EcologicalScience/Bass/data/rs_data_bass/sst_334.asc
NCOLS 226 
NROWS 124 
XLLCORNER -9.41648524995501 
YLLCORNER 47.587301625531 
CELLSIZE 0.0833 
NODATA_value -9999 
[rows 0 to 26 of 124, columns 0 to 61 of 226]
-9999.000000000000000 -9999 -9999 -9999 -9999 -9999 -9999 -9999 -9999 -9999 -9999 -9999 -9999 -9999 -9999 -9999 -9999 -9999 -9999 -9999 -9999 -9999 -9999 -9999 -9999 -9999 -9999 -9999 -9999 -9999 -9999 -9999 -9999 -9999 -9999 -9999 -9999 -9999 -9999 -9999 -9999 -9999 -9999 -9999 -9999 -9999 -9999 -9999 -9999 -9999 -9999 -9999 -9999 -9999 -9999 -9999 -9999 -9999 -9999 -9999 -9999 -9999
-9999 -9999 -9999 -9999 -9999 -9999 -9999 -9999 -9999 -9999 -9999 -9999 -9999 -9999 -9999 -9999 -9999 -9999 -9999 -9999 -9999 -9999 -9999 -9999 -9999 -9999 -9999 -9999 -9999 -9999 -9999 -9999 -9999 -9999 -9999 -9999 -9999 -9999 -9999 -9999 -9999 -9999 -9999 -9999 -9999 -9999 -9999 -9999 -9999 -9999 -9999 -9999 -9999 -9999 -9999 -9999 -9999 -9999 -9999 -9999 -9999 -9999
-9999 -9999 -9999 -9999 -9999 -9999 -9999 -9999 -9999 -9999 -9999 -9999 -9999 -9999 -9999 -9999 -9999 -9999 -9999 -9999 -9999 -9999 -9999 -9999 -9999 -9999 -9999 -9999 -9999 -9999 -9999 -9999 -9999 -9999 -9999 -9999 -9999 -9999 -9999 -9999 -9999 -9999 -9999 -9999 -9999 -9999 -9999 -9999 -9999 -9999 -9999 -9999 -9999 -9999 -9999 -9999 -9999 -9999 -9999 -9999 -9999 -9999
-9999 -9999 -9999 -9999 -9999 -9999 -9999 -9999 -9999 -9999 -9999 -9999 -9999 -9999 -9999 -9999 -9999 -9999 -9999 -9999 -9999 -9999 -9999 -9999 -9999 -9999 -9999 -9999 -9999 -9999 -9999 -9999 -9999 -9999 -9999 -9999 -9999 -9999 -9999 -9999 -9999 -9999 -9999 -9999 -9999 -9999 -9999 -9999 -9999 -9999 -9999 -9999 -9999 -9999 -9999 -9999 -9999 -9999 -9999 -9999 -9999 -9999
-9999 -9999 -9999 -9999 -9999 -9999 -9999 -9999 -9999 -9999 -9999 -9999 -9999 -9999 -9999 -9999 -9999 -9999 -9999 -9999 -9999 -9999 -9999 -9999 -9999 -9999 -9999 -9999 -9999 -9999 -9999 -9999 -9999 -9999 -9999 -9999 -9999 -9999 -9999 -9999 -9999 -9999 -9999 -9999 -9999 -9999 -9999 -9999 -9999 -9999 -9999 -9999 -9999 -9999 -9999 -9999 -9999 -9999 -9999 -9999 -9999 -9999
-9999 -9999 -9999 -9999 -9999 6.91001921836287 7.00120928755496 6.90958890737966 6.91335412848275 9.57665638132021 6.70088808052242 7.45572526357137 6.30607775342651 6.71953488979489 6.94999032747 7.16275520250201 7.02935879770666 6.93971067620441 6.96911526005715 6.92106386693195 7.02362131793052 7.11255225446075 6.92967008659616 8.36457791936118 10.0714944524225 9.86386089885364 9.31939561199397 6.08375041210093 6.20692693104502 7.77343820617534 6.20985543634742 7.87190770283341 10.862539359529 10.6698622399931 12.3249997245148 7.85152877431416 10.4053483322171 12.2299997266382 9.34999979101121 9.7079422131979 8.04248036863282 10.3874578983523 10.9016453716239 12.8799997121096 -9999 -9999 -9999 -9999 -9999 -9999 -9999 -9999 -9999 -9999 -9999 -9999 -9999 -9999 -9999 -9999 -9999 -9999
-9999 -9999 -9999 -9999 -9999 7.6163746973034 7.68002486357 7.52027191105299 7.54214605269954 7.33165226341225 6.92034668195993 8.83881648210809 6.31623787386343 8.99408702854998 7.23985258699395 7.09271013690159 7.00999480346218 7.02649005781859 6.95692311553285 7.01214635837823 7.15199742792174 7.18283638171852 7.21510970545933 8.23136081080884 10.389762452729 9.1054405422936 8.23300009074488 8.09896846497431 8.14128237832338 4.99685658700764 7.95725271450356 8.36021504411474 7.03509627748281 6.77906124247238 11.0213491619535 10.3187744448002 12.0099997315556 -9999 13.2149997046217 10.0014051966369 10.045599728357 8.22101285621258 9.11091646049172 10.4903141764225 10.332409967389 11.3800012082793 -9999 -9999 -9999 -9999 -9999 -9999 -9999 -9999 -9999 -9999 -9999 -9999 -9999 -9999 -9999 -9999
-9999 -9999 -9999 -9999 -9999 7.42165897740051 8.22418896108866 6.90241705765948 9.24904628610238 7.45895259594545 7.25276191649027 7.06952115613967 8.0068819145672 6.43887650407851 7.26674702344462 7.10753195965663 7.14410839322954 7.21224096557125 7.21224096557125 7.19072541641071 7.19359415629879 6.4333780859597 5.41425824072212 10.4908520651516 12.0698310565379 10.9621538790906 9.16625624589506 5.05835519835819 8.38770713470876 8.14859766503796 8.19335000729188 7.24523147428408 6.31719412049279 5.09116641082801 8.17585069397464 11.0710918032885 10.6817587359808 12.3099997248501 12.0549997305498 9.56602125576414 10.5098255920224 10.7422688635997 7.84080236604703 8.19908748706803 9.83293047798798 9.75499978195876 -9999 -9999 -9999 -9999 -9999 -9999 -9999 -9999 -9999 -9999 -9999 -9999 -9999 -9999 -9999 -9999
-9999 -9999 -9999 -9999 -9999 7.41663868259639 7.07113482232671 7.25061036157422 7.14034317212645 7.18534652912058 7.5127414688468 7.60489973775111 7.1943113412708 7.79674671776593 7.4847712549381 7.1584520926699 7.15773490769789 7.06234930641949 6.98345895949751 7.08386485558003 7.07238989602774 7.09820855502039 7.27248450322077 9.59831536747515 9.7353057553887 9.11923580616713 5.26526306278538 5.17418057133909 6.60478529427201 6.57968382025138 6.41831720154732 6.77475813264027 6.28276924183592 5.86393321817741 5.86010823165998 8.25900503154844 10.5585941701196 10.497597313466 9.84530524994231 12.7542344294488 10.0629161075365 10.5273089678958 9.72722157070656 9.71999978274107 9.80977337211371 9.60290857459931 9.33499979134649 -9999 -9999 -9999 -9999 -9999 -9999 -9999 -9999 -9999 -9999 -9999 -9999 -9999 -9999 -9999
-9999 -9999 -9999 -9999 -9999 7.91059983207379 8.4809411810711 7.7001060427865 7.17566453199834 7.48596656322479 7.8035599750001 7.91974394046701 7.57848342461511 8.07609026436694 7.31623278651386 7.09390544518828 7.11613817932084 6.90600298251957 7.02218694798648 7.08314767060801 7.1462599481456 7.05948056653142 7.122592844069 7.49870513439445 7.719905470764 8.95571763254702 8.49564347299747 6.52230902248994 6.91508732549846 7.17064423719421 6.77332376269624 6.8278298205696 6.96983244502917 7.91316974489018 6.35807366389781 6.12534714047797 6.10168003640138 6.06115908548236 8.88830224517733 9.50890630763024 10.3420361834578 10.3248889427632 9.1307225228501 10.0374118665932 10.2215491081588 12.9169573841146 12.0949997296557 -9999 -9999 -9999 -9999 -9999 -9999 -9999 -9999 -9999 -9999 -9999 -9999 -9999 -9999 -9999
-9999 -9999 -9999 -9999 -9999 8.78126238810364 7.89087724534329 8.19729452463798 7.61792859807611 8.01381470263004 8.57058930257335 8.237815475557 8.42177342087962 8.31706441496499 7.17925045685843 7.39177627023309 6.99636828899384 6.89452802296728 6.79268775694072 6.7797784274444 6.89883113279939 6.86942654894665 8.78765728743747 7.57696936745197 7.89763073716313 9.08481092751026 6.96050904039294 6.62319304188713 6.70519119035453 5.34038818860427 6.73746451409534 6.83500167028978 5.85460981354117 5.81875056494027 9.36511072074063 9.98323878745681 8.07343667997047 5.44097338092979 8.47113965312019 8.74506084667519 9.84312489857573 10.6537875259819 10.6218920050388 10.8723227517679 10.3137631581165 12.039999730885 -9999 -9999 -9999 -9999 -9999 -9999 -9999 -9999 -9999 -9999 -9999 -9999 -9999 -9999 -9999 -9999
-9999 -9999 -9999 -9999 -9999 8.12043620180339 9.45989866787568 9.58253729809076 9.15461693145335 8.52062541618943 9.39965513022617 9.44627215340734 7.84575435752049 7.7692546271719 7.64016133220866 7.44628232810646 9.34371470240876 5.39919735630974 6.06833093520254 7.2593361120671 7.14841150306165 7.6215145229362 8.88358931536121 7.12187565909699 8.02026936737821 6.52768790978007 6.65032653999515 6.95010985829867 6.69515060074627 5.30166020011529 6.78981901705265 5.04813531250693 8.93061615852639 7.84537185886875 9.83881139475852 8.66064724405961 10.5975034470321 9.80150519402109 9.71037551935297 7.72346345335245 8.06031219498254 8.36081269825809 10.9025278065894 9.32828725678846 9.92436359319836 10.013613278605 12.2549997260794 -9999 -9999 -9999 -9999 -9999 -9999 -9999 -9999 -9999 -9999 -9999 -9999 -9999 -9999 -9999
-9999 -9999 -9999 -9999 -9999 9.44340341351926 9.40754416491836 9.17565435729921 9.06831567315385 9.21366516081616 9.53018279513344 7.49911495437846 5.84277626150288 5.58100374671631 6.62677896674722 6.62367116520181 6.48142947908491 5.96003600442782 6.52589494735003 8.1062120331917 6.69443341577426 6.26173181599006 5.70364237693138 5.82412945223041 7.23064871318638 7.43385112192482 7.30834375182167 7.85985899530351 6.66144290706143 8.23673969809897 7.54759665848687 7.89887385778129 7.2806125995703 6.88161869347095 6.8116931586992 8.16050293557346 7.96719767944887 9.56402088608593 10.500693436712 7.97942397563851 7.41209651110694 7.56366160186008 7.49597727012588 11.6197319476067 9.97559608414988 12.1299997288734 -9999 -9999 -9999 -9999 -9999 -9999 -9999 -9999 -9999 -9999 -9999 -9999 -9999 -9999 -9999 -9999
-9999 -9999 -9999 -9999 -9999 7.59521774062887 8.56676431605592 7.62342701619491 9.48213140200824 9.31466871104203 5.52004302409478 5.54693746054545 7.40623950050212 5.84994811122306 5.76209295215085 6.84886724641547 6.33799248468131 5.75527969491668 7.46971037052572 8.32746359705925 6.18331959238276 8.3055894554127 6.82065797084942 5.42214727541432 6.48573258891702 6.52840509475209 6.96266059530899 7.38687550625764 6.47138888947666 7.23375651473179 7.59736929554492 7.49122591968626 7.8634449201636 7.45429089362733 7.80929745477624 7.64470350369811 7.38006224902347 8.12019714014605 7.95357116498053 8.00401317467913 7.8673894375097 8.45153659721836 10.7712101661032 10.3321230934002 11.8749997345731 -9999 -9999 -9999 -9999 -9999 -9999 -9999 -9999 -9999 -9999 -9999 -9999 -9999 -9999 -9999 -9999 -9999
-9999 -9999 -9999 -9999 -9999 9.51512191072106 9.17517623398453 6.65140231745318 6.12986540580168 9.36307869665325 7.54214605269954 7.38436535885558 6.01454206230119 6.06474501034245 6.25121310306713 7.70901108952239 7.47042755549774 6.69701528167352 5.24787132721394 5.65881831618026 7.34659361699596 7.82238608051557 7.94711650023237 7.63848790060729 6.6761451989878 7.36787010449916 7.51883754110895 7.52170628099702 7.63143558171578 7.54680775501765 7.50521102664061 7.83977781608701 7.11506240186282 7.68773460201919 8.49815362039953 8.40061646420509 8.4025289574638 8.29995443063256 10.0962466480477 10.6210211375728 9.978874665099 10.5198980565183 9.61863023617692 11.7304127434188 9.77521830782022 11.9824381120805 -9999 -9999 -9999 -9999 -9999 -9999 -9999 -9999 -9999 -9999 -9999 -9999 -9999 -9999 -9999 -9999
-9999 -9999 -9999 -9999 -9999 9.91650643339381 9.31144137866795 9.29638049425557 6.81205175118521 7.40337076061405 8.37515639769845 8.24893184262328 8.22849207092077 8.85423595900647 8.35471662599593 6.92967008659616 6.49828332592733 6.99385814159177 7.51310006133281 5.09439374320209 7.45704010268673 6.88262275243178 7.48405406996608 7.00246436125599 8.13597520953044 8.25251776748337 8.17613756796345 8.596407961566 7.75658435933292 7.84085359354503 7.7397305124905 8.00401317467913 7.92105877958238 8.68247015820816 10.6085531526747 8.49887080537155 8.1105151430238 7.67088075517677 7.67217720493388 11.5788933862001 10.6126757124439 9.67486881954449 12.1383275790414 -9999 -9999 -9999 -9999 13.2249997043982 13.2249997043982 -9999 -9999 -9999 -9999 -9999 -9999 -9999 -9999 -9999 -9999 -9999 -9999 -9999
-9999 -9999 -9999 -9999 -9999 9.13357950560749 9.4527268181555 7.51130709890276 8.64517653966323 8.42571793822572 9.24378692964092 8.77785575948656 6.04824975598603 7.68845178699121 8.12844476732425 7.57908107875846 7.4331339369528 8.27630440238863 8.13525802455842 7.86774802999571 8.06784263718873 7.06478773532435 8.03736227587797 8.09904018347152 7.82973722647876 8.63908046740107 8.44149600761011 8.51715902215801 8.39918209426105 7.70255642477423 7.96146019967273 7.1547864805907 8.15677357371897 8.47233496140689 7.60812707012519 7.67912838235497 7.78148092336154 11.1373480474276 10.7578966524452 -9999 -9999 -9999 -9999 -9999 -9999 -9999 -9999 -9999 -9999 -9999 -9999 -9999 -9999 -9999 -9999 -9999 -9999 -9999 -9999 -9999 -9999 -9999
-9999 -9999 -9999 -9999 -9999 7.8516113681253 6.2899410915561 9.82673878106289 9.46778770256788 4.2301858519204 8.8194524878636 8.88507491280325 8.87467573070899 7.32376322872005 7.02792442776263 8.04106773156673 8.24546544859186 8.07393870945089 8.04094820073806 7.97927029314451 8.81514937803149 8.8273415225558 8.75657927198336 8.35399944102392 8.63908046740107 8.68247015820816 8.48022399609908 7.61142612099647 6.53966489881277 7.92888804886024 7.14912868803367 8.27977079642005 7.69024474942125 7.66370890545659 7.65976438811049 7.71068452112377 7.89500105893239 7.80862509386498 11.090455797533 9.54210095888192 11.6199997402728 -9999 -9999 -9999 -9999 -9999 -9999 -9999 -9999 -9999 -9999 -9999 -9999 -9999 -9999 -9999 -9999 -9999 -9999 -9999 -9999 -9999
-9999 -9999 -9999 -9999 -9999 8.61397899338044 6.55529953120276 9.23577836412005 5.19264808436856 4.90003661578521 8.15282905637287 8.49564347299747 8.39201024454087 7.83069347310811 7.53533279546537 7.56007567699999 8.54979093838483 8.12127291760407 8.43145541800186 8.38161106244661 8.66059601656161 8.74056214094162 8.94209111807868 8.49420910305344 8.23566392064095 8.25180058251135 7.01119011174887 8.19083985988982 7.10705383634195 7.67721588909626 8.38196965493262 8.03748180670664 8.04369740979746 7.41663868259639 7.69526504422538 7.6920377118513 7.92404705029912 7.64936520601623 11.7237045995501 10.0276571818048 9.98956132445057 9.80499978084117 11.7641406939943 7.97012020013348 8.71344358418719 11.8499997351319 -9999 -9999 -9999 -9999 -9999 -9999 -9999 -9999 -9999 -9999 -9999 -9999 -9999 -9999 -9999 -9999
-9999 -9999 -9999 -9999 -9999 8.57489241240546 8.69143497035839 8.72334970161319 5.5447859056294 8.33965574158356 8.10190892335959 8.25108339753933 8.34467603638768 8.22383036860265 8.85244299657643 8.98703470965847 8.57417522743344 8.75060273054987 8.80869471328333 8.74271369585767 8.84240240696818 9.00448621064425 8.75275428546593 8.81873530289158 8.70936459465884 8.50030517531559 7.63035980425775 7.57967873290181 8.13430177792907 7.91460411483422 7.50341806421056 7.90411955357662 6.66251868451945 7.04513686709106 6.87193669634871 6.93014820991084 9.93359934189357 9.99688312018533 8.44805312735428 7.53318124054931 7.89012420112267 7.59772788803093 7.83475752128288 6.1197291915305 6.48250525654294 12.3279213709757 11.5049997428432 -9999 -9999 -9999 -9999 -9999 -9999 -9999 -9999 -9999 -9999 -9999 -9999 -9999 -9999 -9999
-9999 -9999 -9999 -9999 -9999 10.0565965645947 7.07023834111169 8.65772727667354 8.57417522743344 8.34718618378974 8.72119814669713 8.18653675005771 9.34012877754867 8.33929714909755 9.38064972846769 9.01273383782245 9.32829522551037 8.50030517531559 9.03926968178712 8.9230857163202 8.79004790401086 8.69000060041435 8.4450819324702 8.79040649649687 8.73769340105355 8.73482466116548 8.28192235133611 8.43360697291791 8.39487898442894 8.07286293199286 7.0240994412452 8.03664509090595 7.55314288893715 7.47401348035783 7.56485691014677 7.26746420841664 7.5249336133711 7.34778892528266 7.43349252943881 7.45034637628123 7.36978259775788 7.34300769213587 7.37504195421934 8.27551891408595 6.35090181417763 10.4773450815119 -9999 -9999 -9999 -9999 -9999 -9999 -9999 -9999 -9999 -9999 -9999 -9999 -9999 -9999 -9999 -9999
-9999 -9999 -9999 -9999 -9999 9.23326821671799 9.88447217131034 9.39248328050599 9.01309243030846 8.73374888370745 8.41531875613146 9.61373484437354 8.48524429090321 8.19669687049463 8.79721975373104 8.9112521642819 9.06221960089169 9.0224158349447 9.03891108930111 9.08767966739833 9.14505446515977 9.01129946787842 9.27235479769297 8.73016295884736 7.98034607060254 8.64374216971919 8.56090730545111 8.48345132847317 8.63011565525085 7.97783592320047 7.68332903719108 7.6415957021527 7.16323332581669 7.1395662217401 6.39034698763862 6.95046845078468 6.42477186629549 7.59091463079676 7.54501479258761 7.42488630977459 7.09605700010434 7.12904750881717 7.11147647700273 9.8909268360585 9.95958950164039 8.03335255989805 9.84673645244018 -9999 -9999 8.95282327890995 -9999 -9999 -9999 -9999 10.9150669761002 -9999 -9999 -9999 -9999 -9999 -9999 -9999
-9999 -9999 -9999 -9999 -9999 9.6399120958522 9.77474287059158 9.03532516444102 7.64972379850224 7.04513686709106 8.15725169703364 8.10680968733504 8.15414389548823 7.97173985093832 7.62498091696762 8.43647571280599 9.16848250757903 8.7197637767531 9.0543305661995 8.61003447603434 8.82016967283562 8.80008849361911 9.2418744363822 9.12461469345726 8.18976408243179 8.84562973934226 8.68619952006265 8.59999388642609 8.55696278810501 8.33248389186338 7.95560318906792 7.23877680953592 7.55003508739173 7.67984556732699 7.58230841113254 7.66478468291461 7.65474409330636 9.49217199161649 10.8628228092924 7.71498763095587 8.0238552922383 8.04358874540776 10.9441995242739 8.78393073807306 7.94496494531631 10.2332631293684 11.2048097047955 9.76213412597324 9.3969477569568 9.07107683529612 -9999 -9999 -9999 9.72920358439022 9.47859642471446 9.79499978106469 -9999 -9999 -9999 -9999 -9999 -9999
-9999 -9999 -9999 -9999 -9999 8.97818942833692 9.8751487666741 9.88518935628235 9.86223943717778 9.64995268546045 8.71952471509576 6.65498824231327 8.35184788610786 8.40181177249178 8.3892849416472 8.5952126532793 4.97964414767921 8.61003447603434 7.72431103559211 6.843607889954 8.81228063814342 8.87969602551311 9.26984465029091 8.82518996763974 8.8474227017723 8.34754477627575 8.50317391520366 8.52755820425227 7.98931088275276 7.80033264262602 7.4890743647702 7.02971739019267 7.16167942504399 7.50313119022176 7.07382426597178 6.6922818608582 7.71857355581596 7.68988615693524 7.84981840569526 7.79531234782189 8.16509291939437 10.3401236901991 8.78789634909481 9.87895536383327 13.204582201317 9.31248455680907 8.95999979972839 9.56431090759499 9.52710914525336 9.61911239533716 8.60246332873515 8.69087544242763 -9999 10.4258487486066 11.0928011312889 -9999 -9999 -9999 -9999 -9999 -9999 -9999
-9999 -9999 -9999 -9999 -9999 9.64278083574027 9.84789573773742 9.7675710208714 9.81490522902459 9.7596819861792 9.31717885844409 6.06976530514657 6.03534042648971 9.04680012399331 8.66511428188533 8.76595048895106 8.89332253998145 8.35199132310226 9.43479719385505 9.59472944261506 9.5323343500495 9.25119784101844 8.59664702322334 9.15652942471206 8.61362040089443 8.62222662055865 8.58923611184582 8.53975034877658 7.58374278107658 7.79732046574354 7.28503524023108 6.91783653455786 7.4213003849145 7.26459546852857 7.82729879757389 6.5366527219303 7.80248419754207 10.2961363452487 10.9913926324265 9.15184483351186 9.86724684841953 9.48692857259885 9.66775191249326 7.7424797215499 10.5729697444476 9.88518935628235 8.17499981727451 11.5899997409433 9.96739359238538 9.75545856356621 9.37217647006233 9.10746621927498 10.4124306468651 10.6200990426088 11.8801998357551 -9999 -9999 -9999 -9999 -9999 -9999 -9999
-9999 -9999 -9999 -9999 -9999 9.43623156379908 9.53305153502151 9.90742209041491 9.08170312596485 8.7398449559696 9.10178430518135 9.300205480773 9.07740001613274 9.18689025519416 9.08050781767815 9.14505446515977 9.45631274301559 7.12904750881717 8.68964200792834 9.04393138410524 9.04034545924515 8.59784233151004 8.57130648754537 8.57991270720959 8.65521712927148 8.62222662055865 8.59282203670591 8.1818750477396 7.56031473865733 7.31408123159781 7.20076600601897 7.26029235869646 7.54983017739973 7.74391409149393 7.95294960467145 10.1377579972614 9.23122976624196 9.88358621727732 7.8349998248741 9.40012285955574 9.79267249489203 8.15505232978612 6.52015746757388 6.31504256557673 6.83500167028978 10.6741089420184 9.44136099544678 -9999 11.4051092219805 9.31810095340812 8.76271050037159 8.23442263895861 9.86044647474773 10.0831324085593 10.8451957735233 9.87999977916479 -9999 -9999 -9999 -9999 -9999 -9999
-9999 -9999 -9999 -9999 -9999 9.13859980041161 8.79435101384297 8.64732809457928 8.72550125652924 8.67027801368386 8.39487898442894 9.20697143441066 9.04656106233597 9.15724660968408 8.96145511232316 9.53520308993757 9.09054840728641 9.17565435729921 9.15103100659326 8.84694457845762 8.69896541256458 8.50245673023164 8.43002104805782 8.45081941224635 8.46516311168671 8.43647571280599 8.36475721560419 8.36475721560419 7.80979948425666 8.10241095284 7.49481184454635 7.48763999482617 7.58015685621649 7.61027862504125 9.82624358191554 9.29590237094089 4.67316710297018 10.0510025218129 -9999 9.52925842339173 8.80428126730168 6.40469068707898 6.35520492400974 8.36475721560419 7.54128543073311 11.0548933151274 -9999 10.0722551031504 9.64442011567631 9.8925524553284 8.020827177912 10.547868270427 10.1761273932643 7.88872569042724 12.4999997206032 -9999 -9999 -9999 -9999 -9999 -9999 -9999
