EcologicalScience/Bass/data/rs_data_bass/sst_362.asc
NCOLS 226 
NROWS 124 
XLLCORNER -9.41648524995501 
YLLCORNER 47.587301625531 
CELLSIZE 0.0833 
NODATA_value -9999 
[rows 27 to 53 of 124, columns 62 to 123 of 226]
-9999 -9999 -9999 -9999 -9999 -9999 -9999 -9999 -9999 -9999 -9999 -9999 -9999 -9999 -9999 -9999 -9999 -9999 -9999 -9999 -9999 -9999 -9999 -9999 -9999 -9999 -9999 -9999 12.5299997199327 7.42811364214867 11.663090901915 11.4967039884068 11.6491057949606 11.5781044827309 11.3618732136674 11.2844172366895 11.0369884213433 11.2578813927248 11.2284768088721 10.8612781031989 10.8777733575553 10.8566164008807 10.8089236002415 10.9358653402887 10.3262581140734 10.589464998804 10.66799675324 8.50604265509173 8.72478407155722 8.2098452616483 11.0552766381297 10.7651753169484 10.945905929897 11.0796609271783 11.0161900571547 10.7339777706657 10.9430371900089 10.7135379989631 10.4650334061589 10.4112445332576 10.2717520562001 10.4926450275816
-9999 -9999 -9999 -9999 -9999 -9999 -9999 -9999 -9999 -9999 -9999 -9999 -9999 -9999 -9999 -9999 -9999 -9999 -9999 -9999 -9999 -9999 -9999 -9999 -9999 -9999 -9999 -9999 -9999 -9999 9.78499978128821 10.9919850643491 11.4203237888869 11.14779349952 11.305574193364 11.2040925198235 11.5235984248575 11.1323740226217 11.1768394908868 11.0061494675465 10.6816232677083 10.8196813748218 10.6586733486038 11.0459532334935 10.3144245620351 10.8114337476436 8.4250007532537 10.8429898864124 9.49002043670043 9.47495955228806 8.61792351072654 10.8641468430869 10.9799722160678 11.0972319589928 7.44747763639316 10.8939100194257 10.8218329297379 11.145283352118 10.3850672817789 11.0312509415671 10.5794244091958 11.0111697623506
-9999 -9999 -9999 -9999 -9999 -9999 -9999 -9999 -9999 -9999 -9999 -9999 -9999 -9999 -9999 -9999 -9999 -9999 -9999 -9999 -9999 -9999 -9999 -9999 -9999 -9999 -9999 -9999 -9999 -9999 -9999 13.3849997008219 11.5555131561123 11.4773399941623 11.1589098665863 11.1162373607513 10.984633918386 11.0373470138293 10.7311090307776 11.1807840082329 10.8247016696259 11.0319681265391 10.9179357159883 10.985351103358 10.5679494496435 10.4883419177495 10.7497558400501 9.19525741320103 10.9796136235818 9.75035858154297 10.8433484788984 10.7730643516406 10.2846613856964 11.0061494675465 9.42977689905092 11.0957975890487 10.7748573140707 10.5037613946479 10.549302640371 10.8853037997615 10.7296746608336 11.0637633269653
-9999 -9999 -9999 -9999 -9999 -9999 -9999 -9999 -9999 -9999 -9999 -9999 -9999 -9999 -9999 -9999 -9999 -9999 -9999 -9999 -9999 -9999 -9999 -9999 -9999 -9999 -9999 -9999 -9999 -9999 -9999 8.23859133929946 11.2826242742594 11.6103778064717 11.4375362282153 10.9695730339736 10.6375163919292 11.026230646763 11.1384700948838 11.1528137943242 10.945547337411 10.9613254067954 10.7017044469249 10.9935987305362 10.747245692648 10.7433011753019 9.09987181192264 8.54405345860869 10.9276177131105 11.1008178838529 10.5765556693077 10.7332605856936 10.8544648459647 10.8734702477232 10.9918057681061 10.9337137853727 9.54022338474169 9.67505415948108 9.24474317627028 10.2318765717559 10.0908780062571 10.9735175513197
-9999 -9999 -9999 -9999 -9999 -9999 -9999 -9999 -9999 -9999 -9999 -9999 -9999 -9999 -9999 -9999 -9999 -9999 -9999 -9999 -9999 -9999 -9999 -9999 -9999 -9999 -9999 -9999 -9999 -9999 -9999 9.41499978955835 9.89606666169129 11.4002426096704 11.0169072421268 11.1538895717822 11.0846812219825 9.98487806739286 10.9509262247011 11.263977464987 10.9979018403683 10.9745933287777 11.0771507797763 9.27486494509503 10.6794717127923 8.28012938890606 10.8745460251812 7.84838403575122 10.8404797390103 10.9796136235818 11.0025635426864 11.0312509415671 11.1976378550753 11.1754051209427 11.2101885920856 10.9218802333344 10.9412442275789 10.9528984833742 10.786690866109 10.8845866147894 10.7386394729838 10.8969580555568
-9999 -9999 -9999 -9999 -9999 -9999 -9999 -9999 -9999 -9999 -9999 -9999 -9999 -9999 -9999 -9999 -9999 -9999 -9999 -9999 -9999 -9999 -9999 -9999 -9999 -9999 -9999 -9999 -9999 -9999 -9999 -9999 9.14093065157067 11.3489638841711 11.4938352485187 11.2966093812138 10.3800469869748 10.9100466812961 10.2624286515638 9.27486494509503 11.0979491439648 11.0897015167866 10.9121982362121 10.9218802333344 8.19765311712399 7.86846521496773 7.98034607060254 7.19502852624282 11.1771980833728 11.267204797361 8.17255164310336 10.9182943084743 10.9390926726628 11.1158787682652 11.3204557815334 10.8598437332548 10.7400738429278 10.9681386640295 10.906819348922 10.7121036290191 10.427381195128 10.8013931580354
-9999 -9999 -9999 -9999 -9999 -9999 -9999 -9999 -9999 -9999 -9999 -9999 -9999 -9999 -9999 -9999 -9999 -9999 -9999 -9999 -9999 -9999 -9999 -9999 -9999 -9999 -9999 -9999 -9999 -9999 -9999 -9999 9.91760987519209 9.59652240504511 10.8006759730633 11.0348368664272 11.3952223148663 11.3295998899266 11.2008651874494 11.1122928434052 10.0924558131956 11.0889843318146 11.0043565051164 10.5934095161501 10.7443769527599 10.8372524066363 10.9147083836142 8.5246894643642 11.0201345745008 6.82280952576548 9.58970914781094 9.64493239065632 10.9369411177468 10.8698843228631 10.9322794154286 11.0108111698646 11.0724890774582 10.8967787593137 9.32506789313629 10.9781792536378 10.6859263775405 10.1271675658412
-9999 -9999 -9999 -9999 -9999 -9999 -9999 -9999 -9999 -9999 -9999 -9999 -9999 -9999 -9999 -9999 -9999 -9999 -9999 -9999 -9999 -9999 -9999 -9999 -9999 -9999 -9999 -9999 -9999 -9999 -9999 -9999 -9999 8.50938569932957 11.4622791097499 11.4863048063125 10.50985746691 11.2532196904067 10.9351481553167 11.0298165716231 11.0746406323742 11.028023609193 11.0151142796967 10.9684972565155 10.9294106755406 10.9279763055965 11.1158787682652 8.3253120421432 7.57011626660824 6.58972440985963 6.66718038683757 10.9735175513197 8.6602374240756 11.2148502944037 10.8591265482828 10.8390453690663 10.7676854643505 10.9182943084743 9.7876522000879 10.3628345476463 10.9197286784183 10.9979018403683
-9999 -9999 -9999 -9999 -9999 -9999 -9999 11.411598038394 11.3343811230734 12.4358903085813 13.1951958462757 8.10388896911193 14.3765039937434 8.28814006812443 8.41999981179833 -9999 -9999 -9999 -9999 -9999 -9999 -9999 -9999 -9999 -9999 -9999 -9999 -9999 -9999 -9999 -9999 -9999 -9999 -9999 11.7222586621065 11.1573559658136 11.0179830195848 10.3549455129541 10.3951078713872 10.5227667964064 10.9996948027983 10.868808545405 11.0448774560355 8.82016967283562 10.5281456836965 10.509140281938 7.80535293743014 10.5801415941678 11.1252021729015 9.24474317627028 10.8046204904094 10.9125568286981 10.6522186838556 10.6722998630721 10.7210684411693 11.0749992248602 9.31502730352804 8.37479780521244 10.8695257303771 11.1553239417262 10.2971404042095 11.1420560197439
-9999 -9999 -9999 -9999 16.7299996260554 16.7500839084387 11.744030348757 11.4934254285347 11.9657429601066 12.6292694564909 13.2096285755746 19.8118539399687 19.7799995578825 -9999 -9999 -9999 -9999 -9999 -9999 -9999 -9999 -9999 -9999 -9999 -9999 -9999 -9999 -9999 -9999 -9999 -9999 -9999 -9999 -9999 11.3159733754583 11.3794442454819 11.3353373697028 11.2937406413257 11.2725836846512 11.2632602800149 10.6253242474049 11.1205404705834 10.9258247506805 10.7895596059971 7.98464918043464 10.66799675324 10.6414609092753 11.1241263954435 10.4252296402119 10.7931455308571 10.8813592824154 9.87012847186998 10.1609469780233 11.184728525579 9.20027770800516 8.7276528114453 10.9821237709839 11.3798028379679 11.0147556872107 11.5309495708207 11.423551121261 9.92606889968738
12.3852961687371 12.898800608702 11.7442045222502 10.8297219644301 12.5656681891996 12.3935437959153 12.062562931329 11.7797529906966 11.4997520245379 15.4546484656002 -9999 -9999 -9999 -9999 -9999 -9999 -9999 -9999 -9999 -9999 -9999 -9999 -9999 -9999 -9999 -9999 -9999 -9999 -9999 -9999 -9999 -9999 -9999 -9999 13.3399997018278 11.4583345924038 11.4454252629075 11.3174077454023 10.7827463487629 10.8053376753815 10.6224555075169 11.1402630573139 11.0852191107115 10.5525299727451 7.24523147428408 10.6002227733843 9.58253729809076 9.55026397434995 10.8028275279794 9.66931667970493 11.0448774560355 10.7648167244624 10.6446882416494 10.4133960881736 7.56007567699999 11.145283352118 9.74031799193472 11.3303170748986 11.2609891942702 11.3674313972006 11.2195119967218 10.2832270157523
12.6861552644987 12.6101336574648 9.80988493422046 12.6707357876003 12.779030718375 12.7851267906372 12.778672125889 12.5922040331643 12.792418171186 14.2649996811524 -9999 -9999 -9999 -9999 -9999 -9999 -9999 -9999 -9999 -9999 -9999 -9999 -9999 -9999 -9999 -9999 -9999 -9999 -9999 -9999 -9999 -9999 -9999 -9999 -9999 11.5966317611746 8.53975034877658 11.4378948207013 11.2363658435643 11.3303170748986 11.4529557051137 11.1728949735407 11.3704794333316 11.5232398323715 11.3434654660523 10.50985746691 11.3441826510243 11.2625430950429 11.0472083071945 11.0109904661076 10.5051957645919 11.3595423625084 10.8598437332548 7.82113100681454 7.42022460745648 8.99516280600801 10.0099795414135 10.9315622304566 10.9595324443653 9.67505415948108 11.184728525579 10.0551621946506
13.0300454585813 12.9622714787256 13.2111346640158 12.977690955624 12.9310739324428 12.9188817879185 12.9016693485901 12.1167103967164 8.02348791072077 -9999 -9999 -9999 -9999 -9999 -9999 -9999 -9999 -9999 -9999 -9999 -9999 -9999 -9999 -9999 -9999 -9999 -9999 -9999 -9999 -9999 -9999 -9999 -9999 -9999 -9999 -9999 10.9707120924585 11.1014155379962 11.1965620776173 11.5971098844893 10.9236731957644 11.4508041501977 9.27988523989916 9.00520339561626 11.8904385380447 11.8533839811571 9.22035888722166 11.0402157537173 11.1999687062344 10.7673268718645 10.8235063613392 11.0559938231017 10.349566625664 10.5195394640323 6.30141605110839 6.31504256557673 6.2698599123396 10.8028275279794 10.908612311352 11.1361392437248 11.3152561904863 7.11972410418093
12.1938077812083 13.4227042307612 13.2839289386757 13.1598559385166 12.9945448024664 12.9705191059038 11.7556077633053 12.3697571610101 12.7897884929553 -9999 -9999 -9999 -9999 -9999 -9999 -9999 -9999 -9999 -9999 -9999 -9999 -9999 -9999 -9999 -9999 -9999 -9999 -9999 -9999 -9999 -9999 -9999 -9999 -9999 -9999 -9999 -9999 -9999 -9999 -9999 5.5870424441807 13.0049439845607 9.70015563350171 9.23470258666202 11.3181249303743 11.3396404795349 11.9162571970373 11.2679219823331 11.4174550489988 11.2793969418854 11.0047150976025 11.4310815634672 10.5765556693077 10.9774620686658 11.3469318600837 10.9742347362917 11.3588251775363 11.187238672981 10.905026386492 8.04489271808416 9.62485121143982 7.97173985093832
11.9349040063098 13.3169194473885 13.29791404563 13.1734824529849 13.0727179644164 13.0321970134974 13.0745109268464 13.2963166791014 15.5949996514246 -9999 -9999 -9999 -9999 -9999 -9999 -9999 -9999 -9999 -9999 -9999 -9999 -9999 -9999 -9999 -9999 -9999 -9999 -9999 -9999 -9999 -9999 -9999 -9999 -9999 -9999 -9999 -9999 -9999 -9999 -9999 -9999 -9999 -9999 10.6046774011682 10.2258522179909 11.6387066128664 11.2772453869693 11.4178136414848 11.1725363810547 11.1144443983212 11.2489165805746 11.3704794333316 11.067468782654 11.2302697713021 10.825956743327 11.3088015257381 11.384823132772 11.3353373697028 11.1696676411666 8.84957425668836 11.4603068510769 11.5187574262964
13.1200521725696 13.1261482448317 13.1878261524253 13.2376705079805 12.6649983078241 13.2753227190115 13.136547426926 13.0920819586609 12.9472105943132 15.3599996566772 -9999 -9999 -9999 -9999 -9999 16.1899624452926 -9999 -9999 -9999 -9999 -9999 -9999 -9999 -9999 -9999 -9999 -9999 -9999 -9999 -9999 -9999 -9999 -9999 -9999 -9999 -9999 -9999 -9999 -9999 -9999 -9999 -9999 -9999 -9999 5.02479135794143 12.0376407535514 11.1538895717822 11.9148228270933 11.3353373697028 11.5397350867279 11.5336390144657 11.3891262426041 11.0083010224625 11.3242210026365 10.5231253888924 11.505310208071 11.4300057860091 11.2851344216615 11.2951750112697 8.01979124406353 7.4252449022606 7.24092836445197
13.178502747789 13.1849574125372 13.1523254963104 13.1412091292441 13.2778328664135 13.3574403983075 12.6377452788875 12.2282326598652 13.0881374413148 12.9951424566098 14.7149996710941 -9999 -9999 -9999 -9999 -9999 -9999 -9999 -9999 -9999 -9999 -9999 -9999 -9999 -9999 -9999 -9999 -9999 -9999 -9999 -9999 -9999 -9999 -9999 -9999 -9999 -9999 -9999 -9999 -9999 -9999 -9999 -9999 -9999 -9999 10.9849997544661 11.105120993685 11.5010070982389 11.7505874685012 12.0342341249343 11.8750190611463 11.4357432657853 11.4013183871284 11.2514267279766 11.0394985687453 10.50806450448 11.3152561904863 11.5390179017559 11.1342865158804 11.146717722062 11.6139637313318 11.8925900929607
13.4438611874357 13.2767570889555 13.2839289386757 13.1598559385166 13.0595934794284 12.9515854226425 13.0998992748559 13.3717840977479 13.2703024242073 13.1996597044636 12.4674138480332 15.9949533315375 15.9899996425956 -9999 13.868087254595 21.654999515973 21.3270559448616 19.5489361617578 -9999 -9999 -9999 -9999 -9999 -9999 -9999 -9999 -9999 -9999 -9999 -9999 -9999 -9999 -9999 -9999 -9999 -9999 -9999 -9999 -9999 -9999 -9999 -9999 -9999 -9999 -9999 8.8399998024106 12.7499997150153 11.9350833025528 11.4988555433229 11.7007431129459 11.8000732315704 11.6430097226985 8.46229437179863 11.4533142975997 11.187238672981 11.0904187017586 11.7197485147044 11.5727255954407 11.5547959711403 11.7699514627457 11.5809732226189 11.78214360727
13.4718314013444 13.3470412162133 13.2889492334798 13.3248084820807 13.3298287768848 12.897366238758 13.0347071608994 12.5136722787283 12.7288277703337 12.9671722427011 13.1232795049436 12.8160852752626 15.1249996619299 11.0893429243006 11.1610614215024 11.1696676411666 12.5562252537347 11.0570511435936 -9999 -9999 -9999 -9999 -9999 -9999 -9999 -9999 -9999 -9999 -9999 -9999 -9999 -9999 -9999 -9999 -9999 -9999 -9999 -9999 -9999 -9999 -9999 -9999 -9999 -9999 -9999 -9999 -9999 -9999 11.6512573498767 11.5885036648251 12.0998565498739 11.1789910458028 12.3358104056679 9.54524367954582 11.7348093991168 11.7197485147044 11.6774346013553 11.7297891043127 10.0020905067213 11.8359324801713 11.7057634077501 11.82212666946
13.3398693664931 13.0902889962308 12.4627521457151 13.2380291004665 12.6355937239714 11.1897488203831 11.7685170928016 12.6850794870406 12.6047547701746 12.3903164635412 12.1765953418799 12.1464735730551 12.5125965012703 12.4358577092644 11.4106417917646 11.4802087340504 15.6149996509776 16.9930122235935 -9999 -9999 -9999 -9999 -9999 -9999 -9999 -9999 -9999 -9999 -9999 -9999 -9999 -9999 -9999 -9999 -9999 -9999 -9999 -9999 -9999 -9999 -9999 -9999 -9999 -9999 -9999 -9999 -9999 -9999 11.8201544107869 12.0080568734556 12.2167577003129 12.2059999257326 12.2267982899211 12.2698293882422 11.9700460699387 11.7294305118266 11.8323465553112 11.8502761796117 11.903347867541 11.785012347158 12.0977049949579 11.8102931174217
12.8301899130456 12.0202490179799 12.750821442809 13.0468993054237 12.1385845383629 12.6728873425163 12.6900997818448 12.5222784983926 12.8876842416357 12.6499374234118 12.1199377290905 12.1579485326074 11.9191259369254 11.7498702835292 10.4724613933691 14.4052367759869 15.3030735792709 -9999 -9999 -9999 -9999 -9999 -9999 -9999 -9999 -9999 -9999 -9999 -9999 -9999 -9999 -9999 -9999 -9999 -9999 -9999 -9999 -9999 -9999 -9999 -9999 -9999 -9999 -9999 -9999 -9999 -9999 -9999 11.7699514627457 11.9485305207781 12.0345927174203 12.1522110528313 12.1981108910404 12.143604833167 12.0080568734556 12.0374614573084 11.8660542489961 11.8000732315704 11.9879756942391 12.0001678387634 11.9951475439593 12.0059053185396
12.0747550758533 13.1265068373177 13.3402279589791 12.4302397603169 13.0596891040914 13.1541184587404 13.0655461146962 13.1049912881572 13.0081713169347 12.1314126886427 12.2016968159005 12.5638752267696 12.3551743999124 10.8648640280589 10.8003173805773 6.69999985024333 -9999 -9999 -9999 -9999 -9999 -9999 -9999 -9999 -9999 -9999 -9999 -9999 -9999 -9999 -9999 -9999 -9999 -9999 -9999 -9999 -9999 -9999 -9999 -9999 -9999 -9999 -9999 -9999 -9999 -9999 -9999 -9999 11.6446512794122 11.0914944792166 11.5067445780151 12.0898159602657 12.101290919818 12.1185033591464 12.0905331452377 11.8409527749754 11.7061220002361 11.8682058039121 11.8427457374055 11.7290719193406 11.4680165895261 12.0711691509932
13.335924849147 13.1342763411812 13.3279162836261 13.1302122930065 13.2283471033443 13.3025757479481 13.0468993054237 12.9995650972705 12.8439359583426 11.8301950003952 12.3953367583454 12.4390850416385 11.6903439308517 10.9953916929662 11.0126041322947 -9999 -9999 -9999 -9999 -9999 -9999 -9999 -9999 -9999 -9999 -9999 -9999 -9999 -9999 -9999 -9999 -9999 -9999 -9999 -9999 -9999 -9999 -9999 -9999 -9999 -9999 -9999 -9999 -9999 -9999 -9999 -9999 -9999 -9999 13.9984647172256 11.8280434454791 11.8567308443598 11.9951475439593 12.0259864977561 12.0532395266928 12.0446333070286 11.9650257751346 11.4845118438825 12.0740378908813 11.9765007346869 12.0295724226162 11.9399243011139
13.5639896702487 13.3226569271646 13.5008773927111 13.4607150342781 13.6091723234858 13.5001602077391 13.0436719730496 10.0652027842589 13.1211279500276 12.8672444699332 12.5065004290082 11.8875697981566 11.5390179017559 11.1553239417262 12.6575656635687 14.7573755941687 -9999 -9999 -9999 -9999 -9999 -9999 -9999 -9999 -9999 -9999 -9999 -9999 -9999 -9999 -9999 -9999 -9999 -9999 -9999 -9999 -9999 -9999 -9999 -9999 -9999 -9999 -9999 -9999 -9999 -9999 5.59172856955462 8.1022675158456 8.31499981414527 -9999 11.5949583295733 11.6501815724187 11.6781517863274 11.7147282199003 11.8789635784924 11.8911557230167 11.6365550579503 12.0810304443585 12.0672246336471 11.5488194297068 11.9700460699387 11.9772179196589
13.7563147735782 12.0274208677001 13.576898999745 13.6635588505305 13.6608096414711 12.6750388974324 12.5423596776091 12.3766899490729 12.3752555791289 12.8070009322837 12.8019806374796 12.2404248043895 12.1522110528313 11.2449720632285 12.58001188864 -9999 -9999 -9999 -9999 -9999 -9999 -9999 -9999 -9999 -9999 -9999 -9999 -9999 -9999 -9999 -9999 -9999 -9999 -9999 -9999 -9999 -9999 -9999 -9999 -9999 -9999 -9999 -9999 -9999 -9999 -9999 -9999 -9999 12.2211504582665 11.224890884012 11.2880031615496 11.4099246067926 11.4199651964009 11.464430664666 11.6982329655439 11.7534562083893 11.5598162659444 11.7921841968782 11.8703573588282 11.9399243011139 11.9693288849667 11.7957701217383
13.7827310867142 13.5880153668113 13.922462625429 13.5399639736861 13.7038407397922 13.4732657712884 12.9748222157359 12.4555802959949 12.6657154927962 12.6305734291673 12.5667439666577 11.6932126707397 11.6336863180622 11.2700735372491 15.0599996633828 -9999 -9999 -9999 -9999 -9999 -9999 -9999 -9999 -9999 -9999 -9999 -9999 -9999 -9999 -9999 -9999 -9999 -9999 -9999 -9999 -9999 -9999 -9999 -9999 -9999 -9999 -9999 -9999 -9999 -9999 -9999 -9999 -9999 -9999 -9999 10.8706015078351 11.2083956296556 11.3102358956821 11.3360545546748 11.5662709306926 12.0890987752937 11.9291665265337 11.9980162838474 11.9506820756942 11.8050935263745 11.5777458902448 11.4837946589105
13.617061358178 13.6120410633739 13.975295251701 13.7013305923901 12.3207495212555 12.4132663826458 12.9913174700923 12.5215613134205 12.3616290646605 12.2784356079064 12.4498428162187 12.1098971394822 11.6451612776145 11.3547013639472 16.6358983909837 -9999 -9999 -9999 -9999 -9999 -9999 -9999 -9999 -9999 -9999 -9999 -9999 -9999 -9999 -9999 -9999 -9999 -9999 -9999 -9999 -9999 -9999 -9999 -9999 -9999 -9999 -9999 -9999 -9999 -9999 -9999 -9999 -9999 -9999 -9999 -9999 -9999 14.1999996826053 11.3249381876085 11.7936185668223 11.8760948386043 12.1170689892024 12.061128561385 10.7433011753019 11.4665822195821 10.7350535481237 10.8397625540383
