EcologicalScience/Bass/data/rs_data_bass/sst_164.asc
NCOLS 226 
NROWS 124 
XLLCORNER -9.41648524995501 
YLLCORNER 47.587301625531 
CELLSIZE 0.0833 
NODATA_value -9999 
[rows 0 to 26 of 124, columns 0 to 61 of 226]
-9999.000000000000000 -9999 -9999 -9999 -9999 -9999 -9999 -9999 -9999 -9999 -9999 -9999 -9999 -9999 -9999 -9999 -9999 -9999 -9999 -9999 -9999 -9999 -9999 -9999 -9999 -9999 -9999 -9999 -9999 -9999 -9999 -9999 -9999 -9999 -9999 -9999 -9999 -9999 -9999 -9999 -9999 -9999 -9999 -9999 -9999 -9999 -9999 -9999 -9999 -9999 -9999 -9999 -9999 -9999 -9999 -9999 -9999 -9999 -9999 -9999 -9999 -9999
-9999 -9999 -9999 -9999 -9999 -9999 -9999 -9999 -9999 -9999 -9999 -9999 -9999 -9999 -9999 -9999 -9999 -9999 -9999 -9999 -9999 -9999 -9999 -9999 -9999 -9999 -9999 -9999 -9999 -9999 -9999 -9999 -9999 -9999 -9999 -9999 -9999 -9999 -9999 -9999 -9999 -9999 -9999 -9999 -9999 -9999 -9999 -9999 -9999 -9999 -9999 -9999 -9999 -9999 -9999 -9999 -9999 -9999 -9999 -9999 -9999 -9999
-9999 -9999 -9999 -9999 -9999 -9999 -9999 -9999 -9999 -9999 -9999 -9999 -9999 -9999 -9999 -9999 -9999 -9999 -9999 -9999 -9999 -9999 -9999 -9999 -9999 -9999 -9999 -9999 -9999 -9999 -9999 -9999 -9999 -9999 -9999 -9999 -9999 -9999 -9999 -9999 -9999 -9999 -9999 -9999 -9999 -9999 -9999 -9999 -9999 -9999 -9999 -9999 -9999 -9999 -9999 -9999 -9999 -9999 -9999 -9999 -9999 -9999
-9999 -9999 -9999 -9999 -9999 -9999 -9999 -9999 -9999 -9999 -9999 -9999 -9999 -9999 -9999 -9999 -9999 -9999 -9999 -9999 -9999 -9999 -9999 -9999 -9999 -9999 -9999 -9999 -9999 -9999 -9999 -9999 -9999 -9999 -9999 -9999 -9999 -9999 -9999 -9999 -9999 -9999 -9999 -9999 -9999 -9999 -9999 -9999 -9999 -9999 -9999 -9999 -9999 -9999 -9999 -9999 -9999 -9999 -9999 -9999 -9999 -9999
-9999 -9999 -9999 -9999 -9999 -9999 -9999 -9999 -9999 -9999 -9999 -9999 -9999 -9999 -9999 -9999 -9999 -9999 -9999 -9999 -9999 -9999 -9999 -9999 -9999 -9999 -9999 -9999 -9999 -9999 -9999 -9999 -9999 -9999 -9999 -9999 -9999 -9999 -9999 -9999 -9999 -9999 -9999 -9999 -9999 -9999 -9999 -9999 -9999 -9999 -9999 -9999 -9999 -9999 -9999 -9999 -9999 -9999 -9999 -9999 -9999 -9999
-9999 -9999 -9999 -9999 -9999 15.0560930045322 15.2755516059697 15.4785149530508 15.1206396520138 15.1952268891037 15.3630481725559 15.6441846815869 15.2411267273128 16.084536254406 15.966917918995 15.5351725658402 14.0627918182872 14.6745505994186 14.054185598623 14.0305184945464 13.8626972110942 13.9688405869529 14.1251869108528 14.1610461594537 14.5718736175913 9.85817538900301 11.9463952655206 13.1060670656152 13.1053498806432 13.53422649391 13.5865809968673 11.8349394548255 11.9084978660103 12.3264293373954 12.3249997245148 7.24356078324421 10.0895518019154 12.2299997266382 9.98499977681786 10.6539013101361 12.7199607561342 13.694875927642 10.4218092195761 9.59499978553504 -9999 -9999 -9999 -9999 -9999 -9999 -9999 -9999 -9999 -9999 -9999 -9999 -9999 -9999 -9999 -9999 -9999 -9999
-9999 -9999 -9999 -9999 -9999 15.446958814282 15.486403987743 14.8265938134864 14.2671895353124 14.3252815180458 15.7424390227534 15.8012481904589 16.2781761968508 15.2956327851862 16.6927091106772 15.5115054617636 14.9011810505763 14.1703695640899 13.6202886905521 13.9071626793593 13.7536850953475 13.814645817969 13.8626972110942 13.7572710202076 12.405763524477 13.4487711460903 13.3678395804018 13.6762291183695 13.6238746154122 13.8720206157304 13.9544968875125 13.854808176402 13.1963526848704 11.3516732496209 12.415497624781 11.3484805638639 12.0099997315556 -9999 10.0000667868493 10.6285239957416 10.6920378731353 13.5500045632944 10.4857490182353 10.2458029999398 10.1665649269708 10.9989390594945 10.9449997553602 -9999 -9999 -9999 -9999 -9999 -9999 -9999 -9999 -9999 -9999 -9999 -9999 -9999 -9999 -9999
-9999 -9999 -9999 -9999 -9999 14.3984343851916 14.4299905239604 14.1402477952652 15.0761741837487 15.4598681437783 15.6599627509713 16.1103549133986 15.9059571963735 15.3953214962967 15.1357005364262 16.684820075985 14.4378795586526 14.7462690966204 14.5805993680842 13.9078798643313 13.8246864075772 13.7400585808791 13.7486648005433 13.9946592459455 12.2814343421773 12.1651203823276 13.6869868929498 13.6783806732856 13.8670003209263 14.095065142028 14.052751228679 13.8999908296391 14.4407482985407 13.6697744536214 13.9552140724845 12.60461596018 8.55413179479441 12.3099997248501 12.0549997305498 8.62829009350389 10.0275107296184 10.7581689714526 8.79096999897489 12.2473575924523 10.4158410369419 12.1599997282028 -9999 -9999 -9999 -9999 -9999 -9999 -9999 -9999 -9999 -9999 -9999 -9999 -9999 -9999 -9999 -9999
-9999 -9999 -9999 -9999 -9999 15.1435895711184 14.9822229524143 15.5868098838255 14.9980010217987 15.207419033628 15.7632373869419 15.4125339356251 15.6420331266709 16.1196783180349 15.0474867848679 16.2272560638376 13.813928632997 13.695593112614 13.7371898409911 13.8569597313181 13.4589220718481 13.576540407259 13.8433332168497 13.2589929688794 13.0895260334946 13.2351603605784 13.4065675688908 13.5844294419512 14.4543748130091 14.2772301249206 14.6860255589709 14.0505996737629 14.3876766106114 14.413495269604 14.7190160676837 14.664629540639 13.2114932565019 9.42447838593868 13.2497783930682 12.9120758488983 11.0198556692339 11.0766418097961 10.4639576287009 8.00278990647304 10.0325310244225 10.2465708949603 9.33499979134649 -9999 -9999 -9999 -9999 -9999 -9999 -9999 -9999 -9999 -9999 -9999 -9999 -9999 -9999 -9999
-9999 -9999 -9999 -9999 -9999 14.7096926630475 14.7218848075718 14.7125614029355 14.7147129578516 15.4699087333865 15.4304635599256 15.3494216580875 14.9097872702405 16.3140354454517 17.0147251631133 13.8003021185286 13.7802209393121 14.1086916564964 13.5141453146935 14.172521119006 14.1294900206849 13.6812494131736 14.0513168587349 13.734321101103 12.4280514266843 12.3767451171477 13.4044160139747 13.8734549856745 14.33388773771 14.4572435528971 14.213400662411 15.4598681437783 15.2597735365853 14.0326700494625 14.0104373153299 14.5017090211622 14.5526291541755 13.6134754333179 13.496574282879 14.89185764594 13.050778624136 12.4334934451882 11.3712789182185 12.5050660590641 12.101144555538 12.8080524632747 12.0949997296557 -9999 -9999 -9999 -9999 -9999 -9999 -9999 -9999 -9999 -9999 -9999 -9999 -9999 -9999 -9999
-9999 -9999 -9999 -9999 -9999 14.7598956110887 14.7828455301933 14.8660389869474 14.9226965997368 14.7885830099694 15.2468642070889 14.8208563337103 14.8445234377868 15.6958219995722 14.1639148993418 14.5052949460223 13.9788811765611 14.0240638297983 13.9222235637717 13.813211448025 14.1517227548175 13.7013305923901 13.5306405690499 13.4940641354769 14.052392636193 13.2351603605784 13.654713569209 14.1868648184463 14.4837793968618 14.612155506853 15.1629535653628 15.170842600055 14.5906399576925 14.5031433911063 13.3279162836261 13.1250724673737 13.6102481009439 13.4133808261249 13.4101534937508 13.3549302509055 14.1376181170344 14.3525345469825 13.8202637669165 12.4123836934495 12.8053031066357 12.039999730885 -9999 -9999 -9999 -9999 -9999 -9999 -9999 -9999 -9999 -9999 -9999 -9999 -9999 -9999 -9999 -9999
-9999 -9999 -9999 -9999 -9999 14.4493545182049 14.81009855913 15.0969725479372 14.9628589581698 15.0044556865469 15.04820396984 14.5468916743994 14.3173924833536 14.8925748309121 14.6028321022168 14.8158360389061 14.2872707145289 14.0764183327556 13.4768516961485 13.4474471122958 14.5655384836718 13.574388852343 13.8447675867938 13.7214117716067 13.7257148814388 13.7249976964667 15.9963225028478 16.1454969770275 14.6695303046145 14.450788888149 14.2047944427468 14.7799767903052 14.6975005185232 14.2055116277188 14.2836847896688 14.0405590841547 13.9853358413093 12.7948087877594 13.7285836213268 13.8999908296391 14.2951597492211 13.6905728178099 12.8383363987534 12.7223731055856 12.3076011301018 13.0199740223076 12.2549997260794 -9999 -9999 -9999 -9999 -9999 -9999 -9999 -9999 -9999 -9999 -9999 -9999 -9999 -9999 -9999
-9999 -9999 -9999 -9999 -9999 14.5468916743994 14.9183934899047 15.3085421146825 14.8660389869474 14.5884884027764 14.5390026397072 14.4658497725613 15.449110369198 15.0969725479372 14.9807885824703 14.6286507612094 14.3195440382697 14.0082857604139 13.5700857425109 13.5127109447494 13.5829950720072 13.6719260085374 13.5700857425109 13.8268379624933 15.9862819132395 16.1469313469715 14.3453626972623 14.610721136909 14.5619525588118 14.5598010038957 14.4723044373095 14.1366618704051 14.572710333392 14.7419659867883 14.49023406161 14.4235358592123 14.2879878995009 14.053468413651 13.9688405869529 14.0678121130913 14.1861476334743 14.3066347087733 13.4668111065403 14.293008194305 11.2566514638088 12.1299997288734 -9999 -9999 -9999 -9999 -9999 -9999 -9999 -9999 -9999 -9999 -9999 -9999 -9999 -9999 -9999 -9999
-9999 -9999 -9999 -9999 -9999 15.0525070796721 15.1500442358665 15.4964445773512 15.2023987388238 14.3353221076541 14.7068239231594 14.9556871084496 14.7971892296337 15.0381633802317 14.5884884027764 14.2865535295568 14.3575548417866 14.1259040958248 14.0800042576157 14.0283669396304 13.8971220897511 13.3140507075004 13.7637256849557 16.1297189076431 14.9377574841492 15.448393184226 16.5471205613576 14.2241584369913 14.6781365242787 14.5791649981402 14.571275963448 14.5275276801549 14.572710333392 14.7469862815924 14.6272163912654 14.6229132814333 14.3489486221224 14.7634815359488 14.0190435349941 14.7233191775158 14.6673787496984 15.248298577033 8.56980691896752 13.334285727883 11.8749997345731 -9999 -9999 -9999 -9999 -9999 -9999 -9999 -9999 -9999 -9999 -9999 -9999 -9999 -9999 -9999 -9999 -9999
-9999 -9999 -9999 -9999 -9999 15.2009643688798 14.8036438943818 15.0467695998959 15.2404095423408 15.4828180628829 14.3467970672064 14.4866481367499 15.0245368657634 14.8086641891859 14.7498550214805 14.4256874141283 14.4773247321136 14.3439283273183 14.1854304485023 14.7821283452213 14.8710592817515 15.4110995656811 14.2306131017394 14.5963774374686 14.0613574483432 13.9839014713652 13.8999908296391 17.0871608452871 15.4699087333865 14.5461744894274 15.127811501734 15.0682851490565 14.7254707324319 14.4708700673655 14.4013031250797 14.1818445236422 13.973860881757 14.0312356795184 12.6549577182159 12.5542208136847 12.6016238336301 11.7356062713079 12.4210218349011 13.0047568928288 12.681670930507 11.7941255231665 -9999 -9999 -9999 -9999 -9999 -9999 -9999 -9999 -9999 -9999 -9999 -9999 -9999 -9999 -9999 -9999
-9999 -9999 -9999 -9999 -9999 14.3883937955834 14.1911679282784 15.4541306640022 15.36806846736 15.369502837304 15.4046449009329 15.3494216580875 15.0474867848679 15.8751182425767 14.9901119871065 15.4677571784705 15.248298577033 15.2052674787119 14.4651325875893 14.3303018128499 14.3690298013389 14.3116550035775 14.2040772577748 14.1144291362725 13.8605456561781 14.9822229524143 16.0888393642381 16.1512344568036 15.6040223231539 14.132358760573 14.1158635062166 14.1094088414684 13.9609515522607 14.1008026218042 13.124415047816 14.2600176855922 13.9401531880721 14.5146183506586 13.3882076336071 12.6903388435021 12.4904832979664 12.5832926284056 12.1958448917139 -9999 -9999 -9999 -9999 13.2249997043982 13.2249997043982 -9999 -9999 -9999 -9999 -9999 -9999 -9999 -9999 -9999 -9999 -9999 -9999 -9999
-9999 -9999 -9999 -9999 -9999 14.5849024779163 14.8724936516955 15.5430616005324 14.5124667957425 15.010910351295 15.9432508149184 15.3759575020522 15.0431836750358 14.9018982355483 14.9198278598487 15.0718710739166 14.6451460155658 15.8564714333043 15.2956327851862 15.4620196986943 15.9116946761496 16.8583788392134 14.9800713974983 15.1844691145234 15.2612079065293 15.2662282013334 15.6305581671186 15.3558763228357 15.1658223052509 15.0948209930211 14.0789284801576 14.1574602345936 13.6905728178099 13.8759651330765 14.2449568011798 14.1180150611326 13.6106066934299 12.8493945328519 10.3451657178812 -9999 -9999 -9999 -9999 -9999 -9999 -9999 -9999 -9999 -9999 -9999 -9999 -9999 -9999 -9999 -9999 -9999 -9999 -9999 -9999 -9999 -9999 -9999
-9999 -9999 -9999 -9999 -9999 15.3415326233953 15.4627368836664 15.4053620859049 15.5982848433778 15.3422498083673 14.7337183596101 15.3013702649623 15.3515732130036 15.211004958488 14.848826547619 15.0646992241964 15.887310387101 15.9841303583235 15.6757408203557 15.1909237792715 15.3221686291508 15.409665195737 16.0924252890982 13.9150517140515 14.1115603963844 14.6221960964613 14.7383800619282 14.4615466627292 13.9652546620928 13.6385769073386 13.8820612053387 13.8071153757628 13.6418042397127 14.0470137489028 14.054902783595 13.8325754422694 13.3814660948701 13.9509109626524 14.2684645308182 12.5558798896847 11.6199997402728 -9999 -9999 -9999 -9999 -9999 -9999 -9999 -9999 -9999 -9999 -9999 -9999 -9999 -9999 -9999 -9999 -9999 -9999 -9999 -9999 -9999
-9999 -9999 -9999 -9999 -9999 14.9140903800726 15.4146854905412 15.4720602883026 15.4634540686384 15.3924527564086 15.6986907394603 15.8808557223529 15.3953214962967 15.4024933460169 14.9169591199607 15.2275002128445 16.7500839084387 16.1698812660761 16.0250099017285 15.728095323313 15.5050507970154 15.368785652332 15.4641712536104 16.1705984510481 15.9497054796666 15.5423444155604 15.1816003746353 14.9822229524143 14.809381374158 13.9968108008616 14.0032654656097 13.934415708296 14.0298013095744 13.6991790374741 13.6496932744049 13.693800150184 13.8358027746435 14.1872234109323 13.2368555250578 9.54985692341988 13.914365881428 14.0299996864051 12.3623308262998 12.7527972975025 12.3917508334853 12.6799997165799 -9999 -9999 -9999 -9999 -9999 -9999 -9999 -9999 -9999 -9999 -9999 -9999 -9999 -9999 -9999 -9999
-9999 -9999 -9999 -9999 -9999 14.9786370275542 14.8947263858281 15.6513565313071 15.3056733747944 15.089800698217 15.2820062707178 15.3903012014925 15.2992187100463 15.2052674787119 14.9148075650446 15.1270943167619 14.7003692584112 15.5021820571274 14.6257820213214 16.7551042032428 15.5939817335457 15.1909237792715 14.610003951937 15.3831293517724 14.5956602524966 13.6346323899925 15.2633594614454 13.9136173441075 13.9602343672886 13.6475417194888 13.7701803497039 13.3513443260454 13.2946867132559 13.616344173206 13.3463240312412 12.3752555791289 10.6131321028806 14.8999857422896 13.7422101357952 14.2569098840468 14.0850245524198 13.3918652769644 13.4320276353974 13.494422727963 13.2157067182125 12.9594758532843 13.4549996992573 -9999 -9999 -9999 -9999 -9999 -9999 -9999 -9999 -9999 -9999 -9999 -9999 -9999 -9999 -9999
-9999 -9999 -9999 -9999 -9999 14.5443815269973 14.9356059292331 14.9148075650446 14.888988906052 15.0360118253157 15.0281227906235 14.8552812123671 14.9521011835895 14.7347941370681 15.5487990803085 14.5131839807145 14.333170552738 14.8294625533745 13.8856471301988 17.3539536548778 14.4895168766379 14.4852137668058 14.7398144318722 14.7462690966204 14.9858088772744 13.6496932744049 15.2963499701582 14.6049836571328 13.8211004827172 13.9408703730442 13.9982451708056 14.5139011656865 14.4350108187646 14.49023406161 13.6102481009439 13.8196661127731 14.0269325696863 13.5177312395535 13.9060869019013 13.8114184855949 13.5941114390735 13.1404919442721 12.5552690071054 13.0666218921542 12.9963377648965 11.662373716943 -9999 -9999 -9999 -9999 -9999 -9999 -9999 -9999 -9999 -9999 -9999 -9999 -9999 -9999 -9999 -9999
-9999 -9999 -9999 -9999 -9999 14.3530126702972 14.9807885824703 15.1414380162023 15.0589617444202 14.8861201661639 14.8854029811919 14.6171758016571 14.5770134432241 14.8603015071712 14.9829401373863 14.4665669575334 15.3444013632834 14.5103152408265 14.6795708942227 14.7254707324319 15.1163365421817 15.4950102074072 15.3773918719962 15.2260658429004 14.1452680900693 14.8158360389061 13.6762291183695 15.4010589760728 14.0276497546583 14.5684072235599 14.9850916923024 13.6783806732856 14.4378795586526 14.5849024779163 14.4185155644082 13.7013305923901 13.458204886876 13.7375484334771 13.8322168497834 13.534943678882 13.1024811407551 12.7646870189346 13.1849574125372 12.9812768804841 11.346300054275 13.1727652680129 10.3088470696758 -9999 -9999 8.6959173764335 8.68499980587512 -9999 -9999 -9999 10.9150669761002 -9999 -9999 -9999 -9999 -9999 -9999 -9999
-9999 -9999 -9999 -9999 -9999 14.929868449457 15.090517883189 15.1643879353069 14.9721823628061 14.9248481546529 15.1113162473775 14.6078523970209 14.3797875759192 14.4981230963022 16.3011261159554 16.1476485319436 16.1196783180349 15.5179601265118 14.9807885824703 14.8724936516955 16.0013427976519 15.2612079065293 14.6759849693626 15.1651051202789 14.0183263500221 13.6611682339571 14.1710867490619 13.9595171823166 14.6064180270769 14.9198278598487 13.6590166790411 13.6719260085374 13.77591782948 13.7163914768025 13.5779747772031 13.9817499164492 14.3001800440252 13.6615268264432 13.975295251701 13.6439557946287 13.5987731413916 14.095065142028 8.94993111007879 11.9390636791475 13.3126163375564 13.3197881872766 11.2048097047955 7.51262940869492 8.61360247127013 9.06498076303396 9.06499979738146 -9999 -9999 9.91974748242036 9.92164429950482 -9999 -9999 -9999 -9999 -9999 -9999 -9999
-9999 -9999 -9999 -9999 -9999 15.1801660046913 15.0639820392244 14.9886776171625 15.0639820392244 15.1134678022936 14.8187047787942 14.6024735097308 14.5938672900666 16.4201788213104 16.3197729252279 16.1175267631188 16.4754020641558 16.0637378902175 16.2724387170747 16.2157811042853 16.0902737341821 15.249015762005 15.5315866409801 14.971465177834 14.5547807090916 14.5103152408265 14.2033600728028 13.5865809968673 14.3166752983816 14.0484481188469 13.8648487660103 13.2265541409142 13.6927243727259 14.7527237613685 13.0070955394767 12.9031037185341 13.0415204181336 13.4711142163724 13.6317636501044 13.9638202921487 13.734679693589 14.8641264936887 13.803409920074 12.213602086436 11.424268306233 9.33247371809557 8.04999982006848 9.78597876848653 10.8383281840943 10.4572939344448 7.48144506733814 7.85897178803209 7.82499982509762 10.3249774266234 9.96575313480571 -9999 -9999 -9999 -9999 -9999 -9999 -9999
-9999 -9999 -9999 -9999 -9999 15.8120059650391 14.9097872702405 14.9650105130859 15.3092592996545 15.2224799180403 15.0245368657634 14.8079470042139 14.7222434000578 15.0403149351478 16.2817621217109 15.2683797562495 15.7847529361024 14.5002746512182 16.3836023877375 15.089800698217 16.1440626070835 16.1741843759082 16.086687809322 13.5621967078187 13.5657826326787 14.4794762870297 15.1665394902229 14.3525345469825 13.6210058755241 13.1347544644959 14.9513839986175 14.6551866051741 14.3998687551357 13.615268395748 13.1290169847198 13.8784752804786 13.4316690429114 13.215796366334 7.98202414417784 9.65439923228696 11.4622791097499 13.0231110378349 13.158511216694 13.3056835494936 13.2672543880763 9.37481512989325 9.48999978788197 10.0402667339639 10.3559764663514 13.2566874501006 8.81243005167926 9.52793044665375 11.6075090665836 11.8519578547185 10.4480125908177 -9999 -9999 -9999 -9999 -9999 -9999 -9999
-9999 -9999 -9999 -9999 -9999 14.689970076317 14.772087755613 12.6348765389994 14.7218848075718 16.565050185658 16.6747794863768 14.7598956110887 14.7645573134068 14.8380687730387 14.9176763049327 14.8559983973391 14.8961607557721 14.7835627151653 14.8323312932625 14.8014923394658 15.4627368836664 15.2841578256339 14.5504775992595 13.6977446675301 13.8046052283607 14.4823450269178 14.1022369917482 13.7457960606553 14.3546861018986 14.5038605760783 13.4854579158127 15.1149021722376 13.8870815001428 13.8440504018217 14.013306055218 12.6066672634333 8.71295437535211 8.33399303347758 7.8349998248741 10.0196693340246 14.0060146746691 13.6747947484255 13.4291588955093 14.4428998534568 14.4242530441843 13.219359402312 8.52283673651982 8.44499981123954 15.6427503116429 15.6119113578461 15.6700033405796 16.0235755317844 14.016812292859 8.05274589352775 11.8981841357425 10.5249997647479 -9999 -9999 -9999 -9999 -9999 -9999
-9999 -9999 -9999 -9999 -9999 16.1182439480908 16.3907742374577 16.4208960062824 16.4603411797434 16.4947660584003 16.5836969949305 16.2200842141174 16.5973235093988 15.2439954672009 15.0352946403436 14.9603488107678 14.928434079513 14.7814111602493 14.8660389869474 14.9492324437015 15.5810724040493 17.4923703544773 15.7029938492924 13.8282723324373 14.5440229345113 13.4137394186109 13.5170140545815 15.211004958488 15.327188923955 14.6723990445025 14.6057008421049 13.8512222515419 12.7187871807255 12.7259590304457 12.6951200766489 12.7455023209332 13.4001129041426 13.3577989907935 -9999 9.66841638367623 13.4825891759247 14.1692937866319 14.8452406227589 14.7240363624878 14.254997390788 15.1335489815101 -9999 15.4311807448976 15.5423444155604 16.5349284168333 16.1548203816637 15.9554429594427 15.9511398496106 15.4777977680787 11.3649997459725 -9999 -9999 -9999 -9999 -9999 -9999 -9999
