EcologicalScience/Bass/data/rs_data_bass/sst_322.asc
NCOLS 226 
NROWS 124 
XLLCORNER -9.41648524995501 
YLLCORNER 47.587301625531 
CELLSIZE 0.0833 
NODATA_value -9999 
[rows 27 to 53 of 124, columns 62 to 123 of 226]
-9999 -9999 -9999 -9999 -9999 -9999 -9999 -9999 -9999 -9999 -9999 -9999 -9999 -9999 -9999 -9999 -9999 -9999 -9999 -9999 -9999 -9999 -9999 -9999 -9999 -9999 -9999 -9999 12.5299997199327 9.42188786435872 10.6183749723312 6.18559067812748 5.75061799259856 6.09092226182111 6.46744437213056 6.56175419595093 6.62630084343255 6.85831018188037 7.03724783239886 6.88663898827508 6.98059021960944 7.16791893430054 6.99457532656379 6.9311044565402 7.04126406824216 7.17889186437242 7.21242026181426 7.15916927764192 6.96409496525303 6.70390025740489 6.93641162533313 6.92594072474167 6.89094209810719 6.05126193286851 6.26727804644033 5.55895030882675 6.19728079317138 6.22639850303531 6.86856592698023 5.94981611857656 6.82127270082544 6.84944782472615
-9999 -9999 -9999 -9999 -9999 -9999 -9999 -9999 -9999 -9999 -9999 -9999 -9999 -9999 -9999 -9999 -9999 -9999 -9999 -9999 -9999 -9999 -9999 -9999 -9999 -9999 -9999 -9999 -9999 -9999 9.78499978128821 12.2682200951343 6.27990050194785 6.19670704519376 6.35126040666364 6.46887874207459 6.6402859503869 6.923215421848 7.02720724279061 7.00999480346218 6.72742392448708 6.90707875997759 6.94401378603652 6.9389934912324 7.05589464167133 6.94508956349455 7.20196131430566 5.61387472460046 5.67029327573255 6.00181202904787 7.67353433957323 4.2715435186401 7.60640582619235 7.75328530846164 6.50671024934854 5.46966077981051 6.07908870978281 6.04853662997484 5.93905834399629 6.04968412593007 6.93089954654819 5.63999221066479
-9999 -9999 -9999 -9999 -9999 -9999 -9999 -9999 -9999 -9999 -9999 -9999 -9999 -9999 -9999 -9999 -9999 -9999 -9999 -9999 -9999 -9999 -9999 -9999 -9999 -9999 -9999 -9999 -9999 -9999 -9999 13.3849997008219 6.25569550914224 6.46517328638583 6.06868952768855 6.17877742089331 6.3813821754884 6.65104372496717 7.1423154307995 7.19646289618686 7.27105013327673 6.73316140426323 6.89632098539732 6.47497481433675 5.6921674173791 7.30404064198956 7.51632739370689 6.39500868995674 7.05422121006995 6.34982603671961 6.64136172784492 5.34325692849234 5.1412498280406 5.97473829635419 6.23435925622471 5.79956586693879 6.04179509123787 6.27416302217171 6.10956907109357 5.87271873408463 5.89925457804929 7.33392334915698
-9999 -9999 -9999 -9999 -9999 -9999 -9999 -9999 -9999 -9999 -9999 -9999 -9999 -9999 -9999 -9999 -9999 -9999 -9999 -9999 -9999 -9999 -9999 -9999 -9999 -9999 -9999 -9999 -9999 -9999 -9999 9.24518326704856 8.40228989580646 6.38399477788646 5.92955564311706 6.15797905670479 6.39429150498472 6.66287727700546 6.98417614446953 7.02505568787456 7.2301705898717 7.16024505509995 7.26674702344462 6.71881770482287 7.24881739914417 7.10287025733851 7.14877009554766 6.36409801766276 6.62085023764521 6.81492049107328 5.18547623464838 7.47421839034983 5.96147037437186 6.75933865574189 6.85493941251188 5.95627078332473 6.03928494383581 6.08339181961492 6.1144100696547 5.94676808244549 5.927224791958 5.95967741194181
-9999 -9999 -9999 -9999 -9999 -9999 -9999 -9999 -9999 -9999 -9999 -9999 -9999 -9999 -9999 -9999 -9999 -9999 -9999 -9999 -9999 -9999 -9999 -9999 -9999 -9999 -9999 -9999 -9999 -9999 -9999 9.41499978955835 12.3364786916645 6.35133212516084 6.1185338832438 6.26125369267538 6.41437268420123 6.31575975054875 6.99278236413375 6.9748527398333 7.04370249714702 7.23106707108673 7.39297157851979 7.42273475485854 7.31730856397189 7.30708867812064 7.16078294382896 6.53478804100305 7.13277687067166 7.28410289976746 7.36112856576219 7.44768254638517 6.78121279738843 6.96732229762711 3.97744986778125 6.6564226122573 6.08159885718487 6.13198110146914 6.10365229507443 6.09809411154129 6.00163273280486 5.93278297549114
-9999 -9999 -9999 -9999 -9999 -9999 -9999 -9999 -9999 -9999 -9999 -9999 -9999 -9999 -9999 -9999 -9999 -9999 -9999 -9999 -9999 -9999 -9999 -9999 -9999 -9999 -9999 -9999 -9999 -9999 -9999 -9999 10.2382236587582 6.3975188373588 6.27523879962973 6.40002898476087 6.43194371601567 6.43445386341773 6.41760001657531 6.55350656877272 7.43265581363812 7.61027862504125 7.63227229751647 7.50222275592387 7.55672881379724 7.20076600601897 6.99110893253237 6.95391093865037 7.12235378241166 7.07730773583587 7.91952878497541 5.07617724491283 5.46101870089769 7.05828525824472 5.79307534294203 3.83630786528811 6.08195744967088 6.0109561374411 5.95089189603459 6.05656910166144 5.15302361466456 6.71953488979489
-9999 -9999 -9999 -9999 -9999 -9999 -9999 -9999 -9999 -9999 -9999 -9999 -9999 -9999 -9999 -9999 -9999 -9999 -9999 -9999 -9999 -9999 -9999 -9999 -9999 -9999 -9999 -9999 -9999 -9999 -9999 -9999 10.5002521991844 8.39948945924906 6.54396800864488 6.60388881305698 6.40289772464894 6.66467023943551 6.73459577420726 6.71559037244879 7.2100894106552 7.09910503623541 7.6069317618385 7.46564632235095 7.50317900255322 7.58135216450319 7.46421195240691 7.50580868078396 7.14369857324553 7.09001215534019 6.83858759514987 3.78732413169928 6.41293831425719 6.82280952576548 5.45621356158517 3.81152912450489 4.44218572964892 6.03548386348411 6.23729971460998 6.21607103943825 5.35150455567054 5.37954648807645
-9999 -9999 -9999 -9999 -9999 -9999 -9999 -9999 -9999 -9999 -9999 -9999 -9999 -9999 -9999 -9999 -9999 -9999 -9999 -9999 -9999 -9999 -9999 -9999 -9999 -9999 -9999 -9999 -9999 -9999 -9999 -9999 -9999 8.5211025045089 6.33164027492915 6.41626810162727 6.26358454383444 6.70375682041049 6.71845911233686 6.76507613551803 6.98812066181563 6.82496108068153 7.23519088467583 7.53712575789541 7.58804589090869 7.57513656141236 7.65139723010361 7.57274594483897 7.35309609407559 6.79311806792393 6.90241705765948 6.97019103751518 7.19957069773227 6.24547562329099 5.62546921498142 3.75268409755081 4.70668354732916 6.04538101609796 5.78324990882538 6.65104372496717 6.60944699659012 6.25336465798318
-9999 -9999 -9999 -9999 -9999 -9999 -9999 11.8955708930007 10.8792077274993 6.9592539666919 6.95426953113638 8.24321259204164 18.0549597776741 8.31107219745902 8.41999981179833 -9999 -9999 -9999 -9999 -9999 -9999 -9999 -9999 -9999 -9999 -9999 -9999 -9999 -9999 -9999 -9999 -9999 -9999 -9999 6.27754403703979 6.35131163416164 6.82424389570951 6.66897334926762 6.74858088116162 7.07830667204689 6.57573930290528 7.29274497868028 7.41137932613492 7.25832010002341 7.28826257260516 7.26065095118247 7.50867742067203 7.66143781971186 7.87181207817048 7.40898870956153 7.13191624870524 6.94114504614845 5.74502394981682 5.752195799537 5.57132174959406 4.20479750391096 6.88377024838701 5.53510390850715 6.07363810399547 6.30213323608041 6.65211950242519 6.43911556573585
-9999 -9999 -9999 -9999 16.7299996260554 16.0897264088087 13.166063298102 10.3626966274594 4.38043610355817 7.04611484659836 10.8895014412153 10.5001846644669 19.7799995578825 -9999 -9999 -9999 -9999 -9999 -9999 -9999 -9999 -9999 -9999 -9999 -9999 -9999 -9999 -9999 -9999 -9999 -9999 -9999 -9999 -9999 7.93559372834861 6.39946548228285 6.564622935839 6.6961546597071 7.06607866827398 7.50184025727212 6.72706533200108 6.5409558317624 7.2378803283209 7.27696690929588 7.11685536429286 7.20973081816919 7.14673807146028 7.17662077862769 7.53019296983257 7.4835759466514 7.37384664593264 7.29471723735332 6.78967558005825 7.0307931676507 6.76543472800404 5.92561112577096 7.11004210705869 6.3896298026666 6.32400737772696 6.18379771569744 6.40361490962096 6.14686268963851
5.78328975243494 6.52398245409131 11.2246726103248 5.92446362981573 4.70448418008164 3.4495300098788 4.49841303145513 4.35655384398997 5.73761901498074 15.7716382714897 -9999 -9999 -9999 -9999 -9999 -9999 -9999 -9999 -9999 -9999 -9999 -9999 -9999 -9999 -9999 -9999 -9999 -9999 -9999 -9999 -9999 -9999 -9999 -9999 13.3399997018278 5.67005421407521 6.53030051217814 6.66748775182558 6.72383799962699 6.79053620202467 6.8952452079393 6.91783653455786 6.97843866469339 6.75646991585381 7.20973081816919 6.74642932624556 7.10322884982452 7.28348133945838 7.19789726613089 7.07286801934242 7.52517267502844 7.32412182120606 7.30906093679368 7.30002440614626 6.80057679163292 6.13689381852746 5.2539673994761 5.63407543464564 5.71726889139973 6.21499526198022 6.38209936046042 6.32651752512902
6.23256629379466 6.20889918971807 6.01920376461931 5.70292519195937 5.65523239132017 4.70263145223726 4.83477278333157 6.20603044983 7.560485496984 14.2649996811524 -9999 -9999 -9999 -9999 -9999 -9999 -9999 -9999 -9999 -9999 -9999 -9999 -9999 -9999 -9999 -9999 -9999 -9999 -9999 -9999 -9999 -9999 -9999 -9999 -9999 5.20161289651878 5.3210893929936 6.09794042904728 5.8797112875618 6.59438611217774 6.78838464710861 6.61841180874035 6.64566483767703 6.39142276509665 6.7919705719687 6.97341836988926 7.16060364758596 7.30690938187763 7.14912868803367 7.08529922552407 7.05135247018188 7.15319273620844 7.17183954548091 6.80416271649301 7.20377818290144 7.16892299326137 6.09540466789622 6.35054322169162 6.59833062952384 6.67112490418367 6.81097597372718 6.48035370162688
6.49362162360922 6.44054993567988 6.35663929395378 6.21535385446623 5.8517410736531 6.445365320492 4.99542221706361 6.07765433983877 7.54993489243241 -9999 -9999 -9999 -9999 -9999 -9999 -9999 -9999 -9999 -9999 -9999 -9999 -9999 -9999 -9999 -9999 -9999 -9999 -9999 -9999 -9999 -9999 -9999 -9999 -9999 -9999 -9999 13.6078251787411 5.44653156446293 5.51681569172069 5.79173659766093 5.62511062249541 6.43983275070786 6.53414257452823 6.53593553695828 6.65140231745318 6.94090598449111 6.8995483177714 7.18642230657861 7.13024281710386 6.97377696237527 6.87247458507773 7.23040965152904 7.21654407540336 7.01458478728309 7.62677387939766 7.1423154307995 7.34444206207991 6.87372965877876 6.11172062600963 5.87056717916857 6.22736670274753 6.56318856589496
6.5169301351998 6.37385173328221 6.35197759163566 6.10921047860757 5.76460309955291 6.13180180522613 4.35533462953754 6.73746451409534 12.7897884929553 -9999 -9999 -9999 -9999 -9999 -9999 -9999 -9999 -9999 -9999 -9999 -9999 -9999 -9999 -9999 -9999 -9999 -9999 -9999 -9999 -9999 -9999 -9999 -9999 -9999 -9999 -9999 -9999 -9999 -9999 -9999 7.27191075524315 6.12099280314786 7.30260627204552 6.93840670352802 6.30751212337054 6.66251868451945 6.72563096205704 6.79089479451068 7.00306201539934 6.55063782888465 6.85436566453427 6.42835779115558 6.40648364950903 6.78307747831568 7.80559199908748 7.35400452837348 7.23208308313042 7.22610654169694 7.14602088648826 5.49386577261612 5.38384959790856 6.40755942696705
6.22862177644856 6.19455549027771 6.21535385446623 6.36201818124391 5.82520522968844 5.5171742842067 5.46786781738047 7.45656197937205 15.5949996514246 -9999 -9999 -9999 -9999 -9999 -9999 -9999 -9999 -9999 -9999 -9999 -9999 -9999 -9999 -9999 -9999 -9999 -9999 -9999 -9999 -9999 -9999 -9999 -9999 -9999 -9999 -9999 -9999 -9999 -9999 -9999 -9999 -9999 -9999 12.0697549834428 6.75682850833982 6.16285591451451 6.37044510466512 6.75144962104969 6.86129845259711 7.0016276454553 7.20004882104695 7.0532649634406 6.89452802296728 6.39142276509665 6.87616808768362 7.61601610481739 7.40243842015043 7.15534429112449 7.17781608691439 7.09629606176168 5.24543289830908 5.59032715135254
6.08912929939106 6.14291817229241 6.1902523804456 6.16694386885501 5.98764762585051 5.91413616621867 5.23783073760569 5.39973524503876 7.1778957741335 15.3599996566772 -9999 -9999 -9999 -9999 -9999 16.1899624452926 -9999 -9999 -9999 -9999 -9999 -9999 -9999 -9999 -9999 -9999 -9999 -9999 -9999 -9999 -9999 -9999 -9999 -9999 -9999 -9999 -9999 -9999 -9999 -9999 -9999 -9999 -9999 -9999 5.87152411958741 6.83331116285574 6.69094994591017 6.77322130770023 6.63658049469814 6.98561051441357 7.01907914644107 7.09749137004837 6.79101432533935 7.6126094762003 6.31705068349838 6.32407909622416 7.24853052515537 7.30920437378809 3.00989562203176 7.64637693529949 5.07546005994081 5.59527572765946
5.92596971825697 5.94856104487553 5.99338510562666 5.98477888596244 5.95645007956773 5.84492781641893 5.63945432193577 5.55267494032159 5.10897650429979 4.86346018221229 14.7149996710941 -9999 -9999 -9999 -9999 -9999 -9999 -9999 -9999 -9999 -9999 -9999 -9999 -9999 -9999 -9999 -9999 -9999 -9999 -9999 -9999 -9999 -9999 -9999 -9999 -9999 -9999 -9999 -9999 -9999 -9999 -9999 -9999 -9999 -9999 10.9849997544661 6.94419308227953 5.13728140452877 6.66517226891592 6.33082063496113 6.42333749635145 6.24475843831897 6.33584092976525 6.24655140074901 6.59414705052041 7.719905470764 7.71150416109179 7.57346312981099 7.2060731748119 7.07433654095179 4.9871028713882 5.19336526934057
6.79663227428682 6.22360148164444 6.00414288020693 5.79113894351758 5.89728231937625 5.94067201018333 5.93206579051912 5.65623645028099 5.57132174959406 5.32783745159395 5.03650667046064 16.0732854151574 17.4937883054372 -9999 11.6058627286367 21.654999515973 21.6275450542342 17.2984913503751 -9999 -9999 -9999 -9999 -9999 -9999 -9999 -9999 -9999 -9999 -9999 -9999 -9999 -9999 -9999 -9999 -9999 -9999 -9999 -9999 -9999 -9999 -9999 -9999 -9999 -9999 -9999 8.8399998024106 12.7499997150153 12.5437940475531 6.26358454383444 5.55889054341242 5.98944058828056 5.98585466342047 6.11040578689426 6.17626727349125 6.14184239483438 6.36919003096409 6.63132113823667 7.64665014862216 7.59545680228621 7.5844599660486 4.28713033869863 5.89721060087904
7.1582727964269 6.68618578859605 6.4692373345606 6.48286384902894 6.38389232289046 6.37492751074024 7.49839776940644 5.78762473715469 5.29950864519924 5.21607612678781 5.4651783737354 4.86663628708837 15.1249996619299 6.70529364535053 10.4245879483948 4.80823693936691 9.23849944827859 10.0680741608564 -9999 -9999 -9999 -9999 -9999 -9999 -9999 -9999 -9999 -9999 -9999 -9999 -9999 -9999 -9999 -9999 -9999 -9999 -9999 -9999 -9999 -9999 -9999 -9999 -9999 -9999 -9999 -9999 -9999 -9999 12.5624408568256 5.02650023251772 5.16850285697728 5.52685628132895 5.74667347525246 5.8635746256914 6.01023895246908 6.06187627045438 7.07136534606772 6.78078248640522 6.82496108068153 6.70662556029856 6.68740500304848 6.48286384902894
7.27427746565081 7.14339120825753 6.94652393343858 7.04621264454909 6.98718832135201 6.79526962283999 6.96863713674247 5.22061829827726 5.05901261791587 4.90816471213475 5.0561438780278 6.44700460042804 3.96140699163796 5.38389741024002 5.6511683431454 11.611905144838 15.6149996509776 14.1921746191107 -9999 -9999 -9999 -9999 -9999 -9999 -9999 -9999 -9999 -9999 -9999 -9999 -9999 -9999 -9999 -9999 -9999 -9999 -9999 -9999 -9999 -9999 -9999 -9999 -9999 -9999 -9999 -9999 -9999 -9999 6.75496382741258 4.86967578530312 5.24643695726991 5.28014465095475 5.28408916830085 5.49458295758814 5.88329721242189 5.84026611410081 6.26448102504946 6.41006957436912 6.47963651665486 6.51908169011585 6.2860682927072 6.30500197596848
7.70243689394556 7.63502150657587 7.43241675198078 7.2219229626935 7.20273826469202 6.85651721945032 6.9815464662388 5.67043671272695 5.06498915934935 4.88760540960357 4.86035238066688 5.38514053085819 5.38748333510011 5.66176674328744 4.50400707423687 14.4555084279648 17.0718310165103 -9999 -9999 -9999 -9999 -9999 -9999 -9999 -9999 -9999 -9999 -9999 -9999 -9999 -9999 -9999 -9999 -9999 -9999 -9999 -9999 -9999 -9999 -9999 -9999 -9999 -9999 -9999 -9999 -9999 -9999 -9999 6.33342858031392 5.33560695545748 5.34074678109027 5.29448835039511 5.35831781290472 5.39130832161754 5.72874385095201 5.92955564311706 6.16694386885501 6.38389232289046 6.43015075358562 6.68630531942472 6.50796532304958 6.2617915814044
7.9868007353507 7.76626635645516 8.03592790593393 7.640400393866 7.37073884438723 7.10036010993645 6.93827630626038 6.69402359579025 6.09529709015042 4.81301817251369 4.88569291634485 4.76735739596188 5.31571702556685 5.38580990349874 8.99969239530497 6.69999985024333 -9999 -9999 -9999 -9999 -9999 -9999 -9999 -9999 -9999 -9999 -9999 -9999 -9999 -9999 -9999 -9999 -9999 -9999 -9999 -9999 -9999 -9999 -9999 -9999 -9999 -9999 -9999 -9999 -9999 -9999 -9999 -9999 7.6204728971435 5.23629391266565 5.46350494213402 6.12484511099756 5.37122714240104 5.75539922574535 5.93099001306109 6.14291817229241 4.69886623113416 6.32938626501709 6.40576646453701 6.38783684023656 6.44341867556795 6.26304665510543
8.08146915165707 8.2417599929031 7.70458844886161 7.84372233343311 7.30332345701754 7.13872950593941 6.77637179882731 6.76020952320791 7.20097091601097 6.60424740554299 4.08144168872386 5.39962766729295 4.26245917566121 4.50450910371728 8.33994261557236 -9999 -9999 -9999 -9999 -9999 -9999 -9999 -9999 -9999 -9999 -9999 -9999 -9999 -9999 -9999 -9999 -9999 -9999 -9999 -9999 -9999 -9999 -9999 -9999 -9999 -9999 -9999 -9999 -9999 -9999 -9999 -9999 -9999 -9999 12.6120750029925 8.76827923074255 5.09009063336998 5.43613238236867 5.76615700032562 6.02996153919958 6.09235663176514 6.16550949891098 6.12032684567384 6.08554337453097 6.05829034559429 6.07442700746469 6.01992094959132
7.63000121177174 7.43815423175693 7.68558304710314 7.63322854414582 7.42381053231657 7.13119906373322 6.89682301487774 7.24422741532326 6.5366527219303 6.32759330258705 6.11177185350763 5.90624713152647 5.32532730419189 3.84900203929283 10.521301244507 14.2215265655343 -9999 -9999 -9999 -9999 -9999 -9999 -9999 -9999 -9999 -9999 -9999 -9999 -9999 -9999 -9999 -9999 -9999 -9999 -9999 -9999 -9999 -9999 -9999 -9999 -9999 -9999 -9999 -9999 -9999 -9999 5.48798873252109 6.38102358300239 8.31499981414527 -9999 11.5949583295733 8.49444113348556 8.56384776383638 5.37230291985907 5.23998229252174 5.95752585702576 5.92059083096683 5.9991225854028 5.97653125878423 5.85747855342925 5.77225307258777 5.83495894530788
7.57119204406627 7.96098207635805 7.21654407540336 7.64685505861416 7.52780235325918 7.2380596245639 7.05912197404541 6.69676426693331 6.43821908452082 5.89513076446019 5.19881587512791 5.08134097671136 5.55247003032959 6.62821333669126 11.1400622455217 -9999 -9999 -9999 -9999 -9999 -9999 -9999 -9999 -9999 -9999 -9999 -9999 -9999 -9999 -9999 -9999 -9999 -9999 -9999 -9999 -9999 -9999 -9999 -9999 -9999 -9999 -9999 -9999 -9999 -9999 -9999 -9999 -9999 12.9642671238651 12.1176614463532 3.71381267206743 12.4931221708763 12.8737485957139 8.32046049674425 5.43419598294422 5.71511733648367 5.64734335662797 5.75850702729076 5.85102388868108 5.63873713696375 5.59546697698534 5.64562211269513
8.5046082851477 7.77487257611938 7.37253180681728 7.39189580106176 7.43134097452275 7.37038025190122 6.55906475230586 6.38568528532051 6.4373226033058 5.85508793685585 5.62331766006537 6.51917133823736 6.08742598508252 13.734321101103 15.0599996633828 -9999 -9999 -9999 -9999 -9999 -9999 -9999 -9999 -9999 -9999 -9999 -9999 -9999 -9999 -9999 -9999 -9999 -9999 -9999 -9999 -9999 -9999 -9999 -9999 -9999 -9999 -9999 -9999 -9999 -9999 -9999 -9999 -9999 -9999 -9999 9.13341271840469 8.94044159264304 6.84129083081363 6.96453630985119 6.82313551893458 4.7814620337449 5.0827394874068 5.50139621482231 5.6563081687782 5.37015136494301 5.43677784884349 5.44696187544614
7.78742331312969 7.20793785573915 7.18642230657861 7.11757254926488 6.9949339190498 6.99618899275083 6.56605730578303 6.17931530962233 6.17608797724824 5.7721335417591 5.46876429859549 4.95034201882247 6.564802232082 7.87326483747277 16.4425001962822 -9999 -9999 -9999 -9999 -9999 -9999 -9999 -9999 -9999 -9999 -9999 -9999 -9999 -9999 -9999 -9999 -9999 -9999 -9999 -9999 -9999 -9999 -9999 -9999 -9999 -9999 -9999 -9999 -9999 -9999 -9999 -9999 -9999 -9999 -9999 -9999 -9999 14.1999996826053 11.914066875366 4.40046605527667 3.55495620076545 3.46294136885554 3.74991098232567 5.01666882185964 4.46900844760239 4.67537842330057 5.29986723768525
