EcologicalScience/Bass/data/rs_data_bass/sst_26.asc
NCOLS 226 
NROWS 124 
XLLCORNER -9.41648524995501 
YLLCORNER 47.587301625531 
CELLSIZE 0.0833 
NODATA_value -9999 
[rows 54 to 80 of 124, columns 124 to 185 of 226]
15.4149996554479 15.4399996548891 15.6549996500835 15.4699996542186 15.4399996548891 15.3699996564537 15.5749996518716 15.8849996449426 15.6499996501952 15.7349996482953 15.9049996444955 16.059999641031 16.3149996353313 16.4599996320903 16.6899996269494 16.764999625273 16.6449996279553 16.494999631308 16.5949996290728 16.4649996319786 16.4049996333197 16.4399996325374 16.494999631308 16.6049996288493 16.6499996278435 16.4599996320903 16.5699996296316 16.2149996375665 16.1649996386841 16.1549996389076 16.2949996357784 16.349999634549 16.3999996334314 16.4249996328726 16.3299996349961 16.3299996349961 16.3349996348843 16.2649996364489 16.2799996361136 16.369999634102 16.5999996289611 16.6999996267259 16.8899996224791 17.2749996138737 17.1899996157736 17.3749996116385 17.3349996125326 17.0599996186793 16.7999996244907 17.4099996108562 17.7749996026978 17.6949996044859 20.0633328848829 19.8049995573238 20.2299995478243 19.9383328876769 19.4799995645881 19.733332892259 19.7249995591119 19.7424995587207 20.3066662127773 17.7992853164407
15.9599996432662 16.0299996417016 15.914999644272 15.5449996525422 15.20999966003 15.334999657236 15.4649996543303 15.4049996556714 15.4349996550009 15.6499996501952 15.8499996457249 16.0249996418133 16.3049996355549 16.8249996239319 16.8649996230379 16.9749996205792 16.7099996265024 16.5799996294081 16.4999996311963 16.4199996329844 16.4449996324256 16.514999630861 16.639999628067 16.7349996259436 16.7799996249378 16.7349996259436 16.7499996256083 16.4099996332079 16.3199996352196 16.2199996374547 16.3299996349961 16.369999634102 16.3449996346608 16.4049996333197 16.4699996318668 16.4599996320903 16.4549996322021 16.4249996328726 16.4599996320903 16.5749996295199 16.8199996240437 17.0399996191263 17.0299996193498 17.0349996192381 17.3599996119738 17.7199996039271 17.634999605827 17.1799996159971 16.909999622032 17.5999996066093 18.214999592863 18.254999591969 19.4849995644763 19.6749995602295 19.9699995536357 19.7249995591119 17.2628567570022 14.381249678554 -9999 -9999 -9999 -9999
16.1499996390194 16.0499996412545 16.0449996413663 16.0749996406958 15.914999644272 15.6149996509776 15.4249996552244 15.5249996529892 15.5449996525422 15.5799996517599 15.7749996474013 15.9399996437132 16.2849996360019 16.8799996227026 16.7799996249378 16.7299996260554 16.8199996240437 16.7399996258318 16.5199996307492 16.4349996326491 16.4599996320903 16.5699996296316 16.5699996296316 16.7249996261671 16.5649996297434 16.3549996344373 16.2649996364489 16.2599996365607 16.2499996367842 16.2699996363372 16.2999996356666 16.3599996343255 16.349999634549 16.4199996329844 16.4599996320903 16.514999630861 16.514999630861 16.5249996306375 16.5749996295199 16.7299996260554 17.0499996189028 17.2949996134266 17.5199996083975 17.3799996115267 17.4499996099621 17.8299996014684 17.8349996013567 17.7699996028095 20.438332876501 19.8899995554239 18.9466662431757 18.0199995972216 19.539999563247 18.8599995784461 17.8699996005744 -9999 -9999 -9999 -9999 -9999 -9999 -9999
16.1749996384606 16.0099996421486 16.224999637343 16.2649996364489 16.1199996396899 15.9699996430427 15.624999650754 15.4949996536598 15.499999653548 15.8299996461719 16.2599996365607 16.4899996314198 16.6199996285141 16.8499996233732 17.1199996173382 16.9899996202439 16.7399996258318 16.5999996289611 16.4649996319786 16.3749996339902 16.4399996325374 16.5899996291846 16.6449996279553 16.4649996319786 16.2599996365607 16.1049996400252 16.1349996393546 16.1799996383488 16.1699996385723 16.20499963779 16.224999637343 16.2999996356666 16.2999996356666 16.3049996355549 16.3849996337667 16.4599996320903 16.4749996317551 16.6149996286258 16.7999996244907 16.8199996240437 16.8499996233732 17.1749996161088 17.5199996083975 17.1599996164441 17.0149996196851 17.054999618791 17.6174996062182 19.0499995741993 18.9449995765463 18.8649995783344 18.4999995864928 18.794999579899 19.6149995615706 19.7199995592237 19.9299995545298 -9999 -9999 -9999 -9999 -9999 -9999 -9999
16.4449996324256 16.3649996342137 16.3799996338785 16.2399996370077 16.0499996412545 15.8299996461719 16.0299996417016 15.7499996479601 15.7199996486306 15.8449996458367 16.7149996263906 16.804999624379 16.8599996231496 17.0999996177852 17.1099996175617 16.929999621585 16.8149996241555 16.8199996240437 16.6649996275082 16.389999633655 16.2199996374547 16.2849996360019 16.20499963779 16.1399996392429 16.0199996419251 15.9799996428192 15.9699996430427 15.9999996423721 16.0649996409193 16.099999640137 16.1649996386841 16.2499996367842 16.2849996360019 16.2099996376783 16.4199996329844 16.4999996311963 16.4099996332079 16.6349996281788 16.6449996279553 16.6099996287376 17.4749996094033 17.5899996068329 17.6399996057153 16.8299996238202 17.2149996152148 17.1299996171147 19.2483329030996 19.2749995691702 18.9449995765463 18.919999577105 18.7549995807931 18.4449995877221 18.5499995853752 18.5124995862134 15.2549996590242 -9999 -9999 -9999 -9999 -9999 -9999 -9999
16.2283329706018 16.6749996272847 16.6649996275082 16.3949996335432 16.2599996365607 16.1299996394664 16.0899996403605 15.9999996423721 15.8549996456131 15.9099996443838 16.2399996370077 16.4099996332079 16.5749996295199 16.7699996251613 16.9949996201321 17.0199996195734 16.7449996257201 16.8099996242672 16.3749996339902 16.2099996376783 16.1549996389076 16.1099996399134 16.0849996404722 16.0099996421486 16.0349996415898 16.0049996422604 15.9249996440485 15.9299996439368 15.9899996425956 16.0099996421486 16.0049996422604 16.0749996406958 16.1549996389076 16.1049996400252 16.3249996351078 16.2699996363372 16.3449996346608 16.3599996343255 16.1099996399134 16.4249996328726 16.3199996352196 16.9699996206909 17.2749996138737 17.5499996077269 17.5199996083975 18.2174995928071 18.3724995893426 18.504999586381 18.2949995910749 18.2299995925277 18.5749995848164 18.4199995882809 18.0149995973334 20.079999551177 20.1912495486904 -9999 23.7447889405303 -9999 -9999 -9999 -9999 -9999
-9999 -9999 -9999 -9999 -9999 16.4599996320903 16.0574996410869 16.0349996415898 16.2499996367842 16.2699996363372 16.2749996362254 16.4099996332079 16.6049996288493 16.2949996357784 16.2149996375665 16.1599996387959 16.0849996404722 16.5199996307492 16.4849996315315 16.2499996367842 16.20499963779 16.079999640584 16.0849996404722 16.0649996409193 15.9999996423721 15.9449996436015 15.8999996446073 15.8299996461719 15.954999643378 16.0399996414781 15.9999996423721 16.0149996420369 16.0749996406958 16.1349996393546 16.1949996380135 16.2199996374547 16.2349996371195 16.2149996375665 16.2349996371195 16.2099996376783 16.3749996339902 16.639999628067 17.2299996148795 18.2499995920807 18.2949995910749 18.0474995966069 -9999 18.0414281681712 -9999 20.2156245481456 18.6799995824695 18.7674995805137 20.0383328854417 20.0333328855534 5.37499987985939 5.37499987985939 -9999 -9999 -9999 -9999 -9999 -9999
-9999 -9999 -9999 -9999 -9999 -9999 -9999 16.4399996325374 16.7799996249378 16.6199996285141 16.5099996309727 16.6299996282905 16.6049996288493 16.1449996391311 16.0699996408075 16.0749996406958 15.9249996440485 16.2149996375665 16.3149996353313 16.0249996418133 15.8299996461719 15.789999647066 15.9299996439368 15.9449996436015 15.8349996460602 15.8999996446073 16.0449996413663 16.0049996422604 15.9949996424839 16.1099996399134 16.0699996408075 16.059999641031 16.1349996393546 16.1849996382371 16.1899996381253 16.224999637343 16.2949996357784 16.1949996380135 16.3799996338785 16.8599996231496 16.9199996218085 17.1349996170029 17.2899996135384 17.8349996013567 18.2999995909631 18.0224995971657 -9999 -9999 -9999 -9999 -9999 -9999 -9999 -9999 -9999 -9999 -9999 -9999 -9999 -9999 -9999 -9999
-9999 -9999 -9999 -9999 -9999 -9999 -9999 -9999 15.8699996452779 16.4499996323138 16.5699996296316 16.6249996284023 16.6749996272847 16.3199996352196 16.3399996347725 16.0649996409193 15.8599996455014 15.9649996431544 16.0349996415898 15.8149996465072 15.6399996504188 15.809999646619 15.9849996427074 15.954999643378 15.934999643825 15.8549996456131 15.8249996462837 15.9249996440485 15.954999643378 16.0949996402487 16.1299996394664 16.20499963779 16.2299996372312 16.2749996362254 16.224999637343 16.4099996332079 16.0549996411428 16.1949996380135 17.0799996182323 17.4649996096268 17.6999996043742 18.0949995955452 18.1549995942041 18.1699995938689 17.9199995994568 -9999 -9999 -9999 -9999 -9999 -9999 -9999 -9999 -9999 -9999 -9999 -9999 -9999 -9999 -9999 -9999 -9999
-9999 -9999 -9999 -9999 -9999 -9999 -9999 -9999 -9999 17.074999618344 16.9899996202439 16.9999996200204 17.0599996186793 17.0099996197969 17.4199996106327 17.1049996176735 15.7999996468425 15.769999647513 15.7999996468425 15.6199996508658 15.3399996571243 15.6599996499717 16.2099996376783 15.9299996439368 15.9049996444955 16.0449996413663 16.1399996392429 16.244999636896 16.1049996400252 16.1049996400252 16.2149996375665 16.2899996358901 16.3249996351078 16.4299996327609 16.5499996300787 16.6449996279553 16.7199996262789 17.0199996195734 17.2049996154383 17.2949996134266 17.9499995987862 17.9299995992333 18.2849995912984 18.4549995874986 18.6899995822459 -9999 -9999 -9999 -9999 -9999 -9999 -9999 -9999 -9999 -9999 -9999 -9999 -9999 -9999 -9999 -9999 -9999
-9999 -9999 -9999 -9999 -9999 -9999 -9999 -9999 -9999 16.5899996291846 16.7299996260554 16.8449996234849 16.8149996241555 17.2449996145442 17.529999608174 16.909999622032 15.9899996425956 15.6499996501952 15.6699996497482 15.6099996510893 15.5949996514246 15.6349996505305 16.4549996322021 16.0849996404722 15.9999996423721 16.3199996352196 16.5349996304139 16.5599996298552 16.5249996306375 16.3149996353313 16.2499996367842 16.4049996333197 16.5299996305257 16.7499996256083 16.949999621138 17.1049996176735 17.2599996142089 17.4999996088445 17.5349996080622 17.7449996033683 18.1599995940924 18.1899995934218 18.399999588728 18.64999958314 18.7999995797873 -9999 -9999 -9999 -9999 -9999 -9999 -9999 -9999 -9999 -9999 -9999 -9999 -9999 -9999 -9999 -9999 -9999
-9999 -9999 -9999 -9999 -9999 -9999 -9999 -9999 -9999 17.4849996091798 16.9799996204674 16.7049996266142 16.7549996254966 17.2849996136501 17.4849996091798 16.8699996229261 15.9699996430427 15.5449996525422 15.479999653995 15.5699996519834 15.8049996467307 16.0049996422604 16.0299996417016 16.3649996342137 16.5399996303022 16.5799996294081 16.6049996288493 16.6699996273965 16.6299996282905 16.2199996374547 16.4099996332079 16.5349996304139 16.8449996234849 17.0899996180087 17.1899996157736 17.3799996115267 17.5999996066093 17.674999604933 17.8399996012449 18.1799995936453 18.4199995882809 18.6149995839223 18.5849995845929 18.8549995785579 18.6899995822459 -9999 -9999 -9999 -9999 -9999 -9999 -9999 -9999 -9999 -9999 -9999 -9999 -9999 -9999 -9999 -9999 -9999
-9999 -9999 -9999 -9999 -9999 -9999 -9999 -9999 -9999 16.5799996294081 16.7399996258318 16.8899996224791 16.8949996223673 17.2799996137619 17.4699996095151 17.3599996119738 16.6299996282905 15.6349996505305 15.3399996571243 15.519999653101 15.8649996453896 16.1399996392429 16.1399996392429 16.1449996391311 16.1599996387959 16.1549996389076 16.4199996329844 16.5199996307492 16.5349996304139 16.4349996326491 16.4499996323138 16.6849996270612 16.804999624379 16.8749996228144 16.9399996213615 17.19999961555 17.529999608174 17.7299996037036 17.9849995980039 18.1749995937571 18.3699995893985 18.6049995841458 18.7049995819107 18.7549995807931 -9999 -9999 -9999 -9999 -9999 -9999 -9999 -9999 -9999 -9999 -9999 -9999 -9999 -9999 -9999 -9999 -9999 -9999
-9999 -9999 -9999 -9999 -9999 -9999 -9999 -9999 16.8649996230379 16.8199996240437 17.054999618791 16.7949996246025 17.074999618344 16.8549996232614 16.8799996227026 17.1949996156618 16.764999625273 15.8649996453896 15.5399996526539 15.769999647513 15.954999643378 15.9599996432662 16.0649996409193 16.1549996389076 16.0849996404722 15.914999644272 16.1399996392429 16.3249996351078 16.4399996325374 16.5449996301904 16.7049996266142 16.8149996241555 16.7449996257201 16.7299996260554 16.9349996214733 17.3549996120855 17.7299996037036 17.9349995991215 18.1849995935336 18.5349995857105 18.6799995824695 18.7149995816872 18.6999995820224 -9999 -9999 -9999 -9999 -9999 -9999 -9999 -9999 -9999 -9999 -9999 -9999 -9999 -9999 -9999 -9999 -9999 -9999 -9999
-9999 -9999 -9999 -9999 -9999 -9999 -9999 -9999 16.9349996214733 16.3849996337667 15.8349996460602 17.5899996068329 17.6799996048212 16.8849996225908 16.6099996287376 16.5849996292964 16.4249996328726 16.0499996412545 16.0249996418133 16.1349996393546 16.0899996403605 16.099999640137 16.0649996409193 16.0049996422604 16.0749996406958 16.0649996409193 16.1149996398017 16.4099996332079 16.5749996295199 16.6899996269494 16.8499996233732 16.9399996213615 16.8449996234849 16.7299996260554 17.0199996195734 17.7249996038154 17.8049996020272 17.9699995983392 18.1399995945394 18.4199995882809 18.6649995828047 18.5899995844811 17.9574995986186 -9999 -9999 -9999 -9999 -9999 -9999 -9999 -9999 -9999 -9999 -9999 -9999 -9999 -9999 -9999 -9999 -9999 -9999 -9999
-9999 -9999 -9999 -9999 -9999 -9999 -9999 15.6149996509776 16.4349996326491 14.4149996777996 14.3949996782467 15.6799996495247 17.219999615103 16.7999996244907 16.6849996270612 16.5449996301904 16.4449996324256 16.0849996404722 16.1199996396899 16.1099996399134 16.0899996403605 16.0699996408075 16.059999641031 16.099999640137 16.099999640137 16.1399996392429 16.1899996381253 16.244999636896 16.5799996294081 16.7249996261671 16.8649996230379 17.1349996170029 17.2599996142089 17.3799996115267 17.5399996079504 17.6449996056035 17.9849995980039 18.2949995910749 18.5849995845929 18.8349995790049 18.8299995791167 18.8899995777756 -9999 -9999 -9999 -9999 -9999 -9999 -9999 -9999 -9999 -9999 -9999 -9999 -9999 -9999 -9999 -9999 -9999 -9999 -9999 -9999
-9999 -9999 -9999 3.8400372271426 -9999 9.88499977905303 17.1499996166676 17.054999618791 14.7799996696413 14.1749996831641 14.234999681823 17.7499996032566 17.384999611415 16.9399996213615 16.8549996232614 16.5499996300787 16.2999996356666 16.079999640584 16.0249996418133 16.0749996406958 16.0649996409193 16.1049996400252 16.1899996381253 16.1749996384606 16.2649996364489 16.349999634549 16.4399996325374 16.4549996322021 16.4899996314198 16.6249996284023 16.7999996244907 16.909999622032 17.1249996172264 17.4249996105209 17.8549996009097 18.214999592863 18.6049995841458 18.8449995787814 18.9899995755404 19.684999560006 13.2949997028336 -9999 -9999 -9999 -9999 -9999 -9999 -9999 -9999 -9999 -9999 -9999 -9999 -9999 -9999 -9999 -9999 -9999 -9999 -9999 -9999 -9999
-9999 -9999 3.88019958557561 -9999 17.0899996180087 17.0699996184558 16.9449996212497 16.7799996249378 16.8349996237084 16.9349996214733 16.8324996237643 17.9149995995685 17.5449996078387 17.1749996161088 17.0499996189028 16.5899996291846 16.3599996343255 16.0699996408075 15.9749996429309 16.0349996415898 16.059999641031 16.1449996391311 16.2349996371195 16.2199996374547 16.4849996315315 16.4999996311963 16.5849996292964 16.784999624826 16.7899996247143 16.9599996209145 17.2649996140972 17.2949996134266 17.2599996142089 17.4199996106327 17.9499995987862 18.7699995804578 18.9849995756522 19.499999564141 19.7799995578825 -9999 -9999 -9999 -9999 -9999 -9999 -9999 -9999 -9999 -9999 -9999 -9999 -9999 -9999 -9999 -9999 -9999 -9999 -9999 -9999 -9999 -9999 -9999
16.7749996250495 16.7749996250495 -9999 17.9434995989315 17.4799996092916 17.1849996158853 17.1349996170029 17.1199996173382 18.0349995968863 17.944999598898 17.7399996034801 16.639999628067 16.7399996258318 17.0249996194616 16.6299996282905 16.2349996371195 16.1249996395782 15.9699996430427 15.8499996457249 15.9399996437132 16.0399996414781 16.1449996391311 16.244999636896 16.4849996315315 16.5549996299669 16.6749996272847 16.8349996237084 16.9849996203557 17.074999618344 17.1549996165559 17.3199996128678 17.4799996092916 17.6149996062741 17.8599996007979 17.8449996011332 18.1049995953217 17.8349996013567 19.1149995727465 -9999 -9999 -9999 -9999 -9999 -9999 -9999 -9999 -9999 -9999 -9999 -9999 -9999 -9999 -9999 -9999 -9999 -9999 -9999 -9999 -9999 -9999 -9999 -9999
19.1349995722994 17.3899996113032 18.5083329196398 17.6299996059388 17.6899996045977 17.4949996089563 16.6899996269494 17.2799996137619 17.054999618791 17.4049996109679 16.4899996314198 16.2699996363372 16.0949996402487 16.2849996360019 16.6549996277317 16.6049996288493 16.3399996347725 15.9599996432662 15.7949996469542 15.8949996447191 15.9999996423721 16.1299996394664 16.3099996354431 16.5249996306375 16.5799996294081 16.7899996247143 16.8699996229261 17.1299996171147 17.2149996152148 17.239999614656 17.3349996125326 17.6449996056035 17.9549995986745 18.2799995914102 18.6449995832518 18.9649995760992 18.3138884795416 18.3594440340789 -9999 13.2399997040629 -9999 -9999 -9999 -9999 -9999 -9999 -9999 -9999 -9999 -9999 -9999 -9999 -9999 -9999 -9999 -9999 -9999 -9999 -9999 -9999 -9999 -9999
18.6483329165106 17.9799995981157 17.9099995996803 17.65499960538 17.364999611862 17.9349995991215 17.8949996000156 17.7899996023625 17.0499996189028 17.1199996173382 16.6799996271729 16.5699996296316 16.7399996258318 16.8999996222556 16.9449996212497 16.9249996216968 16.3849996337667 16.1249996395782 15.8249996462837 15.9299996439368 16.0349996415898 16.1099996399134 16.2549996366724 16.5049996310845 16.6549996277317 16.8899996224791 17.0099996197969 17.1299996171147 17.3399996124208 17.4699996095151 17.634999605827 17.9749995982274 18.1499995943159 18.2249995926395 15.528529064675 -9999 4.59499989729375 19.1399995721877 19.1449995720759 -9999 -9999 -9999 -9999 -9999 -9999 -9999 -9999 -9999 -9999 -9999 -9999 -9999 -9999 -9999 -9999 -9999 -9999 -9999 -9999 -9999 -9999 -9999
18.0749995959923 18.1849995935336 18.2649995917454 17.8149996018037 18.1949995933101 17.9349995991215 17.8499996010214 17.4149996107444 17.1449996167794 17.4599996097386 16.6499996278435 16.4649996319786 16.494999631308 17.0299996193498 17.1399996168911 16.7799996249378 16.494999631308 16.224999637343 15.9699996430427 16.1349996393546 16.2349996371195 16.3099996354431 16.4799996316433 16.5749996295199 16.9149996219203 17.1849996158853 17.3149996129796 17.5549996076152 17.6149996062741 17.6099996063858 17.8949996000156 18.1199995949864 18.3549995897338 18.2999995909631 18.5549995852634 18.4999995864928 17.2264281863879 -9999 -9999 -9999 -9999 -9999 -9999 -9999 -9999 -9999 -9999 -9999 -9999 -9999 -9999 -9999 -9999 -9999 -9999 -9999 -9999 -9999 -9999 -9999 -9999 -9999
17.6649996051565 17.6449996056035 18.2799995914102 18.5399995855987 18.5199995860457 17.7049996042624 17.6249996060506 17.3399996124208 17.3749996116385 17.2999996133149 17.1299996171147 16.7349996259436 16.4349996326491 16.6749996272847 16.7499996256083 16.2199996374547 16.0749996406958 16.0749996406958 16.2299996372312 16.3249996351078 16.494999631308 16.5349996304139 16.7699996251613 17.0299996193498 17.1149996174499 17.4299996104091 17.65499960538 17.7599996030331 17.8149996018037 17.9799995981157 17.9999995976686 17.9149995995685 -9999 -9999 -9999 13.6052278061397 -9999 -9999 -9999 -9999 -9999 -9999 -9999 -9999 -9999 -9999 -9999 -9999 -9999 -9999 -9999 -9999 -9999 -9999 -9999 -9999 -9999 -9999 -9999 -9999 -9999 -9999
19.3699995670468 18.9299995768815 18.7699995804578 18.959999576211 20.0349995521829 17.8499996010214 17.6299996059388 17.3299996126443 17.2799996137619 17.0649996185675 16.7799996249378 16.5349996304139 16.5349996304139 16.5449996301904 16.20499963779 16.4149996330962 16.2099996376783 16.3099996354431 16.4999996311963 16.6899996269494 16.7049996266142 16.8699996229261 17.2449996145442 17.5849996069446 17.7899996023625 17.8699996005744 17.8749996004626 17.9149995995685 18.1799995936453 18.3099995907396 18.3899995889515 18.4699995871633 18.504999586381 18.4999995864928 -9999 -9999 -9999 -9999 -9999 -9999 -9999 -9999 -9999 -9999 -9999 -9999 -9999 -9999 -9999 -9999 -9999 -9999 -9999 -9999 -9999 -9999 -9999 -9999 -9999 -9999 -9999 -9999
18.5949995843694 19.4099995661527 19.4099995661527 19.8499995563179 17.8549996009097 17.6024996065535 17.2049996154383 17.1149996174499 17.0299996193498 16.6899996269494 16.5399996303022 16.3599996343255 16.2599996365607 16.2949996357784 16.389999633655 16.5949996290728 16.5799996294081 16.639999628067 16.784999624826 16.8399996235967 17.074999618344 17.3099996130913 17.6649996051565 17.9149995995685 18.1449995944276 18.1949995933101 18.1399995945394 18.2399995923042 18.254999591969 18.3699995893985 18.3749995892867 18.4249995881692 18.8299995791167 18.9949995754287 18.5299995858222 4.99999988824129 -9999 -9999 -9999 -9999 -9999 -9999 -9999 -9999 -9999 -9999 -9999 -9999 -9999 -9999 -9999 -9999 -9999 -9999 -9999 -9999 -9999 -9999 -9999 -9999 -9999 -9999
-9999 -9999 -9999 -9999 7.15999983996153 17.1249996172264 17.1649996163324 17.0699996184558 16.8449996234849 16.5399996303022 16.6099996287376 16.4149996330962 16.4499996323138 16.5249996306375 16.4399996325374 16.5749996295199 16.7699996251613 16.9449996212497 17.1649996163324 17.3399996124208 17.3149996129796 17.7449996033683 18.1399995945394 18.4199995882809 18.5299995858222 18.2249995926395 18.1749995937571 -9999 -9999 -9999 -9999 -9999 -9999 -9999 -9999 -9999 -9999 -9999 -9999 -9999 -9999 -9999 -9999 -9999 -9999 -9999 -9999 -9999 -9999 -9999 -9999 -9999 -9999 -9999 -9999 -9999 -9999 -9999 -9999 -9999 -9999 -9999
-9999 -9999 -9999 -9999 -9999 17.5949996067211 16.3299996349961 16.4749996317551 16.4049996333197 16.1699996385723 16.3149996353313 16.4249996328726 16.6249996284023 16.7299996260554 16.6949996268377 16.8749996228144 17.1099996175617 17.1299996171147 16.8699996229261 17.0999996177852 17.4649996096268 17.6699996050447 18.3849995890632 18.4449995877221 18.5549995852634 -9999 -9999 -9999 -9999 -9999 -9999 -9999 -9999 -9999 -9999 -9999 -9999 -9999 -9999 -9999 -9999 -9999 -9999 -9999 -9999 -9999 -9999 -9999 -9999 -9999 -9999 -9999 -9999 -9999 -9999 -9999 -9999 -9999 -9999 -9999 -9999 -9999
