EcologicalScience/Bass/data/rs_data_bass/sst_311.asc
NCOLS 226 
NROWS 124 
XLLCORNER -9.41648524995501 
YLLCORNER 47.587301625531 
CELLSIZE 0.0833 
NODATA_value -9999 
[rows 54 to 80 of 124, columns 124 to 185 of 226]
13.3283944069408 13.7472304305993 14.2234412520193 13.5449842684902 13.5679341875948 13.6088137309998 13.6331980200484 14.2310912250541 13.4603564417921 14.1008026218042 14.1395306102931 14.174314081436 14.2571489457041 14.294442564249 14.3855250556953 14.5264519026969 15.0441399216652 14.6551866051741 14.054902783595 13.7673116098158 13.5872981818393 14.1653492692858 14.2765129399486 14.8796655014157 14.9420605939813 15.0360118253157 15.1564989006147 15.7983794505708 15.2117221434601 15.1787316347472 14.0348216043785 15.5254905687179 15.5330210109241 14.5074465009384 15.8206121847034 14.9377574841492 14.9793542125262 14.8531296574511 14.7520065763965 14.6573381600901 14.8065126342699 14.4766075471416 14.6264992062934 14.8954435708001 15.2777031608857 15.368785652332 15.2045502937399 15.2576219816692 14.5927915126085 14.1022369917482 14.0900448472239 14.2090975525789 13.1698965281248 13.0027924296446 14.692480223719 14.8391445504967 15.0804772935808 14.7649159058928 14.9531769610476 20.3152104043402 18.4546981147432 17.7112231783171
13.7450788756832 13.8275551474653 13.7450788756832 13.5880153668113 12.2038483708166 13.5664998176508 13.4503158521838 14.2824894813821 14.2927691326477 14.1216009859927 14.2065874051768 14.2051530352328 14.3016144139692 14.3428525498603 14.5641041137278 14.9985389105277 14.9941760352813 14.8255180360284 14.9194692673627 13.4223456382751 13.4632251816802 13.8698690608144 14.4084749747999 14.5476088593714 14.6415600907058 14.8940092008561 15.2827234556898 15.2848750106059 15.406796455849 15.4028519385029 14.6401257207617 14.5899227727205 14.2463911711238 14.2248756219633 14.3797875759192 15.5860926988535 16.2794312705519 15.1651051202789 14.8854029811919 14.7577440561727 15.0123447212391 14.5052949460223 14.2463911711238 15.3795434269123 15.5028992420994 15.4103823807091 15.4634540686384 15.487838357687 15.12996305665 14.6135898767971 14.0233466448262 13.9932248760015 13.7902615289204 13.0702078170143 16.045808265917 15.8373763834243 15.4132511205971 15.3672961143132 -9999 -9999 -9999 -9999
13.8046052283607 13.69415874267 13.6367839449085 13.6317636501044 13.6590166790411 14.3269549496472 8.62509536044672 14.4003468784504 14.4108655913733 14.4579607378691 14.4283170923591 14.5067293159664 14.6446678922512 14.8029267094098 14.8820561179891 14.984135445673 15.1547059381846 15.2549923034385 13.4833063608967 13.5119937597774 13.6059449911118 15.6673736623488 13.7852412341163 15.858383926563 15.8564714333043 15.0546586345881 15.1937925191596 13.7049165172502 15.0403149351478 15.5470061178785 16.2511622295715 15.7105242914986 13.8261207775213 13.8246864075772 16.0666066301055 14.2714926451445 16.086867105565 15.1034272126853 15.1328317965381 14.8588671372272 14.7104098480195 14.7240363624878 14.5095980558544 14.5339823449031 15.4555650339462 15.5064851669595 15.4957273923792 15.4220780125604 16.2946714512073 16.1795632631984 13.3276772219688 13.6331980200484 13.3111819676124 15.9962200478518 18.5718233854859 -9999 -9999 -9999 -9999 -9999 -9999 -9999
13.8605456561781 13.375728615094 13.5966215864755 13.6489760894328 14.6085695819929 13.3047273028642 14.4665669575334 14.3850469323806 14.4703919440508 14.5330260982737 14.5970946224406 13.575106037315 14.772087755613 14.8796655014157 14.9853307539597 15.0133009678684 13.2774742739275 13.3836176497862 13.6747947484255 13.6884212628938 13.7199774016626 13.494781320449 15.9607023159042 15.9650054257363 16.0360067379661 16.032420813106 13.0852687014267 15.4286705974955 13.8598284712061 15.6771751902997 16.3752352297306 14.6150242467411 16.4902238869108 14.3252815180458 13.056581302546 16.4476709119044 12.7646870189346 15.7833185661584 15.1400036462583 15.1041443976574 15.1464583110064 14.6085695819929 14.5160527206026 15.4154026755132 15.5946989185177 15.528717901092 15.7202062886208 15.9497054796666 15.7345499880612 12.9231848977506 13.1949980021454 13.1311685396358 13.7536850953475 13.4617908117361 18.2749995915219 -9999 -9999 -9999 -9999 -9999 -9999 -9999
13.8246864075772 13.2695852392353 13.5908841066994 13.4933469505049 14.6714427978732 14.6666615647264 14.5256151868962 14.4730216222815 14.4746950538829 14.491668431554 14.531113605015 14.7864314550534 14.8548030890524 14.9188716132194 14.7197332526557 14.848826547619 13.7422101357952 13.7673116098158 13.6640369738452 15.5593177932315 12.0403301971965 16.0314645664766 16.1839859038591 16.2143467343412 15.5477233028505 15.5186773114838 13.3226569271646 15.6301995746326 15.6936704446562 16.5444908831269 16.5691142338328 16.2659840523265 13.1146732852794 13.1698965281248 12.9848628053442 12.8901943890378 11.6702627516352 15.1027100277133 15.0281227906235 15.049638339784 15.0969725479372 15.0460524149239 15.4512619241141 15.7725607915781 15.7646717568859 15.685781409964 15.8430498288279 15.0209509409033 14.5669728536159 13.5270546441898 13.5442670835182 13.4732657712884 13.6088137309998 6.63282070681453 15.2549996590242 -9999 -9999 -9999 -9999 -9999 -9999 -9999
14.2873390178595 13.5184484245256 13.8003021185286 14.8836100187618 14.8380687730387 14.7218848075718 14.6272163912654 14.5590838189237 14.5330260982737 8.85029144166037 14.5299182967283 8.59999388642609 14.7028794058133 14.930585634429 14.7842799001373 14.8703420967795 13.4474471122958 13.7099368120544 15.5485600186512 13.6253089853562 15.8920916202478 13.6353495749645 16.2788933818229 15.5968504734337 15.6402401642408 16.3215658876579 16.4216131912544 15.8546784708742 15.8898205345031 15.9159977859817 16.6484827040695 15.8948408293072 16.0128177572042 16.5626595690846 16.4962004283443 16.3898179908283 15.9866405057255 15.9722968062852 15.0776085536927 15.0159306460992 15.3322092187591 15.3953214962967 15.44624162931 14.8072298192419 15.5753349242732 17.9950638950492 15.5737571173348 12.5574205620214 14.9026154205203 12.97984251054 13.4718314013444 13.4797204360366 13.2688680542633 13.6446729796007 19.7849995577708 -9999 23.7447889405303 -9999 -9999 -9999 -9999 -9999
-9999 -9999 -9999 -9999 -9999 15.6699996497482 13.400256341137 14.5225073853508 14.5354167148471 8.65521712927148 8.27008879929781 14.7632424742915 14.8585085447412 14.8079470042139 15.1361786597408 13.8433332168497 14.1309243906289 14.0785698876716 15.7436343310401 16.3127803717507 16.4732505092397 16.667846698314 15.8428449188359 15.8532441009302 15.4548478489742 16.286065231543 15.92424541316 15.9177907484118 14.5346995298751 15.967993696453 16.1458555695135 16.1795632631984 16.3036362633575 16.3072221882176 16.5224972106516 15.8919720894191 15.9285485229921 16.0081560548861 15.8790627599228 10.8411969239824 15.2203283631243 15.3063905597664 15.5050507970154 15.4297463749535 15.9948881329037 12.1448078394144 -9999 13.6408001807518 10.1441728184 17.674999604933 13.5980559564196 13.5578935979865 13.5442670835182 13.6396526847966 5.37499987985939 5.37499987985939 9.32094623974289 -9999 -9999 -9999 -9999 -9999
-9999 -9999 -9999 -9999 -9999 -9999 -9999 15.7333173263905 13.4517502221279 14.5985289923847 14.7950376747176 12.0977049949579 15.0123447212391 10.4646748136729 13.5801263321191 13.8297067023814 13.9925076910295 14.1000854368322 16.5435346364975 16.6224249834195 15.6900845197961 15.8439206962939 15.5753349242732 15.685781409964 15.6362956468947 15.767540496774 16.8256273921579 16.6989247137681 16.6896013091318 16.167012526188 16.1315118700732 16.5327768619172 16.4714575468097 16.2390896158759 16.0142521271482 15.2396923573688 15.9920193930157 15.3953214962967 13.5464186384343 16.5566830276512 16.5667236172594 15.4362010397017 15.3544419528916 15.3910183864646 16.7024628262967 15.7399996481836 -9999 -9999 -9999 -9999 -9999 -9999 -9999 -9999 -9999 -9999 -9999 -9999 -9999 -9999 -9999 -9999
-9999 -9999 -9999 -9999 -9999 -9999 -9999 -9999 16.784999624826 15.8297055488769 13.5851466269232 14.3797875759192 12.4677724405192 13.735038286075 14.1603289744817 13.7400585808791 16.0173599286936 15.1643879353069 11.7197485147044 11.6049989191815 15.7191305111628 15.8259910719935 16.8208461590111 15.5946989185177 15.5502334502526 16.9091196759837 16.0095904248301 16.0318231589627 16.203947552247 16.1404766822234 16.1021072862204 16.6559533808613 16.4797051739879 16.283196491655 16.5564439659938 16.5022965006065 16.4879528011661 16.0974455839023 13.3599505457096 16.7377124676714 16.7459600948496 15.5502334502526 15.3831293517724 15.3931699413806 13.5100077090857 13.5249996976927 -9999 -9999 -9999 -9999 -9999 -9999 -9999 -9999 -9999 -9999 -9999 -9999 -9999 -9999 -9999 -9999
-9999 -9999 -9999 -9999 -9999 -9999 -9999 -9999 -9999 15.0899996627122 13.7300179912709 13.4252143781632 13.7924130838364 13.9774468066171 14.093630772084 14.6652271947823 15.5588396699168 14.8703420967795 16.7818791088648 16.6322265113704 16.736218332313 16.7596463747323 16.8501312120352 16.0691167775076 16.6486022348981 16.6800388428383 16.7546260799281 16.4126483791042 16.4087038617581 16.7993903752649 16.323717442574 15.4139683055691 15.4046449009329 16.6455541987671 16.6208113172324 16.2136295493692 16.1698812660761 16.2161396967713 16.5705486037768 15.8751182425767 15.6348612769507 15.7596514620818 15.1400036462583 15.1249427618459 16.0609522576008 -9999 -9999 -9999 -9999 -9999 -9999 -9999 -9999 -9999 -9999 -9999 -9999 -9999 -9999 -9999 -9999 -9999
-9999 -9999 -9999 -9999 -9999 -9999 -9999 -9999 -9999 13.6399996951222 14.8251594435424 15.036968071945 15.1784925730899 15.3747621937655 15.8093762868084 14.2765129399486 16.3604134069756 16.3922086074017 16.9254356340971 16.9824518393725 16.9385242598364 16.7981353015639 16.5535752261057 16.2071748846211 16.6303140181117 17.0201040504035 16.9921338364948 16.4122897866182 16.9800612227991 16.9138411437161 16.9092989722267 16.6702373148873 16.1426282371394 16.324793220032 16.4393037538975 16.3377025495283 16.7885728352703 14.9922635420226 15.6986907394603 15.7302468782291 15.6635486758314 15.6398815717548 16.2914441188332 14.8402203279547 11.1595974020726 1.84800341501551 11.6769536150268 20.5499995406717 -9999 -9999 -9999 -9999 -9999 -9999 -9999 -9999 -9999 -9999 -9999 -9999 -9999 -9999
-9999 -9999 -9999 -9999 -9999 -9999 -9999 -9999 -9999 8.28333221018036 15.7510452424176 15.6704814638942 15.7613248936832 15.8631651597098 15.9948881329037 16.7732131237863 16.7049012552015 16.7154199681245 16.8019602880813 16.8916084095836 16.8899349779822 16.8167821108364 16.4610583647154 16.0709097399376 15.9697866588831 15.8543198783882 15.76610612683 16.9534058480058 17.0544093982317 17.0195063962601 16.9912971206941 16.3893398675136 16.5689947030041 16.4305780034047 13.7551194652915 13.2222510310821 16.4606997722294 16.4126483791042 16.4732505092397 16.5123370902147 16.4596239947714 16.3742789831012 16.2799691592809 17.021701416932 14.3349996795878 -9999 -9999 -9999 -9999 -9999 -9999 -9999 -9999 -9999 -9999 -9999 -9999 -9999 -9999 -9999 -9999 -9999
-9999 -9999 -9999 -9999 -9999 -9999 -9999 -9999 -9999 15.9862819132395 15.7648151938803 15.9376926313853 15.8826486847829 16.723548064474 15.6599627509713 16.7706432109699 15.8249152945355 16.855271037668 16.8631600723602 16.8763084635139 16.8691366137937 16.485442653764 16.4933316884562 15.8722495026886 15.8177434448153 15.8492995835841 15.8198949997313 15.7725607915781 16.5532166336197 17.0462813018821 17.0080314367078 15.885876017157 16.5005035381764 14.2600176855922 16.8765475251712 16.8966287043877 16.8705709837377 16.3172627778258 15.6951048146002 15.647770606447 16.4226889687125 16.4072694918141 16.5686361105181 14.8902276800945 -9999 -9999 -9999 -9999 -9999 -9999 -9999 -9999 -9999 -9999 -9999 -9999 -9999 -9999 -9999 -9999 -9999 -9999
-9999 -9999 -9999 -9999 -9999 -9999 -9999 -9999 13.4593318918321 16.2822402450256 16.3510900023393 16.6142968870699 16.7027497002855 16.6817122744396 15.5150913866237 15.2310861377046 15.7539139823057 15.8148747049272 15.7202062886208 16.4528107375372 16.4979933907744 16.4485076277051 16.5058824254666 15.7876216759905 15.7445905776694 15.7445905776694 15.2626422764733 15.9102603062056 15.9023712715134 14.8710592817515 15.1077303225175 15.9920193930157 15.8550370633602 16.3567079512868 16.9501785156317 16.4693059918936 16.867941305507 16.8139133709483 16.5091097578406 15.7137516238727 16.8856318681501 16.9824518393725 15.3806192043703 -9999 -9999 -9999 -9999 -9999 -9999 -9999 -9999 -9999 -9999 -9999 -9999 -9999 -9999 -9999 -9999 -9999 -9999 -9999
-9999 -9999 -9999 -9999 -9999 -9999 -9999 -9999 13.1962274620975 16.2626371891238 16.4679911527783 16.6745404247195 16.6346171279438 15.2748344209976 15.4648884385824 15.6441846815869 15.7840357511304 15.7933591557667 15.7998138205148 15.6384472018108 15.8285012193955 15.8170262598433 15.6549424561672 16.6561326771043 16.5116199052427 16.3846781651955 13.0149845741689 17.000381463673 16.8626819490455 15.9367961501703 14.2076631826349 16.6797997811809 16.4226889687125 15.7704092366621 15.8356730691157 16.9716940647922 16.9186223768629 16.8712881687097 16.8344726734795 15.8363902540877 16.2498473904561 15.3379466985352 17.3349996125326 -9999 -9999 -9999 -9999 -9999 -9999 -9999 -9999 -9999 -9999 -9999 -9999 -9999 -9999 -9999 -9999 -9999 -9999 -9999
-9999 -9999 -9999 -9999 -9999 -9999 -9999 5.38390354002611 16.5614642607979 16.1849421504885 16.5258440738544 16.5497502395883 16.4797051739879 15.8349558841437 15.5894395620562 15.4397869645618 15.9303414854221 16.8748740935698 16.7761416290887 15.7861873060465 15.7912076008506 15.8385418090038 15.7833185661584 15.5351725658402 16.5557267810218 16.4531693300232 15.7531967973337 15.7869044910185 16.7830744171515 16.7139855981804 16.9224473633803 15.5150913866237 16.562540038256 17.0697093443014 15.9030884564854 16.5901516596787 16.9033224307932 16.7935931300744 16.8251492688432 16.7689697793685 15.2425610972568 11.1683843602277 -9999 -9999 -9999 -9999 -9999 -9999 -9999 -9999 -9999 -9999 -9999 -9999 -9999 -9999 -9999 -9999 -9999 -9999 -9999 -9999
-9999 -9999 -9999 3.8400372271426 -9999 8.46563011585453 14.9709870545194 16.1741843759082 16.243751318194 14.4400311135687 16.5126956827007 16.3486993857659 16.3678243183531 16.5028941547498 16.7527135866694 16.5392315266654 16.5210628407076 15.9396648900583 15.9152806010097 15.8378246240318 15.8485823986121 15.44624162931 15.8148747049272 15.8184606297873 16.3359095870983 17.013051731512 15.4699087333865 16.9176661302336 16.8174992958084 16.7699857914122 16.2913245880045 15.5043336120434 15.3078249297105 16.5377971567214 16.5173573850188 16.6270866857376 16.4309365958907 16.4628513271455 16.482573913876 14.8063623860216 13.2949997028336 -9999 -9999 -9999 -9999 -9999 -9999 -9999 -9999 -9999 -9999 -9999 -9999 -9999 -9999 -9999 -9999 -9999 -9999 -9999 -9999 -9999
-9999 -9999 3.88019958557561 -9999 14.6735943527892 16.12595368654 16.0372020462528 16.0554902630392 16.0605105578434 16.4448021720164 16.5664845556021 15.7420804302674 16.1858983971179 16.0642160135321 16.5385143416934 15.5100710918196 16.563615815714 16.6217077984475 15.847148028668 15.9095431212336 15.8607745431364 15.8241981095634 16.3749961680733 16.3606524686329 16.6590014169924 16.7364573939703 16.8473820029758 16.9568124766229 13.2351603605784 16.999843574944 16.4700231768657 16.9714550031349 15.725943768397 16.5514236711897 16.8657897505909 16.5724610970356 17.0625374945812 19.8769229248552 18.9013314595047 -9999 -9999 -9999 -9999 -9999 -9999 -9999 -9999 -9999 -9999 -9999 -9999 -9999 -9999 -9999 -9999 -9999 -9999 -9999 -9999 -9999 -9999 -9999
16.7749996250495 16.7749996250495 -9999 12.5399997197092 15.5358897508122 15.885876017157 16.1440626070835 16.2540309694596 16.4381084456109 16.5103050661273 16.5999531876296 16.5358846634626 16.5801110700704 16.6276843398809 16.2817621217109 16.5839360565878 15.6893673348241 15.7904904158786 15.9159977859817 15.8801385373808 15.8371074390598 15.8148747049272 16.3879054975696 16.7142246598378 16.4330881508067 16.4621341421735 16.522019087337 16.5338526393753 16.8234758372419 16.7113559199497 16.721396509558 15.7847529361024 15.7295296932571 15.7309640632011 16.5444908831269 16.6054516057484 15.2318033226766 12.4347819318064 -9999 -9999 -9999 -9999 -9999 -9999 -9999 -9999 -9999 -9999 -9999 -9999 -9999 -9999 -9999 -9999 -9999 -9999 -9999 -9999 -9999 -9999 -9999 -9999
17.4370992993005 11.7765495644882 13.4723095246591 15.8868322637863 15.6776533136144 15.9712210288271 16.2492497363128 16.3477431391366 16.5765251452103 16.5322987386025 16.4636880429462 16.4268725477159 16.8535976060666 16.8899349779822 16.9188614385203 15.7639545719139 15.8234809245914 15.8177434448153 15.8543198783882 15.8127231500112 15.8234809245914 15.7424390227534 16.3427228443325 16.8287351937033 16.7825962938368 16.4624927346595 16.5012207231484 16.6102328388952 16.4893871711101 16.6193171818741 16.5999531876296 15.7359843580052 15.686498594936 15.8249152945355 14.6702474895865 16.1132236532867 16.9150364520028 17.4349996102974 4.58924450816121 13.2399997040629 -9999 -9999 -9999 -9999 -9999 -9999 -9999 -9999 -9999 -9999 -9999 -9999 -9999 -9999 -9999 -9999 -9999 -9999 -9999 -9999 -9999 -9999
13.8089083381929 15.3415326233953 15.7455468242988 15.7558264755644 16.099358077161 16.13808606565 16.1854202738032 16.256421586033 16.4641661662608 16.7077699950896 16.7586901281029 16.7027497002855 14.1969054080546 15.7331156181172 15.9826959883794 15.8550370633602 15.8550370633602 15.8363902540877 15.7359843580052 15.7237922134809 15.6778923752718 15.6613971209154 16.4983519832604 16.8265836387873 16.8100883844309 16.6690420066006 16.5503478937317 16.4599825872574 16.5030136855785 16.736935517285 16.601626619231 15.3250373690389 15.4541306640022 9.40802228823304 13.1986283543932 17.1759683951555 14.7034006588084 17.290031827637 13.2079411901598 -9999 -9999 -9999 -9999 -9999 -9999 -9999 -9999 -9999 -9999 -9999 -9999 -9999 -9999 -9999 -9999 -9999 -9999 -9999 -9999 -9999 -9999 -9999
14.7422392001109 15.6660588232335 15.5344553808682 15.4046449009329 16.1942655551247 16.2841527382843 16.1064103960525 16.2222357690334 16.3773867846467 16.498112921603 16.5112613127567 15.7072969591245 15.7295296932571 15.7876216759905 15.7797326412983 15.8571886182763 15.8536026934162 15.7474593175575 15.2411267273128 14.5655384836718 14.5820337380283 14.693197408691 16.6852981992997 16.8691366137937 16.7247433727607 15.4225745252334 16.4355982982088 16.6738232397474 16.4734895708971 16.4789879890159 16.4512568367645 16.6544592455029 15.6370128318667 14.2876293070149 14.733001174638 14.8423718828708 -9999 11.4349997444078 11.4349997444078 -9999 -9999 -9999 -9999 -9999 -9999 -9999 -9999 -9999 -9999 -9999 -9999 -9999 -9999 -9999 -9999 -9999 -9999 -9999 -9999 -9999 -9999 -9999
16.0180771136656 15.8349558841437 15.9532914045267 15.9055986038875 15.9213766732719 16.4488662201911 16.3097323356196 14.3202612232417 16.6264890315942 16.6917528640479 16.6281624631956 15.6384472018108 15.3859980916604 15.7639545719139 15.7754295314662 15.8751182425767 15.3551591378637 15.9045228264295 15.3386638835073 15.9712210288271 14.9886776171625 14.8029267094098 16.4090624542441 16.365672763437 16.3043534483295 15.4627368836664 16.3276619599201 16.1408352747094 16.3324431930669 16.4244819311425 16.8121204085182 14.2167304497811 -9999 -9999 -9999 13.6052278061397 -9999 -9999 -9999 -9999 -9999 -9999 -9999 -9999 -9999 -9999 -9999 -9999 -9999 -9999 -9999 -9999 -9999 -9999 -9999 -9999 -9999 -9999 -9999 -9999 -9999 -9999
15.7628787944559 16.1055736802518 16.0314645664766 16.191635876894 16.2877386631444 16.2492497363128 16.4130069715902 16.2132709568832 16.2107608094811 14.6135898767971 15.0575273744762 15.7051454042085 15.687215779908 15.4914242825471 15.8614917281084 15.8155918898992 15.7897732309066 15.847148028668 14.9269997095689 14.9470808887854 15.0596789293922 14.7950376747176 16.2265388788655 16.3409298819024 16.5200468286639 16.5478377463296 16.485621950007 16.4363154831808 16.2361013451591 16.3398541044444 16.724265249446 15.2006057763938 14.9072771228384 19.3517919252627 -9999 -9999 -9999 -9999 -9999 -9999 -9999 -9999 -9999 -9999 -9999 -9999 -9999 -9999 -9999 -9999 -9999 -9999 -9999 -9999 -9999 -9999 -9999 -9999 -9999 -9999 -9999 -9999
15.6778923752718 15.6764580053277 15.7947935257107 13.7891857514624 16.1416719905101 16.3534343489145 15.0614718918223 16.0547730780672 14.569841593504 14.5203558304347 16.3273033674341 15.5373241207562 15.6104769879021 15.6965391845442 15.6334269070067 14.9578386633657 14.9549699234776 15.0274056056514 14.8653218019754 16.9566331803799 16.3402126969304 16.2534333153162 16.2627567199524 16.5497024272569 16.5317010844592 16.4712782505667 16.3448743992485 16.1070080501959 16.2607246958651 16.7051403168589 14.7598956110887 14.8251594435424 15.0467695998959 15.090159290703 14.8776095711626 4.99999988824129 -9999 -9999 -9999 -9999 -9999 -9999 -9999 -9999 -9999 -9999 -9999 -9999 -9999 -9999 -9999 -9999 -9999 -9999 -9999 -9999 -9999 -9999 -9999 -9999 -9999 -9999
-9999 -9999 -9999 -9999 7.15999983996153 14.3882344211452 16.3152307537384 16.1150166157167 16.1487243094016 16.3692586882971 16.323358850088 16.3047120408155 16.3488189165946 15.6147800977342 16.1867351129185 16.5169987925328 16.2964644136373 16.6097547155805 16.4935109846992 16.4467146652751 16.3072221882176 16.4370326681528 16.8170689848252 16.0486770058051 15.7359843580052 16.2951495745219 14.8290527333905 -9999 -9999 -9999 -9999 -9999 -9999 -9999 -9999 -9999 -9999 -9999 -9999 -9999 -9999 -9999 -9999 -9999 -9999 -9999 -9999 -9999 -9999 -9999 -9999 -9999 -9999 -9999 -9999 -9999 -9999 -9999 -9999 -9999 -9999 -9999
-9999 -9999 -9999 -9999 -9999 15.4054375790599 14.7132785879076 16.283555084141 16.3355509946123 16.3993804571219 16.5779595151544 16.2961058211513 16.3294549223501 16.485084061278 16.4771950265858 16.6977294054814 16.7443464286625 16.6989247137681 16.8877834230661 16.1555375666358 15.9697866588831 15.884800239699 15.8618503205944 14.9288823201205 14.3639564238385 -9999 -9999 -9999 -9999 -9999 -9999 -9999 -9999 -9999 -9999 -9999 -9999 -9999 -9999 -9999 -9999 -9999 -9999 -9999 -9999 -9999 -9999 -9999 -9999 -9999 -9999 -9999 -9999 -9999 -9999 -9999 -9999 -9999 -9999 -9999 -9999 -9999
