EcologicalScience/Bass/data/rs_data_bass/sst_191.asc
NCOLS 226 
NROWS 124 
XLLCORNER -9.41648524995501 
YLLCORNER 47.587301625531 
CELLSIZE 0.0833 
NODATA_value -9999 
[rows 81 to 107 of 124, columns 62 to 123 of 226]
14.6180931312725 -9999 -9999 -9999 -9999 -9999 -9999 -9999 -9999 -9999 -9999 -9999 -9999 -9999 -9999 -9999 -9999 -9999 -9999 -9999 -9999 -9999 -9999 -9999 -9999 -9999 -9999 -9999 -9999 -9999 -9999 -9999 -9999 -9999 -9999 -9999 -9999 -9999 -9999 -9999 -9999 -9999 -9999 -9999 -9999 -9999 -9999 -9999 -9999 -9999 -9999 -9999 -9999 -9999 -9999 -9999 -9999 -9999 -9999 -9999 -9999 -9999
14.9648186457735 -9999 -9999 -9999 -9999 -9999 -9999 -9999 -9999 -9999 -9999 -9999 -9999 -9999 -9999 -9999 -9999 -9999 -9999 -9999 -9999 -9999 -9999 -9999 -9999 -9999 -9999 -9999 -9999 -9999 -9999 -9999 -9999 -9999 -9999 -9999 -9999 -9999 -9999 -9999 -9999 -9999 -9999 -9999 -9999 -9999 -9999 -9999 -9999 -9999 -9999 -9999 -9999 -9999 -9999 -9999 -9999 -9999 -9999 -9999 -9999 -9999
-9999 -9999 -9999 -9999 -9999 -9999 -9999 -9999 -9999 -9999 -9999 -9999 -9999 -9999 -9999 -9999 -9999 -9999 -9999 -9999 -9999 -9999 -9999 -9999 -9999 -9999 -9999 -9999 -9999 -9999 -9999 -9999 -9999 -9999 -9999 -9999 -9999 -9999 -9999 -9999 -9999 -9999 -9999 -9999 -9999 -9999 -9999 -9999 -9999 -9999 -9999 -9999 -9999 -9999 -9999 -9999 -9999 -9999 -9999 -9999 15.7740760946793 -9999
-9999 -9999 -9999 -9999 -9999 -9999 -9999 -9999 -9999 -9999 -9999 -9999 -9999 -9999 -9999 -9999 -9999 -9999 -9999 -9999 -9999 -9999 -9999 -9999 -9999 -9999 -9999 -9999 -9999 -9999 -9999 -9999 -9999 11.3199997469783 11.209999749437 11.1449997508898 -9999 -9999 -9999 -9999 -9999 -9999 -9999 -9999 -9999 -9999 -9999 -9999 -9999 -9999 -9999 -9999 -9999 -9999 -9999 -9999 17.2699996139854 7.80258665253807 7.60956144006923 7.10968351457268 8.10011596092954 7.23375651473179
-9999 -9999 -9999 -9999 -9999 -9999 -9999 -9999 -9999 -9999 -9999 -9999 -9999 -9999 -9999 -9999 -9999 -9999 -9999 -9999 -9999 -9999 -9999 -9999 -9999 -9999 -9999 -9999 -9999 -9999 -9999 -9999 -9999 11.6469371642119 12.6438925786476 9.78420971222222 11.286047202535 9.87936750180362 6.38558748736978 11.8481246246956 15.6095535856882 -9999 8.87262663078894 9.02437614053488 8.50102236028761 8.27116457675584 8.20052185701206 8.39272742951289 8.5925146717179 8.62975706276484 8.92621059369828 6.36208989974111 12.1635664815549 -9999 6.47449669102207 8.36224706820212 8.49600206548348 8.36906032543629 8.05636767763644 7.43241675198078 7.84766685077921 7.5686818966642
-9999 -9999 -9999 -9999 -9999 -9999 -9999 -9999 -9999 -9999 -9999 -9999 13.8025525680277 9.13157138768583 9.08732107491232 9.00448621064425 8.88471632031724 9.00125887827016 15.4928151867352 -9999 -9999 -9999 -9999 -9999 -9999 11.894999734126 11.2125056091809 8.98388344235718 8.4888302157633 8.44866785733029 8.18115786276758 8.16561885504052 9.02300645786283 9.15214194017736 16.1299996394664 12.7605398188791 11.2388433916494 11.2507747416385 8.277619241504 8.19657733966596 8.3375041866675 8.1741294500418 8.27869501896203 8.56019012047909 8.51966916956007 8.63728750497103 8.44687489490025 8.55947293550707 8.97508162679151 8.22813347843476 8.45727407699451 8.05995360249653 7.22515029506758 8.56019012047909 8.4648045192007 8.49492628802545 8.55301827075891 8.38985868962482 7.61314736492932 7.54286323767155 8.0585192325525 6.18666645558551
-9999 -9999 -9999 -9999 -9999 -9999 -9999 -9999 22.3281373510412 11.03434616092 9.57064398063812 8.85746329138055 8.80869471328333 8.88399913534522 8.955000447575 8.89188817003742 8.94424267299473 8.85029144166037 8.98081910656765 9.81208771663452 15.197871508688 15.2486112201778 9.72003190272621 9.22322762710974 9.06401256332174 16.2508099281817 -9999 8.237815475557 8.39846490928903 8.65772727667354 8.7000411900226 8.68223109655082 8.54369486612268 8.44042023015209 11.4225151874125 17.8549996009097 15.3903785955543 8.31516899753894 8.50173954525962 8.41567734861746 8.43217260297388 4.68488112417981 8.92487867875025 9.00125887827016 8.98834954877384 9.02098146500066 8.78108309186064 8.91232794173993 8.60860010609031 9.13895839289762 9.14541305764578 9.02779472223483 9.06795708066784 8.9268867966719 9.28461866071448 9.31215856363997 9.46169163030572 7.41448712768033 8.40276801912114 8.10370188578963 7.78527175821364 6.93182164151222
-9999 -9999 -9999 -9999 -9999 -9999 -9999 -9999 12.6250446319854 8.68533889809623 8.91985838394612 8.94567704293877 8.96719259209931 8.99659717595205 8.98297066148371 9.02887049969286 8.91053497930989 8.86822106596082 8.81873530289158 8.84025085205212 9.273430575151 8.70326852239668 8.92989897355437 8.87252417579293 8.82375559769571 8.84168522199616 8.70111696748063 8.67888423334807 8.74271369585767 8.87324136076495 8.99372843606398 8.9786675516516 8.7757042045705 8.66238897899166 8.60860010609031 8.53401286900043 8.49241614062339 8.56270026788116 8.75203710049391 8.71653644437902 8.95284889265895 9.03962827427313 9.26410717051476 9.26733450288884 9.38387706084177 9.49432354653254 9.45631274301559 9.25119784101844 9.6079973645974 9.67648852942511 7.11972410418093 6.36524551361799 8.88471632031724 9.38674580072984 8.56987211760134 8.8036744184792 8.70470289234072 7.96026489138603 8.50030517531559 8.35471662599593 5.20484022889286 7.7278969604522
-9999 -9999 -9999 -9999 -9999 -9999 -9999 -9999 14.1232914934267 8.84168522199616 8.89547409489751 8.93348489841446 9.00018310081214 9.06186100840569 9.03030486963689 8.95643481751904 8.76566361496225 8.67386393854395 8.65736868418753 8.71115755708888 8.68820763798431 8.70757163222879 8.74629962071776 8.95069733774289 8.96073792735115 8.94639422791079 8.94209111807868 8.89332253998145 8.94998015277088 9.00448621064425 8.9987487308681 9.07979063270614 9.0984374419786 8.93252865178511 8.97651599673554 8.78388011325151 8.78682057163678 8.44974363478832 8.6921521553304 8.82232122775167 9.01667835516855 9.19203008082695 9.39069031807594 9.6399120958522 9.70266578090377 9.77689442550763 9.94650867138989 9.99097413965501 10.031136498088 8.78933071903884 8.62509536044672 7.31479841656983 7.56509597180411 8.72478407155722 8.55409404821694 8.68820763798431 8.45512252207845 8.57489241240546 8.12163151009008 7.35998106980696 8.31957456236705 7.4611041508615
11.0330000307328 9.40499978978187 -9999 -9999 -9999 -9999 -9999 14.2599996812642 14.1743857999332 8.95213170768693 8.96934414701536 8.96073792735115 8.92989897355437 8.91985838394612 8.9987487308681 8.9987487308681 8.88399913534522 8.82518996763974 8.78646197915077 9.39535202039406 8.66525771887973 8.73769340105355 8.93922237819061 9.09341714717448 9.28131960984319 9.35805840184912 9.21820733230561 9.07118441304192 9.29924923414364 9.0984374419786 9.17230749409646 9.55743582407013 9.36200291919522 9.21462140744552 9.36056854925118 9.12927639577538 9.08959216065705 9.10733053563163 9.10919521655887 9.27916805492714 9.60656299465336 9.52121798298322 9.91602831007913 9.86582536203787 5.55482649523765 10.1060823276639 10.1638157179113 10.1372798739467 10.1555680907331 10.0454084790312 8.11661121528596 8.16466260841116 8.75992613518611 8.58923611184582 8.53329568402842 8.71115755708888 8.15533920377493 8.3375041866675 8.82518996763974 8.50675984006375 8.23064362583682 8.28228094382212
9.38423565332778 9.60118410736322 9.55815300904214 9.06954513310588 15.9397568368496 -9999 16.1899624452926 9.45469907682855 9.6521042403765 8.99516280600801 9.00161747075617 9.0984374419786 9.07692189281806 9.88160343142226 9.65425579529256 9.66106905252673 9.84072388801724 9.79087953246199 9.37025054637343 9.04751730896533 9.90168461063877 9.44770652335137 9.34873499721289 9.49217199161649 9.59759818250313 10.0357982004061 9.71019622310996 9.82853174349293 9.79123812494799 9.82279426371679 9.7474898416549 9.93216497194953 9.95332192862406 9.61481062183157 10.0401013102382 9.45774711295962 9.58576463046484 9.1859340085648 10.029343535658 10.1136127698701 10.1437345386948 10.190710154362 10.2563325793017 10.1595843265764 10.1064409201499 8.55481123318896 10.1706289751455 9.29781486419961 9.15222631487995 8.78215886931866 8.75634021032602 8.4529709671624 8.32674641208723 8.68175297323614 8.72048096172512 8.51034576492384 8.49026458570734 7.06521804630756 7.72646259050816 8.31168552767485 7.52708516828716 7.42739645717666
9.72202977514826 9.77617724053562 9.92248297482729 9.31646167347208 9.54476555623114 9.91746268002316 9.59090445609763 9.69441815372556 9.16370127443224 9.18091371376067 9.26625872543082 9.61767936171964 9.66501356987283 9.72023681271821 9.72740866243839 9.56604204373434 9.56604204373434 9.55671863909811 9.57034515356645 9.59257788769901 9.60763877211139 9.62341684149578 9.57823418825865 9.54309212462977 9.68222600920126 9.71808525780216 9.87012847186998 9.82351144868881 9.92965482454747 9.97196873789653 9.94256415404379 9.93180637946352 9.95117037370801 10.2337412526831 9.95905940840021 10.1032135877758 10.1143299548421 10.150547795929 10.0221716859378 10.3248237441294 9.99707021191716 10.068430116633 10.3273338915315 10.2503799440339 10.2626079478068 10.2432439535623 8.90551468450576 9.25693532079458 9.15652942471206 8.82016967283562 8.60716573614627 8.42356638330966 8.33033233694732 8.21845148131251 7.71283607603982 8.11159092048183 8.41496016364545 7.82830285653472 7.39368876349181 7.65115816844627 6.8235267107375 6.95405437564477
9.78299049776979 9.83247626083903 9.81096071167849 9.73637347458862 9.60142316902056 10.1204260271043 9.37025054637343 9.57823418825865 9.6521042403765 9.65425579529256 9.71736807283014 9.78621783014387 9.84646136779338 9.79697560472414 9.66429638490081 9.63489180104807 9.66931667970493 9.6599932750687 9.62485121143982 9.6442152056843 9.7317117722705 9.75251013645902 9.77115694573149 9.78908657003194 9.91029083030298 9.94543289393187 9.9346751193516 9.98774680728093 10.0128482813016 9.99420147202909 9.98774680728093 10.0960417380556 10.1297494317405 10.031495090574 10.0852839634754 10.1046479577199 10.1175572872162 10.1344111340586 10.1272392843384 10.350642403122 9.69226659880951 10.3578142528422 10.2756965735462 9.35518966196105 9.40754416491836 10.3468771820189 9.21031829761341 9.00878932047635 8.44723348738626 10.2290078318678 10.1412243912928 10.148396241013 8.29088716348633 7.5407116827555 7.51561020873487 7.96241644630209 7.83117159642279 7.57083345158026 7.16849268227816 6.98345895949751 6.95333719067276 6.51441998779774
9.81956693134271 9.87550735916011 9.93108919449151 9.89630572334863 9.96730703557841 9.96228674077429 9.53448590496555 9.7238227375783 9.79267249489203 9.86080506723374 9.90742209041491 9.8550675874576 9.85865351231769 9.82135989377275 9.79482404980808 9.68939785892144 9.75394450640306 9.74103517690673 9.82924892846495 9.84502699784935 9.84359262790531 9.88375498633832 9.97340310784057 9.97627184772864 9.95332192862406 9.97842340264469 9.95403911359608 9.92176578985527 9.91746268002316 9.94973600376397 10.0343638304621 10.0465559749864 9.88016906147823 9.96981718298048 10.1964476341382 9.99025695468299 9.89666431583464 9.96013518585823 10.0576723420527 10.0472731599584 10.1904232803732 10.2505233810283 9.79840997466817 8.18904689745978 8.52038635453209 8.63657031999901 9.11493269633502 8.58565018698573 8.27654346404597 7.86989958491176 9.62520980392583 7.2301705898717 7.53999449778348 7.25455487892032 7.52780235325918 7.33774833567441 7.44245734158903 7.45895259594545 7.26316109858453 7.13478498859331 6.73531295917928 6.71021148515865
10.309404267231 10.4133960881736 10.4725638483651 9.51996290928219 9.96766562806442 10.0160756136756 10.4263054176699 9.84215825796127 9.93252356443554 9.84646136779338 9.93395793437958 9.93610948929563 9.98774680728093 9.99204991711304 9.92606889968738 9.97196873789653 9.95045318873599 9.97340310784057 9.98631243733689 10.0049592466094 9.97842340264469 9.95977659337223 9.95690785348415 9.98631243733689 10.0451216050424 9.90455335052684 9.88805809617043 9.9468672638759 9.87156284181401 9.98846399225295 9.84430981287733 9.98774680728093 9.86223943717778 9.88447217131034 10.3400280655362 10.0149998362176 9.53914760728367 9.69800407858565 9.70051422598772 9.6481597230304 9.67039245716296 9.67828149185516 4.62033447669819 9.83319344581105 7.73650318011642 8.40491957403719 8.3253120421432 9.68115023174323 8.14314705925062 7.66191594302654 6.94186223112047 6.92106386693195 6.59761344455183 7.23160495981574 7.08386485558003 7.05589464167133 7.06234930641949 7.06521804630756 7.09677418507636 6.76830346789211 6.485015403945 6.39895320730284
10.307969897287 9.88913387362845 10.4031403430738 9.83373133454006 10.4100253188051 10.6145664728247 10.3956816193648 10.4120334367268 9.77761161047965 9.9346751193516 9.77976316539571 9.87443158170208 9.91172520024702 9.90455335052684 9.97412029281259 9.9985045818612 10.0142826512456 10.0472731599584 10.1656086803414 10.1433759462088 10.148396241013 10.1749320849776 10.1060823276639 10.0401013102382 10.0573137495667 9.93252356443554 9.88590654125437 9.79840997466817 9.74820702662691 9.84430981287733 9.95117037370801 10.0085451714694 9.66716512478888 9.64708394557238 10.007684549503 9.85937069728971 9.06006804597564 9.4688634800259 9.4606158528477 9.43156986148097 9.49002043670043 9.58146152063273 9.46814629505388 8.1302377297543 9.1977675606031 8.45512252207845 8.34969633119181 9.42439801176079 9.2816782023292 9.14326150272973 7.29830316221341 7.41592149762437 7.42883082712069 8.92114931689575 6.88018432352692 7.06736960122362 7.06163212144747 7.09749137004837 7.09533981513232 6.28778953664005 6.14004943240434 6.17519149603322
10.3159784628078 10.1832992429845 10.175171146635 10.5980712184682 10.5082796599716 10.03185368306 10.0639477105578 9.96569336939137 9.80486463941634 9.68294319417328 9.72597429249436 9.89666431583464 9.88590654125437 9.98846399225295 9.9031189805828 9.90598772047088 10.0228888709098 10.0903042582795 10.1247291369364 10.1562852757052 10.1419415762648 10.1677602352574 10.1928617092781 10.2351756226271 10.1476790560409 10.0372325703502 9.79769278969616 9.69441815372556 9.69154941383749 9.79195530992001 9.83570359321311 9.80199589952826 9.25478376587853 9.2856227196753 9.28490553470328 9.59449038095772 9.52889186218381 9.11349832639098 9.1780449738726 9.20960111264139 5.23496199771762 5.12523269699886 9.36020995676517 9.1382412079256 9.06616411823779 8.94962156028487 8.8832819503732 9.01022369042039 9.09157295724643 9.10532241770998 7.18355356669053 6.85866877436638 7.07382426597178 8.55301827075891 6.86225469922647 8.22000538208522 14.6293945085878 15.9899996425956 -9999 -9999 -9999 -9999
10.6504257214256 10.6991942995228 10.3967813029885 10.4182968521491 10.3991719195619 10.4390952163376 10.5209738339763 10.6041672907304 10.3861430592369 9.70015563350171 9.78478346019983 9.83570359321311 9.81849115388468 9.8471785527654 9.90742209041491 9.86223943717778 9.80845056427643 9.95117037370801 9.88088624645025 9.95188755868003 9.97627184772864 9.9705343679525 10.0953245530836 10.2459333972074 10.1440931311809 9.7396008069627 9.78908657003194 9.87023092686598 9.80486463941634 9.89164402103052 9.70015563350171 9.57966855820268 9.08839685237035 9.31803948041052 9.22437512306496 9.42403941927478 9.10381632926874 9.14326150272973 9.11242254893295 9.14828179753385 9.10202336683869 9.0267189447768 8.15964231360704 8.73303169873543 7.87491987971589 8.82052826532163 9.00936306845397 8.62186802807264 8.84785301275551 7.87994017452002 7.09031952032819 7.01716665318236 7.20506911585107 8.68775939737679 9.8897315277718 17.7749996026978 -9999 -9999 -9999 -9999 -9999 -9999
10.6801888977643 10.6375163919292 10.6809060827363 10.430249935016 10.6436124641914 10.5342417559586 10.3912828848697 10.361878301017 10.4794966364279 10.0535485284636 9.67935726931319 9.73386332718655 9.68294319417328 9.66071046004072 9.5603045639582 9.78191472031176 9.77832879545167 9.68652911903337 9.54739523446187 9.55815300904214 9.36164432670921 9.63919491088018 9.6162449917756 9.6241340264678 9.56891078362241 9.53305153502151 9.4649189626798 10.0465559749864 8.23077402310446 13.7899996917695 15.3499996569008 8.35995207629167 8.51295371027663 16.4649996319786 -9999 14.8099996689707 9.25507063986734 9.34600969431922 9.41442914064974 8.95177311520092 8.88471632031724 9.18378245364875 9.06795708066784 7.70996733615175 8.61577195581049 8.52002776204608 8.6681264587678 8.64775840556249 8.71330911200494 7.15056305797771 6.8794671385549 8.48682209784165 7.52339678843107 14.8499996680766 -9999 -9999 -9999 -9999 -9999 -9999 -9999 -9999
10.3000808625948 10.2358928075992 10.1837773662992 10.4120812490582 10.6776787503622 10.4565467173234 10.6095461780205 10.6188695826568 10.2798801525496 10.2017069905996 10.2722301795147 9.36666462151334 9.38459424581379 9.31215856363997 9.35232092207298 9.44196904357523 9.61194188194349 9.52157657546923 9.28920864453539 9.45487837307155 9.44770652335137 9.39104891056195 9.23685414157808 9.36236151168123 9.42834252910689 9.40826134989038 9.42117067938671 9.31000700872391 10.080821479205 -9999 -9999 -9999 -9999 -9999 16.3799996338785 8.6998875075286 9.3414197104983 9.36336557064205 9.27931149192154 8.13669239450246 8.42571793822572 8.21988585125655 9.01990568754263 8.9747230343055 7.24523147428408 8.55696278810501 7.89500105893239 7.93229467747733 8.21486555645242 7.71857355581596 7.93358561042696 8.5285827542123 8.03924488642951 -9999 -9999 -9999 -9999 -9999 -9999 -9999 -9999 -9999
10.3757438771427 10.2247764405329 10.1164815097582 9.79052093997598 10.6228141000029 10.6439710566774 10.2590817883611 10.5518127877731 10.4528412616346 10.2385224858299 10.1295103700832 10.1835383046418 9.07763907779008 9.22753073694184 9.21749014733359 9.23685414157808 9.34228033246472 9.36666462151334 9.25478376587853 9.7142462088343 10.3158865160165 9.38029113598168 7.79029205301777 9.11206395644695 9.13286232063547 9.0503860488534 9.18521682359278 9.00018310081214 9.94235924405179 7.35499983560294 -9999 -9999 -9999 -9999 -9999 14.7699996698648 9.25505271024304 7.26531265350059 5.8797112875618 6.85508284950629 8.06353952735662 7.97460859082639 8.17757193790749 7.70494704134762 8.27510909410194 8.53473005397245 8.13525802455842 7.92512282775715 7.3334452258423 7.62749106436968 7.90145572368056 7.87205113982782 8.28371531376615 14.9931054548158 9.46571169989304 22.2395515984709 -9999 -9999 -9999 -9999 -9999 -9999
10.2075640012044 10.3667790649924 10.2792824984062 10.5385448657908 10.547868270427 10.5995055884123 10.4471037818585 10.3331909021363 9.55779441655613 9.8988158707507 10.1154057323001 10.0797855453566 10.0458387900144 9.03030486963689 9.15366068482399 9.23972288146615 9.22107607219368 9.22035888722166 9.23470258666202 9.23183384677395 9.19956052303314 9.25836969073862 9.16011534957215 8.86033203126863 8.86248358618468 8.40491957403719 7.99971006484702 8.01979124406353 9.59501631660387 7.57454977370799 14.2128736936992 24.7149994475767 -9999 -9999 -9999 -9999 9.30833357712254 9.40929728373885 8.5536376577802 8.4967192504555 7.79029205301777 7.65259253839031 7.61027862504125 8.07501448690891 8.15390483383089 8.07429730193689 8.14458142919466 8.21271400153637 8.17542038299143 7.98751792032272 8.08792381640524 7.93229467747733 9.05257979112075 9.86999977938831 -9999 -9999 -9999 -9999 -9999 -9999 -9999 -9999
9.90383616555482 9.95368052111007 10.5410550131928 10.628192987293 10.6930982272606 10.4399319321383 10.2975707151927 10.1835383046418 10.0469145674724 9.4964751014486 9.89522994589061 9.96886093635112 9.98918117722496 9.05325478874147 9.05110323382542 9.18091371376067 9.07907344773412 9.18234808370471 9.19167148834094 9.1421857252717 9.17661060392857 9.11493269633502 10.1550899674185 8.06353952735662 8.02839746372774 7.89500105893239 8.04991301288828 8.08218633662909 8.03987242328003 9.00850244648755 14.2375692991893 -9999 -9999 -9999 -9999 -9999 -9999 -9999 -9999 -9999 -9999 -9999 -9999 -9999 -9999 -9999 8.18133715901058 8.13310646964237 8.10370188578963 8.30809960281476 18.8125459429688 -9999 -9999 -9999 -9999 -9999 -9999 -9999 -9999 -9999 -9999 -9999
10.5581479216926 10.0569551570807 10.0487075299025 10.2208319231868 10.4004867586773 10.1778008248657 10.0454801975284 10.068430116633 9.71414074045606 10.0782555507496 9.86558630038053 9.9177017416805 9.97459841612726 10.0616168593988 8.90479749953374 8.97795036667958 9.01165806036443 8.93993956316262 9.41471601463854 9.33152255788445 9.0145268002525 8.97651599673554 10.0892284808215 11.1143178362673 12.4350863242304 15.3149996576831 9.30952888540924 7.94233526708558 7.83762626117095 7.70853296620771 6.66922948675762 13.2138907289983 20.2695072510017 -9999 -9999 -9999 -9999 -9999 -9999 -9999 -9999 -9999 -9999 -9999 -9999 -9999 -9999 -9999 -9999 -9999 -9999 -9999 -9999 -9999 -9999 -9999 -9999 -9999 -9999 -9999 -9999 -9999
10.3025910099968 10.0526520472486 10.0085451714694 10.0393841252662 10.0612582669128 10.1415829837788 10.0895870733075 9.82422863366082 10.2624286515638 9.70410015084781 9.73816643701866 9.88638466456905 9.94304227735847 10.0051983082667 10.1067995126359 8.90479749953374 8.78000731440261 8.51895198458806 9.05540634365752 8.74845117563382 9.20888392766938 9.11995299113914 9.27486494509503 7.94018371216953 7.77021087380126 7.89500105893239 7.84981840569526 7.94090089714155 7.86487929010764 7.63538009906188 6.23973814351484 7.54521038848907 16.1275291028619 -9999 -9999 -9999 -9999 -9999 -9999 -9999 -9999 -9999 -9999 -9999 -9999 -9999 -9999 -9999 -9999 -9999 -9999 -9999 -9999 -9999 -9999 -9999 -9999 -9999 -9999 -9999 -9999 -9999
10.0662785617169 10.5349589409307 10.0429700501263 9.97734762518667 10.1078752900939 10.071298856521 9.93861963669769 9.97017577546649 9.62987150624394 9.36020995676517 9.75705230794847 9.81179742747918 9.85148166259751 9.871204249328 10.0106967263855 8.51464887475595 8.40778831392527 8.38196965493262 8.52970975916833 8.55481123318896 8.48954740073532 8.62724691536278 8.08433789154515 7.84766685077921 7.75371561944485 7.85340433055535 7.74152347492054 7.33487959578633 7.2538376939483 6.98776206932962 8.14509370417467 9.49432354653254 21.3801423470723 -9999 -9999 -9999 -9999 -9999 -9999 -9999 -9999 -9999 -9999 -9999 -9999 -9999 -9999 -9999 -9999 -9999 -9999 -9999 -9999 -9999 -9999 -9999 -9999 -9999 -9999 -9999 -9999 -9999
10.2898251174949 10.4037140910514 10.1849726745859 9.96372111071832 9.97663044021465 9.84036529553123 9.83175907586701 9.74605547171086 9.77617724053562 9.52265235292725 9.60716064879671 9.72131259017624 9.67648852942511 9.70159000344574 9.7754600555636 9.71688994951546 9.26769309537485 8.25933102471754 8.34969633119181 9.83441266026348 9.74701171834022 7.72431103559211 7.61888484470546 7.64900661353022 7.62390513950959 7.84479811089113 7.88280891440809 7.52995390817523 7.58159122616053 7.71498763095587 8.82375559769571 10.0406391989673 14.4356110996464 -9999 -9999 -9999 -9999 -9999 -9999 -9999 -9999 -9999 -9999 -9999 -9999 -9999 -9999 -9999 -9999 -9999 -9999 -9999 -9999 -9999 -9999 -9999 -9999 -9999 -9999 -9999 -9999 -9999
