EcologicalScience/Bass/data/rs_data_bass/sst_159.asc
NCOLS 226 
NROWS 124 
XLLCORNER -9.41648524995501 
YLLCORNER 47.587301625531 
CELLSIZE 0.0833 
NODATA_value -9999 
[rows 0 to 26 of 124, columns 62 to 123 of 226]
-9999 -9999 -9999 -9999 -9999 -9999 -9999 -9999 -9999 -9999 -9999 -9999 -9999 -9999 -9999 -9999 -9999 -9999 -9999 -9999 -9999 -9999 -9999 -9999 -9999 -9999 -9999 -9999 -9999 -9999 -9999 -9999 -9999 -9999 -9999 -9999 -9999 -9999 -9999 -9999 -9999 -9999 -9999 -9999 -9999 -9999 -9999 -9999 -9999 -9999 -9999 -9999 -9999 -9999 -9999 -9999 -9999 -9999 -9999 -9999 -9999 -9999
-9999 -9999 -9999 -9999 -9999 -9999 -9999 -9999 -9999 -9999 -9999 -9999 -9999 -9999 -9999 -9999 -9999 -9999 -9999 -9999 -9999 -9999 -9999 -9999 -9999 -9999 -9999 -9999 -9999 -9999 -9999 -9999 -9999 -9999 -9999 -9999 -9999 -9999 -9999 -9999 -9999 -9999 -9999 -9999 -9999 -9999 -9999 -9999 -9999 -9999 -9999 -9999 -9999 -9999 -9999 -9999 -9999 -9999 -9999 -9999 -9999 -9999
-9999 -9999 -9999 -9999 -9999 -9999 -9999 -9999 -9999 -9999 -9999 -9999 -9999 -9999 -9999 -9999 -9999 -9999 -9999 -9999 -9999 -9999 -9999 -9999 -9999 -9999 -9999 -9999 -9999 -9999 -9999 -9999 -9999 -9999 -9999 -9999 -9999 -9999 -9999 -9999 -9999 -9999 -9999 -9999 -9999 -9999 -9999 -9999 -9999 -9999 -9999 -9999 -9999 -9999 -9999 -9999 -9999 -9999 -9999 -9999 -9999 -9999
-9999 -9999 -9999 -9999 -9999 -9999 -9999 -9999 -9999 -9999 -9999 -9999 -9999 -9999 -9999 -9999 -9999 -9999 -9999 -9999 -9999 -9999 -9999 -9999 -9999 -9999 -9999 -9999 -9999 -9999 -9999 -9999 -9999 -9999 -9999 -9999 -9999 -9999 -9999 -9999 -9999 -9999 -9999 -9999 -9999 -9999 -9999 -9999 -9999 -9999 -9999 -9999 -9999 -9999 -9999 -9999 -9999 -9999 -9999 -9999 -9999 -9999
-9999 -9999 -9999 -9999 -9999 -9999 -9999 -9999 -9999 -9999 -9999 -9999 -9999 -9999 -9999 -9999 -9999 -9999 -9999 -9999 -9999 -9999 -9999 -9999 -9999 -9999 -9999 -9999 -9999 -9999 -9999 -9999 -9999 -9999 -9999 -9999 -9999 -9999 -9999 -9999 -9999 -9999 -9999 -9999 -9999 -9999 -9999 -9999 -9999 -9999 -9999 -9999 -9999 -9999 -9999 -9999 -9999 -9999 -9999 -9999 -9999 -9999
-9999 -9999 -9999 -9999 -9999 -9999 -9999 -9999 -9999 -9999 -9999 -9999 -9999 -9999 -9999 -9999 -9999 -9999 -9999 -9999 -9999 -9999 -9999 -9999 -9999 -9999 -9999 -9999 10.484999765642 6.37091127489693 10.9150669761002 10.4783013281412 10.2136600734666 8.45512252207845 11.8187200408429 11.8847010582685 8.06569108227268 8.06389811984263 11.7599108731374 11.8983275727369 11.9399243011139 9.20027770800516 9.36774039897136 9.36774039897136 8.07824181928299 8.73518325365148 9.4806970320642 9.62162387906574 9.45702992798761 10.4833216229454 12.4756614752114 12.5057832440361 12.3609118796885 12.6076235100627 12.539490937721 12.6664326777682 12.6736045274884 12.5552690071054 12.8414258109406 12.6728873425163 12.7553636142984 12.8356883311644
-9999 -9999 -9999 -9999 -9999 -9999 -9999 -9999 -9999 -9999 -9999 -9999 -9999 -9999 -9999 -9999 -9999 -9999 -9999 -9999 -9999 -9999 -9999 -9999 -9999 -9999 -9999 6.51779497590135 6.34121981705539 6.38604387780651 10.7400738429278 11.1718191960827 6.9949339190498 10.0228888709098 9.62843713629991 9.03640094189905 9.13322091312148 10.9803308085538 8.28873560857028 8.40025787171908 9.30319375148974 11.6301003932022 11.7125766649842 11.9112369022332 11.7799920523539 9.70661029824987 9.67828149185516 9.87981046899222 12.0252693127841 12.0152287231758 12.2547685038298 12.4175694924779 12.3121433015913 12.459883405827 12.6176640996709 12.7166356258094 12.7051606662571 12.9353770422749 12.8227790016681 12.8952146838419 13.137623204384 14.1366618704051
-9999 -9999 -9999 -9999 -9999 -9999 -9999 -9999 -9999 -9999 -9999 -9999 -9999 -9999 -9999 -9999 -9999 -9999 -9999 -9999 -9999 -9999 -9999 -9999 -9999 -9999 6.57474790014984 7.0508743468672 6.45274208020419 9.69872126355767 7.2975859772414 8.67027801368386 6.40755942696705 6.37492751074024 11.5497756763361 11.665242456831 11.5361491618678 11.3152561904863 8.23279518075287 9.32757804053836 9.35877558682114 9.38208409841172 8.49779502791353 8.46588029665872 9.65318001783453 9.54560227203183 10.7455722610466 11.5894599114545 10.508423096966 9.86546676955186 11.9506820756942 12.3099917466752 12.3566087698564 12.3953367583454 12.6169469146989 12.5574205620214 12.6850794870406 12.8263649265282 13.2846461236477 13.9394360031001 12.978408140596 13.2473525051028
-9999 -9999 -9999 -9999 -9999 -9999 -9999 -9999 -9999 -9999 -9999 -9999 -9999 -9999 -9999 -9999 -9999 -9999 -9999 -9999 -9999 -9999 -9999 -9999 -9999 6.1138778728699 6.13502913760021 6.38676106277853 7.14789922808164 6.51262702536769 11.8674886189401 10.9200872709043 11.7190313297324 12.459883405827 12.6147953597829 6.66753897932358 7.88113548280671 7.84575435752049 9.14433728018776 7.84001687774435 9.29530471679755 11.6200598035939 11.6415753527544 11.62221135851 11.6336863180622 11.5997395627201 11.7171188364737 11.1140858058352 10.9100466812961 11.2055268897675 12.7046825429425 12.6700186026283 9.36594743654132 12.7983947126195 12.8894772040658 12.8514664005488 12.7940916027874 12.8077181172557 13.5241859043017 13.7536850953475 12.8866084641777 12.7611010940745
-9999 -9999 -9999 -9999 -9999 -9999 -9999 -9999 -9999 -9999 -9999 -9999 -9999 -9999 -9999 -9999 -9999 -9999 -9999 -9999 -9999 -9999 -9999 -9999 -9999 7.94472588365898 7.70470797969028 6.21750540938228 6.99517298070714 6.53378398204222 10.5638256360544 7.73028757702559 7.75299843447283 6.55027923639864 11.5748771503568 6.47497481433675 11.8251747055911 11.6688283816911 11.54403819656 11.3941465374082 11.8459730697796 11.744849988725 11.5648365607485 9.85184025508352 12.5516830822453 12.301385527011 12.2758059296757 12.4398022266105 12.6750388974324 12.5318409646861 12.7496261345223 12.7570370458998 13.1498153489083 12.7589495391585 12.4046601629816 12.2153233303688 11.3658177310135 10.9806894010399 10.8056962678675 10.8716772852931 12.5918454406783 12.4448225214146
-9999 -9999 -9999 -9999 -9999 -9999 -9999 -9999 -9999 -9999 -9999 -9999 -9999 -9999 -9999 -9999 -9999 -9999 -9999 -9999 -9999 -9999 -9999 -9999 5.82018493488431 9.41579179209657 7.67769401241094 6.09128085430712 10.7300332533196 6.53019805718213 7.39978483575396 10.6418195017613 7.96337269293144 10.5726111519616 6.82029937836342 11.5949583295733 9.39033172558993 6.54525894159451 9.31000700872391 11.4049043119885 12.0838394188322 12.0515660950914 9.89953305572271 12.4201991707087 12.5629189801402 12.0369833339937 12.3982054982334 12.6090578800067 12.687470103614 12.7307402635925 10.9498504472431 10.9580980744213 10.7999587880913 10.6411023167893 10.7637409470044 10.1268806918524 10.7250129585154 10.6428952792194 10.9043092015199 13.3126163375564 11.3579286963213 13.255241539795
-9999 -9999 -9999 -9999 -9999 -9999 -9999 -9999 -9999 -9999 -9999 -9999 -9999 -9999 -9999 -9999 -9999 -9999 -9999 -9999 -9999 -9999 -9999 -9999 6.26938178902492 5.85245825862512 5.79257331346162 5.85353403608315 7.90289009362459 10.4001281661913 10.987502658274 11.1746879359707 10.4553514090367 10.5449995305389 8.06664732890204 6.74678791873157 9.44017608114518 9.10704366164282 6.97987303463742 7.65474409330636 7.93157749250531 7.73148288531229 7.65976438811049 12.5653095967136 12.5296894097701 12.7101809610613 12.4923957912251 12.551444020588 12.8435773658566 12.7376730516553 12.9681284893304 10.8354594442062 10.7633823545184 10.7253715510014 9.7715155382175 9.21246985252947 12.700140371453 12.1195791366044 10.9186529009603 11.2546540603507 10.8619952881709 13.4503158521838
-9999 -9999 -9999 -9999 -9999 -9999 -9999 -9999 -9999 -9999 -9999 -9999 -9999 -9999 -9999 -9999 -9999 -9999 -9999 -9999 -9999 -9999 -9999 6.46499985549599 10.2186803682707 5.8915448396001 10.66978971567 10.6231726924889 9.86941128689796 9.81060211919248 6.70913570770063 11.4350260808133 9.8034302694723 9.94830163381994 9.50938443094492 6.8952452079393 6.97198399994522 6.9074373524636 7.10609758971259 9.39750357531011 9.69728689361364 11.6200598035939 11.744849988725 12.2578763053752 12.2028921241872 12.1835281299427 12.7881150613539 12.7835728898644 12.6750388974324 12.9999236897565 10.9552293345332 10.8150196725037 12.9167302330025 12.9282051925547 12.8421429959126 10.1942960792221 13.0085299094208 13.0515610077418 12.97984251054 13.2997070080601 11.0366298288573 11.2715079071932
-9999 -9999 -9999 -9999 -9999 -9999 -9999 -9999 -9999 -9999 -9999 -9999 -9999 -9999 -9999 -9999 -9999 -9999 -9999 -9999 -9999 9.15652942471206 10.4352702298202 10.4166234205477 10.390804761555 7.86559647507966 7.88496046932414 9.64780113054439 10.0730918189511 9.38387706084177 9.27414776012301 7.49266028963029 7.36643573455513 7.50126650929451 7.8713339548558 7.0307931676507 7.05230871681124 12.4168523075059 10.2753379810601 11.2048097047955 12.3229010761715 11.6874751909636 11.7900326419622 12.5093691688962 12.4517553094774 14.5425885645673 12.8117821654305 12.7646870189346 13.2803430138156 12.8385570710525 12.8787194294855 12.900234978646 13.1849574125372 13.3097475976683 13.1447950541042 10.5833689265419 13.1534012737684 13.457487701904 13.4998016152531 13.494781320449 13.4101534937508 10.6134906953666
-9999 -9999 -9999 -9999 -9999 -9999 -9999 -9999 -9999 -9999 -9999 -9999 -9999 -9999 -9999 -9999 -9999 -9999 -9999 -9999 6.48931851377711 8.8036744184792 8.24833418847993 10.3814813569188 10.2351756226271 7.97819451568648 7.82184819178656 7.79531234782189 7.86487929010764 8.66382334893569 9.68294319417328 7.47329629538581 7.6841486771591 7.62533950945362 7.49839776940644 7.5564897521399 9.97340310784057 8.66095460904762 10.0436872350983 8.3654744005762 9.98129214253277 9.3092898237519 10.2416302873753 12.9748222157359 12.4498428162187 12.3702352843247 12.9447004469112 13.0709250019863 12.5901720090769 12.5569424387068 12.8187149534933 11.1958448926453 10.6256828398909 10.6898708948866 10.4621646662708 10.4341944523621 10.1032135877758 11.06782737514 11.0341196814552 9.89558853837661 10.9225974183064 13.5550248580985
-9999 -9999 -9999 -9999 -9999 -9999 -9999 -9999 -9999 -9999 -9999 -9999 -9999 -9999 -9999 -9999 -9999 -9999 -9999 -9999 10.3281673338416 7.34097566804849 8.03174432693049 10.4962309524417 10.7802362013608 8.00377411302179 10.0386669402942 10.666920975782 10.7450941377319 10.4345530448481 8.97795036667958 8.20769370673224 11.1001006988809 9.33080537291244 8.95428326260298 7.33989989059046 8.82805870752782 8.13454083958641 7.51058991393074 7.6325113591738 7.67195653263479 7.84766685077921 7.95524459658191 12.5531174521893 11.5332804219797 13.3943754243664 13.6597338640131 13.2401806553826 13.6647541588172 13.814645817969 12.5870642075315 12.5251472382806 10.7429425828159 13.0350657533854 11.1377529099118 13.3448896612972 11.1377529099118 9.98559525236487 13.6998962224461 13.6998962224461 11.8140583385248 13.6597338640131
-9999 -9999 -9999 -9999 -9999 -9999 -9999 -9999 -9999 -9999 -9999 -9999 -9999 -9999 -9999 -9999 -9999 -9999 6.51408312818967 7.63394572911784 6.96015044790693 10.9753105137497 10.9502090397291 10.905026386492 8.31383708259091 8.81514937803149 9.39893794525415 10.4202093454078 10.2896816805005 9.84574418282136 10.58803062886 10.745811322704 10.9007232766598 11.1108584734611 11.0549180456437 8.41567734861746 8.49098177067935 8.49958799034357 7.37073884438723 7.8512527756393 7.83906063111499 9.831400483381 11.943510225974 8.83594774222001 13.2997070080601 13.375011430122 13.2946867132559 12.5038707507774 13.4051331989467 10.8211157447658 13.6202886905521 13.5048219100572 13.0049439845607 13.6360667599365 13.6396526847966 13.6116824708879 13.5284890141338 13.7041993322782 13.7128055519424 13.7522507254034 13.7716147196479 13.7300179912709
-9999 -9999 -9999 -9999 -9999 -9999 -9999 -9999 -9999 -9999 -9999 -9999 -9999 -9999 -9999 -9999 7.09228513839965 11.9198431218974 8.7489292989485 9.20529800280929 9.23255103174597 9.35518966196105 8.34897914621979 10.985351103358 9.57895137323067 10.2753379810601 9.40754416491836 10.4983825073577 10.4352702298202 10.309045674745 10.1656086803414 10.7164067388512 11.3798028379679 11.1746879359707 11.7097079250962 8.4092226838693 7.2100894106552 7.34276863047853 9.59974973741919 10.6848506000824 10.7809533863328 9.34873499721289 13.1949980021454 13.2200994761661 13.3577989907935 13.3699911353178 13.1562700136565 12.5504877739586 10.868808545405 10.9588152593933 10.1448103161529 9.90634631295688 11.3747825431637 13.5191656094976 13.6482589044608 13.5901669217274 13.6647541588172 11.6853236360475 11.6035645492375 12.0596941914409 13.6375011298805 13.6597338640131
-9999 -9999 -9999 -9999 -9999 -9999 -9999 -9999 -9999 -9999 8.39747368123305 6.70543276845036 8.45127990360416 -9999 -9999 -9999 6.72353063463899 8.64756715623662 8.85483361314982 9.40969571983442 9.08983122231439 9.114215511363 7.78431551158428 10.7716299816966 10.5952024785802 10.2466505821794 10.4897762876935 10.546433900483 10.6948911896907 10.3614001777023 9.84359262790531 10.5550401201472 9.87945187650621 11.3324686298147 7.20004882104695 7.17494734702632 7.4611041508615 8.7595675427001 9.69441815372556 10.4811700680293 8.82016967283562 8.58349863206968 13.0551469326019 13.096743660979 13.179219932761 13.2380291004665 13.3463240312412 13.2717367941514 11.2130573319737 11.2012237799354 13.1928464472294 13.1713308980688 13.2200994761661 13.4015472740866 13.3499099561013 13.456770516932 13.3628192855977 13.4015472740866 10.0250404258259 13.3721426902339 9.92965482454747 9.09126559225842
-9999 -9999 -9999 -9999 -9999 -9999 -9999 -9999 -9999 -9999 -9999 -9999 -9999 -9999 -9999 -9999 -9999 7.21499983873218 7.48548843991011 8.86702575767413 9.68509474908933 9.8909268360585 10.8498031436466 10.7651753169484 10.8053376753815 9.61194188194349 10.5550401201472 10.6547288312577 8.95284889265895 8.87754447059706 8.8273415225558 8.71904659178108 9.08767966739833 11.1732535660267 10.2222662931308 7.22873621992767 7.30260627204552 8.37551499018446 9.19884333806112 9.05684071360156 12.5717642614618 12.57821892621 12.7453230246902 9.4964751014486 12.4247413421981 13.3126163375564 10.2054124462884 12.7283496470191 13.2000182969496 13.1741996379569 13.1698965281248 13.0902889962308 11.0147556872107 10.8594851407688 10.9441129674669 11.1549653492402 11.2772453869693 11.1413388347719 10.9559465195052 11.9542680005543 15.4347666697577 16.4101382317021
-9999 -9999 -9999 -9999 -9999 -9999 -9999 -9999 -9999 -9999 -9999 -9999 -9999 -9999 7.21428338364374 9.17661060392857 9.1021258218347 8.86248358618468 9.16154971951619 10.9516434096731 12.6771904523484 14.2600176855922 10.9652699241415 10.7651753169484 10.6597491260618 10.7128208139911 10.0860011484474 9.22322762710974 9.35447247698903 9.23255103174597 8.60716573614627 8.13095491472632 7.88854639418423 9.12855921080336 8.68605608306825 8.95177311520092 7.17925045685843 7.54788353247568 9.42870112159289 8.67780845589004 12.0496536018327 12.3616290646605 9.80558182438836 10.0454801975284 10.2957777527627 10.150189203443 9.55026397434995 11.0359126438852 11.6537674972787 11.5074617629871 11.0617313028779 11.3403576645069 11.1599856440444 11.0097353924066 10.945547337411 10.9810479935259 10.7605136146303 10.868091360433 15.1098818774335 15.3824121668003 15.4189886003733 15.3802606118843
-9999 -9999 -9999 -9999 -9999 -9999 -9999 -9999 -9999 -9999 -9999 -9999 11.4056172833395 11.0214494136162 10.1311838016845 9.94643695289269 10.2945585383102 11.3812372079119 11.0181981750764 13.5959044015035 15.2203283631243 15.2748344209976 9.94232509238645 9.86152225220576 9.92822045460343 9.82351144868881 10.4653919986449 9.393200465478 9.30857263877988 9.43766593374312 9.47639392223209 8.92918178858235 8.77283546468243 8.36332284566015 8.4888302157633 8.72836999641731 9.47711110720411 8.17040008818731 8.42858667811379 9.55313271423802 8.92631304869428 9.26482435548678 10.1035721802618 9.53771323733963 10.0060350240674 9.83893092558719 10.1731391225476 12.7520167510957 10.9918057681061 11.4361018582713 11.3980910547543 10.8368938141502 13.1175420251675 13.2251197709702 11.104403808713 10.9046677940059 12.6645201845095 13.4957375670783 16.1548203816637 15.6219519474544 15.3408154384233 15.4024933460169
-9999 -9999 -9999 -9999 -9999 -9999 -9999 -9999 -9999 -9999 11.2907694464416 12.5368612594903 12.4659794780891 11.0472680726089 11.2999562444165 10.7711518583819 10.1714895971119 10.1548509057611 12.000024401769 11.5685249406046 11.7596239991486 10.9652699241415 11.9453031884041 10.7443769527599 11.0585039705038 11.663090901915 9.85435040248558 9.88447217131034 9.42332223430276 8.99301125109196 8.68749045301229 8.88901943014935 9.03173923958093 8.74486525077373 9.11134677147493 8.62079225061461 9.11995299113914 9.76039917115122 10.1724219375756 9.94184696907178 9.7037415583618 10.0573137495667 10.0436872350983 10.5127262067981 10.549661232857 10.5424893831369 12.1651203823276 12.2547685038298 10.7497558400501 10.7838221262209 11.1226920254994 11.0972319589928 11.1295052827336 10.9147083836142 11.1901074128691 13.1584215685725 13.3006632546894 13.231335374061 10.7321848082356 14.6401257207617 14.7247535474598 10.865581213031
-9999 -9999 -9999 -9999 -9999 -9999 -9999 -9999 -9999 -9999 13.0049997093156 7.95118054840714 8.17840865370817 9.69441815372556 9.95518660955131 9.59667608753911 11.0599997527897 -9999 -9999 9.22999979369342 8.66992624797475 8.45585416692838 10.0049592466094 10.0920972207095 9.76183354109526 9.90527053549886 9.95690785348415 10.0408184952103 9.94973600376397 9.81992552382872 9.78836938505992 9.38459424581379 9.19669178314507 8.71904659178108 8.83164463238791 9.16154971951619 9.54811241943389 9.42117067938671 10.3524353655521 10.4872661402915 10.4797356980853 10.4958723599557 10.3061769348569 10.5191808715463 10.2932676053606 10.5962782560382 12.1149174342863 12.1199377290905 12.1601000875235 12.0546738966368 10.6411023167893 11.2474822106306 11.2349314736202 11.1969206701033 9.08767966739833 10.8099993776996 11.0897015167866 10.7913525684271 11.2693563522771 11.2195119967218 12.3991617448628 12.8440554891713
-9999 -9999 -9999 -9999 -9999 -9999 -9999 -9999 -9999 -9999 -9999 -9999 -9999 -9999 -9999 -9999 -9999 -9999 -9999 -9999 -9999 -9999 -9999 -9999 11.3820406591947 9.92535171471536 9.73314614221454 9.63776054093614 9.63776054093614 10.2538224318996 10.4567857789807 9.5445264945738 8.47878962615505 8.47520370129496 9.62700276635587 9.60477003222331 9.55528426915407 10.1340525415726 10.2391201399732 11.6501815724187 10.4639576287009 12.0998565498739 12.0596941914409 12.0302896075882 9.27271339017898 9.42403941927478 8.28873560857028 12.0381786422804 12.0596941914409 11.981521029491 11.8847010582685 11.0728476699442 11.0800195196643 8.91770682903007 9.69872126355767 13.3681981728878 11.4827188814525 11.54224523413 11.5863521099091 13.3183538173325 14.5019480828196 14.4799544103444
-9999 -9999 -9999 -9999 -9999 -9999 -9999 -9999 -9999 -9999 -9999 -9999 -9999 -9999 -9999 -9999 -9999 -9999 -9999 -9999 -9999 -9999 -9999 -9999 -9999 10.6396679468453 9.64564957562834 9.83713796315715 9.85435040248558 10.4116031257436 10.4553514090367 8.99731436092407 10.1046479577199 9.77976316539571 10.1365626889747 9.98165073501877 10.586954851402 10.3807641719468 9.51440472574905 10.4194921604358 11.9600054803304 11.9664601450786 12.3250526310876 11.9901272491552 10.2254936255049 10.5346003484447 10.9989776178263 11.983672584407 10.9885784357321 10.9520020021591 11.6939298557118 9.88016906147823 10.1950132641941 11.306291378336 14.6874599289149 11.6494643874466 12.1468321655411 15.8390199323185 15.2055065403692 14.7532018846832 14.2590614389628 15.6986907394603
-9999 -9999 -9999 -9999 -9999 -9999 -9999 -9999 -9999 -9999 -9999 -9999 -9999 -9999 -9999 -9999 -9999 -9999 -9999 -9999 -9999 -9999 -9999 -9999 -9999 -9999 -9999 10.1046479577199 10.3649861025624 10.5600604149513 10.2832270157523 8.80534785008058 11.5507319229655 9.78567994141486 9.62843713629991 10.3334299637936 10.4012039436493 10.3463392932899 10.4707708859351 10.3327127788216 10.3068941198289 10.6228141000029 10.2437818422914 10.2150944434106 10.4930036200676 10.785973681137 10.6873607474845 11.2517853204627 11.2299111788161 9.96766562806442 9.92965482454747 11.4472182253376 11.346453736769 11.7394711014349 11.5971098844893 14.4304686472751 13.7049165172502 13.7249976964667 14.8822951796465 16.2255826322362 11.5207296849694 12.6004516603425
