EcologicalScience/Bass/data/rs_data_bass/sst_211.asc
NCOLS 226 
NROWS 124 
XLLCORNER -9.41648524995501 
YLLCORNER 47.587301625531 
CELLSIZE 0.0833 
NODATA_value -9999 
[rows 54 to 80 of 124, columns 124 to 185 of 226]
15.4914242825471 15.0291985680815 14.9058427528944 15.0539414496161 15.1030686201993 15.2848750106059 15.4849696177989 15.3354365511332 15.3429669933394 15.5036164270714 15.5767692942172 15.6922360747121 16.1505172718316 16.2337107285857 16.5478377463296 16.681234151125 16.7472151685506 16.7931150067598 16.4474318502471 16.5578783359379 16.8210852206685 16.8375804750249 16.8691366137937 15.8700979477726 17.1301919436082 16.5546510035638 16.7676549402531 16.6955778505653 16.7249824344181 16.2000030349009 17.2356181344949 16.4137241565622 16.7536698332988 16.9505371081177 17.079988995567 17.160313712433 17.1065248395316 17.1352122384124 17.5296639730223 17.4450361463241 17.8631549850106 17.7663350137882 17.8753471295349 17.3428372878116 17.5386287851725 17.5483107822947 17.7821130831726 17.7806787132286 18.9719229517505 19.1053193565458 18.3336283266544 18.2023834767751 18.874923684285 21.0453047058545 20.8136539598927 20.4622333236039 21.0316781913862 20.7648853817955 20.7247230233625 16.6167252502208 17.9122821555939 14.3753410290927
14.7111270329915 14.6200445415452 15.5523850051686 15.1902065942995 15.3006530799903 15.330057663843 15.4849696177989 15.5168843490537 15.4297463749535 15.5330210109241 15.4318979298696 16.3513290639967 16.5012207231484 16.4911801335402 16.5887172897346 16.6991637754254 16.9092989722267 16.9924924289808 17.039826637134 17.0125736081973 17.002533018589 17.0792718105949 16.7350230240263 16.761558867991 16.9652394000441 17.0548875215463 16.643223347608 16.80387278134 16.6568498620763 16.8189336657524 16.5793938850984 16.2175740667153 16.6453749025241 16.6252937233075 17.199041700922 17.1897182962857 17.2427899842151 17.4600970307365 17.4199346723035 17.3661457994021 17.6472823084332 17.637958903797 17.6228980193846 17.6325800165068 17.4701376203448 18.7051301421598 17.7505569444038 19.75006864639 18.314981517382 18.236449762946 18.8668553533498 18.3031479653437 18.3906445319299 21.1787011106499 21.2353587234393 20.8150883298367 18.95399332745 19.3261410796357 -9999 -9999 -9999 -9999
16.9946439838968 16.7285683592781 16.2652668673545 15.5626646564342 15.6236253790557 15.4222159327473 15.5362483432982 15.8005310054868 15.8195364072453 15.7047868117224 15.8367488465738 15.1622363803908 15.7173375487328 16.6496780123562 16.7321542841382 16.7780541223474 17.0319376024418 17.2313150246628 17.1524246777408 17.1187169840559 16.5930203995667 16.5851313648745 17.0634937412106 16.8347117351368 16.3348338096403 16.5040894630365 16.0178380520083 16.5639744082 16.5578783359379 16.7547456107568 16.7084871800616 16.5080339803826 16.8074587062001 16.840449214913 17.1674855621532 16.8677022438496 16.8641163189895 17.2521133888513 17.3890957185067 17.4120456376113 17.3353068456054 17.4249549671076 17.5748466262594 17.9692983608693 17.7742240484804 17.9248328926042 18.037072340725 18.1341935296357 18.3476134336088 18.9077348967548 18.7574846451171 19.4940336113796 16.9157536369748 18.116321280133 15.3005096429959 -9999 -9999 -9999 -9999 -9999 -9999 -9999
15.4727774732746 16.1404766822234 15.6236253790557 15.8093762868084 15.7592928695958 15.6700033405796 15.6897259273101 15.6685689706355 16.3735617981292 16.4467146652751 15.9726553987712 16.6697591915727 16.0988799538463 16.2408825783059 16.7572557581589 16.8748740935698 17.5282296030782 17.4271065220237 17.5777153661475 16.9085817872547 17.2894070073962 16.9896236890927 16.164860971272 15.089083513245 14.0398418991826 16.6274452782236 16.1132236532867 16.3498946940526 16.8490554345772 16.762276052963 17.0093462758232 16.7902462668717 16.7931150067598 16.8849146831781 16.963087845128 17.2635883484036 17.3166600363329 17.398419123143 17.3675801693462 17.3381755854934 17.3123569265008 16.6102328388952 18.435827185167 18.8026672983542 18.6642505987547 18.1500289738178 17.9255500775762 13.653586564253 18.1433352474123 19.1286278681364 19.11213261378 19.4004409725312 19.2128971023485 19.4863836383447 15.7999996468425 -9999 -9999 -9999 -9999 -9999 -9999 -9999
16.4756411258131 16.2788933818229 15.7056235275231 15.7105242914986 15.7101656990126 15.8363902540877 15.8385418090038 16.3814508328214 16.3298135148361 16.4940488734283 16.5392315266654 16.0752128497697 16.5069582029246 16.4273506710306 16.6331827579997 16.8633991340175 17.200476070866 17.4378642966039 17.5346842678264 17.5267952331342 17.4536423659883 16.9838862093166 16.4775536190718 16.205023329705 16.7551042032428 16.8529999519233 16.7852259720676 16.1003143237904 16.7536698332988 16.7156590297818 16.6066469140351 16.5973235093988 16.8053071512841 17.0039673885331 17.239921244327 17.2585680535994 17.3180944062769 17.3812066838145 17.4206518572755 17.3948331982829 17.3173772213049 17.8825189792551 17.9083376382478 18.2407528727781 17.600665285252 18.1161778431386 19.2016612044536 18.8116321105044 18.8543046163395 17.9367859754711 17.8961454937235 19.3674504638184 18.9973830182571 18.3608634259668 15.2549996590242 -9999 -9999 -9999 -9999 -9999 -9999 -9999
15.0868807308309 16.8614866407588 16.710877796635 16.0666066301055 15.8995025316253 16.1756187458523 16.0357676763088 16.9451582208276 16.8633991340175 16.8978240126744 16.8748740935698 16.8684194288217 16.5406658966094 16.4510177751072 16.6245765383355 16.9243598566391 17.4572282908484 17.3740348340943 17.201193255838 17.0663624810986 17.4744407301769 16.8347117351368 16.6797997811809 16.6697591915727 17.0082704983652 16.4933316884562 16.3549149888568 16.8698537987657 16.48400828382 17.039826637134 17.4045151954051 17.1502731228247 17.2700430131517 17.1947385910898 17.2427899842151 17.3503677300178 17.2779320478439 17.1423840881325 17.519623383414 17.4321268168278 17.6103472823743 17.8090075196233 18.0761589217 19.0422070790082 17.8663823173847 16.6483912981417 19.9028290454298 17.9140751180239 18.6319772750139 18.4759895436 18.7976470035501 20.1362727538217 19.4120354629122 19.7391315755667 17.1299996171147 -9999 23.7447889405303 -9999 -9999 -9999 -9999 -9999
-9999 -9999 -9999 -9999 12.4499997217208 12.1617924710101 17.3776207589544 17.2772148628719 17.239204059355 17.0771202556789 17.0491500417702 17.0340891573578 16.9387035560794 16.8648335039616 16.5449690064415 17.3023163368925 17.239204059355 17.7469710195437 17.4658345105127 17.719000805635 17.6989196264185 17.6623431928456 17.2614367934875 16.6134601712693 16.605212544091 17.0348063423298 16.8985411976464 17.0276344926096 17.0175939030014 17.0570390764624 17.2377696894109 17.199758885894 17.2449415391311 17.318811591249 17.3087710016407 17.5870387707837 17.5296639730223 17.1825464465655 17.239921244327 17.3059022617526 17.9714499157853 18.1597109709401 18.1446500865277 17.9492171816528 18.3752250550315 14.7869891405363 -9999 17.2066471973694 19.7408321732655 16.1249996395782 19.1040284235962 18.1199072049931 18.5685064049903 16.7737510125153 5.37499987985939 5.37499987985939 1.04999997653067 -9999 -9999 -9999 -9999 -9999
-9999 -9999 -9999 -9999 -9999 -9999 -9999 12.4671307487021 17.6042512101121 17.4629657706246 17.2341837645508 17.2291634697467 16.9580675503239 16.8892177930102 16.9767143595964 17.4120456376113 17.6702322275378 17.6652119327337 17.8803674243391 17.7025055512786 17.6221808344126 17.8294472913258 17.8208410716616 17.7727896785364 17.4199346723035 16.8447523247451 16.6948606655933 17.0175939030014 17.0900295851752 16.9996642787009 17.1431012731045 17.2334665795788 17.1983245159499 17.2549821287394 17.5260780481622 17.6293526841328 17.6250495743006 17.6185949095525 17.7387233923655 17.3790551288985 18.1650898582302 18.3443861012347 18.2800785154104 18.117397057591 17.9648927960412 15.0199996642768 -9999 -9999 -9999 -9999 -9999 -9999 -9999 -9999 -9999 -9999 -9999 -9999 -9999 -9999 -9999 -9999
-9999 -9999 -9999 -9999 -9999 -9999 -9999 -9999 -9999 17.4851985047571 17.3654286144301 17.3252662559971 17.2678914582357 17.3711660942063 17.4364299266599 17.1796777066775 17.9556718464009 17.75988034904 17.3102053715847 17.6071199500002 18.0395824881271 17.3403271404095 17.2686086432077 17.8265785514377 17.9786217655055 16.9709768798202 17.0247657527216 16.9788659145124 17.8975798636675 17.1538590476848 17.0713827759027 17.2313150246628 17.2915585623123 17.322397516109 17.6214636494406 17.7146976958029 17.7706381236203 17.8301644762978 18.0686284794938 18.2873698959593 18.2862941185012 18.277329306351 18.3626743180212 18.3981749741361 13.4771540867579 13.1299997065216 -9999 -9999 -9999 -9999 -9999 -9999 -9999 -9999 -9999 -9999 -9999 -9999 -9999 -9999 -9999 -9999
-9999 -9999 -9999 -9999 -9999 -9999 -9999 -9999 -9999 14.6749996719882 17.7699209386483 17.6071199500002 17.5303811579943 17.5726950713433 17.6444135685451 17.399136308115 17.3977019381709 17.4357127416879 18.3200018121861 17.4235205971636 17.5002593891695 18.1464430489577 17.9441968868487 17.8724783896469 18.0108950892463 17.5791497360915 17.4091768977232 17.2456587241031 18.2396770953201 18.4720450262539 18.6506240842864 18.2195959161036 17.280800787732 17.4565111058764 17.6616260078736 17.8158207768574 18.5301370089874 17.8932767538354 18.1424985316116 18.2568895346485 18.4336756302509 18.4555497718975 18.356219653273 18.5645618876442 8.4519710364808 6.83499984722584 -9999 -9999 -9999 -9999 -9999 -9999 -9999 -9999 -9999 -9999 -9999 -9999 -9999 -9999 -9999 -9999
-9999 -9999 -9999 -9999 -9999 -9999 -9999 -9999 -9999 14.3249996798113 17.9284188174643 17.7770927883685 17.6838587420061 17.7390819848515 17.4134800075553 17.3797723138705 17.2047791806981 16.4302194109187 16.8131961859763 17.7397991698235 17.1746574118733 18.1916257021949 18.1105838003568 18.3307595867664 17.9076204532757 17.83805351099 18.0065919794142 18.3788109798916 18.4971465002745 18.7237769514322 18.8270515874028 19.1605425993912 19.1010162467137 19.1297036455944 20.1438031960279 17.9793389504775 18.1034119506367 19.6496627503075 19.9049806003459 20.5102847167291 18.3515579509549 18.4792168759741 18.5577486304101 17.94587031845 14.2800357741237 -9999 14.3910907546398 -9999 -9999 -9999 -9999 -9999 -9999 -9999 -9999 -9999 -9999 -9999 -9999 -9999 -9999 -9999
-9999 -9999 -9999 -9999 -9999 -9999 -9999 -9999 -9999 8.86714225694418 18.115604095161 17.9226813376881 17.7684865687042 17.6436963835731 17.718283620663 17.4084597127512 17.3969847531989 16.9638050301 17.360408319626 18.0159153840505 17.9671468059532 18.1722617079504 18.2418286502361 18.237525540404 19.1605425993912 18.7754142694175 19.0651569981128 18.6384319397621 18.8062532232143 18.7488784254529 18.6506240842864 18.6176335755736 18.715170731768 18.8808404603042 18.9461042927578 17.9219641527161 17.9678639909253 19.6453596404754 20.187551479321 20.6981871793978 21.4935453133658 18.5082628673408 18.5444807084277 17.7813958982006 15.2049996601418 -9999 -9999 -9999 -9999 -9999 -9999 -9999 -9999 -9999 -9999 -9999 -9999 -9999 -9999 -9999 -9999 -9999
-9999 -9999 -9999 -9999 -9999 -9999 -9999 -9999 -9999 18.475630951114 18.0073091643862 17.877498684451 17.8057801872492 17.6738181523979 17.5841700308956 17.4536423659883 17.5777153661475 17.4185003023595 17.2894070073962 17.5246436782181 17.6910305917263 17.3955503832549 17.7441022796556 17.9441968868487 17.6551713431254 20.0025177565403 20.028336415533 20.1861171093769 20.0742362537421 18.0073091643862 18.6929379976355 18.7072816970758 18.0030060545541 17.9614093261771 18.0697042569518 17.9886623551138 20.0778221786022 17.5827356609516 18.1912671097089 18.4490951071493 21.6118808337487 22.6647083726712 18.3899273469578 16.3421711635848 -9999 -9999 -9999 -9999 -9999 -9999 -9999 -9999 -9999 -9999 -9999 -9999 -9999 -9999 -9999 -9999 -9999 -9999
-9999 -9999 -9999 -9999 -9999 -9999 -9999 -9999 19.3226264030673 18.2238990259357 17.9363078521565 17.7555772392079 17.7053742911667 17.6910305917263 17.5669575915672 17.3073366316967 17.2349009495229 17.3145084814169 16.6503951973282 17.2987304120325 17.6953337015584 17.8581346902065 17.799325522501 17.9872279851697 18.3386486214586 18.3257392919622 18.9747916916385 20.0627612941898 19.9408398489468 19.3448591371998 18.7847376740538 19.0866725472733 19.9637897680514 19.6754814093001 19.3498794320039 18.5724509223364 20.1638843752444 20.508133161813 18.4196905232966 19.0020447205752 19.0300149344839 20.944898809772 19.2435567599023 -9999 -9999 -9999 -9999 -9999 -9999 -9999 -9999 -9999 -9999 -9999 -9999 -9999 -9999 -9999 -9999 -9999 -9999 -9999
-9999 -9999 -9999 -9999 -9999 -9999 -9999 -9999 18.5423291535117 18.2819910086691 18.0711386268958 17.8624378000386 17.7519913143478 17.6637775627896 17.4923703544773 17.3324381057173 17.3302865508012 17.2865382675081 17.1746574118733 17.4271065220237 17.5124515336938 17.6336557939649 17.916943857912 17.9140751180239 17.719000805635 18.1457258639857 18.2389599103481 19.1870784433559 19.3254951429553 19.1089052814059 19.3800012008287 20.427808444947 20.1602984503843 19.8597979471087 18.7402722057886 18.2884456734173 18.2970518930815 18.7244941364042 19.3190404782072 19.0959959519096 20.0182958259247 18.6109398491681 17.1499996166676 -9999 -9999 -9999 -9999 -9999 -9999 -9999 -9999 -9999 -9999 -9999 -9999 -9999 -9999 -9999 -9999 -9999 -9999 -9999
-9999 -9999 -9999 -9999 -9999 -9999 -9999 8.45737851977768 18.8471327666193 18.5573900379241 18.2920315982774 18.2733847890049 18.1693929680623 17.6609088229015 17.4421674064361 17.5791497360915 17.281517972704 17.2463759090751 17.2836695276201 17.2650227183476 17.4565111058764 17.6128574297763 18.0116122742184 18.0582292973995 18.0747245517559 18.0453199679032 18.3350626965985 18.6513412692584 18.6384319397621 18.4892574655823 18.7825861191377 19.5621661837213 19.2910702642985 18.2956175231375 18.358012615703 19.3197576631792 19.4488509581424 19.591570767574 20.2721793060191 19.3556169117801 19.7450483515859 11.5938678088959 -9999 -9999 -9999 -9999 -9999 -9999 -9999 -9999 -9999 -9999 -9999 -9999 -9999 -9999 -9999 -9999 -9999 -9999 -9999 -9999
-9999 -9999 -9999 3.8400372271426 -9999 11.679619513712 17.889451767318 18.7603533850051 18.236808355432 18.3501235810108 17.9836420603096 17.9700155458413 17.9599749562331 17.6544541581534 17.5067140539177 17.5095827938057 17.2356181344949 17.1947385910898 17.3295693658292 17.4299752619117 17.4457533312961 17.6343729789369 17.9377422221005 18.0740073667839 17.8538315803744 18.3243049220182 18.5451978933997 18.6707052635029 18.5832086969167 18.4548325869255 18.6785942981951 18.9489730326459 18.875102980528 18.8428296567872 18.7775658243336 18.5789055870846 17.3847926086746 19.1591082294472 20.0950346179307 13.2127292987581 13.2949997028336 -9999 -9999 -9999 -9999 -9999 -9999 -9999 -9999 -9999 -9999 -9999 -9999 -9999 -9999 -9999 -9999 -9999 -9999 -9999 -9999 -9999
-9999 -9999 3.88019958557561 -9999 18.5435904098418 18.316415887326 19.0536820385605 18.7711111595854 18.1206243899651 18.2956175231375 17.8918423838913 18.0302590834908 17.8559831352904 17.2241431749426 17.6085543199442 17.4916531695053 17.0599078163505 17.5511795221828 17.6049683950841 17.120868538972 17.6487166783772 17.83805351099 18.0704214419238 18.1909085172229 18.2827081936412 18.3185674422421 18.6915036276914 18.9202856337652 18.992721315939 18.7675252347253 18.8076875931583 18.9217200037092 18.954710512422 18.9324777782895 18.5301370089874 19.3326669926755 19.1282692756504 19.4868617616594 17.5053514024708 -9999 -9999 -9999 -9999 -9999 -9999 -9999 -9999 -9999 -9999 -9999 -9999 -9999 -9999 -9999 -9999 -9999 -9999 -9999 -9999 -9999 -9999 -9999
16.7749996250495 16.7749996250495 -9999 17.4799996092916 19.7299874671735 19.3233435880393 18.9970244257711 18.4978636852466 18.5760368471965 18.7008270323277 18.4512466620654 17.9707327308133 17.4658345105127 17.5432904874906 17.2535477587953 17.3883785335347 17.1158482441679 17.6530197882093 17.5676747765392 17.6164433546364 17.7412335397676 17.9642780660652 18.2640613843687 18.2819910086691 18.4935605754144 19.6632892647758 20.1624500053003 19.9458601437509 20.0053864964284 19.1748862988316 19.0041962754913 19.0551164085045 19.0967131368816 19.1497848248109 19.3577684666961 19.1089052814059 19.9322336292826 14.4238944516983 -9999 -9999 -9999 -9999 -9999 -9999 -9999 -9999 -9999 -9999 -9999 -9999 -9999 -9999 -9999 -9999 -9999 -9999 -9999 -9999 -9999 -9999 -9999 -9999
15.9599851309322 14.8393860515587 19.6554002300836 19.1634113392793 19.073763217777 18.9367808881216 18.5014496101066 17.9528031065129 18.397457789164 18.675008373335 18.0732901818119 18.0854823263362 17.5648060366511 17.0348063423298 17.2908413773403 17.3030335218646 17.4357127416879 17.4507736261003 17.5325327129103 17.6157261696644 17.8043458173051 18.1464430489577 18.4039124539122 18.7187566566281 18.5258338991553 19.9272133344784 20.6623279307969 20.6781060001813 20.0139927160926 18.7424237607047 19.0379039691761 19.3584856516682 19.3254951429553 19.6130863167346 20.22986539267 19.2299046316849 14.6549475435168 7.24499983806163 1.82380017919478 13.2399997040629 -9999 -9999 -9999 -9999 -9999 -9999 -9999 -9999 -9999 -9999 -9999 -9999 -9999 -9999 -9999 -9999 -9999 -9999 -9999 -9999 -9999 -9999
17.400058403079 19.9752647276036 19.6848048139364 19.2509079058655 18.8320718822069 18.5918149165809 18.2841425635852 18.2812738236971 18.1019775806926 18.0976744708605 18.0675527020358 18.0481887077913 17.5841700308956 17.4120456376113 17.4579454758205 17.2327493946068 17.441450221464 17.4436017763801 17.162465267349 17.5339670828544 17.799325522501 18.2475661300123 18.5322885639034 18.7567674601451 19.3871730505489 19.9028290454298 20.346049358137 20.3159275893122 19.6424909005873 19.2078768075444 18.9088106742129 19.0493789287284 19.2559282006696 15.0527771882979 14.2572275413175 15.0789568614401 17.3751017173793 5.87894629025832 13.2489174846163 12.9549997104332 -9999 -9999 -9999 -9999 -9999 -9999 -9999 -9999 -9999 -9999 -9999 -9999 -9999 -9999 -9999 -9999 -9999 -9999 -9999 -9999 -9999 -9999
17.0603859396651 19.8985259355977 19.2014221427962 18.9640339170583 18.6298257200979 18.4239936331287 18.0811792165041 17.8272957364097 17.9922482799739 17.8832361642271 17.9348734822124 17.7856990080327 17.6336557939649 17.7089602160268 17.481612579897 17.322397516109 17.5461592273787 17.3711660942063 17.3969847531989 17.9692983608693 18.1930600721389 18.6197851304896 18.9267402985133 19.1476332698949 18.9568620673381 18.9080934892409 18.9030731944367 18.9410839979537 19.2071596225724 19.1684316340834 19.0866725472733 19.0285805645399 17.9040345284157 17.9535202914849 19.4553056228906 19.4653462124988 13.6649996945634 -9999 -9999 -9999 -9999 -9999 -9999 -9999 -9999 -9999 -9999 -9999 -9999 -9999 -9999 -9999 -9999 -9999 -9999 -9999 -9999 -9999 -9999 -9999 -9999 -9999
17.9775459880475 18.6807458531111 18.6384319397621 18.2941831531934 18.1830194825307 18.0180669389665 17.8861049041152 17.8523972104304 17.8746299445629 17.8014770774171 17.6974852564745 17.638676088769 17.4464705162682 17.5052796839736 17.3625598745421 17.1897182962857 17.6745353373699 17.679555632174 18.0962401009165 17.757728794124 18.2870113034733 18.4541154019535 18.3938718643039 19.033600859344 18.6642505987547 18.9712057667784 19.0780663276091 19.2509079058655 19.313302998431 19.3764152759686 18.7478026479948 10.6896580932662 -9999 -9999 -9999 13.6052278061397 -9999 -9999 -9999 -9999 -9999 -9999 -9999 -9999 -9999 -9999 -9999 -9999 -9999 -9999 -9999 -9999 -9999 -9999 -9999 -9999 -9999 -9999 -9999 -9999 -9999 -9999
19.3778496459126 18.8923154198565 19.034318044316 18.7244941364042 18.7072816970758 18.0402996730991 18.0137638291344 18.1650898582302 18.1543320836499 17.8509628404863 17.5303811579943 17.640827643685 17.5375530077145 17.5088656088337 17.4134800075553 17.5325327129103 17.6587572679855 17.8194067017175 18.038148118183 18.2425458352081 18.6413006796502 18.6620990438387 18.8535874313675 18.9833979113027 18.9009216395207 19.0379039691761 19.1691488190554 19.2860499694943 19.3713949811645 19.4768211720511 19.5585802588612 19.9401226639748 19.2200689520687 15.5762257467617 -9999 -9999 -9999 -9999 -9999 -9999 -9999 -9999 -9999 -9999 -9999 -9999 -9999 -9999 -9999 -9999 -9999 -9999 -9999 -9999 -9999 -9999 -9999 -9999 -9999 -9999 -9999 -9999
17.9262672625482 17.6489557400346 17.6580400830135 17.1698761787266 17.5717985901283 17.3895738418214 16.7570166965015 18.3357798815705 18.0962401009165 17.9076204532757 17.4106112676673 17.3582567647099 17.0276344926096 17.3553880248219 17.4938047244214 17.5526138921268 17.5820184759796 17.716849250719 18.1665242281742 19.1017334316857 18.9790948014706 19.0536820385605 19.1404614201747 19.2128971023485 19.2530594607815 19.3692434262484 19.5076601258479 19.3089998885989 19.1497848248109 19.114642761182 19.3950620852411 18.4639169299044 18.1134525402449 19.6353190508671 16.2947790289531 4.99999988824129 -9999 -9999 -9999 -9999 -9999 -9999 -9999 -9999 -9999 -9999 -9999 -9999 -9999 -9999 -9999 -9999 -9999 -9999 -9999 -9999 -9999 -9999 -9999 -9999 -9999 -9999
-9999 -9999 -9999 -9999 7.15999983996153 17.3477039001217 18.3350626965985 17.7749412334524 17.8495284705423 17.5282296030782 17.0943326950073 17.2363353194669 17.4514908110723 17.4887844296172 17.6257667592727 17.7864161930047 17.7649006438442 17.9528031065129 18.0524918176234 18.8284859573469 19.0579851483926 19.4380931835622 19.1999877728522 19.3082827036269 19.3792840158567 19.2351298364811 19.1678578861058 -9999 -9999 -9999 -9999 -9999 -9999 -9999 -9999 -9999 -9999 -9999 -9999 -9999 -9999 -9999 -9999 -9999 -9999 -9999 -9999 -9999 -9999 -9999 -9999 -9999 -9999 -9999 -9999 -9999 -9999 -9999 -9999 -9999 -9999 -9999
-9999 -9999 -9999 -9999 -9999 15.0806112731909 17.0728171458468 17.560502926819 17.2743461229838 17.1294747586362 17.2284462847747 17.4644001405686 17.5813012910075 17.6824243720621 17.7950224126689 17.9542374764569 17.9800561354496 18.2418286502361 18.4318826678209 18.7825861191377 18.993438500911 19.0493789287284 19.4990539061837 19.7299874671735 14.8037593173794 -9999 -9999 -9999 -9999 -9999 -9999 -9999 -9999 -9999 -9999 -9999 -9999 -9999 -9999 -9999 -9999 -9999 -9999 -9999 -9999 -9999 -9999 -9999 -9999 -9999 -9999 -9999 -9999 -9999 -9999 -9999 -9999 -9999 -9999 -9999 -9999 -9999
