EcologicalScience/Bass/data/rs_data_bass/sst_219.asc
NCOLS 226 
NROWS 124 
XLLCORNER -9.41648524995501 
YLLCORNER 47.587301625531 
CELLSIZE 0.0833 
NODATA_value -9999 
[rows 54 to 80 of 124, columns 0 to 61 of 226]
-9999 -9999 -9999 -9999 -9999 -9999 -9999 -9999 -9999 -9999 -9999 -9999 -9999 -9999 -9999 -9999 -9999 -9999 -9999 -9999 -9999 -9999 -9999 -9999 -9999 -9999 -9999 -9999 -9999 -9999 -9999 -9999 -9999 -9999 -9999 -9999 -9999 -9999 13.856063250103 13.7049165172502 13.5973387714475 13.6310464651324 13.7565538352355 14.0412762691267 14.0262153847143 14.0262153847143 13.9484008152504 14.0036240580957 14.8803826863877 15.04820396984 15.04820396984 15.0969725479372 15.1529129757546 15.0439008600079 15.0826288484968 15.1120334323496 15.0517898947001 14.929868449457 15.7142523001739 11.7701204196609 -9999 14.532547974959
-9999 -9999 -9999 -9999 -9999 -9999 -9999 -9999 -9999 -9999 -9999 -9999 -9999 -9999 -9999 -9999 -9999 -9999 -9999 -9999 -9999 -9999 -9999 -9999 -9999 -9999 -9999 -9999 -9999 -9999 -9999 -9999 -9999 -9999 -9999 -9999 -9999 -9999 13.1899997051805 12.8815881693736 13.6597338640131 13.693441557698 13.4051331989467 13.4617908117361 14.0900448472239 14.1065401015803 13.9767296216451 14.7394558393862 14.9585558483377 14.9599902182817 14.7828455301933 15.0991241028532 15.0568101895042 14.9865260622464 14.9757682876661 14.9936979119666 14.7921689348295 14.7219269949231 6.08107472697814 13.6649996945634 -9999 15.5349996527657
-9999 -9999 -9999 -9999 -9999 -9999 -9999 -9999 -9999 -9999 -9999 -9999 -9999 -9999 -9999 -9999 -9999 -9999 -9999 -9999 -9999 -9999 -9999 -9999 -9999 -9999 -9999 -9999 -9999 -9999 -9999 -9999 -9999 -9999 -9999 -9999 -9999 -9999 -9999 13.1397747593001 14.0678121130913 12.977690955624 13.1648762333207 14.2187795497011 13.3900723145343 14.4622638477013 14.4654911800753 13.1663106032647 14.6820810416248 14.7215262150858 15.0223853108473 15.1407208312303 15.089083513245 15.170125415083 15.1170537271537 15.1113162473775 14.9843745073304 14.8158360389061 14.8151188539341 6.16949420334603 -9999 -9999
-9999 -9999 -9999 -9999 -9999 -9999 -9999 -9999 -9999 -9999 -9999 -9999 -9999 -9999 -9999 -9999 -9999 -9999 -9999 -9999 -9999 -9999 -9999 -9999 -9999 -9999 -9999 -9999 -9999 -9999 -9999 -9999 -9999 -9999 -9999 -9999 -9999 -9999 -9999 13.8199996910989 13.9078798643313 13.9932248760015 13.7873927890323 14.1603289744817 14.2661137578543 14.1072572865523 14.5045777610503 14.6781365242787 14.4385967436247 14.3948484603316 14.7595370186027 15.0596789293922 15.0202337559313 15.2031159237958 15.208853403572 15.1156193572097 15.0360118253157 14.9377574841492 14.7677846457809 14.3432111423463 13.8698690608144 -9999
-9999 -9999 -9999 -9999 -9999 -9999 -9999 -9999 -9999 -9999 -9999 -9999 -9999 -9999 -9999 -9999 -9999 -9999 -9999 -9999 -9999 -9999 -9999 -9999 -9999 -9999 -9999 -9999 -9999 -9999 -9999 -9999 -9999 -9999 -9999 -9999 -9999 -9999 -9999 -9999 13.9282001052052 13.8852885377128 14.0240638297983 14.095423734514 14.2385021364316 14.2800988648087 14.3023315989412 14.4321420788765 13.9480422227643 14.6401257207617 14.4830622118898 15.1521957907826 15.0941038080491 15.0761741837487 15.1371349063702 15.1658223052509 15.008041611407 14.8574327672832 14.4966887263581 14.4249702291563 13.8777580955066 10.8499997574836
-9999 -9999 -9999 -9999 -9999 -9999 -9999 -9999 -9999 -9999 -9999 -9999 -9999 -9999 -9999 -9999 -9999 -9999 -9999 -9999 -9999 -9999 -9999 -9999 -9999 -9999 -9999 -9999 -9999 -9999 -9999 -9999 -9999 -9999 -9999 -9999 -9999 -9999 -9999 -9999 13.2922482843511 14.0878932923079 13.9623859222047 14.0412762691267 14.1775414138101 14.5189214604907 14.5777306281962 13.7486648005433 14.5884884027764 14.6573381600901 14.7426831717603 14.8538468424231 15.1435895711184 15.0711538889445 15.1177709121257 15.0395977501757 14.9133731951006 14.7290566572919 14.5956602524966 14.4310663014185 -9999 -9999
-9999 -9999 -9999 -9999 -9999 -9999 -9999 -9999 -9999 -9999 -9999 -9999 -9999 -9999 -9999 -9999 -9999 -9999 -9999 -9999 -9999 -9999 -9999 -9999 -9999 -9999 -9999 -9999 -9999 -9999 -9999 -9999 -9999 -9999 -9999 -9999 -9999 -9999 -9999 13.8899502400309 14.3073518937454 14.3109378186055 13.93585007824 14.3622165441047 13.893536164891 14.2600176855922 14.6659443797544 14.5002746512182 14.490951246582 14.9772026576102 14.3905453504995 14.8294625533745 15.1816003746353 15.1213568369858 15.0847804034129 14.9391918540932 14.8789483164437 14.7999996691942 10.752771004106 14.3998687551357 14.292291009333 14.2327646566555
-9999 -9999 -9999 -9999 -9999 -9999 -9999 -9999 -9999 -9999 -9999 -9999 -9999 -9999 -9999 -9999 -9999 -9999 -9999 -9999 -9999 -9999 -9999 -9999 -9999 -9999 -9999 -9999 -9999 -9999 -9999 -9999 -9999 -9999 -9999 -9999 -9999 -9999 -9999 14.5849024779163 14.0577715234831 13.6697744536214 13.7242805114947 13.8246864075772 14.0046998355538 14.2474669485819 14.1484954224434 14.8796655014157 14.9872432472184 14.9348887442611 15.0460524149239 15.0682851490565 15.1105990624055 15.1012756577693 15.0238196807913 14.8402203279547 14.7441175417043 14.6989348884672 14.2198553271592 14.6171758016571 14.5762962582521 14.3934140903875
-9999 -9999 -9999 -9999 -9999 -9999 -9999 -9999 -9999 -9999 -9999 -9999 -9999 -9999 -9999 -9999 -9999 -9999 -9999 -9999 -9999 -9999 -9999 -9999 -9999 -9999 -9999 -9999 -9999 -9999 -9999 -9999 -9999 -9999 -9999 -9999 -9999 -9999 14.2198553271592 14.6401257207617 14.6860255589709 13.9989623557776 13.7974333786406 14.0039826505817 14.0635090032592 14.3661610614508 14.3851664632093 14.3277916654479 14.9800713974983 14.929868449457 15.1177709121257 15.0352946403436 15.0976897329092 14.9341715592891 15.0854975883849 14.9721823628061 14.9018982355483 14.8438062528148 14.8237250735983 14.6666615647264 14.571275963448 14.4264045991004
-9999 -9999 -9999 -9999 -9999 -9999 -9999 -9999 -9999 -9999 -9999 -9999 -9999 -9999 -9999 -9999 -9999 -9999 -9999 -9999 -9999 -9999 -9999 -9999 -9999 -9999 -9999 -9999 -9999 -9999 -9999 -9999 -9999 -9999 -9999 -9999 -9999 -9999 14.3747672811151 14.4787591020577 14.2047944427468 13.9014251995832 14.0326700494625 14.1101260264404 14.1101260264404 14.3421353648882 14.3787117984612 14.3876766106114 14.968596437946 14.331736182794 15.1400036462583 15.1823175596073 15.2698141261935 15.0611132993363 15.0331430854276 15.0539414496161 15.0180822010152 14.9521011835895 14.8459578077309 14.6831568190828 14.5777306281962 14.3962828302756
-9999 -9999 -9999 -9999 -9999 -9999 -9999 -9999 -9999 -9999 -9999 -9999 -9999 -9999 -9999 -9999 -9999 -9999 -9999 -9999 -9999 -9999 -9999 -9999 -9999 -9999 -9999 -9999 -9999 -9999 -9999 -9999 -9999 -9999 -9999 -9999 -9999 14.3926969054155 14.572710333392 14.5626697437838 14.5210730154067 13.8978392747231 14.1129947663285 14.211966292467 14.2557145757601 14.8352000331506 14.9442121488973 14.8997466806322 14.7226019925438 14.9040497904643 14.6135898767971 15.1507614208385 15.2260658429004 15.1966612590477 15.1421552011743 15.0360118253157 15.0166478310712 14.9183934899047 14.811532929074 14.8158360389061 14.7670674608089 14.691763038747
-9999 -9999 -9999 -9999 -9999 -9999 -9999 -9999 -9999 -9999 -9999 -9999 -9999 -9999 -9999 -9999 -9999 -9999 -9999 -9999 -9999 -9999 -9999 -9999 -9999 -9999 -9999 -9999 -9999 -9999 -9999 -9999 -9999 -9999 -9999 -9999 -9999 14.5260933102109 14.6573381600901 14.651600680314 14.0348216043785 14.013306055218 14.1273384657688 14.1251869108528 14.3173924833536 14.5411541946232 14.533265159931 14.6487319404259 14.9772026576102 15.0331430854276 15.1199224670418 15.1600848254748 15.1744285249151 15.250450131949 15.2145908833481 15.1665394902229 14.968596437946 14.9370402991772 14.9628589581698 14.9628589581698 14.9628589581698 14.7577440561727
-9999 -9999 -9999 -9999 -9999 -9999 -9999 -9999 -9999 -9999 -9999 -9999 -9999 -9999 -9999 -9999 -9999 -9999 -9999 -9999 -9999 -9999 -9999 -9999 -9999 -9999 -9999 -9999 -9999 -9999 -9999 -9999 -9999 -9999 -9999 7.20891194279069 14.1868648184463 14.530396420043 14.4966887263581 14.4013031250797 14.3758430585731 14.0850245524198 14.0348216043785 14.1431165351532 14.1151463212445 14.0398418991826 14.0728324078955 14.8746452066116 14.9599902182817 15.0467695998959 15.1141849872656 15.247581392061 15.3917355714366 15.4103823807091 15.3078249297105 15.1909237792715 15.1586504555307 15.0474867848679 15.0439008600079 15.0388805652037 15.0066072414629 14.729773842264
-9999 -9999 -9999 -9999 -9999 -9999 -9999 -9999 -9999 -9999 -9999 -9999 -9999 -9999 -9999 -9999 -9999 -9999 -9999 -9999 -9999 -9999 -9999 -9999 -9999 -9999 -9999 -9999 -9999 -9999 -9999 -9999 -9999 -9999 -9999 15.5833947172921 13.9136173441075 14.4852137668058 14.3023315989412 14.4228186742403 14.3858836481813 14.5798821831122 14.1696523791179 14.1481368299574 14.1983397779986 14.1086916564964 13.9236579337157 14.8050782643259 14.8079470042139 14.7641987209208 15.0575273744762 15.1988128139637 15.3164311493747 15.4182714154013 15.3845637217164 15.2368236174807 15.2461470221169 15.1729941549711 15.091235068161 15.0625476692803 14.9728995477781 14.7548753162846
-9999 -9999 -9999 -9999 -9999 -9999 -9999 -9999 -9999 -9999 -9999 -9999 -9999 -9999 -9999 -9999 -9999 -9999 -9999 -9999 -9999 -9999 -9999 -9999 -9999 -9999 -9999 -9999 6.4814342374549 9.26659844462809 12.6981562713156 14.1223181709647 13.5693685575388 12.0415871833586 14.1078989783694 13.9552140724845 13.4488814822398 13.4201940833591 13.5700857425109 14.6702474895865 14.5296792350709 14.1653492692858 13.975295251701 14.6637928248383 14.3095034486614 14.7190160676837 14.8251594435424 14.810815744102 14.8244422585703 14.9155247500166 15.0159306460992 15.2418439122848 15.2769859759137 15.3508560280316 15.3020874499343 15.2138736983761 15.1966612590477 15.0639820392244 14.9427777789533 15.0008697616868 14.89185764594 14.5996047698427
-9999 -9999 -9999 -9999 -9999 -9999 -9999 -9999 -9999 -9999 -9999 -9999 -9999 -9999 -9999 -9999 -9999 -9999 -9999 -9999 -9999 -9999 12.4451485145837 14.053468413651 13.9509109626524 14.0419934540987 13.975295251701 13.8225348526612 14.1789757837541 14.1165806911886 14.1187322461046 14.1051057316363 14.0061342054978 14.1452680900693 14.252845835872 14.0376903442666 13.8870815001428 13.7967161936685 14.0111545003019 14.1839960785583 14.4952543564141 14.6150242467411 14.7885830099694 14.7362285070121 14.7520065763965 14.8445234377868 14.8875545361079 14.653035050258 14.8222907036543 14.8251594435424 14.891140460968 15.130680241622 15.2260658429004 15.210287773516 15.1722769699991 15.0388805652037 15.0381633802317 14.8947263858281 14.8151188539341 14.1449996838346 -9999 -9999
-9999 -9999 -9999 -9999 -9999 -9999 -9999 -9999 -9999 -9999 -9999 -9999 -9999 -9999 -9999 -9999 -9999 -9999 -9999 -9999 -9999 10.5364291701233 13.9939420609735 14.0491653038189 14.293725379277 14.0979338819161 14.1839960785583 13.896404904779 14.0850245524198 14.0505996737629 14.0800042576157 14.0778527026996 14.2169865872711 14.3511001770385 14.252845835872 14.4486373332329 14.4278389690444 14.1495711999014 14.4464857783169 14.2772301249206 14.3977172002196 14.410626529716 14.3869594256394 14.4163640094921 14.492385616526 14.1689351941459 14.3095034486614 14.6250648363493 14.6472975704819 14.971465177834 15.0195165709592 14.8940092008561 15.248298577033 15.0761741837487 15.0352946403436 14.8323312932625 15.3049996579066 -9999 -9999 -9999 -9999 -9999
-9999 -9999 -9999 -9999 -9999 -9999 -9999 -9999 -9999 -9999 -9999 -9999 -9999 -9999 -9999 -9999 -9999 6.88018432352692 14.0699636680074 14.0376903442666 14.0878932923079 13.9946592459455 14.0341044194065 14.4084749747999 14.374050096143 14.2600176855922 14.2069459976628 14.0204779049382 13.9645374771208 14.0061342054978 13.9831842863932 13.9767296216451 14.135227500461 13.8713034307584 14.2628864254802 14.1172978761606 14.293725379277 14.4027374950238 14.3087862636894 14.2707754601724 14.1194494310766 14.1172978761606 14.0305184945464 14.0678121130913 14.1266212807968 14.2836847896688 14.5927915126085 14.769219015725 14.8660389869474 15.0611132993363 15.1141849872656 15.0546586345881 13.634999695234 -9999 -9999 -9999 -9999 -9999 -9999 -9999 -9999 -9999
-9999 -9999 -9999 -9999 -9999 -9999 -9999 -9999 -9999 -9999 -9999 -9999 -9999 6.23076486785078 -9999 -9999 8.07499981950969 14.2800988648087 14.0448621939868 14.4034546799958 14.1610461594537 14.4084749747999 14.4041718649678 14.372615726199 14.4163640094921 14.2621692405082 14.1847132635303 14.0319528644904 14.0068513904698 14.0871761073358 13.9803155465052 13.9767296216451 14.2026428878307 13.8060395983048 14.2973113041371 14.3410595874302 13.9537797025405 13.9523453325965 14.2571489457041 14.2951597492211 14.1983397779986 14.4206671193242 14.1158635062166 14.0713980379514 14.0907620321959 14.3238471481018 14.4414654835127 14.8208563337103 14.9112216401845 14.8689077268355 14.769936200697 14.0799996852875 -9999 -9999 -9999 -9999 -9999 -9999 -9999 -9999 -9999 -9999
-9999 -9999 -9999 -9999 -9999 -9999 -9999 -9999 -9999 -9999 -9999 -9999 -9999 14.3892902767984 13.9157688990235 13.8232520376332 14.054902783595 13.8799096504226 14.7448347266763 14.730491027236 14.6451460155658 14.5798821831122 14.5375682697631 14.5045777610503 14.4335764488205 14.2055116277188 14.2463911711238 14.2356333965436 14.41206089966 14.1144291362725 14.1058229166083 14.3281502579339 14.2887050844729 14.2757957549766 13.7637256849557 14.2004913329147 14.0484481188469 14.0886104772799 14.3173924833536 14.6164586166851 14.7154301428236 14.6881771138869 14.6817224491388 14.5468916743994 14.0850245524198 14.0642261882313 14.4500717031769 14.8258766285144 14.8990294956602 14.8423718828708 14.8660389869474 14.8681905418634 13.8799996897578 -9999 -9999 -9999 -9999 -9999 -9999 19.9168858708814 19.3499995674938 -9999
-9999 -9999 -9999 -9999 -9999 -9999 -9999 -9999 -9999 -9999 17.3970223750899 14.1861954458058 13.6825044868747 14.1043885466643 14.172521119006 14.3647266915068 14.6221960964613 14.6207617265172 14.6171758016571 14.7018036283553 14.6351054259576 14.5755790732801 14.5655384836718 14.5433057495393 14.4400311135687 14.3912625354715 14.3496658070944 14.2356333965436 14.5009918361902 14.3503829920664 14.2040772577748 14.3145237434655 13.5851466269232 13.9071626793593 13.8626972110942 14.0362559743226 13.9602343672886 13.9509109626524 14.3374736625701 14.57199314842 14.4966887263581 14.5863368478604 14.490951246582 14.3073518937454 14.3848078707233 14.5203558304347 14.8603015071712 14.9363231142052 15.0030213166028 14.9026154205203 14.4342936337925 14.889706091024 7.70956424678791 -9999 -9999 -9999 14.7147129578516 15.5939817335457 15.2052674787119 15.3824121668003 15.8256324795075 17.7899996023625
-9999 -9999 -9999 -9999 -9999 -9999 -9999 18.8181495626529 12.3249570064247 14.2736442000605 14.3600649891887 14.1976225930266 14.5583666339517 14.6767021543346 14.771370570641 14.7950376747176 14.7584612411447 14.7240363624878 14.6810052641667 14.6221960964613 14.5346995298751 14.4887996916659 14.5268104951829 14.6250648363493 14.5260933102109 14.569841593504 14.5870540328324 14.7986235995777 14.6860255589709 14.8036438943818 14.6623584548943 14.9097872702405 14.2772301249206 14.174672673922 13.6310464651324 13.4797204360366 14.2356333965436 14.4873653217219 14.7018036283553 14.7390972469002 14.6838740040548 14.6559037901461 14.1947538531385 14.1696523791179 14.1194494310766 14.3840906857513 15.0216681258753 14.9671620680019 14.9477980737574 15.1945097041316 15.0252540507354 15.0252540507354 15.127811501734 11.1840665086817 15.3537247679196 15.7015594793484 15.4942930224352 15.569597444497 14.4500717031769 14.6150242467411 13.7300179912709 14.5319411261365
-9999 -9999 -9999 -9999 -9999 13.3226569271646 13.6375011298805 13.7249976964667 13.6360667599365 13.972426511813 14.3102206336334 14.5246589402668 14.7218848075718 14.7964720446616 14.7821283452213 14.7771080504172 14.8036438943818 14.7928861198016 14.8251594435424 14.6021149172448 14.5992461773567 14.452223258093 14.6351054259576 14.693197408691 14.7347941370681 14.7190160676837 14.612872691825 14.7936033047736 15.0697195190005 14.1251869108528 14.0706808529794 13.8849299452268 14.3747672811151 13.894970534835 14.132358760573 14.3597063967027 14.0972166969441 14.3797875759192 14.7520065763965 14.5748618883081 14.7254707324319 14.8854029811919 14.6487319404259 14.6064180270769 14.8402203279547 14.6193273565732 14.6989348884672 14.8459578077309 15.0130619062111 15.1758628948592 15.249015762005 15.1349833514541 15.0202337559313 15.3415326233953 15.3601794326678 15.5792794416193 15.6334269070067 14.2700582752004 14.4185155644082 14.2047944427468 13.9932248760015 14.0498824887909
-9999 -9999 -9999 -9999 -9999 13.2688680542633 13.7795037543401 14.1201666160487 14.1847132635303 14.3066347087733 14.5103152408265 14.7240363624878 14.7520065763965 14.6881771138869 14.6967833335511 14.7003692584112 14.6695303046145 14.6795708942227 14.6013977322727 14.5626697437838 14.5576494489796 14.570558778476 14.6838740040548 14.7218848075718 14.7147129578516 14.8983123106882 14.9062013453804 14.8775139464997 14.8782311314717 14.6767021543346 14.6164586166851 14.4801934720017 14.333170552738 14.2155522173271 14.1775414138101 14.2607348705642 14.2693410902284 14.7498550214805 14.5605181888677 14.6071352120489 14.850978102535 14.8402203279547 14.8287453684025 14.769219015725 14.6810052641667 14.6831568190828 14.6480147554539 14.7598956110887 14.8674733568914 14.9155247500166 15.1579332705587 15.1600848254748 15.6453799898736 14.2449568011798 15.5520264126826 15.6298409821466 14.4385967436247 14.6587725300342 15.8127231500112 14.5476088593714 14.5031433911063 14.4543748130091
-9999 -9999 -9999 -9999 -9999 13.8677175058983 13.5973387714475 13.9803155465052 14.1553086796775 14.2772301249206 14.3762016510591 14.573427518364 14.5131839807145 14.3934140903875 14.3984343851916 14.3797875759192 14.5956602524966 14.5841852929443 14.5289620500989 14.5633869287558 14.5511947842315 14.5483260443434 14.5956602524966 14.6250648363493 14.6372569808736 14.5978118074127 14.5526291541755 14.8717764667235 14.7469862815924 14.2047944427468 14.3446455122903 14.1926022982225 14.1954710381106 14.0807214425877 14.4063234198838 14.729773842264 14.6559037901461 14.8201391487382 14.5841852929443 14.7075411081314 14.7864314550534 14.9951322819106 14.7849970851094 14.5447401194833 14.6802880791947 14.690328668803 14.8316141082905 14.8280281834304 14.8151188539341 14.7053895532154 14.294442564249 13.9889217661694 14.2607348705642 14.3116550035775 14.3424939573742 14.3597063967027 14.5511947842315 15.7453077626415 15.8087786326651 14.6178929866292 15.3056733747944 15.1529129757546
-9999 -9999 -9999 -9999 -9999 13.7665944248438 13.8598284712061 13.9387188181281 13.9387188181281 14.0850245524198 14.1194494310766 14.0814386275597 14.214117847383 14.211249107495 14.2298959167674 14.3116550035775 14.2241584369913 14.3941312753595 14.3955656453036 14.5676900385879 14.5210730154067 14.3869594256394 14.5196386454627 14.5877712178044 14.5045777610503 14.4715872523375 14.5375682697631 14.5296792350709 14.4285561540164 14.2557145757601 14.4966887263581 14.6537522352301 14.2456739861518 14.4371623736806 14.5770134432241 14.6465803855099 14.6322366860695 14.7462690966204 14.6200445415452 14.6229132814333 14.73192539718 14.8086641891859 14.848826547619 14.5777306281962 14.691045853775 14.7828455301933 14.929868449457 14.9119388251565 14.8065126342699 13.7077852571383 13.693441557698 13.9580828123726 14.052034043707 14.2463911711238 14.3604235816747 15.4774391755927 15.6111941728741 15.7230750285089 14.5476088593714 14.5519119692035 14.8022095244378 16.2781761968508
-9999 -9999 -9999 -9999 -9999 14.3948484603316 14.4887996916659 14.49023406161 13.9179204539396 13.2997070080601 13.5112765748054 13.9788811765611 14.0620746333152 14.172521119006 14.1976225930266 14.2650379803963 14.1796929687262 14.2033600728028 14.3224127781577 14.3582720267586 14.4271217840724 14.4407482985407 14.5095980558544 14.5576494489796 14.5253761252388 14.4644154026173 14.410626529716 14.3037659688853 14.211966292467 14.1402477952652 14.3489486221224 14.3876766106114 14.5217902003787 14.5239417552948 14.5476088593714 14.7398144318722 14.5060121309943 14.4715872523375 14.6817224491388 14.6444288305938 14.4723044373095 14.3554032868706 14.6967833335511 14.772804940585 14.3934140903875 14.7290566572919 14.9076357153244 14.9650105130859 14.2234412520193 13.7192602166906 13.6690572686493 13.9286782285199 14.093630772084 14.0900448472239 14.3568376568146 15.5075609444175 15.3795434269123 15.6172902451362 15.5642185572069 15.6384472018108 15.8758354275487 15.6915188897401
