EcologicalScience/Bass/data/rs_data_bass/sst_374.asc
NCOLS 226 
NROWS 124 
XLLCORNER -9.41648524995501 
YLLCORNER 47.587301625531 
CELLSIZE 0.0833 
NODATA_value -9999 
[rows 54 to 80 of 124, columns 124 to 185 of 226]
6.27990050194785 5.83261614106596 5.7240821486339 5.6405300993938 5.5370761671802 5.58243811666034 5.65989409363829 5.49530014256015 5.38915676670149 5.44222845463082 5.34899440826848 5.30452894000337 5.57060456462204 5.60216070339084 5.71475874399766 5.67101046070457 5.16754661034793 5.18619341962039 5.26866969140247 5.31815545447171 5.32030700938776 5.5447859056294 5.38246304029599 5.37792086880654 5.30333363171667 5.82018493488431 6.2698599123396 6.36022521881387 6.23686940362677 6.20101015502587 6.47569199930876 6.24906154815108 6.39034698763862 6.48214666405693 6.56820886069909 6.52302620746195 6.27344583719969 6.34229559451342 6.42764060618356 6.41114535182714 6.5129856178537 6.49505599355325 6.34588151937351 5.02267524600029 5.31241797469556 4.99470503209159 4.96028015343472 5.1424451363273 4.36166976345703 4.18261258210987 4.13001901749521 1.75845907335835 14.4966631126091 4.0989410020411 10.1481571793556 4.74584184680134 2.27227087831125 5.53525156423669 4.62916717582725 17.6566057130694 17.9005842871989 17.8693188990945
5.54622027557343 5.44276634335984 5.59319589124061 6.03032013168558 5.6046708507929 5.43362223496661 5.21703237341717 5.39202550658956 5.48167362809181 5.45657215407118 5.38772239675745 5.33034759899601 5.73340555327013 5.30022583017126 6.06115908548236 6.08912929939106 5.79149753600359 5.80225531058386 5.75348673248664 5.72981962841004 5.47808770323172 5.97581407381222 6.00234991777688 5.5132297668606 5.37553025223315 5.4852595529519 6.405407872051 6.49649036349729 6.54023864679039 6.5208746525459 6.58829003991559 6.73387858923525 6.72240362968296 6.71236304007471 6.56318856589496 6.65929135214537 6.59115877980366 6.49935910338536 6.57107760058716 6.56103701097891 6.6643116469495 6.66359446197748 6.00234991777688 5.05925167957321 5.09511092817411 5.10802025767043 4.96530044823885 5.26723532145843 4.17400636244565 2.34291359805502 5.4186091628857 5.15052542034537 4.99217097852379 4.13057682802901 2.58083971252199 10.0974761079997 17.492328167126 16.4621065581361 -9999 -9999 -9999 -9999
5.38246304029599 5.44366282457486 4.91760764759965 5.18870356702246 5.03415020555258 5.18798638205044 5.35975218284875 5.26149784168229 5.28014465095475 4.98538162745535 5.15392009587958 5.32389293424785 5.72336496366188 5.73125399835408 5.89262061705813 5.94210638012737 5.76567887701094 5.7319711833261 5.91198461130261 5.98226873856038 6.00665302760899 6.18523208564147 6.45345926517621 6.41401409171522 6.6800897163339 6.62701802840456 6.71810051985085 6.77260657772422 6.82065797084942 6.9074373524636 6.81850641593337 6.86010314431041 7.05230871681124 7.06808678619564 7.02146976301447 7.01358072832227 6.88807335821912 6.75539413839579 6.76471754303202 6.63705861801282 6.75826287828386 6.73531295917928 5.46804711362347 5.34469129843637 5.08148441370577 5.04275642521679 5.39525283896364 4.29301125546917 4.46502408664674 4.51666140463203 1.784585097339 1.51528214034624 2.98999373905826 3.9566993159242 3.41327442221442 -9999 -9999 -9999 -9999 -9999 -9999 -9999
4.97641681530513 5.02106157981325 5.24769203097094 4.25994902825914 4.52781761530787 5.22276985319331 5.31241797469556 5.23639636766165 5.25647754687816 5.2263557780534 5.27727591106668 5.26723532145843 5.65810113120824 5.73986021801829 5.78360850131139 5.78073976142332 5.76998198684305 5.96792503912002 5.94425793504342 6.20316170994192 6.19240393536165 6.68080690130591 6.86153751425445 6.89309365302324 7.06091493647546 7.11398662440479 7.36069825477898 7.27607042808086 7.30690938187763 7.26818139338866 7.28754538763314 7.29400005238131 7.3413342605345 7.28539383271709 7.18498793663457 7.13263343367726 7.00210576876998 6.93971067620441 6.89309365302324 6.8995483177714 6.92751853168011 6.82998137548566 5.44509719451889 5.28229620587081 5.26006347173825 4.93015838460997 5.95552798460371 4.052228354197 5.26006347173825 1.93662831140682 3.65724470739951 1.58198034274392 4.24560532881878 5.22129329589798 18.9949995754287 -9999 -9999 -9999 -9999 -9999 -9999 -9999
4.69976271234918 4.96816918812692 5.16539505543187 3.81637012306601 4.96099733840674 4.93230993952602 5.03415020555258 5.11447492241859 5.15965757565573 5.24069947749376 5.19910274911672 5.25145725207403 5.31528671458364 5.68535416014493 5.74846643768251 5.80297249555588 5.87684254767373 5.81803337996826 5.9112674263306 6.25838495278731 6.33082063496113 7.14339120825753 7.17494734702632 7.29113131249323 7.31910152640194 7.40229498315603 7.65402690833434 7.60095522040501 7.57513656141236 7.50772117404267 7.4489120063372 7.40014342823997 7.30906093679368 7.29400005238131 7.21152378059924 7.10896632960066 6.94401378603652 7.04872279195115 7.00927761849016 6.96122622536495 6.35520492400974 6.1701712012291 5.46732992865145 5.43218786502257 5.33034759899601 8.61448102286085 3.99593531043502 4.33736516162753 3.98682108474895 3.48718222090974 2.78882335440721 2.47523422539234 4.9591531484787 15.9155674749985 15.2549996590242 -9999 -9999 -9999 -9999 -9999 -9999 -9999
6.22210383067346 5.92184590466786 4.99578080954961 4.78170109540224 4.90720846550539 4.92011779500172 4.94808800891042 4.90505691058934 4.98825036734343 5.08220159867778 5.09009063336998 5.05781730962917 5.23711355263367 5.56701863976195 5.64519180171192 5.79006316605955 5.79866938572377 6.10921047860757 6.2777489470318 6.41760001657531 6.34731588931754 7.63394572911784 7.65761283319443 7.65259253839031 7.74152347492054 7.78885768307373 7.71642200089991 7.58661152096465 7.56796471169218 7.54931790241972 7.44317452656105 7.41090120282024 7.36858728947118 7.28539383271709 7.25096895406023 7.27105013327673 7.11900691920891 7.07382426597178 7.03151035262272 5.52255317149684 5.46302681881934 5.99732962297276 5.75492110243067 5.64232306182384 6.3136081956327 3.27522647764104 5.85508793685585 3.62455072708858 3.04030426484533 3.37189473665785 2.64520706376061 2.58209478622302 2.66026794817299 2.00088808489963 17.5999996066093 -9999 23.7447889405303 -9999 -9999 -9999 -9999 -9999
-9999 -9999 -9999 -9999 -9999 13.2249997043982 5.02410961594433 4.78743857517838 5.03343302058056 5.00689717661589 4.96386607829481 4.9674520031549 4.93876460427418 5.28444776078686 5.52470472641289 5.6365855820477 5.97222814895213 6.21248511457816 6.6205633636564 6.87372965877876 6.57322915550321 7.97245703591034 7.96743674110621 7.87491987971589 7.87563706468791 7.78814049810171 7.68916897196323 7.6203192146495 7.54214605269954 7.51561020873487 7.3771935091354 7.33272804087028 7.29973753215745 7.27965635294095 7.2660298384726 7.1742301620543 7.09247107524425 7.02864161273465 6.9949339190498 5.44509719451889 5.43218786502257 5.97222814895213 5.78934598108754 5.79795220075175 5.78719442617148 10.4802336197077 -9999 18.0611647521687 7.69956083584349 18.3349995901808 2.79007842810825 2.78505813330412 2.79366435296834 4.24715922959149 5.37499987985939 5.37499987985939 10.3448998369277 -9999 -9999 -9999 -9999 -9999
-9999 -9999 -9999 -9999 -9999 -9999 -9999 6.94987079664133 4.61828537677814 4.93428219819907 4.93804741930217 4.87278358684853 4.83764152321965 4.99255347717553 5.33465070882812 5.59857477853075 6.07908870978281 6.58757285494357 6.88305306341499 7.00927761849016 6.99349954910576 8.06999419210479 8.05923641752452 7.99253821512684 7.8555558854714 7.79244360793382 7.74224065989256 7.62533950945362 7.50556961912662 7.42309334734455 7.3255561911501 7.28395946277305 7.25670643383637 7.21654407540336 7.15630053775385 7.04728842200711 7.03939938731492 6.47354044439271 6.00019836286083 5.36477247765288 5.41138950083405 5.57921078428626 5.68750571506098 5.74631488276646 5.83694913360523 16.0299996417016 -9999 -9999 -9999 -9999 -9999 -9999 -9999 -9999 -9999 -9999 -9999 -9999 -9999 -9999 -9999 -9999
-9999 -9999 -9999 -9999 -9999 -9999 -9999 -9999 12.9699997100979 7.07020059453422 4.8598742573522 4.82329782377928 4.76448865607381 4.83333841338754 4.8161259740591 5.52398754144087 5.93493453040719 6.32149723032489 6.71881770482287 7.29041412752122 7.61529891984537 8.10370188578963 8.15964231360704 8.11015655053779 7.93588060233742 7.82543411664665 7.73865473503247 7.61745047476143 7.49552902951837 7.34205144550651 7.25312050897628 7.20435193087906 7.17351297708228 7.12187565909699 6.91030609235168 6.85293129459023 6.8952452079393 5.53904842585325 5.13025299180299 5.17902156990021 5.4056520210579 5.46015807893127 5.67531357053667 5.80512405047193 4.33250424126163 7.66999982856214 -9999 -9999 -9999 -9999 -9999 -9999 -9999 -9999 -9999 -9999 -9999 -9999 -9999 -9999 -9999 -9999
-9999 -9999 -9999 -9999 -9999 -9999 -9999 -9999 -9999 13.509999698028 4.59451581770554 4.77022613584995 4.78528702026233 4.78098391043022 4.77309487573802 5.22133548324928 5.44724874943495 6.60406810929999 6.44987334031612 7.45608385605738 7.7278969604522 8.02624590881169 8.07501448690891 8.16322823846713 7.94950711680576 7.89356668898836 7.80033264262602 7.65833001816645 7.48118533007801 7.27463605813682 7.20004882104695 7.13191624870524 7.06521804630756 6.91460920218378 6.81994078587741 6.86727499403059 6.12211980810389 5.40780357597396 5.39632861642167 5.4931485876441 5.61722158780321 5.52685628132895 5.65451520634815 5.77141635678709 16.0522259941001 -9999 -9999 -9999 -9999 -9999 -9999 -9999 -9999 -9999 -9999 -9999 -9999 -9999 -9999 -9999 -9999 -9999
-9999 -9999 -9999 -9999 -9999 -9999 -9999 -9999 -9999 15.8349996460602 4.58590959804133 4.73723562713712 4.82903530355543 4.75588243640959 4.98394725751132 4.98681599739939 4.35963773936965 6.39393291249871 6.54023864679039 7.8196966368705 7.66908779274672 7.9946897700429 8.06569108227268 8.10585344070569 7.94018371216953 7.88496046932414 7.79100923798978 7.70781578123569 7.34276863047853 7.26961576333269 7.21224096557125 7.122592844069 6.99851984390989 6.8278298205696 6.74822228867561 6.7998596066609 5.55769523512572 5.38270210195333 5.60000914847478 5.61793877277523 5.61291847797111 5.76496169203892 5.76711324695498 5.80010375566781 9.19372122768047 3.34156275844474 9.96704721707059 -9999 -9999 -9999 -9999 -9999 -9999 -9999 -9999 -9999 -9999 -9999 -9999 -9999 -9999 -9999
-9999 -9999 -9999 -9999 -9999 -9999 -9999 -9999 -9999 7.91553188071916 4.69779045367613 4.76950895087793 4.81469160411507 4.8397930781357 5.52990431746002 6.43481245590374 6.26376384007744 6.75252539850771 6.64996794750914 7.53784294286743 7.61601610481739 8.02337716892362 8.08362070657313 7.9272743826732 7.91293068323284 7.82471693167463 7.75156406452879 7.6203192146495 7.42452771728858 7.29256568243727 7.2301705898717 7.10824914462864 6.96624652016908 6.80703145638108 6.3695486234501 5.88329721242189 5.54406872065738 5.31098360475153 5.85747855342925 5.70543533936143 5.53187657613307 5.71547592896968 5.78862879611552 13.421049188518 17.5449996078387 -9999 -9999 -9999 -9999 -9999 -9999 -9999 -9999 -9999 -9999 -9999 -9999 -9999 -9999 -9999 -9999 -9999
-9999 -9999 -9999 -9999 -9999 -9999 -9999 -9999 -9999 4.80967130931094 4.92513808980584 5.14101076638326 5.42035431298427 5.86124377453234 6.0188451721333 6.03749198140576 6.3415784095414 6.95764030050486 7.52278205845505 7.42811364214867 7.68271430721506 7.91436505317688 7.98249762551859 7.7357859951444 7.7637562090531 7.64613787364215 7.61960202967748 7.52134768851101 7.40444653807208 7.27965635294095 7.19359415629879 7.06521804630756 6.89237646805122 6.78551590722054 6.22467725910246 5.72766807349399 5.55482649523765 5.21918392833322 3.49578844057396 5.67172764567658 5.62295906757936 5.84815514879301 5.80512405047193 7.61650379059836 -9999 -9999 -9999 -9999 -9999 -9999 -9999 -9999 -9999 -9999 -9999 -9999 -9999 -9999 -9999 -9999 -9999 -9999
-9999 -9999 -9999 -9999 -9999 -9999 -9999 -9999 7.8141982187517 5.13742484152317 4.93517867941409 5.5888927814085 5.88096636126284 6.09701833408326 6.13359476765618 6.1622821665369 7.53891872032546 7.28467664774507 7.74295784486458 7.77523116860539 7.75945309922099 8.05780204758048 7.9430524520576 7.78455457324162 7.73435162520036 7.54788353247568 7.44962919130921 7.22515029506758 7.18068482680246 7.09247107524425 7.0386822023429 6.87516402872279 6.75037384359166 6.09665974159725 5.39991454128176 5.3776818071492 5.29592272033915 5.2184667433612 5.13957639643922 5.78504287125543 5.78647724119946 5.92059083096683 11.3569776466845 -9999 -9999 -9999 -9999 -9999 -9999 -9999 -9999 -9999 -9999 -9999 -9999 -9999 -9999 -9999 -9999 -9999 -9999 -9999
-9999 -9999 -9999 -9999 -9999 -9999 -9999 -9999 8.6280264642454 5.369792772457 5.41927853552625 6.08554337453097 6.27739035454579 6.45776237500831 6.49147006869316 7.51991331856698 7.53353983303532 7.44604326644912 7.33487959578633 7.361415439751 7.19144260138273 7.42381053231657 7.67769401241094 7.6683706077747 7.62677387939766 7.64685505861416 7.49409465957433 7.19933163607493 7.02864161273465 6.90456861257553 6.83930478012189 6.62343210354447 6.54525894159451 6.48860132880509 5.80010375566781 5.59642322361469 5.39417706150562 5.22779014799744 5.16898098029196 5.91772209107876 5.98011718364432 6.51128230354516 17.9149995995685 -9999 -9999 -9999 -9999 -9999 -9999 -9999 -9999 -9999 -9999 -9999 -9999 -9999 -9999 -9999 -9999 -9999 -9999 -9999
-9999 -9999 -9999 -9999 -9999 -9999 -9999 5.97089185558546 7.0029126018635 5.45298622921109 5.62224188260734 6.1319213360548 6.30093792779371 7.4847712549381 7.44532608147711 7.41090120282024 7.4611041508615 7.48763999482617 7.3972746883519 7.29973753215745 7.2258674800396 7.25312050897628 8.08362070657313 7.73722036508843 7.78025146340951 7.66621905285865 7.41520431265235 7.27320168819278 7.14984587300569 7.00497450865805 6.89094209810719 6.59617907460779 6.45919674495235 6.40253913216293 5.77715383656323 5.68320260522887 5.50390636222437 5.41784416558221 5.40636920602992 5.86465040314943 10.4621475904382 10.9003297875668 -9999 -9999 -9999 -9999 -9999 -9999 -9999 -9999 -9999 -9999 -9999 -9999 -9999 -9999 -9999 -9999 -9999 -9999 -9999 -9999
-9999 -9999 -9999 3.8400372271426 -9999 6.56332555628287 4.36896114400588 5.44007689971477 5.53976561082527 5.45083467429504 5.40493483608589 6.39441103581339 6.32436597021297 7.5249336133711 7.47903377516195 7.49983213935047 7.53067109314725 7.47473066532984 7.40803246293217 7.33272804087028 7.36858728947118 7.21582689043134 8.0664082672447 7.99397258507088 7.88424328435212 7.75156406452879 7.45178074622527 7.27320168819278 7.16705831233412 6.98776206932962 6.78623309219256 6.6284523983486 6.53091524215415 5.86465040314943 5.71332437405363 5.81946774991229 5.78719442617148 5.55124057037756 5.45155185926706 15.8103512309976 13.2949997028336 -9999 -9999 -9999 -9999 -9999 -9999 -9999 -9999 -9999 -9999 -9999 -9999 -9999 -9999 -9999 -9999 -9999 -9999 -9999 -9999 -9999
-9999 -9999 3.88019958557561 -9999 6.09307381673716 6.16488196206046 4.81110567925498 5.99159214319661 5.90911587141454 6.06115908548236 6.45489363512024 7.03676970908418 7.19574571121484 7.3137226391118 7.5966521105729 7.66550186788663 7.62390513950959 7.9789117006585 7.72933133039623 7.66048157308251 7.74152347492054 8.23351236572489 8.15462201880291 7.94018371216953 7.81037323223427 7.58302559610456 7.33631396573037 7.04370249714702 6.90098268771544 6.77619250258431 6.53019805718213 6.42764060618356 6.2777489470318 6.15869624167681 5.54693746054545 5.75276954751462 3.90802636248991 7.84044873106083 15.3378110148919 -9999 -9999 -9999 -9999 -9999 -9999 -9999 -9999 -9999 -9999 -9999 -9999 -9999 -9999 -9999 -9999 -9999 -9999 -9999 -9999 -9999 -9999 -9999
16.7749996250495 16.7749996250495 -9999 18.5799995847046 6.06886882393155 5.12523269699886 6.58624093999554 6.01023895246908 6.19240393536165 6.31289101066068 6.39823602233082 6.50222784327343 7.11470380937681 8.00616472959518 7.5844599660486 7.62892543431371 7.58302559610456 7.94090089714155 8.0147709492594 8.00401317467913 7.98751792032272 8.19693593215197 8.04632708802819 7.91723379306495 7.69275489682332 7.27750479802489 7.11757254926488 6.923215421848 6.7281411094591 6.5007934733294 6.27703176205978 6.20029297005385 6.09414959419519 6.03677479643375 5.50032043736428 5.36835840251297 5.18323503161082 10.8702941428471 -9999 -9999 -9999 -9999 -9999 -9999 -9999 -9999 -9999 -9999 -9999 -9999 -9999 -9999 -9999 -9999 -9999 -9999 -9999 -9999 -9999 -9999 -9999 -9999
15.9352721321047 15.2215776530755 6.57961862161756 6.36210782936541 5.35114596318454 5.04831460874993 5.75778984231874 5.68965726997703 6.42405468132347 6.59617907460779 6.62701802840456 6.66861475678161 8.1739860130474 7.72311572730541 7.44389171153307 7.62892543431371 7.640400393866 8.02768027875572 8.19191563734785 7.9868007353507 7.97532577579841 7.90504164854065 7.91149631328881 7.77738272352144 7.6203192146495 7.05948056653142 6.85077973967418 6.71451459499076 6.49003569874913 6.20889918971807 6.0984527040273 5.91772209107876 5.58423107909039 5.64576554968953 6.05418283166364 9.33350335447384 15.117795642642 19.1699995715171 8.55689758947119 13.2399997040629 -9999 -9999 -9999 -9999 -9999 -9999 -9999 -9999 -9999 -9999 -9999 -9999 -9999 -9999 -9999 -9999 -9999 -9999 -9999 -9999 -9999 -9999
7.19370449244833 5.12523269699886 5.23639636766165 5.33751944871619 5.38485365686938 6.39034698763862 6.38747824775055 6.40253913216293 6.5366527219303 6.59331033471972 6.65929135214537 6.79770805174485 7.19502852624282 7.39512313343585 7.4051637230441 7.61529891984537 7.51058991393074 7.98751792032272 7.9946897700429 7.86559647507966 8.00186161976308 7.82543411664665 7.84264655597508 7.67912838235497 7.17781608691439 6.61410869890824 6.51441998779774 6.39823602233082 6.21607103943825 6.01525924727321 5.65379802137613 5.37481306726113 5.28373057581484 16.3715536802076 7.76007248624228 14.0384894932354 12.5466752241748 17.0822600813117 13.385181297708 -9999 -9999 -9999 -9999 -9999 -9999 -9999 -9999 -9999 -9999 -9999 -9999 -9999 -9999 -9999 -9999 -9999 -9999 -9999 -9999 -9999 -9999 -9999
4.9753410378471 5.21694272529567 5.02518539340235 6.37528610322624 6.35233618412167 6.40110476221889 6.43194371601567 6.49649036349729 6.6564226122573 6.74535354878753 6.77332376269624 6.7718893927522 7.10753195965663 7.24523147428408 7.64972379850224 7.6124301799573 7.53640857292339 7.55864130705595 7.73220007028431 7.95452741160989 7.80893886229023 7.57728811632842 7.57226782152429 7.12402721401304 6.59402751969174 6.32006286038086 6.09558396413922 6.02601702185348 5.82448804471642 5.70328378444538 5.42501601530239 5.28229620587081 5.22348703816533 8.01336917863227 5.34236044727731 8.28658405365422 -9999 12.0843467799035 -9999 -9999 -9999 -9999 -9999 -9999 -9999 -9999 -9999 -9999 -9999 -9999 -9999 -9999 -9999 -9999 -9999 -9999 -9999 -9999 -9999 -9999 -9999 -9999
6.0109561374411 6.07908870978281 6.13072602776811 6.35879084886983 6.42190312640741 6.47497481433675 6.63490706309676 6.77834405750036 7.87491987971589 7.97317422088236 8.01261939434335 7.97460859082639 7.80678730737418 7.7479781396687 7.63609728403389 7.59808648051694 7.40946683287621 7.3334452258423 7.39153720857576 7.59091463079676 7.53067109314725 7.2739188731648 6.89237646805122 6.73459577420726 6.25623339787126 5.99159214319661 5.88329721242189 5.70902126422152 5.44007689971477 5.4293191251345 8.85280158906244 16.9590754859603 -9999 -9999 -9999 13.6052278061397 -9999 -9999 -9999 -9999 -9999 -9999 -9999 -9999 -9999 -9999 -9999 -9999 -9999 -9999 -9999 -9999 -9999 -9999 -9999 -9999 -9999 -9999 -9999 -9999 -9999 -9999
5.77141635678709 5.81014434527606 6.2698599123396 6.50868250802159 5.90815962478518 6.47497481433675 6.53234961209819 7.74224065989256 7.9150822381489 7.90289009362459 7.96815392607823 7.9430524520576 7.87635424965993 7.80391856748611 7.65474409330636 7.59880366548896 7.28324227780104 7.20076600601897 8.11015655053779 7.46469007572159 7.11470380937681 6.64925076253712 6.65929135214537 5.87684254767373 5.79651783080772 5.67818231042475 5.55410931026563 5.43362223496661 5.33967100363225 5.35975218284875 5.35186314815655 5.86622821008787 14.1142242262805 15.0765740302375 -9999 -9999 -9999 -9999 -9999 -9999 -9999 -9999 -9999 -9999 -9999 -9999 -9999 -9999 -9999 -9999 -9999 -9999 -9999 -9999 -9999 -9999 -9999 -9999 -9999 -9999 -9999 -9999
5.4572893390432 5.35258033312857 5.4651783737354 8.51719886576757 7.97920701211757 6.45991392992437 6.52230902248994 6.10168003640138 6.18738364055753 7.86631366005167 8.0226599839516 7.8634449201636 7.89213231904432 7.75945309922099 7.53067109314725 7.24881739914417 7.2896969425492 7.09892573999241 6.8715781038627 7.20148319099098 6.81707204598933 6.47640918428078 6.18092897580937 5.76711324695498 5.71189000410959 5.6007263334468 5.49888606742024 5.37481306726113 5.30022583017126 5.31528671458364 6.63117770124227 6.4019063218935 6.46759202786009 7.39010283863172 14.9299739178352 4.99999988824129 -9999 -9999 -9999 -9999 -9999 -9999 -9999 -9999 -9999 -9999 -9999 -9999 -9999 -9999 -9999 -9999 -9999 -9999 -9999 -9999 -9999 -9999 -9999 -9999 -9999 -9999
-9999 -9999 -9999 -9999 7.15999983996153 15.2403170023444 6.80990019626915 6.49003569874913 7.18546605994925 7.80893886229023 7.86559647507966 7.7121188910678 7.72861414542422 7.640400393866 7.52780235325918 6.71810051985085 7.24523147428408 7.26961576333269 7.26674702344462 7.0307931676507 6.89022491313517 6.46493422472849 6.25121310306713 5.71977903880179 5.54292122470215 6.73316140426323 9.25593126183376 -9999 -9999 -9999 -9999 -9999 -9999 -9999 -9999 -9999 -9999 -9999 -9999 -9999 -9999 -9999 -9999 -9999 -9999 -9999 -9999 -9999 -9999 -9999 -9999 -9999 -9999 -9999 -9999 -9999 -9999 -9999 -9999 -9999 -9999 -9999
-9999 -9999 -9999 -9999 -9999 13.3835198518354 7.34778892528266 7.3771935091354 8.05493330769241 7.89284950401634 7.6203192146495 7.69705800665542 7.26029235869646 7.25527206389233 7.14841150306165 6.78695027716458 6.87229528883472 6.94401378603652 6.82711263559759 6.7797784274444 6.29065827652812 6.34014403959736 6.26340524759144 7.66335031297058 14.0868806009077 -9999 -9999 -9999 -9999 -9999 -9999 -9999 -9999 -9999 -9999 -9999 -9999 -9999 -9999 -9999 -9999 -9999 -9999 -9999 -9999 -9999 -9999 -9999 -9999 -9999 -9999 -9999 -9999 -9999 -9999 -9999 -9999 -9999 -9999 -9999 -9999 -9999
