EcologicalScience/Bass/data/rs_data_bass/sst_92.asc
NCOLS 226 
NROWS 124 
XLLCORNER -9.41648524995501 
YLLCORNER 47.587301625531 
CELLSIZE 0.0833 
NODATA_value -9999 
[rows 0 to 26 of 124, columns 0 to 61 of 226]
-9999.000000000000000 -9999 -9999 -9999 -9999 -9999 -9999 -9999 -9999 -9999 -9999 -9999 -9999 -9999 -9999 -9999 -9999 -9999 -9999 -9999 -9999 -9999 -9999 -9999 -9999 -9999 -9999 -9999 -9999 -9999 -9999 -9999 -9999 -9999 -9999 -9999 -9999 -9999 -9999 -9999 -9999 -9999 -9999 -9999 -9999 -9999 -9999 -9999 -9999 -9999 -9999 -9999 -9999 -9999 -9999 -9999 -9999 -9999 -9999 -9999 -9999 -9999
-9999 -9999 -9999 -9999 -9999 -9999 -9999 -9999 -9999 -9999 -9999 -9999 -9999 -9999 -9999 -9999 -9999 -9999 -9999 -9999 -9999 -9999 -9999 -9999 -9999 -9999 -9999 -9999 -9999 -9999 -9999 -9999 -9999 -9999 -9999 -9999 -9999 -9999 -9999 -9999 -9999 -9999 -9999 -9999 -9999 -9999 -9999 -9999 -9999 -9999 -9999 -9999 -9999 -9999 -9999 -9999 -9999 -9999 -9999 -9999 -9999 -9999
-9999 -9999 -9999 -9999 -9999 -9999 -9999 -9999 -9999 -9999 -9999 -9999 -9999 -9999 -9999 -9999 -9999 -9999 -9999 -9999 -9999 -9999 -9999 -9999 -9999 -9999 -9999 -9999 -9999 -9999 -9999 -9999 -9999 -9999 -9999 -9999 -9999 -9999 -9999 -9999 -9999 -9999 -9999 -9999 -9999 -9999 -9999 -9999 -9999 -9999 -9999 -9999 -9999 -9999 -9999 -9999 -9999 -9999 -9999 -9999 -9999 -9999
-9999 -9999 -9999 -9999 -9999 -9999 -9999 -9999 -9999 -9999 -9999 -9999 -9999 -9999 -9999 -9999 -9999 -9999 -9999 -9999 -9999 -9999 -9999 -9999 -9999 -9999 -9999 -9999 -9999 -9999 -9999 -9999 -9999 -9999 -9999 -9999 -9999 -9999 -9999 -9999 -9999 -9999 -9999 -9999 -9999 -9999 -9999 -9999 -9999 -9999 -9999 -9999 -9999 -9999 -9999 -9999 -9999 -9999 -9999 -9999 -9999 -9999
-9999 -9999 -9999 -9999 -9999 -9999 -9999 -9999 -9999 -9999 -9999 -9999 -9999 -9999 -9999 -9999 -9999 -9999 -9999 -9999 -9999 -9999 -9999 -9999 -9999 -9999 -9999 -9999 -9999 -9999 -9999 -9999 -9999 -9999 -9999 -9999 -9999 -9999 -9999 -9999 -9999 -9999 -9999 -9999 -9999 -9999 -9999 -9999 -9999 -9999 -9999 -9999 -9999 -9999 -9999 -9999 -9999 -9999 -9999 -9999 -9999 -9999
-9999 -9999 -9999 -9999 -9999 8.74499980453402 8.7183331384634 8.70999980531633 8.73666647138695 9.80499978084117 9.80499978084117 7.39499983470887 6.26999985985458 8.09833315232148 8.61333314081033 8.37333314617475 9.80499978084117 9.80499978084117 9.86999977938831 9.86999977938831 8.67999980598688 8.94624980003573 7.43062483391259 7.29374983697198 7.96590891285715 8.42423058093454 7.23333317165573 7.20899983886629 6.93999984487891 6.88499984610826 6.69999985024333 6.51374985440634 9.07706876262894 12.355972611951 12.3249997245148 6.98606845761458 11.698604296579 12.2299997266382 12.6581031653452 10.8819997567683 6.42649985635653 8.12999981828034 9.32666645819942 11.8083330693965 -9999 -9999 -9999 -9999 -9999 -9999 -9999 -9999 -9999 -9999 -9999 -9999 -9999 -9999 -9999 -9999 -9999 -9999
-9999 -9999 -9999 -9999 -9999 8.65499980654567 8.60833314092209 8.61833314069857 9.1299997959286 9.26999979279935 9.27999979257584 9.83199978023768 9.8159997805953 8.62499980721623 6.4299998562783 5.80499987024814 9.91999977827072 9.94999977760017 9.96999977715313 9.92499977815896 7.30249983677641 8.99799979887903 7.97812482167501 7.73153828872511 7.779117473182 6.94419984478504 7.18857126789434 7.16249983990565 6.88499984610826 6.51874985429458 6.98999984376132 9.904999778606 9.904999778606 11.5417108569993 11.0361307423917 12.3030494768889 12.0099997315556 -9999 9.75426944489643 11.8030949742755 6.33999985828996 6.68666651720802 6.63999985158443 7.04249984258786 12.0811762005529 12.4154759129687 -9999 -9999 -9999 -9999 -9999 -9999 -9999 -9999 -9999 -9999 -9999 -9999 -9999 -9999 -9999 -9999
-9999 -9999 -9999 -9999 -9999 9.33499979134649 9.40749978972599 9.39249979006127 9.88499977905303 9.88499977905303 9.67999978363514 9.63699978459626 8.73333313812812 9.02249979833141 7.06166650882612 7.05333317567905 6.43833318942537 6.86999984644353 6.97166651083777 5.72833320529511 5.7033332058539 5.96749986661598 8.00312482111622 8.11187481868546 11.5612066381386 6.79249984817579 7.22124983859248 7.11874984088354 6.7574998489581 9.26099979300052 7.12499984074384 6.76749984873459 7.04499984253198 7.25874983775429 6.75166651575516 5.61399987451732 11.2681010566523 12.3099997248501 12.0549997305498 12.2242331463802 11.7121879233625 8.90105243262492 6.24699986036867 6.2063634976406 8.7549998043105 10.7783330924188 -9999 -9999 -9999 -9999 -9999 -9999 -9999 -9999 -9999 -9999 -9999 -9999 -9999 -9999 -9999 -9999
-9999 -9999 -9999 -9999 -9999 9.80999978072941 9.82999978028238 9.71999978274107 9.37499979045242 9.72666644925872 9.6999997831881 9.76999978162348 9.00499979872257 9.00166646546374 9.17499979492277 9.20499979425222 9.32499979157001 8.5366664758573 9.22299979384989 8.46874981070869 8.50999980978668 7.701666494521 7.54799983128905 7.59944427458362 7.25166650457929 8.64562480675522 6.029999865219 6.43499985616654 6.51749985432252 7.08874984155409 6.28624985949136 6.5149998543784 6.83249984728172 7.24124983814545 7.67249982850626 7.24399983808398 10.1669228496746 10.0708331082327 12.070202265029 11.9734064685809 11.198189470371 12.1720428369165 11.828782941424 11.2291633860053 11.2356111756892 10.3992854818436 9.33499979134649 -9999 -9999 -9999 -9999 -9999 -9999 -9999 -9999 -9999 -9999 -9999 -9999 -9999 -9999 -9999
-9999 -9999 -9999 -9999 -9999 9.73999978229403 9.78999978117645 9.74499978218228 9.66499978397042 10.0049997763708 10.0049997763708 9.89499977882951 9.89499977882951 9.74499978218228 9.74999978207052 10.1459997732192 10.2799997702241 10.2959997698665 9.3869997901842 8.34624981344678 8.54249980906025 8.71874980512075 7.20199983902276 7.84049982475117 7.67249982850626 8.61499980743974 8.66249980637804 6.8899998459965 7.16374983987771 7.17749983957037 8.00749982101843 8.10749981878325 6.28874985943548 6.46374985552393 7.07749984180555 7.46124983322807 7.34499983582646 6.94999984465539 9.25571407883295 9.22357122240854 8.52722203162395 12.2578785138938 10.9763246266841 11.3762066422737 13.334901662726 13.9754526348201 12.0949997296557 -9999 -9999 -9999 -9999 -9999 -9999 -9999 -9999 -9999 -9999 -9999 -9999 -9999 -9999 -9999
-9999 -9999 -9999 -9999 -9999 8.85333313544591 9.41999978944659 9.6516664509351 9.40249978983775 9.71999978274107 9.85999977961183 9.96999977715313 9.97999977692962 10.029999775812 10.0449997754768 10.0599997751415 8.57499980833381 8.17999981716275 8.32249981397763 8.32249981397763 8.27749981498346 7.38166650167356 7.09499984141439 6.61499985214323 8.62999980710447 9.69499978329986 7.33624983602203 7.35249983565882 7.15999983996153 7.05749984225258 6.80874984781258 6.25499986018986 5.99249986605719 6.4541665224048 6.38374985731207 6.33499985840172 7.02749984292313 7.33249983610585 9.2149997940287 9.1549997953698 8.99071408475616 5.15499988477677 5.40999987907708 5.4249998787418 12.3617583229991 12.039999730885 -9999 -9999 -9999 -9999 -9999 -9999 -9999 -9999 -9999 -9999 -9999 -9999 -9999 -9999 -9999 -9999
-9999 -9999 -9999 -9999 -9999 9.759999781847 9.06857122587306 10.0433331088473 9.06499979738146 9.02999979816377 8.85999980196357 8.91749980067834 9.90999977849424 9.96499977726489 9.9899997767061 10.0449997754768 7.90166649005065 8.42249981174245 8.48749981028959 8.38249981263652 8.05124982004054 7.97624982171692 7.51249983208254 10.3068179514428 7.62999982945621 7.66874982859008 7.25833317109694 7.06833317534377 6.83624984719791 7.82749982504174 7.67999982833862 6.11999986320734 5.91624986776151 5.73249987186864 8.54999980889261 8.56416647524262 5.53583320959782 9.06833313064029 9.63642835603761 9.19874979439192 8.79499980341643 8.16999981738627 8.16999981738627 13.1637497057673 12.4001391046063 12.5797311247358 12.2549997260794 -9999 -9999 -9999 -9999 -9999 -9999 -9999 -9999 -9999 -9999 -9999 -9999 -9999 -9999 -9999
-9999 -9999 -9999 -9999 -9999 10.7149997605011 10.6899997610599 8.70999980531633 10.0099997762591 9.03499979805201 8.9249998005107 8.91749980067834 10.2999997697771 10.2999997697771 8.47999981045723 8.13999981805682 8.13999981805682 9.94499977771193 9.94499977771193 8.75624980428256 8.52999980933964 7.67999982833862 7.29083317037051 7.41999983415008 7.34499983582646 7.03666650938491 7.211249838816 7.20749983889982 6.27333319311341 5.95999986678362 5.84999986924231 5.3283332142358 5.54416654274488 5.40124987927265 5.34874988044612 7.80916649211819 9.18916646127279 9.16083312857275 5.66624987334944 5.82749986974522 5.35916654687996 8.92124980059452 9.32772706423632 9.32772706423632 11.7992160951938 12.1299997288734 -9999 -9999 -9999 -9999 -9999 -9999 -9999 -9999 -9999 -9999 -9999 -9999 -9999 -9999 -9999 -9999
-9999 -9999 -9999 -9999 -9999 9.51999978721142 9.82499978039414 9.66666645059983 10.069999774918 10.069999774918 9.05249979766086 9.76899978164584 9.68499978352338 9.72499978262931 9.74999978207052 9.94499977771193 8.03749982034788 8.13999981805682 9.35899979081005 9.45999978855252 9.55071407223919 10.1929997721687 7.93749982258305 8.08999981917441 9.4449997888878 9.53999978676438 9.54999978654087 6.64666651810209 6.49999985471368 6.05333319803079 5.77333320428928 5.39249987946823 5.33166654749463 5.25083321596806 4.47499989997596 4.45833323368182 4.40166656828175 8.68142837738352 8.72499980498105 4.91333322351178 6.53249985398725 8.83166646926353 8.7424998045899 12.5784880909419 11.8749997345731 -9999 -9999 -9999 -9999 -9999 -9999 -9999 -9999 -9999 -9999 -9999 -9999 -9999 -9999 -9999 -9999 -9999
-9999 -9999 -9999 -9999 -9999 9.10833312974622 8.9483331333225 8.5366664758573 10.3149997694418 10.3149997694418 8.37499981280416 10.2279997713864 10.0419997755438 8.85249980213121 8.73249980481341 8.63249980704859 9.759999781847 9.76999978162348 9.70999978296459 9.42499978933483 10.5799997635186 7.17499983962625 7.16124983993359 7.25499983783811 9.56499978620559 9.59999978542328 9.64499978441745 6.66666651765506 6.61499985214323 6.48499985504895 6.21833319434275 6.20666652793686 5.49166654391835 5.46749987779185 9.99999977648258 10.029999775812 9.70166644981752 8.74642837593066 8.73071409056761 11.8970965082727 11.2749997479841 11.5113678485092 11.7959836350171 11.9565079763657 11.9084674814151 11.7143696031558 -9999 -9999 -9999 -9999 -9999 -9999 -9999 -9999 -9999 -9999 -9999 -9999 -9999 -9999 -9999 -9999
-9999 -9999 -9999 -9999 -9999 9.19874979439192 8.82874980266206 10.3049997696653 10.3049997696653 8.1249998183921 8.09499981906265 10.5149997649714 10.5149997649714 8.28333314818641 9.95099977757782 9.91699977833778 9.72499978262931 9.72499978262931 10.1871426294425 10.1828569152525 9.90749977855012 7.23124983836897 9.83999978005886 9.83999978005886 9.96499977726489 9.99999977648258 10.1299997735769 9.15999979525805 9.15999979525805 7.61749982973561 9.09999979659915 5.91833320104828 5.14916655157382 5.08499988634139 4.89999989047647 4.98833322183539 4.89749989053234 5.05333322038253 9.82333311376472 9.59326065513913 12.094856872516 12.006428303064 11.4322406472324 -9999 -9999 -9999 -9999 13.2249997043982 13.2249997043982 -9999 -9999 -9999 -9999 -9999 -9999 -9999 -9999 -9999 -9999 -9999 -9999 -9999
-9999 -9999 -9999 -9999 -9999 10.5349997645244 8.25166648222754 10.2199997715652 10.2249997714534 10.2299997713417 8.42666647831599 8.43166647820423 8.49333314349254 10.0199997760355 10.0199997760355 8.62499980721623 8.22499981615692 9.09799979664385 9.24799979329109 10.2324997712858 9.46299978848547 9.36399979069829 7.66249982872978 9.98499977681786 10.1549997730181 10.1299997735769 10.029999775812 9.94999977760017 7.45333316673835 7.88833315701534 7.36999983526766 5.12499988544732 5.29799988158047 5.13799988515675 6.56374985328875 5.79124987055548 4.96083322245007 4.90833322362353 13.4509571461562 -9999 -9999 -9999 -9999 -9999 -9999 -9999 -9999 -9999 -9999 -9999 -9999 -9999 -9999 -9999 -9999 -9999 -9999 -9999 -9999 -9999 -9999 -9999
-9999 -9999 -9999 -9999 -9999 10.5349997645244 10.4149997672066 8.32666648055116 8.32333314729234 8.38666647921006 8.68999980576336 8.66333313969274 8.24833314896872 8.00833315433314 8.43499981146306 8.44749981118366 8.50499980989844 9.42099978942424 9.55999978631735 9.50249978760257 9.48249978804961 8.30499981436878 7.14124984038062 9.85999977961183 9.80999978072941 9.78999978117645 9.80499978084117 9.72999978251755 4.56333323133489 4.56333323133489 9.72722200480186 9.20642836564886 4.73166656090567 4.3929999018088 8.13699981812388 6.41083319004004 4.53833323189368 4.13916657414908 8.96249979967251 11.9770686978089 11.6199997402728 -9999 -9999 -9999 -9999 -9999 -9999 -9999 -9999 -9999 -9999 -9999 -9999 -9999 -9999 -9999 -9999 -9999 -9999 -9999 -9999 -9999
-9999 -9999 -9999 -9999 -9999 8.63124980707653 10.3699997682124 10.3299997691065 8.36166647976885 8.25499981548637 9.09999979659915 8.63874980690889 8.67374980612658 8.68749980581924 8.50874980981462 8.11374981864356 9.61999978497624 9.73999978229403 9.73749978234991 9.59099978562444 7.51249983208254 7.42666650066773 7.35666650223235 7.46499983314425 6.63999985158443 6.58666651944319 6.38666652391354 6.27166652648399 9.27499979268759 9.27499979268759 9.19642836587238 9.13499979581684 5.31166654794166 4.63399989642203 4.46099990028888 4.36999990232289 4.75799989365041 4.53699989859015 4.5379998985678 10.6529906675194 12.0011304700642 -9999 -9999 12.5831078268537 9.15999979525805 9.15999979525805 -9999 -9999 -9999 -9999 -9999 -9999 -9999 -9999 -9999 -9999 -9999 -9999 -9999 -9999 -9999 -9999
-9999 -9999 -9999 -9999 -9999 10.2949997698888 7.16249983990565 7.84249982470647 8.26749981520697 8.27749981498346 8.33499981369823 8.61124980752356 8.53624980919994 8.5124998097308 8.44999981112778 9.26499979291111 8.54749980894849 8.70249980548397 9.04749979777262 8.60499980766326 8.40999981202185 7.78999982587993 7.15499984007329 6.69499985035509 7.39999983459711 7.01749984314665 6.97749984404072 6.93999984487891 9.43214264631804 9.47642835961389 7.15166650681446 6.14333319601913 4.82416655883814 4.68416656196738 4.39374990179203 4.46874990011565 4.85249989153817 9.39833312326421 5.3274998809211 5.89999986812472 6.66999985091388 9.40999978967011 9.4574997886084 9.5174997872673 9.53249978693202 6.27499985974282 -9999 -9999 -9999 -9999 -9999 -9999 -9999 -9999 -9999 -9999 -9999 -9999 -9999 -9999 -9999 -9999
-9999 -9999 -9999 -9999 -9999 8.48899981025606 8.10499981883913 8.23999981582165 8.15999981760979 8.03749982034788 7.9799998216331 8.31124981422909 7.85166649116824 7.70666649440924 10.029999775812 10.029999775812 7.84749982459471 8.25499981548637 8.81749980291352 8.78249980369583 8.72749980492517 9.81099978070706 9.86599977947771 5.95166653363655 10.1249997736886 10.1649997727945 10.0799997746944 7.0599998421967 6.91249984549358 6.81999984756112 9.66499978397042 9.66499978397042 4.80249989265576 4.8137498924043 4.92124989000149 5.07749988650903 5.15499988477677 9.72499978262931 9.67999978363514 9.69499978329986 9.67999978363514 9.65999978408217 7.78999982587993 9.51999978721142 9.77666644814114 10.4023527086658 -9999 -9999 -9999 -9999 -9999 -9999 -9999 -9999 -9999 -9999 -9999 -9999 -9999 -9999 -9999 -9999
-9999 -9999 -9999 -9999 -9999 8.83399980254471 8.02499982062727 8.49749981006607 8.32249981397763 10.2399997711182 10.2449997710064 10.2449997710064 7.92249982291833 7.81249982537702 7.8824998238124 7.85124982451089 7.84499982465059 8.84249980235472 8.90999980084598 8.89749980112538 8.87749980157241 8.38749981252477 8.29749981453642 9.88999977894127 9.88999977894127 5.85999986901879 5.9449998671189 6.13624986284412 6.77499984856695 6.71249984996393 6.64249985152856 6.5749998530373 4.30499990377575 7.38999983482063 7.36999983526766 8.36399981305003 9.66999978385866 9.61999978497624 9.68999978341162 9.63999978452921 9.70499978307635 8.83333313589295 9.34666645775239 9.39166645674656 9.95833311074724 11.8890738083326 12.3124135178996 -9999 -9999 -9999 -9999 -9999 -9999 -9999 10.9150669761002 -9999 -9999 -9999 -9999 -9999 -9999 -9999
-9999 -9999 -9999 -9999 -9999 9.93666644456486 9.45099978875369 9.28299979250878 8.72666647161047 8.36499981302768 8.35833314651003 7.95999982208014 7.90499982330948 7.55624983110465 7.61374982981943 7.70874982769601 8.37249981286004 8.51499980967492 8.67999980598688 8.83749980246648 9.08749979687855 8.5849998081103 8.29999981448054 8.18749981699511 9.85999977961183 9.90999977849424 9.90999977849424 9.81499978061765 9.42214264654155 9.70799978300929 9.70699978303164 8.22399981617928 10.1595452274619 9.17388868383649 8.10499981883913 8.10499981883913 9.19499979447573 9.1827775725267 5.32249988103285 9.45999978855252 9.45999978855252 8.72999980486929 9.04428551213018 10.4374997667037 9.71666644948224 10.4062497674022 11.2048097047955 -9999 12.7199997156858 12.7199997156858 -9999 -9999 -9999 -9999 -9999 -9999 -9999 -9999 -9999 -9999 -9999 -9999
-9999 -9999 -9999 -9999 -9999 9.5029997875914 9.12499979604036 9.11749979620799 6.72249984974042 6.72999984957278 6.65499985124916 10.0399997755885 10.0399997755885 8.30874981428497 7.59124983032234 7.84624982462265 8.33749981364235 8.66749980626628 8.66499980632216 8.85249980213121 8.55249980883673 8.1499998178333 8.11999981850386 8.07249981956556 7.99749982124195 10.0099997762591 10.0749997748062 10.0949997743592 9.64999978430569 9.64999978430569 7.99199982136488 7.58499983046204 7.53999983146787 8.73249980481341 8.73749980470166 7.05666650893787 6.99749984359369 9.51499978732318 9.51499978732318 4.92874988983385 4.98249988863245 4.85055544713719 9.13166646255801 9.13166646255801 5.53749987622723 11.3964580786026 -9999 8.58052612399977 8.58052612399977 14.5274996752851 -9999 -9999 -9999 11.5765738153175 11.674212702024 -9999 -9999 -9999 -9999 -9999 -9999 -9999
-9999 -9999 -9999 -9999 -9999 9.68499978352338 7.11499984096736 7.55833316439142 8.22666648278634 6.68999985046685 10.0349997757003 10.0349997757003 7.1924998392351 10.2399997711182 10.2399997711182 10.3219997692853 10.916110867117 9.95499977748841 9.95499977748841 10.6264283339094 10.6249997625127 10.5421426215076 8.0649998197332 6.75249984906986 6.6474998514168 6.47499985527247 9.60499978531152 9.60499978531152 9.56499978620559 9.56499978620559 9.01299979854375 9.51999978721142 9.51999978721142 8.9483331333225 8.60499980766326 8.45699981097132 8.36499981302768 8.36499981302768 10.0199997760355 -9999 -9999 9.19916646104927 8.3916664790983 7.84499982465059 8.56833314181616 11.1351920588014 -9999 10.9668516067236 10.9668516067236 14.1899996828288 -9999 -9999 7.80315772032267 7.69333316137393 9.13045434137298 -9999 -9999 -9999 -9999 -9999 -9999 -9999
-9999 -9999 -9999 -9999 -9999 8.19099981691688 10.3149997694418 9.89999977871776 7.18499983940274 7.07249984191731 6.98899984378368 9.41333312292894 9.68666645015279 10.1349997734651 10.1349997734651 8.7549998043105 8.66333313969274 9.88999977894127 10.6771426184901 9.83299978021532 9.81899978052825 9.83999978005886 9.83999978005886 7.73999982699752 8.04833315343907 5.80749987019226 5.73249987186864 9.1514283668782 9.15428550967148 9.75888867076072 9.77277755933917 9.58499978575855 9.58499978575855 9.60999978519976 9.60999978519976 9.96555533280803 9.38052610611837 7.85999982431531 7.8349998248741 -9999 12.8848434620013 9.54699978660792 8.46666647742192 8.60666647429268 8.69666647228102 11.5631478896916 7.64056124706456 -9999 9.69368399385559 9.18499979469925 9.35499979089946 8.68749980581924 9.29142836374896 9.25714265022959 8.86374980187975 -9999 -9999 -9999 -9999 -9999 -9999 -9999
-9999 -9999 -9999 -9999 -9999 9.97899977695197 10.1349997734651 10.2139997716993 8.87249980168417 8.02499982062727 10.3364283403914 9.65666645082335 9.759999781847 10.0949997743592 10.0999997742474 10.1599997729063 10.1099997740239 10.029999775812 9.94999977760017 9.93499977793545 9.94999977760017 9.89999977871776 9.84999977983534 7.74199982695282 10.1211108848866 10.440555322191 10.5561108751636 9.51499978732318 9.37749979039654 9.24749979330227 8.99999979883432 8.23499981593341 10.049999775365 10.157999772951 10.1629997728392 9.34166645786415 9.79346131956062 9.80884593460136 -9999 12.3132649467302 9.16499979514629 5.40299987923354 9.54833311991145 9.64499978441745 9.47333312158783 10.090624774457 -9999 9.78999978117645 7.8224998251535 7.8224998251535 9.5335712154795 7.80333315891524 7.76666649306814 6.96714270141508 5.24642845416175 -9999 -9999 -9999 -9999 -9999 -9999 -9999
