EcologicalScience/Bass/data/rs_data_bass/sst_36.asc
NCOLS 226 
NROWS 124 
XLLCORNER -9.41648524995501 
YLLCORNER 47.587301625531 
CELLSIZE 0.0833 
NODATA_value -9999 
[rows 54 to 80 of 124, columns 0 to 61 of 226]
-9999 -9999 -9999 -9999 -9999 -9999 -9999 -9999 -9999 -9999 -9999 -9999 -9999 -9999 -9999 -9999 -9999 -9999 -9999 -9999 -9999 -9999 -9999 -9999 -9999 -9999 -9999 -9999 -9999 -9999 -9999 -9999 -9999 -9999 -9999 -9999 -9999 -9999 11.2413155382107 12.8449997128919 12.8049997137859 12.8849997119978 13.1099997069687 13.3499997016042 13.4149997001514 13.4799996986985 13.6749996943399 13.8349996907637 13.8499996904284 13.9149996889755 13.944999688305 14.0249996865168 13.9949996871874 14.0049996869639 14.0799996852875 14.1999996826053 14.1049996847287 13.9499996881932 14.0799996852875 10.0932892480816 -9999 13.5549996970221
-9999 -9999 -9999 -9999 -9999 -9999 -9999 -9999 -9999 -9999 -9999 -9999 -9999 -9999 -9999 -9999 -9999 -9999 -9999 -9999 -9999 -9999 -9999 -9999 -9999 -9999 -9999 -9999 -9999 -9999 -9999 -9999 -9999 -9999 -9999 -9999 -9999 -9999 13.7066663602988 13.0999997071922 12.9999997094274 13.0199997089803 13.1399997062981 13.2349997041747 13.324999702163 13.4649996990338 13.614999695681 13.8499996904284 13.9699996877462 13.9749996876344 13.9349996885285 13.9949996871874 13.9599996879697 13.9949996871874 14.0299996864051 14.0399996861815 13.9999996870756 13.8249996909872 -9999 13.6649996945634 -9999 13.8799996897578
-9999 -9999 -9999 -9999 -9999 -9999 -9999 -9999 -9999 -9999 -9999 -9999 -9999 -9999 -9999 -9999 -9999 -9999 -9999 -9999 -9999 -9999 -9999 -9999 -9999 -9999 -9999 -9999 -9999 -9999 -9999 -9999 -9999 -9999 -9999 -9999 -9999 -9999 -9999 13.6649996945634 13.1249997066334 13.2249997043982 13.2749997032806 13.344999701716 13.3849997008219 13.5949996961281 13.799999691546 14.0249996865168 14.1449996838346 14.1299996841699 14.0599996857345 14.0749996853992 14.0349996862933 14.2249996820465 14.2599996812642 14.1299996841699 13.8749996898696 13.8749996898696 13.8349996907637 13.7349996929988 -9999 -9999
-9999 -9999 -9999 -9999 -9999 -9999 -9999 -9999 -9999 -9999 -9999 -9999 -9999 -9999 -9999 -9999 -9999 -9999 -9999 -9999 -9999 -9999 -9999 -9999 -9999 -9999 -9999 -9999 -9999 -9999 -9999 -9999 -9999 -9999 -9999 -9999 -9999 -9999 -9999 -9999 13.2899997029454 13.21999970451 13.3349997019395 13.5049996981397 13.5549996970221 13.7299996931106 13.8099996913224 14.0099996868521 14.1149996845052 14.2599996812642 14.2849996807054 14.2299996819347 14.1349996840581 14.1649996833876 14.2049996824935 13.944999688305 13.6949996938929 13.6249996954575 13.6249996954575 13.5249996976927 12.9649997102097 -9999
-9999 -9999 -9999 -9999 -9999 -9999 -9999 -9999 -9999 -9999 -9999 -9999 -9999 -9999 -9999 -9999 -9999 -9999 -9999 -9999 -9999 -9999 -9999 -9999 -9999 -9999 -9999 -9999 -9999 -9999 -9999 -9999 -9999 -9999 -9999 -9999 -9999 -9999 -9999 -9999 13.074999707751 13.2149997046217 13.1749997055158 13.5599996969104 13.7249996932223 13.9399996884167 13.9749996876344 14.0549996858463 14.0349996862933 14.0849996851757 14.3099996801466 14.3349996795878 14.3199996799231 14.2449996815994 14.2099996823817 14.21499968227 13.8599996902049 13.7349996929988 13.8099996913224 13.4249996999279 13.2899997029454 10.0915964130907
-9999 -9999 -9999 -9999 -9999 -9999 -9999 -9999 -9999 -9999 -9999 -9999 -9999 -9999 -9999 -9999 -9999 -9999 -9999 -9999 -9999 -9999 -9999 -9999 -9999 -9999 -9999 -9999 -9999 -9999 -9999 -9999 -9999 -9999 -9999 -9999 -9999 -9999 -9999 -9999 13.1149997068569 13.2749997032806 13.3299997020513 13.6799996942282 13.7899996917695 14.0549996858463 14.1799996830523 13.9849996874109 14.1099996846169 14.2199996821582 14.2949996804819 14.4249996775761 14.3899996783584 14.3199996799231 14.2049996824935 14.1899996828288 14.1999996826053 14.0949996849522 14.1399996839464 14.1449996838346 -9999 -9999
-9999 -9999 -9999 -9999 -9999 -9999 -9999 -9999 -9999 -9999 -9999 -9999 -9999 -9999 -9999 -9999 -9999 -9999 -9999 -9999 -9999 -9999 -9999 -9999 -9999 -9999 -9999 -9999 -9999 -9999 -9999 -9999 -9999 -9999 -9999 -9999 -9999 -9999 -9999 13.21999970451 13.0449997084215 13.3999997004867 13.7699996922165 14.1499996837229 14.2299996819347 14.2399996817112 14.2899996805936 14.2999996803701 14.2549996813759 14.2599996812642 14.3949996782467 14.4799996763468 14.4649996766821 14.4299996774644 14.379999678582 14.339999679476 14.2999996803701 14.3866663450996 9.26249979296699 13.2349997041747 13.1499997060746 13.2549997037277
-9999 -9999 -9999 -9999 -9999 -9999 -9999 -9999 -9999 -9999 -9999 -9999 -9999 -9999 -9999 -9999 -9999 -9999 -9999 -9999 -9999 -9999 -9999 -9999 -9999 -9999 -9999 -9999 -9999 -9999 -9999 -9999 -9999 -9999 -9999 -9999 -9999 -9999 -9999 13.344999701716 13.9299996886402 13.9799996875226 14.1849996829405 14.3949996782467 14.4149996777996 14.4199996776879 14.379999678582 14.4299996774644 14.4149996777996 14.4949996760115 14.5599996745586 14.524999675341 14.504999675788 14.5399996750057 14.4349996773526 14.2399996817112 14.2449996815994 14.2549996813759 13.9749996876344 13.8549996903166 13.6799996942282 13.4749996988103
-9999 -9999 -9999 -9999 -9999 -9999 -9999 -9999 -9999 -9999 -9999 -9999 -9999 -9999 -9999 -9999 -9999 -9999 -9999 -9999 -9999 -9999 -9999 -9999 -9999 -9999 -9999 -9999 -9999 -9999 -9999 -9999 -9999 -9999 -9999 -9999 -9999 -9999 14.3677774566329 13.1099997069687 14.1399996839464 14.2549996813759 14.2699996810406 14.3049996802583 14.3949996782467 14.4899996761233 14.5849996739998 14.5949996737763 14.5499996747822 14.5849996739998 14.5549996746704 14.5949996737763 14.6099996734411 14.6099996734411 14.5449996748939 14.4199996776879 14.2749996809289 14.1249996842816 13.9999996870756 13.8499996904284 13.6499996948987 13.634999695234
-9999 -9999 -9999 -9999 -9999 -9999 -9999 -9999 -9999 -9999 -9999 -9999 -9999 -9999 -9999 -9999 -9999 -9999 -9999 -9999 -9999 -9999 -9999 -9999 -9999 -9999 -9999 -9999 -9999 -9999 -9999 -9999 -9999 -9999 -9999 -9999 -9999 -9999 13.7449996927753 14.0149996867403 14.1299996841699 14.3649996789172 14.4149996777996 14.4249996775761 14.5199996754527 14.6149996733293 14.5849996739998 14.5599996745586 14.6099996734411 14.6949996715412 14.7049996713176 14.6799996718764 14.6449996726587 14.5099996756762 14.379999678582 14.2799996808171 14.089999685064 13.9999996870756 13.9349996885285 13.8799996897578 13.8249996909872 13.614999695681
-9999 -9999 -9999 -9999 -9999 -9999 -9999 -9999 -9999 -9999 -9999 -9999 -9999 -9999 -9999 -9999 -9999 -9999 -9999 -9999 -9999 -9999 -9999 -9999 -9999 -9999 -9999 -9999 -9999 -9999 -9999 -9999 -9999 -9999 -9999 -9999 -9999 11.8699997346848 13.8699996899813 13.9799996875226 14.0299996864051 14.2299996819347 14.3199996799231 14.3649996789172 14.5399996750057 14.6049996735528 14.6599996723235 14.6399996727705 14.7099996712059 14.7199996709824 14.6999996714294 14.7549996702 14.4799996763468 14.4149996777996 14.3999996781349 14.2049996824935 14.1149996845052 14.1849996829405 14.2999996803701 14.2299996819347 13.9849996874109 13.6599996946752
-9999 -9999 -9999 -9999 -9999 -9999 -9999 -9999 -9999 -9999 -9999 -9999 -9999 -9999 -9999 -9999 -9999 -9999 -9999 -9999 -9999 -9999 -9999 -9999 -9999 -9999 -9999 -9999 -9999 -9999 -9999 -9999 -9999 -9999 -9999 -9999 -9999 13.8499996904284 13.8749996898696 14.1349996840581 14.3349996795878 14.524999675341 14.5199996754527 14.5849996739998 14.6649996722117 14.6149996733293 14.6449996726587 14.7399996705353 14.649999672547 14.7249996708706 14.7899996694177 14.7449996704236 14.6849996717647 14.5549996746704 14.5299996752292 14.5999996736646 14.5849996739998 14.4549996769056 14.3449996793643 14.1799996830523 13.8049996914342 13.5249996976927
-9999 -9999 -9999 -9999 -9999 -9999 -9999 -9999 -9999 -9999 -9999 -9999 -9999 -9999 -9999 -9999 -9999 -9999 -9999 -9999 -9999 -9999 -9999 -9999 -9999 -9999 -9999 -9999 -9999 -9999 -9999 -9999 -9999 -9999 -9999 11.2499997485429 13.5649996967986 13.9199996888638 14.1249996842816 14.379999678582 14.4449996771291 14.4699996765703 14.4949996760115 14.5299996752292 14.504999675788 14.5099996756762 14.5699996743351 14.5799996741116 14.5649996744469 14.6199996732175 14.7799996696413 14.8699996676296 14.8249996686354 14.6649996722117 14.5549996746704 14.5849996739998 14.5599996745586 14.4599996767938 14.3649996789172 14.339999679476 14.0299996864051 13.8199996910989
-9999 -9999 -9999 -9999 -9999 -9999 -9999 -9999 -9999 -9999 -9999 -9999 -9999 -9999 -9999 -9999 -9999 -9999 -9999 -9999 -9999 -9999 -9999 -9999 -9999 -9999 -9999 -9999 -9999 -9999 -9999 -9999 -9999 -9999 -9999 10.6903843764359 13.344999701716 13.5299996975809 13.9399996884167 14.0549996858463 14.0299996864051 14.2449996815994 14.4649996766821 14.484999676235 14.5549996746704 14.6399996727705 14.649999672547 14.6199996732175 14.6149996733293 14.6099996734411 14.6699996720999 14.8399996683002 14.7499996703118 14.5649996744469 14.524999675341 14.5299996752292 14.4799996763468 14.5399996750057 14.4099996779114 14.1199996843934 13.9499996881932 14.1099996846169
-9999 -9999 -9999 -9999 -9999 -9999 -9999 -9999 -9999 -9999 -9999 -9999 -9999 -9999 -9999 -9999 -9999 -9999 -9999 -9999 -9999 -9999 -9999 -9999 -9999 -9999 -9999 -9999 -9999 13.7352496929932 13.8531407159992 13.3059997025877 13.5299996975809 13.5299996975809 14.350444123687 12.7399997152388 12.8399997130036 13.2749997032806 13.9649996878579 14.0849996851757 14.2899996805936 14.2899996805936 14.4949996760115 14.5349996751174 14.6049996735528 14.6399996727705 14.5599996745586 14.5699996743351 14.4749996764585 14.5149996755645 14.5999996736646 14.7099996712059 14.7349996706471 14.649999672547 14.484999676235 14.3449996793643 14.4249996775761 14.4149996777996 14.2399996817112 14.0949996849522 13.9099996890873 13.9337496885564
-9999 -9999 -9999 -9999 -9999 -9999 -9999 -9999 -9999 -9999 -9999 -9999 -9999 -9999 -9999 -9999 -9999 -9999 -9999 -9999 -9999 -9999 -9999 13.0049997093156 12.9699997100979 12.889999711886 12.8949997117743 12.8249997133389 13.5059996981174 13.3049997026101 13.2899997029454 13.4549996992573 13.3799997009337 13.324999702163 13.5399996973574 13.7749996921048 13.6999996937811 13.9399996884167 14.0149996867403 14.0299996864051 14.1249996842816 14.1999996826053 14.1649996833876 14.2399996817112 14.3549996791407 14.3699996788055 14.5649996744469 14.4749996764585 14.6199996732175 14.6399996727705 14.6049996735528 14.5849996739998 14.6799996718764 14.6649996722117 14.4449996771291 14.2849996807054 14.1999996826053 13.9649996878579 13.8649996900931 14.4108330112261 -9999 -9999
-9999 -9999 -9999 -9999 -9999 -9999 -9999 -9999 -9999 -9999 -9999 -9999 -9999 -9999 -9999 -9999 -9999 -9999 -9999 -9999 -9999 15.4197055376957 13.0599997080863 12.9949997095391 13.0599997080863 13.0599997080863 13.1549997059628 13.1749997055158 13.1699997056276 13.2849997030571 13.3899997007102 13.4949996983632 13.6249996954575 13.7499996926636 13.7649996923283 13.8499996904284 13.9349996885285 13.904999689199 14.0099996868521 14.0849996851757 14.0849996851757 14.0649996856228 14.0399996861815 14.089999685064 14.21499968227 14.3749996786937 14.3899996783584 14.2899996805936 14.4999996758997 14.5399996750057 14.629999672994 14.6749996719882 14.6749996719882 14.6049996735528 14.6049996735528 14.1099996846169 14.2312496819068 -9999 -9999 -9999 -9999 -9999
-9999 -9999 -9999 -9999 -9999 -9999 -9999 -9999 -9999 -9999 -9999 -9999 -9999 -9999 -9999 -9999 -9999 6.88018432352692 15.857674064158 12.6534997171722 12.3199997246265 12.4249997222796 13.0149997090921 13.179999705404 13.1599997058511 13.2249997043982 13.2649997035041 13.3799997009337 13.5249996976927 13.509999698028 13.5249996976927 13.6399996951222 13.7299996931106 13.7899996917695 13.8399996906519 13.8949996894225 13.8899996895343 13.9899996872991 13.9999996870756 14.049999685958 14.0449996860698 13.9949996871874 13.9399996884167 14.0449996860698 14.2099996823817 14.2999996803701 14.2499996814877 14.3449996793643 14.4199996776879 14.4299996774644 14.4749996764585 14.5399996750057 14.5749996742234 -9999 -9999 -9999 -9999 -9999 -9999 -9999 -9999 -9999
-9999 -9999 -9999 -9999 -9999 -9999 -9999 -9999 -9999 -9999 -9999 -9999 -9999 8.0727694520114 -9999 -9999 9.89499977882951 12.7949997140095 12.7699997145683 12.6449997173622 12.6599997170269 12.8349997131154 13.1649997057393 13.2799997031689 13.3199997022748 13.3999997004867 13.4449996994808 13.4499996993691 13.5899996962398 13.6299996953458 13.6099996957928 13.5849996963516 13.6749996943399 13.7699996922165 13.8499996904284 13.7949996916577 13.8699996899813 13.9499996881932 13.904999689199 13.8549996903166 13.9599996879697 14.0799996852875 14.21499968227 14.2949996804819 14.3349996795878 14.2499996814877 14.1699996832758 14.1449996838346 14.0099996868521 14.484999676235 14.484999676235 14.4774996764027 -9999 -9999 -9999 -9999 -9999 -9999 -9999 -9999 -9999 -9999
-9999 -9999 -9999 -9999 -9999 -9999 -9999 -9999 -9999 -9999 -9999 -9999 -9999 10.8849997567013 11.644999739714 12.1999997273088 12.4399997219443 12.7149997157976 12.9649997102097 13.1099997069687 13.0099997092038 13.1199997067451 13.3049997026101 13.4449996994808 13.5049996981397 13.4149997001514 13.4549996992573 13.5049996981397 13.5749996965751 13.7099996935576 13.7249996932223 13.7299996931106 13.7949996916577 13.8549996903166 13.8499996904284 13.9099996890873 13.8949996894225 13.8349996907637 13.7699996922165 13.7749996921048 13.9299996886402 14.0349996862933 14.0949996849522 14.1799996830523 14.3449996793643 14.4349996773526 14.4499996770173 14.2749996809289 14.2449996815994 14.2999996803701 14.2899996805936 14.2949996804819 14.4749996764585 -9999 -9999 -9999 -9999 -9999 -9999 21.6918018407318 21.691220445396 19.4736995647289
-9999 -9999 -9999 -9999 -9999 -9999 -9999 -9999 -9999 -9999 -9999 13.5105260138057 13.1249997066334 13.0999997071922 12.9249997111037 12.7949997140095 12.8499997127801 13.0149997090921 13.1099997069687 13.2549997037277 13.2599997036159 13.2849997030571 13.3699997011572 13.489999698475 13.5199996978045 13.5699996966869 13.5549996970221 13.5999996960163 13.6299996953458 13.6799996942282 13.7199996933341 13.799999691546 13.8449996905401 13.8649996900931 13.8749996898696 13.904999689199 13.904999689199 13.8349996907637 13.7349996929988 13.7249996932223 13.8599996902049 13.9699996877462 14.0749996853992 14.2449996815994 14.3749996786937 14.3349996795878 14.4499996770173 14.2949996804819 14.2649996811524 14.2949996804819 14.4899996761233 11.0149997537956 -9999 -9999 -9999 -9999 13.3799997009337 13.6749996943399 13.7499996926636 13.5849996963516 15.0736838736032 17.7899996023625
-9999 -9999 -9999 -9999 -9999 -9999 -9999 -9999 11.9749997323379 11.8599997349083 12.494999720715 12.7799997143447 12.7049997160211 12.6699997168034 13.034999708645 13.0649997079745 13.1249997066334 13.1599997058511 13.3199997022748 13.3999997004867 13.469999698922 13.5249996976927 13.3699997011572 13.3699997011572 13.5549996970221 13.6049996959046 13.5699996966869 13.6299996953458 13.6499996948987 13.6749996943399 13.7499996926636 13.8249996909872 13.8399996906519 13.8849996896461 13.8349996907637 13.8149996912107 13.8699996899813 13.7949996916577 13.7199996933341 13.7649996923283 13.8849996896461 14.2199996821582 14.194999682717 14.2999996803701 14.3149996800348 14.2449996815994 14.3749996786937 14.3649996789172 14.2799996808171 14.3049996802583 14.3299996796995 14.3449996793643 14.3699996788055 14.7399996705353 14.649999672547 15.0249996641651 14.5799996741116 14.234999681823 14.1199996843934 14.5899996738881 15.064999663271 14.3019996803254
-9999 -9999 -9999 -9999 -9999 12.6174997179769 12.3199997246265 11.8299997355789 11.7749997368082 11.9649997325614 12.6149997180328 12.6099997181445 12.474999721162 12.8549997126684 13.0799997076392 13.1649997057393 13.2499997038394 13.2299997042865 13.2649997035041 13.3349997019395 13.3399997018278 13.469999698922 13.3949997005984 13.3899997007102 13.5499996971339 13.6049996959046 13.4749996988103 13.6249996954575 13.7649996923283 13.8149996912107 13.8349996907637 13.8999996893108 13.8699996899813 13.8649996900931 13.8349996907637 13.7449996927753 13.7049996936694 13.5999996960163 13.5599996969104 13.7149996934459 13.8699996899813 14.0799996852875 14.3299996796995 14.3749996786937 14.339999679476 14.1549996836111 14.2649996811524 14.4249996775761 14.5199996754527 14.4699996765703 14.4199996776879 14.3749996786937 14.4699996765703 14.8049996690825 14.9599996656179 15.2049996601418 15.2499996591359 14.9749996652827 14.7649996699765 14.9849996650591 14.7849996695295 14.8099996689707
-9999 -9999 -9999 -9999 -9999 12.5899997185916 12.0149997314438 12.6249997178093 13.0099997092038 12.9499997105449 12.9699997100979 13.0399997085333 13.1249997066334 13.1949997050688 13.1849997052923 13.2799997031689 13.3199997022748 13.1349997064099 12.9949997095391 13.0899997074157 13.0849997075275 13.074999707751 13.1249997066334 13.344999701716 13.5249996976927 13.509999698028 13.489999698475 13.634999695234 13.7199996933341 13.75999969244 13.779999691993 13.7549996925518 13.6399996951222 13.6999996937811 13.6749996943399 13.5849996963516 13.5499996971339 13.5249996976927 13.5899996962398 13.7849996918812 14.0949996849522 14.2849996807054 14.2749996809289 14.2999996803701 14.4399996772408 14.4699996765703 14.5699996743351 14.5649996744469 14.7049996713176 14.7099996712059 14.5299996752292 14.4299996774644 14.4449996771291 14.6149996733293 15.1399996615946 15.1549996612594 15.3149996576831 15.2599996589124 15.1699996609241 15.2149996599182 15.0899996627122 14.9349996661767
-9999 -9999 -9999 -9999 -9999 12.8849997119978 13.1699997056276 13.2249997043982 13.0199997089803 12.8849997119978 12.9749997099862 13.0199997089803 13.1449997061864 13.3099997024983 13.0999997071922 12.9399997107685 12.4349997220561 12.784999714233 12.9749997099862 12.9699997100979 12.9699997100979 12.8999997116625 13.0249997088686 13.0799997076392 13.2899997029454 13.3599997013807 13.2949997028336 13.3349997019395 13.4399996995926 13.5699996966869 13.4749996988103 13.4599996991456 13.5649996967986 13.5899996962398 13.5549996970221 13.6299996953458 13.6399996951222 13.6449996950105 13.6399996951222 13.9199996888638 14.0349996862933 14.1799996830523 14.2999996803701 14.379999678582 14.4749996764585 14.5749996742234 14.6849996717647 14.6749996719882 14.7149996710941 14.7299996707588 14.649999672547 14.5099996756762 14.4949996760115 14.7699996698648 14.6049996735528 14.0599996857345 15.0799996629357 15.2849996583536 15.2599996589124 15.1799996607006 15.3649996565655 15.3449996570125
-9999 -9999 -9999 -9999 -9999 13.0399997085333 12.9449997106567 12.8349997131154 12.9799997098744 13.2249997043982 13.324999702163 13.2799997031689 13.2599997036159 13.3199997022748 13.3599997013807 12.8399997130036 12.4999997206032 12.6249997178093 12.7549997149035 12.9799997098744 13.034999708645 12.9649997102097 12.8299997132272 13.2249997043982 12.9199997112155 13.2249997043982 13.2349997041747 13.2699997033924 13.2599997036159 13.3699997011572 13.4299996998161 13.3899997007102 13.4149997001514 13.4249996999279 13.4249996999279 13.3799997009337 13.4149997001514 13.4949996983632 13.5599996969104 13.7299996931106 13.8349996907637 14.0199996866286 14.3349996795878 14.4649996766821 14.4449996771291 14.4349996773526 14.6049996735528 14.6399996727705 14.7499996703118 14.7899996694177 14.774999669753 14.6999996714294 14.7249996708706 14.7799996696413 14.8699996676296 13.5999996960163 15.0299996640533 14.9237496664282 14.9849996650591 14.7699996698648 14.5849996739998 14.9024996669032
-9999 -9999 -9999 -9999 -9999 12.8349997131154 12.8349997131154 12.8249997133389 12.9449997106567 13.1549997059628 13.2599997036159 13.2949997028336 12.3199997246265 11.8349997354671 11.5349997421727 12.2849997254089 13.1049997070804 12.8299997132272 12.929999710992 12.8549997126684 12.6799997165799 12.9749997099862 12.9599997103214 12.9449997106567 12.8799997121096 13.2999997027218 13.2449997039512 13.2249997043982 13.2349997041747 13.3049997026101 13.3899997007102 13.4149997001514 13.3999997004867 13.3899997007102 13.3899997007102 13.3349997019395 13.4099997002631 13.4849996985868 13.509999698028 13.5049996981397 13.5349996974692 13.6049996959046 14.2674996810965 13.4249996999279 13.8699996899813 14.2899996805936 14.4499996770173 14.5899996738881 14.7349996706471 14.8049996690825 14.7699996698648 14.8199996687472 14.7899996694177 13.8899996895343 13.7749996921048 14.3949996782467 14.8699996676296 14.6862496717367 14.9599996656179 14.9049996668473 13.8049996914342 15.0249996641651
