EcologicalScience/Bass/data/rs_data_bass/sst_406.asc
NCOLS 226 
NROWS 124 
XLLCORNER -9.41648524995501 
YLLCORNER 47.587301625531 
CELLSIZE 0.0833 
NODATA_value -9999 
[rows 54 to 80 of 124, columns 0 to 61 of 226]
-9999 -9999 -9999 -9999 -9999 -9999 -9999 -9999 -9999 -9999 -9999 -9999 -9999 -9999 -9999 -9999 -9999 -9999 -9999 -9999 -9999 -9999 -9999 -9999 -9999 -9999 -9999 -9999 -9999 -9999 -9999 -9999 -9999 -9999 -9999 -9999 -9999 -9999 12.4746684498655 12.327443247661 12.6657154927962 12.7352824350819 12.9425488919951 13.6245918003842 13.654713569209 13.6518448293209 14.015099017648 14.0785698876716 14.3597063967027 14.1904507433064 14.2628864254802 14.4400311135687 14.251411465928 14.1452680900693 13.8748893556185 13.8225348526612 13.8340098122135 13.575823222287 11.0404882840067 -9999 -9999 13.1677449732088
-9999 -9999 -9999 -9999 -9999 -9999 -9999 -9999 -9999 -9999 -9999 -9999 -9999 -9999 -9999 -9999 -9999 -9999 -9999 -9999 -9999 -9999 -9999 -9999 -9999 -9999 -9999 -9999 -9999 -9999 -9999 -9999 -9999 -9999 -9999 -9999 -9999 -9999 10.2749997703359 12.5602893019095 12.5997344753705 12.7273934003897 13.0529953776859 13.3829004648142 13.8282723324373 13.7902615289204 14.2851191596128 14.3360392926261 14.2901394544169 14.3568376568146 14.3460798822343 14.3647266915068 14.2456739861518 14.211249107495 14.0254981997423 13.9494765927084 13.9824671014212 13.3699911353178 6.8049998478964 13.6649996945634 -9999 10.5649997638538
-9999 -9999 -9999 -9999 -9999 -9999 -9999 -9999 -9999 -9999 -9999 -9999 -9999 -9999 -9999 -9999 -9999 -9999 -9999 -9999 -9999 -9999 -9999 -9999 -9999 -9999 -9999 -9999 -9999 -9999 -9999 -9999 -9999 -9999 -9999 -9999 -9999 -9999 -9999 13.1248035230092 12.7137668859214 12.7338480651379 13.0759452967905 13.2193822911941 13.3312631468289 14.2298959167674 14.292291009333 14.3632923215628 14.3812219458632 14.3432111423463 14.4364451887086 14.1976225930266 14.1710867490619 14.0800042576157 13.9946592459455 14.1476587066427 14.2700582752004 13.9820572814372 13.5246422947384 12.5349997198209 6.98999984376132 -9999
-9999 -9999 -9999 -9999 -9999 -9999 -9999 -9999 -9999 -9999 -9999 -9999 -9999 -9999 -9999 -9999 -9999 -9999 -9999 -9999 -9999 -9999 -9999 -9999 -9999 -9999 -9999 -9999 -9999 -9999 -9999 -9999 -9999 -9999 -9999 -9999 -9999 -9999 -9999 11.0999997518957 13.0099642793648 13.1498153489083 13.5048219100572 13.6898556328379 13.6253089853562 14.1273384657688 14.2377849514596 14.2298959167674 14.3152409284376 14.254997390788 14.3546861018986 14.2442396162078 14.1115603963844 14.2098147375509 14.4156468245201 14.3001800440252 14.214476439869 14.213042069925 13.8831369827967 12.0898159602657 13.1550149399554 -9999
-9999 -9999 -9999 -9999 -9999 -9999 -9999 -9999 -9999 -9999 -9999 -9999 -9999 -9999 -9999 -9999 -9999 -9999 -9999 -9999 -9999 -9999 -9999 -9999 -9999 -9999 -9999 -9999 -9999 -9999 -9999 -9999 -9999 -9999 -9999 -9999 -9999 -9999 -9999 -9999 12.9306555745425 12.9898831001483 13.1196935800835 13.7952818237245 13.8870815001428 13.9250923036598 14.0972166969441 14.0843073674478 14.1861476334743 14.2012085178867 14.1574602345936 14.3532517319545 14.3561204718426 14.3267158879898 14.0298013095744 13.814645817969 14.3399838099722 14.1158635062166 13.8834955752827 13.5736716673709 13.5080492424313 13.5649996967986
-9999 -9999 -9999 -9999 -9999 -9999 -9999 -9999 -9999 -9999 -9999 -9999 -9999 -9999 -9999 -9999 -9999 -9999 -9999 -9999 -9999 -9999 -9999 -9999 -9999 -9999 -9999 -9999 -9999 -9999 -9999 -9999 -9999 -9999 -9999 -9999 -9999 -9999 -9999 11.9499997328967 12.0166152807884 13.2136448114179 13.295403898228 13.5801263321191 13.7665944248438 13.8203832977451 13.9767296216451 13.9444562979043 14.0326700494625 14.1409649802372 14.213400662411 14.3683126163669 14.4292733389884 14.3675954313949 14.2571489457041 14.1703695640899 14.0161747951061 13.255241539795 13.2249285216443 13.8532575061922 -9999 -9999
-9999 -9999 -9999 -9999 -9999 -9999 -9999 -9999 -9999 -9999 -9999 -9999 -9999 -9999 -9999 -9999 -9999 -9999 -9999 -9999 -9999 -9999 -9999 -9999 -9999 -9999 -9999 -9999 -9999 -9999 -9999 -9999 -9999 -9999 -9999 -9999 -9999 -9999 -9999 12.9999236897565 12.860072620213 13.7206945866346 13.1799371177331 13.6912900027819 13.7873927890323 13.7536850953475 13.7924130838364 13.8885158700868 14.0828729975037 14.1309243906289 14.334604922682 14.3762016510591 14.4206671193242 14.3482314371504 14.2872707145289 14.410626529716 13.9168446764816 14.5099996756762 16.6207152656737 13.3809879715554 13.4442197799217 12.9525894816034
-9999 -9999 -9999 -9999 -9999 -9999 -9999 -9999 -9999 -9999 -9999 -9999 -9999 -9999 -9999 -9999 -9999 -9999 -9999 -9999 -9999 -9999 -9999 -9999 -9999 -9999 -9999 -9999 -9999 -9999 -9999 -9999 -9999 -9999 -9999 -9999 -9999 -9999 -9999 13.4072847538628 13.455336146988 13.2530899848789 13.258110279683 13.4087191238068 13.6618854189292 13.8440504018217 13.9157688990235 14.0584887084551 14.1782585987821 14.1969054080546 14.253563020844 14.3353221076541 14.4099093447439 14.4342936337925 14.0749839628115 14.2065874051768 14.1832788935862 13.9491180002224 13.5041047250852 13.179219932761 12.6348765389994 12.4326303768903
-9999 -9999 -9999 -9999 -9999 -9999 -9999 -9999 -9999 -9999 -9999 -9999 -9999 -9999 -9999 -9999 -9999 -9999 -9999 -9999 -9999 -9999 -9999 -9999 -9999 -9999 -9999 -9999 -9999 -9999 -9999 -9999 -9999 -9999 -9999 -9999 -9999 -9999 13.5659260696732 13.0601672274061 14.0222708673682 13.5385296037421 13.7257148814388 13.8734549856745 13.9322641533799 13.9982451708056 13.9882045811974 14.01402324019 14.09219640214 14.2700582752004 14.3224127781577 14.4249702291563 14.3618579516187 14.4285561540164 14.1000854368322 13.8576769162901 14.4278389690444 13.6446729796007 13.457487701904 13.1709723055828 12.7697073137388 12.6879482269287
-9999 -9999 -9999 -9999 -9999 -9999 -9999 -9999 -9999 -9999 -9999 -9999 -9999 -9999 -9999 -9999 -9999 -9999 -9999 -9999 -9999 -9999 -9999 -9999 -9999 -9999 -9999 -9999 -9999 -9999 -9999 -9999 -9999 -9999 -9999 -9999 -9999 -9999 13.3298287768848 13.5435498985462 13.892818979919 13.9050111244433 14.0678121130913 14.055619968567 14.0276497546583 14.0419934540987 14.1043885466643 14.0082857604139 14.0914792171679 14.1868648184463 14.3439283273183 14.3618579516187 14.3173924833536 14.212683477439 14.0247810147703 14.0021896881517 13.8885158700868 14.1434751276392 13.2803430138156 13.1125217303634 13.1677449732088 13.0874202563427
-9999 -9999 -9999 -9999 -9999 -9999 -9999 -9999 -9999 -9999 -9999 -9999 -9999 -9999 -9999 -9999 -9999 -9999 -9999 -9999 -9999 -9999 -9999 -9999 -9999 -9999 -9999 -9999 -9999 -9999 -9999 -9999 -9999 -9999 -9999 -9999 -9999 13.0623187823221 13.2746055340394 13.6712088235654 13.9709921418689 14.1804101536982 14.2069459976628 14.1538743097335 14.1990569629706 14.0800042576157 14.452223258093 14.2607348705642 14.3188268532977 14.569841593504 14.4450514083728 14.4034546799958 14.5146183506586 14.3288674429059 13.9968108008616 13.9222235637717 13.7544022803195 13.5987731413916 13.4894024331588 13.1096529904753 12.5846735909581 13.3136921150144
-9999 -9999 -9999 -9999 -9999 -9999 -9999 -9999 -9999 -9999 -9999 -9999 -9999 -9999 -9999 -9999 -9999 -9999 -9999 -9999 -9999 -9999 -9999 -9999 -9999 -9999 -9999 -9999 -9999 -9999 -9999 -9999 -9999 -9999 -9999 -9999 -9999 14.1198797420599 13.5155796846375 13.7120883669704 14.0577715234831 14.0728324078955 14.3080690787174 14.3288674429059 14.3934140903875 14.453657628037 14.4550919979811 14.1553086796775 14.2198553271592 14.3597063967027 14.4715872523375 14.4952543564141 14.214835032355 14.0735495928675 14.1696523791179 13.7300179912709 13.7135227369145 13.5865809968673 13.3448896612972 13.1899777073413 13.6102481009439 12.737433989998
-9999 -9999 -9999 -9999 -9999 -9999 -9999 -9999 -9999 -9999 -9999 -9999 -9999 -9999 -9999 -9999 -9999 -9999 -9999 -9999 -9999 -9999 -9999 -9999 -9999 -9999 -9999 -9999 -9999 -9999 -9999 -9999 -9999 -9999 -9999 11.0411951928956 13.5914219954284 13.7221289565787 13.7795037543401 13.9444562979043 14.2334818416275 14.2800988648087 14.3482314371504 14.3181096683256 14.2571489457041 14.3926969054155 14.2349162115715 14.3579134342726 14.3962828302756 14.49023406161 14.2607348705642 14.3934140903875 14.5447401194833 14.0972166969441 14.0046998355538 13.8053224133328 13.9200720088556 14.0104373153299 13.2452009501867 13.1749168229289 13.455336146988 13.7472304305993
-9999 -9999 -9999 -9999 -9999 -9999 -9999 -9999 -9999 -9999 -9999 -9999 -9999 -9999 -9999 -9999 -9999 -9999 -9999 -9999 -9999 -9999 -9999 -9999 -9999 -9999 -9999 -9999 -9999 -9999 -9999 22.2365373768769 23.664999471046 -9999 -9999 10.6016571433283 13.057298487518 13.375728615094 13.8332926272415 14.1818445236422 14.132358760573 14.1510055698454 14.2298959167674 14.1969054080546 13.9803155465052 14.1700109716039 14.171445341548 14.211607699981 14.214476439869 14.3536103244405 14.4672841425054 14.5888469952624 14.291573824361 14.2492599110119 14.1510055698454 14.0649433732033 14.4411068910267 14.0649433732033 14.2338404341135 14.0764183327556 14.092913587112 14.1122775813565
-9999 -9999 -9999 -9999 -9999 -9999 -9999 -9999 -9999 -9999 -9999 -9999 -9999 -9999 -9999 -9999 -9999 -9999 -9999 -9999 -9999 -9999 -9999 -9999 -9999 -9999 -9999 -9999 -9999 12.9683675509878 8.87551744931916 12.9337633760879 13.2200994761661 7.20754532240055 14.7079509281154 13.3699911353178 13.1447950541042 13.3018585629761 13.6123996558599 13.6762291183695 13.9433805204462 13.9817499164492 14.3008972289972 14.0419934540987 14.1212423935067 14.2313302867115 14.2327646566555 14.1678594166879 14.1395306102931 13.9681234019808 14.4866481367499 14.4400311135687 14.3697469863109 14.5418713795952 14.0900448472239 14.1660664542578 14.1761070438661 14.0807214425877 14.2367091740016 14.1413235727232 14.1818445236422 14.2679067202844
-9999 -9999 -9999 -9999 -9999 -9999 -9999 -9999 -9999 -9999 -9999 -9999 -9999 -9999 -9999 -9999 -9999 -9999 -9999 -9999 -9999 -9999 16.3525509346897 13.5516779948957 13.8067567832768 13.8433332168497 13.6292535027023 13.2674336843193 13.2150791813619 13.2803430138156 13.3248084820807 13.4646595516242 13.3936582393944 13.3563646208495 13.4331034128554 13.5012359851971 13.6403698697686 13.815363002941 13.7852412341163 13.8010193035007 13.7522507254034 13.7891857514624 13.9154103065375 13.8042466358747 13.8770409105346 13.6353495749645 13.8978392747231 13.8497878815979 13.8992736446671 13.6697744536214 13.9552140724845 14.4299905239604 14.4264045991004 14.3833735007793 14.4246116366703 14.4020203100517 14.3593478042167 14.334604922682 14.0318224672228 13.5549996970221 -9999 -9999
-9999 -9999 -9999 -9999 -9999 -9999 -9999 -9999 -9999 -9999 -9999 -9999 -9999 -9999 -9999 -9999 -9999 -9999 -9999 -9999 -9999 11.8218278423883 13.4877887669718 13.4443393107504 13.6331980200484 13.6227988379542 13.5067344033159 13.2122104414739 13.3728598752059 13.6324808350764 13.5621967078187 13.5299233840778 13.5966215864755 13.7608569450676 13.656147939153 14.1563844571356 13.7859584190883 13.9480422227643 13.9781639915891 13.9688405869529 13.9534211100545 13.8734549856745 13.8745307631325 13.9618480334757 14.014740425162 13.9788811765611 14.0764183327556 14.1137119513005 14.4489959257189 14.4712286598515 14.3163167058956 14.4224600817543 14.4038132724818 14.4016617175657 14.0478205819963 14.2962355266791 13.6049996959046 -9999 -9999 -9999 -9999 -9999
-9999 -9999 -9999 -9999 -9999 -9999 -9999 -9999 -9999 -9999 -9999 -9999 -9999 -9999 -9999 -9999 -9999 6.88018432352692 11.1720051329273 13.5500045632944 13.2753227190115 13.2523727999069 13.6059449911118 13.4929883580189 13.6694158611353 13.3577989907935 13.7450788756832 13.2358775455505 13.3958097943105 13.894970534835 13.8684346908703 13.77591782948 13.5478530083783 13.9451734828763 14.0326700494625 13.9853358413093 14.0419934540987 13.7873927890323 14.0706808529794 14.1079744715244 14.3023315989412 13.9774468066171 13.9261680811178 13.9778053991031 14.1363032779191 14.1631977143697 14.1122775813565 14.0211950899102 14.3536103244405 14.3353221076541 14.2273857693654 13.5241207056679 12.6599997170269 -9999 -9999 -9999 -9999 -9999 -9999 -9999 -9999 -9999
-9999 -9999 -9999 -9999 -9999 -9999 -9999 -9999 -9999 -9999 -9999 -9999 -9999 -9999 -9999 -9999 -9999 13.2012136052363 13.4725485863164 13.5901669217274 13.2107760715298 13.6045106211677 13.6683400836773 13.6532791992649 13.6676228987053 13.6790978582576 13.7113711819984 13.53422649391 13.3549302509055 13.7422101357952 13.8175145578571 13.8705862457864 13.9283196360338 13.8619800261222 13.7651600548998 13.8598284712061 13.9250923036598 13.8863643151708 14.0735495928675 14.0749839628115 14.1789757837541 14.4206671193242 14.3797875759192 14.1427579426672 14.2124444157816 13.9635812304914 13.8457238334231 14.0197607199661 14.2808160497807 14.3496658070944 14.3138065584935 14.9949996648356 -9999 -9999 -9999 -9999 -9999 -9999 -9999 -9999 -9999 -9999
-9999 -9999 -9999 -9999 -9999 -9999 -9999 -9999 -9999 -9999 -9999 -9999 -9999 13.1447950541042 13.4656157982536 13.3570818058215 13.5533514264971 12.8909115740098 12.936811412219 13.2530899848789 13.4990844302811 13.6848353380337 13.7206945866346 13.7192602166906 13.6805322282016 13.6998962224461 13.7508163554594 13.7264320664108 13.7457960606553 13.6396526847966 13.6575823090971 13.6468245345168 13.855166768888 13.7845240491442 13.5969801789615 13.7866756040603 13.8784752804786 13.9638202921487 14.0398418991826 14.0186849425081 14.0376903442666 14.3353221076541 14.1646320843138 14.371181356255 14.2291787317954 14.3675954313949 14.5167699055746 14.3586306192447 14.0186849425081 14.2600176855922 14.3403424024582 13.8775190338492 14.9249996664003 -9999 -9999 -9999 -9999 -9999 -9999 22.5311326716328 21.7549995137379 -9999
-9999 -9999 -9999 -9999 -9999 -9999 -9999 -9999 -9999 -9999 20.9849995309487 14.149969635997 12.7320551027078 13.4183294024318 13.6869868929498 13.6224402454682 13.656147939153 13.2208166611381 13.1806543027051 13.6224402454682 13.7465132456273 13.7486648005433 13.7780693843961 13.7300179912709 13.773766274564 13.8096255231649 13.7565538352355 13.7830896792002 13.576898999745 13.6647541588172 13.4323862278834 13.5249030892737 13.7117297744844 12.2547685038298 13.5808435170911 13.6615268264432 13.7465132456273 13.814287225483 14.054544191109 14.1477782374714 14.0570543385111 14.092913587112 14.0792870726436 14.4185155644082 14.4866481367499 14.3632923215628 14.3263572955038 14.3399838099722 14.2736442000605 14.3873180181254 14.8402203279547 14.5916016375413 10.0011496834247 -9999 -9999 -9999 14.2441798507934 14.4636982176453 14.3512436140329 13.9602343672886 13.8626972110942 17.7899996023625
-9999 -9999 -9999 -9999 -9999 -9999 -9999 20.2336466797447 12.8653490525072 12.9977721348405 12.9102755682543 12.9984893198125 13.5944700315595 13.8580355087761 13.8435722785071 13.6916485952679 13.5711615199689 13.6410870547406 13.6095309159718 13.6432386096567 13.7723319046199 13.7988677485846 13.7816553092562 13.7931302688085 13.8017364884727 13.7594225751236 13.7486648005433 13.7830896792002 13.5851466269232 13.5263374592178 13.4897610256448 13.5401432699291 13.5080492424313 13.3850520197302 12.9497207417153 12.8292336664163 12.5151066486724 13.4452955573797 13.813928632997 14.1675008242019 14.0427106390707 14.1682180091739 14.1459852750413 13.842855093535 14.2033600728028 14.452223258093 14.7261879174039 14.729773842264 14.573427518364 14.4163640094921 14.4500717031769 14.4636982176453 14.4195913418662 14.2281427979469 14.5017090211622 14.7261879174039 14.5662556686439 14.4400311135687 14.6616412699223 13.1648762333207 13.1204107650556 14.0424440747448
-9999 -9999 -9999 -9999 -9999 13.7906201214064 13.8103427081369 13.3183538173325 13.4101534937508 13.0257423487492 13.4334620053414 13.8067567832768 13.7400585808791 13.9903561361134 13.8849299452268 14.1000854368322 13.7085024421103 13.7809381242841 13.77591782948 13.5916012916714 13.6102481009439 13.6740775634535 13.7508163554594 13.7493819855154 13.7400585808791 13.776635014452 13.7859584190883 13.7773521994241 13.7300179912709 13.7551194652915 13.5933942541014 13.657223716611 13.6683400836773 13.7113711819984 12.6936857067049 13.2136448114179 12.8887600190938 13.8662831359543 13.8372371445876 13.774842052022 13.8311410723254 14.014740425162 13.9674062170088 14.3123721885495 14.2266685843933 14.7046723682433 14.7240363624878 14.4701528823934 14.5203558304347 14.1871038801037 14.4952543564141 14.3446455122903 14.4586779228412 14.5648212986998 14.7082582931034 14.8398617354687 14.4099093447439 14.5203558304347 14.8678319493774 13.4352549677715 14.1302072056569 13.615268395748
-9999 -9999 -9999 -9999 -9999 13.9803155465052 14.0168919800781 13.9559312574565 14.0850245524198 13.696668890072 13.7708975346759 13.7802209393121 14.0649433732033 13.8992736446671 13.9394360031001 13.9451734828763 13.7493819855154 13.855166768888 13.7902615289204 13.5973387714475 13.6862697079778 13.734321101103 13.7443616907112 13.935132893268 13.6812494131736 13.6288949102163 13.6131168408319 13.656147939153 13.6790978582576 13.6633197888732 13.6898556328379 13.6052278061397 13.6747947484255 13.8297067023814 13.7522507254034 12.6850794870406 13.1842402275652 13.7952818237245 13.6740775634535 14.0886104772799 14.2897808619309 14.2499770959839 13.9602343672886 14.3668782464229 14.291573824361 13.8397472919896 14.3998687551357 14.4884410991799 14.4801934720017 14.3293455662206 14.371181356255 14.4475615557749 14.4461271858308 14.3303018128499 14.7147129578516 14.8047196718398 14.5992461773567 14.7132785879076 14.6982177034952 14.850260917563 14.4701528823934 14.2894222694449
-9999 -9999 -9999 -9999 -9999 13.8117770780809 14.0118716852739 13.935132893268 13.9265266736038 13.9150517140515 13.8103427081369 13.7070680721663 13.8347269971855 13.8999908296391 13.895687719807 13.8311410723254 13.7321695461869 13.9903561361134 14.0079271679278 13.7673116098158 13.9717093268409 13.5127109447494 13.6009246963076 13.6747947484255 13.9146931215655 13.6253089853562 13.5829950720072 13.5829950720072 13.6052278061397 13.6288949102163 13.5500045632944 13.5901669217274 13.7325281386729 13.5148624996655 13.1971495570615 11.8653370640241 13.6299706876744 13.7601397600956 13.8078325607348 13.9786421149038 13.7059922947083 14.2320474716835 14.2341990265995 14.2205725121312 14.3127307810355 14.1051057316363 14.2298959167674 14.1847132635303 14.7258293249179 14.4852137668058 14.5805993680842 14.6286507612094 14.5257347177248 14.7025208133273 14.7824869377073 14.7405316168442 14.7749564955011 14.7936033047736 14.8222907036543 14.8222907036543 15.1590090480167 14.5576494489796
-9999 -9999 -9999 -9999 -9999 13.9179204539396 13.816080187913 13.6920071877539 13.6927243727259 13.8483535116538 13.8462019567378 13.9215063787997 13.9932248760015 13.9258094886318 13.9423047429882 13.7077852571383 13.7300179912709 13.9623859222047 13.7099368120544 13.9702749568969 13.8906674250029 13.6116824708879 13.6052278061397 13.8325754422694 13.7400585808791 13.935491485754 13.695593112614 13.537095233798 13.4323862278834 13.5277718291618 11.8380840350874 13.4983672453091 13.7820139017422 13.9627445146907 13.5249030892737 13.6597338640131 13.8741721706465 13.8612628411502 14.0656605581753 13.9014251995832 13.8996322371531 13.854449583916 14.0315942720044 14.2227240670472 14.2804574572947 14.2772301249206 14.3550446943846 14.5558564865496 14.6476561629679 14.3152409284376 14.9366817066912 14.7613299810328 14.609645359451 14.384568809066 14.7677846457809 15.0231024958193 15.1127506173216 15.0130619062111 15.0819116635248 14.7276222873479 14.7269051023759 14.5425885645673
-9999 -9999 -9999 -9999 -9999 13.816080187913 13.7845240491442 13.8770409105346 13.8519394365139 13.8433332168497 13.85409099143 13.9157688990235 14.015457610134 14.0821558125317 13.9709921418689 13.9709921418689 13.7723319046199 13.7049165172502 13.5650654477067 13.2100588865578 13.8734549856745 13.8483535116538 13.9315469684079 13.4201940833591 13.3692739503458 13.7518921329174 13.7135227369145 13.534943678882 13.5923184766434 13.4603564417921 13.6479003119748 13.1447950541042 13.7723319046199 13.8741721706465 14.0093615378719 13.7400585808791 13.7988677485846 13.9322641533799 13.8992736446671 13.9717093268409 14.3456700622503 14.012947462732 14.053827006137 14.0072099829558 14.3661610614508 14.0817972200457 14.1631977143697 13.9100314192474 14.4941785789561 14.5343409373891 14.8083055966999 14.9201864523347 14.6612826774362 14.8771553540137 14.9004638656043 14.9463637038134 15.0926694381051 15.0941038080491 15.1012756577693 14.7491378365085 14.7950376747176 14.7491378365085
