EcologicalScience/Bass/data/rs_data_bass/sst_228.asc
NCOLS 226 
NROWS 124 
XLLCORNER -9.41648524995501 
YLLCORNER 47.587301625531 
CELLSIZE 0.0833 
NODATA_value -9999 
[rows 54 to 80 of 124, columns 0 to 61 of 226]
-9999 -9999 -9999 -9999 -9999 -9999 -9999 -9999 -9999 -9999 -9999 -9999 -9999 -9999 -9999 -9999 -9999 -9999 -9999 -9999 -9999 -9999 -9999 -9999 -9999 -9999 -9999 -9999 -9999 -9999 -9999 -9999 -9999 -9999 -9999 -9999 -9999 -9999 12.8794366144575 8.79572800898925 8.25735876604449 9.63909245588418 10.5151851267022 10.5313730160706 10.9301278605126 10.9222388258204 10.5636463398114 9.04984816012438 11.5397350867279 11.4484135336243 11.4240292445756 11.2313455487601 11.0240790918469 10.6987161762081 9.56245611887425 9.96647031977773 10.3635517326184 10.2856176323257 14.9441986171054 11.6506798792769 -9999 12.3698634106355
-9999 -9999 -9999 -9999 -9999 -9999 -9999 -9999 -9999 -9999 -9999 -9999 -9999 -9999 -9999 -9999 -9999 -9999 -9999 -9999 -9999 -9999 -9999 -9999 -9999 -9999 -9999 -9999 -9999 -9999 -9999 -9999 -9999 -9999 -9999 -9999 -9999 -9999 13.1899997051805 8.32041127816774 7.94161808211356 8.00096513854805 10.2803582758643 10.547868270427 10.6798303052783 10.668355345726 10.6891537099145 11.0176244270988 11.4135105316527 11.3219499168918 11.3095187107101 11.2279986855574 10.7721081050113 10.5189418098889 9.94375946233049 9.32458976982161 7.77827920473646 10.6589053790359 6.12365150194795 13.6649996945634 -9999 15.5349996527657
-9999 -9999 -9999 -9999 -9999 -9999 -9999 -9999 -9999 -9999 -9999 -9999 -9999 -9999 -9999 -9999 -9999 -9999 -9999 -9999 -9999 -9999 -9999 -9999 -9999 -9999 -9999 -9999 -9999 -9999 -9999 -9999 -9999 -9999 -9999 -9999 -9999 -9999 -9999 9.25263221096247 9.27402822929434 9.21906795427203 10.8427337489224 10.3441877383739 10.4754325882532 10.945188744925 11.0154728721827 11.5846786783077 11.4814040423371 11.5210882774554 11.3922340441495 11.2870469149202 11.0745211015455 10.5079449736513 10.4211655920371 9.94471570895985 9.91172520024702 9.95260474365205 11.1546822499092 6.20585733621606 -9999 -9999
-9999 -9999 -9999 -9999 -9999 -9999 -9999 -9999 -9999 -9999 -9999 -9999 -9999 -9999 -9999 -9999 -9999 -9999 -9999 -9999 -9999 -9999 -9999 -9999 -9999 -9999 -9999 -9999 -9999 -9999 -9999 -9999 -9999 -9999 -9999 -9999 -9999 -9999 -9999 13.8199996910989 9.52438295144669 9.23407504981151 7.73949145083316 10.2100741486065 10.3585314378142 11.0470290109515 11.1933347452432 11.3199178928044 11.6265144683421 11.5846786783077 11.1653645313345 11.0907772942446 10.9028748315759 10.469695108477 10.4352702298202 10.7264473284595 9.97770621767268 10.0185857610777 9.91387675516307 8.19980467204005 8.36289784715821 -9999
-9999 -9999 -9999 -9999 -9999 -9999 -9999 -9999 -9999 -9999 -9999 -9999 -9999 -9999 -9999 -9999 -9999 -9999 -9999 -9999 -9999 -9999 -9999 -9999 -9999 -9999 -9999 -9999 -9999 -9999 -9999 -9999 -9999 -9999 -9999 -9999 -9999 -9999 -9999 -9999 8.79697149739457 8.44257178506814 9.98436579241284 10.0799050761852 10.6321375046391 11.1208990630694 11.3382061095908 11.345377959311 11.4156620865688 11.5409303950146 11.4625181714073 11.3609169670381 11.1347646391951 10.9310841071419 10.4383780313656 10.1902320310473 9.44934580328741 8.24355295533314 8.47735525621101 8.41735078021884 7.78125552237034 10.8499997574836
-9999 -9999 -9999 -9999 -9999 -9999 -9999 -9999 -9999 -9999 -9999 -9999 -9999 -9999 -9999 -9999 -9999 -9999 -9999 -9999 -9999 -9999 -9999 -9999 -9999 -9999 -9999 -9999 -9999 -9999 -9999 -9999 -9999 -9999 -9999 -9999 -9999 -9999 -9999 -9999 6.57294740426421 8.92989897355437 9.61983091663569 10.2785653134342 11.0197759820148 11.2026581498794 11.3410748494789 11.0298165716231 11.1285490361042 11.4092074218206 11.4132714699954 11.2191534042358 11.1546067567542 10.9141107294708 10.9263028739952 10.8646249664016 10.3520767730661 9.0466208277503 10.467543553561 13.4845494815148 -9999 -9999
-9999 -9999 -9999 -9999 -9999 -9999 -9999 -9999 -9999 -9999 -9999 -9999 -9999 -9999 -9999 -9999 -9999 -9999 -9999 -9999 -9999 -9999 -9999 -9999 -9999 -9999 -9999 -9999 -9999 -9999 -9999 -9999 -9999 -9999 -9999 -9999 -9999 -9999 -9999 11.8024638481438 8.58378550605848 8.44622942842543 9.43479719385505 10.8749046176672 10.8985717217438 10.9674214790575 10.9121982362121 10.9774620686658 11.0879085543565 11.2126987394877 11.1763613675721 10.6399070085026 10.7537003573962 11.2205877741799 10.6454054266214 11.0823759845724 9.69782478234265 14.7999996691942 10.4228827103565 8.1065706256777 7.20004882104695 7.63561916071922
-9999 -9999 -9999 -9999 -9999 -9999 -9999 -9999 -9999 -9999 -9999 -9999 -9999 -9999 -9999 -9999 -9999 -9999 -9999 -9999 -9999 -9999 -9999 -9999 -9999 -9999 -9999 -9999 -9999 -9999 -9999 -9999 -9999 -9999 -9999 -9999 -9999 -9999 -9999 8.80926846126095 8.43432415788993 8.57489241240546 8.48524429090321 9.14505446515977 10.2459333972074 10.3635517326184 10.5622119698673 10.7113864440471 10.8713186928071 11.1629739147611 11.2989999977872 11.3035421692766 11.1957253618166 11.0596992787905 10.5881202769815 9.34904236220089 9.85435040248558 9.72669147746637 9.33116396539845 8.28012938890606 7.73004851536825 7.80535293743014
-9999 -9999 -9999 -9999 -9999 -9999 -9999 -9999 -9999 -9999 -9999 -9999 -9999 -9999 -9999 -9999 -9999 -9999 -9999 -9999 -9999 -9999 -9999 -9999 -9999 -9999 -9999 -9999 -9999 -9999 -9999 -9999 -9999 -9999 -9999 -9999 -9999 -9999 14.4191815218822 11.2334705412698 9.72525710752234 8.28263953630812 10.2272865879349 10.1598712005652 10.2803582758643 10.90610216395 10.5550401201472 10.8397625540383 10.7350535481237 11.346095144283 11.385540317744 11.320037423633 11.3054546625353 11.3281655199826 11.0377056063153 10.7563300356269 10.2031413605437 9.97579372441396 10.1958329041622 8.14529861416668 7.97030548099428 7.67482527252287
-9999 -9999 -9999 -9999 -9999 -9999 -9999 -9999 -9999 -9999 -9999 -9999 -9999 -9999 -9999 -9999 -9999 -9999 -9999 -9999 -9999 -9999 -9999 -9999 -9999 -9999 -9999 -9999 -9999 -9999 -9999 -9999 -9999 -9999 -9999 -9999 -9999 -9999 7.70171970897354 8.6561136104865 8.63011565525085 8.50675984006375 10.3126315996051 10.4897762876935 10.6633350509219 11.0176244270988 11.2868078532629 10.9523605946451 11.0047150976025 10.9537949645892 11.3339029997587 11.3088015257381 11.2454501865432 9.86008788226172 10.9925229530782 10.6793521819636 10.8801639741287 9.98810539976694 9.92857904708944 8.32029174733907 8.14027831936255 7.89643542887643
-9999 -9999 -9999 -9999 -9999 -9999 -9999 -9999 -9999 -9999 -9999 -9999 -9999 -9999 -9999 -9999 -9999 -9999 -9999 -9999 -9999 -9999 -9999 -9999 -9999 -9999 -9999 -9999 -9999 -9999 -9999 -9999 -9999 -9999 -9999 -9999 -9999 14.5164745941156 8.66256827523466 10.0962466480477 9.27863016619813 9.99258780584205 10.6547288312577 10.6991942995228 11.0742820398882 11.0326853115112 11.2621845025569 11.3783684680238 11.3597216587514 11.0613727103919 11.2411470767111 11.266487612389 11.2017019032501 11.1624957914464 10.7376832263544 10.429532750044 10.495035644155 9.46683145593852 9.18904181011021 8.49528488051146 8.07573167188093 8.06784263718873
-9999 -9999 -9999 -9999 -9999 -9999 -9999 -9999 -9999 -9999 -9999 -9999 -9999 -9999 -9999 -9999 -9999 -9999 -9999 -9999 -9999 -9999 -9999 -9999 -9999 -9999 -9999 -9999 -9999 -9999 -9999 -9999 -9999 -9999 -9999 -9999 -9999 9.43486239248887 8.60214544134215 9.33008818794042 9.54022338474169 9.84466840536334 9.64995268546045 10.3350436299806 10.7321848082356 10.8777733575553 10.2423474723473 11.4780571791343 11.5139164277352 11.2413861383684 10.9975432478823 11.0831273212098 10.9150669761002 10.66620379081 10.7991220722906 10.3967813029885 9.84502699784935 9.29924923414364 7.00999480346218 8.46050140936859 7.99253821512684 7.62964261928573
-9999 -9999 -9999 -9999 -9999 -9999 -9999 -9999 -9999 -9999 -9999 -9999 -9999 -9999 -9999 -9999 -9999 -9999 -9999 -9999 -9999 -9999 -9999 -9999 -9999 -9999 -9999 -9999 -9999 -9999 -9999 -9999 -9999 -9999 -9999 5.69832771516113 10.2762344622752 8.74863047187682 10.0422528651543 9.29494612431154 9.54811241943389 10.6466963595711 9.93055130576249 10.3941516247578 11.1584317432716 10.9731589588337 10.7400738429278 10.5543229351752 11.6501815724187 11.384823132772 10.8146610800177 10.7027802243829 7.35496077500284 10.8294829027727 10.706366149243 10.416145297233 10.0334075838327 9.32219915324822 9.29805392585695 9.07142347469926 8.6401562448591 6.96409496525303
-9999 -9999 -9999 -9999 -9999 -9999 -9999 -9999 -9999 -9999 -9999 -9999 -9999 -9999 -9999 -9999 -9999 -9999 -9999 -9999 -9999 -9999 -9999 -9999 -9999 -9999 -9999 -9999 -9999 -9999 -9999 -9999 -9999 -9999 -9999 15.6422551124955 8.48291343974415 9.04464856907725 10.0652027842589 8.54261908866465 10.2674489463679 10.1935788942501 10.0953245530836 10.8888897246215 11.5397350867279 11.6501815724187 11.1617786064744 10.9918057681061 10.6124149179086 9.75466169137508 10.8819740123914 10.8749046176672 7.72646259050816 10.4797356980853 10.3391674435697 10.2335021910258 9.78191472031176 9.42164880270138 9.1354919988662 6.24690999323502 6.12929165782407 7.0150150982663
-9999 -9999 -9999 -9999 -9999 -9999 -9999 -9999 -9999 -9999 -9999 -9999 -9999 -9999 -9999 -9999 -9999 -9999 -9999 -9999 -9999 -9999 -9999 -9999 -9999 -9999 -9999 -9999 6.40351415404281 10.5200035248965 12.5141790018077 9.16358174360357 10.1554246537387 11.9099117332931 9.89877812417322 10.0072542385198 9.71284084269428 10.0488509668969 10.1571817569202 9.93754385923967 10.5227667964064 10.7393566579558 10.2072054087184 10.5198980565183 10.4732810333371 10.5923337386921 11.8251747055911 11.2978644549148 11.5684224856086 11.0570696005598 9.54022338474169 10.2870520022698 10.2105522719212 7.57011626660824 10.201228867285 10.055401256308 9.62915432127193 9.30426952894777 9.01094087539241 6.63490706309676 6.67506942152977 8.61510993891324
-9999 -9999 -9999 -9999 -9999 -9999 -9999 -9999 -9999 -9999 -9999 -9999 -9999 -9999 -9999 -9999 -9999 -9999 -9999 -9999 -9999 -9999 12.8013286511414 9.67720571439713 8.45727407699451 8.24355295533314 9.79589982726611 8.19263282231987 10.1781594173517 9.03245642455295 9.06903285812587 9.21533859241754 9.34730062726885 9.07991016353481 9.24474317627028 9.20027770800516 10.7752159065567 10.0652027842589 10.3241065591574 10.3764610621147 10.6030915132724 10.948057484813 11.0133213172667 9.38029113598168 9.45487837307155 10.8623026531589 11.7376781390049 9.3853114307858 11.1013916318305 10.9884589049034 10.4974262607284 10.2841832623817 10.0838495935313 9.86558630038053 10.0857620867901 9.44937995495275 9.34419282572344 9.41615038458258 8.39194504590705 14.1449996838346 -9999 -9999
-9999 -9999 -9999 -9999 -9999 -9999 -9999 -9999 -9999 -9999 -9999 -9999 -9999 -9999 -9999 -9999 -9999 -9999 -9999 -9999 -9999 8.2098452616483 8.03987242328003 8.3095339727588 8.48739584581926 8.53616442391649 8.59210485173389 8.68247015820816 9.0625781933777 8.88256476540118 8.85602892143652 8.92344430880621 9.07692189281806 9.69800407858565 9.57823418825865 9.84430981287733 9.23470258666202 10.7257301434875 11.1302224677056 11.0068666525185 10.8505203286186 11.0104525773786 11.345377959311 11.2880031615496 10.7565690972842 11.4166183331981 10.9714855272323 10.9076560647227 10.7235785885714 10.7678049951792 8.99516280600801 10.11181980744 7.86487929010764 7.90504164854065 9.5889267642051 11.436938574072 15.3049996579066 -9999 -9999 -9999 -9999 -9999
-9999 -9999 -9999 -9999 -9999 -9999 -9999 -9999 -9999 -9999 -9999 -9999 -9999 -9999 -9999 -9999 -9999 6.88018432352692 11.205775146104 13.9079515828285 9.70152480481192 8.52684101928025 8.44077882263809 8.86965543590486 9.0625781933777 9.2497634710744 9.17302467906848 8.43145541800186 8.03987242328003 8.03987242328003 8.53759879386052 9.47639392223209 9.59974973741919 9.50221258122474 10.1426587612368 10.3119144146331 10.5622119698673 10.8368938141502 10.9243903807364 10.8160954499617 11.464430664666 11.3948637223803 11.1510208318941 11.5569475260563 11.7900326419622 9.94471570895985 10.495752829127 10.18999296939 9.66501356987283 9.6174403000623 7.07741019083187 6.98991362424567 13.634999695234 -9999 -9999 -9999 -9999 -9999 -9999 -9999 -9999 -9999
-9999 -9999 -9999 -9999 -9999 -9999 -9999 -9999 -9999 -9999 -9999 -9999 -9999 6.14017447846583 -9999 -9999 8.07499981950969 7.63968320889398 8.34969633119181 8.34180729649961 8.39129305956885 8.8553117364645 8.9908596961759 9.21820733230561 9.18019652878866 9.26123843062669 9.20673237275332 9.96288439491764 9.97818434098735 10.1072776359506 9.87873469153419 9.75896480120718 10.0738090039231 10.2559739868157 10.1326181716286 10.8827936523594 10.8003173805773 11.0018463577144 10.8433484788984 11.0484633808956 11.1797082307748 11.3116702656262 11.3489638841711 10.9794343273388 9.81992552382872 10.6348867136985 10.5330464476719 10.4955137674697 10.0033455804223 9.78170981031976 8.43002104805782 14.0799996852875 -9999 -9999 -9999 -9999 -9999 -9999 -9999 -9999 -9999 -9999
-9999 -9999 -9999 -9999 -9999 -9999 -9999 -9999 -9999 -9999 -9999 -9999 -9999 14.8078166069463 8.28228094382212 8.25502791488543 8.21343118650839 8.28228094382212 8.12880335981026 8.64087342983112 8.68533889809623 8.90049438970163 9.14864039001986 9.19454022822902 9.28849145956337 9.2375713265501 9.23255103174597 9.63967303419486 9.67816196102649 10.1032135877758 9.86152225220576 10.309762859717 10.3362987036817 10.4151890506037 10.4352702298202 10.6640522358939 11.06424145028 11.30593278585 11.2227393290959 10.8526718835346 11.2162846643478 10.2358928075992 11.144566167146 11.1997894099914 10.7159286155365 10.5306558310986 10.3007980475668 10.6377554535866 10.58803062886 10.4594154572114 8.40276801912114 8.37192906532437 13.8799996897578 -9999 -9999 -9999 -9999 -9999 -9999 20.2813900101597 19.3499995674938 -9999
-9999 -9999 -9999 -9999 -9999 -9999 -9999 -9999 -9999 -9999 17.5869773700195 10.6559241395444 7.74008910497651 7.8196966368705 8.28228094382212 8.41782890353352 8.38985868962482 8.38555557979271 8.41782890353352 8.90910060936585 9.03532516444102 8.96934414701536 8.96647540712729 9.29781486419961 9.42260504933074 9.06688130320981 8.86893825093284 9.71091340808198 9.90598772047088 9.8605660055764 8.53831597883254 10.4790185131133 10.6052430681884 10.5808587791398 10.6052430681884 10.8211157447658 10.7895596059971 11.0004119877703 10.9537949645892 11.2334971036762 11.1001006988809 11.1739707509987 11.1933347452432 11.1402630573139 10.4071207196685 10.3264374103164 9.02528457483277 9.06975004309788 10.2724692411721 10.1738563075196 10.1369212814607 12.2958273434779 7.66292104897273 -9999 -9999 -9999 12.8126236624643 9.95271507980159 10.9017631948693 10.273312988198 10.3338518373066 17.7899996023625
-9999 -9999 -9999 -9999 -9999 -9999 -9999 19.2792185724498 9.27724469522946 8.70022048626561 9.36738180648535 8.07358011696488 8.26722005940974 8.45368815213442 8.55122530832887 8.77426983462647 8.93420208338648 8.97436444181949 8.6243781754747 8.65521712927148 9.16657001432031 9.1701559391804 9.22753073694184 9.23183384677395 8.99157688114792 9.00592058058828 9.67290260456502 9.96909999800846 10.5959196635522 10.5640049322974 10.3248237441294 10.4826044379734 10.66620379081 10.5600604149513 10.7773674614727 10.907177941408 10.66620379081 10.8720358777791 10.8024689354934 11.2019409649074 11.1603442365304 11.1646473463625 11.064958635252 11.1548458184116 11.1581926816143 10.5821138528408 8.955000447575 10.3416775909718 10.2468298784224 10.2430646573193 10.4646748136729 9.97627184772864 9.94603054807521 9.02125730537451 9.96348204906099 9.950811781222 10.2351756226271 10.0637684143148 9.92057048156857 9.67085350464497 8.08804334723391 14.7245696538773
-9999 -9999 -9999 -9999 -9999 9.34730062726885 8.30523086292669 8.39989927923307 8.31383708259091 9.40730510326102 9.45535649638623 8.5526596782729 9.44555496843532 8.72478407155722 8.70255133742467 8.9349192683585 8.95069733774289 8.99516280600801 9.10489210672677 9.30785545380786 10.2638630215079 9.01524398522452 9.00233465572819 10.228003772907 10.3527939580381 9.97985777258873 10.2789239059202 10.3348643337376 10.5041199871339 10.507705911994 10.4804528830573 10.6203039526008 10.470412293449 10.9308450454846 10.9014404616319 11.0463118259795 11.1524552018382 10.690014331881 10.7728850553976 11.0549180456437 11.1366771324538 10.7608722071163 11.132613084279 11.1770785525441 10.7121036290191 10.5986091071973 11.1997894099914 10.2007507439703 10.1539544245461 6.49218725366518 10.0967589230277 10.4747154032812 10.3549455129541 10.1799523797818 9.71521651791409 10.2566911717877 10.1866461061873 10.1668039886281 9.96647031977773 8.09007537132129 8.06999419210479 10.5460240804989
-9999 -9999 -9999 -9999 -9999 8.65019683446735 8.72908718138933 8.65808586915955 8.80654315836728 8.99587999098003 9.68820255063474 9.56986703025177 8.83451337227598 8.8273415225558 9.56652016704902 8.79506819881499 8.85244299657643 9.10058899689466 9.10991240153089 10.4567857789807 10.5503784178291 9.22753073694184 9.18521682359278 10.3187276718672 10.6314203196671 10.1775617632084 10.4768669581972 10.5242011663504 10.6238898774609 10.7329019932076 10.7357707330957 10.8139438950457 10.8440656638704 10.9301278605126 11.1797082307748 11.0807367046364 11.1187475081533 10.7221442186274 10.1003448478878 10.8643261393299 10.5481551444158 10.7590792446863 11.2268033772707 10.7522659874521 11.0859960610978 10.1677602352574 10.6626178659499 9.80486463941634 10.0013733217493 10.1247291369364 10.3348643337376 10.4646748136729 10.5600604149513 10.6253242474049 10.3649861025624 10.4410077095963 10.3750266921706 10.4632404437289 10.4756716499105 10.4732810333371 8.68031860329211 10.3984547345899
-9999 -9999 -9999 -9999 -9999 8.99014251120389 9.98200932750478 9.9334798110649 9.98655149899423 9.96670938143507 9.80510370107368 9.64851831551641 8.41854608850554 8.69753104262054 8.50030517531559 9.20529800280929 9.25693532079458 9.23470258666202 10.2886059030425 10.4316843049601 10.3395260360558 10.4962309524417 10.4098101633135 10.6726584555581 10.2456943355501 10.0551621946506 10.6124149179086 10.3164565861225 10.3666595341638 10.9527191871312 10.8569749933667 10.8942686119117 10.9351481553167 11.1122928434052 10.2423474723473 10.4166234205477 10.7013458544388 10.6803681940073 10.9803308085538 10.6728377518011 10.7153309613932 10.9023369428469 10.9566637044773 10.8693464341341 10.8404797390103 10.6724791593151 10.4947965824977 10.7038560018409 10.5736869294196 10.7366672143107 10.88183740573 10.8574531166814 10.7403129045852 10.6356038986705 10.7596768988296 10.7589597138576 10.628192987293 10.469695108477 10.3685720274225 9.54811241943389 10.468977923505 10.349208033178
-9999 -9999 -9999 -9999 -9999 9.77797020296566 9.30283515900373 9.95834222342819 9.9961139652878 9.60763877211139 9.30713826883584 8.67458112351596 9.50699381437153 8.58565018698573 8.76207769010216 9.44268622854725 9.4290597140789 9.52587968530133 9.21677296236157 9.64780113054439 10.4431592645124 10.4148304581176 10.5777509775944 9.38674580072984 9.37383647123352 9.54524367954582 10.2433037189767 10.2409131024033 10.403475029394 10.1493524876423 11.1538895717822 10.8125095251016 10.9626402459107 10.7802362013608 10.1751113812206 10.0377106936648 6.99780265893787 10.2005714477273 10.2920125316596 10.6231726924889 10.7547761348542 10.7902767909691 10.948416077299 10.7381015842548 9.81490522902459 10.8646847318159 10.8223708184669 10.7768295727437 10.8399418502813 10.218202244956 10.907715830137 11.2727032154799 11.1156397066079 11.0977100823075 9.79195530992001 10.8902045637369 10.9263028739952 10.4826044379734 10.7852564961649 10.586596258916 10.2150944434106 10.1570024606772
-9999 -9999 -9999 -9999 -9999 9.44196904357523 9.78263190528378 9.86618395452388 9.64062928082421 9.73314614221454 9.60907314205542 9.34730062726885 9.84550512116402 9.76721242838539 10.0544450096786 10.2882473105565 9.3652302515693 10.3781344937161 9.66644793981686 9.6241340264678 10.3690501507372 10.4508092375472 10.602852451615 10.1075166976079 9.51583909569308 10.5022074938752 10.4735200949945 8.67744986340404 10.3386893202551 10.2911160504445 10.6056016606744 10.5258745979518 10.6090680547059 10.2005714477273 10.1862277482869 8.65163120441139 8.955000447575 10.0748847813811 10.587210988892 10.7420461016009 10.8517754023196 10.86611910176 10.7938627158292 10.8186055973638 11.6978026545607 10.8910412795376 10.7158688501222 10.9275459946133 11.0787644459633 11.0497184545966 10.5148777617142 11.4340698341839 11.3138218205422 11.2464064331725 11.1096631651744 11.0257525234483 10.9138716678135 9.26482435548678 10.8665374596603 10.8794467891566 10.643014810048 10.5674713263288
