EcologicalScience/Bass/data/rs_data_bass/sst_390.asc
NCOLS 226 
NROWS 124 
XLLCORNER -9.41648524995501 
YLLCORNER 47.587301625531 
CELLSIZE 0.0833 
NODATA_value -9999 
[rows 0 to 26 of 124, columns 62 to 123 of 226]
-9999 -9999 -9999 -9999 -9999 -9999 -9999 -9999 -9999 -9999 -9999 -9999 -9999 -9999 -9999 -9999 -9999 -9999 -9999 -9999 -9999 -9999 -9999 -9999 -9999 -9999 -9999 -9999 -9999 -9999 -9999 -9999 -9999 -9999 -9999 -9999 -9999 -9999 -9999 -9999 -9999 -9999 -9999 -9999 -9999 -9999 -9999 -9999 -9999 -9999 -9999 -9999 -9999 -9999 -9999 -9999 -9999 -9999 -9999 -9999 -9999 -9999
-9999 -9999 -9999 -9999 -9999 -9999 -9999 -9999 -9999 -9999 -9999 -9999 -9999 -9999 -9999 -9999 -9999 -9999 -9999 -9999 -9999 -9999 -9999 -9999 -9999 -9999 -9999 -9999 -9999 -9999 -9999 -9999 -9999 -9999 -9999 -9999 -9999 -9999 -9999 -9999 -9999 -9999 -9999 -9999 -9999 -9999 -9999 -9999 -9999 -9999 -9999 -9999 -9999 -9999 -9999 -9999 -9999 -9999 -9999 -9999 -9999 -9999
-9999 -9999 -9999 -9999 -9999 -9999 -9999 -9999 -9999 -9999 -9999 -9999 -9999 -9999 -9999 -9999 -9999 -9999 -9999 -9999 -9999 -9999 -9999 -9999 -9999 -9999 -9999 -9999 -9999 -9999 -9999 -9999 -9999 -9999 -9999 -9999 -9999 -9999 -9999 -9999 -9999 -9999 -9999 -9999 -9999 -9999 -9999 -9999 -9999 -9999 -9999 -9999 -9999 -9999 -9999 -9999 -9999 -9999 -9999 -9999 -9999 -9999
-9999 -9999 -9999 -9999 -9999 -9999 -9999 -9999 -9999 -9999 -9999 -9999 -9999 -9999 -9999 -9999 -9999 -9999 -9999 -9999 -9999 -9999 -9999 -9999 -9999 -9999 -9999 -9999 -9999 -9999 -9999 -9999 -9999 -9999 -9999 -9999 -9999 -9999 -9999 -9999 -9999 -9999 -9999 -9999 -9999 -9999 -9999 -9999 -9999 -9999 -9999 -9999 -9999 -9999 -9999 -9999 -9999 -9999 -9999 -9999 -9999 -9999
-9999 -9999 -9999 -9999 -9999 -9999 -9999 -9999 -9999 -9999 -9999 -9999 -9999 -9999 -9999 -9999 -9999 -9999 -9999 -9999 -9999 -9999 -9999 -9999 -9999 -9999 -9999 -9999 -9999 -9999 -9999 -9999 -9999 -9999 -9999 -9999 -9999 -9999 -9999 -9999 -9999 -9999 -9999 -9999 -9999 -9999 -9999 -9999 -9999 -9999 -9999 -9999 -9999 -9999 -9999 -9999 -9999 -9999 -9999 -9999 -9999 -9999
-9999 -9999 -9999 -9999 -9999 -9999 -9999 -9999 -9999 -9999 -9999 -9999 -9999 -9999 -9999 -9999 -9999 -9999 -9999 -9999 -9999 -9999 -9999 -9999 -9999 -9999 -9999 -9999 11.1099997516721 10.3790736645128 9.77402568561956 9.711630593054 9.62485121143982 9.79984434461221 10.1476790560409 10.5801415941678 10.5299386461265 10.1871242295019 9.76183354109526 9.68294319417328 9.65569016523659 9.52874842518941 10.2624286515638 10.7694784267806 10.2488021370955 10.4732810333371 10.6948911896907 10.3198034493253 10.4345530448481 10.627475802321 10.4854731778614 10.4725638483651 10.5313730160706 10.6095461780205 10.9408856350929 10.9222388258204 10.6088289930485 10.9251075657085 10.8103579701856 10.8634296581149 10.8096407852136 10.7895596059971
-9999 -9999 -9999 -9999 -9999 -9999 -9999 -9999 -9999 -9999 -9999 -9999 -9999 -9999 -9999 -9999 -9999 -9999 -9999 -9999 -9999 -9999 -9999 -9999 -9999 -9999 -9999 10.3741302109556 9.62987150624394 9.23470258666202 9.35877558682114 9.30355234397575 9.73314614221454 10.5055543570779 10.3341471487656 10.3162175244652 10.2731864261441 10.1455275011249 9.85937069728971 9.63058869121596 9.70015563350171 9.9827265124768 10.190710154362 10.1928617092781 10.2401959174313 10.4947965824977 10.5966368485242 10.508423096966 10.8347422592342 10.6532944613136 10.5787072242238 10.1469618710689 10.6310617271811 10.6705069006421 10.6941740047187 10.6798303052783 10.6367992069572 10.7199926637113 10.8576921783388 10.8211157447658 10.7723471666686 10.7565690972842
-9999 -9999 -9999 -9999 -9999 -9999 -9999 -9999 -9999 -9999 -9999 -9999 -9999 -9999 -9999 -9999 -9999 -9999 -9999 -9999 -9999 -9999 -9999 -9999 -9999 -9999 10.8224704274908 9.34012877754867 9.21964170224965 9.11349832639098 9.44985807826743 9.45057526323944 9.81203648913652 10.5399792357348 9.85219884756953 9.65138705540448 9.63776054093614 9.8672597319819 10.111102622468 10.4632404437289 10.2581255417317 10.1333353566006 10.2990050851367 10.4223609003238 10.428815565072 10.6783959353343 11.0577867855318 10.7221442186274 10.6719412705861 10.6905880798586 10.6066774381325 10.7199926637113 10.6360820219852 10.7529831724241 10.6640522358939 10.6439710566774 10.6489913514815 10.7271645134315 10.745811322704 10.9774620686658 11.1094241035171 11.0312509415671
-9999 -9999 -9999 -9999 -9999 -9999 -9999 -9999 -9999 -9999 -9999 -9999 -9999 -9999 -9999 -9999 -9999 -9999 -9999 -9999 -9999 -9999 -9999 -9999 -9999 -9999 10.2965666562319 10.1950132641941 10.3549455129541 9.60046692239121 9.911008015275 9.97914058761671 9.82781455852091 9.7159337028861 9.59257788769901 9.4369487487711 9.48284858698025 9.39248328050599 10.031495090574 10.0028076916933 10.1326181716286 10.1197088421322 11.2399517684244 11.0441602710634 10.468260738533 10.4653919986449 10.6920224498026 10.6303445422091 10.8964201668277 11.0814538896084 10.586596258916 10.5313730160706 10.5406964207068 10.6948911896907 11.0197759820148 10.6418195017613 10.7372051030397 10.668355345726 10.6482741665095 10.7666096868925 10.9200872709043 11.264336057473
-9999 -9999 -9999 -9999 -9999 -9999 -9999 -9999 -9999 -9999 -9999 -9999 -9999 -9999 -9999 -9999 -9999 -9999 -9999 -9999 -9999 -9999 -9999 -9999 -9999 12.1720028416205 10.2896816805005 10.3262581140734 10.3750266921706 9.96838281303644 9.90383616555482 9.92750326963142 9.73242895724252 9.87873469153419 9.39678639033809 9.12497328594327 9.76828820584342 10.0214545009658 10.0214545009658 10.0386669402942 10.3836329118349 10.5385448657908 10.6619006809779 10.7049317792989 11.1151615832932 11.3625903986394 11.1546067567542 10.7952970857732 10.3857844667509 10.4237952702679 11.0047150976025 11.584200554993 10.5543229351752 10.4990996923298 10.9401684501208 10.6353648370132 10.7407910278998 10.6905880798586 10.6776787503622 11.0068666525185 10.8648640280589 10.7049317792989
-9999 -9999 -9999 -9999 -9999 -9999 -9999 -9999 -9999 -9999 -9999 -9999 -9999 -9999 -9999 -9999 -9999 -9999 -9999 -9999 -9999 -9999 -9999 -9999 12.2277110707946 10.2796410908923 10.4151890506037 10.3592486227863 10.191427339334 9.95045318873599 9.72167118266225 9.61050751199946 9.26482435548678 9.75824761623517 9.76470228098333 7.51489302376285 10.2638630215079 11.0197759820148 10.2645802064799 10.2358928075992 10.3685720274225 10.6246070624329 11.2062440747395 11.2715079071932 10.6052430681884 10.5263527212664 10.5579088600352 10.5428479756229 10.4481795593165 10.3427533684298 10.5105746518821 10.4833216229454 10.6174352127127 10.6324960971251 10.5751212993637 10.7350535481237 10.8964201668277 10.6009399583563 10.7113864440471 10.7372051030397 10.7780846464448 10.8010345655493
-9999 -9999 -9999 -9999 -9999 -9999 -9999 -9999 -9999 -9999 -9999 -9999 -9999 -9999 -9999 -9999 -9999 -9999 -9999 -9999 -9999 -9999 -9999 -9999 6.33225500490516 10.8397625540383 10.868449952919 9.14290291024372 9.19238867331296 9.59329507267103 9.95332192862406 8.68247015820816 8.49385051056743 8.56126589793712 8.54333627363667 9.12712484085932 8.76207769010216 9.72956021735445 9.27486494509503 10.0601824894547 10.9745933287777 10.9394512651488 11.1811426007189 11.4551072600298 10.8555406234227 10.6038086982444 11.2134159244597 10.5320902010426 10.4747154032812 10.4847559928894 9.6599932750687 10.3556626979262 10.9000060916878 10.6999114844948 10.4883419177495 11.1252021729015 10.984633918386 10.8397625540383 10.5966368485242 10.7099520741031 10.4897762876935 10.7199926637113
-9999 -9999 -9999 -9999 -9999 -9999 -9999 -9999 -9999 -9999 -9999 -9999 -9999 -9999 -9999 -9999 -9999 -9999 -9999 -9999 -9999 -9999 -9999 11.9899997320026 8.83738211216405 9.10560929169878 7.78312020329759 8.86750388098881 8.84527114685625 8.14673298411071 8.96432385221124 9.03819390432909 9.37527084117755 11.0377056063153 8.88901943014935 8.64159061480314 8.6200750656426 9.98200932750478 10.8763389876112 11.2005065949634 11.4837946589105 10.9516434096731 11.8380840350874 11.0606555254199 10.8139438950457 10.628910172265 9.46133303781971 8.91985838394612 10.8784905425273 10.7113864440471 10.6948911896907 10.347773663234 10.2896816805005 10.2638630215079 10.4080172008835 10.4044312760234 11.0599383404478 10.5206152414903 10.6088289930485 11.0800195196643 10.8347422592342 10.9251075657085
-9999 -9999 -9999 -9999 -9999 -9999 -9999 -9999 -9999 -9999 -9999 -9999 -9999 -9999 -9999 -9999 -9999 -9999 -9999 -9999 -9999 10.1594112667245 8.28586686868221 8.19550156220794 8.21629992639646 8.57991270720959 9.35949277179316 8.9628894822672 9.81777396891266 8.98799095628783 8.90049438970163 7.72072511073202 8.45870844693854 7.8275856715627 8.39272742951289 9.58182011311874 10.4194921604358 10.7522659874521 10.9186529009603 10.5600604149513 10.9372997102328 11.225608068984 11.4285714160651 11.4364604507573 8.52970975916833 8.66238897899166 8.4888302157633 9.51153598586097 10.7436597677879 10.1964476341382 10.5772728542797 10.9423200050369 10.4883419177495 10.3664204725064 10.3943906864151 10.3377330736257 10.2739036111161 10.1311838016845 10.1935788942501 10.2401959174313 10.6948911896907 11.1639301613905
-9999 -9999 -9999 -9999 -9999 -9999 -9999 -9999 -9999 -9999 -9999 -9999 -9999 -9999 -9999 -9999 -9999 -9999 -9999 -9999 7.95811333646998 8.00975065445527 8.48309273598716 8.13238928467035 8.74414806580171 8.81443219305947 9.84144107298926 9.63704335596412 8.96934414701536 9.18378245364875 8.0664082672447 8.43217260297388 7.53712575789541 8.37910091504455 9.36594743654132 11.0104525773786 9.96407970320433 10.1562852757052 10.2868129406124 10.3355815187097 10.2480849521235 10.626758617349 10.9272591206245 11.2076784446836 10.5198980565183 10.2624286515638 10.4051484609954 11.3726309882477 10.8727530627511 10.626041432377 10.4998168773018 10.6131321028806 10.5980712184682 10.6934568197466 10.5693838195875 10.5155949466862 10.3599658077583 10.3678548424505 10.3943906864151 10.5256355362944 10.6131321028806 10.9537949645892
-9999 -9999 -9999 -9999 -9999 -9999 -9999 -9999 -9999 -9999 -9999 -9999 -9999 -9999 -9999 -9999 -9999 -9999 -9999 -9999 10.9267074398768 7.89428387396038 8.76853235485032 9.01237524533644 10.388653206639 8.65808586915955 8.78861353406683 9.54094056971371 9.58755759289488 7.81467634206638 7.80893886229023 7.64255194878206 7.55720693711191 8.02481153886765 8.19335000729188 8.80582597339526 9.8629566221498 10.2007507439703 10.10823388258 9.70589311327785 9.2418744363822 10.7135379989631 10.8347422592342 10.8247016696259 10.4826044379734 9.77832879545167 10.6073946231045 10.6145664728247 10.7049317792989 10.6461226115935 10.9437543749809 10.7952970857732 10.6733756405301 11.0577867855318 10.6561632012017 10.4603717038408 10.2366099925712 10.429532750044 10.4159062355757 10.5536057502031 10.7034974093549 10.7400738429278
-9999 -9999 -9999 -9999 -9999 -9999 -9999 -9999 -9999 -9999 -9999 -9999 -9999 -9999 -9999 -9999 -9999 -9999 12.9897610261105 9.70015563350171 9.22681355196983 10.069505894091 7.9789117006585 11.2299111788161 9.69441815372556 9.09772025700659 9.55313271423802 10.4747154032812 10.3413189984858 9.92822045460343 7.91149631328881 8.38340402487665 9.0862452974543 10.1935788942501 9.45057526323944 7.94520400697365 9.35375529201701 10.1935788942501 9.90527053549886 9.8192083388567 10.0802636686713 10.1182744721882 11.1904660053551 10.9430371900089 10.6647694208659 10.8555406234227 10.6152836577967 10.5198980565183 10.8792077274993 11.1969206701033 10.8619952881709 10.7996001956053 10.5851618889719 10.749397247564 10.7415082128718 10.7529831724241 10.6568803861737 10.6626178659499 10.6088289930485 10.9588152593933 10.66620379081 10.7831049412489
-9999 -9999 -9999 -9999 -9999 -9999 -9999 -9999 -9999 -9999 -9999 -9999 -9999 -9999 -9999 -9999 7.78125552237034 8.64661090960726 10.2896816805005 9.14720602007583 9.2856227196753 8.53329568402842 9.00807213550434 10.3542283279821 9.58684040792286 9.77904598042369 8.61146884597838 10.6231726924889 10.8498031436466 9.09915462695062 10.3362987036817 8.70685444725677 9.5244453153573 9.35232092207298 9.33582566771656 11.5526444162242 8.94352548802271 8.96719259209931 8.84025085205212 9.03604234941304 10.5457167155109 10.8203985597938 10.9308450454846 11.0226447219029 11.1280709127896 11.1381115023978 10.8749046176672 11.0133213172667 11.0169072421268 10.9731589588337 10.8311563343741 10.270317686256 10.427381195128 10.4252296402119 10.5127262067981 10.6482741665095 10.6905880798586 10.7257301434875 10.5564744900912 10.7006286694668 10.6834162301384 10.746528507676
-9999 -9999 -9999 -9999 -9999 -9999 -9999 -9999 -9999 -9999 -9999 7.8196966368705 7.81999982520938 -9999 -9999 -9999 7.94850305784494 10.0981932929717 10.5593432299793 9.18880274845287 10.5521713802591 10.4854731778614 11.0721304849721 11.30593278585 11.2083956296556 11.0549180456437 10.9710074039176 10.5586260450073 9.98200932750478 8.67744986340404 8.41424297867343 10.827570409514 8.62079225061461 9.93969541415572 9.89307839097455 10.7164067388512 10.1462446860969 10.0042420616373 9.67864008434117 9.76613665092736 10.4065828309394 11.1775566758588 10.747245692648 10.7974486406893 11.1208990630694 11.0047150976025 10.7013458544388 10.8763389876112 10.8297219644301 10.7766502765007 10.5643635247834 10.5815759641118 10.5141605767421 10.6109805479646 10.8706015078351 11.2126987394877 10.7142551839352 10.6217383225448 10.1835383046418 10.7773674614727 10.7795190163888 10.7537003573962
-9999 -9999 -9999 -9999 -9999 -9999 -9999 -9999 -9999 -9999 -9999 -9999 -9999 -9999 -9999 -9999 -9999 -9999 8.3257199198524 11.2535782828927 10.7902767909691 11.1266365428455 11.5088961329311 11.506027393043 11.3252967800945 11.346095144283 11.4816431039944 11.346095144283 8.84527114685625 9.12067017611116 10.0006561367773 9.74462110176682 9.30068360408768 11.5928067746572 10.8060548603535 10.3671376574785 10.5414136056788 10.2531052469276 10.6195867676288 10.4467451893725 10.5026856171899 10.9939573230222 11.184011340607 10.8799249124713 10.626758617349 10.3642689175904 10.6776787503622 10.9745933287777 10.9659871091135 10.9121982362121 10.988219843246 10.9631183692254 10.5830103340559 10.6920224498026 10.8741874326952 10.8196813748218 10.6855677850544 10.4912106576376 10.8820764673874 10.8046204904094 10.7623065770604 10.945188744925
-9999 -9999 -9999 -9999 -9999 -9999 -9999 -9999 -9999 -9999 -9999 -9999 -9999 -9999 9.8043677944056 7.79100923798978 7.86989958491176 10.4503311142325 8.43575852783397 8.90479749953374 8.58923611184582 11.0843226294965 12.0962706250139 11.8065278963186 11.2958921962418 11.4099246067926 11.3209936702624 11.1567583116703 11.4988555433229 10.7752159065567 10.8913998720236 9.54022338474169 10.2839442007244 11.3876918726601 10.1928617092781 10.8483687737025 11.4407635605894 10.4947965824977 11.1947691151872 10.7221442186274 10.5751212993637 10.9222388258204 11.2155674793757 9.04966886388138 9.09485151711851 10.271034871228 10.6834162301384 11.5662709306926 11.2170018493198 11.1302224677056 11.105838178657 11.0169072421268 10.9681386640295 10.9208044558764 10.9652699241415 11.0577867855318 10.8096407852136 10.6934568197466 10.6561632012017 10.7744987215847 10.8820764673874 10.9903713981621
-9999 -9999 -9999 -9999 -9999 -9999 -9999 -9999 -9999 -9999 -9999 -9999 6.17999986186624 11.3764559747651 9.94758444884792 11.6121707689017 9.63058869121596 10.4840388079174 10.110385437496 9.17517623398453 11.343943589367 10.9416028200649 10.9423200050369 11.7900326419622 11.4278542310931 11.3876918726601 12.0051881335676 12.1357157984748 11.1553239417262 10.5328073860146 10.9437543749809 11.4751884392463 10.5782291009091 11.1259193578735 11.544755381532 10.9222388258204 10.34992521815 11.5734427804127 10.4840388079174 10.7271645134315 11.145283352118 11.1323740226217 10.9236731957644 11.1503036469221 10.428815565072 10.2581255417317 10.4417248945683 10.9695730339736 10.7931455308571 10.9014404616319 11.1531723868102 10.8247016696259 11.026947831735 10.6138492878526 11.0075838374905 11.0721304849721 11.1022522537969 10.8899655020796 10.8433484788984 10.8713186928071 11.0556352306157 11.0613727103919
-9999 -9999 -9999 -9999 -9999 -9999 -9999 -9999 -9999 -9999 6.98011993438189 11.6853236360475 12.0747550758533 12.3336588507518 12.3035370819271 11.3379670479335 11.1500645852648 10.8856623922475 10.7902767909691 10.958576197736 10.8125095251016 11.1897488203831 11.8151341159828 11.7764061274938 11.2363658435643 11.1187475081533 11.4350260808133 12.022400572896 9.35877558682114 10.2825098307803 11.4199651964009 11.4802087340504 11.2750938320532 11.1122928434052 10.4897762876935 11.4536728900857 11.7297891043127 11.742698433809 11.5203710924834 11.3195593003184 11.1130100283772 10.8239844846539 10.8017517505214 10.7450941377319 10.8878139471635 11.187597265467 11.0104525773786 11.0298165716231 11.0993835139088 11.3410748494789 11.3252967800945 11.4421979305334 11.0434430860914 10.9731589588337 11.0922116641887 11.3088015257381 11.0420087161474 11.1101412884891 11.0932874416467 11.7527390234172 11.6566362371668 11.2421033233404
-9999 -9999 -9999 -9999 -9999 -9999 -9999 -9999 -9999 -9999 10.6449997620657 7.77898584287066 8.77819193994219 9.22251044213772 12.1651203823276 12.5896938857622 12.349999723956 -9999 -9999 9.22999979369342 -9999 9.76855619311054 11.1789910458028 11.4859462138265 11.4206823813729 11.1517380168661 10.5987884034403 10.8548234384507 10.9401684501208 10.0601824894547 12.2447279142216 12.3250526310876 12.1149174342863 10.50985746691 9.46993925748393 11.0914944792166 11.0577867855318 11.6379894278944 10.4732810333371 11.2413861383684 10.9774620686658 10.947340299841 11.3317514448427 11.2464064331725 11.2033753348514 10.9308450454846 11.0197759820148 11.1309396526776 11.1911831903271 11.263618872501 9.99491865700111 10.270317686256 11.2571642077528 11.2897961239796 11.384823132772 11.8000732315704 11.6487472024746 11.6853236360475 11.8703573588282 11.5634021908045 11.4981383583508 11.5268257572316
-9999 -9999 -9999 -9999 -9999 -9999 -9999 -9999 -9999 -9999 -9999 -9999 -9999 -9999 -9999 -9999 -9999 -9999 -9999 -9999 -9999 -9999 -9999 -9999 -9999 11.4893633892814 12.3300729258917 11.7168797748163 11.3640247685835 12.0453504920006 12.102725289762 10.4811700680293 12.3336588507518 11.7799920523539 11.465147849638 11.6114535839297 11.7233344395645 11.6301003932022 11.5397350867279 10.8103579701856 11.6810205262154 11.5619678208604 11.5598162659444 11.5497756763361 11.5583818960004 11.4730368843302 11.4780571791343 11.3826715778559 11.2729422771372 10.9537949645892 11.3711966183037 11.5598162659444 10.8175298199058 11.8502761796117 12.0561082665808 11.5590990809724 11.7369609540328 11.704687630292 11.5798974451609 11.5117648728192 11.3998840171844 11.4199651964009
-9999 -9999 -9999 -9999 -9999 -9999 -9999 -9999 -9999 -9999 -9999 -9999 -9999 -9999 -9999 -9999 -9999 -9999 -9999 -9999 -9999 -9999 -9999 -9999 -9999 10.6396679468453 11.3644858160655 11.8990447577089 11.785012347158 10.7952970857732 11.1416974272579 10.4202093454078 10.7440183602739 10.3700063973665 10.4879833252635 10.2031413605437 11.0608604354119 11.6422925377265 9.99993895180523 11.5892208497971 11.8122653760947 11.7950529367663 11.7692342777736 11.7577593182214 11.862468324136 11.7548905783333 11.8481246246956 12.020966202952 11.9119540872052 11.8036591564305 11.3891262426041 11.5081789479591 11.6265144683421 11.6996673354879 11.2621845025569 11.7068391852081 11.3088015257381 11.0377056063153 11.2342142886482 11.3095187107101 11.2611087250989 11.1962034851313
-9999 -9999 -9999 -9999 -9999 -9999 -9999 -9999 -9999 -9999 -9999 -9999 -9999 -9999 -9999 -9999 -9999 -9999 -9999 -9999 -9999 -9999 -9999 -9999 -9999 -9999 -9999 11.5440780401696 11.2291939938441 11.0197759820148 10.9588152593933 10.6446882416494 9.60979032702744 9.89522994589061 9.92750326963142 10.070223079063 11.0749992248602 9.44005655031651 11.024796276819 11.3252967800945 10.7482497516088 10.8199682488106 10.387218836695 11.9600054803304 11.5304116820917 11.9449445959181 12.0051881335676 11.544755381532 11.9592882953584 11.8803979484364 11.6580706071109 11.6444440926425 11.6910611158237 11.6286660232581 11.3747825431637 11.4830774739385 11.6286660232581 11.704687630292 11.1309396526776 11.2378002135083 11.2801141268574 10.9021576466039
