EcologicalScience/Bass/data/rs_data_bass/sst_122.asc
NCOLS 226 
NROWS 124 
XLLCORNER -9.41648524995501 
YLLCORNER 47.587301625531 
CELLSIZE 0.0833 
NODATA_value -9999 
[rows 27 to 53 of 124, columns 62 to 123 of 226]
-9999 -9999 -9999 -9999 -9999 -9999 -9999 -9999 -9999 -9999 -9999 -9999 -9999 -9999 -9999 -9999 -9999 -9999 -9999 -9999 -9999 -9999 -9999 -9999 -9999 -9999 -9999 -9999 12.5299997199327 13.75999969244 14.0049996869639 13.8499996904284 13.3749997010455 14.0949996849522 14.5299996752292 14.6949996715412 14.8799996674061 15.2349996594712 15.5499996524304 15.7449996480718 15.6399996504188 15.8549996456131 15.9649996431544 15.9899996425956 16.059999641031 16.1849996382371 16.1749996384606 16.1699996385723 16.2599996365607 16.3349996348843 16.3849996337667 16.4349996326491 16.5449996301904 16.5399996303022 16.5349996304139 16.5949996290728 16.5949996290728 16.65999962762 16.7299996260554 16.6349996281788 16.3599996343255 16.804999624379
-9999 -9999 -9999 -9999 -9999 -9999 -9999 -9999 -9999 -9999 -9999 -9999 -9999 -9999 -9999 -9999 -9999 -9999 -9999 -9999 -9999 -9999 -9999 -9999 -9999 -9999 -9999 -9999 -9999 -9999 9.78499978128821 13.3549997014925 13.7099996935576 13.8199996910989 13.9899996872991 14.3749996786937 14.6249996731058 14.9949996648356 15.2649996588007 15.5749996518716 15.7149996487424 15.7599996477365 15.9449996436015 15.934999643825 15.9449996436015 16.1449996391311 16.2849996360019 16.2999996356666 16.2899996358901 16.3099996354431 16.4249996328726 16.4399996325374 16.5299996305257 16.6299996282905 16.6249996284023 16.6049996288493 16.6299996282905 16.6799996271729 16.6799996271729 16.7149996263906 16.3399996347725 16.7299996260554
-9999 -9999 -9999 -9999 -9999 -9999 -9999 -9999 -9999 -9999 -9999 -9999 -9999 -9999 -9999 -9999 -9999 -9999 -9999 -9999 -9999 -9999 -9999 -9999 -9999 -9999 -9999 -9999 -9999 -9999 -9999 13.8549996903166 14.049999685958 14.2249996820465 13.9549996880814 14.1849996829405 14.649999672547 15.0149996643886 15.189999660477 15.3599996566772 15.5549996523187 15.7249996485189 15.8199996463954 15.8849996449426 15.9499996434897 15.9849996427074 16.1899996381253 16.3149996353313 16.3749996339902 16.389999633655 16.4049996333197 16.4049996333197 16.4249996328726 16.5999996289611 16.6449996279553 16.5749996295199 16.5999996289611 16.6099996287376 16.5499996300787 16.5949996290728 16.5499996300787 16.4449996324256
-9999 -9999 -9999 -9999 -9999 -9999 -9999 -9999 -9999 -9999 -9999 -9999 -9999 -9999 -9999 -9999 -9999 -9999 -9999 -9999 -9999 -9999 -9999 -9999 -9999 -9999 -9999 -9999 -9999 -9999 -9999 14.379999678582 14.2899996805936 14.2799996808171 14.3899996783584 14.4399996772408 15.0049996646121 15.2799996584654 15.4049996556714 15.3499996569008 15.3649996565655 15.5449996525422 15.7349996482953 15.8549996456131 15.9049996444955 15.8499996457249 16.0199996419251 16.2399996370077 16.3549996344373 16.3749996339902 16.369999634102 16.3749996339902 16.3599996343255 16.4099996332079 16.4499996323138 16.5199996307492 16.5649996297434 16.6299996282905 16.6149996286258 16.5949996290728 16.5799996294081 16.5649996297434
-9999 -9999 -9999 -9999 -9999 -9999 -9999 -9999 -9999 -9999 -9999 -9999 -9999 -9999 -9999 -9999 -9999 -9999 -9999 -9999 -9999 -9999 -9999 -9999 -9999 -9999 -9999 -9999 -9999 -9999 -9999 9.72733311591049 14.8499996680766 14.6749996719882 14.4399996772408 14.4149996777996 14.7649996699765 15.1799996607006 15.3599996566772 15.5649996520951 15.4299996551126 15.3449996570125 15.4249996552244 15.6599996499717 15.789999647066 15.8599996455014 15.8949996447191 16.0749996406958 16.2599996365607 16.2849996360019 16.20499963779 16.3399996347725 16.3449996346608 16.3649996342137 16.2649996364489 16.2699996363372 16.3649996342137 16.4599996320903 16.5099996309727 16.4249996328726 16.4249996328726 16.5249996306375
-9999 -9999 -9999 -9999 -9999 -9999 -9999 -9999 -9999 -9999 -9999 -9999 -9999 -9999 -9999 -9999 -9999 -9999 -9999 -9999 -9999 -9999 -9999 -9999 -9999 -9999 -9999 -9999 -9999 -9999 -9999 -9999 10.3762497680727 15.2449996592477 15.2399996593595 15.1499996613711 14.9249996664003 14.9599996656179 15.334999657236 15.5299996528774 15.4199996553361 15.4399996548891 15.4299996551126 15.5099996533245 15.6749996496364 15.7599996477365 15.8649996453896 15.9399996437132 16.1149996398017 16.1649996386841 16.1049996400252 15.8899996448308 16.0349996415898 16.0499996412545 16.1249996395782 16.1749996384606 16.2149996375665 16.1499996390194 16.1399996392429 16.1349996393546 16.3599996343255 16.6199996285141
-9999 -9999 -9999 -9999 -9999 -9999 -9999 -9999 -9999 -9999 -9999 -9999 -9999 -9999 -9999 -9999 -9999 -9999 -9999 -9999 -9999 -9999 -9999 -9999 -9999 -9999 -9999 -9999 -9999 -9999 -9999 -9999 15.2549996590242 15.2699996586889 15.519999653101 15.5349996527657 15.2799996584654 15.1599996611476 15.1949996603653 15.624999650754 15.7399996481836 15.7949996469542 15.7549996478483 15.5499996524304 15.6049996512011 15.6399996504188 15.8449996458367 16.0749996406958 16.079999640584 16.1649996386841 16.3349996348843 16.3399996347725 16.0149996420369 16.1349996393546 16.1949996380135 16.0899996403605 16.0199996419251 16.0249996418133 16.0299996417016 16.1299996394664 16.2399996370077 16.2399996370077
-9999 -9999 -9999 -9999 -9999 -9999 -9999 -9999 -9999 -9999 -9999 -9999 -9999 -9999 -9999 -9999 -9999 -9999 -9999 -9999 -9999 -9999 -9999 -9999 -9999 -9999 -9999 -9999 -9999 -9999 -9999 -9999 -9999 15.4199996553361 15.334999657236 15.3049996579066 15.2549996590242 15.2049996601418 15.6149996509776 15.7849996471778 15.6699996497482 15.7749996474013 15.9449996436015 15.914999644272 15.8949996447191 15.9399996437132 16.0549996411428 16.1399996392429 16.1049996400252 16.0449996413663 16.1749996384606 16.3299996349961 16.3849996337667 16.3999996334314 16.1849996382371 16.1299996394664 16.0899996403605 16.0199996419251 15.9749996429309 16.0199996419251 16.0749996406958 16.1449996391311
-9999 -9999 -9999 -9999 -9999 -9999 -9999 15.9669044050166 17.5049996087328 17.6159996062517 17.7666662695507 17.7249996038154 8.66304328462676 8.41999981179833 8.41999981179833 -9999 -9999 -9999 -9999 -9999 -9999 -9999 -9999 -9999 -9999 -9999 -9999 -9999 -9999 -9999 -9999 -9999 -9999 -9999 15.6199996508658 15.5449996525422 15.4099996555597 15.3099996577948 15.5499996524304 15.66499964986 15.6299996506423 15.8749996451661 16.0099996421486 16.0649996409193 16.0449996413663 15.8499996457249 15.934999643825 16.0949996402487 16.2399996370077 16.3199996352196 16.3549996344373 16.3099996354431 16.3399996347725 16.2199996374547 16.0899996403605 16.1949996380135 16.2149996375665 16.1499996390194 16.0849996404722 16.1149996398017 16.2099996376783 16.3199996352196
-9999 -9999 -9999 -9999 10.2104543172331 16.3549996344373 16.3549996344373 16.128332972837 16.1699996385723 16.1699996385723 16.5183329641198 9.16043457785702 -9999 -9999 -9999 -9999 -9999 -9999 -9999 -9999 -9999 -9999 -9999 -9999 -9999 -9999 -9999 -9999 -9999 -9999 -9999 -9999 -9999 -9999 15.5149996532127 15.3049996579066 15.374999656342 15.3799996562302 15.4649996543303 15.4849996538833 15.4699996542186 15.6849996494129 15.8299996461719 15.9449996436015 15.9849996427074 15.9199996441603 15.9249996440485 15.9999996423721 16.0949996402487 16.2299996372312 16.3449996346608 16.4249996328726 16.3999996334314 16.3799996338785 16.349999634549 16.3299996349961 16.2949996357784 16.2399996370077 16.1399996392429 16.2599996365607 16.3249996351078 16.3849996337667
16.4516662989433 16.0749996406958 14.5038885647017 16.1249996395782 16.1649996386841 16.0849996404722 16.079999640584 16.0949996402487 16.4849996315315 16.543332963561 -9999 -9999 -9999 -9999 -9999 -9999 -9999 -9999 -9999 -9999 -9999 -9999 -9999 -9999 -9999 -9999 -9999 -9999 -9999 -9999 -9999 -9999 -9999 -9999 15.7299996484071 15.6899996493012 15.7299996484071 15.769999647513 15.5449996525422 15.5849996516481 15.5099996533245 15.4599996544421 15.6299996506423 15.6299996506423 15.7949996469542 15.9199996441603 15.8649996453896 15.8049996467307 15.8899996448308 15.914999644272 15.9649996431544 16.1499996390194 16.2749996362254 16.3449996346608 16.2949996357784 16.2299996372312 16.1949996380135 16.2299996372312 16.2899996358901 16.2699996363372 16.2899996358901 16.2749996362254
16.0949996402487 16.2849996360019 16.4299996327609 16.4299996327609 16.3449996346608 16.2799996361136 16.1149996398017 16.4399996325374 16.6149996286258 16.6787496272009 -9999 -9999 -9999 -9999 -9999 -9999 -9999 -9999 -9999 -9999 -9999 -9999 -9999 -9999 -9999 -9999 -9999 -9999 -9999 -9999 -9999 -9999 -9999 -9999 -9999 15.5499996524304 15.7049996489659 15.7849996471778 15.5949996514246 15.4699996542186 15.4099996555597 15.3849996561185 15.4449996547773 15.5899996515363 15.7199996486306 15.8349996460602 15.9749996429309 15.9449996436015 15.9649996431544 16.0399996414781 16.1899996381253 16.1499996390194 16.1249996395782 16.1349996393546 16.244999636896 16.2999996356666 16.2949996357784 16.3049996355549 16.3049996355549 16.2149996375665 16.2349996371195 16.2549996366724
15.9299996439368 15.8899996448308 15.7249996485189 15.8199996463954 16.1399996392429 16.2949996357784 16.3949996335432 16.4849996315315 16.2499996367842 -9999 -9999 -9999 -9999 -9999 -9999 -9999 -9999 -9999 -9999 -9999 -9999 -9999 -9999 -9999 -9999 -9999 -9999 -9999 -9999 -9999 -9999 -9999 -9999 -9999 -9999 -9999 16.2949996357784 16.1949996380135 15.8049996467307 15.4599996544421 15.354999656789 15.354999656789 15.3899996560067 15.5349996527657 15.5599996522069 15.5899996515363 15.914999644272 16.1049996400252 16.1349996393546 16.0499996412545 16.1249996395782 16.0949996402487 15.9849996427074 16.1199996396899 16.1999996379018 16.224999637343 16.2749996362254 16.3199996352196 16.3299996349961 16.2799996361136 16.2299996372312 16.244999636896
15.809999646619 15.7199996486306 15.6799996495247 15.7399996481836 16.059999641031 16.4899996314198 16.6949996268377 16.6899996269494 12.7897884929553 -9999 -9999 -9999 -9999 -9999 -9999 -9999 -9999 -9999 -9999 -9999 -9999 -9999 -9999 -9999 -9999 -9999 -9999 -9999 -9999 -9999 -9999 -9999 -9999 -9999 -9999 -9999 -9999 -9999 -9999 14.919999666512 14.8249996686354 15.0999996624887 15.1699996609241 15.1599996611476 15.3499996569008 15.5299996528774 15.7049996489659 16.0499996412545 16.2949996357784 16.1699996385723 16.1449996391311 16.1199996396899 16.1199996396899 16.1249996395782 16.20499963779 16.20499963779 16.1699996385723 16.1999996379018 16.2499996367842 16.2749996362254 16.2499996367842 16.244999636896
15.9399996437132 15.8949996447191 15.8999996446073 15.8849996449426 16.1299996394664 16.369999634102 16.6799996271729 16.6249996284023 16.4049996333197 -9999 -9999 -9999 -9999 -9999 -9999 -9999 -9999 -9999 -9999 -9999 -9999 -9999 -9999 -9999 -9999 -9999 -9999 -9999 -9999 -9999 -9999 -9999 -9999 -9999 -9999 -9999 -9999 -9999 -9999 -9999 -9999 -9999 -9999 9.27555559860775 14.8699996676296 15.3599996566772 15.5349996527657 15.7149996487424 16.0349996415898 16.1049996400252 15.9749996429309 15.9299996439368 16.0149996420369 16.0449996413663 16.0749996406958 16.1149996398017 16.1749996384606 16.1949996380135 16.1899996381253 16.3099996354431 16.3549996344373 16.2899996358901
15.8899996448308 15.9999996423721 16.1099996399134 16.1799996383488 16.3099996354431 16.3449996346608 16.4549996322021 16.5299996305257 16.5349996304139 16.6099996287376 -9999 -9999 -9999 -9999 -9999 16.1899624452926 -9999 -9999 -9999 -9999 -9999 -9999 -9999 -9999 -9999 -9999 -9999 -9999 -9999 -9999 -9999 -9999 -9999 -9999 -9999 -9999 -9999 -9999 -9999 -9999 -9999 -9999 -9999 -9999 14.3795451331376 14.9549996657297 15.2399996593595 15.374999656342 15.6149996509776 15.6799996495247 15.6099996510893 15.6599996499717 15.6899996493012 15.7549996478483 15.8949996447191 15.9199996441603 15.954999643378 16.0449996413663 16.0849996404722 16.0649996409193 16.0549996411428 15.9449996436015
15.9299996439368 16.0199996419251 16.2149996375665 16.2599996365607 16.2599996365607 16.2499996367842 16.2749996362254 16.3199996352196 16.4649996319786 16.6099996287376 16.349999634549 -9999 -9999 -9999 -9999 -9999 -9999 -9999 -9999 -9999 -9999 -9999 -9999 -9999 -9999 -9999 -9999 -9999 -9999 -9999 -9999 -9999 -9999 -9999 -9999 -9999 -9999 -9999 -9999 -9999 -9999 -9999 -9999 -9999 -9999 14.8899996671826 14.794999669306 14.8649996677414 15.0099996645004 15.0499996636063 15.1949996603653 15.4849996538833 15.6149996509776 15.7299996484071 15.7849996471778 15.7949996469542 15.8399996459484 15.8999996446073 15.9449996436015 15.7949996469542 15.374999656342 15.2499996591359
15.9199996441603 16.0199996419251 16.1199996396899 16.2299996372312 16.2749996362254 16.2749996362254 16.2399996370077 16.20499963779 16.2349996371195 16.3399996347725 16.3349996348843 14.8034612075784 8.64999980665743 -9999 -9999 -9999 21.3872575864737 21.3872575864737 -9999 -9999 -9999 -9999 -9999 -9999 -9999 -9999 -9999 -9999 -9999 -9999 -9999 -9999 -9999 -9999 -9999 -9999 -9999 -9999 -9999 -9999 -9999 -9999 -9999 -9999 -9999 8.8399998024106 14.6649996722117 14.8049996690825 15.044999663718 15.1549996612594 15.1349996617064 15.1049996623769 15.2449996592477 15.499999653548 15.7249996485189 15.7849996471778 15.8799996450543 15.8999996446073 15.8649996453896 15.6399996504188 14.9299996662885 14.8449996681884
15.7799996472895 15.9199996441603 16.0649996409193 16.059999641031 16.059999641031 16.1999996379018 16.2599996365607 16.2499996367842 16.2649996364489 16.3549996344373 16.5099996309727 16.5749996295199 16.447894369203 18.6939995821565 18.8379995789379 17.7049996042624 17.7049996042624 20.0116662193711 -9999 -9999 -9999 -9999 -9999 -9999 -9999 -9999 -9999 -9999 -9999 -9999 -9999 -9999 -9999 -9999 -9999 -9999 -9999 -9999 -9999 -9999 -9999 -9999 -9999 -9999 -9999 -9999 -9999 -9999 15.6499996501952 15.5749996518716 15.2649996588007 15.1249996619299 15.1549996612594 15.2749996585771 15.5299996528774 15.5449996525422 15.624999650754 15.809999646619 15.809999646619 15.6299996506423 15.3999996557832 15.3199996575713
15.6199996508658 15.8599996455014 16.0849996404722 16.1149996398017 16.1449996391311 16.1449996391311 16.0749996406958 16.1849996382371 16.3349996348843 16.4099996332079 16.4599996320903 16.4699996318668 16.4749996317551 16.5699996296316 16.7749996250495 16.9699996206909 16.949999621138 -9999 -9999 -9999 -9999 -9999 -9999 -9999 -9999 -9999 -9999 -9999 -9999 -9999 -9999 -9999 -9999 -9999 -9999 -9999 -9999 -9999 -9999 -9999 -9999 -9999 -9999 -9999 -9999 -9999 -9999 -9999 15.9399996437132 15.8799996450543 15.5749996518716 15.1549996612594 15.0899996627122 15.1299996618181 15.20999966003 15.3199996575713 15.3999996557832 15.5049996534362 15.6599996499717 15.644999650307 15.5849996516481 15.3849996561185
15.519999653101 15.6199996508658 15.789999647066 16.0049996422604 16.1599996387959 16.2099996376783 16.1749996384606 16.1149996398017 16.2749996362254 16.3649996342137 16.4199996329844 16.4999996311963 16.4799996316433 16.6049996288493 16.6999996267259 16.7999996244907 17.0099996197969 -9999 -9999 -9999 -9999 -9999 -9999 -9999 -9999 -9999 -9999 -9999 -9999 -9999 -9999 -9999 -9999 -9999 -9999 -9999 -9999 -9999 -9999 -9999 -9999 -9999 -9999 -9999 -9999 -9999 -9999 -9999 15.8549996456131 15.8449996458367 15.6899996493012 15.3449996570125 14.8499996680766 15.0199996642768 15.0999996624887 15.1949996603653 15.2599996589124 15.3149996576831 15.3799996562302 15.4649996543303 15.4949996536598 15.5549996523187
15.3799996562302 15.4099996555597 15.644999650307 15.9099996443838 16.1199996396899 16.244999636896 16.2849996360019 16.1799996383488 16.3099996354431 16.349999634549 16.3349996348843 16.3749996339902 16.4799996316433 16.5849996292964 16.4999996311963 6.69999985024333 -9999 -9999 -9999 -9999 -9999 -9999 -9999 -9999 -9999 -9999 -9999 -9999 -9999 -9999 -9999 -9999 -9999 -9999 -9999 -9999 -9999 -9999 -9999 -9999 -9999 -9999 -9999 -9999 -9999 -9999 -9999 -9999 16.0049996422604 16.0049996422604 15.9399996437132 15.5799996517599 15.5399996526539 15.5599996522069 15.3449996570125 15.2749996585771 15.2049996601418 15.20999966003 15.1799996607006 15.1349996617064 15.1799996607006 15.3099996577948
15.6049996512011 15.5349996527657 15.624999650754 15.9099996443838 16.20499963779 16.2599996365607 16.2999996356666 16.3099996354431 16.369999634102 16.369999634102 16.4099996332079 16.5549996299669 16.6899996269494 16.7699996251613 16.3449996346608 -9999 -9999 -9999 -9999 -9999 -9999 -9999 -9999 -9999 -9999 -9999 -9999 -9999 -9999 -9999 -9999 -9999 -9999 -9999 -9999 -9999 -9999 -9999 -9999 -9999 -9999 -9999 -9999 -9999 -9999 -9999 -9999 -9999 -9999 12.9079626744475 15.9399996437132 15.7199996486306 15.4899996537715 15.4749996541068 15.1649996610358 15.20999966003 15.1449996614829 15.0599996633828 14.9649996655062 14.899999666959 14.8399996683002 14.8899996671826
15.6299996506423 15.66499964986 15.8149996465072 16.0549996411428 16.2549996366724 16.3799996338785 16.3799996338785 16.3949996335432 16.4049996333197 16.5099996309727 16.6249996284023 16.7499996256083 16.8199996240437 16.7999996244907 16.4249996328726 20.2416662142302 -9999 -9999 -9999 -9999 -9999 -9999 -9999 -9999 -9999 -9999 -9999 -9999 -9999 -9999 -9999 -9999 -9999 -9999 -9999 -9999 -9999 -9999 -9999 -9999 -9999 -9999 -9999 -9999 -9999 -9999 8.18063811502082 8.20170194433725 8.08606364904962 -9999 11.5949583295733 15.8049996467307 15.6899996493012 15.6049996512011 15.3799996562302 15.2449996592477 15.1749996608123 15.1349996617064 14.9849996650591 14.899999666959 14.8299996685237 14.774999669753
15.5549996523187 15.6999996490777 15.9999996423721 16.3349996348843 16.4499996323138 16.494999631308 16.6099996287376 16.6749996272847 16.5799996294081 16.6749996272847 16.8849996225908 16.8999996222556 16.7749996250495 17.1299996171147 16.3974996334873 -9999 -9999 -9999 -9999 -9999 -9999 -9999 -9999 -9999 -9999 -9999 -9999 -9999 -9999 -9999 -9999 -9999 -9999 -9999 -9999 -9999 -9999 -9999 -9999 -9999 -9999 -9999 -9999 -9999 -9999 -9999 -9999 11.1570649680115 16.0628374788054 16.9399996213615 17.0449996190146 17.0099996197969 16.3999996334314 16.1699996385723 15.8849996449426 15.5099996533245 15.3699996564537 15.0199996642768 14.939999666065 14.9899996649474 14.9349996661767 14.7649996699765
15.8249996462837 16.0249996418133 15.9899996425956 16.0249996418133 16.2549996366724 16.6899996269494 16.7699996251613 16.8649996230379 16.8449996234849 16.8699996229261 17.0649996185675 17.2899996135384 17.3799996115267 17.2499996144325 17.0599996186793 -9999 -9999 -9999 -9999 -9999 -9999 -9999 -9999 -9999 -9999 -9999 -9999 -9999 -9999 -9999 -9999 -9999 -9999 -9999 -9999 -9999 -9999 -9999 -9999 -9999 -9999 -9999 -9999 -9999 -9999 -9999 -9999 -9999 -9999 -9999 17.0499996189028 17.0199996195734 16.7449996257201 16.4149996330962 15.9599996432662 15.6699996497482 15.5649996520951 15.3799996562302 15.1349996617064 15.0149996643886 14.8699996676296 14.8099996689707
16.1099996399134 16.244999636896 16.244999636896 16.3149996353313 16.5849996292964 16.9049996221438 17.0499996189028 17.1799996159971 17.1449996167794 17.2049996154383 17.219999615103 17.1749996161088 16.9999996200204 16.9849996203557 17.0849996181205 -9999 -9999 -9999 -9999 -9999 -9999 -9999 -9999 -9999 -9999 -9999 -9999 -9999 -9999 -9999 -9999 -9999 -9999 -9999 -9999 -9999 -9999 -9999 -9999 -9999 -9999 -9999 -9999 -9999 -9999 -9999 -9999 -9999 -9999 -9999 -9999 -9999 16.4249996328726 16.3349996348843 16.1849996382371 16.0849996404722 16.1899996381253 16.3049996355549 16.1699996385723 15.4149996554479 15.2749996585771 15.1849996605888
