EcologicalScience/Bass/data/rs_data_bass/sst_257.asc
NCOLS 226 
NROWS 124 
XLLCORNER -9.41648524995501 
YLLCORNER 47.587301625531 
CELLSIZE 0.0833 
NODATA_value -9999 
[rows 27 to 53 of 124, columns 62 to 123 of 226]
-9999 -9999 -9999 -9999 -9999 -9999 -9999 -9999 -9999 -9999 -9999 -9999 -9999 -9999 -9999 -9999 -9999 -9999 -9999 -9999 -9999 -9999 -9999 -9999 -9999 -9999 -9999 -9999 12.5299997199327 13.0517277949446 12.3451338103041 12.9052552734502 13.2602618345991 13.8655659509823 13.534943678882 14.4045304574538 13.9516281476244 13.8834955752827 15.1360591289122 15.5914715861436 15.5842997364234 14.4952543564141 14.4550919979811 14.7849970851094 14.8452406227589 14.8301797383465 14.8395031429827 15.1084475074895 15.3630481725559 15.1658223052509 15.5602740398608 15.4742118432187 15.4899899126031 15.6398815717548 15.4326151148416 15.7316812481731 14.0498824887909 15.5057679819874 15.6119113578461 15.6405987567268 15.6621143058874 15.60617387807
-9999 -9999 -9999 -9999 -9999 -9999 -9999 -9999 -9999 -9999 -9999 -9999 -9999 -9999 -9999 -9999 -9999 -9999 -9999 -9999 -9999 -9999 -9999 -9999 -9999 -9999 -9999 -9999 -9999 -9999 9.78499978128821 12.8801537994295 13.0616015973501 14.5494018218014 14.4852137668058 13.6862697079778 14.6688131196424 14.9097872702405 13.7859584190883 15.1514786058106 14.2879878995009 14.6738334144466 14.6322366860695 14.6874599289149 14.6659443797544 14.7900173799135 14.769936200697 15.090517883189 15.2031159237958 15.0797601086088 15.4455244443379 15.6262550572865 15.6298409821466 15.6413159416988 15.7101656990126 15.8543198783882 15.8837244622409 15.4548478489742 15.4605853287503 15.4792321380228 15.4691915484145 15.4390697795898
-9999 -9999 -9999 -9999 -9999 -9999 -9999 -9999 -9999 -9999 -9999 -9999 -9999 -9999 -9999 -9999 -9999 -9999 -9999 -9999 -9999 -9999 -9999 -9999 -9999 -9999 -9999 -9999 -9999 -9999 -9999 12.5349997198209 12.6384624638595 13.4008300891146 13.6446729796007 13.7852412341163 13.7952818237245 13.7199774016626 13.3233741121367 14.2105319225229 13.5134281297214 14.2428052462637 13.7572710202076 13.7120883669704 14.7118442179635 14.4550919979811 14.8359172181226 15.1192052820697 15.131397426594 15.2310861377046 15.2002471839078 15.1851862994954 15.3422498083673 15.5939817335457 15.6506393463351 15.8041169303469 15.9389477050863 15.8779869824648 15.5731833693571 15.4727774732746 15.4914242825471 15.4656056235544
-9999 -9999 -9999 -9999 -9999 -9999 -9999 -9999 -9999 -9999 -9999 -9999 -9999 -9999 -9999 -9999 -9999 -9999 -9999 -9999 -9999 -9999 -9999 -9999 -9999 -9999 -9999 -9999 -9999 -9999 -9999 13.0927211887446 12.779747903347 14.0676686760969 13.6303292801604 14.9974631330697 13.7902615289204 13.7465132456273 14.0513168587349 14.211966292467 13.6582994940691 13.5535904881544 13.5464186384343 13.4137394186109 14.4751731771976 14.4048890499398 14.8703420967795 15.5789208491333 15.1493270508945 15.4046449009329 15.3408154384233 15.6111941728741 15.6671346006915 15.6319925370626 15.6965391845442 15.5193944964558 15.7589342771098 15.8263496644795 15.8492995835841 15.9468367397785 15.6850642249919 15.6513565313071
-9999 -9999 -9999 -9999 -9999 -9999 -9999 -9999 -9999 -9999 -9999 -9999 -9999 -9999 -9999 -9999 -9999 -9999 -9999 -9999 -9999 -9999 -9999 -9999 -9999 -9999 -9999 -9999 -9999 -9999 -9999 11.624999740161 12.9346598573029 14.2817125309957 14.3987929776777 14.3866008331534 13.7300179912709 13.815363002941 13.9645374771208 13.9114657891914 13.8655659509823 13.6640369738452 13.1096529904753 12.7417370998301 13.5076906499453 14.4206671193242 14.5576494489796 15.0854975883849 15.3594622476958 15.5581224849448 15.4526962940581 15.5559709300287 15.6391643867828 15.7445905776694 15.6649830457754 15.687215779908 15.7395702828653 15.8313699592836 15.8277840344235 15.7610858320259 15.7632373869419 15.8299355893396
-9999 -9999 -9999 -9999 -9999 -9999 -9999 -9999 -9999 -9999 -9999 -9999 -9999 -9999 -9999 -9999 -9999 -9999 -9999 -9999 -9999 -9999 -9999 -9999 -9999 -9999 -9999 -9999 -9999 -9999 -9999 -9999 11.6331285075285 14.3407009949442 14.4360865962226 13.5449842684902 13.5951872165315 13.5994903263636 13.6898556328379 13.7085024421103 13.9688405869529 13.5636310777627 13.4101534937508 13.5571764130145 13.7328867311589 13.815363002941 14.4099093447439 15.1227912069298 15.048921154812 15.3738059471361 15.4648884385824 15.5050507970154 15.5624255947769 15.8026825604029 15.7739951615222 15.5552537450567 15.5538193751127 15.6384472018108 15.7618030169979 15.8112887800671 15.8794213524088 15.8120059650391
-9999 -9999 -9999 -9999 -9999 -9999 -9999 -9999 -9999 -9999 -9999 -9999 -9999 -9999 -9999 -9999 -9999 -9999 -9999 -9999 -9999 -9999 -9999 -9999 -9999 -9999 -9999 -9999 -9999 -9999 -9999 -9999 11.4470459756718 13.176351192873 13.296838268172 13.1964323720895 13.4338205978274 13.5880153668113 13.8096255231649 13.7572710202076 13.7493819855154 13.6848353380337 13.495498505421 14.1510055698454 14.2263099919073 14.8036438943818 14.5791649981402 13.61598558072 14.9463637038134 14.9334543743171 14.9628589581698 15.3487044731155 15.406796455849 15.5072023519315 15.4749290281907 15.4942930224352 15.5366069357842 15.5487990803085 15.5703146294691 15.7245093984529 15.6750236353837 15.8428449188359
-9999 -9999 -9999 -9999 -9999 -9999 -9999 -9999 -9999 -9999 -9999 -9999 -9999 -9999 -9999 -9999 -9999 -9999 -9999 -9999 -9999 -9999 -9999 -9999 -9999 -9999 -9999 -9999 -9999 -9999 -9999 -9999 -9999 8.54014231292531 13.7622913150117 13.9784030532464 13.5485701933503 13.4818719909526 13.5994903263636 13.6877040779218 13.7049165172502 13.5299233840778 13.9623859222047 13.9645374771208 14.7118442179635 14.9564042934217 15.2174596232362 14.411343714688 14.49023406161 14.7190160676837 14.9972838368267 15.2031159237958 15.3465529181994 15.2576219816692 15.5387584907003 15.5495162652805 15.568880259525 15.5215460513718 15.5523850051686 15.7202062886208 15.4935758374631 16.0199896069244
-9999 -9999 -9999 -9999 -9999 -9999 -9999 16.2697748871786 17.6512268257793 15.8951994217932 16.3317857735092 8.46961347930241 24.0324504265616 8.34833690762773 8.41999981179833 -9999 -9999 -9999 -9999 -9999 -9999 -9999 -9999 -9999 -9999 -9999 -9999 -9999 -9999 -9999 -9999 -9999 -9999 11.0899997521192 13.8053224133328 13.9767296216451 14.2430101562557 13.5700857425109 13.1053498806432 13.2301400657743 15.5355311583262 14.0900448472239 13.9968108008616 14.253563020844 14.2234412520193 14.5633869287558 14.8581499522552 15.1629535653628 14.5504775992595 14.7247535474598 15.1213568369858 15.0955381779931 15.1349833514541 15.3716543922201 15.2698141261935 15.367351282388 15.4383525946178 15.5315866409801 15.5315866409801 15.5416272305883 15.4993133172393 15.5990020283498
-9999 -9999 -9999 -9999 15.1949996603653 15.8521683234721 16.8960310502443 16.9813760619145 16.0701925549656 16.1835077805445 15.7797326412983 12.9720409374298 -9999 -9999 -9999 -9999 -9999 -9999 -9999 -9999 -9999 -9999 -9999 -9999 -9999 -9999 -9999 -9999 -9999 -9999 -9999 -9999 -9999 -9999 13.9781639915891 14.0986510668881 13.8648487660103 13.972426511813 14.8717764667235 15.2992187100463 15.1772972648032 15.0772499612067 14.0864589223638 14.0620746333152 14.5346995298751 14.4235358592123 14.3288674429059 14.491668431554 15.1844691145234 15.2210455480963 15.0733054438606 14.9642933281139 15.3357951436192 15.1349833514541 15.4691915484145 15.5767692942172 15.5215460513718 15.6434674966149 15.4598681437783 15.3981902361847 15.8736838726327 15.6319925370626
15.808420040179 15.8665120229125 15.9999084277079 15.8170262598433 16.3032776708715 16.2652668673545 16.2896511564031 16.1146580232307 16.1067689885385 16.28674670606 -9999 -9999 -9999 -9999 -9999 -9999 -9999 -9999 -9999 -9999 -9999 -9999 -9999 -9999 -9999 -9999 -9999 -9999 -9999 -9999 -9999 -9999 -9999 -9999 10.5449997643009 14.0470137489028 14.013306055218 13.9831842863932 14.6312804394402 14.4701528823934 14.5203558304347 14.3202612232417 14.2872707145289 14.3898281655274 14.4213843042962 14.254997390788 14.0850245524198 14.530396420043 15.1493270508945 14.3747672811151 15.2411267273128 15.1729941549711 15.3314920337871 15.2712484961376 15.3243201840669 15.4132511205971 15.5129398317076 15.5581224849448 15.5179601265118 15.4634540686384 15.4727774732746 15.7955107106827
15.6893673348241 15.8127231500112 15.8550370633602 15.766823311802 15.9482711097226 15.9941709479317 16.1211126879789 16.1476485319436 16.1318704625592 16.2699996363372 -9999 -9999 -9999 -9999 -9999 -9999 -9999 -9999 -9999 -9999 -9999 -9999 -9999 -9999 -9999 -9999 -9999 -9999 -9999 -9999 -9999 -9999 -9999 -9999 -9999 12.4641865156591 14.2399365063757 14.4723044373095 14.254997390788 14.4464857783169 14.6848302506842 15.4168370454572 14.4622638477013 14.6659443797544 14.5978118074127 14.5174870905466 14.6157414317131 14.7627643509768 14.8789483164437 14.9578386633657 14.65016631037 15.1242255768739 15.2719656811096 15.4046449009329 15.207419033628 15.3400982534513 15.4376354096457 15.3558763228357 15.4024933460169 15.3989074211568 15.4283120050095 15.647770606447
15.5143742016517 15.4154026755132 15.6700033405796 15.5409100456163 15.6807611151598 16.004928722512 16.045808265917 16.1806390406564 7.21275039892509 -9999 -9999 -9999 -9999 -9999 -9999 -9999 -9999 -9999 -9999 -9999 -9999 -9999 -9999 -9999 -9999 -9999 -9999 -9999 -9999 -9999 -9999 -9999 -9999 -9999 -9999 -9999 13.1182592101395 14.4580911351368 14.6554939701621 15.3214514441788 15.4569994038902 16.0165829783073 15.3238420607522 14.3697469863109 14.5598010038957 14.531113605015 14.5999633623287 14.5669728536159 14.7634815359488 14.9470808887854 15.0768913687207 15.170125415083 15.2934812302701 15.3386638835073 15.2332376926206 15.4706259183586 15.4175542304292 15.1980956289917 15.2418439122848 15.2246314729564 15.3106936695985 15.3852809066884
15.0453352299519 15.0238196807913 14.2822504197247 15.1902065942995 15.6298409821466 15.7711264216341 16.0544144855812 16.2265388788655 12.7897884929553 -9999 -9999 -9999 -9999 -9999 -9999 -9999 -9999 -9999 -9999 -9999 -9999 -9999 -9999 -9999 -9999 -9999 -9999 -9999 -9999 -9999 -9999 -9999 -9999 -9999 -9999 -9999 -9999 -9999 -9999 -9999 10.0098217607196 13.3747723684646 14.852207562487 15.408230825793 14.4651325875893 14.6035492871888 14.6035492871888 14.6472975704819 14.9872432472184 14.9198278598487 14.4751731771976 14.3597063967027 15.2827234556898 15.2468642070889 15.2956327851862 15.3408154384233 15.3738059471361 15.0302743455395 15.1027100277133 15.1787316347472 15.3487044731155 15.3422498083673
14.8065126342699 14.9047669754364 14.9363231142052 14.8832514262758 15.2210455480963 15.7646717568859 15.8500167685561 16.0551316705532 15.9299996439368 -9999 -9999 -9999 -9999 -9999 -9999 -9999 -9999 -9999 -9999 -9999 -9999 -9999 -9999 -9999 -9999 -9999 -9999 -9999 -9999 -9999 -9999 -9999 -9999 -9999 -9999 -9999 -9999 -9999 -9999 -9999 -9999 -9999 -9999 11.3219382553475 13.5216040384024 15.1949878274463 14.6731162294745 14.6723990445025 14.690328668803 14.9499496286735 15.0309915305115 15.1019928427413 15.249732946977 15.1952268891037 15.1651051202789 14.610003951937 15.1206396520138 15.1801660046913 15.2690969412215 15.2798547158018 15.0431836750358 15.1550645306706
14.7835627151653 14.8681905418634 14.889706091024 14.8724936516955 15.0740226288326 15.3573106927797 15.5459303404205 15.5186773114838 15.4268776350655 14.4199996776879 11.3099997472018 -9999 -9999 -9999 -9999 16.1899624452926 -9999 -9999 -9999 -9999 -9999 -9999 -9999 -9999 -9999 -9999 -9999 -9999 -9999 -9999 -9999 -9999 -9999 -9999 -9999 -9999 -9999 -9999 -9999 -9999 -9999 -9999 -9999 -9999 7.24746485726213 14.7603259220719 15.7071176628815 14.5246589402668 14.6781365242787 14.8194219637662 14.9011810505763 15.0309915305115 15.1658223052509 15.2138736983761 15.1184880970977 14.49381998647 15.0639820392244 15.0682851490565 15.0216681258753 14.9140903800726 14.4995574662462 14.5590838189237
14.8022095244378 14.9513839986175 14.9980010217987 14.9234137847088 14.8724936516955 15.010193166323 15.3415326233953 15.5487990803085 15.7101656990126 15.8285012193955 15.8449996458367 -9999 -9999 -9999 -9999 -9999 -9999 -9999 -9999 -9999 -9999 -9999 -9999 -9999 -9999 -9999 -9999 -9999 -9999 -9999 -9999 -9999 -9999 -9999 -9999 -9999 -9999 -9999 -9999 -9999 -9999 -9999 -9999 -9999 -9999 11.7976024221056 14.0074888882227 14.1507665081881 14.2800988648087 14.5260933102109 14.6716818595305 14.9384746691212 14.8387859580107 14.7204504376277 14.0240638297983 13.9595171823166 14.9198278598487 14.5598010038957 14.5217902003787 14.2327646566555 14.3403424024582 11.7376781390049
14.2184209572151 14.6006805473007 14.8251594435424 14.8846857962199 14.9793542125262 14.8438062528148 14.8868373511359 15.4935758374631 15.8586229882203 16.0257270867005 15.9382305201143 16.7021303132642 14.4197441748453 -9999 7.92974787395447 -9999 21.5640148021157 13.6415185318783 -9999 -9999 -9999 -9999 -9999 -9999 -9999 -9999 -9999 -9999 -9999 -9999 -9999 -9999 -9999 -9999 -9999 -9999 -9999 -9999 -9999 -9999 -9999 -9999 -9999 -9999 -9999 8.8399998024106 9.0699997972697 12.9296395624988 15.7704092366621 14.1502883848734 14.5189214604907 14.7484206515364 11.6602221620269 14.1553086796775 14.012588870246 13.8777580955066 14.5253761252388 14.4385967436247 14.5017090211622 14.3883937955834 14.2743613850325 14.2334818416275
14.1918851132505 14.531113605015 14.7283394723199 14.8359172181226 14.8036438943818 14.9980010217987 15.1787316347472 15.4268776350655 16.0321817514487 16.0350504913367 15.9841303583235 15.84786521364 14.359999679029 16.8859904606361 17.04018522962 17.3263420334551 16.3889812750276 8.46098656390848 -9999 -9999 -9999 -9999 -9999 -9999 -9999 -9999 -9999 -9999 -9999 -9999 -9999 -9999 -9999 -9999 -9999 -9999 -9999 -9999 -9999 -9999 -9999 -9999 -9999 -9999 -9999 -9999 -9999 -9999 15.1302021183074 13.8990780487657 14.4742169305682 14.5139011656865 14.6250648363493 14.452223258093 13.8297067023814 14.531113605015 14.3833735007793 14.3998687551357 14.3568376568146 14.3891109805554 14.1782585987821 14.1603289744817
14.1710867490619 14.3238471481018 14.4593951078132 14.5619525588118 14.691763038747 15.011627536267 15.2848750106059 15.3472701031715 16.1383251273073 16.1498000868596 15.9963225028478 15.9733725837432 15.8234809245914 15.5724661843851 16.8149891484063 16.3091944468906 16.2699996363372 9.6408135118262 -9999 -9999 -9999 -9999 -9999 -9999 -9999 -9999 -9999 -9999 -9999 -9999 -9999 -9999 -9999 -9999 -9999 -9999 -9999 -9999 -9999 -9999 -9999 -9999 -9999 -9999 -9999 -9999 -9999 -9999 15.2192525856663 14.4816278419457 14.3597063967027 14.4450514083728 14.4988402812742 14.4758903621696 14.451506073121 14.4859309517778 14.4013031250797 12.9303567474708 14.3640095065348 14.4428998534568 14.3224127781577 14.1567430496216
14.3855250556953 14.4084749747999 14.4428998534568 14.6752677843906 14.8481093626469 14.8029267094098 15.0216681258753 15.5975676584058 16.1447797920555 16.1698812660761 16.1641437863 15.9561601444148 15.9375133351423 16.0587175954133 16.7153004372958 16.4621853696715 18.0881378490704 19.7249995591119 -9999 -9999 -9999 -9999 -9999 -9999 -9999 -9999 -9999 -9999 -9999 -9999 -9999 -9999 -9999 -9999 -9999 -9999 -9999 -9999 -9999 -9999 -9999 -9999 -9999 -9999 -9999 -9999 -9999 -9999 15.3106936695985 13.8304238873534 14.7667088683229 14.7502136139665 14.2169865872711 14.2098147375509 14.3475142521784 14.7936033047736 14.8258766285144 14.7613299810328 14.4723044373095 14.2456739861518 14.3417767724022 14.2463911711238
13.734321101103 14.0168919800781 14.3389080325142 14.4715872523375 14.7871486400254 14.7936033047736 15.010193166323 15.0933866230771 15.7223578435369 16.1584063065238 16.3190557402559 16.1584063065238 16.0637378902175 16.045091080945 16.9824518393725 6.69999985024333 -9999 -9999 -9999 -9999 -9999 -9999 -9999 -9999 -9999 -9999 -9999 -9999 -9999 -9999 -9999 -9999 -9999 -9999 -9999 -9999 -9999 -9999 -9999 -9999 -9999 -9999 -9999 -9999 -9999 -9999 -9999 -9999 14.8899267633231 14.9564042934217 13.9050111244433 13.9172032689676 14.1474196449853 14.0656605581753 14.3554032868706 14.3589892117307 14.4407482985407 14.252845835872 14.1445509050973 14.1538743097335 14.1058229166083 14.0398418991826
13.7214117716067 14.1431165351532 14.4385967436247 14.5447401194833 14.5669728536159 14.649449125398 15.0474867848679 15.0804772935808 15.3458357332274 16.0285958265886 16.2724387170747 16.2523575378582 16.2000030349009 15.8657948379405 15.9052400114015 -9999 -9999 -9999 -9999 -9999 -9999 -9999 -9999 -9999 -9999 -9999 -9999 -9999 -9999 -9999 -9999 -9999 -9999 -9999 -9999 -9999 -9999 -9999 -9999 -9999 -9999 -9999 -9999 -9999 -9999 -9999 -9999 -9999 -9999 11.1005937635491 14.3981953235343 14.2832066663541 14.0993682518601 14.0312356795184 13.9932248760015 13.9279610435478 13.895687719807 13.8232520376332 13.9164860839956 14.0290841246024 14.0319528644904 13.8992736446671
13.854808176402 13.93585007824 14.1911679282784 14.5368510847911 14.7218848075718 14.772804940585 14.8854029811919 15.170842600055 15.288460935466 15.5502334502526 16.1971342950128 16.3771477229893 16.1526688267477 15.92603837559 17.1818292615935 19.0902584721334 -9999 -9999 -9999 -9999 -9999 -9999 -9999 -9999 -9999 -9999 -9999 -9999 -9999 -9999 -9999 -9999 -9999 -9999 -9999 -9999 -9999 -9999 -9999 -9999 -9999 -9999 -9999 -9999 -9999 -9999 5.31941149734162 3.58400219213217 2.46499994490296 -9999 11.5949583295733 13.7895443439484 14.374050096143 14.4034546799958 14.0728324078955 14.0355387893505 14.0800042576157 14.0491653038189 14.1646320843138 13.1548356437124 13.8526566214859 13.7902615289204
14.2019257028587 14.1574602345936 14.213400662411 14.5361338998191 14.6860255589709 14.9642933281139 15.0467695998959 15.1227912069298 15.208853403572 15.8830072772689 15.8657948379405 16.1476485319436 16.1196783180349 15.9138462310657 15.7503280574456 -9999 -9999 -9999 -9999 -9999 -9999 -9999 -9999 -9999 -9999 -9999 -9999 -9999 -9999 -9999 -9999 -9999 -9999 -9999 -9999 -9999 -9999 -9999 -9999 -9999 -9999 -9999 -9999 -9999 -9999 -9999 -9999 -9999 10.3241407108227 16.8218820928596 17.3271787492558 17.0541703365743 14.2912428159123 15.5832239589654 14.5605181888677 14.4206671193242 14.4464857783169 14.334604922682 14.3016144139692 14.0749839628115 14.0993682518601 14.0477309338748
14.3267158879898 14.3647266915068 14.5289620500989 14.5605181888677 14.8753623915836 14.8796655014157 15.0854975883849 15.1435895711184 15.3042390048504 15.5617084098049 15.7517624273896 16.005645907484 16.0716269249097 16.0630207052454 -9999 -9999 -9999 -9999 -9999 -9999 -9999 -9999 -9999 -9999 -9999 -9999 -9999 -9999 -9999 -9999 -9999 -9999 -9999 -9999 -9999 -9999 -9999 -9999 -9999 -9999 -9999 -9999 -9999 -9999 -9999 -9999 -9999 -9999 -9999 -9999 16.2145122385655 16.975758112967 16.1806390406564 15.6642658608034 15.5717489994131 15.7194891036488 15.2253486579284 14.9757682876661 14.8036438943818 14.0785698876716 14.1603289744817 14.1983397779986
14.6695303046145 14.6860255589709 14.8452406227589 14.9901119871065 15.1608020104468 15.0869319583289 15.2031159237958 15.4957273923792 15.5236976062879 15.6449018665589 15.7711264216341 15.7159031787887 15.6613971209154 16.0773644046858 8.67061551249422 -9999 -9999 -9999 -9999 -9999 -9999 -9999 -9999 -9999 -9999 -9999 -9999 -9999 -9999 -9999 -9999 -9999 -9999 -9999 -9999 -9999 -9999 -9999 -9999 -9999 -9999 -9999 -9999 -9999 -9999 -9999 -9999 -9999 -9999 -9999 -9999 -9999 11.7349997377023 15.6355784619227 16.3183385552838 16.3161870003678 14.772804940585 14.6049836571328 15.8234809245914 14.3496658070944 14.7053895532154 14.691045853775
