EcologicalScience/Bass/data/rs_data_bass/sst_99.asc
NCOLS 226 
NROWS 124 
XLLCORNER -9.41648524995501 
YLLCORNER 47.587301625531 
CELLSIZE 0.0833 
NODATA_value -9999 
[rows 81 to 107 of 124, columns 62 to 123 of 226]
7.8679998241365 -9999 -9999 -9999 -9999 -9999 -9999 -9999 -9999 -9999 -9999 -9999 -9999 -9999 -9999 -9999 -9999 -9999 -9999 -9999 -9999 -9999 -9999 -9999 -9999 -9999 -9999 -9999 -9999 -9999 -9999 -9999 -9999 -9999 -9999 -9999 -9999 -9999 -9999 -9999 -9999 -9999 -9999 -9999 -9999 -9999 -9999 -9999 -9999 -9999 -9999 -9999 -9999 -9999 -9999 -9999 -9999 -9999 -9999 -9999 -9999 -9999
9.87147036759073 -9999 -9999 -9999 -9999 -9999 -9999 -9999 -9999 -9999 -9999 -9999 -9999 -9999 -9999 -9999 -9999 -9999 -9999 -9999 -9999 -9999 -9999 -9999 -9999 -9999 -9999 -9999 -9999 -9999 -9999 -9999 -9999 -9999 -9999 -9999 -9999 -9999 -9999 -9999 -9999 -9999 -9999 -9999 -9999 -9999 -9999 -9999 -9999 -9999 -9999 -9999 -9999 -9999 -9999 -9999 -9999 -9999 -9999 -9999 -9999 -9999
-9999 -9999 -9999 -9999 -9999 -9999 -9999 -9999 -9999 -9999 -9999 -9999 -9999 -9999 -9999 -9999 -9999 -9999 -9999 -9999 -9999 -9999 -9999 -9999 -9999 -9999 -9999 -9999 -9999 -9999 -9999 -9999 -9999 -9999 -9999 -9999 -9999 -9999 -9999 -9999 -9999 -9999 -9999 -9999 -9999 -9999 -9999 -9999 -9999 -9999 -9999 -9999 -9999 -9999 -9999 -9999 -9999 -9999 -9999 -9999 15.6089996511117 -9999
-9999 -9999 -9999 -9999 -9999 -9999 -9999 -9999 -9999 -9999 -9999 -9999 -9999 -9999 -9999 -9999 -9999 -9999 -9999 -9999 -9999 -9999 -9999 -9999 -9999 -9999 -9999 -9999 -9999 -9999 -9999 -9999 -9999 11.3199997469783 11.209999749437 11.1449997508898 -9999 -9999 -9999 -9999 -9999 -9999 -9999 -9999 -9999 -9999 -9999 -9999 -9999 -9999 -9999 -9999 -9999 -9999 -9999 -9999 17.2699996139854 17.2095118104594 4.31899990346283 5.57999987527728 5.17699988428503 5.60199987478554
-9999 -9999 -9999 -9999 -9999 -9999 -9999 -9999 -9999 -9999 -9999 -9999 -9999 -9999 -9999 -9999 -9999 -9999 -9999 -9999 -9999 -9999 -9999 -9999 -9999 -9999 -9999 -9999 -9999 -9999 -9999 -9999 -9999 13.1769997054711 13.1769997054711 9.14199979566038 9.01099979858845 8.40470569449313 9.74068160046061 13.804137622488 11.4772997434624 -9999 15.8077582673587 3.88999991305172 3.98999991081655 3.79999991506338 3.91999991238117 9.5416664533938 9.80799978077412 9.67766645035396 4.41499990131706 12.9529163771464 16.2939572789338 -9999 7.80749982548878 5.68949987282977 4.16249990696087 4.61833323010554 5.0437498872634 5.02624988765456 5.097499886062 5.15874988469295
-9999 -9999 -9999 -9999 -9999 -9999 -9999 -9999 -9999 -9999 -9999 -9999 12.9699997100979 10.8886361202564 6.49999985471368 6.49999985471368 6.67999985069036 6.67999985069036 9.56157873365048 -9999 -9999 -9999 -9999 -9999 -9999 11.894999734126 11.8105004615138 16.6639996275306 6.03599986508489 5.69499987270683 5.69499987270683 5.68874987284653 4.87499989103526 4.53899989854544 10.5187997648865 -9999 16.224999637343 4.96166655576477 5.42249987879768 5.41999987885356 6.07999986410141 5.2549998825416 4.67499989550561 4.5049998993054 4.43499990087003 4.30499990377575 4.73999989405274 4.7949998928234 4.61999989673495 4.4199999012053 4.4199999012053 5.71699987221509 5.77199987098575 5.98499986622483 5.29499988164753 5.38124987971969 5.35499988030642 5.48624987737276 5.53874987619929 5.51611098781642 5.65249987365678 5.67999987304211
-9999 -9999 -9999 -9999 -9999 -9999 -9999 -9999 16.0343879466806 10.5827775412343 7.03285698566054 6.75499984901398 6.60499985236675 6.7449998492375 6.75999984890223 6.82499984744936 6.77499984856695 6.74999984912574 6.79499984811991 6.83999984711409 6.84999984689057 7.33857126454158 7.35071412141302 6.59299985263497 6.53699985388666 9.44815768355406 13.8079684413678 6.09999986365438 5.82999986968935 5.85499986913055 5.83999986946583 6.03499986510724 6.04499986488372 6.25499986018986 5.76749987108633 13.852285404663 5.49249987723306 5.25999988242984 5.25999988242984 5.7999998703599 5.96499986667186 6.03999986499548 6.07999986410141 5.31499988120049 4.7949998928234 4.67499989550561 4.97499988880008 5.05499988701195 4.8799998909235 4.72999989427626 4.74499989394099 4.83999989181757 5.00999988801777 5.0249998876825 5.04499988723546 5.56249987566844 6.02099986542016 5.83499986957759 5.86999986879528 5.93124986742623 5.87499986868352 5.77999987080693
-9999 -9999 -9999 -9999 -9999 -9999 -9999 -9999 7.46323512730134 7.17499983962625 7.06499984208494 6.86499984655529 7.2049998389557 7.33499983604997 7.40499983448535 7.25999983772635 6.74999984912574 6.77999984845519 6.80999984778464 6.75999984890223 6.62499985191971 5.69249987276271 6.23499986063689 6.33499985840172 6.38499985728413 5.84499986935407 5.84499986935407 4.07499990891665 6.18999986164272 6.11999986320734 6.05999986454844 6.0549998646602 6.31249985890463 6.32749985856935 6.45749985566363 6.27166652648399 6.55999985337257 6.56999985314906 6.5149998543784 6.21499986108392 6.029999865219 6.23999986052513 6.20999986119568 6.10499986354262 5.53999987617135 5.53999987617135 6.73833318271985 4.7949998928234 4.86499989125878 4.91499989014119 4.90499989036471 5.71999987214804 5.71999987214804 6.25374986021779 6.15999986231327 6.30799985900521 6.31999985873699 6.2309998607263 6.25399986021221 6.21499986108392 5.57333320875963 5.51499987673014
-9999 -9999 -9999 -9999 -9999 -9999 -9999 -9999 8.29666648122172 6.6599998511374 7.54499983135611 7.97499982174486 8.00499982107431 7.82999982498586 7.83999982476234 7.72999982722104 7.03999984264374 6.77999984845519 6.72499984968454 6.29499985929579 6.3449998581782 6.66499985102564 6.79999984800816 6.61499985214323 6.16499986220151 6.6599998511374 6.58999985270202 6.53999985381961 6.15499986242503 6.01499986555427 6.09499986376613 6.4299998562783 6.49999985471368 6.45499985571951 6.41499985661358 6.62499985191971 6.59499985259026 6.54499985370785 6.64999985136092 6.60999985225499 6.59499985259026 6.64499985147268 7.38166650167356 7.33499983604997 7.0716665086026 6.20999986119568 6.45499985571951 6.54999985359609 6.90399984568357 7.11749984091148 6.57666651966671 6.67499985080212 6.72333318305512 6.72699984963983 6.56999985314906 6.43499985616654 6.32833319188406 6.39799985699356 6.39999985694885 5.80999987013638 5.7033332058539 5.55999987572432
9.97823931124346 9.40499978978187 -9999 -9999 -9999 -9999 -9999 -9999 16.1635480258133 6.50749985454604 7.88999982364476 7.86999982409179 7.86499982420355 6.15499986242503 6.15499986242503 8.07166648625086 7.32749983621761 6.80999984778464 6.8049998478964 6.68999985046685 6.63999985158443 6.67499985080212 7.16499983984977 7.1449998402968 7.09499984141439 7.08999984152615 6.70999985001981 6.93333317836126 6.8533331801494 6.09499986376613 6.38999985717237 6.7199998497963 6.50166652134309 7.0349998427555 7.26749983755872 7.27499983739108 6.54499985370785 6.56999985314906 7.11749984091148 7.27833317064991 7.53833316483845 7.74749982682988 7.72249982738867 7.71249982761219 6.91333317880829 6.93999984487891 6.68599985055625 7.02099984306842 7.04399984255433 7.02999984286726 7.56666649753849 7.21249983878806 7.16249983990565 6.70199985019863 6.50999985449016 6.59099985267967 6.59099985267967 6.45999985560775 5.98499986622483 6.1689998621121 5.87499986868352 5.76833320440104
7.42166650077949 8.31666648077468 7.83166649161528 7.16666650647918 7.37624983512796 -9999 16.1899624452926 7.31499983649701 7.89624982350506 7.95499982219189 8.02499982062727 8.00499982107431 8.02499982062727 7.99499982129782 7.90499982330948 7.79999982565641 8.14249981800094 8.09499981906265 6.61499985214323 6.70749985007569 8.53999980911613 8.52999980933964 8.5249998094514 7.24999983794987 7.49749983241782 7.69249982805923 7.75499982666224 7.98499982152134 8.4399998113513 8.4399998113513 6.43499985616654 6.43499985616654 6.87166651307295 7.15249984012917 7.30999983660877 7.55166649787376 7.38166650167356 7.82166649183879 7.80666649217407 7.42999983392656 7.88499982375652 7.70999982766807 7.49999983236194 7.70749982772395 7.86166649094472 8.06833315299203 8.1249998183921 6.8879998460412 7.26249983767048 7.14749984024093 7.59166649697969 7.43749983375892 7.40833316774418 7.47499983292073 6.8609998466447 6.80799984782934 6.81499984767288 6.65499985124916 6.40833319009592 6.28799985945225 6.22799986079335 6.0666665310661
8.50499980989844 6.89333317925533 8.43499981146306 8.43499981146306 6.77333318193754 6.80749984784052 7.16583317316448 7.05166650904963 7.50833316550901 7.91999982297421 7.93499982263893 7.90499982330948 8.0649998197332 8.04499982018024 8.02999982051551 7.97499982174486 7.93499982263893 8.07499981950969 7.71999982744455 7.63999982923269 7.3749998351559 7.8099998254329 7.83999982476234 7.93499982263893 7.95499982219189 7.70499982777983 7.99499982129782 7.74499982688576 7.91749982303008 7.79999982565641 7.75499982666224 7.76999982632697 7.52249983185902 7.11333317433794 6.78499984834343 7.66166649541507 7.64333316249152 7.7383331603681 7.97666648837427 7.72749982727692 7.92166648960362 8.01166648759196 7.99499982129782 7.95333315556248 7.94499982241541 7.94166648915658 7.67166649519155 7.79499982576817 7.67249982850626 7.79999982565641 7.84166649139176 7.88666649038593 7.89833315679183 7.75999982655048 7.60166649675618 7.84999982453883 7.59333316360911 7.48833316595604 7.53999983146787 7.50499983225018 7.15333317344387 7.05333317567905
8.28099981490523 8.21333314975103 7.84499982465059 8.06833315299203 8.25999981537461 8.19999981671572 8.30333314773937 8.08333315265675 8.01249982090667 8.07999981939793 8.21333314975103 7.98999982140958 7.98999982140958 8.27749981498346 8.41999981179833 7.94499982241541 7.96499982196838 7.75999982655048 7.73999982699752 7.82999982498586 7.87999982386827 7.6649998286739 7.76999982632697 7.749999826774 7.68999982811511 7.90999982319772 8.09749981900677 8.15749981766567 8.56499980855733 8.45999981090426 8.32499981392175 8.13499981816858 7.84249982470647 7.9074998232536 7.84666649128 7.74833316014459 8.03166648714493 8.24999981559813 8.1733331506451 8.03166648714493 8.02499982062727 8.1133331519862 8.09333315243324 7.89166649027417 7.97666648837427 8.01166648759196 7.4466665002207 7.48799983263016 8.09166648580382 7.99999982118607 7.44499983359128 7.44833316685011 7.38499983493239 7.50499983225018 7.81166649206231 7.58499983046204 7.39999983459711 7.43999983370304 7.45499983336776 7.41999983415008 6.62999985180795 6.54833318696668
8.99999979883432 8.72083313840752 8.30999981425703 8.62999980710447 8.56999980844557 8.46999981068075 8.23999981582165 8.50999980978668 8.36999981291592 8.21249981643632 8.07999981939793 8.43833314472189 8.50249980995432 8.44999981112778 8.48749981028959 8.53499980922788 8.57249980838969 8.42499981168658 8.43249981151894 8.33999981358647 7.93749982258305 6.92499984521419 6.88499984610826 7.86749982414767 7.89249982358888 8.15249981777743 7.99999982118607 8.2099998164922 8.1974998167716 8.31166648088644 8.33749981364235 7.51749983197078 7.2774998373352 6.57749985298142 6.66249985108152 7.95333315556248 8.08666648591558 8.21166648312161 8.44166647798071 8.1733331506451 8.2466664823393 8.44833314449837 8.37666647943358 8.23833314919223 8.15333315109213 8.20833314986279 8.01999982073903 8.02333315399786 7.88833315701534 7.88166649049769 7.78999982587993 7.67499982845038 7.35499983560294 7.69999982789159 7.78833315925052 7.33285697895501 7.38071412074247 7.23499983828515 6.49166652156661 6.58333318618437 5.94333320048948 5.92333320093652
9.12499979604036 7.75999982655048 8.57999980822206 8.68999980576336 8.70499980542809 8.34749981341884 8.32999981380999 8.27249981509522 8.24499981570989 8.51749980961904 8.40249981218949 8.16499981749803 8.4399998113513 8.54249980906025 8.81999980285764 8.85499980207533 8.82499980274588 8.86999980174005 8.86499980185181 8.83499980252236 8.26749981520697 8.04249982023612 6.86499984655529 7.02749984292313 8.28666648144523 8.11499981861562 8.00833315433314 8.34999981336296 8.40249981218949 8.39749981230125 8.25749981543049 7.30499983672053 7.4233331674089 7.55499983113259 7.70333316115042 7.51166649876783 7.38166650167356 7.41499983426183 7.40749983442947 7.55499983113259 7.57749983062968 7.68749982817098 7.64999982900918 8.34833314673354 8.18833315030982 8.20166648334513 8.01333315422138 6.05249986471608 5.61749987443909 7.7866664926211 7.72999982722104 7.70666649440924 5.93999986723065 5.90699986796826 7.01333317657312 6.82166651419054 6.70333318350216 5.90785701080625 5.51142844823854 5.81999986991286 6.20666652793686 5.8733332020541
9.22499979380518 9.40499978978187 9.10333312985798 8.97722202156567 9.08833313019325 8.91499980073422 8.84666646892826 8.80666646982233 8.79666647004584 8.48249981040135 8.41249981196597 8.77333313723405 8.73499980475754 8.60499980766326 8.99499979894608 8.96499979961663 8.91999980062246 8.97999979928136 8.95499979984015 8.90999980084598 8.19249981688336 8.21999981626868 8.19499981682748 8.20749981654808 7.894999823533 7.894999823533 7.77833315947403 7.98833315478017 7.50333316562076 8.12749981833622 6.62833318517854 6.62166651866088 7.79249982582405 7.50833316550901 7.59666649686794 7.55499983113259 7.15833317333211 7.29833317020287 7.37333316852649 7.30499983672053 7.43749983375892 8.17166648401568 8.20166648334513 8.15499981772155 7.96999982185662 7.82999982498586 5.68499987293035 5.02166655442367 7.74666649351517 7.24999983794987 7.37666650178532 7.36166650212059 6.63749985164031 6.64699985142797 6.73799984939396 6.39999985694885 6.00599986575544 6.33999985828996 5.55214273304279 5.77785701371197 6.17166652871917 7.21647042693461
9.13749979576096 9.19749979441985 9.28499979246408 9.27499979268759 9.1299997959286 9.25999979302287 9.11166646300505 9.04833313108732 8.98666646579901 8.95499979984015 8.94499980006367 8.95699979979545 8.87599980160594 8.82599980272353 8.8399998024106 8.8399998024106 8.88499980140477 8.9849997991696 9.06499979738146 9.0699997972697 9.02499979827553 8.3799998126924 8.21999981626868 8.21999981626868 8.32833314718058 8.25999981537461 8.09999981895089 7.90833315656831 7.58999983035028 7.42999983392656 7.33249983610585 6.81833318093171 6.73499984946102 7.09999984130263 7.07499984186143 7.17333317299684 6.94666651139657 7.00333317679663 6.59499985259026 6.65333318461975 7.78999982587993 7.88499982375652 7.94499982241541 7.86749982414767 7.8824998238124 7.63666649597387 7.72999982722104 7.43833316707363 7.24333317143222 7.09166650815556 6.97999984398484 6.31899985875934 6.33499985840172 6.13499986287206 6.03799986504018 5.85999986901879 5.85099986921996 15.5969996513799 -9999 -9999 -9999 -9999
9.27749979263172 9.50999978743494 9.41499978955835 9.30999979190528 9.3849997902289 9.31666645842294 9.19333312784632 9.14499979559332 9.12833312929918 7.35333316897353 7.27833317064991 9.08999979682267 8.96199979968369 8.90666646758715 8.77833313712229 8.61999980732799 8.4883331436043 8.47333314393958 8.39666647898654 8.11833315187444 8.26499981526285 8.50833314315726 8.51999980956316 8.50166647663961 7.71499982755631 7.71499982755631 7.67999982833862 7.23499983828515 7.22833317176749 6.42666652301947 7.26999983750284 6.93999984487891 6.59166651933144 6.59499985259026 6.8533331801494 7.07249984191731 7.34749983577058 7.34249983588234 7.5074998321943 7.52499983180314 7.70249982783571 7.6524998289533 7.90499982330948 7.59499983023852 7.5799998305738 6.98249984392896 7.07499984186143 6.41666652324299 6.82499984744936 6.26599985994399 6.27599985972047 6.10999986343086 5.79399987049401 5.99799986593425 6.8255554029925 13.8547996903211 -9999 -9999 -9999 -9999 -9999 -9999
9.54499978665262 9.50999978743494 9.50999978743494 9.48499978799373 9.54666645328204 9.3366664579759 9.2033331276228 9.19833312773456 9.38749979017302 9.35249979095533 8.90666646758715 8.81666646959881 8.7666664707164 8.6099998075515 8.38499981258065 8.39333314572771 8.25799981541932 8.3316664804394 8.71999980509281 8.63299980703741 8.64749980671331 8.4399998113513 8.44166647798071 8.33333314706882 7.93999982252717 7.8412498247344 7.76874982635491 7.67624982842244 8.67499980609864 10.6929997609928 15.5719807840146 15.7061761195278 15.7061761195278 -9999 -9999 16.0162117632219 7.39166650145004 7.26249983767048 7.24749983800575 7.06749984202906 6.38999985717237 6.38999985717237 6.6233331852903 5.88499986846 7.20166650569687 6.60749985231087 6.53999985381961 6.54833318696668 6.5149998543784 5.6674998733215 5.79166653721283 6.23999986052513 5.51249987678602 -9999 -9999 -9999 -9999 -9999 -9999 -9999 -9999 -9999
9.54499978665262 9.69499978329986 9.58749978570268 9.46249978849664 9.40999978967011 9.37499979045242 9.35249979095533 9.35499979089946 9.0816664636756 9.02666646490494 8.46499981079251 8.47499981056899 9.3849997902289 6.48499985504895 8.93499980028719 8.73833313801636 8.7666664707164 8.78333313701054 9.14749979553744 8.94333313343426 8.46749981073663 8.37833314606299 8.40833314539244 8.38999981246889 8.21666648300985 7.89999982342124 7.76999982632697 7.94249982247129 8.57928552252373 13.3549997014925 -9999 -9999 -9999 -9999 16.3799996338785 6.51454530893402 6.75681803079153 5.83999986946583 5.75999987125397 5.91749986773357 5.97249986650422 7.21999983862042 5.95499986689538 6.03166653184841 5.49166654391835 6.14333319601913 6.58499985281378 6.34999985806644 5.90666653464238 5.90833320127179 6.43999985605478 6.06423063368465 10.3828569107822 -9999 -9999 -9999 -9999 -9999 -9999 -9999 -9999 -9999
9.77749978145584 9.5174997872673 9.44999978877604 9.46499978844076 9.3599997907877 9.29749979218468 9.14749979553744 9.05999979749322 8.9849997991696 9.13833312907567 8.98666646579901 9.04699979778379 9.23642836497831 8.46374981082045 8.39428552665881 6.49249985488132 6.85749984672293 8.41333314528068 8.10722204101168 9.38999979011714 9.31384594566547 8.24749981565401 7.77166649295638 8.13999981805682 7.72999982722104 7.72999982722104 7.72499982733279 7.81499982532114 7.91249982314184 16.5511107411649 -9999 -9999 -9999 -9999 -9999 16.4470964065723 6.6716665175433 6.0549998646602 5.98749986616895 5.64999987371266 6.19166652827213 6.31499985884875 5.26999988220632 5.63833320730676 5.59999987483025 4.04749990953133 4.21249990584329 6.30666652570168 6.17749986192212 6.08249986404553 5.7033332058539 5.86199986897409 6.66928556521556 14.3879996784031 13.918599688895 -9999 -9999 -9999 -9999 -9999 -9999 -9999
9.61749978503212 9.89899977874011 9.44249978894368 9.3599997907877 9.28499979246408 9.18499979469925 9.64699978437275 9.52899978701025 9.45599978864193 9.18833312795808 8.99499979894608 8.77499980386347 8.48666647697488 8.79333313678702 8.71333313857516 8.25999981537461 8.27333314840992 9.44999978877604 8.7839998036623 8.82099980283528 8.76899980399758 8.69999980553985 8.41666647853951 8.45899981092662 8.15833315098037 8.15166648446272 6.3449998581782 6.60499985236675 7.53624983155169 8.01999982073903 19.4871424215713 24.7149994475767 -9999 -9999 -9999 -9999 14.440555232784 5.97499986644834 5.95499986689538 8.80730749544903 6.50333318797251 5.71199987232685 6.58833318607261 4.94833322272946 5.07499988656491 5.81833320328345 6.00999986566603 6.04499986488372 6.35499985795468 6.24999986030161 5.90666653464238 5.88666653508941 6.67642842219876 9.86999977938831 -9999 -9999 -9999 -9999 -9999 -9999 -9999 -9999
9.904999778606 9.9009997786954 9.9339997779578 9.92899977806956 9.90899977851659 9.8489997798577 9.73199978247285 9.38624979020096 9.21624979400076 8.93499980028719 8.76833313734581 8.81333313633998 8.73999980464578 8.8114283744778 8.66666647295157 8.72666647161047 7.97833315500369 8.63699980694801 8.74499980453402 8.83799980245531 8.80899980310351 8.68999980576336 7.45999983325601 7.44833316685011 7.05749984225258 6.14249986270443 6.17249986203387 6.28999985940754 6.20333319467803 7.19999983906746 8.9912497990299 -9999 -9999 -9999 -9999 -9999 -9999 -9999 -9999 -9999 -9999 -9999 -9999 -9999 -9999 -9999 5.74166653833042 5.78899987060577 6.28333319288989 5.40666654581825 8.41199981197715 -9999 -9999 -9999 -9999 -9999 -9999 -9999 -9999 -9999 -9999 -9999
9.90374977863394 10.2691664371329 10.2516664375241 9.99999977648258 9.97199977710843 9.53749978682026 9.46999978832901 9.32374979159795 9.13124979590066 8.88999980129302 9.15583312868451 8.56624980852939 8.58874980802648 8.89333313455184 7.88833315701534 7.94833315567424 8.9366664669166 8.79199980348349 8.69999980553985 8.25499981548637 8.36499981302768 8.23499981593341 7.82299982514232 7.65699982885271 15.5286663195739 9.3764514033232 6.83749984716997 5.71249987231568 5.71249987231568 6.9874998438172 6.78749984828755 5.33071416656354 19.0460695831773 -9999 -9999 -9999 -9999 -9999 -9999 -9999 -9999 -9999 -9999 -9999 -9999 -9999 -9999 -9999 -9999 -9999 -9999 -9999 -9999 -9999 -9999 -9999 -9999 -9999 -9999 -9999 -9999 -9999
9.9783331103002 9.97166644378255 9.68499978352338 9.75749978190288 9.49999978765845 9.32999979145825 9.25999979302287 9.34874979103915 9.11374979629181 8.86249980190769 8.8883331346636 8.76416647077228 8.47333314393958 8.49333314349254 8.83583313583707 8.60166647440443 8.32999981380999 8.32999981380999 8.70249980548397 8.33499981369823 8.33499981369823 7.94624982238747 7.72199982739985 7.80499982554466 7.73857125560088 7.08249984169379 6.29499985929579 6.26833319322516 6.33166652514289 6.37749985745177 6.87249984638765 4.96749988896772 -9999 -9999 -9999 -9999 -9999 -9999 -9999 -9999 -9999 -9999 -9999 -9999 -9999 -9999 -9999 -9999 -9999 -9999 -9999 -9999 -9999 -9999 -9999 -9999 -9999 -9999 -9999 -9999 -9999 -9999
9.93499977793545 9.78749978123233 9.62999978475273 9.58499978575855 9.57499978598207 9.52499978709966 9.614999785088 9.3062497919891 9.16249979520217 8.62999980710447 8.77583313717817 8.20333314997455 8.2583331487452 8.43166647820423 7.73833316036811 7.73666649373869 8.14666648457448 8.26666648189227 8.39249981241301 8.39124981244095 8.31499981414527 8.2224998162128 8.22099981624633 7.69749982794747 6.92499984521419 6.67833318406095 7.03249984281138 5.31124988128431 5.62333320764204 5.2916665483887 5.29249988170341 5.50124987703748 23.032343235187 -9999 -9999 -9999 -9999 -9999 -9999 -9999 -9999 -9999 -9999 -9999 -9999 -9999 -9999 -9999 -9999 -9999 -9999 -9999 -9999 -9999 -9999 -9999 -9999 -9999 -9999 -9999 -9999 -9999
9.73999978229403 9.68999978341162 9.63499978464097 9.60374978533946 9.43999978899956 9.32249979162589 9.32874979148619 9.17124979500659 8.51499980967492 8.48374981037341 8.38374981260858 7.88833315701534 7.90499982330948 8.04499982018024 8.10833315209796 8.59833314114561 8.53416647591318 8.43083314488952 8.29999981448054 8.14749981788918 7.81666649195055 7.64666649575035 7.54874983127229 7.18249983945861 7.03874984267168 7.31916650307054 7.26333317098518 6.01666653218369 5.91333320116003 5.62833320753028 5.74333320495983 5.68666653955976 8.69029392340385 -9999 -9999 -9999 -9999 -9999 -9999 -9999 -9999 -9999 -9999 -9999 -9999 -9999 -9999 -9999 -9999 -9999 -9999 -9999 -9999 -9999 -9999 -9999 -9999 -9999 -9999 -9999 -9999 -9999
