EcologicalScience/Bass/data/rs_data_bass/sst_285.asc
NCOLS 226 
NROWS 124 
XLLCORNER -9.41648524995501 
YLLCORNER 47.587301625531 
CELLSIZE 0.0833 
NODATA_value -9999 
[rows 0 to 26 of 124, columns 62 to 123 of 226]
-9999 -9999 -9999 -9999 -9999 -9999 -9999 -9999 -9999 -9999 -9999 -9999 -9999 -9999 -9999 -9999 -9999 -9999 -9999 -9999 -9999 -9999 -9999 -9999 -9999 -9999 -9999 -9999 -9999 -9999 -9999 -9999 -9999 -9999 -9999 -9999 -9999 -9999 -9999 -9999 -9999 -9999 -9999 -9999 -9999 -9999 -9999 -9999 -9999 -9999 -9999 -9999 -9999 -9999 -9999 -9999 -9999 -9999 -9999 -9999 -9999 -9999
-9999 -9999 -9999 -9999 -9999 -9999 -9999 -9999 -9999 -9999 -9999 -9999 -9999 -9999 -9999 -9999 -9999 -9999 -9999 -9999 -9999 -9999 -9999 -9999 -9999 -9999 -9999 -9999 -9999 -9999 -9999 -9999 -9999 -9999 -9999 -9999 -9999 -9999 -9999 -9999 -9999 -9999 -9999 -9999 -9999 -9999 -9999 -9999 -9999 -9999 -9999 -9999 -9999 -9999 -9999 -9999 -9999 -9999 -9999 -9999 -9999 -9999
-9999 -9999 -9999 -9999 -9999 -9999 -9999 -9999 -9999 -9999 -9999 -9999 -9999 -9999 -9999 -9999 -9999 -9999 -9999 -9999 -9999 -9999 -9999 -9999 -9999 -9999 -9999 -9999 -9999 -9999 -9999 -9999 -9999 -9999 -9999 -9999 -9999 -9999 -9999 -9999 -9999 -9999 -9999 -9999 -9999 -9999 -9999 -9999 -9999 -9999 -9999 -9999 -9999 -9999 -9999 -9999 -9999 -9999 -9999 -9999 -9999 -9999
-9999 -9999 -9999 -9999 -9999 -9999 -9999 -9999 -9999 -9999 -9999 -9999 -9999 -9999 -9999 -9999 -9999 -9999 -9999 -9999 -9999 -9999 -9999 -9999 -9999 -9999 -9999 -9999 -9999 -9999 -9999 -9999 -9999 -9999 -9999 -9999 -9999 -9999 -9999 -9999 -9999 -9999 -9999 -9999 -9999 -9999 -9999 -9999 -9999 -9999 -9999 -9999 -9999 -9999 -9999 -9999 -9999 -9999 -9999 -9999 -9999 -9999
-9999 -9999 -9999 -9999 -9999 -9999 -9999 -9999 -9999 -9999 -9999 -9999 -9999 -9999 -9999 -9999 -9999 -9999 -9999 -9999 -9999 -9999 -9999 -9999 -9999 -9999 -9999 -9999 -9999 -9999 -9999 -9999 -9999 -9999 -9999 -9999 -9999 -9999 -9999 -9999 -9999 -9999 -9999 -9999 -9999 -9999 -9999 -9999 -9999 -9999 -9999 -9999 -9999 -9999 -9999 -9999 -9999 -9999 -9999 -9999 -9999 -9999
-9999 -9999 -9999 -9999 -9999 -9999 -9999 -9999 -9999 -9999 -9999 -9999 -9999 -9999 -9999 -9999 -9999 -9999 -9999 -9999 -9999 -9999 -9999 -9999 -9999 -9999 -9999 -9999 10.9649997549132 11.3691036090996 5.58829512726516 6.18308053072542 6.18810082552955 6.15511031681672 6.13574632257223 6.13000884279609 6.17734305094928 6.18594927061349 6.26627398747951 6.23328347876668 6.34086122456938 6.23686940362677 6.22252570418641 6.30428479099646 6.01525924727321 5.6365855820477 5.46159244887531 5.3776818071492 5.32891322905198 5.49027984775603 5.5849482640624 5.7599413972348 5.83022552449256 5.9829859235324 5.97294533392414 5.95358133967966 5.62511062249541 6.01741080218926 6.02816857676953 6.00019836286083 5.88114565750584 5.89692372689024
-9999 -9999 -9999 -9999 -9999 -9999 -9999 -9999 -9999 -9999 -9999 -9999 -9999 -9999 -9999 -9999 -9999 -9999 -9999 -9999 -9999 -9999 -9999 -9999 -9999 -9999 -9999 12.5874771322124 5.87619056133553 3.18166142283008 5.37576931389049 5.3509069015272 6.14148380234838 6.1027558138594 6.16084779659286 6.22109133424237 6.28778953664005 6.23041473887861 6.25479902792722 6.33870966965333 6.43983275070786 6.32651752512902 6.3336893748492 6.39034698763862 6.33512374479324 5.62295906757936 5.65523239132017 6.71666614990681 5.46353909379936 5.38318022526801 5.24930569715798 5.35258033312857 6.16515090642497 6.26483961753547 5.83668018924072 5.76137576717883 5.81086153024808 5.91915646102279 5.91413616621867 6.01741080218926 5.86034729331732 5.17304502846673
-9999 -9999 -9999 -9999 -9999 -9999 -9999 -9999 -9999 -9999 -9999 -9999 -9999 -9999 -9999 -9999 -9999 -9999 -9999 -9999 -9999 -9999 -9999 -9999 -9999 -9999 8.70139280785448 5.20484022889286 5.15822320571169 5.82018493488431 5.18189030978829 5.14316232129931 5.97724844375625 6.02888576174155 6.17232275614515 6.27488020714372 6.39321572752669 6.3057191609405 6.35090181417763 6.44485304551199 6.4491561553441 6.44198430562392 6.47425762936473 6.43194371601567 6.42764060618356 6.44987334031612 6.32938626501709 5.57132174959406 5.67961668036878 5.60789818316698 5.26723532145843 5.37481306726113 5.5849482640624 5.65738394623622 6.00450147269294 5.67101046070457 5.66383861098439 5.79651783080772 5.83883174415678 5.6803338653408 5.88401439739391 5.38939582835883
-9999 -9999 -9999 -9999 -9999 -9999 -9999 -9999 -9999 -9999 -9999 -9999 -9999 -9999 -9999 -9999 -9999 -9999 -9999 -9999 -9999 -9999 -9999 -9999 -9999 11.3534756296314 5.32358556925984 5.83883174415678 5.40780357597396 5.55267494032159 5.42501601530239 5.6007263334468 5.52829065127298 5.87899410258979 6.12929165782407 6.17303994111717 6.2777489470318 6.29998168116435 6.36094240378588 6.34588151937351 6.3975188373588 6.32078004535288 6.52589494735003 6.51872309762985 6.48573258891702 6.45489363512024 6.36596269859001 6.31504256557673 6.50007628835738 6.35018462920561 6.20913825137541 5.16682942537591 6.53234961209819 5.5849482640624 5.43505660491064 5.43218786502257 5.55841242009774 5.6724448306486 5.67889949539676 5.66885890578851 5.75420391745865 5.71834466885775
-9999 -9999 -9999 -9999 -9999 -9999 -9999 -9999 -9999 -9999 -9999 -9999 -9999 -9999 -9999 -9999 -9999 -9999 -9999 -9999 -9999 -9999 -9999 -9999 -9999 6.70256151212379 5.15033417101949 5.52470472641289 5.1826074947603 5.70328378444538 5.57849359931424 5.26436658157036 5.94856104487553 6.26627398747951 6.37672047317028 6.29280983144417 6.39967039227486 6.40755942696705 6.34229559451342 6.45991392992437 6.52374339243397 6.50796532304958 6.49075288372114 6.49720754846931 6.41831720154732 6.42190312640741 6.29926449619234 6.2619708776474 6.74750510370359 5.72336496366188 6.25981932273135 5.13527328660712 6.67793816141784 5.26723532145843 5.39561143144965 5.27225561626256 5.36907558748499 5.55267494032159 5.69396037980914 5.69109163992107 5.81731619499624 5.8754081777297
-9999 -9999 -9999 -9999 -9999 -9999 -9999 -9999 -9999 -9999 -9999 -9999 -9999 -9999 -9999 -9999 -9999 -9999 -9999 -9999 -9999 -9999 -9999 -9999 7.14123965334147 5.74631488276646 4.82473219372332 4.97964414767921 5.23281044280156 5.56056397501379 5.50175480730832 5.83739737421274 6.02888576174155 6.25623339787126 6.49935910338536 6.47138888947666 6.43552964087576 6.42907497612759 6.43911556573585 6.54597612656653 6.58183537516743 6.5409558317624 6.46349985478446 6.42620623623952 6.41257972177118 6.38030639803037 6.35879084886983 2.6050447053276 5.75492110243067 5.74685277149547 6.04968412593007 5.83624987825751 5.40493483608589 5.7599413972348 5.70471815438941 5.83309426438063 6.07382935332134 5.79508346086368 5.79006316605955 5.07216100906953 5.13885921146721 6.05111849587411
-9999 -9999 -9999 -9999 -9999 -9999 -9999 -9999 -9999 -9999 -9999 -9999 -9999 -9999 -9999 -9999 -9999 -9999 -9999 -9999 -9999 -9999 -9999 -9999 5.99678118740592 5.27239905325696 4.72002318780869 6.03032013168558 5.72264777868986 5.13097017677501 5.72551651857793 6.16013061162084 6.29854731122032 6.42477186629549 6.48358103400096 6.35807366389781 6.40038757724687 6.41903438651934 6.51441998779774 6.51226843288168 6.52732931729406 6.51226843288168 6.46421703975648 6.42190312640741 6.42979216109961 6.43266090098768 6.22109133424237 6.28430606677596 5.86178166326135 5.92202520091087 5.80082094063982 5.6803338653408 5.81229590019211 6.05111849587411 5.60413296206389 6.3494674442336 5.79723501577973 6.53148899013177 5.32532730419189 5.21201207861304 4.83477278333157 6.03390605654567
-9999 -9999 -9999 -9999 -9999 -9999 -9999 -9999 -9999 -9999 -9999 -9999 -9999 -9999 -9999 -9999 -9999 -9999 -9999 -9999 -9999 -9999 -9999 13.4149997001514 5.86488946480677 5.9459313666448 6.10490736877546 6.00880458252504 5.94497512001544 5.56773582473397 6.40755942696705 6.38891261769459 6.3616595887579 6.49003569874913 5.86393321817741 6.46565140970051 6.45274208020419 6.5409558317624 6.47354044439271 6.52804650226608 6.5007934733294 6.43122653104365 6.40612505702302 6.39034698763862 6.42907497612759 6.39249854255468 6.08626055950299 6.01525924727321 5.82018493488431 5.87038788292557 5.88473158236593 5.81731619499624 5.96505629923195 5.84241766901687 5.90266120666638 6.01210363339633 5.50677510211244 5.45657215407118 4.99470503209159 5.01980650611222 5.83022552449256 4.52996917022392
-9999 -9999 -9999 -9999 -9999 -9999 -9999 -9999 -9999 -9999 -9999 -9999 -9999 -9999 -9999 -9999 -9999 -9999 -9999 -9999 -9999 8.64622729904083 5.57606620402434 5.37466963026673 6.12498854799196 6.18523208564147 6.32006286038086 6.28707235166803 6.2978301262483 6.11351358843967 6.2103335596621 6.23113192385063 6.24332406837493 6.42477186629549 5.76836832065601 4.24065675251186 5.55769523512572 5.37194432737306 6.45489363512024 6.44987334031612 6.38604387780651 5.72838525846601 6.28492079675198 6.06761375023052 6.29998168116435 6.2698599123396 6.03964353632182 5.27971433997154 5.66885890578851 5.44093752168119 8.34395885141566 5.61220129299909 5.74272895790637 5.71189000410959 5.69109163992107 5.91987364599481 5.33967100363225 4.62750632641837 4.94306771410629 4.94019897421822 5.73986021801829 5.5806451542303
-9999 -9999 -9999 -9999 -9999 -9999 -9999 -9999 -9999 -9999 -9999 -9999 -9999 -9999 -9999 -9999 -9999 -9999 -9999 -9999 9.1962581364178 6.62271491857246 5.59097261782736 5.66398204797879 6.19670704519376 6.25049591809511 6.27344583719969 6.25264747301117 6.31217382568866 5.97997374664992 5.85489668752998 5.85618762047961 5.40469577442855 6.10299487551674 6.05016224924475 6.14033630639315 6.42262031137943 6.41975157149136 6.36524551361799 6.38030639803037 4.91509750019759 5.95836257282645 5.99541712971404 5.9951780680567 5.95573289459571 5.99876399291679 6.60437547428799 7.09687664007236 6.95231264071273 4.95210424475372 6.74774416536093 6.73985513066873 6.75419883010909 5.82735678460449 6.05016224924475 6.58446505339816 4.99398784711957 5.0750297489576 4.98968473728746 5.50763572407886 4.38007751107216 5.65408489536494
-9999 -9999 -9999 -9999 -9999 -9999 -9999 -9999 -9999 -9999 -9999 -9999 -9999 -9999 -9999 -9999 -9999 -9999 -9999 -9999 10.3282381682353 5.85974963917397 5.14603106118739 5.94784385990351 6.22180851921439 6.24690999323502 6.25766776781529 6.29998168116435 6.25766776781529 6.32006286038086 6.28492079675198 6.09128085430712 6.04633726272732 5.5368968709372 5.51222570789978 5.66383861098439 5.98513747844845 6.16730246134102 6.2899410915561 6.27488020714372 6.09486677916721 5.30954923480749 5.87684254767373 5.68224635859951 5.80560217378661 5.0988402900286 6.51872309762985 6.67506942152977 6.69610684737563 6.56486199749634 7.11111788451672 5.57839114431824 5.27440717117861 7.10128220490047 7.2300681348757 5.38772239675745 5.14746543113142 5.09511092817411 4.92513808980584 4.29975279420614 5.59857477853075 5.8887956305407
-9999 -9999 -9999 -9999 -9999 -9999 -9999 -9999 -9999 -9999 -9999 -9999 -9999 -9999 -9999 -9999 -9999 -9999 12.9865565826185 4.97306995210238 5.06403291271999 5.67961668036878 5.9872890333645 5.83338113836944 6.2899410915561 6.2899410915561 6.32293160026893 6.32508315518498 6.20029297005385 6.12498854799196 6.13216039771214 6.13000884279609 5.45979948644526 5.42668944690377 5.68200729694217 5.85867386171594 6.15511031681672 3.97737814928405 5.58996855886653 5.80978575279005 5.25163654831704 4.68577760539483 4.58698537549935 4.6963560837321 4.53140354016796 8.02983183367178 6.57968382025138 5.79866938572377 5.98952027549967 6.04601851385087 6.63084301492199 7.19677026117487 7.11992901417294 7.13703899850537 7.10220429986449 7.18949595645868 6.26519821002148 7.13345307364528 5.25468458444811 5.93971576355398 2.57635730644688 6.03820916637778
-9999 -9999 -9999 -9999 -9999 -9999 -9999 -9999 -9999 -9999 -9999 -9999 -9999 -9999 -9999 -9999 8.52773750049528 9.88870587614515 5.52829065127298 5.81086153024808 5.89118624711409 6.03534042648971 6.06402782537043 6.09343240922317 5.91083711534739 5.95788444951177 5.72246848244686 6.15511031681672 5.82610171090346 5.86626406933647 5.61148410802707 6.00521865766495 5.35939359036274 5.27297280123457 6.03548386348411 6.16400341046974 5.92876673964784 5.65379802137613 5.60000914847478 5.54586168308742 5.58172093168832 4.73167744360399 4.72241380438209 5.81229590019211 5.55984679004177 5.32532730419189 5.77530964663518 5.29090242553502 5.78073976142332 5.52195551735349 5.65200505894609 5.90911587141454 5.91772209107876 6.03247168660164 4.84319970675278 2.22995696496218 2.09225745033473 5.45262763672508 5.57526626694016 4.21512496750802 3.3301187120378 3.45275734225288
-9999 -9999 -9999 -9999 -9999 -9999 -9999 -9999 -9999 -9999 8.35171089571995 9.11187686471511 8.870243546487 -9999 -9999 -9999 8.20000304235145 8.68542165020839 5.31074454309419 7.98016677435953 5.79006316605955 5.95214696973562 6.06474501034245 6.2261116290465 5.83926205513999 5.80153812561184 5.84295555774588 5.51466413680464 5.82699819211848 5.95035400730558 5.91754279483575 5.96380122553091 5.91897716477979 5.89477217197418 6.09988707397133 5.95555359835271 5.94228567637037 4.79712057230063 5.12523269699886 6.47808261588216 6.42309843469411 5.83797112219036 5.28785438940395 5.94153263214976 5.91341898124665 8.05025051169864 6.72575049288571 5.41766486933921 6.00414288020693 6.09307381673716 5.7043595619034 5.5010376223363 5.56271552992985 5.10013122297823 5.91592912864871 3.52232428453863 4.2301858519204 4.26819665543735 3.70018615759909 5.45107373595238 5.49063844024204 2.83812982123345
-9999 -9999 -9999 -9999 -9999 -9999 -9999 -9999 -9999 -9999 -9999 -9999 -9999 -9999 -9999 -9999 -9999 -9999 11.5481067767093 6.94924501759712 6.87831964259967 6.03032013168558 6.0389263513498 6.10992766357958 5.53582109347917 5.91323968500365 5.90068894799333 5.95896022696979 5.97240744519513 6.00414288020693 6.05542160570621 5.55482649523765 5.4852595529519 5.92991423560306 6.02798928052653 6.00647373136599 5.88473158236593 5.80010375566781 5.65810113120824 5.57419048948213 5.86967069795355 4.13684935056205 8.12493056096137 6.46039205323905 6.007011620095 5.767830431927 5.57813500682823 6.51202937122434 6.29316842393018 6.8595396418324 6.79156075198469 6.0708410826046 5.65379802137613 5.71834466885775 4.72002318780869 5.69342249108013 5.42645038524643 4.15775016974658 5.65929643949494 3.60695211123675 5.64178517309483 5.60269859211985
-9999 -9999 -9999 -9999 -9999 -9999 -9999 -9999 -9999 -9999 -9999 -9999 -9999 -9999 12.8545828952454 5.25271949762478 11.4470331453448 11.0342680645529 5.21577729971614 5.21063747408334 5.19121371442452 5.90696431649849 5.84313485398889 5.98585466342047 6.02888576174155 6.20531326485798 5.90642642776947 6.29496138636023 6.34516433440149 6.39967039227486 5.46230963384733 5.2701040613465 5.86249884823337 5.88473158236593 5.80225531058386 6.03390605654567 5.98585466342047 6.01041824871209 5.72981962841004 5.94389934255742 5.7638859145809 5.62026962393429 6.39665821539238 5.79400768340565 6.71499271830544 5.96254615182988 5.87576677021571 5.72444074111991 6.16730246134102 6.16048920410685 6.19096956541762 5.65092928148806 5.74889674866572 5.80569779844955 6.14901424455456 6.77561875460669 5.39460737248883 5.72293465267867 5.79522689785808 2.9198889080435 5.8278946733335 5.25384786864743
-9999 -9999 -9999 -9999 -9999 -9999 -9999 -9999 -9999 -9999 -9999 -9999 8.32897666625881 4.99731297744438 4.99972532689571 4.60240485239774 5.21961423931643 5.09009063336998 5.06642352929339 5.26149784168229 5.02482680091634 5.59839548228774 5.83022552449256 6.0547044207342 4.61029388708994 6.33512374479324 6.17375712608919 5.53474531602114 5.86214025574736 5.82628100714646 5.92579042201396 5.89997176302131 5.44330423208885 5.82520522968844 5.97294533392414 5.52470472641289 5.96756644663401 5.93834115902428 5.93995482521132 5.89692372689024 6.2222388301976 6.15252845091745 5.77177494927309 3.76473280508071 5.70453885814641 5.57992796925828 4.41521957470104 6.59689625957981 6.58016194356605 6.5275683789514 6.02996153919958 6.16909542377107 5.35598696174566 6.15762046421878 6.12606432544999 6.23912341353883 6.44081888004439 5.76897792788222 5.81032364151906 5.79938657069579 5.78629794495646 5.71583452145569
-9999 -9999 -9999 -9999 -9999 -9999 -9999 -9999 -9999 -9999 9.98282896747281 4.78252073537026 4.16697111938681 3.67006438877434 3.76473280508071 4.78923153760843 5.3485162849538 5.25178826052266 3.82330291112885 5.23998229252174 5.29106179997325 5.88127605477348 4.80454855951081 5.70507674687542 5.67154834943358 4.68272956926376 5.8036896805279 5.73986021801829 5.71440015151165 5.89459287573118 5.79866938572377 5.74523910530843 5.74972151138354 5.69898067461327 5.82090211985633 5.90050965175033 5.90301979915239 5.85801644215826 5.85138248116709 6.11437421040609 6.02429577792063 5.99618212701753 5.89735403787345 5.78131350940093 5.71493804024067 4.51777702569962 4.44032104872167 5.82341226725839 6.03283027908765 6.20495467237197 4.07814263785258 4.5651112338528 5.50659580586944 3.48503066599369 6.16156498156488 5.72748877725098 6.26494207253147 5.60825677565299 6.09163944679312 6.65355387236923 6.61578213050961 6.98463253490627
-9999 -9999 -9999 -9999 -9999 -9999 -9999 -9999 -9999 -9999 9.94499977771193 9.68771403333496 10.968251903762 5.79436627589166 5.09574842592701 11.94207585603 14.7299996707588 -9999 -9999 9.22999979369342 7.24887801722918 9.86288771113825 6.27301552621648 5.85006764205173 5.81045171026406 5.55644016142469 5.72479933360592 5.65881831618026 5.68535416014493 5.75312814000063 5.71834466885775 5.7479285489535 5.72695088852197 5.63443402713165 5.58978926262353 5.74774925271049 5.75061799259856 6.29166233548895 5.88903469219804 5.83148059819359 5.92360300784931 5.78231756836176 5.79078035103157 5.2701040613465 5.37481306726113 4.97892696270719 5.0549485697411 6.086619151989 3.76473280508071 3.7324594813399 3.86513870116323 5.90911587141454 5.96577348420396 6.13574632257223 5.41425824072212 5.88688313728198 6.09916988899931 5.82484663720243 6.37935015140101 5.42178868292831 5.17471846006811 5.43891837014458
-9999 -9999 -9999 -9999 -9999 -9999 -9999 -9999 -9999 -9999 -9999 -9999 -9999 -9999 -9999 -9999 -9999 -9999 -9999 -9999 -9999 -9999 -9999 -9999 -9999 7.82646312117172 5.41330199409276 5.50366730056703 5.65571051463485 5.65953550115228 5.58512756030541 5.64429532049689 5.60904567912221 5.67187108267099 5.74093599547632 5.69730724301189 5.81767478748225 5.80512405047193 5.68660923384596 5.64967420778703 3.68297371827066 5.51484343304764 5.71726889139973 5.71547592896968 5.20484022889286 5.66079057485331 2.02484206296504 5.50448011020198 5.35989561984316 5.80870997533202 2.34972685528919 6.12176121561788 2.66026794817299 5.46876429859549 5.4174855730962 6.08303322712891 6.06868952768855 6.08195744967088 6.60956652741879 6.55745108611882 6.5886486324016 6.72885829443112
-9999 -9999 -9999 -9999 -9999 -9999 -9999 -9999 -9999 -9999 -9999 -9999 -9999 -9999 -9999 -9999 -9999 -9999 -9999 -9999 -9999 -9999 -9999 -9999 -9999 10.6396679468453 7.59483805446721 4.93517867941409 5.95549383293837 5.31313515966758 5.85939104668796 5.39812157885171 5.45126498527825 5.18777122655883 5.5447859056294 5.56701863976195 5.53617968596518 5.49027984775603 5.63550980458967 5.6643764997134 5.60090562968981 5.56683934351895 5.48956266278401 5.57526626694016 5.57401119323913 5.61022903432604 5.26006347173825 5.68535416014493 2.78878749515861 5.59929196350276 5.34791863081045 5.72515792609192 5.65702535375021 5.52542191138491 4.58662678301334 6.20854059723206 6.37313454831019 6.34372996445745 6.67298958511092 6.67549973251298 6.66137118856423 6.64530624519102
-9999 -9999 -9999 -9999 -9999 -9999 -9999 -9999 -9999 -9999 -9999 -9999 -9999 -9999 -9999 -9999 -9999 -9999 -9999 -9999 -9999 -9999 -9999 -9999 -9999 -9999 9.29512542055454 6.78121279738843 6.67334817759693 5.75635547237471 5.62502097437391 5.49243140267208 3.90601824456826 5.06857508420944 5.53833124088123 5.52972502121702 5.47808770323172 5.41999572049826 5.30811486486346 5.31456952961162 5.63457746412605 5.07736060011666 5.55895030882675 5.2303002953995 5.41121020459104 5.74177271127701 5.23675496014766 4.9631488933228 6.06177381545837 5.35222174064256 6.20717794578522 5.2303002953995 5.4852595529519 6.08052307972685 6.10885188612156 5.59893337101676 6.35520492400974 5.80637912417296 5.8836558049079 5.16198842681479 6.4173131425865 6.26376384007744
