EcologicalScience/Bass/data/rs_data_bass/sst_494.asc
NCOLS 226 
NROWS 124 
XLLCORNER -9.41648524995501 
YLLCORNER 47.587301625531 
CELLSIZE 0.0833 
NODATA_value -9999 
[rows 0 to 26 of 124, columns 0 to 61 of 226]
-9999.000000000000000 -9999 -9999 -9999 -9999 -9999 -9999 -9999 -9999 -9999 -9999 -9999 -9999 -9999 -9999 -9999 -9999 -9999 -9999 -9999 -9999 -9999 -9999 -9999 -9999 -9999 -9999 -9999 -9999 -9999 -9999 -9999 -9999 -9999 -9999 -9999 -9999 -9999 -9999 -9999 -9999 -9999 -9999 -9999 -9999 -9999 -9999 -9999 -9999 -9999 -9999 -9999 -9999 -9999 -9999 -9999 -9999 -9999 -9999 -9999 -9999 -9999
-9999 -9999 -9999 -9999 -9999 -9999 -9999 -9999 -9999 -9999 -9999 -9999 -9999 -9999 -9999 -9999 -9999 -9999 -9999 -9999 -9999 -9999 -9999 -9999 -9999 -9999 -9999 -9999 -9999 -9999 -9999 -9999 -9999 -9999 -9999 -9999 -9999 -9999 -9999 -9999 -9999 -9999 -9999 -9999 -9999 -9999 -9999 -9999 -9999 -9999 -9999 -9999 -9999 -9999 -9999 -9999 -9999 -9999 -9999 -9999 -9999 -9999
-9999 -9999 -9999 -9999 -9999 -9999 -9999 -9999 -9999 -9999 -9999 -9999 -9999 -9999 -9999 -9999 -9999 -9999 -9999 -9999 -9999 -9999 -9999 -9999 -9999 -9999 -9999 -9999 -9999 -9999 -9999 -9999 -9999 -9999 -9999 -9999 -9999 -9999 -9999 -9999 -9999 -9999 -9999 -9999 -9999 -9999 -9999 -9999 -9999 -9999 -9999 -9999 -9999 -9999 -9999 -9999 -9999 -9999 -9999 -9999 -9999 -9999
-9999 -9999 -9999 -9999 -9999 -9999 -9999 -9999 -9999 -9999 -9999 -9999 -9999 -9999 -9999 -9999 -9999 -9999 -9999 -9999 -9999 -9999 -9999 -9999 -9999 -9999 -9999 -9999 -9999 -9999 -9999 -9999 -9999 -9999 -9999 -9999 -9999 -9999 -9999 -9999 -9999 -9999 -9999 -9999 -9999 -9999 -9999 -9999 -9999 -9999 -9999 -9999 -9999 -9999 -9999 -9999 -9999 -9999 -9999 -9999 -9999 -9999
-9999 -9999 -9999 -9999 -9999 -9999 -9999 -9999 -9999 -9999 -9999 -9999 -9999 -9999 -9999 -9999 -9999 -9999 -9999 -9999 -9999 -9999 -9999 -9999 -9999 -9999 -9999 -9999 -9999 -9999 -9999 -9999 -9999 -9999 -9999 -9999 -9999 -9999 -9999 -9999 -9999 -9999 -9999 -9999 -9999 -9999 -9999 -9999 -9999 -9999 -9999 -9999 -9999 -9999 -9999 -9999 -9999 -9999 -9999 -9999 -9999 -9999
-9999 -9999 -9999 -9999 -9999 13.9552140724845 12.8701132098213 13.9250923036598 12.6822107471526 12.8328195912763 12.9253364526667 12.9282051925547 12.9626300712116 14.0613574483432 13.9509109626524 13.7795037543401 13.7457960606553 13.7077852571383 13.6719260085374 13.7013305923901 13.6676228987053 13.9172032689676 13.813211448025 14.0613574483432 10.6438732587267 10.8299997579306 10.9011330966439 13.4833063608967 13.6324808350764 14.0642261882313 13.9552140724845 13.2646316593123 13.2799997031689 -9999 12.3249997245148 -9999 -9999 12.2299997266382 12.5849997187033 13.3142897691578 15.1600848254748 14.848826547619 12.9549997104332 -9999 -9999 -9999 -9999 -9999 -9999 -9999 -9999 -9999 -9999 -9999 -9999 -9999 -9999 -9999 -9999 -9999 -9999 -9999
-9999 -9999 -9999 -9999 -9999 14.293725379277 14.0663777431473 13.4201940833591 14.2327646566555 14.1294900206849 14.0835901824757 14.0886104772799 14.1180150611326 14.0835901824757 14.0570543385111 14.0606402633712 14.092913587112 14.1631977143697 13.6432386096567 13.4237800082192 13.6009246963076 13.5521561182104 13.9925076910295 13.7257148814388 13.904999689199 12.108738609912 14.0301086745624 13.8329340347555 13.0149845741689 13.5586107829586 13.694875927642 13.6615268264432 13.4316690429114 13.1374344714966 13.4144188570055 13.4999996982515 12.0099997315556 -9999 -9999 10.8217919477395 12.6799997165799 14.7548753162846 13.7799818776548 12.0813442127837 12.8324609987903 -9999 -9999 -9999 -9999 -9999 -9999 -9999 -9999 -9999 -9999 -9999 -9999 -9999 -9999 -9999 -9999 -9999
-9999 -9999 -9999 -9999 -9999 13.0902889962308 13.9795983615331 13.8368785521016 14.0642261882313 14.1302072056569 14.0039826505817 14.0857417373918 14.0635090032592 13.9774468066171 13.9616687372327 13.9860530262813 14.1933194831945 14.3073518937454 13.7264320664108 13.7630084999837 13.5923184766434 13.4123050486669 14.133075945545 14.7402925551869 13.344999701716 13.2840883131139 13.1550747053698 13.7147180452012 13.5954262781888 13.9501937776804 13.9839014713652 13.8634143960662 14.6365397959016 14.2026428878307 14.053468413651 13.614999695681 -9999 12.3099997248501 12.0549997305498 -9999 11.8399997353554 11.9477621083081 12.6688232943416 14.4751731771976 11.0749997524545 6.09499986376613 -9999 -9999 -9999 -9999 -9999 -9999 -9999 -9999 -9999 -9999 -9999 -9999 -9999 -9999 -9999 -9999
-9999 -9999 -9999 -9999 -9999 13.6224402454682 13.735038286075 13.6375011298805 14.0384075292386 13.9042939394712 13.8978392747231 13.9415875580162 13.8899502400309 13.9688405869529 14.054902783595 14.1804101536982 14.0800042576157 14.1452680900693 13.8246864075772 13.3147678924724 13.8275551474653 13.7450788756832 13.7630084999837 10.6908474871889 10.8549997573718 13.9150517140515 13.7527288487181 13.8000630568713 15.0546586345881 14.3245643330738 14.0606402633712 14.0104373153299 14.3259987030178 14.0678121130913 13.7500991704874 13.7691045722459 14.5457441784441 14.8049996690825 -9999 -9999 -9999 -9999 -9999 12.8499997127801 12.7963705083059 -9999 9.33499979134649 -9999 -9999 -9999 -9999 -9999 -9999 -9999 -9999 -9999 -9999 -9999 -9999 -9999 -9999 -9999
-9999 -9999 -9999 -9999 -9999 13.8813440203667 13.8462019567378 13.7687459797598 13.7300179912709 14.0728324078955 14.0470137489028 14.1172978761606 14.1517227548175 14.2076631826349 14.2191381421871 14.2743613850325 14.3381908475421 14.0276497546583 13.6697744536214 13.9250923036598 13.9831842863932 13.9315469684079 14.0663777431473 14.2614520555362 13.7166305384599 13.4797204360366 14.4357280037366 14.4866481367499 14.7957548596896 14.4464857783169 14.2679067202844 14.173238303978 14.2277443618514 14.2836847896688 14.1997741479427 14.7663502758369 14.9528183685616 14.6042664721608 14.849543732591 14.7434003567323 14.6508038081229 13.3149997023866 13.1428484091801 14.825278974371 14.1947538531385 11.9799997322261 12.0949997296557 -9999 -9999 -9999 -9999 -9999 -9999 -9999 -9999 -9999 -9999 -9999 -9999 -9999 -9999 -9999
-9999 -9999 -9999 -9999 -9999 14.1947538531385 14.0742667778395 14.1990569629706 14.1961882230826 14.2614520555362 14.2800988648087 14.1911679282784 14.0972166969441 14.0290841246024 14.1581774195656 14.4048890499398 14.3145237434655 14.2184209572151 14.49023406161 13.8447675867938 14.2248756219633 13.9451734828763 14.1223181709647 14.6360616725869 13.7668334865011 13.9501937776804 14.1378571786918 14.3259987030178 14.5017090211622 14.6566209751181 14.135227500461 14.211249107495 14.1682180091739 14.3948484603316 14.2478255410679 13.497650060337 14.254997390788 14.4701528823934 14.4357280037366 14.8215735186823 13.4901196181308 14.1500493232161 14.2987456740811 12.9975000991614 13.0399997085333 12.039999730885 -9999 -9999 -9999 -9999 -9999 -9999 -9999 -9999 -9999 -9999 -9999 -9999 -9999 -9999 -9999 -9999
-9999 -9999 -9999 -9999 -9999 13.7594225751236 13.3334147017449 13.1849574125372 14.0097201303579 13.9968108008616 13.7013305923901 13.3678395804018 13.7630084999837 13.9767296216451 14.2012085178867 13.9932248760015 13.8289895174094 14.054902783595 13.4890438406728 13.5693685575388 13.5327921239659 13.8806268353947 13.9401531880721 14.3984343851916 13.2473525051028 13.5664998176508 13.7536850953475 14.0462965639308 14.5433057495393 14.133793130517 14.5827509230003 14.3668782464229 14.3625751365907 14.5863368478604 14.5963774374686 13.9376430406701 13.5919598841574 13.6522034218069 14.1502883848734 14.4816278419457 14.5648212986998 14.7096926630475 15.1949400151148 15.1099996622652 -9999 -9999 12.2549997260794 -9999 -9999 -9999 -9999 -9999 -9999 -9999 -9999 -9999 -9999 -9999 -9999 -9999 -9999 -9999
-9999 -9999 -9999 -9999 -9999 13.6331980200484 13.5851466269232 13.3255256670527 13.4001129041426 13.1476637939923 14.3109378186055 13.9157688990235 13.9774468066171 14.1151463212445 14.1811273386702 14.0398418991826 14.2836847896688 14.2499770959839 13.2846461236477 13.2430493952706 13.2846461236477 13.2272713258862 13.5263374592178 13.6884212628938 14.2105319225229 14.1488540149294 14.0168919800781 13.8913846099749 13.9172032689676 13.9767296216451 13.8877986851148 13.7809381242841 14.4694356974214 14.7190160676837 14.5562150790356 14.7634815359488 14.3288674429059 14.1244697258808 14.0100787228439 13.9150517140515 14.5167699055746 14.610003951937 14.1280556507409 14.2243974986486 6.56999985314906 12.1299997288734 -9999 -9999 -9999 -9999 -9999 -9999 -9999 -9999 -9999 -9999 -9999 -9999 -9999 -9999 -9999 -9999
-9999 -9999 -9999 -9999 -9999 13.4524674070999 13.3047273028642 13.017853314057 13.3836176497862 13.6131168408319 13.5041047250852 13.494781320449 13.693441557698 14.214117847383 14.1065401015803 14.1122775813565 14.3001800440252 14.2449568011798 13.3126163375564 13.019287684001 13.4646595516242 13.5263374592178 13.7099368120544 14.2220068820752 12.81991026178 14.1122775813565 12.89808342373 14.131641575601 14.0039826505817 14.0111545003019 14.2184209572151 14.2621692405082 14.3539689169265 14.334604922682 14.5425885645673 14.3396252174862 14.0900448472239 14.0735495928675 14.0814386275597 14.1983397779986 14.3862422406673 14.0893276622519 11.530650743749 13.1649997057393 11.8749997345731 -9999 -9999 -9999 -9999 -9999 -9999 -9999 -9999 -9999 -9999 -9999 -9999 -9999 -9999 -9999 -9999 -9999
-9999 -9999 -9999 -9999 -9999 13.8196661127731 14.0728324078955 14.452940443065 14.4758903621696 14.4988402812742 14.3955656453036 14.1904507433064 14.0441450090148 14.0907620321959 14.2083803676069 14.1273384657688 14.2607348705642 14.1373790553771 13.9652546620928 13.9430219279602 14.131641575601 14.3604235816747 14.2650379803963 14.1588946045376 14.2800988648087 14.1051057316363 14.1839960785583 14.0082857604139 13.6790978582576 13.8354441821575 13.8777580955066 14.253563020844 14.3059175238013 14.3805047608912 14.5935086975805 14.612872691825 14.371181356255 14.3145237434655 11.4569190957485 14.5574103873223 13.2799997031689 -9999 6.64999985136092 7.48499983269721 7.57499983068556 7.51499983202666 -9999 -9999 -9999 -9999 -9999 -9999 -9999 -9999 -9999 -9999 -9999 -9999 -9999 -9999 -9999 -9999
-9999 -9999 -9999 -9999 -9999 14.3568376568146 14.1603289744817 13.7120883669704 14.2047944427468 13.892818979919 14.3704641712829 14.4034546799958 14.292291009333 14.0376903442666 14.3998687551357 14.1208838010207 14.2492599110119 14.0979338819161 14.1624805293977 14.2177037722431 14.3001800440252 14.4321420788765 14.371181356255 14.1861476334743 14.4048890499398 14.5088808708824 14.3353221076541 14.254997390788 14.1194494310766 14.0914792171679 14.293725379277 14.2772301249206 14.292291009333 14.414212454576 11.438372944016 14.1560258646496 14.2750785700046 14.2987456740811 14.6774193393067 14.292291009333 13.4527542810887 12.6899997163564 -9999 -9999 -9999 -9999 -9999 13.2249997043982 13.2249997043982 -9999 -9999 -9999 -9999 -9999 -9999 -9999 -9999 -9999 -9999 -9999 -9999 -9999
-9999 -9999 -9999 -9999 -9999 13.6776634883136 13.8275551474653 13.7522507254034 13.8748893556185 13.7149571068585 14.3152409284376 14.3044831538573 14.2220068820752 14.2069459976628 14.2478255410679 14.3023315989412 14.2765129399486 14.0513168587349 14.1983397779986 14.2750785700046 14.4837793968618 14.5633869287558 14.4586779228412 14.2851191596128 14.1151463212445 14.0649433732033 13.7579882051796 14.1653492692858 14.2757957549766 14.2815332347527 14.3224127781577 14.0649433732033 14.1101260264404 14.291573824361 14.3424939573742 14.3618579516187 14.1151463212445 13.5798504917453 12.6855917620207 -9999 -9999 -9999 -9999 -9999 -9999 -9999 -9999 -9999 -9999 -9999 -9999 -9999 -9999 -9999 -9999 -9999 -9999 -9999 -9999 -9999 -9999 -9999
-9999 -9999 -9999 -9999 -9999 14.571275963448 14.1201666160487 14.2349162115715 14.2227240670472 14.6652271947823 14.5906399576925 14.4687185124494 14.3955656453036 14.373332911171 14.4084749747999 14.3561204718426 14.4321420788765 14.5146183506586 14.2844019746408 14.5189214604907 14.371181356255 14.1101260264404 14.7340769520961 14.8861201661639 14.7964720446616 14.8810998713598 14.4586779228412 13.972426511813 14.1380962403491 14.2980284891091 14.4708700673655 14.4421826684847 14.3597063967027 14.4084749747999 14.2177037722431 14.2844019746408 14.2399365063757 14.6673787496984 14.7878658249974 10.38431749749 11.6199997402728 -9999 -9999 -9999 -9999 -9999 -9999 -9999 -9999 -9999 -9999 -9999 -9999 -9999 -9999 -9999 -9999 -9999 -9999 -9999 -9999 -9999
-9999 -9999 -9999 -9999 -9999 13.933698523324 14.531113605015 14.5225073853508 14.6451460155658 14.5167699055746 14.6559037901461 14.6057008421049 14.5985289923847 14.414212454576 14.8151188539341 14.2069459976628 14.7096926630475 14.5970946224406 14.612872691825 14.6171758016571 14.6451460155658 14.6415600907058 14.3640095065348 14.5225073853508 14.5095980558544 14.5052949460223 14.2836847896688 14.2040772577748 14.3274330729619 14.1395306102931 14.3812219458632 14.4687185124494 14.4084749747999 14.6609240849502 14.4959715413861 14.4027374950238 14.5210730154067 14.4794762870297 14.5641041137278 -9999 -9999 -9999 10.1249997736886 12.5749997189268 13.973860881757 13.21999970451 -9999 -9999 -9999 -9999 -9999 -9999 -9999 -9999 -9999 -9999 -9999 -9999 -9999 -9999 -9999 -9999
-9999 -9999 -9999 -9999 -9999 14.3259987030178 14.7462690966204 14.7785424203612 14.2557145757601 14.6580553450622 14.9148075650446 14.5354167148471 14.689611483831 14.6659443797544 14.5619525588118 14.771370570641 14.8631702470593 14.8445234377868 14.6351054259576 14.4400311135687 14.6329538710415 14.2298959167674 14.6953489636071 14.3539689169265 14.251411465928 14.5741447033361 14.3905453504995 14.4070406048559 14.3869594256394 14.5576494489796 14.7290566572919 14.8129672990181 14.6006805473007 14.4995574662462 14.3869594256394 14.3360392926261 14.2083803676069 14.3948484603316 14.5511947842315 14.4321420788765 14.3482314371504 14.2320474716835 14.3016144139692 14.4400311135687 14.0771355177276 13.1362440025147 -9999 -9999 -9999 -9999 -9999 -9999 -9999 -9999 -9999 -9999 -9999 -9999 -9999 -9999 -9999 -9999
-9999 -9999 -9999 -9999 -9999 14.1416821652092 14.5576494489796 14.3683126163669 14.2033600728028 14.3037659688853 14.333170552738 14.6781365242787 14.4809106569737 14.211966292467 14.7182988827117 14.7864314550534 14.7347941370681 14.731208212208 14.651600680314 14.2406536913477 14.5748618883081 14.413495269604 14.4084749747999 14.3446455122903 14.2557145757601 14.2162694022991 14.3898281655274 14.7276222873479 14.7132785879076 14.5296792350709 14.7096926630475 14.3747672811151 14.6752677843906 14.8366344030946 14.8545640273951 14.57199314842 14.7111270329915 14.6178929866292 14.4844965818338 14.4357280037366 14.292291009333 14.3769188360311 14.1467024600133 14.0298013095744 14.1574602345936 13.9552140724845 -9999 -9999 -9999 -9999 -9999 -9999 -9999 -9999 -9999 -9999 -9999 -9999 -9999 -9999 -9999 -9999
-9999 -9999 -9999 -9999 -9999 14.8531296574511 14.9054841604084 14.5382854547352 14.2155522173271 14.2808160497807 14.5368510847911 14.5935086975805 14.5009918361902 14.4091921597719 14.3647266915068 14.4744559922256 14.6996520734392 14.451506073121 14.2098147375509 14.2377849514596 14.2786644948646 14.5024262061343 14.6881771138869 14.6286507612094 14.4385967436247 14.49381998647 14.3855250556953 14.4766075471416 14.5060121309943 14.4844965818338 14.6802880791947 14.6616412699223 14.1639148993418 15.5652943346649 15.3795434269123 15.1529129757546 14.9772026576102 14.6716818595305 14.5547807090916 14.3862422406673 14.4350108187646 14.2707754601724 14.1459852750413 13.8779971571639 13.9473250377923 13.9136173441075 14.0031220286153 -9999 -9999 -9999 -9999 -9999 -9999 -9999 10.9150669761002 -9999 -9999 -9999 -9999 -9999 -9999 -9999
-9999 -9999 -9999 -9999 -9999 15.0166478310712 14.9248481546529 14.7520065763965 14.2521286509 14.3582720267586 14.4242530441843 14.4242530441843 14.3654438764788 14.5798821831122 14.4687185124494 14.3754844660871 14.414212454576 14.2743613850325 14.2621692405082 14.2169865872711 14.2628864254802 14.3037659688853 14.3926969054155 14.4880825066939 14.4084749747999 14.3188268532977 14.3762016510591 14.7634815359488 14.6150242467411 14.4974059113301 14.5246589402668 14.6537522352301 14.8000579695217 15.4727774732746 15.5251319762319 15.3106936695985 14.9980010217987 15.0747398138046 14.7591784261167 14.4457685933448 14.3202612232417 14.2223654745612 13.9471816007979 13.9795983615331 13.9487594077364 13.8038880433887 11.2048097047955 -9999 11.4148014646024 -9999 -9999 -9999 -9999 -9999 -9999 -9999 -9999 -9999 -9999 -9999 -9999 -9999
-9999 -9999 -9999 -9999 -9999 14.0176091650501 14.3546861018986 14.3941312753595 14.8416546978988 14.9477980737574 14.8732108366676 14.7663502758369 14.7971892296337 14.293725379277 14.612872691825 14.8366344030946 14.3202612232417 14.5275276801549 14.492385616526 14.5540635241196 14.4730216222815 14.5999633623287 14.5798821831122 14.5081636859104 14.6157414317131 14.5095980558544 14.5970946224406 14.7233191775158 14.4299905239604 14.3618579516187 14.2858363445848 14.2621692405082 14.2707754601724 14.5461744894274 15.0051728715189 14.8538468424231 14.4285561540164 14.49023406161 14.5289620500989 14.2987456740811 14.6049836571328 14.4550919979811 13.7701803497039 13.8347269971855 13.8003021185286 12.76499971468 8.95499979984015 13.4469630124397 13.2903836034238 14.2649996811524 -9999 -9999 -9999 13.2753227190115 13.3850520197302 -9999 -9999 -9999 -9999 -9999 -9999 -9999
-9999 -9999 -9999 -9999 -9999 15.2267830278724 14.6594897150062 14.6415600907058 14.8201391487382 14.7139957728796 14.8007751544937 15.0589617444202 14.8438062528148 14.97003080789 14.9456465188414 15.0245368657634 14.9786370275542 13.6790978582576 14.6372569808736 14.6401257207617 14.7018036283553 14.5920743276365 14.3123721885495 14.373332911171 14.1517227548175 14.0613574483432 13.7522507254034 13.9150517140515 14.2980284891091 14.410626529716 14.4966887263581 14.1151463212445 14.0276497546583 14.2435224312358 14.5562150790356 14.7520065763965 14.9800713974983 14.6336710560136 12.9865362369455 -9999 -9999 12.0213866217287 14.3163167058956 13.6877040779218 14.3087862636894 13.5299996975809 -9999 13.5949996961281 13.6253089853562 11.9164621070293 9.99999977648258 9.99999977648258 13.5520536632144 13.4452955573797 11.9851470765873 -9999 -9999 -9999 -9999 -9999 -9999 -9999
-9999 -9999 -9999 -9999 -9999 15.4756462131627 15.486403987743 14.8846857962199 15.0654164091684 15.0661335941404 15.0704367039725 15.0704367039725 15.0037385015748 14.9112216401845 15.0525070796721 15.1091646924615 15.1027100277133 14.8603015071712 14.9470808887854 15.1385692763142 14.8617358771153 14.6551866051741 14.4271217840724 14.3087862636894 14.0821558125317 14.052751228679 14.0176091650501 13.9910733210854 14.4084749747999 14.3489486221224 14.4256874141283 13.8698690608144 13.7938474537805 14.0448621939868 14.2471083560959 14.3001800440252 15.5808451771275 6.10999986343086 7.8349998248741 -9999 14.4350108187646 14.5418713795952 14.6394085357897 14.131641575601 14.1531571247615 13.4399996995926 -9999 -9999 13.255548904783 14.9018982355483 14.1402477952652 14.5777306281962 13.2860804935917 13.2832117537037 13.6299996953458 -9999 -9999 -9999 -9999 -9999 -9999 -9999
-9999 -9999 -9999 -9999 -9999 15.049638339784 15.6348612769507 14.6214789114892 15.0847804034129 15.207419033628 14.9076357153244 15.1048615826294 14.9133731951006 14.8129672990181 14.8445234377868 15.3207342592068 15.3558763228357 15.2282173978165 15.167973860167 15.0259712357074 15.0532242646441 14.9728995477781 14.8760795765556 14.6028321022168 14.212683477439 14.1058229166083 14.1861476334743 14.251411465928 14.3360392926261 14.4608294777572 13.9917905060574 14.3080690787174 14.2205725121312 14.1682180091739 14.3102206336334 13.8593068821356 14.3116550035775 14.3704641712829 -9999 8.68999980576336 14.2162694022991 15.0589617444202 14.8065126342699 14.412778084632 14.414212454576 14.4084749747999 -9999 14.2671895353124 14.4170811944641 14.1208838010207 14.6279335762374 14.9994353917427 15.1600848254748 14.6982177034952 13.9099996890873 -9999 -9999 -9999 -9999 -9999 -9999 -9999
