EcologicalScience/Bass/data/rs_data_bass/sst_361.asc
NCOLS 226 
NROWS 124 
XLLCORNER -9.41648524995501 
YLLCORNER 47.587301625531 
CELLSIZE 0.0833 
NODATA_value -9999 
[rows 54 to 80 of 124, columns 0 to 61 of 226]
-9999 -9999 -9999 -9999 -9999 -9999 -9999 -9999 -9999 -9999 -9999 -9999 -9999 -9999 -9999 -9999 -9999 -9999 -9999 -9999 -9999 -9999 -9999 -9999 -9999 -9999 -9999 -9999 -9999 -9999 -9999 -9999 -9999 -9999 -9999 -9999 -9999 -9999 11.6852758237161 13.1347544644959 13.7199774016626 13.6590166790411 13.5306405690499 13.5679341875948 13.6249503928702 13.2928937508259 13.2765180272982 14.1502883848734 13.8899502400309 14.4235358592123 14.4565263679251 14.5124667957425 14.7175816977397 14.5849024779163 14.1216009859927 14.2499770959839 14.0792870726436 14.1115603963844 12.9916999687441 13.8799996897578 -9999 12.8019254694048
-9999 -9999 -9999 -9999 -9999 -9999 -9999 -9999 -9999 -9999 -9999 -9999 -9999 -9999 -9999 -9999 -9999 -9999 -9999 -9999 -9999 -9999 -9999 -9999 -9999 -9999 -9999 -9999 -9999 -9999 -9999 -9999 -9999 -9999 -9999 -9999 -9999 -9999 14.1649996833876 13.5294452607632 13.8103427081369 13.4366893377155 13.3061616728082 13.5076906499453 13.6669057137333 13.9487594077364 13.7931302688085 13.418401120929 14.1560258646496 13.2104174790438 14.4959715413861 14.6092867669649 14.5985289923847 14.2055116277188 14.0204779049382 13.9638202921487 13.9773033696227 13.3448896612972 6.75284162094636 13.6649996945634 -9999 -9999
-9999 -9999 -9999 -9999 -9999 -9999 -9999 -9999 -9999 -9999 -9999 -9999 -9999 -9999 -9999 -9999 -9999 -9999 -9999 -9999 -9999 -9999 -9999 -9999 -9999 -9999 -9999 -9999 -9999 -9999 -9999 -9999 -9999 -9999 -9999 -9999 -9999 -9999 -9999 13.682205659803 13.7386242109351 13.6334370817058 13.3011413780041 14.0211950899102 14.1151463212445 14.3403424024582 14.3130893735215 13.2695852392353 13.735038286075 13.6245918003842 14.3754844660871 14.4271217840724 14.3389080325142 14.4601122927852 14.572710333392 14.5856196628883 14.5174870905466 13.5932747232728 13.496932875365 6.74322363307322 -9999 -9999
-9999 -9999 -9999 -9999 -9999 -9999 -9999 -9999 -9999 -9999 -9999 -9999 -9999 -9999 -9999 -9999 -9999 -9999 -9999 -9999 -9999 -9999 -9999 -9999 -9999 -9999 -9999 -9999 -9999 -9999 -9999 -9999 -9999 -9999 -9999 -9999 -9999 -9999 -9999 -9999 12.4347819318064 13.6364253524225 13.5851466269232 13.9960936158895 14.0039826505817 14.252845835872 13.2248807093129 13.3312631468289 13.696310297586 13.735755471047 13.6324808350764 14.4450514083728 14.4873653217219 14.6064180270769 14.5956602524966 14.6049836571328 14.6300851311535 14.5942258825526 13.6623157299124 13.5712810507976 12.6709467243568 -9999
-9999 -9999 -9999 -9999 -9999 -9999 -9999 -9999 -9999 -9999 -9999 -9999 -9999 -9999 -9999 -9999 -9999 -9999 -9999 -9999 -9999 -9999 -9999 -9999 -9999 -9999 -9999 -9999 -9999 -9999 -9999 -9999 -9999 -9999 -9999 -9999 -9999 -9999 -9999 -9999 12.1158736809157 14.4350108187646 14.0247810147703 13.9803155465052 13.9996795407496 13.4718314013444 14.1452680900693 14.0979338819161 13.614551210776 13.6848353380337 14.0850245524198 14.2879878995009 14.5533463391475 14.5289620500989 14.6064180270769 14.5676900385879 14.5805993680842 14.5024262061343 14.3998687551357 14.3274330729619 14.371898541227 13.3749997010455
-9999 -9999 -9999 -9999 -9999 -9999 -9999 -9999 -9999 -9999 -9999 -9999 -9999 -9999 -9999 -9999 -9999 -9999 -9999 -9999 -9999 -9999 -9999 -9999 -9999 -9999 -9999 -9999 -9999 -9999 -9999 -9999 -9999 -9999 -9999 -9999 -9999 -9999 -9999 -9999 11.0161900571547 14.493102801498 14.1467024600133 14.0197607199661 14.0821558125317 14.0398418991826 13.418042528443 13.6353495749645 13.7027649623342 13.77591782948 14.3066347087733 14.1158635062166 13.9702749568969 13.9071626793593 14.2722098301165 14.2671895353124 14.1653492692858 14.3948484603316 14.3044831538573 13.5655777226867 -9999 -9999
-9999 -9999 -9999 -9999 -9999 -9999 -9999 -9999 -9999 -9999 -9999 -9999 -9999 -9999 -9999 -9999 -9999 -9999 -9999 -9999 -9999 -9999 -9999 -9999 -9999 -9999 -9999 -9999 -9999 -9999 -9999 -9999 -9999 -9999 -9999 -9999 -9999 -9999 -9999 13.0948679464368 13.4007276341186 14.4852137668058 14.3546861018986 13.416249566013 13.5862224043813 13.575823222287 14.3532517319545 14.3152409284376 13.8246864075772 14.0878932923079 14.4221014892682 14.2894222694449 13.9917905060574 13.9487594077364 14.1761070438661 14.4077577898279 13.2320047467016 13.509999698028 13.8717234039402 13.2651386924088 13.4309518579394 13.3036515254062
-9999 -9999 -9999 -9999 -9999 -9999 -9999 -9999 -9999 -9999 -9999 -9999 -9999 -9999 -9999 -9999 -9999 -9999 -9999 -9999 -9999 -9999 -9999 -9999 -9999 -9999 -9999 -9999 -9999 -9999 -9999 -9999 -9999 -9999 -9999 -9999 -9999 -9999 -9999 13.7228461415507 13.8257621850353 13.5184484245256 13.5525147106964 13.6080965460278 13.5808435170911 14.5103152408265 14.4264045991004 14.1926022982225 14.1997741479427 13.973143696785 13.9516281476244 14.2521286509 13.9250923036598 13.9968108008616 13.7902615289204 14.347275190521 14.0171310417354 13.761000382062 13.4051331989467 13.7450788756832 13.6912900027819 13.7163914768025
-9999 -9999 -9999 -9999 -9999 -9999 -9999 -9999 -9999 -9999 -9999 -9999 -9999 -9999 -9999 -9999 -9999 -9999 -9999 -9999 -9999 -9999 -9999 -9999 -9999 -9999 -9999 -9999 -9999 -9999 -9999 -9999 -9999 -9999 -9999 -9999 -9999 -9999 13.455336146988 13.5550248580985 13.9946592459455 13.9066845560446 14.3697469863109 14.3812219458632 14.3840906857513 14.2970722424798 13.8469191417098 13.9939420609735 13.9380016331561 13.9494765927084 14.3926969054155 14.0656605581753 14.1789757837541 14.41206089966 13.7773521994241 13.774483459536 13.4266487481073 13.4309518579394 14.2700582752004 13.5578935979865 13.575106037315 13.5177312395535
-9999 -9999 -9999 -9999 -9999 -9999 -9999 -9999 -9999 -9999 -9999 -9999 -9999 -9999 -9999 -9999 -9999 -9999 -9999 -9999 -9999 -9999 -9999 -9999 -9999 -9999 -9999 -9999 -9999 -9999 -9999 -9999 -9999 -9999 -9999 -9999 -9999 -9999 13.3231350504793 13.6016418812796 13.9761558736674 14.1795495317318 14.1578905455768 14.5103152408265 14.5798821831122 14.729773842264 14.7641987209208 14.5770134432241 14.6057008421049 14.7075411081314 14.6845911890268 14.6745505994186 14.6774193393067 14.6422772756778 13.854808176402 13.8727378007025 13.7515335404314 14.610003951937 14.2593005006202 14.4199499343522 13.7149571068585 13.8526566214859
-9999 -9999 -9999 -9999 -9999 -9999 -9999 -9999 -9999 -9999 -9999 -9999 -9999 -9999 -9999 -9999 -9999 -9999 -9999 -9999 -9999 -9999 -9999 -9999 -9999 -9999 -9999 -9999 -9999 -9999 -9999 -9999 -9999 -9999 -9999 -9999 -9999 14.3848078707233 14.5497604142874 14.6587725300342 14.649449125398 14.6315195010975 14.6315195010975 14.6659443797544 14.6982177034952 14.7806939752772 14.7993407845497 14.7606127960607 14.7828455301933 14.7771080504172 14.7900173799135 14.7763908654451 14.7283394723199 14.4084749747999 14.0828729975037 14.1653492692858 13.8397472919896 14.0974557586014 14.1569821112789 14.1758679822087 13.6977446675301 13.854987472645
-9999 -9999 -9999 -9999 -9999 -9999 -9999 -9999 -9999 -9999 -9999 -9999 -9999 -9999 -9999 -9999 -9999 -9999 -9999 -9999 -9999 -9999 -9999 -9999 -9999 -9999 -9999 -9999 -9999 -9999 -9999 -9999 -9999 -9999 -9999 -9999 -9999 13.6869868929498 14.5978118074127 14.6214789114892 14.653035050258 14.6602068999782 14.7010864433832 14.6810052641667 14.6953489636071 14.7785424203612 14.7627643509768 14.7792596053332 14.7598956110887 14.7376628769562 14.8265938134864 14.8136844839901 14.8739280216396 14.6731162294745 13.1543575203978 14.0649433732033 13.9150517140515 14.1557868029922 14.6200445415452 14.5239417552948 13.7963576011825 13.5543076731265
-9999 -9999 -9999 -9999 -9999 -9999 -9999 -9999 -9999 -9999 -9999 -9999 -9999 -9999 -9999 -9999 -9999 -9999 -9999 -9999 -9999 -9999 -9999 -9999 -9999 -9999 -9999 -9999 -9999 -9999 -9999 -9999 -9999 -9999 -9999 9.53783633625274 14.4543748130091 14.3274330729619 14.533265159931 14.5174870905466 14.4500717031769 14.3396252174862 14.5576494489796 14.6178929866292 14.6308023161255 14.6573381600901 14.7032379982993 14.7089754780754 14.7613299810328 14.7376628769562 14.7986235995777 14.7849970851094 14.6652271947823 12.0439161220565 11.8705964204855 12.6594998897053 14.3252815180458 13.5976973639335 13.5654240401927 13.1189763951115 13.8648487660103 14.0735495928675
-9999 -9999 -9999 -9999 -9999 -9999 -9999 -9999 -9999 -9999 -9999 -9999 -9999 -9999 -9999 -9999 -9999 -9999 -9999 -9999 -9999 -9999 -9999 -9999 -9999 -9999 -9999 -9999 -9999 -9999 -9999 19.5912931475848 19.1549995718524 -9999 -9999 14.9992304817507 14.251411465928 14.1631977143697 14.2980284891091 14.0341044194065 14.3367564775981 14.4192327493802 14.3654438764788 14.4730216222815 14.5913571426645 14.5841852929443 14.6035492871888 14.6666615647264 14.8165532238781 14.7441175417043 14.73192539718 14.453657628037 13.6016418812796 14.0663777431473 14.3671173080802 14.3539689169265 14.5411541946232 14.5404370096512 14.7018036283553 13.9401531880721 13.7400585808791 13.6073793610558
-9999 -9999 -9999 -9999 -9999 -9999 -9999 -9999 -9999 -9999 -9999 -9999 -9999 -9999 -9999 -9999 -9999 -9999 -9999 -9999 -9999 -9999 -9999 -9999 -9999 -9999 -9999 -9999 -9999 11.5641193757765 9.79540379685841 13.334849071689 13.3110225931741 8.39634581953632 12.204097826459 14.5970946224406 14.1022369917482 14.0993682518601 14.1201666160487 14.0679914093344 14.2980284891091 14.3998687551357 14.4013031250797 14.4787591020577 14.3493072146084 14.5612353738397 14.610003951937 14.6637928248383 14.7190160676837 14.7455519116484 14.4744559922256 14.6150242467411 14.6437116456218 14.384568809066 14.371181356255 14.4495935798623 14.6182515791152 14.0317138028331 14.0991291902028 13.7049165172502 13.5299233840778 13.6811697259545
-9999 -9999 -9999 -9999 -9999 -9999 -9999 -9999 -9999 -9999 -9999 -9999 -9999 -9999 -9999 -9999 -9999 -9999 -9999 -9999 -9999 -9999 13.0185352276369 12.5430768625811 12.6398968338035 12.4291469070262 12.1444244731351 12.4254585271701 13.1594973460305 12.940397337079 12.8801537994295 13.1003295858391 13.7773521994241 13.9573656274006 14.012588870246 13.6869868929498 14.1524399397895 14.1624805293977 14.1172978761606 14.2628864254802 14.2980284891091 14.4013031250797 14.3876766106114 14.4285561540164 14.4457685933448 14.4801934720017 14.4880825066939 14.4149296395481 13.7192602166906 14.3102206336334 14.691045853775 14.3353221076541 14.6537522352301 14.6996520734392 14.2361115198582 13.9406654630522 14.6848302506842 14.7510503297672 12.6182969099404 15.0349996639416 -9999 -9999
-9999 -9999 -9999 -9999 -9999 -9999 -9999 -9999 -9999 -9999 -9999 -9999 -9999 -9999 -9999 -9999 -9999 -9999 -9999 -9999 -9999 13.3805390021014 12.7912228628993 13.0153431666549 12.8837397242896 13.1498153489083 12.777237755945 13.1878261524253 12.5681783366017 12.697988816537 12.8851740942337 13.5571764130145 13.6826837831177 13.9394360031001 13.7615741300397 13.7859584190883 13.9788811765611 14.2040772577748 14.1761070438661 14.2184209572151 14.2349162115715 14.332453367766 14.2965941191651 14.2420880612917 14.3503829920664 13.9247337111738 14.0803628501017 14.0025482806377 13.8813440203667 14.1065401015803 14.4751731771976 14.3184682608116 14.7347941370681 14.0116326236166 13.7371898409911 12.9938276174944 12.7199997156858 -9999 -9999 -9999 -9999 -9999
-9999 -9999 -9999 -9999 -9999 -9999 -9999 -9999 -9999 -9999 -9999 -9999 -9999 -9999 -9999 -9999 -9999 6.88018432352692 8.38027914749858 11.1444466363173 12.8793341594615 12.7173528107814 13.1397747593001 13.2405392478686 13.0942335135769 13.1189763951115 13.5148624996655 13.4933469505049 13.1591387535445 13.6181371356361 13.8626972110942 13.7902615289204 13.6296120951883 13.7099368120544 14.0097201303579 13.8053224133328 13.7500991704874 14.0886104772799 14.1703695640899 14.2829676046968 14.3668782464229 14.2836847896688 14.2055116277188 14.1847132635303 14.0183263500221 13.9953764309175 13.9914319135714 14.2332427799702 14.3747672811151 14.5540635241196 14.0436668857001 14.3014607314752 13.3099997024983 -9999 -9999 -9999 -9999 -9999 -9999 -9999 -9999 -9999
-9999 -9999 -9999 -9999 -9999 -9999 -9999 -9999 -9999 -9999 -9999 -9999 -9999 -9999 -9999 -9999 -9999 11.3604388437234 12.3598361022305 12.6002125986852 12.5928016873077 13.1075014355592 13.3861277971882 13.6365448832512 13.2753227190115 13.3255256670527 13.9200720088556 12.9303567474708 12.2547685038298 13.3097475976683 14.0821558125317 13.8763237255625 13.9100314192474 13.7479476155713 13.4402752625756 13.7622913150117 14.1201666160487 14.2098147375509 14.3783532059751 14.3970000152476 14.2571489457041 14.1847132635303 14.2793816798367 13.9261680811178 13.9620273297187 13.1017639557831 13.1562700136565 13.8112989547662 14.0937742090784 13.9276024510618 14.0910010938533 14.7299996707588 -9999 -9999 -9999 -9999 -9999 -9999 -9999 -9999 -9999 -9999
-9999 -9999 -9999 -9999 -9999 -9999 -9999 -9999 -9999 -9999 -9999 -9999 -9999 13.0133111425675 13.0688759020663 12.8683202473912 13.4603564417921 13.6528010759503 13.2475915667601 12.7153805521084 12.7759229168296 13.6848353380337 13.4926297655329 13.6579409015831 13.4847407308407 13.7522507254034 13.9215063787997 13.854808176402 13.9774468066171 14.0197607199661 13.7063508871943 13.8017364884727 13.5259788667317 13.9652546620928 14.0075685754418 14.1474196449853 14.1839960785583 14.2234412520193 14.2585833156481 14.1911679282784 14.3869594256394 14.4013031250797 14.3432111423463 13.5676951259375 13.6834009680897 13.8373566754162 13.4589220718481 13.6052278061397 14.2181818955578 13.4101534937508 13.9505523701664 14.1871038801037 6.86999984644353 -9999 -9999 -9999 -9999 -9999 -9999 22.1646983341534 23.6099994722754 -9999
-9999 -9999 -9999 -9999 -9999 -9999 -9999 -9999 -9999 -9999 20.3940900728684 13.1791547341272 11.2048097047955 12.858279657783 13.0067369469907 13.5069734649733 13.3907894995064 13.5629138927907 12.9325083023869 13.455336146988 13.1134779769927 13.5786919621751 13.5184484245256 13.8476363266818 13.6898556328379 13.5901669217274 13.6532791992649 14.1603289744817 14.0599230783992 13.9803155465052 13.8426160318777 13.50816877326 13.443383064121 14.0082857604139 14.134510315489 14.2284615468234 14.2413708763197 14.2019257028587 14.1825617086142 13.5942309699021 14.3812219458632 14.453657628037 14.4823450269178 13.7006134074181 13.6504104593769 13.8880377467722 13.7393413959071 13.6819665981457 14.2475864794105 13.4847407308407 14.2504552192986 13.9874873962253 12.6286472752424 -9999 -9999 -9999 14.8163141622208 14.6183711099438 15.170125415083 14.9499496286735 14.9850916923024 17.7899996023625
-9999 -9999 -9999 -9999 -9999 -9999 -9999 20.3940878984849 12.6321870953543 11.9198431218974 12.5276573856827 10.945188744925 12.2798699778505 11.8101138211787 13.4485228897538 12.938245782163 12.7230902905576 12.9999236897565 13.3821832798421 13.378597354982 14.2313302867115 13.654713569209 13.6080965460278 13.5294452607632 13.6666666520759 10.8799249124713 13.7971943169832 13.8478753883392 13.7665944248438 13.7226070798934 13.670252576936 13.6609291722998 14.1531571247615 14.2198553271592 14.3202612232417 14.2736442000605 14.2879878995009 14.4228186742403 14.4586779228412 13.8634143960662 14.5002746512182 14.4242530441843 14.2010292216437 14.1047471391503 13.7561952427495 13.6676228987053 14.6376155733597 14.1275775274262 14.1048666699789 14.2155522173271 14.1675008242019 14.7423245792743 13.7199774016626 13.6531688631154 14.8337656632066 15.3056733747944 15.2160252532922 15.1242255768739 15.1141849872656 15.0044556865469 14.848826547619 13.4441023646829
-9999 -9999 -9999 -9999 -9999 11.8991344058304 12.0087740584277 11.8574480293319 12.2096883055887 12.2318185847253 11.7799920523539 12.0747550758533 12.3774071340449 12.3874477236532 13.0010711857118 12.9748222157359 12.9203161578625 12.8399914409965 12.7159184408374 13.3075960427523 14.2248756219633 13.5650654477067 13.5858638118953 13.617419950664 13.521556226071 14.4199499343522 13.7010915307328 14.0330286419485 13.9663304395508 13.6905728178099 14.1502883848734 14.1617633444257 14.2356333965436 13.5241859043017 14.2600176855922 14.3690298013389 14.3554032868706 14.0341044194065 14.2288201393094 13.8856471301988 13.6751533409115 13.808621464204 14.055619968567 14.2058702202048 14.0111545003019 13.8650280622533 14.3802656992339 14.2165084639564 14.1758679822087 13.7450788756832 13.8440504018217 14.4199499343522 14.5605181888677 13.9559312574565 15.287743750494 15.2698141261935 15.2318033226766 15.2009643688798 14.8631702470593 14.8316141082905 14.6960661485791 14.6602068999782
-9999 -9999 -9999 -9999 -9999 10.8247016696259 11.3539841789752 11.1603442365304 12.5540736988187 12.805088439025 12.0916089226957 12.2418591743335 12.1739058982348 13.0032227406278 13.3599505457096 12.5699712990317 12.5583170432365 13.8246864075772 13.7199774016626 13.2267334371572 13.3558864975348 13.4871313474141 13.6162246423773 13.6492151510902 13.6069012377411 14.3848078707233 14.2349162115715 13.6855525230058 13.9301125984639 13.813211448025 14.1753898588941 14.2241584369913 14.2879878995009 14.372615726199 14.4264045991004 14.3840906857513 14.4809106569737 14.1578188270796 13.9892803586554 14.135227500461 14.2322865333408 14.1777804754674 14.0097201303579 13.9843795946799 13.93405711581 14.4929593645036 13.7558366502635 13.9222235637717 13.8218176676892 13.9580828123726 14.7226019925438 14.6580553450622 13.9623859222047 14.492385616526 15.0395977501757 15.2569047966972 15.2734000510536 15.1579332705587 15.0833460334688 14.9348887442611 14.8402203279547 14.9399090390652
-9999 -9999 -9999 -9999 -9999 11.8997619426809 12.393663326744 12.1981108910404 12.3677251369227 12.3750762828859 12.3146534489933 12.3532021412393 13.2749641265254 12.540208122693 12.6176640996709 13.1949980021454 13.4467299273238 13.5951872165315 13.4998016152531 14.3353221076541 14.3224127781577 14.3023315989412 14.3948484603316 12.4096804577857 14.3389080325142 14.4636982176453 14.3439283273183 14.453657628037 14.3303018128499 13.5581326596439 14.3109378186055 14.3188268532977 14.3704641712829 14.3977172002196 14.4242530441843 14.3274330729619 13.8297067023814 13.9702749568969 14.0333872344345 13.906923617702 13.5299233840778 13.7916958988644 14.4335764488205 14.5798821831122 14.2600176855922 13.8598284712061 13.934415708296 14.0613574483432 14.4622638477013 14.8323312932625 14.8753623915836 14.9728995477781 15.1012756577693 15.0345774553716 14.7821283452213 14.57199314842 14.8161946313921 14.9858088772744 14.9746925102081 15.2872656271793 15.222240856383 15.008758796379
-9999 -9999 -9999 -9999 -9999 12.1249580238946 12.1658375672996 12.2404248043895 12.7948087877594 12.9274880075827 13.0902889962308 12.6449171286076 12.8127384120598 12.4548631110229 13.6303292801604 13.1082186205313 12.9748222157359 13.1544770512264 13.1237576282583 13.456770516932 14.3446455122903 14.4321420788765 14.3647266915068 14.1553086796775 14.4701528823934 14.3826563158073 14.4751731771976 14.4350108187646 14.3188268532977 14.0204779049382 13.9168446764816 13.7670725481585 14.2736442000605 14.332453367766 14.2700582752004 13.9017837920692 13.9595171823166 13.8911455483176 14.1574602345936 14.1266212807968 12.979125325568 14.3496658070944 14.4762489546556 14.2399365063757 14.5433057495393 14.2177037722431 14.094347957056 14.7147129578516 14.8352000331506 15.0008697616868 15.0811944785528 14.9671620680019 14.8043610793538 14.4393139285967 14.4737388072535 14.692480223719 14.8997466806322 15.0291985680815 15.0823897868395 15.4512619241141 14.7154301428236 15.2172205615789
-9999 -9999 -9999 -9999 -9999 12.6574678656179 12.6857966720127 12.2490310240537 12.5586158703081 12.660695197992 12.8220618166961 12.8062837473117 12.7864416297525 13.1498153489083 13.1125217303634 13.1297341696918 13.1534012737684 13.1211279500276 13.361623977311 13.3439334146678 13.4476861739531 13.4345377827995 14.2786644948646 14.5153355356306 14.4715872523375 14.1976225930266 14.4751731771976 14.3532517319545 14.2385021364316 13.9376430406701 13.8422574393917 13.7027649623342 14.3116550035775 14.2858363445848 14.3467970672064 14.3181096683256 13.8974806822371 13.7135227369145 13.7058727638796 13.5538295498118 13.9615253002383 14.3240264443448 14.4715872523375 13.8397472919896 14.5167699055746 14.5404370096512 14.5813165530562 14.7656330908649 15.0144962761551 15.0245368657634 14.9929807269946 15.0962553629652 14.5798821831122 14.5081636859104 14.5863368478604 14.7771080504172 14.9090700852685 14.9793542125262 15.3881496465765 15.6126285428181 14.7694580773823 15.1598457638174
