EcologicalScience/Bass/data/rs_data_bass/sst_540.asc
NCOLS 226 
NROWS 124 
XLLCORNER -9.41648524995501 
YLLCORNER 47.587301625531 
CELLSIZE 0.0833 
NODATA_value -9999 
[rows 54 to 80 of 124, columns 0 to 61 of 226]
-9999 -9999 -9999 -9999 -9999 -9999 -9999 -9999 -9999 -9999 -9999 -9999 -9999 -9999 -9999 -9999 -9999 -9999 -9999 -9999 -9999 -9999 -9999 -9999 -9999 -9999 -9999 -9999 -9999 -9999 -9999 -9999 -9999 -9999 -9999 -9999 -9999 -9999 12.2336912343744 14.331377590308 13.6224402454682 14.0247810147703 14.1431165351532 13.7916958988644 13.4847407308407 13.3477584011853 13.2746055340394 13.3585161757655 13.8698690608144 13.7988677485846 13.7221289565787 13.7945646387525 13.9222235637717 14.3489486221224 15.0123447212391 15.0754569987766 15.1242255768739 15.2059846636839 13.7149996934459 -9999 -9999 14.3799668721622
-9999 -9999 -9999 -9999 -9999 -9999 -9999 -9999 -9999 -9999 -9999 -9999 -9999 -9999 -9999 -9999 -9999 -9999 -9999 -9999 -9999 -9999 -9999 -9999 -9999 -9999 -9999 -9999 -9999 -9999 -9999 -9999 -9999 -9999 -9999 -9999 -9999 -9999 13.6499996948987 13.9200720088556 13.773766274564 13.7142399218865 14.0341044194065 14.01402324019 13.4187597134151 13.3549302509055 13.3829004648142 13.8877986851148 13.9480422227643 14.0778527026996 13.9050111244433 14.1180150611326 14.4099093447439 14.8187047787942 15.2404095423408 15.1564989006147 15.2985015250742 15.8249152945355 -9999 13.6649996945634 -9999 14.2749996809289
-9999 -9999 -9999 -9999 -9999 -9999 -9999 -9999 -9999 -9999 -9999 -9999 -9999 -9999 -9999 -9999 -9999 -9999 -9999 -9999 -9999 -9999 -9999 -9999 -9999 -9999 -9999 -9999 -9999 -9999 -9999 -9999 -9999 -9999 -9999 -9999 -9999 -9999 -9999 14.2636036104523 13.9587999973446 13.6776634883136 13.8031708584167 13.7630084999837 13.7938474537805 13.3542130659334 13.6482589044608 13.9143345290795 13.9487594077364 14.0685292980634 14.2327646566555 14.3690298013389 14.7168645127676 14.8818170563318 14.9599902182817 15.1988128139637 15.2985015250742 15.4519791090861 15.5136570166796 15.0349996639416 20.6549995383248 -9999
-9999 -9999 -9999 -9999 -9999 -9999 -9999 -9999 -9999 -9999 -9999 -9999 -9999 -9999 -9999 -9999 -9999 -9999 -9999 -9999 -9999 -9999 -9999 -9999 -9999 -9999 -9999 -9999 -9999 -9999 -9999 -9999 -9999 -9999 -9999 -9999 -9999 -9999 -9999 13.324999702163 13.8261207775213 13.8375957370736 13.6597338640131 13.6733603784814 13.7214117716067 13.8268379624933 13.8354441821575 13.9795983615331 14.1216009859927 14.1309243906289 14.2621692405082 14.4005859401077 14.5576494489796 14.691045853775 14.7993407845497 14.812250114046 15.0180822010152 15.1765800798312 15.2913296753541 15.5868098838255 15.4115298766643 -9999
-9999 -9999 -9999 -9999 -9999 -9999 -9999 -9999 -9999 -9999 -9999 -9999 -9999 -9999 -9999 -9999 -9999 -9999 -9999 -9999 -9999 -9999 -9999 -9999 -9999 -9999 -9999 -9999 -9999 -9999 -9999 -9999 -9999 -9999 -9999 -9999 -9999 -9999 -9999 -9999 14.075844584778 13.3398693664931 13.7508163554594 13.974578066729 13.9960936158895 14.2463911711238 14.3123721885495 14.1560258646496 14.2851191596128 14.3396252174862 14.3044831538573 14.5554978940636 14.6422772756778 14.6688131196424 14.772087755613 14.7993407845497 15.0532242646441 15.1636707503349 15.2734000510536 15.486403987743 15.5054093895014 13.8849996896461
-9999 -9999 -9999 -9999 -9999 -9999 -9999 -9999 -9999 -9999 -9999 -9999 -9999 -9999 -9999 -9999 -9999 -9999 -9999 -9999 -9999 -9999 -9999 -9999 -9999 -9999 -9999 -9999 -9999 -9999 -9999 -9999 -9999 -9999 -9999 -9999 -9999 -9999 -9999 14.0999996848404 14.4622638477013 14.9348887442611 14.5110324257985 14.6551866051741 14.89185764594 14.7864314550534 14.6472975704819 14.4278389690444 14.4077577898279 14.3776360210031 14.2879878995009 14.451506073121 14.8151188539341 14.8538468424231 14.9564042934217 15.0632648542523 15.1027100277133 15.2231971030124 15.2855921955779 15.0519948046921 -9999 -9999
-9999 -9999 -9999 -9999 -9999 -9999 -9999 -9999 -9999 -9999 -9999 -9999 -9999 -9999 -9999 -9999 -9999 -9999 -9999 -9999 -9999 -9999 -9999 -9999 -9999 -9999 -9999 -9999 -9999 -9999 -9999 -9999 -9999 -9999 -9999 -9999 -9999 -9999 -9999 12.3701220445923 14.4479201482609 15.210287773516 15.0453352299519 15.3106936695985 14.8882717210799 14.693197408691 14.6250648363493 14.5483260443434 14.4880825066939 14.4213843042962 14.4264045991004 14.4974059113301 14.772804940585 14.8803826863877 15.0919522531331 15.3049561898224 15.1959440740757 13.7399996928871 16.4661811145156 17.0477156718262 16.7988524865359 17.1897182962857
-9999 -9999 -9999 -9999 -9999 -9999 -9999 -9999 -9999 -9999 -9999 -9999 -9999 -9999 -9999 -9999 -9999 -9999 -9999 -9999 -9999 -9999 -9999 -9999 -9999 -9999 -9999 -9999 -9999 -9999 -9999 -9999 -9999 -9999 -9999 -9999 -9999 -9999 -9999 14.8813389330171 15.0639820392244 15.1500442358665 15.2425610972568 15.0697195190005 14.7627643509768 14.689611483831 14.6193273565732 14.5884884027764 14.4837793968618 14.4378795586526 14.491668431554 14.690328668803 14.8208563337103 14.9642933281139 15.1859034844674 15.28989530541 15.3651997274719 16.124698612839 16.9286629664712 16.9336832612753 17.0548875215463 17.1854151864536
-9999 -9999 -9999 -9999 -9999 -9999 -9999 -9999 -9999 -9999 -9999 -9999 -9999 -9999 -9999 -9999 -9999 -9999 -9999 -9999 -9999 -9999 -9999 -9999 -9999 -9999 -9999 -9999 -9999 -9999 -9999 -9999 -9999 -9999 -9999 -9999 -9999 -9999 15.5225706013319 14.6272163912654 14.8961607557721 15.0460524149239 15.0338602703996 14.9248481546529 14.851695287507 14.6666615647264 14.5741447033361 14.5669728536159 14.5375682697631 14.492385616526 14.690328668803 14.7828455301933 15.048921154812 15.0697195190005 14.9987182067707 14.9886776171625 15.1529129757546 15.5846583289094 16.2824793066829 16.8196508507244 16.9143192670308 16.8741569085978
-9999 -9999 -9999 -9999 -9999 -9999 -9999 -9999 -9999 -9999 -9999 -9999 -9999 -9999 -9999 -9999 -9999 -9999 -9999 -9999 -9999 -9999 -9999 -9999 -9999 -9999 -9999 -9999 -9999 -9999 -9999 -9999 -9999 -9999 -9999 -9999 -9999 -9999 15.0925260011107 15.885158832185 15.4455244443379 15.1758628948592 15.1385692763142 14.9721823628061 14.8237250735983 14.6013977322727 14.5841852929443 14.492385616526 14.5103152408265 14.5103152408265 14.6695303046145 14.7778252353892 15.1392864612862 15.1665394902229 14.9728995477781 15.1600848254748 15.1672566751949 15.4978789472952 15.7847529361024 16.8045899663121 16.9107333421707 16.7866603420116
-9999 -9999 -9999 -9999 -9999 -9999 -9999 -9999 -9999 -9999 -9999 -9999 -9999 -9999 -9999 -9999 -9999 -9999 -9999 -9999 -9999 -9999 -9999 -9999 -9999 -9999 -9999 -9999 -9999 -9999 -9999 -9999 -9999 -9999 -9999 -9999 -9999 14.9465071408078 15.5810724040493 15.568880259525 15.5409100456163 15.2748344209976 14.970747992862 14.8402203279547 14.7025208133273 14.6057008421049 14.6257820213214 14.5834681079723 14.6444288305938 14.5569322640076 14.8287453684025 15.0245368657634 15.2016815538518 15.1894894093275 15.1328317965381 15.4548478489742 15.8930478668772 16.0321817514487 15.5373241207562 16.643223347608 16.7594073130749 16.7049012552015
-9999 -9999 -9999 -9999 -9999 -9999 -9999 -9999 -9999 -9999 -9999 -9999 -9999 -9999 -9999 -9999 -9999 -9999 -9999 -9999 -9999 -9999 -9999 -9999 -9999 -9999 -9999 -9999 -9999 -9999 -9999 -9999 -9999 -9999 -9999 -9999 -9999 15.2886999971233 15.370220022276 15.2619250915013 15.2647938313894 15.1170537271537 14.8438062528148 14.7627643509768 14.6716818595305 14.7010864433832 14.7075411081314 14.57199314842 14.6759849693626 14.6465803855099 14.9721823628061 14.8653218019754 14.8545640273951 15.1557817156427 15.4663228085265 15.645619051531 16.1921140002087 16.323358850088 16.3886226825416 16.5033722780645 16.7249824344181 17.001815833617
-9999 -9999 -9999 -9999 -9999 -9999 -9999 -9999 -9999 -9999 -9999 -9999 -9999 -9999 -9999 -9999 -9999 -9999 -9999 -9999 -9999 -9999 -9999 -9999 -9999 -9999 -9999 -9999 -9999 -9999 -9999 -9999 -9999 -9999 -9999 10.4399997666478 15.4985961322673 15.4039277159609 15.2540360568091 15.1113162473775 14.9793542125262 14.8423718828708 14.7871486400254 14.7025208133273 14.730491027236 14.7477034665644 14.7434003567323 14.6845911890268 14.7620471660048 14.7900173799135 14.9198278598487 15.2210455480963 15.0467695998959 15.3487044731155 15.4433728894219 15.6169316526502 15.6578111960553 15.7861873060465 16.3269447749481 16.6116672088392 16.764427607879 16.9996642787009
-9999 -9999 -9999 -9999 -9999 -9999 -9999 -9999 -9999 -9999 -9999 -9999 -9999 -9999 -9999 -9999 -9999 -9999 -9999 -9999 -9999 -9999 -9999 -9999 -9999 -9999 -9999 -9999 -9999 -9999 -9999 17.8449996011332 17.8449996011332 -9999 -9999 11.6482292355504 15.3139210019726 15.5760521092452 15.1973784440197 14.8696249118075 14.8294625533745 14.6939145936631 14.6831568190828 14.732642582152 14.7254707324319 14.7147129578516 14.7061067381874 14.7627643509768 14.7685018307529 14.8825342413038 15.0819116635248 15.207419033628 15.0776085536927 15.4957273923792 15.4993133172393 15.688650149852 15.7295296932571 16.0271614566445 16.4524521450512 16.4667958444916 16.7285683592781 17.001098648645
-9999 -9999 -9999 -9999 -9999 -9999 -9999 -9999 -9999 -9999 -9999 -9999 -9999 -9999 -9999 -9999 -9999 -9999 -9999 -9999 -9999 -9999 -9999 -9999 -9999 -9999 -9999 -9999 -9999 12.9877104515566 13.7849996918812 15.2748344209976 15.1964221973903 13.4017155026603 13.9099996890873 14.477922386257 15.0976897329092 14.9556871084496 14.8395031429827 14.7548753162846 14.6035492871888 14.6573381600901 14.5892055877484 14.5260933102109 14.49381998647 14.5490432293154 14.6315195010975 14.610721136909 14.7735221255571 15.1837519295514 15.2318033226766 15.2676625712775 15.2540360568091 15.5236976062879 15.287743750494 15.8607745431364 15.8930478668772 16.2494887979701 16.5750907752663 16.5514236711897 16.4402600005269 16.9049958623946
-9999 -9999 -9999 -9999 -9999 -9999 -9999 -9999 -9999 -9999 -9999 -9999 -9999 -9999 -9999 -9999 -9999 -9999 -9999 -9999 -9999 -9999 15.0150830638595 14.5153355356306 14.5927915126085 14.7484206515364 14.9807885824703 15.2009643688798 14.7283394723199 14.7950376747176 14.8782311314717 14.5884884027764 15.0998412878253 14.7598956110887 14.7828455301933 14.9399090390652 14.5425885645673 14.5755790732801 14.5741447033361 14.5863368478604 14.5232245703228 14.5354167148471 14.2865535295568 14.0620746333152 14.093630772084 14.3819391308352 14.5619525588118 14.6587725300342 14.8552812123671 15.2059846636839 15.4985961322673 15.7159031787887 15.7883388609625 15.4634540686384 15.9719382137991 16.2150639193133 16.2502059829421 16.3032776708715 16.2982573760673 13.799999691546 -9999 -9999
-9999 -9999 -9999 -9999 -9999 -9999 -9999 -9999 -9999 -9999 -9999 -9999 -9999 -9999 -9999 -9999 -9999 -9999 -9999 -9999 -9999 14.4872457908932 14.769936200697 14.6085695819929 15.0474867848679 14.7921689348295 14.9528183685616 15.0417493050918 14.9901119871065 14.9234137847088 14.3052003388293 14.6386913508177 14.6451460155658 14.1359446854331 14.0986510668881 14.6049836571328 14.0298013095744 14.4844965818338 14.4436170384288 14.4400311135687 14.4780419170856 14.4393139285967 14.4680013274774 14.5927915126085 14.7068239231594 14.6257820213214 14.4163640094921 14.4852137668058 14.573427518364 15.1027100277133 15.486403987743 15.568880259525 15.727378138341 15.8234809245914 16.0185552369803 15.5098320301622 15.2499996591359 -9999 -9999 -9999 -9999 -9999
-9999 -9999 -9999 -9999 -9999 -9999 -9999 -9999 -9999 -9999 -9999 -9999 -9999 -9999 -9999 -9999 -9999 6.88018432352692 14.0802732019802 14.5982899307273 14.3525345469825 14.4149296395481 15.2052674787119 15.4060792708769 15.2346720625646 15.4211401552893 15.4290291899815 15.2569047966972 15.2805719007738 15.1378520913422 15.0431836750358 15.1486098659225 14.9119388251565 14.0168919800781 14.2428052462637 14.3962828302756 14.3123721885495 14.291573824361 14.3690298013389 14.4823450269178 14.4952543564141 15.1579332705587 15.6018707682379 15.5724661843851 15.248298577033 15.0618304843083 15.1335489815101 15.1866206694394 15.4146854905412 15.1550645306706 15.3336435887031 15.3570716311224 14.4199996776879 -9999 -9999 -9999 -9999 -9999 -9999 -9999 -9999 -9999
-9999 -9999 -9999 -9999 -9999 -9999 -9999 -9999 -9999 -9999 -9999 -9999 -9999 -9999 -9999 -9999 -9999 13.7601397600956 14.7530823538546 15.1550645306706 14.8843272037338 15.0826288484968 16.045091080945 15.9504226646386 15.8980681616813 15.8700979477726 15.7481765025295 15.6097598029301 15.5954161034897 15.7187719186768 15.5774864791892 15.7316812481731 15.6707205255516 15.1973784440197 15.2597735365853 14.2162694022991 14.3460798822343 14.371181356255 14.7197332526557 15.1952268891037 15.5459303404205 15.5760521092452 15.5323038259521 15.7546311672777 14.9908291720785 14.8767967615277 14.9155247500166 15.7797326412983 15.4397869645618 15.3583864702377 15.4652470310684 14.5899996738881 -9999 -9999 -9999 -9999 -9999 -9999 -9999 -9999 -9999 -9999
-9999 -9999 -9999 -9999 -9999 -9999 -9999 -9999 -9999 -9999 -9999 -9999 -9999 15.1149021722376 13.8799096504226 15.0835850951262 15.9826959883794 16.0271614566445 15.5093539068475 15.5997192133218 15.7725607915781 15.8794213524088 15.9999084277079 16.0536973006092 15.9905850230716 15.9317758553661 15.8650776529685 15.725943768397 15.7539139823057 15.7180547337048 15.7689748667181 15.5566881150007 15.5925473636016 15.3365123285912 15.5351725658402 15.1586504555307 14.531830789987 15.1450239410624 14.8631702470593 15.248298577033 15.5064851669595 15.4225745252334 15.8270668494515 15.8815729073249 15.3006530799903 15.2275002128445 15.5229804213159 15.6054566930979 15.5416272305883 15.687215779908 16.0580004104413 16.1548203816637 15.7099996488541 -9999 -9999 -9999 -9999 -9999 -9999 22.0349995074794 22.0349995074794 -9999
-9999 -9999 -9999 -9999 -9999 -9999 -9999 -9999 -9999 -9999 -9999 14.9889644911513 15.1105990624055 15.3508560280316 14.1811273386702 15.4763633981347 15.8098544101231 15.3551591378637 15.4713431033306 16.2358622835018 16.1182439480908 16.2093264395371 16.1311532775871 16.1182439480908 16.1103549133986 16.1598406764679 16.1562547516078 16.1555375666358 16.0357676763088 15.9346445952542 15.847148028668 15.6025879532099 15.5423444155604 15.8686635778286 15.8263496644795 15.6205175775103 15.3551591378637 15.6527909012511 15.2224799180403 15.1622363803908 15.7883388609625 15.9884334681556 16.2602465725504 16.1806390406564 15.3171483343467 14.9980010217987 15.5724661843851 15.6972563695163 15.6613971209154 15.6599627509713 15.4414603961632 14.8185944426447 7.02499984297901 7.02499984297901 -9999 -9999 16.5141300526448 17.0541703365743 16.6575670470484 16.5428174515255 16.7421948737465 17.7899996023625
-9999 -9999 -9999 -9999 -9999 -9999 -9999 19.7699995581061 14.0694855446927 14.6544694202021 15.0539414496161 15.3408154384233 15.9188665258698 15.9224524507299 15.8335215141997 15.8923306819052 15.8277840344235 15.9317758553661 16.1519516417757 16.286065231543 16.2968230061233 16.2552262777463 16.2200842141174 16.245185688138 16.2817621217109 16.2588122026064 16.243034133222 16.2021545898169 15.9913022080436 16.0802331445739 16.0881221792661 16.044373895973 15.8894619420171 15.6298409821466 15.5158085715957 15.0962553629652 15.0023041316308 15.2045502937399 15.3121280395426 15.4677571784705 15.9210180807859 16.5801110700704 16.4538865149952 16.1734671909362 16.2932370812632 16.6647388967685 16.4122897866182 16.2078920695931 15.8772697974928 15.8342386991717 15.8148747049272 15.8091372251511 15.7736365690362 14.3137617344328 16.4650028820615 16.5148472376168 16.8174992958084 16.9451582208276 16.9724112497643 17.079988995567 16.9494613306597 15.8238721163943
-9999 -9999 -9999 -9999 -9999 14.971106585348 15.1783730422612 15.5075609444175 15.5150913866237 15.8392589939758 15.7861873060465 15.8177434448153 15.3537247679196 15.7912076008506 15.9999084277079 16.0400707861409 15.9238868206739 16.2114779944532 16.2337107285857 16.3183385552838 16.325510405004 16.2573778326623 16.2415997632779 16.2552262777463 16.2093264395371 16.3061464107595 16.3047120408155 16.1863765204325 16.1024658787064 16.0881221792661 16.0673238150775 15.9045228264295 15.9812616184354 15.4526962940581 15.090517883189 15.0245368657634 15.2059846636839 15.5244147912599 15.8923306819052 15.9038056414574 15.9769585086033 16.5844141799025 16.603060989175 16.6597186019644 16.7163762147538 16.8347117351368 16.6568498620763 16.5715048504062 16.4510177751072 16.1404766822234 16.046525450889 15.9948881329037 16.1548203816637 15.5201116814278 16.5363627867773 16.9186223768629 16.9752799896523 16.9853205792606 17.0577562614344 17.0520187816583 17.1416669031605 17.1710714870133
-9999 -9999 -9999 -9999 -9999 15.7646717568859 15.5896786237136 15.4699087333865 15.6312753520906 15.806985670235 16.0766472197138 15.4448072593659 16.2272560638376 16.205023329705 16.1368907573633 16.2358622835018 16.2415997632779 16.3183385552838 16.3785820929334 16.3972289022058 16.3369853645563 16.3004089309834 16.3384197345003 16.2222357690334 16.2014374048449 16.2186498441733 16.1698812660761 16.2408825783059 16.1591234914958 16.1727500059642 16.0515457456931 15.7524796123616 15.7876216759905 15.4770805831067 15.4541306640022 15.5774864791892 15.6829126700759 15.8779869824648 16.1541031966917 16.1598406764679 16.0687581850216 16.3097323356196 16.5951719544828 16.7551042032428 16.7981353015639 16.8770256484859 16.5801110700704 16.3907742374577 16.3341166246682 16.2279732488096 16.3412884743884 16.2494887979701 16.3326822547242 16.5593127058819 16.8296914403327 16.883480313234 16.9071474173106 16.9136020820588 17.0972014348954 17.0842921053991 17.0950498799793 17.161030897405
-9999 -9999 -9999 -9999 -9999 15.6025879532099 15.5416272305883 16.1576891215518 16.1906796302646 16.1906796302646 16.5012207231484 16.4789879890159 16.4531693300232 16.4373912606388 16.3398541044444 16.4094210467301 16.444563110359 16.4718161392957 16.4072694918141 16.3692586882971 16.3133182604797 16.3147526304238 16.3269447749481 16.2975401910953 16.1935483701527 16.2251045089215 16.2724387170747 16.203588959761 16.2545090927742 16.2480544280261 16.1017486937344 15.6535080862232 15.608325432986 15.3824121668003 15.4993133172393 15.4039277159609 15.3164311493747 15.4591509588063 15.526566346176 15.807702855207 16.045091080945 16.2380138384178 16.5320596769452 16.6554154921323 16.7837916021235 16.7594073130749 16.6260109082796 16.7185277696699 16.6762138563208 16.4008148270659 16.4954832433723 16.4402600005269 16.5284737520851 16.6762138563208 16.6733451164328 16.722830879502 16.7923978217877 16.7866603420116 16.8332773651928 16.9695425098762 17.0061189434491 17.043412561994
-9999 -9999 -9999 -9999 -9999 16.0687581850216 16.0508285607211 16.1462141619995 16.2953886361793 16.3448743992485 16.322641665116 16.1175267631188 16.4180272663943 16.4201788213104 16.3785820929334 16.3857539426535 16.3269447749481 16.4151585265063 16.4101382317021 16.4725333242677 16.3778649079613 16.284630861599 16.2731559020467 16.1770531157963 16.1505172718316 16.1878108903766 16.244468503166 16.1182439480908 16.124698612839 16.0379192312248 15.9016540865414 16.2000030349009 16.1799218556844 16.3341166246682 16.2387310233898 16.1870937054045 15.8729666876607 15.8973509767093 15.9869990982115 16.2100436245091 16.485442653764 16.4926145034842 16.6604357869364 16.7278511743061 16.8497726195492 16.8784600184299 16.8648335039616 16.7515182783827 16.7837916021235 16.9028443074785 16.7809228622355 16.2000030349009 16.4101382317021 16.4481490352191 16.5507064862177 16.724265249446 16.7651447928511 16.7773369373754 16.7959837466478 16.9494613306597 16.9128848970868 16.9573503653519
-9999 -9999 -9999 -9999 -9999 16.286065231543 16.1333048325032 16.1483657169156 16.2208013990894 16.2975401910953 16.323358850088 16.2566606476903 15.528717901092 16.0888393642381 16.2114779944532 16.4366740756668 16.5098269428127 16.5291909370571 16.5951719544828 16.5801110700704 16.4316537808627 16.3792992779054 16.3305306998082 16.3613696536049 16.2882167864591 16.2717215321027 16.2530747228302 16.0988799538463 16.0831018844619 16.2129123643972 16.4201788213104 16.4094210467301 16.3563493588008 16.2867824165151 16.0960112139583 16.2760246419348 16.32407603506 16.3592180986889 16.4653614745475 16.4359568906948 16.602343804203 16.6503951973282 16.6360514978878 16.6468092724681 16.7350230240263 16.9566331803799 16.8612475791015 16.9745628046803 16.8755912785418 16.8361461050808 16.761558867991 16.1992858499289 16.3348338096403 16.5098269428127 16.4660786595196 15.6972563695163 16.6489608273841 16.7127902898937 16.8139133709483 16.8971068277024 16.884197498206 16.8117618160322
