EcologicalScience/Bass/data/rs_data_bass/sst_116.asc
NCOLS 226 
NROWS 124 
XLLCORNER -9.41648524995501 
YLLCORNER 47.587301625531 
CELLSIZE 0.0833 
NODATA_value -9999 
[rows 81 to 107 of 124, columns 62 to 123 of 226]
16.2234996373765 -9999 -9999 -9999 -9999 -9999 -9999 -9999 -9999 -9999 -9999 -9999 -9999 -9999 -9999 -9999 -9999 -9999 -9999 -9999 -9999 -9999 -9999 -9999 -9999 -9999 -9999 -9999 -9999 -9999 -9999 -9999 -9999 -9999 -9999 -9999 -9999 -9999 -9999 -9999 -9999 -9999 -9999 -9999 -9999 -9999 -9999 -9999 -9999 -9999 -9999 -9999 -9999 -9999 -9999 -9999 -9999 -9999 -9999 -9999 -9999 -9999
16.4399996325374 -9999 -9999 -9999 -9999 -9999 -9999 -9999 -9999 -9999 -9999 -9999 -9999 -9999 -9999 -9999 -9999 -9999 -9999 -9999 -9999 -9999 -9999 -9999 -9999 -9999 -9999 -9999 -9999 -9999 -9999 -9999 -9999 -9999 -9999 -9999 -9999 -9999 -9999 -9999 -9999 -9999 -9999 -9999 -9999 -9999 -9999 -9999 -9999 -9999 -9999 -9999 -9999 -9999 -9999 -9999 -9999 -9999 -9999 -9999 -9999 -9999
-9999 -9999 -9999 -9999 -9999 -9999 -9999 -9999 -9999 -9999 -9999 -9999 -9999 -9999 -9999 -9999 -9999 -9999 -9999 -9999 -9999 -9999 -9999 -9999 -9999 -9999 -9999 -9999 -9999 -9999 -9999 -9999 -9999 -9999 -9999 -9999 -9999 -9999 -9999 -9999 -9999 -9999 -9999 -9999 -9999 -9999 -9999 -9999 -9999 -9999 -9999 -9999 -9999 -9999 -9999 -9999 -9999 -9999 -9999 -9999 15.910749644367 -9999
-9999 -9999 -9999 -9999 -9999 -9999 -9999 -9999 -9999 -9999 -9999 -9999 -9999 -9999 -9999 -9999 -9999 -9999 -9999 -9999 -9999 -9999 -9999 -9999 -9999 -9999 -9999 -9999 -9999 -9999 -9999 -9999 -9999 11.3199997469783 11.209999749437 11.1449997508898 -9999 -9999 -9999 -9999 -9999 -9999 -9999 -9999 -9999 -9999 -9999 -9999 -9999 -9999 -9999 -9999 -9999 -9999 -9999 -9999 17.2699996139854 17.0167069367201 15.5449996525422 15.519999653101 15.1349996617064 15.1524996613152
-9999 -9999 -9999 -9999 -9999 -9999 -9999 -9999 -9999 -9999 -9999 -9999 -9999 -9999 -9999 -9999 -9999 -9999 -9999 -9999 -9999 -9999 -9999 -9999 -9999 -9999 -9999 -9999 -9999 -9999 -9999 -9999 -9999 18.5631662517476 18.5631662517476 18.5174995861016 18.2449995921925 17.9074995997362 17.4549996098503 17.1874996158294 10.1529997730628 -9999 16.7499996256083 17.7699996028095 18.8899995777756 18.6524995830841 17.5249996082857 16.9449996212497 16.909999622032 16.8749996228144 16.7899996247143 17.2716662806148 16.598379087277 -9999 16.5549996299669 16.5549996299669 16.0399996414781 15.8399996459484 15.6549996500835 15.6549996500835 16.0899996403605 16.0899996403605
-9999 -9999 -9999 -9999 -9999 -9999 -9999 -9999 -9999 -9999 -9999 -9999 12.9699997100979 18.4666662539045 17.094999617897 17.0299996193498 17.0349996192381 17.0999996177852 15.7433329814424 -9999 -9999 -9999 -9999 -9999 -9999 11.894999734126 11.7000014127131 18.4417138735099 17.5349996080622 17.5599996075034 17.4049996109679 17.4499996099621 17.509999608621 17.7749996026978 17.9099995996803 -9999 17.7274996037595 17.4599996097386 17.1724996161647 17.7199996039271 18.0849995957687 16.4649996319786 16.4649996319786 16.3749996339902 16.4699996318668 16.3749996339902 16.244999636896 16.4249996328726 15.4099996555597 16.2849996360019 16.1999996379018 16.2899996358901 15.4349996550009 15.2849996583536 14.1499996837229 15.3399996571243 15.6149996509776 15.5499996524304 15.7399996481836 15.8049996467307 15.8249996462837 15.7999996468425
-9999 -9999 -9999 -9999 -9999 -9999 -9999 -9999 17.1973633800951 9.85555533526672 17.9349995991215 18.0399995967746 17.0024996199645 17.0499996189028 17.6249996060506 17.3699996117502 17.2149996152148 16.8399996235967 15.6199996508658 15.809999646619 15.9299996439368 16.1049996400252 15.954999643378 15.7849996471778 16.2199996374547 16.2199996374547 14.878437167441 16.4149996330962 16.9549996210262 16.949999621138 16.9799996204674 16.9599996209145 16.5949996290728 16.4849996315315 16.3349996348843 16.0824996405281 16.9049996221438 16.8849996225908 16.9949996201321 17.7099996041507 17.7849996024743 16.1699996385723 16.2799996361136 15.4849996538833 15.2249996596947 15.3449996570125 15.1049996623769 13.7549996925518 13.75999969244 14.7074996712618 13.9949996871874 14.8524996680208 14.7599996700883 15.2049996601418 15.2049996601418 15.1774996607564 15.7249996485189 15.9499996434897 16.059999641031 15.9699996430427 15.769999647513 15.7149996487424
-9999 -9999 -9999 -9999 -9999 -9999 -9999 -9999 18.3883329223221 17.2024996154942 17.3474996122532 17.0099996197969 15.6599996499717 15.6399996504188 15.9199996441603 16.3649996342137 16.20499963779 16.494999631308 15.5899996515363 15.6749996496364 15.5449996525422 15.6099996510893 15.624999650754 15.6899996493012 15.9749996429309 16.2749996362254 16.3149996353313 16.349999634549 16.2649996364489 16.1699996385723 16.0449996413663 15.8749996451661 16.1599996387959 16.4099996332079 16.2799996361136 16.2699996363372 16.8299996238202 16.7899996247143 16.7049996266142 16.7699996251613 16.4399996325374 15.3199996575713 14.8599996678531 14.9249996664003 15.0749996630475 15.1099996622652 14.9024996669032 14.7649996699765 14.8499996680766 14.9349996661767 14.9049996668473 14.9799996651709 14.8524996680208 15.3449996570125 15.3449996570125 15.0974996625446 16.0299996417016 16.1949996380135 16.4649996319786 16.6499996278435 16.2849996360019 16.5249996306375
-9999 -9999 -9999 -9999 -9999 -9999 -9999 -9999 17.0599996186793 17.1724996161647 17.1174996173941 16.6649996275082 16.6649996275082 15.7449996480718 15.9599996432662 16.0499996412545 15.9699996430427 15.9849996427074 15.4099996555597 15.4499996546656 15.5149996532127 15.5449996525422 15.5699996519834 15.5349996527657 15.2599996589124 15.2199996598065 15.4049996556714 15.5049996534362 15.5799996517599 15.6049996512011 15.6699996497482 15.7149996487424 15.7849996471778 15.9649996431544 16.1849996382371 16.3349996348843 16.389999633655 16.1649996386841 16.0049996422604 16.0249996418133 15.3399996571243 15.0499996636063 15.3449996570125 14.7524996702559 14.6649996722117 14.5849996739998 14.6749996719882 14.8799996674061 15.0999996624887 14.7899996694177 14.9649996655062 14.7824996695854 15.4349996550009 15.4249996552244 15.2349996594712 15.2749996585771 14.6974996714853 16.4749996317551 16.6999996267259 16.8499996233732 16.4149996330962 16.4249996328726
10.1731407485404 9.40499978978187 -9999 -9999 -9999 -9999 -9999 -9999 17.3249996127561 17.1174996173941 16.6924996268936 16.5299996305257 16.389999633655 15.4499996546656 15.229999659583 15.4349996550009 15.3599996566772 15.5399996526539 15.354999656789 15.4099996555597 15.2949996581301 15.1549996612594 15.0099996645004 14.8849996672943 14.8749996675178 14.8499996680766 14.8599996678531 14.8249996686354 14.9949996648356 14.9649996655062 14.939999666065 14.939999666065 14.9549996657297 14.8899996671826 14.9449996659532 14.8299996685237 15.499999653548 15.5799996517599 15.3049996579066 15.1549996612594 14.9099996667355 15.0199996642768 13.8999996893108 14.0949996849522 14.339999679476 14.4899996761233 14.6249996731058 14.7149996710941 14.3974996781908 14.2499996814877 14.4599996767938 14.3349996795878 14.1799996830523 14.1799996830523 15.0949996626005 14.8524996680208 14.524999675341 14.5174996755086 13.3049997026101 13.3049997026101 16.6799996271729 16.5999996289611
16.8249996239319 17.3799996115267 17.5649996073917 17.8949996000156 17.8649996006861 -9999 16.1899624452926 15.2899996582419 15.9099996443838 16.349999634549 16.0574996410869 15.1799996607006 15.2049996601418 15.2949996581301 15.1149996621534 15.2699996586889 15.0999996624887 14.9549996657297 14.7099996712059 15.5699996519834 15.0999996624887 14.0674996855669 14.6249996731058 14.2699996810406 14.629999672994 14.4299996774644 14.2999996803701 14.2999996803701 14.2199996821582 14.2049996824935 14.2399996817112 14.2449996815994 14.3699996788055 14.2799996808171 14.2599996812642 14.7349996706471 14.6599996723235 14.6049996735528 14.5999996736646 15.1049996623769 14.7649996699765 13.5199996978045 11.2849997477606 14.0949996849522 13.654999694787 14.484999676235 14.4799996763468 15.0699996631593 14.0299996864051 14.089999685064 14.1899996828288 14.3124996800907 14.7149996710941 15.0399996638298 15.2149996599182 14.8149996688589 14.4824996762909 14.5999996736646 14.7399996705353 15.4324996550567 16.6099996287376 17.2099996153265
16.6249996284023 17.0149996196851 17.074999618344 17.5899996068329 16.2524996367283 15.4874996538274 15.3024996579625 15.4749996541068 15.6149996509776 15.8899996448308 15.8849996449426 15.6099996510893 15.6199996508658 15.2349996594712 15.499999653548 15.4849996538833 15.3049996579066 15.1849996605888 14.9599996656179 15.1349996617064 14.2499996814877 14.1899996828288 14.1599996834993 14.1749996831641 14.1999996826053 13.9699996877462 14.0299996864051 14.0599996857345 14.0049996869639 13.9699996877462 13.9849996874109 13.9649996878579 13.9299996886402 14.3474996793084 15.1149996621534 14.9449996659532 14.2899996805936 14.5199996754527 13.9699996877462 13.8049996914342 11.9849997321144 14.277499680873 14.3324996796437 13.8749996898696 13.0599997080863 13.5949996961281 14.5124996756203 14.4724996765144 13.8749996898696 13.924999688752 14.3124996800907 14.3499996792525 14.4599996767938 14.4599996767938 14.6249996731058 14.6899996716529 14.8074996690266 15.064999663271 15.044999663718 16.2149996375665 16.2649996364489 16.5999996289611
16.9699996206909 16.9699996206909 17.0699996184558 16.8449996234849 17.0249996194616 16.5899996291846 16.5424996302463 16.1199996396899 16.1449996391311 16.2299996372312 15.6549996500835 15.1349996617064 15.1599996611476 15.1699996609241 15.4099996555597 15.4699996542186 14.7299996707588 14.7299996707588 15.0799996629357 14.5799996741116 14.4499996770173 14.2249996820465 14.1049996847287 14.0824996852316 14.0324996863492 13.799999691546 13.4799996986985 13.8749996898696 13.9099996890873 13.9599996879697 13.9099996890873 13.75999969244 13.5999996960163 13.5199996978045 14.2324996818788 14.2724996809848 14.2549996813759 14.2724996809848 16.5399996303022 16.5249996306375 15.8249996462837 15.1949996603653 14.089999685064 13.9799996875226 11.7849997365847 14.4199996776879 14.4649996766821 14.5224996753968 14.5949996737763 13.8549996903166 14.1449996838346 15.2699996586889 14.6874996717088 14.7649996699765 14.8424996682443 14.9174996665679 16.0249996418133 16.0949996402487 16.639999628067 16.7999996244907 17.0799996182323 17.1499996166676
15.4249996552244 15.0099996645004 14.8649996677414 17.6949996044859 17.8399996012449 16.9624996208586 13.7249996932223 17.4599996097386 17.4749996094033 17.054999618791 16.949999621138 16.6549996277317 16.2599996365607 15.334999657236 15.4049996556714 15.499999653548 15.4899996537715 15.3649996565655 15.1999996602535 14.899999666959 14.5299996752292 14.4199996776879 13.8299996908754 13.8899996895343 14.0449996860698 14.0249996865168 14.0099996868521 14.0149996867403 13.8949996894225 13.8949996894225 14.3724996787496 13.4599996991456 13.4649996990338 13.3499997016042 14.3249996798113 14.2949996804819 14.3049996802583 14.3049996802583 14.3099996801466 14.3199996799231 14.2324996818788 14.2824996807612 14.3049996802583 14.2649996811524 14.2499996814877 14.4324996774085 14.5449996748939 14.5849996739998 14.8974996670149 14.1899996828288 15.1799996607006 15.3799996562302 15.5549996523187 15.769999647513 15.7599996477365 15.374999656342 15.5149996532127 15.8449996458367 16.2799996361136 17.0899996180087 17.2949996134266 17.4299996104091
15.6499996501952 16.3399996347725 17.0799996182323 17.8049996020272 17.799999602139 16.9999996200204 16.9349996214733 17.5649996073917 17.344999612309 17.2099996153265 17.2249996149912 16.9949996201321 16.5949996290728 15.4699996542186 15.7999996468425 15.6199996508658 15.1349996617064 14.9149996666238 14.8099996689707 15.1849996605888 15.2249996596947 14.5799996741116 14.4899996761233 16.20499963779 14.1599996834993 14.1749996831641 13.9499996881932 13.8849996896461 13.7149996934459 13.654999694787 14.6599996723235 14.5699996743351 14.4399996772408 12.184999727644 12.184999727644 14.2849996807054 14.4499996770173 14.3749996786937 14.4249996775761 14.21499968227 14.21499968227 14.6899996716529 14.649999672547 15.1099996622652 16.7699996251613 17.5799996070564 16.2099996376783 15.5899996515363 15.9449996436015 16.0399996414781 16.0849996404722 15.8199996463954 16.2499996367842 16.1849996382371 16.1899996381253 17.4349996102974 17.6249996060506 16.8149996241555 17.2849996136501 17.4399996101856 17.5749996071681 17.7099996041507
16.3299996349961 16.9799996204674 17.3499996121973 17.5599996075034 17.7049996042624 17.7099996041507 17.4499996099621 17.6699996050447 16.3399996347725 16.3399996347725 15.7549996478483 16.6949996268377 17.239999614656 17.1499996166676 16.0199996419251 15.3899996560067 15.0599996633828 14.8849996672943 14.6399996727705 14.4299996774644 14.2949996804819 14.0199996866286 14.2199996821582 14.2199996821582 13.7449996927753 13.6199996955693 14.3349996795878 14.3299996796995 14.0949996849522 14.6949996715412 12.1099997293204 12.0099997315556 12.0349997309968 12.2399997264147 14.3349996795878 14.587499673944 14.5149996755645 14.7274996708147 14.7374996705912 14.6099996734411 14.6099996734411 16.514999630861 16.244999636896 15.519999653101 15.519999653101 16.0049996422604 16.2099996376783 15.7749996474013 16.7399996258318 16.7799996249378 16.5999996289611 16.7499996256083 16.0499996412545 16.389999633655 16.804999624379 17.0599996186793 17.7749996026978 17.7249996038154 17.7049996042624 17.7149996040389 18.1049995953217 18.4549995874986
16.9949996201321 16.2999996356666 17.4099996108562 16.8899996224791 15.2249996596947 15.5049996534362 15.914999644272 15.914999644272 16.6274996283464 16.3724996340461 16.6374996281229 15.914999644272 16.3249996351078 15.4149996554479 17.9549995986745 17.7099996041507 16.6149996286258 15.3599996566772 15.0299996640533 15.2699996586889 14.7349996706471 14.2999996803701 16.6949996268377 16.6949996268377 16.8349996237084 14.4549996769056 14.484999676235 14.3449996793643 14.1799996830523 11.9549997327849 12.7449997151271 12.7399997152388 14.1599996834993 14.7449996704236 15.0474996636622 14.9924996648915 15.0174996643327 15.0424996637739 15.1749996608123 15.2024996601976 16.1449996391311 15.8699996452779 15.7449996480718 15.4499996546656 15.3149996576831 15.479999653995 15.7199996486306 17.0849996181205 17.2899996135384 17.5549996076152 17.2499996144325 17.4199996106327 17.364999611862 17.0449996190146 17.2449996145442 17.7499996032566 18.5299995858222 17.6724996049888 -9999 -9999 -9999 -9999
17.3949996111915 17.2049996154383 16.7699996251613 16.8099996242672 15.2399996593595 15.0799996629357 16.0849996404722 16.3649996342137 17.0249996194616 16.5749996295199 15.189999660477 15.5149996532127 17.1049996176735 16.9399996213615 16.2499996367842 17.8149996018037 17.0399996191263 16.2649996364489 16.1799996383488 16.0699996408075 16.2299996372312 14.7674996699207 14.9149996666238 14.7174996710382 13.2349997041747 13.9749996876344 14.3999996781349 14.2949996804819 14.1499996837229 14.9499996658415 13.4849996985868 13.4999996982515 13.5349996974692 15.2049996601418 15.2824996584095 15.7624996476807 15.7349996482953 15.5299996528774 15.2849996583536 15.3024996579625 16.1899996381253 16.4199996329844 17.0399996191263 16.9249996216968 15.9299996439368 16.949999621138 18.2049995930865 17.1799996159971 17.3399996124208 17.8149996018037 18.2599995918572 18.2449995921925 17.5649996073917 17.219999615103 17.2849996136501 12.4599997214973 -9999 -9999 -9999 -9999 -9999 -9999
16.9749996205792 17.0499996189028 17.1649996163324 16.65999962762 15.7749996474013 15.2499996591359 14.8749996675178 15.6299996506423 16.1299996394664 15.934999643825 16.2799996361136 16.0249996418133 15.8049996467307 15.8149996465072 16.3199996352196 16.6349996281788 16.7099996265024 16.4649996319786 16.3049996355549 15.5699996519834 15.0049996646121 14.7449996704236 15.0299996640533 15.1449996614829 13.7949996916577 14.1049996847287 14.2049996824935 14.0549996858463 13.9299996886402 15.0949996626005 14.3130185480036 14.8395830016428 14.8395830016428 -9999 -9999 16.3224996351637 16.287499635946 15.5399996526539 15.3074996578507 14.9449996659532 16.1699996385723 15.914999644272 16.6649996275082 17.1949996156618 17.2349996147677 18.3749995892867 17.65499960538 17.3999996110797 17.4149996107444 17.5649996073917 18.10999959521 18.8299995791167 19.7249995591119 -9999 -9999 -9999 -9999 -9999 -9999 -9999 -9999 -9999
17.0449996190146 16.9149996219203 16.7199996262789 16.2999996356666 15.914999644272 15.9449996436015 15.9249996440485 13.6749996943399 14.9499996658415 15.0249996641651 14.6099996734411 14.5299996752292 15.6999996490777 16.1199996396899 16.5399996303022 16.8549996232614 16.8749996228144 16.6249996284023 15.9099996443838 14.7549996702 14.5549996746704 14.2649996811524 15.1749996608123 13.944999688305 13.7149996934459 13.779999691993 13.924999688752 14.0999996848404 14.7224996709265 13.3549997014925 -9999 -9999 -9999 -9999 16.3799996338785 17.5349996080622 16.7449996257201 16.5899996291846 16.3299996349961 16.1749996384606 16.3549996344373 16.4749996317551 16.2099996376783 15.8999996446073 17.239999614656 18.1349995946512 18.2399995923042 18.1449995944276 18.3549995897338 18.6549995830283 19.0299995746464 20.3499995451421 17.5674996073358 -9999 -9999 -9999 -9999 -9999 -9999 -9999 -9999 -9999
17.0799996182323 16.349999634549 16.0499996412545 17.674999604933 14.2999996803701 14.3299996796995 14.5349996751174 14.4899996761233 13.9999996870756 13.8749996898696 14.2799996808171 14.2199996821582 15.914999644272 15.8999996446073 16.8249996239319 15.9449996436015 15.5999996513128 16.4699996318668 16.1449996391311 14.4449996771291 14.4049996780232 14.1749996831641 14.3049996802583 14.3249996798113 14.6549996724352 14.1549996836111 14.4699996765703 14.9049996668473 15.6783329828953 16.7116662931318 -9999 -9999 -9999 -9999 -9999 17.2324996148236 17.094999617897 17.0849996181205 16.514999630861 16.4474996323697 16.6699996273965 18.7649995805696 18.7649995805696 17.5999996066093 18.3699995893985 18.1349995946512 18.1549995942041 18.4449995877221 18.6099995840341 20.1499995496124 20.9649995313957 20.8599995337427 21.3299995232373 20.0024995529093 12.8543997126818 -9999 -9999 -9999 -9999 -9999 -9999 -9999
17.2549996143207 18.2074995930307 17.8274996015243 17.5049996087328 17.1749996161088 14.5149996755645 14.5149996755645 17.4299996104091 16.9949996201321 15.189999660477 15.5149996532127 15.7349996482953 15.954999643378 16.1449996391311 16.2149996375665 16.1699996385723 16.1099996399134 16.0749996406958 14.9649996655062 14.4049996780232 18.3749995892867 16.5449996301904 15.2949996581301 16.099999640137 17.1299996171147 17.5199996083975 17.2499996144325 17.1699996162206 16.494999631308 15.8049996467307 22.9053566308825 24.7149994475767 -9999 -9999 -9999 -9999 17.4874996091239 17.427499610465 17.3599996119738 17.1674996162765 16.7374996258877 16.909999622032 17.6449996056035 17.779999602586 18.3149995906278 18.1999995931983 18.8499995786697 19.6449995609 21.1699995268136 21.4599995203316 21.364999522455 20.9049995327368 20.8099995348603 9.86999977938831 -9999 -9999 -9999 -9999 -9999 -9999 -9999 -9999
15.5049996534362 15.8649996453896 16.1199996396899 15.9299996439368 15.7949996469542 15.4349996550009 13.0949997073039 16.8224996239878 15.7849996471778 15.6299996506423 15.6849996494129 15.8349996460602 16.20499963779 16.3299996349961 16.4099996332079 16.244999636896 15.4949996536598 15.9599996432662 15.2599996589124 15.5149996532127 17.8749996004626 18.1649995939806 17.0999996177852 16.8799996227026 16.6749996272847 16.9749996205792 17.2349996147677 17.3749996116385 17.2899996135384 17.6599996052682 17.8724996005185 -9999 -9999 -9999 -9999 -9999 -9999 -9999 -9999 -9999 -9999 -9999 -9999 -9999 -9999 -9999 20.2349995477125 20.409999543801 20.7049995372072 21.4149995213374 18.4574995874427 -9999 -9999 -9999 -9999 -9999 -9999 -9999 -9999 -9999 -9999 -9999
15.6399996504188 16.1249996395782 16.1249996395782 16.784999624826 16.7049996266142 16.639999628067 17.8074996019714 17.0349996192381 15.4399996548891 15.9099996443838 15.8049996467307 16.1549996389076 16.369999634102 16.349999634549 16.4449996324256 16.7199996262789 16.6049996288493 16.5449996301904 16.8349996237084 17.0349996192381 17.1499996166676 16.8149996241555 16.369999634102 16.1299996394664 16.0149996420369 14.5888706416553 15.2449996592477 16.3249996351078 16.9599996209145 17.4449996100739 17.6849996047094 17.7624996029772 19.2721395870144 -9999 -9999 -9999 -9999 -9999 -9999 -9999 -9999 -9999 -9999 -9999 -9999 -9999 -9999 -9999 -9999 -9999 -9999 -9999 -9999 -9999 -9999 -9999 -9999 -9999 -9999 -9999 -9999 -9999
16.6474996278994 16.7174996263348 16.6549996277317 16.4374996325932 16.5074996310286 17.5224996083416 16.0774996406399 16.8849996225908 15.2549996590242 16.3349996348843 16.2899996358901 16.1399996392429 16.5949996290728 16.6249996284023 16.639999628067 16.5099996309727 15.7299996484071 15.9499996434897 16.5449996301904 16.8349996237084 16.8099996242672 17.6099996063858 16.3349996348843 16.3949996335432 16.3949996335432 17.4749996094033 16.9399996213615 16.3099996354431 16.9649996208027 17.5249996082857 17.9549995986745 18.2599995918572 -9999 -9999 -9999 -9999 -9999 -9999 -9999 -9999 -9999 -9999 -9999 -9999 -9999 -9999 -9999 -9999 -9999 -9999 -9999 -9999 -9999 -9999 -9999 -9999 -9999 -9999 -9999 -9999 -9999 -9999
16.1874996381812 16.0124996420927 16.1649996386841 15.9574996433221 16.2924996358342 15.3674996565096 14.4924996760674 15.7299996484071 15.6599996499717 16.0349996415898 16.7149996263906 16.6649996275082 16.7999996244907 16.7699996251613 17.0799996182323 16.6249996284023 15.5649996520951 15.2849996583536 15.8699996452779 17.6299996059388 17.2599996142089 17.6299996059388 18.2699995916337 17.9349995991215 17.6099996063858 17.3599996119738 17.9149995995685 17.9599995985627 18.0399995967746 18.7299995813519 18.8849995778874 19.7749995579943 22.7286453253085 -9999 -9999 -9999 -9999 -9999 -9999 -9999 -9999 -9999 -9999 -9999 -9999 -9999 -9999 -9999 -9999 -9999 -9999 -9999 -9999 -9999 -9999 -9999 -9999 -9999 -9999 -9999 -9999 -9999
15.5849996516481 15.5524996523745 16.0949996402487 15.4649996543303 15.0249996641651 14.794999669306 14.8149996688589 16.0499996412545 16.5549996299669 16.4199996329844 16.639999628067 16.4549996322021 16.5449996301904 16.5549996299669 15.809999646619 15.8699996452779 16.6299996282905 15.5449996525422 19.1349995722994 19.1699995715171 18.2599995918572 18.814999579452 18.2199995927513 17.2699996139854 16.7099996265024 16.7399996258318 16.9999996200204 17.8549996009097 18.5749995848164 18.7499995809048 18.9699995759875 19.5999995619059 19.7774995579384 -9999 -9999 -9999 -9999 -9999 -9999 -9999 -9999 -9999 -9999 -9999 -9999 -9999 -9999 -9999 -9999 -9999 -9999 -9999 -9999 -9999 -9999 -9999 -9999 -9999 -9999 -9999 -9999 -9999
