EcologicalScience/Bass/data/rs_data_bass/sst_386.asc
NCOLS 226 
NROWS 124 
XLLCORNER -9.41648524995501 
YLLCORNER 47.587301625531 
CELLSIZE 0.0833 
NODATA_value -9999 
[rows 0 to 26 of 124, columns 62 to 123 of 226]
-9999 -9999 -9999 -9999 -9999 -9999 -9999 -9999 -9999 -9999 -9999 -9999 -9999 -9999 -9999 -9999 -9999 -9999 -9999 -9999 -9999 -9999 -9999 -9999 -9999 -9999 -9999 -9999 -9999 -9999 -9999 -9999 -9999 -9999 -9999 -9999 -9999 -9999 -9999 -9999 -9999 -9999 -9999 -9999 -9999 -9999 -9999 -9999 -9999 -9999 -9999 -9999 -9999 -9999 -9999 -9999 -9999 -9999 -9999 -9999 -9999 -9999
-9999 -9999 -9999 -9999 -9999 -9999 -9999 -9999 -9999 -9999 -9999 -9999 -9999 -9999 -9999 -9999 -9999 -9999 -9999 -9999 -9999 -9999 -9999 -9999 -9999 -9999 -9999 -9999 -9999 -9999 -9999 -9999 -9999 -9999 -9999 -9999 -9999 -9999 -9999 -9999 -9999 -9999 -9999 -9999 -9999 -9999 -9999 -9999 -9999 -9999 -9999 -9999 -9999 -9999 -9999 -9999 -9999 -9999 -9999 -9999 -9999 -9999
-9999 -9999 -9999 -9999 -9999 -9999 -9999 -9999 -9999 -9999 -9999 -9999 -9999 -9999 -9999 -9999 -9999 -9999 -9999 -9999 -9999 -9999 -9999 -9999 -9999 -9999 -9999 -9999 -9999 -9999 -9999 -9999 -9999 -9999 -9999 -9999 -9999 -9999 -9999 -9999 -9999 -9999 -9999 -9999 -9999 -9999 -9999 -9999 -9999 -9999 -9999 -9999 -9999 -9999 -9999 -9999 -9999 -9999 -9999 -9999 -9999 -9999
-9999 -9999 -9999 -9999 -9999 -9999 -9999 -9999 -9999 -9999 -9999 -9999 -9999 -9999 -9999 -9999 -9999 -9999 -9999 -9999 -9999 -9999 -9999 -9999 -9999 -9999 -9999 -9999 -9999 -9999 -9999 -9999 -9999 -9999 -9999 -9999 -9999 -9999 -9999 -9999 -9999 -9999 -9999 -9999 -9999 -9999 -9999 -9999 -9999 -9999 -9999 -9999 -9999 -9999 -9999 -9999 -9999 -9999 -9999 -9999 -9999 -9999
-9999 -9999 -9999 -9999 -9999 -9999 -9999 -9999 -9999 -9999 -9999 -9999 -9999 -9999 -9999 -9999 -9999 -9999 -9999 -9999 -9999 -9999 -9999 -9999 -9999 -9999 -9999 -9999 -9999 -9999 -9999 -9999 -9999 -9999 -9999 -9999 -9999 -9999 -9999 -9999 -9999 -9999 -9999 -9999 -9999 -9999 -9999 -9999 -9999 -9999 -9999 -9999 -9999 -9999 -9999 -9999 -9999 -9999 -9999 -9999 -9999 -9999
-9999 -9999 -9999 -9999 -9999 -9999 -9999 -9999 -9999 -9999 -9999 -9999 -9999 -9999 -9999 -9999 -9999 -9999 -9999 -9999 -9999 -9999 -9999 -9999 -9999 -9999 -9999 -9999 11.1099997516721 9.04769660520833 8.38316496321931 6.51513717276976 6.63992735790089 6.60406810929999 7.11757254926488 7.6920377118513 7.75801872927696 7.78957486804575 7.80320138251409 7.82973722647876 7.99253821512684 7.66335031297058 7.89356668898836 7.85985899530351 8.02696309378371 8.00473035965115 7.99612413998693 7.8993041687645 7.80463575245813 7.76519057899714 7.79244360793382 7.73004851536825 7.76734213391319 7.80033264262602 7.79459516284987 7.82113100681454 7.56796471169218 7.66621905285865 7.77379679866135 7.84121218603104 7.81754508195445 7.78168583335355
-9999 -9999 -9999 -9999 -9999 -9999 -9999 -9999 -9999 -9999 -9999 -9999 -9999 -9999 -9999 -9999 -9999 -9999 -9999 -9999 -9999 -9999 -9999 -9999 -9999 -9999 -9999 10.6437237515146 9.03209783206694 8.39918209426105 7.77738272352144 8.5128559123259 8.32351907971315 8.46157718682662 7.42596208723262 7.59736929554492 7.66119875805452 7.85268714558333 7.72144229570404 7.80965604726225 7.82113100681454 7.80033264262602 7.80965604726225 7.7838373882696 7.9272743826732 7.86703084502369 7.79531234782189 7.75156406452879 7.74224065989256 7.39476454094984 7.36751151201315 7.9071932034567 7.83117159642279 7.83906063111499 7.84408092591912 7.82902004150674 7.60956144006923 7.68558304710314 7.76088746916503 7.77379679866135 7.75371561944485 7.73076570034027
-9999 -9999 -9999 -9999 -9999 -9999 -9999 -9999 -9999 -9999 -9999 -9999 -9999 -9999 -9999 -9999 -9999 -9999 -9999 -9999 -9999 -9999 -9999 -9999 -9999 -9999 7.81243513902882 8.55050812335685 8.96790977707133 6.01023895246908 6.13000884279609 7.78527175821364 7.70781578123569 7.71570481592789 7.76877650385723 7.73865473503247 7.76734213391319 7.72502822056413 7.81395915709436 7.81897945189849 7.85053559066728 7.80678730737418 7.66335031297058 7.87276832479984 7.84049500105903 7.84192937100306 7.81467634206638 7.78814049810171 7.86989958491176 7.88998076412827 7.87635424965993 7.90289009362459 7.85196996061131 7.83045441145077 7.81467634206638 7.85914181033149 7.73220007028431 7.70781578123569 7.69777519162744 7.71857355581596 7.70925015117973 7.68343149218708
-9999 -9999 -9999 -9999 -9999 -9999 -9999 -9999 -9999 -9999 -9999 -9999 -9999 -9999 -9999 -9999 -9999 -9999 -9999 -9999 -9999 -9999 -9999 -9999 -9999 -9999 9.05987495771394 6.75969724822789 8.5487151609268 8.5365230164025 7.98249762551859 8.0147709492594 7.80104982759804 7.68486586213112 7.76447339402512 7.76519057899714 7.72359385062009 7.72215948067605 7.74008910497651 7.74869532464072 7.7716452437453 7.86846521496773 7.83690907619894 7.83475752128288 7.82686848659068 7.81180760217831 7.84838403575122 7.8512527756393 7.82830285653472 7.84766685077921 7.81897945189849 7.78025146340951 7.75371561944485 7.7042298563756 7.69562363671139 7.6841486771591 7.73506881017238 7.66263312799856 7.6325113591738 7.72502822056413 7.82543411664665 7.67482527252287
-9999 -9999 -9999 -9999 -9999 -9999 -9999 -9999 -9999 -9999 -9999 -9999 -9999 -9999 -9999 -9999 -9999 -9999 -9999 -9999 -9999 -9999 -9999 -9999 -9999 11.9506065825393 7.90432446356863 8.48811303079128 7.97078360430896 7.87037770822644 7.88209172943607 7.82471693167463 7.88854639418423 7.91723379306495 7.82184819178656 7.64326913375407 7.74582658475265 7.81252478715032 7.8634449201636 7.81826226692647 7.799615457654 7.75801872927696 7.80965604726225 7.82830285653472 7.86416210513562 7.73435162520036 7.82902004150674 7.80391856748611 7.77307961368933 7.72574540553614 7.72359385062009 7.7278969604522 7.71570481592789 7.71283607603982 7.73650318011642 7.72717977548018 6.36524551361799 9.02600175980479 7.75012969458476 7.78885768307373 7.6999267465435 7.57513656141236
-9999 -9999 -9999 -9999 -9999 -9999 -9999 -9999 -9999 -9999 -9999 -9999 -9999 -9999 -9999 -9999 -9999 -9999 -9999 -9999 -9999 -9999 -9999 -9999 12.1949813566171 8.6322672101669 8.58923611184582 8.50747702503577 8.39236883702688 7.70781578123569 7.79029205301777 7.80678730737418 7.87420269474387 7.86487929010764 7.67697682743892 7.62964261928573 7.52995390817523 7.77379679866135 7.72431103559211 7.72000792576 7.76232183910906 7.70566422631964 7.70064393151551 7.70853296620771 7.75443280441687 7.71283607603982 7.71642200089991 7.63753165397793 7.69490645173937 7.66335031297058 7.64757224358618 7.58015685621649 7.65976438811049 7.67195653263479 7.82256537675858 7.71642200089991 7.73937192000449 7.80104982759804 7.7917264229618 7.83404033631086 7.77738272352144 7.79602953279391
-9999 -9999 -9999 -9999 -9999 -9999 -9999 -9999 -9999 -9999 -9999 -9999 -9999 -9999 -9999 -9999 -9999 -9999 -9999 -9999 -9999 -9999 -9999 -9999 7.19789726613089 8.35435803350993 8.51500746724196 8.51787620713003 7.10729289799929 7.13239437201992 7.2459486592561 6.87516402872279 6.63418987812474 7.10107729490846 7.45895259594545 7.68056275229901 7.72717977548018 7.76590776396915 7.67267371760681 7.66263312799856 7.66693623783067 7.66621905285865 7.63179417420179 7.45464948611334 7.74726095469669 7.70709859626368 7.64326913375407 7.47473066532984 7.49050873471424 7.31408123159781 7.50341806421056 7.51345865381882 7.58159122616053 7.66693623783067 7.76017028419301 7.71642200089991 7.80535293743014 7.31515700905584 7.1383709134534 7.83977781608701 6.8396633726079 6.95369578315876
-9999 -9999 -9999 -9999 -9999 -9999 -9999 -9999 -9999 -9999 -9999 -9999 -9999 -9999 -9999 -9999 -9999 -9999 -9999 -9999 -9999 -9999 -9999 11.9899997320026 8.43755149026401 8.29519027331844 7.37671538582072 7.2380596245639 7.1596474009566 6.56031982600689 6.36309395870194 6.33153781993315 6.66502883192152 7.122592844069 7.17315438459627 7.59736929554492 7.66191594302654 7.64685505861416 7.63896602392197 7.56796471169218 7.50341806421056 7.11852879589424 7.28467664774507 7.71642200089991 7.62533950945362 7.68845178699121 7.60023803543299 7.62677387939766 7.57011626660824 7.58374278107658 7.59450055565685 7.52636798331514 7.49194310465828 7.5249336133711 7.08362579392269 7.44532608147711 7.3334452258423 7.21367533551529 7.32483900617808 7.69490645173937 7.81754508195445 6.92823571665213
-9999 -9999 -9999 -9999 -9999 -9999 -9999 -9999 -9999 -9999 -9999 -9999 -9999 -9999 -9999 -9999 -9999 -9999 -9999 -9999 -9999 10.1195295458892 6.75498431841178 8.79281418890293 7.65307066170499 7.09605700010434 7.05553604918532 6.81492049107328 7.20004882104695 7.01429791329429 7.002822953742 6.58398693008348 8.20267341192812 8.05708486260846 7.90360727859661 7.70996733615175 7.64470350369811 7.64111757883802 7.61601610481739 7.64398631872609 7.48835717979819 7.50915554398671 7.58876307588071 7.61816765973344 7.75084687955678 7.74439221480861 7.46755881560966 7.43743704678491 7.56724752672017 7.56222723191604 7.23124636732973 7.06617429293692 7.1517583662644 7.27320168819278 7.29471723735332 7.27965635294095 7.41807305254042 7.41663868259639 7.4847712549381 7.32232885877602 7.33057648595423 7.35639514494687
-9999 -9999 -9999 -9999 -9999 -9999 -9999 -9999 -9999 -9999 -9999 -9999 -9999 -9999 -9999 -9999 -9999 -9999 -9999 -9999 8.07710367791436 7.49810245794737 7.97635032575844 7.16849268227816 6.81348612112924 6.74356058635749 6.72455518459901 7.72000792576 7.65402690833434 8.10800499562174 7.94520400697365 8.20482496684417 8.14529861416668 8.15462201880291 7.40588090801612 7.63968320889398 7.57872248627245 6.72598955454305 7.2088941023685 7.67841119738296 7.6045411452651 8.00831628451124 7.87707143463194 7.85770744038746 7.82615130161867 7.83332315133885 7.66980497771874 7.70351267140359 7.60310677532107 7.58517715102062 7.61960202967748 7.6282082493417 7.51919613359496 7.52780235325918 7.45895259594545 7.40731527796015 7.41090120282024 7.4130527577363 7.87276832479984 7.82328256173059 7.80248419754207 7.71427044598386
-9999 -9999 -9999 -9999 -9999 -9999 -9999 -9999 -9999 -9999 -9999 -9999 -9999 -9999 -9999 -9999 -9999 -9999 -9999 -9999 10.9174392033153 7.07757569505618 8.21199681656435 6.8274712280836 6.99206517916173 5.71475874399766 5.88473158236593 7.74726095469669 7.30475782696158 6.62701802840456 8.61864069569856 8.755623025354 8.44579911744222 8.17828912287951 8.02481153886765 7.86057618027553 8.43432415788993 8.48380992095917 8.32459485717118 8.63011565525085 8.38053528498858 8.21988585125655 8.09222692623734 7.97460859082639 7.7716452437453 7.1462599481456 7.74941250961274 7.70279548643157 7.79316079290584 7.76160465413705 7.83188878139481 7.7917264229618 7.69347208179533 7.76734213391319 7.71713918587193 7.6561784632504 7.67339090257883 7.60884425509721 7.48118533007801 7.83762626117095 7.87061676988378 7.80965604726225
-9999 -9999 -9999 -9999 -9999 -9999 -9999 -9999 -9999 -9999 -9999 -9999 -9999 -9999 -9999 -9999 -9999 -9999 12.9896389520727 8.0402708593756 7.96911017270759 7.72574540553614 6.84683522232808 7.2061448933091 5.97653125878423 6.2418896984309 6.10992766357958 6.3853266928345 5.87469099275768 5.32891322905198 8.84096803702414 7.88639483926818 8.68820763798431 9.21318703750148 9.56389048881829 9.16441845940426 9.41615038458258 7.94520400697365 7.66765342280269 7.56796471169218 8.39272742951289 8.57489241240546 8.30666523287073 8.39846490928903 8.23566392064095 8.33965574158356 8.30666523287073 8.29232153343037 8.19191563734785 8.13669239450246 7.93444623239338 7.98249762551859 7.78025146340951 7.9631336312741 8.06927700713277 7.95739615149796 7.39117861608975 7.43994719418697 6.98489332944155 7.4611041508615 7.45895259594545 7.50019073183648
-9999 -9999 -9999 -9999 -9999 -9999 -9999 -9999 -9999 -9999 -9999 -9999 -9999 -9999 -9999 -9999 7.79534286633134 7.78867838683072 8.34897914621979 8.8060650350526 8.70972318714485 7.24307991936803 7.31742809480056 6.01023895246908 6.9752113323193 5.64519180171192 5.66025268612429 8.74271369585767 4.90505691058934 6.71164585510269 8.56270026788116 8.72048096172512 8.68103578826413 9.32650226308033 9.4964751014486 9.4448377834633 9.66142764501274 9.45918148290366 9.18234808370471 9.55098115932196 8.62150943558663 8.53544723894447 8.72334970161319 9.14362009521574 8.86391795612872 9.20458081783727 9.01596117019653 8.43360697291791 8.48739584581926 8.61648914078251 7.48548843991011 7.35998106980696 7.4969633994624 7.48799858731218 7.4930188821163 7.47437207284383 7.32699056109414 7.34814751776867 7.46971037052572 7.24236273439601 7.39010283863172 7.46648303815164
-9999 -9999 -9999 -9999 -9999 -9999 -9999 -9999 -9999 -9999 -9999 7.8689225503122 7.81999982520938 -9999 -9999 -9999 7.94802696909755 8.57737865364179 8.3891415046528 8.23446861235425 8.20841089170426 3.39466535951942 7.71713918587193 7.64637693529949 6.39465009747073 6.85974455182441 5.95501570962369 6.06546219531447 7.76662494894117 7.66908779274672 8.09366129618138 7.87348550977185 8.58923611184582 8.57847833726555 8.66095460904762 8.54333627363667 8.44723348738626 9.07333596795797 9.15509505476803 8.70183415245265 9.14146854029968 9.23326821671799 9.87299721175805 9.78693501511589 9.65066987043247 8.42069764342159 7.35113578848541 8.73482466116548 8.66238897899166 7.32938117766753 7.45070496876724 8.71115755708888 7.21475111297332 7.27033294830471 7.5249336133711 8.48524429090321 7.16885127476417 6.36739706853405 7.16383097996004 7.33631396573037 7.55003508739173 7.53856012783945
-9999 -9999 -9999 -9999 -9999 -9999 -9999 -9999 -9999 -9999 -9999 -9999 -9999 -9999 -9999 -9999 -9999 -9999 8.44847751439933 7.80487481411546 7.53927731281146 7.25993376621045 7.21761985286139 7.19323556381278 7.49481184454635 6.76149021065794 6.84396648244001 8.54763938346878 8.39918209426105 8.09007537132129 7.97460859082639 8.02696309378371 8.30738241784275 8.07358011696488 8.01835687411949 8.13310646964237 8.29303871840239 8.20841089170426 9.03030486963689 9.0424970141612 9.4527268181555 9.40969571983442 9.50221258122474 9.44842370832339 9.60979032702744 9.36953336140141 9.01022369042039 9.35518966196105 9.13142795069143 9.15222631487995 9.28633990464732 9.21892451727763 8.99157688114792 9.33797722263262 9.0941343321465 8.68677326804027 6.90994749986567 6.96409496525303 6.83105715294369 6.97019103751518 7.10394603479654 7.24738302920014
-9999 -9999 -9999 -9999 -9999 -9999 -9999 -9999 -9999 -9999 -9999 -9999 -9999 -9999 9.91111602505994 7.01613071933389 7.35814826376736 8.84661586867878 8.68856623047031 8.65772727667354 7.18713949155062 7.25993376621045 7.60382396029308 7.77307961368933 8.39559616940096 7.9351634173654 7.99827569490299 7.99038666021079 8.2299264408648 7.68199712224305 8.05636767763644 7.60167240537703 7.67482527252287 8.19048126740381 8.02839746372774 8.03198338858783 8.04991301288828 8.87969602551311 8.98081910656765 9.1221045460552 8.71474348194897 7.2179784453474 7.2656712459866 9.69728689361364 9.02169864997268 8.2019562269561 7.6203192146495 7.93014312256128 7.59736929554492 7.34348581545055 8.69107637787238 8.77929012943059 8.82590715261176 9.0625781933777 8.77068390976638 8.4450819324702 8.13525802455842 8.19048126740381 8.34682759130374 8.40491957403719 8.41782890353352 8.39487898442894
-9999 -9999 -9999 -9999 -9999 -9999 -9999 -9999 -9999 -9999 -9999 -9999 6.17999986186624 8.79972990113311 8.85567032895051 6.86010314431041 8.67565690097399 5.49027984775603 5.51466413680464 7.80941698560491 7.7704499354586 7.33918270561844 7.64422538038343 7.90002135373652 7.95022430177778 7.86774802999571 7.87671284214593 7.81360056460835 7.60023803543299 7.51704457867891 6.63705861801282 8.25000762008131 8.47807244118303 8.6401562448591 8.41998045844957 8.18832971248776 8.19191563734785 6.56605730578303 8.06138797244057 8.21629992639646 7.45680104102939 7.46971037052572 7.01286354335025 7.26029235869646 7.2896969425492 7.66765342280269 8.23279518075287 7.57155063655227 7.46971037052572 7.77307961368933 8.12450024997815 7.78096864838153 6.7001708955504 7.27069154079072 7.35818810737692 7.44150109495968 7.42201756988652 7.46469007572159 7.50736258155666 7.55146945733577 7.62462232448161 8.30021056812257
-9999 -9999 -9999 -9999 -9999 -9999 -9999 -9999 -9999 -9999 6.77013758027957 9.72358367592096 9.25980406068265 8.96468244469725 8.83845788962208 8.7489292989485 8.74175744922832 8.76933918794384 8.77749716700055 8.80295723350719 8.60106966388412 6.75467695342377 7.57513656141236 8.28335672128014 8.00759909953922 7.57334359898232 7.7239524431061 7.93157749250531 7.46469007572159 8.40384379657917 7.78419598075561 7.91221349826083 8.64517653966323 8.28514968371019 8.14673298411071 7.25885798875242 7.82184819178656 7.79531234782189 7.26889857836068 7.76590776396915 6.09343240922317 7.38054037233815 7.3018890870735 7.59736929554492 7.30571407359093 7.28874069591984 7.23088777484372 7.62892543431371 7.79818108770996 7.81897945189849 7.70494704134762 8.04776145797223 8.03915523830801 8.1460157991387 8.05206456780434 7.58087404118851 7.57083345158026 8.00473035965115 7.79029205301777 7.66227453551255 8.32029174733907 7.68486586213112
-9999 -9999 -9999 -9999 -9999 -9999 -9999 -9999 -9999 -9999 10.6449997620657 7.06256024317597 8.18445243123278 9.02349161240272 9.19310585828498 10.163218063768 12.349999723956 -9999 -9999 9.22999979369342 -9999 9.77214977474969 8.57991270720959 8.57919552223757 7.78634753567167 8.30021056812257 7.96205785381608 7.45225886953995 7.57513656141236 6.95620593056083 7.56007567699999 6.80487990146503 7.24523147428408 7.78455457324162 7.44604326644912 7.10968351457268 7.69777519162744 7.81754508195445 7.8196966368705 7.73722036508843 7.86918239993975 7.02003539307043 7.56437878683209 7.67769401241094 7.23303932975978 7.48979154974222 7.62247076956555 7.78527175821364 7.92153690289706 7.68127993727103 7.61745047476143 7.72933133039623 7.98464918043464 7.91723379306495 7.96456800121814 8.10441907076165 8.30021056812257 8.13525802455842 7.78598894318566 7.59450055565685 7.58697011345066 7.59414196317084
-9999 -9999 -9999 -9999 -9999 -9999 -9999 -9999 -9999 -9999 -9999 -9999 -9999 -9999 -9999 -9999 -9999 -9999 -9999 -9999 -9999 -9999 -9999 -9999 -9999 9.59869505363681 8.40886409138329 7.75801872927696 7.73506881017238 7.52134768851101 8.75155897717923 7.70207830145955 8.09653003606945 8.18498284928501 7.71355326101184 8.62366099050269 7.91336099421605 8.07329324297607 7.43815423175693 7.67267371760681 7.75012969458476 7.64972379850224 7.67769401241094 7.72574540553614 7.64542068867013 7.63609728403389 7.65546127827838 7.72144229570404 7.05230871681124 7.29184849746525 7.51991331856698 7.92584001272917 8.08218633662909 8.09868159098551 8.11804558522999 8.17972349282354 8.18115786276758 8.21558274142444 7.71821496332996 7.71104311360978 7.71427044598386 7.98966947523877
-9999 -9999 -9999 -9999 -9999 -9999 -9999 -9999 -9999 -9999 -9999 -9999 -9999 -9999 -9999 -9999 -9999 -9999 -9999 -9999 -9999 -9999 -9999 -9999 -9999 10.6396679468453 9.50164907874673 7.4847712549381 7.78025146340951 8.30272071552463 8.75586208701134 7.44209874910302 7.70901108952239 8.15784935117699 8.7890916573815 7.77487257611938 8.41957063846556 5.9750968888402 7.52995390817523 7.74080628994852 7.85914181033149 7.84408092591912 7.9430524520576 7.76805931888521 7.74582658475265 7.70064393151551 7.75658435933292 7.23160495981574 7.73506881017238 7.6841486771591 7.93229467747733 7.87491987971589 7.9710226659663 7.86201055021957 7.6762596424669 8.0707113770768 7.77917568595149 7.74977110209875 7.76483198651113 8.16466260841116 8.16466260841116 7.70584352256265
-9999 -9999 -9999 -9999 -9999 -9999 -9999 -9999 -9999 -9999 -9999 -9999 -9999 -9999 -9999 -9999 -9999 -9999 -9999 -9999 -9999 -9999 -9999 -9999 -9999 -9999 -9999 10.399610199267 8.9112521642819 7.94161808211356 8.10920030390844 8.27726064901799 8.14745016908273 9.66166670667008 7.99433117755689 7.95703755901195 8.55767997307703 7.73399303271435 7.62318795453757 8.66119367070496 7.72000792576 7.90360727859661 7.91938534798101 7.83260596636683 7.73793755006045 7.78455457324162 7.74510939978063 7.7795342784375 7.86703084502369 7.97962888563052 8.08075196668506 8.05421612272039 8.0147709492594 7.76447339402512 7.69610176002607 8.22275459114462 8.19765311712399 8.22849207092077 8.25287635996938 7.72813602210954 7.79262290417682 7.92512282775715
