EcologicalScience/Bass/data/rs_data_bass/sst_145.asc
NCOLS 226 
NROWS 124 
XLLCORNER -9.41648524995501 
YLLCORNER 47.587301625531 
CELLSIZE 0.0833 
NODATA_value -9999 
[rows 54 to 80 of 124, columns 0 to 61 of 226]
-9999 -9999 -9999 -9999 -9999 -9999 -9999 -9999 -9999 -9999 -9999 -9999 -9999 -9999 -9999 -9999 -9999 -9999 -9999 -9999 -9999 -9999 -9999 -9999 -9999 -9999 -9999 -9999 -9999 -9999 -9999 -9999 -9999 -9999 -9999 -9999 -9999 -9999 8.7436357908217 8.68328979817618 6.25981932273135 8.89314324373845 9.34844812322408 8.56425416865386 8.6188797573559 8.81012908322737 8.86104921624064 8.941612994764 8.85316018154845 8.91531621245667 8.66406241059303 9.22824792191386 9.38818017067388 9.29924923414364 6.73029266437516 6.75144962104969 6.54705190402456 8.53975034877658 14.4246305341155 12.7521870850407 -9999 13.4220004271483
-9999 -9999 -9999 -9999 -9999 -9999 -9999 -9999 -9999 -9999 -9999 -9999 -9999 -9999 -9999 -9999 -9999 -9999 -9999 -9999 -9999 -9999 -9999 -9999 -9999 -9999 -9999 -9999 -9999 -9999 -9999 -9999 -9999 -9999 -9999 -9999 -9999 -9999 13.6099996957928 6.00414288020693 6.82806888222694 8.86929684341885 8.96880625828635 7.14602088648826 8.74522384325974 9.22466199705377 9.02265489660203 9.03006580797955 8.79506819881499 9.50041961879469 9.55492567666806 6.26914272736758 9.17947934381664 9.11493269633502 8.79650256875902 8.61505477083847 5.81014434527606 14.3113413460913 5.73099902167075 13.6649996945634 -9999 15.4499996546656
-9999 -9999 -9999 -9999 -9999 -9999 -9999 -9999 -9999 -9999 -9999 -9999 -9999 -9999 -9999 -9999 -9999 -9999 -9999 -9999 -9999 -9999 -9999 -9999 -9999 -9999 -9999 -9999 -9999 -9999 -9999 -9999 -9999 -9999 -9999 -9999 -9999 -9999 -9999 7.06925221177517 8.42938355030492 8.36105175991543 8.48010446527041 8.54799797595479 8.06473483564332 8.93468020670116 9.02337208157405 9.05062511051074 9.02767519140616 9.12258266936988 6.26220993930474 6.59510329714976 6.81384471361525 6.83428448531777 8.93993956316262 8.86822106596082 7.11291084694676 6.87229528883472 7.58732870593667 5.87050844419242 18.9649995760992 -9999
-9999 -9999 -9999 -9999 -9999 -9999 -9999 -9999 -9999 -9999 -9999 -9999 -9999 -9999 -9999 -9999 -9999 -9999 -9999 -9999 -9999 -9999 -9999 -9999 -9999 -9999 -9999 -9999 -9999 -9999 -9999 -9999 -9999 -9999 -9999 -9999 -9999 -9999 -9999 15.064999663271 6.66502883192152 8.62109961560262 8.58206426212564 8.70948412548751 8.69203262450173 8.91196934925392 8.95093639940023 8.93468020670116 9.00137840909883 8.87706634728238 9.1287982724607 9.02767519140616 9.44196904357523 6.20292264828458 6.17877742089331 9.35877558682114 9.15294349985197 9.08552811248228 6.7493740155672 6.53641366027296 10.8077970148113 -9999
-9999 -9999 -9999 -9999 -9999 -9999 -9999 -9999 -9999 -9999 -9999 -9999 -9999 -9999 -9999 -9999 -9999 -9999 -9999 -9999 -9999 -9999 -9999 -9999 -9999 -9999 -9999 -9999 -9999 -9999 -9999 -9999 -9999 -9999 -9999 -9999 -9999 -9999 -9999 -9999 8.75542742945254 9.01395305227488 8.5605487129651 8.73936683265492 8.76040425850078 8.77068390976638 8.82805870752782 8.65115308109671 8.71713409852237 9.47316658985801 9.60979032702744 9.27438682178035 9.41005431232043 9.34837640472688 9.03532516444102 9.17876215884462 9.07979063270614 9.07118441304192 9.01022369042039 8.16466260841116 8.28514968371019 15.9099996443838
-9999 -9999 -9999 -9999 -9999 -9999 -9999 -9999 -9999 -9999 -9999 -9999 -9999 -9999 -9999 -9999 -9999 -9999 -9999 -9999 -9999 -9999 -9999 -9999 -9999 -9999 -9999 -9999 -9999 -9999 -9999 -9999 -9999 -9999 -9999 -9999 -9999 -9999 -9999 11.4649997437373 7.92655719770119 8.04166538571008 8.41209142375737 8.47233496140689 8.53090506745502 8.62055318895727 8.61194696929306 8.84240240696818 9.05158135714009 9.17493717232719 9.16513564437628 9.58863337035291 8.82184310443699 9.40216527762823 8.88758506020531 8.79004790401086 8.68964200792834 9.01882991008461 9.05468915868551 11.0049679931743 -9999 -9999
-9999 -9999 -9999 -9999 -9999 -9999 -9999 -9999 -9999 -9999 -9999 -9999 -9999 -9999 -9999 -9999 -9999 -9999 -9999 -9999 -9999 -9999 -9999 -9999 -9999 -9999 -9999 -9999 -9999 -9999 -9999 -9999 -9999 -9999 -9999 -9999 -9999 -9999 -9999 11.0596716394993 8.20876948419027 8.06258328072727 8.21271400153637 8.33535263175145 8.42595699988306 8.62103131227195 8.6031016879715 8.77881200611591 9.40252387011424 8.94615516625345 9.48213140200824 9.50759146851487 9.15652942471206 8.93707082327455 8.87682728562504 8.86200546287 8.76685892324895 13.9149996889755 13.4651858638244 6.74592729676515 7.62361826552078 7.66335031297058
-9999 -9999 -9999 -9999 -9999 -9999 -9999 -9999 -9999 -9999 -9999 -9999 -9999 -9999 -9999 -9999 -9999 -9999 -9999 -9999 -9999 -9999 -9999 -9999 -9999 -9999 -9999 -9999 -9999 -9999 -9999 -9999 -9999 -9999 -9999 -9999 -9999 -9999 -9999 8.13113421096932 8.11326435208321 7.94616025360301 8.23040456417948 8.19239376066253 8.36499627726153 8.80797752831131 9.00496433395892 9.3451490723528 9.23541977163404 9.27558213006705 8.24666075687855 8.18402660265565 8.63943905988708 7.67434714920819 8.32794172037393 7.64661599695683 8.00377411302179 8.88271080968635 7.93975340118632 7.68644366906956 7.57226782152429 7.63729259232059
-9999 -9999 -9999 -9999 -9999 -9999 -9999 -9999 -9999 -9999 -9999 -9999 -9999 -9999 -9999 -9999 -9999 -9999 -9999 -9999 -9999 -9999 -9999 -9999 -9999 -9999 -9999 -9999 -9999 -9999 -9999 -9999 -9999 -9999 -9999 -9999 -9999 -9999 10.1201869654469 8.03377635101788 8.29112622514367 8.43982257600874 8.39009775128216 9.16011534957215 8.60214544134215 8.72944577387534 9.0413017058745 9.1354919988662 9.4649189626798 8.26984973764047 9.41973630944267 8.12306588003412 8.0226599839516 7.892610442359 8.01716156583279 8.69251074781641 7.9430524520576 7.89547918224707 7.82519505498931 7.82782473322004 7.45249793119729 7.58517715102062
-9999 -9999 -9999 -9999 -9999 -9999 -9999 -9999 -9999 -9999 -9999 -9999 -9999 -9999 -9999 -9999 -9999 -9999 -9999 -9999 -9999 -9999 -9999 -9999 -9999 -9999 -9999 -9999 -9999 -9999 -9999 -9999 -9999 -9999 -9999 -9999 -9999 -9999 9.31254474016336 8.00975065445527 8.61505477083847 8.02313810726628 8.46827091323212 8.57106742588803 9.57966855820268 9.64493239065632 9.24091818975285 9.60477003222331 9.30235703568906 8.98034098325297 8.53233943739906 8.158207943663 8.078600411769 7.90982288168743 7.77809990849346 7.63083792757243 8.17900630785152 8.26482944283634 8.06497389730066 7.62749106436968 7.65474409330636 7.72933133039623
-9999 -9999 -9999 -9999 -9999 -9999 -9999 -9999 -9999 -9999 -9999 -9999 -9999 -9999 -9999 -9999 -9999 -9999 -9999 -9999 -9999 -9999 -9999 -9999 -9999 -9999 -9999 -9999 -9999 -9999 -9999 -9999 -9999 -9999 -9999 -9999 -9999 15.1702919161659 6.43266090098768 8.4092226838693 8.32710500457324 8.91053497930989 8.90527562284842 9.19740896811709 9.1847387002781 9.55743582407013 9.3719239779748 9.52516250032932 9.6800744542852 9.07644376950338 9.0625781933777 9.09007028397173 7.99564601667225 8.8553117364645 7.95859145978466 8.52970975916833 6.33440655982122 8.28252000547945 7.98966947523877 7.83977781608701 7.87850580457598 7.80248419754207
-9999 -9999 -9999 -9999 -9999 -9999 -9999 -9999 -9999 -9999 -9999 -9999 -9999 -9999 -9999 -9999 -9999 -9999 -9999 -9999 -9999 -9999 -9999 -9999 -9999 -9999 -9999 -9999 -9999 -9999 -9999 -9999 -9999 -9999 -9999 -9999 -9999 9.69396991311805 8.51536605972797 8.47000411024783 8.61146884597838 8.755802321597 9.37527084117755 9.34706156561151 9.1859340085648 9.34801781224087 9.63489180104807 9.58468885300681 9.72095399769023 9.72812584741041 9.66071046004072 9.29518518596888 9.57966855820268 9.12138736108318 8.76040425850078 9.36702321399935 8.69394511776045 8.65617337590083 8.64278592308983 6.49792473344132 8.05349893774837 7.99086478352547
-9999 -9999 -9999 -9999 -9999 -9999 -9999 -9999 -9999 -9999 -9999 -9999 -9999 -9999 -9999 -9999 -9999 -9999 -9999 -9999 -9999 -9999 -9999 -9999 -9999 -9999 -9999 -9999 -9999 -9999 -9999 -9999 -9999 -9999 -9999 15.3544043964573 9.44752722710837 8.62903987779282 8.81765952543356 8.88937802263536 8.98494292015675 9.04285560664721 9.20960111264139 9.49217199161649 9.26482435548678 8.91842401400208 9.0066377655603 9.15724660968408 8.99229406611994 8.93420208338648 8.98010192159563 9.38818017067388 9.55743582407013 9.2880133362487 9.06425162497908 8.99492374435067 8.43384603457525 8.65832493081689 8.59592983825132 8.4529709671624 7.99971006484702 7.96098207635805
-9999 -9999 -9999 -9999 -9999 -9999 -9999 -9999 -9999 -9999 -9999 -9999 -9999 -9999 -9999 -9999 -9999 -9999 -9999 -9999 -9999 -9999 -9999 -9999 -9999 -9999 -9999 -9999 -9999 -9999 -9999 -9999 -9999 -9999 -9999 15.3539941507259 8.84785301275551 8.91412090416998 8.9258349253796 8.94836648658384 9.10399562551174 9.19561600568704 9.55026397434995 9.65353861032054 9.69513533869758 7.53174687060528 9.12497328594327 9.94208603072912 9.02528457483277 9.67648852942511 9.35016936715692 9.658797966782 9.33008818794042 9.2418744363822 9.12545140925795 8.99181594280526 8.71522160526365 8.5550502948463 8.48596147587523 8.3587806741707 8.30212306138128 8.23638110561296
-9999 -9999 -9999 -9999 -9999 -9999 -9999 -9999 -9999 -9999 -9999 -9999 -9999 -9999 -9999 -9999 -9999 -9999 -9999 -9999 -9999 -9999 -9999 -9999 -9999 -9999 -9999 -9999 7.1221104788432 12.019356960138 14.2108582650468 9.08911403734237 9.28593008466331 10.0713715300424 14.0535254866506 13.136832121856 9.11564988130704 8.51805550337303 8.56772056268528 9.01022369042039 9.02026428002864 9.42977689905092 9.72292625636328 9.4649189626798 9.62269965652376 9.8550675874576 9.9255907763727 9.11278114141896 9.85817538900301 9.68676818069071 9.3652302515693 9.68174788588658 9.55887019401416 9.19167148834094 9.15222631487995 9.08887497568503 8.97699412005022 8.76040425850078 8.69466230273247 8.37671029847115 8.77821435197257 8.50188298225403
-9999 -9999 -9999 -9999 -9999 -9999 -9999 -9999 -9999 -9999 -9999 -9999 -9999 -9999 -9999 -9999 -9999 -9999 -9999 -9999 -9999 -9999 10.0495088028954 8.94998015277088 9.32482883147895 9.2099084776294 9.2059127327853 8.81861577206291 9.03546860143542 9.03568375692703 8.78694010246545 8.88435772783123 8.74289299210068 8.72908718138933 8.76907024357934 8.69753104262054 8.70506148482673 8.8393543708371 8.90999709058087 9.0025139519712 9.2773750924971 9.6521042403765 9.69513533869758 9.77259131567553 9.48715169681236 9.52731405524537 8.13740957947448 8.58636737195775 8.7835932392627 9.43981748865917 9.58325448306277 9.55026397434995 9.46826582588255 9.36068808007985 9.20529800280929 9.16657001432031 9.05253760376945 8.95476138591766 8.95450393490207 16.804999624379 -9999 -9999
-9999 -9999 -9999 -9999 -9999 -9999 -9999 -9999 -9999 -9999 -9999 -9999 -9999 -9999 -9999 -9999 -9999 -9999 -9999 -9999 -9999 11.1134348811023 8.50716966004776 9.09216207347345 8.72490360238589 8.7185684684664 9.08595842346549 8.68067719577812 8.19335000729188 8.56509088445455 8.69681385764852 8.81479078554548 8.82518996763974 8.99354913982097 8.86248358618468 9.33008818794042 9.02528457483277 9.43264563893899 9.55743582407013 9.52372813038528 9.50938443094492 9.70015563350171 9.74031799193472 9.41471601463854 9.77976316539571 9.77211319236085 9.56532485876232 9.36092714173719 9.11851862119511 9.3888973556459 9.50675475271419 9.43933936534449 9.46348459273577 8.39989927923307 9.34753968892619 12.4649664225057 15.2499996591359 -9999 -9999 -9999 -9999 -9999
-9999 -9999 -9999 -9999 -9999 -9999 -9999 -9999 -9999 -9999 -9999 -9999 -9999 -9999 -9999 -9999 -9999 6.88018432352692 9.66300545195118 14.5807805197417 9.67281295644352 8.14140532431858 8.66576999385974 8.68031860329211 8.63011565525085 7.78359832661226 8.68079672660679 8.80869471328333 8.98458432767075 8.56078777462244 8.62892034696415 8.87156792916358 8.52731914259493 8.94998015277088 9.26769309537485 9.47997984709218 9.08445233502425 9.63345743110403 9.69513533869758 9.64349802071229 9.61122469697148 9.83905045641586 9.67648852942511 9.74031799193472 9.73362426552922 9.62700276635587 9.2139042224735 9.3451490723528 9.27988523989916 9.64732300722972 9.52755311690271 10.2080660306849 13.9849996874109 -9999 -9999 -9999 -9999 -9999 -9999 -9999 -9999 -9999
-9999 -9999 -9999 -9999 -9999 -9999 -9999 -9999 -9999 -9999 -9999 -9999 -9999 6.97561918057147 -9999 -9999 8.59682845172531 8.66218406899965 8.60603873119024 8.51966916956007 8.67529830848798 8.51751761464402 8.92440055543557 8.66382334893569 8.54333627363667 7.97413046751171 8.8261462142691 8.89260535500944 9.02528457483277 9.40037231519818 9.05468915868551 9.06759848818183 9.17302467906848 9.2296822918579 9.43838311871514 9.49934384133667 9.58110292814672 9.6399120958522 9.77259131567553 9.65282142534852 9.88829715782776 9.8022349611856 9.84502699784935 9.86893316358328 9.71641182620078 9.46826582588255 9.30498671391979 9.29494612431154 9.3451490723528 9.52989592114463 9.41127352677286 14.4099996779114 -9999 -9999 -9999 -9999 -9999 -9999 -9999 -9999 -9999 -9999
-9999 -9999 -9999 -9999 -9999 -9999 -9999 -9999 -9999 -9999 -9999 -9999 -9999 9.59696068475023 7.78527175821364 8.56729025170207 9.27457807110622 9.21634265137836 9.10190383601002 8.94639422791079 9.0383732005721 8.87969602551311 8.71259192703292 9.04321419913322 9.07979063270614 9.0224158349447 9.09987181192264 9.05970945348963 9.05970945348963 8.62150943558663 8.19789217878133 9.29996641911566 9.29315316188149 9.42977689905092 9.41830193949863 9.70445874333382 9.69011504389346 9.72525710752234 9.92033141991124 9.80486463941634 9.76255072606727 9.7888475083746 9.81992552382872 9.74725077999756 9.67099011130631 9.51583909569308 9.44579403009266 8.99516280600801 8.98010192159563 9.52038126718253 9.4885860667564 9.64242224325426 13.2599997036159 -9999 -9999 -9999 -9999 -9999 -9999 22.8442794462793 -9999 -9999
-9999 -9999 -9999 -9999 -9999 -9999 -9999 -9999 -9999 -9999 15.8351701945574 9.16845262487186 9.33019064293642 8.88156070644036 8.68211156572215 7.51991331856698 7.50341806421056 7.76017028419301 9.24438458378427 8.96396525972523 8.95428326260298 8.90599280782044 8.27008879929781 9.1500747599639 9.18665119353682 9.2497634710744 9.03317360952497 8.18832971248776 9.10776084661484 9.11493269633502 9.3159835501574 9.26123843062669 9.50818912265822 9.56532485876232 9.49002043670043 9.5603045639582 9.83498640824109 9.85937069728971 9.92320015979931 9.97412029281259 9.87012847186998 9.80486463941634 9.8483738610521 9.50723287602887 9.50508132111281 9.65808078180999 9.47974078543484 9.02026428002864 9.06114382343367 9.2137607854791 10.7426028636186 10.2626975959283 10.5450602306211 -9999 -9999 -9999 9.40761965807331 8.44125694595277 8.50723796337843 8.53616442391649 9.44637460840334 17.7899996023625
-9999 -9999 -9999 -9999 -9999 -9999 -9999 15.0271377043225 11.5104064253159 8.64230779977515 8.86965543590486 8.7875377566088 8.89977720472962 8.82016967283562 8.77929012943059 9.51010161591694 9.37957395100966 9.23016041517258 8.84025085205212 9.31933041336015 9.31120231701061 9.19669178314507 9.26984465029091 9.33008818794042 8.38340402487665 9.26625872543082 9.31000700872391 9.18091371376067 9.34730062726885 9.4527268181555 9.3652302515693 9.35016936715692 9.51416566409171 9.63489180104807 9.59090445609763 9.73027740232646 9.73529769713059 9.7317117722705 9.66859949473292 9.90957364533097 9.91865798830986 9.82877080515027 9.86654254700989 9.69656970864162 9.6970478319563 9.62748088967055 9.39654732868075 9.18736837850884 8.91483808914199 8.95715200249106 9.06616411823779 8.99229406611994 9.55374744421403 14.1841137546369 8.66525771887973 8.58827986521646 8.46994434483349 8.59210485173389 8.5842158170417 7.1584520926699 8.60501418123022 10.3033716116139
-9999 -9999 -9999 -9999 -9999 9.10011087357998 8.54979093838483 9.16979734669439 8.94782859785482 8.84527114685625 9.03998686675914 8.94495985796675 8.97149570193142 8.80654315836728 9.04966886388138 8.84527114685625 9.38315987586975 9.14003417035565 8.93635363830253 9.13142795069143 9.32172102993354 9.46013772953302 9.3853114307858 9.37168491631746 9.41758475452662 9.47997984709218 9.37622708780691 9.34730062726885 9.09772025700659 9.44818464666605 9.25908687571064 9.35877558682114 9.49623603979126 9.74581641005352 9.87012847186998 9.97268592286855 9.90885646035895 9.89020965108648 9.99491865700111 10.0219326242805 9.95858128508553 9.6599932750687 9.7596819861792 9.74916327325627 9.6107465736568 9.62389496481046 9.44770652335137 9.37742239609361 9.29064301447943 8.8273415225558 8.9349192683585 8.94639422791079 8.89834283478558 8.81228063814342 8.70326852239668 8.49815362039953 8.62652973039076 8.71569972857833 7.21690266788937 8.64445935469121 8.6121860309504 8.45010222727433
-9999 -9999 -9999 -9999 -9999 9.06975004309788 9.12903733411804 9.03532516444102 9.18019652878866 9.01237524533644 8.955000447575 9.08409374253824 9.14362009521574 9.32865381799638 9.01201665285043 9.19023711839691 9.45177057152614 9.472807997372 9.47687204554677 9.50292976619676 9.43981748865917 9.38148644426838 9.49504073150456 9.46778770256788 9.50006102630869 9.46802676422521 9.47519861394539 9.4806970320642 9.04428997659124 9.43264563893899 9.44698933837935 9.3360647293739 9.59186070272699 9.67864008434117 9.79195530992001 9.95977659337223 10.0078279864974 10.0673543391749 9.92535171471536 10.016673267819 9.98607337567955 9.03389079449698 9.86510817706585 9.86319568380713 9.91029083030298 9.73673206707463 9.56604204373434 9.45487837307155 9.39080984890461 9.26625872543082 8.93778800824657 8.89045380009338 8.875392915681 8.91412090416998 8.94209111807868 8.99803154589608 8.93850519321859 8.92989897355437 7.36249121720903 8.5447706435807 7.46540726069361 8.24642169522122
-9999 -9999 -9999 -9999 -9999 8.8923662933521 9.1181600287091 9.32650226308033 9.2217932571657 9.38674580072984 9.02815331472084 8.93599504581653 9.25263221096247 9.3652302515693 9.39033172558993 9.48500014189631 9.35518966196105 7.86989958491176 8.86391795612872 9.63823866425082 9.63202306116 9.4649189626798 9.658797966782 9.70732748322189 9.24904628610238 9.71856338111684 9.53854995314032 9.69226659880951 9.80749431764707 9.63321836944669 9.76016010949388 9.81992552382872 9.75203201314434 9.91531112510711 9.83498640824109 9.92750326963142 10.0491856532171 10.0527715780772 9.88351592468098 9.97746715601534 9.79984434461221 9.00197606324218 9.57966855820268 9.20063630049117 9.98200932750478 9.79076000163332 9.59688099753112 9.54380930960178 9.42929877573624 9.24856816278771 8.9349192683585 8.87467573070899 9.23470258666202 9.30642108386382 9.49002043670043 9.00233465572819 9.02026428002864 8.86726481933147 8.83021026244387 7.6999267465435 7.82902004150674 7.82184819178656
-9999 -9999 -9999 -9999 -9999 9.08481092751026 9.1701559391804 9.44196904357523 9.40754416491836 9.5724967084825 9.44698933837935 9.12533187842928 9.54022338474169 9.3494521821849 9.58970914781094 9.22227138048038 9.63106681453064 9.55026397434995 9.70517592830583 9.66716512478888 9.29590237094089 9.57225764682516 9.49862665636465 9.77474287059158 9.73027740232646 9.87060659518465 9.55647957744077 9.53759370651096 9.90933458367363 9.60763877211139 9.81753490725532 9.85124260094017 9.96647031977773 9.9547562985681 10.0147607745603 9.9188970499672 9.9200923582539 9.79936622129753 9.89236120600253 9.804625577759 9.85004729265347 9.711630593054 9.87945187650621 9.97268592286855 8.4092226838693 9.60477003222331 9.72023681271821 9.50508132111281 9.66620887815952 9.65377767197788 9.26984465029091 9.21605577738956 9.28849145956337 9.45846429793164 9.37168491631746 9.39893794525415 9.23972288146615 9.14075135532767 7.21582689043134 8.94758953619748 7.97604296077043 9.04966886388138
-9999 -9999 -9999 -9999 -9999 8.67529830848798 9.55743582407013 9.52803124021739 10.0348419537768 9.11995299113914 8.88973661512136 9.76948351413012 9.3281756946817 9.86582536203787 9.43216751562431 9.55815300904214 9.6946572153829 9.76255072606727 9.77808973379433 9.62987150624394 9.65497298026457 9.00520339561626 9.42738628247753 9.23016041517258 10.18999296939 9.5086672459729 10.0350810154341 9.42308317264542 10.0200201310217 10.0652027842589 9.93945635249838 9.9547562985681 9.68198694754392 10.1548509057611 10.0874355183914 10.1168401022442 10.2201147382148 9.90670490544289 9.98487806739286 9.79362874152139 9.99635302694514 9.8617613138631 9.94471570895985 10.0250404258259 9.71378214797005 9.72979927901179 9.66525263153017 9.72812584741041 9.84311450459063 9.77641630219296 9.49217199161649 9.33510848274454 9.40180668514222 9.50579850608483 9.47711110720411 9.61194188194349 9.49002043670043 9.48093609372154 7.46935177803971 7.88352609938011 9.10489210672677 9.04680012399331
