EcologicalScience/Bass/data/rs_data_bass/sst_119.asc
NCOLS 226 
NROWS 124 
XLLCORNER -9.41648524995501 
YLLCORNER 47.587301625531 
CELLSIZE 0.0833 
NODATA_value -9999 
[rows 54 to 80 of 124, columns 0 to 61 of 226]
-9999 -9999 -9999 -9999 -9999 -9999 -9999 -9999 -9999 -9999 -9999 -9999 -9999 -9999 -9999 -9999 -9999 -9999 -9999 -9999 -9999 -9999 -9999 -9999 -9999 -9999 -9999 -9999 -9999 -9999 -9999 -9999 -9999 -9999 -9999 -9999 -9999 -9999 14.7937496693339 14.7662496699486 15.4649996543303 14.0749996853992 13.5149996979162 13.4399996995926 14.8974996670149 14.6349996728823 14.0599996857345 14.0199996866286 13.944999688305 13.9299996886402 14.0999996848404 14.1299996841699 14.0599996857345 14.339999679476 14.4249996775761 14.6599996723235 14.7499996703118 14.8699996676296 15.519999653101 13.097237535039 -9999 15.6499996501952
-9999 -9999 -9999 -9999 -9999 -9999 -9999 -9999 -9999 -9999 -9999 -9999 -9999 -9999 -9999 -9999 -9999 -9999 -9999 -9999 -9999 -9999 -9999 -9999 -9999 -9999 -9999 -9999 -9999 -9999 -9999 -9999 -9999 -9999 -9999 -9999 -9999 -9999 13.0434207610884 14.5642853887486 14.8899996671826 14.8899996671826 13.924999688752 13.924999688752 14.0999996848404 13.5249996976927 12.9499997105449 12.8149997135624 12.7199997156858 13.1199997067451 13.0949997073039 13.034999708645 14.1499996837229 14.2999996803701 14.3249996798113 14.4399996772408 14.6149996733293 15.0799996629357 5.60799944953572 13.6649996945634 -9999 14.6079996734858
-9999 -9999 -9999 -9999 -9999 -9999 -9999 -9999 -9999 -9999 -9999 -9999 -9999 -9999 -9999 -9999 -9999 -9999 -9999 -9999 -9999 -9999 -9999 -9999 -9999 -9999 -9999 -9999 -9999 -9999 -9999 -9999 -9999 -9999 -9999 -9999 -9999 -9999 -9999 14.4099996779114 14.3949996782467 14.1849996829405 13.9949996871874 13.924999688752 13.2649997035041 13.1149997068569 13.0249997088686 13.0849997075275 13.179999705404 13.364999701269 13.2099997047335 13.21999970451 13.6899996940047 14.0049996869639 14.524999675341 14.6149996733293 15.2049996601418 15.334999657236 15.3099996577948 15.5869996516034 -9999 -9999
-9999 -9999 -9999 -9999 -9999 -9999 -9999 -9999 -9999 -9999 -9999 -9999 -9999 -9999 -9999 -9999 -9999 -9999 -9999 -9999 -9999 -9999 -9999 -9999 -9999 -9999 -9999 -9999 -9999 -9999 -9999 -9999 -9999 -9999 -9999 -9999 -9999 -9999 -9999 12.3233330578854 14.3549996791407 14.3699996788055 13.9849996874109 13.7249996932223 13.4449996994808 13.4449996994808 13.0999997071922 13.2549997037277 13.2799997031689 13.3899997007102 13.3549997014925 13.5299996975809 14.0149996867403 14.049999685958 14.2699996810406 14.4749996764585 14.9299996662885 15.3799996562302 15.5849996516481 16.7099996265024 16.7099996265024 -9999
-9999 -9999 -9999 -9999 -9999 -9999 -9999 -9999 -9999 -9999 -9999 -9999 -9999 -9999 -9999 -9999 -9999 -9999 -9999 -9999 -9999 -9999 -9999 -9999 -9999 -9999 -9999 -9999 -9999 -9999 -9999 -9999 -9999 -9999 -9999 -9999 -9999 -9999 -9999 -9999 14.7699996698648 14.5849996739998 14.7799996696413 14.1399996839464 13.6199996955693 13.6949996938929 13.779999691993 13.9349996885285 13.8349996907637 13.5899996962398 13.5499996971339 13.8049996914342 14.1699996832758 14.2549996813759 14.2899996805936 14.5649996744469 14.7999996691942 15.4049996556714 15.9274996439926 16.8724996228702 17.0462496189866 15.8632349395467
-9999 -9999 -9999 -9999 -9999 -9999 -9999 -9999 -9999 -9999 -9999 -9999 -9999 -9999 -9999 -9999 -9999 -9999 -9999 -9999 -9999 -9999 -9999 -9999 -9999 -9999 -9999 -9999 -9999 -9999 -9999 -9999 -9999 -9999 -9999 -9999 -9999 -9999 -9999 13.4799996986985 15.6049996512011 15.5399996526539 15.6299996506423 15.6299996506423 15.2599996589124 14.4899996761233 14.234999681823 14.0649996856228 13.8499996904284 13.7549996925518 13.8599996902049 14.0149996867403 14.1899996828288 14.2849996807054 14.4749996764585 14.4649996766821 14.4449996771291 14.2649996811524 16.2074996377341 16.3324996349402 -9999 -9999
-9999 -9999 -9999 -9999 -9999 -9999 -9999 -9999 -9999 -9999 -9999 -9999 -9999 -9999 -9999 -9999 -9999 -9999 -9999 -9999 -9999 -9999 -9999 -9999 -9999 -9999 -9999 -9999 -9999 -9999 -9999 -9999 -9999 -9999 -9999 -9999 -9999 -9999 -9999 13.6499996948987 15.6916663159306 16.079999640584 15.8599996455014 15.6849996494129 14.774999669753 14.4799996763468 14.3049996802583 14.0849996851757 13.8749996898696 13.7149996934459 13.6649996945634 13.7099996935576 13.9399996884167 14.2749996809289 14.5299996752292 14.8849996672943 15.1499996613711 14.7469996703789 13.8414441350641 18.9249995769933 19.3499995674938 19.809999557212
-9999 -9999 -9999 -9999 -9999 -9999 -9999 -9999 -9999 -9999 -9999 -9999 -9999 -9999 -9999 -9999 -9999 -9999 -9999 -9999 -9999 -9999 -9999 -9999 -9999 -9999 -9999 -9999 -9999 -9999 -9999 -9999 -9999 -9999 -9999 -9999 -9999 -9999 -9999 16.1849996382371 16.1549996389076 15.8449996458367 15.6599996499717 14.8749996675178 14.6349996728823 14.4199996776879 14.2699996810406 14.0949996849522 13.9649996878579 13.7649996923283 13.634999695234 13.7549996925518 14.2899996805936 14.5649996744469 14.899999666959 14.8849996672943 15.769999647513 17.7649996029213 18.3199995905161 19.2349995700642 19.7849995577708 19.394999566488
-9999 -9999 -9999 -9999 -9999 -9999 -9999 -9999 -9999 -9999 -9999 -9999 -9999 -9999 -9999 -9999 -9999 -9999 -9999 -9999 -9999 -9999 -9999 -9999 -9999 -9999 -9999 -9999 -9999 -9999 -9999 -9999 -9999 -9999 -9999 -9999 -9999 -9999 15.3862496560905 16.5199996307492 14.6149996733293 14.6149996733293 14.8499996680766 14.7799996696413 14.7649996699765 14.6349996728823 14.1349996840581 14.3349996795878 14.1699996832758 13.9499996881932 13.904999689199 14.0449996860698 14.2399996817112 14.1649996833876 14.5899996738881 14.8049996690825 15.0999996624887 17.7749996026978 18.2999995909631 18.3449995899573 18.6599995829165 18.9349995767698
-9999 -9999 -9999 -9999 -9999 -9999 -9999 -9999 -9999 -9999 -9999 -9999 -9999 -9999 -9999 -9999 -9999 -9999 -9999 -9999 -9999 -9999 -9999 -9999 -9999 -9999 -9999 -9999 -9999 -9999 -9999 -9999 -9999 -9999 -9999 -9999 -9999 -9999 17.219999615103 17.219999615103 15.8249996462837 15.8249996462837 14.6999996714294 14.6699996720999 14.6899996716529 14.5499996747822 14.484999676235 14.359999679029 14.2749996809289 14.3549996791407 14.3199996799231 13.9649996878579 14.379999678582 14.5799996741116 14.6399996727705 14.8649996677414 14.9849996650591 15.1799996607006 16.1599996387959 17.7399996034801 18.6649995828047 18.7099995817989
-9999 -9999 -9999 -9999 -9999 -9999 -9999 -9999 -9999 -9999 -9999 -9999 -9999 -9999 -9999 -9999 -9999 -9999 -9999 -9999 -9999 -9999 -9999 -9999 -9999 -9999 -9999 -9999 -9999 -9999 -9999 -9999 -9999 -9999 -9999 -9999 -9999 14.9612737803391 16.1249996395782 15.809999646619 15.3216663242007 15.2074996600859 14.8274996685795 14.6799996718764 14.6799996718764 14.4399996772408 14.4099996779114 14.4499996770173 14.5399996750057 14.5899996738881 14.4249996775761 14.0349996862933 14.1549996836111 14.7499996703118 15.0699996631593 15.1399996615946 15.2349996594712 15.769999647513 16.4099996332079 17.9349995991215 18.1049995953217 18.5399995855987
-9999 -9999 -9999 -9999 -9999 -9999 -9999 -9999 -9999 -9999 -9999 -9999 -9999 -9999 -9999 -9999 -9999 -9999 -9999 -9999 -9999 -9999 -9999 -9999 -9999 -9999 -9999 -9999 -9999 -9999 -9999 -9999 -9999 -9999 -9999 -9999 -9999 15.2399996593595 15.1649996610358 14.8199996687472 14.4299996774644 14.3149996800348 13.9099996890873 13.9099996890873 13.1699997056276 13.3149997023866 13.9099996890873 14.4099996779114 14.7699996698648 14.8949996670708 14.9349996661767 14.9449996659532 14.9149996666238 14.9349996661767 14.8399996683002 15.3049996579066 15.6049996512011 16.099999640137 16.6699996273965 17.2749996138737 18.0249995971099 18.3899995889515
-9999 -9999 -9999 -9999 -9999 -9999 -9999 -9999 -9999 -9999 -9999 -9999 -9999 -9999 -9999 -9999 -9999 -9999 -9999 -9999 -9999 -9999 -9999 -9999 -9999 -9999 -9999 -9999 -9999 -9999 -9999 -9999 -9999 -9999 -9999 13.4027903980987 16.0716663074369 15.8649996453896 15.4933329870303 14.8049996690825 14.3199996799231 13.7899996917695 13.4999996982515 13.3599997013807 13.3749997010455 13.4499996993691 14.2099996823817 14.3249996798113 14.5349996751174 14.9749996652827 15.1149996621534 15.1649996610358 15.1699996609241 15.0549996634945 14.919999666512 14.8699996676296 15.3799996562302 15.9449996436015 16.6549996277317 17.3249996127561 17.8399996012449 18.2649995917454
-9999 -9999 -9999 -9999 -9999 -9999 -9999 -9999 -9999 -9999 -9999 -9999 -9999 -9999 -9999 -9999 -9999 -9999 -9999 -9999 -9999 -9999 -9999 -9999 -9999 -9999 -9999 -9999 -9999 -9999 -9999 -9999 -9999 -9999 -9999 17.6657688359085 15.6049996512011 15.0099996645004 14.7849996695295 14.6849996717647 14.6449996726587 14.6249996731058 13.6099996957928 13.6249996954575 13.5799996964633 13.4449996994808 13.5499996971339 13.9149996889755 14.4999996758997 14.9049996668473 15.0199996642768 15.1649996610358 15.2149996599182 15.2499996591359 15.229999659583 15.4049996556714 15.9799996428192 16.6099996287376 16.9949996201321 17.6099996063858 18.0549995964393 18.399999588728
-9999 -9999 -9999 -9999 -9999 -9999 -9999 -9999 -9999 -9999 -9999 -9999 -9999 -9999 -9999 -9999 -9999 -9999 -9999 -9999 -9999 -9999 -9999 -9999 -9999 -9999 -9999 -9999 7.34721294203368 14.3314416600657 14.7423481547361 15.7983329802131 17.2774996138178 17.3274996127002 13.8962857770384 13.8249996909872 14.7424996704794 14.9099996667355 14.5199996754527 14.4299996774644 14.9716663320238 16.2124996376224 16.8299996238202 17.3474996122532 16.5649996297434 16.5599996298552 16.0899996403605 15.9449996436015 15.5849996516481 15.1349996617064 15.1199996620417 15.2599996589124 15.3499996569008 15.3899996560067 15.4899996537715 15.6799996495247 15.8399996459484 16.5949996290728 17.0849996181205 17.7449996033683 18.1699995938689 18.3849995890632
-9999 -9999 -9999 -9999 -9999 -9999 -9999 -9999 -9999 -9999 -9999 -9999 -9999 -9999 -9999 -9999 -9999 -9999 -9999 -9999 -9999 -9999 15.5105259691022 16.9333329548438 15.0699996631593 15.1299996618181 15.189999660477 16.4149996330962 15.8839996449649 14.4449996771291 15.8083329799895 16.6874996270053 17.0774996182881 17.19999961555 14.7049996713176 14.7899996694177 14.5949996737763 14.5199996754527 14.4649996766821 14.5149996755645 14.5699996743351 17.1274996171705 17.634999605827 17.634999605827 16.9999996200204 16.6549996277317 16.20499963779 16.1199996396899 16.0149996420369 15.6499996501952 14.7349996706471 14.8749996675178 15.3999996557832 15.5699996519834 15.6699996497482 16.1699996385723 16.1299996394664 16.4999996311963 17.4349996102974 17.5599996075034 -9999 -9999
-9999 -9999 -9999 -9999 -9999 -9999 -9999 -9999 -9999 -9999 -9999 -9999 -9999 -9999 -9999 -9999 -9999 -9999 -9999 -9999 -9999 13.8162900137625 14.9749996652827 14.939999666065 15.4049996556714 15.3799996562302 15.3199996575713 16.5274996305816 17.0174996196292 17.6124996063299 17.0724996183999 16.9149996219203 15.4649996543303 15.4249996552244 14.8449996681884 14.4549996769056 14.339999679476 14.3499996792525 14.3949996782467 14.4149996777996 16.9999996200204 16.909999622032 16.9749996205792 16.9749996205792 16.9049996221438 16.8349996237084 16.349999634549 16.0549996411428 15.8499996457249 15.3799996562302 14.2549996813759 14.2799996808171 14.2799996808171 15.5999996513128 15.6049996512011 15.6099996510893 14.9492304350894 -9999 -9999 -9999 -9999 -9999
-9999 -9999 -9999 -9999 -9999 -9999 -9999 -9999 -9999 -9999 -9999 -9999 -9999 -9999 -9999 -9999 -9999 6.88018432352692 15.7272336910221 15.1078568051702 16.8999996222556 14.9299996662885 15.1599996611476 15.4049996556714 15.4949996536598 15.4299996551126 15.5649996520951 15.4949996536598 17.6799996048212 17.5074996086769 17.4849996091798 16.6199996285141 16.3449996346608 15.8049996467307 15.6949996491894 14.504999675788 14.3149996800348 14.3649996789172 15.0599996633828 16.6649996275082 16.8899996224791 16.9799996204674 17.1099996175617 17.0699996184558 17.0149996196851 16.9849996203557 16.4149996330962 15.7199996486306 15.5849996516481 15.4099996555597 15.7099996488541 15.3649996565655 14.6737496720161 -9999 -9999 -9999 -9999 -9999 -9999 -9999 -9999 -9999
-9999 -9999 -9999 -9999 -9999 -9999 -9999 -9999 -9999 -9999 -9999 -9999 -9999 7.23732474990576 -9999 -9999 8.92773486843815 15.4399996548891 15.4249996552244 16.6549996277317 15.6399996504188 16.2299996372312 16.2999996356666 16.0099996421486 15.7499996479601 15.3899996560067 16.7699996251613 16.4199996329844 16.0399996414781 16.0299996417016 16.2099996376783 16.2499996367842 16.0199996419251 15.7399996481836 15.9799996428192 15.1999996602535 14.7299996707588 15.0949996626005 16.9999996200204 17.1849996158853 17.0499996189028 16.9649996208027 16.9449996212497 16.8549996232614 17.1549996165559 16.7749996250495 16.3099996354431 15.4199996553361 15.4549996545538 15.0999996624887 16.4349996326491 16.5833329626669 -9999 -9999 -9999 -9999 -9999 -9999 -9999 -9999 -9999 -9999
-9999 -9999 -9999 -9999 -9999 -9999 -9999 -9999 -9999 -9999 -9999 -9999 -9999 15.1549996612594 17.1249996172264 17.1549996165559 15.3449996570125 15.2699996586889 16.1949996380135 16.3649996342137 16.7399996258318 16.5299996305257 16.0949996402487 16.6999996267259 17.0149996196851 17.0399996191263 16.7499996256083 16.5249996306375 16.6049996288493 16.3599996343255 16.514999630861 15.9599996432662 15.5799996517599 15.4149996554479 15.1949996603653 15.064999663271 15.1699996609241 16.7049996266142 17.2349996147677 17.1099996175617 17.2299996148795 17.674999604933 17.1949996156618 17.384999611415 16.9699996206909 15.6549996500835 15.5299996528774 15.6849996494129 15.7449996480718 15.7499996479601 16.2899996358901 16.5549996299669 17.3973607222498 -9999 -9999 -9999 -9999 -9999 -9999 24.3585194524653 24.8699994441122 24.9249994428828
-9999 -9999 -9999 -9999 -9999 -9999 -9999 -9999 -9999 -9999 15.2864113203163 14.2979996804148 16.1924996380694 15.6299996506423 15.7499996479601 15.7949996469542 16.6699996273965 16.2699996363372 16.929999621585 17.5349996080622 17.7299996037036 17.6199996061623 17.3499996121973 17.4699996095151 17.3599996119738 17.5249996082857 17.4149996107444 16.389999633655 16.6949996268377 16.7699996251613 16.4399996325374 15.8849996449426 15.3849996561185 15.2949996581301 16.2899996358901 16.3849996337667 15.8449996458367 16.9999996200204 17.0299996193498 17.0699996184558 17.6949996044859 17.7099996041507 17.5649996073917 17.2099996153265 16.099999640137 15.7649996476248 15.7999996468425 15.8699996452779 15.8149996465072 16.0399996414781 16.3599996343255 20.8224995345809 12.0965098332491 -9999 -9999 -9999 17.944999598898 17.924999599345 18.0249995971099 17.964999598451 18.0249995971099 17.7899996023625
-9999 -9999 -9999 -9999 -9999 -9999 -9999 14.1049996847287 13.3671425583639 13.7685711208199 16.5649996297434 16.5649996297434 16.3649996342137 16.2699996363372 16.8799996227026 17.2299996148795 17.19999961555 17.2649996140972 17.2099996153265 17.2299996148795 16.6749996272847 16.7249996261671 17.0149996196851 17.2049996154383 17.0999996177852 16.8699996229261 16.6949996268377 16.7299996260554 16.5999996289611 16.244999636896 15.8299996461719 15.4149996554479 15.3449996570125 15.3449996570125 16.9049996221438 15.9849996427074 16.5499996300787 16.6299996282905 17.0349996192381 17.4799996092916 17.5399996079504 17.9349995991215 17.8499996010214 17.6849996047094 17.3799996115267 16.8199996240437 16.1649996386841 16.3349996348843 16.4149996330962 16.3399996347725 16.1949996380135 16.2299996372312 16.5299996305257 16.7899996247143 17.19999961555 17.219999615103 17.8449996011332 17.799999602139 17.944999598898 18.0749995959923 18.1649995939806 18.3049995908514
-9999 -9999 -9999 -9999 -9999 17.4299996104091 16.1124996398576 17.6449996056035 17.2099996153265 17.6799996048212 17.4599996097386 17.0699996184558 16.7199996262789 17.0649996185675 16.7899996247143 17.3599996119738 17.6499996054918 17.7399996034801 17.5249996082857 16.9599996209145 16.9199996218085 16.7149996263906 17.0799996182323 17.1849996158853 17.2599996142089 17.074999618344 17.0649996185675 16.9149996219203 16.764999625273 16.2949996357784 15.8049996467307 16.059999641031 16.3649996342137 16.0849996404722 15.6999996490777 16.0749996406958 16.369999634102 16.8849996225908 16.8899996224791 17.5349996080622 17.6599996052682 18.0799995958805 18.1249995948747 18.1399995945394 18.2199995927513 17.8799996003509 17.6999996043742 16.8749996228144 16.4699996318668 16.2549996366724 16.1599996387959 16.3749996339902 16.4749996317551 16.7299996260554 17.0649996185675 17.2349996147677 17.4849996091798 17.3599996119738 17.4799996092916 17.7349996035919 18.1699995938689 18.1349995946512
-9999 -9999 -9999 -9999 -9999 17.1599996164441 16.9699996206909 17.4449996100739 18.359999589622 18.2049995930865 17.9699995983392 17.3099996130913 16.909999622032 16.7799996249378 16.8249996239319 17.3149996129796 17.6299996059388 17.5549996076152 17.5899996068329 17.5799996070564 17.6799996048212 17.7049996042624 17.8099996019155 17.6049996064976 17.4299996104091 17.4249996105209 17.3749996116385 17.364999611862 16.9949996201321 16.6899996269494 16.5949996290728 16.5449996301904 16.6349996281788 16.5299996305257 16.8999996222556 17.1349996170029 17.2649996140972 17.5849996069446 17.9049995997921 17.9099995996803 17.9049995997921 17.9549995986745 18.2899995911866 18.1899995934218 18.3049995908514 18.2949995910749 18.0249995971099 17.9799995981157 18.0049995975569 17.4949996089563 17.6799996048212 16.8449996234849 16.8199996240437 16.9149996219203 17.0199996195734 16.8699996229261 16.9599996209145 17.1749996161088 17.2299996148795 17.4449996100739 17.6099996063858 17.7099996041507
-9999 -9999 -9999 -9999 -9999 16.8399996235967 17.2949996134266 17.9749995982274 17.944999598898 17.6849996047094 17.3599996119738 17.2749996138737 16.9149996219203 16.9949996201321 17.0899996180087 17.2099996153265 17.4599996097386 17.5699996072799 17.7349996035919 17.9049995997921 17.8699996005744 17.8149996018037 17.65499960538 17.6599996052682 17.6599996052682 17.6299996059388 17.4799996092916 17.3199996128678 17.2049996154383 17.2749996138737 17.2699996139854 17.3299996126443 17.1749996161088 16.8549996232614 16.8849996225908 17.2599996142089 17.65499960538 17.964999598451 17.8349996013567 17.9099995996803 17.9149995995685 18.089999595657 18.3499995898455 18.2249995926395 18.1299995947629 18.2249995926395 18.3649995895103 18.3649995895103 18.2449995921925 18.1349995946512 18.1699995938689 18.1699995938689 17.5149996085092 17.1499996166676 16.9549996210262 17.0199996195734 16.7999996244907 16.8649996230379 16.8949996223673 17.1699996162206 17.3799996115267 17.4999996088445
-9999 -9999 -9999 -9999 -9999 17.0099996197969 17.5249996082857 17.8599996007979 17.4749996094033 17.2949996134266 17.3899996113032 17.4549996098503 17.3799996115267 17.3149996129796 17.634999605827 17.7049996042624 17.6449996056035 17.634999605827 17.8349996013567 17.9349995991215 17.9299995992333 17.8999995999038 17.799999602139 17.7899996023625 17.7099996041507 17.6149996062741 17.4549996098503 17.4349996102974 17.5199996083975 17.5549996076152 17.489999609068 17.4099996108562 17.344999612309 17.0799996182323 16.8949996223673 17.2499996144325 17.2449996145442 17.6199996061623 17.6899996045977 17.6899996045977 17.799999602139 17.9699995983392 18.2899995911866 18.3349995901808 18.4199995882809 18.4049995886162 18.4749995870516 18.4049995886162 18.3299995902926 18.2099995929748 18.0549995964393 17.9749995982274 17.6899996045977 17.6499996054918 17.6699996050447 17.7549996031448 16.8949996223673 16.5749996295199 16.8349996237084 17.074999618344 17.2349996147677 17.3949996111915
-9999 -9999 -9999 -9999 -9999 17.0449996190146 17.4449996100739 17.7699996028095 17.8049996020272 17.944999598898 17.6199996061623 17.3699996117502 17.6299996059388 17.8349996013567 17.7749996026978 17.4949996089563 17.5449996078387 17.6949996044859 17.7449996033683 17.8249996015802 17.9499995987862 18.0199995972216 17.9049995997921 17.7599996030331 17.6899996045977 17.65499960538 17.6249996060506 17.4949996089563 17.5899996068329 17.6699996050447 17.509999608621 17.2749996138737 17.2049996154383 17.1199996173382 17.0699996184558 16.8499996233732 16.8549996232614 17.1049996176735 17.1849996158853 17.529999608174 17.7449996033683 17.7599996030331 17.9799995981157 18.2749995915219 18.3549995897338 18.379999589175 18.3949995888397 18.3649995895103 18.3199995905161 18.3499995898455 18.2899995911866 18.1249995948747 17.509999608621 17.5199996083975 17.5249996082857 16.8399996235967 16.5299996305257 16.4299996327609 16.5749996295199 16.6449996279553 16.7699996251613 16.9949996201321
