EcologicalScience/Bass/data/rs_data_bass/sst_180.asc
NCOLS 226 
NROWS 124 
XLLCORNER -9.41648524995501 
YLLCORNER 47.587301625531 
CELLSIZE 0.0833 
NODATA_value -9999 
[rows 54 to 80 of 124, columns 0 to 61 of 226]
-9999 -9999 -9999 -9999 -9999 -9999 -9999 -9999 -9999 -9999 -9999 -9999 -9999 -9999 -9999 -9999 -9999 -9999 -9999 -9999 -9999 -9999 -9999 -9999 -9999 -9999 -9999 -9999 -9999 -9999 -9999 -9999 -9999 -9999 -9999 -9999 -9999 -9999 10.1297494317405 10.2982879001647 10.349208033178 10.3556626979262 11.8373668501154 12.1142002493143 12.2138889604248 12.2927793073468 12.4082460878417 12.4692068104632 11.8251747055911 12.4426709664986 12.4534287410788 12.6004516603425 12.5330362729728 12.3444166253321 12.302819896955 11.6152785704471 11.4178136414848 11.1476739686914 12.3018636503257 12.2876960946584 -9999 11.781426422298
-9999 -9999 -9999 -9999 -9999 -9999 -9999 -9999 -9999 -9999 -9999 -9999 -9999 -9999 -9999 -9999 -9999 -9999 -9999 -9999 -9999 -9999 -9999 -9999 -9999 -9999 -9999 -9999 -9999 -9999 -9999 -9999 -9999 -9999 -9999 -9999 -9999 -9999 13.6099996957928 10.4481795593165 10.8211157447658 10.907177941408 12.0812097406015 12.0016022087075 12.2956480472349 12.5136722787283 12.541642492637 12.5724814464338 12.5473799724132 12.1737266019918 12.619098469615 12.5194097585045 12.4971770243719 12.2024140008725 11.8180028558709 11.9047822374851 11.4149449015968 11.3466167333536 5.8965753687756 13.6649996945634 -9999 15.4499996546656
-9999 -9999 -9999 -9999 -9999 -9999 -9999 -9999 -9999 -9999 -9999 -9999 -9999 -9999 -9999 -9999 -9999 -9999 -9999 -9999 -9999 -9999 -9999 -9999 -9999 -9999 -9999 -9999 -9999 -9999 -9999 -9999 -9999 -9999 -9999 -9999 -9999 -9999 -9999 10.0135654662736 11.1373943174258 11.5361491618678 11.8474074397236 12.3939023884013 12.4562974809669 12.6563920881599 12.6549577182159 12.660695197992 12.4749442902394 12.6549577182159 12.5423596776091 12.419003862422 12.1837671916001 12.3544572149403 12.1514938678592 11.4756665625609 11.7584765031934 11.4161999752978 12.9823370669644 6.01192062757588 18.9649995760992 -9999
-9999 -9999 -9999 -9999 -9999 -9999 -9999 -9999 -9999 -9999 -9999 -9999 -9999 -9999 -9999 -9999 -9999 -9999 -9999 -9999 -9999 -9999 -9999 -9999 -9999 -9999 -9999 -9999 -9999 -9999 -9999 -9999 -9999 -9999 -9999 -9999 -9999 -9999 -9999 15.064999663271 11.0864741844125 11.6265144683421 11.8739432836883 12.2633747234941 12.3480025501922 12.5925626256503 12.6377452788875 12.4914395445958 12.6728873425163 12.5559861920774 12.5925626256503 12.6764732673764 12.5703298915178 12.5617236718535 12.7166356258094 12.0105670208577 11.902272090083 11.8685643963981 11.8055716496892 10.4118899997324 13.7708975346759 -9999
-9999 -9999 -9999 -9999 -9999 -9999 -9999 -9999 -9999 -9999 -9999 -9999 -9999 -9999 -9999 -9999 -9999 -9999 -9999 -9999 -9999 -9999 -9999 -9999 -9999 -9999 -9999 -9999 -9999 -9999 -9999 -9999 -9999 -9999 -9999 -9999 -9999 -9999 -9999 -9999 10.9301278605126 11.1696676411666 11.6121707689017 12.0159459081478 12.223212365061 12.2117374055088 12.4476912613027 12.3157292264514 12.3594775097445 12.4828333249316 12.5359050128609 12.4075289028697 12.7524948744103 12.7732932385989 12.3401135155 12.1373892300762 11.7266813027672 11.6879533142783 11.5002899132669 11.265770427417 11.9057384841144 15.9099996443838
-9999 -9999 -9999 -9999 -9999 -9999 -9999 -9999 -9999 -9999 -9999 -9999 -9999 -9999 -9999 -9999 -9999 -9999 -9999 -9999 -9999 -9999 -9999 -9999 -9999 -9999 -9999 -9999 -9999 -9999 -9999 -9999 -9999 -9999 -9999 -9999 -9999 -9999 -9999 11.4649997437373 12.0591329162454 11.0778679647483 11.3274483350106 11.4020355721004 11.6458784625866 11.7297891043127 11.7462843586691 12.1242408389226 12.219626440201 11.8847010582685 12.4035843855236 12.7309793252498 12.900234978646 12.4249804038554 12.2016968159005 12.1651203823276 12.0293333609588 11.5512100462802 12.5292454381207 11.4384854436195 -9999 -9999
-9999 -9999 -9999 -9999 -9999 -9999 -9999 -9999 -9999 -9999 -9999 -9999 -9999 -9999 -9999 -9999 -9999 -9999 -9999 -9999 -9999 -9999 -9999 -9999 -9999 -9999 -9999 -9999 -9999 -9999 -9999 -9999 -9999 -9999 -9999 -9999 -9999 -9999 -9999 10.5935290469788 12.0123599832878 11.8158513009548 11.6057161041535 11.2944578262977 11.5476241214201 11.742698433809 12.0826441105455 12.2375560645014 12.302102711983 12.3236182611436 12.7546464293264 12.6893825968727 12.9461348168552 12.7890713079832 12.6685842326842 12.4713583653793 11.8971322644502 13.9149996889755 12.1822869436874 12.0646120312491 9.54416790208779 9.52982420264743
-9999 -9999 -9999 -9999 -9999 -9999 -9999 -9999 -9999 -9999 -9999 -9999 -9999 -9999 -9999 -9999 -9999 -9999 -9999 -9999 -9999 -9999 -9999 -9999 -9999 -9999 -9999 -9999 -9999 -9999 -9999 -9999 -9999 -9999 -9999 -9999 -9999 -9999 -9999 11.9564195554703 11.9334696363658 11.8890041681007 11.7907498269342 11.8194372258149 12.1615344574675 11.9528336306103 12.4233069722541 12.2884761975147 12.5151066486724 12.6083406950347 12.857203880325 12.9963377648965 13.0035096146166 12.8392742560245 12.7553636142984 11.6901646346087 11.8847010582685 10.9686167873442 11.4682556511834 9.52360859955661 9.64493239065632 9.01022369042039
-9999 -9999 -9999 -9999 -9999 -9999 -9999 -9999 -9999 -9999 -9999 -9999 -9999 -9999 -9999 -9999 -9999 -9999 -9999 -9999 -9999 -9999 -9999 -9999 -9999 -9999 -9999 -9999 -9999 -9999 -9999 -9999 -9999 -9999 -9999 -9999 -9999 -9999 12.4335770610534 11.9031088058837 12.1335642435588 12.1522110528313 12.2877590125427 12.6671498627402 12.740302729886 12.7883541230112 12.499328579288 12.2009796309285 12.7768791634589 13.0400860481896 13.0651875222102 12.7503433194943 12.4641865156591 12.6829279321246 12.779747903347 12.6757560824044 12.0647144862451 11.5899380347691 11.3633075836115 9.80988493422046 10.1770836398937 9.98344369744882
-9999 -9999 -9999 -9999 -9999 -9999 -9999 -9999 -9999 -9999 -9999 -9999 -9999 -9999 -9999 -9999 -9999 -9999 -9999 -9999 -9999 -9999 -9999 -9999 -9999 -9999 -9999 -9999 -9999 -9999 -9999 -9999 -9999 -9999 -9999 -9999 -9999 -9999 12.2631356618367 10.9839167334139 11.0432040244341 12.2798699778505 12.4290444520302 12.580370481126 12.8543351404369 12.6119266198948 12.5158238336444 12.4756614752114 12.3852961687371 13.13618883444 12.7625354640186 12.2741324980743 11.86390269408 11.4694509594701 12.4656208856031 12.0482192318887 11.7950529367663 11.1244849879295 11.0836054445244 10.0752433738671 9.93969541415572 10.228362365393
-9999 -9999 -9999 -9999 -9999 -9999 -9999 -9999 -9999 -9999 -9999 -9999 -9999 -9999 -9999 -9999 -9999 -9999 -9999 -9999 -9999 -9999 -9999 -9999 -9999 -9999 -9999 -9999 -9999 -9999 -9999 -9999 -9999 -9999 -9999 -9999 -9999 13.7614306930453 10.1046479577199 12.1902218563482 12.1134830643423 12.2016968159005 12.4362163017504 12.7116153310053 12.779747903347 12.9626300712116 13.137623204384 12.9812768804841 12.5861079609022 12.5667439666577 12.5552690071054 12.6528061632998 12.0919675151818 11.625080098398 11.8409527749754 11.8488418096676 11.4314401559532 10.9738761438057 10.0544450096786 10.1390728363767 9.98918117722496 9.53376871999353
-9999 -9999 -9999 -9999 -9999 -9999 -9999 -9999 -9999 -9999 -9999 -9999 -9999 -9999 -9999 -9999 -9999 -9999 -9999 -9999 -9999 -9999 -9999 -9999 -9999 -9999 -9999 -9999 -9999 -9999 -9999 -9999 -9999 -9999 -9999 -9999 -9999 10.7735424749553 12.0883815903217 12.1084627695382 12.2332529546693 12.3157292264514 12.1228064689785 12.7259590304457 12.8485976606607 13.0372173083015 13.0766624817625 12.8930631289259 12.2454450991936 12.1206549140625 12.2074342956766 12.3774071340449 12.1988280760124 11.7979216766544 11.3668935084715 11.1789910458028 11.1768394908868 10.9502090397291 11.1632129764184 10.7752159065567 10.3413189984858 9.84502699784935
-9999 -9999 -9999 -9999 -9999 -9999 -9999 -9999 -9999 -9999 -9999 -9999 -9999 -9999 -9999 -9999 -9999 -9999 -9999 -9999 -9999 -9999 -9999 -9999 -9999 -9999 -9999 -9999 -9999 -9999 -9999 -9999 -9999 -9999 -9999 13.7547769291855 12.5952335214082 11.5497756763361 11.9492477057502 11.4436323004775 12.1651203823276 12.1213720990345 12.3185979663394 12.7618182790466 12.8901943890378 13.0235907938331 13.0264595337212 11.9341868213378 12.1995452609845 12.3358104056679 12.5653095967136 12.5473799724132 12.0855128504336 11.9600054803304 11.8976103877649 11.2987609361298 10.7780846464448 10.8870967621915 10.7415082128718 11.0800195196643 11.0334024964832 9.552415529266
-9999 -9999 -9999 -9999 -9999 -9999 -9999 -9999 -9999 -9999 -9999 -9999 -9999 -9999 -9999 -9999 -9999 -9999 -9999 -9999 -9999 -9999 -9999 -9999 -9999 -9999 -9999 -9999 -9999 -9999 -9999 -9999 -9999 -9999 -9999 10.8710796311498 11.4769096831791 11.3152561904863 11.3927121674642 11.982955399435 12.1981108910404 12.3279213709757 12.3881649086252 12.5739158163778 12.9059724584222 12.9167302330025 12.5194097585045 12.2834559027106 11.4601275548339 11.7082735551521 12.6298562441953 12.5696127065457 12.2863246425986 11.8854182432406 11.7885982720181 11.6451612776145 10.6841334151104 10.2538224318996 10.3707235823385 10.5129652684554 10.6652475441806 10.5952024785802
-9999 -9999 -9999 -9999 -9999 -9999 -9999 -9999 -9999 -9999 -9999 -9999 -9999 -9999 -9999 -9999 -9999 -9999 -9999 -9999 -9999 -9999 -9999 -9999 -9999 -9999 -9999 -9999 6.81908793224062 8.90693524869691 13.4953911058496 7.61027862504125 10.4252296402119 11.0032302849892 14.7493768981658 11.8103896615525 11.8504196166061 12.2897312712157 11.2700735372491 11.9227118617855 12.6248359493911 12.6793420072645 12.660695197992 12.6298562441953 12.7245246605016 12.7474745796062 12.7869197530672 12.8012634525076 12.8328195912763 12.3272041860037 12.1529282378033 12.0417645671405 11.8316293703392 11.7247688095085 11.702536075376 11.3166905604303 11.0699789300561 10.5987884034403 9.69083222886547 10.5959196635522 10.5614947848953 11.9507845306902
-9999 -9999 -9999 -9999 -9999 -9999 -9999 -9999 -9999 -9999 -9999 -9999 -9999 -9999 -9999 -9999 -9999 -9999 -9999 -9999 -9999 -9999 10.9017012561671 11.3776512830518 11.704585175296 11.8581652143039 11.7641115279735 11.2639057464898 12.0534785883501 11.8915655430007 11.0864741844125 11.3919949824922 10.1584368306212 10.8182470048778 10.7264473284595 10.7343363631517 11.4049043119885 11.5110476878472 11.8373668501154 12.3365275906399 12.5775017412379 12.6685842326842 12.7510605044663 12.7101809610613 12.6750388974324 12.6312906141393 12.6936857067049 12.7159184408374 12.7259590304457 12.5237128683366 12.3114261166193 11.5928067746572 11.1194646931253 11.5590990809724 11.225608068984 10.866298398003 10.8641468430869 10.8092821927276 11.9691854479723 16.804999624379 -9999 -9999
-9999 -9999 -9999 -9999 -9999 -9999 -9999 -9999 -9999 -9999 -9999 -9999 -9999 -9999 -9999 -9999 -9999 -9999 -9999 -9999 -9999 14.1113213347271 12.2993535029236 10.5901821837761 10.8148403762607 10.6238898774609 11.8667714339681 10.5349589409307 11.6015922905644 11.2492751730606 11.7161625898443 11.8664128414821 11.3927121674642 11.7505874685012 11.861033954192 11.9076509773731 12.0180974630639 11.1782738608308 11.266487612389 11.9076509773731 12.4921567295678 12.6757560824044 12.5093691688962 12.5380565677769 12.5301675330848 12.5559861920774 12.540925307665 12.4706411804073 12.4398022266105 12.2052827407606 11.94207585603 11.4500869652256 10.9157841610722 11.3991668322124 11.7827412614133 13.8053702256642 15.2499996591359 -9999 -9999 -9999 -9999 -9999
-9999 -9999 -9999 -9999 -9999 -9999 -9999 -9999 -9999 -9999 -9999 -9999 -9999 -9999 -9999 -9999 -9999 6.88018432352692 11.8066122710212 11.1688852575608 11.6037079862319 12.0847956654616 10.5801415941678 11.8090380437206 12.0016022087075 11.067468782654 10.7149723689072 11.0047150976025 10.5751212993637 11.8024040827295 11.901196312625 12.5653095967136 10.5417721981648 10.9132740136702 11.0613727103919 11.5626850058325 11.9951475439593 12.1278267637827 11.6946470406838 11.2994781211019 12.3465681802481 12.26194035355 12.4362163017504 12.4297616370022 12.4505600011908 12.4792474000715 12.4075289028697 12.459883405827 12.1349986135028 11.9922788040712 11.8000732315704 11.4300057860091 13.9849996874109 -9999 -9999 -9999 -9999 -9999 -9999 -9999 -9999 -9999
-9999 -9999 -9999 -9999 -9999 -9999 -9999 -9999 -9999 -9999 -9999 -9999 -9999 6.62332322185222 -9999 -9999 8.15137750615034 9.97412029281259 11.3683278784156 12.2459829879226 11.9546265930403 11.1908245978411 11.9938924702583 12.0690175960772 11.1693090486806 12.4338854505913 10.8380891224369 10.7565690972842 10.9289325522259 12.540208122693 10.8906826870516 7.50413524918258 12.6298562441953 12.7202215506695 11.4744712542742 12.0051881335676 11.5146336127073 10.5299386461265 12.2081514806487 12.1780297118239 11.7383953239769 11.9980162838474 12.0130771682598 12.4319131919183 12.4656208856031 12.5129550937563 12.541642492637 12.2547685038298 11.9370555612259 12.0596941914409 11.8574480293319 14.4099996779114 -9999 -9999 -9999 -9999 -9999 -9999 -9999 -9999 -9999 -9999
-9999 -9999 -9999 -9999 -9999 -9999 -9999 -9999 -9999 -9999 -9999 -9999 -9999 10.6463616732508 10.4227194928098 10.4969481374137 10.3818399494048 12.0159459081478 10.7924283458851 11.0222861294169 12.299771860824 11.8703573588282 11.9191259369254 12.0353099023923 11.8466902547516 12.0905331452377 10.998738556169 11.0595797479618 10.7407910278998 11.2815484968014 12.6140781748109 12.6700186026283 11.6683502583764 12.0559648295864 9.2497634710744 10.7798776088748 12.0847956654616 11.3783684680238 12.1127658793703 12.1701406771317 12.1249580238946 12.103442474734 12.10200810479 12.4677724405192 12.4964598393999 12.5143894637004 12.5509658972733 12.3996398681775 12.2813043477945 12.2461622841656 12.1385845383629 11.5734427804127 13.2599997036159 -9999 -9999 -9999 -9999 -9999 -9999 20.805879437952 -9999 -9999
-9999 -9999 -9999 -9999 -9999 -9999 -9999 -9999 -9999 -9999 16.5738840637282 9.99252804042771 10.3714407673106 10.7985244181473 10.8555406234227 10.9229560107924 10.9964674704242 12.1887874864042 12.2725188318873 9.34228033246472 11.2363658435643 11.5662709306926 11.8402355900034 11.7778404974379 12.0137943532318 12.0281380526721 11.9205603068694 11.9944303589873 12.0496536018327 12.4003570531495 12.4247413421981 12.3594775097445 12.6900997818448 11.7079149626661 12.2949308622628 10.1495915492997 12.2212042471394 12.0102084283717 12.3196737437975 11.9349040063098 12.140018908307 12.4250999346841 12.380275873933 12.5509658972733 12.5323190880008 12.5516830822453 12.4304788219742 12.341547885444 12.1959593361244 12.1959593361244 12.2296670298092 12.4314350686036 8.45657038092965 -9999 -9999 -9999 12.50004576426 10.8713186928071 11.1675160862505 10.6330698451027 10.5299386461265 17.7899996023625
-9999 -9999 -9999 -9999 -9999 -9999 -9999 16.8201838535328 9.76159447943792 10.1397900213487 10.2168874058407 10.4743568107951 10.6203039526008 10.6859263775405 10.9738761438057 11.1302224677056 11.0208517594729 12.0864093316486 12.262657538522 12.2291291410802 7.37217321433127 12.3673665444367 12.2002624459565 12.3300729258917 12.0690175960772 11.7799920523539 12.1256752088666 12.1529282378033 12.3092745617032 12.3451338103041 12.2770012379624 12.3078401917592 10.6721803322434 12.1963896471076 12.5025559116621 12.6058305476326 12.2800134148449 12.4398022266105 12.4175694924779 12.3110675241333 12.1210135065485 12.1601000875235 12.6398968338035 12.65997801302 12.7180699957535 12.6248359493911 12.5731986314058 12.4053773479536 12.3128604865633 12.2942136772908 12.2676778333262 12.0188146480359 12.0016022087075 14.6886701785552 11.822305965703 11.8165684859268 11.7498702835292 11.3489638841711 11.3640247685835 10.4402905246243 10.1397900213487 9.74445559754251
-9999 -9999 -9999 -9999 -9999 11.6009826833382 10.9283348980825 10.6565217936877 10.7343363631517 11.902630682569 11.7997146390844 10.5550401201472 10.8372524066363 11.0050736900885 11.0359126438852 11.1667989012785 11.704687630292 12.1957800398814 11.1194646931253 11.1657231238205 12.4548631110229 12.4871364347637 12.1314126886427 12.2648090934381 12.4311960069463 11.6207769885659 12.1952421511523 11.0362712363712 12.4191472994164 11.0637633269653 10.7950580241159 10.5526495035738 12.381530947634 12.3128604865633 12.3924680184573 12.4643658119021 12.501121541718 8.50030517531559 12.1127658793703 8.6200750656426 11.9474547433201 11.5067445780151 12.3386791455559 12.5430768625811 12.8364055161364 12.8134555970319 12.7238074755296 12.6513717933558 12.341547885444 12.2590716136619 12.2368388795294 12.1701406771317 11.9671773300506 11.8595995842479 11.504593023099 11.6774346013553 11.5390179017559 11.6487472024746 11.4077730518766 11.1947691151872 11.0398571612313 11.1675160862505
-9999 -9999 -9999 -9999 -9999 12.1566934589064 10.9570222969633 10.1150471398141 12.2131717754528 12.0062639110256 11.5472655289341 12.0582598214969 12.0270622752141 10.9699316264596 10.9365825252607 12.0756515570683 12.2370181757724 11.4400463756174 11.4049043119885 11.3403576645069 11.4938352485187 10.8928342419676 11.424985491205 11.7649311679415 12.4527115561068 11.1671574937645 10.9165013460442 10.9628793075681 11.0683054984547 11.0599383404478 10.8863795772195 10.6991942995228 11.1538895717822 11.0473876034375 12.6348765389994 12.5619627335109 12.4254585271701 8.44006163766608 11.6982329655439 11.8373668501154 10.7727057591546 11.1768394908868 12.4505600011908 12.4476912613027 12.6434827586636 12.9447004469112 12.1654072563164 12.6535233482718 12.5050660590641 12.1780297118239 12.2095858505927 12.1952421511523 12.0833612955175 11.9277321565896 11.8854182432406 11.6566362371668 11.7591936881654 11.8732260987163 11.7219000696205 11.6006958093494 11.5777458902448 10.9537949645892
-9999 -9999 -9999 -9999 -9999 11.5515686387662 12.3655735820066 12.0541360079078 11.0577867855318 10.8964201668277 10.6798303052783 12.1697820846457 10.9943159155082 11.0208517594729 10.9577394819353 11.8929486854468 11.6566362371668 11.822305965703 11.6609393469989 11.503158653155 11.5361491618678 11.6444440926425 11.6910611158237 11.9671773300506 12.4770958451554 12.3967711282894 11.3421506269369 11.2593157626688 11.1682332712226 11.2421033233404 11.0869523077272 10.9203263325617 11.8976103877649 11.7577593182214 11.9851069543511 12.4706411804073 10.9000060916878 11.0714133000001 11.8072450812906 12.1306955036707 11.9800866595469 12.4347819318064 11.5501342688221 11.874421407003 12.5091301072389 12.8294727280736 12.8531398321502 12.7216559206136 12.5653095967136 12.3587603247724 12.2009796309285 12.0690175960772 12.0833612955175 12.0561082665808 12.0575426365249 12.1701406771317 12.1177861741744 12.1615344574675 12.4885708047077 12.1780297118239 12.0876644053496 12.0123599832878
-9999 -9999 -9999 -9999 -9999 12.0858714429196 10.8888897246215 11.0516907132696 10.6328546896111 10.8749046176672 10.7196340712253 10.8759803951252 10.8723944702651 11.0000533952843 11.0075838374905 11.2126987394877 11.6803033412434 11.7132938499562 11.7534562083893 11.4149449015968 11.54403819656 11.544755381532 11.5677053006366 11.227401031414 11.3310342598706 7.73004851536825 11.2733008696232 11.3551794872619 11.2607501326129 12.4051980517106 12.0055467260536 10.8942686119117 10.8752632101532 12.221060810145 10.573208806105 11.0527664907277 11.0362712363712 10.7827463487629 10.550019825343 10.9114810512401 10.8939100194257 11.0825296670664 11.2058854822535 12.9052552734502 12.8306680363603 12.9203161578625 12.7460402096622 12.8077181172557 12.8478804756887 12.4577318509109 12.5194097585045 12.1909390413202 12.3745383941568 12.2648090934381 12.142170463223 12.3300729258917 12.3942609808873 12.3601946947165 12.5445112325251 12.2698293882422 12.0876644053496 11.8653370640241
-9999 -9999 -9999 -9999 -9999 12.2016968159005 10.6895123024005 10.4553514090367 10.5801415941678 10.7852564961649 10.8487273661885 10.3348643337376 10.8641468430869 10.9211630483624 10.9559465195052 10.9953916929662 11.861033954192 11.9334696363658 11.8359324801713 11.8466902547516 11.6085848440416 11.6523331273347 11.1176717306953 10.9010818691459 11.2729422771372 10.9172185310163 11.1951277076732 12.2538720226148 11.824098928133 12.1136623605853 12.3705938768107 12.3175221888814 10.7551347273402 10.6678772224113 10.5141605767421 10.5521713802591 10.8003173805773 10.8648640280589 12.2227342417464 12.3539193262113 10.8698843228631 12.4347819318064 12.4025086080655 12.7718588686548 12.8399914409965 12.7897884929553 12.8736991346814 12.8751335046254 12.6936857067049 12.579653296154 12.6915341517888 12.578936111182 12.4111148277298 12.0898159602657 11.9317962047644 12.259788798634 11.3245795951225 11.2820266201161 12.3087964383885 12.6664326777682 11.9549851855263 12.1110924477689
