EcologicalScience/Bass/data/rs_data_bass/sst_411.asc
NCOLS 226 
NROWS 124 
XLLCORNER -9.41648524995501 
YLLCORNER 47.587301625531 
CELLSIZE 0.0833 
NODATA_value -9999 
[rows 54 to 80 of 124, columns 0 to 61 of 226]
-9999 -9999 -9999 -9999 -9999 -9999 -9999 -9999 -9999 -9999 -9999 -9999 -9999 -9999 -9999 -9999 -9999 -9999 -9999 -9999 -9999 -9999 -9999 -9999 -9999 -9999 -9999 -9999 -9999 -9999 -9999 -9999 -9999 -9999 -9999 -9999 -9999 -9999 10.6121942456095 9.57895137323067 9.59186070272699 10.7450941377319 11.0538422681857 12.2045655557886 12.0424817521125 12.0317239775322 12.2848902726546 12.3150120414793 12.3797977506183 12.3121433015913 10.8476515887305 12.2770012379624 12.2758059296757 11.6681111967191 11.4612033322919 11.2284768088721 10.7386394729838 10.9025162390899 10.829492465239 -9999 -9999 10.7006286694668
-9999 -9999 -9999 -9999 -9999 -9999 -9999 -9999 -9999 -9999 -9999 -9999 -9999 -9999 -9999 -9999 -9999 -9999 -9999 -9999 -9999 -9999 -9999 -9999 -9999 -9999 -9999 -9999 -9999 -9999 -9999 -9999 -9999 -9999 -9999 -9999 -9999 -9999 10.2749997703359 10.308328489773 10.6088289930485 10.3735923222266 10.7183192321099 11.982238214463 11.0586832667468 11.8262504830491 12.1048768446781 12.0496536018327 12.4541459260508 12.2688731416129 12.0286161759868 12.1596219642088 11.9958647289313 11.5863521099091 10.9093294963241 10.9885784357321 10.3309795818059 10.3355263506349 6.8049998478964 13.6649996945634 -9999 10.5649997638538
-9999 -9999 -9999 -9999 -9999 -9999 -9999 -9999 -9999 -9999 -9999 -9999 -9999 -9999 -9999 -9999 -9999 -9999 -9999 -9999 -9999 -9999 -9999 -9999 -9999 -9999 -9999 -9999 -9999 -9999 -9999 -9999 -9999 -9999 -9999 -9999 -9999 -9999 -9999 9.68258460168727 10.9803308085538 11.3496810691431 12.0948362550698 12.063280116301 12.0310067925602 12.0274208677001 12.0385372347664 12.3906750560272 12.2275154748932 12.1507766828872 12.1837671916001 12.1897437330335 11.623107839725 11.4891735462006 11.4705267369282 11.4343088958412 10.6830576376524 11.1435416171859 10.9740717397071 12.5349997198209 6.98999984376132 -9999
-9999 -9999 -9999 -9999 -9999 -9999 -9999 -9999 -9999 -9999 -9999 -9999 -9999 -9999 -9999 -9999 -9999 -9999 -9999 -9999 -9999 -9999 -9999 -9999 -9999 -9999 -9999 -9999 -9999 -9999 -9999 -9999 -9999 -9999 -9999 -9999 -9999 -9999 -9999 11.0999997518957 10.7340176142752 11.5598162659444 11.7979216766544 11.8997619426809 11.9513992606662 11.8807565409224 12.0288552376442 12.2595497369766 12.2777184229344 12.2215389334597 12.0953741437988 12.0100291321287 11.7590143919224 11.8033005639445 11.6376308354083 11.5684224856086 11.5336390144657 11.3336161257699 11.1811426007189 10.1558071523905 10.0232474633958 -9999
-9999 -9999 -9999 -9999 -9999 -9999 -9999 -9999 -9999 -9999 -9999 -9999 -9999 -9999 -9999 -9999 -9999 -9999 -9999 -9999 -9999 -9999 -9999 -9999 -9999 -9999 -9999 -9999 -9999 -9999 -9999 -9999 -9999 -9999 -9999 -9999 -9999 -9999 -9999 -9999 10.8899655020796 10.1978820040822 11.6365550579503 11.7262031794526 11.7290719193406 11.7287133268546 11.9021525592543 12.2931378998328 12.0908917377237 12.3135776715353 12.1591438408941 12.1072076958371 11.8508140683407 11.7511253572302 11.7762268312508 11.7688756852876 11.2756317207823 10.9106204292737 11.5798974451609 9.59530319059268 10.5062715420499 13.5649996967986
-9999 -9999 -9999 -9999 -9999 -9999 -9999 -9999 -9999 -9999 -9999 -9999 -9999 -9999 -9999 -9999 -9999 -9999 -9999 -9999 -9999 -9999 -9999 -9999 -9999 -9999 -9999 -9999 -9999 -9999 -9999 -9999 -9999 -9999 -9999 -9999 -9999 -9999 -9999 11.9499997328967 8.90221563363448 10.6898708948866 11.3209936702624 11.3590044737794 11.2399517684244 11.9076509773731 12.2934964923188 12.2002624459565 11.744849988725 11.834976233542 12.1404970316216 12.3561306465417 12.234448262956 12.1479079429992 11.82391963189 11.8800393559504 11.8312707778532 10.9558030825108 10.3910916355439 14.2937447626546 -9999 -9999
-9999 -9999 -9999 -9999 -9999 -9999 -9999 -9999 -9999 -9999 -9999 -9999 -9999 -9999 -9999 -9999 -9999 -9999 -9999 -9999 -9999 -9999 -9999 -9999 -9999 -9999 -9999 -9999 -9999 -9999 -9999 -9999 -9999 -9999 -9999 -9999 -9999 -9999 -9999 9.01273383782245 10.0479903449304 11.6014129943214 11.4572588149458 11.1646473463625 11.5246742023155 12.4398022266105 12.2949308622628 12.2468794691376 12.2375560645014 12.0123599832878 11.8581652143039 12.31405579485 12.2000233842991 12.2114983438514 11.8194372258149 11.7548905783333 11.4400463756174 14.5099996756762 16.146380651368 9.99620958995074 9.0054424572736 9.91143832625821
-9999 -9999 -9999 -9999 -9999 -9999 -9999 -9999 -9999 -9999 -9999 -9999 -9999 -9999 -9999 -9999 -9999 -9999 -9999 -9999 -9999 -9999 -9999 -9999 -9999 -9999 -9999 -9999 -9999 -9999 -9999 -9999 -9999 -9999 -9999 -9999 -9999 -9999 -9999 10.2495193220675 11.7570421332493 11.7391125089489 11.9951475439593 11.7520218384452 12.1177861741744 12.4778130301274 12.6047547701746 11.7634967979975 11.9277321565896 12.6398968338035 12.1052354371641 11.9198431218974 12.1550797927193 12.0353099023923 11.7340922141448 11.4233120596036 11.59094209373 11.4153034940828 11.0090182074346 10.356666756887 10.0171513911337 10.0042420616373
-9999 -9999 -9999 -9999 -9999 -9999 -9999 -9999 -9999 -9999 -9999 -9999 -9999 -9999 -9999 -9999 -9999 -9999 -9999 -9999 -9999 -9999 -9999 -9999 -9999 -9999 -9999 -9999 -9999 -9999 -9999 -9999 -9999 -9999 -9999 -9999 -9999 -9999 9.91918392395601 9.98021636507474 11.3252967800945 11.7591936881654 11.9270149716176 12.0733207059093 12.2346873246133 12.100573734846 12.1077455845661 12.3576845473144 12.3501541051082 12.2235709575471 12.2724590664729 12.2602669219486 11.7957701217383 11.8825495033525 12.0001678387634 11.8674886189401 11.7462843586691 11.3458082702942 11.01733755311 10.1146885473281 10.4203527824022 10.2574083567597
-9999 -9999 -9999 -9999 -9999 -9999 -9999 -9999 -9999 -9999 -9999 -9999 -9999 -9999 -9999 -9999 -9999 -9999 -9999 -9999 -9999 -9999 -9999 -9999 -9999 -9999 -9999 -9999 -9999 -9999 -9999 -9999 -9999 -9999 -9999 -9999 -9999 -9999 11.1733970030211 11.2901547164656 11.2148502944037 11.5978270694613 11.8653370640241 12.2590716136619 12.2052827407606 12.1586657175794 12.1873531164601 11.8299559387378 11.9612007886171 12.1251373201376 12.1138416568283 12.0299310151022 11.9415977327153 12.0898159602657 12.0403301971965 11.8676320559345 11.8746604686603 11.7348093991168 9.81490522902459 9.79016234748997 9.59401225764304 9.35536895820405
-9999 -9999 -9999 -9999 -9999 -9999 -9999 -9999 -9999 -9999 -9999 -9999 -9999 -9999 -9999 -9999 -9999 -9999 -9999 -9999 -9999 -9999 -9999 -9999 -9999 -9999 -9999 -9999 -9999 -9999 -9999 -9999 -9999 -9999 -9999 -9999 -9999 11.2424619158264 10.9066041934304 11.6401409828104 11.4927594710607 11.7685170928016 12.0245521278121 12.1328470585868 12.0482192318887 11.9894100641832 12.1755195644218 11.9043041141704 11.8390402817167 12.221598698874 12.1094190161675 12.5703298915178 12.2676778333262 12.1285439487547 12.0259864977561 11.7297891043127 11.5033977148123 10.5155949466862 10.3011566400528 10.0476317524444 9.52354883414228 10.068788709119
-9999 -9999 -9999 -9999 -9999 -9999 -9999 -9999 -9999 -9999 -9999 -9999 -9999 -9999 -9999 -9999 -9999 -9999 -9999 -9999 -9999 -9999 -9999 -9999 -9999 -9999 -9999 -9999 -9999 -9999 -9999 -9999 -9999 -9999 -9999 -9999 -9999 9.53054138761945 10.9573808894493 11.2363658435643 11.625080098398 11.1825769706629 11.9402828935999 12.0729621134233 12.4276100820862 12.5222784983926 12.0503707868047 12.262298946036 12.3125018940773 12.2899105674587 12.2687536107842 12.5825220360421 12.2848902726546 12.3035370819271 11.583841962507 11.7917060735635 11.0993835139088 11.0348368664272 11.064958635252 10.6235312849749 10.149830610957 9.0333040067926
-9999 -9999 -9999 -9999 -9999 -9999 -9999 -9999 -9999 -9999 -9999 -9999 -9999 -9999 -9999 -9999 -9999 -9999 -9999 -9999 -9999 -9999 -9999 -9999 -9999 -9999 -9999 -9999 -9999 -9999 -9999 -9999 -9999 -9999 -9999 11.2082350658559 11.3846079772804 11.2851344216615 11.584917739965 11.4802087340504 11.1947691151872 11.184728525579 11.6422925377265 12.1615344574675 12.4484084462747 12.4405194115825 12.5703298915178 12.1156346192583 12.1041596597061 12.1504180904012 12.5050660590641 12.1109729169402 11.9585711103864 12.0582598214969 12.0374614573084 11.8352152951993 11.2101168735884 11.4321573409252 11.185445710551 10.3501642798074 10.056022816617 10.2613528741058
-9999 -9999 -9999 -9999 -9999 -9999 -9999 -9999 -9999 -9999 -9999 -9999 -9999 -9999 -9999 -9999 -9999 -9999 -9999 -9999 -9999 -9999 -9999 -9999 -9999 -9999 -9999 -9999 -9999 -9999 -9999 21.8163479557711 23.664999471046 -9999 -9999 8.60071107139811 11.3964936882257 11.2048097047955 11.625080098398 11.4848704363685 11.6290246157441 12.4670552555472 12.4068117178977 12.3580431398004 12.4362163017504 12.5100863538682 12.1109729169402 12.2016968159005 12.4799645850435 12.5179753885604 12.221419402631 12.5100863538682 11.7704637377257 11.0153294351883 11.4017965104431 11.8603167692199 11.7276375493966 10.945188744925 11.2614673175849 11.0434430860914 10.9824823634699 10.2803582758643
-9999 -9999 -9999 -9999 -9999 -9999 -9999 -9999 -9999 -9999 -9999 -9999 -9999 -9999 -9999 -9999 -9999 -9999 -9999 -9999 -9999 -9999 -9999 -9999 -9999 -9999 -9999 -9999 -9999 9.48387313694028 8.77330785514813 11.2110253078863 11.373608967755 7.07545637827436 13.4802839385146 12.4324211979401 9.77761161047965 11.5641193757765 11.6322519481182 11.9399243011139 12.380993058905 12.3150120414793 12.5452284174971 12.3401135155 12.4089632728137 12.34190647793 12.2095858505927 12.3515884750523 12.3239768536296 12.6528061632998 12.6083406950347 12.4484084462747 12.4614612127654 10.6822209218517 11.9399243011139 10.8213548064232 11.4013183871284 11.2815484968014 11.0800195196643 10.9222388258204 10.9272591206245 10.387936021667
-9999 -9999 -9999 -9999 -9999 -9999 -9999 -9999 -9999 -9999 -9999 -9999 -9999 -9999 -9999 -9999 -9999 -9999 -9999 -9999 -9999 -9999 16.133145458065 11.265053242445 11.2750938320532 10.7099520741031 11.1725363810547 11.2514267279766 11.0025635426864 11.422833936289 11.7197485147044 11.9650257751346 11.4522385201417 11.5598162659444 11.742698433809 11.0828882595524 11.8373668501154 11.1825769706629 11.7140110349283 11.5153507976793 12.3702352843247 12.2913449374028 12.0310067925602 12.1220892840065 12.4577318509109 12.4364553634077 12.1149174342863 12.1909390413202 12.5997344753705 12.5373393828049 12.5065004290082 12.5602893019095 10.7840611878783 11.8947416478768 10.4135156190023 11.6508987573907 10.4900153493509 10.6660603538156 10.8608869113959 13.5549996970221 -9999 -9999
-9999 -9999 -9999 -9999 -9999 -9999 -9999 -9999 -9999 -9999 -9999 -9999 -9999 -9999 -9999 -9999 -9999 -9999 -9999 -9999 -9999 11.3358890504505 10.9896542131901 11.0922116641887 10.9753105137497 11.1775566758588 11.1825769706629 11.3733481732197 11.4551072600298 11.5684224856086 11.7175969597884 11.741981248837 11.8144169310108 12.02383494284 12.0317239775322 11.8725089137442 11.8832666883245 12.1945249661803 11.8839838732965 12.1048768446781 12.2798699778505 12.342265070416 12.1446806106251 12.1199377290905 12.3483611426782 12.4053773479536 12.1199377290905 12.4498428162187 12.4813989549875 12.5165410186164 12.4749442902394 11.3515935624018 11.038900914602 10.826494632056 10.3189069681102 11.8042568105739 13.6049996959046 -9999 -9999 -9999 -9999 -9999
-9999 -9999 -9999 -9999 -9999 -9999 -9999 -9999 -9999 -9999 -9999 -9999 -9999 -9999 -9999 -9999 -9999 6.88018432352692 9.99050929754351 10.6400265393313 10.8498031436466 11.3872137493454 11.7900326419622 11.5289773121476 11.7175969597884 11.7656483529136 11.7125766649842 11.7312234742567 11.7075563701801 11.7663655378856 11.823740335647 11.8947416478768 11.8839838732965 12.1199377290905 12.1586657175794 12.0467848619446 12.0912503302097 12.181615636684 12.2540513188578 12.1690648996737 11.8854182432406 12.4003570531495 12.2275154748932 12.3781243190169 12.302819896955 12.2070757031906 12.5997344753705 12.4462568913586 12.3451338103041 12.3350932206959 11.6265144683421 11.2076784446836 12.6599997170269 -9999 -9999 -9999 -9999 -9999 -9999 -9999 -9999 -9999
-9999 -9999 -9999 -9999 -9999 -9999 -9999 -9999 -9999 -9999 -9999 -9999 -9999 -9999 -9999 -9999 -9999 10.8505203286186 11.0341196814552 11.2026581498794 11.2055268897675 11.5813318151049 11.7936185668223 11.7792748673819 11.8165684859268 11.9872585092671 11.824457520619 11.8509933645837 11.6681111967191 11.4672994045541 11.8301950003952 11.7677999078296 11.6609393469989 11.6186254336499 11.663090901915 11.6577120146248 11.9994506537914 12.0912503302097 12.4455397063866 12.4813989549875 12.1966765210964 11.8197958183009 11.8273262605071 12.2475966541097 12.3446556869894 12.3221838911995 12.4025086080655 11.702894667862 11.7522609001026 11.8509933645837 11.718887892738 14.9949996648356 -9999 -9999 -9999 -9999 -9999 -9999 -9999 -9999 -9999 -9999
-9999 -9999 -9999 -9999 -9999 -9999 -9999 -9999 -9999 -9999 -9999 -9999 -9999 11.5497756763361 11.0183416120708 11.106555363629 11.0957975890487 11.0283822016791 11.3970152772963 11.4292886010371 11.5368663468398 11.7326578442007 11.6752830464393 11.6200598035939 11.662373716943 11.8968932027929 11.781426422298 11.6856822285336 11.8474074397236 11.6587877920829 11.6996673354879 11.741981248837 11.8452558848076 11.8821909108665 11.8176442633849 12.021324795438 11.9306008964777 12.0152287231758 12.1378673533909 12.1762367493939 12.2260811049491 12.3931852034293 12.4423123740125 12.5032730966341 12.2002624459565 12.5617236718535 12.3838617987931 12.2949308622628 12.4433881514706 11.7778404974379 11.8003122932278 11.3552751119249 14.9249996664003 -9999 -9999 -9999 -9999 -9999 -9999 22.9201158708311 21.7549995137379 -9999
-9999 -9999 -9999 -9999 -9999 -9999 -9999 -9999 -9999 -9999 20.9849995309487 11.1122928434052 11.1933347452432 11.3030640459619 11.4443494854495 11.2686391673051 11.3252967800945 11.5497756763361 11.9614398502745 11.6953642256558 11.9779351046309 12.0453504920006 11.7100665175822 12.0596941914409 11.8251747055911 11.9327524513938 12.0840784804896 12.1299783186987 12.0051881335676 11.8474074397236 11.8058107113466 11.6207769885659 12.0991393649019 12.0833612955175 11.9686116999947 11.8004318240564 12.0130771682598 12.1210135065485 12.1378673533909 12.2977996021509 11.1671574937645 12.1591438408941 12.8148899669759 12.2483138390817 12.4297616370022 12.5846735909581 12.3716696542688 12.299951157067 12.0422426904552 11.7489140368998 12.0787713116966 14.6788863085676 9.92877569458177 -9999 -9999 -9999 11.0326853115112 11.1302224677056 11.1352427625097 10.7343363631517 11.7703100552317 17.7899996023625
-9999 -9999 -9999 -9999 -9999 -9999 -9999 20.2158198776625 10.1921445243061 11.2449720632285 11.2887203465216 11.0599383404478 11.4170964565128 11.8101138211787 11.7097079250962 11.5870692948811 11.7957701217383 11.9528336306103 11.7656483529136 11.8524277345277 12.1249580238946 11.9578539254144 12.0847956654616 11.8581652143039 11.9851069543511 11.8201544107869 11.8703573588282 11.9600054803304 12.1500594979152 11.9248634167016 11.7731787951197 11.8775292085484 11.9349040063098 11.9729148098268 11.7680867818184 11.7297891043127 12.0546738966368 12.2486724315677 12.2981581946369 11.704687630292 12.0790581856854 12.581087666098 12.6750388974324 12.8335367762484 12.8715475797653 12.7474745796062 12.3183589046821 12.3513494133949 12.1216111606918 11.8643330050632 11.9698070082814 11.8854182432406 12.0333238517006 11.1175521998666 11.3061718475074 11.7799920523539 11.6487472024746 11.6365550579503 11.8180028558709 11.024437684333 10.7601550221443 14.1089264869739
-9999 -9999 -9999 -9999 -9999 10.6798303052783 11.6143223238178 11.3912777975202 11.3640247685835 11.7140110349283 11.9600054803304 11.3647419535555 11.4601275548339 11.5361491618678 11.902630682569 12.0345927174203 12.0546738966368 11.8990447577089 11.7376781390049 11.6903439308517 11.7785576824099 11.8359324801713 11.823023150675 11.6860408210196 11.7376781390049 11.8968932027929 11.9600054803304 12.0546738966368 12.0001678387634 12.1486251279712 12.2698293882422 12.2088686656207 11.9503234832082 11.8402355900034 12.1170689892024 12.2734153131023 11.8945982108824 12.0048295410816 11.970285131596 10.0347224229481 12.0525223417208 12.342265070416 12.7983947126195 12.8894772040658 12.9253364526667 11.4974211733788 12.4813989549875 12.4060945329256 12.2828821547329 12.195720274467 12.2698293882422 12.1859187465161 11.6088717180304 11.6569948296528 11.9707632549107 11.8380840350874 11.8911557230167 11.9851069543511 11.8301950003952 11.7778404974379 10.9537949645892 11.2198705892079
-9999 -9999 -9999 -9999 -9999 11.663090901915 11.6042817342095 11.5311288670637 11.6881923759356 11.7577593182214 11.623645728454 11.4149449015968 11.3339029997587 11.4776985866483 12.0202490179799 11.9951475439593 11.6982329655439 11.5942411446013 11.5798974451609 11.5153507976793 11.6214941735379 11.7122180724982 11.7667241303716 11.7570421332493 11.9621570352465 11.8402355900034 12.0747550758533 11.9621570352465 12.1048768446781 12.062562931329 11.9596468878444 12.4326303768903 12.4649037006311 11.9298837115057 12.0948362550698 11.7863032801077 10.9645527391694 11.106196771143 12.2569200587459 12.0833612955175 12.167510998901 12.223212365061 13.0623187823221 12.5100863538682 12.5313628413714 12.404086415004 13.1347544644959 12.3097526850179 12.2275154748932 12.1305520666763 12.2547685038298 12.0919675151818 12.0559289703378 12.0173802780919 12.1285439487547 12.0855128504336 12.2820215327665 11.2557298378088 12.0001678387634 11.064958635252 11.4002426096704 11.2453306557145
-9999 -9999 -9999 -9999 -9999 11.6293832082301 11.5218054624274 11.5612506358884 11.5339976069517 11.7089907401241 11.2693563522771 11.3998840171844 11.8918729079887 11.9750663647428 11.6566362371668 11.8811151334085 11.5877864798531 11.8352152951993 11.9614398502745 11.9327524513938 11.9399243011139 11.5770287052728 11.9449445959181 12.0353099023923 11.8875697981566 12.2798699778505 11.701818890404 11.7487945060711 12.0776238157414 11.9399243011139 12.1228064689785 11.9234290467575 11.9166157895233 11.943510225974 11.8872829241678 11.8122653760947 11.7780795590952 11.7460452970117 11.7759280041791 12.0924456384964 12.2184311319143 12.7453230246902 12.6886654119007 12.3623462496325 12.3695180993527 12.340830700472 12.3080792534165 12.2659565893933 13.0250251637772 12.8923459439538 12.7560807992704 12.7051606662571 12.699423186481 12.3831446138211 12.4749442902394 12.1220892840065 12.4964598393999 12.6520889783278 12.4943082844839 12.1249580238946 12.1852015615441 11.8488418096676
-9999 -9999 -9999 -9999 -9999 11.6716971215792 11.7011017054319 11.6932126707397 11.2966093812138 11.2334971036762 11.6709799366072 11.783577977214 11.7706686477177 11.9133884571493 11.7936185668223 11.8287606304511 11.7211828846484 11.7749717575498 11.8789635784924 12.0116427983157 12.0259864977561 11.9148228270933 11.9499648907222 11.9901272491552 11.982238214463 11.8502761796117 11.8007904165424 11.7523804309312 11.6060746966396 11.492639940232 11.6396628594957 11.6791080329567 11.4825993506238 11.7015798287466 11.784295162186 11.7995951082557 11.5748771503568 11.7548905783333 11.9781741662882 12.1777906501666 12.380275873933 12.3953367583454 9.52468437701464 11.1419364889152 12.0593355989549 12.5602893019095 12.3960539433174 12.9346598573029 13.016418944113 13.0157017591409 12.978408140596 12.6147953597829 12.7037262963131 12.6836451170966 12.1572313476354 12.6642811228521 12.6162297297269 12.4857020648196 12.3838617987931 12.18018126674 12.0600527839269 11.9098025322892
-9999 -9999 -9999 -9999 -9999 11.784295162186 11.7513046534732 11.782860792242 11.9176915669814 11.7376781390049 11.7240516245365 11.821588780731 11.9793694745749 11.7226172545925 11.2750938320532 11.8796807634644 11.6847857473185 11.5555131561123 11.7226172545925 11.6903439308517 11.7599108731374 11.9528336306103 11.9148228270933 12.0403301971965 11.2473029143875 11.3995254246984 11.6318933556322 10.8910412795376 11.2958921962418 11.7649311679415 11.5509709846228 11.625080098398 11.6150395087898 11.6851801990531 11.9248634167016 11.7797529906966 11.861033954192 12.2332529546693 11.9600054803304 12.0836003571749 12.6700186026283 11.9515426976606 12.1146305602975 12.285846519284 12.4874233087525 12.3085573767312 11.8933072779328 11.9047822374851 12.4974160860293 12.2542903805152 12.366888421122 12.8536179554649 12.8399914409965 12.97984251054 12.5373393828049 12.5495315273292 11.9700460699387 12.657826458104 11.9439883492887 12.0397923084674 12.1443220181391 12.3159085226944
