EcologicalScience/Bass/data/rs_data_bass/sst_364.asc
NCOLS 226 
NROWS 124 
XLLCORNER -9.41648524995501 
YLLCORNER 47.587301625531 
CELLSIZE 0.0833 
NODATA_value -9999 
[rows 27 to 53 of 124, columns 62 to 123 of 226]
-9999 -9999 -9999 -9999 -9999 -9999 -9999 -9999 -9999 -9999 -9999 -9999 -9999 -9999 -9999 -9999 -9999 -9999 -9999 -9999 -9999 -9999 -9999 -9999 -9999 -9999 -9999 -9999 12.5299997199327 7.32842493103817 10.1125369924121 10.1828211196698 10.1397900213487 10.9530777796172 10.8792077274993 10.50806450448 10.4869075478055 10.6213797300588 10.0974761079997 10.1867656370159 10.3208792267833 10.1670430502854 10.3146038582781 10.1393118980341 9.40557190624531 10.2652973914519 10.2638630215079 10.2760551660322 10.4001281661913 10.4503311142325 9.87357095973566 10.4352702298202 10.4847559928894 10.4797356980853 10.3339678525226 10.6540116462857 10.5227667964064 10.4481795593165 10.4539170390926 10.5324487935286 9.10417492175475 9.16178878117353
-9999 -9999 -9999 -9999 -9999 -9999 -9999 -9999 -9999 -9999 -9999 -9999 -9999 -9999 -9999 -9999 -9999 -9999 -9999 -9999 -9999 -9999 -9999 -9999 -9999 -9999 -9999 -9999 -9999 -9999 9.78499978128821 10.1761871586787 10.8881725396495 10.8836901335744 10.7608722071163 10.4266640101559 10.8845866147894 10.3189069681102 10.0874355183914 10.0049592466094 10.0216337972088 10.1186330646742 9.97734762518667 10.2030815951293 9.03926968178712 10.2452162122354 10.309762859717 10.3549455129541 10.3527939580381 10.387218836695 10.3348643337376 10.3649861025624 10.3850672817789 10.430249935016 10.5198980565183 9.01141899870709 9.01930803339928 10.5317316085566 10.4510482992046 10.5503784178291 10.6195867676288 9.21581671573222
-9999 -9999 -9999 -9999 -9999 -9999 -9999 -9999 -9999 -9999 -9999 -9999 -9999 -9999 -9999 -9999 -9999 -9999 -9999 -9999 -9999 -9999 -9999 -9999 -9999 -9999 -9999 -9999 -9999 -9999 -9999 13.3849997008219 10.469695108477 10.9010818691459 10.7022423356539 10.9168599385303 10.6332132820971 10.1842554896139 10.0669957466889 10.4614474812988 10.5173879091162 10.347773663234 10.1053651426919 10.0350810154341 9.31670073512942 8.47412792383693 10.2947019753046 10.2602770966478 10.2502365070395 10.3750266921706 10.1151666706428 10.3198034493253 10.2656559839379 10.3986937962472 10.4338358598761 10.6604663110338 10.5665150796995 10.6382335769013 10.4428006720264 10.6177938051987 9.00687682721764 10.6138492878526
-9999 -9999 -9999 -9999 -9999 -9999 -9999 -9999 -9999 -9999 -9999 -9999 -9999 -9999 -9999 -9999 -9999 -9999 -9999 -9999 -9999 -9999 -9999 -9999 -9999 -9999 -9999 -9999 -9999 -9999 -9999 8.3036726155784 10.0078279864974 10.7671475756215 10.2997222701088 10.4363460072782 10.3628345476463 10.3004394550808 10.4359874147922 10.4126789032016 10.4926450275816 10.4729224408511 9.51344847911969 10.0931729981676 10.1699117901735 8.79901271616109 9.86134295596275 9.57142093102448 10.2652973914519 10.2652973914519 9.95296333613805 10.3248237441294 10.1690153089585 10.3294854464475 10.4944379900116 10.3198034493253 10.2277647112496 10.627475802321 9.11086864816025 8.13540146155283 8.03800774235278 10.5410550131928
-9999 -9999 -9999 -9999 -9999 -9999 -9999 -9999 -9999 -9999 -9999 -9999 -9999 -9999 -9999 -9999 -9999 -9999 -9999 -9999 -9999 -9999 -9999 -9999 -9999 -9999 -9999 -9999 -9999 -9999 -9999 9.41499978955835 9.12306079268456 10.3951078713872 10.3284096689895 10.2215491081588 10.1684774202295 10.3524353655521 10.3169347094372 10.4822458454873 10.4248710477259 10.4040726835374 10.149113425985 10.1849726745859 10.0953245530836 10.2057710387744 10.2100741486065 10.270317686256 10.0472731599584 10.0026283954503 9.98720891855191 10.1860484520439 10.5808587791398 10.5801415941678 10.7920697533991 10.6335718745831 10.6177938051987 10.705828260514 10.6360820219852 10.5912579612341 10.3570970678702 10.4906727689086
-9999 -9999 -9999 -9999 -9999 -9999 -9999 -9999 -9999 -9999 -9999 -9999 -9999 -9999 -9999 -9999 -9999 -9999 -9999 -9999 -9999 -9999 -9999 -9999 -9999 -9999 -9999 -9999 -9999 -9999 -9999 -9999 9.35901464847848 10.230155327823 10.7135379989631 10.4004867586773 10.2201147382148 10.0040627653943 9.39427624293603 10.3513595880941 10.4015625361353 10.2853785706684 10.1566438681912 10.1448103161529 10.1749320849776 9.82261496747378 10.0210959084798 10.070760967792 10.2615321703488 10.0937108868966 9.50543991359882 9.75322732143104 10.1324388753856 10.3977973150322 10.8316942231031 10.6002227733843 10.6439710566774 10.6461226115935 10.7852564961649 10.4990996923298 10.6550874237437 10.5324487935286
-9999 -9999 -9999 -9999 -9999 -9999 -9999 -9999 -9999 -9999 -9999 -9999 -9999 -9999 -9999 -9999 -9999 -9999 -9999 -9999 -9999 -9999 -9999 -9999 -9999 -9999 -9999 -9999 -9999 -9999 -9999 -9999 9.88847775899248 8.98583940137178 9.53054138761945 9.74497969425283 9.98989836219698 10.5141605767421 10.2373271775432 10.2947019753046 10.4194921604358 10.270317686256 10.1526993508451 10.3047425649129 10.3147831545211 10.2107913335785 9.95332192862406 9.96013518585823 10.2911160504445 10.2968535302207 10.4130374956876 10.5037613946479 10.3054597498849 10.1605883855373 10.3818399494048 10.4635990362149 10.707441926701 10.589464998804 10.6482741665095 10.4345530448481 10.4904934726655 8.45096284924075
-9999 -9999 -9999 -9999 -9999 -9999 -9999 -9999 -9999 -9999 -9999 -9999 -9999 -9999 -9999 -9999 -9999 -9999 -9999 -9999 -9999 -9999 -9999 -9999 -9999 -9999 -9999 -9999 -9999 -9999 -9999 -9999 -9999 8.5087998590706 10.7223235148704 10.7199926637113 10.3646275100764 10.0834910010453 10.4718466633931 10.4474623743445 10.3549455129541 10.2889644955285 10.3678548424505 10.3599658077583 10.307611304801 10.3000808625948 10.3746680996846 10.4101687557995 10.2412716948893 10.1311838016845 10.2122257035226 10.0960417380556 10.3929563164711 10.4546342240646 10.3183690793812 10.3140659695491 10.4388561546803 10.5044785796199 10.3717993597966 10.5216910189483 10.548944047885 9.88781903451309
-9999 -9999 -9999 -9999 -9999 -9999 -9999 10.4423464548774 10.3580533144996 11.19737706054 13.2658756617938 8.09692278796545 14.1925812045468 8.2869934616577 8.41999981179833 -9999 -9999 -9999 -9999 -9999 -9999 -9999 -9999 -9999 -9999 -9999 -9999 -9999 -9999 -9999 -9999 -9999 -9999 -9999 11.067468782654 10.4073000159115 10.3771782470867 10.390087576583 10.3585314378142 10.3255409291014 10.3169347094372 10.3291268539615 10.3198034493253 10.3248237441294 10.4151890506037 10.3549455129541 10.4065828309394 10.3535111430101 10.3223135967273 10.4872661402915 10.4022797211073 10.4904934726655 10.4216437153518 10.2149151471676 10.4775841431692 10.389728984097 10.4245124552399 10.4607302963268 10.506988727022 9.68533381074667 8.04862207993865 10.9771034761798
-9999 -9999 -9999 -9999 16.7299996260554 16.7489682873711 10.7962191807372 10.4352702298202 10.4022797211073 11.4074470587075 13.4181859654374 19.8197698211571 19.7799995578825 -9999 -9999 -9999 -9999 -9999 -9999 -9999 -9999 -9999 -9999 -9999 -9999 -9999 -9999 -9999 -9999 -9999 -9999 -9999 -9999 -9999 10.4352702298202 10.3140659695491 10.4022797211073 10.3943906864151 10.4252296402119 10.4151890506037 10.4123203107156 10.4331186749041 10.4266640101559 10.4747154032812 10.4553514090367 10.709234889131 10.6328546896111 10.7906353834551 10.3857844667509 10.430608527502 10.4951551749837 10.6052430681884 10.0831324085593 10.4184163829777 10.390087576583 10.6730170480441 10.7529831724241 10.4155476430897 10.2902195692295 11.2437169895275 11.0463118259795 10.6322570354678
11.1180303231813 11.0025635426864 10.9200872709043 11.2793969418854 11.0513321207836 11.06424145028 10.8519546985626 10.7952970857732 10.5048371721059 15.4387989753057 -9999 -9999 -9999 -9999 -9999 -9999 -9999 -9999 -9999 -9999 -9999 -9999 -9999 -9999 -9999 -9999 -9999 -9999 -9999 -9999 -9999 -9999 -9999 -9999 13.3399997018278 10.4865489553194 10.4610888888128 10.429532750044 10.4151890506037 10.4008453511633 10.4051484609954 10.4582201489247 10.5055543570779 10.5758384843357 10.5672322646715 10.5163121316582 10.4223609003238 10.6593905335758 10.546433900483 10.4108859407715 10.4930036200676 10.349208033178 10.4341944523621 10.4503311142325 8.97340819519013 10.4650334061589 10.5453581230249 10.7952970857732 10.7551347273402 11.0443395673065 10.9416028200649 10.736009794753
11.1531723868102 11.1395458723418 11.2973265661858 11.4902493236586 11.2421033233404 11.2915890864097 11.2170018493198 11.1725363810547 10.9272591206245 14.2649996811524 -9999 -9999 -9999 -9999 -9999 -9999 -9999 -9999 -9999 -9999 -9999 -9999 -9999 -9999 -9999 -9999 -9999 -9999 -9999 -9999 -9999 -9999 -9999 -9999 -9999 10.5600604149513 10.5650807097554 10.4116031257436 10.5227667964064 10.4933622125536 10.5019684322178 10.5349589409307 10.5399792357348 10.5636463398114 10.4947965824977 10.7336191781797 10.6647694208659 10.4797356980853 10.8840487260604 10.8026482317364 10.7454527302179 10.9632976654684 10.6124149179086 9.74366485513747 10.4869075478055 10.5399792357348 10.506988727022 10.6848506000824 10.6934568197466 10.7368465105537 10.9284544289112 11.0538422681857
10.9107638662681 11.8029419714585 11.8811151334085 11.5081789479591 11.701818890404 11.6042817342095 11.3597216587514 11.3676106934436 8.04716556163518 -9999 -9999 -9999 -9999 -9999 -9999 -9999 -9999 -9999 -9999 -9999 -9999 -9999 -9999 -9999 -9999 -9999 -9999 -9999 -9999 -9999 -9999 -9999 -9999 -9999 -9999 -9999 10.483701309107 10.469695108477 10.7576448747423 10.4926450275816 10.5234839813784 10.5959196635522 10.5198980565183 10.6152836577967 11.1531723868102 10.6748100104742 10.6303445422091 10.6848506000824 10.9837374371709 10.6016571433283 10.5432065681089 10.5686666346155 10.3051011573989 10.6446882416494 9.20697143441066 9.21342609915882 10.3578142528422 10.5206152414903 10.626400024863 10.8883518358925 11.0651976969093 10.9014404616319
11.6179082486778 11.5806146301329 11.7706686477177 11.821588780731 11.5712912254967 11.426419861149 11.3489638841711 11.1373943174258 12.7897884929553 -9999 -9999 -9999 -9999 -9999 -9999 -9999 -9999 -9999 -9999 -9999 -9999 -9999 -9999 -9999 -9999 -9999 -9999 -9999 -9999 -9999 -9999 -9999 -9999 -9999 -9999 -9999 -9999 -9999 -9999 -9999 5.50279902862757 12.8899553273804 10.7275231059175 10.7250129585154 10.8541062534787 10.7974486406893 11.2220221441239 10.8648640280589 11.145641944604 11.0513321207836 10.5564744900912 10.8089236002415 10.8214743372519 9.81179742747918 10.7203512561973 10.667638160754 10.9095087925671 10.8114337476436 10.7883642977104 9.9334798110649 11.0481047884095 10.866298398003
11.6982329655439 11.7355265840888 11.7864467171021 11.8653370640241 11.6724143065512 11.3575701038353 11.2485579880886 11.7389821116813 15.5949996514246 -9999 -9999 -9999 -9999 -9999 -9999 -9999 -9999 -9999 -9999 -9999 -9999 -9999 -9999 -9999 -9999 -9999 -9999 -9999 -9999 -9999 -9999 -9999 -9999 -9999 -9999 -9999 -9999 -9999 -9999 -9999 -9999 -9999 -9999 10.5314235220545 10.5968759101816 10.6647694208659 11.0864741844125 11.1402630573139 10.8810006899294 10.7615893920884 10.9939573230222 10.6463019078365 10.6710447893711 10.8967787593137 10.828466890729 10.9545121495612 10.0551621946506 10.868449952919 10.9286934905685 10.0764386821538 11.0733855586732 11.0507942320546
12.1464735730551 11.6487472024746 11.663090901915 11.9456617808901 11.6946470406838 11.4830774739385 11.6372722429223 11.4866633987986 11.2973265661858 15.3599996566772 -9999 -9999 -9999 -9999 -9999 16.1899624452926 -9999 -9999 -9999 -9999 -9999 -9999 -9999 -9999 -9999 -9999 -9999 -9999 -9999 -9999 -9999 -9999 -9999 -9999 -9999 -9999 -9999 -9999 -9999 -9999 -9999 -9999 -9999 -9999 4.98245471985913 11.546010455233 10.7597964296583 11.0380641988013 11.0889843318146 11.185804303037 10.9932401380502 10.9494918547571 10.98606828833 10.8867381697055 10.865581213031 11.131895899307 11.0455946410075 10.948057484813 10.933235662058 9.831400483381 9.6375214792788 9.5870794695802
10.9674214790575 11.7799920523539 11.6774346013553 11.7118594800122 11.6924954857677 11.5167851676233 11.3195593003184 11.3252967800945 11.2126987394877 11.1424146122299 14.7149996710941 -9999 -9999 -9999 -9999 -9999 -9999 -9999 -9999 -9999 -9999 -9999 -9999 -9999 -9999 -9999 -9999 -9999 -9999 -9999 -9999 -9999 -9999 -9999 -9999 -9999 -9999 -9999 -9999 -9999 -9999 -9999 -9999 -9999 -9999 10.9849997544661 11.3500396616291 11.3174077454023 11.1406216497999 11.1721777885687 11.2076784446836 11.1345255775377 11.0689031525981 10.8795663199853 11.1596270515583 9.47997984709218 10.9613254067954 10.9760276987217 9.22035888722166 9.18306526867673 6.8952452079393 10.7890814826824
11.8007904165424 12.061487153871 11.7297891043127 11.8266090755351 11.7871639020741 11.6465956475586 11.2327799187042 11.4192480114289 11.3518326240592 10.4324014899321 10.9301278605126 16.0806243363768 15.9899996425956 -9999 13.9811984808929 21.654999515973 21.2724132803269 19.6614584023269 -9999 -9999 -9999 -9999 -9999 -9999 -9999 -9999 -9999 -9999 -9999 -9999 -9999 -9999 -9999 -9999 -9999 -9999 -9999 -9999 -9999 -9999 -9999 -9999 -9999 -9999 -9999 8.8399998024106 12.7499997150153 11.2675633898471 11.1944105227012 11.2378002135083 11.3220694477204 11.3647419535555 11.3353373697028 11.2385173984803 10.7802362013608 11.1571169041563 11.026947831735 11.0219275369309 10.9283348980825 11.0409329386894 10.7404324354138 10.6099047705065
11.9901272491552 12.0496536018327 12.2264396974351 11.9879756942391 11.8359324801713 11.6186254336499 11.5311288670637 11.2170018493198 11.0391399762593 10.9351481553167 10.4130374956876 11.6669158884324 15.1249996619299 10.1554246537387 10.0970457970165 9.99491865700111 11.1122928434052 11.1064999927304 -9999 -9999 -9999 -9999 -9999 -9999 -9999 -9999 -9999 -9999 -9999 -9999 -9999 -9999 -9999 -9999 -9999 -9999 -9999 -9999 -9999 -9999 -9999 -9999 -9999 -9999 -9999 -9999 -9999 -9999 10.9239374218067 11.0204931669869 11.0459532334935 11.2980437511578 11.4619205172639 11.5304116820917 11.2048097047955 11.2718664996792 10.4747154032812 11.0918530717026 11.0706961150281 11.0448774560355 10.8645054355729 10.8162747462047
12.0525223417208 12.2074342956766 12.0463067386299 11.6824548961595 11.9972990988754 11.5318460520357 11.7355265840888 11.3252967800945 10.9408856350929 10.8469344037585 10.9738761438057 11.1990722250193 10.987502658274 11.4321573409252 10.5280739651993 10.5881740658544 15.6149996509776 17.1330541038177 -9999 -9999 -9999 -9999 -9999 -9999 -9999 -9999 -9999 -9999 -9999 -9999 -9999 -9999 -9999 -9999 -9999 -9999 -9999 -9999 -9999 -9999 -9999 -9999 -9999 -9999 -9999 -9999 -9999 -9999 10.9276177131105 11.0524078982417 11.266129019903 11.3077257482801 11.4213995663449 11.4465010403655 11.5917309971992 11.385540317744 11.2851344216615 11.2542954678647 11.2066026672255 11.2935015796684 11.2629016875289 11.0604762291769
12.1235236539505 12.1113315094262 12.5495315273292 12.0812097406015 11.4149449015968 11.3324686298147 11.2320627337322 11.4436323004775 11.104403808713 10.6310617271811 10.5586260450073 11.0039979126304 11.0161900571547 10.9251075657085 8.82518996763974 14.364639759995 15.2146357074089 -9999 -9999 -9999 -9999 -9999 -9999 -9999 -9999 -9999 -9999 -9999 -9999 -9999 -9999 -9999 -9999 -9999 -9999 -9999 -9999 -9999 -9999 -9999 -9999 -9999 -9999 -9999 -9999 -9999 -9999 -9999 10.9376583027188 11.0570696005598 11.2431791007984 11.2603915401269 11.3654591385275 11.4776985866483 11.54224523413 10.8698843228631 10.8745460251812 11.1614200139884 11.3884090576321 11.3131046355702 11.4132714699954 11.3398795411922
12.1479079429992 12.1149174342863 12.3551743999124 12.1601000875235 11.5469069364481 11.5225226473995 11.4902493236586 11.3640247685835 11.8029419714585 10.9265419356525 10.8447828488424 10.9165013460442 10.7106692590751 10.6776787503622 10.6464982799121 6.69999985024333 -9999 -9999 -9999 -9999 -9999 -9999 -9999 -9999 -9999 -9999 -9999 -9999 -9999 -9999 -9999 -9999 -9999 -9999 -9999 -9999 -9999 -9999 -9999 -9999 -9999 -9999 -9999 -9999 -9999 -9999 -9999 -9999 11.6637124622241 9.31556519225705 10.470412293449 11.0312509415671 11.3518326240592 11.423192528775 11.4540314825717 11.664166679373 11.4569002224598 11.267204797361 11.2568056152668 10.9796136235818 6.98991362424567 11.2686391673051
12.262657538522 12.0080568734556 12.0267036827281 11.7677999078296 11.2485579880886 11.5497756763361 11.3919949824922 11.2162846643478 11.2793969418854 11.9047822374851 11.3536654300988 10.945188744925 10.7501144325361 10.4060090829618 11.2709956322131 -9999 -9999 -9999 -9999 -9999 -9999 -9999 -9999 -9999 -9999 -9999 -9999 -9999 -9999 -9999 -9999 -9999 -9999 -9999 -9999 -9999 -9999 -9999 -9999 -9999 -9999 -9999 -9999 -9999 -9999 -9999 -9999 -9999 -9999 13.9038841194872 10.8756218026392 11.0004119877703 11.2481993956026 11.2819070892874 11.425702676177 11.385181725258 11.4310815634672 9.48500014189631 11.4267784536351 11.2098299995996 11.2284768088721 11.2449720632285
12.2827387177385 12.2095858505927 11.9126712721772 11.8474074397236 11.5347147919238 11.4049043119885 11.4486525952816 11.6731314915232 11.7979216766544 11.9306008964777 11.4371776357293 11.1836925917305 10.7522659874521 10.8533093812875 11.8166336845607 14.7841680456004 -9999 -9999 -9999 -9999 -9999 -9999 -9999 -9999 -9999 -9999 -9999 -9999 -9999 -9999 -9999 -9999 -9999 -9999 -9999 -9999 -9999 -9999 -9999 -9999 -9999 -9999 -9999 -9999 -9999 -9999 5.59691556140629 8.18832971248776 8.31499981414527 -9999 11.5949583295733 11.1510208318941 11.184728525579 7.95524459658191 11.2170018493198 11.06782737514 11.1126514358912 11.4036492382875 11.544396789046 11.1574754966423 11.2399517684244 11.2327799187042
12.4010742381215 12.3759727641009 12.2683950182982 11.9929959890433 11.9772179196589 11.7204656996764 11.4852290288545 11.6322519481182 11.6207769885659 11.5153507976793 11.2686391673051 11.0563524155878 11.2251299456693 10.8302000877447 11.4529557051137 -9999 -9999 -9999 -9999 -9999 -9999 -9999 -9999 -9999 -9999 -9999 -9999 -9999 -9999 -9999 -9999 -9999 -9999 -9999 -9999 -9999 -9999 -9999 -9999 -9999 -9999 -9999 -9999 -9999 -9999 -9999 -9999 -9999 10.7069936860935 10.1209997750819 9.92120797932148 10.3889400806278 9.67003386467695 10.7913525684271 10.7547761348542 7.61027862504125 11.2826242742594 11.3841059478 11.502800060669 11.3711966183037 11.3511154390872 11.505310208071
12.3193151513115 12.6248359493911 12.4304788219742 12.4247413421981 12.0747550758533 12.0661488561891 11.3955809073523 11.4020355721004 10.9150669761002 11.1997894099914 11.1682332712226 10.34992521815 11.1746879359707 10.3830591638573 15.0599996633828 -9999 -9999 -9999 -9999 -9999 -9999 -9999 -9999 -9999 -9999 -9999 -9999 -9999 -9999 -9999 -9999 -9999 -9999 -9999 -9999 -9999 -9999 -9999 -9999 -9999 -9999 -9999 -9999 -9999 -9999 -9999 -9999 -9999 -9999 -9999 9.29512542055454 8.75155897717923 10.2107913335785 10.7388785346411 9.20027770800516 8.36977751040831 11.1901074128691 11.2854930141475 11.225608068984 8.59999388642609 11.3145390055142 11.4558244450018
12.419721047394 12.1163518042304 12.1278267637827 12.2354045095854 12.2863246425986 12.0575426365249 12.1077455845661 11.8968932027929 11.7975630841684 11.8763339002617 11.2847041106783 11.0498977508396 11.2022669580765 11.2286361833103 16.6455683007188 -9999 -9999 -9999 -9999 -9999 -9999 -9999 -9999 -9999 -9999 -9999 -9999 -9999 -9999 -9999 -9999 -9999 -9999 -9999 -9999 -9999 -9999 -9999 -9999 -9999 -9999 -9999 -9999 -9999 -9999 -9999 -9999 -9999 -9999 -9999 -9999 -9999 14.1999996826053 9.7355666414951 10.6999114844948 10.8003173805773 10.7985244181473 11.1173131382093 11.105479586171 11.1639301613905 11.1524552018382 10.3264971757308
