EcologicalScience/Bass/data/rs_data_bass/sst_523.asc
NCOLS 226 
NROWS 124 
XLLCORNER -9.41648524995501 
YLLCORNER 47.587301625531 
CELLSIZE 0.0833 
NODATA_value -9999 
[rows 0 to 26 of 124, columns 0 to 61 of 226]
-9999.000000000000000 -9999 -9999 -9999 -9999 -9999 -9999 -9999 -9999 -9999 -9999 -9999 -9999 -9999 -9999 -9999 -9999 -9999 -9999 -9999 -9999 -9999 -9999 -9999 -9999 -9999 -9999 -9999 -9999 -9999 -9999 -9999 -9999 -9999 -9999 -9999 -9999 -9999 -9999 -9999 -9999 -9999 -9999 -9999 -9999 -9999 -9999 -9999 -9999 -9999 -9999 -9999 -9999 -9999 -9999 -9999 -9999 -9999 -9999 -9999 -9999 -9999
-9999 -9999 -9999 -9999 -9999 -9999 -9999 -9999 -9999 -9999 -9999 -9999 -9999 -9999 -9999 -9999 -9999 -9999 -9999 -9999 -9999 -9999 -9999 -9999 -9999 -9999 -9999 -9999 -9999 -9999 -9999 -9999 -9999 -9999 -9999 -9999 -9999 -9999 -9999 -9999 -9999 -9999 -9999 -9999 -9999 -9999 -9999 -9999 -9999 -9999 -9999 -9999 -9999 -9999 -9999 -9999 -9999 -9999 -9999 -9999 -9999 -9999
-9999 -9999 -9999 -9999 -9999 -9999 -9999 -9999 -9999 -9999 -9999 -9999 -9999 -9999 -9999 -9999 -9999 -9999 -9999 -9999 -9999 -9999 -9999 -9999 -9999 -9999 -9999 -9999 -9999 -9999 -9999 -9999 -9999 -9999 -9999 -9999 -9999 -9999 -9999 -9999 -9999 -9999 -9999 -9999 -9999 -9999 -9999 -9999 -9999 -9999 -9999 -9999 -9999 -9999 -9999 -9999 -9999 -9999 -9999 -9999 -9999 -9999
-9999 -9999 -9999 -9999 -9999 -9999 -9999 -9999 -9999 -9999 -9999 -9999 -9999 -9999 -9999 -9999 -9999 -9999 -9999 -9999 -9999 -9999 -9999 -9999 -9999 -9999 -9999 -9999 -9999 -9999 -9999 -9999 -9999 -9999 -9999 -9999 -9999 -9999 -9999 -9999 -9999 -9999 -9999 -9999 -9999 -9999 -9999 -9999 -9999 -9999 -9999 -9999 -9999 -9999 -9999 -9999 -9999 -9999 -9999 -9999 -9999 -9999
-9999 -9999 -9999 -9999 -9999 -9999 -9999 -9999 -9999 -9999 -9999 -9999 -9999 -9999 -9999 -9999 -9999 -9999 -9999 -9999 -9999 -9999 -9999 -9999 -9999 -9999 -9999 -9999 -9999 -9999 -9999 -9999 -9999 -9999 -9999 -9999 -9999 -9999 -9999 -9999 -9999 -9999 -9999 -9999 -9999 -9999 -9999 -9999 -9999 -9999 -9999 -9999 -9999 -9999 -9999 -9999 -9999 -9999 -9999 -9999 -9999 -9999
-9999 -9999 -9999 -9999 -9999 10.5815759641118 10.5048371721059 10.4775841431692 10.4890591027215 10.4517654841766 10.4661091836169 10.466826368589 10.4431592645124 10.3384502585977 10.2444990272634 9.95905940840021 9.711630593054 9.59186070272699 9.0984374419786 8.87467573070899 8.29351684171706 8.19478437723592 9.24617754621431 8.57274085748941 10.4231269842712 11.0549997529015 10.7152683500067 9.14505446515977 9.07477033790201 9.2497634710744 9.28490553470328 7.52029949509037 7.08999984152615 -9999 12.3249997245148 -9999 -9999 12.2299997266382 -9999 9.41987974643707 11.8732260987163 7.8592442653275 11.0849997522309 -9999 -9999 -9999 -9999 -9999 -9999 -9999 -9999 -9999 -9999 -9999 -9999 -9999 -9999 -9999 -9999 -9999 -9999 -9999
-9999 -9999 -9999 -9999 -9999 10.3965422413312 10.6396679468453 10.5779900392517 10.586596258916 10.5744041143917 10.5944852936082 10.3305612239055 10.3406018135138 10.0537278247066 10.2846613856964 10.1448103161529 10.03006072063 9.36020995676517 9.25478376587853 8.51608324469998 8.21486555645242 8.81299782311544 8.57417522743344 8.18976408243179 13.2649997035041 12.5832392210141 8.81562750134617 9.11780143622309 7.9296649992466 10.6002227733843 8.23052409500815 8.3095339727588 9.95453217826434 12.716810076208 10.3060574040283 11.0499997530133 12.0099997315556 -9999 -9999 10.6268815633442 10.8499997574836 9.35180864709296 7.94418799492996 8.7515248255139 12.5892016999971 12.4049997227266 -9999 -9999 -9999 -9999 -9999 -9999 -9999 -9999 -9999 -9999 -9999 -9999 -9999 -9999 -9999 -9999
-9999 -9999 -9999 -9999 -9999 10.668355345726 11.303781230934 10.788842421025 10.8175298199058 10.6877193399705 10.589464998804 10.1039307727478 10.2875301255845 10.3312784088776 10.2480849521235 10.2100741486065 9.90383616555482 9.69872126355767 9.55600145412609 9.9985045818612 9.85721914237365 9.26625872543082 8.8036744184792 8.43611712031998 11.2849997477606 11.8849997343495 8.19454531557858 9.58468885300681 9.91531112510711 8.34085104987025 8.27726064901799 8.20255388109945 8.17511301800343 6.82998137548566 6.9748527398333 11.7049997383729 -9999 12.3099997248501 12.0549997305498 -9999 12.5099997203797 11.9614398502745 7.48835717979819 8.52923163585365 11.2549997484311 -9999 -9999 -9999 -9999 -9999 -9999 -9999 -9999 -9999 -9999 -9999 -9999 -9999 -9999 -9999 -9999 -9999
-9999 -9999 -9999 -9999 -9999 10.8182470048778 11.0785851497203 10.6160008427687 10.6991942995228 10.6862849700265 10.3915219465271 10.1397900213487 9.53807182982564 9.31933041336015 9.65425579529256 9.62700276635587 9.32076478330418 9.26482435548678 10.2609942816198 9.13859980041161 9.55743582407013 9.75107576651499 10.7501144325361 7.92333749495447 13.1149997068569 8.6054923045449 9.59472944261506 9.65640735020861 8.38842431968078 8.437192897778 10.7723471666686 5.57490767445415 7.26244391361251 8.2019562269561 8.158207943663 7.63394572911784 13.6056581171229 12.8599997125566 -9999 -9999 -9999 -9999 -9999 -9999 -9999 -9999 9.33499979134649 -9999 -9999 -9999 -9999 -9999 -9999 -9999 -9999 -9999 -9999 -9999 -9999 -9999 -9999 -9999
-9999 -9999 -9999 -9999 -9999 10.7285988833755 10.5385448657908 10.0193029460497 10.4101687557995 10.3585314378142 10.6540116462857 9.75466169137508 9.57536544837058 10.1053651426919 9.48643451184034 9.51727346563712 9.51799065060914 8.92129275389016 8.61362040089443 8.24857325013727 8.22634051600471 8.08577226148918 10.2251350330189 8.63119143270887 7.83117159642279 8.26327554206364 8.05206456780434 4.80465101450682 4.59021270787343 8.85172581160441 9.08552811248228 8.71402629697695 7.71140170609578 7.19502852624282 8.19550156220794 8.15462201880291 8.2299264408648 7.97460859082639 8.48524429090321 9.95977659337223 8.51787620713003 13.4199997000396 -9999 12.1448001414537 12.5807175061125 12.784999714233 12.0949997296557 -9999 -9999 -9999 -9999 -9999 -9999 -9999 -9999 -9999 -9999 -9999 -9999 -9999 -9999 -9999
-9999 -9999 -9999 -9999 -9999 10.3398846285418 10.2545396168716 10.3843500968069 10.4166234205477 10.8383281840943 10.547868270427 10.0264747957699 9.70087281847373 9.69441815372556 9.27629931503907 9.31933041336015 9.91172520024702 9.38459424581379 8.28873560857028 8.49600206548348 8.17183445813134 8.15749075869098 7.958830521442 8.68148402887164 8.57560959737748 7.85985899530351 9.02026428002864 7.6561784632504 8.5763267823495 8.84813988674432 8.34252448147163 8.24785606516525 6.69156467588618 7.4611041508615 8.63527938704938 7.4051637230441 8.66884364373982 8.64416052761953 7.98249762551859 6.88520461833104 10.6275953331497 8.57991270720959 9.22744108882034 12.5221760433966 12.7349997153506 12.039999730885 -9999 -9999 -9999 -9999 -9999 -9999 -9999 -9999 -9999 -9999 -9999 -9999 -9999 -9999 -9999 -9999
-9999 -9999 -9999 -9999 -9999 10.3427533684298 10.3298440389335 10.4618060737848 10.4367045997642 10.1476790560409 10.109668252524 10.2932676053606 9.90885646035895 9.62771995132789 9.71378214797005 9.39463483542204 9.46276740776375 9.53520308993757 8.32818078203127 8.77283546468243 8.52182072447613 8.58218379295431 9.7174550043419 8.53817254183814 9.51153598586097 8.71474348194897 8.63657031999901 8.755623025354 8.83809929713607 8.75275428546593 9.17589341895655 8.25646228482947 9.45487837307155 7.98249762551859 6.3853266928345 8.28658405365422 9.00735495053232 8.60616167718545 8.6200750656426 8.49169895565137 9.02456738986075 8.80295723350719 12.2267982899211 13.0699997078627 -9999 -9999 12.2549997260794 -9999 -9999 -9999 -9999 -9999 -9999 -9999 -9999 -9999 -9999 -9999 -9999 -9999 -9999 -9999
-9999 -9999 -9999 -9999 -9999 10.2401959174313 10.3994109812193 10.4438764494844 10.4496139292605 10.0142826512456 9.09987181192264 9.72740866243839 9.76326791103929 9.61481062183157 9.68222600920126 9.81633959896863 9.73601488210261 9.47639392223209 9.23972288146615 8.96002074237913 8.6042969962582 4.2502670311369 4.95023956382647 8.28730123862624 9.36307869665325 8.94424267299473 9.75753043126315 9.42834252910689 8.79650256875902 9.10274055181071 9.36809899145737 9.48356577195227 9.61337625188753 10.9961088779382 11.1488692769781 7.97317422088236 8.79865412367508 8.49528488051146 7.5127414688468 7.55003508739173 8.65306557435542 9.16513564437628 7.90504164854065 9.9687569965001 -9999 12.1299997288734 -9999 -9999 -9999 -9999 -9999 -9999 -9999 -9999 -9999 -9999 -9999 -9999 -9999 -9999 -9999 -9999
-9999 -9999 -9999 -9999 -9999 10.3850672817789 10.4567857789807 10.1950132641941 9.58684040792286 9.03030486963689 9.3293710029684 9.61983091663569 9.60979032702744 9.56891078362241 9.83857233310118 9.69011504389346 9.21462140744552 8.99229406611994 8.66238897899166 8.50747702503577 8.04776145797223 8.05995360249653 8.1223486950621 9.18665119353682 9.19454022822902 9.27056183526292 9.00807213550434 9.98631243733689 9.01739554014057 8.18832971248776 8.22705770097673 9.53018279513344 9.47639392223209 10.6023743283004 7.30475782696158 9.14648883510381 8.5526596782729 8.89045380009338 9.552415529266 9.59329507267103 9.94256415404379 8.03587667843593 13.0405133073218 12.929999710992 11.8749997345731 -9999 -9999 -9999 -9999 -9999 -9999 -9999 -9999 -9999 -9999 -9999 -9999 -9999 -9999 -9999 -9999 -9999
-9999 -9999 -9999 -9999 -9999 10.2739036111161 9.50149539625272 9.49934384133667 9.49934384133667 9.5007782112807 9.32793663302436 9.50938443094492 9.50149539625272 9.51799065060914 9.66859949473292 9.53878901479766 9.16011534957215 8.39129305956885 8.58565018698573 8.80080567859113 8.29662464326248 8.70183415245265 8.85746329138055 9.41256445972249 9.74246954685077 9.7396008069627 7.65761283319443 9.27414776012301 9.8830378013663 9.98918117722496 10.190710154362 10.230155327823 10.1175572872162 10.1806695647538 10.0637684143148 9.911008015275 9.74031799193472 8.9786675516516 10.3788516786881 8.35447756433859 10.5849997634068 -9999 -9999 -9999 -9999 -9999 -9999 -9999 -9999 -9999 -9999 -9999 -9999 -9999 -9999 -9999 -9999 -9999 -9999 -9999 -9999 -9999
-9999 -9999 -9999 -9999 -9999 10.390087576583 10.3298440389335 10.5213324264623 9.50221258122474 9.4885860667564 9.28060242487118 9.18808556348085 9.30211797403172 9.45702992798761 8.9628894822672 9.04536575404927 9.05755789857358 9.06472974829376 9.31000700872391 8.90623186947778 8.76207769010216 9.29566330928355 9.42547378921881 8.76279487507418 8.97293007187545 9.39391765045002 9.09341714717448 8.42428356828168 7.58159122616053 8.99444562103599 9.30857263877988 10.5851618889719 9.99993895180523 8.71235286537558 9.01720844840874 9.49504073150456 9.0066377655603 8.90408031456172 12.3383552555686 9.62327340450138 8.76829329319298 10.5249997647479 -9999 -9999 -9999 -9999 -9999 13.2249997043982 13.2249997043982 -9999 -9999 -9999 -9999 -9999 -9999 -9999 -9999 -9999 -9999 -9999 -9999 -9999
-9999 -9999 -9999 -9999 -9999 10.4316843049601 10.4022797211073 10.5851618889719 9.54739523446187 9.57966855820268 9.32506789313629 9.30283515900373 9.38244269089773 9.24617754621431 8.54979093838483 9.39391765045002 9.16011534957215 8.87682728562504 8.82590715261176 9.20386363286525 9.13071076571941 9.24330880632624 9.6599932750687 8.81730093294755 9.70876185316592 9.81849115388468 8.51608324469998 7.6325113591738 7.55218664230779 8.39774772431701 9.233626809204 8.58306832108647 10.0508590848185 9.15366068482399 8.20339059690014 8.75777458027005 8.96136546420166 12.1706188004464 -9999 -9999 -9999 -9999 -9999 -9999 -9999 -9999 -9999 -9999 -9999 -9999 -9999 -9999 -9999 -9999 -9999 -9999 -9999 -9999 -9999 -9999 -9999 -9999
-9999 -9999 -9999 -9999 -9999 10.5242011663504 10.5371104958467 10.4897762876935 10.4926450275816 9.58110292814672 9.62126528657973 9.27271339017898 8.92344430880621 9.27988523989916 9.22251044213772 9.31574448850006 9.22609636699781 8.79578538378701 8.99014251120389 8.98081910656765 9.09628588706255 9.03747671935707 9.48284858698025 9.69513533869758 9.95045318873599 9.81777396891266 9.70589311327785 9.53807182982564 7.28459696052596 8.45530181832146 10.0501418998465 8.11732840025797 8.56987211760134 8.52684101928025 9.47997984709218 8.53437146148644 8.37028978538832 8.5724719131249 10.1848167648094 9.693717268412 11.6199997402728 -9999 -9999 -9999 -9999 -9999 -9999 -9999 -9999 -9999 -9999 -9999 -9999 -9999 -9999 -9999 -9999 -9999 -9999 -9999 -9999 -9999
-9999 -9999 -9999 -9999 -9999 10.7407910278998 10.7766502765007 10.5191808715463 10.3821985418908 9.20386363286525 9.47209081239998 9.08911403734237 8.87897884054109 8.9707785169594 8.8395336670801 8.70326852239668 8.875392915681 8.97293007187545 8.90479749953374 9.2856227196753 9.31574448850006 8.90049438970163 9.58540603797883 9.75681324629113 9.67505415948108 9.45487837307155 9.65712453518063 9.78621783014387 9.8629566221498 10.03006072063 9.72812584741041 8.90049438970163 8.61577195581049 8.91412090416998 8.99157688114792 9.18306526867673 9.6399120958522 8.52509928434821 9.43203090896298 12.6049997182563 -9999 -9999 -9999 13.0149997090921 7.84663091693074 12.2449997263029 -9999 -9999 -9999 -9999 -9999 -9999 -9999 -9999 -9999 -9999 -9999 -9999 -9999 -9999 -9999 -9999
-9999 -9999 -9999 -9999 -9999 10.7902767909691 10.7565690972842 10.7522659874521 10.3721579522826 10.2186803682707 9.48284858698025 9.23900569649413 9.11206395644695 8.9987487308681 9.0267189447768 8.74199651088566 8.87252417579293 8.60501418123022 8.93420208338648 9.08983122231439 9.33869440760463 9.22681355196983 9.1299935807474 9.96981718298048 10.0257576107979 9.86654254700989 9.52301094541326 10.1261635068804 10.1763664549217 9.62628558138385 9.41615038458258 9.37025054637343 8.89475690992549 8.65449994429946 8.98225347651169 9.11493269633502 9.31000700872391 8.33302178059239 8.90198392772044 8.5246894643642 8.36260566068813 9.193823043257 8.93635363830253 9.39248328050599 9.1701559391804 13.0436798542032 13.1249997066334 -9999 -9999 -9999 -9999 -9999 -9999 -9999 -9999 -9999 -9999 -9999 -9999 -9999 -9999 -9999
-9999 -9999 -9999 -9999 -9999 10.6346476520412 10.5256355362944 10.3721579522826 10.110385437496 9.90813927538693 9.66142764501274 9.54237493965775 9.28347116475925 9.4806970320642 9.52803124021739 9.28777427459136 9.3451490723528 9.0066377655603 9.42547378921881 9.24402599129826 9.11995299113914 9.94399852398783 10.0135654662736 10.2036194838583 10.0766777438112 10.1032135877758 10.1161229172722 10.108951067552 10.1598712005652 9.93108919449151 9.2935117543675 9.1579637946561 8.39057587459683 8.71761222183704 8.596407961566 8.72263251664117 8.52612383430824 8.61648914078251 8.52899257419631 8.19550156220794 8.45727407699451 8.42213201336563 8.55122530832887 7.70996733615175 8.84009986574222 9.934818556346 -9999 -9999 -9999 -9999 -9999 -9999 -9999 -9999 -9999 -9999 -9999 -9999 -9999 -9999 -9999 -9999
-9999 -9999 -9999 -9999 -9999 10.5830103340559 10.5665150796995 10.4582201489247 10.2602770966478 10.0723746339791 9.91961423493922 9.82924892846495 9.90813927538693 9.82279426371679 9.75322732143104 9.21246985252947 9.44770652335137 9.16370127443224 9.60620440216735 9.5961638125591 10.1555680907331 9.9346751193516 10.1197088421322 10.2237006630749 10.1928617092781 10.1297494317405 9.58612322295085 9.09054840728641 9.48715169681236 9.30713826883584 9.35662403190508 9.40539261000231 8.98870814125985 8.77857294445857 8.95858637243509 8.59282203670591 8.68677326804027 9.00448621064425 9.09269996220246 8.5325784990564 8.2657856894657 8.41567734861746 8.26076539466158 8.10011596092954 9.34985754760387 7.95404928829521 13.522782716313 -9999 -9999 -9999 -9999 -9999 -9999 -9999 10.9150669761002 -9999 -9999 -9999 -9999 -9999 -9999 -9999
-9999 -9999 -9999 -9999 -9999 10.2021851139143 10.347773663234 10.2817926458083 10.3319955938496 9.88662372622639 9.79123812494799 9.89522994589061 9.82494581863284 9.81060211919248 9.88088624645025 9.73242895724252 9.75394450640306 10.1003448478878 10.0558793796226 9.74390391679481 10.1268806918524 10.2925504203886 10.0099795414135 10.189275784418 10.0730918189511 9.87299721175805 9.33223974285647 9.41830193949863 9.57034515356645 9.54954678937793 9.29924923414364 9.22753073694184 9.14935757499188 9.05684071360156 8.61362040089443 8.68031860329211 8.68605608306825 9.05755789857358 9.03776359334588 8.97364725684747 8.84598833182827 8.90981779433787 12.2476741876201 10.1227334917968 8.68273438425048 8.41029846132733 11.2048097047955 -9999 11.4120283493772 11.2149997493252 -9999 -9999 -9999 -9999 -9999 -9999 -9999 -9999 -9999 -9999 -9999 -9999
-9999 -9999 -9999 -9999 -9999 10.2574083567597 10.0931729981676 10.028626350686 10.2574083567597 10.4223609003238 9.93826104421169 9.62843713629991 9.68939785892144 9.41328164469451 9.89307839097455 9.95332192862406 9.75251013645902 9.73601488210261 9.38746298570186 9.00018310081214 9.40180668514222 9.80486463941634 9.7037415583618 9.51942502055317 10.0867183334194 10.1175572872162 9.52516250032932 9.57608263334259 9.17589341895655 9.7675710208714 9.01094087539241 9.15581223974004 8.73697621608153 8.5605487129651 8.41209142375737 8.38412120984867 8.91412090416998 7.44030578667298 9.01524398522452 8.90766623942181 8.14529861416668 8.40283321775496 8.51058482658118 10.6837150572101 10.690014331881 13.0499997083098 -9999 12.6425862774486 8.98067566957325 11.4299997445196 -9999 -9999 -9999 12.2216697407816 13.1164433588274 -9999 -9999 -9999 -9999 -9999 -9999 -9999
-9999 -9999 -9999 -9999 -9999 10.3527939580381 10.3341471487656 9.96909999800846 10.0637684143148 10.310480044689 10.2129428884946 10.2366099925712 9.84502699784935 10.0099795414135 9.53089998010546 9.84646136779338 9.9468672638759 9.69154941383749 9.68366037914529 9.85793632734567 9.8550675874576 9.83355203829706 9.67720571439713 9.60548721719533 9.63847772590816 9.57321389345452 9.40324105508626 9.18091371376067 9.41113008977845 8.73912777099758 8.54907375341281 8.62652973039076 8.57202367251739 8.3453932213597 7.94807274686173 7.72287666564807 6.92034668195993 7.07406332762912 13.1651203813963 -9999 12.9599997103214 12.5549722409101 8.43073823302984 8.75777458027005 12.2858315779304 13.074999707751 -9999 12.4199997223914 9.58840517513454 11.9897515808365 -9999 -9999 13.9457369853543 8.72863422245964 11.828941180514 11.6999997384846 -9999 -9999 -9999 -9999 -9999 -9999
-9999 -9999 -9999 -9999 -9999 10.1333353566006 10.309045674745 10.2717520562001 10.228720957879 10.3226721892133 9.96909999800846 10.1950132641941 10.3821985418908 10.1763664549217 10.1763664549217 10.3614001777023 10.3520767730661 10.0759605588391 10.2423474723473 10.2488021370955 10.0644855992869 9.67505415948108 9.51799065060914 9.53018279513344 9.54237493965775 9.15652942471206 9.26195561559871 9.08337655756623 8.63585313502699 8.30666523287073 8.11159092048183 8.42643512319773 8.28873560857028 8.55696278810501 8.19191563734785 8.18438519514166 18.6515897987042 20.2399995476007 7.8349998248741 -9999 10.7852564961649 8.69394511776045 8.70326852239668 8.69537948770449 8.89977720472962 12.0449997307733 -9999 -9999 12.8149298105855 9.11995299113914 9.64851831551641 9.49002043670043 12.2452495032921 13.2234463393688 12.5249997200444 -9999 -9999 -9999 -9999 -9999 -9999 -9999
-9999 -9999 -9999 -9999 -9999 9.22609636699781 10.1290322467685 10.1971648191102 10.149113425985 10.3922391314991 10.3649861025624 10.3843500968069 10.4883419177495 10.2538224318996 10.1871242295019 10.1634571254253 10.1197088421322 9.97340310784057 10.0056764315814 10.3284096689895 9.63489180104807 9.73386332718655 9.52229376044124 9.38818017067388 9.03102205460891 9.07620470784605 9.02887049969286 8.68677326804027 8.49241614062339 8.41854608850554 8.14314705925062 8.21127963159233 8.10298470081761 8.42284919833764 8.33112920913845 8.48576587997377 8.00575490961117 8.4013336491771 -9999 -9999 8.98512221639976 8.73841058602557 8.62796410033479 8.63155002519488 8.54784429346078 11.2581682667136 -9999 8.40599535149522 9.552415529266 8.02624590881169 9.50221258122474 9.47711110720411 9.64708394557238 9.57966855820268 12.6749997166917 -9999 -9999 -9999 -9999 -9999 -9999 -9999
