EcologicalScience/Bass/data/rs_data_bass/sst_421.asc
NCOLS 226 
NROWS 124 
XLLCORNER -9.41648524995501 
YLLCORNER 47.587301625531 
CELLSIZE 0.0833 
NODATA_value -9999 
[rows 27 to 53 of 124, columns 62 to 123 of 226]
-9999 -9999 -9999 -9999 -9999 -9999 -9999 -9999 -9999 -9999 -9999 -9999 -9999 -9999 -9999 -9999 -9999 -9999 -9999 -9999 -9999 -9999 -9999 -9999 -9999 -9999 -9999 -9999 12.5299997199327 6.57044010283425 6.98184529331047 5.71404155902565 4.2490717228502 4.27070680283941 6.17691273996607 4.74918871000409 5.4970931049902 5.43218786502257 5.61542862537317 5.79006316605955 6.11494795838371 6.03964353632182 6.05829034559429 5.01657917373814 5.13527328660712 5.29054383304901 5.29090242553502 4.8598742573522 3.79844049876556 3.88629565783776 5.46195104136132 5.61004973808303 6.34803307428956 3.67687764600851 6.50204854703043 6.42907497612759 6.36739706853405 6.31002227077261 6.16837823879905 5.92417675582692 5.92955564311706 5.92632831074297
-9999 -9999 -9999 -9999 -9999 -9999 -9999 -9999 -9999 -9999 -9999 -9999 -9999 -9999 -9999 -9999 -9999 -9999 -9999 -9999 -9999 -9999 -9999 -9999 -9999 -9999 -9999 -9999 -9999 -9999 9.78499978128821 4.23710457753281 4.43440427270252 4.4096255319193 4.270204773359 5.11555069987662 5.5530335328076 5.69001586246304 5.77392650418915 5.8040482730139 5.57096315710805 5.45979948644526 5.57526626694016 5.07216100906953 5.21093630115502 5.32855463656597 6.53091524215415 6.53378398204222 5.4332636424806 5.60108492593281 5.32425152673386 3.74644458829425 3.82927945256233 3.58436078461818 6.32777259883005 3.55674916319549 6.35287407285068 6.31199452944566 6.08106096845586 5.887600322254 5.81229590019211 5.80799279036
-9999 -9999 -9999 -9999 -9999 -9999 -9999 -9999 -9999 -9999 -9999 -9999 -9999 -9999 -9999 -9999 -9999 -9999 -9999 -9999 -9999 -9999 -9999 -9999 -9999 -9999 -9999 -9999 -9999 -9999 -9999 10.5999997630715 4.31971444259398 4.91509750019759 6.28143732688789 5.68105105031282 5.35222174064256 5.34002959611826 5.44007689971477 5.53940701833926 6.17662586597726 6.19670704519376 6.29711294127628 6.30356760602444 6.21105074463412 4.32449567574076 6.5129856178537 6.51155124790967 6.52446057740599 6.45937604119536 5.49781028996222 6.05649738316424 3.6607409841381 5.5447859056294 4.44605852849782 3.80525375599973 5.75778984231874 5.79436627589166 5.79508346086368 6.15762046421878 5.97957929491531 5.94300286134239
-9999 -9999 -9999 -9999 -9999 -9999 -9999 -9999 -9999 -9999 -9999 -9999 -9999 -9999 -9999 -9999 -9999 -9999 -9999 -9999 -9999 -9999 -9999 -9999 -9999 -9999 -9999 -9999 -9999 -9999 -9999 10.1584889895283 5.20785240577534 5.51896724663675 6.81391643211246 6.42620623623952 5.73555710818619 5.36764121754095 6.62988676829264 4.69026001146995 6.24762717820704 6.22109133424237 6.19096956541762 6.20531326485798 6.14865565206856 6.10419018380344 6.16013061162084 3.67042298126034 6.36650058731902 5.36799981002696 5.26293221162632 4.91043579787947 4.93661304935813 4.86955625447445 4.69528030627407 5.91413616621867 5.79364909091964 4.64041565591469 5.70471815438941 5.29520553536713 5.17400127509609 5.60000914847478
-9999 -9999 -9999 -9999 -9999 -9999 -9999 -9999 -9999 -9999 -9999 -9999 -9999 -9999 -9999 -9999 -9999 -9999 -9999 -9999 -9999 -9999 -9999 -9999 -9999 -9999 -9999 -9999 -9999 -9999 -9999 -9999 9.02807647347384 5.60000914847478 5.68535416014493 4.84911648277193 4.31194493873045 4.32449567574076 4.51598406326957 4.51419110083953 5.19228949188255 4.04084901930764 2.49406033090781 3.60264900140464 6.32382808148395 6.16515090642497 6.50402080570348 6.13502913760021 3.98454999900423 4.37075410643592 4.38115328853019 4.71392711554654 5.09833826054819 5.18762778956443 5.93995482521132 5.95358133967966 5.98011718364432 5.71045563416556 5.42286446038634 5.49243140267208 5.62009032769129 5.10156559292227
-9999 -9999 -9999 -9999 -9999 -9999 -9999 -9999 -9999 -9999 -9999 -9999 -9999 -9999 -9999 -9999 -9999 -9999 -9999 -9999 -9999 -9999 -9999 -9999 -9999 -9999 -9999 -9999 -9999 -9999 -9999 -9999 9.66006746661753 5.35975218284875 5.44509719451889 4.58447522809729 4.63790550851263 4.77094332082197 4.46040222793818 4.41414379724301 3.57037567766383 3.61161381355487 5.24811038887128 5.25360880699009 4.35533462953754 4.36429944168776 4.20580156287178 6.31719412049279 6.21391948452219 6.19096956541762 6.14793846709654 6.15009002201259 6.05757316062227 5.07753989635967 5.00044251186773 4.97749259276316 4.90003661578521 6.05757316062227 5.90266120666638 4.80751975439489 6.09612185286824 5.97025589027908
-9999 -9999 -9999 -9999 -9999 -9999 -9999 -9999 -9999 -9999 -9999 -9999 -9999 -9999 -9999 -9999 -9999 -9999 -9999 -9999 -9999 -9999 -9999 -9999 -9999 -9999 -9999 -9999 -9999 -9999 -9999 -9999 9.0582124473035 4.84624774288386 4.95095674879849 4.6167485518381 4.86812188453041 4.0788598228246 4.15021972754039 3.66934720380232 3.59440137422644 4.74548325431533 4.60348062985577 5.75635547237471 5.89405498700216 6.01525924727321 6.15511031681672 6.18810082552955 6.23543503368273 6.26842554239556 6.21463666949421 6.06115908548236 6.12570573296398 6.13646350754425 5.00940732401796 4.7085482282564 4.9194006100297 5.10013122297823 3.87840662314557 3.73712118365802 5.97007659403607 6.0668965652585
-9999 -9999 -9999 -9999 -9999 -9999 -9999 -9999 -9999 -9999 -9999 -9999 -9999 -9999 -9999 -9999 -9999 -9999 -9999 -9999 -9999 -9999 -9999 -9999 -9999 -9999 -9999 -9999 -9999 -9999 -9999 -9999 -9999 8.51903256716918 2.52471998846158 3.6209372181911 3.60946225863881 2.97798089077696 5.26580095151439 6.00378428772092 5.72748877725098 4.13551743561402 4.18858912354335 5.83237707940862 5.74990080762655 5.85030670370907 6.13072602776811 6.24762717820704 6.2619708776474 6.26555680250749 6.25121310306713 6.21391948452219 6.17232275614515 6.15726187173277 4.57730337837711 4.63503676862456 4.49267555167899 4.57945493329316 4.91222876030952 5.02482680091634 4.44785149092786 6.00019836286083
-9999 -9999 -9999 -9999 -9999 -9999 -9999 13.8050544541124 14.1685253741619 11.2892168591945 7.06111053237692 7.56925564464182 8.95078171244549 9.20831685117987 8.41999981179833 -9999 -9999 -9999 -9999 -9999 -9999 -9999 -9999 -9999 -9999 -9999 -9999 -9999 -9999 -9999 -9999 -9999 -9999 -9999 5.57992796925828 5.57490767445415 3.28314309637062 3.21429333905689 3.28780479868874 4.02686391235329 6.51513717276976 5.95214696973562 6.2103335596621 4.35318307462148 4.08399964845739 4.55973234656267 6.02529983688146 6.12211980810389 6.20818200474605 6.2103335596621 6.32078004535288 6.35090181417763 6.34803307428956 6.33512374479324 6.37528610322624 6.44341867556795 6.34014403959736 4.53498946502805 4.31373790116049 4.37720877118409 4.41629535215907 6.06474501034245
-9999 -9999 -9999 -9999 16.949999621138 2.10279695122786 2.13840830328409 9.33719483902678 4.00068666087463 0.987792593427002 16.0025445670645 20.0453724350287 -9999 -9999 -9999 -9999 -9999 -9999 -9999 -9999 -9999 -9999 -9999 -9999 -9999 -9999 -9999 -9999 -9999 -9999 -9999 -9999 -9999 -9999 4.71449061802455 5.56056397501379 5.67531357053667 5.89477217197418 5.75492110243067 5.98226873856038 6.08339181961492 6.00234991777688 6.05542160570621 4.78492842777632 4.70532089588232 5.26364939659834 4.99327066214755 6.02027954207733 6.19096956541762 6.22682881401852 6.29424420138821 6.3415784095414 6.44700460042804 6.43552964087576 4.51168095343746 4.6206930691842 4.88389995391481 5.03845331538469 4.76090273121372 4.48227636958472 4.03080842969939 6.09773551905528
5.23663542931899 13.7486852915425 14.6323275968406 6.72111269673333 2.7327036303468 3.26987517438829 2.84135715360753 2.84912665747106 2.66409293469042 14.9870885019133 -9999 -9999 -9999 -9999 -9999 -9999 -9999 -9999 -9999 -9999 -9999 -9999 -9999 -9999 -9999 -9999 -9999 -9999 -9999 -9999 -9999 -9999 -9999 -9999 13.6449996950105 5.56988737965003 5.49530014256015 5.64877772657201 5.83094270946458 5.97437970386818 6.03318887157366 4.39477980299853 3.66346628703177 4.19289223337546 3.47104555903934 4.59451581770554 4.56403545639478 4.59630878013559 6.23973814351484 6.30715353088453 6.32293160026893 6.3774376581423 6.38460950786248 6.32221441529691 4.94521926902235 5.82018493488431 4.81325723417103 4.86238440475427 4.82437360123731 6.08697774447501 6.21607103943825 6.20746481977403
3.93183690356091 3.97988829668611 5.66742453584448 3.98490859149024 3.99279762618244 4.70711385831237 5.18102968782186 2.97833948326297 2.57564012147486 15.5899996515363 -9999 -9999 -9999 -9999 -9999 -9999 -9999 -9999 -9999 -9999 -9999 -9999 -9999 -9999 -9999 -9999 -9999 -9999 -9999 -9999 -9999 -9999 -9999 -9999 -9999 7.66302757973317 6.62708322703838 5.67746512545273 5.66670735087246 5.688222900033 5.72479933360592 4.82186345383525 4.21727652242407 4.07132938061841 5.60718099819496 5.70615252433345 3.79138817987405 4.7085482282564 4.99649799452163 4.62678914144635 6.20889918971807 6.39536728244275 6.405407872051 6.47927792416885 6.4412671206519 6.34014403959736 6.33799248468131 6.31073945574462 6.26627398747951 6.24547562329099 6.35663929395378 6.34372996445745
3.53379924409091 4.28254035487771 3.87374492082745 3.90888698445633 4.00498977070674 3.80991545831785 3.21967222634703 5.18174687279388 8.65517135150731 -9999 -9999 -9999 -9999 -9999 -9999 -9999 -9999 -9999 -9999 -9999 -9999 -9999 -9999 -9999 -9999 -9999 -9999 -9999 -9999 -9999 -9999 -9999 -9999 -9999 -9999 -9999 4.58140157821721 2.14497054577805 3.24889751395676 3.96052430244163 4.62033447669819 4.89716787589714 4.58555100555532 5.75348673248664 5.68248542025685 5.71404155902565 5.78647724119946 5.7520523625426 6.09199803927913 6.08841211441904 6.18021179083735 6.25264747301117 6.40182194719091 6.38676106277853 6.32651752512902 6.31504256557673 6.36022521881387 6.38245795294642 6.40110476221889 6.44198430562392 6.4771263692528 6.46780296461657
3.97845392674208 3.92681660875678 3.83429974736646 3.94618060300127 5.77751242904924 5.50993071598932 3.51013214001432 5.42573320027441 12.7897884929553 -9999 -9999 -9999 -9999 -9999 -9999 -9999 -9999 -9999 -9999 -9999 -9999 -9999 -9999 -9999 -9999 -9999 -9999 -9999 -9999 -9999 -9999 -9999 -9999 -9999 -9999 -9999 -9999 -9999 -9999 5.02999988757074 3.10186168536358 3.39979599047309 5.57861313014291 5.74703206773847 5.96935940906405 5.97437970386818 5.91915646102279 5.94927822984755 6.14722128212452 5.65021209651604 6.07765433983877 6.04538101609796 6.15224157692865 6.14506972720847 6.36309395870194 6.32723471010104 6.49577317852527 6.40397350210696 6.43911556573585 6.47210607444867 6.49864191841334 6.41257972177118
4.14770958013833 4.03224279964343 5.98890269955155 4.02865687478334 4.09248633729294 3.85509811155498 3.64998320955783 4.22014526231214 14.3049996802583 -9999 -9999 -9999 -9999 -9999 -9999 -9999 -9999 -9999 -9999 -9999 -9999 -9999 -9999 -9999 -9999 -9999 -9999 -9999 -9999 -9999 -9999 -9999 -9999 -9999 -9999 -9999 -9999 -9999 -9999 -9999 -9999 -9999 -9999 11.0933840683645 5.26580095151439 5.9112674263306 5.9155705361627 5.67531357053667 5.69682911969721 5.78289131633937 5.88401439739391 5.95645007956773 5.98585466342047 5.90983305638656 6.405407872051 6.43194371601567 6.40899379691109 6.41257972177118 6.39321572752669 6.40827661193907 6.43983275070786 6.45847955998033
3.87804803065956 3.11424603546038 3.27489546919242 3.61197240604088 6.11510733282194 3.97486800188199 5.41669666962698 5.3533772053197 1.12979521788657 14.1199996843934 -9999 -9999 -9999 -9999 -9999 16.1899624452926 -9999 -9999 -9999 -9999 -9999 -9999 -9999 -9999 -9999 -9999 -9999 -9999 -9999 -9999 -9999 -9999 -9999 -9999 -9999 -9999 -9999 -9999 -9999 -9999 -9999 -9999 -9999 -9999 3.77586053451361 4.83118685847148 5.46948148356751 5.40780357597396 5.64949491154402 5.81516464008018 5.86680195806548 5.87612536270171 5.967207854148 6.09988707397133 6.14722128212452 6.45847955998033 6.40971098188311 6.44843897037208 6.40612505702302 6.39321572752669 6.41760001657531 6.43624682584777
5.36262092273682 3.17018646327779 3.20317697199062 4.99972532689571 4.43601793888956 3.70520645240322 3.76975309988484 0.768333991989493 0.951933344826102 1.27108065737411 16.4099996332079 -9999 -9999 -9999 -9999 -9999 -9999 -9999 -9999 -9999 -9999 -9999 -9999 -9999 -9999 -9999 -9999 -9999 -9999 -9999 -9999 -9999 -9999 -9999 -9999 -9999 -9999 -9999 -9999 -9999 -9999 -9999 -9999 -9999 -9999 12.5599997192621 5.1187780322507 5.48382518300787 5.47952207317576 5.56199834495783 5.67029327573255 5.79149753600359 5.88473158236593 6.06115908548236 6.29926449619234 6.41903438651934 6.40755942696705 6.36883143847808 6.39823602233082 6.40469068707898 6.38030639803037 6.30643634591252
3.09990233602002 4.80249945959076 5.07000945415348 5.21201207861304 4.60742514720187 4.04156620427966 4.62033447669819 5.81723650777712 4.37696970952675 0.784829246345907 4.85649324248412 10.6601973666693 -9999 -9999 17.2048684303835 18.9549995763227 19.7150973410878 22.8683422585472 -9999 -9999 -9999 -9999 -9999 -9999 -9999 -9999 -9999 -9999 -9999 -9999 -9999 -9999 -9999 -9999 -9999 -9999 -9999 -9999 -9999 -9999 -9999 -9999 -9999 -9999 -9999 8.8399998024106 10.2349997712299 9.82039540363797 5.43147068005055 5.35114596318454 5.50749228708446 5.59785759355873 5.71691029891372 5.74631488276646 6.08769492944703 6.29137546150014 6.34444714942947 6.27631457708776 6.33082063496113 6.3415784095414 6.36022521881387 6.33727529970929
4.74584184680134 4.52781761530787 4.43243201402947 4.45251319324598 4.03582872450352 5.16969816526398 5.66079057485331 3.79844049876556 2.89837335888296 0.409741505980492 4.90390941463411 5.43649097485468 17.5749996071681 7.17528706622359 9.05288060527781 3.95411182504476 8.91890213731676 12.5157921931309 -9999 -9999 -9999 -9999 -9999 -9999 -9999 -9999 -9999 -9999 -9999 -9999 -9999 -9999 -9999 -9999 -9999 -9999 -9999 -9999 -9999 -9999 -9999 -9999 -9999 -9999 -9999 -9999 -9999 -9999 5.09009063336998 5.44007689971477 5.22707296302542 5.35114596318454 5.45872370898724 5.56271552992985 5.90050965175033 6.11136203352362 6.13359476765618 6.17877742089331 6.33010344998911 6.25981932273135 6.26483961753547 6.22109133424237
5.83022552449256 4.72862940747291 4.65977965015918 3.87159336591139 4.43099764408544 4.015030360315 4.06021301355213 6.02721233014017 5.76081795664504 2.91486861323938 2.92992949765176 5.2062745988369 5.1027130888775 3.85724966647103 2.72911770548671 2.75421917950734 16.7899996247143 21.1242476902056 -9999 -9999 -9999 -9999 -9999 -9999 -9999 -9999 -9999 -9999 -9999 -9999 -9999 -9999 -9999 -9999 -9999 -9999 -9999 -9999 -9999 -9999 -9999 -9999 -9999 -9999 -9999 -9999 -9999 -9999 4.52566606039181 4.93661304935813 5.02482680091634 5.14531387621537 5.28444776078686 5.34684285335243 5.72336496366188 5.89907528180629 6.0310373166576 6.22754599899054 6.20459607988596 6.17519149603322 6.15869624167681 6.1106448485516
4.96028015343472 4.98968473728746 7.30069377878681 5.0348673905246 5.12164677213877 6.01543854351621 2.5971556706354 3.04754783306271 3.20532852690667 5.14187138834968 4.82616656366736 1.03010650677606 5.05595262870193 2.84530167095363 3.36239203577861 8.7718109147224 17.0699996184558 -9999 -9999 -9999 -9999 -9999 -9999 -9999 -9999 -9999 -9999 -9999 -9999 -9999 -9999 -9999 -9999 -9999 -9999 -9999 -9999 -9999 -9999 -9999 -9999 -9999 -9999 -9999 -9999 -9999 -9999 -9999 4.38366343593225 4.66910305479541 4.88497573137283 4.88282417645678 5.05136264488101 5.24356821738183 5.85102388868108 5.86967069795355 6.06546219531447 6.15152439195663 6.11781669827178 6.01239050738513 6.00665302760899 6.08339181961492
5.59498885367066 5.4852595529519 7.1158991176635 3.53379924409091 6.50168995454442 6.13789787748829 2.91271705832332 3.23473311075941 3.57467878749594 2.42718283226714 3.31720938254148 0.579714344348758 4.47869044472463 3.0911526793614 5.13107263177101 6.69999985024333 -9999 -9999 -9999 -9999 -9999 -9999 -9999 -9999 -9999 -9999 -9999 -9999 -9999 -9999 -9999 -9999 -9999 -9999 -9999 -9999 -9999 -9999 -9999 -9999 -9999 -9999 -9999 -9999 -9999 -9999 -9999 -9999 4.49482710659504 4.39728995040059 4.70567948836833 4.95884578349069 5.07359537901357 5.32102419435978 5.82520522968844 5.87110506789759 5.86608477309346 6.04394664615393 6.00808739755303 5.99948117788881 6.0109561374411 5.98872340330854
6.17806023592129 6.31217382568866 3.417615278624 7.00473544700071 3.57969908230007 6.18343912321143 3.04037598334253 3.17664112802595 3.61125522106886 4.16492201946676 0.969862969126552 4.45036163832992 2.39490950852633 4.8929842968937 6.17249150555033 -9999 -9999 -9999 -9999 -9999 -9999 -9999 -9999 -9999 -9999 -9999 -9999 -9999 -9999 -9999 -9999 -9999 -9999 -9999 -9999 -9999 -9999 -9999 -9999 -9999 -9999 -9999 -9999 -9999 -9999 -9999 -9999 -9999 -9999 4.48478651698679 5.0190893211402 4.93661304935813 5.04203924024478 5.10299996286631 5.56988737965003 5.70543533936143 5.75635547237471 5.91413616621867 5.99230932816863 5.98011718364432 6.02171391202137 6.05829034559429
5.97724844375625 5.42214727541432 6.16013061162084 5.8797112875618 2.07002471620217 4.05017242394388 3.25194555008784 5.90660572401248 4.27680287510157 3.76760154496878 2.55484175728634 4.31983397342265 4.43063905159943 6.06653797277249 14.0066775274463 12.8179673424922 -9999 -9999 -9999 -9999 -9999 -9999 -9999 -9999 -9999 -9999 -9999 -9999 -9999 -9999 -9999 -9999 -9999 -9999 -9999 -9999 -9999 -9999 -9999 -9999 -9999 -9999 -9999 -9999 -9999 -9999 7.84133171685971 8.8820612099953 8.59499980788678 -9999 11.5949583295733 4.50271614128724 4.86991484696046 5.05351419979706 5.28229620587081 5.41856135055423 5.52972502121702 5.70902126422152 5.96218755934387 5.97007659403607 5.90768150147051 5.98657184839249
6.47282325942069 5.44868311937898 4.56009093904868 5.86465040314943 5.78289131633937 6.3537705540657 5.24500258732587 5.52255317149684 3.81063264328986 2.49459821963683 3.8199560479261 4.80967130931094 4.80544788669795 3.24764244025573 5.99138723320461 -9999 -9999 -9999 -9999 -9999 -9999 -9999 -9999 -9999 -9999 -9999 -9999 -9999 -9999 -9999 -9999 -9999 -9999 -9999 -9999 -9999 -9999 -9999 -9999 -9999 -9999 -9999 -9999 -9999 -9999 -9999 -9999 -9999 8.44359115471938 5.56090147382415 4.15990172466263 9.20294153790123 12.8403500334825 4.23162022186443 5.05207982985303 5.15320291090757 5.28731650067493 5.35114596318454 5.36907558748499 5.78432568628341 5.70400096941739 5.71762748388574
6.73029266437516 6.70519119035453 3.70520645240322 5.57490767445415 5.67603075550869 3.9476149729453 5.767830431927 5.76854761689901 4.83764152321965 4.82258063880727 2.20987578574568 5.00560624366626 3.08749503600411 8.82351653603837 14.5599996745586 -9999 -9999 -9999 -9999 -9999 -9999 -9999 -9999 -9999 -9999 -9999 -9999 -9999 -9999 -9999 -9999 -9999 -9999 -9999 -9999 -9999 -9999 -9999 -9999 -9999 -9999 -9999 -9999 -9999 -9999 -9999 -9999 -9999 -9999 -9999 10.3250286541214 4.2703482103534 4.35282448213547 4.47833185223863 5.10443433281034 4.8319040434435 4.76377147110179 4.74871058668941 4.93589586438611 5.51825006166473 5.59498885367066 5.56343271490186
6.52517776237801 7.08984139701352 4.53785820491612 3.86872462602332 6.62821333669126 6.04968412593007 4.98394725751132 5.78862879611552 5.61148410802707 5.67029327573255 5.52207504818216 5.78504287125543 4.72831065859646 7.06121024793452 12.6648432408032 -9999 -9999 -9999 -9999 -9999 -9999 -9999 -9999 -9999 -9999 -9999 -9999 -9999 -9999 -9999 -9999 -9999 -9999 -9999 -9999 -9999 -9999 -9999 -9999 -9999 -9999 -9999 -9999 -9999 -9999 -9999 -9999 -9999 -9999 -9999 -9999 -9999 12.929999710992 6.87756659837905 4.6325266212225 4.53068635519594 4.41163364984095 4.25170140108094 4.53929257486016 5.12523269699886 5.26078065671027 5.20340585894883
