EcologicalScience/Bass/data/rs_data_bass/sst_110.asc
NCOLS 226 
NROWS 124 
XLLCORNER -9.41648524995501 
YLLCORNER 47.587301625531 
CELLSIZE 0.0833 
NODATA_value -9999 
[rows 54 to 80 of 124, columns 0 to 61 of 226]
-9999 -9999 -9999 -9999 -9999 -9999 -9999 -9999 -9999 -9999 -9999 -9999 -9999 -9999 -9999 -9999 -9999 -9999 -9999 -9999 -9999 -9999 -9999 -9999 -9999 -9999 -9999 -9999 -9999 -9999 -9999 -9999 -9999 -9999 -9999 -9999 -9999 -9999 13.1705766286916 11.4812497433741 11.169999750331 10.9249997558072 11.0524997529574 10.629999762401 10.1599997729063 8.47999981045723 8.47999981045723 10.2274997713976 9.25499979313463 9.00499979872257 9.33999979123473 9.51999978721142 9.5899997856468 9.6999997831881 9.79999978095293 9.2999997921288 10.4449997665361 10.504999765195 10.5399997644126 13.216678075423 -9999 10.4049997674301
-9999 -9999 -9999 -9999 -9999 -9999 -9999 -9999 -9999 -9999 -9999 -9999 -9999 -9999 -9999 -9999 -9999 -9999 -9999 -9999 -9999 -9999 -9999 -9999 -9999 -9999 -9999 -9999 -9999 -9999 -9999 -9999 -9999 -9999 -9999 -9999 -9999 -9999 13.9149996889755 10.6433330954363 10.2324997712858 10.0774997747503 10.1774997725151 10.1499997731298 10.0249997759238 8.51999980956316 8.49499981012195 8.43499981146306 9.80499978084117 9.94999977760017 9.98749977676198 9.63999978452921 9.92499977815896 9.94499977771193 9.92499977815896 10.0399997755885 10.5249997647479 10.9899997543544 5.56542267456591 13.6649996945634 -9999 10.629999762401
-9999 -9999 -9999 -9999 -9999 -9999 -9999 -9999 -9999 -9999 -9999 -9999 -9999 -9999 -9999 -9999 -9999 -9999 -9999 -9999 -9999 -9999 -9999 -9999 -9999 -9999 -9999 -9999 -9999 -9999 -9999 -9999 -9999 -9999 -9999 -9999 -9999 -9999 -9999 10.9062497562263 10.0324997757562 9.85999977961183 9.94749977765605 10.0824997746386 8.5849998081103 8.52999980933964 8.39499981235713 8.37499981280416 9.70499978307635 9.11499979626387 9.1299997959286 9.23999979346991 9.72499978262931 10.3149997694418 10.3149997694418 9.51249978737906 9.36166645741711 11.4199997447431 11.4349997444078 12.1392854429515 -9999 -9999
-9999 -9999 -9999 -9999 -9999 -9999 -9999 -9999 -9999 -9999 -9999 -9999 -9999 -9999 -9999 -9999 -9999 -9999 -9999 -9999 -9999 -9999 -9999 -9999 -9999 -9999 -9999 -9999 -9999 -9999 -9999 -9999 -9999 -9999 -9999 -9999 -9999 -9999 -9999 12.8579307470856 10.8674997570924 10.4766664324949 10.3083331029241 10.2166664383064 10.5599997639656 8.58999980799854 8.57499980833381 8.56499980855733 9.13999979570508 9.13999979570508 9.13999979570508 9.13999979570508 10.0549997752532 10.0549997752532 10.1474997731857 10.1974997720681 10.2924997699447 10.3749997681007 11.044999753125 11.2616664149488 11.4249997446314 -9999
-9999 -9999 -9999 -9999 -9999 -9999 -9999 -9999 -9999 -9999 -9999 -9999 -9999 -9999 -9999 -9999 -9999 -9999 -9999 -9999 -9999 -9999 -9999 -9999 -9999 -9999 -9999 -9999 -9999 -9999 -9999 -9999 -9999 -9999 -9999 -9999 -9999 -9999 -9999 -9999 10.919999755919 10.6549997618422 10.382499767933 10.3499997686595 10.3224997692741 10.3449997687712 10.2649997705594 10.1349997734651 9.36499979067594 9.18999979458749 9.14999979548156 10.2124997717328 10.4724997659214 10.0099997762591 9.40499978978187 9.39499979000539 9.28999979235232 10.5224997648038 10.5099997650832 10.7399997599423 10.8949997564778 15.2373946174009
-9999 -9999 -9999 -9999 -9999 -9999 -9999 -9999 -9999 -9999 -9999 -9999 -9999 -9999 -9999 -9999 -9999 -9999 -9999 -9999 -9999 -9999 -9999 -9999 -9999 -9999 -9999 -9999 -9999 -9999 -9999 -9999 -9999 -9999 -9999 -9999 -9999 -9999 -9999 12.968695362301 11.0616664194191 11.0374997532926 10.7624997594394 10.6549997618422 10.4749997658655 10.2299997713417 9.23999979346991 9.07499979715794 8.92999980039895 8.98999979905784 9.06499979738146 9.20999979414046 9.46499978844076 9.72499978262931 9.83499978017062 10.3049997696653 10.3799997679889 10.1999997720122 10.609999762848 10.7199997603893 -9999 -9999
-9999 -9999 -9999 -9999 -9999 -9999 -9999 -9999 -9999 -9999 -9999 -9999 -9999 -9999 -9999 -9999 -9999 -9999 -9999 -9999 -9999 -9999 -9999 -9999 -9999 -9999 -9999 -9999 -9999 -9999 -9999 -9999 -9999 -9999 -9999 -9999 -9999 -9999 -9999 13.7499996926636 10.7566664262364 10.8099997583777 10.77499975916 10.8699997570366 10.7824997589923 10.2283331047123 10.1166664405415 9.37999979034066 9.29499979224056 9.11499979626387 9.23999979346991 9.28999979235232 9.37999979034066 10.1199997738004 10.2999997697771 10.6799997612834 10.6749997613952 10.9187497559469 13.699444138238 13.26249970356 12.7099997159094 12.7099997159094
-9999 -9999 -9999 -9999 -9999 -9999 -9999 -9999 -9999 -9999 -9999 -9999 -9999 -9999 -9999 -9999 -9999 -9999 -9999 -9999 -9999 -9999 -9999 -9999 -9999 -9999 -9999 -9999 -9999 -9999 -9999 -9999 -9999 -9999 -9999 -9999 -9999 -9999 -9999 10.1349997734651 10.6183330959951 10.6616664283598 10.6183330959951 10.5233330981185 10.3016664364065 10.1583331062769 11.2674997481517 11.1124997516163 10.7049997607246 10.6999997608364 9.22999979369342 9.95999977737665 9.69499978329986 10.0099997762591 10.359999768436 10.5949997631833 11.5599997416139 11.5599997416139 11.8099997360259 12.76499971468 12.7449997151271 12.5049997204915
-9999 -9999 -9999 -9999 -9999 -9999 -9999 -9999 -9999 -9999 -9999 -9999 -9999 -9999 -9999 -9999 -9999 -9999 -9999 -9999 -9999 -9999 -9999 -9999 -9999 -9999 -9999 -9999 -9999 -9999 -9999 -9999 -9999 -9999 -9999 -9999 -9999 -9999 14.2619996812195 10.80333309186 10.6799997612834 10.8274997579865 10.7924997587688 10.8274997579865 10.6749997613952 10.5999997630715 9.26499979291111 9.26499979291111 9.53999978676438 9.45499978866428 9.77999978139997 9.87999977916479 9.87999977916479 10.3699997682124 10.2599997706711 10.5649997638538 11.3499997463077 11.7949997363612 12.0499997306615 12.7524997149594 12.5749997189268 12.2499997261912
-9999 -9999 -9999 -9999 -9999 -9999 -9999 -9999 -9999 -9999 -9999 -9999 -9999 -9999 -9999 -9999 -9999 -9999 -9999 -9999 -9999 -9999 -9999 -9999 -9999 -9999 -9999 -9999 -9999 -9999 -9999 -9999 -9999 -9999 -9999 -9999 -9999 -9999 12.0549997305498 11.1124997516163 11.0224997536279 10.5899997632951 10.7349997600541 10.712499760557 10.5199997648597 10.4474997664802 9.65249978424981 9.62499978486449 9.7474997821264 9.47999978810549 9.48999978788197 9.3599997907877 9.8199997805059 10.2899997700006 10.3499997686595 10.4549997663125 10.5649997638538 10.9999997541308 11.2899997476488 11.2599997483194 11.6199997402728 12.0149997314438
-9999 -9999 -9999 -9999 -9999 -9999 -9999 -9999 -9999 -9999 -9999 -9999 -9999 -9999 -9999 -9999 -9999 -9999 -9999 -9999 -9999 -9999 -9999 -9999 -9999 -9999 -9999 -9999 -9999 -9999 -9999 -9999 -9999 -9999 -9999 -9999 -9999 12.2924997252412 11.5333330755432 10.9474997553043 10.8974997564219 10.4949997654185 10.6599997617304 10.5449997643009 10.3674997682683 10.4174997671507 9.92749977810308 9.80249978089705 9.68999978341162 9.93999977782369 9.3849997902289 9.87499977927655 10.2049997719005 10.1399997733533 10.2699997704476 10.2649997705594 10.4899997655302 10.609999762848 11.1049997517839 11.2049997495487 11.4849997432902 11.7599997371435
-9999 -9999 -9999 -9999 -9999 -9999 -9999 -9999 -9999 -9999 -9999 -9999 -9999 -9999 -9999 -9999 -9999 -9999 -9999 -9999 -9999 -9999 -9999 -9999 -9999 -9999 -9999 -9999 -9999 -9999 -9999 -9999 -9999 -9999 -9999 -9999 -9999 12.0849997298792 11.8374997354113 10.388333101136 10.6024997630157 10.6224997625686 10.7874997588806 10.6274997624569 10.1174997738563 9.96749977720901 9.87999977916479 10.2674997705035 8.56499980855733 8.64999980665743 8.71499980520457 8.29999981448054 8.85999980196357 8.61999980732799 8.69999980553985 9.22499979380518 10.029999775812 10.9099997561425 10.9299997556955 11.1299997512251 11.2799997478724 11.4749997435138
-9999 -9999 -9999 -9999 -9999 -9999 -9999 -9999 -9999 -9999 -9999 -9999 -9999 -9999 -9999 -9999 -9999 -9999 -9999 -9999 -9999 -9999 -9999 -9999 -9999 -9999 -9999 -9999 -9999 -9999 -9999 -9999 -9999 -9999 -9999 12.4693020468708 12.2924997252412 11.9624997326173 11.4674997436814 10.6624997616746 10.6674997615628 10.7674997593276 10.712499760557 10.1899997722358 10.0424997755326 9.97249977709725 10.879999756813 10.8324997578748 10.8199997581542 10.9074997561984 10.7049997607246 9.57999978587031 8.98999979905784 8.79999980330467 8.73499980475754 9.01999979838729 9.1299997959286 8.90999980084598 10.7249997602776 10.9399997554719 11.0899997521192 11.4699997436255
-9999 -9999 -9999 -9999 -9999 -9999 -9999 -9999 -9999 -9999 -9999 -9999 -9999 -9999 -9999 -9999 -9999 -9999 -9999 -9999 -9999 -9999 -9999 -9999 -9999 -9999 -9999 -9999 -9999 -9999 -9999 -9999 -9999 -9999 -9999 18.8430551343804 8.46166647753368 8.4516664777572 10.7449997598305 10.6699997615069 10.7174997604452 10.8674997570924 10.6849997611716 10.4674997660331 10.3999997675419 10.4099997673184 10.6899997610599 10.7049997607246 10.5824997634627 10.5649997638538 8.90499980095774 8.69999980553985 12.3674997235648 12.4349997220561 8.91999980062246 8.77499980386347 8.72499980498105 10.6687497615349 11.6799997389317 12.7999997138977 12.7249997155741 11.7549997372553
-9999 -9999 -9999 -9999 -9999 -9999 -9999 -9999 -9999 -9999 -9999 -9999 -9999 -9999 -9999 -9999 -9999 -9999 -9999 -9999 -9999 -9999 -9999 -9999 -9999 -9999 -9999 -9999 7.42513302544577 13.6466663616399 14.8255765916995 13.4083330336337 13.1166663734863 12.9578568532265 13.5815906055187 12.3174997246824 11.8249997356907 11.7749997368082 11.0433330864956 10.8266664246718 10.7033330940952 10.7174997604452 10.5249997647479 10.5124997650273 10.3874997678213 10.0083331096297 10.6424997621216 10.6849997611716 10.6549997618422 10.7074997606687 8.61499980743974 10.1599997729063 10.3479997687042 10.4909997655079 10.6089997628704 11.1939997497946 11.0559997528791 12.6074997182004 12.7374997152947 13.5309996975586 13.6966663605223 13.6166663623104
-9999 -9999 -9999 -9999 -9999 -9999 -9999 -9999 -9999 -9999 -9999 -9999 -9999 -9999 -9999 -9999 -9999 -9999 -9999 -9999 -9999 -9999 15.9623525843901 11.3074997472577 12.0374997309409 12.4474997217767 12.329999724403 12.3724997234531 11.5162497425918 11.458749743877 12.0424997308291 10.968333088172 11.2949997475371 10.9424997554161 10.6499997619539 10.658333095101 10.6049997629598 10.4633330994596 10.5799997635186 10.6474997620098 10.6749997613952 10.4266664336125 10.527499764692 10.214999771677 10.5574997640215 10.4924997654743 10.712499760557 10.8674997570924 10.0833331079533 9.93999977782369 10.754999759607 9.46999978832901 9.46999978832901 11.1549997506663 11.1799997501075 10.8389997577295 11.408999744989 11.1979997497052 12.523333053415 12.6049997182563 -9999 -9999
-9999 -9999 -9999 -9999 -9999 -9999 -9999 -9999 -9999 -9999 -9999 -9999 -9999 -9999 -9999 -9999 -9999 -9999 -9999 -9999 -9999 11.9858061837093 10.9899997543544 10.9349997555837 12.3149997247383 12.4699997212738 10.5899997632951 10.8199997581542 10.8549997573718 11.8299997355789 11.5374997421168 12.0299997311085 10.8966664231072 10.7499997597188 10.5983330964421 10.5099997650832 10.5733330970009 11.1549997506663 8.46499981079251 8.48999981023371 8.62999980710447 8.8399998024106 10.26333310393 10.7799997590482 10.7649997593835 10.1499997731298 10.2199997715652 10.1299997735769 10.7924997587688 10.8024997585453 10.2216664381946 10.3524997686036 11.4899997431785 10.6749997613952 11.4369997443631 11.4866664099197 14.501999675855 -9999 -9999 -9999 -9999 -9999
-9999 -9999 -9999 -9999 -9999 -9999 -9999 -9999 -9999 -9999 -9999 -9999 -9999 -9999 -9999 -9999 -9999 6.88018432352692 15.9397868777605 12.5332140055751 11.1849997499958 11.3424997464754 11.2149997493252 12.1349997287616 12.204999727197 11.8499997351319 11.8974997340702 12.3449997240677 12.5299997199327 12.6549997171387 12.557499719318 11.4774997434579 11.4874997432344 9.40499978978187 9.40499978978187 10.3283331024771 10.6499997619539 10.8199997581542 10.8449997575954 10.9749997546896 9.03999979794025 9.00999979861081 8.96999979950488 11.3774997456931 11.3999997451901 10.2816664368535 10.0224997759797 10.1349997734651 10.2037497719284 10.3549997685477 10.3549997685477 10.4383331000184 11.3235711754699 -9999 -9999 -9999 -9999 -9999 -9999 -9999 -9999 -9999
-9999 -9999 -9999 -9999 -9999 -9999 -9999 -9999 -9999 -9999 -9999 -9999 -9999 7.32791513929071 -9999 -9999 9.04227939730028 11.1112497516442 10.8949997564778 11.0424997531809 11.1849997499958 11.292499747593 11.3324997466989 10.7099997606128 10.7099997606128 12.2274997266941 12.3649997236207 12.7324997154064 12.9574997103773 13.0924997073598 13.1849997052923 12.6949997162446 11.8199997358024 11.7349997377023 12.1974997273646 11.2149997493252 11.3724997458048 10.8349997578189 10.3083331029241 10.5199997648597 10.5199997648597 10.5516664308185 11.4924997431226 11.2774997479282 11.1124997516163 10.1483331065004 9.95999977737665 10.1966664387534 10.3662497682963 10.9999997541308 11.0228568964771 12.3233330578854 -9999 -9999 -9999 -9999 -9999 -9999 -9999 -9999 -9999 -9999
-9999 -9999 -9999 -9999 -9999 -9999 -9999 -9999 -9999 -9999 -9999 -9999 -9999 12.184999727644 12.2424997263588 12.1674997280352 11.7124997382052 10.9574997550808 10.7449997598305 10.7849997589365 10.8399997577071 11.6374997398816 12.0624997303821 12.2699997257441 12.3149997247383 12.4274997222237 12.5974997184239 12.619999717921 12.7799997143447 13.1949997050688 13.3799997009337 11.6033330739786 10.8149997582659 10.8149997582659 11.4899997431785 11.4199997447431 10.6799997612834 10.6799997612834 10.2349997712299 10.4099997673184 10.4799997657537 10.5749997636303 10.9099997561425 10.6749997613952 10.6249997625127 10.2862497700844 10.1733331059416 10.2266664380829 10.4774997658096 10.6674997615628 10.9491664219337 11.3978568880952 16.6536107388739 -9999 -9999 -9999 -9999 -9999 -9999 24.2344762025033 24.5952901479268 24.4538994534127
-9999 -9999 -9999 -9999 -9999 -9999 -9999 -9999 -9999 -9999 15.0964563253867 12.1524997283705 12.2074997271411 11.6649997392669 11.437499744352 11.8349997354671 10.5349997645244 10.6149997627363 10.5549997640774 10.9399997554719 10.919999755919 12.2149997269735 12.1999997273088 12.0733330634733 12.3999997228384 12.4174997224472 12.4849997209385 12.6449997173622 12.7999997138977 12.7949997140095 12.6699997168034 11.0849997522309 11.0849997522309 11.6824997388758 11.5949997408316 11.4849997432902 11.7374997376464 11.5949997408316 11.6124997404404 11.5549997417256 10.9366664222131 10.9949997542426 10.9099997561425 10.5949997631833 10.4212497670669 10.4562497662846 10.3224997692741 10.484999765642 10.422499767039 10.5157140506698 10.1078569169289 20.678787416581 12.6335500803126 -9999 -9999 -9999 13.9999996870756 12.0999997295439 12.031666397738 13.3614282727774 13.656249694759 17.7899996023625
-9999 -9999 -9999 -9999 -9999 -9999 -9999 14.1049996847287 10.9799997545779 11.4774997434579 11.8199997358024 11.9049997339025 11.8099997360259 10.5299997646362 10.359999768436 10.5249997647479 10.77499975916 10.7899997588247 10.5749997636303 11.7599997371435 12.4024997227825 12.1749997278675 12.1299997288734 11.7374997376464 11.8724997346289 11.9999997317791 12.1249997289851 12.0674997302704 12.2499997261912 12.3974997228943 11.7399997375906 11.3399997465312 11.3399997465312 11.334999746643 11.334999746643 11.7174997380935 11.2474997485988 11.2849997477606 11.5349997421727 11.2133330826958 11.2066664161781 11.1333330844839 10.9266664224366 10.5699997637421 10.214999771677 10.9424997554161 10.8499997574836 10.6899997610599 10.6674997615628 10.5699997637421 10.7599997594953 10.9741664213749 10.9828568973712 12.8046150984099 11.383333078896 11.0224997536279 11.2024997496046 11.4283330778902 12.0499997306615 12.204999727197 12.0149997314438 11.7658330703465
-9999 -9999 -9999 -9999 -9999 11.1024997518398 11.4574997439049 11.499999742955 11.8624997348525 10.7049997607246 10.7399997599423 10.6749997613952 10.7599997594953 12.0349997309968 12.1974997273646 11.1649997504428 11.0499997530133 11.0399997532368 10.9999997541308 10.8599997572601 10.7799997590482 10.609999762848 11.8224997357465 11.7374997376464 11.6624997393228 11.5924997408874 11.7624997370876 11.8124997359701 11.8449997352436 11.31499974709 11.3199997469783 11.4049997450784 11.3049997473136 12.0033330650379 11.6124997404404 10.5999997630715 10.6199997626245 11.7324997377582 10.194999772124 10.4549997663125 10.754999759607 10.9049997562543 10.8949997564778 10.8749997569248 11.1762497501913 10.7216664270187 10.6716664281363 11.4074997450225 11.3624997460283 10.8712497570086 11.1199997514486 10.9899997543544 11.0799997523427 11.3449997464195 11.3374997465871 11.4974997430108 11.6799997389317 11.3874997454695 11.5024997428991 11.0674997526221 11.0958330853221 11.1409997509792
-9999 -9999 -9999 -9999 -9999 10.3699997682124 10.1999997720122 10.2949997698888 10.7849997589365 11.0549997529015 10.77499975916 10.7699997592717 11.0099997539073 11.1099997516721 11.1199997514486 11.2149997493252 11.0099997539073 11.0099997539073 10.9349997555837 10.8399997577071 10.609999762848 10.7449997598305 10.919999755919 11.687499738764 11.31499974709 11.707499738317 11.7599997371435 11.9049997339025 11.9899997320026 11.3899997454137 11.4749997435138 11.5049997428432 11.9274997333996 12.412499722559 12.1474997284822 11.9424997330643 11.6524997395463 11.4949997430667 10.4049997674301 10.3949997676536 10.5599997639656 10.6149997627363 10.7899997588247 12.6374997175299 11.6549997394904 11.1283330845957 11.0083330872779 11.0799997523427 10.9866664210955 11.1649997504428 11.0787497523706 11.135999751091 11.2237497491296 11.4369997443631 11.6119997404516 11.5199997425079 11.2699997480959 11.4974997430108 11.6519997395575 11.0349997533485 11.1466664175193 11.0783330857133
-9999 -9999 -9999 -9999 -9999 12.2599997259676 12.5599997192621 10.8849997567013 11.0399997532368 11.0499997530133 11.1299997512251 12.3199997246265 11.1999997496605 11.2399997487664 11.2899997476488 11.2499997485429 11.1649997504428 11.0899997521192 10.8949997564778 10.9499997552484 10.9449997553602 11.8574997349642 11.894999734126 10.6699997615069 10.7949997587129 11.4974997430108 10.8899997565895 11.0999997518957 11.0999997518957 11.8824997344054 11.4499997440726 11.3649997459725 11.2599997483194 11.2749997479841 11.8924997341819 11.8274997356348 11.8599997349083 11.7624997370876 11.9049997339025 10.4949997654185 10.4949997654185 11.8674997347407 11.0099997539073 11.189999749884 11.2799997478724 11.354999746196 11.7412497375626 11.7387497376185 11.590999740921 9.92499977815896 9.81499978061765 9.80999978072941 10.9266664224366 10.8933330898484 8.67999980598688 8.67999980598688 10.3969997676089 11.0369997533038 8.38499981258065 8.38499981258065 10.7108330939276 10.52624976472
-9999 -9999 -9999 -9999 -9999 12.4024997227825 12.5399997197092 11.0749997524545 11.0549997529015 10.6249997625127 10.6949997609481 10.7149997605011 11.3249997468665 11.3099997472018 11.2999997474253 11.2749997479841 11.2199997492135 11.1049997517839 10.9449997553602 10.7249997602776 10.4449997665361 10.5649997638538 11.7249997379258 10.7249997602776 11.3849997455254 11.3774997456931 10.6699997615069 10.7199997603893 10.7599997594953 10.7949997587129 11.2499997485429 11.3999997451901 12.0024997317232 11.1299997512251 11.957499732729 11.9099997337908 11.8649997347966 11.76999973692 12.0774997300468 12.1324997288175 10.7849997589365 10.9449997553602 11.0499997530133 11.1849997499958 11.3299997467548 11.3299997467548 11.4849997432902 10.9749997546896 9.78999978117645 10.0849997745827 10.0999997742474 10.3149997694418 11.0549997529015 10.8583330906307 11.5849997410551 11.5999997407198 11.6199997402728 11.0999997518957 11.0999997518957 10.318749769358 10.2612497706432 9.95499977748841
-9999 -9999 -9999 -9999 -9999 11.499999742955 11.5749997412786 11.6799997389317 11.2299997489899 10.6749997613952 12.9949997095391 12.9949997095391 13.2399997040629 11.3849997455254 11.3599997460842 11.2999997474253 11.1849997499958 10.8349997578189 10.6449997620657 10.339999768883 10.1999997720122 10.1449997732416 11.6899997387081 11.6549997394904 11.6299997400492 11.562499741558 10.9149997560307 10.919999755919 10.8649997571483 10.8149997582659 11.6749997390434 11.7224997379817 11.8199997358024 10.464999766089 11.4649997437373 10.6199997626245 10.6199997626245 11.7599997371435 11.9299997333437 12.2199997268617 10.8649997571483 10.8949997564778 11.0149997537956 11.334999746643 11.3299997467548 11.9874997320585 11.9824997321703 10.2999997697771 10.2849997701123 10.2849997701123 10.3249997692183 10.3249997692183 11.997499731835 11.9474997329526 11.4949997430667 11.5349997421727 11.5649997415021 11.9216664001967 11.6129997404292 10.7474997597747 10.5187497648876 10.5849997634068
