EcologicalScience/Bass/data/rs_data_bass/sst_37.asc
NCOLS 226 
NROWS 124 
XLLCORNER -9.41648524995501 
YLLCORNER 47.587301625531 
CELLSIZE 0.0833 
NODATA_value -9999 
[rows 27 to 53 of 124, columns 62 to 123 of 226]
-9999 -9999 -9999 -9999 -9999 -9999 -9999 -9999 -9999 -9999 -9999 -9999 -9999 -9999 -9999 -9999 -9999 -9999 -9999 -9999 -9999 -9999 -9999 -9999 -9999 -9999 -9999 -9999 12.5299997199327 11.5049997428432 11.499999742955 11.604999740608 11.6849997388199 11.7249997379258 11.5949997408316 11.5899997409433 11.4199997447431 11.3849997455254 11.2499997485429 11.3849997455254 11.3249997468665 11.1549997506663 11.0799997523427 10.9099997561425 10.8399997577071 10.8749997569248 10.9149997560307 10.8649997571483 10.7299997601658 10.6449997620657 10.5599997639656 10.4599997662008 10.4599997662008 10.464999766089 10.4549997663125 10.4249997669831 10.4749997658655 10.4799997657537 10.5099997650832 10.5149997649714 10.629999762401 10.6849997611716
-9999 -9999 -9999 -9999 -9999 -9999 -9999 -9999 -9999 -9999 -9999 -9999 -9999 -9999 -9999 -9999 -9999 -9999 -9999 -9999 -9999 -9999 -9999 -9999 -9999 -9999 -9999 -9999 -9999 -9999 9.78499978128821 10.9999997541308 11.2299997489899 11.459999743849 11.6849997388199 11.6949997385964 11.2499997485429 11.0099997539073 11.3699997458607 11.2399997487664 11.2299997489899 11.1849997499958 10.9449997553602 10.7649997593835 10.7049997607246 10.7699997592717 10.754999759607 10.8149997582659 10.7149997605011 10.7499997597188 10.6749997613952 10.6749997613952 10.6049997629598 10.5349997645244 10.5599997639656 11.2049997495487 10.4599997662008 10.4699997659773 10.504999765195 10.5699997637421 10.6349997622892 10.609999762848
-9999 -9999 -9999 -9999 -9999 -9999 -9999 -9999 -9999 -9999 -9999 -9999 -9999 -9999 -9999 -9999 -9999 -9999 -9999 -9999 -9999 -9999 -9999 -9999 -9999 -9999 -9999 -9999 -9999 -9999 -9999 11.2749997479841 11.3399997465312 11.4149997448549 11.4899997431785 11.5899997409433 11.3999997451901 11.3749997457489 11.1849997499958 11.3949997453019 11.3399997465312 11.334999746643 11.0499997530133 10.9299997556955 10.7649997593835 10.7599997594953 10.7049997607246 10.7849997589365 10.7899997588247 10.6499997619539 10.5999997630715 10.8149997582659 10.6899997610599 10.5649997638538 10.5799997635186 10.7399997599423 10.9399997554719 10.6149997627363 10.8649997571483 10.5749997636303 10.609999762848 10.7899997588247
-9999 -9999 -9999 -9999 -9999 -9999 -9999 -9999 -9999 -9999 -9999 -9999 -9999 -9999 -9999 -9999 -9999 -9999 -9999 -9999 -9999 -9999 -9999 -9999 -9999 -9999 -9999 -9999 -9999 -9999 -9999 11.1799997501075 11.1749997502193 11.3699997458607 11.5149997426197 11.5349997421727 11.5299997422844 11.6849997388199 11.7299997378141 11.5199997425079 11.2449997486547 11.169999750331 11.1449997508898 11.0799997523427 10.8949997564778 10.8199997581542 10.9549997551367 11.0049997540191 10.8849997567013 10.7199997603893 10.7049997607246 10.9999997541308 10.9149997560307 11.0299997534603 11.1099997516721 11.2149997493252 11.2349997488782 11.1049997517839 11.0199997536838 10.9299997556955 10.8749997569248 10.8849997567013
-9999 -9999 -9999 -9999 -9999 -9999 -9999 -9999 -9999 -9999 -9999 -9999 -9999 -9999 -9999 -9999 -9999 -9999 -9999 -9999 -9999 -9999 -9999 -9999 -9999 -9999 -9999 -9999 -9999 -9999 -9999 6.34872627318925 11.1199997514486 11.2949997475371 11.4899997431785 11.3749997457489 11.3599997460842 11.5599997416139 11.6299997400492 11.4299997445196 11.3999997451901 11.2699997480959 11.1999997496605 10.9799997545779 10.8699997570366 10.754999759607 10.6499997619539 10.6749997613952 10.6599997617304 10.7899997588247 10.7999997586012 10.6649997616187 10.6199997626245 10.9899997543544 11.044999753125 10.9799997545779 11.0949997520074 11.1849997499958 11.0549997529015 11.064999752678 11.024999753572 10.8199997581542
-9999 -9999 -9999 -9999 -9999 -9999 -9999 -9999 -9999 -9999 -9999 -9999 -9999 -9999 -9999 -9999 -9999 -9999 -9999 -9999 -9999 -9999 -9999 -9999 -9999 -9999 -9999 -9999 -9999 -9999 -9999 -9999 11.0699997525662 11.169999750331 11.354999746196 11.4249997446314 11.4849997432902 11.5549997417256 11.5399997420609 11.4649997437373 11.3949997453019 11.2849997477606 11.2599997483194 11.1999997496605 11.1299997512251 10.9399997554719 10.7949997587129 10.6349997622892 10.6699997615069 10.6649997616187 10.6649997616187 10.7599997594953 11.0799997523427 10.9799997545779 10.9799997545779 10.8899997565895 10.879999756813 10.7849997589365 10.9899997543544 11.2049997495487 11.2949997475371 11.1249997513369
-9999 -9999 -9999 -9999 -9999 -9999 -9999 -9999 -9999 -9999 -9999 -9999 -9999 -9999 -9999 -9999 -9999 -9999 -9999 -9999 -9999 -9999 -9999 -9999 -9999 -9999 -9999 -9999 -9999 -9999 -9999 -9999 10.9949997542426 11.1449997508898 11.2449997486547 11.3899997454137 11.4899997431785 11.4299997445196 11.3699997458607 11.3249997468665 11.2499997485429 11.209999749437 11.2049997495487 11.1599997505546 11.044999753125 10.899999756366 10.7649997593835 10.77499975916 11.0149997537956 11.1049997517839 11.1099997516721 10.8624997572042 10.7424997598864 10.339999768883 10.9549997551367 10.9399997554719 10.6349997622892 10.7199997603893 10.6399997621775 10.4399997666478 10.3699997682124 10.77499975916
-9999 -9999 -9999 -9999 -9999 -9999 -9999 -9999 -9999 -9999 -9999 -9999 -9999 -9999 -9999 -9999 -9999 -9999 -9999 -9999 -9999 -9999 -9999 -9999 -9999 -9999 -9999 -9999 -9999 -9999 -9999 -9999 -9999 11.0349997533485 11.0549997529015 11.1949997497723 11.2749997479841 11.2699997480959 11.4049997450784 11.3599997460842 11.2249997491017 11.1549997506663 11.1449997508898 11.0399997532368 10.8649997571483 10.8599997572601 10.8249997580424 10.879999756813 11.0149997537956 11.1399997510016 11.2249997491017 11.2599997483194 11.1749997502193 11.1299997512251 11.1149997515604 11.1449997508898 11.1199997514486 11.5349997421727 11.2783330812429 11.238333082137 11.2699997480959 11.4199997447431
-9999 -9999 -9999 -9999 -9999 -9999 -9999 12.0977775073714 11.0716664191956 10.9116664227719 10.8683330904072 10.8049997584894 -9999 -9999 8.41999981179833 -9999 -9999 -9999 -9999 -9999 -9999 -9999 -9999 -9999 -9999 -9999 -9999 -9999 -9999 -9999 -9999 -9999 -9999 -9999 11.0299997534603 11.1649997504428 11.209999749437 11.3499997463077 11.4299997445196 11.5049997428432 11.4399997442961 11.2899997476488 11.1599997505546 11.0299997534603 10.9799997545779 11.0199997536838 11.0599997527897 11.0949997520074 11.1149997515604 11.189999749884 11.1399997510016 11.1749997502193 11.209999749437 11.1649997504428 11.2049997495487 11.2749997479841 11.2999997474253 11.3049997473136 11.2899997476488 11.1749997502193 11.479999743402 11.3599997460842
-9999 -9999 -9999 -9999 11.5667854557479 11.3849997455254 11.3449997464195 11.4699997436255 11.499999742955 11.499999742955 11.5999997407198 11.9394441775771 -9999 -9999 -9999 -9999 -9999 -9999 -9999 -9999 -9999 -9999 -9999 -9999 -9999 -9999 -9999 -9999 -9999 -9999 -9999 -9999 -9999 -9999 11.1799997501075 11.1999997496605 11.2599997483194 11.3099997472018 11.334999746643 11.3499997463077 11.3199997469783 11.2749997479841 11.2299997489899 11.0499997530133 11.1399997510016 11.1649997504428 11.2499997485429 11.169999750331 11.2249997491017 11.0199997536838 11.0099997539073 11.2199997492135 11.2449997486547 11.1949997497723 11.2449997486547 11.2899997476488 11.2849997477606 11.3049997473136 11.31499974709 11.4149997448549 11.4499997440726 11.2849997477606
11.8407140210537 12.2328568694315 12.5024997205473 12.3724997234531 12.3099997248501 12.2749997256324 12.2949997251853 12.1299997288734 11.8249997356907 11.7099997382611 12.8553843280444 -9999 -9999 -9999 -9999 -9999 -9999 -9999 -9999 -9999 -9999 -9999 -9999 -9999 -9999 -9999 -9999 -9999 -9999 -9999 -9999 -9999 -9999 -9999 11.4566664105902 11.1599997505546 11.3049997473136 11.3399997465312 11.3649997459725 11.334999746643 11.3049997473136 11.2699997480959 11.1149997515604 11.0599997527897 11.1549997506663 11.3999997451901 11.3899997454137 11.334999746643 11.0949997520074 11.1449997508898 11.1449997508898 11.209999749437 11.2299997489899 11.2149997493252 11.2399997487664 11.2399997487664 11.2649997482076 11.2949997475371 11.3099997472018 11.0699997525662 10.8899997565895 10.8849997567013
12.2749997256324 12.7774997144006 12.6799997165799 13.1399997062981 13.1949997050688 13.074999707751 12.7099997159094 12.3399997241795 11.9899997320026 11.914999733679 -9999 -9999 -9999 -9999 -9999 -9999 -9999 -9999 -9999 -9999 -9999 -9999 -9999 -9999 -9999 -9999 -9999 -9999 -9999 -9999 -9999 -9999 -9999 -9999 -9999 11.3799997456372 11.4099997449666 11.4749997435138 11.4849997432902 11.4749997435138 11.5449997419491 11.5349997421727 11.4649997437373 11.4499997440726 11.4449997441843 11.3899997454137 11.4199997447431 11.4149997448549 11.2849997477606 11.3399997465312 11.3699997458607 11.1099997516721 11.0749997524545 11.1649997504428 11.2349997488782 11.1849997499958 11.0399997532368 11.2499997485429 11.2399997487664 11.2649997482076 11.1599997505546 11.6949997385964
12.9949997095391 13.0299997087568 13.1599997058511 13.1399997062981 13.1399997062981 13.1199997067451 12.1499997284263 12.2399997264147 12.2399997264147 -9999 -9999 -9999 -9999 -9999 -9999 -9999 -9999 -9999 -9999 -9999 -9999 -9999 -9999 -9999 -9999 -9999 -9999 -9999 -9999 -9999 -9999 -9999 -9999 -9999 -9999 -9999 9.98699977677316 10.3149997694418 10.3499997686595 11.0349997533485 11.3199997469783 11.6199997402728 11.5849997410551 11.5349997421727 11.4249997446314 11.479999743402 11.479999743402 11.479999743402 11.5199997425079 11.4699997436255 11.4249997446314 11.3799997456372 11.3049997473136 11.209999749437 11.209999749437 11.1749997502193 11.1949997497723 11.2599997483194 11.2449997486547 11.2149997493252 11.1949997497723 11.4949997430667
12.9474997106008 12.2099997270852 13.054999708198 13.0799997076392 13.0649997079745 12.6799997165799 12.4999997206032 12.4099997226149 12.7897884929553 -9999 -9999 -9999 -9999 -9999 -9999 -9999 -9999 -9999 -9999 -9999 -9999 -9999 -9999 -9999 -9999 -9999 -9999 -9999 -9999 -9999 -9999 -9999 -9999 -9999 -9999 -9999 -9999 -9999 -9999 -9999 11.80447342036 11.4099997449666 11.459999743849 12.0049997316673 12.0499997306615 11.8699997346848 11.4099997449666 11.5499997418374 11.5799997411668 11.5949997408316 11.5399997420609 11.4849997432902 11.4199997447431 11.3699997458607 11.4299997445196 11.4099997449666 11.31499974709 11.4849997432902 11.2749997479841 11.1849997499958 11.1149997515604 11.4149997448549
13.1074997070245 13.1874997052364 13.1824997053482 13.2699997033924 12.9249997111037 12.8749997122213 12.8049997137859 12.6249997178093 13.1268747065915 -9999 -9999 -9999 -9999 -9999 -9999 -9999 -9999 -9999 -9999 -9999 -9999 -9999 -9999 -9999 -9999 -9999 -9999 -9999 -9999 -9999 -9999 -9999 -9999 -9999 -9999 -9999 -9999 -9999 -9999 -9999 -9999 -9999 -9999 3.66999991796911 12.0919997297227 11.9599997326732 11.8224997357465 11.9224997335114 11.4899997431785 11.5499997418374 11.644999739714 11.5999997407198 11.604999740608 11.6599997393787 11.5749997412786 11.5049997428432 11.4049997450784 11.4199997447431 11.4449997441843 11.7566664038847 11.7866664032141 11.064999752678
12.76499971468 12.7899997141212 12.7499997150153 12.8749997122213 13.0799997076392 13.0099997092038 13.1499997060746 13.1199997067451 12.7724997145124 12.6299997176975 -9999 -9999 -9999 -9999 -9999 16.1899624452926 -9999 -9999 -9999 -9999 -9999 -9999 -9999 -9999 -9999 -9999 -9999 -9999 -9999 -9999 -9999 -9999 -9999 -9999 -9999 -9999 -9999 -9999 -9999 -9999 -9999 -9999 -9999 -9999 11.6233330735316 11.8339997354895 11.479999743402 11.749999737367 11.8699997346848 11.7749997368082 11.7599997371435 11.7599997371435 11.7849997365847 11.7199997380376 11.6899997387081 11.7049997383729 11.6699997391552 11.5549997417256 11.5899997409433 11.5699997413903 11.4249997446314 12.1299997288734
12.7599997147918 12.7499997150153 12.8049997137859 12.7399997152388 12.7349997153506 12.9199997112155 12.909999711439 12.7949997140095 12.7099997159094 12.3209997246042 12.6331247176277 -9999 -9999 -9999 -9999 -9999 -9999 -9999 -9999 -9999 -9999 -9999 -9999 -9999 -9999 -9999 -9999 -9999 -9999 -9999 -9999 -9999 -9999 -9999 -9999 -9999 -9999 -9999 -9999 -9999 -9999 -9999 -9999 -9999 -9999 11.9039997339249 11.7649997370318 11.7449997374788 11.7649997370318 11.8749997345731 11.9299997333437 11.9749997323379 11.8549997350201 11.8199997358024 11.7449997374788 11.7449997374788 11.8649997347966 11.9449997330084 11.6624997393228 11.9499997328967 11.9049997339025 12.128333062244
12.8249997133389 12.7749997144565 12.7599997147918 12.76499971468 12.7399997152388 12.6999997161329 12.7299997154623 12.7549997149035 12.7599997147918 12.5849997187033 12.6974997161888 13.7042102200028 -9999 -9999 -9999 -9999 20.0345694446656 20.0345694446656 -9999 -9999 -9999 -9999 -9999 -9999 -9999 -9999 -9999 -9999 -9999 -9999 -9999 -9999 -9999 -9999 -9999 -9999 -9999 -9999 -9999 -9999 -9999 -9999 -9999 -9999 -9999 8.8399998024106 13.1617070228861 12.0999997295439 12.1199997290969 12.1499997284263 12.059999730438 11.169999750331 11.9499997328967 11.9449997330084 11.8849997343495 11.9799997322261 12.0199997313321 12.0299997311085 12.079999729991 12.0349997309968 12.0249997312203 12.079999729991
12.8399997130036 12.9649997102097 13.0299997087568 12.9049997115508 12.7599997147918 12.7599997147918 12.5799997188151 12.3999997228384 12.349999723956 12.6049997182563 12.4974997206591 12.392499723006 13.6110523273482 12.5649997191504 11.8116664026553 11.9449997330084 12.0199997313321 16.0283329750722 -9999 -9999 -9999 -9999 -9999 -9999 -9999 -9999 -9999 -9999 -9999 -9999 -9999 -9999 -9999 -9999 -9999 -9999 -9999 -9999 -9999 -9999 -9999 -9999 -9999 -9999 -9999 -9999 -9999 -9999 13.130416373179 11.9049997339025 11.9199997335672 11.8149997359142 11.4949997430667 11.8599997349083 11.8649997347966 11.8699997346848 11.9549997327849 12.0199997313321 12.0949997296557 12.1299997288734 12.0549997305498 12.0299997311085
12.889999711886 13.3983330338572 13.4099997002631 12.9949997095391 13.0399997085333 12.9599997103214 12.8399997130036 12.5999997183681 12.6049997182563 12.9199997112155 12.9199997112155 12.4649997213855 12.3516663905854 11.7999997362494 11.749999737367 11.7849997365847 13.0011535555554 -9999 -9999 -9999 -9999 -9999 -9999 -9999 -9999 -9999 -9999 -9999 -9999 -9999 -9999 -9999 -9999 -9999 -9999 -9999 -9999 -9999 -9999 -9999 -9999 -9999 -9999 -9999 -9999 -9999 -9999 -9999 11.4849997432902 11.9799997322261 12.0199997313321 12.1099997293204 12.0649997303262 12.1699997279793 12.0349997309968 11.9249997334555 12.0649997303262 12.1699997279793 12.1049997294322 12.0349997309968 11.9899997320026 12.0349997309968
12.7249997155741 12.6099997181445 12.5549997193739 13.2249997043982 13.1949997050688 13.0999997071922 13.0449997084215 13.0449997084215 13.0849997075275 12.9399997107685 12.9249997111037 12.2349997265264 12.2099997270852 12.0824997299351 11.9749997323379 11.9274997333996 13.1746150901398 -9999 -9999 -9999 -9999 -9999 -9999 -9999 -9999 -9999 -9999 -9999 -9999 -9999 -9999 -9999 -9999 -9999 -9999 -9999 -9999 -9999 -9999 -9999 -9999 -9999 -9999 -9999 -9999 -9999 -9999 -9999 12.039999730885 12.0699997302145 12.1199997290969 12.1049997294322 11.789999736473 11.8149997359142 11.9399997331202 11.9549997327849 11.9199997335672 12.0624997303821 11.5749997412786 11.644999739714 12.1799997277558 12.1099997293204
12.889999711886 12.909999711439 12.8749997122213 13.4499996993691 13.2099997047335 13.2099997047335 13.0899997074157 12.9449997106567 12.9399997107685 12.929999710992 12.8099997136742 12.7049997160211 12.6599997170269 12.1199997290969 12.059999730438 6.69999985024333 -9999 -9999 -9999 -9999 -9999 -9999 -9999 -9999 -9999 -9999 -9999 -9999 -9999 -9999 -9999 -9999 -9999 -9999 -9999 -9999 -9999 -9999 -9999 -9999 -9999 -9999 -9999 -9999 -9999 -9999 -9999 -9999 12.2513633625243 11.5799997411668 11.8249997356907 12.0349997309968 12.1699997279793 12.059999730438 12.1199997290969 12.0899997297674 11.8999997340143 11.894999734126 11.9599997326732 12.0899997297674 12.204999727197 12.2799997255206
13.0499997083098 12.8849997119978 13.1249997066334 13.1899997051805 13.2649997035041 13.1099997069687 12.8249997133389 12.8299997132272 12.8349997131154 12.7349997153506 12.6949997162446 12.5949997184798 12.5449997195974 12.2699997257441 12.0199997313321 -9999 -9999 -9999 -9999 -9999 -9999 -9999 -9999 -9999 -9999 -9999 -9999 -9999 -9999 -9999 -9999 -9999 -9999 -9999 -9999 -9999 -9999 -9999 -9999 -9999 -9999 -9999 -9999 -9999 -9999 -9999 -9999 -9999 -9999 11.7183330714082 11.8249997356907 12.039999730885 12.0549997305498 12.0949997296557 11.7949997363612 11.7299997378141 11.6699997391552 11.8399997353554 11.9749997323379 12.0949997296557 12.2299997266382 12.2749997256324
12.8499997127801 13.0999997071922 13.1699997056276 13.1499997060746 12.8549997126684 12.8049997137859 12.9399997107685 12.9199997112155 12.6899997163564 12.5299997199327 12.9149997113273 12.7299997154623 12.639999717474 12.3549997238442 11.9049997339025 12.8067644196289 -9999 -9999 -9999 -9999 -9999 -9999 -9999 -9999 -9999 -9999 -9999 -9999 -9999 -9999 -9999 -9999 -9999 -9999 -9999 -9999 -9999 -9999 -9999 -9999 -9999 -9999 -9999 -9999 -9999 -9999 11.6649997392669 8.56499980855733 7.58499983046204 -9999 11.5949583295733 12.2569997260347 11.894999734126 11.3649997459725 12.0199997313321 11.9999997317791 11.8049997361377 11.9199997335672 11.8899997342378 12.0449997307733 12.0999997295439 12.2299997266382
13.2249997043982 13.2349997041747 13.2799997031689 13.4549996992573 13.4574996992014 13.3799997009337 13.3499997016042 13.2249997043982 13.1249997066334 12.8699997123331 12.8349997131154 12.7049997160211 12.6049997182563 12.3899997230619 12.2999997250736 -9999 -9999 -9999 -9999 -9999 -9999 -9999 -9999 -9999 -9999 -9999 -9999 -9999 -9999 -9999 -9999 -9999 -9999 -9999 -9999 -9999 -9999 -9999 -9999 -9999 -9999 -9999 -9999 -9999 -9999 -9999 -9999 -9999 -9999 12.0127270042219 11.9224997335114 11.9374997331761 11.3699997458607 11.31499974709 11.4399997442961 11.8349997354671 11.9049997339025 11.8849997343495 11.7599997371435 11.76999973692 11.9549997327849 12.1799997277558
13.3149997023866 13.344999701716 13.3349997019395 13.3199997022748 13.3399997018278 13.3949997005984 13.3299997020513 13.199999704957 13.3349997019395 12.8449997128919 12.6349997175857 12.5749997189268 12.3099997248501 12.1699997279793 14.3961761488086 -9999 -9999 -9999 -9999 -9999 -9999 -9999 -9999 -9999 -9999 -9999 -9999 -9999 -9999 -9999 -9999 -9999 -9999 -9999 -9999 -9999 -9999 -9999 -9999 -9999 -9999 -9999 -9999 -9999 -9999 -9999 -9999 -9999 -9999 -9999 11.1799997501075 11.169999750331 11.2999997474253 11.4249997446314 11.5149997426197 11.7149997381493 11.7749997368082 11.76999973692 11.789999736473 11.7549997372553 11.9449997330084 12.059999730438
13.3399997018278 13.2599997036159 13.3199997022748 13.3399997018278 13.3049997026101 13.2999997027218 13.2249997043982 13.1399997062981 13.1849997052923 12.889999711886 12.5599997192621 12.2299997266382 12.1449997285381 12.0649997303262 12.0299997311085 -9999 -9999 -9999 -9999 -9999 -9999 -9999 -9999 -9999 -9999 -9999 -9999 -9999 -9999 -9999 -9999 -9999 -9999 -9999 -9999 -9999 -9999 -9999 -9999 -9999 -9999 -9999 -9999 -9999 -9999 -9999 -9999 -9999 -9999 -9999 -9999 -9999 11.4649997437373 11.479999743402 11.5249997423962 11.6849997388199 11.7999997362494 11.8399997353554 11.9299997333437 11.9449997330084 11.9499997328967 12.0049997316673
