EcologicalScience/Bass/data/rs_data_bass/sst_139.asc
NCOLS 226 
NROWS 124 
XLLCORNER -9.41648524995501 
YLLCORNER 47.587301625531 
CELLSIZE 0.0833 
NODATA_value -9999 
[rows 0 to 26 of 124, columns 0 to 61 of 226]
-9999.000000000000000 -9999 -9999 -9999 -9999 -9999 -9999 -9999 -9999 -9999 -9999 -9999 -9999 -9999 -9999 -9999 -9999 -9999 -9999 -9999 -9999 -9999 -9999 -9999 -9999 -9999 -9999 -9999 -9999 -9999 -9999 -9999 -9999 -9999 -9999 -9999 -9999 -9999 -9999 -9999 -9999 -9999 -9999 -9999 -9999 -9999 -9999 -9999 -9999 -9999 -9999 -9999 -9999 -9999 -9999 -9999 -9999 -9999 -9999 -9999 -9999 -9999
-9999 -9999 -9999 -9999 -9999 -9999 -9999 -9999 -9999 -9999 -9999 -9999 -9999 -9999 -9999 -9999 -9999 -9999 -9999 -9999 -9999 -9999 -9999 -9999 -9999 -9999 -9999 -9999 -9999 -9999 -9999 -9999 -9999 -9999 -9999 -9999 -9999 -9999 -9999 -9999 -9999 -9999 -9999 -9999 -9999 -9999 -9999 -9999 -9999 -9999 -9999 -9999 -9999 -9999 -9999 -9999 -9999 -9999 -9999 -9999 -9999 -9999
-9999 -9999 -9999 -9999 -9999 -9999 -9999 -9999 -9999 -9999 -9999 -9999 -9999 -9999 -9999 -9999 -9999 -9999 -9999 -9999 -9999 -9999 -9999 -9999 -9999 -9999 -9999 -9999 -9999 -9999 -9999 -9999 -9999 -9999 -9999 -9999 -9999 -9999 -9999 -9999 -9999 -9999 -9999 -9999 -9999 -9999 -9999 -9999 -9999 -9999 -9999 -9999 -9999 -9999 -9999 -9999 -9999 -9999 -9999 -9999 -9999 -9999
-9999 -9999 -9999 -9999 -9999 -9999 -9999 -9999 -9999 -9999 -9999 -9999 -9999 -9999 -9999 -9999 -9999 -9999 -9999 -9999 -9999 -9999 -9999 -9999 -9999 -9999 -9999 -9999 -9999 -9999 -9999 -9999 -9999 -9999 -9999 -9999 -9999 -9999 -9999 -9999 -9999 -9999 -9999 -9999 -9999 -9999 -9999 -9999 -9999 -9999 -9999 -9999 -9999 -9999 -9999 -9999 -9999 -9999 -9999 -9999 -9999 -9999
-9999 -9999 -9999 -9999 -9999 -9999 -9999 -9999 -9999 -9999 -9999 -9999 -9999 -9999 -9999 -9999 -9999 -9999 -9999 -9999 -9999 -9999 -9999 -9999 -9999 -9999 -9999 -9999 -9999 -9999 -9999 -9999 -9999 -9999 -9999 -9999 -9999 -9999 -9999 -9999 -9999 -9999 -9999 -9999 -9999 -9999 -9999 -9999 -9999 -9999 -9999 -9999 -9999 -9999 -9999 -9999 -9999 -9999 -9999 -9999 -9999 -9999
-9999 -9999 -9999 -9999 -9999 9.94471570895985 7.04276019043755 7.33460381021723 9.9270025940612 9.89639571342351 9.83836555387825 10.0752433738671 10.0078279864974 9.98129214253277 7.78392191091552 8.12029859970789 9.08687591794878 8.97508162679151 9.01524398522452 9.71019622310996 9.61122469697148 9.28490553470328 7.86109419466395 9.70345829246456 12.0776745125099 11.9643434537907 11.2749406674411 9.1294205118902 9.12567670503631 9.01964839268476 8.8787782358937 8.64371210113168 12.0502005541367 12.3366874188383 12.3249997245148 7.15415372573392 10.5633504232706 12.2299997266382 9.98499977681786 11.0940444128588 8.90720794825918 8.43434950562992 8.37123142954494 9.59499978553504 -9999 -9999 -9999 -9999 -9999 -9999 -9999 -9999 -9999 -9999 -9999 -9999 -9999 -9999 -9999 -9999 -9999 -9999
-9999 -9999 -9999 -9999 -9999 9.14484462304972 7.41518812347203 7.41877156984992 10.2401959174313 8.51987895159982 10.03006072063 8.84765621018596 8.93214197247289 10.1605883855373 10.1534165358171 10.1785180098377 8.99731436092407 8.15687915403396 8.12996714981273 9.45206857607183 9.92248297482729 8.19522513362712 7.48734224893685 9.9585814585111 12.1577899601824 7.87382857267706 9.1739401978751 9.21691717642049 9.19771554150308 9.14343044006576 9.09925815323368 7.91843978294896 8.87639194151217 6.27620235290378 6.36014388742605 11.6491610197147 12.0099997315556 -9999 11.62501888598 11.0088585258927 11.0637498411816 9.33365616342053 10.018113961909 11.0467058637379 10.6545100922696 11.4897891627228 10.9449997553602 -9999 -9999 -9999 -9999 -9999 -9999 -9999 -9999 -9999 -9999 -9999 -9999 -9999 -9999 -9999
-9999 -9999 -9999 -9999 -9999 9.48801786731929 9.36387703125365 9.43272678856738 9.73517410896186 7.32334668415466 10.2093569636345 10.2050538538024 10.2459333972074 9.90383616555482 10.1526993508451 9.99635302694514 9.43268640463551 9.43491237424314 8.79895733911544 9.90368421748281 9.11158819869161 8.86745400261134 8.51428323239088 8.42661525386696 12.3125524724183 12.1623837786527 8.29479190733816 8.34550713035943 9.92033141991124 9.02447244431823 9.42977689905092 8.986633052739 9.06138707930222 8.9450596768409 8.46187156438828 13.4526329015592 9.04222662913902 12.3099997248501 12.0549997305498 11.4321409241673 9.76208999886274 10.8946816418653 7.55655966947476 7.51591918772707 10.6197766082604 12.1599997282028 -9999 -9999 -9999 -9999 -9999 -9999 -9999 -9999 -9999 -9999 -9999 -9999 -9999 -9999 -9999 -9999
-9999 -9999 -9999 -9999 -9999 9.79401234667748 9.78188514588401 9.65041830698028 9.27278072549962 9.9547562985681 9.64982774830423 7.86725556720048 10.2645802064799 10.2868129406124 10.3147831545211 10.2947019753046 8.11186978202313 8.20627567823976 8.37589263990521 9.18864659338983 9.00129949705054 8.72528704504172 8.67263936065137 5.09717458846386 9.82970849154838 5.6803338653408 5.61004973808303 7.7436750298366 7.17064423719421 5.92489394079894 8.85122934713339 8.59364051930606 8.58497341489419 9.40492725192702 9.0478136053841 8.97126228575195 9.14710985017674 11.9997466409446 12.9679076602588 12.6643208441262 8.27818575706975 11.3325440430532 11.0036834450229 9.12305847575507 10.5212356035095 9.96542204372545 9.33499979134649 -9999 -9999 -9999 -9999 -9999 -9999 -9999 -9999 -9999 -9999 -9999 -9999 -9999 -9999 -9999
-9999 -9999 -9999 -9999 -9999 10.2674626829103 10.2345046460629 9.92535171471536 9.93108919449151 9.88232061639428 10.34992521815 10.0012740341148 9.80680523272604 9.16455256618145 9.80578990174191 8.14104794233572 8.17435981170274 10.0551621946506 10.029343535658 10.0106967263855 9.97698903270066 5.30524612497538 8.67205617688596 8.56450270364682 8.79450049606914 8.77830034176198 9.71028059404343 8.99988271202892 9.08188533782959 8.95786641826853 8.94150702282786 7.93511332497001 9.9547562985681 7.71348150111735 7.84658251383475 9.64995268546045 9.51727346563712 8.99483349205305 9.17977696253608 9.31072102603503 9.26475771822152 12.1774265058414 11.2996095733278 7.8593878718093 9.25381364034755 13.1542831855624 12.0949997296557 -9999 -9999 -9999 -9999 -9999 -9999 -9999 -9999 -9999 -9999 -9999 -9999 -9999 -9999 -9999
-9999 -9999 -9999 -9999 -9999 10.0094132608335 10.0631156624295 10.387218836695 10.3047425649129 9.23289438961074 9.96845868937671 7.87998759723268 9.52429322036915 9.22993281064555 9.86131585657131 9.81499654112849 9.873800635105 10.0551621946506 10.0838495935313 10.068788709119 9.98631243733689 10.03006072063 8.51735752293219 7.95028364023363 7.56052620725876 9.16921088472009 9.17124079819769 9.1731532914564 9.38596118673948 9.14876325195655 7.33989989059046 9.53623189013451 8.4301238451153 9.20616446723315 9.13619651099328 9.19947242237289 9.40769716106694 9.16362453205511 8.15510235074908 9.72525710752234 9.01502611757153 9.00476786410436 7.85707664070651 9.14731224080209 12.7500607764736 12.039999730885 -9999 -9999 -9999 -9999 -9999 -9999 -9999 -9999 -9999 -9999 -9999 -9999 -9999 -9999 -9999 -9999
-9999 -9999 -9999 -9999 -9999 9.93760875491425 9.98450272832997 10.0261670574546 10.2935451350641 9.50508132111281 9.74194528046064 10.293817532598 9.7957931375131 9.16386133469641 9.17727123294026 9.35283811409026 9.70341034854452 9.77262844401412 10.1677602352574 10.0766777438112 9.96909999800846 9.9267860846594 8.62859641867025 9.02075507328846 8.3912187308073 8.20883878564928 7.25025176908821 8.99607473937795 9.06313019106165 4.56009093904868 5.89333780203015 9.75840735863894 9.25021178409871 9.1597974637989 9.9748374777846 9.24673680914566 9.24364635513418 9.04631536746664 9.78329926675984 9.83642077818513 9.8113193041645 9.96981718298048 9.31772425482632 12.6688061285143 12.5713459618358 12.8568845766314 12.2549997260794 -9999 -9999 -9999 -9999 -9999 -9999 -9999 -9999 -9999 -9999 -9999 -9999 -9999 -9999 -9999
-9999 -9999 -9999 -9999 -9999 9.78786859195679 9.85658308900893 9.7211264744401 9.36656960919499 9.30646133180708 10.0149998362176 9.94964006884644 10.1950132641941 10.1792351948097 9.98989836219698 9.5881968828746 7.23232214478776 7.202200375963 9.29566330928355 10.029343535658 9.94184696907178 9.89020965108648 9.42559551866725 8.84254787280224 8.93993956316262 6.89165928307921 7.90844818868209 7.85614442301448 7.97738133445382 7.51621922049671 6.58972440985963 6.54525894159451 6.52015746757388 9.10490800223003 8.72727213493948 7.80364034597629 9.36839974354953 9.59748090517574 9.08538999734446 8.92926469517665 8.9999893734542 8.99946764277087 9.82996611343697 8.20055687440825 11.4450419608175 12.1299997288734 -9999 -9999 -9999 -9999 -9999 -9999 -9999 -9999 -9999 -9999 -9999 -9999 -9999 -9999 -9999 -9999
-9999 -9999 -9999 -9999 -9999 9.99499980662949 9.63928277650848 9.83993084812537 9.23385779997334 9.17670761886984 10.1175572872162 10.1197088421322 10.2509536920115 10.2373271775432 9.19656460103579 9.76708722756141 7.03509627748281 7.02075257804245 9.7596819861792 9.74103517690673 8.99009183235466 9.73744925204664 9.81490522902459 8.75805212999694 8.94730755756609 8.84490403416567 7.73525480739772 7.7613982585026 8.87597224749625 7.71498763095587 8.1302459532395 7.4611041508615 6.99995421385393 9.31240653991699 8.16502788686194 9.40313626592979 9.18511203443632 9.10970660402543 9.74533828673884 8.8946909544886 9.82494581863284 8.88621704937476 8.88947036849069 13.2929690494303 11.8749997345731 -9999 -9999 -9999 -9999 -9999 -9999 -9999 -9999 -9999 -9999 -9999 -9999 -9999 -9999 -9999 -9999 -9999
-9999 -9999 -9999 -9999 -9999 9.78248981083743 9.94816638727207 10.0930215714499 9.03560044919141 8.96878719329834 9.02409504726529 9.71240697002837 9.76280421138342 10.3162175244652 10.2810754608363 10.2459333972074 9.70539487091204 9.53454020060599 9.4247635450835 7.28467664774507 7.42739645717666 9.38374528079294 9.76828820584342 9.92535171471536 6.38359063230455 9.42373854387552 9.27433739416301 9.16510321926325 9.18995435014367 7.8250227747485 9.86797691695392 8.74056214094162 7.72000792576 9.02558225253597 8.94243953307159 9.22466199705377 8.24640317447484 9.32452004728839 11.6282324753343 11.8337814728729 13.639289144864 11.9629269735521 12.2039946821636 12.7181392070638 12.428603112368 11.766432495385 -9999 -9999 -9999 -9999 -9999 -9999 -9999 -9999 -9999 -9999 -9999 -9999 -9999 -9999 -9999 -9999
-9999 -9999 -9999 -9999 -9999 10.1699117901735 9.59005068487022 9.32686165474089 9.1057478946168 9.59261530986987 9.56912383518647 9.44348954840098 9.48380411870312 10.0903042582795 10.3162175244652 10.26816613134 10.0372325703502 9.77115694573149 9.76972257578745 7.03724783239886 7.32483900617808 9.47903276616707 9.73099458729848 9.33692186698318 9.87945187650621 9.83355203829706 9.59257788769901 9.68509474908933 9.04249837473035 9.85148166259751 9.88375498633832 9.88016906147823 7.28467664774507 9.01391468790049 7.0460541988723 7.97573185999257 7.96866939364312 7.77653622440994 8.40523227363486 8.25607378048484 7.19974943648347 13.0809216597117 11.9604371095108 -9999 -9999 -9999 -9999 13.2249997043982 13.2249997043982 -9999 -9999 -9999 -9999 -9999 -9999 -9999 -9999 -9999 -9999 -9999 -9999 -9999
-9999 -9999 -9999 -9999 -9999 9.28450616041664 9.31772162893321 9.69695542892441 10.2401959174313 10.5851618889719 9.63037477210164 10.4051484609954 10.2201147382148 10.1548509057611 10.2186803682707 10.2179631832987 10.2459333972074 10.3334299637936 10.2739036111161 9.32178924269974 7.32483900617808 9.41901912447065 9.85865351231769 9.92176578985527 10.0164342061616 9.94184696907178 9.75394450640306 9.68581193406135 9.14792320504785 9.6399120958522 8.84500519450133 8.59740798475428 8.82869494732262 7.60496980200211 7.88782709743828 8.06652608327568 7.87407657183293 8.42699129842222 8.52220469024032 -9999 -9999 -9999 -9999 -9999 -9999 -9999 -9999 -9999 -9999 -9999 -9999 -9999 -9999 -9999 -9999 -9999 -9999 -9999 -9999 -9999 -9999 -9999
-9999 -9999 -9999 -9999 -9999 9.53723263942326 9.52487265681848 10.0461675639131 9.79889451852068 9.78797975741327 10.5901821837761 9.76020065927878 9.93513529328629 9.68831075013926 10.0055143360514 9.38698407243937 10.0028076916933 10.1405072063208 10.1053651426919 10.0587481195107 10.0271919807419 9.2060151877813 10.0193029460497 10.0357982004061 10.0343638304621 9.82566300360486 9.6800744542852 9.73027740232646 8.23924984550104 8.97360343600369 8.89353782642219 6.11917536687106 7.95071832059572 7.80778109648132 8.45175751360754 9.31832081601024 9.18051033625379 8.66465319566695 8.70064969054823 12.5995660797227 11.6199997402728 -9999 -9999 -9999 -9999 -9999 -9999 -9999 -9999 -9999 -9999 -9999 -9999 -9999 -9999 -9999 -9999 -9999 -9999 -9999 -9999 -9999
-9999 -9999 -9999 -9999 -9999 10.1089673969895 9.96424803663311 9.87176396371797 9.81788234114647 9.63386016176082 9.61006536319231 9.65149067963163 9.60754861775786 9.73980393198629 9.89844739460386 9.93097783625126 10.0121310963295 9.51368754077703 8.09796440601349 10.1075166976079 10.1376384664327 10.1577196456492 9.95619066851214 9.87873469153419 8.13522208792468 9.80629900936037 9.85865351231769 9.45344400312752 9.72669147746637 9.21318703750148 9.76972257578745 9.75466169137508 8.2944109832868 8.59064328391105 8.75325942862158 8.00873573170975 9.42515170890838 6.91257388354279 8.48794480558071 6.54688042133077 13.424227924646 14.0299996864051 11.4849997432902 13.4561321647627 8.83940237008833 12.6799997165799 -9999 -9999 -9999 -9999 -9999 -9999 -9999 -9999 -9999 -9999 -9999 -9999 -9999 -9999 -9999 -9999
-9999 -9999 -9999 -9999 -9999 9.31645179300436 10.5136534676421 9.17672317149118 10.0897691994905 9.59333543814719 9.57357360478491 9.70796002703719 9.78591339439154 9.92090790104121 9.65566655574366 9.51333578117192 9.44268619422136 10.0372325703502 9.98129214253277 9.88016906147823 8.51893572462723 9.92893763957545 9.19727352241586 8.22634051600471 9.84502699784935 7.87251525831276 7.60211230441928 7.4241296365591 7.78483659029007 9.72167118266225 9.95977659337223 8.70507721339042 7.52738284599036 7.68114799028262 9.56938706794754 9.56462386166677 9.31354657581283 9.01882715968208 6.92674910277128 7.00810229126364 7.28856916601459 8.25839556454282 8.30754496988707 9.09776103955561 9.14586461960737 11.4099124354604 13.4549996992573 -9999 -9999 -9999 -9999 -9999 -9999 -9999 -9999 -9999 -9999 -9999 -9999 -9999 -9999 -9999
-9999 -9999 -9999 -9999 -9999 10.592361013405 10.4601291225602 10.674333343748 9.42658320457364 9.31392646891375 8.38985868962482 9.70271648815833 9.76125167449936 9.71826459746808 9.58317670482211 9.82850484945811 9.51370118381456 9.54513823948801 9.92248297482729 10.068788709119 9.8550675874576 9.86223943717778 7.58015685621649 9.8113193041645 9.81992552382872 9.27179303169251 7.08529922552407 7.71857355581596 7.15486616780981 8.54655655613169 9.08615834433585 9.30776593182236 9.7062828451395 9.55219623735175 9.71828284487128 9.51082333611945 9.53118416682507 7.00589671451598 6.99146726013472 7.95273098768666 9.21533859241754 9.18521682359278 8.15342400106601 8.68877228721976 10.2249616470986 7.67567699487942 -9999 -9999 -9999 -9999 -9999 -9999 -9999 -9999 -9999 -9999 -9999 -9999 -9999 -9999 -9999 -9999
-9999 -9999 -9999 -9999 -9999 10.0812956886366 10.1834978316911 10.314439583011 10.3154436419718 10.0271142025013 9.96803776943125 10.1393796842959 10.3237762175101 10.1483886991628 9.95153393889112 9.54381957394071 9.34774444225643 9.20361341509436 10.1003448478878 10.1648914953694 10.1225775820203 10.1476790560409 10.0903042582795 9.71091340808198 9.23518439736217 7.24021117947996 9.72525710752234 7.80104982759804 9.39894815115258 9.54745265771635 9.76506084343418 8.67677780349428 9.71306496299803 9.70302437338978 9.49110304703936 9.46191155980341 9.55835601609821 8.41980120562948 7.10497438845535 7.15222055402895 7.05197701727351 7.07730402300755 6.9882354993994 8.56006120316063 9.97116997811411 10.0086002033204 12.5574478651848 -9999 -9999 8.68499980587512 8.68499980587512 -9999 -9999 -9999 10.9150669761002 -9999 -9999 -9999 -9999 -9999 -9999 -9999
-9999 -9999 -9999 -9999 -9999 10.4631784909405 10.3311872570775 10.4238550282083 10.39177653566 10.3011626141545 10.302720714427 10.3838515553091 10.1965619037593 10.1598712005652 9.80745438265149 6.31073945574462 8.63011565525085 9.05895183095708 9.57601165957749 9.56975651253015 10.2380443625152 10.1634571254253 10.1426587612368 9.46850488753989 10.1304666167125 9.28347116475925 9.89738150080666 9.83068329840899 8.35830255085602 7.75730154430494 8.17255164310336 8.78072449937463 9.71521651791409 9.72956021735445 9.67497303771476 9.66158558490376 7.35890970068673 7.08163876800487 8.84588871306429 7.1644217511639 8.88471632031724 6.96217101377746 9.04258730233615 8.82591201513159 6.96965482027736 8.7904875655969 11.2048097047955 7.40999983437359 11.2419094876386 11.414546155903 9.06499979738146 -9999 -9999 9.92499977815896 9.9299997780472 -9999 -9999 -9999 -9999 -9999 -9999 -9999
-9999 -9999 -9999 -9999 -9999 10.2016484513879 10.2741230419837 10.3665451741777 10.0621853345739 9.58885405091569 9.59364161109552 9.68056986127049 10.0260266503319 6.67506942152977 9.57011257121339 9.99145799153484 9.40101927714422 8.8852034330368 9.14370399601757 8.11951379897073 10.2416302873753 10.2588427267037 10.2387615474872 10.230155327823 8.91555527411401 9.76183354109526 9.88590654125437 8.42858667811379 6.923215421848 6.89739676285535 9.47424236731604 9.83713796315715 9.87084565684199 9.85004729265347 9.1701559391804 9.19597459817305 9.12282173102722 8.9191411989741 8.84240240696818 9.34012877754867 8.32647786881509 8.16867718243351 7.77974546918025 7.96064783020743 9.1581610411716 12.0797607709718 8.04999982006848 8.9473454162851 9.77585009002889 10.58055592549 7.4349998338148 7.82499982509762 7.82499982509762 10.3993686395032 10.3643290308703 -9999 -9999 -9999 -9999 -9999 -9999 -9999
-9999 -9999 -9999 -9999 -9999 10.4298415373079 10.3514031101018 10.0501418998465 10.0378416716121 9.58601235132664 9.49442917359993 9.58015927299857 9.65647858777083 8.06999419210479 6.61984617868438 9.5400744273793 9.56266575399786 9.59004407236353 8.61186940623447 9.68581193406135 9.84502699784935 10.0938901831396 10.1412243912928 10.1189916571602 10.109668252524 9.95690785348415 8.98870814125985 9.92033141991124 9.08337655756623 9.91531112510711 9.90096742566675 9.92391734477133 9.96694844309241 9.78478346019983 9.5279770414345 8.9900497753794 8.73003758094274 9.55528426915407 9.30348801157541 8.09999981895089 10.3549997685477 13.2640059429198 8.11251774057746 8.59555196668953 7.09302546549588 12.0871499615522 9.48999978788197 10.3999129695757 9.16158362229665 13.8549645223623 8.98999979905784 9.54499978665262 10.1976526094457 8.23505953047425 10.2373968195034 -9999 -9999 -9999 -9999 -9999 -9999 -9999
-9999 -9999 -9999 -9999 -9999 10.4934599326923 10.2429656262199 10.1961907210449 10.1224694983102 9.61200148761272 9.49452658919617 9.43048063199967 8.16107668355107 7.88998076412827 9.55530781857669 8.04991301288828 9.08984909160063 9.08031582515687 8.91985838394612 8.87467573070899 9.78213127702475 9.70947903813794 10.0142826512456 9.72453992255032 9.69872126355767 10.0142826512456 8.67099519865587 8.16681416332722 9.87299721175805 6.89094209810719 9.52731405524537 9.68222600920126 9.27127902023494 9.58755759289488 9.84861292270944 9.291985176038 8.35404084416349 8.1061116829188 7.8349998248741 9.47999978810549 9.245334816827 9.24235148378648 9.34205476070444 9.28276746968428 8.32228434435092 13.9157969591869 8.27518673890948 8.44499981123954 11.5984714504124 6.26147385240932 6.2898404543022 6.30930690354268 8.55669623473659 8.3737014089711 8.53025117465295 10.5249997647479 -9999 -9999 -9999 -9999 -9999 -9999
-9999 -9999 -9999 -9999 -9999 10.0766147272661 10.0620319661684 9.92329160380177 9.8824729451444 9.85384310750912 9.50888646580279 9.59827983635478 8.34180729649961 8.3611712907441 9.5074999644421 9.76982146948576 6.37528610322624 5.84528640890494 9.66428277594969 9.5389430008363 9.70589311327785 9.50149539625272 9.55098115932196 8.82160404277965 9.16513564437628 9.50006102630869 9.75107576651499 9.13573106052354 7.96600237116218 7.75945309922099 8.68247015820816 9.04895167890936 9.55743582407013 8.81012908322737 9.85313803227618 8.01299853742655 7.93384913275284 7.70550896475712 -9999 10.3349481699233 7.82932349201292 9.00459441014876 9.15753975107024 8.87947045375283 7.57382650580257 9.18572018885364 -9999 7.19476084028267 7.43529628422111 9.37375714270664 7.87346071749926 8.40081198550761 7.43875917699188 7.72808098079016 11.3649997459725 -9999 -9999 -9999 -9999 -9999 -9999 -9999
