EcologicalScience/Bass/data/rs_data_bass/sst_124.asc
NCOLS 226 
NROWS 124 
XLLCORNER -9.41648524995501 
YLLCORNER 47.587301625531 
CELLSIZE 0.0833 
NODATA_value -9999 
[rows 54 to 80 of 124, columns 124 to 185 of 226]
15.7649996476248 15.9649996431544 16.1149996398017 15.7499996479601 15.6149996509776 15.6849996494129 15.769999647513 15.7799996472895 15.7849996471778 16.0899996403605 16.20499963779 16.3599996343255 16.3799996338785 16.4349996326491 16.5849996292964 16.8249996239319 16.8399996235967 16.7999996244907 16.7449996257201 16.804999624379 16.929999621585 17.0099996197969 17.0899996180087 17.1249996172264 17.2149996152148 17.2699996139854 17.1649996163324 17.2799996137619 17.364999611862 17.4149996107444 17.4999996088445 17.5499996077269 17.6499996054918 17.9099995996803 17.9999995976686 17.8699996005744 17.7899996023625 17.819999601692 17.8099996019155 17.8149996018037 17.8799996003509 18.0399995967746 18.2499995920807 18.1249995948747 18.1599995940924 17.9399995990098 17.9499995987862 18.1149995950982 18.1049995953217 18.0649995962158 17.9149995995685 18.0649995962158 17.6149996062741 17.2999996133149 17.5699996072799 17.8599996007979 17.5849996069446 17.4149996107444 18.2749995915219 18.2749995915219 16.9349996214733 16.9349996214733
16.1399996392429 16.1749996384606 15.769999647513 15.8049996467307 15.8449996458367 15.6949996491894 15.8499996457249 15.9649996431544 16.1599996387959 16.2949996357784 16.4399996325374 16.5349996304139 16.5849996292964 16.639999628067 16.7149996263906 16.9549996210262 17.0199996195734 16.9049996221438 16.949999621138 16.9949996201321 17.054999618791 17.074999618344 17.094999617897 17.2099996153265 17.2249996149912 17.1949996156618 17.3049996132031 17.4849996091798 17.4099996108562 17.509999608621 17.2249996149912 17.4499996099621 17.4199996106327 17.8449996011332 17.9799995981157 17.8699996005744 17.8749996004626 17.8849996002391 17.799999602139 17.9099995996803 17.9949995977804 18.0999995954335 18.0749995959923 18.0449995966628 18.0249995971099 18.0299995969981 18.1249995948747 18.0299995969981 17.9199995994568 17.7949996022508 17.779999602586 17.8799996003509 17.6649996051565 17.3749996116385 17.2499996144325 17.1149996174499 17.9072218219646 16.8241387756359 -9999 -9999 -9999 -9999
16.3399996347725 16.2949996357784 16.2799996361136 16.1799996383488 15.9649996431544 15.8799996450543 15.9449996436015 15.9649996431544 16.079999640584 16.4149996330962 16.4799996316433 16.5449996301904 16.6249996284023 16.6449996279553 16.8449996234849 17.0349996192381 17.1399996168911 17.094999617897 17.1199996173382 17.2299996148795 17.2899996135384 17.3299996126443 17.2949996134266 17.2649996140972 17.219999615103 16.8399996235967 16.9249996216968 17.3699996117502 17.4349996102974 17.4049996109679 17.4149996107444 17.4099996108562 17.2099996153265 17.674999604933 17.7249996038154 17.7649996029213 17.779999602586 17.9699995983392 17.9749995982274 18.0099995974451 18.1399995945394 18.254999591969 18.2749995915219 18.0499995965511 18.1499995943159 18.1699995938689 18.0449995966628 17.924999599345 17.9549995986745 18.7849995801225 18.399999588728 18.1499995943159 17.6199996061623 17.1549996165559 16.949999621138 -9999 -9999 -9999 -9999 -9999 -9999 -9999
16.5399996303022 16.5849996292964 16.4499996323138 16.4599996320903 16.3599996343255 16.2299996372312 16.2399996370077 16.1749996384606 16.2199996374547 16.4449996324256 16.5449996301904 16.5499996300787 16.5699996296316 16.6499996278435 16.8999996222556 17.1699996162206 17.2149996152148 17.2499996144325 17.2799996137619 17.4449996100739 17.5349996080622 17.5699996072799 17.634999605827 17.6149996062741 17.5649996073917 17.5599996075034 17.4499996099621 17.4999996088445 17.5749996071681 17.344999612309 17.2099996153265 17.4349996102974 17.5599996075034 17.6499996054918 17.5249996082857 17.6449996056035 17.8699996005744 17.9749995982274 18.0349995968863 18.1449995944276 18.2799995914102 18.3949995888397 18.3849995890632 18.1749995937571 18.1499995943159 18.1599995940924 18.10999959521 18.5707138706265 17.1199996173382 17.3899996113032 18.1399995945394 18.1049995953217 17.7599996030331 19.2233329036583 19.3687495670747 -9999 -9999 -9999 -9999 -9999 -9999 -9999
16.9849996203557 16.9449996212497 16.8199996240437 16.7249996261671 16.5949996290728 16.4649996319786 16.389999633655 16.349999634549 16.244999636896 16.3149996353313 16.5099996309727 16.6249996284023 16.5749996295199 16.6699996273965 16.6749996272847 17.3399996124208 17.4549996098503 17.4999996088445 17.5699996072799 17.6849996047094 17.7149996040389 17.6999996043742 17.6299996059388 17.5449996078387 17.509999608621 17.2949996134266 17.3049996132031 17.3199996128678 17.2049996154383 17.4499996099621 17.344999612309 17.509999608621 17.6449996056035 17.65499960538 17.5599996075034 17.6699996050447 17.8499996010214 17.924999599345 18.0399995967746 18.3949995888397 18.3849995890632 18.5999995842576 18.7049995819107 18.4599995873868 18.4499995876104 18.3349995901808 17.8799996003509 17.7249996038154 17.6199996061623 17.8649996006861 17.8249996015802 17.819999601692 18.3849995890632 18.4949995866045 15.2549996590242 -9999 -9999 -9999 -9999 -9999 -9999 -9999
17.2549996143207 17.2699996139854 17.0499996189028 16.9549996210262 16.7799996249378 16.6949996268377 16.5099996309727 16.3049996355549 16.3049996355549 16.3649996342137 16.4549996322021 16.6899996269494 16.8499996233732 16.9199996218085 16.9899996202439 17.4499996099621 17.5249996082857 17.5899996068329 17.7399996034801 17.7749996026978 17.7199996039271 17.7099996041507 17.6399996057153 17.5599996075034 17.509999608621 17.509999608621 17.4799996092916 17.3549996120855 17.4299996104091 17.509999608621 17.4599996097386 17.3749996116385 17.5049996087328 17.6199996061623 17.6849996047094 17.674999604933 17.7549996031448 17.8349996013567 17.9399995990098 18.1749995937571 18.359999589622 18.4549995874986 18.6899995822459 18.5549995852634 18.3299995902926 17.9499995987862 18.3399995900691 18.2799995914102 17.6999996043742 17.7349996035919 17.7499996032566 17.8099996019155 17.9099995996803 17.944999598898 18.0409995967522 -9999 23.7447889405303 -9999 -9999 -9999 -9999 -9999
-9999 -9999 -9999 -9999 -9999 16.8069996243343 16.8749996228144 16.6099996287376 16.5199996307492 16.5399996303022 16.5499996300787 16.804999624379 16.9049996221438 17.0199996195734 17.2349996147677 17.489999609068 17.5049996087328 17.7149996040389 17.8249996015802 17.6699996050447 17.5849996069446 17.6049996064976 17.6999996043742 17.6449996056035 17.6049996064976 17.6299996059388 17.6249996060506 17.6149996062741 17.6049996064976 17.5899996068329 17.5749996071681 17.4599996097386 17.5249996082857 17.6099996063858 17.6299996059388 17.6999996043742 17.7899996023625 17.7849996024743 18.0049995975569 18.2699995916337 18.6049995841458 18.7249995814636 18.7899995800108 18.5299995858222 18.4299995880574 18.4799995869398 -9999 16.9228567646018 18.6551391799003 17.7399996034801 17.6699996050447 17.6999996043742 17.6449996056035 18.1949995933101 5.37499987985939 5.37499987985939 -9999 -9999 -9999 -9999 -9999 -9999
-9999 -9999 -9999 -9999 -9999 -9999 -9999 16.6479996278882 17.1399996168911 16.9749996205792 16.7799996249378 16.7149996263906 16.9799996204674 17.0649996185675 17.2649996140972 17.5149996085092 17.4849996091798 17.5949996067211 17.5899996068329 17.5649996073917 17.5499996077269 17.6249996060506 17.674999604933 17.6849996047094 17.6799996048212 17.6449996056035 17.6499996054918 17.674999604933 17.6249996060506 17.6799996048212 17.674999604933 17.5949996067211 17.7149996040389 17.8499996010214 17.7199996039271 17.7749996026978 17.8549996009097 17.8949996000156 18.0799995958805 18.379999589175 18.6349995834753 18.8399995788932 19.0599995739758 18.6599995829165 18.5149995861575 18.7149995816872 -9999 -9999 -9999 -9999 -9999 -9999 -9999 -9999 -9999 -9999 -9999 -9999 -9999 -9999 -9999 -9999
-9999 -9999 -9999 -9999 -9999 -9999 -9999 -9999 17.4349996102974 17.2949996134266 17.094999617897 16.8499996233732 16.804999624379 16.9549996210262 17.1299996171147 17.509999608621 17.8249996015802 17.7949996022508 17.7299996037036 17.6949996044859 17.6499996054918 17.6899996045977 17.7899996023625 17.7599996030331 17.7849996024743 17.7849996024743 17.7349996035919 17.7849996024743 17.7149996040389 17.7199996039271 17.8099996019155 17.799999602139 17.8699996005744 17.9099995996803 17.9549995986745 18.0049995975569 18.0199995972216 18.0249995971099 18.1599995940924 18.3199995905161 18.4699995871633 18.5549995852634 18.9049995774403 18.7599995806813 18.4099995885044 17.6772822135776 -9999 -9999 -9999 -9999 -9999 -9999 -9999 -9999 -9999 -9999 -9999 -9999 -9999 -9999 -9999 -9999
-9999 -9999 -9999 -9999 -9999 -9999 -9999 -9999 -9999 17.3899996113032 17.1599996164441 17.0449996190146 17.1349996170029 17.3999996110797 17.5149996085092 17.6849996047094 17.8249996015802 17.9049995997921 17.8299996014684 17.779999602586 17.7499996032566 17.7449996033683 17.8599996007979 17.8999995999038 17.9199995994568 17.9499995987862 17.8899996001273 17.8849996002391 17.8849996002391 17.924999599345 17.964999598451 17.964999598451 18.0049995975569 18.0099995974451 18.0299995969981 18.0749995959923 18.089999595657 18.0999995954335 18.2399995923042 18.4699995871633 18.4899995867163 18.5399995855987 18.5599995851517 18.6399995833635 18.64999958314 -9999 -9999 -9999 -9999 -9999 -9999 -9999 -9999 -9999 -9999 -9999 -9999 -9999 -9999 -9999 -9999 -9999
-9999 -9999 -9999 -9999 -9999 -9999 -9999 -9999 -9999 17.4149996107444 17.384999611415 17.2699996139854 17.3049996132031 17.489999609068 17.6149996062741 17.7299996037036 17.8349996013567 17.8649996006861 17.8249996015802 17.8649996006861 17.8749996004626 17.9499995987862 18.0199995972216 18.0199995972216 18.0599995963275 18.0799995958805 18.0799995958805 18.0349995968863 18.0399995967746 18.0549995964393 18.0799995958805 18.0549995964393 18.0349995968863 18.089999595657 18.0949995955452 18.1549995942041 18.1999995931983 18.1899995934218 18.3399995900691 18.5549995852634 18.6449995832518 18.5099995862693 18.524999585934 18.4999995864928 18.3699995893985 -9999 18.9888199781562 19.9949995530769 -9999 -9999 -9999 -9999 -9999 -9999 -9999 -9999 -9999 -9999 -9999 -9999 -9999 -9999
-9999 -9999 -9999 -9999 -9999 -9999 -9999 -9999 -9999 18.069999596104 17.6849996047094 17.3999996110797 17.5599996075034 17.7549996031448 17.9199995994568 17.964999598451 18.0149995973334 17.9749995982274 17.9299995992333 17.9799995981157 18.1049995953217 18.1699995938689 18.1849995935336 18.1049995953217 18.1349995946512 18.1599995940924 18.1899995934218 18.1949995933101 18.1949995933101 18.1899995934218 18.1549995942041 18.1699995938689 18.2649995917454 18.3199995905161 18.3299995902926 18.3199995905161 18.3099995907396 18.2799995914102 18.3199995905161 18.5149995861575 18.7249995814636 18.6099995840341 18.6049995841458 18.7199995815754 18.5949995843694 -9999 -9999 -9999 -9999 -9999 -9999 -9999 -9999 -9999 -9999 -9999 -9999 -9999 -9999 -9999 -9999 -9999
-9999 -9999 -9999 -9999 -9999 -9999 -9999 -9999 -9999 18.2449995921925 18.0549995964393 17.9149995995685 17.9499995987862 17.9699995983392 17.9749995982274 18.0099995974451 18.0199995972216 17.964999598451 17.9699995983392 17.9849995980039 18.10999959521 18.3299995902926 18.3099995907396 18.2299995925277 18.1999995931983 18.2099995929748 18.234999592416 18.2949995910749 18.3399995900691 18.379999589175 18.359999589622 18.3949995888397 18.4199995882809 18.3899995889515 18.399999588728 18.4899995867163 18.4199995882809 18.4299995880574 18.3649995895103 18.4499995876104 18.524999585934 18.6199995838106 18.7399995811284 18.8249995792285 -9999 -9999 -9999 -9999 -9999 -9999 -9999 -9999 -9999 -9999 -9999 -9999 -9999 -9999 -9999 -9999 -9999 -9999
-9999 -9999 -9999 -9999 -9999 -9999 -9999 -9999 18.3149995906278 18.2899995911866 18.1549995942041 18.0949995955452 18.069999596104 18.0199995972216 18.0649995962158 18.0549995964393 18.0199995972216 18.0599995963275 18.0549995964393 18.0849995957687 18.234999592416 18.3099995907396 18.379999589175 18.2999995909631 18.1999995931983 18.2849995912984 18.3299995902926 18.3399995900691 18.4049995886162 18.4649995872751 18.5199995860457 18.5349995857105 18.5499995853752 18.504999586381 18.5649995850399 18.5749995848164 18.5699995849282 18.5899995844811 18.5099995862693 18.5199995860457 18.6149995839223 18.5699995849282 18.6849995823577 -9999 -9999 -9999 -9999 -9999 -9999 -9999 -9999 -9999 -9999 -9999 -9999 -9999 -9999 -9999 -9999 -9999 -9999 -9999
-9999 -9999 -9999 -9999 -9999 -9999 -9999 -9999 18.524999585934 18.3399995900691 18.1299995947629 18.0749995959923 18.0649995962158 18.10999959521 18.1149995950982 18.1299995947629 18.1949995933101 18.2449995921925 18.379999589175 18.3749995892867 18.3549995897338 18.4049995886162 18.4149995883927 18.379999589175 18.3349995901808 18.3299995902926 18.3849995890632 18.4599995873868 18.4899995867163 18.5499995853752 18.6049995841458 18.6149995839223 18.6399995833635 18.6649995828047 18.5199995860457 18.4949995866045 18.5449995854869 18.4799995869398 18.5349995857105 18.4799995869398 18.6849995823577 18.6649995828047 18.5149995861575 -9999 -9999 -9999 -9999 -9999 -9999 -9999 -9999 -9999 -9999 -9999 -9999 -9999 -9999 -9999 -9999 -9999 -9999 -9999
-9999 -9999 -9999 -9999 -9999 -9999 -9999 17.1789281874496 18.3499995898455 18.2499995920807 18.2199995927513 18.2449995921925 18.2299995925277 17.8499996010214 18.1249995948747 18.1949995933101 18.3099995907396 18.4649995872751 18.5599995851517 18.5949995843694 18.5449995854869 18.4849995868281 18.5299995858222 18.4899995867163 18.359999589622 18.3899995889515 18.4899995867163 18.5749995848164 18.6299995835871 18.6749995825812 18.6849995823577 18.6449995832518 18.6399995833635 18.6599995829165 18.6549995830283 18.7799995802343 18.669999582693 18.6349995834753 18.7549995807931 18.8699995782226 18.8899995777756 18.7999995797873 -9999 -9999 -9999 -9999 -9999 -9999 -9999 -9999 -9999 -9999 -9999 -9999 -9999 -9999 -9999 -9999 -9999 -9999 -9999 -9999
-9999 -9999 -9999 3.8400372271426 -9999 6.26410835088927 18.3049995908514 18.2299995925277 18.2099995929748 18.1649995939806 18.2899995911866 18.3449995899573 18.3249995904043 18.1999995931983 18.2299995925277 18.3749995892867 18.4999995864928 18.5799995847046 18.6099995840341 18.5599995851517 18.4949995866045 18.5349995857105 18.5549995852634 18.5199995860457 18.5299995858222 18.5199995860457 18.5499995853752 18.6299995835871 18.7049995819107 18.7799995802343 18.7849995801225 18.8249995792285 18.8749995781109 18.8299995791167 18.8099995795637 18.7449995810166 18.7799995802343 18.8949995776638 18.9249995769933 19.1199995726347 13.2949997028336 -9999 -9999 -9999 -9999 -9999 -9999 -9999 -9999 -9999 -9999 -9999 -9999 -9999 -9999 -9999 -9999 -9999 -9999 -9999 -9999 -9999
-9999 -9999 3.88019958557561 -9999 18.2599995918572 18.2599995918572 18.3449995899573 18.3349995901808 18.2849995912984 18.2499995920807 18.3299995902926 18.4499995876104 18.4299995880574 18.3149995906278 18.10999959521 18.2299995925277 18.4799995869398 18.6449995832518 18.6099995840341 18.6049995841458 18.5899995844811 18.4999995864928 18.4749995870516 18.4699995871633 18.4799995869398 18.5499995853752 18.6849995823577 18.504999586381 18.8749995781109 18.8399995788932 18.8649995783344 18.8949995776638 18.8449995787814 18.959999576211 18.9999995753169 19.1299995724112 19.1949995709583 19.2599995695055 19.0099995750934 -9999 -9999 -9999 -9999 -9999 -9999 -9999 -9999 -9999 -9999 -9999 -9999 -9999 -9999 -9999 -9999 -9999 -9999 -9999 -9999 -9999 -9999 -9999
16.7749996250495 16.7749996250495 -9999 18.7249995814636 18.5149995861575 18.3749995892867 18.3099995907396 18.2499995920807 18.2449995921925 18.3399995900691 18.3399995900691 18.4099995885044 18.4449995877221 18.3649995895103 17.5049996087328 17.4099996108562 18.2249995926395 18.379999589175 18.524999585934 18.5499995853752 18.4949995866045 18.5549995852634 18.5949995843694 18.64999958314 18.6549995830283 18.6849995823577 18.8049995796755 18.9449995765463 18.9699995759875 18.939999576658 18.9149995772168 18.9299995768815 18.8999995775521 18.9149995772168 18.8049995796755 18.7649995805696 18.6999995820224 18.8799995779991 -9999 -9999 -9999 -9999 -9999 -9999 -9999 -9999 -9999 -9999 -9999 -9999 -9999 -9999 -9999 -9999 -9999 -9999 -9999 -9999 -9999 -9999 -9999 -9999
18.5149995861575 18.5149995861575 18.1799995936453 18.4249995881692 18.4799995869398 18.3749995892867 18.2749995915219 18.2649995917454 18.2499995920807 18.2499995920807 18.3199995905161 18.3299995902926 18.3499995898455 18.3549995897338 18.0399995967746 18.2949995910749 18.2299995925277 18.4249995881692 18.3349995901808 18.2649995917454 18.4649995872751 18.4849995868281 18.5849995845929 18.6949995821342 18.7199995815754 18.7499995809048 18.814999579452 18.8549995785579 18.9349995767698 18.9899995755404 18.8499995786697 18.7449995810166 18.814999579452 18.7849995801225 18.7099995817989 18.4349995879456 18.9374995767139 16.9518746210961 9.70641413684184 13.2399997040629 -9999 -9999 -9999 -9999 -9999 -9999 -9999 -9999 -9999 -9999 -9999 -9999 -9999 -9999 -9999 -9999 -9999 -9999 -9999 -9999 -9999 -9999
18.4699995871633 18.3949995888397 18.3299995902926 18.3049995908514 18.234999592416 18.3049995908514 18.234999592416 18.214999592863 18.1499995943159 18.1999995931983 18.2849995912984 18.2399995923042 18.1499995943159 18.1249995948747 18.2199995927513 18.3849995890632 18.2499995920807 18.4549995874986 18.359999589622 18.4299995880574 18.5299995858222 18.5499995853752 18.6449995832518 18.7099995817989 18.7699995804578 18.8649995783344 18.9249995769933 18.9799995757639 18.9799995757639 18.8849995778874 18.7249995814636 18.7299995813519 18.6949995821342 18.8549995785579 19.3445535958263 17.3221424699628 17.1410710454386 15.4037801435036 15.3122557553054 -9999 -9999 -9999 -9999 -9999 -9999 -9999 -9999 -9999 -9999 -9999 -9999 -9999 -9999 -9999 -9999 -9999 -9999 -9999 -9999 -9999 -9999 -9999
18.5099995862693 18.4249995881692 18.379999589175 18.3899995889515 18.4549995874986 18.3299995902926 18.1949995933101 18.2699995916337 18.2899995911866 18.2599995918572 18.2199995927513 18.1649995939806 17.9699995983392 18.0449995966628 18.1649995939806 18.1899995934218 18.2099995929748 18.1999995931983 18.234999592416 18.4799995869398 18.5549995852634 18.5949995843694 18.6649995828047 18.7249995814636 18.814999579452 18.8849995778874 18.8999995775521 18.8999995775521 18.8249995792285 18.7199995815754 18.5349995857105 18.6099995840341 18.7599995806813 19.2179995704442 18.8399995788932 18.8399995788932 18.4825605624923 -9999 -9999 -9999 -9999 -9999 -9999 -9999 -9999 -9999 -9999 -9999 -9999 -9999 -9999 -9999 -9999 -9999 -9999 -9999 -9999 -9999 -9999 -9999 -9999 -9999
18.3749995892867 18.4549995874986 18.4199995882809 18.3099995907396 18.1849995935336 18.1499995943159 18.1599995940924 18.2049995930865 18.2449995921925 18.2449995921925 18.1749995937571 17.8649996006861 17.9549995986745 18.0749995959923 18.1049995953217 18.0799995958805 18.1699995938689 18.3349995901808 18.3649995895103 18.4199995882809 18.5149995861575 18.5949995843694 18.7149995816872 18.774999580346 18.7999995797873 18.8099995795637 18.794999579899 18.7299995813519 18.6849995823577 18.6249995836988 18.6799995824695 18.8399995788932 -9999 -9999 -9999 13.6052278061397 -9999 -9999 -9999 -9999 -9999 -9999 -9999 -9999 -9999 -9999 -9999 -9999 -9999 -9999 -9999 -9999 -9999 -9999 -9999 -9999 -9999 -9999 -9999 -9999 -9999 -9999
18.4699995871633 18.6249995836988 18.6449995832518 18.4549995874986 18.3649995895103 18.1599995940924 18.0749995959923 18.089999595657 18.1049995953217 18.1149995950982 17.964999598451 17.8649996006861 17.9549995986745 17.8949996000156 17.9949995977804 18.1349995946512 18.2449995921925 18.359999589622 18.3949995888397 18.4699995871633 18.5649995850399 18.6449995832518 18.7249995814636 18.7649995805696 18.7699995804578 18.7299995813519 18.6899995822459 18.6299995835871 18.6599995829165 18.6899995822459 18.669999582693 18.8324995790608 18.9724995759316 19.9299995545298 -9999 -9999 -9999 -9999 -9999 -9999 -9999 -9999 -9999 -9999 -9999 -9999 -9999 -9999 -9999 -9999 -9999 -9999 -9999 -9999 -9999 -9999 -9999 -9999 -9999 -9999 -9999 -9999
18.669999582693 18.7799995802343 18.8249995792285 18.6349995834753 18.6449995832518 18.3099995907396 18.3849995890632 18.234999592416 18.2749995915219 18.2249995926395 18.0149995973334 17.779999602586 17.799999602139 17.9799995981157 18.0399995967746 18.1049995953217 18.1599995940924 18.4199995882809 18.4999995864928 18.5549995852634 18.5899995844811 18.6349995834753 18.669999582693 18.7199995815754 18.7249995814636 18.7249995814636 18.8349995790049 18.7899995800108 18.7849995801225 18.8399995788932 18.8799995779991 18.1762495937292 18.8924995777197 19.084999573417 19.1249995725229 4.99999988824129 -9999 -9999 -9999 -9999 -9999 -9999 -9999 -9999 -9999 -9999 -9999 -9999 -9999 -9999 -9999 -9999 -9999 -9999 -9999 -9999 -9999 -9999 -9999 -9999 -9999 -9999
-9999 -9999 -9999 -9999 7.15999983996153 18.5699995849282 18.4499995876104 18.379999589175 18.4299995880574 18.1599995940924 17.9699995983392 17.5249996082857 17.9049995997921 18.1349995946512 18.1799995936453 18.1249995948747 17.9899995978922 18.2999995909631 18.5549995852634 18.64999958314 18.6399995833635 18.6999995820224 18.669999582693 18.669999582693 18.6849995823577 18.669999582693 18.6549995830283 -9999 -9999 -9999 -9999 -9999 -9999 -9999 -9999 -9999 -9999 -9999 -9999 -9999 -9999 -9999 -9999 -9999 -9999 -9999 -9999 -9999 -9999 -9999 -9999 -9999 -9999 -9999 -9999 -9999 -9999 -9999 -9999 -9999 -9999 -9999
-9999 -9999 -9999 -9999 -9999 18.3149995906278 18.1749995937571 18.2199995927513 18.2249995926395 17.7299996037036 17.6699996050447 18.0999995954335 18.0499995965511 18.0949995955452 18.2599995918572 18.3649995895103 18.4949995866045 18.4999995864928 18.5199995860457 18.6899995822459 18.7899995800108 18.7399995811284 18.6249995836988 18.6599995829165 18.6999995820224 -9999 -9999 -9999 -9999 -9999 -9999 -9999 -9999 -9999 -9999 -9999 -9999 -9999 -9999 -9999 -9999 -9999 -9999 -9999 -9999 -9999 -9999 -9999 -9999 -9999 -9999 -9999 -9999 -9999 -9999 -9999 -9999 -9999 -9999 -9999 -9999 -9999
