EcologicalScience/Bass/data/rs_data_bass/sst_130.asc
NCOLS 226 
NROWS 124 
XLLCORNER -9.41648524995501 
YLLCORNER 47.587301625531 
CELLSIZE 0.0833 
NODATA_value -9999 
[rows 81 to 107 of 124, columns 62 to 123 of 226]
15.5549996523187 -9999 -9999 -9999 -9999 -9999 -9999 -9999 -9999 -9999 -9999 -9999 -9999 -9999 -9999 -9999 -9999 -9999 -9999 -9999 -9999 -9999 -9999 -9999 -9999 -9999 -9999 -9999 -9999 -9999 -9999 -9999 -9999 -9999 -9999 -9999 -9999 -9999 -9999 -9999 -9999 -9999 -9999 -9999 -9999 -9999 -9999 -9999 -9999 -9999 -9999 -9999 -9999 -9999 -9999 -9999 -9999 -9999 -9999 -9999 -9999 -9999
15.0949996626005 -9999 -9999 -9999 -9999 -9999 -9999 -9999 -9999 -9999 -9999 -9999 -9999 -9999 -9999 -9999 -9999 -9999 -9999 -9999 -9999 -9999 -9999 -9999 -9999 -9999 -9999 -9999 -9999 -9999 -9999 -9999 -9999 -9999 -9999 -9999 -9999 -9999 -9999 -9999 -9999 -9999 -9999 -9999 -9999 -9999 -9999 -9999 -9999 -9999 -9999 -9999 -9999 -9999 -9999 -9999 -9999 -9999 -9999 -9999 -9999 -9999
-9999 -9999 -9999 -9999 -9999 -9999 -9999 -9999 -9999 -9999 -9999 -9999 -9999 -9999 -9999 -9999 -9999 -9999 -9999 -9999 -9999 -9999 -9999 -9999 -9999 -9999 -9999 -9999 -9999 -9999 -9999 -9999 -9999 -9999 -9999 -9999 -9999 -9999 -9999 -9999 -9999 -9999 -9999 -9999 -9999 -9999 -9999 -9999 -9999 -9999 -9999 -9999 -9999 -9999 -9999 -9999 -9999 -9999 -9999 -9999 16.008139864702 -9999
-9999 -9999 -9999 -9999 -9999 -9999 -9999 -9999 -9999 -9999 -9999 -9999 -9999 -9999 -9999 -9999 -9999 -9999 -9999 -9999 -9999 -9999 -9999 -9999 -9999 -9999 -9999 -9999 -9999 -9999 -9999 -9999 -9999 11.3199997469783 11.209999749437 11.1449997508898 -9999 -9999 -9999 -9999 -9999 -9999 -9999 -9999 -9999 -9999 -9999 -9999 -9999 -9999 -9999 -9999 -9999 -9999 -9999 -9999 17.2699996139854 17.2324924552597 15.3049996579066 15.3899996560067 15.3299996573478 15.9324996438809
-9999 -9999 -9999 -9999 -9999 -9999 -9999 -9999 -9999 -9999 -9999 -9999 -9999 -9999 -9999 -9999 -9999 -9999 -9999 -9999 -9999 -9999 -9999 -9999 -9999 -9999 -9999 -9999 -9999 -9999 -9999 -9999 -9999 17.1633111690171 15.1299996618181 15.1299996618181 14.7333330040177 14.4999996758997 14.5962496737484 14.8439996682107 9.06239979743957 -9999 15.1735710894157 14.6999996714294 14.6999996714294 14.9749996652827 14.8399996683002 14.9799996651709 15.9749996429309 15.9949996424839 15.3099996577948 15.3099996577948 16.8490794000302 -9999 15.5849996516481 15.334999657236 15.4449996547773 15.624999650754 15.6599996499717 15.8549996456131 15.9449996436015 16.3874996337108
-9999 -9999 -9999 -9999 -9999 -9999 -9999 -9999 -9999 -9999 -9999 -9999 12.9699997100979 15.4274996551685 15.519999653101 15.6199996508658 15.7099996488541 15.5249996529892 15.2999996580184 -9999 -9999 -9999 -9999 -9999 -9999 11.894999734126 11.6090021960538 15.9031205678261 15.3499996569008 15.1449996614829 15.3199996575713 15.334999657236 15.2699996586889 15.2399996593595 15.1949996603653 -9999 16.3473895229947 14.9099996667355 15.479999653995 15.6349996505305 15.4449996547773 15.1099996622652 15.1949996603653 15.3999996557832 15.4599996544421 15.334999657236 15.2949996581301 16.0299996417016 16.0099996421486 16.0199996419251 15.9899996425956 16.0099996421486 15.9799996428192 16.1049996400252 15.8299996461719 15.8499996457249 15.8599996455014 15.9649996431544 16.5449996301904 16.5424996302463 16.0649996409193 16.4249996328726
-9999 -9999 -9999 -9999 -9999 -9999 -9999 -9999 18.1551078546717 9.25666645976404 15.1749996608123 15.1799996607006 15.2999996580184 15.5149996532127 15.7349996482953 15.769999647513 15.5799996517599 15.3249996574596 15.3899996560067 15.499999653548 15.5249996529892 15.6299996506423 15.6799996495247 15.7449996480718 15.7849996471778 15.8499996457249 15.7599996477365 15.5249996529892 15.7299996484071 15.5849996516481 15.5649996520951 15.5649996520951 15.4949996536598 15.4649996543303 15.4599996544421 17.7149996040389 15.644999650307 15.6499996501952 15.374999656342 15.644999650307 15.6399996504188 15.5649996520951 15.6499996501952 15.8149996465072 15.8599996455014 15.9399996437132 16.059999641031 16.2499996367842 16.2499996367842 16.2799996361136 16.3199996352196 16.2949996357784 16.3099996354431 16.3449996346608 16.2099996376783 16.6149996286258 16.4674996319227 16.3449996346608 16.2149996375665 16.4474996323697 16.4724996318109 16.3599996343255
-9999 -9999 -9999 -9999 -9999 -9999 -9999 -9999 14.9949996648356 15.0149996643886 15.1699996609241 15.3649996565655 15.6099996510893 15.7049996489659 15.7499996479601 15.7299996484071 15.6399996504188 15.624999650754 15.6599996499717 15.7649996476248 15.7549996478483 15.7299996484071 15.7449996480718 15.7049996489659 15.7299996484071 15.8149996465072 15.9199996441603 15.8599996455014 15.8249996462837 15.8599996455014 15.8699996452779 15.8549996456131 15.8599996455014 15.8049996467307 15.7999996468425 15.8149996465072 15.7749996474013 15.6399996504188 15.4849996538833 15.6199996508658 16.287499635946 14.4399996772408 15.8799996450543 15.9699996430427 16.1099996399134 16.1499996390194 16.1449996391311 16.2199996374547 16.2349996371195 16.2099996376783 16.1949996380135 16.1649996386841 16.1799996383488 16.1599996387959 16.1749996384606 16.0524996411987 16.1924996380694 16.2099996376783 16.3674996341579 16.2349996371195 15.8974996446632 15.8674996453337
-9999 -9999 -9999 -9999 -9999 -9999 -9999 -9999 15.2149996599182 15.374999656342 15.4349996550009 15.5499996524304 15.6849996494129 15.6349996505305 15.6399996504188 15.6399996504188 15.6799996495247 15.624999650754 15.7049996489659 15.8699996452779 15.7649996476248 15.6949996491894 15.7099996488541 15.7499996479601 15.769999647513 15.914999644272 15.8749996451661 15.8849996449426 15.8849996449426 15.9699996430427 15.9899996425956 15.9899996425956 15.9749996429309 15.954999643378 15.8549996456131 15.8299996461719 15.7649996476248 15.914999644272 16.20499963779 16.2599996365607 16.1149996398017 16.3724996340461 16.4399996325374 16.4499996323138 16.3849996337667 15.789999647066 16.0149996420369 16.0749996406958 15.9499996434897 15.9499996434897 16.059999641031 16.0949996402487 16.099999640137 16.0399996414781 16.4474996323697 16.4024996333756 16.2899996358901 16.3974996334873 16.4424996324815 16.4599996320903 16.0474996413104 16.4774996316992
10.3336478145496 9.40499978978187 -9999 -9999 -9999 -9999 -9999 -9999 15.5299996528774 15.644999650307 15.6199996508658 15.6399996504188 15.644999650307 15.5849996516481 15.5349996527657 15.519999653101 15.4649996543303 15.354999656789 15.479999653995 15.624999650754 15.7249996485189 15.7299996484071 15.8049996467307 15.8299996461719 15.9449996436015 15.9849996427074 16.0049996422604 15.9899996425956 15.914999644272 15.8599996455014 15.8799996450543 15.8899996448308 15.8849996449426 15.9049996444955 15.8999996446073 15.8949996447191 15.9949996424839 16.1499996390194 16.1049996400252 16.224999637343 16.2299996372312 13.8699996899813 16.0299996417016 16.079999640584 15.9849996427074 15.7599996477365 15.7799996472895 15.8549996456131 15.8749996451661 15.9949996424839 16.0749996406958 16.0649996409193 16.0849996404722 16.1249996395782 16.2324996371754 16.3149996353313 16.369999634102 16.3874996337108 16.4149996330962 16.2824996360578 16.0949996402487 16.0274996417575
14.7099996712059 14.6099996734411 14.6649996722117 14.8199996687472 14.8799996674061 -9999 16.1899624452926 14.8799996674061 15.2499996591359 15.3849996561185 15.4149996554479 15.4499996546656 15.499999653548 15.4399996548891 15.3949996558949 15.2949996581301 15.2549996590242 15.2249996596947 15.2749996585771 15.3899996560067 15.5499996524304 15.624999650754 15.6599996499717 15.7399996481836 15.7399996481836 15.7499996479601 15.7999996468425 15.7549996478483 15.7549996478483 15.7249996485189 15.6749996496364 15.7049996489659 15.7299996484071 15.7249996485189 15.6849996494129 16.3049996355549 16.0049996422604 15.8049996467307 15.9299996439368 16.059999641031 15.8899996448308 16.0049996422604 16.0499996412545 15.9924996425398 15.9749996429309 16.5049996310845 16.0824996405281 15.9749996429309 15.954999643378 15.9799996428192 16.1649996386841 16.0149996420369 16.079999640584 16.4374996325932 16.3324996349402 16.4099996332079 16.4374996325932 16.3149996353313 16.2499996367842 16.2124996376224 16.3049996355549 16.5824996293522
14.6949996715412 14.4449996771291 14.5449996748939 14.6049996735528 14.7099996712059 14.7449996704236 14.8149996688589 14.9349996661767 15.0799996629357 15.1799996607006 15.1649996610358 15.2499996591359 15.2599996589124 15.2399996593595 15.1849996605888 15.1699996609241 15.1299996618181 15.189999660477 15.2399996593595 15.2649996588007 15.334999657236 15.4199996553361 15.4699996542186 15.4699996542186 15.4699996542186 15.4699996542186 15.5649996520951 15.5899996515363 15.6549996500835 15.6699996497482 15.6499996501952 15.624999650754 15.7149996487424 15.7549996478483 15.809999646619 15.809999646619 15.6199996508658 15.7549996478483 15.9599996432662 15.954999643378 15.954999643378 16.0149996420369 15.9649996431544 15.8699996452779 16.3466663012902 16.389999633655 16.4266662995021 16.4783329650139 16.5266662972669 15.6099996510893 15.6099996510893 16.5099996309727 16.5299996305257 16.5299996305257 16.3399996347725 16.3799996338785 16.3974996334873 16.5074996310286 16.4774996316992 16.452499632258 16.244999636896 15.9824996427633
14.3149996800348 14.2999996803701 14.5349996751174 14.4349996773526 14.2699996810406 14.5549996746704 14.6799996718764 14.7099996712059 14.8049996690825 14.8749996675178 14.8299996685237 14.8399996683002 14.8549996679649 14.8549996679649 14.9449996659532 14.9899996649474 15.1299996618181 15.1199996620417 15.1599996611476 15.1999996602535 15.1799996607006 15.2649996588007 15.2699996586889 15.3299996573478 15.3399996571243 15.3499996569008 15.4649996543303 15.479999653995 15.5149996532127 15.5849996516481 15.6399996504188 15.7049996489659 15.8599996455014 15.8349996460602 15.8399996459484 15.9199996441603 15.9199996441603 15.9499996434897 15.6999996490777 15.7449996480718 15.8749996451661 15.809999646619 15.7799996472895 15.7149996487424 16.3583329676961 16.3199996352196 16.3866663003961 16.3883329670255 14.6649996722117 14.6649996722117 16.1149996398017 16.1149996398017 16.6174996285699 16.6874996270053 16.4399996325374 16.4974996312521 16.3474996346049 16.1774996384047 16.3674996341579 16.3324996349402 16.349999634549 16.412499633152
14.0349996862933 13.799999691546 13.9899996872991 14.089999685064 14.0349996862933 14.1199996843934 14.8449996681884 14.5349996751174 14.5199996754527 14.5949996737763 14.5999996736646 14.5899996738881 14.5599996745586 14.6149996733293 14.7649996699765 14.8599996678531 14.9449996659532 14.8899996671826 14.9499996658415 14.9149996666238 15.0949996626005 15.1199996620417 15.1499996613711 15.2499996591359 15.2799996584654 15.3949996558949 15.4749996541068 15.4549996545538 15.4499996546656 15.4399996548891 15.624999650754 15.6099996510893 15.809999646619 15.8149996465072 15.8199996463954 15.8599996455014 15.8999996446073 15.954999643378 15.8749996451661 15.7999996468425 16.0399996414781 16.1049996400252 15.624999650754 15.769999647513 16.3849996337667 16.4199996329844 16.4816662982727 16.3566663010667 16.0574996410869 16.3724996340461 16.597499629017 16.6524996277876 16.4499996323138 16.3524996344931 16.349999634549 16.5599996298552 16.3149996353313 16.2099996376783 16.1524996389635 16.0674996408634 15.8649996453896 15.8399996459484
13.9299996886402 13.9349996885285 13.944999688305 13.9699996877462 14.4266663442055 14.0449996860698 14.1249996842816 14.3099996801466 14.2749996809289 14.3149996800348 14.3849996784702 14.4299996774644 14.5199996754527 14.5449996748939 14.6349996728823 14.774999669753 14.7249996708706 14.7999996691942 15.0549996634945 15.0749996630475 15.0799996629357 15.0749996630475 15.0699996631593 15.0749996630475 15.1999996602535 15.3499996569008 15.334999657236 15.3099996577948 15.3149996576831 15.2999996580184 15.8499996457249 15.8799996450543 15.8949996447191 15.9099996443838 15.8799996450543 15.9449996436015 16.0349996415898 15.8699996452779 15.8299996461719 15.9249996440485 16.0749996406958 16.1349996393546 16.1999996379018 16.1549996389076 16.4249996328726 16.4149996330962 16.4516662989433 16.4474996323697 16.4299996327609 16.4149996330962 16.4499996323138 16.6124996286817 16.5324996304698 16.6124996286817 16.3974996334873 16.3449996346608 16.3049996355549 16.3374996348284 16.3274996350519 15.7449996480718 15.7549996478483 15.7849996471778
13.9399996884167 13.9349996885285 13.9949996871874 14.3574996790849 13.9849996874109 14.0149996867403 14.069999685511 14.1249996842816 14.234999681823 14.234999681823 14.3749996786937 14.5099996756762 14.5399996750057 14.7299996707588 14.6549996724352 14.5699996743351 14.6899996716529 15.0099996645004 15.0999996624887 15.1649996610358 15.4099996555597 15.8199996463954 15.8799996450543 15.4199996553361 15.3899996560067 15.4399996548891 15.3449996570125 15.2999996580184 15.1349996617064 15.1099996622652 16.059999641031 16.0749996406958 16.0749996406958 15.954999643378 15.9099996443838 15.8449996458367 15.6099996510893 16.1999996379018 16.1399996392429 16.1699996385723 16.2149996375665 16.2699996363372 16.2849996360019 16.3299996349961 16.389999633655 16.4599996320903 16.4224996329285 16.3549996344373 16.3449996346608 16.2949996357784 16.1583329721664 16.349999634549 16.4049996333197 16.1349996393546 16.2349996371195 16.1924996380694 16.2974996357225 16.1974996379577 15.9799996428192 15.9449996436015 15.9249996440485 15.374999656342
13.9599996879697 13.7649996923283 13.9349996885285 14.0449996860698 14.0399996861815 14.0599996857345 14.5233330087115 14.0849996851757 13.614999695681 13.2049997048452 13.9949996871874 14.5749996742234 15.1099996622652 15.0599996633828 14.7199996709824 14.8549996679649 15.0999996624887 15.4949996536598 15.5249996529892 15.5799996517599 15.6799996495247 15.9949996424839 15.6049996512011 15.6749996496364 15.8299996461719 16.0349996415898 16.2349996371195 16.059999641031 16.2599996365607 16.369999634102 16.051666307884 16.3649996342137 16.2849996360019 16.2749996362254 16.1799996383488 16.0099996421486 15.9749996429309 16.1433329725017 16.1949996380135 16.2199996374547 16.244999636896 16.244999636896 16.3549996344373 16.4399996325374 16.4849996315315 16.4449996324256 16.4599996320903 16.1924996380694 16.1649996386841 16.0849996404722 16.1324996394105 16.1499996390194 16.0449996413663 15.8299996461719 15.9299996439368 15.133332995077 15.2083329934006 18.6099995840341 -9999 -9999 -9999 -9999
14.0449996860698 13.8049996914342 13.9399996884167 13.9649996878579 14.4724996765144 14.4649996766821 14.5099996756762 13.8949996894225 13.8949996894225 14.7874996694736 14.1999996826053 14.4649996766821 14.6249996731058 14.5749996742234 14.7599996700883 15.0999996624887 15.5349996527657 15.6099996510893 15.7299996484071 15.9599996432662 15.7599996477365 15.6299996506423 15.5499996524304 15.644999650307 15.9749996429309 16.0899996403605 16.3249996351078 16.3549996344373 16.389999633655 16.1183329730605 16.3849996337667 16.3849996337667 16.3599996343255 16.3249996351078 16.20499963779 16.224999637343 16.3049996355549 16.4349996326491 16.4699996318668 16.4499996323138 16.5549996299669 16.4299996327609 16.4699996318668 16.4749996317551 16.4599996320903 16.4599996320903 16.5299996305257 16.5799996294081 15.7374996482395 15.5499996524304 16.3249996351078 16.0699996408075 15.7666663142542 15.499999653548 16.1209996396676 12.4599997214973 -9999 -9999 -9999 -9999 -9999 -9999
13.2399997040629 14.6049996735528 14.6324996729381 14.6449996726587 14.6949996715412 14.7274996708147 14.6949996715412 14.6949996715412 14.5399996750057 14.5399996750057 14.2699996810406 14.2849996807054 14.3349996795878 14.6749996719882 15.3099996577948 15.8249996462837 15.8349996460602 15.7249996485189 15.5449996525422 15.6499996501952 15.7199996486306 15.8749996451661 15.789999647066 15.9274996439926 15.9699996430427 16.0249996418133 16.0849996404722 16.1499996390194 16.1049996400252 16.1199996396899 13.2762261183476 15.374999656342 15.374999656342 -9999 -9999 17.7199996039271 16.4199996329844 16.5499996300787 16.5349996304139 16.5699996296316 16.6049996288493 16.5949996290728 16.5649996297434 16.2274996372871 16.099999640137 16.5549996299669 16.4999996311963 16.389999633655 16.514999630861 16.5999996289611 16.5799996294081 16.1899996381253 16.0499996412545 -9999 -9999 -9999 -9999 -9999 -9999 -9999 -9999 -9999
14.6374996728264 14.6774996719323 14.5749996742234 14.5599996745586 14.5974996737204 14.5974996737204 14.6749996719882 14.7774996696971 14.9374996661209 15.0899996627122 15.3499996569008 14.899999666959 14.5999996736646 14.2299996819347 15.934999643825 15.7499996479601 15.9599996432662 15.7849996471778 15.7349996482953 15.809999646619 15.8349996460602 15.7849996471778 15.8199996463954 15.9574996433221 16.0399996414781 15.8699996452779 15.9649996431544 15.9949996424839 15.9599996432662 13.3549997014925 -9999 -9999 -9999 -9999 16.3799996338785 16.3649996342137 16.4399996325374 16.5449996301904 16.5549996299669 16.5699996296316 16.5349996304139 16.4599996320903 16.3049996355549 16.2624996365048 16.4449996324256 16.3099996354431 16.4349996326491 16.3999996334314 16.4099996332079 16.1099996399134 15.9099996443838 15.6374996504746 15.5974996513687 -9999 -9999 -9999 -9999 -9999 -9999 -9999 -9999 -9999
14.6649996722117 14.6374996728264 14.484999676235 14.4049996780232 14.4499996770173 14.5899996738881 14.7574996701442 13.9999996870756 14.8349996684119 15.147499661427 15.4474996547215 14.5299996752292 14.8799996674061 15.1099996622652 15.3399996571243 15.5899996515363 15.7849996471778 15.8049996467307 15.7499996479601 15.9799996428192 15.9899996425956 15.789999647066 15.8349996460602 16.0249996418133 15.644999650307 15.8449996458367 16.0099996421486 15.954999643378 15.9949996424839 15.9299996439368 -9999 -9999 -9999 -9999 -9999 18.2399995923042 16.3249996351078 16.3249996351078 16.4249996328726 16.4499996323138 16.4599996320903 16.4449996324256 16.4249996328726 16.4199996329844 16.1149996398017 16.122499639634 15.8299996461719 15.6624996499158 15.5549996523187 15.7099996488541 16.0499996412545 15.9699996430427 15.5849996516481 15.3474996569566 11.9779997322708 -9999 -9999 -9999 -9999 -9999 -9999 -9999
14.7449996704236 14.7674996699207 14.7474996703677 14.6349996728823 14.21499968227 14.1199996843934 14.0999996848404 14.2249996820465 14.9124996666797 14.1349996840581 14.3649996789172 14.3449996793643 14.8549996679649 15.3499996569008 15.5699996519834 15.6749996496364 15.8499996457249 15.789999647066 15.7299996484071 15.7499996479601 15.8199996463954 16.0099996421486 16.1799996383488 15.809999646619 15.809999646619 15.7024996490218 16.1649996386841 16.0449996413663 15.9749996429309 15.9199996441603 16.0566663077722 24.7149994475767 -9999 -9999 -9999 -9999 14.7333330040177 16.2649996364489 16.2649996364489 16.4199996329844 16.4699996318668 16.4049996333197 16.2749996362254 16.0499996412545 15.9449996436015 15.8949996447191 15.5649996520951 15.5549996523187 16.2699996363372 16.3299996349961 16.3549996344373 16.1349996393546 15.1999996602535 9.86999977938831 -9999 -9999 -9999 -9999 -9999 -9999 -9999 -9999
14.3199996799231 14.7899996694177 14.8399996683002 14.8149996688589 14.1849996829405 14.2049996824935 14.6049996735528 14.9374996661209 14.5349996751174 14.5349996751174 14.4549996769056 14.5149996755645 14.7499996703118 15.3649996565655 15.66499964986 15.8549996456131 15.9049996444955 15.9049996444955 15.7999996468425 15.8399996459484 15.9699996430427 16.1799996383488 16.1449996391311 15.7849996471778 15.9574996433221 15.7999996468425 16.1649996386841 16.1599996387959 16.1149996398017 15.9799996428192 15.809999646619 -9999 -9999 -9999 -9999 -9999 -9999 -9999 -9999 -9999 -9999 -9999 -9999 -9999 -9999 -9999 15.0524996635504 15.1749996608123 16.3049996355549 16.3049996355549 16.1849996382371 -9999 -9999 -9999 -9999 -9999 -9999 -9999 -9999 -9999 -9999 -9999
13.5599996969104 14.0849996851757 12.7949997140095 14.6199996732175 14.6199996732175 14.9524996657856 14.9524996657856 14.4149996777996 14.5149996755645 14.484999676235 14.4699996765703 14.5849996739998 14.8049996690825 15.2249996596947 15.7249996485189 15.8449996458367 15.9299996439368 16.0949996402487 15.9949996424839 15.934999643825 15.9249996440485 15.9299996439368 15.9749996429309 15.9624996432103 15.7549996478483 17.65499960538 15.9249996440485 16.1299996394664 16.0199996419251 16.0299996417016 15.7849996471778 15.7049996489659 19.458314884292 -9999 -9999 -9999 -9999 -9999 -9999 -9999 -9999 -9999 -9999 -9999 -9999 -9999 -9999 -9999 -9999 -9999 -9999 -9999 -9999 -9999 -9999 -9999 -9999 -9999 -9999 -9999 -9999 -9999
14.5599996745586 14.4049996780232 13.6249996954575 14.1899996828288 14.2649996811524 14.4749996764585 14.5399996750057 14.6249996731058 14.6949996715412 14.8649996677414 14.6199996732175 14.6999996714294 15.5599996522069 15.8499996457249 15.4749996541068 15.789999647066 15.8049996467307 15.6599996499717 15.4749996541068 15.3449996570125 15.6099996510893 15.4699996542186 15.9599996432662 15.9424996436574 15.8999996446073 16.1449996391311 15.8874996448867 16.2199996374547 16.1599996387959 15.8999996446073 15.6549996500835 15.4249996552244 -9999 -9999 -9999 -9999 -9999 -9999 -9999 -9999 -9999 -9999 -9999 -9999 -9999 -9999 -9999 -9999 -9999 -9999 -9999 -9999 -9999 -9999 -9999 -9999 -9999 -9999 -9999 -9999 -9999 -9999
15.3574996567331 15.3374996571802 14.5199996754527 14.4799996763468 14.4449996771291 14.5199996754527 14.5349996751174 14.5349996751174 14.379999678582 14.5749996742234 14.6399996727705 15.0099996645004 15.6049996512011 16.0399996414781 15.8799996450543 15.9799996428192 16.0249996418133 16.1299996394664 15.5699996519834 15.6999996490777 15.2799996584654 15.7849996471778 15.7849996471778 16.099999640137 16.1349996393546 16.2199996374547 16.2199996374547 16.1149996398017 16.1499996390194 16.1449996391311 15.8149996465072 15.7449996480718 19.9782017636379 -9999 -9999 -9999 -9999 -9999 -9999 -9999 -9999 -9999 -9999 -9999 -9999 -9999 -9999 -9999 -9999 -9999 -9999 -9999 -9999 -9999 -9999 -9999 -9999 -9999 -9999 -9999 -9999 -9999
15.5174996531568 14.6049996735528 15.5874996515922 15.562499652151 15.4124996555038 15.4249996552244 15.3624996566214 15.3849996561185 15.4899996537715 15.3649996565655 15.5999996513128 15.6349996505305 16.1949996380135 16.2099996376783 16.0449996413663 15.9299996439368 15.9749996429309 16.3799996338785 16.3449996346608 16.0299996417016 15.8999996446073 15.9199996441603 16.2849996360019 16.2949996357784 15.8574996455573 16.0424996414222 16.1524996389635 16.0899996403605 15.9574996433221 15.9924996425398 16.0324996416457 15.8799996450543 15.4816663206245 -9999 -9999 -9999 -9999 -9999 -9999 -9999 -9999 -9999 -9999 -9999 -9999 -9999 -9999 -9999 -9999 -9999 -9999 -9999 -9999 -9999 -9999 -9999 -9999 -9999 -9999 -9999 -9999 -9999
