EcologicalScience/Bass/data/rs_data_bass/sst_550.asc
NCOLS 226 
NROWS 124 
XLLCORNER -9.41648524995501 
YLLCORNER 47.587301625531 
CELLSIZE 0.0833 
NODATA_value -9999 
[rows 0 to 26 of 124, columns 62 to 123 of 226]
-9999 -9999 -9999 -9999 -9999 -9999 -9999 -9999 -9999 -9999 -9999 -9999 -9999 -9999 -9999 -9999 -9999 -9999 -9999 -9999 -9999 -9999 -9999 -9999 -9999 -9999 -9999 -9999 -9999 -9999 -9999 -9999 -9999 -9999 -9999 -9999 -9999 -9999 -9999 -9999 -9999 -9999 -9999 -9999 -9999 -9999 -9999 -9999 -9999 -9999 -9999 -9999 -9999 -9999 -9999 -9999 -9999 -9999 -9999 -9999 -9999 -9999
-9999 -9999 -9999 -9999 -9999 -9999 -9999 -9999 -9999 -9999 -9999 -9999 -9999 -9999 -9999 -9999 -9999 -9999 -9999 -9999 -9999 -9999 -9999 -9999 -9999 -9999 -9999 -9999 -9999 -9999 -9999 -9999 -9999 -9999 -9999 -9999 -9999 -9999 -9999 -9999 -9999 -9999 -9999 -9999 -9999 -9999 -9999 -9999 -9999 -9999 -9999 -9999 -9999 -9999 -9999 -9999 -9999 -9999 -9999 -9999 -9999 -9999
-9999 -9999 -9999 -9999 -9999 -9999 -9999 -9999 -9999 -9999 -9999 -9999 -9999 -9999 -9999 -9999 -9999 -9999 -9999 -9999 -9999 -9999 -9999 -9999 -9999 -9999 -9999 -9999 -9999 -9999 -9999 -9999 -9999 -9999 -9999 -9999 -9999 -9999 -9999 -9999 -9999 -9999 -9999 -9999 -9999 -9999 -9999 -9999 -9999 -9999 -9999 -9999 -9999 -9999 -9999 -9999 -9999 -9999 -9999 -9999 -9999 -9999
-9999 -9999 -9999 -9999 -9999 -9999 -9999 -9999 -9999 -9999 -9999 -9999 -9999 -9999 -9999 -9999 -9999 -9999 -9999 -9999 -9999 -9999 -9999 -9999 -9999 -9999 -9999 -9999 -9999 -9999 -9999 -9999 -9999 -9999 -9999 -9999 -9999 -9999 -9999 -9999 -9999 -9999 -9999 -9999 -9999 -9999 -9999 -9999 -9999 -9999 -9999 -9999 -9999 -9999 -9999 -9999 -9999 -9999 -9999 -9999 -9999 -9999
-9999 -9999 -9999 -9999 -9999 -9999 -9999 -9999 -9999 -9999 -9999 -9999 -9999 -9999 -9999 -9999 -9999 -9999 -9999 -9999 -9999 -9999 -9999 -9999 -9999 -9999 -9999 -9999 -9999 -9999 -9999 -9999 -9999 -9999 -9999 -9999 -9999 -9999 -9999 -9999 -9999 -9999 -9999 -9999 -9999 -9999 -9999 -9999 -9999 -9999 -9999 -9999 -9999 -9999 -9999 -9999 -9999 -9999 -9999 -9999 -9999 -9999
-9999 -9999 -9999 -9999 -9999 -9999 -9999 -9999 -9999 -9999 -9999 -9999 -9999 -9999 -9999 -9999 -9999 -9999 -9999 -9999 -9999 -9999 -9999 -9999 -9999 -9999 -9999 -9999 9.78999978117645 9.74999978207052 10.549661232857 9.54524367954582 9.55026397434995 10.7705542042386 10.5952024785802 10.7949384932872 10.8716772852931 10.7149723689072 10.866298398003 10.6023743283004 10.6102633629926 10.6748100104742 10.5342417559586 10.6396679468453 10.7540589498822 10.8325907043181 10.908612311352 10.5328073860146 10.6786349969916 10.2514318153262 10.0451216050424 10.1813867497258 10.469695108477 10.2222662931308 9.74892421159893 10.2925504203886 10.4402905246243 10.3659901615232 10.5021118692122 10.5254562400514 11.1799997501075 9.8550675874576
-9999 -9999 -9999 -9999 -9999 -9999 -9999 -9999 -9999 -9999 -9999 -9999 -9999 -9999 -9999 -9999 -9999 -9999 -9999 -9999 -9999 -9999 -9999 -9999 -9999 -9999 -9999 11.3449997464195 9.8449997799471 9.6999997831881 10.7314676232636 10.5249183513224 10.7820291637909 10.6030915132724 10.8085650077555 10.3348643337376 10.7805947938468 10.5299386461265 10.5536057502031 10.4381389697082 10.3951078713872 11.3899997454137 11.1549997506663 10.468977923505 10.6604663110338 11.5199997425079 11.5699997413903 11.2649997482076 10.4252296402119 10.563407278154 10.390087576583 10.1534165358171 10.430249935016 10.4180577904917 10.3463392932899 11.5399997420609 10.2757682920434 10.6056733791716 10.486046925839 10.4635990362149 9.8550675874576 10.469695108477
-9999 -9999 -9999 -9999 -9999 -9999 -9999 -9999 -9999 -9999 -9999 -9999 -9999 -9999 -9999 -9999 -9999 -9999 -9999 -9999 -9999 -9999 -9999 -9999 -9999 -9999 11.5049997428432 10.4169820130337 10.2125842960086 10.2724692411721 10.2401959174313 10.309762859717 10.8946272043977 10.5801415941678 10.6124149179086 10.7701956117526 10.5600604149513 10.6647694208659 10.6547288312577 10.4101687557995 10.6446882416494 11.0610141179059 11.2199997492135 10.4453108194284 10.3821985418908 10.7121036290191 10.7716299816966 10.4051484609954 11.5349997421727 11.3599997460842 10.4223609003238 10.919999755919 10.5526495035738 10.4209265303798 10.4575029639527 11.4249997446314 6.49505599355325 11.1849997499958 11.0349997533485 11.3099997472018 11.3899997454137 10.2423474723473
-9999 -9999 -9999 -9999 -9999 -9999 -9999 -9999 -9999 -9999 -9999 -9999 -9999 -9999 -9999 -9999 -9999 -9999 -9999 -9999 -9999 -9999 -9999 -9999 -9999 -9999 10.2825098307803 10.2990050851367 10.2947019753046 10.3850672817789 10.3047425649129 10.827211817028 10.4553514090367 10.7662510944065 10.8476515887305 10.8182470048778 10.7899997588247 10.7249997602776 10.5600604149513 10.5198980565183 10.7687612418085 10.5507370103151 10.7020630394109 10.7221442186274 10.1648914953694 10.8010345655493 11.6649997392669 11.7049997383729 11.5899997409433 10.4202093454078 11.3249997468665 11.1199997514486 11.2549997484311 10.5571916750632 10.4926450275816 11.3649997459725 9.45702992798761 11.2349997488782 10.9499997552484 11.0949997520074 11.2849997477606 10.6558046087157
-9999 -9999 -9999 -9999 -9999 -9999 -9999 -9999 -9999 -9999 -9999 -9999 -9999 -9999 -9999 -9999 -9999 -9999 -9999 -9999 -9999 -9999 -9999 -9999 -9999 -9999 10.1591540155932 10.907177941408 10.6439710566774 10.587313443888 10.7802362013608 10.6511429063976 10.8247016696259 10.7780846464448 10.6454054266214 10.5959196635522 10.5163121316582 10.706724741729 10.5973540334962 10.6375163919292 10.8892483171076 10.866298398003 10.8376109991223 10.788842421025 10.9150669761002 10.7049317792989 10.7149723689072 10.5313730160706 11.1999997496605 11.2949997475371 11.3499997463077 11.2399997487664 11.3299997467548 10.3599658077583 11.3999997451901 11.4249997446314 11.5349997421727 10.4562120310031 10.5170293166302 10.5034028021619 10.532950823009 10.271034871228
-9999 -9999 -9999 -9999 -9999 -9999 -9999 -9999 -9999 -9999 -9999 -9999 -9999 -9999 -9999 -9999 -9999 -9999 -9999 -9999 -9999 -9999 -9999 -9999 10.430249935016 10.3800469869748 10.5105746518821 10.8125095251016 10.8426312939264 10.6403851318173 10.786690866109 10.8060548603535 10.7450941377319 10.8368938141502 10.5349589409307 10.709234889131 10.7343363631517 10.6389507618733 10.7336191781797 10.8211157447658 10.667279568268 10.8992889067158 10.7615893920884 10.6411023167893 10.6647694208659 10.6611834960058 10.7407910278998 10.6382335769013 11.2749997479841 11.2599997483194 10.6446882416494 11.5099997427315 11.31499974709 10.4847559928894 10.3951078713872 11.8549997350201 11.8199997358024 10.5157383836806 10.5108615258709 10.636368895974 11.7799997366965 11.3199997469783
-9999 -9999 -9999 -9999 -9999 -9999 -9999 -9999 -9999 -9999 -9999 -9999 -9999 -9999 -9999 -9999 -9999 -9999 -9999 -9999 -9999 -9999 -9999 -9999 11.0099997539073 10.4625232587568 10.5249183513224 10.787408051081 10.9157841610722 10.8347422592342 10.8827936523594 10.4509048622102 10.7952970857732 10.7601550221443 10.7027802243829 10.8060548603535 10.8175298199058 10.7400738429278 10.6798303052783 10.905743571464 10.8074892302975 10.9896542131901 10.9831995484419 10.788842421025 10.7651753169484 10.7128208139911 10.7307504382916 10.7630237620324 10.7752159065567 10.5385448657908 11.4249997446314 10.7823877562769 10.746528507676 10.5406964207068 10.4904934726655 10.2753379810601 10.6257545583881 10.3649861025624 11.6099997404963 11.6849997388199 11.7749997368082 11.4749997435138
-9999 -9999 -9999 -9999 -9999 -9999 -9999 -9999 -9999 -9999 -9999 -9999 -9999 -9999 -9999 -9999 -9999 -9999 -9999 -9999 -9999 -9999 -9999 7.74499982688576 10.4808114755433 10.5747627068777 10.6346476520412 10.6102633629926 10.1921445243061 10.4747154032812 10.6084704005625 10.4094515708275 10.5751212993637 10.5148777617142 10.7407910278998 10.8569749933667 10.825418854598 10.9150669761002 10.9695730339736 10.9609668143094 10.9839167334139 10.945188744925 10.9645527391694 10.8074892302975 10.7709127967246 10.7601550221443 10.6834162301384 10.7752159065567 10.5837275190279 10.8541062534787 10.6597491260618 11.6899997387081 11.8049997361377 11.7799997366965 8.66633349633776 10.4939359605312 10.3951078713872 11.6349997399375 11.6999997384846 11.5949997408316 11.7049997383729 11.8649997347966
-9999 -9999 -9999 -9999 -9999 -9999 -9999 -9999 -9999 -9999 -9999 -9999 -9999 -9999 -9999 -9999 -9999 -9999 -9999 -9999 -9999 11.7249997379258 10.5149997649714 10.0401013102382 10.4022797211073 10.747245692648 10.6647694208659 10.5629291548394 10.5521713802591 10.6647694208659 10.6052430681884 10.6396679468453 10.6185109901708 10.9186529009603 10.9545121495612 11.0204931669869 10.9674214790575 10.9322794154286 10.9817651784979 10.9616839992814 10.9215216408484 10.8820764673874 10.8720358777791 10.8469344037585 10.708517704159 10.707083334215 10.7594378371723 10.8103579701856 10.5148777617142 10.9372997102328 10.9222388258204 10.8125095251016 10.9631183692254 10.3298440389335 10.9111941772513 11.3749997457489 11.5599997416139 11.4749997435138 11.6299997400492 11.7749997368082 10.0924558131956 10.2251350330189
-9999 -9999 -9999 -9999 -9999 -9999 -9999 -9999 -9999 -9999 -9999 -9999 -9999 -9999 -9999 -9999 -9999 -9999 -9999 -9999 -9999 10.029999775812 10.2401959174313 10.3248237441294 10.4632404437289 10.6948911896907 10.6102633629926 10.1598712005652 10.1695531976875 10.4420834870543 10.5335245709866 10.2387615474872 10.507705911994 10.5952024785802 10.4249427662231 10.7673268718645 10.9043092015199 10.9731589588337 10.9982604328543 10.9918057681061 10.9953916929662 10.9365825252607 10.8720358777791 10.9121982362121 10.6999114844948 10.7099520741031 10.7522659874521 10.7737815366127 10.309762859717 10.5701010045595 10.8368938141502 10.867732767947 10.9286934905685 10.9229560107924 10.8957029818557 10.8397625540383 11.5099997427315 11.5499997418374 11.7399997375906 11.7849997365847 12.1349997287616 10.34992521815
-9999 -9999 -9999 -9999 -9999 -9999 -9999 -9999 -9999 -9999 -9999 -9999 -9999 -9999 -9999 -9999 -9999 -9999 -9999 -9999 9.04999979771674 9.79482404980808 10.390804761555 10.2531052469276 10.6762443804182 10.6647694208659 10.4787316391245 10.5122480834834 10.5474379594438 10.6477004185319 10.6091158670373 10.4352702298202 10.5665150796995 10.6547288312577 10.2210709848441 10.6425366867334 10.6776787503622 10.7257301434875 10.9372997102328 10.9710074039176 10.9702902189456 10.8483687737025 10.8641468430869 10.866298398003 10.8648640280589 10.9387340801768 10.9688558490016 10.9043092015199 10.7601550221443 10.6597491260618 10.6826990451664 10.8067720453255 10.9652699241415 10.9781792536378 10.9416028200649 10.9179357159883 10.311197229661 9.85817538900301 11.7049997383729 10.4468886263669 10.4349116373342 10.4363460072782
-9999 -9999 -9999 -9999 -9999 -9999 -9999 -9999 -9999 -9999 -9999 -9999 -9999 -9999 -9999 -9999 -9999 -9999 -9999 10.268883316312 10.3255409291014 10.1749320849776 10.3585314378142 10.4001281661913 10.5672322646715 10.6324960971251 10.6982380528934 10.6917833881453 10.5613513479009 10.492071279604 10.6253242474049 10.5657978947274 10.5701010045595 10.4818872530013 10.5328073860146 10.66978971567 10.4037140910514 10.7594378371723 10.9258247506805 10.8949857968837 10.8555406234227 10.7156895538792 10.8160954499617 10.8806420974433 10.9810479935259 10.8978545367718 10.825418854598 10.8304391494021 10.9200872709043 10.8498031436466 10.5198980565183 10.3549455129541 11.8599997349083 11.7149997381493 10.8598437332548 10.7526245799381 10.6561632012017 10.6253242474049 10.2789239059202 10.2638630215079 10.5324487935286 10.501681558229
-9999 -9999 -9999 -9999 -9999 -9999 -9999 -9999 -9999 -9999 -9999 -9999 -9999 -9999 -9999 -9999 11.024999753572 9.04999979771674 10.032212275546 10.3413189984858 10.3334299637936 10.468260738533 10.4230780852959 10.5650807097554 10.5428479756229 10.6203039526008 10.3370158886537 10.5571916750632 10.4202093454078 10.5127262067981 10.428815565072 10.4879116067663 10.5105746518821 10.3298440389335 10.3241065591574 10.7115298810415 8.47353026969358 10.7902767909691 10.7185582937673 10.8189641898498 10.7759330915287 10.668355345726 10.749397247564 10.9387340801768 11.0097353924066 10.9946745079942 10.8053376753815 10.6626178659499 10.9222388258204 10.8455000338145 11.5549997417256 9.59472944261506 11.7999997362494 11.8099997360259 11.7649997370318 10.7099520741031 10.466826368589 10.82613603957 10.4661091836169 10.2401959174313 11.6149997403845 10.8810724084266
-9999 -9999 -9999 -9999 -9999 -9999 -9999 -9999 -9999 -9999 -9999 -9999 -9999 -9999 -9999 -9999 9.05999979749322 11.3049997473136 10.0028076916933 10.1476790560409 10.3642689175904 10.3743095071986 10.430249935016 10.5234839813784 10.6647694208659 10.388653206639 10.5528885652311 10.5435651605949 10.5908993687481 10.2652973914519 10.2366099925712 10.3319955938496 10.3849238447845 10.044165358413 10.1161229172722 10.2297250168398 11.499999742955 10.5299386461265 10.6568803861737 10.5672322646715 10.6590319410898 10.7551347273402 10.7623065770604 10.7723471666686 10.7042145943269 10.6339304670691 10.8885311321355 10.5349589409307 10.2925504203886 10.1146885473281 10.0981932929717 10.4101687557995 11.7199997380376 11.7049997383729 11.8649997347966 10.443015827518 10.6389507618733 10.4596545188688 10.7917111609131 10.0035248766653 10.191427339334 10.8804986604489
-9999 -9999 -9999 -9999 -9999 -9999 -9999 -9999 -9999 -9999 -9999 -9999 -9999 -9999 -9999 -9999 -9999 5.93499986734241 5.93765657336917 9.7159337028861 10.1598712005652 10.268883316312 10.3169347094372 10.4194921604358 10.4438764494844 10.4947965824977 10.7106692590751 10.4228390236385 10.2896816805005 10.1648914953694 10.3119144146331 10.3463392932899 10.3857844667509 10.5822931490839 10.5120090218261 10.5550401201472 10.4202093454078 10.7601550221443 10.4252296402119 10.7099520741031 10.6532944613136 10.9129154211842 10.8820764673874 10.9179357159883 10.8132267100736 10.7357707330957 10.8899655020796 10.828287594486 10.5285042761825 10.5170293166302 10.3162175244652 10.1347697265446 9.92535171471536 10.2452162122354 10.3674245314673 10.5437085975893 10.1809086264111 9.69011504389346 9.80916774924845 9.85650195740163 9.58970914781094 10.7730643516406
-9999 -9999 -9999 -9999 -9999 -9999 -9999 -9999 -9999 -9999 -9999 -9999 -9999 -9999 6.09499986376613 11.5699997413903 11.9749997323379 10.2349997712299 10.4646748136729 10.5751212993637 10.4316843049601 10.3140659695491 10.467543553561 10.467543553561 10.5708181895316 10.74796287762 10.9200872709043 10.7350535481237 10.7752159065567 10.3226721892133 10.3599658077583 10.3434705534019 10.4553514090367 10.4632404437289 10.3951078713872 10.5328073860146 10.6776787503622 10.5701010045595 10.5148777617142 10.8347422592342 10.7329019932076 10.9638355541974 10.98606828833 10.9631183692254 10.9150669761002 10.8591265482828 10.8146610800177 10.7974486406893 10.8827936523594 10.3778954320587 9.85004729265347 10.2143772584386 10.1849726745859 10.0974761079997 9.92965482454747 12.3349997242913 10.8631427841261 10.6066774381325 10.5870743822306 10.5473901471123 10.5214758634567 9.31000700872391
-9999 -9999 -9999 -9999 -9999 -9999 -9999 -9999 -9999 -9999 -9999 -9999 -9999 9.59741888626013 9.91531112510711 10.3614001777023 10.2538224318996 10.3427533684298 10.7214270336553 10.7601550221443 10.6956083746627 10.828287594486 10.8031861204654 10.6826990451664 10.8153782649897 10.945905929897 10.9337137853727 10.7357707330957 10.8648640280589 10.4625232587568 10.4876247327775 10.7128208139911 10.7178411087953 10.6059602531604 10.6203039526008 10.6518600913696 10.5048371721059 10.4790185131133 10.7558519123122 10.9165013460442 10.9996948027983 11.0563524155878 10.9724417738616 10.8368938141502 10.9545121495612 10.9616839992814 10.9243903807364 10.706366149243 10.8340250742622 10.8196813748218 10.6812646752223 10.669072530698 10.5930509236641 10.3025910099968 9.87658313661814 10.4460280044004 10.4981434457004 10.4498529909179 10.3829157268628 9.49862665636465 9.53376871999353 9.47567673726007
-9999 -9999 -9999 -9999 -9999 -9999 -9999 -9999 -9999 -9999 9.40999978967011 10.0802636686713 10.0601824894547 10.2401959174313 10.1763664549217 11.189999749884 11.1599997505546 11.3399997465312 12.4599997214973 10.8099997583777 10.2401959174313 10.5528885652311 10.6482741665095 10.6066774381325 10.8792077274993 10.8390453690663 10.7565690972842 10.9172185310163 10.9021576466039 10.9337137853727 10.8476515887305 10.6956083746627 10.8182470048778 10.7422253978439 10.6619006809779 10.589464998804 10.4983825073577 10.6360820219852 10.8985717217438 11.0233619068749 11.1029694387689 11.0606555254199 10.9487746697851 10.8426312939264 10.9760276987217 10.8942686119117 10.9000060916878 10.6116977329366 10.8089236002415 10.5191808715463 10.6855677850544 10.6346476520412 10.549302640371 10.4725638483651 9.92965482454747 9.47854547714815 9.32004759833217 9.68509474908933 9.4247566042468 9.55528426915407 9.56891078362241 9.49504073150456
-9999 -9999 -9999 -9999 -9999 -9999 -9999 -9999 -9999 -9999 11.3899997454137 11.5549997417256 11.0849997522309 11.3849997455254 10.3849997678772 10.3449997687712 10.7399997599423 -9999 -9999 9.22999979369342 9.63999978452921 12.8949997117743 11.4349997444078 10.5019684322178 10.6898708948866 11.0219275369309 10.8447828488424 10.9000060916878 10.9294106755406 10.9322794154286 10.6826990451664 10.5622119698673 10.6446882416494 10.7343363631517 10.6360820219852 10.6504257214256 10.6425366867334 10.7630237620324 10.8957029818557 11.0126041322947 11.0900601092726 11.0599383404478 10.7594378371723 10.6238898774609 10.6124149179086 10.3951078713872 10.6977599295788 10.6819818601944 10.6991942995228 10.5944852936082 10.58803062886 10.5399792357348 9.94041259912774 10.390087576583 8.58062989218161 10.5483463937417 10.2122257035226 10.2588427267037 10.707083334215 10.1218603970483 9.29494612431154 9.08481092751026
-9999 -9999 -9999 -9999 -9999 -9999 -9999 -9999 -9999 -9999 -9999 -9999 -9999 -9999 -9999 -9999 -9999 -9999 -9999 -9999 -9999 -9999 -9999 -9999 -9999 11.5099997427315 10.8770561725833 10.8347422592342 10.7701956117526 10.4869075478055 10.627475802321 10.6633350509219 10.6016571433283 10.5686666346155 10.5952024785802 10.5528885652311 10.6224555075169 10.6898708948866 10.6826990451664 10.8541062534787 10.7788018314168 10.7450941377319 10.746528507676 10.6518600913696 10.6059602531604 10.5564744900912 10.5155949466862 10.8835108373314 10.6913052648306 10.5155949466862 10.6848506000824 8.98727377131581 8.67314675357193 9.36020995676517 9.30068360408768 9.74031799193472 9.24761191615835 9.13716543046758 9.0783562627621 9.00018310081214 9.99348428705707 8.22490614606068
-9999 -9999 -9999 -9999 -9999 -9999 -9999 -9999 -9999 -9999 -9999 -9999 -9999 -9999 -9999 -9999 -9999 -9999 -9999 -9999 -9999 -9999 -9999 -9999 -9999 10.6396679468453 10.7450941377319 10.6805474902503 10.586596258916 10.3778954320587 10.5822931490839 10.4711294784211 10.546433900483 10.5155949466862 10.5708181895316 10.4947965824977 10.5579088600352 10.4811700680293 10.4445936344564 10.5593432299793 10.5270699062385 10.5607775999233 10.4460280044004 10.6045258832164 10.6855677850544 10.9222388258204 10.8175298199058 10.4044312760234 10.6224555075169 10.7199926637113 9.50149539625272 10.2652973914519 9.35016936715692 10.1046479577199 10.03006072063 9.16800438426435 9.63489180104807 9.01954709505662 8.96145511232316 9.00950650544837 8.93133334349841 9.07261878298596
-9999 -9999 -9999 -9999 -9999 -9999 -9999 -9999 -9999 -9999 -9999 -9999 -9999 -9999 -9999 -9999 -9999 -9999 -9999 -9999 -9999 -9999 -9999 -9999 -9999 -9999 -9999 10.3549455129541 10.6389507618733 10.6783959353343 10.3025910099968 10.6303445422091 10.667638160754 10.4474623743445 10.6913052648306 10.6016571433283 10.4352702298202 10.7264473284595 10.347773663234 10.5198980565183 10.4596545188688 10.4202093454078 10.3578142528422 10.4316843049601 10.4876247327775 10.5650807097554 10.0745261888951 10.0738090039231 10.1247291369364 10.1806695647538 10.2896816805005 9.82996611343697 9.7754600555636 9.69513533869758 9.48213140200824 9.84502699784935 9.10274055181071 9.00305184070021 9.04177982918918 9.18808556348085 9.11995299113914 9.38746298570186
