EcologicalScience/Bass/data/rs_data_bass/sst_276.asc
NCOLS 226 
NROWS 124 
XLLCORNER -9.41648524995501 
YLLCORNER 47.587301625531 
CELLSIZE 0.0833 
NODATA_value -9999 
[rows 0 to 26 of 124, columns 0 to 61 of 226]
-9999.000000000000000 -9999 -9999 -9999 -9999 -9999 -9999 -9999 -9999 -9999 -9999 -9999 -9999 -9999 -9999 -9999 -9999 -9999 -9999 -9999 -9999 -9999 -9999 -9999 -9999 -9999 -9999 -9999 -9999 -9999 -9999 -9999 -9999 -9999 -9999 -9999 -9999 -9999 -9999 -9999 -9999 -9999 -9999 -9999 -9999 -9999 -9999 -9999 -9999 -9999 -9999 -9999 -9999 -9999 -9999 -9999 -9999 -9999 -9999 -9999 -9999 -9999
-9999 -9999 -9999 -9999 -9999 -9999 -9999 -9999 -9999 -9999 -9999 -9999 -9999 -9999 -9999 -9999 -9999 -9999 -9999 -9999 -9999 -9999 -9999 -9999 -9999 -9999 -9999 -9999 -9999 -9999 -9999 -9999 -9999 -9999 -9999 -9999 -9999 -9999 -9999 -9999 -9999 -9999 -9999 -9999 -9999 -9999 -9999 -9999 -9999 -9999 -9999 -9999 -9999 -9999 -9999 -9999 -9999 -9999 -9999 -9999 -9999 -9999
-9999 -9999 -9999 -9999 -9999 -9999 -9999 -9999 -9999 -9999 -9999 -9999 -9999 -9999 -9999 -9999 -9999 -9999 -9999 -9999 -9999 -9999 -9999 -9999 -9999 -9999 -9999 -9999 -9999 -9999 -9999 -9999 -9999 -9999 -9999 -9999 -9999 -9999 -9999 -9999 -9999 -9999 -9999 -9999 -9999 -9999 -9999 -9999 -9999 -9999 -9999 -9999 -9999 -9999 -9999 -9999 -9999 -9999 -9999 -9999 -9999 -9999
-9999 -9999 -9999 -9999 -9999 -9999 -9999 -9999 -9999 -9999 -9999 -9999 -9999 -9999 -9999 -9999 -9999 -9999 -9999 -9999 -9999 -9999 -9999 -9999 -9999 -9999 -9999 -9999 -9999 -9999 -9999 -9999 -9999 -9999 -9999 -9999 -9999 -9999 -9999 -9999 -9999 -9999 -9999 -9999 -9999 -9999 -9999 -9999 -9999 -9999 -9999 -9999 -9999 -9999 -9999 -9999 -9999 -9999 -9999 -9999 -9999 -9999
-9999 -9999 -9999 -9999 -9999 -9999 -9999 -9999 -9999 -9999 -9999 -9999 -9999 -9999 -9999 -9999 -9999 -9999 -9999 -9999 -9999 -9999 -9999 -9999 -9999 -9999 -9999 -9999 -9999 -9999 -9999 -9999 -9999 -9999 -9999 -9999 -9999 -9999 -9999 -9999 -9999 -9999 -9999 -9999 -9999 -9999 -9999 -9999 -9999 -9999 -9999 -9999 -9999 -9999 -9999 -9999 -9999 -9999 -9999 -9999 -9999 -9999
-9999 -9999 -9999 -9999 -9999 9.81466616736725 9.49762259740382 9.57550888536498 9.46826582588255 9.1221045460552 9.19059571088292 9.25944546819665 9.13286232063547 9.0582750835456 9.1619083120022 9.16298408946022 8.72657703398727 8.89368113246746 8.63764609745704 7.84479811089113 9.16083253454417 9.31195365364796 9.08214709761419 9.0164518757037 10.399867371656 10.9564348156564 10.4971075118519 9.43910030368716 9.44053467363119 9.32219915324822 9.1701559391804 11.6785353968938 11.7513524658047 11.829896844845 12.3249997245148 7.6441044008903 10.2976059865848 12.2299997266382 -9999 9.68352998187765 8.87883540354669 10.3856051705079 13.6906217167852 13.4049997003749 -9999 -9999 -9999 -9999 -9999 -9999 -9999 -9999 -9999 -9999 -9999 -9999 -9999 -9999 -9999 -9999 -9999 -9999
-9999 -9999 -9999 -9999 -9999 9.59508803510107 9.60716064879671 9.49097668332979 9.43623156379908 9.13931698538363 9.10883662407286 9.27701650001109 9.24115725141019 9.16011534957215 9.18378245364875 9.21964170224965 8.88973661512136 9.09772025700659 8.54979093838483 8.35256507107988 8.35471662599593 9.08289843425155 9.11278114141896 9.40860286654372 7.92279914844781 7.83596136748591 9.26817121868953 9.44985807826743 9.13573106052354 8.90551468450576 8.78789634909481 9.29661955591291 7.71591904001044 10.9428684406037 8.88946975559689 10.6700859442454 12.0099997315556 -9999 -9999 11.4471226006746 11.8065278963186 9.65592922689393 9.23692963473303 10.9101183997933 11.8848923075944 11.7795953117311 -9999 -9999 -9999 -9999 -9999 -9999 -9999 -9999 -9999 -9999 -9999 -9999 -9999 -9999 -9999 -9999
-9999 -9999 -9999 -9999 -9999 9.4408932661172 9.5445264945738 9.51966408221051 9.31968900584616 9.38064972846769 9.31933041336015 9.35698262439109 9.33152255788445 9.29100160696544 9.31861322838813 9.35698262439109 9.31897182087414 9.24223302886821 9.14935757499188 7.67482527252287 7.59019744582474 9.36676707650934 9.40917413076386 11.6563147404552 12.1420251186972 8.09618168908304 9.17326374072582 8.78000731440261 8.80152286356315 8.76494642999023 8.07501448690891 8.78502760920674 7.17996764183044 9.10991240153089 9.87552623244885 13.1260145323793 12.4168044951744 12.3099997248501 12.0549997305498 9.13950407711546 11.1231462426484 12.1573445873678 10.4708426044323 8.94720703754574 11.8822626293637 -9999 -9999 -9999 -9999 -9999 -9999 -9999 -9999 -9999 -9999 -9999 -9999 -9999 -9999 -9999 -9999 -9999
-9999 -9999 -9999 -9999 -9999 8.49528488051146 9.52157657546923 9.56998656108044 9.4806970320642 9.58062480483204 9.34981077467091 9.28669849713333 9.29207738442346 9.28024383238517 9.23470258666202 9.22251044213772 9.19274726579897 9.10023040440865 8.99587999098003 8.69000060041435 8.43737219402101 9.20931423865259 8.0187154666055 9.34873499721289 9.52218094482767 9.36762086814269 9.14720602007583 7.64972379850224 9.00914791296236 8.96073792735115 9.4527268181555 8.91232794173993 8.85818047635257 9.2497634710744 8.85602892143652 8.93993956316262 12.7733888632618 10.1314743852508 11.0068313811264 13.0330210132524 9.77595896684848 12.1773125268519 9.38269214654017 -9999 11.5924242760055 11.5808563778763 9.33499979134649 -9999 -9999 -9999 -9999 -9999 -9999 -9999 -9999 -9999 -9999 -9999 -9999 -9999 -9999 -9999
-9999 -9999 -9999 -9999 -9999 9.63173618717119 9.73228552024812 9.8404848263599 9.75011951988563 9.3175374509301 9.26338998554274 9.23613695660606 9.15043335244991 9.08194218762219 9.05289619625546 8.9349192683585 8.86606951104477 8.93671223078854 8.84383677691221 8.84240240696818 9.28347116475925 8.24498732527718 7.8555558854714 9.68617052654736 10.5029724911787 9.2060151877813 8.86427654861473 8.82877589249983 8.86284217867069 9.38674580072984 9.25980406068265 9.2375713265501 8.47592088626698 8.4608600018546 8.4328897879459 9.0582750835456 8.65091401943937 8.53114412911236 7.98178044054657 7.63724477998912 9.10539413620718 12.4538851315156 9.89514764597578 9.31271275202744 7.98458398180082 12.8798015875927 12.0949997296557 -9999 -9999 -9999 -9999 -9999 -9999 -9999 -9999 -9999 -9999 -9999 -9999 -9999 -9999 -9999
-9999 -9999 -9999 -9999 -9999 10.0280286965426 9.94591101724654 9.94758444884792 9.72848443989642 9.77853370544368 9.51942502055317 9.40515354834497 4.86489455215633 9.03747671935707 8.9428083030507 8.89224676252343 8.81228063814342 8.78574479417875 8.68641467555426 8.69753104262054 8.42607653071173 9.13752402295358 8.39631335437298 8.91196934925392 8.38141184439883 9.10274055181071 8.88866083766334 8.70577866979875 9.04464856907725 9.27988523989916 9.18019652878866 9.13644824549556 7.87994017452002 9.10847803158686 9.22466199705377 8.38648792025633 9.21211126004346 9.25430564256385 9.07190159801394 8.72597937984392 8.84276099945419 9.71249876433591 9.25191502599046 13.7262755896896 12.6981800658628 12.039999730885 -9999 -9999 -9999 -9999 -9999 -9999 -9999 -9999 -9999 -9999 -9999 -9999 -9999 -9999 -9999 -9999
-9999 -9999 -9999 -9999 -9999 10.3743095071986 10.142371887248 9.98301338646561 10.1048870193772 8.73554184613749 8.6602374240756 9.52396719204262 8.73482466116548 8.66471983015072 8.60806221736129 8.61935788067058 8.60537277371623 8.72478407155722 8.96432385221124 8.93348489841446 8.76494642999023 8.73633074960671 11.0579727223764 8.79062165198848 9.0054424572736 9.14505446515977 9.16728719929233 8.90981779433787 8.92774741863832 9.00090028578416 8.96002074237913 9.14146854029968 9.01739554014057 8.93850519321859 8.7914822739549 8.90981779433787 9.45191998506198 8.63665996812051 8.77761669782922 9.01739554014057 8.9428083030507 8.86535232607275 13.5934098450791 12.5441765462048 12.2570156834088 12.7021484893747 12.2549997260794 -9999 -9999 -9999 -9999 -9999 -9999 -9999 -9999 -9999 -9999 -9999 -9999 -9999 -9999 -9999
-9999 -9999 -9999 -9999 -9999 10.0892284808215 10.1042381377359 10.1259244452231 10.098432354629 10.0840886551887 9.8022349611856 9.55958737898618 8.54136401496362 9.03628141107038 8.96217229729518 9.1445763418451 8.13651309825946 9.01524398522452 8.98010192159563 8.38340402487665 8.27941220393404 9.40026986020218 9.10283019993221 9.09126559225842 8.97293007187545 8.91985838394612 8.83021026244387 8.90121157467365 8.97221288690343 9.08983122231439 9.2296822918579 9.1859340085648 9.16298408946022 8.93205052847043 8.85029144166037 8.89475690992549 8.38770713470876 8.33499403926544 9.0998120465083 8.87467573070899 8.85316018154845 9.06849496939685 8.80241934477817 11.4559233670669 10.41266203721 12.1299997288734 -9999 -9999 -9999 -9999 -9999 -9999 -9999 -9999 -9999 -9999 -9999 -9999 -9999 -9999 -9999 -9999
-9999 -9999 -9999 -9999 -9999 10.1911882776767 9.50508132111281 10.0783511754125 9.86869410192594 9.52283164917026 9.30092266574502 8.9616941739805 8.86511326441541 8.97006133198738 8.88256476540118 8.9786675516516 8.17201375437435 8.87467573070899 8.9707785169594 8.75131991552189 8.67278816108592 8.9428083030507 8.88543350528926 9.04895167890936 8.96862696204334 8.49241614062339 8.30272071552463 8.835230557248 8.88830224517733 9.13716543046758 9.08552811248228 9.01524398522452 9.24474317627028 9.27988523989916 8.73339029122144 8.46014281688258 7.88496046932414 8.04596849554218 8.27510909410194 8.41496016364545 8.23243658826686 8.75015448994236 13.0351881996002 12.5584724333137 11.8749997345731 -9999 -9999 -9999 -9999 -9999 -9999 -9999 -9999 -9999 -9999 -9999 -9999 -9999 -9999 -9999 -9999 -9999
-9999 -9999 -9999 -9999 -9999 9.21031829761341 9.96479688817635 9.71406902195886 8.8671452885028 8.81228063814342 8.76458783750422 8.58062989218161 8.57489241240546 9.2351807099767 9.13597012218088 9.10489210672677 9.07333596795797 9.02743612974882 9.00735495053232 8.96002074237913 8.955000447575 8.96575822215527 8.93348489841446 9.00090028578416 9.02743612974882 8.0308358926326 8.13525802455842 8.68031860329211 8.82518996763974 8.80439160345122 8.86965543590486 8.49887080537155 8.89260535500944 8.92487867875025 8.835230557248 8.68749045301229 7.89500105893239 8.6799600108061 8.60198953156562 12.7784260330064 11.3132416259581 12.5801062550837 11.5493727634305 12.1651889826293 11.1357584910289 11.9181902876275 -9999 -9999 -9999 -9999 -9999 -9999 -9999 -9999 -9999 -9999 -9999 -9999 -9999 -9999 -9999 -9999
-9999 -9999 -9999 -9999 -9999 8.66740927379578 9.92057048156857 9.96001565502957 9.65382548430935 9.62150434823707 9.50651569105685 8.74056214094162 8.57453381991945 9.31646167347208 9.18306526867673 9.34443188738078 9.36020995676517 9.28849145956337 8.70542007731274 8.89188817003742 9.03819390432909 8.83236181735992 8.87826165556908 9.01165806036443 8.56011840198189 9.20219020126387 8.1156549686566 8.84096803702414 8.00401317467913 8.63011565525085 8.85029144166037 8.569633055944 8.28180282050744 8.2165389880538 7.85506922424039 8.5367381718941 8.24235764704645 8.14410330587998 9.05801894605559 12.8206805715648 14.1054893422027 10.9994208220225 12.3151692852433 -9999 -9999 -9999 -9999 13.2249997043982 13.2249997043982 -9999 -9999 -9999 -9999 -9999 -9999 -9999 -9999 -9999 -9999 -9999 -9999 -9999
-9999 -9999 -9999 -9999 -9999 9.804625577759 9.71210871636868 9.75274919811636 9.71928056608886 9.85913163563237 9.86606442369521 9.92224391316995 10.1206650887616 9.98439994407818 9.68987598223612 9.50006102630869 9.22466199705377 9.11995299113914 8.30666523287073 8.22634051600471 8.79721975373104 9.00592058058828 9.23470258666202 8.68193226947915 8.80539566241205 7.62663044240326 8.35597169969697 8.70685444725677 7.55194758065045 6.70289619844407 7.80596766740616 8.69221192074474 8.8355174312368 8.22634051600471 8.91483808914199 8.47771384869702 9.36441061160128 12.1492626257241 8.47005300922319 -9999 -9999 -9999 -9999 -9999 -9999 -9999 -9999 -9999 -9999 -9999 -9999 -9999 -9999 -9999 -9999 -9999 -9999 -9999 -9999 -9999 -9999 -9999
-9999 -9999 -9999 -9999 -9999 9.84072388801724 9.84263638127595 9.75800855457783 9.83689890149981 9.69346190709621 10.0028076916933 10.1562852757052 10.0905433199368 9.80438651610166 8.72478407155722 8.48524429090321 8.92846460361034 9.09987181192264 9.29279456939548 9.09532964043319 9.35357599577401 9.12640765588731 9.32058548706118 9.29010512575042 8.75873082689941 8.80510878842324 8.54405345860869 8.75436795165297 8.09939877595752 7.87953035453601 8.75920895021409 8.86033203126863 8.97508162679151 9.00520339561626 8.01166314771399 8.05636767763644 8.53132342535537 8.45758144198252 13.5949773087348 11.5887534708266 11.6199997402728 -9999 -9999 -9999 -9999 -9999 -9999 -9999 -9999 -9999 -9999 -9999 -9999 -9999 -9999 -9999 -9999 -9999 -9999 -9999 -9999 -9999
-9999 -9999 -9999 -9999 -9999 10.0914995665662 9.95810316177085 9.76972257578745 9.831400483381 9.82064270880073 9.84622230613604 10.0723746339791 9.98870305391029 9.85315509419888 9.79338967986405 9.62748088967055 9.36020995676517 9.08481092751026 9.48117515537888 9.59401225764304 9.35016936715692 9.33008818794042 9.592398591456 9.25998335692566 9.04417044576257 8.33786277915351 8.06569108227268 7.75425350817386 8.05206456780434 8.48309273598716 8.21199681656435 9.28347116475925 8.79112368146889 8.12426118832082 8.33535263175145 7.59378337068483 8.21988585125655 7.719828629517 9.8870898964582 9.86464297600292 11.3286122909488 -9999 13.1155789276164 9.60185709217704 9.09976935692664 12.1599997282028 -9999 -9999 -9999 -9999 -9999 -9999 -9999 -9999 -9999 -9999 -9999 -9999 -9999 -9999 -9999 -9999
-9999 -9999 -9999 -9999 -9999 10.2473677671514 10.082893346902 9.97531560109928 9.87228002678603 9.69991657184437 9.72669147746637 9.94453641271684 10.0369935086928 9.95834222342819 9.92983412079047 9.91047012654599 9.84413051663432 9.98057495756075 9.86241873342078 9.99258780584205 9.89343698346056 9.31215856363997 9.82387004117481 9.53018279513344 8.50102236028761 8.78807564533781 8.55481123318896 8.45010222727433 7.71749777835794 8.01835687411949 8.76556115996625 7.62498091696762 7.70100252400152 7.9946897700429 7.90862757340074 8.55380717422813 8.89192801364698 9.05155147443293 8.83361689106096 9.27998769489516 8.08182774414308 8.19442578474991 8.35639005759731 8.16143527603708 8.4967192504555 13.1609387471998 12.8849997119978 -9999 -9999 -9999 -9999 -9999 -9999 -9999 -9999 -9999 -9999 -9999 -9999 -9999 -9999 -9999
-9999 -9999 -9999 -9999 -9999 10.1008827366168 9.81992552382872 10.0990897741867 10.029164239415 10.0332880530041 9.98039566131774 10.0037041729083 10.0209166122368 9.96246603701729 9.88823739241343 10.0368739778642 10.1075166976079 10.0551621946506 9.88734091119841 9.9147732363781 9.82494581863284 9.81311226659454 9.83839303685818 9.70445874333382 9.28490553470328 8.70828881720081 8.64302498474717 9.03030486963689 9.03245642455295 8.95978168072179 7.60023803543299 7.88496046932414 7.84551529586315 7.95739615149796 7.97532577579841 7.82471693167463 7.76519057899714 7.92942593758926 7.95811333646998 8.33057139860466 8.21020385413431 8.25036621256731 8.48524429090321 8.5234941560775 7.77567631789836 10.9044350234449 -9999 -9999 -9999 -9999 -9999 -9999 -9999 -9999 -9999 -9999 -9999 -9999 -9999 -9999 -9999 -9999
-9999 -9999 -9999 -9999 -9999 10.032391571789 10.030240016873 9.40921759651974 9.97967847634573 10.1254463219084 10.110564733739 10.0365153853782 10.0589274157537 10.0646648955299 10.0600031932117 10.0592860082397 9.98583431402221 9.87747961783316 9.92015212366823 9.91961423493922 9.93001341703348 9.98236791999079 9.86528747330885 9.92377390777692 9.15724660968408 9.21462140744552 9.20744955772534 9.19023711839691 9.0625781933777 9.03532516444102 8.98344878479838 7.95524459658191 9.03532516444102 8.19908748706803 8.11015655053779 8.32244330225512 9.22466199705377 7.98106325557455 7.90647601848468 8.6003524789121 8.45332955964841 8.17757193790749 8.06999419210479 12.1053549679928 8.10317343370499 9.03414693198699 12.2342746976431 -9999 -9999 8.86517302982975 -9999 -9999 -9999 -9999 10.9150669761002 -9999 -9999 -9999 -9999 -9999 -9999 -9999
-9999 -9999 -9999 -9999 -9999 9.74085588066373 9.60668252548203 9.44077373528853 9.61385437520221 10.0962210342987 10.030957201845 9.96156955580227 9.97143084916752 10.0845667785034 10.069326597848 9.90742209041491 9.83092236006632 9.80964587256312 9.81944740051404 9.83689890149981 9.87825656821951 9.88351592468098 9.84646136779338 8.87467573070899 9.2017120779492 9.28275397978723 9.20529800280929 8.99014251120389 8.96934414701536 9.04464856907725 9.13214513566345 9.00233465572819 7.91723379306495 8.25144199002534 8.46588029665872 8.80941189825535 8.01835687411949 9.42414187427078 8.94663328956813 8.79267758224159 8.96551916049793 8.76580705195665 13.4199849044089 8.43154506612336 9.32800183165818 10.0160243861776 11.2048097047955 9.08404628176804 9.12968877713429 9.06899699887726 -9999 -9999 -9999 9.79421267901227 9.62975393493706 -9999 -9999 -9999 -9999 -9999 -9999 -9999
-9999 -9999 -9999 -9999 -9999 9.45111315196846 9.65174564789049 9.70159000344574 10.2234616014175 10.1134932390414 9.93682667426765 9.88662372622639 10.0721355723217 9.98380228993483 10.0524727510056 9.87490970501676 9.89044871274382 9.86534723872319 9.51416566409171 9.16011534957215 9.39033172558993 9.54524367954582 9.52874842518941 9.14672789676115 9.20027770800516 9.17661060392857 9.14146854029968 9.0783562627621 8.98870814125985 8.81514937803149 9.08983122231439 9.40491448668763 8.20769370673224 7.98966947523877 9.12067017611116 8.38842431968078 7.35496077500284 7.80965604726225 8.17972349282354 8.01799828163348 8.41352579370141 11.6513768807054 9.43828066371914 9.48622960184834 9.34730062726885 10.4148635198362 -9999 12.6306553931641 11.5899828588299 9.90508021456212 8.21999827484676 8.40704948975151 -9999 9.05244565697817 6.93064104471212 -9999 -9999 -9999 -9999 -9999 -9999 -9999
-9999 -9999 -9999 -9999 -9999 9.51583909569308 10.2600380349904 10.1261635068804 9.9350337118376 9.59903255244717 9.26396373352036 9.44967878202442 9.31108278618194 9.76398509601131 10.0087244677125 9.86833550943993 9.5882747778669 9.65569016523659 9.4649189626798 9.11134677147493 9.27127902023494 9.21031829761341 9.12784202583134 9.10130618186668 9.15652942471206 9.27804104997111 9.05277666542679 9.06401256332174 8.81801811791956 9.46157209947705 9.40431683254428 9.4381440570578 8.29016997851431 8.26004820968956 8.25000762008131 7.51991331856698 9.02456738986075 9.08457186585292 9.96466691290634 6.35689870128408 11.0994565207623 11.3883612453006 9.30642108386382 9.38483330747113 12.2087662106247 8.47090059146285 -9999 13.0149997090921 8.19784020885582 10.6295675918227 9.26654882272287 9.25091872038068 13.4904394438616 12.3744608606464 11.3915712463059 -9999 -9999 -9999 -9999 -9999 -9999 -9999
-9999 -9999 -9999 -9999 -9999 9.49217199161649 10.1548509057611 9.95834222342819 9.62377543398179 9.79960528295487 9.83235673001036 9.73768831370398 9.32757804053836 9.47854547714815 9.69370096875355 9.45392212644219 9.39080984890461 9.47424236731604 9.66250342247076 9.3853114307858 9.19860427640378 8.84125491101295 9.23231197008863 9.22548163702179 9.17445904901251 9.25550095085055 9.35518966196105 8.90766623942181 8.88973661512136 9.1701559391804 9.19238867331296 9.1898785259109 8.6200750656426 8.3253120421432 9.63005080248695 9.58079556315871 9.05440639758543 9.35490148398094 7.8349998248741 9.6114975390804 9.87192143430002 8.63513595005497 9.14003417035565 9.11134677147493 9.35375529201701 8.58399018581454 8.82554856012575 -9999 8.37449044022443 8.53526794270147 8.80277793726418 14.9082052445669 8.36998242040032 13.4063285072334 13.4211407675222 13.8699996899813 -9999 -9999 -9999 -9999 -9999 -9999
-9999 -9999 -9999 -9999 -9999 9.94417782023083 6.63490706309676 9.42457730800379 9.45057526323944 9.60548721719533 9.73936174530536 9.49916454509366 9.29853204917163 9.44746746169403 9.19669178314507 9.12162642274052 9.4022848084569 8.74988554557785 8.49648018879816 8.93013803521171 9.02432832820341 8.68247015820816 8.65127261192538 9.2229885654524 9.27797274664044 9.40300199342892 9.44005655031651 8.90479749953374 8.93778800824657 9.15509505476803 8.80152286356315 8.52397227939218 8.46014281688258 9.79864903632551 9.38858999065789 6.7870881973515 9.49965120632467 10.1055607385933 -9999 11.0096397677436 9.60948296203943 9.29136019945145 9.21533859241754 9.13788261543959 7.90093413461 9.15571869387413 -9999 7.22515029506758 8.31646676082164 8.178199474758 8.63633125834167 8.24140140041709 8.58224355836865 8.54172260744963 14.0149996867403 -9999 -9999 -9999 -9999 -9999 -9999 -9999
