EcologicalScience/Bass/data/rs_data_bass/sst_225.asc
NCOLS 226 
NROWS 124 
XLLCORNER -9.41648524995501 
YLLCORNER 47.587301625531 
CELLSIZE 0.0833 
NODATA_value -9999 
[rows 54 to 80 of 124, columns 0 to 61 of 226]
-9999 -9999 -9999 -9999 -9999 -9999 -9999 -9999 -9999 -9999 -9999 -9999 -9999 -9999 -9999 -9999 -9999 -9999 -9999 -9999 -9999 -9999 -9999 -9999 -9999 -9999 -9999 -9999 -9999 -9999 -9999 -9999 -9999 -9999 -9999 -9999 -9999 -9999 12.6348765389994 10.1264503808692 9.40413753630128 10.708338407916 11.5763115203008 11.9732734023128 12.1364329834469 12.0062639110256 11.9574953329284 12.2895519749727 11.1201818780974 11.0126041322947 11.0169072421268 11.0742820398882 10.2215491081588 9.98846399225295 9.44340341351926 11.4156620865688 10.8734702477232 10.8195618439931 15.2008831781282 11.6904933927383 -9999 12.7804119635063
-9999 -9999 -9999 -9999 -9999 -9999 -9999 -9999 -9999 -9999 -9999 -9999 -9999 -9999 -9999 -9999 -9999 -9999 -9999 -9999 -9999 -9999 -9999 -9999 -9999 -9999 -9999 -9999 -9999 -9999 -9999 -9999 -9999 -9999 -9999 -9999 -9999 -9999 13.1899997051805 9.99133273214102 9.96300392574631 10.4913899538806 11.1581926816143 11.2392345834523 11.7498702835292 12.0331583474763 11.9592882953584 12.2985167871229 11.064958635252 12.300668342039 12.3350932206959 12.1217306915205 10.1620227554813 10.0487075299025 9.9748374777846 9.96909999800846 10.8734702477232 12.0132459176649 6.10945924362468 13.6649996945634 -9999 15.5349996527657
-9999 -9999 -9999 -9999 -9999 -9999 -9999 -9999 -9999 -9999 -9999 -9999 -9999 -9999 -9999 -9999 -9999 -9999 -9999 -9999 -9999 -9999 -9999 -9999 -9999 -9999 -9999 -9999 -9999 -9999 -9999 -9999 -9999 -9999 -9999 -9999 -9999 -9999 -9999 10.2350321856327 9.82494581863284 10.6651280133519 11.0434430860914 11.1646473463625 11.6028473642655 11.9083681623451 11.8603167692199 11.9356211912818 12.1299783186987 12.1783883043099 11.9141056421213 11.8169270784128 11.7627796130255 11.6985915580299 11.6896267458797 11.1284295052756 11.5631631291471 11.3994058938697 11.9299214580832 6.19373629192605 -9999 -9999
-9999 -9999 -9999 -9999 -9999 -9999 -9999 -9999 -9999 -9999 -9999 -9999 -9999 -9999 -9999 -9999 -9999 -9999 -9999 -9999 -9999 -9999 -9999 -9999 -9999 -9999 -9999 -9999 -9999 -9999 -9999 -9999 -9999 -9999 -9999 -9999 -9999 -9999 -9999 13.8199996910989 8.83738211216405 7.21726126037538 11.7290719193406 11.6552018672228 11.6939298557118 12.2648090934381 12.1852015615441 12.3532619066536 11.8922315004747 12.2002624459565 12.3695180993527 10.8723944702651 11.8003122932278 11.7459257661831 11.479252487421 11.426419861149 10.6188695826568 9.90168461063877 8.8632007711567 8.71029693512246 8.33779106065631 -9999
-9999 -9999 -9999 -9999 -9999 -9999 -9999 -9999 -9999 -9999 -9999 -9999 -9999 -9999 -9999 -9999 -9999 -9999 -9999 -9999 -9999 -9999 -9999 -9999 -9999 -9999 -9999 -9999 -9999 -9999 -9999 -9999 -9999 -9999 -9999 -9999 -9999 -9999 -9999 -9999 8.22920925589278 8.31025115773082 11.1165959532373 11.6846064510755 6.18021179083735 6.18021179083735 12.0252693127841 12.2526169489138 12.0751136683393 12.2124545904808 12.422231194796 12.2100639739074 11.9169743820094 11.6602221620269 11.7034923220053 11.3966566848103 11.2631407491863 10.8598437332548 10.271034871228 9.04149295520037 8.72449719756842 10.8499997574836
-9999 -9999 -9999 -9999 -9999 -9999 -9999 -9999 -9999 -9999 -9999 -9999 -9999 -9999 -9999 -9999 -9999 -9999 -9999 -9999 -9999 -9999 -9999 -9999 -9999 -9999 -9999 -9999 -9999 -9999 -9999 -9999 -9999 -9999 -9999 -9999 -9999 -9999 -9999 -9999 8.03298744754866 8.81012908322737 6.59976499946788 6.81492049107328 7.79531234782189 11.9212774918415 12.0371028648224 11.9463789658621 12.3276823093183 12.3723868392408 12.5077555027092 12.0747550758533 12.1629688274115 11.6265144683421 11.386257502716 11.2927843946964 10.8694540118799 10.7231004652567 11.6681111967191 13.4340596594848 -9999 -9999
-9999 -9999 -9999 -9999 -9999 -9999 -9999 -9999 -9999 -9999 -9999 -9999 -9999 -9999 -9999 -9999 -9999 -9999 -9999 -9999 -9999 -9999 -9999 -9999 -9999 -9999 -9999 -9999 -9999 -9999 -9999 -9999 -9999 -9999 -9999 -9999 -9999 -9999 -9999 11.4739931309596 9.90498366151005 10.1566438681912 10.3933149089571 10.6324960971251 6.81994078587741 6.60693684918806 11.8520691420417 11.902989275055 11.9470961508341 12.2358826329 12.2379146569874 11.5598162659444 11.8576870909892 11.8211106574163 11.8262504830491 12.0680955011132 11.0695486190729 14.7999996691942 10.5328454749397 9.41005431232043 8.65187026606873 8.35901973582804
-9999 -9999 -9999 -9999 -9999 -9999 -9999 -9999 -9999 -9999 -9999 -9999 -9999 -9999 -9999 -9999 -9999 -9999 -9999 -9999 -9999 -9999 -9999 -9999 -9999 -9999 -9999 -9999 -9999 -9999 -9999 -9999 -9999 -9999 -9999 -9999 -9999 -9999 -9999 10.7831049412489 10.6826990451664 10.6039879944874 11.3545220677042 10.8881725396495 11.7337336216588 11.9700460699387 6.54525894159451 12.0421231596265 12.2726981281303 12.3677251369227 11.8552964744158 11.8383230967447 12.2174748852849 11.4271370461211 11.9314973776927 7.04513686709106 11.03818372963 11.5496732213401 10.7355914368527 7.47975096013397 9.43240657728165 8.44269131589681
-9999 -9999 -9999 -9999 -9999 -9999 -9999 -9999 -9999 -9999 -9999 -9999 -9999 -9999 -9999 -9999 -9999 -9999 -9999 -9999 -9999 -9999 -9999 -9999 -9999 -9999 -9999 -9999 -9999 -9999 -9999 -9999 -9999 -9999 -9999 -9999 -9999 -9999 14.3527394569745 11.4429151155055 11.2725836846512 11.5149922051933 11.624721505912 11.7086321476381 11.8370082576293 11.9908444341272 12.1341379915364 11.9901272491552 12.0355489640497 12.0733207059093 11.9965819139034 12.1371501684189 12.2189092552289 12.2856074576266 11.3772926905658 11.0594602171332 11.0718914233148 10.8021103430074 10.9671824174002 9.96192814828828 9.77438427810557 9.84628207155038
-9999 -9999 -9999 -9999 -9999 -9999 -9999 -9999 -9999 -9999 -9999 -9999 -9999 -9999 -9999 -9999 -9999 -9999 -9999 -9999 -9999 -9999 -9999 -9999 -9999 -9999 -9999 -9999 -9999 -9999 -9999 -9999 -9999 -9999 -9999 -9999 -9999 -9999 10.6045258832164 10.5729697444476 10.9638355541974 11.2951750112697 11.9098025322892 11.9718390323687 12.2827387177385 11.9657429601066 11.6006958093494 11.7355265840888 12.4003570531495 12.6449171286076 12.4914395445958 11.6508987573907 11.6869970676489 12.1482665354852 11.4388510673307 11.4627572330646 11.3013906143606 11.1120537817478 10.6805474902503 10.138594713062 8.8777835322544 8.5577995039057
-9999 -9999 -9999 -9999 -9999 -9999 -9999 -9999 -9999 -9999 -9999 -9999 -9999 -9999 -9999 -9999 -9999 -9999 -9999 -9999 -9999 -9999 -9999 -9999 -9999 -9999 -9999 -9999 -9999 -9999 -9999 -9999 -9999 -9999 -9999 -9999 -9999 14.4752153645489 9.62485121143982 10.6160008427687 10.8017517505214 10.8505203286186 12.0302896075882 10.9315622304566 11.6107363989577 12.3038956744131 12.3551743999124 11.8421480832621 11.821588780731 11.9270149716176 11.9908444341272 11.7649311679415 12.1726508245338 12.0245521278121 11.7790358057246 11.3033031076193 11.3575701038353 11.0874304310419 10.9351481553167 10.4928840892389 10.0023295683786 8.63645078917034
-9999 -9999 -9999 -9999 -9999 -9999 -9999 -9999 -9999 -9999 -9999 -9999 -9999 -9999 -9999 -9999 -9999 -9999 -9999 -9999 -9999 -9999 -9999 -9999 -9999 -9999 -9999 -9999 -9999 -9999 -9999 -9999 -9999 -9999 -9999 -9999 -9999 9.32219915324822 9.98989836219698 10.4008453511633 10.7278816984035 11.0527664907277 11.7627796130255 11.9664601450786 11.9528336306103 8.06999419210479 12.5653095967136 12.0283771143295 12.3214667062275 12.0299310151022 12.024193535326 11.6783908479847 12.0202490179799 12.1995452609845 12.1187424208038 11.437655759044 10.9380168952048 10.8397625540383 10.653533522971 9.82661925023422 9.53137810342014 9.13257544664666
-9999 -9999 -9999 -9999 -9999 -9999 -9999 -9999 -9999 -9999 -9999 -9999 -9999 -9999 -9999 -9999 -9999 -9999 -9999 -9999 -9999 -9999 -9999 -9999 -9999 -9999 -9999 -9999 -9999 -9999 -9999 -9999 -9999 -9999 -9999 6.20185579103765 10.3700063973665 10.1749320849776 10.5385448657908 10.3714407673106 10.5213324264623 10.8505203286186 11.06782737514 11.105120993685 11.4780571791343 11.3772926905658 8.14027831936255 11.9119540872052 11.9972990988754 12.5733420684002 11.9069337924011 11.8517105495557 11.861392546678 11.8108310061507 11.5910138122272 10.599983711727 10.403475029394 10.5332855093293 10.6334523437545 8.89882095810026 9.39176609553397 9.49988173006568
-9999 -9999 -9999 -9999 -9999 -9999 -9999 -9999 -9999 -9999 -9999 -9999 -9999 -9999 -9999 -9999 -9999 -9999 -9999 -9999 -9999 -9999 -9999 -9999 -9999 -9999 -9999 -9999 -9999 -9999 -9999 -9999 -9999 -9999 -9999 15.622634980761 9.53018279513344 9.86080506723374 10.2186803682707 10.268883316312 10.2251350330189 10.5528885652311 10.8146610800177 10.9114810512401 10.9631183692254 11.7075563701801 12.0267036827281 12.3254112235736 12.1990671376698 11.305215600878 12.0253717677801 11.6333277255762 11.8584042759612 11.1211381247267 11.3472904525697 10.5987884034403 10.4111250024289 10.2705567479134 9.64015115750954 9.29375081602484 9.48308764863759 9.43073314568028
-9999 -9999 -9999 -9999 -9999 -9999 -9999 -9999 -9999 -9999 -9999 -9999 -9999 -9999 -9999 -9999 -9999 -9999 -9999 -9999 -9999 -9999 -9999 -9999 -9999 -9999 -9999 -9999 6.42948751518017 9.99774520953788 12.5755047583103 10.6693594046868 11.106196771143 11.9891650997689 11.3018184089053 11.4347392068245 11.1397251685848 9.56532485876232 9.92535171471536 11.7885982720181 11.8355738876853 11.9496062982362 11.6702627516352 11.4031113495585 11.1151615832932 11.7278168456396 11.8713136054575 10.9602496293373 11.9098025322892 11.3152561904863 11.784295162186 11.5705740405247 10.8397625540383 11.2862101991195 11.1299834060483 10.9478184231557 10.6367992069572 10.070940264035 9.94077119161375 9.75956245535053 10.0542059480213 10.5980160503935
-9999 -9999 -9999 -9999 -9999 -9999 -9999 -9999 -9999 -9999 -9999 -9999 -9999 -9999 -9999 -9999 -9999 -9999 -9999 -9999 -9999 -9999 12.6826019389555 10.7073702082038 10.443637387827 10.1528427878395 10.5844447039999 9.99993895180523 11.0290993866511 11.0919726025313 11.1089459802024 10.6561632012017 10.7537003573962 10.7666096868925 10.8128681175876 10.906460756436 11.2481993956026 11.3672521009576 11.5680638931226 11.7351679916028 12.0202490179799 11.9277321565896 12.3989226832055 12.1170689892024 10.8053376753815 11.8566283893638 12.3476439577062 10.7450941377319 11.0398571612313 11.9731538714841 10.4897762876935 11.3272092733532 11.2459283098578 10.8710796311498 11.079421865521 10.6437319950201 10.400606289506 10.1971648191102 9.98989836219698 14.1449996838346 -9999 -9999
-9999 -9999 -9999 -9999 -9999 -9999 -9999 -9999 -9999 -9999 -9999 -9999 -9999 -9999 -9999 -9999 -9999 -9999 -9999 -9999 -9999 8.98537323113997 11.0302946949378 10.9655089857988 10.9729198971763 10.7996001956053 10.6685944073834 10.573925991077 9.65497298026457 10.2122257035226 10.2050538538024 10.5363933108747 10.6185109901708 10.7343363631517 10.6798303052783 10.270317686256 9.50508132111281 10.2552568018436 11.6688283816911 11.7480773210991 11.9528336306103 10.8397625540383 10.8784905425273 11.0699789300561 11.7565042445203 12.0377005189657 11.5184585992247 11.3441826510243 11.8949807095341 11.396776215639 10.7501144325361 10.9243903807364 11.1003397605382 10.6965646212921 11.1783390594646 12.4861801881343 15.3049996579066 -9999 -9999 -9999 -9999 -9999
-9999 -9999 -9999 -9999 -9999 -9999 -9999 -9999 -9999 -9999 -9999 -9999 -9999 -9999 -9999 -9999 -9999 6.88018432352692 10.8437346554218 13.9511978366412 10.6411023167893 10.9052654481493 11.1921394369565 11.0723695466295 10.7675659335218 10.6977599295788 10.8153782649897 11.0209712903015 10.9695730339736 9.6162449917756 10.7196340712253 10.8588874866255 10.9296497371979 11.0298165716231 11.5899380347691 11.6301003932022 11.744132803753 11.7333750291727 11.7799920523539 10.7684026493225 11.5232398323715 12.0102084283717 11.9234290467575 12.2273720378987 11.7211828846484 12.0794167781714 8.91483808914199 10.6898708948866 10.7709127967246 10.4947965824977 11.1751660592854 10.110206141253 13.634999695234 -9999 -9999 -9999 -9999 -9999 -9999 -9999 -9999 -9999
-9999 -9999 -9999 -9999 -9999 -9999 -9999 -9999 -9999 -9999 -9999 -9999 -9999 6.17037127492748 -9999 -9999 8.07499981950969 10.6525772763416 10.5805001866538 10.5320902010426 10.5010121855885 10.8053376753815 10.9702902189456 10.601418081671 10.9150669761002 10.9678996023722 10.8457390954718 10.8658202746883 9.84502699784935 11.1421755505726 11.1119342509191 9.19525741320103 11.0950804040767 11.106555363629 11.1711020111106 11.6085848440416 12.2933530553244 12.0602679394186 12.2817824711092 10.7027802243829 10.7185582937673 12.0518051567487 12.0987807724159 11.6910611158237 11.7107837025542 11.8771706160624 11.4563025683165 11.1345255775377 10.9301278605126 10.9146571561162 10.892356118653 14.0799996852875 -9999 -9999 -9999 -9999 -9999 -9999 -9999 -9999 -9999 -9999
-9999 -9999 -9999 -9999 -9999 -9999 -9999 -9999 -9999 -9999 -9999 -9999 -9999 14.6683078302303 9.63513086270541 10.390087576583 10.4209265303798 10.5916165537201 10.6583147561178 8.73482466116548 10.5952024785802 10.9282153672539 10.9401684501208 11.0384227912873 10.9975432478823 11.0384227912873 11.1945300535299 10.9728003663477 10.9150669761002 11.0868327768985 11.2612282559276 10.987502658274 11.346095144283 11.2722250921652 11.2528610979207 9.59903255244717 11.6965595339425 11.8815932567231 11.8084403895773 11.7227606915869 12.2509435173124 11.6510780536337 11.8384426275734 11.4863048063125 11.5809732226189 11.7721030176617 11.3722723957617 11.2772453869693 10.9602496293373 10.8888897246215 10.9763862912077 10.6733756405301 13.8799996897578 -9999 -9999 -9999 -9999 -9999 -9999 20.1598886304003 19.3499995674938 -9999
-9999 -9999 -9999 -9999 -9999 -9999 -9999 -9999 -9999 -9999 17.5236590383763 11.8326812416315 9.33510848274454 10.2875301255845 10.309762859717 10.6303445422091 10.8325907043181 10.707083334215 10.6497085364535 10.7701956117526 10.7544175423682 10.7207098486833 10.8967787593137 10.9552293345332 11.2951750112697 11.1797082307748 11.2198705892079 11.1883144504391 11.2736594621092 11.4906079161447 11.7599108731374 11.0140385022387 11.4084902368486 11.3252967800945 11.6081067207269 11.5730841879267 11.2095909379423 9.61983091663569 11.000890111085 11.7100665175822 10.1197088421322 11.8375102871098 12.0482192318887 10.4496139292605 11.6042817342095 11.5268257572316 11.5332804219797 11.5501342688221 10.9100466812961 11.0133213172667 11.1255607653875 11.9381313386839 7.67846878157779 -9999 -9999 -9999 12.9812195056863 11.544755381532 11.6992370245047 11.8210403451641 11.9651101498372 17.7899996023625
-9999 -9999 -9999 -9999 -9999 -9999 -9999 19.1255289025175 9.92496921606362 10.5381350458067 8.14494002168067 9.12748343334533 9.53412731247954 9.83032470592298 10.4646748136729 8.71474348194897 10.307611304801 10.6884365249425 10.5148777617142 10.7300332533196 10.946264522383 10.9398098576348 11.0699789300561 10.8881725396495 11.2550126528367 10.9588152593933 11.3389232945628 10.34992521815 11.5065055163577 11.2313455487601 11.2044511123095 11.4525971126277 11.544576085289 11.1605235327734 11.609541090671 11.584917739965 11.3100924586877 11.7911084194202 11.7767647199798 9.50508132111281 9.50508132111281 11.7009582684375 11.6763588238973 11.7760475350078 11.6501815724187 11.625438690884 11.7000259279739 11.6082262515556 11.3292412974406 11.5215664007701 11.505668800557 11.6917783007957 12.0800622446463 9.74219370647692 11.3651005460415 11.8488418096676 10.998021371197 11.9032044305466 11.92644122364 10.7414057578758 9.94901881879196 14.5734918811179
-9999 -9999 -9999 -9999 -9999 8.89977720472962 9.71736807283014 10.2330240677111 10.3628345476463 7.91077912831679 7.95811333646998 9.18916134093888 8.19048126740381 8.37910091504455 8.39201024454087 8.3532822560519 8.25717946980149 10.6507843139116 10.8092821927276 10.9340723778587 9.31502730352804 10.828287594486 11.024796276819 11.0706961150281 10.2516708769836 11.3970152772963 11.2808313118294 11.1370357249398 11.1682332712226 11.1603442365304 11.1603442365304 11.3919949824922 11.1083483260591 11.4512822735123 11.7717444251757 12.0702726697782 11.6018433053046 11.7876420253888 11.7957701217383 11.7211828846484 11.7523804309312 11.5720084104687 11.7774819049519 11.6200598035939 11.5590990809724 11.6272316533141 11.5411694566719 11.4891735462006 11.3141804130282 11.8299559387378 11.5088961329311 10.9626402459107 10.1197088421322 10.109668252524 11.1354818241671 11.0788242113777 11.1151615832932 11.8423871449195 11.3293608282693 10.5841578300111 10.7878861743957 11.7395223289329
-9999 -9999 -9999 -9999 -9999 10.3413189984858 9.86869410192594 8.53042694414034 10.271034871228 10.3456221083179 10.3743095071986 10.3786126170307 10.4596545188688 10.4847559928894 8.32316048722714 8.4092226838693 8.49026458570734 10.7443769527599 9.22681355196983 9.35375529201701 10.1204260271043 10.9017990541179 10.7537003573962 11.186521488009 11.3299584824126 11.3389232945628 11.1797082307748 10.151264980901 9.04823449393734 9.51153598586097 11.3962980923243 11.3152561904863 11.6089434365276 11.3410748494789 11.625438690884 11.8440605765209 11.2091128146276 11.4077730518766 11.4156620865688 11.6853236360475 11.3872137493454 11.476383747533 11.7236930320505 11.3001953060739 11.6984720272012 11.6284269616008 11.6458784625866 11.5117648728192 11.8890041681007 11.7412640638649 10.8715577544644 11.6301003932022 11.2478408031166 10.8431094172411 11.2877640998922 11.4689728361554 11.78214360727 11.7541733933613 11.133330269251 11.2315846104175 11.396776215639 11.0723695466295
-9999 -9999 -9999 -9999 -9999 9.60763877211139 10.311197229661 10.1225775820203 10.0795464836992 9.78478346019983 8.64445935469121 9.75107576651499 10.1760078624357 8.81371500808746 9.16872156923637 8.08003478171304 7.47186192544177 10.5127262067981 10.8698843228631 11.0498977508396 11.1320154301357 11.0825296670664 11.0864741844125 10.985351103358 11.4267784536351 11.6967985955998 11.6128879538737 11.5687810780946 11.4346674883272 11.5967512920033 9.25478376587853 9.22035888722166 9.37527084117755 11.7484359135851 11.2177190342918 11.4032906458015 10.9181150122313 11.5913724047132 11.6293832082301 11.504593023099 11.6143223238178 11.8689229888842 11.8992838193662 11.7878810870461 11.8612730158493 11.8206325341016 11.6677526042331 10.7777260539588 12.1335642435588 12.2899105674587 12.220343625173 10.5901821837761 11.1405021189712 11.3893653042614 11.5528834778816 11.5033977148123 11.8995228810236 12.062562931329 11.5689006089233 10.2574083567597 11.4087292985059 11.4197261347435
-9999 -9999 -9999 -9999 -9999 8.58780174190179 8.68247015820816 8.92989897355437 8.22132022120059 10.7271645134315 10.3051011573989 10.308328489773 10.18820000696 9.26267280057073 9.11636706627905 10.7909939759411 10.6102633629926 11.0326853115112 11.1825769706629 11.5497756763361 8.75490584038198 11.224890884012 11.2528610979207 11.6824548961595 11.6508987573907 11.6397823903244 11.6329691330902 11.7097079250962 11.8122653760947 8.88973661512136 11.8545792894438 9.52516250032932 9.51010161591694 11.7330164366867 11.436938574072 11.2152088868897 11.5526444162242 11.4350260808133 11.5885036648251 11.5626850058325 11.6315347631462 11.7107837025542 11.8552964744158 11.9259391941596 12.0816878639162 11.2159260718618 12.0202490179799 12.0783410007134 12.1651203823276 12.6069063250907 11.8359324801713 11.0704570533708 11.064958635252 11.2349314736202 11.7704295860603 11.5746380886994 11.8108310061507 11.7326578442007 11.3035421692766 10.9996948027983 10.8490859586746 10.7651753169484
-9999 -9999 -9999 -9999 -9999 8.54261908866465 8.47376933135092 9.88925340445712 8.12306588003412 8.1503189089708 7.96385081624612 8.02983183367178 10.509140281938 10.3911633540411 10.8107165626716 8.17470319801942 10.8849452072755 11.3647419535555 11.0455946410075 11.1718191960827 11.3769340980798 11.2048097047955 11.4149449015968 11.4848704363685 11.5963926995173 11.664525271859 11.6419339452405 11.7132938499562 11.821588780731 11.8334223327693 11.4676579970401 11.8294778154232 10.028626350686 11.423551121261 11.7247688095085 11.4613228631206 11.4827188814525 10.7890814826824 11.2203828641879 10.8651030897163 11.7097079250962 11.8093966362067 11.824457520619 11.943151633488 12.3092745617032 12.2311013997532 11.9072923848871 12.2361216945574 12.3752555791289 12.0697347810492 12.1364329834469 11.9387289928272 11.2380392751656 10.5959196635522 10.7558519123122 11.4574978766032 12.4914395445958 11.3384451712482 11.1837722789496 11.6024887717795 11.7595522806514 11.4584541232325
