EcologicalScience/Bass/data/rs_data_bass/sst_462.asc
NCOLS 226 
NROWS 124 
XLLCORNER -9.41648524995501 
YLLCORNER 47.587301625531 
CELLSIZE 0.0833 
NODATA_value -9999 
[rows 81 to 107 of 124, columns 62 to 123 of 226]
13.5504384159317 -9999 -9999 -9999 -9999 -9999 -9999 -9999 -9999 -9999 -9999 -9999 -9999 -9999 -9999 -9999 -9999 -9999 -9999 -9999 -9999 -9999 -9999 -9999 -9999 -9999 -9999 -9999 -9999 -9999 -9999 -9999 -9999 -9999 -9999 -9999 -9999 -9999 -9999 -9999 -9999 -9999 -9999 -9999 -9999 -9999 -9999 -9999 -9999 -9999 -9999 -9999 -9999 -9999 -9999 -9999 -9999 -9999 -9999 -9999 -9999 -9999
13.532743501256 -9999 -9999 -9999 -9999 -9999 -9999 -9999 -9999 -9999 -9999 -9999 -9999 -9999 -9999 -9999 -9999 -9999 -9999 -9999 -9999 -9999 -9999 -9999 -9999 -9999 -9999 -9999 -9999 -9999 -9999 -9999 -9999 -9999 -9999 -9999 -9999 -9999 -9999 -9999 -9999 -9999 -9999 -9999 -9999 -9999 -9999 -9999 -9999 -9999 -9999 -9999 -9999 -9999 -9999 -9999 -9999 -9999 -9999 -9999 -9999 -9999
-9999 -9999 -9999 -9999 -9999 -9999 -9999 -9999 -9999 -9999 -9999 -9999 -9999 -9999 -9999 -9999 -9999 -9999 -9999 -9999 -9999 -9999 -9999 -9999 -9999 -9999 -9999 -9999 -9999 -9999 -9999 -9999 -9999 -9999 -9999 -9999 -9999 -9999 -9999 -9999 -9999 -9999 -9999 -9999 -9999 -9999 -9999 -9999 -9999 -9999 -9999 -9999 -9999 -9999 -9999 -9999 -9999 -9999 -9999 -9999 -9999 -9999
-9999 -9999 -9999 -9999 -9999 -9999 -9999 -9999 -9999 -9999 -9999 -9999 -9999 -9999 -9999 -9999 -9999 -9999 -9999 -9999 -9999 -9999 -9999 -9999 -9999 -9999 -9999 -9999 -9999 -9999 -9999 -9999 -9999 11.3199997469783 11.209999749437 11.1449997508898 -9999 -9999 -9999 -9999 -9999 -9999 -9999 -9999 -9999 -9999 -9999 -9999 -9999 -9999 -9999 -9999 -9999 -9999 -9999 -9999 17.2699996139854 12.1918768985913 9.45738852047361 9.58074433566071 9.56640063622035 9.35495060030371
-9999 -9999 -9999 -9999 -9999 -9999 -9999 -9999 -9999 -9999 -9999 -9999 -9999 -9999 -9999 -9999 -9999 -9999 -9999 -9999 -9999 -9999 -9999 -9999 -9999 -9999 -9999 -9999 -9999 -9999 -9999 -9999 -9999 7.95022430177778 9.51384122327103 9.16036847367992 8.39180533454886 8.37264625029638 8.77833388280123 10.4943401920609 10.2523197586249 -9999 9.77213492523879 8.86391795612872 8.29997150646523 8.62222662055865 8.46588029665872 9.07297737547196 8.46731466660276 9.23828851152211 9.74139376939274 9.65013198170345 10.746528507676 -9999 9.73285926822573 9.52803124021739 9.59472944261506 9.74390391679481 9.71378214797005 10.4073000159115 10.8132267100736 10.866298398003
-9999 -9999 -9999 -9999 -9999 -9999 -9999 -9999 -9999 -9999 -9999 -9999 12.0399716047104 10.3126315996051 9.87973875049502 10.7422253978439 10.6160008427687 10.5564744900912 12.1403963740817 -9999 -9999 -9999 -9999 -9999 -9999 11.894999734126 -9999 10.6091875855345 9.75623949831352 9.05970945348963 9.67003386467695 9.04034545924515 9.54129916219972 8.35973692080006 18.2749995915219 13.4724086477853 7.40086061321199 8.48715678416193 8.18976408243179 8.16466260841116 8.20625933678821 8.317423007451 8.78502760920674 8.57058930257335 8.60357981128618 8.80224004853517 9.40754416491836 10.4895372260362 10.4058656459674 10.3574556603562 9.98870305391029 9.51177504751831 10.2516708769836 9.74701171834022 9.57177952351049 9.72812584741041 9.88232061639428 9.95188755868003 10.5459557771683 10.7374441646971 10.9344309703447 10.9200872709043
-9999 -9999 -9999 -9999 -9999 -9999 -9999 -9999 -9999 16.971263753809 10.4297718117014 10.8110751551576 10.7235785885714 10.9007232766598 10.9007232766598 10.9000060916878 10.8498031436466 10.9322794154286 10.787408051081 11.1402630573139 10.5225618864144 8.27745488661458 10.4931231508963 10.430249935016 10.7614997439669 9.70367635972798 -9999 9.41519413795322 10.0171513911337 9.62843713629991 9.69011504389346 10.1648914953694 10.1699117901735 9.61732076923363 11.6455666430335 18.0149995973334 13.6317948320597 9.25406658090651 9.1260490634013 9.09485151711851 9.16657001432031 9.114215511363 8.91770682903007 8.93061615852639 8.82518996763974 9.09485151711851 10.3860235284083 10.1199479037896 9.46085491450503 10.0123701579869 9.99228897877038 9.98487806739286 10.3000808625948 10.4912106576376 10.4940793975256 10.0802636686713 10.4716076017357 10.7587206522003 11.4802087340504 10.8989303142298 10.9530777796172 10.8315149268601
-9999 -9999 -9999 -9999 -9999 -9999 -9999 -9999 15.4541177572068 10.2050538538024 10.8498031436466 10.8827936523594 11.1402630573139 11.0341196814552 11.1596270515583 11.1416974272579 11.0075838374905 11.027665016707 10.8906826870516 10.9007232766598 10.5966368485242 10.6375163919292 10.550019825343 10.469695108477 10.3865016517229 10.3169347094372 10.3535111430101 9.69728689361364 10.2947019753046 10.0594653044827 10.1799523797818 10.3628345476463 10.2502365070395 10.0888698883355 9.99993895180523 9.83355203829706 9.42547378921881 9.88518935628235 9.66501356987283 9.18916134093888 9.81992552382872 9.76470228098333 9.45093385572545 10.40204065945 11.2449720632285 10.347773663234 10.7811924479902 10.801512688864 9.89188308268785 10.2535833702423 10.4137546806596 10.3617587701883 10.3929563164711 10.589106406318 10.7246543660294 10.8143024875317 10.8139438950457 11.2851344216615 10.8458586263005 10.7960142707452 10.8619952881709 10.7496363092214
-9999 -9999 -9999 -9999 -9999 -9999 -9999 -9999 9.7974971937947 10.9308450454846 10.5406964207068 11.2693563522771 11.3202764852904 11.2700735372491 11.2528610979207 11.1295052827336 11.385540317744 10.9918057681061 11.0169072421268 11.1911831903271 10.7637409470044 11.0298165716231 10.7099520741031 10.2495193220675 10.0501418998465 9.77797020296566 10.6547288312577 10.7558519123122 10.7149723689072 9.85148166259751 10.4797356980853 10.3757438771427 9.924395468086 10.2753379810601 10.2150944434106 10.1849726745859 9.86869410192594 10.070223079063 10.3585314378142 10.6740928255022 10.5356761259027 10.9925229530782 11.1775566758588 11.1990722250193 11.3009124910459 11.3841059478 11.6301003932022 11.3948637223803 10.9817651784979 10.8716772852931 10.7623065770604 10.7996001956053 10.8469344037585 11.0083010224625 11.0109307006933 11.1641692230478 10.946623114869 10.8046204904094 10.7441378911026 10.7427035211585 10.6794717127923 10.5624510315247
12.7639698339626 9.40499978978187 -9999 -9999 -9999 -9999 -9999 -9999 13.9202676047571 10.9215216408484 10.6446882416494 11.066393005196 11.2076784446836 11.3697622483596 11.30593278585 11.2069612597115 11.4594103698619 11.6853236360475 11.1538895717822 11.2213049591519 10.9652699241415 10.8239844846539 10.8010345655493 10.7572862822562 10.1681188277435 10.0838495935313 10.7651753169484 10.8003173805773 10.8598437332548 10.7752159065567 10.8648640280589 10.390087576583 10.5012512472458 10.4202093454078 10.2896816805005 10.4015625361353 10.430249935016 10.3951078713872 10.8763389876112 11.0534836756997 11.1883144504391 10.9602496293373 11.3138218205422 11.5347147919238 11.0159509954974 11.5547959711403 11.4300057860091 11.6738486764953 11.5526444162242 11.2227393290959 11.1793496382888 11.0212103519589 11.1377529099118 11.0445188635495 11.2750938320532 10.9602496293373 10.7052903717849 10.6737342330161 10.7496363092214 10.6186305209994 10.5012512472458 10.3829157268628
10.5467207744718 11.3231452251785 10.9487746697851 10.9430371900089 14.0894870366901 -9999 16.1899624452926 10.8103579701856 11.0075838374905 11.1947691151872 10.8978545367718 10.7429425828159 10.4026383135933 11.4034699420445 11.4314401559532 11.3891262426041 11.3798028379679 11.463713479694 11.4350260808133 11.2449720632285 10.9100466812961 10.8333078892902 10.8992889067158 10.946623114869 10.8990498450585 11.0398571612313 10.8913998720236 10.7374919770285 10.9624011842534 11.1409802422859 11.2514267279766 10.7407910278998 11.2449720632285 10.9222388258204 10.7013458544388 10.8488468970172 10.7418668053579 10.8924756494816 10.8338457780192 11.1173131382093 11.4400463756174 11.344660774339 11.6523331273347 11.4472182253376 11.2912304939236 11.1356013549957 11.5547959711403 11.503875838127 11.3798028379679 11.3697622483596 11.3798028379679 11.2388759909663 11.2840586442035 11.0914944792166 11.0118869473226 11.2550126528367 11.2600329476409 10.8325907043181 10.4465061277151 10.4567857789807 10.4345530448481 10.1192307188176
11.5497756763361 11.3260139650665 11.4565416299738 11.0592211554758 11.1746879359707 11.186162895523 11.3382061095908 11.426419861149 11.5304116820917 11.423551121261 10.9799722160678 11.0450567522785 10.390446169069 11.4809259190224 11.5390179017559 11.4830774739385 11.4106417917646 11.424985491205 11.226325253956 11.2080370371696 11.3798028379679 10.9355067478027 11.2026581498794 10.6909466723446 10.9301278605126 11.2413861383684 11.3080843407661 11.1919003752992 11.2435376932845 11.3676106934436 11.3676106934436 11.1481520920061 11.0818124820944 11.2499923580326 11.4852290288545 11.424985491205 11.2955336037558 11.1391872798558 11.665242456831 11.4300057860091 11.6874751909636 11.7362437690608 11.62579728337 11.5583818960004 11.3783684680238 11.4350260808133 11.0126041322947 11.4278542310931 11.423551121261 11.4170964565128 11.3754997281358 11.3898434275761 11.3023468609899 11.0445188635495 10.8333078892902 10.8641468430869 10.8196813748218 10.8598437332548 10.1136127698701 10.2657755147666 10.0116529730149 9.92606889968738
11.5418866416439 11.5562303410843 11.5347147919238 11.5182195375673 11.4371776357293 11.3281655199826 11.3798028379679 11.5806146301329 11.5698568555526 11.6365550579503 11.544755381532 11.2098299995996 11.0714133000001 11.5598162659444 11.6465956475586 11.6114535839297 11.6738486764953 11.4852290288545 11.4665822195821 11.4400463756174 11.4352053770563 11.2198705892079 11.1797082307748 10.906281460193 11.2277596239001 11.224890884012 11.2901547164656 11.3417920344509 11.3547013639472 11.462996294722 11.7197485147044 11.5117648728192 11.6351206880063 11.1725363810547 11.3324686298147 11.346453736769 11.266846204875 11.6049989191815 11.6903439308517 11.3769340980798 11.4701681444421 11.6150395087898 11.704687630292 11.4490111877676 11.542603826616 11.543321011588 11.5712912254967 11.4551072600298 11.4776985866483 11.3658177310135 11.1901074128691 11.2847758291755 11.185087118065 10.9301278605126 11.1001006988809 10.4887005102355 10.3825571343768 10.0899456657935 9.92212438234128 9.88805809617043 9.86510817706585 9.73924221447669
11.6157566937618 11.6200598035939 11.584917739965 11.6523331273347 11.6394237978384 11.625080098398 11.7548905783333 11.5798974451609 11.6702627516352 11.6953642256558 11.6939298557118 11.6824548961595 11.3514740315732 11.6200598035939 11.6795861562714 11.6379894278944 11.5275429422036 11.4924008785747 11.4457838553935 11.3288827049546 11.3826715778559 11.4669408120681 11.4328745258972 11.4796708453214 11.3013906143606 11.5232398323715 11.5153507976793 11.5131992427632 11.4199651964009 11.1792301074602 11.4952696184628 11.4814040423371 11.6501815724187 11.6071504740976 11.5397350867279 11.5002899132669 11.4572588149458 11.5565889335703 11.5131992427632 11.744849988725 11.8825495033525 11.4217581588309 11.4034699420445 11.4450666704215 11.4084902368486 11.5167851676233 11.4776985866483 11.4045457195025 11.345736551797 11.1359599474818 11.064958635252 11.0470290109515 10.9645527391694 10.6020157358143 10.4363460072782 10.307611304801 9.79076000163332 9.96575313480571 9.60943173454143 9.58086386648938 9.472807997372 9.32470930065028
11.664525271859 11.5720084104687 11.3098260756981 11.7156844665296 11.5798974451609 11.5004692095099 11.4117175692227 11.6100192139857 11.5612506358884 11.5741599653848 11.7061220002361 11.0377056063153 11.2130573319737 11.5892208497971 11.422833936289 11.3654591385275 11.3420310961083 11.3979715239257 11.5999786243774 11.4902493236586 11.4601275548339 11.5698568555526 11.4013183871284 11.2478408031166 11.2449720632285 11.6179082486778 11.6136051388457 11.6760002314113 11.5311288670637 11.3174077454023 11.3924731058069 11.4565416299738 11.0699789300561 10.9686167873442 11.62221135851 11.6022736162879 11.3765755055938 11.3364131471608 11.3769340980798 11.3430471081519 11.4773399941623 11.384464540286 11.2216635516379 11.2342142886482 8.92989897355437 11.2862101991195 11.4500869652256 11.3597216587514 11.3102358956821 11.0118869473226 10.7791604239028 10.7648167244624 10.6396679468453 10.1304666167125 10.2158116283827 10.1293908392545 9.80450604693033 9.29805392585695 9.4381440570578 9.31574448850006 9.18497776193544 9.15509505476803
11.6494643874466 11.0394985687453 11.266846204875 11.4553463216871 11.4472182253376 11.4672994045541 11.4350260808133 11.5153507976793 11.7156844665296 11.6939298557118 10.98786125076 11.3633075836115 11.6176691870205 11.6427706610411 11.5665099923499 11.6301003932022 11.3339029997587 11.5648365607485 11.5899380347691 11.5784630752169 11.5963926995173 11.5397350867279 11.5339976069517 11.4873805837706 11.4597689623479 11.5949583295733 11.6379894278944 11.5519272312522 11.4500869652256 11.1104998809751 11.0696203375701 9.80235449201427 11.6028473642655 10.6128930412233 10.9411246967502 10.7522659874521 10.6934568197466 11.3482466991991 11.3374889246188 11.2198705892079 11.1402630573139 11.1503036469221 10.9964674704242 11.0592211554758 10.9100466812961 11.1976378550753 11.3073671557941 11.3152561904863 11.1997894099914 11.0448774560355 10.8146610800177 10.6310617271811 10.6748100104742 10.1548509057611 9.93288215692155 9.84502699784935 9.25621813582256 9.52767264773138 9.39248328050599 9.2935117543675 8.83546961890534 8.76853235485032
11.6451612776145 11.8148950543255 11.5879657760961 11.0414708274184 11.5148726743646 11.8900799455587 11.2223807366099 11.1330912075937 11.6738486764953 11.3561357338913 11.2349314736202 11.1947691151872 11.2327799187042 11.6465956475586 11.8309121853672 11.4619205172639 11.0000533952843 11.863185509108 11.5971098844893 11.6351206880063 11.5655537457205 11.5741599653848 11.6049989191815 10.9953916929662 11.0326853115112 10.8799249124713 10.8368938141502 10.5181050940882 10.548585455399 10.8587679557968 10.6751686029602 9.8511230701115 10.1717047526035 10.5048371721059 11.0513321207836 11.1646473463625 11.1295052827336 10.9631183692254 10.7296746608336 10.8003173805773 10.9322794154286 10.9283348980825 11.1252021729015 10.9573808894493 11.0659148818813 10.6816232677083 10.7902767909691 11.0154728721827 10.7893205443397 10.8017517505214 10.6748100104742 10.271034871228 10.2086397786625 10.0154779595323 9.93969541415572 9.36714274482802 9.51998283108696 17.6799996048212 -9999 -9999 -9999 -9999
11.3611560286954 11.6001579206204 11.7880603832891 11.8266090755351 11.544755381532 11.6765739793889 11.8839838732965 11.6480300175026 11.6702627516352 11.9320352664217 11.9004791276529 11.3288827049546 11.1234092104714 11.5877864798531 11.9349040063098 12.2181920702569 12.0102084283717 12.0116427983157 11.9327524513938 11.6136051388457 11.4837946589105 11.2923062713817 11.0599383404478 11.0387813837733 11.0549180456437 10.5389034582768 10.5830103340559 10.5083334488445 11.9570715418085 10.8799249124713 9.9480625721626 9.89738150080666 10.8802835049573 10.6350779630244 10.1950132641941 9.77259131567553 10.7802362013608 10.189275784418 10.7730643516406 10.6834162301384 10.1709875676315 10.7400738429278 10.985351103358 11.025513461791 10.4479404976591 10.8842280223034 9.86008788226172 10.3413189984858 10.6877193399705 10.1254463219084 10.0056764315814 10.3590095611289 10.2891079325229 8.49618136172649 18.9172412567411 17.8949996000156 -9999 -9999 -9999 -9999 -9999 -9999
11.6449222159572 11.7728202026337 11.8784854551777 11.8211405401235 11.8965346103068 11.9582125179004 11.8843424657825 12.0711691509932 11.8142376347678 11.704687630292 11.6760002314113 11.9196040602401 11.8086794512346 11.8185766038485 11.8555013844078 12.1349986135028 12.061845746357 12.10200810479 12.0683004111052 11.5913724047132 11.584200554993 11.5956755145453 10.6188695826568 10.827929002 10.5349589409307 10.4388561546803 10.427381195128 10.1760078624357 9.66931667970493 16.8199996240437 17.8049996020272 9.90114672190975 17.634999605827 -9999 -9999 17.19999961555 8.50977201694623 10.2072054087184 10.4223609003238 10.3829157268628 10.5421307906508 10.5901821837761 10.6052430681884 10.6547288312577 10.6798303052783 10.5944852936082 10.5908993687481 10.586596258916 10.6575975711457 10.0979542313144 9.92463452974334 9.61504968348891 10.8242713586427 17.4649996096268 -9999 -9999 -9999 -9999 -9999 -9999 -9999 -9999
11.689148622565 11.62400432094 12.0403301971965 11.9253415400162 11.8328844440402 11.8110103023937 11.9119540872052 11.8983275727369 11.67791272467 11.6394237978384 11.5657330419635 11.4134208835312 11.6704420478782 12.0615588723682 11.9239071700722 11.9198431218974 12.0188146480359 12.1536454227753 12.0439161220565 11.7735373876058 11.9141056421213 11.5877864798531 10.9841557950713 10.4722052558791 10.8397625540383 10.4051484609954 10.3793298020028 10.2075640012044 9.71700948034413 -9999 -9999 -9999 -9999 -9999 16.3799996338785 10.5576557359275 9.78478346019983 10.1562852757052 10.230872512795 10.3198034493253 10.2602770966478 10.4811700680293 10.4560685940087 10.5701010045595 10.6769615653902 10.588747813832 10.5571916750632 10.5528885652311 10.547151085455 10.4897762876935 9.75920386286452 9.11230301810429 10.7685221801512 -9999 -9999 -9999 -9999 -9999 -9999 -9999 -9999 -9999
11.6262754066847 11.7498702835292 11.6150395087898 11.7677999078296 11.8301950003952 12.0053674298106 12.1934491887223 11.9341868213378 11.8301950003952 11.4945524334908 12.1278267637827 11.6523331273347 12.0651447972283 11.8527863270137 11.9063062555506 11.5013656907249 12.0969878099859 12.0166630931199 11.8380840350874 11.8916086819464 11.1746879359707 11.5777458902448 11.616187004745 10.985351103358 10.8899655020796 9.99312569457106 9.60584580968134 10.1457665627822 9.91662596422248 15.8149996465072 -9999 -9999 -9999 -9999 -9999 14.3849996784702 8.95954261906445 9.84502699784935 9.81633959896863 10.1347697265446 10.2602770966478 10.1778008248657 9.65138705540448 9.80773337930441 9.95834222342819 9.89953305572271 9.62700276635587 10.5062715420499 10.4316843049601 10.1273110028356 9.84775230074301 9.2935117543675 9.68294319417328 18.1849995935336 -9999 -9999 -9999 -9999 -9999 -9999 -9999 -9999
11.625080098398 11.7247688095085 11.2345728811342 11.901913497597 12.0059053185396 12.023476350354 11.8160305971978 11.8603167692199 11.981521029491 12.1081758955494 12.0890987752937 12.094549381081 11.9777916676365 11.3823129853699 11.4981383583508 11.9891710025258 12.1615344574675 11.7943357517943 11.8129825610667 11.9600054803304 11.4855876213405 11.4407635605894 11.6458784625866 11.5626850058325 9.67792289936915 9.61002938868478 9.32040619081818 10.1308252091985 9.4649189626798 9.26984465029091 18.7290719128214 24.7149994475767 -9999 -9999 -9999 -9999 9.28590959366411 9.64493239065632 9.59723959001713 9.85004729265347 9.9267860846594 9.91244238521904 9.81490522902459 8.83236181735992 8.94998015277088 8.9191411989741 9.14075135532767 9.99147616913542 9.88518935628235 10.0852839634754 9.46319771874696 9.72843321239842 16.5771988644265 9.86999977938831 -9999 -9999 -9999 -9999 -9999 -9999 -9999 -9999
11.4292886010371 11.6028473642655 10.6192281751428 11.9460203733761 11.8791428747354 11.9693288849667 12.1037114190985 11.9535508155823 11.9250427129446 11.9232497505145 11.8151341159828 11.7613452430815 12.0310067925602 11.6996673354879 11.3747825431637 11.5863521099091 11.5103305028751 11.981521029491 11.9148228270933 11.1897488203831 11.3127460430842 11.5139164277352 11.4916836936027 9.77689442550763 10.1132541773841 9.80242621051148 9.97949918010272 9.99366358330008 9.21533859241754 10.1641743103974 18.2914059258982 18.7249995814636 -9999 -9999 -9999 -9999 -9999 -9999 -9999 -9999 -9999 -9999 -9999 -9999 -9999 -9999 10.5119641977653 9.48404389526695 9.47997984709218 9.27937296491915 19.1918242599608 -9999 -9999 -9999 -9999 -9999 -9999 -9999 -9999 -9999 -9999 -9999
11.505310208071 11.7097079250962 10.66978971567 10.7211196686673 12.0426610483555 12.1059526221361 11.8649784715381 11.344660774339 11.6752830464393 11.5296944971196 11.3625903986394 11.5540787861682 11.6996673354879 11.6035645492375 11.0549180456437 11.422833936289 11.2040925198235 11.7498702835292 11.7491530985571 11.7082735551521 11.2481993956026 11.0879085543565 11.1101412884891 9.95242544740904 15.8203611699631 17.0449996190146 9.96246603701729 9.68509474908933 9.81892146486789 10.0910214432515 8.66334522562101 18.3195830289004 18.793087756228 -9999 -9999 -9999 -9999 -9999 -9999 -9999 -9999 -9999 -9999 -9999 -9999 -9999 -9999 -9999 -9999 -9999 -9999 -9999 -9999 -9999 -9999 -9999 -9999 -9999 -9999 -9999 -9999 -9999
12.1070283995941 11.9961516029201 11.6752830464393 11.8598386459053 10.947698892327 11.705046222778 11.861033954192 11.625438690884 11.5325632370077 11.3123874505982 11.2299111788161 11.462996294722 11.5325632370077 11.6351206880063 10.8634296581149 11.5375835318118 11.2306283637881 11.6291441465728 11.3484857608564 11.5390179017559 11.2098299995996 11.1359599474818 11.024796276819 10.1187525955029 10.0115932076005 9.89795524878427 9.79745372803882 9.76470228098333 9.84502699784935 9.74031799193472 6.21105074463412 9.13895839289762 -9999 -9999 -9999 -9999 -9999 -9999 -9999 -9999 -9999 -9999 -9999 -9999 -9999 -9999 -9999 -9999 -9999 -9999 -9999 -9999 -9999 -9999 -9999 -9999 -9999 -9999 -9999 -9999 -9999 -9999
9.47232987405732 12.0235958811827 11.9922788040712 12.0439161220565 11.8251747055911 11.9098025322892 11.4726782918442 11.424985491205 11.5798974451609 11.2815484968014 11.1574754966423 11.0393790379167 11.8703573588282 11.5124820577912 11.5383007167839 11.5253913872875 11.5002899132669 11.4135105316527 11.4328745258972 11.5318460520357 11.4916836936027 11.3353373697028 10.9172185310163 10.7723471666686 10.1136127698701 10.0204504420049 10.0020905067213 10.2638630215079 9.84000670304522 9.73410238884389 9.0624347563833 9.6798055099207 23.0297327556514 -9999 -9999 -9999 -9999 -9999 -9999 -9999 -9999 -9999 -9999 -9999 -9999 -9999 -9999 -9999 -9999 -9999 -9999 -9999 -9999 -9999 -9999 -9999 -9999 -9999 -9999 -9999 -9999 -9999
11.4491307185963 11.6085848440416 11.8613208281808 12.0383220792748 11.8505630536005 11.583304073778 11.1302224677056 11.3597216587514 11.187597265467 11.0800195196643 11.0871913693845 10.9337137853727 11.2299111788161 11.7584765031934 11.6587877920829 11.4099246067926 11.1682332712226 11.0301751641091 11.3001953060739 11.4594103698619 11.3568529188633 11.0857569994405 10.8390453690663 10.3398846285418 9.85736257936805 10.4797356980853 10.547151085455 10.2618907628348 9.75251013645902 9.80163730704226 12.3600512577221 15.272826303076 13.6479560413407 -9999 -9999 -9999 -9999 -9999 -9999 -9999 -9999 -9999 -9999 -9999 -9999 -9999 -9999 -9999 -9999 -9999 -9999 -9999 -9999 -9999 -9999 -9999 -9999 -9999 -9999 -9999 -9999 -9999
