EcologicalScience/Bass/data/rs_data_bass/sst_543.asc
NCOLS 226 
NROWS 124 
XLLCORNER -9.41648524995501 
YLLCORNER 47.587301625531 
CELLSIZE 0.0833 
NODATA_value -9999 
[rows 27 to 53 of 124, columns 62 to 123 of 226]
-9999 -9999 -9999 -9999 -9999 -9999 -9999 -9999 -9999 -9999 -9999 -9999 -9999 -9999 -9999 -9999 -9999 -9999 -9999 -9999 -9999 -9999 -9999 -9999 -9999 -9999 -9999 -9999 12.5299997199327 10.9049997562543 12.0840784804896 12.6721701575443 12.4892879896797 12.1902218563482 12.0116427983157 12.3939023884013 12.1916562262923 12.4670552555472 12.4340647468343 12.6054719551466 12.7431714697741 12.8041321923956 12.8421429959126 12.818475891836 12.860072620213 12.9583269613795 12.939680152107 12.898800608702 12.9812768804841 13.1641590483487 13.2129276264459 13.2430493952706 13.2236854010262 13.2867976785637 13.3162022624165 13.1655934182927 13.3972441642545 13.5449842684902 13.7293008062989 13.7795037543401 13.7594225751236 13.77591782948
-9999 -9999 -9999 -9999 -9999 -9999 -9999 -9999 -9999 -9999 -9999 -9999 -9999 -9999 -9999 -9999 -9999 -9999 -9999 -9999 -9999 -9999 -9999 -9999 -9999 -9999 -9999 -9999 -9999 -9999 9.78499978128821 12.1249580238946 11.8065278963186 11.1517380168661 10.6138492878526 13.4198354908731 13.3979613492265 12.3272041860037 12.5674611516297 12.7510605044663 12.8364055161364 12.8672444699332 12.8894772040658 12.9554582214914 13.1433606841601 13.1397747593001 13.05801567249 13.0888546262868 13.1957151871175 13.334849071689 13.3807489098981 13.4295174879953 13.4302346729673 13.4488814822398 13.3520615110174 13.6317636501044 13.6073793610558 13.7314523612149 13.7092196270823 13.7293008062989 13.7544022803195 13.8304238873534
-9999 -9999 -9999 -9999 -9999 -9999 -9999 -9999 -9999 -9999 -9999 -9999 -9999 -9999 -9999 -9999 -9999 -9999 -9999 -9999 -9999 -9999 -9999 -9999 -9999 -9999 -9999 -9999 -9999 -9999 -9999 12.0699997302145 13.3922238694504 10.9552293345332 10.6590319410898 11.5956755145453 12.5832392210141 12.7869197530672 13.4485228897538 12.7546464293264 12.6786248222925 12.7661213888787 12.9145786780864 12.9662159960717 13.1132389153354 13.3040101178922 13.3305459618568 13.37788017001 13.21794792125 12.9619128862396 13.1053498806432 13.0752281118184 13.5629138927907 13.4904782106169 13.5822778870352 13.3448896612972 13.5672170026228 13.5191656094976 13.7916958988644 13.8705862457864 13.8426160318777 13.8842127602547
-9999 -9999 -9999 -9999 -9999 -9999 -9999 -9999 -9999 -9999 -9999 -9999 -9999 -9999 -9999 -9999 -9999 -9999 -9999 -9999 -9999 -9999 -9999 -9999 -9999 -9999 -9999 -9999 -9999 -9999 -9999 12.4699997212738 12.5290917556267 10.747245692648 9.6800744542852 9.57966855820268 9.51870783558115 12.3501541051082 12.7453230246902 12.5753501863219 12.7238074755296 12.7582323541865 12.9870143602602 12.9913174700923 13.0809655915946 13.2208166611381 13.4417096325196 13.2753227190115 13.2853633086197 13.3334147017449 13.5241859043017 13.5786919621751 13.5786919621751 13.6669057137333 13.6905728178099 13.1017639557831 13.1498153489083 13.378597354982 13.8081911532208 13.9681234019808 13.9544968875125 13.8354441821575
-9999 -9999 -9999 -9999 -9999 -9999 -9999 -9999 -9999 -9999 -9999 -9999 -9999 -9999 -9999 -9999 -9999 -9999 -9999 -9999 -9999 -9999 -9999 -9999 -9999 -9999 -9999 -9999 -9999 -9999 -9999 12.2299997266382 12.3231769165454 9.47495955228806 9.55098115932196 9.45989866787568 11.5741599653848 12.4419537815265 12.3630634346046 12.5430768625811 12.9038209035061 12.8464461057447 12.9654988110997 12.8830225393176 12.9231848977506 13.0788140366785 13.3413037364371 13.3556474358775 13.337000626605 13.3484755861573 13.455336146988 13.4904782106169 13.536378048826 13.376445800066 13.2050385917537 13.5184484245256 13.695593112614 13.9114657891914 13.9688405869529 13.8218176676892 13.3334147017449 13.3893551295623
-9999 -9999 -9999 -9999 -9999 -9999 -9999 -9999 -9999 -9999 -9999 -9999 -9999 -9999 -9999 -9999 -9999 -9999 -9999 -9999 -9999 -9999 -9999 -9999 -9999 -9999 -9999 -9999 -9999 -9999 -9999 -9999 12.2837317430844 13.3807489098981 10.50985746691 12.1522110528313 12.4914395445958 12.97984251054 13.05801567249 13.21794792125 12.8564866953529 13.1548356437124 13.1412091292441 13.0106814643368 12.9712362908758 13.0286110886373 13.1239966899157 13.3656880254857 13.4790032510646 13.4015472740866 13.4266487481073 13.5249030892737 13.1620074934326 13.1842402275652 13.2817773837596 13.8397472919896 13.9473250377923 13.9380016331561 13.8806268353947 13.7802209393121 13.6217230604962 13.4359721527435
-9999 -9999 -9999 -9999 -9999 -9999 -9999 -9999 -9999 -9999 -9999 -9999 -9999 -9999 -9999 -9999 -9999 -9999 -9999 -9999 -9999 -9999 -9999 -9999 -9999 -9999 -9999 -9999 -9999 -9999 -9999 -9999 10.5699997637421 12.4749442902394 12.2490310240537 12.3501541051082 12.4534287410788 12.9023865335621 13.4094363087788 13.337717811577 13.3592333607376 13.3621021006256 13.3334147017449 13.1627246784046 13.019287684001 12.937528597191 12.9733878457919 13.5205999794416 13.5327921239659 13.5887325517833 13.6095309159718 13.5729544823989 13.3829004648142 13.3312631468289 13.3491927711293 13.5162968696095 13.6446729796007 13.9401531880721 13.9243751186877 13.8196661127731 13.9616687372327 13.3735770601779
-9999 -9999 -9999 -9999 -9999 -9999 -9999 -9999 -9999 -9999 -9999 -9999 -9999 -9999 -9999 -9999 -9999 -9999 -9999 -9999 -9999 -9999 -9999 -9999 -9999 -9999 -9999 -9999 -9999 -9999 -9999 -9999 -9999 10.1499997731298 12.6018860302866 12.2934964923188 12.2346873246133 12.7080294061452 13.415890973527 13.4417096325196 13.3075960427523 13.4438611874357 13.378597354982 13.3621021006256 13.1641590483487 13.3434552913532 13.4008300891146 13.7120883669704 13.814645817969 13.8670003209263 13.7931302688085 13.7171086617745 13.3585161757655 13.4940641354769 13.6088137309998 13.7214117716067 13.7522507254034 13.935132893268 13.8921017949469 13.9229407487437 14.1517227548175 13.9566484424286
-9999 -9999 -9999 -9999 -9999 -9999 -9999 13.3991566575132 14.9574800708797 14.1686961324885 13.4203534577973 12.4223905692343 12.7799997143447 6.08499986398965 8.41999981179833 -9999 -9999 -9999 -9999 -9999 -9999 -9999 -9999 -9999 -9999 -9999 -9999 -9999 -9999 -9999 -9999 -9999 -9999 -9999 12.5767845562659 13.8024536734447 13.0458235279657 13.1003295858391 13.7149571068585 13.6504104593769 13.6396526847966 13.5543076731265 13.4488814822398 13.4051331989467 13.4402752625756 13.4460127423517 13.53781241877 13.5148624996655 13.7995849335566 13.9258094886318 13.7608569450676 13.7092196270823 13.5471358234063 13.5514389332384 13.7888271589763 13.8225348526612 13.9179204539396 14.1402477952652 14.2327646566555 14.2456739861518 14.2614520555362 14.3209784082137
-9999 -9999 -9999 -9999 13.5399996973574 14.0054822191596 13.3525396343321 14.3566327468226 14.291573824361 14.7096926630475 13.4068863177672 15.4399996548891 20.5199995413423 -9999 -9999 -9999 -9999 -9999 -9999 -9999 -9999 -9999 -9999 -9999 -9999 -9999 -9999 -9999 -9999 -9999 -9999 -9999 -9999 -9999 13.0293282736093 13.3248084820807 13.3283944069408 13.4797204360366 13.695593112614 13.7321695461869 13.6719260085374 13.5908841066994 12.4821161399595 13.5614795228466 13.6375011298805 13.615268395748 13.6102481009439 13.5471358234063 13.7264320664108 13.7723319046199 13.7565538352355 13.4790032510646 13.5916012916714 13.7049165172502 14.1115603963844 14.1072572865523 14.1703695640899 14.2657551653683 14.2786644948646 14.3202612232417 14.3016144139692 14.3532517319545
15.0058900564909 14.7849970851094 14.4115827763453 14.8949654474854 15.1378520913422 15.0675679640844 15.0611132993363 14.9542527385056 14.8796655014157 13.149038398522 13.0949997073039 -9999 -9999 -9999 -9999 -9999 -9999 -9999 -9999 -9999 -9999 -9999 -9999 -9999 -9999 -9999 -9999 -9999 -9999 -9999 -9999 -9999 -9999 -9999 11.0399997532368 13.2502212449908 13.1928464472294 13.5033875401132 13.6618854189292 13.6726431935094 13.6511276443489 13.019287684001 12.9475691867992 13.5973387714475 13.2408978403546 13.3599505457096 13.337000626605 13.6123996558599 13.7293008062989 13.5779747772031 13.2444837652147 13.6324808350764 13.5392467887141 13.973860881757 13.69415874267 13.9078798643313 14.1768242288381 14.1997741479427 14.1911679282784 14.0785698876716 14.3668782464229 14.0757011477835
14.7182988827117 14.7950376747176 14.6365397959016 14.7412488018163 14.8079470042139 14.6487319404259 14.9757682876661 14.5196386454627 14.8775139464997 11.8449997352436 -9999 -9999 -9999 -9999 -9999 -9999 -9999 -9999 -9999 -9999 -9999 -9999 -9999 -9999 -9999 -9999 -9999 -9999 -9999 -9999 -9999 -9999 -9999 -9999 -9999 13.4714728088584 13.3032929329202 13.5532318956684 13.6073793610558 13.8110598931089 12.9217505278066 13.5629138927907 13.5478530083783 13.4374065226875 13.7708975346759 13.8067567832768 13.5586107829586 13.6590166790411 13.6073793610558 13.7544022803195 13.7149571068585 13.615268395748 13.8246864075772 13.8648487660103 13.9960936158895 13.9946592459455 14.253563020844 14.3245643330738 14.2506942809559 14.3066347087733 14.2463911711238 14.1839960785583
15.1206396520138 15.0123447212391 15.0030213166028 14.7914517498575 14.3095034486614 14.5619525588118 14.5798821831122 14.5935086975805 13.8599996902049 -9999 -9999 -9999 -9999 -9999 -9999 -9999 -9999 -9999 -9999 -9999 -9999 -9999 -9999 -9999 -9999 -9999 -9999 -9999 -9999 -9999 -9999 -9999 -9999 -9999 -9999 -9999 13.534943678882 14.214835032355 12.3451338103041 12.4398022266105 13.1412091292441 13.4847407308407 13.1089358055033 13.6826837831177 13.6776634883136 13.6331980200484 13.8691518758424 13.7414929508232 13.3491927711293 13.8655659509823 13.7120883669704 13.5987731413916 14.1043885466643 14.1639148993418 13.8576769162901 14.0369731592946 14.2327646566555 14.2707754601724 14.3274330729619 14.3353221076541 14.3460798822343 14.2987456740811
14.9958494668826 14.6759849693626 14.6143070617691 14.7763908654451 14.7541581313126 14.3697469863109 14.7928861198016 15.089800698217 12.7897884929553 -9999 -9999 -9999 -9999 -9999 -9999 -9999 -9999 -9999 -9999 -9999 -9999 -9999 -9999 -9999 -9999 -9999 -9999 -9999 -9999 -9999 -9999 -9999 -9999 -9999 -9999 -9999 -9999 -9999 -9999 13.1449997061864 13.2044317429312 12.3738212091848 11.8266090755351 12.4548631110229 13.4703970314004 13.8074739682488 13.9494765927084 13.8741721706465 13.6425214246847 13.7020477773622 13.6834009680897 13.7156742918305 14.0584887084551 14.1373790553771 14.0118716852739 14.0312356795184 14.1983397779986 14.2026428878307 14.1926022982225 14.2270271768793 14.2607348705642 14.3697469863109
15.0568101895042 14.6939145936631 14.6236304664053 14.7742393105291 14.6745505994186 14.4235358592123 14.6351054259576 14.8538468424231 14.3099996801466 -9999 -9999 -9999 -9999 -9999 -9999 -9999 -9999 -9999 -9999 -9999 -9999 -9999 -9999 -9999 -9999 -9999 -9999 -9999 -9999 -9999 -9999 -9999 -9999 -9999 -9999 -9999 -9999 -9999 -9999 -9999 -9999 -9999 -9999 12.6439792713365 13.5786919621751 13.816797372885 13.9258094886318 13.816080187913 13.2997070080601 13.3986785341986 13.734321101103 14.0254981997423 14.053468413651 14.0369731592946 13.935132893268 13.9874873962253 14.1036713616922 14.1653492692858 14.0678121130913 14.2320474716835 14.2177037722431 14.3941312753595
14.9951322819106 14.4859309517778 14.3611407666467 14.57199314842 14.6487319404259 14.8187047787942 14.8179875938222 14.8014923394658 14.8230078886263 14.3499996792525 -9999 -9999 -9999 -9999 -9999 16.1899624452926 -9999 -9999 -9999 -9999 -9999 -9999 -9999 -9999 -9999 -9999 -9999 -9999 -9999 -9999 -9999 -9999 -9999 -9999 -9999 -9999 -9999 -9999 -9999 -9999 -9999 -9999 -9999 -9999 12.4549997216091 13.1899777073413 13.0085299094208 13.0293282736093 12.2031311858445 12.6499374234118 13.4388408926316 13.7321695461869 13.814645817969 13.7902615289204 13.8505050665699 13.9365672632121 13.9559312574565 13.8806268353947 13.6532791992649 13.3291115919128 13.5564592280425 13.7128055519424
15.1385692763142 14.9621417731978 14.4844965818338 14.3231299631298 14.3826563158073 14.4651325875893 14.6616412699223 14.6272163912654 14.7663502758369 14.8954435708001 13.8849996896461 -9999 -9999 -9999 -9999 -9999 -9999 -9999 -9999 -9999 -9999 -9999 -9999 -9999 -9999 -9999 -9999 -9999 -9999 -9999 -9999 -9999 -9999 -9999 -9999 -9999 -9999 -9999 -9999 -9999 -9999 -9999 -9999 -9999 -9999 12.1949997274205 13.3018585629761 13.0931577361189 12.2705465732142 12.8450117358007 13.2272713258862 13.4252143781632 13.5134281297214 13.6002075113356 13.7522507254034 13.7651600548998 13.7113711819984 13.5119937597774 13.2774742739275 13.255241539795 13.3068788577802 13.7508163554594
14.771370570641 14.5856196628883 14.5813165530562 14.5476088593714 14.4952543564141 15.0058900564909 14.5999633623287 14.9026154205203 15.1141849872656 15.088366328273 15.091235068161 12.0449997307733 6.49499985482544 -9999 10.9353995397399 10.5949997631833 21.0099995303899 21.0099995303899 -9999 -9999 -9999 -9999 -9999 -9999 -9999 -9999 -9999 -9999 -9999 -9999 -9999 -9999 -9999 -9999 -9999 -9999 -9999 -9999 -9999 -9999 -9999 -9999 -9999 -9999 -9999 8.8399998024106 12.7599997147918 12.7418805368245 12.7567979842424 12.820627446752 12.7352824350819 11.1252021729015 13.2294228808023 13.2215338461101 12.9152958630584 13.4840235458687 13.5385296037421 13.298272638116 13.2839289386757 13.2344431756064 13.2502212449908 13.0831171465106
14.0670949281193 14.3948484603316 14.6982177034952 14.8208563337103 15.0166478310712 14.8387859580107 14.8201391487382 15.0166478310712 15.2224799180403 15.1966612590477 15.0675679640844 14.8022095244378 15.3649996565655 14.6300851311535 14.8402203279547 15.0453352299519 14.8597636184422 11.3999997451901 -9999 -9999 -9999 -9999 -9999 -9999 -9999 -9999 -9999 -9999 -9999 -9999 -9999 -9999 -9999 -9999 -9999 -9999 -9999 -9999 -9999 -9999 -9999 -9999 -9999 -9999 -9999 -9999 -9999 -9999 13.4424268174917 13.1949980021454 9.28490553470328 12.1349986135028 13.7450788756832 11.6953642256558 13.1404919442721 12.8041321923956 13.3154850774445 13.1863917824812 13.1677449732088 13.137623204384 12.8442945508286 13.0142673891969
14.3102206336334 14.4737388072535 13.93585007824 14.6394085357897 15.0137790911831 15.0776085536927 15.0417493050918 15.169408230111 15.3149967794307 15.3063905597664 15.1966612590477 15.0460524149239 14.7663502758369 14.8280281834304 14.3138065584935 15.0797601086088 16.0549996411428 -9999 -9999 -9999 -9999 -9999 -9999 -9999 -9999 -9999 -9999 -9999 -9999 -9999 -9999 -9999 -9999 -9999 -9999 -9999 -9999 -9999 -9999 -9999 -9999 -9999 -9999 -9999 -9999 -9999 -9999 -9999 13.338434996549 13.258827464655 13.3922238694504 13.7063508871943 10.1397900213487 13.9448148903903 13.057298487518 12.9920346550643 13.0608844123781 12.9224677127786 12.9203161578625 12.9554582214914 13.1067842505872 12.938245782163
14.6257820213214 13.5708029274829 14.1423993501812 14.8832514262758 14.89185764594 14.9463637038134 15.0919522531331 15.1672566751949 15.2382579874247 15.2418439122848 15.2396923573688 15.2447126521729 15.0532242646441 14.9815057674423 15.2167424382642 14.9249996664003 15.8999996446073 -9999 -9999 -9999 -9999 -9999 -9999 -9999 -9999 -9999 -9999 -9999 -9999 -9999 -9999 -9999 -9999 -9999 -9999 -9999 -9999 -9999 -9999 -9999 -9999 -9999 -9999 -9999 -9999 -9999 -9999 -9999 12.0747550758533 12.1679891222157 12.4276100820862 13.8099841156509 13.0214392389171 13.2064729616977 13.0544297476299 13.0544297476299 12.9762565856799 12.57821892621 12.6133609898388 13.1003295858391 13.0551469326019 12.9956205799244
13.8971220897511 14.0735495928675 14.6767021543346 14.6996520734392 14.7412488018163 15.0704367039725 15.088366328273 15.1600848254748 15.1923581492156 15.1672566751949 15.1120334323496 15.1127506173216 15.1192052820697 15.1873378544115 15.2253486579284 6.69999985024333 -9999 -9999 -9999 -9999 -9999 -9999 -9999 -9999 -9999 -9999 -9999 -9999 -9999 -9999 -9999 -9999 -9999 -9999 -9999 -9999 -9999 -9999 -9999 -9999 -9999 -9999 -9999 -9999 -9999 -9999 -9999 -9999 13.0049917968921 12.5072176139802 13.8741721706465 13.457487701904 13.0142673891969 13.0278939036652 13.2100588865578 13.2150791813619 12.9296395624988 12.6255531343631 12.9432660769671 13.0687734470703 13.1304513546638 13.1254310598597
14.0713980379514 14.4256874141283 14.5655384836718 14.6085695819929 15.0582445594482 15.0711538889445 15.1407208312303 15.2052674787119 15.2396923573688 15.1780144497752 15.1823175596073 15.0395977501757 14.6731162294745 14.4256874141283 15.0697195190005 -9999 -9999 -9999 -9999 -9999 -9999 -9999 -9999 -9999 -9999 -9999 -9999 -9999 -9999 -9999 -9999 -9999 -9999 -9999 -9999 -9999 -9999 -9999 -9999 -9999 -9999 -9999 -9999 -9999 -9999 -9999 -9999 -9999 -9999 -9999 13.6461073495448 12.9898831001483 13.0042267995887 13.0558641175739 13.1691793431528 13.0529953776859 13.0307626435533 12.9195989728905 12.8930631289259 13.1447950541042 13.3678395804018 13.418042528443
14.3589892117307 14.7821283452213 14.7893001949415 14.8689077268355 14.929868449457 15.0740226288326 15.1859034844674 15.2368236174807 15.3250373690389 15.2941984152421 15.169408230111 15.1737113399431 14.6164586166851 14.6229132814333 14.1999996826053 14.2749996809289 -9999 -9999 -9999 -9999 -9999 -9999 -9999 -9999 -9999 -9999 -9999 -9999 -9999 -9999 -9999 -9999 -9999 -9999 -9999 -9999 -9999 -9999 -9999 -9999 -9999 -9999 -9999 -9999 -9999 -9999 -9999 6.98972120876538 6.23999986052513 -9999 11.5949583295733 12.9748222157359 13.2050385917537 13.0716421869583 13.377162985038 13.3793145399541 13.1612903084606 13.2136448114179 13.1476637939923 13.4058503839187 13.5822778870352 13.5951872165315
14.7778252353892 14.8696249118075 14.3991515701637 14.849543732591 14.8803826863877 15.0582445594482 15.1342661664821 15.2325205076486 15.3357951436192 15.3336435887031 15.1335489815101 15.2332376926206 11.5798974451609 15.2346720625646 13.2349997041747 -9999 -9999 -9999 -9999 -9999 -9999 -9999 -9999 -9999 -9999 -9999 -9999 -9999 -9999 -9999 -9999 -9999 -9999 -9999 -9999 -9999 -9999 -9999 -9999 -9999 -9999 -9999 -9999 -9999 -9999 -9999 -9999 -9999 7.78729966054831 14.5967360299546 14.3654438764788 14.2497380343266 14.0615965100005 14.1847132635303 13.375728615094 13.3836176497862 13.4639423666522 13.5198827944696 13.4302346729673 13.6253089853562 13.7006134074181 13.7773521994241
14.6229132814333 14.650883495342 14.8194219637662 14.7247535474598 14.7061067381874 14.9743339177221 15.2181768082082 15.2396923573688 15.2855921955779 15.2934812302701 15.3365123285912 14.8158360389061 14.8760795765556 14.1474196449853 14.8599996678531 -9999 -9999 -9999 -9999 -9999 -9999 -9999 -9999 -9999 -9999 -9999 -9999 -9999 -9999 -9999 -9999 -9999 -9999 -9999 -9999 -9999 -9999 -9999 -9999 -9999 -9999 -9999 -9999 -9999 -9999 -9999 -9999 -9999 -9999 -9999 13.7849996918812 14.4644154026173 14.573427518364 14.0785698876716 13.5722372974269 13.6052278061397 13.6848353380337 13.8999908296391 13.9186376389116 13.9279610435478 13.9250923036598 14.0312356795184
14.6996520734392 14.7656330908649 14.7520065763965 14.7577440561727 14.9399090390652 14.9721823628061 15.1758628948592 15.2361064325087 15.3379466985352 15.0618304843083 14.811532929074 14.7226019925438 14.8237250735983 14.7534409463406 13.6399996951222 -9999 -9999 -9999 -9999 -9999 -9999 -9999 -9999 -9999 -9999 -9999 -9999 -9999 -9999 -9999 -9999 -9999 -9999 -9999 -9999 -9999 -9999 -9999 -9999 -9999 -9999 -9999 -9999 -9999 -9999 -9999 -9999 -9999 -9999 -9999 -9999 -9999 12.6699997168034 14.1223181709647 14.09219640214 14.1115603963844 14.5017090211622 14.7269051023759 14.3869594256394 14.1531571247615 14.1997741479427 14.1129947663285
