EcologicalScience/Bass/data/rs_data_bass/sst_4.asc
NCOLS 226 
NROWS 124 
XLLCORNER -9.41648524995501 
YLLCORNER 47.587301625531 
CELLSIZE 0.0833 
NODATA_value -9999 
[rows 0 to 26 of 124, columns 62 to 123 of 226]
-9999 -9999 -9999 -9999 -9999 -9999 -9999 -9999 -9999 -9999 -9999 -9999 -9999 -9999 -9999 -9999 -9999 -9999 -9999 -9999 -9999 -9999 -9999 -9999 -9999 -9999 -9999 -9999 -9999 -9999 -9999 -9999 -9999 -9999 -9999 -9999 -9999 -9999 -9999 -9999 -9999 -9999 -9999 -9999 -9999 -9999 -9999 -9999 -9999 -9999 -9999 -9999 -9999 -9999 -9999 -9999 -9999 -9999 -9999 -9999 -9999 -9999
-9999 -9999 -9999 -9999 -9999 -9999 -9999 -9999 -9999 -9999 -9999 -9999 -9999 -9999 -9999 -9999 -9999 -9999 -9999 -9999 -9999 -9999 -9999 -9999 -9999 -9999 -9999 -9999 -9999 -9999 -9999 -9999 -9999 -9999 -9999 -9999 -9999 -9999 -9999 -9999 -9999 -9999 -9999 -9999 -9999 -9999 -9999 -9999 -9999 -9999 -9999 -9999 -9999 -9999 -9999 -9999 -9999 -9999 -9999 -9999 -9999 -9999
-9999 -9999 -9999 -9999 -9999 -9999 -9999 -9999 -9999 -9999 -9999 -9999 -9999 -9999 -9999 -9999 -9999 -9999 -9999 -9999 -9999 -9999 -9999 -9999 -9999 -9999 -9999 -9999 -9999 -9999 -9999 -9999 -9999 -9999 -9999 -9999 -9999 -9999 -9999 -9999 -9999 -9999 -9999 -9999 -9999 -9999 -9999 -9999 -9999 -9999 -9999 -9999 -9999 -9999 -9999 -9999 -9999 -9999 -9999 -9999 -9999 -9999
-9999 -9999 -9999 -9999 -9999 -9999 -9999 -9999 -9999 -9999 -9999 -9999 -9999 -9999 -9999 -9999 -9999 -9999 -9999 -9999 -9999 -9999 -9999 -9999 -9999 -9999 -9999 -9999 -9999 -9999 -9999 -9999 -9999 -9999 -9999 -9999 -9999 -9999 -9999 -9999 -9999 -9999 -9999 -9999 -9999 -9999 -9999 -9999 -9999 -9999 -9999 -9999 -9999 -9999 -9999 -9999 -9999 -9999 -9999 -9999 -9999 -9999
-9999 -9999 -9999 -9999 -9999 -9999 -9999 -9999 -9999 -9999 -9999 -9999 -9999 -9999 -9999 -9999 -9999 -9999 -9999 -9999 -9999 -9999 -9999 -9999 -9999 -9999 -9999 -9999 -9999 -9999 -9999 -9999 -9999 -9999 -9999 -9999 -9999 -9999 -9999 -9999 -9999 -9999 -9999 -9999 -9999 -9999 -9999 -9999 -9999 -9999 -9999 -9999 -9999 -9999 -9999 -9999 -9999 -9999 -9999 -9999 -9999 -9999
-9999 -9999 -9999 -9999 -9999 -9999 -9999 -9999 -9999 -9999 -9999 -9999 -9999 -9999 -9999 -9999 -9999 -9999 -9999 -9999 -9999 -9999 -9999 -9999 -9999 -9999 -9999 -9999 11.7199997380376 6.99499984364957 7.15999983996153 7.18499983940274 7.21499983873218 7.52499983180314 7.77499982621521 7.98499982152134 8.0649998197332 8.05999981984496 8.11499981861562 8.14499981794506 8.13999981805682 8.07499981950969 8.08999981917441 8.10999981872737 8.10499981883913 8.15999981760979 8.22499981615692 8.16999981738627 8.11999981850386 8.08499981928617 8.14499981794506 8.36499981302768 8.30499981436878 8.21999981626868 8.22499981615692 8.25499981548637 8.25999981537461 8.22499981615692 8.13499981816858 12.2999997250736 8.3549998132512 6.7199998497963
-9999 -9999 -9999 -9999 -9999 -9999 -9999 -9999 -9999 -9999 -9999 -9999 -9999 -9999 -9999 -9999 -9999 -9999 -9999 -9999 -9999 -9999 -9999 -9999 -9999 -9999 -9999 11.6899997387081 6.85499984677881 7.0349998427555 7.13499984052032 7.23499983828515 7.30499983672053 7.52499983180314 7.85999982431531 7.9799998216331 8.00499982107431 8.00999982096255 7.93499982263893 7.92999982275069 7.90499982330948 7.86499982420355 7.8099998254329 7.78499982599169 7.88999982364476 8.05999981984496 8.08499981928617 8.0649998197332 8.01499982085079 7.97499982174486 8.05999981984496 8.13999981805682 8.14499981794506 8.2099998164922 8.20499981660396 8.10999981872737 8.10499981883913 7.52499983180314 7.99999982118607 7.99999982118607 12.5999997183681 12.8649997124448
-9999 -9999 -9999 -9999 -9999 -9999 -9999 -9999 -9999 -9999 -9999 -9999 -9999 -9999 -9999 -9999 -9999 -9999 -9999 -9999 -9999 -9999 -9999 -9999 -9999 -9999 11.4499997440726 7.05499984230846 7.17999983951449 7.20999983884394 7.42499983403832 7.38499983493239 7.40499983448535 7.53999983146787 7.67499982845038 7.82499982509762 7.86499982420355 7.8349998248741 7.81999982520938 7.84499982465059 7.88999982364476 7.86499982420355 7.92999982275069 7.894999823533 7.9799998216331 7.95999982208014 7.92499982286245 7.92999982275069 7.95999982208014 7.91999982297421 8.00999982096255 8.00999982096255 8.09999981895089 8.13499981816858 8.11499981861562 8.11499981861562 8.05999981984496 8.19999981671572 8.07499981950969 7.95499982219189 6.25499986018986 12.9949997095391
-9999 -9999 -9999 -9999 -9999 -9999 -9999 -9999 -9999 -9999 -9999 -9999 -9999 -9999 -9999 -9999 -9999 -9999 -9999 -9999 -9999 -9999 -9999 -9999 -9999 -9999 6.8299998473376 6.75499984901398 7.1449998402968 7.27499983739108 7.53999983146787 7.5799998305738 7.50999983213842 7.61999982967973 7.69999982789159 7.71999982744455 7.76499982643872 7.75999982655048 7.79999982565641 7.83999982476234 7.88499982375652 7.89999982342124 7.96499982196838 7.94499982241541 7.91499982308596 7.894999823533 7.94499982241541 7.99999982118607 8.04499982018024 8.06999981962144 8.07499981950969 8.10499981883913 8.1499998178333 8.15999981760979 8.03499982040375 7.9799998216331 8.10999981872737 12.8999997116625 13.0049997093156 13.2699997033924 13.4249996999279 13.344999701716
-9999 -9999 -9999 -9999 -9999 -9999 -9999 -9999 -9999 -9999 -9999 -9999 -9999 -9999 -9999 -9999 -9999 -9999 -9999 -9999 -9999 -9999 -9999 -9999 -9999 11.3799997456372 11.2799997478724 7.00999984331429 7.04499984253198 7.35999983549118 7.53999983146787 7.58999983035028 7.57499983068556 7.63499982934445 7.68499982822686 7.68499982822686 7.68499982822686 7.72499982733279 7.77499982621521 7.8349998248741 7.894999823533 7.93999982252717 7.94499982241541 7.96499982196838 7.97499982174486 7.96499982196838 7.91999982297421 8.00999982096255 8.1499998178333 8.14499981794506 8.16499981749803 8.19499981682748 8.14499981794506 8.12999981828034 8.10499981883913 8.01499982085079 8.03499982040375 12.929999710992 12.9749997099862 13.2899997029454 13.5599996969104 8.23499981593341
-9999 -9999 -9999 -9999 -9999 -9999 -9999 -9999 -9999 -9999 -9999 -9999 -9999 -9999 -9999 -9999 -9999 -9999 -9999 -9999 -9999 -9999 -9999 -9999 11.1149997515604 6.76499984879047 6.74999984912574 6.90499984566122 6.91999984532595 7.28499983716756 7.30999983660877 7.53499983157963 7.63499982934445 7.62999982945621 7.59499983023852 7.59499983023852 7.68499982822686 7.76499982643872 7.80499982554466 7.85499982442707 7.85499982442707 7.87499982398003 7.90499982330948 7.94999982230365 7.94999982230365 7.96499982196838 7.98999982140958 8.04999982006848 8.21499981638044 8.2699998151511 8.25499981548637 8.22499981615692 8.09999981895089 8.06999981962144 8.00999982096255 7.99499982129782 7.9799998216331 8.18249981710687 13.2299997042865 13.4499996993691 13.614999695681 13.7549996925518
-9999 -9999 -9999 -9999 -9999 -9999 -9999 -9999 -9999 -9999 -9999 -9999 -9999 -9999 -9999 -9999 -9999 -9999 -9999 -9999 -9999 -9999 -9999 -9999 12.5349997198209 6.83499984722584 6.85499984677881 6.8899998459965 7.17499983962625 7.13499984052032 7.3499998357147 7.16999983973801 7.4349998338148 7.61499982979149 7.64999982900918 7.70999982766807 7.75999982655048 7.749999826774 7.78999982587993 7.82999982498586 7.85499982442707 7.85499982442707 7.86999982409179 7.92499982286245 7.96999982185662 8.01499982085079 8.05499981995672 8.08499981928617 8.23999981582165 8.28499981481582 8.24499981570989 8.19499981682748 8.15999981760979 8.13499981816858 8.05999981984496 8.03499982040375 7.92499982286245 8.20499981660396 8.2949998145923 8.26499981526285 8.29999981448054 8.28999981470406
-9999 -9999 -9999 -9999 -9999 -9999 -9999 -9999 -9999 -9999 -9999 -9999 -9999 -9999 -9999 -9999 -9999 -9999 -9999 -9999 -9999 -9999 -9999 11.8449997352436 6.85499984677881 6.93999984487891 7.07499984186143 7.0349998427555 7.04499984253198 7.09999984130263 7.17499983962625 7.32499983627349 7.48499983269721 7.54499983135611 7.64999982900918 7.72499982733279 7.73499982710928 7.76999982632697 7.82999982498586 7.87999982386827 7.91499982308596 7.90999982319772 7.93499982263893 7.97499982174486 8.01999982073903 8.06999981962144 8.08499981928617 8.11499981861562 8.08999981917441 8.08999981917441 8.17499981727451 8.13999981805682 8.14499981794506 8.13999981805682 8.15499981772155 8.10999981872737 8.10999981872737 8.15999981760979 8.18499981705099 8.11999981850386 8.16499981749803 8.18499981705099
-9999 -9999 -9999 -9999 -9999 -9999 -9999 -9999 -9999 -9999 -9999 -9999 -9999 -9999 -9999 -9999 -9999 -9999 -9999 -9999 -9999 -9999 11.9649997325614 6.79499984811991 6.92999984510243 7.13999984040856 7.22499983850867 7.12999984063208 7.06499984208494 6.99999984353781 7.15499984007329 7.31999983638525 7.40499983448535 7.54499983135611 7.68499982822686 7.63499982934445 7.85999982431531 7.86499982420355 7.88499982375652 7.92999982275069 7.98999982140958 7.99999982118607 8.03499982040375 8.06999981962144 8.04499982018024 8.00499982107431 8.06999981962144 8.10999981872737 8.1249998183921 8.10999981872737 8.15999981760979 8.19999981671572 8.2099998164922 8.20499981660396 8.20499981660396 8.21499981638044 8.24499981570989 8.24499981570989 8.21999981626868 8.16499981749803 8.11499981861562 8.02999982051551
-9999 -9999 -9999 -9999 -9999 -9999 -9999 -9999 -9999 -9999 -9999 -9999 -9999 -9999 -9999 -9999 -9999 -9999 -9999 -9999 -9999 12.8399997130036 6.67499985080212 6.80999984778464 7.02999984286726 7.19499983917922 7.27999983727932 7.2899998370558 7.22499983850867 7.23499983828515 7.30999983660877 7.35499983560294 7.36499983537942 7.44499983359128 7.54499983135611 7.55499983113259 7.62999982945621 7.80499982554466 7.96499982196838 7.96999982185662 7.96999982185662 7.95999982208014 8.01499982085079 8.02999982051551 8.039999820292 8.01999982073903 8.10499981883913 8.13999981805682 8.12999981828034 8.12999981828034 8.11999981850386 8.14499981794506 8.15999981760979 8.18499981705099 8.20499981660396 8.15499981772155 8.16499981749803 8.20499981660396 8.22999981604517 8.19499981682748 8.14499981794506 8.18999981693923
-9999 -9999 -9999 -9999 -9999 -9999 -9999 -9999 -9999 -9999 -9999 -9999 -9999 -9999 -9999 -9999 -9999 -9999 -9999 -9999 12.2749997256324 6.5999998524785 7.0599998421967 7.01999984309077 7.02999984286726 7.15999983996153 7.27999983727932 7.31999983638525 7.35499983560294 7.39499983470887 7.39499983470887 7.39499983470887 7.40999983437359 7.47499983292073 7.52499983180314 7.63499982934445 7.74499982688576 7.83999982476234 7.93499982263893 7.93999982252717 7.97499982174486 8.01499982085079 7.98999982140958 8.03499982040375 8.00999982096255 8.01499982085079 8.02499982062727 8.04999982006848 8.03499982040375 8.04499982018024 8.02499982062727 8.03499982040375 8.039999820292 8.07499981950969 8.07499981950969 8.0649998197332 8.04499982018024 8.06999981962144 8.23499981593341 8.17499981727451 8.19999981671572 8.20499981660396
-9999 -9999 -9999 -9999 -9999 -9999 -9999 -9999 -9999 -9999 -9999 -9999 -9999 -9999 -9999 -9999 -9999 -9999 -9999 6.5749998530373 6.57999985292554 6.55499985348433 6.51999985426664 6.70999985001981 7.00499984342605 7.17999983951449 7.27499983739108 7.32499983627349 7.28499983716756 7.29499983694404 7.28499983716756 7.33499983604997 7.42999983392656 7.51499983202666 7.54999983124435 7.64999982900918 7.70499982777983 7.894999823533 7.84999982453883 7.89999982342124 8.00999982096255 7.96499982196838 7.98499982152134 8.00999982096255 7.98999982140958 7.96999982185662 7.99999982118607 8.01499982085079 8.01499982085079 7.99999982118607 8.00499982107431 7.99499982129782 7.98499982152134 8.01999982073903 8.16499981749803 13.4499996993691 8.09499981906265 8.11999981850386 8.18499981705099 13.9649996878579 7.48499983269721 13.6849996941164
-9999 -9999 -9999 -9999 -9999 -9999 -9999 -9999 -9999 -9999 -9999 -9999 -9999 -9999 -9999 -9999 -9999 6.01499986555427 6.1149998633191 6.42499985639006 6.47999985516071 6.63999985158443 6.58499985281378 6.76499984879047 7.02499984297901 7.13499984052032 7.22999983839691 7.21999983862042 7.35999983549118 7.29999983683228 7.23999983817339 7.31999983638525 7.37999983504415 7.46999983303249 7.52499983180314 7.52999983169138 7.54999983124435 7.61499982979149 6.94499984476715 6.90999984554946 7.50499983225018 7.92499982286245 7.894999823533 7.92999982275069 7.94999982230365 7.93499982263893 7.94999982230365 7.96999982185662 7.97499982174486 7.95499982219189 7.96999982185662 13.21999970451 13.1749997055158 13.3399997018278 8.04499982018024 8.04499982018024 13.5549996970221 13.7549996925518 13.799999691546 13.9399996884167 8.15999981760979 8.15999981760979
-9999 -9999 -9999 -9999 -9999 -9999 -9999 -9999 -9999 -9999 -9999 -9999 -9999 -9999 -9999 -9999 -9999 12.9799997098744 6.27499985974282 6.25499986018986 6.30499985907227 6.47499985527247 6.77499984856695 6.70999985001981 6.97999984398484 7.0599998421967 7.07999984174967 7.10499984119087 7.16999983973801 7.22499983850867 7.28499983716756 6.29499985929579 6.40999985672534 6.37999985739589 7.51499983202666 7.5799998305738 7.58499983046204 7.61999982967973 7.48999983258545 7.59499983023852 7.78499982599169 7.81999982520938 7.91499982308596 7.89999982342124 7.91999982297421 7.91999982297421 7.88499982375652 7.91999982297421 8.05999981984496 7.99999982118607 8.00499982107431 12.7299997154623 12.9949997095391 6.94199984483421 6.89699984584004 13.5149996979162 8.17499981727451 8.16499981749803 8.09499981906265 7.97499982174486 8.14499981794506 8.24499981570989
-9999 -9999 -9999 -9999 -9999 -9999 -9999 -9999 -9999 -9999 -9999 -9999 -9999 -9999 -9999 -9999 -9999 -9999 13.1599997058511 6.35999985784292 6.32499985862523 6.35499985795468 6.47999985516071 6.51999985426664 6.85499984677881 6.91999984532595 6.96499984432012 7.01499984320253 7.09499984141439 7.18999983929098 7.25999983772635 7.27999983727932 6.60499985236675 6.74999984912574 7.31499983649701 7.3499998357147 7.40999983437359 7.4949998324737 7.56999983079731 7.64499982912093 7.68499982822686 7.63999982923269 7.6649998286739 7.83999982476234 7.80499982554466 7.78999982587993 7.71999982744455 7.6649998286739 7.49833316573252 7.4466665002207 6.95749984448776 8.16499981749803 8.16499981749803 8.04499982018024 8.09499981906265 8.18999981693923 8.18499981705099 8.17499981727451 8.04999982006848 8.09499981906265 8.22999981604517 8.20499981660396
-9999 -9999 -9999 -9999 -9999 -9999 -9999 -9999 -9999 -9999 -9999 -9999 -9999 -9999 10.6249997625127 11.2799997478724 13.9799996875226 6.29999985918403 6.19499986153096 6.35999985784292 6.32499985862523 6.21999986097217 6.24499986041337 6.49499985482544 6.68499985057861 6.85999984666705 6.89999984577298 6.85499984677881 6.73999984934926 6.90499984566122 7.08999984152615 6.70999985001981 6.54999985359609 6.55999985337257 6.13249986292794 7.24499983806163 7.17499983962625 7.21999983862042 7.37999983504415 7.5199998319149 7.62499982956797 7.54999983124435 7.56999983079731 7.60999982990324 7.56499983090907 7.47499983292073 7.50499983225018 7.36333316875001 7.51333316539725 13.1849997052923 13.5899996962398 7.56666649753849 7.54999983124435 7.60833316327383 7.63999982923269 8.28999981470406 8.28999981470406 7.65666649552683 14.4699996765703 14.0649996856228 13.4599996991456 8.0649998197332
-9999 -9999 -9999 -9999 -9999 -9999 -9999 -9999 -9999 -9999 -9999 -9999 -9999 11.1049997517839 6.5633331866314 6.63666651832561 11.9649997325614 6.29499985929579 5.98999986611307 5.85499986913055 5.78499987069517 6.23499986063689 6.39499985706061 6.53499985393137 6.68499985057861 6.75499984901398 6.8049998478964 6.72499984968454 6.72999984957278 6.7449998492375 6.76499984879047 6.74999984912574 6.67499985080212 7.05499984230846 6.26333319333692 6.93499984499067 6.93499984499067 7.49833316573252 7.45999983325601 7.46499983314425 7.14999984018505 7.50333316562076 7.3383331693088 6.48499985504895 7.28833317042639 7.51499983202666 7.57833316394438 7.64833316237976 7.61999982967973 13.4549996992573 6.93499984499067 6.98499984387308 7.22499983850867 7.20999983884394 7.3499998357147 7.40999983437359 8.15999981760979 13.4649996990338 13.5799996964633 13.6199996955693 13.1199997067451 13.4049997003749
-9999 -9999 -9999 -9999 -9999 -9999 -9999 -9999 -9999 -9999 12.369999723509 12.204999727197 12.0099997315556 6.53166652067254 6.48499985504895 12.3399997241795 12.9449997106567 12.8649997124448 12.5849997187033 5.69499987270683 5.06499988678843 5.6549998736009 6.50999985449016 6.54499985370785 6.61999985203147 6.70499985013157 6.78999984823167 6.79999984800816 6.88499984610826 6.9749998440966 7.00999984331429 6.81499984767288 6.83499984722584 6.91499984543771 6.90499984566122 6.87499984633178 6.78499984834343 6.8899998459965 6.91499984543771 7.46333316651483 7.58666649709145 7.58499983046204 6.61999985203147 6.49249985488132 6.65249985130504 12.889999711886 7.56666649753849 7.69999982789159 7.71666649418573 13.1049997070804 7.78499982599169 7.56499983090907 7.66999982856214 7.94499982241541 7.79999982565641 7.90999982319772 7.83833315813293 13.489999698475 13.4199997000396 13.3349997019395 12.8299997132272 12.9999997094274
-9999 -9999 -9999 -9999 -9999 -9999 -9999 -9999 -9999 -9999 12.7599997147918 12.8799997121096 12.369999723509 11.6099997404963 11.4949997430667 11.7399997375906 11.8749997345731 -9999 -9999 9.22999979369342 9.17499979492277 12.4399997219443 6.35499985795468 6.35499985795468 6.93499984499067 6.66499985102564 6.72999984957278 6.7449998492375 6.85499984677881 5.89499986823648 6.22999986074865 6.49499985482544 6.57999985292554 6.8899998459965 6.8049998478964 6.62499985191971 6.7449998492375 6.84999984689057 6.64499985147268 6.69499985035509 6.4899998549372 6.57249985309318 6.56499985326082 6.46749985544011 6.77749984851107 6.75999984890223 7.75166649340342 6.97249984415248 6.97999984398484 7.25999983772635 7.91999982297421 7.91999982297421 8.07499981950969 7.84999982453883 7.38499983493239 7.63499982934445 7.75249982671812 13.4299996998161 13.4499996993691 13.5199996978045 13.1149997068569 13.0399997085333
-9999 -9999 -9999 -9999 -9999 -9999 -9999 -9999 -9999 -9999 -9999 -9999 -9999 -9999 -9999 -9999 -9999 -9999 -9999 -9999 -9999 -9999 -9999 -9999 12.8999997116625 11.8749997345731 6.30166652581344 6.40833319009592 6.17999986186624 6.18999986164272 6.16499986220151 6.23499986063689 6.56499985326082 6.45499985571951 7.30499983672053 7.31999983638525 6.83999984711409 7.21999983862042 7.01499984320253 6.87499984633178 6.92499984521419 6.64499985147268 6.82499984744936 6.84499984700233 6.90999984554946 7.07999984174967 7.07999984174967 7.07249984191731 6.98999984376132 7.06249984214082 7.86499982420355 7.99499982129782 13.5649996967986 13.2799997031689 7.12499984074384 7.56166649765025 7.57333316405614 7.45999983325601 13.3549997014925 13.3549997014925 13.509999698028 13.3499997016042
-9999 -9999 -9999 -9999 -9999 -9999 -9999 -9999 -9999 -9999 -9999 -9999 -9999 -9999 -9999 -9999 -9999 -9999 -9999 -9999 -9999 -9999 -9999 -9999 -9999 10.6396679468453 12.7249997155741 11.9399997331202 12.2399997264147 12.3649997236207 6.37999985739589 6.55499985348433 6.76999984867871 6.36499985773116 6.45499985571951 6.98499984387308 7.27999983727932 6.8049998478964 7.40499983448535 7.50999983213842 7.33999983593822 6.70999985001981 6.8299998473376 6.85999984666705 6.88499984610826 7.05499984230846 6.82249984750524 6.94749984471127 6.9749998440966 7.17249983968213 7.95499982219189 7.95499982219189 7.79499982576817 7.76999982632697 7.45499983336776 7.4349998338148 7.44999983347952 7.57833316394438 7.56999983079731 7.84999982453883 7.82499982509762 7.8099998254329
-9999 -9999 -9999 -9999 -9999 -9999 -9999 -9999 -9999 -9999 -9999 -9999 -9999 -9999 -9999 -9999 -9999 -9999 -9999 -9999 -9999 -9999 -9999 -9999 -9999 -9999 -9999 10.9649997549132 11.2249997491017 11.9549997327849 12.3599997237325 6.28999985940754 6.27499985974282 6.85999984666705 7.21499983873218 7.35999983549118 7.2049998389557 6.96499984432012 6.7449998492375 6.83499984722584 7.42166650077949 7.61999982967973 7.62499982956797 7.69999982789159 7.05499984230846 6.81999984756112 7.69499982800335 7.70499982777983 7.2649998376146 7.7866664926211 7.77166649295638 7.71999982744455 7.77499982621521 7.71666649418573 7.48499983269721 7.43999983370304 7.63166649608562 7.59999983012676 7.3749998351559 7.3749998351559 7.61166649653266 12.9849997097626
