EcologicalScience/Bass/data/rs_data_bass/sst_298.asc
NCOLS 226 
NROWS 124 
XLLCORNER -9.41648524995501 
YLLCORNER 47.587301625531 
CELLSIZE 0.0833 
NODATA_value -9999 
[rows 0 to 26 of 124, columns 0 to 61 of 226]
-9999.000000000000000 -9999 -9999 -9999 -9999 -9999 -9999 -9999 -9999 -9999 -9999 -9999 -9999 -9999 -9999 -9999 -9999 -9999 -9999 -9999 -9999 -9999 -9999 -9999 -9999 -9999 -9999 -9999 -9999 -9999 -9999 -9999 -9999 -9999 -9999 -9999 -9999 -9999 -9999 -9999 -9999 -9999 -9999 -9999 -9999 -9999 -9999 -9999 -9999 -9999 -9999 -9999 -9999 -9999 -9999 -9999 -9999 -9999 -9999 -9999 -9999 -9999
-9999 -9999 -9999 -9999 -9999 -9999 -9999 -9999 -9999 -9999 -9999 -9999 -9999 -9999 -9999 -9999 -9999 -9999 -9999 -9999 -9999 -9999 -9999 -9999 -9999 -9999 -9999 -9999 -9999 -9999 -9999 -9999 -9999 -9999 -9999 -9999 -9999 -9999 -9999 -9999 -9999 -9999 -9999 -9999 -9999 -9999 -9999 -9999 -9999 -9999 -9999 -9999 -9999 -9999 -9999 -9999 -9999 -9999 -9999 -9999 -9999 -9999
-9999 -9999 -9999 -9999 -9999 -9999 -9999 -9999 -9999 -9999 -9999 -9999 -9999 -9999 -9999 -9999 -9999 -9999 -9999 -9999 -9999 -9999 -9999 -9999 -9999 -9999 -9999 -9999 -9999 -9999 -9999 -9999 -9999 -9999 -9999 -9999 -9999 -9999 -9999 -9999 -9999 -9999 -9999 -9999 -9999 -9999 -9999 -9999 -9999 -9999 -9999 -9999 -9999 -9999 -9999 -9999 -9999 -9999 -9999 -9999 -9999 -9999
-9999 -9999 -9999 -9999 -9999 -9999 -9999 -9999 -9999 -9999 -9999 -9999 -9999 -9999 -9999 -9999 -9999 -9999 -9999 -9999 -9999 -9999 -9999 -9999 -9999 -9999 -9999 -9999 -9999 -9999 -9999 -9999 -9999 -9999 -9999 -9999 -9999 -9999 -9999 -9999 -9999 -9999 -9999 -9999 -9999 -9999 -9999 -9999 -9999 -9999 -9999 -9999 -9999 -9999 -9999 -9999 -9999 -9999 -9999 -9999 -9999 -9999
-9999 -9999 -9999 -9999 -9999 -9999 -9999 -9999 -9999 -9999 -9999 -9999 -9999 -9999 -9999 -9999 -9999 -9999 -9999 -9999 -9999 -9999 -9999 -9999 -9999 -9999 -9999 -9999 -9999 -9999 -9999 -9999 -9999 -9999 -9999 -9999 -9999 -9999 -9999 -9999 -9999 -9999 -9999 -9999 -9999 -9999 -9999 -9999 -9999 -9999 -9999 -9999 -9999 -9999 -9999 -9999 -9999 -9999 -9999 -9999 -9999 -9999
-9999 -9999 -9999 -9999 -9999 13.3606677306816 13.3212225572206 13.4065675688908 13.535660863854 13.6905728178099 13.7780693843961 13.7171086617745 13.7206945866346 13.0816827765666 13.1254310598597 12.9855799903162 12.9217505278066 12.5681783366017 12.5767845562659 12.2734153131023 12.4476912613027 12.4778130301274 12.6850794870406 12.7905056779273 8.87855504942127 10.0260694303509 6.57968382025138 8.21271400153637 12.0525223417208 10.7601550221443 10.7407910278998 11.8561304104298 11.8796807634644 11.3898837188667 12.3249997245148 7.72278261149935 10.3384737728591 12.2299997266382 -9999 10.1279564693104 7.97934201164171 12.4425275295042 13.4880169621902 13.4049997003749 -9999 -9999 -9999 -9999 -9999 -9999 -9999 -9999 -9999 -9999 -9999 -9999 -9999 -9999 -9999 -9999 -9999 -9999
-9999 -9999 -9999 -9999 -9999 13.3240912971087 13.3405865514651 13.4417096325196 13.53422649391 13.5650654477067 13.7830896792002 13.7988677485846 13.5119937597774 13.0709250019863 13.1835230425932 13.1412091292441 13.056581302546 12.9676503660157 12.5373393828049 12.3056886368431 12.3644978045486 12.4369334867224 12.5480971573852 12.817758706864 8.85854385007173 7.3550096739782 11.2564470227808 11.5555131561123 11.701818890404 11.6903439308517 11.4967039884068 12.2265592282638 6.73788364816989 6.52732931729406 6.55745108611882 10.536829858249 12.0099997315556 -9999 -9999 10.8987470336258 11.1385896257125 11.2489678080726 9.90096742566675 11.5152073606849 11.2960196957923 11.6280251345597 -9999 -9999 -9999 -9999 -9999 -9999 -9999 -9999 -9999 -9999 -9999 -9999 -9999 -9999 -9999 -9999
-9999 -9999 -9999 -9999 -9999 13.4266487481073 13.418042528443 13.69415874267 13.7400585808791 13.653996384237 13.6532791992649 13.5715201124549 13.3147678924724 13.1569871986285 13.1498153489083 13.1957151871175 12.8873256491497 12.6241187644191 12.6685842326842 12.4354991167784 12.2927793073468 12.4010742381215 12.4498428162187 12.7847681981511 12.1146411640851 7.8953596514184 11.4601275548339 11.5648365607485 11.7857295321301 11.8380840350874 11.9635914051905 11.8373668501154 11.7297891043127 11.62221135851 11.9098025322892 12.8425441332698 11.7586836899631 12.3099997248501 12.0549997305498 9.30128645522358 10.8905073751695 12.0358257722845 10.4834650599398 11.7247688095085 11.1049297443591 -9999 -9999 -9999 -9999 -9999 -9999 -9999 -9999 -9999 -9999 -9999 -9999 -9999 -9999 -9999 -9999 -9999
-9999 -9999 -9999 -9999 -9999 13.455336146988 13.5148624996655 13.6375011298805 13.654713569209 13.7845240491442 13.6618854189292 13.5277718291618 13.4015472740866 13.1412091292441 13.3319803318009 13.1562700136565 13.0486922678538 12.6147953597829 12.3630634346046 12.539490937721 12.2755668680184 12.3444166253321 12.5301675330848 9.44340341351926 9.60302139021289 10.8335469509475 11.663808086887 11.8832666883245 12.0259864977561 12.4168523075059 12.2440107292496 12.2848902726546 11.903347867541 11.583483370021 11.506027393043 11.3876918726601 11.9332943244837 10.2703485994014 10.5662525037807 12.9272743780166 9.88480477883359 11.5514491079375 9.51337572122398 -9999 10.9162463469431 10.8306003145643 9.33499979134649 -9999 -9999 -9999 -9999 -9999 -9999 -9999 -9999 -9999 -9999 -9999 -9999 -9999 -9999 -9999
-9999 -9999 -9999 -9999 -9999 13.6461073495448 13.5951872165315 13.5500045632944 13.8763237255625 13.773766274564 13.6776634883136 13.5543076731265 13.5069734649733 13.6453901645727 13.4417096325196 13.3922238694504 13.2860804935917 12.4154179375619 12.3229010761715 12.4749442902394 12.4577318509109 12.4907223596238 12.4799645850435 12.5552690071054 11.8987187645398 11.6171910637058 11.8660542489961 12.142887648195 12.3623462496325 12.3530228449963 12.0252693127841 11.7577593182214 11.5167851676233 11.3826715778559 11.3948637223803 11.3841059478 11.3023468609899 11.7950529367663 12.2411419893615 10.4041444020346 12.2457140435581 11.6463348530233 9.60519328892811 11.5151458876873 11.8298876354072 12.8938951655838 12.0949997296557 -9999 -9999 -9999 -9999 -9999 -9999 -9999 -9999 -9999 -9999 -9999 -9999 -9999 -9999 -9999
-9999 -9999 -9999 -9999 -9999 13.4395580776036 13.5119937597774 13.6532791992649 13.8117770780809 13.6891384478658 13.773766274564 13.8332926272415 13.7135227369145 13.7106539970264 13.855525361374 13.6353495749645 12.6707357876003 11.984389769379 11.9363383762538 12.1493423129432 12.2038483708166 12.3150120414793 12.4025086080655 11.6907025233377 11.748568725617 12.5717642614618 12.0991393649019 12.3336588507518 12.1306955036707 12.1106143244542 12.0596941914409 11.6917783007957 11.4708853294142 11.2514267279766 11.5874278873671 11.4364604507573 11.6387066128664 12.0898159602657 11.7649311679415 11.2858516066335 12.5600843919175 10.9681386640295 10.4488170570694 14.1442509913817 11.7937460663728 12.039999730885 -9999 -9999 -9999 -9999 -9999 -9999 -9999 -9999 -9999 -9999 -9999 -9999 -9999 -9999 -9999 -9999
-9999 -9999 -9999 -9999 -9999 13.6733603784814 13.5564592280425 13.6095309159718 13.816797372885 13.6891384478658 13.6353495749645 14.0111545003019 13.9896389511414 13.6023590662517 13.733603916131 13.4452955573797 11.6501815724187 11.8603167692199 11.8574480293319 11.9750663647428 12.0962706250139 11.9793694745749 11.7120985416695 8.95523950923234 11.3709575566463 12.658543643076 12.6126438048668 12.4692068104632 12.2698293882422 11.8101138211787 12.0561082665808 11.9929959890433 11.7340922141448 11.7936185668223 11.4170964565128 11.5189367225394 11.2822656817734 11.2750938320532 11.7893154569902 11.6817377111875 11.1825769706629 11.3001953060739 13.2298282462213 11.324356470909 11.3722166147083 11.6823592714965 12.2549997260794 -9999 -9999 -9999 -9999 -9999 -9999 -9999 -9999 -9999 -9999 -9999 -9999 -9999 -9999 -9999
-9999 -9999 -9999 -9999 -9999 13.6776634883136 13.4926297655329 13.5951872165315 13.5994903263636 13.4868922857568 13.5256202742457 13.5973387714475 13.5650654477067 13.1534012737684 13.178502747789 12.2346873246133 12.0697347810492 11.6042817342095 11.6774346013553 11.9119540872052 11.8581652143039 11.7068391852081 11.3729895807337 11.9499648907222 12.5688955215737 12.5516830822453 12.5516830822453 12.5043488740921 12.4405194115825 12.2920621223748 12.0783410007134 12.219626440201 11.8423871449195 11.7634967979975 11.8086794512346 11.6817377111875 11.502441468183 11.5160679826513 10.2014679289423 11.8151341159828 11.4751884392463 11.664525271859 12.0087740584277 11.9047822374851 10.2468783998424 12.1299997288734 -9999 -9999 -9999 -9999 -9999 -9999 -9999 -9999 -9999 -9999 -9999 -9999 -9999 -9999 -9999 -9999
-9999 -9999 -9999 -9999 -9999 13.9917905060574 13.7981505636126 13.5930356616154 13.5170140545815 13.5012359851971 13.2057557767257 13.3599505457096 13.6998962224461 13.3570818058215 12.73815117497 12.5043488740921 12.221777995117 12.0969878099859 12.3523056600243 12.0338755324483 11.6760002314113 11.4267784536351 11.8000732315704 12.5861079609022 12.5731986314058 12.6807763772085 12.6155125447549 12.6033204002306 12.3630634346046 12.1091799545102 12.0912503302097 11.9083681623451 11.9069337924011 11.8129825610667 11.9241462317295 11.4170964565128 11.5289773121476 11.6071504740976 11.7685170928016 11.8474074397236 11.8581652143039 11.7950529367663 12.1764379110324 11.7139950974844 11.8749997345731 -9999 -9999 -9999 -9999 -9999 -9999 -9999 -9999 -9999 -9999 -9999 -9999 -9999 -9999 -9999 -9999 -9999
-9999 -9999 -9999 -9999 -9999 13.4890438406728 13.577257592231 13.6590166790411 13.5399639736861 13.5980559564196 13.2272713258862 13.415173788555 13.4115878636949 13.537095233798 13.1648762333207 12.5100863538682 12.3630634346046 12.6757560824044 13.2100588865578 12.1142002493143 12.0826441105455 11.8653370640241 12.9099169757683 12.5351878278889 13.017853314057 12.6420483887196 12.1443220181391 12.1658375672996 12.1220892840065 12.223212365061 12.0374614573084 12.0582598214969 12.0446333070286 12.2899105674587 12.261223168578 11.7383953239769 11.7305062892847 11.4895321386866 11.9349040063098 13.5852731889771 10.8071024339081 13.3241667902636 10.8170221496447 12.0002738574115 10.6196915249843 11.9425601520752 -9999 -9999 -9999 -9999 -9999 -9999 -9999 -9999 -9999 -9999 -9999 -9999 -9999 -9999 -9999 -9999
-9999 -9999 -9999 -9999 -9999 13.1670277882367 13.4790032510646 13.5614795228466 13.6525620142929 13.6317636501044 13.6747947484255 13.8626972110942 13.815363002941 13.735038286075 13.5837122569792 13.3011413780041 13.057298487518 12.8758506895974 13.0336313834414 13.2860804935917 12.9741050307639 13.0788140366785 13.13618883444 13.0651875222102 13.3226569271646 12.02383494284 11.6853236360475 11.9521164456382 12.2117374055088 12.3838617987931 12.4491256312467 12.4534287410788 12.2590716136619 12.2189092552289 11.6301003932022 11.4730368843302 11.5956755145453 11.6781517863274 12.0374614573084 13.948520346079 14.0794371811262 10.4970045452205 12.2480913966839 -9999 -9999 -9999 -9999 13.2249997043982 13.2249997043982 -9999 -9999 -9999 -9999 -9999 -9999 -9999 -9999 -9999 -9999 -9999 -9999 -9999
-9999 -9999 -9999 -9999 -9999 13.1856745975092 13.6281777252443 13.6776634883136 13.5127109447494 13.5385296037421 13.7472304305993 13.855525361374 13.972426511813 13.9537797025405 13.8189489278011 13.7249976964667 13.6676228987053 13.6640369738452 13.535660863854 13.5256202742457 13.7544022803195 13.6253089853562 13.0938749210909 12.2856074576266 11.7541733933613 11.4429151155055 11.5282601271756 11.7721030176617 12.3107089316472 12.5631580417976 12.4677724405192 12.5703298915178 11.7699514627457 11.6164738787338 11.5705740405247 11.6351206880063 11.6716971215792 10.7293160683475 10.8380992952734 -9999 -9999 -9999 -9999 -9999 -9999 -9999 -9999 -9999 -9999 -9999 -9999 -9999 -9999 -9999 -9999 -9999 -9999 -9999 -9999 -9999 -9999 -9999
-9999 -9999 -9999 -9999 -9999 13.7407757658511 13.6346323899925 13.7436445057392 13.5528733031824 13.656865124125 13.8024536734447 13.774483459536 13.9803155465052 13.8870815001428 13.7945646387525 13.8261207775213 13.7622913150117 13.6274605402723 13.6052278061397 13.6425214246847 13.4617908117361 13.5880153668113 12.8292336664163 11.8925900929607 11.7721030176617 11.7713858326897 11.4185308264568 11.2858516066335 11.7900326419622 12.0180974630639 11.9277321565896 11.8488418096676 11.7391125089489 11.7900326419622 11.901196312625 11.982238214463 12.1163518042304 11.3726961868815 14.614394523351 10.8124370007786 11.6199997402728 -9999 -9999 -9999 -9999 -9999 -9999 -9999 -9999 -9999 -9999 -9999 -9999 -9999 -9999 -9999 -9999 -9999 -9999 -9999 -9999 -9999
-9999 -9999 -9999 -9999 -9999 13.4510330371559 13.1526840887964 13.6633197888732 13.6762291183695 13.8713034307584 13.8010193035007 13.9071626793593 13.8117770780809 13.816797372885 13.7601397600956 13.6339152050205 13.7214117716067 13.6045106211677 13.3104647826403 13.4144566035829 13.4911953955889 12.6348765389994 12.8629413601011 12.5043488740921 12.3185979663394 12.0546738966368 12.0023193936795 11.9069337924011 11.8782463935204 11.7864467171021 11.8043763414025 11.9886928792112 11.6042817342095 11.5691396705806 11.8782463935204 11.9743491797708 12.3164464114234 12.2447279142216 11.5106492517516 9.92647595061744 10.8206964071046 -9999 12.602964425208 8.9829224089881 11.7649311679415 12.1599997282028 -9999 -9999 -9999 -9999 -9999 -9999 -9999 -9999 -9999 -9999 -9999 -9999 -9999 -9999 -9999 -9999
-9999 -9999 -9999 -9999 -9999 13.3018585629761 13.3434552913532 13.6841181530617 14.0298013095744 14.0685292980634 14.0735495928675 14.0391247142106 14.0326700494625 13.9286782285199 13.7171086617745 13.5399639736861 13.016418944113 13.0271767186932 13.1096529904753 13.1340372795239 13.415173788555 13.4359721527435 12.660695197992 13.0106814643368 12.7711416836828 12.6398968338035 12.3078401917592 12.1220892840065 12.0776238157414 11.8552964744158 11.980803844519 12.0647144862451 11.9349040063098 11.902630682569 12.0726035209373 11.9148228270933 11.0585039705038 12.1500594979152 12.0776238157414 12.5667439666577 12.371829028707 11.9133884571493 12.0152287231758 11.4952696184628 10.5045502981171 12.9969705751659 12.8849997119978 -9999 -9999 -9999 -9999 -9999 -9999 -9999 -9999 -9999 -9999 -9999 -9999 -9999 -9999 -9999
-9999 -9999 -9999 -9999 -9999 13.9896389511414 13.7924130838364 14.0269325696863 14.0376903442666 13.894253349863 13.9007080146112 14.012588870246 14.1029541767202 14.3747672811151 13.85409099143 13.6123996558599 13.1498153489083 13.5650654477067 13.2100588865578 13.537095233798 13.656865124125 13.4675282915123 13.1871089674532 12.8837397242896 12.698706001509 12.659260828048 12.4928739145398 12.0790581856854 12.0553910816088 12.2942136772908 12.2002624459565 11.9054994224571 11.8452558848076 11.8839838732965 12.0424817521125 11.783577977214 11.9456617808901 12.0317239775322 11.783577977214 11.7728202026337 11.8079622662626 11.8875697981566 11.1646473463625 11.6028473642655 10.627475802321 12.9220902470039 -9999 -9999 -9999 -9999 -9999 -9999 -9999 -9999 -9999 -9999 -9999 -9999 -9999 -9999 -9999 -9999
-9999 -9999 -9999 -9999 -9999 14.3267158879898 14.3417767724022 14.4443342234008 14.3797875759192 14.2083803676069 14.1574602345936 14.052034043707 14.135227500461 14.2700582752004 13.4510330371559 13.653996384237 13.0472578979097 13.8892330550589 14.0276497546583 14.0764183327556 13.7938474537805 13.6769463033415 13.3592333607376 13.5951872165315 13.5256202742457 12.7474745796062 12.4039429780096 12.422589787282 12.3580431398004 12.3939023884013 12.6477858684957 12.1737266019918 12.1256752088666 11.9090853473172 11.7986388616264 11.8818323183805 12.0188146480359 12.0969878099859 12.1873531164601 11.6867580059916 12.0188146480359 11.2722250921652 11.7240516245365 10.6042650886811 10.5453907223418 11.4350260808133 11.3286567425661 -9999 -9999 8.89841967603258 -9999 -9999 -9999 -9999 10.9150669761002 -9999 -9999 -9999 -9999 -9999 -9999 -9999
-9999 -9999 -9999 -9999 -9999 14.5411541946232 14.5569322640076 14.1603289744817 14.3267158879898 14.2478255410679 14.2456739861518 14.3252815180458 14.1825617086142 14.1961882230826 14.612155506853 14.0627918182872 13.6891384478658 14.4256874141283 14.5669728536159 14.2499770959839 13.9939420609735 13.892818979919 13.9867702112533 13.9631031071767 13.3434552913532 13.3111819676124 12.7266762154177 12.4419537815265 12.4950254694559 12.5143894637004 13.0723593719304 12.2253639199771 12.2676778333262 12.340830700472 12.0697347810492 11.861033954192 11.9671773300506 11.784295162186 11.3042115419172 12.2447279142216 13.6597338640131 11.541249143891 13.1642486964702 10.6427322826348 11.4551072600298 10.2552568018436 11.2048097047955 9.3412520157769 9.23106287292903 9.06978590234649 -9999 -9999 -9999 9.76955405691425 9.57241832761125 -9999 -9999 -9999 -9999 -9999 -9999 -9999
-9999 -9999 -9999 -9999 -9999 14.533265159931 14.5920743276365 14.2808160497807 14.5425885645673 14.4593951078132 14.2485427260399 14.5103152408265 14.9664448830299 14.5583666339517 14.5985289923847 14.3496658070944 14.7541581313126 14.4794762870297 14.4428998534568 14.2248756219633 13.9781639915891 13.2810601987876 12.9884487302043 12.7575151692145 12.9167302330025 12.8148899669759 12.1098971394822 11.863185509108 12.0381786422804 11.584200554993 11.6279488382861 11.5770287052728 11.6903439308517 11.8495589946397 11.7670827228576 11.6501815724187 11.7993560465984 12.0575426365249 12.3508712900802 12.5524002672173 12.4448225214146 9.90228226478212 11.4199651964009 9.55528426915407 10.2323068827391 10.627475802321 -9999 9.14505446515977 9.93969541415572 9.79660966244231 8.36507122632166 8.51470760973211 -9999 9.573391657251 7.59136655557365 -9999 -9999 -9999 -9999 -9999 -9999 -9999
-9999 -9999 -9999 -9999 -9999 14.0384075292386 14.3489486221224 14.133075945545 14.4859309517778 14.7390972469002 14.5526291541755 14.3152409284376 14.653035050258 14.5124667957425 14.251411465928 13.9480422227643 13.9781639915891 14.6207617265172 14.2757957549766 14.5253761252388 13.9717093268409 13.0938749210909 12.7367168050259 12.1256752088666 11.9772179196589 12.2418591743335 12.103442474734 11.5547959711403 11.6372722429223 11.6344035030343 11.5397350867279 11.4866633987986 11.5124820577912 11.4924008785747 11.4952696184628 11.5383007167839 11.8000732315704 12.2447279142216 10.3541145996209 7.41705068247393 10.6320666450461 10.6671281625517 7.51223943936639 10.6017288618255 10.9505676322151 9.00735495053232 -9999 13.0149997090921 9.50784760600488 10.2980089948978 9.30661448205853 9.1965057027199 13.499394564323 15.0294408603018 11.5769131250625 -9999 -9999 -9999 -9999 -9999 -9999 -9999
-9999 -9999 -9999 -9999 -9999 14.3898281655274 15.1557817156427 14.9822229524143 14.1753898588941 14.1244697258808 14.254997390788 14.6781365242787 14.7276222873479 15.0797601086088 14.1230353559367 14.2707754601724 13.9157688990235 14.4966887263581 14.0305184945464 13.8992736446671 13.2215338461101 12.58180485107 12.0804925556295 12.1098971394822 12.1321298736148 11.9478133358061 12.2576372437179 11.7728202026337 11.3023468609899 11.2915890864097 11.2750938320532 11.2937406413257 11.3159733754583 11.2578813927248 11.2858516066335 8.92129275389016 9.12147733052411 9.55543707247267 7.8349998248741 9.53132093650208 7.6282082493417 12.8952146838419 12.3307901108637 11.902630682569 11.7921841968782 9.37679385196083 9.05913258731649 -9999 9.52403549537329 11.4288869774528 13.2824945687316 14.6788537092507 11.3020710206161 14.0584887084551 13.7202929630503 13.8699996899813 -9999 -9999 -9999 -9999 -9999 -9999
-9999 -9999 -9999 -9999 -9999 14.5067293159664 15.249015762005 14.8681905418634 14.3647266915068 14.135227500461 14.5884884027764 14.5526291541755 14.5411541946232 14.4852137668058 14.5103152408265 14.2693410902284 14.2284615468234 14.5676900385879 14.2879878995009 13.0515610077418 13.3950926093385 12.8693960248493 12.6040375852026 11.7807092373259 11.4730368843302 11.6286660232581 11.2378002135083 11.4034699420445 11.2464064331725 11.0699789300561 11.1947691151872 11.1381115023978 11.1510208318941 11.2750938320532 10.1605883855373 9.62071360583202 11.624362913426 11.6874751909636 -9999 10.4481158095412 12.8701132098213 12.8421429959126 12.4247413421981 12.0016022087075 12.6700186026283 11.9459008425474 -9999 12.395097696688 13.6446729796007 12.9898831001483 14.1989545079746 14.0845225229394 13.8842127602547 12.380275873933 14.0149996867403 -9999 -9999 -9999 -9999 -9999 -9999 -9999
