EcologicalScience/Bass/data/rs_data_bass/sst_57.asc
NCOLS 226 
NROWS 124 
XLLCORNER -9.41648524995501 
YLLCORNER 47.587301625531 
CELLSIZE 0.0833 
NODATA_value -9999 
[rows 0 to 26 of 124, columns 0 to 61 of 226]
-9999.000000000000000 -9999 -9999 -9999 -9999 -9999 -9999 -9999 -9999 -9999 -9999 -9999 -9999 -9999 -9999 -9999 -9999 -9999 -9999 -9999 -9999 -9999 -9999 -9999 -9999 -9999 -9999 -9999 -9999 -9999 -9999 -9999 -9999 -9999 -9999 -9999 -9999 -9999 -9999 -9999 -9999 -9999 -9999 -9999 -9999 -9999 -9999 -9999 -9999 -9999 -9999 -9999 -9999 -9999 -9999 -9999 -9999 -9999 -9999 -9999 -9999 -9999
-9999 -9999 -9999 -9999 -9999 -9999 -9999 -9999 -9999 -9999 -9999 -9999 -9999 -9999 -9999 -9999 -9999 -9999 -9999 -9999 -9999 -9999 -9999 -9999 -9999 -9999 -9999 -9999 -9999 -9999 -9999 -9999 -9999 -9999 -9999 -9999 -9999 -9999 -9999 -9999 -9999 -9999 -9999 -9999 -9999 -9999 -9999 -9999 -9999 -9999 -9999 -9999 -9999 -9999 -9999 -9999 -9999 -9999 -9999 -9999 -9999 -9999
-9999 -9999 -9999 -9999 -9999 -9999 -9999 -9999 -9999 -9999 -9999 -9999 -9999 -9999 -9999 -9999 -9999 -9999 -9999 -9999 -9999 -9999 -9999 -9999 -9999 -9999 -9999 -9999 -9999 -9999 -9999 -9999 -9999 -9999 -9999 -9999 -9999 -9999 -9999 -9999 -9999 -9999 -9999 -9999 -9999 -9999 -9999 -9999 -9999 -9999 -9999 -9999 -9999 -9999 -9999 -9999 -9999 -9999 -9999 -9999 -9999 -9999
-9999 -9999 -9999 -9999 -9999 -9999 -9999 -9999 -9999 -9999 -9999 -9999 -9999 -9999 -9999 -9999 -9999 -9999 -9999 -9999 -9999 -9999 -9999 -9999 -9999 -9999 -9999 -9999 -9999 -9999 -9999 -9999 -9999 -9999 -9999 -9999 -9999 -9999 -9999 -9999 -9999 -9999 -9999 -9999 -9999 -9999 -9999 -9999 -9999 -9999 -9999 -9999 -9999 -9999 -9999 -9999 -9999 -9999 -9999 -9999 -9999 -9999
-9999 -9999 -9999 -9999 -9999 -9999 -9999 -9999 -9999 -9999 -9999 -9999 -9999 -9999 -9999 -9999 -9999 -9999 -9999 -9999 -9999 -9999 -9999 -9999 -9999 -9999 -9999 -9999 -9999 -9999 -9999 -9999 -9999 -9999 -9999 -9999 -9999 -9999 -9999 -9999 -9999 -9999 -9999 -9999 -9999 -9999 -9999 -9999 -9999 -9999 -9999 -9999 -9999 -9999 -9999 -9999 -9999 -9999 -9999 -9999 -9999 -9999
-9999 -9999 -9999 -9999 -9999 9.95999977737665 9.6749997837469 9.8449997799471 10.0999997742474 10.0899997744709 10.1649997727945 10.0199997760355 9.86999977938831 9.39999978989363 8.8999998010695 8.65499980654567 8.52999980933964 8.39999981224537 8.37499981280416 7.72999982722104 7.72999982722104 7.97749982168898 8.08749981923029 8.15499981772155 11.3384997465648 10.1640906819058 7.99499982129782 7.99499982129782 6.26571414566466 6.8299998473376 7.90374982333742 8.67499980609864 11.3118179289793 12.4509088126096 12.3249997245148 6.86089857710017 10.8267644638853 12.2299997266382 10.755624759593 8.9038233303958 8.36299981307238 10.0249997759238 10.0283331091826 13.244874703954 -9999 -9999 -9999 -9999 -9999 -9999 -9999 -9999 -9999 -9999 -9999 -9999 -9999 -9999 -9999 -9999 -9999 -9999
-9999 -9999 -9999 -9999 -9999 9.8449997799471 9.76499978173524 9.82499978039414 10.1449997732416 10.1599997729063 10.1899997722358 9.89999977871776 9.73999978229403 9.59999978542328 8.67999980598688 8.63499980699271 8.94499980006367 8.48599981032312 8.17499981727451 8.17499981727451 7.91999982297421 8.00999982096255 8.09999981895089 10.0278569187171 9.5756247859681 7.9862498214934 8.01499982085079 8.01499982085079 6.51166652111958 6.56799985319376 8.25999981537461 8.23374981596135 8.3066664809982 12.0951467884759 11.9407350272214 12.7501348501474 12.0099997315556 -9999 11.2447188497845 12.5459779804451 11.0537928563767 8.17099981736392 8.17299981731921 10.1493747731438 9.95171406327614 12.9633330435803 -9999 -9999 -9999 -9999 -9999 -9999 -9999 -9999 -9999 -9999 -9999 -9999 -9999 -9999 -9999 -9999
-9999 -9999 -9999 -9999 -9999 10.1249997736886 10.0949997743592 10.1549997730181 10.194999772124 10.2849997701123 10.0949997743592 9.69499978329986 9.41999978944659 9.31999979168177 9.35499979089946 9.2149997940287 8.69999980553985 8.15999981760979 8.1249998183921 7.72999982722104 7.74142839839416 7.90785696610276 7.93999982252717 8.44846134962371 10.6663790719327 10.2640906796706 8.07874981942587 8.15124981780536 8.2099998164922 8.6028569505683 7.44999983347952 7.44999983347952 8.53428552352956 8.23099981602281 8.48928552453539 9.05142836911338 12.3099997248501 12.3099997248501 12.0549997305498 11.5932350349886 11.5093997427449 13.3911535468382 10.065861843976 10.0875859814214 10.6914703492623 12.1549997283146 -9999 -9999 -9999 -9999 -9999 -9999 -9999 -9999 -9999 -9999 -9999 -9999 -9999 -9999 -9999 -9999
-9999 -9999 -9999 -9999 -9999 10.2249997714534 10.2499997708946 10.2249997714534 10.194999772124 10.1399997733533 10.1049997741356 9.5899997856468 9.20499979425222 8.9849997991696 8.53499980922788 8.37499981280416 7.97499982174486 7.97499982174486 7.8162498252932 7.65214268610414 7.65999982878566 8.52999980933964 8.52999980933964 7.95999982208014 9.26812479284126 8.38899981249124 8.10749981878325 8.09999981895089 8.08249981934205 7.99124982138164 8.18624981702305 8.18999981693923 8.65357123514903 7.24249983811751 8.43499981146306 8.48499981034547 8.72666647161047 11.8649997347966 11.6499997396022 11.6499997396022 12.5649997191504 12.5649997191504 12.2149997269735 12.2149997269735 11.5699997413903 11.5699997413903 9.33499979134649 -9999 -9999 -9999 -9999 -9999 -9999 -9999 -9999 -9999 -9999 -9999 -9999 -9999 -9999 -9999
-9999 -9999 -9999 -9999 -9999 10.174999772571 10.194999772124 10.1899997722358 10.1799997724593 10.0599997751415 9.86999977938831 9.02499979827553 8.64499980676919 8.75999980419874 8.82999980263412 8.54499980900437 8.54499980900437 8.65999980643392 8.65999980643392 8.21499981638044 7.89571410923132 8.19999981671572 8.31399981416762 8.39299981240183 7.09428555571607 8.41999981179833 8.13374981819652 8.1374998181127 7.86666649083296 7.69833316126217 7.45999983325601 7.95749982213601 7.40499983448535 7.69499982800335 7.64166649586211 8.22699981611222 8.57142837984221 8.66214266352888 8.57571409403213 8.37599981278181 8.07285696241472 13.1208568495831 10.8249997580424 7.6005553856699 13.1249997066334 13.0599997080863 12.0949997296557 -9999 -9999 -9999 -9999 -9999 -9999 -9999 -9999 -9999 -9999 -9999 -9999 -9999 -9999 -9999
-9999 -9999 -9999 -9999 -9999 9.71999978274107 8.82799980267882 10.1649997727945 10.0349997757003 10.1149997739121 10.1099997740239 8.72499980498105 8.78499980363995 8.94999979995191 7.93699982259423 8.62499980721623 8.78499980363995 8.8399998024106 8.61142837894814 8.54928552319429 7.8099998254329 7.8099998254329 6.00299986582249 8.27642838643598 8.68690456773731 8.22124981624074 7.78499982599169 7.78499982599169 8.12374981842004 8.17299981731921 8.11799981854856 7.77399982623756 7.7189998274669 7.1449998402968 7.604999830015 7.92124982294627 8.22333314952751 8.24714267280485 8.26285695816789 8.4089998120442 8.43499981146306 8.39666647898654 7.08499984163791 8.55434763488238 12.1799997277558 12.039999730885 -9999 -9999 -9999 -9999 -9999 -9999 -9999 -9999 -9999 -9999 -9999 -9999 -9999 -9999 -9999 -9999
-9999 -9999 -9999 -9999 -9999 9.45999978855252 9.35666645752887 9.34166645786414 9.49249978782609 8.42199981175363 8.34699981343001 8.25699981544167 8.25499981548637 8.15499981772155 8.21499981638044 8.24499981570989 8.68999980576336 8.63499980699271 8.49499981012195 8.09499981906265 7.86249982425943 7.82999982498586 7.68571411392518 9.67596132218694 7.73874982702546 7.94749982235953 8.22749981610104 8.66249980637804 8.56999980844557 8.48124981042929 7.5324998316355 7.25874983775429 7.68624982819892 7.56124983099289 8.13624981814064 7.9066664899389 7.61999982967973 8.89730749343737 8.655714092244 8.56999980844557 7.30199983678758 7.27499983739108 7.87999982386827 12.1955354416942 12.3199997246265 12.4499997217208 12.2549997260794 -9999 -9999 -9999 -9999 -9999 -9999 -9999 -9999 -9999 -9999 -9999 -9999 -9999 -9999 -9999
-9999 -9999 -9999 -9999 -9999 8.93999980017543 10.1199997738004 10.2099997717887 8.84214265950556 8.89299980122596 8.53599980920553 8.34899981338531 8.30699981432408 8.20399981662631 8.1249998183921 8.1249998183921 8.56666647518674 7.61749982973561 8.039999820292 8.10499981883913 8.11499981861562 8.09499981906265 7.88499982375652 7.85249982448295 7.96624982194044 8.40249981218949 7.81499982532114 7.88999982364476 7.74499982688576 7.77999982610345 7.77999982610345 8.24124981579371 8.30749981431291 7.67874982836656 7.47499983292073 6.97374984412454 7.02499984297901 6.49749985476956 8.42142838319497 8.16699981745333 7.69499982800335 7.62249982962385 7.1449998402968 9.88434760515457 11.9649997325614 12.1299997288734 -9999 -9999 -9999 -9999 -9999 -9999 -9999 -9999 -9999 -9999 -9999 -9999 -9999 -9999 -9999 -9999
-9999 -9999 -9999 -9999 -9999 10.0549997752532 8.82749980269 8.84999980218709 8.84499980229884 8.82499980274588 8.50999980978668 8.57249980838969 8.25999981537461 8.81666646959881 7.52999983169138 8.8516664688165 8.38166647932182 8.18166648379217 7.76999982632697 7.76999982632697 8.16499981749803 8.26714267235782 8.31499981414527 8.28499981481582 8.36999981291592 7.93999982252717 7.93999982252717 8.57749980827793 8.53249980928376 8.73999980464578 8.26299981530756 8.50999980978668 8.42874981160276 8.38499981258065 7.87999982386827 7.61624982976355 8.4524998110719 8.43499981146306 7.8929998235777 7.79499982576817 8.27249981509522 8.61833314069857 9.19642836587238 11.8749997345731 11.8749997345731 -9999 -9999 -9999 -9999 -9999 -9999 -9999 -9999 -9999 -9999 -9999 -9999 -9999 -9999 -9999 -9999 -9999
-9999 -9999 -9999 -9999 -9999 9.46249978849664 9.96999977715313 9.83499978017062 9.83499978017062 9.54999978654087 9.54999978654087 8.9849997991696 8.9849997991696 9.01499979849905 9.01499979849905 7.80249982560053 8.85999980196357 7.69499982800335 8.41666647853951 8.33666648032765 8.28499981481582 8.29666648122172 8.32499981392175 8.37166647954533 8.39499981235713 8.21499981638044 8.15499981772155 8.12999981828034 8.01499982085079 8.10999981872737 8.05999981984496 7.92749982280657 7.97749982168898 8.02999982051551 7.93666648926834 8.2699998151511 8.35999981313944 8.33999981358647 8.54727253622629 11.6237928436363 11.6381247398676 11.2999997474253 11.604999740608 11.5999997407198 11.6649997392669 11.6899997387081 -9999 -9999 -9999 -9999 -9999 -9999 -9999 -9999 -9999 -9999 -9999 -9999 -9999 -9999 -9999 -9999
-9999 -9999 -9999 -9999 -9999 10.029999775812 10.0599997751415 10.0449997754768 9.90999977849424 8.82499980274588 8.82499980274588 8.5616664752985 8.51499980967492 8.48666647697488 8.60499980766326 8.6333331403633 8.55833314203968 8.49499981012195 8.48666647697488 8.31999981403351 8.35333314662178 8.51499980967492 7.99999982118607 8.04499982018024 8.96166646635781 8.45499981101602 8.43499981146306 8.41999981179833 8.13499981816858 8.5214283809598 8.58928552230022 8.30333314773937 7.15999983996153 8.59285695079182 8.30999981425703 8.28571410051414 8.2771426721343 8.32571409962007 8.30714267146375 8.5142855239766 12.2961108362716 12.3099997248501 11.1849997499958 -9999 -9999 -9999 -9999 13.2249997043982 13.2249997043982 -9999 -9999 -9999 -9999 -9999 -9999 -9999 -9999 -9999 -9999 -9999 -9999 -9999
-9999 -9999 -9999 -9999 -9999 10.3299997691065 10.3799997679889 9.40749978972599 8.972499799449 9.70499978307635 9.70499978307635 8.8399998024106 8.8399998024106 8.76833313734581 7.95999982208014 7.94499982241541 7.94499982241541 7.82499982509762 7.82499982509762 7.894999823533 7.87999982386827 7.90499982330948 7.89999982342124 8.95999979972839 8.23999981582165 7.88499982375652 7.98499982152134 7.67999982833862 7.6649998286739 7.64999982900918 8.57499980833381 8.57499980833381 8.16249981755391 8.24999981559813 7.76999982632697 7.72399982735515 8.2278569589502 9.98565195071632 13.8649996900931 -9999 -9999 -9999 -9999 -9999 -9999 -9999 -9999 -9999 -9999 -9999 -9999 -9999 -9999 -9999 -9999 -9999 -9999 -9999 -9999 -9999 -9999 -9999
-9999 -9999 -9999 -9999 -9999 10.1099997740239 10.1199997738004 10.1299997735769 9.99999977648258 9.36874979059212 9.1549997953698 9.08499979693443 9.56999978609383 9.56999978609383 9.54499978665262 8.83499980252236 9.03999979794025 9.05499979760498 9.1549997953698 9.1549997953698 8.47499981056899 8.56999980844557 9.4449997888878 9.45499978866428 9.43499978911132 7.83999982476234 7.82499982509762 7.78999982587993 7.60299983005971 8.17428553157619 8.24499981570989 8.24499981570989 8.15499981772155 7.91124982316978 7.89249982358888 8.27499981503934 8.09249981911853 8.12333315176268 8.08899981919676 8.67205862969379 11.6199997402728 -9999 -9999 -9999 -9999 -9999 -9999 -9999 -9999 -9999 -9999 -9999 -9999 -9999 -9999 -9999 -9999 -9999 -9999 -9999 -9999 -9999
-9999 -9999 -9999 -9999 -9999 10.4049997674301 10.2649997705594 10.0149997761473 10.069999774918 9.93499977793545 9.8199997805059 9.88499977905303 9.83999978005886 9.76499978173524 9.61999978497624 9.44999978877604 9.35499979089946 9.3849997902289 9.1549997953698 8.32499981392175 8.46499981079251 8.41499981191009 8.7549998043105 9.49999978765845 9.62499978486449 7.93499982263893 7.85499982442707 7.74499982688576 7.67999982833862 7.45999983325601 7.51499983202666 7.77499982621521 7.69999982789159 7.65999982878566 7.68999982811511 7.96499982196838 7.79999982565641 7.7229998273775 7.71499982755631 12.5749997189268 11.334999746643 -9999 -9999 9.24973663535753 7.54999983124435 7.54999983124435 -9999 -9999 -9999 -9999 -9999 -9999 -9999 -9999 -9999 -9999 -9999 -9999 -9999 -9999 -9999 -9999
-9999 -9999 -9999 -9999 -9999 10.464999766089 10.4149997672066 10.3949997676536 10.31999976933 10.0449997754768 9.88499977905303 9.93499977793545 9.64999978430569 9.66999978385866 9.59499978553504 9.54999978654087 9.52499978709966 9.2149997940287 9.19999979436398 9.27999979257584 8.8399998024106 9.01999979838729 8.8399998024106 9.20999979414046 9.73499978240579 7.88999982364476 8.039999820292 8.09499981906265 7.78499982599169 6.28666652614872 6.17999986186624 7.44333316696187 7.97499982174486 7.96499982196838 7.94999982230365 7.96499982196838 7.93142839414733 8.40045435768976 9.00999979861081 6.84071413281241 7.06299984212965 7.09399984143674 7.17899983953685 7.88699982371181 7.87499982398003 6.99333317702015 -9999 -9999 -9999 -9999 -9999 -9999 -9999 -9999 -9999 -9999 -9999 -9999 -9999 -9999 -9999 -9999
-9999 -9999 -9999 -9999 -9999 10.5199997648597 10.5299997646362 10.4499997664243 10.3249997692183 10.3249997692183 10.2299997713417 10.2499997708946 9.91499977838248 9.50499978754669 9.78999978117645 9.07999979704618 8.61999980732799 8.33999981358647 8.84999980218709 9.33999979123473 9.48499978799373 9.57499978598207 9.85499977972358 9.87999977916479 9.78499978128821 9.49999978765845 8.46499981079251 8.02499982062727 8.0649998197332 8.49749981006607 8.58749980805442 8.00199982114136 7.9509998222813 7.11499984096736 7.07749984180555 7.62624982954003 7.61624982976355 7.93999982252717 6.99499984364957 6.97099984418601 7.86666649083296 7.91499982308596 7.97499982174486 7.70249982783571 8.2197056986282 13.4939127418658 -9999 -9999 -9999 -9999 -9999 -9999 -9999 -9999 -9999 -9999 -9999 -9999 -9999 -9999 -9999 -9999
-9999 -9999 -9999 -9999 -9999 10.6799997612834 10.5549997640774 10.4499997664243 10.3549997685477 10.4249997669831 10.3699997682124 10.2349997712299 9.49833312102904 9.904999778606 9.904999778606 8.27499981503934 9.37999979034066 9.5299997869879 9.57999978587031 9.61999978497624 9.78999978117645 9.93999977782369 9.97499977704138 9.89499977882951 9.8199997805059 9.69499978329986 9.28999979235232 8.14499981794506 8.08999981917441 8.04999982006848 8.10199981890619 8.15699981767684 7.90499982330948 7.42599983401597 7.13666650714974 7.24833317132046 8.04249982023612 7.8369998248294 7.65199982896447 8.01142839235919 7.9683331552272 7.96999982185662 7.96666648859779 8.28928552900574 9.32142836307841 8.5912498079706 8.35333314662178 -9999 -9999 -9999 -9999 -9999 -9999 -9999 10.9150669761002 -9999 -9999 -9999 -9999 -9999 -9999 -9999
-9999 -9999 -9999 -9999 -9999 10.5249997647479 10.5199997648597 10.5099997650832 10.4949997654185 10.4599997662008 10.4449997665361 10.2799997702241 10.1149997739121 9.97999977692962 9.83499978017062 9.33499979134649 9.71999978274107 9.83999978005886 9.36499979067594 9.9899997767061 9.96999977715313 9.97999977692962 10.0999997742474 10.029999775812 9.91999977827072 9.89999977871776 9.36999979056418 8.16999981738627 8.33666648032765 8.04499982018024 7.71499982755631 8.1249998183921 8.36999981291592 7.2339998383075 7.21999983862042 7.31666650312642 7.5262498317752 7.80749982548878 7.80312482558656 7.66749982861802 7.68799982815981 7.56799983084202 7.8099998254329 9.09833312996974 8.54029392675661 8.63124980707653 11.2048097047955 -9999 -9999 -9999 -9999 -9999 -9999 -9999 -9999 -9999 -9999 -9999 -9999 -9999 -9999 -9999
-9999 -9999 -9999 -9999 -9999 10.5999997630715 10.5699997637421 10.5199997648597 10.4799997657537 10.2649997705594 10.1049997741356 10.1899997722358 10.069999774918 9.96999977715313 9.79999978095293 9.78499978128821 9.96999977715313 10.0349997757003 10.1349997734651 10.0599997751415 9.97999977692962 10.0049997763708 9.97499977704138 10.029999775812 10.0199997760355 9.92499977815896 9.6999997831881 9.10499979648739 8.94999979995191 8.60799980759621 8.20499981660396 8.20499981660396 8.40999981202185 8.40999981202185 7.89799982346594 7.52874983171932 7.60249983007088 7.64124982920475 7.61499982979149 7.59999983012676 8.18166648379217 8.88624980137683 8.54374980903231 8.49357123872531 8.4435712398429 11.1772578146849 -9999 8.54675419493006 8.54675419493006 16.3149996353313 -9999 -9999 -9999 10.5233330981185 10.7133330938717 -9999 -9999 -9999 -9999 -9999 -9999 -9999
-9999 -9999 -9999 -9999 -9999 10.5899997632951 10.5799997635186 10.6549997618422 10.3299997691065 10.1399997733533 10.1999997720122 10.2249997714534 10.2049997719005 10.1549997730181 10.0949997743592 10.0749997748062 10.1249997736886 10.1849997723475 10.1899997722358 10.1049997741356 10.0349997757003 10.0599997751415 10.0049997763708 9.93499977793545 9.9299997780472 9.60499978531152 8.11999981850386 8.05499981995672 7.79999982565641 7.90999982319772 8.11999981850386 8.2699998151511 7.69874982791953 7.95499982219189 7.5799998305738 6.99499984364957 6.96166651106129 8.07833315276851 7.14749984024093 -9999 -9999 9.44807671189595 8.31071409995535 8.33928552788815 8.12833315165093 12.3061360885728 -9999 14.9530765888496 14.9530765888496 -9999 -9999 -9999 8.82977252991193 8.8095831364238 8.85541646873268 -9999 -9999 -9999 -9999 -9999 -9999 -9999
-9999 -9999 -9999 -9999 -9999 9.8449997799471 10.3849997678772 10.5399997644126 10.5099997650832 10.0449997754768 10.174999772571 10.174999772571 10.214999771677 10.2449997710064 10.2449997710064 10.2749997703359 10.3449997687712 10.2099997717887 10.2599997706711 9.88999977894127 10.0899997744709 9.53499978687614 9.70499978307635 9.49999978765845 9.01499979849905 8.17999981716275 8.08999981917441 8.01499982085079 7.86749982414767 7.56499983090907 7.72499982733279 7.73799982704222 7.8059998255223 7.70799982771277 8.16642838889467 7.73499982710928 12.0239470996649 -9999 7.8349998248741 -9999 12.0814703181934 7.94666648904483 7.95166648893307 8.03333315377434 7.96499982196838 7.93124982272275 7.32999983616173 -9999 11.5726313202789 8.60727253488519 8.62749980716035 9.91842083093759 9.57999978587031 9.52117625777336 9.09979146327047 -9999 -9999 -9999 -9999 -9999 -9999 -9999
-9999 -9999 -9999 -9999 -9999 10.2399997711182 9.68166645026455 9.19333312784632 9.27166645942877 9.39333312337597 10.5649997638538 10.4699997659773 10.2599997706711 10.1499997731298 10.1449997732416 10.1549997730181 10.1099997740239 9.97999977692962 10.0599997751415 10.1399997733533 9.57499978598207 9.2149997940287 9.17499979492277 8.76999980397522 8.76999980397522 8.03499982040375 8.1249998183921 7.87249982403591 7.83999982476234 7.83999982476234 7.6939998280257 7.50999983213842 7.48999983258545 7.45499983336776 7.99642839269446 7.91199982315302 8.21222203866475 8.62409071632746 -9999 12.6499997172505 8.0918748191325 8.039999820292 8.039999820292 7.81499982532114 7.91874982300214 7.87374982400797 -9999 8.09333315243324 8.43699981141835 8.86766646845887 9.37199979051948 9.36666645730535 8.33333314706882 8.34888870227668 10.2602938883116 -9999 -9999 -9999 -9999 -9999 -9999 -9999
