EcologicalScience/Bass/data/rs_data_bass/sst_230.asc
NCOLS 226 
NROWS 124 
XLLCORNER -9.41648524995501 
YLLCORNER 47.587301625531 
CELLSIZE 0.0833 
NODATA_value -9999 
[rows 54 to 80 of 124, columns 0 to 61 of 226]
-9999 -9999 -9999 -9999 -9999 -9999 -9999 -9999 -9999 -9999 -9999 -9999 -9999 -9999 -9999 -9999 -9999 -9999 -9999 -9999 -9999 -9999 -9999 -9999 -9999 -9999 -9999 -9999 -9999 -9999 -9999 -9999 -9999 -9999 -9999 -9999 -9999 -9999 13.0424766647629 9.26752097098157 7.6524132421473 9.3054989888998 9.89799623078268 9.13106935820542 10.2093569636345 10.6009399583563 9.87945187650621 9.16352197818924 10.627475802321 10.6575975711457 10.6389507618733 10.7264473284595 10.6984771145508 9.36666462151334 10.2079225936905 10.0243232408538 9.9389782291837 9.92965482454747 14.7730755764235 11.6241375369694 11.0799997523427 12.0961643753884
-9999 -9999 -9999 -9999 -9999 -9999 -9999 -9999 -9999 -9999 -9999 -9999 -9999 -9999 -9999 -9999 -9999 -9999 -9999 -9999 -9999 -9999 -9999 -9999 -9999 -9999 -9999 -9999 -9999 -9999 -9999 -9999 -9999 -9999 -9999 -9999 -9999 -9999 15.0199996642768 8.08684803894721 6.57466352544725 6.75844217452686 7.72335478896275 10.0738090039231 9.94600664190948 10.1315423941705 8.45727407699451 10.4976653223857 10.4080172008835 10.7501144325361 10.7701956117526 10.9215216408484 10.7357707330957 10.2129428884946 9.66357919992879 9.80701619433239 7.29955823591445 9.75601168661652 6.1331130074968 13.6649996945634 -9999 -9999
-9999 -9999 -9999 -9999 -9999 -9999 -9999 -9999 -9999 -9999 -9999 -9999 -9999 -9999 -9999 -9999 -9999 -9999 -9999 -9999 -9999 -9999 -9999 -9999 -9999 -9999 -9999 -9999 -9999 -9999 -9999 -9999 -9999 -9999 -9999 -9999 -9999 -9999 -9999 8.59769889451563 8.70434429985471 8.72449719756842 10.0015782317413 7.07812737580389 9.76312447404489 8.99827060755342 10.7522659874521 10.7336191781797 10.8469344037585 10.8139438950457 10.6597491260618 10.5134433917701 10.2086397786625 9.9188970499672 9.78908657003194 9.85721914237365 8.46444592671469 8.75662708431482 10.6378561111265 6.2139380324094 -9999 -9999
-9999 -9999 -9999 -9999 -9999 -9999 -9999 -9999 -9999 -9999 -9999 -9999 -9999 -9999 -9999 -9999 -9999 -9999 -9999 -9999 -9999 -9999 -9999 -9999 -9999 -9999 -9999 -9999 -9999 -9999 -9999 -9999 -9999 -9999 -9999 -9999 -9999 -9999 -9999 -9999 9.75806052450334 8.66194073838415 8.04812005045824 9.05349385039881 9.03556422609836 9.06114382343367 10.1323791099712 10.0870769259054 10.8117923401296 10.7149723689072 10.587313443888 10.5256355362944 10.5055543570779 10.3255409291014 10.1125369924121 10.1641743103974 10.0752433738671 8.54309721197933 8.57489241240546 8.58995329681784 9.10547647966693 -9999
-9999 -9999 -9999 -9999 -9999 -9999 -9999 -9999 -9999 -9999 -9999 -9999 -9999 -9999 -9999 -9999 -9999 -9999 -9999 -9999 -9999 -9999 -9999 -9999 -9999 -9999 -9999 -9999 -9999 -9999 -9999 -9999 -9999 -9999 -9999 -9999 -9999 -9999 -9999 -9999 9.17547965839577 7.520989096025 9.33766985764461 8.88005461799912 9.32040619081818 9.54835148109123 9.94256415404379 10.7816705713049 10.6568803861737 11.0240790918469 11.0728476699442 10.5614947848953 10.307611304801 10.3276924840175 10.2595599116758 10.3183690793812 9.04813203894134 6.63132113823667 8.33248389186338 8.55983152799308 7.53368327002972 15.3149996576831
-9999 -9999 -9999 -9999 -9999 -9999 -9999 -9999 -9999 -9999 -9999 -9999 -9999 -9999 -9999 -9999 -9999 -9999 -9999 -9999 -9999 -9999 -9999 -9999 -9999 -9999 -9999 -9999 -9999 -9999 -9999 -9999 -9999 -9999 -9999 -9999 -9999 -9999 -9999 14.5499996747822 7.15904120889692 9.10539413620718 8.90981779433787 9.48033843957819 9.72836490906775 9.97244686121121 9.81490522902459 10.6647694208659 10.6475569815375 10.9401684501208 11.0025635426864 10.8763389876112 10.9695730339736 10.5148777617142 10.309045674745 10.2932676053606 10.4718466633931 8.49546417675447 9.66716512478888 13.5182093628682 -9999 -9999
-9999 -9999 -9999 -9999 -9999 -9999 -9999 -9999 -9999 -9999 -9999 -9999 -9999 -9999 -9999 -9999 -9999 -9999 -9999 -9999 -9999 -9999 -9999 -9999 -9999 -9999 -9999 -9999 -9999 -9999 -9999 -9999 -9999 -9999 -9999 -9999 -9999 -9999 -9999 12.0214443262666 7.76504714200273 7.45192418321967 8.2791731422767 9.78822594806552 9.43647062545642 9.58851383952424 9.97985777258873 10.2839442007244 10.6920224498026 10.7178411087953 10.8813592824154 10.9000060916878 10.749397247564 10.7644581319764 10.3212378192693 10.4252296402119 9.0105822829064 12.5349997198209 10.3495742006344 8.30021056812257 7.73220007028431 7.46971037052572
-9999 -9999 -9999 -9999 -9999 -9999 -9999 -9999 -9999 -9999 -9999 -9999 -9999 -9999 -9999 -9999 -9999 -9999 -9999 -9999 -9999 -9999 -9999 -9999 -9999 -9999 -9999 -9999 -9999 -9999 -9999 -9999 -9999 -9999 -9999 -9999 -9999 -9999 -9999 7.3496536062099 7.38293098891154 7.59856460383162 7.73506881017238 7.77188430540264 9.0424970141612 9.32363352319226 10.3700063973665 10.0652027842589 10.3972594263032 10.5987884034403 10.666920975782 10.66620379081 10.6611834960058 11.0305337565951 9.69253554317402 8.73328783622544 9.22896510688588 9.06073400344966 8.39487898442894 8.56987211760134 8.06569108227268 7.85412151552737
-9999 -9999 -9999 -9999 -9999 -9999 -9999 -9999 -9999 -9999 -9999 -9999 -9999 -9999 -9999 -9999 -9999 -9999 -9999 -9999 -9999 -9999 -9999 -9999 -9999 -9999 -9999 -9999 -9999 -9999 -9999 -9999 -9999 -9999 -9999 -9999 -9999 -9999 14.4634762318206 11.4607916149932 8.06234421906993 6.79340494191274 8.9258349253796 8.79769787704572 10.550019825343 10.2652973914519 10.4847559928894 9.5512202209793 9.65066987043247 11.0348368664272 10.867732767947 10.7945799008012 10.7895596059971 10.8691671378911 10.5686666346155 9.90096742566675 9.48500014189631 9.56747641367838 10.0252453358179 8.40850549889728 8.3891415046528 8.17255164310336
-9999 -9999 -9999 -9999 -9999 -9999 -9999 -9999 -9999 -9999 -9999 -9999 -9999 -9999 -9999 -9999 -9999 -9999 -9999 -9999 -9999 -9999 -9999 -9999 -9999 -9999 -9999 -9999 -9999 -9999 -9999 -9999 -9999 -9999 -9999 -9999 -9999 -9999 7.57477796892636 8.15874583239201 8.171595396474 8.33415732346475 8.23853266052902 8.37910091504455 8.42571793822572 9.77067882241681 10.9200872709043 9.82207707874477 10.8498031436466 11.0699789300561 11.0054322825745 10.907177941408 10.8634296581149 10.7271645134315 10.6898708948866 10.5808587791398 10.5378276808187 9.68581193406135 9.69513533869758 8.3599759824574 8.22705770097673 8.31025115773082
-9999 -9999 -9999 -9999 -9999 -9999 -9999 -9999 -9999 -9999 -9999 -9999 -9999 -9999 -9999 -9999 -9999 -9999 -9999 -9999 -9999 -9999 -9999 -9999 -9999 -9999 -9999 -9999 -9999 -9999 -9999 -9999 -9999 -9999 -9999 -9999 -9999 14.54398074716 8.02104631776456 9.04218964917319 8.26632357819472 9.22771003318485 10.8103579701856 9.87586595164612 10.9251075657085 10.8799249124713 10.1586758922786 11.0398571612313 10.8562578083947 10.9423200050369 10.6081118080765 10.7960142707452 10.5944852936082 10.7221442186274 10.4904934726655 10.1254463219084 10.4151890506037 9.44053467363119 9.11349832639098 8.46229437179863 8.28443249873817 7.88926357915625
-9999 -9999 -9999 -9999 -9999 -9999 -9999 -9999 -9999 -9999 -9999 -9999 -9999 -9999 -9999 -9999 -9999 -9999 -9999 -9999 -9999 -9999 -9999 -9999 -9999 -9999 -9999 -9999 -9999 -9999 -9999 -9999 -9999 -9999 -9999 -9999 -9999 9.5099712186493 8.20453809285536 8.3599759824574 8.65952023910359 9.04357279161923 10.5550401201472 9.67272330832202 9.99444053368643 10.986785473302 11.2600329476409 11.1151615832932 10.310480044689 10.9301278605126 10.7952970857732 10.6002227733843 10.6324960971251 10.588747813832 10.3922391314991 10.0802636686713 9.77474287059158 8.67529830848798 7.94807274686173 7.87491987971589 7.86846521496773 8.15390483383089
-9999 -9999 -9999 -9999 -9999 -9999 -9999 -9999 -9999 -9999 -9999 -9999 -9999 -9999 -9999 -9999 -9999 -9999 -9999 -9999 -9999 -9999 -9999 -9999 -9999 -9999 -9999 -9999 -9999 -9999 -9999 -9999 -9999 -9999 -9999 5.36264233124345 10.2137198388809 7.75640506308991 7.30368204950355 8.48022399609908 8.71474348194897 9.38072144696489 9.24671543494333 9.50723287602887 11.224890884012 8.50030517531559 10.2150944434106 11.4400463756174 10.2894426188432 10.5299386461265 10.5801415941678 10.3850672817789 10.4037140910514 10.3786126170307 10.3047425649129 10.3147831545211 8.93993956316262 8.80726034333929 8.70183415245265 8.67888423334807 7.86272773519158 7.90504164854065
-9999 -9999 -9999 -9999 -9999 -9999 -9999 -9999 -9999 -9999 -9999 -9999 -9999 -9999 -9999 -9999 -9999 -9999 -9999 -9999 -9999 -9999 -9999 -9999 -9999 -9999 -9999 -9999 -9999 -9999 -9999 -9999 -9999 -9999 -9999 15.6553352003185 7.78473386948463 8.22275459114462 8.95260983100161 8.47520370129496 9.19788709143177 8.83021026244387 9.05970945348963 9.59974973741919 10.404192214366 9.67003386467695 10.2892035571858 10.2358928075992 10.7250129585154 10.5148777617142 10.1197088421322 9.37025054637343 9.88447217131034 9.69226659880951 9.4168675695546 9.1500747599639 9.14075135532767 9.12282173102722 9.20099489297718 9.08839685237035 9.17589341895655 8.4809411810711
-9999 -9999 -9999 -9999 -9999 -9999 -9999 -9999 -9999 -9999 -9999 -9999 -9999 -9999 -9999 -9999 -9999 -9999 -9999 -9999 -9999 -9999 -9999 -9999 -9999 -9999 -9999 -9999 6.38619857995123 10.8681757351356 12.4732951641393 8.53078553662635 9.57077546454966 11.8570761556427 8.96341793435185 9.05559759298339 8.7615846254339 8.81758780693635 8.84222311072517 8.86463514110073 9.34228033246472 9.55408896086738 10.8397625540383 9.81466616736725 10.0453606666997 11.5002899132669 10.5777509775944 10.3034874912119 11.384823132772 10.8849452072755 8.84527114685625 9.53735464485362 9.65066987043247 9.96766562806442 9.88805809617043 9.82638018857688 9.64780113054439 9.55815300904214 9.27486494509503 9.26841028034687 9.31431011855602 7.29317253125975
-9999 -9999 -9999 -9999 -9999 -9999 -9999 -9999 -9999 -9999 -9999 -9999 -9999 -9999 -9999 -9999 -9999 -9999 -9999 -9999 -9999 -9999 12.8804797925986 8.99042938519269 9.37025054637343 9.4448377834633 9.36020995676517 9.40467542503029 9.55528426915407 9.51010161591694 9.54022338474169 9.39893794525415 9.33008818794042 8.6799600108061 8.59449546830729 8.50317391520366 9.21414328413084 9.01811272511259 9.16274502780288 9.23087760014459 9.88232061639428 9.9346751193516 9.75203201314434 9.19430116657168 9.67146823462099 10.1994188290222 10.9401684501208 11.0448774560355 11.1424146122299 10.3319955938496 10.2574083567597 10.2014679289423 9.89594713086262 9.61122469697148 9.42332223430276 9.86152225220576 9.68222600920126 9.42762534413487 7.62377474224195 11.6549997394904 -9999 -9999
-9999 -9999 -9999 -9999 -9999 -9999 -9999 -9999 -9999 -9999 -9999 -9999 -9999 -9999 -9999 -9999 -9999 -9999 -9999 -9999 -9999 8.84670551680028 8.00831628451124 9.28275397978723 9.43838311871514 9.56460767379031 9.54954678937793 9.47209081239998 9.64851831551641 9.61696217674762 9.57608263334259 9.60763877211139 9.66501356987283 8.88854130683467 8.95141452271491 9.06640317989513 8.84168522199616 9.66764324810356 9.83163954503834 9.8751487666741 9.93108919449151 10.0083061098121 10.2179631832987 10.905026386492 10.1120588690974 11.0025635426864 11.265053242445 11.1725363810547 10.7407910278998 10.8132267100736 10.2652973914519 9.99563584197313 9.80271308450028 9.44196904357523 8.52931856736541 10.7374441646971 12.6699997168034 -9999 -9999 -9999 -9999 -9999
-9999 -9999 -9999 -9999 -9999 -9999 -9999 -9999 -9999 -9999 -9999 -9999 -9999 -9999 -9999 -9999 -9999 6.88018432352692 11.4471354732254 13.8791207469534 8.79278624663129 9.36236151168123 9.38818017067388 9.40324105508626 9.57177952351049 9.45200963318348 9.46635333262384 9.54739523446187 9.61337625188753 9.66142764501274 9.71378214797005 9.72238836763427 9.76398509601131 9.18426057696342 9.36475212825462 9.5536108375527 9.68198694754392 9.87969093816355 10.0221716859378 10.0051983082667 10.7601550221443 10.1550899674185 10.1273588151671 10.2770114126615 10.4493748676032 9.80366933112964 10.3986937962472 10.3284096689895 10.3334299637936 8.21271400153637 9.69298378378153 6.68582719611004 10.7399997599423 -9999 -9999 -9999 -9999 -9999 -9999 -9999 -9999 -9999
-9999 -9999 -9999 -9999 -9999 -9999 -9999 -9999 -9999 -9999 -9999 -9999 -9999 6.12004328082473 6.08999986387789 -9999 -9999 7.95294960467145 9.20027770800516 9.4369487487711 9.35016936715692 9.47567673726007 9.4606158528477 9.46133303781971 9.47209081239998 9.49217199161649 9.49719228642061 9.45846429793164 9.62341684149578 9.71665088785812 9.82207707874477 9.85363321751356 9.94973600376397 9.46850488753989 9.56556392041966 9.87443158170208 9.85315509419888 9.97340310784057 10.0520543931052 10.0926948748529 11.1797082307748 10.0738090039231 9.86797691695392 10.2489814333385 9.81466616736725 10.8146610800177 10.3800469869748 10.6203039526008 8.98458432767075 9.0264115797888 7.90217290865257 13.5549996970221 -9999 -9999 -9999 -9999 -9999 -9999 -9999 -9999 -9999 -9999
-9999 -9999 -9999 -9999 -9999 -9999 -9999 -9999 -9999 -9999 -9999 -9999 -9999 14.9008224580903 9.14003417035565 9.31215856363997 9.32506789313629 9.52229376044124 9.47209081239998 9.45200963318348 9.48715169681236 9.51727346563712 9.57177952351049 9.61122469697148 9.52157657546923 9.42977689905092 9.51799065060914 9.63345743110403 9.68868067394942 9.69800407858565 9.79267249489203 9.90025024069473 9.9468672638759 9.65114799374714 9.49097668332979 9.97412029281259 9.38423565332778 9.38961454061791 10.1598712005652 10.2770114126615 10.3441877383739 11.2048097047955 11.0147556872107 10.3535111430101 10.0451216050424 9.9267860846594 9.61588639928959 10.4947965824977 10.3269752990454 10.2437818422914 10.270317686256 8.27770199361616 16.0199996419251 -9999 -9999 -9999 -9999 -9999 -9999 20.3623909299994 17.8399996012449 -9999
-9999 -9999 -9999 -9999 -9999 -9999 -9999 -9999 -9999 -9999 17.629189591115 9.87141940481961 9.50508132111281 9.42977689905092 9.31717885844409 9.51799065060914 9.61481062183157 9.23111666180193 9.7876522000879 9.53161716507748 9.78693501511589 9.67505415948108 9.46276740776375 9.52516250032932 9.82638018857688 9.82638018857688 9.83642077818513 9.92750326963142 10.0193029460497 10.0207373159938 10.0042420616373 10.1806695647538 10.2358928075992 9.70015563350171 9.40850041154772 9.87204096512869 9.87969093816355 10.0216935626231 10.0597043661401 10.2093569636345 10.190710154362 10.2612333432771 10.2667317613959 10.2772504743189 9.80576112063136 9.72149188641924 9.17159030912444 9.04966886388138 9.38746298570186 9.11457410384901 9.15868097962812 12.5342913466739 7.65255589390269 -9999 -9999 -9999 12.7002264336497 9.4681187110165 10.3701139751123 9.24149475022055 9.24634629561949 17.7899996023625
-9999 -9999 -9999 -9999 -9999 -9999 -9999 19.3816783524047 9.58178751380183 7.85501799674239 9.59257788769901 9.61481062183157 9.36809899145737 9.62269965652376 9.39965513022617 9.68652911903337 9.9188970499672 9.97770621767268 9.95117037370801 9.28203679481521 9.66286201495677 9.05468915868551 10.0544450096786 9.71449933294207 10.1261635068804 10.1469618710689 10.1534165358171 10.1921445243061 10.2258522179909 10.2452162122354 10.2581255417317 10.3284096689895 10.3771782470867 9.41160821309313 9.69919938687235 9.72191024431959 10.469695108477 9.43479719385505 10.1039307727478 10.1529384125024 10.1601102622226 10.2036194838583 10.1421806379221 11.0147556872107 11.0950804040767 9.67523345572408 9.07979063270614 9.45595415052958 9.2617763193557 9.19023711839691 10.0659199692309 9.04536575404927 8.96755118458532 8.54063303797291 8.81048767571338 8.78251746180467 9.84502699784935 9.65353861032054 9.16657001432031 8.95715200249106 7.75407421193086 14.8252881690502
-9999 -9999 -9999 -9999 -9999 9.5724967084825 9.79984434461221 9.62269965652376 9.63345743110403 9.68939785892144 9.711630593054 9.23613695660606 9.29494612431154 9.92965482454747 9.80629900936037 9.96551407314837 9.99707021191716 10.0250404258259 9.76398509601131 9.79410686483607 10.149113425985 10.1562852757052 10.1756492699496 10.1734977150336 9.87443158170208 10.0673543391749 10.1290322467685 10.3628345476463 10.4575029639527 10.3291268539615 10.3420361834578 10.4367045997642 10.5277870912105 9.70876185316592 9.59951067576185 9.80892868759111 10.1828211196698 10.0697927680798 10.1758285661926 10.1935788942501 11.0735648549162 10.1670430502854 11.0326853115112 11.0298165716231 9.80127871455625 9.59275718394201 8.81514937803149 8.88830224517733 8.8870471714763 7.46277758246288 9.14720602007583 10.0085451714694 10.0551621946506 9.81490522902459 9.7955412347801 9.72310555260628 9.67935726931319 9.69728689361364 9.30713826883584 9.82996611343697 9.92535171471536 9.75035858154297
-9999 -9999 -9999 -9999 -9999 9.96838281303644 9.82924892846495 9.8751487666741 10.0121310963295 9.911008015275 9.61265906691551 9.3451490723528 9.37096773134544 9.84430981287733 9.94041259912774 10.0795464836992 10.0816980386153 9.93969541415572 10.1806695647538 10.387936021667 10.3033081949688 10.3312784088776 10.3047425649129 9.95117037370801 10.3449049233459 10.3721579522826 10.4445936344564 10.4739982183091 10.5643635247834 10.4940793975256 10.3556626979262 10.4797356980853 10.5607775999233 10.6002227733843 10.0570746879093 10.0862402101047 10.1467228094116 10.0656809075736 9.97555466275662 10.2722899449291 10.1109591854736 10.0512176773045 11.0298165716231 9.73816643701866 10.8297219644301 9.62365590315312 9.67433697450906 9.2947070626542 8.94233017973602 9.3439537640661 10.2574083567597 10.2351756226271 10.2043366688304 10.0106967263855 10.0049592466094 10.032212275546 10.2559739868157 10.3649861025624 10.2079225936905 10.0401013102382 9.80558182438836 9.75107576651499
-9999 -9999 -9999 -9999 -9999 10.430249935016 10.3061769348569 10.2136600734666 10.1419415762648 10.0236060558818 9.78119753533974 9.34156314749271 9.34801781224087 9.42260504933074 9.83283485332504 9.78908657003194 9.77832879545167 10.1806695647538 10.2868129406124 10.190710154362 9.9748374777846 10.4080172008835 10.3606829927303 10.387936021667 10.3972594263032 9.62485121143982 10.4209265303798 10.028626350686 10.1605883855373 10.4768669581972 10.4259468251839 10.4854731778614 10.4854731778614 10.0078279864974 9.07261878298596 9.62987150624394 9.74462110176682 10.1464239823399 10.2932676053606 10.1553887944901 10.3058183423709 10.1869449332589 10.0946073681116 9.9588801121572 9.82781455852091 9.52175587171223 9.48356577195227 9.65891749761067 9.46205022279173 9.76021987490822 10.3821985418908 10.4467451893725 10.4424420795403 10.2215491081588 10.3298440389335 10.3793298020028 10.0608996744268 10.3133487845771 10.2782067209482 10.1333353566006 10.0142826512456 9.96479688817635
-9999 -9999 -9999 -9999 -9999 10.5371104958467 10.4496139292605 10.3513595880941 10.269600501284 10.3821985418908 10.2617114665918 9.81275367410854 9.36881617642939 9.4527268181555 9.68222600920126 9.61265906691551 9.44770652335137 9.47424236731604 9.55313271423802 10.0343638304621 10.4037140910514 10.1656086803414 10.1828211196698 10.2609942816198 10.0279091657139 9.93180637946352 9.83785514812917 9.5681935986504 9.84359262790531 9.93754385923967 10.3671376574785 10.4718466633931 10.468260738533 9.87753938324749 9.83552429697011 9.7317117722705 9.85004729265347 10.0166135024047 10.0972968117567 10.1340525415726 10.1860484520439 10.0917386282235 10.1387142438907 9.87210073054302 10.9100466812961 9.81436734029558 9.82655948481988 9.65120775916148 9.67128893837798 7.62533950945362 9.68097093550023 10.9996948027983 10.6174352127127 10.6124149179086 10.5442823455669 10.4947965824977 10.4783013281412 10.4589373338968 10.5270699062385 10.0974761079997 9.92965482454747 10.230155327823
-9999 -9999 -9999 -9999 -9999 10.4833216229454 10.6396679468453 10.4395733396523 10.2911160504445 10.3370158886537 10.3657032875344 10.1268806918524 9.4964751014486 9.08265937259421 9.35303810704499 9.88518935628235 10.2538224318996 10.1218603970483 10.0522934547625 9.71951962774619 9.67720571439713 9.94112978409976 10.6138492878526 10.5657978947274 10.0623340443708 10.5428479756229 10.7149723689072 9.46922207251191 9.80845056427643 9.48643451184034 10.0035248766653 10.3269752990454 10.8175298199058 9.81006423046347 9.79715490096714 9.33869440760463 9.57560451002792 10.0397427177522 10.1650964053614 10.2167081095977 10.1657879765844 10.1012413291028 10.0494247148745 10.0519348622765 11.2901547164656 9.99766786606051 9.92158649361227 9.9983611448668 10.0564172683517 10.2159909246257 9.88232061639428 11.0850398144685 10.66978971567 10.5593432299793 10.5923337386921 10.6131321028806 10.5127262067981 10.5543229351752 10.547151085455 10.5342417559586 10.2624286515638 10.1376384664327
