EcologicalScience/Bass/data/rs_data_bass/sst_71.asc
NCOLS 226 
NROWS 124 
XLLCORNER -9.41648524995501 
YLLCORNER 47.587301625531 
CELLSIZE 0.0833 
NODATA_value -9999 
[rows 81 to 107 of 124, columns 62 to 123 of 226]
16.7274996261112 -9999 -9999 -9999 -9999 -9999 -9999 -9999 -9999 -9999 -9999 -9999 -9999 -9999 -9999 -9999 -9999 -9999 -9999 -9999 -9999 -9999 -9999 -9999 -9999 -9999 -9999 -9999 -9999 -9999 -9999 -9999 -9999 -9999 -9999 -9999 -9999 -9999 -9999 -9999 -9999 -9999 -9999 -9999 -9999 -9999 -9999 -9999 -9999 -9999 -9999 -9999 -9999 -9999 -9999 -9999 -9999 -9999 -9999 -9999 -9999 -9999
18.6649995828047 -9999 -9999 -9999 -9999 -9999 -9999 -9999 -9999 -9999 -9999 -9999 -9999 -9999 -9999 -9999 -9999 -9999 -9999 -9999 -9999 -9999 -9999 -9999 -9999 -9999 -9999 -9999 -9999 -9999 -9999 -9999 -9999 -9999 -9999 -9999 -9999 -9999 -9999 -9999 -9999 -9999 -9999 -9999 -9999 -9999 -9999 -9999 -9999 -9999 -9999 -9999 -9999 -9999 -9999 -9999 -9999 -9999 -9999 -9999 -9999 -9999
-9999 -9999 -9999 -9999 -9999 -9999 -9999 -9999 -9999 -9999 -9999 -9999 -9999 -9999 -9999 -9999 -9999 -9999 -9999 -9999 -9999 -9999 -9999 -9999 -9999 -9999 -9999 -9999 -9999 -9999 -9999 -9999 -9999 -9999 -9999 -9999 -9999 -9999 -9999 -9999 -9999 -9999 -9999 -9999 -9999 -9999 -9999 -9999 -9999 -9999 -9999 -9999 -9999 -9999 -9999 -9999 -9999 -9999 -9999 -9999 15.3249996574596 -9999
-9999 -9999 -9999 -9999 -9999 -9999 -9999 -9999 -9999 -9999 -9999 -9999 -9999 -9999 -9999 -9999 -9999 -9999 -9999 -9999 -9999 -9999 -9999 -9999 -9999 -9999 -9999 -9999 -9999 -9999 -9999 -9999 -9999 11.3199997469783 11.209999749437 11.1449997508898 -9999 -9999 -9999 -9999 -9999 -9999 -9999 -9999 -9999 -9999 -9999 -9999 -9999 -9999 -9999 -9999 -9999 -9999 -9999 -9999 17.2699996139854 14.8866663339237 16.1449996391311 17.4049996109679 17.2349996147677 17.1449996167794
-9999 -9999 -9999 -9999 -9999 -9999 -9999 -9999 -9999 -9999 -9999 -9999 -9999 -9999 -9999 -9999 -9999 -9999 -9999 -9999 -9999 -9999 -9999 -9999 -9999 -9999 -9999 -9999 -9999 -9999 -9999 -9999 -9999 16.7055878618951 19.1699995715171 18.4749995870516 18.9099995773286 17.924999599345 18.0299995969981 18.1249995948747 17.6818746047793 -9999 18.4749995870516 17.5199996083975 17.8549996009097 18.254999591969 18.5724995848723 17.7649996029213 17.7849996024743 17.9149995995685 18.4049995886162 17.177499616053 16.5599996298552 -9999 16.6649996275082 16.4499996323138 16.8499996233732 15.5599996522069 16.2399996370077 16.7299996260554 18.0049995975569 18.2849995912984
-9999 -9999 -9999 -9999 -9999 -9999 -9999 -9999 -9999 -9999 -9999 -9999 -9999 17.9599995985627 18.5899995844811 19.1499995719641 19.0899995733052 18.8349995790049 18.2749995915219 -9999 -9999 -9999 -9999 -9999 -9999 11.894999734126 11.894999734126 17.9210340821923 16.0849996404722 16.0849996404722 17.9783329314863 17.17166628285 17.17166628285 18.5987495842855 18.6037495841738 -9999 18.9784611142599 18.0049995975569 17.6299996059388 17.4949996089563 17.7299996037036 17.5549996076152 17.529999608174 17.6499996054918 18.0399995967746 17.674999604933 17.0999996177852 16.1649996386841 16.4199996329844 17.0399996191263 16.3999996334314 16.6549996277317 17.1699996162206 17.7399996034801 17.1849996158853 16.0499996412545 15.6849996494129 15.5249996529892 15.4949996536598 15.6299996506423 15.6399996504188 18.3099995907396
-9999 -9999 -9999 -9999 -9999 -9999 -9999 -9999 14.1188989975274 11.7805552922396 18.9649995760992 18.9249995769933 19.1249995725229 19.0249995747581 18.814999579452 18.8999995775521 18.8449995787814 18.6899995822459 18.6449995832518 18.5299995858222 17.5549996076152 16.8899996224791 16.8399996235967 16.1699996385723 15.6749996496364 16.8549996232614 12.0448434807768 18.3899995889515 17.6499996054918 17.8649996006861 17.2616662808384 17.2649996140972 17.054999618791 17.3999996110797 17.0487496189307 16.6724996273406 16.65999962762 16.909999622032 16.9849996203557 17.3149996129796 17.2499996144325 17.1799996159971 16.4699996318668 16.2999996356666 15.9499996434897 15.9299996439368 16.2899996358901 16.8349996237084 16.5549996299669 16.3549996344373 16.2999996356666 15.9049996444955 15.7249996485189 15.9699996430427 15.9949996424839 15.6349996505305 15.644999650307 15.7599996477365 15.9299996439368 16.2199996374547 16.1399996392429 16.2799996361136
-9999 -9999 -9999 -9999 -9999 -9999 -9999 -9999 18.379999589175 18.6799995824695 18.8599995784461 18.9549995763227 19.0749995736405 18.8599995784461 18.6999995820224 18.3549995897338 18.3849995890632 18.7049995819107 17.5249996082857 16.8749996228144 16.3749996339902 16.4149996330962 16.8949996223673 16.8449996234849 16.9849996203557 16.8299996238202 17.074999618344 17.1599996164441 16.9249996216968 16.909999622032 16.8849996225908 17.19999961555 17.1799996159971 17.3249996127561 17.3549996120855 16.9849996203557 16.9149996219203 16.9249996216968 16.9549996210262 17.0299996193498 16.8299996238202 16.4199996329844 16.2699996363372 15.5849996516481 15.6499996501952 15.5599996522069 15.5399996526539 15.6799996495247 16.0199996419251 16.3149996353313 16.3349996348843 15.5599996522069 15.4699996542186 15.7349996482953 15.5499996524304 15.7799996472895 15.6999996490777 16.1849996382371 16.3799996338785 16.4399996325374 16.3249996351078 16.244999636896
-9999 -9999 -9999 -9999 -9999 -9999 -9999 -9999 16.4589996321127 18.6399995833635 18.4599995873868 19.1099995728582 18.9149995772168 18.5149995861575 18.0349995968863 17.2949996134266 17.0849996181205 17.2599996142089 17.0199996195734 16.6099996287376 16.6049996288493 16.6249996284023 16.5099996309727 16.2899996358901 16.389999633655 16.2899996358901 16.079999640584 16.5799996294081 16.3149996353313 16.20499963779 17.074999618344 16.5099996309727 16.9849996203557 17.0199996195734 16.639999628067 16.7049996266142 16.6449996279553 17.0199996195734 16.909999622032 16.5299996305257 16.1249996395782 15.6849996494129 15.519999653101 15.354999656789 15.3149996576831 15.4299996551126 15.3249996574596 15.3049996579066 15.4499996546656 15.2999996580184 15.1249996619299 15.0549996634945 15.2999996580184 16.4449996324256 16.2749996362254 17.4799996092916 16.5799996294081 16.5399996303022 16.639999628067 16.2299996372312 16.099999640137 16.1949996380135
9.65722517922497 9.40499978978187 -9999 -9999 -9999 -9999 -9999 -9999 16.386999633722 17.2299996148795 18.5949995843694 18.6799995824695 18.5349995857105 18.0599995963275 17.4149996107444 16.1099996399134 16.3099996354431 16.6749996272847 16.5999996289611 16.1999996379018 16.3049996355549 16.3399996347725 16.2699996363372 16.1549996389076 16.1349996393546 16.0699996408075 16.1749996384606 16.099999640137 15.9999996423721 15.6699996497482 15.5849996516481 15.6049996512011 15.8149996465072 15.934999643825 15.7849996471778 15.7749996474013 15.9099996443838 15.8749996451661 15.8149996465072 15.5499996524304 15.4499996546656 15.20999966003 15.0899996627122 15.1549996612594 15.0249996641651 15.1649996610358 15.2849996583536 15.3249996574596 15.3299996573478 15.2449996592477 15.1499996613711 15.2699996586889 15.5299996528774 17.8499996010214 17.3499996121973 18.0499995965511 17.4449996100739 16.9949996201321 17.1849996158853 17.1649996163324 16.6999996267259 16.5099996309727
18.8349995790049 18.7899995800108 18.3699995893985 17.7899996023625 17.7399996034801 -9999 16.1899624452926 18.8049995796755 18.4099995885044 18.4549995874986 18.3699995893985 17.9699995983392 18.0299995969981 17.8399996012449 17.5999996066093 16.1399996392429 16.0899996403605 16.0949996402487 15.9849996427074 15.8849996449426 15.934999643825 15.8799996450543 15.8599996455014 15.7149996487424 15.7349996482953 15.789999647066 15.9599996432662 15.934999643825 15.4899996537715 15.3999996557832 14.8949996670708 15.0799996629357 15.3249996574596 15.229999659583 15.2949996581301 15.6849996494129 15.1649996610358 15.2899996582419 15.4349996550009 15.6399996504188 14.8949996670708 14.9249996664003 14.9449996659532 14.8749996675178 14.8549996679649 15.0099996645004 15.044999663718 15.0999996624887 15.1149996621534 15.1299996618181 15.189999660477 15.4549996545538 15.4449996547773 15.4599996544421 17.0399996191263 18.774999580346 17.2149996152148 17.1199996173382 16.6349996281788 16.3299996349961 16.5199996307492 16.6299996282905
18.9549995763227 18.8349995790049 18.5549995852634 17.9849995980039 17.6249996060506 17.9899995978922 18.214999592863 17.9749995982274 17.7599996030331 18.3149995906278 18.3949995888397 18.1849995935336 17.924999599345 17.634999605827 17.0699996184558 16.4049996333197 16.9849996203557 17.5899996068329 16.8749996228144 15.8399996459484 15.6949996491894 15.7149996487424 15.7199996486306 15.7149996487424 15.189999660477 15.3149996576831 15.5599996522069 14.9299996662885 14.7799996696413 14.7149996710941 14.5299996752292 14.6699996720999 15.0999996624887 14.6449996726587 14.6549996724352 14.7299996707588 14.8599996678531 14.919999666512 14.8349996684119 14.7399996705353 14.8449996681884 14.8649996677414 15.064999663271 14.7899996694177 14.8049996690825 15.3049996579066 15.2799996584654 15.3199996575713 15.3849996561185 15.4499996546656 15.4399996548891 15.4249996552244 15.4449996547773 15.519999653101 15.5849996516481 15.7149996487424 15.9499996434897 16.20499963779 16.4649996319786 16.5449996301904 16.6799996271729 16.7449996257201
19.8049995573238 19.7199995592237 19.4549995651469 19.2449995698407 18.8249995792285 18.4999995864928 18.6749995825812 18.5349995857105 18.504999586381 18.4949995866045 18.524999585934 18.3699995893985 17.9849995980039 17.2049996154383 16.5849996292964 16.6349996281788 17.1549996165559 17.5999996066093 17.8349996013567 19.499999564141 15.7399996481836 15.7099996488541 15.2199996598065 15.2599996589124 15.3649996565655 15.2449996592477 14.9649996655062 14.8649996677414 14.9099996667355 14.8499996680766 14.5749996742234 14.5649996744469 14.6599996723235 14.6099996734411 14.4899996761233 14.7449996704236 14.8099996689707 14.5599996745586 15.3049996579066 15.3399996571243 14.9299996662885 14.8499996680766 15.6099996510893 15.5299996528774 15.2749996585771 15.2849996583536 15.1949996603653 15.3799996562302 15.4449996547773 15.4499996546656 15.4899996537715 15.4949996536598 15.5649996520951 15.6549996500835 15.8149996465072 15.8949996447191 16.0349996415898 16.3549996344373 16.5799996294081 16.949999621138 17.0499996189028 17.0799996182323
19.8999995552003 19.8199995569885 19.6349995611235 19.519999563694 19.4549995651469 19.3399995677173 19.1899995710701 19.209999570623 19.10499957297 18.9699995759875 18.7449995810166 18.5199995860457 17.9299995992333 17.1199996173382 17.0349996192381 17.2849996136501 17.9399995990098 17.7749996026978 18.1499995943159 16.4099996332079 15.6499996501952 15.5449996525422 15.2949996581301 15.2749996585771 15.4549996545538 15.2449996592477 15.084999662824 15.084999662824 15.0399996638298 15.0249996641651 14.899999666959 14.8249996686354 15.4499996546656 15.2499996591359 15.479999653995 15.0549996634945 14.8699996676296 15.3699996564537 15.3449996570125 15.4449996547773 15.5749996518716 14.8549996679649 14.8349996684119 14.794999669306 15.2599996589124 15.229999659583 15.3599996566772 15.3249996574596 15.4349996550009 15.4649996543303 15.5499996524304 15.5899996515363 15.7149996487424 15.9049996444955 16.2549996366724 16.4699996318668 16.514999630861 16.7249996261671 16.784999624826 17.1449996167794 17.3249996127561 17.4199996106327
20.0749995512888 20.0599995516241 19.9649995537475 19.7599995583296 19.5699995625764 19.519999563694 19.3499995674938 19.2399995699525 19.1599995717406 19.0399995744228 18.919999577105 18.7149995816872 18.1199995949864 17.3499996121973 17.9549995986745 18.6449995832518 18.0449995966628 18.4799995869398 17.8999995999038 17.7849996024743 17.2699996139854 16.0049996422604 15.8649996453896 15.8849996449426 15.8799996450543 15.9799996428192 16.0499996412545 16.0199996419251 15.9999996423721 16.0549996411428 15.9049996444955 15.9499996434897 16.1199996396899 16.1549996389076 15.8049996467307 15.4349996550009 15.1799996607006 16.0149996420369 16.1999996379018 14.8949996670708 15.0499996636063 15.5649996520951 15.3999996557832 15.4899996537715 16.1699996385723 15.6599996499717 15.6049996512011 15.5549996523187 15.5549996523187 15.5899996515363 15.7149996487424 15.8249996462837 16.0499996412545 17.0199996195734 17.0199996195734 17.0199996195734 17.6849996047094 17.7499996032566 17.7249996038154 17.924999599345 17.8549996009097 18.0249995971099
20.1949995486066 20.0499995518476 19.8199995569885 19.6699995603412 19.5949995620176 19.4099995661527 19.4499995652586 19.3249995680526 19.0199995748699 18.7199995815754 18.6049995841458 18.1649995939806 17.4749996094033 17.8399996012449 18.1899995934218 18.9499995764345 19.0249995747581 18.4099995885044 16.7199996262789 16.7149996263906 16.949999621138 15.8899996448308 15.954999643378 16.0349996415898 16.1899996381253 16.2499996367842 16.1899996381253 16.1899996381253 16.1549996389076 16.099999640137 16.2699996363372 16.3999996334314 16.1849996382371 16.1499996390194 16.0549996411428 15.7499996479601 15.6999996490777 16.3149996353313 16.349999634549 16.0549996411428 15.9049996444955 15.6549996500835 15.3399996571243 15.8499996457249 15.0499996636063 15.0899996627122 15.7599996477365 15.7449996480718 15.7549996478483 16.0349996415898 16.389999633655 16.4149996330962 16.9949996201321 16.9799996204674 17.7099996041507 18.2849995912984 17.6249996060506 18.1049995953217 18.1149995950982 18.3199995905161 18.3849995890632 18.4749995870516
19.9499995540828 19.7249995591119 19.4749995646998 19.394999566488 19.519999563694 19.4049995662645 19.2249995702878 19.1349995722994 18.919999577105 18.4549995874986 18.5099995862693 18.2699995916337 18.1799995936453 18.5649995850399 18.5849995845929 18.8049995796755 18.6899995822459 18.8999995775521 16.5499996300787 17.0299996193498 17.5799996070564 16.3349996348843 16.079999640584 16.2349996371195 16.3249996351078 16.3749996339902 16.2949996357784 16.3349996348843 16.4699996318668 16.6649996275082 16.6849996270612 16.6699996273965 16.5999996289611 16.7049996266142 16.4699996318668 16.2399996370077 16.5499996300787 16.5099996309727 16.4349996326491 16.224999637343 15.7999996468425 15.644999650307 15.4549996545538 15.0049996646121 15.1199996620417 15.1999996602535 16.5899996291846 16.0499996412545 15.8899996448308 16.2799996361136 16.6099996287376 17.0899996180087 17.0899996180087 17.7699996028095 18.0999995954335 18.3099995907396 18.4599995873868 18.5708819378496 -9999 -9999 -9999 -9999
19.4649995649233 19.6799995601177 19.5599995627999 19.1849995711818 19.1799995712936 19.229999570176 19.0049995752051 19.0249995747581 19.0949995731935 18.7849995801225 17.8799996003509 17.5199996083975 17.9999995976686 17.9849995980039 18.0099995974451 18.1449995944276 18.919999577105 18.9549995763227 18.2649995917454 17.3299996126443 17.1749996161088 16.5849996292964 15.0299996640533 15.1824996606447 15.4499996546656 16.2649996364489 15.7599996477365 15.8399996459484 16.1649996386841 16.9699996206909 16.7999996244907 16.7299996260554 16.9549996210262 16.8549996232614 16.5949996290728 16.6099996287376 16.7549996254966 16.4199996329844 16.4499996323138 16.2999996356666 15.8449996458367 16.0399996414781 16.349999634549 16.2749996362254 16.3399996347725 17.0649996185675 17.9399995990098 18.0599995963275 18.1599995940924 18.0999995954335 17.8349996013567 18.0649995962158 18.0349995968863 17.1724996161647 17.7249996038154 18.7519086717713 -9999 -9999 -9999 -9999 -9999 -9999
19.5299995634705 19.6299995612353 19.0899995733052 18.5999995842576 18.774999580346 18.7699995804578 18.9349995767698 18.7149995816872 18.6899995822459 18.7699995804578 18.2949995910749 17.9149995995685 18.5299995858222 18.7199995815754 18.8349995790049 19.0949995731935 19.1599995717406 18.8599995784461 18.2499995920807 18.1149995950982 18.4249995881692 15.624999650754 15.727499648463 15.6749996496364 15.6499996501952 14.6599996723235 14.6599996723235 15.7599996477365 15.9949996424839 16.0366663082192 16.4627045500627 16.6588885165337 18.1163153845425 18.2446149768165 -9999 16.6219996284693 16.2649996364489 16.3099996354431 16.369999634102 16.5649996297434 16.1049996400252 16.1399996392429 16.2199996374547 18.3499995898455 18.6649995828047 17.6099996063858 18.089999595657 18.2099995929748 18.2649995917454 18.2849995912984 18.3649995895103 18.6399995833635 17.413332944115 -9999 -9999 -9999 -9999 -9999 -9999 -9999 -9999 -9999
19.4549995651469 19.0949995731935 18.8049995796755 18.6549995830283 18.5699995849282 18.1349995946512 17.8449996011332 18.10999959521 18.2649995917454 19.249999569729 19.8899995554239 19.5949995620176 20.1299995500594 19.789999557659 19.209999570623 19.4149995660409 20.1599995493889 20.8149995347485 18.8249995792285 18.6099995840341 18.5449995854869 15.4624996543862 15.832499646116 15.9849996427074 15.6149996509776 15.644999650307 15.6149996509776 15.2249996596947 16.0549996411428 -9999 -9999 -9999 -9999 -9999 16.3799996338785 19.4599995650351 19.354999567382 18.8699995782226 18.8049995796755 16.9699996206909 16.8849996225908 16.5549996299669 17.3999996110797 18.6449995832518 18.8999995775521 18.4049995886162 18.0549995964393 18.1399995945394 18.4549995874986 18.4749995870516 18.7899995800108 19.8049995573238 17.0835710467239 -9999 -9999 -9999 -9999 -9999 -9999 -9999 -9999 -9999
19.0149995749816 18.7899995800108 18.3449995899573 18.4449995877221 18.359999589622 18.3549995897338 18.4699995871633 18.814999579452 18.6249995836988 18.8999995775521 19.4849995644763 18.9349995767698 18.9649995760992 19.8549995562062 20.1249995501712 19.9049995550886 20.3249995457008 20.2899995464832 15.4624996543862 15.4449996547773 15.1174996620975 15.2524996590801 15.6824996494688 16.1249996395782 18.3349995901808 17.9349995991215 15.9899996425956 16.0499996412545 16.5224996306933 14.3188885688368 -9999 -9999 -9999 -9999 -9999 19.5049995640293 19.5799995623529 19.084999573417 18.504999586381 18.1249995948747 17.5549996076152 19.084999573417 19.1999995708466 19.1299995724112 19.1949995709583 19.1999995708466 19.10499957297 19.7549995584413 19.7999995574355 20.824999534525 20.63999953866 20.4749995423481 19.3624995672144 19.1824995712377 14.794999669306 -9999 -9999 -9999 -9999 -9999 -9999 -9999
18.5449995854869 18.6199995838106 18.7499995809048 19.0099995750934 19.2699995692819 18.6799995824695 18.3199995905161 18.8099995795637 18.8999995775521 19.809999557212 18.7049995819107 16.2274996372871 20.7049995372072 20.9649995313957 20.9249995322898 19.8699995558709 19.9649995537475 19.9999995529652 15.5974996513687 18.4199995882809 18.3149995906278 18.1599995940924 18.2599995918572 18.089999595657 17.6149996062741 18.6749995825812 18.359999589622 18.2049995930865 17.8749996004626 17.6199996061623 15.4494440991225 24.7149994475767 -9999 -9999 -9999 -9999 17.6116662730152 17.6324996058829 17.6249996060506 17.2799996137619 19.5249995635822 19.4849995644763 19.4349995655939 19.3249995680526 19.10499957297 19.2549995696172 19.9099995549768 19.9449995541945 20.1649995492771 20.6049995394424 21.1649995269254 21.4449995206669 21.3499995227903 9.86999977938831 -9999 -9999 -9999 -9999 -9999 -9999 -9999 -9999
18.214999592863 18.3149995906278 18.4749995870516 18.4599995873868 18.6649995828047 19.7499995585531 19.3049995684996 19.1349995722994 19.1999995708466 18.7199995815754 18.7199995815754 16.1699996385723 19.4549995651469 20.2749995468184 19.7649995582178 19.6199995614588 19.354999567382 18.9049995774403 18.3399995900691 18.2449995921925 18.2849995912984 18.214999592863 17.9749995982274 17.9999995976686 17.9549995986745 18.4049995886162 18.2249995926395 18.0399995967746 18.0799995958805 18.2799995914102 18.379999589175 -9999 -9999 -9999 -9999 -9999 -9999 -9999 -9999 -9999 -9999 -9999 -9999 -9999 -9999 -9999 20.1949995486066 20.3199995458126 20.2899995464832 20.4749995423481 21.4699995201081 -9999 -9999 -9999 -9999 -9999 -9999 -9999 -9999 -9999 -9999 -9999
18.4649995872751 18.9499995764345 18.1749995937571 17.674999604933 18.089999595657 19.2599995695055 18.9649995760992 19.2349995700642 19.5599995627999 18.8549995785579 19.1149995727465 19.6499995607883 19.6799995601177 19.0049995752051 19.7649995582178 19.5349995633587 19.4749995646998 19.1299995724112 18.7249995814636 18.64999958314 18.4599995873868 18.399999588728 18.1949995933101 16.7699996251613 17.344999612309 18.1534255201652 17.8549996009097 17.7249996038154 17.9699995983392 18.1299995947629 18.3149995906278 18.4649995872751 18.8199995793402 -9999 -9999 -9999 -9999 -9999 -9999 -9999 -9999 -9999 -9999 -9999 -9999 -9999 -9999 -9999 -9999 -9999 -9999 -9999 -9999 -9999 -9999 -9999 -9999 -9999 -9999 -9999 -9999 -9999
18.8549995785579 19.5149995638058 19.3599995672703 18.2449995921925 18.5149995861575 18.254999591969 19.1149995727465 19.2249995702878 19.3199995681643 15.5649996520951 18.6749995825812 18.6749995825812 15.8449996458367 17.3499996121973 19.0449995743111 18.9499995764345 17.924999599345 16.6249996284023 18.4749995870516 18.8999995775521 17.8599996007979 16.5299996305257 16.4749996317551 16.5249996306375 16.5699996296316 16.784999624826 17.219999615103 17.8299996014684 18.1899995934218 18.3349995901808 18.5199995860457 18.6299995835871 -9999 -9999 -9999 -9999 -9999 -9999 -9999 -9999 -9999 -9999 -9999 -9999 -9999 -9999 -9999 -9999 -9999 -9999 -9999 -9999 -9999 -9999 -9999 -9999 -9999 -9999 -9999 -9999 -9999 -9999
18.234999592416 19.0699995737523 19.0599995739758 18.9699995759875 17.2349996147677 19.10499957297 14.7174996710382 18.7599995806813 18.3849995890632 18.1699995938689 17.5949996067211 17.1099996175617 16.1199996396899 16.5799996294081 17.0649996185675 17.8899996001273 17.1049996176735 17.9899995978922 17.1449996167794 18.4199995882809 18.9849995756522 16.3449996346608 16.4249996328726 16.9149996219203 17.4949996089563 17.4499996099621 17.6699996050447 18.5699995849282 18.7399995811284 18.8249995792285 18.7849995801225 18.814999579452 23.5325515573398 -9999 -9999 -9999 -9999 -9999 -9999 -9999 -9999 -9999 -9999 -9999 -9999 -9999 -9999 -9999 -9999 -9999 -9999 -9999 -9999 -9999 -9999 -9999 -9999 -9999 -9999 -9999 -9999 -9999
19.4349995655939 19.4599995650351 15.8574996455573 17.8849996002391 17.8849996002391 15.6199996508658 15.6999996490777 18.0199995972216 18.0199995972216 17.6849996047094 16.8999996222556 16.3449996346608 17.9199995994568 17.9199995994568 16.7949996246025 17.4449996100739 17.1049996176735 16.389999633655 17.5549996076152 17.5549996076152 16.5849996292964 16.4499996323138 16.7499996256083 17.8499996010214 17.8099996019155 17.8799996003509 17.344999612309 18.6099995840341 18.7699995804578 18.8899995777756 18.8699995782226 19.5249995635822 18.9349995767698 -9999 -9999 -9999 -9999 -9999 -9999 -9999 -9999 -9999 -9999 -9999 -9999 -9999 -9999 -9999 -9999 -9999 -9999 -9999 -9999 -9999 -9999 -9999 -9999 -9999 -9999 -9999 -9999 -9999
