EcologicalScience/Bass/data/rs_data_bass/sst_195.asc
NCOLS 226 
NROWS 124 
XLLCORNER -9.41648524995501 
YLLCORNER 47.587301625531 
CELLSIZE 0.0833 
NODATA_value -9999 
[rows 0 to 26 of 124, columns 62 to 123 of 226]
-9999 -9999 -9999 -9999 -9999 -9999 -9999 -9999 -9999 -9999 -9999 -9999 -9999 -9999 -9999 -9999 -9999 -9999 -9999 -9999 -9999 -9999 -9999 -9999 -9999 -9999 -9999 -9999 -9999 -9999 -9999 -9999 -9999 -9999 -9999 -9999 -9999 -9999 -9999 -9999 -9999 -9999 -9999 -9999 -9999 -9999 -9999 -9999 -9999 -9999 -9999 -9999 -9999 -9999 -9999 -9999 -9999 -9999 -9999 -9999 -9999 -9999
-9999 -9999 -9999 -9999 -9999 -9999 -9999 -9999 -9999 -9999 -9999 -9999 -9999 -9999 -9999 -9999 -9999 -9999 -9999 -9999 -9999 -9999 -9999 -9999 -9999 -9999 -9999 -9999 -9999 -9999 -9999 -9999 -9999 -9999 -9999 -9999 -9999 -9999 -9999 -9999 -9999 -9999 -9999 -9999 -9999 -9999 -9999 -9999 -9999 -9999 -9999 -9999 -9999 -9999 -9999 -9999 -9999 -9999 -9999 -9999 -9999 -9999
-9999 -9999 -9999 -9999 -9999 -9999 -9999 -9999 -9999 -9999 -9999 -9999 -9999 -9999 -9999 -9999 -9999 -9999 -9999 -9999 -9999 -9999 -9999 -9999 -9999 -9999 -9999 -9999 -9999 -9999 -9999 -9999 -9999 -9999 -9999 -9999 -9999 -9999 -9999 -9999 -9999 -9999 -9999 -9999 -9999 -9999 -9999 -9999 -9999 -9999 -9999 -9999 -9999 -9999 -9999 -9999 -9999 -9999 -9999 -9999 -9999 -9999
-9999 -9999 -9999 -9999 -9999 -9999 -9999 -9999 -9999 -9999 -9999 -9999 -9999 -9999 -9999 -9999 -9999 -9999 -9999 -9999 -9999 -9999 -9999 -9999 -9999 -9999 -9999 -9999 -9999 -9999 -9999 -9999 -9999 -9999 -9999 -9999 -9999 -9999 -9999 -9999 -9999 -9999 -9999 -9999 -9999 -9999 -9999 -9999 -9999 -9999 -9999 -9999 -9999 -9999 -9999 -9999 -9999 -9999 -9999 -9999 -9999 -9999
-9999 -9999 -9999 -9999 -9999 -9999 -9999 -9999 -9999 -9999 -9999 -9999 -9999 -9999 -9999 -9999 -9999 -9999 -9999 -9999 -9999 -9999 -9999 -9999 -9999 -9999 -9999 -9999 -9999 -9999 -9999 -9999 -9999 -9999 -9999 -9999 -9999 -9999 -9999 -9999 -9999 -9999 -9999 -9999 -9999 -9999 -9999 -9999 -9999 -9999 -9999 -9999 -9999 -9999 -9999 -9999 -9999 -9999 -9999 -9999 -9999 -9999
-9999 -9999 -9999 -9999 -9999 -9999 -9999 -9999 -9999 -9999 -9999 -9999 -9999 -9999 -9999 -9999 -9999 -9999 -9999 -9999 -9999 -9999 -9999 -9999 -9999 -9999 -9999 -9999 13.2899997029454 10.6595760124479 6.34889369625598 6.75646991585381 6.78910183208063 6.72885829443112 6.66323586949147 6.79627368180081 6.75933865574189 6.81420330610126 6.68582719611004 6.66969053423963 6.89194615706801 5.53868983336724 6.95534530859441 6.89424114897847 7.06292305439711 7.0425550011918 7.10796227063984 6.61303292145021 6.83894618763588 6.59366892720573 6.55960264103487 6.59582048212178 7.00196233177558 6.94903408084065 6.92680134670809 6.91891231201589 6.65821557468735 7.05446027172729 6.5366527219303 6.78408153727651 7.0745414509438 6.78479872224852
-9999 -9999 -9999 -9999 -9999 -9999 -9999 -9999 -9999 -9999 -9999 -9999 -9999 -9999 -9999 -9999 -9999 -9999 -9999 -9999 -9999 -9999 -9999 -9999 -9999 -9999 -9999 11.9034689507181 6.44572960492224 6.49808410787955 6.49039429123513 6.52822579850908 6.77153080026619 6.84791099978611 6.88628039578907 6.89488661545329 6.85723440442234 6.93469038140029 6.8794671385549 6.89739676285535 6.58613848499954 6.80487990146503 6.78623309219256 6.82729193184059 6.87301247380674 6.0787301172968 7.06521804630756 7.24523147428408 7.02175663700327 7.06779991220683 6.62988676829264 6.88018432352692 6.87444684375077 6.87874995358288 6.90528579754755 6.85508284950629 6.96660511265509 6.82029937836342 6.74140903144144 6.95154422824271 7.00382701270282 6.07801293232478
-9999 -9999 -9999 -9999 -9999 -9999 -9999 -9999 -9999 -9999 -9999 -9999 -9999 -9999 -9999 -9999 -9999 -9999 -9999 -9999 -9999 -9999 -9999 -9999 -9999 -9999 7.95155621672581 6.64752951860428 6.63175144921988 6.51244772912469 6.4692373345606 6.44395656429697 6.60765403416008 6.7399746614974 6.85831018188037 6.84934536973014 6.81922360090539 6.91245764726773 6.803804124007 6.00784833589569 6.59976499946788 6.46995451953262 6.64602343016304 6.64207891281694 6.74176762392744 6.76447848137468 6.05972471553832 6.23364207125269 6.50007628835738 6.24977873312309 6.28276924183592 6.87516402872279 6.65498824231327 6.74033325398341 6.7001708955504 6.71523177996278 6.94042786117643 6.88506118133664 6.90958890737966 6.96868494907394 6.77949155345559 6.80129397660494
-9999 -9999 -9999 -9999 -9999 -9999 -9999 -9999 -9999 -9999 -9999 -9999 -9999 -9999 -9999 -9999 -9999 -9999 -9999 -9999 -9999 -9999 -9999 -9999 -9999 8.60558337565245 5.96505629923195 6.49200795742217 6.47748496173881 6.47013381577563 5.5250633188989 5.73089540586807 6.2781075395178 6.57000182312913 6.6087298116181 6.41616564663127 6.50258643575944 6.5527893838007 6.60514388675801 6.70913570770063 6.73441647796426 5.44689015694894 6.55350656877272 6.69048889842816 6.64602343016304 6.91460920218378 6.2103335596621 6.31002227077261 6.37026580842212 6.13216039771214 6.27416302217171 6.22467725910246 6.09988707397133 6.77475813264027 6.84131289804354 6.7399029430002 6.96839807508513 6.73488264819607 6.88463087035343 6.23902095854282 5.8356044117827 6.03605761146173
-9999 -9999 -9999 -9999 -9999 -9999 -9999 -9999 -9999 -9999 -9999 -9999 -9999 -9999 -9999 -9999 -9999 -9999 -9999 -9999 -9999 -9999 -9999 -9999 -9999 9.23005603613909 6.126422917936 6.0826746346429 6.48483610770199 5.12953580683097 6.1346705451142 5.72874385095201 5.75922421226278 5.41640979563817 6.67363505158573 5.90050965175033 6.56318856589496 6.61446729139425 4.90326394815929 6.77762687252834 6.5050965831615 6.55225149507169 6.39823602233082 6.55529953120276 6.67291786661372 6.67004912672564 6.45919674495235 6.485015403945 6.42477186629549 7.1582727964269 6.48931851377711 6.59474470466375 6.77224798523821 6.27631457708776 6.60478529427201 6.49380091985222 4.66300698253326 6.55515609420836 6.5925931497477 5.44222845463082 6.76744284592569 5.66096987109631
-9999 -9999 -9999 -9999 -9999 -9999 -9999 -9999 -9999 -9999 -9999 -9999 -9999 -9999 -9999 -9999 -9999 -9999 -9999 -9999 -9999 -9999 -9999 -9999 9.30979679933557 6.53636584794149 6.47640918428078 6.51173054415267 6.43122653104365 5.32532730419189 6.33207570866216 5.03128146566451 4.76879176590592 6.57466352544725 6.6087298116181 6.67291786661372 5.62367625255138 6.43301949347369 5.68535416014493 5.37588884471916 5.29771568276919 6.52015746757388 6.63275550818071 6.68905452848412 6.8158169722883 6.71953488979489 5.97007659403607 6.85042114718817 6.34803307428956 6.49505599355325 6.41473127668723 6.98023162712343 6.93791771377437 6.84623756818473 6.52431714041159 6.83715322520584 6.81527908355929 5.29484694288112 6.70303963543847 6.62110125238542 6.26173181599006 6.54927517743781
-9999 -9999 -9999 -9999 -9999 -9999 -9999 -9999 -9999 -9999 -9999 -9999 -9999 -9999 -9999 -9999 -9999 -9999 -9999 -9999 -9999 -9999 -9999 -9999 6.27990050194785 6.41640470828861 6.33631905307993 6.54798424448818 6.57380290348083 6.12498854799196 6.42710271745455 6.36112170002889 6.34032333584037 6.3774376581423 6.5011520658154 6.49254584615119 6.58362833759747 6.06976530514657 6.80487990146503 5.42609179276042 6.54023864679039 6.80990019626915 6.66885381843895 6.65976947546005 6.50485752150416 6.72061066725291 6.04394664615393 6.07980589475483 6.16013061162084 6.1343119526282 5.58901231223717 6.511790309567 5.35329751810059 4.69444359047338 6.50007628835738 6.81994078587741 6.6641323507065 6.74965665861964 6.35520492400974 5.56701863976195 6.70246588746086 6.62472303649411
-9999 -9999 -9999 -9999 -9999 -9999 -9999 -9999 -9999 -9999 -9999 -9999 -9999 -9999 -9999 -9999 -9999 -9999 -9999 -9999 -9999 -9999 -9999 13.344999701716 6.11996825318784 6.23471784871072 6.18021179083735 6.15511031681672 5.89477217197418 6.53019805718213 6.58255256013945 6.49433880858123 6.42477186629549 6.55009994015563 6.65068513248116 4.26138339820318 6.14506972720847 6.69801934063435 6.7797784274444 6.6363414330408 6.63185902696569 6.67058701545466 6.74445706757251 6.60532318300102 6.54776908899657 5.61841689608991 6.11960966070183 6.17303994111717 6.56964323064312 6.42441327380948 6.50437939818949 6.41939297900535 6.35018462920561 6.29496138636023 6.54239020170644 6.55529953120276 6.24977873312309 6.46887874207459 6.5169301351998 6.64172032033093 6.4014633547049 5.88993117341306
-9999 -9999 -9999 -9999 -9999 -9999 -9999 -9999 -9999 -9999 -9999 -9999 -9999 -9999 -9999 -9999 -9999 -9999 -9999 -9999 -9999 6.96405467396246 5.99374369811267 5.69467756478116 6.29998168116435 6.02243109699339 6.24762717820704 6.01167332241312 5.92704549571499 6.55386516125873 6.62719732464757 5.62726217741147 5.59391307621263 5.57024597213604 6.5062918914482 6.69855722936336 6.65588472352829 6.6124950327212 6.62289421481546 6.49505599355325 6.63227738486603 6.61590166133828 6.52392268867698 6.24601351202 6.75976244686171 5.67029327573255 6.14022872864734 6.35197759163566 6.36883143847808 6.55565812368877 6.39823602233082 6.31504256557673 6.35520492400974 6.46995451953262 6.51011687796563 6.5050965831615 6.51226843288168 5.77715383656323 5.74033834133297 5.81970681156963 6.00342569523491 6.12785728788003
-9999 -9999 -9999 -9999 -9999 -9999 -9999 -9999 -9999 -9999 -9999 -9999 -9999 -9999 -9999 -9999 -9999 -9999 -9999 -9999 7.49565796164817 7.61673328978941 6.00521865766495 6.03318887157366 6.38622317404952 6.38801613647956 6.28492079675198 6.32006286038086 6.44724366208538 6.07191686006263 6.59456540842075 6.57502211793326 6.58273185638245 6.4412671206519 6.44819990871474 6.46636859467253 5.05423138476908 6.29496138636023 6.49200795742217 6.40558716829401 6.39178135758266 6.41257972177118 6.22467725910246 4.69026001146995 6.65122302121017 6.3736724370392 5.84528640890494 6.65176090993918 6.53163242712617 6.48250525654294 6.55494093871675 6.55637530866079 6.50103253498673 6.51657154271379 6.63490706309676 6.45226395688951 6.58183537516743 6.64494765270501 6.59976499946788 5.89871668932028 6.4930837348802 6.47031311201863
-9999 -9999 -9999 -9999 -9999 -9999 -9999 -9999 -9999 -9999 -9999 -9999 -9999 -9999 -9999 -9999 -9999 -9999 -9999 -9999 10.256605109591 5.9750968888402 6.05829034559429 6.00880458252504 6.07048249011859 6.08769492944703 6.20172733999789 6.25551621289924 6.3179113054648 6.39608446741477 6.3975188373588 6.3853266928345 6.38150170631707 6.47473575267941 6.44054993567988 6.4613482998684 6.42477186629549 6.60884934244677 6.33153781993315 6.41939297900535 6.27595598460175 6.30679493839853 6.19276252784766 4.57515182346106 5.83309426438063 5.92632831074297 5.91843927605078 6.44467374926899 6.36237677372992 6.25981932273135 6.19527267524973 6.25479902792722 6.61088136653416 6.64100313535891 6.54621518822387 6.55529953120276 6.35717718268279 6.41975157149136 6.39034698763862 4.35676899948157 6.66395305446349 6.49900051089935
-9999 -9999 -9999 -9999 -9999 -9999 -9999 -9999 -9999 -9999 -9999 -9999 -9999 -9999 -9999 -9999 -9999 -9999 9.4977030090522 7.91742938896641 6.3295297020115 5.87469099275768 5.96577348420396 5.75707265734673 6.04394664615393 6.09701833408326 6.17877742089331 6.42262031137943 6.47497481433675 6.31002227077261 6.49003569874913 6.52015746757388 6.40803755028173 6.43409527093172 6.34014403959736 6.40875473525375 6.37146111670882 6.3975188373588 6.40397350210696 6.43505151756108 6.29245123895817 6.35879084886983 6.17762992493808 5.99589525302872 6.01741080218926 6.0547044207342 6.21607103943825 6.25838495278731 6.30356760602444 6.15869624167681 6.39895320730284 6.40612505702302 6.68319751787931 6.67817722307518 6.16515090642497 6.10992766357958 6.39034698763862 6.58972440985963 6.72043137100991 6.7917912757257 6.73316140426323 6.6601878333604
-9999 -9999 -9999 -9999 -9999 -9999 -9999 -9999 -9999 -9999 -9999 -9999 -9999 -9999 -9999 -9999 12.1235767787633 11.1965505101177 6.55529953120276 6.30155948810279 6.34982603671961 5.89477217197418 5.84528640890494 5.92704549571499 5.85819573840126 5.60000914847478 6.20531326485798 6.46493422472849 6.29424420138821 6.26603492582217 6.32795189507306 6.34803307428956 6.31289101066068 6.37552516488358 6.39799696067348 6.38150170631707 6.32556127849966 6.0826746346429 6.03749198140576 6.25981932273135 6.35484633152373 6.20913825137541 6.29022796554491 6.19724493392278 6.37331384455319 6.26125369267538 6.24475843831897 6.42764060618356 6.31002227077261 6.39465009747073 6.3136081956327 6.52230902248994 6.54669331153855 6.70375682041049 6.64602343016304 6.70985289267264 6.73459577420726 6.56103701097891 6.69515060074627 6.41138441348448 6.52374339243397 6.56103701097891
-9999 -9999 -9999 -9999 -9999 -9999 -9999 -9999 -9999 -9999 8.66745365991179 7.79416485186666 8.57098380157069 -9999 -9999 -9999 7.99602168499093 5.84322450211039 5.78504287125543 6.39249854255468 6.31898708292283 6.0960620874539 5.91198461130261 5.83022552449256 6.31432538060471 5.95645007956773 6.16801964631304 6.18666645558551 6.25981932273135 6.20626951148733 6.28061768691987 6.26005838438869 6.43983275070786 6.37026580842212 6.29615669464692 6.19455549027771 6.28109581023455 6.03964353632182 5.99015777325258 6.04251227620989 6.06582078780048 6.05219427333213 6.06653797277249 6.00880458252504 6.0680918735452 6.485015403945 6.24332406837493 5.98370310850441 6.12857447285205 6.14004943240434 6.18092897580937 6.08841211441904 5.97724844375625 6.60137866565492 6.72132785222493 6.71057007764466 6.66538742440753 6.65893275965936 6.66897334926762 6.66502883192152 6.61016418156214 6.60155796189792
-9999 -9999 -9999 -9999 -9999 -9999 -9999 -9999 -9999 -9999 -9999 -9999 -9999 -9999 -9999 -9999 -9999 14.5149996755645 12.3523056600243 6.0003178936895 6.10753704700619 6.25551621289924 5.74595629028045 6.22539444407448 6.36381114367396 5.88114565750584 6.14220098732039 6.1622821665369 6.22348195081577 6.2552771512419 6.19790235348046 6.23328347876668 6.22252570418641 6.34349090280011 6.10239722137339 6.08088167221285 6.22682881401852 5.94425793504342 5.87469099275768 6.04968412593007 6.03462324151769 5.62439343752339 6.50653095310554 4.83154545095749 6.02840763842687 6.28743094415404 6.05183568084612 5.9872890333645 6.03749198140576 6.18594927061349 6.22539444407448 5.96935940906405 6.07980589475483 6.6284523983486 6.59044159483165 6.32006286038086 6.54310738667846 5.77428509667516 6.70483259786852 6.73100984934717 6.69766074814834 6.65785698220134
-9999 -9999 -9999 -9999 -9999 -9999 -9999 -9999 -9999 -9999 -9999 -9999 -9999 -9999 8.46452388160295 6.01402978732118 11.91200925528 6.9670533532626 6.08960742270574 6.37851343560033 5.88975187717006 5.91270179627463 5.73483992321417 6.27918331697583 5.88975187717006 5.9750968888402 6.01023895246908 6.25856424903031 6.02027954207733 6.18810082552955 6.18881801050156 6.2564724595286 5.98979918076657 6.42501092795283 6.34372996445745 6.33751436136663 6.26579586416483 6.48250525654294 6.09630114911124 6.31504256557673 6.44341867556795 5.4517909209244 5.62821842404082 4.33955656015314 6.14722128212452 6.20000609606504 6.17734305094928 4.23986784904264 4.1147190714255 6.10132144391537 5.9951780680567 6.20029297005385 6.47258419776335 6.63813439547084 6.65355387236923 6.48812320549041 6.53258867375553 6.5488448664546 6.72491377708502 6.75862147076987 6.77475813264027 6.79878382920288
-9999 -9999 -9999 -9999 -9999 -9999 -9999 -9999 -9999 -9999 -9999 -9999 10.5265771070308 7.99038666021079 6.20373545791954 6.24102907646447 6.16013061162084 6.20144046600908 6.15181126594543 5.85819573840126 5.81946774991229 5.88831750722602 6.01023895246908 6.06115908548236 5.97366251889616 6.29840387422591 6.32522659217939 6.41186253679916 6.30787071585655 6.55153431009967 6.42405468132347 6.49433880858123 6.48949781002011 6.32938626501709 6.30308948270977 6.32340972358361 6.36237677372992 6.52948087221012 6.39429150498472 5.99015777325258 6.32293160026893 6.53181172336917 6.23859064755961 6.2261116290465 6.35998615715653 6.65462964982726 6.55745108611882 5.56414989987388 6.79376353439875 6.65857416717336 6.4266843595542 6.5925931497477 6.69694356317632 6.69013030594215 6.73818169906735 6.03534042648971 6.58040100522339 6.66144290706143 6.96015044790693 6.82729193184059 6.85400707204826 6.85472425702028
-9999 -9999 -9999 -9999 -9999 -9999 -9999 -9999 -9999 -9999 6.71543668995478 8.00664285290986 6.63777580298483 5.64017150690779 5.70973844919354 5.61004973808303 6.35592210898176 7.60358489863575 7.7410670844838 7.55427299859002 6.02253355198939 6.04753257101402 5.94856104487553 6.03462324151769 6.03247168660164 3.94331186311319 3.89992217230611 6.57125689683016 6.31289101066068 5.22779014799744 5.24858851218596 6.44413586053997 6.57000182312913 6.34749518556055 6.54203160922043 6.25814589112997 5.66096987109631 5.88975187717006 5.9033783916384 5.91700490610674 5.95429852465168 6.02027954207733 6.35353149240837 6.41162347514182 6.40923285856843 6.59115877980366 6.0692871818319 6.70949430018663 6.77762687252834 6.13502913760021 6.73148797266185 6.2698599123396 6.37265642499551 6.40755942696705 6.50007628835738 6.724196592113 6.41975157149136 6.87229528883472 6.79663227428682 6.73638873663731 6.78336435230449 6.50617236061953
-9999 -9999 -9999 -9999 -9999 -9999 -9999 -9999 -9999 -9999 5.79499987047166 6.18147304716745 7.97173985093832 6.30155948810279 5.89778434885666 7.572819502272 12.7399997152388 -9999 -9999 9.22999979369342 8.26391246776173 9.03160447851327 6.00521865766495 4.37685017869808 5.95573289459571 5.96362192928791 4.22659992706031 6.46547211345751 5.33751944871619 5.40852076094598 5.36333810770884 5.35401470307261 5.48023925814778 5.5648670848459 5.66240424104035 6.61877040122636 5.72623370354995 5.75061799259856 5.90266120666638 5.97222814895213 6.02888576174155 6.39560634410009 6.55924404854886 6.40397350210696 6.44987334031612 6.48931851377711 6.45847955998033 6.78946042456664 6.16515090642497 6.36524551361799 6.36022521881387 6.62223679525778 6.53306679707021 6.50724813807756 6.33727529970929 6.47569199930876 6.9034928351175 6.85400707204826 6.87767417612486 6.79555649682879 6.82603685813956 6.85759299690835
-9999 -9999 -9999 -9999 -9999 -9999 -9999 -9999 -9999 -9999 -9999 -9999 -9999 -9999 -9999 -9999 -9999 -9999 -9999 -9999 -9999 -9999 -9999 -9999 11.4508570230978 3.26180684345309 5.89262061705813 5.93995482521132 6.57810601331294 6.48329416001216 5.35473188804463 5.38915676670149 5.30309457005933 5.36692403256893 5.82305367477238 5.94569230498746 5.91485335119069 5.85532699851319 5.92059083096683 5.86321603320539 5.98513747844845 6.04036072129384 6.02960294671357 6.44222336728126 6.49983722670004 6.48836226714775 6.51681060437113 6.76274528435897 6.25838495278731 6.32436597021297 6.26483961753547 6.80272834654897 6.79627368180081 6.43983275070786 6.25623339787126 6.38174076797441 6.95548874558881 6.92285682936199 6.91604357212782 6.91174046229571 6.92895290162414 6.91783653455786
-9999 -9999 -9999 -9999 -9999 -9999 -9999 -9999 -9999 -9999 -9999 -9999 -9999 -9999 -9999 -9999 -9999 -9999 -9999 -9999 -9999 -9999 -9999 -9999 -9999 10.6396679468453 7.57721639783122 6.38066499051638 6.3494674442336 6.58506270754151 6.3537705540657 5.49888606742024 5.67818231042475 5.72193059371784 5.90768150147051 5.69682911969721 5.81516464008018 6.39178135758266 5.97007659403607 6.0747855999507 6.14435254223645 6.09773551905528 5.95501570962369 6.45967486826703 6.43863744242117 6.47138888947666 6.50820438470691 6.43959368905053 6.32723471010104 6.56725261406973 6.02027954207733 6.62367116520181 6.70949430018663 6.14220098732039 6.05972471553832 6.77021596115083 6.98525192192756 6.95979185542092 6.92142245941795 6.90313424263149 7.01931820809841 6.38102358300239
-9999 -9999 -9999 -9999 -9999 -9999 -9999 -9999 -9999 -9999 -9999 -9999 -9999 -9999 -9999 -9999 -9999 -9999 -9999 -9999 -9999 -9999 -9999 -9999 -9999 -9999 -9999 7.42333240900189 6.35821710089222 6.43248160474468 6.45188145823777 5.85030670370907 5.84026611410081 5.75348673248664 5.41067231586203 5.00976591650397 6.3737082962878 6.66933194175363 6.61783806076273 6.16586809139699 6.19742423016578 6.14004943240434 6.56701355241239 6.45154677191749 6.80344553152099 6.46947639621794 6.5062918914482 6.53043711883947 6.52565588569269 6.14004943240434 6.10992766357958 6.39967039227486 6.74571214127354 6.63323363149539 6.67961159301922 6.92464979179204 7.0867335954681 7.22945340489969 7.04155094223097 6.5847041150555 7.04513686709106 6.36022521881387
