EcologicalScience/Bass/data/rs_data_bass/sst_434.asc
NCOLS 226 
NROWS 124 
XLLCORNER -9.41648524995501 
YLLCORNER 47.587301625531 
CELLSIZE 0.0833 
NODATA_value -9999 
[rows 54 to 80 of 124, columns 0 to 61 of 226]
-9999 -9999 -9999 -9999 -9999 -9999 -9999 -9999 -9999 -9999 -9999 -9999 -9999 -9999 -9999 -9999 -9999 -9999 -9999 -9999 -9999 -9999 -9999 -9999 -9999 -9999 -9999 -9999 -9999 -9999 -9999 -9999 -9999 -9999 -9999 -9999 -9999 -9999 11.2426939462585 11.2550126528367 10.9107638662681 10.9437543749809 10.0781121137552 9.57751700328663 10.4359874147922 9.8672597319819 9.13501387555152 9.54237493965775 10.0185857610777 9.05182041879743 9.41113008977845 9.68222600920126 10.2545396168716 9.4885860667564 9.51081880088896 9.56173893390223 9.69154941383749 9.8113193041645 9.85891169890761 -9999 -9999 11.0000533952843
-9999 -9999 -9999 -9999 -9999 -9999 -9999 -9999 -9999 -9999 -9999 -9999 -9999 -9999 -9999 -9999 -9999 -9999 -9999 -9999 -9999 -9999 -9999 -9999 -9999 -9999 -9999 -9999 -9999 -9999 -9999 -9999 -9999 -9999 -9999 -9999 -9999 -9999 11.9399997331202 10.231589697767 10.3800469869748 10.4761497732252 9.99707021191716 9.75896480120718 10.2423474723473 9.64062928082421 9.12282173102722 9.14577165013179 9.03962827427313 9.75466169137508 9.86439099209383 9.77474287059158 9.49934384133667 9.72956021735445 9.65425579529256 9.67361978953704 9.74390391679481 9.43515578634106 -9999 13.6649996945634 -9999 13.3149997023866
-9999 -9999 -9999 -9999 -9999 -9999 -9999 -9999 -9999 -9999 -9999 -9999 -9999 -9999 -9999 -9999 -9999 -9999 -9999 -9999 -9999 -9999 -9999 -9999 -9999 -9999 -9999 -9999 -9999 -9999 -9999 -9999 -9999 -9999 -9999 -9999 -9999 -9999 -9999 10.5528885652311 9.911008015275 10.1605883855373 9.84430981287733 9.95403911359608 9.46348459273577 9.91387675516307 9.26482435548678 8.955000447575 10.390804761555 10.4768669581972 9.13573106052354 9.84646136779338 10.2509536920115 10.0408184952103 9.77689442550763 9.79052093997598 9.8471785527654 9.8192083388567 8.72406688658521 14.339999679476 -9999 -9999
-9999 -9999 -9999 -9999 -9999 -9999 -9999 -9999 -9999 -9999 -9999 -9999 -9999 -9999 -9999 -9999 -9999 -9999 -9999 -9999 -9999 -9999 -9999 -9999 -9999 -9999 -9999 -9999 -9999 -9999 -9999 -9999 -9999 -9999 -9999 -9999 -9999 -9999 -9999 14.4099996779114 9.9827265124768 9.81203648913652 9.77187413070351 9.50508132111281 9.35375529201701 9.54165775468573 9.90096742566675 8.92057556891814 10.6540116462857 11.4773399941623 12.2648090934381 9.57177952351049 11.2772453869693 10.5586260450073 9.63274024613202 10.0867183334194 10.429532750044 9.36953336140141 9.36594743654132 10.5453581230249 11.3028249843046 -9999
-9999 -9999 -9999 -9999 -9999 -9999 -9999 -9999 -9999 -9999 -9999 -9999 -9999 -9999 -9999 -9999 -9999 -9999 -9999 -9999 -9999 -9999 -9999 -9999 -9999 -9999 -9999 -9999 -9999 -9999 -9999 -9999 -9999 -9999 -9999 -9999 -9999 -9999 -9999 -9999 10.4887005102355 9.94830163381994 9.9547562985681 9.51153598586097 9.38387706084177 9.28418834973127 9.55026397434995 9.37598802614957 9.21605577738956 9.03245642455295 10.0013733217493 11.4823602889664 8.50532547011971 9.75394450640306 10.5801415941678 9.45846429793164 11.0814538896084 11.0161900571547 11.1402630573139 11.7477187286131 11.7197485147044 9.08999979682267
-9999 -9999 -9999 -9999 -9999 -9999 -9999 -9999 -9999 -9999 -9999 -9999 -9999 -9999 -9999 -9999 -9999 -9999 -9999 -9999 -9999 -9999 -9999 -9999 -9999 -9999 -9999 -9999 -9999 -9999 -9999 -9999 -9999 -9999 -9999 -9999 -9999 -9999 -9999 -9999 11.0125729503394 10.4739982183091 10.3384502585977 10.7845393111929 10.2774895359762 9.20314644789323 9.44053467363119 9.58970914781094 9.25478376587853 10.4797356980853 8.16394542343915 8.74988554557785 8.96504103718325 12.6822107471526 10.0106967263855 9.74031799193472 10.2437818422914 10.2932676053606 9.96874140552245 16.3199861423817 -9999 -9999
-9999 -9999 -9999 -9999 -9999 -9999 -9999 -9999 -9999 -9999 -9999 -9999 -9999 -9999 -9999 -9999 -9999 -9999 -9999 -9999 -9999 -9999 -9999 -9999 -9999 -9999 -9999 -9999 -9999 -9999 -9999 -9999 -9999 -9999 -9999 -9999 -9999 -9999 -9999 10.6296897211477 10.6518600913696 10.7271645134315 10.5536057502031 9.73314614221454 10.110385437496 9.31215856363997 10.0250404258259 9.63489180104807 9.32506789313629 9.79267249489203 10.4367045997642 10.7142551839352 11.982238214463 10.9000060916878 9.85937069728971 10.0472731599584 9.99778739688918 13.8549996903166 13.964441425562 12.7826166432351 13.0121158342808 11.0448774560355
-9999 -9999 -9999 -9999 -9999 -9999 -9999 -9999 -9999 -9999 -9999 -9999 -9999 -9999 -9999 -9999 -9999 -9999 -9999 -9999 -9999 -9999 -9999 -9999 -9999 -9999 -9999 -9999 -9999 -9999 -9999 -9999 -9999 -9999 -9999 -9999 -9999 -9999 -9999 10.7515488024801 10.1677602352574 10.7737815366127 9.83785514812917 10.6991942995228 9.48930325172842 9.72812584741041 8.94495985796675 10.5521713802591 9.78119753533974 10.1950132641941 9.92893763957545 9.26195561559871 8.7477339906618 12.2246467350051 9.34012877754867 9.65712453518063 9.92535171471536 9.0424970141612 11.4864243371412 12.6700186026283 13.1146732852794 12.5108035388403
-9999 -9999 -9999 -9999 -9999 -9999 -9999 -9999 -9999 -9999 -9999 -9999 -9999 -9999 -9999 -9999 -9999 -9999 -9999 -9999 -9999 -9999 -9999 -9999 -9999 -9999 -9999 -9999 -9999 -9999 -9999 -9999 -9999 -9999 -9999 -9999 -9999 -9999 10.8292916534469 10.2656559839379 10.8031861204654 10.4826044379734 10.1024964028038 10.3298440389335 10.2323068827391 10.6905880798586 9.98344369744882 9.67433697450906 9.83713796315715 10.9444715599529 10.6547288312577 10.8347422592342 10.8476515887305 10.6174352127127 10.9946745079942 9.94543289393187 10.2961363452487 11.5798974451609 11.4852290288545 12.4347819318064 11.0405743462034 11.8129825610667
-9999 -9999 -9999 -9999 -9999 -9999 -9999 -9999 -9999 -9999 -9999 -9999 -9999 -9999 -9999 -9999 -9999 -9999 -9999 -9999 -9999 -9999 -9999 -9999 -9999 -9999 -9999 -9999 -9999 -9999 -9999 -9999 -9999 -9999 -9999 -9999 -9999 -9999 10.6346476520412 10.389370391611 10.2832270157523 9.86008788226172 9.96551407314837 10.0831324085593 10.1469618710689 10.2968535302207 9.52587968530133 9.47567673726007 9.44268622854725 9.70230718841776 10.2330240677111 10.3671376574785 10.3563798828982 10.6762443804182 10.18999296939 10.3327127788216 10.9114810512401 11.5103305028751 12.7144840708934 12.6291390592232 12.422589787282 12.4928739145398
-9999 -9999 -9999 -9999 -9999 -9999 -9999 -9999 -9999 -9999 -9999 -9999 -9999 -9999 -9999 -9999 -9999 -9999 -9999 -9999 -9999 -9999 -9999 -9999 -9999 -9999 -9999 -9999 -9999 -9999 -9999 -9999 -9999 -9999 -9999 -9999 -9999 11.0624484878499 11.5648365607485 9.96479688817635 9.86223943717778 10.7651753169484 9.54237493965775 9.88160343142226 9.92750326963142 9.3853114307858 9.73529769713059 10.1024964028038 9.81203648913652 9.82566300360486 11.0455946410075 10.4661091836169 10.4976653223857 11.2829828667454 11.4192480114289 11.4099246067926 10.948057484813 12.7223731055856 12.6793420072645 12.2777184229344 11.6179082486778 12.1572313476354
-9999 -9999 -9999 -9999 -9999 -9999 -9999 -9999 -9999 -9999 -9999 -9999 -9999 -9999 -9999 -9999 -9999 -9999 -9999 -9999 -9999 -9999 -9999 -9999 -9999 -9999 -9999 -9999 -9999 -9999 -9999 -9999 -9999 -9999 -9999 -9999 -9999 10.387936021667 10.0049592466094 9.45989866787568 10.6568803861737 10.7501144325361 9.88016906147823 10.7178411087953 10.6819818601944 10.550019825343 10.0974761079997 9.85148166259751 10.2014679289423 9.47854547714815 9.66859949473292 10.2624286515638 10.5112918368541 10.4646748136729 11.4099246067926 10.8863795772195 11.2363658435643 11.941358671058 12.58180485107 12.0726035209373 10.3327127788216 11.1395458723418
-9999 -9999 -9999 -9999 -9999 -9999 -9999 -9999 -9999 -9999 -9999 -9999 -9999 -9999 -9999 -9999 -9999 -9999 -9999 -9999 -9999 -9999 -9999 -9999 -9999 -9999 -9999 -9999 -9999 -9999 -9999 -9999 -9999 -9999 -9999 11.2764125270018 10.7181997012813 10.0264747957699 9.48500014189631 9.77330850064754 9.92893763957545 10.3025910099968 10.1154057323001 10.4639576287009 10.6740928255022 10.26816613134 10.2394787324592 9.80127871455625 9.90168461063877 10.0243232408538 10.2201147382148 10.1333353566006 10.5005340622738 10.6353648370132 10.986785473302 10.7128208139911 11.2083956296556 11.7900326419622 11.5390179017559 11.8904385380447 11.7147282199003 11.7297891043127
-9999 -9999 -9999 -9999 -9999 -9999 -9999 -9999 -9999 -9999 -9999 -9999 -9999 -9999 -9999 -9999 -9999 -9999 -9999 -9999 -9999 -9999 -9999 -9999 -9999 -9999 -9999 -9999 -9999 -9999 -9999 19.8834766186849 18.4549995874986 -9999 -9999 11.3384451712482 10.3147831545211 10.1813867497258 10.0781121137552 9.9705343679525 9.97555466275662 10.3355815187097 10.2566911717877 10.4216437153518 10.269600501284 10.0594653044827 9.99491865700111 10.3391674435697 9.9346751193516 9.98702962230891 10.2000335589983 10.1641743103974 10.1283150617965 10.7960142707452 10.6783959353343 10.8347422592342 11.1689504561946 11.3876918726601 11.4407635605894 11.2406689533964 11.6738486764953 11.5167851676233
-9999 -9999 -9999 -9999 -9999 -9999 -9999 -9999 -9999 -9999 -9999 -9999 -9999 -9999 -9999 -9999 -9999 -9999 -9999 -9999 -9999 -9999 -9999 -9999 -9999 -9999 -9999 -9999 11.8599997349083 10.9251497530598 8.30314372196141 10.4340749215335 10.4804528830573 6.46784723529385 10.1542020241198 10.5324487935286 9.82494581863284 9.91029083030298 10.1333353566006 9.86582536203787 10.151264980901 10.9896542131901 11.1115756584331 10.230872512795 10.1261635068804 9.96551407314837 9.88518935628235 9.89236120600253 9.92033141991124 10.0989104779437 10.2021851139143 10.268883316312 10.4488967442885 10.8390453690663 10.9301278605126 10.8483687737025 10.985351103358 11.0864741844125 11.6695455666631 11.1424146122299 11.4845118438825 11.8603167692199
-9999 -9999 -9999 -9999 -9999 -9999 -9999 -9999 -9999 -9999 -9999 -9999 -9999 -9999 -9999 -9999 -9999 -9999 -9999 -9999 -9999 -9999 15.123880265591 11.1543676950969 12.1217306915205 10.3881750833243 10.7666096868925 9.53807182982564 10.0540864171926 10.0895870733075 9.50651569105685 9.61481062183157 10.9896542131901 9.59759818250313 9.67720571439713 9.85793632734567 9.60979032702744 9.36594743654132 9.36020995676517 9.75394450640306 9.15652942471206 9.91817986499518 10.2480849521235 10.0149998362176 10.1032135877758 9.88734091119841 9.86510817706585 9.93395793437958 10.0601824894547 10.0257576107979 10.2466505821794 10.1598712005652 9.83570359321311 10.7379222880118 10.666920975782 10.947340299841 10.6002227733843 10.228720957879 11.1092806665227 15.3499996569008 -9999 -9999
-9999 -9999 -9999 -9999 -9999 -9999 -9999 -9999 -9999 -9999 -9999 -9999 -9999 -9999 -9999 -9999 -9999 -9999 -9999 -9999 -9999 11.1524552018382 9.94256415404379 9.85076447762549 10.828287594486 10.6640522358939 11.2048097047955 10.2932676053606 10.230155327823 9.60190129233524 9.58612322295085 10.1935788942501 9.48643451184034 9.24259162135422 9.39893794525415 9.29781486419961 9.6083559570834 9.43408000888303 9.72812584741041 9.97985777258873 9.97985777258873 10.0365153853782 10.2631458365358 9.90598772047088 10.071657449007 10.068788709119 9.85291603254154 9.95762503845617 9.91172520024702 9.95905940840021 9.96049377834424 10.2444990272634 9.33439129777253 9.97412029281259 9.97770621767268 9.90498366151005 15.4749996541068 -9999 -9999 -9999 -9999 -9999
-9999 -9999 -9999 -9999 -9999 -9999 -9999 -9999 -9999 -9999 -9999 -9999 -9999 -9999 -9999 -9999 -9999 6.88018432352692 9.97595807930338 10.5650807097554 10.0544450096786 10.2337412526831 10.2398373249453 10.495035644155 9.04966886388138 10.9688558490016 10.5335245709866 10.5134433917701 10.4237952702679 9.79984434461221 9.62485121143982 9.52587968530133 9.70589311327785 9.66859949473292 9.6599932750687 9.42547378921881 9.39391765045002 9.44125185860321 11.0814538896084 10.9329966004007 10.5328073860146 10.8010345655493 10.6081118080765 10.3527939580381 9.72812584741041 9.62126528657973 9.93682667426765 10.0042420616373 9.96336251823232 10.2789239059202 10.3793298020028 9.59365366515703 14.2949996804819 -9999 -9999 -9999 -9999 -9999 -9999 -9999 -9999 -9999
-9999 -9999 -9999 -9999 -9999 -9999 -9999 -9999 -9999 -9999 -9999 -9999 -9999 -9999 -9999 -9999 -9999 10.7854955578223 11.0793023346923 10.1613055705093 10.1408657988068 10.4455498810858 10.8082064152695 10.8203985597938 9.17159030912444 10.1935788942501 10.6791131203063 10.5650807097554 10.6834162301384 10.4539170390926 9.86941128689796 10.3241065591574 10.6991942995228 10.2072054087184 9.96479688817635 9.68939785892144 12.4799645850435 12.3903164635412 11.3805200229399 9.55026397434995 10.1268806918524 11.0154728721827 10.4618060737848 10.5320902010426 10.1964476341382 10.0415356801823 9.73314614221454 9.87873469153419 10.1297494317405 10.0422528651543 10.0852839634754 15.7099996488541 -9999 -9999 -9999 -9999 -9999 -9999 -9999 -9999 -9999 -9999
-9999 -9999 -9999 -9999 -9999 -9999 -9999 -9999 -9999 -9999 -9999 -9999 -9999 12.7747010461365 9.75824761623517 10.0404599027243 10.1319009866565 10.6145664728247 10.2583646033891 9.73529769713059 10.0225302784238 10.1810281572398 11.0398571612313 10.8397625540383 10.2566911717877 9.87658313661814 9.78406627522781 10.4094515708275 10.4646748136729 10.3814813569188 10.6540116462857 10.6726584555581 10.6712240856141 10.6439710566774 9.88590654125437 10.9272591206245 12.4627521457151 11.6681111967191 10.3549455129541 9.55600145412609 10.7199926637113 10.2387615474872 10.4123203107156 10.4008453511633 10.2559739868157 10.0171513911337 9.80988493422046 9.89164402103052 9.93324074940756 10.0895870733075 10.309762859717 10.1053651426919 13.4199997000396 -9999 -9999 -9999 -9999 -9999 -9999 24.7094385871431 24.8649994442239 -9999
-9999 -9999 -9999 -9999 -9999 -9999 -9999 -9999 -9999 -9999 9.8449997799471 9.66924837637427 11.1825769706629 11.1115756584331 11.2614673175849 9.86905269441195 10.0781121137552 10.6411023167893 10.988219843246 9.55887019401416 10.4897762876935 10.9121982362121 11.2514267279766 10.707800519187 10.6425366867334 11.0706961150281 10.9968260629103 10.50985746691 11.0097353924066 11.0498977508396 11.0240790918469 11.1201818780974 10.3198034493253 10.1526993508451 10.5385448657908 10.785973681137 9.66716512478888 10.8899655020796 10.4890591027215 10.5421307906508 10.8892483171076 10.6877193399705 10.3850672817789 10.0135654662736 9.74462110176682 9.65784172015265 9.72812584741041 9.70876185316592 9.41184727475047 9.72346414509229 9.72525710752234 15.0803957952885 9.59585534590447 -9999 -9999 -9999 14.0800594256904 10.6177425777007 10.4901348801795 10.5683080421295 11.0889517324977 17.7899996023625
-9999 -9999 -9999 -9999 -9999 -9999 -9999 20.1338165880842 9.94471570895985 11.1022522537969 10.0683105858043 10.987502658274 10.7321848082356 11.1395458723418 10.7300332533196 9.78693501511589 9.66357919992879 9.67003386467695 9.98057495756075 10.3384502585977 11.1610614215024 11.2600329476409 11.1746879359707 9.99635302694514 11.0111697623506 11.1330912075937 11.6659596418031 10.3212378192693 10.7895596059971 11.0319681265391 10.7744987215847 10.8541062534787 11.105838178657 11.0764335948043 11.6057161041535 11.0957975890487 9.94256415404379 10.4919278426096 11.1029694387689 11.1589098665863 11.0441602710634 10.2258522179909 10.3441877383739 9.99993895180523 9.60548721719533 9.78980375500396 9.76039917115122 10.1362040964887 10.0085451714694 10.0451216050424 10.1218603970483 10.3972594263032 9.83606218569912 9.54773273327224 11.0370908763393 9.77187413070351 9.68903926643543 10.0447630125564 8.15964231360704 10.8426312939264 10.7501144325361 14.4147455832278
-9999 -9999 -9999 -9999 -9999 10.6002227733843 9.79374827235006 9.76470228098333 10.1390728363767 11.0398571612313 10.9401684501208 10.6991942995228 10.7759330915287 10.9035920165479 10.7415082128718 10.4940793975256 10.3377330736257 10.6210211375728 11.1517380168661 10.6941740047187 11.3088015257381 10.9903713981621 12.1213720990345 10.985351103358 11.0685445601121 10.6819818601944 11.1603442365304 11.2069612597115 11.2363658435643 11.1015350688249 10.8498031436466 10.5385448657908 10.9530777796172 10.5184636865743 9.70159000344574 9.85937069728971 9.82566300360486 10.5249183513224 11.4429151155055 11.3790856529959 11.4020355721004 10.8505203286186 10.5801415941678 10.0752433738671 10.2538224318996 9.93324074940756 10.5313730160706 10.0365153853782 10.0953245530836 10.0637684143148 10.4417248945683 10.4230780852959 10.3700063973665 10.6446882416494 10.0637684143148 10.310480044689 10.187841414474 10.1702703826595 10.6748100104742 10.0236060558818 10.5901821837761 10.4173406055197
-9999 -9999 -9999 -9999 -9999 10.5600604149513 10.9968260629103 10.6052430681884 11.0613727103919 10.5048371721059 10.7056489642709 10.6181523976848 10.0336466454901 10.2100741486065 10.10823388258 10.5779900392517 10.1734977150336 9.69513533869758 11.0334024964832 11.0620898953639 10.8878139471635 11.6193426186219 10.0236060558818 12.4010742381215 11.3425092194229 11.1022522537969 10.9530777796172 10.8957029818557 10.5722525594756 11.2091128146276 10.7250129585154 11.3661763234995 11.2801141268574 10.6941740047187 11.3181249303743 12.4441053364426 10.945188744925 10.3348643337376 11.4192480114289 11.8151341159828 12.1077455845661 11.4041871270165 10.2581255417317 10.5335245709866 10.3140659695491 10.7565690972842 10.1770836398937 10.230155327823 10.1591540155932 10.8576921783388 10.1985991890542 10.5729697444476 10.6475569815375 10.6346476520412 9.95117037370801 10.109668252524 9.71521651791409 10.0852839634754 10.3821985418908 10.1024964028038 10.1275978768244 10.7981658256613
-9999 -9999 -9999 -9999 -9999 11.2019409649074 11.3174077454023 11.1130100283772 10.9372997102328 10.4539170390926 10.8878139471635 10.9580980744213 10.5198980565183 10.9602496293373 10.1648914953694 10.3614001777023 9.98129214253277 10.4510482992046 10.4625232587568 10.6547288312577 11.0183416120708 10.7752159065567 10.867015582975 11.0900601092726 11.4665822195821 11.3353373697028 10.3735923222266 10.7701956117526 11.2134159244597 11.5920895896852 11.5483413063921 11.0176244270988 11.4407635605894 12.1242408389226 10.4474623743445 11.5892208497971 11.2119815545157 11.1919003752992 12.2260811049491 11.6982329655439 11.0864741844125 10.6927396347746 11.3704794333316 10.6210211375728 10.5744041143917 10.5342417559586 10.7773674614727 11.0986663289368 10.6081118080765 10.8512375135906 10.4137546806596 10.1613055705093 10.2050538538024 10.2739036111161 10.1161229172722 12.3185979663394 10.1928617092781 10.1591540155932 9.57966855820268 10.3370158886537 10.1419415762648 9.94758444884792
-9999 -9999 -9999 -9999 -9999 10.9738761438057 10.8921170569956 10.9365825252607 10.5234839813784 10.428815565072 10.6583147561178 9.72525710752234 11.0068666525185 10.2782067209482 10.8949857968837 10.5665150796995 10.6160008427687 10.1598712005652 10.0551621946506 10.5643635247834 10.1526993508451 10.8426312939264 10.5629291548394 11.3970152772963 11.184728525579 11.0420087161474 11.6344035030343 11.3733481732197 11.2134159244597 10.9910885831341 11.066393005196 11.2901547164656 10.4718466633931 10.8799249124713 10.7623065770604 11.1682332712226 12.1550797927193 12.2052827407606 11.027665016707 11.1711020111106 11.0039979126304 11.0412915311754 10.9200872709043 10.7709127967246 10.8304391494021 10.7293160683475 10.8913998720236 10.5134433917701 10.7113864440471 10.9982604328543 10.4625232587568 10.5564744900912 10.3700063973665 9.9346751193516 10.5550401201472 10.5966368485242 10.149830610957 10.1792351948097 10.0135654662736 10.2229834781028 9.99420147202909 9.67720571439713
-9999 -9999 -9999 -9999 -9999 11.2442548782565 10.506988727022 10.7049317792989 10.4044312760234 10.6224555075169 10.2495193220675 10.3262581140734 11.0606555254199 10.9114810512401 11.1725363810547 10.6934568197466 11.1832941556349 10.7242957735434 10.3700063973665 10.2767723510042 11.0090182074346 11.0606555254199 10.9896542131901 10.7766502765007 10.8397625540383 11.2198705892079 10.7845393111929 10.6124149179086 10.8863795772195 10.550019825343 10.8125095251016 11.1108584734611 9.85435040248558 10.2954191602767 10.0795464836992 10.390087576583 11.1187475081533 11.1388286873698 11.1725363810547 11.5605334509164 11.3532669940032 11.1983550400473 10.7357707330957 10.5930509236641 10.9021576466039 10.7242957735434 10.9552293345332 10.6984771145508 10.7049317792989 10.4474623743445 10.2050538538024 10.4216437153518 9.96121096331626 10.7795190163888 10.3628345476463 10.2330240677111 10.3205206342973 10.3922391314991 10.3398846285418 10.3463392932899 10.388653206639 10.1017792178318
