EcologicalScience/Bass/data/rs_data_bass/sst_198.asc
NCOLS 226 
NROWS 124 
XLLCORNER -9.41648524995501 
YLLCORNER 47.587301625531 
CELLSIZE 0.0833 
NODATA_value -9999 
[rows 0 to 26 of 124, columns 62 to 123 of 226]
-9999 -9999 -9999 -9999 -9999 -9999 -9999 -9999 -9999 -9999 -9999 -9999 -9999 -9999 -9999 -9999 -9999 -9999 -9999 -9999 -9999 -9999 -9999 -9999 -9999 -9999 -9999 -9999 -9999 -9999 -9999 -9999 -9999 -9999 -9999 -9999 -9999 -9999 -9999 -9999 -9999 -9999 -9999 -9999 -9999 -9999 -9999 -9999 -9999 -9999 -9999 -9999 -9999 -9999 -9999 -9999 -9999 -9999 -9999 -9999 -9999 -9999
-9999 -9999 -9999 -9999 -9999 -9999 -9999 -9999 -9999 -9999 -9999 -9999 -9999 -9999 -9999 -9999 -9999 -9999 -9999 -9999 -9999 -9999 -9999 -9999 -9999 -9999 -9999 -9999 -9999 -9999 -9999 -9999 -9999 -9999 -9999 -9999 -9999 -9999 -9999 -9999 -9999 -9999 -9999 -9999 -9999 -9999 -9999 -9999 -9999 -9999 -9999 -9999 -9999 -9999 -9999 -9999 -9999 -9999 -9999 -9999 -9999 -9999
-9999 -9999 -9999 -9999 -9999 -9999 -9999 -9999 -9999 -9999 -9999 -9999 -9999 -9999 -9999 -9999 -9999 -9999 -9999 -9999 -9999 -9999 -9999 -9999 -9999 -9999 -9999 -9999 -9999 -9999 -9999 -9999 -9999 -9999 -9999 -9999 -9999 -9999 -9999 -9999 -9999 -9999 -9999 -9999 -9999 -9999 -9999 -9999 -9999 -9999 -9999 -9999 -9999 -9999 -9999 -9999 -9999 -9999 -9999 -9999 -9999 -9999
-9999 -9999 -9999 -9999 -9999 -9999 -9999 -9999 -9999 -9999 -9999 -9999 -9999 -9999 -9999 -9999 -9999 -9999 -9999 -9999 -9999 -9999 -9999 -9999 -9999 -9999 -9999 -9999 -9999 -9999 -9999 -9999 -9999 -9999 -9999 -9999 -9999 -9999 -9999 -9999 -9999 -9999 -9999 -9999 -9999 -9999 -9999 -9999 -9999 -9999 -9999 -9999 -9999 -9999 -9999 -9999 -9999 -9999 -9999 -9999 -9999 -9999
-9999 -9999 -9999 -9999 -9999 -9999 -9999 -9999 -9999 -9999 -9999 -9999 -9999 -9999 -9999 -9999 -9999 -9999 -9999 -9999 -9999 -9999 -9999 -9999 -9999 -9999 -9999 -9999 -9999 -9999 -9999 -9999 -9999 -9999 -9999 -9999 -9999 -9999 -9999 -9999 -9999 -9999 -9999 -9999 -9999 -9999 -9999 -9999 -9999 -9999 -9999 -9999 -9999 -9999 -9999 -9999 -9999 -9999 -9999 -9999 -9999 -9999
-9999 -9999 -9999 -9999 -9999 -9999 -9999 -9999 -9999 -9999 -9999 -9999 -9999 -9999 -9999 -9999 -9999 -9999 -9999 -9999 -9999 -9999 -9999 -9999 -9999 -9999 -9999 -9999 13.2899997029454 10.5126767457656 6.37385173328221 6.19096956541762 6.22826318396255 6.50581376813352 6.59331033471972 6.39106417261064 6.4412671206519 6.43122653104365 6.44341867556795 6.41401409171522 5.97868281370029 6.06115908548236 6.51441998779774 6.89022491313517 6.96552933519706 6.98345895949751 7.05302590178326 7.1584520926699 7.19574571121484 7.17925045685843 7.21152378059924 7.22299874015152 7.2896969425492 7.27248450322077 7.29184849746525 7.39153720857576 7.39799187332392 7.40659809298813 7.3972746883519 7.40874964790419 7.45608385605738 7.53712575789541
-9999 -9999 -9999 -9999 -9999 -9999 -9999 -9999 -9999 -9999 -9999 -9999 -9999 -9999 -9999 -9999 -9999 -9999 -9999 -9999 -9999 -9999 -9999 -9999 -9999 -9999 -9999 11.9213799468375 6.70232245046645 5.24643695726991 6.06044190051034 6.13574632257223 6.24045532848686 6.15152439195663 6.18594927061349 6.39536728244275 6.18738364055753 6.33297218987718 6.27918331697583 6.38891261769459 6.24260688340291 6.34229559451342 6.5208746525459 6.71092867013067 6.6800897163339 7.08601641049609 6.96983244502917 7.15558335278183 7.11111788451672 7.14841150306165 7.12474439898506 7.17207860713825 7.10179447988048 7.2100894106552 7.26459546852857 7.22443311009556 7.2538376939483 7.12331002904102 7.35424359003082 6.97843866469339 7.47903377516195 7.3018890870735
-9999 -9999 -9999 -9999 -9999 -9999 -9999 -9999 -9999 -9999 -9999 -9999 -9999 -9999 -9999 -9999 -9999 -9999 -9999 -9999 -9999 -9999 -9999 -9999 -9999 -9999 8.90515609201975 6.87086091889068 6.75754569331184 6.42477186629549 6.36381114367396 6.26842554239556 6.15295876190066 5.98442029347643 6.15009002201259 6.19527267524973 6.06617938028648 6.39249854255468 6.36667988356203 6.42835779115558 6.52374339243397 6.4570451900363 6.34086122456938 6.3136081956327 6.74893947364762 6.75898006325588 6.91962949698791 7.01931820809841 7.14984587300569 7.17064423719421 7.33129367092624 7.0587633815594 7.04943997692317 7.12761313887313 7.16562394239008 7.18785667652264 7.23303932975978 7.24092836445197 7.39368876349181 7.37791069410741 7.36787010449916 7.27463605813682
-9999 -9999 -9999 -9999 -9999 -9999 -9999 -9999 -9999 -9999 -9999 -9999 -9999 -9999 -9999 -9999 -9999 -9999 -9999 -9999 -9999 -9999 -9999 -9999 -9999 8.81322550088433 6.64100313535891 6.59187596477568 6.61052277404815 6.62916958332062 6.28492079675198 6.59115877980366 6.47210607444867 6.46995451953262 6.3975188373588 6.28276924183592 6.13287758268416 6.12714010290802 6.14865565206856 6.20387889491394 6.2698599123396 6.27846613200381 6.3494674442336 6.33584092976525 7.16705831233412 6.78623309219256 7.00712606357411 7.17064423719421 7.1821191967465 7.18785667652264 7.29184849746525 7.34276863047853 7.12187565909699 7.06019775150344 7.11183506948873 7.19359415629879 7.13191624870524 7.21726126037538 7.16275520250201 6.25049591809511 7.33774833567441 7.35567795997486
-9999 -9999 -9999 -9999 -9999 -9999 -9999 -9999 -9999 -9999 -9999 -9999 -9999 -9999 -9999 -9999 -9999 -9999 -9999 -9999 -9999 -9999 -9999 -9999 -9999 9.28899651940282 6.66502883192152 6.3616595887579 6.51370280282572 6.43911556573585 6.29567857133225 6.41975157149136 6.3695486234501 6.31504256557673 6.48142947908491 6.33153781993315 6.13287758268416 5.94282356509939 5.99446088308468 6.1622821665369 6.68152408627793 6.27990050194785 6.13000884279609 7.00999480346218 7.19072541641071 6.97628710977733 7.19287697132677 7.35209203511477 7.18355356669053 7.25670643383637 7.3018890870735 7.39584031840786 7.32412182120606 7.35998106980696 7.29328286740929 6.93755912128836 7.17566453199834 7.19359415629879 6.82280952576548 7.20076600601897 7.22730184998363 7.2617267286405
-9999 -9999 -9999 -9999 -9999 -9999 -9999 -9999 -9999 -9999 -9999 -9999 -9999 -9999 -9999 -9999 -9999 -9999 -9999 -9999 -9999 -9999 -9999 -9999 8.98250078167445 5.99302651314065 5.36835840251297 6.05685597565025 6.28635516669601 6.20101015502587 6.18379771569744 6.34731588931754 6.38174076797441 6.37170017836615 6.51872309762985 6.33440655982122 6.49935910338536 6.37815484311432 6.29137546150014 6.57107760058716 6.62630084343255 6.68654438108206 6.63418987812474 6.89165928307921 7.30475782696158 7.17709890194237 7.09677418507636 7.20865504071116 7.2258674800396 7.20435193087906 7.21510970545933 7.18929104646668 7.27822198299691 7.44389171153307 7.35926388483495 7.40946683287621 7.99253821512684 7.14123965334147 7.06091493647546 7.19502852624282 7.23734243959188 7.17709890194237
-9999 -9999 -9999 -9999 -9999 -9999 -9999 -9999 -9999 -9999 -9999 -9999 -9999 -9999 -9999 -9999 -9999 -9999 -9999 -9999 -9999 -9999 -9999 -9999 7.63134593359428 6.26627398747951 5.73699147813022 5.58709981897846 5.65451520634815 6.2418896984309 6.40827661193907 6.31002227077261 6.49218725366518 6.18594927061349 6.3179113054648 6.564622935839 6.67435223655775 6.37958921305835 6.37241736333817 6.60765403416008 6.67291786661372 6.67148349666968 6.75682850833982 6.80559708643705 7.03151035262272 7.0386822023429 6.95835748547688 6.98776206932962 7.11255225446075 7.10179447988048 7.18068482680246 7.13119906373322 7.09677418507636 7.34276863047853 7.4252449022606 7.2179784453474 7.13980528339744 7.09964292496443 7.03222753759474 7.11972410418093 7.11111788451672 7.07238989602774
-9999 -9999 -9999 -9999 -9999 -9999 -9999 -9999 -9999 -9999 -9999 -9999 -9999 -9999 -9999 -9999 -9999 -9999 -9999 -9999 -9999 -9999 -9999 13.344999701716 6.49147006869316 5.89764091186225 5.79938657069579 5.6645557959564 6.17949460586533 6.31719412049279 6.1823633457534 6.02386546693742 6.29998168116435 6.41903438651934 6.35735647892579 6.30356760602444 6.39393291249871 6.43768119579181 6.37170017836615 6.6004821844399 6.5050965831615 6.49577317852527 6.75539413839579 6.61410869890824 6.85723440442234 6.92608416173607 6.95835748547688 6.95046845078468 7.06521804630756 7.07741019083187 7.09031952032819 7.24953458411619 7.32842493103817 7.30690938187763 7.23949399450794 7.15486616780981 7.08027893071994 7.87300738645718 6.97126681497321 7.05446027172729 7.03796501737088 6.99349954910576
-9999 -9999 -9999 -9999 -9999 -9999 -9999 -9999 -9999 -9999 -9999 -9999 -9999 -9999 -9999 -9999 -9999 -9999 -9999 -9999 -9999 7.03597462761708 6.95477156061679 5.87755973264575 5.89046906214207 5.75061799259856 5.63084810227156 5.7721335417591 6.38819543272257 6.2820520568639 6.23902095854282 5.97151096398011 5.99732962297276 6.19598986022174 6.44987334031612 6.26555680250749 6.58685566997156 6.63203832320869 6.45202489523217 6.40325631713495 6.52589494735003 6.55027923639864 6.55529953120276 6.61554306885228 6.70232245046645 6.76041443319991 6.83715322520584 7.09103670530021 7.06234930641949 7.11757254926488 7.06450086133555 7.08386485558003 7.20722067076713 7.16777549730614 6.88090150849894 6.65283668739721 6.98274177452549 6.9791558496654 6.86799217900261 6.85508284950629 7.01931820809841 6.95620593056083
-9999 -9999 -9999 -9999 -9999 -9999 -9999 -9999 -9999 -9999 -9999 -9999 -9999 -9999 -9999 -9999 -9999 -9999 -9999 -9999 7.59255045719361 8.59515288786497 5.72981962841004 5.77930539147928 6.11136203352362 5.87469099275768 5.36620684759691 6.03964353632182 6.32078004535288 6.43696401081979 6.76113161817193 6.28348642680794 6.31217382568866 6.29854731122032 6.03175450162962 6.06259345542639 6.81922360090539 6.37170017836615 6.27631457708776 6.37600328819826 6.41975157149136 6.7202520747669 6.66359446197748 6.70232245046645 6.46852014958858 6.62271491857246 6.63921017292887 6.90098268771544 6.8077486413531 6.75467695342377 6.92249823687598 6.97054963000119 7.14769431808963 7.16705831233412 6.97843866469339 7.01142917340621 6.85436566453427 6.93469038140029 6.88807335821912 6.9748527398333 6.92536697676405 6.98489332944155
-9999 -9999 -9999 -9999 -9999 -9999 -9999 -9999 -9999 -9999 -9999 -9999 -9999 -9999 -9999 -9999 -9999 -9999 -9999 -9999 10.2088979652524 7.79746390273795 6.04179509123787 6.01023895246908 6.09630114911124 5.7879116111435 5.1904965294525 4.93087556958199 4.92513808980584 5.93565171537921 5.93278297549114 6.38604387780651 6.51011687796563 6.54525894159451 6.16156498156488 6.25623339787126 6.23830377357081 6.32938626501709 6.5768150803633 6.41975157149136 6.40469068707898 6.37098299339414 6.3975188373588 6.53163242712617 6.78049561241642 6.77906124247238 6.72455518459901 6.76543472800404 6.74893947364762 6.84145633503795 6.93325601145625 6.98417614446953 7.1104006995447 7.10824914462864 7.03653064742684 7.00569169363007 6.82280952576548 7.01931820809841 7.03222753759474 6.95764030050486 6.95046845078468 6.8952452079393
-9999 -9999 -9999 -9999 -9999 -9999 -9999 -9999 -9999 -9999 -9999 -9999 -9999 -9999 -9999 -9999 -9999 -9999 9.74633799912408 8.7819632734172 6.06474501034245 6.10060425894335 6.07837152481079 6.19527267524973 6.19240393536165 5.60789818316698 5.47665333328769 5.8158818250522 5.78576005622745 6.22037414927036 6.0109561374411 6.14004943240434 6.20244452496991 6.47497481433675 6.18953519547358 6.22682881401852 6.33584092976525 6.36452832864597 6.34372996445745 6.43122653104365 6.49075288372114 6.53521835198626 6.53163242712617 6.5007934733294 6.63347269315273 6.67506942152977 6.68726156605408 6.76041443319991 6.73818169906735 6.77906124247238 6.86655780905858 6.89309365302324 6.91676075709984 6.96768089011312 6.97700429474935 6.8995483177714 6.87659839866683 6.92751853168011 6.92106386693195 6.95979185542092 6.94903408084065 6.9669637051411
-9999 -9999 -9999 -9999 -9999 -9999 -9999 -9999 -9999 -9999 -9999 -9999 -9999 -9999 -9999 -9999 12.5428510821269 11.1926638302694 6.08052307972685 6.0231482819654 5.96290474431589 5.83022552449256 5.96003600442782 5.86106447828934 5.81803337996826 5.67172764567658 5.51753287669271 6.25479902792722 5.82592241466045 5.71834466885775 6.28563798172399 6.16586809139699 6.22037414927036 6.23328347876668 6.30141605110839 6.21248511457816 6.34659870434552 6.46852014958858 6.53521835198626 6.55888545606285 6.58900722488761 6.49577317852527 6.55745108611882 6.60119936941192 6.64638202264905 6.67865534638986 6.76400035806 6.77547531761229 6.80344553152099 6.83715322520584 6.89883113279939 6.98202458955348 6.923215421848 6.92393260682002 6.95333719067276 6.97413555486128 6.99708547396585 6.91891231201589 6.94616534095258 6.96911526005715 6.92823571665213 6.93325601145625
-9999 -9999 -9999 -9999 -9999 -9999 -9999 -9999 -9999 -9999 8.68995199146836 7.88489252548469 8.58095912640123 -9999 -9999 -9999 8.10206260585359 6.55027923639864 6.64781639259309 6.47354044439271 5.97724844375625 5.96935940906405 6.00593584263697 5.92776268068701 5.9829859235324 6.20531326485798 6.17662586597726 6.34014403959736 6.47210607444867 6.18379771569744 5.91843927605078 6.06187627045438 6.30787071585655 6.30141605110839 6.31862849043682 6.47569199930876 6.42405468132347 6.40612505702302 6.45417645014822 6.48716695886105 6.49147006869316 6.45489363512024 6.54454175662249 6.6083712191321 6.57466352544725 6.65068513248116 6.63490706309676 6.64207891281694 6.57466352544725 6.59617907460779 6.5847041150555 6.44054993567988 6.66718038683757 6.82711263559759 6.82065797084942 6.89094209810719 6.7797784274444 6.9511856357567 7.00927761849016 6.54597612656653 6.75109102856368 6.90815453743562
-9999 -9999 -9999 -9999 -9999 -9999 -9999 -9999 -9999 -9999 -9999 -9999 -9999 -9999 -9999 -9999 -9999 14.5149996755645 12.7578737617005 6.5050965831615 6.12929165782407 6.05040131090209 5.64375743176788 5.66957609076053 5.38700521178544 6.28348642680794 6.13646350754425 5.5648670848459 6.36452832864597 6.37672047317028 6.2899410915561 6.22826318396255 6.35520492400974 6.45417645014822 6.69299904583022 6.56031982600689 6.49147006869316 6.50724813807756 6.44485304551199 6.50007628835738 6.50222784327343 6.55529953120276 6.61482588388026 6.49935910338536 6.44557023048401 6.48788414383307 6.35090181417763 6.45632800506428 6.4613482998684 6.40971098188311 6.49720754846931 6.5208746525459 6.64566483767703 6.75395976845175 6.75682850833982 6.80559708643705 6.81205175118521 6.82926419051364 6.80344553152099 6.95190282072872 6.94473097100854 6.98561051441357
-9999 -9999 -9999 -9999 -9999 -9999 -9999 -9999 -9999 -9999 -9999 -9999 -9999 -9999 8.56871058976622 6.24977873312309 12.013380592671 6.71021148515865 7.71713918587193 6.03820916637778 5.96433911425993 6.00952176749706 5.84313485398889 5.45226904423907 5.67674794048071 6.1465040971525 6.33870966965333 6.31934567540884 6.38245795294642 6.30858790082857 6.28635516669601 6.28061768691987 6.39393291249871 6.36811425350606 6.34731588931754 6.38676106277853 6.40612505702302 6.39321572752669 6.38747824775055 6.33655811473727 6.34875025926158 6.2978301262483 6.35161899914965 6.44413586053997 6.16084779659286 6.33082063496113 6.50796532304958 6.50796532304958 6.50294502824545 6.58255256013945 6.58255256013945 6.65211950242519 6.64566483767703 6.60980558907613 6.47210607444867 6.82639545062557 6.6643116469495 6.87229528883472 6.94257941609249 6.89309365302324 6.98776206932962 7.00640887860209
-9999 -9999 -9999 -9999 -9999 -9999 -9999 -9999 -9999 -9999 -9999 -9999 10.453323759005 9.29207738442346 6.45059052528813 6.58040100522339 6.50294502824545 6.43911556573585 6.56175419595093 6.50222784327343 6.3616595887579 6.0109561374411 5.77930539147928 5.78504287125543 6.03820916637778 6.16730246134102 6.18594927061349 6.17806023592129 6.16730246134102 6.24906154815108 6.24547562329099 6.24045532848686 6.2540818429552 6.27416302217171 6.39895320730284 6.45776237500831 6.42405468132347 6.46278266981244 6.35448773903772 6.25695058284327 6.3136081956327 6.55171360634267 6.18953519547358 6.20531326485798 6.30428479099646 6.27344583719969 6.35592210898176 6.42979216109961 6.41688283160329 6.38460950786248 6.4613482998684 6.55243079131469 6.54382457165048 6.48573258891702 6.54669331153855 6.61195714399219 6.83141574542969 6.84145633503795 6.84575944487005 6.82854700554162 6.89309365302324 6.923215421848
-9999 -9999 -9999 -9999 -9999 -9999 -9999 -9999 -9999 -9999 7.38042084150948 9.37837864272296 6.73029266437516 6.55888545606285 6.66933194175363 6.74965665861964 6.7001708955504 8.88358077744488 9.15913737006485 8.82095205644146 6.27488020714372 6.48358103400096 6.32795189507306 6.29926449619234 6.39608446741477 6.43839838076383 6.03677479643375 6.44198430562392 6.39608446741477 6.27057709731162 6.25623339787126 6.27559739211574 6.26842554239556 6.28348642680794 6.32078004535288 6.35735647892579 6.35807366389781 6.38676106277853 6.08912929939106 6.23615221865475 6.35520492400974 6.11709951329976 6.21320229955018 6.29639575630426 6.1981414151378 6.30356760602444 6.43409527093172 6.39321572752669 6.32006286038086 6.48214666405693 6.60550247924402 6.60478529427201 6.60263373935595 6.63777580298483 6.63705861801282 6.77475813264027 6.69515060074627 6.81850641593337 6.7797784274444 6.72168644471094 6.7360301441513 6.74105043895543
-9999 -9999 -9999 -9999 -9999 -9999 -9999 -9999 -9999 -9999 5.79499987047166 6.47126523689527 9.67361978953704 7.77642647689208 7.49170404300094 8.1371889071754 12.7399997152388 -9999 -9999 9.22999979369342 8.23007798607731 9.07958367114534 5.87253943784162 6.18810082552955 6.50007628835738 6.18523208564147 6.53091524215415 6.39106417261064 6.3415784095414 6.33010344998911 6.27201146725565 6.29352701641619 6.32651752512902 6.34444714942947 6.37600328819826 6.42764060618356 6.40684224199504 6.38317513791844 6.22969755390659 6.06187627045438 6.31002227077261 6.30356760602444 6.19885860010982 6.17590868100524 6.23973814351484 4.5249488754198 7.45082449959591 7.54429760761559 8.59891810896806 7.55362101225182 7.11255225446075 7.60836613178253 7.42309334734455 6.5050965831615 6.59761344455183 6.54812768148258 6.48214666405693 6.55386516125873 6.50581376813352 6.45489363512024 6.49147006869316 6.61984617868438
-9999 -9999 -9999 -9999 -9999 -9999 -9999 -9999 -9999 -9999 -9999 -9999 -9999 -9999 -9999 -9999 -9999 -9999 -9999 -9999 -9999 -9999 -9999 -9999 11.4565917200897 6.40899379691109 7.62079733796418 6.37241736333817 6.37098299339414 6.36739706853405 6.20746481977403 6.19670704519376 6.27416302217171 6.30500197596848 6.30930508580059 6.35950803384185 6.39680165238678 6.41760001657531 6.34014403959736 5.98442029347643 6.15726187173277 6.27559739211574 6.20387889491394 6.19957578508183 6.06976530514657 6.0747855999507 6.75898006325588 6.18523208564147 6.15726187173277 6.39465009747073 6.51011687796563 6.36883143847808 6.43983275070786 6.55601671617478 6.50868250802159 6.54382457165048 6.42979216109961 6.56318856589496 6.56534012081102 6.70877711521462 6.75826287828386 6.85723440442234
-9999 -9999 -9999 -9999 -9999 -9999 -9999 -9999 -9999 -9999 -9999 -9999 -9999 -9999 -9999 -9999 -9999 -9999 -9999 -9999 -9999 -9999 -9999 -9999 -9999 10.6396679468453 8.77412639763206 6.33799248468131 6.44772178540006 6.27344583719969 5.94856104487553 6.10562455374748 6.09988707397133 6.2261116290465 6.22467725910246 6.33297218987718 6.38460950786248 6.41975157149136 6.36381114367396 6.24475843831897 6.25981932273135 6.22252570418641 6.27990050194785 6.27201146725565 6.30500197596848 5.90768150147051 5.72981962841004 5.89405498700216 5.78073976142332 6.22324288915843 6.325800340157 6.37958921305835 6.06976530514657 7.16669971984811 5.90983305638656 6.42405468132347 6.45489363512024 6.43409527093172 6.54525894159451 5.47521896334365 6.67327645909972 6.66538742440753
-9999 -9999 -9999 -9999 -9999 -9999 -9999 -9999 -9999 -9999 -9999 -9999 -9999 -9999 -9999 -9999 -9999 -9999 -9999 -9999 -9999 -9999 -9999 -9999 -9999 -9999 -9999 8.50950904912315 5.51394695183262 5.608615368139 5.85245825862512 5.46302681881934 6.04609820106998 6.28276924183592 6.22898036893457 6.1701712012291 6.2619708776474 6.30285042105243 6.26483961753547 6.28061768691987 6.29854731122032 6.19312112033367 6.0826746346429 6.10921047860757 6.13144321274012 5.7441633278504 5.74488051282242 6.33010344998911 6.09988707397133 7.14052246836945 7.16885127476417 7.6203192146495 7.67195653263479 7.36428417963907 7.31838434142992 6.52732931729406 6.41473127668723 6.25838495278731 6.66144290706143 6.17590868100524 6.62988676829264 6.66682179435156
