EcologicalScience/Bass/data/rs_data_bass/sst_81.asc
NCOLS 226 
NROWS 124 
XLLCORNER -9.41648524995501 
YLLCORNER 47.587301625531 
CELLSIZE 0.0833 
NODATA_value -9999 
[rows 81 to 107 of 124, columns 62 to 123 of 226]
16.2974996357225 -9999 -9999 -9999 -9999 -9999 -9999 -9999 -9999 -9999 -9999 -9999 -9999 -9999 -9999 -9999 -9999 -9999 -9999 -9999 -9999 -9999 -9999 -9999 -9999 -9999 -9999 -9999 -9999 -9999 -9999 -9999 -9999 -9999 -9999 -9999 -9999 -9999 -9999 -9999 -9999 -9999 -9999 -9999 -9999 -9999 -9999 -9999 -9999 -9999 -9999 -9999 -9999 -9999 -9999 -9999 -9999 -9999 -9999 -9999 -9999 -9999
16.1919996380806 -9999 -9999 -9999 -9999 -9999 -9999 -9999 -9999 -9999 -9999 -9999 -9999 -9999 -9999 -9999 -9999 -9999 -9999 -9999 -9999 -9999 -9999 -9999 -9999 -9999 -9999 -9999 -9999 -9999 -9999 -9999 -9999 -9999 -9999 -9999 -9999 -9999 -9999 -9999 -9999 -9999 -9999 -9999 -9999 -9999 -9999 -9999 -9999 -9999 -9999 -9999 -9999 -9999 -9999 -9999 -9999 -9999 -9999 -9999 -9999 -9999
-9999 -9999 -9999 -9999 -9999 -9999 -9999 -9999 -9999 -9999 -9999 -9999 -9999 -9999 -9999 -9999 -9999 -9999 -9999 -9999 -9999 -9999 -9999 -9999 -9999 -9999 -9999 -9999 -9999 -9999 -9999 -9999 -9999 -9999 -9999 -9999 -9999 -9999 -9999 -9999 -9999 -9999 -9999 -9999 -9999 -9999 -9999 -9999 -9999 -9999 -9999 -9999 -9999 -9999 -9999 -9999 -9999 -9999 -9999 -9999 15.3249996574596 -9999
-9999 -9999 -9999 -9999 -9999 -9999 -9999 -9999 -9999 -9999 -9999 -9999 -9999 -9999 -9999 -9999 -9999 -9999 -9999 -9999 -9999 -9999 -9999 -9999 -9999 -9999 -9999 -9999 -9999 -9999 -9999 -9999 -9999 11.3199997469783 11.209999749437 11.1449997508898 -9999 -9999 -9999 -9999 -9999 -9999 -9999 -9999 -9999 -9999 -9999 -9999 -9999 -9999 -9999 -9999 -9999 -9999 -9999 -9999 17.2699996139854 17.4136581473598 15.954999643378 16.9049996221438 16.8849996225908 16.9999996200204
-9999 -9999 -9999 -9999 -9999 -9999 -9999 -9999 -9999 -9999 -9999 -9999 -9999 -9999 -9999 -9999 -9999 -9999 -9999 -9999 -9999 -9999 -9999 -9999 -9999 -9999 -9999 -9999 -9999 -9999 -9999 -9999 -9999 15.5408820055754 17.2724996139295 15.1399996615946 16.966999620758 17.7878567452676 17.1339996170253 17.1279996171594 16.1009087310257 -9999 16.7449996257201 16.7187496263068 16.846249623457 17.0099996197969 17.4224996105768 17.4224996105768 16.7774996249937 16.8924996224232 16.6549996277317 16.7299996260554 15.9716283053939 -9999 17.0824996181764 16.0749996406958 16.1999996379018 16.3399996347725 16.65999962762 16.9449996212497 17.0799996182323 17.0449996190146
-9999 -9999 -9999 -9999 -9999 -9999 -9999 -9999 -9999 -9999 -9999 -9999 -9999 16.6924996268936 16.2349996371195 16.2799996361136 16.2799996361136 16.2499996367842 15.9999996423721 -9999 -9999 -9999 -9999 -9999 -9999 11.894999734126 11.894999734126 17.1599996164441 16.5899996291846 16.7999996244907 16.4549996322021 16.2799996361136 16.3249996351078 16.349999634549 16.4416662991668 -9999 17.6679996050894 17.2283329482501 16.349999634549 16.5199996307492 16.4349996326491 16.4349996326491 15.6899996493012 17.1149996174499 16.5499996300787 15.7099996488541 16.5099996309727 16.8349996237084 16.9049996221438 16.804999624379 17.0599996186793 17.0349996192381 17.0099996197969 16.8849996225908 16.6899996269494 16.6649996275082 16.5799996294081 16.6649996275082 16.7899996247143 16.9999996200204 17.0049996199086 16.9599996209145
-9999 -9999 -9999 -9999 -9999 -9999 -9999 -9999 14.8030021936536 11.3527775240234 16.1849996382371 16.2099996376783 16.244999636896 16.2749996362254 16.3099996354431 16.3549996344373 16.3649996342137 16.369999634102 16.4599996320903 16.7149996263906 16.7699996251613 16.597499629017 16.7499996256083 16.8699996229261 16.8699996229261 17.0599996186793 12.6745309667022 16.4599996320903 16.6799996271729 16.7799996249378 16.8099996242672 16.7799996249378 16.8749996228144 16.5483329634493 17.6074996064417 17.5757138928665 17.3274996127002 17.1183329507088 16.6649996275082 16.5999996289611 16.5749996295199 16.3099996354431 17.0299996193498 16.6749996272847 16.1999996379018 15.8649996453896 16.8599996231496 17.1299996171147 16.9749996205792 16.949999621138 17.094999617897 17.1749996161088 17.2349996147677 16.9599996209145 16.8449996234849 16.3449996346608 16.6799996271729 16.6849996270612 16.7199996262789 16.7899996247143 16.5999996289611 16.9049996221438
-9999 -9999 -9999 -9999 -9999 -9999 -9999 -9999 16.7533329588672 16.0249996418133 16.0349996415898 16.1799996383488 16.2099996376783 16.3249996351078 16.1499996390194 16.0899996403605 16.2299996372312 16.4349996326491 16.6699996273965 16.7449996257201 16.7399996258318 16.6049996288493 16.7199996262789 16.6899996269494 16.7399996258318 16.4849996315315 16.4599996320903 16.4749996317551 16.6149996286258 16.8299996238202 16.8849996225908 16.9699996206909 17.0199996195734 17.1699996162206 17.3983329444503 17.3733329450091 17.5074996086769 16.8299996238202 16.8649996230379 16.9249996216968 16.5849996292964 16.3599996343255 16.1899996381253 16.1549996389076 16.1899996381253 16.1199996396899 16.9399996213615 17.0599996186793 17.0299996193498 16.9899996202439 16.9699996206909 17.0049996199086 17.0699996184558 16.9649996208027 16.8599996231496 16.6849996270612 16.5949996290728 16.5799996294081 16.7049996266142 16.909999622032 16.7449996257201 16.8999996222556
-9999 -9999 -9999 -9999 -9999 -9999 -9999 -9999 16.5449996301904 16.0649996409193 16.3149996353313 16.1799996383488 16.2749996362254 16.3399996347725 16.2899996358901 16.3549996344373 16.4999996311963 16.6949996268377 16.8949996223673 16.8199996240437 16.7699996251613 16.6449996279553 16.6199996285141 16.5449996301904 16.6349996281788 16.5849996292964 16.5849996292964 16.7199996262789 16.7349996259436 16.9449996212497 16.9349996214733 16.9799996204674 17.0849996181205 17.1049996176735 17.5224996083416 16.7249996261671 16.8149996241555 17.1199996173382 17.2049996154383 17.2049996154383 17.0199996195734 17.074999618344 16.8999996222556 16.3449996346608 16.2349996371195 16.1599996387959 17.1099996175617 17.0449996190146 17.0149996196851 16.9649996208027 16.9149996219203 16.8749996228144 16.8199996240437 16.5999996289611 16.65999962762 16.5699996296316 16.5099996309727 16.514999630861 16.6049996288493 16.6749996272847 16.5499996300787 16.6249996284023
9.77187308351729 9.40499978978187 -9999 -9999 -9999 -9999 -9999 -9999 16.3916663002844 16.4649996319786 16.3299996349961 16.2749996362254 16.2549996366724 16.2349996371195 16.0149996420369 16.1449996391311 16.3649996342137 16.389999633655 16.5549996299669 16.9199996218085 16.9899996202439 16.9749996205792 16.9849996203557 16.8949996223673 16.9149996219203 16.7049996266142 16.6849996270612 16.7949996246025 16.7799996249378 16.8299996238202 16.9349996214733 16.929999621585 16.9049996221438 16.9749996205792 17.3799996115267 17.0449996190146 16.9949996201321 17.2349996147677 17.2749996138737 17.0349996192381 17.0699996184558 17.0849996181205 17.1299996171147 16.3949996335432 16.8449996234849 17.0049996199086 17.0399996191263 16.9899996202439 16.9249996216968 16.909999622032 16.909999622032 16.6899996269494 16.7999996244907 16.909999622032 16.1549996389076 16.3999996334314 16.804999624379 16.6749996272847 16.7299996260554 16.8349996237084 16.7249996261671 16.784999624826
15.5049996534362 15.3249996574596 15.044999663718 15.044999663718 15.6349996505305 -9999 16.1899624452926 15.7299996484071 15.8349996460602 15.809999646619 15.8699996452779 15.9049996444955 16.4249996328726 16.1049996400252 15.9399996437132 16.0849996404722 16.1549996389076 16.2549996366724 16.2949996357784 16.5449996301904 16.6299996282905 16.8299996238202 17.0149996196851 17.054999618791 17.0249996194616 17.0299996193498 16.7249996261671 16.7349996259436 16.7249996261671 16.639999628067 17.0799996182323 17.1399996168911 16.9399996213615 16.8999996222556 16.7549996254966 16.7899996247143 16.9949996201321 17.2749996138737 16.0049996422604 16.0649996409193 16.7099996265024 16.6849996270612 16.349999634549 16.8349996237084 16.8849996225908 16.8749996228144 16.8599996231496 16.8799996227026 16.8499996233732 16.7099996265024 16.7949996246025 16.7299996260554 16.3749996339902 15.5549996523187 16.7249996261671 16.4149996330962 16.5249996306375 16.4099996332079 16.7249996261671 16.8949996223673 16.9899996202439 17.0349996192381
15.4649996543303 15.3849996561185 15.4099996555597 15.4624996543862 15.084999662824 15.084999662824 15.5999996513128 15.6349996505305 15.66499964986 15.3949996558949 15.1149996621534 15.7249996485189 16.2349996371195 16.2349996371195 16.0399996414781 16.1199996396899 16.4149996330962 16.4049996333197 16.3049996355549 16.3599996343255 16.4999996311963 16.6549996277317 16.7949996246025 16.9399996213615 16.9449996212497 16.8699996229261 16.6249996284023 16.5499996300787 16.65999962762 16.5649996297434 16.5849996292964 16.8699996229261 16.8999996222556 16.9699996206909 16.9049996221438 16.949999621138 16.949999621138 17.1399996168911 17.0849996181205 17.0099996197969 16.4099996332079 16.349999634549 16.9549996210262 16.9149996219203 16.929999621585 16.8349996237084 16.8149996241555 16.8899996224791 16.8949996223673 16.4149996330962 16.6049996288493 17.0199996195734 16.5899996291846 16.5699996296316 16.7999996244907 16.494999631308 16.4499996323138 16.8549996232614 16.9049996221438 16.9449996212497 16.9549996210262 16.9549996210262
15.3499996569008 15.3299996573478 15.3799996562302 15.3199996575713 15.1599996611476 15.044999663718 15.1649996610358 15.4249996552244 15.4249996552244 15.4199996553361 15.624999650754 15.809999646619 16.0199996419251 16.2199996374547 16.1449996391311 16.2499996367842 16.4149996330962 16.4299996327609 16.3299996349961 16.1599996387959 16.3399996347725 16.4449996324256 16.6149996286258 16.7499996256083 16.7899996247143 16.8199996240437 16.7349996259436 16.4149996330962 16.4599996320903 16.5949996290728 16.6499996278435 16.992499620188 16.7574996254407 17.0249996194616 16.7349996259436 16.4399996325374 17.0149996196851 17.2099996153265 17.1699996162206 17.0849996181205 17.0199996195734 16.909999622032 16.9599996209145 16.9199996218085 16.9849996203557 16.8999996222556 16.4449996324256 16.9549996210262 17.1499996166676 17.0699996184558 16.5899996291846 17.1849996158853 16.949999621138 16.4399996325374 16.7599996253848 16.804999624379 16.3199996352196 16.6749996272847 16.5449996301904 16.949999621138 17.2449996145442 17.2249996149912
15.2349996594712 15.0699996631593 15.3199996575713 15.3399996571243 14.9849996650591 15.0399996638298 15.1699996609241 15.2249996596947 15.1549996612594 15.3999996557832 15.3849996561185 15.2199996598065 15.9249996440485 15.9599996432662 15.934999643825 16.2849996360019 16.3799996338785 16.2949996357784 16.1449996391311 15.9849996427074 16.0499996412545 16.2199996374547 16.514999630861 16.7549996254966 16.8349996237084 16.8399996235967 16.7149996263906 16.4199996329844 17.0099996197969 16.7149996263906 16.7049996266142 16.7049996266142 16.9174996218644 16.8924996224232 16.7949996246025 16.369999634102 17.1499996166676 17.2449996145442 17.239999614656 16.949999621138 16.764999625273 16.9199996218085 17.0349996192381 16.9149996219203 16.8249996239319 16.2899996358901 16.9799996204674 17.384999611415 17.3199996128678 17.3399996124208 17.3699996117502 17.1349996170029 17.1399996168911 16.8449996234849 16.7799996249378 16.8949996223673 16.5699996296316 17.0299996193498 17.0649996185675 17.1749996161088 17.2649996140972 17.3399996124208
14.9949996648356 14.939999666065 14.8699996676296 15.0149996643886 15.0199996642768 14.9049996668473 15.0149996643886 15.1599996611476 15.2199996598065 15.3649996565655 15.3899996560067 15.5349996527657 15.6149996509776 15.8299996461719 15.7299996484071 15.8999996446073 16.2299996372312 16.3949996335432 16.3799996338785 16.2349996371195 16.3149996353313 16.4299996327609 16.6299996282905 16.7549996254966 16.784999624826 16.8899996224791 16.9749996205792 17.0899996180087 16.764999625273 16.6299996282905 16.3049996355549 16.4299996327609 16.8799996227026 17.2299996148795 16.2549996366724 16.2749996362254 16.9749996205792 17.3199996128678 17.4599996097386 17.2299996148795 17.0399996191263 17.1199996173382 17.0849996181205 17.0799996182323 17.054999618791 17.0699996184558 17.1874996158294 17.3149996129796 17.1899996157736 16.8699996229261 16.9049996221438 16.7549996254966 17.2499996144325 16.7599996253848 16.7899996247143 16.949999621138 17.1449996167794 17.2849996136501 17.19999961555 17.2249996149912 17.2349996147677 17.364999611862
14.8699996676296 14.8149996688589 14.9049996668473 14.9349996661767 14.9999996647239 14.9449996659532 14.9949996648356 15.0949996626005 15.229999659583 15.2949996581301 15.2999996580184 15.229999659583 15.6799996495247 15.6799996495247 15.8599996455014 16.1049996400252 16.1499996390194 16.2849996360019 16.3249996351078 16.244999636896 16.4149996330962 16.3749996339902 16.4999996311963 16.6799996271729 16.7799996249378 16.6899996269494 16.8849996225908 17.0599996186793 16.9349996214733 17.0349996192381 16.7699996251613 16.3799996338785 16.9349996214733 17.0099996197969 16.7599996253848 17.239999614656 17.344999612309 17.3899996113032 17.3699996117502 17.2849996136501 17.1849996158853 17.1799996159971 17.1649996163324 17.0599996186793 17.054999618791 17.1799996159971 17.384999611415 17.3249996127561 17.2549996143207 17.1549996165559 16.5399996303022 17.1499996166676 17.1849996158853 17.054999618791 17.0999996177852 17.094999617897 17.1249996172264 17.3049996132031 17.1499996166676 17.5599996075034 17.5599996075034 17.3474996122532
14.899999666959 14.9649996655062 15.0999996624887 15.0749996630475 14.9749996652827 14.8799996674061 14.8499996680766 14.9899996649474 15.0599996633828 15.1549996612594 15.2649996588007 15.4499996546656 15.66499964986 15.7099996488541 15.789999647066 15.9449996436015 16.0349996415898 16.0949996402487 16.099999640137 16.1599996387959 16.1849996382371 16.1349996393546 16.494999631308 16.5999996289611 16.7399996258318 16.8749996228144 16.6749996272847 17.1299996171147 17.1799996159971 16.6099996287376 17.0999996177852 17.0349996192381 17.0599996186793 16.3549996344373 16.0199996419251 17.7349996035919 17.5749996071681 17.5699996072799 17.3599996119738 17.2899996135384 17.219999615103 16.4199996329844 17.074999618344 17.1199996173382 16.929999621585 16.8249996239319 17.1349996170029 17.054999618791 17.074999618344 16.7599996253848 16.7399996258318 16.9449996212497 17.2749996138737 17.2699996139854 17.384999611415 17.7524996032007 17.8274996015243 17.8849996002391 -9999 -9999 -9999 -9999
14.8899996671826 15.1049996623769 15.2799996584654 15.084999662824 14.9899996649474 14.9899996649474 14.7299996707588 14.7299996707588 15.0099996645004 15.2049996601418 15.2649996588007 15.2649996588007 15.7499996479601 15.8649996453896 15.9449996436015 16.0349996415898 16.1049996400252 16.1049996400252 16.2149996375665 16.3849996337667 15.9649996431544 16.2399996370077 16.4599996320903 16.3599996343255 16.7199996262789 16.7999996244907 17.2249996149912 17.3299996126443 17.3349996125326 17.2249996149912 17.1549996165559 17.1799996159971 17.1249996172264 16.3249996351078 17.4383329435562 17.634999605827 17.5449996078387 17.3749996116385 17.3799996115267 17.6074996064417 16.5399996303022 16.4999996311963 16.7349996259436 17.2149996152148 17.1699996162206 17.1899996157736 17.1249996172264 17.219999615103 17.1249996172264 17.4849996091798 17.2149996152148 17.1399996168911 16.8899996224791 17.2849996136501 17.5799996070564 17.8759996004403 -9999 -9999 -9999 -9999 -9999 -9999
14.7599996700883 15.2449996592477 15.3899996560067 15.4149996554479 14.649999672547 15.1499996613711 15.1149996621534 15.0249996641651 15.0149996643886 15.2449996592477 15.3499996569008 16.1249996395782 16.2599996365607 15.914999644272 16.0299996417016 16.099999640137 16.1249996395782 16.3749996339902 16.4799996316433 16.20499963779 16.244999636896 16.4999996311963 16.5849996292964 16.2649996364489 16.7749996250495 17.0149996196851 17.1249996172264 17.2049996154383 16.9849996203557 17.4233329438915 16.9049996221438 16.8999996222556 16.8999996222556 18.4599995873868 -9999 17.3399996124208 17.5699996072799 17.2149996152148 17.2099996153265 17.1099996175617 17.1099996175617 16.2699996363372 17.2349996147677 17.2349996147677 16.8149996241555 17.1099996175617 17.1549996165559 16.5049996310845 15.5799996517599 16.9249996216968 17.2299996148795 16.8699996229261 16.5499996300787 -9999 -9999 -9999 -9999 -9999 -9999 -9999 -9999 -9999
14.8149996688589 14.8799996674061 14.9149996666238 14.6199996732175 14.6349996728823 14.919999666512 15.2449996592477 15.1699996609241 15.1699996609241 15.5649996520951 15.6149996509776 15.5849996516481 16.2699996363372 16.5799996294081 16.5099996309727 16.2499996367842 15.1599996611476 16.3099996354431 16.4399996325374 16.3149996353313 16.3099996354431 16.494999631308 16.6899996269494 16.8499996233732 16.929999621585 16.8949996223673 16.9349996214733 16.9749996205792 16.8749996228144 -9999 -9999 -9999 -9999 -9999 16.3799996338785 17.6849996047094 16.9649996208027 16.9399996213615 17.1499996166676 17.1149996174499 17.5974996066652 17.3099996130913 17.219999615103 17.1749996161088 17.054999618791 17.1449996167794 17.3399996124208 17.2249996149912 17.2299996148795 17.1499996166676 17.0849996181205 17.0249996194616 16.7349996259436 -9999 -9999 -9999 -9999 -9999 -9999 -9999 -9999 -9999
14.5549996746704 14.5999996736646 14.5649996744469 14.5149996755645 14.7499996703118 15.519999653101 15.4249996552244 15.519999653101 15.6799996495247 16.0499996412545 15.9649996431544 16.1099996399134 16.4599996320903 16.7149996263906 16.2899996358901 16.9699996206909 15.8299996461719 16.1999996379018 16.4049996333197 16.2199996374547 16.7349996259436 16.6899996269494 16.9049996221438 16.9849996203557 16.9899996202439 16.9249996216968 16.8799996227026 17.0199996195734 17.0399996191263 16.5744440739767 -9999 -9999 -9999 -9999 -9999 17.572499607224 17.3749996116385 16.7299996260554 17.0649996185675 17.6374996057712 17.4549996098503 17.4549996098503 17.2099996153265 16.9799996204674 17.0249996194616 17.19999961555 17.2249996149912 17.239999614656 17.2549996143207 16.949999621138 16.7249996261671 17.5624996074475 17.9433329322686 17.9119995996356 14.794999669306 -9999 -9999 -9999 -9999 -9999 -9999 -9999
14.3449996793643 14.3149996800348 14.4349996773526 14.6749996719882 14.8799996674061 15.2949996581301 15.2699996586889 15.5299996528774 15.5849996516481 16.2549996366724 16.4199996329844 16.8349996237084 16.7949996246025 16.6199996285141 16.4599996320903 16.4599996320903 16.3999996334314 16.4199996329844 16.4349996326491 16.349999634549 16.2949996357784 16.4249996328726 16.7399996258318 17.0149996196851 17.0199996195734 17.074999618344 17.0849996181205 17.0799996182323 16.7349996259436 17.2949996134266 17.0085710484002 24.7149994475767 -9999 -9999 -9999 -9999 17.6249996060506 17.4516662765915 17.5674996073358 17.5799996070564 17.5574996075593 16.5299996305257 16.5299996305257 16.5249996306375 16.6149996286258 17.0799996182323 17.0249996194616 16.9999996200204 16.6899996269494 16.4299996327609 16.4849996315315 16.5899996291846 17.7149996040389 9.86999977938831 -9999 -9999 -9999 -9999 -9999 -9999 -9999 -9999
14.0299996864051 14.1499996837229 14.1199996843934 14.1299996841699 14.8849996672943 14.8299996685237 15.374999656342 15.4749996541068 15.7799996472895 15.8449996458367 16.9049996221438 16.8399996235967 16.7549996254966 16.9999996200204 17.0299996193498 17.012499619741 16.4299996327609 16.4749996317551 16.5049996310845 16.4299996327609 16.5399996303022 16.4899996314198 16.5699996296316 16.8599996231496 17.1549996165559 17.3249996127561 17.3699996117502 17.5849996069446 16.5049996310845 16.2749996362254 17.4399996101856 -9999 -9999 -9999 -9999 -9999 -9999 -9999 -9999 -9999 -9999 -9999 -9999 -9999 -9999 -9999 17.0699996184558 16.8549996232614 16.7249996261671 16.6149996286258 16.5749996295199 -9999 -9999 -9999 -9999 -9999 -9999 -9999 -9999 -9999 -9999 -9999
14.0449996860698 14.1199996843934 14.1899996828288 14.3049996802583 14.6599996723235 14.6999996714294 15.0149996643886 15.3299996573478 15.4899996537715 16.4249996328726 16.8949996223673 17.0099996197969 17.1599996164441 17.1474996167235 17.1824996159412 16.8499996233732 16.8599996231496 16.8299996238202 16.7899996247143 16.6099996287376 16.6799996271729 16.4149996330962 16.5349996304139 16.8999996222556 17.0049996199086 17.4049996109679 17.3499996121973 17.3149996129796 16.8699996229261 16.5799996294081 16.5049996310845 17.4199996106327 18.8199995793402 -9999 -9999 -9999 -9999 -9999 -9999 -9999 -9999 -9999 -9999 -9999 -9999 -9999 -9999 -9999 -9999 -9999 -9999 -9999 -9999 -9999 -9999 -9999 -9999 -9999 -9999 -9999 -9999 -9999
13.9799996875226 14.049999685958 14.194999682717 14.3749996786937 14.4749996764585 14.7849996695295 14.9649996655062 15.6399996504188 16.20499963779 16.3349996348843 16.9399996213615 17.1099996175617 17.1549996165559 16.7699996251613 17.1899996157736 16.8599996231496 16.7099996265024 16.7199996262789 16.7049996266142 16.5999996289611 16.7049996266142 16.7399996258318 16.7049996266142 16.7749996250495 16.909999622032 16.9049996221438 16.9899996202439 16.9549996210262 16.9799996204674 16.8249996239319 16.949999621138 16.1199996396899 -9999 -9999 -9999 -9999 -9999 -9999 -9999 -9999 -9999 -9999 -9999 -9999 -9999 -9999 -9999 -9999 -9999 -9999 -9999 -9999 -9999 -9999 -9999 -9999 -9999 -9999 -9999 -9999 -9999 -9999
13.9849996874109 14.049999685958 14.2099996823817 14.3299996796995 14.6099996734411 15.2049996601418 15.7149996487424 16.2149996375665 16.4099996332079 16.5549996299669 16.7499996256083 16.9799996204674 16.7299996260554 17.1449996167794 17.054999618791 17.0449996190146 16.9199996218085 16.9249996216968 16.9599996209145 16.7549996254966 16.5899996291846 16.6099996287376 16.7349996259436 16.7799996249378 16.8899996224791 16.9249996216968 16.9149996219203 16.8549996232614 16.764999625273 16.4649996319786 16.2349996371195 17.364999611862 23.3539057279995 -9999 -9999 -9999 -9999 -9999 -9999 -9999 -9999 -9999 -9999 -9999 -9999 -9999 -9999 -9999 -9999 -9999 -9999 -9999 -9999 -9999 -9999 -9999 -9999 -9999 -9999 -9999 -9999 -9999
14.0249996865168 14.0999996848404 14.3099996801466 14.6449996726587 14.6899996716529 14.9849996650591 15.624999650754 16.1799996383488 16.639999628067 16.8849996225908 17.0249996194616 17.1299996171147 17.054999618791 17.2849996136501 16.8899996224791 17.0449996190146 17.1299996171147 17.2549996143207 17.1299996171147 16.7049996266142 16.5099996309727 16.6349996281788 16.7399996258318 16.7499996256083 17.0249996194616 17.0499996189028 17.0149996196851 17.1199996173382 16.6499996278435 16.639999628067 16.5749996295199 17.5849996069446 17.5016662754739 -9999 -9999 -9999 -9999 -9999 -9999 -9999 -9999 -9999 -9999 -9999 -9999 -9999 -9999 -9999 -9999 -9999 -9999 -9999 -9999 -9999 -9999 -9999 -9999 -9999 -9999 -9999 -9999 -9999
