EcologicalScience/Bass/data/rs_data_bass/sst_368.asc
NCOLS 226 
NROWS 124 
XLLCORNER -9.41648524995501 
YLLCORNER 47.587301625531 
CELLSIZE 0.0833 
NODATA_value -9999 
[rows 81 to 107 of 124, columns 62 to 123 of 226]
13.3869474371563 -9999 -9999 -9999 -9999 -9999 -9999 -9999 -9999 -9999 -9999 -9999 -9999 -9999 -9999 -9999 -9999 -9999 -9999 -9999 -9999 -9999 -9999 -9999 -9999 -9999 -9999 -9999 -9999 -9999 -9999 -9999 -9999 -9999 -9999 -9999 -9999 -9999 -9999 -9999 -9999 -9999 -9999 -9999 -9999 -9999 -9999 -9999 -9999 -9999 -9999 -9999 -9999 -9999 -9999 -9999 -9999 -9999 -9999 -9999 -9999 -9999
14.8905346392106 -9999 -9999 -9999 -9999 -9999 -9999 -9999 -9999 -9999 -9999 -9999 -9999 -9999 -9999 -9999 -9999 -9999 -9999 -9999 -9999 -9999 -9999 -9999 -9999 -9999 -9999 -9999 -9999 -9999 -9999 -9999 -9999 -9999 -9999 -9999 -9999 -9999 -9999 -9999 -9999 -9999 -9999 -9999 -9999 -9999 -9999 -9999 -9999 -9999 -9999 -9999 -9999 -9999 -9999 -9999 -9999 -9999 -9999 -9999 -9999 -9999
-9999 -9999 -9999 -9999 -9999 -9999 -9999 -9999 -9999 -9999 -9999 -9999 -9999 -9999 -9999 -9999 -9999 -9999 -9999 -9999 -9999 -9999 -9999 -9999 -9999 -9999 -9999 -9999 -9999 -9999 -9999 -9999 -9999 -9999 -9999 -9999 -9999 -9999 -9999 -9999 -9999 -9999 -9999 -9999 -9999 -9999 -9999 -9999 -9999 -9999 -9999 -9999 -9999 -9999 -9999 -9999 -9999 -9999 -9999 -9999 15.094907450515 -9999
-9999 -9999 -9999 -9999 -9999 -9999 -9999 -9999 -9999 -9999 -9999 -9999 -9999 -9999 -9999 -9999 -9999 -9999 -9999 -9999 -9999 -9999 -9999 -9999 -9999 -9999 -9999 -9999 -9999 -9999 -9999 -9999 -9999 11.3199997469783 11.209999749437 11.1449997508898 -9999 -9999 -9999 -9999 -9999 -9999 -9999 -9999 -9999 -9999 -9999 -9999 -9999 -9999 -9999 -9999 -9999 -9999 -9999 -9999 17.2699996139854 16.8745325769165 11.7813712542232 12.1597139110001 11.2414885933644 11.980598934527
-9999 -9999 -9999 -9999 -9999 -9999 -9999 -9999 -9999 -9999 -9999 -9999 -9999 -9999 -9999 -9999 -9999 -9999 -9999 -9999 -9999 -9999 -9999 -9999 -9999 -9999 -9999 -9999 -9999 -9999 -9999 -9999 -9999 17.6528688018995 12.9152958630584 8.5246894643642 8.75634021032602 10.5674115609145 11.7460361023326 15.6296925990489 15.8860390137415 15.8349996460602 14.3786026616176 10.8965226218237 12.1801390793887 12.3969820650459 10.6550874237437 10.547868270427 10.7504730250221 11.7964873067103 12.1643075726926 9.1299935807474 15.5712274103425 -9999 14.0332568371668 9.74533828673884 11.1305810601916 12.0139736494748 12.0545304596424 11.9528336306103 11.7921841968782 11.9872585092671
-9999 -9999 -9999 -9999 -9999 -9999 -9999 -9999 -9999 -9999 -9999 -9999 10.8252993237693 10.9698338285089 11.7864467171021 10.6547288312577 11.3776512830518 11.7673217845149 12.9174162360192 -9999 -9999 -9999 -9999 -9999 -9999 11.894999734126 10.0620155128449 15.0379298781478 11.7016754534096 11.2971472699428 11.6566362371668 11.1104998809751 12.1304021098185 12.233116348008 15.5649996520951 12.9968013112808 13.8075583429514 11.3590044737794 10.070223079063 10.4517654841766 10.6253242474049 10.8862002809765 9.97152049728902 12.0033951711375 11.9390278198989 9.23470258666202 10.0415356801823 10.2272865879349 10.1742149000056 10.3599658077583 10.549302640371 9.89522994589061 10.5751212993637 10.9358653402887 11.0595797479618 10.4946172862547 11.7608073543524 11.6731314915232 12.0267036827281 11.8409527749754 12.0288552376442 12.0890987752937
-9999 -9999 -9999 -9999 -9999 -9999 -9999 -9999 -9999 15.7318406226113 10.0479903449304 10.6497085364535 10.946623114869 10.8906826870516 10.7809533863328 10.8949857968837 11.1424146122299 11.1768394908868 11.1259193578735 12.0471760537475 14.2905790193998 15.2393643425366 13.2350668147125 11.5371850957163 12.1091002672911 14.1649508331902 -9999 10.2753379810601 9.97770621767268 11.5002899132669 11.1151615832932 9.33008818794042 11.3204199222848 11.6699758776464 17.4379253336228 16.514999630861 13.7886088852892 9.73458051215857 10.3133487845771 10.5428479756229 10.9426785975229 11.0344782739412 12.0555703778518 12.1219099877635 10.2523880619556 10.3972594263032 11.0441602710634 11.1323740226217 11.1395458723418 10.6346476520412 12.8588773119263 11.4515213351697 11.22417369904 10.9206251596333 10.8878139471635 11.3331858147867 12.5217406096635 11.8653370640241 12.02383494284 12.1185033591464 11.9141056421213 12.0001678387634
-9999 -9999 -9999 -9999 -9999 -9999 -9999 -9999 14.4728156399714 10.149830610957 10.4410077095963 11.0061494675465 11.3339029997587 11.3927121674642 11.3102358956821 11.3676106934436 11.4041871270165 11.3769340980798 11.2901547164656 11.2291939938441 11.6418622267433 11.1812450557149 10.6984771145508 10.5801415941678 10.5198980565183 10.3470564782619 10.3936735014431 10.5571916750632 10.6647694208659 10.7415082128718 10.867015582975 10.8598437332548 11.7500495797722 10.5198980565183 11.2231491490799 11.5300530896056 11.3109530806541 9.95260474365205 10.0551621946506 10.3721579522826 9.70517592830583 11.6449819813715 12.2028443118557 10.8440656638704 10.9100466812961 12.5764259637799 11.0764335948043 11.0527664907277 11.0936460341327 12.6153332485119 11.184728525579 11.6673940117471 11.2865687916055 12.6549577182159 12.5990172903985 12.2407833968755 12.3354518131819 12.4835505099036 12.5112816621549 11.065675820224 11.984389769379 12.0202490179799
-9999 -9999 -9999 -9999 -9999 -9999 -9999 -9999 12.2310217125341 11.1122928434052 11.3547013639472 11.4924008785747 11.544755381532 11.7154454048723 11.6659596418031 11.6501815724187 11.5131992427632 11.4601275548339 11.3690450633876 11.2951750112697 10.7651753169484 11.8395184050314 11.5164265751373 11.36321793549 11.1951277076732 11.6454481516033 10.5313730160706 11.718075083103 10.8856623922475 10.8870967621915 10.9322794154286 11.026947831735 10.9014404616319 10.8813592824154 10.7250129585154 10.66978971567 11.5144543164643 11.5261085722595 10.3929563164711 10.9624011842534 10.788842421025 12.1206549140625 11.1330912075937 11.1718191960827 11.4551072600298 11.3496810691431 10.905026386492 12.2148930193856 12.45314186709 12.6178075366653 12.7256721564569 12.6430524476804 12.5975829204544 12.7200166406775 12.4925153220538 12.4735099202953 11.7964873067103 9.7873653260991 12.4766177218407 12.408485149499 12.1038727857172 11.9987334688194
13.1299623649102 9.40499978978187 -9999 -9999 -9999 -9999 -9999 -9999 11.0075838374905 12.0597838395624 11.863544101594 10.8501617361326 11.3202764852904 11.7197485147044 12.0962706250139 11.7276375493966 11.6035645492375 11.6394237978384 11.1947691151872 11.462996294722 10.2724692411721 10.7450941377319 11.9347605693154 12.0232611948624 11.3281655199826 11.8530014825054 11.839374968037 11.0197759820148 11.3547013639472 11.3876918726601 11.4364604507573 11.2291939938441 11.185445710551 12.0098498358857 12.262478242279 10.6497085364535 10.6547288312577 11.2177190342918 11.9620135982521 11.1997894099914 11.1302224677056 11.3023468609899 11.4113589767367 11.46586503461 11.5655537457205 11.4027527570724 11.6033254875802 11.8696401738562 11.9236681084149 12.6874359519487 12.660695197992 12.8091524871998 12.7349238425959 12.6924562467528 12.5019104451872 9.13357950560749 12.724046537187 12.5657877200283 9.37957395100966 12.4653818239458 12.2729371897876 12.3532619066536
10.7350535481237 10.9222388258204 11.5514149562722 11.7391125089489 13.1551430087004 -9999 16.1899624452926 11.8980406987481 11.2349314736202 11.4120761617087 12.0353099023923 12.2406041006325 12.2821809072047 11.9255806016736 11.942793041002 12.1048768446781 12.9568925914355 12.4903637671378 11.8947416478768 12.8073082972717 12.7253443004697 12.236599817872 12.2875199508853 12.1929471592419 12.1055940296501 12.163829449378 11.8812585704029 11.5497756763361 12.6108508424368 11.7247688095085 11.6803033412434 11.54403819656 11.5339976069517 12.5281952744117 12.3940816846443 11.8151341159828 12.0593355989549 12.2981581946369 12.6507980453782 12.721799357608 12.6013481415575 12.7560807992704 11.997872846853 11.5899380347691 11.7097079250962 12.1335642435588 12.379737985204 11.7073173085228 11.7995951082557 11.2497532963753 10.9097598073073 12.7148426633794 12.0901745527517 12.8060788373197 11.7094688634388 9.24775535315275 11.5714346624911 11.3374889246188 11.8352152951993 11.9198431218974 9.14194666361436 12.3456119336188
10.7996001956053 11.5992614394054 11.422833936289 10.8241637808969 11.7708120847121 11.3597216587514 11.4816431039944 11.3948637223803 11.5820490000769 11.7685170928016 11.7957701217383 11.742698433809 11.6272316533141 11.862468324136 12.0596941914409 11.9686116999947 11.9327524513938 13.3331756400876 12.7372290800059 12.4096804577857 12.9031037185341 12.4168523075059 12.4326303768903 12.3099917466752 12.3720282467548 12.1427442112006 12.191225915309 12.5450849805027 12.6054719551466 12.2497482090257 12.0302896075882 11.8000732315704 12.220522921416 12.3087366729742 12.4091425690567 10.4779427356552 10.3599658077583 12.7273934003897 12.7259590304457 12.2024140008725 12.3659321744926 12.4749442902394 12.4443443980999 12.3470463035628 12.342265070416 12.3371013386175 12.4069910141407 12.3334197890945 12.6232581424527 12.2171162927989 12.2271568824071 12.3812799328938 12.0396130122244 12.7116153310053 11.9951475439593 11.4661040962674 12.438224419672 12.0575426365249 12.1577094709501 11.995625667274 12.060411376413 11.1540688680252
9.99366358330008 11.6379894278944 11.4830774739385 11.5655537457205 11.6336863180622 12.1072333095861 11.6049989191815 11.9334696363658 11.8890041681007 11.9184087519534 11.9062166074291 11.94207585603 11.9083681623451 11.8000732315704 11.8725089137442 12.0876644053496 12.0489364168607 12.2296670298092 12.4699239954352 12.1769539343659 12.5975829204544 12.9753003390506 10.4424420795403 13.0006408747286 12.3627765606157 11.7265617719386 11.784295162186 12.7998290825635 12.5337534579448 12.9425488919951 12.5653095967136 12.5330362729728 12.5993758828845 12.5626201530686 12.5050660590641 12.4684896254912 12.5337534579448 12.6485030534677 12.5201269434765 12.539490937721 12.5918454406783 12.485941126477 12.1963179286104 12.2101237393217 11.9867803859524 11.9573758020997 12.1431267098524 12.1022471664473 12.3702352843247 12.382427428849 11.8839838732965 11.8280434454791 11.7340922141448 11.6241238517687 11.6184819966555 11.5860652359203 12.0269427443855 12.0422426904552 11.8046154030599 11.7677999078296 11.2983306251466 11.1675160862505
11.6716971215792 11.6473128325306 11.5547959711403 11.7398296939209 11.6430097226985 11.744849988725 10.3319955938496 11.8796807634644 11.9686116999947 11.9478133358061 12.0274208677001 12.0532395266928 11.9865413242951 12.061845746357 11.9800866595469 12.221777995117 12.1959593361244 11.9347247100668 12.0141529457178 12.7483710608212 12.7177114032675 12.1715750470757 12.6219672095031 12.5201269434765 11.9508613719372 11.821588780731 12.1462046286906 12.777903713419 12.7668385738507 12.4297616370022 12.5296296443557 12.541283900151 12.5758880750509 12.4046601629816 12.3427431937307 12.5483362190425 12.2507044556551 12.2425763593055 11.6024170532823 13.0008457847206 12.9883052932099 13.0479750828817 12.8683202473912 12.7002838084474 12.0714082126506 12.0453504920006 12.1940468428656 11.9669382683933 11.7823826689273 12.259788798634 11.9418367943726 10.4001281661913 12.0608894997276 11.8727479754016 11.6697846283205 12.0047100102529 11.9007660016418 11.7070782468654 11.5980661311187 11.6791763362874 11.2313455487601 11.2951750112697
11.6408581677824 11.7742545725778 11.6853236360475 9.990615547169 11.8380840350874 11.1319437116385 8.72033752473071 12.0152287231758 12.3970580022782 11.7799920523539 12.1177861741744 12.7084597171284 12.1493423129432 12.1127658793703 12.1041596597061 12.2081514806487 12.1902218563482 12.1077455845661 12.7173528107814 12.6130023973528 12.5036316891201 12.7123325159773 12.7826166432351 12.7338480651379 12.5524002672173 12.5301675330848 12.1923734112643 12.0993186611449 12.6315774881281 13.0867030713707 12.9165509367594 12.9834284354001 12.7862025680952 12.8389156635385 12.7503433194943 12.3362885289825 12.154840731062 12.0331583474763 10.8938383009285 11.6217332351953 11.8633289461024 11.9376293092035 11.7818567332812 12.243436981272 12.1366720451042 12.0888597136363 12.1177861741744 12.1731887132628 12.3689802106237 11.8170466092415 11.8015076015145 11.7319406592287 11.7228563162498 11.8630420721136 12.0370311463252 12.4615568374284 11.6875776459596 11.2138940477744 11.5656562007165 11.0290993866511 10.4554948460311 10.3215246932581
11.5526444162242 11.8323465553112 11.9600054803304 11.982238214463 12.5559861920774 12.4735099202953 12.5861079609022 10.2120822665282 12.7202215506695 12.7613060040666 12.6556749031879 12.2296670298092 12.2081514806487 12.2138889604248 12.2648090934381 10.9416028200649 12.4757810060401 12.0948362550698 12.6549577182159 12.6929685217328 12.6657154927962 12.6857966720127 12.6535233482718 12.700140371453 12.4462568913586 12.8321024063043 12.7729858736108 13.0047390745687 12.4515162478201 12.7256721564569 12.700140371453 12.9418317070231 13.130881665647 12.8962904612999 12.7266762154177 12.5251472382806 12.8154637149535 12.0814488022588 11.6312478891574 12.620174247073 12.2637333159801 11.4705984554254 12.3454924027901 12.2016968159005 12.2229733034037 12.0819269255735 11.8421480832621 11.770907709375 11.8794417018071 11.6090629673563 11.5485803680494 11.8806370100938 11.4357432657853 11.4873805837706 11.701818890404 11.9038259908557 10.8925951803103 11.5121746928032 10.8502812669612 11.3703769783356 10.6765133247827 10.6084191730645
11.9513992606662 12.0173802780919 12.061845746357 12.0510879717767 11.9757835497148 12.3315072958358 12.8615069901571 12.8901943890378 12.9698019209318 12.779747903347 12.7205084246583 12.1471907580271 12.7823297692463 11.6761795276543 12.486658311449 12.7302621402778 12.779210014618 12.8823053543456 12.6307527254103 11.9060731704347 12.5562252537347 12.540566715179 12.4765579564264 12.4489463350037 12.6535233482718 12.7273934003897 12.579653296154 12.4770958451554 12.2392294961028 12.300668342039 12.2899105674587 12.3061667601578 12.1793206447735 12.7668385738507 9.8511230701115 11.8567308443598 12.2059999257326 11.5497756763361 11.4529557051137 11.6143223238178 11.7068391852081 12.219626440201 11.8442996381782 11.8555355360731 11.7345703374594 11.6420534760691 11.9322145626647 11.7168797748163 11.3683278784156 11.5502537996508 11.9492477057502 11.2989999977872 11.4601275548339 10.9356262786314 11.6890120159036 11.7296866493167 18.5288173886389 18.794999579899 -9999 -9999 -9999 -9999
12.0747550758533 12.0905331452377 12.6710226615891 12.564018663764 12.0747550758533 12.8858912792057 12.8141727820039 12.9827112504281 13.0902889962308 13.020004868973 12.8751335046254 12.8570604433306 12.1912976338062 12.3252916927449 12.4301202294882 13.1060670656152 11.727063801419 12.5719435577048 12.2540513188578 12.700140371453 12.8087938947137 12.8483107866719 12.5775017412379 12.4034050892806 12.4044808667386 12.6298562441953 12.5610064868815 12.1376282917336 12.2026530625299 12.1933296578936 12.2571591204032 12.195003089495 11.9155400120653 9.40955228284001 9.93575089680962 12.0718863359652 11.5196539075114 11.1553239417262 12.0019608011935 11.9760226113722 11.7967263683677 11.9631132818758 11.6587877920829 11.5230007707141 11.4577369382605 11.5985442544334 11.0828882595524 11.4268979844637 11.2060050130822 11.1890316354111 9.68652911903337 11.4154230249114 11.2542954678647 11.5585868059924 12.2088861579371 11.4699997436255 -9999 -9999 -9999 -9999 -9999 -9999
11.8180028558709 11.8574480293319 12.5319604955148 12.7338480651379 12.7238074755296 12.9124271231703 12.9654988110997 13.0214392389171 13.0859858863987 13.0623187823221 12.9303567474708 12.8866084641777 12.937528597191 11.8746604686603 11.9919202115852 13.1878261524253 13.2803430138156 11.8723296175012 12.6298562441953 11.942434448516 12.4182866774499 12.5674611516297 12.9303567474708 13.0290892119519 12.779747903347 12.700140371453 12.2024140008725 12.0305286692455 11.9487695824355 15.374999656342 -9999 14.754949829009 14.7896216916531 13.0449997084215 -9999 16.3049996355549 11.5473850597627 11.9985541725764 11.9481719282921 12.1177861741744 10.947340299841 11.9523555072956 11.9222337384708 11.9078900390305 11.6707408749498 11.5469069364481 10.9494918547571 11.0553483566269 11.0784417127259 10.8493250203319 10.8722749394365 10.7713909200393 10.6610400590114 -9999 -9999 -9999 -9999 -9999 -9999 -9999 -9999 -9999
11.6924954857677 12.6700186026283 12.7811822732911 12.7438886547461 12.8277992964722 12.8550523254089 12.8636585450731 13.0400860481896 13.0013580597006 13.0766624817625 12.9425488919951 12.8540482664481 13.0030793036334 12.4584490358829 13.4001129041426 13.2911007883959 13.1003295858391 12.0372821610654 12.498611394316 11.7963080104673 11.6862201172626 12.8543351404369 13.0902889962308 12.6147953597829 12.779747903347 11.3994537062012 12.2989949104376 12.024193535326 12.8790504379341 -9999 -9999 -9999 -9999 -9999 16.3799996338785 15.2997133203718 10.8756218026392 11.7319406592287 11.6200598035939 11.7656483529136 11.6831720811315 11.704687630292 11.5074617629871 11.3750216048211 11.6516159423627 11.3527888706885 9.12009642813355 10.6653431688435 10.6504257214256 10.7828180672601 10.3795688636601 10.5715353745036 10.4501423813452 -9999 -9999 -9999 -9999 -9999 -9999 -9999 -9999 -9999
12.7252418454736 12.6872310419567 12.0941190700978 12.3967711282894 12.7949880840024 12.8672444699332 12.9475691867992 12.9303567474708 12.740302729886 12.9834284354001 12.8256477415562 12.9507248006761 12.931504243426 13.1840967905708 13.0685941508273 13.0087092056638 13.0759452967905 13.0472578979097 12.0464262694586 10.1313374841785 13.036898559425 13.0149845741689 13.0601672274061 12.5437940475531 12.2669606483541 12.2891933824867 11.6803033412434 11.8983275727369 11.983672584407 13.6099996957928 -9999 -9999 -9999 -9999 -9999 17.3799996115267 10.5901821837761 10.8070111069828 11.2750938320532 10.7051708409563 11.7548905783333 11.6150395087898 11.3073671557941 11.2449720632285 11.1101412884891 11.4672994045541 11.4009597946424 10.7146137764212 11.2478408031166 11.1273537278175 10.2523880619556 10.0644855992869 11.154176445771 14.1005219842064 8.53473005397245 21.0428228292293 -9999 -9999 -9999 -9999 -9999 -9999
12.5828806285281 11.8201544107869 11.8847010582685 12.9729575348087 12.7048020737711 12.6323663915973 12.3272041860037 12.5153457103297 12.8580645022914 12.8529007704929 12.6598345760256 12.740302729886 8.99516280600801 12.8909115740098 12.9181646029465 12.8346125537064 13.0226345472038 12.9197424098849 12.8797234884463 12.9265317609534 12.9812768804841 12.820627446752 12.8801537994295 11.9499648907222 12.0403301971965 12.1371501684189 11.5526444162242 11.9234290467575 11.9549851855263 10.3738996872146 17.1764956616022 24.7149994475767 -9999 -9999 -9999 -9999 10.9858975300033 9.99348428705707 10.9987983215833 10.9792550310958 11.0602969329339 11.0083010224625 10.4068218925968 10.2602770966478 10.6203039526008 10.0840288897743 10.270317686256 10.8024689354934 10.2522087657126 10.4596545188688 10.7271645134315 9.86797691695392 10.8955595448613 9.86999977938831 -9999 -9999 -9999 -9999 -9999 -9999 -9999 -9999
10.1865504815243 12.3832880508155 12.3606728180312 12.700857556425 12.7510605044663 12.4821161399595 12.65997801302 12.7041566072963 12.5806573551148 12.8074312432669 12.8969359277748 12.6977497548796 13.0948789800517 12.3852961687371 13.0476164903957 13.0225150163751 12.7340871267952 12.9676503660157 12.9827112504281 13.0365001233295 13.0379344932735 13.0702078170143 13.0680562620983 9.86582536203787 11.7276375493966 11.6580706071109 11.6114535839297 11.7548905783333 11.6523331273347 11.4938352485187 16.8852780922796 -9999 -9999 -9999 -9999 -9999 -9999 -9999 -9999 -9999 -9999 -9999 -9999 -9999 -9999 -9999 11.2098299995996 8.60122334637812 9.18363901665434 10.0331685221754 16.8505275510987 14.6949996715412 -9999 -9999 -9999 -9999 -9999 -9999 -9999 -9999 -9999 -9999
12.9128369431544 12.302102711983 12.380993058905 12.5975829204544 12.659260828048 12.6879482269287 12.6434827586636 12.5118793162983 12.4860606573056 12.4864192497917 12.7818994582631 12.7986815866083 13.0212958019227 12.5251472382806 13.2817773837596 13.2301400657743 13.0823999615386 13.0644703372382 12.4749442902394 12.7101809610613 12.8708303947933 12.9425488919951 12.7560807992704 10.9414724227972 10.440929754708 13.6699996944517 11.6422925377265 11.6336863180622 11.5131992427632 11.465147849638 11.285403366026 16.548604887975 19.7867102785967 -9999 -9999 -9999 -9999 -9999 -9999 -9999 -9999 -9999 -9999 -9999 -9999 -9999 -9999 -9999 -9999 -9999 -9999 -9999 -9999 -9999 -9999 -9999 -9999 -9999 -9999 -9999 -9999 -9999
12.97881796058 12.4914395445958 12.4398022266105 12.700857556425 12.7948087877594 12.7302621402778 12.5900524782483 12.6040375852026 12.6486464904621 12.3723868392408 12.8026978224516 12.7632526489906 12.6147953597829 13.0780968517065 13.2251197709702 13.1906948923133 12.9884487302043 12.9984893198125 12.9031037185341 12.857921065297 12.9282051925547 12.4656208856031 12.0102084283717 11.8890041681007 11.9377727461979 11.7348093991168 11.584200554993 10.7651753169484 11.3417920344509 11.4888149537146 10.34992521815 10.0998069591587 -9999 -9999 -9999 -9999 -9999 -9999 -9999 -9999 -9999 -9999 -9999 -9999 -9999 -9999 -9999 -9999 -9999 -9999 -9999 -9999 -9999 -9999 -9999 -9999 -9999 -9999 -9999 -9999 -9999 -9999
12.5065004290082 12.9834284354001 12.7652607669123 13.3080741660669 12.700140371453 12.7412589765154 12.9748222157359 12.9174474179745 12.5990172903985 12.8724082017317 12.7747276085429 12.18018126674 13.0737937418744 13.1254310598597 12.8277992964722 12.5896938857622 12.9583269613795 12.9074068283662 12.8242133716121 12.8091524871998 12.5767845562659 12.1601000875235 11.9320352664217 12.0166630931199 12.0252693127841 12.0324411625043 11.5877864798531 11.1133686208632 11.2399517684244 11.0047150976025 10.4223609003238 9.42467691702768 19.5647231040563 28.5299993623048 -9999 -9999 -9999 -9999 -9999 -9999 -9999 -9999 -9999 -9999 -9999 -9999 -9999 -9999 -9999 -9999 -9999 -9999 -9999 -9999 -9999 -9999 -9999 -9999 -9999 -9999 -9999 -9999
13.0862727603875 12.9174474179745 13.3374787499197 12.2346873246133 12.7252418454736 12.7869197530672 12.7238074755296 12.5466627874412 12.3716696542688 12.3515884750523 12.2346873246133 12.4679158775136 12.764830455929 12.5158238336444 12.3282799634617 12.8364055161364 12.9045380884781 12.9346598573029 12.8830225393176 12.8378398860805 11.4443494854495 11.7710272402037 12.2985167871229 11.5365077543538 11.5673467081506 11.2550126528367 11.5318460520357 11.3525498090312 11.224890884012 11.2923062713817 10.8053376753815 9.94864315047328 13.9211648069523 -9999 -9999 -9999 -9999 -9999 -9999 -9999 -9999 -9999 -9999 -9999 -9999 -9999 -9999 -9999 -9999 -9999 -9999 -9999 -9999 -9999 -9999 -9999 -9999 -9999 -9999 -9999 -9999 -9999
