EcologicalScience/Bass/data/rs_data_bass/sst_426.asc
NCOLS 226 
NROWS 124 
XLLCORNER -9.41648524995501 
YLLCORNER 47.587301625531 
CELLSIZE 0.0833 
NODATA_value -9999 
[rows 0 to 26 of 124, columns 62 to 123 of 226]
-9999 -9999 -9999 -9999 -9999 -9999 -9999 -9999 -9999 -9999 -9999 -9999 -9999 -9999 -9999 -9999 -9999 -9999 -9999 -9999 -9999 -9999 -9999 -9999 -9999 -9999 -9999 -9999 -9999 -9999 -9999 -9999 -9999 -9999 -9999 -9999 -9999 -9999 -9999 -9999 -9999 -9999 -9999 -9999 -9999 -9999 -9999 -9999 -9999 -9999 -9999 -9999 -9999 -9999 -9999 -9999 -9999 -9999 -9999 -9999 -9999 -9999
-9999 -9999 -9999 -9999 -9999 -9999 -9999 -9999 -9999 -9999 -9999 -9999 -9999 -9999 -9999 -9999 -9999 -9999 -9999 -9999 -9999 -9999 -9999 -9999 -9999 -9999 -9999 -9999 -9999 -9999 -9999 -9999 -9999 -9999 -9999 -9999 -9999 -9999 -9999 -9999 -9999 -9999 -9999 -9999 -9999 -9999 -9999 -9999 -9999 -9999 -9999 -9999 -9999 -9999 -9999 -9999 -9999 -9999 -9999 -9999 -9999 -9999
-9999 -9999 -9999 -9999 -9999 -9999 -9999 -9999 -9999 -9999 -9999 -9999 -9999 -9999 -9999 -9999 -9999 -9999 -9999 -9999 -9999 -9999 -9999 -9999 -9999 -9999 -9999 -9999 -9999 -9999 -9999 -9999 -9999 -9999 -9999 -9999 -9999 -9999 -9999 -9999 -9999 -9999 -9999 -9999 -9999 -9999 -9999 -9999 -9999 -9999 -9999 -9999 -9999 -9999 -9999 -9999 -9999 -9999 -9999 -9999 -9999 -9999
-9999 -9999 -9999 -9999 -9999 -9999 -9999 -9999 -9999 -9999 -9999 -9999 -9999 -9999 -9999 -9999 -9999 -9999 -9999 -9999 -9999 -9999 -9999 -9999 -9999 -9999 -9999 -9999 -9999 -9999 -9999 -9999 -9999 -9999 -9999 -9999 -9999 -9999 -9999 -9999 -9999 -9999 -9999 -9999 -9999 -9999 -9999 -9999 -9999 -9999 -9999 -9999 -9999 -9999 -9999 -9999 -9999 -9999 -9999 -9999 -9999 -9999
-9999 -9999 -9999 -9999 -9999 -9999 -9999 -9999 -9999 -9999 -9999 -9999 -9999 -9999 -9999 -9999 -9999 -9999 -9999 -9999 -9999 -9999 -9999 -9999 -9999 -9999 -9999 -9999 -9999 -9999 -9999 -9999 -9999 -9999 -9999 -9999 -9999 -9999 -9999 -9999 -9999 -9999 -9999 -9999 -9999 -9999 -9999 -9999 -9999 -9999 -9999 -9999 -9999 -9999 -9999 -9999 -9999 -9999 -9999 -9999 -9999 -9999
-9999 -9999 -9999 -9999 -9999 -9999 -9999 -9999 -9999 -9999 -9999 -9999 -9999 -9999 -9999 -9999 -9999 -9999 -9999 -9999 -9999 -9999 -9999 -9999 -9999 -9999 -9999 -9999 7.47999983280897 10.3280857790021 5.13599047157913 4.96063874592073 4.97892696270719 5.24105806997977 5.27440717117861 5.27835168852471 5.29556412785314 5.24392680986784 5.29592272033915 5.41533401818015 5.47199163096957 5.45944089395925 5.41067231586203 4.79532760987058 5.60144351841882 4.59021270787343 5.58853418892249 5.60646381322294 5.6763893479947 5.70973844919354 5.63694417453371 5.64555039419793 5.648419134086 5.48023925814778 5.64519180171192 5.66885890578851 5.67316201562062 5.7161931139417 5.59642322361469 5.59821618604474 5.56032491335645 5.64017150690779
-9999 -9999 -9999 -9999 -9999 -9999 -9999 -9999 -9999 -9999 -9999 -9999 -9999 -9999 -9999 -9999 -9999 -9999 -9999 -9999 -9999 -9999 -9999 -9999 -9999 -9999 -9999 6.03662381012385 5.01442761882208 5.03881190787069 5.21488081850111 5.24141666246578 5.36118655279279 5.28014465095475 5.34935300075449 5.32712026662193 5.34612566838041 5.44581437949091 5.25934628676623 5.58745841146447 5.55124057037756 5.51466413680464 5.44724874943495 5.44617297197692 5.52004302409478 4.37003692146391 5.55661945766769 5.58781700395048 5.61614581034519 5.57526626694016 5.61363566294312 5.65164646646008 5.62582780746743 5.57849359931424 5.60180211090483 5.4584846473299 5.55793429678306 5.51203445857391 5.73794772475958 5.66527298092842 5.60969114559703 5.62009032769129
-9999 -9999 -9999 -9999 -9999 -9999 -9999 -9999 -9999 -9999 -9999 -9999 -9999 -9999 -9999 -9999 -9999 -9999 -9999 -9999 -9999 -9999 -9999 -9999 -9999 -9999 5.36345763853751 4.97247229795903 4.74225592194125 5.17579423752613 5.17866297741421 5.25576036190614 5.39059113664553 5.27978605846874 5.4013489112258 5.3497115932405 5.39094972913153 5.47378459339961 5.02482680091634 5.38485365686938 5.51215398940258 5.55877101258375 5.51807076542173 5.37857828836422 5.49063844024204 5.51896724663675 5.54119998076931 5.58028656174429 5.53008361370303 5.45011748932302 5.54550309060141 5.4454557870049 5.64877772657201 5.53510390850715 5.54406872065738 5.54657886805944 5.54980620043352 5.44258704711683 5.49494155007415 5.56343271490186 5.63156528724357 5.56630145478994
-9999 -9999 -9999 -9999 -9999 -9999 -9999 -9999 -9999 -9999 -9999 -9999 -9999 -9999 -9999 -9999 -9999 -9999 -9999 -9999 -9999 -9999 -9999 -9999 -9999 -9999 5.38897747045849 3.81421856814995 4.82437360123731 5.11985380970873 5.06355478940532 5.0470595350489 5.33214056142606 5.19193089939654 5.23567918268964 5.32138278684579 5.35293892561458 5.34002959611826 5.31528671458364 5.23173466534354 5.35652485047467 5.5330240720883 5.4651783737354 5.46159244887531 5.47521896334365 3.37530136527494 5.49996184487827 3.65500350436196 5.53582109347917 5.5767006368842 5.58207952417433 5.53582109347917 5.41832228889689 5.60359507333487 5.60646381322294 5.52219457901083 5.5530335328076 5.5171742842067 5.57203893456608 5.64017150690779 5.33751944871619 5.16575364791788
-9999 -9999 -9999 -9999 -9999 -9999 -9999 -9999 -9999 -9999 -9999 -9999 -9999 -9999 -9999 -9999 -9999 -9999 -9999 -9999 -9999 -9999 -9999 -9999 -9999 11.0651906656841 5.28157902089879 4.94880519388244 4.88892024871893 5.07718130387366 5.33345540054142 5.86441134149209 5.26544235902838 5.31528671458364 5.22276985319331 5.28229620587081 5.35007018572651 5.26902828388847 5.20699178380892 5.32640308164991 5.28659931570292 5.41246527829207 5.45011748932302 5.44258704711683 5.41891994304024 5.36943417997099 5.449400304351 5.52398754144087 5.58315530163236 5.59427166869864 5.59857477853075 5.64925584988669 5.64973397320136 5.56080303667113 5.56558426981792 5.53833124088123 5.61507003288716 5.3138523446396 5.47521896334365 5.28050324344076 5.49601732753217 5.21452222601511
-9999 -9999 -9999 -9999 -9999 -9999 -9999 -9999 -9999 -9999 -9999 -9999 -9999 -9999 -9999 -9999 -9999 -9999 -9999 -9999 -9999 -9999 -9999 -9999 10.3720432026871 4.83238216675818 4.70567948836833 5.64590898668393 5.73603523150086 5.4147363640368 5.87779879430309 5.31672108452767 5.46410259627737 5.40923794591799 5.29197820299305 5.18009734735824 5.22276985319331 5.05638293968514 5.32353434176184 5.35867640539072 5.49577826587483 5.49135562521406 5.5209395053098 5.13742484152317 5.38198491698131 5.4572893390432 5.52183598652482 5.55088197789155 5.5727561195381 5.58960996638052 5.5767006368842 5.57383189699613 5.71643217559904 5.06104464200325 5.56666004727595 5.49852747493424 5.44366282457486 5.26759391394444 5.61076692305505 5.4056520210579 5.3934598765336 5.25576036190614
-9999 -9999 -9999 -9999 -9999 -9999 -9999 -9999 -9999 -9999 -9999 -9999 -9999 -9999 -9999 -9999 -9999 -9999 -9999 -9999 -9999 -9999 -9999 -9999 4.07119146043148 4.41402426641434 4.69994200859219 5.46732992865145 5.17663095332682 5.04897202830762 5.06749930675142 5.34325692849234 5.33142337645404 5.31313515966758 5.25217443704605 5.26042206422426 5.16073335311376 5.17758719995618 5.1467482461594 5.46697133616544 5.46607485495042 5.4054727248149 5.3099078272935 5.36262092273682 5.44330423208885 5.47916348068975 5.39668720890768 5.5928372987546 5.60180211090483 5.59857477853075 5.59570603864267 5.61614581034519 5.35975218284875 5.19264808436856 5.16216772305779 5.22850733296946 5.29986723768525 5.31241797469556 5.43888159142807 4.8240150087513 5.33931241114624 5.35724203544669
-9999 -9999 -9999 -9999 -9999 -9999 -9999 -9999 -9999 -9999 -9999 -9999 -9999 -9999 -9999 -9999 -9999 -9999 -9999 -9999 -9999 -9999 -9999 10.8349997578189 3.79485457390547 4.79867447307333 5.08244066033512 5.23974323086441 5.1132796141319 5.17292549763806 5.22743155551143 4.74631997011602 4.67484053457156 4.18787193857133 5.05602434719913 5.26956617261749 5.24715414224193 5.25217443704605 5.09905544552021 5.47844629571773 5.14567246870138 5.27978605846874 5.38126773200929 5.42788475519046 5.45191045175306 5.16862238780595 5.58745841146447 5.57634204439819 5.59427166869864 5.60933255311102 5.60502944327891 5.4970931049902 5.44617297197692 5.27978605846874 5.26580095151439 5.29484694288112 5.33967100363225 5.51083915028721 5.45585496909916 5.62200282095 5.50426495471038 4.41019927989691
-9999 -9999 -9999 -9999 -9999 -9999 -9999 -9999 -9999 -9999 -9999 -9999 -9999 -9999 -9999 -9999 -9999 -9999 -9999 -9999 -9999 10.5183467542419 5.96382683927992 5.1849981113337 4.65595466364175 4.9966175253503 5.20962146203965 5.03271583560854 2.6050447053276 4.83883683150634 4.94641457730904 4.47713654395193 4.31314024701715 5.21864603960421 5.69723893968122 5.36531036638189 5.30811486486346 5.36495177389588 5.0628376044333 4.88569291634485 5.47898418444674 5.49243140267208 3.90028076479211 5.55841242009774 4.91760764759965 5.30632190243341 5.57634204439819 5.36764121754095 5.24787132721394 5.45107373595238 5.24858851218596 5.57221823080909 5.40421765111387 5.4214300904423 5.46087526390329 5.43003631010652 5.46159244887531 5.4572893390432 5.39632861642167 5.37445447477512 5.32891322905198 5.2740485786926
-9999 -9999 -9999 -9999 -9999 -9999 -9999 -9999 -9999 -9999 -9999 -9999 -9999 -9999 -9999 -9999 -9999 -9999 -9999 -9999 10.0737246292205 6.13318494767217 5.51538132177666 5.90290026832372 4.73508407222107 4.69181391224265 4.931592754554 4.83764152321965 4.89788506086916 4.56702372711152 4.52160201221704 4.48143965378404 4.60192672908306 5.12702565942891 5.10873744264245 5.31241797469556 5.42214727541432 5.39184621034656 5.87848182760977 5.50014114112128 5.28014465095475 5.5370761671802 5.07251960155554 5.59552674239967 5.62224188260734 5.66527298092842 5.48597673792392 5.50940478034317 4.85461490089074 4.71177556063049 5.58160140085965 5.64543086336926 5.43290504999459 5.44581437949091 5.16073335311376 5.44473860203288 5.42107149795629 5.34361552097835 5.39238409907557 5.37517165974714 5.35616625798866 5.30703908740543
-9999 -9999 -9999 -9999 -9999 -9999 -9999 -9999 -9999 -9999 -9999 -9999 -9999 -9999 -9999 -9999 -9999 -9999 -9999 -9999 11.01012156893 4.80751975439489 4.26819665543735 5.12069052550942 4.95569016961381 5.03386333156377 4.92800682969391 4.95382548868656 4.86597032961436 4.89107180363499 4.38294625096023 4.45370850153267 5.19856486038771 5.30721838364843 5.35204244439956 5.23747214511968 5.25540176942013 5.24643695726991 5.32425152673386 5.4693021873245 5.53546250099316 5.56414989987388 5.53420742729213 5.58190022793133 5.58548615279142 5.57598345191218 5.56307412241586 5.0549485697411 4.04013183433563 6.27798800868914 5.5211188015528 5.59068574383855 5.40601061354391 5.44366282457486 5.40816216845997 5.42178868292831 5.41533401818015 5.92943611228839 5.97294533392414 5.5888210629113 5.5357015626505 5.60574662825093
-9999 -9999 -9999 -9999 -9999 -9999 -9999 -9999 -9999 -9999 -9999 -9999 -9999 -9999 -9999 -9999 -9999 -9999 9.28714283999643 5.61982138332678 4.93266853201203 5.38318022526801 5.22181360656396 4.7802667254582 4.77739798557013 5.12838831087574 4.82473219372332 4.81469160411507 4.3791212644428 4.41761019127443 4.41258989647031 5.04562516510487 4.99560151330661 5.15374079963658 5.24715414224193 5.26562165527139 5.22384563065134 5.10515151778236 5.16754661034793 5.16360209300183 5.24034088500775 5.34383067646995 5.40263984417543 5.48970609977841 5.43821221878752 5.34612566838041 5.57490767445415 5.71667123725638 5.79379252791405 5.76338388510048 5.62338937856257 5.62181157162413 5.73856928506866 5.75635547237471 5.7532476708293 5.80679748207331 5.73316649161279 5.73388367658481 5.70663064764813 5.61387472460046 5.53307188441977 5.59044668218121
-9999 -9999 -9999 -9999 -9999 -9999 -9999 -9999 -9999 -9999 -9999 -9999 -9999 -9999 -9999 -9999 7.65446942672133 8.7670692975074 4.29927467089146 4.43984292540699 4.62105166167021 5.74248989624903 4.66587572242133 4.5611667165067 4.53379415674135 4.62822351139039 4.68595690163784 4.49219742836431 4.39776807371527 4.69109672727063 5.28970711724833 4.99327066214755 4.99685658700764 5.00295265926979 5.02106157981325 4.91796624008566 4.98000274016522 5.0746711564716 5.11017181258649 5.21308785607107 5.42411953408737 5.26981718735769 5.37682118518278 5.59556260164827 5.55568711720407 5.28444776078686 5.65308083640411 5.78450498252641 6.29926449619234 6.33201594324782 6.28013956360519 6.12857447285205 5.69467756478116 5.75133517757058 5.70806501759216 5.70782595593482 5.68774477671832 5.67842137208208 5.65164646646008 5.60168258007616 5.58542638737708 5.49410483427346
-9999 -9999 -9999 -9999 -9999 -9999 -9999 -9999 -9999 -9999 -9999 -9999 -9999 -9999 -9999 -9999 7.95278785657138 3.27575609115884 4.04228338925168 4.38461968256161 4.89788506086916 4.85461490089074 4.91987873334438 4.92274747323245 4.93924272758886 4.92752870637923 4.67555771954358 4.80465101450682 4.76329334778711 4.94450208405033 5.10335855535232 5.22157454490662 2.98515274049714 4.85216451890301 5.6324873822076 5.66547789092043 5.01478621130809 5.09009063336998 5.18906215950847 5.04227830190212 5.0045065600425 5.28994617890567 5.52685628132895 5.41067231586203 4.95741141354665 5.6166478398256 5.56558426981792 5.69539474975318 5.67459638556466 5.64638710999861 5.6153090945445 6.03569901897572 5.66264330269769 6.0905636693351 5.59977008681744 5.62678405409679 5.6153090945445 5.58566544903442 4.69384593633004 5.58781700395048 5.5235094181262 5.4718721001409
-9999 -9999 -9999 -9999 -9999 -9999 -9999 -9999 -9999 -9999 -9999 -9999 -9999 -9999 -9999 -9999 -9999 -9999 7.22090156893003 5.74928607765053 4.71285133808851 4.81493066577241 4.36429944168776 4.32341989828274 4.64256721083075 4.5450300546363 4.63969847094268 4.6447187657468 4.84505243459716 4.90132754873484 5.0750297489576 4.89372538803145 4.9951353430748 5.07244788305834 5.14072389239445 5.1625263155438 5.25274818502367 5.10347808618098 5.23783073760569 5.28827274730429 5.22599718556739 5.18009734735824 5.47880488820374 5.64203618783504 5.59828790454194 5.64390086876228 5.55984679004177 6.03067872417159 5.71762748388574 5.7161931139417 5.69037445494905 5.70639158599079 6.04717397852801 6.03569901897572 5.58136233920231 5.52613909635693 5.51155633525923 5.54598121391609 5.47713145660236 5.45513778412715 5.4730674084276 5.46756899030879
-9999 -9999 -9999 -9999 -9999 -9999 -9999 -9999 -9999 -9999 -9999 -9999 -9999 -9999 8.84363371851652 2.60984672644459 2.47988033673281 8.57628903577202 3.90123701142147 4.51741843321361 4.66964094352443 4.06499424669892 4.37457909295335 4.49410992162302 4.58423616643995 4.7243262976408 4.7402836632682 4.69850763864815 4.2065187478438 5.01722464021295 5.13828546348959 5.06972258016467 4.94478895803914 5.04892421597615 5.20426648091525 5.13097017677501 4.83023061184213 4.81971189891919 5.10993275092915 5.3459463721374 5.31456952961162 2.25505843898281 5.40995513089001 5.46603899570182 5.49960325239226 5.30022583017126 5.95429852465168 5.48788923118263 5.39489424647763 5.58518732571974 5.61554815620184 6.04251227620989 5.98334451601841 5.95358133967966 5.50557979382575 5.50701416376978 5.4876501695253 5.46589555870742 5.47378459339961 5.38174585532397 5.43696909816936 5.39322081487626
-9999 -9999 -9999 -9999 -9999 -9999 -9999 -9999 -9999 -9999 -9999 -9999 -9999 5.44007689971477 4.54646442458034 3.61484114592895 2.77788628358394 4.72762534851208 4.76850489191711 3.87254961254075 4.74602114304435 4.36740724323317 4.60551265394315 4.65954058850184 4.6896623573266 4.74345123022795 4.86680704541504 4.34780418733135 4.67484053457156 4.50952939852141 5.24894710467197 5.12049927618355 5.0430432992056 5.13211767273024 4.3897595081944 5.20914333872497 4.22265540971421 4.20687734032981 5.47191991247237 5.42186040142551 5.26484470488504 5.32915229070932 5.3776818071492 5.3910692599602 4.97634509680793 5.99553666054271 5.57251705788076 5.6098106764257 5.54526402894408 5.27333139372058 5.57371236616746 5.96290474431589 5.93672749283724 5.91987364599481 5.45800652401522 5.37815993046388 5.46374400379136 5.37290057400241 5.42358164535835 5.33656320208684 5.35425376472995 5.31696014618501
-9999 -9999 -9999 -9999 -9999 -9999 -9999 -9999 -9999 -9999 8.86996112130277 7.54888759143651 4.52609637137502 3.39717550692149 3.52399771614 4.04467400582507 4.46040222793818 4.93465709034353 5.03832291811705 5.11114979209378 5.23419700041413 4.99996438855305 4.73317157896236 4.63754691602662 4.57802056334913 4.74966683331877 4.65762809524313 5.06594540597871 4.66217026673257 4.69946388527751 4.89609209843911 5.09278007701505 4.76628161850385 5.20455335490406 5.11045868657529 5.0269783558324 4.23401083843783 4.07168797310442 4.34099093009718 5.24667601892725 5.28181808255613 5.33488977048546 5.38222397863865 5.39130832161754 5.46732992865145 5.53044220618904 5.52757346630096 5.55506555689499 5.55243587866426 5.55219681700692 5.46087526390329 5.48047831980512 5.5368968709372 5.84564500139095 5.8237708597444 5.81695760251023 5.37935523875058 5.31146172806621 5.27333139372058 5.31146172806621 5.25767285516486 5.2476322655566
-9999 -9999 -9999 -9999 -9999 -9999 -9999 -9999 -9999 -9999 -9999 12.2106004049434 4.72876387965516 7.8314584704116 2.79904324025847 3.18123111184686 11.9199997335672 -9999 -9999 9.22999979369342 -9999 9.73621395835819 4.93517867941409 4.85270240763202 4.70567948836833 4.71285133808851 4.95023956382647 4.97677540779114 4.97988320933655 4.72026224946603 4.65284686209634 4.54598630126566 5.08377940561622 5.08327737613581 5.16611224040389 4.8039338295348 4.70711385831237 4.91677093179896 5.70758689427748 4.6088595171459 5.75133517757058 5.80046234815381 5.33321633888409 5.33895381866023 5.41545354900882 5.48071738146245 5.43505660491064 5.50629697879776 5.48023925814778 5.40385905862786 5.40887935343198 5.43003631010652 5.41425824072212 5.42071290547028 5.35329751810059 5.34791863081045 5.56295459158719 5.21631518844515 5.26508376654238 5.24141666246578 5.11411632993259 5.14722636947408
-9999 -9999 -9999 -9999 -9999 -9999 -9999 -9999 -9999 -9999 -9999 -9999 -9999 -9999 -9999 -9999 -9999 -9999 -9999 -9999 -9999 -9999 -9999 -9999 -9999 4.70151981553063 5.07825708133169 5.05853449460119 5.17866297741421 5.13491469412111 4.84230322553776 5.07646411890164 4.79640338732861 5.20440991790965 5.05265357783064 5.21358988555148 5.01191747142002 5.19408245431259 5.43362223496661 5.75743124983273 4.98466444248334 5.66921749827452 4.77366862371564 4.82329782377928 5.32030700938776 5.41999572049826 5.35437329555862 5.29520553536713 5.38019195455126 5.58279670914635 3.77812025789171 5.68965726997703 5.38808098924346 5.4293191251345 5.38700521178544 5.35401470307261 5.30739767989144 5.51968443160877 4.72002318780869 5.12523269699886 5.10837885015644 5.02889084909111
-9999 -9999 -9999 -9999 -9999 -9999 -9999 -9999 -9999 -9999 -9999 -9999 -9999 -9999 -9999 -9999 -9999 -9999 -9999 -9999 -9999 -9999 -9999 -9999 -9999 10.6396679468453 5.40150828566402 5.11567023070529 5.00295265926979 5.17866297741421 5.09403515071608 5.25145725207403 5.22563859308138 5.18619341962039 4.81014943262562 4.96960355807096 5.06235948111862 5.4214300904423 5.7240821486339 5.31002735812217 5.35568813467398 5.72838525846601 5.90552994655445 5.80297249555588 5.23603777517565 5.16001616814174 5.29628131282516 5.61507003288716 5.25181584456004 4.37577440124005 5.41999572049826 4.7231309893541 5.36764121754095 5.5447859056294 4.99518315540627 5.13168736174703 5.2181081508752 5.14961698604748 5.08363596862182 5.05172123736702 5.18762778956443 4.5489745719824
-9999 -9999 -9999 -9999 -9999 -9999 -9999 -9999 -9999 -9999 -9999 -9999 -9999 -9999 -9999 -9999 -9999 -9999 -9999 -9999 -9999 -9999 -9999 -9999 -9999 -9999 -9999 6.73822388641865 4.92621386726387 4.89322335855104 5.24679554975592 5.1546372808516 4.98394725751132 5.09248124994338 4.9698426197283 5.14148888969794 5.06498915934935 5.27082124631852 5.17113253520802 5.28970711724833 4.6447187657468 5.33967100363225 5.42214727541432 5.40636920602992 5.23567918268964 5.17017628857866 5.25934628676623 5.37003183411434 5.17017628857866 5.65379802137613 5.30811486486346 5.48490096046589 5.39250362990424 5.09762107557617 5.15989663731307 5.16754661034793 5.10120700043626 5.03988768532872 4.99147769971751 4.79030731506646 4.148187703453 4.44605852849782
