EcologicalScience/Bass/data/rs_data_bass/sst_15.asc
NCOLS 226 
NROWS 124 
XLLCORNER -9.41648524995501 
YLLCORNER 47.587301625531 
CELLSIZE 0.0833 
NODATA_value -9999 
[rows 0 to 26 of 124, columns 62 to 123 of 226]
-9999 -9999 -9999 -9999 -9999 -9999 -9999 -9999 -9999 -9999 -9999 -9999 -9999 -9999 -9999 -9999 -9999 -9999 -9999 -9999 -9999 -9999 -9999 -9999 -9999 -9999 -9999 -9999 -9999 -9999 -9999 -9999 -9999 -9999 -9999 -9999 -9999 -9999 -9999 -9999 -9999 -9999 -9999 -9999 -9999 -9999 -9999 -9999 -9999 -9999 -9999 -9999 -9999 -9999 -9999 -9999 -9999 -9999 -9999 -9999 -9999 -9999
-9999 -9999 -9999 -9999 -9999 -9999 -9999 -9999 -9999 -9999 -9999 -9999 -9999 -9999 -9999 -9999 -9999 -9999 -9999 -9999 -9999 -9999 -9999 -9999 -9999 -9999 -9999 -9999 -9999 -9999 -9999 -9999 -9999 -9999 -9999 -9999 -9999 -9999 -9999 -9999 -9999 -9999 -9999 -9999 -9999 -9999 -9999 -9999 -9999 -9999 -9999 -9999 -9999 -9999 -9999 -9999 -9999 -9999 -9999 -9999 -9999 -9999
-9999 -9999 -9999 -9999 -9999 -9999 -9999 -9999 -9999 -9999 -9999 -9999 -9999 -9999 -9999 -9999 -9999 -9999 -9999 -9999 -9999 -9999 -9999 -9999 -9999 -9999 -9999 -9999 -9999 -9999 -9999 -9999 -9999 -9999 -9999 -9999 -9999 -9999 -9999 -9999 -9999 -9999 -9999 -9999 -9999 -9999 -9999 -9999 -9999 -9999 -9999 -9999 -9999 -9999 -9999 -9999 -9999 -9999 -9999 -9999 -9999 -9999
-9999 -9999 -9999 -9999 -9999 -9999 -9999 -9999 -9999 -9999 -9999 -9999 -9999 -9999 -9999 -9999 -9999 -9999 -9999 -9999 -9999 -9999 -9999 -9999 -9999 -9999 -9999 -9999 -9999 -9999 -9999 -9999 -9999 -9999 -9999 -9999 -9999 -9999 -9999 -9999 -9999 -9999 -9999 -9999 -9999 -9999 -9999 -9999 -9999 -9999 -9999 -9999 -9999 -9999 -9999 -9999 -9999 -9999 -9999 -9999 -9999 -9999
-9999 -9999 -9999 -9999 -9999 -9999 -9999 -9999 -9999 -9999 -9999 -9999 -9999 -9999 -9999 -9999 -9999 -9999 -9999 -9999 -9999 -9999 -9999 -9999 -9999 -9999 -9999 -9999 -9999 -9999 -9999 -9999 -9999 -9999 -9999 -9999 -9999 -9999 -9999 -9999 -9999 -9999 -9999 -9999 -9999 -9999 -9999 -9999 -9999 -9999 -9999 -9999 -9999 -9999 -9999 -9999 -9999 -9999 -9999 -9999 -9999 -9999
-9999 -9999 -9999 -9999 -9999 -9999 -9999 -9999 -9999 -9999 -9999 -9999 -9999 -9999 -9999 -9999 -9999 -9999 -9999 -9999 -9999 -9999 -9999 -9999 -9999 -9999 -9999 -9999 11.7199997380376 8.54399980902672 7.62374982959591 7.5987498301547 6.7816665150846 8.42499981168658 8.34499981347471 8.26499981526285 8.36499981302768 8.47999981045723 8.47999981045723 8.53499980922788 8.53999980911613 7.15249984012917 7.0233331763496 7.49999983236194 9.19999979436398 9.15999979525805 9.1549997953698 9.27999979257584 9.35499979089946 9.3599997907877 9.26999979279935 9.28999979235232 9.24499979335815 9.19499979447573 9.16999979503453 9.1549997953698 9.15999979525805 9.11499979626387 9.02499979827553 8.82999980263412 8.00124982115813 7.96999982185662
-9999 -9999 -9999 -9999 -9999 -9999 -9999 -9999 -9999 -9999 -9999 -9999 -9999 -9999 -9999 -9999 -9999 -9999 -9999 -9999 -9999 -9999 -9999 -9999 -9999 -9999 -9999 11.6899997387081 8.41555536745323 7.52749983174726 7.46124983322807 7.95999982208014 7.95999982208014 8.30499981436878 8.32999981380999 8.40999981202185 8.51999980956316 8.66499980632216 8.61999980732799 9.49499978777021 9.49499978777021 6.45199985578656 9.14999979548156 9.16999979503453 9.11499979626387 9.08999979682267 9.11499979626387 9.17499979492277 9.24499979335815 9.23499979358166 9.20999979414046 9.18499979469925 8.69499980565161 7.08999984152615 7.69833316126217 8.0166664874802 8.94999979995191 8.93499980028719 8.93999980017543 8.98999979905784 8.95999979972839 8.8999998010695
-9999 -9999 -9999 -9999 -9999 -9999 -9999 -9999 -9999 -9999 -9999 -9999 -9999 -9999 -9999 -9999 -9999 -9999 -9999 -9999 -9999 -9999 -9999 -9999 -9999 -9999 6.71026300790867 8.15249981777743 8.12999981828034 7.48699983265251 7.40749983442947 8.20499981660396 8.2949998145923 8.35999981313944 8.42499981168658 8.40999981202185 8.5849998081103 9.1549997953698 9.33999979123473 9.3599997907877 9.31499979179353 9.23999979346991 9.22499979380518 9.19499979447573 9.10499979648739 9.07999979704618 9.04999979771674 9.02499979827553 9.06499979738146 9.12499979604036 9.14999979548156 9.11999979615211 9.01999979838729 8.90499980095774 8.94499980006367 9.02499979827553 8.09999981895089 7.79499982576817 8.31999981403351 8.99499979894608 8.96999979950488 8.9849997991696
-9999 -9999 -9999 -9999 -9999 -9999 -9999 -9999 -9999 -9999 -9999 -9999 -9999 -9999 -9999 -9999 -9999 -9999 -9999 -9999 -9999 -9999 -9999 -9999 -9999 -9999 7.48624983266927 7.49599983245134 7.38499983493239 7.38874983484857 8.32249981397763 8.31499981414527 8.3549998132512 8.35999981313944 8.30499981436878 8.00499982107431 8.03499982040375 8.1499998178333 8.19499981682748 9.33499979134649 9.22999979369342 9.1549997953698 9.16999979503453 9.14999979548156 9.11999979615211 9.06499979738146 8.99499979894608 8.93999980017543 8.94499980006367 8.91499980073422 8.97999979928136 8.97499979939312 9.01499979849905 8.97499979939312 8.91999980062246 8.91999980062246 7.92999982275069 7.85499982442707 7.94499982241541 7.61499982979149 8.8149998029694 8.78999980352819
-9999 -9999 -9999 -9999 -9999 -9999 -9999 -9999 -9999 -9999 -9999 -9999 -9999 -9999 -9999 -9999 -9999 -9999 -9999 -9999 -9999 -9999 -9999 -9999 -9999 11.3799997456372 8.28437481482979 9.19499979447573 9.06499979738146 8.58999980799854 8.38499981258065 8.41499981191009 8.33499981369823 8.3799998126924 8.07499981950969 7.91499982308596 7.90499982330948 8.65999980643392 9.32499979157001 9.36999979056418 8.98999979905784 8.97999979928136 9.18499979469925 9.15999979525805 9.05999979749322 9.03499979805201 8.99499979894608 8.90499980095774 8.81999980285764 8.85999980196357 9.00499979872257 9.00499979872257 8.95999979972839 8.82499980274588 8.77499980386347 8.75999980419874 8.72999980486929 8.68999980576336 8.67999980598688 8.72499980498105 8.72999980486929 8.78999980352819
-9999 -9999 -9999 -9999 -9999 -9999 -9999 -9999 -9999 -9999 -9999 -9999 -9999 -9999 -9999 -9999 -9999 -9999 -9999 -9999 -9999 -9999 -9999 -9999 6.30874985898845 7.38399983495474 7.35899983551353 8.73499980475754 8.87999980151653 8.54999980889261 7.48499983269721 7.45749983331189 8.19999981671572 8.09999981895089 7.94999982230365 7.91999982297421 7.92499982286245 8.01333315422138 9.33499979134649 9.36499979067594 9.38999979011714 9.41499978955835 9.3599997907877 9.24499979335815 9.1299997959286 9.01999979838729 8.88499980140477 8.73999980464578 8.65999980643392 7.91249982314184 8.91499980073422 8.91499980073422 8.79999980330467 8.72499980498105 8.73499980475754 8.68499980587512 8.63999980688095 8.60499980766326 8.62499980721623 7.83874982479028 7.75499982666224 7.81874982523732
-9999 -9999 -9999 -9999 -9999 -9999 -9999 -9999 -9999 -9999 -9999 -9999 -9999 -9999 -9999 -9999 -9999 -9999 -9999 -9999 -9999 -9999 -9999 -9999 10.0807140603928 7.29999983683228 9.11499979626387 8.97999979928136 8.96499979961663 8.34499981347471 8.34499981347471 8.24499981570989 8.24499981570989 7.77499982621521 7.77499982621521 8.07999981939793 7.90666648993889 9.66999978385866 9.69499978329986 9.65499978419393 9.61999978497624 9.57999978587031 9.53499978687614 9.43999978899956 9.30999979190528 9.14499979559332 8.94499980006367 8.86999980174005 7.72666649396221 7.99833315455665 8.09833315232148 8.04124982026406 8.56999980844557 8.57999980822206 8.60499980766326 8.59999980777502 8.55499980878085 7.65166649563859 7.78333315936228 7.94624982238747 7.8037498255726 8.25374981551431
-9999 -9999 -9999 -9999 -9999 -9999 -9999 -9999 -9999 -9999 -9999 -9999 -9999 -9999 -9999 -9999 -9999 -9999 -9999 -9999 -9999 -9999 -9999 5.82944431414621 7.59399983026087 7.26333317098518 8.94499980006367 8.89499980118126 8.80499980319291 8.36499981302768 8.31999981403351 8.38499981258065 7.99833315455665 7.95666648882131 7.84166649139176 7.88166649049769 9.8449997799471 9.8199997805059 9.78999978117645 9.80499978084117 9.75499978195876 9.69499978329986 9.614999785088 9.55499978642911 9.5299997869879 9.47499978821725 7.79166649250935 7.77999982610345 7.79666649239759 7.68333316159745 7.78999982587993 8.14874981786124 7.90833315656831 7.86499982420355 7.39499983470887 8.34999981336296 8.47999981045723 8.52999980933964 8.57499980833381 7.94874982233159 8.46999981068075 8.47999981045723
-9999 -9999 -9999 -9999 -9999 -9999 -9999 -9999 -9999 -9999 -9999 -9999 -9999 -9999 -9999 -9999 -9999 -9999 -9999 -9999 -9999 -9999 7.00538445880207 6.91333317880829 7.03666650938491 8.2099998164922 8.13499981816858 7.62999982945621 7.99499982129782 7.94999982230365 8.13499981816858 8.2949998145923 8.28499981481582 7.82666649172703 7.79666649239759 7.40499983448535 7.28666650379697 7.56999983079731 9.904999778606 9.94999977760017 10.1149997739121 10.1149997739121 9.81499978061765 9.62999978475273 9.5899997856468 7.84249982470647 7.78624982596375 7.76124982652254 7.88624982372858 7.90499982330948 8.09874981897883 8.18624981702305 6.04499986488372 6.03999986499548 7.26833317087342 7.3983331679677 8.02374982065521 8.56999980844557 8.49499981012195 8.40999981202185 8.39999981224537 8.35999981313944
-9999 -9999 -9999 -9999 -9999 -9999 -9999 -9999 -9999 -9999 -9999 -9999 -9999 -9999 -9999 -9999 -9999 -9999 -9999 -9999 -9999 8.03749982034788 7.87166649072121 7.26749983755872 7.17749983957037 7.09999984130263 8.00499982107431 7.82999982498586 7.86999982409179 7.98999982140958 8.08499981928617 8.11499981861562 8.00499982107431 7.86999982409179 7.77499982621521 8.05666648658613 7.50833316550901 7.64833316237976 7.53666649820904 7.36499983537942 7.4716664996619 9.9899997767061 9.87999977916479 9.73999978229403 9.59499978553504 9.49999978765845 7.93999982252717 7.18124983948655 7.35999983549118 7.35999983549118 7.40499983448535 7.35249983565882 7.71833316081514 7.99374982132576 7.24833317132046 7.18499983940274 7.97166648848603 8.01749982079491 7.89624982350506 7.91624982305802 7.95374982221983 8.21749981632456
-9999 -9999 -9999 -9999 -9999 -9999 -9999 -9999 -9999 -9999 -9999 -9999 -9999 -9999 -9999 -9999 -9999 -9999 -9999 -9999 9.75785692475204 7.27399983741343 7.03999984264374 7.0349998427555 8.24999981559813 8.22499981615692 8.03499982040375 7.98499982152134 7.92999982275069 8.11999981850386 8.18499981705099 7.99499982129782 7.93999982252717 8.40833314539244 8.00666648770372 7.65499982889742 7.60166649675618 7.70333316115042 7.38499983493239 10.0799997746944 10.1199997738004 9.83999978005886 9.79999978095293 9.6999997831881 9.65499978419393 7.53999983146787 7.55999983102083 7.46749983308837 7.604999830015 7.52999983169138 9.66999978385866 7.52999983169138 8.1312498182524 8.05999981984496 7.81833315857997 7.84833315790941 7.79666649239759 7.98124982160516 7.8824998238124 7.85999982431531 7.86374982423149 7.72999982722104
-9999 -9999 -9999 -9999 -9999 -9999 -9999 -9999 -9999 -9999 -9999 -9999 -9999 -9999 -9999 -9999 -9999 -9999 -9999 8.48605244190089 7.79166649250934 7.7383331603681 7.35499983560294 7.25249983789399 7.77499982621521 7.83999982476234 7.96999982185662 8.07499981950969 8.1249998183921 8.37499981280416 8.15499981772155 8.05499981995672 7.86833315746238 7.77999982610345 7.71666649418573 6.75249984906986 6.70499985013157 7.77999982610345 10.1599997729063 10.1399997733533 10.0899997744709 10.0199997760355 9.85499977972358 9.77499978151172 7.75999982655048 8.0587498198729 7.44249983364716 9.63499978464097 9.63499978464097 9.3599997907877 9.50499978754669 9.62999978475273 9.41999978944659 9.39499979000539 9.3599997907877 8.0587498198729 8.05624981992878 7.98374982154928 8.03374982043169 8.80999980308115 8.80999980308115 7.70666649440924
-9999 -9999 -9999 -9999 -9999 -9999 -9999 -9999 -9999 -9999 -9999 -9999 -9999 -9999 -9999 -9999 -9999 9.11166646300505 7.90833315656831 7.55249983118847 7.56749983085319 7.52999983169138 7.78166649273286 7.96999982185662 7.94999982230365 8.07999981939793 8.08499981928617 8.25499981548637 8.24499981570989 8.2099998164922 8.17499981727451 8.10499981883913 7.74499982688576 7.81999982520938 9.24499979335815 9.24499979335815 7.83249982492998 7.95374982221983 10.1849997723475 10.1699997726828 10.0749997748062 9.95499977748841 9.81499978061765 9.72999978251755 7.55249983118847 7.79374982579611 7.56999983079731 7.81374982534908 7.87249982403591 7.89624982350506 9.5899997856468 9.68999978341162 9.5299997869879 9.39499979000539 8.05999981984496 7.87666649060945 7.85666649105648 8.10374981886707 8.02999982051551 7.98749982146546 7.83333315824469 7.86999982409179
-9999 -9999 -9999 -9999 -9999 -9999 -9999 -9999 -9999 -9999 -9999 -9999 -9999 -9999 -9999 -9999 -9999 8.61090889844028 8.22999981604517 7.52999983169138 7.5199998319149 7.42499983403832 8.65499980654567 8.63499980699271 8.53999980911613 8.32999981380999 8.26499981526285 8.33499981369823 8.2099998164922 8.08999981917441 7.82999982498586 7.90199982337654 7.29333317031463 9.66999978385866 9.61999978497624 7.47666649955014 7.8887498236727 9.63999978452921 10.0399997755885 10.2599997706711 9.65999978408217 9.83999978005886 9.76999978162348 9.68499978352338 9.63999978452921 7.56749983085319 7.58499983046204 7.56499983090907 7.75499982666224 7.77833315947403 7.58999983035028 9.62999978475273 9.62499978486449 9.62999978475273 9.63999978452921 8.09999981895089 8.11999981850386 8.20749981654808 8.18749981699511 7.68999982811511 7.62749982951209 7.70999982766807
-9999 -9999 -9999 -9999 -9999 -9999 -9999 -9999 -9999 -9999 -9999 -9999 -9999 -9999 -9999 -9999 -9999 -9999 13.1599997058511 9.56352919800317 7.51874983194284 8.61999980732799 8.61999980732799 8.68499980587512 8.62999980710447 8.50999980978668 8.39499981235713 8.30999981425703 7.46333316651483 7.54333316472669 7.61249982984737 7.79999982565641 9.85499977972358 9.85499977972358 7.68874982814305 7.87124982406385 7.89749982347712 10.2699997704476 10.214999771677 10.1849997723475 10.2249997714534 10.1299997735769 9.99999977648258 9.93999977782369 9.9299997780472 9.614999785088 9.70999978296459 9.8199997805059 7.50333316562076 7.72499982733279 9.61999978497624 9.614999785088 9.59499978553504 9.26499979291111 7.65999982878566 7.65749982884154 8.16624981747009 8.24874981562607 8.40249981218949 7.95749982213601 7.80249982560053 7.77499982621521
-9999 -9999 -9999 -9999 -9999 -9999 -9999 -9999 -9999 -9999 -9999 -9999 -9999 -9999 10.6249997625127 8.73227253209122 13.9799996875226 8.7424998045899 8.90499980095774 8.90499980095774 8.77499980386347 8.76999980397522 8.77499980386347 8.73499980475754 8.6099998075515 8.50499980989844 8.45999981090426 7.0537498423364 10.2049997719005 10.3099997695535 7.53999983146787 7.65499982889742 7.4412498336751 7.65999982878566 8.08499981928617 8.12833315165093 10.77499975916 10.4399997666478 9.47499978821725 10.2999997697771 10.464999766089 10.4149997672066 10.3249997692183 10.3249997692183 10.3999997675419 10.3449997687712 10.1449997732416 9.99499977659434 10.029999775812 7.64249982917681 7.88749982370064 7.90249982336536 7.42499983403832 7.42499983403832 7.72499982733279 7.84249982470647 7.87999982386827 7.80499982554466 7.77249982627109 7.78749982593581 8.15999981760979 7.72499982733279
-9999 -9999 -9999 -9999 -9999 -9999 -9999 -9999 -9999 -9999 -9999 -9999 -9999 9.13899979572743 9.68499978352338 9.68499978352338 9.89499977882951 9.4449997888878 9.33499979134649 9.39499979000539 8.93999980017543 8.78999980352819 8.73499980475754 8.74499980453402 7.30624983669259 10.629999762401 10.629999762401 12.3649997236207 12.3649997236207 10.7599997594953 10.7799997590482 10.9099997561425 10.8249997580424 10.5349997645244 8.8399998024106 10.3549997685477 10.3549997685477 9.37499979045242 10.4499997664243 10.3949997676536 10.4099997673184 10.3849997678772 10.6849997611716 10.7099997606128 10.609999762848 10.6049997629598 10.2449997710064 10.1199997738004 9.5299997869879 9.68499978352338 9.67999978363514 9.18999979458749 9.11999979615211 9.03499979805201 7.75999982655048 7.72499982733279 7.88499982375652 7.59749983018264 7.93749982258305 7.894999823533 7.84999982453883 7.84499982465059
-9999 -9999 -9999 -9999 -9999 -9999 -9999 -9999 -9999 -9999 12.369999723509 12.204999727197 8.24399981573224 8.40999981202185 8.75199980437756 11.6349997399375 11.6349997399375 12.8649997124448 8.01111093204882 9.61999978497624 9.61999978497624 9.8199997805059 9.78499978128821 9.24499979335815 8.6699998062104 8.45499981101602 8.36499981302768 12.2949997251853 12.2949997251853 11.9849997321144 11.189999749884 11.1149997515604 11.2549997484311 10.5499997641891 10.1899997722358 8.17374981730245 8.23624981590547 8.15874981763773 7.79166649250934 10.1349997734651 10.6949997609481 10.9249997558072 10.8199997581542 10.5899997632951 10.6049997629598 10.6549997618422 10.6549997618422 8.09499981906265 7.63333316271504 9.614999785088 9.43999978899956 7.54499983135611 7.604999830015 7.75749982660636 7.82749982504174 7.7624998264946 8.00999982096255 8.09749981900677 8.09749981900677 8.11749981855974 8.13499981816858 8.46333314416309
-9999 -9999 -9999 -9999 -9999 -9999 -9999 -9999 -9999 -9999 12.7599997147918 12.8799997121096 12.369999723509 9.36249979073182 8.91699980068952 8.91699980068952 11.8749997345731 -9999 -9999 9.22999979369342 9.17499979492277 12.4399997219443 8.99499979894608 8.72499980498105 8.52999980933964 8.13499981816858 8.13499981816858 7.74166649362693 7.77999982610345 10.0199997760355 10.1449997732416 10.6599997617304 10.6549997618422 10.6649997616187 10.6599997617304 10.5899997632951 10.5449997643009 10.2549997707829 10.2249997714534 11.0299997534603 11.0549997529015 11.0849997522309 7.81249982537702 8.27999981492758 10.7999997586012 10.7499997597188 10.5999997630715 7.74499982688576 7.66249982872978 8.02249982068315 7.90666648993889 7.06749984202906 7.09249984147027 7.26249983767048 7.604999830015 8.00499982107431 8.06749981967732 8.10999981872737 8.05999981984496 8.11749981855974 8.18999981693923 8.32749981386587
-9999 -9999 -9999 -9999 -9999 -9999 -9999 -9999 -9999 -9999 -9999 -9999 -9999 -9999 -9999 -9999 -9999 -9999 -9999 -9999 -9999 -9999 -9999 -9999 12.8999997116625 9.40999978967011 7.73999982699752 7.55399983115494 9.66999978385866 9.66999978385866 7.97199982181191 9.97999977692962 9.93499977793545 10.5099997650832 10.6049997629598 9.0699997972697 9.3849997902289 9.85999977961183 9.82999978028238 9.71499978285283 10.5549997640774 10.9049997562543 10.8949997564778 7.91833315634479 7.85499982442707 7.85499982442707 7.98666648815075 8.2287498160731 8.21499981638044 8.23599981591105 8.07499981950969 7.68749982817098 7.60749982995912 7.43999983370304 7.69499982800335 7.95499982219189 7.94749982235953 8.01499982085079 8.06749981967732 8.10749981878325 8.21749981632456 8.35999981313944
-9999 -9999 -9999 -9999 -9999 -9999 -9999 -9999 -9999 -9999 -9999 -9999 -9999 -9999 -9999 -9999 -9999 -9999 -9999 -9999 -9999 -9999 -9999 -9999 -9999 10.6396679468453 9.5461108977389 8.70333313879867 8.63249980704859 7.22749983845279 9.67999978363514 8.36999981291592 9.00999979861081 12.1249997289851 12.2499997261912 11.8449997352436 9.90999977849424 9.63499978464097 9.79499978106469 9.71499978285283 10.8599997572601 10.8599997572601 7.82833315835645 7.88666649038593 7.98333315489193 8.06999981962144 8.12333315176268 8.14333315131565 8.05999981984496 8.03166648714493 7.87833315723886 7.90249982336536 8.08749981923029 8.09749981900677 8.11999981850386 8.14249981800094 7.9924998213537 7.97499982174486 8.11749981855974 8.14749981788918 8.2949998145923 8.43749981140718
-9999 -9999 -9999 -9999 -9999 -9999 -9999 -9999 -9999 -9999 -9999 -9999 -9999 -9999 -9999 -9999 -9999 -9999 -9999 -9999 -9999 -9999 -9999 -9999 -9999 -9999 -9999 9.03899979796261 9.07449979716912 8.62142837872463 8.55499980878085 8.37714266989912 10.6799997612834 10.6249997625127 10.5599997639656 10.3649997683242 9.89999977871776 9.20999979414046 9.00999979861081 8.9849997991696 8.24199981577694 7.72833316059162 7.65166649563859 7.96999982185662 7.86666649083296 8.2224998162128 8.18749981699511 8.16999981738627 7.99999982118607 8.03333315377434 8.07333315288027 8.08249981934205 8.0649998197332 8.09999981895089 8.14499981794506 8.1374998181127 7.93749982258305 7.41999983415008 7.37999983504415 8.31249981420115 8.43749981140718 8.51749980961904
