EcologicalScience/Bass/data/rs_data_bass/sst_274.asc
NCOLS 226 
NROWS 124 
XLLCORNER -9.41648524995501 
YLLCORNER 47.587301625531 
CELLSIZE 0.0833 
NODATA_value -9999 
[rows 81 to 107 of 124, columns 62 to 123 of 226]
15.7704092366621 -9999 -9999 -9999 -9999 -9999 -9999 -9999 -9999 -9999 -9999 -9999 -9999 -9999 -9999 -9999 -9999 -9999 -9999 -9999 -9999 -9999 -9999 -9999 -9999 -9999 -9999 -9999 -9999 -9999 -9999 -9999 -9999 -9999 -9999 -9999 -9999 -9999 -9999 -9999 -9999 -9999 -9999 -9999 -9999 -9999 -9999 -9999 -9999 -9999 -9999 -9999 -9999 -9999 -9999 -9999 -9999 -9999 -9999 -9999 -9999 -9999
14.929984902583 -9999 -9999 -9999 -9999 -9999 -9999 -9999 -9999 -9999 -9999 -9999 -9999 -9999 -9999 -9999 -9999 -9999 -9999 -9999 -9999 -9999 -9999 -9999 -9999 -9999 -9999 -9999 -9999 -9999 -9999 -9999 -9999 -9999 -9999 -9999 -9999 -9999 -9999 -9999 -9999 -9999 -9999 -9999 -9999 -9999 -9999 -9999 -9999 -9999 -9999 -9999 -9999 -9999 -9999 -9999 -9999 -9999 -9999 -9999 -9999 -9999
-9999 -9999 -9999 -9999 -9999 -9999 -9999 -9999 -9999 -9999 -9999 -9999 -9999 -9999 -9999 -9999 -9999 -9999 -9999 -9999 -9999 -9999 -9999 -9999 -9999 -9999 -9999 -9999 -9999 -9999 -9999 -9999 -9999 -9999 -9999 -9999 -9999 -9999 -9999 -9999 -9999 -9999 -9999 -9999 -9999 -9999 -9999 -9999 -9999 -9999 -9999 -9999 -9999 -9999 -9999 -9999 -9999 -9999 -9999 -9999 15.455595883009 -9999
-9999 -9999 -9999 -9999 -9999 -9999 -9999 -9999 -9999 -9999 -9999 -9999 -9999 -9999 -9999 -9999 -9999 -9999 -9999 -9999 -9999 -9999 -9999 -9999 -9999 -9999 -9999 -9999 -9999 -9999 -9999 -9999 -9999 11.3199997469783 11.209999749437 11.1449997508898 -9999 -9999 -9999 -9999 -9999 -9999 -9999 -9999 -9999 -9999 -9999 -9999 -9999 -9999 -9999 -9999 -9999 -9999 -9999 -9999 17.2699996139854 13.1674542225444 9.25823929347098 8.21640238139246 8.05517236934975 11.346914784251
-9999 -9999 -9999 -9999 -9999 -9999 -9999 -9999 -9999 -9999 -9999 -9999 -9999 -9999 -9999 -9999 -9999 -9999 -9999 -9999 -9999 -9999 -9999 -9999 -9999 -9999 -9999 -9999 -9999 -9999 -9999 -9999 -9999 16.4695513446472 14.2291275042974 9.11493269633502 14.472906872686 9.31320174178109 10.6458152466054 16.1531083917305 18.5313268840546 -9999 9.96412189055563 10.2100741486065 9.35848871283233 9.06472974829376 9.5603045639582 9.97985777258873 10.4015625361353 11.2559688994661 10.0752433738671 11.8210957160627 16.3917424371699 -9999 14.5784230826519 9.36989195388742 11.0097353924066 11.3102358956821 11.1646473463625 11.1252021729015 12.0575426365249 11.9671773300506
-9999 -9999 -9999 -9999 -9999 -9999 -9999 -9999 -9999 -9999 -9999 -9999 14.3873180181254 15.3011858459695 11.4114486248582 10.3733532605693 11.8119785021059 10.8976338644727 15.4493793135625 -9999 -9999 -9999 -9999 -9999 -9999 11.894999734126 10.6730102532719 16.1913558332383 8.79739904997405 8.9534465468023 9.6399120958522 11.4978852342431 15.3348986624042 9.35769980936311 17.3699996117502 12.8082348468008 13.9737956831232 13.2383159744553 10.0974761079997 9.74892421159893 9.78621783014387 10.7300332533196 10.2136600734666 10.6231726924889 10.7207098486833 10.7644581319764 10.8992889067158 11.1617786064744 10.9796136235818 10.4811700680293 10.8749046176672 10.18999296939 10.0422528651543 9.59138257941231 11.822305965703 12.0403301971965 11.7914670119062 12.0130771682598 11.2076784446836 11.783577977214 12.0747550758533 12.2303842147812
-9999 -9999 -9999 -9999 -9999 -9999 -9999 -9999 -9999 15.3853284023819 11.7382518869825 9.76484571797773 9.96192814828828 9.85435040248558 9.52874842518941 9.67648852942511 10.2624286515638 9.77976316539571 9.9346751193516 9.58786495788289 14.1922066099621 14.5527247788385 11.8362193541601 10.1795937872957 9.38186894292012 14.4397096168571 -9999 10.2100741486065 9.42188786435872 10.1548509057611 9.73553675878793 9.9985045818612 9.44739915836336 9.37414383622152 13.7771928249858 15.5549996523187 14.3304669201816 10.2222662931308 9.6678823097609 10.3621173626743 10.7716299816966 10.8870967621915 11.145283352118 11.1560411266983 11.0742820398882 11.624362913426 11.5117648728192 12.18018126674 12.1773125268519 12.0812097406015 11.6788689712994 12.2461622841656 11.8022247864865 12.2562028737739 12.2045655557886 12.340830700472 11.984389769379 11.9621570352465 11.5469069364481 11.3539841789752 11.8760948386043 11.8990447577089
-9999 -9999 -9999 -9999 -9999 -9999 -9999 -9999 13.4915135227359 10.5305123941042 9.23972288146615 10.7436597677879 10.468260738533 10.6791131203063 10.6898708948866 10.3151417470071 10.8196813748218 10.6999114844948 10.0818773348583 9.98523665987886 10.8849452072755 9.60075379638001 10.180382690765 10.1957304491661 10.2939847903326 9.52587968530133 10.0928144056816 9.51703440397978 9.68330178665929 10.2997222701088 10.2444990272634 10.2158116283827 10.3238196851686 10.3414214534818 8.03987242328003 8.26506850449368 8.60860010609031 8.14027831936255 9.89522994589061 10.6439710566774 10.7450941377319 11.665242456831 11.7857295321301 11.9062166074291 11.9184087519534 12.0044709485956 12.1263923938386 12.3953367583454 12.5351878278889 12.5129550937563 12.461317775771 12.5466627874412 12.5710470764898 12.2906277524307 12.1120486943983 12.1837671916001 12.0718863359652 11.8007904165424 11.623645728454 11.544755381532 11.782860792242 11.7011017054319
-9999 -9999 -9999 -9999 -9999 -9999 -9999 -9999 12.1390907865785 10.1555680907331 10.7802362013608 10.0955038493266 10.8978545367718 10.9803308085538 11.1151615832932 10.6095461780205 10.069147301605 10.1080545863369 10.6367992069572 10.1935788942501 10.2000335589983 10.1142582363449 9.46850488753989 9.55116045556497 10.2586992897093 10.1035721802618 10.0655613767449 10.6411023167893 10.7268059209455 10.9251075657085 10.5779900392517 10.7204229746945 10.6269020543434 10.683272793144 8.94137393310666 8.835230557248 9.91315957019106 10.1437345386948 10.270317686256 10.3614001777023 10.6124149179086 10.8486556476913 12.2440107292496 12.3487197351642 12.4283272670582 12.1579485326074 11.8344981102273 12.3888820935972 12.6033204002306 12.619098469615 12.5108035388403 12.4706411804073 12.3659321744926 11.6996673354879 12.2418591743335 12.1572313476354 11.3633075836115 11.1180303231813 11.7247688095085 11.6795861562714 11.6803033412434 11.6064332891256
11.984577636359 9.40499978978187 -9999 -9999 -9999 -9999 -9999 -9999 15.5590838179924 10.6504257214256 11.066393005196 10.7852564961649 11.232349607721 10.8358180366922 10.7221442186274 10.9136326061562 10.627475802321 10.7443769527599 10.2968535302207 10.1448103161529 10.1942960792221 10.1448103161529 10.3700063973665 10.4216437153518 10.8103579701856 10.6959669671487 11.1721060700715 10.8442449601134 10.9157841610722 10.8985717217438 11.4099246067926 11.0163334941491 10.930271297507 11.1431317972019 10.1311838016845 10.3384502585977 10.2896816805005 10.1413678282872 10.4603717038408 10.7245826475322 11.7326578442007 11.8940244629048 12.4763786601834 12.5265816082247 12.5294503481127 12.5868251458742 12.2813043477945 12.3738212091848 12.3630634346046 12.2569200587459 12.3150120414793 12.3910336485133 11.8918729079887 11.8933072779328 11.8373668501154 11.5562303410843 12.4311960069463 11.6451612776145 11.6351206880063 11.6430097226985 11.6860408210196 11.5892208497971
10.5657978947274 10.5134433917701 10.6403851318173 10.3922391314991 15.0061077733574 -9999 16.1899624452926 10.3248237441294 10.3061769348569 10.3011566400528 10.7723471666686 10.8433484788984 10.9021576466039 10.905743571464 10.9552293345332 11.0190587970428 10.9753105137497 11.0793023346923 10.9000060916878 11.0283822016791 10.8386867765803 11.2360072510783 11.1919003752992 11.0197759820148 11.0405743462034 11.7517827767879 11.4449232334271 11.3548806601902 11.0305337565951 11.5463331884705 11.5708609145135 11.5533616011962 11.4737540693022 11.5150639236905 11.1101412884891 11.2786797569133 11.5980661311187 11.4802087340504 11.688431437593 11.769473339431 11.7235735012218 11.3001953060739 11.8070060196333 12.4706411804073 11.8305535928812 11.785012347158 12.1149174342863 11.861033954192 12.2031311858445 12.1443220181391 11.9929959890433 11.8947416478768 11.9700460699387 11.6128879538737 12.1091799545102 11.6035645492375 11.7642139829695 11.6164738787338 11.4178136414848 11.7211828846484 11.5928067746572 11.4594103698619
10.7909939759411 10.90789512638 10.7988830106333 10.6238898774609 10.6948911896907 10.6647694208659 10.7164067388512 10.5507370103151 10.5406964207068 10.74796287762 10.9702902189456 10.9537949645892 10.9975432478823 10.9566637044773 10.907177941408 10.9760276987217 11.0154728721827 11.0047150976025 10.8795663199853 11.1562801883556 11.2944578262977 11.4898907311726 11.4131519391667 11.3708380258176 11.4776985866483 11.623645728454 11.5956755145453 11.4832567701815 11.584917739965 11.3242210026365 11.4185308264568 10.9335344891297 11.7591936881654 11.6211355810519 11.6024887717795 11.9341868213378 11.9083681623451 11.9339477596804 11.968850761652 12.0111646750011 12.0192927713506 11.9937131740153 11.8502761796117 11.8457340081222 11.6473128325306 12.1177861741744 11.8452558848076 11.7527390234172 11.6681111967191 11.9298837115057 11.8968932027929 11.6798252179287 11.3649212497985 11.1185682119103 11.9664601450786 11.6544846822508 11.6451612776145 11.663808086887 11.3841059478 11.4493697802536 11.3367717396468 11.0434430860914
10.7171239238232 10.9745933287777 10.9358653402887 10.9028748315759 10.9035920165479 10.8498031436466 10.7730643516406 10.8870967621915 10.9408856350929 11.0290993866511 10.9566637044773 11.0032807276584 10.945905929897 11.0348368664272 11.0534836756997 10.9996948027983 11.1997894099914 11.3850621944293 11.1926175602712 11.305215600878 11.1825769706629 11.6329691330902 11.3543427714612 11.3873332801741 11.4303643784951 11.5741599653848 11.981162437005 11.9349040063098 12.0401509009534 11.5691396705806 11.6849650435615 12.3551743999124 12.5947141805664 12.5997344753705 11.1944105227012 12.0186712110415 12.1371501684189 12.1206549140625 12.2002624459565 12.0747550758533 12.1043987213634 12.0434379987419 11.9241462317295 11.8050935263745 11.8362910726573 11.8821909108665 11.7893154569902 11.7785576824099 11.742698433809 11.6774346013553 12.2447279142216 11.4068765706616 11.5153507976793 11.8251747055911 11.8847010582685 11.7498702835292 11.465147849638 11.4013183871284 11.3310342598706 11.107989733573 10.8835108373314 10.868449952919
10.9918057681061 10.9953916929662 11.0226447219029 10.9545121495612 10.9595324443653 10.9329966004007 10.9423200050369 10.9839167334139 10.9796136235818 11.0477461959235 11.0147556872107 10.9595324443653 11.0377056063153 11.0556352306157 11.1165959532373 11.3597216587514 11.2048097047955 11.1273537278175 11.1811426007189 11.695077351667 9.79338967986405 11.7204656996764 11.6885509684216 11.6480300175026 11.7563249482773 11.8097552286927 11.7509460609872 12.1971068320796 12.0945971934125 11.9983748763334 11.940641486086 11.9076509773731 12.4498428162187 11.9320352664217 11.7064805927221 12.2600278602913 12.3609118796885 12.3064058218151 12.2832168410532 12.2944527389482 12.3558915848844 12.3513494133949 11.9123126796912 11.9944303589873 11.9470961508341 11.8499175871257 11.9101611247752 11.5547959711403 11.6537674972787 12.380993058905 12.4147007525899 12.3867305386811 11.4672994045541 11.4802087340504 11.543321011588 11.6322519481182 11.1696676411666 11.0377056063153 11.0133213172667 10.8146610800177 10.5442823455669 10.4194921604358
11.0448774560355 11.0735648549162 11.0498977508396 11.0742820398882 11.0699789300561 10.9674214790575 11.0556352306157 10.9358653402887 11.0140385022387 11.0391399762593 11.0377056063153 10.9523605946451 11.2442548782565 11.2901547164656 11.1345255775377 11.0126041322947 11.0054322825745 11.0054322825745 11.2893180006649 11.6597440387122 10.0773949287832 11.8040177489165 11.4845118438825 11.9724844988436 12.0069810959976 11.7344508066308 12.419721047394 12.0084154659417 11.9851069543511 12.2002624459565 12.1840062532574 12.2504653939977 11.6048196229385 11.9883342867251 11.6702627516352 11.3471709217411 12.0804925556295 12.0501317251474 12.0977049949579 12.4319131919183 12.3150120414793 12.1926124729216 11.8768120235763 11.7989974541124 12.0166630931199 11.6541260897648 11.3799821342109 11.5101512066321 11.5967512920033 12.2153233303688 11.0197759820148 11.9241462317295 12.0675832261331 10.9606082218233 10.8103579701856 10.6346476520412 10.6482741665095 10.5026856171899 10.2825098307803 10.3269752990454 10.0580309345387 9.99348428705707
11.1036866237409 11.06424145028 11.1381115023978 10.9566637044773 11.0097353924066 11.5899380347691 11.4285714160651 11.5296944971196 11.2944578262977 11.2334971036762 11.384823132772 11.1610614215024 11.2786797569133 11.1947691151872 10.9710074039176 11.3958199690096 11.3398795411922 11.8188634778373 11.7722225484904 11.9664601450786 11.9693288849667 11.9171792920014 11.5694982630666 11.6865787097486 11.8581652143039 12.1308389406651 11.8452558848076 11.9962950399145 12.0098498358857 11.9463789658621 12.1641641356982 12.1120486943983 12.3501541051082 12.3338979124092 11.6609393469989 11.5598162659444 11.2722250921652 11.8796807634644 11.5684224856086 11.8495589946397 11.9662210834213 12.0018412703648 11.5949583295733 11.8086794512346 11.6774346013553 11.5361491618678 11.7297891043127 11.8201544107869 11.542603826616 11.4472182253376 11.4816431039944 11.3403576645069 11.2126987394877 10.4847559928894 10.50985746691 10.5952024785802 10.2258522179909 10.1146885473281 9.86008788226172 9.80988493422046 10.1073117876159 10.7002512036921
11.1684723328799 11.744849988725 11.2820266201161 11.584917739965 11.6559190521948 11.5777458902448 11.5318460520357 10.8550027346937 11.3647419535555 10.947340299841 11.4976602350362 11.744849988725 11.6996673354879 11.6028473642655 11.7477187286131 11.6948861023411 11.8729392247275 10.1146885473281 11.8953153958544 11.920416869875 7.45034637628123 9.61481062183157 12.0722449284513 12.1856796848588 12.0728425825946 12.1387279753573 11.8915143155027 11.3170491529163 11.4215788625879 11.7615501530735 11.4595896661049 11.8671300264541 11.9146179171013 11.6699041591492 11.6516159423627 11.7634967979975 10.7508316175081 10.8541062534787 10.8806420974433 11.8574480293319 11.8710745438002 11.5189367225394 11.3138218205422 11.2012237799354 11.3582872888073 11.3252967800945 11.6186254336499 11.5734427804127 11.5196539075114 11.1696676411666 11.1811426007189 10.8964201668277 10.8749046176672 10.4209265303798 10.3441877383739 10.4575029639527 17.1816741945725 18.1699995938689 -9999 -9999 -9999 -9999
11.7276375493966 11.3924731058069 11.7315820667427 11.3676106934436 11.4694509594701 11.1130100283772 11.0588625629898 11.1153408795362 11.744849988725 11.9528336306103 11.904065052513 11.8983275727369 11.8151341159828 12.1088930805214 11.7595522806514 12.0202490179799 10.2100741486065 12.0890987752937 12.2074342956766 11.9110934652388 12.188357175421 11.8061180763346 11.4968832846498 11.3590044737794 10.9132740136702 11.2704321297351 11.4814638077514 11.3321100373287 11.7661264762282 11.9186478136107 11.464789257152 11.465685738367 11.583585825017 11.0583605335094 12.3982476855847 11.1005788221955 10.90789512638 10.2674489463679 10.9620425917674 11.9126712721772 11.8337809252553 11.5569475260563 11.1811426007189 11.0111697623506 11.0025635426864 11.1818597856909 10.8564371046377 11.026947831735 11.1352427625097 10.9372997102328 10.6884365249425 10.5901821837761 9.76470228098333 9.68150882422924 15.0906708826497 15.0949996626005 -9999 -9999 -9999 -9999 -9999 -9999
11.7599108731374 11.8667714339681 11.4871415221132 11.544934677775 11.9014831866138 11.5416475799866 11.6506596957333 11.4818821656518 11.6587877920829 11.9965819139034 12.1098971394822 11.9958647289313 12.262298946036 12.4385112936608 11.8093966362067 10.905026386492 11.3496810691431 12.0135552915744 12.0594551297836 11.8981841357425 11.8650501900353 11.8620380131528 11.6620868429542 11.1415181310149 11.0187002045568 11.3123874505982 11.6334472564049 11.543321011588 8.12822961183265 15.6749996496364 16.1099996399134 14.9966622765176 15.6686452669092 16.3599996343255 -9999 17.5999996066093 11.7103055792395 11.0950804040767 11.263618872501 11.3547013639472 11.8402355900034 11.8036591564305 11.6401409828104 10.7737815366127 10.7515488024801 10.7988830106333 11.0298165716231 10.8010345655493 10.9394512651488 10.6253242474049 10.5306558310986 10.469695108477 9.31933041336015 17.344999612309 -9999 -9999 -9999 -9999 -9999 -9999 -9999 -9999
11.4560635066591 11.4890540153719 11.5339976069517 11.3697622483596 12.0259864977561 11.5861728136661 11.9066947307438 12.1199377290905 11.7599108731374 11.8454949464649 12.1751609719358 12.0758308533113 11.9349040063098 12.1940946551971 11.9358004875248 12.0991393649019 12.3791283779778 12.0969878099859 12.0823572365567 11.89517195886 11.8501327426173 11.911523776222 11.7599108731374 12.2755668680184 12.2734153131023 11.9858241393231 11.5755943353288 11.505310208071 11.5427472636104 13.0799997076392 -9999 -9999 -9999 -9999 16.3799996338785 13.1688675235997 9.7742647472769 10.6375163919292 11.2453306557145 11.4343088958412 11.3489638841711 11.4680165895261 11.5246742023155 11.7885982720181 10.5717146707466 10.7935041233432 10.7307504382916 10.6023743283004 10.6138492878526 10.4123203107156 10.4352702298202 10.7149723689072 8.26658256165683 -9999 -9999 -9999 -9999 -9999 -9999 -9999 -9999 -9999
11.5813318151049 11.4775790558197 11.5335194836371 11.426419861149 11.4665822195821 11.6410374640254 11.8866733169416 11.7233344395645 11.7704295860603 11.8538621044718 11.8031810331158 11.6322519481182 12.1453260770999 12.2118808425032 12.0336962362053 12.1201767907478 12.2655262784101 11.90388575627 12.0987090539187 14.397026577654 14.3439283273183 11.9307443334721 12.0205358919688 11.5999786243774 11.9700460699387 11.9851069543511 11.7484359135851 11.7125766649842 11.6688283816911 16.3149996353313 -9999 -9999 -9999 -9999 -9999 16.389999633655 10.2464712859364 10.1025561682181 9.5889267642051 9.90527053549886 11.0161900571547 11.0735648549162 11.2700735372491 11.5698568555526 10.6630959892645 10.3092847364023 10.987502658274 10.1670430502854 10.2179631832987 9.56317330384627 9.37742239609361 10.0501418998465 11.6233815024117 14.2801192104816 9.02914968513932 21.6783737010299 -9999 -9999 -9999 -9999 -9999 -9999
11.6083457823843 10.8053376753815 11.51798047591 11.8447777614929 12.007483125478 11.8447179960785 11.704329037806 11.9579973624088 11.5287382504903 11.6112145222723 11.8067669579759 11.8065278963186 11.6862798826769 12.1387279753573 12.1381064150482 12.1295480077155 11.8275055567501 12.0084871844389 11.9668904560618 11.9536942525767 12.1448957661167 11.8603167692199 11.9164006340317 11.704687630292 11.2198705892079 11.5167851676233 11.2908719014376 11.4701681444421 12.3655735820066 11.1006523796286 15.6025947294955 24.7149994475767 -9999 -9999 -9999 -9999 14.9692394313692 10.5488842824707 10.1642255378954 11.6508565700394 9.80988493422046 10.9630632011506 10.9312753564678 8.59604936907999 9.26482435548678 8.76218014509816 11.265770427417 10.3814813569188 11.5225226473995 9.75824761623517 10.0042420616373 10.0752433738671 9.92965482454747 9.86999977938831 -9999 -9999 -9999 -9999 -9999 -9999 -9999 -9999
11.901196312625 12.1199377290905 11.9349040063098 11.8796807634644 11.831199059356 11.8440008111065 11.7398296939209 11.5198929691687 11.6260363450274 11.7020579520613 11.7042095069773 12.2848902726546 12.3289971484337 12.5466627874412 12.4010742381215 12.3970580022782 12.0378200497944 11.7925427893642 12.0456373659894 11.7812829853036 12.222495180089 12.2447279142216 11.4321573409252 10.8928342419676 10.5335245709866 11.0312509415671 10.6475569815375 10.6762443804182 10.2215491081588 10.9200872709043 15.479150258661 -9999 -9999 -9999 -9999 -9999 -9999 -9999 -9999 -9999 -9999 -9999 -9999 -9999 -9999 -9999 8.83766898615286 8.5524803820299 10.3800469869748 8.44135257061571 7.94261110745943 17.0049996199086 -9999 -9999 -9999 -9999 -9999 -9999 -9999 -9999 -9999 -9999
11.9786522896029 11.7356700210832 11.1420560197439 11.8068147703074 11.8603167692199 11.6286660232581 10.6857470812974 11.183832044364 11.3505775503581 11.9119540872052 12.2031311858445 12.2323923327029 12.2183713664999 12.2200567511842 12.4210119803436 12.5515396452509 12.4287575780414 12.021683387924 12.3135776715353 12.0605548134074 11.6487472024746 11.8029419714585 11.0004119877703 12.1008002143108 11.4595984158699 16.3549996344373 12.7988250236027 10.6575975711457 12.0998565498739 11.5899380347691 12.0159037207965 14.7776267470495 20.3382907207124 -9999 -9999 -9999 -9999 -9999 -9999 -9999 -9999 -9999 -9999 -9999 -9999 -9999 -9999 -9999 -9999 -9999 -9999 -9999 -9999 -9999 -9999 -9999 -9999 -9999 -9999 -9999 -9999 -9999
11.7570421332493 11.8472640027292 11.027306424221 10.9518227059161 11.9389202421531 11.8573045923375 11.7247688095085 11.8607948925346 11.584200554993 11.8456861957908 12.1868152277311 12.3781243190169 11.989696938172 11.89517195886 12.0064790665172 9.51548050320707 9.64636676060036 11.9578539254144 12.156275101006 11.4172757527558 11.8997619426809 11.2973265661858 11.1660817163065 10.3133487845771 10.9172185310163 10.9487746697851 11.0176244270988 11.1388286873698 9.7675710208714 11.7699514627457 11.0255686298657 14.2761941910721 10.3099997695535 -9999 -9999 -9999 -9999 -9999 -9999 -9999 -9999 -9999 -9999 -9999 -9999 -9999 -9999 -9999 -9999 -9999 -9999 -9999 -9999 -9999 -9999 -9999 -9999 -9999 -9999 -9999 -9999 -9999
11.9384899311699 11.9098025322892 10.8458586263005 11.225428772741 11.8808282594196 11.624362913426 11.7911801379174 11.384823132772 11.7129352574702 11.7226172545925 11.9289274648763 11.6136051388457 11.5301726204343 11.6267535299994 9.47603532974608 9.54811241943389 9.64529098314233 10.2606356891338 10.309404267231 12.1149174342863 11.6164738787338 11.3403576645069 11.2901547164656 10.8913998720236 10.9129154211842 11.0126041322947 11.0850398144685 9.3853114307858 10.3850672817789 10.1426587612368 9.67003386467695 9.4649189626798 19.5193105668295 -9999 -9999 -9999 -9999 -9999 -9999 -9999 -9999 -9999 -9999 -9999 -9999 -9999 -9999 -9999 -9999 -9999 -9999 -9999 -9999 -9999 -9999 -9999 -9999 -9999 -9999 -9999 -9999 -9999
11.4952696184628 12.0797753706574 12.10200810479 12.3071230067872 12.143604833167 12.3910336485133 11.9937131740153 11.9262977866456 11.51798047591 11.5830052467063 11.5643584374338 11.144566167146 10.7066052109003 11.4340698341839 11.6850845743902 11.5526444162242 9.35303810704499 9.44914089329541 11.6171910637058 11.3475295142271 11.3145390055142 10.985351103358 10.9000060916878 10.9423200050369 10.985351103358 10.905743571464 10.9609668143094 10.3427533684298 10.9509262247011 10.829004779458 10.149830610957 16.3879054975696 14.1943735725639 -9999 -9999 -9999 -9999 -9999 -9999 -9999 -9999 -9999 -9999 -9999 -9999 -9999 -9999 -9999 -9999 -9999 -9999 -9999 -9999 -9999 -9999 -9999 -9999 -9999 -9999 -9999 -9999 -9999
