EcologicalScience/Bass/data/rs_data_bass/sst_481.asc
NCOLS 226 
NROWS 124 
XLLCORNER -9.41648524995501 
YLLCORNER 47.587301625531 
CELLSIZE 0.0833 
NODATA_value -9999 
[rows 27 to 53 of 124, columns 62 to 123 of 226]
-9999 -9999 -9999 -9999 -9999 -9999 -9999 -9999 -9999 -9999 -9999 -9999 -9999 -9999 -9999 -9999 -9999 -9999 -9999 -9999 -9999 -9999 -9999 -9999 -9999 -9999 -9999 -9999 12.5299997199327 6.13056665332988 11.0298165716231 11.0197759820148 10.547151085455 11.9655636638636 10.4969481374137 10.6468397965655 11.1947691151872 11.186162895523 11.7857295321301 12.4247413421981 12.0790581856854 12.4792474000715 12.3487197351642 12.2698293882422 11.9557023704983 11.9564195554703 12.1923734112643 13.1813714876771 12.3601946947165 12.1479079429992 12.380275873933 12.1486251279712 12.3128604865633 12.7030091113411 12.2827387177385 11.8459730697796 12.1249580238946 12.1651203823276 12.2791527928784 12.1213720990345 12.3494369201362 12.2325357696973
-9999 -9999 -9999 -9999 -9999 -9999 -9999 -9999 -9999 -9999 -9999 -9999 -9999 -9999 -9999 -9999 -9999 -9999 -9999 -9999 -9999 -9999 -9999 -9999 -9999 -9999 -9999 -9999 -9999 -9999 9.78499978128821 12.6108232583994 10.7551347273402 11.0563524155878 10.9767448836938 11.0319681265391 11.1029694387689 11.2722250921652 12.0245521278121 12.4519943711348 11.6595049770549 12.0252693127841 12.3128604865633 12.1443220181391 12.1134830643423 12.2174748852849 12.1177861741744 12.5201269434765 12.8959318688139 12.6506546083838 12.5100863538682 12.7166356258094 12.3551743999124 12.4089632728137 12.3867305386811 12.0783410007134 12.1113315094262 12.0267036827281 11.8732260987163 11.9786522896029 12.0467848619446 12.0747550758533
-9999 -9999 -9999 -9999 -9999 -9999 -9999 -9999 -9999 -9999 -9999 -9999 -9999 -9999 -9999 -9999 -9999 -9999 -9999 -9999 -9999 -9999 -9999 -9999 -9999 -9999 -9999 -9999 -9999 -9999 -9999 12.5849997187033 10.4503311142325 10.3549455129541 12.2829777793959 10.4998168773018 11.14600053709 12.777596348431 11.8380840350874 12.302819896955 12.2052827407606 12.4749442902394 12.5136722787283 12.6621295679361 11.8187200408429 12.0016022087075 12.2540513188578 12.6492202384397 12.8478804756887 12.7754447935149 12.7159184408374 12.6226843944751 12.3673665444367 11.9363383762538 12.2705465732142 12.2095858505927 11.9865413242951 12.063997301273 11.7964873067103 11.8782463935204 12.0977049949579 12.2533341338858
-9999 -9999 -9999 -9999 -9999 -9999 -9999 -9999 -9999 -9999 -9999 -9999 -9999 -9999 -9999 -9999 -9999 -9999 -9999 -9999 -9999 -9999 -9999 -9999 -9999 -9999 -9999 -9999 -9999 -9999 -9999 11.914999733679 10.3047425649129 10.34992521815 10.309762859717 12.4143421601038 10.7221442186274 11.0993835139088 12.0360270873643 12.3250526310876 12.3523056600243 12.1902218563482 13.0436719730496 12.9160130480304 12.1981108910404 11.9879756942391 12.0051881335676 12.4505600011908 12.581087666098 12.6771904523484 12.5839564059861 12.7058778512292 12.0295724226162 12.700498963939 12.502197319176 12.3049714518711 12.0812097406015 11.8474074397236 11.8861354282126 12.1084627695382 12.1213720990345 12.1299783186987
-9999 -9999 -9999 -9999 -9999 -9999 -9999 -9999 -9999 -9999 -9999 -9999 -9999 -9999 -9999 -9999 -9999 -9999 -9999 -9999 -9999 -9999 -9999 -9999 -9999 -9999 -9999 -9999 -9999 -9999 -9999 11.4499997440726 10.90610216395 10.5952024785802 10.390087576583 10.5263527212664 10.8074892302975 11.1223334330134 12.18018126674 12.5437940475531 12.9848628053442 12.7238074755296 12.5043488740921 12.8019806374796 12.0819269255735 12.0754722608253 12.18018126674 12.6463514985517 13.0393688632175 13.1146732852794 12.9267708226107 12.3723868392408 12.0654316712171 12.2497482090257 12.2920621223748 12.4125491976738 12.1730094170198 12.0783410007134 11.9750663647428 11.94207585603 11.9277321565896 11.8782463935204
-9999 -9999 -9999 -9999 -9999 -9999 -9999 -9999 -9999 -9999 -9999 -9999 -9999 -9999 -9999 -9999 -9999 -9999 -9999 -9999 -9999 -9999 -9999 -9999 -9999 -9999 -9999 -9999 -9999 -9999 -9999 -9999 10.4857991710305 12.0704519660212 12.6667912702542 12.1952421511523 11.8552964744158 12.4268928971142 12.3429822553881 12.8514664005488 12.7266762154177 11.8861354282126 12.0589770064689 12.3551743999124 12.8772850595415 12.4412365965545 12.4362163017504 13.1885433373973 13.0049439845607 12.9260536376387 12.7646870189346 12.4398022266105 12.1256752088666 12.2927793073468 12.3530228449963 12.4376506716944 12.1565141626634 11.9736319947988 11.7591936881654 11.7627796130255 11.7764061274938 11.9184087519534
-9999 -9999 -9999 -9999 -9999 -9999 -9999 -9999 -9999 -9999 -9999 -9999 -9999 -9999 -9999 -9999 -9999 -9999 -9999 -9999 -9999 -9999 -9999 -9999 -9999 -9999 -9999 -9999 -9999 -9999 -9999 8.16999981738627 8.1842489613151 10.5952024785802 13.0128330192529 12.4426709664986 12.3487197351642 12.1134830643423 12.1371501684189 12.938245782163 13.2265541409142 12.1730094170198 11.7742545725778 12.0568254515529 12.302102711983 12.1371501684189 12.7238074755296 12.3917508334853 12.8851740942337 12.8521835855208 13.0659047071822 12.4111148277298 12.6112094349228 12.5280159781687 12.5452284174971 12.2418591743335 12.3666493594646 12.1873531164601 11.9549851855263 11.8316293703392 11.7362437690608 11.7943357517943
-9999 -9999 -9999 -9999 -9999 -9999 -9999 -9999 -9999 -9999 -9999 -9999 -9999 -9999 -9999 -9999 -9999 -9999 -9999 -9999 -9999 -9999 -9999 -9999 -9999 -9999 -9999 -9999 -9999 -9999 -9999 -9999 -9999 8.55916269256974 12.5703298915178 12.4964598393999 12.5308847180568 12.0998565498739 11.5490584913641 11.9205603068694 11.3475295142271 12.2554856888019 11.7663655378856 11.8402355900034 12.2927793073468 12.1701406771317 12.4649037006311 12.698706001509 12.8242133716121 12.500762949232 12.9425488919951 13.096026476007 12.3480025501922 12.0568254515529 12.8213446317241 12.2189092552289 12.0819269255735 11.9643085901625 11.8388012200594 11.9141056421213 11.8861354282126 11.6996673354879
-9999 -9999 -9999 -9999 -9999 -9999 -9999 15.4775928580867 16.3760141080336 14.4347717571072 15.8401810889398 5.43741534659639 7.24691529987056 14.8979287001218 8.41999981179833 -9999 -9999 -9999 -9999 -9999 -9999 -9999 -9999 -9999 -9999 -9999 -9999 -9999 -9999 -9999 -9999 -9999 -9999 -9999 10.6791131203063 12.9698019209318 12.1959593361244 10.9200872709043 13.4682454764843 12.739226952428 10.5801415941678 12.4103976427577 11.9492477057502 12.0553910816088 12.4857020648196 12.2762840529904 12.1629688274115 12.8113040421158 12.1622516424395 12.661412382964 12.2425763593055 12.1572313476354 13.0458235279657 12.3221838911995 12.8048493773676 11.9098025322892 12.1450392031111 11.861033954192 11.8294778154232 11.8330637402833 11.8696401738562 11.5691396705806
-9999 -9999 -9999 -9999 15.4149996554479 14.6139273756074 13.9970100189094 12.9949033949524 14.0369731592946 14.2901394544169 13.5167749929242 20.282848870683 -9999 -9999 -9999 -9999 -9999 -9999 -9999 -9999 -9999 -9999 -9999 -9999 -9999 -9999 -9999 -9999 -9999 -9999 -9999 -9999 -9999 -9999 11.8352152951993 10.8006759730633 14.0197607199661 12.6140781748109 12.9999236897565 12.859714027727 13.3850520197302 13.575106037315 12.7883541230112 12.1873531164601 12.5029145041481 11.9786522896029 11.86390269408 12.0510879717767 12.4254585271701 12.3695180993527 11.9772179196589 11.8796807634644 11.9965819139034 12.1737266019918 11.9944303589873 11.9341868213378 12.1902218563482 11.4615619247779 11.6867580059916 11.7154454048723 11.7376781390049 11.2793969418854
11.7097079250962 12.7685120054521 15.1275308641362 12.7697073137388 12.9970549498685 13.2079073316418 13.1490981639363 13.0931577361189 13.6747947484255 14.5116037930791 14.3849996784702 -9999 -9999 -9999 -9999 -9999 -9999 -9999 -9999 -9999 -9999 -9999 -9999 -9999 -9999 -9999 -9999 -9999 -9999 -9999 -9999 -9999 -9999 -9999 13.9199996888638 10.9505676322151 11.4138691241387 13.2915789117105 13.3699911353178 15.3573106927797 12.7905056779273 13.2832117537037 13.4044160139747 12.4147007525899 11.3690450633876 11.6752830464393 12.1292611337267 12.2311013997532 12.2755668680184 12.0869472203776 11.8481246246956 11.6128879538737 11.5956755145453 11.8316293703392 11.8825495033525 11.104403808713 11.9700460699387 11.2758110170253 11.3346201847307 11.4515213351697 11.4730368843302 11.2987609361298
12.3171635963954 12.5674611516297 12.3551743999124 12.6391796488315 12.6649983078241 12.3587603247724 12.6363109089434 13.1555528286844 13.3477584011853 15.4899996537715 -9999 -9999 -9999 -9999 -9999 -9999 -9999 -9999 -9999 -9999 -9999 -9999 -9999 -9999 -9999 -9999 -9999 -9999 -9999 -9999 -9999 -9999 -9999 -9999 -9999 12.4237850955687 12.6218237725087 11.8746604686603 12.1299783186987 13.3061616728082 13.1024811407551 13.1404919442721 13.2401806553826 12.9855799903162 12.8765678745694 12.4268928971142 11.7297891043127 12.3558915848844 12.1995452609845 11.6164738787338 11.8029419714585 10.9674214790575 11.1280709127896 11.3876918726601 11.9621570352465 11.6702627516352 11.5390179017559 11.2162846643478 11.1151615832932 11.4127933466807 11.3353373697028 11.505310208071
12.1687063071877 12.2719809431583 12.4304788219742 12.5516830822453 13.0408032331616 12.7180699957535 13.0078127244487 13.3298287768848 11.7886665753488 -9999 -9999 -9999 -9999 -9999 -9999 -9999 -9999 -9999 -9999 -9999 -9999 -9999 -9999 -9999 -9999 -9999 -9999 -9999 -9999 -9999 -9999 -9999 -9999 -9999 -9999 -9999 14.5256493385615 12.2834559027106 12.3049714518711 13.1168248401955 13.2000182969496 13.2251197709702 13.0773796667345 12.6384624638595 12.8249305565841 11.9894100641832 11.9980162838474 12.7309793252498 11.2557298378088 10.6203039526008 12.5703298915178 12.6090578800067 10.8899655020796 11.7333750291727 11.7405468788929 11.8710745438002 11.3919949824922 10.8598437332548 10.8411969239824 10.4761497732252 12.1077455845661 11.2227393290959
12.1077455845661 12.3659321744926 12.4641865156591 12.501480134204 12.8729819497094 12.660695197992 12.9282051925547 12.9097974449396 12.7897884929553 -9999 -9999 -9999 -9999 -9999 -9999 -9999 -9999 -9999 -9999 -9999 -9999 -9999 -9999 -9999 -9999 -9999 -9999 -9999 -9999 -9999 -9999 -9999 -9999 -9999 -9999 -9999 -9999 -9999 -9999 14.6949996715412 12.055206662616 12.3028850955889 12.5731986314058 12.3107089316472 12.1622516424395 12.1220892840065 11.9635914051905 11.2801141268574 11.306649970822 11.3941465374082 12.181615636684 12.0847956654616 10.9941963846795 11.7233344395645 11.942793041002 11.3561357338913 11.3625903986394 10.9000060916878 10.2351756226271 10.6454054266214 10.3527939580381 10.5937681086361
12.1923734112643 12.3365275906399 12.6657154927962 12.538773752749 12.5595721169375 12.9023865335621 12.9762565856799 12.141811870737 15.9949996424839 -9999 -9999 -9999 -9999 -9999 -9999 -9999 -9999 -9999 -9999 -9999 -9999 -9999 -9999 -9999 -9999 -9999 -9999 -9999 -9999 -9999 -9999 -9999 -9999 -9999 -9999 -9999 -9999 -9999 -9999 -9999 -9999 -9999 -9999 11.7347278032218 11.2901547164656 10.6848506000824 11.6602221620269 10.9172185310163 11.186880080495 11.1976378550753 12.7725760536268 12.8780022445135 11.8285215687938 11.9172134436667 10.546433900483 10.6038086982444 10.7917111609131 10.8856623922475 10.4976653223857 10.2351756226271 9.82422863366082 10.0379497553222
12.4498428162187 12.3652149895206 12.3967711282894 12.1722922320478 12.6341593540274 13.6977446675301 12.820627446752 12.8034150074236 13.5449842684902 16.0049996422604 -9999 -9999 -9999 -9999 -9999 16.1899624452926 16.1899996381253 -9999 -9999 -9999 -9999 -9999 -9999 -9999 -9999 -9999 -9999 -9999 -9999 -9999 -9999 -9999 -9999 -9999 -9999 -9999 -9999 -9999 -9999 -9999 -9999 -9999 -9999 -9999 14.1549996836111 12.3125018940773 11.0075838374905 10.5127262067981 11.1696676411666 10.7221442186274 10.9136326061562 10.8519546985626 11.7981607383117 11.6671549500898 10.5528885652311 10.4073000159115 10.4417248945683 10.2954191602767 9.66357919992879 9.74175236187875 9.83785514812917 9.69011504389346
12.1149174342863 12.062562931329 12.6750388974324 13.2093417015858 13.4747001412325 13.6525620142929 13.0006408747286 13.3140507075004 13.4259315631352 13.5399639736861 15.2049996601418 -9999 -9999 -9999 -9999 -9999 -9999 -9999 -9999 -9999 -9999 -9999 -9999 -9999 -9999 -9999 -9999 -9999 -9999 -9999 -9999 -9999 -9999 -9999 -9999 -9999 -9999 -9999 -9999 -9999 -9999 -9999 -9999 -9999 -9999 11.6849997388199 11.0577867855318 11.0549180456437 11.4594103698619 11.0950804040767 10.5249183513224 11.4622791097499 10.66978971567 10.893073303625 10.1950132641941 10.3126315996051 10.26816613134 10.6568803861737 9.7596819861792 9.81347085908055 9.51799065060914 9.71665088785812
11.8330637402833 11.8560136593878 13.2251197709702 13.2093417015858 13.4015472740866 13.2616962045431 12.8880428341217 13.0336313834414 13.5801263321191 13.2373119154945 12.8471632907167 15.2736608455889 -9999 -9999 16.2084539877155 -9999 26.52499940712 26.2440094756212 -9999 -9999 -9999 -9999 -9999 -9999 -9999 -9999 -9999 -9999 -9999 -9999 -9999 -9999 -9999 -9999 -9999 -9999 -9999 -9999 -9999 -9999 -9999 -9999 -9999 -9999 -9999 8.8399998024106 11.3599997460842 13.0931577361189 11.3102358956821 11.0491805658676 10.7006286694668 10.6181523976848 10.8125095251016 11.2091128146276 10.8132267100736 10.4802138214 9.98057495756075 10.0537278247066 10.3348643337376 10.2753379810601 11.184728525579 10.8053376753815
11.6473128325306 11.8911557230167 11.5497756763361 12.060411376413 13.0321970134974 12.8077181172557 13.0809655915946 13.3341318867169 13.2308572507463 14.1818445236422 12.4849848798476 12.7357947100619 15.7249996485189 16.603778174147 14.5127058573999 14.1809839016758 15.1243451077025 13.9992576672367 -9999 -9999 -9999 -9999 -9999 -9999 -9999 -9999 -9999 -9999 -9999 -9999 -9999 -9999 -9999 -9999 -9999 -9999 -9999 -9999 -9999 -9999 -9999 -9999 -9999 -9999 -9999 -9999 -9999 -9999 12.5806095427833 10.9652699241415 10.905026386492 10.9372997102328 10.788125236053 11.2559688994661 11.0434430860914 11.0137994405814 9.51512191072106 9.78048035036772 9.8751487666741 10.1584368306212 10.3549455129541 8.85746329138055
11.4027527570724 11.5131992427632 11.8897213530727 11.8050935263745 11.8698792355135 13.0027924296446 13.2681508692913 13.2803430138156 14.5970946224406 13.0106814643368 13.2114932565019 12.766360450536 12.1751609719358 12.2497482090257 13.3111819676124 14.0624332258012 14.1049996847287 -9999 -9999 -9999 -9999 -9999 -9999 -9999 -9999 -9999 -9999 -9999 -9999 -9999 -9999 -9999 -9999 -9999 -9999 -9999 -9999 -9999 -9999 -9999 -9999 -9999 -9999 -9999 -9999 -9999 -9999 -9999 11.610975460615 11.2449720632285 10.9745933287777 11.0498977508396 11.0126041322947 11.3064109091647 11.1978769167326 11.2126987394877 11.0673492518254 10.0085451714694 10.1297494317405 9.90885646035895 10.4352702298202 10.3398846285418
11.1338083925657 11.067110190168 11.8703573588282 11.3147780671716 11.9148228270933 13.4495986672118 13.2781914588995 13.5213171644136 13.1720480830409 13.0379344932735 12.8887600190938 13.017853314057 12.7116153310053 12.6377452788875 13.0035096146166 14.5754171282864 14.0599996857345 -9999 -9999 -9999 -9999 -9999 -9999 -9999 -9999 -9999 -9999 -9999 -9999 -9999 -9999 -9999 -9999 -9999 -9999 -9999 -9999 -9999 -9999 -9999 -9999 -9999 -9999 -9999 -9999 -9999 -9999 -9999 11.5853480509482 11.503158653155 10.9200872709043 11.0785851497203 11.0613727103919 10.8698843228631 11.106555363629 11.2394736451097 10.6748100104742 9.97770621767268 9.93969541415572 9.83068329840899 10.2502365070395 10.7802362013608
10.335820580367 10.8070111069828 10.8839889606461 11.9800866595469 11.8925900929607 12.9325083023869 13.1949980021454 13.816797372885 13.6181371356361 12.9160130480304 12.9475691867992 12.7352824350819 12.978408140596 13.176351192873 13.9748171283863 6.69999985024333 -9999 -9999 -9999 -9999 -9999 -9999 -9999 -9999 -9999 -9999 -9999 -9999 -9999 -9999 -9999 -9999 -9999 -9999 -9999 -9999 -9999 -9999 -9999 -9999 -9999 -9999 -9999 -9999 -9999 -9999 -9999 -9999 11.2008651874494 11.6593615400605 11.0212103519589 11.2844172366895 9.55958737898618 10.3535111430101 9.29709767922759 10.4976653223857 11.2428205083124 9.86510817706585 10.03006072063 9.8550675874576 11.2148502944037 11.3088015257381
10.9174575926736 10.8366547524929 10.5375886191614 12.0898159602657 12.4319131919183 12.5997344753705 13.2014526668936 13.9795983615331 14.2872707145289 14.371181356255 13.7249976964667 13.6052278061397 13.6210058755241 13.7422101357952 16.2302784862196 -9999 -9999 -9999 -9999 -9999 -9999 -9999 -9999 -9999 -9999 -9999 -9999 -9999 -9999 -9999 -9999 -9999 -9999 -9999 -9999 -9999 -9999 -9999 -9999 -9999 -9999 -9999 -9999 -9999 -9999 -9999 -9999 -9999 -9999 -9999 10.3825571343768 10.8292438411154 10.9900128056761 10.946264522383 11.1656035929918 9.17159030912444 9.50508132111281 8.99014251120389 10.0365153853782 10.2932676053606 10.4646748136729 10.3327127788216
11.0637633269653 11.3597216587514 11.9463789658621 12.0546738966368 12.2009796309285 12.8335367762484 13.2903836034238 13.656147939153 13.6210058755241 13.8748893556185 13.9250923036598 13.5564592280425 13.6640369738452 13.8454847717658 14.7587481151335 19.2801796776863 -9999 -9999 -9999 -9999 -9999 -9999 -9999 -9999 -9999 -9999 -9999 -9999 -9999 -9999 -9999 -9999 -9999 -9999 -9999 -9999 -9999 -9999 -9999 -9999 -9999 -9999 -9999 -9999 -9999 -9999 5.25875949906185 5.23755364341196 4.07999990880489 -9999 11.5949583295733 12.9233193699329 10.8558992159087 10.9215216408484 10.8526718835346 10.8089236002415 9.55169834429398 9.3888973556459 9.44914089329541 10.2896816805005 9.99491865700111 9.84502699784935
11.4852290288545 11.7147282199003 11.8352152951993 11.9499648907222 12.1973937060684 13.0486922678538 13.2918179733679 13.814645817969 13.3585161757655 13.5966215864755 14.0972166969441 14.6824396341108 14.2220068820752 14.0685292980634 14.6214789114892 -9999 -9999 -9999 -9999 -9999 -9999 -9999 -9999 -9999 -9999 -9999 -9999 -9999 -9999 -9999 -9999 -9999 -9999 -9999 -9999 -9999 -9999 -9999 -9999 -9999 -9999 -9999 -9999 -9999 -9999 -9999 -9999 -9999 6.36900455209202 13.2681508692913 13.9095532959327 13.255958724767 13.200161733944 13.1677449732088 11.4283921198221 10.7142551839352 10.7336191781797 10.4510482992046 10.8230282380246 10.3241065591574 10.1950132641941 9.96694844309241
11.4099246067926 12.1299783186987 11.8854182432406 11.9614398502745 12.1206549140625 12.2275154748932 13.1447950541042 13.3692739503458 13.0910061812028 13.0264595337212 13.418042528443 13.773049089592 14.0592058934271 14.8188313408481 18.0099995974451 -9999 -9999 -9999 -9999 -9999 -9999 -9999 -9999 -9999 -9999 -9999 -9999 -9999 -9999 -9999 -9999 -9999 -9999 -9999 -9999 -9999 -9999 -9999 -9999 -9999 -9999 -9999 -9999 -9999 -9999 -9999 -9999 -9999 -9999 -9999 15.494579896424 13.7228461415507 13.5916012916714 13.5887325517833 12.3946195733733 12.4072898412123 11.7324187825434 12.6248359493911 12.6951200766489 12.4749442902394 11.8448972923215 11.9180501594674
12.619815654587 12.2977996021509 11.9671773300506 12.2246467350051 12.299951157067 12.3264870010316 13.0809655915946 13.1921292622574 13.3864863896742 13.4201940833591 13.2071901466697 13.6862697079778 14.1280556507409 14.5461744894274 17.1055729394779 -9999 -9999 -9999 -9999 -9999 -9999 -9999 -9999 -9999 -9999 -9999 -9999 -9999 -9999 -9999 -9999 -9999 -9999 -9999 -9999 -9999 -9999 -9999 -9999 -9999 -9999 -9999 -9999 -9999 -9999 -9999 -9999 -9999 -9999 -9999 -9999 -9999 15.1299996618181 13.4422833804972 12.2645700317807 13.5959044015035 13.5098422048613 13.7705389421899 12.779747903347 11.2966093812138 12.1848429690581 11.1330912075937
