EcologicalScience/Bass/data/rs_data_bass/sst_408.asc
NCOLS 226 
NROWS 124 
XLLCORNER -9.41648524995501 
YLLCORNER 47.587301625531 
CELLSIZE 0.0833 
NODATA_value -9999 
[rows 81 to 107 of 124, columns 62 to 123 of 226]
10.8988107834011 -9999 -9999 -9999 -9999 -9999 -9999 -9999 -9999 -9999 -9999 -9999 -9999 -9999 -9999 -9999 -9999 -9999 -9999 -9999 -9999 -9999 -9999 -9999 -9999 -9999 -9999 -9999 -9999 -9999 -9999 -9999 -9999 -9999 -9999 -9999 -9999 -9999 -9999 -9999 -9999 -9999 -9999 -9999 -9999 -9999 -9999 -9999 -9999 -9999 -9999 -9999 -9999 -9999 -9999 -9999 -9999 -9999 -9999 -9999 -9999 -9999
14.8737472930946 -9999 -9999 -9999 -9999 -9999 -9999 -9999 -9999 -9999 -9999 -9999 -9999 -9999 -9999 -9999 -9999 -9999 -9999 -9999 -9999 -9999 -9999 -9999 -9999 -9999 -9999 -9999 -9999 -9999 -9999 -9999 -9999 -9999 -9999 -9999 -9999 -9999 -9999 -9999 -9999 -9999 -9999 -9999 -9999 -9999 -9999 -9999 -9999 -9999 -9999 -9999 -9999 -9999 -9999 -9999 -9999 -9999 -9999 -9999 -9999 -9999
-9999 -9999 -9999 -9999 -9999 -9999 -9999 -9999 -9999 -9999 -9999 -9999 -9999 -9999 -9999 -9999 -9999 -9999 -9999 -9999 -9999 -9999 -9999 -9999 -9999 -9999 -9999 -9999 -9999 -9999 -9999 -9999 -9999 -9999 -9999 -9999 -9999 -9999 -9999 -9999 -9999 -9999 -9999 -9999 -9999 -9999 -9999 -9999 -9999 -9999 -9999 -9999 -9999 -9999 -9999 -9999 -9999 -9999 -9999 -9999 14.9414230111559 -9999
-9999 -9999 -9999 -9999 -9999 -9999 -9999 -9999 -9999 -9999 -9999 -9999 -9999 -9999 -9999 -9999 -9999 -9999 -9999 -9999 -9999 -9999 -9999 -9999 -9999 -9999 -9999 -9999 -9999 -9999 -9999 -9999 -9999 11.3199997469783 11.209999749437 11.1449997508898 -9999 -9999 -9999 -9999 -9999 -9999 -9999 -9999 -9999 -9999 -9999 -9999 -9999 -9999 -9999 -9999 -9999 -9999 -9999 -9999 17.2699996139854 14.7336907755727 12.8952146838419 13.5318358773366 13.1186178026255 14.4766075471416
-9999 -9999 -9999 -9999 -9999 -9999 -9999 -9999 -9999 -9999 -9999 -9999 -9999 -9999 -9999 -9999 -9999 -9999 -9999 -9999 -9999 -9999 -9999 -9999 -9999 -9999 -9999 -9999 -9999 -9999 -9999 -9999 -9999 18.156408145411 14.4002990661189 13.72722096988 12.6841830058256 12.7542878368404 14.0263946809573 13.9304199634519 14.7603846008424 15.8349996460602 14.0136248040944 13.0448455484584 12.9377893917263 12.972025194345 13.2284188218415 13.3143375814892 12.6122852123808 12.7044434812851 13.5464186384343 14.4409395478666 16.513843178656 -9999 13.0350657533854 12.89808342373 13.6626026039012 14.2800988648087 14.2994628590532 14.651600680314 14.7398144318722 14.8975951257162
-9999 -9999 -9999 -9999 -9999 -9999 -9999 -9999 -9999 -9999 -9999 -9999 14.273333419906 13.1000307587674 13.2807016063016 14.0219122748822 13.6917681260966 13.8598284712061 13.8103427081369 -9999 -9999 -9999 -9999 -9999 -9999 11.894999734126 9.80201775096105 14.891550280952 13.3680188766448 13.5564592280425 13.2452009501867 13.0601672274061 12.1073152735829 16.5728196895216 15.5649996520951 13.199187411921 11.6982329655439 12.6793420072645 13.4718314013444 11.623645728454 11.224890884012 10.3198034493253 12.7453230246902 11.3403576645069 11.9284493415616 13.8418988469057 14.1631977143697 14.0821558125317 14.692480223719 13.7658772398718 13.8124942630529 14.5648212986998 14.6071352120489 14.5203558304347 12.5864665533882 10.4876247327775 14.1086916564964 13.8340098122135 14.2471083560959 14.4091921597719 14.7763908654451 14.9097872702405
-9999 -9999 -9999 -9999 -9999 -9999 -9999 -9999 -9999 16.5385940289125 13.1889019298833 13.4008300891146 14.4077577898279 14.3848078707233 14.2793816798367 14.2320474716835 14.4651325875893 14.373332911171 14.411343714688 14.5798821831122 16.0008646743372 16.5045008714701 13.856242546346 14.1897335583344 14.0373317517806 13.0556848213309 -9999 13.5605232762173 14.0448621939868 14.3869594256394 14.3812219458632 14.2047944427468 14.4350108187646 13.2452009501867 14.1705847195815 16.514999630861 13.7218795009362 13.4797204360366 12.0152287231758 13.4670501681976 14.3102206336334 14.2865535295568 13.9903561361134 14.1839960785583 14.3905453504995 14.6042664721608 14.7283394723199 13.8476363266818 12.697988816537 14.3173924833536 14.8022095244378 14.8158360389061 14.8344828481786 14.7871486400254 14.692480223719 14.690328668803 13.4424268174917 13.7414929508232 13.7500991704874 14.4565263679251 13.0737937418744 14.0039826505817
-9999 -9999 -9999 -9999 -9999 -9999 -9999 -9999 14.8903910090077 14.5153355356306 14.5289620500989 14.8265938134864 14.0584887084551 14.769219015725 14.6487319404259 14.6738334144466 14.4974059113301 14.4077577898279 14.3467970672064 14.3604235816747 13.3075960427523 14.372615726199 14.3281502579339 14.1309243906289 14.0462965639308 14.1309243906289 14.0498824887909 14.015457610134 14.572710333392 14.5160527206026 14.5920743276365 14.4213843042962 14.3052003388293 14.1452680900693 13.9903561361134 13.7049165172502 14.2650379803963 14.4852137668058 13.5837122569792 12.6083406950347 14.1868648184463 14.5397198246792 14.8050782643259 14.3166752983816 15.1952268891037 13.8756065405905 14.2600176855922 14.6336710560136 14.4639372793026 13.0381735549308 14.8050782643259 14.8839686112478 14.9148075650446 14.0964995119721 13.8447675867938 13.9917905060574 14.3475142521784 13.696310297586 14.7548753162846 14.811532929074 12.8794366144575 14.3052003388293
-9999 -9999 -9999 -9999 -9999 -9999 -9999 -9999 13.2000182969496 14.7075411081314 13.9817499164492 14.7233191775158 14.5339823449031 13.6676228987053 14.0649433732033 14.5870540328324 14.5167699055746 14.4995574662462 14.4708700673655 14.4895168766379 14.3919797204435 14.3231299631298 14.4149296395481 14.3762016510591 14.4163640094921 14.4077577898279 14.2786644948646 14.7577440561727 14.7677846457809 14.6637928248383 14.5820337380283 14.5425885645673 14.3405814641155 14.4350108187646 14.2385021364316 14.2815332347527 14.4572435528971 14.4880825066939 14.5296792350709 13.7705389421899 13.2222510310821 13.7883490356617 14.7763908654451 12.7345652501099 12.8019806374796 15.0302743455395 13.2875148635358 14.571275963448 14.3303018128499 13.1125217303634 12.5896938857622 14.690328668803 14.5024262061343 13.2753227190115 14.2442396162078 14.6673787496984 14.9348887442611 12.4799645850435 12.0424817521125 14.3116550035775 14.1653492692858 14.2356333965436
14.0807214425877 9.40499978978187 -9999 -9999 -9999 -9999 -9999 -9999 15.029251975473 14.8746452066116 14.9384746691212 14.2234412520193 15.0847804034129 14.9198278598487 14.6028321022168 14.7061067381874 14.6236304664053 14.5798821831122 14.5841852929443 14.5232245703228 14.691763038747 14.7864314550534 14.612155506853 14.6602068999782 15.1105990624055 15.0618304843083 15.1593676405028 14.9018982355483 14.8818170563318 14.7885830099694 14.6250648363493 14.2090975525789 14.7247535474598 14.6394085357897 14.2628864254802 14.3073518937454 14.3475142521784 14.4412264218554 14.5598010038957 13.8103427081369 13.1462294240482 13.3047273028642 14.8050782643259 10.0250404258259 11.0226447219029 11.5669881156646 13.5801263321191 12.7897884929553 14.6303241928108 12.3709524692968 14.6060594345909 14.770653385669 14.2679067202844 14.8796655014157 14.8201391487382 14.5386440472212 14.3769188360311 11.6602221620269 11.9535508155823 13.5987731413916 13.61598558072 14.1072572865523
13.5399639736861 13.4280831180513 14.0269325696863 13.8710643691011 13.3134052410256 -9999 16.1899624452926 14.0274704584153 14.0900448472239 14.3105792261194 14.6781365242787 14.1789757837541 14.9391918540932 14.9980010217987 14.6587725300342 14.8882717210799 14.8473921776749 14.8230078886263 14.8366344030946 14.8983123106882 14.8882717210799 14.9004638656043 14.8803826863877 15.0740226288326 15.1952268891037 15.1772972648032 15.2203283631243 15.1443067560904 15.1715597850271 14.9642933281139 14.9269997095689 14.6975005185232 14.3769188360311 14.1259040958248 13.7551194652915 13.9623859222047 14.8034048327245 14.6831568190828 14.7358699145261 14.6677373421844 14.0197607199661 14.4598732311279 12.4684896254912 10.0271919807419 10.1197088421322 10.2846613856964 11.8280434454791 11.9227118617855 14.4751731771976 14.612514099339 13.8619800261222 13.8325754422694 13.9157688990235 13.9595171823166 15.0152134611271 14.6239173403941 15.1400036462583 14.3019730064552 14.5526291541755 13.5249030892737 13.773766274564 14.7247535474598
13.98796551954 14.0054170205258 13.7264320664108 13.7486648005433 13.9623859222047 13.7823724942282 13.7271492513828 14.5999633623287 14.5067293159664 14.5461744894274 14.0003967257217 14.1918851132505 13.9301125984639 14.5798821831122 15.0152134611271 15.0474867848679 14.9513839986175 14.8667561719194 14.8746452066116 14.8646046170034 14.9571214783937 14.9420605939813 14.9427777789533 14.9470808887854 15.0948209930211 15.2231971030124 15.1608020104468 15.1414380162023 15.0776085536927 13.5994903263636 13.6367839449085 15.1486098659225 15.0352946403436 14.9621417731978 15.210287773516 12.8801537994295 14.6339101176709 14.8570741747972 14.3147628051229 14.8463164002169 14.610721136909 14.6747896610759 12.4627521457151 14.5920743276365 14.7218848075718 14.7254707324319 14.0871761073358 14.3546861018986 13.218665106222 13.1447950541042 13.7479476155713 13.9659718470648 14.2435224312358 14.2047944427468 14.7716574446298 14.6487319404259 14.3546861018986 12.6513717933558 14.4108655913733 14.3730938495137 12.8227790016681 13.2272713258862
14.9549699234776 14.0302794328891 13.9236579337157 13.9121829741634 13.9415875580162 14.0168919800781 13.8813440203667 15.2798547158018 14.9650105130859 14.4859309517778 14.3281502579339 14.3668782464229 14.6630756398663 14.6408429057337 14.3815805383492 14.9915463570505 14.9148075650446 14.8753623915836 15.0023041316308 14.0448621939868 14.9757682876661 15.0826288484968 15.1184880970977 15.1392864612862 15.049638339784 14.6437116456218 14.5856196628883 15.2719656811096 14.5526291541755 14.8452406227589 14.0764183327556 14.2987456740811 14.1474196449853 14.4070406048559 13.9774468066171 13.3958097943105 13.7099368120544 14.8778725389857 14.8559983973391 14.8161946313921 13.6848353380337 14.2901394544169 14.691763038747 14.8681905418634 14.0075685754418 14.8995076189749 13.733603916131 13.7866756040603 13.8469191417098 13.892818979919 13.813928632997 14.2765129399486 14.093630772084 13.9982451708056 14.8352000331506 13.1447950541042 14.1065401015803 13.9172032689676 14.2277443618514 14.6250648363493 13.5134281297214 13.9573656274006
13.8691518758424 13.7809381242841 13.77591782948 13.855525361374 13.8117770780809 13.813928632997 13.8598284712061 15.0288399755955 15.087649143301 15.1765800798312 14.3095034486614 14.9434949639253 14.8574327672832 14.929868449457 14.9148075650446 14.9915463570505 15.0216681258753 14.9650105130859 14.7849970851094 15.2253486579284 14.9800713974983 15.2210455480963 15.247581392061 15.369502837304 15.130680241622 14.252845835872 14.0713980379514 14.4766075471416 14.7025208133273 14.6860255589709 14.7355113220401 14.7448347266763 14.6329538710415 14.7527237613685 14.0570543385111 13.4603564417921 15.1459801876917 14.8947263858281 14.8233664811123 15.0902788215317 15.170125415083 14.8384273655247 15.2879828121513 14.7186574751977 14.7491378365085 14.6551866051741 14.0986510668881 13.854808176402 13.1447950541042 13.9296344751492 14.6939145936631 14.6085695819929 13.9562898499426 14.2700582752004 14.797428291291 14.7639596592635 13.3900723145343 13.9308297834359 14.1079744715244 14.0243507037871 14.0135929292068 14.4541357513517
13.776635014452 13.9057283094153 13.7852412341163 13.8770409105346 13.6719260085374 14.4084749747999 14.1133533588145 14.9399090390652 14.97003080789 14.2155522173271 15.1149021722376 15.0596789293922 14.4805520644877 14.5590838189237 15.0424664900638 14.8703420967795 14.5935086975805 14.4730216222815 14.2747199775185 14.357793903444 15.0352946403436 15.2683797562495 14.8990294956602 14.4285561540164 14.6752677843906 14.5707022154704 15.5624255947769 15.0797601086088 14.5519119692035 14.6566209751181 14.651600680314 14.6444288305938 14.4651325875893 15.6714377105236 14.095065142028 15.091593660647 15.0012283541728 15.0900397598743 15.157455147244 14.772446348099 14.849902325077 15.1689301067963 14.3353221076541 15.0926694381051 14.5906399576925 14.4974059113301 14.7373042844702 13.7414929508232 13.7092196270823 15.1149021722376 15.249732946977 15.2346720625646 14.7993407845497 14.1065401015803 14.3948484603316 14.5067293159664 14.1995350862853 14.2258318685926 14.1397696719505 13.8877986851148 13.7515335404314 12.4964598393999
14.1373790553771 13.7013305923901 13.9864116187673 14.0097201303579 14.3005386365112 14.8796655014157 14.7900173799135 14.5390026397072 14.3666391847655 14.8925748309121 15.0223853108473 14.9477980737574 15.0747398138046 14.5515533767175 14.929868449457 14.9348887442611 14.7928861198016 14.3353221076541 14.7400534935296 14.8753623915836 14.3697469863109 13.8289895174094 14.532547974959 14.5999633623287 15.2985015250742 14.6609240849502 15.5480818953365 14.8473921776749 14.6322366860695 14.96823784546 14.6580553450622 14.772087755613 15.008041611407 14.9935186157236 14.9978575848043 15.1166951346677 15.0962553629652 15.2903734287247 15.0893225749023 14.8190633712802 14.8312555158045 13.8576769162901 14.3066347087733 14.3977172002196 14.6673787496984 14.4864090750925 14.4450514083728 14.7352722603828 13.8275551474653 13.8347269971855 14.3697469863109 14.3690298013389 14.5899227727205 14.532547974959 14.4823450269178 14.5296792350709 15.1751457098871 13.9311883759219 12.5165410186164 12.5473799724132 13.4726510413124 13.3900723145343
14.0109154386446 14.0577715234831 14.5798821831122 14.5648212986998 14.0484481188469 14.3184682608116 13.7873927890323 13.9767296216451 14.8796655014157 14.9047669754364 14.9140903800726 14.9614245882258 14.9148075650446 15.0453352299519 15.0001525767148 14.8402203279547 14.6207617265172 14.8473921776749 14.9764854726382 14.7247535474598 14.6272163912654 15.0919522531331 14.7484206515364 14.7893001949415 14.8846857962199 14.8251594435424 14.705150491558 14.7749564955011 14.8846857962199 14.7982650070917 15.0030213166028 14.9273583020549 14.8815779946744 14.8411765745841 15.0066072414629 14.9671620680019 14.3374736625701 15.116575603839 14.4730216222815 14.7412488018163 14.7884037137264 14.811532929074 15.2834406406619 15.1098818774335 14.7866705167107 14.8721350592095 14.983418260701 14.426882722415 14.8144016689621 13.8397472919896 13.1347544644959 14.2169865872711 14.569841593504 14.7147129578516 14.6401257207617 14.4285561540164 16.7332300615963 18.794999579899 -9999 -9999 -9999 -9999
13.3800317249261 13.9648960696068 14.1696523791179 14.1000854368322 14.7577440561727 13.9810327314772 13.6747947484255 14.8997466806322 15.0173650160432 15.0596789293922 15.1772972648032 15.0747398138046 14.7680237074383 15.1959440740757 15.089800698217 14.3052003388293 14.5289620500989 14.8646046170034 14.8717764667235 14.5612353738397 14.5598010038957 15.0023041316308 14.9477980737574 15.0403149351478 15.1854253611527 14.9097872702405 15.0442594524939 14.8222907036543 14.9861674697604 14.9883190246765 14.7615690426901 15.4448072593659 15.409665195737 14.8972365332302 13.6321222425904 14.6415600907058 14.9022568280343 14.439552990254 14.4278389690444 14.5386440472212 14.651600680314 14.6250648363493 15.12996305665 14.6915239770897 14.9535355535336 15.0356532328296 14.7075411081314 14.6178929866292 14.5884884027764 12.1701406771317 15.0051728715189 14.3188268532977 14.2704168676864 15.0943727524136 14.9474460011348 11.4699997436255 -9999 -9999 -9999 -9999 -9999 -9999
14.5024262061343 13.9846186563373 14.3970000152476 14.8000579695217 14.8724936516955 14.3819391308352 14.9585558483377 15.0646992241964 15.2203283631243 14.5569322640076 15.1550645306706 15.1902065942995 15.4699087333865 15.207419033628 15.0431836750358 14.8961607557721 14.8086641891859 14.8940092008561 14.8430890678428 14.7075411081314 14.8452406227589 14.97003080789 15.1857241882244 15.2358673708513 15.1584113938734 15.0601570527069 14.9158833425026 14.9474394812714 14.6792840202339 15.374999656342 -9999 14.2199484680646 16.9849996203557 13.0449997084215 -9999 16.3049996355549 15.12996305665 15.4347666697577 15.5150913866237 15.4182714154013 15.4548478489742 15.3221686291508 15.207777626114 15.0403149351478 14.9348887442611 14.9148075650446 14.7104098480195 14.6707256129012 14.3363978851121 14.450430295663 14.2621692405082 13.695234520128 13.4794813743792 -9999 -9999 -9999 -9999 -9999 -9999 -9999 -9999 -9999
14.5296792350709 14.0437864165287 14.7161473277956 14.769936200697 14.8552812123671 14.5999633623287 14.8667561719194 14.8151188539341 14.7365870994981 14.9786370275542 15.1163365421817 15.1966612590477 15.5419858230744 15.4103823807091 15.2382579874247 15.288460935466 14.5425885645673 14.8416546978988 15.010193166323 14.8839686112478 15.3257545540109 14.2186002534581 14.7950376747176 14.9396699774079 15.3479872881435 15.2124393284321 14.772804940585 14.7760322729591 14.4948240454309 -9999 -9999 -9999 -9999 -9999 16.3799996338785 15.4687134250998 14.4744559922256 15.1751457098871 15.2798547158018 15.3551591378637 15.3953214962967 15.4899899126031 15.4161198604852 15.3028046349064 15.1995299989358 14.9786370275542 14.8273109984584 14.7849970851094 14.4321420788765 14.8746452066116 14.211966292467 13.2571540330537 12.8166430857964 -9999 -9999 -9999 -9999 -9999 -9999 -9999 -9999 -9999
13.8849299452268 13.6733603784814 13.9896389511414 14.691763038747 13.8347269971855 14.4547334054951 14.8057954492979 14.8559983973391 15.130680241622 15.3773918719962 15.5201116814278 15.4756462131627 15.3250373690389 15.5595568548888 15.4584337738343 15.4247260801494 15.010193166323 14.8050782643259 14.4396725210827 14.9348887442611 14.6148329974152 14.7505722064525 14.8531296574511 14.6006805473007 14.4099093447439 14.6171758016571 14.3776360210031 14.4550919979811 14.1402477952652 13.6099996957928 -9999 -9999 -9999 -9999 -9999 17.3799996115267 14.2145481583662 13.8098645848222 14.5651798911858 15.2834406406619 15.3716543922201 14.5009918361902 15.1012756577693 15.2167424382642 15.2547532417811 15.1564989006147 14.9822229524143 14.8222907036543 14.9248481546529 14.9040497904643 14.9248481546529 15.0847804034129 13.5288476066198 14.0699636680074 20.6549995383248 20.6549995383248 -9999 -9999 -9999 -9999 -9999 -9999
13.7823724942282 13.8361613671295 13.8010193035007 14.0097201303579 14.6573381600901 14.693197408691 14.9119388251565 15.0697195190005 15.1729941549711 15.3931699413806 15.568880259525 15.3910183864646 15.5380413057283 15.3953214962967 15.3903012014925 15.0546586345881 15.0822702560108 15.3644825424999 15.4673985859845 15.3276670472696 15.5208288663998 15.0694804573432 14.9162419349886 14.2851191596128 14.2047944427468 13.8100558341481 14.3374736625701 14.037833781261 14.4730216222815 13.7721884676255 17.8462407390944 24.7149994475767 -9999 -9999 -9999 -9999 16.7178568546961 13.4782860660926 14.6860255589709 14.2766922361916 14.3384299091995 12.7223731055856 14.1177759994753 14.9499496286735 14.8251594435424 14.9614245882258 14.9528183685616 14.8265938134864 14.812250114046 14.9399090390652 14.9334543743171 14.8251594435424 12.9988479122985 9.86999977938831 -9999 -9999 -9999 -9999 -9999 -9999 -9999 -9999
13.8175145578571 14.173238303978 14.5641041137278 14.4457685933448 14.5834681079723 14.8000579695217 14.9721823628061 15.2949156002142 15.2124393284321 15.4390697795898 15.0682851490565 14.8653218019754 15.685781409964 15.5746177393012 15.8371074390598 15.6097598029301 15.208853403572 15.5774864791892 15.4742118432187 15.6272113039158 15.5566881150007 15.2999358950183 15.0872905508149 14.0128757442348 13.2895639634558 13.9372844481841 13.9496558889514 14.1878688774072 14.889706091024 14.8323312932625 17.4836303619045 -9999 -9999 -9999 -9999 -9999 -9999 -9999 -9999 -9999 -9999 -9999 -9999 -9999 -9999 -9999 15.0252540507354 13.9910733210854 14.9148075650446 14.9778600771679 14.8488831674852 14.6949996715412 -9999 -9999 -9999 -9999 -9999 -9999 -9999 -9999 -9999 -9999
13.4926297655329 14.175031266408 14.0039826505817 14.135227500461 14.6035492871888 14.6881771138869 14.7778252353892 15.1471754959784 15.3816949818283 15.688650149852 15.3644825424999 15.4186300078873 15.8258715411648 15.6613971209154 15.7130344389006 15.6441846815869 15.4304635599256 14.9800713974983 15.5550146833993 15.5449740937911 15.3910183864646 15.1001998803113 15.0410321201198 13.8847506489838 11.1188254630416 13.6699996944517 14.7132785879076 14.4966887263581 14.3378322550561 15.0152134611271 14.6853083739989 17.3022126075177 19.5519951968454 -9999 -9999 -9999 -9999 -9999 -9999 -9999 -9999 -9999 -9999 -9999 -9999 -9999 -9999 -9999 -9999 -9999 -9999 -9999 -9999 -9999 -9999 -9999 -9999 -9999 -9999 -9999 -9999 -9999
14.0287255321164 14.053468413651 14.2732856075745 14.5002746512182 14.1854304485023 14.6831568190828 14.5691244085319 14.7986235995777 15.2664672629908 15.3426084008534 15.5552537450567 15.4258018576074 15.5739005543292 15.6162144676782 15.6025879532099 15.6291237971745 15.4422971119639 15.4591509588063 15.4428947661072 15.3730887621641 15.2533188718371 14.8757209840696 14.7925275273155 14.7021622208413 14.4787591020577 14.3826563158073 14.293366786791 14.4780419170856 14.4755317696836 14.6594897150062 14.8172704088502 14.2957114299688 -9999 -9999 -9999 -9999 -9999 -9999 -9999 -9999 -9999 -9999 -9999 -9999 -9999 -9999 -9999 -9999 -9999 -9999 -9999 -9999 -9999 -9999 -9999 -9999 -9999 -9999 -9999 -9999 -9999 -9999
14.095065142028 14.0767769252416 9.3853114307858 14.5669728536159 14.4292733389884 14.6401257207617 14.7240363624878 14.5892055877484 14.5189214604907 15.4656056235544 15.5778450716753 15.5452131554484 15.3842051292304 15.4523377015721 15.3820535743143 15.3989074211568 15.3960386812687 15.1984542214777 15.0266884206794 15.0216681258753 15.0560930045322 14.8014923394658 14.7369456919841 14.9148075650446 14.452940443065 14.6150242467411 14.4414654835127 14.0658996198326 14.5699850304984 14.6071352120489 13.4689626614563 15.5882442537695 22.2560376664421 28.5299993623048 -9999 -9999 -9999 -9999 -9999 -9999 -9999 -9999 -9999 -9999 -9999 -9999 -9999 -9999 -9999 -9999 -9999 -9999 -9999 -9999 -9999 -9999 -9999 -9999 -9999 -9999 -9999 -9999
14.0997268443462 10.7902767909691 14.135227500461 14.4357280037366 14.4952543564141 14.6637928248383 14.7950376747176 14.453657628037 15.2565462042112 15.3393810684793 15.2436368747149 15.1249427618459 15.0374461952597 14.9997939842287 15.0543000421021 15.1077303225175 15.1421552011743 15.2651524238754 15.2615664990153 15.0811944785528 15.1149021722376 14.7197332526557 14.7222434000578 14.4823450269178 14.9069185303524 14.8179875938222 14.8947263858281 14.49023406161 14.8022095244378 15.0044556865469 14.0369731592946 17.3871234598337 13.8049057577558 -9999 -9999 -9999 -9999 -9999 -9999 -9999 -9999 -9999 -9999 -9999 -9999 -9999 -9999 -9999 -9999 -9999 -9999 -9999 -9999 -9999 -9999 -9999 -9999 -9999 -9999 -9999 -9999 -9999
