EcologicalScience/Bass/data/rs_data_bass/sst_38.asc
NCOLS 226 
NROWS 124 
XLLCORNER -9.41648524995501 
YLLCORNER 47.587301625531 
CELLSIZE 0.0833 
NODATA_value -9999 
[rows 81 to 107 of 124, columns 62 to 123 of 226]
13.9599996879697 -9999 -9999 -9999 -9999 -9999 -9999 -9999 -9999 -9999 -9999 -9999 -9999 -9999 -9999 -9999 -9999 -9999 -9999 -9999 -9999 -9999 -9999 -9999 -9999 -9999 -9999 -9999 -9999 -9999 -9999 -9999 -9999 -9999 -9999 -9999 -9999 -9999 -9999 -9999 -9999 -9999 -9999 -9999 -9999 -9999 -9999 -9999 -9999 -9999 -9999 -9999 -9999 -9999 -9999 -9999 -9999 -9999 -9999 -9999 -9999 -9999
13.7849996918812 -9999 -9999 -9999 -9999 -9999 -9999 -9999 -9999 -9999 -9999 -9999 -9999 -9999 -9999 -9999 -9999 -9999 -9999 -9999 -9999 -9999 -9999 -9999 -9999 -9999 -9999 -9999 -9999 -9999 -9999 -9999 -9999 -9999 -9999 -9999 -9999 -9999 -9999 -9999 -9999 -9999 -9999 -9999 -9999 -9999 -9999 -9999 -9999 -9999 -9999 -9999 -9999 -9999 -9999 -9999 -9999 -9999 -9999 -9999 -9999 -9999
-9999 -9999 -9999 -9999 -9999 -9999 -9999 -9999 -9999 -9999 -9999 -9999 -9999 -9999 -9999 -9999 -9999 -9999 -9999 -9999 -9999 -9999 -9999 -9999 -9999 -9999 -9999 -9999 -9999 -9999 -9999 -9999 -9999 -9999 -9999 -9999 -9999 -9999 -9999 -9999 -9999 -9999 -9999 -9999 -9999 -9999 -9999 -9999 -9999 -9999 -9999 -9999 -9999 -9999 -9999 -9999 -9999 -9999 -9999 -9999 -9999 -9999
-9999 -9999 -9999 -9999 -9999 -9999 -9999 -9999 -9999 -9999 -9999 -9999 -9999 -9999 -9999 -9999 -9999 -9999 -9999 -9999 -9999 -9999 -9999 -9999 -9999 -9999 -9999 -9999 -9999 -9999 -9999 -9999 -9999 11.3199997469783 11.209999749437 11.1449997508898 -9999 -9999 -9999 -9999 -9999 -9999 -9999 -9999 -9999 -9999 -9999 -9999 -9999 -9999 -9999 -9999 -9999 -9999 -9999 -9999 17.2699996139854 16.7574996254407 14.0283330197756 14.0249996865168 14.0199996866286 14.0749996853992
-9999 -9999 -9999 -9999 -9999 -9999 -9999 -9999 -9999 -9999 -9999 -9999 -9999 -9999 -9999 -9999 -9999 -9999 -9999 -9999 -9999 -9999 -9999 -9999 -9999 -9999 -9999 -9999 -9999 -9999 -9999 -9999 -9999 15.4459087456661 12.9799997098744 12.9199997112155 13.0799997076392 13.1899997051805 13.2099997047335 13.1649997057393 11.6674997392111 -9999 17.3169996129349 12.909999711439 12.7749997144565 14.234999681823 14.2549996813759 14.0749996853992 14.0549996858463 14.7199996709824 14.6449996726587 13.2627774813316 -9999 -9999 13.9599996879697 13.6249996954575 13.8649996900931 13.8549996903166 14.4649996766821 14.3649996789172 14.3849996784702 14.4399996772408
-9999 -9999 -9999 -9999 -9999 -9999 -9999 -9999 -9999 -9999 -9999 -9999 -9999 13.614999695681 13.2049997048452 13.2999997027218 13.1249997066334 13.0299997087568 14.0116663534815 -9999 -9999 -9999 -9999 -9999 -9999 11.894999734126 -9999 13.4735711274136 14.3109996801242 14.1899996828288 14.1899996828288 14.2449996815994 12.8249997133389 12.9699997100979 13.0149997090921 -9999 15.7165381102465 13.2749997032806 13.4949996983632 13.4449996994808 13.2599997036159 13.344999701716 13.4999996982515 13.7299996931106 13.7499996926636 13.7749996921048 13.9099996890873 13.7199996933341 13.9499996881932 13.8349996907637 14.3299996796995 14.2649996811524 14.2249996820465 14.2049996824935 14.1049996847287 14.0249996865168 14.1049996847287 14.2599996812642 14.3499996792525 14.4549996769056 14.484999676235 14.5349996751174
-9999 -9999 -9999 -9999 -9999 -9999 -9999 -9999 12.1349997287616 12.1349997287616 13.344999701716 13.3549997014925 13.3749997010455 13.5499996971339 13.6399996951222 13.469999698922 13.4399996995926 13.5199996978045 13.5699996966869 13.5149996979162 13.4799996986985 13.5449996972457 13.634999695234 14.0299996864051 14.1199996843934 14.1299996841699 9.96687477722298 13.8049996914342 13.779999691993 13.8449996905401 13.7449996927753 13.5999996960163 13.4749996988103 13.6699996944517 14.1349996840581 17.8045941966309 13.2299997042865 13.5549996970221 13.614999695681 13.4299996998161 13.2499997038394 13.3799997009337 13.7049996936694 14.069999685511 14.0349996862933 14.049999685958 13.9999996870756 13.8999996893108 14.3549996791407 14.2299996819347 14.1699996832758 14.0949996849522 14.3199996799231 14.4099996779114 14.3049996802583 14.2999996803701 14.3449996793643 14.4099996779114 14.4799996763468 14.5599996745586 14.6999996714294 14.8199996687472
-9999 -9999 -9999 -9999 -9999 -9999 -9999 -9999 13.9712496877182 13.3399997018278 13.2099997047335 13.4799996986985 13.7199996933341 13.7649996923283 13.8299996908754 13.469999698922 13.7399996928871 13.7949996916577 13.799999691546 13.7749996921048 13.7249996932223 13.7949996916577 13.8549996903166 13.9999996870756 14.049999685958 13.9649996878579 13.9699996877462 13.8499996904284 13.75999969244 13.8749996898696 13.9349996885285 13.9099996890873 13.9799996875226 13.7249996932223 13.6799996942282 13.5699996966869 13.4249996999279 13.3549997014925 13.4399996995926 13.5149996979162 14.1349996840581 14.0549996858463 14.0799996852875 13.9749996876344 14.1699996832758 14.2699996810406 14.0949996849522 14.2949996804819 14.4049996780232 14.4149996777996 14.6149996733293 14.5299996752292 14.4949996760115 14.5399996750057 14.5149996755645 14.5749996742234 14.6249996731058 14.6699996720999 14.6649996722117 14.6399996727705 14.7149996710941 14.9099996667355
-9999 -9999 -9999 -9999 -9999 -9999 -9999 -9999 14.0712496854831 13.7899996917695 13.7549996925518 13.779999691993 13.8649996900931 13.8999996893108 13.8899996895343 13.6999996937811 13.5849996963516 13.8849996896461 14.1149996845052 13.9949996871874 13.8449996905401 13.9299996886402 14.089999685064 14.2199996821582 14.1899996828288 14.1299996841699 14.1749996831641 14.2749996809289 14.2549996813759 14.21499968227 14.2099996823817 14.0649996856228 13.8149996912107 13.7449996927753 13.7749996921048 13.7949996916577 13.8649996900931 13.6599996946752 13.5299996975809 13.7749996921048 14.0449996860698 14.4149996777996 14.4299996774644 14.3549996791407 14.7299996707588 14.5999996736646 14.4799996763468 14.4299996774644 14.5599996745586 14.5749996742234 14.5949996737763 14.6249996731058 14.6399996727705 14.6549996724352 14.6949996715412 14.6849996717647 14.6949996715412 14.6899996716529 14.6899996716529 14.6749996719882 14.8599996678531 14.9949996648356
-9999 9.40499978978187 -9999 -9999 -9999 -9999 -9999 -9999 14.0985711134438 13.9649996878579 13.9649996878579 14.0449996860698 13.8999996893108 13.9549996880814 13.779999691993 13.7849996918812 13.7199996933341 13.8749996898696 14.2999996803701 14.2949996804819 14.2999996803701 14.2449996815994 14.3299996796995 14.3949996782467 14.3199996799231 14.3249996798113 14.3249996798113 14.2949996804819 14.2949996804819 14.2999996803701 14.2449996815994 14.1549996836111 14.2949996804819 14.1899996828288 13.9649996878579 13.9749996876344 14.1099996846169 14.1049996847287 14.1849996829405 14.1699996832758 14.4349996773526 14.3849996784702 14.339999679476 14.4899996761233 14.2999996803701 14.3749996786937 14.3749996786937 14.4049996780232 14.4349996773526 14.5299996752292 14.6399996727705 14.6999996714294 14.6849996717647 14.7349996706471 14.7249996708706 14.7199996709824 14.7249996708706 14.7549996702 14.9099996667355 15.0099996645004 15.0199996642768 14.9049996668473
13.8749996898696 13.3599997013807 13.3599997013807 14.1149996845052 13.8116663579519 -9999 16.1899624452926 13.75999969244 13.654999694787 13.7949996916577 13.8999996893108 13.9899996872991 14.1799996830523 14.0849996851757 13.5599996969104 13.3999997004867 13.5899996962398 13.944999688305 14.359999679029 14.3949996782467 14.2099996823817 14.3099996801466 14.339999679476 14.339999679476 14.2549996813759 14.2949996804819 14.3099996801466 14.2899996805936 14.3049996802583 14.2799996808171 14.2849996807054 14.3549996791407 14.5099996756762 14.2599996812642 13.9099996890873 14.1399996839464 14.3949996782467 14.4349996773526 14.484999676235 14.4949996760115 14.4549996769056 14.4749996764585 14.4399996772408 14.4149996777996 14.3499996792525 14.4099996779114 14.4499996770173 14.4599996767938 14.4799996763468 14.5649996744469 14.6949996715412 14.6749996719882 14.6849996717647 14.7099996712059 14.7399996705353 14.8299996685237 14.7649996699765 14.9149996666238 14.9299996662885 14.9349996661767 14.899999666959 14.8649996677414
13.489999698475 13.509999698028 13.5549996970221 13.5449996972457 13.6749996943399 13.828333024246 13.5699996966869 13.509999698028 13.8149996912107 14.0599996857345 13.9349996885285 14.0299996864051 13.8849996896461 14.1799996830523 14.2749996809289 14.1899996828288 14.2449996815994 14.2749996809289 14.3449996793643 14.3249996798113 14.3549996791407 14.2999996803701 14.2099996823817 14.2299996819347 14.234999681823 14.2499996814877 14.1999996826053 14.2049996824935 14.234999681823 14.2499996814877 14.2549996813759 14.3199996799231 14.379999678582 14.1299996841699 14.3049996802583 14.4499996770173 14.5299996752292 14.5549996746704 14.484999676235 14.4649996766821 14.4749996764585 14.4799996763468 14.5149996755645 14.4949996760115 14.504999675788 14.5099996756762 14.5299996752292 14.5449996748939 14.5499996747822 14.4949996760115 14.6249996731058 14.7549996702 14.7449996704236 14.7399996705353 14.7449996704236 14.8699996676296 14.8949996670708 15.0149996643886 14.9499996658415 14.8549996679649 14.7549996702 14.6999996714294
13.4349996997043 13.4949996983632 13.5549996970221 13.6649996945634 13.6999996937811 14.1924996827729 13.6849996941164 13.6849996941164 13.7099996935576 13.7399996928871 13.7699996922165 13.9099996890873 14.0199996866286 14.0999996848404 13.9699996877462 14.1349996840581 14.0299996864051 13.3699997011572 14.0749996853992 14.2199996821582 14.1349996840581 14.1799996830523 14.1499996837229 14.2749996809289 14.484999676235 14.484999676235 14.4549996769056 14.3899996783584 14.3449996793643 14.359999679029 14.3349996795878 14.2249996820465 14.3649996789172 14.4399996772408 14.2799996808171 14.3099996801466 14.4599996767938 14.4699996765703 14.504999675788 14.5449996748939 14.504999675788 14.5549996746704 14.5599996745586 14.5649996744469 14.5599996745586 14.5449996748939 14.5349996751174 14.6249996731058 14.7099996712059 14.6199996732175 14.6149996733293 14.8149996688589 14.8199996687472 14.8949996670708 14.9449996659532 14.899999666959 14.7349996706471 14.6849996717647 14.7299996707588 14.7499996703118 14.7149996710941 14.6649996722117
13.3049997026101 13.3599997013807 13.5549996970221 13.5399996973574 13.5799996964633 13.5699996966869 13.614999695681 13.654999694787 13.7299996931106 13.7499996926636 13.7499996926636 13.8249996909872 13.944999688305 14.5124996756203 14.6574996723793 14.1199996843934 14.2199996821582 14.2699996810406 14.3549996791407 14.3149996800348 14.2649996811524 14.3349996795878 14.2649996811524 14.2699996810406 14.4949996760115 14.3549996791407 14.4449996771291 14.5149996755645 14.5099996756762 14.4599996767938 14.4299996774644 14.4349996773526 14.4199996776879 14.524999675341 14.5399996750057 14.4699996765703 14.4199996776879 14.4399996772408 14.4949996760115 14.484999676235 14.5349996751174 14.5499996747822 14.5199996754527 14.5199996754527 14.484999676235 14.4799996763468 14.4799996763468 14.4999996758997 14.7099996712059 14.7399996705353 14.6399996727705 14.6549996724352 14.9349996661767 14.9299996662885 14.8599996678531 14.6849996717647 14.4199996776879 14.504999675788 14.6599996723235 14.7599996700883 14.6699996720999 14.5799996741116
13.4399996995926 13.3899997007102 13.3399997018278 13.3799997009337 13.4249996999279 13.4449996994808 13.5049996981397 13.6449996950105 13.7449996927753 13.8999996893108 14.0849996851757 14.0149996867403 14.089999685064 14.2449996815994 14.5549996746704 14.5399996750057 14.4649996766821 14.4299996774644 14.2649996811524 14.3549996791407 14.4149996777996 14.4549996769056 14.4899996761233 14.5449996748939 14.6099996734411 14.4949996760115 14.6049996735528 14.5799996741116 14.5299996752292 14.504999675788 14.5349996751174 14.5849996739998 14.5499996747822 14.5199996754527 14.5299996752292 14.4799996763468 14.4049996780232 14.4449996771291 14.5299996752292 14.5849996739998 14.5599996745586 14.5899996738881 14.504999675788 14.4649996766821 14.5099996756762 14.5349996751174 14.524999675341 14.5549996746704 14.5999996736646 14.6599996723235 14.7499996703118 14.6849996717647 14.7149996710941 14.8049996690825 14.7649996699765 14.6699996720999 14.4299996774644 14.339999679476 14.3999996781349 14.5199996754527 14.4999996758997 14.4899996761233
13.8024996914901 13.8949996894225 13.2899997029454 13.3699997011572 13.344999701716 13.4249996999279 13.634999695234 13.7199996933341 13.8099996913224 13.8399996906519 13.9549996880814 14.089999685064 14.2299996819347 14.3499996792525 14.5349996751174 14.5699996743351 14.6099996734411 14.5699996743351 14.504999675788 14.4649996766821 14.5099996756762 14.5549996746704 14.6549996724352 14.6649996722117 14.5799996741116 14.5799996741116 14.6449996726587 14.3699996788055 14.2949996804819 14.504999675788 14.524999675341 14.5549996746704 14.5699996743351 14.5949996737763 14.5599996745586 14.524999675341 14.4899996761233 14.4049996780232 14.3849996784702 14.6649996722117 14.6449996726587 14.6799996718764 14.629999672994 14.5999996736646 14.5599996745586 14.5499996747822 14.5199996754527 14.5999996736646 14.7549996702 14.7849996695295 14.774999669753 14.7849996695295 14.6749996719882 14.5999996736646 14.5499996747822 14.3249996798113 14.1649996833876 14.1499996837229 14.2399996817112 14.5299996752292 14.629999672994 14.6899996716529
13.5149996979162 13.469999698922 13.3599997013807 13.2699997033924 13.21999970451 13.3749997010455 13.5799996964633 13.6299996953458 13.6999996937811 13.7849996918812 13.8749996898696 13.8949996894225 14.2799996808171 14.3899996783584 14.5299996752292 14.5899996738881 14.6449996726587 14.5949996737763 14.5299996752292 14.504999675788 14.5399996750057 14.6449996726587 14.5099996756762 14.5599996745586 14.504999675788 14.3749996786937 14.2199996821582 14.2249996820465 14.3349996795878 14.4099996779114 14.4199996776879 14.4649996766821 14.484999676235 14.4549996769056 14.4199996776879 14.3699996788055 14.3299996796995 14.3099996801466 14.3649996789172 14.4699996765703 14.6099996734411 14.6949996715412 14.4749996764585 14.3899996783584 14.5099996756762 14.5699996743351 14.6849996717647 14.7849996695295 14.7599996700883 14.649999672547 14.5499996747822 14.4349996773526 14.2049996824935 14.339999679476 14.2749996809289 14.0949996849522 13.9299996886402 14.4324996774085 -9999 -9999 -9999 -9999
13.4149997001514 13.2399997040629 13.3749997010455 13.3849997008219 13.2899997029454 14.297499680426 13.6599996946752 13.6049996959046 13.654999694787 13.8049996914342 13.9899996872991 14.1099996846169 14.2949996804819 14.4099996779114 14.4549996769056 14.4799996763468 14.5199996754527 14.4699996765703 14.4549996769056 14.4399996772408 14.4449996771291 14.5949996737763 14.6849996717647 14.5949996737763 14.3049996802583 14.2999996803701 14.2299996819347 14.2749996809289 14.3199996799231 14.339999679476 14.359999679029 14.4299996774644 14.4249996775761 14.2649996811524 14.2399996817112 14.1699996832758 14.2899996805936 14.3049996802583 14.4199996776879 14.6549996724352 14.7199996709824 14.5849996739998 14.5199996754527 14.4799996763468 14.5849996739998 14.6449996726587 14.7499996703118 14.6399996727705 14.5199996754527 14.3099996801466 14.1899996828288 14.1699996832758 14.1549996836111 14.1999996826053 14.1199996843934 15.6379087413746 -9999 -9999 -9999 -9999 -9999 -9999
13.9749996876344 13.5649996967986 13.509999698028 13.5949996961281 13.9899996872991 14.0349996862933 13.7549996925518 13.9399996884167 14.0099996868521 14.6874996717088 14.359999679029 14.2299996819347 14.2899996805936 14.3749996786937 14.5149996755645 14.5499996747822 14.5499996747822 14.6199996732175 14.524999675341 14.4249996775761 14.6049996735528 14.6599996723235 14.7249996708706 14.2549996813759 14.0349996862933 14.1049996847287 14.1199996843934 14.0299996864051 14.0449996860698 14.6583330056941 11.8048358017151 15.2380552149585 15.2809207110764 16.4676919396107 -9999 14.524999675341 14.2899996805936 14.3999996781349 14.5799996741116 14.6699996720999 14.8599996678531 14.8599996678531 14.6549996724352 14.504999675788 14.5399996750057 14.5699996743351 14.5649996744469 14.5649996744469 14.3199996799231 13.9949996871874 13.9499996881932 14.0049996869639 14.1799996830523 -9999 -9999 -9999 -9999 -9999 -9999 -9999 -9999 -9999
13.7649996923283 13.8899996895343 14.0349996862933 14.069999685511 14.0549996858463 13.9649996878579 14.0474996860139 13.9999996870756 14.1899996828288 14.3199996799231 14.3949996782467 14.5699996743351 14.5599996745586 14.3549996791407 14.4599996767938 14.5199996754527 14.4649996766821 14.504999675788 15.2249996596947 15.0699996631593 14.9899996649474 14.9349996661767 14.1749996831641 14.1999996826053 14.2949996804819 14.0949996849522 14.0849996851757 14.0399996861815 14.0099996868521 -9999 -9999 -9999 -9999 -9999 16.3799996338785 14.2599996812642 14.3149996800348 14.3849996784702 14.7049996713176 14.8899996671826 14.6149996733293 14.649999672547 14.6749996719882 14.629999672994 14.5099996756762 14.5649996744469 14.6999996714294 14.7049996713176 14.5449996748939 14.3249996798113 14.1649996833876 14.089999685064 14.3149996800348 -9999 -9999 -9999 -9999 -9999 -9999 -9999 -9999 -9999
13.489999698475 14.0399996861815 13.944999688305 13.8999996893108 14.0999996848404 14.1099996846169 14.2049996824935 14.1999996826053 14.2549996813759 14.2899996805936 14.3949996782467 14.6949996715412 14.8499996680766 14.6699996720999 14.6649996722117 14.6799996718764 14.6649996722117 14.3649996789172 14.6549996724352 14.8974996670149 14.8566663345943 14.484999676235 14.4699996765703 14.234999681823 14.3149996800348 14.0299996864051 13.9999996870756 13.8749996898696 13.9499996881932 10.1456449345175 -9999 -9999 -9999 -9999 -9999 14.4065621779882 13.6199996955693 14.5099996756762 14.524999675341 14.5849996739998 15.0499996636063 13.8099996913224 13.8499996904284 14.1849996829405 14.3549996791407 14.504999675788 14.5949996737763 14.7099996712059 14.6199996732175 14.629999672994 14.2599996812642 13.7449996927753 13.8249996909872 13.6109996957704 -9999 -9999 -9999 -9999 -9999 -9999 -9999 -9999
13.7749996921048 13.924999688752 13.9349996885285 13.904999689199 13.75999969244 13.7199996933341 13.9749996876344 14.0999996848404 14.1049996847287 14.5399996750057 14.6349996728823 14.4549996769056 14.8299996685237 14.7499996703118 14.8099996689707 14.8299996685237 14.8599996678531 14.9099996667355 14.7549996702 14.7249996708706 14.7049996713176 14.484999676235 14.4549996769056 14.3849996784702 13.8399996906519 13.6399996951222 13.5599996969104 13.5349996974692 13.6849996941164 14.8939996670932 -9999 24.7149994475767 -9999 -9999 -9999 -9999 13.9559087789702 13.9627774656854 13.904999689199 13.8749996898696 13.8149996912107 13.7949996916577 13.6949996938929 13.7549996925518 13.2649997035041 13.9399996884167 14.1449996838346 14.049999685958 14.194999682717 14.4699996765703 14.2599996812642 13.9499996881932 13.8599996902049 9.86999977938831 -9999 -9999 -9999 -9999 -9999 -9999 -9999 -9999
13.7549996925518 13.9699996877462 13.5899996962398 13.634999695234 13.6899996940047 13.7249996932223 13.8749996898696 14.0599996857345 14.0599996857345 14.4249996775761 14.4949996760115 14.4599996767938 14.9699996653944 14.9649996655062 14.9599996656179 14.939999666065 14.8649996677414 14.6199996732175 14.4349996773526 14.794999669306 14.8549996679649 14.7649996699765 14.6349996728823 13.8449996905401 13.8099996913224 13.6849996941164 13.7499996926636 13.8149996912107 13.7649996923283 13.5399996973574 14.2062496824656 -9999 -9999 -9999 -9999 -9999 -9999 -9999 -9999 -9999 -9999 -9999 -9999 -9999 -9999 -9999 13.7549996925518 13.8149996912107 14.3049996802583 14.4649996766821 14.0514282573547 12.2699997257441 -9999 -9999 -9999 -9999 -9999 -9999 -9999 -9999 -9999 -9999
13.6199996955693 13.8449996905401 13.8849996896461 14.0349996862933 14.0949996849522 13.6949996938929 13.799999691546 14.2399996817112 14.3299996796995 14.6949996715412 14.0999996848404 14.4049996780232 14.7349996706471 14.9449996659532 14.794999669306 14.8199996687472 14.7199996709824 14.6599996723235 14.6549996724352 14.8449996681884 14.9499996658415 14.9999996647239 14.6149996733293 14.2249996820465 14.3249996798113 16.213147785756 14.4099996779114 14.4499996770173 14.3699996788055 14.1999996826053 13.5499996971339 14.3024996803142 -9999 -9999 -9999 -9999 -9999 -9999 -9999 -9999 -9999 -9999 -9999 -9999 -9999 -9999 -9999 -9999 -9999 -9999 -9999 -9999 -9999 -9999 -9999 -9999 -9999 -9999 -9999 -9999 -9999 -9999
13.509999698028 13.6699996944517 13.8549996903166 13.9899996872991 14.0599996857345 14.069999685511 14.1299996841699 14.3899996783584 14.6599996723235 14.7449996704236 14.3199996799231 14.4949996760115 14.7649996699765 14.8299996685237 14.6649996722117 14.6249996731058 14.6999996714294 14.7649996699765 14.8499996680766 14.8649996677414 15.0299996640533 15.0949996626005 14.8349996684119 14.7199996709824 14.5749996742234 14.5499996747822 14.3849996784702 14.5649996744469 14.4099996779114 14.339999679476 14.2949996804819 14.0649996856228 -9999 -9999 -9999 -9999 -9999 -9999 -9999 -9999 -9999 -9999 -9999 -9999 -9999 -9999 -9999 -9999 -9999 -9999 -9999 -9999 -9999 -9999 -9999 -9999 -9999 -9999 -9999 -9999 -9999 -9999
13.3349997019395 13.2749997032806 13.3149997023866 13.3199997022748 13.5349996974692 13.8549996903166 14.089999685064 14.4799996763468 14.6049996735528 14.6749996719882 14.3749996786937 14.5149996755645 14.8249996686354 14.6849996717647 14.4499996770173 14.5549996746704 14.7899996694177 14.9099996667355 14.9099996667355 14.8099996689707 14.9349996661767 15.0499996636063 14.6699996720999 14.5549996746704 14.5599996745586 14.5199996754527 14.5799996741116 14.5749996742234 14.4249996775761 14.3049996802583 14.1499996837229 14.1399996839464 24.1220827941628 -9999 -9999 -9999 -9999 -9999 -9999 -9999 -9999 -9999 -9999 -9999 -9999 -9999 -9999 -9999 -9999 -9999 -9999 -9999 -9999 -9999 -9999 -9999 -9999 -9999 -9999 -9999 -9999 -9999
13.7199996933341 13.9899996872991 13.8799996897578 13.8899996895343 14.0099996868521 14.0149996867403 14.0599996857345 14.2199996821582 14.4999996758997 14.6849996717647 14.7849996695295 14.6449996726587 14.4699996765703 14.1599996834993 14.3249996798113 14.5149996755645 14.6349996728823 14.794999669306 14.8349996684119 14.9299996662885 14.9499996658415 14.6649996722117 14.4999996758997 14.4249996775761 14.4499996770173 14.3699996788055 14.524999675341 14.5849996739998 14.0749996853992 13.8549996903166 14.0199996866286 14.4199996776879 14.6784207245433 -9999 -9999 -9999 -9999 -9999 -9999 -9999 -9999 -9999 -9999 -9999 -9999 -9999 -9999 -9999 -9999 -9999 -9999 -9999 -9999 -9999 -9999 -9999 -9999 -9999 -9999 -9999 -9999 -9999
