EcologicalScience/Bass/data/rs_data_bass/sst_505.asc
NCOLS 226 
NROWS 124 
XLLCORNER -9.41648524995501 
YLLCORNER 47.587301625531 
CELLSIZE 0.0833 
NODATA_value -9999 
[rows 81 to 107 of 124, columns 62 to 123 of 226]
15.806985670235 -9999 -9999 -9999 -9999 -9999 -9999 -9999 -9999 -9999 -9999 -9999 -9999 -9999 -9999 -9999 -9999 -9999 -9999 -9999 -9999 -9999 -9999 -9999 -9999 -9999 -9999 -9999 -9999 -9999 -9999 -9999 -9999 -9999 -9999 -9999 -9999 -9999 -9999 -9999 -9999 -9999 -9999 -9999 -9999 -9999 -9999 -9999 -9999 -9999 -9999 -9999 -9999 -9999 -9999 -9999 -9999 -9999 -9999 -9999 -9999 -9999
7.84583134347794 -9999 -9999 -9999 -9999 -9999 -9999 -9999 -9999 -9999 -9999 -9999 -9999 -9999 -9999 -9999 -9999 -9999 -9999 -9999 -9999 -9999 -9999 -9999 -9999 -9999 -9999 -9999 -9999 -9999 -9999 -9999 -9999 -9999 -9999 -9999 -9999 -9999 -9999 -9999 -9999 -9999 -9999 -9999 -9999 -9999 -9999 -9999 -9999 -9999 -9999 -9999 -9999 -9999 -9999 -9999 -9999 -9999 -9999 -9999 -9999 -9999
-9999 -9999 -9999 -9999 -9999 -9999 -9999 -9999 -9999 -9999 -9999 -9999 -9999 -9999 -9999 -9999 -9999 -9999 -9999 -9999 -9999 -9999 -9999 -9999 -9999 -9999 -9999 -9999 -9999 -9999 -9999 -9999 -9999 -9999 -9999 -9999 -9999 -9999 -9999 -9999 -9999 -9999 -9999 -9999 -9999 -9999 -9999 -9999 -9999 -9999 -9999 -9999 -9999 -9999 -9999 -9999 -9999 -9999 -9999 -9999 -9999 -9999
-9999 -9999 -9999 -9999 -9999 -9999 -9999 -9999 -9999 -9999 -9999 -9999 -9999 -9999 -9999 -9999 -9999 -9999 -9999 -9999 -9999 -9999 -9999 -9999 -9999 -9999 -9999 -9999 -9999 -9999 -9999 -9999 -9999 11.3199997469783 11.209999749437 11.1449997508898 -9999 -9999 -9999 -9999 -9999 -9999 -9999 -9999 -9999 -9999 -9999 -9999 -9999 -9999 -9999 -9999 -9999 -9999 -9999 -9999 17.2699996139854 12.6699389154091 11.2709341592155 11.8875697981566 11.9738710564561 12.9906002851203
-9999 -9999 -9999 -9999 -9999 -9999 -9999 -9999 -9999 -9999 -9999 -9999 -9999 -9999 -9999 -9999 -9999 -9999 -9999 -9999 -9999 -9999 -9999 -9999 -9999 -9999 -9999 -9999 -9999 -9999 -9999 -9999 -9999 16.4349996326491 11.5410977381747 11.0875499618705 10.6396679468453 10.7647654969644 9.77725301799364 16.4612018017098 17.9817547314359 -9999 12.2300582216121 13.0040833625942 11.0177678640932 11.1828459150274 10.7471022556536 10.9447584339418 11.864081990323 11.2515291829727 12.0215240134858 11.8113091294654 8.71629738272168 -9999 12.2398271502461 11.1066988006234 11.5641193757765 12.2583544286899 12.4828333249316 12.619098469615 13.0845515164547 13.1182592101395
-9999 -9999 -9999 -9999 -9999 -9999 -9999 -9999 -9999 -9999 -9999 -9999 10.7952970857732 11.2980437511578 11.4450666704215 11.2327799187042 11.1001006988809 11.2550126528367 13.5544869693695 -9999 -9999 -9999 -9999 -9999 -9999 11.894999734126 -9999 11.8097723045253 10.7285988833755 11.0362712363712 10.8827936523594 10.8340250742622 11.1217357788701 10.2251350330189 18.2749995915219 13.6749996943399 11.6782952233218 11.6358378729783 10.7802362013608 10.8082064152695 10.7498753708787 12.0302896075882 12.1601000875235 12.1751609719358 11.5547959711403 12.4247413421981 12.4398022266105 12.8313852213323 12.9827112504281 12.7295449553058 12.4756614752114 12.5306798080648 11.5648365607485 12.0446333070286 12.4089632728137 12.6391796488315 12.9611957012676 13.2846461236477 13.3248084820807 13.2688680542633 13.179219932761 13.1060670656152
-9999 -9999 -9999 -9999 -9999 -9999 -9999 -9999 -9999 16.455568190102 13.1393763232045 10.8627124731429 11.7907498269342 11.9693288849667 11.9363383762538 11.9126712721772 11.9456617808901 11.9922788040712 12.2884761975147 12.3350932206959 14.437505375189 7.73070593492594 11.9901272491552 11.9994506537914 11.94207585603 11.584917739965 -9999 11.0950804040767 11.3776512830518 11.4421979305334 11.3417920344509 11.3224280402064 11.3747825431637 11.5619678208604 15.8690529068134 18.0149995973334 16.4449996324256 11.7599108731374 11.8552964744158 11.1897488203831 10.6045258832164 10.5346003484447 12.6857966720127 12.9346598573029 12.8385570710525 13.0845515164547 13.1534012737684 13.3649708405137 13.3843348347582 13.6095309159718 13.5442670835182 13.5012359851971 12.6707357876003 12.7144840708934 13.2272713258862 13.4015472740866 13.4194768983871 13.4639423666522 13.4933469505049 13.4309518579394 13.2839289386757 13.0831171465106
-9999 -9999 -9999 -9999 -9999 -9999 -9999 -9999 16.0949996402487 10.9222388258204 11.424985491205 11.7584765031934 12.422589787282 12.50004576426 12.5287331631407 12.6176640996709 12.462034960743 12.4519943711348 12.4340647468343 12.3659321744926 12.1909390413202 12.1249580238946 12.2038483708166 12.3436994403601 11.9334696363658 11.7713858326897 11.5626850058325 11.6171910637058 11.704687630292 11.861751139164 12.0510879717767 12.0482192318887 12.0338755324483 11.9478133358061 11.8653370640241 12.0403301971965 11.7900326419622 11.9198431218974 12.5825220360421 12.6162297297269 12.9303567474708 13.0608844123781 13.0027924296446 13.2057557767257 13.176351192873 13.5119937597774 13.613834025804 13.6762291183695 13.7472304305993 13.6826837831177 13.5994903263636 13.6030762512237 13.6037934361957 13.6575823090971 13.6855525230058 13.6798150432296 13.6425214246847 13.4919125805609 13.4273659330793 13.3850520197302 13.2351603605784 13.1161076552235
-9999 -9999 -9999 -9999 -9999 -9999 -9999 -9999 11.9100415939465 11.9098025322892 12.0274208677001 12.419721047394 12.6219672095031 12.6635639378801 12.6018860302866 12.6026032152586 12.5093691688962 12.498611394316 12.3939023884013 12.2354045095854 12.3831446138211 12.2927793073468 12.5158238336444 12.6018860302866 12.6944028916769 12.4089632728137 11.6200598035939 12.4139835676178 12.4046601629816 12.3867305386811 12.3666493594646 12.3939023884013 12.3085573767312 12.0898159602657 12.0073396884836 11.8588823992759 12.1142002493143 12.3666493594646 12.7116153310053 12.7496261345223 12.8751335046254 12.7718588686548 13.2659993143752 12.7553636142984 13.7658772398718 13.7852412341163 13.7974333786406 13.735755471047 13.6626026039012 13.6181371356361 13.6224402454682 13.6123996558599 13.6826837831177 13.6245918003842 13.5966215864755 13.5643482627347 13.5062562800013 13.4123050486669 13.3219397421926 13.3011413780041 13.1627246784046 13.1132389153354
11.7399997375906 9.40499978978187 -9999 -9999 -9999 -9999 -9999 -9999 9.97007797751576 12.0718863359652 12.5186925735325 12.6018860302866 12.7173528107814 12.8034150074236 12.8493148456328 12.9217505278066 12.8615069901571 12.6951200766489 12.5731986314058 12.4914395445958 12.5373393828049 12.661412382964 12.9052552734502 13.0623187823221 13.0314798285253 12.9124271231703 12.7969603426754 12.7754447935149 12.8306680363603 12.8091524871998 12.8285164814442 12.6965544465929 12.5344706429169 12.5459456024691 12.2777184229344 12.3566087698564 12.4448225214146 12.3601946947165 12.8450117358007 13.5177312395535 13.7056337022223 13.7041993322782 13.6726431935094 13.3262428520247 13.6375011298805 13.6869868929498 13.7393413959071 13.7128055519424 13.7013305923901 13.6288949102163 13.6790978582576 13.7034821473062 13.6826837831177 13.5808435170911 13.5277718291618 13.5069734649733 13.3821832798421 13.3420209214091 13.2373119154945 13.2688680542633 13.1942808171734 13.1842402275652
12.0875209683552 12.7252418454736 12.3230803724146 12.484137297608 14.9982555067888 -9999 16.1899624452926 11.980803844519 12.0338755324483 11.9851069543511 12.6571092731319 12.6829279321246 12.7015747413971 12.8450117358007 12.9217505278066 12.8277992964722 12.9023865335621 13.0874202563427 13.0221564238891 12.7940916027874 12.9045380884781 13.0365001233295 13.1498153489083 13.1577043836005 13.2423322102986 13.175634007901 13.1318857246079 13.2659993143752 13.3040101178922 13.375728615094 13.3570818058215 13.3907894995064 13.457487701904 13.5270546441898 13.495498505421 13.3621021006256 13.2129276264459 13.1935636322014 13.7852412341163 13.7214117716067 13.8289895174094 13.8497878815979 13.8727378007025 13.8411816619337 13.7881099740043 13.7938474537805 13.6848353380337 13.6339152050205 13.5808435170911 13.6690572686493 13.6525620142929 13.6375011298805 13.6339152050205 13.4747001412325 13.4452955573797 13.4359721527435 13.3140507075004 13.2925351583399 13.2817773837596 13.2789086438715 13.1569871986285 13.1053498806432
12.6764732673764 12.540208122693 12.4570146659389 12.2906277524307 12.2181920702569 11.9757835497148 12.2131717754528 12.3623462496325 12.2934964923188 12.5143894637004 12.7180699957535 12.8127384120598 12.9533066665754 12.9855799903162 12.8270821115002 12.8930631289259 13.0243079788052 13.176351192873 13.1720480830409 13.1885433373973 13.1670277882367 13.2659993143752 13.2609790195711 13.2602618345991 13.2093417015858 13.1928464472294 13.2287056958303 13.2315744357184 13.337717811577 13.3936582393944 13.4596392568201 13.536378048826 13.6267433553003 13.6819665981457 13.7443616907112 13.8454847717658 13.8390301070176 13.8791924654506 13.9157688990235 13.8361613671295 13.7881099740043 13.816080187913 13.7601397600956 13.7486648005433 13.7041993322782 13.7264320664108 13.5500045632944 13.6016418812796 13.6597338640131 13.697027482558 13.6683400836773 13.6360667599365 13.5507217482664 13.497650060337 13.4524674070999 13.4022644590586 13.2502212449908 13.0102033410221 12.9547410365194 13.1548356437124 12.9267708226107 12.1646422590129
12.6449171286076 12.6857966720127 12.7073122211732 12.5488143423572 12.6269875043072 12.6900997818448 12.8715475797653 12.6958372616209 12.6750388974324 12.7295449553058 12.8658100999892 12.9282051925547 12.9353770422749 12.8722647647373 12.8901943890378 12.9504379266873 13.1046326956712 13.3276772219688 13.2602618345991 13.2695852392353 13.1749168229289 13.21794792125 13.2122104414739 13.2380291004665 13.3993957191706 13.2746055340394 13.3434552913532 13.4790032510646 13.4876094707288 13.5306405690499 13.536378048826 13.616702765692 13.7156742918305 13.7802209393121 13.8103427081369 13.7723319046199 13.8605456561781 13.8849299452268 13.7293008062989 13.7128055519424 13.7615741300397 13.7235633265227 13.7041993322782 13.7041993322782 13.6991790374741 13.6654713437892 13.693441557698 13.7199774016626 13.7185430317186 13.6253089853562 13.6116824708879 13.5306405690499 13.5076906499453 13.3585161757655 13.4309518579394 13.2050385917537 12.5301675330848 12.6119266198948 12.4649037006311 12.5251472382806 12.3452772472985 12.4649037006311
12.6370280939154 12.7087465911172 12.6728873425163 12.5179753885604 12.7073122211732 12.8048493773676 12.4125491976738 12.6485030534677 12.8034150074236 12.8672444699332 12.8242133716121 12.8034150074236 12.8385570710525 12.8744163196534 12.9748222157359 13.0221564238891 12.9023865335621 13.1799371177331 13.2028870368376 13.1612903084606 13.2731711640954 13.2753227190115 13.3793145399541 13.4374065226875 13.4460127423517 13.4689626614563 13.4510330371559 13.5005188002251 13.4868922857568 13.334849071689 13.6288949102163 13.6597338640131 13.7644428699277 13.8347269971855 13.8605456561781 13.7888271589763 13.7852412341163 13.7780693843961 13.816797372885 13.8727378007025 13.8074739682488 13.8189489278011 13.7271492513828 13.4503158521838 13.7063508871943 13.9121829741634 13.2444837652147 13.6676228987053 12.8138141895179 13.0910061812028 13.4302346729673 13.4216284533031 13.0641117447522 13.0379344932735 12.7105395535473 12.3305032368749 11.9496062982362 12.740302729886 12.5241431793198 12.5562730660662 11.5483413063921 11.5569475260563
12.6485030534677 12.580370481126 12.5351878278889 12.540208122693 12.6685842326842 12.7699463753961 12.8232571249828 12.6944028916769 12.9210333428346 12.8693960248493 12.8335367762484 12.8815881693736 12.8686788398772 12.9066896433942 12.9160130480304 12.6047547701746 13.2705414858647 13.2036042218097 13.0924405511469 13.0400860481896 12.9629886636976 13.3829004648142 13.2516556149349 13.4797204360366 13.3950926093385 13.4840235458687 13.4431440024637 13.4331034128554 13.3721426902339 13.2387462854385 13.6453901645727 13.6862697079778 13.7228461415507 13.7056337022223 13.6869868929498 13.5320749389939 13.4761345111765 13.5435498985462 13.6310464651324 13.6697744536214 13.6633197888732 13.5578935979865 13.4660939215682 12.7169942182954 13.3549302509055 12.9525894816034 13.0849101089407 13.1343958720099 12.9848628053442 13.0038682071026 13.3047273028642 13.2846461236477 12.9432660769671 12.6823900433956 12.661412382964 12.1661961597856 12.8656905691605 11.8611773911864 11.6599352880381 11.5876430428587 11.8165684859268 10.550019825343
12.6657154927962 12.6434827586636 12.3852961687371 13.1534012737684 12.899159201188 12.8897162657231 12.8156071519479 12.7661213888787 12.8234961866401 12.700857556425 12.7689901287667 12.817041521892 12.817758706864 12.8292336664163 13.0314798285253 13.309508536011 12.8550523254089 13.2629512782441 13.2378856634721 13.1003295858391 13.3011413780041 13.3448896612972 13.2408978403546 13.5198827944696 13.5335093089379 13.3886379445903 13.3886379445903 13.3527786959894 13.3090304126963 13.4419965065084 13.6511276443489 13.6432386096567 13.5736716673709 13.5636310777627 13.5234687193297 13.4495986672118 13.5076906499453 13.4790032510646 13.0117572417948 13.4123050486669 13.5057781566866 13.5098422048613 13.3276772219688 12.9576097764075 12.9533066665754 12.9518722966313 13.0154626974836 13.0137892658822 13.0074541319627 12.9572511839215 12.8855326867197 13.056939895032 12.97984251054 11.70345817034 12.148194816988 12.0672963521443 12.3056886368431 12.592693022918 11.6131270155311 11.5519272312522 11.8725089137442 12.5997344753705
12.7352824350819 12.7983947126195 12.8679616549052 12.8048493773676 13.0293282736093 12.8342539612204 12.8837397242896 12.9353770422749 12.8364055161364 12.741019914858 12.7560807992704 12.7238074755296 13.2301400657743 13.1096529904753 13.1182592101395 13.3276772219688 13.0601672274061 13.3539740042761 13.3212225572206 13.335566256661 13.3391521815211 13.3628192855977 13.3147678924724 13.3721426902339 13.3205053722486 13.2753227190115 13.2036042218097 13.256675909739 13.3298287768848 13.3233741121367 13.6217230604962 13.5571764130145 13.4417096325196 13.218665106222 13.017853314057 13.1261482448317 13.3800317249261 12.8012634525076 13.3080741660669 13.3049663645215 13.1426434991881 13.0221564238891 13.1648762333207 13.1773074395023 12.8837397242896 13.0962655376643 12.9427281882381 12.9721925375052 12.9413535837084 12.3931852034293 12.7349238425959 12.1371501684189 11.5347147919238 12.0368467273324 12.2902179324467 11.8729392247275 16.9666737699881 17.6799996048212 -9999 -9999 -9999 -9999
12.779747903347 12.8901943890378 12.9282051925547 12.9310739324428 12.9583269613795 12.9081240133382 12.9662159960717 12.9619128862396 13.0910061812028 13.0465407129377 13.2659993143752 13.375011430122 13.3061616728082 13.2265541409142 13.2387462854385 13.2803430138156 13.4036988290027 13.4273659330793 13.5184484245256 13.4101534937508 13.337000626605 13.4008300891146 13.1787418094464 13.3408734254539 13.3398693664931 13.2258369559422 13.2695852392353 12.9267708226107 13.415173788555 13.3068788577802 13.4711142163724 13.2315744357184 12.8550523254089 12.6075583114289 12.8432187733706 13.0400860481896 13.2600227729417 13.2999460697174 13.1926671509864 12.8316242829897 12.9437442002818 13.096743660979 12.8152485594619 12.6793420072645 12.7463988021482 12.7087465911172 12.8053275006823 12.7756838551722 12.3655018635094 12.1345204901882 11.5676028456406 12.5452284174971 12.076667569112 14.673311825376 16.9312274460681 17.8949996000156 -9999 -9999 -9999 -9999 -9999 -9999
12.9984893198125 12.9884487302043 13.0895718112588 13.1218451349996 13.1813714876771 13.3140507075004 13.3248084820807 13.4409924475476 13.3176366323605 13.2208166611381 13.3470412162133 13.2272713258862 13.0300454585813 13.3391521815211 13.2530899848789 13.2781914588995 13.3606677306816 13.3427381063811 13.5327921239659 13.2516556149349 13.1347544644959 13.0501266377978 13.271497732494 13.004465861246 13.1574653219432 13.0702078170143 13.1964323720895 13.059450042434 12.8567257570103 16.8199996240437 17.8049996020272 17.7149996040389 17.634999605827 -9999 -9999 17.19999961555 12.6712480625803 12.6912950901315 12.4774544376414 12.7348043117672 12.7685120054521 12.6048743010033 12.857562472811 12.7101809610613 12.8748944429681 12.7524948744103 12.5672220899723 12.0960315633565 12.0508489101194 11.4708853294142 11.2179580959491 11.465147849638 11.730745350942 17.4649996096268 -9999 -9999 -9999 -9999 -9999 -9999 -9999 -9999
13.1089358055033 13.0730765569024 13.2308572507463 13.2315744357184 13.3097475976683 13.3893551295623 13.1162510922179 13.4833063608967 13.416608158499 13.4682454764843 13.3413037364371 13.3549302509055 13.0604541013949 13.2073335836641 13.2229682160541 13.3111819676124 13.2997070080601 13.3326975167729 13.0551469326019 13.1060670656152 13.1698965281248 13.1397747593001 13.1842402275652 12.8550523254089 13.0987517789006 13.0465407129377 13.0766624817625 12.9547410365194 12.9848628053442 -9999 -9999 -9999 -9999 -9999 16.3799996338785 13.5189768766102 11.8526667961851 12.5327972113155 12.5696127065457 12.4383678566664 12.5057832440361 13.1741996379569 13.2200994761661 12.7828557048924 12.7171137491241 12.5959094888531 12.486658311449 12.2851293343119 12.2551783238138 11.7960569957271 10.8899655020796 11.1671062662665 11.094064392033 -9999 -9999 -9999 -9999 -9999 -9999 -9999 -9999 -9999
13.3836176497862 13.3298287768848 13.2079073316418 13.2358775455505 13.2200994761661 13.1949980021454 13.3699911353178 13.1799371177331 13.696310297586 13.2098795903148 13.3264819136821 13.3654489638284 13.5569971167715 13.5561006355565 13.3748679931276 13.3477584011853 13.7604983525816 13.6943021796644 12.5929929366335 15.5799453990933 13.9399037324297 13.1326029095799 13.5597582789138 12.8701132098213 12.9418317070231 12.9949033949524 13.0027924296446 12.9497207417153 12.8909115740098 15.8149996465072 -9999 -9999 -9999 -9999 -9999 14.3849996784702 11.5106890953612 11.8629464474507 12.6913548555458 12.3623462496325 12.1658375672996 11.4766228091903 12.2624184768647 12.0489364168607 12.1510157445446 12.1409751549363 12.459780950831 11.9468092768453 11.9579973624088 12.2657653400674 11.4049043119885 11.1481520920061 11.3574804557138 18.1849995935336 -9999 -9999 -9999 -9999 -9999 -9999 -9999 -9999
13.5849673306802 13.5480323046213 13.3104647826403 13.0373607452959 13.1458708315622 13.0501266377978 13.735576174804 13.6896763365949 13.6532791992649 13.5076906499453 13.020004868973 13.2633696361445 13.5538295498118 13.4405143242329 13.5117546981201 13.6834009680897 13.6647541588172 13.7287629175698 13.3840957731009 13.5803653937764 13.1691793431528 13.0482824478698 13.1627246784046 12.8650929150172 12.8851740942337 12.9102755682543 12.8751335046254 12.0797753706574 12.2915405333042 12.7893445213059 19.1799995712936 24.7149994475767 -9999 -9999 -9999 -9999 13.818260430228 11.4486525952816 13.7897164683416 12.8490941733337 11.3360545546748 11.2932027525967 12.261043872335 11.7288328576833 11.8213497190736 11.1878363271244 11.6851443398045 12.4965622943959 12.3694156443567 11.0527664907277 11.1201818780974 11.8196328217164 10.7949384932872 9.86999977938831 -9999 -9999 -9999 -9999 -9999 -9999 -9999 -9999
13.3747723684646 13.2667164993472 13.2416150253266 13.3699911353178 13.3226569271646 13.1949980021454 13.5978168947622 13.2602618345991 13.5951872165315 13.614730507019 13.428561241366 13.4146956652403 13.5167271805927 13.6821100351401 13.616702765692 13.6511276443489 13.8387432330288 13.7476607415825 13.6403698697686 13.6742568596965 13.2667164993472 13.2616962045431 13.3773585809395 12.8925850056112 12.1651203823276 12.7873761435039 12.2332529546693 12.2440107292496 12.0733207059093 12.0876644053496 17.6249996060506 18.7249995814636 -9999 -9999 -9999 -9999 -9999 -9999 -9999 -9999 -9999 -9999 -9999 -9999 -9999 -9999 13.8734238037192 11.5779508002368 11.1319642026377 12.3885235011112 15.807915354458 -9999 -9999 -9999 -9999 -9999 -9999 -9999 -9999 -9999 -9999 -9999
13.6685193799203 13.2122104414739 13.3879207596183 13.3628192855977 13.6391745614819 13.7289422138128 13.7090403308393 13.5949481548741 13.5172531162389 13.4938250738196 13.3417818597518 13.3233741121367 13.3173975707032 13.3133335225284 13.6033631252125 13.6165593286976 13.2000182969496 13.7763481404632 13.6267433553003 13.4201940833591 13.4747001412325 13.0180326103 12.3702352843247 12.223212365061 17.2522266285837 17.0449996190146 12.3738212091848 12.3064058218151 12.3558915848844 11.9392071161419 11.2682805748191 17.3599996119738 19.152565746131 -9999 -9999 -9999 -9999 -9999 -9999 -9999 -9999 -9999 -9999 -9999 -9999 -9999 -9999 -9999 -9999 -9999 -9999 -9999 -9999 -9999 -9999 -9999 -9999 -9999 -9999 -9999 -9999 -9999
13.6911107065389 13.3958097943105 13.4194768983871 13.4445783724077 13.6663678250043 13.7422101357952 13.7061715909513 13.655072161695 13.5885532555403 13.4213893916458 13.4125441103242 13.3436943530105 13.3248084820807 13.5553117320873 13.536378048826 13.5612404611893 13.3929410544224 13.4747001412325 13.3587552374229 13.191173015628 12.7646870189346 12.4806817700155 12.4405194115825 12.3350932206959 12.3530228449963 12.3910336485133 12.3322244808078 12.4046601629816 12.6044939756393 12.1679891222157 11.4016769796144 11.2416730123572 -9999 -9999 -9999 -9999 -9999 -9999 -9999 -9999 -9999 -9999 -9999 -9999 -9999 -9999 -9999 -9999 -9999 -9999 -9999 -9999 -9999 -9999 -9999 -9999 -9999 -9999 -9999 -9999 -9999 -9999
13.7544022803195 13.4847407308407 13.4883266557008 13.4940641354769 13.7773521994241 13.7056337022223 13.6923657802399 13.6296120951883 13.2251197709702 13.1498153489083 13.2150791813619 13.3781192316674 13.3044882412069 13.3343709483743 13.2075487391558 13.2703024242073 13.1498153489083 13.4005432151258 13.3879207596183 13.2829248797148 12.9817071914673 12.4778130301274 12.4519943711348 12.4039429780096 12.4792474000715 12.5086519839242 12.0869472203776 11.8478377507068 11.7841517251916 11.4077730518766 11.2951750112697 13.7257148814388 21.4499995205551 -9999 -9999 -9999 -9999 -9999 -9999 -9999 -9999 -9999 -9999 -9999 -9999 -9999 -9999 -9999 -9999 -9999 -9999 -9999 -9999 -9999 -9999 -9999 -9999 -9999 -9999 -9999 -9999 -9999
13.4201940833591 13.4804376210086 13.3879207596183 13.7707182384329 13.6862697079778 13.0702078170143 13.5912426991854 13.0723593719304 12.9762565856799 13.1096529904753 13.1110873604193 12.1658375672996 13.020004868973 12.5425031146035 14.2725684226025 13.2561021617614 13.3339884497225 13.057836376247 12.9538445553044 12.8748944429681 13.2796258288436 12.6721701575443 12.3860133537091 12.3078401917592 12.1364329834469 12.2361216945574 12.6277046892792 12.0274208677001 12.0890987752937 12.140018908307 11.4938352485187 11.891087419686 13.5229775634545 -9999 -9999 -9999 -9999 -9999 -9999 -9999 -9999 -9999 -9999 -9999 -9999 -9999 -9999 -9999 -9999 -9999 -9999 -9999 -9999 -9999 -9999 -9999 -9999 -9999 -9999 -9999 -9999 -9999
