EcologicalScience/Bass/data/rs_data_bass/sst_68.asc
NCOLS 226 
NROWS 124 
XLLCORNER -9.41648524995501 
YLLCORNER 47.587301625531 
CELLSIZE 0.0833 
NODATA_value -9999 
[rows 81 to 107 of 124, columns 62 to 123 of 226]
14.6887496716809 -9999 -9999 -9999 -9999 -9999 -9999 -9999 -9999 -9999 -9999 -9999 -9999 -9999 -9999 -9999 -9999 -9999 -9999 -9999 -9999 -9999 -9999 -9999 -9999 -9999 -9999 -9999 -9999 -9999 -9999 -9999 -9999 -9999 -9999 -9999 -9999 -9999 -9999 -9999 -9999 -9999 -9999 -9999 -9999 -9999 -9999 -9999 -9999 -9999 -9999 -9999 -9999 -9999 -9999 -9999 -9999 -9999 -9999 -9999 -9999 -9999
16.0899996403605 -9999 -9999 -9999 -9999 -9999 -9999 -9999 -9999 -9999 -9999 -9999 -9999 -9999 -9999 -9999 -9999 -9999 -9999 -9999 -9999 -9999 -9999 -9999 -9999 -9999 -9999 -9999 -9999 -9999 -9999 -9999 -9999 -9999 -9999 -9999 -9999 -9999 -9999 -9999 -9999 -9999 -9999 -9999 -9999 -9999 -9999 -9999 -9999 -9999 -9999 -9999 -9999 -9999 -9999 -9999 -9999 -9999 -9999 -9999 -9999 -9999
-9999 -9999 -9999 -9999 -9999 -9999 -9999 -9999 -9999 -9999 -9999 -9999 -9999 -9999 -9999 -9999 -9999 -9999 -9999 -9999 -9999 -9999 -9999 -9999 -9999 -9999 -9999 -9999 -9999 -9999 -9999 -9999 -9999 -9999 -9999 -9999 -9999 -9999 -9999 -9999 -9999 -9999 -9999 -9999 -9999 -9999 -9999 -9999 -9999 -9999 -9999 -9999 -9999 -9999 -9999 -9999 -9999 -9999 -9999 -9999 15.3249996574596 -9999
-9999 -9999 -9999 -9999 -9999 -9999 -9999 -9999 -9999 -9999 -9999 -9999 -9999 -9999 -9999 -9999 -9999 -9999 -9999 -9999 -9999 -9999 -9999 -9999 -9999 -9999 -9999 -9999 -9999 -9999 -9999 -9999 -9999 11.3199997469783 11.209999749437 11.1449997508898 -9999 -9999 -9999 -9999 -9999 -9999 -9999 -9999 -9999 -9999 -9999 -9999 -9999 -9999 -9999 -9999 -9999 -9999 -9999 -9999 17.2699996139854 13.8429163572534 17.8149996018037 17.8349996013567 17.7949996022508 17.5149996085092
-9999 -9999 -9999 -9999 -9999 -9999 -9999 -9999 -9999 -9999 -9999 -9999 -9999 -9999 -9999 -9999 -9999 -9999 -9999 -9999 -9999 -9999 -9999 -9999 -9999 -9999 -9999 -9999 -9999 -9999 -9999 -9999 -9999 17.054999618791 17.054999618791 16.8199996240437 17.0149996196851 17.0149996196851 17.2799996137619 17.0349996192381 16.8287496238481 -9999 15.8699996452779 15.9824996427633 16.5474996301346 16.6174996285699 16.1974996379577 16.514999630861 16.784999624826 17.0099996197969 17.9799995981157 15.0574996634386 15.8999996446073 -9999 17.8399996012449 17.5749996071681 16.8899996224791 16.5949996290728 16.6299996282905 17.1249996172264 17.0899996180087 17.1249996172264
-9999 -9999 -9999 -9999 -9999 -9999 -9999 -9999 -9999 -9999 -9999 -9999 -9999 15.12071394774 14.9216663331414 16.7599996253848 16.7449996257201 16.7199996262789 16.5999996289611 -9999 -9999 -9999 -9999 -9999 -9999 11.894999734126 11.894999734126 17.0075858267474 15.1824996606447 15.1849996605888 15.3699996564537 15.4874996538274 16.2999996356666 16.389999633655 16.4099996332079 -9999 18.6819226593496 15.9724996429868 16.2649996364489 16.2649996364489 15.769999647513 15.5499996524304 15.334999657236 16.5999996289611 17.0149996196851 16.6249996284023 16.1599996387959 15.9049996444955 15.7599996477365 16.1449996391311 16.1849996382371 16.3449996346608 14.7199996709824 16.494999631308 16.6749996272847 16.0499996412545 15.519999653101 15.479999653995 16.4099996332079 16.2699996363372 16.5199996307492 18.10999959521
-9999 -9999 -9999 -9999 -9999 -9999 -9999 -9999 13.9136680386896 11.9088886227045 16.5449996301904 16.6099996287376 16.7599996253848 16.7699996251613 16.7149996263906 16.6999996267259 16.5549996299669 15.9649996431544 16.5199996307492 16.1499996390194 15.4049996556714 13.9224996888079 13.8824996897019 13.6724996943958 14.9949996648356 14.8449996681884 11.8559372349991 15.9449996436015 15.9449996436015 14.7199996709824 15.9099996443838 16.099999640137 15.4699996542186 14.5499996747822 15.4549996545538 15.5099996533245 14.1874996828847 14.6549996724352 16.2199996374547 16.2349996371195 16.0099996421486 15.9449996436015 15.1049996623769 14.8849996672943 13.4724996988662 13.2874997030012 14.4399996772408 14.5849996739998 14.3499996792525 15.0349996639416 13.5824996964075 14.629999672994 14.7099996712059 14.8549996679649 14.1849996829405 15.0399996638298 15.064999663271 15.1449996614829 16.2999996356666 17.65499960538 17.9599995985627 18.9999995753169
-9999 -9999 -9999 -9999 -9999 -9999 -9999 -9999 16.494999631308 16.4849996315315 16.4549996322021 16.5499996300787 16.6799996271729 16.7199996262789 16.7049996266142 16.639999628067 16.7049996266142 16.7049996266142 16.4549996322021 15.8549996456131 15.0799996629357 13.6074996958487 13.697499693837 13.6699996944517 13.614999695681 13.8049996914342 13.9924996872433 14.0874996851198 13.9724996876903 14.6849996717647 14.6849996717647 14.9299996662885 15.5349996527657 15.1099996622652 15.0999996624887 15.3599996566772 14.8149996688589 14.7249996708706 15.3399996571243 15.644999650307 15.3949996558949 15.0949996626005 13.7924996917136 16.6949996268377 16.784999624826 16.6849996270612 16.6999996267259 14.8049996690825 15.2049996601418 15.1299996618181 16.4049996333197 15.66499964986 14.7699996698648 14.4499996770173 15.1599996611476 14.8749996675178 14.5949996737763 13.5649996967986 15.1999996602535 15.624999650754 15.9599996432662 17.2249996149912
-9999 -9999 -9999 -9999 -9999 -9999 -9999 -9999 14.8349996684119 16.3999996334314 16.4999996311963 16.5599996298552 16.6349996281788 16.6149996286258 16.5799996294081 16.4299996327609 15.9499996434897 14.0549996858463 14.5699996743351 14.774999669753 14.7249996708706 13.2999997027218 13.0224997089244 13.7866663585107 13.7499996926636 13.6249996954575 13.6474996949546 13.5549996970221 13.4749996988103 13.5149996979162 14.8499996680766 14.7549996702 14.4449996771291 14.4349996773526 14.5649996744469 14.6449996726587 14.2599996812642 14.4799996763468 14.4799996763468 14.3474996793084 14.194999682717 16.7899996247143 16.7899996247143 14.0749996853992 14.2899996805936 13.9549996880814 14.1799996830523 17.0849996181205 17.074999618344 16.9999996200204 16.9699996206909 14.234999681823 14.4599996767938 14.9699996653944 14.9149996666238 15.3049996579066 15.3849996561185 14.6699996720999 14.5099996756762 15.1849996605888 16.2549996366724 16.224999637343
9.62283080793727 9.40499978978187 -9999 -9999 -9999 -9999 -9999 -9999 14.6883330050235 16.5449996301904 16.5499996300787 16.6949996268377 16.784999624826 16.7099996265024 16.5599996298552 16.4849996315315 16.5049996310845 15.0249996641651 13.9999996870756 14.6949996715412 14.4599996767938 14.504999675788 13.6299996953458 13.7166663600753 13.606666362534 13.4883330318456 13.2324997042306 13.2549997037277 13.2699997033924 13.5566663636516 13.3849997008219 14.4049996780232 14.2749996809289 14.359999679029 14.3299996796995 14.0849996851757 13.0824997075833 14.1849996829405 14.0349996862933 13.427499699872 13.3749997010455 13.8599996902049 13.7699996922165 14.1349996840581 14.0999996848404 16.2749996362254 17.4649996096268 17.6099996063858 17.7099996041507 17.3099996130913 17.2349996147677 14.8049996690825 14.504999675788 14.6199996732175 14.8099996689707 14.629999672994 13.944999688305 15.064999663271 15.1149996621534 14.4949996760115 15.6399996504188 16.1799996383488
16.6499996278435 16.4649996319786 16.5399996303022 13.4383330329632 13.4299996998161 -9999 16.1899624452926 13.8674996900372 16.8149996241555 16.9049996221438 16.8899996224791 16.8199996240437 16.8999996222556 16.8599996231496 16.6699996273965 14.9499996658415 13.3199997022748 13.1599997058511 13.7299996931106 13.7949996916577 13.179999705404 12.7474997150712 13.469999698922 13.2516663704688 13.268333036763 13.1666663723687 13.2899997029454 13.1749997055158 13.1666663723687 13.1983330383276 14.1449996838346 14.1399996839464 14.0449996860698 13.9299996886402 13.9849996874109 14.0249996865168 14.1549996836111 14.1349996840581 14.1149996845052 14.1149996845052 12.7824997142889 14.1199996843934 14.1149996845052 14.0549996858463 14.1149996845052 17.489999609068 17.7899996023625 17.8449996011332 17.924999599345 13.2324997042306 13.4174997000955 12.7249997155741 13.8949996894225 14.6699996720999 14.794999669306 14.6399996727705 14.5149996755645 15.3249996574596 14.6649996722117 15.4099996555597 16.2599996365607 16.3099996354431
16.6649996275082 16.6449996279553 16.5649996297434 14.9774996652268 12.9416663773979 15.0724996631034 13.3599997013807 13.5774996965192 17.1649996163324 17.2099996153265 17.19999961555 17.2999996133149 17.3499996121973 17.3399996124208 17.2649996140972 17.1399996168911 16.3749996339902 15.9099996443838 13.4449996994808 12.8099997136742 12.7199997156858 12.6499997172505 12.537499719765 12.5649997191504 13.1116663735981 13.1366663730393 13.0233330422392 13.0816663742686 13.1266663732628 13.1916663718099 14.0949996849522 14.0149996867403 14.0349996862933 14.0299996864051 14.0399996861815 13.7299996931106 13.7949996916577 12.6074997182004 12.6049997182563 12.6024997183122 12.619999717921 12.6624997169711 14.4699996765703 14.1349996840581 14.1749996831641 13.6599996946752 15.3699996564537 17.7249996038154 17.8699996005744 13.5174996978603 16.5849996292964 16.5649996297434 16.5649996297434 14.5099996756762 14.089999685064 13.4249996999279 13.9199996888638 14.8349996684119 15.0949996626005 16.2549996366724 16.3949996335432 16.5949996290728
16.8199996240437 16.7999996244907 16.9849996203557 17.1699996162206 17.344999612309 17.779999602586 17.7199996039271 17.8099996019155 17.8499996010214 17.8699996005744 17.8299996014684 18.1599995940924 18.234999592416 17.8999995999038 17.2999996133149 18.669999582693 17.819999601692 17.4249996105209 17.4399996101856 12.7149997157976 12.6449997173622 12.5174997202121 12.4024997227825 13.1433330395569 13.1099997069687 13.0216663756097 13.0499997083098 13.0783330410098 13.1416663729275 13.1283330398922 13.9649996878579 13.6749996943399 13.9299996886402 14.1399996839464 14.3149996800348 14.1399996839464 13.944999688305 13.7749996921048 13.5949996961281 12.7599997147918 13.8449996905401 13.7849996918812 14.0949996849522 13.8849996896461 13.8799996897578 13.9349996885285 13.2349997041747 13.4949996983632 12.784999714233 12.76499971468 12.3049997249618 15.9849996427074 15.809999646619 13.034999708645 13.0499997083098 13.2799997031689 13.4799996986985 15.084999662824 15.6699996497482 16.369999634102 16.7099996265024 16.3649996342137
16.8799996227026 17.1449996167794 17.2699996139854 17.364999611862 17.2949996134266 17.3749996116385 17.6449996056035 17.6399996057153 17.7399996034801 17.819999601692 18.0199995972216 18.2999995909631 17.9699995983392 18.3199995905161 18.4499995876104 18.3049995908514 18.1899995934218 17.3049996132031 15.8699996452779 15.2349996594712 12.8299997132272 12.7299997154623 12.6499997172505 13.0583330414568 13.0866663741569 13.0849997075275 13.4099997002631 12.7924997140653 12.8299997132272 14.21499968227 13.7299996931106 13.7699996922165 14.0649996856228 14.21499968227 14.2749996809289 14.1199996843934 14.2599996812642 13.0049997093156 13.3599997013807 13.4799996986985 14.0149996867403 14.0649996856228 13.7549996925518 14.5999996736646 15.6149996509776 13.2249997043982 12.7749997144565 12.7749997144565 12.7899997141212 13.7149996934459 13.8449996905401 13.75999969244 14.774999669753 13.5899996962398 13.8199996910989 13.8899996895343 14.2799996808171 13.9649996878579 13.924999688752 16.079999640584 16.3449996346608 15.9699996430427
17.1649996163324 17.2799996137619 17.3349996125326 17.3599996119738 17.1099996175617 17.2449996145442 17.4949996089563 17.4649996096268 17.4649996096268 17.0249996194616 15.9099996443838 17.2749996138737 17.2849996136501 12.7999997138977 12.9124997113831 12.9274997110479 16.9199996218085 12.8749997122213 12.8749997122213 12.8224997133948 12.8624997125007 12.8074997137301 12.8699997123331 13.4383330329632 13.4033330337455 13.5899996962398 13.6766663609693 13.4316663664455 12.9949997095391 13.1674997056834 14.2849996807054 14.4099996779114 14.4349996773526 14.4049996780232 14.1599996834993 13.924999688752 13.924999688752 13.9299996886402 14.939999666065 14.6899996716529 14.6199996732175 14.4799996763468 14.4199996776879 14.4299996774644 13.4099997002631 13.4174997000955 13.4199997000396 13.4199997000396 13.4249996999279 13.7924996917136 13.799999691546 13.7774996920489 13.9399996884167 14.1999996826053 14.9499996658415 15.064999663271 15.1499996613711 15.0349996639416 14.9449996659532 16.0549996411428 16.804999624379 16.9649996208027
17.0399996191263 16.1249996395782 15.9849996427074 15.1149996621534 17.0199996195734 14.9374996661209 14.7674996699207 14.5099996756762 15.5749996518716 15.5749996518716 13.4149997001514 13.0974997072481 13.2899997029454 13.2349997041747 13.2074997047894 13.0699997078627 13.6016663626457 13.1199997067451 13.1199997067451 12.929999710992 12.9799997098744 13.0199997089803 12.9499997105449 12.8574997126125 13.4824996986426 13.4349996997043 13.5374996974133 13.4649996990338 13.5499996971339 13.5674996967427 13.6049996959046 14.4899996761233 14.484999676235 14.379999678582 14.1049996847287 14.2649996811524 14.3699996788055 14.7499996703118 14.6949996715412 14.7499996703118 14.4449996771291 14.194999682717 13.5999996960163 14.3699996788055 16.5199996307492 13.6849996941164 13.509999698028 13.364999701269 13.9724996876903 13.7499996926636 14.0999996848404 14.1699996832758 14.1899996828288 14.6849996717647 15.3599996566772 15.5649996520951 15.954999643378 15.1999996602535 17.65499960538 17.1499996166676 16.8399996235967 16.8349996237084
16.8749996228144 17.1049996176735 15.1299996618181 15.5533329856892 17.1449996167794 17.1799996159971 17.1799996159971 14.484999676235 15.334999657236 15.334999657236 14.1774996831082 13.9574996880256 13.509999698028 13.2699997033924 13.364999701269 13.2299997042865 13.0699997078627 13.2024997049011 13.1499997060746 13.0499997083098 13.1849997052923 13.1824997053482 13.0174997090362 12.9224997111596 13.1149997068569 13.3049997026101 13.5799996964633 13.3424997017719 13.6024996959604 13.6849996941164 13.6599996946752 13.8349996907637 13.944999688305 13.944999688305 14.359999679029 14.3474996793084 14.3199996799231 14.194999682717 14.7699996698648 14.7699996698648 14.0749996853992 14.0199996866286 16.514999630861 16.6349996281788 16.5499996300787 14.3949996782467 13.8549996903166 14.8674996676855 13.9749996876344 14.0549996858463 14.4949996760115 15.6349996505305 15.2349996594712 15.7349996482953 15.8449996458367 15.7799996472895 15.9649996431544 18.1147054774577 -9999 -9999 -9999 -9999
16.9249996216968 16.65999962762 17.1749996161088 17.1749996161088 14.5649996744469 16.7349996259436 16.9599996209145 14.1874996828847 14.2224996821024 14.1049996847287 15.3849996561185 15.354999656789 15.3099996577948 13.9024996892549 14.089999685064 13.8049996914342 13.447499699425 13.4424996995367 13.7349996929988 13.7049996936694 13.7424996928312 13.6299996953458 13.0974997072481 13.0974997072481 13.4999996982515 13.4049997003749 13.6683330278223 13.9066663558284 13.7966663582871 13.6499996948987 13.7049996936694 13.21999970451 13.21999970451 13.9883330206697 14.1199996843934 14.5349996751174 14.5374996750616 14.3049996802583 14.5099996756762 14.4899996761233 13.9574996880256 17.2949996134266 17.4549996098503 17.2949996134266 14.8799996674061 14.1299996841699 13.6899996940047 13.8749996898696 14.0349996862933 14.1249996842816 16.6199996285141 17.7199996039271 16.369999634102 16.0149996420369 16.0399996414781 18.4688177690079 -9999 -9999 -9999 -9999 -9999 -9999
15.7799996472895 16.0899996403605 14.7899996694177 14.5999996736646 14.4249996775761 16.7799996249378 16.7299996260554 13.7749996921048 13.9624996879138 14.0349996862933 15.3299996573478 15.2799996584654 15.2149996599182 14.2749996809289 15.0233329975357 15.0199996642768 13.6774996942841 13.5274996976368 13.5449996972457 13.6699996944517 13.0899997074157 13.8149996912107 13.5574996969663 13.7199996933341 13.6649996945634 13.6274996954016 13.6124996957369 13.7349996929988 13.8549996903166 14.0559996858239 16.0392619365765 16.5297218527541 17.8585522324092 18.0830765188887 -9999 14.7974996692501 16.3549996344373 16.0199996419251 15.5499996524304 14.1474996837787 14.7624996700324 16.8149996241555 17.65499960538 14.5749996742234 14.5549996746704 14.4549996769056 14.4899996761233 14.7549996702 14.6349996728823 14.9149996666238 16.7699996251613 18.1649995939806 20.7299995366484 -9999 -9999 -9999 -9999 -9999 -9999 -9999 -9999 -9999
14.9349996661767 15.3216663242007 16.5049996310845 16.514999630861 16.4549996322021 14.0724996854551 16.20499963779 16.3199996352196 16.3349996348843 14.0799996852875 14.2224996821024 14.3224996798672 14.3099996801466 14.3674996788613 14.1224996843375 14.1574996835552 13.9199996888638 13.9199996888638 13.4999996982515 13.5124996979721 13.6024996959604 13.799999691546 13.799999691546 13.9749996876344 13.9749996876344 13.7949996916577 13.7449996927753 13.8049996914342 14.0049996869639 -9999 -9999 -9999 -9999 -9999 16.3799996338785 15.2374996594153 15.2424996593036 14.4599996767938 15.2624996588565 15.479999653995 15.4599996544421 16.1549996389076 16.7099996265024 15.9699996430427 14.5949996737763 14.939999666065 15.0799996629357 15.2949996581301 15.3649996565655 16.6299996282905 16.8499996233732 17.4499996099621 16.4117853474537 -9999 -9999 -9999 -9999 -9999 -9999 -9999 -9999 -9999
14.6349996728823 14.5849996739998 16.639999628067 16.5699996296316 15.5849996516481 13.9024996892549 13.9399996884167 16.5249996306375 16.4749996317551 16.4749996317551 16.5249996306375 14.774999669753 14.7399996705353 14.6649996722117 14.3774996786378 14.3349996795878 14.2374996817671 13.9749996876344 13.4724996988662 13.5374996974133 13.4949996983632 13.8024996914901 13.8899996895343 14.1049996847287 14.3824996785261 14.339999679476 14.132499684114 14.2099996823817 14.359999679029 13.6422219172948 -9999 -9999 -9999 -9999 -9999 18.2218745927094 15.4924996537156 15.4774996540509 15.479999653995 15.1774996607564 15.2949996581301 14.9799996651709 14.7049996713176 15.3199996575713 17.5049996087328 15.3499996569008 15.2549996590242 15.9199996441603 17.5999996066093 19.6799995601177 19.8249995568767 18.6799995824695 19.4299995657057 19.4299995657057 14.794999669306 -9999 -9999 -9999 -9999 -9999 -9999 -9999
15.2733329919477 14.5349996751174 15.2649996588007 15.2716663253183 14.7699996698648 14.6849996717647 14.7399996705353 16.2549996366724 16.2549996366724 16.4499996323138 16.4449996324256 14.8024996691383 14.6949996715412 15.2249996596947 15.1033329957475 15.0016663313533 14.8116663356001 14.6449996726587 13.7324996930547 13.6799996942282 13.5649996967986 13.6924996939488 14.3499996792525 14.8424996682443 16.7299996260554 16.7399996258318 16.6449996279553 16.2699996363372 15.6474996502511 15.5349996527657 13.4061108114612 24.7149994475767 -9999 -9999 -9999 -9999 15.7033329823365 15.528332986248 15.5599996522069 15.3149996576831 15.9999996423721 15.9599996432662 15.789999647066 16.224999637343 16.0449996413663 15.8899996448308 15.954999643378 18.7449995810166 18.9499995764345 20.1799995489419 19.4299995657057 19.0549995740876 19.2199995703995 9.86999977938831 -9999 -9999 -9999 -9999 -9999 -9999 -9999 -9999
15.4666663209597 15.431666321742 15.3566663234184 14.9324996662326 14.4099996779114 14.4099996779114 14.8124996689148 15.1299996618181 15.0399996638298 15.0574996634386 14.9799996651709 14.7549996702 14.9124996666797 16.6249996284023 16.7399996258318 16.8249996239319 14.6599996723235 14.851666334706 14.5849996739998 14.4316663440938 14.3583330123996 14.8883330005532 15.3074996578507 15.4699996542186 16.2399996370077 16.3849996337667 16.4499996323138 15.6924996492453 15.7024996490218 16.5699996296316 15.977499642875 -9999 -9999 -9999 -9999 -9999 -9999 -9999 -9999 -9999 -9999 -9999 -9999 -9999 -9999 -9999 17.413332944115 20.0749995512888 20.224999547936 20.3299995455891 18.5149995861575 -9999 -9999 -9999 -9999 -9999 -9999 -9999 -9999 -9999 -9999 -9999
14.8149996688589 16.4149996330962 16.514999630861 15.5449996525422 14.3149996800348 15.437499654945 15.2899996582419 15.1224996619858 15.0874996627681 14.2949996804819 14.2924996805377 14.339999679476 14.8324996684678 16.6099996287376 17.1799996159971 17.3349996125326 14.7574996701442 14.6449996726587 14.5383330083763 14.7274996708147 14.9549996657297 15.1399996615946 15.084999662824 15.0624996633269 14.4916663427527 17.9770366352189 14.9024996669032 16.6099996287376 16.7299996260554 15.7174996486865 15.9249996440485 16.079999640584 18.8199995793402 -9999 -9999 -9999 -9999 -9999 -9999 -9999 -9999 -9999 -9999 -9999 -9999 -9999 -9999 -9999 -9999 -9999 -9999 -9999 -9999 -9999 -9999 -9999 -9999 -9999 -9999 -9999 -9999 -9999
14.8699996676296 15.189999660477 16.4449996324256 16.5749996295199 14.7299996707588 14.4399996772408 14.3049996802583 14.4349996773526 14.4349996773526 14.5624996745028 14.5949996737763 14.4374996772967 14.4374996772967 14.8066663357119 14.5449996748939 15.0899996627122 14.567499674391 14.4124996778555 15.4349996550009 15.3574996567331 15.1974996603094 15.1874996605329 14.8666663343708 14.7349996706471 14.8983330003296 17.0799996182323 15.1249996619299 15.2399996593595 16.6849996270612 15.8124996465631 15.8949996447191 15.6474996502511 -9999 -9999 -9999 -9999 -9999 -9999 -9999 -9999 -9999 -9999 -9999 -9999 -9999 -9999 -9999 -9999 -9999 -9999 -9999 -9999 -9999 -9999 -9999 -9999 -9999 -9999 -9999 -9999 -9999 -9999
16.3549996344373 16.2999996356666 16.4649996319786 16.494999631308 16.369999634102 14.4374996772967 14.0324996863492 14.132499684114 14.4899996761233 13.5149996979162 13.5149996979162 14.6049996735528 14.3749996786937 14.7899996694177 14.794999669306 14.9799996651709 14.422499677632 14.2849996807054 15.3974996558391 15.519999653101 15.499999653548 14.8474996681325 14.7074996712618 15.7799996472895 15.7599996477365 15.437499654945 15.2999996580184 15.8333329794308 18.3949995888397 18.399999588728 18.8399995788932 19.3149995682761 23.5861453061419 -9999 -9999 -9999 -9999 -9999 -9999 -9999 -9999 -9999 -9999 -9999 -9999 -9999 -9999 -9999 -9999 -9999 -9999 -9999 -9999 -9999 -9999 -9999 -9999 -9999 -9999 -9999 -9999 -9999
16.5799996294081 16.4199996329844 16.244999636896 16.1099996399134 16.1549996389076 14.3249996798113 14.3674996788613 14.2474996815436 14.0549996858463 14.5924996738322 14.8649996677414 14.6424996727146 14.9149996666238 15.1174996620975 15.084999662824 15.0699996631593 15.1149996621534 15.4749996541068 15.624999650754 15.6324996505864 14.9249996664003 15.6949996491894 16.0299996417016 15.2974996580742 15.5674996520393 15.4299996551126 15.2574996589683 15.4299996551126 16.3124996353872 16.267499636393 19.1949995709583 19.1949995709583 17.0999996177852 -9999 -9999 -9999 -9999 -9999 -9999 -9999 -9999 -9999 -9999 -9999 -9999 -9999 -9999 -9999 -9999 -9999 -9999 -9999 -9999 -9999 -9999 -9999 -9999 -9999 -9999 -9999 -9999 -9999
