EcologicalScience/Bass/data/rs_data_bass/sst_335.asc
NCOLS 226 
NROWS 124 
XLLCORNER -9.41648524995501 
YLLCORNER 47.587301625531 
CELLSIZE 0.0833 
NODATA_value -9999 
[rows 81 to 107 of 124, columns 62 to 123 of 226]
12.6384359014531 -9999 -9999 -9999 -9999 -9999 -9999 -9999 -9999 -9999 -9999 -9999 -9999 -9999 -9999 -9999 -9999 -9999 -9999 -9999 -9999 -9999 -9999 -9999 -9999 -9999 -9999 -9999 -9999 -9999 -9999 -9999 -9999 -9999 -9999 -9999 -9999 -9999 -9999 -9999 -9999 -9999 -9999 -9999 -9999 -9999 -9999 -9999 -9999 -9999 -9999 -9999 -9999 -9999 -9999 -9999 -9999 -9999 -9999 -9999 -9999 -9999
14.9043841997562 -9999 -9999 -9999 -9999 -9999 -9999 -9999 -9999 -9999 -9999 -9999 -9999 -9999 -9999 -9999 -9999 -9999 -9999 -9999 -9999 -9999 -9999 -9999 -9999 -9999 -9999 -9999 -9999 -9999 -9999 -9999 -9999 -9999 -9999 -9999 -9999 -9999 -9999 -9999 -9999 -9999 -9999 -9999 -9999 -9999 -9999 -9999 -9999 -9999 -9999 -9999 -9999 -9999 -9999 -9999 -9999 -9999 -9999 -9999 -9999 -9999
-9999 -9999 -9999 -9999 -9999 -9999 -9999 -9999 -9999 -9999 -9999 -9999 -9999 -9999 -9999 -9999 -9999 -9999 -9999 -9999 -9999 -9999 -9999 -9999 -9999 -9999 -9999 -9999 -9999 -9999 -9999 -9999 -9999 -9999 -9999 -9999 -9999 -9999 -9999 -9999 -9999 -9999 -9999 -9999 -9999 -9999 -9999 -9999 -9999 -9999 -9999 -9999 -9999 -9999 -9999 -9999 -9999 -9999 -9999 -9999 15.2215321129863 -9999
-9999 -9999 -9999 -9999 -9999 -9999 -9999 -9999 -9999 -9999 -9999 -9999 -9999 -9999 -9999 -9999 -9999 -9999 -9999 -9999 -9999 -9999 -9999 -9999 -9999 -9999 -9999 -9999 -9999 -9999 -9999 -9999 -9999 11.3199997469783 11.209999749437 11.1449997508898 -9999 -9999 -9999 -9999 -9999 -9999 -9999 -9999 -9999 -9999 -9999 -9999 -9999 -9999 -9999 -9999 -9999 -9999 -9999 -9999 17.2699996139854 14.5644433228362 9.62661157455295 9.7766553638503 9.36566056255251 9.88102968344465
-9999 -9999 -9999 -9999 -9999 -9999 -9999 -9999 -9999 -9999 -9999 -9999 -9999 -9999 -9999 -9999 -9999 -9999 -9999 -9999 -9999 -9999 -9999 -9999 -9999 -9999 -9999 -9999 -9999 -9999 -9999 -9999 -9999 17.2374488435024 11.5010622663137 12.142529055709 12.8187491051587 13.1162731594478 11.3303170748986 11.0693720812336 16.8147039043834 -9999 12.6449171286076 10.2183730032827 10.0186882160737 9.72281867861748 9.28992582950741 7.85985899530351 9.52229376044124 9.9200923582539 10.5115125091532 8.915042999134 15.9632172445394 -9999 14.8223648952031 8.99272437710315 8.96174198631197 9.49805290838703 9.36494337758049 9.32779319602996 9.76914882780984 9.66343576293439
-9999 -9999 -9999 -9999 -9999 -9999 -9999 -9999 -9999 -9999 -9999 13.6949996938929 14.5435833695285 14.1575344261424 11.5677676645472 11.6078676590696 10.2549699278548 10.3760307511315 11.6937115820246 -9999 -9999 -9999 -9999 -9999 -9999 11.894999734126 10.2765136663991 16.3933356123577 9.79023406598717 9.64694050857797 9.90111086266115 9.2497634710744 11.6404995752964 11.4040767908669 17.3249996127561 12.8432878191288 13.0054129131962 12.5172908029053 10.096280799713 10.5481073320843 9.76936398330145 10.5503784178291 9.0423535771668 10.5959196635522 10.084327716846 9.8830378013663 9.69609158532694 9.37335834791884 9.22346668876708 9.99104585815221 8.91483808914199 8.86535232607275 9.11134677147493 9.28777427459136 9.42217473834753 8.89289222899824 9.27845086995512 9.28533584568649 9.4649189626798 9.4528702551499 8.96016417937353 8.79363382887095
-9999 -9999 -9999 -9999 -9999 -9999 -9999 -9999 -9999 15.4904981165236 10.7658925019205 10.3635517326184 10.5243446033448 11.623287135968 11.5230007707141 11.2126987394877 10.1957304491661 10.191427339334 10.2624286515638 10.1648914953694 11.3822233372484 14.1956267061665 10.0083061098121 9.46993925748393 10.5559779774183 11.9787419377244 5.87999986857176 10.2098350869492 9.74999998905696 9.73816643701866 10.188558599446 9.19023711839691 9.53472496662289 9.51177504751831 16.7081198414174 17.4149996107444 13.8094247113727 10.4350311681628 9.3092898237519 10.4352702298202 9.42217473834753 9.41041290480644 8.28012938890606 8.48165836604312 9.54165775468573 9.4649189626798 9.49504073150456 9.01506468898151 8.9826120689977 8.6243781754747 8.77140109473839 8.5565324771218 8.62753378935158 9.05988874973264 8.67415081253275 8.7000411900226 9.20085145598278 9.01423992626369 8.70900600217283 9.00090028578416 8.55767997307703 9.45330056613311
-9999 -9999 -9999 -9999 -9999 -9999 -9999 -9999 14.1283159605163 11.0920323679456 9.90813927538693 10.2150944434106 9.54775382694788 8.96504103718325 9.61265906691551 9.79410686483607 9.74533828673884 9.71880244277418 9.73529769713059 9.76326791103929 9.84000670304522 8.31276130513288 9.72525710752234 9.54022338474169 9.82494581863284 8.91388184251264 8.50508640846238 6.07980589475483 9.56102174893022 9.42953783739358 9.63345743110403 9.48500014189631 9.59974973741919 9.56317330384627 9.7596819861792 9.73529769713059 9.03819390432909 9.69417909206823 9.711630593054 9.25119784101844 8.78000731440261 8.56556900776923 8.8710898058489 8.516800429672 8.43360697291791 8.44866785733029 8.41926327347755 8.44006163766608 8.72926647763234 8.6401562448591 8.78215886931866 8.7717596872244 8.69484159897547 8.91322442295495 9.12655109288171 9.25162815200165 9.16298408946022 8.97608568575233 8.94890437531285 8.90802483190782 8.80080567859113 9.50149539625272
-9999 -9999 -9999 -9999 -9999 -9999 -9999 -9999 13.0118767726235 10.3449049233459 10.3527939580381 10.032212275546 9.94758444884792 9.81562241399661 9.77904598042369 9.69011504389346 9.63632617099211 9.63847772590816 9.71378214797005 9.73673206707463 9.78048035036772 9.73816643701866 9.71808525780216 9.70159000344574 9.55098115932196 9.61265906691551 9.62700276635587 9.33223974285647 9.05612352862954 9.32435070816427 9.47926266212016 9.34658344229683 9.34084596252069 9.42260504933074 9.51368754077703 9.63345743110403 9.67361978953704 9.77259131567553 9.55456708418205 9.38244269089773 9.39248328050599 9.3853114307858 8.58708455692977 8.56628619274125 8.67816704837605 8.68892482295632 8.77426983462647 8.63441876508296 9.88016906147823 9.35106584837195 8.91681034781504 8.85620821767952 9.21049759385642 9.01380961528048 9.39061859957874 9.06616411823779 9.18736837850884 9.03589891241863 9.13931698538363 9.57966855820268 9.46606645863503 9.78507033418864
12.6839298525422 9.40499978978187 -9999 -9999 -9999 -9999 -9999 -9999 11.8132694350556 10.3563798828982 10.2150944434106 10.149113425985 9.83068329840899 9.80486463941634 9.86080506723374 9.81418804405257 9.67505415948108 9.60763877211139 9.65138705540448 9.70230718841776 9.69943844852969 9.6678823097609 9.68724630400538 9.51368754077703 9.46276740776375 9.45702992798761 9.41399882966653 9.38602861575782 9.35518966196105 9.25478376587853 9.03891108930111 9.1780449738726 8.93348489841446 8.91340371919796 8.92057556891814 9.30498671391979 9.29781486419961 9.42977689905092 9.26697591040283 9.26482435548678 9.21031829761341 9.10489210672677 9.13071076571941 9.14433728018776 8.86104921624064 9.08265937259421 9.05325478874147 9.08911403734237 9.11744284373708 8.97382655309048 9.15055288327858 9.05397197371349 10.0401013102382 8.59712514653802 8.97830895916559 9.23972288146615 7.82937863399275 9.08481092751026 9.11593675529584 7.51632739370689 9.07871485524811 9.10991240153089
11.1243415509351 10.4970915744081 10.4807397570461 10.7584815905429 13.4264574987814 -9999 16.1899624452926 10.1445234421641 10.5843012670055 10.4424420795403 10.1182744721882 9.99993895180523 9.90383616555482 9.78550064517185 9.80127871455625 9.83857233310118 9.77976316539571 9.72525710752234 9.70015563350171 9.72597429249436 9.70230718841776 9.71951962774619 9.76972257578745 9.77904598042369 9.70517592830583 9.72525710752234 9.75107576651499 9.74533828673884 9.68652911903337 9.62054810160771 9.80558182438836 9.67003386467695 9.62771995132789 9.65855890512466 9.05253760376945 9.01165806036443 9.10130618186668 8.76279487507418 9.42762534413487 9.57034515356645 7.47377441870049 9.35590684693307 9.25621813582256 9.07477033790201 9.25621813582256 9.46635333262384 9.19525741320103 9.12640765588731 9.94471570895985 10.03006072063 8.95051804149989 8.92595445620827 8.95751059497707 9.17618029294536 9.23742788955569 8.14171268930659 8.4848856984172 9.15308693684637 9.08165531363338 8.23494673566893 9.10173649284989 9.08753623040393
10.6963255596347 10.4367045997642 10.5385448657908 10.311197229661 10.0250404258259 9.89522994589061 10.0874355183914 10.029343535658 10.1390728363767 9.95045318873599 9.89809868577868 9.87299721175805 9.8830378013663 9.80845056427643 9.93395793437958 9.95834222342819 9.8909268360585 9.84430981287733 9.81418804405257 9.76900539081544 9.80773337930441 9.90025024069473 9.90598772047088 9.93037200951949 9.94901881879196 9.91172520024702 9.90957364533097 9.9346751193516 9.90096742566675 9.85793632734567 9.87299721175805 9.98989836219698 9.94758444884792 9.6521042403765 9.67218541959301 9.32435070816427 9.86223943717778 9.77761161047965 9.85363321751356 9.93252356443554 9.96479688817635 9.84000670304522 9.20816674269736 9.60692158713937 9.37096773134544 9.45057526323944 9.11923580616713 9.21892451727763 9.44507684512064 9.10722295788582 9.13644824549556 8.96073792735115 9.01631976268254 9.06168171216268 9.19511397620663 9.18822900047526 8.19370859977789 8.6441007622052 8.46588029665872 9.03934140028432 8.41245001624338 8.4569154845085
10.6740928255022 10.5421307906508 10.3205206342973 10.1605883855373 10.0422528651543 9.96909999800846 9.99778739688918 10.0171513911337 9.89164402103052 9.84215825796127 9.89809868577868 9.91459394013509 9.99276710208505 9.97627184772864 9.94256415404379 9.88949246611446 9.80845056427643 9.87443158170208 9.82853174349293 9.83283485332504 9.85865351231769 9.99420147202909 10.0816980386153 10.150547795929 10.0895870733075 10.0444044200704 10.030777905602 10.0085451714694 9.97627184772864 9.81347085908055 9.93324074940756 9.97842340264469 10.0142826512456 10.0092623564415 9.45487837307155 9.45487837307155 10.0401013102382 9.65353861032054 9.8988158707507 9.58397166803479 9.53735464485362 9.84502699784935 9.61552780680358 9.15868097962812 9.18019652878866 9.16943875420839 9.1063264766708 9.10489210672677 8.52576524182223 9.46587520930916 10.0652027842589 10.0501418998465 9.11564988130704 8.63800468994305 8.57991270720959 9.23570664562285 8.71653644437902 9.08445233502425 9.2777336849831 9.36845758394338 8.92021697643213 8.42320779082365
10.8103579701856 10.7013458544388 10.5959196635522 10.550019825343 10.3994109812193 10.2990050851367 10.1871242295019 10.0910214432515 10.0623340443708 9.92176578985527 10.0049592466094 10.111102622468 10.1426587612368 10.0860011484474 9.96766562806442 9.92033141991124 9.86869410192594 9.85435040248558 10.0472731599584 10.0558793796226 10.1268806918524 10.1856898595579 10.1397900213487 10.0888698883355 10.0781121137552 10.0401013102382 10.0996276629157 10.0393841252662 9.98129214253277 9.94758444884792 9.92535171471536 9.91387675516307 10.0200201310217 9.78048035036772 9.50149539625272 9.39535202039406 9.76183354109526 9.83211766835302 9.69011504389346 9.48141421703622 9.72884303238243 9.6521042403765 9.14433728018776 9.17374186404049 9.13716543046758 9.51799065060914 9.16800438426435 9.12425610097125 9.02564316731878 10.1197088421322 10.0350810154341 9.06562622950878 9.98487806739286 9.15739004667848 9.19238867331296 8.99910732335411 9.30480741767678 9.05074464133941 9.27271339017898 9.28239538730122 9.19991911551915 9.46312600024976
10.9344309703447 10.8591265482828 10.8132267100736 10.7723471666686 10.6654866058379 10.5851618889719 10.5263527212664 10.4926450275816 10.4309671199881 10.3814813569188 10.1856898595579 10.3979766112752 10.4316843049601 10.388653206639 10.3427533684298 10.2609942816198 10.2409131024033 10.3018738250248 10.3657032875344 10.2860957556404 10.2911160504445 10.2380443625152 10.1290322467685 10.110385437496 10.1067995126359 10.0580309345387 10.0422528651543 10.0085451714694 10.0149998362176 10.029343535658 10.0221716859378 9.98344369744882 10.0056764315814 10.0035248766653 9.99420147202909 9.61839654669166 9.74605547171086 9.69441815372556 9.42045349441469 9.43336282391101 9.65569016523659 9.65855890512466 9.12784202583134 9.49002043670043 9.17445904901251 9.20458081783727 9.20960111264139 9.15222631487995 8.25287635996938 8.50640124757774 9.03191853582393 9.08373515005223 9.07961133646313 9.13874323740601 9.27845086995512 9.30606249137782 9.95224615116604 9.96802422055043 9.05397197371349 9.0901898148004 9.00305184070021 8.97257147938944
11.0484633808956 10.9380168952048 10.8598437332548 10.9523605946451 10.6927396347746 10.628192987293 10.6131321028806 10.5356761259027 10.5693838195875 10.5973540334962 10.5830103340559 10.5155949466862 10.4711294784211 10.4166234205477 10.429532750044 10.4876247327775 10.4747154032812 10.3922391314991 10.3556626979262 10.349208033178 10.307611304801 10.2889644955285 10.1283150617965 10.150547795929 10.1462446860969 10.1297494317405 10.1053651426919 10.0781121137552 10.0845667785034 10.1182744721882 10.0938901831396 10.0429700501263 10.0867183334194 10.0214545009658 9.98057495756075 9.84359262790531 9.83283485332504 9.78263190528378 9.76111635612324 9.59257788769901 9.6599932750687 9.48786888178438 9.5603045639582 9.80486463941634 9.29781486419961 9.25334939593449 9.2375713265501 9.29638049425557 8.30272071552463 8.39487898442894 9.02833261096384 7.99612413998693 8.15067750145681 9.25281150720548 9.16674931056332 8.35041351616383 9.3015800853027 9.58081605415791 9.66157108200714 9.22215184965171 9.99993895180523 10.2451137572394
11.1553239417262 11.0771507797763 10.9918057681061 10.9272591206245 10.8368938141502 10.6783959353343 10.6511429063976 10.5414136056788 10.4194921604358 10.4094515708275 10.3994109812193 10.3642689175904 10.1935788942501 10.2143772584386 10.2523880619556 10.4474623743445 10.2961363452487 10.2107913335785 10.0020905067213 10.1132541773841 10.1275978768244 10.1125369924121 10.0644855992869 10.1326181716286 10.2272865879349 10.2122257035226 10.1856898595579 10.1720633450896 10.1333353566006 10.1928617092781 10.1570024606772 10.1591540155932 10.2229834781028 10.2251350330189 10.1197088421322 9.97627184772864 9.80845056427643 9.74677265668288 9.52085939049721 9.56532485876232 9.58612322295085 9.40969571983442 9.7876522000879 9.76685383589938 9.56962796859443 9.49217199161649 9.34371470240876 9.39678639033809 7.81503493455239 10.0551621946506 10.0099795414135 10.1003448478878 10.3599658077583 9.30982771248091 9.42009490192868 9.51827752459794 13.6931870727079 15.4249996552244 -9999 -9999 -9999 -9999
11.1768394908868 11.0412915311754 10.8576921783388 10.9573808894493 10.9258247506805 10.6532944613136 10.6389507618733 10.546433900483 10.4015625361353 10.3721579522826 10.2997222701088 10.2624286515638 10.1326181716286 10.1390728363767 10.2566911717877 10.1412243912928 10.0193029460497 10.0946073681116 10.1362040964887 10.1067995126359 10.0874355183914 10.0903042582795 10.1189916571602 10.188558599446 10.2057710387744 10.1699117901735 10.1849726745859 10.149830610957 10.2000335589983 10.349208033178 10.2387615474872 10.2638630215079 10.3305612239055 10.2810754608363 10.2129428884946 10.1232947669923 9.89522994589061 9.71449933294207 9.71091340808198 9.60190129233524 9.50221258122474 9.4964751014486 9.51010161591694 9.55600145412609 9.70517592830583 9.49934384133667 9.44985807826743 9.42977689905092 9.87012847186998 9.8751487666741 9.39248328050599 8.31993315485306 10.2846613856964 10.1330279916126 15.0545056351274 15.3799996562302 -9999 -9999 -9999 -9999 -9999 -9999
11.1323740226217 11.0470290109515 10.9559465195052 10.9738761438057 10.7608722071163 10.6733756405301 10.5959196635522 10.5801415941678 10.5701010045595 10.4897762876935 10.4826044379734 10.4316843049601 10.2129428884946 10.1548509057611 10.1333353566006 10.1290322467685 10.1376384664327 10.1605883855373 10.231589697767 10.1985991890542 10.189275784418 10.1806695647538 10.2050538538024 10.2150944434106 10.2803582758643 10.2559739868157 10.2488021370955 10.2430646573193 11.0750709433574 15.5499996524304 14.8349996684119 9.89476474482768 14.8562472166151 15.2449996592477 -9999 16.9949996201321 10.1742149000056 9.85004729265347 9.73744925204664 9.80988493422046 9.74246954685077 9.62341684149578 9.85721914237365 9.9547562985681 9.88877528114244 9.75394450640306 9.66214482998475 9.62843713629991 9.89020965108648 10.0250404258259 9.3652302515693 9.86223943717778 9.88267920888029 14.6699996720999 -9999 -9999 -9999 -9999 -9999 -9999 -9999 -9999
11.0534836756997 10.9774620686658 10.8203985597938 10.7917111609131 10.8132267100736 10.7250129585154 10.6798303052783 10.7996001956053 10.8203985597938 10.8627124731429 10.7687612418085 10.7121036290191 10.5328073860146 10.4108859407715 10.3972594263032 10.2925504203886 10.0981932929717 10.1297494317405 10.1742149000056 10.1397900213487 10.2150944434106 10.188558599446 10.2789239059202 10.3355815187097 10.2660145764239 10.2789239059202 10.3040253799409 10.190710154362 10.1257152662729 14.8899996671826 -9999 -9999 -9999 -9999 16.3799996338785 13.0438339180433 10.3936735014431 10.270317686256 10.1570024606772 10.0099795414135 9.89379557594657 9.96479688817635 10.2990050851367 10.2559739868157 10.2782067209482 10.0207373159938 9.78119753533974 9.8113193041645 9.68366037914529 10.1430173537228 11.105120993685 10.0816980386153 14.9785473794327 -9999 -9999 -9999 -9999 -9999 -9999 -9999 -9999 -9999
11.1015350688249 10.9961088779382 10.9000060916878 10.8641468430869 10.7996001956053 10.867015582975 10.8490859586746 10.9294106755406 10.9344309703447 10.9251075657085 10.8770561725833 10.788125236053 10.4890591027215 10.4990996923298 10.4008453511633 10.3470564782619 10.0723746339791 10.070940264035 10.2882473105565 7.65522221662104 12.7412405871571 10.0802636686713 10.1770836398937 10.3570970678702 10.3298440389335 10.3814813569188 10.4037140910514 10.4453108194284 10.7049317792989 14.5149996755645 -9999 -9999 -9999 -9999 -9999 15.229999659583 10.4646748136729 10.5959196635522 10.4051484609954 10.348490848206 10.0816980386153 10.0071108015254 10.2975707151927 10.3025910099968 10.6561632012017 10.5328073860146 9.86223943717778 9.90885646035895 10.0436872350983 9.85004729265347 10.4847559928894 9.32984912628308 11.7918256043922 14.1588030490093 8.70830290321188 21.2659417523083 -9999 -9999 -9999 -9999 -9999 -9999
11.0879085543565 10.8383281840943 10.9165013460442 10.9602496293373 11.0090182074346 10.9444715599529 11.0169072421268 10.9387340801768 10.9416028200649 10.9365825252607 10.8060548603535 10.7379222880118 10.5901821837761 10.5263527212664 10.4388561546803 10.3592486227863 10.2050538538024 10.229438142851 10.1993163740262 10.1383556514047 10.2323068827391 10.2896816805005 10.4990996923298 10.5722525594756 10.4983825073577 10.5385448657908 10.5794244091958 10.8031861204654 10.9215216408484 10.8069513415685 16.6239559726711 24.7149994475767 -9999 -9999 -9999 -9999 14.2580454269191 10.1197088421322 10.0451216050424 10.2754814180546 10.3486342852004 10.7027802243829 10.9200872709043 10.5449995305389 10.6432538717054 10.6389507618733 9.9827265124768 10.3155003394932 11.3303170748986 11.1696676411666 11.4027527570724 11.2198705892079 11.1923968879721 9.86999977938831 -9999 -9999 -9999 -9999 -9999 -9999 -9999 -9999
10.9810479935259 10.7816705713049 11.0527664907277 10.8985717217438 11.0326853115112 10.986785473302 10.9996948027983 10.9365825252607 10.9372997102328 10.8978545367718 10.7838221262209 10.7285988833755 10.6081118080765 10.4359874147922 10.3628345476463 10.3341471487656 10.2509536920115 10.1864070445299 10.1935788942501 10.1598712005652 10.1720633450896 10.1397900213487 10.8053376753815 10.7701956117526 10.8404797390103 10.7988830106333 10.9831995484419 10.9172185310163 10.8490859586746 10.9035920165479 16.391637469839 -9999 -9999 -9999 -9999 -9999 -9999 -9999 -9999 -9999 -9999 -9999 -9999 -9999 -9999 -9999 11.383798582812 11.0424390271306 11.665242456831 11.0763311398083 18.8814844631362 17.8449996011332 -9999 -9999 -9999 -9999 -9999 -9999 -9999 -9999 -9999 -9999
11.0943632191047 11.1969206701033 11.146717722062 11.1302224677056 11.0226447219029 10.9624011842534 11.0326853115112 11.0226447219029 10.9573808894493 10.9251075657085 10.829004779458 10.7386394729838 10.5593432299793 10.3793298020028 10.3068941198289 10.2480849521235 10.2330240677111 10.2201147382148 10.1799523797818 10.2215491081588 10.3183690793812 10.3778954320587 10.3248237441294 8.80152286356315 10.7426735675567 11.9749997323379 10.7154504922219 10.867732767947 10.8727530627511 11.0061494675465 11.0164291188121 15.9268785193522 19.9803502210416 -9999 -9999 -9999 -9999 -9999 -9999 -9999 -9999 -9999 -9999 -9999 -9999 -9999 -9999 -9999 -9999 -9999 -9999 -9999 -9999 -9999 -9999 -9999 -9999 -9999 -9999 -9999 -9999 -9999
11.2213049591519 11.2837000517175 11.2356486585923 11.184728525579 11.1094241035171 11.06424145028 11.0319681265391 10.9918057681061 10.9810479935259 10.9609668143094 10.8727530627511 10.7529831724241 10.6160008427687 10.5170293166302 10.2366099925712 10.2947019753046 10.2882473105565 10.2100741486065 10.2602770966478 10.2782067209482 10.4237952702679 10.4861903628334 10.4804528830573 10.5987884034403 10.6181523976848 10.7329019932076 10.7379222880118 10.8325907043181 10.7952970857732 10.9129154211842 11.1639301613905 13.47820169139 -9999 -9999 -9999 -9999 -9999 -9999 -9999 -9999 -9999 -9999 -9999 -9999 -9999 -9999 -9999 -9999 -9999 -9999 -9999 -9999 -9999 -9999 -9999 -9999 -9999 -9999 -9999 -9999 -9999 -9999
11.3518326240592 11.3001953060739 11.2973265661858 11.2291939938441 11.1216162480414 11.107272548601 10.9996948027983 11.0549180456437 11.024796276819 10.985351103358 10.8813592824154 10.7314676232636 10.5736869294196 10.507705911994 10.3857844667509 10.2875301255845 10.2724692411721 10.2437818422914 10.3068941198289 10.2760551660322 10.3771782470867 10.3463392932899 10.4947965824977 10.5944852936082 10.6590319410898 10.7343363631517 10.7336191781797 11.0706961150281 11.0922116641887 11.0843226294965 11.7649311679415 14.438281182237 18.1517113066511 -9999 -9999 -9999 -9999 -9999 -9999 -9999 -9999 -9999 -9999 -9999 -9999 -9999 -9999 -9999 -9999 -9999 -9999 -9999 -9999 -9999 -9999 -9999 -9999 -9999 -9999 -9999 -9999 -9999
11.3762169131078 11.3281655199826 11.2779625719413 11.2815484968014 11.2048097047955 11.1553239417262 11.0420087161474 11.0699789300561 11.0434430860914 10.9975432478823 10.9258247506805 10.8827936523594 10.8411969239824 10.7529831724241 10.5105746518821 10.430249935016 10.3018738250248 10.3018738250248 10.3162175244652 10.2860957556404 10.3212378192693 10.4517654841766 10.6152836577967 10.8333078892902 11.066393005196 10.9322794154286 10.6848506000824 11.2040925198235 11.4759056242183 11.2715079071932 8.68342640483752 15.2451071039075 14.0170785225393 -9999 -9999 -9999 -9999 -9999 -9999 -9999 -9999 -9999 -9999 -9999 -9999 -9999 -9999 -9999 -9999 -9999 -9999 -9999 -9999 -9999 -9999 -9999 -9999 -9999 -9999 -9999 -9999 -9999
