EcologicalScience/Bass/data/rs_data_bass/sst_13.asc
NCOLS 226 
NROWS 124 
XLLCORNER -9.41648524995501 
YLLCORNER 47.587301625531 
CELLSIZE 0.0833 
NODATA_value -9999 
[rows 27 to 53 of 124, columns 62 to 123 of 226]
-9999 -9999 -9999 -9999 -9999 -9999 -9999 -9999 -9999 -9999 -9999 -9999 -9999 -9999 -9999 -9999 -9999 -9999 -9999 -9999 -9999 -9999 -9999 -9999 -9999 -9999 -9999 -9999 12.5299997199327 7.20249983901158 7.42444427849518 6.83214270443256 7.98749982146546 8.00499982107431 8.02999982051551 6.90833317892005 7.36499983537942 7.36299983542412 7.39499983470887 7.4039998345077 6.44499985594302 6.46499985549599 6.52499985415488 6.56999985314906 6.92374984524213 3.17499992903322 5.86499986890703 6.69499985035509 7.28624983713962 7.59499983023852 6.93499984499067 6.93499984499067 6.52499985415488 6.55499985348433 6.67999985069036 6.79499984811991 6.68999985046685 6.63499985169619 6.54999985359609 7.38249983498827 7.35249983565882 7.31999983638525
-9999 -9999 -9999 -9999 -9999 -9999 -9999 -9999 -9999 -9999 -9999 -9999 -9999 -9999 -9999 -9999 -9999 -9999 -9999 -9999 -9999 -9999 -9999 -9999 -9999 -9999 -9999 -9999 -9999 -9999 9.78499978128821 7.48749983264133 6.77428556286863 6.83857127571745 7.22899983841926 7.30624983669259 7.06874984200113 7.24199983812869 7.260999837704 6.50499985460192 6.50499985460192 7.48749983264133 5.90999986790121 5.90999986790121 7.22624983848073 5.94999986700714 6.56499985326082 6.56499985326082 7.16499983984977 7.23833317154398 6.46999985538423 6.47499985527247 6.51999985426664 6.53999985381961 6.91999984532595 7.2049998389557 7.29499983694404 6.6599998511374 6.62499985191971 6.67999985069036 7.54499983135611 7.31499983649701
-9999 -9999 -9999 -9999 -9999 -9999 -9999 -9999 -9999 -9999 -9999 -9999 -9999 -9999 -9999 -9999 -9999 -9999 -9999 -9999 -9999 -9999 -9999 -9999 -9999 -9999 -9999 -9999 -9999 -9999 -9999 6.84749984694645 7.16166650659094 7.30999983660877 8.01249982090667 8.02749982057139 7.52111094300118 7.37166650189708 7.65799982883036 7.47499983292073 7.44374983361922 6.89999984577298 6.91999984532595 7.29499983694404 6.47499985527247 7.45999983325601 7.44999983347952 7.43999983370304 7.34749983577058 7.36749983532354 7.14999984018505 7.51749983197078 6.53999985381961 6.54499985370785 6.67999985069036 6.67999985069036 6.96999984420836 7.36499983537942 6.57999985292554 6.4899998549372 7.53749983152375 7.5324998316355
-9999 -9999 -9999 -9999 -9999 -9999 -9999 -9999 -9999 -9999 -9999 -9999 -9999 -9999 -9999 -9999 -9999 -9999 -9999 -9999 -9999 -9999 -9999 -9999 -9999 -9999 -9999 -9999 -9999 -9999 -9999 6.72499984968454 6.59714270968522 7.32999983616173 7.32999983616173 7.81749982526526 7.56499983090907 7.60999982990324 7.90499982330948 7.65499982889742 7.22999983839691 7.1199998408556 6.51999985426664 6.95499984454364 7.11499984096736 7.3687498352956 7.38749983487651 7.41999983415008 7.39499983470887 7.25499983783811 7.34249983588234 7.52499983180314 7.56999983079731 7.51249983208254 6.60999985225499 6.57999985292554 6.57999985292554 6.5749998530373 6.73999984934926 6.77999984845519 6.53499985393137 6.8899998459965
-9999 -9999 -9999 -9999 -9999 -9999 -9999 -9999 -9999 -9999 -9999 -9999 -9999 -9999 -9999 -9999 -9999 -9999 -9999 -9999 -9999 -9999 -9999 -9999 -9999 -9999 -9999 -9999 -9999 -9999 -9999 5.24495271295485 8.39571409805545 8.35785695604448 7.45499983336776 7.46999983303249 7.3749998351559 7.3749998351559 7.53499983157963 7.81499982532114 7.32999983616173 6.89499984588474 6.35999985784292 6.54499985370785 6.54499985370785 7.40624983445741 7.36333316875001 7.40999983437359 6.8774998462759 7.15499984007329 7.28499983716756 7.56749983085319 7.5799998305738 7.56499983090907 6.5749998530373 6.55999985337257 6.60499985236675 6.53999985381961 6.90499984566122 7.08499984163791 7.45749983331189 7.33749983599409
-9999 -9999 -9999 -9999 -9999 -9999 -9999 -9999 -9999 -9999 -9999 -9999 -9999 -9999 -9999 -9999 -9999 -9999 -9999 -9999 -9999 -9999 -9999 -9999 -9999 -9999 -9999 -9999 -9999 -9999 -9999 -9999 11.9849997321144 6.94499984476715 6.94499984476715 7.81699982527643 7.0474998424761 7.1137498409953 7.03374984278344 7.78999982587993 7.78999982587993 6.2599998600781 6.2599998600781 7.39999983459711 7.67249982850626 8.21499981638044 7.2174998386763 7.02166650972019 6.15999986231327 6.15999986231327 6.90999984554946 6.90999984554946 7.45749983331189 7.39499983470887 6.6599998511374 6.69999985024333 6.95999984443188 7.19499983917922 7.4349998338148 7.40999983437359 6.46999985538423 6.45499985571951
-9999 -9999 -9999 -9999 -9999 -9999 -9999 -9999 -9999 -9999 -9999 -9999 -9999 -9999 -9999 -9999 -9999 -9999 -9999 -9999 -9999 -9999 -9999 -9999 -9999 -9999 -9999 -9999 -9999 -9999 -9999 -9999 11.9699997324497 7.60399983003736 6.31999985873699 6.31999985873699 7.00749984337017 6.68499985057861 6.64499985147268 6.58499985281378 6.47999985516071 6.54499985370785 6.54499985370785 7.41249983431771 5.95999986678362 6.45499985571951 6.71499984990805 6.85999984666705 7.51499983202666 7.18999983929098 6.87499984633178 6.84999984689057 6.78999984823167 6.69999985024333 7.21999983862042 6.62999985180795 6.52999985404313 7.46499983314425 7.51499983202666 7.19499983917922 7.27499983739108 7.39499983470887
-9999 -9999 -9999 -9999 -9999 -9999 -9999 -9999 -9999 -9999 -9999 -9999 -9999 -9999 -9999 -9999 -9999 -9999 -9999 -9999 -9999 -9999 -9999 -9999 -9999 -9999 -9999 -9999 -9999 -9999 -9999 -9999 -9999 8.78464266079079 6.55499985348433 6.55499985348433 6.9562498445157 6.62999985180795 6.81799984760582 6.85799984671175 6.4899998549372 6.55499985348433 6.33499985840172 6.49999985471368 6.2849998595193 6.26499985996634 6.33999985828996 6.68999985046685 7.16999983973801 7.38749983487651 7.17999983951449 7.17999983951449 7.02499984297901 7.15499984007329 7.20999983884394 6.41999985650182 6.47499985527247 7.62999982945621 7.49999983236194 7.29999983683228 7.26999983750284 7.23999983817339
-9999 -9999 -9999 -9999 -9999 -9999 -9999 13.8149996912107 13.7849996918812 8.77666647049288 9.01166646524022 8.90833313421657 -9999 -9999 8.41999981179833 -9999 -9999 -9999 -9999 -9999 -9999 -9999 -9999 -9999 -9999 -9999 -9999 -9999 -9999 -9999 -9999 -9999 -9999 -9999 6.4299998562783 6.52999985404313 6.66999985091388 6.68499985057861 6.62999985180795 6.41499985661358 7.00749984337017 6.43999985605478 6.22999986074865 5.87999986857176 5.96499986667186 7.23499983828515 7.27999983727932 6.41499985661358 6.31999985873699 6.49499985482544 6.49499985482544 7.07499984186143 7.07999984174967 6.32499985862523 7.10999984107912 6.72999984957278 6.35999985784292 6.75499984901398 6.75499984901398 7.79333315913876 7.07999984174967 7.38999983482063
-9999 -9999 -9999 -9999 14.9649996655062 15.7149996487424 10.5470830975877 9.90999977849424 9.19499979447573 9.1666664617757 10.1577270456844 9.19833312773456 -9999 -9999 -9999 -9999 -9999 -9999 -9999 -9999 -9999 -9999 -9999 -9999 -9999 -9999 -9999 -9999 -9999 -9999 -9999 -9999 -9999 -9999 7.1324998405762 6.62499985191971 6.60499985236675 6.58999985270202 6.94899984467775 6.91199984550476 5.87499986868352 5.76499987114221 5.50499987695366 5.85999986901879 5.9699998665601 7.29499983694404 7.4349998338148 7.4349998338148 6.15999986231327 6.91999984532595 7.06249984214082 7.43249983387068 6.54999985359609 6.34999985806644 7.0349998427555 7.12999984063208 7.09499984141439 6.23999986052513 6.7449998492375 6.77999984845519 6.63499985169619 6.76999984867871
8.73166647149871 9.69863614685495 9.66142835547882 9.40863615333695 9.40166645652304 8.02499982062727 7.77499982621521 7.15499984007329 7.43999983370304 7.55999983102083 16.6699996273965 -9999 -9999 -9999 -9999 -9999 -9999 -9999 -9999 -9999 -9999 -9999 -9999 -9999 -9999 -9999 -9999 -9999 -9999 -9999 -9999 -9999 -9999 -9999 12.7799997143447 8.15499981772155 6.7199998497963 6.6599998511374 6.87799984626472 6.45999985560775 5.95999986678362 5.43999987840652 5.37999987974763 5.38499987963587 5.03499988745898 5.01999988779426 4.99499988835305 7.10499984119087 6.97999984398484 6.62499985191971 7.23499983828515 7.38249983498827 7.22499983850867 7.23499983828515 7.24999983794987 6.73749984940514 6.59249985264614 7.95999982208014 7.93499982263893 7.88499982375652 6.93249984504655 6.76249984884635
7.08666650826732 7.12083317417031 7.5799998305738 7.47999983280897 7.12999984063208 6.91499984543771 7.79999982565641 7.67999982833862 7.57499983068556 7.42499983403832 -9999 -9999 -9999 -9999 -9999 -9999 -9999 -9999 -9999 -9999 -9999 -9999 -9999 -9999 -9999 -9999 -9999 -9999 -9999 -9999 -9999 -9999 -9999 -9999 -9999 8.24749981565401 7.33714269314493 7.08299984168261 6.70499985013157 5.61999987438321 5.58499987516552 5.53999987617135 5.45999987795949 5.40499987918884 7.81666649195055 7.42999983392656 8.22499981615692 6.24499986041337 6.35999985784292 6.81999984756112 6.56999985314906 6.7199998497963 7.16499983984977 7.15499984007329 7.15999983996153 6.89499984588474 6.39499985706061 7.90999982319772 7.81499982532114 7.63499982934445 6.35999985784292 6.35499985795468
6.69124985043891 6.98999984376132 8.02999982051551 7.33499983604997 7.2899998370558 7.77999982610345 7.98999982140958 8.27999981492758 8.3799998126924 -9999 -9999 -9999 -9999 -9999 -9999 -9999 -9999 -9999 -9999 -9999 -9999 -9999 -9999 -9999 -9999 -9999 -9999 -9999 -9999 -9999 -9999 -9999 -9999 -9999 -9999 -9999 14.2299996819347 7.64214268632765 7.66357125727726 7.64214268632765 7.0309998428449 5.49999987706542 5.49999987706542 7.72666649396221 7.79166649250935 7.78124982607551 7.80624982551672 6.86999984644353 6.84499984700233 6.62499985191971 7.12499984074384 7.12499984074384 7.1199998408556 6.13499986287206 6.18999986164272 6.06999986432493 6.80999984778464 6.50999985449016 7.2899998370558 7.40999983437359 7.42499983403832 7.41999983415008
7.5799998305738 7.47999983280897 7.39999983459711 7.67499982845038 7.25499983783811 7.34499983582646 8.15499981772155 8.23499981593341 12.7897884929553 -9999 -9999 -9999 -9999 -9999 -9999 -9999 -9999 -9999 -9999 -9999 -9999 -9999 -9999 -9999 -9999 -9999 -9999 -9999 -9999 -9999 -9999 -9999 -9999 -9999 -9999 -9999 -9999 -9999 -9999 -9999 13.5999996960163 13.4749996988103 8.02428553492895 6.59499985259026 6.59499985259026 7.80874982546084 7.93749982258305 7.37999983504415 6.50999985449016 6.53499985393137 6.7199998497963 6.8899998459965 6.95499984454364 6.5999998524785 6.2599998600781 7.33499983604997 7.32999983616173 6.12999986298382 7.35499983560294 7.3749998351559 7.41999983415008 7.40999983437359
7.5199998319149 7.38999983482063 7.3499998357147 7.39499983470887 7.69999982789159 7.87999982386827 8.34999981336296 8.6699998062104 8.41999981179833 -9999 -9999 -9999 -9999 -9999 -9999 -9999 -9999 -9999 -9999 -9999 -9999 -9999 -9999 -9999 -9999 -9999 -9999 -9999 -9999 -9999 -9999 -9999 -9999 -9999 -9999 -9999 -9999 -9999 -9999 -9999 -9999 -9999 -9999 3.66999991796911 5.79714272756662 7.34499983582646 7.1179998409003 5.43999987840652 8.4524998110719 6.47499985527247 6.69999985024333 7.12499984074384 7.13999984040856 7.19499983917922 6.89499984588474 6.27999985963106 6.0549998646602 5.92499986756593 5.81499987002462 7.08249984169379 6.31499985884875 6.32999985851347
7.31499983649701 7.25999983772635 7.50499983225018 7.78499982599169 8.54999980889261 8.36999981291592 8.44999981112778 8.75999980419874 8.67499980609864 8.67499980609864 -9999 -9999 -9999 -9999 -9999 16.1899624452926 -9999 -9999 -9999 -9999 -9999 -9999 -9999 -9999 -9999 -9999 -9999 -9999 -9999 -9999 -9999 -9999 -9999 -9999 -9999 -9999 -9999 -9999 -9999 -9999 -9999 -9999 -9999 -9999 8.07954527395354 8.17499981727451 7.09833317467322 5.33499988075346 5.33499988075346 8.40499981213361 8.57249980838969 7.2049998389557 7.20999983884394 6.98499984387308 7.25999983772635 6.41499985661358 6.66999985091388 5.98999986611307 6.27499985974282 6.40499985683709 6.5999998524785 6.78499984834343
7.78999982587993 7.5199998319149 7.75499982666224 8.77499980386347 8.8999998010695 8.74999980442226 8.56499980855733 8.46999981068075 8.63999980688095 8.53999980911613 8.38499981258065 -9999 -9999 -9999 -9999 -9999 -9999 -9999 -9999 -9999 -9999 -9999 -9999 -9999 -9999 -9999 -9999 -9999 -9999 -9999 -9999 -9999 -9999 -9999 -9999 -9999 -9999 -9999 -9999 -9999 -9999 -9999 -9999 -9999 -9999 13.5699996966869 8.26166648200403 7.39999983459711 7.63749982928857 7.91999982297421 6.80999984778464 6.32499985862523 7.02999984286726 7.11499984096736 6.70499985013157 6.94499984476715 7.16999983973801 6.20499986130744 6.43999985605478 6.58999985270202 6.68499985057861 6.8049998478964
8.31999981403351 8.33499981369823 8.14499981794506 8.39499981235713 8.89499980118126 8.76999980397522 8.53499980922788 8.21999981626868 8.29999981448054 8.36499981302768 7.72999982722104 15.769999647513 -9999 -9999 -9999 -9999 19.954999553971 19.954999553971 -9999 -9999 -9999 -9999 -9999 -9999 -9999 -9999 -9999 -9999 -9999 -9999 -9999 -9999 -9999 -9999 -9999 -9999 -9999 -9999 -9999 -9999 -9999 -9999 -9999 -9999 -9999 8.8399998024106 13.0599997080863 8.42909072068604 7.61611094087776 8.50124980998226 6.38999985717237 6.68499985057861 6.99249984370545 6.10999986343086 6.27499985974282 6.29999985918403 6.28999985940754 6.24999986030161 6.35499985795468 6.45999985560775 6.55999985337257 6.59499985259026
7.749999826774 8.99499979894608 9.49999978765845 9.07999979704618 9.0699997972697 8.8999998010695 8.71499980520457 8.58999980799854 8.30499981436878 8.15999981760979 7.98499982152134 7.65999982878566 16.3799996338785 15.4949996536598 15.7099996488541 15.6949996491894 15.6949996491894 9.17374979495071 -9999 -9999 -9999 -9999 -9999 -9999 -9999 -9999 -9999 -9999 -9999 -9999 -9999 -9999 -9999 -9999 -9999 -9999 -9999 -9999 -9999 -9999 -9999 -9999 -9999 -9999 -9999 -9999 -9999 -9999 13.6099996957928 8.33999981358647 6.22999986074865 6.33999985828996 6.08999986387789 5.92999986745417 6.00999986566603 6.1999998614192 6.29999985918403 6.17499986197799 6.18499986175448 6.16999986208975 8.1983331500863 7.04499984253198
7.87999982386827 7.92999982275069 8.44999981112778 8.49499981012195 9.55499978642911 9.89999977871776 9.62999978475273 9.09499979671091 8.78999980352819 8.3549998132512 8.20499981660396 7.50499983225018 7.42499983403832 7.42499983403832 7.61999982967973 7.55999983102083 7.55999983102083 -9999 -9999 -9999 -9999 -9999 -9999 -9999 -9999 -9999 -9999 -9999 -9999 -9999 -9999 -9999 -9999 -9999 -9999 -9999 -9999 -9999 -9999 -9999 -9999 -9999 -9999 -9999 -9999 -9999 -9999 -9999 7.08428555593959 5.98999986611307 6.53499985393137 6.58999985270202 6.22999986074865 6.12499986309558 6.12499986309558 6.1874998616986 5.7999998703599 6.31499985884875 6.23999986052513 6.86499984655529 7.00499984342605 7.04499984253198
8.28999981470406 8.63499980699271 8.53999980911613 8.80999980308115 9.60999978519976 9.97999977692962 10.1649997727945 10.1849997723475 9.37999979034066 9.09999979659915 8.90499980095774 8.42499981168658 6.77999984845519 6.8899998459965 6.8899998459965 9.32999979145825 9.57062478607986 -9999 -9999 -9999 -9999 -9999 -9999 -9999 -9999 -9999 -9999 -9999 -9999 -9999 -9999 -9999 -9999 -9999 -9999 -9999 -9999 -9999 -9999 -9999 -9999 -9999 -9999 -9999 -9999 -9999 -9999 -9999 7.10499984119087 7.22249983856454 7.27499983739108 7.08499984163791 7.02749984292313 6.84499984700233 6.81999984756112 6.82499984744936 6.85499984677881 6.65499985124916 6.76999984867871 6.85499984677881 6.90499984566122 6.94999984465539
7.18499983940274 8.67499980609864 8.72499980498105 8.85999980196357 9.20499979425222 9.95499977748841 10.1799997724593 10.2199997715652 9.70999978296459 9.63499978464097 9.02999979816377 8.16499981749803 8.08499981928617 7.82499982509762 7.82499982509762 6.69999985024333 -9999 -9999 -9999 -9999 -9999 -9999 -9999 -9999 -9999 -9999 -9999 -9999 -9999 -9999 -9999 -9999 -9999 -9999 -9999 -9999 -9999 -9999 -9999 -9999 -9999 -9999 -9999 -9999 -9999 -9999 -9999 -9999 9.36374979070388 7.34166650256763 7.80249982560053 7.46499983314425 6.35833319121351 6.80999984778464 6.80999984778464 6.79999984800816 6.6599998511374 6.49499985482544 6.88499984610826 6.88499984610826 6.89999984577298 7.13499984052032
9.36499979067594 7.44499983359128 8.44499981123954 8.88499980140477 9.24499979335815 9.6749997837469 10.3349997689947 10.5799997635186 10.8949997564778 10.7649997593835 9.75499978195876 9.36999979056418 8.21499981638044 8.21499981638044 9.35166645764063 -9999 -9999 -9999 -9999 -9999 -9999 -9999 -9999 -9999 -9999 -9999 -9999 -9999 -9999 -9999 -9999 -9999 -9999 -9999 -9999 -9999 -9999 -9999 -9999 -9999 -9999 -9999 -9999 -9999 -9999 -9999 -9999 -9999 -9999 8.86869545394312 8.54833314226319 7.23249983834103 7.80249982560053 7.71999982744455 7.93499982263893 7.12249984079972 6.52249985421076 7.07749984180555 7.31499983649701 6.97999984398484 6.51999985426664 6.59499985259026
8.53499980922788 8.41999981179833 8.84499980229884 8.91499980073422 8.82499980274588 9.31499979179353 9.54999978654087 9.65999978408217 10.3849997678772 10.879999756813 11.1649997504428 9.80999978072941 8.84499980229884 8.38499981258065 7.92999982275069 15.5899996515363 -9999 -9999 -9999 -9999 -9999 -9999 -9999 -9999 -9999 -9999 -9999 -9999 -9999 -9999 -9999 -9999 -9999 -9999 -9999 -9999 -9999 -9999 -9999 -9999 -9999 -9999 -9999 -9999 -9999 -9999 11.6649997392669 8.56499980855733 7.58499983046204 -9999 11.5949583295733 8.24874981562607 7.7624998264946 5.85499986913055 5.74249987164512 6.05749986460432 6.10749986348674 6.07499986421317 6.41999985650182 6.39499985706061 7.01499984320253 6.60499985236675
8.5249998094514 8.70499980542809 9.0699997972697 9.54499978665262 9.25999979302287 9.51499978732318 9.18999979458749 10.1349997734651 10.4199997670949 10.4749997658655 11.2849997477606 11.2499997485429 10.3349997689947 10.3099997695535 10.2699997704476 -9999 -9999 -9999 -9999 -9999 -9999 -9999 -9999 -9999 -9999 -9999 -9999 -9999 -9999 -9999 -9999 -9999 -9999 -9999 -9999 -9999 -9999 -9999 -9999 -9999 -9999 -9999 -9999 -9999 -9999 -9999 -9999 -9999 -9999 15.5849996516481 7.18428555370441 7.18428555370441 7.55499983113259 6.25499986018986 5.93249986739829 5.8124998700805 6.46249985555187 6.14749986259267 6.51999985426664 7.0599998421967 6.55499985348433 6.98999984376132
7.97599982172251 8.13499981816858 8.13499981816858 9.759999781847 9.61999978497624 9.43999978899956 9.28499979246408 9.2149997940287 9.2149997940287 9.71999978274107 9.95999977737665 9.74499978218228 8.37499981280416 9.55999978631735 15.5049996534362 -9999 -9999 -9999 -9999 -9999 -9999 -9999 -9999 -9999 -9999 -9999 -9999 -9999 -9999 -9999 -9999 -9999 -9999 -9999 -9999 -9999 -9999 -9999 -9999 -9999 -9999 -9999 -9999 -9999 -9999 -9999 -9999 -9999 -9999 -9999 9.19499979447573 7.69142839951175 7.75142839817064 5.13999988511205 6.22249986091629 6.89749984582886 6.43749985611066 6.46749985544011 6.33749985834584 8.35249981330708 8.10249981889501 8.54499980900437
8.39999981224537 7.35999983549118 8.50499980989844 7.76999982632697 8.02999982051551 9.06499979738146 9.03499979805201 9.26499979291111 9.08499979693443 9.25499979313463 9.53999978676438 9.70499978307635 8.9249998005107 7.94499982241541 7.94499982241541 -9999 -9999 -9999 -9999 -9999 -9999 -9999 -9999 -9999 -9999 -9999 -9999 -9999 -9999 -9999 -9999 -9999 -9999 -9999 -9999 -9999 -9999 -9999 -9999 -9999 -9999 -9999 -9999 -9999 -9999 -9999 -9999 -9999 -9999 -9999 -9999 -9999 10.0385712041919 7.27999983727932 6.41499985661358 6.42499985639006 7.32749983621761 7.35833316886177 8.85749980201945 9.09749979665503 7.28499983716756 7.52499983180314
