EcologicalScience/Bass/data/rs_data_bass/sst_454.asc
NCOLS 226 
NROWS 124 
XLLCORNER -9.41648524995501 
YLLCORNER 47.587301625531 
CELLSIZE 0.0833 
NODATA_value -9999 
[rows 54 to 80 of 124, columns 0 to 61 of 226]
-9999 -9999 -9999 -9999 -9999 -9999 -9999 -9999 -9999 -9999 -9999 -9999 -9999 -9999 -9999 -9999 -9999 -9999 -9999 -9999 -9999 -9999 -9999 -9999 -9999 -9999 -9999 -9999 -9999 -9999 -9999 -9999 -9999 -9999 -9999 -9999 -9999 -9999 12.205601489637 13.0422376031056 13.0759452967905 13.1978667420335 13.3463240312412 13.9509109626524 13.934415708296 13.8799096504226 13.9093142342754 14.01402324019 14.1029541767202 13.9193548238836 13.9121829741634 13.8304238873534 13.5141453146935 13.5543076731265 13.6984618525021 13.6088137309998 13.5535904881544 13.537095233798 9.01492842383683 -9999 -9999 14.9863467660034
-9999 -9999 -9999 -9999 -9999 -9999 -9999 -9999 -9999 -9999 -9999 -9999 -9999 -9999 -9999 -9999 -9999 -9999 -9999 -9999 -9999 -9999 -9999 -9999 -9999 -9999 -9999 -9999 -9999 -9999 -9999 -9999 -9999 -9999 -9999 -9999 -9999 -9999 11.9399997331202 13.0321970134974 13.2997070080601 13.3248084820807 13.4438611874357 13.4660939215682 13.7214117716067 14.0993682518601 14.1847132635303 14.1201666160487 13.9552140724845 11.8603167692199 12.2411419893615 13.7651600548998 13.7967161936685 12.578936111182 13.5413983436301 13.1749168229289 13.4374065226875 13.3599505457096 -9999 13.6649996945634 -9999 13.3149997023866
-9999 -9999 -9999 -9999 -9999 -9999 -9999 -9999 -9999 -9999 -9999 -9999 -9999 -9999 -9999 -9999 -9999 -9999 -9999 -9999 -9999 -9999 -9999 -9999 -9999 -9999 -9999 -9999 -9999 -9999 -9999 -9999 -9999 -9999 -9999 -9999 -9999 -9999 -9999 12.674799835775 13.2394634704106 13.5801263321191 13.2251197709702 13.5041047250852 13.4402752625756 13.8060395983048 14.0247810147703 14.3848078707233 14.013306055218 12.9848628053442 13.0766624817625 13.9907147285994 14.0358973818365 12.0094912433997 13.0157017591409 13.3828352661803 13.5715201124549 13.3664052104577 13.2542635602877 14.339999679476 -9999 -9999
-9999 -9999 -9999 -9999 -9999 -9999 -9999 -9999 -9999 -9999 -9999 -9999 -9999 -9999 -9999 -9999 -9999 -9999 -9999 -9999 -9999 -9999 -9999 -9999 -9999 -9999 -9999 -9999 -9999 -9999 -9999 -9999 -9999 -9999 -9999 -9999 -9999 -9999 -9999 14.4099996779114 13.2473525051028 13.3699911353178 13.5170140545815 13.3900723145343 13.5851466269232 13.5786919621751 14.0118716852739 14.013306055218 14.1782585987821 14.1911679282784 14.1216009859927 14.015457610134 14.0455793789588 14.095065142028 12.9683675509878 12.3551743999124 12.7367168050259 12.7101809610613 12.4849848798476 12.860072620213 11.1297443443909 -9999
-9999 -9999 -9999 -9999 -9999 -9999 -9999 -9999 -9999 -9999 -9999 -9999 -9999 -9999 -9999 -9999 -9999 -9999 -9999 -9999 -9999 -9999 -9999 -9999 -9999 -9999 -9999 -9999 -9999 -9999 -9999 -9999 -9999 -9999 -9999 -9999 -9999 -9999 -9999 -9999 12.8130252860487 13.2803430138156 13.1856745975092 13.4080019388348 13.4811548059806 13.6489760894328 13.4747001412325 13.8433332168497 13.9674062170088 13.9810327314772 14.054185598623 14.0369731592946 14.0563371535391 14.0097201303579 13.2423322102986 12.7173528107814 12.7065950362012 12.9246192676947 12.7209387356415 12.4835505099036 12.2899105674587 9.08999979682267
-9999 -9999 -9999 -9999 -9999 -9999 -9999 -9999 -9999 -9999 -9999 -9999 -9999 -9999 -9999 -9999 -9999 -9999 -9999 -9999 -9999 -9999 -9999 -9999 -9999 -9999 -9999 -9999 -9999 -9999 -9999 -9999 -9999 -9999 -9999 -9999 -9999 -9999 -9999 -9999 13.0300454585813 13.1713308980688 13.7572710202076 13.2443044689717 13.6396526847966 13.1831644501071 13.6575823090971 13.9595171823166 14.0219122748822 14.1237525409088 14.0713980379514 14.213400662411 14.2406536913477 13.9982451708056 14.0176091650501 14.012588870246 13.7809381242841 13.1842402275652 12.6628467529081 12.8249305565841 -9999 -9999
-9999 -9999 -9999 -9999 -9999 -9999 -9999 -9999 -9999 -9999 -9999 -9999 -9999 -9999 -9999 -9999 -9999 -9999 -9999 -9999 -9999 -9999 -9999 -9999 -9999 -9999 -9999 -9999 -9999 -9999 -9999 -9999 -9999 -9999 -9999 -9999 -9999 -9999 -9999 13.1357585234568 13.1942808171734 13.7257148814388 13.6841181530617 13.9910733210854 13.7400585808791 13.8196661127731 13.9652546620928 13.972426511813 14.1696523791179 14.2012085178867 14.0979338819161 14.2370677664876 14.2428052462637 14.2399365063757 14.1875820034184 14.0742667778395 13.9430219279602 13.8549996903166 12.0671029683394 13.7522507254034 13.8218176676892 13.8053224133328
-9999 -9999 -9999 -9999 -9999 -9999 -9999 -9999 -9999 -9999 -9999 -9999 -9999 -9999 -9999 -9999 -9999 -9999 -9999 -9999 -9999 -9999 -9999 -9999 -9999 -9999 -9999 -9999 -9999 -9999 -9999 -9999 -9999 -9999 -9999 -9999 -9999 -9999 -9999 13.8067567832768 13.8583941012621 14.0219122748822 14.0391247142106 14.0635090032592 13.9874873962253 13.9652546620928 13.8196661127731 14.0427106390707 14.1502883848734 14.1223181709647 14.1237525409088 14.2392193214037 14.2327646566555 14.0957823270001 14.1445509050973 14.0412762691267 13.8598284712061 13.6762291183695 13.9129001591355 13.7952818237245 13.8297067023814 13.8670003209263
-9999 -9999 -9999 -9999 -9999 -9999 -9999 -9999 -9999 -9999 -9999 -9999 -9999 -9999 -9999 -9999 -9999 -9999 -9999 -9999 -9999 -9999 -9999 -9999 -9999 -9999 -9999 -9999 -9999 -9999 -9999 -9999 -9999 -9999 -9999 -9999 -9999 -9999 12.9897396631539 13.5657826326787 14.0355387893505 13.9846186563373 14.0577715234831 13.7716147196479 13.735755471047 13.8655659509823 13.6418042397127 13.0400860481896 13.9430219279602 14.2098147375509 14.2600176855922 14.2349162115715 14.2284615468234 14.1402477952652 14.0670949281193 13.9709921418689 13.9674062170088 13.894970534835 13.8297067023814 13.7780693843961 13.8598284712061 14.0505996737629
-9999 -9999 -9999 -9999 -9999 -9999 -9999 -9999 -9999 -9999 -9999 -9999 -9999 -9999 -9999 -9999 -9999 -9999 -9999 -9999 -9999 -9999 -9999 -9999 -9999 -9999 -9999 -9999 -9999 -9999 -9999 -9999 -9999 -9999 -9999 -9999 -9999 -9999 13.2365947305225 13.5428327135742 14.0656605581753 14.1423993501812 14.2263099919073 14.3353221076541 14.2413708763197 14.2965941191651 14.2671895353124 14.1933194831945 14.2406536913477 14.1610461594537 14.2578661306761 14.2800988648087 14.251411465928 14.1954710381106 14.0233466448262 13.9021423845552 13.9057283094153 13.7945646387525 13.7680287947878 13.8038880433887 13.8124942630529 13.8476363266818
-9999 -9999 -9999 -9999 -9999 -9999 -9999 -9999 -9999 -9999 -9999 -9999 -9999 -9999 -9999 -9999 -9999 -9999 -9999 -9999 -9999 -9999 -9999 -9999 -9999 -9999 -9999 -9999 -9999 -9999 -9999 -9999 -9999 -9999 -9999 -9999 -9999 13.8397472919896 13.9250923036598 13.9874873962253 14.1359446854331 14.1079744715244 14.251411465928 14.3747672811151 14.3059175238013 14.2341990265995 14.2306131017394 14.1115603963844 14.1438337201253 14.1847132635303 14.2270271768793 14.2485427260399 14.2227240670472 14.2341990265995 14.2578661306761 13.6162246423773 13.6298511568457 13.4809157443233 13.7214117716067 13.695593112614 13.7128055519424 13.8433332168497
-9999 -9999 -9999 -9999 -9999 -9999 -9999 -9999 -9999 -9999 -9999 -9999 -9999 -9999 -9999 -9999 -9999 -9999 -9999 -9999 -9999 -9999 -9999 -9999 -9999 -9999 -9999 -9999 -9999 -9999 -9999 -9999 -9999 -9999 -9999 -9999 -9999 13.9042939394712 14.0032654656097 13.9839014713652 14.2169865872711 13.5815607020631 14.1545914947055 14.2320474716835 14.1875820034184 14.1187322461046 13.9437391129322 14.1065401015803 14.1689351941459 14.3159581134096 14.2951597492211 14.1847132635303 14.2492599110119 14.211249107495 13.575823222287 13.5457014534622 13.3423795138951 12.0697347810492 12.0001678387634 12.9224677127786 12.2648090934381 13.1996597044636
-9999 -9999 -9999 -9999 -9999 -9999 -9999 -9999 -9999 -9999 -9999 -9999 -9999 -9999 -9999 -9999 -9999 -9999 -9999 -9999 -9999 -9999 -9999 -9999 -9999 -9999 -9999 -9999 -9999 -9999 -9999 -9999 -9999 -9999 -9999 7.45867497595628 13.7551194652915 13.816080187913 14.0419934540987 14.1882991883904 14.2062288126908 14.1854304485023 14.1359446854331 14.131641575601 14.1395306102931 14.1588946045376 14.094347957056 13.8354441821575 13.8411816619337 14.0082857604139 14.0979338819161 14.0498824887909 13.7959990086965 14.3797875759192 14.2643207954243 13.7590639826376 13.4067468651338 13.4001129041426 12.6671498627402 13.4635837741662 12.0051881335676 13.5449842684902
-9999 -9999 -9999 -9999 -9999 -9999 -9999 -9999 -9999 -9999 -9999 -9999 -9999 -9999 -9999 -9999 -9999 -9999 -9999 -9999 -9999 -9999 -9999 -9999 -9999 -9999 -9999 -9999 -9999 -9999 -9999 18.431386155148 18.4549995874986 -9999 -9999 11.4006012021564 13.615268395748 13.8591112862341 13.8081911532208 14.2019257028587 14.1631977143697 14.1086916564964 14.2169865872711 14.1890163733624 14.2012085178867 14.1667836392298 14.013306055218 13.9867702112533 13.9466078528203 13.8476363266818 14.0247810147703 13.9258094886318 14.014381832676 14.1452680900693 14.2499770959839 13.5202413869556 13.7267906588968 13.353352443967 13.4123050486669 13.4539017770439 13.3219397421926 13.534943678882
-9999 -9999 -9999 -9999 -9999 -9999 -9999 -9999 -9999 -9999 -9999 -9999 -9999 -9999 -9999 -9999 -9999 -9999 -9999 -9999 -9999 -9999 -9999 -9999 -9999 -9999 -9999 -9999 11.8599997349083 11.8603167692199 7.8943053452773 13.7716147196479 13.7802209393121 5.93949145878907 13.3398693664931 13.8284679283388 13.6005661038216 13.9250923036598 13.9473250377923 14.0240638297983 13.9989623557776 14.0491653038189 14.0505996737629 14.0376903442666 14.0764183327556 14.093630772084 14.1373790553771 14.1359446854331 14.2162694022991 14.1101260264404 14.0412762691267 14.1101260264404 13.9989623557776 14.0850245524198 13.450028978195 13.3790754782967 13.7829103829572 13.2005561856786 13.043098225072 13.3032929329202 13.1802957102191 13.1487395714503
-9999 -9999 -9999 -9999 -9999 -9999 -9999 -9999 -9999 -9999 -9999 -9999 -9999 -9999 -9999 -9999 -9999 -9999 -9999 -9999 -9999 -9999 13.8748893556185 13.9652546620928 13.9638202921487 13.9523453325965 14.01402324019 14.0240638297983 13.8433332168497 13.735038286075 13.576898999745 13.7852412341163 13.7457960606553 13.695593112614 13.7371898409911 13.8081911532208 13.7967161936685 13.9035767544992 13.9946592459455 13.9236579337157 13.8634143960662 13.9867702112533 13.7285836213268 13.8677175058983 13.8347269971855 14.1882991883904 14.3102206336334 14.2341990265995 14.0843073674478 14.0326700494625 14.0857417373918 14.0477309338748 14.0111545003019 13.9197134163696 13.9503730739234 14.0483046818525 13.1747733859345 13.2607399579138 13.2318134973757 15.3499996569008 -9999 -9999
-9999 -9999 -9999 -9999 -9999 -9999 -9999 -9999 -9999 -9999 -9999 -9999 -9999 -9999 -9999 -9999 -9999 -9999 -9999 -9999 -9999 14.171314149175 13.7967161936685 13.8705862457864 14.0211950899102 14.0477309338748 14.012588870246 14.01402324019 13.9279610435478 14.0800042576157 13.0250251637772 13.7400585808791 13.6489760894328 13.9250923036598 13.6661885287613 13.6475417194888 13.8684346908703 13.6331980200484 13.4402752625756 13.6073793610558 13.7214117716067 13.6647541588172 13.9512695551384 14.3152409284376 14.2693410902284 14.3080690787174 14.3482314371504 14.2162694022991 14.1969054080546 14.1409649802372 14.2499770959839 13.8350855896715 13.9516281476244 13.896046312293 13.8553819243796 13.3217006805353 15.4749996541068 -9999 -9999 -9999 -9999 -9999
-9999 -9999 -9999 -9999 -9999 -9999 -9999 -9999 -9999 -9999 -9999 -9999 -9999 -9999 -9999 -9999 -9999 6.88018432352692 14.9503082211595 14.2198553271592 14.1459852750413 13.7500991704874 13.9028595695272 14.052034043707 14.0807214425877 14.0376903442666 13.8784752804786 13.9458906678483 13.9408703730442 13.8684346908703 13.3685567653738 13.7673116098158 13.9064454943873 13.8490706966259 13.8677175058983 13.9487594077364 13.9573656274006 13.6288949102163 13.9136173441075 13.7866756040603 13.5708029274829 13.8870815001428 13.8684346908703 13.7967161936685 14.1359446854331 14.2994628590532 14.2506942809559 14.569841593504 14.2897808619309 14.3980757927056 14.2101733300369 13.60035094833 14.2949996804819 -9999 -9999 -9999 -9999 -9999 -9999 -9999 -9999 -9999
-9999 -9999 -9999 -9999 -9999 -9999 -9999 -9999 -9999 -9999 -9999 -9999 -9999 -9999 -9999 -9999 -9999 13.1247138748877 14.2098147375509 14.2485427260399 13.7816553092562 13.7099368120544 13.9702749568969 13.9795983615331 13.8325754422694 13.5191656094976 13.932981338352 13.9652546620928 13.9831842863932 13.9702749568969 12.6528061632998 14.0111545003019 13.5614795228466 13.8060395983048 13.9415875580162 13.8010193035007 13.7558366502635 13.4732657712884 13.7300179912709 13.3499099561013 13.653996384237 13.4452955573797 13.8476363266818 14.2155522173271 14.1452680900693 14.1617633444257 14.2492599110119 14.3525345469825 14.3152409284376 14.1535157172475 13.9075212718453 15.7099996488541 -9999 -9999 -9999 -9999 -9999 -9999 -9999 -9999 -9999 -9999
-9999 -9999 -9999 -9999 -9999 -9999 -9999 -9999 -9999 -9999 -9999 -9999 -9999 14.4737388072535 14.2155522173271 14.1115603963844 14.1839960785583 13.974578066729 14.1839960785583 14.0405590841547 13.816797372885 13.8404644769616 13.9100314192474 14.0018310956657 14.0326700494625 13.9996795407496 14.0398418991826 14.0039826505817 14.0362559743226 13.9480422227643 13.9975279858336 13.7321695461869 13.894253349863 13.9258094886318 13.893536164891 13.894253349863 13.8078325607348 13.6389354998246 13.7418515433092 13.6794564507436 13.1713308980688 13.3047273028642 13.6991790374741 14.0477309338748 14.3188268532977 14.4325006713625 14.5296792350709 14.3973586077336 14.2714926451445 14.2732856075745 14.3808633533772 13.8196661127731 13.4199997000396 -9999 -9999 -9999 -9999 -9999 -9999 24.3449703071133 24.8649994442239 -9999
-9999 -9999 -9999 -9999 -9999 -9999 -9999 -9999 -9999 -9999 9.8449997799471 14.4766075471416 14.0376903442666 14.2657551653683 14.2621692405082 14.09219640214 14.1402477952652 14.1115603963844 14.1452680900693 14.0800042576157 14.0298013095744 14.0168919800781 13.976012436673 14.0835901824757 14.0785698876716 14.1445509050973 14.1660664542578 14.0513168587349 13.9401531880721 13.9717093268409 14.0168919800781 13.8885158700868 13.8311410723254 13.816797372885 13.7407757658511 13.7945646387525 13.6439557946287 13.4990844302811 13.5987731413916 13.6274605402723 12.4347819318064 13.2265541409142 13.5313577540219 13.9107486042194 14.0412762691267 14.4059648273978 14.4823450269178 14.372257133713 14.3030487839133 14.2481841335539 13.7239219190087 13.6854329921771 9.3063593905329 -9999 -9999 -9999 13.6165071697906 14.294442564249 14.01581620262 13.6071402993985 13.6973860750441 17.7899996023625
-9999 -9999 -9999 -9999 -9999 -9999 -9999 20.0625093797552 14.4658497725613 14.4644154026173 14.1926022982225 14.214117847383 14.211966292467 14.2800988648087 14.1933194831945 14.1445509050973 14.0678121130913 14.0642261882313 14.0663777431473 14.092913587112 13.9960936158895 14.1395306102931 14.1366618704051 14.1761070438661 14.0857417373918 14.1631977143697 14.0792870726436 13.7465132456273 13.5162968696095 13.7902615289204 14.0312356795184 13.9487594077364 13.8619800261222 13.8418988469057 13.7536850953475 13.7924130838364 13.7178258467466 13.5851466269232 13.735038286075 13.7371898409911 13.3886379445903 14.0348216043785 14.0247810147703 14.1051057316363 14.0477309338748 14.5967360299546 14.4450514083728 14.8050782643259 14.5748618883081 14.5264519026969 14.5042191685643 14.254997390788 14.173238303978 14.0643457190599 14.651600680314 14.8402203279547 14.4672841425054 14.1456266825553 14.3356807001401 14.01223027776 14.0337458269205 14.1399218020961
-9999 -9999 -9999 -9999 -9999 14.4335764488205 14.4443342234008 14.4400311135687 14.3977172002196 14.4622638477013 14.3059175238013 14.2456739861518 14.2220068820752 14.3159581134096 14.2765129399486 14.2463911711238 14.1000854368322 14.1058229166083 14.053468413651 14.053468413651 14.0484481188469 14.0778527026996 14.1567430496216 14.1517227548175 14.094347957056 14.1839960785583 14.1753898588941 14.1065401015803 13.4488814822398 14.0749839628115 13.8992736446671 13.9107486042194 13.9580828123726 13.9831842863932 13.7644428699277 13.8175145578571 13.69415874267 13.696310297586 13.9215063787997 13.5808435170911 14.0376903442666 14.2822504197247 14.1251869108528 14.174672673922 14.2664723503403 14.3797875759192 14.7591784261167 14.7197332526557 14.6609240849502 14.8291039608885 14.8083055966999 14.6892528913449 14.5547807090916 14.5547807090916 14.7552339087706 14.9743339177221 14.6544694202021 14.8183461863082 14.8531296574511 14.6781365242787 14.374408688629 14.0835901824757
-9999 -9999 -9999 -9999 -9999 14.413495269604 14.4249702291563 14.3044831538573 14.334604922682 14.3840906857513 14.3482314371504 14.2650379803963 14.3690298013389 14.4156468245201 14.3647266915068 14.3432111423463 14.1696523791179 14.0764183327556 14.0857417373918 14.1108432114124 14.1818445236422 14.133075945545 14.0843073674478 14.1022369917482 14.0613574483432 13.894253349863 14.171803934034 14.052034043707 14.1072572865523 14.1524399397895 13.5471358234063 13.7013305923901 13.6898556328379 13.6511276443489 13.9035767544992 13.5582521904726 13.5851466269232 13.7440030982252 13.4696798464283 13.655430754181 13.9631031071767 14.054902783595 14.2306131017394 14.0312356795184 14.2356333965436 14.2800988648087 14.772804940585 14.8079470042139 14.9047669754364 14.8796655014157 14.849543732591 14.8219321111683 14.7480620590504 14.3756637623301 14.6853083739989 14.9564042934217 14.9990767992567 15.009117388865 14.9940565044526 15.0019455391448 14.8040024868678 14.4873653217219
-9999 -9999 -9999 -9999 -9999 14.4658497725613 14.4730216222815 14.3432111423463 14.2671895353124 14.3224127781577 14.3424939573742 14.3059175238013 14.2722098301165 14.3769188360311 14.4163640094921 14.1882991883904 14.2033600728028 14.1510055698454 14.0391247142106 14.1703695640899 14.3123721885495 14.3389080325142 14.4271217840724 14.2980284891091 14.3360392926261 14.1825617086142 14.3008972289972 13.5876567743253 14.1997741479427 14.173238303978 13.7221289565787 13.8003021185286 13.7658772398718 13.6805322282016 13.8418988469057 13.7371898409911 13.8214590752032 13.7913373063784 13.9440977054182 13.975295251701 14.254997390788 14.3489486221224 14.2406536913477 14.3066347087733 14.2808160497807 14.450788888149 14.5684072235599 14.4701528823934 14.7104098480195 14.8219321111683 14.8624530620873 15.0066072414629 14.730491027236 14.7362285070121 15.1174123196397 15.1120334323496 15.1346247589681 15.0991241028532 15.1163365421817 15.3924527564086 15.1751457098871 15.2339548775926
-9999 -9999 -9999 -9999 -9999 14.5425885645673 14.4816278419457 14.3618579516187 14.334604922682 14.2593005006202 14.2765129399486 14.4256874141283 14.4414654835127 14.5834681079723 14.5899227727205 14.1524399397895 14.2234412520193 14.2098147375509 14.2571489457041 14.3267158879898 14.3568376568146 14.413495269604 14.3977172002196 14.4701528823934 14.1531571247615 14.3381908475421 14.1223181709647 13.7257148814388 13.8404644769616 13.8978392747231 13.6080965460278 13.8393886995036 13.894253349863 13.8103427081369 13.6496932744049 14.0563371535391 13.8967634972651 14.014740425162 13.9903561361134 13.9150517140515 14.2725684226025 14.3145237434655 14.0964995119721 14.1947538531385 14.3647266915068 14.174672673922 14.4099093447439 14.533623752417 14.7075411081314 14.5139011656865 14.4852137668058 15.0700781114865 15.0847804034129 14.9148075650446 15.1339075739961 15.2203283631243 14.7423245792743 14.7464483928634 15.1030686201993 15.1274529092479 14.9438535564113 15.1902065942995
-9999 -9999 -9999 -9999 -9999 14.6458632005379 14.6566209751181 14.5834681079723 14.334604922682 14.211966292467 14.3697469863109 14.3912625354715 14.5791649981402 14.6264992062934 14.5411541946232 14.5074465009384 14.2463911711238 14.2392193214037 14.3776360210031 14.2965941191651 14.4579607378691 14.5067293159664 14.3417767724022 14.2757957549766 14.3173924833536 14.211966292467 14.1467024600133 14.1043885466643 13.9889217661694 13.9014251995832 14.1216009859927 13.9645374771208 14.0979338819161 14.095065142028 14.0412762691267 13.9494765927084 14.0878932923079 14.0649433732033 13.8777580955066 14.0875346998218 13.9702749568969 14.0355387893505 14.1467024600133 14.0850245524198 14.4307077089325 14.4346522262786 14.4385967436247 14.4579607378691 14.6623584548943 14.7046723682433 14.610721136909 14.7824869377073 14.6193273565732 14.6853083739989 15.1001998803113 15.170125415083 14.6150242467411 14.7347941370681 15.0317087154835 14.5447401194833 14.971465177834 14.6078523970209
