EcologicalScience/Bass/data/rs_data_bass/sst_132.asc
NCOLS 226 
NROWS 124 
XLLCORNER -9.41648524995501 
YLLCORNER 47.587301625531 
CELLSIZE 0.0833 
NODATA_value -9999 
[rows 81 to 107 of 124, columns 62 to 123 of 226]
15.5512503120117 -9999 -9999 -9999 -9999 -9999 -9999 -9999 -9999 -9999 -9999 -9999 -9999 -9999 -9999 -9999 -9999 -9999 -9999 -9999 -9999 -9999 -9999 -9999 -9999 -9999 -9999 -9999 -9999 -9999 -9999 -9999 -9999 -9999 -9999 -9999 -9999 -9999 -9999 -9999 -9999 -9999 -9999 -9999 -9999 -9999 -9999 -9999 -9999 -9999 -9999 -9999 -9999 -9999 -9999 -9999 -9999 -9999 -9999 -9999 -9999 -9999
14.9895799812945 -9999 -9999 -9999 -9999 -9999 -9999 -9999 -9999 -9999 -9999 -9999 -9999 -9999 -9999 -9999 -9999 -9999 -9999 -9999 -9999 -9999 -9999 -9999 -9999 -9999 -9999 -9999 -9999 -9999 -9999 -9999 -9999 -9999 -9999 -9999 -9999 -9999 -9999 -9999 -9999 -9999 -9999 -9999 -9999 -9999 -9999 -9999 -9999 -9999 -9999 -9999 -9999 -9999 -9999 -9999 -9999 -9999 -9999 -9999 -9999 -9999
-9999 -9999 -9999 -9999 -9999 -9999 -9999 -9999 -9999 -9999 -9999 -9999 -9999 -9999 -9999 -9999 -9999 -9999 -9999 -9999 -9999 -9999 -9999 -9999 -9999 -9999 -9999 -9999 -9999 -9999 -9999 -9999 -9999 -9999 -9999 -9999 -9999 -9999 -9999 -9999 -9999 -9999 -9999 -9999 -9999 -9999 -9999 -9999 -9999 -9999 -9999 -9999 -9999 -9999 -9999 -9999 -9999 -9999 -9999 -9999 16.000465642734 -9999
-9999 -9999 -9999 -9999 -9999 -9999 -9999 -9999 -9999 -9999 -9999 -9999 -9999 -9999 -9999 -9999 -9999 -9999 -9999 -9999 -9999 -9999 -9999 -9999 -9999 -9999 -9999 -9999 -9999 -9999 -9999 -9999 -9999 11.3199997469783 11.209999749437 11.1449997508898 -9999 -9999 -9999 -9999 -9999 -9999 -9999 -9999 -9999 -9999 -9999 -9999 -9999 -9999 -9999 -9999 -9999 -9999 -9999 -9999 17.2699996139854 17.2930464184475 13.6249996954575 13.3549997014925 13.0599997080863 13.5999996960163
-9999 -9999 -9999 -9999 -9999 -9999 -9999 -9999 -9999 -9999 -9999 -9999 -9999 -9999 -9999 -9999 -9999 -9999 -9999 -9999 -9999 -9999 -9999 -9999 -9999 -9999 -9999 -9999 -9999 -9999 -9999 -9999 -9999 16.8560816934332 13.3699997011572 13.4466663661102 12.7199997156858 12.7199997156858 12.9124997113831 12.9659997101873 8.90659980092198 -9999 13.5378568402625 13.3524997015484 13.2266663710276 13.3949997005984 13.3949997005984 11.3199997469783 11.479999743402 11.5999997407198 14.6066663401822 14.8654383990215 16.8848937304236 -9999 14.4524996769615 12.9649997102097 12.9899997096509 13.8299996908754 14.339999679476 12.4449997218326 13.8549996903166 14.2949996804819
-9999 -9999 -9999 -9999 -9999 -9999 -9999 -9999 -9999 -9999 -9999 -9999 12.9699997100979 12.9699997100979 14.0374996862374 13.9849996874109 13.8199996910989 13.7474996927194 15.1953960834071 -9999 -9999 -9999 -9999 -9999 -9999 11.894999734126 11.5960023079596 15.0962415091497 14.0874996851198 13.9099996890873 13.8274996909313 13.7149996934459 13.7149996934459 13.7849996918812 13.6524996948428 -9999 14.9985844973365 13.5449996972457 13.4499996993691 13.4099997002631 14.1316663507993 13.6924996939488 14.6699996720999 14.9699996653944 14.9999996647239 13.8999996893108 13.6049996959046 13.6949996938929 14.2749996809289 13.6299996953458 13.9699996877462 14.1449996838346 13.9699996877462 12.3649997236207 12.3549997238442 13.3599997013807 14.0049996869639 14.2449996815994 14.379999678582 14.2599996812642 14.2299996819347 14.3649996789172
-9999 -9999 -9999 -9999 -9999 -9999 -9999 -9999 18.2919284938969 9.1711109061208 14.2374996817671 14.21499968227 14.277499680873 14.3849996784702 14.2074996824376 14.089999685064 14.3099996801466 14.25749968132 14.0874996851198 14.3149996800348 14.2024996825494 14.1699996832758 14.3299996796995 14.4174996777438 14.2899996805936 14.2324996818788 15.7599996477365 14.0349996862933 13.5399996973574 13.5399996973574 14.277499680873 13.179999705404 13.0699997078627 13.2099997047335 14.9291232202456 17.7149996040389 14.5339996751398 13.4799996986985 13.4649996990338 13.6399996951222 14.3499996792525 13.7399996928871 13.7399996928871 12.5749997189268 12.6049997182563 13.1549997059628 13.6999996937811 14.9499996658415 13.344999701716 12.6449997173622 13.3349997019395 13.7099996935576 14.3949996782467 14.1249996842816 13.2799997031689 12.9149997113273 14.0299996864051 13.9949996871874 14.1049996847287 14.359999679029 14.4549996769056 14.4749996764585
-9999 -9999 -9999 -9999 -9999 -9999 -9999 -9999 13.848333023799 14.0616663523639 14.0174996866845 14.2849996807054 14.5199996754527 14.4624996767379 14.5374996750616 14.6749996719882 14.6349996728823 14.5149996755645 14.5424996749498 14.6074996734969 14.6424996727146 14.2399996817112 14.4099996779114 14.5074996757321 14.4174996777438 14.4099996779114 14.3674996788613 14.601666340294 14.4449996771291 14.567499674391 14.6324996729381 14.6949996715412 14.0649996856228 14.0249996865168 13.5349996974692 13.6249996954575 14.4899996761233 14.4474996770732 14.484999676235 14.6349996728823 14.5649996744469 14.7349996706471 14.9983329980945 15.2824996584095 15.3916663226361 12.9449997106567 12.7149997157976 12.1899997275323 12.1699997279793 11.169999750331 12.8199997134507 12.9599997103214 13.5799996964633 13.799999691546 13.7699996922165 13.4549996992573 14.6449996726587 14.4349996773526 14.5699996743351 14.5199996754527 14.4399996772408 14.3949996782467
-9999 -9999 -9999 -9999 -9999 -9999 -9999 -9999 13.876666356499 14.2999996803701 14.6099996734411 14.6824996718206 14.8024996691383 14.7824996695854 14.8874996672384 14.939999666065 14.8299996685237 14.8099996689707 14.692499671597 14.7224996709265 14.4874996761791 14.6199996732175 14.877499667462 14.9249996664003 14.9599996656179 14.7374996705912 14.7599996700883 14.6274996730499 14.5774996741675 14.7649996699765 14.2849996807054 14.2849996807054 14.1299996841699 14.1299996841699 13.7749996921048 13.7349996929988 13.7749996921048 13.8599996902049 14.1249996842816 14.2999996803701 14.9099996667355 14.8649996677414 14.6199996732175 15.2649996588007 15.3399996571243 13.2649997035041 13.1899997051805 12.3799997232854 11.8899997342378 11.3999997451901 11.1799997501075 15.2799996584654 12.7249997155741 13.1199997067451 13.8699996899813 13.7749996921048 14.0049996869639 14.234999681823 14.5299996752292 14.4899996761233 14.4749996764585 14.4699996765703
10.3565773954081 9.40499978978187 -9999 -9999 -9999 -9999 -9999 -9999 14.0749996853992 14.7424996704794 14.0949996849522 14.9474996658973 14.9174996665679 14.8724996675737 14.9949996648356 15.0349996639416 15.0349996639416 14.5799996741116 14.5799996741116 14.6824996718206 14.6774996719323 14.8324996684678 15.1199996620417 14.5949996737763 14.3699996788055 15.2199996598065 14.857499667909 14.7924996693619 14.1199996843934 14.1199996843934 14.484999676235 14.2049996824935 14.234999681823 14.3299996796995 13.8299996908754 13.7749996921048 14.0199996866286 14.3199996799231 14.4099996779114 14.524999675341 14.7599996700883 14.6949996715412 14.6649996722117 14.5499996747822 14.3949996782467 13.6949996938929 13.1099997069687 13.2099997047335 13.2749997032806 11.5849997410551 15.2424996593036 15.2774996585213 12.3649997236207 12.3099997248501 12.1549997283146 14.0149996867403 14.1299996841699 14.2999996803701 14.4699996765703 14.5399996750057 14.5099996756762 14.4249996775761
13.5949996961281 13.6449996950105 13.7199996933341 13.7849996918812 13.9333330218991 -9999 16.1899624452926 14.5024996758439 13.9349996885285 13.9349996885285 14.7349996706471 13.9749996876344 13.9649996878579 14.8399996683002 14.6624996722676 14.8274996685795 14.8499996680766 14.9224996664561 14.6149996733293 14.7849996695295 14.9474996658973 15.0324996639974 14.5799996741116 14.6149996733293 14.629999672994 14.5449996748939 15.002499664668 15.084999662824 15.0416663304592 15.0074996645562 14.6899996716529 14.6599996723235 14.6049996735528 14.5849996739998 14.089999685064 14.1449996838346 13.9649996878579 13.8099996913224 13.8399996906519 14.649999672547 14.3049996802583 14.3249996798113 14.4949996760115 14.5349996751174 13.4749996988103 13.3399997018278 13.1849997052923 12.9849997097626 13.054999708198 12.9549997104332 15.3599996566772 15.3733329897126 12.639999717474 12.6249997178093 12.3449997240677 15.2374996594153 14.3699996788055 14.4299996774644 14.5899996738881 14.5749996742234 14.5499996747822 14.4549996769056
13.6499996948987 13.634999695234 13.6599996946752 13.5899996962398 13.5649996967986 13.634999695234 13.634999695234 14.5099996756762 14.6399996727705 14.7449996704236 14.7724996698089 13.75999969244 13.75999969244 14.919999666512 14.7874996694736 14.339999679476 14.339999679476 14.3149996800348 14.4999996758997 14.6199996732175 14.5549996746704 14.5999996736646 14.7299996707588 14.7099996712059 14.6649996722117 14.6549996724352 15.1324996617623 14.4699996765703 14.4699996765703 14.7299996707588 14.774999669753 14.7849996695295 14.6699996720999 14.5799996741116 14.2099996823817 14.1999996826053 14.3049996802583 14.2099996823817 14.2249996820465 14.0399996861815 13.9199996888638 13.8349996907637 14.0249996865168 13.7749996921048 13.5949996961281 13.5649996967986 13.0449997084215 12.784999714233 12.6949997162446 13.0599997080863 13.1449997061864 12.5049997204915 11.4849997432902 11.4849997432902 12.4799997210503 12.3549997238442 12.3049997249618 14.2749996809289 14.4249996775761 14.5349996751174 14.5549996746704 14.3749996786937
13.2949997028336 13.3299997020513 13.4749996988103 13.5599996969104 13.5899996962398 13.8449996905401 13.9949996871874 13.9849996874109 13.9549996880814 13.8149996912107 13.6649996945634 13.5799996964633 14.7674996699207 14.857499667909 14.8524996680208 14.8474996681325 13.6599996946752 14.3049996802583 14.3249996798113 14.4349996773526 14.3549996791407 14.2499996814877 14.4599996767938 14.2299996819347 14.3449996793643 14.9324996662326 14.9699996653944 14.5549996746704 14.5899996738881 14.7699996698648 14.6649996722117 14.8249996686354 14.6699996720999 14.6149996733293 14.2549996813759 14.234999681823 14.2399996817112 14.1649996833876 14.2299996819347 13.9849996874109 14.1049996847287 15.3174996576272 13.9999996870756 13.9149996889755 13.344999701716 13.7499996926636 13.6399996951222 12.6699997168034 12.6449997173622 12.4149997225031 12.4699997212738 12.3849997231737 12.2499997261912 12.4549997216091 12.8349997131154 12.3399997241795 12.7299997154623 13.944999688305 14.2299996819347 14.1899996828288 14.1799996830523 13.8499996904284
13.0399997085333 13.2099997047335 13.2549997037277 13.2249997043982 13.2349997041747 13.0949997073039 13.2949997028336 13.4999996982515 13.8499996904284 14.484999676235 14.3899996783584 13.0049997093156 12.8799997121096 13.324999702163 13.6899996940047 14.8799996674061 14.8424996682443 14.1849996829405 14.0149996867403 14.1099996846169 14.1249996842816 14.3749996786937 14.4449996771291 14.5199996754527 14.6149996733293 14.8174996688031 14.8699996676296 14.8949996670708 14.8649996677414 14.7899996694177 14.8199996687472 14.5349996751174 14.524999675341 14.629999672994 14.1299996841699 14.1049996847287 14.0599996857345 14.0449996860698 14.0999996848404 14.0599996857345 14.0149996867403 13.8999996893108 13.7399996928871 14.4049996780232 13.2399997040629 13.2049997048452 13.2149997046217 12.9599997103214 12.8999997116625 12.6499997172505 12.6299997176975 12.5099997203797 12.2199997268617 11.7999997362494 12.1999997273088 12.7749997144565 12.2099997270852 15.1824996606447 13.6299996953458 13.7499996926636 13.654999694787 13.614999695681
12.7999997138977 12.7899997141212 12.8199997134507 12.8549997126684 12.7199997156858 12.8499997127801 12.8949997117743 12.0749997301027 12.7599997147918 13.5749996965751 12.6749997166917 12.0949997296557 12.184999727644 12.6849997164682 12.9349997108802 12.9249997111037 14.5449996748939 14.4299996774644 14.2199996821582 13.6049996959046 13.5999996960163 13.5899996962398 14.2699996810406 14.4599996767938 14.6349996728823 14.7974996692501 14.899999666959 14.5799996741116 14.5799996741116 14.649999672547 14.649999672547 15.064999663271 15.1624996610917 15.1799996607006 15.2549996590242 14.1599996834993 14.1349996840581 14.1099996846169 13.9949996871874 14.0849996851757 14.1099996846169 14.0199996866286 13.9649996878579 13.9649996878579 14.069999685511 13.0599997080863 13.0599997080863 12.9949997095391 12.9799997098744 12.7199997156858 12.2749997256324 12.6649997169152 12.2849997254089 11.3649997459725 11.5249997423962 11.2249997491017 11.334999746643 11.4949997430667 15.0574996634386 13.5299996975809 13.4549996992573 13.3199997022748
12.639999717474 12.4549997216091 11.9099997337908 11.6349997399375 11.5449997419491 12.0299997311085 12.184999727644 12.1549997283146 13.0149997090921 13.2999997027218 13.2299997042865 14.2724996809848 14.3624996789731 14.4449996771291 14.5374996750616 14.5949996737763 14.0849996851757 14.2299996819347 14.339999679476 14.3199996799231 14.4199996776879 14.0999996848404 14.21499968227 14.359999679029 14.5499996747822 14.7249996708706 14.6199996732175 14.5999996736646 14.4749996764585 14.9799996651709 14.899999666959 14.899999666959 15.2874996582977 15.2374996594153 15.2516663257654 15.064999663271 15.1324996617623 15.2024996601976 14.0649996856228 14.0649996856228 14.0649996856228 14.0649996856228 14.1749996831641 14.0449996860698 14.3349996795878 14.6649996722117 14.6899996716529 12.9249997111037 12.9599997103214 13.0199997089803 11.7949997363612 12.5699997190386 12.4799997210503 11.9899997320026 11.7249997379258 14.7474996703677 14.7074996712618 14.7299996707588 14.7174996710382 14.422499677632 14.3199996799231 12.5249997200444
12.4249997222796 12.4049997227266 12.3799997232854 12.4449997218326 12.3449997240677 12.3449997240677 12.3749997233972 12.5999997183681 13.0849997075275 12.8799997121096 13.3799997009337 14.2649996811524 14.3299996796995 14.1649996833876 14.1399996839464 14.4999996758997 12.5499997194856 14.234999681823 14.2949996804819 14.3849996784702 14.4799996763468 14.4049996780232 14.0349996862933 14.0549996858463 14.0099996868521 14.2849996807054 14.2749996809289 14.8799996674061 14.9024996669032 14.8249996686354 15.0949996626005 15.189999660477 15.1624996610917 15.0274996641092 14.6749996719882 14.9149996666238 14.9699996653944 15.0174996643327 15.1849996605888 14.0999996848404 14.234999681823 14.484999676235 14.3899996783584 14.0949996849522 14.1449996838346 14.0399996861815 13.904999689199 14.899999666959 14.9574996656738 13.0049997093156 12.8299997132272 12.2199997268617 11.8799997344613 11.5049997428432 11.2899997476488 11.2699997480959 11.5349997421727 18.6099995840341 -9999 -9999 -9999 -9999
12.7149997157976 12.9049997115508 12.8999997116625 12.6999997161329 12.514999720268 12.6049997182563 12.6849997164682 12.9349997108802 12.9849997097626 13.0949997073039 12.5599997192621 12.8599997125566 13.614999695681 13.779999691993 13.7749996921048 14.7099996712059 14.0799996852875 14.3999996781349 14.504999675788 14.524999675341 14.4899996761233 14.4999996758997 14.3499996792525 13.799999691546 13.9699996877462 13.7699996922165 13.21999970451 13.21999970451 15.0799996629357 15.0474996636622 15.0974996625446 14.8424996682443 13.8449996905401 13.8099996913224 13.8099996913224 14.4924996760674 14.7874996694736 15.0549996634945 15.1124996622093 15.6099996510893 14.7349996706471 14.0949996849522 14.0199996866286 13.9899996872991 14.1649996833876 14.1099996846169 13.9499996881932 14.0949996849522 14.5449996748939 12.6149997180328 11.914999733679 11.914999733679 11.31499974709 11.2249997491017 14.5969996737316 12.4599997214973 -9999 -9999 -9999 -9999 -9999 -9999
13.2799997031689 13.2049997048452 13.1499997060746 13.1849997052923 13.0249997088686 12.8149997135624 12.6449997173622 12.3199997246265 14.5824996740557 12.7049997160211 13.054999708198 13.0849997075275 13.0199997089803 13.1399997062981 14.7299996707588 11.5549997417256 14.823333002006 14.4499996770173 14.5599996745586 14.5999996736646 14.5349996751174 14.484999676235 14.5849996739998 14.6724996720441 14.6874996717088 14.7624996700324 15.0924996626563 15.1399996615946 14.8299996685237 14.8649996677414 13.128112914111 14.3049996802583 14.3049996802583 -9999 -9999 17.7199996039271 15.0924996626563 13.9149996889755 13.9149996889755 15.1449996614829 15.064999663271 14.9699996653944 14.2999996803701 14.3199996799231 14.069999685511 13.9349996885285 13.9849996874109 14.194999682717 14.3249996798113 14.0849996851757 13.9299996886402 12.6449997173622 14.0974996848963 -9999 -9999 -9999 -9999 -9999 -9999 -9999 -9999 -9999
13.4949996983632 13.2999997027218 13.4499996993691 13.4449996994808 13.4299996998161 14.2549996813759 12.4199997223914 13.1399997062981 13.4399996995926 13.5449996972457 13.179999705404 13.1199997067451 14.8124996689148 14.7899996694177 14.9183329998826 14.9983329980945 14.8666663343708 14.8683330010002 14.9583329989885 14.8733330008884 14.234999681823 14.4399996772408 14.4699996765703 14.4499996770173 14.3099996801466 14.1899996828288 14.2199996821582 14.2999996803701 14.4149996777996 14.5749996742234 -9999 -9999 -9999 -9999 16.3799996338785 14.1699996832758 14.3999996781349 14.8099996689707 14.8924996671267 14.9449996659532 14.9424996660091 14.8099996689707 14.7699996698648 14.3049996802583 14.5149996755645 13.8249996909872 13.7699996922165 13.5299996975809 14.0949996849522 14.2299996819347 13.5749996965751 13.5749996965751 13.8649996900931 -9999 -9999 -9999 -9999 -9999 -9999 -9999 -9999 -9999
14.3624996789731 13.3599997013807 13.4749996988103 13.5549996970221 13.4999996982515 13.5899996962398 13.6299996953458 13.2999997027218 14.484999676235 14.4799996763468 14.794999669306 14.8324996684678 14.5574996746145 14.8483330014472 14.9999996647239 15.0624996633269 14.9699996653944 14.8799996674061 14.8349996684119 14.774999669753 13.7949996916577 14.0999996848404 14.4549996769056 14.5299996752292 14.4349996773526 14.0099996868521 13.8649996900931 13.9799996875226 14.0549996858463 14.7116663378353 -9999 -9999 -9999 -9999 -9999 18.2399995923042 14.3549996791407 14.2749996809289 14.4074996779673 14.4724996765144 14.6174996732734 14.4799996763468 14.587499673944 14.4999996758997 13.7749996921048 14.7149996710941 14.4899996761233 13.3849997008219 13.4449996994808 13.8949996894225 13.924999688752 13.5649996967986 13.7674996922724 13.4119997002184 11.8527997350693 -9999 -9999 -9999 -9999 -9999 -9999 -9999
13.4949996983632 13.489999698475 13.5899996962398 13.5799996964633 13.634999695234 13.3699997011572 13.1349997064099 13.0849997075275 12.7949997140095 14.6599996723235 14.8174996688031 15.0766663296769 14.9749996652827 15.0749996630475 15.0549996634945 14.9124996666797 13.2249997043982 13.8499996904284 14.3199996799231 14.3149996800348 14.6349996728823 14.4299996774644 14.8299996685237 14.7049996713176 14.3699996788055 13.7949996916577 13.6399996951222 13.5599996969104 13.8499996904284 13.3199997022748 13.2249997043982 24.7149994475767 -9999 -9999 -9999 -9999 13.6416663617517 14.4324996774085 14.4324996774085 14.3416663461054 14.5174996755086 14.2499996814877 14.0274996864609 12.5699997190386 12.8399997130036 13.1299997065216 13.344999701716 13.2849997030571 13.0199997089803 13.9149996889755 13.7124996935017 13.4949996983632 12.6774997166358 9.86999977938831 -9999 -9999 -9999 -9999 -9999 -9999 -9999 -9999
14.5524996747263 13.3349997019395 13.4549996992573 13.4749996988103 13.1549997059628 13.5499996971339 13.4499996993691 12.9449997106567 12.9449997106567 13.3749997010455 13.4249996999279 14.1299996841699 14.2849996807054 14.6849996717647 14.6999996714294 14.3949996782467 14.2099996823817 13.7399996928871 13.7049996936694 13.5449996972457 14.919999666512 14.9549996657297 14.9499996658415 14.9299996662885 14.7349996706471 14.0949996849522 14.194999682717 14.4649996766821 14.2899996805936 13.924999688752 13.3549997014925 -9999 -9999 -9999 -9999 -9999 -9999 -9999 -9999 -9999 -9999 -9999 -9999 -9999 -9999 -9999 13.0399997085333 13.0224997089244 12.6999997161329 12.6999997161329 14.3079996801913 -9999 -9999 -9999 -9999 -9999 -9999 -9999 -9999 -9999 -9999 -9999
13.0499997083098 12.5099997203797 14.7299996707588 12.9849997097626 13.2299997042865 13.2949997028336 14.0199996866286 14.3249996798113 14.4249996775761 14.4449996771291 14.4999996758997 14.7549996702 14.6549996724352 14.7499996703118 14.6899996716529 14.5149996755645 14.3349996795878 14.2649996811524 15.0924996626563 15.1724996608682 14.8299996685237 15.1249996619299 15.0899996627122 14.8349996684119 14.4049996780232 17.65499960538 14.6166663399587 14.4949996760115 13.7749996921048 14.3349996795878 14.2599996812642 13.6424996950664 19.4849113553317 -9999 -9999 -9999 -9999 -9999 -9999 -9999 -9999 -9999 -9999 -9999 -9999 -9999 -9999 -9999 -9999 -9999 -9999 -9999 -9999 -9999 -9999 -9999 -9999 -9999 -9999 -9999 -9999 -9999
13.1499997060746 12.9499997105449 13.054999708198 14.7149996710941 14.7149996710941 13.2049997048452 12.6999997161329 14.8499996680766 13.179999705404 14.5149996755645 14.6099996734411 13.5949996961281 14.5649996744469 14.7249996708706 14.6599996723235 14.4399996772408 13.8599996902049 13.8849996896461 13.324999702163 12.8849997119978 12.0049997316673 11.7999997362494 14.4724996765144 14.4249996775761 14.6774996719323 14.8074996690266 14.7649996699765 14.7374996705912 14.8024996691383 11.5099997427315 12.2699997257441 12.3599997237325 -9999 -9999 -9999 -9999 -9999 -9999 -9999 -9999 -9999 -9999 -9999 -9999 -9999 -9999 -9999 -9999 -9999 -9999 -9999 -9999 -9999 -9999 -9999 -9999 -9999 -9999 -9999 -9999 -9999 -9999
13.2849997030571 13.2249997043982 13.0649997079745 13.2099997047335 13.1849997052923 12.7999997138977 12.7999997138977 15.0099996645004 14.7874996694736 14.8824996673502 11.2999997474253 14.4799996763468 14.5799996741116 14.6149996733293 14.5999996736646 14.524999675341 14.524999675341 14.5199996754527 12.9849997097626 12.9849997097626 12.9699997100979 12.9699997100979 12.5649997191504 11.8049997361377 11.3199997469783 11.1649997504428 14.7799996696413 14.4324996774085 10.2099997717887 14.4549996769056 11.1599997505546 11.1599997505546 20.1464039700638 -9999 -9999 -9999 -9999 -9999 -9999 -9999 -9999 -9999 -9999 -9999 -9999 -9999 -9999 -9999 -9999 -9999 -9999 -9999 -9999 -9999 -9999 -9999 -9999 -9999 -9999 -9999 -9999 -9999
13.2799997031689 12.909999711439 13.1449997061864 13.0699997078627 12.9799997098744 15.0824996628799 12.9749997099862 12.9749997099862 14.8449996681884 12.4149997225031 12.4149997225031 14.6099996734411 14.5074996757321 14.25749968132 14.7549996702 14.7549996702 15.1549996612594 14.649999672547 14.5099996756762 15.1549996612594 12.4499997217208 12.6999997161329 11.8649997347966 11.354999746196 11.0849997522309 11.0849997522309 10.9249997558072 10.0549997752532 10.0549997752532 14.4124996778555 14.4624996767379 14.0266663531462 14.6070931972111 -9999 -9999 -9999 -9999 -9999 -9999 -9999 -9999 -9999 -9999 -9999 -9999 -9999 -9999 -9999 -9999 -9999 -9999 -9999 -9999 -9999 -9999 -9999 -9999 -9999 -9999 -9999 -9999 -9999
