EcologicalScience/Bass/data/rs_data_bass/sst_397.asc
NCOLS 226 
NROWS 124 
XLLCORNER -9.41648524995501 
YLLCORNER 47.587301625531 
CELLSIZE 0.0833 
NODATA_value -9999 
[rows 81 to 107 of 124, columns 62 to 123 of 226]
15.4849696177989 -9999 -9999 -9999 -9999 -9999 -9999 -9999 -9999 -9999 -9999 -9999 -9999 -9999 -9999 -9999 -9999 -9999 -9999 -9999 -9999 -9999 -9999 -9999 -9999 -9999 -9999 -9999 -9999 -9999 -9999 -9999 -9999 -9999 -9999 -9999 -9999 -9999 -9999 -9999 -9999 -9999 -9999 -9999 -9999 -9999 -9999 -9999 -9999 -9999 -9999 -9999 -9999 -9999 -9999 -9999 -9999 -9999 -9999 -9999 -9999 -9999
14.8783638132765 -9999 -9999 -9999 -9999 -9999 -9999 -9999 -9999 -9999 -9999 -9999 -9999 -9999 -9999 -9999 -9999 -9999 -9999 -9999 -9999 -9999 -9999 -9999 -9999 -9999 -9999 -9999 -9999 -9999 -9999 -9999 -9999 -9999 -9999 -9999 -9999 -9999 -9999 -9999 -9999 -9999 -9999 -9999 -9999 -9999 -9999 -9999 -9999 -9999 -9999 -9999 -9999 -9999 -9999 -9999 -9999 -9999 -9999 -9999 -9999 -9999
-9999 -9999 -9999 -9999 -9999 -9999 -9999 -9999 -9999 -9999 -9999 -9999 -9999 -9999 -9999 -9999 -9999 -9999 -9999 -9999 -9999 -9999 -9999 -9999 -9999 -9999 -9999 -9999 -9999 -9999 -9999 -9999 -9999 -9999 -9999 -9999 -9999 -9999 -9999 -9999 -9999 -9999 -9999 -9999 -9999 -9999 -9999 -9999 -9999 -9999 -9999 -9999 -9999 -9999 -9999 -9999 -9999 -9999 -9999 -9999 14.9836312319796 -9999
-9999 -9999 -9999 -9999 -9999 -9999 -9999 -9999 -9999 -9999 -9999 -9999 -9999 -9999 -9999 -9999 -9999 -9999 -9999 -9999 -9999 -9999 -9999 -9999 -9999 -9999 -9999 -9999 -9999 -9999 -9999 -9999 -9999 11.3199997469783 11.209999749437 11.1449997508898 -9999 -9999 -9999 -9999 -9999 -9999 -9999 -9999 -9999 -9999 -9999 -9999 -9999 -9999 -9999 -9999 -9999 -9999 -9999 -9999 17.2699996139854 16.7023911077995 16.5464033763856 16.9035614924505 16.7192449546419 16.1498000868596
-9999 -9999 -9999 -9999 -9999 -9999 -9999 -9999 -9999 -9999 -9999 -9999 -9999 -9999 -9999 -9999 -9999 -9999 -9999 -9999 -9999 -9999 -9999 -9999 -9999 -9999 -9999 -9999 -9999 -9999 -9999 -9999 -9999 18.0179348259454 17.169923991058 17.559068556875 17.7874919704627 18.0524918176234 17.5129296570085 17.3310037357733 15.0699395643896 15.8349996460602 16.6310312030837 17.8341089936439 17.8301644762978 17.6652119327337 17.2198400651105 17.4464705162682 16.7880947119556 17.1072420245036 17.1431012731045 17.043412561994 16.0859419369511 -9999 17.1000701747835 17.1352122384124 17.2607196085155 16.4416943704709 15.9855647282675 16.006363092456 15.725943768397 15.6764580053277
-9999 -9999 -9999 -9999 -9999 -9999 -9999 -9999 -9999 -9999 -9999 -9999 12.0106118449185 19.350699071972 15.5251319762319 15.5574052999727 17.5074312388897 15.3501388430595 15.568163074553 -9999 -9999 -9999 -9999 -9999 -9999 11.894999734126 9.87351713547911 15.5587372149208 17.3166600363329 17.0986358048394 17.2334665795788 17.3123569265008 18.0252387886867 18.2468489450403 15.5649996520951 13.143531234245 18.3942093631143 17.8753471295349 17.003250203561 17.3252662559971 17.4665516954847 17.1172826141119 16.6224249834195 16.9049958623946 17.7096774009988 17.439298666548 16.2559434627183 16.2889339714311 16.1325876475312 16.3004089309834 16.7013153303415 16.7120731049217 16.5471205613576 16.6884060008451 16.6288796481676 16.6532639372163 16.0300301965326 15.8736838726327 15.8163090748712 15.7008422943763 15.7087313290685 15.7080141440965
-9999 -9999 -9999 -9999 -9999 -9999 -9999 -9999 -9999 16.3167368421797 16.6231421683915 18.4605700667016 15.5495162652805 17.8043458173051 16.6123843938112 16.6733451164328 15.5975676584058 16.1949827400967 15.7840357511304 15.8435621038079 16.0250099017285 16.1565883260134 16.1082033584826 16.1483657169156 16.2717215321027 16.324793220032 -9999 16.5593127058819 16.7723166425712 16.7529526483268 16.7744681974873 16.6661732667126 16.5535752261057 16.5112613127567 18.085772252176 16.514999630861 13.7402300816333 16.6697591915727 17.002533018589 17.399853493087 17.1703543020412 17.1911526662298 16.7909634518437 16.1835077805445 16.005645907484 15.9489882946946 16.0178380520083 15.8586229882203 15.8342386991717 15.7747123464942 15.7761467164382 15.5832239589654 15.6728720804676 15.7237922134809 15.566011519637 15.7098071065266 16.1580477140378 15.6198003925383 15.6628314908594 15.6291237971745 15.6549424561672 15.6922360747121
-9999 -9999 -9999 -9999 -9999 -9999 -9999 -9999 14.7755577825227 16.4273506710306 17.7763756033964 17.1918698512018 16.7830744171515 17.8452253607102 16.2623981274664 15.5007476871833 15.7137516238727 15.7316812481731 15.7990966355428 15.7962278956547 16.0630207052454 15.8571886182763 16.0802331445739 16.283196491655 16.2810449367389 16.5679189255461 16.4553208849393 16.326227589976 16.4000976420939 16.2731559020467 16.2121951794252 16.2788933818229 16.4137241565622 16.2975401910953 16.5478377463296 16.3699758732691 16.5449690064415 16.8354289201088 16.7759025674313 16.8784600184299 16.8877834230661 16.2731559020467 16.8598132091574 16.3728446131572 15.287743750494 16.0185552369803 16.4416943704709 15.9941709479317 15.726660953369 15.9697866588831 15.8492995835841 15.7955107106827 15.6248206873424 15.608325432986 15.5308694560081 15.3551591378637 15.6162144676782 15.7732779765502 15.6649830457754 16.5499893012457 16.2494887979701 16.32407603506
-9999 -9999 -9999 -9999 -9999 -9999 -9999 -9999 17.6315042390488 18.6047242460772 15.3903012014925 15.6743064504117 16.284630861599 16.3018433009274 17.2212744350545 17.1574449725449 15.4957273923792 15.6728720804676 15.7345499880612 15.8528855084442 15.8715323177166 15.9346445952542 16.0372020462528 15.7453077626415 16.6123843938112 16.5413830815814 16.3054292257875 16.0400707861409 15.9848475432955 15.8406933639199 15.7159031787887 15.9432508149184 15.9116946761496 16.0207067918964 16.3821680177934 16.6374858678319 16.6625873418525 16.5105441277847 16.2824793066829 16.2652668673545 16.6360514978878 16.4875942086801 16.1232642428949 15.8012481904589 16.0508285607211 15.7123172539286 15.7237922134809 15.6499221613631 15.7854701210745 15.7976622655988 15.5373241207562 15.5609912248328 15.6979735544883 15.4985961322673 15.5774864791892 15.4950102074072 15.1349833514541 13.3950926093385 15.6599627509713 15.9432508149184 15.9834131733514 16.2308419886976
13.8550689709373 9.40499978978187 -9999 -9999 -9999 -9999 -9999 -9999 18.3099612225778 17.9212469677441 17.7950224126689 17.5497451522388 17.320245961193 17.04197819205 15.010193166323 15.609042617958 15.7151859938167 15.487838357687 15.5466475253925 15.6850642249919 15.8342386991717 15.9547257744707 15.9583116993308 15.8665120229125 15.3953214962967 15.3357951436192 15.3322092187591 15.4290291899815 15.726660953369 15.727378138341 15.6527909012511 15.6592455659993 15.8564714333043 15.9023712715134 15.965483549051 16.1340220174752 16.1232642428949 16.1490829018876 15.9332102253102 15.5731833693571 16.2702871621586 15.8492995835841 15.8019653754309 15.9081087512895 15.9059571963735 15.4942930224352 15.6836298550479 15.4297463749535 15.3099764846265 15.7137516238727 15.6728720804676 15.568880259525 15.8392589939758 15.5731833693571 15.6621143058874 15.6793267452158 16.6909161482472 14.9277168945409 15.885876017157 15.927472745534 16.3133182604797 16.2380138384178
15.1851862994954 15.1027100277133 15.0209509409033 15.0646992241964 14.9047669754364 -9999 16.1899624452926 15.0697195190005 18.2203131010756 18.1098666153848 17.520340568386 18.355143875815 17.6092715049163 16.2968230061233 15.3910183864646 15.7969450806268 15.1220740219578 15.2325205076486 15.3379466985352 15.329340478871 15.4318979298696 15.5064851669595 15.4397869645618 15.3329264037311 15.1235083919019 15.0051728715189 15.0840632184409 15.0231024958193 15.1091646924615 14.8251594435424 15.3931699413806 15.4376354096457 15.4734946582466 15.2920468603261 15.1966612590477 15.1364177213982 15.448393184226 15.4397869645618 15.6635486758314 15.249015762005 15.249015762005 15.3436841783114 15.3594622476958 15.4799493229948 15.7632373869419 15.5158085715957 15.4419385194778 15.3415326233953 15.4620196986943 15.4849696177989 15.5229804213159 15.7237922134809 15.7295296932571 15.8500167685561 15.7173375487328 15.8184606297873 16.1082033584826 16.8885006080382 16.3893398675136 15.7413632452954 16.1713156360202 16.3290963298641
15.4756462131627 15.3451185482554 15.1005584727973 15.2970671551302 15.3616138026118 15.6097598029301 15.0926694381051 15.6384472018108 16.3362681795843 16.2150639193133 17.7541428692639 17.3546708398499 17.5856044008397 15.7962278956547 15.7151859938167 15.1837519295514 15.0446180449799 15.2081362186 15.3508560280316 15.2583391666412 15.1859034844674 15.1859034844674 15.1980956289917 15.2805719007738 15.3350779586472 15.2196111781523 15.0374461952597 15.2454298371449 15.3530075829476 15.3859980916604 15.0066072414629 15.2310861377046 14.9370402991772 15.131397426594 15.3759575020522 15.3494216580875 15.3393810684793 15.1794488197193 15.1916409642436 15.1084475074895 15.010910351295 15.645619051531 15.5416272305883 15.4849696177989 15.5846583289094 15.4197057853453 15.4225745252334 15.4318979298696 15.4763633981347 15.7739951615222 15.7144688088447 15.7187719186768 15.76610612683 15.7876216759905 16.004928722512 16.2803277517669 15.9877162831835 16.9455168133136 16.882763128262 16.4302194109187 16.3420056593604 16.48400828382
18.1148869101889 16.4266334860586 15.7818841962144 15.7359843580052 15.7947935257107 16.4488662201911 16.3183385552838 16.5707876654342 16.6876888158731 16.1971342950128 16.6188390585594 15.44624162931 15.2784203458577 15.2734000510536 14.9585558483377 14.9944150969386 15.1091646924615 15.0797601086088 15.1019928427413 15.2253486579284 15.2698141261935 15.1787316347472 15.1213568369858 15.0073244264349 15.1249427618459 15.2963499701582 15.008758796379 15.0847804034129 15.3508560280316 15.4218573402613 15.3802606118843 15.4899899126031 14.5504775992595 15.1342661664821 15.4648884385824 15.2999358950183 15.3852809066884 15.4620196986943 15.248298577033 15.566728704609 15.6499221613631 15.5086367218755 15.3931699413806 15.3730887621641 15.4942930224352 15.5136570166796 15.6965391845442 15.4017761610448 15.5315866409801 15.7323984331451 15.767540496774 15.7374187279493 15.7826013811864 15.8550370633602 15.9482711097226 16.007080277428 16.1297189076431 16.8153477408923 16.4603411797434 17.0315790099557 16.6389202377759 16.6948606655933
16.8268227004446 16.7931150067598 16.7780541223474 17.240638429299 16.8361461050808 17.1524246777408 15.2690969412215 16.844035139773 16.5485549313016 16.4173100814223 15.4390697795898 15.2726828660816 15.2927640452981 14.9850916923024 15.0144962761551 15.1321146115661 15.0431836750358 14.9958494668826 15.0288399755955 15.1184880970977 15.1070131375454 15.1973784440197 15.1643879353069 15.2569047966972 15.208853403572 15.3802606118843 15.3307748488151 15.4419385194778 15.367351282388 15.2619250915013 15.3200170742348 15.3479872881435 15.1270943167619 15.7295296932571 15.728812508285 15.7826013811864 15.6599627509713 15.1772972648032 15.5925473636016 15.5574052999727 15.5566881150007 15.6183660225943 15.6183660225943 15.7080141440965 15.7876216759905 15.4670399934985 15.8098544101231 15.7976622655988 15.6606799359433 15.725226583425 15.9396648900583 15.9905850230716 15.8328043292277 16.3936429773457 16.405117936898 16.2337107285857 16.3771477229893 16.5593127058819 16.5772423301823 16.285348046571 16.8942380878143 17.1015045447275
16.6754966713488 18.0998260257766 16.9695425098762 16.8476210646331 17.5483107822947 16.6310312030837 15.5201116814278 17.5633716667071 16.0558488555253 15.6190832075663 15.3157139644027 14.9972838368267 15.010910351295 14.9556871084496 14.890423275996 15.0754569987766 14.9807885824703 15.0030213166028 15.0575273744762 15.0869319583289 15.1235083919019 15.1629535653628 15.2719656811096 15.2762687909417 15.2741172360256 15.6119113578461 15.5774864791892 15.5344553808682 15.2927640452981 15.5301522710361 15.44982755417 15.3243201840669 15.4742118432187 15.885876017157 15.9174321559258 15.924604005646 15.6843470400199 15.5703146294691 15.7718436066061 15.8356730691157 15.7718436066061 16.363521208521 15.9439679998904 15.8808557223529 15.7933591557667 15.9375133351423 15.8571886182763 15.7345499880612 15.5193944964558 16.0106662022881 16.0637378902175 16.1290017226711 16.2179326592013 16.684820075985 16.5707876654342 16.9889065041207 16.1899624452926 17.0642109261826 16.7945493767038 16.5729392203502 17.0376750822179 17.361125504598
17.4299752619117 17.0584734464064 17.0111392382532 17.0269173076376 16.9566331803799 16.1949827400967 15.967635103967 16.4467146652751 15.9482711097226 15.5236976062879 15.3530075829476 14.9105044552125 15.0804772935808 14.8631702470593 14.7885830099694 14.9800713974983 14.9743339177221 15.1105990624055 15.0675679640844 15.1177709121257 15.1177709121257 15.1887722243555 15.0274056056514 15.2009643688798 15.3651997274719 15.6040223231539 15.7768639014103 15.7524796123616 15.5150913866237 15.1192052820697 15.1880550393835 15.4268776350655 15.8277840344235 16.0960112139583 16.2236701389775 16.1376079423353 16.0773644046858 15.9016540865414 16.1899624452926 16.2896511564031 16.0493941907771 15.9963225028478 15.9504226646386 15.885158832185 15.9296243004501 15.8736838726327 16.0716269249097 15.8973509767093 15.9296243004501 16.402966381982 16.4503005901352 16.563615815714 16.6668904516846 17.0218970128335 17.3023163368925 17.1366466083564 17.3353068456054 17.1452528280206 17.4428845914081 17.6551713431254 17.8943525312934 17.7146976958029
17.0233313827775 16.7206793245859 16.6984465904534 16.6267280932516 16.8375804750249 16.4754020641558 16.4710989543237 16.3706930582412 15.9203008958139 15.8234809245914 16.045808265917 15.330057663843 14.8775139464997 15.0754569987766 15.0740226288326 15.0130619062111 15.0202337559313 14.8854029811919 15.0539414496161 15.1443067560904 15.2353892475367 15.2798547158018 15.1823175596073 15.2569047966972 15.5315866409801 15.9841303583235 16.0701925549656 15.9791100635193 15.965483549051 15.7904904158786 15.7990966355428 15.8937650518492 16.1419110521674 16.5062410179526 16.4302194109187 16.4574724398553 16.2918027113192 16.165578156244 16.1039002486505 16.1103549133986 16.405117936898 16.3556321738288 16.2093264395371 16.1691640811041 16.2294076187536 16.1935483701527 16.3104495205916 16.3728446131572 16.4703817693517 16.5141300526448 16.6453749025241 16.5722220353782 17.1015045447275 17.2729117530398 17.4185003023595 16.9164708219469 19.1552641179971 18.794999579899 -9999 -9999 -9999 -9999
16.7170933997259 16.6769310412928 16.8920865328982 16.9042786774226 16.6460920874961 16.403683566954 16.4997863532044 16.1870937054045 15.8973509767093 16.1411938671954 15.6255378723145 15.5100710918196 15.0403149351478 15.1930753341876 15.1729941549711 15.209570588544 15.2418439122848 15.329340478871 15.4577165888622 15.4749290281907 15.4032105309889 15.3838465367444 15.6104769879021 15.4268776350655 16.0350504913367 16.32407603506 16.323358850088 16.3821680177934 16.3434400293045 15.7194891036488 16.0680410000496 16.1870937054045 16.2552262777463 16.284630861599 16.5313424919732 16.5550095960498 16.2358622835018 16.3427228443325 16.4646442895755 16.4416943704709 16.2387310233898 16.1949827400967 16.2286904337816 16.4768364340998 16.6869716309011 16.6059297290631 16.5277565671131 16.5471205613576 16.5550095960498 16.6123843938112 16.8124790010042 16.8311258102767 17.2671742732637 17.5734122563154 13.9474032761529 11.4699997436255 -9999 -9999 -9999 -9999 -9999 -9999
16.7759025674313 16.7429120587185 16.6991637754254 16.6905575557612 16.4926145034842 16.0723441098817 15.7381359129213 15.8378246240318 15.7976622655988 15.6635486758314 15.5538193751127 15.4849696177989 15.288460935466 15.3960386812687 15.487121172715 15.2404095423408 15.2863093805499 15.4254432651214 15.6678517856635 15.7797326412983 16.0106662022881 16.1440626070835 15.9360789651982 15.9210180807859 15.7202062886208 16.2961058211513 16.3470259541646 16.4503005901352 16.603778174147 15.374999656342 -9999 14.3670738423243 16.9849996203557 13.0449997084215 -9999 16.3049996355549 16.6597186019644 16.2150639193133 16.4775536190718 16.5377971567214 16.4703817693517 16.4087038617581 16.4087038617581 16.5349284168333 16.8476210646331 16.9078646022826 16.6109500238672 16.8189336657524 16.9300973364152 16.8590960241854 16.9681081399322 17.4715719902888 17.9528031065129 -9999 -9999 -9999 -9999 -9999 -9999 -9999 -9999 -9999
16.6647388967685 16.7730338275433 16.7414776887745 16.5349284168333 15.8299355893396 15.6147800977342 15.6556596411392 15.5452131554484 15.5746177393012 15.6362956468947 15.7704092366621 15.8571886182763 15.8435621038079 15.9023712715134 15.9712210288271 15.6986907394603 15.7323984331451 15.6169316526502 15.7488936875015 15.8794213524088 16.005645907484 16.2788933818229 16.3534806189127 16.1913968152367 16.603778174147 16.4416943704709 16.4746848791838 16.5399487116374 16.5313424919732 -9999 -9999 -9999 -9999 -9999 16.3799996338785 16.923437761675 17.3439130652696 16.7113559199497 16.7529526483268 16.7672963477671 16.7371745789424 16.8268227004446 16.8849146831781 17.0785546256229 17.1266060187481 17.0132907931693 16.9408551109955 16.9566331803799 16.96021910524 18.1450086790137 18.0481887077913 18.2697988641448 17.5982268563472 -9999 -9999 -9999 -9999 -9999 -9999 -9999 -9999 -9999
16.3513290639967 16.3871883125976 16.2910855263472 15.7130344389006 15.6829126700759 16.0386364161968 15.5000305022113 15.4211401552893 15.6951048146002 15.7481765025295 15.9303414854221 16.1211126879789 15.9748069536872 16.0615863353014 16.1089205434546 15.9618976241909 15.448393184226 15.4118167506531 15.9332102253102 15.1830347445793 14.1709433120675 16.0902737341821 16.164860971272 16.7013153303415 16.5069582029246 16.2824793066829 16.1175267631188 16.3140354454517 16.6496780123562 13.6099996957928 -9999 -9999 -9999 -9999 -9999 17.3799996115267 17.7663350137882 16.7658619778231 17.3539536548778 17.160313712433 17.4299752619117 16.9853205792606 17.7900021178648 17.6738181523979 17.6336557939649 17.4651173255406 17.4837641348131 17.3166600363329 17.3001647819765 17.5138859036379 17.6171605396084 18.7374034659006 19.9842295397539 14.0783672049621 20.6549995383248 20.6600329388864 -9999 -9999 -9999 -9999 -9999 -9999
16.3463087691925 16.3283791448921 16.1462141619995 16.1010315087624 16.0644550751895 15.7904904158786 15.5150913866237 15.5746177393012 15.6678517856635 15.5545365600847 15.8579058032483 16.0974455839023 16.2724387170747 15.9783928785473 15.9834131733514 16.1189611330628 15.4785149530508 15.8980681616813 15.8700979477726 16.1584063065238 16.1153752082027 15.6743064504117 15.9633319941349 16.9523300705478 16.6568498620763 16.9673909549601 17.0936155100353 17.2356181344949 16.8641163189895 16.840449214913 17.662060842784 24.7149994475767 -9999 -9999 -9999 -9999 17.7129047333729 17.7527084993199 17.4299752619117 17.59994810028 17.8459425456822 18.2662129392847 18.6886348878033 18.6434522345662 17.9520859215409 18.8571733562276 17.916943857912 17.7455366495997 17.5318155279383 18.2949003381655 18.8586077261716 18.8449812117033 19.7752418389078 9.86999977938831 -9999 -9999 -9999 -9999 -9999 -9999 -9999 -9999
15.8722495026886 15.8744010576047 15.7510452424176 15.446958814282 15.6628314908594 15.5107882767916 15.607608248014 15.3788262419403 16.0013427976519 15.5624255947769 15.966200734023 16.0565660404973 15.965483549051 16.1576891215518 15.9131290460937 16.0228583468124 15.2769859759137 15.5545365600847 15.7402874678373 15.6743064504117 16.1734671909362 16.2279732488096 17.1488387528807 17.4765922850929 17.4593798457645 17.5095827938057 17.5970793603919 17.8574175052345 17.759163164068 17.9040345284157 17.3190834877577 -9999 -9999 -9999 -9999 -9999 -9999 -9999 -9999 -9999 -9999 -9999 -9999 -9999 -9999 -9999 18.037430933211 18.2081209565513 18.47419658117 19.2885601168964 15.2479588578357 14.6949996715412 -9999 -9999 -9999 -9999 -9999 -9999 -9999 -9999 -9999 -9999
15.5946989185177 16.3599352836609 15.9726553987712 15.9289071154781 15.8227637396194 15.0288399755955 15.1851862994954 15.488555542659 15.5767692942172 15.4907070975751 15.964049179107 16.0795159596018 16.0113833872601 15.9167149709538 15.9109774911776 15.8320871442556 15.7417218377814 16.3391369194724 16.684820075985 16.641788977664 16.6884060008451 16.6762138563208 16.9645222150721 17.2169713252224 10.9324041432499 13.6699996944517 17.0297860475257 17.5131687186658 17.8990142336115 17.9011657885276 18.5057527199388 17.0949704846435 19.616541844327 -9999 -9999 -9999 -9999 -9999 -9999 -9999 -9999 -9999 -9999 -9999 -9999 -9999 -9999 -9999 -9999 -9999 -9999 -9999 -9999 -9999 -9999 -9999 -9999 -9999 -9999 -9999 -9999 -9999
15.6126285428181 15.4426557044499 15.964049179107 16.0092318323441 15.1629535653628 15.4318979298696 15.0066072414629 15.5416272305883 16.1813562256284 16.1290017226711 15.9705038438551 15.9948881329037 16.2616809424944 15.9468367397785 16.2537919078022 16.3111667055637 16.244468503166 16.2824793066829 16.7328714691103 16.6575670470484 16.7206793245859 16.7443464286625 16.8210852206685 17.1631824523211 17.2764976778999 17.1796777066775 17.2463759090751 17.2693258281797 18.1615039333701 18.6090273559093 18.9296090384014 19.2372813913971 -9999 -9999 -9999 -9999 -9999 -9999 -9999 -9999 -9999 -9999 -9999 -9999 -9999 -9999 -9999 -9999 -9999 -9999 -9999 -9999 -9999 -9999 -9999 -9999 -9999 -9999 -9999 -9999 -9999 -9999
15.2296517677605 15.0790429236367 15.488555542659 15.4110995656811 15.1780144497752 15.0446180449799 15.0525070796721 15.0001525767148 15.5437787855044 16.165578156244 15.6750236353837 16.4718161392957 16.56218144577 16.2932370812632 16.4531693300232 16.4151585265063 16.3527634339407 16.2351450985298 16.3219244801439 16.2623981274664 16.2566606476903 17.1423840881325 17.4134800075553 17.2901241923682 17.2915585623123 17.4127628225833 17.6523026032373 18.4878230956383 18.4046296388842 18.5975523963571 19.270989085082 18.8124688263051 21.515926161786 28.5299993623048 -9999 -9999 -9999 -9999 -9999 -9999 -9999 -9999 -9999 -9999 -9999 -9999 -9999 -9999 -9999 -9999 -9999 -9999 -9999 -9999 -9999 -9999 -9999 -9999 -9999 -9999 -9999 -9999
14.5447401194833 14.8050782643259 15.5839411439374 15.3436841783114 15.1407208312303 15.1772972648032 15.1608020104468 15.4225745252334 15.9418164449744 16.1117892833427 16.2774590118788 16.3993804571219 16.7579729431309 16.5600298908539 16.6618701568805 16.1490829018876 16.2086092545651 16.3879054975696 16.3742789831012 17.002533018589 17.0563218914904 16.7407605038024 17.1560106026009 17.2635883484036 17.6587572679855 17.4565111058764 17.5848872158676 18.115604095161 18.0704214419238 18.274819158949 19.4933164264075 19.5435193744488 13.8368769962849 -9999 -9999 -9999 -9999 -9999 -9999 -9999 -9999 -9999 -9999 -9999 -9999 -9999 -9999 -9999 -9999 -9999 -9999 -9999 -9999 -9999 -9999 -9999 -9999 -9999 -9999 -9999 -9999 -9999
