EcologicalScience/Bass/data/rs_data_bass/sst_287.asc
NCOLS 226 
NROWS 124 
XLLCORNER -9.41648524995501 
YLLCORNER 47.587301625531 
CELLSIZE 0.0833 
NODATA_value -9999 
[rows 0 to 26 of 124, columns 0 to 61 of 226]
-9999.000000000000000 -9999 -9999 -9999 -9999 -9999 -9999 -9999 -9999 -9999 -9999 -9999 -9999 -9999 -9999 -9999 -9999 -9999 -9999 -9999 -9999 -9999 -9999 -9999 -9999 -9999 -9999 -9999 -9999 -9999 -9999 -9999 -9999 -9999 -9999 -9999 -9999 -9999 -9999 -9999 -9999 -9999 -9999 -9999 -9999 -9999 -9999 -9999 -9999 -9999 -9999 -9999 -9999 -9999 -9999 -9999 -9999 -9999 -9999 -9999 -9999 -9999
-9999 -9999 -9999 -9999 -9999 -9999 -9999 -9999 -9999 -9999 -9999 -9999 -9999 -9999 -9999 -9999 -9999 -9999 -9999 -9999 -9999 -9999 -9999 -9999 -9999 -9999 -9999 -9999 -9999 -9999 -9999 -9999 -9999 -9999 -9999 -9999 -9999 -9999 -9999 -9999 -9999 -9999 -9999 -9999 -9999 -9999 -9999 -9999 -9999 -9999 -9999 -9999 -9999 -9999 -9999 -9999 -9999 -9999 -9999 -9999 -9999 -9999
-9999 -9999 -9999 -9999 -9999 -9999 -9999 -9999 -9999 -9999 -9999 -9999 -9999 -9999 -9999 -9999 -9999 -9999 -9999 -9999 -9999 -9999 -9999 -9999 -9999 -9999 -9999 -9999 -9999 -9999 -9999 -9999 -9999 -9999 -9999 -9999 -9999 -9999 -9999 -9999 -9999 -9999 -9999 -9999 -9999 -9999 -9999 -9999 -9999 -9999 -9999 -9999 -9999 -9999 -9999 -9999 -9999 -9999 -9999 -9999 -9999 -9999
-9999 -9999 -9999 -9999 -9999 -9999 -9999 -9999 -9999 -9999 -9999 -9999 -9999 -9999 -9999 -9999 -9999 -9999 -9999 -9999 -9999 -9999 -9999 -9999 -9999 -9999 -9999 -9999 -9999 -9999 -9999 -9999 -9999 -9999 -9999 -9999 -9999 -9999 -9999 -9999 -9999 -9999 -9999 -9999 -9999 -9999 -9999 -9999 -9999 -9999 -9999 -9999 -9999 -9999 -9999 -9999 -9999 -9999 -9999 -9999 -9999 -9999
-9999 -9999 -9999 -9999 -9999 -9999 -9999 -9999 -9999 -9999 -9999 -9999 -9999 -9999 -9999 -9999 -9999 -9999 -9999 -9999 -9999 -9999 -9999 -9999 -9999 -9999 -9999 -9999 -9999 -9999 -9999 -9999 -9999 -9999 -9999 -9999 -9999 -9999 -9999 -9999 -9999 -9999 -9999 -9999 -9999 -9999 -9999 -9999 -9999 -9999 -9999 -9999 -9999 -9999 -9999 -9999 -9999 -9999 -9999 -9999 -9999 -9999
-9999 -9999 -9999 -9999 -9999 8.52289650193416 7.83714813785627 7.99827569490299 6.76854252954945 8.07142856204882 8.01740062749013 7.43277534446679 7.40229498315603 5.75743124983273 7.40623950050212 7.48094626842067 7.02541428036056 6.95154422824271 6.87050232640468 6.13574632257223 6.12104403064586 6.46493422472849 6.40289772464894 6.52766903649133 9.52669466822408 10.4496902255341 9.6599932750687 6.78336435230449 7.0666524162516 6.55482140788808 6.8794671385549 11.7673329036618 11.8155166146345 11.6098902818559 12.3249997245148 7.68344350619482 10.3180398797219 12.2299997266382 -9999 6.60550247924402 5.75768738732274 8.58197461400414 13.5893193394877 13.4049997003749 -9999 -9999 -9999 -9999 -9999 -9999 -9999 -9999 -9999 -9999 -9999 -9999 -9999 -9999 -9999 -9999 -9999 -9999
-9999 -9999 -9999 -9999 -9999 9.06401256332174 8.56090730545111 8.53150272159837 5.81229590019211 8.13956113439053 7.60549739189446 7.26818139338866 7.71857355581596 6.28599657421 5.45226904423907 7.65952532645315 7.05410167924128 6.73172703431919 6.72670673951507 6.32902767253108 6.34444714942947 6.4570451900363 6.39213995006867 6.51182446123234 8.39067149925977 7.26123773888685 6.51155124790967 6.74535354878753 7.37862787907943 7.24690490588546 7.2112847189419 6.36667988356203 7.22690134409017 8.73509887894889 7.69363886899813 10.6034579012472 12.0099997315556 -9999 -9999 11.1729348171502 11.4725587610155 6.50402080570348 6.04000212880783 11.2126628802391 11.5904560016934 11.7038102231454 -9999 -9999 -9999 -9999 -9999 -9999 -9999 -9999 -9999 -9999 -9999 -9999 -9999 -9999 -9999 -9999
-9999 -9999 -9999 -9999 -9999 8.34348072810099 8.90910060936585 8.1022675158456 6.44604835379869 6.99278236413375 8.45476392959245 8.47125918394886 7.79818108770996 7.81288337963633 7.93050171504728 8.00150302727707 7.87778861960396 7.14578182483092 7.05661182664335 7.29400005238131 7.14195683831349 6.4731818519067 6.49218725366518 10.2708370270978 12.1283331413911 6.96106229737135 7.30021565547213 7.40301216812804 7.47401348035783 7.39751375000924 6.94234035443515 5.00665811495855 6.909827969037 6.50437939818949 6.63936115923877 12.9842793328246 12.0877440925688 12.3099997248501 12.0549997305498 9.22039526616952 11.006826808909 12.0965851798261 10.477153832186 5.96684926166199 11.4935961868614 -9999 -9999 -9999 -9999 -9999 -9999 -9999 -9999 -9999 -9999 -9999 -9999 -9999 -9999 -9999 -9999 -9999
-9999 -9999 -9999 -9999 -9999 8.7197637767531 7.3693044744432 7.7917264229618 8.16848759492859 8.36595252389088 8.33798230998218 8.94460126548074 7.97353281336837 7.91472364566289 8.19299141480587 8.08469648403116 8.10728781064972 7.39392782514915 7.31814527977258 7.11231319280341 7.04370249714702 6.79842523671687 6.52589494735003 9.39606920536608 9.56260116752028 8.10155033087358 7.28467664774507 7.40994495619088 7.44795575970784 7.38986377697438 7.34635455533862 7.17016611387953 7.1182897342369 7.45082449959591 7.76590776396915 7.52744376077317 12.3533415938728 10.2009114923261 10.7865419424536 12.9801476956345 9.83038187284104 11.8643808173947 9.44803393388207 -9999 11.2543353114743 11.2057283462203 9.33499979134649 -9999 -9999 -9999 -9999 -9999 -9999 -9999 -9999 -9999 -9999 -9999 -9999 -9999 -9999 -9999
-9999 -9999 -9999 -9999 -9999 8.39201024454087 8.28538874536753 8.37742748344317 8.09892065264285 8.38555557979271 9.09628588706255 8.94962156028487 8.38806572719477 8.69035919290036 8.28120516636409 8.31383708259091 8.48560288338922 7.32268745126203 7.06473992299289 7.14841150306165 7.07669300585985 6.67506942152977 6.73411765089259 6.32329019275494 9.33697316367179 7.97904209792614 7.11197850648314 7.23519088467583 7.60382396029308 7.70745718874969 7.93193608499132 7.76841791137122 6.88281400175765 6.0389263513498 7.998992879875 7.53210546309128 7.52421642839909 7.50234228675254 7.45680104102939 7.4930188821163 7.13460569235031 12.0501099922694 9.75017046745195 6.52989069219413 6.88008186853092 12.8868483765883 12.0949997296557 -9999 -9999 -9999 -9999 -9999 -9999 -9999 -9999 -9999 -9999 -9999 -9999 -9999 -9999 -9999
-9999 -9999 -9999 -9999 -9999 8.57178461086005 8.56461276113987 8.40396332740784 9.29673908674158 10.0644855992869 9.35289467005059 8.23530532815494 8.48452710593119 8.67242956859991 8.60357981128618 8.44651630241424 7.43552455352619 7.21032847231254 7.14912868803367 7.10083823325112 6.99039174756035 7.12737407721579 6.86010314431041 9.49575791647658 10.0649902850079 7.57083345158026 6.86870936397463 6.90361236594617 7.79495375533588 6.936602874659 6.96552933519706 7.66765342280269 8.28514968371019 7.3731977642913 8.63288194014292 7.89476199727505 7.42467115428299 7.96150366542861 6.32866908004507 5.30739767989144 9.47434482231204 6.46470774526365 5.38628802681342 13.9352632905357 12.2459630661178 12.039999730885 -9999 -9999 -9999 -9999 -9999 -9999 -9999 -9999 -9999 -9999 -9999 -9999 -9999 -9999 -9999 -9999
-9999 -9999 -9999 -9999 -9999 8.49456769553944 8.75896988855675 9.11517175799236 9.93969541415572 6.10024566645734 7.1182897342369 8.09814370225649 8.49241614062339 7.45010731462389 7.53234452474862 7.43217769032344 7.47592597361654 7.32316557457671 7.06999927945435 7.02457756455988 6.95644499221817 8.21998830625255 11.0424868394621 7.06521804630756 5.30333363171667 6.63490706309676 6.87803276861086 5.91736349859275 6.98059021960944 6.20997496717609 6.59091971814632 6.19527267524973 8.11983854766004 7.7716452437453 6.39847508398816 7.76002684719861 7.32014971982258 8.82232122775167 6.3034372087568 6.09253592800815 6.06133838172536 6.40720083448105 13.4116190456502 11.9342665085569 11.8146161490586 12.1922538804356 12.2549997260794 -9999 -9999 -9999 -9999 -9999 -9999 -9999 -9999 -9999 -9999 -9999 -9999 -9999 -9999 -9999
-9999 -9999 -9999 -9999 -9999 8.93778800824657 9.66322060744278 9.8234089936928 9.39688884533409 8.79686116124503 7.76710307225585 9.08086641016416 7.58063497953117 7.55553350551054 7.41592149762437 7.39297157851979 7.33870458230376 7.05852431990206 7.01095105009153 6.8235267107375 7.91830957052298 7.82256537675858 8.06748404470272 8.21629992639646 5.69754630466923 7.8114490096923 6.30141605110839 6.21105074463412 6.39859461481683 6.52732931729406 6.35950803384185 6.04717397852801 5.65547145297751 7.58661152096465 5.87612536270171 5.74272895790637 5.51466413680464 8.08974937815219 4.52013349060767 5.48759040411096 5.9394169364823 5.97599337005522 7.88844393918823 11.680352802276 10.3297702185262 12.1299997288734 -9999 -9999 -9999 -9999 -9999 -9999 -9999 -9999 -9999 -9999 -9999 -9999 -9999 -9999 -9999 -9999
-9999 -9999 -9999 -9999 -9999 9.71414074045606 8.06652779807337 9.83104189089499 7.89715261384845 7.84264655597508 7.76064840750769 7.48668374819681 7.46492913737893 7.47496972698718 7.48883530311286 7.40349029144272 7.20411286922172 7.04752748366445 5.89011046965607 7.09557887678966 7.99382914807647 8.23351236572489 8.25108339753933 8.13597520953044 7.45201980788261 7.31790621811524 7.46062602754682 5.50749228708446 6.32221441529691 5.422625398729 5.51251258188859 7.32627337612212 8.11194951296784 8.80582597339526 5.73555710818619 8.22454755357467 7.70100252400152 7.61085237301886 5.45920183230191 5.08112582121976 5.57992796925828 7.31360310828313 12.6058130553163 12.1362337653991 11.8749997345731 -9999 -9999 -9999 -9999 -9999 -9999 -9999 -9999 -9999 -9999 -9999 -9999 -9999 -9999 -9999 -9999 -9999
-9999 -9999 -9999 -9999 -9999 10.0132068737876 8.40539769735187 6.53055664966814 6.3774376581423 6.79603462014347 9.17230749409646 7.51895707193762 8.67458112351596 7.44962919130921 7.44556514313444 7.39440594846383 5.5211188015528 5.77571946661919 5.68858149251901 7.46421195240691 4.69492171378806 4.33943702932447 8.23996703047305 8.25215917499736 8.26327554206364 7.50305947172455 7.65187535341829 7.48883530311286 7.93157749250531 7.29423911403865 7.30045471712947 7.21487064380199 7.99971006484702 7.93803215725347 8.00329598970711 7.88998076412827 8.09724722104147 7.38261224003509 8.33257353998488 13.1818496109918 11.0601720299331 12.9521365226737 11.1831974565376 12.0827314200204 10.8777250080066 11.9303752198513 -9999 -9999 -9999 -9999 -9999 -9999 -9999 -9999 -9999 -9999 -9999 -9999 -9999 -9999 -9999 -9999
-9999 -9999 -9999 -9999 -9999 9.26912746531889 9.23446352500468 9.3888973556459 8.07381917862222 9.46958066499792 9.17087312415242 8.99803154589608 8.715819259407 7.31121249170974 7.19215978635475 7.45966978091747 7.39488407177851 7.59856460383162 7.547405409161 7.39416688680649 7.25598924886435 7.53712575789541 8.32818078203127 7.89763073716313 7.93851028056815 8.18151645525359 7.66597999120131 7.56916001997888 7.34229050716385 6.92196034814697 6.83069856045768 6.63526565558277 7.59335305970162 7.43241675198078 8.43770517275802 8.23982359347865 7.77128665125929 7.53067109314725 8.84518677215366 13.3846004588219 14.0924632616644 10.7482126836215 12.2816303409636 -9999 -9999 -9999 -9999 13.2249997043982 13.2249997043982 -9999 -9999 -9999 -9999 -9999 -9999 -9999 -9999 -9999 -9999 -9999 -9999 -9999
-9999 -9999 -9999 -9999 -9999 9.3506474904716 9.15366068482399 8.89977720472962 8.83272040984593 8.0135756409727 8.8391750745941 8.52827538922429 7.90073853870854 8.07644885685295 7.52851953823119 7.5194351952523 7.55816318374127 7.57967873290181 7.46875412389636 7.38603879045695 7.44532608147711 7.62270983122289 7.61768953641877 7.77786084683612 7.63018050801475 7.03509627748281 7.28897975757718 7.02362131793052 6.9470618221676 6.90134128020145 7.76058010417702 8.25796185340732 7.48154392256401 8.14996031648479 7.35682545593008 7.53698232090101 7.75945309922099 11.02200722415 9.84489660058171 -9999 -9999 -9999 -9999 -9999 -9999 -9999 -9999 -9999 -9999 -9999 -9999 -9999 -9999 -9999 -9999 -9999 -9999 -9999 -9999 -9999 -9999 -9999
-9999 -9999 -9999 -9999 -9999 10.0110553188715 10.3212378192693 9.43228704645298 9.0783562627621 8.62222662055865 8.39511804608628 7.59713023388758 6.77475813264027 7.59043650748208 7.54142886772752 7.63705353066325 8.36188847571611 7.30953906010836 7.63394572911784 7.57465843809769 7.86057618027553 7.43026519706473 7.90408540191129 7.06163212144747 7.90396587108262 7.17399110039696 7.20100506767631 6.89560380042531 7.79373454088345 7.04851788195914 6.84145633503795 6.72730439365841 7.19335509464145 7.92046112543903 6.79734945925884 4.77429018402472 6.91833856403828 7.88610796527937 14.1046859160429 11.2005952358026 11.6199997402728 -9999 -9999 -9999 -9999 -9999 -9999 -9999 -9999 -9999 -9999 -9999 -9999 -9999 -9999 -9999 -9999 -9999 -9999 -9999 -9999 -9999
-9999 -9999 -9999 -9999 -9999 10.3979766112752 9.21270891418681 9.42164880270138 10.1932203017641 9.37096773134544 8.3253120421432 8.54309721197933 7.98823510529473 7.98787651280873 8.57991270720959 7.9442477603443 7.88782920921221 6.61626025382429 7.73100476199761 7.93014312256128 7.80654824571684 7.07621488254517 7.78837955975905 7.60860519343987 5.93421734543517 6.42423397756647 6.72096925973892 6.74630979541689 6.83476260863245 7.01238542003557 7.02194788632914 6.27488020714372 6.3853266928345 6.61052277404815 4.78074484877288 4.69659514538944 7.26760764541104 7.20564286382869 7.92026190739125 9.89555946331018 11.0746543490267 -9999 12.8592716764122 9.29238975058257 7.8914151340723 12.1599997282028 -9999 -9999 -9999 -9999 -9999 -9999 -9999 -9999 -9999 -9999 -9999 -9999 -9999 -9999 -9999 -9999
-9999 -9999 -9999 -9999 -9999 10.4169820130337 10.1742149000056 10.1817453422118 10.706724741729 10.4087343858555 10.2660145764239 9.90276038809679 8.46344186775386 8.7437894733157 8.56090730545111 8.32100893231109 8.77331358799711 7.40827152458951 7.94042277382687 7.66215500468388 7.69395020511001 7.47257911041379 7.97723826905712 6.63897111127153 6.20459607988596 5.44832452689297 6.82818841305561 6.98106834292412 6.48860132880509 6.80177209991962 6.86034220596775 7.44711904390715 6.66239915369079 6.56557918246835 6.66096478374675 6.68271939456463 8.2101526266363 8.81763843175791 6.92577679674806 6.92923977561295 7.00397044969723 6.53988005430438 6.19706563767977 6.50222784327343 4.69779045367613 13.0789546611828 12.8849997119978 -9999 -9999 -9999 -9999 -9999 -9999 -9999 -9999 -9999 -9999 -9999 -9999 -9999 -9999 -9999
-9999 -9999 -9999 -9999 -9999 10.4643162211869 10.2961363452487 10.0849253709894 10.6891537099145 9.29446800099686 9.41830193949863 9.01165806036443 8.68964200792834 7.89356668898836 8.56270026788116 8.69203262450173 7.07286801934242 8.79315570555627 8.30762147950009 8.5392722254619 8.08625038480386 8.03700368339196 8.16203293018043 8.10155033087358 8.03234198107384 7.25359863229096 6.84169539669529 7.25150684278924 7.34372487710789 6.67602566815913 6.70471306703985 6.85771252773702 6.33416749816388 6.48166854074225 6.75228633685037 6.75563320005313 6.82472201902419 5.81480604759417 7.21826531933621 7.25670643383637 7.03007598267868 6.73925747652538 6.48788414383307 7.24107180144638 7.98034607060254 11.9132626352244 -9999 -9999 -9999 -9999 -9999 -9999 -9999 -9999 -9999 -9999 -9999 -9999 -9999 -9999 -9999 -9999
-9999 -9999 -9999 -9999 -9999 9.32984912628308 9.50699381437153 9.41519413795322 9.95834222342819 9.11110770981759 10.2556153943297 9.06544693326578 8.75992613518611 7.34635455533862 8.87252417579293 9.01631976268254 9.02743612974882 8.21594133391045 8.07764416513965 7.12665689224377 7.46708069229499 8.04776145797223 7.97628202242777 7.85412151552737 7.84527623420581 7.51919613359496 7.43504643021151 7.79722484108061 7.56796471169218 7.43934954004362 6.9220201135613 6.32723471010104 6.65331481071189 6.56103701097891 8.09079255629331 6.92178105190396 6.90313424263149 6.86512343911454 6.7718893927522 6.64960935502313 6.79699086677283 6.42728201369755 7.42883082712069 10.5854009506293 7.5526989172878 8.12132414510208 11.7814657201046 -9999 -9999 8.88179635293116 -9999 -9999 -9999 -9999 10.9150669761002 -9999 -9999 -9999 -9999 -9999 -9999 -9999
-9999 -9999 -9999 -9999 -9999 9.39009266393259 9.08242031093687 8.75705739529803 9.02647988311946 9.02743612974882 9.4010895001702 8.27080598426983 8.16251105349511 8.23996703047305 8.36451815394685 8.9349192683585 8.44651630241424 8.40707112895325 9.00424714898691 8.65426088264212 9.03938921261579 6.8156376760453 8.47735525621101 7.25981423538178 7.55792412208393 7.58625292847864 7.47640409693122 7.6603022768395 7.60071615874767 7.21989093860611 7.19072541641071 6.93540756637231 6.60813215747476 8.1302377297543 6.43433433258906 6.53474022867158 8.45476392959245 6.91150140063837 7.51188084688038 7.33100679693744 7.44762107338756 7.51876582261175 13.2921168004395 7.13729513599537 7.39733988698572 9.74554319673085 11.2048097047955 9.21264914877247 9.18037582503166 9.06939145061187 -9999 -9999 -9999 9.78188336796326 9.60108613127415 -9999 -9999 -9999 -9999 -9999 -9999 -9999
-9999 -9999 -9999 -9999 -9999 9.22011982556432 8.93420208338648 8.87348042242229 9.32458976982161 9.25789156742394 8.78741822578013 8.43504134286195 8.42966245557182 9.25801109825261 8.41926327347755 8.84718364011496 8.64039530651644 7.71809543250129 8.96743165375665 8.8643960794434 8.81538843968883 8.41137423878536 8.26554662780836 7.69897049991414 7.60310677532107 7.77140618208796 5.62224188260734 5.62977232481353 7.52517267502844 7.25885798875242 6.66694132518023 6.84504225989804 6.52589494735003 7.80965604726225 5.80512405047193 5.99015777325258 5.90481276158243 7.40408794558607 7.43686329880729 6.65546636562794 7.40487684905529 10.5527557531993 7.64111757883802 7.73406475121155 7.62677387939766 10.5211696610786 -9999 10.8878549291619 10.7648391364928 9.85084493850221 8.29253475058421 8.46087854974181 -9999 9.31291865711459 6.52148376854953 -9999 -9999 -9999 -9999 -9999 -9999 -9999
-9999 -9999 -9999 -9999 -9999 9.2497634710744 9.47639392223209 9.35351623035967 9.27080089692026 9.30905076209456 9.41806287784129 9.12497328594327 8.80893377494067 8.91340371919796 9.72597429249436 9.51332894829102 9.32004759833217 8.83487196476199 7.73961098166183 8.81012908322737 9.50006102630869 9.24797050864436 8.31025115773082 7.63059886591509 7.46158227417618 7.56485691014677 7.47712128190324 7.28467664774507 7.1265373614151 6.86034220596775 6.92345448350534 6.62462741183117 6.8065533330664 8.13167209969833 7.60812707012519 7.38709066174924 7.76969859882125 7.77795647149906 10.1593907562636 6.886974691879 10.8657615829042 11.0277447039261 7.83174534440041 7.51589708272368 10.8946784318957 8.73912777099758 -9999 13.0149997090921 3.83112364249038 10.4637882933603 9.2865816523907 9.22371221155029 13.4949170040923 13.7019508604741 11.4842421856842 -9999 -9999 -9999 -9999 -9999 -9999 -9999
-9999 -9999 -9999 -9999 -9999 9.58731853123754 9.5949685042724 9.65473391860723 8.77976825274527 9.97519607027061 8.63059377856553 9.33415223611519 9.04393138410524 9.58110292814672 7.87348550977185 9.53771323733963 9.7155751104001 6.95979185542092 7.07549769757316 6.325800340157 8.63406017259695 8.07895900425501 7.91185490577482 7.30069377878681 7.54573197755963 7.47783846687526 7.22658466501161 7.13263343367726 7.10609758971259 6.6509241941385 6.53952146181837 6.66646320186555 7.4532151161693 6.28085674857721 7.66062501007691 8.54751985264011 9.08794186405477 9.4551692782268 7.8349998248741 9.57140923779124 7.46851506223902 7.83916308611099 7.86236914270557 7.67740713842213 7.59583247060488 8.98039201888768 8.94234057372112 -9999 8.94926296779886 7.85641650743783 8.31831948866602 14.8346515975838 7.13137835997622 13.7324086078443 13.5707168652862 13.8699996899813 -9999 -9999 -9999 -9999 -9999 -9999
-9999 -9999 -9999 -9999 -9999 10.1659672728274 10.1028549952898 8.97328866436146 9.08361561922356 9.01476586190984 8.99683623760939 9.16059347288683 9.0838546808809 8.50150048360229 8.24235764704645 9.52372813038528 10.0228888709098 9.77043976075947 9.74246954685077 5.35066783986986 7.83224737388082 7.24355804268271 7.41114026447758 7.64398631872609 7.33679208904505 7.11422568606213 7.03103222930804 6.1902523804456 6.69299904583022 6.86010314431041 6.72503330791369 6.65331481071189 6.33010344998911 7.40616778200492 7.88647452648729 8.06577076949179 8.08808319084346 7.70016580820084 -9999 10.7288777886424 7.65008239098825 8.29016997851431 7.44087953465059 5.84958951873705 7.97173985093832 10.1751191767095 -9999 8.06110109845176 7.99612413998693 7.23465299594682 6.92905535662015 6.98581542440557 7.83418377330527 7.90504164854065 14.0149996867403 -9999 -9999 -9999 -9999 -9999 -9999 -9999
