EcologicalScience/Bass/data/rs_data_bass/sst_442.asc
NCOLS 226 
NROWS 124 
XLLCORNER -9.41648524995501 
YLLCORNER 47.587301625531 
CELLSIZE 0.0833 
NODATA_value -9999 
[rows 0 to 26 of 124, columns 0 to 61 of 226]
-9999.000000000000000 -9999 -9999 -9999 -9999 -9999 -9999 -9999 -9999 -9999 -9999 -9999 -9999 -9999 -9999 -9999 -9999 -9999 -9999 -9999 -9999 -9999 -9999 -9999 -9999 -9999 -9999 -9999 -9999 -9999 -9999 -9999 -9999 -9999 -9999 -9999 -9999 -9999 -9999 -9999 -9999 -9999 -9999 -9999 -9999 -9999 -9999 -9999 -9999 -9999 -9999 -9999 -9999 -9999 -9999 -9999 -9999 -9999 -9999 -9999 -9999 -9999
-9999 -9999 -9999 -9999 -9999 -9999 -9999 -9999 -9999 -9999 -9999 -9999 -9999 -9999 -9999 -9999 -9999 -9999 -9999 -9999 -9999 -9999 -9999 -9999 -9999 -9999 -9999 -9999 -9999 -9999 -9999 -9999 -9999 -9999 -9999 -9999 -9999 -9999 -9999 -9999 -9999 -9999 -9999 -9999 -9999 -9999 -9999 -9999 -9999 -9999 -9999 -9999 -9999 -9999 -9999 -9999 -9999 -9999 -9999 -9999 -9999 -9999
-9999 -9999 -9999 -9999 -9999 -9999 -9999 -9999 -9999 -9999 -9999 -9999 -9999 -9999 -9999 -9999 -9999 -9999 -9999 -9999 -9999 -9999 -9999 -9999 -9999 -9999 -9999 -9999 -9999 -9999 -9999 -9999 -9999 -9999 -9999 -9999 -9999 -9999 -9999 -9999 -9999 -9999 -9999 -9999 -9999 -9999 -9999 -9999 -9999 -9999 -9999 -9999 -9999 -9999 -9999 -9999 -9999 -9999 -9999 -9999 -9999 -9999
-9999 -9999 -9999 -9999 -9999 -9999 -9999 -9999 -9999 -9999 -9999 -9999 -9999 -9999 -9999 -9999 -9999 -9999 -9999 -9999 -9999 -9999 -9999 -9999 -9999 -9999 -9999 -9999 -9999 -9999 -9999 -9999 -9999 -9999 -9999 -9999 -9999 -9999 -9999 -9999 -9999 -9999 -9999 -9999 -9999 -9999 -9999 -9999 -9999 -9999 -9999 -9999 -9999 -9999 -9999 -9999 -9999 -9999 -9999 -9999 -9999 -9999
-9999 -9999 -9999 -9999 -9999 -9999 -9999 -9999 -9999 -9999 -9999 -9999 -9999 -9999 -9999 -9999 -9999 -9999 -9999 -9999 -9999 -9999 -9999 -9999 -9999 -9999 -9999 -9999 -9999 -9999 -9999 -9999 -9999 -9999 -9999 -9999 -9999 -9999 -9999 -9999 -9999 -9999 -9999 -9999 -9999 -9999 -9999 -9999 -9999 -9999 -9999 -9999 -9999 -9999 -9999 -9999 -9999 -9999 -9999 -9999 -9999 -9999
-9999 -9999 -9999 -9999 -9999 15.1593676405028 14.9348887442611 15.1457411260344 15.409665195737 15.12996305665 15.2203283631243 15.6147800977342 15.3903012014925 15.5150913866237 15.7453077626415 15.6951048146002 15.9927365779877 16.5456861914136 16.5944547695108 13.4163690968417 13.3085522893816 13.5406811586581 17.0211798278615 14.0981729435734 11.0396941646468 11.2315208606422 10.9841717325151 14.4787591020577 14.7656330908649 14.5533463391475 14.4687185124494 11.1291466902476 10.8321922682226 11.1249997513369 12.3249997245148 8.21999981626868 10.0049997763708 12.2299997266382 11.0099997539073 11.2908719014376 11.3247588913655 15.9052400114015 10.0099997762591 11.1649997504428 -9999 -9999 -9999 -9999 -9999 -9999 -9999 -9999 -9999 -9999 -9999 -9999 -9999 -9999 -9999 -9999 -9999 -9999
-9999 -9999 -9999 -9999 -9999 15.0976897329092 15.3128452245146 15.2848750106059 15.0826288484968 14.7649159058928 15.367351282388 15.408230825793 15.4362010397017 15.44982755417 15.7531967973337 15.7309640632011 15.8435621038079 15.9317758553661 15.8514511385001 15.806985670235 15.8614917281084 13.7920544913504 16.842600769829 14.2234412520193 13.0049997093156 11.0803781121504 11.2624235642143 14.5612353738397 14.7419659867883 14.4436170384288 14.4249702291563 12.9956205799244 13.4027425823733 11.6424183596514 11.8847262226535 12.4549997216091 12.0099997315556 -9999 8.48499981034547 11.1712864301034 10.7149723689072 11.4956794384468 11.4592669328675 11.7038110708818 12.5459456024691 13.2599997036159 10.6499997619539 -9999 -9999 -9999 -9999 -9999 -9999 -9999 -9999 -9999 -9999 -9999 -9999 -9999 -9999 -9999
-9999 -9999 -9999 -9999 -9999 15.1199224670418 15.1421552011743 14.8057954492979 15.210287773516 15.28989530541 15.1450239410624 15.3501388430595 15.4448072593659 15.2296517677605 15.6635486758314 15.7015594793484 15.5767692942172 15.5516678201966 15.4641712536104 15.8500167685561 15.8686635778286 15.8665120229125 16.1799218556844 12.2669606483541 10.7354121406097 11.4414807455614 14.6752677843906 14.932020004373 15.3659169124439 14.9528183685616 15.7589342771098 15.008041611407 13.2717367941514 15.2769859759137 12.8930631289259 12.1349997287616 12.0449997307733 12.3099997248501 12.0549997305498 11.2399997487664 12.7749997144565 11.4025734608294 11.2152088868897 15.5502334502526 7.79054150866021 10.3249997692183 -9999 -9999 -9999 -9999 -9999 -9999 -9999 -9999 -9999 -9999 -9999 -9999 -9999 -9999 -9999 -9999
-9999 -9999 -9999 -9999 -9999 14.7799767903052 14.9040497904643 14.7276222873479 14.9721823628061 15.1988128139637 15.1658223052509 15.2985015250742 15.3071077447385 15.4842524328269 15.4727774732746 15.4806665079668 15.2511673169211 15.0941038080491 15.4032105309889 15.6778923752718 15.5810724040493 15.7919247858226 15.8600573581643 12.1210135065485 8.09030487051234 11.5840810241643 15.1249427618459 12.9346598573029 14.8158360389061 14.4615466627292 15.1199224670418 14.6802880791947 14.2098147375509 15.3357951436192 14.9513839986175 13.1132389153354 11.5446836630348 12.1949997274205 11.3599997460842 12.1049997294322 7.75285499747843 10.8926783321911 12.3049997249618 -9999 11.4757581656259 11.1949997497723 9.33499979134649 -9999 -9999 -9999 -9999 -9999 -9999 -9999 -9999 -9999 -9999 -9999 -9999 -9999 -9999 -9999
-9999 -9999 -9999 -9999 -9999 14.6953489636071 14.8409375129268 14.5762962582521 14.9434949639253 15.2540360568091 15.28989530541 15.4275948200375 15.2016815538518 15.4290291899815 15.5007476871833 15.0130619062111 14.9391918540932 14.9506668136455 14.8179875938222 15.0288399755955 15.2124393284321 15.6793267452158 15.687215779908 13.4209112683311 13.5309991615359 12.2729371897876 12.7636112414766 13.0838343314826 16.7565385731868 15.3149967794307 15.366634097416 15.0811944785528 14.7118442179635 14.6853083739989 13.8748893556185 13.3066397961229 13.269346177578 13.2387462854385 12.9032830147771 12.3555329923984 13.3409053003415 12.2449997263029 11.9174866569894 11.8122653760947 12.6308921780437 13.2849997030571 12.0949997296557 -9999 -9999 -9999 -9999 -9999 -9999 -9999 -9999 -9999 -9999 -9999 -9999 -9999 -9999 -9999
-9999 -9999 -9999 -9999 -9999 14.4636982176453 14.9277168945409 15.2597735365853 15.2260658429004 15.1729941549711 15.2827234556898 15.3236029990949 15.2640766464174 15.569597444497 15.6176488376223 15.2741172360256 15.1213568369858 14.9399090390652 13.8985564596951 14.135227500461 14.4436170384288 15.725226583425 13.2244025859982 13.3090304126963 13.576540407259 14.4350108187646 12.8019806374796 16.2401653933339 16.5578783359379 16.6719107464887 15.2296517677605 14.610003951937 14.2650379803963 13.9451734828763 13.5325530623086 13.1120436070487 13.163680925034 13.1536403354257 15.0697195190005 15.4627368836664 12.9046974629164 12.5749915938359 12.5538346371613 12.4438827617961 12.3199997246265 12.039999730885 -9999 -9999 -9999 -9999 -9999 -9999 -9999 -9999 -9999 -9999 -9999 -9999 -9999 -9999 -9999 -9999
-9999 -9999 -9999 -9999 -9999 14.5103152408265 15.0367290102877 15.3207342592068 15.370220022276 14.769936200697 14.9384746691212 15.3953214962967 15.4182714154013 15.7940763407387 15.7998138205148 15.4648884385824 14.7347941370681 15.131397426594 14.9384746691212 14.6888942988589 13.5901669217274 13.5148624996655 12.4142909326058 13.6396526847966 12.2103030355647 14.1051057316363 15.4283120050095 15.8277840344235 16.1512344568036 16.3082979656756 16.3032776708715 15.3501388430595 15.846430843696 15.290612490382 16.1562547516078 16.1498000868596 13.2872758018784 12.7546464293264 12.3368861831259 13.0568203642033 13.1569871986285 13.4994430227671 13.1587801610585 12.6449997173622 12.0549997305498 12.76499971468 12.2549997260794 -9999 -9999 -9999 -9999 -9999 -9999 -9999 -9999 -9999 -9999 -9999 -9999 -9999 -9999 -9999
-9999 -9999 -9999 -9999 -9999 15.0797601086088 15.0675679640844 15.3515732130036 15.330057663843 15.3931699413806 15.4003417911008 13.7261930047534 15.5502334502526 15.6570940110832 15.7130344389006 15.1149021722376 14.6465803855099 14.7369456919841 14.5411541946232 13.4503158521838 13.8332926272415 13.6131168408319 14.1689351941459 15.4146854905412 15.3831293517724 15.1873378544115 14.5999633623287 15.5487990803085 15.6355784619227 15.8672292078845 15.7797326412983 16.0328989364207 15.5000305022113 15.0331430854276 15.1005584727973 13.922462625429 13.814645817969 12.8948560913559 12.8367641086224 12.6571092731319 12.4500818778761 13.2599032421131 13.7124469594564 12.5848528872011 -9999 12.1299997288734 -9999 -9999 -9999 -9999 -9999 -9999 -9999 -9999 -9999 -9999 -9999 -9999 -9999 -9999 -9999 -9999
-9999 -9999 -9999 -9999 -9999 13.5976973639335 12.6628467529081 13.0568203642033 13.9824671014212 15.3451185482554 13.8203832977451 15.2253486579284 14.8552812123671 15.6327097220346 15.7388530978933 15.6800439301878 15.4806665079668 15.0618304843083 15.0123447212391 14.8022095244378 13.2021698518656 13.457487701904 14.7627643509768 15.2748344209976 14.969313622918 15.1464583110064 14.6250648363493 15.0037385015748 15.4562822189182 15.7072969591245 15.9238868206739 13.4627470583655 13.7094586887397 13.7331257928163 15.248298577033 13.4090777162928 13.6446729796007 12.8708303947933 12.648024930153 12.5351878278889 13.3097475976683 13.2624133895151 11.8246910227029 8.26615699799731 11.8749997345731 -9999 -9999 -9999 -9999 -9999 -9999 -9999 -9999 -9999 -9999 -9999 -9999 -9999 -9999 -9999 -9999 -9999
-9999 -9999 -9999 -9999 -9999 14.3618579516187 14.4048890499398 12.7472355179489 13.0766624817625 15.2346720625646 12.5957899580244 14.0412762691267 13.8289895174094 15.6298409821466 15.6599627509713 15.4598681437783 15.5652943346649 15.7352671730332 15.3314920337871 14.6673787496984 14.1804101536982 14.8473921776749 15.2927640452981 15.249732946977 15.0804772935808 15.4261604500934 14.8653218019754 14.9470808887854 15.5774864791892 15.5115054617636 15.3580278777517 15.5301522710361 12.5993758828845 13.6728822551668 13.6098895084579 13.7404171733651 12.8062837473117 12.89987638616 11.9619179735892 12.5424621326051 11.8269164405231 9.66499978397042 11.4743711819526 11.5952251890977 11.6124543071465 12.0349997309968 12.0999997295439 -9999 -9999 -9999 -9999 -9999 -9999 -9999 -9999 -9999 -9999 -9999 -9999 -9999 -9999 -9999
-9999 -9999 -9999 -9999 -9999 14.4149296395481 14.414212454576 14.4156468245201 14.5411541946232 14.6989348884672 14.8244422585703 14.7398144318722 15.3451185482554 15.4577165888622 15.6327097220346 15.3874324616045 15.1586504555307 15.0546586345881 15.2726828660816 15.4283120050095 15.529435086064 15.60617387807 15.647770606447 15.5215460513718 15.2834406406619 15.1844691145234 15.4519791090861 13.6080965460278 13.6418042397127 14.2198553271592 14.2033600728028 14.1567430496216 12.3891211552545 12.5298089405987 12.4187349180575 12.7991118975915 12.7320551027078 12.5717642614618 12.65997801302 12.3962332395604 12.301385527011 12.8099997136742 11.8099997360259 -9999 -9999 -9999 -9999 13.2249997043982 13.2249997043982 -9999 -9999 -9999 -9999 -9999 -9999 -9999 -9999 -9999 -9999 -9999 -9999 -9999
-9999 -9999 -9999 -9999 -9999 14.4177983794361 14.4887996916659 14.4880825066939 14.5641041137278 14.4579607378691 14.7434003567323 14.8717764667235 15.0037385015748 15.249732946977 15.4749290281907 15.4534134790301 15.3903012014925 15.2934812302701 15.2540360568091 15.3451185482554 15.2346720625646 15.2827234556898 15.1636707503349 15.5215460513718 15.247581392061 15.0037385015748 13.416249566013 13.336283441633 13.5822778870352 13.617419950664 13.9315469684079 12.459883405827 15.0367290102877 14.5153355356306 14.6573381600901 12.9192403804045 12.8627022984438 12.1627895311685 10.9602974416688 -9999 -9999 -9999 -9999 -9999 -9999 -9999 -9999 -9999 -9999 -9999 -9999 -9999 -9999 -9999 -9999 -9999 -9999 -9999 -9999 -9999 -9999 -9999
-9999 -9999 -9999 -9999 -9999 15.3859980916604 12.6061891401187 14.6702474895865 14.4500717031769 14.6960661485791 14.8452406227589 14.6415600907058 14.8875545361079 15.0395977501757 15.4914242825471 15.566728704609 15.8206121847034 15.8571886182763 15.3809777968563 15.7116000689566 15.6147800977342 15.5523850051686 15.6642658608034 15.3558763228357 14.612155506853 14.7986235995777 13.615268395748 13.4467299273238 14.0599230783992 14.135227500461 14.1502883848734 14.7785424203612 14.054185598623 11.8595995842479 14.2055116277188 14.3152409284376 13.0124744267669 13.4209112683311 13.1935636322014 11.6226351496298 11.6199997402728 -9999 -9999 -9999 -9999 -9999 -9999 -9999 -9999 -9999 -9999 -9999 -9999 -9999 -9999 -9999 -9999 -9999 -9999 -9999 -9999 -9999
-9999 -9999 -9999 -9999 -9999 14.6996520734392 14.8014923394658 15.008041611407 14.7340769520961 14.8681905418634 15.0754569987766 15.1170537271537 14.8273109984584 14.9578386633657 15.1543473456986 15.3264717389829 15.2970671551302 15.8801385373808 16.2351450985298 16.0386364161968 15.4792321380228 15.8729666876607 16.0501113757491 15.8385418090038 15.1765800798312 14.9219794147648 14.3575548417866 13.8110598931089 13.934415708296 14.5468916743994 14.5949430675246 14.4895168766379 13.9157688990235 13.6030762512237 14.1438337201253 13.8777580955066 13.7321695461869 15.2023987388238 13.3850520197302 10.6849997611716 11.3749997457489 -9999 11.425344083691 8.84531692462042 11.5365974024753 12.3049997249618 -9999 -9999 -9999 -9999 -9999 -9999 -9999 -9999 -9999 -9999 -9999 -9999 -9999 -9999 -9999 -9999
-9999 -9999 -9999 -9999 -9999 15.0388805652037 15.1120334323496 15.128528686706 14.9901119871065 15.0245368657634 14.9112216401845 14.9958494668826 15.1177709121257 15.6420331266709 15.3092592996545 15.1823175596073 15.4770805831067 15.3781090569682 15.5444959704764 15.7797326412983 16.0085146473721 15.9618976241909 16.0917081041262 16.0386364161968 16.0321817514487 15.7008422943763 14.8308969233185 15.4197057853453 15.0187993859872 14.5440229345113 14.4766075471416 14.4701528823934 14.3883937955834 14.0298013095744 13.8497878815979 13.6432386096567 13.9552140724845 12.3662907669786 12.3982054982334 12.7278715237044 12.792418171186 14.5225073853508 11.9582842363976 11.704687630292 13.654713569209 13.1518109940478 13.2699997033924 -9999 -9999 -9999 -9999 -9999 -9999 -9999 -9999 -9999 -9999 -9999 -9999 -9999 -9999 -9999
-9999 -9999 -9999 -9999 -9999 15.2375408024527 15.6671346006915 15.3178655193187 15.4993133172393 15.685781409964 15.6248206873424 16.1017486937344 16.1727500059642 15.6147800977342 15.2124393284321 15.4584337738343 15.3142795944586 15.1256599468179 15.0754569987766 15.7237922134809 15.7582170921378 15.8722495026886 15.8564714333043 15.927472745534 15.966200734023 15.9568773293868 15.6843470400199 15.4197057853453 15.2153080683202 15.0309915305115 14.7548753162846 14.1545914947055 14.3008972289972 13.9372844481841 14.6824396341108 13.7723319046199 13.9021423845552 13.9437391129322 13.096743660979 14.5002746512182 14.6221960964613 13.5500045632944 11.7136524424423 11.4750450022519 11.6302028481982 11.329026141949 -9999 -9999 -9999 -9999 -9999 -9999 -9999 -9999 -9999 -9999 -9999 -9999 -9999 -9999 -9999 -9999
-9999 -9999 -9999 -9999 -9999 15.8729666876607 15.3078249297105 15.6441846815869 15.9540085894987 16.2021545898169 15.807702855207 15.5645771496929 15.9152806010097 16.4467146652751 16.5413830815814 16.4345225207508 16.1741843759082 15.1600848254748 15.4813836929388 15.5366069357842 15.7338328030892 16.4646442895755 15.9016540865414 16.0529801156372 15.8944822368212 15.7969450806268 15.8557542483322 15.5057679819874 15.0948209930211 15.5502334502526 14.809381374158 14.0018310956657 13.7085024421103 14.3647266915068 14.4421826684847 14.1933194831945 14.0190435349941 13.6647541588172 13.4402752625756 13.4101534937508 12.5201269434765 12.3652149895206 12.0977049949579 11.4786719091104 11.7262031794526 11.6745658614673 11.6118121764157 -9999 -9999 9.10999979637563 9.10999979637563 -9999 -9999 10.9149997560307 10.9150669761002 -9999 -9999 -9999 -9999 -9999 -9999 -9999
-9999 -9999 -9999 -9999 -9999 15.6764580053277 15.6728720804676 16.0307473815046 15.5193944964558 16.1777703007683 15.5588396699168 16.5894344747066 15.4799493229948 16.4180272663943 15.8822900922969 15.9425336299464 15.4268776350655 15.8127231500112 16.2817621217109 16.2294076187536 15.4957273923792 15.4899899126031 15.4921414675191 16.004928722512 15.7431562077254 15.6900845197961 16.1024658787064 15.0768913687207 14.8638874320313 14.5985289923847 14.0018310956657 13.4051331989467 15.129245871678 14.49023406161 13.7414929508232 13.6618854189292 13.5428327135742 14.0649433732033 12.7226121672429 13.4323862278834 15.2002471839078 12.1959593361244 11.1280709127896 11.2386966947233 11.4536728900857 11.8493796983967 11.2048097047955 12.0199997313321 11.419773947075 9.96999977715313 9.07499979715794 -9999 -9999 10.4699997659773 9.45999978855252 8.55499980878085 -9999 -9999 -9999 -9999 -9999 -9999
-9999 -9999 -9999 -9999 -9999 16.9724112497643 16.564333000686 16.8174992958084 16.8483382496051 17.0089876833372 16.9652394000441 16.6288796481676 16.4797051739879 16.3706930582412 16.405117936898 16.7264168043621 15.964049179107 15.9504226646386 16.483291098848 15.7933591557667 15.9109774911776 15.7065797741525 15.8650776529685 15.5538193751127 15.9145634160377 15.9375133351423 15.6621143058874 16.0436567110009 14.5762962582521 14.5225073853508 13.37788017001 13.8010193035007 13.9186376389116 13.7293008062989 13.4094363087788 13.4065675688908 13.1856745975092 11.9353821296245 14.2047944427468 13.4617908117361 13.0716421869583 10.9027553007472 12.4347819318064 11.861392546678 11.5375835318118 6.9190303297961 -9999 11.024405085016 11.4008619966917 9.79499978106469 10.049999775365 8.61999980732799 -9999 11.0169869293459 12.3884039702825 -9999 -9999 -9999 -9999 -9999 -9999 -9999
-9999 -9999 -9999 -9999 -9999 17.239921244327 17.0548875215463 17.160313712433 17.1431012731045 17.0735343308188 17.1359294233844 16.8088930761442 16.5055238329805 16.4689473994076 16.8103274460882 16.5966063244268 16.5851313648745 15.6915188897401 15.7323984331451 16.1799218556844 16.2781761968508 15.7775810863823 16.0486770058051 15.6743064504117 15.5086367218755 15.9131290460937 15.568880259525 13.4474471122958 13.5385296037421 13.2789086438715 13.6389354998246 13.336283441633 13.4209112683311 13.5851466269232 13.298989823088 13.1555528286844 13.4452955573797 12.2007405692711 12.9032267308432 9.59499978553504 -9999 11.0646124080241 9.94009385025129 13.7823724942282 11.8270871988498 13.3049997026101 8.99499979894608 8.56499980855733 11.6139426376561 11.7850464988234 11.8599997349083 12.272078741109 13.816797372885 14.0896862547379 12.2652404074772 -9999 -9999 -9999 -9999 -9999 -9999 -9999
-9999 -9999 -9999 -9999 -9999 16.7665791627951 17.2643055333756 17.2994475970045 17.2270119148307 17.0986358048394 16.7450636136346 16.6876888158731 16.9437238508835 17.2858210825361 17.0670796660706 17.0140079781413 17.0979186198674 17.1387981632724 17.2126682153903 17.162465267349 16.8053071512841 17.3410443253815 16.4151585265063 16.5213019023649 16.5184331624769 16.7092043650337 15.5817895890214 13.4825891759247 13.6834009680897 13.2767570889555 13.2021698518656 12.9855799903162 13.017853314057 12.9231848977506 13.0802484066226 11.2621845025569 10.0746824074039 8.90999980084598 7.8349998248741 9.93499977793545 11.2008651874494 11.2455099519575 14.1897335583344 14.1696523791179 14.8452406227589 12.889999711886 11.3849997455254 10.9049997562543 12.3649281155318 16.963087845128 13.9191499138916 12.7594874278875 12.0833612955175 14.3613200628897 14.2199996821582 -9999 -9999 -9999 -9999 -9999 -9999 -9999
-9999 -9999 -9999 -9999 -9999 17.1495559378527 17.4514908110723 17.1316263135523 17.0233313827775 17.2169713252224 16.961653475184 17.2097994755022 17.3840754237026 17.3639942444861 17.2255775448866 17.4916531695053 17.6673634876497 17.6845759269781 17.241355614271 17.3668629843742 17.1136966892518 15.6212347624823 17.5052796839736 16.8182164807804 16.763710422907 15.7890560459346 13.2925351583399 14.2779473098926 14.013306055218 13.2803430138156 12.8937803138979 12.9195989728905 12.9138614931144 12.8564866953529 11.5250327948015 11.8140859225622 12.0458627669806 11.9580588354064 -9999 8.87441123696044 11.9617984427605 13.2466353201307 14.5139011656865 14.2499770959839 12.5260693332446 12.3971297207754 -9999 10.9652699241415 13.2387462854385 12.9654988110997 16.8928037178703 17.6164433546364 18.1428571240976 14.7541581313126 12.5749997189268 -9999 -9999 -9999 -9999 -9999 -9999 -9999
