EcologicalScience/Bass/data/rs_data_bass/sst_74.asc
NCOLS 226 
NROWS 124 
XLLCORNER -9.41648524995501 
YLLCORNER 47.587301625531 
CELLSIZE 0.0833 
NODATA_value -9999 
[rows 54 to 80 of 124, columns 124 to 185 of 226]
15.2449996592477 15.064999663271 14.939999666065 14.6249996731058 14.5749996742234 14.7799996696413 14.7699996698648 14.7099996712059 14.7799996696413 14.9299996662885 15.044999663718 15.0499996636063 14.9999996647239 15.0699996631593 15.0749996630475 15.1199996620417 15.084999662824 15.6349996505305 15.5949996514246 15.4499996546656 14.6699996720999 14.6699996720999 16.6449996279553 16.6999996267259 16.5499996300787 15.7099996488541 15.809999646619 15.8549996456131 15.8849996449426 15.8599996455014 15.8299996461719 15.7849996471778 15.7249996485189 15.7649996476248 15.7799996472895 16.5449996301904 16.6274996283464 16.7499996256083 16.7924996246584 16.8499996233732 16.9224996217526 16.9524996210821 16.847499623429 16.7824996248819 15.2549996590242 15.2649996588007 15.2549996590242 17.3924996112473 17.3099996130913 17.282499613706 17.0574996187352 16.6699996273965 17.9566662653039 19.9237495546695 19.3437495676335 15.9849996427074 16.0299996417016 15.8949996447191 16.0199996419251 16.369999634102 16.5962496290449 16.5624996297993
15.4399996548891 15.3299996573478 15.2999996580184 14.9149996666238 14.5499996747822 14.7349996706471 14.7849996695295 15.0249996641651 14.899999666959 14.9099996667355 14.9849996650591 15.0549996634945 15.1149996621534 15.1549996612594 15.1849996605888 15.417499655392 14.9449996659532 14.8599996678531 14.629999672994 14.6849996717647 16.4199996329844 16.4274996328168 16.4799996316433 16.4499996323138 16.307499635499 16.2424996369518 15.5899996515363 15.7149996487424 15.6349996505305 15.7549996478483 15.7349996482953 15.5499996524304 15.7499996479601 15.7499996479601 16.5099996309727 16.7074996265583 16.742499625776 16.7899996247143 16.7749996250495 16.784999624826 16.6524996277876 17.0199996195734 17.0624996186234 17.0299996193498 17.4574996097945 17.447499610018 17.3099996130913 17.3874996113591 17.4549996098503 17.302499613259 17.239999614656 16.3449996346608 16.4349996326491 15.9649996431544 15.8899996448308 15.8199996463954 15.8199996463954 26.0089018576801 -9999 -9999 -9999 -9999
15.6099996510893 15.5699996519834 15.6399996504188 15.3599996566772 15.0399996638298 15.0399996638298 15.229999659583 15.2799996584654 15.2399996593595 15.2649996588007 15.3049996579066 15.3699996564537 15.4149996554479 15.4299996551126 15.5949996514246 15.5699996519834 15.519999653101 16.5324996304698 16.5874996292405 16.5324996304698 15.2649996588007 15.2499996591359 16.3574996343814 16.2849996360019 16.1949996380135 15.6749996496364 15.6499996501952 15.6849996494129 15.6199996508658 15.6499996501952 15.6199996508658 16.0499996412545 16.3399996347725 16.4299996327609 16.557499629911 16.6649996275082 16.7924996246584 16.8149996241555 16.7049996266142 16.7349996259436 16.9199996218085 17.0099996197969 17.1424996168353 17.3174996129237 17.3999996110797 17.3624996119179 17.4249996105209 17.6124996063299 16.0649996409193 15.8699996452779 15.6799996495247 16.3349996348843 18.5824995846488 15.9649996431544 15.9649996431544 -9999 -9999 -9999 -9999 -9999 -9999 -9999
15.9699996430427 15.8699996452779 15.9199996441603 15.7949996469542 15.5749996518716 15.3049996579066 15.1399996615946 15.1299996618181 15.1849996605888 15.4099996555597 15.4949996536598 15.4849996538833 15.5049996534362 15.5899996515363 15.6699996497482 15.6949996491894 15.6699996497482 16.5174996308051 16.4549996322021 16.2749996362254 16.3049996355549 16.4074996332638 16.0199996419251 15.9499996434897 15.6949996491894 15.5449996525422 16.1199996396899 16.0649996409193 15.5699996519834 15.3999996557832 15.4599996544421 15.4599996544421 16.1324996394105 15.914999644272 14.4449996771291 16.7699996251613 15.3249996574596 15.2949996581301 15.2949996581301 17.0574996187352 17.3249996127561 17.3799996115267 17.344999612309 17.4574996097945 16.3199996352196 16.2649996364489 17.7224996038713 17.5799996070564 19.0159995749593 17.8099996019155 17.6074996064417 17.7974996021949 18.379999589175 18.558999585174 17.9692853126409 -9999 -9999 -9999 -9999 -9999 -9999 -9999
16.1399996392429 16.0949996402487 16.0549996411428 16.0299996417016 15.9299996439368 15.7649996476248 15.5449996525422 15.3849996561185 15.3449996570125 15.4699996542186 15.5349996527657 15.5099996533245 15.4849996538833 15.499999653548 15.6049996512011 15.7649996476248 15.9199996441603 16.0549996411428 15.5699996519834 15.5649996520951 15.4849996538833 15.6799996495247 15.8249996462837 16.3549996344373 15.8499996457249 15.6299996506423 15.5899996515363 15.5049996534362 15.4599996544421 15.4899996537715 15.4649996543303 16.3849996337667 16.4024996333756 16.369999634102 16.4224996329285 16.3624996342696 15.5649996520951 15.6099996510893 15.7449996480718 17.1899996157736 17.3274996127002 17.3774996115826 17.4524996099062 17.779999602586 17.8224996016361 17.7874996024184 17.0599996186793 17.1224996172823 17.1649996163324 17.4874996091239 17.65499960538 17.9924995978363 18.4074995885603 18.0999995954335 15.2549996590242 -9999 -9999 -9999 -9999 -9999 -9999 -9999
16.2109996376559 17.1487496166956 16.3649996342137 16.3549996344373 16.3399996347725 16.2199996374547 15.954999643378 15.6999996490777 15.5899996515363 15.4899996537715 15.5549996523187 15.6399996504188 15.6099996510893 15.6949996491894 15.8499996457249 15.8699996452779 15.9099996443838 15.9499996434897 15.8699996452779 15.6599996499717 15.5999996513128 15.354999656789 15.5499996524304 15.5099996533245 15.4699996542186 15.7199996486306 15.5099996533245 15.6199996508658 15.4949996536598 16.2749996362254 16.1499996390194 16.2774996361695 16.2124996376224 15.6399996504188 15.6549996500835 15.6599996499717 16.5349996304139 16.7074996265583 17.1624996163882 17.2724996139295 17.4599996097386 17.5974996066652 17.5849996069446 17.5649996073917 17.5574996075593 17.1074996176176 17.032499619294 17.4024996110238 17.0724996183999 18.10999959521 16.8399996235967 16.7799996249378 16.7249996261671 16.7499996256083 20.0749995512888 -9999 23.7447889405303 -9999 -9999 -9999 -9999 -9999
-9999 -9999 -9999 -9999 -9999 16.3099996354431 16.2149996375665 15.8899996448308 15.8149996465072 15.8649996453896 15.7499996479601 15.6399996504188 15.7349996482953 15.8399996459484 15.8799996450543 15.914999644272 15.9449996436015 16.0299996417016 15.9699996430427 15.9949996424839 15.7149996487424 15.6799996495247 15.5449996525422 15.7199996486306 15.7499996479601 15.7649996476248 15.6999996490777 15.5249996529892 15.5549996523187 15.5799996517599 16.1924996380694 16.1474996390752 16.1974996379577 16.1724996385165 16.2174996375106 16.3724996340461 16.7049996266142 16.5549996299669 16.8799996227026 17.0824996181764 17.3174996129237 17.6399996057153 17.7624996029772 17.6149996062741 17.5899996068329 17.868332933945 -9999 19.6957138454808 18.214999592863 19.394999566488 18.1774995937012 16.784999624826 16.7449996257201 16.5649996297434 5.37499987985939 5.37499987985939 -9999 -9999 -9999 -9999 -9999 -9999
-9999 -9999 -9999 -9999 -9999 -9999 -9999 14.9509996658191 16.349999634549 16.3049996355549 16.1049996400252 15.934999643825 15.7499996479601 15.7149996487424 15.8149996465072 15.9499996434897 16.0299996417016 16.0249996418133 15.8699996452779 15.8299996461719 15.8349996460602 15.8699996452779 15.9724996429868 15.9949996424839 15.769999647513 15.6849996494129 15.7299996484071 15.7349996482953 15.8849996449426 15.9399996437132 16.059999641031 16.20499963779 16.287499635946 16.3824996338226 16.5349996304139 16.6499996278435 16.6874996270053 16.7174996263348 16.8449996234849 17.1174996173941 17.3199996128678 17.5224996083416 17.6824996047653 17.6774996048771 17.6599996052682 17.9783329314863 -9999 -9999 -9999 -9999 -9999 -9999 -9999 -9999 -9999 -9999 -9999 -9999 -9999 -9999 -9999 -9999
-9999 -9999 -9999 -9999 -9999 -9999 -9999 -9999 14.3333959060387 16.2299996372312 16.1949996380135 16.1849996382371 16.0549996411428 16.0549996411428 15.9599996432662 15.9649996431544 15.5249996529892 15.189999660477 15.0599996633828 15.3849996561185 15.7449996480718 15.8399996459484 16.099999640137 15.9824996427633 15.7649996476248 15.8499996457249 15.7849996471778 15.9499996434897 15.8599996455014 16.0299996417016 16.4449996324256 16.4549996322021 16.577499629464 16.7249996261671 15.499999653548 15.5399996526539 15.6049996512011 16.9549996210262 17.2099996153265 17.4249996105209 17.4824996092357 17.5699996072799 17.7249996038154 17.862499600742 17.8874996001832 15.7749996474013 -9999 -9999 -9999 -9999 -9999 -9999 -9999 -9999 -9999 -9999 -9999 -9999 -9999 -9999 -9999 -9999
-9999 -9999 -9999 -9999 -9999 -9999 -9999 -9999 -9999 16.7499996256083 15.2899996582419 15.3099996577948 15.6899996493012 16.2399996370077 16.4199996329844 16.2849996360019 16.20499963779 15.769999647513 15.4699996542186 14.9449996659532 14.9999996647239 16.0424996414222 15.6999996490777 15.644999650307 15.8499996457249 15.8599996455014 15.8899996448308 16.079999640584 16.0349996415898 15.9249996440485 15.809999646619 16.557499629911 16.7274996261112 15.3599996566772 15.9099996443838 15.9849996427074 15.8649996453896 17.5549996076152 17.7274996037595 17.6599996052682 17.6849996047094 17.8149996018037 17.9824995980598 18.2074995930307 18.3324995902367 -9999 -9999 -9999 -9999 -9999 -9999 -9999 -9999 -9999 -9999 -9999 -9999 -9999 -9999 -9999 -9999 -9999
-9999 -9999 -9999 -9999 -9999 -9999 -9999 -9999 -9999 16.7799996249378 15.5999996513128 15.5749996518716 15.5899996515363 15.5799996517599 16.0249996418133 16.2949996357784 16.079999640584 15.914999644272 15.8199996463954 15.8399996459484 15.8149996465072 15.8199996463954 15.7549996478483 15.8049996467307 15.914999644272 15.8649996453896 15.9699996430427 16.059999641031 16.1449996391311 15.4349996550009 15.4349996550009 16.7474996256642 16.8724996228702 17.0524996188469 17.1749996161088 17.3574996120296 17.6124996063299 17.65499960538 17.7324996036477 17.882499600295 18.0024995976128 18.0249995971099 18.1624995940365 18.3524995897897 18.4199995882809 -9999 25.677999426052 25.677999426052 -9999 -9999 -9999 -9999 -9999 -9999 -9999 -9999 -9999 -9999 -9999 -9999 -9999 -9999
-9999 -9999 -9999 -9999 -9999 -9999 -9999 -9999 -9999 16.991249620216 15.6949996491894 15.954999643378 16.3249996351078 16.2999996356666 16.2799996361136 15.7849996471778 15.5049996534362 15.2849996583536 15.2799996584654 15.7499996479601 15.934999643825 16.0049996422604 15.954999643378 16.0249996418133 15.8849996449426 16.2199996374547 16.2099996376783 16.1999996379018 16.3249996351078 16.1099996399134 16.1799996383488 16.494999631308 16.5599996298552 17.282499613706 17.489999609068 17.6574996053241 17.8449996011332 18.1124995951541 18.2874995912425 18.3449995899573 18.4374995878898 18.3449995899573 18.379999589175 18.4149995883927 18.1333329280217 -9999 -9999 -9999 -9999 -9999 -9999 -9999 -9999 -9999 -9999 -9999 -9999 -9999 -9999 -9999 -9999 -9999
-9999 -9999 -9999 -9999 -9999 -9999 -9999 -9999 -9999 16.9449996212497 15.9499996434897 15.8849996449426 16.1549996389076 16.059999641031 16.0049996422604 15.7649996476248 15.229999659583 14.9849996650591 14.9599996656179 14.9499996658415 15.9199996441603 16.1049996400252 16.1649996386841 16.1649996386841 16.2749996362254 16.3949996335432 16.5949996290728 16.4549996322021 16.494999631308 16.5199996307492 16.5399996303022 16.6649996275082 16.7599996253848 17.3924996112473 17.6424996056594 18.1024995953776 18.4174995883368 18.8049995796755 18.8649995783344 18.857499578502 18.8874995778315 18.712499581743 18.5924995844252 18.7049995819107 -9999 -9999 -9999 -9999 -9999 -9999 -9999 -9999 -9999 -9999 -9999 -9999 -9999 -9999 -9999 -9999 -9999 -9999
-9999 -9999 -9999 -9999 -9999 -9999 -9999 -9999 16.8092853385689 17.0024996199645 16.7999996244907 15.9399996437132 15.8349996460602 15.5449996525422 15.4649996543303 15.4599996544421 15.5349996527657 15.2399996593595 15.914999644272 16.3449996346608 16.2749996362254 16.244999636896 16.2899996358901 16.2199996374547 16.2699996363372 16.4299996327609 16.5199996307492 16.5949996290728 16.6099996287376 16.65999962762 16.6499996278435 16.5449996301904 17.5449996078387 17.6324996058829 18.0424995967187 18.4349995879456 18.7549995807931 18.8624995783903 19.1249995725229 18.9999995753169 18.7424995810725 18.5274995858781 18.3724995893426 -9999 -9999 -9999 -9999 -9999 -9999 -9999 -9999 -9999 -9999 -9999 -9999 -9999 -9999 -9999 -9999 -9999 -9999 -9999
-9999 -9999 -9999 -9999 -9999 -9999 -9999 -9999 17.0624996186234 17.0524996188469 16.7699996251613 16.6449996279553 16.6474996278994 16.7349996259436 16.5749996295199 16.4424996324815 16.5324996304698 15.1049996623769 15.7999996468425 16.5099996309727 16.4149996330962 16.3399996347725 16.4299996327609 16.4099996332079 16.4349996326491 16.5599996298552 16.6049996288493 16.7749996250495 17.0099996197969 17.0349996192381 17.1149996174499 17.094999617897 17.6224996061064 17.8074996019714 18.7299995813519 19.1574995717965 19.0824995734729 18.9749995758757 18.8274995791726 18.7824995801784 18.7799995802343 18.7049995819107 18.4449995877221 -9999 -9999 -9999 -9999 -9999 -9999 -9999 -9999 -9999 -9999 -9999 -9999 -9999 -9999 -9999 -9999 -9999 -9999 -9999
-9999 -9999 -9999 -9999 -9999 -9999 -9999 15.6067184011627 17.1899996157736 17.177499616053 17.032499619294 17.0099996197969 16.9574996209703 16.9124996219762 16.909999622032 16.8799996227026 16.0749996406958 16.0499996412545 16.1099996399134 16.0149996420369 16.2999996356666 16.5549996299669 16.6049996288493 16.6999996267259 16.7899996247143 16.7949996246025 16.8449996234849 17.1099996175617 17.3149996129796 17.2599996142089 17.1899996157736 17.1199996173382 17.8899996001273 18.4999995864928 18.8949995776638 18.9424995766021 18.9299995768815 18.7549995807931 18.7424995810725 19.0324995745905 18.8824995779432 18.3649995895103 -9999 -9999 -9999 -9999 -9999 -9999 -9999 -9999 -9999 -9999 -9999 -9999 -9999 -9999 -9999 -9999 -9999 -9999 -9999 -9999
-9999 -9999 -9999 3.8400372271426 -9999 8.41940086765341 17.8174996017478 17.7349996035919 17.4524996099062 17.3149996129796 17.1874996158294 17.1299996171147 17.137499616947 16.5999996289611 16.7199996262789 16.8399996235967 16.9849996203557 16.8574996232055 16.3299996349961 16.3799996338785 16.4399996325374 16.6149996286258 16.7399996258318 16.8399996235967 16.9199996218085 17.0999996177852 17.239999614656 17.4699996095151 17.4699996095151 17.5199996083975 17.4999996088445 17.509999608621 17.509999608621 19.0099995750934 19.0774995735846 18.9124995772727 18.9974995753728 19.1374995722435 18.8399995788932 18.7999995797873 13.2949997028336 -9999 -9999 -9999 -9999 -9999 -9999 -9999 -9999 -9999 -9999 -9999 -9999 -9999 -9999 -9999 -9999 -9999 -9999 -9999 -9999 -9999
-9999 -9999 3.88019958557561 -9999 18.35874958965 17.1049996176735 17.1649996163324 17.2349996147677 16.9999996200204 17.5449996078387 17.4849996091798 17.4949996089563 17.4799996092916 17.4149996107444 16.7349996259436 16.7349996259436 16.6099996287376 16.6199996285141 16.4899996314198 16.5049996310845 16.5949996290728 16.8099996242672 16.8949996223673 17.0349996192381 17.2299996148795 17.344999612309 17.364999611862 17.2899996135384 18.0674995961599 17.6449996056035 17.6649996051565 17.6699996050447 17.799999602139 16.4199996329844 18.6299995835871 19.1774995713495 18.9499995764345 18.4807688176918 18.4849052472075 -9999 -9999 -9999 -9999 -9999 -9999 -9999 -9999 -9999 -9999 -9999 -9999 -9999 -9999 -9999 -9999 -9999 -9999 -9999 -9999 -9999 -9999 -9999
16.7749996250495 16.7749996250495 -9999 17.883124600281 16.9249996216968 16.9249996216968 17.9499995987862 17.717499603983 17.8299996014684 17.7899996023625 17.7849996024743 17.6524996054359 17.5124996085651 17.3749996116385 17.3749996116385 17.3174996129237 16.8199996240437 16.7899996247143 16.6899996269494 16.6649996275082 16.7799996249378 16.8799996227026 16.9849996203557 17.1599996164441 17.3349996125326 17.4849996091798 17.5899996068329 18.0849995957687 18.1499995943159 18.254999591969 17.8749996004626 17.9199995994568 17.9599995985627 17.8999995999038 18.2049995930865 18.2099995929748 18.2199995927513 19.3524995674379 -9999 -9999 -9999 -9999 -9999 -9999 -9999 -9999 -9999 -9999 -9999 -9999 -9999 -9999 -9999 -9999 -9999 -9999 -9999 -9999 -9999 -9999 -9999 -9999
18.8399995788932 18.8399995788932 17.9289995992556 18.3624995895661 18.3249995904043 18.2274995925836 18.0199995972216 17.9799995981157 18.0599995963275 18.0149995973334 17.9824995980598 18.0224995971657 17.5174996084534 17.4649996096268 17.4574996097945 17.0999996177852 17.0999996177852 17.3274996127002 16.7399996258318 16.7949996246025 16.7949996246025 16.949999621138 17.219999615103 17.4249996105209 17.634999605827 17.7849996024743 17.9149995995685 17.9149995995685 18.4724995871074 18.089999595657 18.0649995962158 18.0999995954335 17.9999995976686 17.8399996012449 18.6324995835312 18.712499581743 4.12829778006578 4.12829778006578 13.2399997040629 13.2399997040629 -9999 -9999 -9999 -9999 -9999 -9999 -9999 -9999 -9999 -9999 -9999 -9999 -9999 -9999 -9999 -9999 -9999 -9999 -9999 -9999 -9999 -9999
18.7274995814078 18.6349995834753 18.5449995854869 18.4174995883368 18.2424995922484 18.1124995951541 18.0024995976128 17.8974995999597 17.9549995986745 17.9274995992891 18.0224995971657 17.0399996191263 17.0399996191263 17.0699996184558 17.0099996197969 16.9949996201321 17.0299996193498 17.0049996199086 17.2649996140972 17.3199996128678 17.384999611415 17.4949996089563 17.5799996070564 17.674999604933 17.7399996034801 17.7849996024743 18.1049995953217 18.6724995826371 18.069999596104 18.1049995953217 18.0399995967746 17.8399996012449 17.7399996034801 18.0399995967746 12.3506518978545 12.8649997124448 10.5907497632783 8.55012176010939 8.51652419988475 -9999 -9999 -9999 -9999 -9999 -9999 -9999 -9999 -9999 -9999 -9999 -9999 -9999 -9999 -9999 -9999 -9999 -9999 -9999 -9999 -9999 -9999 -9999
18.6337495835032 17.5749996071681 17.7849996024743 17.5599996075034 17.3049996132031 17.4549996098503 18.0024995976128 18.0599995963275 18.0999995954335 18.4799995869398 18.3924995888956 16.8749996228144 16.909999622032 17.054999618791 17.1099996175617 17.1399996168911 17.2099996153265 17.2999996133149 17.2749996138737 17.4699996095151 17.7149996040389 17.8149996018037 17.9299995992333 17.964999598451 18.0799995958805 18.10999959521 18.2399995923042 18.2999995909631 18.3449995899573 17.9999995976686 18.0099995974451 18.0249995971099 17.8949996000156 17.924999599345 19.0699995737523 19.2949995687231 14.2435711102028 -9999 -9999 -9999 -9999 -9999 -9999 -9999 -9999 -9999 -9999 -9999 -9999 -9999 -9999 -9999 -9999 -9999 -9999 -9999 -9999 -9999 -9999 -9999 -9999 -9999
17.7199996039271 17.6849996047094 17.6249996060506 17.6249996060506 17.6499996054918 17.5049996087328 17.4499996099621 17.4299996104091 17.4049996109679 17.3599996119738 17.3049996132031 16.9749996205792 16.9999996200204 17.1549996165559 17.239999614656 17.2549996143207 17.4499996099621 17.5349996080622 17.6699996050447 17.6699996050447 17.819999601692 17.9949995977804 18.1999995931983 18.254999591969 18.3549995897338 18.4049995886162 18.3449995899573 18.2799995914102 18.3449995899573 18.3099995907396 18.5974995843135 18.6249995836988 -9999 -9999 -9999 13.6052278061397 -9999 -9999 -9999 -9999 -9999 -9999 -9999 -9999 -9999 -9999 -9999 -9999 -9999 -9999 -9999 -9999 -9999 -9999 -9999 -9999 -9999 -9999 -9999 -9999 -9999 -9999
17.924999599345 17.7399996034801 17.7949996022508 17.8999995999038 17.8999995999038 17.6949996044859 17.5849996069446 17.3899996113032 17.2599996142089 17.2099996153265 17.1249996172264 17.0299996193498 17.0199996195734 17.1749996161088 17.3299996126443 17.5499996077269 17.7399996034801 17.799999602139 18.0499995965511 17.7299996037036 18.0749995959923 18.254999591969 18.3899995889515 18.4449995877221 18.2999995909631 18.1799995936453 18.1349995946512 18.0999995954335 18.089999595657 18.234999592416 18.2399995923042 18.9216662437345 19.2149995705113 19.2149995705113 -9999 -9999 -9999 -9999 -9999 -9999 -9999 -9999 -9999 -9999 -9999 -9999 -9999 -9999 -9999 -9999 -9999 -9999 -9999 -9999 -9999 -9999 -9999 -9999 -9999 -9999 -9999 -9999
18.1399995945394 18.0049995975569 17.964999598451 18.10999959521 18.1049995953217 18.2399995923042 17.4599996097386 17.364999611862 17.2949996134266 17.2299996148795 17.1349996170029 17.0699996184558 17.1549996165559 17.2949996134266 17.3999996110797 17.7049996042624 17.964999598451 18.254999591969 18.1849995935336 18.0399995967746 18.1999995931983 18.2099995929748 18.4249995881692 18.4349995879456 18.4499995876104 18.4449995877221 18.359999589622 18.0499995965511 18.0349995968863 18.0199995972216 18.9574995762669 19.0783329068994 17.6369996057823 19.4283328990762 19.4283328990762 4.99999988824129 -9999 -9999 -9999 -9999 -9999 -9999 -9999 -9999 -9999 -9999 -9999 -9999 -9999 -9999 -9999 -9999 -9999 -9999 -9999 -9999 -9999 -9999 -9999 -9999 -9999 -9999
-9999 -9999 -9999 -9999 7.15999983996153 17.4599996097386 17.4149996107444 17.4199996106327 17.4099996108562 17.2749996138737 17.2149996152148 17.1449996167794 17.219999615103 17.3249996127561 17.5549996076152 17.8149996018037 18.1149995950982 18.1549995942041 18.0299995969981 18.2399995923042 18.3199995905161 18.2499995920807 18.2049995930865 18.4299995880574 18.524999585934 18.5399995855987 18.5549995852634 -9999 -9999 -9999 -9999 -9999 -9999 -9999 -9999 -9999 -9999 -9999 -9999 -9999 -9999 -9999 -9999 -9999 -9999 -9999 -9999 -9999 -9999 -9999 -9999 -9999 -9999 -9999 -9999 -9999 -9999 -9999 -9999 -9999 -9999 -9999
-9999 -9999 -9999 -9999 -9999 17.4649996096268 17.4249996105209 17.4449996100739 17.3499996121973 17.2699996139854 17.1249996172264 17.3299996126443 17.4499996099621 17.4799996092916 17.6899996045977 17.8099996019155 17.7699996028095 18.0049995975569 17.8699996005744 17.9849995980039 18.234999592416 18.1149995950982 18.1649995939806 19.2599995695055 18.9649995760992 -9999 -9999 -9999 -9999 -9999 -9999 -9999 -9999 -9999 -9999 -9999 -9999 -9999 -9999 -9999 -9999 -9999 -9999 -9999 -9999 -9999 -9999 -9999 -9999 -9999 -9999 -9999 -9999 -9999 -9999 -9999 -9999 -9999 -9999 -9999 -9999 -9999
