EcologicalScience/Bass/data/rs_data_bass/sst_456.asc
NCOLS 226 
NROWS 124 
XLLCORNER -9.41648524995501 
YLLCORNER 47.587301625531 
CELLSIZE 0.0833 
NODATA_value -9999 
[rows 27 to 53 of 124, columns 62 to 123 of 226]
-9999 -9999 -9999 -9999 -9999 -9999 -9999 -9999 -9999 -9999 -9999 -9999 -9999 -9999 -9999 -9999 -9999 -9999 -9999 -9999 -9999 -9999 -9999 -9999 -9999 -9999 -9999 -9999 12.5299997199327 6.31384725729004 9.52587968530133 9.65784172015265 9.88088624645025 9.83498640824109 9.74175236187875 9.70661029824987 9.77904598042369 9.65138705540448 9.66214482998475 9.57393107842654 9.52229376044124 9.61481062183157 9.48786888178438 9.29566330928355 9.23541977163404 9.30570389889181 9.58540603797883 9.67864008434117 9.61839654669166 9.45846429793164 9.46707051759586 9.38746298570186 9.17661060392857 9.20888392766938 9.30713826883584 9.49432354653254 9.43479719385505 9.36666462151334 9.36809899145737 9.49790947139263 9.49217199161649 9.60118410736322
-9999 -9999 -9999 -9999 -9999 -9999 -9999 -9999 -9999 -9999 -9999 -9999 -9999 -9999 -9999 -9999 -9999 -9999 -9999 -9999 -9999 -9999 -9999 -9999 -9999 -9999 -9999 -9999 -9999 -9999 9.78499978128821 9.41256445972249 9.65066987043247 9.60692158713937 9.61265906691551 9.55098115932196 9.53592027490959 9.46563614765182 9.58684040792286 9.61839654669166 9.25908687571064 9.29207738442346 9.31646167347208 9.19669178314507 9.30426952894777 9.57464826339856 9.59831536747515 9.61911373166367 9.64134646579623 9.61122469697148 9.53520308993757 9.51583909569308 9.55384989921004 9.51870783558115 9.44698933837935 9.53018279513344 9.17087312415242 9.25621813582256 9.3652302515693 9.41399882966653 9.45918148290366 9.49934384133667
-9999 -9999 -9999 -9999 -9999 -9999 -9999 -9999 -9999 -9999 -9999 -9999 -9999 -9999 -9999 -9999 -9999 -9999 -9999 -9999 -9999 -9999 -9999 -9999 -9999 -9999 -9999 -9999 -9999 -9999 -9999 10.5999997630715 9.62700276635587 9.67505415948108 9.65569016523659 9.6442152056843 9.43264563893899 9.393200465478 9.4247566042468 9.39248328050599 9.21677296236157 9.19454022822902 8.98727377131581 9.25048065604642 8.79435101384297 9.33797722263262 9.47854547714815 9.54954678937793 9.57536544837058 9.49145480664447 9.44842370832339 9.34228033246472 9.27056183526292 9.5165562806651 9.59329507267103 9.61839654669166 9.56173893390223 9.38172550592571 9.49432354653254 9.49719228642061 9.40467542503029 9.53878901479766
-9999 -9999 -9999 -9999 -9999 -9999 -9999 -9999 -9999 -9999 -9999 -9999 -9999 -9999 -9999 -9999 -9999 -9999 -9999 -9999 -9999 -9999 -9999 -9999 -9999 -9999 -9999 -9999 -9999 -9999 -9999 9.90103262430057 9.80020293709822 9.5603045639582 9.74318673182279 9.88518935628235 9.78119753533974 9.89236120600253 9.54309212462977 9.62628558138385 9.59257788769901 9.05253760376945 9.23470258666202 8.96145511232316 9.19597459817305 9.16441845940426 9.24904628610238 9.50723287602887 9.57608263334259 9.46348459273577 9.36881617642939 9.31933041336015 9.38961454061791 9.50149539625272 9.59974973741919 9.57034515356645 9.6958525236696 9.18880274845287 9.44842370832339 9.40539261000231 9.4806970320642 9.5007782112807
-9999 -9999 -9999 -9999 -9999 -9999 -9999 -9999 -9999 -9999 -9999 -9999 -9999 -9999 -9999 -9999 -9999 -9999 -9999 -9999 -9999 -9999 -9999 -9999 -9999 -9999 -9999 -9999 -9999 -9999 -9999 -9999 9.98846399225295 10.0142826512456 9.85865351231769 9.8909268360585 9.97698903270066 9.86367380712181 10.1742149000056 10.1032135877758 9.72023681271821 9.49575791647658 9.68222600920126 9.43408000888303 9.28347116475925 9.3451490723528 9.25119784101844 9.35662403190508 9.55169834429398 9.36809899145737 9.4448377834633 9.42117067938671 9.41399882966653 9.37670521112159 9.56604204373434 9.74462110176682 9.50006102630869 9.552415529266 9.76398509601131 9.7317117722705 9.65855890512466 9.59831536747515
-9999 -9999 -9999 -9999 -9999 -9999 -9999 -9999 -9999 -9999 -9999 -9999 -9999 -9999 -9999 -9999 -9999 -9999 -9999 -9999 -9999 -9999 -9999 -9999 -9999 -9999 -9999 -9999 -9999 -9999 -9999 -9999 9.87243940122426 9.90347757306881 9.91459394013509 10.0652027842589 10.0903042582795 10.0544450096786 10.0099795414135 10.070223079063 9.85076447762549 9.75681324629113 9.65569016523659 9.41328164469451 9.43910030368716 9.46563614765182 9.29136019945145 9.4606158528477 9.2217932571657 9.2296822918579 9.29136019945145 9.3451490723528 9.15294349985197 9.36738180648535 9.43838311871514 9.57679981831461 9.62700276635587 9.7037415583618 9.7396008069627 9.77474287059158 9.75394450640306 9.75896480120718
-9999 -9999 -9999 -9999 -9999 -9999 -9999 -9999 -9999 -9999 -9999 -9999 -9999 -9999 -9999 -9999 -9999 -9999 -9999 -9999 -9999 -9999 -9999 -9999 -9999 -9999 -9999 -9999 -9999 -9999 -9999 -9999 8.54840041381026 10.3389467712707 9.92750326963142 10.2502365070395 10.1171986947302 10.0465559749864 9.83713796315715 9.73529769713059 9.61409343685955 9.71951962774619 9.57679981831461 9.53807182982564 9.63130587618798 9.85076447762549 9.38746298570186 9.21677296236157 9.65497298026457 9.60907314205542 9.21749014733359 9.27558213006705 9.27916805492714 9.48715169681236 9.49504073150456 9.74462110176682 9.91746268002316 9.82781455852091 9.91459394013509 9.86439099209383 9.77832879545167 9.77976316539571
-9999 -9999 -9999 -9999 -9999 -9999 -9999 -9999 -9999 -9999 -9999 -9999 -9999 -9999 -9999 -9999 -9999 -9999 -9999 -9999 -9999 -9999 -9999 -9999 -9999 -9999 -9999 -9999 -9999 -9999 -9999 -9999 -9999 8.54244180698617 10.0149998362176 10.1347697265446 10.11002684501 9.97591325524263 9.85363321751356 9.70230718841776 9.84646136779338 9.89953305572271 10.03006072063 10.1197088421322 9.82996611343697 9.73386332718655 9.67935726931319 9.52874842518941 9.68939785892144 9.57393107842654 9.29207738442346 9.35160373710096 9.59974973741919 9.29709767922759 9.43910030368716 9.61481062183157 9.7474898416549 9.94184696907178 9.99563584197313 9.95547348354012 9.89307839097455 9.82279426371679
-9999 -9999 -9999 -9999 -9999 -9999 -9999 14.7807018564308 12.5095773838881 12.6584719245788 6.49953839962836 6.48738211435266 5.73213290150606 12.527257096396 8.41999981179833 -9999 -9999 -9999 -9999 -9999 -9999 -9999 -9999 -9999 -9999 -9999 -9999 -9999 -9999 -9999 -9999 -9999 -9999 -9999 10.0240841791965 9.94005400664173 10.0454801975284 10.029702128144 10.390087576583 10.2272865879349 10.3061769348569 10.1168401022442 10.1842554896139 10.0824152235873 10.1060823276639 10.0494247148745 9.83642077818513 9.75753043126315 9.53807182982564 9.74103517690673 9.60261847730726 9.64995268546045 9.74533828673884 9.67433697450906 9.57536544837058 9.63130587618798 9.90670490544289 9.98989836219698 10.0142826512456 10.0773949287832 9.98200932750478 9.8629566221498
-9999 -9999 -9999 -9999 16.949999621138 14.963027707575 9.12389750848524 13.5488889422268 8.77936981664971 9.09256956493482 8.95253627356858 20.1839003558271 -9999 -9999 -9999 -9999 -9999 -9999 -9999 -9999 -9999 -9999 -9999 -9999 -9999 -9999 -9999 -9999 -9999 -9999 -9999 -9999 -9999 -9999 9.71928056608886 9.87730032159016 10.1326181716286 10.4639576287009 10.468260738533 10.547868270427 10.4503311142325 10.4897762876935 10.2258522179909 10.2064882237464 10.1232947669923 10.0917386282235 9.87299721175805 9.90383616555482 9.7474898416549 9.58755759289488 9.64134646579623 9.71019622310996 9.57895137323067 9.56245611887425 9.68366037914529 9.76541946595535 9.88232061639428 9.7833490902558 9.84215825796127 9.86008788226172 10.0106967263855 9.91961423493922
10.5048371721059 12.9833221857746 16.4862845665573 11.0692617450841 10.8056962678675 9.53520308993757 9.7687663291581 8.74486525077373 9.35303810704499 14.70972242176 -9999 -9999 -9999 -9999 -9999 -9999 -9999 -9999 -9999 -9999 -9999 -9999 -9999 -9999 -9999 -9999 -9999 -9999 -9999 -9999 -9999 -9999 -9999 -9999 13.6449996950105 9.93252356443554 10.4029969060794 10.4259468251839 9.95332192862406 10.547151085455 10.8548234384507 10.3233893741854 10.2903988654725 10.3276924840175 10.349208033178 10.1720633450896 10.1268806918524 9.9468672638759 9.89236120600253 9.86654254700989 9.73242895724252 9.89379557594657 9.67792289936915 9.79267249489203 9.85004729265347 9.85291603254154 9.90885646035895 9.82566300360486 9.89307839097455 9.85650195740163 9.91387675516307 9.93252356443554
11.8108310061507 11.8337809252553 11.6996673354879 10.3427533684298 10.4331186749041 10.2502365070395 10.0250404258259 9.00018310081214 10.0388263147324 15.5899996515363 -9999 -9999 -9999 -9999 -9999 -9999 -9999 -9999 -9999 -9999 -9999 -9999 -9999 -9999 -9999 -9999 -9999 -9999 -9999 -9999 -9999 -9999 -9999 -9999 -9999 10.3562364459038 9.59233882604167 7.63968320889398 10.5170293166302 10.549302640371 10.5715353745036 10.6088289930485 10.4410077095963 10.2559739868157 10.0451216050424 10.0881527033634 10.187841414474 10.0193029460497 9.98774680728093 9.9547562985681 9.83642077818513 9.78550064517185 9.77187413070351 9.86654254700989 9.63130587618798 9.64780113054439 9.89020965108648 9.92320015979931 9.97770621767268 9.90742209041491 9.78191472031176 9.88590654125437
11.7383953239769 11.7921841968782 11.7627796130255 11.5103305028751 11.6401409828104 10.5715353745036 9.79482404980808 9.81060211919248 8.87467573070899 -9999 -9999 -9999 -9999 -9999 -9999 -9999 -9999 -9999 -9999 -9999 -9999 -9999 -9999 -9999 -9999 -9999 -9999 -9999 -9999 -9999 -9999 -9999 -9999 -9999 -9999 -9999 9.34012877754867 9.27319151349366 10.1139713623561 10.5213324264623 10.4029969060794 10.4567857789807 10.470412293449 10.6116977329366 10.3778954320587 10.5442823455669 10.4474623743445 10.2588427267037 9.92320015979931 9.54739523446187 9.67792289936915 8.64589372463524 9.38315987586975 9.76398509601131 9.88662372622639 9.70159000344574 9.99204991711304 10.0164342061616 10.0458387900144 10.0085451714694 10.0372325703502 9.90885646035895
11.3303170748986 10.9243903807364 11.346095144283 11.2872859765776 11.6752830464393 10.2348170301411 10.2000335589983 10.0747652505524 12.7897884929553 -9999 -9999 -9999 -9999 -9999 -9999 -9999 -9999 -9999 -9999 -9999 -9999 -9999 -9999 -9999 -9999 -9999 -9999 -9999 -9999 -9999 -9999 -9999 -9999 -9999 -9999 -9999 -9999 -9999 -9999 5.02999988757074 6.77631203341298 8.71702159891891 10.5751212993637 10.5693838195875 10.6324960971251 10.387218836695 10.4151890506037 10.3606829927303 9.28777427459136 9.27558213006705 9.6879634889774 9.66429638490081 9.55026397434995 10.1397900213487 10.1319009866565 9.99922176683322 10.0401013102382 10.2150944434106 10.1792351948097 10.1146885473281 9.9267860846594 9.90240179561079
11.5698568555526 11.5985442544334 11.6121707689017 11.8753776536323 11.4759056242183 10.8698843228631 10.4847559928894 10.905026386492 14.3049996802583 -9999 -9999 -9999 -9999 -9999 -9999 -9999 -9999 -9999 -9999 -9999 -9999 -9999 -9999 -9999 -9999 -9999 -9999 -9999 -9999 -9999 -9999 -9999 -9999 -9999 -9999 -9999 -9999 -9999 -9999 -9999 -9999 -9999 -9999 11.4675012470312 10.6425366867334 10.8003173805773 10.3821985418908 10.1828211196698 10.3671376574785 10.1189916571602 9.93180637946352 9.44268622854725 9.87801750656217 10.2566911717877 10.1146885473281 10.2093569636345 10.2029022988863 10.1534165358171 10.1397900213487 9.96336251823232 9.32506789313629 9.76183354109526
11.4515213351697 11.6200598035939 11.8323465553112 11.8022247864865 11.4142277166247 10.9602496293373 10.430249935016 10.627475802321 10.5561158976052 14.1199996843934 -9999 -9999 -9999 -9999 -9999 16.1899624452926 -9999 -9999 -9999 -9999 -9999 -9999 -9999 -9999 -9999 -9999 -9999 -9999 -9999 -9999 -9999 -9999 -9999 -9999 -9999 -9999 -9999 -9999 -9999 -9999 -9999 -9999 -9999 -9999 8.78499980363995 9.87730032159016 10.9222388258204 10.547868270427 10.5270699062385 10.4869075478055 10.5543229351752 10.6439710566774 9.42690815916285 10.0730918189511 10.2193975532427 9.6442152056843 10.2674489463679 10.2394787324592 10.0508590848185 9.92750326963142 9.83570359321311 9.75322732143104
11.4278542310931 11.6315347631462 11.625080098398 11.3575701038353 11.1316568376496 11.0728476699442 10.1605883855373 10.6948911896907 10.7135379989631 10.941823492364 16.4099996332079 -9999 -9999 -9999 -9999 -9999 -9999 -9999 -9999 -9999 -9999 -9999 -9999 -9999 -9999 -9999 -9999 -9999 -9999 -9999 -9999 -9999 -9999 -9999 -9999 -9999 -9999 -9999 -9999 -9999 -9999 -9999 -9999 -9999 -9999 12.5599997192621 9.46157209947705 10.5722525594756 10.5557573051192 10.3707235823385 10.4324014899321 10.5213324264623 10.5794244091958 10.4904934726655 9.96551407314837 9.911008015275 10.2437818422914 10.1591540155932 10.0752433738671 10.1024964028038 9.91961423493922 9.93108919449151
11.984389769379 11.8015076015145 11.2765282019973 11.0843226294965 11.0039979126304 10.9487746697851 10.9372997102328 10.8325907043181 10.6776787503622 10.7952970857732 10.7336191781797 14.6135246781632 -9999 -9999 18.3346856199637 18.9549995763227 19.3599995672703 24.8374814685071 -9999 -9999 -9999 -9999 -9999 -9999 -9999 -9999 -9999 -9999 -9999 -9999 -9999 -9999 -9999 -9999 -9999 -9999 -9999 -9999 -9999 -9999 -9999 -9999 -9999 -9999 -9999 8.8399998024106 10.2349997712299 8.8437744130016 10.9401684501208 10.8003173805773 10.6805474902503 10.5966368485242 10.6540116462857 10.6418195017613 10.4180577904917 10.3929563164711 9.61552780680358 10.1978820040822 10.0967589230277 10.0436872350983 10.1548509057611 9.84753714525141
12.1579485326074 12.0955534400418 12.2052827407606 11.4271370461211 11.30593278585 11.3898434275761 11.3747825431637 11.2743766470812 11.267204797361 11.2112643695436 10.9925229530782 11.051001112335 17.5749996071681 17.6974852564745 8.92669922521768 9.20511870656628 8.29160434845835 13.381147053026 -9999 -9999 -9999 -9999 -9999 -9999 -9999 -9999 -9999 -9999 -9999 -9999 -9999 -9999 -9999 -9999 -9999 -9999 -9999 -9999 -9999 -9999 -9999 -9999 -9999 -9999 -9999 -9999 -9999 -9999 11.0047150976025 10.7271645134315 10.7400738429278 10.6755271954462 10.7006286694668 10.7164067388512 10.4818872530013 10.4065828309394 10.1225775820203 10.1749320849776 10.34992521815 9.76135541778058 9.98165073501877 10.0666371542029
12.2059999257326 12.2354045095854 11.7211828846484 11.5368663468398 11.5494170838501 11.9284493415616 11.8746604686603 11.4199651964009 11.3697622483596 11.184728525579 10.9000060916878 11.0197759820148 10.7278816984035 10.684707163088 9.7872936076019 9.89479963490739 16.7899996247143 -9999 -9999 -9999 -9999 -9999 -9999 -9999 -9999 -9999 -9999 -9999 -9999 -9999 -9999 -9999 -9999 -9999 -9999 -9999 -9999 -9999 -9999 -9999 -9999 -9999 -9999 -9999 -9999 -9999 -9999 -9999 10.7300332533196 11.0549180456437 10.9681386640295 10.8770561725833 10.8849452072755 10.6446882416494 10.4187749754637 10.3795688636601 10.1161229172722 9.99683115025982 10.108951067552 9.9665898506064 9.98631243733689 10.0049592466094
12.220343625173 12.3350932206959 11.7513046534732 11.7868053095881 10.9674214790575 10.707800519187 11.0714133000001 11.6100192139857 11.2485579880886 10.6109805479646 10.788842421025 10.8648640280589 10.8211157447658 10.4946172862547 10.0998667245731 9.13868944853311 17.0699996184558 -9999 -9999 -9999 -9999 -9999 -9999 -9999 -9999 -9999 -9999 -9999 -9999 -9999 -9999 -9999 -9999 -9999 -9999 -9999 -9999 -9999 -9999 -9999 -9999 -9999 -9999 -9999 -9999 -9999 -9999 -9999 10.8297219644301 10.9588152593933 11.0190587970428 11.1101412884891 10.9000060916878 10.0250404258259 10.0114139113575 10.0451216050424 10.0353200770915 9.98583431402221 10.1806695647538 10.1570024606772 9.86510817706585 9.92511265305802
12.4297616370022 12.1278267637827 11.8038982180879 11.7545319858473 11.9592882953584 11.8603167692199 11.6171910637058 11.2198705892079 10.9208044558764 10.709055592888 10.6748100104742 10.3642689175904 10.4926450275816 10.3700063973665 10.0813394461293 6.69999985024333 -9999 -9999 -9999 -9999 -9999 -9999 -9999 -9999 -9999 -9999 -9999 -9999 -9999 -9999 -9999 -9999 -9999 -9999 -9999 -9999 -9999 -9999 -9999 -9999 -9999 -9999 -9999 -9999 -9999 -9999 -9999 -9999 10.8397625540383 10.7687612418085 10.7759330915287 11.0907772942446 10.1189916571602 11.0599383404478 10.1101463758387 10.1192307188176 10.1562852757052 10.2366099925712 10.2419888798613 9.97866246430203 10.3449049233459 10.0738090039231
12.4484084462747 11.9775765121449 12.0105670208577 11.6635690252297 11.7799920523539 12.0761894457974 11.9621570352465 11.227401031414 10.7601550221443 10.3800469869748 10.348490848206 10.310838637175 10.2502365070395 9.89845727826469 10.3051011573989 -9999 -9999 -9999 -9999 -9999 -9999 -9999 -9999 -9999 -9999 -9999 -9999 -9999 -9999 -9999 -9999 -9999 -9999 -9999 -9999 -9999 -9999 -9999 -9999 -9999 -9999 -9999 -9999 -9999 -9999 -9999 -9999 -9999 -9999 4.48499989975244 9.88098870144625 10.8799249124713 10.9731589588337 10.9566637044773 10.9351481553167 10.2907574579585 10.269600501284 10.0597043661401 10.0329294605181 10.1397900213487 10.5120090218261 10.3047425649129
12.0769066307694 11.9537898772396 12.2698293882422 12.1873531164601 12.0668660411611 12.1055940296501 12.0087740584277 11.6824548961595 10.985351103358 10.8727530627511 10.3700063973665 10.4070609542541 9.98129214253277 9.72167118266225 12.5378653184511 7.66668848302215 -9999 -9999 -9999 -9999 -9999 -9999 -9999 -9999 -9999 -9999 -9999 -9999 -9999 -9999 -9999 -9999 -9999 -9999 -9999 -9999 -9999 -9999 -9999 -9999 -9999 -9999 -9999 -9999 -9999 -9999 8.8751060416922 8.88985614595003 8.59499980788678 -9999 11.5949583295733 10.6921249047986 10.8899655020796 10.9021576466039 10.1932203017641 10.1264025685377 10.0573137495667 9.97890152595937 10.2896816805005 10.1684774202295 10.3287682614755 10.4413663020823
12.0723644592799 12.5222784983926 12.061845746357 12.0310067925602 12.1213720990345 11.7685170928016 11.5378225934692 11.3905606125481 11.2076784446836 11.106555363629 11.0699789300561 9.68509474908933 10.3955859947018 9.77230444168672 13.2673713204086 -9999 -9999 -9999 -9999 -9999 -9999 -9999 -9999 -9999 -9999 -9999 -9999 -9999 -9999 -9999 -9999 -9999 -9999 -9999 -9999 -9999 -9999 -9999 -9999 -9999 -9999 -9999 -9999 -9999 -9999 -9999 -9999 -9999 8.44866785733029 9.42031005742028 9.7596819861792 9.57106233853847 10.7852564961649 10.5614947848953 10.7967314557172 10.8754168926472 10.5662760180421 10.2957777527627 10.4087343858555 10.3398846285418 10.1950132641941 10.0949659605976
12.5574205620214 12.5653095967136 12.4649037006311 11.822305965703 11.8574480293319 12.3300729258917 10.8933123652823 10.9174575926736 10.828287594486 10.7533417649101 10.4888200410642 10.4214046536945 9.65891749761067 8.97830895916559 14.5599996745586 -9999 -9999 -9999 -9999 -9999 -9999 -9999 -9999 -9999 -9999 -9999 -9999 -9999 -9999 -9999 -9999 -9999 -9999 -9999 -9999 -9999 -9999 -9999 -9999 -9999 -9999 -9999 -9999 -9999 -9999 -9999 -9999 -9999 -9999 -9999 9.7754600555636 8.74289299210068 10.149830610957 8.73841058602557 10.6547288312577 10.7615893920884 10.6898708948866 9.92492140373215 10.4234366777819 10.0275505732279 8.86119265323505 9.67247229358181
12.4684896254912 12.459883405827 12.3895992785692 12.4111148277298 12.2705465732142 12.0998565498739 11.1976378550753 10.8817178749014 10.7554933198262 10.5442823455669 10.3628345476463 10.2588427267037 10.0350810154341 9.09894971695862 14.648562423978 -9999 -9999 -9999 -9999 -9999 -9999 -9999 -9999 -9999 -9999 -9999 -9999 -9999 -9999 -9999 -9999 -9999 -9999 -9999 -9999 -9999 -9999 -9999 -9999 -9999 -9999 -9999 -9999 -9999 -9999 -9999 -9999 -9999 -9999 -9999 -9999 -9999 12.929999710992 9.38567002327181 10.350642403122 10.430249935016 10.5801415941678 10.6525772763416 10.7407910278998 9.38244269089773 10.190889450605 10.1727805300616
