EcologicalScience/Bass/data/rs_data_bass/sst_401.asc
NCOLS 226 
NROWS 124 
XLLCORNER -9.41648524995501 
YLLCORNER 47.587301625531 
CELLSIZE 0.0833 
NODATA_value -9999 
[rows 54 to 80 of 124, columns 0 to 61 of 226]
-9999 -9999 -9999 -9999 -9999 -9999 -9999 -9999 -9999 -9999 -9999 -9999 -9999 -9999 -9999 -9999 -9999 -9999 -9999 -9999 -9999 -9999 -9999 -9999 -9999 -9999 -9999 -9999 -9999 -9999 -9999 -9999 -9999 -9999 -9999 -9999 -9999 -9999 11.8014641357586 14.8034048327245 14.4152165135369 14.4830622118898 14.6652271947823 14.9162419349886 14.8796655014157 14.7254707324319 14.7570268712007 14.9004638656043 14.8947263858281 14.9858088772744 15.1098818774335 15.366634097416 15.3644825424999 15.5201116814278 15.7359843580052 15.766823311802 15.7094485140406 15.688650149852 11.2514841027744 -9999 -9999 15.6348612769507
-9999 -9999 -9999 -9999 -9999 -9999 -9999 -9999 -9999 -9999 -9999 -9999 -9999 -9999 -9999 -9999 -9999 -9999 -9999 -9999 -9999 -9999 -9999 -9999 -9999 -9999 -9999 -9999 -9999 -9999 -9999 -9999 -9999 -9999 -9999 -9999 -9999 -9999 10.2749997703359 15.0656554708257 14.5296792350709 14.8369929955807 14.7796181978192 15.0546586345881 14.6257820213214 14.6953489636071 14.7347941370681 14.7405316168442 14.8854029811919 15.0388805652037 15.370220022276 15.3946043113247 15.5050507970154 15.6592455659993 15.5896786237136 15.7818841962144 15.567445889581 15.9446851848625 6.8049998478964 13.6649996945634 -9999 10.5649997638538
-9999 -9999 -9999 -9999 -9999 -9999 -9999 -9999 -9999 -9999 -9999 -9999 -9999 -9999 -9999 -9999 -9999 -9999 -9999 -9999 -9999 -9999 -9999 -9999 -9999 -9999 -9999 -9999 -9999 -9999 -9999 -9999 -9999 -9999 -9999 -9999 -9999 -9999 -9999 14.8070505229989 15.4225745252334 14.8646046170034 14.9850916923024 15.0324259004556 14.6702474895865 14.7448347266763 12.7015747413971 14.8789483164437 14.7677846457809 14.7742393105291 15.0754569987766 15.0388805652037 15.2052674787119 15.368785652332 15.5487990803085 15.9611804392189 16.0135349421762 16.00421153754 16.0752128497697 12.5349997198209 6.98999984376132 -9999
-9999 -9999 -9999 -9999 -9999 -9999 -9999 -9999 -9999 -9999 -9999 -9999 -9999 -9999 -9999 -9999 -9999 -9999 -9999 -9999 -9999 -9999 -9999 -9999 -9999 -9999 -9999 -9999 -9999 -9999 -9999 -9999 -9999 -9999 -9999 -9999 -9999 -9999 -9999 11.0999997518957 15.7673014351167 15.7163813021034 14.9599902182817 12.0747550758533 14.9915463570505 14.7520065763965 14.9205450448208 14.9434949639253 14.8022095244378 14.9850916923024 14.930585634429 14.7771080504172 14.7010864433832 14.5633869287558 14.8222907036543 14.9499496286735 16.0300301965326 15.8285012193955 16.0615863353014 16.1325876475312 16.2867824165151 -9999
-9999 -9999 -9999 -9999 -9999 -9999 -9999 -9999 -9999 -9999 -9999 -9999 -9999 -9999 -9999 -9999 -9999 -9999 -9999 -9999 -9999 -9999 -9999 -9999 -9999 -9999 -9999 -9999 -9999 -9999 -9999 -9999 -9999 -9999 -9999 -9999 -9999 -9999 -9999 -9999 14.9713456470054 15.5000305022113 14.9628589581698 15.0202337559313 15.010193166323 15.0819116635248 14.9936979119666 14.929868449457 14.9090700852685 14.7211676225998 14.9241309696808 14.8201391487382 15.0467695998959 15.2841578256339 15.1665394902229 15.4777977680787 15.4311807448976 15.7202062886208 15.9920193930157 16.045808265917 16.1749015608802 13.5649996967986
-9999 -9999 -9999 -9999 -9999 -9999 -9999 -9999 -9999 -9999 -9999 -9999 -9999 -9999 -9999 -9999 -9999 -9999 -9999 -9999 -9999 -9999 -9999 -9999 -9999 -9999 -9999 -9999 -9999 -9999 -9999 -9999 -9999 -9999 -9999 -9999 -9999 -9999 -9999 11.9499997328967 12.3498672311194 15.964766364079 15.6327097220346 15.0431836750358 14.6472975704819 15.0051728715189 11.5598162659444 14.8739280216396 14.7075411081314 14.8007751544937 14.6308023161255 14.6953489636071 15.3078249297105 15.3580278777517 15.2690969412215 14.772087755613 15.8148747049272 15.527283531148 15.9497054796666 16.0178380520083 -9999 -9999
-9999 -9999 -9999 -9999 -9999 -9999 -9999 -9999 -9999 -9999 -9999 -9999 -9999 -9999 -9999 -9999 -9999 -9999 -9999 -9999 -9999 -9999 -9999 -9999 -9999 -9999 -9999 -9999 -9999 -9999 -9999 -9999 -9999 -9999 -9999 -9999 -9999 -9999 -9999 15.4341782102934 15.7761467164382 15.8299355893396 15.8184606297873 15.6126285428181 15.0302743455395 14.9599902182817 14.4690771049354 15.0367290102877 15.1138263947796 14.9732581402641 15.1105990624055 14.9607074032538 15.1593676405028 15.6169316526502 15.8550370633602 15.1887722243555 14.9571214783937 14.5099996756762 17.0950498799793 17.0183110879734 17.2922757472843 17.6989196264185
-9999 -9999 -9999 -9999 -9999 -9999 -9999 -9999 -9999 -9999 -9999 -9999 -9999 -9999 -9999 -9999 -9999 -9999 -9999 -9999 -9999 -9999 -9999 -9999 -9999 -9999 -9999 -9999 -9999 -9999 -9999 -9999 -9999 -9999 -9999 -9999 -9999 -9999 -9999 15.7022766643204 15.3540833604056 15.4125339356251 15.1880550393835 15.5201116814278 14.4023789025377 14.6178929866292 14.889706091024 15.169766822597 15.127811501734 14.772804940585 15.2777031608857 15.0367290102877 15.0790429236367 15.4677571784705 15.5982848433778 15.8951994217932 16.1196783180349 16.3852758193389 17.0505844117142 17.2607196085155 17.2427899842151 17.1947385910898
-9999 -9999 -9999 -9999 -9999 -9999 -9999 -9999 -9999 -9999 -9999 -9999 -9999 -9999 -9999 -9999 -9999 -9999 -9999 -9999 -9999 -9999 -9999 -9999 -9999 -9999 -9999 -9999 -9999 -9999 -9999 -9999 -9999 -9999 -9999 -9999 -9999 -9999 15.0599179910496 15.9174321559258 14.9858088772744 14.8158360389061 15.1005584727973 15.1464583110064 15.1450239410624 15.089800698217 15.1973784440197 14.5268104951829 14.3955656453036 14.9951322819106 15.3773918719962 15.2784203458577 15.2461470221169 15.4505447391421 16.0199896069244 15.8751182425767 15.9970396878198 16.5872829197906 16.843317954801 16.9946439838968 16.9322488913313 17.1703543020412
-9999 -9999 -9999 -9999 -9999 -9999 -9999 -9999 -9999 -9999 -9999 -9999 -9999 -9999 -9999 -9999 -9999 -9999 -9999 -9999 -9999 -9999 -9999 -9999 -9999 -9999 -9999 -9999 -9999 -9999 -9999 -9999 -9999 -9999 -9999 -9999 -9999 -9999 15.9468367397785 15.6398815717548 14.9836573223583 14.851695287507 14.6810052641667 14.9843745073304 14.9499496286735 15.0302743455395 14.8574327672832 14.9434949639253 15.5746177393012 15.5380413057283 15.6700033405796 15.648487791419 15.4376354096457 15.3644825424999 15.5574052999727 15.7431562077254 15.8557542483322 16.2767418269068 16.4072694918141 16.8139133709483 16.9150364520028 17.0118564232253
-9999 -9999 -9999 -9999 -9999 -9999 -9999 -9999 -9999 -9999 -9999 -9999 -9999 -9999 -9999 -9999 -9999 -9999 -9999 -9999 -9999 -9999 -9999 -9999 -9999 -9999 -9999 -9999 -9999 -9999 -9999 -9999 -9999 -9999 -9999 -9999 -9999 15.5605131015182 15.4745704357047 14.8552812123671 14.5296792350709 14.691763038747 15.2848750106059 15.3551591378637 15.3085421146825 14.6802880791947 15.1988128139637 15.4713431033306 15.5853755138814 15.9497054796666 15.9489882946946 15.5602740398608 15.3838465367444 15.4060792708769 15.3745231321082 15.7338328030892 15.8951994217932 15.9891506531276 16.2724387170747 16.7522354633547 16.9803002844565 17.1732230419293
-9999 -9999 -9999 -9999 -9999 -9999 -9999 -9999 -9999 -9999 -9999 -9999 -9999 -9999 -9999 -9999 -9999 -9999 -9999 -9999 -9999 -9999 -9999 -9999 -9999 -9999 -9999 -9999 -9999 -9999 -9999 -9999 -9999 -9999 -9999 -9999 -9999 15.7971841422841 15.3426084008534 14.7828455301933 14.533265159931 14.6802880791947 14.7125614029355 14.7182988827117 14.81009855913 14.7376628769562 15.1457411260344 15.4354838547297 15.5868098838255 16.0027771675959 15.4727774732746 15.8923306819052 15.4046449009329 15.5531021901406 15.5208288663998 15.4154026755132 15.9755241386592 16.2150639193133 16.4230475611985 16.6066469140351 16.9071474173106 16.9706182873342
-9999 -9999 -9999 -9999 -9999 -9999 -9999 -9999 -9999 -9999 -9999 -9999 -9999 -9999 -9999 -9999 -9999 -9999 -9999 -9999 -9999 -9999 -9999 -9999 -9999 -9999 -9999 -9999 -9999 -9999 -9999 -9999 -9999 -9999 -9999 10.8741553199352 15.2537969951518 15.434288546443 15.4028519385029 14.9750511026941 15.3594622476958 14.9671620680019 14.8366344030946 15.1593676405028 15.2777031608857 15.2913296753541 15.1744285249151 15.4333322998136 15.2934812302701 15.3809777968563 15.6312753520906 15.9532914045267 15.3630481725559 15.5236976062879 15.4110995656811 15.5079195369035 15.7596514620818 16.2208013990894 16.3118838905357 16.3871883125976 16.5557267810218 17.3726004641503
-9999 -9999 -9999 -9999 -9999 -9999 -9999 -9999 -9999 -9999 -9999 -9999 -9999 -9999 -9999 -9999 -9999 -9999 -9999 -9999 -9999 -9999 -9999 -9999 -9999 -9999 -9999 -9999 -9999 -9999 -9999 22.6567267979826 23.664999471046 -9999 -9999 12.6026032152586 15.3608966176398 15.2915687370114 15.3924527564086 14.8674733568914 14.970747992862 15.2454298371449 15.4777977680787 15.28989530541 14.9155247500166 15.0819116635248 15.3343607736751 15.3164311493747 15.4318979298696 15.6678517856635 15.6126285428181 15.725226583425 15.9393062975723 15.7567827221937 15.7696920516901 15.4189886003733 15.5566881150007 16.2978987835813 16.1325876475312 16.4151585265063 16.9128848970868 16.524887827225
-9999 -9999 -9999 -9999 -9999 -9999 -9999 -9999 -9999 -9999 -9999 -9999 -9999 -9999 -9999 -9999 -9999 -9999 -9999 -9999 -9999 -9999 -9999 -9999 -9999 -9999 -9999 -9999 -9999 12.8123399759643 8.97772704349019 15.6678517856635 16.1397594972514 7.33963426652675 15.3958235257771 13.0960816440817 15.6198003925383 15.5523850051686 14.8459578077309 15.0274056056514 15.2626422764733 14.7735221255571 15.1758628948592 15.3515732130036 15.0991241028532 15.4569994038902 15.3537247679196 15.0862147733569 15.2303689527325 15.2683797562495 15.3601794326678 15.3350779586472 15.3953214962967 15.6814783001319 15.0646992241964 14.929868449457 15.9697866588831 16.3961531247478 16.6794411886949 16.6460920874961 16.8558686918113 16.8798943883739
-9999 -9999 -9999 -9999 -9999 -9999 -9999 -9999 -9999 -9999 -9999 -9999 -9999 -9999 -9999 -9999 -9999 -9999 -9999 -9999 -9999 -9999 16.5719564113145 16.4309365958907 16.3742789831012 16.362804023549 15.7897732309066 16.0787987746298 14.982701075729 15.0084719223902 15.8600573581643 15.9712210288271 15.887310387101 15.2995773025323 15.6807611151598 15.60617387807 15.0790429236367 14.7168645127676 14.6659443797544 14.6767021543346 15.011627536267 15.7453077626415 15.8765526125208 15.8944822368212 15.9891506531276 15.2253486579284 15.7338328030892 15.6613971209154 15.0467695998959 15.2540360568091 15.5846583289094 15.6499221613631 15.6241035023704 15.3135624094866 15.967993696453 15.7596514620818 16.1060518035665 16.2900097488891 17.2027580230497 13.5549996970221 -9999 -9999
-9999 -9999 -9999 -9999 -9999 -9999 -9999 -9999 -9999 -9999 -9999 -9999 -9999 -9999 -9999 -9999 -9999 -9999 -9999 -9999 -9999 12.3077666343261 15.8801385373808 16.1110720983706 16.1935483701527 16.2028717747889 16.2172154742293 16.1211126879789 14.9406262240373 16.0400707861409 15.366992689902 15.8335215141997 15.6800439301878 15.8399761789478 15.6549424561672 15.8550370633602 14.413495269604 14.8316141082905 15.3114108545706 15.5158085715957 15.1321146115661 16.0235755317844 16.1698812660761 16.2745902719907 16.3097323356196 16.1060518035665 15.9561601444148 16.045091080945 15.9203008958139 15.5954161034897 15.2396923573688 15.2526016868651 15.2927640452981 15.7930005632807 16.0260856791865 15.1163365421817 13.6049996959046 -9999 -9999 -9999 -9999 -9999
-9999 -9999 -9999 -9999 -9999 -9999 -9999 -9999 -9999 -9999 -9999 -9999 -9999 -9999 -9999 -9999 -9999 6.88018432352692 12.353500968311 15.9664397956803 15.5356028768234 16.1021072862204 16.0257270867005 16.0199896069244 16.0587175954133 16.2903683413751 16.1605578614399 16.1763359308243 15.8908963119611 16.0773644046858 16.2294076187536 15.8033997453749 16.1813562256284 15.5366069357842 16.3599352836609 14.6645100098103 14.2901394544169 14.5490432293154 15.7804498262703 16.045808265917 16.0544144855812 16.1576891215518 16.0802331445739 16.0580004104413 16.0271614566445 16.045808265917 15.7237922134809 15.328623293899 15.3953214962967 15.7159031787887 15.9217352657579 14.2787948921323 12.6599997170269 -9999 -9999 -9999 -9999 -9999 -9999 -9999 -9999 -9999
-9999 -9999 -9999 -9999 -9999 -9999 -9999 -9999 -9999 -9999 -9999 -9999 -9999 -9999 -9999 -9999 -9999 15.8113684672862 15.8700979477726 15.3565935078077 16.045091080945 16.3333994396962 15.7402874678373 16.0113833872601 15.9812616184354 16.0379192312248 15.9920193930157 15.9575945143588 15.9590288843028 16.0637378902175 15.9769585086033 15.3601794326678 16.6948606655933 15.5997192133218 16.5550095960498 14.172521119006 15.0274056056514 15.0862147733569 16.1598406764679 16.1698812660761 16.1103549133986 16.5198675324209 16.3047120408155 16.0013427976519 16.1777703007683 16.2724387170747 15.9633319941349 15.8306527743116 16.0300301965326 15.6800439301878 16.8833368762396 14.9949996648356 -9999 -9999 -9999 -9999 -9999 -9999 -9999 -9999 -9999 -9999
-9999 -9999 -9999 -9999 -9999 -9999 -9999 -9999 -9999 -9999 -9999 -9999 -9999 15.5387584907003 14.3891109805554 14.8065126342699 16.0701925549656 15.9719382137991 16.2193670291454 16.0379192312248 15.9016540865414 16.1483657169156 16.2258216938935 16.1082033584826 15.9898678380996 16.1806390406564 16.3061464107595 15.409665195737 15.6398815717548 15.7424390227534 15.9303414854221 15.3953214962967 15.3365123285912 12.4950254694559 12.8550523254089 14.6630756398663 14.2908566393889 16.3735617981292 16.364955578465 16.4011734195519 14.769936200697 16.5209433098789 16.5761665527243 16.4108554166742 16.3018433009274 15.7015594793484 15.8951994217932 15.648487791419 15.804834115319 16.152907888405 15.8089579289081 16.4497268421575 14.9249996664003 -9999 -9999 -9999 -9999 -9999 -9999 22.1421494724345 21.7549995137379 -9999
-9999 -9999 -9999 -9999 -9999 -9999 -9999 -9999 -9999 -9999 20.9849995309487 16.2294076187536 14.3216955931857 14.6250648363493 15.2992187100463 15.091235068161 16.3341166246682 16.6231421683915 16.4165928964503 16.3520462489687 16.3090151506476 16.4510177751072 16.6331827579997 16.4115726016462 16.3950773472898 16.9250770416111 16.3764305380173 15.8672292078845 16.1024658787064 15.7782982713543 15.7352671730332 15.6499221613631 14.5024262061343 16.2301248037256 15.2117221434601 15.170125415083 15.0546586345881 16.2423169482499 16.4553208849393 16.0881221792661 16.442411555443 16.6152531336993 16.4072694918141 16.40224919701 16.3276619599201 15.9203008958139 16.047242635861 15.726660953369 16.2071748846211 16.5521408561617 15.4713431033306 14.8219321111683 10.0735236722676 -9999 -9999 -9999 17.4556743900757 17.9782631730195 17.5866801782977 17.4851985047571 17.6917477766983 17.7899996023625
-9999 -9999 -9999 -9999 -9999 -9999 -9999 20.251473481827 12.3430847103841 14.8885585950688 14.172521119006 15.4304635599256 16.2946714512073 15.888027572073 16.0658894451335 16.0823846994899 16.5894344747066 16.7464979835786 16.4517349600792 16.0422223410569 16.8971068277024 16.9559159954078 16.7041840702295 16.5944547695108 16.5464033763856 16.7099215500057 16.1903210377786 16.3047120408155 15.6276894272305 15.8622089130804 15.2242728804704 15.4742118432187 15.6337854994927 15.2027573313098 14.2965941191651 14.135227500461 15.5093539068475 14.8552812123671 16.7167348072398 16.644657717552 16.6747794863768 16.6102328388952 16.644657717552 16.3893398675136 16.524887827225 16.1110720983706 16.3097323356196 16.2401653933339 16.2932370812632 15.7646717568859 15.6922360747121 16.7153004372958 16.6097547155805 15.4275948200375 17.3635161211714 17.0885952152312 16.7371745789424 17.5655232216232 17.5024109440856 17.7813958982006 17.6272011292167 13.9759616625157
-9999 -9999 -9999 -9999 -9999 15.7090899215546 16.0601519653574 16.0949354365002 15.7919247858226 14.7620471660048 14.7469862815924 15.1600848254748 16.4768364340998 15.7926419707946 16.0759300347418 15.7955107106827 15.9167149709538 16.9422894809395 16.7787713073194 16.682668521069 16.9566331803799 16.7206793245859 16.6224249834195 16.6087984689511 16.923642671667 16.644657717552 16.08597062435 16.4976347982883 15.1672566751949 15.6420331266709 15.1550645306706 15.9999084277079 14.214835032355 16.4800637664739 15.4193471928593 15.6115527653601 16.5263221971691 15.7897732309066 16.2279732488096 16.1297189076431 16.3420056593604 16.204306144733 16.4868770237081 16.562898630742 16.7156590297818 16.4115726016462 16.602343804203 16.5758079602383 16.365672763437 15.9999084277079 16.2753074569628 16.8178578882944 16.7138660673518 17.3874222869053 17.7811568365432 17.280800787732 16.7909634518437 16.7149418448098 17.2054963656701 17.0498672267422 17.43822288909 17.1811120766215
-9999 -9999 -9999 -9999 -9999 15.1084475074895 15.128528686706 15.6570940110832 15.5896786237136 15.2662282013334 15.3408154384233 15.6771751902997 15.4699087333865 16.4481490352191 16.1110720983706 15.5251319762319 16.7551042032428 16.2753074569628 16.0594347803853 16.4775536190718 16.9982299087569 16.4954832433723 16.6245765383355 16.3900570524856 16.4416943704709 16.3075807807036 16.1207540954929 16.3448743992485 15.8148747049272 15.6018707682379 15.3444013632834 15.3128452245146 16.2114779944532 16.4251991161145 16.005645907484 16.7052598476876 16.325510405004 15.9203008958139 15.8134403349832 16.0350504913367 15.9116946761496 16.2946714512073 16.5507064862177 16.5155644225888 16.4696645843796 16.6095156539232 16.6740623014048 16.7278511743061 16.5923032145947 16.7178105846979 16.6353343129158 16.8117618160322 16.7604830905329 16.8551515068393 16.6625873418525 16.4911801335402 16.4933316884562 17.160313712433 16.9315317063592 17.3421201028395 17.360766912112 17.5891903256997
-9999 -9999 -9999 -9999 -9999 15.8127231500112 15.9805444334634 16.1368907573633 16.3893398675136 16.6353343129158 16.1584063065238 15.0826288484968 16.0185552369803 15.1837519295514 16.0967283989303 16.4201788213104 17.159596527461 17.1782433367334 17.0642109261826 17.0469984868541 16.2631153124385 16.6661732667126 16.3412884743884 16.3054292257875 16.524170642253 16.484725468792 16.3126010755077 15.9841303583235 15.3013702649623 15.5617084098049 15.5251319762319 16.6152531336993 16.601985211717 15.3049561898224 16.2874996014871 16.163426601328 16.006363092456 16.046525450889 16.1189611330628 16.0938596590422 16.3434400293045 16.4158757114783 16.4287850409746 16.5923032145947 15.9697866588831 16.5973235093988 16.5686361105181 16.7142246598378 16.5578783359379 16.4589068097994 16.48400828382 17.199041700922 16.7084871800616 16.642506162636 16.9049958623946 16.5033722780645 16.3914914224297 16.7027497002855 16.8497726195492 17.1330606834963 17.1649754147511 17.3769035739824
-9999 -9999 -9999 -9999 -9999 16.0967283989303 16.5836969949305 16.2695699771866 16.4818567289039 16.4015320120379 17.0046845735051 16.3721274281852 16.6109500238672 16.9250770416111 16.6805169661529 16.7852259720676 16.6891231858172 16.2265388788655 16.4223303762265 15.9310586703941 16.9752799896523 16.5933789920527 16.1698812660761 16.1756187458523 16.1842249655165 16.3448743992485 15.9238868206739 16.5399487116374 16.0293130115606 15.6520737162791 15.6940290371422 15.44982755417 15.2999358950183 15.3149967794307 15.8715323177166 15.8098544101231 15.9554429594427 16.0529801156372 16.1383251273073 16.2272560638376 16.2996917460114 16.1397594972514 17.2184056951664 16.8877834230661 16.3836023877375 16.5736564053223 16.5614642607979 16.4947660584003 16.8454695097171 16.9551988104358 16.5758079602383 15.808420040179 16.4259163010865 16.5098269428127 15.9414578524884 17.1784823983908 16.7127902898937 16.7737510125153 16.8637577265035 17.159596527461 17.079988995567 16.961294882698
-9999 -9999 -9999 -9999 -9999 16.2358622835018 16.2301248037256 16.1096377284266 16.4553208849393 16.3197729252279 16.1340220174752 16.7931150067598 16.2946714512073 16.2996917460114 16.5363627867773 16.4302194109187 16.4187444513664 16.3097323356196 16.4585482173134 16.2753074569628 16.5435346364975 16.3448743992485 16.1318704625592 16.0909909191541 15.9834131733514 16.0895565492101 16.3800164628774 15.9565187369008 16.4581896248274 15.8661534304265 15.2999358950183 16.3036362633575 16.1745429683942 15.8098544101231 15.9346445952542 15.9540085894987 15.9525742195547 16.0709097399376 16.0293130115606 16.0027771675959 16.2817621217109 16.0787987746298 16.165578156244 16.6410717926919 16.4230475611985 16.1490829018876 16.3140354454517 16.682668521069 16.9049958623946 16.3341166246682 16.4273506710306 16.8368632900529 16.4746848791838 16.8902935704682 16.3599352836609 16.9935682064388 17.04018522962 16.5808282550424 16.5349284168333 16.5521408561617 16.6697591915727 16.681234151125
