EcologicalScience/Bass/data/rs_data_bass/sst_53.asc
NCOLS 226 
NROWS 124 
XLLCORNER -9.41648524995501 
YLLCORNER 47.587301625531 
CELLSIZE 0.0833 
NODATA_value -9999 
[rows 54 to 80 of 124, columns 0 to 61 of 226]
-9999 -9999 -9999 -9999 -9999 -9999 -9999 -9999 -9999 -9999 -9999 -9999 -9999 -9999 -9999 -9999 -9999 -9999 -9999 -9999 -9999 -9999 -9999 -9999 -9999 -9999 -9999 -9999 -9999 -9999 -9999 -9999 -9999 -9999 -9999 -9999 -9999 -9999 10.1694734569051 8.09437481907662 6.79499984811991 6.8049998478964 6.8049998478964 8.29999981448054 7.59999983012676 7.79499982576817 8.63249980704859 8.30249981442466 8.07249981956556 7.99499982129782 7.94749982235953 8.58166647485147 7.60666649664442 7.0349998427555 6.86833317981412 6.87999984622002 7.41499983426183 7.70999982766807 8.19399981684983 11.3526313251963 -9999 7.47599983289838
-9999 -9999 -9999 -9999 -9999 -9999 -9999 -9999 -9999 -9999 -9999 -9999 -9999 -9999 -9999 -9999 -9999 -9999 -9999 -9999 -9999 -9999 -9999 -9999 -9999 -9999 -9999 -9999 -9999 -9999 -9999 -9999 -9999 -9999 -9999 -9999 -9999 -9999 11.8706247346709 6.45749985566363 6.5024998546578 7.19999983906746 7.66749982861802 8.27749981498346 8.29249981464818 8.51999980956316 8.63749980693683 9.11666646289329 8.38499981258065 8.38499981258065 7.6939998280257 7.79333315913876 6.68499985057861 6.57333318640788 6.61499985214323 6.58333318618437 8.20444426106082 11.8457140209419 13.6649996945634 13.6649996945634 -9999 7.08538445701393
-9999 -9999 -9999 -9999 -9999 -9999 -9999 -9999 -9999 -9999 -9999 -9999 -9999 -9999 -9999 -9999 -9999 -9999 -9999 -9999 -9999 -9999 -9999 -9999 -9999 -9999 -9999 -9999 -9999 -9999 -9999 -9999 -9999 -9999 -9999 -9999 -9999 -9999 -9999 7.21499983873218 7.24999983794987 7.43249983387068 7.54499983135611 8.27749981498346 8.32999981380999 8.55999980866909 8.75249980436638 8.74499980453402 8.99899979885668 8.53499980922788 8.65499980654567 8.68999980576336 8.54874980892055 8.42874981160276 8.36333314639827 8.23249981598929 7.76499982643872 7.86999982409179 7.68499982822686 12.1898211561077 -9999 -9999
-9999 -9999 -9999 -9999 -9999 -9999 -9999 -9999 -9999 -9999 -9999 -9999 -9999 -9999 -9999 -9999 -9999 -9999 -9999 -9999 -9999 -9999 -9999 -9999 -9999 -9999 -9999 -9999 -9999 -9999 -9999 -9999 -9999 -9999 -9999 -9999 -9999 -9999 -9999 12.059999730438 7.32249983632937 7.45749983331189 7.6774998283945 8.08999981917441 8.40249981218949 8.47499981056899 8.62999980710447 8.6099998075515 8.57249980838969 8.51999980956316 8.10499981883913 8.65499980654567 8.11499981861562 7.8099998254329 7.65166649563859 7.91799982301891 7.83099982496351 7.5324998316355 7.22999983839691 7.16666650647918 9.48388867690745 -9999
-9999 -9999 -9999 -9999 -9999 -9999 -9999 -9999 -9999 -9999 -9999 -9999 -9999 -9999 -9999 -9999 -9999 -9999 -9999 -9999 -9999 -9999 -9999 -9999 -9999 -9999 -9999 -9999 -9999 -9999 -9999 -9999 -9999 -9999 -9999 -9999 -9999 -9999 -9999 -9999 6.94749984471127 7.13749984046444 7.56999983079731 7.90249982336536 8.28499981481582 8.23499981593341 8.17833315053334 8.11249981867149 8.50499980989844 8.50499980989844 8.41833314516892 7.00999984331429 8.41999981179833 8.38999981246889 8.34499981347471 7.81249982537702 7.99099982138723 7.15999983996153 7.15999983996153 8.27499981503934 8.51799980960786 11.2737392438106
-9999 -9999 -9999 -9999 -9999 -9999 -9999 -9999 -9999 -9999 -9999 -9999 -9999 -9999 -9999 -9999 -9999 -9999 -9999 -9999 -9999 -9999 -9999 -9999 -9999 -9999 -9999 -9999 -9999 -9999 -9999 -9999 -9999 -9999 -9999 -9999 -9999 -9999 -9999 8.65999980643392 7.72045437288894 6.61499985214323 6.88249984616414 7.67399982847273 8.02666648725669 8.11666648524503 8.17499981727451 8.28833314807465 8.41666647853951 8.49833314338078 8.49499981012195 7.1316665072615 8.38499981258065 8.38499981258065 8.19299981687218 8.7183331384634 8.02899982053787 7.71583316087102 7.59666649686794 7.63857125783605 -9999 -9999
-9999 -9999 -9999 -9999 -9999 -9999 -9999 -9999 -9999 -9999 -9999 -9999 -9999 -9999 -9999 -9999 -9999 -9999 -9999 -9999 -9999 -9999 -9999 -9999 -9999 -9999 -9999 -9999 -9999 -9999 -9999 -9999 -9999 -9999 -9999 -9999 -9999 -9999 -9999 6.62499985191971 7.16499983984977 7.13999984040856 7.13999984040856 7.62666649619738 7.84666649128 7.91499982308596 7.96999982185662 8.54666647563378 8.36666647965709 8.35333314662178 8.54499980900437 7.93499982263893 7.93499982263893 7.85999982431531 8.13599981814623 8.14599981792271 8.11099981870502 9.13999979570508 10.6649997616187 8.75785694710378 8.17299981731921 8.06399981975555
-9999 -9999 -9999 -9999 -9999 -9999 -9999 -9999 -9999 -9999 -9999 -9999 -9999 -9999 -9999 -9999 -9999 -9999 -9999 -9999 -9999 -9999 -9999 -9999 -9999 -9999 -9999 -9999 -9999 -9999 -9999 -9999 -9999 -9999 -9999 -9999 -9999 -9999 -9999 7.53999983146787 7.43999983370304 7.41249983431771 7.38749983487651 8.00249982113019 8.10499981883913 7.73249982716516 7.89999982342124 7.93499982263893 8.09499981906265 8.49999981001019 8.55249980883673 8.75333313768109 8.72499980498105 8.67999980598688 8.67999980598688 8.33749981364235 8.87749980157241 9.53799978680909 7.21499983873218 6.76999984867871 6.76999984867871 6.82499984744936
-9999 -9999 -9999 -9999 -9999 -9999 -9999 -9999 -9999 -9999 -9999 -9999 -9999 -9999 -9999 -9999 -9999 -9999 -9999 -9999 -9999 -9999 -9999 -9999 -9999 -9999 -9999 -9999 -9999 -9999 -9999 -9999 -9999 -9999 -9999 -9999 -9999 -9999 8.35541647990855 7.72749982727692 7.65499982889742 7.51499983202666 7.4716664996619 7.48999983258545 7.68666649485628 7.91749982303008 7.98249982157722 8.10999981872737 8.37833314606299 8.44666647786895 8.65499980654567 8.7433331379046 8.68333313924571 8.29999981448054 8.29999981448054 8.47749981051311 8.27499981503934 7.23999983817339 7.20999983884394 7.03999984264374 7.33749983599409 6.93499984499067
-9999 -9999 -9999 -9999 -9999 -9999 -9999 -9999 -9999 -9999 -9999 -9999 -9999 -9999 -9999 -9999 -9999 -9999 -9999 -9999 -9999 -9999 -9999 -9999 -9999 -9999 -9999 -9999 -9999 -9999 -9999 -9999 -9999 -9999 -9999 -9999 -9999 -9999 8.0872725465081 7.19499983917922 7.19499983917922 7.60749982995912 7.58749983040616 7.77749982615933 7.66666649530331 8.03249982045963 8.16499981749803 8.42249981174245 8.56499980855733 8.55166647552202 8.57999980822206 8.49833314338078 8.68666647250454 8.83166646926353 7.96499982196838 8.19999981671572 8.34249981353059 8.0649998197332 8.07999981939793 6.59499985259026 8.20166648334513 6.22999986074865
-9999 -9999 -9999 -9999 -9999 -9999 -9999 -9999 -9999 -9999 -9999 -9999 -9999 -9999 -9999 -9999 -9999 -9999 -9999 -9999 -9999 -9999 -9999 -9999 -9999 -9999 -9999 -9999 -9999 -9999 -9999 -9999 -9999 -9999 -9999 -9999 -9999 8.1597056999693 7.45499983336776 7.63249982940033 7.75499982666224 7.67999982833862 7.9674998219125 7.87749982392415 7.88499982375652 8.25999981537461 8.15499981772155 8.79666647004584 8.82999980263412 8.85666646870474 8.68833313913395 8.51999980956316 8.44166647798071 8.54749980894849 8.53249980928376 8.24999981559813 7.84999982453883 7.84999982453883 7.24999983794987 6.81999984756112 6.6599998511374 7.1199998408556
-9999 -9999 -9999 -9999 -9999 -9999 -9999 -9999 -9999 -9999 -9999 -9999 -9999 -9999 -9999 -9999 -9999 -9999 -9999 -9999 -9999 -9999 -9999 -9999 -9999 -9999 -9999 -9999 -9999 -9999 -9999 -9999 -9999 -9999 -9999 -9999 -9999 8.54437480901834 8.03749982034788 8.02499982062727 7.79999982565641 7.70499982777983 7.76999982632697 7.85499982442707 8.04499982018024 8.35249981330708 8.69749980559573 8.72749980492517 8.81833313622822 8.79499980341643 8.79333313678702 8.67166647283981 8.49749981006607 8.50749980984256 8.46499981079251 8.43749981140718 7.92999982275069 7.88999982364476 7.77249982627109 7.56999983079731 7.32499983627349 7.10249984124675
-9999 -9999 -9999 -9999 -9999 -9999 -9999 -9999 -9999 -9999 -9999 -9999 -9999 -9999 -9999 -9999 -9999 -9999 -9999 -9999 -9999 -9999 -9999 -9999 -9999 -9999 -9999 -9999 -9999 -9999 -9999 -9999 -9999 -9999 -9999 11.7049997383729 8.74624980450608 7.29249983699992 8.00499982107431 8.09749981900677 8.10249981889501 7.88999982364476 7.84499982465059 8.12249981844798 8.51499980967492 8.51499980967492 8.53249980928376 8.79249980347231 8.82249980280176 8.72333313835164 8.54833314226319 8.49166647686313 7.87499982398003 8.23249981598929 8.51333314304551 7.58499983046204 7.44999983347952 7.34499983582646 7.2899998370558 7.40749983442947 7.16749983979389 6.92749984515831
-9999 -9999 -9999 -9999 -9999 -9999 -9999 -9999 -9999 -9999 -9999 -9999 -9999 -9999 -9999 -9999 -9999 -9999 -9999 -9999 -9999 -9999 -9999 -9999 -9999 -9999 -9999 -9999 -9999 -9999 -9999 -9999 -9999 -9999 -9999 12.5176386090979 7.81749982526526 7.55999983102083 7.28499983716756 7.28499983716756 7.98999982140958 8.04249982023612 7.98749982146546 8.11749981855974 8.22499981615692 8.47499981056899 8.55749980872497 8.54249980906025 8.2224998162128 8.18999981693923 8.33499981369823 8.27499981503934 8.32499981392175 8.60499980766326 6.99499984364957 7.02499984297901 7.35999983549118 7.48999983258545 7.58999983035028 7.19999983906746 7.16499983984977 6.95999984443188
-9999 -9999 -9999 -9999 -9999 -9999 -9999 -9999 -9999 -9999 -9999 -9999 -9999 -9999 -9999 -9999 -9999 -9999 -9999 -9999 -9999 -9999 -9999 -9999 -9999 -9999 -9999 -9999 -9999 11.9544997327961 14.0765381469033 8.67571409179696 8.60214266486998 10.0191302108376 14.573333007594 13.3226467610392 8.6458331400839 8.04499982018024 8.06249981978908 8.43749981140718 8.27499981503934 8.05999981984496 8.86499980185181 9.01999979838729 9.0449997978285 8.44749981118366 8.57499980833381 8.5124998097308 8.32999981380999 8.31249981420115 8.18249981710687 8.39749981230125 7.15999983996153 7.24999983794987 7.9074998232536 7.17833317288508 7.40249983454123 7.20249983901158 7.06999984197319 7.04999984242022 7.08249984169379 6.98499984387308
-9999 -9999 -9999 -9999 -9999 -9999 -9999 -9999 -9999 -9999 -9999 -9999 -9999 -9999 -9999 -9999 -9999 -9999 -9999 -9999 -9999 -9999 12.1449997285381 8.68499980587512 8.7549998043105 8.67499980609864 8.55499980878085 8.32499981392175 8.47999981045723 8.50249980995432 8.48499981034547 8.03749982034788 7.81999982520938 7.81999982520938 8.32749981386587 8.21749981632456 8.56749980850145 8.45499981101602 8.60249980771914 8.61249980749562 8.38249981263652 8.17749981721863 8.46499981079251 8.52999980933964 8.53249980928376 8.55249980883673 8.45999981090426 8.36999981291592 8.2949998145923 8.11999981850386 7.90999982319772 8.80999980308115 7.41999983415008 7.41999983415008 7.74749982682988 7.39249983476475 7.36999983526766 7.26999983750284 7.87214268118675 7.5799998305738 -9999 -9999
-9999 -9999 -9999 -9999 -9999 -9999 -9999 -9999 -9999 -9999 -9999 -9999 -9999 -9999 -9999 -9999 -9999 -9999 -9999 -9999 -9999 13.4297055821756 8.76499980408698 8.83499980252236 8.85249980213121 8.87249980168417 8.76499980408698 8.65999980643392 8.61249980749562 8.58999980799854 8.5849998081103 8.42999981157482 8.40999981202185 8.33999981358647 8.50999980978668 8.72999980486929 8.52249980950728 8.76999980397522 8.79499980341643 8.682499805931 8.6099998075515 8.31499981414527 8.48249981040135 8.53999980911613 8.5124998097308 8.48499981034547 8.49999981001019 8.39749981230125 8.24249981576577 8.18499981705099 8.00999982096255 8.57199980840087 8.46833314405133 8.30833314762761 8.16416648418332 7.96916648854191 12.6515381787545 -9999 -9999 -9999 -9999 -9999
-9999 -9999 -9999 -9999 -9999 -9999 -9999 -9999 -9999 -9999 -9999 -9999 -9999 -9999 -9999 -9999 -9999 6.88018432352692 16.2747670780911 11.7324997377582 8.6099998075515 9.08333313030501 8.89499980118126 8.79499980341643 8.99499979894608 8.83749980246648 8.80499980319291 8.76249980414286 8.92999980039895 8.90499980095774 8.76999980397522 8.57499980833381 8.67499980609864 8.72249980503693 8.7674998040311 8.3549998132512 8.72499980498105 8.90499980095774 8.86749980179593 8.58999980799854 8.49249981017783 8.86499980185181 8.86499980185181 8.67249980615452 8.61499980743974 8.61499980743974 8.30499981436878 8.15499981772155 7.88749982370064 7.81499982532114 7.70499982777983 8.56999980844557 8.90999980084598 -9999 -9999 -9999 -9999 -9999 -9999 -9999 -9999 -9999
-9999 -9999 -9999 -9999 -9999 -9999 -9999 -9999 -9999 -9999 -9999 -9999 -9999 7.90165427206205 -9999 -9999 9.76772808009381 8.93333313365777 9.05999979749322 8.72499980498105 8.88499980140477 9.01749979844317 8.99249979900196 8.99499979894608 8.90249980101362 8.85999980196357 8.87249980168417 8.94999979995191 8.96999979950488 8.96499979961663 8.95499979984015 8.87999980151653 9.04999979771674 8.97749979933724 8.94499980006367 8.83499980252236 8.9249998005107 8.74999980442226 8.67999980598688 8.52999980933964 8.40999981202185 8.56749980850145 8.60499980766326 8.62999980710447 8.64499980676919 8.57999980822206 8.49249981017783 8.20499981660396 8.02749982057139 8.3674998129718 9.80416644752646 10.4771872658166 -9999 -9999 -9999 -9999 -9999 -9999 -9999 -9999 -9999 -9999
-9999 -9999 -9999 -9999 -9999 -9999 -9999 -9999 -9999 -9999 -9999 -9999 -9999 8.21499981638044 9.16166646188746 9.28833312572291 9.22833312706401 9.17166646166394 9.13999979570508 9.13999979570508 9.05999979749322 9.03749979799613 8.96999979950488 9.0449997978285 8.99249979900196 8.972499799449 8.92249980056658 9.02499979827553 9.01999979838729 9.0699997972697 9.07999979704618 9.02999979816377 8.9249998005107 8.94499980006367 9.0699997972697 8.54999980889261 8.70999980531633 8.94333313343426 9.1783331281816 8.51749980961904 8.33999981358647 8.26749981520697 8.84999980218709 8.84999980218709 8.5974998078309 8.53999980911613 8.52999980933964 8.10499981883913 8.09999981895089 8.08999981917441 7.67999982833862 8.01999982073903 11.5274997423403 -9999 -9999 -9999 -9999 -9999 -9999 22.2759297346523 22.3583715932747 20.6177995391563
-9999 -9999 -9999 -9999 -9999 -9999 -9999 -9999 -9999 -9999 14.2099996823817 12.1684207806462 9.65999978408217 9.36499979067594 9.32999979145825 8.65499980654567 8.65999980643392 9.39499979000539 9.32749979151413 9.21999979391694 9.14999979548156 9.04749979777262 9.0574997975491 9.11249979631975 9.08749979687855 9.09499979671091 9.10499979648739 9.19499979447573 9.1299997959286 9.18499979469925 9.22499979380518 9.18499979469925 9.18999979458749 9.24999979324639 9.2024997943081 8.92999980039895 9.26249979296699 9.01499979849905 9.3599997907877 9.3599997907877 9.10833312974622 9.10499979648739 8.88499980140477 9.04749979777262 8.91749980067834 8.7549998043105 8.3549998132512 8.55999980866909 8.59499980788678 7.92249982291833 9.08812479686458 9.20799979418516 14.1849996829405 -9999 -9999 -9999 9.07973663915733 6.93499984499067 6.93499984499067 5.25999988242984 5.20999988354743 17.7899996023625
-9999 -9999 -9999 -9999 -9999 -9999 -9999 -9999 12.7771872144076 10.203499771934 7.98499982152134 7.98499982152134 9.63249978469685 9.58333311912914 9.39499979000539 9.32999979145825 9.36499979067594 9.34749979106709 9.32499979157001 9.23999979346991 9.23749979352579 9.16499979514629 9.18249979475513 9.22499979380518 9.27999979257584 9.27499979268759 9.2999997921288 9.04999979771674 9.16999979503453 9.41499978955835 9.35499979089946 9.33999979123473 9.22499979380518 9.35499979089946 9.33249979140237 9.43499978911132 9.12249979609624 9.12499979604036 9.09499979671091 9.65833311745276 9.04999979771674 8.9249998005107 8.84499980229884 8.76499980408698 8.71499980520457 8.6099998075515 8.60499980766326 8.66749980626628 8.56749980850145 8.53999980911613 8.56749980850145 8.69499980565161 9.01124979858287 9.5956664521868 8.79124980350025 7.39499983470887 7.69999982789159 7.76499982643872 7.02999984286726 7.69749982794747 8.11249981867149 8.09937481896486
-9999 -9999 -9999 -9999 -9999 9.44666645551721 9.8083331141 9.43749978905544 9.46249978849664 9.63166645138214 9.62833311812331 9.68999978341162 9.67749978369102 9.76499978173524 9.55249978648499 9.39249979006127 9.3124997918494 9.23999979346991 9.23999979346991 9.2149997940287 9.13749979576096 9.26999979279935 9.20749979419634 9.26749979285523 9.30999979190528 9.28999979235232 9.32999979145825 9.3849997902289 9.40499978978187 9.43999978899956 9.42499978933483 9.46999978832901 9.40999978967011 9.47999978810549 9.51499978732318 9.4574997886084 9.46999978832901 9.27999979257584 9.42999978922307 9.1549997953698 9.33749979129061 8.84499980229884 8.78999980352819 8.76999980397522 8.82499980274588 8.54999980889261 8.5249998094514 8.33499981369823 8.15999981760979 8.76499980408698 8.14499981794506 8.14499981794506 9.10499979648739 9.05699979756027 8.22749981610104 8.13249981822446 8.02249982068315 8.03249982045963 7.86749982414767 7.6524998289533 7.37749983510002 7.27499983739108
-9999 -9999 -9999 -9999 -9999 7.68499982822686 7.68499982822686 9.55249978648499 9.96333311063548 9.86749977944419 9.70999978296459 9.66999978385866 9.68249978357926 9.67249978380278 9.48999978788197 9.3849997902289 9.22999979369342 9.27249979274347 9.10749979643151 9.27499979268759 9.26749979285523 9.07499979715794 9.22249979386106 9.29749979218468 9.34999979101121 9.33499979134649 9.39999978989363 9.49499978777021 9.57499978598207 9.59999978542328 9.45999978855252 9.48499978799373 9.47499978821725 9.55499978642911 9.41999978944659 9.44249978894368 8.42249981174245 9.67999978363514 9.40999978967011 9.17499979492277 9.20499979425222 9.31999979168177 8.93499980028719 8.82499980274588 9.25499979313463 9.17749979486689 8.96749979956076 9.13249979587272 9.04249979788437 8.57249980838969 8.50749980984256 8.40999981202185 8.95333313321074 8.91666646736364 8.4524998110719 8.38249981263652 8.039999820292 8.039999820292 7.89249982358888 7.74249982694164 7.72749982727692 8.05166648669789
-9999 -9999 -9999 -9999 -9999 10.0399997755885 10.029999775812 9.93249977799132 9.81249978067353 9.90999977849424 9.71999978274107 9.63999978452921 9.5299997869879 9.46249978849664 9.53499978687614 9.42249978939071 9.30499979201704 9.33499979134649 9.41249978961423 9.36999979056418 9.34249979117885 9.46749978838488 9.3724997905083 9.32499979157001 9.4449997888878 9.39499979000539 9.40999978967011 9.40499978978187 9.50999978743494 9.46499978844076 9.54499978665262 9.63499978464097 9.60999978519976 9.42499978933483 9.09999979659915 9.09999979659915 8.68749980581924 9.99666644322375 9.63999978452921 9.64833311767628 9.6999997831881 9.69833311655869 8.84749980224296 8.7424998045899 9.05249979766086 9.17499979492277 8.98749979911372 8.83499980252236 8.84499980229884 8.85249980213121 8.77749980380759 9.04333313119908 8.2699998151511 7.99499982129782 7.1449998402968 8.37249981286004 8.27749981498346 8.32249981397763 7.96249982202426 7.89249982358888 7.92833315612127 7.16999983973801
-9999 -9999 -9999 -9999 -9999 10.3024997697212 10.2999997697771 10.112499773968 9.91999977827072 9.72249978268519 9.70499978307635 9.64999978430569 9.57999978587031 9.54999978654087 9.28999979235232 9.28999979235232 9.40749978972599 9.3849997902289 9.46749978838488 9.48249978804961 9.53749978682026 9.56999978609383 9.63499978464097 8.96999979950488 9.10999979637563 9.16999979503453 9.50749978749081 9.48499978799373 9.30499979201704 9.30499979201704 9.52499978709966 9.72499978262931 9.80499978084117 9.91999977827072 9.6749997837469 9.60499978531152 9.82499978039414 10.137999773398 10.0099997762591 9.73999978229403 9.67833311700573 9.5424997867085 9.65499978419393 9.59249978559092 9.48499978799373 9.25749979307875 9.10749979643151 9.0574997975491 9.04249979788437 9.02999979816377 9.46499978844076 9.46499978844076 8.95249979989603 8.76499980408698 7.41499983426183 7.39499983470887 7.38499983493239 8.46249981084839 8.42333314505716 8.29333314796289 8.13333315153917 7.00999984331429
-9999 -9999 -9999 -9999 -9999 10.3574997684918 10.2999997697771 10.214999771677 10.1399997733533 9.98249977687374 9.82999978028238 9.78249978134409 9.76999978162348 9.69499978329986 9.63749978458509 9.6874997834675 9.67249978380278 9.31499979179353 9.29499979224056 9.27499979268759 8.93499980028719 8.94499980006367 9.11999979615211 9.64999978430569 9.08499979693443 9.08499979693443 9.55249978648499 9.53499978687614 9.51999978721142 9.51999978721142 9.53999978676438 9.73999978229403 9.45499978866428 9.30499979201704 9.6999997831881 9.75249978201464 9.43999978899956 9.43999978899956 9.79999978095293 9.82833311365297 9.69499978329986 9.38099979031831 9.55999978631735 9.57499978598207 9.53999978676438 9.17749979486689 9.30999979190528 9.36499979067594 9.42499978933483 9.26499979291111 9.25999979302287 9.25499979313463 9.05249979766086 8.87999980151653 8.83249980257824 8.78499980363995 7.894999823533 7.894999823533 8.26833314852168 7.97166648848603 8.22999981604517 8.35999981313944
