EcologicalScience/Bass/data/rs_data_bass/sst_455.asc
NCOLS 226 
NROWS 124 
XLLCORNER -9.41648524995501 
YLLCORNER 47.587301625531 
CELLSIZE 0.0833 
NODATA_value -9999 
[rows 0 to 26 of 124, columns 62 to 123 of 226]
-9999 -9999 -9999 -9999 -9999 -9999 -9999 -9999 -9999 -9999 -9999 -9999 -9999 -9999 -9999 -9999 -9999 -9999 -9999 -9999 -9999 -9999 -9999 -9999 -9999 -9999 -9999 -9999 -9999 -9999 -9999 -9999 -9999 -9999 -9999 -9999 -9999 -9999 -9999 -9999 -9999 -9999 -9999 -9999 -9999 -9999 -9999 -9999 -9999 -9999 -9999 -9999 -9999 -9999 -9999 -9999 -9999 -9999 -9999 -9999 -9999 -9999
-9999 -9999 -9999 -9999 -9999 -9999 -9999 -9999 -9999 -9999 -9999 -9999 -9999 -9999 -9999 -9999 -9999 -9999 -9999 -9999 -9999 -9999 -9999 -9999 -9999 -9999 -9999 -9999 -9999 -9999 -9999 -9999 -9999 -9999 -9999 -9999 -9999 -9999 -9999 -9999 -9999 -9999 -9999 -9999 -9999 -9999 -9999 -9999 -9999 -9999 -9999 -9999 -9999 -9999 -9999 -9999 -9999 -9999 -9999 -9999 -9999 -9999
-9999 -9999 -9999 -9999 -9999 -9999 -9999 -9999 -9999 -9999 -9999 -9999 -9999 -9999 -9999 -9999 -9999 -9999 -9999 -9999 -9999 -9999 -9999 -9999 -9999 -9999 -9999 -9999 -9999 -9999 -9999 -9999 -9999 -9999 -9999 -9999 -9999 -9999 -9999 -9999 -9999 -9999 -9999 -9999 -9999 -9999 -9999 -9999 -9999 -9999 -9999 -9999 -9999 -9999 -9999 -9999 -9999 -9999 -9999 -9999 -9999 -9999
-9999 -9999 -9999 -9999 -9999 -9999 -9999 -9999 -9999 -9999 -9999 -9999 -9999 -9999 -9999 -9999 -9999 -9999 -9999 -9999 -9999 -9999 -9999 -9999 -9999 -9999 -9999 -9999 -9999 -9999 -9999 -9999 -9999 -9999 -9999 -9999 -9999 -9999 -9999 -9999 -9999 -9999 -9999 -9999 -9999 -9999 -9999 -9999 -9999 -9999 -9999 -9999 -9999 -9999 -9999 -9999 -9999 -9999 -9999 -9999 -9999 -9999
-9999 -9999 -9999 -9999 -9999 -9999 -9999 -9999 -9999 -9999 -9999 -9999 -9999 -9999 -9999 -9999 -9999 -9999 -9999 -9999 -9999 -9999 -9999 -9999 -9999 -9999 -9999 -9999 -9999 -9999 -9999 -9999 -9999 -9999 -9999 -9999 -9999 -9999 -9999 -9999 -9999 -9999 -9999 -9999 -9999 -9999 -9999 -9999 -9999 -9999 -9999 -9999 -9999 -9999 -9999 -9999 -9999 -9999 -9999 -9999 -9999 -9999
-9999 -9999 -9999 -9999 -9999 -9999 -9999 -9999 -9999 -9999 -9999 -9999 -9999 -9999 -9999 -9999 -9999 -9999 -9999 -9999 -9999 -9999 -9999 -9999 -9999 -9999 -9999 -9999 7.47999983280897 8.87969602551311 11.106555363629 11.3611560286954 11.5010070982389 11.4938352485187 11.5117648728192 11.5010070982389 11.5956755145453 11.6014129943214 11.5246742023155 11.4845118438825 11.4429151155055 11.4450666704215 11.346095144283 11.4156620865688 11.4400463756174 11.3238624101505 11.1782738608308 11.107272548601 11.0771507797763 11.265770427417 11.144566167146 11.2134159244597 11.1919003752992 11.1295052827336 10.9595324443653 10.8619952881709 10.8024689354934 10.8311563343741 10.7415082128718 10.6991942995228 10.8849452072755 9.7557374688331
-9999 -9999 -9999 -9999 -9999 -9999 -9999 -9999 -9999 -9999 -9999 -9999 -9999 -9999 -9999 -9999 -9999 -9999 -9999 -9999 -9999 -9999 -9999 -9999 -9999 -9999 -9999 8.57560959737748 10.4520728491646 10.9573808894493 11.2564470227808 11.4213995663449 11.4371776357293 11.4716025143862 11.5218054624274 11.5634021908045 11.6279488382861 11.584917739965 11.4988555433229 11.4515213351697 11.4357432657853 11.4802087340504 11.4393291906454 11.3475295142271 11.3073671557941 11.1775566758588 11.1660817163065 11.3310342598706 11.2600329476409 11.3281655199826 10.945905929897 11.147434907034 11.2471236181445 11.1201818780974 11.2062440747395 11.0463118259795 10.9717245888896 10.7974486406893 10.6518600913696 10.9039506090339 10.867732767947 10.7142551839352
-9999 -9999 -9999 -9999 -9999 -9999 -9999 -9999 -9999 -9999 -9999 -9999 -9999 -9999 -9999 -9999 -9999 -9999 -9999 -9999 -9999 -9999 -9999 -9999 -9999 -9999 8.26984973764047 10.1359351521241 10.5155949466862 11.1919003752992 11.3984496472403 11.5146336127073 11.582766185049 11.5791802601889 11.6071504740976 11.5877864798531 11.5949583295733 11.4802087340504 11.4414807455614 11.4328745258972 11.4558244450018 11.4529557051137 11.4063386819325 11.4099246067926 11.3683278784156 11.2937406413257 11.3267311500385 11.4694509594701 11.4924008785747 11.3625903986394 11.2621845025569 11.1804254157469 11.1782738608308 11.2700735372491 11.2126987394877 11.0836054445244 10.9351481553167 10.4976653223857 10.6848506000824 10.8024689354934 10.3700063973665 10.3750266921706
-9999 -9999 -9999 -9999 -9999 -9999 -9999 -9999 -9999 -9999 -9999 -9999 -9999 -9999 -9999 -9999 -9999 -9999 -9999 -9999 -9999 -9999 -9999 -9999 -9999 -9999 10.9975432478823 10.947340299841 11.1954863001592 11.3618732136674 11.5067445780151 11.4830774739385 11.4759056242183 11.6595049770549 11.662373716943 11.6171910637058 11.5469069364481 11.5096133179031 11.503158653155 11.4852290288545 11.5117648728192 11.3876918726601 11.4716025143862 11.5110476878472 11.4802087340504 11.4450666704215 11.425702676177 11.3841059478 11.4199651964009 11.2793969418854 11.2693563522771 11.2471236181445 11.2808313118294 11.2535782828927 11.105838178657 11.1015350688249 10.9523605946451 10.8741874326952 10.7798776088748 10.7913525684271 10.9179357159883 10.8806420974433
-9999 -9999 -9999 -9999 -9999 -9999 -9999 -9999 -9999 -9999 -9999 -9999 -9999 -9999 -9999 -9999 -9999 -9999 -9999 -9999 -9999 -9999 -9999 -9999 -9999 9.75030735404497 10.9781792536378 11.0590418592328 11.3697622483596 11.4622791097499 11.6014129943214 11.3762169131078 11.4307229709812 11.6430097226985 11.5698568555526 11.5712912254967 11.5885036648251 11.6014129943214 11.5354319768958 11.502441468183 11.4931180635467 11.4859462138265 11.4773399941623 11.4680165895261 11.4974211733788 11.4730368843302 11.4328745258972 11.4300057860091 11.3869746876881 11.224890884012 11.3539841789752 11.2284768088721 11.265053242445 11.2980437511578 11.0011291727424 10.666920975782 10.7669682793785 10.6712240856141 10.706366149243 10.7701956117526 8.88973661512136 10.6400265393313
-9999 -9999 -9999 -9999 -9999 -9999 -9999 -9999 -9999 -9999 -9999 -9999 -9999 -9999 -9999 -9999 -9999 -9999 -9999 -9999 -9999 -9999 -9999 -9999 14.0423244625473 11.1113365967758 11.2851344216615 11.3597216587514 11.346095144283 11.6093020290136 11.584917739965 11.6021301792935 11.5992614394054 11.6853236360475 11.5784630752169 11.5332804219797 11.5583818960004 11.5246742023155 11.4909665086307 11.4221167513169 11.4565416299738 11.4292886010371 11.4924008785747 11.4321573409252 11.4170964565128 11.3690450633876 11.423551121261 11.4027527570724 11.3927121674642 11.2370830285363 11.2600329476409 10.627373347325 10.8340250742622 11.0577867855318 10.9932401380502 10.9308450454846 11.0950804040767 10.9527191871312 10.7773674614727 10.5729697444476 10.6461226115935 10.5672322646715
-9999 -9999 -9999 -9999 -9999 -9999 -9999 -9999 -9999 -9999 -9999 -9999 -9999 -9999 -9999 -9999 -9999 -9999 -9999 -9999 -9999 -9999 -9999 -9999 10.4019211286213 11.1546067567542 11.0190587970428 11.0850398144685 11.3647419535555 11.4995727282949 11.5497756763361 11.5734427804127 11.5253913872875 11.5877864798531 11.6107363989577 11.4802087340504 11.4880977687426 11.5469069364481 11.5612506358884 11.4063386819325 11.4278542310931 11.3841059478 11.3339029997587 11.3798028379679 11.3941465374082 11.3367717396468 11.2198705892079 11.2829828667454 10.9265419356525 11.1675160862505 11.3116702656262 11.4099246067926 10.8107165626716 10.8447828488424 10.8874553546775 10.7691198342945 10.747245692648 10.6002227733843 10.3951078713872 10.5349589409307 10.5127262067981 10.4955137674697
-9999 -9999 -9999 -9999 -9999 -9999 -9999 -9999 -9999 -9999 -9999 -9999 -9999 -9999 -9999 -9999 -9999 -9999 -9999 -9999 -9999 -9999 -9999 10.8349997578189 11.1890316354111 11.0972319589928 11.106555363629 10.9222388258204 11.2444341744995 11.2550126528367 11.3238624101505 11.4716025143862 11.4665822195821 11.5196539075114 11.4615619247779 11.3754997281358 11.3496810691431 11.3769340980798 11.4156620865688 11.4027527570724 11.3676106934436 11.3554185489193 11.2887203465216 11.3181249303743 11.2521439129487 11.2306283637881 11.30593278585 11.3597216587514 11.0301751641091 11.0394985687453 11.1001006988809 11.184728525579 11.1201818780974 10.8913998720236 10.8992889067158 10.5783486317378 10.6446882416494 10.6446882416494 10.1297494317405 10.5439237530809 10.626758617349 10.5794244091958
-9999 -9999 -9999 -9999 -9999 -9999 -9999 -9999 -9999 -9999 -9999 -9999 -9999 -9999 -9999 -9999 -9999 -9999 -9999 -9999 -9999 10.8074892302975 10.6174352127127 10.8985717217438 11.1373943174258 11.2392345834523 11.1495864619501 11.1180303231813 10.9638355541974 11.2069612597115 11.385540317744 11.3503982541151 11.263618872501 11.343226404395 11.3131046355702 11.2478408031166 11.1266365428455 11.267204797361 11.3030640459619 11.3668935084715 11.3525498090312 11.2951750112697 11.2112643695436 11.2908719014376 11.2105471845716 11.1252021729015 11.2126987394877 11.0097353924066 11.0025635426864 10.7795190163888 10.8594851407688 11.1416974272579 10.8921170569956 10.6927396347746 9.92248297482729 10.1189916571602 10.6952497821767 10.5668736721855 11.0850398144685 10.506988727022 10.5109332443681 10.4765083657112
-9999 -9999 -9999 -9999 -9999 -9999 -9999 -9999 -9999 -9999 -9999 -9999 -9999 -9999 -9999 -9999 -9999 -9999 -9999 -9999 10.9549997551367 11.384823132772 11.186880080495 11.0391399762593 11.1330912075937 11.22417369904 11.1574754966423 11.1424146122299 11.0319681265391 11.0771507797763 11.3166905604303 11.2356486585923 11.2313455487601 11.2306283637881 11.186880080495 11.2220221441239 11.1194646931253 11.227042438928 11.1990722250193 11.2607501326129 11.3116702656262 11.1732535660267 11.3080843407661 11.2198705892079 11.1373943174258 10.985351103358 11.1108584734611 11.1212576555554 10.8297219644301 11.106913956115 11.0298165716231 11.0549180456437 10.9017990541179 10.6647694208659 10.4208069995511 9.74533828673884 10.2323068827391 10.7766502765007 10.6203039526008 10.8636687197722 10.5313730160706 10.4151890506037
-9999 -9999 -9999 -9999 -9999 -9999 -9999 -9999 -9999 -9999 -9999 -9999 -9999 -9999 -9999 -9999 -9999 -9999 -9999 -9999 11.6099997404963 11.267204797361 11.2736594621092 11.1316568376496 11.2026581498794 11.2786797569133 11.1431317972019 11.0879085543565 11.2083956296556 11.1173131382093 11.0441602710634 11.0434430860914 11.0355540513992 11.0893429243006 10.908612311352 11.2005065949634 10.987502658274 11.0412915311754 11.2428205083124 11.3575701038353 10.8125095251016 11.0477461959235 10.9319208229426 11.0176244270988 10.8741874326952 10.9182943084743 10.907536533894 10.9269005281385 11.0828882595524 11.1029694387689 11.0983077364508 10.8103579701856 10.8397625540383 10.828646186972 10.8146610800177 10.7526245799381 10.4840388079174 10.4560685940087 10.7368465105537 10.50985746691 10.4940793975256 10.4962309524417
-9999 -9999 -9999 -9999 -9999 -9999 -9999 -9999 -9999 -9999 -9999 -9999 -9999 -9999 -9999 -9999 -9999 -9999 10.1351283190306 10.5437444568379 10.986785473302 10.9939573230222 11.104403808713 11.3425092194229 11.3374889246188 11.1409802422859 10.8799249124713 11.1897488203831 11.2428205083124 11.2514267279766 11.1280709127896 11.184011340607 11.144566167146 10.9580980744213 11.0398571612313 10.7572862822562 10.6597491260618 10.7974486406893 10.9021576466039 11.0871913693845 10.8863795772195 10.8139438950457 11.0463118259795 11.1151615832932 11.1969206701033 11.225608068984 10.8462172187865 10.9168599385303 10.9365825252607 10.8347422592342 10.6375163919292 10.8648640280589 10.8870967621915 10.8347422592342 10.6801888977643 10.5830103340559 10.4897762876935 10.6536530537996 10.5833689265419 10.4209265303798 10.4861903628334 10.5536057502031
-9999 -9999 -9999 -9999 -9999 -9999 -9999 -9999 -9999 -9999 -9999 -9999 -9999 -9999 -9999 -9999 7.55233618300408 10.1816625900996 9.99240850959904 10.7221442186274 10.8985717217438 10.9537949645892 10.9760276987217 10.9215216408484 10.6970427446067 10.9839167334139 11.0183416120708 11.0807367046364 11.1646473463625 11.187597265467 10.9100466812961 11.0025635426864 11.2299111788161 11.026230646763 11.1302224677056 10.9652699241415 11.2299111788161 10.7429425828159 10.7056489642709 10.18999296939 10.6812646752223 11.184728525579 11.1646473463625 11.2542954678647 11.2019409649074 11.2083956296556 10.7780846464448 11.0599383404478 10.4947965824977 10.7802362013608 10.7630237620324 11.1897488203831 10.4596545188688 10.6575975711457 10.2358928075992 10.1039307727478 10.2100741486065 10.5059129495639 10.5120090218261 10.4912106576376 10.3341471487656 10.2617114665918
-9999 -9999 -9999 -9999 -9999 -9999 -9999 -9999 -9999 -9999 -9999 -9999 -9999 -9999 -9999 -9999 7.9562394999899 10.1852117362432 10.2746207960881 10.7838221262209 10.9312036379706 11.0326853115112 11.0075838374905 10.987502658274 10.9580980744213 10.9889370282181 11.0355540513992 11.2177190342918 11.1531723868102 11.1381115023978 10.8928342419676 11.1252021729015 11.2105471845716 11.1409802422859 11.1266365428455 11.0613727103919 10.8526718835346 10.6862849700265 10.7551347273402 10.5916165537201 10.7393566579558 10.7214270336553 10.8404797390103 11.2320627337322 11.0907772942446 11.0448774560355 10.8770561725833 10.6898708948866 10.946623114869 10.9767448836938 10.8619952881709 10.9035920165479 10.5650807097554 10.7329019932076 10.5385448657908 10.0989104779437 10.2574083567597 10.3800469869748 10.2595599116758 10.3513595880941 10.3685720274225 10.4166234205477
-9999 -9999 -9999 -9999 -9999 -9999 -9999 -9999 -9999 -9999 -9999 -9999 -9999 -9999 -9999 -9999 -9999 -9999 6.33090900846479 10.6673990990967 10.908612311352 10.945905929897 10.9914471756201 10.8813592824154 10.7156895538792 10.907177941408 11.0800195196643 10.7945799008012 11.0534836756997 11.0434430860914 11.0592211554758 11.0391399762593 10.9939573230222 10.8792077274993 10.8490859586746 10.5959196635522 10.5514541952871 11.2076784446836 11.1653645313345 11.1553239417262 11.0972319589928 11.0778679647483 11.0491805658676 11.1366771324538 11.0757164098322 11.0047150976025 11.1151615832932 11.026947831735 10.5939474048791 10.9932401380502 10.8347422592342 10.7978072331753 10.6152836577967 10.5378276808187 10.506988727022 10.2731864261441 10.3205206342973 10.3398846285418 10.270317686256 10.3068941198289 10.3836329118349 10.3047425649129
-9999 -9999 -9999 -9999 -9999 -9999 -9999 -9999 -9999 -9999 -9999 -9999 -9999 -9999 8.06970904627254 10.1177621972082 10.0866671059214 10.508602393209 10.7207098486833 10.9595324443653 10.7931455308571 10.988219843246 11.0398571612313 10.4352702298202 10.7400738429278 11.0097353924066 10.8160954499617 10.9401684501208 10.7630237620324 11.0606555254199 10.7780846464448 10.5794244091958 10.6518600913696 10.8462172187865 10.7049317792989 10.8426312939264 11.4300057860091 11.2686391673051 11.0068666525185 11.2435376932845 11.1832941556349 10.7788018314168 10.9702902189456 11.1216162480414 11.026230646763 10.8433484788984 10.5830103340559 10.867732767947 10.4101687557995 10.4716076017357 10.550019825343 10.5399792357348 10.5184636865743 10.4431592645124 10.4417248945683 10.4847559928894 10.3269752990454 10.1950132641941 10.1247291369364 10.150547795929 10.0723746339791 10.1799523797818
-9999 -9999 -9999 -9999 -9999 -9999 -9999 -9999 -9999 -9999 -9999 -9999 -9999 10.3750266921706 10.9301278605126 10.4718466633931 10.8311563343741 10.987502658274 10.7192754787393 10.6303445422091 10.669072530698 10.6826990451664 11.2309869562741 10.8974959442858 10.906819348922 10.8863795772195 10.7540589498822 10.7576448747423 10.8766975800972 10.6339304670691 10.6532944613136 10.7171239238232 10.7529831724241 11.2385173984803 11.4486525952816 11.4020355721004 11.3023468609899 11.3109530806541 11.2413861383684 11.2514267279766 11.1667989012785 11.2585985776968 11.2184362192638 11.1438489821739 11.0599383404478 10.6160008427687 10.6475569815375 10.8899655020796 10.2602770966478 10.4178187288344 9.57966855820268 9.56245611887425 9.53520308993757 9.62556839641184 10.348490848206 10.3212378192693 10.2624286515638 10.1971648191102 10.1060823276639 10.1197088421322 10.0164342061616 9.99491865700111
-9999 -9999 -9999 -9999 -9999 -9999 -9999 -9999 -9999 -9999 10.985351103358 10.6303445422091 10.5858790739439 10.7709127967246 10.8117923401296 11.1696676411666 10.8476515887305 10.5326280897716 9.59759818250313 10.6303445422091 10.6360820219852 10.827570409514 10.9208044558764 10.8792077274993 11.0111697623506 10.867732767947 10.9896542131901 10.9896542131901 10.7133587027201 10.7156895538792 10.6719412705861 11.1797082307748 11.3790856529959 11.4213995663449 11.4450666704215 11.3898434275761 11.4300057860091 11.3374889246188 11.2865687916055 11.3317514448427 11.067110190168 10.5672322646715 10.7694784267806 10.7788018314168 10.5622119698673 10.2638630215079 10.0494247148745 10.7443769527599 10.3996500428766 10.3700063973665 9.4369487487711 9.46635333262384 9.58684040792286 9.89307839097455 10.148396241013 10.2079225936905 10.1154057323001 9.99993895180523 9.93754385923967 9.8988158707507 9.98200932750478 9.9188970499672
-9999 -9999 -9999 -9999 -9999 -9999 -9999 -9999 -9999 -9999 -9999 14.4811730417196 10.6300576682203 10.1268806918524 10.1247291369364 9.29243597690947 11.9199997335672 -9999 -9999 9.22999979369342 -9999 9.71016049147434 10.6382335769013 10.827570409514 10.868449952919 11.0154728721827 11.0613727103919 10.9315622304566 11.0204931669869 11.0559938231017 10.3449049233459 11.0420087161474 11.2958921962418 11.3518326240592 11.0204931669869 11.304498415906 11.2184362192638 11.2951750112697 11.3661763234995 11.2227393290959 11.3188421153463 11.3697622483596 10.6038086982444 10.7393566579558 10.4209265303798 9.96407970320433 10.5270699062385 10.7644581319764 10.149830610957 10.5815759641118 10.4223609003238 9.32004759833217 9.25621813582256 10.3291268539615 10.2150944434106 9.77402568561956 9.8550675874576 9.79912715964019 9.7396008069627 9.70732748322189 9.67003386467695 9.74892421159893
-9999 -9999 -9999 -9999 -9999 -9999 -9999 -9999 -9999 -9999 -9999 -9999 -9999 -9999 -9999 -9999 -9999 -9999 -9999 -9999 -9999 -9999 -9999 -9999 -9999 10.8548234384507 10.9258247506805 10.8311563343741 11.0520493057556 11.0793023346923 11.2191534042358 11.2973265661858 11.2865687916055 11.2786797569133 11.1553239417262 11.305215600878 11.2227393290959 11.0126041322947 11.0204931669869 11.2428205083124 11.263618872501 11.1402630573139 10.2351756226271 10.985351103358 10.7730643516406 10.8713186928071 10.4947965824977 9.70517592830583 9.91172520024702 10.0200201310217 10.3403627518564 10.3402432210278 9.88734091119841 10.2215491081588 9.92535171471536 9.11995299113914 9.27056183526292 9.25478376587853 9.39822076028213 9.43551437882707 9.4885860667564 9.53305153502151
-9999 -9999 -9999 -9999 -9999 -9999 -9999 -9999 -9999 -9999 -9999 -9999 -9999 -9999 -9999 -9999 -9999 -9999 -9999 -9999 -9999 -9999 -9999 -9999 -9999 10.6396679468453 10.5672322646715 10.2014679289423 10.1139713623561 11.1711020111106 11.1230506179854 11.2299111788161 11.1151615832932 10.7350535481237 10.8347422592342 10.5392620507628 10.667638160754 10.7372051030397 10.6131321028806 10.269062612555 10.508423096966 10.6468397965655 10.7974486406893 10.6396679468453 10.7250129585154 10.0637684143148 9.3652302515693 9.44842370832339 9.22107607219368 9.16513564437628 8.99372843606398 8.90766623942181 10.2574083567597 9.81275367410854 9.86510817706585 9.93969541415572 10.2140186659526 8.6200750656426 10.2366099925712 9.29638049425557 9.31861322838813 9.29207738442346
-9999 -9999 -9999 -9999 -9999 -9999 -9999 -9999 -9999 -9999 -9999 -9999 -9999 -9999 -9999 -9999 -9999 -9999 -9999 -9999 -9999 -9999 -9999 -9999 -9999 -9999 -9999 10.4983825073577 10.4811700680293 11.0699789300561 11.224890884012 11.1158787682652 10.8125095251016 10.2523880619556 10.6597491260618 11.0628070803359 10.6740928255022 10.6525772763416 10.1311838016845 10.8498031436466 10.2385822512442 9.66501356987283 10.350642403122 10.2165288133547 10.2505950995255 9.37455365620553 9.20386363286525 9.17589341895655 9.25048065604642 9.07548752287403 9.05468915868551 9.01596117019653 8.9786675516516 8.86965543590486 10.149830610957 10.1638157179113 10.1989577815402 10.2947019753046 10.3449049233459 10.2843027932104 10.3287682614755 9.52516250032932
