EcologicalScience/Bass/data/rs_data_bass/sst_177.asc
NCOLS 226 
NROWS 124 
XLLCORNER -9.41648524995501 
YLLCORNER 47.587301625531 
CELLSIZE 0.0833 
NODATA_value -9999 
[rows 0 to 26 of 124, columns 0 to 61 of 226]
-9999.000000000000000 -9999 -9999 -9999 -9999 -9999 -9999 -9999 -9999 -9999 -9999 -9999 -9999 -9999 -9999 -9999 -9999 -9999 -9999 -9999 -9999 -9999 -9999 -9999 -9999 -9999 -9999 -9999 -9999 -9999 -9999 -9999 -9999 -9999 -9999 -9999 -9999 -9999 -9999 -9999 -9999 -9999 -9999 -9999 -9999 -9999 -9999 -9999 -9999 -9999 -9999 -9999 -9999 -9999 -9999 -9999 -9999 -9999 -9999 -9999 -9999 -9999
-9999 -9999 -9999 -9999 -9999 -9999 -9999 -9999 -9999 -9999 -9999 -9999 -9999 -9999 -9999 -9999 -9999 -9999 -9999 -9999 -9999 -9999 -9999 -9999 -9999 -9999 -9999 -9999 -9999 -9999 -9999 -9999 -9999 -9999 -9999 -9999 -9999 -9999 -9999 -9999 -9999 -9999 -9999 -9999 -9999 -9999 -9999 -9999 -9999 -9999 -9999 -9999 -9999 -9999 -9999 -9999 -9999 -9999 -9999 -9999 -9999 -9999
-9999 -9999 -9999 -9999 -9999 -9999 -9999 -9999 -9999 -9999 -9999 -9999 -9999 -9999 -9999 -9999 -9999 -9999 -9999 -9999 -9999 -9999 -9999 -9999 -9999 -9999 -9999 -9999 -9999 -9999 -9999 -9999 -9999 -9999 -9999 -9999 -9999 -9999 -9999 -9999 -9999 -9999 -9999 -9999 -9999 -9999 -9999 -9999 -9999 -9999 -9999 -9999 -9999 -9999 -9999 -9999 -9999 -9999 -9999 -9999 -9999 -9999
-9999 -9999 -9999 -9999 -9999 -9999 -9999 -9999 -9999 -9999 -9999 -9999 -9999 -9999 -9999 -9999 -9999 -9999 -9999 -9999 -9999 -9999 -9999 -9999 -9999 -9999 -9999 -9999 -9999 -9999 -9999 -9999 -9999 -9999 -9999 -9999 -9999 -9999 -9999 -9999 -9999 -9999 -9999 -9999 -9999 -9999 -9999 -9999 -9999 -9999 -9999 -9999 -9999 -9999 -9999 -9999 -9999 -9999 -9999 -9999 -9999 -9999
-9999 -9999 -9999 -9999 -9999 -9999 -9999 -9999 -9999 -9999 -9999 -9999 -9999 -9999 -9999 -9999 -9999 -9999 -9999 -9999 -9999 -9999 -9999 -9999 -9999 -9999 -9999 -9999 -9999 -9999 -9999 -9999 -9999 -9999 -9999 -9999 -9999 -9999 -9999 -9999 -9999 -9999 -9999 -9999 -9999 -9999 -9999 -9999 -9999 -9999 -9999 -9999 -9999 -9999 -9999 -9999 -9999 -9999 -9999 -9999 -9999 -9999
-9999 -9999 -9999 -9999 -9999 11.5748771503568 11.5942411446013 11.685642384924 11.3303170748986 11.5612506358884 11.5002899132669 11.2790383493993 11.3040202925913 11.4414807455614 11.4701681444421 11.3747825431637 11.8488418096676 11.9076509773731 11.6234066667967 11.5013144632269 11.3626928536354 11.3550599564333 11.4328745258972 11.1557849892082 10.686351026537 9.24801035225391 10.9134044109378 11.6117404579185 11.4806868573651 11.5502537996508 12.0049012595788 11.8517553736165 11.865947434213 12.3210951350451 12.3249997245148 7.29005245314956 10.1137009483503 12.2299997266382 9.98499977681786 10.6645901246229 11.4300057860091 8.82232122775167 8.70512125024106 9.59499978553504 -9999 -9999 -9999 -9999 -9999 -9999 -9999 -9999 -9999 -9999 -9999 -9999 -9999 -9999 -9999 -9999 -9999 -9999
-9999 -9999 -9999 -9999 -9999 11.7147282199003 11.4063386819325 11.305574193364 11.2227393290959 11.1603442365304 11.1715323220938 9.72740866243839 11.545113974018 11.1653645313345 11.9113265503547 11.9819692700985 11.406657430809 11.4648609756492 12.061666450114 10.9832891965634 11.6996673354879 11.7577593182214 11.5246742023155 11.7381084499881 10.9963479395956 11.6261110517953 11.7371402502758 11.3116702656262 10.948467304797 11.5602943892591 11.5478631830774 11.3372840146268 12.4857020648196 11.3754997281358 11.9252937276848 11.2697383312296 12.0099997315556 -9999 9.15509169530123 10.960227217307 10.9643213891785 11.7599108731374 7.20313271642663 9.99364728364162 11.3720258634276 11.1386898773752 10.9449997553602 -9999 -9999 -9999 -9999 -9999 -9999 -9999 -9999 -9999 -9999 -9999 -9999 -9999 -9999 -9999
-9999 -9999 -9999 -9999 -9999 11.9721976248547 11.8514714878984 11.3876918726601 11.4307229709812 11.8328246786259 10.6102633629926 11.3966566848103 11.1622567297891 11.0116478856653 11.4820913446019 11.9060373111861 11.9380118078552 11.9176915669814 11.9315571431071 11.8101138211787 11.961529498396 11.9160779007943 11.3481570510776 11.2152327930555 12.2652529144519 11.6773321463593 11.8976103877649 11.8746604686603 11.9800866595469 11.0818842005916 11.9700460699387 11.6607002853416 12.1522110528313 12.1952421511523 12.1520978130988 12.7273239953924 9.23081468918214 12.3099997248501 12.0549997305498 8.62235701782629 9.67405010052025 10.8401211465243 7.30339517551474 8.67505924683064 10.0287078489782 12.1599997282028 -9999 -9999 -9999 -9999 -9999 -9999 -9999 -9999 -9999 -9999 -9999 -9999 -9999 -9999 -9999 -9999
-9999 -9999 -9999 -9999 -9999 12.0977049949579 12.0977049949579 11.4203237888869 11.8997619426809 11.8474074397236 9.08552811248228 9.19023711839691 11.4120761617087 11.6728924298659 11.4773399941623 11.8973713261075 11.8122653760947 11.9824772761203 11.7907498269342 11.8603167692199 11.1897488203831 9.87156284181401 10.5132043301128 10.0950980736188 12.5561082661152 11.787259526737 11.8936658704188 11.7735373876058 12.1185033591464 12.1357157984748 12.221060810145 11.7049266919494 12.0145115382038 12.1898632638622 12.1852015615441 12.0152287231758 12.4749442902394 9.50654042157312 12.9894363291821 12.7918229564473 10.4998168773018 11.3401031795168 9.97354654483497 7.42025025044638 9.5522720922716 9.7634113480337 9.33499979134649 -9999 -9999 -9999 -9999 -9999 -9999 -9999 -9999 -9999 -9999 -9999 -9999 -9999 -9999 -9999
-9999 -9999 -9999 -9999 -9999 12.2002624459565 11.7773623741232 11.4483657212928 12.2002624459565 11.5877864798531 11.6950056331698 8.5246894643642 11.2872859765776 11.5185781300534 11.3912777975202 11.3317514448427 11.6153981012758 11.3299584824126 11.7113813566975 11.1923306862824 9.80008340626955 10.4247515168972 10.8400016156957 11.1381115023978 11.1286371114517 11.6523331273347 11.7787011194043 11.8171422339045 11.8574480293319 10.9201897259003 12.103442474734 12.1916562262923 12.063997301273 11.8746604686603 11.6399019211531 11.7111422950402 12.2576372437179 11.5880733538419 11.9349040063098 8.33908199360594 11.584917739965 12.5666482536486 11.1999422526903 12.9873613852467 12.10076400841 12.816380486633 12.0949997296557 -9999 -9999 -9999 -9999 -9999 -9999 -9999 -9999 -9999 -9999 -9999 -9999 -9999 -9999 -9999
-9999 -9999 -9999 -9999 -9999 11.6544846822508 12.0928639963968 11.4421979305334 11.4931180635467 11.9867803859524 11.9736319947988 11.8291192229372 11.8187200408429 11.6767174163833 11.4766228091903 11.6688283816911 9.15509505476803 11.6463565859012 9.68939785892144 9.24223302886821 10.4469842510298 10.1075166976079 10.8868577005342 10.2323068827391 8.59604936907999 11.2927843946964 11.2119815545157 11.6395672348328 11.0341196814552 12.3322244808078 12.0905331452377 12.0726035209373 12.1907956043258 12.3723868392408 12.3207495212555 12.18018126674 12.1636860123836 11.4754958042343 11.9549851855263 8.34467603638768 11.1190662570298 11.346453736769 11.7226172545925 12.6125413498708 12.5193219399365 12.039999730885 -9999 -9999 -9999 -9999 -9999 -9999 -9999 -9999 -9999 -9999 -9999 -9999 -9999 -9999 -9999 -9999
-9999 -9999 -9999 -9999 -9999 11.7914670119062 11.981521029491 11.5687810780946 11.3171208714135 11.9133884571493 11.8756167152897 11.8466902547516 11.6476714250166 11.6057161041535 11.5282601271756 11.6272316533141 11.8691620505415 11.7278766110539 8.58206426212564 9.45200963318348 11.1208990630694 11.6544846822508 10.8381289660465 11.6287556713796 11.6982329655439 10.8799249124713 11.5608203249052 11.0549180456437 12.0539567116648 12.0683004111052 12.1278267637827 11.5397350867279 12.3049714518711 12.3300729258917 12.1550797927193 12.3191717143171 11.9595147748233 11.6346903770231 11.6478865805082 11.6061942274682 11.8221625287086 11.8481246246956 12.4410977865599 11.9578539254144 11.432444214914 13.1373687193939 12.2549997260794 -9999 -9999 -9999 -9999 -9999 -9999 -9999 -9999 -9999 -9999 -9999 -9999 -9999 -9999 -9999
-9999 -9999 -9999 -9999 -9999 12.368322791066 11.5949583295733 11.6206335515715 11.4602709918283 11.8933072779328 11.8000732315704 11.6150395087898 11.6083457823843 11.6268730608281 11.6035645492375 11.9444664726034 11.8055716496892 8.53975034877658 8.48022399609908 11.6200598035939 11.2395419484404 11.5085375404451 11.741443360108 10.348490848206 10.4108859407715 10.4402905246243 10.9839167334139 11.6085848440416 11.5175023525953 12.1328470585868 12.4075289028697 11.7438937420957 12.3852961687371 12.0944776625838 12.4046601629816 12.5660267816857 12.4763786601834 12.5208441284485 12.4649037006311 12.4398022266105 11.702536075376 12.0148189031918 12.0612002798822 11.8387318150621 11.1586884053643 12.1299997288734 -9999 -9999 -9999 -9999 -9999 -9999 -9999 -9999 -9999 -9999 -9999 -9999 -9999 -9999 -9999 -9999
-9999 -9999 -9999 -9999 -9999 11.6155176321045 11.6935712632257 11.8474074397236 11.6100192139857 12.0513270334341 12.0011240853928 11.7269203644246 12.0298114842735 11.7670827228576 11.8263700138777 11.9659820217639 11.8763339002617 11.6600787250325 11.6182668411639 11.6556799905375 10.8576921783388 11.5308898054063 11.7792748673819 9.41615038458258 9.89738150080666 9.9748374777846 11.7264900534414 10.2050538538024 11.5344757302664 11.9772179196589 11.7104251100682 12.3350932206959 12.1235236539505 12.0313653850462 12.579653296154 12.6119266198948 12.6528061632998 12.6026032152586 12.4448225214146 11.8873307364993 11.5430819499306 8.91651152074337 9.49500347514238 13.3557704006784 11.8749997345731 -9999 -9999 -9999 -9999 -9999 -9999 -9999 -9999 -9999 -9999 -9999 -9999 -9999 -9999 -9999 -9999 -9999
-9999 -9999 -9999 -9999 -9999 11.6832745361275 11.6528112506494 11.7838170388713 11.8679667422548 11.1550848800689 11.5380616551265 11.6862798826769 11.6862798826769 11.3902020200621 11.741981248837 12.0661488561891 12.1173080508597 11.7240516245365 11.8777682702057 11.9934741123579 11.5938825521152 11.8165684859268 8.31527145253494 10.2165288133547 10.9172185310163 10.0537278247066 9.8629566221498 11.8385143460706 10.3750266921706 11.9800866595469 12.3099917466752 10.6776787503622 12.4548631110229 12.4749442902394 11.7097079250962 11.9069337924011 12.7711416836828 12.5703298915178 12.7141927144985 12.7888561524916 12.6065361651051 10.6449751156382 12.5338759543246 12.9073070461092 12.7641780489545 11.8085258976128 -9999 -9999 -9999 -9999 -9999 -9999 -9999 -9999 -9999 -9999 -9999 -9999 -9999 -9999 -9999 -9999
-9999 -9999 -9999 -9999 -9999 11.6749961724505 11.2791920318933 11.8954588328488 12.063997301273 11.5339976069517 11.6953642256558 11.478630927112 11.6871165984776 11.2935015796684 11.7178360214457 12.2005015076138 11.8368887268007 11.9129103338346 11.9741101181135 11.8964150794782 11.9564195554703 10.8397625540383 12.3337783815805 11.7500495797722 12.140018908307 11.8300515634008 12.1375804794021 12.2260811049491 12.4825942632742 12.4433881514706 12.3781243190169 12.1679891222157 12.2633747234941 12.2497482090257 12.7130048768886 12.8380789477378 12.6953591383062 12.459883405827 11.8010435406502 12.403242092696 12.3193407650605 12.4286629706621 12.2235175501555 -9999 -9999 -9999 -9999 13.2249997043982 13.2249997043982 -9999 -9999 -9999 -9999 -9999 -9999 -9999 -9999 -9999 -9999 -9999 -9999 -9999
-9999 -9999 -9999 -9999 -9999 12.2899105674587 11.4754753132351 11.8164250489324 12.0649535479024 12.2599083294626 11.9117150255479 11.7069587160368 11.6736096148379 11.5779849519022 11.7997146390844 11.6340449105483 12.029859296605 12.0922543891706 12.1443220181391 12.103442474734 12.2815434094518 12.3355713440105 12.2153233303688 12.0178105890751 12.3898383402266 12.3733430858701 12.3236182611436 11.9901272491552 12.2153233303688 12.3487197351642 12.2087252286263 12.0403301971965 12.7730883286068 12.4849848798476 12.4476912613027 12.7442472472321 12.7791741553694 11.6030266605085 12.4346026355634 -9999 -9999 -9999 -9999 -9999 -9999 -9999 -9999 -9999 -9999 -9999 -9999 -9999 -9999 -9999 -9999 -9999 -9999 -9999 -9999 -9999 -9999 -9999
-9999 -9999 -9999 -9999 -9999 12.1048768446781 12.0847956654616 12.1431745221838 12.1761172185652 12.1597414950375 11.7967741806991 11.5820490000769 11.4935483745299 11.6170476267114 11.9890514716972 11.7936185668223 11.8579261526465 11.7964873067103 11.6293832082301 6.60191655438393 11.1806047119899 12.4718706403593 12.3915117718279 12.1751609719358 12.3472853652202 12.4304788219742 12.4443443980999 12.5433159242384 12.1299783186987 12.7182749057455 12.5571336880326 11.5289773121476 12.7919400478713 11.8251747055911 12.5764976822771 12.5065004290082 12.6061891401187 12.6528061632998 12.8286552914388 12.533163070865 11.6199997402728 -9999 -9999 -9999 -9999 -9999 -9999 -9999 -9999 -9999 -9999 -9999 -9999 -9999 -9999 -9999 -9999 -9999 -9999 -9999 -9999 -9999
-9999 -9999 -9999 -9999 -9999 12.522421935387 11.8603167692199 12.3401135155 11.8502761796117 11.9729148098268 11.7254859944806 11.6437269076705 11.4500869652256 11.5074617629871 11.9473352124915 11.5641193757765 11.9888363162056 12.046928298939 12.263169813502 12.0814488022588 12.0876644053496 11.9205603068694 11.6379894278944 12.3705221583135 12.325913253054 12.1204158524051 12.4926348528825 12.6602170746773 12.6162297297269 12.6948810149916 12.3460900569335 12.3960539433174 12.7791741553694 12.8109454496298 12.4750877272338 12.334089161735 12.6121656815521 12.6245968877338 12.9794260805563 9.58639459023756 13.6142337682474 14.0299996864051 12.5562175420684 12.3870631665273 10.7300332533196 12.6799997165799 -9999 -9999 -9999 -9999 -9999 -9999 -9999 -9999 -9999 -9999 -9999 -9999 -9999 -9999 -9999 -9999
-9999 -9999 -9999 -9999 -9999 12.6485030534677 12.2052827407606 12.2706900102086 12.6517303858418 10.2057710387744 11.4075339902192 11.6464522105642 11.6100192139857 11.8809102234165 11.9320352664217 11.7381084499881 11.8958686528328 11.9400677381083 11.4802087340504 11.7900326419622 11.6004567476921 11.2031362731941 11.9030609935522 11.8689229888842 12.0872340943664 12.1794640817679 11.9466180275194 12.5758283096366 12.539490937721 12.5406862460077 12.7681295068003 12.7420239738189 12.8150334039703 12.8058534363285 8.41639453358948 12.4631107382011 13.1818878608569 12.8343113360181 12.7051606662571 12.8148899669759 12.5576596236788 12.4749442902394 12.6872310419567 12.6499374234118 10.6855677850544 13.2621883903082 13.4549996992573 -9999 -9999 -9999 -9999 -9999 -9999 -9999 -9999 -9999 -9999 -9999 -9999 -9999 -9999 -9999
-9999 -9999 -9999 -9999 -9999 12.3560350218788 11.4022746337578 11.3864965643734 11.3703001370886 11.26415676123 11.7407517888849 11.7005279574543 11.8194372258149 11.9906053724699 11.8303384373896 11.7337336216588 11.7744338688208 11.683620321739 10.8934489719437 11.465506442124 10.5983102801256 11.8870916748419 11.5346123369278 11.9674642040394 12.2724590664729 12.3324635424651 12.31405579485 12.5562252537347 12.6900997818448 12.7870631900616 12.7907925519161 12.8245002456009 12.5120944717899 8.34252448147163 8.05134738283232 8.26363413454965 12.6685842326842 11.5634021908045 12.2322967080399 12.1450392031111 12.1228064689785 12.6126438048668 12.6477858684957 12.737433989998 13.2658158484521 13.1835046532349 -9999 -9999 -9999 -9999 -9999 -9999 -9999 -9999 -9999 -9999 -9999 -9999 -9999 -9999 -9999 -9999
-9999 -9999 -9999 -9999 -9999 9.17637154227123 11.677195539698 11.3221889785491 11.585634924937 12.4453006447293 12.3764508874156 12.2432935442775 11.901913497597 12.2650481550954 11.6081067207269 11.4751884392463 11.801417953393 11.9117747909622 11.6800984312514 11.8346005652233 11.0524796167389 12.141453278251 12.1410229672678 11.5084863129471 11.983313991921 12.22016432893 12.3691595068667 12.4385471529095 12.1836237546057 12.6047547701746 12.8364055161364 12.6743217124604 12.7316965102218 7.31479841656983 7.75514998938888 12.8141727820039 12.6097750649787 12.50004576426 12.140018908307 11.6803033412434 12.221060810145 12.2138889604248 12.498611394316 12.3250526310876 12.7105395535473 12.1553817653391 10.522855065326 -9999 -9999 8.71556312191699 8.68499980587512 -9999 -9999 -9999 10.9150669761002 -9999 -9999 -9999 -9999 -9999 -9999 -9999
-9999 -9999 -9999 -9999 -9999 11.6210160502233 12.3772636970505 12.4336344358511 11.4104027301073 12.2718375061639 12.4281838300638 12.0464774969566 12.3403525771573 12.1861578081734 11.8383230967447 11.9898881874979 11.505617573059 10.5818150257692 11.4323964025825 12.0898159602657 11.9217556151561 10.5414136056788 9.98153120419011 12.1252448978834 12.3766899490729 10.7615893920884 10.8108360935003 12.4109355314868 12.7103602573043 12.6288999975659 12.778851422132 12.5301675330848 12.6071931990795 12.8460157947615 12.8303811623715 12.9018127855845 12.976615178166 12.8168980848975 12.4844726048676 10.3348643337376 11.4931180635467 12.0202490179799 8.90174989010496 13.0131640277015 12.3893602169119 12.4476912613027 11.2048097047955 7.70288513455307 8.67350534605794 9.06544693326578 9.06499979738146 -9999 -9999 9.90517647845335 9.8877641679032 -9999 -9999 -9999 -9999 -9999 -9999 -9999
-9999 -9999 -9999 -9999 -9999 12.2364085685462 12.2959349212237 12.3236182611436 12.2311013997532 11.6422925377265 12.315585789457 11.3769340980798 12.0399716047104 12.0051881335676 11.814130057022 11.5999786243774 11.4742663442822 11.5734427804127 10.7032583476976 11.2327799187042 11.2801141268574 12.0576450915209 11.994908482302 11.9676554533653 12.6110659979284 12.6932553957216 12.485128316842 12.5091898726532 12.777954940917 12.8136348932749 12.8814088731306 12.5858688992448 11.8875697981566 11.8366496651433 11.8273262605071 9.78478346019983 12.7465183329768 12.5844345293008 12.4387264491525 12.5165410186164 12.2253639199771 9.85004729265347 11.4149449015968 11.505310208071 11.8980406987481 9.45810824865475 8.04999982006848 12.2643110483186 12.2119847106715 10.3931976991013 7.56716999320968 7.92258794983881 7.82499982509762 11.4031625770565 10.428815565072 -9999 -9999 -9999 -9999 -9999 -9999 -9999
-9999 -9999 -9999 -9999 -9999 11.5473850597627 11.4254636145197 11.5215664007701 12.5990172903985 11.8050935263745 11.6372722429223 11.4350260808133 11.5949583295733 11.5978270694613 11.5806146301329 11.5612506358884 11.6444440926425 11.3613609386874 10.666920975782 12.3483611426782 12.179822674254 11.8152536468115 11.863083054112 12.7139103229158 12.7933744178154 12.5993041643873 11.384823132772 12.6216803355142 12.6439608819783 12.621250024531 12.8262214895338 12.8625110491179 12.9007131019607 12.2296670298092 11.982955399435 12.970232231915 12.1696284021517 13.0538258023903 8.21215232269097 8.93525395467877 13.2027109614852 12.8978456871907 12.8109265763411 11.901196312625 13.065463362584 9.16086241725134 9.48999978788197 9.85325069144582 10.6922017460456 12.9455833725246 8.8726437066216 9.4957772998542 12.3183012001441 11.3953699705958 10.5575327919011 -9999 -9999 -9999 -9999 -9999 -9999 -9999
-9999 -9999 -9999 -9999 -9999 12.1450392031111 11.6846064510755 12.2411419893615 12.2748496830463 11.636315996293 12.1970351135824 11.9092287843116 11.5727255954407 11.5569475260563 11.6810205262154 11.6451612776145 11.3647419535555 11.2478408031166 10.6615420884918 12.0575426365249 11.9980162838474 12.2649525304325 12.3515884750523 12.6520889783278 12.1048768446781 12.491869855579 12.6268440673128 12.6704489136115 12.9902416926343 12.8442945508286 12.2397076194175 12.0747550758533 11.8918729079887 13.0583025464788 7.33989989059046 8.07501448690891 8.75258719936133 8.45249133576815 7.8349998248741 9.97229225068282 12.7969316552766 9.40969571983442 12.5167800802737 11.8463316622656 11.7527390234172 12.4212164543569 8.5313831907697 8.44499981123954 11.3469270788506 11.6293832082301 11.4221167513169 11.7749717575498 12.2325357696973 8.22010100674816 12.0749558876455 10.5249997647479 -9999 -9999 -9999 -9999 -9999 -9999
-9999 -9999 -9999 -9999 -9999 11.7192703913897 12.1697820846457 12.3590471987613 12.4316263179295 11.9870194476098 12.0448723686859 12.1543626077473 12.2138889604248 12.4295225753449 11.5598162659444 11.5992614394054 11.6179082486778 11.5373444701545 11.997155661881 11.8963194548152 11.959862043336 12.3457075582817 12.3127170495689 12.5760673712939 12.7925137958489 12.7104678350501 12.674895460438 12.7659779518843 12.700857556425 12.9337633760879 12.3910336485133 12.2095858505927 9.45702992798761 7.39225439354777 13.3753939287737 13.7397307248919 13.5242432790995 13.15422879489 -9999 9.95704518677667 8.43360697291791 8.36188847571611 11.5594576734584 11.6089434365276 12.5781292780885 13.8030404611491 -9999 10.8004130052403 11.1675160862505 11.8273262605071 11.901196312625 12.0575426365249 12.1751609719358 11.8177159818821 11.3649997459725 -9999 -9999 -9999 -9999 -9999 -9999 -9999
