EcologicalScience/Bass/data/rs_data_bass/sst_405.asc
NCOLS 226 
NROWS 124 
XLLCORNER -9.41648524995501 
YLLCORNER 47.587301625531 
CELLSIZE 0.0833 
NODATA_value -9999 
[rows 0 to 26 of 124, columns 62 to 123 of 226]
-9999 -9999 -9999 -9999 -9999 -9999 -9999 -9999 -9999 -9999 -9999 -9999 -9999 -9999 -9999 -9999 -9999 -9999 -9999 -9999 -9999 -9999 -9999 -9999 -9999 -9999 -9999 -9999 -9999 -9999 -9999 -9999 -9999 -9999 -9999 -9999 -9999 -9999 -9999 -9999 -9999 -9999 -9999 -9999 -9999 -9999 -9999 -9999 -9999 -9999 -9999 -9999 -9999 -9999 -9999 -9999 -9999 -9999 -9999 -9999 -9999 -9999
-9999 -9999 -9999 -9999 -9999 -9999 -9999 -9999 -9999 -9999 -9999 -9999 -9999 -9999 -9999 -9999 -9999 -9999 -9999 -9999 -9999 -9999 -9999 -9999 -9999 -9999 -9999 -9999 -9999 -9999 -9999 -9999 -9999 -9999 -9999 -9999 -9999 -9999 -9999 -9999 -9999 -9999 -9999 -9999 -9999 -9999 -9999 -9999 -9999 -9999 -9999 -9999 -9999 -9999 -9999 -9999 -9999 -9999 -9999 -9999 -9999 -9999
-9999 -9999 -9999 -9999 -9999 -9999 -9999 -9999 -9999 -9999 -9999 -9999 -9999 -9999 -9999 -9999 -9999 -9999 -9999 -9999 -9999 -9999 -9999 -9999 -9999 -9999 -9999 -9999 -9999 -9999 -9999 -9999 -9999 -9999 -9999 -9999 -9999 -9999 -9999 -9999 -9999 -9999 -9999 -9999 -9999 -9999 -9999 -9999 -9999 -9999 -9999 -9999 -9999 -9999 -9999 -9999 -9999 -9999 -9999 -9999 -9999 -9999
-9999 -9999 -9999 -9999 -9999 -9999 -9999 -9999 -9999 -9999 -9999 -9999 -9999 -9999 -9999 -9999 -9999 -9999 -9999 -9999 -9999 -9999 -9999 -9999 -9999 -9999 -9999 -9999 -9999 -9999 -9999 -9999 -9999 -9999 -9999 -9999 -9999 -9999 -9999 -9999 -9999 -9999 -9999 -9999 -9999 -9999 -9999 -9999 -9999 -9999 -9999 -9999 -9999 -9999 -9999 -9999 -9999 -9999 -9999 -9999 -9999 -9999
-9999 -9999 -9999 -9999 -9999 -9999 -9999 -9999 -9999 -9999 -9999 -9999 -9999 -9999 -9999 -9999 -9999 -9999 -9999 -9999 -9999 -9999 -9999 -9999 -9999 -9999 -9999 -9999 -9999 -9999 -9999 -9999 -9999 -9999 -9999 -9999 -9999 -9999 -9999 -9999 -9999 -9999 -9999 -9999 -9999 -9999 -9999 -9999 -9999 -9999 -9999 -9999 -9999 -9999 -9999 -9999 -9999 -9999 -9999 -9999 -9999 -9999
-9999 -9999 -9999 -9999 -9999 -9999 -9999 -9999 -9999 -9999 -9999 -9999 -9999 -9999 -9999 -9999 -9999 -9999 -9999 -9999 -9999 -9999 -9999 -9999 -9999 -9999 -9999 -9999 11.1099997516721 11.5576647110283 11.5296944971196 11.7799920523539 11.6508987573907 11.5673467081506 11.785012347158 11.5347147919238 11.5404522716999 11.6006958093494 11.4895321386866 11.305215600878 11.2327799187042 11.5096133179031 11.3683278784156 11.3346201847307 11.3503982541151 11.3339029997587 11.3697622483596 11.4314401559532 11.3798028379679 11.3288827049546 11.343226404395 11.3597216587514 11.3274483350106 11.2629016875289 11.2327799187042 11.1488692769781 11.2134159244597 11.1947691151872 11.2313455487601 11.385540317744 11.1624957914464 11.184728525579
-9999 -9999 -9999 -9999 -9999 -9999 -9999 -9999 -9999 -9999 -9999 -9999 -9999 -9999 -9999 -9999 -9999 -9999 -9999 -9999 -9999 -9999 -9999 -9999 -9999 -9999 -9999 7.99397258507088 11.5347147919238 11.7348093991168 11.6989501505159 11.6673940117471 11.6451612776145 11.7893154569902 11.7398296939209 11.6824548961595 11.6960814106278 11.6437269076705 11.6336863180622 11.546189751476 11.5268257572316 11.5634021908045 11.5892208497971 11.463713479694 11.425702676177 11.4687337744981 11.5110476878472 11.3869746876881 11.3869746876881 11.3884090576321 11.4135105316527 11.3324686298147 11.2349314736202 11.265053242445 11.2277596239001 11.2880031615496 11.2894375314936 11.3396404795349 11.4156620865688 11.4099246067926 11.4816431039944 10.9150669761002
-9999 -9999 -9999 -9999 -9999 -9999 -9999 -9999 -9999 -9999 -9999 -9999 -9999 -9999 -9999 -9999 -9999 -9999 -9999 -9999 -9999 -9999 -9999 -9999 -9999 -9999 11.8502761796117 11.7383953239769 11.665242456831 11.6960814106278 11.7613452430815 11.7670827228576 11.7742545725778 11.7011017054319 11.8015076015145 11.782860792242 11.7541733933613 11.7505874685012 11.662373716943 11.6673940117471 11.6293832082301 11.5992614394054 11.5504928613082 11.5404522716999 11.5196539075114 11.4959868034348 11.4873805837706 11.4938352485187 11.4400463756174 11.3690450633876 11.3611560286954 11.3238624101505 11.3145390055142 11.3331858147867 11.2958921962418 11.2865687916055 11.2528610979207 11.2743766470812 11.5798974451609 11.3260139650665 11.1101412884891 10.945905929897
-9999 -9999 -9999 -9999 -9999 -9999 -9999 -9999 -9999 -9999 -9999 -9999 -9999 -9999 -9999 -9999 -9999 -9999 -9999 -9999 -9999 -9999 -9999 -9999 -9999 -9999 11.78214360727 12.0898159602657 11.8890041681007 11.7312234742567 11.864619879052 11.8158513009548 11.8029419714585 11.7950529367663 11.8165684859268 11.7498702835292 11.8058107113466 11.741981248837 11.6724143065512 11.6989501505159 11.6874751909636 11.6853236360475 11.5978270694613 11.5691396705806 11.5655537457205 11.6128879538737 11.543321011588 11.4314401559532 11.4687337744981 11.3554185489193 11.3238624101505 11.306649970822 11.2750938320532 11.3554185489193 11.3331858147867 11.3776512830518 11.3331858147867 11.3482466991991 11.2571642077528 11.2707907222211 11.2306283637881 11.3346201847307
-9999 -9999 -9999 -9999 -9999 -9999 -9999 -9999 -9999 -9999 -9999 -9999 -9999 -9999 -9999 -9999 -9999 -9999 -9999 -9999 -9999 -9999 -9999 -9999 -9999 11.8452558848076 12.0037537636235 11.9198431218974 11.9693288849667 12.0130771682598 11.9721976248547 11.9521164456382 12.0353099023923 11.9105197172612 11.903347867541 11.8545792894438 11.8337809252553 11.8459730697796 11.7979216766544 11.7914670119062 11.7728202026337 11.7455671736971 11.7003845204599 11.6279488382861 11.6329691330902 11.5727255954407 11.5218054624274 11.5131992427632 11.6171910637058 11.542603826616 11.5182195375673 11.4916836936027 11.5469069364481 11.5497756763361 11.3503982541151 11.3805200229399 11.3625903986394 11.3138218205422 11.304498415906 11.2901547164656 11.3403576645069 11.3719138032757
-9999 -9999 -9999 -9999 -9999 -9999 -9999 -9999 -9999 -9999 -9999 -9999 -9999 -9999 -9999 -9999 -9999 -9999 -9999 -9999 -9999 -9999 -9999 -9999 11.8502761796117 12.2921517704963 11.8495589946397 11.9506820756942 12.0761894457974 12.1471907580271 12.0840784804896 12.020966202952 11.9578539254144 11.943510225974 11.8753776536323 11.8689229888842 11.8122653760947 11.8438215148635 11.8187200408429 11.7405468788929 11.7713858326897 11.6982329655439 11.5504928613082 11.6372722429223 11.6207769885659 11.5906552197412 11.544755381532 11.543321011588 11.4594103698619 11.2428205083124 11.6322519481182 11.6946470406838 11.2844172366895 11.383388762828 11.2980437511578 11.2808313118294 11.3080843407661 11.4178136414848 11.3095187107101 11.3754997281358 11.4049043119885 11.3941465374082
-9999 -9999 -9999 -9999 -9999 -9999 -9999 -9999 -9999 -9999 -9999 -9999 -9999 -9999 -9999 -9999 -9999 -9999 -9999 -9999 -9999 -9999 -9999 -9999 11.9549851855263 11.8488418096676 11.9650257751346 12.0396130122244 12.0080568734556 12.1306955036707 12.0360270873643 11.9399243011139 11.8129825610667 11.9105197172612 11.8789635784924 11.9083681623451 11.8158513009548 11.6465956475586 11.7075563701801 11.7491530985571 11.6745658614673 11.5877864798531 11.6186254336499 11.622928543482 11.5691396705806 11.4601275548339 11.504593023099 11.3891262426041 11.4339503033552 11.2399517684244 11.4974211733788 11.0983077364508 11.3618732136674 11.4924008785747 11.3991668322124 11.3991668322124 11.3417920344509 11.3001953060739 11.3295998899266 11.3547013639472 11.3138218205422 11.3116702656262
-9999 -9999 -9999 -9999 -9999 -9999 -9999 -9999 -9999 -9999 -9999 -9999 -9999 -9999 -9999 -9999 -9999 -9999 -9999 -9999 -9999 -9999 -9999 11.9899997320026 11.980803844519 12.0338755324483 12.0525223417208 11.9714804398827 12.0553910816088 12.0195318330079 11.8129825610667 11.6803033412434 11.6889095609076 11.8036591564305 11.8431043298915 11.7979216766544 11.6301003932022 11.5569475260563 11.5411694566719 11.5375835318118 11.3346201847307 11.4751884392463 11.5017242832109 11.3518326240592 11.4192480114289 11.3891262426041 11.3572115113493 11.3016296760179 11.1890316354111 11.2994781211019 11.224890884012 11.2471236181445 11.2851344216615 11.5332804219797 11.2707907222211 11.2098299995996 11.2801141268574 11.0599383404478 11.2837000517175 11.185445710551 11.1962034851313 11.2342142886482
-9999 -9999 -9999 -9999 -9999 -9999 -9999 -9999 -9999 -9999 -9999 -9999 -9999 -9999 -9999 -9999 -9999 -9999 -9999 -9999 -9999 10.3089677198567 11.7900326419622 12.061128561385 12.1063112146221 11.9635914051905 11.9600054803304 11.9356211912818 11.902630682569 11.7319406592287 11.5512100462802 11.6745658614673 11.8101138211787 11.624362913426 11.704687630292 11.3511154390872 11.3166905604303 11.2112643695436 10.9889370282181 11.0498977508396 11.2514267279766 11.4672994045541 11.5182195375673 11.4328745258972 11.2040925198235 11.1424146122299 11.3292412974406 11.4199651964009 11.4701681444421 11.30593278585 11.2629016875289 11.2944578262977 11.3181249303743 11.2837000517175 11.2987609361298 11.2069612597115 11.0886257393286 11.1122928434052 10.9150669761002 11.2621845025569 11.2033753348514 10.8799249124713
-9999 -9999 -9999 -9999 -9999 -9999 -9999 -9999 -9999 -9999 -9999 -9999 -9999 -9999 -9999 -9999 -9999 -9999 -9999 -9999 8.83961804178269 11.5547959711403 11.4436323004775 11.9205603068694 11.8466902547516 11.7778404974379 11.8574480293319 11.8976103877649 11.7376781390049 11.5906552197412 11.6824548961595 11.6214941735379 11.6702627516352 11.6372722429223 11.6114535839297 11.6344035030343 11.5282601271756 11.503158653155 11.3919949824922 11.3625903986394 11.1997894099914 11.1596270515583 11.462996294722 11.3561357338913 11.1330912075937 11.2822656817734 11.2901547164656 11.3102358956821 11.2148502944037 11.2883617540356 11.1761223059148 11.1782738608308 11.2822656817734 11.2973265661858 11.2937406413257 11.2349314736202 10.9910885831341 11.0154728721827 11.2155674793757 11.2750938320532 11.3417920344509 11.2772453869693
-9999 -9999 -9999 -9999 -9999 -9999 -9999 -9999 -9999 -9999 -9999 -9999 -9999 -9999 -9999 -9999 -9999 -9999 -9999 -9999 10.9614633269823 11.5081789479591 11.5999786243774 11.784295162186 11.8409527749754 11.9047822374851 11.7893154569902 11.903347867541 11.7907498269342 11.8029419714585 11.7921841968782 11.7505874685012 11.7132938499562 11.7527390234172 11.7520218384452 11.7348093991168 11.544755381532 11.7204656996764 11.6200598035939 11.5354319768958 11.4070558669046 11.6049989191815 11.5418866416439 11.4271370461211 11.3174077454023 11.3145390055142 11.0606555254199 11.0470290109515 11.3640247685835 11.0176244270988 11.0706961150281 11.1216162480414 11.2908719014376 11.264336057473 11.2987609361298 11.2155674793757 11.0520493057556 11.0083010224625 11.0509735282976 11.147434907034 11.2220221441239 11.224890884012
-9999 -9999 -9999 -9999 -9999 -9999 -9999 -9999 -9999 -9999 -9999 -9999 -9999 -9999 -9999 -9999 -9999 -9999 9.91000395631418 11.5899380347691 11.502441468183 11.6329691330902 11.8129825610667 11.9069337924011 11.7950529367663 11.8058107113466 11.7914670119062 11.7663655378856 11.7993560465984 11.8093966362067 11.7749717575498 11.7376781390049 11.6516159423627 11.6473128325306 11.6595049770549 11.6093020290136 11.6480300175026 11.6609393469989 11.582766185049 11.5669881156646 11.5963926995173 11.5698568555526 11.5017242832109 11.3869746876881 11.2765282019973 11.2743766470812 11.1409802422859 11.1574754966423 11.0542008606717 10.9294106755406 10.826853224542 10.8576921783388 10.9609668143094 11.0957975890487 11.1409802422859 11.1316568376496 11.0190587970428 10.9243903807364 10.9803308085538 11.0190587970428 11.1001006988809 11.1381115023978
-9999 -9999 -9999 -9999 -9999 -9999 -9999 -9999 -9999 -9999 -9999 -9999 -9999 -9999 -9999 -9999 7.72842798251659 11.2300136338121 11.3252967800945 11.4271370461211 11.3346201847307 11.6379894278944 11.6760002314113 11.7606280581094 11.784295162186 11.8911557230167 11.8309121853672 11.6724143065512 11.7520218384452 11.863185509108 11.7634967979975 11.6760002314113 11.7391125089489 11.6896267458797 11.5497756763361 11.5755943353288 11.5117648728192 11.5533616011962 11.5268257572316 11.4967039884068 11.4608447398059 11.3934293524362 11.304498415906 11.2887203465216 11.1646473463625 11.0542008606717 11.0097353924066 10.9738761438057 11.0563524155878 10.948057484813 10.828287594486 10.8404797390103 10.9982604328543 11.0391399762593 10.987502658274 10.9738761438057 10.9258247506805 10.9659871091135 10.9329966004007 10.9659871091135 11.0620898953639 11.0907772942446
-9999 -9999 -9999 -9999 -9999 -9999 -9999 -9999 -9999 -9999 -9999 7.81999982520938 7.81999982520938 -9999 -9999 -9999 7.95028839064762 10.9683777256869 11.2499923580326 11.5383007167839 11.5497756763361 11.3116702656262 11.5870692948811 11.6659596418031 11.7233344395645 11.7211828846484 11.7520218384452 11.7692342777736 11.7412640638649 11.7570421332493 11.7254859944806 11.702536075376 11.7190313297324 11.6709799366072 11.62579728337 11.6057161041535 11.5490584913641 11.4708853294142 11.4608447398059 11.4522385201417 11.4278542310931 11.1130100283772 11.2607501326129 11.1510208318941 11.1911831903271 11.1008178838529 10.9910885831341 10.9774620686658 10.9760276987217 10.9172185310163 10.8318735193461 10.9294106755406 10.8562578083947 10.9372997102328 10.9329966004007 10.9172185310163 10.8827936523594 11.0176244270988 11.0126041322947 10.9996948027983 11.0506149358116 11.147434907034
-9999 -9999 -9999 -9999 -9999 -9999 -9999 -9999 -9999 -9999 -9999 -9999 -9999 -9999 -9999 -9999 -9999 -9999 7.86537894030141 11.1997894099914 11.2808313118294 11.425702676177 11.5576647110283 11.6659596418031 11.6344035030343 11.6803033412434 11.703253260348 11.6975157805718 11.7132938499562 11.703253260348 11.6544846822508 11.6049989191815 11.5978270694613 11.5612506358884 11.4787743641064 11.4723196993582 11.3934293524362 11.3496810691431 11.3539841789752 11.3503982541151 11.3382061095908 11.2629016875289 11.1531723868102 11.1029694387689 11.0585039705038 10.9788964386098 10.8978545367718 10.8612781031989 10.7981658256613 10.9258247506805 10.9129154211842 10.907177941408 10.8017517505214 10.8978545367718 10.8863795772195 10.9609668143094 10.9803308085538 10.9738761438057 11.0857569994405 11.1409802422859 11.1416974272579 11.2729422771372
-9999 -9999 -9999 -9999 -9999 -9999 -9999 -9999 -9999 -9999 -9999 -9999 -9999 -9999 9.40406192945182 11.4947914951481 11.1001006988809 11.2026581498794 10.8949857968837 11.2223807366099 11.2973265661858 11.3590044737794 11.3195593003184 11.4213995663449 11.5806146301329 11.6494643874466 11.6487472024746 11.6738486764953 11.663090901915 11.6286660232581 11.6501815724187 11.6465956475586 11.5569475260563 11.5002899132669 11.424985491205 11.3597216587514 11.3145390055142 11.2507095430046 11.2621845025569 11.2908719014376 11.2779625719413 11.1997894099914 11.0742820398882 11.0821710745804 11.1409802422859 10.9136326061562 10.9423200050369 10.8455000338145 10.8469344037585 10.8770561725833 10.8863795772195 10.9279763055965 11.0147556872107 10.8404797390103 10.8103579701856 10.8913998720236 10.9315622304566 11.107272548601 11.2198705892079 11.3496810691431 11.4335917108692 11.5885036648251
-9999 -9999 -9999 -9999 -9999 -9999 -9999 -9999 -9999 -9999 -9999 -9999 6.17999986186624 11.0936460341327 11.1323740226217 11.1911831903271 11.1603442365304 11.2865687916055 11.2693563522771 11.3991668322124 11.2112643695436 11.424985491205 11.4099246067926 11.4378948207013 11.4687337744981 11.4909665086307 11.5540787861682 11.5806146301329 11.6107363989577 11.5863521099091 11.5239570173435 11.5010070982389 11.4335917108692 11.3245795951225 11.2564470227808 11.1897488203831 11.1646473463625 11.1646473463625 11.1015350688249 11.1381115023978 11.0355540513992 10.9408856350929 10.8756218026392 10.8569749933667 10.787408051081 10.9028748315759 10.8562578083947 10.9753105137497 10.8878139471635 10.9043092015199 11.0233619068749 10.9982604328543 11.0699789300561 11.1137272133492 11.1101412884891 11.1933347452432 11.3640247685835 11.4472182253376 11.2915890864097 11.4931180635467 11.6322519481182 11.701818890404
-9999 -9999 -9999 -9999 -9999 -9999 -9999 -9999 -9999 -9999 7.76755376226559 11.3187396603503 10.9788964386098 11.2521439129487 11.2306283637881 11.2693563522771 11.1488692769781 11.133330269251 10.5650807097554 11.0506149358116 11.1897488203831 11.2306283637881 11.1919003752992 11.3783684680238 11.4056214969605 11.4716025143862 11.4515213351697 11.5612506358884 11.5590990809724 11.5175023525953 11.4221167513169 11.3919949824922 11.3410748494789 11.1273537278175 11.0599383404478 11.1983550400473 11.2277596239001 11.1667989012785 11.105838178657 11.0635242653079 10.9961088779382 10.8483687737025 10.7909939759411 10.7422253978439 10.7515488024801 10.8605609182268 10.905743571464 11.0068666525185 11.0305337565951 11.0377056063153 11.06424145028 11.1359599474818 11.1431317972019 11.1768394908868 11.3769340980798 11.4034699420445 11.462996294722 11.7613452430815 11.6967985955998 11.7670827228576 11.6788689712994 11.6559190521948
-9999 -9999 -9999 -9999 -9999 -9999 -9999 -9999 -9999 -9999 10.6449997620657 10.4655818417257 11.0047150976025 11.5397350867279 11.3353373697028 11.1877765617101 12.349999723956 -9999 -9999 9.22999979369342 -9999 9.75508026196373 11.705046222778 11.1603442365304 11.0986663289368 11.2277596239001 11.2385173984803 11.2521439129487 11.1632129764184 11.303781230934 11.1373943174258 10.6360820219852 11.2958921962418 11.1108584734611 11.0577867855318 11.0857569994405 11.0197759820148 11.1660817163065 11.1137272133492 10.9989776178263 10.8792077274993 10.7752159065567 10.7450941377319 10.7744987215847 10.8103579701856 10.828287594486 10.8913998720236 11.1660817163065 11.2478408031166 11.0355540513992 11.0384227912873 11.1165959532373 11.0606555254199 11.1503036469221 11.3475295142271 11.4285714160651 11.5892208497971 11.5748771503568 11.6774346013553 11.8531449194998 11.705404815264 11.5935239596292
-9999 -9999 -9999 -9999 -9999 -9999 -9999 -9999 -9999 -9999 -9999 -9999 -9999 -9999 -9999 -9999 -9999 -9999 -9999 -9999 -9999 -9999 -9999 -9999 -9999 11.9749980614121 11.3016296760179 11.065675820224 11.0879085543565 11.0886257393286 10.8784905425273 10.7795190163888 10.7680440568365 10.9014404616319 10.9645527391694 10.9624011842534 10.9609668143094 10.9487746697851 10.7809533863328 10.7716299816966 10.7228614035994 10.706366149243 10.66978971567 10.706366149243 10.7644581319764 10.8340250742622 10.8964201668277 11.3360545546748 11.3138218205422 11.4364604507573 11.2765282019973 11.303781230934 11.2521439129487 11.3109530806541 11.4120761617087 11.5978270694613 11.5497756763361 11.6487472024746 11.6078676590696 11.6516159423627 11.8933072779328 11.9721976248547
-9999 -9999 -9999 -9999 -9999 -9999 -9999 -9999 -9999 -9999 -9999 -9999 -9999 -9999 -9999 -9999 -9999 -9999 -9999 -9999 -9999 -9999 -9999 -9999 -9999 10.6396679468453 11.6458784625866 10.9380168952048 11.186880080495 11.2148502944037 11.4486525952816 11.1036866237409 11.0176244270988 10.9179357159883 10.8376109991223 10.8168126349337 10.788125236053 10.7766502765007 10.8354594442062 10.8713186928071 10.8533890685067 10.8505203286186 10.8727530627511 10.9968260629103 10.8813592824154 10.9014404616319 10.9681386640295 11.1223334330134 11.2048097047955 11.2944578262977 11.4278542310931 11.4479354103096 11.4041871270165 11.3841059478 11.4888149537146 11.6702627516352 11.6387066128664 11.8058107113466 11.7907498269342 11.8947416478768 11.863185509108 11.8337809252553
-9999 -9999 -9999 -9999 -9999 -9999 -9999 -9999 -9999 -9999 -9999 -9999 -9999 -9999 -9999 -9999 -9999 -9999 -9999 -9999 -9999 -9999 -9999 -9999 -9999 -9999 -9999 11.4859462138265 12.2947515660198 11.2786797569133 11.4751884392463 11.1553239417262 11.3697622483596 11.146717722062 10.946623114869 10.7329019932076 10.6540116462857 10.5966368485242 10.7264473284595 10.8992889067158 11.065675820224 11.0893429243006 11.0785851497203 11.1682332712226 11.186162895523 11.0075838374905 11.1259193578735 11.2844172366895 11.3998840171844 11.5103305028751 11.5634021908045 11.8273262605071 11.7885982720181 11.9958647289313 11.6401409828104 11.7003845204599 11.6760002314113 11.7383953239769 11.781426422298 12.0087740584277 12.0252693127841 12.0561082665808
