EcologicalScience/Bass/data/rs_data_bass/sst_70.asc
NCOLS 226 
NROWS 124 
XLLCORNER -9.41648524995501 
YLLCORNER 47.587301625531 
CELLSIZE 0.0833 
NODATA_value -9999 
[rows 81 to 107 of 124, columns 62 to 123 of 226]
16.4137496331241 -9999 -9999 -9999 -9999 -9999 -9999 -9999 -9999 -9999 -9999 -9999 -9999 -9999 -9999 -9999 -9999 -9999 -9999 -9999 -9999 -9999 -9999 -9999 -9999 -9999 -9999 -9999 -9999 -9999 -9999 -9999 -9999 -9999 -9999 -9999 -9999 -9999 -9999 -9999 -9999 -9999 -9999 -9999 -9999 -9999 -9999 -9999 -9999 -9999 -9999 -9999 -9999 -9999 -9999 -9999 -9999 -9999 -9999 -9999 -9999 -9999
17.3699996117502 -9999 -9999 -9999 -9999 -9999 -9999 -9999 -9999 -9999 -9999 -9999 -9999 -9999 -9999 -9999 -9999 -9999 -9999 -9999 -9999 -9999 -9999 -9999 -9999 -9999 -9999 -9999 -9999 -9999 -9999 -9999 -9999 -9999 -9999 -9999 -9999 -9999 -9999 -9999 -9999 -9999 -9999 -9999 -9999 -9999 -9999 -9999 -9999 -9999 -9999 -9999 -9999 -9999 -9999 -9999 -9999 -9999 -9999 -9999 -9999 -9999
-9999 -9999 -9999 -9999 -9999 -9999 -9999 -9999 -9999 -9999 -9999 -9999 -9999 -9999 -9999 -9999 -9999 -9999 -9999 -9999 -9999 -9999 -9999 -9999 -9999 -9999 -9999 -9999 -9999 -9999 -9999 -9999 -9999 -9999 -9999 -9999 -9999 -9999 -9999 -9999 -9999 -9999 -9999 -9999 -9999 -9999 -9999 -9999 -9999 -9999 -9999 -9999 -9999 -9999 -9999 -9999 -9999 -9999 -9999 -9999 15.3249996574596 -9999
-9999 -9999 -9999 -9999 -9999 -9999 -9999 -9999 -9999 -9999 -9999 -9999 -9999 -9999 -9999 -9999 -9999 -9999 -9999 -9999 -9999 -9999 -9999 -9999 -9999 -9999 -9999 -9999 -9999 -9999 -9999 -9999 -9999 11.3199997469783 11.209999749437 11.1449997508898 -9999 -9999 -9999 -9999 -9999 -9999 -9999 -9999 -9999 -9999 -9999 -9999 -9999 -9999 -9999 -9999 -9999 -9999 -9999 -9999 17.2699996139854 14.5387496750336 16.0849996404722 16.0849996404722 14.7149996710941 14.7149996710941
-9999 -9999 -9999 -9999 -9999 -9999 -9999 -9999 -9999 -9999 -9999 -9999 -9999 -9999 -9999 -9999 -9999 -9999 -9999 -9999 -9999 -9999 -9999 -9999 -9999 -9999 -9999 -9999 -9999 -9999 -9999 -9999 -9999 16.8220584475271 18.4649995872751 18.0599995963275 18.0599995963275 17.0924996179529 17.3724996116944 17.4199996106327 17.3974996111356 -9999 17.8774996004067 17.467499609571 18.4049995886162 18.4049995886162 17.8999995999038 17.634999605827 15.9449996436015 15.9399996437132 17.2799996137619 16.6662496274803 16.6699996273965 -9999 15.5449996525422 15.7149996487424 15.9649996431544 15.9499996434897 15.354999656789 15.0349996639416 14.5599996745586 14.4899996761233
-9999 -9999 -9999 -9999 -9999 -9999 -9999 -9999 -9999 -9999 -9999 -9999 -9999 17.0135710482885 17.0199996195734 17.489999609068 15.66499964986 15.7049996489659 16.4224996329285 -9999 -9999 -9999 -9999 -9999 -9999 11.894999734126 11.894999734126 17.6165513303773 16.307499635499 16.307499635499 17.3516662788267 16.5299996305257 16.5299996305257 17.862499600742 17.8724996005185 -9999 18.8796149626231 16.4449996324256 16.4649996319786 16.4649996319786 17.4524996099062 15.6899996493012 15.6749996496364 15.769999647513 17.1549996165559 15.5999996513128 14.6549996724352 14.6999996714294 14.6899996716529 15.2999996580184 15.1449996614829 15.7449996480718 15.8199996463954 15.9199996441603 15.809999646619 15.334999657236 14.6099996734411 14.8099996689707 14.8649996677414 14.649999672547 14.6099996734411 14.5549996746704
-9999 -9999 -9999 -9999 -9999 -9999 -9999 -9999 14.0504886779148 11.8233330690612 19.4449995653704 19.6949995597824 20.0149995526299 20.0649995515123 18.8999995775521 18.3249995904043 15.4249996552244 15.0199996642768 15.1699996609241 15.2049996601418 15.8224996463396 15.5399996526539 15.4774996540509 14.9974996647798 18.4549995874986 18.4549995874986 11.9818747321842 17.5749996071681 16.9049996221438 16.8499996233732 16.418332966355 17.1924996157177 17.137499616947 17.3299996126443 16.5174996308051 16.2849996360019 15.8574996455573 16.2024996378459 16.5549996299669 16.6899996269494 16.5849996292964 16.079999640584 15.8599996455014 15.6549996500835 14.504999675788 14.504999675788 14.4899996761233 14.4749996764585 14.4999996758997 14.3949996782467 14.8899996671826 14.8599996678531 14.9099996667355 14.7599996700883 14.7399996705353 14.5899996738881 14.4999996758997 14.4999996758997 14.5699996743351 14.6699996720999 14.6199996732175 14.5599996745586
-9999 -9999 -9999 -9999 -9999 -9999 -9999 -9999 16.9599996209145 20.1899995487183 20.0399995520711 19.5449995631352 19.1549995718524 19.2249995702878 18.4099995885044 17.1249996172264 17.779999602586 17.5949996067211 15.4849996538833 15.4749996541068 15.4649996543303 15.1874996605329 15.0049996646121 14.4899996761233 15.3849996561185 15.1449996614829 15.3799996562302 16.0649996409193 16.1449996391311 16.0949996402487 15.8749996451661 15.7349996482953 16.0449996413663 16.2549996366724 16.3649996342137 17.0849996181205 17.1049996176735 17.1249996172264 16.1474996390752 15.4899996537715 15.934999643825 15.7674996475689 15.3499996569008 14.2299996819347 15.0749996630475 14.3649996789172 14.2749996809289 14.3099996801466 14.3099996801466 14.2199996821582 14.3299996796995 14.5799996741116 14.6699996720999 14.649999672547 14.6749996719882 14.6449996726587 14.5799996741116 14.5299996752292 14.6449996726587 14.7199996709824 14.7649996699765 14.8199996687472
-9999 -9999 -9999 -9999 -9999 -9999 -9999 -9999 16.0669996408746 18.7449995810166 19.7099995594472 19.354999567382 18.1349995946512 17.6649996051565 15.7949996469542 16.0299996417016 16.5099996309727 16.0949996402487 16.0099996421486 15.8849996449426 14.9149996666238 15.4599996544421 15.4049996556714 15.499999653548 15.3099996577948 14.9949996648356 14.9949996648356 15.2599996589124 15.7499996479601 15.7299996484071 15.7499996479601 15.8499996457249 15.7999996468425 16.0349996415898 16.1849996382371 16.5249996306375 16.7349996259436 16.8699996229261 15.7399996481836 15.7049996489659 15.6599996499717 16.2499996367842 16.5099996309727 16.6049996288493 16.4149996330962 14.6999996714294 14.0749996853992 14.5999996736646 15.189999660477 14.6249996731058 14.7299996707588 14.6999996714294 14.4999996758997 14.524999675341 14.4299996774644 14.4349996773526 14.5649996744469 14.5749996742234 14.5749996742234 14.7149996710941 14.7649996699765 14.7999996691942
9.64576038879574 9.40499978978187 -9999 -9999 -9999 -9999 -9999 -9999 15.9709996430203 19.5249995635822 19.3399995677173 18.5549995852634 17.8849996002391 17.8699996005744 17.8299996014684 18.6899995822459 16.7399996258318 16.5349996304139 16.5649996297434 16.1549996389076 14.9299996662885 15.0899996627122 15.229999659583 15.499999653548 15.2499996591359 15.2349996594712 15.1049996623769 15.4199996553361 15.624999650754 15.7399996481836 15.8599996455014 15.8849996449426 15.7649996476248 15.7249996485189 15.914999644272 16.079999640584 16.2749996362254 16.1249996395782 15.5599996522069 14.629999672994 15.2949996581301 14.1049996847287 14.6899996716529 14.7399996705353 15.084999662824 14.2849996807054 13.7899996917695 13.8449996905401 14.1699996832758 14.3499996792525 14.6399996727705 14.7899996694177 14.5949996737763 14.4349996773526 14.4099996779114 14.4799996763468 14.5849996739998 14.6999996714294 14.6899996716529 14.774999669753 14.8849996672943 15.1149996621534
18.4049995886162 19.0249995747581 19.7099995594472 15.7524996479042 15.727499648463 -9999 16.1899624452926 19.3399995677173 19.4349995655939 19.5699995625764 18.6949995821342 18.0999995954335 17.9849995980039 18.5599995851517 17.7649996029213 18.0149995973334 17.5749996071681 17.219999615103 16.949999621138 16.8749996228144 16.4049996333197 16.1049996400252 15.3649996565655 14.8849996672943 14.9449996659532 14.8899996671826 15.3099996577948 14.9449996659532 14.9599996656179 15.1849996605888 15.2649996588007 15.4049996556714 15.519999653101 15.4499996546656 15.4449996547773 15.4199996553361 15.2149996599182 14.3949996782467 14.339999679476 14.5199996754527 14.8599996678531 14.4799996763468 14.3999996781349 14.7549996702 14.5399996750057 14.1349996840581 13.8299996908754 13.8499996904284 14.1699996832758 14.4499996770173 14.4099996779114 14.4899996761233 14.4449996771291 14.4349996773526 14.359999679029 14.4949996760115 14.6999996714294 14.8199996687472 14.8749996675178 15.0349996639416 15.20999966003 15.2999996580184
17.9399995990098 18.1449995944276 17.6649996051565 16.4599996320903 17.384999611415 17.7649996029213 15.6349996505305 15.6999996490777 18.6549995830283 19.0549995740876 16.2499996367842 16.804999624379 17.819999601692 19.2399995699525 19.3299995679408 18.8549995785579 18.4449995877221 16.5299996305257 17.2149996152148 16.9599996209145 15.6699996497482 15.2549996590242 15.1649996610358 14.7099996712059 14.7549996702 14.8499996680766 14.6699996720999 14.6649996722117 14.8499996680766 15.0749996630475 14.9899996649474 15.0949996626005 15.1949996603653 15.1649996610358 15.2549996590242 14.939999666065 14.6549996724352 14.2399996817112 14.2699996810406 14.5399996750057 14.4299996774644 14.339999679476 14.4449996771291 14.4549996769056 14.2999996803701 14.0749996853992 13.8999996893108 13.8799996897578 14.0549996858463 14.3249996798113 14.4199996776879 14.339999679476 14.4049996780232 14.3699996788055 14.3149996800348 14.5149996755645 14.7399996705353 14.8749996675178 14.9699996653944 15.1449996614829 15.3899996560067 15.4449996547773
19.1899995710701 18.4899995867163 17.5399996079504 17.7199996039271 17.5649996073917 17.1549996165559 16.4799996316433 17.1299996171147 17.3699996117502 18.7449995810166 17.384999611415 17.5349996080622 17.8949996000156 17.8499996010214 18.939999576658 19.0149995749816 18.7399995811284 18.2849995912984 17.9399995990098 17.0999996177852 16.0849996404722 16.3249996351078 15.3649996565655 14.6899996716529 14.8949996670708 14.7849996695295 14.6899996716529 14.6349996728823 14.6449996726587 14.7549996702 14.9299996662885 14.9299996662885 14.5999996736646 14.2599996812642 14.2899996805936 14.2599996812642 14.2549996813759 14.2999996803701 14.2599996812642 14.3099996801466 14.3649996789172 14.1699996832758 14.1349996840581 14.234999681823 14.5749996742234 14.5549996746704 14.0749996853992 13.9699996877462 13.9899996872991 14.069999685511 14.1899996828288 14.2899996805936 14.4249996775761 14.504999675788 14.6149996733293 14.6799996718764 14.7799996696413 14.9999996647239 15.2799996584654 15.4149996554479 15.5799996517599 15.6949996491894
18.4499995876104 18.2599995918572 18.2899995911866 18.524999585934 17.7199996039271 17.2599996142089 16.639999628067 16.909999622032 17.4099996108562 17.8499996010214 17.0599996186793 17.0299996193498 17.0999996177852 17.8649996006861 18.4549995874986 18.7299995813519 18.3349995901808 17.2099996153265 17.3149996129796 16.3999996334314 16.1399996392429 15.809999646619 15.0349996639416 14.5549996746704 14.7699996698648 14.7649996699765 14.7799996696413 14.7849996695295 14.8199996687472 14.5899996738881 14.4249996775761 14.3349996795878 14.2849996807054 14.1649996833876 14.1099996846169 14.2049996824935 14.5349996751174 14.5449996748939 14.4049996780232 14.5299996752292 14.4799996763468 14.2399996817112 14.2899996805936 14.504999675788 14.5449996748939 14.5449996748939 14.1399996839464 14.0549996858463 14.0449996860698 14.1249996842816 14.1899996828288 14.2949996804819 14.4499996770173 14.6899996716529 14.8149996688589 14.899999666959 15.1199996620417 15.4199996553361 15.5899996515363 15.7099996488541 15.7199996486306 15.8299996461719
18.1049995953217 17.8549996009097 18.0849995957687 17.7949996022508 17.7049996042624 17.5899996068329 17.2649996140972 17.0249996194616 17.3749996116385 17.819999601692 17.3099996130913 16.764999625273 16.7499996256083 16.8349996237084 16.2949996357784 16.4749996317551 16.2499996367842 16.5099996309727 16.5049996310845 15.6499996501952 15.4699996542186 15.3149996576831 15.0699996631593 14.8249996686354 14.899999666959 14.8499996680766 14.7699996698648 14.8849996672943 14.9049996668473 14.9499996658415 14.9449996659532 14.8149996688589 14.6199996732175 14.4349996773526 14.3749996786937 14.5149996755645 14.6699996720999 14.6099996734411 14.5449996748939 14.6199996732175 14.6099996734411 14.4199996776879 14.359999679029 14.5949996737763 14.7199996709824 14.6849996717647 14.1999996826053 14.0999996848404 14.1099996846169 14.1499996837229 14.3449996793643 14.5999996736646 14.7849996695295 14.8949996670708 15.1299996618181 15.4099996555597 15.7649996476248 15.9399996437132 16.1049996400252 16.0949996402487 16.1599996387959 16.2599996365607
17.8799996003509 18.1199995949864 17.7949996022508 17.2299996148795 17.0649996185675 16.9599996209145 16.8449996234849 16.8449996234849 16.7299996260554 17.3699996117502 17.19999961555 16.7149996263906 16.3149996353313 16.2799996361136 15.6599996499717 15.229999659583 15.3049996579066 15.8149996465072 15.8699996452779 15.644999650307 15.189999660477 14.7299996707588 14.5649996744469 14.3649996789172 14.4499996770173 14.5399996750057 14.7499996703118 14.7849996695295 14.8649996677414 14.8849996672943 14.8149996688589 14.6999996714294 14.6549996724352 14.6999996714294 14.7899996694177 14.8649996677414 14.8749996675178 14.8849996672943 14.9049996668473 14.8199996687472 14.774999669753 14.7149996710941 14.6199996732175 14.6949996715412 14.8649996677414 14.7049996713176 14.504999675788 14.2199996821582 14.3099996801466 14.4899996761233 14.7449996704236 14.9299996662885 15.2249996596947 15.4849996538833 15.6699996497482 15.9999996423721 16.3549996344373 16.5499996300787 16.6449996279553 16.6049996288493 16.6949996268377 16.784999624826
17.8899996001273 17.7449996033683 17.5249996082857 17.0899996180087 16.9149996219203 16.7199996262789 16.5999996289611 16.5349996304139 16.3599996343255 16.8149996241555 16.7499996256083 16.4699996318668 16.1449996391311 15.9199996441603 15.8199996463954 15.6999996490777 15.4099996555597 14.9149996666238 14.9449996659532 14.8649996677414 14.7099996712059 14.504999675788 14.4399996772408 14.3649996789172 14.3749996786937 14.6449996726587 15.0399996638298 15.1149996621534 15.0549996634945 14.9699996653944 14.6549996724352 14.5399996750057 14.7499996703118 15.084999662824 15.2249996596947 15.2249996596947 15.2349996594712 15.2249996596947 15.1699996609241 15.0399996638298 14.9099996667355 14.7249996708706 14.5999996736646 14.5849996739998 14.7799996696413 14.6599996723235 14.4899996761233 14.4049996780232 14.6449996726587 14.9549996657297 15.2049996601418 15.479999653995 15.624999650754 16.1549996389076 16.3649996342137 16.7549996254966 16.8699996229261 18.418823117719 -9999 -9999 -9999 -9999
17.65499960538 17.3799996115267 17.2899996135384 16.8149996241555 16.6949996268377 16.5599996298552 16.4299996327609 16.3049996355549 16.2699996363372 16.2849996360019 16.2749996362254 16.3199996352196 16.2949996357784 16.4199996329844 16.4149996330962 16.0049996422604 15.6499996501952 15.4949996536598 15.1299996618181 14.7599996700883 14.9349996661767 14.5749996742234 14.4699996765703 14.7849996695295 14.9099996667355 14.939999666065 14.9249996664003 14.8499996680766 14.7899996694177 14.9599996656179 14.9849996650591 14.9849996650591 15.0499996636063 15.1049996623769 15.4099996555597 15.5849996516481 15.5649996520951 15.354999656789 15.2799996584654 15.0999996624887 15.0149996643886 14.939999666065 14.8049996690825 14.7899996694177 14.9549996657297 14.9099996667355 14.6949996715412 14.7599996700883 14.9249996664003 15.1649996610358 15.5249996529892 16.3249996351078 16.4599996320903 16.5549996299669 17.1124996175058 18.6575450375168 -9999 -9999 -9999 -9999 -9999 -9999
17.4049996109679 17.2749996138737 16.8849996225908 16.6799996271729 16.3799996338785 16.2749996362254 16.2499996367842 16.0549996411428 16.0049996422604 16.0249996418133 16.4449996324256 16.1849996382371 16.20499963779 16.3099996354431 16.4299996327609 16.349999634549 16.3999996334314 15.8399996459484 15.2649996588007 15.2949996581301 15.5099996533245 15.2349996594712 15.2399996593595 15.1499996613711 15.1549996612594 15.1299996618181 15.1299996618181 15.20999966003 15.2649996588007 15.3183329909419 16.3215570122339 16.6158329619405 18.0303943338314 18.1907688241739 -9999 15.9449996436015 15.7049996489659 15.4099996555597 15.3049996579066 15.2399996593595 15.084999662824 14.9099996667355 14.8649996677414 15.0399996638298 15.3799996562302 15.1449996614829 15.0349996639416 15.2799996584654 15.3699996564537 15.5849996516481 15.8599996455014 16.5399996303022 16.4699996318668 -9999 -9999 -9999 -9999 -9999 -9999 -9999 -9999 -9999
16.8949996223673 16.4849996315315 16.3449996346608 16.3549996344373 16.1999996379018 16.1099996399134 15.8999996446073 15.6749996496364 15.6849996494129 15.4849996538833 15.6049996512011 15.6049996512011 15.4299996551126 16.1699996385723 16.4699996318668 15.8149996465072 15.4949996536598 14.8599996678531 14.9549996657297 15.189999660477 15.1649996610358 14.9349996661767 15.2049996601418 15.5399996526539 15.4499996546656 15.3149996576831 15.3249996574596 15.3149996576831 15.374999656342 -9999 -9999 -9999 -9999 -9999 16.3799996338785 16.6849996270612 16.0749996406958 15.6799996495247 15.4899996537715 15.3399996571243 15.1599996611476 14.9049996668473 14.9649996655062 15.1799996607006 15.3249996574596 15.3799996562302 15.624999650754 15.8449996458367 16.0449996413663 16.2849996360019 16.5099996309727 16.6549996277317 16.8596424803005 -9999 -9999 -9999 -9999 -9999 -9999 -9999 -9999 -9999
16.6449996279553 16.3549996344373 16.2899996358901 16.2749996362254 15.7299996484071 15.2649996588007 15.4299996551126 15.4899996537715 15.7199996486306 15.5099996533245 15.6499996501952 15.4649996543303 15.4949996536598 15.479999653995 15.4299996551126 15.3999996557832 15.0749996630475 14.7349996706471 15.1449996614829 15.084999662824 14.4699996765703 14.6849996717647 15.1449996614829 15.7299996484071 16.0699996408075 15.809999646619 15.7749996474013 15.8949996447191 15.8999996446073 14.0933330183228 -9999 -9999 -9999 -9999 -9999 19.077291240256 16.4849996315315 16.3649996342137 16.0449996413663 15.7549996478483 15.6349996505305 15.6149996509776 15.7799996472895 15.9899996425956 15.8949996447191 16.2749996362254 15.9049996444955 16.0649996409193 16.4399996325374 16.7899996247143 16.9799996204674 17.5599996075034 19.0599995739758 18.9099995773286 14.794999669306 -9999 -9999 -9999 -9999 -9999 -9999 -9999
16.5599996298552 16.1649996386841 16.0349996415898 15.8049996467307 15.7099996488541 15.3099996577948 14.9449996659532 15.0249996641651 15.1149996621534 15.3899996560067 15.6549996500835 15.5499996524304 15.5599996522069 15.4749996541068 15.4299996551126 15.354999656789 15.3649996565655 15.2949996581301 15.4199996553361 15.2949996581301 15.0799996629357 15.0199996642768 15.044999663718 16.2349996371195 16.6199996285141 16.6949996268377 16.9249996216968 16.7899996247143 16.9849996203557 17.2799996137619 14.7683330032354 24.7149994475767 -9999 -9999 -9999 -9999 16.8799996227026 16.7949996246025 16.8799996227026 16.3949996335432 16.3149996353313 16.1599996387959 16.3049996355549 16.3599996343255 16.909999622032 16.784999624826 16.2199996374547 16.7899996247143 17.2799996137619 17.364999611862 17.5199996083975 17.7549996031448 18.0399995967746 9.86999977938831 -9999 -9999 -9999 -9999 -9999 -9999 -9999 -9999
16.2099996376783 16.0249996418133 15.8499996457249 15.3049996579066 14.7899996694177 14.8499996680766 15.5099996533245 15.2649996588007 14.7399996705353 15.0049996646121 15.189999660477 15.3199996575713 15.4599996544421 15.3999996557832 15.3099996577948 15.6799996495247 15.4599996544421 15.2849996583536 15.1749996608123 15.1849996605888 15.0549996634945 15.4049996556714 15.8849996449426 16.4449996324256 16.6849996270612 16.7299996260554 16.6649996275082 16.7799996249378 16.9599996209145 17.1849996158853 17.3299996126443 -9999 -9999 -9999 -9999 -9999 -9999 -9999 -9999 -9999 -9999 -9999 -9999 -9999 -9999 -9999 19.2677773471094 17.239999614656 17.5199996083975 17.6399996057153 17.9749995982274 -9999 -9999 -9999 -9999 -9999 -9999 -9999 -9999 -9999 -9999 -9999
15.229999659583 15.3199996575713 15.3849996561185 15.2049996601418 14.5699996743351 14.3149996800348 14.4449996771291 14.7899996694177 14.8549996679649 14.6349996728823 15.0599996633828 15.2449996592477 15.3999996557832 15.5999996513128 15.7399996481836 15.7299996484071 15.5149996532127 15.5699996519834 15.5649996520951 15.6799996495247 15.8849996449426 15.9049996444955 15.8049996467307 16.059999641031 15.8849996449426 18.0946292251831 16.2849996360019 16.6499996278435 17.094999617897 17.3249996127561 17.4399996101856 17.4999996088445 18.8199995793402 -9999 -9999 -9999 -9999 -9999 -9999 -9999 -9999 -9999 -9999 -9999 -9999 -9999 -9999 -9999 -9999 -9999 -9999 -9999 -9999 -9999 -9999 -9999 -9999 -9999 -9999 -9999 -9999 -9999
14.8799996674061 15.0999996624887 14.9799996651709 14.9849996650591 14.7699996698648 14.3949996782467 14.1499996837229 14.4249996775761 14.5949996737763 14.4699996765703 15.084999662824 15.6699996497482 15.914999644272 15.8299996461719 15.7649996476248 15.4399996548891 15.189999660477 15.4399996548891 15.954999643378 16.1849996382371 16.2649996364489 15.9849996427074 15.9099996443838 16.0149996420369 16.20499963779 16.3199996352196 16.4999996311963 16.8349996237084 17.219999615103 17.5199996083975 17.7199996039271 17.8949996000156 -9999 -9999 -9999 -9999 -9999 -9999 -9999 -9999 -9999 -9999 -9999 -9999 -9999 -9999 -9999 -9999 -9999 -9999 -9999 -9999 -9999 -9999 -9999 -9999 -9999 -9999 -9999 -9999 -9999 -9999
14.3499996792525 14.6199996732175 14.6799996718764 14.6449996726587 14.1699996832758 14.0799996852875 14.049999685958 14.379999678582 14.6199996732175 14.9349996661767 16.099999640137 15.8699996452779 15.789999647066 15.4099996555597 15.2399996593595 14.9999996647239 15.0749996630475 15.4949996536598 15.6899996493012 16.0899996403605 16.1899996381253 16.224999637343 16.349999634549 16.3949996335432 16.4699996318668 16.4999996311963 16.5599996298552 17.4799996092916 17.9349995991215 18.0299995969981 18.0349995968863 18.10999959521 23.5504161402738 -9999 -9999 -9999 -9999 -9999 -9999 -9999 -9999 -9999 -9999 -9999 -9999 -9999 -9999 -9999 -9999 -9999 -9999 -9999 -9999 -9999 -9999 -9999 -9999 -9999 -9999 -9999 -9999 -9999
14.1849996829405 14.2299996819347 14.484999676235 14.4249996775761 14.1499996837229 14.1499996837229 14.3099996801466 14.2549996813759 14.3199996799231 14.7149996710941 15.789999647066 15.8449996458367 15.644999650307 15.5799996517599 15.7049996489659 15.4549996545538 15.2499996591359 15.7199996486306 16.7149996263906 16.7699996251613 16.2299996372312 16.1249996395782 16.2499996367842 16.6499996278435 16.8499996233732 16.6849996270612 16.494999631308 16.7699996251613 17.364999611862 17.3749996116385 17.5399996079504 17.9099995996803 18.4399995878339 -9999 -9999 -9999 -9999 -9999 -9999 -9999 -9999 -9999 -9999 -9999 -9999 -9999 -9999 -9999 -9999 -9999 -9999 -9999 -9999 -9999 -9999 -9999 -9999 -9999 -9999 -9999 -9999 -9999
