EcologicalScience/Bass/data/rs_data_bass/sst_270.asc
NCOLS 226 
NROWS 124 
XLLCORNER -9.41648524995501 
YLLCORNER 47.587301625531 
CELLSIZE 0.0833 
NODATA_value -9999 
[rows 0 to 26 of 124, columns 0 to 61 of 226]
-9999.000000000000000 -9999 -9999 -9999 -9999 -9999 -9999 -9999 -9999 -9999 -9999 -9999 -9999 -9999 -9999 -9999 -9999 -9999 -9999 -9999 -9999 -9999 -9999 -9999 -9999 -9999 -9999 -9999 -9999 -9999 -9999 -9999 -9999 -9999 -9999 -9999 -9999 -9999 -9999 -9999 -9999 -9999 -9999 -9999 -9999 -9999 -9999 -9999 -9999 -9999 -9999 -9999 -9999 -9999 -9999 -9999 -9999 -9999 -9999 -9999 -9999 -9999
-9999 -9999 -9999 -9999 -9999 -9999 -9999 -9999 -9999 -9999 -9999 -9999 -9999 -9999 -9999 -9999 -9999 -9999 -9999 -9999 -9999 -9999 -9999 -9999 -9999 -9999 -9999 -9999 -9999 -9999 -9999 -9999 -9999 -9999 -9999 -9999 -9999 -9999 -9999 -9999 -9999 -9999 -9999 -9999 -9999 -9999 -9999 -9999 -9999 -9999 -9999 -9999 -9999 -9999 -9999 -9999 -9999 -9999 -9999 -9999 -9999 -9999
-9999 -9999 -9999 -9999 -9999 -9999 -9999 -9999 -9999 -9999 -9999 -9999 -9999 -9999 -9999 -9999 -9999 -9999 -9999 -9999 -9999 -9999 -9999 -9999 -9999 -9999 -9999 -9999 -9999 -9999 -9999 -9999 -9999 -9999 -9999 -9999 -9999 -9999 -9999 -9999 -9999 -9999 -9999 -9999 -9999 -9999 -9999 -9999 -9999 -9999 -9999 -9999 -9999 -9999 -9999 -9999 -9999 -9999 -9999 -9999 -9999 -9999
-9999 -9999 -9999 -9999 -9999 -9999 -9999 -9999 -9999 -9999 -9999 -9999 -9999 -9999 -9999 -9999 -9999 -9999 -9999 -9999 -9999 -9999 -9999 -9999 -9999 -9999 -9999 -9999 -9999 -9999 -9999 -9999 -9999 -9999 -9999 -9999 -9999 -9999 -9999 -9999 -9999 -9999 -9999 -9999 -9999 -9999 -9999 -9999 -9999 -9999 -9999 -9999 -9999 -9999 -9999 -9999 -9999 -9999 -9999 -9999 -9999 -9999
-9999 -9999 -9999 -9999 -9999 -9999 -9999 -9999 -9999 -9999 -9999 -9999 -9999 -9999 -9999 -9999 -9999 -9999 -9999 -9999 -9999 -9999 -9999 -9999 -9999 -9999 -9999 -9999 -9999 -9999 -9999 -9999 -9999 -9999 -9999 -9999 -9999 -9999 -9999 -9999 -9999 -9999 -9999 -9999 -9999 -9999 -9999 -9999 -9999 -9999 -9999 -9999 -9999 -9999 -9999 -9999 -9999 -9999 -9999 -9999 -9999 -9999
-9999 -9999 -9999 -9999 -9999 11.0159509954974 11.7197485147044 11.5949583295733 11.3500396616291 11.3482466991991 12.0202490179799 11.1402630573139 11.2421033233404 11.344660774339 11.7125766649842 11.625080098398 10.9905506944051 11.265232538688 10.9389731418341 10.5313730160706 11.351402313076 11.1892706970684 10.5237708553672 10.3739697880014 10.8761433917098 11.2328409557231 10.9537152773701 11.3808786154259 11.2682805748191 11.2187948117498 11.8897213530727 11.6301003932022 11.7163538391702 11.9499004246573 12.3249997245148 7.62264670708783 10.2864602266918 12.2299997266382 12.0849997298792 11.7097079250962 10.8028992464766 11.3694036558736 13.7458775589475 13.0249997088686 -9999 -9999 -9999 -9999 -9999 -9999 -9999 -9999 -9999 -9999 -9999 -9999 -9999 -9999 -9999 -9999 -9999 -9999
-9999 -9999 -9999 -9999 -9999 10.8449262858368 10.9542730879039 11.5949583295733 11.7197485147044 11.8947416478768 11.8050935263745 11.8717917287722 11.3143597092712 11.9098025322892 10.987144065788 11.5677053006366 12.1701406771317 12.0948362550698 11.1089459802024 11.1096631651744 12.259788798634 11.1118625324219 11.0233619068749 10.9886638148954 7.66759604800493 8.58700771568277 11.1328222632292 12.0697347810492 11.3658177310135 11.2593157626688 11.1621371989604 11.6501815724187 7.98265596505787 12.1471063833245 9.54174114828713 10.7064285131536 12.0099997315556 12.0049997316673 12.0099997315556 11.5966795735061 11.9886928792112 10.7297941916622 11.4387629919832 10.7450941377319 12.045493928995 11.8209326327778 11.9449997330084 -9999 -9999 -9999 -9999 -9999 -9999 -9999 -9999 -9999 -9999 -9999 -9999 -9999 -9999 -9999
-9999 -9999 -9999 -9999 -9999 11.6752830464393 11.2686391673051 11.107989733573 11.2499923580326 11.9800866595469 11.942793041002 11.8653370640241 11.6457350255921 11.5703349788673 11.5646931237541 10.8994682029588 11.4450666704215 11.3656982001849 12.2447279142216 12.140018908307 11.0704570533708 10.4412945835851 11.082744822558 12.412029856832 12.1494934699551 8.71533772092579 11.0722329399682 11.5148726743646 10.9566637044773 11.9600054803304 12.0898159602657 11.9714804398827 11.4034699420445 11.4657215976156 11.6407071814725 13.2033246412273 12.5962919875048 12.3099997248501 12.0549997305498 9.0953816103587 11.1865932065062 12.1904860823905 11.7297891043127 10.2952279109508 12.0942625070922 12.6899997163564 -9999 -9999 -9999 -9999 -9999 -9999 -9999 -9999 -9999 -9999 -9999 -9999 -9999 -9999 -9999 -9999
-9999 -9999 -9999 -9999 -9999 11.0848007528111 11.3127460430842 11.0504356395686 11.1775566758588 11.7269203644246 10.5598811187083 11.6126010798849 11.9700460699387 12.1149174342863 11.6566362371668 10.9982604328543 12.3752555791289 11.2165237260051 11.2019409649074 10.9372997102328 12.0324411625043 11.265053242445 10.5554704311304 9.32291633822024 9.5001335506317 11.2150893560611 11.330556136556 11.1911831903271 11.0393790379167 12.1773125268519 12.1952421511523 12.1450392031111 11.2987609361298 11.2741375854239 11.2695954139344 11.3496810691431 13.0025055556558 10.0935995995733 11.1269892567662 13.0618610046804 9.746273745398 12.3480025501922 9.34705117162641 13.0099997092038 11.776836438477 11.7854716678705 9.33499979134649 -9999 -9999 -9999 -9999 -9999 -9999 -9999 -9999 -9999 -9999 -9999 -9999 -9999 -9999 -9999
-9999 -9999 -9999 -9999 -9999 11.1241263954435 11.2750938320532 11.3156147829723 11.3214717935771 11.3255358417518 11.4579759999178 11.9126712721772 11.6151829457842 11.6747092984617 12.2325357696973 12.1055940296501 11.9800866595469 12.3300729258917 12.2346873246133 11.3242210026365 11.8552964744158 10.4822458454873 11.3152561904863 10.8982131292578 11.1389721243642 11.2684001056477 11.3547013639472 11.4776985866483 11.385540317744 11.307008563308 12.1622516424395 12.1149174342863 11.3762169131078 11.2497532963753 11.1524552018382 11.2330189803615 11.4534338284284 11.7006235821173 11.224890884012 11.2312021117657 11.0387813837733 12.6741261165589 9.97422610698879 11.4378622213844 9.32089518057182 12.8759578845043 12.0949997296557 -9999 -9999 -9999 -9999 -9999 -9999 -9999 -9999 -9999 -9999 -9999 -9999 -9999 -9999 -9999
-9999 -9999 -9999 -9999 -9999 11.5759529278148 11.6137844350887 11.4780571791343 11.4823602889664 11.9528336306103 12.0898159602657 11.3625903986394 11.4906079161447 11.8897213530727 12.1622516424395 12.1349986135028 12.1149174342863 11.6157566937618 11.5160679826513 11.4991424173117 11.4710287664086 10.9758842617273 11.9449445959181 10.1678626902535 9.70097527346973 12.0575426365249 11.4522385201417 11.3762169131078 12.1852015615441 12.1751609719358 12.1586657175794 12.2160405153409 12.2103030355647 12.1500594979152 11.0836054445244 11.0763618763071 11.715923528187 11.1008178838529 11.9090853473172 11.6939298557118 11.6365550579503 11.4840211383753 11.0814538896084 13.612282298319 12.9448438839056 12.039999730885 -9999 -9999 -9999 -9999 -9999 -9999 -9999 -9999 -9999 -9999 -9999 -9999 -9999 -9999 -9999 -9999
-9999 -9999 -9999 -9999 -9999 11.4586931848899 10.6518600913696 11.4735150076449 11.4712439219002 9.48213140200824 11.14600053709 11.649703449104 11.5210882774554 11.5103305028751 11.4747103159316 11.1721777885687 11.3211729665054 11.1359599474818 11.0986663289368 11.1990722250193 11.2532914089039 10.8995040622074 11.0664195676024 11.1513077058829 10.4514068916906 12.1098971394822 12.0044709485956 11.2783211644273 11.3116702656262 12.1349986135028 12.3221838911995 12.2110202205367 12.221777995117 12.3085573767312 11.4737540693022 11.2789188185707 11.3533566421247 11.3406266088714 11.7764061274938 11.7190313297324 11.6015922905644 10.9559465195052 13.6925684629494 12.8768547485583 12.4983245203272 12.9802728215232 12.2549997260794 -9999 -9999 -9999 -9999 -9999 -9999 -9999 -9999 -9999 -9999 -9999 -9999 -9999 -9999 -9999
-9999 -9999 -9999 -9999 -9999 11.0549180456437 11.7799920523539 11.6523331273347 11.0972319589928 11.2499923580326 11.6100192139857 11.9277321565896 11.6413362910971 12.1751609719358 10.9918057681061 10.9989776178263 11.2148502944037 11.0685445601121 11.7168797748163 11.1137272133492 11.1603442365304 11.2130573319737 11.4963453959208 12.2547685038298 11.4225948746316 11.7097079250962 12.1751609719358 11.2191534042358 11.6150395087898 11.3493224766571 12.2260811049491 12.222495180089 12.2411419893615 12.262657538522 12.3142948565073 12.2375560645014 11.2173604418058 11.7749717575498 11.1032682658406 11.624721505912 11.5227019436425 10.9839167334139 11.1572962003993 11.3335073114983 10.4578757564921 12.1299997288734 -9999 -9999 -9999 -9999 -9999 -9999 -9999 -9999 -9999 -9999 -9999 -9999 -9999 -9999 -9999 -9999
-9999 -9999 -9999 -9999 -9999 11.3188421153463 11.4072949285619 11.4701681444421 11.4393291906454 11.3554185489193 11.3310342598706 11.4213995663449 11.4534935938427 11.5182195375673 11.6010544018354 11.5608920434024 12.2949308622628 11.4432737079915 11.5105354128672 11.8861354282126 11.7297891043127 11.2550126528367 11.1997894099914 11.543679604074 11.4802087340504 11.5626850058325 11.6967985955998 11.7068391852081 11.7340922141448 11.8036591564305 12.1550797927193 12.2404248043895 12.1514938678592 12.2712637581863 12.1952421511523 12.2361216945574 11.1610614215024 11.2853137179045 11.2332580420189 11.0482840846526 11.3539841789752 11.5949583295733 13.269392823755 12.7887844339944 11.8749997345731 -9999 -9999 -9999 -9999 -9999 -9999 -9999 -9999 -9999 -9999 -9999 -9999 -9999 -9999 -9999 -9999 -9999
-9999 -9999 -9999 -9999 -9999 11.2349314736202 12.0596941914409 11.5698568555526 11.5956755145453 11.5540787861682 11.8144169310108 11.6788689712994 11.7254859944806 11.7247688095085 11.8256528289057 11.8070060196333 11.689865807537 11.2164281013422 12.2332529546693 9.29566330928355 11.3927121674642 11.1402630573139 11.4006012021564 11.2098299995996 12.2246467350051 11.4282128235791 11.4907274469733 11.8122653760947 12.020966202952 11.9972990988754 11.8717917287722 11.5999786243774 11.5251523256302 10.9970053591533 10.7902767909691 12.2052827407606 12.2640919084661 11.5300530896056 10.508828462385 12.5583768086508 11.4512795874263 12.3771806545801 11.7491047490085 12.2101658349614 11.2765040272229 11.9115439609599 -9999 -9999 -9999 -9999 -9999 -9999 -9999 -9999 -9999 -9999 -9999 -9999 -9999 -9999 -9999 -9999
-9999 -9999 -9999 -9999 -9999 12.140018908307 12.1292611337267 12.1550797927193 11.1782738608308 11.7692342777736 11.6996673354879 11.7577593182214 11.8273262605071 11.741981248837 11.7061220002361 11.82212666946 11.7649311679415 12.259788798634 11.5437513225712 11.7699514627457 11.5816904075909 11.6301003932022 11.7097079250962 11.9047822374851 11.4816431039944 11.529216373805 10.389549687854 11.4498000912368 11.5740165283903 12.1672719372436 11.4411938715726 12.063997301273 10.7075614575297 10.825239558355 8.68326418442718 10.9662739831023 11.5555131561123 12.0102084283717 11.4029064395665 12.5130879057882 14.1125944770418 11.1364434429685 12.3334632548504 -9999 -9999 -9999 -9999 13.2249997043982 13.2249997043982 -9999 -9999 -9999 -9999 -9999 -9999 -9999 -9999 -9999 -9999 -9999 -9999 -9999
-9999 -9999 -9999 -9999 -9999 11.9126712721772 11.7914670119062 11.7154454048723 11.4421979305334 11.3654591385275 11.5985442544334 11.7455671736971 11.702536075376 11.8402355900034 11.9772179196589 12.0898159602657 11.8263222015463 11.9351908802986 11.6677526042331 11.4065179781755 11.4482940027956 12.1048768446781 12.2547685038298 11.3004343677312 11.2997171827592 11.6200598035939 11.5232398323715 11.4716025143862 11.1415181310149 9.64148990279064 12.0998565498739 10.4862501282478 12.2777184229344 12.3300729258917 11.6426511302125 11.6501815724187 11.9071387023931 12.7641292084008 9.31763990592611 -9999 -9999 -9999 -9999 -9999 -9999 -9999 -9999 -9999 -9999 -9999 -9999 -9999 -9999 -9999 -9999 -9999 -9999 -9999 -9999 -9999 -9999 -9999
-9999 -9999 -9999 -9999 -9999 11.6530503123067 11.3790856529959 11.5282601271756 11.6480300175026 11.822305965703 11.7721030176617 11.6853236360475 11.781426422298 11.6853236360475 11.7914670119062 11.8538621044718 11.6394237978384 11.06782737514 11.6899136198685 12.2698293882422 11.8552964744158 12.0797753706574 11.612409830559 11.273946336098 11.05219274275 11.6616565319709 12.4448225214146 12.5050660590641 12.3852961687371 12.3781243190169 11.5691396705806 12.302819896955 11.2765282019973 12.2784356079064 12.2583544286899 12.0023193936795 11.7548905783333 9.82831107119385 13.3169544320213 11.8004761444761 11.6199997402728 -9999 -9999 -9999 -9999 -9999 -9999 -9999 -9999 -9999 -9999 -9999 -9999 -9999 -9999 -9999 -9999 -9999 -9999 -9999 -9999 -9999
-9999 -9999 -9999 -9999 -9999 11.1284295052756 11.1563997191843 11.2996574173449 11.4092074218206 11.6559190521948 11.6422925377265 12.0998565498739 11.7297891043127 11.981521029491 11.8373668501154 11.6989501505159 11.5196539075114 12.2325357696973 11.8940244629048 11.4292886010371 12.0023193936795 11.9736319947988 12.2318185847253 12.4182866774499 12.4548631110229 10.9632976654684 12.419721047394 12.5330362729728 12.261223168578 12.2827387177385 12.4670552555472 11.8344981102273 11.6939298557118 12.2856074576266 12.2447279142216 12.0790581856854 11.9363383762538 11.4450666704215 11.6335070218192 9.84777943747168 11.4671348047244 -9999 13.2553828828186 9.77065746031948 11.6274272492155 12.2799997255206 -9999 -9999 -9999 -9999 -9999 -9999 -9999 -9999 -9999 -9999 -9999 -9999 -9999 -9999 -9999 -9999
-9999 -9999 -9999 -9999 -9999 11.7111422950402 11.2839391133748 11.3604388437234 11.3127460430842 11.5153507976793 11.8201544107869 11.9980162838474 11.8366496651433 11.9176915669814 11.6716971215792 11.6164738787338 11.8689229888842 11.86390269408 12.1299783186987 11.0097353924066 11.7247688095085 11.32156741824 11.3104749573395 12.3501541051082 12.3350932206959 12.4003570531495 12.4699239954352 12.6097750649787 12.4577318509109 12.6011688453145 12.0267036827281 12.4670552555472 12.3953367583454 11.8911557230167 10.6303445422091 11.745208581211 11.2311463307124 11.3217108552344 11.7548905783333 11.9449445959181 11.0962757123634 11.8251747055911 11.024796276819 11.1135479171062 11.7070440952001 13.2056573395727 13.2649997035041 -9999 -9999 -9999 -9999 -9999 -9999 -9999 -9999 -9999 -9999 -9999 -9999 -9999 -9999 -9999
-9999 -9999 -9999 -9999 -9999 11.4016769796144 11.7885982720181 11.8101138211787 11.6752830464393 11.7656483529136 11.9298837115057 12.0647144862451 11.307008563308 11.5745185578708 12.0582598214969 11.8531449194998 11.904065052513 11.6530503123067 11.6781517863274 11.2478408031166 11.4359823274426 7.38508254382759 11.4583345924038 11.4500869652256 11.5390179017559 11.6976950768149 9.23900569649413 12.4448225214146 11.5473167564321 11.9248634167016 12.0575426365249 11.9944303589873 11.8459730697796 11.9635914051905 12.0109256133437 12.0984221799299 12.2425763593055 12.1185033591464 12.4476912613027 12.0324411625043 11.5361491618678 11.8079622662626 11.6186254336499 11.0484633808956 8.76420451450194 10.3541654170197 -9999 -9999 -9999 -9999 -9999 -9999 -9999 -9999 -9999 -9999 -9999 -9999 -9999 -9999 -9999 -9999
-9999 -9999 -9999 -9999 -9999 11.7197485147044 11.2474822106306 11.4952696184628 11.7613452430815 11.3437045277096 11.5157093901653 11.2890789390076 10.6230292554945 12.1701406771317 11.7649311679415 12.0934018851258 11.8653370640241 11.5390179017559 11.6322519481182 11.4350260808133 11.4816431039944 11.3763603501022 11.3469557662494 11.5908942813985 11.6607600507559 11.7755864875258 9.81490522902459 11.6171910637058 12.3953367583454 12.3300729258917 11.663808086887 12.4311960069463 12.2059999257326 12.0742171871243 12.2038483708166 12.2318185847253 12.2346873246133 12.3114261166193 12.2547685038298 11.5772080015158 12.4060945329256 12.4900051746517 11.3353373697028 12.9344207956456 10.3453201356981 11.383952265306 12.4812614126641 -9999 -9999 8.85610576268352 -9999 -9999 -9999 -9999 10.9150669761002 -9999 -9999 -9999 -9999 -9999 -9999 -9999
-9999 -9999 -9999 -9999 -9999 11.3561357338913 11.5079398863018 11.1144443983212 11.6996673354879 11.3389232945628 11.5666295231786 11.4118371000513 11.2772453869693 11.7527390234172 11.8402355900034 11.8954588328488 11.5512100462802 11.8251747055911 12.1113315094262 11.3530279323459 11.6743267998099 11.8847010582685 11.4639525413513 11.7656483529136 12.1249580238946 11.6830286441371 11.6339731920511 10.8667287089862 11.9198431218974 11.3073671557941 10.8878139471635 11.8136997460388 12.2899105674587 12.0546738966368 11.9650257751346 9.17481764149852 12.1550797927193 11.9377727461979 12.1149174342863 12.2002624459565 11.9513992606662 11.9851069543511 13.4897311429377 10.8842280223034 11.8574480293319 11.6073098485358 11.2048097047955 9.01389926340198 9.10204129646299 9.06878184338566 -9999 -9999 -9999 9.80093775776627 9.64539091875319 -9999 -9999 -9999 -9999 -9999 -9999 -9999
-9999 -9999 -9999 -9999 -9999 10.9753105137497 11.7197485147044 11.8301950003952 11.3475295142271 11.7489738023141 11.3886481192894 11.4292886010371 11.453194766771 11.4687337744981 12.0998565498739 11.662373716943 11.5476241214201 11.7079149626661 11.584917739965 11.5411694566719 11.4472182253376 11.5096133179031 12.3752555791289 11.5662709306926 12.1450392031111 11.7685170928016 11.8022247864865 12.0353099023923 12.4426709664986 11.8660542489961 11.9499648907222 12.3200323362835 12.1443220181391 12.2267982899211 12.3652149895206 12.4484084462747 12.3537400299683 12.0948362550698 12.1500594979152 12.0582598214969 12.0381786422804 12.250624768436 12.6219672095031 11.9730172648228 11.9721976248547 10.3568783518858 8.41999981179833 13.5812738280743 12.0400612528319 9.93466309241297 8.18043292444451 8.37768818430225 -9999 8.91036947508558 7.45634866281627 -9999 -9999 -9999 -9999 -9999 -9999 -9999
-9999 -9999 -9999 -9999 -9999 11.7319406592287 11.6100192139857 11.7247688095085 11.8395184050314 11.8352152951993 11.3625903986394 11.0326853115112 11.4672994045541 12.0596941914409 11.7498702835292 11.6552018672228 11.9047822374851 11.821588780731 11.6720557140652 11.7570421332493 11.4766228091903 11.224890884012 11.1223334330134 11.226325253956 11.4063386819325 11.5175023525953 12.5703298915178 12.459883405827 12.6298562441953 12.0510879717767 12.2411419893615 12.422589787282 12.7747276085429 12.2648090934381 12.3099917466752 12.3150120414793 12.3501541051082 11.7811873606406 9.85845390743874 6.06776634277776 11.2269264868667 11.5850611769594 10.4463865968864 12.6657154927962 12.9255413626587 8.32459485717118 7.90999982319772 9.54499978665262 11.1275096375941 10.7199926637113 9.25562182472224 9.26575863428817 13.4879971382812 11.6503754061949 11.3410234611904 -9999 -9999 -9999 -9999 -9999 -9999 -9999
-9999 -9999 -9999 -9999 -9999 12.1701406771317 11.5402132100426 11.2105471845716 11.4924008785747 11.3374889246188 11.425702676177 11.3001953060739 10.9631183692254 11.7936185668223 11.5759529278148 11.941358671058 11.942793041002 11.9295251190197 12.0948362550698 11.3324686298147 11.546189751476 11.4371776357293 11.8415265229531 11.2915890864097 11.5748771503568 11.8746604686603 11.186162895523 12.6549577182159 12.5753501863219 12.3157292264514 12.2497482090257 12.0305286692455 12.2124545904808 12.3578040781431 12.0496536018327 10.1444004961689 9.03611432496579 9.30020995984683 7.8349998248741 9.63336388523812 12.1335642435588 12.6649983078241 12.7180699957535 12.7818994582631 12.3451338103041 8.36777100413828 8.76184382543737 8.57999980822206 9.98394572692923 10.0432774151143 10.2803582758643 14.9483254156486 11.0797121546763 13.2284666341729 13.3395538051054 -9999 -9999 -9999 -9999 -9999 -9999 -9999
-9999 -9999 -9999 -9999 -9999 11.5264671647456 11.3769340980798 11.2758110170253 11.22417369904 11.3884090576321 11.8847010582685 11.3374889246188 11.1252021729015 11.184728525579 11.1553239417262 11.5375835318118 11.3358154930174 11.3202764852904 12.2497482090257 11.9519730086438 12.0776238157414 12.1973937060684 12.0596941914409 12.4527115561068 11.6774346013553 11.6595049770549 11.9779351046309 10.3614001777023 12.0690175960772 12.3386791455559 12.3401135155 12.8227790016681 12.8751335046254 12.1844843765721 12.4049470369704 8.69783446703178 12.1872096794657 12.0091000515968 -9999 11.1627826654352 12.2755668680184 12.618381284643 12.7453230246902 12.818475891836 10.2489455740899 10.3728751372546 -9999 10.0317819645628 10.2000335589983 9.75690289441263 10.3628345476463 10.4947965824977 10.0738090039231 10.0287159988075 13.7549996925518 -9999 -9999 -9999 -9999 -9999 -9999 -9999
