EcologicalScience/Bass/data/rs_data_bass/sst_359.asc
NCOLS 226 
NROWS 124 
XLLCORNER -9.41648524995501 
YLLCORNER 47.587301625531 
CELLSIZE 0.0833 
NODATA_value -9999 
[rows 54 to 80 of 124, columns 124 to 185 of 226]
13.1311685396358 13.1706137130968 13.6506495210342 13.7544022803195 13.6227988379542 13.0953092910349 13.6428800171707 13.8738135781605 13.935491485754 13.9666890320368 14.0190435349941 14.133075945545 14.0796456651296 14.1068986940663 14.1169392836746 14.1556672721636 14.171803934034 14.5558564865496 14.5121082032565 15.4577165888622 14.8411765745841 14.9205450448208 15.0563320661895 15.184230052866 16.3090151506476 16.244468503166 16.3348338096403 16.3391369194724 16.2494887979701 16.2710043471307 16.2623981274664 16.3133182604797 16.2946714512073 16.0085146473721 16.0382778237108 15.7894146384206 16.0199896069244 15.9554429594427 15.8087786326651 15.7854701210745 15.0410321201198 16.3785820929334 15.6915188897401 16.1835077805445 16.2301248037256 16.1053346185945 16.2523575378582 16.3183385552838 16.1985686649568 16.5829798099585 16.6288796481676 16.602343804203 17.1703543020412 17.3302865508012 14.3185877916403 13.949237531051 14.1701134265999 17.3367412155494 17.3044678918086 18.4634388065897 17.5092338930085 17.4477304358136
13.6683400836773 13.5662607559934 13.6783806732856 13.6795759815723 13.4613126884215 14.3102206336334 14.0972166969441 13.456770516932 13.5883739592973 13.8372371445876 14.0050584280398 14.1929608907085 14.1657078617718 14.2571489457041 14.3087862636894 14.3597063967027 14.5447401194833 14.6360616725869 14.7551143779419 15.249015762005 15.3322092187591 15.181361312978 15.3374685752206 15.4297463749535 16.1827905955724 16.4165928964503 16.4610583647154 16.3914914224297 16.524887827225 16.2523575378582 16.2803277517669 16.1146580232307 15.9615390317049 15.1575746780727 14.4407482985407 15.4526962940581 15.8783455749508 16.0744956647977 15.8769112050068 16.0411465635989 15.5810724040493 16.3814508328214 16.4646442895755 15.8518097309861 15.3178655193187 16.2351450985298 16.3391369194724 16.4962004283443 16.6977294054814 14.464893525932 16.7500839084387 16.9408551109955 16.7931150067598 17.4421674064361 13.735038286075 14.0455793789588 17.5518123324522 16.2014374048449 -9999 -9999 -9999 -9999
13.5543076731265 13.7259539430961 13.8739331089891 13.7792646926828 14.1796929687262 14.2951597492211 13.7271492513828 14.97003080789 13.5258593359031 14.414212454576 14.3439283273183 14.3776360210031 14.2227240670472 14.1961882230826 14.5368510847911 14.49381998647 14.6939145936631 14.7441175417043 14.8490656092763 14.6580553450622 16.3298135148361 15.3706981455907 15.6205175775103 15.9626148091629 15.8779869824648 15.9457609623205 15.9927365779877 16.5801110700704 15.7915661933366 15.8277840344235 15.9855647282675 16.2017959973309 16.1343806099612 16.0709097399376 14.5056535385083 15.8586229882203 15.8442792887799 16.1347392024472 16.0651722601615 15.9880748756696 16.2867824165151 15.5412686381023 15.8769112050068 15.5211874588858 15.6262550572865 15.5427030080464 16.1928311851807 14.4662083650474 17.6135746147484 17.6207464644685 17.1093935794197 16.8196508507244 14.2671895353124 17.2298806547187 13.5048219100572 -9999 -9999 -9999 -9999 -9999 -9999 -9999
14.6186101716012 14.5490432293154 14.5232245703228 14.5103152408265 14.491668431554 14.5397198246792 14.3597063967027 14.1945147914812 14.412778084632 14.3883937955834 13.9774468066171 13.8720206157304 14.1212423935067 14.17216252652 14.7340769520961 15.1227912069298 14.9420605939813 14.9990767992567 16.0551316705532 15.1349833514541 16.4574724398553 15.5409100456163 16.0519043381792 15.967276511481 16.0501113757491 16.0167622745503 16.1641437863 16.2684941997286 16.2021545898169 16.3068635957316 15.9991912427358 15.7851115285885 16.2017959973309 16.0687581850216 16.2602465725504 16.2824793066829 16.324793220032 16.2695699771866 16.1361735723913 15.9748069536872 16.0723441098817 16.4696645843796 15.967276511481 13.7787865693681 15.447675999254 15.0707952964585 14.54593542777 14.1300876748282 17.7247382854111 17.4070253428072 17.4651173255406 13.5146234380081 13.6468245345168 13.6697744536214 14.6349996728823 -9999 -9999 -9999 -9999 -9999 -9999 -9999
14.690328668803 14.7477034665644 14.7039551832713 14.6645100098103 14.6752677843906 14.6573381600901 14.4672841425054 14.0417543924414 14.4185155644082 14.412778084632 14.1098869647831 14.1384548328351 14.3306604053359 14.5841852929443 14.9578386633657 15.0682851490565 15.1564989006147 15.2368236174807 15.329699071357 16.1146580232307 16.324793220032 15.8919720894191 16.0432981185149 16.084894846892 16.1573305290658 16.0970869914163 16.2010788123589 16.0242927167565 16.3161870003678 16.5195089399349 15.8216879621614 16.3434400293045 16.3118838905357 16.3140354454517 16.4072694918141 16.4546036999673 16.4244819311425 16.4144413415343 16.4388256305829 16.522019087337 16.1089205434546 16.0952940289862 16.4137241565622 16.5700704804622 16.5564439659938 16.5198675324209 12.5630146048032 14.0832315899897 17.2535477587953 17.0520187816583 17.0599078163505 15.2655110163614 14.1294900206849 15.1603716994636 15.2549996590242 -9999 -9999 -9999 -9999 -9999 -9999 -9999
14.0113935619593 14.7971892296337 14.8230078886263 14.7921689348295 14.8251594435424 14.3659219997935 14.4519841964357 13.6346323899925 14.0551418452524 14.3704641712829 14.2200943888165 14.1294900206849 14.5594424114097 14.851336695021 14.4445732850581 15.103905336 15.5703146294691 15.6814783001319 15.7546311672777 15.6449018665589 15.47588527482 16.0289544190746 16.0831018844619 16.206457699649 16.167012526188 16.2218771765474 16.3739203906152 16.3767891305033 15.6395229792688 16.363521208521 16.364955578465 16.3405712894164 16.3663899484091 16.4402600005269 16.4302194109187 16.4503005901352 16.4402600005269 16.442411555443 16.5786767001264 16.484725468792 16.6697591915727 16.1673711186741 15.9738507070579 16.5299081220292 16.5851313648745 13.6308355283759 17.4572282908484 17.2456587241031 14.04008096084 17.0964842499234 16.8734397236258 16.5822626249865 13.9501937776804 13.1010467708111 13.5449996972457 -9999 23.7447889405303 -9999 -9999 -9999 -9999 -9999
-9999 -9999 -9999 -9999 -9999 12.6599997170269 14.626260144636 14.0176091650501 14.5590838189237 14.5413932562806 14.4034546799958 14.4677622658201 14.9449293338694 14.9015396430623 15.0808358860668 15.2572633891832 15.4365596321877 15.7159031787887 15.6621143058874 15.8830072772689 15.7742342231795 15.6786095602438 15.7481765025295 16.1580477140378 16.2258216938935 16.2502059829421 16.2702871621586 16.4797051739879 16.3441572142765 15.8432035113219 16.5198675324209 16.3459501767065 16.1964171100408 16.3161870003678 16.4897457635961 16.229646680411 15.9457609623205 16.1713156360202 15.170842600055 15.5645771496929 16.5600298908539 15.2392142340541 16.5908688446507 16.6138187637553 15.2784203458577 10.876560814876 -9999 17.9198125978 8.00370580969112 15.1849996605888 13.7988677485846 16.3470259541646 16.0379192312248 15.964766364079 5.37499987985939 5.37499987985939 10.1433250820264 -9999 -9999 -9999 -9999 -9999
-9999 -9999 -9999 -9999 -9999 -9999 -9999 9.85260047115386 14.0209560282528 14.3109378186055 14.5339823449031 14.8031657710671 14.9002248039469 14.8863592278212 14.771370570641 15.5045726737007 15.7736365690362 15.8898205345031 15.7453077626415 15.885158832185 16.2803277517669 16.3850367576815 16.4115726016462 15.8383027473465 16.3699758732691 16.6869716309011 16.5951719544828 16.5048066480085 16.3749961680733 16.5098269428127 16.6374858678319 16.7300027292222 16.7077699950896 16.1386837197933 16.3549149888568 16.4120507249609 16.5265014934121 16.0527410539798 15.6496830997057 14.8454199190019 14.7186574751977 16.5758079602383 16.5614642607979 16.3341166246682 14.7008815333912 17.1799996159971 -9999 -9999 -9999 -9999 -9999 -9999 -9999 -9999 -9999 -9999 -9999 -9999 -9999 -9999 -9999 -9999
-9999 -9999 -9999 -9999 -9999 -9999 -9999 -9999 9.11999979615211 12.3261622380254 14.3066347087733 14.3561204718426 15.0460524149239 15.0066072414629 14.891140460968 15.3267108006403 15.5115054617636 15.7216406585649 16.1925921235234 16.2803277517669 16.0603910270147 16.3986632721499 16.4503005901352 16.3441572142765 16.4488662201911 16.6274452782236 16.565050185658 16.7651447928511 16.2824793066829 16.7364573939703 16.7744681974873 16.6876888158731 16.7321542841382 16.6324655730277 16.3608915302902 16.3283791448921 16.5137714601588 16.565050185658 16.7572557581589 16.6367686828598 16.682668521069 16.3728446131572 16.4940488734283 15.7909207268618 5.83755539802014 -9999 -9999 -9999 -9999 -9999 -9999 -9999 -9999 -9999 -9999 -9999 -9999 -9999 -9999 -9999 -9999 -9999
-9999 -9999 -9999 -9999 -9999 -9999 -9999 -9999 -9999 14.3999996781349 14.918632551562 14.9169591199607 15.1651051202789 15.1579332705587 15.3924527564086 15.4694306100719 15.2153080683202 15.8461917820387 16.0680410000496 15.9738507070579 16.3197729252279 16.5048066480085 16.4330881508067 16.482573913876 16.524887827225 16.5937375845388 16.644657717552 16.6661732667126 16.4503005901352 16.48221532139 16.6754966713488 16.6256523157936 16.7400433188304 16.6546983071603 16.0009842051659 16.644657717552 16.6338999429718 16.6274452782236 16.5514236711897 16.6518295672722 16.6948606655933 15.3784676494543 15.5452131554484 15.1288155606948 16.054303675886 -9999 -9999 -9999 -9999 -9999 -9999 -9999 -9999 -9999 -9999 -9999 -9999 -9999 -9999 -9999 -9999 -9999
-9999 -9999 -9999 -9999 -9999 -9999 -9999 -9999 -9999 15.2499996591359 15.0646992241964 15.1605629487894 15.4419385194778 15.6833907933906 15.3752403170802 15.5251319762319 15.6750236353837 16.0431785876863 16.0807112678885 16.2502059829421 16.5148472376168 16.5478377463296 16.4130069715902 16.3039948558435 16.5851313648745 16.6747794863768 16.7751853824593 16.2304833962116 16.445280295331 16.5377971567214 16.5801110700704 16.005287314998 16.1738257834222 16.7952665616758 15.7847529361024 16.8296914403327 15.5624255947769 15.5950575110037 15.7051454042085 15.4874080467038 15.1995299989358 15.3770332795102 15.3214514441788 15.3393810684793 9.66178698348813 2.98595339096159 10.3741677880125 -9999 -9999 -9999 -9999 -9999 -9999 -9999 -9999 -9999 -9999 -9999 -9999 -9999 -9999 -9999
-9999 -9999 -9999 -9999 -9999 -9999 -9999 -9999 -9999 8.00310338773373 15.2188939931802 15.6362956468947 15.7553483522497 15.8148747049272 16.2301248037256 16.085253439378 16.6970122205094 16.5435346364975 16.7450636136346 16.7400433188304 16.4761192491278 16.5514236711897 16.4216131912544 16.5119784977287 16.5571611509658 16.5478377463296 16.2215185840614 16.6389202377759 16.6769310412928 16.5736564053223 16.5901516596787 16.3140354454517 16.7056184401736 16.6525467522442 15.7223578435369 16.0960112139583 15.7600100545678 15.5771278867032 15.5412686381023 15.4842524328269 15.7865458985325 16.5048066480085 16.7135074748658 14.9518621219322 16.6499996278435 -9999 -9999 -9999 -9999 -9999 -9999 -9999 -9999 -9999 -9999 -9999 -9999 -9999 -9999 -9999 -9999 -9999
-9999 -9999 -9999 -9999 -9999 -9999 -9999 -9999 -9999 14.7889416024555 15.3848027833737 15.4524572324008 16.7149418448098 16.5550095960498 16.6797997811809 16.6740623014048 16.564333000686 16.8633991340175 16.8612475791015 16.7135074748658 16.4316537808627 16.4079866767861 16.5363627867773 16.5198675324209 16.565050185658 16.5499893012457 16.3362681795843 16.6747794863768 16.5499893012457 16.2702871621586 16.5836969949305 15.6804025226738 16.7974181165919 16.6597186019644 15.7022766643204 16.1892452603206 16.605212544091 16.5715048504062 16.5550095960498 16.4553208849393 16.8246711455286 15.8324457367416 15.0277641981374 15.2464228624908 -9999 -9999 -9999 -9999 -9999 -9999 -9999 -9999 -9999 -9999 -9999 -9999 -9999 -9999 -9999 -9999 -9999 -9999
-9999 -9999 -9999 -9999 -9999 -9999 -9999 -9999 15.3991942951456 16.7551042032428 16.8899349779822 16.642506162636 16.7823572321795 16.8339945501648 16.8339945501648 16.5944547695108 16.8727225386538 16.8361461050808 16.8131961859763 16.8382976599969 16.364955578465 16.5499893012457 16.3749961680733 16.5499893012457 16.1225470579229 16.2934761429206 16.6948606655933 16.6073640990071 16.6711935615167 16.3377025495283 16.3782235004473 16.2656254598405 16.1691640811041 16.1028244711924 16.1788460782263 16.1006729162764 16.1175267631188 16.1096377284266 16.1487243094016 16.9057130473666 16.8949552727863 15.2527809831081 15.1330367065301 -9999 -9999 -9999 -9999 -9999 -9999 -9999 -9999 -9999 -9999 -9999 -9999 -9999 -9999 -9999 -9999 -9999 -9999 -9999
-9999 -9999 -9999 -9999 -9999 -9999 -9999 -9999 15.736756711052 16.5377971567214 16.364955578465 16.5478377463296 16.3448743992485 16.8210852206685 16.7464979835786 16.8332773651928 16.8913693479262 16.8899349779822 16.7931150067598 16.8296914403327 16.2301248037256 16.1443016687408 16.4947660584003 16.191635876894 16.7450636136346 16.6546983071603 16.6912747407332 16.4646442895755 16.4757606566418 16.5399487116374 16.6252937233075 16.3359095870983 16.3111667055637 16.2684941997286 16.2268974713515 14.5203558304347 15.7453077626415 16.1985686649568 16.1519516417757 16.8526413594373 15.0941038080491 15.3329264037311 16.2099996376783 -9999 -9999 -9999 -9999 -9999 -9999 -9999 -9999 -9999 -9999 -9999 -9999 -9999 -9999 -9999 -9999 -9999 -9999 -9999
-9999 -9999 -9999 -9999 -9999 -9999 -9999 5.83113273283323 15.0576708114706 16.6905575557612 16.7149418448098 16.9473097757436 16.6518295672722 16.9924924289808 16.524887827225 16.8246711455286 16.8304086253047 16.6683248216286 16.6747794863768 16.7938321917318 16.7701650876552 16.6123843938112 16.0754519114271 16.882763128262 16.2104022169951 16.6647388967685 16.7500839084387 16.1096377284266 16.5162816075608 16.5481963388156 16.5370799717493 16.3337580321822 16.3351924021263 16.2900097488891 15.3501388430595 16.1340220174752 16.047601228347 16.8253883305006 15.9385891126003 15.807344262721 15.2067018486559 10.964152304867 -9999 -9999 -9999 -9999 -9999 -9999 -9999 -9999 -9999 -9999 -9999 -9999 -9999 -9999 -9999 -9999 -9999 -9999 -9999 -9999
-9999 -9999 -9999 3.8400372271426 -9999 6.92291520488297 17.1301919436082 17.1050904695876 17.0226141978055 16.8870662380941 16.8397320299409 16.9064302323386 16.88204594329 16.9967955388129 17.0240485677496 16.9336832612753 16.9379863711074 16.8612475791015 16.9049958623946 16.8368632900529 16.8533585444093 16.8698537987657 16.5148472376168 16.5571611509658 16.6747794863768 16.7063356251456 16.3538392113987 16.6697591915727 16.5499893012457 16.6303140181117 16.3394955119584 16.3620868385769 16.3283791448921 16.2720801245887 16.4897457635961 16.3143940379377 16.3746375755873 16.2774590118788 16.2132709568832 15.571306267908 13.2949997028336 -9999 -9999 -9999 -9999 -9999 -9999 -9999 -9999 -9999 -9999 -9999 -9999 -9999 -9999 -9999 -9999 -9999 -9999 -9999 -9999 -9999
-9999 -9999 3.88019958557561 -9999 17.320245961193 15.648487791419 17.161748082377 17.0921811400913 16.9028443074785 16.7866603420116 16.7429120587185 16.8261055154726 16.8971068277024 16.9480269607157 16.9544816254638 16.7543870182708 16.9523300705478 16.8662678739056 16.8784600184299 16.8691366137937 16.9121677121148 16.8877834230661 16.840449214913 16.7371745789424 16.7759025674313 16.8275398854166 16.8146305559203 16.8002868564799 16.8461866946891 16.8526413594373 16.8540757293813 16.2319177661557 16.1275673527271 16.1472899394576 16.0683995925356 16.0955330906436 15.154586407356 13.642858923495 15.249732946977 -9999 -9999 -9999 -9999 -9999 -9999 -9999 -9999 -9999 -9999 -9999 -9999 -9999 -9999 -9999 -9999 -9999 -9999 -9999 -9999 -9999 -9999 -9999
16.7749996250495 16.7749996250495 -9999 16.5349996304139 17.3015991519205 17.2176885101944 17.0634937412106 17.003250203561 16.9028443074785 16.8935209028423 16.8906521629542 16.8088930761442 16.8583788392134 16.8641163189895 16.9092989722267 16.8612475791015 16.8734397236258 16.8512069894932 16.803155596368 16.7651447928511 16.7515182783827 16.8971068277024 16.8755912785418 16.8375804750249 16.881328758318 16.8849146831781 16.8454695097171 16.8469038796611 16.4208960062824 16.7601244980469 16.7751853824593 16.6152531336993 16.165219563758 16.126132982783 15.2579805741552 15.6427503116429 15.8711737252306 12.2137330506483 -9999 -9999 -9999 -9999 -9999 -9999 -9999 -9999 -9999 -9999 -9999 -9999 -9999 -9999 -9999 -9999 -9999 -9999 -9999 -9999 -9999 -9999 -9999 -9999
13.6824447214603 15.6237449098844 15.7148274013307 15.7843943436164 17.0986358048394 16.8734397236258 17.0764030707069 16.9960783538409 16.8763084635139 16.9035614924505 16.8590960241854 16.8720053536817 16.8863490531221 16.8763084635139 16.8583788392134 16.8562272842973 16.9121677121148 16.9057130473666 16.8741569085978 16.7909634518437 16.8490554345772 16.8684194288217 16.8684194288217 16.9157536369748 16.8669850588776 16.8196508507244 16.4628513271455 16.7651447928511 16.8662678739056 16.2093264395371 15.9938123554457 16.9150364520028 16.8225195906125 15.4451658518519 14.848826547619 13.8517003748566 13.9941811226308 12.9399997107685 7.61221828439739 13.2399997040629 -9999 -9999 -9999 -9999 -9999 -9999 -9999 -9999 -9999 -9999 -9999 -9999 -9999 -9999 -9999 -9999 -9999 -9999 -9999 -9999 -9999 -9999
15.5719880610704 16.9136020820588 16.9659565850161 16.9300973364152 16.8053071512841 16.9092989722267 17.0606250013225 17.0283516775817 16.9508957006037 16.9702596948482 16.9379863711074 16.8648335039616 16.8053071512841 16.8469038796611 16.8519241744652 16.8677022438496 16.9006927525625 16.8576616542414 16.9021271225065 16.8160649258643 16.9164708219469 16.9530472555198 16.9128848970868 16.9272285965271 16.3889812750276 16.4585482173134 16.2279732488096 16.2308419886976 16.4642856970895 15.9070329738315 15.8797799448948 16.9401379260235 17.042695377022 15.5181650365038 11.9517165991494 14.3873180181254 12.0360049063858 17.1317295447225 13.3429812721013 -9999 -9999 -9999 -9999 -9999 -9999 -9999 -9999 -9999 -9999 -9999 -9999 -9999 -9999 -9999 -9999 -9999 -9999 -9999 -9999 -9999 -9999 -9999
17.44001585152 17.4522079960443 17.1466871979646 17.0756858857349 16.9501785156317 17.0240485677496 16.9573503653519 16.9293801514432 16.9006927525625 16.9150364520028 16.882763128262 16.8547929143533 16.7988524865359 16.8218024056405 16.8275398854166 16.8110446310602 16.8289742553607 16.9128848970868 16.9358348161913 16.9508957006037 16.8971068277024 16.8612475791015 16.8476210646331 16.8368632900529 17.0297860475257 16.9573503653519 16.922925486695 16.322641665116 16.9329660763033 16.9874721341766 17.2169713252224 17.3001647819765 17.2772148628719 15.3763160945382 16.2197973401286 17.2922757472843 12.8549997126684 11.9192652462365 -9999 -9999 -9999 -9999 -9999 -9999 -9999 -9999 -9999 -9999 -9999 -9999 -9999 -9999 -9999 -9999 -9999 -9999 -9999 -9999 -9999 -9999 -9999 -9999
17.3919644583948 17.2377696894109 17.2047791806981 17.1323434985243 17.1108279493637 16.9666737699881 16.9881893191487 16.8992583826184 16.9344004462473 16.8397320299409 16.8727225386538 16.8569444692694 16.8368632900529 16.8476210646331 16.7895290818997 16.8655506889336 16.9021271225065 16.9587847352959 16.9731284347363 16.9853205792606 16.9774315445684 16.9243598566391 16.9759971746244 16.9387035560794 17.0046845735051 16.9200567468069 17.0247657527216 17.1022217296995 17.2564164986834 17.2650227183476 17.2564164986834 17.5935661231979 17.8049996020272 -9999 -9999 13.6052278061397 -9999 -9999 -9999 -9999 -9999 -9999 -9999 -9999 -9999 -9999 -9999 -9999 -9999 -9999 -9999 -9999 -9999 -9999 -9999 -9999 -9999 -9999 -9999 -9999 -9999 -9999
17.3288521808572 17.2664570882916 17.2671742732637 17.3345896606334 17.2305978396907 17.0936155100353 17.04197819205 17.2047791806981 16.9824518393725 16.9860377642326 16.9351176312193 16.7450636136346 16.7651447928511 16.7830744171515 16.7708822726272 16.8899349779822 16.9358348161913 17.0254829376936 17.0254829376936 17.1179997990839 17.0864436603151 17.0720999608748 16.9681081399322 16.9336832612753 17.0369578972459 17.0541703365743 17.1495559378527 17.1366466083564 17.3015991519205 17.3360240305774 17.3259834409691 17.6150089846924 15.9167149709538 14.9537640372415 -9999 -9999 -9999 -9999 -9999 -9999 -9999 -9999 -9999 -9999 -9999 -9999 -9999 -9999 -9999 -9999 -9999 -9999 -9999 -9999 -9999 -9999 -9999 -9999 -9999 -9999 -9999 -9999
17.9219641527161 17.7419507247396 17.520340568386 17.4773094700649 15.7352671730332 16.0748542572837 16.0777229971718 16.9272285965271 16.9272285965271 17.079988995567 16.6876888158731 16.6704763765447 16.6489608273841 16.6374858678319 16.8160649258643 16.9932096139528 17.0089876833372 17.1050904695876 17.0893124002032 17.1093935794197 17.040543822106 17.0505844117142 17.0563218914904 17.1309091285802 17.2234259899706 17.199758885894 17.1983245159499 17.3238318860531 17.4034394179471 17.4493392561562 17.5447248574346 15.6969694955274 16.0532191772945 17.9900967250578 14.9920586320306 4.99999988824129 -9999 -9999 -9999 -9999 -9999 -9999 -9999 -9999 -9999 -9999 -9999 -9999 -9999 -9999 -9999 -9999 -9999 -9999 -9999 -9999 -9999 -9999 -9999 -9999 -9999 -9999
-9999 -9999 -9999 -9999 7.15999983996153 17.3152256663889 17.1682027471252 16.9989470937289 17.0627765562385 16.9006927525625 16.7307199141942 16.7314370991662 16.8332773651928 16.8949552727863 16.8555100993253 17.0699484059587 17.1459700129926 17.1309091285802 17.1760917818174 17.2320322096348 17.2047791806981 17.3274178109132 17.3467818051577 17.4235205971636 17.440733036492 17.4249549671076 17.5102999787778 -9999 -9999 -9999 -9999 -9999 -9999 -9999 -9999 -9999 -9999 -9999 -9999 -9999 -9999 -9999 -9999 -9999 -9999 -9999 -9999 -9999 -9999 -9999 -9999 -9999 -9999 -9999 -9999 -9999 -9999 -9999 -9999 -9999 -9999 -9999
-9999 -9999 -9999 -9999 -9999 14.4882863382123 17.2241431749426 17.0986358048394 16.9924924289808 16.9035614924505 16.7443464286625 16.8289742553607 16.8892177930102 16.9831690243445 17.0771202556789 17.1631824523211 17.1567277875729 17.1646168222651 17.2757804929279 17.4436017763801 17.5648060366511 17.559785741847 17.5024109440856 17.6214636494406 14.1528510349389 -9999 -9999 -9999 -9999 -9999 -9999 -9999 -9999 -9999 -9999 -9999 -9999 -9999 -9999 -9999 -9999 -9999 -9999 -9999 -9999 -9999 -9999 -9999 -9999 -9999 -9999 -9999 -9999 -9999 -9999 -9999 -9999 -9999 -9999 -9999 -9999 -9999
