EcologicalScience/Bass/data/rs_data_bass/sst_3.asc
NCOLS 226 
NROWS 124 
XLLCORNER -9.41648524995501 
YLLCORNER 47.587301625531 
CELLSIZE 0.0833 
NODATA_value -9999 
[rows 54 to 80 of 124, columns 0 to 61 of 226]
-9999 -9999 -9999 -9999 -9999 -9999 -9999 -9999 -9999 -9999 -9999 -9999 -9999 -9999 -9999 -9999 -9999 -9999 -9999 -9999 -9999 -9999 -9999 -9999 -9999 -9999 -9999 -9999 -9999 -9999 -9999 -9999 -9999 -9999 -9999 -9999 -9999 -9999 9.00999979861081 12.1349997287616 12.7249997155741 9.38999979011714 9.56499978620559 9.55999978631735 8.80499980319291 8.99499979894608 9.20999979414046 9.20499979425222 9.23499979358166 9.23499979358166 9.21999979391694 9.99999977648258 9.70374978310429 9.48499978799373 9.05249979766086 13.3099997024983 13.2499997038394 13.6399996951222 14.5449996748939 7.94499982241541 -9999 13.3349997019395
-9999 -9999 -9999 -9999 -9999 -9999 -9999 -9999 -9999 -9999 -9999 -9999 -9999 -9999 -9999 -9999 -9999 -9999 -9999 -9999 -9999 -9999 -9999 -9999 -9999 -9999 -9999 -9999 -9999 -9999 -9999 -9999 -9999 -9999 -9999 -9999 -9999 -9999 13.1299997065216 13.5399996973574 8.19299981687218 8.83249980257824 9.51499978732318 9.65999978408217 9.759999781847 9.74499978218228 9.25999979302287 9.31499979179353 9.30999979190528 9.24499979335815 9.17499979492277 13.1949997050688 13.0199997089803 13.0649997079745 13.2949997028336 13.2749997032806 13.8249996909872 14.2649996811524 -9999 13.6649996945634 -9999 13.8799996897578
-9999 -9999 -9999 -9999 -9999 -9999 -9999 -9999 -9999 -9999 -9999 -9999 -9999 -9999 -9999 -9999 -9999 -9999 -9999 -9999 -9999 -9999 -9999 -9999 -9999 -9999 -9999 -9999 -9999 -9999 -9999 -9999 -9999 -9999 -9999 -9999 -9999 -9999 -9999 8.38499981258065 9.05999979749322 9.41999978944659 9.23999979346991 8.84999980218709 9.00499979872257 9.14999979548156 9.25999979302287 9.31999979168177 9.2999997921288 9.2999997921288 9.40999978967011 9.72499978262931 9.39249979006127 13.2399997040629 13.5849996963516 13.3099997024983 13.5449996972457 13.6799996942282 13.7549996925518 13.7099996935576 -9999 -9999
-9999 -9999 -9999 -9999 -9999 -9999 -9999 -9999 -9999 -9999 -9999 -9999 -9999 -9999 -9999 -9999 -9999 -9999 -9999 -9999 -9999 -9999 -9999 -9999 -9999 -9999 -9999 -9999 -9999 -9999 -9999 -9999 -9999 -9999 -9999 -9999 -9999 -9999 -9999 -9999 8.44299981128424 9.48666645462314 8.88499980140477 8.86999980174005 8.94999979995191 9.05999979749322 9.16999979503453 9.16499979514629 9.18499979469925 9.13999979570508 8.92999980039895 9.54499978665262 9.47999978810549 9.51499978732318 9.47374978824519 9.13499979581684 13.7749996921048 13.7299996931106 14.1249996842816 14.8899996671826 15.4099996555597 -9999
-9999 -9999 -9999 -9999 -9999 -9999 -9999 -9999 -9999 -9999 -9999 -9999 -9999 -9999 -9999 -9999 -9999 -9999 -9999 -9999 -9999 -9999 -9999 -9999 -9999 -9999 -9999 -9999 -9999 -9999 -9999 -9999 -9999 -9999 -9999 -9999 -9999 -9999 -9999 -9999 12.639999717474 9.03999979794025 9.16499979514629 8.83499980252236 8.84999980218709 8.91999980062246 8.91999980062246 8.83499980252236 8.89499980118126 8.87999980151653 8.92999980039895 9.7787497814279 9.59749978547916 9.48374978802167 9.41624978953041 8.95874979975633 13.6999996937811 14.0449996860698 14.5349996751174 15.1099996622652 15.20999966003 8.07499981950969
-9999 -9999 -9999 -9999 -9999 -9999 -9999 -9999 -9999 -9999 -9999 -9999 -9999 -9999 -9999 -9999 -9999 -9999 -9999 -9999 -9999 -9999 -9999 -9999 -9999 -9999 -9999 -9999 -9999 -9999 -9999 -9999 -9999 -9999 -9999 -9999 -9999 -9999 -9999 -9999 13.2099997047335 12.5599997192621 12.3899997230619 8.88299980144948 9.0449997978285 9.17166646166394 9.57999978587031 8.51999980956316 8.63999980688095 8.84499980229884 8.91499980073422 9.65374978422187 9.60749978525564 9.28249979251996 9.02249979833141 13.7949996916577 13.9149996889755 14.2999996803701 14.794999669306 14.8249996686354 -9999 -9999
-9999 -9999 -9999 -9999 -9999 -9999 -9999 -9999 -9999 -9999 -9999 -9999 -9999 -9999 -9999 -9999 -9999 -9999 -9999 -9999 -9999 -9999 -9999 -9999 -9999 -9999 -9999 -9999 -9999 -9999 -9999 -9999 -9999 -9999 -9999 -9999 -9999 -9999 -9999 15.7949996469542 12.7049997160211 8.03499982040375 8.00999982096255 12.7549997149035 8.95333313321074 8.38999981246889 8.5249998094514 8.55499980878085 8.61999980732799 8.67499980609864 8.70499980542809 9.48374978802167 9.57249978603795 9.29599979221821 13.4549996992573 13.7699996922165 14.1349996840581 14.1799996830523 6.86999984644353 15.8149996465072 16.1849996382371 16.514999630861
-9999 -9999 -9999 -9999 -9999 -9999 -9999 -9999 -9999 -9999 -9999 -9999 -9999 -9999 -9999 -9999 -9999 -9999 -9999 -9999 -9999 -9999 -9999 -9999 -9999 -9999 -9999 -9999 -9999 -9999 -9999 -9999 -9999 -9999 -9999 -9999 -9999 -9999 -9999 14.0099996868521 8.75166647105167 8.76833313734581 8.39833314561596 9.55999978631735 9.55999978631735 8.53999980911613 8.54499980900437 8.62499980721623 8.69499980565161 8.77499980386347 9.68499978352338 9.72499978262931 9.72499978262931 13.364999701269 13.324999702163 13.6999996937811 14.0099996868521 15.5399996526539 16.0149996420369 16.3299996349961 15.8599996455014 15.4249996552244
-9999 -9999 -9999 -9999 -9999 -9999 -9999 -9999 -9999 -9999 -9999 -9999 -9999 -9999 -9999 -9999 -9999 -9999 -9999 -9999 -9999 -9999 -9999 -9999 -9999 -9999 -9999 -9999 -9999 -9999 -9999 -9999 -9999 -9999 -9999 -9999 -9999 -9999 16.2599996365607 8.77499980386347 8.3549998132512 8.83499980252236 9.17249979497865 9.25749979307875 9.80999978072941 9.80999978072941 9.45874978858046 8.89499980118126 10.0349997757003 10.069999774918 8.97499979939312 8.96999979950488 9.43499978911132 8.10999981872737 8.10999981872737 8.16999981738627 8.13499981816858 14.774999669753 14.8849996672943 15.6299996506423 15.3149996576831 14.9099996667355
-9999 -9999 -9999 -9999 -9999 -9999 -9999 -9999 -9999 -9999 -9999 -9999 -9999 -9999 -9999 -9999 -9999 -9999 -9999 -9999 -9999 -9999 -9999 -9999 -9999 -9999 -9999 -9999 -9999 -9999 -9999 -9999 -9999 -9999 -9999 -9999 -9999 -9999 7.63999982923269 7.73499982710928 7.95999982208014 8.00499982107431 8.55499980878085 8.55499980878085 9.59499978553504 9.72999978251755 9.5299997869879 9.08999979682267 9.07999979704618 9.72499978262931 10.2599997706711 9.51999978721142 8.16999981738627 8.05999981984496 8.27999981492758 8.23499981593341 7.94499982241541 14.5399996750057 8.16749981744215 5.99499986600131 5.91499986778945 15.5949996514246
-9999 -9999 -9999 -9999 -9999 -9999 -9999 -9999 -9999 -9999 -9999 -9999 -9999 -9999 -9999 -9999 -9999 -9999 -9999 -9999 -9999 -9999 -9999 -9999 -9999 -9999 -9999 -9999 -9999 -9999 -9999 -9999 -9999 -9999 -9999 -9999 -9999 11.8699997346848 12.784999714233 8.74999980442226 8.52999980933964 8.84499980229884 9.09499979671091 9.94499977771193 9.52499978709966 8.99999979883432 9.02499979827553 8.99499979894608 9.00499979872257 9.10999979637563 8.59999980777502 9.50624978751875 9.49499978777021 9.45799978859723 9.01499979849905 8.86499980185181 8.66624980629422 6.45999985560775 6.45999985560775 6.20499986130744 14.8899996671826 5.63499987404794
-9999 -9999 -9999 -9999 -9999 -9999 -9999 -9999 -9999 -9999 -9999 -9999 -9999 -9999 -9999 -9999 -9999 -9999 -9999 -9999 -9999 -9999 -9999 -9999 -9999 -9999 -9999 -9999 -9999 -9999 -9999 -9999 -9999 -9999 -9999 -9999 -9999 12.9399997107685 12.8499997127801 8.86249980190769 8.86749980179593 9.05499979760498 9.40699978973717 9.67899978365749 9.90599977858365 9.92499977815896 9.95999977737665 9.85499977972358 9.01999979838729 8.70999980531633 8.55999980866909 8.54499980900437 9.30124979210086 9.19999979436398 9.02124979835935 8.90249980101362 8.7424998045899 8.23499981593341 5.92999986745417 5.92999986745417 5.7999998703599 14.7249996708706
-9999 -9999 -9999 -9999 -9999 -9999 -9999 -9999 -9999 -9999 -9999 -9999 -9999 -9999 -9999 -9999 -9999 -9999 -9999 -9999 -9999 -9999 -9999 -9999 -9999 -9999 -9999 -9999 -9999 -9999 -9999 -9999 -9999 -9999 -9999 11.2499997485429 7.89333315690358 7.96666648859779 8.70999980531633 8.45999981090426 8.65333313991626 9.11249979631975 9.24799979329109 9.48749978793785 9.92499977815896 9.99999977648258 10.049999775365 9.89999977871776 8.97999979928136 8.73999980464578 8.59499980788678 8.45999981090426 8.17499981727451 8.15999981760979 8.66749980626628 8.56499980855733 8.54749980894849 14.0199996866286 14.1299996841699 14.6349996728823 14.6349996728823 5.76999987103045
-9999 -9999 -9999 -9999 -9999 -9999 -9999 -9999 -9999 -9999 -9999 -9999 -9999 -9999 -9999 -9999 -9999 -9999 -9999 -9999 -9999 -9999 -9999 -9999 -9999 -9999 -9999 -9999 -9999 -9999 -9999 -9999 -9999 -9999 -9999 7.51730752428277 8.05399981997907 8.35666647988061 9.00833313198139 8.23499981593341 8.87999980151653 8.87999980151653 9.50999978743494 9.71999978274107 9.75499978195876 10.214999771677 10.0449997754768 10.1349997734651 9.47999978810549 8.87499980162829 8.66499980632216 8.48999981023371 9.24874979327433 9.00749979866669 8.91499980073422 9.0816664636756 13.5899996962398 6.91499984543771 6.62999985180795 6.47999985516071 6.10499986354262 5.97499986644834
-9999 -9999 -9999 -9999 -9999 -9999 -9999 -9999 -9999 -9999 -9999 -9999 -9999 -9999 -9999 -9999 -9999 -9999 -9999 -9999 -9999 -9999 -9999 -9999 -9999 -9999 -9999 -9999 -9999 14.2099996823817 14.2099996823817 9.08499979693443 9.08499979693443 14.7849996695295 13.3699997011572 12.0099997315556 13.4749996988103 8.93249980034307 9.60499978531152 8.88499980140477 8.71999980509281 9.57999978587031 9.59999978542328 9.76999978162348 9.93499977793545 9.99999977648258 8.6699998062104 8.8399998024106 8.95499979984015 10.3099997695535 10.2899997700006 9.6024997853674 8.2949998145923 8.15999981760979 7.85499982442707 7.65999982878566 7.6649998286739 7.29499983694404 7.06999984197319 14.6599996723235 14.9949996648356 16.079999640584
-9999 -9999 -9999 -9999 -9999 -9999 -9999 -9999 -9999 -9999 -9999 -9999 -9999 -9999 -9999 -9999 -9999 -9999 -9999 -9999 -9999 -9999 -9999 8.68999980576336 7.8099998254329 7.90499982330948 7.76499982643872 9.22499979380518 9.13999979570508 8.78499980363995 9.09499979671091 9.24499979335815 9.23499979358166 9.21999979391694 9.0449997978285 9.16499979514629 9.35499979089946 9.28499979246408 9.40999978967011 9.8449997799471 9.6749997837469 9.64499978441745 9.22499979380518 8.64499980676919 9.03999979794025 9.85499977972358 8.87999980151653 8.34499981347471 8.8399998024106 9.66999978385866 9.2999997921288 8.32999981380999 8.0649998197332 8.08999981917441 7.97499982174486 7.92499982286245 7.37999983504415 7.3499998357147 7.24499983806163 15.8449996458367 -9999 -9999
-9999 -9999 -9999 -9999 -9999 -9999 -9999 -9999 -9999 -9999 -9999 -9999 -9999 -9999 -9999 -9999 -9999 -9999 -9999 -9999 -9999 15.9899996425956 8.8999998010695 8.96499979961663 9.20499979425222 9.26499979291111 9.06499979738146 8.86499980185181 9.00499979872257 8.97999979928136 9.29499979224056 9.20999979414046 9.22499979380518 9.32999979145825 9.37999979034066 8.88999980129302 9.38999979011714 9.38999979011714 8.85999980196357 9.6749997837469 9.8449997799471 9.8199997805059 9.59499978553504 9.44999978877604 10.1149997739121 9.99499977659434 9.80999978072941 9.13999979570508 9.30499979201704 9.22999979369342 9.08999979682267 8.5849998081103 8.29999981448054 8.29999981448054 13.7149996934459 13.8649996900931 14.3549996791407 -9999 -9999 -9999 -9999 -9999
-9999 -9999 -9999 -9999 -9999 -9999 -9999 -9999 -9999 -9999 -9999 -9999 -9999 -9999 -9999 -9999 -9999 6.88018432352692 15.7349996482953 13.4399996995926 9.23499979358166 9.33999979123473 9.41999978944659 9.46499978844076 9.40499978978187 9.34499979112297 9.30999979190528 9.28499979246408 9.10999979637563 9.14499979559332 9.28499979246408 9.37499979045242 9.41999978944659 9.53499978687614 9.48999978788197 9.21999979391694 9.78499978128821 9.01999979838729 9.71499978285283 9.95999977737665 9.92499977815896 9.53499978687614 9.55999978631735 9.64499978441745 10.3249997692183 10.2799997702241 10.2099997717887 9.93499977793545 8.46999981068075 8.62499980721623 8.6099998075515 8.53999980911613 14.5349996751174 -9999 -9999 -9999 -9999 -9999 -9999 -9999 -9999 -9999
-9999 -9999 -9999 -9999 -9999 -9999 -9999 -9999 -9999 -9999 -9999 -9999 -9999 8.40493421308954 -9999 -9999 9.89499977882951 13.3699997011572 9.32499979157001 9.40999978967011 9.40999978967011 9.5299997869879 9.62499978486449 9.66499978397042 9.70999978296459 9.66499978397042 9.53999978676438 9.44999978877604 9.42499978933483 9.33499979134649 9.48999978788197 9.53999978676438 9.68499978352338 9.47999978810549 9.77499978151172 9.59999978542328 9.82499978039414 9.95499977748841 9.614999785088 9.92499977815896 10.2749997703359 10.2949997698888 10.2049997719005 10.1499997731298 10.3249997692183 10.31999976933 10.2799997702241 7.87999982386827 8.11499981861562 8.16999981738627 8.70999980531633 8.08999981917441 -9999 -9999 -9999 -9999 -9999 -9999 -9999 -9999 -9999 -9999
-9999 -9999 -9999 -9999 -9999 -9999 -9999 -9999 -9999 -9999 -9999 -9999 -9999 9.01749979844317 9.65999978408217 9.69499978329986 9.62499978486449 9.52499978709966 9.51499978732318 9.5299997869879 9.58499978575855 9.74499978218228 9.74999978207052 9.73499978240579 9.73499978240579 9.80999978072941 9.73499978240579 9.69499978329986 9.614999785088 9.52499978709966 9.48999978788197 9.62499978486449 9.8449997799471 9.88499977905303 9.80499978084117 9.86999977938831 9.41999978944659 10.1499997731298 10.1599997729063 10.3799997679889 10.5199997648597 10.4699997659773 10.4099997673184 9.75499978195876 9.38999979011714 10.4799997657537 8.88999980129302 8.79999980330467 8.86499980185181 8.87499980162829 8.59499980788678 8.22999981604517 14.9949996648356 -9999 -9999 -9999 -9999 -9999 -9999 21.5199995189905 20.2149995481595 18.1949995933101
-9999 -9999 -9999 -9999 -9999 -9999 -9999 -9999 -9999 -9999 -9999 9.83499978017062 9.24499979335815 9.55499978642911 9.59499978553504 9.70999978296459 9.6749997837469 9.614999785088 9.5299997869879 9.61999978497624 9.62499978486449 9.71999978274107 9.74499978218228 9.65999978408217 9.78499978128821 9.8449997799471 9.77999978139997 9.71999978274107 9.67999978363514 9.66499978397042 9.62999978475273 9.71499978285283 9.83999978005886 9.9299997780472 9.87499977927655 9.85499977972358 10.0999997742474 10.2199997715652 10.0649997750297 10.3449997687712 10.3099997695535 10.1099997740239 9.88499977905303 9.82999978028238 10.6349997622892 8.37499981280416 9.11999979615211 10.1799997724593 10.0399997755885 9.75499978195876 9.75499978195876 8.26499981526285 -9999 -9999 -9999 -9999 15.3299996573478 15.5099996533245 15.3599996566772 16.9899996202439 16.8449996234849 17.7899996023625
-9999 -9999 -9999 -9999 -9999 -9999 -9999 -9999 10.5749997636303 9.71499978285283 9.72499978262931 9.5899997856468 9.63499978464097 9.614999785088 9.65999978408217 9.74999978207052 9.75499978195876 9.904999778606 10.0749997748062 10.069999774918 10.0249997759238 10.029999775812 9.94999977760017 9.85999977961183 9.94499977771193 9.95499977748841 9.88999977894127 9.76999978162348 9.6999997831881 9.73499978240579 9.77499978151172 9.80499978084117 9.87499977927655 10.0149997761473 10.0899997744709 10.1649997727945 10.0099997762591 10.0949997743592 10.0049997763708 10.1449997732416 10.0849997745827 9.94999977760017 9.81499978061765 9.72499978262931 8.9849997991696 9.24499979335815 8.76999980397522 8.23999981582165 7.97499982174486 8.36999981291592 8.97999979928136 8.80499980319291 14.0199996866286 14.1399996839464 7.16499983984977 6.47499985527247 14.8699996676296 3.874999913387 3.96499991137534 8.14624981791712 8.1374998181127 16.0749996406958
-9999 -9999 -9999 -9999 -9999 9.59499978553504 9.55999978631735 9.68499978352338 9.75499978195876 9.72499978262931 9.759999781847 9.72499978262931 9.77499978151172 9.84999977983534 9.77999978139997 9.72499978262931 9.83999978005886 10.0099997762591 10.0749997748062 10.1199997738004 10.1649997727945 10.1299997735769 10.049999775365 10.0449997754768 10.1149997739121 10.0899997744709 10.0749997748062 10.0599997751415 10.0349997757003 10.0199997760355 10.0449997754768 10.069999774918 10.0799997746944 10.1049997741356 10.2099997717887 10.2399997711182 10.2899997700006 10.2399997711182 10.1099997740239 10.1199997738004 10.0099997762591 9.65999978408217 9.62499978486449 9.77999978139997 8.17999981716275 8.30499981436878 8.49499981012195 8.53499980922788 8.22499981615692 8.07999981939793 8.29999981448054 9.67999978363514 7.13999984040856 7.69499982800335 7.01999984309077 6.6599998511374 6.49499985482544 8.38699981253594 6.78499984834343 6.92999984510243 7.02999984286726 7.07499984186143
-9999 -9999 -9999 -9999 -9999 9.759999781847 9.86999977938831 9.90999977849424 10.0949997743592 10.0199997760355 9.92499977815896 9.82499978039414 9.8199997805059 9.95499977748841 9.98499977681786 10.0449997754768 10.0649997750297 10.0949997743592 10.0949997743592 10.1399997733533 10.1499997731298 10.1249997736886 10.1399997733533 10.1149997739121 10.1449997732416 10.2049997719005 10.214999771677 10.2549997707829 10.1999997720122 10.194999772124 10.1849997723475 10.1999997720122 10.1649997727945 10.1899997722358 10.2299997713417 10.2499997708946 10.029999775812 10.1349997734651 10.2049997719005 9.99999977648258 9.98499977681786 9.71999978274107 9.48499978799373 9.36499979067594 9.49499978777021 8.92999980039895 8.89499980118126 8.74999980442226 8.43499981146306 8.57499980833381 8.42999981157482 8.28999981470406 8.30499981436878 8.19499981682748 7.99499982129782 7.69999982789159 7.72499982733279 7.71999982744455 7.40999983437359 7.4349998338148 7.48499983269721 7.60999982990324
-9999 -9999 -9999 -9999 -9999 10.0799997746944 10.0899997744709 10.1249997736886 10.1699997726828 10.0999997742474 10.0249997759238 9.81499978061765 9.759999781847 10.0199997760355 10.1099997740239 10.0899997744709 10.0599997751415 10.0749997748062 10.1699997726828 10.1899997722358 10.1499997731298 10.1549997730181 10.1399997733533 10.1249997736886 10.1249997736886 10.2099997717887 10.2749997703359 10.2599997706711 10.2849997701123 10.3099997695535 10.3299997691065 10.2849997701123 10.2599997706711 10.2799997702241 10.3299997691065 10.4099997673184 10.0549997752532 10.1149997739121 10.0449997754768 10.0449997754768 10.0099997762591 9.46499978844076 9.36999979056418 9.37499979045242 10.0799997746944 10.5899997632951 8.45999981090426 8.23499981593341 8.11499981861562 8.61499980743974 8.51999980956316 8.50999980978668 8.47999981045723 8.39499981235713 8.30499981436878 14.1549996836111 8.11499981861562 8.08499981928617 7.91499982308596 7.82999982498586 7.894999823533 7.92499982286245
-9999 -9999 -9999 -9999 -9999 10.2849997701123 10.3449997687712 10.3499997686595 10.3299997691065 10.2849997701123 10.0199997760355 9.96999977715313 9.91999977827072 10.0849997745827 10.1199997738004 10.1099997740239 10.1249997736886 10.1399997733533 10.1449997732416 10.174999772571 10.1249997736886 10.1549997730181 10.1799997724593 10.2049997719005 10.1849997723475 10.2399997711182 10.339999768883 10.3699997682124 10.4299997668713 10.4049997674301 10.359999768436 10.2999997697771 10.2699997704476 10.4499997664243 10.4099997673184 9.91499977838248 9.88999977894127 9.68499978352338 9.63999978452921 9.45499978866428 9.56999978609383 9.10999979637563 9.23499979358166 9.41999978944659 6.81999984756112 6.70999985001981 8.3549998132512 8.20499981660396 8.87999980151653 8.76499980408698 8.63999980688095 8.72999980486929 8.71999980509281 8.67999980598688 8.49499981012195 8.27499981503934 8.30999981425703 8.21499981638044 8.18499981705099 8.14499981794506 8.11999981850386 8.01499982085079
-9999 -9999 -9999 -9999 -9999 10.2799997702241 10.359999768436 10.359999768436 10.3799997679889 10.2799997702241 10.1599997729063 10.0849997745827 9.97999977692962 10.0449997754768 10.1599997729063 10.174999772571 10.1699997726828 10.1399997733533 10.1699997726828 10.1999997720122 10.1849997723475 10.1399997733533 10.1499997731298 10.1799997724593 10.2099997717887 10.2849997701123 10.3649997683242 10.464999766089 10.4549997663125 10.4149997672066 10.1799997724593 9.65999978408217 9.5299997869879 9.5299997869879 9.76499978173524 9.67999978363514 9.23499979358166 9.43499978911132 10.5249997647479 9.54999978654087 9.08499979693443 8.99999979883432 9.36499979067594 9.74999978207052 10.2999997697771 10.2099997717887 10.2099997717887 9.16499979514629 9.23999979346991 9.19999979436398 9.07999979704618 9.00999979861081 8.92999980039895 8.85999980196357 9.16199979521334 9.00399979874492 9.12299979608506 8.08499981928617 8.25499981548637 8.24499981570989 9.14999979548156 8.39499981235713
