EcologicalScience/Bass/data/rs_data_bass/sst_548.asc
NCOLS 226 
NROWS 124 
XLLCORNER -9.41648524995501 
YLLCORNER 47.587301625531 
CELLSIZE 0.0833 
NODATA_value -9999 
[rows 27 to 53 of 124, columns 62 to 123 of 226]
-9999 -9999 -9999 -9999 -9999 -9999 -9999 -9999 -9999 -9999 -9999 -9999 -9999 -9999 -9999 -9999 -9999 -9999 -9999 -9999 -9999 -9999 -9999 -9999 -9999 -9999 -9999 -9999 12.5299997199327 10.9049997562543 10.9776055056602 10.987144065788 11.0979491439648 11.0640023886226 11.2220221441239 11.1108584734611 10.8273313478567 10.8799249124713 10.9695730339736 10.9643136775121 10.8316344576888 10.8957029818557 10.8419141089544 10.8667765213177 10.8947467352264 11.0343587431125 11.0360321747139 11.0654367585666 11.0097353924066 11.0257525234483 11.1189865698107 11.171341072768 10.2100741486065 11.147434907034 11.1241263954435 10.9949135696515 10.9172185310163 10.8193227823358 10.8121509326156 10.8899655020796 11.0452360485215 11.0818124820944
-9999 -9999 -9999 -9999 -9999 -9999 -9999 -9999 -9999 -9999 -9999 -9999 -9999 -9999 -9999 -9999 -9999 -9999 -9999 -9999 -9999 -9999 -9999 -9999 -9999 -9999 -9999 -9999 -9999 -9999 9.78499978128821 9.39999978989363 11.2715079071932 11.2302697713021 11.2492751730606 11.1520966093522 10.9724417738616 10.9533168412745 10.9576199511066 10.9004842150025 10.8266141628847 10.8856623922475 10.8696452612057 10.7924283458851 10.8390453690663 10.8024689354934 10.9433957824949 10.9028748315759 10.9093294963241 11.1112170659471 11.3116702656262 11.1804254157469 10.8795663199853 10.8067720453255 11.2184362192638 11.1248435804155 11.160822359845 11.0283822016791 11.0090182074346 11.0298165716231 11.0455946410075 11.1628543839324
-9999 -9999 -9999 -9999 -9999 -9999 -9999 -9999 -9999 -9999 -9999 -9999 -9999 -9999 -9999 -9999 -9999 -9999 -9999 -9999 -9999 -9999 -9999 -9999 -9999 -9999 -9999 -9999 -9999 -9999 -9999 12.0699997302145 11.2307718007825 11.2372264655307 11.1836527481209 11.1388286873698 11.1087069185451 10.9298887988552 10.9540340262465 10.9910885831341 10.9310841071419 11.1416974272579 10.7692393651232 10.6607053726912 10.8820764673874 10.7597964296583 10.9315622304566 11.065317227738 11.0402157537173 11.1524552018382 11.462996294722 11.1033280312549 11.0531250832137 10.4524826691486 11.2421033233404 11.187597265467 11.1646473463625 11.147434907034 11.1287880977616 10.8211157447658 10.6002227733843 11.3382061095908
-9999 -9999 -9999 -9999 -9999 -9999 -9999 -9999 -9999 -9999 -9999 -9999 -9999 -9999 -9999 -9999 -9999 -9999 -9999 -9999 -9999 -9999 -9999 -9999 -9999 -9999 -9999 -9999 -9999 -9999 -9999 12.4699997212738 11.1640735983849 11.2438245672733 11.3529801200144 11.7283547343686 11.314825879503 11.2346924119629 11.2334971036762 11.0949011078337 11.1715801344253 10.8627124731429 10.9368215869181 10.8165735732764 10.9253466273658 10.8596046715975 11.3754997281358 11.1262779503595 11.7116204183549 11.2901547164656 11.0900601092726 11.3633075836115 11.466223627096 11.2442548782565 11.2679219823331 11.2872859765776 11.263618872501 11.2464064331725 8.71474348194897 11.1621371989604 11.1556825342122 11.1682332712226
-9999 -9999 -9999 -9999 -9999 -9999 -9999 -9999 -9999 -9999 -9999 -9999 -9999 -9999 -9999 -9999 -9999 -9999 -9999 -9999 -9999 -9999 -9999 -9999 -9999 -9999 -9999 -9999 -9999 -9999 -9999 12.2299997266382 9.33385340904351 11.3115268286318 11.265053242445 11.2680654193275 11.3981627732515 11.5684224856086 11.4142277166247 11.1893902278971 11.2478408031166 10.6575975711457 10.9731589588337 11.0020854193717 10.6798303052783 10.69584743632 11.305215600878 11.146717722062 11.0800195196643 11.1090655110311 11.1187475081533 11.0133213172667 11.4149449015968 11.2815484968014 11.5177414142527 11.2576423310675 11.2478408031166 11.263618872501 11.2179580959491 11.2846562983468 11.1156397066079 11.1536505101249
-9999 -9999 -9999 -9999 -9999 -9999 -9999 -9999 -9999 -9999 -9999 -9999 -9999 -9999 -9999 -9999 -9999 -9999 -9999 -9999 -9999 -9999 -9999 -9999 -9999 -9999 -9999 -9999 -9999 -9999 -9999 -9999 12.1449997285381 11.2446134707425 11.320850233268 11.1987136325333 11.3317514448427 11.2460478406865 11.1639301613905 11.027306424221 10.881120220758 11.0059104058892 10.6002227733843 10.8939100194257 10.9932401380502 11.0588625629898 11.3324686298147 10.9096880888101 11.0975905514788 11.1775566758588 11.1341669850517 11.1829355631489 11.1115756584331 11.1721777885687 11.2370830285363 11.197398793418 11.2205877741799 11.1104998809751 11.2896765931509 11.3472904525697 11.2476017414592 11.1194646931253
-9999 -9999 -9999 -9999 -9999 -9999 -9999 -9999 -9999 -9999 -9999 -9999 -9999 -9999 -9999 -9999 -9999 -9999 -9999 -9999 -9999 -9999 -9999 -9999 -9999 -9999 -9999 -9999 -9999 -9999 -9999 -9999 10.5699997637421 11.3426526564173 11.1983550400473 11.2291939938441 11.2055268897675 11.2087542221416 11.1528137943242 11.2793969418854 11.0154728721827 11.0050736900885 11.0416501236614 11.0018463577144 10.9728003663477 10.7936236541718 10.8244626079686 11.2600329476409 11.1718191960827 11.3808786154259 11.2698344755918 11.2741375854239 11.3077257482801 11.2317041412462 11.3494420074858 11.3503982541151 11.2325408570468 11.3114312039688 11.2612282559276 11.2533392212354 11.2215440208092 11.4455447937362
-9999 -9999 -9999 -9999 -9999 -9999 -9999 -9999 -9999 -9999 -9999 -9999 -9999 -9999 -9999 -9999 -9999 -9999 -9999 -9999 -9999 -9999 -9999 -9999 -9999 -9999 -9999 -9999 -9999 -9999 -9999 -9999 -9999 10.1499997731298 10.9427503160201 11.0922116641887 11.1094241035171 11.0789437422063 11.1133686208632 11.0843226294965 11.0502563433256 10.8515961060766 10.9885784357321 10.9921643605921 11.1090655110311 10.948416077299 11.2198705892079 11.3202764852904 11.0194173895288 11.3260139650665 11.3220694477204 11.3503982541151 11.2150893560611 10.9530777796172 11.1585512741003 11.3824325161986 11.303422638448 11.515828920994 11.4414807455614 11.3233842868358 10.9577394819353 11.2926648638677
-9999 -9999 -9999 -9999 -9999 -9999 -9999 13.9799996875226 14.3349996795878 14.1449996838346 13.5449996972457 13.364999701269 12.7799997143447 6.08499986398965 8.41999981179833 -9999 -9999 -9999 -9999 -9999 -9999 -9999 -9999 -9999 -9999 -9999 -9999 -9999 -9999 -9999 -9999 -9999 -9999 -9999 10.8043336164206 11.1335215185769 11.1341669850517 11.0201345745008 10.9910885831341 11.2695954139344 11.0326853115112 11.0854701254517 11.0172658346128 10.9932401380502 10.9613254067954 11.3813806449063 10.74796287762 10.8182470048778 10.6210211375728 10.9624011842534 11.1924741232768 11.648173454497 11.1859238338657 11.2492751730606 11.0233619068749 11.413032408338 11.5077008246444 11.0295775099657 11.530650743749 11.5175023525953 11.0699789300561 11.2442548782565
-9999 -9999 -9999 -9999 13.5399996973574 13.1099997069687 13.2099997047335 13.9699996877462 13.1699997056276 13.0799997076392 13.5849996963516 15.4399996548891 20.5199995413423 -9999 -9999 -9999 -9999 -9999 -9999 -9999 -9999 -9999 -9999 -9999 -9999 -9999 -9999 -9999 -9999 -9999 -9999 -9999 -9999 -9999 12.0699997302145 11.1186040711589 11.186162895523 11.1897488203831 11.2524307869375 11.0513321207836 10.9986190253403 11.0405743462034 11.2253211949952 11.0998616372235 10.9621621225961 11.320037423633 11.3022034239955 11.0814538896084 11.0926897875033 10.7560909739695 11.2832219284028 11.2985218744725 11.0898210476153 8.60142825637013 11.3276873966679 11.453194766771 11.3152561904863 11.4579759999178 11.3394014178775 11.6501815724187 11.546189751476 11.3554185489193
13.8749996898696 14.4999996758997 13.3599997013807 13.1249997066334 14.3949996782467 11.0477461959235 12.0314849158749 13.9699996877462 12.1990073722554 13.8949996894225 13.0949997073039 -9999 -9999 -9999 -9999 -9999 -9999 -9999 -9999 -9999 -9999 -9999 -9999 -9999 -9999 -9999 -9999 -9999 -9999 -9999 -9999 -9999 -9999 -9999 11.0399997532368 11.2173604418058 11.1377529099118 11.105120993685 11.1381115023978 11.025513461791 10.9885784357321 10.8444959748536 11.0216884752735 11.0501368124969 11.304498415906 11.2808313118294 11.226325253956 11.1921394369565 11.1805688527413 11.1155918942764 10.8603218565695 11.1259193578735 10.9375387718901 9.78478346019983 11.1624957914464 11.1402630573139 11.4799696723931 11.4278542310931 11.465147849638 11.5368663468398 11.4001230788417 11.4362213891
12.5333948654588 12.6081016333774 11.8917294709943 12.1632557014003 12.7964224539464 12.8451910320437 12.7670178700937 11.3924731058069 10.6303445422091 11.8449997352436 -9999 -9999 -9999 -9999 -9999 -9999 -9999 -9999 -9999 -9999 -9999 -9999 -9999 -9999 -9999 -9999 -9999 -9999 -9999 -9999 -9999 -9999 -9999 -9999 -9999 11.2514267279766 11.2370830285363 11.3740653581917 11.3729895807337 11.2080370371696 9.66357919992879 11.1897488203831 11.1424146122299 11.1440880438313 11.1483911536634 11.3704794333316 11.4027527570724 11.4027527570724 11.3209936702624 11.0221665985882 10.905384978978 10.93395284703 10.8624734114856 10.9150669761002 10.9052654481493 11.2162846643478 11.3212327319197 11.3279264583252 11.35804822715 11.3343811230734 11.5889817881398 11.4849899671972
12.3074815992732 12.300309749553 12.4523529636208 13.0857468247414 12.8366445777938 12.5665049050003 11.3260139650665 11.4627094207332 13.8599996902049 -9999 -9999 -9999 -9999 -9999 -9999 -9999 -9999 -9999 -9999 -9999 -9999 -9999 -9999 -9999 -9999 -9999 -9999 -9999 -9999 -9999 -9999 -9999 -9999 -9999 -9999 -9999 11.1624957914464 11.2521439129487 11.2999084320851 11.4300057860091 11.3128177615814 11.1574754966423 11.2222612057813 11.2466454948299 10.9903713981621 11.2155674793757 11.3099968340248 11.3475295142271 11.4156620865688 11.1538895717822 11.0979491439648 10.6748100104742 10.0149998362176 9.77976316539571 9.49002043670043 11.0922116641887 10.148396241013 11.2401908300817 11.1448052288033 11.3142999438569 11.4182917647995 11.2385173984803
12.5154652411584 13.6049996959046 12.3523056600243 12.5204855359625 12.3842203912791 12.2163991078269 13.7049996936694 11.4977797658648 12.7897884929553 -9999 -9999 -9999 -9999 -9999 -9999 -9999 -9999 -9999 -9999 -9999 -9999 -9999 -9999 -9999 -9999 -9999 -9999 -9999 -9999 -9999 -9999 -9999 -9999 -9999 -9999 -9999 -9999 -9999 -9999 13.1449997061864 13.1449997061864 12.0249997312203 10.9588152593933 11.0104525773786 10.9150669761002 11.291110963095 11.6100192139857 11.5973489461467 11.4805673265364 11.4681958857691 10.6522186838556 11.1225724946707 11.0090182074346 10.8825545907021 11.1112170659471 11.1800668232609 11.0362712363712 11.1255607653875 10.2597989733331 11.2324213262182 11.2109057770576 8.85435548983514
13.489999698475 13.6249996954575 13.799999691546 14.1249996842816 14.4049996780232 14.5499996747822 14.4399996772408 14.2949996804819 14.3099996801466 -9999 -9999 -9999 -9999 -9999 -9999 -9999 -9999 -9999 -9999 -9999 -9999 -9999 -9999 -9999 -9999 -9999 -9999 -9999 -9999 -9999 -9999 -9999 -9999 -9999 -9999 -9999 -9999 -9999 -9999 -9999 -9999 -9999 -9999 11.0574281930458 11.3027054534759 11.3910387358628 11.3838668861426 12.2447279142216 11.4215788625879 11.4524178163847 10.4951551749837 10.467184961075 11.0384227912873 10.9475793614984 11.1736121585127 10.9401684501208 11.4938352485187 11.4294320380315 11.3686147524044 11.4575456889346 11.3406445384957 10.9790398756042
13.0451063429937 12.5076957372949 12.5513244897593 12.7307402635925 12.9753003390506 12.6944028916769 12.7370753975119 14.069999685511 14.2599996812642 14.3499996792525 -9999 -9999 -9999 -9999 -9999 16.1899624452926 -9999 -9999 -9999 -9999 -9999 -9999 -9999 -9999 -9999 -9999 -9999 -9999 -9999 -9999 -9999 -9999 -9999 -9999 -9999 -9999 -9999 -9999 -9999 -9999 -9999 -9999 -9999 -9999 12.4549997216091 11.343584996881 11.5744468393736 11.5880255415104 11.4764435129473 11.3912777975202 11.3480076375417 11.4297667243518 11.0420087161474 10.9918057681061 11.585276332451 11.4522385201417 11.4877391762566 11.3181249303743 11.1255607653875 11.4615619247779 11.1264931058511 10.7713431077078
12.9680089585017 12.9512985486537 12.63392029237 12.7955259727314 12.8201493234374 12.8732210113667 13.0058046065271 13.4849996985868 13.9499996881932 14.21499968227 13.8849996896461 -9999 -9999 -9999 -9999 -9999 -9999 -9999 -9999 -9999 -9999 -9999 -9999 -9999 -9999 -9999 -9999 -9999 -9999 -9999 -9999 -9999 -9999 -9999 -9999 -9999 -9999 -9999 -9999 -9999 -9999 -9999 -9999 -9999 -9999 12.1949997274205 11.4314401559532 11.6333994440734 11.7478621656075 11.3511154390872 12.3477634885348 11.9597664186731 11.2112643695436 11.3686864709016 11.5551545636263 11.4967039884068 11.4741126617882 11.4533142975997 11.304498415906 10.9000060916878 11.267204797361 11.3826715778559
13.7649996923283 12.9920346550643 13.0547883401159 12.9610522642732 12.9423098303378 13.0375759007875 13.0074541319627 13.8699996899813 13.7149996934459 14.0299996864051 14.1549996836111 12.0449997307733 6.49499985482544 -9999 10.5949997631833 10.5949997631833 21.0099995303899 21.0099995303899 -9999 -9999 -9999 -9999 -9999 -9999 -9999 -9999 -9999 -9999 -9999 -9999 -9999 -9999 -9999 -9999 -9999 -9999 -9999 -9999 -9999 -9999 -9999 -9999 -9999 -9999 -9999 8.8399998024106 12.7599997147918 11.189999749884 11.6506118834019 11.502979356912 11.9388485236559 11.8954588328488 11.8128032648237 11.6785103788134 11.7014602979179 11.6928540782537 11.2347521773772 11.505310208071 11.3708380258176 11.3651005460415 11.2725836846512 11.6543053860078
13.509999698028 12.8952146838419 12.8543351404369 13.1971495570615 12.5775017412379 11.9254371646792 12.6967935082503 13.6299996953458 13.9699996877462 14.0999996848404 14.4349996773526 14.3649996789172 15.3649996565655 11.1266365428455 11.2007934689522 10.9900845241733 11.1241263954435 11.3999997451901 -9999 -9999 -9999 -9999 -9999 -9999 -9999 -9999 -9999 -9999 -9999 -9999 -9999 -9999 -9999 -9999 -9999 -9999 -9999 -9999 -9999 -9999 -9999 -9999 -9999 -9999 -9999 -9999 -9999 -9999 13.199999704957 12.5929212181363 11.4353846732993 11.5393764942419 11.7808526743203 11.7807092373259 11.7455671736971 11.7269203644246 11.5942411446013 11.4153034940828 11.8040894674137 10.4210699673742 11.6930692337453 11.384464540286
12.6840037095826 13.5349996974692 12.6800591922365 12.7919400478713 12.0215399509296 12.5564643153921 13.7249996932223 13.9299996886402 13.924999688752 14.1099996846169 12.2891933824867 14.0199996866286 14.3249996798113 14.794999669306 11.346812329255 11.2730447321332 16.0549996411428 -9999 -9999 -9999 -9999 -9999 -9999 -9999 -9999 -9999 -9999 -9999 -9999 -9999 -9999 -9999 -9999 -9999 -9999 -9999 -9999 -9999 -9999 -9999 -9999 -9999 -9999 -9999 -9999 -9999 -9999 -9999 11.3190214115893 11.7267410681816 11.744491396239 11.8892910420895 11.6415753527544 11.8402355900034 11.7918256043922 11.6939298557118 11.6437269076705 10.9436109379865 12.5653095967136 11.3306039488874 11.5752357428428 11.5727255954407
13.3812270332128 13.3399997018278 13.2810601987876 13.4099997002631 13.4949996983632 13.8299996908754 14.1999996826053 14.2749996809289 14.2949996804819 12.2970824171789 14.6649996722117 14.629999672994 14.4999996758997 14.3649996789172 14.8399996683002 14.9249996664003 15.8999996446073 -9999 -9999 -9999 -9999 -9999 -9999 -9999 -9999 -9999 -9999 -9999 -9999 -9999 -9999 -9999 -9999 -9999 -9999 -9999 -9999 -9999 -9999 -9999 -9999 -9999 -9999 -9999 -9999 -9999 -9999 -9999 11.6067918816116 11.6397106718272 11.6929257967509 11.9244331057183 9.96752219107002 11.8154927084688 11.568565922603 11.5744468393736 11.8036591564305 11.6609393469989 12.0129337312654 11.7306855855277 11.6454003392719 11.4127933466807
13.4627470583655 13.576719703502 13.3199997022748 12.8255043045618 12.9602736063035 13.113095478341 12.9482863717712 13.0029973396366 14.6449996726587 14.6599996723235 11.6683980707079 14.4699996765703 14.2299996819347 14.5149996755645 14.8449996681884 6.69999985024333 -9999 -9999 -9999 -9999 -9999 -9999 -9999 -9999 -9999 -9999 -9999 -9999 -9999 -9999 -9999 -9999 -9999 -9999 -9999 -9999 -9999 -9999 -9999 -9999 -9999 -9999 -9999 -9999 -9999 -9999 -9999 -9999 11.1099997516721 11.5768852682784 11.5599597029388 11.271794781182 11.7418378118426 11.7860164061189 11.6183385596611 11.5057405190542 11.4477919733152 11.6930692337453 11.9004791276529 11.9193649985828 11.9824772761203 10.7146137764212
13.4069261613768 13.6245918003842 13.3349997019395 12.7902188039385 13.2051820287481 13.779999691993 12.8789243394775 14.2649996811524 14.379999678582 14.6049996735528 14.3649996789172 14.1799996830523 14.2599996812642 14.3749996786937 14.774999669753 -9999 -9999 -9999 -9999 -9999 -9999 -9999 -9999 -9999 -9999 -9999 -9999 -9999 -9999 -9999 -9999 -9999 -9999 -9999 -9999 -9999 -9999 -9999 -9999 -9999 -9999 -9999 -9999 -9999 -9999 -9999 -9999 -9999 -9999 -9999 13.0249997088686 11.3661763234995 12.5834782826714 11.1361033844762 12.235165447928 12.2681559566408 11.5497756763361 11.5438947595656 12.7933744178154 11.0161900571547 11.4794915490784 11.8383230967447
13.3714255052619 13.3506271410733 13.4332468498498 13.1442827791242 13.1848549575412 13.7649996923283 13.8449996905401 14.1549996836111 14.3099996801466 14.1399996839464 13.8199996910989 13.9499996881932 13.944999688305 13.9949996871874 14.1999996826053 14.2749996809289 -9999 -9999 -9999 -9999 -9999 -9999 -9999 -9999 -9999 -9999 -9999 -9999 -9999 -9999 -9999 -9999 -9999 -9999 -9999 -9999 -9999 -9999 -9999 -9999 -9999 -9999 -9999 -9999 -9999 -9999 -9999 7.28971443486559 6.23999986052513 -9999 11.5949583295733 12.2849997254089 11.6458784625866 11.4298623490147 12.2554856888019 11.5273995052092 12.4147007525899 12.2566809970886 11.3336161257699 11.7902717036195 12.2318185847253 12.2633747234941
12.9748222157359 13.4381237076595 12.7824732062407 12.81991026178 12.5283028521575 13.2000182969496 13.0106814643368 12.8833811318036 14.2899996805936 14.2049996824935 14.2049996824935 13.9299996886402 13.8199996910989 14.1099996846169 13.2349997041747 -9999 -9999 -9999 -9999 -9999 -9999 -9999 -9999 -9999 -9999 -9999 -9999 -9999 -9999 -9999 -9999 -9999 -9999 -9999 -9999 -9999 -9999 -9999 -9999 -9999 -9999 -9999 -9999 -9999 -9999 -9999 -9999 -9999 7.90167829832704 11.1485106844921 11.1983550400473 13.8749996898696 13.3499997016042 11.4335917108692 11.54583115899 11.4565416299738 11.4670125305653 11.1970999663463 11.2173604418058 11.8603167692199 12.1416923399083 11.6696890036575
13.4280831180513 13.1304513546638 12.9023865335621 12.9246192676947 12.7344218131155 13.0443891580217 13.1175420251675 13.0013580597006 12.8823053543456 14.2899996805936 14.4349996773526 14.6999996714294 14.629999672994 14.6249996731058 14.8599996678531 -9999 -9999 -9999 -9999 -9999 -9999 -9999 -9999 -9999 -9999 -9999 -9999 -9999 -9999 -9999 -9999 -9999 -9999 -9999 -9999 -9999 -9999 -9999 -9999 -9999 -9999 -9999 -9999 -9999 -9999 -9999 -9999 -9999 -9999 -9999 13.7849996918812 11.2862101991195 11.2962507887278 10.9741630177945 11.9937131740153 11.8552964744158 11.1613482954912 11.7864467171021 11.3792649492389 11.4443494854495 11.8415265229531 10.3205206342973
13.1620074934326 12.9306436214596 12.8758506895974 12.8366923901252 13.4449996994808 12.9611957012676 12.9977721348405 12.9102755682543 12.7209387356415 12.5552690071054 12.2547685038298 14.2749996809289 14.4549996769056 14.1099996846169 13.6399996951222 -9999 -9999 -9999 -9999 -9999 -9999 -9999 -9999 -9999 -9999 -9999 -9999 -9999 -9999 -9999 -9999 -9999 -9999 -9999 -9999 -9999 -9999 -9999 -9999 -9999 -9999 -9999 -9999 -9999 -9999 -9999 -9999 -9999 -9999 -9999 -9999 -9999 12.6699997168034 11.3500396616291 11.9501441869652 11.9379520424409 10.7325434007216 11.2557298378088 11.4941221225075 11.6121707689017 11.7057634077501 11.3025859226473
