EcologicalScience/Bass/data/rs_data_bass/sst_217.asc
NCOLS 226 
NROWS 124 
XLLCORNER -9.41648524995501 
YLLCORNER 47.587301625531 
CELLSIZE 0.0833 
NODATA_value -9999 
[rows 0 to 26 of 124, columns 0 to 61 of 226]
-9999.000000000000000 -9999 -9999 -9999 -9999 -9999 -9999 -9999 -9999 -9999 -9999 -9999 -9999 -9999 -9999 -9999 -9999 -9999 -9999 -9999 -9999 -9999 -9999 -9999 -9999 -9999 -9999 -9999 -9999 -9999 -9999 -9999 -9999 -9999 -9999 -9999 -9999 -9999 -9999 -9999 -9999 -9999 -9999 -9999 -9999 -9999 -9999 -9999 -9999 -9999 -9999 -9999 -9999 -9999 -9999 -9999 -9999 -9999 -9999 -9999 -9999 -9999
-9999 -9999 -9999 -9999 -9999 -9999 -9999 -9999 -9999 -9999 -9999 -9999 -9999 -9999 -9999 -9999 -9999 -9999 -9999 -9999 -9999 -9999 -9999 -9999 -9999 -9999 -9999 -9999 -9999 -9999 -9999 -9999 -9999 -9999 -9999 -9999 -9999 -9999 -9999 -9999 -9999 -9999 -9999 -9999 -9999 -9999 -9999 -9999 -9999 -9999 -9999 -9999 -9999 -9999 -9999 -9999 -9999 -9999 -9999 -9999 -9999 -9999
-9999 -9999 -9999 -9999 -9999 -9999 -9999 -9999 -9999 -9999 -9999 -9999 -9999 -9999 -9999 -9999 -9999 -9999 -9999 -9999 -9999 -9999 -9999 -9999 -9999 -9999 -9999 -9999 -9999 -9999 -9999 -9999 -9999 -9999 -9999 -9999 -9999 -9999 -9999 -9999 -9999 -9999 -9999 -9999 -9999 -9999 -9999 -9999 -9999 -9999 -9999 -9999 -9999 -9999 -9999 -9999 -9999 -9999 -9999 -9999 -9999 -9999
-9999 -9999 -9999 -9999 -9999 -9999 -9999 -9999 -9999 -9999 -9999 -9999 -9999 -9999 -9999 -9999 -9999 -9999 -9999 -9999 -9999 -9999 -9999 -9999 -9999 -9999 -9999 -9999 -9999 -9999 -9999 -9999 -9999 -9999 -9999 -9999 -9999 -9999 -9999 -9999 -9999 -9999 -9999 -9999 -9999 -9999 -9999 -9999 -9999 -9999 -9999 -9999 -9999 -9999 -9999 -9999 -9999 -9999 -9999 -9999 -9999 -9999
-9999 -9999 -9999 -9999 -9999 -9999 -9999 -9999 -9999 -9999 -9999 -9999 -9999 -9999 -9999 -9999 -9999 -9999 -9999 -9999 -9999 -9999 -9999 -9999 -9999 -9999 -9999 -9999 -9999 -9999 -9999 -9999 -9999 -9999 -9999 -9999 -9999 -9999 -9999 -9999 -9999 -9999 -9999 -9999 -9999 -9999 -9999 -9999 -9999 -9999 -9999 -9999 -9999 -9999 -9999 -9999 -9999 -9999 -9999 -9999 -9999 -9999
-9999 -9999 -9999 -9999 -9999 13.4029816440307 13.7156742918305 12.4799645850435 13.0275353111792 12.8848155017477 12.9626300712116 12.8876842416357 13.337000626605 13.9803155465052 13.7565538352355 13.0859858863987 13.3699911353178 13.0508438227698 12.8407086259685 13.0687734470703 13.7472304305993 13.3291115919128 13.3660466179717 13.4621494042221 11.5496152533819 11.0578042778482 10.5074548972538 13.1404919442721 13.1444364616182 12.8368836394511 12.8095110796858 11.9383554589876 11.7350230286829 12.3046822047365 12.3249997245148 7.43310374516602 10.1880060143036 12.2299997266382 7.894999823533 12.581900475733 12.964303502813 12.9611957012676 12.6350814489914 12.5699997190386 -9999 -9999 -9999 -9999 -9999 -9999 -9999 -9999 -9999 -9999 -9999 -9999 -9999 -9999 -9999 -9999 -9999 -9999
-9999 -9999 -9999 -9999 -9999 13.6070207685698 13.8598284712061 13.0944128098199 13.5112765748054 13.4786446585786 12.9608371087816 14.1072572865523 13.8921017949469 13.8698690608144 12.9812768804841 12.7116153310053 13.258110279683 12.6528061632998 13.0486922678538 13.7952818237245 13.3728598752059 13.3574403983075 13.2369533230085 12.977690955624 14.0164701065651 8.94333239976102 13.1366191454232 13.1817300801631 13.1924878547434 13.4237800082192 12.6900997818448 13.1598559385166 10.4071390152035 11.8610488955455 14.0382187963512 11.0274545385087 12.0099997315556 -9999 8.64734303593286 9.08808308394509 11.8021168231574 13.0235907938331 12.8023904574636 11.6416079520714 11.891775110038 11.5686923939314 -9999 -9999 -9999 -9999 -9999 -9999 -9999 -9999 -9999 -9999 -9999 -9999 -9999 -9999 -9999 -9999
-9999 -9999 -9999 -9999 -9999 13.7698217572179 13.7325281386729 13.8877986851148 13.2663579068612 13.3147678924724 13.2850047161337 13.7099368120544 13.2896664184518 13.6647541588172 13.9516281476244 13.7199774016626 13.0286110886373 12.4362163017504 12.6097750649787 13.2028870368376 13.2669555610046 13.3638950630557 13.456411924446 13.5435498985462 12.2154639060662 9.44008467521738 12.8077181172557 12.8144118436612 12.8772850595415 13.0454649354797 13.2376705079805 13.3398693664931 13.5661412251648 13.7009719999041 13.1993011119775 13.1048871806612 11.3129159026828 12.3099997248501 12.0549997305498 8.70563315400732 9.59995891636936 11.5117648728192 12.3278561723419 12.9968500398765 11.47747039143 9.80999978072941 -9999 -9999 -9999 -9999 -9999 -9999 -9999 -9999 -9999 -9999 -9999 -9999 -9999 -9999 -9999 -9999
-9999 -9999 -9999 -9999 -9999 13.8992736446671 14.1101260264404 14.2628864254802 14.2815332347527 13.4714728088584 13.3312631468289 13.0834757389966 13.7597811676096 13.6615268264432 13.9702749568969 13.8691518758424 12.541642492637 12.9949033949524 12.3573259548284 13.1127010266064 13.5489287858363 13.4062089764047 13.4101534937508 11.5777836368223 10.9148228280246 12.2566592642106 12.833297714591 13.2426908027846 13.415173788555 13.4402752625756 13.417325343471 13.3577989907935 13.53781241877 13.5421155286022 13.2602618345991 13.0227711538651 11.688536027068 9.75903899275601 12.1883838249172 12.636653201771 9.48405428925205 12.1507535478881 9.03222255988816 6.29999985918403 10.5062226430746 10.498812818341 9.33499979134649 -9999 -9999 -9999 -9999 -9999 -9999 -9999 -9999 -9999 -9999 -9999 -9999 -9999 -9999 -9999
-9999 -9999 -9999 -9999 -9999 14.3489486221224 14.4428998534568 14.3690298013389 14.2220068820752 14.0649433732033 14.2090975525789 13.1254310598597 13.3190710023046 13.6375011298805 13.8999908296391 12.140018908307 14.0018310956657 14.01402324019 13.9501937776804 13.615268395748 13.4643009591382 13.4033402365167 13.4929883580189 13.2319330282044 12.7815532310352 13.1096529904753 13.3986785341986 13.5478530083783 13.3800317249261 13.1665496649221 13.4998016152531 13.4883266557008 13.4252143781632 13.3936582393944 13.217230736278 13.736831248505 13.2167526129633 13.2731711640954 13.3065202652942 13.3353271950036 12.4860606573056 12.9763553566034 10.6727525126036 12.2523561543785 12.4642517142929 12.8420051738895 12.0949997296557 -9999 -9999 -9999 -9999 -9999 -9999 -9999 -9999 -9999 -9999 -9999 -9999 -9999 -9999 -9999
-9999 -9999 -9999 -9999 -9999 14.2241584369913 14.2341990265995 14.2800988648087 14.0713980379514 14.0491653038189 13.5496459708083 13.4521088146139 13.894970534835 14.0498824887909 14.0240638297983 14.0864589223638 13.0607051161351 13.9587999973446 13.8698690608144 13.6446729796007 13.5582521904726 13.4671696990263 13.4370479302015 12.8326044357847 13.11192407622 13.1347544644959 13.534943678882 13.5148624996655 13.4998016152531 13.2478306284174 13.2561977864243 13.5851466269232 13.4897610256448 13.2229682160541 13.2150791813619 12.9698019209318 13.4682454764843 12.8701132098213 13.5865809968673 13.6192129130941 13.9971693933476 13.2629256644951 13.3943754243664 12.2771805342054 12.215258131735 12.039999730885 -9999 -9999 -9999 -9999 -9999 -9999 -9999 -9999 -9999 -9999 -9999 -9999 -9999 -9999 -9999 -9999
-9999 -9999 -9999 -9999 -9999 14.4170811944641 14.3891109805554 14.372615726199 13.3266014445107 13.5973387714475 14.1682180091739 14.0470137489028 13.7902615289204 14.1553086796775 13.3144092999864 13.216513551306 14.0800042576157 14.014740425162 13.9308297834359 13.9853358413093 12.9394410904497 13.3728598752059 13.6924853110686 12.9334645490162 13.217410032521 13.3979613492265 13.2796258288436 13.3746528376359 13.2821359762456 13.3589942990802 13.6256675778423 13.4201940833591 13.496215690393 13.3219397421926 13.2939695282839 13.7132836752571 13.5421155286022 12.9882694339612 13.0132428392369 13.4280831180513 13.655789346667 13.8677175058983 12.5394431253895 11.3192455318931 12.4287021592027 13.4985831719673 12.2549997260794 -9999 -9999 -9999 -9999 -9999 -9999 -9999 -9999 -9999 -9999 -9999 -9999 -9999 -9999 -9999
-9999 -9999 -9999 -9999 -9999 14.1065401015803 14.2406536913477 13.1514887805097 13.4584439485334 13.5467772309203 14.1567430496216 14.1051057316363 12.7976775276475 12.9284442542121 14.1380962403491 14.0814386275597 14.1847132635303 12.9461348168552 12.9264122301247 13.2398220628966 13.4115878636949 13.3427381063811 13.3950926093385 13.4721899938304 13.2614571428858 13.1844792892225 13.3111819676124 13.6206472830381 13.230618189089 13.655072161695 13.5403225661721 13.4503158521838 13.3448896612972 13.3269600369968 13.2362361380365 13.3237327046227 13.4363307452295 13.264134633448 13.5048219100572 13.3257647287101 13.8440504018217 13.974219474243 13.8136895713396 14.092913587112 10.8572636101504 12.1299997288734 -9999 -9999 -9999 -9999 -9999 -9999 -9999 -9999 -9999 -9999 -9999 -9999 -9999 -9999 -9999 -9999
-9999 -9999 -9999 -9999 -9999 14.2485427260399 14.3625751365907 12.8095110796858 13.0063783545047 14.0886104772799 14.0835901824757 14.0369731592946 13.6522034218069 14.3805047608912 14.5605181888677 14.4644154026173 14.5203558304347 14.57199314842 14.4149296395481 14.0821558125317 12.7826166432351 14.1051057316363 13.9501937776804 12.8650929150172 13.6253089853562 13.3040101178922 13.5413983436301 13.4058503839187 13.2330088056624 13.4764931036625 13.4686040689703 13.3864863896742 13.496932875365 13.3176366323605 13.4302346729673 13.5474944158923 13.4786446585786 13.243288456928 13.4149347268976 13.5205999794416 13.6522034218069 13.9002298912965 12.3417621095266 13.4218770862028 11.8749997345731 -9999 -9999 -9999 -9999 -9999 -9999 -9999 -9999 -9999 -9999 -9999 -9999 -9999 -9999 -9999 -9999 -9999
-9999 -9999 -9999 -9999 -9999 14.2650379803963 13.6116824708879 13.696668890072 14.1129947663285 14.0419934540987 13.7716147196479 13.7461546531413 13.2057557767257 14.2714926451445 14.4586779228412 14.6810052641667 14.4773247321136 14.5684072235599 14.5805993680842 13.376445800066 14.2298959167674 13.2688680542633 13.334849071689 13.4262901556212 13.4438611874357 13.6798150432296 13.5736716673709 13.3556474358775 13.3879207596183 13.3534958809614 13.4743415487465 13.1739605762996 13.2846461236477 12.9447004469112 13.2310963124037 13.2047995300964 13.5058976875152 13.6726431935094 12.3758831159794 11.3011276465375 12.6216510311821 9.54310706598335 12.8811193987047 12.6074613638951 13.0180461057161 11.8528347420632 -9999 -9999 -9999 -9999 -9999 -9999 -9999 -9999 -9999 -9999 -9999 -9999 -9999 -9999 -9999 -9999
-9999 -9999 -9999 -9999 -9999 14.3173924833536 14.3640095065348 14.3496658070944 14.1997741479427 14.0649433732033 14.1603289744817 14.2786644948646 14.3281502579339 14.5110324257985 14.5920743276365 14.7441175417043 14.8151188539341 14.8144016689621 14.5963774374686 13.4205526758451 14.4048890499398 13.3427381063811 13.4703970314004 13.45784629439 13.575106037315 13.3158436699305 13.3183538173325 13.5485701933503 13.5568178205285 13.0877788488287 13.2254783634562 13.497650060337 13.535302271368 13.4732657712884 13.2799844213296 13.416966750985 13.4668111065403 13.4399166700896 13.4827326129191 12.7194554667221 10.7313879360445 11.9528794083744 12.3086641915143 -9999 -9999 -9999 -9999 13.2249997043982 13.2249997043982 -9999 -9999 -9999 -9999 -9999 -9999 -9999 -9999 -9999 -9999 -9999 -9999 -9999
-9999 -9999 -9999 -9999 -9999 14.3123721885495 14.3381908475421 14.4091921597719 14.3898281655274 14.3898281655274 14.2241584369913 14.4221014892682 14.3532517319545 14.5935086975805 14.6888942988589 14.7971892296337 14.7577440561727 14.6465803855099 14.7247535474598 13.5621967078187 13.3979613492265 13.2308572507463 13.3983199417125 13.5331507164519 13.0032705529593 13.615268395748 13.6303292801604 13.496574282879 13.1708527747542 13.2710196091793 13.3382915595546 13.575106037315 13.325047543738 13.3430966988672 13.5109179823194 13.2815383221023 13.5887325517833 13.5466577000916 10.8923411772994 -9999 -9999 -9999 -9999 -9999 -9999 -9999 -9999 -9999 -9999 -9999 -9999 -9999 -9999 -9999 -9999 -9999 -9999 -9999 -9999 -9999 -9999 -9999
-9999 -9999 -9999 -9999 -9999 13.4883266557008 14.3840906857513 14.4149296395481 14.2650379803963 13.5069734649733 14.6150242467411 14.6279335762374 14.6286507612094 14.4744559922256 14.4206671193242 14.7369456919841 14.6544694202021 14.6365397959016 14.7448347266763 14.5877712178044 13.7027649623342 13.6263847628143 13.1508911263663 13.696310297586 13.2064729616977 12.7686315362807 13.3231948158937 13.2925351583399 12.1359548601322 12.9019224726978 13.3560777468607 13.7863170115743 13.3251670745667 13.5008773927111 13.5998489188496 13.5449842684902 14.0337458269205 13.7203359941486 11.742186158829 12.4632651668042 11.6199997402728 -9999 -9999 -9999 -9999 -9999 -9999 -9999 -9999 -9999 -9999 -9999 -9999 -9999 -9999 -9999 -9999 -9999 -9999 -9999 -9999 -9999
-9999 -9999 -9999 -9999 -9999 13.6686986761633 14.1696523791179 14.3037659688853 13.9301125984639 14.6996520734392 14.691045853775 14.6702474895865 14.6860255589709 14.6975005185232 14.1818445236422 14.6243476513773 14.5827509230003 14.5476088593714 14.5397198246792 14.7900173799135 13.2609790195711 13.6898556328379 13.1806543027051 13.8576769162901 13.8447675867938 13.3888172408333 13.3267807407537 13.2174697979353 12.3752555791289 12.65997801302 13.5041047250852 13.494781320449 13.494781320449 13.7296593987849 13.7443616907112 13.7913373063784 13.9028595695272 14.0231075831689 13.7289422138128 9.69881818044578 12.6907503430762 -9999 13.1527920521255 11.261727378911 13.7925565208308 12.0949997296557 -9999 -9999 -9999 -9999 -9999 -9999 -9999 -9999 -9999 -9999 -9999 -9999 -9999 -9999 -9999 -9999
-9999 -9999 -9999 -9999 -9999 14.451506073121 13.7454374681693 14.5648212986998 14.3855250556953 14.6616412699223 14.6953489636071 14.6688131196424 14.6243476513773 14.6810052641667 14.5899227727205 14.5633869287558 14.5253761252388 14.4335764488205 14.5246589402668 13.9473250377923 13.7425687282812 13.2793867671862 13.3312631468289 13.1598559385166 13.8003021185286 13.4763138074195 13.3848727234872 12.8399914409965 13.7027649623342 13.6034348437097 13.9372844481841 13.5223929418717 13.7400585808791 13.5583717213012 13.8440504018217 13.8806268353947 13.3126163375564 13.3549302509055 13.9301125984639 13.4248557856772 13.9719483884983 13.2143619963899 13.9972889241762 13.8758456022479 13.8251645308919 11.7170063368702 11.4849997432902 -9999 -9999 -9999 -9999 -9999 -9999 -9999 -9999 -9999 -9999 -9999 -9999 -9999 -9999 -9999
-9999 -9999 -9999 -9999 -9999 14.6164586166851 14.65016631037 14.6042664721608 14.5619525588118 14.6250648363493 14.6637928248383 14.73192539718 14.7003692584112 14.6401257207617 14.6164586166851 14.490951246582 14.5282448651269 14.2012085178867 13.8583941012621 13.7020477773622 13.6480198428035 13.4252143781632 13.6819665981457 13.2330088056624 13.4101534937508 13.4772102886345 13.4617908117361 13.5614795228466 13.5844294419512 13.9709921418689 13.8648487660103 13.5141453146935 13.3699911353178 13.4359721527435 13.8773995030206 13.0436719730496 13.1928464472294 13.3621021006256 13.9776858682744 14.1091697798111 14.0981729435734 14.0907620321959 13.8844518219121 13.9444562979043 13.9649878025683 10.8738012561718 -9999 -9999 -9999 -9999 -9999 -9999 -9999 -9999 -9999 -9999 -9999 -9999 -9999 -9999 -9999 -9999
-9999 -9999 -9999 -9999 -9999 14.6336710560136 14.6630756398663 14.5468916743994 14.612872691825 14.5956602524966 14.7096926630475 14.7570268712007 14.6975005185232 14.5368510847911 14.4751731771976 14.6064180270769 14.3754844660871 14.2700582752004 13.9200720088556 13.9365672632121 13.9785225840751 13.776993606938 13.9103900117334 13.8418988469057 13.695593112614 13.5916012916714 13.615626988234 13.6188543206081 13.5550248580985 13.9537797025405 13.9925076910295 13.4194768983871 13.0651875222102 13.814287225483 13.8583941012621 13.3032929329202 13.4273659330793 13.4323862278834 13.8458433642518 14.2750785700046 14.1691742558032 14.2205725121312 13.9774468066171 14.0474918722175 13.9432609896176 13.7506569810212 11.1813412057881 -9999 -9999 8.77601156955851 -9999 -9999 -9999 -9999 10.9150669761002 -9999 -9999 -9999 -9999 -9999 -9999 -9999
-9999 -9999 -9999 -9999 -9999 14.6802880791947 14.6336710560136 14.6609240849502 14.5139011656865 14.5648212986998 14.6709646745585 14.7118442179635 14.7118442179635 14.6688131196424 14.7426831717603 13.9423047429882 13.5306405690499 13.577257592231 13.7687459797598 13.6052278061397 13.2301400657743 14.2567903532181 13.8910260174889 13.8304238873534 13.6267433553003 13.6245918003842 13.5916012916714 14.1302072056569 13.5722372974269 13.8293481098954 13.3248084820807 13.8282723324373 13.8254035925493 13.853373806458 12.9683675509878 13.1039155106992 13.3585161757655 13.4352549677715 13.5145756256767 14.2198553271592 14.001352972351 14.2946816259064 8.75349998249319 13.8110598931089 13.8048442900181 13.6854090860114 11.2048097047955 8.28828736796277 8.85782188386656 9.06688130320981 -9999 -9999 -9999 9.86034262009331 9.783517609129 -9999 -9999 -9999 -9999 -9999 -9999 -9999
-9999 -9999 -9999 -9999 -9999 14.4880825066939 14.4966887263581 14.5382854547352 14.5748618883081 14.6214789114892 14.729773842264 14.7161473277956 14.6358226109296 14.213400662411 14.2772301249206 14.3762016510591 13.7206945866346 14.0247810147703 14.0075685754418 14.0398418991826 13.8619800261222 13.892818979919 13.8795510579366 13.9674062170088 13.7859584190883 13.7658772398718 13.6762291183695 13.7106539970264 13.3506271410733 13.7655186473858 13.7938474537805 13.9634616996627 13.896404904779 13.813928632997 13.3083132277243 13.4108706787229 13.5944700315595 13.9423047429882 13.415173788555 13.614909803262 14.1847132635303 8.58899705018848 13.9198329471983 13.9152907757089 13.1890364020655 9.8446760349907 -9999 14.5748618883081 11.1742727236185 10.1959785134289 7.83093899589133 8.11832998616717 -9999 13.2127841894515 11.8536230428144 -9999 -9999 -9999 -9999 -9999 -9999 -9999
-9999 -9999 -9999 -9999 -9999 14.1926022982225 13.7622913150117 13.3420209214091 14.5160527206026 14.612155506853 14.6982177034952 14.6616412699223 14.6343882409856 14.3525345469825 13.7866756040603 13.8576769162901 13.814645817969 13.8598284712061 13.9946592459455 13.8003021185286 13.5299233840778 13.9605929597747 13.7977919711266 14.0484481188469 14.2098147375509 13.6435972021427 13.6769463033415 13.735038286075 13.7959990086965 13.7185430317186 13.6686986761633 13.9953764309175 13.9878459887113 12.3200323362835 12.9102755682543 13.1577043836005 13.9528234559111 14.0283669396304 8.92023902580829 6.72249925434589 12.3529111874557 12.5124138390548 13.8320973189548 13.8373566754162 13.8854080685414 8.50254637835314 -9999 9.27781671446702 14.6873369829197 11.988340056906 9.05791649105959 9.39684454047096 9.63410631274538 14.3996296934783 10.8945180260041 -9999 -9999 -9999 -9999 -9999 -9999 -9999
-9999 -9999 -9999 -9999 -9999 14.6723990445025 13.2936109357979 13.4341791903134 14.5167699055746 14.4730216222815 14.7448347266763 13.5791700854897 13.549048316665 13.775200644508 13.9623859222047 14.0678121130913 14.2248756219633 14.2571489457041 14.052751228679 13.8314996648114 13.8071153757628 13.9641788846347 13.9297540059779 13.7644428699277 13.6421628321987 13.6400112772826 13.6529206067789 13.7171086617745 13.7074266646523 13.7970747861546 13.7848826416302 14.1603289744817 13.8343684046995 12.3501541051082 12.7689901287667 13.587569549126 8.87453435015895 8.81710149666221 7.8349998248741 9.82651660963134 8.6389609365724 14.2503356884699 13.5789310238324 13.5263374592178 13.5901669217274 9.96539199911058 8.55767997307703 -9999 10.7529831724241 14.026693508029 14.2105319225229 13.8365711871135 14.3219346548431 14.6862407144625 12.6188689704239 -9999 -9999 -9999 -9999 -9999 -9999 -9999
-9999 -9999 -9999 -9999 -9999 14.6774193393067 14.5569322640076 14.7147129578516 12.9755394007079 13.0332727909554 14.5676900385879 13.7156742918305 13.6802931665443 13.7838068641722 14.1926022982225 14.1926022982225 14.0900448472239 14.0412762691267 13.6898556328379 14.1997741479427 14.0728324078955 14.1796929687262 13.9240165262017 13.1810128951911 13.5937528465874 13.6271019477863 13.6396526847966 13.6998962224461 13.734679693589 13.7436445057392 13.7572710202076 13.6582994940691 12.9984893198125 12.7352824350819 13.0027924296446 10.0512859806352 11.0101338285021 13.4696798464283 -9999 10.8451338117011 13.9525843942538 13.6382183148526 13.5478530083783 13.9556921957992 13.7009719999041 14.0423968706455 -9999 13.5084078349173 14.1087633749936 13.9775902436115 14.4572435528971 14.5017090211622 14.4149296395481 14.1133533588145 12.7299997154623 -9999 -9999 -9999 -9999 -9999 -9999 -9999
