EcologicalScience/Bass/data/rs_data_bass/sst_254.asc
NCOLS 226 
NROWS 124 
XLLCORNER -9.41648524995501 
YLLCORNER 47.587301625531 
CELLSIZE 0.0833 
NODATA_value -9999 
[rows 81 to 107 of 124, columns 62 to 123 of 226]
16.1699337430253 -9999 -9999 -9999 -9999 -9999 -9999 -9999 -9999 -9999 -9999 -9999 -9999 -9999 -9999 -9999 -9999 -9999 -9999 -9999 -9999 -9999 -9999 -9999 -9999 -9999 -9999 -9999 -9999 -9999 -9999 -9999 -9999 -9999 -9999 -9999 -9999 -9999 -9999 -9999 -9999 -9999 -9999 -9999 -9999 -9999 -9999 -9999 -9999 -9999 -9999 -9999 -9999 -9999 -9999 -9999 -9999 -9999 -9999 -9999 -9999 -9999
14.9383785756409 -9999 -9999 -9999 -9999 -9999 -9999 -9999 -9999 -9999 -9999 -9999 -9999 -9999 -9999 -9999 -9999 -9999 -9999 -9999 -9999 -9999 -9999 -9999 -9999 -9999 -9999 -9999 -9999 -9999 -9999 -9999 -9999 -9999 -9999 -9999 -9999 -9999 -9999 -9999 -9999 -9999 -9999 -9999 -9999 -9999 -9999 -9999 -9999 -9999 -9999 -9999 -9999 -9999 -9999 -9999 -9999 -9999 -9999 -9999 -9999 -9999
-9999 -9999 -9999 -9999 -9999 -9999 -9999 -9999 -9999 -9999 -9999 -9999 -9999 -9999 -9999 -9999 -9999 -9999 -9999 -9999 -9999 -9999 -9999 -9999 -9999 -9999 -9999 -9999 -9999 -9999 -9999 -9999 -9999 -9999 -9999 -9999 -9999 -9999 -9999 -9999 -9999 -9999 -9999 -9999 -9999 -9999 -9999 -9999 -9999 -9999 -9999 -9999 -9999 -9999 -9999 -9999 -9999 -9999 -9999 -9999 15.5323381026886 -9999
-9999 -9999 -9999 -9999 -9999 -9999 -9999 -9999 -9999 -9999 -9999 -9999 -9999 -9999 -9999 -9999 -9999 -9999 -9999 -9999 -9999 -9999 -9999 -9999 -9999 -9999 -9999 -9999 -9999 -9999 -9999 -9999 -9999 11.3199997469783 11.209999749437 11.1449997508898 -9999 -9999 -9999 -9999 -9999 -9999 -9999 -9999 -9999 -9999 -9999 -9999 -9999 -9999 -9999 -9999 -9999 -9999 -9999 -9999 17.2699996139854 12.6512413960882 17.5891903256997 16.7447050211485 17.0340891573578 17.9198125978
-9999 -9999 -9999 -9999 -9999 -9999 -9999 -9999 -9999 -9999 -9999 -9999 -9999 -9999 -9999 -9999 -9999 -9999 -9999 -9999 -9999 -9999 -9999 -9999 -9999 -9999 -9999 -9999 -9999 -9999 -9999 -9999 -9999 16.2177816728914 17.6733400290832 17.9843592452817 18.4103671186604 18.2708746416029 18.8105563330464 17.5989918536507 18.2814680612937 -9999 16.5852508957032 16.6722693389747 17.4445580230094 17.7620319039561 18.7001098473556 17.758445979096 17.0513015966862 17.3446302502416 17.2668156807777 17.3076952241827 17.1469814276967 -9999 17.2851038975641 15.9016540865414 15.9203008958139 17.5024109440856 14.6594897150062 16.9932096139528 15.2303689527325 15.9389477050863
-9999 -9999 -9999 -9999 -9999 -9999 -9999 -9999 -9999 -9999 -9999 -9999 14.6395679102279 16.3445433907999 15.9367961501703 16.3104495205916 16.3377025495283 16.5435346364975 14.9095665979414 -9999 -9999 -9999 -9999 -9999 -9999 11.894999734126 10.8030091342139 16.4249383215792 17.479461024981 17.557634186931 17.599230915308 17.7928708577529 18.6527756392024 18.4096499336883 17.3699996117502 12.7967420689883 17.1398739407305 17.7369304299355 16.4402600005269 17.5709021089133 17.8843119416852 17.7118289559148 17.0222556053195 17.0143665706273 16.6170460961293 15.526566346176 17.2198400651105 16.8863490531221 15.0453352299519 16.1584063065238 14.5153355356306 14.6616412699223 14.7046723682433 16.1196783180349 15.6900845197961 14.569841593504 14.3919797204435 15.168691045139 16.0608691503294 15.4993133172393 15.211004958488 15.6248206873424
-9999 -9999 -9999 -9999 -9999 -9999 -9999 -9999 -9999 15.3508465288929 16.7577522708318 15.8360316616017 15.9238868206739 15.6936704446562 16.1777703007683 16.1756187458523 15.9913022080436 16.1777703007683 16.2645496823825 16.285348046571 16.2817621217109 15.0085236537652 16.2423169482499 15.2518845018931 15.6305581671186 15.8299355893396 -9999 16.844035139773 16.9501785156317 16.8189336657524 17.4084597127512 17.3833582387306 17.003250203561 16.4015320120379 16.2785860168348 15.5549996523187 14.5858673238859 16.5134128676727 16.8365046975669 17.2065721431281 17.3109225565568 16.8723639461678 15.0374461952597 15.0223853108473 15.1600848254748 15.0051728715189 14.8624530620873 14.2736442000605 14.4321420788765 14.0348216043785 14.2047944427468 14.3159581134096 14.5834681079723 14.5770134432241 14.3238471481018 14.2047944427468 14.1510055698454 16.0135349421762 16.1856593354605 16.2401653933339 15.6836298550479 15.0948209930211
-9999 -9999 -9999 -9999 -9999 -9999 -9999 -9999 13.2827258382177 16.2081311312504 15.7022766643204 16.7952665616758 16.1928311851807 15.8672292078845 15.727378138341 15.3185827042907 15.2160252532922 15.5036164270714 15.8270668494515 15.5172429415397 15.4275948200375 16.1196783180349 15.0833460334688 15.3644825424999 15.7374187279493 15.9920193930157 16.1584063065238 16.126132982783 16.1003143237904 15.9970396878198 15.8894619420171 15.9088259362616 16.0013427976519 16.2681356072426 16.4381084456109 16.6238593533635 16.6611529719085 16.524887827225 16.4585482173134 16.4915387260262 16.1139408382587 16.0766472197138 14.8036438943818 14.9384746691212 14.7971892296337 14.7211676225998 14.6042664721608 14.3080690787174 14.2320474716835 14.3439283273183 14.4966887263581 14.2800988648087 14.3647266915068 14.7792596053332 14.6365397959016 14.1144291362725 14.3518173620105 15.4448072593659 14.8165532238781 14.930585634429 15.3035218198784 15.3257545540109
-9999 -9999 -9999 -9999 -9999 -9999 -9999 -9999 14.4467248399742 16.3427228443325 15.6735892654397 16.3879054975696 15.7173375487328 15.0453352299519 14.4687185124494 14.6881771138869 14.9657276980579 15.3214514441788 15.4003417911008 15.4297463749535 15.5430616005324 15.9769585086033 15.1966612590477 15.2848750106059 15.0955381779931 15.3049561898224 15.3329264037311 15.367351282388 15.4362010397017 15.3178655193187 15.4340494847856 15.566728704609 15.8636432830244 15.9690694739111 16.045091080945 16.2372966534458 16.4474318502471 16.1867351129185 16.3585009137169 16.1297189076431 15.5373241207562 15.5244147912599 14.9850916923024 14.9176763049327 14.5884884027764 14.6272163912654 14.334604922682 14.3288674429059 14.2743613850325 14.3216955931857 14.3410595874302 14.1990569629706 14.2198553271592 14.173238303978 14.1302072056569 14.2973113041371 14.3898281655274 14.4593951078132 14.5813165530562 14.6236304664053 15.2418439122848 15.1464583110064
11.7552818277744 9.40499978978187 -9999 -9999 -9999 -9999 -9999 -9999 15.8963776542473 16.0364848612808 16.0300301965326 15.5789208491333 15.6154972827062 14.6559037901461 14.3812219458632 14.371181356255 14.9341715592891 15.1027100277133 15.1134678022936 15.0424664900638 15.2153080683202 15.6441846815869 15.2662282013334 15.0367290102877 15.087649143301 15.0123447212391 15.0654164091684 14.9262825245969 14.8653218019754 15.051072709728 15.0338602703996 15.2231971030124 15.2016815538518 15.1945097041316 15.3537247679196 15.5480818953365 15.5337381958961 15.5591982624028 15.4598681437783 15.4204229703173 15.3859980916604 14.9219794147648 14.3052003388293 14.2205725121312 14.3138065584935 14.0584887084551 14.1158635062166 14.1165806911886 14.1144291362725 14.0269325696863 14.0398418991826 14.0735495928675 14.0584887084551 14.0721152229235 14.1223181709647 14.3095034486614 14.4041718649678 14.4414654835127 14.4995574662462 14.6085695819929 15.1952268891037 15.7955107106827
16.522736272309 16.3800164628774 14.9972838368267 15.3985488286708 15.5882442537695 -9999 16.1899624452926 14.1481368299574 14.2456739861518 14.8258766285144 14.9549699234776 16.4875942086801 16.1462141619995 14.8280281834304 14.7742393105291 14.6946317786351 14.4400311135687 14.6759849693626 14.5841852929443 14.8717764667235 14.6881771138869 14.2829676046968 13.9817499164492 14.251411465928 14.1452680900693 14.2485427260399 14.0018310956657 14.5375682697631 14.9356059292331 14.3955656453036 14.7053895532154 14.6429944606498 14.4149296395481 14.5884884027764 14.6666615647264 14.6071352120489 14.5354167148471 14.533265159931 14.5167699055746 14.5411541946232 14.6186101716012 14.1897335583344 14.1194494310766 14.0233466448262 14.0821558125317 14.0376903442666 14.0168919800781 14.0104373153299 13.9609515522607 13.8863643151708 14.1101260264404 14.0484481188469 14.0355387893505 14.1230353559367 14.1911679282784 14.2994628590532 14.8610186921433 14.7986235995777 14.8208563337103 14.8273109984584 15.5158085715957 15.6427503116429
15.4928586524911 15.2031159237958 15.2461470221169 15.0843022800982 14.3898281655274 13.7974333786406 13.8799096504226 13.9631031071767 14.3876766106114 14.6236304664053 14.7204504376277 14.9836573223583 15.6599627509713 15.6771751902997 16.1383251273073 15.5000305022113 14.9262825245969 14.6487319404259 15.1199224670418 14.294442564249 14.0871761073358 13.9301125984639 13.8799096504226 13.9824671014212 14.0656605581753 13.8476363266818 14.1086916564964 14.1574602345936 14.0405590841547 14.1287728357129 14.2306131017394 14.3166752983816 14.4414654835127 14.4364451887086 14.3991515701637 14.3159581134096 14.3030487839133 14.052751228679 14.0979338819161 14.0011139106937 14.1051057316363 14.0642261882313 13.932981338352 13.8483535116538 14.01402324019 13.9846186563373 13.9910733210854 14.0362559743226 15.448751776712 14.2700582752004 14.0964995119721 14.2657551653683 14.3281502579339 14.9886776171625 14.6279335762374 14.6264992062934 14.9062013453804 15.2346720625646 15.4046449009329 15.1486098659225 15.6054566930979 15.8378246240318
15.8134403349832 16.684102891013 15.8041169303469 14.930585634429 14.2191381421871 14.5361338998191 13.6869868929498 14.6049836571328 14.7785424203612 14.8746452066116 15.0862147733569 15.6341440919787 15.0783257386647 14.9062013453804 15.5810724040493 14.9728995477781 14.6214789114892 14.4149296395481 14.4077577898279 13.9487594077364 13.893536164891 13.9372844481841 14.0670949281193 14.1761070438661 13.9394360031001 14.0082857604139 13.9975279858336 14.0606402633712 13.8067567832768 14.1789757837541 14.0584887084551 14.3102206336334 14.4744559922256 14.3697469863109 14.3267158879898 14.1280556507409 13.9394360031001 13.9480422227643 14.0211950899102 13.9143345290795 13.8418988469057 13.7192602166906 14.0190435349941 13.9573656274006 13.974578066729 14.054185598623 14.1796929687262 14.0290841246024 13.9580828123726 14.1653492692858 14.2951597492211 14.5103152408265 14.7383800619282 14.9764854726382 15.0266884206794 14.8574327672832 15.2619250915013 15.3781090569682 15.5115054617636 15.4584337738343 15.8951994217932 15.9561601444148
16.2731559020467 16.1627094163559 15.7496108724736 15.1823175596073 15.4950102074072 15.0747398138046 14.932020004373 15.5115054617636 15.6986907394603 16.08597062435 15.8249152945355 15.2626422764733 15.168691045139 15.3723715771921 15.2404095423408 14.9054841604084 14.9951322819106 14.6422772756778 14.2263099919073 14.0011139106937 13.8612628411502 13.8447675867938 13.8325754422694 13.8641315810382 13.8906674250029 14.0871761073358 14.1172978761606 14.1667836392298 14.1373790553771 14.1617633444257 14.1474196449853 14.3489486221224 14.2887050844729 14.2693410902284 14.3970000152476 14.4264045991004 14.2614520555362 14.1839960785583 13.9580828123726 13.9114657891914 13.9695577719249 13.9458906678483 14.0247810147703 14.0821558125317 14.0319528644904 14.0240638297983 14.0800042576157 14.5884884027764 14.4959715413861 14.2291787317954 14.492385616526 14.4572435528971 14.5569322640076 15.0697195190005 15.3135624094866 15.4225745252334 15.5072023519315 15.6692861556076 15.567445889581 15.7826013811864 17.4557939209044 17.5303811579943
16.4782708040439 16.0128177572042 15.5588396699168 15.4211401552893 15.1256599468179 15.5014648721553 15.449110369198 15.2511673169211 14.9370402991772 14.7742393105291 15.5222632363439 15.6441846815869 15.0797601086088 15.2325205076486 15.127811501734 15.4125339356251 15.1192052820697 14.9485152587295 14.1588946045376 13.8999908296391 13.8232520376332 13.8634143960662 13.9315469684079 13.9272438585758 13.8985564596951 14.3166752983816 14.3052003388293 14.1646320843138 14.3073518937454 14.1660664542578 14.1574602345936 14.3589892117307 14.5060121309943 14.4988402812742 14.7139957728796 14.7921689348295 14.4048890499398 14.5289620500989 14.1983397779986 14.0964995119721 14.2793816798367 14.1954710381106 14.3797875759192 14.2255928069353 14.5268104951829 14.6487319404259 15.0797601086088 14.9097872702405 14.9822229524143 14.7821283452213 15.1500442358665 14.4701528823934 14.9929807269946 15.566011519637 15.7474593175575 15.9583116993308 16.2408825783059 16.1046174336225 16.1978514799848 17.0140079781413 17.9097720081918 18.5502181882039
15.8485823986121 16.4997863532044 16.0192724219523 15.8120059650391 15.8033997453749 15.8528855084442 16.0285958265886 15.9188665258698 15.1328317965381 15.0424664900638 15.0051728715189 15.2432782822289 15.4950102074072 15.36806846736 15.2002471839078 15.247581392061 15.2160252532922 14.3511001770385 14.1051057316363 13.8791924654506 13.9057283094153 13.8634143960662 13.9157688990235 14.0505996737629 14.0391247142106 14.3073518937454 14.01402324019 14.2664723503403 14.3066347087733 14.2750785700046 14.3869594256394 14.3783532059751 14.2729270150885 14.4766075471416 14.8359172181226 15.1127506173216 15.1543473456986 14.9800713974983 14.7936033047736 14.6745505994186 15.0166478310712 15.4197057853453 14.4292733389884 14.5002746512182 14.4565263679251 15.3903012014925 15.9213766732719 15.4046449009329 16.3025604858994 15.8492995835841 15.6700033405796 15.7503280574456 15.8643604679964 15.967635103967 16.2745902719907 16.2910855263472 16.8655506889336 17.8631549850106 16.4976347982883 17.6938993316144 19.2702719001099 18.5226065667812
16.3190557402559 16.641788977664 16.1505172718316 16.2602465725504 16.5184331624769 16.0580004104413 16.0795159596018 16.0178380520083 16.0142521271482 15.9073915663175 15.6384472018108 15.3479872881435 15.2992187100463 15.170842600055 15.369502837304 14.8732108366676 14.9334543743171 14.5095980558544 14.4342936337925 14.1474196449853 14.6178929866292 14.3805047608912 14.012588870246 14.0183263500221 13.9372844481841 14.530396420043 14.5978118074127 14.7570268712007 14.7505722064525 14.811532929074 15.011627536267 15.0166478310712 15.1586504555307 15.2023987388238 15.2547532417811 15.4856868027709 15.5717489994131 14.9384746691212 14.9879604321904 14.5002746512182 14.3231299631298 14.4809106569737 14.2578661306761 14.6860255589709 14.9427777789533 15.1772972648032 15.1930753341876 15.3422498083673 16.6062883215491 16.8121204085182 16.9652394000441 16.8920865328982 16.524887827225 16.4789879890159 16.7522354633547 17.4149143774994 18.4949949453585 18.1699995938689 -9999 -9999 -9999 -9999
16.4624927346595 16.5478377463296 16.9344004462473 16.7952665616758 16.2939542662352 16.3054292257875 16.5184331624769 16.1476485319436 15.7904904158786 15.7711264216341 15.6542252711952 15.5043336120434 15.0238196807913 15.1945097041316 14.928434079513 14.9327371893451 14.8653218019754 14.5755790732801 14.4385967436247 14.6193273565732 14.6028321022168 14.0003967257217 13.8304238873534 14.0484481188469 14.3625751365907 14.7175816977397 14.8832514262758 14.8007751544937 14.9384746691212 15.1321146115661 14.9442121488973 15.1945097041316 15.5538193751127 15.9848475432955 15.9597460692748 16.4868770237081 16.3427228443325 16.0364848612808 15.3910183864646 14.4228186742403 15.0403149351478 15.0137790911831 15.1242255768739 14.9994353917427 15.529435086064 15.7037110342644 15.1342661664821 15.0632648542523 17.2868968599942 17.0613421862945 18.6570787490346 16.9121677121148 17.0226141978055 16.9652394000441 15.7060764864528 15.0949996626005 -9999 -9999 -9999 -9999 -9999 -9999
16.5829798099585 16.7658619778231 16.8992583826184 16.7314370991662 16.6797997811809 16.1454969770275 15.9066743813455 15.9468367397785 15.5911129936576 15.6405987567268 15.0575273744762 14.9908291720785 15.211004958488 14.9018982355483 15.4347666697577 14.970747992862 14.8258766285144 14.9341715592891 14.9004638656043 14.9062013453804 14.5038605760783 14.7168645127676 14.6709646745585 14.4421826684847 14.7104098480195 14.6702474895865 15.0008697616868 15.1859034844674 15.8700979477726 15.6749996496364 16.1099996399134 14.5556515765576 16.763534509612 16.3599996343255 -9999 17.5999996066093 16.1738257834222 15.9106188986916 15.8769112050068 14.732642582152 14.1897335583344 15.0603961143643 15.1880550393835 15.725943768397 16.2372966534458 16.4244819311425 19.0551164085045 17.9549546614289 20.5647907746024 19.9623553981073 18.6671193386428 17.4909359845333 18.6405834946781 17.344999612309 -9999 -9999 -9999 -9999 -9999 -9999 -9999 -9999
16.6747794863768 16.9810174694285 16.484725468792 16.362804023549 16.1806390406564 16.6382030528039 15.7517624273896 15.6391643867828 15.7037110342644 15.5064851669595 15.2375408024527 15.5358897508122 15.0984069178812 14.9728995477781 14.7563096862286 15.208853403572 15.4699087333865 14.7971892296337 14.3675954313949 14.8316141082905 14.6688131196424 14.6616412699223 15.051072709728 15.2633594614454 14.8667561719194 14.7907345648855 14.6845911890268 15.3436841783114 15.4232917102054 13.0799997076392 -9999 -9999 -9999 -9999 16.3799996338785 16.7880150247365 16.4553208849393 16.2000030349009 15.9776756935753 17.1179997990839 15.2203283631243 15.6549424561672 15.4197057853453 15.0130619062111 16.8698537987657 16.8497726195492 18.2913144133054 17.5138859036379 17.1359294233844 18.1213415749371 18.1528977137059 17.7441022796556 17.9373836296145 -9999 -9999 -9999 -9999 -9999 -9999 -9999 -9999 -9999
16.604495359119 16.5055238329805 16.0278786416166 16.8899349779822 16.5944547695108 16.4000976420939 15.7517624273896 15.4821008779109 15.2045502937399 15.2777031608857 15.370220022276 15.2303689527325 15.3307748488151 15.2848750106059 15.3565935078077 15.2038331087679 15.3013702649623 14.5081636859104 14.3812219458632 14.3597063967027 13.9301125984639 14.3905453504995 14.5913571426645 15.648487791419 15.3522903979756 14.9434949639253 15.5251319762319 16.1677297111601 16.246620058082 16.3149996353313 -9999 -9999 -9999 -9999 -9999 16.389999633655 17.0387508596759 17.67991422466 17.3883785335347 16.364238393493 15.6025879532099 16.1619922313839 16.0479598208331 17.6705908200238 17.4098940826952 17.3625598745421 18.3056581127457 16.3448743992485 16.5492721162736 17.9233985226601 19.8648182419129 20.4500411790796 20.7426526476629 14.3198950011283 9.13434535134503 21.8135972907747 -9999 -9999 -9999 -9999 -9999 -9999
16.0415051560849 16.3333994396962 16.364955578465 15.964049179107 15.9088259362616 15.9855647282675 15.6664174157195 15.525849161204 15.2289345827885 15.7589342771098 15.2196111781523 15.0331430854276 15.3623309875838 15.7137516238727 15.606891063042 15.4211401552893 15.5107882767916 15.1945097041316 14.7111270329915 14.4550919979811 14.3661610614508 14.5382854547352 14.931302819401 16.2996917460114 16.5428174515255 16.9559159954078 17.3310037357733 17.2112338454463 17.3030335218646 16.803155596368 15.2677221907494 24.7149994475767 -9999 -9999 -9999 -9999 16.3263072771952 17.3962675682269 16.8386562524829 17.1803948916495 17.5014546974562 17.8853877191432 17.9936826499179 18.2425458352081 18.2317880606279 16.445280295331 18.1758476328105 18.3519165434409 19.0199743448757 20.8150883298367 20.7505416823551 20.4349802946672 18.2138584363274 9.86999977938831 -9999 -9999 -9999 -9999 -9999 -9999 -9999 -9999
15.4275948200375 15.5724661843851 15.6936704446562 15.5007476871833 15.2927640452981 15.3207342592068 15.328623293899 15.6578111960553 15.5466475253925 15.5172429415397 15.3192998892628 15.6986907394603 15.4562822189182 15.3852809066884 16.1454969770275 16.2724387170747 16.2215185840614 15.4268776350655 14.5411541946232 14.3023315989412 15.9425336299464 15.8614917281084 14.9327371893451 17.0061189434491 17.1868495563976 17.0685140360147 17.0842921053991 17.2291634697467 17.2521133888513 17.7799615282565 15.1799741238485 -9999 -9999 -9999 -9999 -9999 -9999 -9999 -9999 -9999 -9999 -9999 -9999 -9999 -9999 -9999 18.3386486214586 18.3841898671817 18.8583686645143 20.4148991154507 17.230667244688 17.0049996199086 -9999 -9999 -9999 -9999 -9999 -9999 -9999 -9999 -9999 -9999
15.3981902361847 14.7089754780754 15.2927640452981 15.1816003746353 15.2138736983761 14.9413434090093 15.4383525946178 15.566728704609 14.9793542125262 15.6986907394603 15.5502334502526 15.2526016868651 16.2372966534458 15.6298409821466 16.1756187458523 16.5019379081205 15.3716543922201 15.9446851848625 15.4756462131627 16.0945768440142 16.6066469140351 16.7185277696699 16.243751318194 17.120151354 11.6946557431857 16.3549996344373 16.8626819490455 16.8999755675904 17.4916531695053 17.6745353373699 18.2167271762155 14.4008228872781 20.4556482615881 -9999 -9999 -9999 -9999 -9999 -9999 -9999 -9999 -9999 -9999 -9999 -9999 -9999 -9999 -9999 -9999 -9999 -9999 -9999 -9999 -9999 -9999 -9999 -9999 -9999 -9999 -9999 -9999 -9999
15.0754569987766 15.1909237792715 14.9829401373863 15.2210455480963 15.1801660046913 15.5208288663998 15.409665195737 15.1744285249151 15.84786521364 15.9116946761496 16.0701925549656 15.9167149709538 16.2014374048449 15.3458357332274 15.9791100635193 15.9038056414574 15.6520737162791 15.4240088951774 15.330057663843 16.1347392024472 17.4859156897292 16.96021910524 16.8956724577583 16.6977294054814 17.4486220711842 18.875102980528 18.0718558118679 16.2329935436137 16.8755912785418 17.4851985047571 18.1615039333701 19.1375926802866 10.3099997695535 -9999 -9999 -9999 -9999 -9999 -9999 -9999 -9999 -9999 -9999 -9999 -9999 -9999 -9999 -9999 -9999 -9999 -9999 -9999 -9999 -9999 -9999 -9999 -9999 -9999 -9999 -9999 -9999 -9999
14.9793542125262 15.169408230111 15.0704367039725 14.9018982355483 15.3236029990949 14.9664448830299 15.5903958086856 15.528717901092 15.4856868027709 14.9843745073304 14.8775139464997 16.4481490352191 16.2100436245091 15.8349558841437 15.5401928606443 15.6413159416988 15.6434674966149 15.3458357332274 15.2411267273128 15.6513565313071 16.9100161571987 17.5834528459236 17.0075533133931 18.4239936331287 18.7374034659006 16.5528580411337 18.6707052635029 17.8194067017175 17.9743186556734 18.713019176852 19.311868628487 19.7859278949909 19.967703766888 -9999 -9999 -9999 -9999 -9999 -9999 -9999 -9999 -9999 -9999 -9999 -9999 -9999 -9999 -9999 -9999 -9999 -9999 -9999 -9999 -9999 -9999 -9999 -9999 -9999 -9999 -9999 -9999 -9999
14.6437116456218 14.8854029811919 15.0525070796721 14.6451460155658 14.729773842264 15.2346720625646 15.4333322998136 15.3831293517724 14.5017090211622 14.9191106748767 15.5028992420994 15.7589342771098 15.5896786237136 15.3580278777517 15.9238868206739 15.8371074390598 15.6678517856635 15.6721548954956 16.1110720983706 15.6033051381819 16.4976347982883 16.7723166425712 17.2105166604742 17.0312204174697 17.2528305738233 16.8684194288217 16.9293801514432 18.4483779221773 18.6040070611052 18.2540207947604 18.9669026569463 19.5202108628582 14.2525030971621 -9999 -9999 -9999 -9999 -9999 -9999 -9999 -9999 -9999 -9999 -9999 -9999 -9999 -9999 -9999 -9999 -9999 -9999 -9999 -9999 -9999 -9999 -9999 -9999 -9999 -9999 -9999 -9999 -9999
