EcologicalScience/Bass/data/rs_data_bass/sst_144.asc
NCOLS 226 
NROWS 124 
XLLCORNER -9.41648524995501 
YLLCORNER 47.587301625531 
CELLSIZE 0.0833 
NODATA_value -9999 
[rows 27 to 53 of 124, columns 62 to 123 of 226]
-9999 -9999 -9999 -9999 -9999 -9999 -9999 -9999 -9999 -9999 -9999 -9999 -9999 -9999 -9999 -9999 -9999 -9999 -9999 -9999 -9999 -9999 -9999 -9999 -9999 -9999 -9999 -9999 12.5299997199327 9.07047502708156 7.43318910502757 5.76926480187103 5.99732962297276 6.25479902792722 6.3695486234501 6.46349985478446 6.57609789539129 6.57466352544725 6.52661213232204 6.79483931185678 6.85436566453427 6.80344553152099 6.83285011537373 6.79914242168888 6.7518082135357 6.66861475678161 6.67076631169766 6.62414928851649 6.56677449075505 6.62199773360044 6.62988676829264 6.7080599302426 6.66574601689354 6.68511001113802 6.6363414330408 6.69945371057838 6.74033325398341 6.63992735790089 6.54023864679039 6.50724813807756 7.2656712459866 6.68726156605408
-9999 -9999 -9999 -9999 -9999 -9999 -9999 -9999 -9999 -9999 -9999 -9999 -9999 -9999 -9999 -9999 -9999 -9999 -9999 -9999 -9999 -9999 -9999 -9999 -9999 -9999 -9999 -9999 -9999 -9999 9.78499978128821 8.12611133642495 6.05829034559429 6.36381114367396 6.24906154815108 6.52374339243397 6.80344553152099 6.56605730578303 6.64996794750914 6.62414928851649 6.93612475134432 6.9590746704489 6.923215421848 6.90958890737966 6.91102327732369 6.76830346789211 6.76758628292009 6.64566483767703 6.72312081465498 6.72670673951507 6.7518082135357 6.73029266437516 6.73746451409534 6.70447400538251 6.70590837532654 6.75395976845175 6.71451459499076 6.73459577420726 6.84145633503795 6.79555649682879 6.81061738124117 6.73818169906735
-9999 -9999 -9999 -9999 -9999 -9999 -9999 -9999 -9999 -9999 -9999 -9999 -9999 -9999 -9999 -9999 -9999 -9999 -9999 -9999 -9999 -9999 -9999 -9999 -9999 -9999 -9999 -9999 -9999 -9999 -9999 12.1449997285381 6.10777610866353 6.3494674442336 6.3179113054648 6.55601671617478 6.47138888947666 6.47927792416885 6.63849298795685 6.68941312097013 6.90385142760351 7.02505568787456 7.00712606357411 6.99349954910576 6.98202458955348 6.92393260682002 6.80057679163292 6.73961606901139 6.85293129459023 6.99063080921769 6.76041443319991 6.88520461833104 6.7998596066609 6.73100984934717 6.66718038683757 6.75898006325588 6.79340494191274 6.80631427140906 6.77619250258431 6.83643604023382 6.82137515582144 6.74033325398341
-9999 -9999 -9999 -9999 -9999 -9999 -9999 -9999 -9999 -9999 -9999 -9999 -9999 -9999 -9999 -9999 -9999 -9999 -9999 -9999 -9999 -9999 -9999 -9999 -9999 -9999 -9999 -9999 -9999 -9999 -9999 12.3628605759516 7.35657444118988 6.57968382025138 6.66359446197748 6.75539413839579 6.61482588388026 6.80201116157696 6.9511856357567 6.92106386693195 6.95548874558881 6.97843866469339 7.02720724279061 7.03366190753877 6.94473097100854 6.94831689586863 6.89094209810719 6.80846582632512 6.76184880314395 6.9153263871558 6.84791099978611 6.78551590722054 6.73818169906735 6.75539413839579 6.72527236957103 6.76973783783615 6.73961606901139 6.75252539850771 6.85221410961822 6.84862818475813 6.82137515582144 6.73244421929121
-9999 -9999 -9999 -9999 -9999 -9999 -9999 -9999 -9999 -9999 -9999 -9999 -9999 -9999 -9999 -9999 -9999 -9999 -9999 -9999 -9999 -9999 -9999 -9999 -9999 -9999 -9999 -9999 -9999 -9999 -9999 12.5749997189268 4.44964445335791 6.88090150849894 6.81994078587741 6.79627368180081 6.73244421929121 6.79340494191274 6.7998596066609 6.87516402872279 6.95548874558881 6.98632769938558 6.99565110402182 7.22371592512354 7.05732901161537 7.09892573999241 6.95548874558881 6.8636890691705 6.85651721945032 6.9153263871558 6.88592180330306 6.82209234079346 6.86942654894665 6.73531295917928 6.81276893615723 6.85293129459023 6.85006255470216 7.11721395677887 6.76471754303202 6.76902065286413 6.74176762392744 6.72455518459901
-9999 -9999 -9999 -9999 -9999 -9999 -9999 -9999 -9999 -9999 -9999 -9999 -9999 -9999 -9999 -9999 -9999 -9999 -9999 -9999 -9999 -9999 -9999 -9999 -9999 -9999 -9999 -9999 -9999 -9999 -9999 -9999 9.17961530723879 6.87516402872279 7.002822953742 6.98847925430164 6.77906124247238 6.83500167028978 7.08601641049609 6.94759971089661 6.99278236413375 7.20650348579511 7.20650348579511 7.32053589634597 7.23303932975978 7.16562394239008 7.09247107524425 7.03007598267868 7.04943997692317 7.08314767060801 6.89811394782737 6.92106386693195 6.7718893927522 6.87229528883472 6.88448743335903 6.76184880314395 6.78479872224852 6.7561113233678 6.74105043895543 6.68582719611004 6.65355387236923 6.66216009203345
-9999 -9999 -9999 -9999 -9999 -9999 -9999 -9999 -9999 -9999 -9999 -9999 -9999 -9999 -9999 -9999 -9999 -9999 -9999 -9999 -9999 -9999 -9999 -9999 -9999 -9999 -9999 -9999 -9999 -9999 -9999 -9999 8.35717372058746 3.33999379742174 7.03007598267868 7.00712606357411 7.01716665318236 7.16920986725017 7.0229041329585 7.27678761305287 7.08745078044012 7.28826257260516 7.33416241081432 7.06163212144747 7.24953458411619 7.29400005238131 7.21439252048731 7.11757254926488 7.06019775150344 7.14267402328551 7.15773490769789 6.70232245046645 6.74678791873157 6.7518082135357 6.82137515582144 6.80344553152099 6.82998137548566 6.7561113233678 6.7718893927522 6.75826287828386 6.71451459499076 6.55888545606285
-9999 -9999 -9999 -9999 -9999 -9999 -9999 -9999 -9999 -9999 -9999 -9999 -9999 -9999 -9999 -9999 -9999 -9999 -9999 -9999 -9999 -9999 -9999 -9999 -9999 -9999 -9999 -9999 -9999 -9999 -9999 -9999 -9999 8.57324228755691 7.2459486592561 7.08529922552407 7.11398662440479 7.11685536429286 7.08099611569196 7.27678761305287 7.32627337612212 7.3018890870735 7.25168613903224 7.20937222568318 7.26531265350059 7.27893916796893 7.28611101768911 7.22156437020749 7.13621935853735 7.94161808211356 6.65283668739721 6.7561113233678 6.7518082135357 6.74463636381552 6.74750510370359 6.68797875102609 6.72598955454305 6.78479872224852 6.79627368180081 6.70447400538251 6.72957547940314 6.68726156605408
-9999 -9999 -9999 -9999 -9999 -9999 -9999 6.56920188604496 6.3774376581423 6.80505919770803 8.36977751040831 8.86320271407883 10.054368028194 8.41312017299796 8.41999981179833 -9999 -9999 -9999 -9999 -9999 -9999 -9999 -9999 -9999 -9999 -9999 -9999 -9999 -9999 -9999 -9999 -9999 -9999 -9999 6.8394482171163 6.24977873312309 7.15343179786578 7.12402721401304 7.09533981513232 7.03581346245483 7.3693044744432 7.29256568243727 7.34420300042257 7.2617267286405 7.30117190210149 7.25598924886435 7.14339120825753 7.07238989602774 7.1900082314387 7.8871120242402 6.7797784274444 6.78336435230449 6.73244421929121 6.71308022504672 6.64136172784492 6.59187596477568 6.58326974511147 6.68654438108206 6.76686909794807 6.76328317308798 6.68152408627793 6.67650379147381
-9999 -9999 -9999 -9999 8.70903308703564 10.346300210205 7.0387462831568 6.51173054415267 6.42351679259446 5.11519210739061 8.6812889123719 13.5990895297378 19.9649995537475 -9999 -9999 -9999 -9999 -9999 -9999 -9999 -9999 -9999 -9999 -9999 -9999 -9999 -9999 -9999 -9999 -9999 -9999 -9999 -9999 -9999 7.22084718523547 6.59474470466375 6.65498824231327 6.80487990146503 6.89739676285535 6.8156376760453 6.76758628292009 7.18857386149466 7.20722067076713 7.2301705898717 7.27750479802489 7.29113131249323 7.16992705222219 6.69945371057838 6.70734274527058 6.7159489649348 6.6485335775651 6.6800897163339 6.73244421929121 6.70375682041049 6.63418987812474 6.55529953120276 6.53736990690231 6.56534012081102 6.62630084343255 6.71379741001874 6.64566483767703 6.42907497612759
7.89090285909229 7.17136142216623 7.7133141993545 6.80160134159295 6.64218136781294 7.09294919855893 6.9685176059138 6.77523625595495 6.591397841461 7.82924285788644 3.81499991472811 -9999 -9999 -9999 -9999 -9999 -9999 -9999 -9999 -9999 -9999 -9999 -9999 -9999 -9999 -9999 -9999 -9999 -9999 -9999 -9999 -9999 -9999 -9999 12.8399997130036 6.49720754846931 6.69013030594215 6.51011687796563 6.70877711521462 6.5925931497477 6.9432966010645 7.07669300585985 7.07023834111169 7.13550217356533 7.1900082314387 7.17638171697035 7.25240332400426 6.58900722488761 6.5725119705312 6.61769462376833 6.6284523983486 6.69945371057838 6.76256598811597 6.67363505158573 6.55816827109084 6.52159183751792 6.64494765270501 7.82292396924458 7.79316079290584 7.7798928709235 7.49266028963029 6.41975157149136
7.36500136461109 7.29471723735332 7.26531265350059 7.25186543527525 7.31623278651386 7.27690714388154 7.09749137004837 6.24127496845488 7.01169811777072 12.8949997117743 -9999 -9999 -9999 -9999 -9999 -9999 -9999 -9999 -9999 -9999 -9999 -9999 -9999 -9999 -9999 -9999 -9999 -9999 -9999 -9999 -9999 -9999 -9999 -9999 -9999 7.16947881161468 6.56031982600689 6.46995451953262 6.6363414330408 6.67004912672564 6.75898006325588 6.94975126581267 6.99923702888191 7.0386822023429 7.09031952032819 7.02505568787456 7.13478498859331 7.54985579114873 6.42979216109961 6.49362162360922 6.65570542728528 6.70519119035453 6.71379741001874 6.63060395326465 6.55888545606285 6.5768150803633 7.65689564822242 7.71713918587193 7.83511611376889 7.76662494894117 6.66000853711739 6.40182194719091
7.39153720857576 7.62749106436968 7.8075044923462 7.85196996061131 7.60023803543299 7.19162189762574 6.83822900266387 7.2937311080168 8.92835844831501 -9999 -9999 -9999 -9999 -9999 -9999 -9999 -9999 -9999 -9999 -9999 -9999 -9999 -9999 -9999 -9999 -9999 -9999 -9999 -9999 -9999 -9999 -9999 -9999 -9999 -9999 -9999 6.51726482152008 6.91661732010543 6.74750510370359 6.77690968755633 6.67865534638986 6.83213293040171 6.83141574542969 6.99851984390989 7.02003539307043 7.09533981513232 7.65976438811049 7.65599916700739 6.56964323064312 6.49649036349729 6.62701802840456 6.63921017292887 6.61626025382429 6.61554306885228 6.57538071041927 6.55529953120276 6.50007628835738 7.6191239063628 6.44485304551199 6.66502883192152 6.51011687796563 6.37528610322624
7.84479811089113 7.76734213391319 7.80391856748611 7.80965604726225 7.42488630977459 7.25652713759337 7.04621264454909 7.42838258651318 12.7897884929553 -9999 -9999 -9999 -9999 -9999 -9999 -9999 -9999 -9999 -9999 -9999 -9999 -9999 -9999 -9999 -9999 -9999 -9999 -9999 -9999 -9999 -9999 -9999 -9999 -9999 -9999 -9999 -9999 -9999 -9999 13.8599996902049 12.3475816356367 6.59976499946788 6.76973783783615 6.7876674621366 6.94759971089661 6.92464979179204 7.6999267465435 7.60489973775111 6.45847955998033 6.49075288372114 6.54454175662249 6.57179478555918 6.59474470466375 6.54956205142662 6.56892604567111 6.56605730578303 7.55625069048256 7.53927731281146 7.59473961731419 7.22060812357813 7.69383067428134 7.63000121177174
7.51991331856698 7.45034637628123 7.80822167731822 7.62247076956555 7.62964261928573 7.07131411856972 7.44030578667298 7.55164875357877 11.0793224242624 12.8599997125566 -9999 -9999 -9999 -9999 -9999 -9999 -9999 -9999 -9999 -9999 -9999 -9999 -9999 -9999 -9999 -9999 -9999 -9999 -9999 -9999 -9999 -9999 -9999 -9999 -9999 -9999 -9999 -9999 -9999 -9999 -9999 -9999 -9999 6.7797784274444 7.56796471169218 7.50597943911063 7.55415890098084 6.05757316062227 6.35592210898176 6.41257972177118 6.47784355422482 6.5208746525459 6.45847955998033 6.41975157149136 7.64685505861416 7.63358713663183 7.75801872927696 7.73614458763041 7.72717977548018 7.69347208179533 7.66550186788663 7.4969633994624
7.40157779818401 7.41018401784822 7.40588090801612 7.42022460745648 7.49481184454635 7.72502822056413 7.20919292944018 7.29489653359633 7.9065412171185 12.933966405228 -9999 -9999 -9999 -9999 -9999 16.1899624452926 -9999 -9999 -9999 -9999 -9999 -9999 -9999 -9999 -9999 -9999 -9999 -9999 -9999 -9999 -9999 -9999 -9999 -9999 -9999 -9999 -9999 -9999 -9999 -9999 -9999 -9999 -9999 -9999 9.63948490891203 7.74202550440095 7.24881739914417 7.37898647156544 6.25121310306713 6.36309395870194 6.33010344998911 6.38891261769459 7.42739645717666 7.50305947172455 7.49660480697639 7.43420971441083 7.46863459306769 7.44962919130921 7.60992003255524 7.53353983303532 7.60740988515317 7.44568467396311
7.47401348035783 7.51345865381882 7.51847894862294 7.47257911041379 7.54501479258761 7.61529891984537 7.42667927220464 7.17064423719421 7.48925366101321 7.67859049362596 14.4199996776879 -9999 21.6399995163083 -9999 -9999 10.6899997610599 -9999 -9999 -9999 -9999 -9999 -9999 -9999 -9999 -9999 -9999 -9999 -9999 -9999 -9999 -9999 -9999 -9999 -9999 -9999 -9999 -9999 -9999 -9999 -9999 -9999 -9999 -9999 -9999 -9999 11.8939190588758 7.60262865200639 7.13621935853735 6.24260688340291 6.26268806261942 6.30428479099646 6.24475843831897 7.17590359365568 7.43134097452275 7.60597551520914 7.59844507300295 7.66370890545659 7.68701741704717 7.75801872927696 7.71427044598386 7.58481855853461 7.61207158747129
7.62318795453757 7.63179417420179 7.66765342280269 7.51489302376285 7.54214605269954 7.46469007572159 7.59880366548896 7.54501479258761 7.23339792224579 7.37188634034246 7.20558139083109 7.93157749250531 9.07563668627785 -9999 -9999 -9999 21.4535699022789 15.5937537866645 -9999 -9999 -9999 -9999 -9999 -9999 -9999 -9999 -9999 -9999 -9999 -9999 -9999 -9999 -9999 -9999 -9999 -9999 -9999 -9999 -9999 -9999 -9999 -9999 -9999 -9999 -9999 8.8399998024106 13.1299997065216 8.21959271839296 7.27875987172592 6.29998168116435 6.14722128212452 6.1185338832438 5.93995482521132 7.17829421022907 7.48692280985415 7.22156437020749 7.50054932432249 7.34420300042257 7.57226782152429 7.35818810737692 7.73506881017238 7.69454785925336
8.02696309378371 7.98966947523877 7.85699025541544 7.77881709346548 7.69634082168341 7.66191594302654 7.28395946277305 7.2699743558187 7.24810021417215 7.21869563031942 7.18176060426049 7.61536411847919 19.539999563247 6.50975828547962 6.77762687252834 6.63516745953821 6.98175871274857 18.2889947081627 -9999 -9999 -9999 -9999 -9999 -9999 -9999 -9999 -9999 -9999 -9999 -9999 -9999 -9999 -9999 -9999 -9999 -9999 -9999 -9999 -9999 -9999 -9999 -9999 -9999 -9999 -9999 -9999 -9999 -9999 7.28754538763314 6.95764030050486 5.80010375566781 7.03151035262272 7.18176060426049 7.28880046133418 7.46827600058168 7.4890743647702 7.6045411452651 7.57119204406627 7.59987944294699 7.16729737399146 7.42452771728858 7.43169956700876
8.2177342963405 8.05565049266443 7.91795097803697 7.85412151552737 7.75012969458476 7.79531234782189 7.24810021417215 7.18104341928847 7.10107729490846 7.10358744231053 7.0508743468672 6.99206517916173 7.05374308675528 7.0548188642133 6.76758628292009 6.71308022504672 8.55900605008937 -9999 -9999 -9999 -9999 -9999 -9999 -9999 -9999 -9999 -9999 -9999 -9999 -9999 -9999 -9999 -9999 -9999 -9999 -9999 -9999 -9999 -9999 -9999 -9999 -9999 -9999 -9999 -9999 -9999 -9999 -9999 7.18122271553148 7.16974775597919 7.13317132240627 7.02792442776263 7.13084047124721 7.22497099882457 7.48979154974222 7.48728140234016 7.56688893423416 7.63753165397793 7.64183476381004 7.54931790241972 7.0067674710881 7.520989096025
8.23638110561296 8.19621874717996 8.14529861416668 7.92010253295302 7.81897945189849 7.29973753215745 7.21475111297332 7.14052246836945 7.11577958683483 6.95405437564477 6.95441296813078 6.91783653455786 7.00246436125599 6.90385142760351 6.86386836541351 12.5265310951058 9.55257144456188 -9999 -9999 -9999 -9999 -9999 -9999 -9999 -9999 -9999 -9999 -9999 -9999 -9999 -9999 -9999 -9999 -9999 -9999 -9999 -9999 -9999 -9999 -9999 -9999 -9999 -9999 -9999 -9999 -9999 -9999 -9999 7.10738852266222 7.16741690482013 7.21600618667435 7.25025176908821 7.29579301481135 7.2617267286405 7.36751151201315 7.47831659018993 7.55433819722384 7.60992003255524 7.520630503539 7.63968320889398 7.2140339280013 7.29328286740929
8.29662464326248 8.30307930801064 8.22705770097673 8.09222692623734 7.79889827268198 7.56509597180411 7.60023803543299 7.28754538763314 7.16454816493206 7.00605028611608 6.78910183208063 6.78192998236045 6.72957547940314 6.63203832320869 7.20908535169437 6.69999985024333 -9999 -9999 -9999 -9999 -9999 -9999 -9999 -9999 -9999 -9999 -9999 -9999 -9999 -9999 -9999 -9999 -9999 -9999 -9999 -9999 -9999 -9999 -9999 -9999 -9999 -9999 -9999 -9999 -9999 -9999 -9999 -9999 14.6699147135019 6.92393260682002 7.07633441337384 7.13657795102336 7.22515029506758 7.20757926325314 7.41125979530625 7.50126650929451 7.53246405557729 7.45572526357137 7.57908107875846 7.49445325206034 7.58230841113254 7.57692952384241
8.44364756252617 8.27439190912992 8.14099550433457 7.98034607060254 7.63609728403389 7.51776176365092 7.45966978091747 7.41233557276428 7.17960904934444 6.96660511265509 6.82245093327947 6.65319527988322 6.62665943591855 6.91939043533057 7.30955744946662 -9999 -9999 -9999 -9999 -9999 -9999 -9999 -9999 -9999 -9999 -9999 -9999 -9999 -9999 -9999 -9999 -9999 -9999 -9999 -9999 -9999 -9999 -9999 -9999 -9999 -9999 -9999 -9999 -9999 -9999 -9999 -9999 -9999 -9999 7.82658352882468 7.00067139882594 7.07490004342981 7.16347238747403 7.30260627204552 7.40265357564203 7.48943295725621 7.39906765078194 7.40444653807208 7.1423154307995 7.5726264140103 7.44389171153307 7.40211568691302
8.10298470081761 8.07788322679698 8.0305490186438 7.92512282775715 7.78742331312969 7.60382396029308 7.51345865381882 7.49983213935047 7.19144260138273 7.49983213935047 6.79376353439875 6.73459577420726 6.52625353983603 6.74115289395143 10.3099303327501 9.66073875033762 -9999 -9999 -9999 -9999 -9999 -9999 -9999 -9999 -9999 -9999 -9999 -9999 -9999 -9999 -9999 -9999 -9999 -9999 -9999 -9999 -9999 -9999 -9999 -9999 -9999 -9999 -9999 -9999 -9999 -9999 6.95364358879626 5.54638420356704 12.6549997171387 -9999 11.5949583295733 7.33889404548487 6.97126681497321 7.28144931537099 7.06091493647546 7.33093507844023 7.42094179242849 7.31659137899987 7.47903377516195 7.28951764630619 7.35639514494687 7.53067109314725
7.93874934222549 7.91866816300899 7.96241644630209 7.86846521496773 7.77523116860539 7.63968320889398 7.65259253839031 7.5048524341546 7.43528549186885 7.34994048019871 6.99816125142388 6.73746451409534 6.81079667748418 6.80272834654897 8.93996720754408 -9999 -9999 -9999 -9999 -9999 -9999 -9999 -9999 -9999 -9999 -9999 -9999 -9999 -9999 -9999 -9999 -9999 -9999 -9999 -9999 -9999 -9999 -9999 -9999 -9999 -9999 -9999 -9999 -9999 -9999 -9999 -9999 10.7599997594953 5.35903499787673 9.01411786642583 7.40990817747437 8.0172954403609 9.41373440444295 6.24643186992034 6.80201116157696 6.84253211249597 7.03043457516469 7.03676970908418 7.22156437020749 6.57538071041927 6.86619921657257 6.7478636961896
8.00831628451124 7.94161808211356 7.879222989548 7.85842462535948 7.82399974670261 7.72000792576 7.62390513950959 7.47975096013397 7.43026519706473 7.33416241081432 7.25025176908821 6.60349436132237 6.56390575086698 6.96093935137615 13.4599996991456 -9999 -9999 -9999 -9999 -9999 -9999 -9999 -9999 -9999 -9999 -9999 -9999 -9999 -9999 -9999 -9999 -9999 -9999 -9999 -9999 -9999 -9999 -9999 -9999 -9999 -9999 -9999 -9999 -9999 -9999 -9999 -9999 -9999 -9999 -9999 10.2169734609003 7.9627750387881 6.08496962655336 6.08482618955895 6.47282325942069 6.49111147620715 6.61303292145021 6.7001708955504 6.62414928851649 6.72096925973892 7.05493839504197 7.06354461470619
7.87635424965993 7.59091463079676 7.37934506405145 7.75730154430494 7.75228124950081 7.82256537675858 7.3373897431884 7.65797142568044 7.50521102664061 7.41534774964675 6.78300575981848 7.07023834111169 6.97184056295082 6.96022216640413 13.222814028647 -9999 -9999 -9999 -9999 -9999 -9999 -9999 -9999 -9999 -9999 -9999 -9999 -9999 -9999 -9999 -9999 -9999 -9999 -9999 -9999 -9999 -9999 -9999 -9999 -9999 -9999 -9999 -9999 -9999 -9999 -9999 -9999 -9999 -9999 -9999 -9999 -9999 8.51042270580148 5.73796945763752 5.86895351298153 6.02207250450738 5.98226873856038 6.20495467237197 6.3813821754884 6.6485335775651 6.52983946469612 6.87540309038013
