EcologicalScience/Bass/data/rs_data_bass/sst_346.asc
NCOLS 226 
NROWS 124 
XLLCORNER -9.41648524995501 
YLLCORNER 47.587301625531 
CELLSIZE 0.0833 
NODATA_value -9999 
[rows 54 to 80 of 124, columns 124 to 185 of 226]
14.3216955931857 13.7077852571383 14.211249107495 14.4615466627292 14.8158360389061 14.4256874141283 14.4493545182049 14.8473921776749 15.0187993859872 15.3788262419403 15.0424664900638 14.5476088593714 14.888988906052 14.5074465009384 15.1980956289917 14.7641987209208 14.8273109984584 14.8574327672832 15.0309915305115 15.1392864612862 15.2396923573688 15.4340494847856 14.9470808887854 15.1177709121257 15.5939817335457 15.6405987567268 15.2762687909417 15.3472701031715 15.1184880970977 15.1199224670418 14.8983123106882 14.5755790732801 15.9705038438551 14.5103152408265 14.9879604321904 15.049638339784 14.6659443797544 15.1665394902229 15.1321146115661 15.2217627330683 14.9241309696808 14.8638874320313 15.0718710739166 15.248298577033 15.4684743634425 15.4569994038902 15.6520737162791 16.0400707861409 15.9769585086033 16.6998809603974 17.1846980014816 16.9300973364152 16.8875443614088 16.4996838982084 17.2097994755022 17.1392762865871 17.1933042211458 27.6197393443435 16.7806838005781 16.9475249312352 16.7267753968481 17.412198822751
14.4981230963022 14.3912625354715 14.3898281655274 14.5461744894274 14.1051057316363 14.490951246582 14.81009855913 14.1753898588941 14.2062288126908 14.453657628037 14.6781365242787 15.5373241207562 15.8564714333043 15.1887722243555 15.0274056056514 15.170125415083 14.9477980737574 15.0998412878253 15.0819116635248 14.9664448830299 15.1163365421817 15.0130619062111 15.0539414496161 14.932020004373 15.0568101895042 15.1256599468179 15.0941038080491 15.1471754959784 15.167973860167 16.4775536190718 14.7025208133273 14.610003951937 14.5526291541755 14.852412472479 14.4586779228412 14.8352000331506 14.5949430675246 14.9391918540932 15.1392864612862 15.2267830278724 14.9908291720785 15.1579332705587 15.4713431033306 15.4663228085265 16.0293130115606 15.9798272484913 16.5198675324209 16.6468092724681 16.6059297290631 16.6403546077199 16.6633045268245 16.9437955693807 17.3063803850673 17.3051850767806 17.7799615282565 17.079988995567 17.3733176491223 15.9755241386592 -9999 -9999 -9999 -9999
15.2031159237958 15.1242255768739 14.8975951257162 15.0152134611271 15.0238196807913 14.8760795765556 15.009475981351 14.6630756398663 14.4601122927852 14.9047669754364 14.4013031250797 13.9258094886318 14.4787591020577 14.5892055877484 15.2361064325087 15.3357951436192 15.1428723861463 15.5330210109241 15.5825067739934 15.6298409821466 15.1622363803908 14.7785424203612 14.6573381600901 14.7620471660048 14.6996520734392 14.493102801498 14.7104098480195 14.6967833335511 14.611438321881 14.928434079513 14.3611407666467 14.4357280037366 16.7364573939703 18.6298257200979 14.7218848075718 15.0632648542523 15.050355524756 14.931302819401 14.9743339177221 15.2425610972568 15.3207342592068 15.3917355714366 15.7833185661584 15.7610858320259 15.8514511385001 16.3506118790247 16.4997863532044 15.1771016689017 17.4701376203448 16.7493667234667 17.2901241923682 17.1500340611674 17.2834304659627 17.294905425515 18.0410317994247 -9999 -9999 -9999 -9999 -9999 -9999 -9999
15.3200170742348 15.3824121668003 15.1371349063702 15.5236976062879 15.2518845018931 14.9944150969386 14.7570268712007 14.8531296574511 14.8201391487382 14.2994628590532 15.2712484961376 14.9671620680019 14.9377574841492 15.3458357332274 15.765388941858 15.0962553629652 15.1536301607266 15.5516678201966 15.6986907394603 14.8129672990181 15.2748344209976 14.2808160497807 14.8968779407442 14.4400311135687 14.4773247321136 14.5124667957425 14.4493545182049 14.6322366860695 14.8574327672832 14.8265938134864 14.8983123106882 14.0807214425877 14.4278389690444 14.3941312753595 15.2181768082082 14.7598956110887 14.5841852929443 14.9219794147648 15.1751457098871 14.9664448830299 15.9217352657579 15.6384472018108 15.8406933639199 15.8894619420171 16.0701925549656 16.7099215500057 16.4675130294636 16.3527634339407 17.0484328567982 17.3353068456054 17.480178209953 18.2533036097884 17.8653065399267 17.7735068635084 14.6349996728823 -9999 -9999 -9999 -9999 -9999 -9999 -9999
16.2394482083619 15.7919247858226 15.5918301786296 15.2985015250742 15.3960386812687 15.4225745252334 15.048921154812 14.9119388251565 15.1400036462583 14.6695303046145 14.8810998713598 15.3651997274719 15.2769859759137 14.7548753162846 15.1141849872656 15.4175542304292 15.1909237792715 15.5452131554484 15.0718710739166 15.3078249297105 15.1973784440197 14.6351054259576 14.3869594256394 14.3295846278779 14.2851191596128 14.1639148993418 14.5196386454627 14.7247535474598 14.6207617265172 14.8574327672832 14.4751731771976 14.9607074032538 14.889706091024 14.4378795586526 14.0699636680074 14.6408429057337 14.6996520734392 14.9599902182817 14.6695303046145 15.1242255768739 15.7847529361024 15.7761467164382 16.1290017226711 16.6059297290631 16.641788977664 16.5801110700704 17.9900967250578 17.7761365417391 17.7735068635084 17.2349009495229 17.0197454579175 17.6472823084332 17.9384594070725 17.8452253607102 15.2549996590242 -9999 -9999 -9999 -9999 -9999 -9999 -9999
16.5449690064415 16.3585009137169 16.3405712894164 16.0242927167565 16.0501113757491 16.363521208521 15.3121280395426 15.2676625712775 14.8538468424231 14.5985289923847 15.2690969412215 14.9026154205203 15.2131565134041 14.8187047787942 15.1457411260344 15.2855921955779 15.1758628948592 15.6040223231539 15.1141849872656 15.2619250915013 14.852412472479 14.492385616526 14.2191381421871 14.41206089966 14.2951597492211 14.3482314371504 14.6953489636071 14.7434003567323 14.8531296574511 14.7426831717603 14.6379741658457 14.7785424203612 15.1400036462583 14.5999633623287 14.6688131196424 14.811532929074 14.7555925012566 14.9427777789533 14.8416546978988 15.9446851848625 15.0474867848679 16.2573778326623 17.8574175052345 16.6346171279438 16.7601244980469 17.3824019921012 17.982446752023 17.9217250910588 17.9700155458413 16.7784844333306 17.6250495743006 18.157200823538 18.0897854361683 17.6523026032373 13.5449996972457 -9999 23.7447889405303 -9999 -9999 -9999 -9999 -9999
-9999 -9999 -9999 -9999 -9999 12.6599997170269 15.5617084098049 15.5430616005324 15.2604907215573 15.1263771317899 15.0747398138046 14.7864314550534 15.3379466985352 15.1184880970977 15.2253486579284 15.2741172360256 16.0379192312248 15.1643879353069 15.128528686706 14.9772026576102 13.9659718470648 13.5930356616154 14.0821558125317 14.4378795586526 14.2033600728028 14.5454573044553 14.6982177034952 14.9657276980579 14.7563096862286 15.131397426594 14.9262825245969 14.9671620680019 14.8459578077309 14.8624530620873 14.6329538710415 14.9535355535336 14.769936200697 14.9843745073304 15.2002471839078 15.2224799180403 15.4605853287503 16.6152531336993 16.2473372430541 16.7672963477671 17.719717990607 11.2200443840218 -9999 14.5998312493075 8.26729812035907 15.1849996605888 17.9147923029959 18.5086214598268 18.0919369910844 18.0840479563922 5.37499987985939 5.37499987985939 9.96862696111202 -9999 -9999 -9999 -9999 -9999
-9999 -9999 -9999 -9999 -9999 -9999 -9999 12.1655506933108 15.804834115319 15.6951048146002 15.0008697616868 14.9578386633657 15.211004958488 15.131397426594 15.2081362186 15.528717901092 15.4261604500934 14.9241309696808 14.6752677843906 14.8258766285144 14.5024262061343 14.3883937955834 14.4644154026173 14.5633869287558 14.4063234198838 14.5217902003787 14.9384746691212 15.1851862994954 15.011627536267 15.0582445594482 14.9728995477781 14.9915463570505 15.0675679640844 14.8610186921433 15.4448072593659 15.7051454042085 15.0761741837487 15.089800698217 15.3644825424999 15.9848475432955 16.045091080945 15.8313699592836 15.5918301786296 16.8275398854166 16.509348819498 17.1799996159971 -9999 -9999 -9999 -9999 -9999 -9999 -9999 -9999 -9999 -9999 -9999 -9999 -9999 -9999 -9999 -9999
-9999 -9999 -9999 -9999 -9999 -9999 -9999 -9999 9.11999979615211 13.275038551381 15.4985961322673 15.2820062707178 15.5036164270714 15.4405041495338 15.3953214962967 15.2432782822289 14.7520065763965 14.8151188539341 15.1256599468179 15.2920468603261 14.9248481546529 15.0740226288326 15.168691045139 14.7849970851094 14.9133731951006 14.8265938134864 14.8975951257162 15.0862147733569 14.9262825245969 15.0460524149239 15.0955381779931 15.0231024958193 14.9169591199607 15.1801660046913 15.6958219995722 15.5925473636016 14.8940092008561 15.211004958488 15.4670399934985 15.5452131554484 16.2803277517669 16.163426601328 16.2494887979701 16.9889065041207 8.01006670207006 -9999 -9999 -9999 -9999 -9999 -9999 -9999 -9999 -9999 -9999 -9999 -9999 -9999 -9999 -9999 -9999 -9999
-9999 -9999 -9999 -9999 -9999 -9999 -9999 -9999 -9999 14.3999996781349 16.0623035202734 15.5358897508122 15.7790154563263 15.7245093984529 15.4311807448976 15.3608966176398 15.2067018486559 14.9047669754364 14.73192539718 14.5540635241196 14.5382854547352 14.851695287507 14.7685018307529 14.4443342234008 14.7247535474598 15.0345774553716 15.0073244264349 14.7641987209208 14.932020004373 15.4283120050095 15.7001251094043 15.1952268891037 15.2927640452981 15.0008697616868 15.4562822189182 15.1400036462583 15.1643879353069 15.4534134790301 15.7130344389006 15.9339274102822 15.9697866588831 16.3491775090806 16.7751853824593 17.0147251631133 16.0561043334337 -9999 -9999 -9999 -9999 -9999 -9999 -9999 -9999 -9999 -9999 -9999 -9999 -9999 -9999 -9999 -9999 -9999
-9999 -9999 -9999 -9999 -9999 -9999 -9999 -9999 -9999 15.2499996591359 16.0092318323441 15.7481765025295 15.7725607915781 16.1139408382587 15.6836298550479 15.2726828660816 14.8681905418634 14.5024262061343 14.5031433911063 14.6221960964613 14.7412488018163 14.7627643509768 14.5440229345113 14.7656330908649 14.6817224491388 14.8975951257162 15.1772972648032 15.0783257386647 15.2855921955779 15.4792321380228 15.3824121668003 15.5961332884617 15.3106936695985 15.4942930224352 15.7180547337048 15.5315866409801 15.4921414675191 15.4569994038902 15.6348612769507 16.0099490173161 16.7873775269836 16.5342112318613 16.6166875036433 16.8648335039616 10.0674439718548 2.67775860580953 10.7270056161622 -9999 -9999 -9999 -9999 -9999 -9999 -9999 -9999 -9999 -9999 -9999 -9999 -9999 -9999 -9999
-9999 -9999 -9999 -9999 -9999 -9999 -9999 -9999 -9999 8.07899869381303 16.3047120408155 16.2681356072426 16.0364848612808 16.2337107285857 15.8622089130804 14.4242530441843 14.5103152408265 14.7362285070121 14.3216955931857 14.5103152408265 14.650883495342 14.8265938134864 14.772087755613 15.0991241028532 15.1213568369858 14.8674733568914 15.0776085536927 14.9535355535336 15.3343607736751 15.3580278777517 15.4189886003733 15.4957273923792 15.4957273923792 15.6162144676782 15.6111941728741 15.4835352478549 15.6413159416988 15.9805444334634 16.1483657169156 16.4180272663943 16.8397320299409 16.6676076366566 17.1251716488041 16.7350230240263 16.6499996278435 -9999 -9999 -9999 -9999 -9999 -9999 -9999 -9999 -9999 -9999 -9999 -9999 -9999 -9999 -9999 -9999 -9999
-9999 -9999 -9999 -9999 -9999 -9999 -9999 -9999 -9999 16.1117892833427 16.1713156360202 16.1799218556844 15.8887447570451 16.0479598208331 15.5229804213159 14.8072298192419 14.5024262061343 14.7591784261167 14.6637928248383 14.6767021543346 14.7548753162846 14.7434003567323 14.9477980737574 15.0144962761551 14.9485152587295 15.0123447212391 15.1816003746353 15.4161198604852 15.3917355714366 15.3881496465765 15.6205175775103 15.5975676584058 15.688650149852 15.7589342771098 15.8256324795075 15.7338328030892 16.0823846994899 16.2100436245091 16.2114779944532 16.4703817693517 16.5141300526448 17.0864436603151 16.8899349779822 11.589496690171 -9999 -9999 -9999 -9999 -9999 -9999 -9999 -9999 -9999 -9999 -9999 -9999 -9999 -9999 -9999 -9999 -9999 -9999
-9999 -9999 -9999 -9999 -9999 -9999 -9999 -9999 16.0182683629915 16.2616809424944 15.9920193930157 15.7216406585649 15.6592455659993 15.8392589939758 15.4828180628829 15.0618304843083 15.1256599468179 14.9994353917427 14.8696249118075 14.8473921776749 14.7792596053332 14.5067293159664 14.9815057674423 14.9664448830299 15.0582445594482 15.0962553629652 15.247581392061 15.5803552190773 15.4440900743939 15.5416272305883 15.7596514620818 15.8249152945355 15.926755560562 15.9977568727918 16.125415797811 15.9683522889391 16.24590287311 16.4761192491278 16.844035139773 17.2600024235435 17.4543595509604 16.9853205792606 16.8420628811 -9999 -9999 -9999 -9999 -9999 -9999 -9999 -9999 -9999 -9999 -9999 -9999 -9999 -9999 -9999 -9999 -9999 -9999 -9999
-9999 -9999 -9999 -9999 -9999 -9999 -9999 -9999 16.2401653933339 16.3513290639967 15.5717489994131 15.8392589939758 15.7782982713543 15.3322092187591 15.0460524149239 14.890423275996 15.0632648542523 15.0711538889445 14.9987182067707 14.8603015071712 14.9427777789533 15.1141849872656 15.0941038080491 15.1636707503349 14.9384746691212 15.1163365421817 15.1945097041316 15.8944822368212 15.5975676584058 15.7352671730332 15.6642658608034 15.9826959883794 16.0128177572042 16.0192724219523 16.004928722512 16.2071748846211 16.2953886361793 16.7084871800616 17.4170659324154 17.4916531695053 17.1703543020412 16.7429120587185 16.2099996376783 -9999 -9999 -9999 -9999 -9999 -9999 -9999 -9999 -9999 -9999 -9999 -9999 -9999 -9999 -9999 -9999 -9999 -9999 -9999
-9999 -9999 -9999 -9999 -9999 -9999 -9999 5.7100081597813 16.0752128497697 16.086687809322 15.9963225028478 15.847148028668 15.8980681616813 15.7761467164382 15.7632373869419 15.0797601086088 15.0152134611271 14.8932920158841 14.9470808887854 14.848826547619 15.0374461952597 15.249732946977 15.2188939931802 15.1177709121257 15.2855921955779 15.5832239589654 15.3465529181994 15.7108828839846 16.0027771675959 15.8980681616813 15.9195837108418 16.1039002486505 16.0917081041262 16.1419110521674 16.1605578614399 16.3384197345003 16.3864711276256 16.8648335039616 17.6946165165864 17.9370250371285 17.6953337015584 11.0194651531939 -9999 -9999 -9999 -9999 -9999 -9999 -9999 -9999 -9999 -9999 -9999 -9999 -9999 -9999 -9999 -9999 -9999 -9999 -9999 -9999
-9999 -9999 -9999 3.8400372271426 -9999 7.34073382660443 16.9946439838968 16.6568498620763 16.5277565671131 16.1792046707124 16.0149693121202 16.0092318323441 15.9052400114015 15.7166203637607 15.5358897508122 15.2124393284321 15.0259712357074 14.7742393105291 14.5526291541755 14.7412488018163 14.611438321881 15.368785652332 14.968596437946 15.4548478489742 15.6542252711952 15.2346720625646 15.6499221613631 16.2236701389775 15.9834131733514 16.0723441098817 16.1074861735106 16.1978514799848 16.324793220032 16.642506162636 16.6123843938112 16.8920865328982 17.640110458713 17.6279183141887 17.6243323893286 15.3641339665638 13.2949997028336 -9999 -9999 -9999 -9999 -9999 -9999 -9999 -9999 -9999 -9999 -9999 -9999 -9999 -9999 -9999 -9999 -9999 -9999 -9999 -9999 -9999
-9999 -9999 3.88019958557561 -9999 16.5205847173929 16.7957446849905 16.9336832612753 16.922208301723 16.605212544091 16.362804023549 16.2136295493692 16.1340220174752 15.9303414854221 15.9081087512895 15.6405987567268 15.5021820571274 15.4777977680787 14.5067293159664 14.8072298192419 14.7269051023759 14.8882717210799 14.930585634429 15.3243201840669 15.5236976062879 15.4691915484145 15.6685689706355 15.7869044910185 16.0020599826239 16.1878108903766 16.2710043471307 16.4904629485682 16.5205847173929 16.4388256305829 16.5535752261057 17.2291634697467 17.2291634697467 18.195211627055 16.2276357499992 17.3529803324158 -9999 -9999 -9999 -9999 -9999 -9999 -9999 -9999 -9999 -9999 -9999 -9999 -9999 -9999 -9999 -9999 -9999 -9999 -9999 -9999 -9999 -9999 -9999
16.7749996250495 16.7749996250495 -9999 16.5349996304139 17.0326547874138 17.1631824523211 16.8748740935698 16.762993237935 16.564333000686 16.324793220032 16.0651722601615 16.0529801156372 15.8148747049272 15.5409100456163 15.4562822189182 15.4742118432187 15.4426557044499 15.2583391666412 15.0668507791124 14.6057008421049 14.9958494668826 15.2052674787119 15.6434674966149 15.6549424561672 15.8908963119611 15.9346445952542 16.0128177572042 16.2803277517669 16.2882167864591 16.3369853645563 16.4553208849393 16.5155644225888 16.8741569085978 17.1940214061178 17.1667683771811 17.4500564411283 17.2198400651105 13.7452036035045 -9999 -9999 -9999 -9999 -9999 -9999 -9999 -9999 -9999 -9999 -9999 -9999 -9999 -9999 -9999 -9999 -9999 -9999 -9999 -9999 -9999 -9999 -9999 -9999
17.9102501315065 16.4270433060426 17.7950224126689 17.4586626607925 17.6644947477616 16.7830744171515 16.5908688446507 16.6131015787832 16.325510405004 16.1325876475312 16.1132236532867 15.8708151327446 15.4340494847856 15.4053620859049 15.4232917102054 15.2604907215573 15.3580278777517 15.44982755417 15.6829126700759 15.4197057853453 15.287743750494 15.1113162473775 15.529435086064 15.6786095602438 15.8191778147593 16.0787987746298 16.163426601328 16.4531693300232 16.2236701389775 16.603778174147 16.8555100993253 17.0125736081973 17.3374584005214 17.9026001584716 16.6237159163691 17.1712507832563 17.2469974693842 12.9399997107685 6.79349622000009 13.2399997040629 -9999 -9999 -9999 -9999 -9999 -9999 -9999 -9999 -9999 -9999 -9999 -9999 -9999 -9999 -9999 -9999 -9999 -9999 -9999 -9999 -9999 -9999
18.4146702284925 17.9951170198619 17.4715719902888 17.3467818051577 17.2033448107541 16.9422894809395 16.8892177930102 17.0247657527216 16.5514236711897 16.40583512187 16.167012526188 15.8643604679964 15.2855921955779 15.2167424382642 15.3479872881435 15.167973860167 15.6994079244323 15.5997192133218 15.9324930403382 15.9045228264295 15.8665120229125 15.4598681437783 15.289178120438 15.6054566930979 15.9590288843028 16.2674184222706 16.4122897866182 16.5205847173929 16.6697591915727 16.9329660763033 17.1674855621532 17.322397516109 17.5511795221828 14.4859309517778 12.2894218661946 16.9163165886195 12.7584245893336 17.1746030796785 13.3064079165754 -9999 -9999 -9999 -9999 -9999 -9999 -9999 -9999 -9999 -9999 -9999 -9999 -9999 -9999 -9999 -9999 -9999 -9999 -9999 -9999 -9999 -9999 -9999
17.5031281290576 18.1636554882862 18.1120181703009 17.3883785335347 16.9164708219469 16.7529526483268 16.6145359487273 16.5686361105181 16.8268227004446 16.5686361105181 16.2086092545651 15.60617387807 15.2827234556898 15.2325205076486 15.2547532417811 15.6284066122025 15.5739005543292 15.8708151327446 16.166295341216 16.3757133530453 16.1146580232307 15.6979735544883 15.5724661843851 16.2408825783059 16.3326822547242 16.6668904516846 16.4818567289039 16.8971068277024 17.0376750822179 16.9458754057996 17.001098648645 17.7433850946836 18.3350626965985 17.7075258460827 17.6867274818942 17.6472823084332 12.8549997126684 11.7761945837251 -9999 -9999 -9999 -9999 -9999 -9999 -9999 -9999 -9999 -9999 -9999 -9999 -9999 -9999 -9999 -9999 -9999 -9999 -9999 -9999 -9999 -9999 -9999 -9999
17.8918423838913 17.4120456376113 17.3367412155494 16.3154698153958 16.1756187458523 16.3118838905357 16.3900570524856 16.5966063244268 16.5686361105181 16.206457699649 15.7345499880612 15.5373241207562 14.8775139464997 15.3329264037311 15.6255378723145 15.6255378723145 16.2344279135577 16.2975401910953 16.0809503295459 16.1906796302646 16.24590287311 16.3857539426535 16.4481490352191 16.3663899484091 16.4732505092397 17.1545762326568 16.5464033763856 17.1373637933284 16.9788659145124 17.4063081578352 17.4333221251145 17.1374662483244 17.8049996020272 -9999 -9999 13.6052278061397 -9999 -9999 -9999 -9999 -9999 -9999 -9999 -9999 -9999 -9999 -9999 -9999 -9999 -9999 -9999 -9999 -9999 -9999 -9999 -9999 -9999 -9999 -9999 -9999 -9999 -9999
17.9599749562331 18.1615039333701 17.997268574778 17.1093935794197 16.7249824344181 16.0766472197138 16.0379192312248 16.0300301965326 15.9877162831835 15.8127231500112 15.7618030169979 15.5925473636016 15.6413159416988 15.3608966176398 15.4806665079668 15.9497054796666 16.1168095781468 16.3075807807036 16.5958891394548 16.562898630742 16.442411555443 17.0290688625537 16.5564439659938 16.6711935615167 17.2442243541591 16.9300973364152 17.1309091285802 17.7641834588721 17.7211523605511 18.1191900200211 18.0058747944422 18.2253333958797 17.8280129213817 14.8473287099783 -9999 -9999 -9999 -9999 -9999 -9999 -9999 -9999 -9999 -9999 -9999 -9999 -9999 -9999 -9999 -9999 -9999 -9999 -9999 -9999 -9999 -9999 -9999 -9999 -9999 -9999 -9999 -9999
18.3702047602274 18.555238483008 18.3200018121861 17.1251716488041 17.0685140360147 16.6482436424121 16.4352397057228 16.1275673527271 16.1426282371394 16.1555375666358 15.7689748667181 15.6994079244323 15.7388530978933 15.5437787855044 16.0580004104413 15.9991912427358 16.2000030349009 16.5607470758259 16.7830744171515 16.605212544091 16.4969176133163 16.8777428334579 17.4981078342535 17.3338724756613 17.7333445050754 17.2184056951664 17.6307870540768 17.7340616900474 17.3525192849338 18.4971465002745 18.3702047602274 17.9499343666248 17.8473769156262 17.919095412828 18.0101779042743 4.99999988824129 -9999 -9999 -9999 -9999 -9999 -9999 -9999 -9999 -9999 -9999 -9999 -9999 -9999 -9999 -9999 -9999 -9999 -9999 -9999 -9999 -9999 -9999 -9999 -9999 -9999 -9999
-9999 -9999 -9999 -9999 7.15999983996153 16.08545834937 16.9465925907716 16.7816400472075 16.6303140181117 16.086687809322 15.6972563695163 15.248298577033 15.8005310054868 15.8098544101231 16.0242927167565 16.364238393493 16.7142246598378 16.8519241744652 17.5777153661475 17.4371471116319 17.7512741293758 17.8222754416056 17.7426679097116 18.0058747944422 17.36184268957 17.760597534012 17.59994810028 -9999 -9999 -9999 -9999 -9999 -9999 -9999 -9999 -9999 -9999 -9999 -9999 -9999 -9999 -9999 -9999 -9999 -9999 -9999 -9999 -9999 -9999 -9999 -9999 -9999 -9999 -9999 -9999 -9999 -9999 -9999 -9999 -9999 -9999 -9999
-9999 -9999 -9999 -9999 -9999 14.7366814659418 16.4746848791838 16.5930203995667 16.2279732488096 15.8772697974928 15.8822900922969 15.8191778147593 15.7424390227534 15.726660953369 15.765388941858 16.3355509946123 16.4969176133163 16.6131015787832 16.3757133530453 17.9743186556734 17.6293526841328 17.83805351099 18.5817743269727 18.1521805287339 14.2100254110992 -9999 -9999 -9999 -9999 -9999 -9999 -9999 -9999 -9999 -9999 -9999 -9999 -9999 -9999 -9999 -9999 -9999 -9999 -9999 -9999 -9999 -9999 -9999 -9999 -9999 -9999 -9999 -9999 -9999 -9999 -9999 -9999 -9999 -9999 -9999 -9999 -9999
