EcologicalScience/Bass/data/rs_data_bass/sst_312.asc
NCOLS 226 
NROWS 124 
XLLCORNER -9.41648524995501 
YLLCORNER 47.587301625531 
CELLSIZE 0.0833 
NODATA_value -9999 
[rows 27 to 53 of 124, columns 62 to 123 of 226]
-9999 -9999 -9999 -9999 -9999 -9999 -9999 -9999 -9999 -9999 -9999 -9999 -9999 -9999 -9999 -9999 -9999 -9999 -9999 -9999 -9999 -9999 -9999 -9999 -9999 -9999 -9999 -9999 12.5299997199327 9.92033141991124 11.8698194700992 11.8543999932008 12.0530602304498 12.4666966630612 12.2884761975147 12.0485778243747 12.1210135065485 12.219985032687 11.9132091609063 11.7794541636249 11.8086794512346 12.0880229978357 11.8536828082288 11.9765007346869 11.9215165534988 11.4206823813729 11.6563971755095 11.822305965703 11.7931404435076 11.8538621044718 11.7718639560044 11.8197958183009 10.8244626079686 11.7950529367663 11.4902493236586 11.980445252033 12.1722922320478 12.1066698071081 12.0245521278121 11.9657429601066 11.9198431218974 12.0033951711375
-9999 -9999 -9999 -9999 -9999 -9999 -9999 -9999 -9999 -9999 -9999 -9999 -9999 -9999 -9999 -9999 -9999 -9999 -9999 -9999 -9999 -9999 -9999 -9999 -9999 -9999 -9999 -9999 -9999 -9999 9.78499978128821 12.000616079371 12.2562028737739 12.4179280849639 11.6127086576307 11.9144642346073 11.9349040063098 11.7631382055115 11.849080871325 12.0051881335676 11.9051408299711 11.7369609540328 11.9361590800108 11.9700460699387 11.9331110438798 11.9628742202185 11.8699987663422 11.9241462317295 11.9083681623451 11.8660542489961 11.7346301028738 11.94207585603 11.901554905111 11.8276848529931 11.8456144772936 12.0844370729756 12.0969878099859 12.0252693127841 11.9983748763334 12.0148701306898 11.9736319947988 11.9990920613054
-9999 -9999 -9999 -9999 -9999 -9999 -9999 -9999 -9999 -9999 -9999 -9999 -9999 -9999 -9999 -9999 -9999 -9999 -9999 -9999 -9999 -9999 -9999 -9999 -9999 -9999 -9999 -9999 -9999 -9999 -9999 12.184999727644 12.2002624459565 12.3146534489933 12.2838144951966 12.1593829025514 11.9198431218974 11.943151633488 11.8798600597074 11.7211828846484 11.8825495033525 11.5569475260563 11.8678472114261 12.0087740584277 11.940641486086 11.9395657086279 11.9542680005543 12.0464262694586 11.6681111967191 11.8586433376186 11.9060373111861 11.9056787187001 11.9217556151561 11.4967039884068 11.8413113674615 11.9496062982362 11.9553437780123 11.9485305207781 12.0023193936795 11.9890514716972 11.984389769379 12.0392544197384
-9999 -9999 -9999 -9999 -9999 -9999 -9999 -9999 -9999 -9999 -9999 -9999 -9999 -9999 -9999 -9999 -9999 -9999 -9999 -9999 -9999 -9999 -9999 -9999 -9999 -9999 -9999 -9999 -9999 -9999 -9999 10.0189280539053 12.1841975025833 12.2938550848048 12.3350932206959 12.3383205530699 12.2135303679388 12.1601000875235 11.8266090755351 11.9288079340477 11.6673940117471 11.7391125089489 12.0023193936795 12.0593355989549 11.8943830553908 12.0704519660212 11.9255806016736 12.2407833968755 12.1149174342863 11.8527863270137 11.6512573498767 11.9776482306421 11.9523555072956 11.4620998135069 11.9485305207781 11.9567781479564 11.8743018761743 11.9352625987958 11.9126712721772 12.0051881335676 12.0195318330079 11.3951027840376
-9999 -9999 -9999 -9999 -9999 -9999 -9999 -9999 -9999 -9999 -9999 -9999 -9999 -9999 -9999 -9999 -9999 -9999 -9999 -9999 -9999 -9999 -9999 -9999 -9999 -9999 -9999 -9999 -9999 -9999 -9999 12.0249997312203 12.2771549204564 12.2350459170993 12.3874477236532 12.3967711282894 12.3307901108637 12.062562931329 12.0736792983953 11.8083208587486 11.7799920523539 11.7319406592287 11.8793221709784 10.9419614125509 12.2085100731347 11.9793694745749 11.9886928792112 11.8466902547516 11.7778404974379 11.8357531839283 11.6673940117471 11.9628742202185 12.1102557319682 12.1059526221361 11.9546265930403 11.4852290288545 11.9531922230963 11.940641486086 11.9381313386839 12.0342341249343 11.9162571970373 12.0102084283717
-9999 -9999 -9999 -9999 -9999 -9999 -9999 -9999 -9999 -9999 -9999 -9999 -9999 -9999 -9999 -9999 -9999 -9999 -9999 -9999 -9999 -9999 -9999 -9999 -9999 -9999 -9999 -9999 -9999 -9999 -9999 -9999 10.5125469105551 12.2852488651406 12.2465208766516 12.2967238246929 12.0428403445985 11.9908444341272 11.8395184050314 11.7982802691404 12.0148701306898 12.0876644053496 12.0786995931994 12.0718863359652 11.9940717665013 12.0195318330079 11.821588780731 11.2349314736202 11.7780197936809 12.1504180904012 11.4751884392463 11.5196539075114 12.1188619516324 12.0500121943187 12.0256279052701 11.6501815724187 12.0525223417208 12.1360743909609 12.0051881335676 11.8664128414821 11.8330637402833 12.1303369111847
-9999 -9999 -9999 -9999 -9999 -9999 -9999 -9999 -9999 -9999 -9999 -9999 -9999 -9999 -9999 -9999 -9999 -9999 -9999 -9999 -9999 -9999 -9999 -9999 -9999 -9999 -9999 -9999 -9999 -9999 -9999 -9999 10.6459127801824 12.2838144951966 12.3860133537091 11.9108783097472 11.2388759909663 12.3372447756119 12.1310540961567 11.8829080958385 11.5569475260563 11.5777458902448 11.8481246246956 11.6487472024746 11.8083208587486 12.1231650614645 12.0082361696986 11.1997894099914 11.943510225974 12.1966765210964 12.0761894457974 11.5899380347691 11.6523331273347 12.1303369111847 12.2070757031906 12.1285439487547 12.1704992696177 12.2181920702569 12.2791527928784 12.3254112235736 12.1704992696177 12.1396603158209
-9999 -9999 -9999 -9999 -9999 -9999 -9999 -9999 -9999 -9999 -9999 -9999 -9999 -9999 -9999 -9999 -9999 -9999 -9999 -9999 -9999 -9999 -9999 -9999 -9999 -9999 -9999 -9999 -9999 -9999 -9999 -9999 -9999 8.52403170580373 12.4853434723336 12.3756141716149 11.8144169310108 12.3605532872025 12.3067644143011 12.3376033680979 11.3291217666119 11.4056214969605 11.8803979484364 11.8598386459053 11.5486998988781 11.8983275727369 11.9765007346869 11.6602221620269 12.0844370729756 12.1866359314881 12.3497955126222 11.6100192139857 12.3275627784897 12.2031311858445 12.1475493505131 12.1848429690581 12.2734153131023 12.219985032687 12.0094912433997 12.2676778333262 12.2863246425986 11.5648365607485
-9999 -9999 -9999 -9999 -9999 -9999 -9999 11.7802311140113 11.9129103338346 11.3456170209683 11.6432487843558 8.27804349777406 18.9745737236568 8.31680522979267 8.41999981179833 -9999 -9999 -9999 -9999 -9999 -9999 -9999 -9999 -9999 -9999 -9999 -9999 -9999 -9999 -9999 -9999 -9999 -9999 -9999 12.4025086080655 12.4634693306871 12.4351405242924 12.3300729258917 12.3659321744926 12.3472853652202 12.1622516424395 11.9653843676206 11.9711218473967 11.9350833025528 11.8560136593878 11.7645725754555 12.0991393649019 11.981162437005 12.2045655557886 11.8660542489961 11.9467375583481 11.9176915669814 11.8122653760947 11.9094439398032 11.7617038355675 11.6293832082301 11.8276848529931 11.6903439308517 11.7197485147044 12.182691414142 12.021683387924 11.9334696363658
-9999 -9999 -9999 -9999 16.2849996360019 16.2201408339836 13.6878771915357 12.5653095967136 13.9222235637717 11.9700460699387 10.0377059124317 14.2610934630502 23.9099994655699 -9999 -9999 -9999 -9999 -9999 -9999 -9999 -9999 -9999 -9999 -9999 -9999 -9999 -9999 -9999 -9999 -9999 -9999 -9999 -9999 -9999 11.982238214463 12.379558688961 12.4494842237327 12.5029145041481 12.3942609808873 12.3774071340449 12.2554856888019 12.2633747234941 12.1188619516324 12.1271095788106 11.8929486854468 12.0155873156618 12.1439634256531 11.9782936971169 12.0740378908813 11.9392071161419 11.9664601450786 12.0704519660212 12.0840784804896 11.8890041681007 11.9908444341272 11.9492477057502 11.9632328127045 12.0460676769726 11.862468324136 11.8301950003952 12.0360270873643 12.0249107202981
13.5259788667317 14.0335665306775 12.8882818957791 13.5901669217274 14.4751731771976 14.3876766106114 14.3912625354715 14.4672841425054 14.3102206336334 15.850885722962 -9999 -9999 -9999 -9999 -9999 -9999 -9999 -9999 -9999 -9999 -9999 -9999 -9999 -9999 -9999 -9999 -9999 -9999 -9999 -9999 -9999 -9999 -9999 -9999 13.489999698475 12.2673192408402 12.2529755413998 12.4706411804073 12.4864192497917 12.3748969866429 12.1332056510728 12.1185033591464 12.0112842058297 11.94386881846 12.0051881335676 12.0830027030315 12.1679891222157 12.0858714429196 12.1281853562687 12.1278267637827 12.0862300354056 12.022759165382 12.0306482000742 11.9886928792112 12.0715277434792 12.0797753706574 11.6440855001565 11.9209188993555 12.2328943621833 12.2483138390817 12.2016968159005 12.0586184139829
14.0957823270001 14.1395306102931 14.2800988648087 14.2227240670472 14.7928861198016 14.4450514083728 14.8301797383465 14.6429944606498 13.1057084731292 16.7749996250495 -9999 -9999 -9999 -9999 -9999 -9999 -9999 -9999 -9999 -9999 -9999 -9999 -9999 -9999 -9999 -9999 -9999 -9999 -9999 -9999 -9999 -9999 -9999 -9999 -9999 12.4272514896002 12.4290444520302 12.4512771861628 12.5470213799272 12.2389904344454 12.4462568913586 12.2307428072672 11.9510406681802 11.9912030266132 12.1271095788106 12.0869472203776 12.0528809342068 12.0819269255735 12.1780297118239 12.103083882248 12.063280116301 12.0094912433997 11.981521029491 12.0302896075882 12.0037537636235 12.0371028648224 12.0926847001538 12.1776711193379 12.3189565588254 12.2536927263718 12.1611758649815 12.2666020558681
14.0778527026996 14.1653492692858 14.7197332526557 14.453657628037 14.6544694202021 14.9621417731978 14.8861201661639 14.5246589402668 7.43154663786032 -9999 -9999 -9999 -9999 -9999 -9999 -9999 -9999 -9999 -9999 -9999 -9999 -9999 -9999 -9999 -9999 -9999 -9999 -9999 -9999 -9999 -9999 -9999 -9999 -9999 -9999 -9999 14.5591613524342 12.5247886457946 12.6459929060657 12.5050660590641 12.4268928971142 12.4982528018299 12.3924680184573 12.2178334777709 12.1855601540301 11.5322046445217 12.3146534489933 12.2762840529904 12.1299783186987 12.1690648996737 12.1098971394822 12.0532395266928 12.022759165382 12.0442747145426 11.941000078572 11.9488891132642 12.0786995931994 12.1396603158209 12.2024140008725 12.2386318419594 12.3096331541892 12.1274681712966
13.7845240491442 14.1703695640899 14.4428998534568 14.4866481367499 14.5791649981402 14.6795708942227 15.1486098659225 13.2360209825449 12.7897884929553 -9999 -9999 -9999 -9999 -9999 -9999 -9999 -9999 -9999 -9999 -9999 -9999 -9999 -9999 -9999 -9999 -9999 -9999 -9999 -9999 -9999 -9999 -9999 -9999 -9999 -9999 -9999 -9999 -9999 -9999 -9999 7.69312783300877 12.3225424836855 12.42007963988 12.498969986802 11.9539094080683 12.4114734202158 12.3591189172585 12.3114261166193 12.2138889604248 12.18197422917 12.1701406771317 12.0292138301302 12.1174275816884 12.1561555701774 12.100932327332 12.1231650614645 12.141094685765 12.180539859226 12.1199377290905 12.1159932117444 13.1949980021454 13.1297341696918
15.1593676405028 14.3173924833536 14.2320474716835 14.5081636859104 14.7412488018163 15.4297463749535 15.3659169124439 12.9654191238806 16.0249996418133 -9999 -9999 -9999 -9999 -9999 -9999 -9999 -9999 -9999 -9999 -9999 -9999 -9999 -9999 -9999 -9999 -9999 -9999 -9999 -9999 -9999 -9999 -9999 -9999 -9999 -9999 -9999 -9999 -9999 -9999 -9999 -9999 -9999 -9999 12.4360243790114 12.6395382413175 12.5559861920774 12.4756614752114 13.2652821294032 12.3752555791289 12.3910336485133 12.2443693217356 12.3512298825663 12.3203909287695 12.0980635874439 12.1880703014322 12.063997301273 12.0919675151818 12.1590243100654 12.1156346192583 12.179822674254 12.0973464024719 12.1514938678592
14.3496658070944 14.6322366860695 14.2593005006202 14.7046723682433 14.9764854726382 15.5480818953365 15.3192998892628 15.4964445773512 13.8124942630529 15.1699996609241 -9999 -9999 -9999 -9999 -9999 16.1899624452926 -9999 -9999 -9999 -9999 -9999 -9999 -9999 -9999 -9999 -9999 -9999 -9999 -9999 -9999 -9999 -9999 -9999 -9999 -9999 -9999 -9999 -9999 -9999 -9999 -9999 -9999 -9999 -9999 6.08320730999891 12.4573732584249 12.4659794780891 12.7177114032675 12.3874477236532 13.4352549677715 13.3398693664931 12.5735572238918 12.6133609898388 12.4853434723336 12.1586657175794 12.2773598304484 12.3261284085456 12.3480025501922 12.2533341338858 12.1453977955971 12.7152012558654 12.1202963215765
14.9929807269946 14.9879604321904 14.5899227727205 14.693197408691 14.928434079513 14.8610186921433 15.4354838547297 15.5731833693571 15.4433728894219 13.7013305923901 15.6599996499717 -9999 -9999 -9999 -9999 -9999 -9999 -9999 -9999 -9999 -9999 -9999 -9999 -9999 -9999 -9999 -9999 -9999 -9999 -9999 -9999 -9999 -9999 -9999 -9999 -9999 -9999 -9999 -9999 -9999 -9999 -9999 -9999 -9999 -9999 11.7507226431466 12.5244300533086 13.6303292801604 13.5098422048613 13.4747001412325 13.5500045632944 13.4015472740866 13.4201940833591 13.3197881872766 12.4489463350037 12.4132663826458 12.2945722697768 12.3723868392408 12.2834559027106 12.1895046713762 12.740302729886 12.0951948475558
14.5741447033361 15.0625476692803 14.9348887442611 14.9793542125262 14.772804940585 14.772087755613 15.0661335941404 15.3723715771921 15.3200170742348 15.2045502937399 13.8067567832768 16.1878855971445 17.0208584391923 -9999 11.0403065971471 -9999 21.6177711692928 16.7358801475294 -9999 -9999 -9999 -9999 -9999 -9999 -9999 -9999 -9999 -9999 -9999 -9999 -9999 -9999 -9999 -9999 -9999 -9999 -9999 -9999 -9999 -9999 -9999 -9999 -9999 -9999 -9999 8.8399998024106 13.4949996983632 12.6025135671371 13.5700857425109 13.6116824708879 13.5937528465874 13.5916012916714 12.5032730966341 12.5506073047873 13.418042528443 13.3549302509055 12.5154652411584 13.2100588865578 12.2551270963158 12.301744119497 12.2780770154204 12.7747276085429
14.9671620680019 15.008758796379 14.8617358771153 14.5103152408265 14.7921689348295 14.7462690966204 14.7634815359488 15.3888668315485 15.2310861377046 15.1988128139637 15.2396923573688 12.5323190880008 16.079999640584 11.9198431218974 14.6759849693626 14.6975005185232 11.6817377111875 9.82082991517211 -9999 -9999 -9999 -9999 -9999 -9999 -9999 -9999 -9999 -9999 -9999 -9999 -9999 -9999 -9999 -9999 -9999 -9999 -9999 -9999 -9999 -9999 -9999 -9999 -9999 -9999 -9999 -9999 -9999 -9999 12.697630224051 13.6747947484255 13.615268395748 13.7386242109351 13.7034821473062 13.6080965460278 13.5119937597774 13.418042528443 13.296838268172 13.2839289386757 13.1849574125372 13.2136448114179 13.1835230425932 13.1706137130968
14.6810052641667 14.9635761431418 14.6738334144466 14.8595843221992 14.6752677843906 14.9786370275542 15.1349833514541 15.2526016868651 15.1077303225175 15.1421552011743 15.168691045139 15.1801660046913 14.97003080789 14.931302819401 14.6996520734392 13.2036042218097 14.9849996650591 13.49196521799 -9999 -9999 -9999 -9999 -9999 -9999 -9999 -9999 -9999 -9999 -9999 -9999 -9999 -9999 -9999 -9999 -9999 -9999 -9999 -9999 -9999 -9999 -9999 -9999 -9999 -9999 -9999 -9999 -9999 -9999 12.7097028377466 13.697027482558 13.6339152050205 13.6712088235654 13.6331980200484 13.6102481009439 13.5457014534622 13.5284890141338 13.5141453146935 13.4782860660926 13.4065675688908 13.3664052104577 13.3463240312412 13.336283441633
14.8746452066116 14.6831568190828 14.3611407666467 15.0740226288326 15.1357005364262 15.0317087154835 15.0919522531331 14.9936979119666 15.0245368657634 15.1658223052509 15.051072709728 15.0037385015748 14.9198278598487 14.8975951257162 14.7046723682433 15.7619418269925 17.5140203758201 -9999 -9999 -9999 -9999 -9999 -9999 -9999 -9999 -9999 -9999 -9999 -9999 -9999 -9999 -9999 -9999 -9999 -9999 -9999 -9999 -9999 -9999 -9999 -9999 -9999 -9999 -9999 -9999 -9999 -9999 -9999 12.9436246694531 13.6597338640131 13.6676228987053 13.6891384478658 13.6848353380337 13.7034821473062 13.7457960606553 13.6324808350764 13.6202886905521 13.6848353380337 13.6116824708879 13.4940641354769 13.4747001412325 13.4747001412325
15.0453352299519 15.0288399755955 15.0460524149239 15.1579332705587 14.8402203279547 14.9047669754364 14.9377574841492 15.3472701031715 15.1543473456986 14.9858088772744 14.9564042934217 14.9370402991772 14.9255653396249 14.4335764488205 12.700447736441 6.69999985024333 -9999 -9999 -9999 -9999 -9999 -9999 -9999 -9999 -9999 -9999 -9999 -9999 -9999 -9999 -9999 -9999 -9999 -9999 -9999 -9999 -9999 -9999 -9999 -9999 -9999 -9999 -9999 -9999 -9999 -9999 -9999 -9999 13.0757062351331 13.7522507254034 13.7830896792002 13.7587053901516 13.7558366502635 13.7888271589763 13.7228461415507 13.7235633265227 13.7544022803195 13.6776634883136 13.7615741300397 13.6432386096567 13.6432386096567 13.5700857425109
15.2167424382642 15.250450131949 15.1564989006147 15.3042390048504 15.3651997274719 15.447675999254 15.4792321380228 15.4699087333865 15.3831293517724 15.1973784440197 14.9614245882258 14.8273109984584 14.851695287507 13.4700384389143 12.6163321847229 -9999 -9999 -9999 -9999 -9999 -9999 -9999 -9999 -9999 -9999 -9999 -9999 -9999 -9999 -9999 -9999 -9999 -9999 -9999 -9999 -9999 -9999 -9999 -9999 -9999 -9999 -9999 -9999 -9999 -9999 -9999 -9999 -9999 -9999 13.0131916117389 13.0311212360393 13.7450788756832 13.6977446675301 13.7802209393121 13.7895443439484 13.7680287947878 13.8103427081369 13.6704916385934 13.6848353380337 13.7601397600956 13.7371898409911 13.7156742918305
15.2669453863055 15.2655110163614 15.2447126521729 15.4182714154013 15.368785652332 15.4813836929388 15.4577165888622 15.4318979298696 15.369502837304 15.4182714154013 15.170842600055 14.8194219637662 14.7218848075718 14.5153355356306 12.5930749006303 14.0875643083757 -9999 -9999 -9999 -9999 -9999 -9999 -9999 -9999 -9999 -9999 -9999 -9999 -9999 -9999 -9999 -9999 -9999 -9999 -9999 -9999 -9999 -9999 -9999 -9999 -9999 -9999 -9999 -9999 -9999 -9999 5.46205377326271 5.95071259979159 12.7349997153506 -9999 11.5949583295733 13.113812663313 13.1426434991881 13.8748893556185 13.8906674250029 13.9236579337157 13.8612628411502 13.816797372885 13.85409099143 13.9387188181281 13.9702749568969 13.9487594077364
15.2755516059697 15.290612490382 15.2526016868651 15.288460935466 15.2841578256339 15.4448072593659 15.4777977680787 15.3537247679196 15.3601794326678 15.3171483343467 15.2985015250742 15.0539414496161 14.8380687730387 14.1051057316363 11.7266813027672 -9999 -9999 -9999 -9999 -9999 -9999 -9999 -9999 -9999 -9999 -9999 -9999 -9999 -9999 -9999 -9999 -9999 -9999 -9999 -9999 -9999 -9999 -9999 -9999 -9999 -9999 -9999 -9999 -9999 -9999 -9999 -9999 -9999 12.4818887398465 13.1578239144292 13.2140034039039 13.2278689800296 12.6520055847264 14.1452680900693 14.0505996737629 14.0505996737629 13.9982451708056 13.9896389511414 13.9717093268409 14.0649433732033 14.1187322461046 14.1610461594537
14.5648212986998 15.2676625712775 15.3020874499343 15.0216681258753 15.2425610972568 15.3063905597664 15.2949156002142 15.367351282388 15.3551591378637 15.1665394902229 15.2131565134041 15.0044556865469 14.5368510847911 13.9805546081625 16.0399996414781 -9999 -9999 -9999 -9999 -9999 -9999 -9999 -9999 -9999 -9999 -9999 -9999 -9999 -9999 -9999 -9999 -9999 -9999 -9999 -9999 -9999 -9999 -9999 -9999 -9999 -9999 -9999 -9999 -9999 -9999 -9999 -9999 -9999 -9999 -9999 13.2307377199177 13.1263275410747 12.3587603247724 13.9996795407496 14.1796929687262 14.1165806911886 14.1911679282784 14.1194494310766 14.1997741479427 14.2736442000605 14.1990569629706 14.1488540149294
14.7534409463406 14.8086641891859 14.6616412699223 14.6186101716012 14.5153355356306 15.0768913687207 15.3314920337871 15.3078249297105 15.2755516059697 15.1722769699991 15.2174596232362 15.167973860167 15.0725882588886 12.4842676948756 16.3941506476068 -9999 -9999 -9999 -9999 -9999 -9999 -9999 -9999 -9999 -9999 -9999 -9999 -9999 -9999 -9999 -9999 -9999 -9999 -9999 -9999 -9999 -9999 -9999 -9999 -9999 -9999 -9999 -9999 -9999 -9999 -9999 -9999 -9999 -9999 -9999 -9999 -9999 14.2049996824935 11.6360769346356 14.0649433732033 14.1667836392298 14.293008194305 14.3123721885495 14.3159581134096 14.3984343851916 14.2521286509 14.2040772577748
