EcologicalScience/Bass/data/rs_data_bass/sst_112.asc
NCOLS 226 
NROWS 124 
XLLCORNER -9.41648524995501 
YLLCORNER 47.587301625531 
CELLSIZE 0.0833 
NODATA_value -9999 
[rows 0 to 26 of 124, columns 0 to 61 of 226]
-9999.000000000000000 -9999 -9999 -9999 -9999 -9999 -9999 -9999 -9999 -9999 -9999 -9999 -9999 -9999 -9999 -9999 -9999 -9999 -9999 -9999 -9999 -9999 -9999 -9999 -9999 -9999 -9999 -9999 -9999 -9999 -9999 -9999 -9999 -9999 -9999 -9999 -9999 -9999 -9999 -9999 -9999 -9999 -9999 -9999 -9999 -9999 -9999 -9999 -9999 -9999 -9999 -9999 -9999 -9999 -9999 -9999 -9999 -9999 -9999 -9999 -9999 -9999
-9999 -9999 -9999 -9999 -9999 -9999 -9999 -9999 -9999 -9999 -9999 -9999 -9999 -9999 -9999 -9999 -9999 -9999 -9999 -9999 -9999 -9999 -9999 -9999 -9999 -9999 -9999 -9999 -9999 -9999 -9999 -9999 -9999 -9999 -9999 -9999 -9999 -9999 -9999 -9999 -9999 -9999 -9999 -9999 -9999 -9999 -9999 -9999 -9999 -9999 -9999 -9999 -9999 -9999 -9999 -9999 -9999 -9999 -9999 -9999 -9999 -9999
-9999 -9999 -9999 -9999 -9999 -9999 -9999 -9999 -9999 -9999 -9999 -9999 -9999 -9999 -9999 -9999 -9999 -9999 -9999 -9999 -9999 -9999 -9999 -9999 -9999 -9999 -9999 -9999 -9999 -9999 -9999 -9999 -9999 -9999 -9999 -9999 -9999 -9999 -9999 -9999 -9999 -9999 -9999 -9999 -9999 -9999 -9999 -9999 -9999 -9999 -9999 -9999 -9999 -9999 -9999 -9999 -9999 -9999 -9999 -9999 -9999 -9999
-9999 -9999 -9999 -9999 -9999 -9999 -9999 -9999 -9999 -9999 -9999 -9999 -9999 -9999 -9999 -9999 -9999 -9999 -9999 -9999 -9999 -9999 -9999 -9999 -9999 -9999 -9999 -9999 -9999 -9999 -9999 -9999 -9999 -9999 -9999 -9999 -9999 -9999 -9999 -9999 -9999 -9999 -9999 -9999 -9999 -9999 -9999 -9999 -9999 -9999 -9999 -9999 -9999 -9999 -9999 -9999 -9999 -9999 -9999 -9999 -9999 -9999
-9999 -9999 -9999 -9999 -9999 -9999 -9999 -9999 -9999 -9999 -9999 -9999 -9999 -9999 -9999 -9999 -9999 -9999 -9999 -9999 -9999 -9999 -9999 -9999 -9999 -9999 -9999 -9999 -9999 -9999 -9999 -9999 -9999 -9999 -9999 -9999 -9999 -9999 -9999 -9999 -9999 -9999 -9999 -9999 -9999 -9999 -9999 -9999 -9999 -9999 -9999 -9999 -9999 -9999 -9999 -9999 -9999 -9999 -9999 -9999 -9999 -9999
-9999 -9999 -9999 -9999 -9999 12.2449997263029 12.1649997280911 12.0499997306615 12.0999997295439 11.9799997322261 11.5849997410551 11.1799997501075 10.3949997676536 9.61999978497624 9.78499978128821 10.0749997748062 10.879999756813 10.4599997662008 10.4749997658655 9.88999977894127 9.73999978229403 9.58499978575855 11.2549997484311 11.7149997381493 12.0824997299351 8.69642837704825 9.47999978810549 9.53249978693202 9.55749978637323 9.63249978469685 9.84749977989122 11.3699997458607 10.9796293842158 12.3477661467966 12.3249997245148 7.05759410362281 11.2155175419796 12.2299997266382 13.0063790196296 11.0899997521192 11.31499974709 11.3599997460842 11.5899997409433 11.9999997317791 -9999 -9999 -9999 -9999 -9999 -9999 -9999 -9999 -9999 -9999 -9999 -9999 -9999 -9999 -9999 -9999 -9999 -9999
-9999 -9999 -9999 -9999 -9999 10.8899997565895 10.9549997551367 12.0699997302145 12.0699997302145 12.0749997301027 11.9299997333437 11.2849997477606 10.7799997590482 10.6149997627363 10.6549997618422 10.7799997590482 10.609999762848 10.5449997643009 10.5449997643009 9.93499977793545 9.89499977882951 10.0549997752532 10.1649997727945 10.3049997696653 12.9367644167231 7.48840122747545 10.1029997741804 9.50999978743494 9.67749978369102 9.85999977961183 11.2833330811312 11.4816664100314 11.4362497443799 9.30106894036289 9.04634910198076 12.0247990695807 12.0099997315556 -9999 8.90258407067466 11.1649997504428 11.189999749884 11.8249997356907 11.7999997362494 11.9849997321144 12.2699997257441 12.22499972675 -9999 -9999 -9999 -9999 -9999 -9999 -9999 -9999 -9999 -9999 -9999 -9999 -9999 -9999 -9999 -9999
-9999 -9999 -9999 -9999 -9999 10.7599997594953 11.499999742955 12.5549997193739 12.474999721162 12.2499997261912 11.9549997327849 11.4899997431785 11.0899997521192 10.504999765195 10.5399997644126 10.4399997666478 10.4149997672066 10.754999759607 10.6149997627363 10.6949997609481 10.1399997733533 9.32499979157001 9.82999978028238 10.6849997611716 11.8749997345731 10.0539997752756 10.2733331037064 10.2074997718446 10.4674997660331 10.7999997586012 10.7999997586012 11.4083330783372 10.8399997577071 10.6999997608364 10.6699997615069 11.5232140281504 10.3209204491999 12.3099997248501 12.0549997305498 11.8871726262896 10.8823590193201 11.4699997436255 11.9099997337908 12.3049997249618 12.5699997190386 10.8849997567013 -9999 -9999 -9999 -9999 -9999 -9999 -9999 -9999 -9999 -9999 -9999 -9999 -9999 -9999 -9999 -9999
-9999 -9999 -9999 -9999 -9999 11.2449997486547 11.1449997508898 11.894999734126 11.8549997350201 11.894999734126 12.0299997311085 11.9649997325614 11.9649997325614 10.9149997560307 10.9449997553602 11.4849997432902 10.3499997686595 10.2599997706711 10.069999774918 9.89999977871776 10.5749997636303 10.214999771677 10.2099997717887 10.3899997677654 6.85580629837369 9.84199978001416 10.2083331051593 10.5024997652508 10.7499997597188 11.4216664113725 11.6216664069022 11.5883330743139 11.4933330764373 11.2766664146135 11.2983330807959 11.1241664180222 11.9746151169619 11.9941663985762 12.4522045608715 12.2674125858342 9.95563469875347 11.814809307613 11.4776767727427 10.3329485305797 10.9316215705064 9.33499979134649 9.33499979134649 -9999 -9999 -9999 -9999 -9999 -9999 -9999 -9999 -9999 -9999 -9999 -9999 -9999 -9999 -9999
-9999 -9999 -9999 -9999 -9999 11.0849997522309 10.7049997607246 11.5699997413903 11.5599997416139 11.3949997453019 11.354999746196 11.2449997486547 11.1599997505546 11.0949997520074 10.9649997549132 10.3799997679889 10.0749997748062 10.0999997742474 9.92499977815896 9.47999978810549 9.65499978419393 10.2199997715652 10.2699997704476 10.2249997714534 11.3049997473136 10.8687497570645 10.5716664303715 4.9649998890236 4.9649998890236 11.1174997515045 11.3049997473136 11.0124997538514 11.0724997525103 11.266666414837 11.2749997479841 11.1299997512251 11.8799997344613 11.8433330686142 11.4949997430667 11.479999743402 11.4549997439608 11.8649997347966 11.1138926890857 11.4274997445755 12.6133330514034 13.6260188266253 12.0949997296557 -9999 -9999 -9999 -9999 -9999 -9999 -9999 -9999 -9999 -9999 -9999 -9999 -9999 -9999 -9999
-9999 -9999 -9999 -9999 -9999 10.9649997549132 10.4399997666478 10.4349997667596 11.6499997396022 11.5799997411668 11.4099997449666 11.2749997479841 11.2949997475371 11.5549997417256 11.8599997349083 10.9949997542426 9.86499977950007 9.95499977748841 9.9299997780472 10.7349997600541 10.6149997627363 9.90999977849424 10.2999997697771 10.4349997667596 10.393571196257 9.51249978737906 4.92499988991767 5.16499988455325 5.25999988242984 11.1099997516721 10.9674997548573 10.8224997580983 11.002499754075 9.78499978128821 9.78499978128821 10.9012497563381 12.039999730885 11.9899997320026 11.7099997382611 11.4899997431785 11.3699997458607 11.865454280241 12.1136360928755 12.4709997212514 12.526993409584 12.039999730885 -9999 -9999 -9999 -9999 -9999 -9999 -9999 -9999 -9999 -9999 -9999 -9999 -9999 -9999 -9999 -9999
-9999 -9999 -9999 -9999 -9999 11.3499997463077 11.7949997363612 11.6399997398257 11.6599997393787 11.6399997398257 11.6199997402728 11.5049997428432 11.4649997437373 12.0699997302145 12.5699997190386 11.7599997371435 11.5949997408316 11.7449997374788 10.8149997582659 10.7949997587129 10.4749997658655 9.85999977961183 9.75499978195876 10.6333330956598 9.67999978363514 9.67999978363514 10.837499757763 11.0299997534603 11.1649997504428 11.3224997469224 10.1149997739121 9.86999977938831 9.62499978486449 9.57999978587031 9.63999978452921 9.66499978397042 11.1199997514486 10.8433330909659 10.7316664267952 11.2549997484311 12.0349997309968 12.329999724403 12.4449997218326 13.0887497074436 12.4729930864061 12.6976687638403 12.2549997260794 -9999 -9999 -9999 -9999 -9999 -9999 -9999 -9999 -9999 -9999 -9999 -9999 -9999 -9999 -9999
-9999 -9999 -9999 -9999 -9999 11.6149997403845 11.6799997389317 11.7599997371435 11.7349997377023 11.7099997382611 11.7349997377023 11.6199997402728 11.5799997411668 11.4949997430667 11.4549997439608 11.7449997374788 11.6299997400492 10.5749997636303 9.72999978251755 9.61999978497624 9.43999978899956 9.46999978832901 9.97499977704138 10.1099997740239 10.2549997707829 9.8199997805059 10.8149997582659 7.77999982610345 5.35999988019466 11.1124997516163 11.1374997510575 9.74499978218228 9.79499978106469 9.67999978363514 9.75499978195876 10.0449997754768 10.1549997730181 10.81749975821 10.6049997629598 10.6324997623451 10.6949997609481 11.4399997442961 11.4399997442961 12.8717854265789 11.6485036975868 12.1299997288734 -9999 -9999 -9999 -9999 -9999 -9999 -9999 -9999 -9999 -9999 -9999 -9999 -9999 -9999 -9999 -9999
-9999 -9999 -9999 -9999 -9999 11.5799997411668 11.789999736473 11.5949997408316 11.6749997390434 11.7349997377023 11.6399997398257 11.5599997416139 11.499999742955 12.2399997264147 11.7549997372553 11.8249997356907 11.7999997362494 9.91499977838248 9.60999978519976 9.57499978598207 9.64499978441745 9.87499977927655 10.1049997741356 10.2399997711182 11.169999750331 11.1949997497723 10.6549997618422 11.1874997499399 9.47999978810549 11.4099997449666 12.6149997180328 9.92499977815896 9.88999977894127 11.334999746643 11.5049997428432 11.2333330822488 10.7474997597747 10.7674997593276 11.024999753572 11.0624997527339 11.1574997506104 11.0849997522309 11.4474997441284 13.2180229603681 11.8749997345731 -9999 -9999 -9999 -9999 -9999 -9999 -9999 -9999 -9999 -9999 -9999 -9999 -9999 -9999 -9999 -9999 -9999
-9999 -9999 -9999 -9999 -9999 11.2499997485429 11.5899997409433 11.5449997419491 11.5249997423962 11.0199997536838 11.2749997479841 11.209999749437 11.2349997488782 11.5999997407198 11.5499997418374 11.5449997419491 11.604999740608 11.4649997437373 11.31499974709 10.2999997697771 9.31999979168177 9.93999977782369 11.3899997454137 12.6899997163564 11.4549997439608 10.3449997687712 11.5399997420609 11.8699997346848 12.0999997295439 11.4549997439608 11.8149997359142 11.9849997321144 11.2849997477606 11.4449997441843 11.5249997423962 11.5499997418374 10.9649997549132 10.8774997568689 10.8749997569248 10.6524997618981 10.4749997658655 11.7035206676764 11.9696053572071 12.2806063724075 12.1298017924589 11.736524025381 -9999 -9999 -9999 -9999 -9999 -9999 -9999 -9999 -9999 -9999 -9999 -9999 -9999 -9999 -9999 -9999
-9999 -9999 -9999 -9999 -9999 11.9049997339025 11.7849997365847 11.6349997399375 11.5599997416139 11.7999997362494 11.8099997360259 11.8849997343495 12.514999720268 12.6699997168034 12.1399997286499 12.3799997232854 11.5199997425079 11.2699997480959 11.1349997511134 11.0999997518957 11.1149997515604 10.3299997691065 11.2999997474253 11.1299997512251 10.0649997750297 9.77499978151172 10.0849997745827 12.1049997294322 12.0549997305498 12.0999997295439 12.4149997225031 11.4424997442402 11.3649997459725 11.2349997488782 11.5387497420888 11.8662497347686 11.1066664184133 10.879999756813 10.9499997552484 10.8549997573718 10.6974997608922 10.6424997621216 11.6570050992658 -9999 -9999 -9999 -9999 13.2249997043982 13.2249997043982 -9999 -9999 -9999 -9999 -9999 -9999 -9999 -9999 -9999 -9999 -9999 -9999 -9999
-9999 -9999 -9999 -9999 -9999 12.4299997221678 12.4549997216091 12.4499997217208 12.4099997226149 12.5749997189268 12.4899997208267 12.349999723956 11.7449997374788 12.8499997127801 12.0749997301027 12.5249997200444 11.8049997361377 11.0399997532368 10.899999756366 11.3799997456372 11.5749997412786 11.4399997442961 11.459999743849 11.4049997450784 11.2899997476488 10.8749997569248 10.194999772124 10.3549997685477 10.359999768436 11.1249997513369 11.3674997459166 11.3524997462519 11.3799997456372 11.6433330730846 10.629999762401 10.3349997689947 10.81749975821 11.8281815538014 13.7254252251277 -9999 -9999 -9999 -9999 -9999 -9999 -9999 -9999 -9999 -9999 -9999 -9999 -9999 -9999 -9999 -9999 -9999 -9999 -9999 -9999 -9999 -9999 -9999
-9999 -9999 -9999 -9999 -9999 11.8399997353554 11.479999743402 12.0299997311085 12.7049997160211 12.6849997164682 12.6149997180328 12.6699997168034 12.0099997315556 11.9649997325614 11.9549997327849 11.7349997377023 11.4199997447431 11.2149997493252 11.459999743849 11.9499997328967 12.0649997303262 12.6049997182563 11.4149997448549 11.3049997473136 9.72999978251755 10.0099997762591 10.3049997696653 10.2649997705594 10.3899997677654 10.7599997594953 10.81749975821 12.474999721162 12.0899997297674 11.3316664133842 10.9324997556396 11.6699997391552 11.6699997391552 10.9974997541867 8.56999980844557 8.56999980844557 11.6199997402728 -9999 -9999 -9999 -9999 -9999 -9999 -9999 -9999 -9999 -9999 -9999 -9999 -9999 -9999 -9999 -9999 -9999 -9999 -9999 -9999 -9999
-9999 -9999 -9999 -9999 -9999 11.604999740608 11.6599997393787 11.6699997391552 12.0499997306615 12.7399997152388 12.7749997144565 11.9899997320026 11.7999997362494 11.7799997366965 11.6999997384846 11.5799997411668 11.7199997380376 12.0499997306615 12.3249997245148 12.4099997226149 12.1599997282028 11.9399997331202 11.6499997396022 10.8199997581542 10.4099997673184 10.5999997630715 10.2899997700006 10.3999997675419 10.3649997683242 11.31499974709 11.9249997334555 11.8899997342378 11.9199997335672 11.3449997464195 11.1949997497723 11.4349997444078 11.7449997374788 12.0899997297674 12.2099997270852 8.90570971169445 12.6067038549927 -9999 -9999 11.3182429902608 11.0028568969241 10.9746426118405 -9999 -9999 -9999 -9999 -9999 -9999 -9999 -9999 -9999 -9999 -9999 -9999 -9999 -9999 -9999 -9999
-9999 -9999 -9999 -9999 -9999 11.9899997320026 11.9999997317791 11.9049997339025 12.0449997307733 12.9599997103214 12.9399997107685 11.8549997350201 11.76999973692 11.7099997382611 11.6299997400492 11.6399997398257 11.6799997389317 11.8849997343495 12.0049997316673 11.9249997334555 11.8049997361377 11.8049997361377 11.6699997391552 10.6649997616187 10.5449997643009 10.7449997598305 10.4349997667596 10.4049997674301 11.1099997516721 10.4299997668713 10.1199997738004 11.934999733232 11.8249997356907 11.7599997371435 11.7849997365847 10.9799997545779 10.9674997548573 10.8674997570924 14.1049996847287 14.1049996847287 13.6849996941164 13.6849996941164 10.5124997650273 10.9724997547455 10.9222724831409 10.899999756366 -9999 -9999 -9999 -9999 -9999 -9999 -9999 -9999 -9999 -9999 -9999 -9999 -9999 -9999 -9999 -9999
-9999 -9999 -9999 -9999 -9999 12.1249997289851 12.2099997270852 12.6349997175857 12.059999730438 12.3899997230619 12.079999729991 13.2599997036159 11.6099997404963 11.6799997389317 11.6599997393787 11.6899997387081 11.7349997377023 11.6499997396022 11.6699997391552 13.3099997024983 13.3099997024983 11.7349997377023 11.6849997388199 11.5649997415021 11.1399997510016 10.6649997616187 10.754999759607 10.4049997674301 9.68499978352338 9.73999978229403 9.79999978095293 9.70999978296459 13.0899997074157 12.1699997279793 11.8249997356907 11.9949997318909 11.894999734126 12.5999997183681 12.76499971468 14.2499996814877 14.5349996751174 10.3899997677654 10.2599997706711 10.2649997705594 10.3749997681007 8.03178553476131 -9999 -9999 -9999 -9999 -9999 -9999 -9999 -9999 -9999 -9999 -9999 -9999 -9999 -9999 -9999 -9999
-9999 -9999 -9999 -9999 -9999 12.349999723956 12.8249997133389 12.8499997127801 12.0199997313321 12.0149997314438 13.179999705404 12.1949997274205 13.5399996973574 13.5049996981397 13.5599996969104 12.1949997274205 11.8349997354671 11.6949997385964 12.0699997302145 12.3249997245148 12.4199997223914 12.0999997295439 12.1399997286499 12.4999997206032 11.9099997337908 11.4549997439608 10.8899997565895 11.0749997524545 11.4099997449666 10.6049997629598 12.2949997251853 12.909999711439 11.0599997527897 10.9599997550249 10.6399997621775 8.63999980688095 11.7599997371435 11.459999743849 10.1849997723475 10.7524997596629 10.5599997639656 10.3549997685477 10.3474997687154 10.2749997703359 10.3774997680448 10.3799997679889 11.1434480267866 -9999 -9999 -9999 -9999 -9999 -9999 -9999 10.9150669761002 -9999 -9999 -9999 -9999 -9999 -9999 -9999
-9999 -9999 -9999 -9999 -9999 12.5349997198209 12.5299997199327 13.3849997008219 13.5999996960163 12.6049997182563 13.344999701716 12.4849997209385 13.5549996970221 13.5649996967986 13.6999996937811 12.3899997230619 12.2799997255206 12.3249997245148 12.6049997182563 12.8549997126684 12.7099997159094 12.3199997246265 12.0849997298792 12.0449997307733 12.0099997315556 11.894999734126 11.6099997404963 11.209999749437 11.334999746643 11.2699997480959 11.1999997496605 10.9499997552484 10.7049997607246 10.7249997602776 10.7949997587129 11.0999997518957 10.8649997571483 7.91999982297421 13.1099997069687 12.9199997112155 13.4499996993691 13.5499996971339 10.7399997599423 10.3124997694977 10.2624997706152 10.3724997681566 11.2048097047955 -9999 12.7199997156858 12.7199997156858 -9999 -9999 -9999 -9999 -9999 -9999 -9999 -9999 -9999 -9999 -9999 -9999
-9999 -9999 -9999 -9999 -9999 12.7449997151271 12.8249997133389 13.1449997061864 13.5699996966869 12.3999997228384 12.3799997232854 12.2649997258559 12.2749997256324 12.5199997201562 14.0099996868521 14.1349996840581 14.1899996828288 14.3499996792525 13.3499997016042 13.0699997078627 13.7749996921048 13.7749996921048 12.3649997236207 12.3549997238442 13.2649997035041 13.8699996899813 11.914999733679 12.6749997166917 12.039999730885 11.3799997456372 11.4749997435138 11.9449997330084 12.8149997135624 9.97499977704138 10.8199997581542 11.3249997468665 10.9849997544661 11.2599997483194 11.0749997524545 10.2999997697771 9.75499978195876 8.50999980978668 10.214999771677 10.2524997708388 10.2874997700565 10.2974997698329 -9999 8.10999981872737 8.10999981872737 13.5060711266872 -9999 -9999 -9999 12.1784256537169 12.2232867638253 -9999 -9999 -9999 -9999 -9999 -9999 -9999
-9999 -9999 -9999 -9999 -9999 12.4649997213855 12.3599997237325 12.2699997257441 12.3349997242913 12.3549997238442 12.4199997223914 12.7399997152388 12.7099997159094 13.1849997052923 14.359999679029 14.0849996851757 14.1799996830523 14.2449996815994 13.1149997068569 12.1349997287616 8.86499980185181 12.0899997297674 11.8599997349083 11.6299997400492 12.2549997260794 13.5249996976927 13.469999698922 13.4149997001514 13.3049997026101 10.2349997712299 9.55999978631735 10.0649997750297 9.56499978620559 8.19499981682748 8.48499981034547 8.3549998132512 7.44999983347952 10.2399997711182 10.2399997711182 -9999 -9999 10.9707140404997 7.78499982599169 8.48499981034547 9.05499979760498 12.2159612654135 -9999 8.03499982040375 7.95499982219189 7.96499982196838 -9999 -9999 10.0624997750856 10.3733331014713 11.3579997461289 -9999 -9999 -9999 -9999 -9999 -9999 -9999
-9999 -9999 -9999 -9999 -9999 12.5049997204915 12.4199997223914 12.4399997219443 12.5499997194856 12.4799997210503 13.344999701716 13.5699996966869 14.2999996803701 14.2049996824935 14.0349996862933 13.9899996872991 14.0849996851757 13.9599996879697 14.21499968227 13.8349996907637 11.8049997361377 11.5199997425079 12.6299997176975 12.2599997259676 11.9549997327849 12.0049997316673 14.0199996866286 11.1149997515604 9.19999979436398 9.09499979671091 9.02999979816377 9.01999979838729 8.73499980475754 8.15499981772155 7.76499982643872 7.59999983012676 7.86999982409179 7.85999982431531 7.8349998248741 -9999 11.8754684845626 13.1149997068569 13.0599997080863 10.3249997692183 9.3849997902289 7.56499983090907 7.91061464784963 -9999 8.61999980732799 8.80999980308115 9.3849997902289 12.8739997122437 12.2490906353024 12.3081815430725 7.49508960579988 -9999 -9999 -9999 -9999 -9999 -9999 -9999
-9999 -9999 -9999 -9999 -9999 13.9499996881932 13.944999688305 13.904999689199 13.8299996908754 13.7399996928871 12.6749997166917 12.7199997156858 14.8499996680766 14.359999679029 13.9349996885285 13.8349996907637 13.8999996893108 12.514999720268 12.8699997123331 14.2849996807054 13.3399997018278 13.3749997010455 12.3249997245148 11.8549997350201 11.334999746643 8.65999980643392 9.49499978777021 9.94499977771193 9.02499979827553 8.77999980375171 8.8399998024106 8.53499980922788 8.12999981828034 8.03499982040375 7.93999982252717 7.68499982822686 7.54999983124435 7.84999982453883 -9999 11.4714280204294 11.1305553067683 13.3599997013807 13.3099997024983 13.3049997026101 12.0149997314438 12.0149997314438 -9999 11.6574997394346 8.08499981928617 8.24999981559813 8.38999981246889 12.8487497128081 14.157999683544 14.4191663443732 14.8262496686075 -9999 -9999 -9999 -9999 -9999 -9999 -9999
