EcologicalScience/Bass/data/rs_data_bass/sst_424.asc
NCOLS 226 
NROWS 124 
XLLCORNER -9.41648524995501 
YLLCORNER 47.587301625531 
CELLSIZE 0.0833 
NODATA_value -9999 
[rows 0 to 26 of 124, columns 0 to 61 of 226]
-9999.000000000000000 -9999 -9999 -9999 -9999 -9999 -9999 -9999 -9999 -9999 -9999 -9999 -9999 -9999 -9999 -9999 -9999 -9999 -9999 -9999 -9999 -9999 -9999 -9999 -9999 -9999 -9999 -9999 -9999 -9999 -9999 -9999 -9999 -9999 -9999 -9999 -9999 -9999 -9999 -9999 -9999 -9999 -9999 -9999 -9999 -9999 -9999 -9999 -9999 -9999 -9999 -9999 -9999 -9999 -9999 -9999 -9999 -9999 -9999 -9999 -9999 -9999
-9999 -9999 -9999 -9999 -9999 -9999 -9999 -9999 -9999 -9999 -9999 -9999 -9999 -9999 -9999 -9999 -9999 -9999 -9999 -9999 -9999 -9999 -9999 -9999 -9999 -9999 -9999 -9999 -9999 -9999 -9999 -9999 -9999 -9999 -9999 -9999 -9999 -9999 -9999 -9999 -9999 -9999 -9999 -9999 -9999 -9999 -9999 -9999 -9999 -9999 -9999 -9999 -9999 -9999 -9999 -9999 -9999 -9999 -9999 -9999 -9999 -9999
-9999 -9999 -9999 -9999 -9999 -9999 -9999 -9999 -9999 -9999 -9999 -9999 -9999 -9999 -9999 -9999 -9999 -9999 -9999 -9999 -9999 -9999 -9999 -9999 -9999 -9999 -9999 -9999 -9999 -9999 -9999 -9999 -9999 -9999 -9999 -9999 -9999 -9999 -9999 -9999 -9999 -9999 -9999 -9999 -9999 -9999 -9999 -9999 -9999 -9999 -9999 -9999 -9999 -9999 -9999 -9999 -9999 -9999 -9999 -9999 -9999 -9999
-9999 -9999 -9999 -9999 -9999 -9999 -9999 -9999 -9999 -9999 -9999 -9999 -9999 -9999 -9999 -9999 -9999 -9999 -9999 -9999 -9999 -9999 -9999 -9999 -9999 -9999 -9999 -9999 -9999 -9999 -9999 -9999 -9999 -9999 -9999 -9999 -9999 -9999 -9999 -9999 -9999 -9999 -9999 -9999 -9999 -9999 -9999 -9999 -9999 -9999 -9999 -9999 -9999 -9999 -9999 -9999 -9999 -9999 -9999 -9999 -9999 -9999
-9999 -9999 -9999 -9999 -9999 -9999 -9999 -9999 -9999 -9999 -9999 -9999 -9999 -9999 -9999 -9999 -9999 -9999 -9999 -9999 -9999 -9999 -9999 -9999 -9999 -9999 -9999 -9999 -9999 -9999 -9999 -9999 -9999 -9999 -9999 -9999 -9999 -9999 -9999 -9999 -9999 -9999 -9999 -9999 -9999 -9999 -9999 -9999 -9999 -9999 -9999 -9999 -9999 -9999 -9999 -9999 -9999 -9999 -9999 -9999 -9999 -9999
-9999 -9999 -9999 -9999 -9999 9.1500747599639 9.04823449393734 9.09305855468847 9.06437115580775 9.40467542503029 9.36092714173719 9.37025054637343 8.69251074781641 7.94233526708558 8.14529861416668 8.28801842359826 8.02194279897958 7.88639483926818 7.79316079290584 7.60382396029308 7.45536667108536 7.28252509282902 7.43528549186885 6.91258804453537 10.1615446321666 8.98727377131581 8.89743323433327 7.56796471169218 7.58661152096465 7.50413524918258 7.17960904934444 7.13655907773462 8.65153228234628 10.4571935900432 12.3249997245148 8.1733941813512 10.7107004410304 12.2299997266382 11.0099997539073 11.145641944604 7.25598924886435 5.94174778764136 9.40209743580655 11.1649997504428 -9999 -9999 -9999 -9999 -9999 -9999 -9999 -9999 -9999 -9999 -9999 -9999 -9999 -9999 -9999 -9999 -9999 -9999
-9999 -9999 -9999 -9999 -9999 9.04569174721837 9.18234808370471 9.18378245364875 9.17625201144256 9.37455365620553 9.35447247698903 9.35088655212894 8.40491957403719 8.24642169522122 8.2098452616483 8.317423007451 8.158207943663 8.02050842903554 7.89786979882047 7.82543411664665 7.63179417420179 7.53999449778348 6.95564812002704 7.37070766243193 8.79590168405274 6.91478849842679 7.1939527487848 7.50843835901469 7.47042755549774 7.34707174031064 7.24307991936803 7.27182708366308 11.913247832645 11.9358026477205 12.0946547986311 12.7522839376539 12.0099997315556 -9999 8.48499981034547 9.13268302439246 11.0675779194976 7.17279579211026 7.46260371943936 8.70265025948977 8.42824242932722 10.7599413925782 10.6499997619539 -9999 -9999 -9999 -9999 -9999 -9999 -9999 -9999 -9999 -9999 -9999 -9999 -9999 -9999 -9999
-9999 -9999 -9999 -9999 -9999 9.4448377834633 9.52413795036929 9.28024383238517 9.23998367600143 9.17230749409646 9.03532516444102 8.82518996763974 8.67888423334807 8.44723348738626 8.37408062024042 7.80678730737418 7.89571824390441 8.12378306500614 8.00114443479106 7.879222989548 7.73865473503247 7.55505538219586 7.05557589279488 9.0150461410943 8.59159257675388 7.76997700913647 6.923215421848 7.47401348035783 7.40803246293217 7.41520431265235 7.32197026629001 7.2459486592561 6.97772147972137 6.80990019626915 6.82012008212041 12.2887835625027 11.5987329873207 12.3099997248501 12.0549997305498 7.62906537284484 7.63684945363869 8.26355617966138 7.14984587300569 7.17960904934444 8.23706777207553 10.3249997692183 -9999 -9999 -9999 -9999 -9999 -9999 -9999 -9999 -9999 -9999 -9999 -9999 -9999 -9999 -9999 -9999
-9999 -9999 -9999 -9999 -9999 9.3506474904716 9.39867715071887 9.14720602007583 9.18220464671031 8.30816480144858 8.36475721560419 8.41854608850554 8.13740957947448 8.23351236572489 8.27439190912992 8.03270057355985 7.94233526708558 8.05278175277635 7.81252478715032 7.79029205301777 7.71140170609578 7.50987272895873 7.53497420297936 8.44098150534758 8.62955590112634 7.23507135384716 7.48763999482617 7.45895259594545 7.37934506405145 7.33487959578633 7.09103670530021 7.11255225446075 7.1663411273621 7.29256568243727 7.40659809298813 6.88819288904779 12.2922168093295 12.1949997274205 11.2640969958156 12.3216345580295 8.02077833735835 8.00995886944715 11.5525248853955 -9999 11.018623123929 10.944939925649 9.33499979134649 -9999 -9999 -9999 -9999 -9999 -9999 -9999 -9999 -9999 -9999 -9999 -9999 -9999 -9999 -9999
-9999 -9999 -9999 -9999 -9999 9.20902736466378 9.81992552382872 9.54022338474169 9.01370716028448 7.39512313343585 7.26029235869646 7.6321527666878 8.33463544677943 8.20554215181619 8.30236212303862 8.15964231360704 7.53497420297936 7.77307961368933 7.73722036508843 7.75801872927696 7.68486586213112 7.44676045142114 7.12187565909699 7.09103670530021 9.04333892695444 7.23483229218982 7.6124301799573 7.43743704678491 6.94222082360648 6.83500167028978 6.93253882648423 7.00569169363007 7.00784324854612 7.03581346245483 7.29902034718543 7.26244391361251 7.17064423719421 7.07741019083187 7.12976469378918 6.68582719611004 10.5235039031832 8.41717341189243 8.13183147413656 7.26812162797432 8.76666143753201 12.9746129304416 12.0949997296557 -9999 -9999 -9999 -9999 -9999 -9999 -9999 -9999 -9999 -9999 -9999 -9999 -9999 -9999 -9999
-9999 -9999 -9999 -9999 -9999 9.90383616555482 8.82271241955459 9.88016906147823 8.44866785733029 8.42284919833764 7.2100894106552 8.05995360249653 7.98966947523877 8.18832971248776 8.08720663143322 8.14888453902677 7.99182103015482 7.87061676988378 7.73363444022834 7.58230841113254 7.41233557276428 7.30619219690561 7.15988646261394 7.00497450865805 6.87265388132073 6.9748527398333 7.24738302920014 7.2380596245639 7.04155094223097 6.87516402872279 6.69730215566233 6.89237646805122 6.9748527398333 6.89237646805122 6.94903408084065 7.42954801209271 7.44374827453867 7.13980528339744 7.09964292496443 7.14697713311762 6.81571736326441 6.77260657772422 6.93755912128836 8.71140701273132 8.6095023710551 12.039999730885 -9999 -9999 -9999 -9999 -9999 -9999 -9999 -9999 -9999 -9999 -9999 -9999 -9999 -9999 -9999 -9999
-9999 -9999 -9999 -9999 -9999 9.99635302694514 7.7267016521655 9.9346751193516 8.92866951360234 8.59569077659398 8.0983229984995 8.31240271264687 8.23422955069691 8.2098452616483 8.27008879929781 7.91221349826083 7.9509414867498 7.82543411664665 7.68271430721506 7.560792861972 7.48405406996608 7.44030578667298 8.5687397202771 10.645803862717 7.52421642839909 7.5407116827555 7.49050873471424 7.27176731824875 7.18427075166255 7.2179784453474 7.00192647252697 7.03168964886572 7.03939938731492 6.75467695342377 7.05804619658738 6.93038727156818 7.38346887764055 7.64716242360217 6.92698064295109 7.0904988165712 6.82137515582144 6.99708547396585 10.231179877783 8.56221694757393 8.98062073625624 12.3600044211525 12.2549997260794 -9999 -9999 -9999 -9999 -9999 -9999 -9999 -9999 -9999 -9999 -9999 -9999 -9999 -9999 -9999
-9999 -9999 -9999 -9999 -9999 10.1218603970483 9.85219884756953 9.05182041879743 8.5526596782729 8.15247046388686 8.34180729649961 8.24498732527718 8.29088716348633 8.15533920377493 7.98464918043464 7.93086030753329 7.80535293743014 7.69849237659946 7.60382396029308 7.49481184454635 7.59378337068483 7.65976438811049 6.62988676829264 7.54644916253164 7.83117159642279 7.73291725525633 7.72502822056413 7.22515029506758 7.14984587300569 7.03007598267868 7.05565558001399 7.03222753759474 7.19502852624282 7.00049210258294 7.06880397116765 7.18929104646668 7.16490675741807 7.04872279195115 7.33595537324436 6.85866877436638 6.97772147972137 6.84002196509391 6.18092897580937 10.1598712005652 -9999 12.1299997288734 -9999 -9999 -9999 -9999 -9999 -9999 -9999 -9999 -9999 -9999 -9999 -9999 -9999 -9999 -9999 -9999
-9999 -9999 -9999 -9999 -9999 9.98416088242084 9.25099293102643 9.19740896811709 8.78646197915077 8.5307027845142 8.20625933678821 8.08505507651716 8.1660969783552 8.15533920377493 8.01763968914747 7.93229467747733 7.78240301832557 7.65187535341829 7.61960202967748 7.69132052687928 7.79531234782189 6.87050232640468 7.59952085046098 7.75299843447283 7.78096864838153 7.68701741704717 7.58804589090869 7.49552902951837 7.4051637230441 6.95208211697172 7.02720724279061 7.16777549730614 7.07167271105573 6.95620593056083 7.01286354335025 7.2301705898717 6.84791099978611 6.7837229447905 6.62988676829264 6.70662556029856 7.00784324854612 6.87889339057729 11.2978046895005 8.58275601500645 11.8749997345731 -9999 -9999 -9999 -9999 -9999 -9999 -9999 -9999 -9999 -9999 -9999 -9999 -9999 -9999 -9999 -9999 -9999
-9999 -9999 -9999 -9999 -9999 9.99420147202909 8.37587358267047 8.65736868418753 8.5763267823495 8.49528488051146 8.21414837148041 8.14171268930659 8.10370188578963 8.20267341192812 8.15677357371897 7.92225408786908 7.90217290865257 7.76877650385723 7.80822167731822 7.77523116860539 7.67410808755085 7.68056275229901 7.62533950945362 7.63753165397793 7.59521774062887 7.62677387939766 7.66478468291461 7.59019744582474 7.45966978091747 7.41161838779226 7.39297157851979 7.35998106980696 7.06736960122362 7.04943997692317 6.95548874558881 7.11972410418093 6.80810723383911 6.61446729139425 7.42734522967865 10.9192983674351 9.1619800304994 7.70392138972097 7.60448716360054 10.8500870293647 10.932518477086 12.0821330120938 12.0999997295439 -9999 -9999 -9999 -9999 -9999 -9999 -9999 -9999 -9999 -9999 -9999 -9999 -9999 -9999 -9999
-9999 -9999 -9999 -9999 -9999 9.38810048345476 9.85650195740163 8.16083762189373 8.66238897899166 8.75992613518611 7.93792970225747 8.15462201880291 7.98966947523877 7.96026489138603 7.96169926133007 7.90862757340074 7.88639483926818 7.82399974670261 7.8354747062549 7.89715261384845 7.79531234782189 7.92584001272917 7.98608355037868 7.98034607060254 8.16466260841116 6.89094209810719 7.5407116827555 7.52278205845505 7.40372935310006 7.32197026629001 7.22801903495565 7.20506911585107 7.32053589634597 7.21367533551529 9.34553327858781 7.33989989059046 6.8395916541107 6.97442242885008 6.04036072129384 9.20110522912672 11.088741414324 7.83729465951722 11.863918034935 -9999 -9999 -9999 -9999 13.2249997043982 13.2249997043982 -9999 -9999 -9999 -9999 -9999 -9999 -9999 -9999 -9999 -9999 -9999 -9999 -9999
-9999 -9999 -9999 -9999 -9999 9.94184696907178 9.89738150080666 8.86033203126863 8.96575822215527 8.955000447575 5.02482680091634 7.77666553854942 7.4768822202459 8.11804558522999 7.99755850993097 7.84623248083517 7.73076570034027 7.77594835357741 7.81324197212234 7.94520400697365 8.15247046388686 8.16968290321529 8.09294411120936 8.1861781575717 7.69831308035646 7.58015685621649 7.44819482136518 7.29471723735332 7.28539383271709 7.26889857836068 4.66982023976743 7.48073708947049 6.97743460573256 7.1383709134534 7.30690938187763 7.29113131249323 7.19840954111091 11.365148358373 8.56223756789921 -9999 -9999 -9999 -9999 -9999 -9999 -9999 -9999 -9999 -9999 -9999 -9999 -9999 -9999 -9999 -9999 -9999 -9999 -9999 -9999 -9999 -9999 -9999
-9999 -9999 -9999 -9999 -9999 9.98129214253277 9.83211766835302 9.75107576651499 9.35160373710096 9.43981748865917 8.88246231040518 8.29016997851431 8.317423007451 8.35041351616383 8.29662464326248 8.59497359162197 7.77236242871732 7.88424328435212 7.83834344614297 7.90647601848468 7.94735556188971 8.16824853327125 8.38412120984867 8.46659748163074 6.81115526997019 7.62605669442564 7.52134768851101 7.42452771728858 7.31479841656983 7.2100894106552 6.76854252954945 7.37575913919136 7.29471723735332 7.06091493647546 7.24307991936803 7.2896969425492 7.07669300585985 7.06306649139151 8.96115628525149 11.9807616571677 11.6199997402728 -9999 -9999 -9999 -9999 -9999 -9999 -9999 -9999 -9999 -9999 -9999 -9999 -9999 -9999 -9999 -9999 -9999 -9999 -9999 -9999 -9999
-9999 -9999 -9999 -9999 -9999 9.90598772047088 9.91817986499518 9.81777396891266 9.70015563350171 9.14075135532767 8.60788292111829 8.7398449559696 8.70613726228476 8.56987211760134 8.4967192504555 8.43432415788993 8.55911434302106 8.49385051056743 8.3611712907441 8.39846490928903 8.44938504230231 8.38842431968078 8.6559343142435 8.61433758586645 6.49003569874913 7.66765342280269 7.51202428387478 7.48620562488213 7.45751822600141 7.33918270561844 7.17996764183044 7.15558335278183 7.15916927764192 6.93540756637231 6.55099642137066 6.49075288372114 6.87588121369481 7.06521804630756 8.67667291301768 11.2590767010115 11.3749997457489 -9999 11.172156694893 7.99700917676091 7.96619796706364 12.3049997249618 -9999 -9999 -9999 -9999 -9999 -9999 -9999 -9999 -9999 -9999 -9999 -9999 -9999 -9999 -9999 -9999
-9999 -9999 -9999 -9999 -9999 9.92248297482729 9.87228002678603 9.84861292270944 9.71808525780216 9.70589311327785 9.18449963862076 9.09126559225842 7.96026489138603 8.20697652176023 8.53329568402842 8.34754477627575 8.48022399609908 8.54620501352474 8.73052155133337 8.53975034877658 8.60716573614627 8.67529830848798 8.47161777643487 8.59927670145407 8.08720663143322 7.61888484470546 7.15916927764192 7.06593523127958 7.13478498859331 6.83500167028978 6.91460920218378 7.01716665318236 7.19861445110291 7.15486616780981 7.16418957244605 7.25742361880839 9.50341745197773 8.32229986526072 6.95581975403743 6.94358347505331 7.04513686709106 5.78504287125543 7.08745078044012 7.22515029506758 6.97772147972137 12.9385264197607 13.2699997033924 -9999 -9999 -9999 -9999 -9999 -9999 -9999 -9999 -9999 -9999 -9999 -9999 -9999 -9999 -9999
-9999 -9999 -9999 -9999 -9999 10.0508590848185 9.97770621767268 10.03006072063 9.73314614221454 9.6521042403765 9.58110292814672 9.38387706084177 9.03389079449698 9.23326821671799 9.10991240153089 9.06759848818183 8.81514937803149 8.63800468994305 8.60357981128618 8.6200750656426 8.54620501352474 8.55122530832887 8.70255133742467 8.49169895565137 8.23279518075287 8.06497389730066 7.52565079834312 7.0386822023429 7.09533981513232 7.22515029506758 7.16060364758596 7.22443311009556 7.3097781217657 7.2975859772414 7.2896969425492 7.16418957244605 6.95190282072872 7.14123965334147 6.42477186629549 6.33584092976525 7.0307931676507 6.96337778028101 7.05159153183922 6.96050904039294 9.08412132657563 8.57161167263985 -9999 -9999 -9999 -9999 -9999 -9999 -9999 -9999 -9999 -9999 -9999 -9999 -9999 -9999 -9999 -9999
-9999 -9999 -9999 -9999 -9999 9.99491865700111 9.83857233310118 9.73242895724252 9.73242895724252 9.68366037914529 9.62628558138385 9.54022338474169 9.14792320504785 8.99157688114792 8.76279487507418 8.80941189825535 8.71330911200494 8.71330911200494 8.61935788067058 8.64517653966323 8.76566361496225 8.9865565863438 8.75705739529803 8.67027801368386 8.27008879929781 7.81897945189849 7.55075227236375 7.48118533007801 7.41807305254042 7.31981871137396 7.29902034718543 7.29400005238131 7.32053589634597 7.4252449022606 7.3413342605345 7.2258674800396 6.94257941609249 5.88473158236593 5.81516464008018 6.95979185542092 7.02003539307043 7.08214361164719 6.93469038140029 9.2783856713213 10.2737601741217 8.21956311801914 9.04410265215826 -9999 -9999 9.08883228610336 9.10999979637563 -9999 -9999 10.9149997560307 10.9150669761002 -9999 -9999 -9999 -9999 -9999 -9999 -9999
-9999 -9999 -9999 -9999 -9999 9.8988158707507 9.85291603254154 9.84287544293329 9.74318673182279 9.66357919992879 9.66286201495677 9.43766593374312 9.16657001432031 9.20386363286525 9.13214513566345 9.18951993342489 8.98440503142774 9.19884333806112 9.03102205460891 9.02385020488873 9.00448621064425 9.07333596795797 8.99659717595205 8.41209142375737 8.15390483383089 7.87061676988378 7.78240301832557 7.71140170609578 7.6762596424669 7.43169956700876 7.33846552064642 7.27105013327673 7.40731527796015 7.40946683287621 7.40444653807208 6.73961606901139 6.75001525110565 7.35496077500284 6.7281411094591 6.92651447271928 6.67722097644582 7.50915554398671 9.92841605050489 8.78723653892055 7.53663269322715 7.61141768352622 11.2048097047955 11.5150273613193 9.81165996702621 9.0743041676702 9.07499979715794 -9999 -9999 10.828609595902 8.57621587745692 8.55499980878085 -9999 -9999 -9999 -9999 -9999 -9999
-9999 -9999 -9999 -9999 -9999 9.88375498633832 9.89953305572271 9.89020965108648 9.77904598042369 9.70087281847373 9.63847772590816 9.36451306659728 9.14864039001986 9.1500747599639 9.05540634365752 9.10704366164282 9.25048065604642 9.16513564437628 9.03675953438506 8.94998015277088 9.09054840728641 9.15294349985197 9.08839685237035 8.97723318170756 8.69896541256458 8.33104952191934 7.98393199546263 7.8196966368705 7.67339090257883 7.75084687955678 7.57370219146833 7.32483900617808 7.40803246293217 7.38364817388356 7.4051637230441 7.2896969425492 6.65678120474331 5.74272895790637 5.90911587141454 6.81434674309567 7.4329904999584 11.2698127427138 9.10596788418479 7.49367630167399 8.730494988927 7.9324943998746 -9999 11.7870514024706 8.05926901684143 9.18406555297981 8.61595125205349 8.61999980732799 -9999 11.2595266994253 9.04856684794877 -9999 -9999 -9999 -9999 -9999 -9999 -9999
-9999 -9999 -9999 -9999 -9999 9.81633959896863 9.82566300360486 9.88160343142226 9.71951962774619 9.72167118266225 9.59329507267103 9.51583909569308 9.38674580072984 9.1579637946561 9.12927639577538 9.27916805492714 9.35662403190508 9.39606920536608 9.15939816460013 9.07620470784605 9.16513564437628 9.01811272511259 9.11134677147493 9.00592058058828 8.81012908322737 8.74271369585767 8.61290321592242 7.75801872927696 7.66693623783067 7.60812707012519 7.58589433599263 7.55720693711191 7.48835717979819 7.37360758427531 7.2739188731648 6.54131442424841 6.45561082009226 8.09647486799468 12.5845877144404 7.90611742599867 -9999 10.7334213340494 7.45334167822319 6.92221136288717 9.03197830123827 9.33252661684528 8.99499979894608 8.56499980855733 7.33649326197337 11.0270217683301 11.1966279415433 11.5612787607893 12.0621002313471 6.1701712012291 12.3621957912468 -9999 -9999 -9999 -9999 -9999 -9999 -9999
-9999 -9999 -9999 -9999 -9999 9.6678823097609 9.68509474908933 9.57177952351049 9.45989866787568 9.53520308993757 9.55528426915407 9.33654285268858 9.39176609553397 9.39822076028213 9.33510848274454 9.26410717051476 9.15868097962812 9.23398540169001 8.81658374797553 9.10058899689466 9.02169864997268 8.71761222183704 8.77498701959848 8.56628619274125 8.60071107139811 8.56556900776923 7.67984556732699 7.79029205301777 7.57872248627245 7.48620562488213 7.46038696588948 7.44245734158903 7.48763999482617 7.46038696588948 7.4847712549381 7.65924801493064 9.5056108555366 10.7039590792889 7.8349998248741 9.89679878801689 9.95478286097447 6.97800835371017 6.77511672512628 6.96266059530899 6.67779472442344 11.7912420126993 10.3969320157725 10.9049997562543 12.4039148531087 6.62206293223426 6.16269198652091 11.894586960922 9.63640585821122 9.9948162020051 14.2199996821582 -9999 -9999 -9999 -9999 -9999 -9999 -9999
-9999 -9999 -9999 -9999 -9999 9.35447247698903 9.37670521112159 9.31717885844409 9.30211797403172 9.37527084117755 9.22537918202579 9.17302467906848 9.12353891599923 9.19095430336893 9.24617754621431 9.18306526867673 9.26841028034687 9.31933041336015 8.51608324469998 9.2497634710744 8.27195348022506 8.06497389730066 8.43002104805782 7.97783592320047 7.34420300042257 7.18498793663457 7.14123965334147 7.50772117404267 7.52636798331514 7.48046814510599 7.47114474046975 7.49768058443442 7.49050873471424 7.54429760761559 7.13370921113528 10.892561028645 7.91586462175474 7.53432221664116 -9999 8.95552943507209 7.29428692637011 7.07884456077591 7.05159153183922 6.91346170622855 8.94636434520362 10.5314754710666 -9999 9.33564637147356 6.33598436675966 6.55960264103487 6.53019805718213 6.43186822286072 6.73029266437516 6.17490462204441 12.5749997189268 -9999 -9999 -9999 -9999 -9999 -9999 -9999
