EcologicalScience/Bass/data/rs_data_bass/sst_32.asc
NCOLS 226 
NROWS 124 
XLLCORNER -9.41648524995501 
YLLCORNER 47.587301625531 
CELLSIZE 0.0833 
NODATA_value -9999 
[rows 0 to 26 of 124, columns 62 to 123 of 226]
-9999 -9999 -9999 -9999 -9999 -9999 -9999 -9999 -9999 -9999 -9999 -9999 -9999 -9999 -9999 -9999 -9999 -9999 -9999 -9999 -9999 -9999 -9999 -9999 -9999 -9999 -9999 -9999 -9999 -9999 -9999 -9999 -9999 -9999 -9999 -9999 -9999 -9999 -9999 -9999 -9999 -9999 -9999 -9999 -9999 -9999 -9999 -9999 -9999 -9999 -9999 -9999 -9999 -9999 -9999 -9999 -9999 -9999 -9999 -9999 -9999 -9999
-9999 -9999 -9999 -9999 -9999 -9999 -9999 -9999 -9999 -9999 -9999 -9999 -9999 -9999 -9999 -9999 -9999 -9999 -9999 -9999 -9999 -9999 -9999 -9999 -9999 -9999 -9999 -9999 -9999 -9999 -9999 -9999 -9999 -9999 -9999 -9999 -9999 -9999 -9999 -9999 -9999 -9999 -9999 -9999 -9999 -9999 -9999 -9999 -9999 -9999 -9999 -9999 -9999 -9999 -9999 -9999 -9999 -9999 -9999 -9999 -9999 -9999
-9999 -9999 -9999 -9999 -9999 -9999 -9999 -9999 -9999 -9999 -9999 -9999 -9999 -9999 -9999 -9999 -9999 -9999 -9999 -9999 -9999 -9999 -9999 -9999 -9999 -9999 -9999 -9999 -9999 -9999 -9999 -9999 -9999 -9999 -9999 -9999 -9999 -9999 -9999 -9999 -9999 -9999 -9999 -9999 -9999 -9999 -9999 -9999 -9999 -9999 -9999 -9999 -9999 -9999 -9999 -9999 -9999 -9999 -9999 -9999 -9999 -9999
-9999 -9999 -9999 -9999 -9999 -9999 -9999 -9999 -9999 -9999 -9999 -9999 -9999 -9999 -9999 -9999 -9999 -9999 -9999 -9999 -9999 -9999 -9999 -9999 -9999 -9999 -9999 -9999 -9999 -9999 -9999 -9999 -9999 -9999 -9999 -9999 -9999 -9999 -9999 -9999 -9999 -9999 -9999 -9999 -9999 -9999 -9999 -9999 -9999 -9999 -9999 -9999 -9999 -9999 -9999 -9999 -9999 -9999 -9999 -9999 -9999 -9999
-9999 -9999 -9999 -9999 -9999 -9999 -9999 -9999 -9999 -9999 -9999 -9999 -9999 -9999 -9999 -9999 -9999 -9999 -9999 -9999 -9999 -9999 -9999 -9999 -9999 -9999 -9999 -9999 -9999 -9999 -9999 -9999 -9999 -9999 -9999 -9999 -9999 -9999 -9999 -9999 -9999 -9999 -9999 -9999 -9999 -9999 -9999 -9999 -9999 -9999 -9999 -9999 -9999 -9999 -9999 -9999 -9999 -9999 -9999 -9999 -9999 -9999
-9999 -9999 -9999 -9999 -9999 -9999 -9999 -9999 -9999 -9999 -9999 -9999 -9999 -9999 -9999 -9999 -9999 -9999 -9999 -9999 -9999 -9999 -9999 -9999 -9999 -9999 -9999 -9999 11.7199997380376 13.2916663695748 14.1899996828288 13.5399996973574 13.3549997014925 13.2599997036159 12.9949997095391 13.1049997070804 13.5499996971339 14.2449996815994 14.5399996750057 14.6199996732175 14.1999996826053 14.0049996869639 13.9399996884167 14.7649996699765 14.9999996647239 14.5949996737763 14.2299996819347 14.4249996775761 14.5849996739998 14.6049996735528 14.5199996754527 13.3499997016042 14.6199996732175 13.9399996884167 13.4099997002631 13.5049996981397 13.5749996965751 13.6399996951222 13.6449996950105 13.5949996961281 13.4799996986985 13.5699996966869
-9999 -9999 -9999 -9999 -9999 -9999 -9999 -9999 -9999 -9999 -9999 -9999 -9999 -9999 -9999 -9999 -9999 -9999 -9999 -9999 -9999 -9999 -9999 -9999 -9999 -9999 -9999 11.6899997387081 13.3374997018836 14.7149996710941 14.3649996789172 14.524999675341 13.2649997035041 13.3899997007102 13.6499996948987 13.509999698028 14.1349996840581 14.1199996843934 14.0999996848404 13.9299996886402 14.4399996772408 14.1149996845052 13.3149997023866 13.4099997002631 13.2449997039512 14.2199996821582 14.4349996773526 14.5149996755645 14.5999996736646 14.5849996739998 14.0599996857345 13.6099996957928 13.5599996969104 13.8999996893108 13.7449996927753 13.7399996928871 13.8349996907637 13.8799996897578 13.8549996903166 13.7549996925518 13.5549996970221 13.7899996917695
-9999 -9999 -9999 -9999 -9999 -9999 -9999 -9999 -9999 -9999 -9999 -9999 -9999 -9999 -9999 -9999 -9999 -9999 -9999 -9999 -9999 -9999 -9999 -9999 -9999 -9999 13.566666363428 13.1399997062981 13.4749996988103 14.5449996748939 14.7249996708706 14.7499996703118 14.6399996727705 14.4299996774644 14.4599996767938 13.6649996945634 14.1199996843934 14.1499996837229 14.0549996858463 14.3999996781349 14.3749996786937 13.3849997008219 14.1199996843934 13.344999701716 13.5799996964633 13.5899996962398 14.4599996767938 14.5449996748939 14.3349996795878 13.9599996879697 13.8049996914342 13.6649996945634 14.2549996813759 13.9799996875226 13.9349996885285 13.9399996884167 14.0599996857345 14.0549996858463 14.0199996866286 14.049999685958 14.1849996829405 14.2299996819347
-9999 -9999 -9999 -9999 -9999 -9999 -9999 -9999 -9999 -9999 -9999 -9999 -9999 -9999 -9999 -9999 -9999 -9999 -9999 -9999 -9999 -9999 -9999 -9999 -9999 -9999 12.9374997108243 14.7349996706471 14.6799996718764 14.4899996761233 14.524999675341 14.2099996823817 13.8549996903166 13.7949996916577 13.924999688752 13.4449996994808 13.3299997020513 13.9999996870756 13.8349996907637 14.2199996821582 13.9999996870756 14.3549996791407 14.4499996770173 14.1399996839464 13.6799996942282 13.5249996976927 13.4299996998161 13.5349996974692 13.8349996907637 13.8599996902049 13.8449996905401 13.8949996894225 13.8949996894225 14.0399996861815 14.1299996841699 14.1249996842816 14.1149996845052 14.0399996861815 14.1299996841699 14.2949996804819 14.3649996789172 14.4699996765703
-9999 -9999 -9999 -9999 -9999 -9999 -9999 -9999 -9999 -9999 -9999 -9999 -9999 -9999 -9999 -9999 -9999 -9999 -9999 -9999 -9999 -9999 -9999 -9999 -9999 11.0959571987945 14.6099996734411 14.6999996714294 14.4749996764585 14.3299996796995 14.5849996739998 14.5849996739998 13.8849996896461 13.8049996914342 13.7899996917695 13.8899996895343 13.8349996907637 13.7699996922165 13.2349997041747 13.2249997043982 13.8549996903166 13.5449996972457 13.6699996944517 14.1299996841699 14.2699996810406 13.9649996878579 14.2849996807054 14.1349996840581 14.1199996843934 13.9649996878579 14.0299996864051 14.1999996826053 14.1299996841699 14.1999996826053 14.3649996789172 14.524999675341 14.3449996793643 14.359999679029 14.21499968227 14.2899996805936 14.3549996791407 14.3899996783584
-9999 -9999 -9999 -9999 -9999 -9999 -9999 -9999 -9999 -9999 -9999 -9999 -9999 -9999 -9999 -9999 -9999 -9999 -9999 -9999 -9999 -9999 -9999 -9999 11.1992854639622 12.9349997108802 14.3849996784702 14.4049996780232 14.4549996769056 14.1299996841699 13.8499996904284 13.9549996880814 14.2549996813759 14.2449996815994 14.194999682717 14.3549996791407 14.2749996809289 14.1749996831641 13.2549997037277 13.1099997069687 14.0449996860698 15.1149996621534 15.1299996618181 14.2599996812642 14.0949996849522 14.0299996864051 13.8699996899813 14.0349996862933 14.0799996852875 14.0999996848404 14.1749996831641 14.379999678582 14.3449996793643 14.6049996735528 14.6999996714294 14.7349996706471 14.7299996707588 14.6199996732175 14.5449996748939 14.524999675341 14.5199996754527 14.4899996761233
-9999 -9999 -9999 -9999 -9999 -9999 -9999 -9999 -9999 -9999 -9999 -9999 -9999 -9999 -9999 -9999 -9999 -9999 -9999 -9999 -9999 -9999 -9999 -9999 13.2049997048452 14.2099996823817 14.2399996817112 14.4099996779114 14.4099996779114 14.1599996834993 13.5049996981397 13.0299997087568 13.6849996941164 14.0449996860698 14.2049996824935 14.2049996824935 14.4349996773526 14.5149996755645 14.5999996736646 14.7899996694177 14.2199996821582 13.2299997042865 13.5049996981397 14.0749996853992 13.9549996880814 13.9949996871874 13.8149996912107 13.9599996879697 14.069999685511 13.9999996870756 14.0599996857345 13.9799996875226 14.0549996858463 14.3649996789172 14.6199996732175 14.7399996705353 14.6649996722117 14.6799996718764 14.6599996723235 14.7599996700883 14.7899996694177 14.7099996712059
-9999 -9999 -9999 -9999 -9999 -9999 -9999 -9999 -9999 -9999 -9999 -9999 -9999 -9999 -9999 -9999 -9999 -9999 -9999 -9999 -9999 -9999 -9999 11.4866664099197 14.1599996834993 14.1449996838346 14.1099996846169 14.089999685064 14.0849996851757 14.0399996861815 14.2199996821582 14.3249996798113 14.4349996773526 14.5499996747822 14.5799996741116 14.504999675788 14.6549996724352 15.1799996607006 15.0499996636063 15.4149996554479 15.8999996446073 14.3999996781349 14.089999685064 14.4299996774644 14.0799996852875 14.1249996842816 14.1849996829405 14.3449996793643 14.2399996817112 14.1149996845052 14.1699996832758 14.2899996805936 14.2199996821582 14.21499968227 14.3249996798113 14.4949996760115 14.5649996744469 14.6349996728823 14.6349996728823 14.629999672994 14.8849996672943 14.9499996658415
-9999 -9999 -9999 -9999 -9999 -9999 -9999 -9999 -9999 -9999 -9999 -9999 -9999 -9999 -9999 -9999 -9999 -9999 -9999 -9999 -9999 -9999 13.2287497043144 13.2083330381041 14.8249996686354 14.6399996727705 14.6149996733293 14.4749996764585 14.2699996810406 14.2999996803701 14.3299996796995 14.4049996780232 14.5649996744469 14.6199996732175 14.6449996726587 14.5349996751174 14.5999996736646 14.6249996731058 14.8249996686354 15.2999996580184 15.2749996585771 15.3249996574596 15.2499996591359 14.9999996647239 14.5899996738881 13.7349996929988 13.9699996877462 13.8849996896461 13.8999996893108 13.9949996871874 14.0799996852875 14.0249996865168 14.2449996815994 14.5199996754527 14.5899996738881 14.7599996700883 14.9249996664003 14.8049996690825 14.6649996722117 14.8249996686354 14.9249996664003 14.9799996651709
-9999 -9999 -9999 -9999 -9999 -9999 -9999 -9999 -9999 -9999 -9999 -9999 -9999 -9999 -9999 -9999 -9999 -9999 -9999 -9999 -9999 13.5387496973854 15.4049996556714 15.3949996558949 14.6649996722117 14.7199996709824 14.8549996679649 14.8549996679649 14.6899996716529 14.6699996720999 14.7699996698648 14.2499996814877 12.5399997197092 14.919999666512 15.0149996643886 15.0399996638298 14.9599996656179 14.9599996656179 14.9949996648356 14.9849996650591 14.9149996666238 14.8599996678531 15.1449996614829 15.0249996641651 14.7549996702 14.0399996861815 13.9549996880814 13.9199996888638 14.0099996868521 14.0199996866286 14.049999685958 14.1399996839464 14.1999996826053 14.3699996788055 14.5999996736646 14.7349996706471 15.0099996645004 15.0799996629357 15.0149996643886 14.9699996653944 14.9899996649474 15.0199996642768
-9999 -9999 -9999 -9999 -9999 -9999 -9999 -9999 -9999 -9999 -9999 -9999 -9999 -9999 -9999 -9999 -9999 -9999 -9999 -9999 13.6499996948987 14.4449996771291 14.5349996751174 14.7149996710941 15.0699996631593 14.9449996659532 14.9299996662885 14.8799996674061 14.8499996680766 13.5699996966869 13.1899997051805 13.1699997056276 13.6849996941164 14.8849996672943 15.0099996645004 15.1799996607006 14.8449996681884 13.1249997066334 15.1349996617064 15.1049996623769 15.1599996611476 15.5399996526539 15.2699996586889 14.9149996666238 15.2349996594712 15.2849996583536 14.9549996657297 14.4449996771291 14.2399996817112 14.3149996800348 14.5599996745586 14.5549996746704 14.524999675341 14.4799996763468 14.4249996775761 14.6599996723235 14.9349996661767 15.0099996645004 14.8699996676296 14.919999666512 14.9849996650591 14.9849996650591
-9999 -9999 -9999 -9999 -9999 -9999 -9999 -9999 -9999 -9999 -9999 -9999 -9999 -9999 -9999 -9999 -9999 -9999 -9999 14.0666663522522 13.489999698475 13.5699996966869 13.9399996884167 14.5649996744469 14.9699996653944 14.8149996688589 14.5649996744469 14.7199996709824 14.3699996788055 13.7399996928871 14.5499996747822 13.7049996936694 13.9199996888638 14.3549996791407 14.629999672994 15.0549996634945 14.3949996782467 15.3199996575713 15.374999656342 14.9949996648356 15.2899996582419 15.2999996580184 15.2999996580184 15.2549996590242 14.5599996745586 14.359999679029 14.484999676235 14.5199996754527 14.4699996765703 14.6099996734411 14.4149996777996 14.8199996687472 14.7999996691942 14.7599996700883 14.6949996715412 14.7649996699765 14.8199996687472 14.7899996694177 14.8599996678531 15.0599996633828 15.0349996639416 15.0199996642768
-9999 -9999 -9999 -9999 -9999 -9999 -9999 -9999 -9999 -9999 -9999 -9999 -9999 -9999 -9999 -9999 -9999 13.6849996941164 14.3949996782467 14.3949996782467 14.339999679476 13.7949996916577 13.5349996974692 13.6449996950105 13.6299996953458 14.1799996830523 14.4749996764585 14.2549996813759 13.9549996880814 14.4999996758997 14.8249996686354 14.8599996678531 14.379999678582 13.4849996985868 13.3549997014925 13.4849996985868 14.5199996754527 14.5099996756762 14.9899996649474 14.7099996712059 14.5699996743351 14.5849996739998 14.9299996662885 15.0049996646121 14.9349996661767 14.8399996683002 14.7499996703118 14.8149996688589 14.774999669753 14.6349996728823 14.5899996738881 14.8849996672943 14.8849996672943 14.8549996679649 14.9649996655062 14.9499996658415 14.9249996664003 14.8149996688589 14.8849996672943 15.1049996623769 15.2049996601418 15.2599996589124
-9999 -9999 -9999 -9999 -9999 -9999 -9999 -9999 -9999 -9999 -9999 -9999 -9999 -9999 -9999 -9999 -9999 14.0424996861257 14.3899996783584 14.1899996828288 14.2749996809289 13.9649996878579 13.8349996907637 13.8749996898696 13.9299996886402 15.084999662824 14.6749996719882 15.0599996633828 14.7599996700883 13.509999698028 13.4599996991456 13.3849997008219 13.2949997028336 13.2749997032806 13.3399997018278 13.5599996969104 13.8649996900931 13.944999688305 14.194999682717 14.504999675788 14.6099996734411 14.6449996726587 14.794999669306 14.8249996686354 15.084999662824 15.4599996544421 14.6799996718764 14.1799996830523 15.2249996596947 14.5499996747822 14.8699996676296 14.7899996694177 14.8599996678531 14.8399996683002 14.9349996661767 15.0949996626005 15.0999996624887 15.0949996626005 14.9949996648356 14.9549996657297 15.2549996590242 15.4849996538833
-9999 -9999 -9999 -9999 -9999 -9999 -9999 -9999 -9999 -9999 -9999 -9999 -9999 -9999 -9999 -9999 -9999 -9999 14.1999996826053 13.9074996891432 14.0449996860698 13.9149996889755 14.4049996780232 14.0999996848404 14.504999675788 14.9099996667355 14.7499996703118 14.9899996649474 14.6449996726587 14.3199996799231 13.6999996937811 13.5699996966869 13.2599997036159 13.2299997042865 13.3049997026101 13.5499996971339 13.7499996926636 13.9599996879697 14.0999996848404 14.3749996786937 14.5849996739998 14.5899996738881 14.7199996709824 14.8199996687472 14.8299996685237 15.6749996496364 15.1749996608123 14.4549996769056 15.0899996627122 14.7649996699765 14.7899996694177 14.8949996670708 15.0099996645004 14.939999666065 14.9499996658415 15.0249996641651 15.0199996642768 15.0399996638298 15.0949996626005 15.20999966003 15.4149996554479 15.5449996525422
-9999 -9999 -9999 -9999 -9999 -9999 -9999 -9999 -9999 -9999 -9999 -9999 -9999 -9999 10.6249997625127 13.5587496969383 13.7833330252518 13.7549996925518 13.8049996914342 14.089999685064 14.0799996852875 14.234999681823 13.6649996945634 13.4149997001514 13.489999698475 15.1199996620417 13.7199996933341 14.4449996771291 14.5949996737763 14.5999996736646 14.7199996709824 13.5399996973574 13.7099996935576 13.8799996897578 14.3999996781349 13.4799996986985 13.8849996896461 14.1399996839464 14.2899996805936 14.4799996763468 14.5549996746704 14.5899996738881 14.6399996727705 15.7999996468425 15.8449996458367 15.8449996458367 15.7549996478483 15.7599996477365 15.0199996642768 14.6099996734411 14.6049996735528 14.524999675341 14.8599996678531 14.9799996651709 14.9649996655062 14.9549996657297 15.0699996631593 15.1249996619299 15.2549996590242 15.3199996575713 15.2949996581301 15.2999996580184
-9999 -9999 -9999 -9999 -9999 -9999 -9999 -9999 -9999 -9999 -9999 -9999 -9999 14.0933330183228 14.194999682717 14.3249996798113 14.359999679029 14.5999996736646 13.9949996871874 14.4499996770173 14.069999685511 14.3649996789172 14.1174996844493 15.7099996488541 15.6999996490777 15.644999650307 15.3499996569008 15.189999660477 15.3799996562302 15.3399996571243 15.374999656342 15.0599996633828 14.0399996861815 13.344999701716 13.5549996970221 13.9099996890873 14.1099996846169 14.2849996807054 14.4249996775761 14.5749996742234 14.6599996723235 14.6699996720999 14.7899996694177 14.8849996672943 15.0949996626005 15.9199996441603 15.8749996451661 15.9299996439368 15.7049996489659 14.9249996664003 14.8699996676296 14.9049996668473 14.9699996653944 15.0249996641651 15.0149996643886 15.0599996633828 15.0099996645004 15.064999663271 15.1999996602535 15.2549996590242 15.1549996612594 15.2399996593595
-9999 -9999 -9999 -9999 -9999 -9999 -9999 -9999 -9999 -9999 12.369999723509 13.5549996970221 14.1649996833876 13.9349996885285 12.9549997104332 12.2849997254089 14.1999996826053 14.8183330021178 14.5583330079292 14.7499996703118 14.7174996710382 14.4899996761233 14.3999996781349 14.4449996771291 14.7499996703118 14.7899996694177 15.064999663271 15.2899996582419 15.6949996491894 15.3999996557832 15.1549996612594 15.1799996607006 15.2799996584654 13.9599996879697 13.8849996896461 14.0449996860698 14.2449996815994 13.9949996871874 14.2949996804819 14.3699996788055 14.4399996772408 14.6049996735528 14.7149996710941 14.8099996689707 15.0149996643886 15.5949996514246 16.0699996408075 15.9699996430427 15.3999996557832 14.9149996666238 14.8249996686354 14.8799996674061 14.9349996661767 14.6399996727705 15.1699996609241 15.2999996580184 15.1049996623769 15.1249996619299 15.1749996608123 15.1699996609241 15.2249996596947 15.2599996589124
-9999 -9999 -9999 -9999 -9999 -9999 -9999 -9999 -9999 -9999 12.7599997147918 13.8199996910989 14.1799996830523 14.21499968227 14.2533330147465 14.3474996793084 14.7222218931549 -9999 -9999 9.22999979369342 9.17499979492277 14.4824996762909 14.4524996769615 14.4749996764585 14.4149996777996 14.1599996834993 14.6149996733293 15.6199996508658 15.8249996462837 15.3649996565655 15.1299996618181 15.2599996589124 15.334999657236 15.3149996576831 14.7999996691942 14.6949996715412 14.8699996676296 14.359999679029 14.3849996784702 14.3899996783584 14.524999675341 14.7449996704236 14.9649996655062 14.9249996664003 15.1099996622652 15.1299996618181 15.3599996566772 15.9699996430427 15.9649996431544 15.8849996449426 15.0249996641651 14.7899996694177 14.9899996649474 15.1349996617064 15.1299996618181 15.2049996601418 15.2149996599182 15.1449996614829 15.1599996611476 15.1799996607006 15.2199996598065 15.2749996585771
-9999 -9999 -9999 -9999 -9999 -9999 -9999 -9999 -9999 -9999 -9999 -9999 -9999 -9999 -9999 -9999 -9999 -9999 -9999 -9999 -9999 -9999 -9999 -9999 12.8999997116625 14.5149996755645 15.2999996580184 15.7449996480718 15.7949996469542 15.8299996461719 15.6149996509776 15.3099996577948 15.4649996543303 15.3949996558949 15.2399996593595 15.3099996577948 15.0999996624887 14.8449996681884 14.5749996742234 14.7549996702 14.9099996667355 15.084999662824 15.2049996601418 14.9899996649474 15.1999996602535 15.1849996605888 15.189999660477 15.5399996526539 15.8999996446073 15.8199996463954 15.8199996463954 15.1549996612594 15.1749996608123 15.20999966003 15.2149996599182 15.2199996598065 15.2699996586889 15.229999659583 15.20999966003 15.2349996594712 15.2699996586889 15.2599996589124
-9999 -9999 -9999 -9999 -9999 -9999 -9999 -9999 -9999 -9999 -9999 -9999 -9999 -9999 -9999 -9999 -9999 -9999 -9999 -9999 -9999 -9999 -9999 -9999 -9999 10.6396679468453 14.2624996812083 15.624999650754 15.6899996493012 15.7399996481836 15.6349996505305 15.5799996517599 15.4699996542186 15.2699996586889 15.1999996602535 15.3099996577948 15.4699996542186 14.899999666959 15.4199996553361 14.9849996650591 15.1549996612594 15.2799996584654 15.3249996574596 15.3449996570125 15.4449996547773 15.3849996561185 15.3599996566772 15.7449996480718 15.8899996448308 15.8249996462837 15.7549996478483 15.6599996499717 15.2949996581301 15.2799996584654 15.3299996573478 15.3649996565655 15.2699996586889 15.2399996593595 15.3649996565655 15.3199996575713 15.2799996584654 15.3449996570125
-9999 -9999 -9999 -9999 -9999 -9999 -9999 -9999 -9999 -9999 -9999 -9999 -9999 -9999 -9999 -9999 -9999 -9999 -9999 -9999 -9999 -9999 -9999 -9999 -9999 -9999 -9999 14.0149996867403 14.0028568298689 15.6699996497482 15.5649996520951 15.4149996554479 15.3599996566772 15.3149996576831 15.2249996596947 15.1749996608123 15.5049996534362 15.519999653101 15.5949996514246 14.6599996723235 14.6049996735528 14.794999669306 15.3699996564537 15.4299996551126 15.4349996550009 15.2799996584654 15.4599996544421 15.5549996523187 15.5299996528774 15.519999653101 15.4849996538833 15.1549996612594 15.3049996579066 15.3049996579066 15.4049996556714 15.4949996536598 15.374999656342 15.3149996576831 15.334999657236 15.3449996570125 15.3449996570125 15.4849996538833
