EcologicalScience/Bass/data/rs_data_bass/sst_356.asc
NCOLS 226 
NROWS 124 
XLLCORNER -9.41648524995501 
YLLCORNER 47.587301625531 
CELLSIZE 0.0833 
NODATA_value -9999 
[rows 27 to 53 of 124, columns 62 to 123 of 226]
-9999 -9999 -9999 -9999 -9999 -9999 -9999 -9999 -9999 -9999 -9999 -9999 -9999 -9999 -9999 -9999 -9999 -9999 -9999 -9999 -9999 -9999 -9999 -9999 -9999 -9999 -9999 -9999 12.5299997199327 7.72717977548018 13.6052278061397 13.0214392389171 14.3446455122903 13.0694906320423 13.1075014355592 13.2136448114179 13.0243079788052 13.0451063429937 13.098895215895 13.1921292622574 13.2114932565019 13.2315744357184 13.3484755861573 13.2638477594592 13.1612903084606 13.0924405511469 13.097460845951 13.255241539795 13.1247138748877 13.0601672274061 12.9231848977506 13.059450042434 13.0881374413148 13.3090304126963 13.4244971931912 13.338434996549 13.3448896612972 13.2480696900748 13.2473525051028 13.2064729616977 13.0816827765666 13.1569871986285
-9999 -9999 -9999 -9999 -9999 -9999 -9999 -9999 -9999 -9999 -9999 -9999 -9999 -9999 -9999 -9999 -9999 -9999 -9999 -9999 -9999 -9999 -9999 -9999 -9999 -9999 -9999 -9999 -9999 -9999 9.78499978128821 13.2855682186117 12.6814935621805 12.9102755682543 13.099612400867 13.1426434991881 12.9870143602602 12.9748222157359 13.1282997997478 13.2444837652147 13.216513551306 13.0261009412352 13.1813714876771 13.1412091292441 13.3456068462692 13.3477584011853 13.378597354982 12.9870143602602 13.0623187823221 13.2616962045431 13.1842402275652 13.1670277882367 13.1591387535445 13.1899777073413 13.4044160139747 13.3513443260454 13.338434996549 13.3699911353178 13.177785562817 13.2337259906344 12.9561754064634 13.0121158342808
-9999 -9999 -9999 -9999 -9999 -9999 -9999 -9999 -9999 -9999 -9999 -9999 -9999 -9999 -9999 -9999 -9999 -9999 -9999 -9999 -9999 -9999 -9999 -9999 -9999 -9999 -9999 -9999 -9999 -9999 -9999 13.3849997008219 12.8419039342552 13.2100588865578 13.1447950541042 12.820627446752 12.7933744178154 13.4352549677715 13.2114932565019 13.2824945687316 13.3843348347582 13.6023590662517 13.1670277882367 12.9999236897565 13.1067842505872 13.338434996549 13.4309518579394 13.4847407308407 13.3843348347582 13.2853633086197 13.3040101178922 13.2279885108583 13.2423322102986 13.2746055340394 13.3305459618568 13.3434552913532 13.3197881872766 13.3233741121367 13.3126163375564 13.2294228808023 13.2846461236477 13.2846461236477
-9999 -9999 -9999 -9999 -9999 -9999 -9999 -9999 -9999 -9999 -9999 -9999 -9999 -9999 -9999 -9999 -9999 -9999 -9999 -9999 -9999 -9999 -9999 -9999 -9999 -9999 -9999 -9999 -9999 -9999 -9999 8.04334751046263 12.6999809970148 13.0474969595671 12.8277992964722 12.8220618166961 12.9602394546382 13.2401806553826 12.5100863538682 12.498611394316 13.3398693664931 13.1347544644959 13.017494721571 12.9106341607403 13.2538071698509 13.4338205978274 13.4890438406728 13.5227515343577 13.3032929329202 13.3047273028642 13.2781914588995 13.3190710023046 13.0278939036652 13.2652821294032 13.334849071689 13.2631305744871 13.4115878636949 13.53781241877 13.5887325517833 13.5514389332384 13.4890438406728 13.4926297655329
-9999 -9999 -9999 -9999 -9999 -9999 -9999 -9999 -9999 -9999 -9999 -9999 -9999 -9999 -9999 -9999 -9999 -9999 -9999 -9999 -9999 -9999 -9999 -9999 -9999 -9999 -9999 -9999 -9999 -9999 -9999 9.41499978955835 12.3037815768039 13.0479750828817 12.9865362369455 12.913622431457 12.7998290825635 13.0300454585813 13.6747947484255 13.0020752446726 13.4696798464283 13.5399639736861 13.7773521994241 13.3072374502663 13.3445310688112 13.4804376210086 13.5700857425109 13.5507217482664 13.4345377827995 13.1838816350792 13.4825891759247 13.3534958809614 13.375011430122 13.934415708296 13.0035096146166 13.2746055340394 13.4653767365962 13.418042528443 13.1698965281248 13.3735770601779 13.4302346729673 13.3276772219688
-9999 -9999 -9999 -9999 -9999 -9999 -9999 -9999 -9999 -9999 -9999 -9999 -9999 -9999 -9999 -9999 -9999 -9999 -9999 -9999 -9999 -9999 -9999 -9999 -9999 -9999 -9999 -9999 -9999 -9999 -9999 -9999 9.3055246026488 12.6420483887196 12.4684896254912 12.7811822732911 12.7223731055856 12.5172582035884 12.3688009143807 12.7101809610613 13.045345404651 13.0627969056368 13.7199774016626 13.7565538352355 13.3635364705697 13.654713569209 13.7591835134663 13.4201940833591 13.7787865693681 13.5392467887141 14.0749839628115 13.9430219279602 13.855525361374 14.0046998355538 13.5320749389939 13.4797204360366 13.3499099561013 13.1290169847198 12.8356883311644 13.0766624817625 13.3742942451499 13.2602618345991
-9999 -9999 -9999 -9999 -9999 -9999 -9999 -9999 -9999 -9999 -9999 -9999 -9999 -9999 -9999 -9999 -9999 -9999 -9999 -9999 -9999 -9999 -9999 -9999 -9999 -9999 -9999 -9999 -9999 -9999 -9999 -9999 10.0050062237909 12.9325083023869 12.7273934003897 13.217230736278 13.1428825608455 13.2200994761661 12.8380789477378 13.033033729298 12.9355563385179 13.7321695461869 13.6496932744049 13.9042939394712 13.7016891848762 13.6095309159718 14.1201666160487 13.786436542403 13.4998016152531 13.5428327135742 13.4191183059011 14.0850245524198 13.4205526758451 13.4345377827995 13.616702765692 13.2272713258862 13.4840235458687 13.6238746154122 13.4840235458687 13.4747001412325 13.2946867132559 13.3111819676124
-9999 -9999 -9999 -9999 -9999 -9999 -9999 -9999 -9999 -9999 -9999 -9999 -9999 -9999 -9999 -9999 -9999 -9999 -9999 -9999 -9999 -9999 -9999 -9999 -9999 -9999 -9999 -9999 -9999 -9999 -9999 -9999 -9999 8.51114322010647 12.9007131019607 12.9772128323093 13.0790530983359 13.3238522354513 13.2382681621239 12.9934690250084 12.6850794870406 13.5184484245256 13.5901669217274 13.1672668498941 13.1060670656152 13.7310937687289 13.9054892477579 13.9007080146112 13.896046312293 13.9555726649705 14.0728324078955 14.0749839628115 13.4836649533827 13.8447675867938 13.3628192855977 13.2781914588995 13.4739829562604 13.3240912971087 13.4452955573797 13.45605333196 13.3671223954298 13.9595171823166
-9999 -9999 -9999 -9999 -9999 -9999 -9999 14.5122874994995 14.4662083650474 14.5243003477808 14.4764282508986 8.12478751255139 14.928272361333 8.29157988752462 8.41999981179833 -9999 -9999 -9999 -9999 -9999 -9999 -9999 -9999 -9999 -9999 -9999 -9999 -9999 -9999 -9999 -9999 -9999 -9999 -9999 13.0704468786716 13.1337982178666 13.2765180272982 11.9449445959181 13.5189265478402 13.058374264976 13.0017166521866 13.6310464651324 13.6798150432296 13.6909314102959 13.1161076552235 13.8347269971855 13.8598284712061 13.7077852571383 13.7479476155713 13.5198827944696 13.5894497367553 13.7249976964667 13.4983672453091 13.5890911442693 13.5901669217274 14.0900448472239 13.4036988290027 13.5543076731265 13.494781320449 13.6109652859159 13.5012359851971 13.614551210776
-9999 -9999 -9999 -9999 16.7299996260554 16.7534307716414 14.8389652542537 14.9599902182817 14.9248481546529 14.7046723682433 14.0708601492224 19.7881062964032 19.7799995578825 -9999 -9999 -9999 -9999 -9999 -9999 -9999 -9999 -9999 -9999 -9999 -9999 -9999 -9999 -9999 -9999 -9999 -9999 -9999 -9999 -9999 13.2282275725156 13.3315022084862 13.2961210832 13.3566036825068 12.7309793252498 13.5306405690499 12.9127857156564 13.0619601898361 12.7503433194943 12.4347819318064 13.297196860658 13.869629999157 13.7834482716862 13.8727378007025 13.1691793431528 14.0046998355538 13.9401531880721 13.5636310777627 13.5923184766434 12.9447004469112 13.5320749389939 13.457487701904 13.4374065226875 13.5263374592178 13.7536850953475 13.3606677306816 13.5543076731265 13.4703970314004
14.968596437946 14.7147129578516 14.7395992763806 14.8703420967795 15.0957174742362 15.0826288484968 14.9214415260358 15.050355524756 14.889706091024 15.5021969364836 -9999 -9999 -9999 -9999 -9999 -9999 -9999 -9999 -9999 -9999 -9999 -9999 -9999 -9999 -9999 -9999 -9999 -9999 -9999 -9999 -9999 -9999 -9999 -9999 13.3399997018278 13.2961210832 13.3911480919924 13.3875621671323 13.3487146478146 13.4926297655329 13.5323140006512 13.5024312934838 13.2497431216761 13.7300179912709 13.3506271410733 13.6704916385934 13.8698690608144 13.9767296216451 13.3463240312412 13.5134281297214 13.5815607020631 13.6260261703283 13.6905728178099 13.694875927642 13.4646595516242 13.4883266557008 13.4897610256448 13.5801263321191 13.4488814822398 13.4438611874357 13.5313577540219 13.5607623378746
15.0603961143643 15.1414380162023 15.1722769699991 14.9750511026941 15.6581697885413 15.5021820571274 15.436440101359 15.356832569465 14.8246813202277 14.2649996811524 -9999 -9999 -9999 -9999 -9999 -9999 -9999 -9999 -9999 -9999 -9999 -9999 -9999 -9999 -9999 -9999 -9999 -9999 -9999 -9999 -9999 -9999 -9999 -9999 -9999 12.9383761794306 13.5837122569792 13.575823222287 13.4994430227671 12.6298562441953 12.7324136951938 13.416249566013 13.3943754243664 13.0723593719304 13.3413037364371 13.5449842684902 14.0298013095744 13.4675282915123 13.4352549677715 13.9602343672886 13.9839014713652 13.694875927642 13.5700857425109 13.4711142163724 13.5213171644136 13.4933469505049 13.7881099740043 13.5421155286022 13.7723319046199 13.5170140545815 13.5421155286022 13.6267433553003
15.1127506173216 15.3060319672804 15.448751776712 15.5441373779904 15.3350779586472 15.1658223052509 15.0453352299519 15.0672093715984 7.95245495797751 -9999 -9999 -9999 -9999 -9999 -9999 -9999 -9999 -9999 -9999 -9999 -9999 -9999 -9999 -9999 -9999 -9999 -9999 -9999 -9999 -9999 -9999 -9999 -9999 -9999 -9999 -9999 12.4317444425131 13.1899777073413 13.3201467797626 13.6665471212473 12.6499374234118 13.0241884479765 12.95199182746 13.5358999255113 13.4886852481868 12.8299508513883 12.8808709844016 13.4087191238068 13.5984145489056 12.5846735909581 13.5600451529026 13.4675282915123 13.8440504018217 13.4259315631352 13.5937528465874 13.5844294419512 13.5815607020631 13.8010193035007 13.6611682339571 13.6296120951883 13.6281777252443 13.4603564417921
14.9399090390652 15.3626895800699 15.1625949728768 14.3797875759192 14.571275963448 15.1808831896633 15.1149021722376 15.0811944785528 12.7897884929553 -9999 -9999 -9999 -9999 -9999 -9999 -9999 -9999 -9999 -9999 -9999 -9999 -9999 -9999 -9999 -9999 -9999 -9999 -9999 -9999 -9999 -9999 -9999 -9999 -9999 -9999 -9999 -9999 -9999 -9999 -9999 5.83977269084007 13.3499099561013 13.3960488559678 13.8418988469057 13.0651875222102 12.9088411983103 12.7352824350819 12.9626300712116 13.575106037315 13.7601397600956 13.8397472919896 13.4940641354769 13.020004868973 13.3104647826403 13.3054444878362 13.3162022624165 13.4244971931912 13.5485701933503 13.6002075113356 13.5177312395535 13.4445783724077 13.4115878636949
14.8975951257162 15.0370876027737 15.1608020104468 15.1349833514541 15.3400982534513 15.207419033628 15.3616138026118 15.1636707503349 15.5949996514246 -9999 -9999 -9999 -9999 -9999 -9999 -9999 -9999 -9999 -9999 -9999 -9999 -9999 -9999 -9999 -9999 -9999 -9999 -9999 -9999 -9999 -9999 -9999 -9999 -9999 -9999 -9999 -9999 -9999 -9999 -9999 -9999 -9999 -9999 10.8244390385094 14.1664250467438 13.7252367581241 14.0043412430678 13.9473250377923 13.589210675098 13.6263847628143 12.9174474179745 13.0601672274061 13.3283944069408 13.5084078349173 13.1039155106992 13.0035096146166 13.0250251637772 13.1469466090202 13.2279885108583 13.0659047071822 13.3183538173325 13.0537125626579
14.9642933281139 15.1930753341876 15.2429196897428 15.3171483343467 15.3472701031715 15.4204229703173 15.4627368836664 15.4763633981347 15.2615664990153 15.3599996566772 -9999 -9999 -9999 -9999 -9999 16.1899624452926 -9999 -9999 -9999 -9999 -9999 -9999 -9999 -9999 -9999 -9999 -9999 -9999 -9999 -9999 -9999 -9999 -9999 -9999 -9999 -9999 -9999 -9999 -9999 -9999 -9999 -9999 -9999 -9999 5.15180127218833 13.0633945597801 13.8213395443745 13.2761423589795 13.0321970134974 12.9715948833618 13.7088610345963 13.5575350055005 13.1899777073413 13.2946867132559 13.1698965281248 13.098895215895 13.0752281118184 12.9425488919951 12.8679616549052 12.9066896433942 12.8485976606607 12.9432660769671
15.4598681437783 15.0349360478576 15.2371822099667 15.3210928516928 15.369502837304 15.2045502937399 15.3332849962171 15.3537247679196 15.2676625712775 14.9721823628061 14.7149996710941 -9999 -9999 -9999 -9999 -9999 -9999 -9999 -9999 -9999 -9999 -9999 -9999 -9999 -9999 -9999 -9999 -9999 -9999 -9999 -9999 -9999 -9999 -9999 -9999 -9999 -9999 -9999 -9999 -9999 -9999 -9999 -9999 -9999 -9999 10.9849997544661 13.2909983333999 13.8300652948674 13.056939895032 13.693441557698 13.8543300530873 13.6468245345168 13.5779747772031 13.6590166790411 12.4412365965545 12.7266762154177 12.7582323541865 12.8493148456328 12.8098696721718 13.0142673891969 13.0343485684134 13.0616015973501
15.0216681258753 15.1177709121257 15.0575273744762 15.1149021722376 15.2124393284321 15.2325205076486 15.3479872881435 15.3651997274719 15.2325205076486 15.3264717389829 15.2995773025323 15.7379403170198 15.9899996425956 -9999 13.5287535757013 21.654999515973 21.4909839384657 19.2113694400504 -9999 -9999 -9999 -9999 -9999 -9999 -9999 -9999 -9999 -9999 -9999 -9999 -9999 -9999 -9999 -9999 -9999 -9999 -9999 -9999 -9999 -9999 -9999 -9999 -9999 -9999 -9999 8.8399998024106 12.7499997150153 13.4460127423517 13.7160328843165 13.8060395983048 13.9262876119465 13.8727378007025 13.7117297744844 13.4635837741662 13.336642034119 12.0467848619446 12.6312906141393 12.8141727820039 12.578936111182 12.8550523254089 12.8292336664163 12.9095583832823
14.9442121488973 15.0933866230771 15.1156193572097 15.2145908833481 15.2863093805499 15.207419033628 15.2034745162819 15.087649143301 15.0948209930211 14.9721823628061 14.9183934899047 14.9463637038134 15.1249996619299 14.7261879174039 14.9617831807118 14.6635238804738 15.169305775115 10.908704596183 -9999 -9999 -9999 -9999 -9999 -9999 -9999 -9999 -9999 -9999 -9999 -9999 -9999 -9999 -9999 -9999 -9999 -9999 -9999 -9999 -9999 -9999 -9999 -9999 -9999 -9999 -9999 -9999 -9999 -9999 13.5667388793081 13.9399141264148 14.1041494850069 14.0981729435734 13.6023590662517 13.6479003119748 12.2547685038298 12.5653095967136 12.9590441463515 12.619815654587 12.8564866953529 12.7926572328433 12.8507492155768 12.8858912792057
14.7943204897456 14.7821283452213 15.1894894093275 15.1349833514541 15.1636707503349 14.9323785968591 15.0209509409033 15.0449766374659 15.0460524149239 15.0618304843083 14.9477980737574 14.9628589581698 14.929868449457 14.9148075650446 14.6802880791947 14.2851191596128 15.6149996509776 16.5728865829211 -9999 -9999 -9999 -9999 -9999 -9999 -9999 -9999 -9999 -9999 -9999 -9999 -9999 -9999 -9999 -9999 -9999 -9999 -9999 -9999 -9999 -9999 -9999 -9999 -9999 -9999 -9999 -9999 -9999 -9999 14.1994155554567 14.1696523791179 14.1890163733624 13.9279610435478 13.9265266736038 13.8818221436813 13.2997070080601 13.4890438406728 13.5284890141338 13.3685567653738 13.0666218921542 13.0953092910349 12.9109927532263 13.0601672274061
14.5999633623287 14.6975005185232 15.1098818774335 14.8818170563318 15.0033799090888 15.1371349063702 14.9972838368267 15.0403149351478 15.1579332705587 15.2597735365853 15.2468642070889 15.0159306460992 14.9506668136455 14.8036438943818 15.1654637127649 14.5209295784123 15.5683871948568 -9999 -9999 -9999 -9999 -9999 -9999 -9999 -9999 -9999 -9999 -9999 -9999 -9999 -9999 -9999 -9999 -9999 -9999 -9999 -9999 -9999 -9999 -9999 -9999 -9999 -9999 -9999 -9999 -9999 -9999 -9999 14.2309716942254 14.1545914947055 14.2664723503403 14.1094088414684 13.8985564596951 14.1773023521528 13.5535904881544 13.6181371356361 13.7041993322782 13.6848353380337 13.8017364884727 13.3111819676124 13.2932523433119 12.6298562441953
14.2768715324346 14.6092867669649 14.573068925878 14.7839213076513 15.2253486579284 15.0256126432214 15.3350779586472 15.2974257476162 15.2404095423408 15.1034272126853 15.1199224670418 14.8796655014157 14.7835627151653 15.8244371712208 16.0264442716725 6.69999985024333 -9999 -9999 -9999 -9999 -9999 -9999 -9999 -9999 -9999 -9999 -9999 -9999 -9999 -9999 -9999 -9999 -9999 -9999 -9999 -9999 -9999 -9999 -9999 -9999 -9999 -9999 -9999 -9999 -9999 -9999 -9999 -9999 14.3239666789304 14.531113605015 14.413495269604 13.8634143960662 13.7027649623342 13.8397472919896 13.9473250377923 13.5019531701691 13.8849299452268 13.3907894995064 13.7099368120544 13.6396526847966 13.5901669217274 13.4804376210086
14.6361812034156 14.7347941370681 14.6322366860695 14.8961607557721 15.2461470221169 15.2396923573688 15.1005584727973 15.4225745252334 15.2436368747149 15.7567827221937 15.6657002307475 15.5896786237136 15.6355784619227 15.6165730601642 15.7371318539605 -9999 -9999 -9999 -9999 -9999 -9999 -9999 -9999 -9999 -9999 -9999 -9999 -9999 -9999 -9999 -9999 -9999 -9999 -9999 -9999 -9999 -9999 -9999 -9999 -9999 -9999 -9999 -9999 -9999 -9999 -9999 -9999 -9999 -9999 14.1226050449535 14.5615939663257 14.2026428878307 13.5801263321191 13.9853358413093 13.7049165172502 13.9903561361134 13.8856471301988 13.9609515522607 13.8971220897511 13.9150517140515 13.9071626793593 13.8211004827172
14.8710592817515 15.2122002667747 14.492744209012 14.5856196628883 15.1267357242759 15.4232917102054 15.4828180628829 15.5825067739934 15.6983321469743 15.8008895979729 15.7578584996518 15.6524323087651 15.6208761699963 15.4329737073276 15.4769371461123 14.6769982398735 -9999 -9999 -9999 -9999 -9999 -9999 -9999 -9999 -9999 -9999 -9999 -9999 -9999 -9999 -9999 -9999 -9999 -9999 -9999 -9999 -9999 -9999 -9999 -9999 -9999 -9999 -9999 -9999 -9999 -9999 5.57616759399959 7.84408092591912 8.31499981414527 -9999 11.5949583295733 14.3052003388293 14.1560258646496 14.1101260264404 14.0800042576157 14.0570543385111 14.0025482806377 13.9853358413093 13.9487594077364 14.0807214425877 14.0097201303579 14.0749839628115
14.9399090390652 14.9994353917427 15.0177236085292 14.7032379982993 14.8179875938222 15.3440427707974 15.4803079154808 15.5552537450567 15.7130344389006 15.3472701031715 15.8715323177166 15.7363429504912 15.6807611151598 16.1781288932543 15.9611804392189 -9999 -9999 -9999 -9999 -9999 -9999 -9999 -9999 -9999 -9999 -9999 -9999 -9999 -9999 -9999 -9999 -9999 -9999 -9999 -9999 -9999 -9999 -9999 -9999 -9999 -9999 -9999 -9999 -9999 -9999 -9999 -9999 -9999 14.3684841171211 15.0014844916628 14.7789010128472 14.810457151616 14.7335390633671 14.6053422496188 14.1947538531385 14.0247810147703 14.1072572865523 14.1445509050973 14.0986510668881 14.2406536913477 14.2385021364316 14.2413708763197
14.9069185303524 15.0937452155631 15.1242255768739 15.208494811086 14.6315195010975 14.6781365242787 15.2734000510536 15.3454771407414 15.7112414764706 15.6700033405796 15.9432508149184 15.7596514620818 15.7574999071658 14.5153355356306 15.0599996633828 -9999 -9999 -9999 -9999 -9999 -9999 -9999 -9999 -9999 -9999 -9999 -9999 -9999 -9999 -9999 -9999 -9999 -9999 -9999 -9999 -9999 -9999 -9999 -9999 -9999 -9999 -9999 -9999 -9999 -9999 -9999 -9999 -9999 -9999 -9999 14.0255815933437 15.1453825335484 14.4027374950238 14.8043610793538 14.2370677664876 14.3948484603316 14.5275276801549 14.5590838189237 14.5067293159664 14.4034546799958 14.4020203100517 14.3941312753595
15.3491825964302 15.1772972648032 15.2450712446589 15.3010116724763 14.4350108187646 15.3017288574483 15.3028046349064 15.60617387807 15.8571886182763 15.9848475432955 15.5873836318031 15.4516205166001 15.6370128318667 15.2009643688798 16.6068886617785 -9999 -9999 -9999 -9999 -9999 -9999 -9999 -9999 -9999 -9999 -9999 -9999 -9999 -9999 -9999 -9999 -9999 -9999 -9999 -9999 -9999 -9999 -9999 -9999 -9999 -9999 -9999 -9999 -9999 -9999 -9999 -9999 -9999 -9999 -9999 -9999 -9999 14.1999996826053 14.4310150739205 14.7137567112222 14.8050782643259 15.1593676405028 15.1830347445793 14.7871486400254 14.5124667957425 14.5246589402668 14.4866481367499
