EcologicalScience/Bass/data/rs_data_bass/sst_280.asc
NCOLS 226 
NROWS 124 
XLLCORNER -9.41648524995501 
YLLCORNER 47.587301625531 
CELLSIZE 0.0833 
NODATA_value -9999 
[rows 0 to 26 of 124, columns 62 to 123 of 226]
-9999 -9999 -9999 -9999 -9999 -9999 -9999 -9999 -9999 -9999 -9999 -9999 -9999 -9999 -9999 -9999 -9999 -9999 -9999 -9999 -9999 -9999 -9999 -9999 -9999 -9999 -9999 -9999 -9999 -9999 -9999 -9999 -9999 -9999 -9999 -9999 -9999 -9999 -9999 -9999 -9999 -9999 -9999 -9999 -9999 -9999 -9999 -9999 -9999 -9999 -9999 -9999 -9999 -9999 -9999 -9999 -9999 -9999 -9999 -9999 -9999 -9999
-9999 -9999 -9999 -9999 -9999 -9999 -9999 -9999 -9999 -9999 -9999 -9999 -9999 -9999 -9999 -9999 -9999 -9999 -9999 -9999 -9999 -9999 -9999 -9999 -9999 -9999 -9999 -9999 -9999 -9999 -9999 -9999 -9999 -9999 -9999 -9999 -9999 -9999 -9999 -9999 -9999 -9999 -9999 -9999 -9999 -9999 -9999 -9999 -9999 -9999 -9999 -9999 -9999 -9999 -9999 -9999 -9999 -9999 -9999 -9999 -9999 -9999
-9999 -9999 -9999 -9999 -9999 -9999 -9999 -9999 -9999 -9999 -9999 -9999 -9999 -9999 -9999 -9999 -9999 -9999 -9999 -9999 -9999 -9999 -9999 -9999 -9999 -9999 -9999 -9999 -9999 -9999 -9999 -9999 -9999 -9999 -9999 -9999 -9999 -9999 -9999 -9999 -9999 -9999 -9999 -9999 -9999 -9999 -9999 -9999 -9999 -9999 -9999 -9999 -9999 -9999 -9999 -9999 -9999 -9999 -9999 -9999 -9999 -9999
-9999 -9999 -9999 -9999 -9999 -9999 -9999 -9999 -9999 -9999 -9999 -9999 -9999 -9999 -9999 -9999 -9999 -9999 -9999 -9999 -9999 -9999 -9999 -9999 -9999 -9999 -9999 -9999 -9999 -9999 -9999 -9999 -9999 -9999 -9999 -9999 -9999 -9999 -9999 -9999 -9999 -9999 -9999 -9999 -9999 -9999 -9999 -9999 -9999 -9999 -9999 -9999 -9999 -9999 -9999 -9999 -9999 -9999 -9999 -9999 -9999 -9999
-9999 -9999 -9999 -9999 -9999 -9999 -9999 -9999 -9999 -9999 -9999 -9999 -9999 -9999 -9999 -9999 -9999 -9999 -9999 -9999 -9999 -9999 -9999 -9999 -9999 -9999 -9999 -9999 -9999 -9999 -9999 -9999 -9999 -9999 -9999 -9999 -9999 -9999 -9999 -9999 -9999 -9999 -9999 -9999 -9999 -9999 -9999 -9999 -9999 -9999 -9999 -9999 -9999 -9999 -9999 -9999 -9999 -9999 -9999 -9999 -9999 -9999
-9999 -9999 -9999 -9999 -9999 -9999 -9999 -9999 -9999 -9999 -9999 -9999 -9999 -9999 -9999 -9999 -9999 -9999 -9999 -9999 -9999 -9999 -9999 -9999 -9999 -9999 -9999 -9999 10.9649997549132 11.4878782223226 5.92082989262417 5.96218755934387 6.50151065830141 6.62773521337658 6.96863713674247 7.2100894106552 7.17662077862769 7.1833145050332 7.21200190391392 7.16108177090064 7.16418957244605 7.18690042989329 7.2112847189419 7.19192072469741 7.28921881923452 7.4051637230441 7.2660298384726 7.17243719962426 5.55984679004177 7.27344074985012 7.19753867364489 7.29368130350485 7.45704010268673 7.26845033775317 7.33248897921294 7.31814527977258 7.13299202616327 7.082430485636 7.08386485558003 7.14028340671211 7.16275520250201 7.30439923447557
-9999 -9999 -9999 -9999 -9999 -9999 -9999 -9999 -9999 -9999 -9999 -9999 -9999 -9999 -9999 -9999 -9999 -9999 -9999 -9999 -9999 -9999 -9999 -9999 -9999 -9999 -9999 12.5344217439415 5.79723501577973 5.71798607637174 5.73376414575614 5.91055024135858 6.30105745862238 6.38855402520858 6.92130292858928 6.84826959227212 7.202200375963 7.2033956842497 7.21463158214465 7.16920986725017 7.16275520250201 7.15725678438321 7.11661630263552 7.1675364356488 7.20650348579511 7.19335509464145 7.21056753396988 7.22873621992767 7.15163883543573 7.22993152821437 7.55326241976582 7.31479841656983 7.27439699647948 7.3626107480377 6.98991362424567 7.02397991041653 7.06736960122362 6.95979185542092 7.18116295011714 7.26316109858453 7.22060812357813 7.19718008115888
-9999 -9999 -9999 -9999 -9999 -9999 -9999 -9999 -9999 -9999 -9999 -9999 -9999 -9999 -9999 -9999 -9999 -9999 -9999 -9999 -9999 -9999 -9999 -9999 -9999 -9999 9.24755674808358 5.52064067823812 5.78767254948616 5.8091880986467 5.76532028452493 5.98047577613033 6.46314126229845 6.57502211793326 6.66646320186555 6.75073243607767 7.12833032384515 7.18594418326393 7.20052694436163 7.18594418326393 7.15677866106853 7.15367085952312 7.16681925067678 7.26889857836068 7.22969246655703 6.32723471010104 6.44843897037208 6.41257972177118 6.44270149059594 6.5129856178537 6.45202489523217 6.37313454831019 7.40079541457817 6.98393708281219 6.87325153546408 7.03238691203296 6.98895737761632 7.01537369075231 6.74642932624556 6.98441520612687 7.21439252048731 7.23375651473179
-9999 -9999 -9999 -9999 -9999 -9999 -9999 -9999 -9999 -9999 -9999 -9999 -9999 -9999 -9999 -9999 -9999 -9999 -9999 -9999 -9999 -9999 -9999 -9999 -9999 11.3964741286356 5.62630593078211 5.81014434527606 5.82520522968844 6.29324014242738 6.10777610866353 6.35412914655171 6.50832391553558 6.64674061513506 6.79053620202467 6.77260657772422 7.11207413114607 7.11207413114607 7.18116295011714 7.20554723916575 7.16992705222219 7.19359415629879 7.22395498678088 7.19598477287218 5.79006316605955 7.28682820266113 7.19359415629879 6.41975157149136 6.43911556573585 6.4613482998684 5.97724844375625 5.84528640890494 6.7161538749268 6.90354406261551 6.75898006325588 6.90600298251957 6.89907019445673 7.08942303911317 6.98166599706747 7.09342732187361 7.07382426597178 6.74879603665322
-9999 -9999 -9999 -9999 -9999 -9999 -9999 -9999 -9999 -9999 -9999 -9999 -9999 -9999 -9999 -9999 -9999 -9999 -9999 -9999 -9999 -9999 -9999 -9999 -9999 8.09004880891492 5.45489872246981 5.95429852465168 6.07406841497868 6.19527267524973 6.38747824775055 6.65307574905455 6.67052725004032 6.67184208915569 6.70626696781255 6.73746451409534 6.72276222216897 7.12809126218781 7.16562394239008 7.16920986725017 7.11900691920891 7.13741466682404 7.18570512160659 7.18546605994925 7.20148319099098 7.20015127604295 6.32436597021297 6.32293160026893 6.1744743110612 6.86055953474715 6.4840374244377 6.72742392448708 6.70959675518264 6.21535385446623 6.66287727700546 6.66554110690153 6.91676075709984 6.31528162723407 7.10753195965663 7.1742301620543 7.23913540202193 6.73545639617369
-9999 -9999 -9999 -9999 -9999 -9999 -9999 -9999 -9999 -9999 -9999 -9999 -9999 -9999 -9999 -9999 -9999 -9999 -9999 -9999 -9999 -9999 -9999 -9999 6.21965696429834 5.73986021801829 5.92991423560306 6.06546219531447 6.17590868100524 6.42405468132347 6.3336893748492 6.61530400719494 6.87014373391867 6.9578793621622 6.97294024657458 7.01549322158098 6.96983244502917 7.05159153183922 7.11996316583827 7.12068035081029 7.109205391258 7.14554276317358 6.88143939722795 7.14076153002679 7.12976469378918 6.90044479898643 6.60684720106656 6.69434376765275 6.64772674447158 6.98926163790748 5.69503615726717 6.0565372267738 6.95628561777994 6.44485304551199 6.66881966677361 3.47666350798681 6.95501062227413 6.74356058635749 6.89094209810719 6.69275998417288 6.46995451953262 6.96212270657998
-9999 -9999 -9999 -9999 -9999 -9999 -9999 -9999 -9999 -9999 -9999 -9999 -9999 -9999 -9999 -9999 -9999 -9999 -9999 -9999 -9999 -9999 -9999 -9999 5.70184941450134 5.75061799259856 5.97868281370029 6.10347299883142 6.20459607988596 6.29137546150014 6.31862849043682 6.33727529970929 6.43481245590374 6.99230424081907 4.91402172273956 4.71034119068645 4.81469160411507 4.96530044823885 7.08195236232132 7.09366638353094 7.09271013690159 6.99134799418971 7.06832584785298 7.09725230839103 7.07669300585985 7.07286801934242 7.15056305797771 7.6244174144896 6.86684468304738 6.88879054319113 6.61590166133828 6.7120044475887 6.93150289263576 6.98178552789614 7.03676970908418 6.86010314431041 6.86619921657257 6.51216597788568 6.94234035443515 6.95955279376358 6.90528579754755 6.92500838427804
-9999 -9999 -9999 -9999 -9999 -9999 -9999 -9999 -9999 -9999 -9999 -9999 -9999 -9999 -9999 -9999 -9999 -9999 -9999 -9999 -9999 -9999 -9999 13.4149997001514 5.8024943722412 5.97007659403607 6.1027558138594 6.28061768691987 6.33225500490516 6.3975188373588 6.5409558317624 6.48142947908491 6.41042816685513 6.26125369267538 6.19240393536165 6.91197952395305 4.92191075743176 5.00797295407392 5.06857508420944 4.66336557501927 7.16418957244605 6.9578793621622 4.7085482282564 6.91156116605271 6.93397319642827 6.65319527988322 6.69891582184937 6.75388804995455 6.803624827764 6.8156376760453 6.77888194622938 6.77117220778018 6.88305306341499 7.01358072832227 5.91270179627463 6.18021179083735 7.01734594942536 6.92249823687598 6.86835077148862 6.88161869347095 5.76926480187103 7.06482685450464
-9999 -9999 -9999 -9999 -9999 -9999 -9999 -9999 -9999 -9999 -9999 -9999 -9999 -9999 -9999 -9999 -9999 -9999 -9999 -9999 -9999 9.07962384550334 5.81349120847881 5.45513778412715 5.5995310251601 6.37474821449723 6.01741080218926 6.28707235166803 6.3774376581423 6.36883143847808 6.38747824775055 6.36524551361799 6.33799248468131 6.14291817229241 6.2978301262483 6.8357188552618 6.94879501918331 6.79304634942673 6.97556992480531 6.78121279738843 7.0386822023429 6.86978514143266 4.80859553185292 4.78923153760843 6.90976820362266 6.67829675390385 6.59976499946788 6.80079194712453 6.88185775512829 6.87229528883472 7.40444653807208 6.88018432352692 6.87898901524022 7.19718008115888 7.22532959131058 7.05302590178326 6.90917908739565 6.97341836988926 6.7813323282171 6.02529983688146 6.08339181961492 6.88843195070513
-9999 -9999 -9999 -9999 -9999 -9999 -9999 -9999 -9999 -9999 -9999 -9999 -9999 -9999 -9999 -9999 -9999 -9999 -9999 -9999 9.83663760154876 5.529007836245 5.30811486486346 5.49530014256015 6.03534042648971 6.3033285443671 5.89477217197418 6.1343119526282 6.32866908004507 6.3853266928345 6.37528610322624 6.45489363512024 6.33153781993315 6.66478977026418 6.69491153908893 6.73555202083662 6.75754569331184 6.81743063847534 6.84683522232808 6.86153751425445 6.83876689139288 7.07908362243325 6.84145633503795 6.84593874111306 6.8237060069805 6.8116931586992 6.77906124247238 6.35296372097218 6.61097101465566 6.45879830885679 6.64010665414389 6.80990019626915 6.95477156061679 7.00354013871402 7.01860102312639 7.06320992838591 7.11111788451672 7.0362915857695 7.05422121006995 6.9949339190498 6.25193028803915 6.33153781993315
-9999 -9999 -9999 -9999 -9999 -9999 -9999 -9999 -9999 -9999 -9999 -9999 -9999 -9999 -9999 -9999 -9999 -9999 -9999 -9999 10.1800459256477 5.31869334320072 5.14029358141124 5.95501570962369 6.02243109699339 6.01023895246908 6.08769492944703 6.09271522425115 6.50007628835738 6.48716695886105 6.45632800506428 6.43983275070786 6.45991392992437 6.41473127668723 6.34301277948543 6.39967039227486 6.78444012976252 6.81725134223234 6.87408825126477 6.90313424263149 6.80822676466778 6.80093538411893 7.01429791329429 6.67489012528677 6.74607073375955 6.78892253583763 5.4135410557501 6.80822676466778 6.65753823332489 6.64080391731113 6.53970075806137 6.61888993205503 6.69013030594215 6.72216456802562 6.87890932802111 7.02808380220085 7.05685088830069 7.12418658845127 7.10912570403889 7.03284226757075 6.76400035806 6.25479902792722
-9999 -9999 -9999 -9999 -9999 -9999 -9999 -9999 -9999 -9999 -9999 -9999 -9999 -9999 -9999 -9999 -9999 -9999 12.9864039900713 5.72995002567768 5.00259406678379 5.50032043736428 5.69037445494905 5.82520522968844 5.91772209107876 6.05972471553832 6.15726187173277 6.31504256557673 6.36883143847808 6.04251227620989 6.18379771569744 6.28778953664005 6.31002227077261 6.43983275070786 6.37026580842212 6.25479902792722 6.66622414020821 6.41664376994595 6.48597165057436 6.73549225542229 6.73513366293628 6.7001708955504 6.72096925973892 6.74714651121758 6.77738781087101 7.48835717979819 6.77027572656516 4.28316789172823 4.55632571794558 6.65546636562794 4.34680012837052 6.6679772590287 6.70072870608419 6.78081436129287 6.87564215203747 7.01045119389892 7.16562394239008 6.79941136605339 6.89246611617273 6.95584733807482 7.07310708099976 6.93170211068355
-9999 -9999 -9999 -9999 -9999 -9999 -9999 -9999 -9999 -9999 -9999 -9999 -9999 -9999 -9999 -9999 8.71656904369593 10.5390307007718 4.81325723417103 5.50526104494929 4.90218817070127 4.89047414949164 5.93493453040719 6.02027954207733 6.00019836286083 6.14363535726443 6.13216039771214 6.46834085334558 6.59564118587878 6.40971098188311 6.26483961753547 6.31002227077261 6.45489363512024 6.57490258710459 6.62151961028576 6.63251644652337 6.65164137911052 6.33679717639461 6.37887202808633 6.62163914111443 6.71899700106587 6.74678791873157 6.85524222394451 6.90181940351613 6.61769462376833 6.92935133771971 6.76423941971734 6.72622861620039 6.71515209274366 6.67506942152977 5.05844484647969 6.66439133416861 5.3021084407228 6.99182611750439 6.96644211607054 5.56128115998581 6.79515806073323 6.9274288835586 6.96472250210354 6.92157614191196 6.95432332000928 6.88439778523752
-9999 -9999 -9999 -9999 -9999 -9999 -9999 -9999 -9999 -9999 8.58177416483359 9.17340925651724 8.85361800510276 -9999 -9999 -9999 8.31940671056509 8.81161862124617 5.11526382588781 8.22557850697194 6.13502913760021 6.05362864327617 5.96003600442782 6.1701712012291 6.05613879067823 6.18021179083735 6.13000884279609 6.23256629379466 6.32006286038086 6.54543823783752 6.8236701477319 6.56659519451205 6.47497481433675 6.485015403945 6.42477186629549 6.55529953120276 6.51107312459499 6.72699361350387 6.78910183208063 7.00800262298435 7.00361982593313 6.78981901705265 6.92852259064093 6.87229528883472 6.94083768116044 8.73621684375822 6.58239318570122 6.64327422110364 6.43423870792612 6.87253435049206 6.8028877209872 6.78802605462261 6.75378047220875 6.66568081825972 6.70606774976477 7.08641484659165 6.71156616788357 5.10873744264245 5.23687449097633 5.12427645036951 5.98585466342047 5.9273323697038
-9999 -9999 -9999 -9999 -9999 -9999 -9999 -9999 -9999 -9999 -9999 -9999 -9999 -9999 -9999 -9999 -9999 -9999 11.701553769893 5.89181905738352 5.99833368193358 4.40374461514875 6.22467725910246 6.31522186181974 6.3774376581423 6.3577150714118 6.38335443416145 6.34139911329839 6.5050965831615 6.73014922738075 6.32508315518498 6.35018462920561 6.36309395870194 6.45369832683355 6.56031982600689 6.80014648064971 6.82280952576548 6.66239915369079 6.87229528883472 6.86411938015372 6.91446576518938 6.69668742568631 7.37511367271654 7.14251464884728 6.75324258347973 6.8381094718352 6.73650826746598 7.18219888396561 6.91867325035855 8.03597913343193 8.05790450257648 6.87390895502176 6.99188588291872 6.78408153727651 6.87785347236786 6.87078123167157 6.78277756460011 6.94818649860099 6.91376161994413 7.00445291958749 5.76101717469282 6.80315865753218
-9999 -9999 -9999 -9999 -9999 -9999 -9999 -9999 -9999 -9999 -9999 -9999 -9999 -9999 13.0039203660097 5.10650151302381 11.6177694386833 11.2983899783857 6.50659615173936 5.59373377996963 5.73986021801829 6.27075639355462 6.28384501929395 6.2302354426356 6.16515090642497 6.19527267524973 6.09773551905528 6.2501373256091 6.50753501206636 6.60105593241751 6.4211859414354 6.14506972720847 6.23256629379466 6.80574052343145 6.33010344998911 6.79067963901907 6.34014403959736 6.29496138636023 6.71325952128973 6.9193426229991 6.91561326114461 6.98116396758705 6.95132907275111 6.98890956528485 7.26802201895043 6.79483931185678 6.74128950061277 6.66359446197748 6.94736064923927 7.09151482861489 7.12366862152703 7.00521357031539 6.96983244502917 6.82012008212041 6.65666167391464 7.31996214836836 6.9669637051411 6.99708547396585 7.15163883543573 6.30320901353844 6.49649036349729 6.60590091533959
-9999 -9999 -9999 -9999 -9999 -9999 -9999 -9999 -9999 -9999 -9999 -9999 8.45106557963503 5.18898247228935 4.28923408128321 4.23950925655663 4.35551392578054 4.32362480827474 5.01287371804938 5.02769554080442 5.85030670370907 6.13377406389918 6.05972471553832 6.4095675448887 6.03534042648971 6.27817925801501 6.16515090642497 6.29711294127628 6.32508315518498 6.53450116701424 6.6723441186361 6.42477186629549 6.71264991406351 6.24726858572103 6.48931851377711 6.47909862792585 6.48788414383307 6.40971098188311 6.43481245590374 6.88491774434224 6.92221136288717 6.93354288544506 6.98044678261504 6.95075532477349 6.96380809126422 6.96825463809073 6.98145084157586 7.2806125995703 7.27782354690135 7.31208905111998 6.99086987087503 7.0307931676507 7.01358072832227 6.95764030050486 6.9815464662388 6.98895737761632 7.02338225627318 7.10079042091966 7.10910976659507 7.12718282788992 6.30679493839853 6.36488692113198
-9999 -9999 -9999 -9999 -9999 -9999 -9999 -9999 -9999 -9999 10.161783693824 5.82994968411871 4.76735739596188 4.12356435274705 4.18380789039657 4.29293953697197 4.45004288945347 4.63157037459314 4.87144484156743 4.94268521545455 5.01392558934167 5.80857957806438 6.25274992800717 6.20732138277963 6.23385722674429 6.28162174588069 6.04824975598603 6.09821364236996 6.27488020714372 6.32508315518498 6.39034698763862 6.54353769766167 6.59603563761339 6.74893947364762 6.81735891997814 6.85623034546152 6.90169987268746 6.69801934063435 6.90987578136846 6.9510421987623 6.96638995716348 7.00138858379796 6.99263892713934 6.92350229583681 6.95477156061679 6.96337778028101 6.99450360806659 6.95835748547688 6.98800113098696 7.04800560697913 6.96983244502917 6.99947609053925 7.00306201539934 6.95931373210624 6.91460920218378 6.95859654713422 6.96170434867963 6.93851536791772 6.47999510914087 7.21176284225658 7.13374905474484 7.223911521025
-9999 -9999 -9999 -9999 -9999 -9999 -9999 -9999 -9999 -9999 9.94499977771193 9.654505250935 10.5366197903395 4.82281970046461 3.90434481296688 10.0923362823669 14.7299996707588 -9999 -9999 9.22999979369342 7.30526882003654 9.86737968818719 6.66914069242775 5.66678703809157 5.90481276158243 6.10878016762435 6.32508315518498 6.06302376640961 5.94258450344205 6.14028849406168 6.44987334031612 6.18499302398413 6.22874130727723 6.53521835198626 6.46493422472849 6.82539139166474 6.87989744953811 6.89079866111279 6.85680409343913 6.80033772997558 6.86584062408656 6.8211360941641 6.88472649501637 6.91891231201589 6.90791547577828 6.9669637051411 6.97437461651862 7.029597859364 7.03031504433602 7.05828525824472 6.99923702888191 6.98059021960944 6.94903408084065 6.94234035443515 6.94186223112047 6.86847030231729 6.85508284950629 6.85890783602372 7.10091792047024 6.45991392992437 6.44311131057995 6.74364333846964
-9999 -9999 -9999 -9999 -9999 -9999 -9999 -9999 -9999 -9999 -9999 -9999 -9999 -9999 -9999 -9999 -9999 -9999 -9999 -9999 -9999 -9999 -9999 -9999 -9999 6.2711071905518 5.90895649697632 5.89413467422128 5.98282654909417 6.12498854799196 6.02027954207733 6.49003569874913 6.64781639259309 6.75467695342377 6.60550247924402 6.68726156605408 6.69013030594215 6.73029266437516 6.69180373754352 6.79101432533935 6.81970172422007 6.81229081284255 6.88496555667371 6.92488885344937 6.99063080921769 7.02338225627318 7.07764925248921 7.06450086133555 7.04943997692317 7.03844314068556 7.04250718886033 6.97891678800806 6.95214188238606 6.92058574361727 6.92249823687598 6.71331928670406 6.74200668558478 6.46110923821107 7.09326794743538 7.0678477245383 7.26100954366848 7.07131411856972
-9999 -9999 -9999 -9999 -9999 -9999 -9999 -9999 -9999 -9999 -9999 -9999 -9999 -9999 -9999 -9999 -9999 -9999 -9999 -9999 -9999 -9999 -9999 -9999 -9999 10.6396679468453 6.51399811428479 5.87827691761777 6.10689954925328 5.7599413972348 6.32994407555088 6.17734305094928 6.17519149603322 6.75754569331184 6.73531295917928 6.77475813264027 6.7439191788435 6.84504225989804 6.72790204780176 6.75324258347973 6.81826735427603 6.84050008840859 6.88400931004435 6.87707652198151 6.92106386693195 6.9669637051411 6.96863713674247 6.99397767242044 7.00425732368603 7.01644946821034 6.98321989784017 6.95811842381954 6.96361684193835 6.90528579754755 6.88377024838701 6.53784803021699 6.7439191788435 6.75503554590978 7.26717733442783 7.2499648950994 7.27564011709765 7.27463605813682
-9999 -9999 -9999 -9999 -9999 -9999 -9999 -9999 -9999 -9999 -9999 -9999 -9999 -9999 -9999 -9999 -9999 -9999 -9999 -9999 -9999 -9999 -9999 -9999 -9999 -9999 9.43603596789762 5.97617266629823 6.22474897759967 5.8675191430375 6.00019836286083 6.03032013168558 5.75778984231874 5.93493453040719 6.17590868100524 6.20172733999789 6.62343210354447 6.48214666405693 6.79794711340219 6.78001748910174 6.7864721538499 6.83595791691914 6.82520014233887 6.8593859593384 6.87062185723335 6.83763134852052 6.83858759514987 6.92464979179204 6.94497003266588 6.90169987268746 6.83882665680721 6.85388754121959 6.93134351819754 6.90369205316529 6.56701355241239 6.85400707204826 6.86261329171248 6.94939267332666 6.97556992480531 6.56008076434955 7.14597307415679 6.93755912128836
