EcologicalScience/Bass/data/rs_data_bass/sst_202.asc
NCOLS 226 
NROWS 124 
XLLCORNER -9.41648524995501 
YLLCORNER 47.587301625531 
CELLSIZE 0.0833 
NODATA_value -9999 
[rows 0 to 26 of 124, columns 62 to 123 of 226]
-9999 -9999 -9999 -9999 -9999 -9999 -9999 -9999 -9999 -9999 -9999 -9999 -9999 -9999 -9999 -9999 -9999 -9999 -9999 -9999 -9999 -9999 -9999 -9999 -9999 -9999 -9999 -9999 -9999 -9999 -9999 -9999 -9999 -9999 -9999 -9999 -9999 -9999 -9999 -9999 -9999 -9999 -9999 -9999 -9999 -9999 -9999 -9999 -9999 -9999 -9999 -9999 -9999 -9999 -9999 -9999 -9999 -9999 -9999 -9999 -9999 -9999
-9999 -9999 -9999 -9999 -9999 -9999 -9999 -9999 -9999 -9999 -9999 -9999 -9999 -9999 -9999 -9999 -9999 -9999 -9999 -9999 -9999 -9999 -9999 -9999 -9999 -9999 -9999 -9999 -9999 -9999 -9999 -9999 -9999 -9999 -9999 -9999 -9999 -9999 -9999 -9999 -9999 -9999 -9999 -9999 -9999 -9999 -9999 -9999 -9999 -9999 -9999 -9999 -9999 -9999 -9999 -9999 -9999 -9999 -9999 -9999 -9999 -9999
-9999 -9999 -9999 -9999 -9999 -9999 -9999 -9999 -9999 -9999 -9999 -9999 -9999 -9999 -9999 -9999 -9999 -9999 -9999 -9999 -9999 -9999 -9999 -9999 -9999 -9999 -9999 -9999 -9999 -9999 -9999 -9999 -9999 -9999 -9999 -9999 -9999 -9999 -9999 -9999 -9999 -9999 -9999 -9999 -9999 -9999 -9999 -9999 -9999 -9999 -9999 -9999 -9999 -9999 -9999 -9999 -9999 -9999 -9999 -9999 -9999 -9999
-9999 -9999 -9999 -9999 -9999 -9999 -9999 -9999 -9999 -9999 -9999 -9999 -9999 -9999 -9999 -9999 -9999 -9999 -9999 -9999 -9999 -9999 -9999 -9999 -9999 -9999 -9999 -9999 -9999 -9999 -9999 -9999 -9999 -9999 -9999 -9999 -9999 -9999 -9999 -9999 -9999 -9999 -9999 -9999 -9999 -9999 -9999 -9999 -9999 -9999 -9999 -9999 -9999 -9999 -9999 -9999 -9999 -9999 -9999 -9999 -9999 -9999
-9999 -9999 -9999 -9999 -9999 -9999 -9999 -9999 -9999 -9999 -9999 -9999 -9999 -9999 -9999 -9999 -9999 -9999 -9999 -9999 -9999 -9999 -9999 -9999 -9999 -9999 -9999 -9999 -9999 -9999 -9999 -9999 -9999 -9999 -9999 -9999 -9999 -9999 -9999 -9999 -9999 -9999 -9999 -9999 -9999 -9999 -9999 -9999 -9999 -9999 -9999 -9999 -9999 -9999 -9999 -9999 -9999 -9999 -9999 -9999 -9999 -9999
-9999 -9999 -9999 -9999 -9999 -9999 -9999 -9999 -9999 -9999 -9999 -9999 -9999 -9999 -9999 -9999 -9999 -9999 -9999 -9999 -9999 -9999 -9999 -9999 -9999 -9999 -9999 -9999 13.2899997029454 10.3168110568558 8.17828912287951 8.67410300020128 8.7276528114453 9.15401927731 9.83498640824109 9.06664224155247 9.79984434461221 9.24546036124229 8.64398123137653 7.68773460201919 9.48715169681236 9.41794334701262 9.23792991903611 9.78478346019983 10.0788292987272 9.80414745444432 10.4747154032812 9.92535171471536 10.2652973914519 10.2997222701088 10.3750266921706 10.3241065591574 10.5449995305389 10.2943433828186 9.91172520024702 10.7271645134315 11.2098299995996 11.1309396526776 10.8810006899294 10.3951078713872 10.6324960971251 10.5120090218261
-9999 -9999 -9999 -9999 -9999 -9999 -9999 -9999 -9999 -9999 -9999 -9999 -9999 -9999 -9999 -9999 -9999 -9999 -9999 -9999 -9999 -9999 -9999 -9999 -9999 -9999 -9999 11.9452612749966 6.38317513791844 8.6121860309504 8.67458112351596 8.48022399609908 9.47495955228806 8.73267310624942 8.86415701778606 8.82805870752782 9.24354786798358 9.17589341895655 9.23828851152211 9.47782829217613 7.66980497771874 9.03102205460891 10.6547288312577 9.87730032159016 11.0126041322947 10.8878139471635 10.5335245709866 10.470412293449 10.2674489463679 10.0920972207095 9.85291603254154 10.108951067552 10.1448103161529 10.34992521815 11.0230033143889 10.7189168862533 10.9251075657085 10.6518600913696 11.0850398144685 10.9121982362121 10.3248237441294 10.4438764494844
-9999 -9999 -9999 -9999 -9999 -9999 -9999 -9999 -9999 -9999 -9999 -9999 -9999 -9999 -9999 -9999 -9999 -9999 -9999 -9999 -9999 -9999 -9999 -9999 -9999 -9999 10.1766225924117 7.28993600420654 8.20578121347353 8.66310616396368 8.88399913534522 9.28705708961934 9.22035888722166 9.2139042224735 9.26482435548678 8.85722422972322 10.0451216050424 9.24474317627028 9.28131960984319 9.25263221096247 10.0750043122098 10.9922838914208 10.3850672817789 12.4448225214146 12.5301675330848 10.3147831545211 10.2660145764239 10.2968535302207 10.5650807097554 10.5134433917701 10.1677602352574 10.9200872709043 10.5901821837761 10.4481795593165 10.4908520651516 10.2351756226271 8.10011596092954 10.5428479756229 10.5285042761825 10.9215216408484 10.6446882416494 10.5141605767421
-9999 -9999 -9999 -9999 -9999 -9999 -9999 -9999 -9999 -9999 -9999 -9999 -9999 -9999 -9999 -9999 -9999 -9999 -9999 -9999 -9999 -9999 -9999 -9999 -9999 9.09008166786017 9.22448270081077 9.21964170224965 9.26458529382944 9.07333596795797 9.26195561559871 9.29422893933952 9.28705708961934 9.40610979497433 9.3652302515693 9.18521682359278 10.6995528920088 10.5188222790603 9.1299935807474 9.51942502055317 6.06474501034245 10.8774147650693 12.4426709664986 12.6327249840833 12.1751609719358 11.0369884213433 11.303781230934 10.9545121495612 10.34992521815 10.2868129406124 10.3198034493253 9.78478346019983 10.7533417649101 10.9753105137497 10.4252296402119 10.3140659695491 10.550019825343 10.8533890685067 10.8239844846539 10.7242957735434 10.587313443888 10.3692892123945
-9999 -9999 -9999 -9999 -9999 -9999 -9999 -9999 -9999 -9999 -9999 -9999 -9999 -9999 -9999 -9999 -9999 -9999 -9999 -9999 -9999 -9999 -9999 -9999 -9999 9.36758383042113 9.37718333443627 9.33917253091931 9.05253760376945 9.1780449738726 9.19956052303314 9.26410717051476 9.55026397434995 9.4964751014486 9.76972257578745 9.73027740232646 10.2162897516973 10.4094515708275 10.1046479577199 10.2552568018436 11.584917739965 10.8333078892902 8.68533889809623 11.132613084279 10.4575029639527 10.8333078892902 10.5249183513224 10.5249183513224 11.0599383404478 11.1589098665863 10.4632404437289 11.3353373697028 10.4575029639527 10.7626651695464 10.2660145764239 10.0573137495667 10.5055543570779 10.0537278247066 9.34586625732481 9.81418804405257 9.52803124021739 9.97268592286855
-9999 -9999 -9999 -9999 -9999 -9999 -9999 -9999 -9999 -9999 -9999 -9999 -9999 -9999 -9999 -9999 -9999 -9999 -9999 -9999 -9999 -9999 -9999 -9999 8.54610609145963 8.96618853313848 8.74543899875134 9.3652302515693 9.37383647123352 9.16728719929233 9.50364695116878 9.91387675516307 9.32793663302436 9.65927609009668 10.070223079063 10.2574083567597 10.2201147382148 10.4940793975256 10.3165761169512 10.1925031167921 10.8925951803103 11.1041647470556 10.628192987293 11.0883866776712 10.4814569420181 7.10466321976855 7.30260627204552 10.4646748136729 10.4202093454078 10.309762859717 10.5751212993637 10.1139713623561 10.6109805479646 11.0879085543565 11.3001953060739 10.3198034493253 10.5550401201472 10.0221716859378 10.6303445422091 10.9934791997075 9.76326791103929 10.0228888709098
-9999 -9999 -9999 -9999 -9999 -9999 -9999 -9999 -9999 -9999 -9999 -9999 -9999 -9999 -9999 -9999 -9999 -9999 -9999 -9999 -9999 -9999 -9999 -9999 9.43327317578951 9.46778770256788 6.46493422472849 6.63490706309676 8.21701711136848 9.29207738442346 9.40252387011424 9.63632617099211 10.0193029460497 10.0193029460497 7.37504195421934 10.2868129406124 10.3133487845771 7.71785637084395 10.3671376574785 10.3348643337376 10.3248237441294 10.2753379810601 11.1036866237409 10.6948911896907 10.3136356585659 10.2150944434106 10.4783013281412 10.5206152414903 10.3355815187097 8.93276771344244 9.56891078362241 10.7271645134315 10.7909939759411 10.3456221083179 10.9107638662681 11.2464064331725 10.2466505821794 11.105120993685 10.707083334215 10.0056764315814 9.80127871455625 10.3449049233459
-9999 -9999 -9999 -9999 -9999 -9999 -9999 -9999 -9999 -9999 -9999 -9999 -9999 -9999 -9999 -9999 -9999 -9999 -9999 -9999 -9999 -9999 -9999 13.344999701716 9.77402568561956 9.85291603254154 10.1197088421322 9.04034545924515 8.74343088082969 9.12353891599923 8.63943905988708 9.60118410736322 9.30857263877988 10.0852839634754 9.0862452974543 9.75466169137508 9.88447217131034 10.5944852936082 10.5342417559586 10.4445936344564 10.2509536920115 10.3700063973665 10.5141605767421 10.668355345726 10.7422253978439 10.8569749933667 10.5593432299793 10.1455275011249 9.8629566221498 10.3205206342973 8.54835656844079 10.3843500968069 9.40682697994635 10.0558793796226 10.5980712184682 10.8827936523594 10.1828211196698 10.7042145943269 9.94901881879196 9.7833490902558 9.77187413070351 10.3707235823385
-9999 -9999 -9999 -9999 -9999 -9999 -9999 -9999 -9999 -9999 -9999 -9999 -9999 -9999 -9999 -9999 -9999 -9999 -9999 -9999 -9999 7.13186789915656 9.59257788769901 9.61839654669166 9.73744925204664 9.86654254700989 9.86367380712181 9.70159000344574 8.86248358618468 9.34371470240876 9.51942502055317 9.79195530992001 9.93324074940756 9.53161716507748 10.0580309345387 9.69943844852969 9.77976316539571 10.4316843049601 10.4022797211073 10.4481795593165 10.5313730160706 10.6561632012017 10.6640522358939 10.6511429063976 10.6339304670691 10.3398846285418 10.6346476520412 9.41184727475047 7.7121188910678 8.54548782855272 8.6042969962582 8.80439160345122 10.0738090039231 10.8863795772195 10.8318735193461 10.6726584555581 11.0204931669869 10.9745933287777 10.3635517326184 10.8526718835346 10.6913052648306 10.2990050851367
-9999 -9999 -9999 -9999 -9999 -9999 -9999 -9999 -9999 -9999 -9999 -9999 -9999 -9999 -9999 -9999 -9999 -9999 -9999 -9999 7.7217404512542 9.89971235196572 9.74462110176682 9.4964751014486 9.33008818794042 9.77689442550763 8.30523086292669 7.98966947523877 8.1302377297543 8.78502760920674 9.66501356987283 9.84287544293329 9.88016906147823 10.1849726745859 10.2868129406124 10.0967589230277 10.6762443804182 7.84981840569526 10.4065828309394 10.6726584555581 10.6145664728247 10.6619006809779 10.74796287762 10.7250129585154 10.6583147561178 10.6138492878526 10.5815759641118 10.6073946231045 9.37957395100966 9.39965513022617 10.430249935016 9.11493269633502 10.507705911994 10.3750266921706 11.2227393290959 11.0764335948043 10.8856623922475 11.267204797361 11.4027527570724 10.2466505821794 11.4149449015968 10.7780846464448
-9999 -9999 -9999 -9999 -9999 -9999 -9999 -9999 -9999 -9999 -9999 -9999 -9999 -9999 -9999 -9999 -9999 -9999 -9999 -9999 10.1452884394675 9.55815300904214 9.78836938505992 9.831400483381 9.79052093997598 10.0114139113575 9.97627184772864 9.7037415583618 9.93252356443554 9.87801750656217 9.89666431583464 9.89594713086262 10.2602770966478 9.92320015979931 10.1218603970483 10.1749320849776 10.6948911896907 10.5593432299793 10.6045258832164 10.1935788942501 9.47209081239998 10.6948911896907 10.7945799008012 10.8447828488424 10.7400738429278 10.707800519187 10.6783959353343 10.6999114844948 10.7350535481237 10.4818872530013 10.6174352127127 10.6030915132724 10.7056489642709 10.7551347273402 10.6124149179086 10.6654866058379 10.5120090218261 11.4314401559532 11.3790856529959 11.2966093812138 10.5371104958467 10.1613055705093
-9999 -9999 -9999 -9999 -9999 -9999 -9999 -9999 -9999 -9999 -9999 -9999 -9999 -9999 -9999 -9999 -9999 -9999 10.0778513192199 9.9346751193516 9.36164432670921 9.35375529201701 10.0924558131956 10.1742149000056 10.070223079063 9.90742209041491 10.1039307727478 10.1362040964887 9.9468672638759 10.271034871228 10.2638630215079 10.470412293449 10.4639576287009 10.4438764494844 10.4955137674697 10.5220496114343 10.5356761259027 10.8849452072755 9.68222600920126 10.8053376753815 10.6203039526008 10.866298398003 10.8935514269397 10.9150669761002 11.0133213172667 10.6884365249425 10.6303445422091 10.4108859407715 10.5012512472458 10.6991942995228 10.9616839992814 10.7042145943269 10.9602496293373 10.6654866058379 10.7235785885714 10.66978971567 10.6905880798586 10.8297219644301 10.230155327823 10.2896816805005 10.3836329118349 10.5328073860146
-9999 -9999 -9999 -9999 -9999 -9999 -9999 -9999 -9999 -9999 -9999 -9999 -9999 -9999 -9999 -9999 13.1018834866118 11.1874815904716 10.1067995126359 9.60620440216735 10.0895870733075 10.0157170211896 9.8392895180732 10.3700063973665 9.97914058761671 10.1691946052015 10.2617114665918 10.3198034493253 10.3850672817789 9.80271308450028 10.5313730160706 10.4582201489247 10.5306558310986 10.5822931490839 10.8706015078351 10.6970427446067 10.7565690972842 11.1488692769781 11.0821710745804 10.946623114869 10.866298398003 10.747245692648 11.104403808713 11.0542008606717 10.8196813748218 10.9975432478823 10.3972594263032 10.5299386461265 10.8899655020796 11.0126041322947 11.0448774560355 11.0126041322947 11.3339029997587 10.8376109991223 10.7429425828159 10.7156895538792 10.18999296939 10.1950132641941 10.2939847903326 10.5213324264623 10.5952024785802 10.6826990451664
-9999 -9999 -9999 -9999 -9999 -9999 -9999 -9999 -9999 -9999 8.71994976687711 8.00586275697539 8.59425955950862 -9999 -9999 -9999 8.24345050033714 9.82996611343697 10.9236731957644 11.2887203465216 11.3812372079119 11.145283352118 9.57034515356645 10.231589697767 10.1957304491661 10.1010620328598 10.6009399583563 10.7780846464448 10.7020630394109 10.9753105137497 10.5830103340559 10.6095461780205 10.9674214790575 11.0785851497203 11.7132938499562 11.1087069185451 11.1008178838529 11.0592211554758 10.9186529009603 10.6052430681884 11.2134159244597 11.0527664907277 10.9093294963241 11.0929288491607 10.9279763055965 10.587313443888 11.0420087161474 11.7513046534732 11.982238214463 13.1498153489083 13.3448896612972 10.2201147382148 10.4058656459674 10.6748100104742 10.469695108477 10.7350535481237 10.4912106576376 10.2452162122354 10.4575029639527 10.7300332533196 10.8935514269397 10.8116130438866
-9999 -9999 -9999 -9999 -9999 -9999 -9999 -9999 -9999 -9999 -9999 -9999 -9999 -9999 -9999 -9999 -9999 14.5149996755645 13.298631230602 9.89020965108648 11.3711966183037 11.3575701038353 9.0941343321465 10.3176518944092 10.5227667964064 10.6755271954462 10.7544175423682 11.0147556872107 11.3374889246188 11.0147556872107 11.0922116641887 11.0800195196643 11.3798028379679 11.1316568376496 11.3303170748986 11.5225226473995 11.5361491618678 11.4271370461211 11.4500869652256 11.0384227912873 11.2449720632285 10.8361766291782 10.9588152593933 11.024796276819 11.0907772942446 12.6104922499508 13.3628192855977 12.0338755324483 13.3664052104577 12.58180485107 13.4123050486669 10.7902767909691 10.8074892302975 10.7723471666686 10.5048371721059 10.668355345726 10.4903141764225 11.465147849638 8.90372172207572 10.9760276987217 10.8749046176672 10.945188744925
-9999 -9999 -9999 -9999 -9999 -9999 -9999 -9999 -9999 -9999 -9999 -9999 -9999 -9999 8.70762620065058 11.0387813837733 12.148542375859 10.9180791529827 10.7228614035994 10.6009399583563 10.4524826691486 9.85721914237365 10.7386394729838 11.1029694387689 10.9803308085538 10.7773674614727 10.7013458544388 10.6339304670691 11.2750938320532 11.1718191960827 11.3088015257381 11.6975157805718 11.7089907401241 11.30593278585 11.6128879538737 11.6975157805718 11.4221167513169 11.7627796130255 11.6444440926425 10.3764610621147 11.7362437690608 11.5885036648251 11.3884090576321 11.2019409649074 11.2614673175849 11.1603442365304 10.8648640280589 10.7250129585154 10.9372997102328 12.0388958272524 10.9208044558764 10.4732810333371 10.6389507618733 11.3884090576321 10.9150669761002 10.6303445422091 10.2136600734666 10.9035920165479 10.827570409514 11.1151615832932 10.9552293345332 11.343943589367
-9999 -9999 -9999 -9999 -9999 -9999 -9999 -9999 -9999 -9999 -9999 -9999 10.355652628304 11.265053242445 11.0714133000001 10.3119144146331 10.6224555075169 10.7716299816966 10.5772728542797 11.0412915311754 10.9394512651488 10.8203985597938 11.4436323004775 11.6193426186219 11.263618872501 10.867732767947 10.9322794154286 11.6917783007957 11.0298165716231 11.1789910458028 11.3747825431637 11.2076784446836 11.8653370640241 10.9638355541974 12.1500594979152 12.0991393649019 12.1299783186987 12.7754447935149 11.6049989191815 11.5784630752169 11.7792748673819 11.5669881156646 11.4120761617087 11.3339029997587 11.2363658435643 11.1832941556349 11.0075838374905 11.0090182074346 10.8784905425273 10.9021576466039 10.2107913335785 10.9774620686658 11.0384227912873 10.9975432478823 11.186162895523 10.865581213031 11.1567583116703 11.024796276819 11.4149449015968 11.3597216587514 11.2901547164656 11.3353373697028
-9999 -9999 -9999 -9999 -9999 -9999 -9999 -9999 -9999 -9999 8.26706637691573 9.7159337028861 10.9796136235818 10.4739982183091 10.9251075657085 10.2832270157523 9.99420147202909 10.5902419491904 11.0498977508396 10.50985746691 10.6367992069572 9.53089998010546 10.3011566400528 11.0929288491607 10.8297219644301 10.9674214790575 11.3073671557941 11.4407635605894 11.4816431039944 10.9624011842534 11.3331858147867 10.9652699241415 10.9251075657085 10.7257301434875 11.7878810870461 12.6097750649787 11.663808086887 12.0467848619446 13.1677449732088 12.3207495212555 10.669072530698 11.3948637223803 11.5081789479591 11.2987609361298 10.9939573230222 11.6372722429223 11.0735648549162 11.6996673354879 11.6322519481182 11.9915616190992 11.5275429422036 11.6738486764953 11.0728476699442 11.0871913693845 11.2872859765776 11.0477461959235 11.4671201083111 11.5153507976793 11.582766185049 11.6060746966396 9.98416088242084 10.109309660038
-9999 -9999 -9999 -9999 -9999 -9999 -9999 -9999 -9999 -9999 5.79499987047166 6.85765482319904 11.942793041002 10.6253242474049 10.6002227733843 10.2201147382148 12.7399997152388 -9999 -9999 9.22999979369342 8.18496534383142 9.14355592798811 10.6002227733843 10.309045674745 10.5112918368541 10.7106692590751 10.2631458365358 10.7329019932076 10.4051484609954 11.147434907034 11.0341196814552 10.9545121495612 10.8641468430869 10.5392620507628 10.2509536920115 10.6203039526008 10.6124149179086 10.9961088779382 11.0549180456437 11.2076784446836 10.9946745079942 10.6884365249425 11.14600053709 11.3389232945628 11.2299111788161 11.8803979484364 12.5753501863219 12.020966202952 11.2521439129487 11.2184362192638 11.3711966183037 10.9265419356525 12.6528061632998 10.1971648191102 11.4371776357293 8.96109651983716 11.5377628280548 11.1399044648279 11.2277596239001 11.1897488203831 11.224890884012 11.3898434275761
-9999 -9999 -9999 -9999 -9999 -9999 -9999 -9999 -9999 -9999 -9999 -9999 -9999 -9999 -9999 -9999 -9999 -9999 -9999 -9999 -9999 -9999 -9999 -9999 11.4642379827456 10.6052430681884 10.0472731599584 9.79984434461221 9.95188755868003 10.3635517326184 10.5952024785802 10.3707235823385 10.4467451893725 9.98487806739286 10.1985991890542 10.6138492878526 9.93969541415572 10.5801415941678 10.4065828309394 11.2535782828927 10.9652699241415 10.9717245888896 11.2528610979207 11.2012237799354 11.2119815545157 11.4988555433229 12.0016022087075 11.5383007167839 11.742698433809 11.2048097047955 10.9896542131901 10.9552293345332 8.48022399609908 11.3547013639472 11.1646473463625 11.1553239417262 8.71438488946296 12.3551743999124 11.6987708542729 11.4764435129473 11.1746879359707 11.4850497326115
-9999 -9999 -9999 -9999 -9999 -9999 -9999 -9999 -9999 -9999 -9999 -9999 -9999 -9999 -9999 -9999 -9999 -9999 -9999 -9999 -9999 -9999 -9999 -9999 -9999 10.6396679468453 10.3700063973665 9.71521651791409 10.3843500968069 11.7111422950402 9.98774680728093 10.2394787324592 10.50985746691 10.1942960792221 10.0594653044827 9.81992552382872 10.1247291369364 9.98416088242084 11.665242456831 10.9150669761002 11.2557298378088 11.3711966183037 11.3224280402064 11.2327799187042 11.3475295142271 11.2162846643478 11.0900601092726 11.345377959311 11.2413861383684 10.9767448836938 10.9674214790575 11.2299111788161 12.1292611337267 11.1811426007189 11.1208990630694 11.105120993685 8.52970975916833 11.3726309882477 11.1711020111106 11.4712439219002 11.184728525579 11.1517380168661
-9999 -9999 -9999 -9999 -9999 -9999 -9999 -9999 -9999 -9999 -9999 -9999 -9999 -9999 -9999 -9999 -9999 -9999 -9999 -9999 -9999 -9999 -9999 -9999 -9999 -9999 -9999 9.95774456928484 9.76255072606727 9.87156284181401 9.96981718298048 10.8053376753815 10.2000335589983 10.0644855992869 9.95905940840021 9.75537887634709 10.0601824894547 10.3793298020028 10.188558599446 10.8894873787649 10.7630237620324 10.8806420974433 11.1510208318941 11.0448774560355 11.0405743462034 11.6996673354879 11.3704794333316 11.8703573588282 10.7802362013608 11.0491805658676 11.1087069185451 12.4046601629816 11.1976378550753 11.224890884012 11.2213049591519 11.266487612389 11.346095144283 11.3611560286954 11.1739707509987 11.1732535660267 11.3977324622683 11.4902493236586
