EcologicalScience/Bass/data/rs_data_bass/sst_301.asc
NCOLS 226 
NROWS 124 
XLLCORNER -9.41648524995501 
YLLCORNER 47.587301625531 
CELLSIZE 0.0833 
NODATA_value -9999 
[rows 81 to 107 of 124, columns 62 to 123 of 226]
15.1321146115661 -9999 -9999 -9999 -9999 -9999 -9999 -9999 -9999 -9999 -9999 -9999 -9999 -9999 -9999 -9999 -9999 -9999 -9999 -9999 -9999 -9999 -9999 -9999 -9999 -9999 -9999 -9999 -9999 -9999 -9999 -9999 -9999 -9999 -9999 -9999 -9999 -9999 -9999 -9999 -9999 -9999 -9999 -9999 -9999 -9999 -9999 -9999 -9999 -9999 -9999 -9999 -9999 -9999 -9999 -9999 -9999 -9999 -9999 -9999 -9999 -9999
14.9186534439547 -9999 -9999 -9999 -9999 -9999 -9999 -9999 -9999 -9999 -9999 -9999 -9999 -9999 -9999 -9999 -9999 -9999 -9999 -9999 -9999 -9999 -9999 -9999 -9999 -9999 -9999 -9999 -9999 -9999 -9999 -9999 -9999 -9999 -9999 -9999 -9999 -9999 -9999 -9999 -9999 -9999 -9999 -9999 -9999 -9999 -9999 -9999 -9999 -9999 -9999 -9999 -9999 -9999 -9999 -9999 -9999 -9999 -9999 -9999 -9999 -9999
-9999 -9999 -9999 -9999 -9999 -9999 -9999 -9999 -9999 -9999 -9999 -9999 -9999 -9999 -9999 -9999 -9999 -9999 -9999 -9999 -9999 -9999 -9999 -9999 -9999 -9999 -9999 -9999 -9999 -9999 -9999 -9999 -9999 -9999 -9999 -9999 -9999 -9999 -9999 -9999 -9999 -9999 -9999 -9999 -9999 -9999 -9999 -9999 -9999 -9999 -9999 -9999 -9999 -9999 -9999 -9999 -9999 -9999 -9999 -9999 15.3519938864416 -9999
-9999 -9999 -9999 -9999 -9999 -9999 -9999 -9999 -9999 -9999 -9999 -9999 -9999 -9999 -9999 -9999 -9999 -9999 -9999 -9999 -9999 -9999 -9999 -9999 -9999 -9999 -9999 -9999 -9999 -9999 -9999 -9999 -9999 11.3199997469783 11.209999749437 11.1449997508898 -9999 -9999 -9999 -9999 -9999 -9999 -9999 -9999 -9999 -9999 -9999 -9999 -9999 -9999 -9999 -9999 -9999 -9999 -9999 -9999 17.2699996139854 13.7857936603785 17.5296639730223 16.9867549492046 15.6836298550479 16.4251991161145
-9999 -9999 -9999 -9999 -9999 -9999 -9999 -9999 -9999 -9999 -9999 -9999 -9999 -9999 -9999 -9999 -9999 -9999 -9999 -9999 -9999 -9999 -9999 -9999 -9999 -9999 -9999 -9999 -9999 -9999 -9999 -9999 -9999 16.8094404015175 19.1601840069052 19.2379985763691 18.8703217473812 18.2332224305719 19.2450269890949 17.8997314185835 17.7715101553476 -9999 16.157402247563 18.5979109888431 16.5736564053223 18.9651096945163 18.7660908647813 18.9174168938771 17.0520187816583 16.801721226424 17.1839808165096 17.15500654364 14.5689235967398 -9999 15.871401920449 17.1144138742238 17.2090822905302 15.8923306819052 15.3974730512127 14.929151264485 14.6186101716012 14.8244422585703
-9999 -9999 -9999 -9999 -9999 -9999 -9999 -9999 -9999 -9999 -9999 -9999 13.7154211677227 16.4696645843796 16.1770531157963 15.9116946761496 16.1146580232307 16.2272560638376 16.2753074569628 -9999 -9999 -9999 -9999 -9999 -9999 11.894999734126 10.4975117640003 16.9803002844565 17.039826637134 17.2506790189072 17.361125504598 17.5504623372108 18.0725729968399 18.9238715586253 13.8849996896461 12.8237500968476 14.6673787496984 18.181011364609 17.4514908110723 17.6193120945245 17.836619141046 18.0159153840505 17.3080538166687 16.9846033942886 16.2229529540055 16.6174046886154 15.9016540865414 15.7725607915781 15.847148028668 15.7983794505708 15.9425336299464 16.1541031966917 16.2272560638376 16.4911801335402 16.681951336097 16.3549149888568 15.6664174157195 14.7806939752772 14.6437116456218 14.5669728536159 14.7390972469002 14.848826547619
-9999 -9999 -9999 -9999 -9999 -9999 -9999 -9999 -9999 15.4318789315922 13.432197494996 14.2872707145289 15.4419385194778 15.688650149852 15.2124393284321 15.1966612590477 15.4526962940581 15.6951048146002 15.9059571963735 16.0536973006092 16.3090151506476 13.8237779732794 16.4510177751072 15.9783928785473 16.0164036820643 16.0350504913367 -9999 16.5865657348186 16.6317483880557 16.9128848970868 16.9458754057996 16.8684194288217 17.3474989901297 17.3883785335347 17.4751579151489 16.1199996396899 13.9856763751809 17.0125736081973 17.0764030707069 17.3102053715847 17.4572282908484 17.6200292794965 17.401287863031 16.8992583826184 15.8091372251511 15.8184606297873 15.7008422943763 15.5236976062879 15.5387584907003 15.3515732130036 15.2425610972568 15.1342661664821 14.9585558483377 14.7964720446616 14.7907345648855 14.7061067381874 14.6408429057337 14.5024262061343 14.7018036283553 14.8273109984584 15.0187993859872 15.0804772935808
-9999 -9999 -9999 -9999 -9999 -9999 -9999 -9999 13.7733768968354 15.009475981351 14.6200445415452 14.4672841425054 14.8681905418634 15.0654164091684 14.9650105130859 14.8559983973391 15.2361064325087 15.1163365421817 15.3357951436192 15.1973784440197 15.7912076008506 16.3341166246682 15.8830072772689 15.6384472018108 15.7209234735928 15.8306527743116 16.0164036820643 16.1842249655165 16.3362681795843 16.402966381982 16.3348338096403 16.2537919078022 16.3463087691925 16.4531693300232 16.5478377463296 16.7472151685506 16.8124790010042 16.9272285965271 16.9939267989248 17.1373637933284 17.2327493946068 17.5748466262594 17.4665516954847 15.9030884564854 15.847148028668 15.6104769879021 15.4519791090861 15.4175542304292 15.3487044731155 15.287026565522 15.127811501734 15.0073244264349 14.9234137847088 14.811532929074 14.8172704088502 14.849543732591 14.8552812123671 14.809381374158 15.0611132993363 15.1070131375454 15.5753349242732 15.9102603062056
-9999 -9999 -9999 -9999 -9999 -9999 -9999 -9999 15.1570367893437 14.6759849693626 15.2275002128445 14.9391918540932 14.6967833335511 14.8710592817515 14.8832514262758 15.008041611407 15.0718710739166 15.1213568369858 15.1443067560904 15.5523850051686 15.6965391845442 15.6621143058874 15.6628314908594 15.7316812481731 15.7338328030892 15.7861873060465 15.8170262598433 15.8041169303469 15.8098544101231 15.7388530978933 15.8234809245914 15.7237922134809 15.8313699592836 15.8787041674368 16.0429395260289 16.0895565492101 16.2372966534458 16.32407603506 16.7364573939703 16.7264168043621 16.882763128262 16.6898403707892 15.7374187279493 15.5201116814278 15.3465529181994 15.1945097041316 15.0790429236367 15.049638339784 15.1493270508945 15.0374461952597 15.1213568369858 15.0646992241964 15.3078249297105 15.010910351295 15.0761741837487 15.0216681258753 15.1220740219578 15.0195165709592 15.2941984152421 15.4620196986943 15.6664174157195 15.7065797741525
12.2941269779483 9.40499978978187 -9999 -9999 -9999 -9999 -9999 -9999 15.1919919271022 13.6210058755241 13.7909787138924 13.9767296216451 14.5031433911063 14.4350108187646 14.4608294777572 14.5913571426645 14.5074465009384 14.5497604142874 14.5052949460223 14.5791649981402 15.0539414496161 15.3444013632834 15.4232917102054 15.4283120050095 15.3006530799903 15.288460935466 15.2346720625646 15.1177709121257 15.2447126521729 15.2023987388238 15.1758628948592 15.1421552011743 15.2934812302701 15.2834406406619 15.3723715771921 15.5330210109241 15.6671346006915 15.7144688088447 15.7065797741525 15.8987853466533 15.6255378723145 15.5043336120434 15.0388805652037 14.8208563337103 14.7957548596896 14.8079470042139 14.812250114046 14.9234137847088 14.8983123106882 15.0015869466588 14.9549699234776 14.9571214783937 15.0568101895042 15.3472701031715 15.4957273923792 15.2834406406619 15.2956327851862 15.3573106927797 15.449110369198 15.4806665079668 15.9052400114015 16.1003143237904
15.4222159327473 15.7500889957882 16.1462141619995 14.7816502219066 14.6385376683237 -9999 16.1899624452926 13.9121829741634 13.8103427081369 13.776635014452 13.7049165172502 13.7637256849557 14.015457610134 14.5174870905466 14.3432111423463 14.1251869108528 14.0907620321959 14.1990569629706 14.2033600728028 14.2449568011798 14.2184209572151 14.2679067202844 14.2879878995009 14.3410595874302 14.3747672811151 14.4256874141283 14.4278389690444 14.5354167148471 14.5225073853508 14.3962828302756 14.4077577898279 14.6652271947823 14.6989348884672 14.731208212208 14.7685018307529 14.7964720446616 14.8638874320313 14.8559983973391 14.8359172181226 14.8610186921433 14.8273109984584 14.7613299810328 14.6408429057337 14.5447401194833 14.6078523970209 14.5483260443434 14.6874599289149 14.8194219637662 14.9399090390652 14.9076357153244 14.9521011835895 14.7541581313126 15.0998412878253 15.211004958488 15.2863093805499 15.2052674787119 14.8760795765556 15.0668507791124 15.3092592996545 15.5244147912599 15.8292184043676 16.0271614566445
15.370220022276 15.4021347535308 13.0702078170143 13.7701803497039 14.5510154879885 14.2732856075745 14.173238303978 14.0685292980634 13.4309518579394 13.5084078349173 13.6977446675301 13.5392467887141 13.5543076731265 13.8304238873534 13.9380016331561 13.9301125984639 14.054185598623 14.132358760573 14.015457610134 14.0090029453859 14.1481368299574 14.171803934034 14.1302072056569 14.172521119006 14.2829676046968 14.2786644948646 14.3073518937454 14.3224127781577 14.1875820034184 14.0699636680074 14.3238471481018 14.3489486221224 14.4852137668058 14.5282448651269 14.5999633623287 14.6214789114892 14.5275276801549 14.5074465009384 14.6013977322727 14.569841593504 14.5583666339517 14.5949430675246 14.5935086975805 14.5017090211622 14.6358226109296 14.6444288305938 14.7957548596896 14.8796655014157 14.9083529002964 14.6315195010975 15.0467695998959 14.6013977322727 14.7606127960607 15.008041611407 14.9944150969386 14.9391918540932 15.1514786058106 15.3200170742348 15.4268776350655 15.52800071612 15.8722495026886 16.0544144855812
13.2824945687316 13.5715201124549 13.973143696785 14.0742667778395 14.0233466448262 13.6389354998246 13.2667164993472 13.3829004648142 13.4144566035829 13.5872981818393 13.5464186384343 13.4868922857568 13.5657826326787 13.733603916131 13.8010193035007 13.8390301070176 13.9831842863932 14.1373790553771 14.1452680900693 14.0871761073358 14.0204779049382 14.0333872344345 14.1029541767202 14.1172978761606 14.1653492692858 14.1538743097335 14.2019257028587 14.1933194831945 14.2671895353124 14.2657551653683 14.3948484603316 14.4830622118898 14.5849024779163 14.4866481367499 14.5684072235599 14.4880825066939 14.3991515701637 14.5605181888677 14.6659443797544 14.5956602524966 14.6229132814333 14.650883495342 14.8646046170034 14.7964720446616 14.7735221255571 14.7505722064525 14.6867427439429 15.1041443976574 15.0259712357074 14.9148075650446 14.7993407845497 15.0066072414629 15.0001525767148 15.0238196807913 14.9879604321904 15.1529129757546 15.4304635599256 15.5373241207562 15.6986907394603 15.8808557223529 16.2494887979701 16.3986632721499
13.4503158521838 14.5576494489796 14.5146183506586 14.4758903621696 14.2779473098926 14.135227500461 13.7450788756832 13.5894497367553 13.5127109447494 13.4718314013444 13.7429273207672 14.0498824887909 13.8325754422694 14.0570543385111 14.1796929687262 14.1366618704051 14.1854304485023 14.1287728357129 14.0448621939868 14.0599230783992 14.0592058934271 14.0384075292386 13.9810327314772 14.0800042576157 14.1273384657688 14.2564317607321 14.2255928069353 14.3941312753595 14.5641041137278 14.5397198246792 14.5748618883081 14.5691244085319 14.5963774374686 14.8208563337103 14.7864314550534 14.6150242467411 14.6057008421049 14.8007751544937 14.6960661485791 14.7520065763965 14.7835627151653 14.8079470042139 14.8646046170034 14.891140460968 14.8452406227589 14.929868449457 15.1651051202789 14.81009855913 14.7125614029355 14.8466749927029 15.0776085536927 15.2784203458577 15.127811501734 14.851695287507 15.3350779586472 15.4390697795898 15.8285012193955 16.0902737341821 16.4079866767861 16.6009094342589 16.8540757293813 16.9831690243445
14.4335764488205 14.7010864433832 15.04820396984 15.1729941549711 15.1794488197193 15.010193166323 14.7082582931034 14.1825617086142 13.8024536734447 14.0513168587349 14.1101260264404 14.0792870726436 14.2463911711238 14.3044831538573 14.2643207954243 14.2478255410679 14.1969054080546 14.2012085178867 14.1036713616922 14.0749839628115 14.0341044194065 14.0254981997423 14.0341044194065 14.1775414138101 14.1839960785583 14.3582720267586 14.3482314371504 14.4665669575334 14.6021149172448 14.6472975704819 14.6688131196424 14.6788537092507 14.7182988827117 14.7620471660048 14.8007751544937 14.6221960964613 14.5970946224406 14.7032379982993 15.0001525767148 14.9463637038134 15.0410321201198 15.1428723861463 15.1894894093275 14.930585634429 15.0403149351478 15.1887722243555 15.2303689527325 15.2762687909417 15.0747398138046 15.2719656811096 15.2447126521729 15.3565935078077 15.487121172715 15.9059571963735 15.8686635778286 16.1447797920555 16.5707876654342 16.9752799896523 17.3073366316967 17.4091768977232 17.5784325511195 17.6731009674259
15.2590563516133 15.1414380162023 15.6011535832658 15.6793267452158 15.8908963119611 16.0207067918964 15.7883388609625 15.5746177393012 15.2023987388238 15.0596789293922 15.2590563516133 14.9413434090093 14.890423275996 14.8036438943818 14.5562150790356 14.4177983794361 14.3848078707233 14.2356333965436 14.1438337201253 14.2736442000605 14.3496658070944 14.4034546799958 14.3589892117307 14.4185155644082 14.4680013274774 14.3819391308352 14.4385967436247 14.65016631037 14.8416546978988 14.850260917563 14.8667561719194 14.8646046170034 14.7620471660048 14.8373515880667 14.8796655014157 15.0424664900638 15.167973860167 15.368785652332 15.4318979298696 15.44982755417 15.4842524328269 15.4799493229948 15.4211401552893 15.3752403170802 15.4039277159609 15.2863093805499 15.1471754959784 15.2920468603261 15.4139683055691 15.9396648900583 16.1741843759082 16.284630861599 15.8485823986121 16.4560380699113 16.5413830815814 17.0462813018821 17.5468764123507 18.1629383033141 17.8567003202625 17.9549546614289 18.3408001763746 18.3200018121861
15.3981902361847 16.0795159596018 16.1146580232307 16.1741843759082 16.2258216938935 16.5973235093988 16.2760246419348 16.1182439480908 16.0529801156372 15.6578111960553 15.6441846815869 15.4978789472952 15.4720602883026 15.2246314729564 14.6422772756778 14.4844965818338 14.1875820034184 14.49381998647 14.331018997822 14.5368510847911 14.6157414317131 14.6688131196424 14.3252815180458 14.4457685933448 14.4271217840724 14.6480147554539 14.9528183685616 15.1113162473775 15.1794488197193 15.1127506173216 15.0374461952597 15.1077303225175 15.1572160855867 15.2913296753541 15.4390697795898 15.5868098838255 15.8378246240318 15.927472745534 16.0207067918964 16.0077974624 15.9626148091629 15.9016540865414 15.6965391845442 15.6169316526502 15.3357951436192 15.5638599647209 15.6692861556076 15.8378246240318 15.8270668494515 16.5793938850984 16.9458754057996 17.0333719723858 16.8971068277024 17.0054017584771 17.1588793424889 17.1502731228247 18.5366304404908 18.3049995908514 -9999 -9999 -9999 -9999
15.966917918995 16.0099490173161 16.3470259541646 16.1218298729509 16.2874996014871 16.4560380699113 16.5349284168333 16.9164708219469 16.1282845376991 16.0034943525679 16.1806390406564 15.6750236353837 15.5760521092452 15.2583391666412 15.1400036462583 14.8954435708001 14.8151188539341 14.6214789114892 14.4730216222815 14.692480223719 14.7656330908649 14.8029267094098 14.6709646745585 14.6444288305938 14.968596437946 15.2977843401022 15.3487044731155 15.568880259525 15.2396923573688 15.2217627330683 15.0847804034129 15.249015762005 15.767540496774 16.005645907484 16.0214239768684 16.0759300347418 16.2502059829421 16.1741843759082 16.167012526188 16.3212072951719 16.1691640811041 16.0680410000496 15.8536026934162 15.7230750285089 15.6700033405796 15.7488936875015 16.0271614566445 16.0917081041262 16.2695699771866 17.2169713252224 17.8939939388074 17.8631549850106 17.5877559557557 17.8064973722212 15.0746633140743 -9999 -9999 -9999 -9999 -9999 -9999 -9999
15.8801385373808 15.8686635778286 16.2745902719907 16.4008148270659 16.6059297290631 16.684102891013 16.364955578465 16.2824793066829 16.0809503295459 15.8966337917373 15.687215779908 15.7926419707946 15.7689748667181 15.7209234735928 15.2468642070889 15.1672566751949 15.3092592996545 15.1643879353069 15.0532242646441 14.9248481546529 15.2224799180403 15.1392864612862 15.2985015250742 15.3372295135632 15.3465529181994 15.407513640821 15.4835352478549 15.6348612769507 15.5954161034897 15.6549996500835 13.2599997036159 12.5180778435564 14.8870814992115 14.5399996750057 -9999 16.4749996317551 16.2387310233898 16.0666066301055 16.1046174336225 16.2552262777463 16.08597062435 16.124698612839 16.1641437863 16.1720328209922 16.0565660404973 16.0149693121202 16.5844141799025 17.1258888337761 17.2987304120325 17.8875392740592 18.3472548411228 18.1729788929224 17.8452253607102 -9999 -9999 -9999 -9999 -9999 -9999 -9999 -9999 -9999
16.0422223410569 16.0723441098817 16.1146580232307 16.3355509946123 16.6790825962089 16.6934262956493 16.2143467343412 16.4395428155549 16.1146580232307 15.3644825424999 15.2812890857458 15.5050507970154 15.4412213345058 15.3250373690389 15.2934812302701 15.2669453863055 15.2468642070889 15.2791375308298 15.0274056056514 14.9728995477781 15.1808831896633 15.2561876117252 15.2138736983761 15.8507339535281 15.9826959883794 15.8665120229125 15.4849696177989 15.5531021901406 15.7926419707946 -9999 -9999 -9999 -9999 -9999 16.3799996338785 17.3231147010811 16.1548203816637 16.0809503295459 16.1576891215518 16.1096377284266 16.2631153124385 16.5291909370571 16.8626819490455 16.9989470937289 16.9924924289808 16.9752799896523 17.3388927704655 17.6953337015584 17.8445081757382 18.8005157434382 18.7295144312084 18.8621936510317 18.8399609168991 -9999 -9999 -9999 -9999 -9999 -9999 -9999 -9999 -9999
16.2322763586417 16.284630861599 16.2172154742293 16.046525450889 16.5363627867773 16.681234151125 15.8112887800671 16.3061464107595 16.0744956647977 15.7589342771098 15.4397869645618 15.4591509588063 15.5401928606443 14.9721823628061 14.9155247500166 14.8387859580107 15.1816003746353 15.1816003746353 14.8473921776749 15.3551591378637 14.9934588503093 15.6750236353837 14.9642933281139 16.1490829018876 16.524887827225 16.1039002486505 15.5000305022113 15.8320871442556 15.9733725837432 15.8449996458367 -9999 -9999 -9999 -9999 -9999 18.4799995869398 17.1359294233844 17.4522079960443 17.3503677300178 16.7343058390543 16.9365520011634 17.1868495563976 17.5870387707837 17.4981078342535 17.3575395797379 17.3876613485627 18.0582292973995 18.2583239045925 18.0804620315321 18.6821802230552 19.2968077440746 19.0766319576651 20.9334238502197 14.2264218931086 8.8871355357616 21.4958218548744 -9999 -9999 -9999 -9999 -9999 -9999
16.2867824165151 16.365672763437 16.364238393493 16.2179326592013 16.5464033763856 15.9884334681556 15.489272727631 15.2719656811096 15.768257681746 15.8356730691157 15.0123447212391 14.6480147554539 14.6702474895865 14.5684072235599 14.7677846457809 14.7785424203612 15.3171483343467 15.3236029990949 15.4168370454572 15.4161198604852 14.7835627151653 15.0446180449799 15.7818841962144 16.4309365958907 17.0455641169101 17.1897182962857 17.3324381057173 17.123020093888 17.6272011292167 18.2791222687811 16.0546726568028 24.7149994475767 -9999 -9999 -9999 -9999 17.5217749383301 18.1213415749371 17.7233039154671 17.399853493087 17.6623431928456 17.9061860833317 18.2956175231375 18.6118960957974 18.6699880785309 18.4713278412819 18.8471327666193 18.7323831710964 18.9382152580656 20.1287423116155 19.9723959877156 20.0778221786022 16.5726439088912 9.86999977938831 -9999 -9999 -9999 -9999 -9999 -9999 -9999 -9999
15.3867152766325 16.2136295493692 16.2272560638376 15.8406933639199 16.0364848612808 15.7101656990126 15.7209234735928 14.6451460155658 15.926755560562 15.3587450627238 14.7606127960607 14.2313302867115 14.7584612411447 15.1055787676014 14.7835627151653 15.2827234556898 15.5165257565677 15.2526016868651 15.3651997274719 15.3616138026118 15.7431562077254 15.6535080862232 16.3090151506476 16.9171880069189 17.3288521808572 17.2248603599146 17.200476070866 17.2492446489632 17.3833582387306 17.9893795400858 15.8830380406578 -9999 -9999 -9999 -9999 -9999 -9999 -9999 -9999 -9999 -9999 -9999 -9999 -9999 -9999 -9999 20.0247504906729 19.7213812475093 20.1653187451884 21.1378215672448 21.2303384286352 21.2299995254725 -9999 -9999 -9999 -9999 -9999 -9999 -9999 -9999 -9999 -9999
15.4297463749535 15.0625476692803 15.1715597850271 15.8543198783882 15.4132511205971 15.3508560280316 15.7316812481731 15.4333322998136 14.9614245882258 14.9901119871065 14.7240363624878 14.5626697437838 14.7441175417043 14.889706091024 15.1249427618459 15.4419385194778 16.0572832254693 15.8120059650391 15.7524796123616 15.808420040179 16.0974455839023 16.3183385552838 16.5055238329805 16.9286629664712 11.1422710239936 15.5549996523187 17.1947385910898 17.0520187816583 17.4070253428072 17.6150089846924 18.7209082115442 15.2863119577409 20.1798580405302 -9999 -9999 -9999 -9999 -9999 -9999 -9999 -9999 -9999 -9999 -9999 -9999 -9999 -9999 -9999 -9999 -9999 -9999 -9999 -9999 -9999 -9999 -9999 -9999 -9999 -9999 -9999 -9999 -9999
15.5753349242732 14.5411541946232 14.6645100098103 15.0847804034129 14.4837793968618 15.1823175596073 14.9269997095689 14.9944150969386 14.374050096143 14.7355113220401 14.7871486400254 14.8667561719194 14.7534409463406 15.0819116635248 15.6018707682379 15.9475539247505 15.6169316526502 15.9970396878198 16.40224919701 16.3714102432132 16.3706930582412 16.4718161392957 16.6525467522442 16.644657717552 16.7708822726272 17.282235157676 17.1825464465655 16.9006927525625 17.4063081578352 17.8093661121093 18.955427697394 19.2631000503898 -9999 -9999 -9999 -9999 -9999 -9999 -9999 -9999 -9999 -9999 -9999 -9999 -9999 -9999 -9999 -9999 -9999 -9999 -9999 -9999 -9999 -9999 -9999 -9999 -9999 -9999 -9999 -9999 -9999 -9999
14.7426831717603 14.7570268712007 14.772804940585 14.5605181888677 14.2263099919073 14.8595843221992 14.9262825245969 14.8818170563318 15.1665394902229 15.0754569987766 15.1500442358665 15.5373241207562 15.4670399934985 15.7367015429772 15.9812616184354 15.8887447570451 15.8378246240318 16.283196491655 16.4309365958907 16.445280295331 16.563615815714 16.8540757293813 16.8368632900529 16.9250770416111 17.2356181344949 17.1273232037202 16.8763084635139 17.639393273741 18.5423291535117 18.4842371707782 19.1426129750907 19.3204748481512 18.9139797467506 -9999 -9999 -9999 -9999 -9999 -9999 -9999 -9999 -9999 -9999 -9999 -9999 -9999 -9999 -9999 -9999 -9999 -9999 -9999 -9999 -9999 -9999 -9999 -9999 -9999 -9999 -9999 -9999 -9999
14.5942258825526 14.5289620500989 14.1976225930266 14.3224127781577 14.41206089966 14.5260933102109 14.7950376747176 15.0654164091684 15.3200170742348 15.3637653575279 15.5710318144411 16.2143467343412 16.4345225207508 16.4187444513664 16.6102328388952 16.5464033763856 16.641788977664 16.7278511743061 16.7744681974873 16.5485549313016 16.4926145034842 16.6661732667126 16.6934262956493 17.0348063423298 17.3639942444861 17.2305978396907 17.0742515157908 17.4916531695053 18.2289193207398 18.1048463205807 18.4698934713379 18.7689596046694 14.1158987143563 -9999 -9999 -9999 -9999 -9999 -9999 -9999 -9999 -9999 -9999 -9999 -9999 -9999 -9999 -9999 -9999 -9999 -9999 -9999 -9999 -9999 -9999 -9999 -9999 -9999 -9999 -9999 -9999 -9999
