EcologicalScience/Bass/data/rs_data_bass/sst_20.asc
NCOLS 226 
NROWS 124 
XLLCORNER -9.41648524995501 
YLLCORNER 47.587301625531 
CELLSIZE 0.0833 
NODATA_value -9999 
[rows 54 to 80 of 124, columns 124 to 185 of 226]
13.4999996982515 13.2349997041747 12.5424997196533 13.3299997020513 13.2649997035041 13.1949997050688 12.9749997099862 12.8349997131154 12.8349997131154 12.8499997127801 12.7699997145683 12.6499997172505 12.5299997199327 12.3024997250177 12.5549997193739 12.6099997181445 11.9549997327849 11.934999733232 11.9649997325614 12.3199997246265 12.1799997277558 12.0449997307733 12.204999727197 12.2099997270852 12.1449997285381 12.0999997295439 12.0749997301027 11.9649997325614 11.8799997344613 11.8474997351877 11.9649997325614 11.9383330664908 11.8824997344054 11.9824997321703 12.1299997288734 12.3383330575501 12.3816663899148 12.3399997241795 12.3049997249618 12.2124997270294 12.4924997207709 12.4199997223914 12.3549997238442 12.3349997242913 12.6574997170828 12.8924997118302 13.1524997060187 13.3874997007661 13.8474996904843 13.8699996899813 13.8699996899813 14.3216663465525 15.7866663138072 14.7224996709265 14.5119996756315 14.4449996771291 15.7474996480159 15.9674996430986 16.6616662942494 14.632999672927 14.6379996728152 16.9416662879909
13.0499997083098 13.1249997066334 13.2749997032806 13.5999996960163 13.4649996990338 13.3299997020513 13.1099997069687 12.8349997131154 12.7799997143447 12.8199997134507 12.7799997143447 12.7049997160211 12.6449997173622 10.9799997545779 10.31999976933 11.5649997415021 11.8749997345731 11.8649997347966 11.914999733679 11.8899997342378 12.4399997219443 12.3249997245148 12.1649997280911 12.1399997286499 12.079999729991 12.079999729991 11.9499997328967 11.7299997378141 12.0074997316115 11.9274997333996 11.9549997327849 12.0249997312203 12.0099997315556 12.0074997316115 12.0099997315556 12.1949997274205 12.3024997250177 12.329999724403 12.2899997252971 12.1699997279793 12.3799997232854 12.3749997233972 12.3949997229502 12.4724997212179 12.4174997224472 13.3424997017719 13.9599996879697 14.1699996832758 13.8149996912107 14.8874996672384 14.4799996763468 15.3949996558949 15.457499654498 14.7349996706471 15.1337496617343 15.4474996547215 15.6324996505864 15.1649996610358 -9999 -9999 -9999 -9999
12.9649997102097 13.0099997092038 13.5149996979162 13.7199996933341 13.4449996994808 13.2649997035041 13.2049997048452 13.074999707751 12.9899997096509 12.8799997121096 12.7749997144565 12.7499997150153 12.6699997168034 12.6949997162446 12.6899997163564 12.6949997162446 11.7999997362494 11.8399997353554 11.76999973692 11.5399997420609 12.1749997278675 12.2749997256324 12.1749997278675 12.0949997296557 12.039999730885 11.9649997325614 11.8699997346848 11.9249997334555 11.8899997342378 11.8724997346289 12.0224997312762 12.0449997307733 11.9499997328967 12.0349997309968 13.1399997062981 13.1149997068569 12.8849997119978 12.3099997248501 12.3749997233972 12.4249997222796 12.474999721162 12.4349997220561 13.5324996975251 13.3549997014925 13.8999996893108 14.0349996862933 14.1599996834993 14.1149996845052 14.8129996689036 15.997499642428 14.4439996771514 15.3649996565655 15.3724996563978 14.2474996815436 14.5969996737316 -9999 -9999 -9999 -9999 -9999 -9999 -9999
13.7499996926636 13.8199996910989 13.8849996896461 13.8449996905401 13.6399996951222 13.3349997019395 13.1849997052923 13.1349997064099 13.1049997070804 12.9999997094274 12.8999997116625 12.8249997133389 12.76499971468 12.7449997151271 12.7199997156858 12.5499997194856 12.4799997210503 11.644999739714 11.6099997404963 12.5724997189827 12.3599997237325 12.2949997251853 12.1649997280911 12.0849997298792 12.0249997312203 12.039999730885 11.749999737367 12.0849997298792 11.8999997340143 11.7749997368082 12.0749997301027 12.1974997273646 12.2824997254647 12.3624997236766 12.3999997228384 12.3449997240677 12.3599997237325 12.4199997223914 12.4799997210503 12.4899997208267 12.4799997210503 13.4799996986985 13.1874997052364 14.0399996861815 14.0149996867403 14.1699996832758 14.2649996811524 16.0149996420369 16.1549996389076 16.1799996383488 16.1899996381253 16.349999634549 14.6189996732399 14.2487496815156 14.2374996817671 -9999 -9999 -9999 -9999 -9999 -9999 -9999
14.7349996706471 14.4949996760115 14.3199996799231 13.8749996898696 13.6999996937811 13.6049996959046 13.364999701269 13.1399997062981 13.0399997085333 13.0149997090921 12.9499997105449 12.8349997131154 12.7099997159094 12.8399997130036 12.7699997145683 12.6899997163564 12.5999997183681 12.4599997214973 11.7849997365847 12.7124997158535 12.2799997255206 12.0724997301586 12.0049997316673 11.9899997320026 11.914999733679 11.8699997346848 11.5399997420609 11.6549997394904 11.9499997328967 12.0624997303821 12.1599997282028 12.2524997261353 12.3024997250177 12.3474997240119 12.5199997201562 12.5099997203797 12.5349997198209 12.5949997184798 12.6499997172505 12.6849997164682 12.7199997156858 13.324999702163 13.5816663630928 14.0299996864051 14.2049996824935 14.2749996809289 15.769999647513 15.7599996477365 15.8699996452779 15.9799996428192 16.0299996417016 16.3149996353313 16.0749996406958 15.0919996626675 15.2549996590242 -9999 -9999 -9999 -9999 -9999 -9999 -9999
14.5449996748939 14.504999675788 14.4149996777996 14.2849996807054 13.6899996940047 13.6849996941164 13.5049996981397 13.3199997022748 13.1249997066334 13.0499997083098 12.9449997106567 12.8449997128919 12.7399997152388 12.7049997160211 12.7299997154623 12.6999997161329 12.6499997172505 12.5049997204915 12.4049997227266 12.0899997297674 12.0549997305498 12.1049997294322 12.0099997315556 11.934999733232 11.9449997330084 11.894999734126 11.7099997382611 12.0824997299351 12.2349997265264 12.2349997265264 12.2149997269735 12.3674997235648 12.287499725353 12.619999717921 12.5999997183681 12.6099997181445 12.6599997170269 12.7349997153506 12.8099997136742 12.8049997137859 12.784999714233 13.0224997089244 13.3149997023866 13.489999698475 14.4749996764585 14.6149996733293 16.1749996384606 16.099999640137 15.2149996599182 16.1849996382371 16.1099996399134 16.0749996406958 15.954999643378 15.0624996633269 15.7587496477645 -9999 23.7447889405303 -9999 -9999 -9999 -9999 -9999
-9999 -9999 -9999 -9999 -9999 12.6628568598202 13.3899997007102 13.4449996994808 13.3549997014925 13.1899997051805 13.0299997087568 12.8449997128919 12.7749997144565 12.7099997159094 12.7049997160211 12.6599997170269 12.6499997172505 12.5599997192621 12.3799997232854 12.1549997283146 11.9299997333437 11.9649997325614 11.9549997327849 11.9949997318909 11.8999997340143 11.8299997355789 11.8749997345731 12.2149997269735 12.3074997249059 12.1049997294322 12.2949997251853 12.4549997216091 12.4249997222796 12.6124997180887 12.6949997162446 12.7199997156858 12.7749997144565 12.8349997131154 12.8449997128919 12.8349997131154 13.1199997067451 13.509999698028 13.654999694787 14.1699996832758 14.2699996810406 14.2699996810406 -9999 16.369999634102 -9999 16.4393746325513 16.5349996304139 16.8299996238202 14.8299996685237 14.5399996750057 5.37499987985939 5.37499987985939 -9999 -9999 -9999 -9999 -9999 -9999
-9999 -9999 -9999 -9999 -9999 -9999 -9999 16.4399996325374 13.4399996995926 13.4499996993691 13.4349996997043 13.1049997070804 12.9799997098744 12.8249997133389 12.7899997141212 12.7499997150153 12.5999997183681 12.5049997204915 12.2549997260794 12.1699997279793 12.1299997288734 11.9249997334555 11.914999733679 11.9849997321144 11.9749997323379 11.8999997340143 11.8049997361377 12.4649997213855 12.3399997241795 12.474999721162 12.4649997213855 12.4349997220561 12.1199997290969 12.6799997165799 12.7549997149035 12.7799997143447 12.8349997131154 12.9349997108802 12.9499997105449 13.0966663739334 13.137499706354 13.4199997000396 13.7124996935017 13.9099996890873 13.896666356052 14.3699996788055 -9999 -9999 -9999 -9999 -9999 -9999 -9999 -9999 -9999 -9999 -9999 -9999 -9999 -9999 -9999 -9999
-9999 -9999 -9999 -9999 -9999 -9999 -9999 -9999 15.8699996452779 14.0599996857345 13.8599996902049 13.2249997043982 12.9499997105449 12.8999997116625 12.9249997111037 12.8499997127801 12.8349997131154 12.8049997137859 12.0949997296557 12.1649997280911 12.1199997290969 12.0649997303262 11.9249997334555 12.0499997306615 12.1249997289851 12.1999997273088 12.1899997275323 12.0999997295439 12.2899997252971 12.4499997217208 12.5299997199327 12.6049997182563 12.639999717474 12.7599997147918 12.8799997121096 12.9199997112155 12.9999997094274 13.0149997090921 12.9849997097626 13.2149997046217 13.6499996948987 13.7474996927194 14.0849996851757 14.089999685064 13.6759996943176 -9999 -9999 -9999 -9999 -9999 -9999 -9999 -9999 -9999 -9999 -9999 -9999 -9999 -9999 -9999 -9999 -9999
-9999 -9999 -9999 -9999 -9999 -9999 -9999 -9999 -9999 14.0199996866286 13.924999688752 13.6399996951222 13.1499997060746 12.9949997095391 13.0049997093156 12.8799997121096 12.9349997108802 12.6149997180328 12.6249997178093 12.2949997251853 12.1299997288734 11.9699997324497 12.0349997309968 12.1249997289851 12.1449997285381 12.22499972675 12.2649997258559 12.2999997250736 12.204999727197 12.4299997221678 12.4199997223914 12.494999720715 12.7399997152388 12.8699997123331 12.929999710992 12.9149997113273 13.1474997061305 13.1349997064099 13.3524997015484 13.6924996939488 13.8699996899813 14.1024996847846 14.3299996796995 14.3774996786378 14.5299996752292 -9999 -9999 -9999 -9999 -9999 -9999 -9999 -9999 -9999 -9999 -9999 -9999 -9999 -9999 -9999 -9999 -9999
-9999 -9999 -9999 -9999 -9999 -9999 -9999 -9999 -9999 14.2099996823817 14.0549996858463 13.614999695681 13.2149997046217 13.2099997047335 13.0899997074157 12.9499997105449 12.5949997184798 12.6799997165799 12.5899997185916 12.494999720715 12.1699997279793 12.1549997283146 12.1649997280911 12.1999997273088 12.1949997274205 12.2199997268617 12.3049997249618 12.3199997246265 12.4349997220561 12.4649997213855 12.5199997201562 12.6449997173622 12.76499971468 12.9049997115508 12.9549997104332 12.9649997102097 13.407499700319 13.3349997019395 13.5849996963516 13.8474996904843 13.9574996880256 14.1749996831641 14.4349996773526 14.5699996743351 14.6449996726587 -9999 -9999 -9999 -9999 -9999 -9999 -9999 -9999 -9999 -9999 -9999 -9999 -9999 -9999 -9999 -9999 -9999
-9999 -9999 -9999 -9999 -9999 -9999 -9999 -9999 -9999 13.1899997051805 14.0149996867403 13.6749996943399 13.5699996966869 13.4149997001514 13.2399997040629 12.7549997149035 12.5499997194856 12.329999724403 12.1799997277558 12.22499972675 12.204999727197 12.22499972675 12.079999729991 12.1899997275323 12.2099997270852 12.2949997251853 12.369999723509 12.3749997233972 12.3899997230619 12.4999997206032 12.4599997214973 12.5549997193739 12.8349997131154 12.9899997096509 13.0399997085333 11.7299997378141 13.8974996893667 13.7424996928312 14.0049996869639 14.1024996847846 13.7966663582871 14.0049996869639 14.6874996717088 14.5599996745586 14.9266663330297 -9999 -9999 -9999 -9999 -9999 -9999 -9999 -9999 -9999 -9999 -9999 -9999 -9999 -9999 -9999 -9999 -9999
-9999 -9999 -9999 -9999 -9999 -9999 -9999 -9999 -9999 13.5699996966869 13.6449996950105 13.614999695681 13.4799996986985 13.2599997036159 12.9449997106567 12.0324997310527 12.2549997260794 12.2099997270852 12.1349997287616 12.1349997287616 12.22499972675 12.2399997264147 12.2399997264147 12.2699997257441 12.329999724403 12.4399997219443 12.4699997212738 12.4799997210503 12.474999721162 12.5849997187033 12.6499997172505 12.7299997154623 12.8549997126684 12.889999711886 13.3874997007661 12.8749997122213 12.8099997136742 13.8774996898137 13.944999688305 13.944999688305 14.0399996861815 14.5449996748939 14.9049996668473 14.2049996824935 -9999 -9999 -9999 -9999 -9999 -9999 -9999 -9999 -9999 -9999 -9999 -9999 -9999 -9999 -9999 -9999 -9999 -9999
-9999 -9999 -9999 -9999 -9999 -9999 -9999 -9999 13.1616663724805 13.7399996928871 13.489999698475 13.2699997033924 12.3649997236207 11.6849997388199 11.4149997448549 10.919999755919 12.204999727197 12.204999727197 11.9174997336231 11.977499732282 12.059999730438 12.1899997275323 12.2199997268617 12.3199997246265 12.4049997227266 12.4999997206032 12.5599997192621 12.6149997180328 12.6349997175857 12.7049997160211 12.8699997123331 12.9949997095391 13.034999708645 13.1549997059628 13.1249997066334 13.1199997067451 13.4199997000396 13.9974996871315 14.524999675341 14.5499996747822 14.4649996766821 14.9749996652827 14.9799996651709 -9999 -9999 -9999 -9999 -9999 -9999 -9999 -9999 -9999 -9999 -9999 -9999 -9999 -9999 -9999 -9999 -9999 -9999 -9999
-9999 -9999 -9999 -9999 -9999 -9999 -9999 -9999 14.0449996860698 14.0449996860698 12.9649997102097 11.7949997363612 11.7949997363612 11.7649997370318 11.459999743849 11.3699997458607 11.2999997474253 12.1349997287616 12.1249997289851 12.1249997289851 12.2349997265264 12.3249997245148 12.3749997233972 12.4249997222796 12.5399997197092 12.5999997183681 12.6749997166917 12.7449997151271 12.8099997136742 12.909999711439 13.0449997084215 13.2149997046217 13.324999702163 13.3699997011572 13.6949996938929 14.5299996752292 14.0599996857345 14.3499996792525 14.8449996681884 15.0199996642768 14.9149996666238 15.2249996596947 14.774999669753 -9999 -9999 -9999 -9999 -9999 -9999 -9999 -9999 -9999 -9999 -9999 -9999 -9999 -9999 -9999 -9999 -9999 -9999 -9999
-9999 -9999 -9999 -9999 -9999 -9999 -9999 15.6149996509776 13.4374996996485 12.8149997135624 12.8149997135624 12.1349997287616 11.8749997345731 11.7299997378141 11.624999740161 11.479999743402 12.3449997240677 12.3799997232854 12.4099997226149 12.3999997228384 12.2749997256324 12.2949997251853 12.5099997203797 12.5549997193739 12.6699997168034 12.7599997147918 12.8299997132272 12.8649997124448 12.889999711886 13.0149997090921 13.1299997065216 13.2799997031689 13.5299996975809 13.6399996951222 13.6699996944517 14.0149996867403 15.4299996551126 15.3999996557832 14.794999669306 14.629999672994 14.8299996685237 15.2199996598065 -9999 -9999 -9999 -9999 -9999 -9999 -9999 -9999 -9999 -9999 -9999 -9999 -9999 -9999 -9999 -9999 -9999 -9999 -9999 -9999
-9999 -9999 -9999 3.8400372271426 -9999 9.88499977905303 14.9324996662326 13.5599996969104 13.489999698475 13.3799997009337 13.2949997028336 12.9774997099303 12.3249997245148 12.4199997223914 12.4199997223914 11.789999736473 11.8299997355789 11.7149997381493 12.1649997280911 12.5649997191504 12.5749997189268 12.5999997183681 12.6699997168034 12.7199997156858 12.8699997123331 12.9749997099862 13.0499997083098 13.0899997074157 13.1249997066334 13.1349997064099 13.1699997056276 13.21999970451 13.1949997050688 13.5349996974692 13.7949996916577 13.9099996890873 14.4949996760115 15.4249996552244 15.3299996573478 15.2762496585492 13.2949997028336 -9999 -9999 -9999 -9999 -9999 -9999 -9999 -9999 -9999 -9999 -9999 -9999 -9999 -9999 -9999 -9999 -9999 -9999 -9999 -9999 -9999
-9999 -9999 3.88019958557561 -9999 15.5174996531568 15.4699996542186 13.6449996950105 13.8999996893108 13.8299996908754 13.4499996993691 12.6549997171387 13.137499706354 12.3599997237325 12.2199997268617 12.5799997188151 12.5799997188151 11.9549997327849 11.9299997333437 11.8649997347966 12.1449997285381 12.6949997162446 12.7799997143447 12.8549997126684 12.9199997112155 13.0049997093156 13.0499997083098 13.1299997065216 13.2149997046217 13.2949997028336 13.3899997007102 13.509999698028 13.6099996957928 13.6649996945634 13.6999996937811 14.1099996846169 14.2549996813759 14.2949996804819 14.9837496650871 14.9799996651709 -9999 -9999 -9999 -9999 -9999 -9999 -9999 -9999 -9999 -9999 -9999 -9999 -9999 -9999 -9999 -9999 -9999 -9999 -9999 -9999 -9999 -9999 -9999
16.7749996250495 16.7749996250495 -9999 13.0444997084327 16.017499641981 15.9524996434338 13.6849996941164 13.6449996950105 13.3749997010455 13.2549997037277 13.2649997035041 13.2049997048452 13.179999705404 13.0949997073039 12.1199997290969 12.1749997278675 12.2999997250736 12.7999997138977 12.6949997162446 12.7949997140095 12.7949997140095 12.9599997103214 13.1049997070804 13.2149997046217 13.3099997024983 13.3749997010455 13.4349996997043 13.4399996995926 13.4349996997043 13.5149996979162 13.6699996944517 13.7899996917695 13.9299996886402 14.1899996828288 14.4749996764585 14.2999996803701 14.2499996814877 16.6716662940259 -9999 -9999 -9999 -9999 -9999 -9999 -9999 -9999 -9999 -9999 -9999 -9999 -9999 -9999 -9999 -9999 -9999 -9999 -9999 -9999 -9999 -9999 -9999 -9999
19.1349995722994 17.3899996113032 14.956999665685 15.8974996446632 15.9199996441603 14.089999685064 14.1149996845052 13.8899996895343 13.924999688752 13.9099996890873 13.5149996979162 13.3299997020513 12.3599997237325 12.5949997184798 12.5999997183681 12.639999717474 12.5599997192621 12.329999724403 12.4099997226149 12.8849997119978 12.9699997100979 13.0649997079745 13.199999704957 13.3399997018278 13.469999698922 13.5899996962398 13.6649996945634 13.7549996925518 13.8049996914342 13.9499996881932 14.0199996866286 14.1049996847287 14.5849996739998 14.8649996677414 15.3199996575713 14.5416663416351 19.3249995680526 19.3149995682761 -9999 13.2399997040629 -9999 -9999 -9999 -9999 -9999 -9999 -9999 -9999 -9999 -9999 -9999 -9999 -9999 -9999 -9999 -9999 -9999 -9999 -9999 -9999 -9999 -9999
15.5629996521398 16.5349996304139 16.0874996404164 14.9649996655062 15.5424996525981 14.5549996746704 14.6249996731058 14.484999676235 14.3049996802583 14.1149996845052 13.8999996893108 13.75999969244 12.2849997254089 12.5499997194856 12.9749997099862 12.5349997198209 12.8399997130036 13.0049997093156 12.8599997125566 13.0899997074157 13.1699997056276 13.3299997020513 13.4999996982515 13.6449996950105 13.779999691993 13.8349996907637 13.9299996886402 14.0349996862933 14.21499968227 14.3349996795878 14.3299996796995 14.4999996758997 14.8149996688589 14.8874996672384 11.5099997427315 -9999 4.59499989729375 19.1399995721877 19.1449995720759 -9999 -9999 -9999 -9999 -9999 -9999 -9999 -9999 -9999 -9999 -9999 -9999 -9999 -9999 -9999 -9999 -9999 -9999 -9999 -9999 -9999 -9999 -9999
16.0449996413663 15.7199996486306 15.5299996528774 15.20999966003 14.4449996771291 14.4749996764585 14.5649996744469 14.6899996716529 14.4549996769056 14.1399996839464 13.6949996938929 13.654999694787 13.3949997005984 13.1549997059628 12.9549997104332 12.9699997100979 12.7199997156858 13.0049997093156 13.21999970451 13.364999701269 13.5699996966869 13.7199996933341 13.8749996898696 13.9999996870756 14.0649996856228 14.2499996814877 14.3999996781349 14.504999675788 14.5199996754527 14.4749996764585 14.6849996717647 15.0799996629357 15.3049996579066 14.9149996666238 15.9749996429309 15.9799996428192 17.4749996094033 -9999 -9999 -9999 -9999 -9999 -9999 -9999 -9999 -9999 -9999 -9999 -9999 -9999 -9999 -9999 -9999 -9999 -9999 -9999 -9999 -9999 -9999 -9999 -9999 -9999
16.2399996370077 14.8399996683002 14.7099996712059 14.5899996738881 14.1149996845052 14.1599996834993 14.6099996734411 15.1199996620417 14.8349996684119 14.0299996864051 13.8549996903166 13.614999695681 13.4099997002631 13.2799997031689 13.199999704957 13.2049997048452 13.2599997036159 13.3599997013807 13.6449996950105 13.8099996913224 13.9299996886402 14.0449996860698 14.2649996811524 14.4399996772408 14.5299996752292 14.7249996708706 14.8049996690825 14.7899996694177 14.8699996676296 14.9749996652827 14.7899996694177 14.6999996714294 -9999 -9999 -9999 13.6052278061397 -9999 -9999 -9999 -9999 -9999 -9999 -9999 -9999 -9999 -9999 -9999 -9999 -9999 -9999 -9999 -9999 -9999 -9999 -9999 -9999 -9999 -9999 -9999 -9999 -9999 -9999
15.8949996447191 15.8499996457249 15.6599996499717 14.4549996769056 14.629999672994 14.3549996791407 14.5999996736646 15.1499996613711 15.0699996631593 14.3849996784702 13.8349996907637 13.5299996975809 13.364999701269 13.2449997039512 13.2949997028336 13.3849997008219 13.5249996976927 13.7349996929988 13.9899996872991 14.1599996834993 14.1849996829405 14.5149996755645 14.7299996707588 15.0599996633828 15.1049996623769 15.044999663718 15.0099996645004 15.1999996602535 15.3449996570125 15.4049996556714 15.3799996562302 15.5949996514246 15.188749660505 15.1974996603094 -9999 -9999 -9999 -9999 -9999 -9999 -9999 -9999 -9999 -9999 -9999 -9999 -9999 -9999 -9999 -9999 -9999 -9999 -9999 -9999 -9999 -9999 -9999 -9999 -9999 -9999 -9999 -9999
16.3299996349961 16.3849996337667 16.6049996288493 15.1749996608123 14.8099996689707 14.6649996722117 14.2299996819347 14.2899996805936 14.4249996775761 14.1899996828288 13.8099996913224 13.4999996982515 13.3049997026101 13.3899997007102 13.4649996990338 13.5949996961281 13.7749996921048 14.1749996831641 14.4199996776879 14.4949996760115 14.8749996675178 15.1399996615946 15.4699996542186 15.6599996499717 15.809999646619 15.8699996452779 15.9649996431544 16.1349996393546 16.2349996371195 16.2999996356666 15.7249996485189 15.7249996485189 15.4474996547215 15.5849996516481 15.6787496495526 4.99999988824129 -9999 -9999 -9999 -9999 -9999 -9999 -9999 -9999 -9999 -9999 -9999 -9999 -9999 -9999 -9999 -9999 -9999 -9999 -9999 -9999 -9999 -9999 -9999 -9999 -9999 -9999
-9999 -9999 -9999 -9999 7.15999983996153 14.5424996749498 14.3999996781349 14.4649996766821 14.3949996782467 13.799999691546 13.3099997024983 13.3149997023866 13.4349996997043 13.4449996994808 13.5599996969104 13.8949996894225 14.3449996793643 14.5149996755645 14.9149996666238 14.9649996655062 15.2249996596947 15.7799996472895 15.9899996425956 16.059999641031 16.0449996413663 15.8949996447191 15.9699996430427 -9999 -9999 -9999 -9999 -9999 -9999 -9999 -9999 -9999 -9999 -9999 -9999 -9999 -9999 -9999 -9999 -9999 -9999 -9999 -9999 -9999 -9999 -9999 -9999 -9999 -9999 -9999 -9999 -9999 -9999 -9999 -9999 -9999 -9999 -9999
-9999 -9999 -9999 -9999 -9999 14.106999684684 13.9999996870756 14.2099996823817 13.7549996925518 13.2499997038394 13.2449997039512 13.4449996994808 13.6399996951222 13.7299996931106 13.8599996902049 14.0999996848404 14.3099996801466 14.4649996766821 15.1099996622652 15.5949996514246 15.7599996477365 15.9949996424839 16.1999996379018 16.3999996334314 16.4299996327609 -9999 -9999 -9999 -9999 -9999 -9999 -9999 -9999 -9999 -9999 -9999 -9999 -9999 -9999 -9999 -9999 -9999 -9999 -9999 -9999 -9999 -9999 -9999 -9999 -9999 -9999 -9999 -9999 -9999 -9999 -9999 -9999 -9999 -9999 -9999 -9999 -9999
