EcologicalScience/Bass/data/rs_data_bass/sst_45.asc
NCOLS 226 
NROWS 124 
XLLCORNER -9.41648524995501 
YLLCORNER 47.587301625531 
CELLSIZE 0.0833 
NODATA_value -9999 
[rows 81 to 107 of 124, columns 62 to 123 of 226]
10.3222219915026 -9999 -9999 -9999 -9999 -9999 -9999 -9999 -9999 -9999 -9999 -9999 -9999 -9999 -9999 -9999 -9999 -9999 -9999 -9999 -9999 -9999 -9999 -9999 -9999 -9999 -9999 -9999 -9999 -9999 -9999 -9999 -9999 -9999 -9999 -9999 -9999 -9999 -9999 -9999 -9999 -9999 -9999 -9999 -9999 -9999 -9999 -9999 -9999 -9999 -9999 -9999 -9999 -9999 -9999 -9999 -9999 -9999 -9999 -9999 -9999 -9999
10.678333094654 -9999 -9999 -9999 -9999 -9999 -9999 -9999 -9999 -9999 -9999 -9999 -9999 -9999 -9999 -9999 -9999 -9999 -9999 -9999 -9999 -9999 -9999 -9999 -9999 -9999 -9999 -9999 -9999 -9999 -9999 -9999 -9999 -9999 -9999 -9999 -9999 -9999 -9999 -9999 -9999 -9999 -9999 -9999 -9999 -9999 -9999 -9999 -9999 -9999 -9999 -9999 -9999 -9999 -9999 -9999 -9999 -9999 -9999 -9999 -9999 -9999
-9999 -9999 -9999 -9999 -9999 -9999 -9999 -9999 -9999 -9999 -9999 -9999 -9999 -9999 -9999 -9999 -9999 -9999 -9999 -9999 -9999 -9999 -9999 -9999 -9999 -9999 -9999 -9999 -9999 -9999 -9999 -9999 -9999 -9999 -9999 -9999 -9999 -9999 -9999 -9999 -9999 -9999 -9999 -9999 -9999 -9999 -9999 -9999 -9999 -9999 -9999 -9999 -9999 -9999 -9999 -9999 -9999 -9999 -9999 -9999 -9999 -9999
-9999 -9999 -9999 -9999 -9999 -9999 -9999 -9999 -9999 -9999 -9999 -9999 -9999 -9999 -9999 -9999 -9999 -9999 -9999 -9999 -9999 -9999 -9999 -9999 -9999 -9999 -9999 -9999 -9999 -9999 -9999 -9999 -9999 11.3199997469783 11.209999749437 11.1449997508898 -9999 -9999 -9999 -9999 -9999 -9999 -9999 -9999 -9999 -9999 -9999 -9999 -9999 -9999 -9999 -9999 -9999 -9999 -9999 -9999 17.2699996139854 15.9699996430427 9.00999979861081 9.54499978665262 9.54499978665262 10.5885711918984
-9999 -9999 -9999 -9999 -9999 -9999 -9999 -9999 -9999 -9999 -9999 -9999 -9999 -9999 -9999 -9999 -9999 -9999 -9999 -9999 -9999 -9999 -9999 -9999 -9999 -9999 -9999 -9999 -9999 -9999 -9999 -9999 -9999 15.8213632827286 8.58428552241198 8.52714266654636 11.9184612720632 12.080961268431 9.06444424183832 8.51799980960786 10.2881247700425 -9999 16.3689996341243 10.8061108695757 10.7683330926423 10.7471426169255 10.0393747756025 10.3368747689528 10.4774997658096 10.4021426246368 10.3607140541343 9.19142836598413 -9999 -9999 9.79888866986665 9.33499979134649 9.1424997956492 9.17499979492277 9.87499977927655 9.92333311152955 10.0949997743592 9.91999977827072
-9999 -9999 -9999 -9999 -9999 -9999 -9999 -9999 -9999 -9999 -9999 -9999 -9999 10.5174997649156 10.5374997644685 10.5174997649156 10.2316664379711 9.92099977824837 10.2557140564812 -9999 -9999 -9999 -9999 -9999 -9999 11.894999734126 -9999 10.0044825350031 9.53299978692085 9.04785694062178 9.24833312661698 9.17999979481101 8.75999980419874 9.19142836598413 9.44888867768976 -9999 16.4084611717038 9.59571407123336 8.03166648714493 8.07249981956556 8.73166647149871 9.40642836117851 10.484999765642 10.1558331063328 11.0257140392704 10.8024997585453 10.7949997587129 10.9424997554161 10.8216664247836 10.3374997689389 10.3524997686036 10.0766664414356 10.7778569019533 10.0035712049742 9.7671426388302 9.58785692855184 10.1142854882138 10.2358331045446 10.1549997730181 10.1583331062769 10.6859997611493 10.3266664358477
-9999 -9999 -9999 -9999 -9999 -9999 -9999 -9999 12.3402306875995 12.1274997289293 10.6249997625127 10.712499760557 10.8199997581542 10.7633330927541 10.9183330892896 11.1433330842604 9.87499977927655 9.87499977927655 11.081999752298 10.6199997626245 10.919999755919 10.5259997647256 10.513333098342 10.464999766089 10.3699997682124 10.5629997638986 10.4076560173708 10.3992854818436 10.1516664397592 10.0849997745827 10.0999997742474 10.0999997742474 10.1016664408768 9.59333311890562 9.67428549804858 17.2691888031927 10.1407140590517 9.41499978955835 8.85499980207533 8.84999980218709 8.95333313321074 9.9899997767061 10.8928568993828 10.6366664289186 10.7166664271305 10.4712497659493 10.7483330930894 11.064999752678 10.3899997677654 10.3899997677654 10.1999997720122 10.4399997666478 10.4399997666478 9.92499977815896 9.62166645160566 10.3558331018624 10.3499997686595 10.3866664345066 11.0674997526221 10.7166664271305 10.7166664271305 10.5419997643679
-9999 -9999 -9999 -9999 -9999 -9999 -9999 -9999 11.1356247510994 11.0799997523427 11.0399997532368 10.8099997583777 10.7499997597188 11.1874997499399 11.1949997497723 11.1674997503869 10.8549997573718 11.2549997484311 11.0124997538514 10.7933330920835 10.7583330928658 10.1799997724593 10.3949997676536 10.5266664313773 10.7683330926423 9.91833311164131 10.0066664430002 9.73999978229403 9.6749997837469 9.63666645127038 10.6342854765909 10.1533331063886 10.2366664378593 10.3366664356242 10.2683331038182 9.16249979520217 8.85249980213121 9.37833312371125 9.0449997978285 9.24333312672873 10.7349997600541 10.27749977028 10.5866664300362 10.5437497643288 11.0549997529015 11.28666641439 11.4349997444078 10.6849997611716 10.8499997574836 11.2533330818017 11.0766664190839 10.7533330929776 10.4983330986773 10.6999997608364 10.3549997685477 10.1566664396475 10.5933330965539 10.4549997663125 11.1249997513369 10.8766664235542 10.7533330929776 10.726666426907
-9999 -9999 -9999 -9999 -9999 -9999 -9999 -9999 10.3533331019183 10.9574997550808 10.8699997570366 10.7699997592717 10.7399997599423 10.7049997607246 11.4816664100314 11.25833308169 10.8616664238895 10.6499997619539 10.5949997631833 10.5249997647479 10.629999762401 10.6266664291422 10.7669997593388 11.5639997415245 10.4799997657537 11.3499997463077 11.3499997463077 9.28999979235232 9.92833311141779 10.0899997744709 10.7019997607917 10.77499975916 10.7359997600317 10.6399997621775 10.4266664336125 10.3533331019183 9.18499979469925 9.62833311812331 9.77833311477055 9.86666644612948 10.6166664293657 10.2999997697771 10.6916664276893 10.7112497605849 10.7974997586571 11.0149997537956 10.9749997546896 11.0399997532368 10.9933330876132 11.2049997495487 11.2733330813547 11.4049997450784 10.9416664221014 10.4912497655023 11.1783330834781 11.0908330854339 10.8283330913012 11.1583330839251 11.161666417184 11.0999997518957 10.6049997629598 9.70499978307635
-9999 9.40499978978187 -9999 -9999 -9999 -9999 -9999 -9999 10.6249997625127 11.2174997492693 10.754999759607 10.8899997565895 11.479999743402 11.6149997403845 11.6999997384846 11.8899997342378 11.9399997331202 10.4949997654185 10.7937497587409 10.7674997593276 10.2174997716211 10.1299997735769 10.7583330928658 10.8216664247836 10.7766664257894 11.0299997534603 11.5449997419491 11.5649997415021 11.5599997416139 11.5533330750962 11.2478568914479 10.9533330885073 10.9616664216543 11.0983330852663 9.99499977659434 10.0089997762814 9.99099977668375 10.1539997730404 9.69749978324398 9.72249978268519 9.68249978357926 10.4766664324949 10.3849997678772 10.4837497656699 10.996666420872 11.3499997463077 11.334999746643 11.2199997492135 11.1749997502193 11.4149997448549 11.3399997465312 11.1399997510016 10.9249997558072 10.9183330892896 11.0999997518957 11.0699997525662 10.4249997669831 10.8624997572042 10.9399997554719 10.9999997541308 10.879999756813 10.4149997672066
11.6599997393787 11.5299997422844 11.4499997440726 11.3399997465312 11.3099997472018 -9999 16.1899624452926 11.3824997455813 11.74166640422 11.6883330720787 11.6583330727493 11.8049997361377 11.8049997361377 11.1749997502193 11.749999737367 11.8349997354671 11.8849997343495 11.7799997366965 11.5449997419491 11.7249997379258 11.7399997375906 11.6549997394904 11.3449997464195 11.9649997325614 11.6949997385964 11.8449997352436 11.9649997325614 11.9749997323379 11.9249997334555 11.9249997334555 10.9149997560307 10.8366664244483 10.8099997583777 11.562499741558 9.43499978911132 9.46999978832901 10.0549997752532 10.5537497641053 10.6274997624569 10.6389997621998 10.703999760747 10.2883331033712 11.0549997529015 11.31499974709 11.31499974709 10.5562497640494 10.9349997555837 10.9987497541588 11.2674997481517 11.5049997428432 11.5049997428432 11.0924997520633 11.4949997430667 11.5249997423962 11.4699997436255 11.2749997479841 11.2499997485429 11.0799997523427 11.0849997522309 10.7299997601658 10.7149997605011 10.359999768436
11.3774997456931 11.6799997389317 11.5399997420609 11.4549997439608 11.3649997459725 11.6999997384846 11.6883330720787 11.5716664080198 11.8783330678319 11.8449997352436 11.8566664016495 11.6224997402169 11.31499974709 11.31499974709 11.7099997382611 11.5874997409992 12.0083330649262 12.0849997298792 12.0983330629145 11.7299997378141 11.8349997354671 11.1949997497723 11.8433330686142 12.0783330633615 11.9199997335672 12.0419997308403 12.2149997269735 12.2233330601205 11.6899997387081 11.6899997387081 12.1374997287057 12.1779997278005 11.3799997456372 11.2399997487664 11.3749997457489 11.4299997445196 11.4649997437373 11.1499997507781 11.1499997507781 11.4299997445196 10.651249761926 11.2529997484758 10.754999759607 10.9249997558072 12.0699997302145 12.0699997302145 11.459999743849 11.479999743402 11.5799997411668 11.4199997447431 11.4749997435138 11.1399997510016 11.3649997459725 11.4249997446314 11.5249997423962 11.3999997451901 11.2199997492135 11.1849997499958 10.9449997553602 10.7049997607246 10.6949997609481 10.7899997588247
11.5174997425638 11.6649997392669 11.7199997380376 11.7099997382611 11.8124997359701 11.8749997345731 11.7062497383449 11.8083330693965 11.9933330652614 11.9183330669378 11.2949997475371 11.4899997431785 11.7849997365847 11.6599997393787 11.8099997360259 11.8099997360259 11.3987497452181 12.0721425873094 11.3499997463077 12.2629997259006 12.2233330601205 12.2199997268617 12.0283330644791 12.3433330574383 12.349999723956 12.2799997255206 12.2916663919265 12.2449997263029 11.9316663999731 11.9733330657085 11.894999734126 11.914999733679 11.8649997347966 11.7949997363612 11.7049997383729 11.644999739714 11.5449997419491 11.4899997431785 11.4199997447431 11.5949997408316 11.9199997335672 11.8899997342378 11.9999997317791 12.0749997301027 12.079999729991 11.7949997363612 11.8049997361377 11.6349997399375 11.7199997380376 11.5449997419491 11.4099997449666 11.5349997421727 11.624999740161 11.4399997442961 11.0799997523427 11.3599997460842 11.4699997436255 10.6599997617304 10.8049997584894 11.0099997539073 11.0099997539073 9.71499978285283
11.5524997417815 11.9219997335225 11.997499731835 11.7374997376464 10.4824997656979 11.8699997346848 11.934999733232 11.9274997333996 11.2416664153958 11.4149997448549 11.2566664150606 11.4124997449107 11.6499997396022 11.8783330678319 11.991666398632 11.9599997326732 11.9599997326732 11.5749997412786 11.5916664075727 12.0862497298513 12.1862497276161 11.957499732729 12.1974997273646 12.0133330648144 12.1416663952793 12.3474997240119 12.184999727644 12.1274997289293 12.0814283013876 12.204999727197 11.789999736473 11.8149997359142 11.9099997337908 11.894999734126 11.8799997344613 11.8499997351319 11.76999973692 11.6899997387081 11.6549997394904 11.3449997464195 11.9299997333437 11.5399997420609 11.3299997467548 12.1149997292086 12.0649997303262 11.7849997365847 11.8099997360259 11.5099997427315 11.4899997431785 11.4249997446314 11.4049997450784 11.2774997479282 11.2249997491017 10.7599997594953 11.024999753572 11.3199997469783 10.5199997648597 10.5199997648597 10.6274997624569 9.14166646233449 9.45833312192311 9.51249978737906
11.8683330680554 11.9166664003084 11.9599997326732 12.0299997311085 12.0499997306615 10.8983330897366 11.0416664198662 11.6069997405633 11.8824997344054 11.499999742955 11.499999742955 11.9516663995261 11.9583330660438 11.8649997347966 11.8549997350201 11.9824997321703 11.9383330664908 12.1019997294992 11.9049997339025 12.2683330591147 11.9874997320585 11.7333330710729 11.6099997404963 12.0619997303933 12.3549997238442 12.0499997306615 12.0199997313321 12.0683330635851 12.1166663958381 12.0999997295439 12.1349997287616 12.25333305945 12.187999727577 11.6649997392669 11.6099997404963 11.5399997420609 11.499999742955 11.5499997418374 11.6349997399375 11.5549997417256 11.7799997366965 11.1799997501075 11.3049997473136 11.6099997404963 11.2299997489899 11.3999997451901 11.6699997391552 11.5799997411668 10.8949997564778 11.0999997518957 11.2399997487664 11.4233330780019 11.1574997506104 11.1124997516163 10.4499997664243 10.2924997699447 10.5662497638259 9.94624977768399 9.24999979324639 9.2266664604346 8.84499980229884 9.18833312795808
11.9899997320026 11.9666663991908 12.079999729991 12.0674997302704 12.3233330578854 11.1349997511134 11.141666417631 12.0239997312427 11.3824997455813 11.8874997342937 12.1383330620204 12.167999728024 11.852499735076 11.8716664013142 11.7033330717434 11.5733330746492 12.2433330596735 11.977499732282 11.8724997346289 12.1416663952793 12.1449997285381 12.187999727577 12.0624997303821 12.0874997298233 12.1662497280631 12.3466663906972 12.1709997279569 12.2666663924853 12.2599997259676 11.161666417184 11.997499731835 11.9139997337013 11.8349997354671 11.1149997515604 11.1099997516721 11.064999752678 11.1049997517839 11.0399997532368 11.1849997499958 11.1849997499958 11.6799997389317 11.1449997508898 11.4299997445196 11.5899997409433 11.5499997418374 11.4549997439608 10.9049997562543 11.3899997454137 11.1649997504428 10.8899997565895 10.8649997571483 10.8049997584894 10.2449997710064 9.90999977849424 10.484999765642 10.484999765642 9.47499978821725 9.30333312538763 9.96749977720901 10.3809997679666 8.86833313511064 8.6592855207356
12.1249997289851 12.1974997273646 12.1924997274764 12.3833330565443 12.4233330556502 11.6129997404292 12.3474997240119 12.3779997233301 12.0466663974027 12.446666388462 12.1374997287057 12.2583330593382 12.142499728594 12.1724997279234 12.0249997312203 11.8849997343495 11.8699997346848 12.0374997309409 12.3033330583324 12.3599997237325 12.3424997241236 12.2599997259676 12.2233330601205 12.0262497311924 12.1337497287896 12.2316663932676 12.184999727644 11.8849997343495 11.8849997343495 12.1221425861918 11.6849997388199 11.4924997431226 11.2339997489005 11.0259997535497 11.1049997517839 11.1749997502193 11.189999749884 11.4649997437373 11.4249997446314 11.4849997432902 11.354999746196 11.3849997455254 11.4749997435138 11.479999743402 11.3249997468665 11.31499974709 11.0099997539073 9.96999977715313 10.8499997574836 11.0199997536838 10.9749997546896 10.6516664285834 10.6649997616187 10.6649997616187 9.77749978145584 10.0189997760579 10.4383331000184 14.6173526144532 -9999 -9999 -9999 -9999
12.2416663930441 12.2724997256882 12.2699997257441 12.2549997260794 11.8549997350201 12.1669997280464 12.2974997251295 12.3916663896913 12.4683330546444 12.4366663886855 12.2724997256882 12.2549997260794 12.3483330573266 12.3799997232854 12.4433330552032 12.426666388909 12.1866663942734 12.4149997225031 12.0449997307733 12.0449997307733 12.2324997265823 12.2783330588912 12.2449997263029 12.0624997303821 12.1199997290969 12.2399997264147 12.025999731198 12.0009997317567 12.0509997306392 12.0514283020582 11.1799997501075 11.2274997490458 11.0516664196427 10.7391664266276 10.5341664312097 10.3783331013595 10.0769997747615 11.5399997420609 11.4549997439608 11.3699997458607 11.3499997463077 11.3949997453019 11.4049997450784 11.3449997464195 11.4349997444078 11.2449997486547 10.9649997549132 10.6949997609481 10.3449997687712 10.4049997674301 10.2699997704476 10.5749997636303 9.99749977653846 9.74999978207052 9.98666644344727 16.2984541811557 -9999 -9999 -9999 -9999 -9999 -9999
12.2199997268617 12.2949997251853 12.5216663867856 12.2549997260794 12.3099997248501 12.5099997203797 12.5699997190386 12.5883330519622 12.2649997258559 12.2649997258559 12.494999720715 12.563333052521 12.5666663857798 12.639999717474 12.591666385221 11.6987497385126 12.349999723956 12.2999997250736 12.3024997250177 11.9199997335672 12.1374997287057 11.1349997511134 11.7089997382835 11.0229997536167 11.354999746196 11.9783330655967 11.9799997322261 11.4366664110372 11.4566664105902 11.0599997527897 12.7928685665161 15.5394440971108 15.882368066054 16.8446150081089 -9999 10.8118179401552 10.2757140560342 10.899999756366 10.7849997589365 10.8749997569248 11.044999753125 11.2049997495487 11.1999997496605 11.2499997485429 10.9399997554719 10.9799997545779 10.5649997638538 10.2299997713417 10.4149997672066 10.0099997762591 9.9899997767061 9.96999977715313 9.71999978274107 -9999 -9999 -9999 -9999 -9999 -9999 -9999 -9999 -9999
12.3199997246265 12.3116663914795 12.3649997236207 12.2424997263588 12.3166663913677 12.4499997217208 12.5849997187033 12.3874997231178 12.184999727644 12.1824997276999 12.1899997275323 12.079999729991 12.0449997307733 12.6183330512916 12.3324997243471 12.2974997251295 12.1149997292086 12.1987497273367 12.226249726722 12.2499997261912 12.0099997315556 10.6049997629598 11.1079997517169 11.5683330747609 11.4649997437373 11.4649997437373 11.2369997488335 11.5099997427315 11.5099997427315 -9999 -9999 -9999 -9999 -9999 16.3799996338785 9.54499978665262 10.0739997748286 10.5387497644406 10.4949997654185 10.5899997632951 10.6999997608364 10.8049997584894 10.899999756366 11.1099997516721 9.88999977894127 9.759999781847 9.759999781847 9.66499978397042 9.42499978933483 9.72499978262931 9.16499979514629 9.36999979056418 14.6844441162215 -9999 -9999 -9999 -9999 -9999 -9999 -9999 -9999 -9999
12.3066663915912 12.2949997251853 12.3033330583324 12.1749997278675 12.1749997278675 12.5899997185916 12.4866663875679 12.3733330567678 12.0974997295998 12.2649997258559 12.6437497173902 12.4762497211341 12.2449997263029 12.1899997275323 12.0212497313041 12.2274997266941 12.4716663879032 12.3849997231737 11.9224997335114 11.8099997360259 12.204999727197 11.9399997331202 11.6659997392446 11.061999752745 10.9079997561872 11.1392854653033 10.6424997621216 11.4749997435138 11.479999743402 9.83403203825677 -9999 -9999 -9999 -9999 -9999 10.3881247678073 9.47124978830107 9.83833311342945 10.1016664408768 10.2837497701403 10.5099997650832 10.1499997731298 10.0599997751415 10.0199997760355 10.0599997751415 10.1599997729063 9.95999977737665 9.73499978240579 9.49666645439962 9.0574997975491 9.02249979833141 9.32099979165941 9.63899978455156 9.41999978944659 -9999 -9999 -9999 -9999 -9999 -9999 -9999 -9999
12.2674997258 11.8199997358024 12.0199997313321 12.2149997269735 12.3974997228943 12.3899997230619 12.1999997273088 12.2224997268058 11.3949997453019 11.3949997453019 11.8849997343495 12.2383330597853 12.2749997256324 12.2633330592265 12.184999727644 12.2466663929323 12.0099997315556 11.914999733679 11.7724997368641 12.2449997263029 12.3183330579971 12.4883330541973 11.7733330701788 11.6649997392669 11.9837497321423 11.5274997423403 10.6699997615069 10.6699997615069 10.236249771202 10.664166428304 -9999 24.7149994475767 -9999 -9999 -9999 -9999 9.29136342868548 9.8522220020079 9.77999978139997 10.2849997701123 9.34499979112297 9.23499979358166 9.14999979548156 9.85374977975152 8.65499980654567 8.65499980654567 8.67749980604276 9.21999979391694 9.55999978631735 9.43999978899956 9.78833311454703 9.28999979235232 9.30999979190528 9.86999977938831 -9999 -9999 -9999 -9999 -9999 -9999 -9999 -9999
11.6499997396022 11.6799997389317 12.0449997307733 12.184999727644 12.0724997301586 12.2716663923735 12.233333059897 12.1809997277334 11.9499997328967 11.9649997325614 11.832499735523 12.0292854454102 11.9599997326732 12.0849997298792 11.8074997360818 12.0433330641439 12.1162497291807 11.9087497338187 12.0024997317232 11.2589997483417 12.0749997301027 11.9969997318462 12.2787497255486 11.9699997324497 11.3499997463077 11.28666641439 10.4149997672066 10.4149997672066 10.2499997708946 10.1024997741915 10.4762497658376 -9999 -9999 -9999 -9999 -9999 -9999 -9999 -9999 -9999 -9999 -9999 -9999 -9999 -9999 -9999 8.79599980339408 8.93499980028719 9.02833313153436 9.34499979112297 9.0414283693369 12.2699997257441 -9999 -9999 -9999 -9999 -9999 -9999 -9999 -9999 -9999 -9999
12.2649997258559 12.2174997269176 12.1249997289851 12.1074997293763 12.0674997302704 12.1819997277111 12.1599997282028 12.0099997315556 11.9209997335449 11.8759997345507 12.0864283012758 12.1162497291807 12.0474997307174 12.1807140134541 12.1328568716667 11.9899997320026 11.9849997321144 11.9949997318909 11.9283330667143 11.8839997343719 12.0933330630263 12.1066663960616 11.6035711692114 10.7071426178196 10.9474997553043 16.6247218506307 9.79499978106469 9.82999978028238 10.3759997680783 10.2919997699559 10.1616664395357 10.1809997724369 -9999 -9999 -9999 -9999 -9999 -9999 -9999 -9999 -9999 -9999 -9999 -9999 -9999 -9999 -9999 -9999 -9999 -9999 -9999 -9999 -9999 -9999 -9999 -9999 -9999 -9999 -9999 -9999 -9999 -9999
12.4074997226708 11.3966664119313 11.4183330781137 12.1219997290522 12.3112497248221 12.247499726247 11.9783330655967 11.8716664013142 11.8509997351095 12.0389997309074 12.0779997300357 12.0839997299016 12.025999731198 12.1259997289628 12.2212497268338 12.1374997287057 12.0016663984085 11.8449997352436 11.7399997375906 12.0183330647027 11.8739997345954 11.7939997363836 11.6485711682056 10.8689997570589 10.7079997606575 10.2849997701123 10.2612497706432 10.4149997672066 10.2899997700006 10.1899997722358 10.1899997722358 8.87624980160035 -9999 -9999 -9999 -9999 -9999 -9999 -9999 -9999 -9999 -9999 -9999 -9999 -9999 -9999 -9999 -9999 -9999 -9999 -9999 -9999 -9999 -9999 -9999 -9999 -9999 -9999 -9999 -9999 -9999 -9999
12.4349997220561 12.4249997222796 12.6249997178093 12.2974997251295 12.079999729991 12.1233330623557 12.1099997293204 11.894999734126 11.8774997345172 11.8599997349083 11.6083330738669 11.4533330773314 11.2024997496046 12.1949997274205 11.9249997334555 11.9249997334555 11.8999997340143 11.8783330678319 11.8116664026553 11.860999734886 11.8369997354224 11.7079997383058 11.2799997478724 11.1459997508675 10.5249997647479 10.2699997704476 10.3849997678772 10.5499997641891 9.66999978385866 9.12499979604036 9.18999979458749 9.03999979794025 23.9970307136246 -9999 -9999 -9999 -9999 -9999 -9999 -9999 -9999 -9999 -9999 -9999 -9999 -9999 -9999 -9999 -9999 -9999 -9999 -9999 -9999 -9999 -9999 -9999 -9999 -9999 -9999 -9999 -9999 -9999
11.894999734126 11.9266664000849 11.9683330658202 12.0383330642556 11.9866663987438 12.0449997307733 11.9549997327849 11.9224997335114 12.0959997296333 11.7669997369871 11.2424997487105 11.1099997516721 10.8887497566175 10.5974997631274 11.0299997534603 11.6983330718552 11.6383330731963 11.7949997363612 11.8599997349083 11.9283330667143 11.9233330668261 11.3849997455254 11.2619997482747 11.1269997512922 11.27249974804 10.6462497620378 10.4949997654185 10.7999997586012 10.2699997704476 9.80499978084117 9.89999977871776 10.6431815802882 9.30684189723903 -9999 -9999 -9999 -9999 -9999 -9999 -9999 -9999 -9999 -9999 -9999 -9999 -9999 -9999 -9999 -9999 -9999 -9999 -9999 -9999 -9999 -9999 -9999 -9999 -9999 -9999 -9999 -9999 -9999
