EcologicalScience/Bass/data/rs_data_bass/sst_498.asc
NCOLS 226 
NROWS 124 
XLLCORNER -9.41648524995501 
YLLCORNER 47.587301625531 
CELLSIZE 0.0833 
NODATA_value -9999 
[rows 27 to 53 of 124, columns 62 to 123 of 226]
-9999 -9999 -9999 -9999 -9999 -9999 -9999 -9999 -9999 -9999 -9999 -9999 -9999 -9999 -9999 -9999 -9999 -9999 -9999 -9999 -9999 -9999 -9999 -9999 -9999 -9999 -9999 -9999 12.5299997199327 6.00593584263697 12.1651203823276 11.9894100641832 12.4806817700155 12.4254585271701 12.3078401917592 12.2081514806487 12.301385527011 12.5043488740921 12.5653095967136 12.661412382964 12.6348765389994 12.6922513367608 12.740302729886 12.7302621402778 12.8643757300451 12.8435773658566 12.7646870189346 12.9482863717712 12.8313852213323 12.7510605044663 12.5990172903985 12.6563920881599 12.9195989728905 12.820627446752 12.6571092731319 12.2734153131023 12.5359050128609 12.5717642614618 12.6255531343631 12.7847681981511 12.7732932385989 12.9454176318832
-9999 -9999 -9999 -9999 -9999 -9999 -9999 -9999 -9999 -9999 -9999 -9999 -9999 -9999 -9999 -9999 -9999 -9999 -9999 -9999 -9999 -9999 -9999 -9999 -9999 -9999 -9999 -9999 -9999 -9999 9.78499978128821 12.3401135155 12.3551743999124 12.3982054982334 12.1471907580271 11.9693288849667 12.1170689892024 12.2827387177385 12.4892879896797 12.6363109089434 12.5961485505104 12.5631580417976 12.5932798106223 12.7417370998301 12.8299508513883 12.8493148456328 12.8364055161364 13.0221564238891 12.9741050307639 12.939680152107 12.7230902905576 12.73815117497 12.7202215506695 12.8916287589818 13.0867030713707 12.5983001054265 13.1569871986285 12.9862971752882 12.9884487302043 12.8034150074236 12.7768791634589 12.8937803138979
-9999 -9999 -9999 -9999 -9999 -9999 -9999 -9999 -9999 -9999 -9999 -9999 -9999 -9999 -9999 -9999 -9999 -9999 -9999 -9999 -9999 -9999 -9999 -9999 -9999 -9999 -9999 -9999 -9999 -9999 -9999 12.5849997187033 12.1335642435588 12.2354045095854 12.1063112146221 12.2059999257326 12.2562028737739 12.3731040242128 12.2475966541097 12.2267982899211 12.4900051746517 12.5645924117416 12.7073122211732 12.658543643076 12.6872310419567 12.8048493773676 12.8005462675355 12.9461348168552 12.8299508513883 12.7560807992704 12.8686788398772 12.9698019209318 12.7890713079832 12.977690955624 12.9260536376387 13.0687734470703 13.0723593719304 13.0874202563427 12.7962431577034 12.7740104235709 12.8012634525076 13.1003295858391
-9999 -9999 -9999 -9999 -9999 -9999 -9999 -9999 -9999 -9999 -9999 -9999 -9999 -9999 -9999 -9999 -9999 -9999 -9999 -9999 -9999 -9999 -9999 -9999 -9999 -9999 -9999 -9999 -9999 -9999 -9999 11.914999733679 12.50004576426 12.3580431398004 12.499328579288 12.4233069722541 12.3537400299683 12.1758781569079 12.2841730876826 12.1371501684189 12.0905331452377 12.1378673533909 12.2311013997532 12.5574205620214 12.6140781748109 12.5975829204544 12.5581377469935 12.7955259727314 12.819193076808 12.8421429959126 12.9203161578625 12.7202215506695 12.9482863717712 12.9884487302043 13.0020752446726 13.3240912971087 13.2315744357184 13.3240912971087 13.2358775455505 13.2774742739275 13.2738883490674 13.5636310777627
-9999 -9999 -9999 -9999 -9999 -9999 -9999 -9999 -9999 -9999 -9999 -9999 -9999 -9999 -9999 -9999 -9999 -9999 -9999 -9999 -9999 -9999 -9999 -9999 -9999 -9999 -9999 -9999 -9999 -9999 -9999 11.4499997440726 12.3551743999124 12.302819896955 12.2160405153409 12.2533341338858 12.1192205441184 12.1185033591464 12.1206549140625 12.1959593361244 12.0496536018327 12.259788798634 11.9384899311699 12.0087740584277 12.182332821656 12.4885708047077 12.5739158163778 12.7424542848021 12.5488143423572 12.9848628053442 12.8866084641777 13.099612400867 12.9310739324428 12.6140781748109 13.0106814643368 13.0888546262868 13.2236854010262 13.2014526668936 13.3240912971087 13.2867976785637 13.37788017001 13.4998016152531
-9999 -9999 -9999 -9999 -9999 -9999 -9999 -9999 -9999 -9999 -9999 -9999 -9999 -9999 -9999 -9999 -9999 -9999 -9999 -9999 -9999 -9999 -9999 -9999 -9999 -9999 -9999 -9999 -9999 -9999 -9999 -9999 12.1866359314881 12.0898159602657 11.9148228270933 12.0331583474763 12.0510879717767 11.8847010582685 12.0761894457974 12.0804925556295 12.1249580238946 12.062562931329 11.8588823992759 11.9327524513938 11.9765007346869 11.8717917287722 12.4362163017504 12.4405194115825 12.6492202384397 12.6499374234118 12.9016693485901 12.9626300712116 12.8034150074236 13.1333200945519 13.2050385917537 13.1031983257271 13.1813714876771 13.1569871986285 12.9956205799244 13.2667164993472 13.2200994761661 13.4926297655329
-9999 -9999 -9999 -9999 -9999 -9999 -9999 -9999 -9999 -9999 -9999 -9999 -9999 -9999 -9999 -9999 -9999 -9999 -9999 -9999 -9999 -9999 -9999 -9999 -9999 -9999 -9999 -9999 -9999 -9999 -9999 8.16999981738627 12.4449997218326 12.220343625173 11.7735373876058 11.861751139164 11.7484359135851 12.0066225035116 11.9929959890433 12.0446333070286 11.9664601450786 12.0797753706574 12.0252693127841 11.9449445959181 12.0274208677001 11.9141056421213 12.1966765210964 12.2927793073468 12.6355937239714 12.7338480651379 12.8306680363603 12.9690847359598 12.9303567474708 13.1118045453914 13.0529953776859 13.0702078170143 13.1311685396358 13.1957151871175 13.057298487518 13.1469466090202 13.4316690429114 13.1698965281248
-9999 -9999 -9999 -9999 -9999 -9999 -9999 -9999 -9999 -9999 -9999 -9999 -9999 -9999 -9999 -9999 -9999 -9999 -9999 -9999 -9999 -9999 -9999 -9999 -9999 -9999 -9999 -9999 -9999 -9999 -9999 -9999 -9999 12.2399997264147 12.0840784804896 12.1572313476354 11.980803844519 12.0833612955175 12.0991393649019 12.1342814285308 12.1852015615441 12.2146061453968 12.1945249661803 12.0905331452377 12.2038483708166 11.943510225974 12.1758781569079 12.3551743999124 12.7711416836828 12.7912228628993 12.8772850595415 13.1168248401955 13.1232795049436 13.255958724767 13.1555528286844 13.098895215895 13.1290169847198 13.1075014355592 13.1297341696918 13.0867030713707 13.0716421869583 13.1835230425932
-9999 -9999 -9999 -9999 -9999 -9999 -9999 12.5458431474731 12.6549577182159 12.8672444699332 13.8347269971855 5.98985496181995 8.38502548655252 15.1076107916888 8.41999981179833 -9999 -9999 -9999 -9999 -9999 -9999 -9999 -9999 -9999 -9999 -9999 -9999 -9999 -9999 -9999 -9999 -9999 -9999 -9999 12.1292611337267 12.220343625173 12.2834559027106 12.2346873246133 12.2640919084661 12.2798699778505 12.1220892840065 12.1895046713762 12.2375560645014 12.261223168578 12.1608172724955 12.1242408389226 12.2454450991936 12.2518997639418 12.4555802959949 12.5918454406783 12.7933744178154 12.9654988110997 13.0544297476299 13.1713308980688 13.2380291004665 13.1282997997478 13.057298487518 13.3025757479481 13.418042528443 13.4603564417921 13.4130222336389 13.2021698518656
-9999 -9999 -9999 -9999 15.4149996554479 13.0802484066226 13.0953092910349 12.6119266198948 12.5351878278889 12.6176640996709 12.6166281658225 20.3501338607851 -9999 -9999 -9999 -9999 -9999 -9999 -9999 -9999 -9999 -9999 -9999 -9999 -9999 -9999 -9999 -9999 -9999 -9999 -9999 -9999 -9999 -9999 12.419721047394 12.4003570531495 12.3272041860037 12.2511825789697 12.2432935442775 12.3379619605839 12.4290444520302 12.3759727641009 12.2146061453968 12.3157292264514 12.2726981281303 12.2404248043895 12.3888820935972 12.4025086080655 12.3974883132614 12.3924680184573 12.6413312037475 12.7503433194943 12.8629413601011 13.0486922678538 13.2208166611381 13.2645649444312 13.3793145399541 13.4094363087788 13.3054444878362 13.2365947305225 13.2473525051028 13.1612903084606
14.172521119006 14.174672673922 14.1438337201253 14.1904507433064 13.6819665981457 13.3334147017449 12.9274880075827 12.860789805185 13.4449369648937 14.3579433169798 14.3849996784702 -9999 -9999 -9999 -9999 -9999 -9999 -9999 -9999 -9999 -9999 -9999 -9999 -9999 -9999 -9999 -9999 -9999 -9999 -9999 -9999 -9999 -9999 -9999 13.9199996888638 12.6011688453145 12.5251472382806 12.4060945329256 12.3365275906399 12.3982054982334 12.3501541051082 12.420438232366 12.4025086080655 12.4333475618623 12.4770958451554 12.4677724405192 12.379558688961 12.4570146659389 12.4405194115825 12.3939023884013 12.6112094349228 12.6499374234118 12.7438886547461 12.8399914409965 13.0601672274061 13.1304513546638 13.1949980021454 13.2997070080601 12.8708303947933 13.2365947305225 13.1670277882367 13.2200994761661
14.5095980558544 14.5067293159664 14.4680013274774 14.3102206336334 14.0204779049382 13.8856471301988 13.6532791992649 13.7407757658511 13.2150791813619 15.4899996537715 -9999 -9999 -9999 -9999 -9999 -9999 -9999 -9999 -9999 -9999 -9999 -9999 -9999 -9999 -9999 -9999 -9999 -9999 -9999 -9999 -9999 -9999 -9999 -9999 -9999 12.6291390592232 12.5445112325251 12.3688009143807 12.4068117178977 12.4412365965545 12.4118320127018 12.2045655557886 12.4735099202953 12.42187260231 12.3774071340449 12.3860133537091 12.3831446138211 12.3594775097445 12.5086519839242 12.5739158163778 12.581087666098 12.7137668859214 12.7668385738507 12.7273934003897 12.8966490537859 12.9862971752882 13.0214392389171 13.0537125626579 13.0321970134974 13.3800317249261 13.3699911353178 13.4094363087788
14.5870540328324 14.6845911890268 14.7039551832713 14.3883937955834 14.1022369917482 13.9085970493034 13.7637256849557 13.7307351762429 13.7701803497039 -9999 -9999 -9999 -9999 -9999 -9999 -9999 -9999 -9999 -9999 -9999 -9999 -9999 -9999 -9999 -9999 -9999 -9999 -9999 -9999 -9999 -9999 -9999 -9999 -9999 -9999 -9999 12.7512995661236 12.5251472382806 12.3085573767312 12.3580431398004 12.5724814464338 12.3723868392408 12.4519943711348 12.3960539433174 12.379558688961 12.2009796309285 12.1945249661803 12.1923734112643 12.299951157067 12.4039429780096 12.5244300533086 12.6004516603425 12.661412382964 12.5610064868815 12.6097750649787 12.6786248222925 12.9195989728905 13.0214392389171 13.1634418633766 13.2538071698509 13.2846461236477 13.3233741121367
14.5633869287558 14.5777306281962 14.6637928248383 14.5447401194833 14.2593005006202 14.0914792171679 13.8684346908703 13.8275551474653 12.7897884929553 -9999 -9999 -9999 -9999 -9999 -9999 -9999 -9999 -9999 -9999 -9999 -9999 -9999 -9999 -9999 -9999 -9999 -9999 -9999 -9999 -9999 -9999 -9999 -9999 -9999 -9999 -9999 -9999 -9999 -9999 14.6949996715412 14.5462572415395 12.9156870548613 12.6420483887196 12.7173528107814 12.5072176139802 12.3989226832055 12.2848902726546 12.1780297118239 12.222495180089 12.2354045095854 12.2698293882422 12.4390850416385 12.3501541051082 12.3286385559477 12.3300729258917 12.6398968338035 12.8658100999892 13.017853314057 13.0408032331616 13.1871089674532 13.0042267995887 13.0486922678538
14.5762962582521 14.6472975704819 14.769219015725 14.6472975704819 14.531830789987 14.1495711999014 14.0434278240427 13.9803155465052 15.9949996424839 -9999 -9999 -9999 -9999 -9999 -9999 -9999 -9999 -9999 -9999 -9999 -9999 -9999 -9999 -9999 -9999 -9999 -9999 -9999 -9999 -9999 -9999 -9999 -9999 -9999 -9999 -9999 -9999 -9999 -9999 -9999 -9999 -9999 -9999 11.9164418614313 12.778313533403 12.6936857067049 12.7238074755296 12.5846735909581 12.4806817700155 12.378841503989 12.3436994403601 12.2554856888019 12.2705465732142 12.1586657175794 12.2009796309285 12.5280159781687 12.8464461057447 12.9504379266873 12.9898831001483 12.9805596955121 13.1017639557831 12.9317911174148
14.5139011656865 14.612155506853 14.4701528823934 14.5103152408265 14.612155506853 14.7347941370681 14.7125614029355 14.4895168766379 14.214835032355 16.0049996422604 -9999 -9999 -9999 -9999 -9999 16.1899624452926 16.1899996381253 -9999 -9999 -9999 -9999 -9999 -9999 -9999 -9999 -9999 -9999 -9999 -9999 -9999 -9999 -9999 -9999 -9999 -9999 -9999 -9999 -9999 -9999 -9999 -9999 -9999 -9999 -9999 14.1549996836111 12.9160130480304 12.9590441463515 12.9977721348405 12.8858912792057 12.8622241751291 12.6886654119007 12.6850794870406 12.4878536197357 12.3982054982334 12.2468794691376 12.2124545904808 12.5696127065457 12.3939023884013 12.7345652501099 12.5875423308462 12.5746330013499 12.7546464293264
14.6028321022168 14.6221960964613 14.6178929866292 14.6580553450622 14.729773842264 14.6774193393067 14.73192539718 14.9069185303524 15.2271416203585 15.1159779496957 15.2049996601418 -9999 -9999 -9999 -9999 -9999 -9999 -9999 -9999 -9999 -9999 -9999 -9999 -9999 -9999 -9999 -9999 -9999 -9999 -9999 -9999 -9999 -9999 -9999 -9999 -9999 -9999 -9999 -9999 -9999 -9999 -9999 -9999 -9999 -9999 11.6849997388199 13.1046326956712 13.0142673891969 13.1333200945519 12.9583269613795 12.9260536376387 12.7661213888787 12.7087465911172 12.7338480651379 12.499328579288 12.5359050128609 12.5452284174971 12.5258644232526 12.4498428162187 12.4297616370022 12.538773752749 12.6413312037475
14.4443342234008 14.4766075471416 14.651600680314 14.6587725300342 14.6637928248383 14.811532929074 14.9018982355483 14.8287453684025 14.9607074032538 15.167615267681 14.0176091650501 15.1384258393198 -9999 -9999 14.7626164777867 -9999 26.52499940712 24.7836879923646 -9999 -9999 -9999 -9999 -9999 -9999 -9999 -9999 -9999 -9999 -9999 -9999 -9999 -9999 -9999 -9999 -9999 -9999 -9999 -9999 -9999 -9999 -9999 -9999 -9999 -9999 -9999 8.8399998024106 11.3599997460842 13.0321970134974 13.2279885108583 13.258827464655 13.2222510310821 13.1318857246079 12.8026978224516 12.938245782163 12.8349711461924 12.8521835855208 12.7991118975915 12.6951200766489 12.5997344753705 12.4354991167784 12.4376506716944 12.5308847180568
14.3001800440252 14.5268104951829 14.7620471660048 14.8287453684025 14.8165532238781 15.011627536267 14.6716818595305 14.8667561719194 15.2153080683202 14.5239417552948 14.6401257207617 14.1710867490619 15.7249996485189 14.5527946583998 12.979125325568 13.1175420251675 13.8655659509823 14.6349996728823 -9999 -9999 -9999 -9999 -9999 -9999 -9999 -9999 -9999 -9999 -9999 -9999 -9999 -9999 -9999 -9999 -9999 -9999 -9999 -9999 -9999 -9999 -9999 -9999 -9999 -9999 -9999 -9999 -9999 -9999 12.7847681981511 13.6102481009439 13.615268395748 13.6296120951883 13.4617908117361 12.9669331810437 13.1426434991881 13.0214392389171 12.9109927532263 12.6155125447549 12.4943082844839 12.5108035388403 12.9475691867992 12.8880428341217
14.3066347087733 14.3188268532977 14.4959715413861 14.7527237613685 14.8265938134864 14.930585634429 14.8681905418634 14.8179875938222 14.5648212986998 14.6150242467411 14.4726630297955 14.4651325875893 14.3898281655274 14.569841593504 13.7020477773622 14.1603289744817 14.1049996847287 -9999 -9999 -9999 -9999 -9999 -9999 -9999 -9999 -9999 -9999 -9999 -9999 -9999 -9999 -9999 -9999 -9999 -9999 -9999 -9999 -9999 -9999 -9999 -9999 -9999 -9999 -9999 -9999 -9999 -9999 -9999 13.6030762512237 13.6834009680897 13.3326975167729 13.7558366502635 13.7371898409911 13.6088137309998 13.3671223954298 13.3305459618568 13.2609790195711 13.1971495570615 13.2717367941514 13.1311685396358 13.3298287768848 13.0902889962308
14.3869594256394 14.3281502579339 14.4479201482609 14.5748618883081 14.9549699234776 14.3424939573742 14.1811273386702 14.2614520555362 14.4873653217219 14.3640095065348 14.0843073674478 14.9865260622464 14.1947538531385 14.254997390788 14.3365174159408 13.9425438046455 14.0599996857345 -9999 -9999 -9999 -9999 -9999 -9999 -9999 -9999 -9999 -9999 -9999 -9999 -9999 -9999 -9999 -9999 -9999 -9999 -9999 -9999 -9999 -9999 -9999 -9999 -9999 -9999 -9999 -9999 -9999 -9999 -9999 13.6245918003842 13.616702765692 13.5916012916714 13.7264320664108 13.3413037364371 13.7321695461869 13.3915066844784 13.4474471122958 12.857921065297 13.3979613492265 13.5543076731265 13.5091250198893 13.6575823090971 13.6927243727259
14.5662556686439 14.5641041137278 14.5038605760783 14.9872432472184 14.413495269604 14.8423718828708 13.6647541588172 14.3417767724022 14.9994353917427 14.5045777610503 14.5798821831122 14.8075884117279 14.3435697348323 13.9702749568969 14.3044831538573 6.69999985024333 -9999 -9999 -9999 -9999 -9999 -9999 -9999 -9999 -9999 -9999 -9999 -9999 -9999 -9999 -9999 -9999 -9999 -9999 -9999 -9999 -9999 -9999 -9999 -9999 -9999 -9999 -9999 -9999 -9999 -9999 -9999 -9999 13.7631519369781 13.6747947484255 13.7249976964667 13.6210058755241 13.6066621760838 13.5148624996655 13.4897610256448 13.5292061991058 13.4833063608967 13.5177312395535 13.496932875365 13.6676228987053 13.7063508871943 13.6245918003842
14.7484206515364 14.5956602524966 14.3216955931857 14.3202612232417 15.0747398138046 15.0202337559313 15.0374461952597 14.8481093626469 15.0367290102877 15.089083513245 14.8452406227589 14.5870540328324 14.5203558304347 14.4479201482609 14.1040299541783 -9999 -9999 -9999 -9999 -9999 -9999 -9999 -9999 -9999 -9999 -9999 -9999 -9999 -9999 -9999 -9999 -9999 -9999 -9999 -9999 -9999 -9999 -9999 -9999 -9999 -9999 -9999 -9999 -9999 -9999 -9999 -9999 -9999 -9999 -9999 13.5535904881544 13.4847407308407 13.5621967078187 13.575106037315 13.6790978582576 13.6088137309998 13.7221289565787 13.7859584190883 13.7128055519424 13.932981338352 14.0283669396304 13.6489760894328
15.2411267273128 14.8473921776749 15.2676625712775 14.9886776171625 14.9915463570505 15.1213568369858 14.9549699234776 14.7261879174039 15.0309915305115 15.1357005364262 14.7735221255571 14.6264992062934 14.3618579516187 13.814645817969 13.842236345716 17.7649996029213 -9999 -9999 -9999 -9999 -9999 -9999 -9999 -9999 -9999 -9999 -9999 -9999 -9999 -9999 -9999 -9999 -9999 -9999 -9999 -9999 -9999 -9999 -9999 -9999 -9999 -9999 -9999 -9999 -9999 -9999 4.50728004565462 4.46917144418694 4.07999990880489 -9999 11.5949583295733 13.1397747593001 13.338434996549 13.4861751007847 13.735755471047 13.773049089592 13.8046052283607 13.7723319046199 13.8340098122135 14.0427106390707 14.1115603963844 14.1861476334743
14.6602068999782 14.850260917563 14.9549699234776 15.1328317965381 15.1486098659225 15.0797601086088 15.1823175596073 15.2081362186 15.1464583110064 15.0539414496161 15.1019928427413 14.5684072235599 14.3604235816747 14.3001800440252 15.7751221664782 -9999 -9999 -9999 -9999 -9999 -9999 -9999 -9999 -9999 -9999 -9999 -9999 -9999 -9999 -9999 -9999 -9999 -9999 -9999 -9999 -9999 -9999 -9999 -9999 -9999 -9999 -9999 -9999 -9999 -9999 -9999 -9999 -9999 6.75789192053971 13.4339861020517 14.572172444663 14.6593701841775 15.7488264514104 13.1906948923133 13.4395580776036 13.3936582393944 13.7228461415507 13.77591782948 13.8634143960662 13.9688405869529 14.053468413651 14.211966292467
15.7192500419915 15.7751904698089 15.1471754959784 15.1478926809505 15.1751457098871 15.1651051202789 15.2655110163614 15.1636707503349 15.2511673169211 15.1902065942995 14.971465177834 14.5153355356306 14.2499770959839 14.6376155733597 18.0099995974451 -9999 -9999 -9999 -9999 -9999 -9999 -9999 -9999 -9999 -9999 -9999 -9999 -9999 -9999 -9999 -9999 -9999 -9999 -9999 -9999 -9999 -9999 -9999 -9999 -9999 -9999 -9999 -9999 -9999 -9999 -9999 -9999 -9999 -9999 -9999 13.4055635099299 14.5852610704023 13.0623187823221 13.0472578979097 13.773049089592 13.7228461415507 13.7006134074181 13.815363002941 13.2774742739275 14.0886104772799 14.1072572865523 14.1574602345936
15.3013702649623 15.248298577033 15.2117221434601 15.2447126521729 15.2124393284321 15.2203283631243 15.2963499701582 15.3042390048504 15.1249427618459 15.0847804034129 14.6458632005379 14.6702474895865 14.6698888971005 14.0584887084551 16.4149996330962 -9999 -9999 -9999 -9999 -9999 -9999 -9999 -9999 -9999 -9999 -9999 -9999 -9999 -9999 -9999 -9999 -9999 -9999 -9999 -9999 -9999 -9999 -9999 -9999 -9999 -9999 -9999 -9999 -9999 -9999 -9999 -9999 -9999 -9999 -9999 -9999 -9999 15.1299996618181 13.0651875222102 13.7206945866346 13.8297067023814 14.1839960785583 14.5203558304347 14.3948484603316 14.0419934540987 14.0792870726436 14.1445509050973
