EcologicalScience/Bass/data/rs_data_bass/sst_131.asc
NCOLS 226 
NROWS 124 
XLLCORNER -9.41648524995501 
YLLCORNER 47.587301625531 
CELLSIZE 0.0833 
NODATA_value -9999 
[rows 27 to 53 of 124, columns 62 to 123 of 226]
-9999 -9999 -9999 -9999 -9999 -9999 -9999 -9999 -9999 -9999 -9999 -9999 -9999 -9999 -9999 -9999 -9999 -9999 -9999 -9999 -9999 -9999 -9999 -9999 -9999 -9999 -9999 -9999 12.5299997199327 10.8399997577071 11.1149997515604 11.604999740608 11.6599997393787 11.7099997382611 11.6699997391552 11.2849997477606 11.0599997527897 10.5149997649714 10.3649997683242 10.8149997582659 9.98499977681786 10.1149997739121 10.9699997548014 10.9849997544661 10.9499997552484 10.5749997636303 10.7599997594953 11.4249997446314 11.044999753125 10.2199997715652 10.2199997715652 10.4799997657537 10.5099997650832 10.339999768883 10.2799997702241 10.339999768883 9.90999977849424 10.1149997739121 10.0049997763708 10.2599997706711 10.8299997579306 10.7399997599423
-9999 -9999 -9999 -9999 -9999 -9999 -9999 -9999 -9999 -9999 -9999 -9999 -9999 -9999 -9999 -9999 -9999 -9999 -9999 -9999 -9999 -9999 -9999 -9999 -9999 -9999 -9999 -9999 -9999 -9999 9.78499978128821 10.7099997606128 11.2399997487664 11.9499997328967 11.8299997355789 11.2149997493252 9.91999977827072 9.86999977938831 9.99499977659434 10.3999997675419 10.1299997735769 10.049999775365 10.9449997553602 10.9399997554719 10.9049997562543 10.9599997550249 11.0949997520074 11.2149997493252 10.9599997550249 10.6149997627363 10.5649997638538 10.7049997607246 10.4899997655302 10.0749997748062 10.2949997698888 9.97499977704138 9.93999977782369 10.3449997687712 10.3799997679889 10.2599997706711 9.89999977871776 9.5899997856468
-9999 -9999 -9999 -9999 -9999 -9999 -9999 -9999 -9999 -9999 -9999 -9999 -9999 -9999 -9999 -9999 -9999 -9999 -9999 -9999 -9999 -9999 -9999 -9999 -9999 -9999 -9999 -9999 -9999 -9999 -9999 11.0499997530133 10.7149997605011 11.1799997501075 11.4499997440726 10.5299997646362 10.3849997678772 10.2349997712299 10.0649997750297 10.3349997689947 9.97499977704138 9.97999977692962 11.0749997524545 11.044999753125 10.9849997544661 11.0349997533485 11.0549997529015 10.9149997560307 10.7399997599423 10.7149997605011 10.7699997592717 10.8899997565895 10.6599997617304 10.1599997729063 10.1249997736886 9.98499977681786 10.3449997687712 10.2799997702241 10.1149997739121 9.94499977771193 9.78999978117645 9.64999978430569
-9999 -9999 -9999 -9999 -9999 -9999 -9999 -9999 -9999 -9999 -9999 -9999 -9999 -9999 -9999 -9999 -9999 -9999 -9999 -9999 -9999 -9999 -9999 -9999 -9999 -9999 -9999 -9999 -9999 -9999 -9999 13.1597904946283 11.894999734126 11.2749997479841 10.7299997601658 10.7349997600541 10.504999765195 10.6249997625127 10.0899997744709 9.93499977793545 10.5999997630715 10.5949997631833 11.169999750331 11.0849997522309 11.0949997520074 11.0299997534603 11.0399997532368 11.1449997508898 11.0149997537956 10.9449997553602 10.8549997573718 11.044999753125 10.9399997554719 10.359999768436 10.4349997667596 10.4149997672066 10.3949997676536 10.4399997666478 10.174999772571 9.96499977726489 9.93499977793545 9.69499978329986
-9999 -9999 -9999 -9999 -9999 -9999 -9999 -9999 -9999 -9999 -9999 -9999 -9999 -9999 -9999 -9999 -9999 -9999 -9999 -9999 -9999 -9999 -9999 -9999 -9999 -9999 -9999 -9999 -9999 -9999 -9999 11.604999740608 11.7449997374788 11.9049997339025 11.6849997388199 10.9849997544661 10.8699997570366 11.1199997514486 11.0149997537956 10.5549997640774 10.6799997612834 10.609999762848 10.7349997600541 11.0149997537956 11.0599997527897 10.7799997590482 10.6199997626245 10.6799997612834 10.6549997618422 10.8749997569248 11.0799997523427 10.9399997554719 10.919999755919 10.7199997603893 10.5149997649714 10.31999976933 10.0099997762591 9.86999977938831 9.77499978151172 9.86499977950007 9.50999978743494 9.47499978821725
-9999 -9999 -9999 -9999 -9999 -9999 -9999 -9999 -9999 -9999 -9999 -9999 -9999 -9999 -9999 -9999 -9999 -9999 -9999 -9999 -9999 -9999 -9999 -9999 -9999 -9999 -9999 -9999 -9999 -9999 -9999 -9999 11.5799997411668 11.8649997347966 11.7149997381493 10.8399997577071 10.6549997618422 10.5949997631833 10.6749997613952 10.6449997620657 10.5199997648597 11.0399997532368 10.2949997698888 9.41499978955835 9.40499978978187 9.23499979358166 10.6199997626245 10.3499997686595 10.5999997630715 10.3949997676536 10.2749997703359 10.3699997682124 10.359999768436 10.2899997700006 10.1849997723475 9.62499978486449 10.4149997672066 11.562499741558 10.7349997600541 10.7349997600541 11.2949997475371 11.4283330778902
-9999 -9999 -9999 -9999 -9999 -9999 -9999 -9999 -9999 -9999 -9999 -9999 -9999 -9999 -9999 -9999 -9999 -9999 -9999 -9999 -9999 -9999 -9999 -9999 -9999 -9999 -9999 -9999 -9999 -9999 -9999 -9999 11.8262497356627 11.76999973692 11.5199997425079 10.9149997560307 11.1549997506663 10.4949997654185 10.3749997681007 10.2349997712299 9.68499978352338 9.52499978709966 9.42999978922307 9.42999978922307 9.55999978631735 9.65499978419393 10.1199997738004 9.88999977894127 9.8199997805059 9.759999781847 9.91999977827072 10.069999774918 10.5449997643009 10.8849997567013 10.8249997580424 11.1399997510016 11.1449997508898 11.1649997504428 11.2449997486547 11.1999997496605 11.0199997536838 10.9699997548014
-9999 -9999 -9999 -9999 -9999 -9999 -9999 -9999 -9999 -9999 -9999 -9999 -9999 -9999 -9999 -9999 -9999 -9999 -9999 -9999 -9999 -9999 -9999 -9999 -9999 -9999 -9999 -9999 -9999 -9999 -9999 -9999 -9999 11.9099997337908 11.914999733679 11.8099997360259 11.0899997521192 10.7649997593835 10.7499997597188 10.6199997626245 10.6749997613952 10.6199997626245 9.88499977905303 9.5899997856468 9.59499978553504 9.74999978207052 9.91999977827072 9.88999977894127 10.0049997763708 10.2099997717887 10.3999997675419 10.5599997639656 10.8549997573718 10.9899997543544 11.1599997505546 11.2349997488782 11.1949997497723 11.2149997493252 11.2999997474253 11.2549997484311 11.3099997472018 11.3449997464195
-9999 -9999 -9999 -9999 -9999 -9999 -9999 10.5149997649714 10.2949997698888 11.044999753125 9.71499978285283 9.71499978285283 8.49380415797476 8.41999981179833 8.41999981179833 -9999 -9999 -9999 -9999 -9999 -9999 -9999 -9999 -9999 -9999 -9999 -9999 -9999 -9999 -9999 -9999 -9999 -9999 -9999 11.8099997360259 11.7949997363612 11.479999743402 11.5649997415021 11.4749997435138 11.2699997480959 11.5299997422844 10.9399997554719 11.1299997512251 10.2699997704476 10.4199997670949 10.6149997627363 10.5849997634068 10.5799997635186 10.7899997588247 10.6049997629598 10.4449997665361 10.8549997573718 10.9499997552484 11.0199997536838 11.1449997508898 11.2149997493252 11.2399997487664 11.3099997472018 11.4649997437373 11.4449997441843 11.4299997445196 9.1549997953698
-9999 -9999 -9999 -9999 9.24090888435868 9.01374979852699 11.8799997344613 11.4549997439608 11.2349997488782 10.919999755919 10.1849997723475 9.33554326959521 -9999 -9999 -9999 -9999 -9999 -9999 -9999 -9999 -9999 -9999 -9999 -9999 -9999 -9999 -9999 -9999 -9999 -9999 -9999 -9999 -9999 -9999 11.644999739714 11.7599997371435 11.5299997422844 11.9299997333437 11.76999973692 11.5099997427315 11.7749997368082 11.0199997536838 11.0899997521192 10.7449997598305 10.6549997618422 10.5649997638538 10.0799997746944 10.3999997675419 9.82999978028238 10.4499997664243 10.9849997544661 10.5099997650832 10.2899997700006 10.214999771677 10.174999772571 11.169999750331 10.8049997584894 10.4399997666478 11.2199997492135 10.9149997560307 10.0799997746944 9.39999978989363
12.6299997176975 13.2433330373218 14.0799996852875 13.5499996971339 12.9349997108802 12.0749997301027 12.0199997313321 11.749999737367 11.3899997454137 10.9149997560307 -9999 -9999 -9999 -9999 -9999 -9999 -9999 -9999 -9999 -9999 -9999 -9999 -9999 -9999 -9999 -9999 -9999 -9999 -9999 -9999 -9999 -9999 -9999 -9999 11.644999739714 11.4749997435138 11.4699997436255 11.5499997418374 11.189999749884 10.9799997545779 11.0799997523427 10.9299997556955 11.499999742955 11.5999997407198 11.5199997425079 11.0349997533485 10.6499997619539 11.1299997512251 11.2249997491017 10.8749997569248 10.7999997586012 9.93999977782369 9.8199997805059 9.70999978296459 9.68499978352338 9.99499977659434 10.0649997750297 10.4999997653067 11.0799997523427 10.5349997645244 10.464999766089 10.4149997672066
13.3549997014925 13.2449997039512 13.2849997030571 13.5949996961281 13.5749996965751 12.8799997121096 12.3249997245148 12.0649997303262 11.6549997394904 11.4149997448549 -9999 -9999 -9999 -9999 -9999 -9999 -9999 -9999 -9999 -9999 -9999 -9999 -9999 -9999 -9999 -9999 -9999 -9999 -9999 -9999 -9999 -9999 -9999 -9999 -9999 11.7099997382611 11.3499997463077 10.9999997541308 11.3249997468665 11.3649997459725 11.7649997370318 11.2749997479841 10.8649997571483 10.9949997542426 11.1849997499958 11.3799997456372 11.4499997440726 11.0949997520074 11.1999997496605 10.9799997545779 10.3549997685477 10.1199997738004 10.069999774918 10.1599997729063 10.3049997696653 10.9899997543544 11.2399997487664 11.2699997480959 10.6399997621775 10.1049997741356 10.4049997674301 10.879999756813
13.8649996900931 13.7349996929988 13.7899996917695 13.3699997011572 13.1399997062981 12.7149997157976 12.4999997206032 12.2649997258559 11.4716664102549 -9999 -9999 -9999 -9999 -9999 -9999 -9999 -9999 -9999 -9999 -9999 -9999 -9999 -9999 -9999 -9999 -9999 -9999 -9999 -9999 -9999 -9999 -9999 -9999 -9999 -9999 -9999 10.3249997692183 10.6449997620657 10.6749997613952 10.8149997582659 11.169999750331 11.1649997504428 11.3649997459725 11.0149997537956 11.4399997442961 11.3849997455254 10.9799997545779 11.2749997479841 11.3249997468665 11.2499997485429 10.8349997578189 10.4299997668713 10.3249997692183 11.1399997510016 11.5399997420609 11.2149997493252 10.7449997598305 11.0749997524545 11.4899997431785 11.4199997447431 10.9749997546896 10.4499997664243
13.779999691993 13.0999997071922 12.4549997216091 12.6249997178093 12.8049997137859 12.5549997193739 12.5849997187033 12.7999997138977 12.7897884929553 -9999 -9999 -9999 -9999 -9999 -9999 -9999 -9999 -9999 -9999 -9999 -9999 -9999 -9999 -9999 -9999 -9999 -9999 -9999 -9999 -9999 -9999 -9999 -9999 -9999 -9999 -9999 -9999 -9999 -9999 14.919999666512 11.0637556035363 10.4499997664243 10.7099997606128 11.4549997439608 11.9449997330084 12.0099997315556 11.8149997359142 11.3449997464195 11.0499997530133 11.0099997539073 10.8599997572601 10.899999756366 11.0999997518957 11.5099997427315 11.5149997426197 11.5349997421727 11.5499997418374 10.9799997545779 10.6999997608364 11.024999753572 11.1849997499958 11.2149997493252
13.8449996905401 13.5899996962398 12.6149997180328 12.5199997201562 12.6499997172505 12.5549997193739 13.1699997056276 13.3049997026101 12.8449997128919 -9999 -9999 -9999 -9999 -9999 -9999 -9999 -9999 -9999 -9999 -9999 -9999 -9999 -9999 -9999 -9999 -9999 -9999 -9999 -9999 -9999 -9999 -9999 -9999 -9999 -9999 -9999 -9999 -9999 -9999 -9999 -9999 -9999 -9999 8.2545558467682 11.9449997330084 11.9399997331202 11.1849997499958 11.2449997486547 11.1599997505546 11.1799997501075 11.5549997417256 10.2549997707829 11.6849997388199 11.6149997403845 11.6749997390434 11.0599997527897 11.0499997530133 10.9849997544661 11.3299997467548 11.1599997505546 10.2949997698888 9.57999978587031
13.6999996937811 13.904999689199 13.8049996914342 13.5299996975809 13.3799997009337 13.3599997013807 13.3399997018278 13.3299997020513 13.1249997066334 13.1349997064099 -9999 -9999 -9999 -9999 -9999 16.1899624452926 -9999 -9999 -9999 -9999 -9999 -9999 -9999 -9999 -9999 -9999 -9999 -9999 -9999 -9999 -9999 -9999 -9999 -9999 -9999 -9999 -9999 -9999 -9999 -9999 -9999 -9999 -9999 -9999 12.0099997315556 12.0149997314438 12.039999730885 12.0699997302145 11.9949997318909 11.9399997331202 11.894999734126 11.8149997359142 11.7749997368082 11.7299997378141 10.8949997564778 10.6849997611716 11.5949997408316 11.5249997423962 9.34999979101121 9.11499979626387 11.2199997492135 11.7399997375906
13.7499996926636 13.8899996895343 13.9549996880814 13.8749996898696 13.8299996908754 13.8599996902049 13.5749996965751 13.3899997007102 13.2749997032806 13.2649997035041 13.1149997068569 -9999 -9999 -9999 -9999 -9999 -9999 -9999 -9999 -9999 -9999 -9999 -9999 -9999 -9999 -9999 -9999 -9999 -9999 -9999 -9999 -9999 -9999 -9999 -9999 -9999 -9999 -9999 -9999 -9999 -9999 -9999 -9999 -9999 -9999 11.9049997339025 11.9599997326732 12.0049997316673 12.0249997312203 12.0049997316673 11.9499997328967 11.8999997340143 11.8849997343495 11.9199997335672 10.1549997730181 9.68999978341162 9.11999979615211 9.04999979771674 11.4499997440726 11.0699997525662 11.6749997390434 11.76999973692
13.6899996940047 13.7199996933341 13.7049996936694 13.6049996959046 13.75999969244 13.779999691993 13.5349996974692 13.344999701716 13.2949997028336 13.4399996995926 13.4149997001514 12.1399997286499 8.64999980665743 -9999 -9999 -9999 21.4408638518552 19.5903956048191 -9999 -9999 -9999 -9999 -9999 -9999 -9999 -9999 -9999 -9999 -9999 -9999 -9999 -9999 -9999 -9999 -9999 -9999 -9999 -9999 -9999 -9999 -9999 -9999 -9999 -9999 -9999 8.8399998024106 14.6649996722117 11.8599997349083 11.8749997345731 11.9099997337908 11.9799997322261 12.0149997314438 12.1049997294322 12.1499997284263 12.0849997298792 11.8849997343495 11.7599997371435 11.894999734126 11.9299997333437 12.0549997305498 11.4349997444078 10.8649997571483
13.7299996931106 13.8099996913224 13.8099996913224 13.8449996905401 13.8549996903166 13.8849996896461 13.8849996896461 13.5549996970221 13.3749997010455 13.4999996982515 13.2999997027218 12.827499713283 12.6478568601555 10.464999766089 10.7299997601658 10.8149997582659 11.3716664124901 17.6298978968748 -9999 -9999 -9999 -9999 -9999 -9999 -9999 -9999 -9999 -9999 -9999 -9999 -9999 -9999 -9999 -9999 -9999 -9999 -9999 -9999 -9999 -9999 -9999 -9999 -9999 -9999 -9999 -9999 -9999 -9999 11.9549997327849 11.894999734126 11.9299997333437 12.1749997278675 12.184999727644 12.2499997261912 11.9949997318909 11.9899997320026 11.9099997337908 11.8699997346848 10.2899997700006 10.5649997638538 11.4399997442961 11.2049997495487
13.7449996927753 13.7349996929988 13.924999688752 14.0449996860698 14.1349996840581 13.9999996870756 13.9999996870756 14.0149996867403 13.7149996934459 13.6499996948987 13.5399996973574 13.1549997059628 11.1099997516721 11.1499997507781 11.5749997412786 12.2949997251853 11.0399997532368 -9999 -9999 -9999 -9999 -9999 -9999 -9999 -9999 -9999 -9999 -9999 -9999 -9999 -9999 -9999 -9999 -9999 -9999 -9999 -9999 -9999 -9999 -9999 -9999 -9999 -9999 -9999 -9999 -9999 -9999 -9999 11.7299997378141 11.8199997358024 12.3799997232854 12.5749997189268 12.5549997193739 12.3049997249618 9.39499979000539 9.25499979313463 10.9099997561425 10.3699997682124 10.4899997655302 10.1899997722358 9.91999977827072 10.4399997666478
13.9149996889755 13.8749996898696 13.9149996889755 14.0299996864051 14.2099996823817 14.0649996856228 13.9699996877462 13.944999688305 13.8299996908754 13.7049996936694 13.5499996971339 13.3149997023866 12.889999711886 12.5849997187033 12.349999723956 11.7399997375906 11.1762497501913 -9999 -9999 -9999 -9999 -9999 -9999 -9999 -9999 -9999 -9999 -9999 -9999 -9999 -9999 -9999 -9999 -9999 -9999 -9999 -9999 -9999 -9999 -9999 -9999 -9999 -9999 -9999 -9999 -9999 -9999 -9999 11.7349997377023 12.1949997274205 12.474999721162 12.5949997184798 12.5799997188151 12.4249997222796 12.2499997261912 11.9949997318909 11.5999997407198 11.5199997425079 12.2199997268617 12.2549997260794 11.76999973692 10.9299997556955
14.0149996867403 13.9899996872991 14.0599996857345 14.0649996856228 14.1799996830523 13.9999996870756 13.7249996932223 13.6399996951222 13.6399996951222 13.4999996982515 13.344999701716 13.2349997041747 13.0199997089803 12.76499971468 12.7699997145683 6.69999985024333 -9999 -9999 -9999 -9999 -9999 -9999 -9999 -9999 -9999 -9999 -9999 -9999 -9999 -9999 -9999 -9999 -9999 -9999 -9999 -9999 -9999 -9999 -9999 -9999 -9999 -9999 -9999 -9999 -9999 -9999 -9999 -9999 14.5399837452685 12.039999730885 12.0949997296557 12.4449997218326 12.5199997201562 12.4899997208267 12.474999721162 12.1149997292086 11.9449997330084 11.934999733232 12.0199997313321 11.5999997407198 11.5649997415021 11.5299997422844
14.4799996763468 14.4949996760115 14.504999675788 14.4899996761233 14.2999996803701 14.21499968227 13.4099997002631 13.3899997007102 13.3849997008219 13.324999702163 13.179999705404 13.0599997080863 12.8949997117743 12.6249997178093 12.1349997287616 -9999 -9999 -9999 -9999 -9999 -9999 -9999 -9999 -9999 -9999 -9999 -9999 -9999 -9999 -9999 -9999 -9999 -9999 -9999 -9999 -9999 -9999 -9999 -9999 -9999 -9999 -9999 -9999 -9999 -9999 -9999 -9999 -9999 -9999 13.1936076353969 12.0999997295439 12.0149997314438 11.5999997407198 11.4149997448549 11.4899997431785 11.3249997468665 11.6699997391552 11.914999733679 12.0199997313321 12.2899997252971 12.0549997305498 12.2799997255206
14.4549996769056 14.4599996767938 14.4749996764585 14.3949996782467 14.4799996763468 14.3449996793643 13.7099996935576 13.3299997020513 13.2299997042865 13.1399997062981 13.0599997080863 12.9599997103214 12.9899997096509 13.0899997074157 10.1937497721519 10.1699997726828 -9999 -9999 -9999 -9999 -9999 -9999 -9999 -9999 -9999 -9999 -9999 -9999 -9999 -9999 -9999 -9999 -9999 -9999 -9999 -9999 -9999 -9999 -9999 -9999 -9999 -9999 -9999 -9999 -9999 -9999 7.42329770641679 7.42712749356523 7.39382962196907 -9999 11.5949583295733 8.69999980553985 10.9549997551367 10.4349997667596 10.7699997592717 11.2949997475371 11.2199997492135 11.7349997377023 12.4849997209385 12.3349997242913 12.6549997171387 12.349999723956
14.4399996772408 14.5099996756762 14.504999675788 14.3999996781349 14.049999685958 13.9149996889755 13.8849996896461 13.7749996921048 13.1499997060746 13.034999708645 12.9549997104332 12.8949997117743 12.9599997103214 12.8399997130036 13.1433286938728 -9999 -9999 -9999 -9999 -9999 -9999 -9999 -9999 -9999 -9999 -9999 -9999 -9999 -9999 -9999 -9999 -9999 -9999 -9999 -9999 -9999 -9999 -9999 -9999 -9999 -9999 -9999 -9999 -9999 -9999 -9999 -9999 10.9799997545779 11.0399997532368 11.6349997399375 11.7949997363612 11.8399997353554 11.9049997339025 11.8199997358024 11.5999997407198 10.7599997594953 10.9149997560307 11.479999743402 11.5499997418374 11.499999742955 11.8299997355789 11.7449997374788
14.4649996766821 14.504999675788 14.4999996758997 14.4949996760115 14.2699996810406 14.0249996865168 13.9299996886402 13.5649996967986 13.0199997089803 12.6849997164682 12.5299997199327 12.4149997225031 12.1699997279793 11.9449997330084 17.2049996154383 -9999 -9999 -9999 -9999 -9999 -9999 -9999 -9999 -9999 -9999 -9999 -9999 -9999 -9999 -9999 -9999 -9999 -9999 -9999 -9999 -9999 -9999 -9999 -9999 -9999 -9999 -9999 -9999 -9999 -9999 -9999 -9999 -9999 -9999 -9999 12.1349997287616 11.9699997324497 11.8449997352436 11.8299997355789 11.5249997423962 10.6849997611716 10.8449997575954 11.644999739714 12.1049997294322 11.8699997346848 12.0699997302145 12.1149997292086
14.2499996814877 14.4449996771291 14.4699996765703 14.3649996789172 14.3299996796995 14.2049996824935 13.9649996878579 13.2699997033924 12.7199997156858 12.5899997185916 12.514999720268 12.4149997225031 12.0349997309968 11.8249997356907 11.169999750331 -9999 -9999 -9999 -9999 -9999 -9999 -9999 -9999 -9999 -9999 -9999 -9999 -9999 -9999 -9999 -9999 -9999 -9999 -9999 -9999 -9999 -9999 -9999 -9999 -9999 -9999 -9999 -9999 -9999 -9999 -9999 -9999 -9999 -9999 -9999 -9999 -9999 8.6099998075515 11.5349997421727 11.6949997385964 11.8849997343495 12.0749997301027 12.2299997266382 12.514999720268 12.7549997149035 12.6599997170269 12.7049997160211
