EcologicalScience/Bass/data/rs_data_bass/sst_258.asc
NCOLS 226 
NROWS 124 
XLLCORNER -9.41648524995501 
YLLCORNER 47.587301625531 
CELLSIZE 0.0833 
NODATA_value -9999 
[rows 54 to 80 of 124, columns 124 to 185 of 226]
15.8313699592836 15.5975676584058 15.486403987743 15.5860926988535 15.4921414675191 15.5875270687975 15.6628314908594 15.8263496644795 15.9475539247505 16.007080277428 16.1454969770275 16.2358622835018 16.5801110700704 16.6941434806213 16.8454695097171 17.0104220532812 17.1373637933284 17.3453474352136 17.4055909728631 17.4859156897292 17.3833582387306 17.5411389325745 17.599230915308 17.4938047244214 17.3675801693462 17.3855097936466 17.4471877012402 17.4357127416879 17.7491225744598 17.2987304120325 17.4292580769397 17.4206518572755 17.559785741847 17.6193120945245 17.6178777245805 17.7641834588721 17.6759697073139 17.8552659503184 17.8502456555143 18.0761589217 18.0259559736587 18.0101779042743 17.9886623551138 18.1528977137059 18.2152928062715 18.7431409456767 18.8249000324868 20.5138706415892 18.9188512638211 18.634846014902 18.6699880785309 19.0970717293676 19.711699250387 21.3300271397457 20.8523819483817 19.869121351745 19.9200414847583 20.3596758726053 20.4299599998631 20.226996652782 21.0751874130219 18.1640314881744
15.9045228264295 15.9841303583235 15.6592455659993 15.6348612769507 15.8600573581643 15.84786521364 15.8342386991717 15.967635103967 15.9913022080436 16.0250099017285 16.2516403528862 16.2796105667949 16.4624927346595 16.8576616542414 16.8583788392134 17.0728171458468 16.004928722512 17.1667683771811 17.1423840881325 17.4887844296172 17.5325327129103 17.4091768977232 17.481612579897 17.3912472734228 17.3926816433668 17.4830469498411 17.3353068456054 17.6257667592727 17.5705435164273 17.4679860654287 17.519623383414 17.5719778863713 17.5963621754199 17.9814905053936 17.3675801693462 17.6623431928456 17.7885677479208 17.998702944722 18.0030060545541 18.1062806905247 18.0001373146661 18.1349680894054 18.0962401009165 18.3056581127457 18.356578245759 18.477065321058 18.8284859573469 19.1024506166577 19.0099337552674 19.6898251087405 19.2647137165768 19.2200689520687 19.2829421679489 19.3498794320039 19.6934110336006 20.6501357862726 19.6467940104194 15.4280251310207 -9999 -9999 -9999 -9999
15.7151859938167 15.7367015429772 17.0097048683092 15.7718436066061 16.2681356072426 15.8808557223529 15.8657948379405 16.0121005722322 16.2186498441733 16.124698612839 16.9250770416111 16.5263221971691 16.761558867991 17.039826637134 17.2851038975641 16.9049958623946 16.8770256484859 16.7300027292222 17.0649281111546 16.9336832612753 17.2169713252224 17.5698263314553 17.3568223947659 17.3116397415288 17.2255775448866 17.2700430131517 17.3747520190664 17.4837641348131 17.4765922850929 17.4464705162682 17.5397045626305 17.5547654470429 17.3001647819765 17.1918698512018 17.2908413773403 18.0668355170637 17.0491500417702 18.0108950892463 17.9621265111491 17.9233985226601 17.8516800254583 18.0410168580711 17.9814905053936 19.5994598022662 19.3843043106608 19.1713003739715 19.0486617437564 19.6051972820424 19.6138035017066 19.2638172353618 19.8633838719688 19.907849340234 20.3058869997039 19.7988372244872 19.7296288746875 -9999 -9999 -9999 -9999 -9999 -9999 -9999
16.0501113757491 17.1101107643917 17.1301919436082 16.6546983071603 16.3111667055637 16.5169987925328 16.0178380520083 16.0902737341821 16.6984465904534 16.244468503166 16.2487716129981 16.2996917460114 16.5385143416934 16.4997863532044 16.8153477408923 16.6260109082796 16.8533585444093 16.920773931779 15.9561601444148 16.8849146831781 17.5547654470429 17.2843867125921 17.3001647819765 17.1760917818174 17.0778374406509 17.2040619957261 17.3295693658292 17.5038453140296 17.4744407301769 17.4679860654287 17.4471877012402 17.5547654470429 17.2341837645508 17.1703543020412 16.9523300705478 17.0599078163505 17.3037507068366 17.9707327308133 17.8710440197028 17.8050630022772 18.3981749741361 18.2956175231375 19.3871730505489 19.8619495020248 19.3785668308847 19.0192571599036 19.1239661658183 19.6613170061028 19.351313801948 19.3082827036269 19.0823694374412 20.5031128670089 20.3539383928291 20.1036408375949 17.239999614656 -9999 -9999 -9999 -9999 -9999 -9999 -9999
18.0331278233789 17.9298531874083 16.3097323356196 16.5499893012457 16.2573778326623 16.1741843759082 16.1053346185945 16.0623035202734 16.0336161213927 16.7701650876552 16.284630861599 16.3857539426535 16.3147526304238 15.9826959883794 16.5385143416934 16.6891231858172 16.682668521069 16.9351176312193 17.0376750822179 17.1352122384124 17.3259834409691 17.3030335218646 17.3094881866127 17.3073366316967 17.2865382675081 17.3324381057173 17.3890957185067 17.3754692040384 17.3525192849338 18.9740745066665 19.0321664894 18.0144810141064 18.1026947656646 17.1359294233844 17.081423365511 17.9355906671844 17.7613147189841 17.840205065906 17.8165379618295 17.8509628404863 17.2772148628719 19.4072542297654 19.4481337731704 21.1779839256778 19.6532486751676 19.5384990796447 19.3699606112204 19.3222678105813 21.6498916372657 21.5874965447001 19.7479170914739 20.7627338268794 20.5031128670089 16.9942853914108 15.2549996590242 -9999 -9999 -9999 -9999 -9999 -9999 -9999
18.2576067196205 17.9198125978 17.9262672625482 17.958540586289 17.1337778684683 16.4015320120379 16.4517349600792 16.2874996014871 16.764427607879 16.3771477229893 16.3663899484091 16.4122897866182 16.4072694918141 16.3276619599201 16.6575670470484 16.3620868385769 16.9379863711074 16.8275398854166 17.3302865508012 17.3152256663889 17.2248603599146 17.2298806547187 17.2693258281797 17.3087710016407 17.2621539784595 17.2987304120325 17.2721945680678 17.2234259899706 17.3697317242622 18.0919369910844 16.4746848791838 18.0912198061123 17.4902187995613 17.4651173255406 17.2349009495229 17.4500564411283 17.8968626786955 17.9047517133877 17.8947111237794 18.0001373146661 17.9549546614289 18.0352793782949 20.587023508735 18.5502181882039 20.0828424734063 14.9064966568395 19.7077547330409 19.7651295308024 21.6699728164822 19.4892523782328 20.784966561012 20.8911099368706 20.6293374220841 20.5031128670089 17.3349996125326 -9999 23.7447889405303 23.7449994692579 -9999 -9999 -9999 -9999
-9999 -9999 -9999 -9999 -9999 15.5299996528774 17.1538590476848 16.7880947119556 16.5880001047626 16.7551042032428 16.4897457635961 16.6790825962089 16.2688527922146 16.604495359119 16.5399487116374 17.7347788750194 17.2922757472843 17.598513730336 17.3102053715847 17.2686086432077 17.2133854003623 17.2234259899706 17.1574449725449 17.1746574118733 17.2700430131517 17.4292580769397 17.4708548053168 17.2449415391311 17.5002593891695 17.3259834409691 17.7046571061946 18.0725729968399 17.3718832791783 17.2836695276201 17.6200292794965 17.8617206150666 17.6702322275378 17.8064973722212 17.8932767538354 17.9348734822124 18.1607867483981 18.2253333958797 20.9033020813949 20.8760490524583 20.110095502343 13.545163929009 -9999 18.6580349956639 20.3863855795935 16.7749996250495 20.7397839077748 20.904736451339 20.9484847346321 20.3568071327172 5.37499987985939 5.37499987985939 3.90921533420256 -9999 -9999 -9999 -9999 -9999
-9999 -9999 -9999 -9999 -9999 -9999 -9999 15.0987655103672 15.9923779855017 16.6948606655933 16.5421002665535 16.9652394000441 15.6348612769507 16.9817346544005 17.2549821287394 17.3539536548778 17.5310983429663 17.4063081578352 17.3726004641503 17.2750633079559 17.1531418627128 17.2069307356142 17.3467818051577 17.2600024235435 17.44001585152 17.4722891752608 17.0319376024418 17.201193255838 17.2435071691871 17.318811591249 17.6200292794965 17.1484801603947 17.5016937591136 17.6099886898883 17.8186895167455 17.838770695962 17.7785271583125 17.8229926265776 18.0546433725394 18.1464430489577 18.3443861012347 18.3845484596677 18.1819437050726 18.9679784344044 19.7249671723694 17.0799996182323 -9999 -9999 -9999 -9999 -9999 -9999 -9999 -9999 -9999 -9999 -9999 -9999 -9999 -9999 -9999 -9999
-9999 -9999 -9999 -9999 -9999 -9999 -9999 -9999 12.7099997159094 16.811602441594 17.2933515247423 17.1068834320176 17.2320322096348 17.2198400651105 17.5102999787778 17.5648060366511 17.6221808344126 17.7068086611107 17.6099886898883 16.9924924289808 17.2327493946068 17.3087710016407 17.4522079960443 17.4349955567159 17.3561052097939 17.4077425277792 17.3711660942063 17.2700430131517 17.239921244327 17.3876613485627 17.2578508686274 17.0889538077172 17.7900021178648 17.8100832970813 17.9262672625482 17.9327219272964 18.1069978754967 17.916943857912 17.6501510483213 19.0644398131408 18.952558957506 18.8586077261716 18.3598055781331 20.705359029118 13.1152801341019 -9999 -9999 -9999 -9999 -9999 -9999 -9999 -9999 -9999 -9999 -9999 -9999 -9999 -9999 -9999 -9999 -9999
-9999 -9999 -9999 -9999 -9999 -9999 -9999 -9999 -9999 14.5749996742234 17.3951917907689 17.4995422041975 17.6365245338529 16.6984465904534 17.7397991698235 17.6759697073139 17.2908413773403 17.7512741293758 17.6415448286571 17.6644947477616 17.5153202735819 17.0771202556789 18.5466322633438 17.4371471116319 16.7927564142738 17.2549821287394 17.3704489092343 17.2535477587953 18.7072816970758 17.3682973543182 17.4450361463241 17.7749412334524 18.2332224305719 18.0273903436027 18.0503402627073 18.0639667771757 18.0998260257766 18.0288247135468 17.3403271404095 18.8378093619831 19.1834925184958 19.3498794320039 18.7772072318476 21.104831058532 18.5543778610416 16.0649996409193 -9999 -9999 -9999 -9999 -9999 -9999 -9999 -9999 -9999 -9999 -9999 -9999 -9999 -9999 -9999 -9999
-9999 -9999 -9999 -9999 -9999 -9999 -9999 -9999 -9999 15.4649996543303 17.4111491563963 17.6652119327337 17.863394046668 17.1574449725449 18.0202184938826 18.0410168580711 17.6250495743006 17.4163487474434 17.6867274818942 17.7512741293758 18.3013550029136 17.7828302681446 19.1447645300068 17.438581481576 17.6350901639089 17.2126682153903 17.2851038975641 17.1796777066775 17.2704016056377 17.3898129034787 17.4586626607925 17.8502456555143 17.5899075106718 17.8947111237794 18.0417340430431 17.8710440197028 18.2038178467192 18.7331003560685 19.2466047960334 19.5851161028259 20.7175511736423 21.1356700123288 21.0625171451829 21.4899593885057 12.8134297392597 0.59151698324171 13.1154462990217 -9999 -9999 -9999 -9999 -9999 -9999 -9999 -9999 -9999 -9999 -9999 -9999 -9999 -9999 -9999
-9999 -9999 -9999 -9999 -9999 -9999 -9999 -9999 -9999 8.59275153496518 15.5946989185177 18.4118014886044 18.3501235810108 17.4285408919677 18.0173497539945 17.9736014707014 17.4292580769397 17.4895016145892 17.7125461408868 17.6551713431254 17.6637775627896 17.282235157676 17.3152256663889 16.8002868564799 17.520340568386 17.2865382675081 17.800042707473 16.9749213971663 17.6465651234612 17.8540706420317 17.8629159233533 17.7802005899139 17.3876613485627 18.3501235810108 17.480178209953 17.4536423659883 18.2884456734173 18.3702047602274 19.7550889411941 19.9451429587789 20.0778221786022 22.2250739848241 19.4972609437536 19.7127750278451 16.1099996399134 -9999 -9999 -9999 -9999 -9999 -9999 -9999 -9999 -9999 -9999 -9999 -9999 -9999 -9999 -9999 -9999 -9999
-9999 -9999 -9999 -9999 -9999 -9999 -9999 -9999 -9999 18.5394604136236 16.4553208849393 18.1701101530343 18.4548325869255 17.9614093261771 18.155049268622 18.1191900200211 17.1452528280206 17.1352122384124 17.5296639730223 18.0302590834908 17.7003539963625 17.3173772213049 17.7075258460827 17.6852931119502 16.9996642787009 17.9499343666248 17.0882366227452 18.9826807263307 17.9725256932434 17.838770695962 17.8219168491196 17.8624378000386 17.5375530077145 15.0646992241964 17.9259086700622 17.199041700922 18.6972411074676 18.4964293153025 18.71588791674 18.7668080497533 22.7572252340615 22.3584703896195 21.6549119320698 18.7517471653409 -9999 -9999 -9999 -9999 -9999 -9999 -9999 -9999 -9999 -9999 -9999 -9999 -9999 -9999 -9999 -9999 -9999 -9999
-9999 -9999 -9999 -9999 -9999 -9999 -9999 -9999 16.9175465994049 18.5428072768264 18.5702993674204 18.2697988641448 18.2619098294526 18.2152928062715 18.1019775806926 18.1041291356087 16.4897457635961 17.9736014707014 17.0599078163505 17.3015991519205 16.7802056772634 17.0577562614344 17.2904827848542 17.3528778774198 17.4149143774994 17.9470656267367 16.402966381982 17.6766868922859 17.8247855890077 17.9377422221005 17.7874919704627 17.9649952510372 16.1125064683147 18.2547379797325 17.6845759269781 18.5853602518328 18.9884182061069 19.1791894086637 18.9586550297681 18.8015915208962 22.2286599096842 18.8664967608638 19.3265709204134 -9999 -9999 -9999 -9999 -9999 -9999 -9999 -9999 -9999 -9999 -9999 -9999 -9999 -9999 -9999 -9999 -9999 -9999 -9999
-9999 -9999 -9999 -9999 -9999 -9999 -9999 -9999 18.6560746900737 16.8397320299409 18.8148594428785 17.9147923029959 18.596835211385 18.3307595867664 18.2260505808517 18.1744132628664 18.0324106384069 17.9377422221005 16.3950773472898 17.2865382675081 17.2911999698263 17.2513962038793 17.3094881866127 17.8222754416056 17.9836420603096 18.0689870719798 17.3521606924478 17.716849250719 17.8197652942035 18.0456785603892 18.0546433725394 18.2568895346485 18.3020721878856 18.4125186735764 18.355143875815 17.7810373057146 19.9551835483871 19.2501907208934 21.2202978390269 21.6549119320698 22.22005369002 19.2559282006696 17.4099996108562 -9999 -9999 -9999 -9999 -9999 -9999 -9999 -9999 -9999 -9999 -9999 -9999 -9999 -9999 -9999 -9999 -9999 -9999 -9999
-9999 -9999 -9999 -9999 -9999 -9999 -9999 5.8590885692827 18.7527034119703 18.5595415928401 18.5193792344071 18.4605700667016 18.1622211183421 18.2490004999563 18.1141697252169 18.0180669389665 17.9850764302537 17.6867274818942 17.2657399033196 17.2076479205862 17.3109225565568 17.0477156718262 17.5863215858117 17.5877559557557 17.6200292794965 18.3888515694998 18.2332224305719 17.9696569533553 18.3013550029136 18.0614566297736 18.0101779042743 18.4935605754144 18.554521298036 18.2446973901242 18.6140476507135 21.1471449718811 17.7240211004391 22.1985381408595 22.1296883835457 21.2547227176838 19.6061535286717 11.3938905880219 -9999 -9999 -9999 -9999 -9999 -9999 -9999 -9999 -9999 -9999 -9999 -9999 -9999 -9999 -9999 -9999 -9999 -9999 -9999 -9999
-9999 -9999 -9999 3.8400372271426 -9999 10.169044496719 18.9263817060273 18.8159352203365 19.0823694374412 18.2002319218591 18.5000152401626 18.6262397952378 18.356578245759 18.1277962396853 17.9384594070725 17.8416394358501 17.8638721699826 17.8882564590313 17.4708548053168 17.5224921233021 17.9083376382478 18.0058747944422 18.2282021357678 18.3400829914026 18.2619098294526 18.2999206329696 18.2827081936412 17.9416867394466 18.3483306185808 18.5061113124248 18.7725455295295 18.7768486393616 18.7582018300891 18.6570787490346 18.7201910265721 21.105548243504 21.4340189606883 19.4624774726108 22.0651417360641 13.9617368497719 13.2949997028336 -9999 -9999 -9999 -9999 -9999 -9999 -9999 -9999 -9999 -9999 -9999 -9999 -9999 -9999 -9999 -9999 -9999 -9999 -9999 -9999 -9999
-9999 -9999 3.88019958557561 -9999 18.6527756392024 18.3501235810108 18.0976744708605 17.9549546614289 18.276253528893 18.2848597485572 18.1127353552729 17.8875392740592 17.9750358406454 17.9621265111491 17.6207464644685 17.7010711813346 17.5927762505598 17.7247382854111 17.8014770774171 17.8315988462418 17.9513687365688 18.1622211183421 18.1543320836499 18.2977690780535 18.354426690843 18.6692708935589 18.6477553443983 18.0897854361683 18.832789067179 18.9489730326459 18.9088106742129 18.9360637031496 19.1254005357623 18.6728568184189 19.8024231493473 18.8500015065074 21.7553178281523 17.2925148089416 18.543285400141 -9999 -9999 -9999 -9999 -9999 -9999 -9999 -9999 -9999 -9999 -9999 -9999 -9999 -9999 -9999 -9999 -9999 -9999 -9999 -9999 -9999 -9999 -9999
16.7749996250495 16.7749996250495 -9999 16.3599996343255 18.9367808881216 18.4849543557502 18.276253528893 18.1356852743775 18.0912198061123 18.115604095161 17.9736014707014 17.7641834588721 17.9398937770166 17.8846705341712 17.640827643685 17.6020996551961 17.6020996551961 17.718283620663 17.7935880427249 17.8610034300946 17.1481215679087 18.1091494304128 17.399853493087 18.4397717025131 18.4591356967576 18.6656849686988 18.7402722057886 17.9499343666248 18.9733573216945 18.994155685883 19.1612597843632 19.0938443969935 19.1275520906784 19.672612669412 19.512680420652 19.4172948193736 19.247082919348 20.1251563867554 -9999 -9999 -9999 -9999 -9999 -9999 -9999 -9999 -9999 -9999 -9999 -9999 -9999 -9999 -9999 -9999 -9999 -9999 -9999 -9999 -9999 -9999 -9999 -9999
17.9167047962546 16.8497726195492 19.0791421050671 19.0300149344839 18.9253059285693 17.8064973722212 17.7900021178648 17.9786217655055 18.0446027829312 17.9384594070725 17.8925595688634 17.6824243720621 17.800042707473 17.6544541581534 17.7469710195437 17.6056855800562 17.836619141046 17.7649006438442 17.8093661121093 17.7620319039561 17.6128574297763 17.4349955567159 17.8172551468015 17.6250495743006 18.4046296388842 18.7223425814882 18.95399332745 19.073763217777 19.073763217777 19.2975249290466 19.4538712529466 19.2781609348021 19.2745750099421 20.4378490345553 19.2663273827638 20.0875041757245 16.362592127989 15.9649996431544 1.25137763023376 13.2399997040629 -9999 -9999 -9999 -9999 -9999 -9999 -9999 -9999 -9999 -9999 -9999 -9999 -9999 -9999 -9999 -9999 -9999 -9999 -9999 -9999 -9999 -9999
19.2473219810054 19.6503799352795 19.0235602697358 18.7273628762923 18.3716391301714 18.2432630201802 18.2705160491168 18.3092440376058 18.156483638566 17.9291360024363 18.2791222687811 17.5110171637498 17.7455366495997 16.8999755675904 16.8598132091574 17.7276070252992 17.8495284705423 17.9427625169046 17.9320047423244 18.1679585981183 18.2066865866072 18.3874171995558 18.4275795579888 18.0051576094702 18.3415173613466 18.9884182061069 18.9912869459949 19.1246833507903 20.3324228436686 19.3003936689347 19.392193345353 19.7601092359982 19.907849340234 16.8378412695602 14.5754267508082 17.5762809962034 17.3220040872557 21.0716612535762 13.058834433016 -9999 -9999 -9999 -9999 -9999 -9999 -9999 -9999 -9999 -9999 -9999 -9999 -9999 -9999 -9999 -9999 -9999 -9999 -9999 -9999 -9999 -9999 -9999
19.469649322331 19.2351298364811 18.8772545354441 18.9389324430376 17.9678639909253 18.2468489450403 17.9427625169046 17.9011657885276 17.8710440197028 17.9327219272964 17.6085543199442 17.5569170019589 17.6609088229015 17.6637775627896 17.6967680715024 17.7785271583125 17.9406109619886 18.0725729968399 18.1708273380063 18.2403942802921 18.3823969047517 18.3852656446397 18.355861060787 18.6126132807694 19.0522476686165 19.2552110156976 19.3348185475916 19.4000823800452 19.4918820564635 19.191381553188 19.4373759985901 19.9637897680514 19.9300820743665 18.0559980552644 19.7797122919001 19.4203428555047 -9999 -9999 -9999 -9999 -9999 -9999 -9999 -9999 -9999 -9999 -9999 -9999 -9999 -9999 -9999 -9999 -9999 -9999 -9999 -9999 -9999 -9999 -9999 -9999 -9999 -9999
18.3773766099475 18.4828028008342 18.5516525581479 18.1500289738178 18.2246162109077 18.1937772571109 18.2827081936412 18.1277962396853 18.0933713610284 18.0546433725394 17.8516800254583 17.7390819848515 17.7613147189841 17.7778099733405 17.8330332161859 17.8703268347308 18.035996563267 18.2490004999563 18.2984862630256 18.3730735001154 18.3917203093879 18.4727622112259 18.7452925005928 18.913830969017 19.2867671544664 19.4775383570231 19.392193345353 19.7593920510262 20.0240333057009 19.9243445945904 19.4514806363732 10.7738111889921 10.7949997587129 -9999 -9999 13.6052278061397 13.6049996959046 -9999 -9999 -9999 -9999 -9999 -9999 -9999 -9999 -9999 -9999 -9999 -9999 -9999 -9999 -9999 -9999 -9999 -9999 -9999 -9999 -9999 -9999 -9999 -9999 -9999
18.9274574834853 18.8686483157799 19.1705831889994 18.7639393098652 18.2984862630256 18.278405083809 18.1234931298532 18.4598528817296 18.5702993674204 18.0001373146661 17.6436963835731 17.8179723317735 17.8215582566336 17.8610034300946 17.9391765920445 18.1091494304128 18.1729788929224 18.1851710374467 18.2224646559916 18.6922208126634 18.7596362000331 19.2666859752499 19.2781609348021 19.5055085709319 19.6675923746079 19.7228156174533 19.9250617795624 19.948728883639 20.0247504906729 20.3596758726053 19.589419212658 19.5739997357596 19.6032847887836 16.7176384603046 -9999 -9999 -9999 -9999 -9999 -9999 -9999 -9999 -9999 -9999 -9999 -9999 -9999 -9999 -9999 -9999 -9999 -9999 -9999 -9999 -9999 -9999 -9999 -9999 -9999 -9999 -9999 -9999
18.7897579688579 19.9824365773238 20.3123416644521 18.5301370089874 18.3113955925219 18.3278908468783 18.037430933211 18.3443861012347 18.5896633616649 18.2533036097884 18.3615985405631 17.7792443432845 17.8617206150666 18.0008544996381 18.1256446847692 18.238242725376 18.278405083809 18.5229651592672 18.8521530614235 19.0608538882807 19.3089998885989 19.5241553802043 19.5600146288052 19.552125594113 19.948011698667 20.0018005715683 20.2578356065787 19.8052918892354 19.6381877907552 19.8623080945108 19.9324129255256 19.4587481107563 19.4729961855337 20.0787784252316 17.6121402448043 4.99999988824129 -9999 -9999 -9999 -9999 -9999 -9999 -9999 -9999 -9999 -9999 -9999 -9999 -9999 -9999 -9999 -9999 -9999 -9999 -9999 -9999 -9999 -9999 -9999 -9999 -9999 -9999
-9999 -9999 -9999 -9999 7.15999983996153 17.9129993405659 19.0651569981128 18.9260231135413 18.8872951250523 18.2891628583893 18.0166325690225 17.9327219272964 17.998702944722 18.1120181703009 18.1500289738178 18.4555497718975 18.7374034659006 18.8421124718152 19.1268349057063 19.4567399928346 19.6252784612589 19.6948454035446 19.9028290454298 20.107226762455 20.3116244794801 19.9602038431913 19.5463881143369 -9999 -9999 -9999 -9999 -9999 -9999 -9999 -9999 -9999 -9999 -9999 -9999 -9999 -9999 -9999 -9999 -9999 -9999 -9999 -9999 -9999 -9999 -9999 -9999 -9999 -9999 -9999 -9999 -9999 -9999 -9999 -9999 -9999 -9999 -9999
-9999 -9999 -9999 -9999 -9999 16.0929533263853 18.1722617079504 18.1048463205807 17.9700155458413 17.8029114473611 17.8645893549547 18.2289193207398 18.3436689162627 18.2963347081095 17.7821130831726 18.6441694195382 18.7072816970758 18.9762260615826 19.0264290096238 19.6188237965107 19.7335733920336 19.8189184037037 20.0649128491059 19.1989119953942 14.5970519574152 -9999 -9999 -9999 -9999 -9999 -9999 -9999 -9999 -9999 -9999 -9999 -9999 -9999 -9999 -9999 -9999 -9999 -9999 -9999 -9999 -9999 -9999 -9999 -9999 -9999 -9999 -9999 -9999 -9999 -9999 -9999 -9999 -9999 -9999 -9999 -9999 -9999
