EcologicalScience/Bass/data/rs_data_bass/sst_499.asc
NCOLS 226 
NROWS 124 
XLLCORNER -9.41648524995501 
YLLCORNER 47.587301625531 
CELLSIZE 0.0833 
NODATA_value -9999 
[rows 81 to 107 of 124, columns 62 to 123 of 226]
16.9889065041207 -9999 -9999 -9999 -9999 -9999 -9999 -9999 -9999 -9999 -9999 -9999 -9999 -9999 -9999 -9999 -9999 -9999 -9999 -9999 -9999 -9999 -9999 -9999 -9999 -9999 -9999 -9999 -9999 -9999 -9999 -9999 -9999 -9999 -9999 -9999 -9999 -9999 -9999 -9999 -9999 -9999 -9999 -9999 -9999 -9999 -9999 -9999 -9999 -9999 -9999 -9999 -9999 -9999 -9999 -9999 -9999 -9999 -9999 -9999 -9999 -9999
8.63935397014464 -9999 -9999 -9999 -9999 -9999 -9999 -9999 -9999 -9999 -9999 -9999 -9999 -9999 -9999 -9999 -9999 -9999 -9999 -9999 -9999 -9999 -9999 -9999 -9999 -9999 -9999 -9999 -9999 -9999 -9999 -9999 -9999 -9999 -9999 -9999 -9999 -9999 -9999 -9999 -9999 -9999 -9999 -9999 -9999 -9999 -9999 -9999 -9999 -9999 -9999 -9999 -9999 -9999 -9999 -9999 -9999 -9999 -9999 -9999 -9999 -9999
-9999 -9999 -9999 -9999 -9999 -9999 -9999 -9999 -9999 -9999 -9999 -9999 -9999 -9999 -9999 -9999 -9999 -9999 -9999 -9999 -9999 -9999 -9999 -9999 -9999 -9999 -9999 -9999 -9999 -9999 -9999 -9999 -9999 -9999 -9999 -9999 -9999 -9999 -9999 -9999 -9999 -9999 -9999 -9999 -9999 -9999 -9999 -9999 -9999 -9999 -9999 -9999 -9999 -9999 -9999 -9999 -9999 -9999 -9999 -9999 -9999 -9999
-9999 -9999 -9999 -9999 -9999 -9999 -9999 -9999 -9999 -9999 -9999 -9999 -9999 -9999 -9999 -9999 -9999 -9999 -9999 -9999 -9999 -9999 -9999 -9999 -9999 -9999 -9999 -9999 -9999 -9999 -9999 -9999 -9999 11.3199997469783 11.209999749437 11.1449997508898 -9999 -9999 -9999 -9999 -9999 -9999 -9999 -9999 -9999 -9999 -9999 -9999 -9999 -9999 -9999 -9999 -9999 -9999 -9999 -9999 17.2699996139854 16.6000897942909 16.1849421504885 16.6018656808883 16.1813562256284 16.4101382317021
-9999 -9999 -9999 -9999 -9999 -9999 -9999 -9999 -9999 -9999 -9999 -9999 -9999 -9999 -9999 -9999 -9999 -9999 -9999 -9999 -9999 -9999 -9999 -9999 -9999 -9999 -9999 -9999 -9999 -9999 -9999 -9999 -9999 16.4349996326491 15.3115901508136 15.4388904833468 15.926755560562 15.2468642070889 15.7897732309066 17.5051362469792 18.0495853311578 -9999 16.6102328388952 14.9026154205203 14.8350565961562 15.725226583425 15.8292184043676 15.8378246240318 16.1003143237904 16.3484603241086 15.6649830457754 15.4789930763654 8.99958544666879 -9999 14.3656829381362 16.164860971272 16.3699758732691 16.1827905955724 16.4689473994076 16.5937375845388 16.8648335039616 16.7823572321795
-9999 -9999 -9999 -9999 -9999 -9999 -9999 -9999 -9999 -9999 -9999 -9999 13.5191656094976 15.6427503116429 15.7388530978933 16.0615863353014 16.0529801156372 15.964766364079 15.4795907305088 -9999 -9999 -9999 -9999 -9999 -9999 11.894999734126 -9999 15.5694779136684 15.9436094074044 15.7476983792149 15.699886047747 15.499791440554 15.4842524328269 15.5464682291495 18.2749995915219 13.6596157908775 15.307914577832 15.4932172449771 16.1279259452131 16.1447797920555 16.3663899484091 16.7737510125153 16.6575670470484 16.602343804203 16.3742789831012 16.0357676763088 16.1146580232307 16.4359568906948 16.485442653764 16.7421948737465 16.6489608273841 16.6102328388952 16.3520462489687 15.6563768261112 15.5409100456163 15.8514511385001 15.9038056414574 16.6199148360174 16.9577089578379 16.8447523247451 16.6539811221883 16.3416470668744
-9999 -9999 -9999 -9999 -9999 -9999 -9999 -9999 -9999 16.4431782014475 16.3875469050836 16.3491775090806 15.9052400114015 15.8313699592836 16.0085146473721 16.0694753699936 16.1835077805445 16.0687581850216 16.0156864970922 15.9855647282675 16.1166536683703 7.80699648632435 16.2590512642637 16.0422223410569 15.9468367397785 16.0381582928821 -9999 15.9497054796666 15.9210180807859 16.2738730870187 16.1419110521674 16.3792992779054 16.4094210467301 15.8987853466533 16.9979430347681 18.0149995973334 13.5700701515332 15.9866405057255 16.2810449367389 16.1899624452926 16.2975401910953 16.206457699649 16.644657717552 16.5048066480085 16.4524521450512 16.6797997811809 16.6001922492869 16.5865657348186 16.6331827579997 16.8512069894932 16.7407605038024 16.5808282550424 16.5421002665535 16.1619922313839 15.9152806010097 16.2121951794252 16.7070528101176 16.8286156628747 16.80387278134 16.7020325153135 16.5288323445711 16.5847727723885
-9999 -9999 -9999 -9999 -9999 -9999 -9999 -9999 16.0949996402487 15.4042863084469 15.7072969591245 15.7123172539286 15.9941709479317 16.204306144733 16.1713156360202 16.4216131912544 16.24590287311 16.1878108903766 16.2473372430541 16.1806390406564 16.0554902630392 15.9615390317049 16.0730612948537 16.1053346185945 16.3075807807036 16.4596239947714 16.0701925549656 16.1530274192337 16.3599352836609 16.2563020552043 16.3448743992485 16.2552262777463 16.3264666516334 15.7747123464942 15.8227637396194 16.3498946940526 16.1447797920555 16.3025604858994 16.1619922313839 16.3398541044444 15.9475539247505 16.6855372609571 16.5134128676727 16.7106387349777 16.6539811221883 16.7400433188304 16.045808265917 16.6066469140351 16.8332773651928 16.8705709837377 16.8296914403327 16.724265249446 16.5105441277847 16.5112613127567 16.681234151125 16.841166399885 16.8956724577583 16.7102801424917 16.6873302233871 16.6382030528039 16.7672963477671 16.8569444692694
-9999 -9999 -9999 -9999 -9999 -9999 -9999 -9999 16.3330408472102 15.8930478668772 16.0619449277874 15.8779869824648 15.9783928785473 16.3556321738288 16.3183385552838 16.2975401910953 16.4567552548833 16.4287850409746 15.885158832185 16.2803277517669 15.8987853466533 16.1698812660761 15.9360789651982 15.8349558841437 16.2007202198729 15.2676625712775 16.2667012372985 16.4065523068421 16.3283791448921 16.365314170951 16.4739676942118 16.3724860206712 16.3412884743884 16.3452329917345 16.3380611420143 16.3448743992485 16.2806863442529 16.1849421504885 16.2745902719907 16.7278511743061 16.6604357869364 16.6095156539232 16.5672017405741 16.5406658966094 16.5822626249865 16.6955778505653 16.5905102521647 16.3792992779054 16.5865657348186 16.6245765383355 16.6719107464887 16.7328714691103 16.5937375845388 16.7730338275433 16.920773931779 16.8655506889336 16.9437238508835 16.2351450985298 16.6489608273841 16.3936429773457 16.9186223768629 16.8906521629542
11.861751139164 9.40499978978187 -9999 -9999 -9999 -9999 -9999 -9999 10.5212672278285 15.8690221703146 16.0802331445739 15.5652943346649 15.9009369015694 16.4567552548833 16.165578156244 16.2243873239495 16.3312478847802 16.1942655551247 16.2476958355401 16.3129596679937 16.2243873239495 16.1684468961321 16.2423169482499 16.4323709658347 16.4101382317021 16.3879054975696 16.7515182783827 16.5973235093988 16.5571611509658 16.5406658966094 16.8397320299409 16.4101382317021 16.6561326771043 16.5446104139555 16.5342112318613 16.9501785156317 16.8296914403327 16.5202261249069 16.2865433548577 16.723548064474 16.5485549313016 16.3362681795843 15.4448072593659 16.5980406943709 16.6073640990071 16.6138187637553 16.0228583468124 16.2243873239495 16.5772423301823 16.3491775090806 16.6346171279438 16.7837916021235 16.760841683019 16.9286629664712 16.9415722959675 16.9551988104358 16.9932096139528 16.9351176312193 16.3577837287448 15.6327097220346 16.9659565850161 16.9487441456877
15.3819340434857 15.925321190618 15.6025879532099 15.8213293696754 15.5740393643237 -9999 16.1899624452926 15.5401928606443 15.3977121128701 15.5571662383154 16.0228583468124 16.0192724219523 16.1985686649568 16.1422696446534 16.2473372430541 16.3212072951719 16.3190557402559 16.3298135148361 16.2867824165151 16.1347392024472 16.4804223589599 16.5872829197906 16.6267280932516 16.5786767001264 16.6575670470484 16.6754966713488 16.6977294054814 16.7421948737465 16.5148472376168 16.6202734285034 16.5327768619172 16.445280295331 16.7070528101176 16.721396509558 16.683385706041 16.6697591915727 16.5048066480085 16.3673461950384 16.5318206152879 16.8253883305006 16.3549149888568 16.4574724398553 16.1232642428949 15.9712210288271 16.5980406943709 16.4323709658347 16.4115726016462 16.1928311851807 16.3312478847802 16.7515182783827 16.8870662380941 16.9860377642326 16.9387035560794 16.9293801514432 16.9243598566391 17.0118564232253 16.9652394000441 16.8350703276228 16.6475264574401 16.045091080945 16.8576616542414 16.8720053536817
15.8399761789478 15.8500167685561 15.7567827221937 15.6147800977342 15.4146854905412 15.4577165888622 15.4799493229948 15.3255154923536 15.5072023519315 15.767540496774 15.7374187279493 15.7302468782291 16.1175267631188 16.2408825783059 16.123622835381 16.244468503166 16.2806863442529 16.1878108903766 16.3377025495283 16.2552262777463 16.3470259541646 16.4474318502471 16.4266334860586 16.3190557402559 16.5672017405741 16.5012207231484 16.5987578793429 16.5456861914136 16.5715048504062 16.5679189255461 16.5815454400145 16.6618701568805 16.7005981453694 16.6941434806213 16.6905575557612 16.5901516596787 16.5367213792633 16.5926618070807 16.6059297290631 16.1211126879789 16.5819040325005 16.4581896248274 16.203588959761 16.6353343129158 16.7307199141942 16.7386089488864 16.1175267631188 16.1060518035665 16.6747794863768 17.1309091285802 17.1918698512018 17.0269173076376 17.040543822106 16.963087845128 16.960936290212 16.9810174694285 16.405117936898 16.7149418448098 14.7842799001373 14.7175816977397 16.7698064951692 16.4976347982883
15.7352671730332 15.4950102074072 15.725226583425 15.8148747049272 15.4225745252334 15.5724661843851 15.6951048146002 15.6922360747121 15.6599627509713 15.4309416832402 15.9726553987712 16.0314645664766 16.0372020462528 16.1225470579229 15.9697866588831 16.1910382227506 15.9848475432955 16.3588595062029 16.1935483701527 16.2810449367389 16.3556321738288 16.3749961680733 16.445280295331 16.4366740756668 16.5356456018053 16.5564439659938 16.4911801335402 16.4789879890159 16.4165928964503 16.4079866767861 16.4495834051631 16.4940488734283 16.604136766633 16.6697591915727 16.5112613127567 16.4983519832604 16.3197729252279 16.6597186019644 16.5539338185918 16.3663899484091 16.3420056593604 16.1010315087624 16.2925198962912 16.4926145034842 16.5076753878966 16.5915860296227 16.3276619599201 16.7572557581589 16.9465925907716 17.0147251631133 16.8096102611162 16.7902462668717 16.6923505181912 16.962370660156 16.9487441456877 16.7888118969277 16.6274452782236 16.0931424740702 16.0257270867005 13.8849299452268 14.4285561540164 14.3080690787174
15.0819116635248 15.1084475074895 14.8151188539341 14.9449293338694 15.728812508285 15.8650776529685 15.2007253072225 15.288819527952 15.3924527564086 15.7116000689566 15.4648884385824 15.9547257744707 16.0615863353014 16.0974455839023 16.0020599826239 16.1017486937344 16.2688527922146 16.3126010755077 16.2882167864591 16.2896511564031 16.1003143237904 16.205023329705 16.405117936898 16.3900570524856 16.4746848791838 16.5428174515255 16.5270393821411 16.485442653764 16.4359568906948 16.4510177751072 16.5313424919732 16.6475264574401 16.0701925549656 16.7023911077995 16.6862544459291 16.721037917072 16.7761416290887 16.6647388967685 16.6582842320204 16.7350230240263 16.6338999429718 16.9803002844565 16.4818567289039 16.5076753878966 15.9597460692748 17.0046845735051 16.3369853645563 16.8619647640735 17.0118564232253 17.1631824523211 16.8447523247451 16.3183385552838 16.5693532954901 16.8956724577583 16.8153477408923 16.684102891013 16.0415051560849 16.6582842320204 16.6496780123562 16.724623841932 16.7923978217877 16.124698612839
14.8779920698144 14.9341715592891 15.6097598029301 15.2375408024527 15.0668507791124 15.2131565134041 14.8574327672832 15.6126285428181 15.6692861556076 15.6434674966149 15.5588396699168 15.6198003925383 15.8349558841437 16.044373895973 16.0357676763088 16.1763359308243 16.2401653933339 16.2078920695931 16.0594347803853 16.2588122026064 16.3506118790247 16.2781761968508 16.0752128497697 16.3025604858994 16.2975401910953 16.4237647461705 16.4983519832604 16.5585955209099 16.5478377463296 16.5664845556021 16.5715048504062 16.525605012197 16.0716269249097 16.1074861735106 15.0453352299519 16.884197498206 16.8755912785418 16.9193395618349 16.9351176312193 16.9128848970868 17.001815833617 17.042695377022 16.8849146831781 16.2179326592013 16.1835077805445 17.04197819205 17.0634937412106 16.8648335039616 17.0262001226656 16.7135074748658 16.7565385731868 16.5528580411337 16.8748740935698 16.8203680356964 16.9064302323386 16.7572557581589 16.7328714691103 16.5313424919732 16.7579729431309 16.7830744171515 16.6195562435314 16.9250770416111
14.2270271768793 14.7324035204947 14.2844019746408 14.6472975704819 15.4247260801494 15.4534134790301 15.4899899126031 15.5459303404205 15.4569994038902 15.5889614387415 15.6147800977342 15.7510452424176 15.7955107106827 15.9030884564854 15.9238868206739 16.0730612948537 16.1533860117197 15.8514511385001 16.1913968152367 16.1462141619995 16.2817621217109 16.124698612839 16.2573778326623 16.3577837287448 16.3104495205916 16.4151585265063 16.5277565671131 16.605212544091 15.6248206873424 16.3810922403354 16.4492248126771 16.6191976510454 16.5822626249865 16.6948606655933 16.4467146652751 16.8655506889336 16.8555100993253 16.7830744171515 16.801721226424 17.0577562614344 16.9092989722267 16.8590960241854 16.9688253249042 16.9724112497643 17.1015045447275 17.0462813018821 17.1796777066775 17.0348063423298 16.8770256484859 16.7070528101176 16.8139133709483 17.0312204174697 16.8798943883739 16.8339945501648 16.5880001047626 16.6647388967685 16.8203680356964 16.6403546077199 16.5499893012457 16.9860377642326 17.1689199320972 17.0097048683092
15.12996305665 14.5160527206026 14.293008194305 14.7254707324319 14.969313622918 15.1952268891037 15.2117221434601 15.1256599468179 15.4347666697577 15.5122226467356 15.4541306640022 15.5617084098049 15.6721548954956 15.686498594936 15.76610612683 15.7374187279493 16.0816675145179 16.0924252890982 16.0415051560849 16.3147526304238 16.3075807807036 16.4065523068421 16.2781761968508 16.2164982892573 16.2788933818229 16.4201788213104 16.5471205613576 16.5406658966094 16.4811395439319 16.4592654022854 16.4746848791838 15.8700979477726 16.8246711455286 16.8060243362561 16.8942380878143 16.9838862093166 16.9695425098762 16.9731284347363 16.9092989722267 16.9580675503239 17.0132907931693 16.8734397236258 17.240638429299 16.9817346544005 17.0864436603151 17.1653340072371 16.9085817872547 16.920773931779 16.7902462668717 16.8999755675904 16.9107333421707 16.8569444692694 16.8225195906125 16.6919919257052 16.8103274460882 16.7371745789424 18.5166539315134 17.6799996048212 -9999 -9999 -9999 -9999
14.3140456201509 14.6874599289149 14.7871486400254 14.8452406227589 14.8846857962199 14.9219794147648 15.0295571605675 15.011627536267 15.4448072593659 15.6198003925383 15.6671346006915 15.5609912248328 15.6377300168388 15.6370128318667 15.7173375487328 16.0250099017285 15.7747123464942 15.9059571963735 15.9726553987712 16.3326822547242 16.4158757114783 16.4316537808627 16.443128740415 16.3721274281852 16.5815454400145 16.4746848791838 16.4969176133163 16.5076753878966 16.3032776708715 16.721037917072 16.6898403707892 16.6941434806213 16.7658619778231 16.6274452782236 16.7658619778231 16.9795830994844 17.1545762326568 17.0634937412106 17.0276344926096 17.1273232037202 16.9645222150721 16.841883584857 17.2349009495229 17.1638996372931 17.2334665795788 17.1086763944477 16.9681081399322 16.9379863711074 16.9996642787009 16.9121677121148 16.9846033942886 16.8504898045212 16.9107333421707 16.9300973364152 17.1853717206977 17.8949996000156 -9999 -9999 -9999 -9999 -9999 -9999
13.4797204360366 14.4547334054951 14.6422772756778 14.6178929866292 14.772804940585 14.8810998713598 14.9678792529739 15.1866206694394 15.2310861377046 15.5774864791892 15.6778923752718 15.5057679819874 15.3501388430595 15.6169316526502 15.7302468782291 15.9948881329037 16.1598406764679 16.123981427867 15.9891506531276 16.3391369194724 16.3441572142765 16.3068635957316 16.163426601328 16.3477431391366 16.4345225207508 16.5514236711897 16.643223347608 16.4323709658347 16.4071499609854 16.8199996240437 17.8049996020272 15.8782260441221 17.634999605827 -9999 -9999 17.19999961555 17.1352122384124 17.2162541402504 17.2657399033196 17.1007873597555 17.1509903077967 17.1696371170692 17.2112338454463 17.1179997990839 17.1165654291399 17.2219916200265 16.9889065041207 16.9716940647922 16.9444410358556 16.8461866946891 16.9881893191487 17.1151310591958 16.3950773472898 17.4649996096268 -9999 -9999 -9999 -9999 -9999 -9999 -9999 -9999
14.5949430675246 14.5935086975805 14.6666615647264 14.6193273565732 14.6021149172448 14.7563096862286 14.9549699234776 14.9427777789533 15.2325205076486 15.2253486579284 15.3400982534513 15.2533188718371 16.044373895973 16.1996444424149 16.1548203816637 15.9002197165973 16.4782708040439 16.323358850088 16.3097323356196 16.2996917460114 16.4266334860586 16.4517349600792 16.4897457635961 16.4216131912544 16.403683566954 16.2344279135577 16.3420056593604 16.3922086074017 16.5134128676727 -9999 -9999 -9999 -9999 -9999 16.3799996338785 17.0495652541224 16.7576143506449 17.0677968510427 17.1294747586362 17.2528305738233 17.2937101172283 17.2069307356142 17.0613421862945 17.0993529898115 17.0527359666303 17.2162541402504 17.1940214061178 17.3152256663889 17.1811120766215 16.9458754057996 16.9903408740647 16.8454695097171 16.2230127194198 -9999 -9999 -9999 -9999 -9999 -9999 -9999 -9999 -9999
14.293008194305 14.5748618883081 14.6358226109296 14.5820337380283 14.532547974959 14.5956602524966 14.6659443797544 14.9377574841492 14.9628589581698 15.1550645306706 15.6922360747121 15.686498594936 16.204664737219 16.2720801245887 16.1103549133986 16.2251045089215 16.4083452692721 16.3721274281852 16.3821680177934 16.9561721328979 16.5334940468892 16.5123370902147 16.1576891215518 16.3886226825416 16.5464033763856 16.3212072951719 16.5858485498466 16.4718161392957 16.5958891394548 15.8149996465072 -9999 -9999 -9999 -9999 -9999 14.3849996784702 16.56218144577 16.7199621396139 16.3151112229098 16.7967009316199 16.7142246598378 16.921491116751 17.1050904695876 16.9831690243445 16.7457807986066 17.1947385910898 17.2169713252224 17.2155369552784 17.2090822905302 16.7723166425712 16.842600769829 17.001098648645 17.1703543020412 18.1849995935336 -9999 -9999 -9999 -9999 -9999 -9999 -9999 -9999
14.5827509230003 14.5942258825526 14.6286507612094 14.493102801498 14.1782585987821 14.6250648363493 14.7885830099694 14.6853083739989 14.9377574841492 15.3379466985352 16.0501113757491 16.1827905955724 16.3470259541646 16.4944074659143 16.6697591915727 16.5722220353782 16.3602938761469 15.725226583425 16.4183858588804 16.1164509856608 16.4775536190718 16.5116199052427 16.4388256305829 16.5722220353782 16.5944547695108 16.6310312030837 16.6080812839791 16.4710989543237 16.4208960062824 16.5320596769452 19.2609179769643 24.7149994475767 -9999 -9999 -9999 -9999 16.6638424155535 16.7708822726272 16.3373439570423 16.7493667234667 16.843317954801 16.6869716309011 16.6640217117965 16.9014099375345 16.8476210646331 16.9508957006037 16.9989470937289 16.9279457814991 16.9344004462473 16.6676076366566 16.5750907752663 16.6647388967685 16.0361262687948 9.86999977938831 -9999 -9999 -9999 -9999 -9999 -9999 -9999 -9999
14.5554978940636 14.5035019835923 14.3252815180458 14.4644154026173 14.4299905239604 14.5981703998987 14.7685018307529 15.0184407935012 15.0991241028532 15.6721548954956 15.9102603062056 16.3140354454517 16.6679662291426 16.8443937322591 16.7683721252251 16.7787713073194 16.6127429862972 15.9203008958139 15.886593202129 16.4893871711101 16.4008148270659 16.5808282550424 16.5880001047626 16.6984465904534 16.7056184401736 16.7866603420116 16.722830879502 16.723548064474 16.684820075985 16.6611529719085 17.6249996060506 18.7249995814636 -9999 -9999 -9999 -9999 -9999 -9999 -9999 -9999 -9999 -9999 -9999 -9999 -9999 -9999 16.8598132091574 16.9164708219469 16.9322488913313 16.7715994575992 16.2800886901096 -9999 -9999 -9999 -9999 -9999 -9999 -9999 -9999 -9999 -9999 -9999
14.6752677843906 14.4974059113301 14.6272163912654 14.3202612232417 14.2083803676069 14.3916211279575 14.5024262061343 15.0431836750358 15.5434201930184 15.6301995746326 16.1110720983706 15.888027572073 16.085253439378 16.1082033584826 16.7715994575992 16.7959837466478 16.5786767001264 16.5062410179526 16.5048066480085 16.6102328388952 16.7508010934107 16.641788977664 16.6955778505653 16.7120731049217 17.1257378474662 17.0449996190146 16.7823572321795 16.7070528101176 16.6554154921323 16.6797997811809 16.3377025495283 17.3599996119738 19.7478146364779 -9999 -9999 -9999 -9999 -9999 -9999 -9999 -9999 -9999 -9999 -9999 -9999 -9999 -9999 -9999 -9999 -9999 -9999 -9999 -9999 -9999 -9999 -9999 -9999 -9999 -9999 -9999 -9999 -9999
14.5935086975805 14.5346995298751 14.4385967436247 14.2413708763197 14.3403424024582 14.413495269604 14.5598010038957 15.0202337559313 15.1127506173216 15.8794213524088 16.0314645664766 16.3893398675136 16.4517349600792 16.2294076187536 16.364238393493 16.6152531336993 16.6611529719085 16.5987578793429 16.8053071512841 16.8612475791015 16.8110446310602 16.7084871800616 16.6697591915727 16.723548064474 16.4115726016462 16.6955778505653 16.7486495384946 16.7500839084387 16.7206793245859 16.6138187637553 16.1182439480908 15.925321190618 -9999 -9999 -9999 -9999 -9999 -9999 -9999 -9999 -9999 -9999 -9999 -9999 -9999 -9999 -9999 -9999 -9999 -9999 -9999 -9999 -9999 -9999 -9999 -9999 -9999 -9999 -9999 -9999 -9999 -9999
14.6164586166851 14.5225073853508 14.2055116277188 14.3518173620105 14.6272163912654 14.5949430675246 14.1596117895097 15.1113162473775 15.2411267273128 15.1550645306706 14.8846857962199 16.3377025495283 16.5363627867773 16.563615815714 16.0787987746298 16.4072694918141 16.4660786595196 16.8755912785418 16.9788659145124 16.9458754057996 16.9042786774226 16.7938321917318 16.7063356251456 16.7127902898937 16.6998809603974 16.6654560817406 16.6080812839791 16.6876888158731 16.6317483880557 16.6783654112369 16.7816400472075 16.6618701568805 21.4497970300727 -9999 -9999 -9999 -9999 -9999 -9999 -9999 -9999 -9999 -9999 -9999 -9999 -9999 -9999 -9999 -9999 -9999 -9999 -9999 -9999 -9999 -9999 -9999 -9999 -9999 -9999 -9999 -9999 -9999
14.6401257207617 14.6659443797544 14.4256874141283 14.5834681079723 14.4213843042962 14.2872707145289 14.8237250735983 14.8703420967795 15.1507614208385 14.9893948021345 14.7835627151653 16.243751318194 16.3778649079613 16.5277565671131 16.4897457635961 16.1232642428949 16.9049958623946 16.9860377642326 16.8626819490455 16.7357402089983 16.7658619778231 16.5880001047626 16.7020325153135 16.6884060008451 16.6747794863768 16.6740623014048 16.6575670470484 16.6561326771043 16.4330881508067 16.9415722959675 16.7737510125153 16.8053071512841 13.540416420834 -9999 -9999 -9999 -9999 -9999 -9999 -9999 -9999 -9999 -9999 -9999 -9999 -9999 -9999 -9999 -9999 -9999 -9999 -9999 -9999 -9999 -9999 -9999 -9999 -9999 -9999 -9999 -9999 -9999
