EcologicalScience/Bass/data/rs_data_bass/sst_93.asc
NCOLS 226 
NROWS 124 
XLLCORNER -9.41648524995501 
YLLCORNER 47.587301625531 
CELLSIZE 0.0833 
NODATA_value -9999 
[rows 54 to 80 of 124, columns 124 to 185 of 226]
6.39999985694885 6.12249986315146 6.10999986343086 6.11999986320734 6.15249986248091 6.52374985418282 6.53999985381961 5.90166653475414 4.55499989818782 4.56999989785254 5.0374998874031 5.35749988025054 6.672499850858 6.72124984976836 6.74249984929338 6.86199984662235 6.71499984990805 6.70749985007569 7.78166649273286 7.03999984264374 6.04499986488372 6.14999986253679 6.83499984722584 6.72699984963983 6.30999985896051 6.30499985907227 6.30499985907227 6.26799985989928 7.11166650770853 7.40699983444065 7.83249982492998 5.66599987335503 6.13999986276031 6.14499986264855 5.3524998803623 4.71999989449978 4.49999989941716 5.93299986738712 6.32249985868111 6.13833319613089 6.03333319847783 6.50499985460192 6.39749985700473 6.33749985834584 6.06333319780727 6.11999986320734 6.12249986315146 5.70833320574214 5.63166654078911 5.35999988019466 6.2724998597987 6.23374986066483 14.1808617519986 8.38099981267005 10.9057892299208 9.19583312779044 10.2533331041535 13.783399691917 14.3185996799543 14.0224996865727 13.9141663556608 16.8979306567846
5.66499987337738 5.35666654693584 6.36166652447234 5.32999988086522 5.79499987047166 6.42166652313123 6.50666652123133 6.5633331866314 6.55999985337257 5.37999987974763 5.42749987868592 6.71499984990805 6.80666651452581 6.82166651419054 6.76749984873459 6.71124984999187 6.30399985909462 6.52499985415488 6.75499984901398 6.82249984750524 6.75374984904192 5.87499986868352 6.06999986432493 6.10499986354262 6.15999986231327 6.2599998600781 6.46999985538423 6.70999985001981 7.90499982330948 7.76499982643872 6.36499985773116 6.44499985594302 6.68499985057861 5.48666654403011 5.66999987326562 5.52999987639487 5.41666654559473 6.14333319601913 6.12833319635441 6.1033331969132 6.45749985566363 6.39249985711649 6.39249985711649 6.60833318562557 6.51166652111958 5.54833320931842 5.72166653877745 5.62666654090087 5.51749987667426 6.25249986024573 7.06961522659717 5.08388877525512 3.30599992610514 3.25849992716685 11.4834207959571 11.496315532511 12.2190906359729 15.9326207132912 -9999 -9999 -9999 -9999
5.17999988421798 5.90166653475414 5.98833319948365 6.32999985851347 6.20833319456627 6.28166652626048 6.45166652246068 6.45666652234892 6.5266665207843 6.51833318763723 6.50666652123133 6.62666651854912 6.64333318484326 6.54999985359609 6.53499985393137 6.05799986459315 6.33399985842407 6.4879998549819 6.68399985060096 5.98999986611307 6.66874985094182 6.62374985194765 6.05999986454844 5.98499986622483 6.1149998633191 6.68374985060655 7.36499983537942 5.73166653855393 5.99499986600131 7.81799982525408 7.84099982473999 7.83799982480705 5.40499987918884 5.38999987952411 5.16666655118267 4.85499989148229 5.39999987930059 6.21666652771334 6.58249985286966 6.52249985421076 6.50499985460192 6.47499985527247 5.47166654436539 5.64999987371266 5.18599988408387 4.96833322228243 4.8155554479195 4.63599989637732 3.96590900226411 2.93199993446469 2.21666661712031 5.91571415348777 7.80970570779241 10.666999761574 12.3095235343845 -9999 -9999 -9999 -9999 -9999 -9999 -9999
5.72833320529511 5.70999987237155 5.739999871701 6.00499986577779 5.60499987471849 5.08999988622963 5.0499998871237 4.92499988991767 6.39999985694885 6.45666652234892 6.47333318864306 5.82749986974522 5.91499986778945 6.76599984876812 5.90899986792356 6.69749985029921 5.12999988533556 5.28499988187104 5.71199987232685 4.02749990997836 6.33399985842407 6.3179998587817 4.77699989322573 4.83699989188463 7.90249982336536 7.90999982319772 7.55999983102083 6.01624986552633 6.21399986110628 6.68099985066801 7.50166649899135 7.91333315645655 5.94166653386007 5.71999987214804 5.37499987985939 5.37299987990409 6.77333318193754 6.76999984867871 6.25833319344868 6.46249985555187 6.44749985588714 6.37499985750765 5.57999987527728 6.51333318774899 6.10799986347556 4.46666656682889 4.67444433996247 13.6758330276546 3.5474999207072 3.58249991992489 2.02333328810831 1.98999995552003 2.10249995300546 7.31937483639922 12.2488092500273 -9999 -9999 -9999 -9999 -9999 -9999 -9999
3.46499992255121 5.75499987136573 4.20499990601093 4.20499990601093 5.01999988779426 5.01999988779426 5.17499988432974 6.52199985422194 6.35499985795468 6.40166652357827 6.44333318931361 6.64099985156208 6.57999985292554 6.59666651921968 6.6787498507183 6.85874984669499 6.83874984714203 6.72249984974042 6.59249985264614 6.63374985172413 6.61999985203147 7.34499983582646 7.39142840621727 6.44749985588714 6.53249985398725 7.87857125247163 7.51499983202666 7.51499983202666 5.86499986890703 6.84499984700233 6.8774998462759 7.10166650793205 7.05666650893788 5.53999987617135 5.68999987281859 5.8724998687394 5.92499986756593 6.35499985795468 6.56999985314906 6.85999984666705 6.61749985208735 6.56499985326082 4.85799989141524 5.28333321524163 5.12499988544732 5.97681804822588 12.8145830469051 5.81199987009168 3.39555547965897 2.96749993367121 2.76249993825331 2.49749994417652 3.2664284984182 3.22642849931227 15.2549996590242 -9999 -9999 -9999 -9999 -9999 -9999 -9999
4.82166655889402 5.02999988757074 5.01833322116484 5.45499987807125 5.49499987717718 5.59749987488613 4.71666656124095 5.06499988678843 5.19749988382682 5.50499987695366 5.94749986706302 6.56499985326082 6.62999985180795 6.55666652011375 6.76166651553164 6.87874984624796 6.88124984619208 6.75624984898604 6.67374985083006 6.68874985049479 6.6787498507183 6.72874984960072 6.85874984669499 7.07499984186143 7.21499983873218 7.58499983046204 7.70999982766807 7.77999982610345 7.11749984091148 6.89999984577298 7.28666650379698 7.28833317042639 7.24666650469104 6.98166651061426 7.08166650837908 7.10499984119087 6.63749985164031 5.77333320428928 6.22749986080453 6.04166653162489 6.46249985555187 6.43749985611066 5.29499988164753 4.52166656559954 3.94333324519297 4.10099990833551 13.2235182229498 3.33399992547929 3.13388881884101 1.80666662628452 2.69857136825366 2.2337499500718 2.12499995250255 3.15166659622143 2.94166660091529 -9999 23.7447889405303 -9999 -9999 -9999 -9999 -9999
-9999 -9999 -9999 -9999 -9999 6.93299984503537 4.43749990081415 4.94999988935888 4.94999988935888 5.09999988600612 4.66999989561737 4.90333322373529 5.61499987449497 6.45666652234892 6.57666651966671 6.66874985094182 6.87999984622002 6.77874984848313 6.69874985027127 6.64499985147268 6.69499985035509 6.82874984736554 7.27499983739108 6.8049998478964 7.69999982789159 7.69999982789159 7.29749983688816 7.94499982241541 7.2899998370558 7.33249983610585 7.20249983901158 7.20999983884394 7.23249983834103 6.86749984649941 6.77249984862283 6.99499984364957 6.97749984404072 6.89249984594062 6.75333318238457 6.75999984890223 6.56833318651964 5.44333321166535 5.57833320864787 5.55666654246549 5.47749987756833 5.21599988341331 -9999 18.0677582168438 18.3140309999464 9.82636341672729 2.31499994825572 2.22428566456905 2.30071423428931 3.45599992275238 5.37499987985939 5.37499987985939 -9999 -9999 -9999 -9999 -9999 -9999
-9999 -9999 -9999 -9999 -9999 -9999 -9999 12.7751848996375 5.32249988103285 5.37499987985939 5.57999987527728 5.7149998722598 5.45499987807125 6.41999985650182 6.43333318953713 6.53666652056078 6.60874985228293 6.64124985155649 6.05749986460432 6.08499986398965 5.75874987128191 6.87999984622002 4.65099989604205 7.05199984237552 8.11999981850386 7.98499982152134 7.74499982688576 7.38249983498827 7.36999983526766 7.39499983470887 7.41249983431771 7.3624998354353 7.08499984163791 6.70999985001981 7.1924998392351 7.07749984180555 7.06499984208494 6.65749985119328 6.82833318070819 6.59499985259026 5.93749986728653 6.00499986577779 6.08999986387789 5.86499986890703 6.1364284342687 8.8633331352224 -9999 -9999 -9999 -9999 -9999 -9999 -9999 -9999 -9999 -9999 -9999 -9999 -9999 -9999 -9999 -9999
-9999 -9999 -9999 -9999 -9999 -9999 -9999 -9999 16.6205656662372 5.23499988298863 5.42749987868592 5.68249987298623 5.77499987091869 6.35166652469585 6.33666652503113 6.41666652324299 6.54999985359609 6.63249985175207 6.04499986488372 6.04749986482784 7.28499983716756 7.06499984208494 7.31499983649701 7.75999982655048 7.95999982208014 8.42999981157482 8.42999981157482 7.57249983074144 7.60249983007088 7.61499982979149 7.5324998316355 7.45499983336776 7.37999983504415 7.24749983800575 7.16499983984977 6.9874998438172 6.69499985035509 5.71999987214804 5.77999987080693 5.77999987080693 5.77499987091869 5.98799986615777 5.19099988397211 5.25999988242984 4.74499989394099 16.3058692007528 -9999 -9999 -9999 -9999 -9999 -9999 -9999 -9999 -9999 -9999 -9999 -9999 -9999 -9999 -9999 -9999
-9999 -9999 -9999 -9999 -9999 -9999 -9999 -9999 -9999 5.78199987076223 5.81199987009168 5.93199986740947 5.93499986734241 5.96666653330127 6.31899985875934 6.24499986041337 6.18999986164272 5.67874987307005 5.72499987203628 8.2099998164922 7.38874983484857 7.28249983722344 7.3749998351559 7.48499983269721 7.58499983046204 8.40999981202185 8.40999981202185 7.82499982509762 7.77999982610345 8.18999981693923 8.18999981693923 7.52499983180314 7.39499983470887 7.09249984147027 7.02749984292313 6.94749984471127 6.57749985298142 6.46749985544011 5.79499987047166 5.72499987203628 5.72499987203628 5.50749987689778 5.57874987530522 4.8674998912029 4.87499989103526 -9999 -9999 -9999 -9999 -9999 -9999 -9999 -9999 -9999 -9999 -9999 -9999 -9999 -9999 -9999 -9999 -9999
-9999 -9999 -9999 -9999 -9999 -9999 -9999 -9999 -9999 5.95833320015421 5.84799986928701 5.88999986834824 5.92099986765534 6.00899986568838 6.07899986412376 6.4299998562783 6.27749985968694 5.13299988526851 7.30749983666465 8.49499981012195 8.38499981258065 8.32999981380999 8.54499980900437 8.57999980822206 8.6099998075515 7.91833315634479 7.94749982235953 7.93749982258305 7.82499982509762 7.69499982800335 7.64499982912093 7.84999982453883 7.84999982453883 7.23999983817339 7.01499984320253 6.67749985074624 6.5749998530373 6.37249985756353 6.32249985868111 5.67499987315387 5.62999987415969 5.47999987751245 5.32499988097697 4.89999989047647 3.63199991881847 -9999 22.1067182558763 22.1067182558763 -9999 -9999 -9999 -9999 -9999 -9999 -9999 -9999 -9999 -9999 -9999 -9999 -9999 -9999
-9999 -9999 -9999 -9999 -9999 -9999 -9999 -9999 -9999 6.24624986038543 5.96199986673892 6.02299986537546 6.15499986242503 6.31999985873699 6.7199998497963 6.94299984481186 7.11699984092265 5.41899987887591 8.64999980665743 8.5849998081103 8.53999980911613 8.91499980073422 8.90999980084598 9.05499979760498 7.95666648882131 8.97999979928136 8.77499980386347 8.53999980911613 7.80499982554466 7.75999982655048 7.87499982398003 7.82499982509762 7.37999983504415 7.10499984119087 6.98499984387308 6.62249985197559 6.43249985622242 6.31499985884875 6.32749985856935 5.60999987460673 5.46999987773597 5.38999987952411 5.18499988410622 5.18999988399446 5.81318168824708 -9999 -9999 -9999 -9999 -9999 -9999 -9999 -9999 -9999 -9999 -9999 -9999 -9999 -9999 -9999 -9999 -9999
-9999 -9999 -9999 -9999 -9999 -9999 -9999 -9999 -9999 6.04599986486137 5.44749987823889 5.51124987681396 6.55499985348433 6.58599985279143 6.78199984841049 6.96599984429777 7.37124983523972 8.95499979984015 8.85999980196357 7.3749998351559 8.8999998010695 8.84999980218709 8.97499979939312 8.94499980006367 8.72499980498105 8.66499980632216 8.47499981056899 8.44499981123954 7.63166649608562 8.20499981660396 7.83999982476234 7.83999982476234 7.09874984133057 6.8899998459965 6.80249984795228 6.89499984588474 5.53499987628311 5.53499987628311 6.07999986410141 5.46999987773597 5.46999987773597 5.42999987863004 5.44749987823889 5.35499988030642 -9999 -9999 -9999 -9999 -9999 -9999 -9999 -9999 -9999 -9999 -9999 -9999 -9999 -9999 -9999 -9999 -9999 -9999
-9999 -9999 -9999 -9999 -9999 -9999 -9999 -9999 11.3740906548602 6.12099986318499 5.83624986954965 5.81749986996874 6.69749985029921 6.92749984515831 4.08699990864843 7.40249983454123 7.6649998286739 9.10499979648739 8.93999980017543 8.93499980028719 8.11666648524503 8.10666648546855 9.03999979794025 8.91499980073422 8.8149998029694 8.57999980822206 8.54499980900437 7.60333316338559 7.50999983213842 7.55999983102083 7.44999983347952 6.73999984934926 6.93249984504655 6.80999984778464 6.76374984881841 5.56499987561256 5.68999987281859 5.75999987125397 5.71999987214804 5.41499987896532 5.38999987952411 5.34999988041818 6.00874986569397 -9999 -9999 -9999 -9999 -9999 -9999 -9999 -9999 -9999 -9999 -9999 -9999 -9999 -9999 -9999 -9999 -9999 -9999 -9999
-9999 -9999 -9999 -9999 -9999 -9999 -9999 -9999 5.2799998819828 5.2799998819828 5.80499987024814 7.4349998338148 7.44499983359128 7.45499983336776 7.95749982213601 7.61499982979149 7.69499982800335 7.84166649139176 7.95833315545072 8.05166648669789 8.08666648591558 8.04666648680965 7.98999982140958 7.89833315679183 8.49499981012195 8.49499981012195 7.54999983124435 8.06999981962144 7.68999982811511 7.40999983437359 7.48499983269721 7.5799998305738 6.75374984904192 6.80666651452581 6.84999984689057 5.69499987270683 5.80499987024814 5.69499987270683 5.44999987818301 6.14374986267649 5.70624987245537 5.62749987421557 4.22999990545213 -9999 -9999 -9999 -9999 -9999 -9999 -9999 -9999 -9999 -9999 -9999 -9999 -9999 -9999 -9999 -9999 -9999 -9999 -9999
-9999 -9999 -9999 -9999 -9999 -9999 -9999 14.377856821487 5.64749987376854 5.12999988533556 7.48999983258545 7.48999983258545 7.41499983426183 8.17699981722981 8.30999981425703 8.50499980989844 8.15999981760979 8.89499980118126 8.91499980073422 7.37333316852649 7.23999983817339 7.9683331552272 7.90166649005065 7.69333316137393 8.45499981101602 7.46499983314425 7.38499983493239 8.0649998197332 8.0649998197332 6.96999984420836 6.91999984532595 6.90999984554946 6.87166651307295 6.72499984968454 5.53999987617135 5.60999987460673 5.58499987516552 5.97749986639246 5.12499988544732 5.12499988544732 5.71199987232685 13.4531996992975 -9999 -9999 -9999 -9999 -9999 -9999 -9999 -9999 -9999 -9999 -9999 -9999 -9999 -9999 -9999 -9999 -9999 -9999 -9999 -9999
-9999 -9999 -9999 3.8400372271426 -9999 7.60038971128304 5.77249987097457 5.91499986778945 6.0549998646602 5.99874986591749 5.88374986848794 6.12499986309558 6.29999985918403 8.03749982034788 8.00999982096255 7.9799998216331 8.15499981772155 8.13499981816858 8.02333315399786 7.50999983213842 7.89166649027417 7.81833315857997 7.70666649440924 7.57333316405614 7.40166650122652 7.30333317009111 7.20166650569687 7.1683331731086 6.89333317925533 6.9749998440966 7.43999983370304 6.96499984432012 5.739999871701 6.04999986477196 6.01499986555427 5.82999986968935 5.76999987103045 5.09999988600612 5.2549998825416 5.86899986881763 13.2949997028336 -9999 -9999 -9999 -9999 -9999 -9999 -9999 -9999 -9999 -9999 -9999 -9999 -9999 -9999 -9999 -9999 -9999 -9999 -9999 -9999 -9999
-9999 -9999 3.88019958557561 -9999 5.84799986928701 5.83799986951053 6.01099986564368 6.31299985889345 6.40699985679239 6.34374985820614 6.34124985826202 6.24399986043572 6.21299986112863 8.18999981693923 8.3799998126924 8.15899981763214 8.05749981990084 6.83999984711409 7.94999982230365 7.95499982219189 7.23666650491456 6.94666651139657 7.54999983124435 7.41166650100301 7.31666650312642 7.20333317232629 7.52999983169138 7.22999983839691 7.03999984264374 6.83499984722584 6.49499985482544 6.24499986041337 5.95499986689538 5.48999987728894 5.49999987706542 6.08299986403435 6.17899986188859 7.81249982537702 18.1516662609453 -9999 -9999 -9999 -9999 -9999 -9999 -9999 -9999 -9999 -9999 -9999 -9999 -9999 -9999 -9999 -9999 -9999 -9999 -9999 -9999 -9999 -9999 -9999
16.7749996250495 16.7749996250495 -9999 12.5717304882307 5.63214273125465 5.9159998677671 6.10399986356497 6.65299985129386 6.81599984765053 7.23899983819574 7.6524998289533 7.75499982666224 8.19499981682748 8.19499981682748 8.29199981465936 8.40499981213361 7.91999982297421 7.39899983461946 7.78333315936228 7.73499982710928 7.72166649407397 7.58333316383263 7.40833316774418 7.2416665048028 7.066249842057 6.99999984353781 6.9016665124024 6.46999985538423 6.71499984990805 6.30999985896051 6.54499985370785 6.05999986454844 5.85499986913055 5.79499987047166 5.41999987885356 5.45699987802655 5.28249988192692 8.17071410308459 -9999 -9999 -9999 -9999 -9999 -9999 -9999 -9999 -9999 -9999 -9999 -9999 -9999 -9999 -9999 -9999 -9999 -9999 -9999 -9999 -9999 -9999 -9999 -9999
13.6049996959046 13.3437497017439 4.34318172110414 5.67999987304211 5.685999872908 5.22166654995332 6.70999985001981 6.56499985326082 6.56499985326082 7.07299984190613 7.34099983591586 7.7809998260811 7.88499982375652 8.24999981559813 7.4349998338148 7.33499983604997 7.30999983660877 6.45599985569716 6.51099985446781 7.78624982596375 7.66999982856214 7.50499983225018 7.38374983496033 7.07999984174967 6.61999985203147 6.45624985569157 6.46374985552393 6.37124985759147 5.16499988455325 5.01999988779426 5.14499988500029 5.86499986890703 5.82999986968935 5.44599987827241 4.65642846734928 4.84571417740413 2.23436165218578 2.23436165218578 12.5151616389919 13.2399997040629 -9999 -9999 -9999 -9999 -9999 -9999 -9999 -9999 -9999 -9999 -9999 -9999 -9999 -9999 -9999 -9999 -9999 -9999 -9999 -9999 -9999 -9999
11.8955997341126 5.31899988111109 5.42199987880886 5.86899986881763 5.99199986606836 6.42199985645711 6.53699985388666 7.55399983115494 7.20999983884394 7.37749983510002 7.45999983325601 5.43199987858534 5.55899987574667 8.43899981137365 7.42999983392656 7.42999983392656 7.69999982789159 7.69999982789159 5.64374987385236 5.59249987499788 7.43374983384274 7.07333317523201 5.7999998703599 6.0549998646602 6.0549998646602 5.68999987281859 5.07499988656491 5.13499988522381 5.1099998857826 5.06999988667667 5.00499988812953 4.76999989338219 4.68999989517033 6.69923061949129 15.0874996627681 13.7792854062947 13.742142549982 11.1545119457992 11.0989021909446 -9999 -9999 -9999 -9999 -9999 -9999 -9999 -9999 -9999 -9999 -9999 -9999 -9999 -9999 -9999 -9999 -9999 -9999 -9999 -9999 -9999 -9999 -9999
4.83090898292986 5.87499986868352 5.82199986986816 5.92499986756593 6.44699985589832 6.59499985259026 7.96999982185662 8.00099982116371 7.69499982800335 7.92749982280657 7.97749982168898 6.02699986528605 9.27399979270995 9.19899979438633 9.18299979474395 7.71999982744455 7.73499982710928 7.8349998248741 6.47499985527247 5.98199986629188 6.5749998530373 7.01749984314665 6.65499985124916 6.24333319378396 5.96166653341303 5.21499988343567 5.26999988220632 4.90999989025295 4.90499989036471 5.00999988801777 4.83499989192933 4.56999989785254 4.45999990031123 4.73812489409465 3.39499992411584 3.39499992411584 14.5697557719015 -9999 -9999 -9999 -9999 -9999 -9999 -9999 -9999 -9999 -9999 -9999 -9999 -9999 -9999 -9999 -9999 -9999 -9999 -9999 -9999 -9999 -9999 -9999 -9999 -9999
5.82833320305993 6.01166653229545 6.42099985647947 6.42399985641241 6.48899985495955 7.70199982784689 7.03249984281138 8.55299980882555 8.57199980840087 8.88399980142713 9.21599979400635 7.45999983325601 8.27499981503934 9.09249979676679 9.09999979659915 8.57099980842322 6.89499984588474 6.89499984588474 7.31099983658642 7.1449998402968 7.1449998402968 6.04499986488372 6.15499986242503 5.74299987163395 5.43699987847358 4.8799998909235 4.86999989114702 4.84999989159405 4.59499989729375 4.5649998979643 4.58499989751726 4.55499989818782 -9999 -9999 -9999 13.6052278061397 -9999 -9999 -9999 -9999 -9999 -9999 -9999 -9999 -9999 -9999 -9999 -9999 -9999 -9999 -9999 -9999 -9999 -9999 -9999 -9999 -9999 -9999 -9999 -9999 -9999 -9999
6.27599985972047 6.32099985871464 6.35499985795468 6.1999998614192 6.1169998632744 6.32599985860288 6.98999984376132 7.39399983473122 6.46499985549599 6.46499985549599 9.24599979333579 8.05499981995672 8.05499981995672 9.10749979643151 8.81999980285764 8.41749981185421 8.26749981520697 8.09299981910735 6.78599984832108 6.49999985471368 7.10999984107912 7.10999984107912 5.46499987784773 4.40166656828175 6.36166652447234 4.42999990098178 4.35999990254641 4.33999990299344 4.10999990813434 4.26499990466982 4.26499990466982 3.24333326083918 13.6309996953234 13.6037033996372 -9999 -9999 -9999 -9999 -9999 -9999 -9999 -9999 -9999 -9999 -9999 -9999 -9999 -9999 -9999 -9999 -9999 -9999 -9999 -9999 -9999 -9999 -9999 -9999 -9999 -9999 -9999 -9999
7.07944428620653 5.48833321065952 5.50499987695366 5.53666654291252 6.37294103402425 14.9937927683109 9.08749979687855 7.52099983189255 7.58899983037263 7.77499982621521 8.09142839057105 8.38499981258065 8.38499981258065 9.03749979799613 8.37249981286004 7.75499982666224 3.69499991741031 3.69499991741031 6.58899985272437 5.60874987463467 5.78599987067282 4.22599990554154 4.23899990525097 3.50099992174655 3.20999992825091 3.40599992386997 5.04749988717958 4.61499989684671 4.61499989684671 3.42333325681587 3.37666659119229 3.3783332578217 5.90045441356911 5.90045441356911 15.7753567902504 4.99999988824129 -9999 -9999 -9999 -9999 -9999 -9999 -9999 -9999 -9999 -9999 -9999 -9999 -9999 -9999 -9999 -9999 -9999 -9999 -9999 -9999 -9999 -9999 -9999 -9999 -9999 -9999
-9999 -9999 -9999 -9999 7.15999983996153 7.64576905987297 7.03199984282255 6.97399984411895 8.42599981166422 9.22249979386106 9.43399978913367 8.90999980084598 8.84999980218709 8.49749981006607 8.57249980838969 3.75499991606921 3.75499991606921 5.57124987547286 5.47624987759627 7.33699983600527 6.17699986193329 4.84499989170581 3.59799991957843 5.53799987621605 5.53799987621605 5.34333321390053 5.79818168858236 -9999 -9999 -9999 -9999 -9999 -9999 -9999 -9999 -9999 -9999 -9999 -9999 -9999 -9999 -9999 -9999 -9999 -9999 -9999 -9999 -9999 -9999 -9999 -9999 -9999 -9999 -9999 -9999 -9999 -9999 -9999 -9999 -9999 -9999 -9999
-9999 -9999 -9999 -9999 -9999 8.51571409537324 7.18999983929098 7.6774998283945 8.66249980637804 9.12249979609624 9.29299979228526 8.80499980319291 8.682499805931 8.93099980037659 8.63599980697036 7.99599982127547 7.42599983401597 4.89749989053234 6.03499986510724 6.31499985884875 4.64249989623204 4.91333322351178 4.90666655699412 6.9016665124024 11.7382140233448 -9999 -9999 -9999 -9999 -9999 -9999 -9999 -9999 -9999 -9999 -9999 -9999 -9999 -9999 -9999 -9999 -9999 -9999 -9999 -9999 -9999 -9999 -9999 -9999 -9999 -9999 -9999 -9999 -9999 -9999 -9999 -9999 -9999 -9999 -9999 -9999 -9999
