EcologicalScience/Bass/data/rs_data_bass/sst_453.asc
NCOLS 226 
NROWS 124 
XLLCORNER -9.41648524995501 
YLLCORNER 47.587301625531 
CELLSIZE 0.0833 
NODATA_value -9999 
[rows 0 to 26 of 124, columns 62 to 123 of 226]
-9999 -9999 -9999 -9999 -9999 -9999 -9999 -9999 -9999 -9999 -9999 -9999 -9999 -9999 -9999 -9999 -9999 -9999 -9999 -9999 -9999 -9999 -9999 -9999 -9999 -9999 -9999 -9999 -9999 -9999 -9999 -9999 -9999 -9999 -9999 -9999 -9999 -9999 -9999 -9999 -9999 -9999 -9999 -9999 -9999 -9999 -9999 -9999 -9999 -9999 -9999 -9999 -9999 -9999 -9999 -9999 -9999 -9999 -9999 -9999 -9999 -9999
-9999 -9999 -9999 -9999 -9999 -9999 -9999 -9999 -9999 -9999 -9999 -9999 -9999 -9999 -9999 -9999 -9999 -9999 -9999 -9999 -9999 -9999 -9999 -9999 -9999 -9999 -9999 -9999 -9999 -9999 -9999 -9999 -9999 -9999 -9999 -9999 -9999 -9999 -9999 -9999 -9999 -9999 -9999 -9999 -9999 -9999 -9999 -9999 -9999 -9999 -9999 -9999 -9999 -9999 -9999 -9999 -9999 -9999 -9999 -9999 -9999 -9999
-9999 -9999 -9999 -9999 -9999 -9999 -9999 -9999 -9999 -9999 -9999 -9999 -9999 -9999 -9999 -9999 -9999 -9999 -9999 -9999 -9999 -9999 -9999 -9999 -9999 -9999 -9999 -9999 -9999 -9999 -9999 -9999 -9999 -9999 -9999 -9999 -9999 -9999 -9999 -9999 -9999 -9999 -9999 -9999 -9999 -9999 -9999 -9999 -9999 -9999 -9999 -9999 -9999 -9999 -9999 -9999 -9999 -9999 -9999 -9999 -9999 -9999
-9999 -9999 -9999 -9999 -9999 -9999 -9999 -9999 -9999 -9999 -9999 -9999 -9999 -9999 -9999 -9999 -9999 -9999 -9999 -9999 -9999 -9999 -9999 -9999 -9999 -9999 -9999 -9999 -9999 -9999 -9999 -9999 -9999 -9999 -9999 -9999 -9999 -9999 -9999 -9999 -9999 -9999 -9999 -9999 -9999 -9999 -9999 -9999 -9999 -9999 -9999 -9999 -9999 -9999 -9999 -9999 -9999 -9999 -9999 -9999 -9999 -9999
-9999 -9999 -9999 -9999 -9999 -9999 -9999 -9999 -9999 -9999 -9999 -9999 -9999 -9999 -9999 -9999 -9999 -9999 -9999 -9999 -9999 -9999 -9999 -9999 -9999 -9999 -9999 -9999 -9999 -9999 -9999 -9999 -9999 -9999 -9999 -9999 -9999 -9999 -9999 -9999 -9999 -9999 -9999 -9999 -9999 -9999 -9999 -9999 -9999 -9999 -9999 -9999 -9999 -9999 -9999 -9999 -9999 -9999 -9999 -9999 -9999 -9999
-9999 -9999 -9999 -9999 -9999 -9999 -9999 -9999 -9999 -9999 -9999 -9999 -9999 -9999 -9999 -9999 -9999 -9999 -9999 -9999 -9999 -9999 -9999 -9999 -9999 -9999 -9999 -9999 7.47999983280897 10.6463616732508 11.8567308443598 12.010447490029 12.0111646750011 11.9700460699387 11.9468570891768 11.9303618348204 11.927971218247 11.9093244089745 11.8847010582685 11.8818323183805 11.8684448655695 11.7472406052984 11.6693065050058 11.6924954857677 11.8603167692199 11.7885982720181 11.7462843586691 11.7087516784668 11.7216610079631 11.6874751909636 11.7552491708193 11.6075090665836 11.8306731237099 11.1987136325333 11.5634021908045 11.6179082486778 11.5953169220593 11.5723670029547 11.466223627096 11.4292886010371 11.3898434275761 11.4895321386866
-9999 -9999 -9999 -9999 -9999 -9999 -9999 -9999 -9999 -9999 -9999 -9999 -9999 -9999 -9999 -9999 -9999 -9999 -9999 -9999 -9999 -9999 -9999 -9999 -9999 -9999 -9999 8.4541662754491 11.7255884494766 11.8232622123323 11.8564917827025 11.9525945689529 11.9282102799043 11.9176915669814 11.8961760178208 11.9511601990089 11.9564195554703 11.9310790197924 11.8918729079887 11.88996041473 11.8703573588282 11.8789635784924 11.8270871988498 11.7658874145709 11.7501093451865 11.7345703374594 11.7245297478512 11.7847732855007 11.7768842508085 11.8062888346612 11.6745658614673 11.7321797208861 11.7721030176617 11.7269203644246 11.5099719103891 11.5300530896056 11.583483370021 11.625438690884 11.6878337834496 11.5892208497971 11.6060746966396 11.5336390144657
-9999 -9999 -9999 -9999 -9999 -9999 -9999 -9999 -9999 -9999 -9999 -9999 -9999 -9999 -9999 -9999 -9999 -9999 -9999 -9999 -9999 -9999 -9999 -9999 -9999 -9999 8.47650525920714 11.2631706318934 12.0381786422804 11.7068391852081 11.7670827228576 11.7666045995429 11.7988779232837 11.8655761256814 11.9188868752681 11.940641486086 11.9425539793447 11.8823104416952 11.8579261526465 11.8579261526465 11.8330637402833 11.8263700138777 11.8342590485699 11.8368887268007 11.1718191960827 11.7474796669558 11.5017242832109 11.7305062892847 11.4113589767367 11.7245297478512 11.6427706610411 11.4992141358089 11.4909665086307 11.4812845115084 11.5160679826513 11.5017242832109 11.5655537457205 11.5347147919238 11.5526444162242 11.3295998899266 11.4694509594701 11.4289300085511
-9999 -9999 -9999 -9999 -9999 -9999 -9999 -9999 -9999 -9999 -9999 -9999 -9999 -9999 -9999 -9999 -9999 -9999 -9999 -9999 -9999 -9999 -9999 -9999 -9999 -9999 11.8925900929607 11.8156122392975 11.9552242471837 12.0288552376442 11.9886928792112 11.6532893739641 11.5925677129999 11.8789635784924 11.8321074936539 11.8863744898699 11.8729870370589 11.8213497190736 11.7967263683677 11.7921841968782 11.8005513548851 11.7238125628792 11.794813875109 11.7367218923755 11.7326578442007 11.6535284356214 11.7278766110539 11.6800642795861 11.0287407941651 11.2022995573934 11.2905133089516 11.4522385201417 11.5770287052728 11.4016769796144 11.3891262426041 11.4002426096704 11.3912777975202 11.4733954768162 11.2779625719413 11.4117175692227 11.4328745258972 11.4497283727396
-9999 -9999 -9999 -9999 -9999 -9999 -9999 -9999 -9999 -9999 -9999 -9999 -9999 -9999 -9999 -9999 -9999 -9999 -9999 -9999 -9999 -9999 -9999 -9999 -9999 9.75662541213179 11.2841781750321 11.9049615337281 11.9798475978896 11.971002316568 11.6917783007957 11.9187673444394 12.0833612955175 11.7912279502489 11.756803071592 11.8309121853672 11.7811873606406 11.6372722429223 11.7066001235507 11.7271594260819 11.7073173085228 11.6996673354879 11.6695455666631 11.6889095609076 11.6714580599219 11.2607501326129 11.0757164098322 11.0300556332804 11.224890884012 11.3073671557941 11.3138218205422 11.3295998899266 11.4733954768162 11.4816431039944 11.3729895807337 11.3547013639472 11.2352900661062 11.2503509505186 11.3105944881681 11.2177190342918 11.2815484968014 11.2166432568338
-9999 -9999 -9999 -9999 -9999 -9999 -9999 -9999 -9999 -9999 -9999 -9999 -9999 -9999 -9999 -9999 -9999 -9999 -9999 -9999 -9999 -9999 -9999 -9999 14.2906543564481 11.6889095609076 11.900837720139 11.7766451891512 11.9395657086279 12.1048768446781 11.9516383223236 11.9460203733761 11.8560136593878 11.6950056331698 11.8127434994094 11.8019857248291 11.7826217305847 11.7498702835292 11.8022247864865 11.7209438229911 11.6568752988242 11.4482940027956 11.4845118438825 11.6463565859012 11.6599831003696 11.2114436657866 11.1137272133492 11.532802298665 11.635598811321 11.2731215733802 11.3697622483596 11.2510681354906 11.4013183871284 11.4769814016763 11.3737067657057 11.3019882685039 11.1804254157469 11.2234565140679 11.1431317972019 11.0975905514788 11.2632602800149 11.2317041412462
-9999 -9999 -9999 -9999 -9999 -9999 -9999 -9999 -9999 -9999 -9999 -9999 -9999 -9999 -9999 -9999 -9999 -9999 -9999 -9999 -9999 -9999 -9999 -9999 11.0782265572343 11.7033966973424 11.6081067207269 11.7056438769214 11.9781741662882 11.9121931488626 11.9102806556039 11.9126712721772 11.8474074397236 11.8172856708989 11.8359324801713 11.8368887268007 11.8959369561635 11.3783684680238 11.7807092373259 11.6684697892051 11.7588350956794 11.543321011588 11.5605334509164 11.5677053006366 11.546189751476 11.4361018582713 11.5705740405247 11.4608447398059 11.6767174163833 11.3815958003979 11.1581926816143 11.1797082307748 11.1800668232609 11.3998840171844 11.4798501415644 11.502441468183 11.3529084015172 11.2611087250989 11.2467650256585 11.2073198521975 11.264694649959 11.3722723957617
-9999 -9999 -9999 -9999 -9999 -9999 -9999 -9999 -9999 -9999 -9999 -9999 -9999 -9999 -9999 -9999 -9999 -9999 -9999 -9999 -9999 -9999 -9999 10.8349997578189 12.0243130661547 11.647456269525 11.6573534221388 11.7044485686347 11.7224379583495 11.7885982720181 11.7862076554447 11.9071728540584 11.7324187825434 11.8165684859268 11.8005513548851 11.6301003932022 11.5397350867279 11.5669881156646 11.5519272312522 11.4522385201417 11.4952696184628 11.4525971126277 11.4576174074318 11.4719611068722 11.4081316443626 10.8928342419676 11.4280932927504 11.6100192139857 11.3916363900062 11.4361018582713 11.4536728900857 11.465147849638 11.0470290109515 11.4959868034348 11.0778679647483 11.2890789390076 11.2804727193434 11.2467650256585 11.2302697713021 11.3134632280562 11.304857008392 11.4995727282949
-9999 -9999 -9999 -9999 -9999 -9999 -9999 -9999 -9999 -9999 -9999 -9999 -9999 -9999 -9999 -9999 -9999 -9999 -9999 -9999 -9999 10.7875483698799 11.9322743280791 12.0876644053496 12.0324411625043 12.302102711983 11.8399965283461 11.7295500426553 11.7226172545925 11.7171188364737 11.7929013818502 11.7652897604275 11.7535996453837 11.585634924937 11.6908220541663 11.6505401649047 11.5569475260563 11.4823602889664 11.4066972744185 11.3869746876881 10.1648914953694 11.3758583206218 11.4486525952816 11.4321573409252 11.4407635605894 11.4031113495585 11.2808313118294 11.2421033233404 11.306649970822 11.2962507887278 11.3213522627484 11.187597265467 11.4400463756174 11.4486525952816 11.2596743551549 11.3711966183037 11.2629016875289 11.1836527481209 11.1908245978411 11.2560884302948 11.1323740226217 11.1169545457233
-9999 -9999 -9999 -9999 -9999 -9999 -9999 -9999 -9999 -9999 -9999 -9999 -9999 -9999 -9999 -9999 -9999 -9999 -9999 -9999 10.9549997551367 12.0284966451582 11.9198431218974 11.9121931488626 12.1098971394822 12.1349986135028 12.1679891222157 11.7538148008753 11.6205379269086 11.6705018132925 11.7063610618934 11.6587877920829 11.6348816263489 11.7503484068438 11.5938825521152 11.7527390234172 11.5623264133465 11.3991668322124 11.3633075836115 11.3521912165452 11.3231452251785 11.266846204875 11.3550599564333 11.4113589767367 11.3647419535555 11.3392818870489 11.0764335948043 11.0542008606717 11.0825296670664 11.1901074128691 11.2410275458824 11.306291378336 11.3288827049546 11.1807840082329 11.1198232856113 11.2302697713021 11.303422638448 11.4002426096704 11.3123874505982 11.224890884012 11.1585512741003 11.1528137943242
-9999 -9999 -9999 -9999 -9999 -9999 -9999 -9999 -9999 -9999 -9999 -9999 -9999 -9999 -9999 -9999 -9999 -9999 -9999 -9999 11.6099997404963 11.7094005601081 11.9377727461979 12.0592160681263 12.0613676230423 12.0898159602657 11.8502761796117 11.6892681533936 11.6707408749498 11.6791080329567 11.5810927534476 11.6157566937618 11.6049989191815 11.8058107113466 11.7193899222184 11.6401409828104 11.5512100462802 11.5607725125737 11.5363882235251 11.5691396705806 11.4725587610155 11.6716971215792 11.4830774739385 11.5612506358884 11.5709326330107 11.1280709127896 10.9975432478823 10.9652699241415 11.1488692769781 11.1327326151077 11.105120993685 11.0405743462034 11.1434903896879 11.3686864709016 11.2453306557145 11.1775566758588 11.1922589677852 11.224890884012 11.2392345834523 11.4203237888869 11.1768394908868 11.107272548601
-9999 -9999 -9999 -9999 -9999 -9999 -9999 -9999 -9999 -9999 -9999 -9999 -9999 -9999 -9999 -9999 -9999 -9999 10.0766465618559 11.9210981955985 11.8196762874722 11.7474796669558 11.878007331863 12.1878312397748 11.8423871449195 11.6965595339425 11.7308648817707 11.7100665175822 11.6999063971452 11.7674413153436 11.7477187286131 11.6817377111875 11.7290719193406 11.6806619337294 11.6387066128664 11.6189840261359 11.5189367225394 11.5923286513425 11.5885036648251 11.6164738787338 11.585276332451 11.4941938410047 11.5200124999974 10.8727530627511 10.9667042940855 11.0879085543565 11.0577867855318 11.0233619068749 11.0298165716231 10.7651753169484 10.9552293345332 10.9430371900089 11.0983077364508 11.1624957914464 11.1284295052756 11.0226447219029 11.1305810601916 11.4601275548339 11.3511154390872 11.5669881156646 11.5720084104687 11.8196762874722
-9999 -9999 -9999 -9999 -9999 -9999 -9999 -9999 -9999 -9999 -9999 -9999 -9999 -9999 -9999 -9999 7.55937985498458 11.1526942634955 11.3170491529163 11.6430097226985 11.7214219463058 11.876572961919 11.7979216766544 12.0494145401753 12.2666020558681 11.5002899132669 11.2923062713817 11.7853709396441 11.8284020379651 11.9245048242155 11.8391598125454 11.8552964744158 11.7893154569902 11.6993087430019 11.6555604597088 11.6286660232581 11.6275902458001 11.6957228181418 11.6720557140652 11.4682556511834 11.1341669850517 11.4981383583508 10.8548234384507 10.8146610800177 10.9387340801768 10.9437543749809 9.17947934381664 11.0599383404478 11.6213148772949 11.4418393380474 11.3148975980002 11.3753204318928 11.4027527570724 11.3758583206218 11.2123401470017 10.9702902189456 11.6324312443612 11.7288926230976 11.585993517423 11.7070184814511 11.7245895132655 11.0986663289368
-9999 -9999 -9999 -9999 -9999 -9999 -9999 -9999 -9999 -9999 -9999 -9999 -9999 -9999 -9999 -9999 7.95600145561621 11.7089907401241 11.6340449105483 11.8151341159828 11.7810678298119 11.8603167692199 11.8983275727369 11.9998092462774 11.9259391941596 11.9212774918415 11.2048097047955 11.7685170928016 11.7477187286131 11.7330164366867 11.7781990899239 11.7735373876058 11.7889568645041 11.6813791187014 11.663449494401 11.6455198701005 11.3547013639472 11.6046403266955 11.6508987573907 11.6344035030343 11.5445163198747 11.4536728900857 11.4185308264568 11.4429151155055 10.5901821837761 10.9107638662681 10.7056489642709 10.0738090039231 10.8196813748218 11.3826715778559 11.0448774560355 11.3808786154259 11.2611087250989 11.5289773121476 11.5314874595497 11.5551545636263 11.6534089047927 11.662015124457 11.6480300175026 11.6612979394849 11.6975157805718 11.543679604074
-9999 -9999 -9999 -9999 -9999 -9999 -9999 -9999 -9999 -9999 -9999 -9999 -9999 -9999 -9999 -9999 -9999 -9999 6.39228780573825 11.4300057860091 11.3267311500385 11.3597216587514 12.0245521278121 11.6501815724187 11.3819543928839 11.344660774339 11.3410748494789 11.4063386819325 11.3798028379679 11.821947373217 11.744132803753 11.7179555522744 11.7946943442803 11.7172383673023 11.6492253257893 11.6427706610411 11.5418866416439 11.4619205172639 11.4106417917646 10.4352702298202 11.0502563433256 11.7257250561379 11.1793496382888 10.7250129585154 10.7350535481237 10.8347422592342 10.9243903807364 10.9788964386098 11.0018463577144 11.0047150976025 11.0620898953639 11.105838178657 11.0635242653079 11.1660817163065 11.0936460341327 11.6661389380461 11.5976477732183 11.6580706071109 11.542603826616 11.5942411446013 11.6811998224584 11.3030640459619
-9999 -9999 -9999 -9999 -9999 -9999 -9999 -9999 -9999 -9999 -9999 -9999 -9999 -9999 8.12308316159971 10.8581019983228 10.905999708954 11.3710173220607 11.4029918187298 11.5949583295733 11.4465010403655 11.4888149537146 11.8445386998355 11.7885982720181 11.4300057860091 11.4909665086307 11.4744712542742 11.3984496472403 11.4070558669046 11.8047349338885 11.7634967979975 11.7749717575498 11.8409527749754 11.6404995752964 11.6555604597088 11.5182195375673 11.5547959711403 11.3403576645069 10.5328073860146 10.9222388258204 10.7501144325361 11.1112170659471 11.1667989012785 11.4185308264568 10.8691671378911 10.7917111609131 10.8347422592342 11.0699789300561 11.2299111788161 11.0836054445244 11.0879085543565 11.025513461791 11.0169072421268 11.0197759820148 11.4683751820121 11.3995254246984 11.303601934691 11.344660774339 11.3590044737794 11.5678845968796 11.4179929377278 10.9150669761002
-9999 -9999 -9999 -9999 -9999 -9999 -9999 -9999 -9999 -9999 -9999 -9999 -9999 11.8815932567231 12.0584988831542 11.6136051388457 11.7539343317039 11.8022247864865 11.4412416839041 11.1143009613268 11.8140583385248 11.9557023704983 11.9499648907222 11.9865413242951 11.8945025862195 11.9564195554703 11.6774346013553 11.6505401649047 11.9504430140369 11.7717444251757 11.7348093991168 11.6415753527544 11.6792275637854 11.7344508066308 11.6695455666631 11.6161152862478 11.6376308354083 11.5806146301329 11.3217108552344 11.3417920344509 11.3625903986394 11.3575701038353 10.7332605856936 11.2564470227808 11.0778679647483 10.8749046176672 10.8562578083947 10.8641468430869 11.0147556872107 10.9509262247011 11.0190587970428 11.0398571612313 10.9236731957644 10.9702902189456 11.3609767324524 11.4291093047941 11.3281655199826 11.0473876034375 10.9582773706643 11.2847758291755 10.6385921693873 10.8028275279794
-9999 -9999 -9999 -9999 -9999 -9999 -9999 -9999 -9999 -9999 10.8238820296579 11.5801843191497 11.5612506358884 12.0412864438258 10.1966269303812 11.6707408749498 11.5763115203008 11.5143347856356 10.6745231364854 10.82092449544 11.1947691151872 11.6410374640254 12.1880703014322 12.2480747774243 11.9191259369254 12.035070840735 12.0233568195254 11.8169270784128 11.6582499033539 12.3250526310876 11.7319406592287 11.7663655378856 11.7968458991963 11.704329037806 11.6118121764157 11.4859462138265 11.46586503461 11.5497756763361 11.4077730518766 11.4716025143862 11.4142277166247 11.2313455487601 11.2005065949634 11.1761223059148 11.1252021729015 11.0047150976025 10.8813592824154 10.8698843228631 10.8419141089544 10.908612311352 10.8584093633108 10.468977923505 10.4369436614215 10.747245692648 11.343764293124 11.4490111877676 11.3880504651461 11.2469443219015 11.144566167146 10.6023743283004 10.865581213031 11.0531250832137
-9999 -9999 -9999 -9999 -9999 -9999 -9999 -9999 -9999 -9999 -9999 14.3245818253902 12.1401623453014 11.2654835534282 11.8717917287722 10.6907076106872 11.9199997335672 -9999 -9999 9.22999979369342 -9999 9.71195728229392 11.2983306251466 11.4340220218524 11.835693418514 11.8698792355135 11.9870194476098 11.9115954947192 11.7459257661831 11.823740335647 11.7989974541124 12.1149174342863 11.7602694656234 11.6566362371668 11.5350733844098 11.4608447398059 11.4375362282153 11.3349787772167 11.505310208071 11.4149449015968 11.3252967800945 11.2851344216615 11.1947691151872 11.0864741844125 11.105120993685 11.0836054445244 11.0039979126304 10.9322794154286 10.9631183692254 10.9788964386098 10.9516434096731 11.0922116641887 11.1158787682652 11.1122928434052 11.0728476699442 10.7321848082356 11.1884937466821 11.1038300607353 11.545472566504 11.4570795187028 11.3306756673846 11.0599383404478
-9999 -9999 -9999 -9999 -9999 -9999 -9999 -9999 -9999 -9999 -9999 -9999 -9999 -9999 -9999 -9999 -9999 -9999 -9999 -9999 -9999 -9999 -9999 -9999 -9999 11.7579386144644 11.4849421548657 11.8463316622656 11.8176442633849 11.7491530985571 11.7957701217383 11.8997619426809 11.6684697892051 12.0051881335676 11.5899380347691 11.4188894189429 11.4863048063125 11.6150395087898 11.0606555254199 11.184728525579 11.0126041322947 11.224890884012 11.2033753348514 11.1273537278175 11.224890884012 11.0549180456437 11.0484633808956 11.0871913693845 11.1137272133492 11.0922116641887 10.9208044558764 10.8074892302975 11.0706961150281 10.9688558490016 11.0412915311754 10.6235312849749 10.6217383225448 11.1287880977616 10.6515014988836 11.0201345745008 11.2829828667454 11.184728525579
-9999 -9999 -9999 -9999 -9999 -9999 -9999 -9999 -9999 -9999 -9999 -9999 -9999 -9999 -9999 -9999 -9999 -9999 -9999 -9999 -9999 -9999 -9999 -9999 -9999 10.6396679468453 11.2798272528686 11.3948637223803 11.225608068984 11.704866926535 11.583483370021 11.4307229709812 11.4665822195821 11.6365550579503 11.5160679826513 11.0489415042102 11.2141331094317 11.3353373697028 10.865222620545 10.906281460193 11.1596270515583 11.2401908300817 11.6781517863274 11.6774346013553 11.4436323004775 11.3195593003184 11.3245795951225 11.1481520920061 11.1216162480414 10.9767448836938 10.9982604328543 10.8992889067158 11.0326853115112 10.8813592824154 11.1632129764184 10.9014404616319 11.024796276819 11.1503036469221 11.2908719014376 11.3123874505982 11.2793969418854 11.2571642077528
-9999 -9999 -9999 -9999 -9999 -9999 -9999 -9999 -9999 -9999 -9999 -9999 -9999 -9999 -9999 -9999 -9999 -9999 -9999 -9999 -9999 -9999 -9999 -9999 -9999 -9999 -9999 11.2743766470812 11.6114535839297 11.4812845115084 11.491205570288 11.4543900750577 11.3116702656262 11.1694285795093 11.1751660592854 11.3421506269369 11.3625903986394 11.4175745798275 10.7623065770604 11.3599607204087 11.146179833333 11.8018661940005 11.6860408210196 11.4543900750577 11.584559147479 11.7383953239769 11.6881923759356 11.5167851676233 11.3396404795349 11.2844172366895 11.1732535660267 11.2334971036762 11.1546067567542 11.2392345834523 11.303781230934 11.2198705892079 9.6800744542852 11.2797555343714 10.1785180098377 11.2621845025569 11.3790856529959 11.2485579880886
