EcologicalScience/Bass/data/rs_data_bass/sst_314.asc
NCOLS 226 
NROWS 124 
XLLCORNER -9.41648524995501 
YLLCORNER 47.587301625531 
CELLSIZE 0.0833 
NODATA_value -9999 
[rows 0 to 26 of 124, columns 0 to 61 of 226]
-9999.000000000000000 -9999 -9999 -9999 -9999 -9999 -9999 -9999 -9999 -9999 -9999 -9999 -9999 -9999 -9999 -9999 -9999 -9999 -9999 -9999 -9999 -9999 -9999 -9999 -9999 -9999 -9999 -9999 -9999 -9999 -9999 -9999 -9999 -9999 -9999 -9999 -9999 -9999 -9999 -9999 -9999 -9999 -9999 -9999 -9999 -9999 -9999 -9999 -9999 -9999 -9999 -9999 -9999 -9999 -9999 -9999 -9999 -9999 -9999 -9999 -9999 -9999
-9999 -9999 -9999 -9999 -9999 -9999 -9999 -9999 -9999 -9999 -9999 -9999 -9999 -9999 -9999 -9999 -9999 -9999 -9999 -9999 -9999 -9999 -9999 -9999 -9999 -9999 -9999 -9999 -9999 -9999 -9999 -9999 -9999 -9999 -9999 -9999 -9999 -9999 -9999 -9999 -9999 -9999 -9999 -9999 -9999 -9999 -9999 -9999 -9999 -9999 -9999 -9999 -9999 -9999 -9999 -9999 -9999 -9999 -9999 -9999 -9999 -9999
-9999 -9999 -9999 -9999 -9999 -9999 -9999 -9999 -9999 -9999 -9999 -9999 -9999 -9999 -9999 -9999 -9999 -9999 -9999 -9999 -9999 -9999 -9999 -9999 -9999 -9999 -9999 -9999 -9999 -9999 -9999 -9999 -9999 -9999 -9999 -9999 -9999 -9999 -9999 -9999 -9999 -9999 -9999 -9999 -9999 -9999 -9999 -9999 -9999 -9999 -9999 -9999 -9999 -9999 -9999 -9999 -9999 -9999 -9999 -9999 -9999 -9999
-9999 -9999 -9999 -9999 -9999 -9999 -9999 -9999 -9999 -9999 -9999 -9999 -9999 -9999 -9999 -9999 -9999 -9999 -9999 -9999 -9999 -9999 -9999 -9999 -9999 -9999 -9999 -9999 -9999 -9999 -9999 -9999 -9999 -9999 -9999 -9999 -9999 -9999 -9999 -9999 -9999 -9999 -9999 -9999 -9999 -9999 -9999 -9999 -9999 -9999 -9999 -9999 -9999 -9999 -9999 -9999 -9999 -9999 -9999 -9999 -9999 -9999
-9999 -9999 -9999 -9999 -9999 -9999 -9999 -9999 -9999 -9999 -9999 -9999 -9999 -9999 -9999 -9999 -9999 -9999 -9999 -9999 -9999 -9999 -9999 -9999 -9999 -9999 -9999 -9999 -9999 -9999 -9999 -9999 -9999 -9999 -9999 -9999 -9999 -9999 -9999 -9999 -9999 -9999 -9999 -9999 -9999 -9999 -9999 -9999 -9999 -9999 -9999 -9999 -9999 -9999 -9999 -9999 -9999 -9999 -9999 -9999 -9999 -9999
-9999 -9999 -9999 -9999 -9999 11.4597689623479 11.4222960475599 10.3800469869748 11.4178136414848 11.6501815724187 11.5133785390062 11.5795388526749 11.663628790644 11.5816904075909 11.6566362371668 11.6010544018354 11.7692342777736 11.7202266380191 11.6174301253632 11.4300057860091 11.6480300175026 11.4870219912846 11.3251772492658 10.4625830241712 9.40875033964403 9.95397674968547 7.79733350547031 11.903706460027 11.7498702835292 12.0546738966368 11.8502761796117 11.6714861848227 11.9145755219305 11.0698741727006 12.3249997245148 7.78000312830593 10.3681957992404 12.2299997266382 -9999 11.502953743163 11.7219797568396 11.2863297299482 12.7560807992704 13.4049997003749 -9999 -9999 -9999 -9999 -9999 -9999 -9999 -9999 -9999 -9999 -9999 -9999 -9999 -9999 -9999 -9999 -9999 -9999
-9999 -9999 -9999 -9999 -9999 11.4615619247779 11.7071977776941 11.4830774739385 11.46407207218 11.4368190432433 11.3971945735393 11.4708853294142 11.3522629350424 11.9721976248547 11.744670692482 11.7122180724982 11.8662335452391 11.2538651568815 11.4375362282153 11.4898907311726 11.5408108641859 11.5081789479591 11.4380741169443 11.1611211869167 9.53908545125276 7.49140521592926 11.8470488472376 11.6946470406838 11.9126712721772 11.8760948386043 11.9227118617855 11.6773321463593 6.02658518137676 5.8889390675351 12.2373247145104 10.4399163411606 12.0099997315556 -9999 -9999 10.4999284394085 10.652816337999 10.2889644955285 10.3839402768229 11.6194322667434 10.8677487053908 11.5177922784351 -9999 -9999 -9999 -9999 -9999 -9999 -9999 -9999 -9999 -9999 -9999 -9999 -9999 -9999 -9999 -9999
-9999 -9999 -9999 -9999 -9999 11.542962419102 11.4006012021564 11.3116702656262 11.783219384728 11.4075937556336 11.3729895807337 11.5983649581904 11.6774346013553 10.9968260629103 11.4873805837706 11.7207047613338 11.7089907401241 11.8065278963186 11.542603826616 11.5999786243774 11.4716025143862 11.5264671647456 11.3666544468142 11.6885509684216 12.0947255607308 12.0552426985112 11.8144169310108 12.2153233303688 11.7792748673819 12.0345927174203 11.982238214463 12.2103030355647 12.0051881335676 11.8750190611463 11.9380288836879 11.8179533948383 11.2800503770821 12.3099997248501 12.0549997305498 9.41894636657494 10.7213154715486 11.7285068645142 10.937730021216 9.79171624826267 10.539596737083 -9999 -9999 -9999 -9999 -9999 -9999 -9999 -9999 -9999 -9999 -9999 -9999 -9999 -9999 -9999 -9999 -9999
-9999 -9999 -9999 -9999 -9999 11.424985491205 11.4495490764966 11.4432737079915 11.5773872977588 11.6394237978384 11.2832697407342 11.585634924937 11.5953169220593 11.6507194611477 11.8762741348473 11.5698568555526 11.6702627516352 11.702536075376 11.6085848440416 11.7355265840888 11.5863521099091 11.5246742023155 11.4232522941893 9.51225317083299 9.66181444140214 11.9447055342607 12.3752555791289 11.9313180814497 11.3554185489193 11.9944303589873 12.063997301273 8.08003478171304 11.9234290467575 11.9277321565896 11.8873905019136 12.0573633402819 11.3223164780997 10.3713480278745 10.2458315020748 12.8503677342087 9.96396536936821 11.0962757123634 9.60841832099401 -9999 10.4244805803522 10.2849595412465 9.33499979134649 -9999 -9999 -9999 -9999 -9999 -9999 -9999 -9999 -9999 -9999 -9999 -9999 -9999 -9999 -9999
-9999 -9999 -9999 -9999 -9999 11.6471335362876 11.2234565140679 11.7627796130255 11.7391125089489 11.8590616955189 11.7599108731374 11.7175969597884 11.8845217620255 11.7548905783333 11.6100192139857 11.7154454048723 11.8366496651433 11.6573534221388 11.7011017054319 11.6214941735379 11.4558244450018 11.5234191286145 11.4545693713007 11.2919476788957 11.1359121351503 11.8549378819298 11.9632328127045 11.9083681623451 11.9650257751346 12.1601000875235 11.7774819049519 11.8768120235763 11.8730468024733 12.0035147019662 12.1586657175794 12.2117374055088 12.1597414950375 12.2131717754528 11.7792748673819 12.2664825250395 11.054439922329 11.0590255595744 9.39431739289344 12.1661065116641 11.3977324622683 12.9041450404864 12.0949997296557 -9999 -9999 -9999 -9999 -9999 -9999 -9999 -9999 -9999 -9999 -9999 -9999 -9999 -9999 -9999
-9999 -9999 -9999 -9999 -9999 11.7929013818502 11.6853236360475 11.4289300085511 10.7876471127383 11.7731787951197 11.7857295321301 11.7918256043922 11.9953268402023 11.5748771503568 11.6128879538737 11.6867580059916 11.8036591564305 11.7011017054319 11.6903439308517 11.5246742023155 11.423551121261 11.4823602889664 11.5644779682625 11.5817501730053 11.1878534029571 11.8925900929607 11.794813875109 12.0202490179799 11.9101611247752 11.7787967440672 11.6267535299994 11.890677599702 12.1339228360448 12.1087018311955 12.2406041006325 12.1457563880831 12.1981108910404 12.1661961597856 12.0175595743349 12.1116901019122 11.6673940117471 11.9798475978896 11.1405768257391 13.422632512264 11.1359758849256 12.039999730885 -9999 -9999 -9999 -9999 -9999 -9999 -9999 -9999 -9999 -9999 -9999 -9999 -9999 -9999 -9999 -9999
-9999 -9999 -9999 -9999 -9999 11.5295152008766 11.3873332801741 11.4723196993582 11.2806520155864 11.2571642077528 11.6541260897648 11.7466429511551 11.4701681444421 11.5390179017559 11.542603826616 11.5798974451609 11.5612506358884 11.784295162186 11.4680165895261 11.665242456831 11.584917739965 11.6480300175026 11.4975407042075 11.7449097541394 11.7591936881654 11.6982329655439 11.8653370640241 11.8922315004747 11.7107837025542 11.8506347720977 11.7415031255223 11.970285131596 12.0694957193919 12.2572786512319 12.2891933824867 12.2293084373232 12.0245521278121 12.219985032687 11.984389769379 12.023655646597 11.9054994224571 11.0083010224625 12.7394467349194 10.4372145979665 10.7287263829261 10.940694385767 12.2549997260794 -9999 -9999 -9999 -9999 -9999 -9999 -9999 -9999 -9999 -9999 -9999 -9999 -9999 -9999 -9999
-9999 -9999 -9999 -9999 -9999 11.6067918816116 11.5598162659444 11.7548905783333 11.5146336127073 11.3132839318132 11.5117648728192 10.7116255057044 11.0226447219029 11.622928543482 11.383388762828 11.8981482764939 11.6896267458797 11.7713858326897 11.745029284968 11.4773399941623 11.6286660232581 11.4292886010371 11.8685643963981 11.7868053095881 11.8040177489165 11.7438937420957 11.9937131740153 11.8263700138777 11.7168797748163 11.9643085901625 11.9607226653025 12.0589770064689 12.2710844619432 12.2931378998328 12.3946195733733 12.3279213709757 12.3214667062275 12.1891460788902 12.595404803132 12.0986014761729 11.7638553904835 11.6695455666631 12.2270590844564 13.8565294203348 10.1263084817568 12.1299997288734 -9999 -9999 -9999 -9999 -9999 -9999 -9999 -9999 -9999 -9999 -9999 -9999 -9999 -9999 -9999 -9999
-9999 -9999 -9999 -9999 -9999 11.6060746966396 11.4878587070853 11.6609393469989 11.4337710071122 11.8414906637045 11.6993087430019 11.6803033412434 11.7647518716985 11.7366023615468 11.9323938589077 11.8101138211787 11.7868053095881 11.1252021729015 11.1811426007189 11.2091128146276 11.3697622483596 11.4924008785747 12.1098971394822 11.942793041002 12.1113315094262 12.20623898739 11.9241462317295 12.0403301971965 12.0437368258135 12.0264646210708 12.0826441105455 12.1651203823276 12.4735099202953 12.2773598304484 12.3781243190169 12.4753028827254 12.3121433015913 11.2571642077528 12.0458286153153 12.0943581317551 12.0460676769726 12.4152491881567 11.5518922466194 11.0998297623359 11.8749997345731 -9999 -9999 -9999 -9999 -9999 -9999 -9999 -9999 -9999 -9999 -9999 -9999 -9999 -9999 -9999 -9999 -9999
-9999 -9999 -9999 -9999 -9999 11.7310441780137 11.7593729844084 11.7871639020741 11.703791149077 11.4683751820121 11.6302796894452 11.5225226473995 11.8947416478768 10.9401684501208 11.4352651424706 11.9383106349269 11.8678472114261 11.9086755273331 11.1252021729015 11.9944303589873 11.8468695509946 12.0073396884836 12.0403301971965 11.9397450048709 12.0295724226162 12.0059053185396 12.1557969776914 11.9499648907222 12.2705465732142 12.1115705710836 12.2167577003129 12.2793918545358 12.0747550758533 12.1758781569079 12.1575899401214 12.3512298825663 12.4692068104632 11.1348841700237 11.1177229581933 12.7438886547461 10.4390012033263 13.1949980021454 10.2844035214368 11.8803355845258 10.2443700951336 11.9602836898553 -9999 -9999 -9999 -9999 -9999 -9999 -9999 -9999 -9999 -9999 -9999 -9999 -9999 -9999 -9999 -9999
-9999 -9999 -9999 -9999 -9999 11.8043763414025 11.4925801748177 11.8869550681806 11.2177190342918 11.7192106259754 11.4533142975997 11.6903439308517 11.6219722968526 11.5189367225394 11.784474458429 11.7764061274938 11.8093966362067 11.9076509773731 11.9745284760138 12.0912503302097 11.744849988725 12.0109256133437 11.9994506537914 12.0726035209373 12.1565141626634 12.2540513188578 12.181615636684 12.1077455845661 12.1837671916001 12.2863246425986 12.1737266019918 12.0051881335676 11.9987334688194 11.8703573588282 12.419721047394 12.4032257930376 12.4147007525899 11.6200598035939 12.3879442363261 13.6759422443807 13.3627540869638 10.1316108893645 12.1993074777317 -9999 -9999 -9999 -9999 13.2249997043982 13.2249997043982 -9999 -9999 -9999 -9999 -9999 -9999 -9999 -9999 -9999 -9999 -9999 -9999 -9999
-9999 -9999 -9999 -9999 -9999 11.6803033412434 11.6774346013553 11.702894667862 11.4751884392463 11.5103305028751 11.6325593131062 11.4976004696218 11.7909291231772 11.2064831363969 11.7652897604275 11.8520691420417 11.9786522896029 11.8997619426809 11.8703573588282 11.8890041681007 11.8495589946397 11.9349040063098 11.9098025322892 12.1113315094262 12.2074342956766 12.2683950182982 12.2719809431583 12.180898451712 12.3501541051082 12.0856921466766 11.9980162838474 11.901913497597 12.3350932206959 12.3300729258917 12.3429822553881 12.4527115561068 12.3587603247724 12.7688281837731 10.8024536762387 -9999 -9999 -9999 -9999 -9999 -9999 -9999 -9999 -9999 -9999 -9999 -9999 -9999 -9999 -9999 -9999 -9999 -9999 -9999 -9999 -9999 -9999 -9999
-9999 -9999 -9999 -9999 -9999 11.8074243775336 11.105120993685 11.8317318253352 11.8456144772936 11.0047150976025 10.985351103358 11.2315248450032 11.5655537457205 11.8405941824894 11.3676106934436 11.6272316533141 11.7498702835292 11.8174649671419 11.8129825610667 11.8187200408429 11.8301950003952 11.8976103877649 11.9447652996751 12.02383494284 12.2128131829668 11.930122773163 12.0159459081478 11.9595273570158 12.2289498448372 11.7398296939209 12.2968433555216 12.3483611426782 12.3099917466752 12.259788798634 12.3376033680979 12.3322244808078 12.3566087698564 12.2275154748932 11.8660047879635 10.2478432043801 11.6199997402728 -9999 -9999 -9999 -9999 -9999 -9999 -9999 -9999 -9999 -9999 -9999 -9999 -9999 -9999 -9999 -9999 -9999 -9999 -9999 -9999 -9999
-9999 -9999 -9999 -9999 -9999 11.665242456831 11.6451612776145 11.6501815724187 11.9473830248229 11.8015076015145 11.862468324136 11.8464511930943 10.3028300716542 11.3869746876881 11.6530503123067 11.8400562937604 11.7305062892847 11.8348567027133 11.901196312625 11.9640695285052 9.80271308450028 10.0092623564415 11.9565988517134 12.1073869920801 12.1382259458769 10.9573808894493 12.1192205441184 12.1142002493143 12.2124545904808 12.2963652322069 12.259788798634 12.4555802959949 12.2447279142216 12.3652149895206 12.3386791455559 12.1603391491808 12.0661488561891 12.259788798634 13.1446562441096 9.97144538670073 10.4513030370361 -9999 12.2301538780019 8.5327880939416 12.4383678566664 12.1599997282028 -9999 -9999 -9999 -9999 -9999 -9999 -9999 -9999 -9999 -9999 -9999 -9999 -9999 -9999 -9999 -9999
-9999 -9999 -9999 -9999 -9999 11.8775292085484 11.8330637402833 11.8359324801713 11.6716971215792 11.1409802422859 11.2205877741799 11.3661763234995 11.4092074218206 11.4185308264568 11.5218054624274 11.4371776357293 11.5971098844893 11.7335543254158 11.8029419714585 11.6460577588296 11.6872958947206 9.91387675516307 10.1333353566006 10.3527939580381 11.9686116999947 12.2106616280507 10.9710074039176 10.6446882416494 12.1730094170198 12.2124545904808 12.1349986135028 11.9872585092671 12.2504653939977 12.4161351225339 12.3601946947165 12.3573259548284 11.3330423777923 12.0439161220565 12.3451338103041 12.1660168635426 11.7335543254158 12.3446556869894 12.4139835676178 12.4037039163522 12.6700186026283 12.858638250269 12.8849997119978 -9999 -9999 -9999 -9999 -9999 -9999 -9999 -9999 -9999 -9999 -9999 -9999 -9999 -9999 -9999
-9999 -9999 -9999 -9999 -9999 11.901196312625 11.9571367404424 11.7885982720181 11.7462843586691 11.7326578442007 11.6143223238178 11.6049989191815 11.5074617629871 11.3023468609899 11.1517380168661 11.6417546489974 9.95977659337223 11.6798252179287 11.6890888571506 11.6970376572572 8.87467573070899 11.9293458227767 12.0686590035912 12.0849749617046 12.2786149041494 12.2678571295692 12.2189092552289 9.25478376587853 12.2486724315677 12.2640919084661 12.42187260231 12.3752555791289 12.1656582710566 12.4536080373218 12.4740478090243 12.4378299679374 12.1249580238946 12.341547885444 12.4935910995118 12.3515884750523 12.6327249840833 12.6556749031879 12.6628467529081 12.4634693306871 12.4548631110229 13.0512422588654 -9999 -9999 -9999 -9999 -9999 -9999 -9999 -9999 -9999 -9999 -9999 -9999 -9999 -9999 -9999 -9999
-9999 -9999 -9999 -9999 -9999 11.823023150675 11.8588823992759 11.62579728337 11.5763115203008 11.5669881156646 11.5619678208604 11.6164738787338 11.9654355951186 11.1746879359707 11.6559190521948 10.0953245530836 10.3226721892133 10.5213324264623 11.7869846058311 11.6489264987176 11.823381743161 12.0139736494748 12.1939870774513 12.3632427308476 12.4403401153395 12.3960539433174 12.2633747234941 12.3609118796885 12.379558688961 12.2985167871229 12.3623462496325 12.4570146659389 12.461497072014 12.6348765389994 12.5301675330848 12.6248359493911 12.7646870189346 12.3092745617032 12.1694234921597 12.5602893019095 12.3372447756119 12.2361216945574 12.4319131919183 12.2676778333262 12.5674611516297 12.4493646929041 10.6700255025102 -9999 -9999 8.92259905508919 -9999 -9999 -9999 -9999 10.9150669761002 -9999 -9999 -9999 -9999 -9999 -9999 -9999
-9999 -9999 -9999 -9999 -9999 11.7878810870461 11.2793969418854 11.7147282199003 11.7964873067103 11.4278542310931 11.4163792715408 10.9351481553167 11.8768120235763 11.7808885335689 10.7149723689072 10.8598437332548 10.8053376753815 10.6497085364535 11.9336489326088 11.8588823992759 12.0109256133437 12.0650730787311 12.1859187465161 12.3532021412393 12.1220892840065 12.4473326688167 12.1997843226418 12.1493423129432 12.221777995117 12.4096804577857 12.5272987931967 12.3049714518711 12.0286161759868 12.1326677623438 12.6757560824044 12.7152012558654 12.2483138390817 12.3441297513433 12.4017914230935 12.4785302150995 12.2454450991936 12.2698293882422 12.8924695965352 12.2834559027106 12.2698293882422 12.9856596775353 11.2048097047955 9.52831073141972 9.30478948805248 9.0703596503241 -9999 -9999 -9999 9.75162051357024 9.53071970410156 -9999 -9999 -9999 -9999 -9999 -9999 -9999
-9999 -9999 -9999 -9999 -9999 11.6100192139857 11.7728202026337 11.7670827228576 11.8373668501154 11.7398296939209 12.0403301971965 10.7902767909691 11.8888248718577 11.9947889514733 11.9384899311699 11.7805299410829 11.9280907490756 11.7123973687412 11.8710745438002 11.8922315004747 11.9497855944792 12.0654316712171 12.341727181687 12.1722922320478 12.2291889064945 12.4815782512305 12.4584490358829 12.2581153670326 7.54214605269954 7.59736929554492 12.3460900569335 12.2516607022844 12.3606728180312 12.7025309880264 12.6081972580403 12.540208122693 12.4168523075059 12.4290444520302 12.3566087698564 12.4802036467008 12.2002624459565 10.0968784538563 12.6632053453941 12.4161351225339 13.1954543925822 10.0430352487601 -9999 11.6505772606791 10.5198980565183 9.71772198817335 8.47057882739432 8.59300442426345 -9999 9.95226147563125 9.147559700336 -9999 -9999 -9999 -9999 -9999 -9999 -9999
-9999 -9999 -9999 -9999 -9999 11.9248634167016 12.3852961687371 12.1022471664473 12.1089408928528 12.1159932117444 11.9513992606662 11.8901994763874 11.5603541546734 11.8328246786259 11.6542456205934 11.9564195554703 11.9090853473172 11.9338282288518 12.0277794601861 12.0568254515529 12.0483985281317 12.1332056510728 12.3874477236532 12.312621424906 12.4292835136876 12.3166854730807 12.6499374234118 12.1737266019918 12.4914395445958 12.4294030445162 12.0295724226162 12.380275873933 12.3644978045486 12.4663380705751 12.5939969955944 12.4663380705751 12.4254585271701 12.422589787282 10.6373492808678 8.18807030515745 10.2921467354343 10.1425950114615 12.5502487123013 12.4512771861628 12.3956441233334 9.39750357531011 -9999 13.0149997090921 11.7865703696835 10.0568754698616 9.33575314339355 9.1569325989666 10.9351481553167 10.9530777796172 11.7117072187037 -9999 -9999 -9999 -9999 -9999 -9999 -9999
-9999 -9999 -9999 -9999 -9999 12.1283048870973 12.4849848798476 12.1654789748136 11.8851791815832 12.1269302825676 11.3819543928839 11.3389232945628 11.4551072600298 11.82212666946 11.9368164995685 11.9393864123849 11.9279114528326 12.300309749553 12.302102711983 12.2332529546693 12.4129077901598 12.4955633581849 11.9817600911483 12.3358104056679 12.3487197351642 12.1945249661803 12.4027476697229 12.3233791994862 12.580370481126 12.3852961687371 12.6090578800067 12.5445112325251 12.4340647468343 12.5495315273292 12.5595721169375 12.6449171286076 9.17025619084316 9.70128113683029 7.8349998248741 9.47301068008148 12.5753501863219 12.7087465911172 12.7962431577034 12.897366238758 12.5977024512831 9.95337833643085 9.22901187981884 -9999 10.3600682627543 11.4924008785747 11.5669881156646 12.328445467686 11.3869746876881 11.0889126133174 13.2649344033562 13.8699996899813 -9999 -9999 -9999 -9999 -9999 -9999
-9999 -9999 -9999 -9999 -9999 12.2384525457164 10.9301278605126 11.6838892661035 12.2264396974351 11.544755381532 12.1636860123836 12.2899105674587 12.0390751234954 12.1604586800095 11.9298837115057 12.0668660411611 12.047741108574 12.1800617359113 12.2825594214955 11.8115481911227 12.4374713754514 12.5142101674573 12.3776461957023 12.3745383941568 12.5830001593567 12.4742271052673 12.3064058218151 12.2805871628225 12.2547685038298 12.461317775771 12.5846735909581 12.6427655736916 12.6477858684957 12.7187871807255 12.6076235100627 9.46359492888531 12.2246467350051 13.1320291616023 -9999 10.0397347490303 12.7854853831232 12.6836451170966 12.7711416836828 12.6951200766489 12.6449171286076 12.3834166495001 -9999 11.4323366371682 11.8050935263745 11.4964649267495 11.465147849638 11.4861852754839 10.8698843228631 11.7147282199003 14.0149996867403 -9999 -9999 -9999 -9999 -9999 -9999 -9999
