EcologicalScience/Bass/data/rs_data_bass/sst_147.asc
NCOLS 226 
NROWS 124 
XLLCORNER -9.41648524995501 
YLLCORNER 47.587301625531 
CELLSIZE 0.0833 
NODATA_value -9999 
[rows 27 to 53 of 124, columns 62 to 123 of 226]
-9999 -9999 -9999 -9999 -9999 -9999 -9999 -9999 -9999 -9999 -9999 -9999 -9999 -9999 -9999 -9999 -9999 -9999 -9999 -9999 -9999 -9999 -9999 -9999 -9999 -9999 -9999 -9999 12.5299997199327 9.33571263606427 7.87872647687506 6.30285042105243 6.27344583719969 6.26842554239556 6.22467725910246 6.3616595887579 6.53091524215415 6.55386516125873 6.75324258347973 6.91891231201589 6.91891231201589 6.95405437564477 6.98632769938558 6.99421673407778 6.94473097100854 6.92608416173607 6.93325601145625 6.60908840410411 6.72240362968296 6.62128054862842 6.67937253136188 6.7080599302426 6.46995451953262 7.06163212144747 6.98632769938558 6.96409496525303 6.76113161817193 7.0107119884342 7.11111788451672 6.86297188419849 6.69443341577426 6.58685566997156
-9999 -9999 -9999 -9999 -9999 -9999 -9999 -9999 -9999 -9999 -9999 -9999 -9999 -9999 -9999 -9999 -9999 -9999 -9999 -9999 -9999 -9999 -9999 -9999 -9999 -9999 -9999 -9999 -9999 -9999 9.78499978128821 7.95416709929705 6.1386150624603 6.26340524759144 6.43768119579181 6.52804650226608 6.58900722488761 6.68224127124995 6.85866877436638 6.98847925430164 7.08386485558003 7.10036010993645 7.16490675741807 7.14984587300569 7.00425732368603 7.06019775150344 6.89667957788333 6.9432966010645 6.81994078587741 6.88592180330306 6.91245764726773 7.0508743468672 7.08960233535618 6.93182164151222 6.97987303463742 7.00999480346218 7.04011657228693 7.09892573999241 7.02792442776263 7.32268745126203 7.34205144550651 6.67722097644582
-9999 -9999 -9999 -9999 -9999 -9999 -9999 -9999 -9999 -9999 -9999 -9999 -9999 -9999 -9999 -9999 -9999 -9999 -9999 -9999 -9999 -9999 -9999 -9999 -9999 -9999 -9999 -9999 -9999 -9999 -9999 12.1449997285381 2.78954053937923 6.65785698220134 6.64638202264905 6.64279609778896 6.30356760602444 6.70877711521462 6.78981901705265 6.84791099978611 6.94186223112047 7.05159153183922 7.15773490769789 7.14267402328551 7.18427075166255 6.88161869347095 6.67650379147381 6.7797784274444 6.76902065286413 6.97341836988926 7.05015716189519 6.94903408084065 7.07525863591582 6.98274177452549 7.02433850290254 7.34850611025468 7.25240332400426 6.73244421929121 7.08171330066398 7.05661182664335 7.05015716189519 7.35280922008678
-9999 -9999 -9999 -9999 -9999 -9999 -9999 -9999 -9999 -9999 -9999 -9999 -9999 -9999 -9999 -9999 -9999 -9999 -9999 -9999 -9999 -9999 -9999 -9999 -9999 -9999 -9999 -9999 -9999 -9999 -9999 12.1789536716416 7.04728842200711 6.65857416717336 6.69443341577426 6.74607073375955 6.78192998236045 6.72742392448708 6.71236304007471 6.72598955454305 6.91962949698791 7.04513686709106 7.14912868803367 6.95764030050486 6.90385142760351 7.09175389027223 6.94975126581267 6.82998137548566 6.93325601145625 7.01716665318236 7.08960233535618 7.07167271105573 6.9074373524636 7.1943113412708 7.19933163607493 7.22945340489969 7.06521804630756 6.90098268771544 6.92393260682002 7.02935879770666 7.20650348579511 7.15056305797771
-9999 -9999 -9999 -9999 -9999 -9999 -9999 -9999 -9999 -9999 -9999 -9999 -9999 -9999 -9999 -9999 -9999 -9999 -9999 -9999 -9999 -9999 -9999 -9999 -9999 -9999 -9999 -9999 -9999 -9999 -9999 12.5749997189268 2.28948331763968 6.65570542728528 6.71092867013067 6.72957547940314 6.77475813264027 6.56390575086698 6.55099642137066 6.52015746757388 6.79125338699669 6.55027923639864 6.91389201721177 6.86082032928243 6.93038727156818 6.98776206932962 6.93755912128836 6.82639545062557 6.85077973967418 7.03581346245483 7.1104006995447 7.14052246836945 7.19287697132677 7.04011657228693 7.09533981513232 7.17925045685843 7.20937222568318 7.10179447988048 7.09175389027223 7.08888515038416 6.87444684375077 7.3693044744432
-9999 -9999 -9999 -9999 -9999 -9999 -9999 -9999 -9999 -9999 -9999 -9999 -9999 -9999 -9999 -9999 -9999 -9999 -9999 -9999 -9999 -9999 -9999 -9999 -9999 -9999 -9999 -9999 -9999 -9999 -9999 -9999 9.69442305194154 6.66861475678161 6.72527236957103 6.75969724822789 6.45130771026015 6.44700460042804 6.56892604567111 6.53450116701424 6.67650379147381 6.73674732912332 6.79340494191274 6.87659839866683 7.02720724279061 7.02218694798648 7.11757254926488 6.6083712191321 7.06808678619564 6.89739676285535 7.07884456077591 7.22443311009556 7.21510970545933 6.47138888947666 6.97772147972137 6.92967008659616 7.27965635294095 7.13119906373322 7.12546158395708 6.7439191788435 7.07023834111169 6.92967008659616
-9999 -9999 -9999 -9999 -9999 -9999 -9999 -9999 -9999 -9999 -9999 -9999 -9999 -9999 -9999 -9999 -9999 -9999 -9999 -9999 -9999 -9999 -9999 -9999 -9999 -9999 -9999 -9999 -9999 -9999 -9999 -9999 8.44381967895857 5.14034874948601 6.55458234623075 6.67793816141784 6.59331033471972 6.5366527219303 6.54956205142662 6.54310738667846 6.75898006325588 6.81492049107328 6.87588121369481 6.9074373524636 6.95046845078468 7.0386822023429 7.03724783239886 7.01860102312639 7.00569169363007 7.05804619658738 7.18498793663457 7.13693654350936 7.1663411273621 7.1304818787612 6.56175419595093 7.2975859772414 7.09677418507636 6.26627398747951 7.17351297708228 6.37672047317028 6.37026580842212 7.01214635837823
-9999 -9999 -9999 -9999 -9999 -9999 -9999 -9999 -9999 -9999 -9999 -9999 -9999 -9999 -9999 -9999 -9999 -9999 -9999 -9999 -9999 -9999 -9999 -9999 -9999 -9999 -9999 -9999 -9999 -9999 -9999 -9999 -9999 8.57236352716846 6.7080599302426 6.76184880314395 6.83930478012189 6.82998137548566 6.71021148515865 6.75754569331184 6.81850641593337 6.83858759514987 6.89165928307921 6.94544815598056 7.00640887860209 6.86225469922647 7.05804619658738 7.09175389027223 7.07956174574792 6.94473097100854 7.25598924886435 7.13335061864927 7.10394603479654 7.20650348579511 6.71164585510269 6.67937253136188 6.71164585510269 6.98130740458146 6.83285011537373 6.53880427684635 6.58829003991559 7.15916927764192
-9999 -9999 -9999 -9999 -9999 -9999 -9999 8.17939248437492 7.22515029506758 7.16490675741807 9.33883784459904 8.8527534423591 10.4492100826003 8.41140026329786 8.41999981179833 -9999 -9999 -9999 -9999 -9999 -9999 -9999 -9999 -9999 -9999 -9999 -9999 -9999 -9999 -9999 -9999 -9999 -9999 -9999 6.11480452138931 6.84575944487005 6.94257941609249 6.86512343911454 6.90815453743562 6.97772147972137 6.92464979179204 7.01214635837823 7.09820855502039 6.98417614446953 6.84002196509391 6.94473097100854 6.93971067620441 7.19933163607493 7.24307991936803 7.43958860170096 7.14841150306165 7.13478498859331 7.11111788451672 6.7001708955504 6.67148349666968 6.59044159483165 6.91389201721177 7.15271461289376 7.0946226301603 6.84217352000996 6.82280952576548 6.39608446741477
-9999 -9999 -9999 -9999 8.67537751502047 10.8634003458012 6.47999510914087 6.29496138636023 7.0307931676507 6.67506942152977 9.78604908073869 14.6601119644474 19.9649995537475 -9999 -9999 -9999 -9999 -9999 -9999 -9999 -9999 -9999 -9999 -9999 -9999 -9999 -9999 -9999 -9999 -9999 -9999 -9999 -9999 -9999 8.1739860130474 6.86942654894665 6.79053620202467 6.85006255470216 6.7518082135357 6.89022491313517 6.89452802296728 6.89739676285535 6.93827630626038 6.97413555486128 6.98202458955348 7.11470380937681 6.96911526005715 6.99923702888191 7.01573228323832 7.28467664774507 7.27965635294095 7.16490675741807 7.17638171697035 7.15773490769789 6.77332376269624 6.63705861801282 6.81276893615723 7.002822953742 7.1182897342369 6.7360301441513 7.05732901161537 6.91030609235168
8.97590126675953 5.41999572049826 9.05086417216808 5.7482615276905 5.58392371410238 7.22993152821437 7.14530370151624 7.07358520431444 6.94066692283377 7.51232387593135 3.81499991472811 -9999 -9999 -9999 -9999 -9999 -9999 -9999 -9999 -9999 -9999 -9999 -9999 -9999 -9999 -9999 -9999 -9999 -9999 -9999 -9999 -9999 -9999 -9999 12.8399997130036 6.85508284950629 6.83643604023382 6.82639545062557 6.97700429474935 6.84289070498198 6.87803276861086 6.80846582632512 7.06378367636353 7.1663411273621 7.14769431808963 7.14410839322954 7.27033294830471 7.07095552608371 7.12115847412497 7.14410839322954 7.34635455533862 7.21439252048731 7.22945340489969 7.26029235869646 7.2258674800396 7.00210576876998 6.72670673951507 6.95835748547688 6.97700429474935 7.0107119884342 6.57896663527936 7.07023834111169
7.86028930628672 6.61195714399219 6.69156467588618 6.74033325398341 7.04513686709106 7.53114921646193 7.42237616237253 4.79573742985459 7.6601229805965 12.8949997117743 -9999 -9999 -9999 -9999 -9999 -9999 -9999 -9999 -9999 -9999 -9999 -9999 -9999 -9999 -9999 -9999 -9999 -9999 -9999 -9999 -9999 -9999 -9999 -9999 -9999 8.15852171208826 7.48596656322479 6.83858759514987 6.89811394782737 6.98489332944155 7.06019775150344 6.95835748547688 7.08960233535618 7.2380596245639 7.20148319099098 7.16777549730614 7.12976469378918 7.09318826021627 7.13119906373322 7.19144260138273 7.27463605813682 7.33559678075835 7.25670643383637 7.27033294830471 7.23519088467583 7.16849268227816 7.15128024294972 7.41879023751244 7.24881739914417 7.02792442776263 6.58183537516743 7.04585405206308
6.99063080921769 6.56820886069909 6.90456861257553 6.78551590722054 6.90456861257553 6.97054963000119 6.85006255470216 8.14063691184856 8.88281133195952 -9999 -9999 -9999 -9999 -9999 -9999 -9999 -9999 -9999 -9999 -9999 -9999 -9999 -9999 -9999 -9999 -9999 -9999 -9999 -9999 -9999 -9999 -9999 -9999 -9999 -9999 -9999 7.19923601141199 7.87362894676626 7.00999480346218 6.97987303463742 6.60478529427201 6.86010314431041 7.2100894106552 7.22658466501161 7.30045471712947 7.26100954366848 7.2100894106552 7.14769431808963 7.13191624870524 7.23088777484372 7.15343179786578 7.26961576333269 7.28826257260516 7.27248450322077 7.25957517372444 7.2617267286405 7.21726126037538 7.30906093679368 7.12044128915295 6.77762687252834 6.3853266928345 7.08458204055205
7.69239630433731 6.92823571665213 6.94616534095258 6.93325601145625 6.75252539850771 6.89883113279939 6.64494765270501 7.94771415437572 12.7897884929553 -9999 -9999 -9999 -9999 -9999 -9999 -9999 -9999 -9999 -9999 -9999 -9999 -9999 -9999 -9999 -9999 -9999 -9999 -9999 -9999 -9999 -9999 -9999 -9999 -9999 -9999 -9999 -9999 -9999 -9999 13.8599996902049 12.6438491815061 7.4110967987217 7.18498793663457 7.15988646261394 7.21510970545933 7.27248450322077 7.37504195421934 6.94759971089661 7.06234930641949 7.06880397116765 7.21367533551529 7.17064423719421 7.3972746883519 7.31049530673772 7.22443311009556 7.15988646261394 7.04585405206308 7.14769431808963 7.12689595390111 6.96911526005715 6.83787041017786 7.09103670530021
7.82005522935651 7.64656818462536 7.75012969458476 5.72264777868986 6.01525924727321 5.1266670669429 7.50987272895873 7.80176701257005 11.2516530883867 12.8599997125566 -9999 -9999 -9999 -9999 -9999 -9999 -9999 -9999 -9999 -9999 -9999 -9999 -9999 -9999 -9999 -9999 -9999 -9999 -9999 -9999 -9999 -9999 -9999 -9999 -9999 -9999 -9999 -9999 -9999 -9999 -9999 -9999 -9999 6.98842336975836 7.23877680953592 7.10056501992845 7.18570512160659 7.02935879770666 7.14841150306165 6.98345895949751 7.11900691920891 7.19359415629879 7.33201085589826 7.21510970545933 7.15558335278183 7.0307931676507 6.93182164151222 6.88018432352692 6.88233587844297 7.06234930641949 6.74965665861964 7.10394603479654
7.49588762200437 7.39870905829594 7.57542343540117 6.09486677916721 7.20148319099098 7.16490675741807 7.0150150982663 7.20722067076713 8.90936140390113 12.8875741049553 -9999 -9999 -9999 -9999 -9999 16.1899624452926 -9999 -9999 -9999 -9999 -9999 -9999 -9999 -9999 -9999 -9999 -9999 -9999 -9999 -9999 -9999 -9999 -9999 -9999 -9999 -9999 -9999 -9999 -9999 -9999 -9999 -9999 -9999 -9999 9.57597995178858 8.28142032185569 6.96481215022504 7.14052246836945 7.03007598267868 7.0587633815594 7.01286354335025 7.15271461289376 7.13908809842542 7.08386485558003 7.00999480346218 7.04011657228693 7.01716665318236 7.00927761849016 6.87301247380674 6.90528579754755 6.88448743335903 6.64638202264905
7.4689931855537 6.55745108611882 6.52015746757388 7.41090120282024 7.09605700010434 7.09892573999241 7.25025176908821 7.18355356669053 7.16490675741807 7.94161808211356 14.4199996776879 -9999 21.6399995163083 -9999 -9999 10.6899997610599 -9999 -9999 -9999 -9999 -9999 -9999 -9999 -9999 -9999 -9999 -9999 -9999 -9999 -9999 -9999 -9999 -9999 -9999 -9999 -9999 -9999 -9999 -9999 -9999 -9999 -9999 -9999 -9999 -9999 11.8913619800235 8.19502343889326 6.9074373524636 6.94186223112047 6.89309365302324 6.91747794207186 6.96050904039294 6.96409496525303 6.96122622536495 7.06091493647546 7.02864161273465 7.05374308675528 7.06736960122362 7.05517745669931 7.13263343367726 6.6363414330408 6.75969724822789
8.20482496684417 6.70662556029856 6.56964323064312 7.18283638171852 7.62103639962152 7.53497420297936 6.98202458955348 5.58566544903442 7.31910152640194 7.25269019799307 5.78063730642732 8.92559586372226 9.21751564615132 -9999 -9999 -9999 21.4565020677613 14.6714518286288 -9999 -9999 -9999 -9999 -9999 -9999 -9999 -9999 -9999 -9999 -9999 -9999 -9999 -9999 -9999 -9999 -9999 -9999 -9999 -9999 -9999 -9999 -9999 -9999 -9999 -9999 -9999 8.8399998024106 13.1299997065216 8.9522753743513 6.843607889954 6.78981901705265 6.82209234079346 6.89309365302324 6.90098268771544 6.90887172240764 6.94688252592459 6.93684193631634 6.92106386693195 6.88520461833104 7.00927761849016 6.96409496525303 7.07741019083187 6.96050904039294
7.14769431808963 6.9165216954425 7.7838373882696 6.49505599355325 6.59474470466375 7.35209203511477 7.35639514494687 6.27201146725565 7.26244391361251 7.11183506948873 7.02003539307043 8.85485534602776 19.539999563247 7.92145721567795 5.12212489545345 5.03677988378331 7.31121249170974 18.4410939723061 -9999 -9999 -9999 -9999 -9999 -9999 -9999 -9999 -9999 -9999 -9999 -9999 -9999 -9999 -9999 -9999 -9999 -9999 -9999 -9999 -9999 -9999 -9999 -9999 -9999 -9999 -9999 -9999 -9999 -9999 6.97072892624419 6.52840509475209 6.8636890691705 6.78910183208063 6.80201116157696 6.87086091889068 6.74535354878753 6.77547531761229 6.81133456621319 6.79627368180081 6.88807335821912 6.94401378603652 6.38317513791844 6.75539413839579
6.95477156061679 8.18474378762767 7.74152347492054 7.53569138795137 7.47616503527388 6.57968382025138 6.47067170450464 6.82496108068153 7.06880397116765 7.02146976301447 6.57107760058716 6.45417645014822 5.52733440464363 5.86967069795355 5.72981962841004 5.06068604951724 8.51534146486471 -9999 -9999 -9999 -9999 -9999 -9999 -9999 -9999 -9999 -9999 -9999 -9999 -9999 -9999 -9999 -9999 -9999 -9999 -9999 -9999 -9999 -9999 -9999 -9999 -9999 -9999 -9999 -9999 -9999 -9999 -9999 6.64494765270501 6.65498824231327 6.6205633636564 6.64494765270501 6.66933194175363 6.49075288372114 6.76041443319991 6.77834405750036 6.73889888403937 6.90385142760351 6.78192998236045 6.70662556029856 6.52804650226608 6.51800591265783
7.25814080378041 7.3771935091354 8.01835687411949 6.85866877436638 7.2660298384726 6.17734305094928 6.93684193631634 7.24021117947996 7.18713949155062 7.06091493647546 7.0587633815594 6.85006255470216 6.6126743289642 6.39536728244275 6.18021179083735 13.1981639238675 9.48071436068764 -9999 -9999 -9999 -9999 -9999 -9999 -9999 -9999 -9999 -9999 -9999 -9999 -9999 -9999 -9999 -9999 -9999 -9999 -9999 -9999 -9999 -9999 -9999 -9999 -9999 -9999 -9999 -9999 -9999 -9999 -9999 6.63361613014713 6.38747824775055 6.44843897037208 6.47497481433675 6.43624682584777 6.45632800506428 6.57968382025138 6.80057679163292 6.72455518459901 6.65785698220134 6.62701802840456 6.65140231745318 6.71810051985085 6.78049561241642
7.70566422631964 7.73076570034027 7.4331339369528 7.70279548643157 7.21941281529143 7.4252449022606 6.34516433440149 7.38436535885558 7.23232214478776 7.17207860713825 7.23519088467583 7.16418957244605 7.20937222568318 5.55052338540554 7.7159916899167 6.69999985024333 -9999 -9999 -9999 -9999 -9999 -9999 -9999 -9999 -9999 -9999 -9999 -9999 -9999 -9999 -9999 -9999 -9999 -9999 -9999 -9999 -9999 -9999 -9999 -9999 -9999 -9999 -9999 -9999 -9999 -9999 -9999 -9999 14.6998987830943 6.246192808263 6.41473127668723 6.37815484311432 6.46206548484042 6.51513717276976 6.71379741001874 6.69586778571829 6.62486647348851 6.60980558907613 6.62630084343255 6.53450116701424 6.60478529427201 6.41114535182714
7.34850611025468 7.40014342823997 7.65330972336233 8.20482496684417 7.51058991393074 6.84145633503795 6.97270118491724 7.35424359003082 7.23877680953592 7.17207860713825 6.96481215022504 5.37505212891847 5.36082796030678 6.89416943048127 8.76334655582188 -9999 -9999 -9999 -9999 -9999 -9999 -9999 -9999 -9999 -9999 -9999 -9999 -9999 -9999 -9999 -9999 -9999 -9999 -9999 -9999 -9999 -9999 -9999 -9999 -9999 -9999 -9999 -9999 -9999 -9999 -9999 -9999 -9999 -9999 6.58803950423109 6.7998596066609 6.39895320730284 6.37528610322624 6.46565140970051 6.64925076253712 6.61912899371237 6.71092867013067 6.49649036349729 6.54956205142662 6.485015403945 6.34875025926158 6.20387889491394
7.32985930098221 7.58374278107658 8.09796440601349 7.65187535341829 7.21080659562722 6.4570451900363 6.68080690130591 7.27822198299691 7.08601641049609 6.8235267107375 6.28348642680794 6.66180149954744 6.52517776237801 6.75221803351971 10.7186629644129 9.93598506627604 -9999 -9999 -9999 -9999 -9999 -9999 -9999 -9999 -9999 -9999 -9999 -9999 -9999 -9999 -9999 -9999 -9999 -9999 -9999 -9999 -9999 -9999 -9999 -9999 -9999 -9999 -9999 -9999 -9999 -9999 6.82375999578275 6.25221716202796 12.6549997171387 -9999 11.5949583295733 7.82079632049426 5.8797112875618 6.96815901342779 6.34444714942947 6.50222784327343 6.51513717276976 6.52589494735003 6.54812768148258 6.21893977932632 6.38747824775055 6.35090181417763
8.22490614606068 7.8075044923462 7.77594835357741 8.16466260841116 7.11183506948873 6.50724813807756 4.81756034400314 6.9669637051411 7.14482557820156 7.33272804087028 6.48907945211977 6.41042816685513 6.46493422472849 6.74248480889946 7.969960710699 -9999 -9999 -9999 -9999 -9999 -9999 -9999 -9999 -9999 -9999 -9999 -9999 -9999 -9999 -9999 -9999 -9999 -9999 -9999 -9999 -9999 -9999 -9999 -9999 -9999 -9999 -9999 -9999 -9999 -9999 -9999 -9999 10.7599997594953 5.88186284247786 9.86316212291336 8.70332369047145 9.24979215847328 10.0774777959741 6.85006255470216 6.35735647892579 6.35807366389781 6.39823602233082 6.44341867556795 5.86249884823337 5.89692372689024 6.28778953664005 6.3695486234501
8.22490614606068 8.06497389730066 7.50126650929451 7.11111788451672 6.79627368180081 6.44485304551199 6.34444714942947 6.52948087221012 6.58972440985963 6.13646350754425 6.13502913760021 6.47267982242629 6.6284523983486 7.807791366335 13.4599996991456 -9999 -9999 -9999 -9999 -9999 -9999 -9999 -9999 -9999 -9999 -9999 -9999 -9999 -9999 -9999 -9999 -9999 -9999 -9999 -9999 -9999 -9999 -9999 -9999 -9999 -9999 -9999 -9999 -9999 -9999 -9999 -9999 -9999 -9999 -9999 11.1739635729852 9.01524398522452 8.04331491114572 6.5050965831615 6.52948087221012 6.35161899914965 6.25193028803915 6.11279640346766 5.72336496366188 5.86465040314943 6.26627398747951 6.41544846165925
7.96600237116218 6.9389934912324 7.1182897342369 6.7202520747669 6.54597612656653 6.51155124790967 5.97868281370029 5.87684254767373 6.72168644471094 7.69763175463304 6.70088808052242 3.14006469445303 7.58030029321089 7.53382670702413 13.6965404005661 -9999 -9999 -9999 -9999 -9999 -9999 -9999 -9999 -9999 -9999 -9999 -9999 -9999 -9999 -9999 -9999 -9999 -9999 -9999 -9999 -9999 -9999 -9999 -9999 -9999 -9999 -9999 -9999 -9999 -9999 -9999 -9999 -9999 -9999 -9999 -9999 -9999 8.4874433746284 7.18029363499954 6.70303963543847 6.45919674495235 6.22969755390659 6.30285042105243 6.38030639803037 6.30285042105243 6.34014403959736 6.42907497612759
