EcologicalScience/Bass/data/rs_data_bass/sst_183.asc
NCOLS 226 
NROWS 124 
XLLCORNER -9.41648524995501 
YLLCORNER 47.587301625531 
CELLSIZE 0.0833 
NODATA_value -9999 
[rows 0 to 26 of 124, columns 0 to 61 of 226]
-9999.000000000000000 -9999 -9999 -9999 -9999 -9999 -9999 -9999 -9999 -9999 -9999 -9999 -9999 -9999 -9999 -9999 -9999 -9999 -9999 -9999 -9999 -9999 -9999 -9999 -9999 -9999 -9999 -9999 -9999 -9999 -9999 -9999 -9999 -9999 -9999 -9999 -9999 -9999 -9999 -9999 -9999 -9999 -9999 -9999 -9999 -9999 -9999 -9999 -9999 -9999 -9999 -9999 -9999 -9999 -9999 -9999 -9999 -9999 -9999 -9999 -9999 -9999
-9999 -9999 -9999 -9999 -9999 -9999 -9999 -9999 -9999 -9999 -9999 -9999 -9999 -9999 -9999 -9999 -9999 -9999 -9999 -9999 -9999 -9999 -9999 -9999 -9999 -9999 -9999 -9999 -9999 -9999 -9999 -9999 -9999 -9999 -9999 -9999 -9999 -9999 -9999 -9999 -9999 -9999 -9999 -9999 -9999 -9999 -9999 -9999 -9999 -9999 -9999 -9999 -9999 -9999 -9999 -9999 -9999 -9999 -9999 -9999 -9999 -9999
-9999 -9999 -9999 -9999 -9999 -9999 -9999 -9999 -9999 -9999 -9999 -9999 -9999 -9999 -9999 -9999 -9999 -9999 -9999 -9999 -9999 -9999 -9999 -9999 -9999 -9999 -9999 -9999 -9999 -9999 -9999 -9999 -9999 -9999 -9999 -9999 -9999 -9999 -9999 -9999 -9999 -9999 -9999 -9999 -9999 -9999 -9999 -9999 -9999 -9999 -9999 -9999 -9999 -9999 -9999 -9999 -9999 -9999 -9999 -9999 -9999 -9999
-9999 -9999 -9999 -9999 -9999 -9999 -9999 -9999 -9999 -9999 -9999 -9999 -9999 -9999 -9999 -9999 -9999 -9999 -9999 -9999 -9999 -9999 -9999 -9999 -9999 -9999 -9999 -9999 -9999 -9999 -9999 -9999 -9999 -9999 -9999 -9999 -9999 -9999 -9999 -9999 -9999 -9999 -9999 -9999 -9999 -9999 -9999 -9999 -9999 -9999 -9999 -9999 -9999 -9999 -9999 -9999 -9999 -9999 -9999 -9999 -9999 -9999
-9999 -9999 -9999 -9999 -9999 -9999 -9999 -9999 -9999 -9999 -9999 -9999 -9999 -9999 -9999 -9999 -9999 -9999 -9999 -9999 -9999 -9999 -9999 -9999 -9999 -9999 -9999 -9999 -9999 -9999 -9999 -9999 -9999 -9999 -9999 -9999 -9999 -9999 -9999 -9999 -9999 -9999 -9999 -9999 -9999 -9999 -9999 -9999 -9999 -9999 -9999 -9999 -9999 -9999 -9999 -9999 -9999 -9999 -9999 -9999 -9999 -9999
-9999 -9999 -9999 -9999 -9999 10.3087588007562 10.0781121137552 10.3999687917531 10.3205206342973 10.4107425037771 10.3659901615232 9.7675710208714 9.90240179561079 9.94184696907178 10.1380482864167 9.69011504389346 10.2351756226271 9.88016906147823 9.69513533869758 9.80773337930441 8.57489241240546 9.62640511221252 9.55671863909811 9.76864679832943 10.8158406605638 8.96639571990818 10.4366394011304 9.86152225220576 9.77330850064754 9.20529800280929 9.97985777258873 11.493790424458 11.8463087733835 12.3186331954988 12.3249997245148 7.31151014695202 10.1248467082433 12.2299997266382 9.98499977681786 9.55675449834671 11.1933347452432 5.56056397501379 5.53767382132355 9.59499978553504 -9999 -9999 -9999 -9999 -9999 -9999 -9999 -9999 -9999 -9999 -9999 -9999 -9999 -9999 -9999 -9999 -9999 -9999
-9999 -9999 -9999 -9999 -9999 10.5249183513224 9.36666462151334 10.2434949683025 10.0668762158602 10.0004170751199 9.95045318873599 10.0608996744268 10.1716330341063 10.3248237441294 10.328320020868 10.3580831972067 10.1812273752876 10.1575762086548 10.1155850285431 9.86071541911224 9.84871537770544 9.76480473597933 9.78890727378894 10.135630348511 11.4840337205678 9.86371863118256 9.99115343589801 10.0537278247066 10.0078279864974 9.98989836219698 10.1354869115166 9.33357165780451 12.1577094709501 11.3864965643734 11.6990457751788 11.2333957623215 12.0099997315556 -9999 8.76510319150984 10.3001032746251 11.0899907042753 5.20688932881291 4.57005981015973 9.87726772227325 11.062336427698 11.2031902548587 10.9449997553602 -9999 -9999 -9999 -9999 -9999 -9999 -9999 -9999 -9999 -9999 -9999 -9999 -9999 -9999 -9999
-9999 -9999 -9999 -9999 -9999 9.58325448306277 10.550019825343 10.3096194227226 9.47403745732403 9.69312722077593 9.72525710752234 10.0189443535637 9.89953305572271 10.1170791639015 10.1981509484467 10.2181424795417 10.1911404653452 10.1689077312127 10.1261635068804 9.92162235286087 9.9266964365379 9.80217519577127 9.80710584245389 9.91798861566931 12.257784563194 10.8111776101536 10.1812971016043 9.57464826339856 9.47495955228806 10.0451216050424 10.0422528651543 9.97519607027061 9.91280097770505 9.22107607219368 10.8131512169187 12.7839584731827 9.54312987120724 12.3099997248501 12.0549997305498 8.61961867520586 9.51091442555189 10.072016041493 4.7202383433003 5.12642800528556 9.85003099299502 12.1599997282028 -9999 -9999 -9999 -9999 -9999 -9999 -9999 -9999 -9999 -9999 -9999 -9999 -9999 -9999 -9999 -9999
-9999 -9999 -9999 -9999 -9999 10.1648914953694 9.49002043670043 10.3189428273588 9.97172967623919 10.0326903988607 10.2441404347774 10.2502365070395 9.68366037914529 9.52014220552519 10.183251430653 9.97806481015868 10.2172459983267 10.1756492699496 10.1776573878713 10.0167210801505 9.82250738972798 9.5165562806651 9.61653186576441 10.3175009080993 12.3099154504016 10.32907904163 10.3587704994716 10.0802636686713 10.1799523797818 10.1548509057611 9.88518935628235 9.92929623206146 9.94399852398783 9.84968870016746 10.3903565209475 9.55026397434995 12.1349986135028 9.54441520725056 12.8692784535424 12.7363216214699 10.2597989733331 11.4617007347725 9.74720296766609 7.1513857938187 9.33061412358657 9.54041463406756 9.33499979134649 -9999 -9999 -9999 -9999 -9999 -9999 -9999 -9999 -9999 -9999 -9999 -9999 -9999 -9999 -9999
-9999 -9999 -9999 -9999 -9999 10.5766208679415 10.6004835679196 10.4058656459674 9.98057495756075 10.11002684501 10.1799523797818 10.2140186659526 10.2036194838583 9.55384989921004 10.0652027842589 10.2135166364722 10.2320678210817 9.86510817706585 9.96981718298048 9.72334461426362 9.32506789313629 9.22322762710974 9.20529800280929 9.18671639217064 9.20061742720243 8.72621844150126 10.070223079063 10.0221716859378 9.97196873789653 10.0903042582795 9.94471570895985 10.0257576107979 10.1015401561745 10.1813867497258 10.0662785617169 9.64493239065632 9.31502730352804 9.43869048370314 9.94160790741444 7.06710880668834 11.8459730697796 12.6281043190918 11.1208637916773 12.5478889423933 12.100588371274 12.8202241897215 12.0949997296557 -9999 -9999 -9999 -9999 -9999 -9999 -9999 -9999 -9999 -9999 -9999 -9999 -9999 -9999 -9999
-9999 -9999 -9999 -9999 -9999 10.8749046176672 10.6394886506023 10.3431119609158 10.3373744811397 10.2531052469276 10.190351561876 10.1591540155932 10.1792351948097 10.2025437064003 10.0601824894547 10.0623340443708 9.75059764320031 9.79840997466817 9.77474287059158 9.60381378559396 9.79711904171854 9.45918148290366 9.36933776549995 9.24345224332064 8.06031219498254 10.2100741486065 10.0870769259054 10.0472731599584 10.1795937872957 10.0942487756256 9.99778739688918 10.2103132102638 10.096280799713 10.0845667785034 10.4287052289225 10.2970742025198 9.54022338474169 9.11585479129904 9.91756513501917 10.1257536868964 9.67704633995891 9.72396617457271 10.4101687557995 12.4736123752913 12.3873306322292 12.039999730885 -9999 -9999 -9999 -9999 -9999 -9999 -9999 -9999 -9999 -9999 -9999 -9999 -9999 -9999 -9999 -9999
-9999 -9999 -9999 -9999 -9999 10.3596072152723 10.1957304491661 10.1168401022442 10.2043366688304 10.1476790560409 9.50006102630869 10.2326654752251 10.2513122844975 10.2551133648492 10.2165288133547 10.134913163539 9.98745993329212 9.75609606131911 9.73481957381591 9.87242346378043 10.0063936165534 9.6440717686899 9.16828328953125 9.58531638985733 9.8550675874576 9.80988493422046 9.80271308450028 9.9827265124768 10.2222662931308 9.28741568210535 10.1272905118364 10.1388935401337 10.0718965106644 10.1295103700832 9.90264085726812 10.0046518816214 10.2516331304061 9.37469709319994 9.34400157639757 9.70105211471673 9.30032501160167 9.82279426371679 11.999820813777 11.6049989191815 11.0285256386735 13.1915508872799 12.2549997260794 -9999 -9999 -9999 -9999 -9999 -9999 -9999 -9999 -9999 -9999 -9999 -9999 -9999 -9999 -9999
-9999 -9999 -9999 -9999 -9999 10.1326181716286 9.96121096331626 9.87299721175805 9.94328133901581 10.030777905602 10.2502365070395 10.229079550365 10.2007507439703 10.0442609830759 10.09259925019 10.0917386282235 10.0746696258895 9.69178847549483 9.6442152056843 10.1448103161529 10.0063936165534 9.88346811234951 9.61247977067251 9.53376871999353 9.6399120958522 9.56532485876232 10.2391201399732 10.2150944434106 10.4708605340566 10.3370158886537 9.92965482454747 9.98487806739286 10.13787752809 9.96790468972176 9.23470258666202 9.18234808370471 9.11780143622309 9.52331831040127 8.51242182668495 9.68473615660332 9.9346751193516 10.3698271011235 10.5058412310667 11.1570359316594 11.1134746860822 12.1299997288734 -9999 -9999 -9999 -9999 -9999 -9999 -9999 -9999 -9999 -9999 -9999 -9999 -9999 -9999 -9999 -9999
-9999 -9999 -9999 -9999 -9999 10.0365153853782 9.96981718298048 9.99922176683322 9.93754385923967 10.1225775820203 10.0960417380556 10.1950132641941 9.95977659337223 10.1333353566006 10.2053407277912 9.31837416673079 9.6891587972641 9.62771995132789 9.92119204187766 9.95977659337223 10.0522934547625 10.2602770966478 10.0652027842589 9.82422863366082 10.2125842960086 10.070581671549 10.0271919807419 10.0178685761057 9.85435040248558 9.62269965652376 9.42188786435872 9.42260504933074 9.98057495756075 10.2150944434106 9.3451490723528 9.32506789313629 9.19023711839691 9.16513564437628 9.14505446515977 9.30498671391979 10.4247813996044 7.45111872932802 9.9220172703 13.3656864035071 11.8749997345731 -9999 -9999 -9999 -9999 -9999 -9999 -9999 -9999 -9999 -9999 -9999 -9999 -9999 -9999 -9999 -9999 -9999
-9999 -9999 -9999 -9999 -9999 10.1792351948097 9.93682667426765 9.88088624645025 9.92033141991124 9.90670490544289 9.94471570895985 10.0236060558818 9.96049377834424 10.148396241013 10.270317686256 10.028626350686 9.8751487666741 9.85148166259751 9.80629900936037 9.83857233310118 10.1584368306212 10.0852839634754 10.1634571254253 10.0049592466094 10.2825098307803 10.2351756226271 10.0232474633958 10.0582102307817 10.3616392393596 10.4596545188688 9.60261847730726 9.57966855820268 10.0915593319805 10.0934120598249 10.1396107251057 9.74701171834022 9.27988523989916 10.2912953466875 12.3170963603043 12.5656968765985 12.6088033950167 10.1416068899445 12.5859624709816 12.8623301937771 12.8022582574687 11.8151722242804 -9999 -9999 -9999 -9999 -9999 -9999 -9999 -9999 -9999 -9999 -9999 -9999 -9999 -9999 -9999 -9999
-9999 -9999 -9999 -9999 -9999 10.1125369924121 9.98559525236487 9.79123812494799 9.70876185316592 9.96192814828828 9.83283485332504 9.91459394013509 10.1957304491661 10.2581255417317 10.2115085185505 9.78119753533974 9.8629566221498 9.98200932750478 10.1448103161529 10.2072054087184 10.1627399404533 10.18999296939 10.2237006630749 10.270317686256 10.1577196456492 10.188917191932 10.3272143607028 9.57966855820268 9.96641055436339 9.93682667426765 10.0101588376565 10.1809086264111 10.1801914414391 10.0476643517613 10.5697872361343 10.1453225911329 10.4016521842568 9.20744955772534 9.81123492946191 12.4506740987999 11.9494270019932 12.357295436319 12.2362895463593 -9999 -9999 -9999 -9999 13.2249997043982 13.2249997043982 -9999 -9999 -9999 -9999 -9999 -9999 -9999 -9999 -9999 -9999 -9999 -9999 -9999
-9999 -9999 -9999 -9999 -9999 10.2222662931308 10.1942960792221 9.8751487666741 9.79052093997598 9.63632617099211 9.77761161047965 10.4797356980853 10.3800469869748 10.3807641719468 10.3133487845771 10.1225775820203 9.8270973735489 9.81777396891266 9.94375946233049 10.0250404258259 10.1964476341382 10.2193975532427 9.97340310784057 9.5603045639582 10.4503311142325 10.1964476341382 10.296375406906 9.48500014189631 9.92343922145665 9.76595735468436 9.96318322198931 11.2194689656235 9.32506789313629 9.34371470240876 9.8550675874576 9.47997984709218 10.8651509020478 10.1125369924121 11.9601847765734 -9999 -9999 -9999 -9999 -9999 -9999 -9999 -9999 -9999 -9999 -9999 -9999 -9999 -9999 -9999 -9999 -9999 -9999 -9999 -9999 -9999 -9999 -9999
-9999 -9999 -9999 -9999 -9999 10.0149998362176 10.1003448478878 9.81275367410854 10.1356662077596 10.2349963263841 10.1954913875088 10.1598712005652 10.3943906864151 10.3413189984858 10.2602770966478 10.2172459983267 10.1240119519643 10.1333353566006 10.0360850743949 10.2387615474872 10.2222662931308 10.2029022988863 9.78263190528378 9.75824761623517 9.73458051215857 9.47711110720411 9.3573412168771 9.49504073150456 9.71975868940353 12.2118910880028 10.489686639572 10.5205255933688 9.52587968530133 9.26410717051476 8.84813988674432 9.92642749217339 10.7042145943269 12.2095858505927 12.5039787141065 12.5226783852559 11.6199997402728 -9999 -9999 -9999 -9999 -9999 -9999 -9999 -9999 -9999 -9999 -9999 -9999 -9999 -9999 -9999 -9999 -9999 -9999 -9999 -9999 -9999
-9999 -9999 -9999 -9999 -9999 10.5392620507628 9.9827265124768 10.2990050851367 10.1304666167125 10.2674489463679 10.390087576583 10.34992521815 10.2652973914519 10.2896816805005 10.2846613856964 10.1706289751455 10.2466505821794 10.1749320849776 10.028626350686 10.1075166976079 10.0185857610777 9.85219884756953 9.81992552382872 9.71091340808198 9.86797691695392 9.61122469697148 9.5244453153573 9.59472944261506 9.84502699784935 10.0812199153006 10.1060823276639 9.38244269089773 10.4697847565985 9.950811781222 10.0417747418396 9.81896927719936 9.88949246611446 9.83391063078307 12.6840384120813 9.60325812876879 13.4757112544717 14.0299996864051 12.6457037185769 12.2182627983848 10.1333353566006 12.6799997165799 -9999 -9999 -9999 -9999 -9999 -9999 -9999 -9999 -9999 -9999 -9999 -9999 -9999 -9999 -9999 -9999
-9999 -9999 -9999 -9999 -9999 10.389011799125 10.4887005102355 10.3458611699753 10.1529384125024 10.50985746691 10.3994109812193 10.3750266921706 10.2631458365358 10.2789239059202 10.2997222701088 10.2896816805005 10.2602770966478 10.2767723510042 9.90562912798487 9.55098115932196 9.74964139657095 9.62341684149578 9.66214482998475 9.7596819861792 9.72597429249436 9.54596086451784 9.52659687027335 10.1574805839919 10.3700063973665 10.2076835320331 10.2105522719212 10.2067272854038 10.271393463714 9.43766593374312 10.150547795929 10.5357956567314 12.505094746463 12.3182824049518 12.2701879807282 10.7500119775401 9.18736837850884 9.19023711839691 9.4247566042468 9.18521682359278 10.367406601843 13.0304110822925 13.4549996992573 -9999 -9999 -9999 -9999 -9999 -9999 -9999 -9999 -9999 -9999 -9999 -9999 -9999 -9999 -9999
-9999 -9999 -9999 -9999 -9999 10.7654143786058 10.5120090218261 10.0185857610777 9.48715169681236 9.32506789313629 10.2997222701088 10.1397900213487 10.2674489463679 10.3176518944092 9.78908657003194 9.77904598042369 10.0487075299025 10.2387615474872 10.2767723510042 9.67361978953704 9.62126528657973 9.68366037914529 9.75609606131911 9.74390391679481 9.68294319417328 9.56604204373434 9.81992552382872 9.70732748322189 10.2846613856964 10.2502365070395 10.2552568018436 9.58397166803479 9.49575791647658 9.36092714173719 10.2932676053606 10.4109755888931 10.1295103700832 10.1856898595579 9.11851862119511 9.06975004309788 9.30283515900373 9.29924923414364 9.19740896811709 9.4952797931619 13.3706916415696 12.8370491436754 -9999 -9999 -9999 -9999 -9999 -9999 -9999 -9999 -9999 -9999 -9999 -9999 -9999 -9999 -9999 -9999
-9999 -9999 -9999 -9999 -9999 9.99635302694514 10.613371164538 10.4104078174569 10.3445463308599 9.64511168689933 10.4735499777016 9.55528426915407 10.2846613856964 10.2609942816198 10.1519821658731 10.228003772907 10.1225775820203 10.0673543391749 9.73242895724252 9.86510817706585 10.0773949287832 10.2039780763444 9.58899196283892 9.78478346019983 9.63489180104807 10.0917386282235 10.0591067119967 10.3284096689895 10.4252296402119 10.2825098307803 9.62771995132789 9.51153598586097 9.47495955228806 9.39535202039406 10.2470091746654 10.2165288133547 9.17517623398453 10.2577669492457 10.0678922279039 8.93778800824657 9.3652302515693 9.31933041336015 9.99993895180523 9.21820733230561 11.1689504561946 8.84289311247535 10.6216279863953 -9999 -9999 8.72463038906322 8.68499980587512 -9999 -9999 -9999 10.9150669761002 -9999 -9999 -9999 -9999 -9999 -9999 -9999
-9999 -9999 -9999 -9999 -9999 10.9365825252607 10.5815759641118 10.5155949466862 9.70033492974471 9.82494581863284 10.2767723510042 10.271034871228 10.2222662931308 10.3004394550808 9.93610948929563 9.89379557594657 9.77187413070351 9.70015563350171 9.77976316539571 9.96479688817635 10.3515986497514 9.61983091663569 9.53520308993757 9.53018279513344 9.95117037370801 10.0013733217493 9.84144107298926 10.506988727022 9.96479688817635 9.61050751199946 9.51440472574905 9.47567673726007 9.28347116475925 9.28131960984319 10.2918332354166 10.3520767730661 10.2853785706684 9.61882685767487 8.63011565525085 8.72334970161319 8.94782859785482 10.5001754697878 8.8795124039632 12.2568097225963 9.80032246792689 7.76845051068813 11.2048097047955 7.79069546956453 8.70115282672923 9.06566208875738 9.06499979738146 -9999 -9999 9.89845139969934 9.87212718408708 -9999 -9999 -9999 -9999 -9999 -9999 -9999
-9999 -9999 -9999 -9999 -9999 10.8498031436466 10.9136326061562 10.9007232766598 10.7572862822562 10.1670430502854 10.2731864261441 10.4151890506037 10.2000335589983 10.2409131024033 10.2122257035226 9.60190129233524 9.77259131567553 9.72669147746637 10.4146511618746 10.4132765573449 10.4237952702679 10.1950132641941 10.0874355183914 10.1389931491576 10.1462446860969 10.2767723510042 9.78406627522781 10.3503734587575 9.58468885300681 9.58253729809076 9.51368754077703 9.34371470240876 9.36092714173719 9.27127902023494 10.3696478048805 10.310838637175 9.12497328594327 9.23470258666202 8.57919552223757 8.61577195581049 8.84527114685625 9.66088975628372 10.3623781572096 8.6600939870812 8.55395061122254 9.51609341660514 8.04999982006848 12.569234192255 12.2170297359919 10.3636148212504 7.60673534361193 7.95194925528806 7.82499982509762 11.900786492641 10.6425366867334 -9999 -9999 -9999 -9999 -9999 -9999 -9999
-9999 -9999 -9999 -9999 -9999 10.6052430681884 10.6701483081561 10.2997222701088 10.4431592645124 10.827570409514 10.7372051030397 10.2925504203886 10.1319009866565 10.0680715241469 10.1828211196698 10.1146885473281 9.90025024069473 9.88949246611446 10.0149998362176 10.4596545188688 10.5310144235846 10.4051484609954 10.4248710477259 10.6203039526008 10.7049317792989 9.04895167890936 10.5701010045595 10.2203836825793 10.2068468162324 10.1950132641941 9.39822076028213 9.20314644789323 9.2777336849831 9.32004759833217 10.3581728453282 9.2296822918579 9.26984465029091 11.2299866719711 8.31836532815857 8.60334074962884 13.0752409953808 12.8400309099703 11.0670346970131 10.6156422502827 12.444491512966 9.06211501141661 9.48999978788197 9.766935594899 7.68486586213112 12.8019968751818 8.9004346242873 9.48093738594671 12.192620716427 8.50519890806583 10.6080805770166 -9999 -9999 -9999 -9999 -9999 -9999 -9999
-9999 -9999 -9999 -9999 -9999 9.90025024069473 9.98416088242084 10.0114139113575 10.350642403122 10.7623065770604 10.0974761079997 10.0788292987272 10.3398846285418 10.3685720274225 10.2437818422914 9.85865351231769 9.92893763957545 9.82351144868881 9.78980375500396 10.0745261888951 10.6009399583563 10.6145664728247 10.5198980565183 10.587313443888 10.5952024785802 10.4646748136729 10.4029969060794 10.1727805300616 10.1652500878554 9.76852726750076 9.18521682359278 9.26123843062669 9.23972288146615 10.2154530358966 9.37772976108161 8.596228665323 8.77087927198098 8.50718285990226 7.8349998248741 9.9504259045251 12.146989946235 10.3119144146331 9.29494612431154 10.3721579522826 9.55965257762 12.05284278607 8.5353277081158 8.44499981123954 11.2701595994458 8.14027831936255 9.55671863909811 7.51011179061607 10.9190894483346 8.29734182823449 12.1565428500623 10.5249997647479 -9999 -9999 -9999 -9999 -9999 -9999
-9999 -9999 -9999 -9999 -9999 10.6005813658703 10.0573137495667 9.88375498633832 10.2947019753046 10.7350535481237 10.66620379081 10.3635517326184 10.3836329118349 10.5751212993637 10.5449995305389 9.58468885300681 10.6497085364535 10.0401013102382 10.7038560018409 10.6116977329366 10.5650807097554 10.4596545188688 10.4592959263828 10.4998168773018 10.3527939580381 10.3456221083179 10.0938901831396 8.39021728211083 9.60883408039808 9.68318225583062 10.0121310963295 10.1756492699496 10.1412243912928 10.189634376904 11.1486780276522 13.2545858278205 12.685481110625 12.4660622302013 -9999 10.0902584805153 9.47926266212016 9.56173893390223 9.45487837307155 8.78441287923072 10.7576448747423 13.205299386289 -9999 9.19592678584158 9.36379588162526 9.92237263867775 9.98995353027175 9.80547936939235 10.1235706073662 9.97942746160552 11.3649997459725 -9999 -9999 -9999 -9999 -9999 -9999 -9999
