EcologicalScience/Bass/data/rs_data_bass/sst_184.asc
NCOLS 226 
NROWS 124 
XLLCORNER -9.41648524995501 
YLLCORNER 47.587301625531 
CELLSIZE 0.0833 
NODATA_value -9999 
[rows 54 to 80 of 124, columns 0 to 61 of 226]
-9999 -9999 -9999 -9999 -9999 -9999 -9999 -9999 -9999 -9999 -9999 -9999 -9999 -9999 -9999 -9999 -9999 -9999 -9999 -9999 -9999 -9999 -9999 -9999 -9999 -9999 -9999 -9999 -9999 -9999 -9999 -9999 -9999 -9999 -9999 -9999 -9999 -9999 9.68592823432708 7.31003891630098 8.30021056812257 10.1125369924121 10.430249935016 10.50985746691 10.6601077185478 10.6418195017613 10.6715826781001 10.6439710566774 10.9107638662681 10.9839167334139 10.9509262247011 10.788125236053 10.8207571522798 10.6193477059714 7.86918239993975 9.6028575389646 8.39774772431701 8.28012938890606 10.8271400985308 12.2346114100433 -9999 10.4268074471503
-9999 -9999 -9999 -9999 -9999 -9999 -9999 -9999 -9999 -9999 -9999 -9999 -9999 -9999 -9999 -9999 -9999 -9999 -9999 -9999 -9999 -9999 -9999 -9999 -9999 -9999 -9999 -9999 -9999 -9999 -9999 -9999 -9999 -9999 -9999 -9999 -9999 -9999 13.1899997051805 8.2098452616483 9.96981718298048 9.70481733581983 10.6783959353343 10.6597491260618 10.748680062592 10.8627124731429 10.9996948027983 10.9337137853727 10.9559465195052 11.0481047884095 10.7450941377319 10.7275231059175 10.6066774381325 10.6561632012017 9.80892868759111 9.78956469334662 9.92535171471536 10.3934127069078 5.91549837987329 13.6649996945634 -9999 15.5349996527657
-9999 -9999 -9999 -9999 -9999 -9999 -9999 -9999 -9999 -9999 -9999 -9999 -9999 -9999 -9999 -9999 -9999 -9999 -9999 -9999 -9999 -9999 -9999 -9999 -9999 -9999 -9999 -9999 -9999 -9999 -9999 -9999 -9999 -9999 -9999 -9999 -9999 -9999 -9999 10.4392303381439 10.1046479577199 10.388653206639 10.4610888888128 10.707083334215 10.7565690972842 10.9552293345332 10.9100466812961 10.9200872709043 10.8835108373314 11.0434430860914 10.8247016696259 10.7350535481237 10.6497085364535 10.3341471487656 10.2246569097042 9.57895137323067 9.42368082678877 9.99784716230351 12.3049402699158 6.02808201996256 -9999 -9999
-9999 -9999 -9999 -9999 -9999 -9999 -9999 -9999 -9999 -9999 -9999 -9999 -9999 -9999 -9999 -9999 -9999 -9999 -9999 -9999 -9999 -9999 -9999 -9999 -9999 -9999 -9999 -9999 -9999 -9999 -9999 -9999 -9999 -9999 -9999 -9999 -9999 -9999 -9999 13.8199996910989 9.82996611343697 10.3018738250248 10.4094515708275 10.4847559928894 10.5937681086361 10.787408051081 10.8053376753815 10.8125095251016 10.9430371900089 10.828287594486 10.5521713802591 10.6195867676288 10.5650807097554 10.4718466633931 10.4073000159115 10.6748100104742 9.72669147746637 10.2159909246257 10.2938054940896 7.09878230299801 13.4311567679314 -9999
-9999 -9999 -9999 -9999 -9999 -9999 -9999 -9999 -9999 -9999 -9999 -9999 -9999 -9999 -9999 -9999 -9999 -9999 -9999 -9999 -9999 -9999 -9999 -9999 -9999 -9999 -9999 -9999 -9999 -9999 -9999 -9999 -9999 -9999 -9999 -9999 -9999 -9999 -9999 -9999 8.35352131770924 7.17745749442838 10.2459333972074 10.4610888888128 10.6109805479646 10.5371104958467 10.8749046176672 10.7981658256613 10.7429425828159 10.7515488024801 10.589464998804 10.4625232587568 10.4775841431692 10.5134433917701 10.4553514090367 10.4582201489247 10.3444268000312 9.58755759289488 10.2872910639271 8.68677326804027 10.467543553561 10.8499997574836
-9999 -9999 -9999 -9999 -9999 -9999 -9999 -9999 -9999 -9999 -9999 -9999 -9999 -9999 -9999 -9999 -9999 -9999 -9999 -9999 -9999 -9999 -9999 -9999 -9999 -9999 -9999 -9999 -9999 -9999 -9999 -9999 -9999 -9999 -9999 -9999 -9999 -9999 -9999 -9999 11.8026925158161 7.98201950220391 9.91244238521904 10.4051484609954 10.4833216229454 10.2667317613959 10.1799523797818 10.5127262067981 10.3972594263032 10.3606829927303 10.5048371721059 10.5249183513224 10.8313953960314 10.827570409514 10.7202317253686 10.7391175962985 10.6773201578762 9.83344958330106 10.9985677978423 10.2673645716654 -9999 -9999
-9999 -9999 -9999 -9999 -9999 -9999 -9999 -9999 -9999 -9999 -9999 -9999 -9999 -9999 -9999 -9999 -9999 -9999 -9999 -9999 -9999 -9999 -9999 -9999 -9999 -9999 -9999 -9999 -9999 -9999 -9999 -9999 -9999 -9999 -9999 -9999 -9999 -9999 -9999 8.23128112358972 7.98450574344024 9.92033141991124 9.35495060030371 9.25334939593449 10.2540017281426 10.2328447714681 10.3753852846567 10.4202093454078 10.4151890506037 10.1742149000056 10.3800469869748 11.0843226294965 10.973398020491 10.8913998720236 10.9169316570275 10.4546342240646 10.5956806018949 14.7999996691942 12.0356699242431 10.1991114640342 7.89858698379248 7.87539800303057
-9999 -9999 -9999 -9999 -9999 -9999 -9999 -9999 -9999 -9999 -9999 -9999 -9999 -9999 -9999 -9999 -9999 -9999 -9999 -9999 -9999 -9999 -9999 -9999 -9999 -9999 -9999 -9999 -9999 -9999 -9999 -9999 -9999 -9999 -9999 -9999 -9999 -9999 -9999 8.54548782855272 10.0809808536433 10.2021851139143 9.23661507992074 9.75788902374916 10.0061545548961 10.6647694208659 10.6798303052783 10.4729224408511 10.7670878102072 10.8318735193461 10.8780124192126 10.985351103358 10.3750266921706 10.3298440389335 10.5987884034403 10.3701856936095 10.6458835499361 9.73637347458862 9.911008015275 7.65844954899512 7.88854639418423 7.8063091840595
-9999 -9999 -9999 -9999 -9999 -9999 -9999 -9999 -9999 -9999 -9999 -9999 -9999 -9999 -9999 -9999 -9999 -9999 -9999 -9999 -9999 -9999 -9999 -9999 -9999 -9999 -9999 -9999 -9999 -9999 -9999 -9999 -9999 -9999 -9999 -9999 -9999 -9999 12.3307614234649 10.7838221262209 9.92965482454747 9.99993895180523 10.1448103161529 10.1935788942501 10.7300332533196 10.8196813748218 10.8612781031989 10.9803308085538 10.8835108373314 10.8878139471635 10.5249183513224 10.307611304801 10.151264980901 10.2531052469276 10.1046479577199 10.4474623743445 10.2247047220357 10.2342193759978 9.79338967986405 8.40587582066655 8.44030069932342 7.54788353247568
-9999 -9999 -9999 -9999 -9999 -9999 -9999 -9999 -9999 -9999 -9999 -9999 -9999 -9999 -9999 -9999 -9999 -9999 -9999 -9999 -9999 -9999 -9999 -9999 -9999 -9999 -9999 -9999 -9999 -9999 -9999 -9999 -9999 -9999 -9999 -9999 -9999 -9999 11.6186254336499 9.24890284910798 10.1035721802618 10.0135654662736 10.5034028021619 10.6131321028806 10.2265694029629 10.749397247564 10.5237230430357 10.6604663110338 10.7210684411693 11.2103081229143 10.7501144325361 10.5127262067981 10.3248237441294 9.81490522902459 10.3437096150592 9.94495477061719 10.1304666167125 10.1953718566801 8.71058380911127 8.66334522562101 8.04298022482544 7.82017476018518
-9999 -9999 -9999 -9999 -9999 -9999 -9999 -9999 -9999 -9999 -9999 -9999 -9999 -9999 -9999 -9999 -9999 -9999 -9999 -9999 -9999 -9999 -9999 -9999 -9999 -9999 -9999 -9999 -9999 -9999 -9999 -9999 -9999 -9999 -9999 -9999 -9999 13.8401776029728 8.79327523638494 9.2418744363822 9.65353861032054 10.0110553188715 10.4392147471663 10.626041432377 10.666920975782 10.9821237709839 10.786690866109 10.4888200410642 10.2753379810601 11.0283822016791 11.1469567837194 10.50985746691 10.069864486577 10.4105273482855 10.1541337207891 9.2576525057666 10.8013931580354 7.7771436618641 8.10991748888046 8.1156549686566 7.9351634173654 7.18498793663457
-9999 -9999 -9999 -9999 -9999 -9999 -9999 -9999 -9999 -9999 -9999 -9999 -9999 -9999 -9999 -9999 -9999 -9999 -9999 -9999 -9999 -9999 -9999 -9999 -9999 -9999 -9999 -9999 -9999 -9999 -9999 -9999 -9999 -9999 -9999 -9999 -9999 9.48657794883475 9.90060883318074 9.73924221447669 9.76541946595535 10.0038834691513 10.3423947759438 10.4026383135933 10.589464998804 11.184011340607 11.2198705892079 10.8837498989888 10.7519073949661 10.6608249035198 10.6722998630721 10.7407910278998 10.3095237980597 9.76470228098333 10.0879136417061 9.94495477061719 8.91531621245667 8.66131320153363 8.09676909772679 7.38245286559686 7.49672433780506 7.24487288179807
-9999 -9999 -9999 -9999 -9999 -9999 -9999 -9999 -9999 -9999 -9999 -9999 -9999 -9999 -9999 -9999 -9999 -9999 -9999 -9999 -9999 -9999 -9999 -9999 -9999 -9999 -9999 -9999 -9999 -9999 -9999 -9999 -9999 -9999 -9999 13.0834061613501 12.7956496253128 10.588747813832 10.4837314429294 10.149830610957 10.230872512795 10.3273338915315 10.4481795593165 10.7142551839352 10.7942213083152 10.8524328218773 11.0957975890487 10.9735175513197 11.0538422681857 10.9677800715435 10.8530304760206 10.6891537099145 10.4813135050237 9.58173046499724 10.7054099026136 8.85997343878262 8.2433138936758 8.04895676625893 7.07741019083187 6.8424125816673 8.31004624773881 8.27982202391805
-9999 -9999 -9999 -9999 -9999 -9999 -9999 -9999 -9999 -9999 -9999 -9999 -9999 -9999 -9999 -9999 -9999 -9999 -9999 -9999 -9999 -9999 -9999 -9999 -9999 -9999 -9999 -9999 -9999 -9999 -9999 -9999 -9999 -9999 -9999 9.44041514280252 9.82078614579514 8.87682728562504 8.87051605787128 10.0784707062412 10.2993636776228 10.5715353745036 10.5672322646715 10.9663457015995 11.0724890774582 11.0825296670664 11.0749992248602 8.2657856894657 10.9000060916878 11.3372840146268 10.8580507708248 10.2404349790886 9.9559516068548 9.31976072434336 8.94244971056469 8.81263923062943 8.41460157115944 7.99935147236101 8.06808169884607 8.07011372293346 8.02768027875572 7.61936296802014
-9999 -9999 -9999 -9999 -9999 -9999 -9999 -9999 -9999 -9999 -9999 -9999 -9999 -9999 -9999 -9999 -9999 -9999 -9999 -9999 -9999 -9999 -9999 -9999 -9999 -9999 -9999 -9999 6.78445678405747 8.65755741707491 13.4136234305128 8.14013488236815 9.8471785527654 11.1097284284117 14.651600680314 10.3343126529899 10.5252530376427 11.1957253618166 10.5061281050555 10.2782067209482 10.5952024785802 10.5693838195875 10.9025162390899 10.9437543749809 11.1560411266983 11.0814538896084 10.6963255596347 11.4393291906454 10.695130251348 10.4237952702679 10.3287682614755 10.0013733217493 9.75609606131911 9.59712005918846 8.91483808914199 8.68486077478155 8.52576524182223 8.11517684534192 8.33606981672347 8.22418896108866 8.10704874899238 10.468465648525
-9999 -9999 -9999 -9999 -9999 -9999 -9999 -9999 -9999 -9999 -9999 -9999 -9999 -9999 -9999 -9999 -9999 -9999 -9999 -9999 -9999 -9999 11.0600035390817 9.52014220552519 9.55425971919405 9.73242895724252 9.62239229153576 9.25980406068265 10.906460756436 9.6002620123992 9.53807182982564 9.55420849169604 9.49468213901855 9.44949948578142 9.50221258122474 9.82889033597894 9.77832879545167 10.0612582669128 10.5324487935286 10.7515488024801 10.7727057591546 10.8541062534787 10.9412442275789 10.9695730339736 11.0090182074346 11.2356486585923 11.1574754966423 11.266846204875 10.7149723689072 10.8774147650693 9.76541946595535 10.0991495396011 9.73003834066913 9.04931027139537 8.85961484629661 8.9495020294562 8.52014729287475 9.27629931503907 9.66329232593998 14.1449996838346 -9999 -9999
-9999 -9999 -9999 -9999 -9999 -9999 -9999 -9999 -9999 -9999 -9999 -9999 -9999 -9999 -9999 -9999 -9999 -9999 -9999 -9999 -9999 14.0068513904698 10.8795663199853 9.81705678394064 9.79482404980808 9.72346414509229 9.76255072606727 9.59257788769901 9.78585923765786 9.67505415948108 9.76219213358127 9.77079835324548 9.68258460168727 9.8353450007271 10.0583895270247 10.0942487756256 10.2552568018436 10.4410077095963 10.6099047705065 10.8569749933667 10.1046479577199 10.786690866109 10.7515488024801 10.8193227823358 11.1567583116703 11.1194646931253 11.1743293434847 10.655685077887 10.5684275729582 10.5249183513224 9.71306496299803 9.43372141639702 9.73912268364802 9.56652016704902 10.6335718745831 13.9553096971475 15.3049996579066 -9999 -9999 -9999 -9999 -9999
-9999 -9999 -9999 -9999 -9999 -9999 -9999 -9999 -9999 -9999 -9999 -9999 -9999 -9999 -9999 -9999 -9999 6.88018432352692 10.8303969620508 11.2261296580546 9.77976316539571 9.68724630400538 9.72238836763427 9.74031799193472 9.84502699784935 10.0730918189511 10.0601824894547 9.82996611343697 9.72525710752234 9.8471785527654 9.8751487666741 9.91423534764908 9.9389782291837 10.1975234115962 10.0824152235873 10.2843027932104 10.4194921604358 10.0501418998465 10.2401959174313 10.9279763055965 11.0477461959235 11.3907655225401 11.5664758406846 11.0057908750605 11.0219275369309 10.6709850239567 10.6314203196671 10.2297250168398 10.2050538538024 10.5346003484447 9.592398591456 10.9188321972033 13.634999695234 -9999 -9999 -9999 -9999 -9999 -9999 -9999 -9999 -9999
-9999 -9999 -9999 -9999 -9999 -9999 -9999 -9999 -9999 -9999 -9999 -9999 -9999 6.58306082657002 -9999 -9999 8.10046882665605 9.95690785348415 9.87945187650621 9.89953305572271 9.92391734477133 9.88805809617043 10.1383556514047 10.2007507439703 10.1957304491661 10.2064882237464 10.0745261888951 10.2172459983267 10.2093569636345 10.0917386282235 9.89522994589061 10.0501418998465 10.0856425559614 10.2452162122354 10.3965422413312 10.1950132641941 10.0903042582795 10.1304666167125 10.2459333972074 11.0054322825745 11.107631141087 11.0986663289368 11.0384227912873 11.0979491439648 11.2917086172383 10.6719412705861 10.588389221346 10.3918805390131 10.7761721531861 9.93567917831242 11.8524929331616 14.0799996852875 -9999 -9999 -9999 -9999 -9999 -9999 -9999 -9999 -9999 -9999
-9999 -9999 -9999 -9999 -9999 -9999 -9999 -9999 -9999 -9999 -9999 -9999 -9999 9.53542376223665 9.9985045818612 10.0092623564415 10.0365153853782 9.99778739688918 10.0996276629157 10.0652027842589 10.1426587612368 10.2251350330189 10.2509536920115 10.1813867497258 10.1763664549217 10.3133487845771 10.5586260450073 10.5191808715463 10.2674489463679 10.3427533684298 10.0802636686713 10.4374217847362 10.2939847903326 10.2997222701088 10.3771782470867 10.0874355183914 10.1376384664327 10.1060823276639 10.032212275546 11.2162846643478 10.7633823545184 11.1018936613109 11.225608068984 11.1277123203035 10.8888897246215 10.5665150796995 10.5313730160706 10.4080172008835 10.1161229172722 9.88217717939988 9.65181736638769 11.6005087176176 13.8799996897578 -9999 -9999 -9999 -9999 -9999 -9999 20.5729194370003 19.3499995674938 -9999
-9999 -9999 -9999 -9999 -9999 -9999 -9999 -9999 -9999 -9999 16.6583085059191 8.73141803254839 8.4729087093845 9.72525710752234 10.0616168593988 9.86797691695392 9.74390391679481 9.75609606131911 9.62628558138385 9.82638018857688 9.85793632734567 9.85865351231769 9.87156284181401 10.3606829927303 10.3298440389335 10.2839442007244 10.4338358598761 10.5779900392517 10.6891537099145 10.5148777617142 10.1333353566006 10.4933622125536 10.5636463398114 10.1648914953694 10.508423096966 10.18999296939 10.0903042582795 10.8315149268601 10.827570409514 10.5048371721059 10.9925229530782 11.0355540513992 11.1101412884891 10.987144065788 10.5689056962729 10.8182470048778 10.6012985508423 9.91029083030298 9.950811781222 8.75669880281202 10.5265917829238 10.8928342419676 8.21788582667919 -9999 -9999 -9999 10.7800312913688 8.73410747619346 9.50388601282611 7.26068355049938 9.47997984709218 17.7899996023625
-9999 -9999 -9999 -9999 -9999 -9999 -9999 17.0251034134426 8.66358428727835 8.69800916593522 9.08983122231439 9.85076447762549 9.76900539081544 10.3147831545211 10.149830610957 10.390087576583 9.73314614221454 10.0501418998465 9.76039917115122 10.0250404258259 10.1534165358171 9.8550675874576 9.9985045818612 10.0006561367773 10.3642689175904 10.390804761555 10.3685720274225 10.2143772584386 10.5184636865743 10.4826044379734 10.4539170390926 10.2602770966478 10.2997222701088 10.1197088421322 10.4324014899321 10.4460280044004 10.4797356980853 10.4280983801 10.348490848206 10.7250129585154 10.6848506000824 10.550019825343 10.627834394807 10.7626651695464 10.8440656638704 10.7174825163092 10.1928617092781 10.1423001687508 10.1053651426919 9.77474287059158 9.69764548609965 9.49844736012165 9.19740896811709 14.5966912058939 9.13773917844519 9.08839685237035 9.14911851333454 8.81299782311544 8.30415508546866 8.1542121988189 8.64171014563181 8.34208313687346
-9999 -9999 -9999 -9999 -9999 9.61732076923363 9.71485792542808 9.27378916763701 9.64564957562834 10.2925504203886 9.87873469153419 9.97196873789653 10.2624286515638 9.99276710208505 9.94973600376397 10.26816613134 10.032212275546 10.0135654662736 9.9985045818612 9.9468672638759 9.99707021191716 10.2409131024033 10.2645802064799 10.1232947669923 10.3757438771427 10.3664204725064 10.3305612239055 10.2165288133547 10.4488967442885 10.4503311142325 10.507705911994 10.4926450275816 10.6346476520412 10.6030915132724 10.6583147561178 10.7307504382916 10.8799249124713 10.3563798828982 10.6246070624329 10.8964201668277 11.0448774560355 11.1018936613109 11.0420087161474 10.9369411177468 11.1607028290164 10.2620700590778 9.94041259912774 10.1275978768244 10.0207373159938 10.1032135877758 8.4131672012154 9.11206395644695 7.95416881912388 9.13357950560749 9.19274726579897 9.27163761272095 9.31980853667483 9.15401927731 8.32710500457324 8.20518355933018 8.88854130683467 7.02249431297449
-9999 -9999 -9999 -9999 -9999 9.99384287954308 9.58970914781094 9.64134646579623 9.78263190528378 9.53305153502151 9.86223943717778 10.0537278247066 10.2896816805005 9.95762503845617 10.0092623564415 10.032212275546 10.0967589230277 10.3556626979262 10.3047425649129 10.2452162122354 10.2581255417317 10.2860957556404 10.3276924840175 10.4008453511633 10.3807641719468 10.3642689175904 10.3807641719468 10.3169347094372 10.2796410908923 10.5105746518821 10.5995055884123 10.6059602531604 10.8569749933667 10.8505203286186 10.7372051030397 10.8333078892902 10.8211157447658 10.9523605946451 10.9172185310163 11.0549180456437 10.7321848082356 11.1015350688249 10.9731589588337 11.0771507797763 11.1018936613109 10.9792550310958 10.5589846374933 10.4492553367745 10.4485381518025 10.7009872619528 9.35447247698903 9.49468213901855 9.57142093102448 9.6562024402166 9.20673237275332 9.20637378026731 9.04213842167519 8.87359995325096 8.63513595005497 8.24462873279117 7.91472364566289 7.60131381289102
-9999 -9999 -9999 -9999 -9999 9.81060211919248 10.3721579522826 10.2007507439703 10.390087576583 10.0350810154341 10.0257576107979 9.74605547171086 9.70445874333382 10.1024964028038 10.4488967442885 10.229438142851 10.5801415941678 10.0953245530836 10.0781121137552 10.3406018135138 10.3133487845771 10.387936021667 10.4618060737848 10.4818872530013 10.4517654841766 10.4022797211073 10.4818872530013 10.4732810333371 10.5679494496435 10.7551347273402 10.8039033054374 10.827570409514 10.9573808894493 10.9745933287777 10.9344309703447 10.905743571464 10.9645527391694 11.0197759820148 11.105120993685 11.0778679647483 11.1244849879295 11.0836054445244 11.0075838374905 11.1359599474818 10.8978545367718 10.9416028200649 10.8325907043181 9.15673433470407 10.509498874424 10.6246070624329 10.5275821812185 9.91997282742523 10.0548036021646 9.57787559577264 9.96049377834424 9.47316658985801 9.37168491631746 9.32853428716771 9.24904628610238 9.23290962423198 9.47997984709218 8.53078553662635
-9999 -9999 -9999 -9999 -9999 10.1570024606772 10.0401013102382 9.83642077818513 10.1813867497258 9.93682667426765 9.9705343679525 10.0236060558818 9.96694844309241 10.3133487845771 9.33977018506266 9.91315957019106 9.93108919449151 10.3119144146331 9.91244238521904 10.5112918368541 10.506988727022 10.5055543570779 10.3025910099968 10.6217383225448 10.6647694208659 10.6991942995228 10.6446882416494 10.7630237620324 10.8117923401296 10.8899655020796 10.948057484813 10.945905929897 11.0047150976025 11.0290993866511 11.0570696005598 10.9824823634699 11.0491805658676 11.1495864619501 11.0326853115112 11.1531723868102 11.1273537278175 11.0104525773786 11.0470290109515 10.8792077274993 10.9939573230222 10.905026386492 10.7902767909691 9.93826104421169 10.5769142617937 10.866400852999 10.1921445243061 10.1168401022442 10.0838495935313 9.99420147202909 9.87873469153419 9.85219884756953 9.70051422598772 8.86863088594484 8.79961037030444 8.71904659178108 8.39272742951289 8.00229193074629
-9999 -9999 -9999 -9999 -9999 10.1247291369364 10.1577196456492 10.2265694029629 10.3721579522826 10.228003772907 10.2007507439703 10.2086397786625 10.1139713623561 10.550019825343 10.0680715241469 10.070940264035 10.3563798828982 10.1440931311809 10.4725638483651 10.4108859407715 10.6346476520412 10.6475569815375 10.6253242474049 10.7450941377319 10.867732767947 10.9007232766598 10.9774620686658 10.9753105137497 10.5579088600352 11.0556352306157 11.1216162480414 11.1230506179854 11.0907772942446 11.0807367046364 11.0972319589928 10.9968260629103 10.9953916929662 11.065675820224 11.0814538896084 11.1345255775377 10.5693838195875 11.06424145028 8.90766623942181 11.1524552018382 10.7614698612597 10.8024689354934 10.5543229351752 10.9634769617114 8.62354145967402 10.0469145674724 10.7278816984035 10.7681635876652 10.2351756226271 9.98057495756075 9.94112978409976 9.91817986499518 8.23303424241021 9.27588949505506 9.21728523734159 9.15079194493592 7.45082449959591 8.08505507651716
