EcologicalScience/Bass/data/rs_data_bass/sst_340.asc
NCOLS 226 
NROWS 124 
XLLCORNER -9.41648524995501 
YLLCORNER 47.587301625531 
CELLSIZE 0.0833 
NODATA_value -9999 
[rows 54 to 80 of 124, columns 0 to 61 of 226]
-9999 -9999 -9999 -9999 -9999 -9999 -9999 -9999 -9999 -9999 -9999 -9999 -9999 -9999 -9999 -9999 -9999 -9999 -9999 -9999 -9999 -9999 -9999 -9999 -9999 -9999 -9999 -9999 -9999 -9999 -9999 -9999 -9999 -9999 -9999 -9999 -9999 -9999 8.81243752235605 11.3751085363328 11.5033977148123 11.2036143965088 10.2863826296292 10.4230780852959 10.6719412705861 10.8096407852136 10.7838221262209 10.6346476520412 10.506988727022 10.3427533684298 10.3305612239055 10.3700063973665 10.4338358598761 10.8003173805773 10.9301278605126 10.9444715599529 10.9265419356525 11.2682805748191 13.6390676128457 13.8799996897578 -9999 11.5972786338945
-9999 -9999 -9999 -9999 -9999 -9999 -9999 -9999 -9999 -9999 -9999 -9999 -9999 -9999 -9999 -9999 -9999 -9999 -9999 -9999 -9999 -9999 -9999 -9999 -9999 -9999 -9999 -9999 -9999 -9999 -9999 -9999 -9999 -9999 -9999 -9999 -9999 -9999 14.1649996833876 10.429353453801 10.9251075657085 10.7701956117526 10.7680440568365 10.5851618889719 10.5155949466862 10.5923337386921 10.7443769527599 10.9509262247011 10.8634296581149 10.5421307906508 10.4797356980853 10.4618060737848 10.6088289930485 10.867015582975 11.185445710551 11.1639301613905 11.2048097047955 11.0639772242376 6.65349581268346 13.6649996945634 -9999 -9999
-9999 -9999 -9999 -9999 -9999 -9999 -9999 -9999 -9999 -9999 -9999 -9999 -9999 -9999 -9999 -9999 -9999 -9999 -9999 -9999 -9999 -9999 -9999 -9999 -9999 -9999 -9999 -9999 -9999 -9999 -9999 -9999 -9999 -9999 -9999 -9999 -9999 -9999 -9999 11.06424145028 10.9487746697851 10.7608722071163 10.4976653223857 10.4582201489247 10.666920975782 10.4424420795403 10.4546342240646 10.6210211375728 10.5995055884123 10.548585455399 10.3370158886537 10.4367045997642 10.6475569815375 11.1223334330134 11.2069612597115 11.2557298378088 11.2715079071932 11.5397350867279 12.0292138301302 6.65837632304314 -9999 -9999
-9999 -9999 -9999 -9999 -9999 -9999 -9999 -9999 -9999 -9999 -9999 -9999 -9999 -9999 -9999 -9999 -9999 -9999 -9999 -9999 -9999 -9999 -9999 -9999 -9999 -9999 -9999 -9999 -9999 -9999 -9999 -9999 -9999 -9999 -9999 -9999 -9999 -9999 -9999 -9999 11.1711020111106 10.9028748315759 10.7350535481237 10.5937681086361 10.4073000159115 10.4144718656316 10.3549455129541 10.4058656459674 10.3427533684298 10.2107913335785 10.3068941198289 10.2903988654725 10.4567857789807 10.7429425828159 10.8555406234227 11.0534836756997 11.3547013639472 11.4092074218206 11.5296944971196 12.1149174342863 13.0149845741689 -9999
-9999 -9999 -9999 -9999 -9999 -9999 -9999 -9999 -9999 -9999 -9999 -9999 -9999 -9999 -9999 -9999 -9999 -9999 -9999 -9999 -9999 -9999 -9999 -9999 -9999 -9999 -9999 -9999 -9999 -9999 -9999 -9999 -9999 -9999 -9999 -9999 -9999 -9999 -9999 -9999 10.7798058903776 10.9624011842534 10.827570409514 10.7364879180677 10.4582201489247 10.4116031257436 10.3642689175904 10.467543553561 10.390087576583 10.3850672817789 10.5973540334962 10.3585314378142 10.3750266921706 10.6446882416494 10.6554460162297 10.8060548603535 10.9731589588337 10.9946745079942 11.106555363629 11.3088015257381 11.7634967979975 13.3749997010455
-9999 -9999 -9999 -9999 -9999 -9999 -9999 -9999 -9999 -9999 -9999 -9999 -9999 -9999 -9999 -9999 -9999 -9999 -9999 -9999 -9999 -9999 -9999 -9999 -9999 -9999 -9999 -9999 -9999 -9999 -9999 -9999 -9999 -9999 -9999 -9999 -9999 -9999 -9999 -9999 11.4388510673307 11.7943357517943 11.2987609361298 11.1101412884891 11.2299111788161 11.0369884213433 10.5249183513224 10.6210211375728 10.5765556693077 10.4553514090367 10.5987884034403 10.7379222880118 10.4395733396523 10.7450941377319 10.8239844846539 10.9351481553167 11.1603442365304 11.1165959532373 10.9695730339736 11.3948637223803 -9999 -9999
-9999 -9999 -9999 -9999 -9999 -9999 -9999 -9999 -9999 -9999 -9999 -9999 -9999 -9999 -9999 -9999 -9999 -9999 -9999 -9999 -9999 -9999 -9999 -9999 -9999 -9999 -9999 -9999 -9999 -9999 -9999 -9999 -9999 -9999 -9999 -9999 -9999 -9999 -9999 11.6532893739641 11.4622791097499 11.4730368843302 11.4981383583508 11.3869746876881 11.1481520920061 11.0391399762593 10.7716299816966 10.6604663110338 10.6920224498026 10.5844447039999 10.466826368589 10.58803062886 10.5385448657908 10.6332132820971 10.907177941408 11.0864741844125 11.0118869473226 13.509999698028 12.1794770040197 12.5122379087843 13.6109652859159 12.8744163196534
-9999 -9999 -9999 -9999 -9999 -9999 -9999 -9999 -9999 -9999 -9999 -9999 -9999 -9999 -9999 -9999 -9999 -9999 -9999 -9999 -9999 -9999 -9999 -9999 -9999 -9999 -9999 -9999 -9999 -9999 -9999 -9999 -9999 -9999 -9999 -9999 -9999 -9999 -9999 11.4049043119885 11.2715079071932 11.3088015257381 11.2148502944037 10.9401684501208 10.8749046176672 10.6389507618733 10.906460756436 10.6841334151104 10.6776787503622 10.5614947848953 10.5392620507628 10.5320902010426 10.4553514090367 10.7422253978439 11.0348368664272 11.6071504740976 11.3754997281358 12.0353099023923 12.2547685038298 12.5624408568256 12.6327249840833 12.5538346371613
-9999 -9999 -9999 -9999 -9999 -9999 -9999 -9999 -9999 -9999 -9999 -9999 -9999 -9999 -9999 -9999 -9999 -9999 -9999 -9999 -9999 -9999 -9999 -9999 -9999 -9999 -9999 -9999 -9999 -9999 -9999 -9999 -9999 -9999 -9999 -9999 -9999 -9999 12.0063834418543 11.6853236360475 11.2213049591519 11.2091128146276 11.0039979126304 11.0176244270988 10.8605609182268 10.8777733575553 10.667638160754 10.7723471666686 10.7049317792989 10.5980712184682 10.6626178659499 10.6138492878526 10.6382335769013 10.7135379989631 10.7630237620324 10.945905929897 11.5669881156646 12.0568254515529 12.5746330013499 12.3895992785692 12.1715750470757 12.3644978045486
-9999 -9999 -9999 -9999 -9999 -9999 -9999 -9999 -9999 -9999 -9999 -9999 -9999 -9999 -9999 -9999 -9999 -9999 -9999 -9999 -9999 -9999 -9999 -9999 -9999 -9999 -9999 -9999 -9999 -9999 -9999 -9999 -9999 -9999 -9999 -9999 -9999 -9999 12.3386791455559 11.6494643874466 11.6946470406838 11.0420087161474 10.9344309703447 10.8957029818557 10.7716299816966 10.7278816984035 10.6984771145508 10.6389507618733 10.626041432377 10.6855677850544 10.9731589588337 11.0054322825745 11.1395458723418 11.1503036469221 11.1008178838529 11.1216162480414 11.3912777975202 12.0977049949579 12.2655262784101 12.1249580238946 13.2401806553826 12.859355435241
-9999 -9999 -9999 -9999 -9999 -9999 -9999 -9999 -9999 -9999 -9999 -9999 -9999 -9999 -9999 -9999 -9999 -9999 -9999 -9999 -9999 -9999 -9999 -9999 -9999 -9999 -9999 -9999 -9999 -9999 -9999 -9999 -9999 -9999 -9999 -9999 -9999 11.0157535097805 11.6157566937618 11.0613727103919 11.5777458902448 11.0706961150281 10.8813592824154 10.7293160683475 10.7723471666686 10.6783959353343 10.7056489642709 10.7013458544388 10.709234889131 10.8634296581149 11.1287880977616 11.1302224677056 11.1883144504391 11.306649970822 11.3740653581917 11.2729422771372 11.4995727282949 11.6394237978384 11.7878810870461 11.9901272491552 12.3530228449963 12.6234015794471
-9999 -9999 -9999 -9999 -9999 -9999 -9999 -9999 -9999 -9999 -9999 -9999 -9999 -9999 -9999 -9999 -9999 -9999 -9999 -9999 -9999 -9999 -9999 -9999 -9999 -9999 -9999 -9999 -9999 -9999 -9999 -9999 -9999 -9999 -9999 -9999 -9999 11.5949583295733 11.5748771503568 11.3984496472403 11.3217108552344 11.0764335948043 10.8089236002415 10.7049317792989 10.468977923505 10.6633350509219 10.6389507618733 10.7149723689072 10.8605609182268 10.8419141089544 11.0326853115112 11.2571642077528 11.3023468609899 11.3590044737794 11.4314401559532 11.4665822195821 11.5712912254967 11.5347147919238 11.6896267458797 11.9341868213378 12.0546738966368 12.2024140008725
-9999 -9999 -9999 -9999 -9999 -9999 -9999 -9999 -9999 -9999 -9999 -9999 -9999 -9999 -9999 -9999 -9999 -9999 -9999 -9999 -9999 -9999 -9999 -9999 -9999 -9999 -9999 -9999 -9999 -9999 -9999 -9999 -9999 -9999 -9999 8.83626886981943 12.0102084283717 11.8904385380447 11.6860408210196 10.866298398003 11.224890884012 10.9645527391694 10.6748100104742 10.6783959353343 10.6834162301384 10.7042145943269 10.7544175423682 10.707083334215 10.7214270336553 10.7673268718645 11.0821710745804 11.2091128146276 11.3704794333316 11.4178136414848 11.4357432657853 11.4407635605894 11.4170964565128 11.6745658614673 11.9105197172612 12.0431989370845 12.1113315094262 12.3695180993527
-9999 -9999 -9999 -9999 -9999 -9999 -9999 -9999 -9999 -9999 -9999 -9999 -9999 -9999 -9999 -9999 -9999 -9999 -9999 -9999 -9999 -9999 -9999 -9999 -9999 -9999 -9999 -9999 -9999 -9999 -9999 20.5765817817695 19.1549995718524 -9999 -9999 13.1949980021454 12.0582598214969 11.9635914051905 11.8990447577089 11.544755381532 11.4687337744981 11.3080843407661 11.0463118259795 10.6324960971251 10.6475569815375 10.6583147561178 10.6841334151104 10.6640522358939 10.7644581319764 10.7838221262209 10.8462172187865 10.946623114869 11.1223334330134 11.3783684680238 11.5124820577912 11.6523331273347 11.7706686477177 12.1235236539505 12.1263923938386 12.2554856888019 12.3379619605839 12.5653095967136
-9999 -9999 -9999 -9999 -9999 -9999 -9999 -9999 -9999 -9999 -9999 -9999 -9999 -9999 -9999 -9999 -9999 -9999 -9999 -9999 -9999 -9999 -9999 -9999 -9999 -9999 -9999 -9999 -9999 10.9088035606779 10.2246840923767 11.7472406052984 11.6334472564049 8.95111938486635 11.8301950003952 11.8352152951993 11.6121707689017 11.4931180635467 11.4716025143862 11.4142277166247 11.305215600878 11.1259193578735 10.9731589588337 10.8612781031989 10.5041199871339 10.5543229351752 10.6927396347746 10.7156895538792 10.8189641898498 10.8691671378911 10.9028748315759 11.0943632191047 11.0800195196643 11.4049043119885 11.6767174163833 11.7498702835292 11.8933072779328 12.0130771682598 12.1278267637827 12.4003570531495 12.5108035388403 12.6033204002306
-9999 -9999 -9999 -9999 -9999 -9999 -9999 -9999 -9999 -9999 -9999 -9999 -9999 -9999 -9999 -9999 -9999 -9999 -9999 -9999 -9999 -9999 11.0063023102454 9.90527053549886 9.72023681271821 10.509140281938 10.747245692648 10.9580980744213 11.065675820224 10.9487746697851 10.8619952881709 10.8770561725833 11.3733481732197 11.3152561904863 11.4694509594701 11.3747825431637 11.0606555254199 11.4156620865688 11.1911831903271 10.9294106755406 10.7221442186274 10.7192754787393 10.6826990451664 10.6640522358939 10.5772728542797 10.628910172265 10.6805474902503 10.8713186928071 11.026230646763 11.066393005196 11.0800195196643 11.1266365428455 11.2399517684244 11.4049043119885 11.6329691330902 11.86390269408 11.9937131740153 12.1593829025514 12.2124545904808 15.0349996639416 -9999 -9999
-9999 -9999 -9999 -9999 -9999 -9999 -9999 -9999 -9999 -9999 -9999 -9999 -9999 -9999 -9999 -9999 -9999 -9999 -9999 -9999 -9999 13.5743101369192 11.4247246966697 12.2052827407606 10.4008453511633 10.8003173805773 10.9121982362121 10.9975432478823 10.8010345655493 10.867732767947 10.5844447039999 10.6726584555581 10.9745933287777 10.8347422592342 10.788125236053 10.8074892302975 10.8985717217438 10.6877193399705 10.7450941377319 10.5198980565183 10.4280983801 10.5701010045595 10.6339304670691 10.626041432377 10.6633350509219 10.7407910278998 10.9580980744213 11.146717722062 11.1725363810547 11.2184362192638 11.2844172366895 11.3123874505982 11.4127933466807 11.423551121261 11.5555131561123 11.744849988725 12.7199997156858 -9999 -9999 -9999 -9999 -9999
-9999 -9999 -9999 -9999 -9999 -9999 -9999 -9999 -9999 -9999 -9999 -9999 -9999 -9999 -9999 -9999 -9999 6.88018432352692 12.7461558846577 12.4982079777692 12.0275643046945 12.141273982008 9.34012877754867 9.36020995676517 9.98487806739286 11.3819543928839 11.3568529188633 11.384823132772 11.0556352306157 10.7250129585154 10.7386394729838 10.865581213031 10.6059602531604 10.8964201668277 10.9136326061562 10.7601550221443 10.5564744900912 10.2265694029629 10.7156895538792 10.6834162301384 10.7788018314168 10.629627357237 10.706366149243 10.7780846464448 10.9437543749809 11.0893429243006 11.263618872501 11.2514267279766 11.1409802422859 11.2119815545157 11.3991668322124 11.424985491205 13.3099997024983 -9999 -9999 -9999 -9999 -9999 -9999 -9999 -9999 -9999
-9999 -9999 -9999 -9999 -9999 -9999 -9999 -9999 -9999 -9999 -9999 -9999 -9999 -9999 -9999 -9999 -9999 10.1699914773926 10.6237105812179 10.8203985597938 11.5669881156646 11.2148502944037 10.0401013102382 10.1849726745859 11.0828882595524 11.224890884012 11.1330912075937 11.145283352118 11.2851344216615 11.4400463756174 11.5677053006366 11.5677053006366 11.2205877741799 11.1962034851313 11.0305337565951 11.1137272133492 10.9121982362121 10.6640522358939 10.7623065770604 10.6375163919292 10.4998168773018 10.7601550221443 10.9093294963241 11.1696676411666 11.346812329255 11.3188421153463 11.4285714160651 11.4013183871284 11.4672994045541 11.5720084104687 12.6384624638595 14.7299996707588 -9999 -9999 -9999 -9999 -9999 -9999 -9999 -9999 -9999 -9999
-9999 -9999 -9999 -9999 -9999 -9999 -9999 -9999 -9999 -9999 -9999 -9999 -9999 11.0441602710634 12.1149174342863 12.3759727641009 12.2332529546693 7.01716665318236 10.390804761555 10.7601550221443 10.587313443888 11.2040925198235 10.8598437332548 11.1309396526776 11.2908719014376 11.4830774739385 11.3991668322124 11.4615619247779 11.542603826616 11.5526444162242 11.5870692948811 11.8043763414025 11.7792748673819 11.3683278784156 11.3927121674642 11.3281655199826 11.0111697623506 10.5787072242238 10.4187749754637 10.5528885652311 10.7780846464448 10.9179357159883 11.0957975890487 11.3281655199826 11.3159733754583 11.2406689533964 11.3145390055142 11.5261085722595 11.6272316533141 11.4837946589105 12.0439161220565 12.379558688961 6.86999984644353 -9999 -9999 -9999 -9999 -9999 -9999 24.8174415211792 23.6099994722754 -9999
-9999 -9999 -9999 -9999 -9999 -9999 -9999 -9999 -9999 -9999 19.9508617513659 11.8699987663422 11.5669881156646 10.7343363631517 10.8160954499617 11.1309396526776 12.2307428072672 11.5619678208604 10.945905929897 11.0807367046364 11.2915890864097 11.5088961329311 11.2743766470812 11.3754997281358 11.505310208071 11.6286660232581 11.5999786243774 11.5368663468398 11.8825495033525 12.063280116301 11.8660542489961 11.981521029491 11.982238214463 11.9313180814497 11.8811151334085 11.6430097226985 11.3518326240592 10.9537949645892 11.0348368664272 11.2614673175849 11.2428205083124 11.3582872888073 11.4386120056733 11.6315347631462 11.3159733754583 11.2220221441239 11.422833936289 11.6014129943214 11.4077730518766 11.3912777975202 11.3023468609899 11.6946470406838 9.24468170327268 -9999 -9999 -9999 13.4646595516242 12.3150120414793 12.4692068104632 12.6728873425163 12.8249305565841 17.7899996023625
-9999 -9999 -9999 -9999 -9999 -9999 -9999 20.4689604672303 8.89977720472962 9.28490553470328 10.2525673581986 9.3853114307858 9.3573412168771 9.24259162135422 9.98344369744882 10.3047425649129 11.1832941556349 11.4170964565128 11.3281655199826 11.3869746876881 11.4837946589105 11.4278542310931 11.4938352485187 11.5971098844893 11.54403819656 11.8194372258149 11.7534562083893 11.741981248837 12.1228064689785 12.2734153131023 12.2576372437179 12.3264870010316 11.9363383762538 11.9901272491552 11.8976103877649 11.7477187286131 11.504593023099 11.1488692769781 11.0111697623506 11.1266365428455 11.2098299995996 11.1904660053551 11.5131992427632 11.7233344395645 11.6508987573907 11.6602221620269 11.5239570173435 11.5777458902448 11.5110476878472 11.2342142886482 11.2973265661858 11.3776512830518 11.4601275548339 11.5347147919238 12.0080568734556 12.1328470585868 12.1579485326074 12.4103976427577 12.5746330013499 12.7152012558654 12.9346598573029 13.1648762333207
-9999 -9999 -9999 -9999 -9999 9.62628558138385 9.3092898237519 10.9197286784183 9.3888973556459 9.41901912447065 9.52587968530133 9.36379588162526 10.4890591027215 10.706366149243 10.7293160683475 10.8641468430869 11.4271370461211 11.5182195375673 11.4378948207013 11.3647419535555 11.3568529188633 11.6903439308517 11.5870692948811 11.5411694566719 11.4149449015968 11.6093020290136 11.6430097226985 11.7355265840888 11.94207585603 12.3652149895206 12.3616290646605 12.2985167871229 12.3229010761715 12.2325357696973 12.1916562262923 11.86390269408 11.6609393469989 10.8698843228631 10.7816705713049 10.9509262247011 11.0628070803359 11.0706961150281 11.4300057860091 11.8136997460388 11.8251747055911 11.6523331273347 11.6924954857677 11.6960814106278 11.7075563701801 11.5899380347691 11.5698568555526 11.6028473642655 11.5691396705806 11.7871639020741 11.8997619426809 12.2404248043895 12.4139835676178 12.299951157067 12.378841503989 12.5588549319655 12.7704244987108 12.659260828048
-9999 -9999 -9999 -9999 -9999 9.52803124021739 9.46707051759586 11.3622318061534 9.38029113598168 9.64349802071229 9.85148166259751 10.4589373338968 10.8612781031989 10.708517704159 11.6953642256558 11.6666768267751 11.6301003932022 11.7061220002361 11.8301950003952 11.7297891043127 11.463713479694 11.4343088958412 11.823023150675 12.0152287231758 12.0812097406015 11.8287606304511 11.784295162186 11.6379894278944 11.7140110349283 12.3960539433174 12.3731040242128 12.3257698160596 12.3472853652202 12.3121433015913 11.8000732315704 11.5074617629871 11.6042817342095 11.6774346013553 11.2786797569133 11.1416974272579 11.4113589767367 11.0907772942446 11.5469069364481 11.9700460699387 11.9686116999947 11.9277321565896 11.5504928613082 11.78214360727 11.7936185668223 11.863185509108 11.705404815264 11.6967985955998 11.7383953239769 11.7972044916824 11.8811151334085 12.0496536018327 12.0948362550698 12.1522110528313 12.2899105674587 12.2332529546693 12.3953367583454 12.540208122693
-9999 -9999 -9999 -9999 -9999 9.36307869665325 9.51368754077703 9.63345743110403 9.73386332718655 10.4869075478055 10.8835108373314 11.1510208318941 11.2930234563537 11.0484633808956 11.3934293524362 11.7204656996764 11.782860792242 11.6444440926425 11.8502761796117 11.7972044916824 11.5375835318118 11.6394237978384 12.0948362550698 12.0776238157414 12.2669606483541 12.2856074576266 12.3494369201362 12.4283272670582 12.4670552555472 12.4240241572261 12.2877590125427 12.2676778333262 12.3487197351642 12.2246467350051 11.9083681623451 11.8373668501154 11.8366496651433 11.6301003932022 11.2822656817734 11.1330912075937 11.1352427625097 11.2750938320532 11.5411694566719 12.1988280760124 12.4075289028697 12.1450392031111 11.6688283816911 11.4981383583508 11.7247688095085 11.6387066128664 11.5913724047132 11.7570421332493 11.4859462138265 11.9320352664217 11.9585711103864 11.8280434454791 11.9284493415616 11.8316293703392 12.0431989370845 12.0460676769726 11.980803844519 12.2181920702569
-9999 -9999 -9999 -9999 -9999 9.86223943717778 10.10823388258 10.747245692648 10.7773674614727 11.1832941556349 11.1424146122299 11.3547013639472 11.4558244450018 11.1495864619501 11.3181249303743 11.7125766649842 11.5483413063921 11.7089907401241 12.1952421511523 11.9449445959181 12.102725289762 12.2074342956766 12.0338755324483 12.2368388795294 12.1880703014322 12.2913449374028 12.4319131919183 12.5531174521893 12.5208441284485 12.4139835676178 12.3852961687371 12.2755668680184 12.340830700472 12.2404248043895 11.9743491797708 11.7477187286131 11.6143223238178 11.3783684680238 11.1495864619501 11.4199651964009 11.6508987573907 11.6731314915232 11.9693288849667 12.2784356079064 12.3214667062275 12.1995452609845 12.262657538522 11.9449445959181 11.6659596418031 11.7721030176617 11.9729148098268 11.9700460699387 11.9162571970373 11.9248634167016 11.9148228270933 12.3953367583454 12.1045182521921 11.8983275727369 11.8782463935204 12.299951157067 12.2920621223748 12.2683950182982
-9999 -9999 -9999 -9999 -9999 12.0984221799299 12.2526169489138 11.9198431218974 11.1366771324538 11.7097079250962 11.1811426007189 11.8301950003952 10.7823877562769 11.3410748494789 11.6917783007957 11.8330637402833 12.1378673533909 12.3221838911995 12.2346873246133 12.2246467350051 11.984389769379 12.1507766828872 11.9944303589873 11.863185509108 12.1672719372436 12.2770012379624 12.2927793073468 12.3293557409197 12.4498428162187 12.419721047394 12.4311960069463 12.3924680184573 12.3056886368431 12.0991393649019 12.020966202952 12.0094912433997 11.6487472024746 11.3740653581917 11.2528610979207 11.5246742023155 11.622928543482 11.8961760178208 11.9800866595469 12.5201269434765 12.3336588507518 12.1694234921597 11.7943357517943 11.9693288849667 12.0008850237355 11.8839838732965 11.8961760178208 12.2167577003129 12.2805871628225 12.1522110528313 12.0475020469166 12.0267036827281 12.1213720990345 12.1170689892024 12.1314126886427 12.1084627695382 12.0582598214969 12.0568254515529
