EcologicalScience/Bass/data/rs_data_bass/sst_355.asc
NCOLS 226 
NROWS 124 
XLLCORNER -9.41648524995501 
YLLCORNER 47.587301625531 
CELLSIZE 0.0833 
NODATA_value -9999 
[rows 54 to 80 of 124, columns 0 to 61 of 226]
-9999 -9999 -9999 -9999 -9999 -9999 -9999 -9999 -9999 -9999 -9999 -9999 -9999 -9999 -9999 -9999 -9999 -9999 -9999 -9999 -9999 -9999 -9999 -9999 -9999 -9999 -9999 -9999 -9999 -9999 -9999 -9999 -9999 -9999 -9999 -9999 -9999 -9999 13.7425239042204 14.6172782566531 14.9094286777545 14.4299905239604 13.8347269971855 14.1223181709647 14.1990569629706 13.7572710202076 13.9860530262813 14.6817224491388 14.5612353738397 14.7147129578516 14.7025208133273 14.732642582152 14.7527237613685 14.7857142700814 15.0697195190005 15.2812890857458 15.3759575020522 15.4684743634425 13.4016428987496 13.8799996897578 -9999 13.9055076371162
-9999 -9999 -9999 -9999 -9999 -9999 -9999 -9999 -9999 -9999 -9999 -9999 -9999 -9999 -9999 -9999 -9999 -9999 -9999 -9999 -9999 -9999 -9999 -9999 -9999 -9999 -9999 -9999 -9999 -9999 -9999 -9999 -9999 -9999 -9999 -9999 -9999 -9999 14.1649996833876 14.663912355667 14.5921938584652 14.6028321022168 14.5927915126085 14.9237723771948 14.292291009333 14.4342936337925 14.5060121309943 14.5963774374686 14.6867427439429 14.7541581313126 14.8316141082905 14.771370570641 14.8294625533745 15.051072709728 15.3867152766325 15.4182714154013 15.4397869645618 14.3162223394519 6.72445710429982 13.6649996945634 -9999 -9999
-9999 -9999 -9999 -9999 -9999 -9999 -9999 -9999 -9999 -9999 -9999 -9999 -9999 -9999 -9999 -9999 -9999 -9999 -9999 -9999 -9999 -9999 -9999 -9999 -9999 -9999 -9999 -9999 -9999 -9999 -9999 -9999 -9999 -9999 -9999 -9999 -9999 -9999 -9999 14.613487421801 14.7677846457809 14.5576494489796 14.6602068999782 14.5863368478604 14.5268104951829 14.3869594256394 14.5433057495393 14.5684072235599 14.7039551832713 14.7620471660048 14.8810998713598 14.7943204897456 14.9585558483377 15.1435895711184 15.1816003746353 15.2999358950183 15.5516678201966 15.8026825604029 15.7162617712747 6.7189815444932 -9999 -9999
-9999 -9999 -9999 -9999 -9999 -9999 -9999 -9999 -9999 -9999 -9999 -9999 -9999 -9999 -9999 -9999 -9999 -9999 -9999 -9999 -9999 -9999 -9999 -9999 -9999 -9999 -9999 -9999 -9999 -9999 -9999 -9999 -9999 -9999 -9999 -9999 -9999 -9999 -9999 -9999 14.8997466806322 14.7455519116484 14.7061067381874 14.6666615647264 14.6802880791947 14.6064180270769 14.5117496107705 14.6802880791947 14.6767021543346 14.7025208133273 14.8925748309121 14.9327371893451 14.9607074032538 15.0417493050918 15.1213568369858 15.4405041495338 15.2282173978165 15.7503280574456 16.2114779944532 16.2559434627183 16.324793220032 -9999
-9999 -9999 -9999 -9999 -9999 -9999 -9999 -9999 -9999 -9999 -9999 -9999 -9999 -9999 -9999 -9999 -9999 -9999 -9999 -9999 -9999 -9999 -9999 -9999 -9999 -9999 -9999 -9999 -9999 -9999 -9999 -9999 -9999 -9999 -9999 -9999 -9999 -9999 -9999 -9999 15.2425610972568 15.0159306460992 14.7821283452213 14.8473921776749 14.691045853775 14.7957548596896 14.8237250735983 14.6637928248383 14.6953489636071 14.81009855913 14.7893001949415 15.0281227906235 14.9936979119666 15.0187993859872 15.0833460334688 15.1141849872656 15.1600848254748 15.2913296753541 15.5703146294691 15.9296243004501 16.1089205434546 13.3749997010455
-9999 -9999 -9999 -9999 -9999 -9999 -9999 -9999 -9999 -9999 -9999 -9999 -9999 -9999 -9999 -9999 -9999 -9999 -9999 -9999 -9999 -9999 -9999 -9999 -9999 -9999 -9999 -9999 -9999 -9999 -9999 -9999 -9999 -9999 -9999 -9999 -9999 -9999 -9999 -9999 13.1524884928949 15.2734000510536 15.2418439122848 15.1758628948592 15.0568101895042 14.9922635420226 14.7763908654451 14.7455519116484 14.7247535474598 14.7649159058928 14.8036438943818 14.8251594435424 15.049638339784 15.1019928427413 15.1199224670418 15.2755516059697 15.3106936695985 15.2275002128445 15.7481765025295 15.9396648900583 -9999 -9999
-9999 -9999 -9999 -9999 -9999 -9999 -9999 -9999 -9999 -9999 -9999 -9999 -9999 -9999 -9999 -9999 -9999 -9999 -9999 -9999 -9999 -9999 -9999 -9999 -9999 -9999 -9999 -9999 -9999 -9999 -9999 -9999 -9999 -9999 -9999 -9999 -9999 -9999 -9999 14.7287256488433 15.0955381779931 15.1543473456986 15.2267830278724 15.207419033628 15.0223853108473 14.8014923394658 14.8552812123671 14.7426831717603 14.6645100098103 14.6071352120489 14.6573381600901 14.7261879174039 14.8832514262758 15.0754569987766 15.2275002128445 15.449110369198 15.1421552011743 13.509999698028 13.3882244325344 16.7443464286625 16.8483382496051 16.9480269607157
-9999 -9999 -9999 -9999 -9999 -9999 -9999 -9999 -9999 -9999 -9999 -9999 -9999 -9999 -9999 -9999 -9999 -9999 -9999 -9999 -9999 -9999 -9999 -9999 -9999 -9999 -9999 -9999 -9999 -9999 -9999 -9999 -9999 -9999 -9999 -9999 -9999 -9999 -9999 15.3874324616045 15.2246314729564 15.2124393284321 15.1844691145234 15.0632648542523 14.8473921776749 14.6960661485791 14.770653385669 14.8538468424231 14.7419659867883 14.6386913508177 14.6279335762374 14.611438321881 14.7641987209208 14.8559983973391 14.9750511026941 15.1772972648032 15.5803552190773 15.7689748667181 16.4488662201911 16.6109500238672 16.6970122205094 16.7364573939703
-9999 -9999 -9999 -9999 -9999 -9999 -9999 -9999 -9999 -9999 -9999 -9999 -9999 -9999 -9999 -9999 -9999 -9999 -9999 -9999 -9999 -9999 -9999 -9999 -9999 -9999 -9999 -9999 -9999 -9999 -9999 -9999 -9999 -9999 -9999 -9999 -9999 -9999 15.5896786237136 15.5193944964558 15.2913296753541 15.2318033226766 15.2031159237958 14.9750511026941 14.9026154205203 14.8036438943818 14.8244422585703 14.7993407845497 14.7742393105291 14.811532929074 14.810815744102 14.9033326054923 15.0123447212391 15.2439954672009 15.1823175596073 15.3408154384233 15.4978789472952 15.6649830457754 15.9755241386592 16.4072694918141 16.5284737520851 16.6568498620763
-9999 -9999 -9999 -9999 -9999 -9999 -9999 -9999 -9999 -9999 -9999 -9999 -9999 -9999 -9999 -9999 -9999 -9999 -9999 -9999 -9999 -9999 -9999 -9999 -9999 -9999 -9999 -9999 -9999 -9999 -9999 -9999 -9999 -9999 -9999 -9999 -9999 -9999 15.5136570166796 15.4620196986943 15.3372295135632 15.1615191954188 15.008041611407 14.7677846457809 14.7520065763965 14.8230078886263 14.729773842264 14.7814111602493 14.9470808887854 14.8746452066116 15.0001525767148 15.1127506173216 15.2361064325087 15.2985015250742 15.4103823807091 15.6585283810273 15.6205175775103 15.7187719186768 16.0250099017285 16.4804223589599 16.6876888158731 16.7092043650337
-9999 -9999 -9999 -9999 -9999 -9999 -9999 -9999 -9999 -9999 -9999 -9999 -9999 -9999 -9999 -9999 -9999 -9999 -9999 -9999 -9999 -9999 -9999 -9999 -9999 -9999 -9999 -9999 -9999 -9999 -9999 -9999 -9999 -9999 -9999 -9999 -9999 13.4222209104539 14.9872432472184 15.210287773516 15.010193166323 14.8187047787942 14.7039551832713 14.7936033047736 14.6867427439429 14.8352000331506 14.692480223719 14.7276222873479 14.7276222873479 14.732642582152 14.8638874320313 15.0596789293922 15.2038331087679 15.3436841783114 15.4519791090861 15.7460249476135 15.8715323177166 16.0881221792661 16.284630861599 16.483291098848 16.7429120587185 16.8612475791015
-9999 -9999 -9999 -9999 -9999 -9999 -9999 -9999 -9999 -9999 -9999 -9999 -9999 -9999 -9999 -9999 -9999 -9999 -9999 -9999 -9999 -9999 -9999 -9999 -9999 -9999 -9999 -9999 -9999 -9999 -9999 -9999 -9999 -9999 -9999 -9999 -9999 14.8846857962199 14.8337656632066 14.9929807269946 15.0166478310712 14.8323312932625 14.3561204718426 14.3216955931857 14.451506073121 14.4493545182049 14.5002746512182 14.6193273565732 14.6824396341108 14.7641987209208 14.9155247500166 15.1851862994954 15.3795434269123 15.4526962940581 15.6599627509713 15.7833185661584 16.0085146473721 16.1935483701527 16.3785820929334 16.6066469140351 16.920773931779 16.9738456197083
-9999 -9999 -9999 -9999 -9999 -9999 -9999 -9999 -9999 -9999 -9999 -9999 -9999 -9999 -9999 -9999 -9999 -9999 -9999 -9999 -9999 -9999 -9999 -9999 -9999 -9999 -9999 -9999 -9999 -9999 -9999 -9999 -9999 -9999 -9999 9.33738848870036 15.1892503476702 14.5949430675246 14.932020004373 14.9334543743171 14.930585634429 14.9133731951006 14.7390972469002 14.4758903621696 14.5418713795952 14.5433057495393 14.5526291541755 14.5526291541755 14.6480147554539 14.7061067381874 14.8029267094098 14.9485152587295 15.2332376926206 15.5387584907003 15.8256324795075 15.9418164449744 16.0823846994899 16.1863765204325 16.2903683413751 16.6740623014048 16.9322488913313 17.2284462847747
-9999 -9999 -9999 -9999 -9999 -9999 -9999 -9999 -9999 -9999 -9999 -9999 -9999 -9999 -9999 -9999 -9999 -9999 -9999 -9999 -9999 -9999 -9999 -9999 -9999 -9999 -9999 -9999 -9999 -9999 -9999 19.3917678966408 19.1549995718524 -9999 -9999 14.4837354875778 15.0436617983505 14.9506668136455 14.8724936516955 14.7269051023759 14.7964720446616 14.7132785879076 14.5354167148471 14.4995574662462 14.5031433911063 14.3575548417866 14.2255928069353 14.2822504197247 14.491668431554 14.6824396341108 14.8423718828708 15.0517898947001 15.4211401552893 15.5301522710361 15.725226583425 15.8722495026886 16.0744956647977 16.246620058082 16.4918973185122 16.5937375845388 16.8361461050808 17.1172826141119
-9999 -9999 -9999 -9999 -9999 -9999 -9999 -9999 -9999 -9999 -9999 -9999 -9999 -9999 -9999 -9999 -9999 -9999 -9999 -9999 -9999 -9999 -9999 -9999 -9999 -9999 -9999 -9999 -9999 11.3768862857483 9.91805530986364 14.4952543564141 15.0533039518632 8.55485255248776 12.0972684475836 15.008963706371 14.7849970851094 14.6006805473007 14.412778084632 14.3998687551357 14.2729270150885 14.2478255410679 14.1309243906289 14.0828729975037 14.1997741479427 14.1423993501812 14.0441450090148 13.9975279858336 14.2822504197247 14.6637928248383 14.9456465188414 15.1543473456986 15.3228858141229 15.6900845197961 15.8105715950951 15.7998138205148 15.9403820750304 16.3585009137169 16.4990691682324 16.3179799627978 16.6514709747862 16.6393186738715
-9999 -9999 -9999 -9999 -9999 -9999 -9999 -9999 -9999 -9999 -9999 -9999 -9999 -9999 -9999 -9999 -9999 -9999 -9999 -9999 -9999 -9999 12.4436115369537 14.5949430675246 14.7900173799135 14.7936033047736 14.6996520734392 14.6723990445025 14.2901394544169 14.2298959167674 14.3747672811151 14.4048890499398 14.5691244085319 14.8423718828708 14.8617358771153 14.6480147554539 14.5985289923847 14.4221014892682 14.3984343851916 14.3059175238013 13.8820612053387 13.9659718470648 13.8763237255625 13.9164860839956 13.8677175058983 13.9824671014212 13.9817499164492 14.1545914947055 14.3754844660871 14.7032379982993 14.9535355535336 15.1887722243555 15.370220022276 15.6312753520906 15.9138462310657 15.5021820571274 16.3298135148361 15.8987853466533 15.9084040627486 15.0349996639416 -9999 -9999
-9999 -9999 -9999 -9999 -9999 -9999 -9999 -9999 -9999 -9999 -9999 -9999 -9999 -9999 -9999 -9999 -9999 -9999 -9999 -9999 -9999 13.4359021834779 14.929868449457 14.9980010217987 14.9054841604084 14.8129672990181 14.5103152408265 14.610003951937 14.5777306281962 14.6358226109296 14.7283394723199 14.7584612411447 14.6035492871888 14.5354167148471 14.4034546799958 14.4271217840724 14.3998687551357 14.1538743097335 14.1395306102931 14.3216955931857 14.2420880612917 14.6860255589709 14.5239417552948 15.1808831896633 14.9578386633657 14.6781365242787 14.2887050844729 14.3898281655274 14.5576494489796 14.6860255589709 15.0274056056514 15.2174596232362 15.2705313111655 15.5581224849448 15.7338328030892 15.0037385015748 12.7199997156858 -9999 -9999 -9999 -9999 -9999
-9999 -9999 -9999 -9999 -9999 -9999 -9999 -9999 -9999 -9999 -9999 -9999 -9999 -9999 -9999 -9999 -9999 6.88018432352692 9.77863616043968 14.2477060102392 14.3872667906274 14.7570268712007 14.812250114046 14.7634815359488 14.7957548596896 14.7957548596896 14.7943204897456 14.8875545361079 14.7218848075718 14.7520065763965 14.8251594435424 15.0840632184409 15.0439008600079 14.9936979119666 14.5985289923847 14.4773247321136 14.3518173620105 14.1961882230826 14.331018997822 14.6329538710415 14.8624530620873 14.8975951257162 15.6047395081259 15.8177434448153 15.8593401731923 15.3716543922201 14.6580553450622 14.850260917563 14.9578386633657 15.1428723861463 15.2310861377046 14.8377101805527 13.3099997024983 -9999 -9999 -9999 -9999 -9999 -9999 -9999 -9999 -9999
-9999 -9999 -9999 -9999 -9999 -9999 -9999 -9999 -9999 -9999 -9999 -9999 -9999 -9999 -9999 -9999 -9999 13.7074266646523 14.7347941370681 14.7598956110887 14.7677846457809 14.7641987209208 14.7921689348295 14.8445234377868 14.8710592817515 15.0274056056514 14.929151264485 14.9499496286735 14.8954435708001 15.0295571605675 15.168691045139 15.2612079065293 15.2669453863055 15.3221686291508 14.8000579695217 14.4823450269178 14.2844019746408 14.3790703909472 14.5239417552948 15.5251319762319 15.529435086064 15.5954161034897 15.9540085894987 15.9303414854221 15.926755560562 15.406796455849 14.8251594435424 15.0295571605675 15.1586504555307 15.5997192133218 15.8335215141997 14.7299996707588 -9999 -9999 -9999 -9999 -9999 -9999 -9999 -9999 -9999 -9999
-9999 -9999 -9999 -9999 -9999 -9999 -9999 -9999 -9999 -9999 -9999 -9999 -9999 14.0992248148657 12.9590441463515 13.297555453144 15.1048615826294 14.6200445415452 15.0331430854276 14.6594897150062 14.7857142700814 14.9348887442611 15.0725882588886 15.0460524149239 14.9011810505763 14.971465177834 14.9356059292331 15.130680241622 15.2282173978165 15.1751457098871 15.1808831896633 15.1887722243555 15.4362010397017 15.7245093984529 15.9346445952542 14.3123721885495 14.4773247321136 14.8050782643259 15.4440900743939 16.0400707861409 16.0687581850216 16.0164036820643 16.0644550751895 16.0587175954133 15.8772697974928 15.087649143301 14.9822229524143 15.1134678022936 15.1199224670418 15.2368236174807 15.6054566930979 15.9231696357019 6.86999984644353 -9999 -9999 -9999 -9999 -9999 -9999 22.9049653382972 23.6099994722754 -9999
-9999 -9999 -9999 -9999 -9999 -9999 -9999 -9999 -9999 -9999 20.267453409582 14.5397198246792 14.5849024779163 14.8050782643259 14.572710333392 14.4554505904671 14.7656330908649 14.8280281834304 14.890423275996 15.089083513245 14.8925748309121 15.0309915305115 15.089083513245 15.1321146115661 14.9750511026941 15.008041611407 14.8287453684025 15.1084475074895 15.5115054617636 15.4548478489742 15.3996246061288 15.2454298371449 15.4046449009329 15.9360789651982 15.8736838726327 15.526566346176 14.7563096862286 15.646336236503 15.8765526125208 16.006363092456 16.0020599826239 16.0709097399376 16.126132982783 15.9497054796666 15.4283120050095 15.4720602883026 15.3508560280316 15.3379466985352 15.287026565522 15.3709372072481 15.3508560280316 15.5851364522241 11.6617999689654 -9999 -9999 -9999 16.2294076187536 16.801004041452 16.7292855442502 16.6640217117965 16.8547929143533 17.7899996023625
-9999 -9999 -9999 -9999 -9999 -9999 -9999 20.4154800609836 14.4228186742403 14.372615726199 14.3142368694767 14.9800713974983 15.1249427618459 14.4228186742403 14.5913571426645 14.9348887442611 14.8050782643259 14.9807885824703 14.9757682876661 15.0410321201198 15.2217627330683 15.2325205076486 15.2604907215573 15.2045502937399 15.3035218198784 15.049638339784 15.1629535653628 15.3716543922201 15.5409100456163 15.4684743634425 15.5064851669595 15.2332376926206 15.6743064504117 15.5918301786296 15.1435895711184 14.8409375129268 15.2841578256339 15.888027572073 15.9683522889391 16.0214239768684 16.1010315087624 16.1361735723913 16.0142521271482 15.9095431212336 16.0393536011688 16.1469313469715 15.9547257744707 15.6929532596841 15.7166203637607 15.5323038259521 15.3207342592068 15.4010589760728 15.6628314908594 14.8706179371533 16.3463087691925 16.3821680177934 16.3498946940526 16.684102891013 16.7256996193901 16.7364573939703 16.8698537987657 13.364323470008
-9999 -9999 -9999 -9999 -9999 13.6037037880742 14.4314248939045 14.4091921597719 15.0073244264349 15.0252540507354 15.0862147733569 14.9980010217987 15.0646992241964 15.5416272305883 15.5545365600847 15.4928586524911 15.406796455849 15.4526962940581 15.3544419528916 15.408948010765 15.408230825793 15.6033051381819 15.3888668315485 15.3558763228357 15.328623293899 15.648487791419 15.6284066122025 15.6133457277901 15.5129398317076 15.5975676584058 15.4613025137223 15.3006530799903 15.487838357687 15.568880259525 15.6786095602438 15.8700979477726 15.8758354275487 15.8155918898992 15.9690694739111 15.8521683234721 15.9210180807859 16.3097323356196 16.3075807807036 16.2516403528862 16.2415997632779 16.3441572142765 16.443128740415 16.2631153124385 16.0436567110009 15.7108828839846 15.7302468782291 15.566011519637 15.7245093984529 16.045808265917 16.3355509946123 16.603778174147 16.6353343129158 16.6597186019644 16.6267280932516 16.642506162636 16.8139133709483 16.7092043650337
-9999 -9999 -9999 -9999 -9999 15.1622363803908 15.7596514620818 15.8593401731923 15.6764580053277 14.9872432472184 15.3967558662407 15.0733054438606 15.3013702649623 15.4598681437783 15.4749290281907 15.5337381958961 15.6678517856635 15.5308694560081 15.5502334502526 15.6362956468947 15.8521683234721 15.9088259362616 16.0092318323441 15.7388530978933 15.5251319762319 15.6104769879021 15.609042617958 15.5767692942172 15.4419385194778 15.6936704446562 15.4648884385824 15.4777977680787 15.6248206873424 15.7137516238727 15.8801385373808 15.9124118611217 16.005645907484 16.0787987746298 16.1698812660761 16.1619922313839 16.0644550751895 16.246620058082 16.2932370812632 16.3513290639967 16.3391369194724 16.3161870003678 16.2401653933339 16.2867824165151 16.1469313469715 16.1705984510481 15.9002197165973 15.8507339535281 15.8887447570451 15.5136570166796 16.1770531157963 16.2996917460114 16.4216131912544 16.3613696536049 16.2559434627183 15.9296243004501 16.5062410179526 16.3298135148361
-9999 -9999 -9999 -9999 -9999 15.369502837304 15.9038056414574 15.6951048146002 15.5229804213159 15.4369182246737 15.4204229703173 15.3200170742348 15.5409100456163 15.2375408024527 15.131397426594 15.5308694560081 15.5366069357842 15.4548478489742 15.6965391845442 15.8830072772689 16.0099490173161 15.9583116993308 15.8041169303469 15.6692861556076 15.7976622655988 15.68793296488 15.5853755138814 15.5251319762319 15.4562822189182 15.3257545540109 15.329340478871 15.4225745252334 15.6248206873424 15.5911129936576 15.725226583425 15.9489882946946 15.8987853466533 15.9188665258698 16.0615863353014 16.0300301965326 16.0651722601615 16.0207067918964 16.164860971272 16.1490829018876 16.0974455839023 16.204306144733 16.2308419886976 16.1060518035665 16.1483657169156 16.1777703007683 16.1956999250688 16.1232642428949 16.0766472197138 16.0580004104413 16.0773644046858 16.0630207052454 16.1225470579229 16.2121951794252 16.3269447749481 16.5069582029246 16.5822626249865 16.8469038796611
-9999 -9999 -9999 -9999 -9999 15.4318979298696 15.4146854905412 15.4691915484145 15.7725607915781 15.5014648721553 15.6922360747121 15.5064851669595 15.9905850230716 15.7732779765502 15.8033997453749 15.6126285428181 15.6642658608034 15.5724661843851 15.647053421475 15.9740897687152 16.124698612839 16.0701925549656 16.165578156244 16.1146580232307 16.0393536011688 16.0436567110009 15.7144688088447 15.5631427797489 15.3415326233953 15.406796455849 15.3960386812687 15.5021820571274 15.5961332884617 15.6312753520906 15.5990020283498 15.8507339535281 15.9791100635193 15.8980681616813 16.0379192312248 16.0759300347418 16.0888393642381 16.1146580232307 16.0716269249097 16.3018433009274 16.3075807807036 16.4359568906948 16.5657673706301 16.3082979656756 16.2910855263472 16.402966381982 16.4065523068421 16.0694753699936 15.9489882946946 15.8593401731923 16.1447797920555 16.2107608094811 16.3742789831012 16.3298135148361 16.3792992779054 16.7170933997259 16.6095156539232 16.524170642253
-9999 -9999 -9999 -9999 -9999 15.4326151148416 15.446958814282 15.2597735365853 14.8014923394658 16.1297189076431 15.7496108724736 15.8916134969331 15.7768639014103 15.765388941858 15.7904904158786 15.8765526125208 15.9367961501703 15.9532914045267 15.9991912427358 16.085253439378 16.0909909191541 16.2157811042853 16.2659840523265 16.1756187458523 16.1483657169156 15.8105715950951 15.5036164270714 15.4928586524911 15.5028992420994 15.3781090569682 15.487121172715 15.5645771496929 15.7897732309066 15.7431562077254 15.7481765025295 15.804834115319 15.8622089130804 15.9281899305061 15.9088259362616 16.0113833872601 16.0694753699936 16.1182439480908 16.1641437863 16.2279732488096 16.3484603241086 16.362804023549 16.5213019023649 16.5514236711897 16.4187444513664 16.524887827225 16.4696645843796 16.362804023549 16.0221411618404 16.1153752082027 16.1454969770275 16.0780815896578 16.2265388788655 16.3212072951719 16.5277565671131 16.5377971567214 16.5198675324209 16.5872829197906
