EcologicalScience/Bass/data/rs_data_bass/sst_446.asc
NCOLS 226 
NROWS 124 
XLLCORNER -9.41648524995501 
YLLCORNER 47.587301625531 
CELLSIZE 0.0833 
NODATA_value -9999 
[rows 54 to 80 of 124, columns 124 to 185 of 226]
15.2038331087679 15.089800698217 14.929868449457 15.0331430854276 14.8961607557721 15.1407208312303 15.0381633802317 14.6057008421049 15.4197057853453 15.1048615826294 15.1443067560904 15.0044556865469 16.1770531157963 16.6346171279438 17.0670796660706 17.1890011113137 17.5253608631901 17.6845759269781 17.3388927704655 17.3417615103535 17.6723837824538 17.4163487474434 17.2327493946068 17.9026001584716 17.398419123143 17.2556993137114 16.9917752440087 17.2714773830958 17.4285408919677 17.3482161751017 17.3905300884508 17.4529251810163 17.478743840009 17.6042512101121 17.5425733025186 17.5691091464832 17.758445979096 17.9155094879679 18.0876338812523 18.198080366943 18.5889461766928 18.7718283445574 17.8445081757382 18.6427350495942 18.554521298036 18.8299203272909 18.7969298185781 18.6821802230552 18.5365916737355 19.0515304836445 19.0579851483926 19.1332895704545 19.669743929524 19.0285805645399 19.1777550387196 18.8614764660597 19.0450758188963 19.3699606112204 18.0976744708605 19.8074434441514 19.5549943340011 13.2154032938012
15.6929532596841 15.9181493408978 15.36806846736 15.0575273744762 15.208853403572 15.487121172715 15.4046449009329 15.1249427618459 15.1507614208385 15.7417218377814 15.7001251094043 16.2014374048449 16.2301248037256 16.8002868564799 16.8218024056405 17.0204626428895 17.3804894988425 17.2994475970045 17.2958616721444 17.7225867304951 17.3819238687865 17.3969847531989 17.0140079781413 18.1600695634261 17.598513730336 17.0649281111546 16.8698537987657 17.36184268957 17.4701376203448 17.1373637933284 17.043412561994 16.9803002844565 17.4091768977232 17.4959562793374 17.5511795221828 17.6666463026777 17.8072145571932 17.919095412828 18.0216528638266 18.156483638566 18.1113009853289 18.4426404424012 18.4799340609461 18.9002044545487 18.8177281827666 18.5889461766928 18.8385265469551 18.9511245875619 18.9260231135413 19.4266182240099 19.1497848248109 19.4811242818832 19.0630054431967 19.1024506166577 18.9116794141009 18.7797173792496 17.2075582724647 18.390052854328 -9999 -9999 -9999 -9999
15.9862819132395 15.8579058032483 15.8385418090038 15.4132511205971 15.3515732130036 15.210287773516 15.3350779586472 15.6398815717548 15.5172429415397 15.7359843580052 16.1110720983706 16.3154698153958 16.6159703186713 16.7967009316199 16.881328758318 17.0756858857349 17.1545762326568 17.1172826141119 16.8935209028423 16.8928037178703 17.4192174873315 17.3051850767806 17.7835474531166 17.7885677479208 17.1638996372931 17.399136308115 17.2119510304183 16.5829798099585 16.7170933997259 16.9100161571987 17.0577562614344 17.3396099554375 17.4902187995613 17.441450221464 17.8021942623891 17.4349955567159 17.6049683950841 17.3252662559971 18.0302590834908 18.0933713610284 18.0460371528752 18.0030060545541 18.8435468417592 18.872951425612 18.9977416107431 19.2028565127403 19.231543911621 19.7952512996271 19.788796634879 19.5463881143369 19.4538712529466 19.5356303397566 19.9953459068201 17.812712975312 9.80218183637286 -9999 -9999 -9999 -9999 -9999 -9999 -9999
16.5349284168333 16.0407879711129 16.3527634339407 16.2215185840614 16.0013427976519 15.9561601444148 15.5122226467356 15.8679463928565 15.9059571963735 15.9963225028478 16.2652668673545 16.5076753878966 16.4538865149952 16.6726279314607 16.8332773651928 16.8705709837377 16.9200567468069 17.0132907931693 17.3675801693462 17.4113284526393 17.9628436961211 17.8746299445629 17.9908139100298 17.7261726553552 17.5554826320149 17.7519913143478 16.7264168043621 15.3738059471361 17.082140550483 17.0936155100353 17.2363353194669 17.2241431749426 17.4988250192255 17.319528776221 17.5310983429663 17.6193120945245 17.8430738057941 17.8918423838913 17.798608337529 17.7218695455231 18.3264564769343 18.6879177028313 18.7890407838859 18.7818689341657 19.1863612583838 19.3584856516682 19.3319498077035 19.8067262591794 19.7723013805225 19.6482283803634 19.2638172353618 19.6625720798038 19.6274300161749 18.6035289377905 17.4999996088445 -9999 -9999 -9999 -9999 -9999 -9999 -9999
15.2224799180403 16.4954832433723 16.5535752261057 16.5485549313016 16.5327768619172 16.7450636136346 15.927472745534 15.9296243004501 16.205740514677 16.4338053357787 16.4008148270659 16.524887827225 16.5880001047626 16.5887172897346 16.6238593533635 16.9473097757436 17.320245961193 16.9487441456877 17.3295693658292 17.8746299445629 17.6472823084332 17.3933988283388 17.3152256663889 17.5920590655878 17.3087710016407 17.3145084814169 16.844035139773 16.7594073130749 17.0893124002032 17.2377696894109 17.1753745968454 17.3410443253815 17.521057753358 17.6867274818942 17.7613147189841 17.5346842678264 17.7634662739001 17.6587572679855 17.9635608810931 18.0976744708605 18.395306234248 18.7295144312084 18.9475386627018 19.1720175589435 19.350596616976 19.6145206866786 19.8798791263252 19.6941282185726 19.4502853280865 19.2917874492705 19.1806237786077 19.5270241200924 20.1122470572591 20.3596758726053 15.2549996590242 -9999 -9999 -9999 -9999 -9999 -9999 -9999
17.7649006438442 16.3699758732691 17.2689672356937 17.0900295851752 17.3647114294581 17.0226141978055 16.8289742553607 16.6209906134754 16.4754020641558 16.7113559199497 16.6554154921323 16.1892452603206 16.2882167864591 16.2961058211513 16.4775536190718 16.8971068277024 17.3546708398499 17.4773094700649 17.6178777245805 17.5705435164273 17.6293526841328 17.4328440017998 17.3460646201856 16.8849146831781 16.722830879502 16.8555100993253 16.0364848612808 17.0864436603151 17.0893124002032 17.1438184580766 17.5067140539177 17.5016937591136 17.6996368113905 17.6157261696644 17.5224921233021 17.3761863890104 17.7821130831726 18.0116122742184 18.0316934534349 18.3680532053113 18.7582018300891 19.1010162467137 19.1089052814059 19.1770378537476 19.033600859344 14.8139686516205 19.8547776523046 20.0269020455889 19.9738303576596 19.4517196980305 19.9365367391147 20.2463606470264 19.8748588315211 19.9709616177715 18.1549995942041 5.86499986890703 23.7447889405303 -9999 -9999 -9999 -9999 -9999
-9999 -9999 -9999 -9999 -9999 14.0749996853992 16.9200567468069 16.923642671667 16.96021910524 16.7149418448098 16.8698537987657 16.7464979835786 16.8863490531221 16.8261055154726 16.6174046886154 17.2069307356142 17.4586626607925 17.4658345105127 17.4658345105127 17.3145084814169 17.1768089667894 17.0943326950073 17.0276344926096 16.6740623014048 16.9121677121148 16.8956724577583 16.8856318681501 17.0211798278615 17.3367412155494 17.5038453140296 17.3396099554375 17.6243323893286 17.5669575915672 17.5619372967631 17.6092715049163 17.7964567826129 18.0338450083509 18.0711386268958 18.0015716846101 18.3486892110668 18.5315713789314 18.7911923388019 18.6872005178593 19.1368754953146 19.0601367033087 8.57786308289996 -9999 20.0900143231265 6.23966496137484 18.0799995958805 20.3546555778012 20.0010833865963 19.9372539240867 20.1538437856361 5.37499987985939 5.37499987985939 11.3124586604536 -9999 -9999 -9999 -9999 -9999
-9999 -9999 -9999 -9999 -9999 -9999 -9999 14.994199941447 17.6566057130694 17.3267006259412 17.0513015966862 16.884197498206 16.7974181165919 16.7715994575992 16.9437238508835 17.4443189613521 17.6279183141887 17.4278237069957 17.319528776221 17.2592852385715 17.0548875215463 16.9164708219469 16.9035614924505 17.0068361284211 16.7586901281029 17.1416669031605 17.1696371170692 17.2729117530398 17.2635883484036 17.3503677300178 17.4902187995613 17.6938993316144 17.7376476149075 17.717566435691 17.9133579330519 17.9456312567927 17.9348734822124 18.0962401009165 18.1507461587898 18.5473494483158 18.7825861191377 18.7316659861244 18.9504074025899 19.1720175589435 19.3843043106608 15.2599996589124 -9999 -9999 -9999 -9999 -9999 -9999 -9999 -9999 -9999 -9999 -9999 -9999 -9999 -9999 -9999 -9999
-9999 -9999 -9999 -9999 -9999 -9999 -9999 -9999 14.9649996655062 17.9700155458413 17.0154423480853 16.9960783538409 17.0455641169101 16.9437238508835 17.3955503832549 17.8337504011579 17.6616260078736 17.7319101351313 17.6573228980415 17.2714773830958 16.7292855442502 16.7995696715079 16.7443464286625 16.962370660156 17.1560106026009 17.0606250013225 17.081423365511 17.2865382675081 17.3102053715847 17.3840754237026 17.3812066838145 17.7060914761387 17.7383647998795 17.9520859215409 18.1127353552729 17.995834204834 18.3070924826898 18.4914090204984 18.7087160670199 18.8829920152202 18.9841150962748 19.2473219810054 19.2200689520687 19.2552110156976 11.5290094249076 7.3749998351559 -9999 -9999 -9999 -9999 -9999 -9999 -9999 -9999 -9999 -9999 -9999 -9999 -9999 -9999 -9999 -9999
-9999 -9999 -9999 -9999 -9999 -9999 -9999 -9999 -9999 17.8399996012449 17.2836695276201 17.2069307356142 17.2872554524802 17.3130741114728 17.5669575915672 18.1141697252169 17.8036286323331 17.4672688804567 17.2571336836554 16.9788659145124 17.0362407122739 17.2764976778999 17.2592852385715 17.2176885101944 17.1524246777408 17.1983245159499 17.2069307356142 17.1703543020412 17.5074312388897 17.4249549671076 17.3840754237026 17.3518020999618 17.7770927883685 18.0151981990784 18.0847651413642 18.316415887326 18.5215307893232 18.593249286525 19.0551164085045 19.0472273738123 19.0902584721334 19.2229376919568 19.5399334495887 19.4961851662956 16.0422531215278 -9999 -9999 -9999 -9999 -9999 -9999 -9999 -9999 -9999 -9999 -9999 -9999 -9999 -9999 -9999 -9999 -9999
-9999 -9999 -9999 -9999 -9999 -9999 -9999 -9999 -9999 16.7049996266142 17.6444135685451 17.4342783717439 17.4479048862122 17.7828302681446 17.7914364878088 17.8158207768574 17.6551713431254 17.8315988462418 17.7928708577529 17.0756858857349 17.1144138742238 17.3166600363329 17.2958616721444 17.0943326950073 17.3847926086746 17.4077425277792 17.3969847531989 17.4156315624714 17.6716665974818 17.5325327129103 17.6020996551961 17.8351847711019 17.9241157076322 18.0216528638266 18.3207189971581 18.3644672804512 18.4541154019535 18.7768486393616 19.0472273738123 19.312585813459 19.4129917095415 19.4101229696535 19.5155491605401 19.7536545712501 6.94700559980369 5.04848772236387 8.0128684765492 24.1799994595349 -9999 -9999 -9999 -9999 -9999 -9999 -9999 -9999 -9999 -9999 -9999 -9999 -9999 -9999
-9999 -9999 -9999 -9999 -9999 -9999 -9999 -9999 -9999 7.49518864704921 18.0094607193023 17.5798669210635 17.3733176491223 17.8602862451226 17.8330332161859 17.6731009674259 17.7433850946836 17.5698263314553 17.639393273741 17.2528305738233 17.3933988283388 17.3812066838145 17.2922757472843 17.7247382854111 17.6695150425658 17.6752525223419 17.7455366495997 17.478026655037 17.720435175579 17.9040345284157 17.7950224126689 17.7555772392079 18.0345621933229 18.3336283266544 18.4440748123452 18.4792168759741 18.8234656625427 19.0988646917976 19.1971190329641 19.2265236168168 19.3391216574237 19.4036683049053 19.5793786230497 19.4488509581424 14.8049996690825 -9999 -9999 -9999 -9999 -9999 -9999 -9999 -9999 -9999 -9999 -9999 -9999 -9999 -9999 -9999 -9999 -9999
-9999 -9999 -9999 -9999 -9999 -9999 -9999 -9999 -9999 18.1758476328105 17.7419507247396 17.7735068635084 17.7756584184244 17.8036286323331 17.5332498978823 17.5102999787778 17.6121402448043 17.5533310770988 17.7742240484804 17.8803674243391 17.6221808344126 17.7469710195437 18.0195013089105 17.9685811758973 17.7871333779767 17.7498397594318 17.8315988462418 17.8631549850106 17.9929654649459 18.0295418985188 18.1722617079504 18.1299477946013 18.2798394537531 18.436185777653 18.596118026413 18.6169163906015 18.8643452059478 19.2516250908375 19.4890133165754 19.5650349236093 19.5800958080217 19.5298928599805 19.8045747042634 19.1563829265535 -9999 -9999 -9999 -9999 -9999 -9999 -9999 -9999 -9999 -9999 -9999 -9999 -9999 -9999 -9999 -9999 -9999 -9999
-9999 -9999 -9999 -9999 -9999 -9999 -9999 -9999 18.6821802230552 18.2045350316912 17.9090548232198 18.1371196443215 17.8875392740592 17.9212469677441 17.9836420603096 17.6910305917263 17.5949278054759 17.6723837824538 17.478743840009 17.4859156897292 17.4981078342535 17.5633716667071 17.4973906492814 17.7333445050754 17.8172551468015 17.8201238866895 17.9506515515968 18.2439802051522 18.2411114652641 18.1650898582302 18.2662129392847 18.3752250550315 18.5057527199388 18.5832086969167 18.6664021536708 18.6527756392024 18.8980528996326 19.3384044724517 19.3319498077035 19.4746696171351 19.4954679813236 19.6790673341602 19.6640064497478 -9999 -9999 -9999 -9999 -9999 -9999 -9999 -9999 -9999 -9999 -9999 -9999 -9999 -9999 -9999 -9999 -9999 -9999 -9999
-9999 -9999 -9999 -9999 -9999 -9999 -9999 -9999 18.9052247493528 18.1801507426426 17.9327219272964 17.9922482799739 17.999420129694 18.0811792165041 18.0797448465601 17.8064973722212 17.6852931119502 17.5267952331342 17.6881618518382 17.7498397594318 17.7534256842919 17.7785271583125 17.958540586289 18.0510574476793 17.8050630022772 18.076876106672 18.2217474710196 18.3988921591081 18.4476607372053 18.434751407709 18.5365916737355 18.5717337373644 18.7718283445574 18.6879177028313 18.8234656625427 19.1089052814059 19.2989592989907 19.3376872874796 19.3039795937948 19.4617602876388 19.5564287039451 19.5571458889171 17.1849996158853 -9999 -9999 -9999 -9999 -9999 -9999 -9999 -9999 -9999 -9999 -9999 -9999 -9999 -9999 -9999 -9999 -9999 -9999 -9999
-9999 -9999 -9999 -9999 -9999 -9999 -9999 6.64173564479615 18.3529923208989 18.2303536906838 18.2576067196205 18.2002319218591 18.2231818409637 18.0826135864481 17.9219641527161 17.8610034300946 17.7154148807749 17.6831415570341 17.6895962217823 17.7720724935643 17.7225867304951 17.7871333779767 17.9456312567927 17.8452253607102 18.0991088408045 18.3780937949196 18.4663075464778 18.3458204711787 18.6599474889226 18.7517471653409 18.7460096855648 18.8363749920391 18.9080934892409 18.9317605933174 19.1497848248109 19.3807183858007 19.3850214956328 19.6181066115387 19.8354136580601 19.8160496638156 19.7400280567817 10.5939817045258 -9999 -9999 -9999 -9999 -9999 -9999 -9999 -9999 -9999 -9999 -9999 -9999 -9999 -9999 -9999 -9999 -9999 -9999 -9999 -9999
-9999 -9999 -9999 3.8400372271426 -9999 8.65956858865226 18.8858607551083 18.7209082115442 18.5330057488754 18.2611926444806 18.3895687544718 18.2195959161036 18.3035065578297 17.9284188174643 17.8100832970813 17.7290413952433 17.6193120945245 17.6738181523979 17.6336557939649 17.6695150425658 17.6702322275378 17.7541428692639 17.8581346902065 17.9219641527161 18.1815851125866 18.3659016503952 18.5982695813291 18.8019501133822 18.8263344024308 18.8600420961156 18.9224371886812 19.2035736977123 19.351313801948 18.9009216395207 19.2250892468728 19.6632892647758 19.8949400107376 19.8081606291234 19.9408398489468 16.9577670538272 13.2949997028336 -9999 -9999 -9999 -9999 -9999 -9999 -9999 -9999 -9999 -9999 -9999 -9999 -9999 -9999 -9999 -9999 -9999 -9999 -9999 -9999 -9999
-9999 -9999 3.88019958557561 -9999 18.9002044545487 19.0773491426371 18.9683370268904 18.9181340788491 18.6083101709373 18.6929379976355 18.2274849507958 18.2267677658238 18.2446973901242 17.8545487653464 17.7620319039561 17.5777153661475 17.5949278054759 17.4091768977232 17.6056855800562 17.7950224126689 17.6838587420061 17.5791497360915 17.8581346902065 18.0080263493583 18.3128299624659 18.516510494519 18.8141422579065 18.9790948014706 18.9088106742129 18.9733573216945 19.0278633795679 19.0931272120215 19.0823694374412 19.2580797555856 19.6432080855593 19.6926938486286 20.3159275893122 12.598698541522 11.0514345757796 -9999 -9999 -9999 -9999 -9999 -9999 -9999 -9999 -9999 -9999 -9999 -9999 -9999 -9999 -9999 -9999 -9999 -9999 -9999 -9999 -9999 -9999 -9999
16.7749996250495 16.7749996250495 -9999 18.4099995885044 19.3764152759686 19.0708944778889 18.8471327666193 18.514358939603 18.6470381594263 18.4914090204984 18.3228705520742 17.8108004820533 17.5920590655878 17.9865108001977 17.7211523605511 17.2994475970045 17.5059968689457 17.3883785335347 17.7835474531166 17.5734122563154 17.7068086611107 17.9635608810931 17.9743186556734 18.1428571240976 18.3364970665425 18.6979582924396 18.8801232753322 19.0199743448757 19.1239661658183 19.3448591371998 19.2674031602219 19.3247779579833 19.5062257559039 19.5671864785254 19.6790673341602 19.6403393456712 19.6510971202515 12.3291166792624 -9999 -9999 -9999 -9999 -9999 -9999 -9999 -9999 -9999 -9999 -9999 -9999 -9999 -9999 -9999 -9999 -9999 -9999 -9999 -9999 -9999 -9999 -9999 -9999
20.0649128491059 18.7429908371942 17.8552659503184 19.0515304836445 19.4452650332823 19.8382823979482 19.3032624088228 18.6262397952378 18.4490951071493 18.5430463384837 18.3307595867664 18.0618152222596 17.757011609152 17.4493392561562 17.4285408919677 17.3008819669485 17.4199346723035 17.4213690422475 17.5325327129103 17.800042707473 18.0567949274555 18.0582292973995 18.1909085172229 18.3601641706191 18.4777825060301 18.8184453677386 18.9898525760509 19.1024506166577 19.1261177207343 19.431638518814 19.4775383570231 19.5729239583015 19.6962797734886 19.991042796988 20.428525629919 21.0022736075334 19.6299727628939 13.8099996913224 13.0913582538255 13.2399997040629 -9999 -9999 -9999 -9999 -9999 -9999 -9999 -9999 -9999 -9999 -9999 -9999 -9999 -9999 -9999 -9999 -9999 -9999 -9999 -9999 -9999 -9999
19.4796899119392 19.4524368830025 19.5277413050644 19.194250293076 19.0579851483926 18.7302316161804 18.6133304657415 18.5918149165809 18.5473494483158 19.1727347439155 18.2827081936412 17.9248328926042 17.3338724756613 16.9430066659115 16.8576616542414 17.239921244327 17.7139805108309 17.6860102969222 17.7763756033964 17.9355906671844 18.2597582745366 18.314981517382 18.4906918355264 18.6993926623836 18.7990813734941 18.9224371886812 18.754615905229 19.3692434262484 19.4466994032264 19.5800958080217 19.4782555419952 19.6604205248877 19.8131809239276 9.76257279329718 14.305588324142 14.0422861826587 15.9905560040265 14.2440907664966 13.5877414206203 13.6099996957928 -9999 -9999 -9999 -9999 -9999 -9999 -9999 -9999 -9999 -9999 -9999 -9999 -9999 -9999 -9999 -9999 -9999 -9999 -9999 -9999 -9999 -9999
19.3197576631792 19.1483504548669 19.11392557621 18.6922208126634 18.3673360203393 18.4713278412819 18.4720450262539 18.3443861012347 18.4433576273732 17.6874446668662 16.8999755675904 16.6977294054814 17.2133854003623 17.1567277875729 17.8552659503184 17.4357127416879 17.6028168401681 17.7498397594318 17.9915310950018 18.1249274997972 18.5251167141832 18.7517471653409 18.8794060903601 18.9963072407991 19.2028565127403 19.3828699407168 19.4739524321631 19.4631946575828 19.7056031781249 19.6051972820424 19.7981200395152 19.8805963112973 19.988891242072 18.6576934790106 20.4148991154507 20.2872401904315 15.5249996529892 12.8767381415052 12.9649997102097 -9999 -9999 -9999 -9999 -9999 -9999 -9999 -9999 -9999 -9999 -9999 -9999 -9999 -9999 -9999 -9999 -9999 -9999 -9999 -9999 -9999 -9999 -9999
19.2874843394384 19.073763217777 18.8005157434382 18.2934659682214 18.0259559736587 17.9807733204216 18.0073091643862 17.9951170198619 17.9700155458413 17.719717990607 17.6845759269781 17.5052796839736 17.1316263135523 17.2377696894109 17.279366417788 17.4744407301769 18.0661183320917 17.9743186556734 17.9140751180239 18.0589464823715 18.6943723675795 18.953276142478 19.1619769693352 19.1992705878802 19.4445478483103 19.6554002300836 19.3993651950732 19.6675923746079 19.8404339528643 19.9702444327995 20.1395000861958 13.9135204272194 -9999 -9999 -9999 13.6052278061397 -9999 -9999 -9999 -9999 -9999 -9999 -9999 -9999 -9999 -9999 -9999 -9999 -9999 -9999 -9999 -9999 -9999 -9999 -9999 -9999 -9999 -9999 -9999 -9999 -9999 -9999
19.7665639007464 19.5047913859598 19.4553056228906 19.9415570339188 18.2719504190609 18.2568895346485 17.9865108001977 17.8545487653464 17.8868220890872 17.8882564590313 17.4464705162682 17.0075533133931 17.3094881866127 17.200476070866 17.5719778863713 17.8143864069134 17.8258613664657 18.0130466441624 18.2482833149843 18.7001098473556 18.8707998706959 19.071611662861 19.1863612583838 19.4187291893177 19.7005828833207 19.6123691317625 19.5843989178538 19.868404166773 20.1409344561398 20.2607043464668 20.2477950169705 19.8447370626964 20.5102847167291 15.6660619966183 -9999 -9999 -9999 -9999 -9999 -9999 -9999 -9999 -9999 -9999 -9999 -9999 -9999 -9999 -9999 -9999 -9999 -9999 -9999 -9999 -9999 -9999 -9999 -9999 -9999 -9999 -9999 -9999
20.0799737335183 19.3211920331232 19.3025452238508 18.8234656625427 18.4161045984365 18.1500289738178 18.4849543557502 17.9614093261771 17.9420453319326 17.8007598924451 17.5346842678264 16.8361461050808 16.8863490531221 17.3740348340943 17.678838447202 18.0058747944422 18.4053468238562 18.9683370268904 19.0120853101835 18.9245887435973 19.0838038073853 19.4380931835622 19.6539658601396 19.7235328024253 19.8949400107376 19.990325612016 20.107226762455 20.190420219209 20.2858058204874 20.2513809418306 20.2979979650117 20.6300546070561 20.2097842134535 20.5447095953859 14.1679384285916 4.99999988824129 -9999 -9999 -9999 -9999 -9999 -9999 -9999 -9999 -9999 -9999 -9999 -9999 -9999 -9999 -9999 -9999 -9999 -9999 -9999 -9999 -9999 -9999 -9999 -9999 -9999 -9999
-9999 -9999 -9999 -9999 7.15999983996153 18.5251167141832 18.1923428871669 18.1801507426426 18.4146702284925 17.67812126223 16.9035614924505 17.2549821287394 17.9047517133877 17.6451307535172 17.8064973722212 18.1729788929224 18.358012615703 18.5738852922805 18.7904751538299 19.3577684666961 19.5958738774061 19.712057842873 19.7658467157744 20.0763878086582 20.1316110515036 20.1158329821192 20.1222876468673 -9999 -9999 -9999 -9999 -9999 -9999 -9999 -9999 -9999 -9999 -9999 -9999 -9999 -9999 -9999 -9999 -9999 -9999 -9999 -9999 -9999 -9999 -9999 -9999 -9999 -9999 -9999 -9999 -9999 -9999 -9999 -9999 -9999 -9999 -9999
-9999 -9999 -9999 -9999 -9999 14.4878543114755 17.4228034121916 16.9867549492046 17.5440076724626 17.2944273022003 17.0606250013225 17.5059968689457 17.956389031373 17.9406109619886 18.2841425635852 18.2533036097884 18.3228705520742 18.593249286525 18.6642505987547 19.0529648535885 19.3197576631792 19.552125594113 19.8045747042634 20.0061036814004 13.7702225175583 -9999 -9999 -9999 -9999 -9999 -9999 -9999 -9999 -9999 -9999 -9999 -9999 -9999 -9999 -9999 -9999 -9999 -9999 -9999 -9999 -9999 -9999 -9999 -9999 -9999 -9999 -9999 -9999 -9999 -9999 -9999 -9999 -9999 -9999 -9999 -9999 -9999
