EcologicalScience/Bass/data/rs_data_bass/sst_78.asc
NCOLS 226 
NROWS 124 
XLLCORNER -9.41648524995501 
YLLCORNER 47.587301625531 
CELLSIZE 0.0833 
NODATA_value -9999 
[rows 54 to 80 of 124, columns 0 to 61 of 226]
-9999 -9999 -9999 -9999 -9999 -9999 -9999 -9999 -9999 -9999 -9999 -9999 -9999 -9999 -9999 -9999 -9999 -9999 -9999 -9999 -9999 -9999 -9999 -9999 -9999 -9999 -9999 -9999 -9999 -9999 -9999 -9999 -9999 -9999 -9999 -9999 -9999 -9999 14.4899996761233 16.1099996399134 15.9399996437132 15.7949996469542 15.7949996469542 13.469999698922 13.509999698028 13.9549996880814 14.0799996852875 14.0249996865168 14.9299996662885 14.4099996779114 15.1149996621534 16.0249996418133 14.8249996686354 14.0049996869639 15.9999996423721 16.1199996396899 16.099999640137 15.7249996485189 15.7749996474013 13.204604968012 -9999 15.6799996495247
-9999 -9999 -9999 -9999 -9999 -9999 -9999 -9999 -9999 -9999 -9999 -9999 -9999 -9999 -9999 -9999 -9999 -9999 -9999 -9999 -9999 -9999 -9999 -9999 -9999 -9999 -9999 -9999 -9999 -9999 -9999 -9999 -9999 -9999 -9999 -9999 -9999 -9999 14.8989996669814 15.8999996446073 15.66499964986 15.8749996451661 13.8999996893108 13.6299996953458 13.5499996971339 13.4449996994808 13.5349996974692 13.9749996876344 15.1449996614829 14.8449996681884 15.8149996465072 15.8949996447191 14.2599996812642 15.2999996580184 16.2099996376783 16.0449996413663 15.7499996479601 15.9249996440485 13.6649996945634 13.6649996945634 -9999 16.7199996262789
-9999 -9999 -9999 -9999 -9999 -9999 -9999 -9999 -9999 -9999 -9999 -9999 -9999 -9999 -9999 -9999 -9999 -9999 -9999 -9999 -9999 -9999 -9999 -9999 -9999 -9999 -9999 -9999 -9999 -9999 -9999 -9999 -9999 -9999 -9999 -9999 -9999 -9999 -9999 14.5819996740669 14.1199996843934 14.0649996856228 13.9949996871874 13.8999996893108 13.6599996946752 10.9499997552484 10.9749997546896 14.0049996869639 14.2649996811524 15.7499996479601 15.7649996476248 15.4199996553361 14.5549996746704 16.1199996396899 16.5499996300787 16.4599996320903 16.0249996418133 16.4149996330962 16.4149996330962 16.2871424930968 -9999 -9999
-9999 -9999 -9999 -9999 -9999 -9999 -9999 -9999 -9999 -9999 -9999 -9999 -9999 -9999 -9999 -9999 -9999 -9999 -9999 -9999 -9999 -9999 -9999 -9999 -9999 -9999 -9999 -9999 -9999 -9999 -9999 -9999 -9999 -9999 -9999 -9999 -9999 -9999 -9999 12.059999730438 15.4809996539727 14.2899996805936 14.2599996812642 14.1049996847287 14.1224996843375 14.1149996845052 14.0549996858463 14.2049996824935 13.9549996880814 14.8849996672943 14.6049996735528 14.3299996796995 15.1749996608123 16.6349996281788 16.8549996232614 16.5649996297434 16.4049996333197 16.514999630861 16.5599996298552 16.9449996212497 17.2999996133149 -9999
-9999 -9999 -9999 -9999 -9999 -9999 -9999 -9999 -9999 -9999 -9999 -9999 -9999 -9999 -9999 -9999 -9999 -9999 -9999 -9999 -9999 -9999 -9999 -9999 -9999 -9999 -9999 -9999 -9999 -9999 -9999 -9999 -9999 -9999 -9999 -9999 -9999 -9999 -9999 -9999 15.2739996585995 16.1999996379018 16.1999996379018 14.359999679029 14.8399996683002 14.5349996751174 14.4249996775761 14.1249996842816 14.0649996856228 14.21499968227 14.4049996780232 15.2649996588007 16.3849996337667 16.7399996258318 16.7049996266142 16.5949996290728 16.5699996296316 16.6949996268377 16.5899996291846 16.784999624826 16.5749996295199 13.0121845831046
-9999 -9999 -9999 -9999 -9999 -9999 -9999 -9999 -9999 -9999 -9999 -9999 -9999 -9999 -9999 -9999 -9999 -9999 -9999 -9999 -9999 -9999 -9999 -9999 -9999 -9999 -9999 -9999 -9999 -9999 -9999 -9999 -9999 -9999 -9999 -9999 -9999 -9999 -9999 8.65999980643392 15.2459996592253 16.6449996279553 16.6149996286258 15.4149996554479 15.2324996595271 14.6549996724352 14.3499996792525 14.3549996791407 15.3449996570125 14.3149996800348 14.3199996799231 16.5949996290728 16.6849996270612 16.2149996375665 16.8349996237084 16.7599996253848 16.3199996352196 16.3349996348843 16.5099996309727 16.1633329720547 -9999 -9999
-9999 -9999 -9999 -9999 -9999 -9999 -9999 -9999 -9999 -9999 -9999 -9999 -9999 -9999 -9999 -9999 -9999 -9999 -9999 -9999 -9999 -9999 -9999 -9999 -9999 -9999 -9999 -9999 -9999 -9999 -9999 -9999 -9999 -9999 -9999 -9999 -9999 -9999 -9999 15.8839996449649 16.0649996409193 16.6549996277317 16.6449996279553 15.1049996623769 14.8649996677414 14.8249996686354 14.2249996820465 14.3749996786937 14.1899996828288 14.1799996830523 15.7749996474013 16.9449996212497 17.3149996129796 17.1549996165559 16.8299996238202 16.6849996270612 16.6849996270612 16.3299996349961 12.7274997155182 18.7499995809048 18.9349995767698 19.084999573417
-9999 -9999 -9999 -9999 -9999 -9999 -9999 -9999 -9999 -9999 -9999 -9999 -9999 -9999 -9999 -9999 -9999 -9999 -9999 -9999 -9999 -9999 -9999 -9999 -9999 -9999 -9999 -9999 -9999 -9999 -9999 -9999 -9999 -9999 -9999 -9999 -9999 -9999 -9999 16.3599996343255 16.3649996342137 16.369999634102 15.5224996530451 14.359999679029 14.3849996784702 14.5549996746704 14.3749996786937 15.7299996484071 15.0099996645004 14.4349996773526 16.2949996357784 16.6299996282905 16.5399996303022 16.8849996225908 17.074999618344 16.0949996402487 15.997499642428 17.1249996172264 17.0699996184558 18.1499995943159 18.7199995815754 18.7299995813519
-9999 -9999 -9999 -9999 -9999 -9999 -9999 -9999 -9999 -9999 -9999 -9999 -9999 -9999 -9999 -9999 -9999 -9999 -9999 -9999 -9999 -9999 -9999 -9999 -9999 -9999 -9999 -9999 -9999 -9999 -9999 -9999 -9999 -9999 -9999 -9999 -9999 -9999 16.4549996322021 16.7299996260554 16.7099996265024 15.7999996468425 15.334999657236 14.7999996691942 14.7899996694177 14.5999996736646 15.2949996581301 15.5349996527657 15.7199996486306 15.2899996582419 15.7049996489659 15.8499996457249 16.2999996356666 16.1049996400252 16.0349996415898 16.2599996365607 16.5349996304139 16.8699996229261 17.8899996001273 18.3099995907396 18.3549995897338 18.2449995921925
-9999 -9999 -9999 -9999 -9999 -9999 -9999 -9999 -9999 -9999 -9999 -9999 -9999 -9999 -9999 -9999 -9999 -9999 -9999 -9999 -9999 -9999 -9999 -9999 -9999 -9999 -9999 -9999 -9999 -9999 -9999 -9999 -9999 -9999 -9999 -9999 -9999 -9999 16.7749996250495 16.7399996258318 16.7249996261671 15.8199996463954 15.644999650307 15.5649996520951 13.3499997016042 14.7399996705353 14.9649996655062 16.0199996419251 16.2799996361136 16.3149996353313 16.1549996389076 16.1549996389076 16.4699996318668 16.20499963779 16.0649996409193 16.2849996360019 16.8799996227026 17.5599996075034 18.1499995943159 18.2299995925277 18.3449995899573 18.4449995877221
-9999 -9999 -9999 -9999 -9999 -9999 -9999 -9999 -9999 -9999 -9999 -9999 -9999 -9999 -9999 -9999 -9999 -9999 -9999 -9999 -9999 -9999 -9999 -9999 -9999 -9999 -9999 -9999 -9999 -9999 -9999 -9999 -9999 -9999 -9999 -9999 -9999 13.8537496903446 16.9249996216968 16.7449996257201 15.70749964891 14.9799996651709 14.9599996656179 14.7899996694177 14.4649996766821 15.0799996629357 15.644999650307 16.0399996414781 16.244999636896 16.5799996294081 16.8499996233732 16.8249996239319 16.7749996250495 16.7149996263906 16.7449996257201 17.219999615103 17.6099996063858 17.6599996052682 17.7349996035919 18.1799995936453 18.2599995918572 18.5649995850399
-9999 -9999 -9999 -9999 -9999 -9999 -9999 -9999 -9999 -9999 -9999 -9999 -9999 -9999 -9999 -9999 -9999 -9999 -9999 -9999 -9999 -9999 -9999 -9999 -9999 -9999 -9999 -9999 -9999 -9999 -9999 -9999 -9999 -9999 -9999 -9999 -9999 15.9189996441826 15.6149996509776 15.4533329879244 15.2683329920595 14.794999669306 14.6599996723235 14.6699996720999 15.1699996609241 15.8949996447191 15.7599996477365 15.2949996581301 15.6099996510893 16.3399996347725 16.8599996231496 17.1049996176735 16.8399996235967 16.6999996267259 17.2349996147677 17.5049996087328 17.5699996072799 17.529999608174 17.7749996026978 18.0799995958805 18.1549995942041 18.3649995895103
-9999 -9999 -9999 -9999 -9999 -9999 -9999 -9999 -9999 -9999 -9999 -9999 -9999 -9999 -9999 -9999 -9999 -9999 -9999 -9999 -9999 -9999 -9999 -9999 -9999 -9999 -9999 -9999 -9999 -9999 -9999 -9999 -9999 -9999 -9999 10.7017388912323 15.6839996494353 15.6974996491335 15.3249996574596 16.1749996384606 16.1749996384606 14.6549996724352 14.4899996761233 15.4749996541068 16.3849996337667 16.0299996417016 16.0749996406958 15.9199996441603 15.5499996524304 15.3849996561185 16.1099996399134 17.1399996168911 16.8999996222556 17.2049996154383 17.1799996159971 17.0699996184558 17.2599996142089 17.4499996099621 18.10999959521 18.10999959521 18.3149995906278 18.4449995877221
-9999 -9999 -9999 -9999 -9999 -9999 -9999 -9999 -9999 -9999 -9999 -9999 -9999 -9999 -9999 -9999 -9999 -9999 -9999 -9999 -9999 -9999 -9999 -9999 -9999 -9999 -9999 -9999 -9999 -9999 -9999 -9999 -9999 -9999 -9999 15.2919441026429 16.514999630861 15.7649996476248 15.334999657236 14.9699996653944 14.8149996688589 14.3699996788055 14.9699996653944 15.6999996490777 16.0149996420369 16.5599996298552 16.4049996333197 15.8449996458367 15.479999653995 15.954999643378 16.0349996415898 16.5849996292964 16.3949996335432 16.764999625273 16.8199996240437 16.9699996206909 17.3399996124208 18.0949995955452 18.234999592416 18.2699995916337 18.4699995871633 18.6799995824695
-9999 -9999 -9999 -9999 -9999 -9999 -9999 -9999 -9999 -9999 -9999 -9999 -9999 -9999 -9999 -9999 -9999 -9999 -9999 -9999 -9999 -9999 -9999 -9999 -9999 -9999 -9999 -9999 -9999 9.33574979132973 14.4050637805858 16.5899996291846 16.5099996309727 16.3099996354431 14.4870451307348 13.7666663589577 14.3583330123996 15.0099996645004 14.8249996686354 14.9449996659532 14.8449996681884 15.479999653995 15.6499996501952 14.3149996800348 17.5149996085092 17.2499996144325 16.949999621138 16.9249996216968 16.2099996376783 16.5999996289611 16.6649996275082 16.3849996337667 16.639999628067 16.9999996200204 17.1299996171147 17.6949996044859 17.7299996037036 17.8999995999038 18.0249995971099 18.1699995938689 18.4499995876104 18.7199995815754
-9999 -9999 -9999 -9999 -9999 -9999 -9999 -9999 -9999 -9999 -9999 -9999 -9999 -9999 -9999 -9999 -9999 -9999 -9999 -9999 -9999 -9999 10.6218330959169 16.4249996328726 16.4249996328726 16.3999996334314 16.2749996362254 16.3849996337667 16.5949996290728 16.5799996294081 16.5649996297434 16.4699996318668 16.3649996342137 16.0899996403605 15.189999660477 15.1199996620417 15.0349996639416 15.0249996641651 15.5749996518716 15.5549996523187 15.8299996461719 15.7949996469542 16.8449996234849 17.4999996088445 17.7099996041507 17.4349996102974 17.3249996127561 16.6149996286258 15.9449996436015 15.7299996484071 16.1599996387959 16.0449996413663 17.1149996174499 17.1599996164441 17.3499996121973 17.3599996119738 17.3749996116385 17.6599996052682 18.2999995909631 18.3249995904043 -9999 -9999
-9999 -9999 -9999 -9999 -9999 -9999 -9999 -9999 -9999 -9999 -9999 -9999 -9999 -9999 -9999 -9999 -9999 -9999 -9999 -9999 -9999 12.989736551762 16.3199996352196 16.4449996324256 16.6649996275082 16.6349996281788 16.5099996309727 16.4499996323138 16.4549996322021 16.5249996306375 16.4749996317551 16.224999637343 16.1549996389076 16.0049996422604 15.9249996440485 15.0749996630475 14.484999676235 14.7249996708706 15.7449996480718 15.9999996423721 14.8399996683002 16.5599996298552 17.5799996070564 17.3699996117502 17.074999618344 16.9399996213615 16.6299996282905 16.3849996337667 16.1199996396899 15.954999643378 16.0849996404722 16.1549996389076 16.4399996325374 16.0624996409751 17.2149996152148 17.4449996100739 17.5799996070564 -9999 -9999 -9999 -9999 -9999
-9999 -9999 -9999 -9999 -9999 -9999 -9999 -9999 -9999 -9999 -9999 -9999 -9999 -9999 -9999 -9999 -9999 6.88018432352692 16.6955315417194 16.3599996343255 16.4449996324256 16.2949996357784 16.4199996329844 16.5899996291846 16.6349996281788 16.5799996294081 16.4999996311963 16.3399996347725 16.3799996338785 16.3099996354431 16.1549996389076 15.8249996462837 16.0749996406958 16.4699996318668 15.5749996518716 15.0749996630475 15.1599996611476 15.9049996444955 16.2699996363372 16.2199996374547 16.3399996347725 17.1949996156618 17.4499996099621 17.3699996117502 17.19999961555 17.0649996185675 16.9999996200204 16.3299996349961 15.0174996643327 15.2324996595271 16.1799996383488 16.1799996383488 15.3449996570125 -9999 -9999 -9999 -9999 -9999 -9999 -9999 -9999 -9999
-9999 -9999 -9999 -9999 -9999 -9999 -9999 -9999 -9999 -9999 -9999 -9999 -9999 7.65001430154831 -9999 -9999 9.44954883325454 16.6899996269494 16.4099996332079 16.3999996334314 15.9799996428192 16.3449996346608 16.6249996284023 16.6899996269494 16.5799996294081 16.6549996277317 16.3649996342137 16.2349996371195 16.3949996335432 16.3949996335432 16.2149996375665 16.224999637343 15.934999643825 15.7399996481836 15.9299996439368 15.7499996479601 15.8749996451661 16.2649996364489 16.099999640137 16.3099996354431 16.6899996269494 17.0899996180087 17.3299996126443 17.4499996099621 17.1449996167794 17.1499996166676 17.5899996068329 15.6799996495247 14.6799996718764 17.1049996176735 17.1049996176735 15.168749660952 -9999 -9999 -9999 -9999 -9999 -9999 -9999 -9999 -9999 -9999
-9999 -9999 -9999 -9999 -9999 -9999 -9999 -9999 -9999 -9999 -9999 -9999 -9999 14.7674996699207 16.1849996382371 16.2499996367842 16.2649996364489 16.2699996363372 16.4899996314198 16.4499996323138 16.2849996360019 16.389999633655 16.5599996298552 16.5349996304139 16.5199996307492 16.5299996305257 16.5299996305257 16.5849996292964 16.5249996306375 16.3299996349961 16.2849996360019 16.349999634549 16.4399996325374 16.6249996284023 16.7149996263906 16.7349996259436 16.6649996275082 16.6699996273965 16.5949996290728 16.6349996281788 16.8999996222556 17.2849996136501 17.5049996087328 17.5799996070564 17.3399996124208 16.804999624379 16.6049996288493 16.5649996297434 16.0449996413663 16.2299996372312 16.3999996334314 16.2849996360019 15.1537496612873 -9999 -9999 -9999 -9999 -9999 -9999 23.1349413433589 23.3394762225081 22.3002995015495
-9999 -9999 -9999 -9999 -9999 -9999 -9999 -9999 -9999 -9999 14.4210607878591 12.8499997127801 17.1499996166676 16.0399996414781 16.0699996408075 16.2799996361136 16.4399996325374 16.3849996337667 16.4049996333197 16.3449996346608 16.4599996320903 16.5449996301904 16.494999631308 16.369999634102 16.4049996333197 16.5199996307492 16.6349996281788 16.6899996269494 16.5649996297434 16.5199996307492 16.8649996230379 16.7899996247143 17.1649996163324 17.3599996119738 17.0249996194616 16.6949996268377 16.7199996262789 16.8949996223673 16.6949996268377 16.6749996272847 16.6749996272847 17.1749996161088 17.5899996068329 17.5549996076152 17.0049996199086 16.6199996285141 16.2999996356666 17.1449996167794 17.4549996098503 15.5674996520393 15.5566663189481 13.2579997036606 14.1849996829405 -9999 -9999 -9999 18.8299995791167 18.7349995812401 18.8349995790049 18.7349995812401 18.4599995873868 17.7899996023625
-9999 -9999 -9999 -9999 -9999 -9999 -9999 -9999 16.1699996385723 16.1349996393546 16.6749996272847 16.8699996229261 16.5249996306375 16.2149996375665 16.2699996363372 16.4149996330962 16.494999631308 16.4649996319786 16.5899996291846 16.5349996304139 16.494999631308 16.6649996275082 16.6449996279553 16.6199996285141 16.5799996294081 16.6499996278435 16.7399996258318 16.9399996213615 17.0299996193498 16.9199996218085 17.0299996193498 16.9999996200204 17.0699996184558 17.3349996125326 17.1249996172264 16.9049996221438 16.7599996253848 16.3799996338785 16.6049996288493 16.8849996225908 17.3349996125326 17.5149996085092 17.5249996082857 17.4749996094033 17.3899996113032 17.3599996119738 17.2249996149912 17.2149996152148 17.1749996161088 16.8649996230379 16.8499996233732 17.0249996194616 17.0649996185675 17.2249996149912 17.6999996043742 18.1599995940924 18.399999588728 18.2299995925277 17.9999995976686 17.964999598451 18.0249995971099 17.4049996109679
-9999 -9999 -9999 -9999 -9999 16.3649996342137 16.3349996348843 16.2499996367842 16.2349996371195 16.3749996339902 16.5449996301904 16.4449996324256 16.349999634549 16.3849996337667 16.4399996325374 16.6149996286258 16.6199996285141 16.6349996281788 16.6699996273965 16.6049996288493 16.5849996292964 16.6349996281788 16.6099996287376 16.6849996270612 16.7149996263906 16.7349996259436 16.8599996231496 16.9599996209145 17.1099996175617 17.0799996182323 17.0199996195734 17.2249996149912 17.2249996149912 17.2849996136501 17.0449996190146 16.7899996247143 16.1649996386841 16.2649996364489 16.5999996289611 17.1649996163324 17.6699996050447 17.4449996100739 17.4499996099621 17.5749996071681 17.6149996062741 17.8049996020272 18.0599995963275 17.6499996054918 17.2749996138737 17.344999612309 17.5699996072799 17.6099996063858 17.5899996068329 17.3499996121973 17.6149996062741 17.9049995997921 18.0149995973334 18.0799995958805 17.65499960538 17.5599996075034 17.4849996091798 17.6149996062741
-9999 -9999 -9999 -9999 -9999 16.3049996355549 16.4199996329844 16.4849996315315 16.5649996297434 16.6199996285141 16.5799996294081 16.5399996303022 16.5799996294081 16.6099996287376 16.7449996257201 16.784999624826 16.7299996260554 16.6849996270612 16.7299996260554 16.764999625273 16.764999625273 16.6549996277317 16.6349996281788 16.2199996374547 16.9449996212497 16.9249996216968 16.9399996213615 16.9249996216968 17.1499996166676 17.1149996174499 17.1599996164441 17.1449996167794 17.0899996180087 16.7399996258318 16.7199996262789 16.5199996307492 16.3999996334314 16.4149996330962 16.9049996221438 17.3499996121973 17.4199996106327 17.4749996094033 17.4499996099621 17.6999996043742 17.9349995991215 18.1149995950982 18.234999592416 18.2799995914102 17.9899995978922 18.0599995963275 18.2849995912984 18.1449995944276 17.5849996069446 17.5749996071681 17.3349996125326 17.3299996126443 17.2349996147677 17.2699996139854 17.1449996167794 16.8899996224791 17.0349996192381 17.4949996089563
-9999 -9999 -9999 -9999 -9999 16.6099996287376 16.6549996277317 16.6799996271729 16.7199996262789 16.6949996268377 16.6349996281788 16.5999996289611 16.6499996278435 16.7149996263906 16.7799996249378 16.7099996265024 16.6999996267259 16.65999962762 16.7399996258318 16.7749996250495 16.7199996262789 16.8149996241555 16.9399996213615 16.8799996227026 16.8799996227026 16.9049996221438 16.8899996224791 16.8349996237084 16.7349996259436 17.0299996193498 17.0349996192381 17.0349996192381 16.8399996235967 16.6099996287376 16.7949996246025 16.6949996268377 16.3849996337667 16.5449996301904 17.0849996181205 17.3599996119738 17.529999608174 17.5249996082857 17.6249996060506 17.9199995994568 18.214999592863 18.3049995908514 18.5599995851517 18.6749995825812 18.504999586381 18.3949995888397 18.3249995904043 18.2849995912984 17.4949996089563 17.3799996115267 17.674999604933 17.3699996117502 17.0899996180087 16.7299996260554 16.9799996204674 17.1749996161088 17.2099996153265 17.4799996092916
-9999 -9999 -9999 -9999 -9999 16.8949996223673 16.8749996228144 16.9049996221438 16.8849996225908 16.8399996235967 16.7099996265024 16.5349996304139 16.5099996309727 16.6149996286258 16.7449996257201 16.7299996260554 16.8099996242672 16.9249996216968 16.949999621138 16.9349996214733 16.9849996203557 16.9049996221438 16.9449996212497 16.9899996202439 17.0399996191263 17.1649996163324 16.9199996218085 16.8799996227026 16.8899996224791 16.8649996230379 16.804999624379 16.8349996237084 16.8599996231496 16.9999996200204 16.8499996233732 16.6899996269494 16.3749996339902 16.5099996309727 16.9799996204674 17.3399996124208 17.5799996070564 17.634999605827 17.8899996001273 18.1349995946512 18.254999591969 18.3049995908514 18.3099995907396 18.1999995931983 18.0599995963275 18.0549995964393 17.9749995982274 17.9549995986745 17.7199996039271 17.6499996054918 18.0049995975569 17.8399996012449 16.8949996223673 16.6949996268377 16.7049996266142 16.7799996249378 16.929999621585 16.9599996209145
-9999 -9999 -9999 -9999 -9999 17.1099996175617 17.0849996181205 17.0249996194616 16.9699996206909 17.0599996186793 16.9649996208027 17.054999618791 17.0399996191263 17.0399996191263 17.0649996185675 17.0699996184558 17.1199996173382 17.1599996164441 17.0999996177852 17.0249996194616 16.9999996200204 17.0799996182323 16.9899996202439 16.9399996213615 16.7199996262789 16.8349996237084 17.1549996165559 17.239999614656 17.3249996127561 17.2049996154383 16.9399996213615 16.9199996218085 16.9999996200204 16.9949996201321 16.8699996229261 16.8349996237084 16.7599996253848 16.494999631308 16.8199996240437 17.2649996140972 17.5999996066093 17.6399996057153 17.9299995992333 18.2599995918572 18.3449995899573 18.3749995892867 18.4299995880574 18.2749995915219 18.0749995959923 17.9999995976686 17.9849995980039 18.0449995966628 18.0749995959923 18.0449995966628 18.0799995958805 17.4649996096268 16.2549996366724 16.4999996311963 16.9149996219203 16.7899996247143 16.7949996246025 16.764999625273
