EcologicalScience/Bass/data/rs_data_bass/sst_382.asc
NCOLS 226 
NROWS 124 
XLLCORNER -9.41648524995501 
YLLCORNER 47.587301625531 
CELLSIZE 0.0833 
NODATA_value -9999 
[rows 27 to 53 of 124, columns 62 to 123 of 226]
-9999 -9999 -9999 -9999 -9999 -9999 -9999 -9999 -9999 -9999 -9999 -9999 -9999 -9999 -9999 -9999 -9999 -9999 -9999 -9999 -9999 -9999 -9999 -9999 -9999 -9999 -9999 -9999 12.5299997199327 6.8563578450121 5.63730276701972 7.15223648957908 6.6800897163339 6.5287636872381 7.15916927764192 7.11542099434882 7.53353983303532 6.50581376813352 6.88090150849894 6.81850641593337 6.82424389570951 6.66000853711739 7.53425701800734 7.26316109858453 8.15247046388686 8.1660969783552 8.19119845237583 7.67339090257883 7.73650318011642 7.07023834111169 7.05159153183922 7.13406780362129 6.86082032928243 7.30260627204552 7.12761313887313 6.45776237500831 6.76400035806 6.54741049651057 6.55171360634267 6.34444714942947 6.22467725910246 5.69467756478116
-9999 -9999 -9999 -9999 -9999 -9999 -9999 -9999 -9999 -9999 -9999 -9999 -9999 -9999 -9999 -9999 -9999 -9999 -9999 -9999 -9999 -9999 -9999 -9999 -9999 -9999 -9999 -9999 -9999 -9999 9.78499978128821 6.07984808210612 6.5567339011468 7.07597582088783 7.43887141672894 6.405407872051 7.71570481592789 7.39440594846383 7.15773490769789 7.72933133039623 7.53856012783945 6.72598955454305 6.94042786117643 6.84862818475813 7.71929074078798 6.69443341577426 7.67554245749488 7.20793785573915 6.87659839866683 7.0107119884342 7.43887141672894 7.12833032384515 7.42811364214867 7.41663868259639 7.25168613903224 6.41975157149136 6.31719412049279 6.38460950786248 6.42835779115558 6.47569199930876 6.55601671617478 6.53521835198626
-9999 -9999 -9999 -9999 -9999 -9999 -9999 -9999 -9999 -9999 -9999 -9999 -9999 -9999 -9999 -9999 -9999 -9999 -9999 -9999 -9999 -9999 -9999 -9999 -9999 -9999 -9999 -9999 -9999 -9999 -9999 12.0549997305498 6.08984648436308 7.50341806421056 7.61816765973344 6.87588121369481 7.86631366005167 8.01620531920344 7.73435162520036 8.41352579370141 7.21726126037538 6.6922818608582 6.65713979722932 7.07669300585985 6.93612475134432 6.92393260682002 7.06019775150344 6.84647662984207 6.95046845078468 6.69658497069031 6.73387858923525 6.90672016749159 7.10609758971259 7.16132083255798 8.1302377297543 7.2100894106552 6.80846582632512 6.60406810929999 6.79340494191274 6.62558365846053 6.76758628292009 6.64351328276098
-9999 -9999 -9999 -9999 -9999 -9999 -9999 -9999 -9999 -9999 -9999 -9999 -9999 -9999 -9999 -9999 -9999 -9999 -9999 -9999 -9999 -9999 -9999 -9999 -9999 -9999 -9999 -9999 -9999 -9999 -9999 8.88940410208888 8.54042978717112 6.90815453743562 7.54214605269954 7.97819451568648 8.02337716892362 7.81395915709436 7.28897975757718 7.07238989602774 7.06378367636353 7.12904750881717 6.80846582632512 6.88018432352692 6.96552933519706 8.30451367795467 7.1742301620543 7.03366190753877 6.71666614990681 6.51370280282572 6.71881770482287 6.65498824231327 6.52446057740599 7.35854669986293 6.34229559451342 6.37887202808633 6.34014403959736 6.45345926517621 6.62988676829264 6.80344553152099 7.05589464167133 6.81420330610126
-9999 -9999 -9999 -9999 -9999 -9999 -9999 -9999 -9999 -9999 -9999 -9999 -9999 -9999 -9999 -9999 -9999 -9999 -9999 -9999 -9999 -9999 -9999 -9999 -9999 -9999 -9999 -9999 -9999 -9999 -9999 11.1399997510016 8.37479780521244 7.81467634206638 8.14171268930659 8.26148257963359 8.53544723894447 8.37264625029638 8.05206456780434 7.84694966580719 7.61458173487335 8.3891415046528 6.86297188419849 5.54980620043352 7.42381053231657 7.73722036508843 7.60812707012519 7.56294441688806 7.11542099434882 7.22801903495565 6.8357188552618 6.74248480889946 6.65283668739721 6.58542130002752 6.69945371057838 6.80129397660494 6.7080599302426 6.55386516125873 6.49218725366518 6.47784355422482 6.4491561553441 6.9748527398333
-9999 -9999 -9999 -9999 -9999 -9999 -9999 -9999 -9999 -9999 -9999 -9999 -9999 -9999 -9999 -9999 -9999 -9999 -9999 -9999 -9999 -9999 -9999 -9999 -9999 -9999 -9999 -9999 -9999 -9999 -9999 -9999 11.9118384122097 7.98464918043464 8.64517653966323 8.97436444181949 8.63513595005497 8.42069764342159 8.19837030209601 8.11732840025797 7.58589433599263 7.57585374638438 7.97676014574245 7.95667896652594 7.59163181576878 6.97628710977733 6.91962949698791 7.31694997148588 7.43815423175693 7.22156437020749 7.86631366005167 8.16322823846713 7.26029235869646 7.17207860713825 7.00497450865805 6.97987303463742 6.94616534095258 6.72312081465498 6.50868250802159 6.3975188373588 6.57179478555918 6.36596269859001
-9999 -9999 -9999 -9999 -9999 -9999 -9999 -9999 -9999 -9999 -9999 -9999 -9999 -9999 -9999 -9999 -9999 -9999 -9999 -9999 -9999 -9999 -9999 -9999 -9999 -9999 -9999 -9999 -9999 -9999 -9999 -9999 9.62628871319596 8.28902900242247 7.98751792032272 8.08362070657313 7.60561692272313 8.91770682903007 8.03341775853187 7.83260596636683 7.89428387396038 7.51632739370689 7.63322854414582 7.64255194878206 7.13478498859331 7.60023803543299 6.70877711521462 7.84264655597508 7.51776176365092 7.91221349826083 7.7637562090531 8.18402660265565 8.18761252751574 8.20625933678821 7.58015685621649 7.78849909058772 8.20482496684417 7.60238959034905 7.9272743826732 6.66072572208941 6.66359446197748 6.9669637051411
-9999 -9999 -9999 -9999 -9999 -9999 -9999 -9999 -9999 -9999 -9999 -9999 -9999 -9999 -9999 -9999 -9999 -9999 -9999 -9999 -9999 -9999 -9999 -9999 -9999 -9999 -9999 -9999 -9999 -9999 -9999 -9999 -9999 8.5035272967399 8.99444562103599 9.11780143622309 8.78574479417875 8.52038635453209 6.9432966010645 7.75012969458476 7.59736929554492 7.52134768851101 7.59378337068483 7.45536667108536 7.4847712549381 7.44676045142114 7.38364817388356 7.9229712728411 8.19478437723592 8.2299264408648 8.17972349282354 8.23638110561296 8.17111727315933 8.06999419210479 8.18474378762767 8.08505507651716 7.43241675198078 7.56007567699999 7.7637562090531 7.52995390817523 7.14482557820156 7.22371592512354
-9999 -9999 -9999 -9999 -9999 -9999 -9999 10.5092837189324 10.8389801704325 9.63202306116 13.9019940014575 8.03422715764708 12.537276101778 8.27667400345714 8.41999981179833 -9999 -9999 -9999 -9999 -9999 -9999 -9999 -9999 -9999 -9999 -9999 -9999 -9999 -9999 -9999 -9999 -9999 -9999 -9999 8.68318734318018 8.37838373007253 7.99253821512684 8.07716604182497 8.17255164310336 8.02337716892362 7.70853296620771 7.70638141129166 7.66621905285865 7.59378337068483 7.15701772272587 7.19215978635475 7.27535324310884 7.36500136461109 7.3771935091354 6.68080690130591 6.78981901705265 7.66191594302654 8.08720663143322 8.13238928467035 5.69539474975318 6.25981932273135 6.5129856178537 7.81897945189849 7.29471723735332 7.37360758427531 7.35998106980696 7.60131381289102
-9999 -9999 -9999 -9999 16.079999640584 16.7389276977628 8.30021056812257 13.4401557317469 8.34467603638768 9.45434048434254 15.295202474203 19.8910127518534 -9999 -9999 -9999 -9999 -9999 -9999 -9999 -9999 -9999 -9999 -9999 -9999 -9999 -9999 -9999 -9999 -9999 -9999 -9999 -9999 -9999 -9999 9.75251013645902 7.68486586213112 8.18115786276758 8.48165836604312 8.23924984550104 8.02911464869976 8.38268683990464 7.62533950945362 7.57728811632842 7.65761283319443 7.68199712224305 7.52134768851101 7.71929074078798 6.91102327732369 7.40588090801612 7.17494734702632 7.23662525461987 7.52995390817523 6.80559708643705 6.55888545606285 5.89477217197418 7.90253150113858 6.72312081465498 6.78264716733247 6.84002196509391 6.96481215022504 7.85483870049939 7.71893214830197
8.3375041866675 9.12941983276978 8.96343494689381 7.95467084860429 8.52245822222903 8.31670582247898 9.01596117019653 9.25263221096247 8.56987211760134 15.2961535626555 -9999 -9999 -9999 -9999 -9999 -9999 -9999 -9999 -9999 -9999 -9999 -9999 -9999 -9999 -9999 -9999 -9999 -9999 -9999 -9999 -9999 -9999 -9999 -9999 11.5099997427315 9.79482404980808 9.72023681271821 8.93205052847043 8.00257880473509 8.00042724981904 7.4689931855537 7.92010253295302 7.92225408786908 7.65187535341829 7.74654376972467 7.65402690833434 7.56653034174815 7.122592844069 6.67363505158573 6.74822228867561 6.72598955454305 6.61482588388026 6.55027923639864 7.73650318011642 6.59761344455183 6.54382457165048 6.04968412593007 7.6762596424669 7.68235571472906 7.73506881017238 7.7519226570148 7.81288337963633
8.50317391520366 8.12019714014605 8.47520370129496 7.30762656684965 7.27248450322077 9.04680012399331 6.46493422472849 7.62247076956555 8.70470289234072 14.1599996834993 -9999 -9999 -9999 -9999 -9999 -9999 -9999 -9999 -9999 -9999 -9999 -9999 -9999 -9999 -9999 -9999 -9999 -9999 -9999 -9999 -9999 -9999 -9999 -9999 -9999 9.42332223430276 9.33510848274454 8.61290321592242 8.56987211760134 8.15462201880291 8.4687490365468 8.00759909953922 7.83117159642279 7.85483870049939 7.9509414867498 7.66908779274672 7.42596208723262 7.16562394239008 6.73818169906735 6.34301277948543 6.31217382568866 6.17590868100524 6.30500197596848 7.56796471169218 7.8114490096923 6.42979216109961 6.61984617868438 6.56247138092294 6.89022491313517 7.52385783591308 6.22754599899054 7.58697011345066
8.48524429090321 5.93995482521132 5.45513778412715 7.83690907619894 7.62533950945362 7.87491987971589 7.9272743826732 8.43695383612067 8.26026441986495 -9999 -9999 -9999 -9999 -9999 -9999 -9999 -9999 -9999 -9999 -9999 -9999 -9999 -9999 -9999 -9999 -9999 -9999 -9999 -9999 -9999 -9999 -9999 -9999 -9999 -9999 -9999 8.60501418123022 8.84383677691221 8.89977720472962 9.01380961528048 8.63155002519488 8.28299812879413 7.57441937644035 7.26316109858453 7.37575913919136 7.6561784632504 7.38006224902347 7.44532608147711 6.91604357212782 6.71881770482287 6.71092867013067 6.65498824231327 6.20531326485798 7.61601610481739 6.91174046229571 6.92249823687598 6.97413555486128 6.94975126581267 6.93325601145625 6.65355387236923 6.22324288915843 7.56402019434609
8.25431072991341 8.42643512319773 7.37504195421934 7.30332345701754 8.35830255085602 8.35399944102392 8.03341775853187 8.74988554557785 12.7897884929553 -9999 -9999 -9999 -9999 -9999 -9999 -9999 -9999 -9999 -9999 -9999 -9999 -9999 -9999 -9999 -9999 -9999 -9999 -9999 -9999 -9999 -9999 -9999 -9999 -9999 -9999 -9999 -9999 -9999 -9999 -9999 4.74460828864947 11.8550574127585 6.9949339190498 6.83500167028978 7.26244391361251 6.62414928851649 7.42022460745648 7.41376994270831 7.20506911585107 6.93827630626038 6.68582719611004 6.50796532304958 6.43266090098768 6.46780296461657 6.79914242168888 7.02433850290254 7.0587633815594 6.93684193631634 6.95764030050486 7.00569169363007 7.90360727859661 7.67052216269076
8.53759879386052 8.27152316924185 8.6602374240756 7.22801903495565 8.33463544677943 8.28012938890606 9.92248297482729 8.52026682370342 14.0649996856228 -9999 -9999 -9999 -9999 -9999 -9999 -9999 -9999 -9999 -9999 -9999 -9999 -9999 -9999 -9999 -9999 -9999 -9999 -9999 -9999 -9999 -9999 -9999 -9999 -9999 -9999 -9999 -9999 -9999 -9999 -9999 -9999 -9999 -9999 10.6765106407072 6.73316140426323 6.66789757180959 6.64494765270501 7.14912868803367 7.06019775150344 7.04585405206308 6.95477156061679 6.80057679163292 6.50868250802159 6.5129856178537 6.87014373391867 6.94186223112047 6.87301247380674 6.84504225989804 7.07382426597178 7.10322884982452 7.0465712370351 7.10466321976855
8.34109011152759 8.48811303079128 8.57991270720959 8.11087373550981 8.02768027875572 8.20410778187215 8.14673298411071 7.97245703591034 8.11517684534192 14.9449996659532 -9999 -9999 -9999 -9999 -9999 16.1899624452926 -9999 -9999 -9999 -9999 -9999 -9999 -9999 -9999 -9999 -9999 -9999 -9999 -9999 -9999 -9999 -9999 -9999 -9999 -9999 -9999 -9999 -9999 -9999 -9999 -9999 -9999 -9999 -9999 4.60142497711844 6.77260657772422 6.87588121369481 6.91819512704387 7.50700398907065 7.05517745669931 7.2179784453474 6.99851984390989 7.05159153183922 7.19789726613089 6.86512343911454 6.74678791873157 6.90026550274342 7.13263343367726 7.1383709134534 7.16060364758596 7.00569169363007 7.07238989602774
8.83809929713607 8.75992613518611 8.05349893774837 8.31598863750696 7.94233526708558 8.2299264408648 8.23996703047305 8.17828912287951 8.13238928467035 8.9709295032693 15.7999996468425 -9999 -9999 -9999 -9999 -9999 -9999 -9999 -9999 -9999 -9999 -9999 -9999 -9999 -9999 -9999 -9999 -9999 -9999 -9999 -9999 -9999 -9999 -9999 -9999 -9999 -9999 -9999 -9999 -9999 -9999 -9999 -9999 -9999 -9999 7.17999983951449 7.13119906373322 7.10896632960066 7.13693654350936 7.61673328978941 7.34276863047853 7.38723409874365 7.08601641049609 6.8794671385549 6.8794671385549 6.88377024838701 7.01788383815438 7.08529922552407 6.84647662984207 6.77260657772422 6.8156376760453 6.93827630626038
8.69107637787238 8.9707785169594 8.41496016364545 7.6325113591738 7.44389171153307 7.74080628994852 7.95022430177778 8.37479780521244 8.27439190912992 8.08003478171304 8.24080374627374 16.85166337993 -9999 -9999 14.9991995175742 -9999 20.7806292995145 20.6741585674491 -9999 -9999 -9999 -9999 -9999 -9999 -9999 -9999 -9999 -9999 -9999 -9999 -9999 -9999 -9999 -9999 -9999 -9999 -9999 -9999 -9999 -9999 -9999 -9999 -9999 -9999 -9999 8.8399998024106 11.5749997412786 11.1868262916221 7.55864130705595 7.27105013327673 7.33918270561844 7.1584520926699 7.61673328978941 7.01142917340621 7.10609758971259 7.00784324854612 6.99708547396585 6.89165928307921 6.98919643927366 6.78981901705265 6.70447400538251 6.90528579754755
8.65808586915955 8.66956082871184 8.00903346948326 8.26363413454965 8.5842158170417 8.69035919290036 8.72478407155722 8.64374216971919 8.29016997851431 8.13382365461439 8.83379618730396 6.6550480077276 17.4599996097386 9.43756347874712 8.99420655937865 12.9883383940547 9.16119112703018 11.5515396349622 -9999 -9999 -9999 -9999 -9999 -9999 -9999 -9999 -9999 -9999 -9999 -9999 -9999 -9999 -9999 -9999 -9999 -9999 -9999 -9999 -9999 -9999 -9999 -9999 -9999 -9999 -9999 -9999 -9999 -9999 7.35280922008678 7.09964292496443 6.923215421848 7.122592844069 7.26818139338866 6.89811394782737 6.54812768148258 6.27057709731162 6.2619708776474 6.13933224743232 6.36524551361799 6.34444714942947 6.39106417261064 6.29496138636023
8.47663807123899 8.52182072447613 8.7319559212774 8.82016967283562 8.75634021032602 8.63800468994305 8.63298439513892 8.51321450481191 8.48811303079128 8.29447308834642 8.22634051600471 8.10011596092954 7.59593492560089 9.90527053549886 8.26984973764047 9.43438737387104 15.6399996504188 18.3934310258349 -9999 -9999 -9999 -9999 -9999 -9999 -9999 -9999 -9999 -9999 -9999 -9999 -9999 -9999 -9999 -9999 -9999 -9999 -9999 -9999 -9999 -9999 -9999 -9999 -9999 -9999 -9999 -9999 -9999 -9999 6.76328317308798 6.68726156605408 6.67865534638986 6.55171360634267 6.86870936397463 7.26746420841664 6.77547531761229 6.46206548484042 6.55171360634267 6.70590837532654 6.59904781449586 6.47999510914087 6.33942685462534 6.19598986022174
8.84813988674432 9.2139042224735 9.04680012399331 8.79363382887095 8.78144168434665 8.81299782311544 8.65808586915955 8.65808586915955 8.54763938346878 8.53114412911236 7.99971006484702 8.03772086836398 8.27797783399001 7.63059886591509 9.13114107670262 13.9992666160688 14.4186948606512 -9999 -9999 -9999 -9999 -9999 -9999 -9999 -9999 -9999 -9999 -9999 -9999 -9999 -9999 -9999 -9999 -9999 -9999 -9999 -9999 -9999 -9999 -9999 -9999 -9999 -9999 -9999 -9999 -9999 -9999 -9999 6.92464979179204 6.84002196509391 6.37528610322624 5.91915646102279 6.32723471010104 6.23256629379466 6.15367594687268 6.28348642680794 6.69801934063435 6.62558365846053 6.53450116701424 6.40971098188311 6.51944028260186 6.38891261769459
9.29566330928355 9.1421857252717 8.96647540712729 8.79865412367508 8.68103578826413 8.71689503686503 8.7914822739549 8.76853235485032 8.69968259753659 8.08935818634927 8.07429730193689 8.158207943663 8.26937161432579 8.38161106244661 9.26212637392538 6.69999985024333 -9999 -9999 -9999 -9999 -9999 -9999 -9999 -9999 -9999 -9999 -9999 -9999 -9999 -9999 -9999 -9999 -9999 -9999 -9999 -9999 -9999 -9999 -9999 -9999 -9999 -9999 -9999 -9999 -9999 -9999 -9999 -9999 11.8352631075308 6.80990019626915 6.69873652560636 6.45561082009226 6.19742423016578 5.95214696973562 5.73053681338206 5.53402813104913 5.49386577261612 5.86967069795355 6.04896694095805 6.78623309219256 6.68511001113802 6.3494674442336
8.90766623942181 8.73052155133337 8.92129275389016 8.77785575948656 8.75849176524207 8.67816704837605 8.60573136620224 8.48739584581926 8.39989927923307 8.36762595549226 8.20482496684417 7.88998076412827 8.41125470795669 8.02319787268061 13.5965191314795 -9999 -9999 -9999 -9999 -9999 -9999 -9999 -9999 -9999 -9999 -9999 -9999 -9999 -9999 -9999 -9999 -9999 -9999 -9999 -9999 -9999 -9999 -9999 -9999 -9999 -9999 -9999 -9999 -9999 -9999 -9999 -9999 -9999 -9999 13.0526587398419 6.53234961209819 6.0188451721333 5.9514297847636 5.75276954751462 5.61937314271927 5.50390636222437 5.08507033856586 6.1543931318447 7.15558335278183 7.16060364758596 7.04370249714702 6.67076631169766
8.92344430880621 8.88901943014935 8.86750388098881 7.79029205301777 8.80654315836728 8.11015655053779 8.46588029665872 8.46229437179863 8.43002104805782 8.40061646420509 8.51608324469998 8.52684101928025 8.64876246452332 8.08679681144921 7.93698897911236 15.0253001084859 -9999 -9999 -9999 -9999 -9999 -9999 -9999 -9999 -9999 -9999 -9999 -9999 -9999 -9999 -9999 -9999 -9999 -9999 -9999 -9999 -9999 -9999 -9999 -9999 -9999 -9999 -9999 -9999 -9999 -9999 6.10484760336112 6.3673583017788 7.10499984119087 -9999 11.5949583295733 6.02243109699339 5.86608477309346 5.72336496366188 5.36046936782077 5.54622027557343 5.48956266278401 6.51011687796563 7.15558335278183 7.6561784632504 7.65833001816645 7.10394603479654
8.82447278266773 8.84813988674432 8.89475690992549 8.84885707171634 8.75060273054987 8.4888302157633 8.43145541800186 8.40850549889728 8.41926327347755 8.4967192504555 8.53544723894447 8.4529709671624 8.49528488051146 9.17696919641457 8.40387639589608 -9999 -9999 -9999 -9999 -9999 -9999 -9999 -9999 -9999 -9999 -9999 -9999 -9999 -9999 -9999 -9999 -9999 -9999 -9999 -9999 -9999 -9999 -9999 -9999 -9999 -9999 -9999 -9999 -9999 -9999 -9999 -9999 -9999 8.43793425752436 12.4470066756476 6.42979216109961 8.51563500409247 11.1050413064659 5.94999541481957 5.99876399291679 6.04251227620989 6.04896694095805 5.91413616621867 6.17877742089331 7.62964261928573 7.56724752672017 7.61888484470546
8.79435101384297 8.87395854573697 8.82303841272369 8.35256507107988 8.59425640664995 8.49958799034357 8.3016449380666 8.22705770097673 8.21845148131251 8.29805901320651 8.33033233694732 8.41280860872939 9.04464856907725 9.87479017418809 14.4899996761233 -9999 -9999 -9999 -9999 -9999 -9999 -9999 -9999 -9999 -9999 -9999 -9999 -9999 -9999 -9999 -9999 -9999 -9999 -9999 -9999 -9999 -9999 -9999 -9999 -9999 -9999 -9999 -9999 -9999 -9999 -9999 -9999 -9999 -9999 -9999 12.6503538533955 8.27268859482137 6.45919674495235 6.19598986022174 6.00665302760899 6.03462324151769 5.94999541481957 5.99374369811267 5.90839868644252 6.38102358300239 6.98561051441357 6.7360301441513
8.89475690992549 8.67386393854395 8.74486525077373 8.60501418123022 8.48380992095917 8.34682759130374 8.35113070113584 8.34467603638768 8.3296151519753 8.45153659721836 8.59282203670591 8.4450819324702 8.6602374240756 9.02698788914131 16.7325974883344 -9999 -9999 -9999 -9999 -9999 -9999 -9999 -9999 -9999 -9999 -9999 -9999 -9999 -9999 -9999 -9999 -9999 -9999 -9999 -9999 -9999 -9999 -9999 -9999 -9999 -9999 -9999 -9999 -9999 -9999 -9999 -9999 -9999 -9999 -9999 -9999 -9999 14.5099996756762 9.96001565502957 5.75492110243067 6.03820916637778 6.16371653648093 6.03462324151769 6.09271522425115 6.12283699307591 6.34086122456938 6.41831720154732
