EcologicalScience/Bass/data/rs_data_bass/sst_97.asc
NCOLS 226 
NROWS 124 
XLLCORNER -9.41648524995501 
YLLCORNER 47.587301625531 
CELLSIZE 0.0833 
NODATA_value -9999 
[rows 81 to 107 of 124, columns 62 to 123 of 226]
6.88499984610826 -9999 -9999 -9999 -9999 -9999 -9999 -9999 -9999 -9999 -9999 -9999 -9999 -9999 -9999 -9999 -9999 -9999 -9999 -9999 -9999 -9999 -9999 -9999 -9999 -9999 -9999 -9999 -9999 -9999 -9999 -9999 -9999 -9999 -9999 -9999 -9999 -9999 -9999 -9999 -9999 -9999 -9999 -9999 -9999 -9999 -9999 -9999 -9999 -9999 -9999 -9999 -9999 -9999 -9999 -9999 -9999 -9999 -9999 -9999 -9999 -9999
10.3620585919193 -9999 -9999 -9999 -9999 -9999 -9999 -9999 -9999 -9999 -9999 -9999 -9999 -9999 -9999 -9999 -9999 -9999 -9999 -9999 -9999 -9999 -9999 -9999 -9999 -9999 -9999 -9999 -9999 -9999 -9999 -9999 -9999 -9999 -9999 -9999 -9999 -9999 -9999 -9999 -9999 -9999 -9999 -9999 -9999 -9999 -9999 -9999 -9999 -9999 -9999 -9999 -9999 -9999 -9999 -9999 -9999 -9999 -9999 -9999 -9999 -9999
-9999 -9999 -9999 -9999 -9999 -9999 -9999 -9999 -9999 -9999 -9999 -9999 -9999 -9999 -9999 -9999 -9999 -9999 -9999 -9999 -9999 -9999 -9999 -9999 -9999 -9999 -9999 -9999 -9999 -9999 -9999 -9999 -9999 -9999 -9999 -9999 -9999 -9999 -9999 -9999 -9999 -9999 -9999 -9999 -9999 -9999 -9999 -9999 -9999 -9999 -9999 -9999 -9999 -9999 -9999 -9999 -9999 -9999 -9999 -9999 15.5734996519051 -9999
-9999 -9999 -9999 -9999 -9999 -9999 -9999 -9999 -9999 -9999 -9999 -9999 -9999 -9999 -9999 -9999 -9999 -9999 -9999 -9999 -9999 -9999 -9999 -9999 -9999 -9999 -9999 -9999 -9999 -9999 -9999 -9999 -9999 11.3199997469783 11.209999749437 11.1449997508898 -9999 -9999 -9999 -9999 -9999 -9999 -9999 -9999 -9999 -9999 -9999 -9999 -9999 -9999 -9999 -9999 -9999 -9999 -9999 -9999 17.2699996139854 17.2321947367816 5.59299987498671 5.95999986678362 5.75899987127632 6.60899985227734
-9999 -9999 -9999 -9999 -9999 -9999 -9999 -9999 -9999 -9999 -9999 -9999 -9999 -9999 -9999 -9999 -9999 -9999 -9999 -9999 -9999 -9999 -9999 -9999 -9999 -9999 -9999 -9999 -9999 -9999 -9999 -9999 -9999 12.543333052968 12.543333052968 8.08099981937557 8.01049982095137 7.69235276923898 9.2338634299707 13.5696548691084 11.63309973998 -9999 15.6787927529999 4.78499989304692 4.86249989131466 4.72374989441596 4.99333322172364 9.01833313175788 9.33399979136884 9.19633312777927 6.40999985672534 13.0570830414848 16.2581429485405 -9999 7.66535697152306 6.15249986248091 4.62499989662319 4.62499989662319 5.85124986921437 5.83874986949377 5.86249986896291 5.90624986798503
-9999 -9999 -9999 -9999 -9999 -9999 -9999 -9999 -9999 -9999 -9999 -9999 12.9699997100979 10.7559088504958 7.41142840577023 7.21916650530572 6.40833319009592 6.45166652246068 8.92578927417727 -9999 -9999 -9999 -9999 -9999 -9999 11.894999734126 11.823500349608 16.4548567750624 6.26999985985458 6.53999985381961 6.52499985415488 6.5149998543784 5.59333320831259 4.95749988919124 9.70239978313446 -9999 16.2156246375525 5.93999986723065 5.90499986801296 5.82999986968935 7.8099998254329 7.87999982386827 7.93999982252717 5.65166654034207 6.10499986354262 6.10499986354262 5.89333320160707 7.04499984253198 6.92499984521419 6.70999985001981 6.66499985102564 7.30099983680993 6.4299998562783 6.71833318316688 6.48499985504895 6.74374984926544 6.71499984990805 6.82874984736554 6.83624984719791 6.57833318629613 7.02749984292313 6.91999984532595
-9999 -9999 -9999 -9999 -9999 -9999 -9999 -9999 15.8975673074554 10.6683330948775 7.68249982828274 7.79249982582405 7.4224998340942 7.05249984236434 7.02499984297901 7.74749982682988 8.04499982018024 7.63999982923269 7.71999982744455 7.0349998427555 7.03333317612608 8.04428553448192 8.06785696252648 6.8049998478964 6.8049998478964 8.74657875186715 13.6820309441828 6.23999986052513 6.58499985281378 6.54499985370785 7.12499984074384 6.9749998440966 6.98999984376132 6.98499984387308 6.52624985412695 14.2659996811301 6.2062498612795 6.33999985828996 6.30499985907227 6.43999985605478 7.79499982576817 8.01499982085079 8.32499981392175 8.40499981213361 7.74499982688576 7.73499982710928 7.90499982330948 7.90499982330948 7.08499984163791 6.90999984554946 7.31499983649701 7.22333317187925 7.02749984292313 6.30499985907227 6.31833319210758 6.49749985476956 7.67299982849508 7.01499984320253 7.01999984309077 7.17374983965419 7.18499983940274 6.94999984465539
-9999 -9999 -9999 -9999 -9999 -9999 -9999 -9999 6.41499985661358 6.39999985694885 7.16499983984977 7.69499982800335 7.96499982196838 8.05999981984496 8.11999981850386 8.12666648502151 8.15749981766567 8.16999981738627 7.97249982180074 6.79499984811991 6.14833319590737 6.48499985504895 6.70999985001981 6.86999984644353 6.90499984566122 7.0349998427555 6.98999984376132 7.1199998408556 7.1449998402968 7.08499984163791 7.34499983582646 7.06999984197319 6.7199998497963 6.79499984811991 6.91499984543771 7.22999983839691 7.8099998254329 7.27833317064991 7.98499982152134 8.02999982051551 8.13499981816858 7.88999982364476 8.28999981470406 8.13999981805682 8.29999981448054 8.2099998164922 7.86499982420355 6.962499844376 7.10249984124675 7.90499982330948 7.894999823533 7.87499982398003 7.17666650625567 7.35124983568676 7.31999983638525 7.80399982556701 7.92999982275069 7.67299982849508 7.90199982337654 7.91499982308596 6.14999986253679 6.07499986421317
-9999 -9999 -9999 -9999 -9999 -9999 -9999 -9999 6.01499986555427 5.89999986812472 7.50499983225018 7.87499982398003 7.86999982409179 8.21499981638044 8.10999981872737 7.93999982252717 7.78499982599169 7.64499982912093 7.77499982621521 7.77999982610345 7.75999982655048 7.70499982777983 7.59999983012676 7.61999982967973 7.04999984242022 7.06499984208494 7.90999982319772 7.749999826774 7.81499982532114 7.78999982587993 7.55999983102083 7.08999984152615 7.17499983962625 7.22999983839691 7.56499983090907 7.76499982643872 7.749999826774 7.59999983012676 7.93999982252717 7.93499982263893 8.47499981056899 8.60499980766326 8.68499980587512 8.6099998075515 8.71499980520457 8.78499980363995 8.57499980833381 8.22999981604517 8.19199981689453 7.75499982666224 7.82999982498586 7.93499982263893 8.05999981984496 8.1809998171404 7.83999982476234 7.64499982912093 7.51499983202666 7.8639998242259 7.98999982140958 6.44999985583127 6.35999985784292 6.14999986253679
9.955309730385 9.40499978978187 -9999 -9999 -9999 -9999 -9999 -9999 15.9477415790241 8.07499981950969 7.99499982129782 7.50999983213842 7.30499983672053 7.20666650558511 8.64499980676919 8.45999981090426 7.93999982252717 7.894999823533 7.82499982509762 7.84499982465059 7.83999982476234 8.3799998126924 8.71999980509281 8.63499980699271 8.74999980442226 8.40499981213361 8.13999981805682 7.79999982565641 7.70499982777983 7.74499982688576 7.69499982800335 7.49999983236194 7.40499983448535 7.55999983102083 7.89999982342124 7.86499982420355 7.82999982498586 7.894999823533 7.94999982230365 8.38499981258065 8.74499980453402 8.40499981213361 8.45999981090426 8.47499981056899 8.18999981693923 8.20499981660396 7.23799983821809 8.28299981486052 8.35199981331825 8.35333314662178 8.75833313756933 8.20499981660396 8.20499981660396 8.15599981769919 7.90999982319772 8.15299981776625 8.1229998184368 8.039999820292 7.11499984096736 7.78699982594699 6.83499984722584 6.54499985370785
8.25499981548637 8.53099980931729 8.18499981705099 7.51833316528549 7.53928554576955 -9999 16.1899624452926 7.40999983437359 8.67999980598688 8.86499980185181 8.82499980274588 8.78999980352819 9.1066664631168 5.68999987281859 5.76499987114221 8.99499979894608 9.01499979849905 8.28499981481582 8.25499981548637 8.79499980341643 9.00999979861081 9.10499979648739 9.12499979604036 9.07499979715794 8.8999998010695 8.75999980419874 8.68499980587512 8.54499980900437 8.36999981291592 8.35999981313944 8.37499981280416 8.11999981850386 7.68499982822686 7.57499983068556 7.84999982453883 7.88499982375652 7.87999982386827 8.09499981906265 8.23999981582165 8.31999981403351 8.35999981313944 8.36999981291592 8.55499980878085 8.79999980330467 8.35999981313944 8.38999981246889 8.47499981056899 7.82399982511997 8.76499980408698 8.6333331403633 8.56999980844557 8.29999981448054 8.68666647250454 8.67999980598688 8.40299981217831 8.28399981483817 8.2949998145923 7.73499982710928 7.73499982710928 7.75399982668459 7.32399983629584 6.78999984823167
8.81199980303645 8.86999980174005 8.92999980039895 8.90499980095774 7.17333317299684 7.15499984007329 8.49999981001019 8.45499981101602 9.03999979794025 9.16499979514629 9.15999979525805 9.26499979291111 8.72499980498105 9.06833313064029 8.90166646769891 8.47166647731016 8.81666646959881 4.95999988913536 5.35999988019466 9.34999979101121 9.36999979056418 9.32499979157001 9.17499979492277 9.18999979458749 9.24999979324639 9.1549997953698 9.21999979391694 9.09999979659915 8.90499980095774 8.63499980699271 8.66499980632216 8.6099998075515 8.01499982085079 7.9799998216331 8.11999981850386 8.34999981336296 8.51999980956316 8.49499981012195 8.56499980855733 8.48999981023371 8.52999980933964 8.49999981001019 8.5249998094514 8.52999980933964 8.50999980978668 8.47999981045723 8.38333314595123 8.70999980531633 8.47999981045723 8.47999981045723 8.91833313399305 8.98833313242843 8.96666646624605 8.85999980196357 8.75333313768109 8.78499980363995 8.58166647485147 8.52666647608081 8.47499981056899 8.37499981280416 7.77166649295638 7.66666649530331
9.28299979250878 9.16999979503453 8.83749980246648 8.7549998043105 8.3791664793777 8.06833315299203 8.73999980464578 8.81999980285764 9.18999979458749 9.34999979101121 9.38999979011714 9.39999978989363 9.27499979268759 4.45499990042299 9.23333312695225 9.11999979615211 9.27999979257584 4.34499990288168 7.35999983549118 9.3849997902289 9.44999978877604 9.41499978955835 9.17999979481101 9.26499979291111 9.16499979514629 9.16999979503453 9.22999979369342 9.22499979380518 9.26999979279935 9.21999979391694 8.98999979905784 8.80499980319291 8.45499981101602 8.51499980967492 8.57999980822206 9.00999979861081 9.03999979794025 9.07499979715794 9.06499979738146 9.1549997953698 9.14999979548156 9.06499979738146 8.73499980475754 8.68499980587512 8.6099998075515 8.59499980788678 8.6099998075515 8.73399980477989 9.08333313030501 9.05999979749322 8.55166647552202 8.54666647563378 8.43333314483364 8.46666647742192 8.69333313902219 8.50999980978668 8.44499981123954 8.41999981179833 8.40499981213361 8.23999981582165 6.78999984823167 7.02166650972019
9.22999979369342 9.23999979346991 8.75999980419874 8.75999980419874 9.14999979548156 9.14999979548156 8.9849997991696 9.0699997972697 9.22499979380518 9.27499979268759 9.32999979145825 9.51499978732318 9.5899997856468 9.36833312393477 9.29499979224056 9.31833312505235 9.35333312427004 9.28499979246408 9.30499979201704 9.51499978732318 9.14499979559332 9.37999979034066 9.34499979112297 9.25999979302287 9.25999979302287 8.95999979972839 9.10999979637563 9.30999979190528 9.34499979112297 9.32499979157001 9.23999979346991 9.12499979604036 8.97499979939312 8.93499980028719 8.94499980006367 8.90499980095774 8.94499980006367 9.01999979838729 9.11499979626387 9.21999979391694 9.27999979257584 9.24499979335815 8.99999979883432 8.78499980363995 8.74499980453402 8.67499980609864 8.71999980509281 8.87499980162829 8.79666647004584 8.8149998029694 8.86999980174005 8.66499980632216 8.08499981928617 8.6099998075515 8.5616664752985 8.27142838654774 8.23785695872669 7.99499982129782 6.66833318428447 6.88166651284943 5.80166653698931 6.02166653207193
9.47999978810549 9.45499978866428 9.39499979000539 9.64687478437554 9.30999979190528 9.27999979257584 9.32499979157001 9.26999979279935 9.22499979380518 9.34999979101121 9.36999979056418 9.28999979235232 9.19499979447573 9.33166645808766 9.45833312192311 9.48999978788197 9.43666645574073 9.01499979849905 4.53499989863485 8.8999998010695 9.4449997888878 9.39999978989363 9.33999979123473 9.33499979134649 9.30999979190528 9.28499979246408 9.19499979447573 9.13499979581684 9.21999979391694 9.18499979469925 9.10999979637563 8.97499979939312 8.86499980185181 8.57999980822206 8.63999980688095 8.27499981503934 8.3799998126924 8.46999981068075 8.74999980442226 8.92999980039895 9.04999979771674 9.07999979704618 9.02999979816377 9.04999979771674 9.04999979771674 8.9849997991696 8.63749980693683 8.62249980727211 8.65166647328685 8.61999980732799 8.70999980531633 8.6699998062104 7.5799998305738 7.48099983278662 7.81166649206231 7.45333316673835 7.57333316405614 6.12642843449222 5.4957141628755 5.63999987393618 6.41333318998416 5.76666653777162
9.74999978207052 9.65499978419393 9.5299997869879 9.23166646032284 9.47499978821725 9.48499978799373 9.54999978654087 9.48999978788197 9.34999979101121 9.50499978754669 9.54999978654087 9.55999978631735 9.54499978665262 9.44833312214663 9.45833312192311 9.47166645495842 9.05999979749322 8.94499980006367 9.57499978598207 9.33999979123473 9.41499978955835 9.23999979346991 8.8149998029694 8.54499980900437 8.44499981123954 8.57999980822206 9.14499979559332 8.83499980252236 8.67499980609864 8.61499980743974 8.68999980576336 8.32999981380999 8.1499998178333 7.90999982319772 7.894999823533 7.90499982330948 8.02499982062727 8.21499981638044 8.49499981012195 8.59499980788678 8.6699998062104 8.55999980866909 8.90999980084598 8.99999979883432 9.0449997978285 8.95499979984015 8.8149998029694 8.71499980520457 8.53833314248671 8.01499982085079 8.02166648736844 8.02499982062727 8.02499982062727 7.68099982831627 7.37399983517826 6.91999984532595 6.32199985869229 7.07999984174967 5.5735713039924 5.91642843918609 6.32333319199582 8.42294098820318
9.94999977760017 9.94499977771193 9.95499977748841 9.94999977760017 9.91499977838248 9.85999977961183 9.71499978285283 9.79499978106469 9.72999978251755 9.71499978285283 9.68499978352338 9.78099978137761 9.51799978725612 9.57799978591502 9.71499978285283 9.65499978419393 9.57749978592619 8.99499979894608 8.99499979894608 9.30999979190528 9.0449997978285 9.10499979648739 9.17499979492277 9.25499979313463 8.6699998062104 8.49499981012195 8.31499981414527 7.5199998319149 7.64499982912093 7.34499983582646 7.29499983694404 7.3499998357147 7.44999983347952 7.4949998324737 7.36999983526766 7.19999983906746 7.57499983068556 7.72499982733279 8.25499981548637 8.42999981157482 8.49499981012195 8.51999980956316 8.54499980900437 8.62499980721623 8.57999980822206 8.52999980933964 8.39999981224537 8.17499981727451 8.08499981928617 7.29499983694404 7.27999983727932 6.69299985039979 6.69499985035509 6.54499985370785 6.39599985703826 6.10999986343086 6.10699986349791 15.7429996481165 -9999 -9999 -9999 -9999
10.0149997761473 10.029999775812 10.0199997760355 10.1049997741356 10.1099997740239 10.1099997740239 9.99999977648258 10.0149997761473 10.0049997763708 4.72999989427626 4.61499989684671 10.1299997735769 9.89599977880716 9.71999978274107 9.66499978397042 9.60999978519976 9.24499979335815 9.31999979168177 9.30999979190528 8.7549998043105 9.28499979246408 9.31499979179353 9.46999978832901 9.36499979067594 8.08999981917441 8.54999980889261 8.63499980699271 8.46499981079251 5.96499986667186 6.89499984588474 7.36499983537942 6.89499984588474 7.46499983314425 7.50999983213842 7.59499983023852 7.78499982599169 7.96999982185662 8.03499982040375 8.15999981760979 8.19499981682748 8.36499981302768 8.49999981001019 8.46499981079251 8.38499981258065 8.31999981403351 7.49999983236194 7.65999982878566 7.54999983124435 7.75999982655048 6.79199984818697 6.71199984997511 6.48333318841954 6.00799986571073 6.41599985659122 8.08333315265675 14.1083996846527 -9999 -9999 -9999 -9999 -9999 -9999
10.1549997730181 10.1399997733533 10.1649997727945 10.2599997706711 10.1199997738004 10.0599997751415 10.0599997751415 10.0649997750297 10.0649997750297 10.029999775812 9.90999977849424 9.83999978005886 9.86999977938831 9.82999978028238 9.75499978195876 9.77999978139997 9.19399979449809 9.43499978911132 9.38999979011714 9.26499979291111 9.24999979324639 9.11499979626387 9.09999979659915 9.07499979715794 9.08499979693443 8.6099998075515 8.50499980989844 8.49499981012195 8.6099998075515 10.3959997676313 15.7200939882512 15.8388231753865 15.8388231753865 -9999 -9999 16.1013632764701 8.21333314975103 7.94499982241541 7.99499982129782 7.82999982498586 7.72499982733279 7.749999826774 7.29666650357346 6.66666651765506 8.04833315343907 7.0599998421967 7.1199998408556 7.30999983660877 7.30999983660877 6.48249985510483 6.85499984677881 6.74999984912574 5.41416654565061 -9999 -9999 -9999 -9999 -9999 -9999 -9999 -9999 -9999
10.1999997720122 10.214999771677 10.2699997704476 10.1249997736886 10.1699997726828 10.1349997734651 10.0599997751415 10.0149997761473 9.94499977771193 9.80999978072941 9.72499978262931 9.60499978531152 9.53999978676438 5.08499988634139 9.86999977938831 9.43166645585249 9.40333312315246 9.40166645652304 9.54624978662468 9.22499979380518 9.01499979849905 8.65999980643392 8.72999980486929 9.0449997978285 9.07999979704618 9.0449997978285 8.45499981101602 8.61499980743974 8.66499980632216 13.3549997014925 -9999 -9999 -9999 -9999 16.3799996338785 6.83909075622531 7.21863620228727 5.23499988298863 5.23499988298863 6.5749998530373 6.5749998530373 8.06999981962144 7.55499983113259 7.25499983783811 7.07999984174967 7.06499984208494 6.85499984677881 6.93999984487891 6.90499984566122 6.67999985069036 7.20999983884394 6.60884600612693 10.0233331092944 -9999 -9999 -9999 -9999 -9999 -9999 -9999 -9999 -9999
10.2849997701123 10.214999771677 10.1549997730181 10.1999997720122 10.1149997739121 10.0599997751415 10.0199997760355 9.904999778606 9.759999781847 9.66999978385866 9.60499978531152 9.6516664509351 9.99071406240442 9.06249979743734 8.95857122833175 5.07999988645315 5.99499986600131 8.36999981291592 9.04611090891477 9.59999978542328 9.03999979794025 8.54499980900437 8.53499980922788 8.85999980196357 9.07499979715794 9.02999979816377 8.36999981291592 8.34499981347471 8.46937481069472 16.5322218526983 -9999 -9999 -9999 -9999 -9999 16.4354835036061 7.3383331693088 6.02499986533076 5.85999986901879 5.66499987337738 5.62499987427145 7.11499984096736 7.12999984063208 7.3499998357147 7.05499984230846 6.90499984566122 6.84499984700233 6.68499985057861 6.65499985124916 6.59499985259026 6.22999986074865 6.70599985010922 7.03214269996222 13.8599996902049 14.0437996860966 -9999 -9999 -9999 -9999 -9999 -9999 -9999
10.3549997685477 10.0249997759238 9.90999977849424 9.85999977961183 9.88999977894127 9.9299997780472 9.86999977938831 9.86499977950007 9.80749978078529 9.89833311208834 9.87499977927655 9.68499978352338 9.51666645395259 9.81166644735883 9.58166645249973 9.35499979089946 9.38166645697008 9.96999977715313 3.81999991461635 6.93499984499067 8.49499981012195 7.3499998357147 7.08499984163791 6.17499986197799 6.4899998549372 6.90499984566122 7.18499983940274 7.39499983470887 7.43999983370304 7.63499982934445 19.084999573417 24.7149994475767 -9999 -9999 -9999 -9999 14.5483330081527 5.89999986812472 5.85999986901879 8.4711536568088 5.40999987907708 5.40999987907708 7.26666650424401 5.54999987594783 5.76833320440104 6.64166651821385 6.92999984510243 6.92999984510243 7.01499984320253 6.99999984353781 6.6483331847315 6.71333318327864 7.10071412700095 9.86999977938831 -9999 -9999 -9999 -9999 -9999 -9999 -9999 -9999
10.3799997679889 10.092499774415 10.0824997746386 10.1224997737445 10.0649997750297 9.98499977681786 9.94999977760017 10.1866664389769 9.76249978179112 9.66749978391454 9.64833311767628 9.58833311901738 9.68166645026455 9.5157140730215 6.99499984364957 6.99499984364957 8.36499981302768 8.70999980531633 8.91499980073422 8.9249998005107 5.59999987483025 5.86999986879528 6.029999865219 6.57999985292554 7.2049998389557 7.70999982766807 7.46999983303249 7.56999983079731 7.42499983403832 7.64499982912093 8.9249998005107 -9999 -9999 -9999 -9999 -9999 -9999 -9999 -9999 -9999 -9999 -9999 -9999 -9999 -9999 -9999 5.79499987047166 5.81299987006932 7.08666650826732 6.22499986086041 8.00099982116371 -9999 -9999 -9999 -9999 -9999 -9999 -9999 -9999 -9999 -9999 -9999
10.1549997730181 10.1799997724593 10.2724997703917 10.237499771174 10.237499771174 10.0899997744709 10.0224997759797 10.0349997757003 7.19499983917922 7.15999983996153 7.2649998376146 7.36999983526766 9.34999979101121 9.39166645674656 9.37666645708183 9.37999979034066 9.26833312616994 9.18166646144042 9.00499979872257 9.07166646389912 9.30166645875821 9.06166646412263 7.71499982755631 7.74499982688576 15.5859996516258 8.76322561057825 6.17499986197799 6.85499984677881 7.36999983526766 7.35499983560294 7.12499984074384 4.91785703293447 19.0194731121377 -9999 -9999 -9999 -9999 -9999 -9999 -9999 -9999 -9999 -9999 -9999 -9999 -9999 -9999 -9999 -9999 -9999 -9999 -9999 -9999 -9999 -9999 -9999 -9999 -9999 -9999 -9999 -9999 -9999
10.1774997725151 10.174999772571 10.1499997731298 10.1399997733533 10.1824997724034 10.069999774918 10.069999774918 9.83499978017062 9.52249978715554 9.21999979391694 8.94499980006367 8.94499980006367 8.09499981906265 9.16499979514629 7.66999982856214 8.01499982085079 8.23999981582165 9.05166646434615 8.78249980369583 6.49999985471368 6.5999998524785 6.75499984901398 7.58499983046204 7.54499983135611 7.76999982632697 5.61999987438321 6.54499985370785 6.72999984957278 6.44999985583127 6.08999986387789 7.0349998427555 3.59499991964549 -9999 -9999 -9999 -9999 -9999 -9999 -9999 -9999 -9999 -9999 -9999 -9999 -9999 -9999 -9999 -9999 -9999 -9999 -9999 -9999 -9999 -9999 -9999 -9999 -9999 -9999 -9999 -9999 -9999 -9999
10.2474997709505 10.2199997715652 10.1799997724593 10.2199997715652 10.2074997718446 10.2699997704476 10.1449997732416 9.85499977972358 9.27499979268759 9.16999979503453 8.76499980408698 8.98999979905784 9.14833312885215 9.11499979626387 8.04499982018024 7.76499982643872 7.8099998254329 7.96499982196838 8.33999981358647 5.75499987136573 5.75499987136573 8.23999981582165 7.05499984230846 5.74499987158924 4.87499989103526 5.72999987192452 5.86499986890703 5.11499988567084 4.63999989628792 4.95999988913536 4.62499989662319 4.20499990601093 23.0680724010551 -9999 -9999 -9999 -9999 -9999 -9999 -9999 -9999 -9999 -9999 -9999 -9999 -9999 -9999 -9999 -9999 -9999 -9999 -9999 -9999 -9999 -9999 -9999 -9999 -9999 -9999 -9999 -9999 -9999
10.2224997715093 9.94499977771193 9.89249977888539 10.0816664413239 9.91999977827072 9.80249978089705 9.75249978201464 9.64499978441745 9.05499979760498 8.98999979905784 8.8149998029694 7.61499982979149 6.81999984756112 8.74833313779285 6.70999985001981 6.77999984845519 6.61499985214323 6.3449998581782 7.02499984297901 6.3699998576194 7.31999983638525 7.88499982375652 7.10999984107912 6.49999985471368 6.46499985549599 7.09499984141439 7.3749998351559 5.57499987538904 6.45499985571951 5.2799998819828 5.98499986622483 4.74999989382923 8.58323510226739 -9999 -9999 -9999 -9999 -9999 -9999 -9999 -9999 -9999 -9999 -9999 -9999 -9999 -9999 -9999 -9999 -9999 -9999 -9999 -9999 -9999 -9999 -9999 -9999 -9999 -9999 -9999 -9999 -9999
