EcologicalScience/Bass/data/rs_data_bass/sst_385.asc
NCOLS 226 
NROWS 124 
XLLCORNER -9.41648524995501 
YLLCORNER 47.587301625531 
CELLSIZE 0.0833 
NODATA_value -9999 
[rows 0 to 26 of 124, columns 62 to 123 of 226]
-9999 -9999 -9999 -9999 -9999 -9999 -9999 -9999 -9999 -9999 -9999 -9999 -9999 -9999 -9999 -9999 -9999 -9999 -9999 -9999 -9999 -9999 -9999 -9999 -9999 -9999 -9999 -9999 -9999 -9999 -9999 -9999 -9999 -9999 -9999 -9999 -9999 -9999 -9999 -9999 -9999 -9999 -9999 -9999 -9999 -9999 -9999 -9999 -9999 -9999 -9999 -9999 -9999 -9999 -9999 -9999 -9999 -9999 -9999 -9999 -9999 -9999
-9999 -9999 -9999 -9999 -9999 -9999 -9999 -9999 -9999 -9999 -9999 -9999 -9999 -9999 -9999 -9999 -9999 -9999 -9999 -9999 -9999 -9999 -9999 -9999 -9999 -9999 -9999 -9999 -9999 -9999 -9999 -9999 -9999 -9999 -9999 -9999 -9999 -9999 -9999 -9999 -9999 -9999 -9999 -9999 -9999 -9999 -9999 -9999 -9999 -9999 -9999 -9999 -9999 -9999 -9999 -9999 -9999 -9999 -9999 -9999 -9999 -9999
-9999 -9999 -9999 -9999 -9999 -9999 -9999 -9999 -9999 -9999 -9999 -9999 -9999 -9999 -9999 -9999 -9999 -9999 -9999 -9999 -9999 -9999 -9999 -9999 -9999 -9999 -9999 -9999 -9999 -9999 -9999 -9999 -9999 -9999 -9999 -9999 -9999 -9999 -9999 -9999 -9999 -9999 -9999 -9999 -9999 -9999 -9999 -9999 -9999 -9999 -9999 -9999 -9999 -9999 -9999 -9999 -9999 -9999 -9999 -9999 -9999 -9999
-9999 -9999 -9999 -9999 -9999 -9999 -9999 -9999 -9999 -9999 -9999 -9999 -9999 -9999 -9999 -9999 -9999 -9999 -9999 -9999 -9999 -9999 -9999 -9999 -9999 -9999 -9999 -9999 -9999 -9999 -9999 -9999 -9999 -9999 -9999 -9999 -9999 -9999 -9999 -9999 -9999 -9999 -9999 -9999 -9999 -9999 -9999 -9999 -9999 -9999 -9999 -9999 -9999 -9999 -9999 -9999 -9999 -9999 -9999 -9999 -9999 -9999
-9999 -9999 -9999 -9999 -9999 -9999 -9999 -9999 -9999 -9999 -9999 -9999 -9999 -9999 -9999 -9999 -9999 -9999 -9999 -9999 -9999 -9999 -9999 -9999 -9999 -9999 -9999 -9999 -9999 -9999 -9999 -9999 -9999 -9999 -9999 -9999 -9999 -9999 -9999 -9999 -9999 -9999 -9999 -9999 -9999 -9999 -9999 -9999 -9999 -9999 -9999 -9999 -9999 -9999 -9999 -9999 -9999 -9999 -9999 -9999 -9999 -9999
-9999 -9999 -9999 -9999 -9999 -9999 -9999 -9999 -9999 -9999 -9999 -9999 -9999 -9999 -9999 -9999 -9999 -9999 -9999 -9999 -9999 -9999 -9999 -9999 -9999 -9999 -9999 -9999 11.1099997516721 8.6535436976701 8.20482496684417 7.14554276317358 7.19789726613089 7.18534652912058 7.47222051792778 6.23758658859879 6.16515090642497 7.75371561944485 7.67410808755085 7.66442609042861 7.73435162520036 7.54967649490573 7.6616768813692 7.62247076956555 7.54358042264357 7.6723151251208 7.73554693348706 7.47975096013397 7.31336404662579 7.4847712549381 7.42381053231657 7.45680104102939 7.40301216812804 7.36213262472302 7.43528549186885 7.6057364535518 7.47951189847663 7.42094179242849 7.55911943037063 7.41233557276428 7.42811364214867 7.35818810737692
-9999 -9999 -9999 -9999 -9999 -9999 -9999 -9999 -9999 -9999 -9999 -9999 -9999 -9999 -9999 -9999 -9999 -9999 -9999 -9999 -9999 -9999 -9999 -9999 -9999 -9999 -9999 10.680695873348 8.55122530832887 8.03951383079402 7.64936520601623 8.09742651728448 8.02642520505469 8.10585344070569 7.5966521105729 6.23973814351484 6.17303994111717 6.24906154815108 7.66263312799856 7.65510268579237 7.6163746973034 7.54214605269954 7.51596880122088 7.56151004694402 7.64852849021554 7.61505985818803 7.60023803543299 7.55864130705595 7.441022971645 7.48190251505002 7.45106356125325 7.44604326644912 7.42309334734455 7.59139275411144 7.62725200271234 7.63992227055132 7.47879471350461 7.46612444566563 7.50413524918258 7.54381948430091 7.09031952032819 7.52302112011239
-9999 -9999 -9999 -9999 -9999 -9999 -9999 -9999 -9999 -9999 -9999 -9999 -9999 -9999 -9999 -9999 -9999 -9999 -9999 -9999 -9999 -9999 -9999 -9999 -9999 -9999 6.89201787556522 8.1424298742786 8.65701009170152 6.43230230850168 6.92106386693195 7.72574540553614 7.71785637084395 7.72180088819005 7.27607042808086 7.43958860170096 7.47186192544177 7.08099611569196 7.75263984198682 7.58517715102062 7.56509597180411 7.53569138795137 7.52995390817523 7.65868861065246 7.60382396029308 7.55481632053852 7.53593044960871 7.47473066532984 7.5182398869656 7.42070273077115 6.97987303463742 7.61864578304812 7.58063497953117 7.58230841113254 7.59043650748208 7.58302559610456 7.46253852080554 7.14195683831349 7.46684163063765 7.45369323948398 7.26961576333269 7.1182897342369
-9999 -9999 -9999 -9999 -9999 -9999 -9999 -9999 -9999 -9999 -9999 -9999 -9999 -9999 -9999 -9999 -9999 -9999 -9999 -9999 -9999 -9999 -9999 -9999 -9999 -9999 8.76340172389665 7.24092836445197 8.1142803641269 8.09204762999434 7.27463605813682 7.32197026629001 7.3814966189675 7.28467664774507 7.30547501193359 7.30619219690561 7.03007598267868 7.39153720857576 7.43815423175693 7.48118533007801 7.43671986181289 7.57155063655227 7.5923490007408 7.58015685621649 7.61745047476143 7.53031250066124 7.57047485909425 7.56724752672017 7.53784294286743 7.50700398907065 7.51656645536423 7.14984587300569 7.53736481955275 7.49839776940644 7.45871353428811 7.22694325749762 7.48596656322479 7.47616503527388 7.41472618933767 7.4173558675684 7.56509597180411 7.46660256898031
-9999 -9999 -9999 -9999 -9999 -9999 -9999 -9999 -9999 -9999 -9999 -9999 -9999 -9999 -9999 -9999 -9999 -9999 -9999 -9999 -9999 -9999 -9999 -9999 -9999 11.895257517769 7.76913509634323 8.03556931344792 7.22013000026345 7.15701772272587 7.21295815054327 7.26459546852857 7.31551560154185 7.23088777484372 7.14123965334147 7.16275520250201 7.13191624870524 7.34850611025468 7.51776176365092 7.42309334734455 7.4051637230441 7.5249336133711 7.51202428387478 7.59880366548896 7.59055603831075 7.44281593407504 7.31981871137396 7.49624621449038 7.44532608147711 7.42022460745648 7.41269416525029 7.21690266788937 7.16813408979215 7.02505568787456 7.25527206389233 7.22479170258157 6.72527236957103 8.27678252570331 7.45058543793857 7.50341806421056 7.44341358821839 7.2660298384726
-9999 -9999 -9999 -9999 -9999 -9999 -9999 -9999 -9999 -9999 -9999 -9999 -9999 -9999 -9999 -9999 -9999 -9999 -9999 -9999 -9999 -9999 -9999 -9999 12.1867989280727 8.15605638874695 8.09581285109743 8.03592790593393 7.96905040729325 7.11685536429286 7.05015716189519 7.10681477468461 7.16418957244605 7.16418957244605 7.08529922552407 7.17996764183044 7.4571596335154 7.37504195421934 7.37862787907943 7.37002165941522 7.38866846868768 7.42201756988652 7.58015685621649 7.49337747460231 7.41663868259639 7.4492705988232 7.41628009011038 7.38113802648149 7.39153720857576 7.38579972879961 7.38508254382759 7.24092836445197 6.98991362424567 7.26746420841664 7.23052918235771 7.18068482680246 7.38532160548493 7.46827600058168 7.33452100330032 6.16299935150892 6.19168675038964 6.24332406837493
-9999 -9999 -9999 -9999 -9999 -9999 -9999 -9999 -9999 -9999 -9999 -9999 -9999 -9999 -9999 -9999 -9999 -9999 -9999 -9999 -9999 -9999 -9999 -9999 7.42381053231657 7.96976759226527 8.07089067331981 8.09527496236842 7.28635007934645 7.31360310828313 7.09964292496443 6.75467695342377 7.05446027172729 7.25240332400426 7.20004882104695 7.20148319099098 7.26818139338866 6.85723440442234 7.40372935310006 7.41233557276428 7.47975096013397 7.42488630977459 7.39978483575396 7.34205144550651 7.45249793119729 7.40014342823997 7.35818810737692 7.2699743558187 7.22264014766552 7.19861445110291 7.32483900617808 7.18713949155062 7.20865504071116 7.23088777484372 7.20722067076713 7.14841150306165 7.2538376939483 7.08009963447694 7.01429791329429 7.53497420297936 6.30285042105243 6.28563798172399
-9999 -9999 -9999 -9999 -9999 -9999 -9999 -9999 -9999 -9999 -9999 -9999 -9999 -9999 -9999 -9999 -9999 -9999 -9999 -9999 -9999 -9999 -9999 11.9899997320026 8.00311669346411 7.91185490577482 7.42070273077115 7.33631396573037 7.25981423538178 7.01644946821034 6.94759971089661 6.48824273631908 6.9551301531028 7.16705831233412 7.18713949155062 7.10968351457268 7.31192967668176 7.3535264050588 7.41376994270831 7.42094179242849 7.43958860170096 7.15104118129238 7.48979154974222 7.45106356125325 7.37575913919136 7.40265357564203 7.25670643383637 7.33631396573037 7.28037353791296 7.28144931537099 7.22084718523547 7.25455487892032 7.11183506948873 7.06378367636353 6.97222306160256 7.35998106980696 7.16024505509995 7.30475782696158 7.23519088467583 7.41520431265235 6.15511031681672 6.16515090642497
-9999 -9999 -9999 -9999 -9999 -9999 -9999 -9999 -9999 -9999 -9999 -9999 -9999 -9999 -9999 -9999 -9999 -9999 -9999 -9999 -9999 10.1095591156804 6.37226368084417 8.47827735117504 6.95477156061679 6.88592180330306 6.89022491313517 7.14590135565959 7.17889186437242 6.87588121369481 7.18534652912058 6.01239050738513 6.87731558363885 7.122592844069 7.18498793663457 7.27105013327673 7.3097781217657 7.30906093679368 7.41233557276428 7.45966978091747 7.34635455533862 7.34527877788059 7.3775521016214 7.2857524252031 7.32340463623405 7.30475782696158 7.26746420841664 7.24307991936803 7.32663196860813 7.44389171153307 7.37145602935925 7.03700877074152 7.08553828718141 7.39512313343585 7.32125308131799 7.15343179786578 7.41879023751244 7.42954801209271 7.39010283863172 7.2975859772414 7.08386485558003 7.10287025733851
-9999 -9999 -9999 -9999 -9999 -9999 -9999 -9999 -9999 -9999 -9999 -9999 -9999 -9999 -9999 -9999 -9999 -9999 -9999 -9999 8.10685126327545 7.3701904088204 7.86211300521557 6.36596269859001 6.31217382568866 6.17734305094928 6.15511031681672 6.09630114911124 6.0547044207342 6.05829034559429 6.40110476221889 6.08554337453097 6.67506942152977 6.53736990690231 7.20650348579511 7.25168613903224 7.35280922008678 7.3176671564579 7.26937670167536 7.49803917692043 7.43923000921495 7.57298500649631 7.48190251505002 7.38042084150948 7.43026519706473 7.48369547748007 7.38651691377163 7.37002165941522 7.41018401784822 7.46540726069361 7.37002165941522 7.42739645717666 7.35137485014275 7.15486616780981 7.23447369970381 7.23375651473179 7.35998106980696 7.42094179242849 7.41592149762437 7.43026519706473 7.26136813615449 7.30332345701754
-9999 -9999 -9999 -9999 -9999 -9999 -9999 -9999 -9999 -9999 -9999 -9999 -9999 -9999 -9999 -9999 -9999 -9999 -9999 -9999 10.915122144175 6.87339865033013 7.75909450673498 6.2261116290465 6.55027923639864 7.00067139882594 6.18379771569744 6.18379771569744 6.13789787748829 6.05327005079016 6.02816857676953 5.92489394079894 6.12283699307591 6.08697774447501 6.0547044207342 7.58123263367452 7.84121218603104 7.00999480346218 7.01358072832227 7.96922970353626 7.80140842008404 7.38723409874365 7.57764670881443 7.5048524341546 7.40695668547414 7.11685536429286 7.36105684726499 7.36428417963907 7.37360758427531 7.37826928659342 7.38830987620167 7.31623278651386 7.30834375182167 7.24021117947996 7.15271461289376 7.29973753215745 7.28539383271709 7.23232214478776 7.31694997148588 7.36284980969504 7.48620562488213 7.52517267502844
-9999 -9999 -9999 -9999 -9999 -9999 -9999 -9999 -9999 -9999 -9999 -9999 -9999 -9999 -9999 -9999 -9999 -9999 12.9896084335633 7.63346760580316 7.25025176908821 7.49911495437846 6.18881801050156 6.84934536973014 7.05230871681124 6.59474470466375 6.77619250258431 6.24547562329099 6.03820916637778 6.10347299883142 6.14937283704057 6.06976530514657 7.99540695501491 8.24068421544507 8.4171117185615 5.89979246677831 6.95979185542092 6.97341836988926 6.95979185542092 7.48871577228419 7.50987272895873 7.42022460745648 7.68988615693524 7.68916897196323 7.59844507300295 7.60382396029308 7.65868861065246 7.63071839674376 7.54573197755963 7.53640857292339 7.42416912480257 7.27033294830471 7.20506911585107 7.15271461289376 7.28467664774507 7.2975859772414 7.17996764183044 7.21152378059924 7.16132083255798 7.25742361880839 7.2301705898717 7.22801903495565
-9999 -9999 -9999 -9999 -9999 -9999 -9999 -9999 -9999 -9999 -9999 -9999 -9999 -9999 -9999 -9999 7.79886470232159 7.57419525613659 7.85196996061131 8.53580583143048 8.27726064901799 6.08984648436308 6.15797905670479 7.13765372848138 6.4929044386372 6.96839807508513 6.53736990690231 6.22109133424237 6.20316170994192 6.19957578508183 6.25981932273135 6.60980558907613 7.99253821512684 6.95262000570074 6.95835748547688 6.01023895246908 6.13216039771214 8.22562333103269 8.1818750477396 7.38508254382759 8.00508895213716 7.64972379850224 7.90289009362459 8.11553543782793 7.81897945189849 8.10298470081761 7.28467664774507 7.70315407891758 7.03007598267868 7.33989989059046 7.3097781217657 7.31479841656983 7.28754538763314 7.24307991936803 7.2617267286405 7.26316109858453 7.06450086133555 7.18283638171852 7.22013000026345 7.08888515038416 7.13191624870524 7.23519088467583
-9999 -9999 -9999 -9999 -9999 -9999 -9999 -9999 -9999 -9999 -9999 7.88122902867263 7.81999982520938 -9999 -9999 -9999 7.94790794691071 8.19717499380931 7.89715261384845 7.55003508739173 7.48979154974222 7.32985930098221 7.63681446900591 7.58852401422337 6.58972440985963 6.32149723032489 6.4132969067432 6.38819543272257 6.34444714942947 6.34372996445745 6.2899410915561 7.79065064550377 8.11912136268802 7.15988646261394 6.79555649682879 7.94197667459957 7.68271430721506 8.16466260841116 7.17494734702632 7.32985930098221 8.18689534254372 8.20554215181619 8.53939175629057 8.55588701064698 8.36906032543629 7.79029205301777 7.20315662259236 7.82937863399275 7.84372233343311 7.15821303101256 7.3097781217657 7.34922329522669 7.16490675741807 7.22013000026345 7.06450086133555 7.32340463623405 6.89452802296728 6.64996794750914 6.69515060074627 7.04585405206308 7.12904750881717 7.25814080378041
-9999 -9999 -9999 -9999 -9999 -9999 -9999 -9999 -9999 -9999 -9999 -9999 -9999 -9999 -9999 -9999 -9999 -9999 8.47916691303606 7.27535324310884 7.42094179242849 6.75682850833982 6.72527236957103 6.69013030594215 7.47186192544177 6.15295876190066 6.36237677372992 7.67841119738296 6.45274208020419 6.39034698763862 7.63035980425775 7.77451398363337 6.98345895949751 6.94473097100854 7.00497450865805 7.70494704134762 7.50700398907065 6.06474501034245 7.31981871137396 7.29973753215745 6.53521835198626 6.51370280282572 6.54741049651057 8.44472333998419 7.45966978091747 8.28837701608427 8.08684803894721 8.21522414893843 8.10872218059376 8.11768699274398 7.13478498859331 7.0666524162516 6.73818169906735 6.76400035806 6.91389201721177 6.89165928307921 6.35879084886983 6.46780296461657 6.14220098732039 6.24547562329099 6.41760001657531 6.71953488979489
-9999 -9999 -9999 -9999 -9999 -9999 -9999 -9999 -9999 -9999 -9999 -9999 -9999 -9999 9.93780308272353 6.82241108966991 7.23021043348126 8.60738985645003 8.39685124310199 8.28461179498117 6.6485335775651 6.77332376269624 6.85723440442234 6.74750510370359 7.81467634206638 7.46253852080554 6.81994078587741 6.39393291249871 6.67650379147381 6.86512343911454 7.65115816844627 7.03509627748281 7.41197698027827 6.71308022504672 7.38113802648149 7.87994017452002 7.49588762200437 8.08935818634927 8.25144199002534 6.45489363512024 6.55745108611882 7.24021117947996 7.29471723735332 6.84504225989804 8.18330941768363 7.7436750298366 7.42990660457872 7.52959531568922 7.83260596636683 7.28037353791296 7.43205815949477 6.89022491313517 6.92680134670809 6.9590746704489 7.05732901161537 7.26029235869646 6.97054963000119 6.92680134670809 6.64136172784492 6.60478529427201 6.3774376581423 6.76902065286413
-9999 -9999 -9999 -9999 -9999 -9999 -9999 -9999 -9999 -9999 -9999 -9999 6.17999986186624 8.39469968818594 8.48578217963222 7.41197698027827 8.35095140489284 7.8153935270384 7.28395946277305 6.96768089011312 6.90887172240764 6.89811394782737 6.77762687252834 7.41376994270831 7.38902706117369 7.29507582983933 7.33039718971122 7.24935528787319 7.44245734158903 7.43671986181289 6.77870264998637 8.00759909953922 7.61780906724744 6.53019805718213 7.58410137356259 7.50700398907065 7.56115145445801 6.97808007220738 6.30500197596848 6.60119936941192 6.6800897163339 7.35029907268472 6.86010314431041 7.44640185893513 7.42452771728858 7.57513656141236 7.09031952032819 7.07741019083187 7.38042084150948 7.09677418507636 7.082430485636 7.01429791329429 7.16490675741807 7.11542099434882 7.26244391361251 7.26626890012994 7.15486616780981 7.122592844069 7.17781608691439 7.25025176908821 7.30475782696158 7.92464470444247
-9999 -9999 -9999 -9999 -9999 -9999 -9999 -9999 -9999 -9999 6.71764199175399 9.23314868588932 9.08122500265017 8.70846811344381 8.53239920281339 8.41998045844957 8.41998045844957 8.54526370824897 8.56108660169411 8.37659076764248 8.08093126292806 7.24810021417215 7.57047485909425 7.7876026093727 7.51919613359496 7.12671665765811 7.15289390913676 7.26387828355655 7.33129367092624 8.10352258954663 7.41179768403526 7.55003508739173 7.7038712638896 7.49875636189245 7.51489302376285 7.22801903495565 7.51130709890276 7.06521804630756 7.28933835006319 6.60478529427201 6.57968382025138 7.42835270380601 7.54358042264357 7.66299172048457 7.48740093316883 7.45417136279866 7.20076600601897 7.2301705898717 7.19502852624282 7.19072541641071 7.11900691920891 7.22013000026345 7.26029235869646 7.10753195965663 7.63358713663183 7.09031952032819 7.2380596245639 7.24021117947996 7.15630053775385 7.45034637628123 7.41520431265235 7.47257911041379
-9999 -9999 -9999 -9999 -9999 -9999 -9999 -9999 -9999 -9999 10.6449997620657 6.88345384325229 8.03601755405543 8.89278465125244 9.06795708066784 9.55659910826944 12.349999723956 -9999 -9999 9.22999979369342 -9999 9.77304817015948 8.26865442935377 7.96456800121814 7.22568818379659 7.67518386500888 7.34868540649768 6.63777580298483 7.19180119386874 8.0147709492594 7.19610430370085 6.93827630626038 7.11362803191878 7.40731527796015 8.6200750656426 8.92989897355437 8.35758536588401 7.5686818966642 7.43636126932688 7.55971708451398 7.79602953279391 7.39189580106176 7.57513656141236 7.74582658475265 7.20722067076713 7.20435193087906 7.27965635294095 7.31408123159781 7.32699056109414 7.11757254926488 7.2100894106552 7.24810021417215 7.2660298384726 7.50772117404267 7.16849268227816 7.26029235869646 7.27033294830471 7.37862787907943 7.3893856536597 7.3413342605345 7.30475782696158 7.26818139338866
-9999 -9999 -9999 -9999 -9999 -9999 -9999 -9999 -9999 -9999 -9999 -9999 -9999 -9999 -9999 -9999 -9999 -9999 -9999 -9999 -9999 -9999 -9999 -9999 -9999 9.12602796972565 7.9432317483006 6.9389934912324 6.98274177452549 8.835230557248 8.76996672479436 7.31192967668176 7.53784294286743 7.68964709527791 7.53031250066124 7.87671284214593 7.43657642481849 7.59937741346657 7.4689931855537 7.65689564822242 7.81646930449642 7.42022460745648 7.45859400345944 7.80499434494413 7.95022430177778 7.25025176908821 7.10968351457268 7.71749777835794 7.37109743687324 6.9949339190498 7.31479841656983 7.26387828355655 7.1821191967465 7.80069123511203 7.3097781217657 7.41233557276428 7.47544785030186 7.59091463079676 7.59450055565685 7.60740988515317 7.55505538219586 7.65474409330636
-9999 -9999 -9999 -9999 -9999 -9999 -9999 -9999 -9999 -9999 -9999 -9999 -9999 -9999 -9999 -9999 -9999 -9999 -9999 -9999 -9999 -9999 -9999 -9999 -9999 10.6396679468453 9.03593989441703 7.2896969425492 7.57728811632842 7.79477445909288 8.83738211216405 7.26118883991148 7.4051637230441 7.90880686964374 8.86965543590486 7.35227133135777 7.75924818922899 6.52589494735003 7.02003539307043 7.70745718874969 7.24021117947996 6.69013030594215 7.59736929554492 7.3097781217657 7.34994048019871 8.23279518075287 7.32985930098221 7.15701772272587 7.75801872927696 7.43851282424293 7.70566422631964 7.76052887667902 7.79638812527992 7.70889155869372 7.5884044833947 7.62749106436968 7.70279548643157 7.64757224358618 7.63107698922977 7.61386454990134 7.89249091153033 7.49445325206034
-9999 -9999 -9999 -9999 -9999 -9999 -9999 -9999 -9999 -9999 -9999 -9999 -9999 -9999 -9999 -9999 -9999 -9999 -9999 -9999 -9999 -9999 -9999 -9999 -9999 -9999 -9999 10.1134932390414 8.33176670689136 7.32985930098221 7.84360280260444 8.0226599839516 7.87599565717392 10.1699117901735 7.66603975661565 7.60794777388219 7.92835016013123 7.46594514942262 7.27427746565081 7.99516789335757 7.70243689394556 7.60705129266717 7.56939908163622 7.84264655597508 9.31502730352804 9.26482435548678 9.27988523989916 7.85089418315329 6.65283668739721 7.680204159813 7.25598924886435 7.15486616780981 7.41018401784822 7.69167911936529 7.63131605088711 7.68988615693524 7.76949368882924 7.72574540553614 7.53497420297936 7.49959307769313 7.63000121177174 7.30475782696158
