EcologicalScience/Bass/data/rs_data_bass/sst_135.asc
NCOLS 226 
NROWS 124 
XLLCORNER -9.41648524995501 
YLLCORNER 47.587301625531 
CELLSIZE 0.0833 
NODATA_value -9999 
[rows 27 to 53 of 124, columns 62 to 123 of 226]
-9999 -9999 -9999 -9999 -9999 -9999 -9999 -9999 -9999 -9999 -9999 -9999 -9999 -9999 -9999 -9999 -9999 -9999 -9999 -9999 -9999 -9999 -9999 -9999 -9999 -9999 -9999 -9999 12.5299997199327 8.10666648546855 8.5849998081103 8.62499980721623 8.96499979961663 9.19999979436398 9.25499979313463 9.4449997888878 9.3599997907877 9.28499979246408 9.24499979335815 9.07999979704618 9.08999979682267 9.16499979514629 9.2149997940287 9.2999997921288 9.2999997921288 9.26499979291111 9.16999979503453 9.17999979481101 9.22499979380518 9.2999997921288 9.27499979268759 9.34249979117885 8.87499980162829 8.46499981079251 8.64499980676919 8.87249980168417 9.12499979604036 8.85499980207533 8.85999980196357 8.90499980095774 9.07499979715794 9.18499979469925
-9999 -9999 -9999 -9999 -9999 -9999 -9999 -9999 -9999 -9999 -9999 -9999 -9999 -9999 -9999 -9999 -9999 -9999 -9999 -9999 -9999 -9999 -9999 -9999 -9999 -9999 -9999 -9999 -9999 -9999 9.78499978128821 9.30999979190528 9.4449997888878 9.54999978654087 9.60499978531152 9.60999978519976 9.51999978721142 9.41499978955835 9.28999979235232 9.0699997972697 9.10999979637563 9.18999979458749 9.20999979414046 9.26999979279935 9.34499979112297 9.34499979112297 9.21999979391694 9.22499979380518 9.27499979268759 9.34999979101121 9.32999979145825 9.26999979279935 9.26999979279935 9.26999979279935 9.54199978671968 9.36399979069829 9.34999979101121 9.39499979000539 8.90499980095774 8.84499980229884 9.3599997907877 9.23499979358166
-9999 -9999 -9999 -9999 -9999 -9999 -9999 -9999 -9999 -9999 -9999 -9999 -9999 -9999 -9999 -9999 -9999 -9999 -9999 -9999 -9999 -9999 -9999 -9999 -9999 -9999 -9999 -9999 -9999 -9999 -9999 13.1099997069687 9.48999978788197 9.50499978754669 9.54499978665262 9.63999978452921 9.70499978307635 9.76999978162348 9.80499978084117 9.85999977961183 9.90999977849424 9.89499977882951 9.86999977938831 9.81499978061765 9.67999978363514 9.40999978967011 9.17499979492277 9.25499979313463 9.27999979257584 9.25999979302287 9.22499979380518 9.23999979346991 9.19999979436398 9.23166646032284 9.13999979570508 8.91999980062246 9.05499979760498 9.12499979604036 9.36499979067594 9.4449997888878 9.50999978743494 9.51499978732318
-9999 -9999 -9999 -9999 -9999 -9999 -9999 -9999 -9999 -9999 -9999 -9999 -9999 -9999 -9999 -9999 -9999 -9999 -9999 -9999 -9999 -9999 -9999 -9999 -9999 -9999 -9999 -9999 -9999 -9999 -9999 12.9145812888816 9.74999978207052 9.72999978251755 9.71999978274107 9.78999978117645 9.86999977938831 9.9299997780472 9.86999977938831 9.91499977838248 9.96499977726489 9.97999977692962 9.9899997767061 9.86499977950007 9.62499978486449 9.49999978765845 9.30499979201704 9.33499979134649 9.29499979224056 9.27999979257584 9.25499979313463 9.21999979391694 9.00499979872257 9.34999979101121 9.3599997907877 9.22499979380518 9.10999979637563 9.0699997972697 9.07999979704618 9.51499978732318 9.53999978676438 9.55499978642911
-9999 -9999 -9999 -9999 -9999 -9999 -9999 -9999 -9999 -9999 -9999 -9999 -9999 -9999 -9999 -9999 -9999 -9999 -9999 -9999 -9999 -9999 -9999 -9999 -9999 -9999 -9999 -9999 -9999 -9999 -9999 9.51642835871982 9.76499978173524 9.76999978162348 9.68499978352338 9.86999977938831 9.70499978307635 9.60499978531152 9.81499978061765 9.86999977938831 9.94499977771193 10.0349997757003 9.9899997767061 9.91499977838248 9.74999978207052 9.49999978765845 9.36499979067594 9.32999979145825 9.39999978989363 9.34999979101121 9.19999979436398 9.24999979324639 8.23499981593341 8.15499981772155 8.42999981157482 9.22499979380518 9.17999979481101 9.12499979604036 9.32499979157001 9.32499979157001 9.45499978866428 9.44999978877604
-9999 -9999 -9999 -9999 -9999 -9999 -9999 -9999 -9999 -9999 -9999 -9999 -9999 -9999 -9999 -9999 -9999 -9999 -9999 -9999 -9999 -9999 -9999 -9999 -9999 -9999 -9999 -9999 -9999 -9999 -9999 -9999 9.61999978497624 9.40999978967011 9.50999978743494 9.72999978251755 9.81499978061765 9.86999977938831 9.89499977882951 9.95499977748841 10.0149997761473 9.97499977704138 9.95999977737665 9.87999977916479 9.6999997831881 9.47499978821725 9.39499979000539 9.33999979123473 9.22499979380518 8.98999979905784 8.70999980531633 8.85499980207533 8.88499980140477 8.3799998126924 8.20499981660396 9.15999979525805 9.13499979581684 9.10499979648739 8.79999980330467 9.22499979380518 9.55999978631735 9.24999979324639
-9999 -9999 -9999 -9999 -9999 -9999 -9999 -9999 -9999 -9999 -9999 -9999 -9999 -9999 -9999 -9999 -9999 -9999 -9999 -9999 -9999 -9999 -9999 -9999 -9999 -9999 -9999 -9999 -9999 -9999 -9999 -9999 9.19499979447573 9.33999979123473 9.45999978855252 9.32999979145825 9.39999978989363 9.62499978486449 9.759999781847 9.89999977871776 9.82499978039414 9.87999977916479 9.87499977927655 9.8199997805059 9.44999978877604 9.13999979570508 8.96499979961663 8.97999979928136 8.96499979961663 8.96499979961663 8.90999980084598 8.80499980319291 8.73999980464578 8.6699998062104 8.54999980889261 8.17499981727451 9.28499979246408 9.18999979458749 9.39499979000539 9.53499978687614 9.55999978631735 9.10499979648739
-9999 -9999 -9999 -9999 -9999 -9999 -9999 -9999 -9999 -9999 -9999 -9999 -9999 -9999 -9999 -9999 -9999 -9999 -9999 -9999 -9999 -9999 -9999 -9999 -9999 -9999 -9999 -9999 -9999 -9999 -9999 -9999 -9999 9.17999979481101 9.27749979263172 8.87499980162829 9.02999979816377 9.49999978765845 9.85999977961183 9.85999977961183 9.83999978005886 9.85999977961183 9.82999978028238 9.88999977894127 9.86499977950007 9.40499978978187 9.17999979481101 9.24999979324639 9.5899997856468 9.57999978587031 9.62999978475273 9.50999978743494 8.78999980352819 8.9849997991696 8.80999980308115 9.27999979257584 9.11499979626387 9.44999978877604 9.47999978810549 9.25999979302287 8.3549998132512 8.87999980151653
-9999 -9999 -9999 -9999 -9999 -9999 -9999 8.22138557417525 8.22831836223809 8.39256294909865 8.29486143076792 8.89455052923801 8.86984186497525 8.41827990209824 8.41999981179833 -9999 -9999 -9999 -9999 -9999 -9999 -9999 -9999 -9999 -9999 -9999 -9999 -9999 -9999 -9999 -9999 -9999 -9999 -9999 8.69999980553985 9.32499979157001 8.90999980084598 8.91999980062246 9.05999979749322 9.15999979525805 9.48499978799373 9.53499978687614 9.50999978743494 9.66999978385866 9.9899997767061 10.0449997754768 10.049999775365 9.8449997799471 9.79999978095293 9.77499978151172 9.77999978139997 9.56499978620559 8.99499979894608 9.38999979011714 9.30499979201704 8.66499980632216 8.45999981090426 8.70999980531633 9.43499978911132 9.53499978687614 8.13999981805682 8.92999980039895
-9999 -9999 -9999 -9999 8.80999980308115 8.79499980341643 8.71499980520457 7.50249983230606 7.46374983317219 7.93854205929009 8.30286643640803 10.416022225609 -9999 -9999 -9999 -9999 -9999 -9999 -9999 -9999 -9999 -9999 -9999 -9999 -9999 -9999 -9999 -9999 -9999 -9999 -9999 -9999 -9999 -9999 9.27499979268759 9.6383331178998 8.63499980699271 8.68499980587512 8.84999980218709 9.18499979469925 9.37499979045242 9.50499978754669 9.50499978754669 9.5299997869879 10.0999997742474 10.0599997751415 10.0799997746944 9.96999977715313 9.86499977950007 9.91999977827072 9.8199997805059 9.12499979604036 9.54499978665262 9.48499978799373 9.20999979414046 9.16499979514629 8.44999981112778 8.23499981593341 8.64999980665743 9.14499979559332 9.17499979492277 9.18999979458749
9.20996706668909 9.32834980957624 9.27416250057932 8.2699998151511 9.14499979559332 9.04999979771674 8.95999979972839 8.94499980006367 8.76999980397522 8.77999980375171 -9999 -9999 -9999 -9999 -9999 -9999 -9999 -9999 -9999 -9999 -9999 -9999 -9999 -9999 -9999 -9999 -9999 -9999 -9999 -9999 -9999 -9999 -9999 -9999 8.18499981705099 8.6099998075515 8.84499980229884 8.57499980833381 8.90999980084598 9.42499978933483 9.94499977771193 10.0899997744709 10.1249997736886 10.1849997723475 10.2949997698888 9.89499977882951 9.74499978218228 10.0249997759238 9.4449997888878 9.24499979335815 9.37499979045242 9.59499978553504 9.54499978665262 9.20999979414046 9.45499978866428 8.89499980118126 9.05499979760498 8.90999980084598 8.82499980274588 9.09499979671091 9.2149997940287 9.26499979291111
7.70999982766807 8.11499981861562 9.66499978397042 9.29499979224056 9.20999979414046 9.21999979391694 9.18999979458749 8.95999979972839 8.84999980218709 8.82999980263412 -9999 -9999 -9999 -9999 -9999 -9999 -9999 -9999 -9999 -9999 -9999 -9999 -9999 -9999 -9999 -9999 -9999 -9999 -9999 -9999 -9999 -9999 -9999 -9999 -9999 8.3799998126924 8.42499981168658 8.61999980732799 9.43999978899956 10.0549997752532 9.6999997831881 9.759999781847 10.2949997698888 10.1999997720122 9.86999977938831 9.87999977916479 9.64499978441745 9.37999979034066 9.4449997888878 9.60499978531152 9.64499978441745 9.54999978654087 9.23499979358166 9.20499979425222 9.13999979570508 8.72999980486929 8.98999979905784 9.19499979447573 8.85999980196357 8.76499980408698 9.16499979514629 9.29499979224056
9.71499978285283 9.34999979101121 9.58499978575855 9.42999978922307 9.55499978642911 9.56499978620559 9.22499979380518 9.07499979715794 9.06499979738146 -9999 -9999 -9999 -9999 -9999 -9999 -9999 -9999 -9999 -9999 -9999 -9999 -9999 -9999 -9999 -9999 -9999 -9999 -9999 -9999 -9999 -9999 -9999 -9999 -9999 -9999 -9999 9.31260516867042 8.88166646814595 8.77333313723405 9.6749997837469 9.47499978821725 9.90999977849424 10.1649997727945 10.0649997750297 9.80499978084117 9.43999978899956 9.50999978743494 9.53999978676438 9.63499978464097 9.63999978452921 9.55999978631735 9.46999978832901 9.3849997902289 9.26499979291111 9.27499979268759 9.03999979794025 9.29499979224056 9.26499979291111 9.22999979369342 9.17499979492277 9.2999997921288 9.31499979179353
9.41499978955835 9.39749978994951 9.1424997956492 8.16499981749803 8.86499980185181 9.44999978877604 9.30499979201704 9.18999979458749 12.7897884929553 -9999 -9999 -9999 -9999 -9999 -9999 -9999 -9999 -9999 -9999 -9999 -9999 -9999 -9999 -9999 -9999 -9999 -9999 -9999 -9999 -9999 -9999 -9999 -9999 -9999 -9999 -9999 -9999 -9999 -9999 14.919999666512 11.4587789980287 10.2849997701123 10.2499997708946 10.3099997695535 9.20999979414046 9.5299997869879 9.56999978609383 9.48999978788197 9.54999978654087 9.51999978721142 9.45999978855252 9.47999978810549 9.4449997888878 9.4449997888878 9.39999978989363 9.40499978978187 9.33999979123473 8.79999980330467 9.19999979436398 9.18999979458749 9.20499979425222 9.2149997940287
9.51249978737906 10.237499771174 10.2399997711182 9.32999979145825 9.55249978648499 9.68249978357926 8.61124980752356 9.08063009864418 10.5623304318897 -9999 -9999 -9999 -9999 -9999 -9999 -9999 -9999 -9999 -9999 -9999 -9999 -9999 -9999 -9999 -9999 -9999 -9999 -9999 -9999 -9999 -9999 -9999 -9999 -9999 -9999 -9999 -9999 -9999 -9999 -9999 -9999 -9999 -9999 7.80077817928395 9.82999978028238 9.614999785088 9.56499978620559 9.56999978609383 9.56999978609383 9.56999978609383 9.51499978732318 9.48499978799373 9.49999978765845 9.49999978765845 9.46999978832901 9.42999978922307 9.38999979011714 9.34499979112297 9.2999997921288 9.26999979279935 9.24999979324639 9.26499979291111
10.3449997687712 10.0599997751415 10.3099997695535 10.2349997712299 9.72499978262931 9.61999978497624 7.01499984320253 7.1199998408556 9.42052469025366 13.0731433060462 -9999 -9999 -9999 -9999 -9999 16.1899624452926 -9999 -9999 -9999 -9999 -9999 -9999 -9999 -9999 -9999 -9999 -9999 -9999 -9999 -9999 -9999 -9999 -9999 -9999 -9999 -9999 -9999 -9999 -9999 -9999 -9999 -9999 -9999 -9999 9.82999978028238 9.66499978397042 9.51999978721142 9.64999978430569 9.57499978598207 9.49499978777021 9.47499978821725 9.58499978575855 9.43999978899956 9.46999978832901 9.52499978709966 9.50999978743494 9.48999978788197 9.45999978855252 9.45499978866428 9.41999978944659 9.45999978855252 9.46999978832901
9.53249978693202 9.62999978475273 10.2499997708946 10.2699997704476 9.97999977692962 10.2557198892348 10.0959716085345 10.1796263111755 8.44999981112778 11.3736380126017 16.6999996267259 -9999 -9999 -9999 -9999 -9999 -9999 -9999 -9999 -9999 -9999 -9999 -9999 -9999 -9999 -9999 -9999 -9999 -9999 -9999 -9999 -9999 -9999 -9999 -9999 -9999 -9999 -9999 -9999 -9999 -9999 -9999 -9999 -9999 -9999 11.9015902954328 9.60499978531152 9.58499978575855 9.5899997856468 9.57999978587031 9.57999978587031 9.55999978631735 9.56499978620559 9.60499978531152 9.53499978687614 9.58499978575855 9.57999978587031 9.55499978642911 9.64499978441745 9.70999978296459 9.65499978419393 9.64499978441745
10.0899997744709 10.0174997760914 9.93249977799132 10.1274997736327 10.0174997760914 9.99749977653846 9.98249977687374 10.0470974850468 9.09499979671091 9.05999979749322 8.71499980520457 8.67999980598688 8.64999980665743 -9999 -9999 -9999 21.4447734058317 18.3606596607715 -9999 -9999 -9999 -9999 -9999 -9999 -9999 -9999 -9999 -9999 -9999 -9999 -9999 -9999 -9999 -9999 -9999 -9999 -9999 -9999 -9999 -9999 -9999 -9999 -9999 -9999 -9999 8.8399998024106 14.6649996722117 7.92499982286245 9.35499979089946 9.32499979157001 9.46499978844076 9.56499978620559 9.5899997856468 9.65999978408217 9.69499978329986 9.70999978296459 9.72999978251755 9.71999978274107 9.70999978296459 9.73499978240579 9.81499978061765 9.904999778606
10.9490322979167 10.8485505949706 10.1249997736886 9.99249977665022 9.95499977748841 10.5164594244478 10.402499767486 10.3324997690506 9.96002225158736 8.30855709088168 8.73999980464578 8.73499980475754 8.68499980587512 8.69499980565161 8.56999980844557 8.48999981023371 8.51999980956316 17.8326969157326 -9999 -9999 -9999 -9999 -9999 -9999 -9999 -9999 -9999 -9999 -9999 -9999 -9999 -9999 -9999 -9999 -9999 -9999 -9999 -9999 -9999 -9999 -9999 -9999 -9999 -9999 -9999 -9999 -9999 -9999 9.05284765721964 9.23999979346991 9.22499979380518 9.35499979089946 9.56499978620559 9.6749997837469 9.77999978139997 9.80499978084117 9.79499978106469 9.86999977938831 9.83999978005886 9.87999977916479 9.84999977983534 9.904999778606
10.9849997544661 10.919794041996 11.0799997523427 10.4399997666478 10.5449997643009 10.5099997650832 10.3724997681566 9.70999978296459 10.4069809745997 9.37499979045242 9.24499979335815 9.00499979872257 8.99499979894608 8.90499980095774 8.72999980486929 8.65999980643392 8.68999980576336 -9999 -9999 -9999 -9999 -9999 -9999 -9999 -9999 -9999 -9999 -9999 -9999 -9999 -9999 -9999 -9999 -9999 -9999 -9999 -9999 -9999 -9999 -9999 -9999 -9999 -9999 -9999 -9999 -9999 -9999 -9999 8.8633331352224 8.99999979883432 9.16999979503453 9.33999979123473 9.45999978855252 9.62499978486449 9.73499978240579 9.85499977972358 9.87999977916479 9.93999977782369 9.94499977771193 9.90999977849424 9.94499977771193 9.904999778606
11.4149997448549 11.0599641155984 10.9324997556396 10.8483330908542 10.3499997686595 10.3299997691065 10.5309998941608 10.376247613132 10.4679714826867 8.48566314997151 8.98927805639271 9.19930312276951 9.14091936985238 8.95499979984015 8.95499979984015 10.5116326088206 9.76814269618462 -9999 -9999 -9999 -9999 -9999 -9999 -9999 -9999 -9999 -9999 -9999 -9999 -9999 -9999 -9999 -9999 -9999 -9999 -9999 -9999 -9999 -9999 -9999 -9999 -9999 -9999 -9999 -9999 -9999 -9999 -9999 9.73554655862972 8.90499980095774 8.74499980453402 9.37499979045242 9.21999979391694 9.34999979101121 9.32499979157001 9.37999979034066 9.06499979738146 9.19999979436398 9.57999978587031 9.91999977827072 9.94999977760017 9.99999977648258
10.5799997635186 11.1466123567273 10.9916664209838 10.9016664229954 9.94874977762811 10.2949997698888 10.2949997698888 10.2578783653943 10.2942441324038 8.20749981654808 8.4274998116307 8.47249981062487 8.76167697110213 8.72164762446967 9.91451732338303 6.69999985024333 -9999 -9999 -9999 -9999 -9999 -9999 -9999 -9999 -9999 -9999 -9999 -9999 -9999 -9999 -9999 -9999 -9999 -9999 -9999 -9999 -9999 -9999 -9999 -9999 -9999 -9999 -9999 -9999 -9999 -9999 -9999 -9999 14.579962504725 9.92042001411319 8.69999980553985 8.72999980486929 8.81999980285764 9.05999979749322 9.35499979089946 9.48999978788197 9.30999979190528 9.47999978810549 9.76499978173524 9.78999978117645 9.90999977849424 9.91499977838248
11.2024997496046 11.2674614559704 11.1242517473043 10.5299997646362 10.4799997657537 10.339999768883 10.4199997670949 10.5149997649714 10.5314275740779 10.4385607550586 9.68475326383486 9.15687767026247 8.70999980531633 8.66749980626628 8.85610660574295 -9999 -9999 -9999 -9999 -9999 -9999 -9999 -9999 -9999 -9999 -9999 -9999 -9999 -9999 -9999 -9999 -9999 -9999 -9999 -9999 -9999 -9999 -9999 -9999 -9999 -9999 -9999 -9999 -9999 -9999 -9999 -9999 -9999 -9999 11.5422156026055 9.65118935529608 8.72499980498105 8.74499980453402 8.76499980408698 8.86499980185181 9.49499978777021 9.48499978799373 9.20499979425222 9.57499978598207 9.78499978128821 9.86999977938831 9.88499977905303
11.1949997497723 11.1349997511134 10.1099997740239 10.1549997730181 10.132499773521 10.4349997667596 10.4349997667596 10.2899997700006 10.3249997692183 10.4049997674301 10.4299997668713 9.71328294644546 9.85968964985971 10.9724879763089 9.0837324377615 8.83499980252236 -9999 -9999 -9999 -9999 -9999 -9999 -9999 -9999 -9999 -9999 -9999 -9999 -9999 -9999 -9999 -9999 -9999 -9999 -9999 -9999 -9999 -9999 -9999 -9999 -9999 -9999 -9999 -9999 -9999 -9999 6.6599998511374 6.49499985482544 6.45499985571951 -9999 11.5949583295733 9.93752599779206 8.64999980665743 9.30999979190528 9.39499979000539 9.34999979101121 9.37999979034066 9.10499979648739 9.38999979011714 9.70999978296459 9.78499978128821 9.86499977950007
11.3249997468665 11.2249997491017 11.209999749437 10.5774997635745 10.3799997679889 10.2424997710623 10.3999997675419 10.4949997654185 10.484999765642 10.4499997664243 9.75668819116739 9.65002943567621 9.62045229606641 9.95073351230738 11.8499866980793 -9999 -9999 -9999 -9999 -9999 -9999 -9999 -9999 -9999 -9999 -9999 -9999 -9999 -9999 -9999 -9999 -9999 -9999 -9999 -9999 -9999 -9999 -9999 -9999 -9999 -9999 -9999 -9999 -9999 -9999 -9999 -9999 10.9799997545779 8.07999981939793 8.07999981939793 7.55999983102083 7.55999983102083 7.52499983180314 8.40499981213361 8.96499979961663 9.41999978944659 9.48999978788197 9.54999978654087 9.62499978486449 9.68999978341162 9.76499978173524 9.80499978084117
11.1949997497723 11.1656435656893 11.1883344690182 9.95124977757223 10.4574997662567 10.4524997663684 10.4724997659214 10.3649997683242 10.2399997711182 10.5038825310101 10.1954793091863 9.41666645618776 8.95333313321074 9.15540596154622 17.2049996154383 -9999 -9999 -9999 -9999 -9999 -9999 -9999 -9999 -9999 -9999 -9999 -9999 -9999 -9999 -9999 -9999 -9999 -9999 -9999 -9999 -9999 -9999 -9999 -9999 -9999 -9999 -9999 -9999 -9999 -9999 -9999 -9999 -9999 -9999 -9999 8.12166648513327 8.2224998162128 7.80499982554466 8.11499981861562 8.73999980464578 9.03999979794025 9.25499979313463 9.44999978877604 9.54999978654087 9.68999978341162 9.77999978139997 9.77499978151172
10.2512497708667 10.2737497703638 10.8166664248953 10.976666421319 10.9049997562543 10.0249997759238 10.0249997759238 10.2999997697771 10.0974997743033 9.94499977771193 9.72166644937048 9.51999978721142 9.50499978754669 10.4991381473839 11.8016349128898 -9999 -9999 -9999 -9999 -9999 -9999 -9999 -9999 -9999 -9999 -9999 -9999 -9999 -9999 -9999 -9999 -9999 -9999 -9999 -9999 -9999 -9999 -9999 -9999 -9999 -9999 -9999 -9999 -9999 -9999 -9999 -9999 -9999 -9999 -9999 -9999 -9999 8.57936069932073 7.5199998319149 7.96499982196838 8.54499980900437 8.53999980911613 8.56999980844557 8.59499980788678 9.30499979201704 9.55499978642911 9.62499978486449
