EcologicalScience/Bass/data/rs_data_bass/sst_283.asc
NCOLS 226 
NROWS 124 
XLLCORNER -9.41648524995501 
YLLCORNER 47.587301625531 
CELLSIZE 0.0833 
NODATA_value -9999 
[rows 54 to 80 of 124, columns 0 to 61 of 226]
-9999 -9999 -9999 -9999 -9999 -9999 -9999 -9999 -9999 -9999 -9999 -9999 -9999 -9999 -9999 -9999 -9999 -9999 -9999 -9999 -9999 -9999 -9999 -9999 -9999 -9999 -9999 -9999 -9999 -9999 -9999 -9999 -9999 -9999 -9999 -9999 -9999 -9999 13.8290791655309 6.11365702543408 5.83919033664279 5.90983305638656 6.77889573824807 7.24977364577353 7.41412853519432 7.57334359898232 7.56330300937407 7.5884044833947 7.79889827268198 7.47867518267594 6.74750510370359 6.62486647348851 7.42883082712069 7.16526534990408 6.89488661545329 6.66359446197748 6.46601000218652 6.9348558856246 11.6779253068625 -9999 -9999 12.3143745437264
-9999 -9999 -9999 -9999 -9999 -9999 -9999 -9999 -9999 -9999 -9999 -9999 -9999 -9999 -9999 -9999 -9999 -9999 -9999 -9999 -9999 -9999 -9999 -9999 -9999 -9999 -9999 -9999 -9999 -9999 -9999 -9999 -9999 -9999 -9999 -9999 -9999 -9999 13.3749997010455 5.94103060266934 5.96756644663401 6.15690327924676 6.40059248723888 6.71021148515865 4.72002318780869 7.50664539658464 7.61422314238735 7.64362772624008 7.61422314238735 6.69013030594215 7.47257911041379 7.28073213039897 7.30906093679368 6.97449414734729 6.70841852272861 6.58183537516743 7.29644691875643 8.21127963159233 6.38384290454128 13.6649996945634 -9999 14.339999679476
-9999 -9999 -9999 -9999 -9999 -9999 -9999 -9999 -9999 -9999 -9999 -9999 -9999 -9999 -9999 -9999 -9999 -9999 -9999 -9999 -9999 -9999 -9999 -9999 -9999 -9999 -9999 -9999 -9999 -9999 -9999 -9999 -9999 -9999 -9999 -9999 -9999 -9999 -9999 6.07000436680391 6.2340006637387 6.32902767253108 6.58398693008348 6.60944699659012 7.10222479086369 7.53031250066124 7.59402243234217 7.51871801028028 7.58804589090869 7.68486586213112 8.00014037583023 7.38866846868768 7.33989989059046 7.15665913023986 7.0107119884342 6.75109102856368 6.60765403416008 6.58613848499954 7.44855341385119 6.42807648153293 -9999 -9999
-9999 -9999 -9999 -9999 -9999 -9999 -9999 -9999 -9999 -9999 -9999 -9999 -9999 -9999 -9999 -9999 -9999 -9999 -9999 -9999 -9999 -9999 -9999 -9999 -9999 -9999 -9999 -9999 -9999 -9999 -9999 -9999 -9999 -9999 -9999 -9999 -9999 -9999 -9999 -9999 6.1224784005899 6.59546188963577 6.61626025382429 6.87982573104091 7.11506240186282 7.22945340489969 7.45751822600141 7.4051637230441 7.45919165760279 7.52206487348303 7.78283332930878 8.25072480505332 7.44962919130921 7.37038025190122 7.08207189314999 7.05159153183922 6.8357188552618 6.72981454106048 6.3376338921953 6.22233010828495 11.2112378071373 -9999
-9999 -9999 -9999 -9999 -9999 -9999 -9999 -9999 -9999 -9999 -9999 -9999 -9999 -9999 -9999 -9999 -9999 -9999 -9999 -9999 -9999 -9999 -9999 -9999 -9999 -9999 -9999 -9999 -9999 -9999 -9999 -9999 -9999 -9999 -9999 -9999 -9999 -9999 -9999 -9999 6.32771283341572 6.36847284599207 6.51836450514384 6.95333719067276 7.0268486503046 7.11637724097818 7.35926388483495 7.26626890012994 7.59521774062887 7.51441490044817 7.88414082935612 8.10346282413229 7.87958158203401 7.36858728947118 7.2538376939483 7.11721395677887 6.85866877436638 6.77726828004234 5.66527298092842 5.44724874943495 6.54509019218933 16.4699996318668
-9999 -9999 -9999 -9999 -9999 -9999 -9999 -9999 -9999 -9999 -9999 -9999 -9999 -9999 -9999 -9999 -9999 -9999 -9999 -9999 -9999 -9999 -9999 -9999 -9999 -9999 -9999 -9999 -9999 -9999 -9999 -9999 -9999 -9999 -9999 -9999 -9999 -9999 -9999 6.10499986354262 6.60406810929999 5.18977934448048 5.19193089939654 6.61339151393622 6.92357401433401 7.00640887860209 6.98011209629476 7.39691609586589 7.74613394974066 7.61529891984537 7.73650318011642 7.80858026980422 7.94592119194567 7.44783622887917 7.20650348579511 7.16347238747403 6.8636890691705 6.44843897037208 6.11303546512499 11.4665822195821 -9999 -9999
-9999 -9999 -9999 -9999 -9999 -9999 -9999 -9999 -9999 -9999 -9999 -9999 -9999 -9999 -9999 -9999 -9999 -9999 -9999 -9999 -9999 -9999 -9999 -9999 -9999 -9999 -9999 -9999 -9999 -9999 -9999 -9999 -9999 -9999 -9999 -9999 -9999 -9999 -9999 6.32250128928572 6.03390605654567 5.25002288213 5.18906215950847 6.76089255651459 7.25701379882438 7.21726126037538 7.37026072107255 7.41090120282024 7.59952085046098 7.9509414867498 8.09904018347152 8.04776145797223 8.04812005045824 7.77929521678016 7.26136813615449 7.27858057548292 7.20909638530933 14.1849996829405 8.40689869299822 6.58613848499954 5.19802697165869 4.42526016430929
-9999 -9999 -9999 -9999 -9999 -9999 -9999 -9999 -9999 -9999 -9999 -9999 -9999 -9999 -9999 -9999 -9999 -9999 -9999 -9999 -9999 -9999 -9999 -9999 -9999 -9999 -9999 -9999 -9999 -9999 -9999 -9999 -9999 -9999 -9999 -9999 -9999 -9999 -9999 5.8675191430375 5.62224188260734 5.72838525846601 5.93636890035123 6.10777610866353 7.52684610662982 6.9511856357567 6.88592180330306 6.91030609235168 6.11781669827178 6.49505599355325 6.34516433440149 7.03007598267868 8.18079927028157 7.33667255821638 7.20865504071116 7.13119906373322 6.84647662984207 7.19315281170062 10.3881316175684 5.17149112769403 5.21093630115502 5.1506927635055
-9999 -9999 -9999 -9999 -9999 -9999 -9999 -9999 -9999 -9999 -9999 -9999 -9999 -9999 -9999 -9999 -9999 -9999 -9999 -9999 -9999 -9999 -9999 -9999 -9999 -9999 -9999 -9999 -9999 -9999 -9999 -9999 -9999 -9999 -9999 -9999 -9999 -9999 12.679119432618 5.30524612497538 5.85102388868108 6.00163273280486 6.38460950786248 6.5768150803633 7.05804619658738 7.23519088467583 6.06976530514657 6.18523208564147 6.07263404503465 8.44687489490025 8.49564347299747 8.35758536588401 8.14529861416668 7.48226110753603 7.22945340489969 7.11900691920891 7.02146976301447 6.4968489559833 5.89190343208611 5.32066560187377 4.96530044823885 5.01586198876612
-9999 -9999 -9999 -9999 -9999 -9999 -9999 -9999 -9999 -9999 -9999 -9999 -9999 -9999 -9999 -9999 -9999 -9999 -9999 -9999 -9999 -9999 -9999 -9999 -9999 -9999 -9999 -9999 -9999 -9999 -9999 -9999 -9999 -9999 -9999 -9999 -9999 -9999 6.18487349315546 5.30524612497538 5.59068574383855 6.19383830530569 6.45417645014822 6.76400035806 6.97126681497321 7.81001463974826 8.06820122967474 8.43217260297388 8.49313332559541 8.67744986340404 8.43970304518007 8.21127963159233 6.02027954207733 5.90481276158243 7.27750479802489 7.22837762744166 7.17925045685843 6.14973142952658 5.8119373077061 5.30488753248937 4.96386607829481 4.36716818157583
-9999 -9999 -9999 -9999 -9999 -9999 -9999 -9999 -9999 -9999 -9999 -9999 -9999 -9999 -9999 -9999 -9999 -9999 -9999 -9999 -9999 -9999 -9999 -9999 -9999 -9999 -9999 -9999 -9999 -9999 -9999 -9999 -9999 -9999 -9999 -9999 -9999 15.4416604273458 6.3908251109533 6.09486677916721 6.05542160570621 6.48716695886105 6.67793816141784 7.04872279195115 7.12402721401304 7.62964261928573 7.71570481592789 8.51357309729792 8.62294380553067 8.63549454254098 8.3213675247971 8.02409435389563 7.77415539114736 7.51489302376285 7.22658466501161 7.12366862152703 6.67327645909972 6.4333780859597 5.88329721242189 5.71583452145569 5.22312844567932 4.39513839548454
-9999 -9999 -9999 -9999 -9999 -9999 -9999 -9999 -9999 -9999 -9999 -9999 -9999 -9999 -9999 -9999 -9999 -9999 -9999 -9999 -9999 -9999 -9999 -9999 -9999 -9999 -9999 -9999 -9999 -9999 -9999 -9999 -9999 -9999 -9999 -9999 -9999 6.69682403234765 6.23615221865475 6.23041473887861 6.46852014958858 6.66502883192152 6.97126681497321 7.09390544518828 7.34922329522669 7.49266028963029 7.62605669442564 8.59067048178986 8.52433087187819 8.44866785733029 6.62988676829264 7.7877819056157 7.63896602392197 7.55505538219586 7.2045909925364 7.00425732368603 6.50653095310554 5.6724448306486 5.73268836829811 5.64590898668393 5.30309457005933 5.09511092817411
-9999 -9999 -9999 -9999 -9999 -9999 -9999 -9999 -9999 -9999 -9999 -9999 -9999 -9999 -9999 -9999 -9999 -9999 -9999 -9999 -9999 -9999 -9999 -9999 -9999 -9999 -9999 -9999 -9999 -9999 -9999 -9999 -9999 -9999 -9999 6.93201431807186 6.22639850303531 6.03032013168558 6.3136081956327 6.63777580298483 6.95979185542092 6.90600298251957 7.17279579211026 7.5564897521399 7.47186192544177 6.74033325398341 7.64183476381004 8.5325784990564 8.37085328786634 8.32351907971315 8.24534591776319 8.16537979338318 7.50341806421056 7.31587419402786 7.00031280633993 6.77834405750036 6.20352030242793 5.92381816334091 5.64806054159999 5.51932583912276 5.28122042841278 4.66982023976743
-9999 -9999 -9999 -9999 -9999 -9999 -9999 -9999 -9999 -9999 -9999 -9999 -9999 -9999 -9999 -9999 -9999 -9999 -9999 -9999 -9999 -9999 -9999 -9999 -9999 -9999 -9999 -9999 -9999 -9999 -9999 -9999 -9999 -9999 -9999 16.0019575276279 7.9825773127377 7.32531712949276 6.64351328276098 7.11183506948873 7.09031952032819 7.2739188731648 7.19933163607493 7.51776176365092 7.53999449778348 7.64255194878206 8.58098848466761 8.47627947875299 8.24534591776319 8.21881007379852 8.15677357371897 8.12916195229627 7.51166569138877 6.94114504614845 6.73782310658135 5.4773705182597 5.57490767445415 5.90517135406844 4.72647785255685 4.88569291634485 4.52279732050374 4.48980681179091
-9999 -9999 -9999 -9999 -9999 -9999 -9999 -9999 -9999 -9999 -9999 -9999 -9999 -9999 -9999 -9999 -9999 -9999 -9999 -9999 -9999 -9999 -9999 -9999 -9999 -9999 23.8449994670227 23.8449994670227 -9999 7.7186790241942 11.3898734659264 6.83500167028978 7.99397258507088 10.456933347905 15.0550383207498 13.2477110975888 7.21510970545933 7.25240332400426 7.49337747460231 7.33989989059046 7.54716634750366 7.74439221480861 7.89643542887643 7.80607012240216 7.76519057899714 8.50102236028761 7.32770774606615 8.27439190912992 8.17075868067332 7.21726126037538 8.00975065445527 6.34803307428956 6.26770835742354 6.0905636693351 6.02816857676953 5.91485335119069 5.72981962841004 5.21272926358506 5.05279701482505 5.4931485876441 4.55005034944043 5.3867661501281
-9999 -9999 -9999 -9999 -9999 -9999 -9999 -9999 -9999 -9999 -9999 -9999 -9999 -9999 -9999 -9999 -9999 -9999 -9999 -9999 -9999 -9999 11.730142344672 7.40588090801612 6.76973783783615 6.64494765270501 6.69945371057838 3.07982115680352 7.361415439751 7.5249336133711 7.25527206389233 7.29973753215745 6.8952452079393 6.99278236413375 7.12187565909699 6.96481215022504 7.35065766517073 7.51919613359496 7.65187535341829 7.69132052687928 7.86272773519158 7.90289009362459 7.97173985093832 7.88567765429616 7.75514998938888 6.6363414330408 6.47282325942069 6.41473127668723 8.01584672671743 7.92548142024316 7.07095552608371 7.41412853519432 6.27846613200381 6.09988707397133 5.73483992321417 5.66670735087246 5.50749228708446 5.44007689971477 5.92652390664443 15.4099996555597 -9999 -9999
-9999 -9999 -9999 -9999 -9999 -9999 -9999 -9999 -9999 -9999 -9999 -9999 -9999 -9999 -9999 -9999 -9999 -9999 -9999 -9999 -9999 14.1151463212445 6.37815484311432 6.49864191841334 6.61841180874035 6.52661213232204 6.61912899371237 6.60119936941192 6.8235267107375 7.53999449778348 7.36715291952714 7.44819482136518 7.27320168819278 7.00784324854612 7.39225439354777 7.60023803543299 7.80248419754207 7.91221349826083 7.97604296077043 7.97532577579841 7.97173985093832 7.86559647507966 6.31504256557673 6.73244421929121 6.60908840410411 6.90815453743562 6.80990019626915 6.63490706309676 6.75395976845175 7.24810021417215 6.7998596066609 7.2739188731648 6.59617907460779 6.50007628835738 6.32125816866755 15.1080986066923 15.1399996615946 -9999 -9999 -9999 -9999 -9999
-9999 -9999 -9999 -9999 -9999 -9999 -9999 -9999 -9999 -9999 -9999 -9999 -9999 -9999 -9999 -9999 -9999 6.88018432352692 7.97661670874804 11.4526297119446 7.11470380937681 6.83643604023382 6.6922818608582 6.8715781038627 6.69084749091417 6.78838464710861 6.76758628292009 6.55529953120276 6.72670673951507 7.53856012783945 7.48333688499406 7.56222723191604 7.59378337068483 7.52421642839909 7.36356699466705 8.5842158170417 8.0348521284759 7.96671955613419 8.05636767763644 6.63992735790089 8.05493330769241 8.08864100137725 7.6999267465435 7.54142886772752 7.58302559610456 7.94878993183374 7.77451398363337 7.53425701800734 7.44317452656105 6.9748527398333 6.91102327732369 9.08178281318396 13.4399996995926 -9999 -9999 -9999 -9999 -9999 -9999 -9999 -9999 -9999
-9999 -9999 -9999 -9999 -9999 -9999 -9999 -9999 -9999 -9999 -9999 -9999 -9999 -9999 -9999 -9999 -9999 7.02469709538855 6.84504225989804 6.93827630626038 7.58159122616053 7.49266028963029 7.71498763095587 6.93540756637231 6.8636890691705 7.12617876892909 7.20004882104695 7.36284980969504 7.5328226480633 7.80320138251409 7.86774802999571 7.85412151552737 7.83690907619894 7.79316079290584 7.78885768307373 8.07716604182497 8.54907375341281 8.55911434302106 8.57309944997542 4.98251288756728 6.3853266928345 6.97556992480531 7.40588090801612 6.84862818475813 7.80248419754207 4.6963560837321 7.60633410769515 7.11972410418093 6.88018432352692 7.66980497771874 8.02586341015995 14.0849996851757 -9999 -9999 -9999 -9999 -9999 -9999 -9999 -9999 -9999 -9999
-9999 -9999 -9999 -9999 -9999 -9999 -9999 -9999 -9999 -9999 -9999 -9999 -9999 8.14647684662071 6.89022491313517 6.68654438108206 6.52302620746195 6.78479872224852 7.36715291952714 7.50915554398671 7.73363444022834 7.81037323223427 7.67697682743892 7.41376994270831 7.31336404662579 7.39225439354777 7.82256537675858 7.65474409330636 7.81611071201041 8.04202397819608 7.92153690289706 7.89571824390441 7.80391856748611 7.88567765429616 7.92010253295302 8.00473035965115 8.09150974126533 8.81765952543356 6.79914242168888 5.10013122297823 5.0391705003567 5.0707266391255 7.12115847412497 7.41376994270831 7.18498793663457 7.62892543431371 7.66872920026071 6.87014373391867 6.99636828899384 7.10968351457268 7.14984587300569 6.9949339190498 15.954999643378 -9999 -9999 -9999 -9999 -9999 -9999 22.5089153057496 -9999 -9999
-9999 -9999 -9999 -9999 -9999 -9999 -9999 -9999 -9999 -9999 18.747813450145 7.15988646261394 6.76686909794807 6.7998596066609 6.84002196509391 6.77260657772422 6.88807335821912 7.20506911585107 7.74726095469669 7.76160465413705 7.57155063655227 7.70207830145955 7.54142886772752 7.60525833023712 7.67195653263479 7.71929074078798 7.79746390273795 7.89284950401634 7.8993041687645 7.8555558854714 7.89069794910029 7.85340433055535 7.64757224358618 8.19095939071849 8.23727758682799 7.17996764183044 7.42022460745648 8.63190861768089 8.71940518426709 8.64983824198134 4.98466444248334 6.59474470466375 7.87994017452002 8.18366801016964 8.04489271808416 7.97676014574245 7.00999480346218 6.99780265893787 6.93469038140029 6.84002196509391 7.64398631872609 15.4104122634162 7.3778792845466 -9999 -9999 -9999 17.6618162814376 5.88006988004781 5.84205907653086 5.17471846006811 5.61004973808303 17.7899996023625
-9999 -9999 -9999 -9999 -9999 -9999 -9999 20.6721860109678 7.15486616780981 7.27105013327673 7.01142917340621 6.84145633503795 6.67865534638986 6.73244421929121 7.42094179242849 7.59952085046098 7.67410808755085 7.59163181576878 7.9150822381489 7.90432446356863 7.82615130161867 7.81467634206638 7.73148288531229 7.73363444022834 7.67123934766278 7.55362101225182 7.7637562090531 7.92512282775715 6.60335092432797 7.72072511073202 7.77666553854942 8.10441907076165 7.86272773519158 7.95524459658191 8.11015655053779 8.02481153886765 8.06712545221671 8.24427014030516 8.27510909410194 8.02983183367178 8.19621874717996 7.83906063111499 7.78527175821364 7.84121218603104 7.91257209074683 7.90791038842872 7.61314736492932 6.93827630626038 6.87444684375077 6.45489363512024 6.98740347684361 6.9590746704489 13.3597032405468 6.72435347632563 6.26376384007744 6.09163944679312 6.09630114911124 6.1027558138594 6.06187627045438 5.42358164535835 5.49745169747621 17.4943288211317
-9999 -9999 -9999 -9999 -9999 7.29328286740929 7.21367533551529 6.53091524215415 7.26316109858453 7.23232214478776 6.76973783783615 6.96122622536495 7.63107698922977 7.74726095469669 7.22013000026345 7.54142886772752 7.59091463079676 7.9868007353507 7.88424328435212 7.83619189122692 7.85914181033149 7.90360727859661 7.65689564822242 7.97747733071446 8.07214574702084 8.12163151009008 8.05636767763644 8.10155033087358 8.05349893774837 6.1386150624603 8.3016449380666 8.30738241784275 8.30523086292669 8.57058930257335 8.25000762008131 8.21271400153637 8.19980467204005 7.57513656141236 7.44747763639316 7.56509597180411 8.40671253646724 8.10334329330362 7.98715932783671 7.78419598075561 8.24857325013727 8.10728781064972 6.485015403945 6.43481245590374 6.59474470466375 7.12187565909699 6.84575944487005 6.79734945925884 6.63203832320869 6.58398693008348 6.26842554239556 6.23471784871072 6.07908870978281 6.14363535726443 6.04968412593007 5.82090211985633 5.68105105031282 5.61004973808303
-9999 -9999 -9999 -9999 -9999 7.62462232448161 7.3018890870735 7.35854669986293 7.56366160186008 7.63968320889398 7.90217290865257 7.81180760217831 7.91651660809293 7.95165867172182 7.93014312256128 8.03198338858783 8.07501448690891 8.10585344070569 7.91579942312092 8.21558274142444 8.09509566612542 7.87994017452002 8.22490614606068 8.17255164310336 8.17613756796345 8.31885737739503 8.18474378762767 8.23136081080884 8.05780204758048 7.67195653263479 8.4888302157633 8.43504134286195 8.45368815213442 8.02839746372774 8.70039978250861 8.58278144709766 8.31120740436018 8.32339954888448 8.49205754813738 8.45978422439657 8.43002104805782 8.22383036860265 8.11637215362862 8.04728333465755 8.05134738283232 7.52027191105299 7.33631396573037 7.28646961017512 7.30009612464346 6.62271491857246 6.56534012081102 6.59546188963577 6.66000853711739 6.60119936941192 6.16945401625708 6.21678822441027 6.22109133424237 6.27129428228363 6.19096956541762 6.06187627045438 5.83452863432467 5.69252600986511
-9999 -9999 -9999 -9999 -9999 7.72000792576 7.55146945733577 7.90432446356863 7.91938534798101 7.95596178155392 8.00257880473509 8.02839746372774 7.94376963702962 7.85196996061131 8.05493330769241 8.13095491472632 7.97030548099428 7.94663837691769 7.83404033631086 8.16466260841116 8.09939877595752 8.20482496684417 8.38555557979271 8.38627276476473 8.22705770097673 8.05995360249653 8.22777488594875 8.12736898986623 8.30809960281476 8.397030539345 8.5605487129651 8.54405345860869 8.56341745285317 8.53616442391649 8.55409404821694 8.596510416562 8.7039857073687 8.67601549346 8.53508864645846 7.51847894862294 8.45153659721836 7.96193832298741 8.14290799759328 7.3097781217657 7.32699056109414 7.35711232991889 7.37575913919136 6.94616534095258 6.90887172240764 6.80344553152099 6.76041443319991 6.68080690130591 6.55888545606285 6.42764060618356 6.11207921849564 6.56031982600689 6.48142947908491 6.51585435774177 6.49362162360922 6.21650135042146 6.23156223483384 5.9033783916384
-9999 -9999 -9999 -9999 -9999 8.01763968914747 7.53067109314725 7.86201055021957 8.16896571824327 8.18402660265565 8.12593461992219 8.11589403031394 8.01333657931536 7.89643542887643 8.08218633662909 7.99684132495895 8.01835687411949 8.01907405909151 8.0305490186438 7.79029205301777 8.22275459114462 8.36906032543629 8.37264625029638 8.44006163766608 8.28730123862624 8.49456769553944 8.45225378219038 7.99684132495895 8.02768027875572 8.42715230816975 8.36762595549226 8.57560959737748 8.59927670145407 8.596407961566 8.51321450481191 8.39774772431701 8.14027831936255 8.81263923062943 8.51070435740985 8.50747702503577 8.06832076050341 8.44436474749818 8.1381267644465 7.56437878683209 7.51847894862294 7.49983213935047 7.40372935310006 6.95979185542092 6.89596239291131 6.80057679163292 6.83428448531777 6.84504225989804 6.7919705719687 7.1584520926699 6.08984648436308 6.35932873759884 6.06474501034245 6.23471784871072 6.46349985478446 6.63777580298483 6.73789482507855 6.00737021258101
-9999 -9999 -9999 -9999 -9999 8.29877619817853 8.21414837148041 8.21845148131251 8.32674641208723 8.25144199002534 8.21486555645242 8.12880335981026 8.11374247539788 8.17757193790749 7.98178044054657 8.03772086836398 8.06282234238461 8.08362070657313 8.11230810545385 8.078600411769 8.12665180489421 8.31096834270284 8.40635394398123 8.437192897778 8.46946622151881 8.52253790944815 8.47592088626698 8.41424297867343 7.81467634206638 8.39846490928903 8.46731466660276 8.53401286900043 8.61792351072654 8.60573136620224 8.61433758586645 8.4888302157633 8.36045410577208 8.3375041866675 8.05780204758048 8.07716604182497 8.45464439876378 7.87778861960396 7.83690907619894 7.83690907619894 7.57585374638438 7.60669270018116 7.47903377516195 7.39010283863172 7.14554276317358 7.07597582088783 7.82041382184252 7.09031952032819 7.16992705222219 6.94903408084065 6.91245764726773 6.843607889954 6.62486647348851 6.57036041561514 6.53306679707021 6.40110476221889 6.39106417261064 6.25910213775933
