EcologicalScience/Bass/data/rs_data_bass/sst_49.asc
NCOLS 226 
NROWS 124 
XLLCORNER -9.41648524995501 
YLLCORNER 47.587301625531 
CELLSIZE 0.0833 
NODATA_value -9999 
[rows 81 to 107 of 124, columns 62 to 123 of 226]
9.02666646490494 -9999 -9999 -9999 -9999 -9999 -9999 -9999 -9999 -9999 -9999 -9999 -9999 -9999 -9999 -9999 -9999 -9999 -9999 -9999 -9999 -9999 -9999 -9999 -9999 -9999 -9999 -9999 -9999 -9999 -9999 -9999 -9999 -9999 -9999 -9999 -9999 -9999 -9999 -9999 -9999 -9999 -9999 -9999 -9999 -9999 -9999 -9999 -9999 -9999 -9999 -9999 -9999 -9999 -9999 -9999 -9999 -9999 -9999 -9999 -9999 -9999
9.70499978307635 -9999 -9999 -9999 -9999 -9999 -9999 -9999 -9999 -9999 -9999 -9999 -9999 -9999 -9999 -9999 -9999 -9999 -9999 -9999 -9999 -9999 -9999 -9999 -9999 -9999 -9999 -9999 -9999 -9999 -9999 -9999 -9999 -9999 -9999 -9999 -9999 -9999 -9999 -9999 -9999 -9999 -9999 -9999 -9999 -9999 -9999 -9999 -9999 -9999 -9999 -9999 -9999 -9999 -9999 -9999 -9999 -9999 -9999 -9999 -9999 -9999
-9999 -9999 -9999 -9999 -9999 -9999 -9999 -9999 -9999 -9999 -9999 -9999 -9999 -9999 -9999 -9999 -9999 -9999 -9999 -9999 -9999 -9999 -9999 -9999 -9999 -9999 -9999 -9999 -9999 -9999 -9999 -9999 -9999 -9999 -9999 -9999 -9999 -9999 -9999 -9999 -9999 -9999 -9999 -9999 -9999 -9999 -9999 -9999 -9999 -9999 -9999 -9999 -9999 -9999 -9999 -9999 -9999 -9999 -9999 -9999 15.3249996574596 -9999
-9999 -9999 -9999 -9999 -9999 -9999 -9999 -9999 -9999 -9999 -9999 -9999 -9999 -9999 -9999 -9999 -9999 -9999 -9999 -9999 -9999 -9999 -9999 -9999 -9999 -9999 -9999 -9999 -9999 -9999 -9999 -9999 -9999 11.3199997469783 11.209999749437 11.1449997508898 -9999 -9999 -9999 -9999 -9999 -9999 -9999 -9999 -9999 -9999 -9999 -9999 -9999 -9999 -9999 -9999 -9999 -9999 -9999 -9999 17.2699996139854 15.519999653101 6.48666652167837 9.45999978855252 9.47999978810549 9.54999978654087
-9999 -9999 -9999 -9999 -9999 -9999 -9999 -9999 -9999 -9999 -9999 -9999 -9999 -9999 -9999 -9999 -9999 -9999 -9999 -9999 -9999 -9999 -9999 -9999 -9999 -9999 -9999 -9999 -9999 -9999 -9999 -9999 -9999 16.0359087324786 8.44619028740341 8.25799981541932 11.769230506168 12.0617304996301 8.47210507379159 8.59049980798736 11.4256247446174 -9999 15.8272853605183 10.5443330976491 8.85249980213121 8.86999980174005 7.10999984107912 8.18499981705099 8.68999980576336 8.76999980397522 8.74999980442226 7.18857126789434 15.8999996446073 -9999 8.43499981146306 8.99999979883432 8.79499980341643 8.99499979894608 9.30999979190528 9.51999978721142 9.68499978352338 9.73499978240579
-9999 -9999 -9999 -9999 -9999 -9999 -9999 -9999 -9999 -9999 -9999 -9999 -9999 9.39166645674656 9.81499978061765 9.88499977905303 9.72499978262931 9.60499978531152 9.16714265224125 -9999 -9999 -9999 -9999 -9999 -9999 11.894999734126 11.894999734126 11.222413542263 8.86499980185181 8.76999980397522 8.70999980531633 8.64999980665743 8.62999980710447 7.16428555415145 7.30999983660877 -9999 16.8038457782509 8.41999981179833 8.36999981291592 8.29999981448054 8.2099998164922 8.51499980967492 8.7549998043105 8.69499980565161 8.73999980464578 8.72499980498105 8.8149998029694 8.90499980095774 8.99499979894608 9.07499979715794 8.97999979928136 9.38999979011714 9.32499979157001 9.21999979391694 9.16999979503453 9.18999979458749 9.27999979257584 9.47499978821725 9.6999997831881 9.80499978084117 9.71999978274107 9.53999978676438
-9999 -9999 -9999 -9999 -9999 -9999 -9999 -9999 12.6138719660499 12.1174997291528 9.89499977882951 9.96499977726489 9.98499977681786 9.98499977681786 9.904999778606 10.0099997762591 9.95499977748841 9.77499978151172 9.90999977849424 9.94499977771193 9.71999978274107 9.68999978341162 9.20999979414046 9.23833312684049 9.14999979548156 9.94794095411678 10.6595310117409 8.95999979972839 9.03999979794025 8.98999979905784 8.90499980095774 8.94999979995191 9.08999979682267 9.00499979872257 7.5057141179485 16.9632428640852 8.3799998126924 8.34999981336296 8.33499981369823 8.3549998132512 8.2949998145923 8.53499980922788 9.24499979335815 9.16499979514629 9.2149997940287 9.26999979279935 9.26999979279935 9.28999979235232 9.42499978933483 9.67999978363514 9.78999978117645 9.81499978061765 9.83499978017062 9.79999978095293 9.6749997837469 9.68999978341162 9.74999978207052 9.8449997799471 9.85999977961183 9.84999977983534 9.70999978296459 9.48499978799373
-9999 -9999 -9999 -9999 -9999 -9999 -9999 -9999 11.5364580754734 9.96999977715313 10.0099997762591 10.3249997692183 9.96499977726489 9.57499978598207 9.62999978475273 9.80999978072941 9.64499978441745 9.91499977838248 10.049999775365 9.93499977793545 9.9299997780472 9.71499978285283 9.91999977827072 9.89999977871776 9.82499978039414 9.614999785088 9.50499978754669 9.32999979145825 9.31999979168177 9.37499979045242 9.43499978911132 9.38999979011714 9.31499979179353 9.10999979637563 9.02499979827553 8.90499980095774 8.74999980442226 8.67499980609864 8.65499980654567 8.72999980486929 9.18499979469925 9.43999978899956 9.47499978821725 9.41999978944659 9.4449997888878 9.54499978665262 9.58499978575855 9.54999978654087 9.759999781847 9.98499977681786 9.96499977726489 9.99999977648258 9.98499977681786 9.97999977692962 9.96499977726489 9.96499977726489 9.94999977760017 9.89999977871776 9.84999977983534 9.78999978117645 9.62999978475273 9.54499978665262
-9999 -9999 -9999 -9999 -9999 -9999 -9999 -9999 9.53999978676438 9.89999977871776 10.1849997723475 10.2899997700006 9.76999978162348 9.59999978542328 8.84499980229884 9.09499979671091 9.46499978844076 9.65499978419393 9.72499978262931 9.89499977882951 9.87499977927655 9.9299997780472 9.99499977659434 9.95999977737665 9.88999977894127 9.78999978117645 9.63999978452921 9.49999978765845 9.46999978832901 9.54999978654087 9.60999978519976 9.72499978262931 9.68999978341162 9.27499979268759 9.13499979581684 9.09499979671091 9.03999979794025 8.95999979972839 8.99499979894608 9.11999979615211 9.37499979045242 9.55999978631735 9.58499978575855 9.61999978497624 9.72499978262931 9.79999978095293 9.83499978017062 9.84999977983534 9.9299997780472 9.99999977648258 10.0849997745827 10.1049997741356 10.0899997744709 9.99999977648258 10.0099997762591 9.98499977681786 9.96999977715313 9.93499977793545 9.89999977871776 9.22999979369342 9.00499979872257 9.00499979872257
9.40499978978187 9.40499978978187 -9999 -9999 -9999 -9999 -9999 -9999 9.68499978352338 10.1799997724593 10.4099997673184 10.2899997700006 10.2399997711182 10.1049997741356 10.0799997746944 9.66499978397042 9.95499977748841 9.73499978240579 9.76999978162348 9.80999978072941 9.73499978240579 9.70999978296459 9.72499978262931 9.70999978296459 9.77499978151172 9.83999978005886 9.83999978005886 9.96499977726489 9.98499977681786 10.0149997761473 10.1249997736886 10.2899997700006 10.3849997678772 10.3849997678772 10.3949997676536 9.3849997902289 9.31499979179353 9.24999979324639 9.43999978899956 9.74999978207052 9.87499977927655 9.94499977771193 10.1699997726828 10.2099997717887 10.1349997734651 10.1049997741356 10.1499997731298 10.214999771677 10.1999997720122 10.1799997724593 10.214999771677 10.2049997719005 10.1549997730181 10.1199997738004 10.0799997746944 9.96499977726489 9.96999977715313 9.60499978531152 9.42499978933483 9.20749979419634 9.65499978419393 9.54499978665262
10.629999762401 10.6649997616187 10.8399997577071 10.6849997611716 10.6849997611716 -9999 16.1899624452926 10.484999765642 10.5349997645244 10.5099997650832 10.3499997686595 10.5449997643009 10.5099997650832 10.5849997634068 10.5649997638538 10.4099997673184 10.0049997763708 10.0399997755885 9.81499978061765 9.96499977726489 9.88999977894127 9.904999778606 9.85499977972358 9.86999977938831 9.92499977815896 10.1199997738004 10.1149997739121 10.194999772124 10.2349997712299 10.4949997654185 10.6049997629598 10.7199997603893 10.7349997600541 10.7149997605011 10.6499997619539 10.5149997649714 10.1099997740239 9.98499977681786 10.1649997727945 10.2949997698888 10.339999768883 10.484999765642 10.5249997647479 10.4499997664243 10.3899997677654 10.3999997675419 10.4249997669831 10.4349997667596 10.3949997676536 10.339999768883 10.3249997692183 10.2949997698888 10.1299997735769 10.0749997748062 10.0049997763708 9.99999977648258 9.9899997767061 9.71499978285283 9.32499979157001 9.17999979481101 9.64499978441745 9.56999978609383
10.6549997618422 10.7699997592717 10.7099997606128 10.6799997612834 10.6199997626245 10.629999762401 10.5649997638538 10.484999765642 10.6349997622892 10.6049997629598 10.5699997637421 10.7049997607246 10.7949997587129 10.4999997653067 10.77499975916 10.6749997613952 10.5899997632951 10.2899997700006 10.5299997646362 10.629999762401 10.5249997647479 10.5099997650832 10.3949997676536 10.3699997682124 10.4699997659773 10.4449997665361 10.4449997665361 10.5349997645244 10.6699997615069 10.7199997603893 10.7449997598305 10.8349997578189 10.8449997575954 10.8149997582659 10.5449997643009 10.6349997622892 10.4499997664243 10.4899997655302 10.5699997637421 10.5649997638538 10.5899997632951 10.5849997634068 10.5149997649714 10.4799997657537 10.4599997662008 10.484999765642 10.4699997659773 10.4249997669831 10.3549997685477 10.3699997682124 10.2799997702241 10.0099997762591 9.86999977938831 9.85499977972358 10.1299997735769 10.2649997705594 10.1199997738004 9.51499978732318 9.614999785088 9.18499979469925 8.94999979995191 8.92999980039895
10.9149997560307 10.9049997562543 10.7849997589365 10.7999997586012 10.6549997618422 10.5549997640774 10.4549997663125 10.6049997629598 10.754999759607 10.7399997599423 10.77499975916 10.7399997599423 10.754999759607 10.77499975916 10.6599997617304 10.6499997619539 10.6499997619539 10.5549997640774 10.6249997625127 10.6549997618422 10.6399997621775 10.5999997630715 10.6049997629598 10.7099997606128 10.7249997602776 10.7899997588247 10.7999997586012 10.7799997590482 10.7349997600541 10.7899997588247 8.5849998081103 9.82999978028238 10.5399997644126 10.5699997637421 10.6849997611716 10.754999759607 10.754999759607 10.7349997600541 10.6849997611716 10.5999997630715 10.5799997635186 10.4799997657537 10.4299997668713 10.4349997667596 10.4449997665361 10.4599997662008 10.3949997676536 10.3049997696653 10.2299997713417 10.0749997748062 9.99999977648258 9.84999977983534 9.78999978117645 9.96333311063548 9.62499978486449 9.88499977905303 9.85499977972358 9.6999997831881 9.63499978464097 9.35499979089946 9.05499979760498 9.02999979816377
10.9599997550249 10.8699997570366 10.919999755919 10.8849997567013 10.7649997593835 10.6699997615069 10.7249997602776 10.7699997592717 10.9099997561425 10.8949997564778 10.8199997581542 10.6599997617304 10.8099997583777 10.9499997552484 10.8349997578189 10.7649997593835 10.6849997611716 10.6749997613952 10.6749997613952 10.7399997599423 10.6699997615069 10.7099997606128 10.7249997602776 10.8349997578189 10.7999997586012 10.8499997574836 10.899999756366 10.9599997550249 10.9099997561425 10.879999756813 8.96999979950488 9.24499979335815 9.99999977648258 10.504999765195 9.91999977827072 10.214999771677 10.4199997670949 10.6249997625127 10.5199997648597 10.5149997649714 10.4749997658655 10.4449997665361 10.3799997679889 10.2299997713417 10.0849997745827 10.069999774918 10.2199997715652 10.1649997727945 10.1799997724593 10.1099997740239 9.99499977659434 9.82499978039414 9.95999977737665 9.39499979000539 9.36499979067594 9.36499979067594 9.2149997940287 9.05999979749322 8.95499979984015 9.16999979503453 9.1549997953698 8.62999980710447
10.9049997562543 10.8649997571483 10.9449997553602 10.7949997587129 10.6399997621775 10.6249997625127 10.7949997587129 10.9149997560307 10.9399997554719 11.044999753125 10.9849997544661 11.044999753125 11.1649997504428 11.1399997510016 11.0299997534603 10.9649997549132 10.9099997561425 10.8099997583777 10.77499975916 10.7649997593835 10.7899997588247 10.8349997578189 10.8449997575954 10.8299997579306 10.8899997565895 10.8899997565895 10.899999756366 10.9249997558072 10.8749997569248 10.8499997574836 10.8049997584894 9.70499978307635 9.11999979615211 9.59999978542328 8.5249998094514 10.0049997763708 10.5449997643009 10.4149997672066 10.1299997735769 10.2599997706711 10.2699997704476 10.2899997700006 10.2699997704476 10.214999771677 10.1399997733533 10.1199997738004 10.0649997750297 10.0149997761473 9.94499977771193 9.78999978117645 9.73999978229403 9.73999978229403 9.40499978978187 8.29999981448054 8.86999980174005 8.86999980174005 8.68499980587512 8.77499980386347 8.75999980419874 8.73499980475754 8.60499980766326 8.4399998113513
11.1249997513369 11.0849997522309 11.169999750331 10.879999756813 10.8649997571483 11.0049997540191 11.1449997508898 11.2599997483194 11.1999997496605 11.1599997505546 11.189999749884 11.2799997478724 11.189999749884 11.1599997505546 11.1549997506663 11.0499997530133 11.1049997517839 11.024999753572 11.0049997540191 10.8899997565895 10.8399997577071 10.8399997577071 10.8699997570366 10.8599997572601 10.7999997586012 10.8149997582659 10.8499997574836 10.8449997575954 10.8499997574836 10.7699997592717 10.7199997603893 10.5299997646362 8.91499980073422 9.50999978743494 10.4549997663125 9.94499977771193 10.3149997694418 8.039999820292 9.48999978788197 8.04999982006848 9.69333311667045 9.99499977659434 10.0399997755885 10.0399997755885 10.029999775812 9.904999778606 9.82499978039414 9.62499978486449 9.50499978754669 9.34749979106709 9.57749978592619 9.34249979117885 9.10749979643151 8.57166647507499 8.5849998081103 8.36499981302768 8.46999981068075 8.63499980699271 8.67999980598688 8.74499980453402 8.51333314304551 8.56857123704893
11.2899997476488 11.2849997477606 11.2399997487664 11.3499997463077 11.2499997485429 11.3449997464195 11.3849997455254 11.3299997467548 11.3099997472018 11.31499974709 11.3249997468665 11.3049997473136 11.2899997476488 11.2699997480959 11.1949997497723 11.1999997496605 11.1549997506663 11.1449997508898 11.0549997529015 11.0099997539073 10.9499997552484 10.8849997567013 10.8349997578189 10.7999997586012 10.7949997587129 10.6549997618422 10.5999997630715 10.6249997625127 10.5999997630715 10.6399997621775 10.5149997649714 10.1249997736886 9.63999978452921 9.18999979458749 8.97499979939312 8.3799998126924 8.05999981984496 9.52499978709966 9.01833313175788 9.34666645775239 9.3599997907877 9.58499978575855 9.62749978480861 9.80499978084117 9.72499978262931 9.78499978128821 9.82749978033826 9.26499979291111 9.39499979000539 9.34499979112297 8.70499980542809 8.78499980363995 8.44999981112778 8.59999980777502 8.5249998094514 8.55499980878085 8.55499980878085 15.2255878949757 -9999 -9999 -9999 -9999
11.3849997455254 11.3499997463077 10.0249997759238 11.2649997482076 11.3299997467548 11.2999997474253 11.3199997469783 11.2699997480959 11.2949997475371 11.3449997464195 11.3099997472018 11.2849997477606 11.2699997480959 11.2799997478724 11.1749997502193 11.0749997524545 11.0549997529015 10.9149997560307 10.8949997564778 10.9099997561425 10.9049997562543 10.8499997574836 10.7899997588247 10.7249997602776 10.7199997603893 10.5299997646362 10.4549997663125 10.4349997667596 10.3499997686595 10.4699997659773 10.3249997692183 10.1449997732416 8.5849998081103 9.24499979335815 9.39499979000539 9.41999978944659 9.42499978933483 7.40999983437359 8.05999981984496 8.0649998197332 9.27166645942877 9.52249978715554 9.54499978665262 9.46999978832901 9.51999978721142 9.42999978922307 9.32499979157001 9.3599997907877 9.09999979659915 8.66499980632216 8.63999980688095 8.67999980598688 8.60499980766326 8.43249981151894 8.45555536655916 16.6759087181735 -9999 -9999 -9999 -9999 -9999 -9999
11.3749997457489 11.2499997485429 11.2116664160664 11.4499997440726 11.4199997447431 11.4449997441843 11.4149997448549 11.3699997458607 11.4199997447431 11.4499997440726 11.3049997473136 11.3199997469783 11.1799997501075 11.1799997501075 11.1999997496605 11.1299997512251 10.9449997553602 10.6699997615069 10.754999759607 10.8049997584894 10.7899997588247 10.359999768436 10.2274997713976 10.6549997618422 9.87999977916479 10.4716664326067 10.402499767486 9.95222199977272 9.99888866539631 9.03199979811907 13.357458717831 15.7116663154835 16.2260522688984 17.0599996186793 -9999 8.68999980576336 8.70999980531633 8.85499980207533 9.21999979391694 8.27999981492758 7.9674998219125 7.72749982727692 7.64749982906505 9.18999979458749 9.10499979648739 8.99499979894608 8.75999980419874 8.49499981012195 8.49499981012195 8.38499981258065 8.58999980799854 8.85999980196357 7.87599982395768 -9999 -9999 -9999 -9999 -9999 -9999 -9999 -9999 -9999
11.3799997456372 11.4149997448549 11.4699997436255 11.499999742955 11.2999997474253 11.2999997474253 11.31499974709 11.4499997440726 11.147499750834 11.209999749437 11.209999749437 10.8849997567013 10.8616664238895 10.9999997541308 10.9999997541308 10.3799997679889 10.2849997701123 10.257499770727 10.2449997710064 10.4974997653626 10.2699997704476 10.484999765642 10.4499997664243 9.53999978676438 10.3224997692741 10.5749997636303 10.5999997630715 10.609999762848 10.5766664302597 -9999 -9999 -9999 -9999 -9999 16.3799996338785 8.44499981123954 8.44499981123954 8.66499980632216 8.65499980654567 8.64999980665743 8.10999981872737 7.90249982336536 9.27999979257584 8.8999998010695 8.8999998010695 8.7549998043105 8.66499980632216 8.51499980967492 8.39499981235713 8.15999981760979 8.39999981224537 8.63999980688095 14.8955552226139 -9999 -9999 -9999 -9999 -9999 -9999 -9999 -9999 -9999
11.1949997497723 10.464999766089 10.4466664331655 10.4733330992361 10.4599997662008 10.80333309186 11.2074997494929 11.0874997521751 11.0433330864956 11.0233330869426 10.8824997567572 10.8599997572601 10.6116664294774 10.6666664282481 10.0949997743592 10.0949997743592 11.0949997520074 11.0949997520074 10.1474997731857 9.84249978000298 10.5849997634068 10.484999765642 10.3474997687154 10.2474997709505 10.4483330997949 10.3766664347301 10.098333107618 10.1349997734651 9.63499978464097 10.097352715483 -9999 -9999 -9999 -9999 -9999 10.0954164410165 8.69999980553985 6.92999984510243 8.68999980576336 8.68999980576336 8.32499981392175 9.00999979861081 8.97499979939312 8.87499980162829 8.84499980229884 8.72499980498105 8.66499980632216 8.44999981112778 8.2949998145923 8.24999981559813 8.28499981481582 7.91999982297421 7.78999982587993 7.94999982230365 14.794999669306 -9999 -9999 -9999 -9999 -9999 -9999 -9999
10.237499771174 10.7874997588806 10.8474997575395 10.7799997590482 10.8224997580983 10.9174997559749 11.1116664183016 11.1049997517839 10.9424997554161 10.8149997582659 10.7899997588247 10.7374997599982 10.6849997611716 10.6499997619539 10.3024997697212 10.0249997759238 10.2299997713417 10.6574997617863 10.3974997675978 10.3149997694418 10.6074997629039 10.8349997578189 10.706666427354 10.4966664320479 9.21999979391694 9.72833311588814 9.06249979743734 8.92999980039895 9.2024997943081 8.72624980495311 17.7849996024743 24.7149994475767 -9999 -9999 -9999 -9999 8.66884596008234 8.49699981007725 8.49699981007725 8.89833313444008 8.54699980895966 8.50799980983138 8.5249998094514 8.50999980978668 8.6099998075515 8.56499980855733 8.47999981045723 8.44499981123954 8.27999981492758 8.34999981336296 8.27499981503934 8.22499981615692 8.03499982040375 9.86999977938831 -9999 -9999 -9999 -9999 -9999 -9999 -9999 -9999
10.8524997574277 10.8524997574277 10.8599997572601 10.8049997584894 11.3299997467548 11.2399997487664 11.1083330850427 10.9174997559749 10.8324997578748 10.7624997594394 10.6974997608922 10.6449997620657 10.6274997624569 10.6824997612275 10.2874997700565 10.3574997684918 10.6024997630157 10.4149997672066 10.7316664267952 10.4099997673184 10.3383331022536 10.7949997587129 10.6499997619539 10.4866664322714 9.61999978497624 9.45333312203487 9.46499978844076 8.72833313823988 9.09833312996974 9.14333312896391 8.76999980397522 -9999 -9999 -9999 -9999 -9999 -9999 -9999 -9999 -9999 -9999 -9999 -9999 -9999 -9999 -9999 8.02916648720081 8.47999981045723 8.37499981280416 8.28999981470406 8.19499981682748 -9999 -9999 -9999 -9999 -9999 -9999 -9999 -9999 -9999 -9999 -9999
10.5324997645803 10.8199997581542 10.7574997595511 10.3449997687712 10.6474997620098 10.899999756366 10.6949997609481 10.9916664209838 10.7049997607246 10.4999997653067 10.5149997649714 10.4549997663125 10.3674997682683 9.62249978492036 9.81499978061765 10.4974997653626 10.8149997582659 10.9099997561425 10.609999762848 10.3733331014713 9.96666644389431 9.98833311007669 9.81166644735883 9.23666646021108 9.24666645998756 16.8599070305591 9.09299979675561 9.05833313086381 9.11999979615211 9.05999979749322 8.73499980475754 8.68699980583042 18.8199995793402 -9999 -9999 -9999 -9999 -9999 -9999 -9999 -9999 -9999 -9999 -9999 -9999 -9999 -9999 -9999 -9999 -9999 -9999 -9999 -9999 -9999 -9999 -9999 -9999 -9999 -9999 -9999 -9999 -9999
10.1449997732416 10.754999759607 10.7624997594394 11.2683330814665 11.1816664167369 11.2349997488782 11.1866664166252 10.9583330883955 10.6399997621775 10.4899997655302 9.35749979084358 10.3024997697212 9.59249978559092 9.74999978207052 10.3149997694418 10.7374997599982 10.8816664234425 10.6149997627363 9.95999977737665 9.8199997805059 9.79333311443528 9.75166644869993 9.41833312281718 9.64499978441745 9.6516664509351 9.67833311700573 9.64999978430569 9.67333311711749 9.68499978352338 8.85249980213121 8.972499799449 8.84999980218709 -9999 -9999 -9999 -9999 -9999 -9999 -9999 -9999 -9999 -9999 -9999 -9999 -9999 -9999 -9999 -9999 -9999 -9999 -9999 -9999 -9999 -9999 -9999 -9999 -9999 -9999 -9999 -9999 -9999 -9999
10.6974997608922 10.6274997624569 11.2549997484311 11.3299997467548 11.2733330813547 11.2833330811312 11.1349997511134 10.706666427354 10.5216664314891 9.59249978559092 9.80749978078529 9.62999978475273 10.0649997750297 10.4624997661449 10.629999762401 10.6649997616187 10.553333097448 10.7949997587129 9.84666644657652 9.63499978464097 9.78833311454703 9.95999977737665 9.14833312885215 9.01499979849905 8.99499979894608 9.37166645719359 9.56499978620559 9.59333311890562 9.37833312371125 9.05999979749322 8.85999980196357 8.46999981068075 23.9255723818884 -9999 -9999 -9999 -9999 -9999 -9999 -9999 -9999 -9999 -9999 -9999 -9999 -9999 -9999 -9999 -9999 -9999 -9999 -9999 -9999 -9999 -9999 -9999 -9999 -9999 -9999 -9999 -9999 -9999
11.2083330828076 11.2299997489899 11.397499745246 11.4349997444078 11.3999997451901 11.2899997476488 10.8616664238895 10.2324997712858 9.72499978262931 9.65999978408217 9.58333311912914 9.45166645540545 9.0699997972697 8.64499980676919 9.23499979358166 9.8449997799471 10.5766664302597 9.28999979235232 9.25999979302287 9.19999979436398 10.2649997705594 10.0099997762591 9.8199997805059 9.66499978397042 9.59833311879387 9.46166645518194 9.73333311577638 9.69333311667045 8.92666646714012 8.7549998043105 8.72499980498105 8.48499981034547 6.23736828163658 -9999 -9999 -9999 -9999 -9999 -9999 -9999 -9999 -9999 -9999 -9999 -9999 -9999 -9999 -9999 -9999 -9999 -9999 -9999 -9999 -9999 -9999 -9999 -9999 -9999 -9999 -9999 -9999 -9999
