EcologicalScience/Bass/data/rs_data_bass/sst_323.asc
NCOLS 226 
NROWS 124 
XLLCORNER -9.41648524995501 
YLLCORNER 47.587301625531 
CELLSIZE 0.0833 
NODATA_value -9999 
[rows 0 to 26 of 124, columns 62 to 123 of 226]
-9999 -9999 -9999 -9999 -9999 -9999 -9999 -9999 -9999 -9999 -9999 -9999 -9999 -9999 -9999 -9999 -9999 -9999 -9999 -9999 -9999 -9999 -9999 -9999 -9999 -9999 -9999 -9999 -9999 -9999 -9999 -9999 -9999 -9999 -9999 -9999 -9999 -9999 -9999 -9999 -9999 -9999 -9999 -9999 -9999 -9999 -9999 -9999 -9999 -9999 -9999 -9999 -9999 -9999 -9999 -9999 -9999 -9999 -9999 -9999 -9999 -9999
-9999 -9999 -9999 -9999 -9999 -9999 -9999 -9999 -9999 -9999 -9999 -9999 -9999 -9999 -9999 -9999 -9999 -9999 -9999 -9999 -9999 -9999 -9999 -9999 -9999 -9999 -9999 -9999 -9999 -9999 -9999 -9999 -9999 -9999 -9999 -9999 -9999 -9999 -9999 -9999 -9999 -9999 -9999 -9999 -9999 -9999 -9999 -9999 -9999 -9999 -9999 -9999 -9999 -9999 -9999 -9999 -9999 -9999 -9999 -9999 -9999 -9999
-9999 -9999 -9999 -9999 -9999 -9999 -9999 -9999 -9999 -9999 -9999 -9999 -9999 -9999 -9999 -9999 -9999 -9999 -9999 -9999 -9999 -9999 -9999 -9999 -9999 -9999 -9999 -9999 -9999 -9999 -9999 -9999 -9999 -9999 -9999 -9999 -9999 -9999 -9999 -9999 -9999 -9999 -9999 -9999 -9999 -9999 -9999 -9999 -9999 -9999 -9999 -9999 -9999 -9999 -9999 -9999 -9999 -9999 -9999 -9999 -9999 -9999
-9999 -9999 -9999 -9999 -9999 -9999 -9999 -9999 -9999 -9999 -9999 -9999 -9999 -9999 -9999 -9999 -9999 -9999 -9999 -9999 -9999 -9999 -9999 -9999 -9999 -9999 -9999 -9999 -9999 -9999 -9999 -9999 -9999 -9999 -9999 -9999 -9999 -9999 -9999 -9999 -9999 -9999 -9999 -9999 -9999 -9999 -9999 -9999 -9999 -9999 -9999 -9999 -9999 -9999 -9999 -9999 -9999 -9999 -9999 -9999 -9999 -9999
-9999 -9999 -9999 -9999 -9999 -9999 -9999 -9999 -9999 -9999 -9999 -9999 -9999 -9999 -9999 -9999 -9999 -9999 -9999 -9999 -9999 -9999 -9999 -9999 -9999 -9999 -9999 -9999 -9999 -9999 -9999 -9999 -9999 -9999 -9999 -9999 -9999 -9999 -9999 -9999 -9999 -9999 -9999 -9999 -9999 -9999 -9999 -9999 -9999 -9999 -9999 -9999 -9999 -9999 -9999 -9999 -9999 -9999 -9999 -9999 -9999 -9999
-9999 -9999 -9999 -9999 -9999 -9999 -9999 -9999 -9999 -9999 -9999 -9999 -9999 -9999 -9999 -9999 -9999 -9999 -9999 -9999 -9999 -9999 -9999 -9999 -9999 -9999 -9999 -9999 9.68999978341162 6.14447727005767 6.49331425862121 6.17232275614515 6.46565140970051 6.30858790082857 6.55601671617478 6.56534012081102 6.7876674621366 6.66000853711739 6.46816155710258 6.27237005974166 6.98489332944155 7.48325719777495 7.31543591432273 6.46672718715854 6.83069856045768 6.80236975406297 7.23920712051913 7.23542994633317 7.32197026629001 7.26029235869646 7.32125308131799 7.1900082314387 7.80545539242615 5.72312590200454 7.49887589272112 6.1305467315251 7.13980528339744 6.89811394782737 6.85723440442234 5.92668690322898 6.23937955102883 5.22348703816533
-9999 -9999 -9999 -9999 -9999 -9999 -9999 -9999 -9999 -9999 -9999 -9999 -9999 -9999 -9999 -9999 -9999 -9999 -9999 -9999 -9999 -9999 -9999 -9999 -9999 -9999 -9999 10.8370557591439 5.37337869731709 6.10323393717408 5.68248542025685 5.80512405047193 6.1386150624603 6.49362162360922 6.6083712191321 6.61697743879631 6.66646320186555 6.79794711340219 6.3096636782866 6.54203160922043 6.31181523320265 6.33297218987718 6.71523177996278 6.77439954015426 7.40086061321199 7.26154743239749 7.21726126037538 7.31479841656983 7.23447369970381 7.05159153183922 7.57226782152429 7.78294090705458 7.3773984191274 7.7040505601326 7.39383220048621 7.38508254382759 7.36500136461109 7.04513686709106 7.20722067076713 7.17996764183044 7.21654407540336 7.2660298384726
-9999 -9999 -9999 -9999 -9999 -9999 -9999 -9999 -9999 -9999 -9999 -9999 -9999 -9999 -9999 -9999 -9999 -9999 -9999 -9999 -9999 -9999 -9999 -9999 -9999 -9999 6.55117571761366 5.24500258732587 5.28014465095475 5.82018493488431 5.94425793504342 6.12857447285205 6.17877742089331 6.32006286038086 6.49577317852527 6.49505599355325 6.58685566997156 6.18415630818345 6.94640440260991 6.49864191841334 6.97987303463742 6.94975126581267 6.46397797809914 6.89428896130994 7.04513686709106 7.29328286740929 7.21224096557125 7.22443311009556 7.21510970545933 7.36356699466705 7.32627337612212 7.26674702344462 7.32268745126203 7.39481576844784 7.55505538219586 7.3771935091354 7.37289039930329 7.29902034718543 5.33235571691766 4.70567948836833 7.04800560697913 7.27822198299691
-9999 -9999 -9999 -9999 -9999 -9999 -9999 -9999 -9999 -9999 -9999 -9999 -9999 -9999 -9999 -9999 -9999 -9999 -9999 -9999 -9999 -9999 -9999 -9999 -9999 11.0266870371997 6.59044159483165 5.53259376110509 5.39489424647763 5.6961119347252 5.97079377900809 6.11207921849564 6.18810082552955 6.23758658859879 6.39034698763862 6.39823602233082 6.64040548121557 6.65235856408253 6.71021148515865 6.80631427140906 6.87229528883472 5.85245825862512 6.8952452079393 6.90695922914892 7.18785667652264 7.21295815054327 7.06163212144747 7.12044128915295 7.16203801752999 7.3018890870735 7.32412182120606 7.17709890194237 7.07023834111169 4.95932390680537 7.37378688051831 7.27972155157477 7.84243140048347 5.06337549316231 4.49315367499366 4.57897680997849 6.94473097100854 4.85772270243615
-9999 -9999 -9999 -9999 -9999 -9999 -9999 -9999 -9999 -9999 -9999 -9999 -9999 -9999 -9999 -9999 -9999 -9999 -9999 -9999 -9999 -9999 -9999 -9999 -9999 11.4080683633356 5.37395244529471 5.70184941450134 5.76424450706691 6.05327005079016 6.16156498156488 6.1622821665369 6.18666645558551 6.12355417804793 6.63992735790089 6.52015746757388 6.66072572208941 6.74535354878753 6.88663898827508 6.77906124247238 6.81205175118521 6.81755016930401 6.87301247380674 7.03294472256675 7.11470380937681 7.15988646261394 7.19718008115888 7.19502852624282 7.44624817644113 7.10466321976855 7.33727021235973 7.4888054204057 6.75898006325588 6.36062365490943 4.49889115476981 7.65015410948545 3.22756126103923 4.99542221706361 5.13297829469666 3.77047028485686 4.83477278333157 4.84074932476506
-9999 -9999 -9999 -9999 -9999 -9999 -9999 -9999 -9999 -9999 -9999 -9999 -9999 -9999 -9999 -9999 -9999 -9999 -9999 -9999 -9999 -9999 -9999 -9999 10.7825158250219 5.86034729331732 5.81659901002422 5.98083436861634 6.01454206230119 6.10921047860757 6.23902095854282 6.30500197596848 6.30285042105243 6.25981932273135 6.8806624468416 7.05847650757059 6.68080690130591 6.67506942152977 6.73531295917928 7.0587633815594 6.71021148515865 6.71092867013067 6.843607889954 6.90026550274342 7.08601641049609 7.49947354686446 7.53703610977391 6.78216904401779 6.42779998062178 7.14211621275172 7.07678265398135 6.30308948270977 5.39561143144965 4.26676228549331 4.85731288245214 4.8996780232992 4.93661304935813 5.10750798269042 5.19207433639094 4.97763602975756 6.76471754303202 5.41680823173374
-9999 -9999 -9999 -9999 -9999 -9999 -9999 -9999 -9999 -9999 -9999 -9999 -9999 -9999 -9999 -9999 -9999 -9999 -9999 -9999 -9999 -9999 -9999 -9999 5.67381400195882 6.35699788643979 5.96505629923195 6.02960294671357 6.17160557117313 6.22109133424237 6.37887202808633 6.38389232289046 6.24977873312309 6.24475843831897 6.37779625062831 6.7518082135357 6.85257270210423 6.86835077148862 6.73889888403937 6.91640216461383 6.65140231745318 6.79340494191274 6.78981901705265 6.856995342765 7.48285876167938 6.63490706309676 7.48231233503403 7.48272215501804 6.93875442957506 6.66192103037611 6.47927792416885 6.62988676829264 4.74338292689728 4.44119760813192 7.30607266607694 4.56367686390877 4.86346018221229 3.92050538100302 4.55951719107106 4.8360278570326 4.45423443717882 5.47894832519814
-9999 -9999 -9999 -9999 -9999 -9999 -9999 -9999 -9999 -9999 -9999 -9999 -9999 -9999 -9999 -9999 -9999 -9999 -9999 -9999 -9999 -9999 -9999 11.0349997533485 6.39608446741477 5.84026611410081 6.15009002201259 6.21320229955018 6.24260688340291 6.39967039227486 6.50653095310554 6.54239020170644 6.50294502824545 6.28061768691987 6.24475843831897 6.9523809440434 7.02338225627318 7.06593523127958 7.19660633318126 7.05637276498601 6.61769462376833 6.82854700554162 6.86548203160055 6.81157362787053 7.42831855214068 6.7998596066609 6.78121279738843 6.5847041150555 7.10872726794332 7.66677686339244 6.08155901357532 6.79288335284218 6.67924213409424 6.69547659391537 6.86394986370578 6.86186350742355 6.47760449256748 6.42737981164828 3.24190496047959 5.18189030978829 7.35639514494687 6.1465040971525
-9999 -9999 -9999 -9999 -9999 -9999 -9999 -9999 -9999 -9999 -9999 -9999 -9999 -9999 -9999 -9999 -9999 -9999 -9999 -9999 -9999 10.3637724049174 6.3698505960699 5.69252600986511 6.4294335686136 6.05398723576218 6.30356760602444 6.37672047317028 6.49577317852527 6.51800591265783 6.51155124790967 6.38245795294642 6.52015746757388 6.13502913760021 6.88377024838701 7.03916032565758 6.74033325398341 6.66000853711739 6.70877711521462 6.67148349666968 6.26734976493753 6.7360301441513 6.644589060219 7.47452575533784 6.7080599302426 6.7561113233678 6.85221410961822 7.2790586987976 7.75331718334928 6.49577317852527 7.01638426957652 6.75989284412935 6.88400931004435 6.64008673233911 6.45812096749432 6.82932938914746 3.05256812786683 4.23998737987131 5.3458183033924 7.42476677894592 6.06976530514657 6.28778953664005
-9999 -9999 -9999 -9999 -9999 -9999 -9999 -9999 -9999 -9999 -9999 -9999 -9999 -9999 -9999 -9999 -9999 -9999 -9999 -9999 9.95120155566332 3.87207148922607 6.02329171895981 5.66025268612429 5.94497512001544 6.42835779115558 6.54454175662249 6.58040100522339 6.4692373345606 6.45489363512024 6.54023864679039 6.45417645014822 6.38747824775055 6.40971098188311 6.45489363512024 6.59187596477568 6.03390605654567 6.62486647348851 6.71523177996278 6.69013030594215 6.74535354878753 6.77236751606688 7.33792763191741 7.42936871584971 7.38400676636957 7.42147968115751 7.27475558896549 7.37590257618576 7.7315625725314 7.34678486632183 7.00466714367004 5.3434525243938 7.33143710792065 4.14309910531821 4.07445425799649 4.83405559835956 4.15180777997843 4.72375254966319 7.43277534446679 7.47652362775989 6.71570990327746 7.50419501459692
-9999 -9999 -9999 -9999 -9999 -9999 -9999 -9999 -9999 -9999 -9999 -9999 -9999 -9999 -9999 -9999 -9999 -9999 -9999 -9999 10.7714644774723 6.79842523671687 5.80010375566781 5.75061799259856 5.91987364599481 6.17949460586533 6.44987334031612 6.43839838076383 6.47354044439271 6.56247138092294 6.48429821897298 6.51226843288168 6.47210607444867 6.47497481433675 6.58326974511147 6.59474470466375 6.71021148515865 6.64996794750914 6.67267880495638 6.72527236957103 6.27882472448982 6.62128054862842 6.06510360282846 6.23830377357081 7.2975859772414 7.25491347140633 7.05732901161537 6.21262855157256 7.51847894862294 6.3098788337782 6.23758658859879 7.14324777126312 7.29722738475539 8.28694264614023 4.28868765463786 4.57207817358098 4.04761104904381 4.28417963481375 4.54349322969626 4.55507064424455 4.99972532689571 5.01417148133208
-9999 -9999 -9999 -9999 -9999 -9999 -9999 -9999 -9999 -9999 -9999 -9999 -9999 -9999 -9999 -9999 -9999 -9999 12.9877162859775 6.41849649779033 5.18977934448048 5.82018493488431 5.98513747844845 5.93565171537921 5.97724844375625 6.0231482819654 6.1622821665369 6.39034698763862 6.51226843288168 6.54597612656653 6.51083406293765 6.46565140970051 6.34659870434552 6.81743063847534 6.61159855150618 6.54310738667846 5.96218755934387 6.00808739755303 6.60861028078943 6.62032430199906 6.65235856408253 5.74882503016852 6.00091554783285 6.00378428772092 5.85030670370907 6.47497481433675 7.12880844715983 7.7718245399883 7.3416928530205 5.5529618143104 5.85733511643484 7.17430984927341 7.25563065637834 7.321611673804 6.69935125558238 4.34032497262316 4.33940287765914 4.29094166454992 7.46182133583352 6.19312112033367 6.2777489470318 5.29530799036313
-9999 -9999 -9999 -9999 -9999 -9999 -9999 -9999 -9999 -9999 -9999 -9999 -9999 -9999 -9999 -9999 8.0172185337171 7.81230651346319 5.13025299180299 5.2701040613465 5.32389293424785 5.84241766901687 5.71332437405363 6.03462324151769 6.03820916637778 6.13789787748829 6.05327005079016 6.2340006637387 6.44198430562392 6.43768119579181 6.3774376581423 6.36811425350606 6.3537705540657 6.41760001657531 6.644589060219 6.06259345542639 6.05685597565025 6.16443372145295 6.55123548302799 5.32245856430382 6.51083406293765 6.47784355422482 6.54597612656653 6.55243079131469 6.59617907460779 6.57824945030734 6.60263373935595 6.62773521337658 6.57466352544725 6.56031982600689 5.94970854083076 7.35718404841609 8.41567734861746 7.22773216096684 8.36726736300625 8.28730123862624 4.57843038333314 4.42932421248406 4.28146457741968 3.06882432056591 4.97055980470031 6.41871563764289
-9999 -9999 -9999 -9999 -9999 -9999 -9999 -9999 -9999 -9999 6.60323005045628 8.64423068701897 8.99659766100723 9.0699997972697 -9999 -9999 7.94052857132629 8.42930386308581 3.94976652786136 4.45466474816203 5.84636218636297 5.63013091729954 5.73842584807426 5.86608477309346 6.07335123000666 5.9750968888402 6.01382487732917 5.85317544359714 6.15511031681672 6.20674763480201 6.22969755390659 6.25695058284327 6.25766776781529 6.28492079675198 6.5050965831615 6.16515090642497 6.24906154815108 6.34659870434552 6.20889918971807 6.47808261588216 6.39465009747073 6.50653095310554 6.53306679707021 6.55960264103487 6.55243079131469 6.56820886069909 6.53736990690231 6.57322915550321 6.58183537516743 6.59187596477568 6.51944028260186 6.57322915550321 5.47478865236044 7.25247504250146 8.44221319258213 6.84321669815108 6.94114504614845 4.59011025287743 6.29209264647216 6.30121114111638 5.41827447656542 6.40899379691109
-9999 -9999 -9999 -9999 -9999 -9999 -9999 -9999 -9999 -9999 -9999 -9999 -9999 -9999 -9999 -9999 -9999 -9999 10.3819096285135 4.73508407222107 5.02984709572047 5.22994170291349 5.91485335119069 5.90624713152647 5.94354075007141 5.97724844375625 5.91413616621867 5.94927822984755 6.11781669827178 6.03175450162962 6.00593584263697 6.11709951329976 6.15869624167681 6.11494795838371 6.21248511457816 6.20172733999789 6.25910213775933 6.33153781993315 6.44987334031612 6.59474470466375 6.44054993567988 6.46565140970051 6.53880427684635 6.55529953120276 6.57824945030734 6.49433880858123 6.51226843288168 6.54741049651057 6.59761344455183 6.71523177996278 6.73244421929121 6.68511001113802 5.57964109526947 3.66870970604941 3.84593408135697 5.52159692486748 8.1675791606307 7.93552200985141 6.32067759035687 6.37923062057234 6.46378672877327 6.50265815425664
-9999 -9999 -9999 -9999 -9999 -9999 -9999 -9999 -9999 -9999 -9999 -9999 -9999 -9999 11.7196181174368 6.92694478370249 6.16201322217239 6.7120556750867 5.68750571506098 5.58279670914635 5.2980742752552 5.26006347173825 5.09654529811814 5.35329751810059 5.52255317149684 5.95358133967966 5.97294533392414 5.96003600442782 6.18308053072542 6.15511031681672 6.1622821665369 6.17734305094928 6.22539444407448 6.25910213775933 6.29998168116435 6.33440655982122 6.33225500490516 6.36094240378588 6.52302620746195 6.60980558907613 6.55960264103487 6.59187596477568 6.54669331153855 6.56964323064312 6.6126743289642 6.62486647348851 6.63060395326465 6.68582719611004 6.68869593599811 6.65929135214537 6.60478529427201 6.7797784274444 6.62916958332062 6.57036041561514 6.71021148515865 5.22181360656396 8.04560990305617 7.96636096364819 6.50485752150416 6.43489214312285 6.53752928134054 6.51505748555064
-9999 -9999 -9999 -9999 -9999 -9999 -9999 -9999 -9999 -9999 -9999 -9999 7.40110092459954 4.92284309789538 4.88497573137283 5.02984709572047 5.04777672002092 5.37337869731709 5.16467787045985 5.64017150690779 5.21344644855708 5.30883204983547 5.30094301514328 5.56128115998581 5.26508376654238 6.21248511457816 6.09630114911124 6.14435254223645 6.25336465798318 6.27344583719969 6.43624682584777 6.28133487189189 6.38102358300239 6.38819543272257 6.36667988356203 6.35090181417763 6.37313454831019 6.38604387780651 6.60550247924402 6.48573258891702 6.54812768148258 6.59689625957981 6.59115877980366 6.68295845622197 6.67722097644582 6.67578660650179 6.68797875102609 6.69515060074627 6.72527236957103 7.19137088288553 7.28381602577865 6.06374095138162 6.64494765270501 6.12513198498637 5.75133517757058 6.60629138271324 7.8797746702957 6.17774148704484 6.58040100522339 6.62749615171924 6.49872160563245 6.87874995358288
-9999 -9999 -9999 -9999 -9999 -9999 -9999 -9999 -9999 -9999 10.3764610621147 10.2196366149001 5.43075349507853 4.72504348261282 5.01765495119616 4.97964414767921 6.02649514516816 4.61961729172617 6.14269405198866 6.30232883198187 6.41670353536028 6.30541179595249 5.72623370354995 5.43218786502257 5.45513778412715 5.31409140629694 6.55888545606285 6.3975188373588 6.60621966421604 6.66144290706143 6.45274208020419 6.40684224199504 6.36381114367396 6.39895320730284 6.41831720154732 6.405407872051 6.46636859467253 6.46995451953262 6.52159183751792 6.50222784327343 6.23902095854282 6.1823633457534 6.69335763831623 6.60263373935595 6.60621966421604 6.65283668739721 6.7080599302426 6.65427105734125 6.92464979179204 6.91030609235168 6.95477156061679 6.92464979179204 5.71891841683537 5.81315652215853 5.86305665876716 6.715391154401 6.65554605284706 6.39241885533556 6.58374786842614 6.92464979179204 7.66586046037264 6.83715322520584
-9999 -9999 -9999 -9999 -9999 -9999 -9999 -9999 -9999 -9999 -9999 9.18827429636823 13.6139615253545 6.03253688523546 4.35246588964947 6.26053650770336 13.8149996912107 -9999 -9999 9.22999979369342 6.82030791589321 9.82874868556632 4.96028015343472 5.02626117086038 5.17471846006811 5.92489394079894 6.33512374479324 6.36667988356203 6.53091524215415 6.49505599355325 6.42979216109961 6.26483961753547 6.30213323608041 6.31575975054875 6.2261116290465 6.37528610322624 6.52948087221012 6.52015746757388 6.50151065830141 6.47282325942069 6.47784355422482 6.60263373935595 6.56605730578303 6.55709249363281 7.54477573093027 6.3853266928345 7.39002315141261 6.77619250258431 6.88592180330306 6.88018432352692 6.75898006325588 6.64996794750914 5.6603961231187 5.86249884823337 7.09031952032819 6.70303963543847 6.82854700554162 6.53697147080675 6.37496735434979 6.62709771562368 6.05940596666187 7.50521102664061
-9999 -9999 -9999 -9999 -9999 -9999 -9999 -9999 -9999 -9999 -9999 -9999 -9999 -9999 -9999 -9999 -9999 -9999 -9999 -9999 -9999 -9999 -9999 -9999 -9999 11.1200490660655 5.93809014428407 5.83022552449256 5.76137576717883 5.81157871522009 5.86249884823337 5.99446088308468 5.9234595708549 6.02960294671357 6.17734305094928 7.27994322692975 6.28117549745366 6.57968382025138 6.56175419595093 6.53450116701424 6.53952146181837 6.44700460042804 6.46636859467253 6.56653542909771 6.97054963000119 7.94633954984602 7.41202820777627 7.35416390281171 6.90600298251957 7.11470380937681 6.88377024838701 6.98776206932962 7.07525863591582 5.98814965533093 6.37241736333817 6.60119936941192 6.32906751614064 6.51011687796563 6.69562872406095 6.66765851015225 6.30165511276573 7.02505568787456
-9999 -9999 -9999 -9999 -9999 -9999 -9999 -9999 -9999 -9999 -9999 -9999 -9999 -9999 -9999 -9999 -9999 -9999 -9999 -9999 -9999 -9999 -9999 -9999 -9999 10.6396679468453 6.71250647706911 5.56773582473397 5.63228247221559 5.6286965473555 5.8517410736531 5.98155155358836 6.07406841497868 6.16873683128506 6.28563798172399 6.33225500490516 6.39321572752669 6.59546188963577 6.59546188963577 6.23041473887861 6.40062663890421 6.64279609778896 5.73469648621976 5.9750968888402 7.11501117436481 8.09294411120936 7.09876636555418 7.15500960480422 6.84719381481409 6.85508284950629 6.85508284950629 6.98345895949751 6.0866908704862 7.0465712370351 5.99015777325258 6.7797784274444 6.32815680506506 6.51144879291366 5.93063142057508 6.79656055578962 6.57306978106499 7.54752493998967
-9999 -9999 -9999 -9999 -9999 -9999 -9999 -9999 -9999 -9999 -9999 -9999 -9999 -9999 -9999 -9999 -9999 -9999 -9999 -9999 -9999 -9999 -9999 -9999 -9999 -9999 -9999 6.63863642495126 5.38987395167351 5.42716757021844 5.61004973808303 5.98872340330854 6.05972471553832 6.16873683128506 6.34444714942947 6.33297218987718 6.36237677372992 6.54741049651057 6.58111819019541 6.54525894159451 6.80717489337549 6.43815931910649 6.49190037967637 6.43792025744915 6.80014648064971 6.81850641593337 6.84561600787565 6.74212621641345 6.77941983495839 6.8038937721285 7.07167271105573 6.32135379333049 6.35606554597616 6.19512923825532 6.05025787390769 6.48458509296179 6.61037933705375 6.92106386693195 6.81994078587741 6.40067445123568 7.19207013823325 6.88556321081705
