EcologicalScience/Bass/data/rs_data_bass/sst_59.asc
NCOLS 226 
NROWS 124 
XLLCORNER -9.41648524995501 
YLLCORNER 47.587301625531 
CELLSIZE 0.0833 
NODATA_value -9999 
[rows 81 to 107 of 124, columns 62 to 123 of 226]
10.1374997734092 -9999 -9999 -9999 -9999 -9999 -9999 -9999 -9999 -9999 -9999 -9999 -9999 -9999 -9999 -9999 -9999 -9999 -9999 -9999 -9999 -9999 -9999 -9999 -9999 -9999 -9999 -9999 -9999 -9999 -9999 -9999 -9999 -9999 -9999 -9999 -9999 -9999 -9999 -9999 -9999 -9999 -9999 -9999 -9999 -9999 -9999 -9999 -9999 -9999 -9999 -9999 -9999 -9999 -9999 -9999 -9999 -9999 -9999 -9999 -9999 -9999
10.4904997655191 -9999 -9999 -9999 -9999 -9999 -9999 -9999 -9999 -9999 -9999 -9999 -9999 -9999 -9999 -9999 -9999 -9999 -9999 -9999 -9999 -9999 -9999 -9999 -9999 -9999 -9999 -9999 -9999 -9999 -9999 -9999 -9999 -9999 -9999 -9999 -9999 -9999 -9999 -9999 -9999 -9999 -9999 -9999 -9999 -9999 -9999 -9999 -9999 -9999 -9999 -9999 -9999 -9999 -9999 -9999 -9999 -9999 -9999 -9999 -9999 -9999
-9999 -9999 -9999 -9999 -9999 -9999 -9999 -9999 -9999 -9999 -9999 -9999 -9999 -9999 -9999 -9999 -9999 -9999 -9999 -9999 -9999 -9999 -9999 -9999 -9999 -9999 -9999 -9999 -9999 -9999 -9999 -9999 -9999 -9999 -9999 -9999 -9999 -9999 -9999 -9999 -9999 -9999 -9999 -9999 -9999 -9999 -9999 -9999 -9999 -9999 -9999 -9999 -9999 -9999 -9999 -9999 -9999 -9999 -9999 -9999 15.3249996574596 -9999
-9999 -9999 -9999 -9999 -9999 -9999 -9999 -9999 -9999 -9999 -9999 -9999 -9999 -9999 -9999 -9999 -9999 -9999 -9999 -9999 -9999 -9999 -9999 -9999 -9999 -9999 -9999 -9999 -9999 -9999 -9999 -9999 -9999 11.3199997469783 11.209999749437 11.1449997508898 -9999 -9999 -9999 -9999 -9999 -9999 -9999 -9999 -9999 -9999 -9999 -9999 -9999 -9999 -9999 -9999 -9999 -9999 -9999 -9999 17.2699996139854 14.3949996782467 8.46799981072545 8.47899981047958 8.57166647507499 8.6216664739574
-9999 -9999 -9999 -9999 -9999 -9999 -9999 -9999 -9999 -9999 -9999 -9999 -9999 -9999 -9999 -9999 -9999 -9999 -9999 -9999 -9999 -9999 -9999 -9999 -9999 -9999 -9999 -9999 -9999 -9999 -9999 -9999 -9999 16.5722723568536 12.9771425670811 12.2479997262359 11.39615359143 12.0136535776278 11.4326313234081 12.1429997285828 14.2693746810546 -9999 14.4729996765032 12.2409997263923 9.69437478331383 9.46357121704412 10.6909997610375 8.32083314734822 7.14666650692622 7.89249982358888 8.32416648060704 8.04249982023612 15.8999996446073 -9999 10.4385711952512 8.76818162219768 7.77916649278874 8.07833315276851 8.05166648669789 7.72833316059162 6.90499984566122 7.09499984141439
-9999 -9999 -9999 -9999 -9999 -9999 -9999 -9999 -9999 -9999 -9999 -9999 -9999 10.4138459210786 10.3619997683913 9.53916645344968 9.53916645344968 8.36666647965709 10.8589283287126 -9999 -9999 -9999 -9999 -9999 -9999 11.894999734126 11.894999734126 14.2672410604126 9.11571408196219 9.11214265347059 8.73749980470166 8.23249981598929 8.24749981565401 8.76249980414286 8.75999980419874 -9999 17.7923072946186 8.67937480600085 8.86499980185181 9.00499979872257 8.30999981425703 7.95999982208014 8.68999980576336 9.16499979514629 7.93999982252717 8.1499998178333 7.11874984088354 7.91499982308596 7.91499982308596 7.76666649306814 7.8349998248741 7.71499982755631 8.0891664858597 8.93818161839789 8.81249980302528 8.4419998113066 7.91833315634479 8.039999820292 7.81499982532114 7.81499982532114 8.2699998151511 8.08499981928617
-9999 -9999 -9999 -9999 -9999 -9999 -9999 -9999 13.2979751621761 12.0924997297116 9.36999979056418 9.45312478870619 9.1424997956492 8.6099998075515 8.65499980654567 9.16499979514629 8.7549998043105 8.75999980419874 8.88999980129302 8.77499980386347 8.95499979984015 10.52769207238 10.0613634114746 10.0613634114746 10.049999775365 11.0126468126717 11.2892184976663 10.3533331019183 9.06785694017474 8.65333313991626 8.84499980229884 8.85999980196357 8.9249998005107 8.11083315204208 8.60214266486998 16.1983780163164 7.49749983241782 8.54499980900437 8.61499980743974 8.49999981001019 8.16499981749803 8.39499981235713 8.39499981235713 8.06999981962144 7.9799998216331 7.94999982230365 7.58249983051792 7.70916649435336 7.58499983046204 7.75499982666224 7.68999982811511 7.59499983023852 6.86874984647147 7.94999982230365 7.94999982230365 7.85499982442707 7.85499982442707 8.10999981872737 8.22499981615692 8.2099998164922 8.16499981749803 8.1499998178333
-9999 -9999 -9999 -9999 -9999 -9999 -9999 -9999 12.5385413864084 9.64888867321942 9.17999979481101 9.2149997940287 9.29749979218468 8.74999980442226 8.68999980576336 8.6099998075515 9.02999979816377 8.82499980274588 8.34999981336296 8.46999981068075 8.82999980263412 8.96999979950488 8.32499981392175 8.59999980777502 8.55999980866909 8.48999981023371 8.27499981503934 8.35999981313944 8.95999979972839 9.17499979492277 8.72499980498105 8.53999980911613 8.50999980978668 8.39499981235713 8.25999981537461 8.31499981414527 8.35999981313944 8.42999981157482 8.62499980721623 8.6099998075515 8.56499980855733 7.96499982196838 7.97499982174486 8.07499981950969 7.97499982174486 7.93499982263893 7.62499982956797 7.54499983135611 7.91499982308596 8.04499982018024 7.92999982275069 7.96999982185662 7.98499982152134 8.32499981392175 8.28499981481582 8.36499981302768 8.36499981302768 8.34499981347471 8.33999981358647 8.34999981336296 8.31999981403351 8.31999981403351
-9999 -9999 -9999 -9999 -9999 -9999 -9999 -9999 9.70458311641899 9.23199979364872 9.19249979453161 8.75999980419874 8.61499980743974 8.82999980263412 9.27499979268759 9.02499979827553 8.77499980386347 8.75999980419874 8.60499980766326 8.64499980676919 8.5849998081103 8.5849998081103 8.79499980341643 8.76499980408698 8.69499980565161 8.65999980643392 8.55499980878085 8.86999980174005 8.85999980196357 8.95999979972839 8.99999979883432 8.6099998075515 8.63999980688095 8.48999981023371 8.32999981380999 8.16499981749803 8.06999981962144 7.9799998216331 8.23999981582165 8.28499981481582 8.17499981727451 8.039999820292 7.99499982129782 8.10999981872737 8.10999981872737 8.3549998132512 8.28999981470406 8.17999981716275 8.15999981760979 8.18999981693923 8.04499982018024 8.1499998178333 8.33999981358647 8.39499981235713 8.46499981079251 8.50999980978668 8.49999981001019 8.48499981034547 8.43499981146306 8.43499981146306 8.39999981224537 8.29999981448054
9.51964769407419 9.40499978978187 -9999 -9999 -9999 -9999 -9999 -9999 9.73041644917491 9.11249979631975 9.3849997902289 9.3849997902289 8.57999980822206 8.9249998005107 9.48999978788197 9.1299997959286 9.08999979682267 9.0449997978285 9.00999979861081 8.59499980788678 8.48499981034547 8.82499980274588 8.51999980956316 8.62999980710447 9.06499979738146 8.85999980196357 8.76499980408698 8.83499980252236 8.97999979928136 9.17499979492277 9.0699997972697 9.14499979559332 8.9849997991696 8.68999980576336 8.70999980531633 8.24999981559813 8.1249998183921 8.1499998178333 8.10499981883913 8.16999981738627 8.53999980911613 8.90999980084598 8.34999981336296 8.40499981213361 8.42999981157482 8.48999981023371 8.62499980721623 8.49999981001019 8.3549998132512 8.43499981146306 8.47999981045723 8.42499981168658 8.53999980911613 8.51499980967492 8.54999980889261 8.55999980866909 8.51499980967492 8.48999981023371 8.3799998126924 8.37499981280416 8.34499981347471 8.26499981526285
9.04999979771674 9.3742855047541 9.51499978732318 9.76785692452852 10.4484997664578 -9999 16.1899624452926 9.07166646389912 9.2999997921288 9.41499978955835 9.52499978709966 9.2149997940287 9.02999979816377 9.32999979145825 9.31499979179353 9.1299997959286 9.05999979749322 9.19499979447573 9.08499979693443 9.20499979425222 9.12499979604036 8.97999979928136 9.07999979704618 9.04999979771674 9.11499979626387 9.1549997953698 9.0699997972697 9.15999979525805 9.20999979414046 9.31499979179353 9.20999979414046 9.13999979570508 9.29499979224056 9.18499979469925 9.14499979559332 9.00499979872257 9.0699997972697 8.89499980118126 8.9249998005107 8.86999980174005 8.92999980039895 8.94499980006367 8.82499980274588 8.74999980442226 8.78499980363995 8.75999980419874 8.78999980352819 8.77499980386347 8.70499980542809 8.63499980699271 8.56499980855733 8.49499981012195 8.53999980911613 8.61499980743974 8.58999980799854 8.57999980822206 8.56999980844557 8.4399998113513 8.44499981123954 8.37499981280416 8.31499981414527 8.17999981716275
9.27249979274347 9.64499978441745 9.06499979738146 9.27999979257584 9.49499978777021 9.75499978195876 9.6999997831881 9.4449997888878 9.33499979134649 9.54999978654087 9.26499979291111 9.39499979000539 9.40499978978187 9.32499979157001 9.47999978810549 9.36999979056418 9.04999979771674 8.88999980129302 8.98999979905784 9.11999979615211 9.1299997959286 9.09499979671091 9.11499979626387 9.09999979659915 9.10999979637563 9.17499979492277 9.17999979481101 9.20999979414046 9.18499979469925 9.23999979346991 9.34499979112297 9.41999978944659 9.40999978967011 9.3849997902289 9.3849997902289 9.1549997953698 9.07999979704618 9.01999979838729 9.00999979861081 9.00999979861081 8.99499979894608 8.95999979972839 8.91499980073422 8.8999998010695 8.90999980084598 8.91499980073422 8.84999980218709 8.88499980140477 8.84499980229884 8.72499980498105 8.70499980542809 8.69499980565161 8.57999980822206 8.59499980788678 8.58999980799854 8.58999980799854 8.47999981045723 8.38999981246889 8.4399998113513 8.40999981202185 8.17999981716275 8.1249998183921
9.91499977838248 9.759999781847 9.72999978251755 9.72499978262931 9.46499978844076 9.56999978609383 9.52499978709966 9.45499978866428 9.24999979324639 9.45499978866428 9.49999978765845 9.72499978262931 9.5299997869879 9.27499979268759 9.2149997940287 9.1299997959286 8.87999980151653 8.98999979905784 9.11499979626387 9.14499979559332 9.16499979514629 9.14499979559332 9.12499979604036 9.09499979671091 9.14499979559332 9.10999979637563 9.17999979481101 9.26999979279935 9.27999979257584 9.22499979380518 9.36999979056418 9.42499978933483 9.40999978967011 9.36999979056418 9.35499979089946 9.26999979279935 9.14499979559332 9.09999979659915 9.09999979659915 9.03499979805201 9.00499979872257 8.9849997991696 8.9849997991696 8.8149998029694 8.85999980196357 8.93499980028719 8.88499980140477 8.92999980039895 8.88499980140477 8.79499980341643 8.64999980665743 8.59499980788678 8.55499980878085 8.56499980855733 8.54999980889261 8.51499980967492 8.47999981045723 8.27999981492758 8.37249981286004 8.2949998145923 8.16499981749803 8.08999981917441
9.94999977760017 10.194999772124 10.339999768883 10.3799997679889 9.94999977760017 10.0199997760355 10.3049997696653 9.49499978777021 9.59499978553504 9.45999978855252 9.37499979045242 9.29499979224056 9.36999979056418 9.25499979313463 9.13499979581684 8.96999979950488 8.93999980017543 9.00999979861081 9.09499979671091 9.10999979637563 9.1549997953698 9.16499979514629 9.12499979604036 8.94499980006367 9.23999979346991 9.23999979346991 9.2149997940287 9.28499979246408 9.34499979112297 9.3599997907877 9.34999979101121 9.37499979045242 9.33499979134649 9.27999979257584 9.17999979481101 9.23499979358166 9.0699997972697 8.99999979883432 8.95499979984015 8.94999979995191 8.91499980073422 8.90999980084598 8.88499980140477 8.86499980185181 8.66499980632216 8.93499980028719 8.95499979984015 8.86499980185181 8.74499980453402 8.59999980777502 8.63999980688095 8.59999980777502 8.54999980889261 8.55499980878085 8.50999980978668 8.40999981202185 8.4399998113513 8.26499981526285 8.21499981638044 8.20874981652014 8.25999981537461 8.30899981427938
9.86999977938831 9.60999978519976 10.029999775812 9.58124978584237 9.9899997767061 9.58499978575855 9.73999978229403 9.78499978128821 9.91999977827072 9.76999978162348 9.80999978072941 9.6999997831881 9.65999978408217 9.48499978799373 9.10999979637563 9.26499979291111 9.21999979391694 9.1549997953698 9.12499979604036 9.1549997953698 9.18999979458749 9.24499979335815 9.24499979335815 9.03499979805201 9.31999979168177 9.30499979201704 9.32999979145825 9.39499979000539 9.41499978955835 9.42999978922307 9.38999979011714 9.34999979101121 9.31999979168177 9.29499979224056 9.20499979425222 9.05999979749322 8.97499979939312 8.88499980140477 8.89499980118126 8.8149998029694 8.77499980386347 8.72999980486929 8.76499980408698 8.65999980643392 8.66499980632216 8.8149998029694 8.75999980419874 8.69499980565161 8.60499980766326 8.54999980889261 8.54499980900437 8.50999980978668 8.49999981001019 8.51499980967492 8.31999981403351 8.26499981526285 8.04999982006848 8.15499981772155 8.16499981749803 8.16999981738627 8.2949998145923 8.42999981157482
10.1199997738004 10.1249997736886 10.029999775812 9.54999978654087 9.2999997921288 9.50499978754669 9.8449997799471 9.89999977871776 9.80999978072941 9.62999978475273 9.71499978285283 9.70999978296459 9.73499978240579 9.80999978072941 9.64999978430569 9.54499978665262 9.50499978754669 9.4449997888878 9.46499978844076 9.48499978799373 9.48999978788197 9.50499978754669 9.48999978788197 9.41999978944659 9.43999978899956 9.37499979045242 9.37999979034066 9.43499978911132 9.43999978899956 9.40999978967011 9.36999979056418 9.29499979224056 9.31999979168177 9.30499979201704 9.20499979425222 9.14999979548156 8.96999979950488 8.74499980453402 8.75999980419874 8.69499980565161 8.56499980855733 8.59499980788678 8.69499980565161 8.71499980520457 8.68999980576336 8.73999980464578 8.66499980632216 8.53499980922788 8.50999980978668 8.45499981101602 8.45999981090426 8.47499981056899 8.36999981291592 8.34999981336296 8.29999981448054 8.25999981537461 8.42999981157482 8.53999980911613 8.53999980911613 8.5249998094514 8.49999981001019 8.5249998094514
9.98499977681786 10.1049997741356 10.0449997754768 9.73499978240579 9.51999978721142 9.46999978832901 9.72999978251755 9.65999978408217 9.64499978441745 9.70499978307635 9.65999978408217 9.70499978307635 9.68499978352338 9.61999978497624 9.72999978251755 9.58499978575855 9.63999978452921 9.52499978709966 9.42499978933483 9.45999978855252 9.49999978765845 9.45999978855252 9.34999979101121 9.34999979101121 9.39999978989363 9.35499979089946 9.33499979134649 9.36499979067594 9.3849997902289 9.34999979101121 9.38999979011714 9.37499979045242 9.31499979179353 9.20999979414046 9.14999979548156 9.03999979794025 8.8399998024106 8.70999980531633 8.5249998094514 8.40999981202185 8.42999981157482 8.46999981068075 8.55499980878085 8.51999980956316 8.63499980699271 8.4399998113513 8.52999980933964 8.52999980933964 8.48999981023371 8.34499981347471 8.30999981425703 8.34999981336296 8.40499981213361 8.41999981179833 8.4399998113513 8.41999981179833 8.42999981157482 16.746176096282 -9999 -9999 -9999 -9999
10.2299997713417 10.0749997748062 9.92499977815896 9.55999978631735 9.60499978531152 9.59499978553504 9.64499978441745 9.73499978240579 9.70499978307635 9.65999978408217 9.74499978218228 9.76999978162348 9.47499978821725 9.42499978933483 9.4449997888878 9.57499978598207 9.44999978877604 9.40999978967011 9.40999978967011 9.44999978877604 9.40999978967011 9.27499979268759 9.29499979224056 9.35499979089946 9.43999978899956 9.3599997907877 9.2999997921288 9.30999979190528 9.40999978967011 9.31999979168177 9.34999979101121 9.26499979291111 9.26999979279935 9.21999979391694 9.12499979604036 8.96499979961663 8.65999980643392 8.42999981157482 8.24499981570989 8.20499981660396 8.44999981112778 8.47999981045723 8.3549998132512 8.54499980900437 8.5249998094514 8.47999981045723 8.44499981123954 8.43499981146306 8.39499981235713 8.25499981548637 8.25999981537461 8.39999981224537 8.49499981012195 8.46499981079251 8.54499980900437 17.6195450607179 -9999 -9999 -9999 -9999 -9999 -9999
10.1999997720122 10.1049997741356 10.029999775812 9.87999977916479 9.25999979302287 9.54999978654087 9.32999979145825 9.48999978788197 9.58499978575855 9.41999978944659 9.64999978430569 9.72499978262931 9.38999979011714 9.17499979492277 9.24499979335815 9.50999978743494 9.50999978743494 9.45499978866428 9.47499978821725 9.41499978955835 9.32499979157001 9.1549997953698 9.31999979168177 9.43499978911132 9.43999978899956 9.34499979112297 9.33999979123473 9.32999979145825 9.28499979246408 9.26999979279935 14.7689340961181 16.1422218614154 17.0852627760093 17.5984611451053 -9999 11.6076467993724 8.68499980587512 8.41499981191009 8.27999981492758 8.44499981123954 8.34499981347471 8.2699998151511 8.18499981705099 8.21499981638044 8.23499981593341 8.2949998145923 8.30499981436878 8.29999981448054 8.31499981414527 8.28999981470406 8.30499981436878 8.43499981146306 8.54999980889261 -9999 -9999 -9999 -9999 -9999 -9999 -9999 -9999 -9999
9.41999978944659 9.87999977916479 9.85999977961183 9.94999977760017 9.759999781847 9.5299997869879 9.31499979179353 9.32499979157001 9.26999979279935 9.5899997856468 9.80999978072941 9.80999978072941 9.57499978598207 9.4449997888878 9.23499979358166 9.30999979190528 9.41499978955835 9.45999978855252 9.52499978709966 9.47499978821725 9.39499979000539 9.30999979190528 9.48999978788197 9.56999978609383 9.50499978754669 9.42999978922307 9.33499979134649 9.3599997907877 9.36999979056418 -9999 -9999 -9999 -9999 -9999 16.3799996338785 8.92999980039895 8.88499980140477 8.74499980453402 8.54499980900437 8.51999980956316 8.51999980956316 8.34999981336296 8.43499981146306 8.25999981537461 8.35999981313944 8.38499981258065 8.3799998126924 8.33499981369823 8.36499981302768 8.41999981179833 8.46999981068075 8.60499980766326 15.423332988595 -9999 -9999 -9999 -9999 -9999 -9999 -9999 -9999 -9999
9.61999978497624 10.0849997745827 10.0799997746944 9.59249978559092 9.03999979794025 9.2149997940287 9.25499979313463 9.53499978687614 9.75499978195876 9.904999778606 9.94499977771193 9.8449997799471 9.53499978687614 9.31999979168177 9.31499979179353 9.44999978877604 9.50499978754669 9.56999978609383 9.54999978654087 9.46499978844076 9.41499978955835 9.54499978665262 9.49999978765845 9.50999978743494 9.47999978810549 9.39499979000539 9.34999979101121 9.39999978989363 9.38999979011714 11.8591173819869 -9999 -9999 -9999 -9999 -9999 14.3724996787496 9.04999979771674 8.86999980174005 8.85499980207533 8.73999980464578 8.57999980822206 8.5849998081103 8.54499980900437 8.49499981012195 8.3799998126924 8.39499981235713 8.34999981336296 8.30499981436878 8.35999981313944 8.46499981079251 8.51499980967492 8.5849998081103 8.94999979995191 9.31999979168177 14.794999669306 -9999 -9999 -9999 -9999 -9999 -9999 -9999
9.61999978497624 10.1249997736886 9.9299997780472 9.85999977961183 9.42499978933483 9.26499979291111 9.18499979469925 9.65499978419393 9.759999781847 9.64499978441745 9.80999978072941 9.80499978084117 9.60499978531152 9.24999979324639 9.16499979514629 9.47499978821725 9.53999978676438 9.57499978598207 9.614999785088 9.62999978475273 9.59499978553504 9.59999978542328 9.60499978531152 9.66999978385866 9.68499978352338 9.60999978519976 9.59999978542328 9.56999978609383 9.614999785088 9.54499978665262 17.7849996024743 24.7149994475767 -9999 -9999 -9999 -9999 8.8149998029694 8.82499980274588 8.83499980252236 8.80999980308115 8.67999980598688 8.71999980509281 8.75999980419874 8.68999980576336 8.54999980889261 8.59999980777502 8.39499981235713 8.3549998132512 8.50499980989844 8.67999980598688 8.78999980352819 8.85499980207533 8.90999980084598 9.86999977938831 -9999 -9999 -9999 -9999 -9999 -9999 -9999 -9999
10.0799997746944 10.3099997695535 10.3149997694418 10.2899997700006 10.2249997714534 10.0149997761473 9.63999978452921 9.75499978195876 9.71499978285283 9.58499978575855 9.66999978385866 9.52499978709966 9.50999978743494 9.46999978832901 9.41499978955835 9.50999978743494 9.55999978631735 9.56499978620559 9.56499978620559 9.57499978598207 9.57499978598207 9.65499978419393 9.70499978307635 9.72499978262931 9.68499978352338 9.61999978497624 9.51499978732318 9.48999978788197 9.53499978687614 9.59999978542328 9.73499978240579 -9999 -9999 -9999 -9999 -9999 -9999 -9999 -9999 -9999 -9999 -9999 -9999 -9999 -9999 -9999 8.49999981001019 8.62999980710447 8.87999980151653 8.99999979883432 8.91999980062246 -9999 -9999 -9999 -9999 -9999 -9999 -9999 -9999 -9999 -9999 -9999
9.3599997907877 10.2699997704476 10.2999997697771 10.1649997727945 10.2349997712299 10.2349997712299 9.82999978028238 9.759999781847 9.74499978218228 9.68499978352338 9.52499978709966 9.47999978810549 9.46499978844076 9.55499978642911 9.47499978821725 9.50499978754669 9.49499978777021 9.54499978665262 9.57999978587031 9.59499978553504 9.63999978452921 9.6749997837469 9.6749997837469 9.73999978229403 11.1462497508619 17.4478699803801 9.46999978832901 9.50499978754669 9.49999978765845 9.51999978721142 9.65499978419393 9.91999977827072 18.8199995793402 -9999 -9999 -9999 -9999 -9999 -9999 -9999 -9999 -9999 -9999 -9999 -9999 -9999 -9999 -9999 -9999 -9999 -9999 -9999 -9999 -9999 -9999 -9999 -9999 -9999 -9999 -9999 -9999 -9999
8.96999979950488 9.63999978452921 10.2999997697771 10.2399997711182 10.3949997676536 10.2649997705594 9.84999977983534 9.81499978061765 9.58499978575855 9.2999997921288 9.3599997907877 9.34499979112297 9.48499978799373 9.53499978687614 9.41499978955835 9.30999979190528 9.48499978799373 9.49499978777021 9.56499978620559 9.59499978553504 9.63499978464097 9.66499978397042 9.6749997837469 9.6749997837469 9.50499978754669 9.55999978631735 9.53999978676438 9.53999978676438 9.6749997837469 9.59499978553504 9.73499978240579 9.88999977894127 -9999 -9999 -9999 -9999 -9999 -9999 -9999 -9999 -9999 -9999 -9999 -9999 -9999 -9999 -9999 -9999 -9999 -9999 -9999 -9999 -9999 -9999 -9999 -9999 -9999 -9999 -9999 -9999 -9999 -9999
9.11499979626387 9.20999979414046 10.0899997744709 10.4949997654185 10.4899997655302 10.1999997720122 9.76999978162348 9.60999978519976 9.5899997856468 9.79499978106469 9.65499978419393 9.52499978709966 9.49999978765845 9.46999978832901 9.45499978866428 9.40499978978187 9.50499978754669 9.49999978765845 9.55499978642911 9.614999785088 9.63999978452921 9.65999978408217 9.66499978397042 9.63499978464097 9.53999978676438 9.49999978765845 9.50499978754669 9.71499978285283 9.93499977793545 10.0049997763708 10.1049997741356 10.1049997741356 23.7469265525481 -9999 -9999 -9999 -9999 -9999 -9999 -9999 -9999 -9999 -9999 -9999 -9999 -9999 -9999 -9999 -9999 -9999 -9999 -9999 -9999 -9999 -9999 -9999 -9999 -9999 -9999 -9999 -9999 -9999
9.41999978944659 9.51999978721142 10.5399997644126 10.4999997653067 10.1349997734651 10.3149997694418 9.97499977704138 9.95499977748841 9.86499977950007 9.94999977760017 9.8449997799471 9.6999997831881 9.67999978363514 9.66999978385866 9.63999978452921 9.49999978765845 9.47999978810549 9.44999978877604 9.52499978709966 9.53999978676438 9.57999978587031 9.60999978519976 9.64499978441745 9.65499978419393 9.68499978352338 9.5899997856468 9.48499978799373 9.55499978642911 9.57499978598207 9.45999978855252 9.49499978777021 9.78999978117645 10.9773074469457 -9999 -9999 -9999 -9999 -9999 -9999 -9999 -9999 -9999 -9999 -9999 -9999 -9999 -9999 -9999 -9999 -9999 -9999 -9999 -9999 -9999 -9999 -9999 -9999 -9999 -9999 -9999 -9999 -9999
