EcologicalScience/Bass/data/rs_data_bass/sst_286.asc
NCOLS 226 
NROWS 124 
XLLCORNER -9.41648524995501 
YLLCORNER 47.587301625531 
CELLSIZE 0.0833 
NODATA_value -9999 
[rows 0 to 26 of 124, columns 62 to 123 of 226]
-9999 -9999 -9999 -9999 -9999 -9999 -9999 -9999 -9999 -9999 -9999 -9999 -9999 -9999 -9999 -9999 -9999 -9999 -9999 -9999 -9999 -9999 -9999 -9999 -9999 -9999 -9999 -9999 -9999 -9999 -9999 -9999 -9999 -9999 -9999 -9999 -9999 -9999 -9999 -9999 -9999 -9999 -9999 -9999 -9999 -9999 -9999 -9999 -9999 -9999 -9999 -9999 -9999 -9999 -9999 -9999 -9999 -9999 -9999 -9999 -9999 -9999
-9999 -9999 -9999 -9999 -9999 -9999 -9999 -9999 -9999 -9999 -9999 -9999 -9999 -9999 -9999 -9999 -9999 -9999 -9999 -9999 -9999 -9999 -9999 -9999 -9999 -9999 -9999 -9999 -9999 -9999 -9999 -9999 -9999 -9999 -9999 -9999 -9999 -9999 -9999 -9999 -9999 -9999 -9999 -9999 -9999 -9999 -9999 -9999 -9999 -9999 -9999 -9999 -9999 -9999 -9999 -9999 -9999 -9999 -9999 -9999 -9999 -9999
-9999 -9999 -9999 -9999 -9999 -9999 -9999 -9999 -9999 -9999 -9999 -9999 -9999 -9999 -9999 -9999 -9999 -9999 -9999 -9999 -9999 -9999 -9999 -9999 -9999 -9999 -9999 -9999 -9999 -9999 -9999 -9999 -9999 -9999 -9999 -9999 -9999 -9999 -9999 -9999 -9999 -9999 -9999 -9999 -9999 -9999 -9999 -9999 -9999 -9999 -9999 -9999 -9999 -9999 -9999 -9999 -9999 -9999 -9999 -9999 -9999 -9999
-9999 -9999 -9999 -9999 -9999 -9999 -9999 -9999 -9999 -9999 -9999 -9999 -9999 -9999 -9999 -9999 -9999 -9999 -9999 -9999 -9999 -9999 -9999 -9999 -9999 -9999 -9999 -9999 -9999 -9999 -9999 -9999 -9999 -9999 -9999 -9999 -9999 -9999 -9999 -9999 -9999 -9999 -9999 -9999 -9999 -9999 -9999 -9999 -9999 -9999 -9999 -9999 -9999 -9999 -9999 -9999 -9999 -9999 -9999 -9999 -9999 -9999
-9999 -9999 -9999 -9999 -9999 -9999 -9999 -9999 -9999 -9999 -9999 -9999 -9999 -9999 -9999 -9999 -9999 -9999 -9999 -9999 -9999 -9999 -9999 -9999 -9999 -9999 -9999 -9999 -9999 -9999 -9999 -9999 -9999 -9999 -9999 -9999 -9999 -9999 -9999 -9999 -9999 -9999 -9999 -9999 -9999 -9999 -9999 -9999 -9999 -9999 -9999 -9999 -9999 -9999 -9999 -9999 -9999 -9999 -9999 -9999 -9999 -9999
-9999 -9999 -9999 -9999 -9999 -9999 -9999 -9999 -9999 -9999 -9999 -9999 -9999 -9999 -9999 -9999 -9999 -9999 -9999 -9999 -9999 -9999 -9999 -9999 -9999 -9999 -9999 -9999 10.9649997549132 11.345348686455 5.91628772113472 6.4213652376784 5.42047384381294 6.01669361721724 6.02798928052653 6.27754403703979 6.32231687029291 6.30336269603244 6.33870966965333 6.33458585606422 6.44216360186692 6.39213995006867 6.39178135758266 6.49469740106724 5.96147037437186 5.73938209470361 5.65977456280962 5.63730276701972 5.59427166869864 5.36011077533476 5.45908230147325 5.56988737965003 5.9712240899913 5.23496199771762 5.10443433281034 5.54980620043352 6.14004943240434 5.69969785958529 5.36262092273682 5.05996886454523 5.20268867397681 5.63228247221559
-9999 -9999 -9999 -9999 -9999 -9999 -9999 -9999 -9999 -9999 -9999 -9999 -9999 -9999 -9999 -9999 -9999 -9999 -9999 -9999 -9999 -9999 -9999 -9999 -9999 -9999 -9999 12.5980882098665 6.09662714228034 3.90745261451229 5.53151798364706 5.51215398940258 6.14793846709654 6.0789094135398 6.12947095406707 6.44440480490448 5.26030253339559 5.34206162020564 6.34624011185952 6.4570451900363 6.55476164247375 6.4812501828419 6.49362162360922 6.53970075806137 6.52248831873294 5.75587734906003 5.93636890035123 6.71092867013067 5.65779376622023 5.39154738327488 5.32604448916391 5.42501601530239 6.28761024039704 6.17829929757863 5.93445640709251 4.64973906055093 5.94440137203783 5.38987395167351 5.15248572593555 5.07646411890164 4.98825036734343 4.88927884120494
-9999 -9999 -9999 -9999 -9999 -9999 -9999 -9999 -9999 -9999 -9999 -9999 -9999 -9999 -9999 -9999 -9999 -9999 -9999 -9999 -9999 -9999 -9999 -9999 -9999 -9999 8.59216001980866 5.25042131822556 5.50668545399094 5.59690134692937 5.57951814927427 5.44837575439098 6.16269198652091 6.15080720698461 6.25336465798318 6.29621646006126 6.46367915102746 6.39626376365777 6.49111147620715 4.67986082937568 6.56928463815711 6.52768790978007 6.50437939818949 6.46583070594352 6.46816155710258 6.72365870338399 6.62648013967555 5.70095293328632 5.82699819211848 5.75061799259856 5.489024774055 5.60736029443797 5.74655394442379 5.72814619680867 5.7362742931582 2.38486891891807 5.80703654373065 6.00073625158984 6.06223486294039 5.97581407381222 6.11279640346766 5.31026641977951
-9999 -9999 -9999 -9999 -9999 -9999 -9999 -9999 -9999 -9999 -9999 -9999 -9999 -9999 -9999 -9999 -9999 -9999 -9999 -9999 -9999 -9999 -9999 -9999 -9999 11.3448759298306 5.43464678492663 5.28922899393365 5.768137796915 5.94497512001544 5.65469450259116 1.64975432259962 4.98466444248334 6.07048249011859 6.26250876637641 6.28294853807893 5.95716726453975 5.24165572412312 6.44180500938091 6.59886851825286 4.12475966103375 6.47748496173881 6.59062089107465 6.52786720602307 6.57807015406433 6.49993285136297 6.4132969067432 6.30625704966951 6.45148700650316 6.33494444855023 6.25551621289924 5.46768852113746 6.56551941705402 5.89441357948817 5.78486357501242 5.72145247040316 5.8438520389609 5.81229590019211 5.98173084983137 5.9354724191362 5.95731070153415 5.19981993408874
-9999 -9999 -9999 -9999 -9999 -9999 -9999 -9999 -9999 -9999 -9999 -9999 -9999 -9999 -9999 -9999 -9999 -9999 -9999 -9999 -9999 -9999 -9999 -9999 -9999 6.42506405276557 4.92848495300859 5.83729491921674 5.64501250546891 6.0348025377607 5.22229172987863 5.78988386981655 6.31020156701561 6.39465009747073 6.46995451953262 6.39196065382566 6.4771263692528 6.48985640250612 6.47551270306576 6.54346597916447 6.47981581289787 6.55189290258568 6.49900051089935 6.64674061513506 6.54543823783752 6.46385844727047 6.25318536174018 6.47138888947666 6.66502883192152 5.97151096398011 6.40038757724687 5.56612215854693 6.73692662536632 5.24428540235385 5.33202103059739 5.62672428868245 5.47536240033805 6.15959272289183 6.33297218987718 5.73914303304628 5.85078482702374 4.93266853201203
-9999 -9999 -9999 -9999 -9999 -9999 -9999 -9999 -9999 -9999 -9999 -9999 -9999 -9999 -9999 -9999 -9999 -9999 -9999 -9999 -9999 -9999 -9999 -9999 7.3255561911501 5.99715032672975 5.36710332881194 5.45137256302405 5.6046708507929 5.87361521529965 5.9790414061863 6.21248511457816 6.38353373040445 6.17131869718432 6.57950452400837 6.55637530866079 6.57430493296124 6.56390575086698 6.55834756733384 6.684392826166 6.64566483767703 6.52195043000393 6.47497481433675 6.50832391553558 6.42154453392141 6.36854456448927 6.28611610503867 3.85007781675085 6.02458265190944 5.86787773552351 6.24977873312309 6.11552170636132 5.77123706054408 5.55554368020967 5.51825006166473 6.17483290354721 6.38317513791844 6.3376338921953 5.88664407562464 5.43314411165193 5.46207057218999 6.01071707578376
-9999 -9999 -9999 -9999 -9999 -9999 -9999 -9999 -9999 -9999 -9999 -9999 -9999 -9999 -9999 -9999 -9999 -9999 -9999 -9999 -9999 -9999 -9999 -9999 6.31980973627309 5.47120272750035 5.34146396606229 6.29567857133225 6.05434582824819 5.61022903432604 5.9473059711745 6.46601000218652 6.59833062952384 6.53611483320128 6.58739355870057 6.5050965831615 6.56354715838097 5.35473188804463 5.24500258732587 6.14889471372589 6.24332406837493 6.51549576525576 6.44808037788607 6.48160877532791 6.47085100074764 6.47874003543984 5.97987812198699 6.01628379723323 5.91098055234179 6.30805001209956 5.85694066470023 6.01628379723323 5.87564723938704 6.35008217420961 5.62188329012133 6.77081361529417 6.20513396861497 6.7680165939033 5.90893657517154 5.54645933723077 5.24141666246578 6.03079825500026
-9999 -9999 -9999 -9999 -9999 -9999 -9999 -9999 -9999 -9999 -9999 -9999 -9999 -9999 -9999 -9999 -9999 -9999 -9999 -9999 -9999 -9999 -9999 13.4149997001514 6.19993437756784 6.28276924183592 6.42064805270638 6.33064133871812 6.2580263603013 5.94049271394033 6.56336786213797 6.52983946469612 6.50258643575944 6.61392940266524 6.11925106821582 6.20555232651532 6.62504576973151 6.68744086229708 6.62199773360044 6.16323841316625 6.15056814532727 6.14459160389379 6.14076661737636 6.59940640698187 5.56438896153122 6.39967039227486 6.42477186629549 5.96732738497667 6.2539025467122 5.46685180533677 5.66814172081649 5.6432793084532 5.69515568809584 5.66168705606833 6.49344232736621 6.58915066188201 2.899807728827 6.0269135030685 5.74380473536439 5.37935523875058 5.94425793504342 6.2103335596621
-9999 -9999 -9999 -9999 -9999 -9999 -9999 -9999 -9999 -9999 -9999 -9999 -9999 -9999 -9999 -9999 -9999 -9999 -9999 -9999 -9999 8.55954798974833 5.7907251829568 5.85217138463631 6.44323937932495 6.40702153823804 5.3867661501281 4.89107180363499 6.45076982153114 6.34283348324243 6.41311761050019 6.43463315966073 6.42710271745455 6.55458234623075 5.73519851570018 4.81124911624938 5.63371684215963 5.45370341418311 4.5450300546363 6.75109102856368 5.73412273824215 5.94192708388437 6.41240042552818 6.14973142952658 5.76591793866828 6.35108111042064 6.16672871336341 5.15721914675087 5.75886561977677 5.38901332970709 8.53186131408438 6.53485975950025 6.62396999227349 5.63634652039036 5.61148410802707 5.78480380959809 6.03032013168558 5.56432919611689 5.36955371079966 5.34899440826848 5.80010375566781 5.66240424104035
-9999 -9999 -9999 -9999 -9999 -9999 -9999 -9999 -9999 -9999 -9999 -9999 -9999 -9999 -9999 -9999 -9999 -9999 -9999 -9999 9.06818224339161 6.84145633503795 6.12197637110949 6.1862361446023 6.48053299786989 6.48411892272998 6.51011687796563 6.37205877085216 6.5368320181733 6.30256354706362 6.15640124976635 6.19269080935046 5.31026641977951 6.4251304587815 6.32472456269898 6.40813317494467 3.0432447232306 2.81015960732475 4.45466474816203 6.23686940362677 4.55005034944043 6.10239722137339 6.1823633457534 6.15367594687268 6.12498854799196 6.21248511457816 6.84832081977012 7.49829531441044 7.34881347524268 4.68803673805669 7.35209203511477 7.35675373743288 7.33380381832831 6.14004943240434 6.25336465798318 7.06916256365366 5.82717748836149 5.90212331793737 5.72766807349399 5.72393871163949 4.9911191072315 5.84643390486017
-9999 -9999 -9999 -9999 -9999 -9999 -9999 -9999 -9999 -9999 -9999 -9999 -9999 -9999 -9999 -9999 -9999 -9999 -9999 -9999 10.3578766167528 6.29729223751929 5.807813494117 6.30876719707157 6.49415951233823 6.32526245142799 6.46296196605545 6.485194700188 6.46583070594352 6.53862498060334 6.52374339243397 6.40002898476087 6.37528610322624 5.57992796925828 5.57304299352691 5.72910244343802 5.66001362446696 6.08028401806951 6.13000884279609 6.14817752875388 6.0188451721333 5.45513778412715 6.20136874751188 6.007011620095 6.08590196701698 4.96085390141234 6.79627368180081 7.27499465062283 7.2857524252031 7.14590135565959 7.57083345158026 5.69775121466124 5.08459221525118 7.50751626405067 7.59532019562487 6.11530655086972 5.48908453946933 5.41330199409276 5.5768799331272 4.93063650792465 5.76352732209489 6.22144992672838
-9999 -9999 -9999 -9999 -9999 -9999 -9999 -9999 -9999 -9999 -9999 -9999 -9999 -9999 -9999 -9999 -9999 -9999 12.986587101128 5.2913805488497 5.36285998439416 5.8793526950758 6.27237005974166 6.15640124976635 6.52015746757388 6.55512023495976 6.57322915550321 6.1410056790337 6.06354970205575 6.39142276509665 6.45919674495235 6.4412671206519 5.40493483608589 5.5849482640624 5.70902126422152 5.92991423560306 4.8677632920444 3.2146519315429 5.73101493669674 5.84958951873705 5.18081453233026 4.36896114400588 4.16133609460667 4.26245917566121 3.97271644696593 8.1381267644465 7.20148319099098 5.98585466342047 6.28396455012262 6.33823154633865 7.24415569682606 7.65156798843028 7.54552706756762 7.52985145317923 7.44276470657704 7.49962722935847 6.22443819744512 7.38426290385957 5.30219808884431 6.26770835742354 3.74124499724712 6.35233618412167
-9999 -9999 -9999 -9999 -9999 -9999 -9999 -9999 -9999 -9999 -9999 -9999 -9999 -9999 -9999 -9999 8.48997119185515 9.75864091121982 6.1106448485516 6.34319207572844 6.07532348867971 6.44485304551199 6.38783684023656 6.20101015502587 6.16500746943057 6.26842554239556 5.82986693200655 6.15511031681672 5.97330392641015 6.03426464903168 5.53474531602114 5.53976561082527 4.99972532689571 4.70496230339631 6.40282600615174 6.51929684560746 6.35004119221121 3.95765556255355 3.99781792098656 5.72910244343802 5.74057740299031 4.19109927094541 4.2958481204696 4.82664468698204 6.38980909890961 5.69410381680354 5.9751993438362 5.65164646646008 6.00808739755303 5.74153364961967 5.7721335417591 5.93110954388976 5.94258450344205 5.97581407381222 5.20663319132291 3.51228369493037 3.42598243663087 5.40583131730091 5.52273246773984 5.12577058572788 4.30835901387036 4.34565263241529
-9999 -9999 -9999 -9999 -9999 -9999 -9999 -9999 -9999 -9999 8.30569824189722 9.09957038635469 8.87356865476385 -9999 -9999 -9999 8.17612230870873 8.66018225600083 6.00844599003904 7.93108442783705 5.38748333510011 6.38174076797441 6.27613528084476 6.14130450610537 6.04982756292447 5.87182225286961 5.93314156797715 5.2858821307309 5.83524581929669 6.06976530514657 6.06940671266057 6.04932553344406 5.96684926166199 5.97318439558148 4.44964445335791 6.03928494383581 6.00988035998307 3.82999663753435 5.45944089395925 6.37209861446172 6.30699415644631 6.43524276688695 5.07180241658352 6.67392192557454 6.68511001113802 7.91305724528673 7.45680104102939 5.86500899563543 6.01597643224522 6.10466830711812 5.83381144935265 5.64017150690779 5.7161931139417 5.42740663187578 5.93612983869389 4.37434003129601 4.8756523267366 6.1823633457534 4.62517547525931 5.50797041039914 5.5648670848459 3.93614001339301
-9999 -9999 -9999 -9999 -9999 -9999 -9999 -9999 -9999 -9999 -9999 -9999 -9999 -9999 -9999 -9999 -9999 -9999 11.5174173780726 7.16073020963984 7.05431683473289 6.40648364950903 6.4651135209715 6.11662138998508 5.33895381866023 6.05219427333213 6.01274909987114 6.07765433983877 6.07442700746469 6.08195744967088 6.1386150624603 6.08482618955895 5.71308531239629 6.02601702185348 6.0787301172968 6.10956907109357 6.0401216596365 5.94664855161682 5.82974740117788 5.86297697154805 5.96433911425993 3.6248817355372 8.27489393861033 6.3239675341174 6.09104179264978 5.88329721242189 5.75133517757058 6.37799546867609 6.32245347695425 6.62425174351249 6.53829200186634 6.09773551905528 5.81803337996826 5.87253943784162 5.20555741386488 5.83201848692261 5.63515121210366 4.64715719465166 5.89214249374345 4.32395778701175 5.80619982792996 5.80763419787399
-9999 -9999 -9999 -9999 -9999 -9999 -9999 -9999 -9999 -9999 -9999 -9999 -9999 -9999 12.8247154010925 5.63850763777271 11.4128858866771 10.9814436817863 5.62690358492546 5.60658334405161 5.73878444056027 5.94545324333012 5.93708608532324 6.02243109699339 6.06665750360116 6.20531326485798 5.97258674143814 6.30667540756986 6.33129875827581 6.27153334394097 5.73388367658481 5.58327483246103 5.97198908729479 5.9896796499379 5.96075318939984 6.12283699307591 6.046815386042 6.11817529075779 5.87899410258979 6.01669361721724 5.88473158236593 5.51358835934661 7.11513412036002 5.96290474431589 6.60438685817644 6.04944506427273 5.97342345723882 5.86465040314943 6.139810370747 6.10897141695023 6.15056814532727 5.79149753600359 5.90509963557124 5.94870448186994 6.15630562510341 6.66675007585436 5.59226355077699 5.89749747486785 5.96821191310883 3.77118746982887 5.98047577613033 5.39322081487626
-9999 -9999 -9999 -9999 -9999 -9999 -9999 -9999 -9999 -9999 -9999 -9999 8.30455888358356 5.62960932822898 5.5010376223363 5.08005004376173 5.8396923661232 5.3150476529263 5.5330035810891 5.11758272396401 5.67118975694757 5.52793205878697 5.88544876733795 6.0613981471397 5.1759137683548 6.31217382568866 5.99900305457413 5.69635099638253 5.8438520389609 5.73770866310224 5.98764762585051 5.92381816334091 5.00761436158791 5.95764538785443 6.05972471553832 5.73938209470361 6.04107790626585 6.01059754495509 6.02386546693742 5.96290474431589 6.66517226891592 6.57810601331294 5.93206579051912 4.60049235913903 5.86931210546754 5.79675689246505 5.01143934810534 6.46015299158171 6.440629622899 6.37066424451768 6.02171391202137 6.17064932454377 5.09511092817411 6.17351806443185 6.13144321274012 6.28051523192387 6.50402080570348 5.88702657427639 5.9711523714941 5.98800621833652 5.94031341769733 5.88473158236593
-9999 -9999 -9999 -9999 -9999 -9999 -9999 -9999 -9999 -9999 9.94703802220257 5.4653832837274 4.18910139852336 4.40231024520472 4.70783104328439 5.15105135599151 5.52821096405387 5.79409043551781 3.83732786169276 5.7872596248053 5.71220875298604 5.8958153501153 4.51490828581154 5.73412273824215 5.61758018028922 5.06355478940532 5.70734783262014 5.73531804652885 5.62511062249541 5.94605089747347 5.81731619499624 5.73412273824215 5.71870326134376 5.63873713696375 5.87899410258979 5.99589525302872 5.99446088308468 5.90875727892853 5.94497512001544 6.49462568257004 6.33526718178764 6.27330240020528 6.15381938386709 5.96620379518717 5.84923092625104 5.06737977592275 4.88306323811412 6.04896694095805 6.0523138041608 6.18929613381624 4.75731680635363 5.13192642340437 5.31026641977951 4.43051952077076 6.15678374841809 5.57992796925828 6.28768708164405 5.80153812561184 6.11877294490114 6.54191207839176 6.51218874566257 6.93677673768252
-9999 -9999 -9999 -9999 -9999 -9999 -9999 -9999 -9999 -9999 9.94499977771193 9.69435578981495 11.0545783264464 6.44413586053997 5.92401738138869 12.3120237707626 14.7299996707588 -9999 -9999 9.22999979369342 7.2375998566677 9.86198931572846 6.19379049297422 5.88672376284376 6.1863590905975 5.46768852113746 5.61507003288716 5.60383413499221 5.65403708303347 5.7800225764513 5.69109163992107 5.7839670937974 5.75563828740269 5.64304024679586 5.58530685654841 5.83883174415678 5.83596300426871 6.90944547038525 6.10777610866353 5.99768821545877 6.16687215035781 5.96247443333268 5.98442029347643 5.608615368139 5.01143934810534 4.59595018764958 5.43386129662395 6.10873235529289 4.53690195828676 4.53140354016796 4.63850316265598 5.85986917000264 5.94832198321819 6.17543055769056 5.17232784349471 5.84911139542237 6.13837600080296 5.78360850131139 6.23503659758717 5.64877772657201 5.02446820843033 5.17797337647957
-9999 -9999 -9999 -9999 -9999 -9999 -9999 -9999 -9999 -9999 -9999 -9999 -9999 -9999 -9999 -9999 -9999 -9999 -9999 -9999 -9999 -9999 -9999 -9999 -9999 8.1375343072957 5.31417109351605 5.42557382583618 5.59028730774298 5.62439343752339 5.58530685654841 5.55877101258375 5.75692922035232 5.86077760430053 5.72695088852197 5.74368520453572 6.0747855999507 5.78217413136736 5.83130130195059 5.77966398396529 1.75016021868214 5.43039490259252 5.85030670370907 5.83022552449256 5.50916571868584 5.82054352737032 3.42646055994555 5.62166813462973 5.46216619685292 5.71021657250822 3.61388489929959 6.12498854799196 3.76521092839539 5.22420422313735 5.16874191863462 6.17303994111717 6.15630562510341 6.16084779659286 6.51282624341547 6.45537175843492 6.45417645014822 6.6603671296034
-9999 -9999 -9999 -9999 -9999 -9999 -9999 -9999 -9999 -9999 -9999 -9999 -9999 -9999 -9999 -9999 -9999 -9999 -9999 -9999 -9999 -9999 -9999 -9999 -9999 10.6396679468453 7.8110060425037 4.74655903177336 5.92521268967539 5.52422660309821 5.76528044091538 5.50462354719639 5.51351664084941 5.19680775720626 5.61865595774725 5.5806451542303 5.73483992321417 5.64232306182384 5.73842584807426 5.84349344647489 5.79615923832171 5.76029998972081 5.61076692305505 5.6803338653408 5.67136905319057 5.75025940011255 5.0549485697411 5.54956713877618 3.46050293995067 5.43673003651202 5.08698283182457 5.58686075732112 5.48478142963722 5.31361328298226 4.055192718748 6.25886307610199 6.3707439317368 6.35663929395378 6.55415203524753 6.5606066999957 6.53851740285754 6.51944028260186
-9999 -9999 -9999 -9999 -9999 -9999 -9999 -9999 -9999 -9999 -9999 -9999 -9999 -9999 -9999 -9999 -9999 -9999 -9999 -9999 -9999 -9999 -9999 -9999 -9999 -9999 9.26694331108592 6.94222082360648 6.76306801759638 5.73412273824215 5.54998549667653 5.38485365686938 4.36143070179969 5.10634682606906 5.39561143144965 5.4068473293446 5.39130832161754 5.36094749113545 5.20603553717956 5.35688344296068 5.84915920775384 4.72325052018277 5.69933926709928 5.05351419979706 5.3658482551109 5.96099225105718 4.92944119963795 4.60670796222985 6.08708019947101 5.12594988197088 6.2460493712686 4.93517867941409 5.25360880699009 6.05040131090209 6.1118401568383 5.85676136845723 6.36357208201662 5.57777641434222 5.66527298092842 5.53868983336724 6.27158115627244 6.28492079675198
