EcologicalScience/Bass/data/rs_data_bass/sst_141.asc
NCOLS 226 
NROWS 124 
XLLCORNER -9.41648524995501 
YLLCORNER 47.587301625531 
CELLSIZE 0.0833 
NODATA_value -9999 
[rows 54 to 80 of 124, columns 0 to 61 of 226]
-9999 -9999 -9999 -9999 -9999 -9999 -9999 -9999 -9999 -9999 -9999 -9999 -9999 -9999 -9999 -9999 -9999 -9999 -9999 -9999 -9999 -9999 -9999 -9999 -9999 -9999 -9999 -9999 -9999 -9999 -9999 -9999 -9999 -9999 -9999 -9999 -9999 -9999 8.75784679191808 8.4687490365468 8.0305490186438 8.0719066853635 9.78478346019983 9.50006102630869 9.91865798830986 9.04464856907725 9.71665088785812 9.1780449738726 10.2807168683503 9.88016906147823 10.0056764315814 9.87694172910415 9.35124514461495 9.1382412079256 8.76542455330491 8.78502760920674 7.62569810193963 7.75909450673498 14.4618788599883 12.8052717696558 -9999 12.9913335277233
-9999 -9999 -9999 -9999 -9999 -9999 -9999 -9999 -9999 -9999 -9999 -9999 -9999 -9999 -9999 -9999 -9999 -9999 -9999 -9999 -9999 -9999 -9999 -9999 -9999 -9999 -9999 -9999 -9999 -9999 -9999 -9999 -9999 -9999 -9999 -9999 -9999 -9999 13.6099996957928 8.8340352489613 9.18832462513819 8.20945224240422 9.74127423856407 9.54094056971371 10.4073000159115 10.4883419177495 10.5808587791398 10.6726584555581 10.7199926637113 10.2868129406124 10.3151417470071 9.76972257578745 10.1799523797818 9.84502699784935 9.21533859241754 8.94747000536881 8.94244971056469 14.4610059262524 5.71207601057305 13.6649996945634 -9999 15.4499996546656
-9999 -9999 -9999 -9999 -9999 -9999 -9999 -9999 -9999 -9999 -9999 -9999 -9999 -9999 -9999 -9999 -9999 -9999 -9999 -9999 -9999 -9999 -9999 -9999 -9999 -9999 -9999 -9999 -9999 -9999 -9999 -9999 -9999 -9999 -9999 -9999 -9999 -9999 -9999 8.73880572672933 9.06221960089169 9.9346751193516 9.7663757125847 9.85219884756953 9.98416088242084 10.586596258916 10.5901821837761 10.6798303052783 10.6798303052783 10.7852564961649 10.2219077006448 10.0931729981676 9.96192814828828 9.71521651791409 9.45846429793164 9.40969571983442 9.40969571983442 8.88973661512136 5.85747855342925 5.85434705180574 18.9649995760992 -9999
-9999 -9999 -9999 -9999 -9999 -9999 -9999 -9999 -9999 -9999 -9999 -9999 -9999 -9999 -9999 -9999 -9999 -9999 -9999 -9999 -9999 -9999 -9999 -9999 -9999 -9999 -9999 -9999 -9999 -9999 -9999 -9999 -9999 -9999 -9999 -9999 -9999 -9999 -9999 15.064999663271 7.1943113412708 9.32592274310688 9.58755759289488 9.61481062183157 9.29996641911566 9.55026397434995 10.0501418998465 9.99276710208505 10.1849726745859 10.187841414474 10.068788709119 10.1448103161529 10.1376384664327 10.0214545009658 9.74246954685077 9.57177952351049 9.35805840184912 9.38746298570186 8.60718689082811 6.38341419957578 10.0888984026878 -9999
-9999 -9999 -9999 -9999 -9999 -9999 -9999 -9999 -9999 -9999 -9999 -9999 -9999 -9999 -9999 -9999 -9999 -9999 -9999 -9999 -9999 -9999 -9999 -9999 -9999 -9999 -9999 -9999 -9999 -9999 -9999 -9999 -9999 -9999 -9999 -9999 -9999 -9999 -9999 -9999 8.3650008013472 9.13723763544112 9.42045349441469 9.51440472574905 9.59401225764304 9.63489180104807 10.1813867497258 9.93539230432361 10.0960417380556 10.2000335589983 10.2323068827391 10.1985991890542 10.1476790560409 10.1699117901735 9.94471570895985 9.85386605765671 9.5244453153573 9.43192845396698 9.3888973556459 9.2375713265501 6.0881730527617 15.9099996443838
-9999 -9999 -9999 -9999 -9999 -9999 -9999 -9999 -9999 -9999 -9999 -9999 -9999 -9999 -9999 -9999 -9999 -9999 -9999 -9999 -9999 -9999 -9999 -9999 -9999 -9999 -9999 -9999 -9999 -9999 -9999 -9999 -9999 -9999 -9999 -9999 -9999 -9999 -9999 11.4649997437373 8.33571930080652 8.3532822560519 8.96002074237913 9.29064301447943 9.24259162135422 9.72238836763427 9.6879634889774 9.91315957019106 10.1326181716286 10.2516708769836 10.350642403122 10.3979766112752 10.3298440389335 10.7049317792989 10.3750266921706 10.0049592466094 8.04680521134287 9.2777336849831 8.89698198530823 10.6649838811963 -9999 -9999
-9999 -9999 -9999 -9999 -9999 -9999 -9999 -9999 -9999 -9999 -9999 -9999 -9999 -9999 -9999 -9999 -9999 -9999 -9999 -9999 -9999 -9999 -9999 -9999 -9999 -9999 -9999 -9999 -9999 -9999 -9999 -9999 -9999 -9999 -9999 -9999 -9999 -9999 -9999 10.1748357159258 8.68533889809623 8.62724691536278 9.07190159801394 9.17732778890058 9.22466199705377 9.61839654669166 9.69800407858565 9.66214482998475 9.95905940840021 10.1161229172722 10.2086397786625 10.3298440389335 10.3370158886537 10.2165288133547 9.90527053549886 10.3649861025624 9.81992552382872 13.9149996889755 13.6118028832687 6.2778857255665 8.37851652596146 8.32029174733907
-9999 -9999 -9999 -9999 -9999 -9999 -9999 -9999 -9999 -9999 -9999 -9999 -9999 -9999 -9999 -9999 -9999 -9999 -9999 -9999 -9999 -9999 -9999 -9999 -9999 -9999 -9999 -9999 -9999 -9999 -9999 -9999 -9999 -9999 -9999 -9999 -9999 -9999 -9999 8.97006133198738 8.99014251120389 9.16370127443224 9.29136019945145 9.39463483542204 9.63130587618798 9.64564957562834 9.77617724053562 9.94256415404379 10.0881527033634 10.1605883855373 10.0903042582795 10.191427339334 10.1864070445299 9.80773337930441 9.97985777258873 8.48176678145925 9.42977689905092 9.70135528727302 6.61145622221132 8.48380992095917 8.40276801912114 8.44795067235827
-9999 -9999 -9999 -9999 -9999 -9999 -9999 -9999 -9999 -9999 -9999 -9999 -9999 -9999 -9999 -9999 -9999 -9999 -9999 -9999 -9999 -9999 -9999 -9999 -9999 -9999 -9999 -9999 -9999 -9999 -9999 -9999 -9999 -9999 -9999 -9999 -9999 -9999 8.94495985796675 9.00520339561626 9.22753073694184 9.40467542503029 9.54524367954582 9.71521651791409 9.89020965108648 9.97268592286855 10.070940264035 10.1620227554813 10.2975707151927 10.3606829927303 10.2129428884946 10.3119144146331 10.2100741486065 10.2036194838583 9.54739523446187 9.20673237275332 9.27988523989916 8.75490584038198 8.72406688658521 8.46731466660276 8.64302498474717 8.55122530832887
-9999 -9999 -9999 -9999 -9999 -9999 -9999 -9999 -9999 -9999 -9999 -9999 -9999 -9999 -9999 -9999 -9999 -9999 -9999 -9999 -9999 -9999 -9999 -9999 -9999 -9999 -9999 -9999 -9999 -9999 -9999 -9999 -9999 -9999 -9999 -9999 -9999 -9999 8.75490584038198 8.96145511232316 9.31000700872391 9.76685383589938 9.94041259912774 10.1950132641941 10.4151890506037 10.4919278426096 10.4732810333371 10.547151085455 10.4883419177495 10.5378276808187 10.0336466454901 9.96479688817635 10.0487075299025 10.2552568018436 9.8672597319819 9.89186067599803 10.0200201310217 9.66501356987283 9.34299751743674 9.01524398522452 8.67744986340404 8.86391795612872
-9999 -9999 -9999 -9999 -9999 -9999 -9999 -9999 -9999 -9999 -9999 -9999 -9999 -9999 -9999 -9999 -9999 -9999 -9999 -9999 -9999 -9999 -9999 -9999 -9999 -9999 -9999 -9999 -9999 -9999 -9999 -9999 -9999 -9999 -9999 -9999 -9999 15.1381352798849 9.34730062726885 9.37096773134544 9.31717885844409 9.59401225764304 10.1075166976079 10.4338358598761 10.5349589409307 10.6719412705861 10.7501144325361 10.5751212993637 10.5908993687481 10.4962309524417 10.3836329118349 10.3513595880941 10.1175572872162 10.309045674745 9.13393809809349 10.2229834781028 10.0020905067213 9.94543289393187 9.68724630400538 9.53807182982564 9.2139042224735 9.193823043257
-9999 -9999 -9999 -9999 -9999 -9999 -9999 -9999 -9999 -9999 -9999 -9999 -9999 -9999 -9999 -9999 -9999 -9999 -9999 -9999 -9999 -9999 -9999 -9999 -9999 -9999 -9999 -9999 -9999 -9999 -9999 -9999 -9999 -9999 -9999 -9999 -9999 8.86535232607275 9.11206395644695 9.4369487487711 9.59974973741919 9.57464826339856 10.1010620328598 10.3764610621147 10.6941740047187 10.6862849700265 10.6009399583563 10.4531998541206 10.3291268539615 10.550019825343 10.2839442007244 10.3255409291014 10.4438764494844 10.229438142851 10.4582201489247 10.3126315996051 10.1548509057611 9.99778739688918 9.59974973741919 9.55169834429398 9.44268622854725 9.1701559391804
-9999 -9999 -9999 -9999 -9999 -9999 -9999 -9999 -9999 -9999 -9999 -9999 -9999 -9999 -9999 -9999 -9999 -9999 -9999 -9999 -9999 -9999 -9999 -9999 -9999 -9999 -9999 -9999 -9999 -9999 -9999 -9999 -9999 -9999 -9999 15.1258032166532 8.59891810896806 8.92846460361034 9.08050781767815 9.31144137866795 9.41615038458258 9.1500747599639 10.03006072063 10.3563798828982 10.3298440389335 10.3843500968069 10.1677602352574 10.2868129406124 10.1734977150336 10.2344584376551 10.2046952613164 10.1760078624357 10.3147831545211 10.3750266921706 10.4051484609954 10.5349589409307 8.88471632031724 8.30633177363779 8.65426088264212 9.07333596795797 9.47997984709218 8.99014251120389
-9999 -9999 -9999 -9999 -9999 -9999 -9999 -9999 -9999 -9999 -9999 -9999 -9999 -9999 -9999 -9999 -9999 -9999 -9999 -9999 -9999 -9999 -9999 -9999 -9999 -9999 -9999 -9999 -9999 -9999 -9999 -9999 -9999 -9999 -9999 15.092995533081 8.48739584581926 9.09485151711851 9.23470258666202 9.32291633822024 9.40252387011424 9.35518966196105 10.0451216050424 10.310838637175 10.4897762876935 10.3176518944092 10.4768669581972 10.509140281938 10.2896816805005 10.269600501284 10.1319009866565 10.3427533684298 10.390804761555 10.3226721892133 10.3233893741854 10.0585090578534 9.72979927901179 9.41519413795322 9.27868993161246 9.06329537834972 8.09956630775705 8.17507684975863
-9999 -9999 -9999 -9999 -9999 -9999 -9999 -9999 -9999 -9999 -9999 -9999 -9999 -9999 -9999 -9999 -9999 -9999 -9999 -9999 -9999 -9999 -9999 -9999 -9999 -9999 -9999 -9999 7.15674162702635 12.3750622985885 14.2926259403836 9.03408457307766 9.15315454294905 9.9648733866199 14.0293347620949 12.9747298437909 9.11564988130704 9.14720602007583 9.14864039001986 9.93754385923967 9.58576463046484 9.95439770608209 10.0788292987272 10.6848506000824 10.4854731778614 10.4707708859351 10.8129876484163 10.5966368485242 10.6425366867334 10.5428479756229 9.96945859049447 10.3979766112752 10.4352702298202 10.4252296402119 9.81479174178094 9.2469368748134 10.2158116283827 10.1577196456492 9.27868993161246 9.46778770256788 8.36018317355774 8.20382684911601
-9999 -9999 -9999 -9999 -9999 -9999 -9999 -9999 -9999 -9999 -9999 -9999 -9999 -9999 -9999 -9999 -9999 -9999 -9999 -9999 -9999 -9999 9.86750479473267 8.49275636300445 8.57387267953406 8.38739364834813 8.74486525077373 8.50051203755928 9.43957842700183 9.04572434653528 9.12318032351322 9.02564316731878 9.39248328050599 9.45344400312752 8.64517653966323 8.75490584038198 9.71258683968335 9.82088177045807 9.40754416491836 9.98177026584744 10.0476317524444 10.2262108104769 10.307611304801 10.8622343498282 10.3033081949688 10.3692892123945 10.3155003394932 10.3284096689895 10.3284096689895 10.2172459983267 10.4797356980853 10.4969481374137 10.4711294784211 10.3635517326184 10.1663258653134 10.2215491081588 10.2201147382148 10.111102622468 9.63992818724364 16.804999624379 -9999 -9999
-9999 -9999 -9999 -9999 -9999 -9999 -9999 -9999 -9999 -9999 -9999 -9999 -9999 -9999 -9999 -9999 -9999 -9999 -9999 -9999 -9999 10.6163526124321 8.78000731440261 9.06508834077977 8.62710872162133 9.05684071360156 8.93922237819061 8.91340371919796 9.09951321943663 8.69514042604715 8.62820316199213 9.14864039001986 9.41328164469451 9.48978137504309 9.49623603979126 9.72119305934757 9.82829268183559 10.0185857610777 9.93395793437958 9.98129214253277 10.0985518854577 10.3294854464475 10.4274878753349 10.4551468760474 10.3700063973665 10.3685720274225 11.2280554647247 10.2107913335785 10.3599658077583 10.3979766112752 10.3836329118349 10.3047425649129 10.4410077095963 10.428815565072 9.01303302366287 11.9249830840155 15.2499996591359 -9999 -9999 -9999 -9999 -9999
-9999 -9999 -9999 -9999 -9999 -9999 -9999 -9999 -9999 -9999 -9999 -9999 -9999 -9999 -9999 -9999 -9999 6.88018432352692 8.4250007532537 13.9882325804792 8.09007537132129 8.94495985796675 8.89619127986953 8.86893825093284 8.9112521642819 9.2497634710744 9.04393138410524 8.68031860329211 9.10489210672677 8.93778800824657 9.2497634710744 9.65282142534852 8.88973661512136 9.01309243030846 9.21282844501548 9.59688099753112 9.11995299113914 9.7833490902558 10.0479903449304 10.1623813479673 10.0816980386153 10.0886027548695 10.4874134103302 10.2344584376551 10.3212378192693 10.390087576583 10.7061270875856 10.6078727464192 10.3728751372546 10.2717520562001 9.18745712321252 9.16206877520308 13.9849996874109 -9999 -9999 -9999 -9999 -9999 -9999 -9999 -9999 -9999
-9999 -9999 -9999 -9999 -9999 -9999 -9999 -9999 -9999 -9999 -9999 -9999 -9999 7.01588157585366 -9999 -9999 8.64773713121959 8.6853947750642 8.7197637767531 8.63728750497103 8.13525802455842 9.55815300904214 8.95571763254702 8.91483808914199 8.90981779433787 8.95930355740711 9.30785545380786 9.14744508173317 8.99946591584012 9.03102205460891 9.114215511363 9.19669178314507 9.2060151877813 9.25263221096247 9.57751700328663 9.47567673726007 9.42762534413487 9.54524367954582 9.78370768274181 10.2835856082384 10.3599658077583 10.3431119609158 10.5173879091162 10.3520767730661 10.4610888888128 10.1010620328598 9.9985045818612 10.4080172008835 10.3677378240973 7.67036671303213 7.79200128428638 14.4099996779114 -9999 -9999 -9999 -9999 -9999 -9999 -9999 -9999 -9999 -9999
-9999 -9999 -9999 -9999 -9999 -9999 -9999 -9999 -9999 -9999 -9999 -9999 -9999 8.57072150334716 9.26338998554274 8.93205052847043 9.4527268181555 9.37831647015576 9.38029113598168 9.30283515900373 9.50508132111281 9.19884333806112 9.09126559225842 8.97006133198738 9.46993925748393 8.77785575948656 8.8273415225558 9.1299935807474 9.17230749409646 9.00018310081214 9.25621813582256 9.40467542503029 9.39893794525415 9.41328164469451 9.44555496843532 9.61839654669166 9.65927609009668 9.71091340808198 9.75322732143104 10.3147831545211 10.626400024863 10.6382335769013 10.6063188456465 10.80007831892 10.7716299816966 10.6934568197466 10.4148304581176 10.4549928165507 10.388653206639 10.1950132641941 9.40754416491836 10.131451674604 13.2599997036159 -9999 -9999 -9999 -9999 -9999 -9999 23.077239447231 -9999 -9999
-9999 -9999 -9999 -9999 -9999 -9999 -9999 -9999 -9999 -9999 15.7507457523665 9.15759067623211 9.22213732371373 9.50031224938316 9.04966886388138 9.29136019945145 9.31717885844409 9.4964751014486 9.31717885844409 9.12318032351322 9.20768861938268 9.3214819682762 9.42260504933074 8.2894527935423 8.44293037755415 8.05385753023438 9.02145958831534 9.49504073150456 9.18665119353682 9.16513564437628 9.84502699784935 9.67505415948108 9.49504073150456 9.53878901479766 9.64636676060036 9.67505415948108 10.0013733217493 9.94901881879196 10.0149998362176 9.9748374777846 10.390087576583 10.3649861025624 10.7816705713049 10.747245692648 10.8194907668978 10.6334976339713 10.3642553971149 10.5407452927902 10.5362513519824 10.6342384984018 10.8226090575982 10.5310319977709 10.7837447848716 -9999 -9999 -9999 9.28425483033061 9.61983091663569 8.29047790830955 8.53071855474263 8.80159029737115 17.7899996023625
-9999 -9999 -9999 -9999 -9999 -9999 -9999 14.8222181444128 11.8764351301827 9.61839654669166 9.85587017536163 8.27510909410194 8.41998045844957 9.62092361599207 9.64278083574027 9.57895137323067 9.38172550592571 9.40754416491836 9.42834252910689 8.70972318714485 9.48571732686833 9.54022338474169 9.47997984709218 9.58970914781094 9.24474317627028 9.06975004309788 9.28347116475925 9.22394481208175 9.74246954685077 9.88518935628235 9.3731192862615 9.57966855820268 9.83068329840899 10.069147301605 9.7675710208714 10.0910214432515 10.0659199692309 9.99778739688918 10.6138492878526 10.2803582758643 10.7429425828159 10.4166234205477 10.427381195128 10.627475802321 10.3454004914965 10.4205154698575 10.2783081805101 10.4112433543429 10.2366099925712 10.1849726745859 10.230155327823 10.2860957556404 10.1517431042157 14.1015097360042 9.92535171471536 9.92750326963142 9.55779441655613 8.29016997851431 8.24498732527718 7.94520400697365 8.45518697164953 8.95001630362822
-9999 -9999 -9999 -9999 -9999 10.1360595099628 7.58517715102062 8.88309697771911 9.58088833133557 9.45577819726896 9.35016936715692 9.35662403190508 9.50579850608483 9.55528426915407 9.31092043926141 9.57034515356645 9.63345743110403 9.48715169681236 9.41471601463854 9.45559555804357 9.57034515356645 9.70015563350171 9.20027770800516 9.43910030368716 9.29279456939548 9.41973630944267 9.37885676603764 9.60620440216735 9.50006102630869 9.48930325172842 9.56389048881829 9.71019622310996 9.92033141991124 9.85721914237365 10.0106967263855 10.1405072063208 10.2251350330189 10.6844920075964 10.7131794064771 10.6991942995228 10.6152836577967 10.6217777628452 10.7127912515774 10.7398561947048 10.3951078713872 10.4940793975256 10.4754325882532 10.5198980565183 10.5008926547598 10.3821985418908 10.268524723826 10.2003921514843 10.4847559928894 10.1648914953694 9.63309883861803 9.53556168242358 9.41256445972249 8.35471662599593 8.88136945711449 9.39535202039406 9.38315987586975 9.29853204917163
-9999 -9999 -9999 -9999 -9999 10.0740361191066 9.38968511705752 9.37527084117755 10.1419754205272 9.27916805492714 9.4247566042468 9.54524367954582 9.64923550048843 9.73601488210261 9.41471601463854 9.4448377834633 9.63847772590816 9.61839654669166 9.5165562806651 9.35016936715692 9.16083253454417 9.72525710752234 9.46993925748393 9.47926266212016 9.49217199161649 9.53520308993757 9.59042633278295 9.54739523446187 9.73816643701866 9.72525710752234 10.072016041493 9.9866710298229 9.74246954685077 9.8751487666741 10.6815037368797 10.5761970768217 10.6005813658703 10.6030915132724 10.230155327823 10.8297219644301 10.7450941377319 10.7572862822562 10.7572862822562 10.6712240856141 10.8469170182943 10.4453108194284 10.50985746691 10.3829157268628 10.3786126170307 10.3585314378142 10.1792351948097 10.1060823276639 10.0372325703502 10.1340525415726 9.6599932750687 9.64995268546045 9.68903926643543 9.33008818794042 9.33008818794042 9.53735464485362 9.47137362742797 9.43264563893899
-9999 -9999 -9999 -9999 -9999 10.2627582217434 9.6436938715633 9.62628558138385 9.54165775468573 9.93826104421169 9.96981718298048 9.95619066851214 10.0092623564415 9.56317330384627 9.552415529266 9.62198247155175 9.72669147746637 9.63130587618798 9.53089998010546 9.75466169137508 9.64278083574027 9.49504073150456 9.43408000888303 9.60620440216735 9.63776054093614 9.74533828673884 9.70087281847373 9.72095399769023 9.77259131567553 9.99276710208505 9.91961423493922 10.3800469869748 10.2014679289423 10.109668252524 10.550019825343 10.6794717127923 10.5525299727451 10.5948438860942 10.6425366867334 10.6052430681884 10.7537003573962 10.8132267100736 10.5959196635522 10.8444608064601 10.800976125006 10.4252296402119 10.4202093454078 10.4417248945683 10.4618060737848 10.3334299637936 10.2846613856964 10.0451216050424 10.0652027842589 10.032212275546 9.97061545914039 9.98559525236487 9.72023681271821 9.55528426915407 9.83821374061517 9.55062256683595 9.72669147746637 9.44806511583738
-9999 -9999 -9999 -9999 -9999 9.97125155292451 9.76398509601131 9.91817986499518 10.0802636686713 9.98846399225295 9.84072388801724 9.81992552382872 9.72956021735445 9.711630593054 9.68509474908933 9.70302437338978 9.79840997466817 9.79195530992001 9.69441815372556 9.81060211919248 9.60261847730726 9.48715169681236 9.63130587618798 9.7876522000879 9.95977659337223 10.0953245530836 9.7159337028861 9.73744925204664 9.92535171471536 10.1189916571602 9.87658313661814 10.1921445243061 10.3241065591574 10.3425143067725 10.5729697444476 10.748321470106 10.6314203196671 10.5043590487912 10.3599658077583 10.6788740586489 10.7400738429278 10.4252296402119 10.4531998541206 10.3850672817789 10.4202093454078 10.2609942816198 10.3040253799409 10.4402905246243 10.3958250563592 10.4524826691486 10.3291268539615 10.2344584376551 10.1598712005652 10.1799523797818 10.2323068827391 9.20478203624953 9.85841445066035 9.74213376473636 9.44494586186483 9.06728700120002 9.64278083574027 9.70947903813794
-9999 -9999 -9999 -9999 -9999 10.2136600734666 10.2997222701088 10.231589697767 10.0652027842589 9.80773337930441 9.79267249489203 9.86941128689796 9.69083222886547 9.68868067394942 9.62843713629991 9.75394450640306 9.72167118266225 9.82638018857688 9.81633959896863 9.67648852942511 9.83785514812917 9.7474898416549 9.90132601815276 9.55026397434995 9.07261878298596 9.66214482998475 9.92535171471536 9.99420147202909 9.57034515356645 9.95762503845617 9.6800744542852 10.1749320849776 9.12855921080336 9.92750326963142 9.95905940840021 9.10991240153089 10.7809533863328 10.5648416480981 10.5789462858811 11.028023609193 10.8211157447658 10.8128681175876 10.3649861025624 10.4818872530013 10.4159062355757 10.5019684322178 10.4553514090367 10.5406964207068 10.4596545188688 10.4811700680293 10.3649861025624 10.4080172008835 10.5557573051192 10.3943906864151 9.68555470397696 9.54542750604451 10.0637684143148 9.81491693027783 9.71638189174701 9.24322574899998 9.96587266563438 10.0049592466094
