EcologicalScience/Bass/data/rs_data_bass/sst_496.asc
NCOLS 226 
NROWS 124 
XLLCORNER -9.41648524995501 
YLLCORNER 47.587301625531 
CELLSIZE 0.0833 
NODATA_value -9999 
[rows 54 to 80 of 124, columns 124 to 185 of 226]
14.7548753162846 15.2985015250742 14.8839686112478 15.3322092187591 14.9477980737574 14.97003080789 15.128528686706 15.2275002128445 15.3429669933394 15.3651997274719 15.6162144676782 16.1347392024472 16.0637378902175 15.6922360747121 15.9834131733514 15.9217352657579 16.404400751926 16.40224919701 16.3836023877375 16.5069582029246 16.5005035381764 16.5521408561617 16.4108554166742 16.5571611509658 16.801004041452 16.9924924289808 16.9458754057996 16.7536698332988 17.2632297559176 17.2273705073167 16.4875942086801 16.1878108903766 15.8901791269891 17.2772148628719 16.6984465904534 16.7974181165919 16.7479323535226 16.681234151125 16.8339945501648 16.7371745789424 16.9250770416111 17.2427899842151 17.3647114294581 17.5271538256202 17.3073366316967 17.5221335308161 17.3001647819765 17.1151310591958 17.4776680625509 16.7149418448098 17.5483107822947 17.2647836566903 17.9951170198619 18.3515579509549 15.9565187369008 15.8596987656783 16.8100883844309 16.3068635957316 16.1994907599209 16.9032028999645 17.2493471039592 9.30295239116262
15.0951795855071 15.1400036462583 14.9614245882258 14.9757682876661 14.9678792529739 15.0539414496161 15.247581392061 15.6965391845442 15.3200170742348 15.728095323313 15.8033997453749 16.0658894451335 16.1562547516078 16.2172154742293 16.3147526304238 16.1849421504885 16.3441572142765 16.684820075985 16.7285683592781 16.7787713073194 16.5112613127567 17.0269173076376 16.7486495384946 17.0950498799793 17.1165654291399 17.2047791806981 17.0577562614344 17.1517074927688 17.2453001316171 17.3001647819765 17.3388927704655 17.1796777066775 16.6267280932516 16.8081758911721 16.8555100993253 16.3090151506476 16.801721226424 16.3749961680733 17.0125736081973 17.1689199320972 17.0950498799793 17.0383922671899 17.1136966892518 17.2664570882916 17.3231147010811 17.2334665795788 16.9652394000441 16.6224249834195 17.6042512101121 17.3729590566363 17.361125504598 17.6748939298559 17.7139805108309 18.4659489539918 16.6341390046291 15.9353617802262 17.2244505399306 16.1935184874455 -9999 -9999 -9999 -9999
15.2784203458577 15.5036164270714 15.1005584727973 15.0761741837487 14.9980010217987 14.9786370275542 15.4211401552893 15.7001251094043 15.3766746870242 16.126850167755 15.9583116993308 16.2781761968508 16.2200842141174 16.2107608094811 16.2380138384178 16.3864711276256 16.6174046886154 16.6991637754254 16.7314370991662 16.7077699950896 16.8454695097171 16.9774315445684 17.0104220532812 17.0749687007628 17.3718832791783 15.1098818774335 17.1764503743034 15.3099764846265 17.2750633079559 17.2879726374522 17.3001647819765 17.1101107643917 16.9186223768629 16.9186223768629 16.9408551109955 16.9480269607157 16.7923978217877 17.2151783627924 17.2886898224242 17.4256721520796 17.5059968689457 17.3238318860531 16.8526413594373 16.9250770416111 17.2162541402504 17.2965788571164 17.0656452961266 14.5849024779163 15.4046449009329 17.9018829734996 17.5676747765392 16.1548203816637 17.3163014438469 16.6128625171259 13.9196567965034 -9999 -9999 -9999 -9999 -9999 -9999 -9999
15.486403987743 15.4777977680787 15.5215460513718 15.7202062886208 15.7589342771098 15.8306527743116 15.8313699592836 16.0831018844619 15.9956053178757 16.00421153754 16.0952940289862 16.1325876475312 16.1698812660761 16.2007202198729 16.3369853645563 16.4553208849393 16.5571611509658 16.604495359119 16.6525467522442 16.8289742553607 16.9695425098762 17.0634937412106 17.0161595330574 17.121585723944 17.0140079781413 16.2272560638376 17.0283516775817 16.9774315445684 16.9982299087569 16.9803002844565 17.0541703365743 17.0771202556789 17.1474043829367 17.1144138742238 17.1122623193078 17.1187169840559 17.002533018589 17.3130741114728 17.3023163368925 17.4131214150693 17.4615314006805 17.5332498978823 17.7021469587926 17.0477156718262 17.0749687007628 17.0706655909307 17.2427899842151 16.7873775269836 17.9147923029959 15.4677571784705 17.7161320657469 17.718642213149 16.1447797920555 16.2973967541009 16.5549996299669 -9999 -9999 -9999 -9999 -9999 -9999 -9999
16.3111667055637 15.4627368836664 15.6951048146002 15.9927365779877 15.8995025316253 15.9195837108418 15.2396923573688 15.728812508285 15.4785149530508 15.6140629127622 15.9597460692748 16.1684468961321 16.1763359308243 16.2243873239495 16.3082979656756 16.4682302144356 16.5026550930925 16.5994750643149 16.6754966713488 16.8053071512841 16.7393261338584 16.8791772034019 17.1646168222651 17.0914639551193 17.1431012731045 17.20191044081 17.1782433367334 17.042695377022 17.1330606834963 17.1438184580766 17.3130741114728 17.1976073309779 17.2664570882916 17.0778374406509 17.1638996372931 17.0699484059587 17.5163960510399 17.4335611867718 17.3733176491223 17.4314096318558 15.9396648900583 17.7207937680651 17.7752998259384 17.8326746236999 17.9298531874083 17.8437909907661 17.5526138921268 16.4553208849393 17.6225394268986 17.5250022707041 17.4905773920473 17.8445081757382 17.6135746147484 15.3309403530394 15.2549996590242 -9999 -9999 -9999 -9999 -9999 -9999 -9999
15.8224051471334 16.1716742285062 16.3326822547242 16.3039948558435 16.2674184222706 16.1089205434546 15.9195837108418 15.6714377105236 15.6649830457754 15.6592455659993 15.8758354275487 16.1928311851807 16.1978514799848 16.2774590118788 16.3212072951719 16.4151585265063 16.5593127058819 16.5750907752663 16.6618701568805 16.6869716309011 16.840449214913 17.0312204174697 17.1431012731045 17.4378642966039 17.4063081578352 17.3905300884508 17.400570678059 17.4256721520796 17.4306924468838 17.4722891752608 17.3109225565568 17.4425259989221 17.4579454758205 17.4475462937262 16.8899349779822 17.5544068545569 17.5615787042771 17.5622958892491 17.4938047244214 17.5565584094729 17.7254554703832 17.8151035918854 17.8513214329723 17.799684114987 17.8584932826925 14.4038030269822 17.8541901728604 16.4947660584003 17.7423093172256 18.2870113034733 17.8032700398471 17.8803674243391 17.6759697073139 17.3374584005214 17.384999611415 6.27499985974282 23.7447889405303 -9999 -9999 -9999 -9999 -9999
-9999 -9999 -9999 -9999 -9999 14.8749996675178 16.085253439378 15.9511398496106 15.9317758553661 15.8492995835841 16.0572832254693 15.9088259362616 15.9317758553661 16.1404766822234 16.1913968152367 16.3398541044444 16.482573913876 16.6460920874961 16.7809228622355 16.9329660763033 17.3166600363329 17.4034394179471 17.4593798457645 17.4256721520796 17.4550767359324 17.5303811579943 17.4228034121916 17.2549821287394 17.4557939209044 17.4941633169074 17.559427149361 17.480536802439 17.5755638112314 17.5859629933257 17.5425733025186 17.6038926176261 17.719717990607 17.6422620136291 17.6368831263389 17.6193120945245 17.8717612046748 17.8538315803744 17.917302450398 17.957464808831 17.8610034300946 7.25677243233903 6.93999984487891 18.8226408998249 12.5004455067034 17.8449996011332 17.9205297827721 17.8914837914053 18.2611926444806 17.6938993316144 5.37499987985939 5.37499987985939 -9999 -9999 -9999 -9999 -9999 -9999
-9999 -9999 -9999 -9999 -9999 -9999 -9999 15.9750460153446 15.7847529361024 16.0594347803853 15.9633319941349 15.9088259362616 16.0752128497697 16.1992858499289 16.3097323356196 16.4603411797434 16.6927091106772 16.7715994575992 17.0276344926096 17.1072420245036 17.4342783717439 17.4213690422475 17.6272011292167 17.6616260078736 17.6494338633493 17.4041566029191 17.6193120945245 17.5648060366511 17.6056855800562 17.6110644673463 17.5630130742211 17.5859629933257 17.6261253517587 17.6361659413669 17.6426206061151 17.5712607013993 17.6548127506394 17.6433377910871 17.6942579241004 17.8821603867691 18.0614566297736 18.0668355170637 18.0844065488782 18.0058747944422 17.9893795400858 15.8349996460602 -9999 -9999 -9999 -9999 -9999 -9999 -9999 -9999 -9999 -9999 -9999 -9999 -9999 -9999 -9999 -9999
-9999 -9999 -9999 -9999 -9999 -9999 -9999 -9999 11.4349997444078 15.8230028012767 16.2222357690334 16.2200842141174 16.166295341216 16.1454969770275 16.3061464107595 16.6704763765447 16.8791772034019 16.9932096139528 17.2643055333756 17.3180944062769 17.3855097936466 17.4299752619117 17.6250495743006 17.6046098025981 17.7376476149075 17.7426679097116 17.6350901639089 17.9800561354496 17.719717990607 17.7032227362506 17.199758885894 17.6964094790164 17.5741294412874 17.6924649616703 17.7656178288162 17.7089602160268 17.7057328836527 17.6874446668662 17.7433850946836 17.9026001584716 17.8674580948427 18.0144810141064 18.076876106672 17.797532560071 6.80305433971807 6.50999985449016 -9999 -9999 -9999 -9999 -9999 -9999 -9999 -9999 -9999 -9999 -9999 -9999 -9999 -9999 -9999 -9999
-9999 -9999 -9999 -9999 -9999 -9999 -9999 -9999 -9999 14.8549996679649 16.3929257923737 16.3886226825416 16.4072694918141 16.3778649079613 16.4359568906948 16.5557267810218 16.8956724577583 16.9932096139528 17.2349009495229 17.4955976868514 17.5870387707837 16.6152531336993 17.4988250192255 17.5547654470429 17.9614093261771 17.9097720081918 17.9097720081918 18.0173497539945 17.7663350137882 17.7358546524774 17.6942579241004 17.361125504598 17.1846980014816 17.7096774009988 17.7423093172256 17.6824243720621 17.7039399212226 17.6698736350518 17.9122821555939 17.917302450398 17.8932767538354 18.0134052366484 18.1263618697412 18.0528504101094 16.0353275155749 16.0349996415898 -9999 -9999 -9999 -9999 -9999 -9999 -9999 -9999 -9999 -9999 -9999 -9999 -9999 -9999 -9999 -9999
-9999 -9999 -9999 -9999 -9999 -9999 -9999 -9999 -9999 15.0249996641651 16.6554154921323 16.3900570524856 16.6575670470484 16.6166875036433 16.8988997901324 16.5187917549629 17.1162068366539 17.2338251720648 16.9164708219469 17.6974852564745 17.760238941526 17.4701376203448 17.5784325511195 17.6451307535172 17.3424786953256 17.3130741114728 17.2499618339352 17.7749412334524 17.6978438489605 17.7699209386483 17.6519440107513 17.7078844385687 17.7634662739001 17.8477355081122 17.797532560071 17.8222754416056 17.8115176670253 17.9721671007574 18.0542847800534 18.0937299535144 18.0141224216204 18.0478301153053 18.1331751269754 18.1883983698208 14.3199996799231 5.47499987762421 6.65579990674268 6.1149998633191 -9999 -9999 -9999 -9999 -9999 -9999 -9999 -9999 -9999 -9999 -9999 -9999 -9999 -9999
-9999 -9999 -9999 -9999 -9999 -9999 -9999 -9999 -9999 12.639999717474 17.0236899752636 16.0960112139583 17.0968428424094 16.7715994575992 17.1947385910898 17.1757331893314 17.3019577444065 17.3388927704655 17.481253987411 16.324793220032 17.3302865508012 17.8326746236999 17.7297585802153 17.7921536727808 17.8115176670253 17.0950498799793 17.7161320657469 17.7150562882889 17.6150089846924 17.7132633258589 17.6637775627896 17.4722891752608 17.4349955567159 17.8757057220209 17.9008071960416 17.9341562972404 17.959257771261 18.0998260257766 18.1435743090697 18.2163685837295 18.2246162109077 18.1432157165837 18.1138111327309 16.2571571603632 15.789999647066 -9999 -9999 -9999 -9999 -9999 -9999 -9999 -9999 -9999 -9999 -9999 -9999 -9999 -9999 -9999 -9999 -9999
-9999 -9999 -9999 -9999 -9999 -9999 -9999 -9999 -9999 16.8103274460882 16.7120731049217 16.5421002665535 16.524887827225 16.764427607879 17.4479048862122 17.3270592184272 17.6038926176261 17.3697317242622 17.8093661121093 17.8075731496792 17.8093661121093 17.8176137392875 17.8294472913258 17.8488112855703 17.8653065399267 17.8538315803744 17.7652592363302 17.8136692219414 17.8595690601505 17.7068086611107 17.7548600542359 17.6250495743006 17.8692510572728 17.917661042884 17.9388179995585 17.9908139100298 18.1037705431227 18.1618625258561 18.2411114652641 18.3085268526338 18.3364970665425 18.5064699049108 17.5275124181062 16.8059526177589 -9999 -9999 -9999 -9999 -9999 -9999 -9999 -9999 -9999 -9999 -9999 -9999 -9999 -9999 -9999 -9999 -9999 -9999
-9999 -9999 -9999 -9999 -9999 -9999 -9999 -9999 17.5135757695959 16.7794884922914 16.9810174694285 17.000381463673 17.0735343308188 17.0907467701472 17.1882839263417 17.5841700308956 17.6752525223419 17.6494338633493 17.8179723317735 17.7846232305747 17.7279656177852 17.7885677479208 17.7684865687042 17.8079317421652 17.7659764213022 17.5447248574346 17.680272817146 17.877857276937 17.9649952510372 18.0266731586307 17.877498684451 17.8939939388074 17.9345148897264 17.9524445140269 18.0198599013966 18.1600695634261 18.3522751359269 18.4204077082686 18.2873698959593 18.3379314364865 18.3052995202597 18.2077623640653 17.8416394358501 -9999 -9999 -9999 -9999 -9999 -9999 -9999 -9999 -9999 -9999 -9999 -9999 -9999 -9999 -9999 -9999 -9999 -9999 -9999
-9999 -9999 -9999 -9999 -9999 -9999 -9999 -9999 16.3850367576815 17.0462813018821 17.0907467701472 17.1933042211458 17.279366417788 17.5067140539177 17.3561052097939 17.3166600363329 17.6935407391284 17.7401577623095 17.7745826409664 17.8423566208221 17.7935880427249 17.6150089846924 17.5863215858117 17.8434323982801 17.7046571061946 17.6874446668662 17.8861049041152 17.9438382943626 17.9538788839709 17.91801963537 17.8986556411255 17.8717612046748 18.0230872337706 18.0478301153053 18.0811792165041 18.2550965722185 18.2500762774143 18.4677419164218 18.5853602518328 18.5459150783718 18.4039124539122 18.0546433725394 15.7949996469542 -9999 -9999 -9999 -9999 -9999 -9999 -9999 -9999 -9999 -9999 -9999 -9999 -9999 -9999 -9999 -9999 -9999 -9999 -9999
-9999 -9999 -9999 -9999 -9999 -9999 -9999 7.10759938730357 16.9917752440087 17.4055909728631 17.3338724756613 17.558351371903 17.4256721520796 17.3367412155494 17.4055909728631 17.4672688804567 17.4342783717439 17.3697317242622 17.44001585152 17.4586626607925 17.6028168401681 17.4450361463241 17.6852931119502 17.8477355081122 17.8574175052345 17.8667409098707 17.9553132539149 18.0252387886867 18.1851710374467 18.0087435343303 17.7146976958029 18.0431684129871 18.0661183320917 18.079027661588 18.0973158783745 18.4297311129048 18.635204607388 18.7230597664602 18.7628635324072 17.1846980014816 18.2822300703265 10.3812399801917 -9999 -9999 -9999 -9999 -9999 -9999 -9999 -9999 -9999 -9999 -9999 -9999 -9999 -9999 -9999 -9999 -9999 -9999 -9999 -9999
-9999 -9999 -9999 3.8400372271426 3.83999991416931 10.1152929166866 17.0097048683092 17.0842921053991 17.1323434985243 17.4342783717439 17.4113284526393 17.4299752619117 17.481612579897 17.5676747765392 17.5526138921268 17.3912472734228 17.521057753358 17.8222754416056 17.5805841060355 17.6974852564745 17.558351371903 17.640110458713 17.717566435691 17.8054215947632 17.9248328926042 16.1598406764679 17.7146976958029 17.8344675861299 17.8803674243391 17.8502456555143 18.1672414131463 18.1414227541536 18.155049268622 18.23609117046 18.2518692398444 18.3892101619858 18.6717810409609 18.9801705789287 19.3656575013883 17.754583597459 13.2949997028336 -9999 -9999 -9999 -9999 -9999 -9999 -9999 -9999 -9999 -9999 -9999 -9999 -9999 -9999 -9999 -9999 -9999 -9999 -9999 -9999 -9999
-9999 -9999 3.88019958557561 3.87999991327524 17.5497451522388 16.9638050301 17.0907467701472 17.1187169840559 17.1904354812577 17.3489333600737 17.4550767359324 17.518906198442 17.5755638112314 17.5913418806158 17.5289467880502 17.5024109440856 17.4830469498411 17.7663350137882 17.557634186931 17.4450361463241 17.3396099554375 17.6702322275378 17.3066194467247 17.7397991698235 17.8495284705423 17.9069032683037 17.9710913232993 17.6616260078736 17.7261726553552 17.6494338633493 18.1833780750167 18.2124240663834 18.276612121379 18.4293725204188 18.5530869280919 18.6664021536708 18.794419671176 16.4089163610091 12.1242960069973 -9999 -9999 -9999 -9999 -9999 -9999 -9999 -9999 -9999 -9999 -9999 -9999 -9999 -9999 -9999 -9999 -9999 -9999 -9999 -9999 -9999 -9999 -9999
16.7749996250495 16.7749996250495 -9999 18.64999958314 16.963087845128 17.0534531516023 17.4507736261003 17.318811591249 17.3431958802976 17.4514908110723 17.4959562793374 17.479461024981 17.561220111791 17.6365245338529 17.640110458713 17.6451307535172 17.6150089846924 17.6831415570341 17.4457533312961 17.4873500596732 17.4292580769397 17.8194067017175 17.7233039154671 17.8265785514377 17.8251441814937 17.8323160312138 17.9714499157853 17.9800561354496 18.2009491068311 17.8753471295349 18.1450086790137 18.1941358495969 18.2798394537531 18.3289666243363 18.6477553443983 18.8205969226547 18.8252586249728 15.7035422848592 -9999 -9999 -9999 -9999 -9999 -9999 -9999 -9999 -9999 -9999 -9999 -9999 -9999 -9999 -9999 -9999 -9999 -9999 -9999 -9999 -9999 -9999 -9999 -9999
16.8196508507244 16.8002868564799 17.5389873776585 16.9136020820588 16.8311258102767 17.1495559378527 17.2105166604742 17.322397516109 17.5619372967631 17.717566435691 17.5389873776585 17.4292580769397 17.5841700308956 17.5827356609516 17.6078371349722 17.6028168401681 17.5705435164273 17.5683919615112 17.6695150425658 17.7699209386483 17.5927762505598 17.9277016324922 17.8545487653464 17.7562944241799 17.6150089846924 17.8100832970813 17.840205065906 17.5547654470429 18.1589937859681 17.1330606834963 18.2213888785336 18.2931073757354 18.3440275087487 18.3511993584689 18.5785469945986 18.5681478125043 6.17475494865895 6.10499986354262 11.6465882538991 13.2399997040629 -9999 -9999 -9999 -9999 -9999 -9999 -9999 -9999 -9999 -9999 -9999 -9999 -9999 -9999 -9999 -9999 -9999 -9999 -9999 -9999 -9999 -9999
16.7149418448098 16.8347117351368 16.9179051918909 17.0900295851752 17.0441297469661 17.1796777066775 17.1918698512018 17.2714773830958 17.4493392561562 17.5404217476025 17.4923703544773 17.4615314006805 17.4185003023595 17.4364299266599 17.1976073309779 17.4880672446452 17.5769981811754 17.5511795221828 17.6544541581534 17.441450221464 17.7849818230607 17.7003539963625 17.4622485856526 17.5138859036379 17.8488112855703 17.9520859215409 17.8861049041152 17.5934934355319 17.598513730336 17.4636829555966 18.0983916558325 18.2332224305719 17.5676747765392 16.9472566509309 8.29947874672255 9.25149888162398 18.3821398789235 9.32219915324822 12.6149997180328 -9999 -9999 -9999 -9999 -9999 -9999 -9999 -9999 -9999 -9999 -9999 -9999 -9999 -9999 -9999 -9999 -9999 -9999 -9999 -9999 -9999 -9999 -9999
16.5686361105181 16.6905575557612 16.9544816254638 17.0699484059587 17.281517972704 17.3166600363329 17.3474989901297 17.4543595509604 17.4256721520796 17.4880672446452 17.6300698691048 17.5662404065952 17.3890957185067 17.3388927704655 17.2492446489632 17.28008360276 17.4873500596732 17.6687978575937 17.199758885894 17.2693258281797 17.7724310860503 16.4574724398553 17.4514908110723 17.4500564411283 17.4242377821356 17.4055909728631 17.5791497360915 17.7419507247396 17.5655232216232 17.400570678059 17.079988995567 18.1417813466396 17.5052796839736 17.1850053664696 18.3734320926014 17.1576498825369 20.1849995488301 10.3108615260571 9.99499977659434 -9999 -9999 -9999 -9999 -9999 -9999 -9999 -9999 -9999 -9999 -9999 -9999 -9999 -9999 -9999 -9999 -9999 -9999 -9999 -9999 -9999 -9999 -9999
17.0785546256229 17.1316263135523 17.2600024235435 17.2334665795788 17.4579454758205 17.5662404065952 17.5511795221828 17.5511795221828 17.5246436782181 17.6422620136291 17.6687978575937 17.5662404065952 17.5432904874906 17.7835474531166 17.6250495743006 17.9233985226601 17.9477828117087 17.9083376382478 17.9108477856498 16.9752799896523 17.91801963537 17.9198125978 17.4851985047571 17.5275124181062 17.5934934355319 17.7405163547955 17.7340616900474 17.8079317421652 17.3460646201856 16.920773931779 17.7003539963625 11.7985516364271 11.5449997419491 -9999 -9999 13.6052278061397 -9999 -9999 -9999 -9999 -9999 -9999 -9999 -9999 -9999 -9999 -9999 -9999 -9999 -9999 -9999 -9999 -9999 -9999 -9999 -9999 -9999 -9999 -9999 -9999 -9999 -9999
17.2284462847747 17.1667683771811 17.0756858857349 17.3769035739824 17.481612579897 17.6042512101121 17.560502926819 17.3446302502416 17.6228980193846 17.6114230598323 17.5074312388897 17.7118289559148 17.4278237069957 18.1249274997972 17.9233985226601 17.7864161930047 17.6185949095525 17.4823297648691 17.7627490889281 17.5318155279383 17.3647114294581 17.4665516954847 17.4995422041975 17.4328440017998 17.4765922850929 17.4077425277792 17.3826410537586 17.199758885894 17.5848872158676 17.6250495743006 18.1202657974791 18.0858409188222 18.2989643863402 14.3611999159228 -9999 -9999 -9999 -9999 -9999 -9999 -9999 -9999 -9999 -9999 -9999 -9999 -9999 -9999 -9999 -9999 -9999 -9999 -9999 -9999 -9999 -9999 -9999 -9999 -9999 -9999 -9999 -9999
16.6991637754254 17.0448469319381 16.9042786774226 17.3625598745421 17.4952390943654 17.5217749383301 17.4651173255406 17.480178209953 17.5375530077145 17.6193120945245 17.7412335397676 17.6888790368102 17.6917477766983 17.8925595688634 17.840205065906 17.7311929501593 17.8194067017175 17.8014770774171 17.4457533312961 17.797891152557 17.9621265111491 17.9542374764569 17.8896908289753 17.6508682332933 17.8194067017175 17.5633716667071 17.8129520369694 18.0073091643862 17.9277016324922 18.1105838003568 17.7053742911667 16.9829082298093 17.1802355172113 17.997268574778 12.1718770196955 4.99999988824129 -9999 -9999 -9999 -9999 -9999 -9999 -9999 -9999 -9999 -9999 -9999 -9999 -9999 -9999 -9999 -9999 -9999 -9999 -9999 -9999 -9999 -9999 -9999 -9999 -9999 -9999
-9999 -9999 -9999 -9999 7.15999983996153 17.6236152043566 17.3675801693462 17.480178209953 17.6300698691048 17.7419507247396 17.6895962217823 17.6594744529575 17.6465651234612 17.8610034300946 17.8523972104304 18.3526337284129 18.2292779132258 18.2888042659033 18.2418286502361 17.7527084993199 17.9997787221801 17.9678639909253 17.9850764302537 17.4751579151489 17.5873973632697 16.9720526572783 17.8007598924451 -9999 -9999 -9999 -9999 -9999 -9999 -9999 -9999 -9999 -9999 -9999 -9999 -9999 -9999 -9999 -9999 -9999 -9999 -9999 -9999 -9999 -9999 -9999 -9999 -9999 -9999 -9999 -9999 -9999 -9999 -9999 -9999 -9999 -9999 -9999
-9999 -9999 -9999 -9999 -9999 15.8358165061101 17.5963621754199 17.5683919615112 17.7046571061946 17.8595690601505 17.7075258460827 17.6680806726217 17.8308816612698 17.799325522501 18.0123294591904 17.5913418806158 17.6150089846924 17.8014770774171 18.2149342137855 17.6365245338529 17.8602862451226 17.8653065399267 17.9520859215409 17.3700903167482 16.5199996307492 -9999 -9999 -9999 -9999 -9999 -9999 -9999 -9999 -9999 -9999 -9999 -9999 -9999 -9999 -9999 -9999 -9999 -9999 -9999 -9999 -9999 -9999 -9999 -9999 -9999 -9999 -9999 -9999 -9999 -9999 -9999 -9999 -9999 -9999 -9999 -9999 -9999
