EcologicalScience/Bass/data/rs_data_bass/sst_458.asc
NCOLS 226 
NROWS 124 
XLLCORNER -9.41648524995501 
YLLCORNER 47.587301625531 
CELLSIZE 0.0833 
NODATA_value -9999 
[rows 0 to 26 of 124, columns 62 to 123 of 226]
-9999 -9999 -9999 -9999 -9999 -9999 -9999 -9999 -9999 -9999 -9999 -9999 -9999 -9999 -9999 -9999 -9999 -9999 -9999 -9999 -9999 -9999 -9999 -9999 -9999 -9999 -9999 -9999 -9999 -9999 -9999 -9999 -9999 -9999 -9999 -9999 -9999 -9999 -9999 -9999 -9999 -9999 -9999 -9999 -9999 -9999 -9999 -9999 -9999 -9999 -9999 -9999 -9999 -9999 -9999 -9999 -9999 -9999 -9999 -9999 -9999 -9999
-9999 -9999 -9999 -9999 -9999 -9999 -9999 -9999 -9999 -9999 -9999 -9999 -9999 -9999 -9999 -9999 -9999 -9999 -9999 -9999 -9999 -9999 -9999 -9999 -9999 -9999 -9999 -9999 -9999 -9999 -9999 -9999 -9999 -9999 -9999 -9999 -9999 -9999 -9999 -9999 -9999 -9999 -9999 -9999 -9999 -9999 -9999 -9999 -9999 -9999 -9999 -9999 -9999 -9999 -9999 -9999 -9999 -9999 -9999 -9999 -9999 -9999
-9999 -9999 -9999 -9999 -9999 -9999 -9999 -9999 -9999 -9999 -9999 -9999 -9999 -9999 -9999 -9999 -9999 -9999 -9999 -9999 -9999 -9999 -9999 -9999 -9999 -9999 -9999 -9999 -9999 -9999 -9999 -9999 -9999 -9999 -9999 -9999 -9999 -9999 -9999 -9999 -9999 -9999 -9999 -9999 -9999 -9999 -9999 -9999 -9999 -9999 -9999 -9999 -9999 -9999 -9999 -9999 -9999 -9999 -9999 -9999 -9999 -9999
-9999 -9999 -9999 -9999 -9999 -9999 -9999 -9999 -9999 -9999 -9999 -9999 -9999 -9999 -9999 -9999 -9999 -9999 -9999 -9999 -9999 -9999 -9999 -9999 -9999 -9999 -9999 -9999 -9999 -9999 -9999 -9999 -9999 -9999 -9999 -9999 -9999 -9999 -9999 -9999 -9999 -9999 -9999 -9999 -9999 -9999 -9999 -9999 -9999 -9999 -9999 -9999 -9999 -9999 -9999 -9999 -9999 -9999 -9999 -9999 -9999 -9999
-9999 -9999 -9999 -9999 -9999 -9999 -9999 -9999 -9999 -9999 -9999 -9999 -9999 -9999 -9999 -9999 -9999 -9999 -9999 -9999 -9999 -9999 -9999 -9999 -9999 -9999 -9999 -9999 -9999 -9999 -9999 -9999 -9999 -9999 -9999 -9999 -9999 -9999 -9999 -9999 -9999 -9999 -9999 -9999 -9999 -9999 -9999 -9999 -9999 -9999 -9999 -9999 -9999 -9999 -9999 -9999 -9999 -9999 -9999 -9999 -9999 -9999
-9999 -9999 -9999 -9999 -9999 -9999 -9999 -9999 -9999 -9999 -9999 -9999 -9999 -9999 -9999 -9999 -9999 -9999 -9999 -9999 -9999 -9999 -9999 -9999 -9999 -9999 -9999 -9999 7.47999983280897 6.22969755390659 8.22347177611664 9.05468915868551 9.2296822918579 8.94495985796675 9.06114382343367 9.2576525057666 8.76494642999023 9.70732748322189 9.70732748322189 9.39033172558993 9.49360636156052 9.57034515356645 9.56532485876232 9.22251044213772 9.87156284181401 9.54882960440591 10.0773949287832 10.0824152235873 8.93587551498786 9.37025054637343 9.42117067938671 9.82064270880073 10.0903042582795 10.1015401561745 10.2394787324592 10.2944629136473 10.2399568557739 10.2900402729865 10.2851395090111 9.92320015979931 9.94758444884792 10.1911882776767
-9999 -9999 -9999 -9999 -9999 -9999 -9999 -9999 -9999 -9999 -9999 -9999 -9999 -9999 -9999 -9999 -9999 -9999 -9999 -9999 -9999 -9999 -9999 -9999 -9999 -9999 -9999 8.75777458027005 8.54179944869663 9.2497634710744 8.85746329138055 8.77642138954252 8.95428326260298 8.91483808914199 9.37025054637343 9.55456708418205 9.19740896811709 9.65784172015265 9.4964751014486 9.68939785892144 9.78048035036772 9.94615007890388 9.92893763957545 9.88518935628235 9.71378214797005 10.0372325703502 10.1067995126359 10.1060823276639 10.0250404258259 10.4310866508167 10.2050538538024 9.96981718298048 9.92965482454747 9.94973600376397 10.109668252524 10.2103132102638 9.91459394013509 9.74851439161492 6.09988707397133 9.64780113054439 9.80845056427643 10.3102409830317
-9999 -9999 -9999 -9999 -9999 -9999 -9999 -9999 -9999 -9999 -9999 -9999 -9999 -9999 -9999 -9999 -9999 -9999 -9999 -9999 -9999 -9999 -9999 -9999 -9999 -9999 7.95986645529047 8.4450819324702 9.53484449745156 8.39559616940096 8.98225347651169 9.23972288146615 9.00592058058828 9.24689473118633 9.30713826883584 9.60907314205542 9.59831536747515 9.66142764501274 9.81777396891266 9.82638018857688 9.98487806739286 9.97196873789653 10.0673543391749 10.0149998362176 10.0401013102382 10.3649861025624 10.0752433738671 10.1448103161529 10.2003921514843 10.2075640012044 10.2740829073591 10.1699117901735 10.2366099925712 10.2602770966478 10.2911160504445 10.2251350330189 9.06401256332174 10.2748598577455 9.93037200951949 9.77976316539571 9.79840997466817 7.42022460745648
-9999 -9999 -9999 -9999 -9999 -9999 -9999 -9999 -9999 -9999 -9999 -9999 -9999 -9999 -9999 -9999 -9999 -9999 -9999 -9999 -9999 -9999 -9999 -9999 -9999 -9999 9.59472944261506 8.40993986884132 8.96790977707133 8.98870814125985 9.12138736108318 9.06759848818183 9.2017120779492 9.51153598586097 9.4369487487711 9.76470228098333 10.1333353566006 10.0472731599584 9.96479688817635 9.76183354109526 9.95117037370801 8.40491957403719 9.23972288146615 9.52277188375592 9.7344609813299 10.3556626979262 10.0631946663372 10.0666371542029 9.00018310081214 10.2947019753046 10.0867183334194 10.3585314378142 10.2947019753046 10.2997222701088 10.3800469869748 9.61767936171964 10.3965422413312 6.83285011537373 6.74965665861964 6.5847041150555 9.92606889968738 9.93061107117683
-9999 -9999 -9999 -9999 -9999 -9999 -9999 -9999 -9999 -9999 -9999 -9999 -9999 -9999 -9999 -9999 -9999 -9999 -9999 -9999 -9999 -9999 -9999 -9999 -9999 9.74083026691473 9.59974973741919 9.31431011855602 9.4369487487711 9.30426952894777 9.09341714717448 9.25191502599046 9.21605577738956 9.01022369042039 9.5803857431747 9.23541977163404 10.0544450096786 9.93682667426765 9.99204991711304 9.22466199705377 6.32508315518498 8.33965574158356 9.72549616917968 10.3155003394932 10.3317087198608 10.2146641324274 10.1136844883673 9.87986169649022 9.73191668226251 10.0719443229958 10.1428021982312 9.42726675164886 9.57106233853847 10.3018738250248 7.9789117006585 7.81897945189849 9.97182530090213 6.94759971089661 7.01214635837823 10.3115558221471 5.28875087061897 9.8684550402686
-9999 -9999 -9999 -9999 -9999 -9999 -9999 -9999 -9999 -9999 -9999 -9999 -9999 -9999 -9999 -9999 -9999 -9999 -9999 -9999 -9999 -9999 -9999 -9999 13.6698296216961 9.41901912447065 9.65927609009668 9.82781455852091 9.65927609009668 9.55169834429398 9.77259131567553 9.59042633278295 9.25263221096247 9.28633990464732 9.37742239609361 9.28490553470328 9.06903285812587 8.92344430880621 8.23996703047305 8.2098452616483 9.74270860850811 10.1459578121081 9.74940233491361 10.3430402424186 10.3751701291651 9.80486463941634 9.75753043126315 9.48500014189631 10.1313630979275 9.73864456033334 10.3962553673424 9.90414353054283 7.85770744038746 8.08218633662909 7.87635424965993 9.48332671029493 10.0350810154341 10.0171513911337 7.26029235869646 9.78550064517185 9.69178847549483 8.45010222727433
-9999 -9999 -9999 -9999 -9999 -9999 -9999 -9999 -9999 -9999 -9999 -9999 -9999 -9999 -9999 -9999 -9999 -9999 -9999 -9999 -9999 -9999 -9999 -9999 9.38746298570186 9.61983091663569 9.68222600920126 9.86941128689796 10.0085451714694 9.8034302694723 9.79912715964019 9.71378214797005 9.47639392223209 9.45631274301559 9.26912746531889 9.54596086451784 9.18521682359278 9.51583909569308 8.36475721560419 8.60357981128618 8.61075166100636 8.57776115229353 9.97196873789653 10.1931485832669 10.228823412875 10.2343150006607 9.45559555804357 9.4964751014486 9.56532485876232 9.99420147202909 10.1567155866884 9.6800744542852 9.58253729809076 9.57464826339856 9.73386332718655 8.68749045301229 10.2162897516973 9.725018045865 9.72334461426362 9.82064270880073 9.17876215884462 9.0424970141612
-9999 -9999 -9999 -9999 -9999 -9999 -9999 -9999 -9999 -9999 -9999 -9999 -9999 -9999 -9999 -9999 -9999 -9999 -9999 -9999 -9999 -9999 -9999 10.8349997578189 9.59114351775497 9.70230718841776 9.91387675516307 9.92033141991124 9.76398509601131 9.67792289936915 9.68652911903337 9.62915432127193 9.75394450640306 9.57393107842654 9.65066987043247 9.24330880632624 9.16226690448821 9.51297035580501 9.76900539081544 9.193823043257 9.07118441304192 8.77642138954252 9.99491865700111 10.0208397709898 9.89451276091859 9.75466169137508 9.67218541959301 9.78908657003194 9.87371439673007 10.1422489412528 9.65497298026457 9.71234777802601 10.0267138574272 9.79464475356508 9.68509474908933 9.55384989921004 9.58253729809076 9.64851831551641 9.74246954685077 9.35877558682114 8.73482466116548 8.77713857451454
-9999 -9999 -9999 -9999 -9999 -9999 -9999 -9999 -9999 -9999 -9999 -9999 -9999 -9999 -9999 -9999 -9999 -9999 -9999 -9999 -9999 10.837400520924 8.21468626020942 8.35758536588401 9.60763877211139 9.82207707874477 9.85219884756953 9.86152225220576 9.9468672638759 9.751792951487 9.96479688817635 9.84430981287733 9.68868067394942 9.63202306116 9.82566300360486 9.70087281847373 9.59114351775497 9.17517623398453 9.393200465478 9.03245642455295 8.95643481751904 8.73554184613749 9.34730062726885 9.20529800280929 9.99104585815221 10.0121310963295 9.7474898416549 9.83498640824109 9.8909268360585 8.98332925396971 9.88170588641827 9.86551799704986 9.84922765268545 10.0114139113575 8.25664158107247 8.27869501896203 9.54524367954582 9.51046020840295 9.52982420264743 9.06210007006302 9.11086864816025 8.58278144709766
-9999 -9999 -9999 -9999 -9999 -9999 -9999 -9999 -9999 -9999 -9999 -9999 -9999 -9999 -9999 -9999 -9999 -9999 -9999 -9999 10.9549997551367 10.0881527033634 8.30092775309458 9.4806970320642 9.60190129233524 9.74605547171086 9.50149539625272 9.63704335596412 9.86367380712181 9.80271308450028 10.0099795414135 9.81275367410854 10.0515762697905 9.66573075484484 9.72453992255032 9.67935726931319 9.47567673726007 10.0164342061616 9.831400483381 9.77761161047965 9.84430981287733 9.03317360952497 9.71521651791409 9.9043142888695 9.77043976075947 9.72406179923564 10.3391674435697 9.25478376587853 9.97698903270066 10.1679992969148 10.2839442007244 9.98810539976694 9.93313829441156 8.97006133198738 8.44316943921149 8.30006713112816 9.3573412168771 9.8751487666741 10.0415356801823 10.0411770876963 10.1094291908666 10.0020905067213
-9999 -9999 -9999 -9999 -9999 -9999 -9999 -9999 -9999 -9999 -9999 -9999 -9999 -9999 -9999 -9999 -9999 -9999 -9999 -9999 11.6099997404963 8.3651158080902 9.24856816278771 9.36020995676517 9.63776054093614 9.72095399769023 9.68868067394942 9.54380930960178 9.84287544293329 9.91602831007913 9.78836938505992 9.34012877754867 10.4151890506037 9.66214482998475 9.60548721719533 9.8034302694723 9.51512191072106 9.37025054637343 9.34371470240876 9.0984374419786 8.99516280600801 9.10058899689466 9.91339863184839 9.17517623398453 9.3372600376606 9.23470258666202 9.44985807826743 9.1500747599639 9.93252356443554 9.96909999800846 9.20013427101076 9.0981505679898 10.0741675964091 10.0601824894547 9.57321389345452 9.58002715068869 8.87969602551311 9.26769309537485 9.93969541415572 9.8751487666741 9.32004759833217 8.76422924501821
-9999 -9999 -9999 -9999 -9999 -9999 -9999 -9999 -9999 -9999 -9999 -9999 -9999 -9999 -9999 -9999 -9999 -9999 10.2228509547928 9.14362009521574 8.48524429090321 9.1500747599639 9.29709767922759 9.4010895001702 9.43121126899496 9.74031799193472 9.72167118266225 9.78550064517185 9.25836969073862 9.59042633278295 9.49504073150456 10.1598712005652 9.59562592383008 10.0652027842589 9.87873469153419 9.91746268002316 9.83498640824109 9.19454022822902 9.26769309537485 9.14505446515977 9.05182041879743 9.06975004309788 9.64744253805839 9.72423255756231 9.71439687794607 9.80414745444432 9.78478346019983 9.45774711295962 10.0590349934995 8.34360025892965 9.98882258473895 9.75519958010409 9.47209081239998 10.390087576583 9.54667804948986 9.35913417930715 10.1247291369364 9.91566971759312 9.26482435548678 8.955000447575 8.86822106596082 9.12784202583134
-9999 -9999 -9999 -9999 -9999 -9999 -9999 -9999 -9999 -9999 -9999 -9999 -9999 -9999 -9999 -9999 7.54177067503333 8.77752475103793 8.44651630241424 8.28084657387808 8.38196965493262 8.55767997307703 9.37957395100966 9.05899226851761 9.31789604341611 9.65784172015265 9.67218541959301 9.84072388801724 9.56604204373434 9.62126528657973 9.24761191615835 8.14529861416668 8.08003478171304 10.0451216050424 10.1778008248657 10.0960417380556 10.2208319231868 9.26984465029091 9.73673206707463 9.65497298026457 9.5047227286268 9.3640349432826 9.50460319779813 9.67469556699507 10.0953245530836 9.90395569638349 9.41973630944267 9.74605547171086 9.88016906147823 9.85865351231769 9.7198782202322 10.0099795414135 9.76518040429801 9.92248297482729 9.96503594983369 9.94160790741444 9.63417461607605 9.60778220910579 9.75806831999216 9.39845982193947 9.36905523808673 8.3296151519753
-9999 -9999 -9999 -9999 -9999 -9999 -9999 -9999 -9999 -9999 -9999 -9999 -9999 -9999 -9999 -9999 7.95659656655043 7.57513656141236 8.31885737739503 8.21916866628453 8.21701711136848 8.53401286900043 8.80726034333929 8.92631304869428 9.10704366164282 9.16298408946022 9.51368754077703 9.40826134989038 9.79195530992001 9.8270973735489 9.67003386467695 9.98989836219698 10.469695108477 9.75233084021602 10.309762859717 9.86510817706585 9.83426922326908 9.9827265124768 9.99491865700111 9.37527084117755 9.39654732868075 9.66429638490081 9.30111391507089 9.90240179561079 9.98846399225295 10.0415356801823 9.87012847186998 9.93969541415572 9.88518935628235 9.81490522902459 8.96002074237913 9.71306496299803 9.64780113054439 9.66716512478888 9.77528075932059 10.0553414908936 9.90885646035895 9.51440472574905 9.81759467266966 9.52964490640443 9.14505446515977 9.58468885300681
-9999 -9999 -9999 -9999 -9999 -9999 -9999 -9999 -9999 -9999 -9999 -9999 -9999 -9999 -9999 -9999 -9999 -9999 6.23884081255459 8.1223486950621 8.37981810001656 8.55696278810501 8.55696278810501 9.33941159257665 8.91268653422594 8.85818047635257 9.35518966196105 9.61481062183157 9.67218541959301 9.70589311327785 9.83857233310118 9.34299751743674 9.72167118266225 9.71145129681099 9.07261878298596 9.78980375500396 9.75035858154297 10.1297494317405 9.69746618985664 9.41973630944267 9.59401225764304 9.91029083030298 9.58164081687573 9.42590410020202 10.1175572872162 10.2251350330189 10.2036194838583 10.1648914953694 9.64995268546045 10.0860011484474 10.0860011484474 9.13142795069143 8.94739828687161 9.25062409304082 9.30857263877988 9.69513533869758 9.63094728370197 9.52319024165627 9.73045669856947 9.77330850064754 9.68348108290229 9.74229025060777
-9999 -9999 -9999 -9999 -9999 -9999 -9999 -9999 -9999 -9999 -9999 -9999 -9999 -9999 7.98964787328178 9.00725249553632 8.85766820137256 9.21497999993153 8.41890468099155 7.77523116860539 8.79076508898288 8.88686787523329 9.03173923958093 9.31072419369593 9.41758475452662 9.0267189447768 8.62652973039076 8.96002074237913 9.20816674269736 9.41256445972249 9.3888973556459 9.49288917658851 9.49934384133667 9.33008818794042 9.38244269089773 9.38746298570186 9.47065644245595 9.98989836219698 9.69800407858565 9.71019622310996 10.1297494317405 9.95762503845617 10.2201147382148 9.41815850250423 9.6797875802964 9.60061035938561 10.2602770966478 9.44985807826743 9.82351144868881 9.73780784453265 8.69294105879962 9.91301613319665 9.38717611171305 9.51999876853079 9.07218847200275 9.60136340360623 9.56120104517322 9.61319695564453 9.57823418825865 9.33037506192923 9.43106783200055 9.38803673367947
-9999 -9999 -9999 -9999 -9999 -9999 -9999 -9999 -9999 -9999 -9999 -9999 -9999 8.30523086292669 8.19765311712399 8.14745016908273 8.3253120421432 8.8273415225558 8.52827538922429 8.06425671232864 8.69753104262054 9.29853204917163 9.44412059849128 9.37742239609361 9.20027770800516 9.13573106052354 9.23111666180193 9.15939816460013 9.11923580616713 9.21892451727763 9.21246985252947 9.47782829217613 9.41113008977845 9.48284858698025 9.33654285268858 9.57823418825865 9.79123812494799 9.19525741320103 9.76470228098333 9.8034302694723 9.90527053549886 10.0601824894547 9.88518935628235 9.97770621767268 9.52473218934611 9.67505415948108 9.88016906147823 10.0752433738671 9.66716512478888 9.70947903813794 9.79518264229409 9.5643207998015 9.87048706435598 9.23914913348854 9.42726675164886 9.26482435548678 9.61050751199946 9.57662052207161 9.59759818250313 8.90001626638696 9.09054840728641 9.36867273943499
-9999 -9999 -9999 -9999 -9999 -9999 -9999 -9999 -9999 -9999 10.9003866388158 8.1302377297543 8.24642169522122 8.34682759130374 8.19478437723592 8.70900600217283 9.4010895001702 9.06006804597564 7.98221075152978 7.44532608147711 7.98990853689611 9.69011504389346 9.53520308993757 8.90623186947778 9.36092714173719 9.49504073150456 9.25263221096247 9.32363352319226 9.14577165013179 9.08337655756623 9.23541977163404 9.43192845396698 9.57536544837058 9.66644793981686 9.65855890512466 9.59257788769901 9.34658344229683 9.58110292814672 9.53950619976968 9.51727346563712 9.27127902023494 9.48571732686833 9.11278114141896 8.92559586372226 10.1046479577199 9.7155751104001 9.9827265124768 9.76470228098333 9.63668476347812 9.16757407328114 9.18894618544727 9.27974180290476 9.23341165371239 9.77976316539571 9.21906795427203 9.59257788769901 9.34604555356782 9.43515578634106 9.29996641911566 9.39133578455076 8.42141482839361 9.33051849892363
-9999 -9999 -9999 -9999 -9999 -9999 -9999 -9999 -9999 -9999 -9999 14.7160598662137 9.0267189447768 8.88352101203054 7.70620211504865 7.19502852624282 11.9199997335672 -9999 -9999 9.22999979369342 -9999 9.70746530524498 7.68271430721506 9.50006102630869 9.47567673726007 9.64062928082421 9.4527268181555 9.47639392223209 9.44053467363119 9.39463483542204 9.25406658090651 9.65640735020861 9.44555496843532 9.69872126355767 9.4168675695546 9.5323343500495 9.5445264945738 9.32004759833217 9.193823043257 9.57464826339856 9.23470258666202 9.5681935986504 9.72095399769023 8.89284441666678 10.0852839634754 9.18641213187948 9.69154941383749 9.20314644789323 9.6438566131983 8.80295723350719 9.37541427817196 9.28691365262494 9.23341165371239 9.27830743296072 9.28447522372007 9.36264838567004 9.29279456939548 9.29566330928355 9.35447247698903 9.04450513208285 8.78024637605995 9.37168491631746
-9999 -9999 -9999 -9999 -9999 -9999 -9999 -9999 -9999 -9999 -9999 -9999 -9999 -9999 -9999 -9999 -9999 -9999 -9999 -9999 -9999 -9999 -9999 -9999 -9999 10.8135853025597 9.61481062183157 9.43408000888303 9.5086672459729 9.5244453153573 9.5603045639582 9.49790947139263 9.47209081239998 9.6162449917756 9.61194188194349 9.60763877211139 9.61409343685955 9.68079163925722 9.58253729809076 9.75681324629113 9.93180637946352 9.75681324629113 9.27916805492714 9.97770621767268 10.0200201310217 9.353396699531 9.76470228098333 9.62795901298523 8.24164046207443 7.22323780180886 9.13501387555152 9.10446179574356 8.74235510337166 9.29458753182553 8.59102907427587 9.15954160159454 9.40861994237639 9.08373515005223 9.20135348546319 8.47807244118303 8.56574830401223 9.64995268546045
-9999 -9999 -9999 -9999 -9999 -9999 -9999 -9999 -9999 -9999 -9999 -9999 -9999 -9999 -9999 -9999 -9999 -9999 -9999 -9999 -9999 -9999 -9999 -9999 -9999 10.6396679468453 9.49814853304997 9.59759818250313 9.39893794525415 9.45129244821146 9.43838311871514 9.48643451184034 9.40395824005827 9.44340341351926 9.50006102630869 9.54882960440591 9.63632617099211 9.50436413614079 9.55958737898618 9.59186070272699 9.29638049425557 9.4247566042468 9.78478346019983 9.18055512127466 9.46276740776375 9.87012847186998 9.88016906147823 9.44842370832339 9.62987150624394 9.05002745636739 9.18679463053122 9.4408932661172 8.96145511232316 9.35841699433513 8.86506545208394 9.17517623398453 9.19023711839691 9.03126111626625 8.97310936811846 9.01614046643954 8.80510878842324 8.35017445450649
-9999 -9999 -9999 -9999 -9999 -9999 -9999 -9999 -9999 -9999 -9999 -9999 -9999 -9999 -9999 -9999 -9999 -9999 -9999 -9999 -9999 -9999 -9999 -9999 -9999 -9999 -9999 9.77444947673939 8.9827913652407 9.40969571983442 9.4290597140789 9.23111666180193 9.38961454061791 9.60046692239121 9.57106233853847 9.48356577195227 9.5681935986504 9.49288917658851 9.56962796859443 9.43121126899496 9.41830193949863 9.49934384133667 9.47495955228806 8.83336587632075 9.09628588706255 9.11292457841337 9.74246954685077 9.02169864997268 8.62796410033479 8.98548080888577 8.91806542151608 8.4809411810711 8.13382365461439 8.79607225777581 8.81801811791956 9.03652047272772 9.18736837850884 9.16642657732591 8.4925954368664 8.42213201336563 9.01395305227488 9.22322762710974
