EcologicalScience/Bass/data/rs_data_bass/sst_289.asc
NCOLS 226 
NROWS 124 
XLLCORNER -9.41648524995501 
YLLCORNER 47.587301625531 
CELLSIZE 0.0833 
NODATA_value -9999 
[rows 27 to 53 of 124, columns 62 to 123 of 226]
-9999 -9999 -9999 -9999 -9999 -9999 -9999 -9999 -9999 -9999 -9999 -9999 -9999 -9999 -9999 -9999 -9999 -9999 -9999 -9999 -9999 -9999 -9999 -9999 -9999 -9999 -9999 -9999 12.5299997199327 11.1367438473349 7.09964292496443 6.88090150849894 6.93971067620441 5.90911587141454 5.77679524407722 5.93744467780925 5.68391979020089 5.97222814895213 7.98034607060254 6.01239050738513 5.58566544903442 4.59595018764958 6.01023895246908 6.08984648436308 6.13718069251627 6.1343119526282 6.17160557117313 6.1823633457534 6.16730246134102 5.19193089939654 6.31647693552077 6.67506942152977 6.21535385446623 4.70783104328439 6.49577317852527 6.35520492400974 6.69013030594215 6.59402751969174 6.58004241273738 5.40780357597396 6.82621615438256 6.94018879951909
-9999 -9999 -9999 -9999 -9999 -9999 -9999 -9999 -9999 -9999 -9999 -9999 -9999 -9999 -9999 -9999 -9999 -9999 -9999 -9999 -9999 -9999 -9999 -9999 -9999 -9999 -9999 -9999 -9999 -9999 9.78499978128821 4.4477687388157 5.80117953312583 6.51226843288168 5.67997527285479 5.82986693200655 6.18272193823941 6.29137546150014 6.72670673951507 6.59689625957981 5.92919705063105 5.90552994655445 5.93852045526728 6.04466383112594 6.14722128212452 6.17734305094928 6.14004943240434 6.10490736877546 6.16658527636901 6.31002227077261 6.29280983144417 6.53593553695828 6.5366527219303 6.25551621289924 6.6722006816417 5.10013122297823 5.19479963928461 6.53378398204222 6.57430493296124 5.40708639100194 5.48597673792392 5.78504287125543
-9999 -9999 -9999 -9999 -9999 -9999 -9999 -9999 -9999 -9999 -9999 -9999 -9999 -9999 -9999 -9999 -9999 -9999 -9999 -9999 -9999 -9999 -9999 -9999 -9999 -9999 -9999 -9999 -9999 -9999 -9999 12.184999727644 5.62209844561294 5.66563157341443 5.63694417453371 6.2781075395178 5.75133517757058 6.09092226182111 6.32723471010104 6.32831048755907 6.06976530514657 5.99374369811267 6.14686268963851 6.0547044207342 6.09486677916721 6.17160557117313 6.15941342664883 6.65298012439162 5.31743826949969 6.19527267524973 6.69486372675747 5.74272895790637 6.76199224013835 6.60765403416008 6.54023864679039 5.39776298636571 5.69969785958529 5.18977934448048 6.97426595212892 5.25504317693412 6.54239020170644 2.3102816818282
-9999 -9999 -9999 -9999 -9999 -9999 -9999 -9999 -9999 -9999 -9999 -9999 -9999 -9999 -9999 -9999 -9999 -9999 -9999 -9999 -9999 -9999 -9999 -9999 -9999 -9999 -9999 -9999 -9999 -9999 -9999 11.517159351087 7.36249121720903 4.78200846039025 6.44987334031612 6.35054322169162 6.39680165238678 6.11136203352362 6.23615221865475 6.25981932273135 6.03534042648971 5.9313486055471 5.9872890333645 6.03462324151769 6.13718069251627 6.126422917936 6.1823633457534 6.15511031681672 2.08006530581042 6.14220098732039 5.30237738508731 6.28492079675198 6.29639575630426 6.50796532304958 6.58972440985963 6.7001708955504 5.96864222409204 6.66897334926762 6.62576295470353 6.60084077692591 6.54525894159451 2.1152073694393
-9999 -9999 -9999 -9999 -9999 -9999 -9999 -9999 -9999 -9999 -9999 -9999 -9999 -9999 -9999 -9999 -9999 -9999 -9999 -9999 -9999 -9999 -9999 -9999 -9999 -9999 -9999 -9999 -9999 -9999 -9999 12.0249997312203 7.11183506948873 5.71547592896968 5.6765686442377 6.3774376581423 6.12803658412304 5.98961988452356 6.19670704519376 6.25336465798318 6.11494795838371 2.98515274049714 6.00593584263697 6.05255286581814 6.14506972720847 6.17160557117313 6.1902523804456 6.42046875646338 6.20029297005385 6.20531326485798 6.22467725910246 6.26268806261942 6.27990050194785 6.53593553695828 6.64207891281694 6.41975157149136 6.7202520747669 6.68242056749295 5.30094301514328 4.8756523267366 6.94860376985744 6.81434674309567
-9999 -9999 -9999 -9999 -9999 -9999 -9999 -9999 -9999 -9999 -9999 -9999 -9999 -9999 -9999 -9999 -9999 -9999 -9999 -9999 -9999 -9999 -9999 -9999 -9999 -9999 -9999 -9999 -9999 -9999 -9999 -9999 8.79004790401086 6.29603716381826 6.39393291249871 6.35448773903772 6.02232864199738 6.29962308867835 5.09511092817411 5.01980650611222 6.35126040666364 3.19026764249429 3.30286568310112 4.89501632098109 5.98513747844845 6.13718069251627 6.15797905670479 6.44090852816589 2.57994323130697 2.6251258845441 5.10228277789429 6.25479902792722 6.22467725910246 6.01328698860016 5.74272895790637 5.81014434527606 6.72921688691713 6.95835748547688 6.53521835198626 6.43481245590374 6.84116946104914 6.81362955812365
-9999 -9999 -9999 -9999 -9999 -9999 -9999 -9999 -9999 -9999 -9999 -9999 -9999 -9999 -9999 -9999 -9999 -9999 -9999 -9999 -9999 -9999 -9999 -9999 -9999 -9999 -9999 -9999 -9999 -9999 -9999 -9999 10.980932116478 9.12748343334533 6.10625209059799 6.41365549922921 6.47138888947666 6.46995451953262 5.46661274367943 5.35042877821252 5.3059633099474 6.38281654543243 2.9435560121201 2.67604601755738 4.32126834336668 5.52613909635693 5.35329751810059 6.10992766357958 6.46601000218652 6.30105745862238 6.76299629909918 6.75252539850771 5.49996184487827 6.71116773178801 4.50271614128724 5.65164646646008 5.98442029347643 6.45489363512024 6.39465009747073 2.8797265496105 4.64973906055093 4.03152561467141
-9999 -9999 -9999 -9999 -9999 -9999 -9999 -9999 -9999 -9999 -9999 -9999 -9999 -9999 -9999 -9999 -9999 -9999 -9999 -9999 -9999 -9999 -9999 -9999 -9999 -9999 -9999 -9999 -9999 -9999 -9999 -9999 -9999 8.53076886878184 6.00752958701923 6.00593584263697 6.41544846165925 4.93517867941409 5.05566575471312 5.23998229252174 4.72719503752887 6.32257300778292 6.28492079675198 6.42584764375351 5.51609850674868 6.02027954207733 5.1065858877264 4.96816918812692 6.564622935839 6.51585435774177 6.42979216109961 2.81589708710089 3.03965879837051 1.92013305705041 6.94788658488542 6.96481215022504 6.75539413839579 6.30500197596848 6.42477186629549 6.49003569874913 6.56031982600689 4.74512466182932
-9999 -9999 -9999 -9999 -9999 -9999 -9999 15.8984879772747 8.36021504411474 11.1816641897894 7.21737159652492 8.35815458095865 21.089685799417 8.32999120416006 8.41999981179833 -9999 -9999 -9999 -9999 -9999 -9999 -9999 -9999 -9999 -9999 -9999 -9999 -9999 -9999 -9999 -9999 -9999 -9999 -9999 7.10987911047414 7.56820377334952 6.42792748017237 6.71666614990681 5.5490890154615 5.92919705063105 4.30979338381439 6.61303292145021 6.49398021609522 4.19504378829151 4.72504348261282 6.16730246134102 6.10490736877546 5.91915646102279 6.55529953120276 6.58040100522339 6.57215337804519 6.6323969156947 6.61912899371237 3.29497664840892 7.00597856761888 7.00091046048328 6.76400035806 6.71415600250475 6.42477186629549 6.75073243607767 6.46493422472849 6.45489363512024
-9999 -9999 -9999 -9999 16.2849996360019 16.007080277428 15.7323984331451 10.4707984699724 8.65736868418753 8.64374216971919 12.2919473727792 19.9740052808235 23.9099994655699 -9999 -9999 -9999 -9999 -9999 -9999 -9999 -9999 -9999 -9999 -9999 -9999 -9999 -9999 -9999 -9999 -9999 -9999 -9999 -9999 -9999 7.54670995706692 7.80646131420508 7.07425457695499 7.37274696230888 7.23461713669822 7.33057648595423 6.91460920218378 7.38723409874365 6.26663257996552 4.1986297131516 4.58017211826518 4.58519241306931 6.15511031681672 5.76281013712287 5.57490767445415 4.29616686934605 6.67650379147381 6.67722097644582 6.92847477830946 6.97819960303605 2.08508560061455 2.55986205209047 7.0388256393373 2.26007873378694 6.82089703250676 6.89094209810719 6.90026550274342 6.41975157149136
8.17326882807538 9.58253729809076 7.2419324234128 9.39252546785728 6.91335412848275 7.16956845973618 8.40778831392527 7.76160465413705 8.58493300201371 16.0331548613485 -9999 -9999 -9999 -9999 -9999 -9999 -9999 -9999 -9999 -9999 -9999 -9999 -9999 -9999 -9999 -9999 -9999 -9999 -9999 -9999 -9999 -9999 -9999 -9999 13.489999698475 7.23246558178216 7.46770225260407 7.68787803901359 7.7042298563756 6.50724813807756 6.99349954910576 7.27248450322077 7.76519057899714 6.24439984583296 6.246192808263 5.29592272033915 5.08220159867778 5.70471815438941 5.87397380778566 6.05972471553832 6.04824975598603 6.6402859503869 6.96122622536495 7.00473544700071 3.31577501259744 4.32270271331072 6.29639575630426 6.35663929395378 6.34516433440149 4.21010467270389 6.867418431025 6.9511856357567
7.0150150982663 8.28385875076055 7.36876658571418 9.29494612431154 6.01525924727321 6.92799665499479 6.83051926421467 6.83822900266387 7.51471372751985 16.7749996250495 -9999 -9999 -9999 -9999 -9999 -9999 -9999 -9999 -9999 -9999 -9999 -9999 -9999 -9999 -9999 -9999 -9999 -9999 -9999 -9999 -9999 -9999 -9999 -9999 -9999 11.6840941760955 7.89801323581487 7.67253028061241 7.47401348035783 7.44030578667298 7.79029205301777 7.20865504071116 7.31049530673772 6.74965665861964 6.16837823879905 6.16801964631304 6.13718069251627 6.09988707397133 6.48286384902894 6.06474501034245 6.02601702185348 6.97571336179972 7.03021941967309 7.11900691920891 6.24260688340291 6.16156498156488 6.43983275070786 6.30141605110839 6.29496138636023 6.44485304551199 6.3975188373588 6.39034698763862
7.82953231648675 6.74850916266441 6.91360514322296 7.24003188323695 7.2100894106552 9.19597459817305 9.19023711839691 6.72186574095394 7.15925365234451 -9999 -9999 -9999 -9999 -9999 -9999 -9999 -9999 -9999 -9999 -9999 -9999 -9999 -9999 -9999 -9999 -9999 -9999 -9999 -9999 -9999 -9999 -9999 -9999 -9999 -9999 -9999 13.0085299094208 7.44446545951068 7.43614611383528 6.98489332944155 7.4051637230441 7.95524459658191 6.44772178540006 6.33153781993315 7.06234930641949 6.83285011537373 6.68080690130591 6.45525222760625 7.11972410418093 7.06306649139151 6.46959592704661 6.69784004439134 5.02482680091634 5.06140323448926 5.98800621833652 5.87253943784162 6.50653095310554 5.2622150266543 6.91939043533057 7.27965635294095 4.69779045367613 6.39465009747073
7.26889857836068 6.66861475678161 5.71762748388574 5.63156528724357 10.2215491081588 10.0831324085593 10.4223609003238 7.03805466549238 12.7897884929553 -9999 -9999 -9999 -9999 -9999 -9999 -9999 -9999 -9999 -9999 -9999 -9999 -9999 -9999 -9999 -9999 -9999 -9999 -9999 -9999 -9999 -9999 -9999 -9999 -9999 -9999 -9999 -9999 -9999 -9999 -9999 8.66192711186968 13.7083861418446 5.34612566838041 4.7522965115495 5.47019866853952 5.44796593440697 5.30381175503135 5.31313515966758 6.18092897580937 6.34516433440149 6.02924435422756 6.05846964183729 5.24930569715798 5.12164677213877 7.03796501737088 7.02123070135713 6.12498854799196 6.76423941971734 7.28252509282902 7.30762656684965 6.41760001657531 6.42477186629549
6.14722128212452 6.12857447285205 6.8278298205696 5.90911587141454 5.93852045526728 5.93493453040719 9.7596819861792 12.5906842840569 16.0249996418133 -9999 -9999 -9999 -9999 -9999 -9999 -9999 -9999 -9999 -9999 -9999 -9999 -9999 -9999 -9999 -9999 -9999 -9999 -9999 -9999 -9999 -9999 -9999 -9999 -9999 -9999 -9999 -9999 -9999 -9999 -9999 -9999 -9999 -9999 12.8556645564826 5.66025268612429 5.86034729331732 5.93565171537921 5.57419048948213 6.5050965831615 6.48860132880509 6.49003569874913 7.74510939978063 9.1500747599639 6.44090852816589 6.06761375023052 6.99851984390989 6.1027558138594 6.96959338337183 6.29496138636023 6.29352701641619 6.11566514335573 6.18021179083735
7.07525863591582 7.48979154974222 7.96385081624612 7.62103639962152 6.0030671027489 6.91676075709984 8.29016997851431 8.92272712383419 8.27394366852241 15.1699996609241 -9999 -9999 -9999 -9999 -9999 16.1899624452926 -9999 -9999 -9999 -9999 -9999 -9999 -9999 -9999 -9999 -9999 -9999 -9999 -9999 -9999 -9999 -9999 -9999 -9999 -9999 -9999 -9999 -9999 -9999 -9999 -9999 -9999 -9999 -9999 6.57007864794535 5.93995482521132 6.22467725910246 5.98011718364432 6.2698599123396 6.53019805718213 6.52732931729406 7.06937771914527 7.77666553854942 8.06569108227268 5.86967069795355 5.93852045526728 6.3057191609405 6.40827661193907 6.51513717276976 6.30285042105243 6.75539413839579 6.24906154815108
9.30857263877988 8.62150943558663 6.92967008659616 6.6485335775651 7.78742331312969 7.61099581001326 6.9074373524636 5.62224188260734 6.18021179083735 13.1221524999876 15.6599996499717 -9999 -9999 -9999 -9999 -9999 -9999 -9999 -9999 -9999 -9999 -9999 -9999 -9999 -9999 -9999 -9999 -9999 -9999 -9999 -9999 -9999 -9999 -9999 -9999 -9999 -9999 -9999 -9999 -9999 -9999 -9999 -9999 -9999 -9999 11.7703269143476 8.18312068479626 4.98968473728746 6.94745627390221 6.55027923639864 6.98790550632402 6.91245764726773 6.83012481248006 6.90428173858672 7.97532577579841 5.72479933360592 6.96151309935376 6.90313424263149 6.72885829443112 6.78264716733247 6.61410869890824 6.21248511457816
9.00950650544837 8.05995360249653 7.98751792032272 9.17374186404049 7.72717977548018 7.27248450322077 7.84264655597508 7.42811364214867 9.36164432670921 9.3293710029684 9.27036623936146 12.2140046354203 15.933119746829 -9999 9.73952749472111 -9999 21.5952912339278 15.4418743809844 -9999 -9999 -9999 -9999 -9999 -9999 -9999 -9999 -9999 -9999 -9999 -9999 -9999 -9999 -9999 -9999 -9999 -9999 -9999 -9999 -9999 -9999 -9999 -9999 -9999 -9999 -9999 8.8399998024106 13.4949996983632 10.9099988689646 5.00474562169984 7.02792442776263 6.96538589820266 6.80946988528594 6.84719381481409 6.7876674621366 7.61027862504125 6.16156498156488 6.34803307428956 6.73871958779637 6.9549149976112 6.55027923639864 6.53450116701424 6.46636859467253
9.36307869665325 9.7675710208714 8.88973661512136 7.71713918587193 8.63011565525085 8.1739860130474 7.40157779818401 5.9750968888402 6.8794671385549 5.31528671458364 6.79304634942673 6.5196793442592 16.079999640584 10.9836511093502 6.85252147460622 8.6905982545577 9.39090547356755 9.25216815009823 -9999 -9999 -9999 -9999 -9999 -9999 -9999 -9999 -9999 -9999 -9999 -9999 -9999 -9999 -9999 -9999 -9999 -9999 -9999 -9999 -9999 -9999 -9999 -9999 -9999 -9999 -9999 -9999 -9999 -9999 7.80969379383973 5.50964384200051 6.99120455719531 6.89596239291131 6.06976530514657 1.98467970453203 6.14363535726443 6.65122302121017 6.61482588388026 6.79466001561377 6.41975157149136 6.41473127668723 6.54669331153855 6.53593553695828
8.73482466116548 8.80295723350719 9.94973600376397 8.72693562647328 8.15749075869098 7.640400393866 9.18091371376067 5.97366251889616 6.8278298205696 6.77726828004234 6.81241034367122 6.87659839866683 6.88233587844297 7.05148907684322 7.82274467300158 7.46182133583352 14.9849996650591 11.8814835954124 -9999 -9999 -9999 -9999 -9999 -9999 -9999 -9999 -9999 -9999 -9999 -9999 -9999 -9999 -9999 -9999 -9999 -9999 -9999 -9999 -9999 -9999 -9999 -9999 -9999 -9999 -9999 -9999 -9999 -9999 6.92003931697192 7.06980803012848 7.0187444601208 5.74918362265453 5.73268836829811 4.49482710659504 5.02482680091634 6.62020477117039 6.68797875102609 6.58757285494357 6.52230902248994 6.2820520568639 6.06833093520254 6.03247168660164
7.16347238747403 7.51632739370689 7.79100923798978 7.16562394239008 8.03843805333599 6.8715781038627 5.8954893569462 5.85747855342925 6.00234991777688 6.89847254031338 6.93074586405419 7.00533310114406 8.35758536588401 8.67529830848798 7.48244040377904 7.45345417782664 18.5310559022328 -9999 -9999 -9999 -9999 -9999 -9999 -9999 -9999 -9999 -9999 -9999 -9999 -9999 -9999 -9999 -9999 -9999 -9999 -9999 -9999 -9999 -9999 -9999 -9999 -9999 -9999 -9999 -9999 -9999 -9999 -9999 6.94831689586863 7.02003539307043 4.46255378285423 6.19240393536165 6.85241901961022 1.71716970996931 6.82639545062557 6.71351053602993 6.47497481433675 6.91174046229571 6.32723471010104 6.42477186629549 6.45274208020419 6.52159183751792
7.49624621449038 7.05374308675528 7.07669300585985 6.88592180330306 7.55792412208393 6.53234961209819 5.91055024135858 6.77762687252834 6.40827661193907 7.22837762744166 9.1421857252717 7.16849268227816 8.16466260841116 7.46361429826356 9.14275947324932 6.69999985024333 -9999 -9999 -9999 -9999 -9999 -9999 -9999 -9999 -9999 -9999 -9999 -9999 -9999 -9999 -9999 -9999 -9999 -9999 -9999 -9999 -9999 -9999 -9999 -9999 -9999 -9999 -9999 -9999 -9999 -9999 -9999 -9999 9.4898021630133 7.09431526517229 1.97248756000772 1.51635791780427 1.82976775057614 6.84289070498198 5.40995513089001 6.08769492944703 6.36524551361799 6.60406810929999 6.53521835198626 6.59689625957981 6.55027923639864 6.35448773903772
6.53521835198626 6.49218725366518 6.63347269315273 7.00640887860209 7.79459516284987 6.43624682584777 6.49720754846931 7.32699056109414 6.61410869890824 6.27488020714372 7.4969633994624 10.1003448478878 10.1519821658731 7.51489302376285 9.33668628968298 -9999 -9999 -9999 -9999 -9999 -9999 -9999 -9999 -9999 -9999 -9999 -9999 -9999 -9999 -9999 -9999 -9999 -9999 -9999 -9999 -9999 -9999 -9999 -9999 -9999 -9999 -9999 -9999 -9999 -9999 -9999 -9999 -9999 -9999 10.3534267683075 2.2027039360255 2.40495009813458 4.7522965115495 6.73643996413531 6.57466352544725 6.60478529427201 6.64136172784492 6.61410869890824 6.61984617868438 5.29520553536713 6.59689625957981 6.57466352544725
6.40397350210696 6.48931851377711 6.08195744967088 6.92536697676405 6.68654438108206 6.12714010290802 6.17160557117313 5.89692372689024 5.92776268068701 7.5048524341546 7.15988646261394 7.48405406996608 7.68881037947722 7.80391856748611 13.747161025602 14.6856858397736 -9999 -9999 -9999 -9999 -9999 -9999 -9999 -9999 -9999 -9999 -9999 -9999 -9999 -9999 -9999 -9999 -9999 -9999 -9999 -9999 -9999 -9999 -9999 -9999 -9999 -9999 -9999 -9999 -9999 -9999 5.40240336696844 4.96099733840674 12.7349997153506 -9999 11.5949583295733 10.2280993975699 6.77916369746838 6.54023864679039 6.68511001113802 6.64781639259309 6.59402751969174 6.18738364055753 6.64115681785292 5.89764091186225 6.61984617868438 6.14578691218048
6.53378398204222 6.48573258891702 6.29854731122032 6.16299935150892 6.1622821665369 6.03247168660164 6.06474501034245 6.00880458252504 5.9750968888402 6.69515060074627 6.81025878875516 7.62605669442564 7.94341104454361 7.69132052687928 14.2138937270793 -9999 -9999 -9999 -9999 -9999 -9999 -9999 -9999 -9999 -9999 -9999 -9999 -9999 -9999 -9999 -9999 -9999 -9999 -9999 -9999 -9999 -9999 -9999 -9999 -9999 -9999 -9999 -9999 -9999 -9999 -9999 -9999 -9999 9.93638936635788 12.3611509413458 10.0926445460829 10.527901840806 10.3572471763527 8.0905056823045 6.6800897163339 6.14506972720847 5.9033783916384 5.84026611410081 5.78719442617148 6.83981705510191 6.62773521337658 6.27344583719969
6.54597612656653 6.54812768148258 6.40469068707898 6.26842554239556 6.01597643224522 6.03677479643375 6.13216039771214 6.1185338832438 6.03677479643375 5.77500228164718 7.53533279546537 7.54680775501765 7.80499434494413 9.61194188194349 16.0399996414781 -9999 -9999 -9999 -9999 -9999 -9999 -9999 -9999 -9999 -9999 -9999 -9999 -9999 -9999 -9999 -9999 -9999 -9999 -9999 -9999 -9999 -9999 -9999 -9999 -9999 -9999 -9999 -9999 -9999 -9999 -9999 -9999 -9999 -9999 -9999 10.9399076555856 9.77923471331106 7.75812118427296 9.55468661501072 6.70519119035453 6.75754569331184 6.83356730034575 7.16418957244605 6.41473127668723 6.11279640346766 5.55984679004177 6.00665302760899
6.5567339011468 6.50796532304958 6.3853266928345 6.31289101066068 6.20889918971807 6.20531326485798 6.21893977932632 6.25479902792722 6.14865565206856 5.69467756478116 5.61004973808303 8.2177342963405 7.59980772444978 7.72256930066006 13.1775746260605 -9999 -9999 -9999 -9999 -9999 -9999 -9999 -9999 -9999 -9999 -9999 -9999 -9999 -9999 -9999 -9999 -9999 -9999 -9999 -9999 -9999 -9999 -9999 -9999 -9999 -9999 -9999 -9999 -9999 -9999 -9999 -9999 -9999 -9999 -9999 -9999 -9999 14.2049996824935 9.31909135170281 7.82471693167463 7.46971037052572 7.26100954366848 7.30475782696158 6.72383799962699 6.57466352544725 5.83524581929669 6.31073945574462
