EcologicalScience/Bass/data/rs_data_bass/sst_551.asc
NCOLS 226 
NROWS 124 
XLLCORNER -9.41648524995501 
YLLCORNER 47.587301625531 
CELLSIZE 0.0833 
NODATA_value -9999 
[rows 54 to 80 of 124, columns 124 to 185 of 226]
10.2165288133547 10.1405072063208 9.85865351231769 10.0228888709098 9.99420147202909 9.69943844852969 9.81777396891266 10.0487075299025 8.36762595549226 10.0974761079997 9.82279426371679 9.86008788226172 9.53735464485362 9.6083559570834 10.1812433127314 9.79769278969616 8.93993956316262 9.26841028034687 10.2215491081588 10.2631458365358 8.52970975916833 8.78215886931866 10.2903988654725 10.2782067209482 10.2007507439703 10.3649861025624 10.4359874147922 10.4711294784211 10.229438142851 10.0673543391749 10.3176518944092 10.3327127788216 10.5672322646715 11.3623513369821 11.1947691151872 11.6319445831302 11.6772296913633 10.7329019932076 11.0606555254199 11.2155674793757 11.3417920344509 11.5002899132669 11.5239570173435 11.4579759999178 11.3532669940032 11.3668935084715 10.9566637044773 10.3248237441294 10.8506227836146 11.0411890761794 10.0362080203901 15.7099996488541 8.91645175532904 9.15191894989195 8.85633628642453 9.07787813944742 8.91002270432987 8.82088685780764 8.75552057035799 8.56879634014331 9.08600623579696 14.524999675341
9.98846399225295 9.72740866243839 9.97268592286855 8.28514968371019 7.52995390817523 9.8751487666741 9.85219884756953 7.28754538763314 9.73529769713059 10.0078279864974 10.0831324085593 9.81992552382872 9.92965482454747 7.72717977548018 10.5674713263288 10.5751212993637 9.97985777258873 10.1778008248657 10.2251350330189 10.0515762697905 10.310480044689 10.3836329118349 10.0895870733075 9.9346751193516 10.1017792178318 10.3549455129541 10.2387615474872 10.4818872530013 10.3269752990454 10.387218836695 10.3398846285418 9.24474317627028 11.3547013639472 11.8402355900034 11.4350260808133 11.7503484068438 11.0032807276584 11.0943632191047 11.3382061095908 11.4866633987986 11.4938352485187 11.4579759999178 11.4845118438825 11.4794915490784 11.304498415906 11.184728525579 10.6172303027207 10.0860011484474 10.6218407775408 10.3398846285418 9.1901346634009 9.30672844885183 9.49695322476327 8.93112843350641 8.83010780744787 8.64271761975916 8.45081941224635 -9999 -9999 -9999 -9999 -9999
13.3949997005984 9.26697591040283 9.57464826339856 9.92104860488325 8.86033203126863 9.69513533869758 10.1799523797818 9.85578477242962 9.5603045639582 9.91244238521904 9.99491865700111 9.90527053549886 9.88734091119841 10.6403851318173 10.6128930412233 5.00976591650397 4.99972532689571 10.1749320849776 10.2581255417317 10.3398846285418 10.4324014899321 10.2832270157523 10.628910172265 10.6030915132724 10.5708181895316 10.7192754787393 10.6411023167893 10.6059602531604 10.5650807097554 10.5399792357348 10.3707235823385 10.7142551839352 10.9638355541974 10.6045258832164 11.7991169849411 11.2019409649074 11.1962034851313 11.4149449015968 11.4335917108692 11.5634021908045 11.5619678208604 11.4594103698619 11.3704794333316 11.22417369904 11.0965147740208 10.6225989445113 10.2168156873435 9.39156118554196 9.49165971663647 9.70333173837779 9.50784760600488 8.91617000409003 9.34419282572344 9.39224421884865 8.67652174167554 -9999 -9999 -9999 -9999 -9999 -9999 -9999
9.76613665092736 9.16083253454417 9.76398509601131 9.88375498633832 9.90240179561079 9.92033141991124 10.2588427267037 10.0953245530836 9.94758444884792 8.85316018154845 9.89522994589061 10.0530106397346 10.5987884034403 10.4268074471503 10.2652973914519 10.6303445422091 10.6023743283004 10.6238898774609 10.3692892123945 10.4711294784211 10.3269752990454 10.5607775999233 10.6532944613136 10.7658925019205 10.8913998720236 10.7250129585154 11.1309396526776 10.9781792536378 10.9824823634699 11.1596270515583 11.1675160862505 10.8842280223034 11.8796807634644 10.50985746691 10.6310617271811 10.9007232766598 11.3288827049546 11.4988555433229 11.5526444162242 11.584200554993 11.506027393043 11.2399517684244 11.0599383404478 10.6852809110656 10.5864528219216 10.2505233810283 9.65446070528456 9.1221045460552 9.29904432415164 9.18265544869272 9.43670968711376 8.96329930225121 8.80726034333929 8.84383677691221 15.6599996499717 -9999 -9999 -9999 -9999 -9999 -9999 -9999
9.40324105508626 9.6599932750687 9.70661029824987 9.72956021735445 9.7474898416549 9.79338967986405 9.84933010768145 9.97412029281259 9.96479688817635 9.92893763957545 10.3411755614914 9.71306496299803 10.5048371721059 10.5736869294196 10.4194921604358 10.4001281661913 11.1230506179854 11.0871913693845 7.79029205301777 10.5844447039999 10.6647694208659 10.6525772763416 11.0914944792166 11.0369884213433 11.1194646931253 11.3697622483596 11.4006012021564 11.3482466991991 11.4127933466807 11.4300057860091 11.4170964565128 12.0577816981822 9.82996611343697 11.5528834778816 11.6259168141987 11.2822656817734 11.5784630752169 11.5798974451609 11.4823602889664 11.504593023099 11.3962980923243 11.0692617450841 10.947340299841 10.611123984959 10.3411755614914 10.3861942867349 9.63407216108005 10.0360031103981 9.73362426552922 9.65066987043247 9.6253293347545 7.1584520926699 7.03509627748281 16.2099996376783 15.2549996590242 -9999 -9999 -9999 -9999 -9999 -9999 -9999
15.0249996641651 9.16083253454417 9.2856227196753 9.3573412168771 9.60261847730726 9.44196904357523 9.72167118266225 9.89020965108648 9.95905940840021 9.98559525236487 10.108951067552 10.4596545188688 10.50985746691 10.6052430681884 10.6776787503622 10.8870967621915 11.4902493236586 11.54403819656 11.6128879538737 11.6559190521948 10.7264473284595 11.3496810691431 10.748680062592 10.8605609182268 11.1416974272579 11.4938352485187 11.5167851676233 11.8086794512346 11.2614673175849 11.6616565319709 11.4163792715408 11.0104525773786 11.0592211554758 10.9810479935259 11.6724143065512 11.703253260348 11.5598162659444 11.5662709306926 11.5999786243774 11.3826715778559 11.0764335948043 10.9925229530782 10.669072530698 10.5371104958467 10.183251430653 9.70865939816992 9.60579458218334 9.09485151711851 9.66327183494078 9.67529322113842 7.35280922008678 9.09317808551714 7.23375651473179 16.3449996346608 15.4949996536598 10.4749997658655 23.7447889405303 -9999 -9999 -9999 -9999 -9999
-9999 -9999 -9999 -9999 -9999 14.4599996767938 9.57679981831461 9.60118410736322 9.8113193041645 9.92320015979931 9.87012847186998 10.507705911994 10.7221442186274 10.7113864440471 10.7393566579558 10.9093294963241 11.5239570173435 12.0166630931199 11.8603167692199 12.259788798634 11.8947416478768 11.8825495033525 10.2588427267037 11.2162846643478 11.7785576824099 11.5562303410843 11.4034699420445 10.5715353745036 11.4027527570724 11.2915890864097 11.1531723868102 11.3525498090312 10.7673268718645 11.2378002135083 11.6731314915232 11.4586931848899 11.5669881156646 11.4615619247779 11.2098299995996 11.2514267279766 10.9803308085538 10.8175298199058 10.8297219644301 10.0128482813016 9.76972257578745 16.1649996386841 -9999 9.06629068029168 18.504999586381 16.3849996337667 7.24523147428408 7.44532608147711 7.33487959578633 9.10656553832814 5.37499987985939 5.37499987985939 -9999 -9999 -9999 -9999 -9999 -9999
-9999 -9999 -9999 -9999 -9999 -9999 -9999 15.7199996486306 9.32363352319226 9.54022338474169 10.3994109812193 10.3786126170307 10.4575029639527 10.4553514090367 10.4180577904917 11.1307962156832 11.0348368664272 11.6695455666631 12.0302896075882 11.9248634167016 12.0697347810492 11.8811151334085 12.1744437869638 10.6855677850544 10.7228614035994 11.6093020290136 11.4931180635467 11.8603167692199 11.5648365607485 10.7601550221443 11.5182195375673 11.5490584913641 11.1761223059148 11.6767174163833 11.3353373697028 11.5698568555526 11.4543900750577 11.3496810691431 11.185445710551 11.1789910458028 11.0197759820148 10.8419141089544 10.8003173805773 10.4352702298202 10.1390728363767 15.7949996469542 -9999 -9999 -9999 -9999 -9999 -9999 -9999 -9999 -9999 -9999 -9999 -9999 -9999 -9999 -9999 -9999
-9999 -9999 -9999 -9999 -9999 -9999 -9999 -9999 14.4399996772408 9.16704813763499 9.9547562985681 10.03006072063 10.3880555524956 10.5206152414903 10.4554709398653 11.1118625324219 11.4056214969605 11.8689229888842 11.7140110349283 11.7900326419622 12.339396330528 12.4448225214146 12.2784356079064 12.3386791455559 11.1811426007189 11.6967985955998 11.8509933645837 11.4378948207013 11.9478133358061 10.070223079063 11.2693563522771 11.7369609540328 11.6437269076705 11.4716025143862 11.4924008785747 11.3367717396468 11.3403576645069 11.343226404395 11.186880080495 11.1280709127896 10.9093294963241 10.7601550221443 10.7175542348064 9.87228002678603 15.789999647066 -9999 -9999 -9999 -9999 -9999 -9999 -9999 -9999 -9999 -9999 -9999 -9999 -9999 -9999 -9999 -9999 -9999
-9999 -9999 -9999 -9999 -9999 -9999 -9999 -9999 -9999 14.7699996698648 9.69286425295286 9.86821597861126 10.9753105137497 10.6217383225448 10.4575029639527 11.0190587970428 10.9774620686658 11.8968932027929 11.9793694745749 12.2375560645014 12.3200323362835 12.3207495212555 12.3257698160596 12.3860133537091 10.5801415941678 11.8474074397236 11.8897213530727 11.3934293524362 11.2758110170253 11.5347147919238 11.6982329655439 11.54403819656 11.6831720811315 11.5576647110283 11.5182195375673 11.3597216587514 11.2923062713817 11.2578813927248 11.1581926816143 11.0965147740208 10.9179357159883 10.8196813748218 10.605816816166 10.1799523797818 15.2249996596947 -9999 -9999 -9999 -9999 -9999 -9999 -9999 -9999 -9999 -9999 -9999 -9999 -9999 -9999 -9999 -9999 -9999
-9999 -9999 -9999 -9999 -9999 -9999 -9999 -9999 -9999 14.9999996647239 9.88781903451309 10.0141631204169 10.8447828488424 10.9186529009603 11.1926175602712 11.2471236181445 11.3668935084715 11.8832666883245 12.021683387924 12.2841730876826 11.9951475439593 12.0510879717767 12.3881649086252 12.4154179375619 11.9083681623451 12.2949308622628 12.102725289762 12.0367442723364 11.8760948386043 11.3496810691431 11.7642139829695 11.6379894278944 11.6580706071109 11.5096133179031 11.4622791097499 11.343226404395 11.2528610979207 11.2048097047955 11.1001006988809 11.0090182074346 10.908612311352 10.6124149179086 10.1053651426919 10.0953245530836 14.8899996671826 -9999 -9999 -9999 -9999 -9999 -9999 -9999 -9999 -9999 -9999 -9999 -9999 -9999 -9999 -9999 -9999 -9999
-9999 -9999 -9999 -9999 -9999 -9999 -9999 -9999 -9999 15.7349996482953 7.80033264262602 10.3599658077583 10.6073946231045 11.0922116641887 11.3733481732197 11.4465010403655 11.5332804219797 11.981521029491 12.1285439487547 12.4132663826458 12.0747550758533 12.7766401018016 12.4900051746517 12.3049714518711 12.259788798634 12.1679891222157 12.1514938678592 12.0726035209373 11.8165684859268 11.8682058039121 11.6458784625866 11.7111422950402 11.4672994045541 11.5081789479591 11.2901547164656 11.3668935084715 11.3245795951225 11.1797082307748 11.0061494675465 10.8340250742622 10.6733756405301 10.310480044689 9.93682667426765 10.3587107340572 15.7349996482953 -9999 -9999 -9999 -9999 -9999 -9999 -9999 -9999 -9999 -9999 -9999 -9999 -9999 -9999 -9999 -9999 -9999
-9999 -9999 -9999 -9999 -9999 -9999 -9999 -9999 -9999 10.8591265482828 10.6999114844948 10.7142551839352 10.9279763055965 11.0814538896084 11.4049043119885 12.034712248249 11.9098025322892 12.0152287231758 12.1751609719358 12.181615636684 12.2002624459565 12.7686827637787 12.8028002774476 12.2375560645014 12.0948362550698 12.0905331452377 12.0804925556295 11.6838892661035 10.5041199871339 11.7197485147044 11.4736106323078 11.664525271859 11.5418866416439 11.5167851676233 11.4314401559532 11.346095144283 11.2284768088721 11.0613727103919 10.9193700859323 10.5916165537201 10.3570970678702 9.95260474365205 9.95188755868003 9.82996611343697 -9999 -9999 -9999 -9999 -9999 -9999 -9999 -9999 -9999 -9999 -9999 -9999 -9999 -9999 -9999 -9999 -9999 -9999
-9999 -9999 -9999 -9999 -9999 -9999 -9999 -9999 10.34736384325 10.8835108373314 11.3547013639472 11.266487612389 11.2177190342918 11.3224280402064 11.7569226024207 11.7213024154771 12.0159459081478 12.1098971394822 12.5388932835776 12.3150120414793 12.8359273928218 12.4003570531495 12.4535311960748 12.2676778333262 12.1730094170198 12.1084627695382 12.1242408389226 12.0403301971965 11.9098025322892 10.0924558131956 11.6960814106278 11.6960814106278 11.5669881156646 11.5139164277352 11.4278542310931 11.3288827049546 11.0298165716231 10.7293160683475 10.66978971567 10.430249935016 10.8426312939264 10.8304391494021 9.47782829217613 -9999 -9999 -9999 -9999 -9999 -9999 -9999 -9999 -9999 -9999 -9999 -9999 -9999 -9999 -9999 -9999 -9999 -9999 -9999
-9999 -9999 -9999 -9999 -9999 -9999 -9999 -9999 10.0759605588391 11.1553239417262 11.3331858147867 11.4823602889664 11.4708853294142 11.6164738787338 11.6401409828104 12.0496536018327 12.259788798634 12.2533341338858 12.4834309790749 12.5452284174971 12.7202215506695 12.619815654587 12.2970824171789 12.259788798634 12.2103030355647 12.1780297118239 11.983672584407 11.9004791276529 11.5077691279751 10.149830610957 10.1727805300616 11.5576647110283 11.5318460520357 11.5010070982389 11.4335917108692 11.3417920344509 11.0140385022387 10.6812646752223 10.5134433917701 10.4266640101559 10.7124622215051 10.309045674745 14.1349996840581 -9999 -9999 -9999 -9999 -9999 -9999 -9999 -9999 -9999 -9999 -9999 -9999 -9999 -9999 -9999 -9999 -9999 -9999 -9999
-9999 -9999 -9999 -9999 -9999 -9999 -9999 11.7049997383729 10.2326654752251 11.2012237799354 11.5246742023155 11.6673940117471 11.863185509108 12.1873531164601 12.1658375672996 12.2755668680184 12.4570146659389 12.4491256312467 12.1063112146221 12.4136249751318 12.5835978135001 12.3486002043355 12.3250526310876 12.2468794691376 12.2332529546693 12.1744437869638 12.0274208677001 11.6865530959996 11.6696890036575 9.70015563350171 11.5605334509164 11.463713479694 11.4393291906454 11.2923062713817 11.2091128146276 10.8720358777791 10.6862849700265 10.4783013281412 10.2323068827391 10.2767723510042 10.2141723484466 16.1449996391311 -9999 -9999 -9999 -9999 -9999 -9999 -9999 -9999 -9999 -9999 -9999 -9999 -9999 -9999 -9999 -9999 -9999 -9999 -9999 -9999
-9999 -9999 -9999 3.8400372271426 -9999 11.6899997387081 10.389728984097 10.5966368485242 10.8003173805773 11.3518326240592 11.5755943353288 11.744849988725 11.8474074397236 12.18018126674 12.3451338103041 12.5631580417976 12.6965544465929 12.6398968338035 12.4684896254912 12.4175694924779 12.3895992785692 12.3401135155 12.2848902726546 12.2103030355647 12.140018908307 12.0905331452377 11.9779351046309 11.7252810844885 11.5547959711403 11.5246742023155 11.4708853294142 11.4450666704215 11.1794008657868 11.3331858147867 10.8541062534787 10.6604663110338 10.0501418998465 10.3570970678702 10.2581255417317 15.2149996599182 13.2949997028336 -9999 -9999 -9999 -9999 -9999 -9999 -9999 -9999 -9999 -9999 -9999 -9999 -9999 -9999 -9999 -9999 -9999 -9999 -9999 -9999 -9999
-9999 -9999 3.88019958557561 -9999 9.86008788226172 10.2825098307803 10.4402905246243 10.8598437332548 10.9889370282181 11.3389232945628 11.6164738787338 11.8538621044718 11.9363383762538 12.3759727641009 12.6104922499508 12.8026978224516 12.7890713079832 12.6757560824044 12.4892879896797 12.3465681802481 12.4436272131279 12.2975605404936 12.1149174342863 12.2397076194175 12.0776238157414 11.9707632549107 11.9951475439593 11.8606241342079 11.6285635682621 11.6071504740976 11.3195593003184 11.226325253956 10.8005222905693 10.4051484609954 10.3664204725064 10.4775841431692 10.5672322646715 10.2073078637144 15.7799996472895 -9999 -9999 -9999 -9999 -9999 -9999 -9999 -9999 -9999 -9999 -9999 -9999 -9999 -9999 -9999 -9999 -9999 -9999 -9999 -9999 -9999 -9999 -9999
16.7749996250495 16.7749996250495 -9999 10.7499997597188 9.46587520930916 10.3298440389335 10.8899655020796 11.2793969418854 11.5189367225394 11.5583818960004 11.8968932027929 12.140018908307 12.4756614752114 12.6284218742512 12.8113040421158 12.9339426723309 12.9432660769671 12.8916287589818 12.4813989549875 12.4290444520302 12.511640254641 12.2734153131023 12.5431793175771 12.2110202205367 11.8552964744158 11.662373716943 12.0018071186995 11.6993599704999 11.3705818883276 10.8548234384507 10.948057484813 10.7952970857732 10.3248237441294 9.71091340808198 10.5120090218261 10.5320902010426 10.5170293166302 9.15509505476803 -9999 -9999 -9999 -9999 -9999 -9999 -9999 -9999 -9999 -9999 -9999 -9999 -9999 -9999 -9999 -9999 -9999 -9999 -9999 -9999 -9999 -9999 -9999 -9999
14.234999681823 14.8799996674061 9.52014220552519 9.711630593054 9.91602831007913 11.0513321207836 11.0441602710634 11.0427259011194 11.7972044916824 11.9327524513938 12.062562931329 12.4469740763307 12.8141727820039 12.9525894816034 13.056581302546 12.9848628053442 12.9317911174148 12.8012634525076 12.6972716315649 12.6549577182159 12.700857556425 12.1450392031111 12.18018126674 12.0812097406015 12.0489364168607 11.7068391852081 11.3496810691431 11.7791724123859 10.8082064152695 10.8519546985626 10.8541062534787 10.6719412705861 10.5256355362944 8.93635363830253 9.75343223142305 9.74103517690673 12.4099997226149 12.0649997303262 9.09485151711851 13.2399997040629 -9999 -9999 -9999 -9999 -9999 -9999 -9999 -9999 -9999 -9999 -9999 -9999 -9999 -9999 -9999 -9999 -9999 -9999 -9999 -9999 -9999 -9999
15.6199996508658 9.76278978772461 9.5244453153573 9.6083559570834 10.4481795593165 10.4826044379734 10.74796287762 10.9401684501208 11.4680165895261 12.062562931329 12.2655262784101 12.6542405332439 13.0113986493088 13.0924405511469 12.9282051925547 12.7166356258094 12.7632526489906 12.262657538522 11.8481246246956 12.3903164635412 11.9901272491552 10.2552568018436 12.1098971394822 12.1098971394822 11.8710745438002 11.6473128325306 11.5863521099091 11.7078637351681 11.6339936830503 10.7974486406893 10.8053376753815 10.667638160754 10.1591540155932 15.6499996501952 8.86999980174005 14.5149996755645 19.394999566488 19.7299995590001 19.519999563694 -9999 -9999 -9999 -9999 -9999 -9999 -9999 -9999 -9999 -9999 -9999 -9999 -9999 -9999 -9999 -9999 -9999 -9999 -9999 -9999 -9999 -9999 -9999
15.2949996581301 10.0444044200704 10.2214295773301 10.4001281661913 11.2148502944037 11.624362913426 11.6408581677824 11.6573534221388 11.3238624101505 12.4154179375619 12.4448225214146 12.6736045274884 13.0235907938331 13.0013580597006 12.6054719551466 12.5215613134205 12.6320077991113 12.0145115382038 11.8452558848076 11.3812372079119 11.8058107113466 11.7857295321301 11.9542680005543 11.8753776536323 12.0723986109453 11.5881450723391 11.3001953060739 11.426240564906 10.8236258921679 10.6324960971251 10.5155949466862 10.2925504203886 9.62054810160771 9.39248328050599 9.50579850608483 9.98784926227693 14.6749996719882 -9999 -9999 -9999 -9999 -9999 -9999 -9999 -9999 -9999 -9999 -9999 -9999 -9999 -9999 -9999 -9999 -9999 -9999 -9999 -9999 -9999 -9999 -9999 -9999 -9999
10.5550401201472 10.4151890506037 10.5571916750632 11.743415618781 12.2877590125427 12.2719809431583 12.0155873156618 12.0934018851258 12.2153233303688 12.4849848798476 12.7030091113411 12.7611010940745 12.5466627874412 12.2174748852849 12.58180485107 12.540208122693 12.1694234921597 12.103442474734 12.0087740584277 11.9399243011139 11.8746604686603 11.3747825431637 12.0016022087075 11.7290719193406 11.9177940219774 10.1275978768244 10.9272591206245 10.7981658256613 10.3144962805323 10.2502365070395 10.0020905067213 16.3599996343255 -9999 -9999 -9999 13.6052278061397 -9999 -9999 -9999 -9999 -9999 -9999 -9999 -9999 -9999 -9999 -9999 -9999 -9999 -9999 -9999 -9999 -9999 -9999 -9999 -9999 -9999 -9999 -9999 -9999 -9999 -9999
11.026589239249 10.9487746697851 15.7499996479601 11.861392546678 11.981521029491 11.237919744337 11.8459730697796 12.5062613673508 12.9651402186137 12.6312906141393 12.6836451170966 12.7424542848021 12.4900051746517 13.1171834326815 12.5653095967136 12.6434827586636 12.6052328934893 12.419721047394 12.3236182611436 12.0919675151818 12.0981831182726 12.0013631470501 11.6580706071109 11.6197012111079 9.28920864453539 10.2373271775432 10.7099520741031 9.17087312415242 9.16370127443224 9.07979063270614 9.33582566771656 9.82996611343697 10.0372325703502 13.0849997075275 -9999 -9999 -9999 -9999 -9999 -9999 -9999 -9999 -9999 -9999 -9999 -9999 -9999 -9999 -9999 -9999 -9999 -9999 -9999 -9999 -9999 -9999 -9999 -9999 -9999 -9999 -9999 -9999
10.7260887359735 8.94998015277088 15.8199996463954 15.9699996430427 15.8399996459484 11.8775292085484 11.3751923631478 11.1402630573139 11.0147556872107 11.064958635252 12.8098696721718 12.9454176318832 12.8156071519479 12.5983001054265 12.5731986314058 12.4919176679105 12.4857020648196 12.4498428162187 12.2052827407606 11.7950529367663 11.5583818960004 11.8165684859268 11.781426422298 10.1792351948097 10.0099795414135 10.0049592466094 9.61983091663569 9.55098115932196 9.57034515356645 9.44770652335137 9.62485121143982 9.95403911359608 10.0006561367773 10.1598712005652 15.5849996516481 4.99999988824129 -9999 -9999 -9999 -9999 -9999 -9999 -9999 -9999 -9999 -9999 -9999 -9999 -9999 -9999 -9999 -9999 -9999 -9999 -9999 -9999 -9999 -9999 -9999 -9999 -9999 -9999
-9999 -9999 -9999 -9999 7.15999983996153 9.57464826339856 11.7398296939209 11.982238214463 10.9301278605126 13.3739356526639 12.8543351404369 12.9081240133382 12.8471632907167 12.5706884840038 12.5326776804868 12.3721477775835 12.1977522985544 12.0464262694586 12.0712716059892 11.4866633987986 11.1388286873698 10.5449995305389 11.4014208421244 9.0984374419786 10.4453108194284 9.10489210672677 9.08122500265017 -9999 -9999 -9999 -9999 -9999 -9999 -9999 -9999 -9999 -9999 -9999 -9999 -9999 -9999 -9999 -9999 -9999 -9999 -9999 -9999 -9999 -9999 -9999 -9999 -9999 -9999 -9999 -9999 -9999 -9999 -9999 -9999 -9999 -9999 -9999
-9999 -9999 -9999 -9999 -9999 10.7298001682037 12.2899105674587 12.6693014176562 10.9652699241415 12.9031037185341 12.97984251054 12.8708303947933 15.2649996588007 15.1749996608123 15.1549996612594 12.0914893918671 12.0664357301779 11.9049256744795 11.5196539075114 11.6752830464393 10.9401684501208 11.263721327497 11.2021458748994 16.3799996338785 16.8999996222556 -9999 -9999 -9999 -9999 -9999 -9999 -9999 -9999 -9999 -9999 -9999 -9999 -9999 -9999 -9999 -9999 -9999 -9999 -9999 -9999 -9999 -9999 -9999 -9999 -9999 -9999 -9999 -9999 -9999 -9999 -9999 -9999 -9999 -9999 -9999 -9999 -9999
