EcologicalScience/Bass/data/rs_data_bass/sst_302.asc
NCOLS 226 
NROWS 124 
XLLCORNER -9.41648524995501 
YLLCORNER 47.587301625531 
CELLSIZE 0.0833 
NODATA_value -9999 
[rows 0 to 26 of 124, columns 62 to 123 of 226]
-9999 -9999 -9999 -9999 -9999 -9999 -9999 -9999 -9999 -9999 -9999 -9999 -9999 -9999 -9999 -9999 -9999 -9999 -9999 -9999 -9999 -9999 -9999 -9999 -9999 -9999 -9999 -9999 -9999 -9999 -9999 -9999 -9999 -9999 -9999 -9999 -9999 -9999 -9999 -9999 -9999 -9999 -9999 -9999 -9999 -9999 -9999 -9999 -9999 -9999 -9999 -9999 -9999 -9999 -9999 -9999 -9999 -9999 -9999 -9999 -9999 -9999
-9999 -9999 -9999 -9999 -9999 -9999 -9999 -9999 -9999 -9999 -9999 -9999 -9999 -9999 -9999 -9999 -9999 -9999 -9999 -9999 -9999 -9999 -9999 -9999 -9999 -9999 -9999 -9999 -9999 -9999 -9999 -9999 -9999 -9999 -9999 -9999 -9999 -9999 -9999 -9999 -9999 -9999 -9999 -9999 -9999 -9999 -9999 -9999 -9999 -9999 -9999 -9999 -9999 -9999 -9999 -9999 -9999 -9999 -9999 -9999 -9999 -9999
-9999 -9999 -9999 -9999 -9999 -9999 -9999 -9999 -9999 -9999 -9999 -9999 -9999 -9999 -9999 -9999 -9999 -9999 -9999 -9999 -9999 -9999 -9999 -9999 -9999 -9999 -9999 -9999 -9999 -9999 -9999 -9999 -9999 -9999 -9999 -9999 -9999 -9999 -9999 -9999 -9999 -9999 -9999 -9999 -9999 -9999 -9999 -9999 -9999 -9999 -9999 -9999 -9999 -9999 -9999 -9999 -9999 -9999 -9999 -9999 -9999 -9999
-9999 -9999 -9999 -9999 -9999 -9999 -9999 -9999 -9999 -9999 -9999 -9999 -9999 -9999 -9999 -9999 -9999 -9999 -9999 -9999 -9999 -9999 -9999 -9999 -9999 -9999 -9999 -9999 -9999 -9999 -9999 -9999 -9999 -9999 -9999 -9999 -9999 -9999 -9999 -9999 -9999 -9999 -9999 -9999 -9999 -9999 -9999 -9999 -9999 -9999 -9999 -9999 -9999 -9999 -9999 -9999 -9999 -9999 -9999 -9999 -9999 -9999
-9999 -9999 -9999 -9999 -9999 -9999 -9999 -9999 -9999 -9999 -9999 -9999 -9999 -9999 -9999 -9999 -9999 -9999 -9999 -9999 -9999 -9999 -9999 -9999 -9999 -9999 -9999 -9999 -9999 -9999 -9999 -9999 -9999 -9999 -9999 -9999 -9999 -9999 -9999 -9999 -9999 -9999 -9999 -9999 -9999 -9999 -9999 -9999 -9999 -9999 -9999 -9999 -9999 -9999 -9999 -9999 -9999 -9999 -9999 -9999 -9999 -9999
-9999 -9999 -9999 -9999 -9999 -9999 -9999 -9999 -9999 -9999 -9999 -9999 -9999 -9999 -9999 -9999 -9999 -9999 -9999 -9999 -9999 -9999 -9999 -9999 -9999 -9999 -9999 -9999 10.9649997549132 10.9652699241415 12.4311960069463 12.8930631289259 12.7252418454736 13.2774742739275 12.7567979842424 14.1488540149294 14.6451460155658 13.0472578979097 15.5007476871833 15.128528686706 13.7436445057392 13.8218176676892 14.4651325875893 14.6264992062934 13.3456068462692 13.8010193035007 13.7888271589763 13.3126163375564 13.5822778870352 14.2636036104523 13.5894497367553 13.4682454764843 13.2624133895151 13.9487594077364 13.4703970314004 14.0477309338748 14.1423993501812 13.7665944248438 14.1911679282784 14.052034043707 13.9645374771208 14.3597063967027
-9999 -9999 -9999 -9999 -9999 -9999 -9999 -9999 -9999 -9999 -9999 -9999 -9999 -9999 -9999 -9999 -9999 -9999 -9999 -9999 -9999 -9999 -9999 -9999 -9999 -9999 -9999 12.7678654523334 12.0690175960772 11.8947416478768 12.5201269434765 12.1263923938386 12.498611394316 13.5492873783223 11.5476241214201 14.3052003388293 14.6580553450622 15.011627536267 14.5562150790356 14.174672673922 13.6790978582576 13.3635364705697 13.1412091292441 14.3862422406673 14.1796929687262 13.4345377827995 13.9143345290795 14.3511001770385 13.4768516961485 13.7823724942282 13.9480422227643 13.6496932744049 14.2162694022991 14.1380962403491 13.9975279858336 13.9602343672886 14.052034043707 14.2894222694449 14.4285561540164 14.2750785700046 14.4665669575334 14.451506073121
-9999 -9999 -9999 -9999 -9999 -9999 -9999 -9999 -9999 -9999 -9999 -9999 -9999 -9999 -9999 -9999 -9999 -9999 -9999 -9999 -9999 -9999 -9999 -9999 -9999 -9999 11.7749717575498 12.380275873933 12.7689901287667 12.7948087877594 12.8041321923956 12.7438886547461 11.665242456831 11.2026581498794 14.5146183506586 14.4299905239604 14.2377849514596 14.0290841246024 13.8634143960662 13.6224402454682 12.4670552555472 13.5966215864755 12.9059724584222 13.4790032510646 13.7271492513828 14.7857142700814 14.5153355356306 13.5012359851971 14.2306131017394 14.3274330729619 14.2062288126908 14.0448621939868 14.1789757837541 13.8598284712061 14.1086916564964 14.1675008242019 14.0197607199661 14.3948484603316 14.5920743276365 14.5992461773567 14.812250114046 14.7577440561727
-9999 -9999 -9999 -9999 -9999 -9999 -9999 -9999 -9999 -9999 -9999 -9999 -9999 -9999 -9999 -9999 -9999 -9999 -9999 -9999 -9999 -9999 -9999 -9999 -9999 11.2072807330173 13.1799371177331 12.6736045274884 12.4484084462747 12.2813043477945 12.6040375852026 12.5717642614618 12.4562974809669 12.3573259548284 14.0735495928675 12.8234961866401 14.4285561540164 13.3068788577802 13.4983672453091 13.4288003030233 14.0663777431473 14.0864589223638 13.5894497367553 12.700140371453 13.4632251816802 13.8583941012621 14.5791649981402 14.0097201303579 13.1849574125372 13.7171086617745 13.8576769162901 14.3396252174862 14.3876766106114 13.9975279858336 14.1990569629706 14.651600680314 14.6221960964613 14.5203558304347 14.6810052641667 14.5612353738397 14.8581499522552 14.8222907036543
-9999 -9999 -9999 -9999 -9999 -9999 -9999 -9999 -9999 -9999 -9999 -9999 -9999 -9999 -9999 -9999 -9999 -9999 -9999 -9999 -9999 -9999 -9999 -9999 -9999 11.6578913108679 13.3047273028642 12.6413312037475 12.4383678566664 12.1694234921597 12.6126438048668 12.10200810479 11.7943357517943 11.8947416478768 12.459883405827 13.9243751186877 14.0290841246024 13.7443616907112 13.4309518579394 13.0522781927139 13.335566256661 12.6413312037475 13.3283944069408 13.8397472919896 13.6109652859159 14.6967833335511 14.053468413651 14.0886104772799 14.9176763049327 14.4887996916659 14.6702474895865 15.0639820392244 14.5418713795952 14.2069459976628 14.4206671193242 14.7936033047736 14.7598956110887 14.570558778476 14.6580553450622 14.7814111602493 14.6300851311535 14.7986235995777
-9999 -9999 -9999 -9999 -9999 -9999 -9999 -9999 -9999 -9999 -9999 -9999 -9999 -9999 -9999 -9999 -9999 -9999 -9999 -9999 -9999 -9999 -9999 -9999 11.2600329476409 12.1393017233349 12.5939969955944 12.5868251458742 12.4182866774499 12.2138889604248 12.1127658793703 12.3659321744926 12.0310067925602 12.2985167871229 12.2253639199771 13.3635364705697 12.1722922320478 13.3570818058215 13.3628192855977 13.0716421869583 13.455336146988 12.9088411983103 12.9640644411556 13.0838343314826 13.4510330371559 13.9523453325965 13.4897610256448 14.6021149172448 15.088366328273 15.0073244264349 15.089800698217 14.3790703909472 14.5196386454627 14.3561204718426 14.1818445236422 14.5884884027764 14.7254707324319 14.6602068999782 14.5554978940636 14.6372569808736 14.7520065763965 14.7914517498575
-9999 -9999 -9999 -9999 -9999 -9999 -9999 -9999 -9999 -9999 -9999 -9999 -9999 -9999 -9999 -9999 -9999 -9999 -9999 -9999 -9999 -9999 -9999 -9999 12.9698019209318 12.619098469615 12.3609118796885 12.1773125268519 12.1593829025514 12.2382732494734 12.1952421511523 12.2741324980743 12.5509658972733 12.4175694924779 12.7560807992704 12.3860133537091 13.4488814822398 14.1495711999014 14.0391247142106 13.7178258467466 13.0386516782455 13.3075960427523 12.2906277524307 14.0972166969441 13.4331034128554 14.0025482806377 13.6353495749645 13.0207220539451 13.0845515164547 15.1091646924615 14.732642582152 14.4844965818338 14.4149296395481 14.3704641712829 14.4952543564141 15.0603961143643 14.6695303046145 14.5992461773567 14.6480147554539 14.5985289923847 14.570558778476 14.6953489636071
-9999 -9999 -9999 -9999 -9999 -9999 -9999 -9999 -9999 -9999 -9999 -9999 -9999 -9999 -9999 -9999 -9999 -9999 -9999 -9999 -9999 -9999 -9999 13.4149997001514 12.6126438048668 12.6355937239714 12.6269875043072 12.4785302150995 12.183050006628 12.3042542668991 12.2124545904808 12.2820215327665 12.3085573767312 12.3243354461156 12.6556749031879 13.2043214067817 13.7967161936685 13.8734549856745 13.3520615110174 13.4610736267641 13.6088137309998 13.1828058576211 13.4259315631352 13.5686513725668 13.9960936158895 14.2004913329147 13.5528733031824 13.4747001412325 14.3152409284376 14.8617358771153 14.1926022982225 14.2578661306761 14.3762016510591 13.9932248760015 14.0757011477835 14.6465803855099 14.5440229345113 14.5805993680842 14.5935086975805 14.570558778476 14.4744559922256 14.8036438943818
-9999 -9999 -9999 -9999 -9999 -9999 -9999 -9999 -9999 -9999 -9999 -9999 -9999 -9999 -9999 -9999 -9999 -9999 -9999 -9999 -9999 10.6123928506787 12.8923459439538 12.9554582214914 12.7862025680952 12.6441999436356 12.6779076373205 12.6449171286076 12.3193151513115 12.3544572149403 12.4462568913586 12.5215613134205 12.8658100999892 12.5610064868815 13.338434996549 13.3714255052619 12.9145786780864 14.2585833156481 13.9451734828763 13.6432386096567 13.7092196270823 13.458204886876 13.4754173262045 13.8626972110942 14.2234412520193 13.7515335404314 14.1610461594537 14.3173924833536 14.2800988648087 15.0030213166028 15.0123447212391 13.9480422227643 14.1775414138101 14.0477309338748 14.5540635241196 14.6092867669649 14.6300851311535 14.5655384836718 14.6329538710415 14.6989348884672 14.7584612411447 14.8158360389061
-9999 -9999 -9999 -9999 -9999 -9999 -9999 -9999 -9999 -9999 -9999 -9999 -9999 -9999 -9999 -9999 -9999 -9999 -9999 -9999 10.5759008482463 13.1146732852794 12.740302729886 12.5882595158182 12.4125491976738 12.2934964923188 12.461317775771 12.4340647468343 12.3781243190169 12.3243354461156 12.2705465732142 12.1938077812083 12.3895992785692 12.2074342956766 12.9518722966313 13.6489760894328 13.8275551474653 13.4080019388348 13.7665944248438 13.8763237255625 13.6877040779218 13.4259315631352 13.7723319046199 13.7924130838364 13.8289895174094 12.9195989728905 14.1058229166083 14.1524399397895 14.9033326054923 14.6551866051741 14.6200445415452 15.089083513245 15.1902065942995 15.2282173978165 14.4199499343522 14.3991515701637 14.5074465009384 14.5504775992595 14.5684072235599 14.6092867669649 14.7534409463406 14.7182988827117
-9999 -9999 -9999 -9999 -9999 -9999 -9999 -9999 -9999 -9999 -9999 -9999 -9999 -9999 -9999 -9999 -9999 -9999 -9999 -9999 10.7228062355246 12.8306680363603 12.7926572328433 12.4082460878417 12.2296670298092 12.2067171107046 12.180898451712 12.1565141626634 12.0173802780919 12.2798699778505 12.581087666098 12.7869197530672 13.0357829383574 13.5858638118953 13.3800317249261 12.89808342373 13.4374065226875 14.4974059113301 13.8763237255625 13.932981338352 13.4861751007847 13.1648762333207 13.6461073495448 13.6403698697686 13.7077852571383 13.3872035746463 13.4904782106169 14.1510055698454 14.2263099919073 14.135227500461 13.8748893556185 13.7701803497039 13.8813440203667 14.1531571247615 14.2800988648087 14.4565263679251 14.3467970672064 14.3001800440252 14.3622165441047 14.373332911171 14.4048890499398 14.4852137668058
-9999 -9999 -9999 -9999 -9999 -9999 -9999 -9999 -9999 -9999 -9999 -9999 -9999 -9999 -9999 -9999 -9999 -9999 12.9870753972791 12.939680152107 12.9841456203721 12.4706411804073 12.4441053364426 12.2303842147812 12.2784356079064 12.3157292264514 12.2103030355647 12.3135776715353 12.1701406771317 12.4182866774499 12.897366238758 13.1727652680129 13.613834025804 13.53422649391 14.3188268532977 14.4744559922256 13.775200644508 13.8763237255625 13.7859584190883 13.6769463033415 13.9487594077364 13.9530625175685 13.8992736446671 13.8361613671295 13.6661885287613 13.9372844481841 13.9451734828763 14.8057954492979 14.2478255410679 14.1359446854331 14.2757957549766 15.0754569987766 14.9004638656043 13.9982451708056 14.3546861018986 15.1959440740757 14.3159581134096 14.3568376568146 14.5217902003787 14.5583666339517 13.9702749568969 14.3747672811151
-9999 -9999 -9999 -9999 -9999 -9999 -9999 -9999 -9999 -9999 -9999 -9999 -9999 -9999 -9999 -9999 8.09117708951235 10.1207129010931 14.2600176855922 13.7414929508232 12.6671498627402 12.4139835676178 12.4398022266105 12.4268928971142 12.419003862422 12.4562974809669 12.5939969955944 12.0819269255735 12.0926847001538 12.2540513188578 13.1297341696918 13.375728615094 13.4610736267641 13.8748893556185 14.291573824361 13.0802484066226 14.2392193214037 14.0039826505817 14.3654438764788 14.0699636680074 14.2169865872711 13.5320749389939 14.4450514083728 13.9042939394712 14.1194494310766 13.8117770780809 14.0599230783992 14.2198553271592 14.1897335583344 14.1696523791179 14.3675954313949 14.2965941191651 14.371898541227 14.812250114046 14.5662556686439 14.610721136909 15.1048615826294 14.5798821831122 14.4479201482609 14.4730216222815 14.4479201482609 14.5992461773567
-9999 -9999 -9999 -9999 -9999 -9999 -9999 -9999 -9999 -9999 7.56949578073357 8.90266673258789 8.92677038719342 -9999 -9999 -9999 7.93802910540253 14.2951597492211 14.3546861018986 14.5139011656865 13.4804376210086 12.2059999257326 12.5029145041481 12.540208122693 12.8249305565841 12.7180699957535 12.4290444520302 12.7173528107814 12.3644978045486 12.5581377469935 12.9999236897565 13.3886379445903 13.5449842684902 13.9573656274006 14.1574602345936 14.5899227727205 14.3496658070944 14.3482314371504 14.013306055218 13.9301125984639 13.8232520376332 14.4034546799958 15.1521957907826 14.7541581313126 15.0216681258753 14.7182988827117 14.4371623736806 15.2181768082082 14.8416546978988 14.5095980558544 14.8373515880667 14.888988906052 14.7032379982993 14.7168645127676 14.5870540328324 14.6243476513773 14.6336710560136 14.6853083739989 14.6358226109296 14.5927915126085 14.5676900385879 14.6175343941431
-9999 -9999 -9999 -9999 -9999 -9999 -9999 -9999 -9999 -9999 -9999 -9999 -9999 -9999 -9999 -9999 -9999 -9999 11.0263869998849 13.5951872165315 13.1842402275652 12.6155125447549 12.6054719551466 12.6320077991113 12.7324136951938 13.0278939036652 12.9102755682543 12.5832392210141 12.7718588686548 12.4778130301274 12.8916287589818 13.1110873604193 13.3456068462692 13.3993957191706 13.2921765658539 14.214835032355 14.3360392926261 13.7959990086965 13.6253089853562 13.8282723324373 14.1452680900693 14.374050096143 14.3934140903875 14.7577440561727 14.7656330908649 14.8603015071712 14.8014923394658 14.5813165530562 14.6673787496984 14.8208563337103 14.7462690966204 15.1658223052509 14.5433057495393 14.5999633623287 14.9112216401845 14.8674733568914 14.572710333392 14.5368510847911 14.4486373332329 14.5949430675246 14.5088808708824 14.2650379803963
-9999 -9999 -9999 -9999 -9999 -9999 -9999 -9999 -9999 -9999 -9999 -9999 -9999 -9999 12.3468354946468 11.8111178801395 12.5489447396249 13.8246864075772 13.7077852571383 13.2495040600188 13.0831171465106 12.7919400478713 12.8887600190938 13.8411816619337 13.6683400836773 13.4302346729673 13.0802484066226 12.9181646029465 12.9289223775268 13.1261482448317 13.255958724767 13.5507217482664 13.5277718291618 13.8246864075772 14.174672673922 14.1861476334743 14.4694356974214 14.0505996737629 13.9451734828763 14.0678121130913 14.3030487839133 14.2399365063757 14.09219640214 14.1194494310766 14.5662556686439 14.9671620680019 14.6939145936631 14.8567155823112 14.89185764594 14.7075411081314 14.8839686112478 14.7649159058928 14.6774193393067 14.9987182067707 14.9083529002964 14.9477980737574 14.7340769520961 14.8696249118075 14.7548753162846 14.7921689348295 14.8022095244378 14.851695287507
-9999 -9999 -9999 -9999 -9999 -9999 -9999 -9999 -9999 -9999 -9999 -9999 7.91387436077966 14.2349162115715 14.2779473098926 14.4493545182049 14.1251869108528 14.1847132635303 13.7206945866346 13.7795037543401 12.8442945508286 13.4216284533031 13.4495986672118 13.2444837652147 14.1804101536982 14.1251869108528 13.9939420609735 13.2222510310821 13.056581302546 13.6877040779218 13.5916012916714 13.5076906499453 13.5478530083783 13.5234687193297 13.9157688990235 14.3202612232417 14.1703695640899 14.3138065584935 14.0728324078955 13.7486648005433 13.7708975346759 13.9788811765611 14.1043885466643 14.0864589223638 14.211966292467 14.7096926630475 14.9212622297928 15.5387584907003 15.249015762005 15.2318033226766 15.130680241622 14.6551866051741 14.7821283452213 15.0388805652037 15.1335489815101 14.4278389690444 14.9133731951006 15.1177709121257 14.7448347266763 14.7964720446616 14.7484206515364 14.8373515880667
-9999 -9999 -9999 -9999 -9999 -9999 -9999 -9999 -9999 -9999 9.77081542907815 14.9234137847088 14.3303018128499 14.6078523970209 14.4809106569737 14.452223258093 14.0348216043785 14.1248795458648 14.4801934720017 14.2492599110119 13.7888271589763 14.0592058934271 13.7429273207672 13.8089083381929 13.494781320449 14.2033600728028 14.1969054080546 12.2798699778505 13.4230628232472 13.7192602166906 14.3704641712829 13.975295251701 13.4797204360366 14.3948484603316 14.3575548417866 14.1682180091739 14.0391247142106 14.1983397779986 13.8791924654506 14.0656605581753 13.7422101357952 13.7687459797598 13.9853358413093 14.1839960785583 14.2700582752004 14.2836847896688 15.4333322998136 15.5509506352246 15.5939817335457 15.5753349242732 15.4706259183586 15.446958814282 14.9047669754364 14.9535355535336 14.7204504376277 14.7204504376277 15.3859980916604 15.487121172715 14.6429944606498 14.770653385669 15.2597735365853 14.8653218019754
-9999 -9999 -9999 -9999 -9999 -9999 -9999 -9999 -9999 -9999 9.94499977771193 9.82262350539012 12.4358010893982 14.692480223719 14.4228186742403 14.0777502477036 14.7299996707588 -9999 -9999 9.22999979369342 7.05714928768414 9.84761498917186 13.3872035746463 13.1612903084606 13.3047273028642 13.6898556328379 13.7156742918305 13.6891384478658 13.8820612053387 13.893536164891 14.211966292467 14.4773247321136 14.1058229166083 15.6427503116429 13.6389354998246 13.9100314192474 13.7902615289204 13.9889217661694 14.0513168587349 13.6719260085374 13.9258094886318 14.0118716852739 13.9480422227643 14.0240638297983 14.0584887084551 14.2851191596128 15.3795434269123 15.6377300168388 15.6893673348241 15.5939817335457 15.2662282013334 14.6035492871888 15.0223853108473 14.8244422585703 14.8438062528148 15.2798547158018 14.5877712178044 14.3862422406673 15.1034272126853 14.8617358771153 14.8402203279547 14.9599902182817
-9999 -9999 -9999 -9999 -9999 -9999 -9999 -9999 -9999 -9999 -9999 -9999 -9999 -9999 -9999 -9999 -9999 -9999 -9999 -9999 -9999 -9999 -9999 -9999 -9999 13.1146732852794 13.7665944248438 13.8741721706465 13.6123996558599 13.7379070259631 14.0606402633712 14.3482314371504 14.132000168087 15.8399761789478 15.5150913866237 13.6314050576184 13.9953764309175 13.856242546346 13.9831842863932 14.053468413651 14.2327646566555 14.0599230783992 13.9494765927084 13.9982451708056 14.2851191596128 14.3554032868706 14.5999633623287 14.6042664721608 14.7068239231594 15.4964445773512 15.4232917102054 15.3730887621641 15.4032105309889 14.7914517498575 14.809381374158 14.9140903800726 14.8997466806322 14.1051057316363 14.6243476513773 14.8273109984584 15.0252540507354 15.0568101895042
-9999 -9999 -9999 -9999 -9999 -9999 -9999 -9999 -9999 -9999 -9999 -9999 -9999 -9999 -9999 -9999 -9999 -9999 -9999 -9999 -9999 -9999 -9999 -9999 -9999 10.6396679468453 13.6869868929498 13.4797204360366 14.1431165351532 14.132358760573 13.6604510489851 14.8646046170034 14.2851191596128 13.8418988469057 15.0252540507354 14.5798821831122 14.1811273386702 13.8978392747231 14.0470137489028 14.4278389690444 14.3632923215628 14.4629810326733 14.4852137668058 14.1043885466643 14.1180150611326 14.6250648363493 14.732642582152 14.7269051023759 14.9348887442611 15.370220022276 15.4727774732746 14.5246589402668 15.4727774732746 15.1421552011743 15.0345774553716 14.7520065763965 14.8567155823112 14.9815057674423 14.8466749927029 15.1651051202789 15.1400036462583 14.7634815359488
-9999 -9999 -9999 -9999 -9999 -9999 -9999 -9999 -9999 -9999 -9999 -9999 -9999 -9999 -9999 -9999 -9999 -9999 -9999 -9999 -9999 -9999 -9999 -9999 -9999 -9999 8.9849997991696 12.4339213098399 13.1096529904753 13.2021698518656 13.613834025804 13.7952818237245 13.7682678564452 14.9198278598487 14.571275963448 14.3654438764788 14.1696523791179 14.1237525409088 14.1287728357129 14.4242530441843 14.4400311135687 14.3460798822343 14.334604922682 14.1560258646496 14.9535355535336 14.4687185124494 14.5468916743994 14.8983123106882 15.1392864612862 15.3594622476958 15.3508560280316 14.9183934899047 15.1823175596073 15.329340478871 15.287026565522 15.0388805652037 14.9736167327501 14.8595843221992 14.9607074032538 15.0123447212391 15.0625476692803 14.7971892296337
