EcologicalScience/Bass/data/rs_data_bass/sst_398.asc
NCOLS 226 
NROWS 124 
XLLCORNER -9.41648524995501 
YLLCORNER 47.587301625531 
CELLSIZE 0.0833 
NODATA_value -9999 
[rows 81 to 107 of 124, columns 62 to 123 of 226]
15.0680460873991 -9999 -9999 -9999 -9999 -9999 -9999 -9999 -9999 -9999 -9999 -9999 -9999 -9999 -9999 -9999 -9999 -9999 -9999 -9999 -9999 -9999 -9999 -9999 -9999 -9999 -9999 -9999 -9999 -9999 -9999 -9999 -9999 -9999 -9999 -9999 -9999 -9999 -9999 -9999 -9999 -9999 -9999 -9999 -9999 -9999 -9999 -9999 -9999 -9999 -9999 -9999 -9999 -9999 -9999 -9999 -9999 -9999 -9999 -9999 -9999 -9999
14.8779441296236 -9999 -9999 -9999 -9999 -9999 -9999 -9999 -9999 -9999 -9999 -9999 -9999 -9999 -9999 -9999 -9999 -9999 -9999 -9999 -9999 -9999 -9999 -9999 -9999 -9999 -9999 -9999 -9999 -9999 -9999 -9999 -9999 -9999 -9999 -9999 -9999 -9999 -9999 -9999 -9999 -9999 -9999 -9999 -9999 -9999 -9999 -9999 -9999 -9999 -9999 -9999 -9999 -9999 -9999 -9999 -9999 -9999 -9999 -9999 -9999 -9999
-9999 -9999 -9999 -9999 -9999 -9999 -9999 -9999 -9999 -9999 -9999 -9999 -9999 -9999 -9999 -9999 -9999 -9999 -9999 -9999 -9999 -9999 -9999 -9999 -9999 -9999 -9999 -9999 -9999 -9999 -9999 -9999 -9999 -9999 -9999 -9999 -9999 -9999 -9999 -9999 -9999 -9999 -9999 -9999 -9999 -9999 -9999 -9999 -9999 -9999 -9999 -9999 -9999 -9999 -9999 -9999 -9999 -9999 -9999 -9999 14.9797941209957 -9999
-9999 -9999 -9999 -9999 -9999 -9999 -9999 -9999 -9999 -9999 -9999 -9999 -9999 -9999 -9999 -9999 -9999 -9999 -9999 -9999 -9999 -9999 -9999 -9999 -9999 -9999 -9999 -9999 -9999 -9999 -9999 -9999 -9999 11.3199997469783 11.209999749437 11.1449997508898 -9999 -9999 -9999 -9999 -9999 -9999 -9999 -9999 -9999 -9999 -9999 -9999 -9999 -9999 -9999 -9999 -9999 -9999 -9999 -9999 17.2699996139854 17.0515406583436 17.042695377022 18.873668610584 17.0699484059587 16.5887172897346
-9999 -9999 -9999 -9999 -9999 -9999 -9999 -9999 -9999 -9999 -9999 -9999 -9999 -9999 -9999 -9999 -9999 -9999 -9999 -9999 -9999 -9999 -9999 -9999 -9999 -9999 -9999 -9999 -9999 -9999 -9999 -9999 -9999 18.0305233095331 17.6249061373062 18.5925321015529 18.4799340609461 18.8198797376826 18.2090772031806 17.5260780481622 15.0417982040672 15.8349996460602 16.8669850588776 19.0149540500715 18.8607592810877 18.8571733562276 19.031449304428 18.5595415928401 17.0247657527216 17.7907193028368 18.3451032862067 18.1658070432022 16.1248420498334 -9999 17.3663250956452 18.5918149165809 18.4189733383246 17.4199346723035 16.8999755675904 17.5404217476025 15.7044282192364 15.7639545719139
-9999 -9999 -9999 -9999 -9999 -9999 -9999 -9999 -9999 -9999 -9999 -9999 12.2435849006724 18.8839141101842 17.0057603509631 18.7797173792496 19.0257118246518 18.9009216395207 17.4590212532785 -9999 -9999 -9999 -9999 -9999 -9999 11.894999734126 9.86701719143201 15.4980838572873 17.1961729610339 17.640827643685 17.9205297827721 17.9097720081918 18.119010723778 18.0352793782949 15.5649996520951 13.148590886761 18.5523697431199 18.6800286681391 18.0826135864481 18.992721315939 18.1636554882862 17.6827829645481 18.3501235810108 18.6886348878033 17.5691091464832 17.159596527461 16.9422894809395 16.5915860296227 18.1407055691816 16.9824518393725 17.9549546614289 15.807702855207 18.1120181703009 18.1851710374467 18.6915036276914 16.7378917639144 16.5005035381764 16.2143467343412 16.0407879711129 16.3097323356196 16.5750907752663 17.3546708398499
-9999 -9999 -9999 -9999 -9999 -9999 -9999 -9999 -9999 16.3369056773372 16.6159703186713 18.6850489629433 19.6790673341602 18.278405083809 18.2626270144247 19.2638172353618 19.0651569981128 19.1562394895591 19.2803124897182 18.9446699228138 15.9547257744707 16.1882167392367 18.0166325690225 17.8846705341712 17.8050630022772 16.2996917460114 -9999 16.8748740935698 17.1976073309779 17.2069307356142 17.7032227362506 18.2188787311316 18.5982695813291 17.7828302681446 18.1081118010916 16.514999630861 13.7385618470245 17.8997314185835 17.6888790368102 17.9040345284157 17.4600970307365 17.2478102790192 17.0756858857349 16.8748740935698 16.4782708040439 16.3527634339407 15.9927365779877 15.8514511385001 16.8684194288217 16.6740623014048 16.3613696536049 15.5000305022113 15.1192052820697 16.4388256305829 16.4603411797434 15.9568773293868 16.8641163189895 15.3250373690389 15.8033997453749 15.8392589939758 16.6719107464887 17.1294747586362
-9999 -9999 -9999 -9999 -9999 -9999 -9999 -9999 14.7859971667486 18.0431684129871 18.3049409277737 18.8707998706959 19.1863612583838 17.0785546256229 19.7307046521455 19.8655354268849 19.5743583282456 18.7911923388019 18.0094607193023 17.8595690601505 17.3561052097939 16.0407879711129 17.4658345105127 16.8246711455286 17.3023163368925 17.0764030707069 16.5894344747066 16.9494613306597 17.0548875215463 17.2499618339352 17.1667683771811 16.7708822726272 17.1660511922091 17.0642109261826 16.565050185658 16.7321542841382 17.5777153661475 17.6644947477616 16.8311258102767 17.2678914582357 17.3324381057173 16.6876888158731 16.4646442895755 16.4718161392957 16.2286904337816 16.24590287311 15.5079195369035 16.1985686649568 15.5050507970154 15.8901791269891 15.9339274102822 16.1956999250688 15.7431562077254 15.4189886003733 15.487121172715 15.4763633981347 15.2396923573688 15.7488936875015 15.7761467164382 15.7367015429772 15.9561601444148 17.2929929322563
-9999 -9999 -9999 -9999 -9999 -9999 -9999 -9999 17.3496505450457 17.9076204532757 17.9449140718207 17.5454420424066 18.4196905232966 18.8277687723748 16.7658619778231 16.8885006080382 18.3644672804512 18.1457258639857 17.9893795400858 17.5748466262594 17.3955503832549 17.1387981632724 16.6338999429718 16.5958891394548 16.5456861914136 16.9652394000441 16.9250770416111 16.7794884922914 16.9049958623946 15.9497054796666 15.9375133351423 15.9834131733514 16.0393536011688 16.1555375666358 16.9042786774226 16.9107333421707 16.6080812839791 16.683385706041 16.6202734285034 16.8598132091574 16.8318429952487 16.6174046886154 16.206457699649 16.0952940289862 15.9762413236313 15.6305581671186 15.8349558841437 15.5502334502526 16.2925198962912 15.9425336299464 16.322641665116 15.3623309875838 16.5169987925328 15.3393810684793 15.2224799180403 17.1911526662298 16.48400828382 15.6592455659993 15.7897732309066 15.804834115319 15.9532914045267 16.1132236532867
13.8800726470072 9.40499978978187 -9999 -9999 -9999 -9999 -9999 -9999 17.6512268257793 17.4543595509604 17.4098940826952 17.4436017763801 17.5224921233021 17.7319101351313 17.8739127595909 17.9657124360092 17.9147923029959 16.5693532954901 17.5160374585539 17.5303811579943 17.4866328747012 17.3338724756613 16.8225195906125 16.7256996193901 16.3800164628774 16.2968230061233 16.324793220032 16.2121951794252 16.5822626249865 16.1196783180349 16.3455915842205 16.3154698153958 15.6979735544883 15.7596514620818 16.3821680177934 16.2294076187536 16.3742789831012 16.48400828382 16.3348338096403 16.1627094163559 16.124698612839 15.5803552190773 15.5724661843851 15.4283120050095 15.6621143058874 16.00421153754 16.4323709658347 16.3671071333811 16.0981627688743 17.0670796660706 16.9336832612753 16.0178380520083 15.5652943346649 17.0534531516023 17.6185949095525 17.6236152043566 17.8588518751785 15.6721548954956 15.7460249476135 15.8636432830244 15.9403820750304 16.6159703186713
18.6513412692584 18.2066865866072 15.6004363982938 15.6628314908594 15.6898454581387 -9999 16.1899624452926 16.0673238150775 17.3001647819765 17.0577562614344 16.5593127058819 16.5198675324209 17.2750633079559 17.3496505450457 17.3331552906893 17.2521133888513 16.6087984689511 16.0988799538463 15.607608248014 15.6743064504117 15.7388530978933 16.7522354633547 16.7708822726272 16.6453749025241 16.5485549313016 15.4627368836664 15.9633319941349 15.9633319941349 15.9403820750304 15.7610858320259 15.9446851848625 16.5134128676727 16.4603411797434 15.2282173978165 15.2669453863055 15.409665195737 15.4985961322673 15.6764580053277 15.5975676584058 15.5308694560081 15.327188923955 15.1098818774335 15.8435621038079 15.5107882767916 15.1823175596073 14.9850916923024 16.1361735723913 15.9683522889391 15.6750236353837 16.5994750643149 16.6217077984475 15.5789208491333 15.4003417911008 15.5129398317076 16.6095156539232 17.7075258460827 18.0101779042743 18.1084322454408 15.7890560459346 15.8722495026886 17.7383647998795 16.8956724577583
17.5497451522388 16.3387783269864 16.1784874857403 15.7359843580052 16.0389950086828 16.2372966534458 15.393409003038 16.0515457456931 16.840807807399 14.610003951937 17.28008360276 17.1796777066775 17.1674855621532 14.9133731951006 14.8932920158841 16.8999755675904 15.4440900743939 17.1703543020412 15.5566881150007 15.2203283631243 15.4598681437783 17.0132907931693 16.9351176312193 16.8318429952487 16.7013153303415 16.6389202377759 16.5499893012457 15.8887447570451 15.6592455659993 15.7474593175575 15.5215460513718 15.6126285428181 15.6986907394603 15.3752403170802 15.4426557044499 15.5165257565677 15.5889614387415 16.3082979656756 15.3028046349064 15.0847804034129 15.1414380162023 15.12996305665 15.2124393284321 15.210287773516 15.1672566751949 15.9618976241909 15.8779869824648 15.7302468782291 16.5284737520851 16.6568498620763 15.4448072593659 15.2949156002142 16.604495359119 16.6346171279438 17.3969847531989 17.4328440017998 18.1514633437619 18.2984862630256 18.3436689162627 16.0522629306652 17.1846980014816 16.1182439480908
17.7735068635084 17.5002593891695 16.5697118879762 16.3481017316226 16.9699011023622 16.7873775269836 16.8745155010838 17.0204626428895 14.4773247321136 14.610721136909 14.7950376747176 14.7620471660048 14.7893001949415 14.8258766285144 16.9200567468069 15.1249427618459 15.168691045139 15.1034272126853 15.8442792887799 15.2963499701582 14.8854029811919 15.0030213166028 15.2325205076486 16.9028443074785 16.6575670470484 16.6747794863768 16.4503005901352 15.2540360568091 15.6951048146002 15.8155918898992 15.1048615826294 16.2953886361793 16.0651722601615 15.9726553987712 15.12996305665 15.6033051381819 16.2014374048449 16.007080277428 16.0544144855812 16.0938596590422 15.131397426594 15.1163365421817 15.368785652332 15.7725607915781 16.40224919701 16.6927091106772 16.4137241565622 16.6346171279438 16.6138187637553 16.7988524865359 16.9042786774226 16.9322488913313 16.8002868564799 16.9795830994844 17.4694204353727 16.9996642787009 17.6852931119502 18.2446973901242 17.958540586289 17.5662404065952 17.5024109440856 18.1751304478385
17.677404077258 17.6465651234612 17.5748466262594 17.4884258371312 17.319528776221 17.8437909907661 16.9096575647127 15.3953214962967 15.1859034844674 14.9764854726382 14.8538468424231 14.6652271947823 14.7390972469002 14.5296792350709 14.9521011835895 15.0123447212391 14.2714926451445 15.0352946403436 15.0417493050918 14.9047669754364 15.0231024958193 14.9772026576102 15.1034272126853 15.5416272305883 15.0725882588886 15.2934812302701 15.328623293899 15.3171483343467 15.2153080683202 15.3594622476958 15.2540360568091 15.2647938313894 15.6549424561672 15.9454023698345 15.9281899305061 16.2788933818229 16.5923032145947 16.4897457635961 16.4718161392957 15.5437787855044 16.8583788392134 17.1904354812577 16.5836969949305 16.324793220032 16.3190557402559 16.5299081220292 16.7285683592781 16.8691366137937 16.3922086074017 16.8720053536817 17.0584734464064 17.0297860475257 17.1036560996436 17.003250203561 17.0556047065184 17.4242377821356 17.956389031373 18.3773766099475 17.7699209386483 16.5499893012457 17.8961454937235 17.760597534012
17.6056855800562 17.720435175579 17.6623431928456 17.1671269696672 15.9726553987712 17.1976073309779 17.1190755765419 18.3626743180212 17.7086016235407 15.1801660046913 15.248298577033 15.0352946403436 15.9414578524884 15.8109301875811 16.9351176312193 14.9528183685616 14.6415600907058 14.2750785700046 15.0374461952597 14.9908291720785 14.9097872702405 15.0051728715189 14.9456465188414 14.9499496286735 15.1120334323496 15.3379466985352 15.4749290281907 15.4110995656811 15.2368236174807 15.44624162931 15.4175542304292 15.2798547158018 16.6475264574401 16.3470259541646 16.0759300347418 16.9659565850161 16.8992583826184 15.0797601086088 16.88204594329 16.564333000686 16.6389202377759 16.1641437863 16.5191503474489 16.7809228622355 17.0441297469661 16.8476210646331 16.801721226424 17.1151310591958 16.9372691861354 16.9817346544005 17.4851985047571 17.4722891752608 17.6695150425658 18.0596636673436 16.7185277696699 16.9107333421707 18.4648731765337 18.4290139279328 18.0273903436027 16.7902462668717 18.2038178467192 18.875102980528
17.4557939209044 17.4973906492814 17.4471877012402 17.5102999787778 17.0158009405714 17.3431958802976 16.7249824344181 17.2600024235435 16.9978713162709 16.723548064474 16.8960310502443 15.2769859759137 15.1794488197193 14.8746452066116 14.6623584548943 15.7237922134809 14.9399090390652 15.1407208312303 15.7069383666385 14.6659443797544 14.7190160676837 14.8746452066116 14.7964720446616 14.9843745073304 14.9779198425822 14.9399090390652 14.9226965997368 15.207419033628 15.290612490382 15.4204229703173 15.5079195369035 15.4161198604852 15.0403149351478 14.9721823628061 16.126132982783 16.5098269428127 16.9544816254638 16.6790825962089 16.5607470758259 15.2016815538518 15.3049561898224 16.5155644225888 16.32407603506 16.3412884743884 16.5385143416934 16.7551042032428 17.3933988283388 17.2915585623123 17.4823297648691 17.2363353194669 17.4636829555966 16.880611573346 17.5906246956438 18.0575121124275 17.5784325511195 19.0199743448757 19.4251838540658 19.4101229696535 19.0551164085045 18.9446699228138 18.9898525760509 18.1930600721389
16.9501785156317 17.9090548232198 17.1933042211458 17.2054963656701 17.1280403886922 16.8512069894932 17.4708548053168 17.5099413862918 16.1849421504885 16.1196783180349 17.3686559468042 15.6549424561672 15.6416745341849 14.7584612411447 14.7175816977397 14.7025208133273 14.5397198246792 16.0802331445739 15.8335215141997 15.7582170921378 14.7448347266763 15.0338602703996 15.8087786326651 14.8402203279547 15.806268485263 16.3459501767065 16.0271614566445 16.2218771765474 16.2206221028464 15.8414105488919 15.5946989185177 16.3846781651955 15.0417493050918 15.7546311672777 16.1311532775871 16.7515182783827 16.9666737699881 16.6138187637553 16.6618701568805 16.5421002665535 17.2556993137114 16.9953611688688 16.7335886540823 16.7830744171515 17.0685140360147 17.5088656088337 18.0352793782949 17.9477828117087 17.4823297648691 17.7390819848515 18.0539261875674 18.1399883842096 18.195211627055 17.5561998169869 18.5222479742952 17.5339670828544 19.1768657293543 18.794999579899 -9999 -9999 -9999 -9999
17.1452528280206 16.6202734285034 17.1237372788601 17.1710714870133 17.1036560996436 16.7199621396139 16.9523300705478 16.604853951605 16.1067689885385 16.2100436245091 15.4003417911008 15.6506393463351 14.8050782643259 14.7498550214805 14.7763908654451 16.5198675324209 16.0146107196342 16.6948606655933 16.6783654112369 15.9489882946946 15.8489409910981 15.486403987743 15.7202062886208 15.8640018755104 16.2139881418552 15.9920193930157 16.1627094163559 16.443487332901 16.5022965006065 15.7424390227534 15.7890560459346 15.8313699592836 16.405117936898 16.3771477229893 16.6138187637553 17.3353068456054 17.0534531516023 17.1387981632724 16.8447523247451 16.5937375845388 17.2671742732637 17.321680331137 17.0713827759027 17.2054963656701 17.0355235273018 17.2528305738233 17.5397045626305 18.0926541760564 18.0352793782949 18.5107730147429 18.0489058927633 18.0983916558325 18.2117068814114 18.4447919973172 14.0383162511513 11.4699997436255 -9999 -9999 -9999 -9999 -9999 -9999
17.2040619957261 16.9566331803799 16.4101382317021 16.364955578465 16.9573503653519 16.4201788213104 17.1240958713461 16.6984465904534 16.6529053447302 14.9786370275542 14.9635761431418 14.9427777789533 14.8997466806322 14.9872432472184 15.0367290102877 16.3219244801439 15.9540085894987 15.8227637396194 16.6152531336993 16.8877834230661 16.9057130473666 16.9336832612753 16.2735144945327 17.039826637134 16.005287314998 16.203588959761 16.1756187458523 16.325510405004 16.4969176133163 15.374999656342 -9999 14.3536988083007 16.9849996203557 13.0449997084215 -9999 16.3049996355549 17.4600970307365 15.926755560562 16.1705984510481 16.6102328388952 17.240638429299 17.0563218914904 17.3840754237026 17.3582567647099 18.0345621933229 17.8416394358501 18.1019775806926 18.2654957543127 18.0058747944422 18.035996563267 18.4684591013938 18.2332224305719 18.4096499336883 -9999 -9999 -9999 -9999 -9999 -9999 -9999 -9999 -9999
17.2126682153903 16.5732978128362 17.7347788750194 17.0634937412106 17.0649281111546 17.1151310591958 16.9171880069189 16.0978041763883 16.6521881597582 14.970747992862 14.9944150969386 15.1392864612862 15.3350779586472 15.3795434269123 15.1550645306706 15.2253486579284 16.443845925387 16.2071748846211 16.0804722062312 16.2590512642637 16.5048066480085 16.5069582029246 16.5923032145947 16.9652394000441 16.9372691861354 16.9164708219469 16.1533860117197 16.6468092724681 16.4402600005269 -9999 -9999 -9999 -9999 -9999 16.3799996338785 17.1570351525609 17.8925595688634 16.24590287311 16.4180272663943 16.1820734106004 16.4775536190718 17.3826410537586 17.358973949682 17.6659291177057 17.3474989901297 17.5669575915672 18.5358744887635 19.6224097213708 19.1433301600628 18.7001098473556 18.7639393098652 19.2021393277682 18.0821832754649 -9999 -9999 -9999 -9999 -9999 -9999 -9999 -9999 -9999
18.1428571240976 16.5083925728686 16.1218298729509 15.6850642249919 16.3678243183531 15.3852809066884 17.120151354 15.9948881329037 16.6109500238672 15.1937925191596 15.2188939931802 15.3594622476958 15.3185827042907 15.3580278777517 16.2652668673545 16.5428174515255 16.4291436334606 16.3197729252279 16.2411216399632 15.5509506352246 14.2112969198264 16.2199049178744 16.5064800796099 16.9053544548806 16.6676076366566 16.6460920874961 16.7439878361765 16.8913693479262 16.5937375845388 13.6099996957928 -9999 -9999 -9999 -9999 -9999 17.3799996115267 18.6398663097061 17.0147251631133 16.6066469140351 18.1930600721389 18.4985808702186 18.5781884021126 18.276253528893 18.5416119685397 18.39602341922 18.4792168759741 18.4333170377649 18.7603533850051 17.1703543020412 19.1698660040274 19.4782555419952 19.4015167499892 20.2901089303195 14.0776032470572 20.6549995383248 20.5599139167927 -9999 -9999 -9999 -9999 -9999 -9999
18.5688649974763 16.1082033584826 16.1182439480908 15.5416272305883 15.3867152766325 18.9568620673381 18.5523697431199 15.76610612683 15.0690023340285 15.2626422764733 15.4261604500934 15.5466475253925 15.5882442537695 16.6930677031633 15.6398815717548 16.7482909460086 16.2426755407359 16.4399014080409 16.364596985979 16.3430814368185 16.4491052818485 15.6434674966149 16.5553681885358 17.2359767269809 17.0147251631133 16.6403546077199 16.5349284168333 17.7333445050754 17.5149616810959 17.440374444006 17.6788044697213 24.7149994475767 -9999 -9999 -9999 -9999 18.4211248932406 18.5867946217768 18.7072816970758 18.6958067375235 18.7574846451171 19.0952787669376 19.1461988999508 18.5781884021126 18.6061586160213 18.515076124575 18.4505294770934 18.4655903615057 19.6188237965107 19.7644123458304 18.9425183678977 18.9597308072262 20.4424390183762 9.86999977938831 -9999 -9999 -9999 -9999 -9999 -9999 -9999 -9999
19.1476332698949 15.5839411439374 15.3164311493747 16.9265114115551 18.2999206329696 19.0680257380009 17.7921536727808 15.2231971030124 15.0130619062111 15.2196111781523 15.4211401552893 15.4412213345058 15.4548478489742 16.4223303762265 17.0226141978055 17.8351847711019 18.4548325869255 16.3602938761469 16.5334940468892 16.4101382317021 16.5963672627695 16.5216604948509 17.5655232216232 17.7900021178648 17.8721197971608 17.879291646881 17.8932767538354 18.0593050748575 16.4897457635961 18.2042959700339 17.3340422944983 -9999 -9999 -9999 -9999 -9999 -9999 -9999 -9999 -9999 -9999 -9999 -9999 -9999 -9999 -9999 18.5451978933997 19.1182286860421 19.2143314722925 19.8820306812413 15.1926978684128 14.6949996715412 -9999 -9999 -9999 -9999 -9999 -9999 -9999 -9999 -9999 -9999
15.594220795203 14.7950376747176 14.7484206515364 14.7649159058928 14.5246589402668 14.6702474895865 14.6810052641667 15.1414380162023 15.2325205076486 15.2332376926206 15.4505447391421 15.4620196986943 15.3250373690389 16.2301248037256 14.2800988648087 17.3711660942063 18.0395824881271 17.2664570882916 16.0027771675959 17.481612579897 17.2047791806981 17.200476070866 17.2047791806981 17.1976073309779 10.9493515359582 13.6699996944517 17.880008831853 16.8196508507244 16.881328758318 17.0498672267422 18.7579627684318 17.113810677632 19.6106739672832 -9999 -9999 -9999 -9999 -9999 -9999 -9999 -9999 -9999 -9999 -9999 -9999 -9999 -9999 -9999 -9999 -9999 -9999 -9999 -9999 -9999 -9999 -9999 -9999 -9999 -9999 -9999 -9999 -9999
16.3749961680733 14.809381374158 14.8208563337103 14.8079470042139 14.8947263858281 14.8574327672832 14.7900173799135 14.8151188539341 15.3903012014925 15.408948010765 15.3365123285912 15.7646717568859 15.9913022080436 16.205023329705 16.4503005901352 16.3613696536049 15.7044282192364 18.0173497539945 17.8201238866895 17.5863215858117 17.6028168401681 17.7649006438442 17.7512741293758 17.8947111237794 17.0756858857349 18.0897854361683 17.1710714870133 17.1976073309779 16.9035614924505 17.5024109440856 19.5542771490291 19.2714672083966 -9999 -9999 -9999 -9999 -9999 -9999 -9999 -9999 -9999 -9999 -9999 -9999 -9999 -9999 -9999 -9999 -9999 -9999 -9999 -9999 -9999 -9999 -9999 -9999 -9999 -9999 -9999 -9999 -9999 -9999
14.7118442179635 14.8875545361079 14.8022095244378 14.8603015071712 14.9140903800726 14.8638874320313 14.8746452066116 14.8954435708001 15.3013702649623 15.3888668315485 15.7976622655988 16.5672017405741 16.602343804203 16.1146580232307 16.5399487116374 17.0054017584771 16.8655506889336 17.5798669210635 17.7276070252992 16.8547929143533 17.1423840881325 18.0137638291344 17.6852931119502 18.0159153840505 18.1292306096293 17.5970793603919 17.4479048862122 18.2260505808517 18.8772545354441 17.319528776221 18.3049409277737 19.2877234010957 21.5832090258457 28.5299993623048 -9999 -9999 -9999 -9999 -9999 -9999 -9999 -9999 -9999 -9999 -9999 -9999 -9999 -9999 -9999 -9999 -9999 -9999 -9999 -9999 -9999 -9999 -9999 -9999 -9999 -9999 -9999 -9999
14.7434003567323 14.7469862815924 15.0797601086088 15.0926694381051 14.9521011835895 14.9399090390652 15.0180822010152 15.7981403889135 15.2848750106059 16.2702871621586 16.4366740756668 16.4918973185122 17.2037034032401 16.9573503653519 16.9339223229326 16.8737983161118 17.0122150157113 17.4873500596732 17.7340616900474 17.6350901639089 17.5088656088337 17.678838447202 17.8093661121093 18.0510574476793 17.9614093261771 16.9186223768629 16.6876888158731 18.6075929859653 17.1674855621532 17.6874446668662 19.709906287957 20.1846827394329 13.8339705200549 -9999 -9999 -9999 -9999 -9999 -9999 -9999 -9999 -9999 -9999 -9999 -9999 -9999 -9999 -9999 -9999 -9999 -9999 -9999 -9999 -9999 -9999 -9999 -9999 -9999 -9999 -9999 -9999 -9999
