EcologicalScience/Bass/data/rs_data_bass/sst_352.asc
NCOLS 226 
NROWS 124 
XLLCORNER -9.41648524995501 
YLLCORNER 47.587301625531 
CELLSIZE 0.0833 
NODATA_value -9999 
[rows 54 to 80 of 124, columns 124 to 185 of 226]
15.7625202019699 15.3953214962967 14.6415600907058 15.1762214873452 14.6946317786351 14.8653218019754 14.9381160766352 15.1238669843879 15.1564989006147 15.2798547158018 15.1902065942995 15.0252540507354 15.2181768082082 15.0187993859872 15.5814309965353 15.8033997453749 15.7202062886208 16.0694753699936 16.2007202198729 16.087404994294 16.3326822547242 16.1053346185945 16.4208960062824 16.3427228443325 16.2337107285857 16.3484603241086 16.3678243183531 16.2487716129981 16.3925671998877 16.4897457635961 16.5327768619172 16.4811395439319 16.5428174515255 16.3118838905357 16.3922086074017 16.1913968152367 16.4786293965299 16.4660786595196 15.8277840344235 14.9850916923024 16.3147526304238 15.2253486579284 15.4419385194778 15.3953214962967 15.3623309875838 15.4849696177989 16.7300027292222 17.0498672267422 17.2736289380118 17.2700430131517 17.5052796839736 17.1552934176289 17.5490279672667 17.6347315714229 18.5760368471965 18.9396496280096 18.6972411074676 19.0178227899596 18.9597308072262 18.8399609168991 17.1788409908768 17.3609375046539
14.6815790121444 15.2038331087679 14.890423275996 15.766823311802 14.8371125264093 15.0403149351478 14.8818170563318 15.0948209930211 15.2558290192392 15.2805719007738 15.2002471839078 14.812250114046 15.1550645306706 15.5193944964558 15.529435086064 15.7022766643204 15.8005310054868 16.2580950176343 16.1419110521674 16.3283791448921 16.2208013990894 16.4280678560026 16.5313424919732 16.5528580411337 16.5198675324209 16.4918973185122 16.2695699771866 16.3843195727095 16.1562547516078 16.6661732667126 16.4366740756668 16.4287850409746 16.6937848881353 15.4950102074072 15.1249427618459 16.2932370812632 16.3850367576815 16.2401653933339 16.3047120408155 16.5327768619172 15.4247260801494 15.6111941728741 15.4706259183586 15.2848750106059 17.6583986754995 16.6382030528039 16.045091080945 17.75988034904 16.8447523247451 17.6160847621504 16.8375804750249 17.9026001584716 17.7889263404068 19.272423455026 19.7328562070616 19.5220038252883 18.259184526559 16.0797917999757 -9999 -9999 -9999 -9999
15.6664174157195 15.6409573492128 15.330057663843 15.2683797562495 15.1328317965381 15.2174596232362 15.1098818774335 15.3096178921405 15.2985015250742 15.048921154812 15.090517883189 14.9363231142052 15.2203283631243 15.4899899126031 15.7467421325855 16.1397594972514 16.0687581850216 16.3922086074017 16.5894344747066 15.7768639014103 16.3204901101999 15.9396648900583 15.288460935466 15.367351282388 16.5550095960498 16.4768364340998 16.5499893012457 16.3513290639967 16.3570665437728 16.4481490352191 16.5815454400145 16.7457807986066 16.644299125066 16.564691593172 16.3918500149157 16.5478377463296 16.4653614745475 16.5155644225888 16.1003143237904 16.0780815896578 16.3047120408155 16.8322015877347 16.2932370812632 16.1548203816637 17.5841700308956 17.6476409009192 16.9957197613548 17.04018522962 17.7611354227411 19.9702444327995 17.9951170198619 18.116321280133 16.9752799896523 18.1262184327468 17.9500389560999 -9999 -9999 -9999 -9999 -9999 -9999 -9999
15.8887447570451 15.6198003925383 15.5236976062879 15.7291711007711 15.287026565522 15.2798547158018 15.1400036462583 15.1507614208385 15.169408230111 15.051072709728 15.1170537271537 15.051072709728 15.4925000600051 15.4297463749535 15.8955580142792 15.6549424561672 15.5839411439374 15.964766364079 15.9525742195547 16.5360041942913 16.3498946940526 16.1541031966917 15.846430843696 16.1842249655165 16.1842249655165 16.3498946940526 16.2982573760673 16.2358622835018 16.3434400293045 16.5585955209099 16.5880001047626 16.5550095960498 16.5134128676727 16.5040894630365 16.4567552548833 16.6252937233075 16.7049012552015 16.6948606655933 16.2774590118788 16.4761192491278 16.7034668852575 17.2133854003623 17.3274178109132 17.2901241923682 17.3051850767806 17.280442195246 17.5102999787778 17.7478316415101 17.8186895167455 18.9102450441569 19.5750755132176 18.3910031244159 18.2905972283334 16.8382976599969 14.6349996728823 -9999 -9999 -9999 -9999 -9999 -9999 -9999
16.4158757114783 15.9088259362616 15.6040223231539 15.6743064504117 15.7589342771098 15.7574999071658 15.6291237971745 15.6352198694367 15.6893673348241 15.5391170831863 15.728812508285 15.4290291899815 15.7858287135605 15.6370128318667 15.7392116903793 16.0551316705532 15.4197057853453 15.6140629127622 15.6771751902997 15.9554429594427 16.1031830636784 16.2745902719907 16.2774590118788 16.4194616363384 16.4589068097994 16.2975401910953 16.0565660404973 16.2516403528862 16.5040894630365 16.6152531336993 16.6059297290631 16.641788977664 16.681951336097 16.5944547695108 16.5743735902943 16.3599352836609 16.6597186019644 16.5672017405741 16.8318429952487 16.9107333421707 17.0842921053991 17.1352122384124 17.1402325332165 17.0749687007628 17.1925870361738 17.4134800075553 17.4866328747012 18.077593291644 17.637241718825 18.7044129571877 18.9188512638211 18.4053468238562 18.594683656469 16.3258363981731 15.2549996590242 -9999 -9999 -9999 -9999 -9999 -9999 -9999
16.3202510485426 15.7521210198756 16.6923505181912 16.3197729252279 15.9285485229921 15.9507812571246 15.7488936875015 15.8574276799336 15.9923779855017 15.7614444245119 15.5219046438579 16.045091080945 16.0802331445739 15.8396175864618 15.84786521364 15.0051728715189 16.4492248126771 15.9346445952542 16.3104495205916 16.6181218735874 15.8112887800671 16.3778649079613 16.3671071333811 16.3276619599201 16.3498946940526 16.2781761968508 15.2597735365853 15.885158832185 16.0601519653574 16.3821680177934 16.565050185658 16.6174046886154 16.6697591915727 16.3498946940526 16.2301248037256 16.4158757114783 16.8117618160322 16.6554154921323 16.3369853645563 16.9817346544005 17.2241431749426 17.2126682153903 17.1947385910898 16.7196035471279 17.7964567826129 17.2773742373101 17.5932543738745 18.3673360203393 18.0506988551933 19.035035229288 18.7259285063483 18.6577959340066 18.2583239045925 17.5924176580738 13.5449996972457 -9999 23.7447889405303 -9999 -9999 -9999 -9999 -9999
-9999 -9999 -9999 -9999 -9999 12.6599997170269 15.6025879532099 15.6327097220346 15.8433230421506 16.0511871532071 15.8934064593632 15.8543198783882 15.9203008958139 16.00421153754 15.9927365779877 16.1171681706328 16.3936429773457 16.4962004283443 16.4660786595196 16.5772423301823 16.2537919078022 16.3197729252279 16.3154698153958 16.3204901101999 16.1082033584826 15.9898678380996 15.1335489815101 15.0639820392244 15.7230750285089 15.287026565522 16.4653614745475 16.5793938850984 16.6690420066006 16.4947660584003 16.4381084456109 17.1377223858144 16.5442518214695 16.6252937233075 16.9171880069189 17.123020093888 17.3152256663889 17.2700430131517 17.7068086611107 17.558351371903 17.4170659324154 11.0615135059545 -9999 15.9601801549158 8.14564013082002 15.1849996605888 18.5702993674204 18.3655430579092 17.7180445590056 18.1102252078708 5.37499987985939 5.37499987985939 10.0492568630725 -9999 -9999 -9999 -9999 -9999
-9999 -9999 -9999 -9999 -9999 -9999 -9999 11.0980352061614 15.8416496105492 15.8265887261368 15.9475539247505 15.8935259901918 15.5896786237136 15.5846583289094 15.9389477050863 16.2121951794252 16.5381557492074 16.2537919078022 16.3577837287448 16.4947660584003 16.2595293875784 16.2910855263472 16.3075807807036 16.3183385552838 16.2939542662352 16.2946714512073 14.9599902182817 15.0697195190005 16.4797051739879 16.4797051739879 16.6353343129158 17.04018522962 16.6274452782236 16.6324655730277 16.761558867991 16.6288796481676 16.0522629306652 16.7249824344181 16.7852259720676 17.2485274639912 16.8519241744652 17.5346842678264 17.6207464644685 17.3123569265008 17.7487639819738 17.1799996159971 -9999 -9999 -9999 -9999 -9999 -9999 -9999 -9999 -9999 -9999 -9999 -9999 -9999 -9999 -9999 -9999
-9999 -9999 -9999 -9999 -9999 -9999 -9999 -9999 9.11999979615211 12.8370956375246 16.4875942086801 16.3061464107595 16.2623981274664 16.2573778326623 16.285348046571 16.4918973185122 16.6310312030837 15.885158832185 15.9999084277079 16.4000976420939 16.1225470579229 16.2867824165151 16.243034133222 16.4488662201911 16.4603411797434 16.0415051560849 16.8709295762237 16.1569719365798 16.482573913876 17.0193868654314 17.080347588053 16.6138187637553 16.6676076366566 16.5198675324209 16.7335886540823 16.9107333421707 16.9817346544005 16.644657717552 16.9874721341766 16.9903408740647 16.9724112497643 17.1122623193078 17.2578508686274 17.5436490799766 7.00736917712394 -9999 -9999 -9999 -9999 -9999 -9999 -9999 -9999 -9999 -9999 -9999 -9999 -9999 -9999 -9999 -9999 -9999
-9999 -9999 -9999 -9999 -9999 -9999 -9999 -9999 -9999 14.3999996781349 16.6539811221883 16.282837899169 16.2702871621586 16.2401653933339 16.4094210467301 16.4338053357787 16.5431760440115 16.3771477229893 16.3585009137169 16.2415997632779 16.3549149888568 16.7472151685506 16.8999755675904 16.7536698332988 16.2322763586417 16.3850367576815 16.7995696715079 16.8537171368953 16.5148472376168 17.1255302412901 17.0871608452871 16.7992110790219 16.3563493588008 16.5930203995667 16.7400433188304 16.72211369453 16.6690420066006 16.7651447928511 17.7681279762182 18.0259559736587 16.5750907752663 17.3747520190664 17.4220862272196 17.5275124181062 16.0552732607194 -9999 -9999 -9999 -9999 -9999 -9999 -9999 -9999 -9999 -9999 -9999 -9999 -9999 -9999 -9999 -9999 -9999
-9999 -9999 -9999 -9999 -9999 -9999 -9999 -9999 -9999 15.2499996591359 16.2114779944532 16.4969176133163 16.4696645843796 16.3326822547242 16.6672490441706 16.5392315266654 16.722830879502 16.2100436245091 16.0831018844619 16.2351450985298 16.1103549133986 16.6166875036433 16.8135547784623 16.6403546077199 16.7368159864563 16.5184331624769 16.4474318502471 16.2968230061233 16.6948606655933 17.0943326950073 16.4553208849393 17.0244071602356 16.6747794863768 17.3535950623918 17.4586626607925 17.4654759180266 16.6353343129158 17.079988995567 17.9671468059532 17.0778374406509 17.1452528280206 17.5748466262594 17.4098940826952 17.7390819848515 9.8802176695317 2.82000235280279 10.5641573877855 -9999 -9999 -9999 -9999 -9999 -9999 -9999 -9999 -9999 -9999 -9999 -9999 -9999 -9999 -9999
-9999 -9999 -9999 -9999 -9999 -9999 -9999 -9999 -9999 8.0439700910072 17.0448469319381 16.6206320209894 16.6270866857376 16.8727225386538 16.7450636136346 16.9530472555198 16.7167348072398 16.6747794863768 16.5288323445711 16.3990218646359 16.6252937233075 16.2925198962912 16.1799218556844 16.2932370812632 16.8612475791015 16.8630405415315 15.5810724040493 16.2946714512073 16.3771477229893 16.56218144577 16.6475264574401 16.6912747407332 16.7744681974873 16.8899349779822 16.9903408740647 16.7500839084387 17.2513962038793 17.2700430131517 17.5002593891695 17.2141025853343 17.4436017763801 17.1796777066775 18.2013076993171 18.1082888084464 16.6499996278435 -9999 -9999 -9999 -9999 -9999 -9999 -9999 -9999 -9999 -9999 -9999 -9999 -9999 -9999 -9999 -9999 -9999
-9999 -9999 -9999 -9999 -9999 -9999 -9999 -9999 -9999 16.9415722959675 16.7077699950896 16.6297761293827 16.9146778595168 16.9799416919705 16.9770729520824 16.5377971567214 16.4875942086801 16.5546510035638 16.5808282550424 16.5456861914136 16.5872829197906 16.4725333242677 16.4287850409746 16.3950773472898 16.761917460477 16.7504425009247 15.2253486579284 15.9174321559258 16.4926145034842 16.6797997811809 16.8662678739056 16.8354289201088 16.9953611688688 17.041261007078 17.0764030707069 17.1488387528807 17.2944273022003 17.3087710016407 17.2234259899706 16.7551042032428 17.2384868743829 17.4292580769397 18.4128772660624 14.5271966717063 -9999 -9999 -9999 -9999 -9999 -9999 -9999 -9999 -9999 -9999 -9999 -9999 -9999 -9999 -9999 -9999 -9999 -9999
-9999 -9999 -9999 -9999 -9999 -9999 -9999 -9999 17.3470686791465 17.095528003294 16.7775162336184 17.0699484059587 16.9752799896523 17.0885952152312 16.4983519832604 16.5535752261057 16.6650974892545 16.6317483880557 16.4065523068421 16.365672763437 16.3836023877375 16.4000976420939 16.4079866767861 16.5464033763856 16.605212544091 16.5571611509658 16.6209906134754 16.6382030528039 16.8447523247451 16.8354289201088 16.7565385731868 16.8476210646331 16.9136020820588 16.9494613306597 16.9444410358556 17.1502731228247 17.3510849149898 17.3553880248219 17.2047791806981 17.1065248395316 17.0297860475257 17.5698263314553 17.4450361463241 -9999 -9999 -9999 -9999 -9999 -9999 -9999 -9999 -9999 -9999 -9999 -9999 -9999 -9999 -9999 -9999 -9999 -9999 -9999
-9999 -9999 -9999 -9999 -9999 -9999 -9999 -9999 17.1271439074771 16.8691366137937 16.6489608273841 16.5388729341794 17.1502731228247 16.7271339893341 16.6568498620763 16.6977294054814 16.5564439659938 16.4201788213104 16.3728446131572 16.3836023877375 16.2767418269068 16.3606524686329 16.6389202377759 16.721396509558 16.7744681974873 16.7938321917318 16.882763128262 16.8569444692694 16.8935209028423 16.8569444692694 16.9444410358556 17.0089876833372 17.0046845735051 17.0348063423298 16.605212544091 16.9200567468069 17.3331552906893 17.2614367934875 17.1531418627128 17.3130741114728 17.7347788750194 17.86411123164 16.2099996376783 -9999 -9999 -9999 -9999 -9999 -9999 -9999 -9999 -9999 -9999 -9999 -9999 -9999 -9999 -9999 -9999 -9999 -9999 -9999
-9999 -9999 -9999 -9999 -9999 -9999 -9999 5.7659118088822 17.1000701747835 17.121585723944 16.8677022438496 17.0473570793401 16.9096575647127 16.9100161571987 16.7551042032428 16.64394053258 16.444563110359 16.4495834051631 16.6152531336993 16.4137241565622 16.443128740415 16.605212544091 16.7529526483268 16.8347117351368 16.8562272842973 16.921491116751 17.0907467701472 17.0986358048394 17.1158482441679 17.1531418627128 17.1050904695876 17.1911526662298 17.3754692040384 17.3740348340943 17.3267006259412 17.4844813197851 17.321680331137 17.4120456376113 17.2528305738233 18.0453199679032 17.7118289559148 10.9939361462738 -9999 -9999 -9999 -9999 -9999 -9999 -9999 -9999 -9999 -9999 -9999 -9999 -9999 -9999 -9999 -9999 -9999 -9999 -9999 -9999
-9999 -9999 -9999 3.8400372271426 -9999 7.14789446273299 17.040364525863 17.1793191141915 17.0369578972459 17.2255775448866 17.1710714870133 17.0764030707069 17.0513015966862 17.0713827759027 16.7307199141942 16.80387278134 16.8264641079586 16.5600298908539 16.3541978038847 16.4094210467301 16.6690420066006 16.5672017405741 16.7321542841382 16.8160649258643 16.8476210646331 16.9358348161913 17.1287575736642 17.2141025853343 17.2836695276201 17.3539536548778 17.3467818051577 17.2334665795788 17.4371471116319 17.3862269786187 17.4500564411283 17.6035340251401 17.4651173255406 17.878215869423 17.758445979096 15.4597519517996 13.2949997028336 -9999 -9999 -9999 -9999 -9999 -9999 -9999 -9999 -9999 -9999 -9999 -9999 -9999 -9999 -9999 -9999 -9999 -9999 -9999 -9999 -9999
-9999 -9999 3.88019958557561 -9999 17.9829248753376 17.2096201792592 17.5443662649486 17.4281822994817 17.4565111058764 17.4271065220237 17.320245961193 17.2212744350545 17.1301919436082 17.2162541402504 17.1323434985243 17.1108279493637 16.9422894809395 16.1548203816637 16.2724387170747 16.3147526304238 16.5786767001264 16.6281624631956 16.7464979835786 16.8261055154726 16.8856318681501 17.0656452961266 17.2736289380118 17.3044678918086 17.3639942444861 17.4098940826952 17.3912472734228 17.079988995567 17.3274178109132 17.4098940826952 17.5726950713433 17.9262672625482 17.836619141046 15.0346618300742 19.0308858019499 -9999 -9999 -9999 -9999 -9999 -9999 -9999 -9999 -9999 -9999 -9999 -9999 -9999 -9999 -9999 -9999 -9999 -9999 -9999 -9999 -9999 -9999 -9999
16.7749996250495 16.7749996250495 -9999 16.5349996304139 17.8136692219414 17.7247382854111 17.6221808344126 17.4263893370517 17.4457533312961 17.4851985047571 17.3510849149898 17.161030897405 17.040902414592 16.7802056772634 16.7572557581589 16.5851313648745 16.4388256305829 16.2667012372985 15.7947935257107 16.5987578793429 16.6618701568805 16.7421948737465 16.8261055154726 16.8777428334579 17.0089876833372 17.1244544638321 17.400570678059 17.3955503832549 17.4651173255406 17.4507736261003 17.1947385910898 17.9832834678236 17.1746574118733 17.717566435691 17.9542374764569 18.1213415749371 18.3350626965985 13.0383710406478 -9999 -9999 -9999 -9999 -9999 -9999 -9999 -9999 -9999 -9999 -9999 -9999 -9999 -9999 -9999 -9999 -9999 -9999 -9999 -9999 -9999 -9999 -9999 -9999
17.5873973632697 17.6976645527175 18.2167271762155 17.7914364878088 17.6451307535172 17.7326273201033 17.5296639730223 17.1079592094757 17.5615787042771 17.1344950534403 17.1509903077967 17.1079592094757 16.004928722512 16.9892650966067 16.2803277517669 16.684820075985 16.3613696536049 16.325510405004 16.3893398675136 16.3204901101999 17.0932569175493 16.7264168043621 17.3439130652696 17.1129795042798 17.0900295851752 17.3051850767806 17.3561052097939 17.3697317242622 17.3044678918086 17.6207464644685 17.2901241923682 17.5698263314553 17.9083376382478 17.7548600542359 17.8172551468015 17.3847926086746 18.4228939495049 12.9399997107685 7.17136794202961 13.2399997040629 -9999 -9999 -9999 -9999 -9999 -9999 -9999 -9999 -9999 -9999 -9999 -9999 -9999 -9999 -9999 -9999 -9999 -9999 -9999 -9999 -9999 -9999
17.5703044547699 17.480178209953 17.3919644583948 18.1507461587898 17.7943052276969 17.5389873776585 17.7530670918059 16.3448743992485 17.2298806547187 16.9846033942886 17.1689199320972 17.0548875215463 16.8885006080382 16.524887827225 17.0566804839764 17.080706180539 16.3907742374577 16.3599352836609 16.4933316884562 16.7952665616758 16.9731284347363 16.9508957006037 17.1165654291399 17.242072799243 17.1717886719853 17.5805841060355 17.6809900021181 17.8925595688634 17.6200292794965 17.5734122563154 17.6135746147484 17.6594744529575 17.8229926265776 14.9623466831898 12.1335578967891 16.8718048503562 12.4250001202808 17.1548152943142 13.3232879268181 -9999 -9999 -9999 -9999 -9999 -9999 -9999 -9999 -9999 -9999 -9999 -9999 -9999 -9999 -9999 -9999 -9999 -9999 -9999 -9999 -9999 -9999 -9999
17.719717990607 17.4880672446452 17.8115176670253 17.3919644583948 17.1968901460059 17.1409497181885 16.8261055154726 16.3018433009274 16.7902462668717 17.7143391033169 17.1301919436082 16.9329660763033 16.0974455839023 16.6001922492869 16.2100436245091 17.1283989811782 15.6721548954956 17.1940214061178 16.9853205792606 16.7723166425712 17.0240485677496 17.2205572500825 17.240638429299 17.4608142157085 17.478026655037 17.9147923029959 17.8280129213817 17.7512741293758 17.9398937770166 18.0467543378472 18.0087435343303 17.9449140718207 18.1625797108281 16.801362633938 18.3393658064306 18.6577959340066 12.8549997126684 11.8422271971919 -9999 -9999 -9999 -9999 -9999 -9999 -9999 -9999 -9999 -9999 -9999 -9999 -9999 -9999 -9999 -9999 -9999 -9999 -9999 -9999 -9999 -9999 -9999 -9999
17.2506790189072 17.8165379618295 17.7634662739001 17.3568223947659 17.3546708398499 17.0735343308188 17.2191228801385 17.3797723138705 17.5067140539177 17.2836695276201 16.8949552727863 17.2732703455258 17.0183110879734 16.8712881687097 16.8103274460882 16.642506162636 16.6948606655933 16.843317954801 16.8648335039616 17.0190282729454 17.2678914582357 17.4902187995613 17.3482161751017 17.5461592273787 17.8617206150666 17.9284188174643 17.9743186556734 18.0618152222596 18.2088381415233 18.2647785693407 18.0847651413642 17.638163813789 17.8049996020272 -9999 -9999 13.6052278061397 -9999 -9999 -9999 -9999 -9999 -9999 -9999 -9999 -9999 -9999 -9999 -9999 -9999 -9999 -9999 -9999 -9999 -9999 -9999 -9999 -9999 -9999 -9999 -9999 -9999 -9999
17.7017883663066 17.9090548232198 17.799325522501 17.9047517133877 17.7878505629487 17.5547654470429 17.399853493087 17.4321268168278 17.2090822905302 17.0591906313784 17.0297860475257 16.9903408740647 16.8605303941295 16.5578783359379 16.5363627867773 16.8555100993253 16.7902462668717 16.6546983071603 17.0928983250633 17.3726004641503 17.7347788750194 17.6515854182653 17.7498397594318 17.8717612046748 18.1191900200211 18.1493117888458 18.1830194825307 18.1708273380063 18.2088381415233 18.2468489450403 18.5391018211376 18.3472548411228 17.8151035918854 14.8964527071767 -9999 -9999 -9999 -9999 -9999 -9999 -9999 -9999 -9999 -9999 -9999 -9999 -9999 -9999 -9999 -9999 -9999 -9999 -9999 -9999 -9999 -9999 -9999 -9999 -9999 -9999 -9999 -9999
18.2339396155439 18.3888515694998 17.9320047423244 18.037430933211 18.1901913322508 17.6953337015584 17.4679860654287 17.3690145392902 17.3051850767806 17.1466871979646 17.0068361284211 16.8368632900529 16.760841683019 16.7845087870955 16.9200567468069 16.9659565850161 17.0771202556789 16.9831690243445 17.4278237069957 17.757728794124 17.7211523605511 17.8653065399267 17.8968626786955 18.0417340430431 18.1765648177825 18.356578245759 18.4225592631847 18.3250221069902 18.5760368471965 18.4429990348872 18.4722243224969 17.3014557149261 17.1452528280206 17.9542374764569 16.6171997786233 4.99999988824129 -9999 -9999 -9999 -9999 -9999 -9999 -9999 -9999 -9999 -9999 -9999 -9999 -9999 -9999 -9999 -9999 -9999 -9999 -9999 -9999 -9999 -9999 -9999 -9999 -9999 -9999
-9999 -9999 -9999 -9999 7.15999983996153 16.9835276168305 17.4697790278587 17.2499618339352 17.2435071691871 16.9896236890927 16.7816400472075 16.8311258102767 16.8784600184299 16.8677022438496 16.8619647640735 17.1416669031605 17.1309091285802 17.1803948916495 17.4486220711842 17.5741294412874 17.6551713431254 17.838770695962 17.9413281469606 18.4720450262539 18.3372142515145 18.3400829914026 18.0157104740585 -9999 -9999 -9999 -9999 -9999 -9999 -9999 -9999 -9999 -9999 -9999 -9999 -9999 -9999 -9999 -9999 -9999 -9999 -9999 -9999 -9999 -9999 -9999 -9999 -9999 -9999 -9999 -9999 -9999 -9999 -9999 -9999 -9999 -9999 -9999
-9999 -9999 -9999 -9999 -9999 14.6220375608359 17.2255775448866 16.9724112497643 16.8296914403327 16.6640217117965 16.7543870182708 16.8261055154726 16.9171880069189 16.9494613306597 17.0333719723858 17.4550767359324 17.2047791806981 16.9917752440087 18.1016189882066 17.637241718825 17.75988034904 17.8653065399267 17.8846705341712 18.5789055870846 14.1836372374867 -9999 -9999 -9999 -9999 -9999 -9999 -9999 -9999 -9999 -9999 -9999 -9999 -9999 -9999 -9999 -9999 -9999 -9999 -9999 -9999 -9999 -9999 -9999 -9999 -9999 -9999 -9999 -9999 -9999 -9999 -9999 -9999 -9999 -9999 -9999 -9999 -9999
