EcologicalScience/Bass/data/rs_data_bass/sst_39.asc
NCOLS 226 
NROWS 124 
XLLCORNER -9.41648524995501 
YLLCORNER 47.587301625531 
CELLSIZE 0.0833 
NODATA_value -9999 
[rows 54 to 80 of 124, columns 0 to 61 of 226]
-9999 -9999 -9999 -9999 -9999 -9999 -9999 -9999 -9999 -9999 -9999 -9999 -9999 -9999 -9999 -9999 -9999 -9999 -9999 -9999 -9999 -9999 -9999 -9999 -9999 -9999 -9999 -9999 -9999 -9999 -9999 -9999 -9999 -9999 -9999 -9999 -9999 -9999 10.6681576562849 11.0049997540191 11.5949997408316 11.8749997345731 12.0649997303262 12.8949997117743 13.199999704957 13.3599997013807 13.3899997007102 13.2649997035041 13.4349996997043 13.4799996986985 13.4449996994808 13.4099997002631 13.3699997011572 13.3749997010455 13.2749997032806 13.0049997093156 12.8399997130036 12.6699997168034 11.3521426034027 10.3155260852195 -9999 11.9699997324497
-9999 -9999 -9999 -9999 -9999 -9999 -9999 -9999 -9999 -9999 -9999 -9999 -9999 -9999 -9999 -9999 -9999 -9999 -9999 -9999 -9999 -9999 -9999 -9999 -9999 -9999 -9999 -9999 -9999 -9999 -9999 -9999 -9999 -9999 -9999 -9999 -9999 -9999 12.3916663896913 11.8999997340143 12.0099997315556 12.1099997293204 12.4149997225031 12.8999997116625 13.0149997090921 13.2399997040629 13.3349997019395 13.364999701269 13.4799996986985 13.489999698475 13.469999698922 13.4299996998161 13.3399997018278 13.2949997028336 13.074999707751 12.7999997138977 12.7699997145683 13.4757139845086 -9999 13.6649996945634 -9999 10.7557140453053
-9999 -9999 -9999 -9999 -9999 -9999 -9999 -9999 -9999 -9999 -9999 -9999 -9999 -9999 -9999 -9999 -9999 -9999 -9999 -9999 -9999 -9999 -9999 -9999 -9999 -9999 -9999 -9999 -9999 -9999 -9999 -9999 -9999 -9999 -9999 -9999 -9999 -9999 -9999 12.5549997193739 12.3749997233972 12.4599997214973 12.4699997212738 12.6599997170269 12.5049997204915 13.1499997060746 13.2999997027218 13.3299997020513 13.3899997007102 13.3949997005984 13.4249996999279 13.4299996998161 13.4749996988103 13.1449997061864 12.9799997098744 12.7999997138977 12.8949997117743 12.8999997116625 12.5854542641477 13.4623211276651 -9999 -9999
-9999 -9999 -9999 -9999 -9999 -9999 -9999 -9999 -9999 -9999 -9999 -9999 -9999 -9999 -9999 -9999 -9999 -9999 -9999 -9999 -9999 -9999 -9999 -9999 -9999 -9999 -9999 -9999 -9999 -9999 -9999 -9999 -9999 -9999 -9999 -9999 -9999 -9999 -9999 -9999 11.9199997335672 12.22499972675 12.7449997151271 12.5849997187033 12.4649997213855 12.4099997226149 13.2449997039512 13.1549997059628 13.2349997041747 13.1749997055158 13.034999708645 13.0699997078627 12.929999710992 12.8999997116625 13.1349997064099 13.1149997068569 13.1249997066334 13.0649997079745 12.9537497104611 11.8599997349083 11.8599997349083 -9999
-9999 -9999 -9999 -9999 -9999 -9999 -9999 -9999 -9999 -9999 -9999 -9999 -9999 -9999 -9999 -9999 -9999 -9999 -9999 -9999 -9999 -9999 -9999 -9999 -9999 -9999 -9999 -9999 -9999 -9999 -9999 -9999 -9999 -9999 -9999 -9999 -9999 -9999 -9999 -9999 11.8599997349083 11.9099997337908 12.2449997263029 12.6749997166917 12.7699997145683 12.8949997117743 13.2149997046217 13.2799997031689 13.199999704957 13.0699997078627 13.0599997080863 13.0299997087568 12.9799997098744 12.9399997107685 13.0999997071922 13.0199997089803 12.9749997099862 13.012499709148 12.4274997222237 10.8895452111451 11.6524997395463 10.300209853806
-9999 -9999 -9999 -9999 -9999 -9999 -9999 -9999 -9999 -9999 -9999 -9999 -9999 -9999 -9999 -9999 -9999 -9999 -9999 -9999 -9999 -9999 -9999 -9999 -9999 -9999 -9999 -9999 -9999 -9999 -9999 -9999 -9999 -9999 -9999 -9999 -9999 -9999 -9999 -9999 11.4966664096961 11.8799997344613 12.1249997289851 12.3149997247383 12.22499972675 12.7699997145683 13.0149997090921 13.0199997089803 13.054999708198 13.1399997062981 13.1299997065216 13.2099997047335 13.074999707751 13.0649997079745 12.8349997131154 12.7489997150376 12.6799997165799 12.5599997192621 12.7074997159652 12.4729997212067 -9999 -9999
-9999 -9999 -9999 -9999 -9999 -9999 -9999 -9999 -9999 -9999 -9999 -9999 -9999 -9999 -9999 -9999 -9999 -9999 -9999 -9999 -9999 -9999 -9999 -9999 -9999 -9999 -9999 -9999 -9999 -9999 -9999 -9999 -9999 -9999 -9999 -9999 -9999 -9999 -9999 11.6749997390434 11.9899997320026 12.1099997293204 12.1799997277558 12.1999997273088 12.2549997260794 12.7699997145683 12.9999997094274 13.1149997068569 13.3149997023866 13.2349997041747 13.0999997071922 12.9549997104332 13.2599997036159 13.1599997058511 13.1499997060746 13.0149997090921 12.9249997111037 12.7259997155517 9.50999978743494 11.7974997363053 11.8424997352995 11.8862497343216
-9999 -9999 -9999 -9999 -9999 -9999 -9999 -9999 -9999 -9999 -9999 -9999 -9999 -9999 -9999 -9999 -9999 -9999 -9999 -9999 -9999 -9999 -9999 -9999 -9999 -9999 -9999 -9999 -9999 -9999 -9999 -9999 -9999 -9999 -9999 -9999 -9999 -9999 -9999 12.5299997199327 12.4699997212738 11.8249997356907 12.0949997296557 12.8199997134507 12.9399997107685 13.1049997070804 13.2249997043982 13.2399997040629 13.2949997028336 13.3299997020513 13.3399997018278 13.5299996975809 13.4949996983632 13.2499997038394 13.1599997058511 13.1499997060746 12.1999997273088 12.1999997273088 11.2169997492805 11.9099997337908 11.6749997390434 11.5249997423962
-9999 -9999 -9999 -9999 -9999 -9999 -9999 -9999 -9999 -9999 -9999 -9999 -9999 -9999 -9999 -9999 -9999 -9999 -9999 -9999 -9999 -9999 -9999 -9999 -9999 -9999 -9999 -9999 -9999 -9999 -9999 -9999 -9999 -9999 -9999 -9999 -9999 -9999 13.1944441495256 12.1699997279793 12.4399997219443 12.4849997209385 12.9899997096509 13.2149997046217 13.3499997016042 13.4049997003749 13.2749997032806 13.2499997038394 13.2299997042865 13.1949997050688 13.3899997007102 13.3949997005984 13.2799997031689 13.2499997038394 13.1699997056276 12.9899997096509 12.8949997117743 12.8399997130036 12.3649997236207 12.0949997296557 11.9999997317791 11.7449997374788
-9999 -9999 -9999 -9999 -9999 -9999 -9999 -9999 -9999 -9999 -9999 -9999 -9999 -9999 -9999 -9999 -9999 -9999 -9999 -9999 -9999 -9999 -9999 -9999 -9999 -9999 -9999 -9999 -9999 -9999 -9999 -9999 -9999 -9999 -9999 -9999 -9999 -9999 11.8999997340143 12.079999729991 12.5699997190386 12.9249997111037 13.0149997090921 13.3399997018278 13.364999701269 13.3749997010455 13.3349997019395 13.2249997043982 13.1349997064099 13.2099997047335 13.2899997029454 13.3999997004867 13.3199997022748 13.0799997076392 13.074999707751 12.9799997098744 12.9499997105449 12.8649997124448 12.7399997152388 12.039999730885 11.9299997333437 11.5249997423962
-9999 -9999 -9999 -9999 -9999 -9999 -9999 -9999 -9999 -9999 -9999 -9999 -9999 -9999 -9999 -9999 -9999 -9999 -9999 -9999 -9999 -9999 -9999 -9999 -9999 -9999 -9999 -9999 -9999 -9999 -9999 -9999 -9999 -9999 -9999 -9999 -9999 11.8699997346848 11.9949997318909 12.1049997294322 12.5449997195974 12.9749997099862 13.2349997041747 13.4149997001514 13.4049997003749 13.2799997031689 13.3699997011572 13.0199997089803 13.0999997071922 13.324999702163 13.3149997023866 13.3699997011572 13.3849997008219 13.2249997043982 13.1899997051805 13.0599997080863 12.784999714233 12.639999717474 12.494999720715 12.3999997228384 12.0299997311085 12.079999729991
-9999 -9999 -9999 -9999 -9999 -9999 -9999 -9999 -9999 -9999 -9999 -9999 -9999 -9999 -9999 -9999 -9999 -9999 -9999 -9999 -9999 -9999 -9999 -9999 -9999 -9999 -9999 -9999 -9999 -9999 -9999 -9999 -9999 -9999 -9999 -9999 -9999 11.9199997335672 12.1099997293204 12.4349997220561 12.9949997095391 13.034999708645 13.0999997071922 13.1699997056276 12.9199997112155 12.8699997123331 12.8849997119978 12.9549997104332 13.1549997059628 13.4099997002631 13.4499996993691 13.4949996983632 13.5449996972457 13.4249996999279 13.2449997039512 13.0249997088686 12.8549997126684 12.474999721162 12.2799997255206 12.3549997238442 12.2599997259676 12.2199997268617
-9999 -9999 -9999 -9999 -9999 -9999 -9999 -9999 -9999 -9999 -9999 -9999 -9999 -9999 -9999 -9999 -9999 -9999 -9999 -9999 -9999 -9999 -9999 -9999 -9999 -9999 -9999 -9999 -9999 -9999 -9999 -9999 -9999 -9999 -9999 11.2499997485429 11.8287497356068 12.2549997260794 12.3599997237325 12.4249997222796 12.3749997233972 12.6949997162446 12.8999997116625 12.8549997126684 12.7899997141212 12.8099997136742 12.8849997119978 12.9899997096509 13.2499997038394 13.3949997005984 13.4449996994808 13.4849996985868 13.3749997010455 13.4499996993691 13.1649997057393 13.2149997046217 12.9599997103214 12.8099997136742 12.7599997147918 12.5849997187033 12.5099997203797 12.4699997212738
-9999 -9999 -9999 -9999 -9999 -9999 -9999 -9999 -9999 -9999 -9999 -9999 -9999 -9999 -9999 -9999 -9999 -9999 -9999 -9999 -9999 -9999 -9999 -9999 -9999 -9999 -9999 -9999 -9999 -9999 -9999 -9999 -9999 -9999 -9999 10.9788459084498 12.1349997287616 12.3599997237325 12.3099997248501 12.5799997188151 12.8449997128919 12.7799997143447 13.0149997090921 13.034999708645 13.0399997085333 13.2049997048452 13.3549997014925 13.5049996981397 13.5999996960163 13.5949996961281 13.6049996959046 13.4949996983632 13.509999698028 13.4599996991456 13.2699997033924 13.21999970451 13.1699997056276 13.054999708198 12.9699997100979 12.7149997157976 12.7349997153506 12.7199997156858
-9999 -9999 -9999 -9999 -9999 -9999 -9999 -9999 -9999 -9999 -9999 -9999 -9999 -9999 -9999 -9999 -9999 -9999 -9999 -9999 -9999 -9999 -9999 -9999 -9999 -9999 -9999 -9999 -9999 13.4209997000173 13.8925637920411 11.553999741748 11.6099997404963 12.910434494038 14.3897774561412 11.9342854475336 12.3149997247383 12.4349997220561 12.6499997172505 12.8099997136742 12.8849997119978 13.0299997087568 13.0399997085333 13.1249997066334 13.2899997029454 13.3849997008219 13.5249996976927 13.6499996948987 13.75999969244 13.7449996927753 13.6899996940047 13.5799996964633 13.5949996961281 13.4549996992573 13.344999701716 13.2349997041747 13.1549997059628 13.1499997060746 13.074999707751 13.0649997079745 11.5219997424632 11.582499741111
-9999 -9999 -9999 -9999 -9999 -9999 -9999 -9999 -9999 -9999 -9999 -9999 -9999 -9999 -9999 -9999 -9999 -9999 -9999 -9999 -9999 -9999 -9999 11.9299997333437 11.6992854527863 11.6337497399654 11.6514997395687 12.0637497303542 13.0289997087792 12.3949997229502 11.7299997378141 11.7299997378141 11.8987497340422 12.3649997236207 12.4299997221678 12.3949997229502 12.3999997228384 12.6249997178093 12.7399997152388 12.784999714233 12.6799997165799 13.034999708645 13.1749997055158 13.324999702163 13.5149996979162 13.4599996991456 13.4799996986985 13.634999695234 13.779999691993 13.7749996921048 13.7499996926636 13.6749996943399 13.5399996973574 13.3349997019395 13.2549997037277 13.2499997038394 13.2249997043982 12.5179997202009 12.3599997237325 13.0316663753862 -9999 -9999
-9999 -9999 -9999 -9999 -9999 -9999 -9999 -9999 -9999 -9999 -9999 -9999 -9999 -9999 -9999 -9999 -9999 -9999 -9999 -9999 -9999 15.0685290749568 11.7199997380376 10.6399997621775 10.6399997621775 12.0283330644791 12.0471425878682 12.2007140130071 11.4149997448549 11.4149997448549 12.2499997261912 12.2899997252971 12.3149997247383 12.3349997242913 12.4299997221678 12.6599997170269 12.889999711886 12.7449997151271 12.6949997162446 12.7049997160211 13.0599997080863 13.1449997061864 13.2999997027218 13.344999701716 13.3049997026101 13.3699997011572 13.5599996969104 13.6949996938929 13.7199996933341 13.6899996940047 13.5799996964633 13.4149997001514 13.4099997002631 13.3099997024983 13.2449997039512 13.074999707751 13.0499997083098 -9999 -9999 -9999 -9999 -9999
-9999 -9999 -9999 -9999 -9999 -9999 -9999 -9999 -9999 -9999 -9999 -9999 -9999 -9999 -9999 -9999 -9999 6.88018432352692 15.9312787136756 11.6769997389987 10.9849997544661 11.2199997492135 11.2149997493252 11.5099997427315 11.5099997427315 12.6849997164682 12.5549997193739 11.0149997537956 11.7549997372553 11.8299997355789 12.1149997292086 12.0999997295439 12.7399997152388 12.5899997185916 12.5699997190386 12.784999714233 12.8249997133389 12.619999717921 12.4449997218326 13.074999707751 13.2124997046776 13.5849996963516 13.3149997023866 13.4949996983632 13.5899996962398 13.7099996935576 13.5249996976927 13.4249996999279 13.489999698475 13.2599997036159 13.1899997051805 13.5249996976927 12.7349997153506 -9999 -9999 -9999 -9999 -9999 -9999 -9999 -9999 -9999
-9999 -9999 -9999 -9999 -9999 -9999 -9999 -9999 -9999 -9999 -9999 -9999 -9999 8.04257265554975 -9999 -9999 9.89499977882951 12.4199997223914 11.9899997320026 11.9499997328967 12.0999997295439 12.2949997251853 12.1599997282028 12.2399997264147 12.5449997195974 12.4799997210503 12.2699997257441 11.3649997459725 11.3749997457489 11.6499997396022 12.9816663765038 12.7799997143447 12.6099997181445 12.5349997198209 12.6149997180328 12.6799997165799 12.6699997168034 12.8399997130036 13.0799997076392 13.2399997040629 13.364999701269 13.5299996975809 13.3799997009337 13.4799996986985 13.4299996998161 13.5849996963516 13.5399996973574 13.2399997040629 12.9899997096509 13.0049997093156 13.179999705404 13.1349997064099 -9999 -9999 -9999 -9999 -9999 -9999 -9999 -9999 -9999 -9999
-9999 -9999 -9999 -9999 -9999 -9999 -9999 -9999 -9999 -9999 -9999 -9999 -9999 10.5016664319361 12.0649997303262 12.2149997269735 12.3199997246265 11.7999997362494 11.9699997324497 12.1999997273088 12.329999724403 12.349999723956 12.2199997268617 11.9499997328967 11.7649997370318 11.1599997505546 11.2349997488782 11.1299997512251 11.2349997488782 11.8499997351319 12.0349997309968 12.2599997259676 12.3599997237325 12.4499997217208 12.5799997188151 12.6549997171387 12.6749997166917 12.6999997161329 12.9649997102097 13.2649997035041 13.3599997013807 13.2449997039512 13.2849997030571 13.5399996973574 13.5649996967986 13.6099996957928 13.5349996974692 13.4799996986985 13.4449996994808 13.3599997013807 13.344999701716 13.2149997046217 11.6129997404292 -9999 -9999 -9999 -9999 -9999 -9999 21.7948832337766 21.808953000904 19.6755995602161
-9999 -9999 -9999 -9999 -9999 -9999 -9999 -9999 -9999 -9999 -9999 13.2736839138364 11.9871425892093 11.6016664073492 11.5749997412786 11.3499997463077 11.0299997534603 12.1349997287616 12.1649997280911 12.0549997305498 12.329999724403 11.9199997335672 11.934999733232 12.0249997312203 12.3849997231737 11.5299997422844 11.5499997418374 11.4299997445196 11.5149997426197 11.7549997372553 11.9599997326732 12.22499972675 12.4349997220561 12.5899997185916 12.6499997172505 12.6599997170269 12.7099997159094 12.8849997119978 13.0049997093156 12.9699997100979 12.8699997123331 12.9399997107685 13.1899997051805 13.6249996954575 13.6449996950105 13.7299996931106 13.6999996937811 13.5049996981397 13.4599996991456 13.5699996966869 13.7699996922165 10.4484613049202 -9999 -9999 -9999 -9999 12.8449997128919 12.7599997147918 12.6099997181445 12.2916663919265 13.7923681127692 17.7899996023625
-9999 -9999 -9999 -9999 -9999 -9999 -9999 -9999 12.1165622291737 11.5549997417256 11.3499997463077 11.8749997345731 11.8449997352436 11.7783330700671 11.6949997385964 11.7299997378141 12.1299997288734 12.247499726247 12.2299997266382 11.8749997345731 11.8749997345731 11.8199997358024 11.914999733679 11.9549997327849 11.2999997474253 10.8749997569248 11.4049997450784 11.5349997421727 11.604999740608 11.7949997363612 11.9649997325614 12.1349997287616 12.494999720715 12.5649997191504 12.6899997163564 12.7399997152388 12.8499997127801 12.9699997100979 12.909999711439 12.7499997150153 12.7049997160211 12.7949997140095 13.0649997079745 13.5249996976927 13.6699996944517 13.8299996908754 13.9949996871874 13.9299996886402 13.7899996917695 13.4949996983632 13.1599997058511 13.1899997051805 13.1149997068569 13.0449997084215 13.0199997089803 13.1149997068569 13.0599997080863 12.9899997096509 13.074999707751 13.1199997067451 12.5516663861151 11.8212497357745
-9999 -9999 -9999 -9999 -9999 11.7199997380376 11.9249997334555 11.8399997353554 11.5949997408316 11.6099997404963 11.5249997423962 11.4399997442961 11.9599997326732 12.0916663963969 10.0859997745603 11.8349997354671 12.184999727644 12.0899997297674 12.059999730438 12.0899997297674 12.0749997301027 11.8499997351319 12.0699997302145 12.0749997301027 11.8349997354671 10.464999766089 12.2649997258559 12.3799997232854 12.0699997302145 11.9949997318909 12.1549997283146 12.3249997245148 12.3249997245148 12.5799997188151 12.7349997153506 12.7549997149035 12.7599997147918 12.6599997170269 12.514999720268 12.5449997195974 12.6849997164682 12.7499997150153 12.8799997121096 13.2849997030571 13.5599996969104 13.8849996896461 14.0299996864051 14.0849996851757 13.8949996894225 13.5199996978045 13.3799997009337 13.2949997028336 13.2249997043982 13.1749997055158 13.21999970451 13.3049997026101 13.3849997008219 13.3199997022748 13.3099997024983 13.2149997046217 13.1449997061864 12.9749997099862
-9999 -9999 -9999 -9999 -9999 12.0949997296557 12.4149997225031 12.4899997208267 12.2399997264147 12.1249997289851 12.0749997301027 11.2999997474253 11.2149997493252 11.1449997508898 12.0366663976262 11.9799997322261 12.0299997311085 12.2349997265264 12.2549997260794 12.2149997269735 12.1549997283146 12.0949997296557 12.0124997314997 12.1049997294322 12.1449997285381 12.1749997278675 12.2749997256324 12.2649997258559 12.2399997264147 12.1449997285381 12.2699997257441 12.2699997257441 12.2499997261912 12.4999997206032 12.5399997197092 12.4499997217208 12.4699997212738 12.4449997218326 12.4549997216091 12.5649997191504 12.5399997197092 12.6649997169152 13.1149997068569 13.2099997047335 13.4299996998161 13.7099996935576 13.8299996908754 14.0549996858463 13.9799996875226 13.8649996900931 13.6499996948987 13.5599996969104 13.5649996967986 13.4099997002631 13.3199997022748 13.5049996981397 13.5649996967986 13.5649996967986 13.5199996978045 13.4049997003749 12.9999997094274 13.1016663738216
-9999 -9999 -9999 -9999 -9999 12.1699997279793 12.1449997285381 12.039999730885 12.0049997316673 12.1399997286499 12.0549997305498 10.7037497607525 11.5866664076845 11.9099997337908 12.2749997256324 12.2649997258559 11.9849997321144 12.1899997275323 12.329999724403 12.3049997249618 12.2349997265264 11.8349997354671 12.3649997236207 12.2799997255206 12.2649997258559 12.2149997269735 12.2199997268617 12.2349997265264 12.2349997265264 12.079999729991 12.1199997290969 12.1749997278675 12.2149997269735 12.3849997231737 12.4149997225031 12.2899997252971 12.2349997265264 12.2999997250736 12.5449997195974 12.5599997192621 12.619999717921 12.7549997149035 12.9399997107685 13.21999970451 13.4349996997043 13.5999996960163 13.6749996943399 13.6949996938929 13.924999688752 14.0049996869639 13.944999688305 13.9099996890873 13.8849996896461 13.9199996888638 13.8149996912107 13.779999691993 13.7549996925518 13.6799996942282 13.6399996951222 13.6499996948987 13.614999695681 13.5899996962398
-9999 -9999 -9999 -9999 -9999 12.1699997279793 12.1799997277558 11.7799997366965 11.7949997363612 11.6649997392669 11.8499997351319 11.8549997350201 12.1299997288734 12.3149997247383 12.3899997230619 12.349999723956 11.0237497536 12.5349997198209 12.5449997195974 12.0449997307733 11.76999973692 12.0149997314438 12.5199997201562 12.3899997230619 12.3999997228384 12.3549997238442 12.3199997246265 12.3099997248501 12.3149997247383 12.2549997260794 12.1449997285381 12.0999997295439 12.1349997287616 12.3399997241795 12.329999724403 12.2749997256324 12.2449997263029 12.4199997223914 12.4899997208267 12.5299997199327 12.6049997182563 12.7349997153506 12.8949997117743 13.0949997073039 13.2299997042865 13.2599997036159 13.21999970451 13.5549996970221 13.8049996914342 13.9399996884167 13.8749996898696 13.8799996897578 13.8549996903166 13.9099996890873 13.9799996875226 13.7049996936694 13.7199996933341 13.7399996928871 13.8249996909872 13.7299996931106 13.6399996951222 13.5899996962398
-9999 -9999 -9999 -9999 -9999 12.1099997293204 12.1299997288734 12.1549997283146 12.1099997293204 11.9249997334555 12.1499997284263 11.7999997362494 12.2999997250736 12.4549997216091 12.494999720715 12.4249997222796 12.4449997218326 12.4199997223914 12.4149997225031 12.4699997212738 12.6599997170269 12.6799997165799 12.5549997193739 12.349999723956 12.1599997282028 12.0449997307733 12.1949997274205 12.3199997246265 12.349999723956 12.1899997275323 12.1899997275323 12.1549997283146 12.1599997282028 11.9549997327849 11.9549997327849 11.9249997334555 11.9949997318909 12.204999727197 12.3799997232854 12.5399997197092 12.6749997166917 12.76499971468 12.7499997150153 12.9449997106567 12.8699997123331 13.0849997075275 13.2349997041747 13.3699997011572 13.3699997011572 13.5849996963516 13.634999695234 13.7699996922165 13.7399996928871 13.7649996923283 13.2549997037277 13.364999701269 13.6099996957928 13.6599996946752 13.6999996937811 13.6749996943399 13.614999695681 13.5649996967986
