EcologicalScience/Bass/data/rs_data_bass/sst_111.asc
NCOLS 226 
NROWS 124 
XLLCORNER -9.41648524995501 
YLLCORNER 47.587301625531 
CELLSIZE 0.0833 
NODATA_value -9999 
[rows 0 to 26 of 124, columns 0 to 61 of 226]
-9999.000000000000000 -9999 -9999 -9999 -9999 -9999 -9999 -9999 -9999 -9999 -9999 -9999 -9999 -9999 -9999 -9999 -9999 -9999 -9999 -9999 -9999 -9999 -9999 -9999 -9999 -9999 -9999 -9999 -9999 -9999 -9999 -9999 -9999 -9999 -9999 -9999 -9999 -9999 -9999 -9999 -9999 -9999 -9999 -9999 -9999 -9999 -9999 -9999 -9999 -9999 -9999 -9999 -9999 -9999 -9999 -9999 -9999 -9999 -9999 -9999 -9999 -9999
-9999 -9999 -9999 -9999 -9999 -9999 -9999 -9999 -9999 -9999 -9999 -9999 -9999 -9999 -9999 -9999 -9999 -9999 -9999 -9999 -9999 -9999 -9999 -9999 -9999 -9999 -9999 -9999 -9999 -9999 -9999 -9999 -9999 -9999 -9999 -9999 -9999 -9999 -9999 -9999 -9999 -9999 -9999 -9999 -9999 -9999 -9999 -9999 -9999 -9999 -9999 -9999 -9999 -9999 -9999 -9999 -9999 -9999 -9999 -9999 -9999 -9999
-9999 -9999 -9999 -9999 -9999 -9999 -9999 -9999 -9999 -9999 -9999 -9999 -9999 -9999 -9999 -9999 -9999 -9999 -9999 -9999 -9999 -9999 -9999 -9999 -9999 -9999 -9999 -9999 -9999 -9999 -9999 -9999 -9999 -9999 -9999 -9999 -9999 -9999 -9999 -9999 -9999 -9999 -9999 -9999 -9999 -9999 -9999 -9999 -9999 -9999 -9999 -9999 -9999 -9999 -9999 -9999 -9999 -9999 -9999 -9999 -9999 -9999
-9999 -9999 -9999 -9999 -9999 -9999 -9999 -9999 -9999 -9999 -9999 -9999 -9999 -9999 -9999 -9999 -9999 -9999 -9999 -9999 -9999 -9999 -9999 -9999 -9999 -9999 -9999 -9999 -9999 -9999 -9999 -9999 -9999 -9999 -9999 -9999 -9999 -9999 -9999 -9999 -9999 -9999 -9999 -9999 -9999 -9999 -9999 -9999 -9999 -9999 -9999 -9999 -9999 -9999 -9999 -9999 -9999 -9999 -9999 -9999 -9999 -9999
-9999 -9999 -9999 -9999 -9999 -9999 -9999 -9999 -9999 -9999 -9999 -9999 -9999 -9999 -9999 -9999 -9999 -9999 -9999 -9999 -9999 -9999 -9999 -9999 -9999 -9999 -9999 -9999 -9999 -9999 -9999 -9999 -9999 -9999 -9999 -9999 -9999 -9999 -9999 -9999 -9999 -9999 -9999 -9999 -9999 -9999 -9999 -9999 -9999 -9999 -9999 -9999 -9999 -9999 -9999 -9999 -9999 -9999 -9999 -9999 -9999 -9999
-9999 -9999 -9999 -9999 -9999 10.2299997713417 10.1649997727945 10.069999774918 10.029999775812 9.86999977938831 10.9049997562543 10.1599997729063 10.1249997736886 9.91999977827072 9.69499978329986 9.59999978542328 9.51999978721142 9.33499979134649 9.08499979693443 8.58999980799854 9.2149997940287 9.90999977849424 10.1449997732416 10.609999762848 10.9049997562543 8.64071409257927 8.14499981794506 8.21499981638044 8.039999820292 7.92499982286245 7.82999982498586 10.6349997622892 10.7488886486325 12.3481764700544 12.3249997245148 7.0540178213224 11.2396718797096 12.2299997266382 12.9889652269154 11.0795997523516 10.7739997591823 10.7421426170373 9.74999978207052 9.74999978207052 -9999 -9999 -9999 -9999 -9999 -9999 -9999 -9999 -9999 -9999 -9999 -9999 -9999 -9999 -9999 -9999 -9999 -9999
-9999 -9999 -9999 -9999 -9999 10.3799997679889 10.3149997694418 10.2499997708946 10.2199997715652 10.2949997698888 9.94999977760017 10.0049997763708 9.97499977704138 9.78499978128821 9.42999978922307 9.50999978743494 9.52499978709966 9.47999978810549 9.50499978754669 9.40499978978187 9.20999979414046 9.5299997869879 9.91999977827072 10.5099997650832 12.5285291317303 7.47412614061614 9.59599978551269 8.19499981682748 8.2099998164922 8.19999981671572 10.4516664330537 10.5583330973362 10.7224997603334 9.41310103619471 9.14583818400131 12.0387115899461 12.0099997315556 -9999 8.94516833938575 11.1969045116344 10.6664997615851 11.2049997495487 11.1883330832546 9.78999978117645 9.78999978117645 12.2345235360609 -9999 -9999 -9999 -9999 -9999 -9999 -9999 -9999 -9999 -9999 -9999 -9999 -9999 -9999 -9999 -9999
-9999 -9999 -9999 -9999 -9999 10.3949997676536 10.3449997687712 10.2849997701123 10.2799997702241 10.3349997689947 10.0449997754768 10.069999774918 9.79999978095293 9.59999978542328 9.57499978598207 9.49999978765845 9.50499978754669 9.52499978709966 9.48499978799373 9.40499978978187 9.35499979089946 9.37999979034066 9.82499978039414 10.5349997645244 10.77499975916 9.58299978580326 9.92666644478838 9.49999978765845 9.46999978832901 9.38999979011714 10.2699997704476 10.5466664309303 9.39499979000539 9.39999978989363 9.40499978978187 11.0664283240746 10.3682794795725 12.3099997248501 12.0549997305498 11.9040256522941 10.9238504645222 10.9309997556731 11.3279997467995 9.88499977905303 9.88499977905303 10.8796664234872 -9999 -9999 -9999 -9999 -9999 -9999 -9999 -9999 -9999 -9999 -9999 -9999 -9999 -9999 -9999 -9999
-9999 -9999 -9999 -9999 -9999 10.3799997679889 10.3999997675419 10.4199997670949 10.4549997663125 10.6699997615069 10.3949997676536 10.2449997710064 9.87999977916479 9.74499978218228 9.5899997856468 9.69499978329986 9.71499978285283 9.62999978475273 9.53499978687614 9.48499978799373 9.55499978642911 9.46999978832901 9.69499978329986 10.0149997761473 6.70967726938186 9.44899978879839 9.9416664444531 9.91499977838248 9.91499977838248 10.6983330942069 10.6983330942069 10.6816664279128 10.4716664326067 10.1783331058299 10.4716664326067 10.3183331027006 11.8842305035975 11.897999734059 12.4331044460793 12.2527122799715 10.0177624373343 11.8326709840782 11.4952320811768 10.3777592733509 10.9468210507655 9.38821407587134 9.33499979134649 -9999 -9999 -9999 -9999 -9999 -9999 -9999 -9999 -9999 -9999 -9999 -9999 -9999 -9999 -9999
-9999 -9999 -9999 -9999 -9999 10.3799997679889 10.2899997700006 10.1899997722358 10.0249997759238 10.0549997752532 10.0049997763708 9.96999977715313 9.71499978285283 9.56999978609383 9.59999978542328 9.57999978587031 9.59499978553504 9.5899997856468 9.50499978754669 9.46499978844076 9.54999978654087 9.65499978419393 9.74499978218228 9.97499977704138 10.7099997606128 10.257499770727 10.243333104377 7.35499983560294 6.9024998457171 10.1599997729063 10.0799997746944 9.56999978609383 9.56999978609383 10.4533330996831 10.4399997666478 10.3949997676536 11.2349997488782 11.1266664179663 10.8499997574836 9.40499978978187 9.40499978978187 9.40499978978187 11.1070142859656 9.25999979302287 12.6494114819695 13.6434905170351 12.0949997296557 -9999 -9999 -9999 -9999 -9999 -9999 -9999 -9999 -9999 -9999 -9999 -9999 -9999 -9999 -9999
-9999 -9999 -9999 -9999 -9999 10.1999997720122 10.2949997698888 10.4799997657537 10.2699997704476 9.74999978207052 9.87499977927655 9.73999978229403 9.63499978464097 9.58499978575855 9.55499978642911 9.55499978642911 9.59999978542328 9.5899997856468 9.58499978575855 9.54999978654087 9.5299997869879 9.77749978145584 10.1899997722358 10.2499997708946 10.3999997675419 7.5199998319149 7.5199998319149 9.57999978587031 9.5899997856468 9.73499978240579 9.69499978329986 9.49999978765845 9.48499978799373 9.65249978424981 9.38399979025126 10.5524997641332 11.1574997506104 11.1324997511692 9.59499978553504 9.48499978799373 10.9524997551925 11.4059088359672 11.6422724670477 12.0119997315109 12.5187316552548 12.039999730885 -9999 -9999 -9999 -9999 -9999 -9999 -9999 -9999 -9999 -9999 -9999 -9999 -9999 -9999 -9999 -9999
-9999 -9999 -9999 -9999 -9999 10.3899997677654 10.4749997658655 10.6599997617304 10.5349997645244 10.174999772571 9.98499977681786 9.86499977950007 9.65999978408217 9.58499978575855 9.47999978810549 9.52499978709966 9.53499978687614 9.53999978676438 9.53499978687614 9.59999978542328 9.66499978397042 9.60499978531152 9.36249979073182 9.97666644367079 8.69999980553985 9.0699997972697 9.2999997921288 9.68999978341162 9.71999978274107 9.91499977838248 10.0099997762591 9.82499978039414 9.15999979525805 9.38999979011714 9.36999979056418 9.56999978609383 9.56999978609383 9.2266664604346 9.14333312896391 10.174999772571 11.127499751281 11.8229997357354 11.9294997333549 13.0924997073598 12.4693503873161 12.6917718818851 12.2549997260794 -9999 -9999 -9999 -9999 -9999 -9999 -9999 -9999 -9999 -9999 -9999 -9999 -9999 -9999 -9999
-9999 -9999 -9999 -9999 -9999 10.5899997632951 10.2799997702241 10.359999768436 10.5699997637421 10.8249997580424 10.7499997597188 10.2299997713417 10.5099997650832 9.67999978363514 9.42499978933483 9.57499978598207 9.76999978162348 9.72999978251755 9.61999978497624 9.36999979056418 9.53999978676438 9.52499978709966 9.90999977849424 9.63499978464097 9.92499977815896 9.78249978134409 9.70999978296459 9.83999978005886 9.88999977894127 9.84999977983534 9.75499978195876 9.66499978397042 9.68499978352338 9.51999978721142 9.33999979123473 9.55499978642911 9.27499979268759 9.27499979268759 9.51499978732318 9.51999978721142 9.62499978486449 9.57499978598207 9.50999978743494 12.3935711515535 11.6560393174672 12.1299997288734 -9999 -9999 -9999 -9999 -9999 -9999 -9999 -9999 -9999 -9999 -9999 -9999 -9999 -9999 -9999 -9999
-9999 -9999 -9999 -9999 -9999 10.8049997584894 10.6049997629598 10.31999976933 10.1899997722358 10.1299997735769 10.5749997636303 10.7599997594953 9.93499977793545 9.56999978609383 9.51999978721142 9.29499979224056 9.55999978631735 9.73999978229403 9.64999978430569 9.57499978598207 9.45499978866428 9.55999978631735 9.43999978899956 9.46999978832901 10.4149997672066 10.049999775365 9.759999781847 9.80499978084117 9.85999977961183 9.85499977972358 9.87499977927655 9.90999977849424 9.83499978017062 9.49999978765845 9.5299997869879 9.86666644612948 9.59999978542328 9.62999978475273 9.64499978441745 9.59999978542328 9.68499978352338 9.67999978363514 9.65999978408217 13.1860462168968 11.8749997345731 -9999 -9999 -9999 -9999 -9999 -9999 -9999 -9999 -9999 -9999 -9999 -9999 -9999 -9999 -9999 -9999 -9999
-9999 -9999 -9999 -9999 -9999 10.9299997556955 10.9349997555837 10.194999772124 9.72999978251755 9.71499978285283 9.71499978285283 9.80999978072941 10.2599997706711 9.61999978497624 9.24999979324639 9.68999978341162 9.82999978028238 9.77499978151172 9.23999979346991 9.46499978844076 9.51999978721142 9.57999978587031 9.82999978028238 10.4549997663125 10.2199997715652 9.759999781847 10.049999775365 9.97999977692962 9.9299997780472 9.93999977782369 9.96999977715313 10.0949997743592 9.99999977648258 9.70999978296459 10.5899997632951 10.5949997631833 9.60499978531152 9.614999785088 9.64999978430569 9.65999978408217 9.30499979201704 11.6939130267181 11.9609242710976 12.2644014526054 12.1187350769067 11.7354163042698 -9999 -9999 -9999 -9999 -9999 -9999 -9999 -9999 -9999 -9999 -9999 -9999 -9999 -9999 -9999 -9999
-9999 -9999 -9999 -9999 -9999 10.1649997727945 10.3699997682124 10.9049997562543 11.0349997533485 11.0049997540191 10.8149997582659 10.3349997689947 10.2899997700006 10.1599997729063 9.34999979101121 10.0099997762591 10.0249997759238 10.0099997762591 9.75499978195876 9.5899997856468 9.84999977983534 9.82999978028238 10.1149997739121 10.3949997676536 10.3899997677654 10.0899997744709 9.94499977771193 9.83999978005886 9.759999781847 9.65999978408217 10.0449997754768 10.0749997748062 10.0049997763708 9.94999977760017 11.0124997538514 11.2074997494929 10.0283331091826 9.75499978195876 9.85999977961183 9.76499978173524 9.49999978765845 9.3599997907877 11.6457668766641 -9999 -9999 -9999 -9999 13.2249997043982 13.2249997043982 -9999 -9999 -9999 -9999 -9999 -9999 -9999 -9999 -9999 -9999 -9999 -9999 -9999
-9999 -9999 -9999 -9999 -9999 9.96999977715313 9.62999978475273 10.2299997713417 9.90999977849424 9.82999978028238 9.904999778606 9.83999978005886 10.1599997729063 10.3949997676536 10.4349997667596 10.0399997755885 10.0449997754768 9.9899997767061 9.64499978441745 9.84999977983534 10.1799997724593 10.3349997689947 10.5899997632951 10.3649997683242 10.3499997686595 10.1449997732416 9.82499978039414 9.62499978486449 10.2299997713417 10.5074997651391 10.4499997664243 10.4449997665361 10.4349997667596 10.6616664283598 8.64499980676919 8.69999980553985 9.64999978430569 11.3763633820821 13.7117018211791 -9999 -9999 -9999 -9999 -9999 -9999 -9999 -9999 -9999 -9999 -9999 -9999 -9999 -9999 -9999 -9999 -9999 -9999 -9999 -9999 -9999 -9999 -9999
-9999 -9999 -9999 -9999 -9999 10.5399997644126 10.4599997662008 10.464999766089 10.3099997695535 9.59499978553504 9.62499978486449 9.87999977916479 8.80999980308115 9.40499978978187 10.0749997748062 10.2749997703359 10.4099997673184 10.4499997664243 10.464999766089 10.2949997698888 10.3249997692183 10.2699997704476 10.4099997673184 10.194999772124 10.2749997703359 10.2899997700006 10.174999772571 10.0049997763708 9.83999978005886 9.75499978195876 9.54499978665262 9.5299997869879 10.8699997570366 10.513333098342 10.0599997751415 10.0649997750297 9.98499977681786 9.88499977905303 9.94499977771193 10.0049997763708 11.6199997402728 -9999 -9999 -9999 -9999 -9999 -9999 -9999 -9999 -9999 -9999 -9999 -9999 -9999 -9999 -9999 -9999 -9999 -9999 -9999 -9999 -9999
-9999 -9999 -9999 -9999 -9999 10.6999997608364 10.6049997629598 10.4549997663125 10.4049997674301 10.4599997662008 10.0099997762591 9.10999979637563 9.25999979302287 9.5899997856468 9.59999978542328 9.6749997837469 9.71999978274107 9.904999778606 10.3949997676536 10.0099997762591 10.2849997701123 10.2649997705594 10.1999997720122 10.2749997703359 10.2899997700006 10.3099997695535 10.2449997710064 10.0599997751415 9.96499977726489 9.71999978274107 9.39499979000539 8.80999980308115 9.19499979447573 10.4124997672625 9.97499977704138 10.0549997752532 10.1199997738004 9.86999977938831 9.97999977692962 8.9930737594857 12.5764251857462 -9999 -9999 11.3814862320904 10.7607140451936 10.7342854743557 -9999 -9999 -9999 -9999 -9999 -9999 -9999 -9999 -9999 -9999 -9999 -9999 -9999 -9999 -9999 -9999
-9999 -9999 -9999 -9999 -9999 10.8399997577071 10.6849997611716 10.5899997632951 10.5199997648597 10.464999766089 9.36999979056418 9.2999997921288 9.20499979425222 9.4449997888878 9.41499978955835 9.86999977938831 10.1399997733533 10.1549997730181 9.91499977838248 10.2649997705594 10.2999997697771 10.2999997697771 10.3049997696653 10.4249997669831 10.2499997708946 10.2099997717887 10.0899997744709 9.86999977938831 9.59999978542328 9.71499978285283 9.66499978397042 9.40499978978187 9.70499978307635 9.57999978587031 9.93999977782369 9.93999977782369 9.66499978397042 9.35499979089946 9.35499979089946 12.5966663851092 12.3799997232854 9.37999979034066 9.37999979034066 10.5149997649714 10.554545218633 10.5599997639656 -9999 -9999 -9999 -9999 -9999 -9999 -9999 -9999 -9999 -9999 -9999 -9999 -9999 -9999 -9999 -9999
-9999 -9999 -9999 -9999 -9999 10.7199997603893 10.8399997577071 10.8399997577071 10.4599997662008 9.77499978151172 9.43999978899956 9.16999979503453 8.91499980073422 9.0449997978285 9.1549997953698 9.70999978296459 9.45999978855252 9.88999977894127 10.5849997634068 10.6149997627363 10.6199997626245 10.7649997593835 10.5299997646362 10.5849997634068 10.5299997646362 10.4549997663125 10.5749997636303 10.4149997672066 10.0949997743592 9.97999977692962 9.59999978542328 9.759999781847 8.24499981570989 8.09999981895089 9.63499978464097 9.49999978765845 9.48499978799373 9.54999978654087 9.49499978777021 9.42999978922307 9.39499979000539 9.37499979045242 9.39499979000539 9.41499978955835 9.52499978709966 8.0435712487836 -9999 -9999 -9999 -9999 -9999 -9999 -9999 -9999 -9999 -9999 -9999 -9999 -9999 -9999 -9999 -9999
-9999 -9999 -9999 -9999 -9999 10.484999765642 10.504999765195 10.4449997665361 10.4349997667596 10.504999765195 9.78499978128821 8.86999980174005 8.90499980095774 9.70499978307635 10.1849997723475 10.0449997754768 9.96999977715313 9.6749997837469 10.3499997686595 10.5349997645244 10.6999997608364 10.9599997550249 11.044999753125 11.1449997508898 10.5649997638538 10.629999762401 10.5699997637421 10.4349997667596 10.2299997713417 10.1599997729063 10.0449997754768 9.74499978218228 9.66999978385866 9.63499978464097 9.66999978385866 9.62999978475273 9.68499978352338 9.55499978642911 9.42499978933483 9.66999978385866 9.50999978743494 9.49499978777021 9.50999978743494 9.51499978732318 9.62499978486449 9.68999978341162 11.2018963013422 -9999 -9999 -9999 -9999 -9999 -9999 -9999 10.9150669761002 -9999 -9999 -9999 -9999 -9999 -9999 -9999
-9999 -9999 -9999 -9999 -9999 10.3149997694418 10.1199997738004 10.4899997655302 10.1649997727945 10.1049997741356 10.0099997762591 10.029999775812 9.82499978039414 10.0449997754768 10.0049997763708 9.9899997767061 10.0549997752532 10.0749997748062 10.9149997560307 10.8649997571483 11.0499997530133 10.9849997544661 10.7849997589365 10.6499997619539 10.6149997627363 10.1699997726828 9.73999978229403 10.029999775812 10.1699997726828 9.96499977726489 9.79999978095293 9.71999978274107 9.62999978475273 9.38999979011714 8.2099998164922 6.42499985639006 6.81999984756112 9.18499979469925 9.79499978106469 9.77499978151172 9.80999978072941 9.63499978464097 9.55499978642911 9.48499978799373 9.5299997869879 9.614999785088 11.2048097047955 -9999 12.7199997156858 12.7199997156858 -9999 -9999 -9999 -9999 -9999 -9999 -9999 -9999 -9999 -9999 -9999 -9999
-9999 -9999 -9999 -9999 -9999 9.82999978028238 10.1199997738004 10.8749997569248 10.4699997659773 10.2749997703359 10.2549997707829 10.214999771677 10.1399997733533 10.2499997708946 10.0099997762591 10.2999997697771 10.9049997562543 10.9699997548014 10.9849997544661 11.0499997530133 11.0299997534603 10.899999756366 10.8299997579306 10.4049997674301 9.92499977815896 10.464999766089 10.3649997683242 10.3899997677654 10.1549997730181 9.82999978028238 9.61999978497624 9.614999785088 9.59999978542328 9.55499978642911 6.5149998543784 8.19999981671572 9.62499978486449 9.86999977938831 10.0199997760355 10.0099997762591 9.86499977950007 8.44538442661556 9.36499979067594 9.36999979056418 9.3849997902289 9.4449997888878 -9999 8.20699981655926 8.20699981655926 13.5571425541171 -9999 -9999 -9999 12.1483330617969 12.1958330607352 -9999 -9999 -9999 -9999 -9999 -9999 -9999
-9999 -9999 -9999 -9999 -9999 9.46499978844076 9.41999978944659 10.6899997610599 10.4749997658655 10.3349997689947 10.9699997548014 10.9299997556955 10.6449997620657 10.7499997597188 10.3749997681007 10.4399997666478 10.4549997663125 10.8149997582659 10.9949997542426 11.0299997534603 11.0549997529015 11.0099997539073 10.8049997584894 10.5899997632951 10.4449997665361 10.2799997702241 10.2599997706711 10.2599997706711 9.71999978274107 9.56499978620559 9.53499978687614 9.57999978587031 9.51999978721142 9.49499978777021 8.79499980341643 9.00499979872257 9.83499978017062 9.72999978251755 9.65499978419393 -9999 -9999 10.7364283314507 9.3599997907877 9.41499978955835 9.54999978654087 12.1619228050829 -9999 8.14499981794506 8.08499981928617 14.1899996828288 -9999 -9999 9.79299978110939 10.0416664422179 11.1247997513413 -9999 -9999 -9999 -9999 -9999 -9999 -9999
-9999 -9999 -9999 -9999 -9999 9.68999978341162 10.0599997751415 9.28499979246408 9.14499979559332 9.34499979112297 9.45999978855252 10.3749997681007 10.5599997639656 10.8349997578189 10.6649997616187 9.99499977659434 9.94499977771193 10.4049997674301 10.7449997598305 10.7949997587129 10.6949997609481 10.2649997705594 10.2899997700006 10.1199997738004 9.89999977871776 10.1649997727945 10.2099997717887 10.0199997760355 10.1249997736886 9.53999978676438 9.50999978743494 9.33499979134649 9.32499979157001 9.23999979346991 9.13999979570508 9.50999978743494 7.94552613819312 7.85999982431531 7.8349998248741 -9999 11.9259372334345 9.26999979279935 9.2149997940287 9.17499979492277 9.16999979503453 10.1099997740239 7.89711197781038 -9999 8.67368401665437 9.88499977905303 9.88499977905303 12.2809997254983 11.5222724697299 11.569545195946 7.45675028843495 -9999 -9999 -9999 -9999 -9999 -9999 -9999
-9999 -9999 -9999 -9999 -9999 8.0649998197332 8.0649998197332 9.6749997837469 9.53999978676438 10.8699997570366 10.6399997621775 10.6399997621775 10.1799997724593 10.5849997634068 10.5299997646362 10.2899997700006 9.99499977659434 10.0649997750297 10.5099997650832 10.8149997582659 10.2099997717887 9.73999978229403 10.0149997761473 10.0049997763708 9.96999977715313 10.2199997715652 10.0049997763708 9.87999977916479 9.82499978039414 9.79499978106469 8.74999980442226 9.19499979447573 9.21999979391694 9.26999979279935 9.34499979112297 9.51499978732318 9.66999978385866 9.83999978005886 -9999 11.5135198667444 10.6961108720344 9.36999979056418 9.25499979313463 9.27499979268759 9.64499978441745 9.76999978162348 -9999 10.1299997735769 10.0449997754768 10.0149997761473 9.5899997856468 12.5524997194298 12.6109997181222 13.1333330397805 14.3944996782579 -9999 -9999 -9999 -9999 -9999 -9999 -9999
