EcologicalScience/Bass/data/rs_data_bass/sst_182.asc
NCOLS 226 
NROWS 124 
XLLCORNER -9.41648524995501 
YLLCORNER 47.587301625531 
CELLSIZE 0.0833 
NODATA_value -9999 
[rows 0 to 26 of 124, columns 0 to 61 of 226]
-9999.000000000000000 -9999 -9999 -9999 -9999 -9999 -9999 -9999 -9999 -9999 -9999 -9999 -9999 -9999 -9999 -9999 -9999 -9999 -9999 -9999 -9999 -9999 -9999 -9999 -9999 -9999 -9999 -9999 -9999 -9999 -9999 -9999 -9999 -9999 -9999 -9999 -9999 -9999 -9999 -9999 -9999 -9999 -9999 -9999 -9999 -9999 -9999 -9999 -9999 -9999 -9999 -9999 -9999 -9999 -9999 -9999 -9999 -9999 -9999 -9999 -9999 -9999
-9999 -9999 -9999 -9999 -9999 -9999 -9999 -9999 -9999 -9999 -9999 -9999 -9999 -9999 -9999 -9999 -9999 -9999 -9999 -9999 -9999 -9999 -9999 -9999 -9999 -9999 -9999 -9999 -9999 -9999 -9999 -9999 -9999 -9999 -9999 -9999 -9999 -9999 -9999 -9999 -9999 -9999 -9999 -9999 -9999 -9999 -9999 -9999 -9999 -9999 -9999 -9999 -9999 -9999 -9999 -9999 -9999 -9999 -9999 -9999 -9999 -9999
-9999 -9999 -9999 -9999 -9999 -9999 -9999 -9999 -9999 -9999 -9999 -9999 -9999 -9999 -9999 -9999 -9999 -9999 -9999 -9999 -9999 -9999 -9999 -9999 -9999 -9999 -9999 -9999 -9999 -9999 -9999 -9999 -9999 -9999 -9999 -9999 -9999 -9999 -9999 -9999 -9999 -9999 -9999 -9999 -9999 -9999 -9999 -9999 -9999 -9999 -9999 -9999 -9999 -9999 -9999 -9999 -9999 -9999 -9999 -9999 -9999 -9999
-9999 -9999 -9999 -9999 -9999 -9999 -9999 -9999 -9999 -9999 -9999 -9999 -9999 -9999 -9999 -9999 -9999 -9999 -9999 -9999 -9999 -9999 -9999 -9999 -9999 -9999 -9999 -9999 -9999 -9999 -9999 -9999 -9999 -9999 -9999 -9999 -9999 -9999 -9999 -9999 -9999 -9999 -9999 -9999 -9999 -9999 -9999 -9999 -9999 -9999 -9999 -9999 -9999 -9999 -9999 -9999 -9999 -9999 -9999 -9999 -9999 -9999
-9999 -9999 -9999 -9999 -9999 -9999 -9999 -9999 -9999 -9999 -9999 -9999 -9999 -9999 -9999 -9999 -9999 -9999 -9999 -9999 -9999 -9999 -9999 -9999 -9999 -9999 -9999 -9999 -9999 -9999 -9999 -9999 -9999 -9999 -9999 -9999 -9999 -9999 -9999 -9999 -9999 -9999 -9999 -9999 -9999 -9999 -9999 -9999 -9999 -9999 -9999 -9999 -9999 -9999 -9999 -9999 -9999 -9999 -9999 -9999 -9999 -9999
-9999 -9999 -9999 -9999 -9999 10.5028290541843 10.1727805300616 10.6142477239482 10.4395733396523 10.4980956333689 10.4408642726019 10.0379497553222 9.87335580424406 10.19178593182 10.3600682627543 10.0899456657935 10.5041199871339 9.99312569457106 9.83893092558719 10.0899968932915 9.03952581927713 9.93706573592499 9.86941128689796 9.99983649680923 10.7942590548926 9.0133314919658 10.5161002360983 10.5120090218261 10.5787072242238 10.6023743283004 10.50985746691 11.5534512493177 11.8495818835218 12.3190435187565 12.3249997245148 7.30793386465161 10.1229890815944 12.2299997266382 9.98499977681786 9.74139376939274 11.2327799187042 6.10419018380344 6.06558172614314 9.59499978553504 -9999 -9999 -9999 -9999 -9999 -9999 -9999 -9999 -9999 -9999 -9999 -9999 -9999 -9999 -9999 -9999 -9999 -9999
-9999 -9999 -9999 -9999 -9999 10.3348643337376 9.66124834876973 10.3177953314036 10.1627399404533 10.151623573387 10.1232947669923 10.1548509057611 10.2902554284781 10.4047898685094 10.5921544424491 10.628730876022 10.3854657178745 10.3754570031539 10.4399319321383 10.0478110486874 10.1572073706692 10.0969638330197 10.0782017618767 10.4027100320905 11.4027527570724 10.1574507012847 10.2821512382943 10.5335245709866 10.5414136056788 10.4632404437289 10.4381389697082 9.66752371727489 12.2123749032617 11.3846637583338 11.7367537672631 11.2394528571395 12.0099997315556 -9999 8.83010127547507 10.4101239317388 11.0690458184258 6.29905958620033 5.00890529453754 9.89666431583464 11.1139513336529 11.1924401919448 10.9449997553602 -9999 -9999 -9999 -9999 -9999 -9999 -9999 -9999 -9999 -9999 -9999 -9999 -9999 -9999 -9999
-9999 -9999 -9999 -9999 -9999 9.8073747868184 10.5618533773813 10.38119448293 9.78713992510789 9.92707295864821 10.2961363452487 10.2201147382148 9.91531112510711 10.1911882776767 10.4121410144726 10.4994582848158 10.3493514701724 10.3823419788852 10.3169347094372 10.1961607601494 10.2658352801809 10.1544923132751 10.0639477105578 10.134195978567 12.2590292884037 10.9555366995212 10.5923337386921 10.66620379081 10.5543229351752 10.5564744900912 10.5686666346155 10.6253242474049 10.6253242474049 9.58540603797883 11.0363089829487 12.774519393551 9.49107734086972 12.3099997248501 12.0549997305498 8.6200750656426 9.53810370471328 10.2000335589983 5.1507644820027 5.71786654554307 9.87981046899222 12.1599997282028 -9999 -9999 -9999 -9999 -9999 -9999 -9999 -9999 -9999 -9999 -9999 -9999 -9999 -9999 -9999 -9999
-9999 -9999 -9999 -9999 -9999 10.2323068827391 9.74497969425283 10.381911667902 9.79578029643744 9.81514429068193 10.3348643337376 10.3126315996051 10.3147831545211 9.91746268002316 10.3529373950325 9.94758444884792 10.4073000159115 10.3786126170307 10.3682851534337 10.2156681913883 10.0345072674565 9.78998305124696 9.84488356085494 10.2804337690192 12.3509475863539 10.5721091224812 10.6654866058379 10.6511429063976 10.586596258916 10.669072530698 10.6826990451664 10.7135379989631 10.7694784267806 10.7042145943269 10.707800519187 9.96109143248759 12.1916562262923 9.53810274297098 12.889304766149 12.7455718439662 10.2998019573279 11.4414344755632 9.78492689719424 7.19619653658998 9.3675571183674 9.57758075306192 9.33499979134649 -9999 -9999 -9999 -9999 -9999 -9999 -9999 -9999 -9999 -9999 -9999 -9999 -9999 -9999 -9999
-9999 -9999 -9999 -9999 -9999 10.5671018674038 10.6004183692858 10.5213324264623 9.76900539081544 10.0049592466094 10.2050538538024 10.3678548424505 10.3011566400528 10.2215491081588 10.2866336443694 10.4034272170626 10.4921669042669 10.1148678435711 10.1607676817803 9.68629005737603 9.45738852047361 9.5047227286268 10.0149998362176 9.30557350162417 9.52195404124397 9.2139042224735 10.5966368485242 10.5901821837761 10.627475802321 10.6719412705861 10.7501144325361 10.7716299816966 10.7329019932076 10.707800519187 10.4553514090367 10.0487075299025 10.3735923222266 9.81275367410854 10.3047425649129 7.09240587661043 11.8024638481438 12.6178616415179 11.1340435351795 12.6211343495356 12.10061764413 12.8195835725401 12.0949997296557 -9999 -9999 -9999 -9999 -9999 -9999 -9999 -9999 -9999 -9999 -9999 -9999 -9999 -9999 -9999
-9999 -9999 -9999 -9999 -9999 10.8542855497217 10.8817178749014 10.2760551660322 10.3219550042413 10.310480044689 10.3427533684298 10.3255409291014 10.3362987036817 10.3398846285418 10.2945226790616 10.2900402729865 9.67266354290769 9.7876522000879 9.74533828673884 9.5469171111472 9.94571976792067 10.0250404258259 9.43231964576989 9.37197179030627 8.14960172399879 10.3628345476463 10.5399792357348 10.6611834960058 10.6640522358939 10.7207098486833 10.628910172265 10.7364879180677 10.6898708948866 10.666920975782 10.7440459443113 10.6109253798898 10.6597491260618 9.41973630944267 10.387936021667 10.6748100104742 9.91738299280405 10.0049592466094 10.628910172265 12.4967672043879 12.4093291835137 12.039999730885 -9999 -9999 -9999 -9999 -9999 -9999 -9999 -9999 -9999 -9999 -9999 -9999 -9999 -9999 -9999 -9999
-9999 -9999 -9999 -9999 -9999 10.349208033178 10.347773663234 10.3190862643532 10.3398846285418 10.0938901831396 10.230155327823 10.4015625361353 10.4998168773018 10.4471755003557 10.4144718656316 10.3602526817471 10.2374706145376 10.0429700501263 9.72573523083702 10.0705099530518 10.1810281572398 9.89063996206969 9.44659090228379 9.92588960344438 10.5148777617142 10.469695108477 10.5543229351752 10.6138492878526 10.6353648370132 10.6748100104742 10.7393566579558 10.7135379989631 10.6554460162297 10.7207098486833 10.347773663234 10.5701010045595 10.5362800711423 9.75136264050379 9.72798241041601 10.2115085185505 9.48643451184034 10.309045674745 12.0733669759075 11.663808086887 11.0958454013802 13.1825205259656 12.2549997260794 -9999 -9999 -9999 -9999 -9999 -9999 -9999 -9999 -9999 -9999 -9999 -9999 -9999 -9999 -9999
-9999 -9999 -9999 -9999 -9999 10.5299386461265 9.94328133901581 9.77904598042369 9.71665088785812 10.0551621946506 10.3162175244652 10.4947965824977 10.5026856171899 10.2893948065117 10.3122012886219 10.2982879001647 10.2713217452168 9.62102622492239 9.55528426915407 10.3735923222266 10.2119183385346 10.1320444236509 9.96730703557841 10.5213324264623 10.5822931490839 10.6217383225448 10.6748100104742 10.668355345726 10.6970427446067 10.8110751551576 10.8648640280589 10.8010345655493 10.749397247564 10.4797356980853 10.2559739868157 10.0666371542029 10.1849726745859 9.9985045818612 8.50532547011971 9.92248297482729 10.2366099925712 10.6798303052783 10.7650677392026 11.2706519122266 11.1210103059626 12.1299997288734 -9999 -9999 -9999 -9999 -9999 -9999 -9999 -9999 -9999 -9999 -9999 -9999 -9999 -9999 -9999 -9999
-9999 -9999 -9999 -9999 -9999 10.3377330736257 10.3384502585977 10.2731864261441 10.3305612239055 10.428815565072 10.309762859717 10.3757438771427 10.469695108477 10.4367045997642 10.3942472494207 9.46157209947705 9.65951515175402 9.52767264773138 10.1788048838265 10.2039780763444 10.307432008558 10.4508690029616 10.5449995305389 10.5234839813784 10.6310617271811 10.706366149243 10.709234889131 10.6984771145508 10.7235785885714 10.8584093633108 10.8734702477232 10.8648640280589 10.7981658256613 10.7314676232636 10.5593432299793 10.4266640101559 10.1225775820203 10.3004394550808 10.4245124552399 10.3800469869748 10.7314676232636 7.39186821702438 9.8508483044404 13.3640337363689 11.8749997345731 -9999 -9999 -9999 -9999 -9999 -9999 -9999 -9999 -9999 -9999 -9999 -9999 -9999 -9999 -9999 -9999 -9999
-9999 -9999 -9999 -9999 -9999 10.5908993687481 10.4015625361353 10.2602770966478 10.3040253799409 10.4345530448481 10.268883316312 10.2064882237464 10.3391674435697 10.4560685940087 10.4833216229454 9.85578477242962 9.8270973735489 9.72167118266225 10.070402375306 10.1476790560409 10.4047898685094 10.3187276718672 10.3814813569188 10.5313730160706 10.6167180277407 10.7357707330957 10.6841334151104 10.6525772763416 10.6088289930485 10.6819818601944 10.7329019932076 10.7608722071163 10.6805474902503 10.7149723689072 10.707083334215 9.95547348354012 10.6948911896907 10.5586260450073 12.3832790860033 12.6028900892474 12.6084255233647 10.2255015942268 12.5772813848721 12.8698263358325 12.7959115560497 11.8140645031691 -9999 -9999 -9999 -9999 -9999 -9999 -9999 -9999 -9999 -9999 -9999 -9999 -9999 -9999 -9999 -9999
-9999 -9999 -9999 -9999 -9999 10.707083334215 10.4904934726655 10.3585314378142 10.2825098307803 10.3061769348569 10.2638630215079 9.62485121143982 10.4983825073577 10.5571916750632 10.6145664728247 9.7754600555636 10.1213225083193 10.2106120373355 9.84502699784935 10.387218836695 10.3988730924902 10.2982879001647 10.5198980565183 10.4402905246243 10.2939847903326 10.6439710566774 10.7924283458851 10.6963255596347 10.5751212993637 10.4883419177495 10.5822931490839 10.5371104958467 10.5277870912105 10.2238962589763 10.92699017626 10.7666096868925 10.6705069006421 10.627475802321 10.1428696979933 12.4427687644493 12.0110792958377 12.3691900253762 12.2341608803254 -9999 -9999 -9999 -9999 13.2249997043982 13.2249997043982 -9999 -9999 -9999 -9999 -9999 -9999 -9999 -9999 -9999 -9999 -9999 -9999 -9999
-9999 -9999 -9999 -9999 -9999 10.4496139292605 10.4123203107156 10.4209265303798 10.4237952702679 10.4388561546803 10.4940793975256 10.4775841431692 10.5177465016022 10.5736869294196 10.6834162301384 10.1347697265446 10.4252296402119 10.028984943172 10.256930233445 10.3388088510837 10.4374217847362 10.4757911807392 10.3470564782619 10.5227667964064 10.5586260450073 10.6597491260618 10.6791131203063 10.5213324264623 10.4410077095963 10.4496139292605 10.4826044379734 11.3562791708857 9.89973796571472 10.7716299816966 10.7737815366127 10.7666096868925 11.1841547776014 10.3609519370948 12.0392544197384 -9999 -9999 -9999 -9999 -9999 -9999 -9999 -9999 -9999 -9999 -9999 -9999 -9999 -9999 -9999 -9999 -9999 -9999 -9999 -9999 -9999 -9999 -9999
-9999 -9999 -9999 -9999 -9999 10.6719412705861 10.5421307906508 10.4926450275816 10.5457167155109 10.5550401201472 10.4496139292605 10.4940793975256 10.4919278426096 10.5679494496435 10.4410077095963 10.3398846285418 10.1745734924916 10.2165288133547 10.2120822665282 10.3868602442089 10.3407452505082 10.5810636891318 10.4001281661913 10.5163121316582 10.5779900392517 10.6109805479646 10.5930509236641 10.4926450275816 10.0422528651543 12.2962883909599 10.7250129585154 10.7709127967246 10.7615893920884 10.8211157447658 10.6834162301384 10.5851618889719 11.0212103519589 12.2834559027106 12.5580914769953 12.5244258328574 11.6199997402728 -9999 -9999 -9999 -9999 -9999 -9999 -9999 -9999 -9999 -9999 -9999 -9999 -9999 -9999 -9999 -9999 -9999 -9999 -9999 -9999 -9999
-9999 -9999 -9999 -9999 -9999 10.7278816984035 10.6762443804182 10.5636463398114 10.5665150796995 10.5787072242238 10.5837275190279 10.5736869294196 10.4998168773018 10.5249183513224 10.4811700680293 10.4467451893725 9.98344369744882 10.0469145674724 10.4010502611553 10.4503311142325 10.4367045997642 10.4639576287009 10.3757438771427 10.3814813569188 10.5134433917701 10.6203039526008 10.628192987293 10.5657978947274 10.6454054266214 10.6138492878526 10.707083334215 10.747245692648 10.7321848082356 10.7515488024801 10.6927396347746 10.5536057502031 10.5908993687481 10.5901821837761 12.7332696901604 9.60044753901358 13.498798340101 14.0299996864051 12.6307893558255 12.2463961930752 10.50985746691 12.6799997165799 -9999 -9999 -9999 -9999 -9999 -9999 -9999 -9999 -9999 -9999 -9999 -9999 -9999 -9999 -9999 -9999
-9999 -9999 -9999 -9999 -9999 10.8168126349337 10.7522659874521 10.6719412705861 10.6131321028806 10.4940793975256 10.507705911994 10.5593432299793 9.85219884756953 10.5459216255029 10.5550401201472 10.3707235823385 10.548585455399 10.3800469869748 10.1849726745859 9.75466169137508 10.0505004923325 10.5672322646715 10.5600604149513 9.95798363094218 10.2050538538024 10.3965422413312 10.4775841431692 10.5701010045595 10.7701956117526 10.6984771145508 10.7802362013608 10.7723471666686 10.7580034672283 10.8462172187865 10.7960142707452 10.8199204364792 12.617893598862 12.4042872267961 12.3426834283164 11.0941583091127 10.8447828488424 10.2595599116758 10.0350810154341 10.6626178659499 10.6898708948866 13.0690406336285 13.4549996992573 -9999 -9999 -9999 -9999 -9999 -9999 -9999 -9999 -9999 -9999 -9999 -9999 -9999 -9999 -9999
-9999 -9999 -9999 -9999 -9999 10.988219843246 10.8928342419676 10.706366149243 10.589464998804 10.4388561546803 10.3642689175904 10.550019825343 10.0974761079997 10.4402905246243 10.4395733396523 10.5557573051192 10.6367992069572 10.5930509236641 10.5607775999233 10.66978971567 10.3162175244652 10.5650807097554 9.78944516251795 9.82243567123078 9.79087953246199 10.3943906864151 10.4947965824977 10.626041432377 10.669072530698 10.7006286694668 10.7307504382916 10.7379222880118 10.7759330915287 10.8196813748218 10.7572862822562 10.6934568197466 10.6468397965655 10.4338358598761 10.3212378192693 10.3183690793812 10.2473677671514 10.1570024606772 10.2810754608363 9.52277188375592 13.3532123427167 12.894791728602 -9999 -9999 -9999 -9999 -9999 -9999 -9999 -9999 -9999 -9999 -9999 -9999 -9999 -9999 -9999 -9999
-9999 -9999 -9999 -9999 -9999 10.9344309703447 10.8074892302975 10.7680440568365 10.5392620507628 10.547151085455 10.506988727022 10.3642689175904 10.5019684322178 10.4137546806596 10.5622119698673 10.6482741665095 10.5916165537201 10.6217383225448 10.3599658077583 10.4596545188688 10.3341471487656 10.2430646573193 9.72812584741041 9.86223943717778 10.4947965824977 10.6217383225448 10.5672322646715 10.6109805479646 10.6927396347746 10.669072530698 10.7759330915287 10.7823877562769 10.8218329297379 10.7952970857732 10.8691671378911 10.867732767947 10.829004779458 10.9265419356525 10.8103579701856 10.2789239059202 10.3190862643532 10.5607775999233 10.7637409470044 9.73601488210261 11.42588197242 9.39497455461931 10.6051658328838 -9999 -9999 8.72311917787218 8.68499980587512 -9999 -9999 -9999 10.9150669761002 -9999 -9999 -9999 -9999 -9999 -9999 -9999
-9999 -9999 -9999 -9999 -9999 11.0147556872107 10.828287594486 10.6934568197466 10.6540116462857 10.5923337386921 10.4467451893725 10.4410077095963 10.4661091836169 10.4912106576376 10.4797356980853 10.5923337386921 10.6073946231045 10.5579088600352 10.5313730160706 10.5371104958467 10.5550401201472 10.3800469869748 9.66752371727489 9.71378214797005 10.0020905067213 10.2251350330189 10.3965422413312 10.6439710566774 10.7293160683475 10.747245692648 10.8003173805773 10.7443769527599 10.7831049412489 10.8483687737025 10.8648640280589 10.9796136235818 10.9559465195052 10.1518387288786 9.27250848018697 10.4130374956876 10.2602770966478 10.7701956117526 8.88321865165349 12.3828687734472 10.2318287594244 7.9200373343192 11.2048097047955 7.77606041372928 8.69654491328401 9.06562622950878 9.06499979738146 -9999 -9999 9.89957224615834 9.87473334805643 -9999 -9999 -9999 -9999 -9999 -9999 -9999
-9999 -9999 -9999 -9999 -9999 10.9631183692254 10.8863795772195 10.868449952919 10.7293160683475 10.6446882416494 10.5342417559586 10.4381389697082 10.4051484609954 10.5564744900912 10.4919278426096 10.507705911994 10.5586260450073 10.5607775999233 10.5155949466862 10.66978971567 10.5851618889719 10.3800469869748 10.1437345386948 10.1465634349734 10.1247291369364 10.1745734924916 10.5701010045595 10.4847559928894 10.5736869294196 10.7788018314168 10.7149723689072 10.745811322704 10.7386394729838 10.8541062534787 10.9559465195052 10.8978545367718 10.8476515887305 10.6740928255022 10.506988727022 10.4582201489247 9.48248999449424 9.69241601234535 10.3856214701664 9.12755515184253 9.11129895914346 9.50642922194675 8.04999982006848 12.5184136682656 12.2161888984385 10.3685453008922 7.60014111854488 7.94705570437986 7.82499982509762 11.8178491733769 10.6069164997898 -9999 -9999 -9999 -9999 -9999 -9999 -9999
-9999 -9999 -9999 -9999 -9999 11.0563524155878 11.0032807276584 10.985351103358 10.8827936523594 10.7558519123122 10.7221442186274 10.6891537099145 10.2545396168716 10.6346476520412 10.5801415941678 10.6454054266214 10.5306558310986 10.5765556693077 10.7680440568365 10.7580034672283 10.7436597677879 10.6898708948866 10.8949857968837 10.3018738250248 10.3004394550808 9.54524367954582 10.4008453511633 10.4022797211073 10.6346476520412 10.6568803861737 10.5952024785802 10.6367992069572 10.7364879180677 10.749397247564 10.906460756436 10.7350535481237 10.8397625540383 11.5339598603743 8.30066316058064 8.65865961713716 13.0964859897315 12.8496667061737 11.3576833435677 10.9251075657085 12.5479868212357 9.07857291238906 9.48999978788197 9.78132144432347 8.1860885094502 12.8259279580723 8.89580280467635 9.48341070493129 12.2135674637132 8.98689408515416 10.599655946164 -9999 -9999 -9999 -9999 -9999 -9999 -9999
-9999 -9999 -9999 -9999 -9999 10.9638355541974 10.9559465195052 10.9932401380502 10.9509262247011 10.8978545367718 10.7680440568365 10.7515488024801 10.4202093454078 10.7400738429278 10.5571916750632 10.6131321028806 10.8218329297379 10.7952970857732 10.9258247506805 10.8476515887305 10.8569749933667 10.8992889067158 10.9416028200649 10.2340998451691 10.2638630215079 10.2097155561205 10.2366099925712 7.4969633994624 10.6360820219852 9.97674997104332 10.5435651605949 10.5930509236641 10.6970427446067 10.7450941377319 9.03809144933309 8.50935963558732 8.76783059321104 8.49806760587991 7.8349998248741 9.95407029555139 12.2553135644086 10.9624011842534 11.0018463577144 11.1194646931253 9.69357057148591 12.1142383974511 8.53467028855812 8.44499981123954 11.2829541793466 8.72179580084048 9.86761832446791 7.6126094762003 10.880610915488 8.28446835798677 12.1429450229928 10.5249997647479 -9999 -9999 -9999 -9999 -9999 -9999
-9999 -9999 -9999 -9999 -9999 10.9229560107924 10.8957029818557 10.9236731957644 10.7823877562769 10.7709127967246 10.7773674614727 10.827570409514 10.906460756436 10.8978545367718 10.9150669761002 10.9236731957644 10.8519546985626 11.0176244270988 10.9380168952048 10.8419141089544 10.9788964386098 11.0312509415671 10.8949857968837 10.8003173805773 11.0147556872107 6.80990019626915 10.0745261888951 7.06736960122362 9.61433249851689 9.84120201133192 10.4940793975256 10.709234889131 10.6848506000824 10.7006286694668 11.5197973445058 13.3354433106658 12.8252748053707 12.5807566576494 -9999 10.0680562648922 9.30498671391979 11.2320627337322 11.1897488203831 9.02589930480878 11.0610589419666 13.3049228987657 -9999 9.46334115574136 9.91674549505115 10.2398649089826 10.3084939939973 10.1808232472478 10.4655023347945 10.2858088816516 11.3649997459725 -9999 -9999 -9999 -9999 -9999 -9999 -9999
