EcologicalScience/Bass/data/rs_data_bass/sst_324.asc
NCOLS 226 
NROWS 124 
XLLCORNER -9.41648524995501 
YLLCORNER 47.587301625531 
CELLSIZE 0.0833 
NODATA_value -9999 
[rows 54 to 80 of 124, columns 0 to 61 of 226]
-9999 -9999 -9999 -9999 -9999 -9999 -9999 -9999 -9999 -9999 -9999 -9999 -9999 -9999 -9999 -9999 -9999 -9999 -9999 -9999 -9999 -9999 -9999 -9999 -9999 -9999 -9999 -9999 -9999 -9999 -9999 -9999 -9999 -9999 -9999 -9999 -9999 -9999 4.43386638397351 4.95059815631248 4.79353464744054 4.75526770643358 5.91499678818509 7.83045441145077 7.63071839674376 7.29973753215745 7.4768822202459 7.759811691707 8.61182743846439 8.52504805685021 8.77426983462647 8.79435101384297 8.73733480856754 8.67422253102995 8.1822336402256 7.67805260489695 7.5844599660486 7.13417025861729 13.0885715269557 13.8799996897578 -9999 7.13797247735783
-9999 -9999 -9999 -9999 -9999 -9999 -9999 -9999 -9999 -9999 -9999 -9999 -9999 -9999 -9999 -9999 -9999 -9999 -9999 -9999 -9999 -9999 -9999 -9999 -9999 -9999 -9999 -9999 -9999 -9999 -9999 -9999 -9999 -9999 -9999 -9999 -9999 -9999 14.1649996833876 5.15427868836559 5.07861567381769 5.40899888426065 6.17303994111717 6.51119265542366 7.89500105893239 8.11302529042587 9.4247566042468 8.51715902215801 9.3652302515693 8.13705098698847 8.2898113860283 8.41137423878536 8.71295051951893 8.01512954174541 7.84802544326521 7.75371561944485 7.68386180317029 9.3810083209537 6.57780376829267 13.6649996945634 -9999 -9999
-9999 -9999 -9999 -9999 -9999 -9999 -9999 -9999 -9999 -9999 -9999 -9999 -9999 -9999 -9999 -9999 -9999 -9999 -9999 -9999 -9999 -9999 -9999 -9999 -9999 -9999 -9999 -9999 -9999 -9999 -9999 -9999 -9999 -9999 -9999 -9999 -9999 -9999 -9999 6.22942860954208 5.95085603678599 6.52589494735003 6.21219824058935 7.71427044598386 7.84910122072324 8.08218633662909 8.08935818634927 7.8512527756393 7.99038666021079 7.95058289426379 8.80965095991269 8.76566361496225 8.9002553280443 7.77250586571172 8.00042724981904 8.37659076764248 7.63932461640798 7.62731176812667 10.3547064512968 6.59373075349642 -9999 -9999
-9999 -9999 -9999 -9999 -9999 -9999 -9999 -9999 -9999 -9999 -9999 -9999 -9999 -9999 -9999 -9999 -9999 -9999 -9999 -9999 -9999 -9999 -9999 -9999 -9999 -9999 -9999 -9999 -9999 -9999 -9999 -9999 -9999 -9999 -9999 -9999 -9999 -9999 -9999 -9999 5.89991199760698 7.0307931676507 6.92292854785919 8.58995329681784 7.85699025541544 8.17721334542148 8.17040008818731 7.7436750298366 7.75658435933292 7.70530563383363 7.85017699818127 7.95990629890002 8.8856725669466 8.96097698900849 8.65115308109671 8.56915493262932 8.35507521848194 8.66351598394769 10.0413563839393 8.69151772247054 12.873312958158 -9999
-9999 -9999 -9999 -9999 -9999 -9999 -9999 -9999 -9999 -9999 -9999 -9999 -9999 -9999 -9999 -9999 -9999 -9999 -9999 -9999 -9999 -9999 -9999 -9999 -9999 -9999 -9999 -9999 -9999 -9999 -9999 -9999 -9999 -9999 -9999 -9999 -9999 -9999 -9999 -9999 5.65711500187172 5.61686299531721 7.95524459658191 7.06644750625959 8.08864100137725 7.93528294819407 8.37092500636354 7.3933301710058 7.31694997148588 7.54035309026949 7.77523116860539 9.08767966739833 9.0771609544754 8.30594804789871 8.3532822560519 8.72836999641731 8.237815475557 7.53056863815125 9.24893594995284 9.35116239250279 8.55624560313299 13.3749997010455
-9999 -9999 -9999 -9999 -9999 -9999 -9999 -9999 -9999 -9999 -9999 -9999 -9999 -9999 -9999 -9999 -9999 -9999 -9999 -9999 -9999 -9999 -9999 -9999 -9999 -9999 -9999 -9999 -9999 -9999 -9999 -9999 -9999 -9999 -9999 -9999 -9999 -9999 -9999 -9999 6.18260240741074 5.72157200123183 6.87717214664444 6.90337330428883 7.4398276633583 8.03736227587797 8.08720663143322 7.49122591968626 8.42954292474315 8.6772108017467 7.9789117006585 9.16035441122949 9.1154108196497 9.02385020488873 8.25215917499736 8.11517684534192 8.09581285109743 7.81225584278582 7.64102793071652 12.7319171825209 -9999 -9999
-9999 -9999 -9999 -9999 -9999 -9999 -9999 -9999 -9999 -9999 -9999 -9999 -9999 -9999 -9999 -9999 -9999 -9999 -9999 -9999 -9999 -9999 -9999 -9999 -9999 -9999 -9999 -9999 -9999 -9999 -9999 -9999 -9999 -9999 -9999 -9999 -9999 -9999 -9999 6.07747504359577 6.80523849395104 6.79268775694072 6.02601702185348 6.86870936397463 8.17805006122217 8.01728109666146 8.28837701608427 8.15378530300222 8.75251522380859 8.82399465935305 9.61481062183157 9.48284858698025 9.02743612974882 8.84885707171634 8.50675984006375 8.16860712575726 9.45791261718394 13.509999698028 10.890146413604 3.14400921179913 3.02603228390217 3.99100466375239
-9999 -9999 -9999 -9999 -9999 -9999 -9999 -9999 -9999 -9999 -9999 -9999 -9999 -9999 -9999 -9999 -9999 -9999 -9999 -9999 -9999 -9999 -9999 -9999 -9999 -9999 -9999 -9999 -9999 -9999 -9999 -9999 -9999 -9999 -9999 -9999 -9999 -9999 -9999 6.58599504800513 6.47533340682276 6.53808709187433 6.66753897932358 6.45632800506428 8.13203069218434 8.78000731440261 9.14003417035565 8.73147779796273 9.32506789313629 9.220597948879 9.72525710752234 9.0704672280699 8.96743165375665 7.93319115869235 8.10406047827564 9.28261054279283 8.17757193790749 6.2220134292064 6.62598209455609 3.96913052210584 4.60563218477182 3.97630237182602
-9999 -9999 -9999 -9999 -9999 -9999 -9999 -9999 -9999 -9999 -9999 -9999 -9999 -9999 -9999 -9999 -9999 -9999 -9999 -9999 -9999 -9999 -9999 -9999 -9999 -9999 -9999 -9999 -9999 -9999 -9999 -9999 -9999 -9999 -9999 -9999 -9999 -9999 5.87791832513176 7.07361935597977 6.82639545062557 7.58517715102062 7.41161838779226 8.5246894643642 8.3055894554127 9.00018310081214 8.90981779433787 9.12282173102722 8.88543350528926 9.73529769713059 9.08337655756623 9.09521010960452 8.82949307747185 8.19478437723592 8.1302377297543 8.50484734680504 8.24881231179461 8.28419343708083 6.61769462376833 4.49410992162302 5.11626788484864 4.61842198343948
-9999 -9999 -9999 -9999 -9999 -9999 -9999 -9999 -9999 -9999 -9999 -9999 -9999 -9999 -9999 -9999 -9999 -9999 -9999 -9999 -9999 -9999 -9999 -9999 -9999 -9999 -9999 -9999 -9999 -9999 -9999 -9999 -9999 -9999 -9999 -9999 -9999 -9999 6.51971612297572 6.52761619128287 6.6524780949112 7.84479811089113 7.83475752128288 7.9150822381489 8.27439190912992 8.83331806398928 9.00281277904287 9.33510848274454 9.35232092207298 9.59257788769901 8.96253088978119 8.89427878661081 8.33248389186338 8.09796440601349 8.03664509090595 8.39726960100234 8.55791903473437 6.09934918524232 5.82914974703453 5.5597272592131 5.34349599014968 4.89346242020838
-9999 -9999 -9999 -9999 -9999 -9999 -9999 -9999 -9999 -9999 -9999 -9999 -9999 -9999 -9999 -9999 -9999 -9999 -9999 -9999 -9999 -9999 -9999 -9999 -9999 -9999 -9999 -9999 -9999 -9999 -9999 -9999 -9999 -9999 -9999 -9999 -9999 5.34213437810135 6.99828078225255 6.9590746704489 7.39512313343585 7.39261298603378 8.35973692080006 8.43504134286195 8.28658405365422 8.70446383068338 8.9920550044626 8.60752432863228 9.58970914781094 9.69011504389346 9.60261847730726 8.83092744741589 8.69007231891155 8.19884842541069 8.05206456780434 7.33093507844023 7.20506911585107 6.66897334926762 5.99195073568262 5.4852595529519 5.505197295174 4.72809151874389
-9999 -9999 -9999 -9999 -9999 -9999 -9999 -9999 -9999 -9999 -9999 -9999 -9999 -9999 -9999 -9999 -9999 -9999 -9999 -9999 -9999 -9999 -9999 -9999 -9999 -9999 -9999 -9999 -9999 -9999 -9999 -9999 -9999 -9999 -9999 -9999 -9999 6.88932843192015 6.99959562136792 7.06629382376559 8.07501448690891 7.26746420841664 8.12689086655155 7.88101595197804 8.49420910305344 8.58744314941578 8.69573808019049 9.17338327155448 9.5366374598816 9.76972257578745 9.79482404980808 9.04154076753184 7.49821847316343 8.12856429815292 7.8342793979682 7.74104535160586 7.79832452470437 7.42624896122143 5.61758018028922 5.2582705093082 4.22337259468623 5.18834497453645
-9999 -9999 -9999 -9999 -9999 -9999 -9999 -9999 -9999 -9999 -9999 -9999 -9999 -9999 -9999 -9999 -9999 -9999 -9999 -9999 -9999 -9999 -9999 -9999 -9999 -9999 -9999 -9999 -9999 -9999 -9999 -9999 -9999 -9999 -9999 8.30174127634642 12.3517080058809 4.84983366774395 6.93311257446185 7.11111788451672 7.23734243959188 8.26865442935377 8.58995329681784 8.28897467022762 8.72048096172512 8.8273415225558 9.20242926292121 9.10991240153089 9.52946561016142 9.41758475452662 9.95977659337223 8.94854578282684 8.79686116124503 7.72180088819005 7.75825779093429 7.1982558586169 6.86990467226133 7.40387279009447 6.84389476394281 6.60923184109852 6.43610338885337 5.42609179276042
-9999 -9999 -9999 -9999 -9999 -9999 -9999 -9999 -9999 -9999 -9999 -9999 -9999 -9999 -9999 -9999 -9999 -9999 -9999 -9999 -9999 -9999 -9999 -9999 -9999 -9999 -9999 -9999 -9999 -9999 -9999 21.8403832592402 19.1549995718524 -9999 -9999 14.3948668496898 5.53833124088123 5.66096987109631 7.16777549730614 7.70494704134762 7.53604998043738 7.20184178347699 7.04513686709106 8.82542902929708 9.04321419913322 9.32219915324822 9.51799065060914 9.61337625188753 9.5086672459729 9.45774711295962 9.36020995676517 9.80988493422046 9.4568864909932 7.7054251646623 7.64326913375407 7.52588986000046 7.59999897377566 7.44790794737637 7.17250891812146 6.57107760058716 5.76912136487663 6.17060151221231
-9999 -9999 -9999 -9999 -9999 -9999 -9999 -9999 -9999 -9999 -9999 -9999 -9999 -9999 -9999 -9999 -9999 -9999 -9999 -9999 -9999 -9999 -9999 -9999 -9999 -9999 -9999 -9999 -9999 10.4095153206028 10.551754793724 7.43116167827975 7.05286652734503 9.37380400607017 13.0745640516592 7.71109434110778 8.15007984731346 6.74750510370359 6.56103701097891 6.77117220778018 8.0707113770768 8.71546066692099 8.34324166644365 9.13967557786964 9.59114351775497 9.75609606131911 9.69728689361364 9.64278083574027 9.34012877754867 9.2257377745118 9.22035888722166 8.89081239257939 9.0464415315073 7.59832554217428 7.31157108419575 7.10573899722658 7.43223745573778 7.0309724638937 6.49415951233823 6.74105043895543 6.67465960154576 7.91266988869756
-9999 -9999 -9999 -9999 -9999 -9999 -9999 -9999 -9999 -9999 -9999 -9999 -9999 -9999 -9999 -9999 -9999 -9999 -9999 -9999 -9999 -9999 11.047692674657 7.47640409693122 8.30989256524481 7.0904629573226 7.0787011237815 7.31738028246909 7.8633552720421 7.1344263961073 7.11398662440479 7.39548172592185 7.08780937292613 7.2857524252031 7.79674671776593 7.89428387396038 7.47114474046975 7.79531234782189 6.83285011537373 7.281807907857 7.14769431808963 9.26733450288884 8.09007537132129 8.5325784990564 9.40252387011424 9.54596086451784 9.58253729809076 9.66501356987283 8.97723318170756 8.9388637857046 9.40969571983442 8.56437369948253 8.34844125749078 8.31222341640387 7.56904048915021 7.39189580106176 8.18173161074519 8.31218204034779 10.2165288133547 15.0349996639416 -9999 -9999
-9999 -9999 -9999 -9999 -9999 -9999 -9999 -9999 -9999 -9999 -9999 -9999 -9999 -9999 -9999 -9999 -9999 -9999 -9999 -9999 -9999 13.7219452872566 7.9777163923718 6.78508559623733 6.81061738124117 6.84540085238405 6.8715781038627 6.94365519355051 6.94831689586863 7.21188237308525 7.46469007572159 7.37217321433127 7.66586046037264 7.86774802999571 8.22920925589278 8.25502791488543 8.38985868962482 8.64589372463524 8.835230557248 8.76566361496225 8.42428356828168 8.07358011696488 8.08146915165707 9.08983122231439 9.30857263877988 9.44914089329541 8.89296394749545 9.21605577738956 8.50640124757774 8.76924953982234 8.43253119545989 8.12880335981026 8.18151645525359 8.1739860130474 7.04585405206308 7.82328256173059 12.7199997156858 -9999 -9999 -9999 -9999 -9999
-9999 -9999 -9999 -9999 -9999 -9999 -9999 -9999 -9999 -9999 -9999 -9999 -9999 -9999 -9999 -9999 -9999 6.88018432352692 13.6571196091151 13.368153348827 7.92512282775715 8.10848311893642 8.48255484725814 7.82722707907669 7.69167911936529 7.52421642839909 7.34635455533862 7.65079957596026 7.55111086484976 7.80786308483221 7.76662494894117 7.93444623239338 7.92691579018719 8.02086702152155 8.41639453358948 8.48022399609908 8.86678669601679 8.99659717595205 9.19956052303314 9.29853204917163 9.4010895001702 9.29853204917163 9.31466871104203 9.31287574861199 8.57991270720959 9.14003417035565 8.83809929713607 8.8553117364645 7.99415188131388 8.63991718320176 8.44759207987227 8.44992293103132 13.3099997024983 -9999 -9999 -9999 -9999 -9999 -9999 -9999 -9999 -9999
-9999 -9999 -9999 -9999 -9999 -9999 -9999 -9999 -9999 -9999 -9999 -9999 -9999 -9999 -9999 -9999 -9999 8.48610491286963 7.8514320718823 8.08778037941083 7.92763297515921 7.72933133039623 7.93229467747733 8.11589403031394 8.00078584230505 8.20554215181619 8.00975065445527 8.07824181928299 8.01261939434335 8.07609026436694 8.17506179050542 8.36475721560419 8.42249060585164 8.40742972143926 8.73482466116548 8.64123202231713 9.18019652878866 9.41041290480644 9.51368754077703 9.52014220552519 9.42619097419083 9.35590684693307 9.37957395100966 9.15652942471206 8.93276771344244 8.53473005397245 8.90408031456172 8.91985838394612 7.82973722647876 8.56819868599996 8.41909776925324 14.7299996707588 -9999 -9999 -9999 -9999 -9999 -9999 -9999 -9999 -9999 -9999
-9999 -9999 -9999 -9999 -9999 -9999 -9999 -9999 -9999 -9999 -9999 -9999 -9999 5.31815545447171 8.99301125109196 6.61066621104255 6.63418987812474 7.57427593944594 8.28615374267101 8.25646228482947 8.5487151609268 8.26040680217557 8.31527145253494 8.23960843798704 8.25825524725951 8.31849878490902 8.29124575597234 8.20159763447009 8.29877619817853 8.28407390625216 8.21127963159233 8.40348520409316 8.40814690641128 8.88572037927806 8.53006835165434 8.38161106244661 9.19941708603874 9.32578507810831 9.50149539625272 9.33008818794042 9.55600145412609 9.45057526323944 9.28131960984319 9.08767966739833 8.6322672101669 9.06472974829376 9.26740622138604 8.74271369585767 8.86535232607275 8.24833418847993 8.53975034877658 8.61379969713744 6.86999984644353 -9999 -9999 -9999 -9999 -9999 -9999 24.1694341624621 23.6099994722754 -9999
-9999 -9999 -9999 -9999 -9999 -9999 -9999 -9999 -9999 -9999 19.6131639826022 6.75093165412545 6.36022521881387 7.25885798875242 7.29651019978337 8.04345834814012 8.17291023558937 8.14422283670865 8.20339059690014 8.42464216076769 8.36404003063217 8.32818078203127 8.42643512319773 8.3296151519753 8.36762595549226 8.36081269825809 8.4529709671624 8.50138095277362 8.36296425317414 8.37192906532437 8.41209142375737 8.58062989218161 8.44006163766608 8.83427431061864 9.25442517339252 9.20242926292121 9.39965513022617 9.35160373710096 9.4247566042468 9.50221258122474 9.40826134989038 9.27988523989916 9.11995299113914 9.13644824549556 8.31025115773082 8.8553117364645 8.88991591136437 8.52253790944815 8.78502760920674 8.81285438612104 8.63027502968907 8.72628364013508 7.16539360561075 -9999 -9999 -9999 6.25882629738547 6.1504486144986 6.20172733999789 6.68304810434347 8.97651599673554 17.7899996023625
-9999 -9999 -9999 -9999 -9999 -9999 -9999 20.5260062338935 10.2401959174313 7.92787203681655 8.08765487204073 8.04632708802819 7.94125948962756 8.28066727763508 8.08577226148918 8.17219305061735 8.29626605077647 8.37300484278239 8.52504805685021 8.50173954525962 8.64840387203731 8.66346475644968 8.47520370129496 8.04776145797223 8.51787620713003 8.53508864645846 8.5684377476573 8.57166508003138 8.45619829953648 8.60608995868824 8.57811974477954 8.65306557435542 8.77391124214046 9.0649688099511 9.30010985611007 9.23506117914803 9.44447919097729 9.26805168786086 9.35769980936311 9.23972288146615 9.40754416491836 9.44555496843532 9.43551437882707 9.31717885844409 9.16298408946022 7.95237585669383 8.5245101681212 8.55767997307703 8.55319756700192 8.02606661256868 8.26470991200767 8.44709005039185 10.3745784515631 7.15870521677768 6.25157169555314 6.70877711521462 6.69264045334421 6.21391948452219 7.24035461647436 7.09978636195883 6.38747824775055 15.101958691076
-9999 -9999 -9999 -9999 -9999 8.23124127998017 8.08696756977588 8.44938504230231 8.29232153343037 7.93534271360841 8.42733160441276 8.3016449380666 8.41890468099155 8.62097154685762 8.21020385413431 7.4847712549381 8.44615770992823 8.69000060041435 8.61469617835246 8.61182743846439 8.70828881720081 8.71295051951893 8.7757042045705 8.63370158011094 8.73016295884736 8.65306557435542 8.70721303974278 8.62079225061461 8.63035471690819 8.51082388823852 8.7835932392627 8.81012908322737 8.83343759481795 8.9747230343055 9.10345773678273 9.35859629057813 9.52544937431812 9.58311104606837 9.58554947497323 9.65411235829815 9.76121881111924 9.39606920536608 9.35662403190508 9.14935757499188 8.94639422791079 8.87682728562504 8.76996672479436 8.42595699988306 8.55983152799308 8.25000762008131 7.61619540106039 7.74152347492054 7.64075898635201 7.50772117404267 7.21761985286139 6.62379069603048 6.56426434335299 7.06187118310481 6.87050232640468 6.61733603128232 7.16849268227816 7.24921583523974
-9999 -9999 -9999 -9999 -9999 8.6044762925012 8.70201344869565 8.67673267843202 8.72890788514633 8.77140109473839 8.6001731826691 8.80421230720822 9.11457410384901 8.82070756156463 9.10112688562367 8.59389781416394 8.56413463782519 8.69681385764852 8.73374888370745 8.6562929067295 8.70936459465884 8.74390900414437 8.7638706525322 8.82232122775167 8.81837671040557 8.78395183174871 8.69920447422192 8.65306557435542 8.44293037755415 8.54405345860869 8.6200750656426 8.70613726228476 8.66131320153363 8.87395854573697 9.11170536396094 9.15103100659326 9.50579850608483 6.00521865766495 9.17541529564187 9.18354339199141 9.20697143441066 9.73242895724252 9.66429638490081 9.54882960440591 9.15868097962812 9.18808556348085 9.31717885844409 9.47495955228806 7.38680378776044 7.35711232991889 7.40874964790419 7.25419628643431 7.05732901161537 7.22048859274946 7.69920956157148 7.83141065808013 7.9627750387881 7.7677007263992 6.60550247924402 7.17518640868366 6.45919674495235 6.43015075358562
-9999 -9999 -9999 -9999 -9999 9.04285560664721 8.83325829857495 9.00807213550434 9.00358972942922 8.95912426116411 9.07243948674295 8.83989225956611 8.85495314397849 8.94729070912581 8.98512221639976 9.01004439417738 8.66274757147767 8.68282875069417 8.70721303974278 8.63119143270887 8.71653644437902 8.74988554557785 8.77140109473839 8.80475019593723 8.76494642999023 8.87073121336289 8.66059601656161 8.72908718138933 8.63692891248502 8.62485629878938 8.72263251664117 8.65282651269808 8.80893377494067 8.56748150102794 9.05947039183229 9.14553258847445 9.16417939774692 9.1926277349703 9.26841028034687 9.12497328594327 9.28442741138861 9.06329537834972 9.41615038458258 9.69656970864162 9.64206365076825 9.59401225764304 9.47926266212016 9.4885860667564 9.59472944261506 9.51010161591694 7.39763328083791 7.02649005781859 8.47807244118303 8.41553391162306 8.00885417324025 8.16430401592515 8.08326211408712 7.80176701257005 7.71678059338592 7.43528549186885 7.09498122264631 6.55924404854886
-9999 -9999 -9999 -9999 -9999 8.85602892143652 8.95643481751904 8.92577515996527 8.9307954547694 9.04339349537622 9.11636706627905 8.96217229729518 7.41520431265235 7.76519057899714 9.20547729905229 9.19812615308911 9.4834462411236 8.69968259753659 8.72693562647328 8.73482466116548 8.77140109473839 8.79255805141293 8.77391124214046 8.81694234046154 8.74163791839965 8.68928341544233 8.84957425668836 8.64696950209327 8.74952695309184 8.81108532985672 8.81036814488471 8.82375559769571 8.77140109473839 8.9057537461631 9.04871261725202 9.16991687752306 9.08337655756623 9.34730062726885 9.60369425476529 9.58468885300681 8.6602374240756 9.45918148290366 9.59688099753112 9.62987150624394 9.79338967986405 9.70230718841776 9.69226659880951 9.64493239065632 9.46778770256788 9.44770652335137 9.25980406068265 8.71593879023567 8.86277046017349 8.83910335609689 8.70814538020641 7.83404033631086 8.07537307939492 8.01620531920344 7.50772117404267 7.58804589090869 6.77314446645323 6.57502211793326
-9999 -9999 -9999 -9999 -9999 8.98817025253084 8.95786918746307 8.88561280153226 8.97346796060447 8.95464185508899 8.87700658186805 8.89565339114051 7.61171299498528 8.98243277275469 9.34299751743674 7.58589433599263 9.2789289932698 9.1701559391804 9.26721497206017 8.7757042045705 8.66991942119785 8.62903987779282 8.54548782855272 8.75024413806386 8.71008177963085 8.82913448498584 8.81909389537759 8.79901271616109 8.72585984901525 8.77881200611591 8.82232122775167 8.77952919108793 8.96910508535802 8.77235734136775 9.11493269633502 8.99444562103599 9.00735495053232 9.18760744016618 9.72979927901179 9.81103243017569 9.51978361303918 9.82084761879274 9.19956052303314 9.08122500265017 9.76470228098333 9.77689442550763 9.76828820584342 9.70302437338978 9.55313271423802 9.43766593374312 9.40467542503029 9.07735220380127 8.92272712383419 8.73482466116548 8.53401286900043 8.71546066692099 8.32172611728311 8.17936490033753 8.08792381640524 7.95381022663787 7.75317773071583 7.67948697484098
