EcologicalScience/Bass/data/rs_data_bass/sst_271.asc
NCOLS 226 
NROWS 124 
XLLCORNER -9.41648524995501 
YLLCORNER 47.587301625531 
CELLSIZE 0.0833 
NODATA_value -9999 
[rows 54 to 80 of 124, columns 0 to 61 of 226]
-9999 -9999 -9999 -9999 -9999 -9999 -9999 -9999 -9999 -9999 -9999 -9999 -9999 -9999 -9999 -9999 -9999 -9999 -9999 -9999 -9999 -9999 -9999 -9999 -9999 -9999 -9999 -9999 -9999 -9999 -9999 -9999 -9999 -9999 -9999 -9999 -9999 -9999 13.832844386634 11.0599383404478 11.2679219823331 11.2858516066335 11.8373668501154 12.2698293882422 12.2576372437179 12.2942136772908 12.2296670298092 12.2877590125427 12.2246467350051 12.2547685038298 12.0776238157414 12.10200810479 12.1328470585868 11.9721976248547 12.0403301971965 11.371435679961 11.2872859765776 11.0850398144685 11.265053242445 11.0800195196643 11.0799997523427 10.8576921783388
-9999 -9999 -9999 -9999 -9999 -9999 -9999 -9999 -9999 -9999 -9999 -9999 -9999 -9999 -9999 -9999 -9999 -9999 -9999 -9999 -9999 -9999 -9999 -9999 -9999 -9999 -9999 -9999 -9999 -9999 -9999 -9999 -9999 -9999 -9999 -9999 -9999 -9999 15.0199996642768 11.186162895523 11.3353373697028 11.543321011588 11.9155400120653 11.8538621044718 12.0962706250139 12.180898451712 12.3221838911995 12.2490310240537 12.3135776715353 12.261223168578 12.182332821656 12.0855128504336 12.1471907580271 12.1048768446781 11.7082735551521 11.9750663647428 12.4551162351306 11.2148502944037 6.32707387124819 13.6649996945634 -9999 -9999
-9999 -9999 -9999 -9999 -9999 -9999 -9999 -9999 -9999 -9999 -9999 -9999 -9999 -9999 -9999 -9999 -9999 -9999 -9999 -9999 -9999 -9999 -9999 -9999 -9999 -9999 -9999 -9999 -9999 -9999 -9999 -9999 -9999 -9999 -9999 -9999 -9999 -9999 -9999 10.3287682614755 11.3898434275761 10.7225028111134 11.343943589367 11.8165684859268 12.0388958272524 12.1550797927193 12.1156346192583 12.300668342039 12.2138889604248 12.1988280760124 12.2311013997532 12.1199377290905 12.102725289762 12.0102084283717 11.8968932027929 11.9800866595469 9.82829268183559 11.9468570891768 10.9344309703447 6.37959230437289 -9999 -9999
-9999 -9999 -9999 -9999 -9999 -9999 -9999 -9999 -9999 -9999 -9999 -9999 -9999 -9999 -9999 -9999 -9999 -9999 -9999 -9999 -9999 -9999 -9999 -9999 -9999 -9999 -9999 -9999 -9999 -9999 -9999 -9999 -9999 -9999 -9999 -9999 -9999 -9999 -9999 -9999 10.894507673569 11.6426511302125 11.3805200229399 11.3733481732197 11.7398296939209 11.94207585603 11.8682058039121 11.9105197172612 12.142170463223 11.9786522896029 12.0575426365249 12.1170689892024 12.0109256133437 11.8940244629048 12.2913449374028 12.7897884929553 12.220343625173 12.1557969776914 9.20099489297718 8.41409954167903 14.1446837171291 -9999
-9999 -9999 -9999 -9999 -9999 -9999 -9999 -9999 -9999 -9999 -9999 -9999 -9999 -9999 -9999 -9999 -9999 -9999 -9999 -9999 -9999 -9999 -9999 -9999 -9999 -9999 -9999 -9999 -9999 -9999 -9999 -9999 -9999 -9999 -9999 -9999 -9999 -9999 -9999 -9999 11.9760593900887 11.0961561815348 11.2040925198235 11.3116702656262 11.2578813927248 11.2048097047955 11.5655537457205 11.7297891043127 12.0596941914409 12.1328470585868 11.7599108731374 11.9987334688194 11.9750663647428 11.744849988725 11.9851069543511 12.2174748852849 11.7964873067103 11.5139164277352 11.5117648728192 11.3303170748986 12.2489888367024 15.3149996576831
-9999 -9999 -9999 -9999 -9999 -9999 -9999 -9999 -9999 -9999 -9999 -9999 -9999 -9999 -9999 -9999 -9999 -9999 -9999 -9999 -9999 -9999 -9999 -9999 -9999 -9999 -9999 -9999 -9999 -9999 -9999 -9999 -9999 -9999 -9999 -9999 -9999 -9999 -9999 14.5499996747822 10.8297219644301 11.1997894099914 11.6731314915232 11.6200598035939 11.5870692948811 11.4751884392463 11.6523331273347 11.8768120235763 12.0080568734556 12.0439161220565 12.10200810479 12.142887648195 11.8474074397236 11.701818890404 11.6415753527544 11.5691396705806 11.5296944971196 11.425702676177 11.3274483350106 13.4115878636949 -9999 -9999
-9999 -9999 -9999 -9999 -9999 -9999 -9999 -9999 -9999 -9999 -9999 -9999 -9999 -9999 -9999 -9999 -9999 -9999 -9999 -9999 -9999 -9999 -9999 -9999 -9999 -9999 -9999 -9999 -9999 -9999 -9999 -9999 -9999 -9999 -9999 -9999 -9999 -9999 -9999 9.04151088482467 11.1151615832932 11.1381115023978 11.4393291906454 11.8832666883245 11.6760002314113 11.6838892661035 11.7692342777736 11.9306008964777 12.061128561385 12.1077455845661 12.1457563880831 12.0051881335676 11.8481246246956 11.7764061274938 11.5662709306926 11.4077730518766 11.5347147919238 12.5349997198209 8.84674975133094 10.5449995305389 9.05636259028688 10.753987231385
-9999 -9999 -9999 -9999 -9999 -9999 -9999 -9999 -9999 -9999 -9999 -9999 -9999 -9999 -9999 -9999 -9999 -9999 -9999 -9999 -9999 -9999 -9999 -9999 -9999 -9999 -9999 -9999 -9999 -9999 -9999 -9999 -9999 -9999 -9999 -9999 -9999 -9999 -9999 11.6713783727027 11.2667266740464 11.2198705892079 11.7656483529136 11.7333750291727 11.6946470406838 11.6422925377265 11.7907498269342 12.0173802780919 12.0518051567487 12.0783410007134 12.0984221799299 12.0934018851258 12.301385527011 11.8997619426809 11.6437269076705 11.3798028379679 11.1165959532373 10.9831995484419 10.0200201310217 10.66978971567 9.51057973923162 10.4542756315786
-9999 -9999 -9999 -9999 -9999 -9999 -9999 -9999 -9999 -9999 -9999 -9999 -9999 -9999 -9999 -9999 -9999 -9999 -9999 -9999 -9999 -9999 -9999 -9999 -9999 -9999 -9999 -9999 -9999 -9999 -9999 -9999 -9999 -9999 -9999 -9999 -9999 -9999 11.0507633189093 11.8935941519216 11.1947691151872 11.2005065949634 11.3389232945628 11.6566362371668 11.8316293703392 11.9693288849667 11.9800866595469 12.0345927174203 12.1156346192583 12.0941190700978 11.982955399435 11.8323465553112 11.744849988725 11.6451612776145 11.62579728337 11.5347147919238 10.9215216408484 10.2825098307803 10.2502365070395 10.8598437332548 10.4901348801795 8.68175297323614
-9999 -9999 -9999 -9999 -9999 -9999 -9999 -9999 -9999 -9999 -9999 -9999 -9999 -9999 -9999 -9999 -9999 -9999 -9999 -9999 -9999 -9999 -9999 -9999 -9999 -9999 -9999 -9999 -9999 -9999 -9999 -9999 -9999 -9999 -9999 -9999 -9999 -9999 10.8749046176672 11.8101138211787 11.5246742023155 11.4945524334908 11.4830774739385 11.5820490000769 11.7964873067103 11.9234290467575 12.0102084283717 12.0102084283717 11.8696401738562 12.062562931329 12.0267036827281 11.8165684859268 11.7498702835292 11.7950529367663 11.6602221620269 11.1598661132157 11.1431317972019 11.0706961150281 11.4156620865688 10.6066774381325 10.4553514090367 9.51124911187217
-9999 -9999 -9999 -9999 -9999 -9999 -9999 -9999 -9999 -9999 -9999 -9999 -9999 -9999 -9999 -9999 -9999 -9999 -9999 -9999 -9999 -9999 -9999 -9999 -9999 -9999 -9999 -9999 -9999 -9999 -9999 -9999 -9999 -9999 -9999 -9999 -9999 15.209116859276 11.7350049950182 11.5798974451609 11.8811151334085 11.823023150675 11.6035645492375 11.7756889425218 11.8488418096676 11.941358671058 12.0424817521125 11.9779351046309 11.8789635784924 11.8954588328488 11.8890041681007 11.8452558848076 11.7355265840888 11.7599108731374 11.6322519481182 11.1558020650409 11.4653869112954 11.4455447937362 10.4364177257754 11.1856847722083 9.86769004296511 9.61839654669166
-9999 -9999 -9999 -9999 -9999 -9999 -9999 -9999 -9999 -9999 -9999 -9999 -9999 -9999 -9999 -9999 -9999 -9999 -9999 -9999 -9999 -9999 -9999 -9999 -9999 -9999 -9999 -9999 -9999 -9999 -9999 -9999 -9999 -9999 -9999 -9999 -9999 11.8136997460388 11.4212202701019 11.3024902979843 11.8221465912648 11.9307801927207 11.5347147919238 11.7993560465984 11.9047822374851 11.9255806016736 12.0317239775322 11.9671773300506 11.9377727461979 11.6946470406838 11.7247688095085 12.2327748313546 11.4500869652256 11.861213250435 11.7769639380276 11.6428503482603 10.9502090397291 10.9260638123378 11.7168797748163 11.6471335362876 11.3826715778559 9.91674549505115
-9999 -9999 -9999 -9999 -9999 -9999 -9999 -9999 -9999 -9999 -9999 -9999 -9999 -9999 -9999 -9999 -9999 -9999 -9999 -9999 -9999 -9999 -9999 -9999 -9999 -9999 -9999 -9999 -9999 -9999 -9999 -9999 -9999 -9999 -9999 6.53111862296711 10.1627821278046 11.7953137313016 11.7197485147044 11.7652897604275 11.9415977327153 12.4359772400931 12.2895519749727 11.5698568555526 11.6831720811315 11.8567308443598 11.7749717575498 11.901196312625 11.7900326419622 11.7097079250962 10.3888922682963 12.3049714518711 12.2291889064945 11.9007181893103 11.7197485147044 11.5196539075114 11.3668935084715 10.8725140010938 11.5449944431894 11.1149225216359 11.3604388437234 11.1696676411666
-9999 -9999 -9999 -9999 -9999 -9999 -9999 -9999 -9999 -9999 -9999 -9999 -9999 -9999 -9999 -9999 -9999 -9999 -9999 -9999 -9999 -9999 -9999 -9999 -9999 -9999 -9999 -9999 -9999 -9999 -9999 -9999 -9999 -9999 -9999 15.9234770006899 12.5271394187585 12.0393056472364 11.7799920523539 12.0314849158749 12.0919675151818 12.1364329834469 12.1113315094262 12.4333475618623 11.4672994045541 11.4622791097499 11.7799920523539 11.9951475439593 12.7031525483355 12.3949781658594 11.9607226653025 11.9585711103864 12.0680613494478 11.7042095069773 12.0198904254939 11.5951973912306 11.384823132772 11.5999786243774 11.5222835857421 11.5665099923499 11.0845616911538 11.0465986999683
-9999 -9999 -9999 -9999 -9999 -9999 -9999 -9999 -9999 -9999 -9999 -9999 -9999 -9999 -9999 -9999 -9999 -9999 -9999 -9999 -9999 -9999 -9999 -9999 -9999 -9999 -9999 -9999 6.35999985784292 11.0497611441783 11.6351764919369 12.3317715218781 12.023193251023 10.7739468138079 15.2479188908713 13.4127660961489 12.3278189159797 11.9733929331414 11.4869502727874 10.0182783960897 12.1557969776914 12.1644031973556 12.1464735730551 12.0776238157414 12.021683387924 11.6960814106278 12.1084627695382 12.4082460878417 12.5186925735325 11.4660084716044 11.6975157805718 12.2079721844057 12.0546738966368 11.9626351585612 11.5791802601889 11.6140832621604 12.1701406771317 11.4381338823587 11.2291939938441 10.8815983440727 11.7670275547828 12.0041840746067
-9999 -9999 -9999 -9999 -9999 -9999 -9999 -9999 -9999 -9999 -9999 -9999 -9999 -9999 -9999 -9999 -9999 -9999 -9999 -9999 -9999 -9999 11.9298837115057 10.6177220867015 10.6309182901867 10.4490401812829 11.6024887717795 11.0721304849721 12.2879796848417 11.6451612776145 11.7247688095085 12.1687063071877 12.0888836198021 11.4985481783349 11.995267074788 11.6450417467859 11.7324187825434 11.9851069543511 12.0790581856854 12.0812097406015 12.0797753706574 12.2074342956766 12.2368388795294 12.1335642435588 12.1514938678592 12.5538346371613 12.502197319176 12.2884761975147 11.8567308443598 12.3652149895206 11.9549851855263 11.8352152951993 12.1323091698578 11.9623363314895 11.3977324622683 11.5712912254967 11.9775765121449 11.9709425511537 11.4067689929157 11.6549997394904 -9999 -9999
-9999 -9999 -9999 -9999 -9999 -9999 -9999 -9999 -9999 -9999 -9999 -9999 -9999 -9999 -9999 -9999 -9999 -9999 -9999 -9999 -9999 13.736472656019 11.7771233124658 11.8330637402833 11.4672994045541 11.4791329565924 11.7222586621065 11.8054521188606 11.5106890953612 11.6903439308517 11.8151341159828 11.8273262605071 11.5153507976793 11.7599108731374 11.8108310061507 12.0274208677001 11.981521029491 12.2301451531239 12.3439385020174 12.1349986135028 12.0977049949579 12.2059999257326 12.2511825789697 12.2691122032702 12.4491256312467 12.7087465911172 12.7632526489906 12.6657154927962 12.2160405153409 12.0819269255735 13.0299020215869 12.0073396884836 11.9865413242951 11.4305436747381 11.5047523975372 15.5863252993849 12.6699997168034 -9999 -9999 -9999 -9999 -9999
-9999 -9999 -9999 -9999 -9999 -9999 -9999 -9999 -9999 -9999 -9999 -9999 -9999 -9999 -9999 -9999 -9999 6.88018432352692 10.7605603875633 12.6582828485407 11.7172383673023 11.9650257751346 11.7548905783333 11.6559190521948 11.62579728337 11.941358671058 11.8151341159828 12.0561082665808 11.5175023525953 12.3774071340449 12.3903164635412 12.2891933824867 12.6617709754501 12.5498901198152 12.4821161399595 12.1134830643423 11.744849988725 12.1701406771317 12.6558183401823 12.7460402096622 12.7221938093426 12.5724814464338 12.5703298915178 12.5961485505104 12.817041521892 12.8263649265282 12.6262703193352 12.5445112325251 12.2705465732142 12.0037537636235 12.8554826363921 11.6228488562629 10.7399997599423 -9999 -9999 -9999 -9999 -9999 -9999 -9999 -9999 -9999
-9999 -9999 -9999 -9999 -9999 -9999 -9999 -9999 -9999 -9999 -9999 -9999 -9999 7.00499984342605 6.08999986387789 -9999 -9999 11.4011390908854 11.2781832442404 11.4719611068722 11.7247688095085 10.7952970857732 12.1837671916001 12.3569673623424 12.3627048421185 12.219626440201 12.2160405153409 12.3637806195766 12.4093218652997 12.4057359404396 12.6908169668168 12.6968413205817 12.6384624638595 12.3472853652202 11.9148228270933 12.8009048600215 12.0747550758533 12.0790581856854 12.1199377290905 12.698526705266 12.5753501863219 12.7252418454736 12.6018860302866 12.7890713079832 12.8335367762484 12.7969603426754 12.7166356258094 12.4254585271701 12.3924680184573 12.4378100461327 9.71238996537731 13.5549996970221 -9999 -9999 -9999 -9999 -9999 -9999 -9999 -9999 -9999 -9999
-9999 -9999 -9999 -9999 -9999 -9999 -9999 -9999 -9999 -9999 -9999 -9999 -9999 10.9869289102964 11.6914197083097 10.9319208229426 11.0308923490811 11.6851443398045 11.5522858237382 11.5655537457205 11.7344508066308 12.2346873246133 12.3121433015913 12.300309749553 12.3243354461156 12.4086046803277 11.6501815724187 12.5237128683366 12.4713583653793 12.4437467439566 12.6252662603743 12.5661702186801 12.661412382964 12.0948362550698 12.4852717538364 12.3684423218947 12.3048280148767 12.3599556330591 12.5396104685497 12.380275873933 12.486658311449 12.4649037006311 12.3336588507518 12.8034150074236 12.8055665623397 12.7345652501099 12.7116153310053 12.5552690071054 12.2988753796089 11.7241950615309 11.0210669149645 10.1747633355724 16.0199996419251 -9999 -9999 -9999 -9999 -9999 -9999 22.0229097867118 17.8399996012449 -9999
-9999 -9999 -9999 -9999 -9999 -9999 -9999 -9999 -9999 -9999 18.4945401235722 10.1404317131658 10.6345281212125 11.9542680005543 11.2722250921652 11.6286660232581 11.6132465463597 11.5275429422036 11.5702154480387 11.980445252033 12.302819896955 12.2361216945574 12.2515411714558 12.1525696453173 12.2027725933585 12.3311487033498 12.2766426454764 12.3906750560272 12.4627521457151 12.50004576426 12.3691595068667 12.8075388210127 11.9291665265337 11.86390269408 11.9851069543511 12.5770236179233 12.8356883311644 12.581087666098 12.578577518696 12.6169469146989 12.7094637760893 12.4749442902394 12.5222784983926 12.6900997818448 12.8249305565841 12.7252418454736 12.2409029277042 12.4247413421981 12.3476439577062 12.2838144951966 11.924235879851 15.3478378746076 7.44007021496684 -9999 -9999 -9999 18.0101047221343 12.1959593361244 12.5019104451872 12.2036690745736 11.5555609684438 17.7899996023625
-9999 -9999 -9999 -9999 -9999 -9999 -9999 20.7149703359652 12.3923655634613 11.0986663289368 11.1260627948679 11.0212103519589 11.4769814016763 11.7287133268546 11.6182668411639 11.5573061185423 11.8481246246956 12.0094912433997 11.6946470406838 11.7699514627457 12.380275873933 12.221777995117 12.0661488561891 11.9198431218974 12.1748023794498 11.8251747055911 12.2540513188578 11.6451612776145 12.0751136683393 12.4742271052673 11.9463789658621 11.8251747055911 11.9901272491552 11.9750663647428 12.5256253615953 12.5595721169375 12.8080767097417 12.740302729886 12.7069536286872 12.6875896344427 12.7352824350819 12.7051606662571 12.7417370998301 12.4699239954352 12.6298562441953 12.9242208315991 12.7352824350819 12.5947141805664 12.3903164635412 12.4698215404392 12.6799157552421 10.8752632101532 14.5034401573016 7.54575085084836 12.2447279142216 12.0282814896666 12.4750877272338 12.3488631721586 11.9499648907222 11.9947889514733 12.003949359525 16.8900177300943
-9999 -9999 -9999 -9999 -9999 10.8974959442858 10.9892956207041 11.1481520920061 11.1011764763389 11.227042438928 11.2277596239001 11.1897488203831 11.585993517423 11.7638553904835 11.4099246067926 11.4049043119885 11.4472182253376 11.7208242921624 11.5325632370077 11.8065278963186 11.7075563701801 11.7742545725778 11.5375835318118 11.4622791097499 12.2809457553085 12.2977996021509 11.7011017054319 11.702536075376 11.7383953239769 11.6760002314113 11.8897213530727 11.983672584407 12.1228064689785 12.0977049949579 12.1349986135028 12.4704977434129 12.619815654587 12.6445585361216 12.619815654587 12.6281828125939 12.6449171286076 12.7101809610613 12.7223731055856 12.6277046892792 12.5517855372413 12.5887376391329 12.7473721246102 12.3940458253957 12.4175694924779 12.413696693629 10.5731490406906 10.7657132056775 12.3404003894888 12.3673665444367 12.4337061543483 12.3436994403601 12.1780297118239 12.3847582800081 12.7105395535473 12.7628223380074 12.462034960743 12.3910336485133
-9999 -9999 -9999 -9999 -9999 11.1302224677056 11.0178634887561 11.2489165805746 11.0690226834267 10.945188744925 10.7450941377319 10.8196813748218 10.8297219644301 11.3898434275761 11.385540317744 11.4321573409252 11.3790856529959 11.5892208497971 11.582766185049 11.6157566937618 11.6028473642655 11.5985442544334 11.5239570173435 11.5261085722595 11.5605334509164 11.664525271859 11.7161625898443 11.7778404974379 11.744132803753 11.7376781390049 11.8925900929607 11.9148228270933 12.4803231775295 12.3533814374823 12.0697347810492 12.6048743010033 12.6130023973528 12.618278829647 12.3523056600243 12.2848902726546 12.3272041860037 11.4699290827848 12.5502487123013 11.942434448516 12.033636470791 12.8811783493896 12.1615344574675 13.0099642793648 12.8234961866401 12.8351145831868 12.5947141805664 12.3867305386811 12.5882595158182 12.4512771861628 12.2853205836378 12.9009521636181 12.4907223596238 12.9298188587418 12.4663380705751 12.7850550721399 12.4021500155795 13.0043702365831
-9999 -9999 -9999 -9999 -9999 11.3611560286954 10.8247016696259 11.8603167692199 12.0152287231758 11.5495366146788 11.2600329476409 11.7251274019945 11.1115756584331 11.3374889246188 11.4414807455614 11.9800866595469 11.3747825431637 11.3582872888073 11.3539841789752 11.6200598035939 11.5103305028751 11.5246742023155 11.4278542310931 11.3776512830518 11.4852290288545 11.5547959711403 11.7348093991168 12.3272041860037 12.4387264491525 12.2836949643679 11.8352152951993 12.0202490179799 11.503875838127 12.3286385559477 12.0876644053496 12.1098971394822 12.0926847001538 12.4950254694559 12.502197319176 12.578936111182 12.3953367583454 12.50004576426 11.9148228270933 12.8780022445135 12.8564866953529 12.2691122032702 12.9289223775268 13.059450042434 13.1146732852794 12.6641914747306 12.6257921960205 12.6398968338035 12.6616514446214 12.940397337079 12.988018419221 13.0366435603239 12.9900623963913 13.0024338371586 13.2288849920733 12.2696500919992 12.4112172827258 13.017853314057
-9999 -9999 -9999 -9999 -9999 11.5129601811059 11.6159957554191 11.5002899132669 11.0445188635495 11.1883144504391 11.0997421063948 11.224890884012 11.5533616011962 11.6179082486778 11.9392071161419 11.9639499976765 11.901196312625 11.3001953060739 11.3547013639472 11.4350260808133 12.1188619516324 11.7921841968782 12.0991393649019 11.465147849638 11.9978369876044 12.0252693127841 12.0817476293305 11.8961760178208 11.8201544107869 11.5146336127073 12.4182866774499 11.5748771503568 12.2899105674587 12.3487197351642 12.0353099023923 12.0654316712171 11.8990447577089 12.2777184229344 12.419721047394 11.9743491797708 12.4971770243719 11.8420285524335 12.2734153131023 12.6004516603425 12.938245782163 12.8830225393176 12.9031037185341 13.0049439845607 13.1039155106992 13.0673390771262 13.0522781927139 12.7413785073441 13.1135975078214 12.9498641787097 12.8897640780546 13.2593653533841 13.2694059429923 13.4295174879953 13.4989819752851 13.1080393242883 13.138698981842 13.0383648042567
-9999 -9999 -9999 -9999 -9999 11.453194766771 11.3647419535555 11.4321573409252 11.7197485147044 11.8603167692199 10.905026386492 10.8953443893697 11.7907498269342 11.7656483529136 11.9675359225366 11.9334696363658 11.3040202925913 11.386257502716 10.9582773706643 10.6124149179086 11.1938128685579 11.185804303037 11.8983275727369 12.1469516963698 11.8965346103068 11.9119540872052 12.0064432072686 11.6089434365276 11.1352427625097 11.1323740226217 12.2762840529904 11.2600329476409 12.2651676859241 11.7900326419622 11.9621570352465 11.9980162838474 11.7885982720181 12.0496536018327 11.9248634167016 11.8502761796117 10.8494445511606 12.6298562441953 12.3903164635412 12.4713583653793 12.7230902905576 12.8062837473117 12.8701132098213 12.8435773658566 13.0400860481896 13.0601672274061 12.5947141805664 13.0651875222102 11.9965819139034 13.2903836034238 13.1808335989481 13.2373119154945 13.4503158521838 13.3301873693708 13.5029777201292 13.4221407282831 13.2878017375246 13.1826624206267
