EcologicalScience/Bass/data/rs_data_bass/sst_2.asc
NCOLS 226 
NROWS 124 
XLLCORNER -9.41648524995501 
YLLCORNER 47.587301625531 
CELLSIZE 0.0833 
NODATA_value -9999 
[rows 0 to 26 of 124, columns 0 to 61 of 226]
-9999.000000000000000 -9999 -9999 -9999 -9999 -9999 -9999 -9999 -9999 -9999 -9999 -9999 -9999 -9999 -9999 -9999 -9999 -9999 -9999 -9999 -9999 -9999 -9999 -9999 -9999 -9999 -9999 -9999 -9999 -9999 -9999 -9999 -9999 -9999 -9999 -9999 -9999 -9999 -9999 -9999 -9999 -9999 -9999 -9999 -9999 -9999 -9999 -9999 -9999 -9999 -9999 -9999 -9999 -9999 -9999 -9999 -9999 -9999 -9999 -9999 -9999 -9999
-9999 -9999 -9999 -9999 -9999 -9999 -9999 -9999 -9999 -9999 -9999 -9999 -9999 -9999 -9999 -9999 -9999 -9999 -9999 -9999 -9999 -9999 -9999 -9999 -9999 -9999 -9999 -9999 -9999 -9999 -9999 -9999 -9999 -9999 -9999 -9999 -9999 -9999 -9999 -9999 -9999 -9999 -9999 -9999 -9999 -9999 -9999 -9999 -9999 -9999 -9999 -9999 -9999 -9999 -9999 -9999 -9999 -9999 -9999 -9999 -9999 -9999
-9999 -9999 -9999 -9999 -9999 -9999 -9999 -9999 -9999 -9999 -9999 -9999 -9999 -9999 -9999 -9999 -9999 -9999 -9999 -9999 -9999 -9999 -9999 -9999 -9999 -9999 -9999 -9999 -9999 -9999 -9999 -9999 -9999 -9999 -9999 -9999 -9999 -9999 -9999 -9999 -9999 -9999 -9999 -9999 -9999 -9999 -9999 -9999 -9999 -9999 -9999 -9999 -9999 -9999 -9999 -9999 -9999 -9999 -9999 -9999 -9999 -9999
-9999 -9999 -9999 -9999 -9999 -9999 -9999 -9999 -9999 -9999 -9999 -9999 -9999 -9999 -9999 -9999 -9999 -9999 -9999 -9999 -9999 -9999 -9999 -9999 -9999 -9999 -9999 -9999 -9999 -9999 -9999 -9999 -9999 -9999 -9999 -9999 -9999 -9999 -9999 -9999 -9999 -9999 -9999 -9999 -9999 -9999 -9999 -9999 -9999 -9999 -9999 -9999 -9999 -9999 -9999 -9999 -9999 -9999 -9999 -9999 -9999 -9999
-9999 -9999 -9999 -9999 -9999 -9999 -9999 -9999 -9999 -9999 -9999 -9999 -9999 -9999 -9999 -9999 -9999 -9999 -9999 -9999 -9999 -9999 -9999 -9999 -9999 -9999 -9999 -9999 -9999 -9999 -9999 -9999 -9999 -9999 -9999 -9999 -9999 -9999 -9999 -9999 -9999 -9999 -9999 -9999 -9999 -9999 -9999 -9999 -9999 -9999 -9999 -9999 -9999 -9999 -9999 -9999 -9999 -9999 -9999 -9999 -9999 -9999
-9999 -9999 -9999 -9999 -9999 13.1649997057393 9.78999978117645 9.82499978039414 9.79499978106469 9.19599979445338 9.09999979659915 8.87699980158359 12.7099997159094 12.4799997210503 12.349999723956 11.8899997342378 11.8749997345731 11.8049997361377 12.2699997257441 12.6499997172505 12.6249997178093 13.0199997089803 13.4099997002631 13.6899996940047 14.1549996836111 12.5249997200444 12.6099997181445 12.1499997284263 12.0499997306615 8.85499980207533 8.84999980218709 12.4399997219443 12.9249997111037 12.9249997111037 12.3249997245148 6.72499984968454 6.72499984968454 12.2299997266382 8.53499980922788 12.3049997249618 12.1799997277558 12.474999721162 12.9399997107685 14.8749996675178 -9999 -9999 -9999 -9999 -9999 -9999 -9999 -9999 -9999 -9999 -9999 -9999 -9999 -9999 -9999 -9999 -9999 -9999
-9999 -9999 -9999 -9999 -9999 12.7999997138977 12.8799997121096 9.80499978084117 9.86499977950007 9.5899997856468 9.55999978631735 12.4999997206032 12.76499971468 12.5549997193739 12.5049997204915 12.3399997241795 8.15999981760979 8.33499981369823 12.3899997230619 12.4249997222796 12.4399997219443 12.5349997198209 12.8649997124448 13.5199996978045 14.6899996716529 13.1849997052923 11.1349997511134 11.3599997460842 11.8649997347966 12.3099997248501 8.67499980609864 8.67499980609864 12.7899997141212 13.2549997037277 13.5899996962398 14.3749996786937 12.0099997315556 -9999 12.6499997172505 9.17999979481101 12.0549997305498 12.3799997232854 12.5449997195974 13.0149997090921 13.6399996951222 13.6399996951222 -9999 -9999 -9999 -9999 -9999 -9999 -9999 -9999 -9999 -9999 -9999 -9999 -9999 -9999 -9999 -9999
-9999 -9999 -9999 -9999 -9999 12.4349997220561 10.0749997748062 10.0749997748062 9.48249978804961 9.42749978927895 13.0699997078627 13.0499997083098 13.0449997084215 12.8599997125566 12.5249997200444 12.6099997181445 12.3549997238442 12.1349997287616 12.3149997247383 12.4799997210503 12.2299997266382 12.6049997182563 13.179999705404 13.5449996972457 13.9149996889755 11.8899997342378 12.0999997295439 11.9399997331202 9.02499979827553 9.0449997978285 8.4399998113513 8.6699998062104 8.70499980542809 8.68499980587512 8.71999980509281 13.2899997029454 -9999 12.3099997248501 12.0549997305498 8.66499980632216 8.63999980688095 11.1099997516721 12.3099997248501 12.4299997221678 14.1249996842816 -9999 -9999 -9999 -9999 -9999 -9999 -9999 -9999 -9999 -9999 -9999 -9999 -9999 -9999 -9999 -9999 -9999
-9999 -9999 -9999 -9999 -9999 10.0849997745827 10.0949997743592 10.0949997743592 10.0849997745827 9.31999979168177 13.0199997089803 12.9849997097626 12.5949997184798 12.204999727197 12.5549997193739 12.76499971468 12.6449997173622 12.4499997217208 12.5249997200444 12.6699997168034 12.7199997156858 12.8549997126684 13.4949996983632 13.4749996988103 12.079999729991 12.7749997144565 12.6049997182563 12.4549997216091 12.5399997197092 12.7599997147918 12.7099997159094 12.6899997163564 8.87999980151653 8.72499980498105 8.64499980676919 12.6949997162446 12.4649997213855 -9999 -9999 -9999 -9999 -9999 -9999 -9999 -9999 -9999 9.33499979134649 -9999 -9999 -9999 -9999 -9999 -9999 -9999 -9999 -9999 -9999 -9999 -9999 -9999 -9999 -9999
-9999 -9999 -9999 -9999 -9999 12.7299997154623 10.0599997751415 10.0599997751415 9.29499979224056 8.89299980122596 12.6899997163564 12.7299997154623 9.44999978877604 9.55499978642911 9.83499978017062 9.63999978452921 12.76499971468 12.5749997189268 12.5399997197092 12.5349997198209 7.72999982722104 12.5799997188151 12.8699997123331 13.3549997014925 12.7949997140095 13.0599997080863 12.7799997143447 12.8299997132272 12.6299997176975 12.6799997165799 8.10499981883913 8.10499981883913 12.8699997123331 8.67999980598688 8.67999980598688 12.6649997169152 12.5049997204915 13.3049997026101 13.1099997069687 13.1249997066334 13.2499997038394 13.7099996935576 -9999 14.1049996847287 -9999 -9999 12.0949997296557 -9999 -9999 -9999 -9999 -9999 -9999 -9999 -9999 -9999 -9999 -9999 -9999 -9999 -9999 -9999
-9999 -9999 -9999 -9999 -9999 12.3399997241795 12.4299997221678 12.1049997294322 12.3649997236207 12.9049997115508 12.7799997143447 9.76999978162348 9.76999978162348 12.7149997157976 12.8299997132272 12.7699997145683 12.4849997209385 12.474999721162 12.6899997163564 12.7399997152388 12.619999717921 7.86499982420355 12.6149997180328 12.6099997181445 11.1099997516721 12.8449997128919 12.5599997192621 12.4449997218326 12.5549997193739 8.42999981157482 8.34499981347471 8.25499981548637 8.23499981593341 12.6149997180328 12.7799997143447 13.0449997084215 12.889999711886 12.474999721162 7.49999983236194 7.49999983236194 12.9149997113273 12.8749997122213 13.1499997060746 13.2749997032806 -9999 12.039999730885 -9999 -9999 -9999 -9999 -9999 -9999 -9999 -9999 -9999 -9999 -9999 -9999 -9999 -9999 -9999 -9999
-9999 -9999 -9999 -9999 -9999 12.9049997115508 10.2649997705594 10.2649997705594 12.4099997226149 12.619999717921 12.4849997209385 12.5449997195974 12.6699997168034 13.0899997074157 13.2299997042865 12.8599997125566 12.7099997159094 12.6899997163564 12.8699997123331 12.9199997112155 12.4999997206032 12.2949997251853 12.3749997233972 12.3449997240677 13.5699996966869 12.9699997100979 12.8449997128919 8.36499981302768 8.31999981403351 8.3799998126924 8.39999981224537 8.30999981425703 8.27999981492758 8.31499981414527 8.18499981705099 8.10999981872737 8.06999981962144 8.06999981962144 12.4899997208267 6.86999984644353 6.98999984376132 7.1199998408556 12.889999711886 12.5799997188151 -9999 -9999 12.2549997260794 -9999 -9999 -9999 -9999 -9999 -9999 -9999 -9999 -9999 -9999 -9999 -9999 -9999 -9999 -9999
-9999 -9999 -9999 -9999 -9999 12.4399997219443 10.1349997734651 10.1199997738004 12.1949997274205 12.0199997313321 11.9549997327849 9.88499977905303 9.88499977905303 9.88499977905303 9.75499978195876 9.76999978162348 12.8449997128919 12.7049997160211 12.6599997170269 12.6999997161329 12.6099997181445 12.5599997192621 7.84999982453883 7.99499982129782 7.97499982174486 12.9899997096509 12.9899997096509 12.929999710992 8.21999981626868 8.25499981548637 8.27499981503934 8.23999981582165 8.28999981470406 8.41999981179833 8.40499981213361 8.21499981638044 8.04999982006848 8.09999981895089 7.94499982241541 7.91999982297421 12.3549997238442 12.1599997282028 12.1699997279793 12.9849997097626 -9999 12.1299997288734 -9999 -9999 -9999 -9999 -9999 -9999 -9999 -9999 -9999 -9999 -9999 -9999 -9999 -9999 -9999 -9999
-9999 -9999 -9999 -9999 -9999 9.10399979650974 9.02799979820847 12.4599997214973 12.5299997199327 12.3949997229502 12.2649997258559 12.3249997245148 12.5999997183681 12.6099997181445 12.7349997153506 12.5399997197092 12.474999721162 12.4149997225031 12.6149997180328 12.7449997151271 12.784999714233 13.0499997083098 8.21999981626868 8.22999981604517 8.27499981503934 13.1949997050688 13.1499997060746 13.0999997071922 12.8999997116625 12.6899997163564 12.5399997197092 12.8249997133389 12.9349997108802 8.42499981168658 8.25999981537461 8.17499981727451 8.1499998178333 7.87499982398003 7.79499982576817 7.81999982520938 12.5599997192621 12.9549997104332 13.2999997027218 -9999 11.8749997345731 -9999 -9999 -9999 -9999 -9999 -9999 -9999 -9999 -9999 -9999 -9999 -9999 -9999 -9999 -9999 -9999 -9999
-9999 -9999 -9999 -9999 -9999 13.634999695234 13.4749996988103 10.1049997741356 10.1049997741356 9.65499978419393 9.65999978408217 13.1249997066334 12.909999711439 12.7899997141212 12.9499997105449 12.8349997131154 12.6099997181445 12.3599997237325 12.3999997228384 12.3399997241795 12.184999727644 8.04999982006848 8.04999982006848 13.3849997008219 13.199999704957 12.7099997159094 9.26999979279935 9.26999979279935 12.8049997137859 8.65499980654567 8.63999980688095 8.54999980889261 8.44499981123954 8.38999981246889 8.3549998132512 8.3799998126924 8.22999981604517 7.90999982319772 7.90999982319772 14.2999996803701 13.4549996992573 -9999 -9999 -9999 -9999 -9999 -9999 -9999 -9999 -9999 -9999 -9999 -9999 -9999 -9999 -9999 -9999 -9999 -9999 -9999 -9999 -9999
-9999 -9999 -9999 -9999 -9999 12.8499997127801 9.96999977715313 10.0149997761473 9.88999977894127 9.56999978609383 9.59499978553504 9.5899997856468 12.5299997199327 12.2399997264147 12.6149997180328 12.8049997137859 12.8949997117743 12.6499997172505 12.4099997226149 12.329999724403 12.3549997238442 12.6849997164682 12.929999710992 13.0049997093156 13.0449997084215 12.7999997138977 12.9449997106567 12.9399997107685 12.8049997137859 8.39499981235713 8.53499980922788 8.61499980743974 8.68999980576336 12.9399997107685 8.32499981392175 8.2699998151511 8.17999981716275 12.9199997112155 13.0099997092038 13.5449996972457 14.5399996750057 14.5849996739998 -9999 -9999 -9999 -9999 -9999 13.2249997043982 13.2249997043982 -9999 -9999 -9999 -9999 -9999 -9999 -9999 -9999 -9999 -9999 -9999 -9999 -9999
-9999 -9999 -9999 -9999 -9999 9.93499977793545 9.90249977866188 13.1599997058511 12.9399997107685 12.6599997170269 9.49499978777021 12.7399997152388 12.5999997183681 12.329999724403 12.8949997117743 13.1599997058511 13.0849997075275 13.054999708198 12.7199997156858 12.9799997098744 13.2699997033924 13.2499997038394 12.9599997103214 12.909999711439 12.7349997153506 12.6549997171387 12.6999997161329 8.99499979894608 8.99499979894608 13.2399997040629 13.2549997037277 12.9749997099862 8.2699998151511 8.2699998151511 8.24999981559813 8.11499981861562 8.01999982073903 12.6799997165799 -9999 -9999 -9999 -9999 -9999 -9999 -9999 -9999 -9999 -9999 -9999 -9999 -9999 -9999 -9999 -9999 -9999 -9999 -9999 -9999 -9999 -9999 -9999 -9999
-9999 -9999 -9999 -9999 -9999 12.8999997116625 9.32499979157001 9.37499979045242 9.51999978721142 9.44749978883192 9.38249979028478 12.9599997103214 12.6749997166917 12.4249997222796 12.8549997126684 13.1949997050688 13.2349997041747 9.08999979682267 9.08999979682267 13.074999707751 13.1949997050688 13.1849997052923 13.179999705404 12.619999717921 12.4699997212738 12.5049997204915 12.5099997203797 9.00499979872257 9.00499979872257 13.1649997057393 8.17499981727451 8.22999981604517 8.23499981593341 8.23999981582165 8.23499981593341 8.17499981727451 12.9949997095391 13.1949997050688 13.5399996973574 13.7849996918812 11.6199997402728 -9999 -9999 -9999 -9999 -9999 -9999 -9999 -9999 -9999 -9999 -9999 -9999 -9999 -9999 -9999 -9999 -9999 -9999 -9999 -9999 -9999
-9999 -9999 -9999 -9999 -9999 12.9699997100979 13.0399997085333 9.65999978408217 9.8449997799471 9.83499978017062 9.25299979317933 13.054999708198 13.0199997089803 12.8949997117743 12.7899997141212 12.9199997112155 12.9799997098744 12.8499997127801 12.9849997097626 12.6599997170269 12.6049997182563 12.6599997170269 12.6749997166917 12.6549997171387 12.3999997228384 12.5049997204915 9.02499979827553 9.01499979849905 9.03499979805201 9.0699997972697 8.69999980553985 8.04499982018024 8.1249998183921 8.22499981615692 8.20499981660396 13.0399997085333 12.9849997097626 7.25999983772635 7.25999983772635 -9999 -9999 -9999 -9999 11.9899997320026 11.8649997347966 11.4549997439608 -9999 -9999 -9999 -9999 -9999 -9999 -9999 -9999 -9999 -9999 -9999 -9999 -9999 -9999 -9999 -9999
-9999 -9999 -9999 -9999 -9999 12.9349997108802 10.1999997720122 10.1999997720122 12.7149997157976 13.1149997068569 13.2749997032806 13.2799997031689 9.9299997780472 9.95999977737665 12.5749997189268 12.6449997173622 12.3949997229502 12.4149997225031 9.82499978039414 9.8449997799471 9.57499978598207 9.43999978899956 10.0199997760355 9.9899997767061 12.6999997161329 12.5349997198209 12.3949997229502 9.30999979190528 9.30999979190528 9.25499979313463 8.73999980464578 8.2099998164922 8.10499981883913 8.04499982018024 8.10999981872737 12.8949997117743 12.7449997151271 12.5449997195974 12.9899997096509 12.7349997153506 12.5999997183681 12.9349997108802 12.3249997245148 11.9649997325614 12.0549997305498 11.9399997331202 -9999 -9999 -9999 -9999 -9999 -9999 -9999 -9999 -9999 -9999 -9999 -9999 -9999 -9999 -9999 -9999
-9999 -9999 -9999 -9999 -9999 10.4049997674301 12.8849997119978 12.784999714233 12.7999997138977 12.8099997136742 12.7249997155741 12.6999997161329 12.619999717921 9.97999977692962 9.97999977692962 12.7299997154623 12.4199997223914 12.1149997292086 9.8199997805059 9.76999978162348 9.83999978005886 10.0049997763708 10.0199997760355 9.94499977771193 9.86999977938831 12.6999997161329 12.7149997157976 9.24499979335815 9.34499979112297 9.22499979380518 9.07499979715794 7.98999982140958 8.00999982096255 8.039999820292 8.1249998183921 8.13499981816858 8.21499981638044 8.23499981593341 8.28499981481582 8.28999981470406 8.24499981570989 8.31999981403351 8.25999981537461 8.05999981984496 8.04499982018024 13.4299996998161 -9999 -9999 -9999 -9999 -9999 -9999 -9999 -9999 -9999 -9999 -9999 -9999 -9999 -9999 -9999 -9999
-9999 -9999 -9999 -9999 -9999 13.3849997008219 13.3899997007102 13.5299996975809 13.3699997011572 12.7299997154623 12.8199997134507 13.4399996995926 13.1949997050688 12.6599997170269 12.4199997223914 12.4999997206032 12.2499997261912 9.82499978039414 9.82499978039414 13.0249997088686 9.71499978285283 9.81499978061765 9.8449997799471 12.7399997152388 12.7399997152388 12.8999997116625 12.7149997157976 12.494999720715 12.6099997181445 12.6499997172505 12.6649997169152 8.27999981492758 8.16999981738627 8.09999981895089 8.1249998183921 8.16999981738627 8.64999980665743 8.55999980866909 8.68499980587512 8.79999980330467 8.67499980609864 8.69499980565161 8.27499981503934 8.17999981716275 13.4499996993691 12.7399997152388 12.7599997147918 -9999 -9999 -9999 -9999 -9999 -9999 -9999 10.9150669761002 -9999 -9999 -9999 -9999 -9999 -9999 -9999
-9999 -9999 -9999 -9999 -9999 13.5399996973574 13.4449996994808 13.6299996953458 13.2249997043982 12.9149997113273 13.3149997023866 13.4549996992573 13.1749997055158 12.8099997136742 12.8299997132272 12.8049997137859 12.6549997171387 12.9999997094274 9.62999978475273 9.759999781847 9.904999778606 13.1049997070804 12.9699997100979 12.9699997100979 12.9699997100979 12.5799997188151 12.7049997160211 12.6449997173622 12.4499997217208 12.5349997198209 12.7599997147918 8.1249998183921 8.07499981950969 8.04999982006848 8.10999981872737 8.08999981917441 8.11499981861562 12.7549997149035 12.1499997284263 8.01499982085079 8.00999982096255 8.29999981448054 12.2899997252971 12.4499997217208 12.8749997122213 12.5499997194856 11.2048097047955 -9999 -9999 -9999 -9999 -9999 -9999 -9999 -9999 -9999 -9999 -9999 -9999 -9999 -9999 -9999
-9999 -9999 -9999 -9999 -9999 13.4149997001514 13.1349997064099 12.7899997141212 12.7799997143447 12.8749997122213 13.054999708198 12.6649997169152 9.45249978872016 9.53249978693202 9.61999978497624 12.5049997204915 12.5599997192621 12.8249997133389 13.0299997087568 13.3599997013807 13.5599996969104 13.2799997031689 13.1649997057393 13.1649997057393 13.0049997093156 9.46749978838488 9.42749978927895 12.4499997217208 12.3599997237325 12.3849997231737 12.7299997154623 12.8299997132272 12.8549997126684 12.8099997136742 12.6349997175857 8.02999982051551 8.01999982073903 7.99499982129782 7.88999982364476 7.93999982252717 11.8799997344613 10.3799997679889 11.749999737367 11.4549997439608 11.8249997356907 13.1649997057393 -9999 9.51999978721142 14.5349996751174 17.7449996033683 -9999 -9999 -9999 9.43999978899956 9.72499978262931 -9999 -9999 -9999 -9999 -9999 -9999 -9999
-9999 -9999 -9999 -9999 -9999 10.359999768436 9.83999978005886 9.83999978005886 13.0199997089803 9.75499978195876 9.75499978195876 9.56499978620559 9.82749978033826 9.78999978117645 9.73999978229403 9.75499978195876 9.80999978072941 9.54499978665262 9.62249978492036 9.69249978335574 13.3749997010455 13.3749997010455 12.7599997147918 12.889999711886 12.9749997099862 12.9999997094274 13.0249997088686 12.7599997147918 12.7199997156858 12.5399997197092 12.3849997231737 12.2399997264147 12.2599997259676 12.079999729991 11.9849997321144 11.9049997339025 12.1549997283146 12.9249997111037 13.034999708645 -9999 -9999 11.9299997333437 11.5749997412786 11.8049997361377 12.3449997240677 13.1749997055158 -9999 17.6049996064976 17.6049996064976 -9999 -9999 -9999 13.4299996998161 12.909999711439 12.6349997175857 -9999 -9999 -9999 -9999 -9999 -9999 -9999
-9999 -9999 -9999 -9999 -9999 13.1249997066334 13.1499997060746 10.4839997656643 10.4639997661114 10.2049997719005 12.2349997265264 12.039999730885 9.80249978089705 9.80249978089705 9.85249977977946 9.88499977905303 9.93249977799132 9.62249978492036 9.93499977793545 9.93499977793545 12.474999721162 12.7149997157976 12.8949997117743 12.7499997150153 12.7399997152388 12.4449997218326 12.6499997172505 12.514999720268 12.1549997283146 12.1349997287616 12.0249997312203 12.079999729991 12.2649997258559 12.1999997273088 11.8599997349083 12.4149997225031 13.6099996957928 -9999 7.8349998248741 -9999 12.6699997168034 8.40499981213361 8.48999981023371 8.72499980498105 12.1199997290969 12.3249997245148 -9999 -9999 12.6999997161329 13.7949996916577 13.6099996957928 13.1499997060746 5.25999988242984 5.4849998774007 13.8999996893108 -9999 -9999 -9999 -9999 -9999 -9999 -9999
-9999 -9999 -9999 -9999 -9999 10.0724997748621 10.0349997757003 10.0199997760355 10.2624997706152 12.8449997128919 12.3249997245148 12.349999723956 12.5199997201562 12.329999724403 12.5449997195974 12.6899997163564 12.8599997125566 13.054999708198 12.929999710992 12.4999997206032 12.7499997150153 12.4799997210503 9.41499978955835 9.41499978955835 9.13749979576096 9.08499979693443 8.65249980660155 8.64749980671331 12.7049997160211 8.87499980162829 8.82499980274588 11.9199997335672 11.8599997349083 11.6899997387081 12.3999997228384 11.8649997347966 11.1949997497723 12.2849997254089 -9999 -9999 12.1699997279793 8.59499980788678 8.55499980878085 8.50499980989844 12.7049997160211 14.0599996857345 -9999 13.5649996967986 12.9499997105449 12.6299997176975 13.3699997011572 6.80999984778464 6.80999984778464 13.6099996957928 14.3449996793643 -9999 -9999 -9999 -9999 -9999 -9999 -9999
