EcologicalScience/Bass/data/rs_data_bass/sst_100.asc
NCOLS 226 
NROWS 124 
XLLCORNER -9.41648524995501 
YLLCORNER 47.587301625531 
CELLSIZE 0.0833 
NODATA_value -9999 
[rows 0 to 26 of 124, columns 62 to 123 of 226]
-9999 -9999 -9999 -9999 -9999 -9999 -9999 -9999 -9999 -9999 -9999 -9999 -9999 -9999 -9999 -9999 -9999 -9999 -9999 -9999 -9999 -9999 -9999 -9999 -9999 -9999 -9999 -9999 -9999 -9999 -9999 -9999 -9999 -9999 -9999 -9999 -9999 -9999 -9999 -9999 -9999 -9999 -9999 -9999 -9999 -9999 -9999 -9999 -9999 -9999 -9999 -9999 -9999 -9999 -9999 -9999 -9999 -9999 -9999 -9999 -9999 -9999
-9999 -9999 -9999 -9999 -9999 -9999 -9999 -9999 -9999 -9999 -9999 -9999 -9999 -9999 -9999 -9999 -9999 -9999 -9999 -9999 -9999 -9999 -9999 -9999 -9999 -9999 -9999 -9999 -9999 -9999 -9999 -9999 -9999 -9999 -9999 -9999 -9999 -9999 -9999 -9999 -9999 -9999 -9999 -9999 -9999 -9999 -9999 -9999 -9999 -9999 -9999 -9999 -9999 -9999 -9999 -9999 -9999 -9999 -9999 -9999 -9999 -9999
-9999 -9999 -9999 -9999 -9999 -9999 -9999 -9999 -9999 -9999 -9999 -9999 -9999 -9999 -9999 -9999 -9999 -9999 -9999 -9999 -9999 -9999 -9999 -9999 -9999 -9999 -9999 -9999 -9999 -9999 -9999 -9999 -9999 -9999 -9999 -9999 -9999 -9999 -9999 -9999 -9999 -9999 -9999 -9999 -9999 -9999 -9999 -9999 -9999 -9999 -9999 -9999 -9999 -9999 -9999 -9999 -9999 -9999 -9999 -9999 -9999 -9999
-9999 -9999 -9999 -9999 -9999 -9999 -9999 -9999 -9999 -9999 -9999 -9999 -9999 -9999 -9999 -9999 -9999 -9999 -9999 -9999 -9999 -9999 -9999 -9999 -9999 -9999 -9999 -9999 -9999 -9999 -9999 -9999 -9999 -9999 -9999 -9999 -9999 -9999 -9999 -9999 -9999 -9999 -9999 -9999 -9999 -9999 -9999 -9999 -9999 -9999 -9999 -9999 -9999 -9999 -9999 -9999 -9999 -9999 -9999 -9999 -9999 -9999
-9999 -9999 -9999 -9999 -9999 -9999 -9999 -9999 -9999 -9999 -9999 -9999 -9999 -9999 -9999 -9999 -9999 -9999 -9999 -9999 -9999 -9999 -9999 -9999 -9999 -9999 -9999 -9999 -9999 -9999 -9999 -9999 -9999 -9999 -9999 -9999 -9999 -9999 -9999 -9999 -9999 -9999 -9999 -9999 -9999 -9999 -9999 -9999 -9999 -9999 -9999 -9999 -9999 -9999 -9999 -9999 -9999 -9999 -9999 -9999 -9999 -9999
-9999 -9999 -9999 -9999 -9999 -9999 -9999 -9999 -9999 -9999 -9999 -9999 -9999 -9999 -9999 -9999 -9999 -9999 -9999 -9999 -9999 -9999 -9999 -9999 -9999 -9999 -9999 -9999 6.03071415091732 6.55687485344242 6.55687485344242 6.54142842521625 6.39249985711649 6.52499985415488 6.42399985641241 6.34899985808879 6.24374986044131 5.6549998736009 5.83699986953288 5.99499986600131 6.2579998601228 6.5999998524785 6.85357127538217 6.44214271314974 6.53333318730195 6.67666651743154 6.58499985281378 6.5749998530373 6.58499985281378 6.5149998543784 6.44999985583127 6.93499984499067 6.85999984666705 6.91499984543771 7.08249984169379 6.04499986488372 6.04499986488372 6.99499984364957 7.03749984269962 7.05749984225258 7.06833317534377 7.16499983984977
-9999 -9999 -9999 -9999 -9999 -9999 -9999 -9999 -9999 -9999 -9999 -9999 -9999 -9999 -9999 -9999 -9999 -9999 -9999 -9999 -9999 -9999 -9999 -9999 -9999 -9999 -9999 6.34130420608689 5.97499986644834 6.54863621726293 6.47166652201364 6.50812485453207 6.61222207442754 6.56444429771768 6.96454529887573 6.27199985980988 5.99799986593425 6.09499986376613 6.31333319221934 6.16299986224621 6.63499985169619 6.3333331917723 6.30166652581344 6.90999984554946 6.60166651910792 6.64666651810209 6.67499985080212 6.69333318372567 6.63166651843737 6.43999985605478 6.83999984711409 6.85499984677881 6.44499985594302 6.45499985571951 6.40499985683709 6.40499985683709 6.52999985404313 6.52999985404313 7.10249984124675 7.12499984074384 7.16249983990565 7.12249984079972
-9999 -9999 -9999 -9999 -9999 -9999 -9999 -9999 -9999 -9999 -9999 -9999 -9999 -9999 -9999 -9999 -9999 -9999 -9999 -9999 -9999 -9999 -9999 -9999 -9999 -9999 6.69727257757702 6.28555541506244 5.74999987147748 5.84999986924231 5.97333319981893 6.17749986192212 6.25499986018986 6.30499985907227 6.18099986184388 6.30299985911697 6.27599985972047 6.23499986063689 6.37899985741824 6.39699985701591 6.40599985681474 6.26666652659575 6.34166652491937 6.4416665226842 6.55166652022551 6.61333318551381 6.64999985136092 6.66499985102564 5.86499986890703 5.86499986890703 6.89499984588474 6.87999984622002 6.55833318674316 6.47499985527247 6.44999985583127 6.49499985482544 6.51999985426664 7.12249984079972 7.14749984024093 7.17249983968213 7.13999984040856 7.06499984208494
-9999 -9999 -9999 -9999 -9999 -9999 -9999 -9999 -9999 -9999 -9999 -9999 -9999 -9999 -9999 -9999 -9999 -9999 -9999 -9999 -9999 -9999 -9999 -9999 -9999 8.67443332244025 6.5686362168159 5.79333320384224 5.70499987248331 5.80499987024814 5.84499986935407 6.17749986192212 6.24249986046925 6.26999985985458 6.10666653017203 6.06166653117786 6.66499985102564 6.63999985158443 6.62999985180795 6.43749985611066 6.4424998559989 6.4859998550266 6.80785699068968 6.87999984622002 6.84333318037291 6.64999985136092 6.69249985041097 7.04799984246492 6.89499984588474 6.93499984499067 6.94499984476715 6.97999984398484 6.3699998576194 6.37499985750765 6.39499985706061 7.08249984169379 7.08249984169379 7.09999984130263 7.1199998408556 7.08999984152615 7.03999984264374 6.89249984594062
-9999 -9999 -9999 -9999 -9999 -9999 -9999 -9999 -9999 -9999 -9999 -9999 -9999 -9999 -9999 -9999 -9999 -9999 -9999 -9999 -9999 -9999 -9999 -9999 -9999 8.93859980020672 5.90999986790121 6.07999986410141 6.2849998595193 6.29999985918403 6.29499985929579 6.29999985918403 6.17333319534858 6.17499986197799 6.11999986320734 6.11999986320734 6.28999985940754 6.32666652525465 6.60499985236675 6.61249985219911 6.65749985119328 6.43399985618889 6.79499984811991 6.826428418846 6.59333318596085 6.66749985096976 6.69749985029921 6.87999984622002 6.90833317892005 6.94833317802598 7.27333317076166 7.28666650379698 6.44999985583127 6.44499985594302 6.49999985471368 7.06499984208494 7.06499984208494 7.09249984147027 7.10499984119087 6.44999985583127 6.34999985806644 6.38999985717237
-9999 -9999 -9999 -9999 -9999 -9999 -9999 -9999 -9999 -9999 -9999 -9999 -9999 -9999 -9999 -9999 -9999 -9999 -9999 -9999 -9999 -9999 -9999 -9999 6.3418180400675 7.38999983482063 5.19999988377094 5.25999988242984 6.23999986052513 6.30999985896051 6.33999985828996 6.27499985974282 6.23499986063689 6.31999985873699 6.35999985784292 6.29499985929579 6.12999986298382 6.24666652704279 6.37299985755235 6.32999985851347 6.33799985833466 6.5874998527579 6.64999985136092 6.55799985341728 6.59699985254556 6.53166652067254 7.0349998427555 7.06333317545553 7.00749984337017 7.02999984286726 7.36999983526766 7.37166650189708 6.37999985739589 6.3699998576194 6.43499985616654 6.74166651597867 6.1274998630397 6.5024998546578 7.04999984242022 7.0474998424761 6.37999985739589 6.37999985739589
-9999 -9999 -9999 -9999 -9999 -9999 -9999 -9999 -9999 -9999 -9999 -9999 -9999 -9999 -9999 -9999 -9999 -9999 -9999 -9999 -9999 -9999 -9999 -9999 5.69499987270683 5.67249987320974 5.68374987295829 6.26499985996634 6.33166652514289 6.31166652558992 6.26333319333692 6.28333319288989 6.30666652570168 6.41999985650182 6.41499985661358 6.40999985672534 6.2849998595193 6.29333319266637 6.40999985672534 6.33399985842407 6.83874984714203 6.96499984432012 6.81499984767288 7.22333317187925 7.22999983839691 7.2533331712087 7.26666650424401 6.92499984521419 6.9874998438172 6.99249984370545 6.87999984622002 7.04999984242022 6.3449998581782 6.33999985828996 6.32999985851347 6.69499985035509 7.06999984197319 6.25249986024573 6.8299998473376 6.48749985499308 6.49749985476956 6.50499985460192
-9999 -9999 -9999 -9999 -9999 -9999 -9999 -9999 -9999 -9999 -9999 -9999 -9999 -9999 -9999 -9999 -9999 -9999 -9999 -9999 -9999 -9999 -9999 5.71249987231568 6.74833318249633 6.31999985873699 6.10833319680144 6.41999985650182 5.49499987717718 5.5099998768419 5.53499987628311 6.3333331917723 6.37833319076647 6.32999985851347 6.32499985862523 6.31333319221934 6.25333319356044 6.2483331936722 6.27499985974282 6.26999985985458 6.5874998527579 7.12833317400267 7.10666650782029 7.10499984119087 6.85999984666705 6.95249984459952 6.55833318674316 6.54666652033726 6.50333318797251 6.48333318841954 6.49833318808426 6.30499985907227 6.31999985873699 6.39999985694885 6.32499985862523 7.18999983929098 7.20166650569687 6.95999984443188 6.77166651530812 6.74833318249633 6.75499984901398 6.56999985314906
-9999 -9999 -9999 -9999 -9999 -9999 -9999 -9999 -9999 -9999 -9999 -9999 -9999 -9999 -9999 -9999 -9999 -9999 -9999 -9999 -9999 7.81499982532114 6.16399986222386 6.41624985658564 5.71124987234361 5.84749986929819 6.37999985739589 5.47499987762421 5.54499987605959 5.65999987348914 5.67499987315387 6.32999985851347 6.32166652536641 6.29499985929579 6.30499985907227 5.739999871701 5.75499987136573 6.26499985996634 6.25499986018986 6.79249984817579 6.82499984744936 6.84749984694645 6.86749984649941 6.87499984633178 6.85999984666705 5.87999986857176 6.63166651843737 7.06333317545553 7.02166650972019 6.99166651039074 7.07999984174967 7.09666650804381 7.11499984096736 6.23999986052513 6.23999986052513 7.0833331750085 7.06833317534377 7.02749984292313 6.4183331898724 6.45333318909009 6.51333318774899 6.92749984515831
-9999 -9999 -9999 -9999 -9999 -9999 -9999 -9999 -9999 -9999 -9999 -9999 -9999 -9999 -9999 -9999 -9999 -9999 -9999 -9999 8.44127888109015 7.68785697102015 5.96499986667186 5.95166653363655 6.05833319791903 6.18499986175448 6.27166652648399 6.50999985449016 6.55749985342845 5.55999987572432 5.55999987572432 6.52249985421076 6.52499985415488 6.53499985393137 6.56249985331669 6.56249985331669 6.56749985320494 6.26166652670751 6.30499985907227 6.28666652614872 6.35999985784292 6.61249985219911 6.55249985354021 6.4899998549372 7.00999984331429 6.56499985326082 6.65249985130504 6.60749985231087 6.62499985191971 6.63249985175207 7.09833317467322 7.08833317489674 7.02666650960843 7.03666650938491 6.98833317713191 6.98333317724367 7.09833317467322 6.40166652357827 6.4783331885313 6.47666652190189 6.4783331885313 6.54999985359609
-9999 -9999 -9999 -9999 -9999 -9999 -9999 -9999 -9999 -9999 -9999 -9999 -9999 -9999 -9999 -9999 -9999 -9999 -9999 -9999 5.3904544249685 5.5887498750817 5.99999986588955 6.24499986041337 6.28749985946342 6.31749985879287 6.38249985734001 6.50999985449016 6.58249985286966 6.55749985342845 6.56999985314906 6.54499985370785 6.55749985342845 6.55249985354021 6.56249985331669 6.54249985376373 6.43499985616654 6.3449998581782 6.82666651407878 6.97666651072602 6.49249985488132 6.57999985292554 6.79999984800816 6.79999984800816 6.54499985370785 6.58499985281378 6.672499850858 6.66749985096976 6.30999985896051 6.36666652436058 6.23599986061454 6.23199986070395 6.96166651106129 6.8899998459965 6.93249984504655 6.89499984588474 6.96499984432012 7.00749984337017 6.96499984432012 6.89249984594062 7.13666650714974 7.14833317355563
-9999 -9999 -9999 -9999 -9999 -9999 -9999 -9999 -9999 -9999 -9999 -9999 -9999 -9999 -9999 -9999 -9999 -9999 8.45643406562278 8.48342086301234 4.0387499097269 5.50499987695366 5.85749986907467 5.91999986767769 6.00999986566603 6.06499986443669 6.35499985795468 6.41499985661358 6.46249985555187 6.49249985488132 6.52499985415488 6.51249985443428 6.49749985476956 6.41499985661358 6.28166652626048 6.33499985840172 6.34249985823408 6.72833318294336 6.85166651351998 6.87166651307295 6.80166651463757 6.85833318003764 6.89499984588474 6.73124984954484 6.84499984700233 6.87699984628707 6.89899984579533 6.69299985039979 6.26199986003339 6.2019998613745 6.26099986005574 6.37999985739589 6.39999985694885 7.09499984141439 7.13666650714974 7.16333317322036 7.16166650659094 7.10666650782029 6.962499844376 6.81499984767288 6.90749984560534 6.95499984454364
-9999 -9999 -9999 -9999 -9999 -9999 -9999 -9999 -9999 -9999 -9999 -9999 -9999 -9999 -9999 -9999 10.5030206941195 4.61999989673495 6.02499986533076 5.96666653330127 6.11999986320734 5.97374986647628 6.05999986454844 6.18999986164272 6.2599998600781 6.30749985901639 6.38249985734001 6.37249985756353 6.39249985711649 6.40749985678121 6.37999985739589 6.38499985728413 6.39749985700473 6.28833319277813 6.21499986108392 6.18499986175448 6.078333197472 6.68249985063449 5.80499987024814 5.37799987979233 6.44124985602684 6.75166651575516 6.2124998611398 5.86499986890703 5.9699998665601 5.85499986913055 5.91249986784533 6.09999986365438 6.08499986398965 6.0237498653587 6.28599985949695 6.2889998594299 6.27499985974282 7.09666650804381 6.69299985039979 6.69599985033274 7.16666650647918 7.02249984303489 6.99499984364957 6.79999984800816 6.74249984929338 6.92499984521419
-9999 -9999 -9999 -9999 -9999 -9999 -9999 -9999 -9999 -9999 8.04499982018024 9.25883700235119 9.37779048806446 -9999 -9999 -9999 8.8422091046868 4.88499989081174 4.88499989081174 5.37499987985939 5.45249987812713 5.57499987538904 5.74499987158924 6.16249986225739 6.18249986181036 6.07749986415729 6.03833319836607 6.08166653073082 6.37249985756353 6.36499985773116 6.32749985856935 6.30999985896051 6.30333319244285 6.57333318640788 6.20666652793686 6.2116665278251 6.1999998614192 6.26999985985458 6.15999986231327 6.45374985574745 6.52874985407107 6.64249985152856 5.64599987380207 5.72874987195246 5.77874987083487 6.73124984954484 6.79199984818697 6.15299986246973 6.16249986225739 6.10624986351468 6.20899986121804 6.16599986217916 5.99399986602366 6.59299985263497 6.64899985138327 6.63699985165149 6.81399984769523 6.83499984722584 7.12499984074384 6.962499844376 6.83749984716997 6.31499985884875
-9999 -9999 -9999 -9999 -9999 -9999 -9999 -9999 -9999 -9999 -9999 -9999 -9999 -9999 -9999 -9999 -9999 -9999 12.98629600603 5.70571415818163 5.30071416723409 5.12999988533556 5.28249988192692 6.13999986276031 6.13999986276031 6.12249986315146 6.14999986253679 6.15999986231327 6.16999986208975 6.10833319680144 6.10833319680144 6.14166652938972 6.13333319624265 6.25166652693103 6.32499985862523 6.5149998543784 6.52499985415488 6.53999985381961 6.54499985370785 5.40937487909105 6.31999985873699 6.31999985873699 5.39199987947941 5.55099987592548 5.88499986846 6.25499986018986 5.97599986642599 6.09299986381084 6.82099984753877 7.11499984096736 6.21499986108392 6.28999985940754 7.09499984141439 6.68199985064566 6.71299984995276 6.72399984970689 6.92166651195536 6.55599985346198 6.81399984769523 6.8609998466447 6.43499985616654 6.44499985594302
-9999 -9999 -9999 -9999 -9999 -9999 -9999 -9999 -9999 -9999 -9999 -9999 -9999 -9999 8.82592666723323 5.13499988522381 4.50999989919364 4.49999989941716 4.70699989479035 5.41099987905473 5.84899986926466 5.739999871701 5.83249986963347 5.97999986633658 6.09999986365438 6.17499986197799 6.1874998616986 6.2124998611398 6.20249986136332 6.18499986175448 6.15749986236915 5.90624986798503 6.40999985672534 6.44999985583127 6.3699998576194 6.22999986074865 6.26499985996634 6.28999985940754 6.30499985907227 6.35499985795468 5.6674998733215 5.1929998839274 5.09799988605082 5.03699988741428 6.45599985569716 6.50999985449016 6.56999985314906 6.13899986278266 6.36799985766411 6.26099986005574 6.27099985983223 6.24799986034632 6.1129998633638 7.0116665099437 7.06833317534377 7.01399984322488 7.03799984268844 6.88899984601885 6.0549998646602 6.29874985921197 6.42499985639006 6.41499985661358
-9999 -9999 -9999 -9999 -9999 -9999 -9999 -9999 -9999 -9999 -9999 -9999 10.2999997697771 5.13499988522381 5.31999988108873 5.43999987840652 5.22666654984156 5.02999988757074 4.99333322172364 5.66499987337738 5.82749986974522 5.71749987220392 5.88333320183059 5.99666653263072 6.13499986287206 6.17999986186624 6.20499986130744 6.04166653162489 6.05166653140138 5.98124986630864 6.15499986242503 6.2599998600781 6.45999985560775 6.49999985471368 6.47999985516071 6.23499986063689 6.22499986086041 6.25499986018986 6.27999985963106 6.2849998595193 5.58899987507611 6.00999986566603 5.04333322060605 6.31499985884875 6.22999986074865 6.30499985907227 6.42499985639006 6.45499985571951 6.51999985426664 6.5149998543784 6.49499985482544 6.09499986376613 6.10499986354262 7.01666650983195 7.05333317567905 7.07099984195083 6.29999985918403 6.29999985918403 6.3699998576194 6.4299998562783 6.4899998549372 6.76599984876812
-9999 -9999 -9999 -9999 -9999 -9999 -9999 -9999 -9999 -9999 8.46099981088191 6.90470572802074 5.7033332058539 5.31599988117814 5.0374998874031 5.29699988160282 5.9824998662807 9.61409069419923 9.68840887435627 7.05147043062264 4.2016665727521 5.47249987768009 5.739999871701 5.84666653598348 5.96833319993069 6.01999986544251 6.01999986544251 6.03166653184841 6.06166653117786 5.91499986778945 5.9037498680409 5.85499986913055 5.89374986826442 6.11999986320734 5.86799986883998 5.55749987578019 5.72999987192452 6.12499986309558 5.93999986723065 5.46928559203765 5.80999987013638 5.90749986795709 6.54874985362403 6.52499985415488 6.33499985840172 6.27999985963106 6.31999985873699 6.30499985907227 6.23999986052513 6.43999985605478 6.46499985549599 6.39499985706061 6.37999985739589 6.31499985884875 6.1149998633191 6.07999986410141 6.48499985504895 6.47499985527247 6.46499985549599 6.39999985694885 6.44999985583127 6.45999985560775
-9999 -9999 -9999 -9999 -9999 -9999 -9999 -9999 -9999 -9999 10.4369045286218 9.08657874426756 9.28954524690793 6.23272713341496 6.23272713341496 7.89772709619931 6.25863622374494 -9999 -9999 9.22999979369342 9.19577444234574 9.68437478353735 5.57999987527728 5.643333207195 5.74333320495983 5.81333320339521 5.90666653464238 5.981666532966 6.029999865219 6.0549998646602 5.84749986929819 6.12333319646617 6.10166653028379 6.06833319769551 6.16199986226857 6.08249986404553 6.19499986153096 5.98999986611307 5.98999986611307 6.45999985560775 6.48499985504895 6.58599985279143 6.67099985089153 6.72399984970689 6.83899984713644 6.85799984671175 6.85999984666705 6.89666651251415 6.50499985460192 6.27833319300165 6.58166651955495 6.9729998441413 6.91599984541535 6.39999985694885 6.44999985583127 6.44999985583127 6.17833319523682 6.21333319445451 6.63666651832561 6.73714270655598 6.32999985851347 6.29499985929579
-9999 -9999 -9999 -9999 -9999 -9999 -9999 -9999 -9999 -9999 -9999 -9999 -9999 -9999 -9999 -9999 -9999 -9999 -9999 -9999 -9999 -9999 -9999 -9999 11.2692582850202 8.17324981731363 5.67249987320974 5.68124987301417 5.72249987209216 5.70624987245537 5.68624987290241 5.69749987265095 5.83499986957759 6.05333319803079 6.02333319870134 5.79749987041578 5.3524998803623 6.47749985521659 6.46624985546805 6.17749986192212 6.55374985351227 6.49249985488132 6.51624985435046 6.56124985334463 6.6909998504445 6.80999984778464 5.94999986700714 6.00999986566603 6.00999986566603 5.98999986611307 6.72399984970689 6.04499986488372 6.01874986547045 6.06399986445904 6.10799986347556 6.06899986434728 6.09416653045143 6.61499985214323 6.3637498577591 6.27374985977076 6.39499985706061 6.54214271091457
-9999 -9999 -9999 -9999 -9999 -9999 -9999 -9999 -9999 -9999 -9999 -9999 -9999 -9999 -9999 -9999 -9999 -9999 -9999 -9999 -9999 -9999 -9999 -9999 -9999 10.6396679468453 6.61749985208735 5.56624987558462 5.57124987547286 5.56874987552874 5.58624987513758 5.52499987650663 6.04666653151313 6.04666653151313 5.86249986896291 6.09749986371025 6.21749986102805 6.28999985940754 6.37249985756353 6.42499985639006 6.55124985356815 6.52749985409901 6.50124985468574 6.56374985328875 6.75799984894693 6.5937498526182 5.90499986801296 5.92499986756593 5.97999986633658 5.90499986801296 5.95874986681156 6.02249986538664 6.0549998646602 6.00999986566603 5.96124986675568 5.92499986756593 5.89249986829236 6.3324998584576 6.23749986058101 6.23749986058101 6.21499986108392 6.21499986108392
-9999 -9999 -9999 -9999 -9999 -9999 -9999 -9999 -9999 -9999 -9999 -9999 -9999 -9999 -9999 -9999 -9999 -9999 -9999 -9999 -9999 -9999 -9999 -9999 -9999 -9999 -9999 6.87323514048887 6.10849986346439 5.47499987762421 5.47499987762421 5.78333320406576 5.6487498737406 5.67624987312593 5.76124987122603 5.2549998825416 5.2074998836033 6.22285700376545 6.32999985851347 6.17249986203387 6.64899985138327 6.67399985082448 6.68099985066801 6.61499985214323 6.61499985214323 6.72499984968454 6.71299984995276 5.86499986890703 5.87999986857176 5.92999986745417 5.95624986686744 5.93249986739829 5.90624986798503 5.85499986913055 5.96749986661598 5.88874986837618 5.89999986812472 5.93374986737035 6.06999986432493 5.83833320283641 6.33999985828996 6.42499985639006
