EcologicalScience/Bass/data/rs_data_bass/sst_161.asc
NCOLS 226 
NROWS 124 
XLLCORNER -9.41648524995501 
YLLCORNER 47.587301625531 
CELLSIZE 0.0833 
NODATA_value -9999 
[rows 27 to 53 of 124, columns 62 to 123 of 226]
-9999 -9999 -9999 -9999 -9999 -9999 -9999 -9999 -9999 -9999 -9999 -9999 -9999 -9999 -9999 -9999 -9999 -9999 -9999 -9999 -9999 -9999 -9999 -9999 -9999 -9999 -9999 -9999 12.5299997199327 10.5734881446503 9.08767966739833 9.79518264229409 13.2337259906344 13.4316690429114 13.3083132277243 12.8532593629789 13.5661412251648 11.6028473642655 12.4032257930376 12.2447279142216 12.3379619605839 12.3917508334853 12.1701406771317 12.3523056600243 12.4864192497917 12.4512771861628 12.419721047394 12.3702352843247 12.700140371453 12.7503433194943 13.017853314057 13.0673390771262 12.9102755682543 12.9145786780864 13.0078127244487 12.2662434633821 11.8689229888842 12.0711691509932 11.2750938320532 12.0561082665808 12.2189092552289 12.2103030355647
-9999 -9999 -9999 -9999 -9999 -9999 -9999 -9999 -9999 -9999 -9999 -9999 -9999 -9999 -9999 -9999 -9999 -9999 -9999 -9999 -9999 -9999 -9999 -9999 -9999 -9999 -9999 -9999 -9999 -9999 9.78499978128821 10.172382093966 12.0998565498739 9.61265906691551 9.82494581863284 12.5380565677769 11.3001953060739 11.3726309882477 11.942793041002 12.0195318330079 12.7912228628993 12.6485030534677 11.7972044916824 11.9994506537914 12.1149174342863 12.223212365061 12.4892879896797 12.500762949232 12.5653095967136 12.5065004290082 12.4534287410788 12.8736991346814 12.9109927532263 12.779030718375 12.4584490358829 15.3182241118047 13.1139561003074 12.9576097764075 16.6084398764651 16.4373912606388 16.2261802863795 15.1963026665617
-9999 -9999 -9999 -9999 -9999 -9999 -9999 -9999 -9999 -9999 -9999 -9999 -9999 -9999 -9999 -9999 -9999 -9999 -9999 -9999 -9999 -9999 -9999 -9999 -9999 -9999 -9999 -9999 -9999 -9999 -9999 12.1449997285381 12.262478242279 11.6179082486778 11.665242456831 13.1975081495475 12.3903164635412 12.1722922320478 11.5311288670637 11.5368663468398 12.4010742381215 12.2755668680184 11.9047822374851 11.9901272491552 12.1364329834469 12.2411419893615 12.4512771861628 12.5552690071054 12.6348765389994 12.6384624638595 12.6076235100627 12.6958372616209 12.9117099381983 12.7489089495502 12.7481917645782 13.0429547880776 13.0637531522661 11.8746604686603 16.6378444603179 16.3710516507272 16.6310312030837 16.4732505092397
-9999 -9999 -9999 -9999 -9999 -9999 -9999 -9999 -9999 -9999 -9999 -9999 -9999 -9999 -9999 -9999 -9999 -9999 -9999 -9999 -9999 -9999 -9999 -9999 -9999 -9999 -9999 -9999 -9999 -9999 -9999 11.3207214515284 10.985760923342 11.6573534221388 11.6071504740976 11.6681111967191 11.503875838127 12.0302896075882 10.0652027842589 13.935132893268 12.6649983078241 12.4864192497917 12.2167577003129 12.2920621223748 12.2798699778505 12.3157292264514 12.4634693306871 12.5194097585045 12.4369334867224 12.5688955215737 12.8715475797653 12.7230902905576 12.858638250269 12.7962431577034 12.7331308801658 12.9669331810437 12.8342539612204 12.4978942093439 12.2153233303688 12.1098971394822 14.6003219548147 12.0152287231758
-9999 -9999 -9999 -9999 -9999 -9999 -9999 -9999 -9999 -9999 -9999 -9999 -9999 -9999 -9999 -9999 -9999 -9999 -9999 -9999 -9999 -9999 -9999 -9999 -9999 -9999 -9999 -9999 -9999 -9999 -9999 12.5749997189268 10.9705975839336 11.6724143065512 11.5390179017559 11.4278542310931 11.584917739965 13.4660939215682 13.7536850953475 12.4914395445958 12.8328195912763 12.4957426544279 12.4297616370022 12.7030091113411 12.6018860302866 12.4254585271701 13.1899777073413 12.4240241572261 12.5724814464338 12.6234015794471 12.7152012558654 12.5272987931967 12.6879482269287 12.7080294061452 12.7747276085429 12.8758506895974 12.7524948744103 12.897366238758 14.3948484603316 12.0281380526721 12.1565141626634 12.3458509952761
-9999 -9999 -9999 -9999 -9999 -9999 -9999 -9999 -9999 -9999 -9999 -9999 -9999 -9999 -9999 -9999 -9999 -9999 -9999 -9999 -9999 -9999 -9999 -9999 -9999 -9999 -9999 -9999 -9999 -9999 -9999 -9999 12.0968591938877 11.2499923580326 11.2772453869693 11.6451612776145 12.1098971394822 13.4427854099777 13.9451734828763 13.9957350234035 12.1672719372436 12.8070009322837 12.6348765389994 12.6047547701746 12.6162297297269 12.5524002672173 12.659260828048 12.6628467529081 12.7725760536268 12.7108981460333 12.8428601808846 12.9841456203721 12.7862025680952 12.7890713079832 12.817041521892 12.6786248222925 12.4290444520302 12.4017914230935 12.3953367583454 12.342265070416 12.3250526310876 12.3666493594646
-9999 -9999 -9999 -9999 -9999 -9999 -9999 -9999 -9999 -9999 -9999 -9999 -9999 -9999 -9999 -9999 -9999 -9999 -9999 -9999 -9999 -9999 -9999 -9999 -9999 -9999 -9999 -9999 -9999 -9999 -9999 -9999 8.8481674846904 12.9923932475504 11.6193426186219 11.7204656996764 11.5949583295733 11.6451612776145 13.9161274915095 14.0495238963049 14.1578188270796 12.1644031973556 12.3695180993527 12.618381284643 12.3688009143807 12.4319131919183 12.462034960743 12.5703298915178 12.7460402096622 12.6693014176562 12.5717642614618 12.5932798106223 12.7969603426754 12.817041521892 12.7281105853617 12.7101809610613 12.6277046892792 12.3566087698564 12.4139835676178 12.5832392210141 12.5222784983926 12.3401135155
-9999 -9999 -9999 -9999 -9999 -9999 -9999 -9999 -9999 -9999 -9999 -9999 -9999 -9999 -9999 -9999 -9999 -9999 -9999 -9999 -9999 -9999 -9999 -9999 -9999 -9999 -9999 -9999 -9999 -9999 -9999 -9999 -9999 8.5682626453557 13.5797677396331 11.4350260808133 14.01223027776 13.8354441821575 13.9319055608939 14.0272911621723 14.2478255410679 12.2296670298092 11.902630682569 12.1543626077473 12.2934964923188 12.4433881514706 12.4813989549875 12.4849848798476 12.5645924117416 12.621250024531 12.5294503481127 12.5896938857622 12.6556749031879 12.7682729437947 12.7682729437947 12.7460402096622 12.6470686835237 12.5696127065457 12.5122379087843 12.4333475618623 12.5258644232526 12.1715750470757
-9999 -9999 -9999 -9999 -9999 -9999 -9999 11.5853002386168 15.1486098659225 15.4806665079668 15.3372295135632 8.8039901743337 12.2918063364961 8.40337401803076 8.41999981179833 -9999 -9999 -9999 -9999 -9999 -9999 -9999 -9999 -9999 -9999 -9999 -9999 -9999 -9999 -9999 -9999 -9999 -9999 -9999 13.5969801789615 13.8673589134123 13.5403225661721 13.8630558035802 14.2101733300369 14.2273857693654 13.3334147017449 14.2675481277984 11.9047822374851 11.704687630292 12.3350932206959 12.3709524692968 12.5036316891201 12.4900051746517 12.498611394316 12.5294503481127 12.4799645850435 12.3544572149403 12.5323190880008 12.8321024063043 12.8815881693736 12.8134555970319 12.6865138569847 12.7187871807255 12.3881649086252 12.1880703014322 12.1393017233349 12.1084627695382
-9999 -9999 -9999 -9999 8.51831817894967 13.0209461742488 14.9635761431418 14.6817224491388 15.369502837304 15.687215779908 15.3221686291508 19.6115499930922 19.9649995537475 -9999 -9999 -9999 -9999 -9999 -9999 -9999 -9999 -9999 -9999 -9999 -9999 -9999 -9999 -9999 -9999 -9999 -9999 -9999 -9999 -9999 14.1253064416815 13.9010666070972 14.3873180181254 13.9046525319573 14.2775887174066 14.2402950988617 14.3267158879898 12.0919675151818 12.1278267637827 12.223212365061 12.1084627695382 12.1887874864042 12.3300729258917 12.4311960069463 12.5158238336444 12.6033204002306 12.5688955215737 12.5531174521893 12.6506546083838 12.7933744178154 12.7273934003897 12.7302621402778 12.5251472382806 12.3745383941568 12.4039429780096 12.302819896955 12.2554856888019 12.2540513188578
14.8050782643259 14.5564541406929 15.2927640452981 14.3052003388293 14.3905453504995 14.5425885645673 14.7921689348295 14.9427777789533 15.2117221434601 6.0333686268076 3.81499991472811 -9999 -9999 -9999 -9999 -9999 -9999 -9999 -9999 -9999 -9999 -9999 -9999 -9999 -9999 -9999 -9999 -9999 -9999 -9999 -9999 -9999 -9999 -9999 12.8399997130036 12.6951200766489 13.1710918364115 13.9577242198866 14.1119189888705 14.3059175238013 12.2103030355647 14.4335764488205 12.0668660411611 12.223212365061 12.221777995117 12.4068117178977 12.3358104056679 12.3910336485133 12.4383678566664 12.4778130301274 12.4147007525899 12.501480134204 12.6355937239714 12.7281105853617 12.820627446752 12.5473799724132 12.6628467529081 12.7625354640186 12.6241187644191 12.5581377469935 12.4426709664986 14.571634555934
14.8689077268355 14.8689077268355 13.9989623557776 14.1933194831945 14.3245643330738 14.135227500461 13.9552140724845 14.6028321022168 14.8237250735983 12.8949997117743 -9999 -9999 -9999 -9999 -9999 -9999 -9999 -9999 -9999 -9999 -9999 -9999 -9999 -9999 -9999 -9999 -9999 -9999 -9999 -9999 -9999 -9999 -9999 -9999 -9999 12.2949308622628 13.4454748536227 13.3267807407537 13.3950926093385 12.1543626077473 12.2189092552289 12.3673665444367 12.2856074576266 12.1751609719358 12.1909390413202 12.1550797927193 12.18018126674 12.3343760357238 12.3659321744926 12.4534287410788 12.4799645850435 12.58180485107 12.6879482269287 12.7575151692145 12.699423186481 12.6965544465929 12.5703298915178 12.5861079609022 12.6298562441953 12.7718588686548 12.7654042039067 12.6779076373205
13.9250923036598 13.9803155465052 13.9552140724845 14.1244697258808 14.0326700494625 14.0757011477835 14.5196386454627 14.8438062528148 8.6702581223006 -9999 -9999 -9999 -9999 -9999 -9999 -9999 -9999 -9999 -9999 -9999 -9999 -9999 -9999 -9999 -9999 -9999 -9999 -9999 -9999 -9999 -9999 -9999 -9999 -9999 -9999 -9999 10.3817682309076 13.4452955573797 12.6248359493911 12.5351878278889 12.5760673712939 12.4871364347637 12.220343625173 12.221777995117 12.1773125268519 12.2332529546693 12.2339701396413 12.3888820935972 12.4562974809669 12.4835505099036 12.4634693306871 12.5868251458742 12.7682729437947 12.7496261345223 12.6305734291673 12.660695197992 12.5825220360421 12.5602893019095 12.5258644232526 12.3752555791289 12.5459456024691 12.3888820935972
13.6475417194888 13.9437391129322 14.013306055218 14.0462965639308 14.0735495928675 14.2557145757601 14.6838740040548 14.8760795765556 12.7897884929553 -9999 -9999 -9999 -9999 -9999 -9999 -9999 -9999 -9999 -9999 -9999 -9999 -9999 -9999 -9999 -9999 -9999 -9999 -9999 -9999 -9999 -9999 -9999 -9999 -9999 -9999 -9999 -9999 -9999 -9999 13.8599996902049 14.0264310622297 13.414866423567 14.4813887802884 12.3874477236532 12.1902218563482 12.1371501684189 12.2246467350051 12.2920621223748 12.6850794870406 12.6083406950347 12.6764732673764 12.5710470764898 12.5624408568256 12.5896938857622 12.700140371453 12.6363109089434 12.5459456024691 12.5760673712939 12.4505600011908 12.3852961687371 12.221777995117 11.9585711103864
14.1000854368322 14.0721152229235 14.094347957056 14.2184209572151 14.1997741479427 14.4041718649678 14.6429944606498 14.4801934720017 12.0558628542998 12.8599997125566 -9999 -9999 -9999 -9999 -9999 -9999 -9999 -9999 -9999 -9999 -9999 -9999 -9999 -9999 -9999 -9999 -9999 -9999 -9999 -9999 -9999 -9999 -9999 -9999 -9999 -9999 -9999 -9999 -9999 -9999 -9999 -9999 -9999 7.96209976722353 13.4990844302811 13.0956678835209 12.6499374234118 13.6391745614819 12.7281105853617 12.5882595158182 12.6033204002306 12.6528061632998 12.7288277703337 12.7496261345223 12.6951200766489 12.7273934003897 12.7065950362012 12.5158238336444 12.1557969776914 12.3236182611436 12.0317239775322 11.983672584407
14.1388134253211 14.1983397779986 14.2686239052564 14.2162694022991 14.3532517319545 14.2722098301165 14.4730216222815 14.4694356974214 14.8144016689621 12.6710767036825 -9999 -9999 -9999 -9999 -9999 16.1899624452926 -9999 -9999 -9999 -9999 -9999 -9999 -9999 -9999 -9999 -9999 -9999 -9999 -9999 -9999 -9999 -9999 -9999 -9999 -9999 -9999 -9999 -9999 -9999 -9999 -9999 -9999 -9999 -9999 9.27962348521249 13.8008143935086 12.7826166432351 13.8777580955066 11.8796807634644 13.576898999745 13.7687459797598 13.4363307452295 12.4075289028697 12.1794640817679 12.2813043477945 12.0647144862451 12.1751609719358 11.9901272491552 12.1450392031111 14.3862422406673 13.3653294329997 13.2760399039835
13.975295251701 14.0864589223638 14.054185598623 14.2456739861518 14.17395548895 14.3202612232417 14.4558091829531 14.3589892117307 14.3295846278779 14.7290566572919 14.4199996776879 -9999 21.6399995163083 -9999 -9999 10.6152395233369 -9999 -9999 -9999 -9999 -9999 -9999 -9999 -9999 -9999 -9999 -9999 -9999 -9999 -9999 -9999 -9999 -9999 -9999 -9999 -9999 -9999 -9999 -9999 -9999 -9999 -9999 -9999 -9999 -9999 11.8794289453794 13.3707083202899 12.8295922589023 13.4790032510646 14.0899014102295 14.0602816708852 12.3501541051082 14.4562394939363 13.3968855717685 12.0510879717767 11.8502761796117 11.9600054803304 12.0697347810492 12.0876644053496 13.8881572776008 12.9056138659362 12.0102084283717
14.1423993501812 13.8476363266818 13.7077852571383 13.9236579337157 14.0219122748822 14.2829676046968 14.3295846278779 14.3668782464229 14.3159581134096 14.3898281655274 14.5260933102109 13.4402274502441 9.87961745889419 -9999 -9999 -9999 21.4701855066791 10.6999383789313 -9999 -9999 -9999 -9999 -9999 -9999 -9999 -9999 -9999 -9999 -9999 -9999 -9999 -9999 -9999 -9999 -9999 -9999 -9999 -9999 -9999 -9999 -9999 -9999 -9999 -9999 -9999 8.8399998024106 13.1299997065216 12.3714611021569 13.6685193799203 13.6672643062193 12.777596348431 13.5478530083783 13.6747947484255 12.4699239954352 13.5708029274829 11.6100192139857 11.6967985955998 12.0403301971965 10.5901821837761 10.8598437332548 12.140018908307 11.5268257572316
13.4417096325196 13.5320749389939 13.7974333786406 13.9494765927084 14.0678121130913 14.0878932923079 14.1574602345936 14.2750785700046 14.4013031250797 14.5978118074127 14.7405316168442 14.8072298192419 19.539999563247 14.7025759814021 15.8776283899788 16.0752128497697 15.3505691540428 17.9568303759711 -9999 -9999 -9999 -9999 -9999 -9999 -9999 -9999 -9999 -9999 -9999 -9999 -9999 -9999 -9999 -9999 -9999 -9999 -9999 -9999 -9999 -9999 -9999 -9999 -9999 -9999 -9999 -9999 -9999 -9999 13.3961683867965 13.85409099143 13.6077379535418 12.5301675330848 12.3903164635412 12.3272041860037 11.6946470406838 11.9765007346869 11.8789635784924 11.7520218384452 11.7570421332493 11.4551072600298 11.6329691330902 11.6329691330902
13.4883266557008 13.5521561182104 13.616702765692 13.8462019567378 14.1108432114124 14.0778527026996 14.2184209572151 14.3460798822343 14.4672841425054 14.5196386454627 14.5139011656865 14.9133731951006 15.0790429236367 15.0381633802317 16.3100192096084 15.6332675325684 8.31157340048295 -9999 -9999 -9999 -9999 -9999 -9999 -9999 -9999 -9999 -9999 -9999 -9999 -9999 -9999 -9999 -9999 -9999 -9999 -9999 -9999 -9999 -9999 -9999 -9999 -9999 -9999 -9999 -9999 -9999 -9999 -9999 13.255241539795 13.1290169847198 12.740302729886 12.6398968338035 12.5100863538682 12.02383494284 12.8102282646578 12.3752555791289 12.1471907580271 12.0955534400418 12.0094912433997 11.8022247864865 11.6587877920829 11.6501815724187
13.6030762512237 13.7264320664108 13.7579882051796 14.2356333965436 14.3044831538573 14.0434278240427 14.2750785700046 14.3267158879898 14.4077577898279 14.7340769520961 14.9764854726382 15.288460935466 15.0446180449799 15.130680241622 15.5817895890214 16.3324504580889 9.14538130260784 -9999 -9999 -9999 -9999 -9999 -9999 -9999 -9999 -9999 -9999 -9999 -9999 -9999 -9999 -9999 -9999 -9999 -9999 -9999 -9999 -9999 -9999 -9999 -9999 -9999 -9999 -9999 -9999 -9999 -9999 -9999 12.1199377290905 12.2884761975147 12.0582598214969 12.1787468967959 11.8197240998037 11.6763588238973 11.9881549904821 12.0137943532318 12.4321522535756 13.4743415487465 14.1384548328351 11.6939298557118 11.9542680005543 11.9621570352465
13.2624133895151 13.456770516932 14.2618106480222 14.4163640094921 14.5282448651269 14.2793816798367 14.2614520555362 14.4292733389884 14.2177037722431 14.9901119871065 15.1543473456986 15.3099764846265 15.3845637217164 15.7029938492924 15.9999084277079 6.69999985024333 -9999 -9999 -9999 -9999 -9999 -9999 -9999 -9999 -9999 -9999 -9999 -9999 -9999 -9999 -9999 -9999 -9999 -9999 -9999 -9999 -9999 -9999 -9999 -9999 -9999 -9999 -9999 -9999 -9999 -9999 -9999 -9999 14.8398244411917 12.4520968261308 12.8318155323155 11.2299111788161 12.3157292264514 12.3035370819271 12.6408530804329 11.9065751999151 12.1072674612515 12.2153233303688 11.9621570352465 11.7541733933613 11.6580706071109 11.7011017054319
13.1541184587404 13.4804376210086 13.5987731413916 13.6891384478658 13.9709921418689 14.4292733389884 14.5447401194833 14.5684072235599 14.4895168766379 14.7347941370681 15.1772972648032 15.4792321380228 15.6807611151598 15.7531967973337 15.487121172715 -9999 -9999 -9999 -9999 -9999 -9999 -9999 -9999 -9999 -9999 -9999 -9999 -9999 -9999 -9999 -9999 -9999 -9999 -9999 -9999 -9999 -9999 -9999 -9999 -9999 -9999 -9999 -9999 -9999 -9999 -9999 -9999 -9999 -9999 10.6166283796192 11.6104290339697 12.3219882952981 12.9249061416835 12.140018908307 12.1500594979152 12.1852015615441 12.1644031973556 12.0847956654616 12.0496536018327 11.6422925377265 11.7520218384452 11.903347867541
12.9282051925547 13.3850520197302 13.4295174879953 13.6131168408319 13.4990844302811 13.9222235637717 13.8598284712061 14.5849024779163 14.4256874141283 14.9944150969386 15.28989530541 15.28989530541 15.7625202019699 15.9568773293868 16.2803277517669 11.2204678739887 -9999 -9999 -9999 -9999 -9999 -9999 -9999 -9999 -9999 -9999 -9999 -9999 -9999 -9999 -9999 -9999 -9999 -9999 -9999 -9999 -9999 -9999 -9999 -9999 -9999 -9999 -9999 -9999 -9999 -9999 6.2176365617197 9.54610430151224 12.6549997171387 -9999 11.5949583295733 13.052357879933 12.4788888075855 12.8127384120598 12.3191956204828 11.9377727461979 12.1199377290905 12.0259864977561 12.6538819407579 11.8093966362067 12.0460676769726 11.9126712721772
13.2021698518656 13.1326029095799 13.5127109447494 13.7171086617745 13.8182317428291 14.214117847383 14.6042664721608 14.7828455301933 14.8208563337103 14.9119388251565 15.1070131375454 15.6262550572865 16.1125064683147 15.9195837108418 16.1347392024472 -9999 -9999 -9999 -9999 -9999 -9999 -9999 -9999 -9999 -9999 -9999 -9999 -9999 -9999 -9999 -9999 -9999 -9999 -9999 -9999 -9999 -9999 -9999 -9999 -9999 -9999 -9999 -9999 -9999 -9999 -9999 -9999 10.7599997594953 8.32172611728311 15.172773482672 14.7646085409048 15.0014435096644 13.1749469564529 13.9071626793593 12.0476215777453 12.3903164635412 12.5846735909581 12.0819269255735 12.0776238157414 12.1644031973556 12.2863246425986 11.9750663647428
13.4345377827995 13.4790032510646 13.6080965460278 13.6432386096567 13.7974333786406 14.0606402633712 14.4636982176453 14.6673787496984 14.9011810505763 14.9736167327501 15.0023041316308 15.7976622655988 15.7818841962144 15.394389155833 13.4599996991456 -9999 -9999 -9999 -9999 -9999 -9999 -9999 -9999 -9999 -9999 -9999 -9999 -9999 -9999 -9999 -9999 -9999 -9999 -9999 -9999 -9999 -9999 -9999 -9999 -9999 -9999 -9999 -9999 -9999 -9999 -9999 -9999 -9999 -9999 -9999 15.6399174293814 15.0381633802317 14.3878815206034 12.959956927225 13.6994180991314 13.1060670656152 13.3395107740071 12.3255307544023 12.8328195912763 12.4527115561068 12.9590441463515 12.5086519839242
13.69415874267 13.5880153668113 13.7027649623342 13.6088137309998 13.975295251701 14.3181096683256 14.7132785879076 14.9277168945409 15.2275002128445 15.2705313111655 15.3716543922201 15.6994079244323 15.9174321559258 15.8019653754309 15.9072634695218 -9999 -9999 -9999 -9999 -9999 -9999 -9999 -9999 -9999 -9999 -9999 -9999 -9999 -9999 -9999 -9999 -9999 -9999 -9999 -9999 -9999 -9999 -9999 -9999 -9999 -9999 -9999 -9999 -9999 -9999 -9999 -9999 -9999 -9999 -9999 -9999 -9999 8.38020649582068 14.2833261971828 15.2910906136967 15.051072709728 15.6810001768172 13.3482365245 12.8247711821459 13.5601476078986 12.8047059403732 12.7919400478713
