EcologicalScience/Bass/data/rs_data_bass/sst_220.asc
NCOLS 226 
NROWS 124 
XLLCORNER -9.41648524995501 
YLLCORNER 47.587301625531 
CELLSIZE 0.0833 
NODATA_value -9999 
[rows 54 to 80 of 124, columns 0 to 61 of 226]
-9999 -9999 -9999 -9999 -9999 -9999 -9999 -9999 -9999 -9999 -9999 -9999 -9999 -9999 -9999 -9999 -9999 -9999 -9999 -9999 -9999 -9999 -9999 -9999 -9999 -9999 -9999 -9999 -9999 -9999 -9999 -9999 -9999 -9999 -9999 -9999 -9999 -9999 13.3674809879158 13.295403898228 12.9303567474708 12.8930631289259 13.2767570889555 13.575823222287 13.5916012916714 13.5944700315595 13.5729544823989 13.6877040779218 14.0864589223638 14.2894222694449 14.3012558214832 14.371181356255 14.3467970672064 14.3120135960635 14.2349162115715 14.131641575601 14.0491653038189 13.7773521994241 15.6286907798329 11.7568492485072 -9999 13.4646595516242
-9999 -9999 -9999 -9999 -9999 -9999 -9999 -9999 -9999 -9999 -9999 -9999 -9999 -9999 -9999 -9999 -9999 -9999 -9999 -9999 -9999 -9999 -9999 -9999 -9999 -9999 -9999 -9999 -9999 -9999 -9999 -9999 -9999 -9999 -9999 -9999 -9999 -9999 13.1899997051805 12.900234978646 12.8851740942337 13.1473052015062 13.3183538173325 13.5213171644136 13.8081911532208 13.7687459797598 13.8440504018217 13.9645374771208 14.1911679282784 14.3159581134096 14.3955656453036 14.3389080325142 14.3245643330738 14.2722098301165 14.0685292980634 14.1036713616922 14.1051057316363 14.2704801487134 6.08580547975256 13.6649996945634 -9999 15.5349996527657
-9999 -9999 -9999 -9999 -9999 -9999 -9999 -9999 -9999 -9999 -9999 -9999 -9999 -9999 -9999 -9999 -9999 -9999 -9999 -9999 -9999 -9999 -9999 -9999 -9999 -9999 -9999 -9999 -9999 -9999 -9999 -9999 -9999 -9999 -9999 -9999 -9999 -9999 -9999 13.0447477505077 13.2867976785637 13.0307626435533 13.4747001412325 13.6633197888732 13.7594225751236 14.0871761073358 14.133075945545 14.2356333965436 14.3482314371504 14.3152409284376 14.3496658070944 14.3252815180458 14.2456739861518 14.1818445236422 14.2671895353124 14.134510315489 14.0835901824757 13.9150517140515 13.8526566214859 6.1735345514427 -9999 -9999
-9999 -9999 -9999 -9999 -9999 -9999 -9999 -9999 -9999 -9999 -9999 -9999 -9999 -9999 -9999 -9999 -9999 -9999 -9999 -9999 -9999 -9999 -9999 -9999 -9999 -9999 -9999 -9999 -9999 -9999 -9999 -9999 -9999 -9999 -9999 -9999 -9999 -9999 -9999 13.8199996910989 13.4140980110969 13.4847407308407 13.5679341875948 13.7400585808791 13.8024536734447 14.0864589223638 14.134510315489 14.2105319225229 14.2557145757601 14.2506942809559 14.2894222694449 14.3181096683256 14.3496658070944 14.3475142521784 14.3353221076541 14.1065401015803 14.1588946045376 14.1000854368322 13.297555453144 13.2688680542633 12.538773752749 -9999
-9999 -9999 -9999 -9999 -9999 -9999 -9999 -9999 -9999 -9999 -9999 -9999 -9999 -9999 -9999 -9999 -9999 -9999 -9999 -9999 -9999 -9999 -9999 -9999 -9999 -9999 -9999 -9999 -9999 -9999 -9999 -9999 -9999 -9999 -9999 -9999 -9999 -9999 -9999 -9999 13.2774742739275 13.0802484066226 13.2609790195711 13.3879207596183 13.5930356616154 13.7859584190883 14.0161747951061 14.0692464830354 14.0785698876716 14.1918851132505 14.1811273386702 14.2191381421871 14.211249107495 14.2865535295568 14.2965941191651 14.2643207954243 14.0728324078955 13.9688405869529 13.6704916385934 13.3334147017449 13.0357829383574 10.8499997574836
-9999 -9999 -9999 -9999 -9999 -9999 -9999 -9999 -9999 -9999 -9999 -9999 -9999 -9999 -9999 -9999 -9999 -9999 -9999 -9999 -9999 -9999 -9999 -9999 -9999 -9999 -9999 -9999 -9999 -9999 -9999 -9999 -9999 -9999 -9999 -9999 -9999 -9999 -9999 -9999 12.4157048115507 12.4121906051878 13.1577043836005 13.217230736278 13.6331980200484 13.7909787138924 13.8648487660103 14.1624805293977 14.0864589223638 14.0828729975037 14.2004913329147 14.2234412520193 14.2506942809559 14.2521286509 14.254997390788 14.212683477439 13.9946592459455 13.6747947484255 13.6690572686493 13.3499099561013 -9999 -9999
-9999 -9999 -9999 -9999 -9999 -9999 -9999 -9999 -9999 -9999 -9999 -9999 -9999 -9999 -9999 -9999 -9999 -9999 -9999 -9999 -9999 -9999 -9999 -9999 -9999 -9999 -9999 -9999 -9999 -9999 -9999 -9999 -9999 -9999 -9999 -9999 -9999 -9999 -9999 13.2312158432323 13.5091250198893 13.378597354982 13.5672170026228 13.9293954134919 13.7859584190883 14.1395306102931 14.1158635062166 14.172521119006 14.2693410902284 14.1969054080546 14.2786644948646 14.2621692405082 14.2506942809559 14.2456739861518 14.1115603963844 14.0785698876716 13.9702749568969 14.7999996691942 10.716116749245 13.5024910588982 13.4391994851176 13.2538071698509
-9999 -9999 -9999 -9999 -9999 -9999 -9999 -9999 -9999 -9999 -9999 -9999 -9999 -9999 -9999 -9999 -9999 -9999 -9999 -9999 -9999 -9999 -9999 -9999 -9999 -9999 -9999 -9999 -9999 -9999 -9999 -9999 -9999 -9999 -9999 -9999 -9999 -9999 -9999 13.7694631647319 13.8218176676892 13.7995849335566 13.8318582572974 13.9573656274006 14.134510315489 14.2377849514596 14.2220068820752 14.2334818416275 14.2815332347527 14.3173924833536 14.2793816798367 14.2657551653683 14.253563020844 14.2241584369913 14.1660664542578 13.9451734828763 13.7092196270823 13.5700857425109 13.1835230425932 13.0867030713707 13.017853314057 13.3162022624165
-9999 -9999 -9999 -9999 -9999 -9999 -9999 -9999 -9999 -9999 -9999 -9999 -9999 -9999 -9999 -9999 -9999 -9999 -9999 -9999 -9999 -9999 -9999 -9999 -9999 -9999 -9999 -9999 -9999 -9999 -9999 -9999 -9999 -9999 -9999 -9999 -9999 -9999 14.2420026821284 13.2652821294032 14.0290841246024 13.9788811765611 14.0348216043785 14.1588946045376 14.1847132635303 14.2485427260399 14.254997390788 14.2679067202844 14.2844019746408 14.2879878995009 14.3188268532977 14.2872707145289 14.1997741479427 14.1000854368322 14.0462965639308 13.8569597313181 13.7257148814388 13.5543076731265 13.3621021006256 13.4087191238068 13.5844294419512 13.4653767365962
-9999 -9999 -9999 -9999 -9999 -9999 -9999 -9999 -9999 -9999 -9999 -9999 -9999 -9999 -9999 -9999 -9999 -9999 -9999 -9999 -9999 -9999 -9999 -9999 -9999 -9999 -9999 -9999 -9999 -9999 -9999 -9999 -9999 -9999 -9999 -9999 -9999 -9999 13.7070680721663 13.7920544913504 14.1553086796775 14.0341044194065 14.0599230783992 14.1545914947055 14.2227240670472 14.2090975525789 14.2413708763197 14.2757957549766 14.2478255410679 14.2363505815156 14.3876766106114 14.411343714688 14.3611407666467 14.291573824361 14.0262153847143 14.0405590841547 13.8254035925493 13.7601397600956 13.7106539970264 12.7116153310053 12.858996842755 13.5464186384343
-9999 -9999 -9999 -9999 -9999 -9999 -9999 -9999 -9999 -9999 -9999 -9999 -9999 -9999 -9999 -9999 -9999 -9999 -9999 -9999 -9999 -9999 -9999 -9999 -9999 -9999 -9999 -9999 -9999 -9999 -9999 -9999 -9999 -9999 -9999 -9999 -9999 14.4064499819377 13.7884685664903 13.895687719807 14.0190435349941 14.1488540149294 14.0979338819161 14.1108432114124 14.1947538531385 14.2392193214037 14.2220068820752 14.2377849514596 14.3030487839133 14.2772301249206 14.4034546799958 14.4565263679251 14.4665669575334 14.3797875759192 14.2836847896688 14.0412762691267 14.052034043707 14.0290841246024 13.8971220897511 13.7414929508232 13.7300179912709 13.7063508871943
-9999 -9999 -9999 -9999 -9999 -9999 -9999 -9999 -9999 -9999 -9999 -9999 -9999 -9999 -9999 -9999 -9999 -9999 -9999 -9999 -9999 -9999 -9999 -9999 -9999 -9999 -9999 -9999 -9999 -9999 -9999 -9999 -9999 -9999 -9999 -9999 -9999 13.8340098122135 13.9071626793593 14.0484481188469 14.1194494310766 14.1675008242019 14.1796929687262 14.1854304485023 14.2004913329147 14.2585833156481 14.2363505815156 14.2449568011798 14.2815332347527 14.2521286509 14.3776360210031 14.371181356255 14.4457685933448 14.3840906857513 14.3840906857513 13.9315469684079 14.0240638297983 14.0341044194065 13.9709921418689 13.9803155465052 14.0204779049382 13.8397472919896
-9999 -9999 -9999 -9999 -9999 -9999 -9999 -9999 -9999 -9999 -9999 -9999 -9999 -9999 -9999 -9999 -9999 -9999 -9999 -9999 -9999 -9999 -9999 -9999 -9999 -9999 -9999 -9999 -9999 -9999 -9999 -9999 -9999 -9999 -9999 7.04106925083185 13.3208639647346 13.7683873872738 13.9189962313976 14.132358760573 14.1029541767202 14.1036713616922 14.1208838010207 14.1710867490619 14.1553086796775 14.2033600728028 14.214835032355 14.1897335583344 14.1825617086142 14.252845835872 14.2578661306761 14.2664723503403 14.4177983794361 14.4443342234008 14.4321420788765 14.1151463212445 14.2220068820752 14.1531571247615 14.1789757837541 14.1266212807968 13.9444562979043 13.7429273207672
-9999 -9999 -9999 -9999 -9999 -9999 -9999 -9999 -9999 -9999 -9999 -9999 -9999 -9999 -9999 -9999 -9999 -9999 -9999 -9999 -9999 -9999 -9999 -9999 -9999 -9999 -9999 -9999 -9999 -9999 -9999 -9999 -9999 -9999 -9999 15.5899347612036 13.3151264849585 13.6658299362753 13.8368785521016 14.0979338819161 14.1567430496216 14.17395548895 14.133793130517 14.1524399397895 14.1395306102931 14.2019257028587 14.1753898588941 14.2004913329147 14.1144291362725 14.134510315489 14.2062288126908 14.2901394544169 14.4156468245201 14.4486373332329 14.4264045991004 14.3776360210031 14.2765129399486 14.2901394544169 14.2349162115715 14.0807214425877 14.0326700494625 13.9215063787997
-9999 -9999 -9999 -9999 -9999 -9999 -9999 -9999 -9999 -9999 -9999 -9999 -9999 -9999 -9999 -9999 -9999 -9999 -9999 -9999 -9999 -9999 -9999 -9999 -9999 -9999 -9999 -9999 6.47277645040911 9.28399961684389 12.6777143524814 13.1835230425932 13.1598559385166 12.0682117192142 13.6402188834587 13.4603564417921 13.3334147017449 13.5234687193297 13.8641315810382 13.9788811765611 14.0771355177276 14.0785698876716 14.0663777431473 14.0312356795184 14.133793130517 14.1015198067762 14.1108432114124 14.1517227548175 14.1947538531385 14.1631977143697 14.2212896971032 14.2994628590532 14.3833735007793 14.4651325875893 14.4608294777572 14.4013031250797 14.3675954313949 14.3052003388293 14.1452680900693 14.0405590841547 13.9258094886318 13.9028595695272
-9999 -9999 -9999 -9999 -9999 -9999 -9999 -9999 -9999 -9999 -9999 -9999 -9999 -9999 -9999 -9999 -9999 -9999 -9999 -9999 -9999 -9999 12.4847240853123 13.4062089764047 13.3305459618568 13.138340389356 13.1727652680129 13.1820886726491 13.2394634704106 13.3907894995064 13.3477584011853 13.3427381063811 13.3986785341986 13.5055390950292 13.5399639736861 13.6704916385934 13.7816553092562 13.9781639915891 14.0455793789588 14.0914792171679 14.1000854368322 14.0434278240427 14.0384075292386 13.9968108008616 13.9659718470648 14.0061342054978 14.0627918182872 14.0807214425877 14.1574602345936 14.1868648184463 14.2471083560959 14.3647266915068 14.3683126163669 14.3977172002196 14.4572435528971 14.450788888149 14.3259987030178 14.3023315989412 14.1388134253211 14.1449996838346 -9999 -9999
-9999 -9999 -9999 -9999 -9999 -9999 -9999 -9999 -9999 -9999 -9999 -9999 -9999 -9999 -9999 -9999 -9999 -9999 -9999 -9999 -9999 10.2779198469594 13.3549302509055 13.4194768983871 13.3592333607376 13.3721426902339 13.416608158499 13.2530899848789 13.2645649444312 13.2408978403546 13.3907894995064 13.4998016152531 13.6604510489851 13.7809381242841 13.7665944248438 13.8497878815979 13.9286782285199 13.9932248760015 14.0505996737629 14.013306055218 13.9717093268409 13.8189489278011 13.7400585808791 13.7128055519424 13.7974333786406 13.8189489278011 13.855525361374 13.9071626793593 14.0348216043785 14.1789757837541 14.3898281655274 14.3288674429059 14.4328592638485 14.412778084632 14.3511001770385 14.2349162115715 15.3049996579066 -9999 -9999 -9999 -9999 -9999
-9999 -9999 -9999 -9999 -9999 -9999 -9999 -9999 -9999 -9999 -9999 -9999 -9999 -9999 -9999 -9999 -9999 6.88018432352692 13.2030663330806 14.023274926329 13.3438138838392 13.5722372974269 13.4524674070999 13.6367839449085 13.6073793610558 13.5270546441898 13.5679341875948 13.535660863854 13.4646595516242 13.5557420430705 13.5894497367553 13.5191656094976 13.6188543206081 13.7572710202076 13.9050111244433 13.9100314192474 13.9408703730442 13.9882045811974 13.9057283094153 13.9293954134919 13.8842127602547 13.9042939394712 13.7579882051796 13.7579882051796 13.7974333786406 13.8354441821575 14.1388134253211 14.0649433732033 14.0592058934271 14.1000854368322 14.2951597492211 14.4622638477013 13.634999695234 -9999 -9999 -9999 -9999 -9999 -9999 -9999 -9999 -9999
-9999 -9999 -9999 -9999 -9999 -9999 -9999 -9999 -9999 -9999 -9999 -9999 -9999 6.22069926903023 -9999 -9999 8.07499981950969 13.1196935800835 13.1684621581808 13.1218451349996 12.5653095967136 13.6109652859159 13.5686513725668 13.6353495749645 13.6045106211677 13.5959044015035 13.5435498985462 13.5492873783223 13.6296120951883 13.7328867311589 13.656147939153 13.6590166790411 13.6066621760838 13.6640369738452 13.8297067023814 13.8182317428291 13.8017364884727 13.8619800261222 13.8189489278011 14.0800042576157 13.8799096504226 13.7443616907112 13.9573656274006 14.1947538531385 14.1273384657688 13.8096255231649 14.0577715234831 14.1101260264404 14.0871761073358 14.0104373153299 14.01402324019 14.0799996852875 -9999 -9999 -9999 -9999 -9999 -9999 -9999 -9999 -9999 -9999
-9999 -9999 -9999 -9999 -9999 -9999 -9999 -9999 -9999 -9999 -9999 -9999 -9999 14.4357932023704 13.6848353380337 13.8490706966259 13.7708975346759 13.5621967078187 13.5119937597774 13.4288003030233 13.5987731413916 13.7723319046199 13.7952818237245 13.7077852571383 13.7092196270823 13.6066621760838 13.5930356616154 13.697027482558 13.77591782948 13.7780693843961 13.773766274564 13.6826837831177 13.6869868929498 13.6998962224461 13.8232520376332 13.7285836213268 13.7594225751236 13.7479476155713 13.7156742918305 13.7716147196479 14.174672673922 14.1266212807968 14.1667836392298 14.214835032355 14.3216955931857 14.0800042576157 14.014740425162 14.1832788935862 14.1065401015803 14.0699636680074 14.1230353559367 14.053468413651 13.8799996897578 -9999 -9999 -9999 -9999 -9999 -9999 19.9573863308012 19.3499995674938 -9999
-9999 -9999 -9999 -9999 -9999 -9999 -9999 -9999 -9999 -9999 17.4181284856376 13.7939430784434 12.7650456114206 13.6798150432296 13.7120883669704 13.8325754422694 13.8978392747231 13.8332926272415 13.9007080146112 13.8203832977451 13.9487594077364 14.0685292980634 14.0584887084551 13.8440504018217 13.7651600548998 13.7974333786406 13.7924130838364 13.774483459536 13.7787865693681 13.8368785521016 12.9009521636181 13.7422101357952 13.7407757658511 13.7314523612149 13.7529679103754 13.7594225751236 13.695593112614 13.5779747772031 13.7830896792002 13.9530625175685 14.1438337201253 14.2435224312358 14.1631977143697 14.214835032355 13.8196661127731 14.1553086796775 14.5246589402668 14.4636982176453 14.1388134253211 14.5831095154863 14.3521759544965 14.0850245524198 7.70438166925289 -9999 -9999 -9999 14.1930804215372 14.9191106748767 14.2062288126908 14.4005859401077 14.6838740040548 17.7899996023625
-9999 -9999 -9999 -9999 -9999 -9999 -9999 18.8693794526303 11.9249590413645 14.0764183327556 14.0649433732033 13.6210058755241 13.5392467887141 13.6740775634535 13.8698690608144 13.8770409105346 13.9200720088556 13.9365672632121 13.9846186563373 14.0384075292386 14.0850245524198 14.1065401015803 14.0850245524198 14.0491653038189 14.0477309338748 14.0262153847143 14.014740425162 13.9243751186877 13.9193548238836 13.974578066729 13.9136173441075 13.8849299452268 13.7708975346759 13.7006134074181 13.7436445057392 13.8383129220456 13.6884212628938 14.1768242288381 14.1172978761606 13.9989623557776 13.9494765927084 14.0455793789588 14.0046998355538 13.7099368120544 13.8770409105346 14.133434538031 14.4278389690444 14.41206089966 14.3518173620105 14.1796929687262 14.3690298013389 14.371181356255 14.5038605760783 10.9437543749809 15.0266884206794 14.9721823628061 14.8395031429827 14.8308969233185 14.81009855913 14.7756736804731 14.7340769520961 14.3216955931857
-9999 -9999 -9999 -9999 -9999 13.1447950541042 13.0300454585813 13.1447950541042 13.9681234019808 13.9509109626524 13.9380016331561 13.7041993322782 13.7422101357952 13.8297067023814 13.8354441821575 13.8684346908703 13.8304238873534 13.8655659509823 13.9279610435478 13.9989623557776 14.0613574483432 14.0670949281193 14.015457610134 14.0319528644904 14.0341044194065 14.0599230783992 14.0305184945464 14.0635090032592 14.1187322461046 14.0477309338748 14.0111545003019 13.9487594077364 13.8003021185286 13.7063508871943 13.6834009680897 13.69415874267 14.0441450090148 14.174672673922 14.0025482806377 13.8784752804786 13.934415708296 13.9322641533799 13.8698690608144 13.8978392747231 13.9071626793593 14.1689351941459 14.412778084632 14.5174870905466 14.4500717031769 14.5174870905466 14.691045853775 14.5468916743994 14.8692663193215 14.6695303046145 14.9757682876661 15.0539414496161 15.0553758195601 14.9176763049327 15.1206396520138 15.0639820392244 14.8559983973391 14.812250114046
-9999 -9999 -9999 -9999 -9999 13.7802209393121 14.1553086796775 13.8433332168497 14.0491653038189 13.9157688990235 13.8433332168497 13.8332926272415 13.8311410723254 13.8361613671295 13.8203832977451 13.8576769162901 13.8756065405905 13.8827783903107 13.8899502400309 13.935132893268 13.9953764309175 13.9996795407496 13.9659718470648 14.0570543385111 14.1151463212445 14.0097201303579 14.0419934540987 14.1029541767202 14.0979338819161 14.1072572865523 13.7687459797598 13.3147678924724 12.2691122032702 13.6654713437892 13.7281054980122 13.9021423845552 14.01402324019 13.9817499164492 13.8225348526612 13.8386715145316 13.617419950664 13.9674062170088 13.9580828123726 13.9774468066171 14.0211950899102 13.9501937776804 14.0341044194065 14.41385386209 14.4048890499398 14.5899227727205 14.5748618883081 14.8201391487382 15.2234361646697 14.5641041137278 15.0854975883849 15.1048615826294 15.2174596232362 15.1737113399431 15.2941984152421 15.3135624094866 15.2920468603261 15.1256599468179
-9999 -9999 -9999 -9999 -9999 13.8433332168497 14.0082857604139 14.0427106390707 13.9839014713652 13.9659718470648 13.8734549856745 13.9466078528203 13.9222235637717 13.7658772398718 13.9129001591355 13.9258094886318 13.9587999973446 13.9996795407496 13.93585007824 13.9057283094153 13.8799096504226 13.9293954134919 13.9186376389116 13.9781639915891 13.9566484424286 13.9839014713652 13.9494765927084 13.9050111244433 13.8375957370736 13.4495986672118 13.2846461236477 12.3358104056679 13.6647541588172 13.5944700315595 12.4025086080655 13.9372844481841 13.9537797025405 13.9143345290795 13.893894757377 13.6776634883136 13.815363002941 13.8784752804786 13.6511276443489 14.1015198067762 14.1380962403491 14.131641575601 14.1553086796775 14.4299905239604 14.73192539718 14.371181356255 14.6953489636071 14.9026154205203 14.1000854368322 15.0173650160432 15.0238196807913 15.0926694381051 15.2820062707178 15.1349833514541 15.2138736983761 15.2411267273128 15.0682851490565 14.651600680314
-9999 -9999 -9999 -9999 -9999 13.856242546346 13.8619800261222 13.816797372885 13.7795037543401 13.816797372885 13.7708975346759 13.7716147196479 13.7379070259631 13.69415874267 13.6518448293209 13.7988677485846 13.853373806458 13.7300179912709 13.7995849335566 13.8662831359543 13.8820612053387 13.9093142342754 13.9695577719249 13.9559312574565 14.0254981997423 13.8899502400309 13.973860881757 14.0046998355538 12.8909115740098 12.6298562441953 12.7639698339626 13.695593112614 13.7149571068585 13.7041993322782 13.8340098122135 13.9537797025405 13.9301125984639 13.9795983615331 13.973502289271 14.1162220987026 13.7959990086965 13.9616687372327 13.8827783903107 14.0735495928675 14.0111545003019 14.1309243906289 14.2177037722431 14.4443342234008 14.4005859401077 14.4723044373095 14.6171758016571 14.8452406227589 15.0969725479372 14.9556871084496 14.9069185303524 15.1098818774335 15.2067018486559 15.2597735365853 15.3501388430595 15.0639820392244 15.3816949818283 15.3257545540109
-9999 -9999 -9999 -9999 -9999 13.6382183148526 13.6604510489851 13.6217230604962 13.6726431935094 13.69415874267 13.7013305923901 13.6869868929498 13.6884212628938 13.6267433553003 13.5249030892737 13.6131168408319 13.7379070259631 13.7601397600956 13.6604510489851 13.6288949102163 13.8189489278011 13.8261207775213 13.9200720088556 13.9803155465052 14.012588870246 14.0269325696863 14.0262153847143 14.0018310956657 13.7572710202076 13.7959990086965 13.8505050665699 13.9516281476244 13.0823999615386 13.5076906499453 13.7830896792002 13.975295251701 14.0599230783992 14.0204779049382 13.8734549856745 14.0620746333152 14.7096926630475 13.9365672632121 13.773766274564 13.8046052283607 14.0835901824757 14.0642261882313 14.0039826505817 14.1940366681665 14.4421826684847 14.3489486221224 14.451506073121 14.331018997822 14.6989348884672 14.8739280216396 15.0195165709592 15.0546586345881 14.6085695819929 15.1737113399431 14.9929807269946 15.2067018486559 15.2303689527325 15.1077303225175
