EcologicalScience/Bass/data/rs_data_bass/sst_337.asc
NCOLS 226 
NROWS 124 
XLLCORNER -9.41648524995501 
YLLCORNER 47.587301625531 
CELLSIZE 0.0833 
NODATA_value -9999 
[rows 54 to 80 of 124, columns 0 to 61 of 226]
-9999 -9999 -9999 -9999 -9999 -9999 -9999 -9999 -9999 -9999 -9999 -9999 -9999 -9999 -9999 -9999 -9999 -9999 -9999 -9999 -9999 -9999 -9999 -9999 -9999 -9999 -9999 -9999 -9999 -9999 -9999 -9999 -9999 -9999 -9999 -9999 -9999 -9999 7.82642024598317 9.26625872543082 11.6200598035939 11.2005065949634 11.2471236181445 11.2815484968014 10.7522659874521 9.70732748322189 10.8010345655493 9.28203679481521 8.58134707715362 7.99684132495895 8.37910091504455 8.84885707171634 8.4608600018546 10.6360820219852 10.309762859717 9.91817986499518 9.7159337028861 7.66119875805452 13.5358495967414 13.8799996897578 -9999 10.4793560119236
-9999 -9999 -9999 -9999 -9999 -9999 -9999 -9999 -9999 -9999 -9999 -9999 -9999 -9999 -9999 -9999 -9999 -9999 -9999 -9999 -9999 -9999 -9999 -9999 -9999 -9999 -9999 -9999 -9999 -9999 -9999 -9999 -9999 -9999 -9999 -9999 -9999 -9999 14.1649996833876 8.96504103718325 10.5012512472458 10.2803582758643 9.32291633822024 8.31527145253494 9.22035888722166 10.4015625361353 10.8232672996819 9.36774039897136 9.61660358426161 9.68366037914529 9.92391734477133 10.0415356801823 10.2846613856964 10.0623340443708 9.33152255788445 9.81691334694624 10.19178593182 10.0638708693108 6.63930355436018 13.6649996945634 -9999 -9999
-9999 -9999 -9999 -9999 -9999 -9999 -9999 -9999 -9999 -9999 -9999 -9999 -9999 -9999 -9999 -9999 -9999 -9999 -9999 -9999 -9999 -9999 -9999 -9999 -9999 -9999 -9999 -9999 -9999 -9999 -9999 -9999 -9999 -9999 -9999 -9999 -9999 -9999 -9999 8.83899577835109 11.4314401559532 11.3403576645069 7.52278205845505 7.64326913375407 8.38627276476473 7.48835717979819 7.12689595390111 10.1526993508451 8.84527114685625 8.43073823302984 8.93778800824657 10.0250404258259 9.71234777802601 10.3291268539615 10.309045674745 9.09126559225842 10.7701956117526 11.0298165716231 10.8457390954718 6.64625527875313 -9999 -9999
-9999 -9999 -9999 -9999 -9999 -9999 -9999 -9999 -9999 -9999 -9999 -9999 -9999 -9999 -9999 -9999 -9999 -9999 -9999 -9999 -9999 -9999 -9999 -9999 -9999 -9999 -9999 -9999 -9999 -9999 -9999 -9999 -9999 -9999 -9999 -9999 -9999 -9999 -9999 -9999 9.62987150624394 9.39391765045002 8.99444562103599 10.6597491260618 7.55792412208393 9.25334939593449 8.09079255629331 9.20529800280929 9.56173893390223 10.2401959174313 10.5206152414903 9.85076447762549 9.27845086995512 9.69011504389346 9.80916774924845 9.25478376587853 9.24689473118633 11.9349040063098 11.8316293703392 11.6107363989577 11.4145587250734 -9999
-9999 -9999 -9999 -9999 -9999 -9999 -9999 -9999 -9999 -9999 -9999 -9999 -9999 -9999 -9999 -9999 -9999 -9999 -9999 -9999 -9999 -9999 -9999 -9999 -9999 -9999 -9999 -9999 -9999 -9999 -9999 -9999 -9999 -9999 -9999 -9999 -9999 -9999 -9999 -9999 9.61805229790509 10.8146610800177 10.7651753169484 9.57464826339856 9.28777427459136 7.12976469378918 7.95452741160989 8.60071107139811 10.0759605588391 10.3764610621147 10.2480849521235 10.2337412526831 9.90885646035895 10.2444990272634 10.1663258653134 10.6253242474049 9.87371439673007 8.20267341192812 10.6045258832164 11.1589098665863 12.1622516424395 13.3749997010455
-9999 -9999 -9999 -9999 -9999 -9999 -9999 -9999 -9999 -9999 -9999 -9999 -9999 -9999 -9999 -9999 -9999 -9999 -9999 -9999 -9999 -9999 -9999 -9999 -9999 -9999 -9999 -9999 -9999 -9999 -9999 -9999 -9999 -9999 -9999 -9999 -9999 -9999 -9999 -9999 10.3426430322803 10.8727530627511 10.8627124731429 9.96020690435544 10.1376384664327 10.0924558131956 9.97698903270066 10.0802636686713 9.22251044213772 9.2375713265501 9.59329507267103 9.83642077818513 10.1297494317405 10.2488021370955 10.271034871228 9.60477003222331 10.9588152593933 10.4651529369876 10.4481795593165 11.2792590216984 -9999 -9999
-9999 -9999 -9999 -9999 -9999 -9999 -9999 -9999 -9999 -9999 -9999 -9999 -9999 -9999 -9999 -9999 -9999 -9999 -9999 -9999 -9999 -9999 -9999 -9999 -9999 -9999 -9999 -9999 -9999 -9999 -9999 -9999 -9999 -9999 -9999 -9999 -9999 -9999 -9999 10.221493940084 10.2803582758643 10.9401684501208 10.8928342419676 10.1670430502854 9.46993925748393 9.18306526867673 10.2186803682707 10.2660145764239 10.3750266921706 10.3628345476463 9.00090028578416 8.96934414701536 10.0903042582795 10.6934568197466 10.6411023167893 10.8978545367718 9.97784965466708 13.509999698028 11.9377275183168 11.6449563676225 11.9227118617855 12.0145115382038
-9999 -9999 -9999 -9999 -9999 -9999 -9999 -9999 -9999 -9999 -9999 -9999 -9999 -9999 -9999 -9999 -9999 -9999 -9999 -9999 -9999 -9999 -9999 -9999 -9999 -9999 -9999 -9999 -9999 -9999 -9999 -9999 -9999 -9999 -9999 -9999 -9999 -9999 -9999 10.3994109812193 10.0917386282235 10.1849726745859 10.1562852757052 8.94854578282684 9.36881617642939 9.80414745444432 9.7955412347801 10.5744041143917 10.2875301255845 10.2251350330189 10.6948911896907 10.6303445422091 10.6762443804182 11.0484633808956 10.9372997102328 9.95045318873599 10.2566911717877 10.7250129585154 7.05517745669931 12.3702352843247 12.8105868571438 12.4505600011908
-9999 -9999 -9999 -9999 -9999 -9999 -9999 -9999 -9999 -9999 -9999 -9999 -9999 -9999 -9999 -9999 -9999 -9999 -9999 -9999 -9999 -9999 -9999 -9999 -9999 -9999 -9999 -9999 -9999 -9999 -9999 -9999 -9999 -9999 -9999 -9999 -9999 -9999 10.71789627687 10.348490848206 9.90885646035895 9.61839654669166 9.3451490723528 9.04536575404927 9.07979063270614 9.59042633278295 10.4517654841766 10.627475802321 10.1591540155932 10.4890591027215 9.80988493422046 10.8376109991223 10.7242957735434 10.8913998720236 11.0025635426864 10.4575029639527 8.59999388642609 10.627475802321 12.7524948744103 13.1906948923133 12.0059053185396 13.0472578979097
-9999 -9999 -9999 -9999 -9999 -9999 -9999 -9999 -9999 -9999 -9999 -9999 -9999 -9999 -9999 -9999 -9999 -9999 -9999 -9999 -9999 -9999 -9999 -9999 -9999 -9999 -9999 -9999 -9999 -9999 -9999 -9999 -9999 -9999 -9999 -9999 -9999 -9999 10.3707235823385 10.0372325703502 10.6461226115935 9.99778739688918 9.09126559225842 9.0704672280699 9.07405315292999 10.268883316312 10.4051484609954 10.311197229661 10.5543229351752 10.4711294784211 10.9509262247011 10.8641468430869 10.7350535481237 8.20697652176023 10.8885311321355 10.3348643337376 10.1275978768244 10.8139438950457 11.9277321565896 11.1237678029574 10.947340299841 12.8536179554649
-9999 -9999 -9999 -9999 -9999 -9999 -9999 -9999 -9999 -9999 -9999 -9999 -9999 -9999 -9999 -9999 -9999 -9999 -9999 -9999 -9999 -9999 -9999 -9999 -9999 -9999 -9999 -9999 -9999 -9999 -9999 -9999 -9999 -9999 -9999 -9999 -9999 10.2465402460299 9.8751487666741 10.9896542131901 10.3800469869748 9.18306526867673 11.5885036648251 11.6702627516352 10.2401959174313 10.6210211375728 10.1010620328598 10.8225501147099 11.0857569994405 10.9545121495612 10.191427339334 11.305215600878 10.8957029818557 11.0850398144685 10.9179357159883 10.5371104958467 10.9372997102328 12.1364329834469 10.1469618710689 12.4727927353233 11.9894100641832 12.7524948744103
-9999 -9999 -9999 -9999 -9999 -9999 -9999 -9999 -9999 -9999 -9999 -9999 -9999 -9999 -9999 -9999 -9999 -9999 -9999 -9999 -9999 -9999 -9999 -9999 -9999 -9999 -9999 -9999 -9999 -9999 -9999 -9999 -9999 -9999 -9999 -9999 -9999 10.5442106270697 9.7833490902558 9.8988158707507 9.58468885300681 10.5349589409307 11.0757164098322 10.6748100104742 10.6124149179086 10.8870967621915 11.0778679647483 10.908612311352 10.8978545367718 10.9035920165479 10.8763389876112 11.5397350867279 11.14600053709 11.2148502944037 11.6301003932022 11.6831720811315 11.3482466991991 12.1342814285308 12.1923734112643 10.6561632012017 11.9155400120653 12.1349986135028
-9999 -9999 -9999 -9999 -9999 -9999 -9999 -9999 -9999 -9999 -9999 -9999 -9999 -9999 -9999 -9999 -9999 -9999 -9999 -9999 -9999 -9999 -9999 -9999 -9999 -9999 -9999 -9999 -9999 -9999 -9999 -9999 -9999 -9999 -9999 8.73604494604324 11.4698693173705 9.89630572334863 8.86535232607275 10.8347422592342 10.8627124731429 11.2750938320532 10.5306558310986 11.027665016707 10.9107638662681 10.8591265482828 10.945905929897 10.8433484788984 9.98774680728093 10.5285042761825 10.5342417559586 10.7601550221443 11.7412640638649 11.62221135851 11.6171910637058 11.7197485147044 10.9222388258204 9.98918117722496 11.3295998899266 11.7950529367663 12.223212365061 12.2124545904808
-9999 -9999 -9999 -9999 -9999 -9999 -9999 -9999 -9999 -9999 -9999 -9999 -9999 -9999 -9999 -9999 -9999 -9999 -9999 -9999 -9999 -9999 -9999 -9999 -9999 -9999 -9999 -9999 -9999 -9999 -9999 20.8135445587953 19.1549995718524 -9999 -9999 13.41997341106 10.9034724857192 10.642656217562 10.5650807097554 10.6877193399705 10.9172185310163 10.8648640280589 11.1180303231813 10.9502090397291 10.9702902189456 10.8835108373314 10.8031861204654 9.85291603254154 10.2201147382148 10.4904934726655 10.0401013102382 8.14816735405475 11.6272316533141 11.7577593182214 11.5512100462802 11.8395184050314 10.1053651426919 12.2138889604248 12.1794640817679 12.4003570531495 12.6951200766489 12.4096804577857
-9999 -9999 -9999 -9999 -9999 -9999 -9999 -9999 -9999 -9999 -9999 -9999 -9999 -9999 -9999 -9999 -9999 -9999 -9999 -9999 -9999 -9999 -9999 -9999 -9999 -9999 -9999 -9999 -9999 10.8151870156638 10.2860098488793 7.98966947523877 7.77021087380126 9.03037275134206 11.5441444461855 10.7676578803131 10.2405032824193 9.57895137323067 10.8433484788984 10.8196813748218 10.8347422592342 11.4924008785747 11.422833936289 11.2571642077528 10.8462172187865 10.3212378192693 10.6497085364535 10.5414136056788 10.5363933108747 10.7809533863328 10.3018738250248 10.9143497911282 11.1997894099914 11.8395184050314 11.9241462317295 12.0460676769726 12.0403301971965 12.221060810145 12.0711691509932 12.4096804577857 12.5602893019095 10.9089709038381
-9999 -9999 -9999 -9999 -9999 -9999 -9999 -9999 -9999 -9999 -9999 -9999 -9999 -9999 -9999 -9999 -9999 -9999 -9999 -9999 -9999 -9999 10.8313061939205 12.0546738966368 10.8297219644301 10.7529831724241 10.0818773348583 10.0652027842589 10.7300332533196 10.8600827949122 8.58780174190179 10.4202093454078 10.469695108477 10.3063562310999 8.8553117364645 9.95260474365205 10.7128208139911 10.7701956117526 11.0283822016791 10.8218329297379 10.9724417738616 10.6783959353343 10.9251075657085 10.9365825252607 10.6138492878526 10.7135379989631 10.7042145943269 10.6905880798586 10.788842421025 10.667638160754 10.9337137853727 11.0965147740208 11.104403808713 11.3568529188633 11.5311288670637 11.7649311679415 12.0173802780919 12.1550797927193 10.6150445961393 15.0349996639416 -9999 -9999
-9999 -9999 -9999 -9999 -9999 -9999 -9999 -9999 -9999 -9999 -9999 -9999 -9999 -9999 -9999 -9999 -9999 -9999 -9999 -9999 -9999 13.6019917276075 10.4447892303579 12.0453504920006 11.3303170748986 12.1579485326074 11.303781230934 10.9638355541974 11.1746879359707 11.1173131382093 12.50004576426 11.5397350867279 11.5748771503568 10.7644581319764 10.7694784267806 10.6554460162297 10.4847559928894 10.9631183692254 11.0161900571547 10.8411969239824 10.7257301434875 10.3678548424505 10.6303445422091 10.948057484813 10.4897762876935 10.6317789121531 10.6116977329366 10.6611834960058 10.6489913514815 10.03006072063 11.0298165716231 11.1983550400473 11.3073671557941 11.066393005196 11.7319406592287 10.4491174165876 12.7199997156858 -9999 -9999 -9999 -9999 -9999
-9999 -9999 -9999 -9999 -9999 -9999 -9999 -9999 -9999 -9999 -9999 -9999 -9999 -9999 -9999 -9999 -9999 6.88018432352692 12.9169615829934 12.6613227348425 12.1500594979152 10.5399792357348 12.0066225035116 11.78214360727 11.5017242832109 11.5146336127073 11.8431043298915 11.6910611158237 11.6430097226985 12.2726981281303 11.4278542310931 11.303781230934 11.2442548782565 10.825418854598 10.9552293345332 10.946623114869 10.9416028200649 11.1316568376496 11.0592211554758 10.9000060916878 10.3721579522826 10.4144718656316 11.0699789300561 11.3389232945628 10.7752159065567 10.6411023167893 10.4933622125536 10.6891537099145 10.8103579701856 10.3671376574785 10.9530777796172 10.5272905785375 13.3099997024983 -9999 -9999 -9999 -9999 -9999 -9999 -9999 -9999 -9999
-9999 -9999 -9999 -9999 -9999 -9999 -9999 -9999 -9999 -9999 -9999 -9999 -9999 -9999 -9999 -9999 -9999 9.72701022634283 11.2148502944037 11.6465956475586 11.5949583295733 10.8426312939264 11.9184087519534 11.8890041681007 12.4390850416385 11.9793694745749 11.9793694745749 11.9334696363658 11.9133884571493 11.9757835497148 11.9571367404424 12.2927793073468 12.1127658793703 10.2477263596375 11.4880977687426 11.1316568376496 12.3099917466752 12.4297616370022 12.062562931329 11.8309121853672 11.981521029491 11.6121707689017 11.6544846822508 11.1180303231813 11.0527664907277 10.9308450454846 10.8082064152695 11.0549180456437 10.7723471666686 10.320998757612 10.7145159784704 14.7299996707588 -9999 -9999 -9999 -9999 -9999 -9999 -9999 -9999 -9999 -9999
-9999 -9999 -9999 -9999 -9999 -9999 -9999 -9999 -9999 -9999 -9999 -9999 -9999 9.9705343679525 12.0747550758533 11.4988555433229 12.0059053185396 11.6609393469989 11.5655537457205 11.0039979126304 11.6953642256558 11.5648365607485 11.8258918905631 11.6207769885659 11.7276375493966 12.0869472203776 11.861033954192 11.9090853473172 12.6327249840833 12.5158238336444 12.2734153131023 11.8839838732965 11.5282601271756 11.8201544107869 11.7771233124658 11.623645728454 12.1665547522716 11.9363383762538 11.7376781390049 11.5727255954407 11.4163792715408 11.6301003932022 11.6666768267751 11.0283822016791 11.1703848261386 10.8756218026392 10.8182470048778 10.2667317613959 10.66978971567 11.107272548601 11.9349040063098 10.5678469946475 6.86999984644353 -9999 -9999 -9999 -9999 -9999 -9999 24.6959401414197 23.6099994722754 -9999
-9999 -9999 -9999 -9999 -9999 -9999 -9999 -9999 -9999 -9999 19.8875434197227 11.9148228270933 12.0202490179799 12.141453278251 11.9176915669814 11.5088961329311 11.8976103877649 11.7140110349283 11.662373716943 11.9557023704983 11.5282601271756 11.5619678208604 11.6365550579503 11.7699514627457 12.0037537636235 11.9356211912818 12.1335642435588 12.0675832261331 12.3480025501922 12.5473799724132 12.0417645671405 12.2676778333262 11.8000732315704 11.8438215148635 11.824457520619 11.9772179196589 12.0446333070286 11.6738486764953 11.6889095609076 11.78214360727 11.2478408031166 11.8703573588282 11.8072450812906 11.62579728337 10.9695730339736 10.6246070624329 10.5858790739439 10.7974486406893 9.49073762167245 10.0610789706698 10.3614898258238 10.6931809793728 8.76125805013414 -9999 -9999 -9999 12.9117099381983 9.51225317083299 9.35016936715692 12.3900774018839 11.2083956296556 17.7899996023625
-9999 -9999 -9999 -9999 -9999 -9999 -9999 20.4796565484796 8.99293953259476 11.384823132772 11.7548905783333 11.743415618781 11.7405468788929 11.5182195375673 11.8875697981566 11.7369609540328 11.7061220002361 11.6093020290136 11.7957701217383 11.9578539254144 11.4127933466807 11.5253913872875 11.6508987573907 11.6042817342095 11.9377727461979 11.9750663647428 11.9686116999947 12.1249580238946 12.5681783366017 11.9951475439593 12.5344706429169 12.2289498448372 11.8897213530727 11.7749717575498 11.7634967979975 11.6193426186219 11.7003845204599 11.7297891043127 11.6982329655439 10.9767448836938 11.1660817163065 11.8380840350874 11.0577867855318 11.4845118438825 11.3798028379679 11.2205877741799 10.7823877562769 10.826853224542 10.9803308085538 11.0398571612313 9.30785545380786 8.88471632031724 10.6125942141516 10.7142129965839 11.5734427804127 11.2227393290959 11.2750938320532 12.7288277703337 12.8270821115002 12.5997344753705 11.0957975890487 13.5280791941498
-9999 -9999 -9999 -9999 -9999 12.1299783186987 12.0137943532318 12.1572313476354 11.8344981102273 11.2578813927248 11.2184362192638 11.8595995842479 11.8431043298915 11.7147282199003 11.8136997460388 11.6889095609076 11.543321011588 11.5820490000769 11.4285714160651 12.2354045095854 11.3991668322124 11.7627796130255 11.901913497597 11.7505874685012 11.9370555612259 11.3475295142271 11.6817377111875 12.0948362550698 12.1873531164601 12.4118320127018 11.9327524513938 12.1679891222157 11.7713858326897 11.6387066128664 11.6587877920829 11.6322519481182 11.62221135851 12.0288552376442 12.3429822553881 12.2375560645014 12.3429822553881 11.9564195554703 12.2719809431583 11.9298837115057 11.8603167692199 11.2083956296556 11.4680165895261 11.5999786243774 11.622928543482 11.7764061274938 12.1629688274115 12.1852015615441 11.1517380168661 11.9535508155823 12.1127658793703 11.9234290467575 12.2339701396413 12.5545518221334 12.700857556425 11.9133884571493 12.3752555791289 9.89236120600253
-9999 -9999 -9999 -9999 -9999 12.1794640817679 12.0812097406015 11.7964873067103 11.7778404974379 11.6508987573907 11.9198431218974 11.6487472024746 11.4084902368486 11.184728525579 11.3324686298147 11.5547959711403 11.3841059478 11.62221135851 11.3482466991991 11.105120993685 11.2069612597115 11.8309121853672 11.9585711103864 12.0094912433997 12.5645924117416 12.1486251279712 11.8603167692199 12.10200810479 11.9972990988754 12.0123599832878 12.6248359493911 12.2956480472349 11.7936185668223 11.8466902547516 12.0518051567487 11.6860408210196 12.2927793073468 12.4419537815265 12.4584490358829 12.2031311858445 12.5638752267696 12.3573259548284 12.4828333249316 11.9155400120653 11.8459730697796 11.9334696363658 11.7577593182214 11.5239570173435 11.9306008964777 12.0023193936795 11.0075838374905 11.9184087519534 11.6494643874466 11.5648365607485 12.0575426365249 12.101290919818 12.1873531164601 12.3895992785692 12.0847956654616 12.0008850237355 12.0761894457974 11.5153507976793
-9999 -9999 -9999 -9999 -9999 12.1973937060684 11.9944303589873 12.2748496830463 12.0188146480359 12.0059053185396 11.980803844519 11.0577867855318 10.8863795772195 10.7945799008012 11.3310342598706 11.5282601271756 11.5691396705806 11.4974211733788 11.5182195375673 11.4694509594701 11.542603826616 11.2736594621092 11.8897213530727 11.8079622662626 11.8552964744158 11.9643085901625 12.2669606483541 12.3738212091848 12.261223168578 12.3221838911995 12.0510879717767 11.5920895896852 11.7929013818502 11.7785576824099 11.6860408210196 12.4892879896797 12.5538346371613 12.5115207238123 12.5595721169375 12.50004576426 12.8564866953529 12.8923459439538 12.6786248222925 12.8070009322837 12.7352824350819 11.984389769379 10.8182470048778 10.1670430502854 12.0073396884836 11.5081789479591 11.5096133179031 12.1292611337267 12.1177861741744 11.9851069543511 12.1672719372436 11.2291939938441 12.4835505099036 12.4390850416385 12.4849848798476 12.2016968159005 10.3692892123945 13.0099642793648
-9999 -9999 -9999 -9999 -9999 12.2447279142216 12.1493423129432 11.6071504740976 12.0769066307694 11.9721976248547 11.4766228091903 10.7350535481237 11.3934293524362 11.7075563701801 11.4178136414848 11.4421979305334 11.3618732136674 11.5167851676233 11.4543900750577 11.5282601271756 11.5519272312522 11.6566362371668 11.7125766649842 11.9212774918415 11.6566362371668 11.5483413063921 12.0489364168607 11.9607226653025 11.9800866595469 12.0553910816088 12.0274208677001 11.9076509773731 11.6279488382861 11.3783684680238 11.8000732315704 11.4407635605894 12.6241187644191 12.81991026178 12.9088411983103 12.8808709844016 12.6685842326842 13.0888546262868 13.058732857462 10.9172185310163 12.8113040421158 12.3766899490729 12.8026978224516 12.1199377290905 11.8732260987163 11.6559190521948 11.9184087519534 12.4390850416385 12.4297616370022 12.3071230067872 12.4878536197357 12.5724814464338 12.4311960069463 10.9416028200649 11.7068391852081 11.0692617450841 11.6659596418031 11.7534562083893
-9999 -9999 -9999 -9999 -9999 12.2318185847253 12.0051881335676 11.9184087519534 11.7204656996764 11.7556077633053 11.4206823813729 11.3819543928839 11.5325632370077 11.703253260348 10.9889370282181 11.3238624101505 11.6293832082301 11.7642139829695 11.5755943353288 11.5375835318118 11.5332804219797 11.8983275727369 11.6107363989577 11.6279488382861 11.2786797569133 11.9678945150226 11.9098025322892 12.6520889783278 12.3042542668991 12.4025086080655 12.3279213709757 11.8086794512346 11.8789635784924 11.7254859944806 11.8136997460388 12.221777995117 12.7524948744103 12.7718588686548 12.1930905962363 12.9647816261277 13.1139561003074 12.9597613313235 12.5122379087843 12.2511825789697 12.8901943890378 12.8521835855208 12.3860133537091 12.8744163196534 12.6492202384397 12.2289498448372 12.3523056600243 12.1687063071877 12.4555802959949 12.1106143244542 11.5547959711403 11.7362437690608 12.0496536018327 11.9922788040712 11.6308175781742 11.9227118617855 11.7197485147044 11.5562303410843
