EcologicalScience/Bass/data/rs_data_bass/sst_107.asc
NCOLS 226 
NROWS 124 
XLLCORNER -9.41648524995501 
YLLCORNER 47.587301625531 
CELLSIZE 0.0833 
NODATA_value -9999 
[rows 27 to 53 of 124, columns 62 to 123 of 226]
-9999 -9999 -9999 -9999 -9999 -9999 -9999 -9999 -9999 -9999 -9999 -9999 -9999 -9999 -9999 -9999 -9999 -9999 -9999 -9999 -9999 -9999 -9999 -9999 -9999 -9999 -9999 -9999 12.5299997199327 7.18249983945861 7.86499982420355 7.72499982733279 7.73999982699752 7.749999826774 7.95499982219189 8.60499980766326 8.91999980062246 8.8399998024106 8.50999980978668 8.69999980553985 8.5849998081103 8.53999980911613 8.54499980900437 8.46499981079251 8.4399998113513 8.32499981392175 8.30499981436878 8.2949998145923 8.32499981392175 8.30999981425703 8.2949998145923 8.21999981626868 8.22499981615692 8.22499981615692 8.24499981570989 8.27999981492758 8.21999981626868 8.01999982073903 8.10499981883913 8.22499981615692 8.2099998164922 8.21999981626868
-9999 -9999 -9999 -9999 -9999 -9999 -9999 -9999 -9999 -9999 -9999 -9999 -9999 -9999 -9999 -9999 -9999 -9999 -9999 -9999 -9999 -9999 -9999 -9999 -9999 -9999 -9999 -9999 -9999 -9999 9.78499978128821 8.68499980587512 7.85999982431531 8.15999981760979 8.47499981056899 7.84999982453883 8.26499981526285 8.24999981559813 8.63499980699271 8.86999980174005 8.70999980531633 8.71999980509281 8.53499980922788 8.45499981101602 8.62499980721623 8.56499980855733 8.31999981403351 8.24999981559813 8.26499981526285 8.25499981548637 8.24499981570989 8.24999981559813 8.26499981526285 8.24499981570989 8.2099998164922 8.21999981626868 8.23999981582165 8.25499981548637 8.21999981626868 8.23499981593341 8.19999981671572 8.19999981671572
-9999 -9999 -9999 -9999 -9999 -9999 -9999 -9999 -9999 -9999 -9999 -9999 -9999 -9999 -9999 -9999 -9999 -9999 -9999 -9999 -9999 -9999 -9999 -9999 -9999 -9999 -9999 -9999 -9999 -9999 -9999 9.70999978296459 7.48499983269721 7.85499982442707 8.41499981191009 8.61999980732799 8.76999980397522 8.97499979939312 9.08499979693443 9.11999979615211 8.9249998005107 8.76999980397522 8.59999980777502 8.5249998094514 8.5849998081103 8.54999980889261 8.3549998132512 8.2699998151511 8.19999981671572 8.18999981693923 8.22499981615692 8.24499981570989 8.24999981559813 8.20499981660396 8.1249998183921 8.11999981850386 8.15999981760979 8.16999981738627 8.15999981760979 8.15999981760979 8.02499982062727 7.76499982643872
-9999 -9999 -9999 -9999 -9999 -9999 -9999 -9999 -9999 -9999 -9999 -9999 -9999 -9999 -9999 -9999 -9999 -9999 -9999 -9999 -9999 -9999 -9999 -9999 -9999 -9999 -9999 -9999 -9999 -9999 -9999 13.5787801842955 7.47999983280897 7.73499982710928 8.43499981146306 8.80499980319291 8.81999980285764 8.96999979950488 8.9249998005107 8.79999980330467 8.79499980341643 8.72999980486929 8.74999980442226 8.5849998081103 8.54499980900437 8.45999981090426 8.37499981280416 8.21499981638044 8.17999981716275 8.21999981626868 8.2099998164922 8.24499981570989 8.24999981559813 8.19499981682748 8.1249998183921 8.00499982107431 8.0649998197332 8.09499981906265 8.11999981850386 8.11999981850386 8.11499981861562 8.10499981883913
-9999 -9999 -9999 -9999 -9999 -9999 -9999 -9999 -9999 -9999 -9999 -9999 -9999 -9999 -9999 -9999 -9999 -9999 -9999 -9999 -9999 -9999 -9999 -9999 -9999 -9999 -9999 -9999 -9999 -9999 -9999 9.56806582387291 7.58499983046204 7.86499982420355 8.46499981079251 8.6699998062104 8.88499980140477 8.87499980162829 8.93999980017543 8.8999998010695 8.84999980218709 8.76999980397522 8.78999980352819 8.48499981034547 8.37499981280416 8.13499981816858 8.34999981336296 8.30999981425703 8.22999981604517 8.21499981638044 8.24499981570989 8.23499981593341 8.19499981682748 8.12999981828034 8.1249998183921 8.08999981917441 8.07499981950969 8.07499981950969 8.10999981872737 8.11499981861562 8.10499981883913 8.04499982018024
-9999 -9999 -9999 -9999 -9999 -9999 -9999 -9999 -9999 -9999 -9999 -9999 -9999 -9999 -9999 -9999 -9999 -9999 -9999 -9999 -9999 -9999 -9999 -9999 -9999 -9999 -9999 -9999 -9999 -9999 -9999 -9999 7.72499982733279 7.99999982118607 8.31499981414527 8.78999980352819 8.98999979905784 9.02999979816377 8.8149998029694 8.9249998005107 8.93999980017543 8.90999980084598 8.84499980229884 8.56999980844557 8.32499981392175 8.32999981380999 8.3549998132512 8.27999981492758 8.21499981638044 8.20499981660396 8.20499981660396 8.21999981626868 8.25999981537461 8.27499981503934 8.18499981705099 8.11499981861562 8.04999982006848 8.07499981950969 8.10499981883913 8.13999981805682 8.11499981861562 8.10999981872737
-9999 -9999 -9999 -9999 -9999 -9999 -9999 -9999 -9999 -9999 -9999 -9999 -9999 -9999 -9999 -9999 -9999 -9999 -9999 -9999 -9999 -9999 -9999 -9999 -9999 -9999 -9999 -9999 -9999 -9999 -9999 -9999 9.60181796720082 7.86499982420355 8.32999981380999 8.35999981313944 8.96499979961663 8.88499980140477 8.73999980464578 8.8399998024106 8.88499980140477 8.78499980363995 8.74999980442226 8.59999980777502 8.34499981347471 8.24999981559813 8.32999981380999 8.28499981481582 8.23999981582165 8.23999981582165 8.22499981615692 8.24999981559813 8.22999981604517 8.24499981570989 8.22999981604517 8.15999981760979 8.08999981917441 8.10499981883913 8.1499998178333 8.17499981727451 8.20499981660396 8.22499981615692
-9999 -9999 -9999 -9999 -9999 -9999 -9999 -9999 -9999 -9999 -9999 -9999 -9999 -9999 -9999 -9999 -9999 -9999 -9999 -9999 -9999 -9999 -9999 -9999 -9999 -9999 -9999 -9999 -9999 -9999 -9999 -9999 -9999 8.29999981448054 8.1499998178333 8.33499981369823 8.88499980140477 8.8399998024106 8.99999979883432 8.8999998010695 8.81999980285764 8.70999980531633 8.23999981582165 8.37499981280416 8.39499981235713 8.22499981615692 8.1499998178333 8.18499981705099 8.2699998151511 8.28499981481582 8.24999981559813 8.21499981638044 8.21499981638044 8.17499981727451 8.16499981749803 8.16999981738627 8.15499981772155 8.17499981727451 8.22999981604517 8.24999981559813 8.24499981570989 8.23999981582165
-9999 -9999 -9999 -9999 -9999 -9999 -9999 14.8936901432906 10.2699997704476 10.6999997608364 10.9999997541308 10.8199997581542 8.94510849571341 8.41999981179833 8.41999981179833 -9999 -9999 -9999 -9999 -9999 -9999 -9999 -9999 -9999 -9999 -9999 -9999 -9999 -9999 -9999 -9999 -9999 -9999 -9999 7.91166648982714 8.91999980062246 9.08499979693443 9.21999979391694 9.19999979436398 8.99999979883432 8.77999980375171 8.34999981336296 8.24999981559813 7.72999982722104 8.2699998151511 8.04499982018024 8.03499982040375 8.34499981347471 8.45999981090426 8.33999981358647 8.17999981716275 8.18499981705099 8.17499981727451 8.19499981682748 8.18499981705099 8.15499981772155 8.15999981760979 8.22999981604517 8.24499981570989 8.22999981604517 8.19499981682748 8.22999981604517
-9999 -9999 -9999 -9999 11.8263633720238 16.9344823801055 11.4574997439049 10.3749997681007 10.3499997686595 10.3549997685477 10.9649997549132 8.86858675829337 -9999 -9999 -9999 -9999 -9999 -9999 -9999 -9999 -9999 -9999 -9999 -9999 -9999 -9999 -9999 -9999 -9999 -9999 -9999 -9999 -9999 -9999 7.24749983800575 8.84999980218709 8.90499980095774 8.99999979883432 8.96499979961663 9.01999979838729 8.78999980352819 8.69499980565161 8.51499980967492 8.49999981001019 8.34499981347471 8.33499981369823 8.30999981425703 8.31499981414527 8.25999981537461 8.23499981593341 8.25499981548637 8.2699998151511 8.2699998151511 8.27499981503934 8.25499981548637 8.22999981604517 8.21499981638044 8.21999981626868 8.21999981626868 8.25499981548637 8.25999981537461 8.26499981526285
9.14999979548156 10.9533330885073 13.876666356499 8.9849997991696 9.02999979816377 9.22499979380518 9.31499979179353 9.92499977815896 10.2899997700006 10.359999768436 -9999 -9999 -9999 -9999 -9999 -9999 -9999 -9999 -9999 -9999 -9999 -9999 -9999 -9999 -9999 -9999 -9999 -9999 -9999 -9999 -9999 -9999 -9999 -9999 7.19749983912334 8.99999979883432 8.84499980229884 9.0449997978285 9.18999979458749 8.86499980185181 8.50999980978668 8.49999981001019 8.57499980833381 8.44499981123954 8.17499981727451 8.22499981615692 8.16499981749803 8.17999981716275 8.18999981693923 8.16499981749803 8.16499981749803 8.19499981682748 8.20499981660396 8.22999981604517 8.27999981492758 8.25999981537461 8.2099998164922 8.19999981671572 8.2099998164922 8.21999981626868 8.24999981559813 8.24499981570989
8.80499980319291 8.51499980967492 8.53999980911613 8.94999979995191 9.0699997972697 8.8999998010695 9.36999979056418 9.56999978609383 10.0099997762591 10.1299997735769 -9999 -9999 -9999 -9999 -9999 -9999 -9999 -9999 -9999 -9999 -9999 -9999 -9999 -9999 -9999 -9999 -9999 -9999 -9999 -9999 -9999 -9999 -9999 -9999 -9999 8.8999998010695 8.77999980375171 8.46499981079251 8.81999980285764 8.40499981213361 8.44999981112778 8.44499981123954 8.51999980956316 8.45499981101602 8.26499981526285 8.15499981772155 8.15499981772155 8.1499998178333 8.14499981794506 8.10499981883913 8.11999981850386 8.15499981772155 8.09999981895089 8.10999981872737 8.14499981794506 8.15499981772155 8.14499981794506 8.10999981872737 8.09999981895089 8.11999981850386 8.11999981850386 8.07999981939793
8.31999981403351 8.77999980375171 8.93499980028719 8.85999980196357 8.91999980062246 9.23499979358166 9.85999977961183 9.85499977972358 9.99499977659434 -9999 -9999 -9999 -9999 -9999 -9999 -9999 -9999 -9999 -9999 -9999 -9999 -9999 -9999 -9999 -9999 -9999 -9999 -9999 -9999 -9999 -9999 -9999 -9999 -9999 -9999 -9999 9.14190455756727 9.02999979816377 8.70999980531633 8.48999981023371 8.83499980252236 9.12499979604036 8.83499980252236 8.51999980956316 8.50499980989844 8.14499981794506 8.11499981861562 7.98999982140958 7.91499982308596 8.03499982040375 8.04999982006848 8.04499982018024 7.99999982118607 8.00499982107431 7.94999982230365 7.91999982297421 7.98999982140958 8.03499982040375 7.99499982129782 7.97499982174486 7.87999982386827 7.69499982800335
8.17999981716275 8.91499980073422 8.87499980162829 6.52499985415488 6.01999986544251 9.30499979201704 9.64999978430569 9.70499978307635 12.7897884929553 -9999 -9999 -9999 -9999 -9999 -9999 -9999 -9999 -9999 -9999 -9999 -9999 -9999 -9999 -9999 -9999 -9999 -9999 -9999 -9999 -9999 -9999 -9999 -9999 -9999 -9999 -9999 -9999 -9999 -9999 10.2770310202905 7.11249984102324 7.05571412800678 8.33499981369823 8.23999981582165 8.30499981436878 8.17999981716275 8.20499981660396 8.19499981682748 8.05499981995672 7.93999982252717 7.76499982643872 7.61999982967973 7.8099998254329 7.80499982554466 7.82999982498586 7.66999982856214 7.64499982912093 7.70999982766807 7.69999982789159 7.42999983392656 7.30499983672053 7.33999983593822
7.80499982554466 8.2224998162128 8.21249981643632 8.24499981570989 8.37499981280416 9.29499979224056 9.41999978944659 9.53999978676438 9.68499978352338 -9999 -9999 -9999 -9999 -9999 -9999 -9999 -9999 -9999 -9999 -9999 -9999 -9999 -9999 -9999 -9999 -9999 -9999 -9999 -9999 -9999 -9999 -9999 -9999 -9999 -9999 -9999 -9999 -9999 -9999 -9999 -9999 -9999 -9999 9.9720831104399 8.53999980911613 8.07999981939793 7.95499982219189 7.95999982208014 8.00499982107431 7.81999982520938 7.77499982621521 7.67999982833862 7.50999983213842 7.53999983146787 7.62999982945621 7.4349998338148 7.15499984007329 7.47499983292073 7.48499983269721 7.46999983303249 7.36999983526766 7.38499983493239
8.68999980576336 8.53499980922788 8.45499981101602 8.13999981805682 8.2699998151511 8.62999980710447 8.99999979883432 8.95999979972839 9.48999978788197 9.48999978788197 -9999 -9999 -9999 -9999 -9999 16.1899624452926 -9999 -9999 -9999 -9999 -9999 -9999 -9999 -9999 -9999 -9999 -9999 -9999 -9999 -9999 -9999 -9999 -9999 -9999 -9999 -9999 -9999 -9999 -9999 -9999 -9999 -9999 -9999 -9999 10.0999997742474 7.68999982811511 7.74499982688576 7.6649998286739 7.93999982252717 7.90999982319772 7.82499982509762 7.71499982755631 7.61499982979149 7.60999982990324 7.56499983090907 7.49999983236194 7.41499983426183 7.41999983415008 7.46999983303249 7.46999983303249 7.41499983426183 7.46499983314425
8.80499980319291 8.80499980319291 8.45499981101602 8.19499981682748 8.2699998151511 8.82499980274588 8.84499980229884 8.99499979894608 9.06499979738146 9.99999977648258 16.8719226998062 -9999 -9999 -9999 -9999 -9999 -9999 -9999 -9999 -9999 -9999 -9999 -9999 -9999 -9999 -9999 -9999 -9999 -9999 -9999 -9999 -9999 -9999 -9999 -9999 -9999 -9999 -9999 -9999 -9999 -9999 -9999 -9999 -9999 -9999 9.51884594108336 8.02999982051551 7.97499982174486 7.94999982230365 7.87999982386827 7.83999982476234 7.65499982889742 7.70999982766807 7.65999982878566 7.5799998305738 7.53499983157963 7.52499983180314 7.58499983046204 7.5199998319149 7.42999983392656 7.47999983280897 7.45999983325601
9.10999979637563 8.78499980363995 8.85499980207533 7.93499982263893 8.03499982040375 8.65999980643392 8.46999981068075 9.16499979514629 9.42999978922307 9.46499978844076 9.63499978464097 8.5726921160777 8.64999980665743 -9999 -9999 -9999 21.1485479143899 21.1485479143899 -9999 -9999 -9999 -9999 -9999 -9999 -9999 -9999 -9999 -9999 -9999 -9999 -9999 -9999 -9999 -9999 -9999 -9999 -9999 -9999 -9999 -9999 -9999 -9999 -9999 -9999 -9999 8.8399998024106 9.92243221064878 7.86999982409179 8.10999981872737 8.01999982073903 7.88499982375652 7.82999982498586 7.78999982587993 7.75999982655048 7.64499982912093 7.52999983169138 7.56499983090907 7.55499983113259 7.50999983213842 7.44499983359128 7.43999983370304 7.42999983392656
8.80999980308115 8.5849998081103 8.6699998062104 8.59499980788678 8.54999980889261 8.57999980822206 8.56499980855733 9.18999979458749 9.15999979525805 9.04999979771674 9.36999979056418 8.86249980190769 14.3587496790569 11.3249997468665 11.3249997468665 12.0249997312203 12.0249997312203 23.6943017959725 -9999 -9999 -9999 -9999 -9999 -9999 -9999 -9999 -9999 -9999 -9999 -9999 -9999 -9999 -9999 -9999 -9999 -9999 -9999 -9999 -9999 -9999 -9999 -9999 -9999 -9999 -9999 -9999 -9999 -9999 7.80833315880348 7.91499982308596 7.74499982688576 7.72999982722104 7.72499982733279 7.68499982822686 7.61499982979149 7.58499983046204 7.5799998305738 7.50999983213842 7.49999983236194 7.47999983280897 7.47499983292073 7.43999983370304
8.34999981336296 8.48999981023371 8.45999981090426 8.41499981191009 8.41999981179833 8.50499980989844 8.59999980777502 8.3799998126924 8.50999980978668 8.94999979995191 9.43499978911132 9.49999978765845 10.7449997598305 11.024999753572 10.8299997579306 10.6899997610599 10.8849997567013 -9999 -9999 -9999 -9999 -9999 -9999 -9999 -9999 -9999 -9999 -9999 -9999 -9999 -9999 -9999 -9999 -9999 -9999 -9999 -9999 -9999 -9999 -9999 -9999 -9999 -9999 -9999 -9999 -9999 -9999 -9999 8.89088215421447 8.10499981883913 7.88499982375652 7.75999982655048 7.72999982722104 7.69999982789159 7.67499982845038 7.63999982923269 7.62499982956797 7.59499983023852 7.56999983079731 7.52999983169138 7.45499983336776 7.45999983325601
8.92999980039895 8.62999980710447 8.68999980576336 8.5849998081103 8.53999980911613 8.46999981068075 8.58999980799854 8.61999980732799 8.8399998024106 9.26999979279935 8.87499980162829 9.27499979268759 9.97499977704138 10.3749997681007 10.4249997669831 10.4999997653067 14.283958014062 -9999 -9999 -9999 -9999 -9999 -9999 -9999 -9999 -9999 -9999 -9999 -9999 -9999 -9999 -9999 -9999 -9999 -9999 -9999 -9999 -9999 -9999 -9999 -9999 -9999 -9999 -9999 -9999 -9999 -9999 -9999 7.87999982386827 8.08999981917441 7.99999982118607 7.73999982699752 7.59999983012676 7.61499982979149 7.60999982990324 7.60999982990324 7.63499982934445 7.62499982956797 7.58999983035028 7.55499983113259 7.46499983314425 6.95999984443188
8.60499980766326 8.82499980274588 8.67999980598688 8.61999980732799 9.02499979827553 9.6999997831881 9.33999979123473 9.40999978967011 9.34999979101121 9.25499979313463 9.47499978821725 9.67999978363514 9.95499977748841 10.3149997694418 10.4299997668713 6.69999985024333 -9999 -9999 -9999 -9999 -9999 -9999 -9999 -9999 -9999 -9999 -9999 -9999 -9999 -9999 -9999 -9999 -9999 -9999 -9999 -9999 -9999 -9999 -9999 -9999 -9999 -9999 -9999 -9999 -9999 -9999 -9999 -9999 9.15777757308549 9.17305535052179 8.00499982107431 7.91499982308596 7.67999982833862 7.56999983079731 7.52999983169138 7.5199998319149 7.52499983180314 7.54999983124435 7.55999983102083 7.56499983090907 7.47999983280897 7.18499983940274
9.10499979648739 8.8149998029694 8.13499981816858 8.53499980922788 9.41999978944659 9.48499978799373 9.62499978486449 9.55999978631735 9.64499978441745 9.55999978631735 9.41499978955835 9.81499978061765 9.73999978229403 9.90999977849424 9.24299979340285 -9999 -9999 -9999 -9999 -9999 -9999 -9999 -9999 -9999 -9999 -9999 -9999 -9999 -9999 -9999 -9999 -9999 -9999 -9999 -9999 -9999 -9999 -9999 -9999 -9999 -9999 -9999 -9999 -9999 -9999 -9999 -9999 -9999 -9999 7.09685169322485 8.36724981297739 7.96499982196838 7.70499982777983 7.67499982845038 7.61499982979149 7.54999983124435 7.55499983113259 7.53499983157963 7.55499983113259 7.55499983113259 7.59499983023852 7.56999983079731
9.03999979794025 8.76499980408698 7.91499982308596 8.35999981313944 8.67499980609864 9.84999977983534 9.78999978117645 9.74499978218228 9.99499977659434 10.1499997731298 9.82999978028238 10.029999775812 10.4899997655302 10.8749997569248 10.6799997612834 12.6771425737866 -9999 -9999 -9999 -9999 -9999 -9999 -9999 -9999 -9999 -9999 -9999 -9999 -9999 -9999 -9999 -9999 -9999 -9999 -9999 -9999 -9999 -9999 -9999 -9999 -9999 -9999 -9999 -9999 -9999 -9999 9.44287212936089 9.49265936229061 9.23978702751721 -9999 11.5949583295733 8.05954527440058 7.77499982621521 7.85499982442707 7.75499982666224 7.65999982878566 7.604999830015 7.52999983169138 7.50999983213842 7.55999983102083 7.55499983113259 7.54999983124435
9.22499979380518 9.20499979425222 9.09499979671091 8.8399998024106 8.71499980520457 8.78999980352819 8.90999980084598 9.32499979157001 9.18999979458749 8.67999980598688 8.13499981816858 9.33499979134649 9.47999978810549 10.7699997592717 11.1033330851545 -9999 -9999 -9999 -9999 -9999 -9999 -9999 -9999 -9999 -9999 -9999 -9999 -9999 -9999 -9999 -9999 -9999 -9999 -9999 -9999 -9999 -9999 -9999 -9999 -9999 -9999 -9999 -9999 -9999 -9999 -9999 -9999 11.4521736570674 14.0054050923602 15.0527582842343 10.1549997730181 10.1549997730181 8.5778569511271 8.80499980319291 8.53499980922788 7.92499982286245 7.87999982386827 7.74499982688576 7.61499982979149 7.59999983012676 7.5799998305738 7.56499983090907
8.8999998010695 8.90999980084598 9.31499979179353 8.97499979939312 8.91499980073422 8.77499980386347 8.92999980039895 8.84499980229884 8.86499980185181 8.64999980665743 9.1299997959286 9.73999978229403 9.54999978654087 9.50249978760257 17.0934206705638 -9999 -9999 -9999 -9999 -9999 -9999 -9999 -9999 -9999 -9999 -9999 -9999 -9999 -9999 -9999 -9999 -9999 -9999 -9999 -9999 -9999 -9999 -9999 -9999 -9999 -9999 -9999 -9999 -9999 -9999 -9999 -9999 -9999 -9999 -9999 10.0399997755885 10.0399997755885 9.49499978777021 8.97999979928136 8.65999980643392 8.48999981023371 8.50999980978668 8.32999981380999 7.9799998216331 7.92999982275069 7.70999982766807 7.62999982945621
9.9299997780472 8.94999979995191 9.16499979514629 8.82999980263412 9.03499979805201 9.22999979369342 9.13499979581684 9.09499979671091 8.87499980162829 8.64999980665743 8.7549998043105 10.3899997677654 10.6549997618422 10.6399997621775 10.6949997609481 -9999 -9999 -9999 -9999 -9999 -9999 -9999 -9999 -9999 -9999 -9999 -9999 -9999 -9999 -9999 -9999 -9999 -9999 -9999 -9999 -9999 -9999 -9999 -9999 -9999 -9999 -9999 -9999 -9999 -9999 -9999 -9999 -9999 -9999 -9999 -9999 -9999 11.9933330652614 9.21999979391694 8.97499979939312 8.90999980084598 8.5849998081103 8.36499981302768 8.039999820292 7.75499982666224 7.749999826774 7.77499982621521
