EcologicalScience/Bass/data/rs_data_bass/sst_73.asc
NCOLS 226 
NROWS 124 
XLLCORNER -9.41648524995501 
YLLCORNER 47.587301625531 
CELLSIZE 0.0833 
NODATA_value -9999 
[rows 0 to 26 of 124, columns 62 to 123 of 226]
-9999 -9999 -9999 -9999 -9999 -9999 -9999 -9999 -9999 -9999 -9999 -9999 -9999 -9999 -9999 -9999 -9999 -9999 -9999 -9999 -9999 -9999 -9999 -9999 -9999 -9999 -9999 -9999 -9999 -9999 -9999 -9999 -9999 -9999 -9999 -9999 -9999 -9999 -9999 -9999 -9999 -9999 -9999 -9999 -9999 -9999 -9999 -9999 -9999 -9999 -9999 -9999 -9999 -9999 -9999 -9999 -9999 -9999 -9999 -9999 -9999 -9999
-9999 -9999 -9999 -9999 -9999 -9999 -9999 -9999 -9999 -9999 -9999 -9999 -9999 -9999 -9999 -9999 -9999 -9999 -9999 -9999 -9999 -9999 -9999 -9999 -9999 -9999 -9999 -9999 -9999 -9999 -9999 -9999 -9999 -9999 -9999 -9999 -9999 -9999 -9999 -9999 -9999 -9999 -9999 -9999 -9999 -9999 -9999 -9999 -9999 -9999 -9999 -9999 -9999 -9999 -9999 -9999 -9999 -9999 -9999 -9999 -9999 -9999
-9999 -9999 -9999 -9999 -9999 -9999 -9999 -9999 -9999 -9999 -9999 -9999 -9999 -9999 -9999 -9999 -9999 -9999 -9999 -9999 -9999 -9999 -9999 -9999 -9999 -9999 -9999 -9999 -9999 -9999 -9999 -9999 -9999 -9999 -9999 -9999 -9999 -9999 -9999 -9999 -9999 -9999 -9999 -9999 -9999 -9999 -9999 -9999 -9999 -9999 -9999 -9999 -9999 -9999 -9999 -9999 -9999 -9999 -9999 -9999 -9999 -9999
-9999 -9999 -9999 -9999 -9999 -9999 -9999 -9999 -9999 -9999 -9999 -9999 -9999 -9999 -9999 -9999 -9999 -9999 -9999 -9999 -9999 -9999 -9999 -9999 -9999 -9999 -9999 -9999 -9999 -9999 -9999 -9999 -9999 -9999 -9999 -9999 -9999 -9999 -9999 -9999 -9999 -9999 -9999 -9999 -9999 -9999 -9999 -9999 -9999 -9999 -9999 -9999 -9999 -9999 -9999 -9999 -9999 -9999 -9999 -9999 -9999 -9999
-9999 -9999 -9999 -9999 -9999 -9999 -9999 -9999 -9999 -9999 -9999 -9999 -9999 -9999 -9999 -9999 -9999 -9999 -9999 -9999 -9999 -9999 -9999 -9999 -9999 -9999 -9999 -9999 -9999 -9999 -9999 -9999 -9999 -9999 -9999 -9999 -9999 -9999 -9999 -9999 -9999 -9999 -9999 -9999 -9999 -9999 -9999 -9999 -9999 -9999 -9999 -9999 -9999 -9999 -9999 -9999 -9999 -9999 -9999 -9999 -9999 -9999
-9999 -9999 -9999 -9999 -9999 -9999 -9999 -9999 -9999 -9999 -9999 -9999 -9999 -9999 -9999 -9999 -9999 -9999 -9999 -9999 -9999 -9999 -9999 -9999 -9999 -9999 -9999 -9999 8.25122932376737 12.3737497234251 12.582999718748 12.2599997259676 12.2449997263029 12.2799997255206 12.5549997193739 12.5999997183681 12.5549997193739 12.2599997259676 12.059999730438 11.9099997337908 11.8999997340143 11.9749997323379 12.8549997126684 12.9474997106008 12.9199997112155 12.329999724403 13.3099997024983 13.3499997016042 13.3549997014925 13.3049997026101 13.3299997020513 13.2949997028336 13.3749997010455 13.364999701269 13.4149997001514 13.469999698922 13.5599996969104 13.5899996962398 13.5299996975809 13.7199996933341 13.8049996914342 13.8749996898696
-9999 -9999 -9999 -9999 -9999 -9999 -9999 -9999 -9999 -9999 -9999 -9999 -9999 -9999 -9999 -9999 -9999 -9999 -9999 -9999 -9999 -9999 -9999 -9999 -9999 -9999 -9999 8.16081948972261 12.142307420906 12.1603843435788 12.4549997216091 12.3316663910324 12.5383330530797 12.4791663877356 12.5999997183681 12.1299997288734 12.2749997256324 12.2099997270852 12.2349997265264 12.3049997249618 11.6099997404963 11.6549997394904 11.6549997394904 12.6099997181445 12.7549997149035 12.9899997096509 13.0999997071922 13.1399997062981 13.074999707751 13.1699997056276 13.2649997035041 13.344999701716 13.3849997008219 13.5149996979162 13.6199996955693 13.6299996953458 13.7149996934459 13.8699996899813 13.9749996876344 13.9899996872991 14.0099996868521 13.924999688752
-9999 -9999 -9999 -9999 -9999 -9999 -9999 -9999 -9999 -9999 -9999 -9999 -9999 -9999 -9999 -9999 -9999 -9999 -9999 -9999 -9999 -9999 -9999 -9999 -9999 -9999 10.0744442192631 12.2835711540122 12.6521425743454 13.0514282797064 13.0707139935611 12.5937497185078 12.3009997250512 12.4519997216761 12.3899997230619 12.4999997206032 12.5299997199327 12.4399997219443 12.4049997227266 11.9749997323379 11.9699997324497 11.8899997342378 9.80499978084117 12.0849997298792 12.6749997166917 12.8399997130036 13.1249997066334 13.3499997016042 13.3499997016042 13.3499997016042 13.3499997016042 13.4449996994808 13.5049996981397 13.634999695234 13.75999969244 13.8049996914342 13.8899996895343 13.9799996875226 14.0449996860698 14.089999685064 14.0449996860698 14.1249996842816
-9999 -9999 -9999 -9999 -9999 -9999 -9999 -9999 -9999 -9999 -9999 -9999 -9999 -9999 -9999 -9999 -9999 -9999 -9999 -9999 -9999 -9999 -9999 -9999 -9999 9.89863636150035 10.4449997665361 12.4999997206032 12.5183330535268 13.1671425628343 12.7424997151829 12.6837497164961 12.6274997177534 12.4719997212291 12.6124997180887 12.4249997222796 12.3999997228384 12.5199997201562 12.514999720268 12.5049997204915 12.1599997282028 12.1699997279793 12.9449997106567 13.0249997088686 13.1299997065216 13.2299997042865 13.3899997007102 13.5049996981397 13.5799996964633 13.5799996964633 13.634999695234 13.614999695681 13.6699996944517 13.8349996907637 13.8599996902049 13.8899996895343 14.0249996865168 14.0799996852875 14.0749996853992 14.1399996839464 14.2199996821582 14.3049996802583
-9999 -9999 -9999 -9999 -9999 -9999 -9999 -9999 -9999 -9999 -9999 -9999 -9999 -9999 -9999 -9999 -9999 -9999 -9999 -9999 -9999 -9999 -9999 -9999 -9999 10.0961108854454 12.3449997240677 13.0049997093156 13.2533330370982 13.2666663701336 13.1616663724805 13.2016663715864 13.0412497085053 12.5469997195527 12.3749997233972 12.329999724403 12.3199997246265 12.4599997214973 12.4149997225031 13.3812497009058 11.997499731835 13.0249997088686 13.0249997088686 13.2049997048452 13.2399997040629 13.3899997007102 13.4949996983632 13.5399996973574 13.6249996954575 13.634999695234 13.6599996946752 13.7399996928871 13.7849996918812 13.8799996897578 13.9399996884167 13.9849996874109 14.0199996866286 14.0249996865168 14.0249996865168 14.0099996868521 14.1099996846169 14.1799996830523
-9999 -9999 -9999 -9999 -9999 -9999 -9999 -9999 -9999 -9999 -9999 -9999 -9999 -9999 -9999 -9999 -9999 -9999 -9999 -9999 -9999 -9999 -9999 -9999 8.98738075149733 13.1019997071475 12.8329997131601 12.8633330458154 12.8024997138418 12.8349997131154 12.784999714233 12.72249971563 13.033749708673 12.1969997273758 13.4066663670043 12.039999730885 12.0899997297674 12.039999730885 13.4799996986985 13.4233330332985 13.268333036763 13.2783330365395 13.3849997008219 13.0799997076392 13.1599997058511 13.3299997020513 13.4399996995926 13.509999698028 13.6249996954575 13.6699996944517 13.6749996943399 13.7549996925518 13.8749996898696 13.944999688305 14.0399996861815 14.0299996864051 13.9999996870756 13.9799996875226 13.9899996872991 14.0099996868521 14.0549996858463 14.0749996853992
-9999 -9999 -9999 -9999 -9999 -9999 -9999 -9999 -9999 -9999 -9999 -9999 -9999 -9999 -9999 -9999 -9999 -9999 -9999 -9999 -9999 -9999 -9999 -9999 13.3116663691277 13.3466663683454 12.8679997123778 13.398999700509 12.7449997151271 12.8049997137859 13.0399997085333 13.8849996896461 12.5924997185357 12.1749997278675 12.2099997270852 12.22499972675 12.1749997278675 12.1399997286499 12.8074997137301 13.586666362981 12.7037497160491 13.7283330264812 12.9499997105449 12.929999710992 13.0049997093156 13.1449997061864 13.3049997026101 13.4299996998161 13.5599996969104 13.5349996974692 13.5449996972457 13.6699996944517 13.7499996926636 13.8199996910989 13.8949996894225 13.9999996870756 13.8449996905401 13.8099996913224 13.9499996881932 14.0349996862933 14.0399996861815 14.0599996857345
-9999 -9999 -9999 -9999 -9999 -9999 -9999 -9999 -9999 -9999 -9999 -9999 -9999 -9999 -9999 -9999 -9999 -9999 -9999 -9999 -9999 -9999 -9999 9.93233311132838 12.8683330457037 13.0216663756097 12.9324997109361 12.6037497182842 13.0374997085892 12.909999711439 12.909999711439 12.9349997108802 12.867499712389 13.3949997005984 12.1549997283146 12.1549997283146 12.9549997104332 13.0199997089803 12.786249714205 12.7562497148756 12.4699997212738 13.0449997084215 12.9699997100979 13.0449997084215 13.0449997084215 13.179999705404 13.3349997019395 13.5149996979162 13.654999694787 13.7449996927753 13.6849996941164 13.7449996927753 13.779999691993 13.8049996914342 13.9899996872991 14.0099996868521 13.9199996888638 13.8849996896461 13.9499996881932 13.7899996917695 13.9549996880814 14.0549996858463
-9999 -9999 -9999 -9999 -9999 -9999 -9999 -9999 -9999 -9999 -9999 -9999 -9999 -9999 -9999 -9999 -9999 -9999 -9999 -9999 -9999 -9999 12.3449997240677 12.2916663919265 12.4909997208044 12.4389997219667 13.0583330414568 13.1533330393334 12.6449997173622 12.7049997160211 12.7549997149035 13.1783330387746 13.199999704957 12.7049997160211 12.494999720715 12.494999720715 12.9949997095391 13.0199997089803 13.0224997089244 13.0133330424627 12.929999710992 12.9799997098744 13.0799997076392 13.1249997066334 13.1449997061864 13.2299997042865 13.4049997003749 13.5349996974692 13.7099996935576 13.799999691546 13.8499996904284 13.8699996899813 13.7549996925518 13.8499996904284 13.9749996876344 14.0149996867403 13.6949996938929 13.8999996893108 13.8349996907637 13.7199996933341 14.0349996862933 14.1349996840581
-9999 -9999 -9999 -9999 -9999 -9999 -9999 -9999 -9999 -9999 -9999 -9999 -9999 -9999 -9999 -9999 -9999 -9999 -9999 -9999 10.1429067500325 12.6266663844387 12.6449997173622 13.4509996993467 13.5509996971115 13.1333330397805 13.006666375945 13.1966663716982 13.3399997018278 13.4949996983632 13.0049997093156 13.0049997093156 13.5849996963516 13.2183330378806 13.316666369016 12.5999997183681 13.0824997075833 10.6849997611716 11.4549997439608 12.9499997105449 13.1099997069687 13.1549997059628 13.1699997056276 13.2449997039512 13.2649997035041 13.2699997033924 13.3599997013807 13.5049996981397 13.6749996943399 13.7949996916577 13.8949996894225 13.9549996880814 13.944999688305 13.9499996881932 13.8299996908754 13.75999969244 13.7299996931106 13.7749996921048 13.8799996897578 13.9799996875226 14.1149996845052 14.1699996832758
-9999 -9999 -9999 -9999 -9999 -9999 -9999 -9999 -9999 -9999 -9999 -9999 -9999 -9999 -9999 -9999 -9999 -9999 -9999 -9999 12.6516663838799 14.0449996860698 13.2449997039512 13.2499997038394 13.1249997066334 12.9899997096509 12.9349997108802 12.8299997132272 12.4649997213855 12.3899997230619 12.3249997245148 12.3249997245148 13.364999701269 13.364999701269 12.7599997147918 12.8349997131154 12.9949997095391 13.1549997059628 13.2749997032806 13.3849997008219 13.4599996991456 13.3749997010455 13.3599997013807 13.4099997002631 13.4399996995926 13.489999698475 13.5399996973574 13.6049996959046 13.7149996934459 13.6749996943399 13.5699996966869 13.4999996982515 13.7399996928871 13.6399996951222 13.5849996963516 13.5749996965751 13.5249996976927 13.7199996933341 13.8399996906519 13.8999996893108 13.9749996876344 13.9649996878579
-9999 -9999 -9999 -9999 -9999 -9999 -9999 -9999 -9999 -9999 -9999 -9999 -9999 -9999 -9999 -9999 -9999 -9999 10.6108299892345 12.6033330516269 13.1759997054934 13.3949997005984 13.2049997048452 13.0399997085333 12.9899997096509 12.9999997094274 12.9999997094274 13.074999707751 13.1199997067451 13.1849997052923 13.0999997071922 11.8599997349083 13.5324996975251 13.4749996988103 12.8349997131154 12.889999711886 13.0149997090921 13.179999705404 13.2649997035041 13.3849997008219 13.4849996985868 13.5499996971339 13.5649996967986 13.5399996973574 13.5699996966869 13.5599996969104 13.5949996961281 13.634999695234 13.6949996938929 13.7349996929988 13.6299996953458 13.4349996997043 13.2799997031689 13.4449996994808 13.5699996966869 13.5949996961281 13.5599996969104 13.6899996940047 13.8049996914342 13.9149996889755 14.0099996868521 14.0299996864051
-9999 -9999 -9999 -9999 -9999 -9999 -9999 -9999 -9999 -9999 -9999 -9999 -9999 -9999 -9999 -9999 12.2510346847332 12.9999997094274 12.7349997153506 13.3849997008219 13.3849997008219 13.2866663696865 13.469999698922 13.4733330321809 14.8099996689707 12.9499997105449 13.0099997092038 12.9699997100979 12.8949997117743 13.0699997078627 13.0024997093715 12.7499997150153 12.7999997138977 12.8799997121096 12.6949997162446 12.8849997119978 13.0899997074157 13.2149997046217 13.3049997026101 13.3699997011572 13.4499996993691 13.5249996976927 13.5799996964633 13.6199996955693 13.634999695234 13.6599996946752 13.6499996948987 13.6899996940047 13.6749996943399 13.7349996929988 13.324999702163 13.199999704957 13.4099997002631 13.4099997002631 13.4399996995926 13.4749996988103 13.634999695234 13.7699996922165 13.8349996907637 13.8799996897578 13.9149996889755 14.0099996868521
-9999 -9999 -9999 -9999 -9999 -9999 -9999 -9999 -9999 -9999 -9999 11.7987206665106 11.8140695033768 -9999 -9999 -9999 11.6709299716925 15.2879996582866 15.2889996582642 17.1199996173382 13.2449997039512 13.1949997050688 13.5399996973574 13.1549997059628 12.9349997108802 13.1449997061864 13.2699997033924 13.3899997007102 13.5616663635398 13.5816663630928 13.6449996950105 13.6449996950105 12.8499997127801 12.8449997128919 13.3174997023307 13.3874997007661 13.5999996960163 13.2099997047335 13.21999970451 13.3799997009337 13.4849996985868 13.4749996988103 13.4649996990338 13.4499996993691 13.5399996973574 13.6049996959046 13.5749996965751 13.5749996965751 13.5799996964633 13.6099996957928 13.6799996942282 13.6949996938929 13.6399996951222 13.509999698028 13.5399996973574 13.4499996993691 13.509999698028 13.6849996941164 13.7449996927753 13.7649996923283 13.8349996907637 13.9399996884167
-9999 -9999 -9999 -9999 -9999 -9999 -9999 -9999 -9999 -9999 -9999 -9999 -9999 -9999 -9999 -9999 -9999 -9999 12.3689997235313 13.8416663572813 13.5049996981397 13.6249996954575 13.5399996973574 13.4599996991456 13.6999996937811 13.4799996986985 13.6649996945634 13.5949996961281 12.6849997164682 10.7149997605011 12.6849997164682 12.9149997113273 12.7999997138977 13.0249997088686 13.469999698922 13.5574996969663 13.6174996956252 13.2049997048452 13.1449997061864 13.3949997005984 13.3599997013807 13.4449996994808 13.4999996982515 13.4799996986985 13.5299996975809 13.5699996966869 13.5149996979162 13.4499996993691 13.4599996991456 13.4949996983632 13.4999996982515 13.489999698475 13.489999698475 13.3749997010455 13.489999698475 13.4849996985868 13.5299996975809 13.6749996943399 13.8249996909872 13.7499996926636 13.7049996936694 13.7749996921048
-9999 -9999 -9999 -9999 -9999 -9999 -9999 -9999 -9999 -9999 -9999 -9999 -9999 -9999 9.62223770940613 12.6380949556118 12.5729997189716 12.1999997273088 13.8799996897578 13.7849996918812 13.9599996879697 13.5949996961281 13.6099996957928 13.9099996890873 14.0349996862933 13.9099996890873 14.1399996839464 14.0199996866286 13.8749996898696 13.6249996954575 13.21999970451 13.1899997051805 13.21999970451 12.9749997099862 13.3474997016601 13.6849996941164 13.8574996902607 13.8974996893667 13.2949997028336 13.4049997003749 13.4399996995926 13.4199997000396 13.4249996999279 13.5049996981397 13.5949996961281 13.6249996954575 13.5849996963516 13.6649996945634 13.75999969244 13.8399996906519 13.8849996896461 13.7499996926636 13.9599996879697 13.8999996893108 13.8749996898696 13.8449996905401 13.924999688752 14.1099996846169 14.0299996864051 13.8449996905401 13.8999996893108 13.9099996890873
-9999 -9999 -9999 -9999 -9999 -9999 -9999 -9999 -9999 -9999 -9999 -9999 -9999 11.4049997450784 13.711666360187 13.7749996921048 13.5149996979162 13.199999704957 13.4299996998161 13.5799996964633 13.5649996967986 13.4099997002631 12.9199997112155 13.6049996959046 14.2099996823817 14.2799996808171 13.8799996897578 14.1749996831641 14.2899996805936 13.8999996893108 13.7849996918812 13.0799997076392 13.2399997040629 12.9999997094274 12.7999997138977 13.1299997065216 13.8049996914342 13.8599996902049 13.7749996921048 13.6199996955693 13.5999996960163 13.5349996974692 13.5449996972457 13.5949996961281 13.5899996962398 13.7399996928871 13.7199996933341 13.9949996871874 14.1249996842816 14.1449996838346 14.1599996834993 14.1849996829405 14.1999996826053 14.1799996830523 14.1349996840581 14.0649996856228 14.0299996864051 14.1049996847287 13.9849996874109 13.9099996890873 13.8149996912107 13.9549996880814
-9999 -9999 -9999 -9999 -9999 -9999 -9999 -9999 -9999 -9999 10.1577775507338 13.6249996954575 13.5399996973574 13.054999708198 13.1199997067451 14.1599996834993 13.1749997055158 13.1749997055158 13.4199997000396 13.4349996997043 13.3899997007102 13.3299997020513 13.7249996932223 13.8449996905401 13.8599996902049 13.8299996908754 13.9099996890873 14.0849996851757 14.0649996856228 13.7149996934459 13.9999996870756 14.069999685511 13.5599996969104 12.9599997103214 14.1449996838346 14.0849996851757 13.9949996871874 13.8899996895343 13.8749996898696 13.7749996921048 13.799999691546 13.7549996925518 13.6399996951222 13.6299996953458 13.6199996955693 13.6999996937811 13.799999691546 13.9999996870756 14.21499968227 14.1699996832758 14.2299996819347 14.2649996811524 14.339999679476 14.2649996811524 14.1249996842816 14.1649996833876 14.1799996830523 14.1649996833876 13.9949996871874 14.0999996848404 14.0599996857345 13.9599996879697
-9999 -9999 -9999 -9999 -9999 -9999 -9999 -9999 -9999 -9999 10.9447616601274 10.7705260750495 12.6959997162223 12.6759997166693 13.9699996877462 14.1662496833596 12.5583330526327 -9999 -9999 9.22999979369342 9.18626740030472 13.3749997010455 13.7449996927753 13.9949996871874 13.7099996935576 13.6199996955693 13.9349996885285 13.7649996923283 13.7449996927753 13.7199996933341 13.8249996909872 13.9499996881932 13.9649996878579 13.5149996979162 13.6199996955693 13.8949996894225 14.0849996851757 14.1049996847287 13.9999996870756 13.9599996879697 14.049999685958 14.089999685064 14.1149996845052 14.1699996832758 14.1199996843934 14.069999685511 14.2649996811524 14.0299996864051 14.0749996853992 14.1299996841699 14.2949996804819 14.3849996784702 14.3549996791407 14.2849996807054 14.524999675341 14.4999996758997 14.4299996774644 14.3699996788055 14.3949996782467 14.3849996784702 14.1299996841699 14.0799996852875
-9999 -9999 -9999 -9999 -9999 -9999 -9999 -9999 -9999 -9999 -9999 -9999 -9999 -9999 -9999 -9999 -9999 -9999 -9999 -9999 -9999 -9999 -9999 -9999 11.2176460120929 13.3957139862967 12.9949997095391 13.2449997039512 13.6649996945634 13.5999996960163 13.9949996871874 13.9599996879697 13.8899996895343 13.8299996908754 13.9349996885285 13.9399996884167 14.1249996842816 14.3299996796995 14.3449996793643 14.2799996808171 14.2699996810406 14.2649996811524 14.2999996803701 14.339999679476 14.2699996810406 14.3249996798113 14.2499996814877 14.3299996796995 14.234999681823 14.379999678582 14.4499996770173 14.504999675788 14.5099996756762 14.524999675341 14.5199996754527 14.5149996755645 14.4899996761233 14.4149996777996 14.3649996789172 14.3149996800348 14.3449996793643 14.2899996805936
-9999 -9999 -9999 -9999 -9999 -9999 -9999 -9999 -9999 -9999 -9999 -9999 -9999 -9999 -9999 -9999 -9999 -9999 -9999 -9999 -9999 -9999 -9999 -9999 -9999 10.6396679468453 14.4919996760786 13.7049996936694 13.8299996908754 13.8399996906519 14.1349996840581 14.0399996861815 13.9349996885285 13.75999969244 13.8049996914342 13.8699996899813 14.0599996857345 14.5199996754527 14.5349996751174 14.5899996738881 14.6249996731058 14.5749996742234 14.3449996793643 14.3549996791407 14.3849996784702 14.5149996755645 14.4899996761233 14.4799996763468 14.4299996774644 14.4999996758997 14.5399996750057 14.524999675341 14.5749996742234 14.6099996734411 14.6349996728823 14.6349996728823 14.5999996736646 14.5899996738881 14.524999675341 14.4199996776879 14.3649996789172 14.3899996783584
-9999 -9999 -9999 -9999 -9999 -9999 -9999 -9999 -9999 -9999 -9999 -9999 -9999 -9999 -9999 -9999 -9999 -9999 -9999 -9999 -9999 -9999 -9999 -9999 -9999 -9999 -9999 13.654999694787 13.5999996960163 13.489999698475 13.8149996912107 13.9349996885285 13.8799996897578 13.7749996921048 13.6899996940047 13.8549996903166 13.9499996881932 14.3149996800348 14.5999996736646 14.6699996720999 14.7249996708706 14.7199996709824 14.6099996734411 14.4699996765703 14.5699996743351 14.5949996737763 14.6949996715412 14.7299996707588 14.6999996714294 14.6549996724352 14.629999672994 14.5599996745586 14.5699996743351 14.5849996739998 14.5999996736646 14.6199996732175 14.6399996727705 14.6599996723235 14.5849996739998 14.5299996752292 14.4649996766821 14.4199996776879
