EcologicalScience/Bass/data/rs_data_bass/sst_196.asc
NCOLS 226 
NROWS 124 
XLLCORNER -9.41648524995501 
YLLCORNER 47.587301625531 
CELLSIZE 0.0833 
NODATA_value -9999 
[rows 0 to 26 of 124, columns 0 to 61 of 226]
-9999.000000000000000 -9999 -9999 -9999 -9999 -9999 -9999 -9999 -9999 -9999 -9999 -9999 -9999 -9999 -9999 -9999 -9999 -9999 -9999 -9999 -9999 -9999 -9999 -9999 -9999 -9999 -9999 -9999 -9999 -9999 -9999 -9999 -9999 -9999 -9999 -9999 -9999 -9999 -9999 -9999 -9999 -9999 -9999 -9999 -9999 -9999 -9999 -9999 -9999 -9999 -9999 -9999 -9999 -9999 -9999 -9999 -9999 -9999 -9999 -9999 -9999 -9999
-9999 -9999 -9999 -9999 -9999 -9999 -9999 -9999 -9999 -9999 -9999 -9999 -9999 -9999 -9999 -9999 -9999 -9999 -9999 -9999 -9999 -9999 -9999 -9999 -9999 -9999 -9999 -9999 -9999 -9999 -9999 -9999 -9999 -9999 -9999 -9999 -9999 -9999 -9999 -9999 -9999 -9999 -9999 -9999 -9999 -9999 -9999 -9999 -9999 -9999 -9999 -9999 -9999 -9999 -9999 -9999 -9999 -9999 -9999 -9999 -9999 -9999
-9999 -9999 -9999 -9999 -9999 -9999 -9999 -9999 -9999 -9999 -9999 -9999 -9999 -9999 -9999 -9999 -9999 -9999 -9999 -9999 -9999 -9999 -9999 -9999 -9999 -9999 -9999 -9999 -9999 -9999 -9999 -9999 -9999 -9999 -9999 -9999 -9999 -9999 -9999 -9999 -9999 -9999 -9999 -9999 -9999 -9999 -9999 -9999 -9999 -9999 -9999 -9999 -9999 -9999 -9999 -9999 -9999 -9999 -9999 -9999 -9999 -9999
-9999 -9999 -9999 -9999 -9999 -9999 -9999 -9999 -9999 -9999 -9999 -9999 -9999 -9999 -9999 -9999 -9999 -9999 -9999 -9999 -9999 -9999 -9999 -9999 -9999 -9999 -9999 -9999 -9999 -9999 -9999 -9999 -9999 -9999 -9999 -9999 -9999 -9999 -9999 -9999 -9999 -9999 -9999 -9999 -9999 -9999 -9999 -9999 -9999 -9999 -9999 -9999 -9999 -9999 -9999 -9999 -9999 -9999 -9999 -9999 -9999 -9999
-9999 -9999 -9999 -9999 -9999 -9999 -9999 -9999 -9999 -9999 -9999 -9999 -9999 -9999 -9999 -9999 -9999 -9999 -9999 -9999 -9999 -9999 -9999 -9999 -9999 -9999 -9999 -9999 -9999 -9999 -9999 -9999 -9999 -9999 -9999 -9999 -9999 -9999 -9999 -9999 -9999 -9999 -9999 -9999 -9999 -9999 -9999 -9999 -9999 -9999 -9999 -9999 -9999 -9999 -9999 -9999 -9999 -9999 -9999 -9999 -9999 -9999
-9999 -9999 -9999 -9999 -9999 9.3372600376606 8.74701680568978 9.19621365983039 8.85029144166037 8.75347147043794 8.83702351967804 8.65163120441139 8.5447706435807 8.44006163766608 8.40491957403719 8.19048126740381 7.57692952384241 7.6203192146495 7.72431103559211 7.41592149762437 4.50486769620329 7.32053589634597 7.26244391361251 6.90786766344681 11.0964015342883 8.35623068315908 9.40364854654763 7.64111757883802 7.81109041720629 7.79387797787786 7.87276832479984 10.7181997012813 11.8037583415862 12.3132989931485 12.3249997245148 7.35800181685737 10.1489958546781 12.2299997266382 7.894999823533 7.80176701257005 10.6805474902503 8.16944384155795 8.63883662451059 12.5699997190386 -9999 -9999 -9999 -9999 -9999 -9999 -9999 -9999 -9999 -9999 -9999 -9999 -9999 -9999 -9999 -9999 -9999 -9999
-9999 -9999 -9999 -9999 -9999 9.06616411823779 8.95356607763097 8.9471114128828 8.85602892143652 8.78646197915077 8.67314675357193 8.67673267843202 8.90049438970163 8.86033203126863 8.53795738634653 8.17040008818731 7.66550186788663 7.85842462535948 7.91938534798101 7.38902706117369 6.51370280282572 7.58852401422337 6.94975126581267 8.78215886931866 12.5406862460077 8.20474527962506 7.79746390273795 7.80822167731822 7.80463575245813 7.86774802999571 8.06138797244057 7.97819451568648 11.4470588508993 11.4103230428882 11.2088418780826 11.1546535296872 12.0099997315556 -9999 7.92012809996183 8.86983473214786 11.3622742203184 7.60430208360776 7.23314178475578 9.6251120059751 10.3913426502841 11.3429410727394 -9999 -9999 -9999 -9999 -9999 -9999 -9999 -9999 -9999 -9999 -9999 -9999 -9999 -9999 -9999 -9999
-9999 -9999 -9999 -9999 -9999 9.17947934381664 9.06472974829376 9.04608293902129 8.83307900233194 8.82518996763974 8.7914822739549 8.48667866084725 8.58349863206968 8.72550125652924 8.49815362039953 8.19048126740381 8.00975065445527 7.83045441145077 7.95309304166585 7.80607012240216 7.66263312799856 7.47401348035783 7.29973753215745 7.54501479258761 12.2416031354687 8.93450944837449 8.34921820787713 7.94592119194567 7.98608355037868 8.09939877595752 8.13669239450246 8.19191563734785 8.06067078746855 8.27678252570331 8.41089611547068 12.9066665083951 10.219812765595 12.3099997248501 12.0549997305498 8.61368559952825 9.15745379645377 8.40778831392527 7.89571824390441 7.58063497953117 9.46289780503139 9.80999978072941 -9999 -9999 -9999 -9999 -9999 -9999 -9999 -9999 -9999 -9999 -9999 -9999 -9999 -9999 -9999 -9999
-9999 -9999 -9999 -9999 -9999 9.45918148290366 9.2296822918579 9.07692189281806 8.92129275389016 8.86463514110073 8.78933071903884 8.69824822759256 8.516800429672 8.59210485173389 8.33822137163952 8.15964231360704 8.06712545221671 8.02839746372774 7.92584001272917 7.78742331312969 7.63179417420179 7.57226782152429 7.50341806421056 10.7993737161405 11.7764976830222 9.51225317083299 8.04345834814012 8.00257880473509 8.07286293199286 8.14888453902677 8.31957456236705 8.34324166644365 8.1460157991387 8.27152316924185 8.12521743495017 4.23903113324195 11.3984496472403 9.626477242885 12.6089363896563 12.6160687290189 9.73976018140092 11.7251621044932 9.25679188380018 6.56884613779204 8.85035519143566 9.05725508714095 9.33499979134649 -9999 -9999 -9999 -9999 -9999 -9999 -9999 -9999 -9999 -9999 -9999 -9999 -9999 -9999 -9999
-9999 -9999 -9999 -9999 -9999 9.35447247698903 9.28275397978723 9.06831567315385 8.88471632031724 8.85100862663239 8.83379618730396 8.68749045301229 8.43504134286195 8.237815475557 8.1065706256777 8.07716604182497 8.12808617483824 8.02624590881169 7.95667896652594 7.85053559066728 7.73722036508843 7.59808648051694 7.47975096013397 8.0080772228539 8.29901525983587 7.50184025727212 8.00903346948326 8.06999419210479 8.05636767763644 8.0864894464612 8.15318764885888 8.21127963159233 8.22490614606068 8.16681416332722 8.13454083958641 7.92010253295302 7.87994017452002 8.03676462173462 8.21964678959921 8.54249955783598 12.4115929510444 12.7612591275521 10.9495271261491 11.5956986495444 12.100207824146 12.8285522130799 12.0949997296557 -9999 -9999 -9999 -9999 -9999 -9999 -9999 -9999 -9999 -9999 -9999 -9999 -9999 -9999 -9999
-9999 -9999 -9999 -9999 -9999 9.36881617642939 9.29781486419961 9.47639392223209 9.06975004309788 8.61146884597838 8.46444592671469 8.37408062024042 8.22705770097673 8.26219976460561 8.25000762008131 8.15318764885888 8.0707113770768 7.96815392607823 7.86129336524755 7.79746390273795 7.71929074078798 7.68988615693524 7.84647154249251 8.09150974126533 8.12394243944436 8.00975065445527 8.05636767763644 8.12736898986623 8.05780204758048 8.11947995517403 8.18474378762767 8.19048126740381 8.25144199002534 8.3375041866675 8.26004820968956 7.95381022663787 7.99182103015482 8.68701232969761 7.80965604726225 7.72610399802215 8.58911658101715 7.83882156945765 8.13653302006423 12.1725995970358 12.10134946553 12.039999730885 -9999 -9999 -9999 -9999 -9999 -9999 -9999 -9999 -9999 -9999 -9999 -9999 -9999 -9999 -9999 -9999
-9999 -9999 -9999 -9999 -9999 9.43551437882707 9.30426952894777 9.35232092207298 8.75992613518611 9.06221960089169 8.96862696204334 9.09365620883182 8.27439190912992 8.18689534254372 8.23136081080884 8.1022675158456 8.1424298742786 8.14099550433457 7.97676014574245 7.85483870049939 7.77594835357741 7.90504164854065 8.34228541981429 8.17518132133409 7.94663837691769 7.91436505317688 7.96098207635805 7.958830521442 7.98536636540666 8.11230810545385 8.31957456236705 8.24355295533314 8.27510909410194 8.23494673566893 8.47233496140689 8.06138797244057 7.57298500649631 8.84268928095698 7.91962440963835 8.22538426937535 7.9934944617562 8.1570126353763 11.0437207060806 10.8404797390103 10.1533687234856 13.3089455843663 12.2549997260794 -9999 -9999 -9999 -9999 -9999 -9999 -9999 -9999 -9999 -9999 -9999 -9999 -9999 -9999 -9999
-9999 -9999 -9999 -9999 -9999 9.14935757499188 9.3573412168771 8.71474348194897 8.92774741863832 8.96181370480917 8.84670551680028 8.26004820968956 8.35615099593997 8.44866785733029 8.40778831392527 8.26148257963359 8.1739860130474 8.0707113770768 8.00042724981904 7.93588060233742 7.9150822381489 7.77523116860539 7.94018371216953 7.92655719770119 8.10298470081761 7.99110384518281 7.93803215725347 7.9229712728411 8.06067078746855 8.237815475557 8.26722005940974 8.20554215181619 8.35901973582804 8.28443249873817 8.18474378762767 7.98751792032272 7.89500105893239 7.86487929010764 8.60467446203295 7.69544434046838 7.75873591424897 7.71678059338592 8.22179834451526 9.68002818428701 11.0155116276377 12.1299997288734 -9999 -9999 -9999 -9999 -9999 -9999 -9999 -9999 -9999 -9999 -9999 -9999 -9999 -9999 -9999 -9999
-9999 -9999 -9999 -9999 -9999 9.40252387011424 8.70757163222879 9.16537470603362 8.77116203308105 8.11517684534192 7.97030548099428 8.2177342963405 8.49528488051146 8.52110353950411 8.27295753918588 8.23422955069691 8.12450024997815 8.08003478171304 8.02122561400756 7.97604296077043 8.20291247358546 8.35495568765327 7.95309304166585 8.09079255629331 8.1424298742786 8.09007537132129 8.158207943663 8.24355295533314 8.11517684534192 8.30236212303862 8.34109011152759 8.30738241784275 8.35830255085602 8.10728781064972 8.04489271808416 7.74008910497651 8.05039113620296 7.93444623239338 7.86559647507966 7.85017699818127 8.00724050705321 7.84192937100306 10.8472138264749 13.3871710763025 11.8749997345731 -9999 -9999 -9999 -9999 -9999 -9999 -9999 -9999 -9999 -9999 -9999 -9999 -9999 -9999 -9999 -9999 -9999
-9999 -9999 -9999 -9999 -9999 9.22824792191386 8.63943905988708 8.6602374240756 8.4730521463789 8.21486555645242 8.24283577036113 8.28730123862624 8.38770713470876 8.27224035421386 8.24283577036113 8.13669239450246 8.06497389730066 8.17757193790749 8.09007537132129 8.00329598970711 7.998992879875 7.99110384518281 7.9868007353507 8.14888453902677 8.24857325013727 8.20625933678821 8.19335000729188 8.40061646420509 8.49887080537155 8.41065705381334 8.37479780521244 8.20912807667628 8.13525802455842 8.24140140041709 8.27821689564735 8.16645557084121 7.96695861779153 8.19382813060656 11.4567209262168 12.0821851121634 12.6137157264917 9.05097573427483 12.6988165904051 12.7648803470575 12.8847653759163 11.8295725987268 -9999 -9999 -9999 -9999 -9999 -9999 -9999 -9999 -9999 -9999 -9999 -9999 -9999 -9999 -9999 -9999
-9999 -9999 -9999 -9999 -9999 9.80092012207024 9.57142093102448 8.65234838938341 8.58493300201371 8.26219976460561 8.23709829058498 8.11469872202724 8.08505507651716 8.09724722104147 8.03413494350389 8.06210515741259 8.05923641752452 8.26506850449368 8.03843805333599 7.98608355037868 7.98034607060254 7.9789117006585 8.00616472959518 8.158207943663 8.4250007532537 8.4529709671624 8.44651630241424 8.42715230816975 8.21701711136848 8.50532547011971 8.24737794185057 8.07250433950685 8.09617144358344 8.09844252932817 8.2433138936758 8.24211858538911 7.82973722647876 8.12127291760407 9.02528457483277 12.5534434453584 11.1479471820141 12.2026657785755 12.2639622048009 -9999 -9999 -9999 -9999 13.2249997043982 13.2249997043982 -9999 -9999 -9999 -9999 -9999 -9999 -9999 -9999 -9999 -9999 -9999 -9999 -9999
-9999 -9999 -9999 -9999 -9999 9.59592475090176 9.94077119161375 7.78766237478703 8.96767071541399 9.01428773859516 7.84718872746453 8.58660643361509 8.6413515531458 8.62031412729993 8.02983183367178 8.05493330769241 8.16896571824327 8.1144596603699 8.07358011696488 8.18689534254372 8.20912807667628 8.51644183718599 8.32244330225512 8.18474378762767 8.37623217515647 8.30594804789871 8.19335000729188 7.88998076412827 8.24020609213039 8.66466006473638 7.79495375533588 9.44093629721552 7.87491987971589 7.98178044054657 7.84049500105903 7.72359385062009 8.5538549865596 9.03631818978689 10.9322794154286 -9999 -9999 -9999 -9999 -9999 -9999 -9999 -9999 -9999 -9999 -9999 -9999 -9999 -9999 -9999 -9999 -9999 -9999 -9999 -9999 -9999 -9999 -9999
-9999 -9999 -9999 -9999 -9999 10.0542400996866 9.1500747599639 9.48380483360961 7.92512282775715 9.30522577557713 8.57584865903482 8.7437894733157 8.37001657206565 8.44472333998419 7.99253821512684 8.02624590881169 8.00759909953922 8.0664082672447 8.26004820968956 8.50317391520366 8.77140109473839 8.57130648754537 8.59784233151004 8.27941220393404 8.21414837148041 8.12306588003412 8.07716604182497 8.11015655053779 8.52445040270686 11.1147261495602 7.98464918043464 8.00186161976308 7.93659778730944 7.73004851536825 7.70566422631964 7.66478468291461 8.55999090243131 11.2492751730606 11.8005127965533 12.4999615664361 11.6199997402728 -9999 -9999 -9999 -9999 -9999 -9999 -9999 -9999 -9999 -9999 -9999 -9999 -9999 -9999 -9999 -9999 -9999 -9999 -9999 -9999 -9999
-9999 -9999 -9999 -9999 -9999 9.05468915868551 9.74569687922485 8.67314675357193 7.73650318011642 9.3518427987583 8.23422955069691 8.33965574158356 8.28514968371019 9.1634622127749 8.92798648029566 8.70972318714485 8.87216558330692 8.33702606335282 8.53006835165434 8.55911434302106 8.75490584038198 8.5684377476573 8.55194249330088 8.48165836604312 8.29662464326248 8.09724722104147 8.13597520953044 8.12521743495017 7.96600237116218 8.0147709492594 7.25455487892032 8.04058960825205 8.02337716892362 7.85627307044342 7.84981840569526 8.31909643905237 7.86679178336635 7.82507552416064 12.044031797052 9.63979579558646 13.1755791412911 -9999 12.8395904343455 11.8525286674095 9.40901268652773 12.0949997296557 -9999 -9999 -9999 -9999 -9999 -9999 -9999 -9999 -9999 -9999 -9999 -9999 -9999 -9999 -9999 -9999
-9999 -9999 -9999 -9999 -9999 9.21151360590011 9.83283485332504 9.14146854029968 9.92654702300206 9.57966855820268 9.4515315098688 9.47806735383347 9.43288470059633 8.00305692804977 8.31574957584962 8.74271369585767 8.92344430880621 9.14553258847445 9.00855025881901 9.41615038458258 8.45846938528121 8.50747702503577 8.56341745285317 8.5325784990564 8.96504103718325 8.17577897547744 8.06855982216075 8.23494673566893 8.39487898442894 7.03939938731492 6.30356760602444 7.80965604726225 7.92870875261724 7.88926357915625 7.87994017452002 7.77666553854942 11.0387096652761 11.2002197209746 11.3277471620822 9.45380259561352 7.60884425509721 8.70964349992573 7.74008910497651 7.75228124950081 7.74510939978063 12.5282269149252 11.4849997432902 -9999 -9999 -9999 -9999 -9999 -9999 -9999 -9999 -9999 -9999 -9999 -9999 -9999 -9999 -9999
-9999 -9999 -9999 -9999 -9999 9.86988941021264 9.32865381799638 9.61481062183157 10.0623340443708 9.8629566221498 9.46276740776375 8.97053945530206 9.45057526323944 9.13322091312148 9.05719930608757 9.06592505658045 8.77211827971041 9.17947934381664 8.90814436273649 8.16968290321529 8.43002104805782 8.61003447603434 8.73267310624942 8.74701680568978 8.7319559212774 8.79793693870306 8.43217260297388 8.26148257963359 8.20482496684417 8.06784263718873 8.06067078746855 7.9150822381489 7.87205113982782 7.82902004150674 7.91364786820486 7.81611071201041 7.80176701257005 7.75443280441687 7.73435162520036 7.63609728403389 7.70781578123569 7.78096864838153 7.77809990849346 7.76017028419301 13.5979225266573 12.0863955396299 -9999 -9999 -9999 -9999 -9999 -9999 -9999 -9999 -9999 -9999 -9999 -9999 -9999 -9999 -9999 -9999
-9999 -9999 -9999 -9999 -9999 9.62736135884188 9.82996611343697 9.59974973741919 9.95332192862406 9.62499464843422 8.73076061299071 8.76422924501821 9.11780143622309 8.89475690992549 8.19980467204005 8.51034576492384 8.86893825093284 8.57202367251739 8.40850549889728 8.44221319258213 8.82303841272369 8.71115755708888 8.32172611728311 8.57417522743344 8.80726034333929 8.62724691536278 8.49958799034357 8.55983152799308 8.42715230816975 8.36977751040831 8.2815637588501 7.99612413998693 7.93157749250531 7.82543411664665 7.88998076412827 7.80104982759804 7.89213231904432 7.94950711680576 7.78814049810171 7.74726095469669 7.73722036508843 7.63896602392197 7.67984556732699 7.08147423900664 7.82884074526373 4.84143235807174 10.8356359820455 -9999 -9999 8.74427613454671 -9999 -9999 -9999 -9999 10.9150669761002 -9999 -9999 -9999 -9999 -9999 -9999 -9999
-9999 -9999 -9999 -9999 -9999 9.6824650708586 9.79231390240602 9.48954231338575 8.43504134286195 9.29494612431154 8.25383260659873 9.20314644789323 9.17445904901251 9.10226242849603 9.11708425125107 8.8036744184792 8.6681264587678 8.82518996763974 8.73339029122144 8.73410747619346 8.59067048178986 8.53186131408438 8.50962857995182 9.06975004309788 8.72836999641731 8.61290321592242 8.65091401943937 8.56628619274125 8.54333627363667 8.596407961566 8.02050842903554 7.98536636540666 7.83762626117095 7.81324197212234 7.77307961368933 7.80678730737418 7.84264655597508 8.2259819235187 7.21893469197676 7.63466291408986 7.66119875805452 9.32650226308033 8.83133118398937 10.6180420615352 8.48459230456501 8.70948412548751 11.2048097047955 7.98095119542268 8.76105570151703 9.06612825898919 -9999 -9999 -9999 9.88388039573233 9.83824705248546 -9999 -9999 -9999 -9999 -9999 -9999 -9999
-9999 -9999 -9999 -9999 -9999 10.0938901831396 9.04321419913322 9.92750326963142 9.00592058058828 9.35279904538766 9.40288246260025 9.41615038458258 9.42870112159289 9.16011534957215 9.05110323382542 8.84025085205212 8.90479749953374 8.71904659178108 8.68964200792834 8.67314675357193 8.45368815213442 8.36762595549226 8.26219976460561 9.20027770800516 8.77713857451454 8.81084626819938 8.59784233151004 8.72550125652924 8.4250007532537 7.47616503527388 7.66693623783067 7.67841119738296 7.75299843447283 7.73363444022834 7.69705800665542 7.8196966368705 7.68701741704717 8.00162255810574 7.95070242509246 8.02457247721031 6.85484378784895 9.2510484274826 10.0602150887717 8.37993763084523 8.36989704123698 9.64172794716433 -9999 13.229901004117 12.2279606241861 10.2995185859069 7.69246026948346 8.01556541709478 -9999 12.978971643074 11.1055991169997 -9999 -9999 -9999 -9999 -9999 -9999 -9999
-9999 -9999 -9999 -9999 -9999 9.53735464485362 9.45774711295962 8.94065674813464 8.92344430880621 8.97364725684747 9.48930325172842 8.34718618378974 9.17995746713132 9.114215511363 9.12784202583134 8.87969602551311 8.80869471328333 8.78574479417875 8.00473035965115 9.00735495053232 8.86535232607275 9.10345773678273 8.96002074237913 8.92631304869428 8.97364725684747 8.65449994429946 8.4730521463789 8.10585344070569 7.79100923798978 7.49624621449038 7.44962919130921 7.82184819178656 7.67841119738296 7.64255194878206 7.7436750298366 8.1436251825653 8.29650511243381 8.07298246282153 8.5484935066717 7.88419547202066 12.7990560688212 12.7147655593261 8.45184396220637 7.81156854052097 11.0990525054602 8.8481622987747 -9999 9.57991955238089 10.9847295430489 12.4908927976057 8.96064827922964 9.44878423914716 11.9203130017067 6.3780896444805 10.7176007781 -9999 -9999 -9999 -9999 -9999 -9999 -9999
-9999 -9999 -9999 -9999 -9999 9.1299935807474 8.82518996763974 9.45021667075343 9.89135714704171 9.35518966196105 9.55026397434995 9.34299751743674 9.32614367059432 9.3226772765629 9.38746298570186 9.15437786979601 9.17661060392857 9.13931698538363 9.05899226851761 9.00448621064425 8.89547409489751 8.82805870752782 8.8395336670801 8.73410747619346 8.52182072447613 8.32746359705925 8.27080598426983 8.08075196668506 7.49911495437846 7.32770774606615 7.38364817388356 7.66335031297058 7.66119875805452 7.72502822056413 8.18163598608226 9.72552605188685 8.8105120959902 8.62568116219283 7.8349998248741 9.90304882118337 10.7387829099782 7.61583680857439 7.34348581545055 7.46182133583352 7.56342254020274 11.2546998381149 8.54387416236568 -9999 11.1038300607353 7.77523116860539 7.90814945008606 9.26978948221614 11.4193103753395 8.46469694145489 12.3333146019652 -9999 -9999 -9999 -9999 -9999 -9999 -9999
-9999 -9999 -9999 -9999 -9999 9.90144554898143 9.22681355196983 9.44196904357523 9.39965513022617 9.39009266393259 9.46922207251191 9.22035888722166 9.42332223430276 8.19478437723592 9.22155419550836 9.14385915687308 8.30056916060857 8.59138766676188 8.64517653966323 8.69322793278843 8.64159061480314 8.53831597883254 8.47161777643487 8.51895198458806 7.07812737580389 8.15892512863502 8.07644885685295 7.86201055021957 7.60669270018116 7.43098238203675 7.31479841656983 7.68343149218708 7.62175358459353 7.67482527252287 8.94388408050872 12.2034385508325 10.8681630789302 10.9750346733759 -9999 10.3788872836158 8.01835687411949 7.44747763639316 7.49624621449038 7.30475782696158 7.99289680761285 11.9101937240921 -9999 9.15222631487995 8.96826836955734 7.43026519706473 7.78574988152832 9.62628558138385 7.54501479258761 8.41751015465707 12.7299997154623 -9999 -9999 -9999 -9999 -9999 -9999 -9999
