EcologicalScience/Bass/data/rs_data_bass/sst_247.asc
NCOLS 226 
NROWS 124 
XLLCORNER -9.41648524995501 
YLLCORNER 47.587301625531 
CELLSIZE 0.0833 
NODATA_value -9999 
[rows 54 to 80 of 124, columns 124 to 185 of 226]
10.0017319142353 10.1942960792221 10.187841414474 10.3898485149257 10.5141605767421 10.0953245530836 10.1440931311809 10.1315423941705 10.1301080242265 10.1982405965682 10.4797356980853 9.88016906147823 10.0153584287036 10.6547288312577 10.5657978947274 10.5901821837761 10.0938901831396 10.4216437153518 11.2722250921652 10.5622119698673 7.6999267465435 11.0484633808956 11.8531449194998 12.1895046713762 12.4570146659389 12.0819269255735 10.8089236002415 12.0812097406015 10.4560685940087 10.8899655020796 10.0350810154341 11.545472566504 10.6870021549985 10.9588152593933 11.8452558848076 10.8003173805773 10.8548234384507 10.8648640280589 11.2148502944037 10.8074892302975 11.3291217666119 12.0102084283717 12.0102084283717 11.8452558848076 10.7128208139911 11.7649311679415 11.1122928434052 11.2449720632285 11.3174077454023 11.8294778154232 12.142887648195 12.4950254694559 14.5566453900188 13.2502212449908 13.8254035925493 13.6626026039012 13.7049165172502 12.4630781388842 11.9054994224571 15.2657978903502 16.4569490886595 16.4337631484274
7.5249336133711 10.4367045997642 10.0157170211896 10.0863597409334 10.2043366688304 10.6303445422091 10.6375163919292 10.3416775909718 10.5801415941678 10.5751212993637 10.4227194928098 10.8476515887305 10.0350810154341 10.9150669761002 10.2631458365358 11.024796276819 9.33510848274454 10.3341471487656 10.9200872709043 11.3747825431637 12.0977049949579 11.8015076015145 11.9800866595469 11.2621845025569 12.4125491976738 12.3114261166193 9.41471601463854 11.386257502716 8.21486555645242 11.6422925377265 11.465147849638 10.1883195377886 10.5089012202807 10.2423474723473 10.7400738429278 10.8347422592342 11.024796276819 11.5798974451609 11.3879309343174 11.3544623022899 10.7400738429278 11.119225631468 10.7350535481237 11.5084180096164 11.7972044916824 11.4551072600298 11.5178609450813 12.1060721529648 13.3549302509055 11.785012347158 12.9069287050515 12.7790648700403 12.7352824350819 13.9430219279602 13.3570818058215 13.7099368120544 15.1853841436256 16.3168037794437 -9999 -9999 -9999 -9999
10.1799523797818 10.6664428524673 9.72274696012028 9.96443829569034 10.3341471487656 10.3102409830317 10.6837748226244 10.0666371542029 10.231589697767 9.89522994589061 10.8584093633108 10.9165013460442 10.6375163919292 8.66382334893569 9.48284858698025 7.64900661353022 10.8419141089544 10.7321848082356 7.54286323767155 10.309045674745 11.1553239417262 9.79231390240602 11.3998840171844 11.5296944971196 9.58325448306277 9.60441143973731 7.14984587300569 9.27809227746911 9.4302550223656 11.3798028379679 11.5397350867279 11.1897488203831 10.7135379989631 10.6762443804182 10.8689280762337 11.0577867855318 11.3303170748986 11.131178714335 11.462996294722 11.4661040962674 11.4876196454279 11.625080098398 11.5949583295733 12.4101585811004 10.9896542131901 11.3539841789752 11.5210882774554 19.2609198080748 15.6856577573826 13.5449842684902 13.6066621760838 13.3097475976683 13.5650654477067 14.7056286148727 17.9407902582316 -9999 -9999 -9999 -9999 -9999 -9999 -9999
8.24498732527718 7.71498763095587 10.2602770966478 10.4449522269424 9.70123141095974 9.871204249328 9.96981718298048 10.6124149179086 10.8347422592342 10.9215216408484 11.0420087161474 10.9702902189456 10.8784905425273 10.5277870912105 9.49217199161649 9.51583909569308 10.7149723689072 10.5514541952871 7.31694997148588 9.87873469153419 9.82781455852091 9.87658313661814 9.81562241399661 9.8034302694723 9.80092012207024 9.35805840184912 9.17517623398453 9.47029784996994 9.56532485876232 9.59544662758708 9.58074433566071 9.42188786435872 9.98380228993483 8.58995329681784 10.50985746691 10.8878139471635 11.5528834778816 11.4938352485187 11.6061942274682 11.3157343138009 11.2750938320532 10.5600604149513 10.6073946231045 10.6898708948866 11.0871913693845 10.9803308085538 13.1718090213835 14.3613798283041 15.3053147823084 13.8834955752827 12.9203161578625 14.1022369917482 14.8753623915836 15.0575273744762 17.239999614656 -9999 -9999 -9999 -9999 -9999 -9999 -9999
11.0271868933924 10.7281207600608 10.0250404258259 10.628192987293 10.7658925019205 10.5614947848953 10.8060548603535 10.7149723689072 10.6138492878526 10.7501144325361 10.7766502765007 10.7049317792989 10.8247016696259 10.1964476341382 10.2222662931308 9.71485792542808 8.56700337771326 8.60142825637013 8.85602892143652 9.38244269089773 9.95547348354012 7.02720724279061 6.91030609235168 6.63777580298483 9.24510176875629 5.66527298092842 9.55671863909811 9.56138034141622 5.98011718364432 6.86512343911454 9.65927609009668 9.78621783014387 9.84144107298926 10.4202093454078 10.9045482631773 10.9239122574218 11.491205570288 11.3262530267239 11.8306731237099 10.0551621946506 10.0350810154341 12.3563697081991 12.2370181757724 12.4071703103837 10.8447828488424 10.8498031436466 13.4123050486669 13.4144566035829 12.6047547701746 13.7493819855154 12.7166356258094 14.7021622208413 14.0595644859131 17.6631141666905 15.2549996590242 -9999 -9999 -9999 -9999 -9999 -9999 -9999
13.7937962262825 11.1746879359707 11.146717722062 10.9566637044773 10.8175298199058 10.8397625540383 10.8239844846539 10.7823877562769 10.7336191781797 10.6547288312577 10.7049317792989 10.2277647112496 10.5263527212664 9.36355681996793 10.4596545188688 10.3279315456748 8.02481153886765 7.45393230114132 10.0903042582795 9.88232061639428 9.09269996220246 9.8550675874576 10.0802636686713 9.14290291024372 6.25479902792722 9.32793663302436 6.23184910882264 6.564622935839 6.7360301441513 6.90026550274342 9.94041259912774 10.0035248766653 9.51368754077703 9.55743582407013 9.79769278969616 9.47495955228806 8.05134738283232 11.423551121261 7.78742331312969 11.7436546804383 12.3520665983669 8.98512221639976 8.47520370129496 12.1041596597061 12.7452205696941 15.3141741260804 17.5626544817351 14.1553086796775 15.5896786237136 13.8049638208468 12.7101809610613 12.8801537994295 15.0012283541728 14.2675481277984 17.3349996125326 -9999 23.7447889405303 23.7449994692579 -9999 -9999 -9999 -9999
-9999 -9999 -9999 -9999 -9999 15.5299996528774 10.9150669761002 11.0377056063153 10.9652699241415 10.0652027842589 10.7952970857732 10.50985746691 10.2932676053606 10.2997222701088 10.6127735103946 10.6220969150309 10.1778008248657 10.0766777438112 7.81252478715032 7.53497420297936 7.47473066532984 7.81754508195445 7.25025176908821 9.85817538900301 9.353396699531 9.4649189626798 9.61481062183157 7.34635455533862 9.5603045639582 9.62987150624394 8.96002074237913 9.91315957019106 9.09987181192264 10.1761273932643 10.8306782110594 11.3814762695692 10.7976877023466 11.1954863001592 11.6470737708732 11.7257250561379 8.78215886931866 12.142170463223 12.0393739505671 12.1283048870973 12.4383678566664 13.8358038721324 -9999 17.5618775313487 20.235298612155 16.7749996250495 15.3738059471361 12.5710470764898 15.9436094074044 13.5267472792018 5.37499987985939 5.37499987985939 2.7860259009772 -9999 -9999 -9999 -9999 -9999
-9999 -9999 -9999 -9999 -9999 -9999 -9999 11.5206101541407 11.4574978766032 10.5815759641118 10.4503311142325 10.1665649269708 10.6561632012017 10.5148777617142 10.7192754787393 9.88411357882433 6.41473127668723 8.57489241240546 9.3652302515693 9.4649189626798 9.6375214792788 9.86391286877915 6.17734305094928 9.30175938154571 8.19048126740381 9.69405956123956 8.71474348194897 8.51464887475595 7.38508254382759 9.06975004309788 7.53497420297936 7.59521774062887 7.63466291408986 7.25742361880839 7.73506881017238 10.5679494496435 11.2614673175849 11.5743990270421 11.6312957014889 12.143604833167 11.3599607204087 11.4300057860091 12.1906999796629 12.060411376413 13.3798524286831 17.0799996182323 -9999 -9999 -9999 -9999 -9999 -9999 -9999 -9999 -9999 -9999 -9999 -9999 -9999 -9999 -9999 -9999
-9999 -9999 -9999 -9999 -9999 -9999 -9999 -9999 12.7099997159094 11.1589098665863 10.9416028200649 10.7438988294452 10.8407188006677 10.50985746691 10.5701010045595 10.1644133720547 9.55026397434995 9.01990568754263 7.15988646261394 6.38030639803037 8.50245673023164 9.87945187650621 9.68844161229208 9.87108471849933 9.65820031263866 8.38985868962482 9.59042633278295 9.58791618538089 9.62556839641184 10.7778455847874 10.4656310603023 8.59210485173389 8.61577195581049 8.53186131408438 7.77523116860539 8.0585192325525 8.29303871840239 11.4508041501977 8.49026458570734 9.33223974285647 11.4854680905119 11.3582872888073 11.2975656278431 11.6831720811315 13.0333555430675 -9999 -9999 -9999 -9999 -9999 -9999 -9999 -9999 -9999 -9999 -9999 -9999 -9999 -9999 -9999 -9999 -9999
-9999 -9999 -9999 -9999 -9999 -9999 -9999 -9999 -9999 14.5749996742234 11.2311064871028 11.0341196814552 10.9110029279254 10.2613528741058 10.1950132641941 8.59067048178986 7.24523147428408 9.3731192862615 9.35160373710096 9.24044006643817 9.64349802071229 9.73099458729848 9.65282142534852 8.55983152799308 9.98810539976694 9.84825433022343 9.84359262790531 7.23734243959188 9.87694172910415 10.6293882955797 10.1042893652339 8.46516311168671 9.1500747599639 8.34467603638768 10.7991220722906 11.2083956296556 10.1161229172722 9.11493269633502 11.3647419535555 8.29519027331844 11.2449720632285 11.2449720632285 11.187597265467 11.8707159513142 12.3202713979408 16.0649996409193 -9999 -9999 -9999 -9999 -9999 -9999 -9999 -9999 -9999 -9999 -9999 -9999 -9999 -9999 -9999 -9999
-9999 -9999 -9999 -9999 -9999 -9999 -9999 -9999 -9999 15.4649996543303 11.2901547164656 11.1341669850517 9.89164402103052 9.58229823643342 9.56891078362241 7.51991331856698 8.1660969783552 6.82137515582144 9.31897182087414 9.47926266212016 9.79482404980808 9.96874140552245 9.83677937067114 10.0408184952103 10.190351561876 10.1717047526035 8.72550125652924 8.8553117364645 10.0526520472486 8.43217260297388 10.9597715060227 7.82471693167463 8.91483808914199 10.506630134536 10.2222662931308 11.1469567837194 11.1883144504391 9.82494581863284 10.230155327823 9.91029083030298 11.424626898719 11.2525025054347 11.9098025322892 8.4250007532537 13.1566779601853 0.330736780420733 13.4140013843792 -9999 -9999 -9999 -9999 -9999 -9999 -9999 -9999 -9999 -9999 -9999 -9999 -9999 -9999 -9999
-9999 -9999 -9999 -9999 -9999 -9999 -9999 -9999 -9999 8.6569706401092 10.9925229530782 9.76972257578745 9.86869410192594 9.9559516068548 10.2332631293684 10.0989104779437 11.6512573498767 9.47029784996994 9.48213140200824 9.98380228993483 9.75824761623517 9.96766562806442 10.1856898595579 10.3051011573989 10.0838495935313 10.2269279954489 10.3671376574785 10.1311838016845 8.24642169522122 9.07979063270614 9.85255744005553 10.5998641808983 11.0185806737281 10.2179631832987 9.38029113598168 10.4324014899321 10.2947019753046 10.0350810154341 9.94471570895985 9.62485121143982 10.2502365070395 11.2603915401269 12.2784356079064 12.2241686116904 16.1099996399134 -9999 -9999 -9999 -9999 -9999 -9999 -9999 -9999 -9999 -9999 -9999 -9999 -9999 -9999 -9999 -9999 -9999
-9999 -9999 -9999 -9999 -9999 -9999 -9999 -9999 -9999 10.3137671424774 10.8957029818557 10.4374217847362 9.90527053549886 10.3559017595835 9.73278754972853 10.3305612239055 10.2846613856964 10.1020182794891 10.4919278426096 10.0874355183914 9.73924221447669 9.76577805844136 9.99240850959904 10.2265694029629 10.1724219375756 10.5159535391722 10.7264473284595 8.34754477627575 10.3133487845771 10.0178685761057 11.1249631112441 10.2007507439703 6.80990019626915 8.86750388098881 10.228720957879 10.4331186749041 10.8160954499617 10.6948911896907 10.9200872709043 10.6102633629926 11.2126987394877 11.5519272312522 12.8146509053186 14.6146144267571 -9999 -9999 -9999 -9999 -9999 -9999 -9999 -9999 -9999 -9999 -9999 -9999 -9999 -9999 -9999 -9999 -9999 -9999
-9999 -9999 -9999 -9999 -9999 -9999 -9999 -9999 14.0110297724807 10.6364406144712 10.1756492699496 10.1799523797818 9.79984434461221 10.5282652145252 10.5564744900912 10.3561408212408 10.1476790560409 10.496470014099 10.4677826152183 10.5727306827903 9.72453992255032 10.1225775820203 10.1921445243061 10.4592959263828 10.2412716948893 10.7691198342945 10.8013931580354 10.5998641808983 10.1448103161529 10.5783486317378 10.0117725038435 9.58970914781094 9.64493239065632 10.2975707151927 9.61481062183157 10.03006072063 11.1402630573139 11.4278542310931 11.3496810691431 11.3647419535555 11.1983550400473 11.027665016707 14.0408625085659 -9999 -9999 -9999 -9999 -9999 -9999 -9999 -9999 -9999 -9999 -9999 -9999 -9999 -9999 -9999 -9999 -9999 -9999 -9999
-9999 -9999 -9999 -9999 -9999 -9999 -9999 -9999 13.5202926144536 10.26816613134 10.0795464836992 9.86223943717778 9.50508132111281 10.7032583476976 10.4350311681628 10.7405519662425 10.6083508697338 9.67612993693911 9.4168675695546 9.64062928082421 10.3181300177239 9.92535171471536 10.0164342061616 10.4001281661913 10.5299386461265 9.87335580424406 10.5586260450073 10.4775841431692 10.4761497732252 10.0781121137552 10.2925504203886 10.4833216229454 10.0903042582795 11.2418642616831 10.0451216050424 9.62987150624394 9.8672597319819 10.5349589409307 11.0821710745804 11.8961760178208 12.6040375852026 14.4600019566357 17.4099996108562 -9999 -9999 -9999 -9999 -9999 -9999 -9999 -9999 -9999 -9999 -9999 -9999 -9999 -9999 -9999 -9999 -9999 -9999 -9999
-9999 -9999 -9999 -9999 -9999 -9999 -9999 6.46719898322833 12.0612940656093 10.3556626979262 10.1842554896139 9.91029083030298 10.8727530627511 10.9401684501208 10.626041432377 8.7875377566088 9.45738852047361 9.00161747075617 10.7522659874521 10.7723471666686 10.1050065502059 10.2000335589983 10.4051484609954 10.5593432299793 10.4453108194284 11.2334971036762 10.6210211375728 10.3535111430101 10.3427533684298 10.3262581140734 10.4488967442885 9.79984434461221 11.9609617269598 12.0979440566152 10.2545396168716 12.1393017233349 12.1683477147017 9.60979032702744 9.88734091119841 13.058732857462 14.1666641084012 11.4406937673754 -9999 -9999 -9999 -9999 -9999 -9999 -9999 -9999 -9999 -9999 -9999 -9999 -9999 -9999 -9999 -9999 -9999 -9999 -9999 -9999
-9999 -9999 -9999 3.8400372271426 -9999 10.5225833304833 12.0752033164608 11.7676564708352 11.3379670479335 10.4037140910514 10.3994109812193 10.5170293166302 10.3205206342973 10.8591265482828 10.7848979036789 9.59974973741919 9.71880244277418 10.8813592824154 10.9174575926736 9.96336251823232 9.99922176683322 9.92248297482729 9.9468672638759 8.80008849361911 9.65282142534852 9.17159030912444 10.7802362013608 9.79267249489203 10.0257576107979 10.2817926458083 10.0802636686713 10.0121310963295 10.1519821658731 10.6497085364535 10.5650807097554 12.7438886547461 13.497650060337 13.8019157847157 12.9669331810437 13.7864372101729 13.2949997028336 -9999 -9999 -9999 -9999 -9999 -9999 -9999 -9999 -9999 -9999 -9999 -9999 -9999 -9999 -9999 -9999 -9999 -9999 -9999 -9999 -9999
-9999 -9999 3.88019958557561 -9999 13.2163625649961 12.1325781142223 12.0698782180436 11.439902938623 10.9351481553167 10.586596258916 10.6418195017613 10.6726584555581 10.9996948027983 10.9914471756201 9.56281471136026 9.39212468801998 9.6797158617992 10.7381613496691 10.9533168412745 10.5148777617142 10.0723746339791 10.5765556693077 10.7199926637113 10.7307504382916 8.98512221639976 9.39535202039406 9.4247566042468 10.271034871228 10.6583147561178 10.7149723689072 11.2982828128152 11.3102358956821 11.3093991798814 11.8690664258786 11.3916363900062 11.8778878010344 11.8796807634644 12.7686315362807 13.323717113645 -9999 -9999 -9999 -9999 -9999 -9999 -9999 -9999 -9999 -9999 -9999 -9999 -9999 -9999 -9999 -9999 -9999 -9999 -9999 -9999 -9999 -9999 -9999
16.7749996250495 16.7749996250495 -9999 16.3599996343255 13.4111097403802 12.0496536018327 11.6414728977584 11.4429151155055 10.7988830106333 10.867015582975 11.065675820224 11.0592211554758 10.7931455308571 10.8777733575553 10.6647694208659 10.3047425649129 10.0752433738671 9.96766562806442 11.0087791457772 11.2327799187042 10.7400738429278 10.707800519187 10.1993163740262 10.6561632012017 10.8749046176672 10.6848506000824 10.3922391314991 11.145283352118 12.0333974091336 10.6203039526008 10.7734229441267 11.6688283816911 11.782348517262 11.9743491797708 12.2375560645014 12.0245521278121 11.9047822374851 17.3581895286188 -9999 -9999 -9999 -9999 -9999 -9999 -9999 -9999 -9999 -9999 -9999 -9999 -9999 -9999 -9999 -9999 -9999 -9999 -9999 -9999 -9999 -9999 -9999 -9999
14.5068090031855 16.7494399056067 12.2648090934381 12.2447279142216 12.6604561363347 11.8423871449195 11.8696401738562 11.7498702835292 11.424268306233 11.2765282019973 11.0635242653079 11.107989733573 10.9753105137497 10.8483687737025 10.6346476520412 10.188558599446 9.92535171471536 10.5600604149513 9.02385020488873 9.92176578985527 9.83713796315715 9.79267249489203 10.2602770966478 11.5555131561123 10.3391674435697 11.0455946410075 11.22417369904 11.224890884012 11.2155674793757 11.5791802601889 11.7240516245365 11.7247688095085 11.8839838732965 13.4675282915123 12.9447004469112 14.5182042755187 15.1835726333084 15.9649996431544 0.558612806512974 13.2399997040629 -9999 -9999 -9999 -9999 -9999 -9999 -9999 -9999 -9999 -9999 -9999 -9999 -9999 -9999 -9999 -9999 -9999 -9999 -9999 -9999 -9999 -9999
14.8425153198652 11.7950529367663 12.259788798634 12.8224204091821 12.0675832261331 11.9306008964777 11.8136997460388 11.5763115203008 11.4945524334908 11.2736594621092 11.1531723868102 11.066393005196 11.0549180456437 11.0745211015455 10.8760999259539 10.667638160754 10.7044536559843 10.4173406055197 11.184728525579 10.3836329118349 9.49217199161649 11.2951750112697 10.0802636686713 11.4350260808133 11.1926175602712 11.3102358956821 11.3303170748986 11.4041871270165 11.6494643874466 11.9485305207781 12.0840784804896 12.1385845383629 13.1849574125372 16.6702994088243 14.819579154993 17.4477327618189 17.3344311921783 14.7213917429035 13.0278877475711 -9999 -9999 -9999 -9999 -9999 -9999 -9999 -9999 -9999 -9999 -9999 -9999 -9999 -9999 -9999 -9999 -9999 -9999 -9999 -9999 -9999 -9999 -9999
13.3273186294828 13.1035569182131 12.7607425015885 11.8086794512346 11.6688283816911 11.5598162659444 11.5203710924834 11.4127933466807 11.7276375493966 11.5411694566719 11.2299111788161 11.1510208318941 11.105120993685 10.9372997102328 10.9552293345332 10.8318735193461 10.8658202746883 11.4217581588309 10.8548234384507 10.7601550221443 10.8548234384507 10.7350535481237 11.1366771324538 11.1151615832932 11.4034699420445 11.1897488203831 11.5196539075114 11.8323465553112 12.0991393649019 12.2002624459565 12.4763786601834 12.7460402096622 12.9031037185341 13.9247337111738 13.4352549677715 13.6798150432296 -9999 -9999 -9999 -9999 -9999 -9999 -9999 -9999 -9999 -9999 -9999 -9999 -9999 -9999 -9999 -9999 -9999 -9999 -9999 -9999 -9999 -9999 -9999 -9999 -9999 -9999
12.5538346371613 12.0123599832878 11.7147282199003 11.983672584407 11.6121707689017 11.2750938320532 11.1897488203831 11.2514267279766 11.186162895523 11.2141331094317 11.2134159244597 11.106555363629 10.9903713981621 10.9753105137497 10.8645054355729 11.1510208318941 10.8146610800177 11.3647419535555 10.2803582758643 10.7601550221443 10.9803308085538 11.2421033233404 11.4357432657853 11.6946470406838 11.8954588328488 11.8603167692199 12.1930905962363 12.2856074576266 12.3702352843247 12.5882595158182 13.5070631130948 10.7541157836094 10.7949997587129 -9999 -9999 13.6052278061397 13.6049996959046 -9999 -9999 -9999 -9999 -9999 -9999 -9999 -9999 -9999 -9999 -9999 -9999 -9999 -9999 -9999 -9999 -9999 -9999 -9999 -9999 -9999 -9999 -9999 -9999 -9999
13.0712835944723 12.5251472382806 12.2397076194175 12.3200323362835 11.9384899311699 11.224890884012 12.0008850237355 11.146717722062 11.3676106934436 11.2327799187042 11.2571642077528 11.0943632191047 11.0506149358116 11.0362712363712 10.9953916929662 10.8462172187865 11.3202764852904 10.9602496293373 10.9659871091135 10.8039033054374 11.6344035030343 11.8524277345277 11.9786522896029 12.0568254515529 12.2181920702569 12.2698293882422 12.4433881514706 12.5380565677769 12.8141727820039 12.940397337079 13.0042267995887 13.2150791813619 14.5701762798242 18.1623008055612 -9999 -9999 -9999 -9999 -9999 -9999 -9999 -9999 -9999 -9999 -9999 -9999 -9999 -9999 -9999 -9999 -9999 -9999 -9999 -9999 -9999 -9999 -9999 -9999 -9999 -9999 -9999 -9999
13.1553137670271 12.9848628053442 12.8523628817638 13.1634418633766 12.2174748852849 12.2773598304484 12.1715750470757 11.8524277345277 11.6021301792935 11.0176244270988 10.6798303052783 10.6590319410898 10.6102633629926 11.0635242653079 11.1599856440444 11.2392345834523 11.2865687916055 11.4192480114289 11.6293832082301 11.7276375493966 11.5626850058325 12.2038483708166 12.2877590125427 12.4390850416385 12.7159184408374 12.7668385738507 12.8722647647373 13.0343485684134 13.0687734470703 13.2028870368376 13.1347544644959 17.2420503872127 13.7404171733651 14.3493520386692 18.7046281126793 4.99999988824129 -9999 -9999 -9999 -9999 -9999 -9999 -9999 -9999 -9999 -9999 -9999 -9999 -9999 -9999 -9999 -9999 -9999 -9999 -9999 -9999 -9999 -9999 -9999 -9999 -9999 -9999
-9999 -9999 -9999 -9999 7.15999983996153 13.8899024276994 11.1897488203831 11.7925427893642 11.3005538985599 11.424985491205 10.7252520201728 10.8706015078351 10.2875301255845 10.945905929897 11.1610614215024 11.3324686298147 11.0577867855318 11.4988555433229 11.6752830464393 12.1156346192583 12.4555802959949 12.6269875043072 12.6965544465929 12.9640644411556 13.1031983257271 12.9920346550643 13.3628192855977 -9999 -9999 -9999 -9999 -9999 -9999 -9999 -9999 -9999 -9999 -9999 -9999 -9999 -9999 -9999 -9999 -9999 -9999 -9999 -9999 -9999 -9999 -9999 -9999 -9999 -9999 -9999 -9999 -9999 -9999 -9999 -9999 -9999 -9999 -9999
-9999 -9999 -9999 -9999 -9999 15.8560222075525 11.5221640549134 11.1825769706629 10.9150669761002 10.8746655560099 10.9509262247011 10.3248237441294 10.7235785885714 10.9502090397291 10.8978545367718 11.2669657357037 11.3415529727936 11.5598162659444 11.4343088958412 12.3530228449963 12.5825220360421 12.6800591922365 12.9317911174148 12.9698019209318 14.6454302757047 -9999 -9999 -9999 -9999 -9999 -9999 -9999 -9999 -9999 -9999 -9999 -9999 -9999 -9999 -9999 -9999 -9999 -9999 -9999 -9999 -9999 -9999 -9999 -9999 -9999 -9999 -9999 -9999 -9999 -9999 -9999 -9999 -9999 -9999 -9999 -9999 -9999
