EcologicalScience/Bass/data/rs_data_bass/sst_461.asc
NCOLS 226 
NROWS 124 
XLLCORNER -9.41648524995501 
YLLCORNER 47.587301625531 
CELLSIZE 0.0833 
NODATA_value -9999 
[rows 0 to 26 of 124, columns 0 to 61 of 226]
-9999.000000000000000 -9999 -9999 -9999 -9999 -9999 -9999 -9999 -9999 -9999 -9999 -9999 -9999 -9999 -9999 -9999 -9999 -9999 -9999 -9999 -9999 -9999 -9999 -9999 -9999 -9999 -9999 -9999 -9999 -9999 -9999 -9999 -9999 -9999 -9999 -9999 -9999 -9999 -9999 -9999 -9999 -9999 -9999 -9999 -9999 -9999 -9999 -9999 -9999 -9999 -9999 -9999 -9999 -9999 -9999 -9999 -9999 -9999 -9999 -9999 -9999 -9999
-9999 -9999 -9999 -9999 -9999 -9999 -9999 -9999 -9999 -9999 -9999 -9999 -9999 -9999 -9999 -9999 -9999 -9999 -9999 -9999 -9999 -9999 -9999 -9999 -9999 -9999 -9999 -9999 -9999 -9999 -9999 -9999 -9999 -9999 -9999 -9999 -9999 -9999 -9999 -9999 -9999 -9999 -9999 -9999 -9999 -9999 -9999 -9999 -9999 -9999 -9999 -9999 -9999 -9999 -9999 -9999 -9999 -9999 -9999 -9999 -9999 -9999
-9999 -9999 -9999 -9999 -9999 -9999 -9999 -9999 -9999 -9999 -9999 -9999 -9999 -9999 -9999 -9999 -9999 -9999 -9999 -9999 -9999 -9999 -9999 -9999 -9999 -9999 -9999 -9999 -9999 -9999 -9999 -9999 -9999 -9999 -9999 -9999 -9999 -9999 -9999 -9999 -9999 -9999 -9999 -9999 -9999 -9999 -9999 -9999 -9999 -9999 -9999 -9999 -9999 -9999 -9999 -9999 -9999 -9999 -9999 -9999 -9999 -9999
-9999 -9999 -9999 -9999 -9999 -9999 -9999 -9999 -9999 -9999 -9999 -9999 -9999 -9999 -9999 -9999 -9999 -9999 -9999 -9999 -9999 -9999 -9999 -9999 -9999 -9999 -9999 -9999 -9999 -9999 -9999 -9999 -9999 -9999 -9999 -9999 -9999 -9999 -9999 -9999 -9999 -9999 -9999 -9999 -9999 -9999 -9999 -9999 -9999 -9999 -9999 -9999 -9999 -9999 -9999 -9999 -9999 -9999 -9999 -9999 -9999 -9999
-9999 -9999 -9999 -9999 -9999 -9999 -9999 -9999 -9999 -9999 -9999 -9999 -9999 -9999 -9999 -9999 -9999 -9999 -9999 -9999 -9999 -9999 -9999 -9999 -9999 -9999 -9999 -9999 -9999 -9999 -9999 -9999 -9999 -9999 -9999 -9999 -9999 -9999 -9999 -9999 -9999 -9999 -9999 -9999 -9999 -9999 -9999 -9999 -9999 -9999 -9999 -9999 -9999 -9999 -9999 -9999 -9999 -9999 -9999 -9999 -9999 -9999
-9999 -9999 -9999 -9999 -9999 9.86037475625053 9.68452100111172 9.67032073866576 9.96360157988966 9.92128766654059 9.96957812132314 10.0799050761852 10.2086397786625 10.4527516135131 10.0806222611573 9.97065389878117 10.0802636686713 9.86403239960782 9.83211766835302 9.05161550880543 8.89101161062717 8.72271220386028 9.65407649904955 7.9282122399443 10.895067295176 11.008348834794 10.9729677095078 8.10047455341555 8.81514937803149 8.45368815213442 8.06497389730066 12.7461569607041 13.2799997031689 -9999 12.3249997245148 -9999 -9999 12.2299997266382 12.5849997187033 9.99411182390759 10.6933851012494 9.38053019763902 12.9549997104332 -9999 -9999 -9999 -9999 -9999 -9999 -9999 -9999 -9999 -9999 -9999 -9999 -9999 -9999 -9999 -9999 -9999 -9999 -9999
-9999 -9999 -9999 -9999 -9999 9.66286201495677 9.79960528295487 9.7396008069627 9.90766115207225 10.0138045279309 10.0603617856978 10.1690153089585 10.5230058580637 9.96925937244669 10.0253591747023 10.0444841072895 10.1581977689639 10.0130275775446 9.85578477242962 9.84072388801724 9.76273002231028 9.49611650896259 9.11717389937257 9.73006646556999 13.904999689199 11.6126923579723 9.69708198362163 8.92344430880621 8.85818047635257 8.25215917499736 8.35471662599593 9.3173837684361 13.4334107778434 12.1886742466718 12.4436523775129 13.4999996982515 12.0099997315556 -9999 -9999 11.0435865230858 8.67099519865587 8.80636386212427 8.60716573614627 12.1538247190183 13.1092733043136 -9999 -9999 -9999 -9999 -9999 -9999 -9999 -9999 -9999 -9999 -9999 -9999 -9999 -9999 -9999 -9999 -9999
-9999 -9999 -9999 -9999 -9999 10.1320444236509 9.77187413070351 9.83307391498238 10.0484684682451 10.0122028148267 10.137160343118 10.1912839023396 10.070581671549 9.80859400127083 9.9796983981505 10.0386669402942 10.0947866643546 9.9936436614953 9.62485121143982 10.028984943172 9.94495477061719 9.41654882067814 8.84479302354157 7.96488675009459 13.344999701716 12.3457075582817 8.49026458570734 8.49313332559541 8.70255133742467 8.46588029665872 8.14027831936255 8.10011596092954 9.88576310425997 9.82609331458807 12.0570645132102 13.614999695681 -9999 12.3099997248501 12.0549997305498 -9999 11.8399997353554 11.2849192661699 9.21940264059231 8.89666940318421 6.98509601215103 6.09499986376613 -9999 -9999 -9999 -9999 -9999 -9999 -9999 -9999 -9999 -9999 -9999 -9999 -9999 -9999 -9999 -9999
-9999 -9999 -9999 -9999 -9999 9.67710325940113 10.4632404437289 10.3131097229198 10.2356537459418 10.3331909021363 10.1121783999261 10.1345904303016 10.11181980744 9.82293770071119 9.91387675516307 10.029343535658 10.1971648191102 10.1166608060012 10.0888698883355 9.51512191072106 9.97139498991892 10.0195420077071 7.64661599695683 13.0536727190483 9.09539657769725 11.3663484478928 8.6200750656426 8.57417522743344 8.42356638330966 8.4171117185615 8.31025115773082 8.75293358170893 10.0015526179923 9.64966581147164 10.0863597409334 9.91741145252516 6.0402503851443 14.8049996690825 -9999 -9999 9.09234136971645 10.6799862150548 -9999 12.8499997127801 11.9582895985282 -9999 9.33499979134649 -9999 -9999 -9999 -9999 -9999 -9999 -9999 -9999 -9999 -9999 -9999 -9999 -9999 -9999 -9999
-9999 -9999 -9999 -9999 -9999 10.0991495396011 9.97746715601534 10.1548509057611 9.98118968753676 10.0058813415734 10.2522087657126 10.229079550365 10.1532372395741 9.89254050224554 10.0200201310217 10.1053651426919 9.95212662033737 9.97340310784057 9.84646136779338 9.80940681090578 9.84622230613604 9.78645689180121 8.69155450118706 8.95109577383846 9.02231337994869 10.1229361745063 8.63513595005497 8.48596147587523 8.5246894643642 9.86391286877915 9.43240657728165 8.60214544134215 10.3201620418113 9.83426922326908 9.94955670752097 8.55283897451591 9.66752371727489 9.43264563893899 8.8261462142691 9.73227527474852 9.8696503485553 13.3149997023866 12.3652149895206 9.17615764499887 8.60501418123022 11.9799997322261 12.0949997296557 -9999 -9999 -9999 -9999 -9999 -9999 -9999 -9999 -9999 -9999 -9999 -9999 -9999 -9999 -9999
-9999 -9999 -9999 -9999 -9999 10.1668637540424 10.0807417919859 6.70877711521462 9.90694396710023 10.0074693940114 10.1302873204695 10.0718965106644 10.0074693940114 10.0786500024842 10.0393841252662 10.0562379721086 9.77498193224892 10.1232947669923 10.0732711151941 10.0861804446904 9.81394898239523 9.27056183526292 8.96012319737513 9.85730351707624 9.35151936239837 9.35088655212894 9.75376521016005 8.83236181735992 10.2014679289423 9.96874140552245 9.97931988385972 8.57381663494743 10.189634376904 10.2579462454887 10.1380867070402 12.6280756470233 6.94939267332666 9.55779441655613 9.53141225508547 9.38937547896057 9.58531638985733 9.5406716253492 10.755321819072 12.6461660196796 13.0399997085333 12.039999730885 -9999 -9999 -9999 -9999 -9999 -9999 -9999 -9999 -9999 -9999 -9999 -9999 -9999 -9999 -9999 -9999
-9999 -9999 -9999 -9999 -9999 10.388473910396 10.2816133495653 10.0449166950504 7.58230841113254 7.62533950945362 9.64158552745357 8.55983152799308 9.88327686302364 9.80319120781496 9.92936795055866 9.83905045641586 9.9389782291837 10.0881527033634 10.0847460747464 10.0843874822604 9.66620887815952 10.1644611843862 12.2193350838061 12.3420409501123 9.70488905431703 9.89503434998915 8.45799126196653 8.72478407155722 9.72802339241441 10.1977027078392 10.2423474723473 10.1774422323797 9.86821597861126 10.1008827366168 9.9147988501271 9.80611971311737 10.9758389658344 10.1010620328598 9.80020293709822 9.98918117722496 9.7397801032057 9.65831984346732 15.3485610361211 15.1099996622652 -9999 -9999 12.2549997260794 -9999 -9999 -9999 -9999 -9999 -9999 -9999 -9999 -9999 -9999 -9999 -9999 -9999 -9999 -9999
-9999 -9999 -9999 -9999 -9999 10.3302026314195 10.2990050851367 9.96436657719314 10.0264747957699 9.96718750474975 6.9748527398333 10.0245623025112 9.88495029462501 10.2392396708019 10.2584841342177 10.268524723826 10.1941167829791 10.1012413291028 10.07183674525 9.57584357168525 9.54930772772059 10.1211432120763 10.2135803862475 9.94375946233049 10.3235686704284 10.1858332965523 10.2880680143135 10.0683105858043 10.2432439535623 8.03843805333599 9.4925818116005 9.50400554365478 9.79482404980808 10.0149998362176 9.59444256862625 8.60501418123022 9.43059653901894 7.49242122797295 7.99636320164427 9.66931667970493 7.49397512874566 8.39222540003248 8.43399816472083 8.42962261196226 6.56999985314906 12.1299997288734 -9999 -9999 -9999 -9999 -9999 -9999 -9999 -9999 -9999 -9999 -9999 -9999 -9999 -9999 -9999 -9999
-9999 -9999 -9999 -9999 -9999 10.0200201310217 9.02026428002864 9.05253760376945 9.46434521470219 9.3452925093472 8.20769370673224 8.15247046388686 7.23519088467583 10.2857371631544 10.3158589319792 10.4150097543607 10.2873508293414 10.2219077006448 10.1609469780233 9.9851171290502 10.2803582758643 10.1543130170321 10.0754226701101 10.0795464836992 10.0972968117567 10.0592262428254 10.1243705444504 9.84517043484375 10.2204733307008 9.80271308450028 9.93180637946352 9.91029083030298 9.62638803637986 9.89355651428923 9.8633152146358 9.49059418467805 9.42977689905092 9.31470855465159 8.39559616940096 8.52062541618943 9.81311226659454 9.48428295692429 9.60578743416036 7.93196914670989 11.8749997345731 -9999 -9999 -9999 -9999 -9999 -9999 -9999 -9999 -9999 -9999 -9999 -9999 -9999 -9999 -9999 -9999 -9999
-9999 -9999 -9999 -9999 -9999 10.1772270768881 10.0207373159938 10.098432354629 10.0707012023777 9.43981748865917 10.1385349476477 9.8712759678252 10.1630985329393 10.1284584987909 10.0140435895883 9.97770621767268 10.4060449422104 10.1283867802937 10.2959570490057 10.2651180952089 10.2016472251853 10.1971648191102 10.0436872350983 10.2930883091176 10.3142452657921 10.1238326557213 9.9468672638759 10.0851046672324 10.1127162886551 10.1987784852972 9.8910292910545 9.07692189281806 9.90066006067874 10.0690576534835 10.0620651000063 8.79721975373104 8.62509536044672 9.19761387810909 11.6817889386855 11.4807722365284 13.2799997031689 -9999 9.23867212208854 9.8399399881641 9.71424915213788 7.51499983202666 -9999 -9999 -9999 -9999 -9999 -9999 -9999 -9999 -9999 -9999 -9999 -9999 -9999 -9999 -9999 -9999
-9999 -9999 -9999 -9999 -9999 10.4146511618746 10.1847933783429 9.3451490723528 10.1292115430115 10.0310169672593 9.80486463941634 9.96121096331626 9.74533828673884 9.62269965652376 9.41385539267212 9.73529769713059 10.2612094371114 10.231589697767 10.2141979621956 10.2369685850572 10.1853312670719 10.1070385742933 9.96455782651901 10.4031762023224 9.45021667075343 9.34730062726885 9.69943844852969 9.96049377834424 9.63226212281734 9.4247566042468 8.57489241240546 9.60477003222331 9.69692830112763 9.86403239960782 9.89052839996293 10.0638580624363 10.0685197647545 10.1422105206293 11.1008178838529 11.7790623681309 9.62360393322761 12.6899997163564 -9999 -9999 -9999 -9999 -9999 13.2249997043982 13.2249997043982 -9999 -9999 -9999 -9999 -9999 -9999 -9999 -9999 -9999 -9999 -9999 -9999 -9999
-9999 -9999 -9999 -9999 -9999 9.62126528657973 9.23972288146615 9.27988523989916 10.0680715241469 9.76565852761269 9.70876185316592 10.2093569636345 10.2513122844975 10.230155327823 9.46796699881088 9.57914696913213 10.3298440389335 10.3267960028024 8.86176640121266 8.84670551680028 10.1821039346978 9.95045318873599 10.269421205041 9.40826134989038 9.50555944442749 9.31670073512942 9.34187051248071 9.2017120779492 9.16810683926035 8.73841058602557 8.56485182279721 9.08077676204266 8.7197637767531 10.0985518854577 9.5681935986504 10.0994483666727 10.0259369070409 11.5959572657843 11.2507863842516 -9999 -9999 -9999 -9999 -9999 -9999 -9999 -9999 -9999 -9999 -9999 -9999 -9999 -9999 -9999 -9999 -9999 -9999 -9999 -9999 -9999 -9999 -9999
-9999 -9999 -9999 -9999 -9999 8.77713857451454 9.93697011126205 10.1567633990198 10.1874828219879 9.5563600466121 9.2509587793611 9.73099458729848 10.1616641629953 10.2515684219876 10.1284943580395 10.2532845431706 10.1708082713885 8.79721975373104 8.74988554557785 10.2133014809806 10.151623573387 8.83092744741589 9.24474317627028 9.80008340626955 9.35192973027006 9.40129441016221 9.39793388629332 9.40983915682882 9.36771281493398 9.84610277530737 10.030240016873 8.51464887475595 8.47950681112707 8.34467603638768 9.82623675158247 9.49690541243181 9.79578029643744 9.58468885300681 10.5591639337363 11.1701729305787 11.6199997402728 -9999 -9999 -9999 -9999 -9999 -9999 -9999 -9999 -9999 -9999 -9999 -9999 -9999 -9999 -9999 -9999 -9999 -9999 -9999 -9999 -9999
-9999 -9999 -9999 -9999 -9999 10.0948464297689 9.6296324445866 10.4800616912544 10.2822024657923 10.0317341522314 8.95846684160642 9.21731085109059 9.58755759289488 9.56478697003331 10.0622623258736 10.1860484520439 10.1279052418124 10.1280076968084 8.67027801368386 8.74988554557785 10.0552817254793 10.0990300087724 10.1774422323797 8.91483808914199 9.85780593007803 9.70316781038418 9.65927609009668 9.62126528657973 9.50336007717997 9.94507430144586 9.84861292270944 8.22149951744359 8.32387767219916 5.34469129843637 10.0520065807737 9.75537887634709 9.80576112063136 9.22808854747564 8.44416915159672 -9999 -9999 -9999 10.8359973329352 9.74075288069434 10.9163865964487 13.21999970451 -9999 -9999 -9999 -9999 -9999 -9999 -9999 -9999 -9999 -9999 -9999 -9999 -9999 -9999 -9999 -9999
-9999 -9999 -9999 -9999 -9999 10.1154057323001 9.86116365971975 10.1688872402135 9.16059347288683 8.36977751040831 9.80974149722606 9.70295917475596 10.2473677671514 9.83749655564316 9.67003386467695 9.96013518585823 10.0889416068327 10.1544923132751 10.0130275775446 9.94041259912774 9.94238485780079 10.0669445191909 10.2167081095977 10.1966269303812 9.72740866243839 9.68323006816208 9.72195805665106 9.58124636514112 9.99294639832806 9.70983763062395 10.0919179244665 9.83652323318113 10.1677602352574 10.2235213668318 9.96228674077429 9.69011504389346 9.3863274428295 9.67756430688314 9.5323343500495 9.80782302742591 9.52413795036929 9.40272878010624 9.7317117722705 9.78449658621103 10.307303939813 13.2415756195589 -9999 -9999 -9999 -9999 -9999 -9999 -9999 -9999 -9999 -9999 -9999 -9999 -9999 -9999 -9999 -9999
-9999 -9999 -9999 -9999 -9999 9.87945187650621 9.95786410011351 10.1291756837629 9.98081401921809 10.0030467533506 9.88461560830474 10.3218115672469 9.90828271238133 9.32847452175338 10.1069788088789 10.2089983711485 10.0241439446108 9.68617052654736 9.57679981831461 9.71270637051202 10.2606356891338 10.1458860936109 9.84861292270944 9.84574418282136 9.43192845396698 10.0683583981358 9.59903255244717 9.66587419183925 10.0334673492471 10.032391571789 10.2012886326993 9.76025573415682 9.94740515260492 10.0775742250262 10.0591067119967 10.0006561367773 10.0384876440512 9.58110292814672 8.53975034877658 8.43002104805782 9.47987739209618 9.57813173326265 9.65382548430935 9.80773337930441 11.8171576021539 9.50149539625272 -9999 -9999 -9999 -9999 -9999 -9999 -9999 -9999 -9999 -9999 -9999 -9999 -9999 -9999 -9999 -9999
-9999 -9999 -9999 -9999 -9999 10.1615446321666 10.3091891117394 10.2475112041458 10.1162663542666 10.0078279864974 9.00233465572819 9.84000670304522 9.23226415775716 9.54380930960178 9.58612322295085 9.62054810160771 9.58863337035291 9.64206365076825 9.67899867682718 9.72633288498037 8.93635363830253 9.01524398522452 9.63489180104807 10.3165362733416 10.3972594263032 10.2197561457288 10.2075640012044 10.1003448478878 9.8871616149554 10.1216811008053 10.2138393697096 10.1535958320601 9.98810539976694 9.99366358330008 10.2193975532427 10.1414036875358 9.69764548609965 9.6800744542852 9.49331948757172 4.84983366774395 7.27965635294095 5.98370310850441 9.60720846112818 11.2091988768242 12.2314599922393 8.84491255437024 13.5992034523748 -9999 -9999 -9999 -9999 -9999 -9999 -9999 10.9150669761002 -9999 -9999 -9999 -9999 -9999 -9999 -9999
-9999 -9999 -9999 -9999 -9999 10.0761996204965 10.3252540551126 10.3208075082861 10.2730429891497 10.2931241683662 8.33033233694732 8.08003478171304 10.0221716859378 9.85282638442004 9.17761466288939 9.66465497738682 9.62054810160771 9.70804466819391 9.7596819861792 9.76936398330145 9.68939785892144 9.77689442550763 9.84502699784935 10.3983352037612 10.4349116373342 9.76111635612324 9.82494581863284 10.1652500878554 10.308687082259 10.2093569636345 10.0350810154341 10.1643536066404 8.48524429090321 8.49026458570734 8.47018340649083 8.46516311168671 9.60369425476529 10.1372798739467 9.87567035574466 9.30986357172951 9.3891842296347 7.41090120282024 13.6839029975701 10.1528681002502 12.1861378863687 10.6160632066793 11.2048097047955 -9999 11.4179570784792 -9999 -9999 -9999 -9999 -9999 -9999 -9999 -9999 -9999 -9999 -9999 -9999 -9999
-9999 -9999 -9999 -9999 -9999 6.08984648436308 10.4940793975256 10.1919054626487 10.3777161358157 10.3479171002284 10.1290322467685 10.1326181716286 10.1460653898539 9.81048258836381 9.47818688466214 9.58791618538089 9.70051422598772 9.69154941383749 9.71055481559597 10.2300357969943 10.3210585230263 10.4499725217465 10.3836329118349 9.44125185860321 9.46970019582659 9.28108054818586 9.78012175788172 9.74067658442073 9.62341684149578 9.53448590496555 10.0883319996065 9.29279456939548 8.39487898442894 8.52612383430824 8.54118471872061 8.5684377476573 8.74355041165836 9.56880832862641 10.0388462365372 9.2018555149436 8.97902614413761 12.0668660411611 7.14281746027991 11.1324313974194 13.5391929998412 5.84926270026879 8.95499979984015 10.0463929784019 10.4222305030562 14.2649996811524 -9999 -9999 -9999 11.8421480832621 14.5057880106906 -9999 -9999 -9999 -9999 -9999 -9999 -9999
-9999 -9999 -9999 -9999 -9999 9.68581193406135 9.56145205991343 9.62891525961459 9.92965482454747 9.6733807278797 9.53448590496555 9.83964811055921 10.2318765717559 9.84502699784935 9.62915432127193 9.52587968530133 9.53687652153894 9.645410513971 9.70912044565193 9.57106233853847 9.8192083388567 10.4173406055197 10.4324014899321 10.1630268144421 10.2411999763921 10.3633724363754 10.3562005866552 9.66429638490081 9.59293648018502 9.53341012750752 9.55994597147219 9.64349802071229 10.2895023842575 8.47233496140689 8.66525771887973 10.2584841342177 9.23419031168201 10.2591500916917 13.0601672274061 -9999 -9999 11.4142029861085 10.8550890625144 7.8409731243737 10.1048870193772 13.5299996975809 -9999 13.5949996961281 11.0564687158535 11.8330637402833 9.99999977648258 11.2442059792811 11.7060116640865 8.42276951111853 12.1628986134982 -9999 -9999 -9999 -9999 -9999 -9999 -9999
-9999 -9999 -9999 -9999 -9999 10.0056764315814 9.71324425924104 9.77277061191853 9.71856338111684 9.67734915139154 9.55284584024921 9.69668923947029 10.0142826512456 9.95152896619402 9.72286649094895 9.72238836763427 9.76589758927003 9.85937069728971 9.950811781222 9.91172520024702 9.91459394013509 9.94184696907178 9.87765891407616 9.77797020296566 9.7833490902558 10.3990523887333 10.3527939580381 9.23416469793301 9.33367411280051 10.2168874058407 9.35841699433513 10.2064882237464 10.271214167471 9.80845056427643 10.2966742339777 10.2554360980866 12.0865495732644 6.10999986343086 7.8349998248741 -9999 12.03013023315 9.23212072076276 10.1643536066404 7.93659778730944 9.97125155292451 13.4399996995926 -9999 -9999 13.670348201599 10.6488258472572 8.06174656492658 10.3226721892133 8.66705068130977 14.2277632351401 13.6299996953458 -9999 -9999 -9999 -9999 -9999 -9999 -9999
-9999 -9999 -9999 -9999 -9999 9.95296333613805 9.69776501692832 9.70206812676042 9.74175236187875 6.82496108068153 6.55601671617478 9.66836043307558 9.68557287240401 9.64971362380311 9.75513981468976 10.1218603970483 9.79817091301084 10.1014206253458 7.85699025541544 10.0555207871366 9.39248328050599 9.32004759833217 9.94937741127796 9.93754385923967 9.77187413070351 10.3759487871347 9.74569687922485 9.14591508712619 9.62915432127193 9.65138705540448 9.58325448306277 8.60501418123022 10.1286736542825 8.39487898442894 10.3379123698687 13.2299929509083 10.0271919807419 6.90648110583425 -9999 8.78878647228703 10.1383556514047 9.35375529201701 8.07381917862222 7.68343149218708 7.35980177356396 9.41957080521836 -9999 11.2905850274488 9.46348459273577 9.55994597147219 8.93748064325856 8.87324136076495 8.60238450299948 8.50604265509173 13.9099996890873 -9999 -9999 -9999 -9999 -9999 -9999 -9999
