EcologicalScience/Bass/data/rs_data_bass/sst_508.asc
NCOLS 226 
NROWS 124 
XLLCORNER -9.41648524995501 
YLLCORNER 47.587301625531 
CELLSIZE 0.0833 
NODATA_value -9999 
[rows 81 to 107 of 124, columns 62 to 123 of 226]
15.2160252532922 -9999 -9999 -9999 -9999 -9999 -9999 -9999 -9999 -9999 -9999 -9999 -9999 -9999 -9999 -9999 -9999 -9999 -9999 -9999 -9999 -9999 -9999 -9999 -9999 -9999 -9999 -9999 -9999 -9999 -9999 -9999 -9999 -9999 -9999 -9999 -9999 -9999 -9999 -9999 -9999 -9999 -9999 -9999 -9999 -9999 -9999 -9999 -9999 -9999 -9999 -9999 -9999 -9999 -9999 -9999 -9999 -9999 -9999 -9999 -9999 -9999
7.44907003014459 -9999 -9999 -9999 -9999 -9999 -9999 -9999 -9999 -9999 -9999 -9999 -9999 -9999 -9999 -9999 -9999 -9999 -9999 -9999 -9999 -9999 -9999 -9999 -9999 -9999 -9999 -9999 -9999 -9999 -9999 -9999 -9999 -9999 -9999 -9999 -9999 -9999 -9999 -9999 -9999 -9999 -9999 -9999 -9999 -9999 -9999 -9999 -9999 -9999 -9999 -9999 -9999 -9999 -9999 -9999 -9999 -9999 -9999 -9999 -9999 -9999
-9999 -9999 -9999 -9999 -9999 -9999 -9999 -9999 -9999 -9999 -9999 -9999 -9999 -9999 -9999 -9999 -9999 -9999 -9999 -9999 -9999 -9999 -9999 -9999 -9999 -9999 -9999 -9999 -9999 -9999 -9999 -9999 -9999 -9999 -9999 -9999 -9999 -9999 -9999 -9999 -9999 -9999 -9999 -9999 -9999 -9999 -9999 -9999 -9999 -9999 -9999 -9999 -9999 -9999 -9999 -9999 -9999 -9999 -9999 -9999 -9999 -9999
-9999 -9999 -9999 -9999 -9999 -9999 -9999 -9999 -9999 -9999 -9999 -9999 -9999 -9999 -9999 -9999 -9999 -9999 -9999 -9999 -9999 -9999 -9999 -9999 -9999 -9999 -9999 -9999 -9999 -9999 -9999 -9999 -9999 11.3199997469783 11.209999749437 11.1449997508898 -9999 -9999 -9999 -9999 -9999 -9999 -9999 -9999 -9999 -9999 -9999 -9999 -9999 -9999 -9999 -9999 -9999 -9999 -9999 -9999 17.2699996139854 10.404829712119 9.8739534583874 9.3853114307858 9.45989866787568 10.6920224498026
-9999 -9999 -9999 -9999 -9999 -9999 -9999 -9999 -9999 -9999 -9999 -9999 -9999 -9999 -9999 -9999 -9999 -9999 -9999 -9999 -9999 -9999 -9999 -9999 -9999 -9999 -9999 -9999 -9999 -9999 -9999 -9999 -9999 16.7499996256083 9.85062104063109 8.63011565525085 8.95586106954142 8.82990289745586 7.81754508195445 15.9392345790751 17.947839431575 -9999 10.0399709129706 12.723004228361 8.81730093294755 9.68563263781834 9.03652047272772 9.71521651791409 10.0142826512456 10.151162525905 10.3162972116843 9.97746715601534 8.57465335074812 -9999 12.0860806218698 9.69394003041089 10.2502365070395 9.52014220552519 9.66286201495677 9.67361978953704 10.7709127967246 10.906460756436
-9999 -9999 -9999 -9999 -9999 -9999 -9999 -9999 -9999 -9999 -9999 -9999 11.2910768114296 11.7544039171023 10.1382122144103 10.3486103790347 10.7149723689072 10.5550401201472 13.3409451439511 -9999 -9999 -9999 -9999 -9999 -9999 11.894999734126 -9999 11.6882606792663 8.27678252570331 9.68342131748796 7.94771415437572 9.51512191072106 9.5815810514614 9.15236975187436 16.5699996296316 -9999 10.0267616697587 9.55026397434995 9.15079194493592 9.18665119353682 9.15294349985197 9.07477033790201 10.0343638304621 10.0989104779437 10.1340525415726 9.6083559570834 9.73529769713059 10.5787072242238 10.6913052648306 10.5959196635522 10.7723471666686 10.8232672996819 10.0499028381892 9.97824410640169 9.87132378015667 10.3884141449817 10.6188695826568 11.0011291727424 11.0097353924066 10.7142551839352 11.0233619068749 10.9953916929662
-9999 -9999 -9999 -9999 -9999 -9999 -9999 -9999 -9999 16.4617631844293 11.7475593541749 10.2753379810601 10.9774620686658 11.0197759820148 10.8347422592342 11.0025635426864 10.9509262247011 10.3603244002443 10.2644009102369 10.3758873141371 13.5979312285983 7.69256065922673 10.4797356980853 10.2251350330189 10.6118770291796 11.0015066385171 -9999 10.0350810154341 9.77402568561956 10.0092623564415 9.77402568561956 9.36020995676517 10.1921445243061 9.73357645319775 15.304607842836 16.3849996337667 15.8799996450543 9.52301094541326 9.34299751743674 9.29279456939548 9.18808556348085 9.92104860488325 10.3735923222266 10.5528885652311 10.5406964207068 11.0699789300561 11.2213049591519 11.3209936702624 11.4070558669046 11.424268306233 11.4737540693022 11.7577593182214 11.4701681444421 10.826853224542 10.8469344037585 11.3152561904863 11.3102358956821 11.224890884012 11.2069612597115 11.2342142886482 11.0556352306157 10.98606828833
-9999 -9999 -9999 -9999 -9999 -9999 -9999 -9999 14.7849996695295 11.0633808283135 10.0451216050424 10.1849726745859 11.0955585273914 10.9540340262465 11.3264920883812 11.2674438590184 11.2126987394877 10.7515488024801 10.3513595880941 10.587313443888 10.2991843813797 10.7128208139911 10.8376109991223 10.788842421025 10.7852564961649 9.90168461063877 10.4474623743445 10.2323068827391 10.2495193220675 10.4022797211073 10.4510482992046 10.4962309524417 10.548585455399 10.2516708769836 9.8392895180732 9.72095399769023 9.79410686483607 9.72597429249436 9.6800744542852 9.74605547171086 10.0207373159938 10.1283150617965 10.5944852936082 10.8612781031989 11.1424146122299 11.264336057473 11.4694509594701 11.6014129943214 11.704687630292 11.6394237978384 11.6021301792935 11.6186254336499 11.6057161041535 11.46586503461 11.3905606125481 11.4551072600298 11.4149449015968 11.2729422771372 11.1947691151872 11.1804254157469 11.0219275369309 10.8913998720236
-9999 -9999 -9999 -9999 -9999 -9999 -9999 -9999 10.4474623743445 10.9204458633903 11.0188795007998 11.5999786243774 11.398210585583 11.5175023525953 10.8343836667482 10.7619479845744 10.5729697444476 10.430249935016 10.8325907043181 10.626400024863 10.8899655020796 10.8978545367718 10.8734702477232 10.5313730160706 10.8175298199058 10.6884365249425 10.66620379081 10.7788018314168 10.7156895538792 10.6762443804182 10.6776787503622 10.6540116462857 10.8053376753815 10.8569749933667 9.7159337028861 9.96479688817635 9.88877528114244 9.77617724053562 9.65138705540448 10.0551621946506 10.310480044689 10.4151890506037 10.9121982362121 11.1266365428455 11.107272548601 11.064958635252 11.2471236181445 11.3310342598706 11.3339029997587 11.5182195375673 11.5770287052728 11.5526444162242 11.6006958093494 11.5397350867279 11.5017242832109 11.4737540693022 11.3783684680238 11.2471236181445 11.1667989012785 11.0864741844125 10.9681386640295 10.8440656638704
-9999 9.40499978978187 -9999 -9999 -9999 -9999 -9999 9.59999978542328 9.69448335235938 10.7741401290987 10.8991096104728 11.3281655199826 11.3227866326924 10.7425839903299 11.3206350777764 10.9762069949647 10.905743571464 11.344660774339 10.907177941408 10.9433957824949 11.0047150976025 10.9272591206245 10.8325907043181 10.8232672996819 11.2227393290959 11.3367717396468 11.3396404795349 11.2851344216615 11.3303170748986 11.2966093812138 11.2858516066335 11.3496810691431 11.2858516066335 11.2191534042358 11.1359599474818 10.3951078713872 10.1699117901735 10.0142826512456 10.0035248766653 10.9975432478823 11.0506149358116 11.1703848261386 11.4070558669046 11.462996294722 11.3884090576321 11.2091128146276 11.5339976069517 11.6846064510755 11.7742545725778 11.6573534221388 11.6745658614673 11.6394237978384 11.5605334509164 11.4680165895261 11.423551121261 11.3618732136674 11.2808313118294 11.1940519302152 11.0979491439648 11.0319681265391 10.7436597677879 10.6712240856141
11.2307718007825 11.1519173131092 10.550019825343 11.2131551299244 14.7103635780213 -9999 16.1899624452926 11.4704550184309 11.1491083386354 10.5521713802591 10.7128208139911 10.7300332533196 11.4066972744185 11.0814538896084 11.264336057473 11.1754051209427 11.225249476498 11.6437269076705 11.4113589767367 11.5899380347691 10.8139438950457 10.8820764673874 11.3403576645069 11.4694509594701 11.6760002314113 11.6595049770549 11.6365550579503 11.624362913426 11.6042817342095 11.6071504740976 11.6365550579503 11.585634924937 11.5992614394054 11.5182195375673 11.5791802601889 11.5547959711403 11.5332804219797 11.4845118438825 11.6917783007957 11.7520218384452 11.6788689712994 11.5225226473995 11.6265144683421 11.6788689712994 11.6817377111875 11.6889095609076 11.7885982720181 11.8445386998355 11.7972044916824 11.5978270694613 11.5698568555526 11.5131992427632 11.4665822195821 11.3374889246188 11.3166905604303 11.3174077454023 11.2170018493198 11.0843226294965 11.0039979126304 10.8720358777791 10.7106692590751 10.5944852936082
11.5698568555526 11.0749992248602 11.2385173984803 11.0201345745008 10.7194547749823 10.4888798064785 11.0803781121504 11.0721304849721 11.5153507976793 10.8505203286186 11.5296944971196 11.4690923669841 11.4924008785747 11.1976378550753 10.9996948027983 11.307008563308 11.3213522627484 11.6946470406838 11.6200598035939 11.6853236360475 11.4902493236586 11.5347147919238 11.5519272312522 11.744849988725 11.5411694566719 11.7613452430815 11.7082735551521 11.7240516245365 11.7656483529136 11.7577593182214 11.7606280581094 11.8689229888842 11.6946470406838 11.5655537457205 11.8266090755351 11.8488418096676 11.8753776536323 11.9069337924011 11.8768120235763 11.5655537457205 11.7161625898443 11.7333750291727 11.8431043298915 11.8560136593878 11.8660542489961 11.8108310061507 11.8373668501154 11.7247688095085 11.7061220002361 11.5677053006366 11.5325632370077 11.4601275548339 11.4199651964009 11.2715079071932 11.2535782828927 11.1962034851313 11.064958635252 10.9659871091135 10.8713186928071 10.7508316175081 10.4524826691486 10.2667317613959
11.8251747055911 11.5483413063921 11.5336390144657 11.4622791097499 11.5074617629871 11.1768394908868 11.3525498090312 11.7982802691404 10.9315622304566 11.0477461959235 11.584917739965 11.6541260897648 11.423909713747 11.2951750112697 11.703611852834 11.6530503123067 11.7975630841684 11.7297891043127 11.7398296939209 11.5698568555526 11.4400463756174 11.7548905783333 11.3869746876881 11.6731314915232 11.582766185049 11.6523331273347 11.5311288670637 11.8861354282126 11.9047822374851 11.942793041002 11.8961760178208 12.0016022087075 11.901913497597 11.8301950003952 11.4013183871284 11.8904385380447 11.8567308443598 11.8689229888842 11.785012347158 11.1581926816143 11.8836252808105 11.8122653760947 11.8122653760947 11.7642139829695 11.8531449194998 11.821588780731 11.7312234742567 11.785012347158 11.7455671736971 11.584200554993 11.5476241214201 11.4895321386866 11.3927121674642 11.2499923580326 11.2478408031166 11.106555363629 10.7687612418085 10.8211157447658 10.6733756405301 10.5600604149513 10.2251350330189 9.6757713444531
11.6049989191815 11.6874751909636 11.4902493236586 11.4730368843302 11.8951002403628 11.9144642346073 11.5601748584304 11.944406707189 10.974832390435 11.6702627516352 11.782681495999 11.1260986541165 11.861033954192 11.5960341070313 11.9496062982362 11.8699987663422 11.704687630292 11.5307702745777 11.5698568555526 11.8251747055911 11.5576647110283 11.5899380347691 11.4332331183832 11.3177663378883 11.4346674883272 11.4493697802536 11.3288827049546 11.5296944971196 11.4418393380474 11.5323839407647 12.1152760267723 11.7885982720181 11.8337809252553 11.5397350867279 11.4852290288545 11.9377727461979 11.6867580059916 11.8402355900034 12.0960913287709 11.5067445780151 11.9144642346073 11.8940244629048 11.78214360727 11.704687630292 11.7211828846484 11.7634967979975 11.6838892661035 11.7254859944806 11.701818890404 11.6014129943214 11.2521439129487 11.1954863001592 11.1962034851313 11.1373943174258 11.0355540513992 10.8992889067158 10.26816613134 10.191427339334 10.6174352127127 10.390087576583 9.86367380712181 9.31502730352804
12.0475020469166 12.0510879717767 11.8707876698114 11.9321787034161 12.022400572896 12.0424817521125 11.9098025322892 12.1448957661167 12.0561082665808 11.9291665265337 11.1379322061548 11.9098025322892 11.8301950003952 11.7172383673023 11.9499648907222 11.7097079250962 12.1639250740409 12.1283646525117 11.9687909962377 11.3991668322124 11.6713385290932 11.584559147479 11.2801141268574 11.5325632370077 11.7656483529136 11.6146809163038 11.9601847765734 11.6338656143053 12.181794932927 12.0666867449181 12.2856074576266 12.2415005818475 11.9709425511537 12.0021400974365 11.9915616190992 11.9286286378046 11.9743491797708 11.8803979484364 11.9205603068694 11.9383106349269 11.9297044152627 11.6996673354879 11.7082735551521 11.7627796130255 11.7649311679415 11.6745658614673 11.7663655378856 11.5727255954407 11.5691396705806 11.4737540693022 11.2930234563537 10.9301278605126 11.0118869473226 10.9989776178263 10.7178411087953 10.3284096689895 10.7675659335218 9.57966855820268 9.13142795069143 8.96790977707133 9.38029113598168 9.40252387011424
12.1916562262923 12.183050006628 11.8180028558709 11.9786522896029 12.1500594979152 12.223212365061 12.3074815992732 12.1916562262923 12.1098971394822 12.0941190700978 12.0844370729756 12.0051881335676 11.9600054803304 11.7183141447604 11.6200598035939 12.2882371358573 11.9076509773731 11.7111422950402 11.927158408612 12.0272415714571 11.8997619426809 11.6096606214996 11.9474547433201 11.901913497597 11.4009597946424 11.6587877920829 11.6286660232581 12.2011589271715 11.6915990045527 11.6011261203326 11.862647620379 11.6121707689017 11.9358004875248 9.89020965108648 11.9254013054306 11.8364703689003 11.8396977012744 11.705046222778 10.788842421025 11.7104251100682 11.6396628594957 11.7348093991168 11.6881923759356 11.6291441465728 11.6296222698875 11.6326105406042 11.304498415906 11.3776512830518 11.3604388437234 11.3955809073523 11.2772453869693 10.7307504382916 10.6303445422091 8.91811664901408 10.1950132641941 10.0013733217493 10.6038086982444 10.735314342659 9.62329731066711 9.12497328594327 9.36164432670921 10.3947492789011
12.4125491976738 12.1852015615441 11.6996673354879 11.86390269408 12.2726981281303 12.3250526310876 11.8502761796117 12.1471907580271 12.2461622841656 12.2759254605044 12.419721047394 12.4398022266105 12.1550797927193 11.62221135851 11.6150395087898 12.4670552555472 12.1873531164601 11.9109978405759 12.3200323362835 12.0726035209373 11.6530503123067 12.222495180089 11.8764534310903 11.745208581211 11.7473601361271 11.4153034940828 11.6415753527544 11.7102458138252 11.7306855855277 11.861930435407 11.9929959890433 11.9505027794512 11.8092173399637 10.9814783045091 10.9175054050051 11.7098872213392 10.9265419356525 10.9487746697851 11.4272565769497 11.2236955757253 11.1247240495868 11.0702179917134 11.4362213891 11.4498479035683 11.4474572869949 11.426419861149 11.1302224677056 11.2091128146276 10.7066052109003 10.8906826870516 10.3293659156188 10.0214545009658 9.43049408402294 9.78970130000796 10.5576014950472 9.66501356987283 16.1916836892255 17.1499996166676 -9999 -9999 -9999 -9999
12.4089632728137 12.1450392031111 12.1464735730551 12.2404248043895 12.2103030355647 12.0324411625043 11.9980162838474 12.221060810145 11.6171910637058 12.3501541051082 12.4914395445958 12.061128561385 12.4491256312467 12.261581761064 12.3601946947165 12.1299783186987 11.997060037218 12.2748496830463 12.1278267637827 11.9535508155823 10.4073000159115 11.982417510706 11.6428901918698 11.4074861778878 11.4285714160651 11.344840070582 11.5634021908045 11.2453306557145 11.742339841323 11.1192853968823 11.8203337070299 11.702356779133 11.0563524155878 10.5976148280315 10.9729796625907 11.0703375225421 11.2888398773503 11.4811649806798 11.1914521346916 10.9676605407149 10.8842280223034 11.4065777435899 11.2191534042358 11.3162124371156 11.439090128988 11.1732535660267 11.0594602171332 10.6203039526008 10.6898708948866 10.2782067209482 9.79349213486005 10.0106967263855 9.47615486057475 13.5449190698564 16.8041553087533 13.8649996900931 -9999 -9999 -9999 -9999 -9999 -9999
12.6434827586636 12.5330362729728 12.382427428849 12.302102711983 12.3688009143807 12.4907223596238 12.220343625173 12.6047547701746 12.579653296154 12.6549577182159 11.4450666704215 11.0495391583536 12.1936284849653 12.4634693306871 12.1098971394822 12.2404248043895 12.2621794152074 11.0140385022387 12.0302896075882 12.0905331452377 11.5002899132669 11.5992614394054 11.6304589856882 11.3661763234995 11.556349871913 11.4334124146262 11.2718664996792 11.1106791772181 11.0815136550227 16.1749996384606 -9999 16.7249996261671 16.7249996261671 -9999 -9999 16.8099996242672 9.97934549760872 10.5432782866061 10.7902767909691 10.9831995484419 11.3183639920317 10.8194423131645 11.5198929691687 11.2619454408996 10.5704595970456 10.2712739328854 10.0974761079997 10.0193029460497 10.1270002226811 9.16489658271894 8.79243852058426 9.06508834077977 9.16645048349164 -9999 -9999 -9999 -9999 -9999 -9999 -9999 -9999 -9999
12.7697073137388 12.7998290825635 12.6707357876003 12.4419537815265 12.4512771861628 12.461317775771 12.3365275906399 12.5538346371613 12.2153233303688 12.4347819318064 12.2103030355647 12.4075289028697 10.6171483387239 10.961540562287 12.6147953597829 12.2523778872564 11.1535309792962 12.220343625173 11.6663182342891 11.8050935263745 11.902989275055 12.1199377290905 11.4970625808928 11.3303170748986 11.3405011015013 11.3242210026365 11.1962034851313 11.2399517684244 11.3102358956821 11.3449997464195 -9999 -9999 -9999 -9999 16.3799996338785 11.7536826878541 9.80615557236597 9.93252356443554 10.1548509057611 10.6091875855345 10.3599658077583 11.3668935084715 11.4052629044745 10.4811700680293 10.4610888888128 10.29422385199 9.90025024069473 9.74533828673884 10.5151851267022 10.2000335589983 8.01010924694128 8.89014643510538 8.52959022833966 -9999 -9999 -9999 -9999 -9999 -9999 -9999 -9999 -9999
12.899517793674 12.8736991346814 12.8134555970319 12.6886654119007 12.6556749031879 12.1995452609845 12.619815654587 12.6678670477122 12.6054719551466 12.2346873246133 12.2703075115569 11.8807565409224 12.5323190880008 12.6298562441953 11.9006225646473 12.1109729169402 12.5050660590641 12.3414044484496 8.46975309550762 14.891832032191 13.4799387097237 12.0647144862451 11.8333506142721 11.0663033570745 11.1015350688249 11.1829355631489 11.1097826960031 11.0477461959235 10.9012611653889 12.7799997143447 -9999 -9999 -9999 -9999 -9999 17.1549996165559 9.19525741320103 9.90914333434776 10.6030018651509 9.56317330384627 9.58719900040887 9.97684559570625 10.0255185491405 9.89020965108648 9.95140943536535 10.0914995665662 10.2596623666718 9.55126803331077 9.57450482640416 10.0848058401607 8.17918560409453 9.47381205633283 9.48697240056936 19.2699995692819 -9999 -9999 -9999 -9999 -9999 -9999 -9999 -9999
12.9497207417153 12.9224677127786 12.8292336664163 12.6155125447549 12.4283272670582 12.3867305386811 12.6571092731319 12.7510605044663 12.7818994582631 12.2167577003129 12.1285439487547 12.1579485326074 12.498611394316 11.9865413242951 12.1134830643423 12.3601946947165 12.2318185847253 12.3974883132614 11.9363383762538 12.0797753706574 12.0496536018327 11.4521360651457 12.2014099419117 11.5173589156009 11.1616761514784 9.94005400664173 9.57966855820268 10.6619006809779 10.7717603789642 12.1507425312219 15.5699996519834 24.7149994475767 -9999 -9999 -9999 -9999 13.6562053139508 9.76900539081544 13.6844624018483 11.4222822555412 9.13357950560749 9.63144931318238 10.5416825500433 9.5220546987839 9.27486494509503 9.16358174360357 10.1249980813009 10.4903910176695 10.3736947772226 8.03198338858783 8.9057537461631 9.5313563705422 8.96504103718325 9.86999977938831 -9999 -9999 -9999 -9999 -9999 -9999 -9999 -9999
13.0228736088611 13.0135502042249 12.9511551116593 12.8234961866401 12.5968657354824 12.540208122693 12.8328195912763 12.580729073612 12.5602893019095 12.3350932206959 11.3790856529959 11.8603167692199 12.2593584876508 12.275423431024 12.2311013997532 12.3322244808078 12.4544328000396 12.307409880776 12.1149174342863 12.0202490179799 12.3157292264514 11.6103778064717 12.1286743460223 11.3287631741259 10.8091626618989 11.2271076375619 8.70255133742467 9.06759848818183 9.09198277723044 9.30973806435941 16.4899996314198 -9999 -9999 -9999 -9999 -9999 -9999 -9999 -9999 -9999 -9999 -9999 -9999 -9999 -9999 -9999 13.5200075222908 10.1625350304613 9.95014582374798 10.437708658725 15.5718286866322 14.1549996836111 -9999 -9999 -9999 -9999 -9999 -9999 -9999 -9999 -9999 -9999
13.1849574125372 13.098895215895 12.9956205799244 12.9253364526667 12.7768791634589 12.897366238758 12.9102755682543 12.4412365965545 12.5215613134205 12.4950254694559 12.0977049949579 11.9119540872052 11.6049989191815 12.1041596597061 12.1088930805214 12.3165898484178 12.1306955036707 12.3963408173062 12.1511352753732 12.0647144862451 11.6657803455601 11.2088438702631 12.0252693127841 12.116087578188 17.3154710191425 16.804999624379 10.2222662931308 9.26984465029091 9.19023711839691 8.23494673566893 9.15509505476803 17.2049996154383 18.7432873099567 -9999 -9999 -9999 -9999 -9999 -9999 -9999 -9999 -9999 -9999 -9999 -9999 -9999 -9999 -9999 -9999 -9999 -9999 -9999 -9999 -9999 -9999 -9999 -9999 -9999 -9999 -9999 -9999 -9999
13.1914120772853 13.1569871986285 13.056581302546 12.9095583832823 12.9310739324428 13.0063783545047 12.9289223775268 12.8708303947933 12.699423186481 12.5265816082247 12.302819896955 11.7699514627457 11.8603167692199 12.1426007742062 12.2059999257326 12.0765480382834 11.9675359225366 12.0132564645028 11.889601822244 11.5394960250705 11.3365924434038 11.2062440747395 11.4441445754575 10.6029122170294 10.5990274650976 10.3737118530553 10.8336664817762 10.9200872709043 11.0377708049491 10.3966617721599 9.54524367954582 10.1494959246367 7.71999982744455 -9999 -9999 -9999 -9999 -9999 -9999 -9999 -9999 -9999 -9999 -9999 -9999 -9999 -9999 -9999 -9999 -9999 -9999 -9999 -9999 -9999 -9999 -9999 -9999 -9999 -9999 -9999 -9999 -9999
13.2509384299628 13.1806543027051 13.1878261524253 13.0766624817625 13.0888546262868 12.8751335046254 12.9016693485901 12.8787194294855 12.8220618166961 12.6958372616209 12.2827387177385 12.0510879717767 12.0051881335676 11.9098025322892 11.4608447398059 11.741622656351 11.6881923759356 11.7197485147044 11.6322519481182 11.464430664666 11.6716971215792 11.4216386280023 10.7244153043721 10.6831771684811 9.28992582950741 11.024437684333 10.7424644595012 8.85244299657643 8.91268653422594 9.9587520434122 9.76338744186796 13.7959990086965 -9999 -9999 -9999 -9999 -9999 -9999 -9999 -9999 -9999 -9999 -9999 -9999 -9999 -9999 -9999 -9999 -9999 -9999 -9999 -9999 -9999 -9999 -9999 -9999 -9999 -9999 -9999 -9999 -9999 -9999
13.2516556149349 13.1218451349996 13.1326029095799 13.1010467708111 13.0063783545047 12.9188817879185 12.8758506895974 12.8428601808846 11.9922788040712 12.5445112325251 12.3946195733733 11.584917739965 11.7297891043127 11.028023609193 12.6091475281282 11.8169270784128 11.4350260808133 11.6413960565114 11.9151814195793 10.7231004652567 11.5755943353288 10.6147457690677 10.4144718656316 10.7289062483635 10.628090532297 8.00975065445527 10.7417472745292 10.2940744384541 10.1543727824464 10.2074444703758 9.58940178282293 12.0674124678065 13.5142581347648 13.3949997005984 -9999 -9999 -9999 -9999 -9999 -9999 -9999 -9999 -9999 -9999 -9999 -9999 -9999 -9999 -9999 -9999 -9999 -9999 -9999 -9999 -9999 -9999 -9999 -9999 -9999 -9999 -9999 -9999
