EcologicalScience/Bass/data/rs_data_bass/sst_328.asc
NCOLS 226 
NROWS 124 
XLLCORNER -9.41648524995501 
YLLCORNER 47.587301625531 
CELLSIZE 0.0833 
NODATA_value -9999 
[rows 54 to 80 of 124, columns 0 to 61 of 226]
-9999 -9999 -9999 -9999 -9999 -9999 -9999 -9999 -9999 -9999 -9999 -9999 -9999 -9999 -9999 -9999 -9999 -9999 -9999 -9999 -9999 -9999 -9999 -9999 -9999 -9999 -9999 -9999 -9999 -9999 -9999 -9999 -9999 -9999 -9999 -9999 -9999 -9999 4.86836841686454 5.24187305290252 6.14349192027003 3.59242911555339 7.85483870049939 7.90002135373652 7.70494704134762 6.73387858923525 7.90002135373652 7.97245703591034 7.92655719770119 8.21486555645242 8.26650287443772 8.22490614606068 8.21486555645242 8.15892512863502 6.95477156061679 7.16992705222219 6.65379293402657 6.50796532304958 13.2261955484282 13.8799996897578 -9999 7.12558814601096
-9999 -9999 -9999 -9999 -9999 -9999 -9999 -9999 -9999 -9999 -9999 -9999 -9999 -9999 -9999 -9999 -9999 -9999 -9999 -9999 -9999 -9999 -9999 -9999 -9999 -9999 -9999 -9999 -9999 -9999 -9999 -9999 -9999 -9999 -9999 -9999 -9999 -9999 14.1649996833876 5.58364429138601 7.43528549186885 6.65656604925171 8.19478437723592 7.75395468110219 7.91006194334477 7.51202428387478 7.87276832479984 8.15533920377493 7.12366862152703 8.07501448690891 8.12378306500614 8.16107668355107 8.02768027875572 7.95022430177778 7.89715261384845 7.84479811089113 7.65976438811049 7.82902004150674 6.59672677939037 13.6649996945634 -9999 -9999
-9999 -9999 -9999 -9999 -9999 -9999 -9999 -9999 -9999 -9999 -9999 -9999 -9999 -9999 -9999 -9999 -9999 -9999 -9999 -9999 -9999 -9999 -9999 -9999 -9999 -9999 -9999 -9999 -9999 -9999 -9999 -9999 -9999 -9999 -9999 -9999 -9999 -9999 -9999 6.22787199215963 4.44193471490871 6.86239813622087 6.70985289267264 6.46170689235441 7.11470380937681 7.42022460745648 7.13406780362129 7.20399333839305 6.70841852272861 8.0348521284759 8.07286293199286 7.86774802999571 7.73435162520036 7.69705800665542 7.79316079290584 7.73722036508843 7.76877650385723 6.83500167028978 10.5057934187353 6.6098921458831 -9999 -9999
-9999 -9999 -9999 -9999 -9999 -9999 -9999 -9999 -9999 -9999 -9999 -9999 -9999 -9999 -9999 -9999 -9999 -9999 -9999 -9999 -9999 -9999 -9999 -9999 -9999 -9999 -9999 -9999 -9999 -9999 -9999 -9999 -9999 -9999 -9999 -9999 -9999 -9999 -9999 -9999 6.4533158281818 4.90111239324324 7.71952980244532 8.52970975916833 7.7704499354586 8.72478407155722 7.06234930641949 7.08529922552407 7.22945340489969 6.47443692560773 7.19813632778823 7.38603879045695 7.66980497771874 7.52995390817523 7.21821750700474 6.81994078587741 7.19502852624282 6.9949339190498 8.53060624038335 8.07540066343231 12.4244655018243 -9999
-9999 -9999 -9999 -9999 -9999 -9999 -9999 -9999 -9999 -9999 -9999 -9999 -9999 -9999 -9999 -9999 -9999 -9999 -9999 -9999 -9999 -9999 -9999 -9999 -9999 -9999 -9999 -9999 -9999 -9999 -9999 -9999 -9999 -9999 -9999 -9999 -9999 -9999 -9999 -9999 6.13279152048752 6.68095033830032 8.06282234238461 4.6366504348116 8.51464887475595 6.23746705777012 6.42566834751051 5.93493453040719 4.61854151426814 7.19861445110291 5.45764793152921 7.76519057899714 5.91485335119069 5.67674794048071 5.85676136845723 7.24523147428408 7.92512282775715 7.53970762379467 8.24686303981938 8.28046039735469 9.41758475452662 13.3749997010455
-9999 -9999 -9999 -9999 -9999 -9999 -9999 -9999 -9999 -9999 -9999 -9999 -9999 -9999 -9999 -9999 -9999 -9999 -9999 -9999 -9999 -9999 -9999 -9999 -9999 -9999 -9999 -9999 -9999 -9999 -9999 -9999 -9999 -9999 -9999 -9999 -9999 -9999 -9999 -9999 6.76576573645266 6.37499922923744 8.04991301288828 5.15152947930619 5.3776818071492 6.19114886166062 6.03229239035863 4.46864985511638 8.45010222727433 5.12308114208281 7.14793337974697 5.92704549571499 7.94113995879889 7.9734132825397 7.81109041720629 7.54644916253164 6.69281974958722 7.54401073362678 7.46325570577756 12.2849454407294 -9999 -9999
-9999 -9999 -9999 -9999 -9999 -9999 -9999 -9999 -9999 -9999 -9999 -9999 -9999 -9999 -9999 -9999 -9999 -9999 -9999 -9999 -9999 -9999 -9999 -9999 -9999 -9999 -9999 -9999 -9999 -9999 -9999 -9999 -9999 -9999 -9999 -9999 -9999 -9999 -9999 6.61283983318852 6.08554337453097 6.30464338348247 5.97294533392414 7.57757499031723 6.56372645462397 6.67578660650179 6.80093538411893 6.69885605643503 8.39487898442894 6.95405437564477 8.23351236572489 8.31455426756293 6.5050965831615 8.43324838043191 7.35687326826155 7.98594011338428 8.16256622156988 13.509999698028 11.212479061208 5.24328134339303 5.80225531058386 5.86465040314943
-9999 -9999 -9999 -9999 -9999 -9999 -9999 -9999 -9999 -9999 -9999 -9999 -9999 -9999 -9999 -9999 -9999 -9999 -9999 -9999 -9999 -9999 -9999 -9999 -9999 -9999 -9999 -9999 -9999 -9999 -9999 -9999 -9999 -9999 -9999 -9999 -9999 -9999 -9999 6.90872828541324 6.28169346437789 7.07411113996059 7.15759147070348 6.08578243618831 8.21486555645242 6.96230200282298 6.41383479547221 7.18188013508916 7.08482110220939 7.38030131068081 8.28622546116821 8.41388438618742 8.41854608850554 6.1543931318447 6.59886851825286 8.58751486791298 7.97389140585437 4.78648232854903 5.87469099275768 5.10443433281034 5.72766807349399 5.85532699851319
-9999 -9999 -9999 -9999 -9999 -9999 -9999 -9999 -9999 -9999 -9999 -9999 -9999 -9999 -9999 -9999 -9999 -9999 -9999 -9999 -9999 -9999 -9999 -9999 -9999 -9999 -9999 -9999 -9999 -9999 -9999 -9999 -9999 -9999 -9999 -9999 -9999 -9999 6.57449802122294 7.33989989059046 4.60575171560049 4.59212520113215 6.99278236413375 5.09224218828604 6.93158257985488 8.30021056812257 7.6215145229362 5.77356791170314 7.45644244854338 8.31921596988104 8.11696980777197 8.28514968371019 7.29256568243727 7.23375651473179 6.64494765270501 6.03629667311907 5.09176406497136 5.04514704179019 5.88975187717006 6.21277198856697 5.03164005815051 4.57802056334913
-9999 -9999 -9999 -9999 -9999 -9999 -9999 -9999 -9999 -9999 -9999 -9999 -9999 -9999 -9999 -9999 -9999 -9999 -9999 -9999 -9999 -9999 -9999 -9999 -9999 -9999 -9999 -9999 -9999 -9999 -9999 -9999 -9999 -9999 -9999 -9999 -9999 -9999 6.62873927233741 6.86189610674046 7.51489302376285 7.54644916253164 7.69275489682332 7.78455457324162 7.92010253295302 5.90576900821179 7.81180760217831 6.02063813456334 8.84527114685625 8.78502760920674 8.33033233694732 7.3523310967721 7.53425701800734 7.4847712549381 7.06521804630756 6.90098268771544 6.79125338699669 6.64494765270501 6.62085023764521 5.15714742825367 4.38294625096023 4.30979338381439
-9999 -9999 -9999 -9999 -9999 -9999 -9999 -9999 -9999 -9999 -9999 -9999 -9999 -9999 -9999 -9999 -9999 -9999 -9999 -9999 -9999 -9999 -9999 -9999 -9999 -9999 -9999 -9999 -9999 -9999 -9999 -9999 -9999 -9999 -9999 -9999 -9999 6.21138175308275 7.75658435933292 7.72717977548018 7.63466291408986 7.52636798331514 7.82615130161867 7.99755850993097 8.08003478171304 8.24283577036113 6.312412887346 8.07764416513965 7.06976021779701 7.09079764364287 8.24785606516525 7.83475752128288 7.76232183910906 5.89381592534482 7.15486616780981 7.02075257804245 6.68511001113802 6.6363414330408 5.07718130387366 5.22420422313735 3.83812473388389 4.97438479121774
-9999 -9999 -9999 -9999 -9999 -9999 -9999 -9999 -9999 -9999 -9999 -9999 -9999 -9999 -9999 -9999 -9999 -9999 -9999 -9999 -9999 -9999 -9999 -9999 -9999 -9999 -9999 -9999 -9999 -9999 -9999 -9999 -9999 -9999 -9999 -9999 -9999 7.3097781217657 7.02448193989694 7.73004851536825 7.70781578123569 7.0465712370351 7.67482527252287 7.95022430177778 5.63323871884495 5.84935045707971 8.28514968371019 6.58685566997156 8.437192897778 8.49026458570734 8.50962857995182 8.43002104805782 7.85483870049939 6.92847477830946 7.22013000026345 7.23590806964785 6.98202458955348 7.46397289074957 6.12498854799196 6.44664600794204 6.20997496717609 5.12140771048144
-9999 -9999 -9999 -9999 -9999 -9999 -9999 -9999 -9999 -9999 -9999 -9999 -9999 -9999 -9999 -9999 -9999 -9999 -9999 -9999 -9999 -9999 -9999 -9999 -9999 -9999 -9999 -9999 -9999 -9999 -9999 -9999 -9999 -9999 -9999 8.43537317471467 12.0803730248008 6.84982349304482 5.34732097666711 7.6203192146495 7.55290382727981 7.73220007028431 7.75012969458476 7.9631336312741 7.97030548099428 8.32029174733907 6.62438835017383 8.44006163766608 8.5325784990564 8.596407961566 8.56987211760134 8.45583970705047 6.97389649320394 6.61052277404815 6.31623787386343 6.30930508580059 6.80990019626915 7.33272804087028 6.94358347505331 6.83801384717226 6.08375041210093 5.81468651676551
-9999 -9999 -9999 -9999 -9999 -9999 -9999 -9999 -9999 -9999 -9999 -9999 -9999 -9999 -9999 -9999 -9999 -9999 -9999 -9999 -9999 -9999 -9999 -9999 -9999 -9999 -9999 -9999 -9999 -9999 -9999 21.5244328898725 19.1549995718524 -9999 -9999 14.0948996378037 7.15630053775385 7.46382945375517 6.99851984390989 6.61769462376833 7.33201085589826 7.44819482136518 7.52349924342707 7.70494704134762 6.73172703431919 9.11493269633502 9.11134677147493 9.16083253454417 8.75131991552189 8.7197637767531 8.48596147587523 8.38985868962482 7.26650796178728 6.35400961572304 6.21320229955018 7.11255225446075 6.08291369630024 6.59223455726169 6.42226171889342 5.44844405772164 6.39034698763862 6.2607755693607
-9999 -9999 -9999 -9999 -9999 -9999 -9999 -9999 -9999 -9999 -9999 -9999 -9999 -9999 -9999 -9999 -9999 -9999 -9999 -9999 -9999 -9999 -9999 -9999 -9999 -9999 -9999 -9999 -9999 10.5343373806216 10.4699871183872 6.97449414734729 6.87982573104091 9.26813285076922 12.6036657115134 8.09195108586349 7.47473066532984 7.45536667108536 7.15056305797771 7.21152378059924 7.99971006484702 8.22275459114462 7.37145602935925 8.54979093838483 8.41998045844957 9.06688130320981 8.95715200249106 9.01596117019653 8.54763938346878 8.40348520409316 8.68247015820816 8.8553117364645 6.89739676285535 6.2978301262483 6.20029297005385 6.32723471010104 6.3045238526538 7.07956174574792 6.73387858923525 7.40731527796015 6.89333271468058 6.8715781038627
-9999 -9999 -9999 -9999 -9999 -9999 -9999 -9999 -9999 -9999 -9999 -9999 -9999 -9999 -9999 -9999 -9999 -9999 -9999 -9999 -9999 -9999 10.9811122190457 7.6203192146495 7.98966947523877 7.90891444738954 7.74259925237857 7.74259925237857 7.59432125941385 7.5645580830751 7.49893565813545 7.98063294459134 7.27929776045494 7.26710561593063 7.162396610016 7.78914455706254 7.11972410418093 7.47975096013397 7.54501479258761 7.64542068867013 8.10513625573367 8.24857325013727 8.49026458570734 8.23614204395562 8.88399913534522 8.86965543590486 8.70757163222879 8.56485182279721 8.37838373007253 8.33391826180741 7.20315662259236 7.26387828355655 7.28252509282902 7.31981871137396 7.17446922371164 7.27284309570678 7.38795128371567 7.31981871137396 8.61864069569856 15.0349996639416 -9999 -9999
-9999 -9999 -9999 -9999 -9999 -9999 -9999 -9999 -9999 -9999 -9999 -9999 -9999 -9999 -9999 -9999 -9999 -9999 -9999 -9999 -9999 13.6850364996722 7.93564154068008 7.95524459658191 7.88065735949203 7.85292620724067 7.55505538219586 7.84178593400866 7.98421886945143 7.80836511431262 7.57513656141236 7.7560106113553 7.80951261026785 7.68486586213112 7.9110660023056 7.35998106980696 7.37862787907943 7.58732870593667 8.078600411769 8.26435131952167 8.26435131952167 8.30881678778678 8.64947964949533 8.81514937803149 8.73482466116548 7.06617429293692 8.38627276476473 8.25861383974552 7.68390961550176 8.39487898442894 7.35424359003082 7.39321064017713 7.44054484833032 7.33918270561844 7.85985899530351 6.56191970017524 12.7199997156858 -9999 -9999 -9999 -9999 -9999
-9999 -9999 -9999 -9999 -9999 -9999 -9999 -9999 -9999 -9999 -9999 -9999 -9999 -9999 -9999 -9999 -9999 6.88018432352692 13.4293786780007 13.1506670060626 8.72263251664117 6.83285011537373 7.45429089362733 8.31670582247898 7.72108370321803 7.81276384880766 7.84647154249251 7.77379679866135 7.62121569586452 7.839419223601 7.76088746916503 8.03222245024517 8.14434236753732 7.16669971984811 7.70494704134762 7.08745078044012 7.21044800314121 7.7357859951444 8.47520370129496 8.59282203670591 8.51536605972797 8.39057587459683 8.58493300201371 8.54118471872061 8.81407360057347 8.99516280600801 8.11230810545385 7.9351634173654 7.55146945733577 7.59880366548896 7.71116264443845 7.83420584053518 13.3099997024983 -9999 -9999 -9999 -9999 -9999 -9999 -9999 -9999 -9999
-9999 -9999 -9999 -9999 -9999 -9999 -9999 -9999 -9999 -9999 -9999 -9999 -9999 -9999 -9999 -9999 -9999 8.68203984722495 5.22994170291349 7.31384216994047 7.23734243959188 7.27607042808086 7.68127993727103 7.54214605269954 7.52899766154587 7.93372904742137 7.70458844886161 7.71427044598386 7.83834344614297 7.86989958491176 7.14434745488688 7.32722962275147 7.76805931888521 7.85699025541544 8.57388835344464 8.03987242328003 7.27212591073476 8.06497389730066 8.43504134286195 8.7197637767531 8.6559343142435 8.64517653966323 8.41926327347755 8.98081910656765 6.31169570237398 8.76996672479436 8.62724691536278 5.99039683490992 5.62606686912477 8.57266117027029 7.27007215376943 14.7299996707588 -9999 -9999 -9999 -9999 -9999 -9999 -9999 -9999 -9999 -9999
-9999 -9999 -9999 -9999 -9999 -9999 -9999 -9999 -9999 -9999 -9999 -9999 -9999 6.74965665861964 8.02481153886765 7.97389140585437 8.03126620361581 8.11661121528596 8.12916195229627 8.02624590881169 8.17775123415049 8.11374247539788 7.50198369426653 7.76734213391319 7.92978453007527 7.72335478896275 7.89607683639042 8.04991301288828 7.82633059786167 7.62067780713551 7.54286323767155 7.51883754110895 7.50772117404267 7.69657988334075 7.85268714558333 8.11015655053779 8.61562851881608 8.74687336869538 8.39631335437298 8.64517653966323 8.63513595005497 8.59497359162197 9.14828179753385 8.75992613518611 8.42356638330966 8.92200993886217 8.27008879929781 6.11781669827178 8.07716604182497 8.35184788610786 7.40014342823997 7.19502852624282 6.86999984644353 -9999 -9999 -9999 -9999 -9999 -9999 24.3314360021414 23.6099994722754 -9999
-9999 -9999 -9999 -9999 -9999 -9999 -9999 -9999 -9999 -9999 19.6975884247931 6.86258069239557 7.38914659200236 8.12808617483824 7.95022430177778 8.05708486260846 8.07214574702084 7.8713339548558 7.87229020148516 7.80774355400354 7.87611518800259 7.93874934222549 8.00496942130849 8.49184239264578 8.58292488409206 8.53429974298924 8.00311669346411 8.02696309378371 8.00975065445527 8.03150526527315 7.69347208179533 7.39010283863172 7.63753165397793 7.99947100318968 7.85077465232462 7.88998076412827 8.13669239450246 8.25574509985745 8.8553117364645 8.40683206729591 8.58636737195775 8.7398449559696 8.66310616396368 8.66095460904762 8.28012938890606 7.92512282775715 7.86487929010764 7.9946897700429 8.08505507651716 8.08505507651716 8.42815636713058 7.68878279543983 7.31098709071853 -9999 -9999 -9999 8.41501533172022 6.98680582270026 7.19847101410851 7.34033020157367 8.40440729905718 17.7899996023625
-9999 -9999 -9999 -9999 -9999 -9999 -9999 20.5117447922277 9.5536108375527 7.25001270743087 6.72553316410631 7.3334452258423 7.38293098891154 8.14745016908273 7.72144229570404 7.85149183729663 8.00879440782592 7.98178044054657 8.02218186063692 8.01333657931536 7.95237585669383 7.90432446356863 7.91101818997413 7.91986347129568 8.72005065074191 8.71287880102173 8.34969633119181 8.25144199002534 8.05349893774837 8.08314258325845 8.12736898986623 8.05039113620296 8.01668344251812 8.03198338858783 7.95739615149796 8.05636767763644 8.12019714014605 8.21988585125655 9.15760520217009 8.88471632031724 8.59497359162197 8.76638079993427 8.59425640664995 8.50747702503577 8.79506819881499 8.50102236028761 8.28586686868221 8.42284919833764 8.37408062024042 8.19837030209601 7.89069794910029 8.21450696396641 9.07485998602351 8.2527076105642 5.83644112758338 6.72790204780176 6.81707204598933 6.66287727700546 6.60143843106925 7.06055634398945 7.25914486274123 14.6176880766372
-9999 -9999 -9999 -9999 -9999 8.56007058965042 8.00090537313372 7.77905615512282 8.33033233694732 8.28012938890606 8.24498732527718 7.39153720857576 7.68367055384442 7.7278969604522 7.72215948067605 7.76471245568246 8.30021056812257 8.30594804789871 8.07620979519561 8.32405696844216 8.37067399162333 7.41879023751244 7.41054261033423 8.36350214190315 8.36314354941715 8.43862726772204 8.32029174733907 8.31670582247898 8.2299264408648 8.12306588003412 8.12521743495017 8.14386424422264 8.08433789154515 7.54895930993371 8.18976408243179 8.27224035421386 8.17087821150199 8.22514520771801 8.31168552767485 9.11780143622309 8.74988554557785 8.86033203126863 8.90479749953374 8.54979093838483 8.48380992095917 8.20267341192812 7.97747733071446 7.4240495939739 7.998992879875 8.19980467204005 7.90002135373652 7.66239406634122 7.89069794910029 6.59426658134907 7.7079592182301 7.30547501193359 7.27320168819278 7.16741690482013 5.82950833952054 5.99015777325258 6.11494795838371 5.97007659403607
-9999 -9999 -9999 -9999 -9999 8.32148705562577 6.88090150849894 7.01142917340621 7.00497450865805 7.50007120100781 7.65474409330636 7.67554245749488 7.66526280622929 8.38770713470876 7.74295784486458 7.76351714739576 7.76853744219989 8.20482496684417 8.04202397819608 8.10920030390844 8.18426566431299 8.14864547736943 8.45189518970437 8.38483839482069 8.43073823302984 8.36977751040831 8.46803185157478 8.40205083414912 8.34037292655557 8.24211858538911 8.06353952735662 8.08200704038609 7.63538009906188 7.67482527252287 8.17111727315933 8.21486555645242 8.42571793822572 8.34276354312897 8.35937832831405 8.53473005397245 8.6921521553304 8.3083386644721 8.57776115229353 8.67242956859991 7.80726543068886 8.29519027331844 7.70494704134762 7.87312691728584 5.96003600442782 8.04489271808416 7.18498793663457 7.26244391361251 6.88305306341499 6.77690968755633 7.40086061321199 7.19407227961347 7.24523147428408 7.20052694436163 6.76710815960541 6.85651721945032 7.08494063303806 5.8797112875618
-9999 -9999 -9999 -9999 -9999 7.97066407348029 7.65880814148113 7.70996733615175 7.76351714739576 7.79770296439528 7.88304797606543 8.35973692080006 8.4450819324702 8.58278144709766 8.61720632575452 7.77786084683612 8.53329568402842 8.57130648754537 8.52397227939218 8.35830255085602 8.41926327347755 8.45619829953648 8.3375041866675 8.32029174733907 8.37838373007253 8.53239920281339 8.31527145253494 8.41782890353352 8.39989927923307 8.35399944102392 8.18330941768363 7.84121218603104 7.75730154430494 7.86774802999571 8.39392273779958 8.69968259753659 8.40683206729591 7.93588060233742 8.42571793822572 7.3322499175556 8.2098452616483 8.68964200792834 8.49743643542752 6.97700429474935 6.76949877617881 7.95739615149796 8.05134738283232 7.92440564278513 7.76017028419301 7.37611773167737 5.91700490610674 7.26244391361251 6.99134799418971 7.44245734158903 7.05159153183922 7.42165897740051 6.92130292858928 6.70256151212379 6.41090629016981 6.41520940000191 6.27296771388501 6.11399171175435
-9999 -9999 -9999 -9999 -9999 8.19227422983386 8.4092226838693 8.39523757691495 7.82017476018518 8.00592566793784 7.96791486442089 8.51321450481191 8.52325509442016 8.74558243574575 8.76279487507418 8.7039857073687 8.72980436636135 8.0305490186438 8.65019683446735 8.596407961566 8.50245673023164 8.30809960281476 8.38770713470876 8.51608324469998 8.5526596782729 8.55242061661556 8.50747702503577 8.17685475293547 8.38483839482069 7.56222723191604 7.36500136461109 7.98393199546263 7.87420269474387 7.80654824571684 7.94998524012044 8.24976855842397 8.36188847571611 8.1065706256777 7.10466321976855 7.49791964609176 7.29041412752122 8.61003447603434 8.44221319258213 8.16179386852309 7.86201055021957 7.88496046932414 7.93444623239338 7.28897975757718 7.73506881017238 5.68499556765892 5.78468427876942 5.82950833952054 7.43958860170096 7.85436057718471 7.11470380937681 7.35496077500284 6.8357188552618 7.32985930098221 6.59354939637706 6.32986438833177 6.48812320549041 6.14052755571902
-9999 -9999 -9999 -9999 -9999 8.3773079526145 8.4726935538929 7.83308408968151 7.80774355400354 7.83380127465352 7.90647601848468 8.1022675158456 7.94878993183374 8.41998045844957 7.95404928829521 8.01955218240619 7.99803663324565 8.04560990305617 8.17996255448088 8.57728302897885 8.49815362039953 8.51106294989586 8.45655689202249 8.57178461086005 8.73769340105355 8.67027801368386 8.47520370129496 7.09796949336305 7.6640674979426 8.39989927923307 8.50747702503577 8.54333627363667 7.90037994622253 8.0266045012977 7.51883754110895 7.998634287389 7.21188237308525 7.32340463623405 7.41628009011038 7.47724081273191 8.52301603276283 8.51034576492384 8.50580359343439 7.97532577579841 7.11135694617406 7.55505538219586 7.99971006484702 7.94448682200164 6.88568274164572 7.72502822056413 7.64757224358618 7.52708516828716 8.04417553311214 8.08481601485983 7.29471723735332 7.98178044054657 7.28539383271709 7.78479363489896 7.21104565728456 6.97054963000119 6.75658944668248 6.93158257985488
