EcologicalScience/Bass/data/rs_data_bass/sst_251.asc
NCOLS 226 
NROWS 124 
XLLCORNER -9.41648524995501 
YLLCORNER 47.587301625531 
CELLSIZE 0.0833 
NODATA_value -9999 
[rows 54 to 80 of 124, columns 0 to 61 of 226]
-9999 -9999 -9999 -9999 -9999 -9999 -9999 -9999 -9999 -9999 -9999 -9999 -9999 -9999 -9999 -9999 -9999 -9999 -9999 -9999 -9999 -9999 -9999 -9999 -9999 -9999 -9999 -9999 -9999 -9999 -9999 -9999 -9999 -9999 -9999 -9999 -9999 -9999 14.7543971929699 14.221347071901 13.5313577540219 13.8576769162901 13.7852412341163 13.4675282915123 12.2533341338858 12.2397076194175 11.6143223238178 11.6014129943214 12.0345927174203 12.0023193936795 11.8560136593878 12.1995452609845 11.9148228270933 11.8882869831286 12.1787468967959 12.2784356079064 12.2397076194175 12.2418591743335 12.9762836492638 11.34544294274 11.0799997523427 10.8181715117228
-9999 -9999 -9999 -9999 -9999 -9999 -9999 -9999 -9999 -9999 -9999 -9999 -9999 -9999 -9999 -9999 -9999 -9999 -9999 -9999 -9999 -9999 -9999 -9999 -9999 -9999 -9999 -9999 -9999 -9999 -9999 -9999 -9999 -9999 -9999 -9999 -9999 -9999 15.0199996642768 13.1863917824812 13.1605731234886 13.178502747789 13.3950926093385 13.1333200945519 12.9949033949524 12.3702352843247 12.5108035388403 12.0525223417208 11.0907772942446 11.8567308443598 11.8782463935204 11.9098025322892 11.9965819139034 12.0102084283717 12.2031311858445 12.2239295500331 12.2346873246133 12.993127508355 6.23245881575971 13.6649996945634 -9999 -9999
-9999 -9999 -9999 -9999 -9999 -9999 -9999 -9999 -9999 -9999 -9999 -9999 -9999 -9999 -9999 -9999 -9999 -9999 -9999 -9999 -9999 -9999 -9999 -9999 -9999 -9999 -9999 -9999 -9999 -9999 -9999 -9999 -9999 -9999 -9999 -9999 -9999 -9999 -9999 14.8153075868215 12.8909115740098 13.2480696900748 12.7862025680952 11.8063486000756 12.4096804577857 11.1503036469221 12.4247413421981 10.9200872709043 11.0986663289368 10.7508316175081 11.823740335647 11.7498702835292 11.8660542489961 11.8122653760947 11.7247688095085 12.3845789837651 12.5538346371613 13.1060670656152 13.7249976964667 6.29878534243948 -9999 -9999
-9999 -9999 -9999 -9999 -9999 -9999 -9999 -9999 -9999 -9999 -9999 -9999 -9999 -9999 -9999 -9999 -9999 -9999 -9999 -9999 -9999 -9999 -9999 -9999 -9999 -9999 -9999 -9999 -9999 -9999 -9999 -9999 -9999 -9999 -9999 -9999 -9999 -9999 -9999 -9999 13.020004868973 12.6556749031879 12.5050660590641 11.9549851855263 11.6695455666631 11.1201818780974 11.1244849879295 12.02383494284 12.3200323362835 11.4543900750577 12.0453504920006 11.7197485147044 11.2048097047955 11.8022247864865 11.9234290467575 12.2676778333262 12.1780297118239 12.6076235100627 12.8715475797653 13.2502212449908 16.9025521210084 -9999
-9999 -9999 -9999 -9999 -9999 -9999 -9999 -9999 -9999 -9999 -9999 -9999 -9999 -9999 -9999 -9999 -9999 -9999 -9999 -9999 -9999 -9999 -9999 -9999 -9999 -9999 -9999 -9999 -9999 -9999 -9999 -9999 -9999 -9999 -9999 -9999 -9999 -9999 -9999 -9999 13.1498153489083 12.9870143602602 12.5975829204544 12.4892879896797 11.8301950003952 11.3403576645069 12.5581377469935 12.3723868392408 12.6398968338035 11.8603167692199 11.2693563522771 11.3188421153463 11.8352152951993 12.2346873246133 11.8524277345277 12.3401135155 12.3472853652202 12.6162297297269 12.5868251458742 13.1577043836005 13.7099368120544 15.3149996576831
-9999 -9999 -9999 -9999 -9999 -9999 -9999 -9999 -9999 -9999 -9999 -9999 -9999 -9999 -9999 -9999 -9999 -9999 -9999 -9999 -9999 -9999 -9999 -9999 -9999 -9999 -9999 -9999 -9999 -9999 -9999 -9999 -9999 -9999 -9999 -9999 -9999 -9999 -9999 14.5499996747822 13.3130261575404 13.2817773837596 12.141453278251 12.3501541051082 12.8514664005488 11.7927220856072 11.1273537278175 11.6107363989577 11.3798028379679 12.8500320306048 11.0699789300561 11.2887203465216 12.8564866953529 12.2813043477945 13.0400860481896 11.9965819139034 12.5229956833646 12.5753501863219 12.9059724584222 14.1253064416815 -9999 -9999
-9999 -9999 -9999 -9999 -9999 -9999 -9999 -9999 -9999 -9999 -9999 -9999 -9999 -9999 -9999 -9999 -9999 -9999 -9999 -9999 -9999 -9999 -9999 -9999 -9999 -9999 -9999 -9999 -9999 -9999 -9999 -9999 -9999 -9999 -9999 -9999 -9999 -9999 -9999 14.3207393465564 12.9497207417153 12.7460402096622 12.7560807992704 11.9449445959181 12.0582598214969 12.1084627695382 11.6415753527544 11.3217108552344 12.2110202205367 11.2091128146276 11.7477187286131 12.3229010761715 12.5703298915178 12.0073396884836 12.1450392031111 12.5151066486724 11.8151341159828 12.5349997198209 9.57983484855213 14.5849024779163 15.0926694381051 15.5444959704764
-9999 -9999 -9999 -9999 -9999 -9999 -9999 -9999 -9999 -9999 -9999 -9999 -9999 -9999 -9999 -9999 -9999 -9999 -9999 -9999 -9999 -9999 -9999 -9999 -9999 -9999 -9999 -9999 -9999 -9999 -9999 -9999 -9999 -9999 -9999 -9999 -9999 -9999 -9999 12.8227790016681 12.6413312037475 12.4627521457151 12.6657154927962 12.1048768446781 12.540208122693 11.3511154390872 11.823023150675 12.1177861741744 12.2181920702569 12.419003862422 11.822305965703 11.7183141447604 12.5222784983926 12.5122379087843 12.5437940475531 11.1798106857709 12.302819896955 14.4048890499398 14.2435224312358 14.65016631037 15.0632648542523 15.0862147733569
-9999 -9999 -9999 -9999 -9999 -9999 -9999 -9999 -9999 -9999 -9999 -9999 -9999 -9999 -9999 -9999 -9999 -9999 -9999 -9999 -9999 -9999 -9999 -9999 -9999 -9999 -9999 -9999 -9999 -9999 -9999 -9999 -9999 -9999 -9999 -9999 -9999 -9999 14.9285706861743 13.8476628890882 12.419003862422 11.6552018672228 12.0439161220565 11.9937131740153 12.4441053364426 11.7527390234172 11.303781230934 11.2837000517175 12.1859187465161 12.1615344574675 12.3752555791289 12.0783410007134 12.0898159602657 13.1993011119775 12.7567979842424 12.8543351404369 12.4362163017504 13.3929410544224 14.1560258646496 14.3869594256394 14.5095980558544 14.5598010038957
-9999 -9999 -9999 -9999 -9999 -9999 -9999 -9999 -9999 -9999 -9999 -9999 -9999 -9999 -9999 -9999 -9999 -9999 -9999 -9999 -9999 -9999 -9999 -9999 -9999 -9999 -9999 -9999 -9999 -9999 -9999 -9999 -9999 -9999 -9999 -9999 -9999 -9999 13.6402264327742 13.2071901466697 12.381710243877 12.2002624459565 12.1529282378033 12.0546738966368 11.4780571791343 12.2547685038298 12.6728873425163 12.2942136772908 12.5215613134205 12.897366238758 13.1010467708111 13.4065675688908 13.2071901466697 12.8959318688139 12.4670552555472 13.0902889962308 13.019287684001 14.0427106390707 14.0398418991826 14.2471083560959 14.7570268712007 14.9850916923024
-9999 -9999 -9999 -9999 -9999 -9999 -9999 -9999 -9999 -9999 -9999 -9999 -9999 -9999 -9999 -9999 -9999 -9999 -9999 -9999 -9999 -9999 -9999 -9999 -9999 -9999 -9999 -9999 -9999 -9999 -9999 -9999 -9999 -9999 -9999 -9999 -9999 14.8327953541268 13.3336537634023 12.5602893019095 12.7252418454736 12.0252693127841 12.3723868392408 11.2901547164656 11.0807367046364 12.062562931329 11.6996673354879 12.779030718375 12.7489089495502 13.1620074934326 11.8366496651433 12.658543643076 12.9181646029465 13.1254310598597 13.5492873783223 13.7386242109351 13.9494765927084 14.01402324019 14.0735495928675 14.7900173799135 14.5619525588118 15.2188939931802
-9999 -9999 -9999 -9999 -9999 -9999 -9999 -9999 -9999 -9999 -9999 -9999 -9999 -9999 -9999 -9999 -9999 -9999 -9999 -9999 -9999 -9999 -9999 -9999 -9999 -9999 -9999 -9999 -9999 -9999 -9999 -9999 -9999 -9999 -9999 -9999 -9999 13.6637979121879 12.5183339810465 12.540208122693 11.3616341520101 12.4548631110229 11.4672994045541 11.5002899132669 11.8359324801713 12.220343625173 12.579653296154 13.1691793431528 13.0121158342808 12.342265070416 12.6169469146989 13.8634143960662 13.0293282736093 12.0496536018327 13.4990844302811 13.377162985038 13.77591782948 13.2602618345991 13.5686513725668 13.6590166790411 14.4780419170856 14.2872707145289
-9999 -9999 -9999 -9999 -9999 -9999 -9999 -9999 -9999 -9999 -9999 -9999 -9999 -9999 -9999 -9999 -9999 -9999 -9999 -9999 -9999 -9999 -9999 -9999 -9999 -9999 -9999 -9999 -9999 -9999 -9999 -9999 -9999 -9999 -9999 5.86295913112586 11.2009164149474 12.9195989728905 12.6445585361216 12.6972716315649 12.6377452788875 12.6771904523484 12.6900997818448 11.3719138032757 12.1873531164601 12.2088686656207 12.5072176139802 12.5373393828049 12.5688955215737 12.7202215506695 12.2447279142216 12.938962967135 12.9949033949524 13.2143619963899 12.6305734291673 13.1598559385166 16.1003143237904 13.9860530262813 14.2334818416275 14.1761070438661 14.5390026397072 14.0570543385111
-9999 -9999 -9999 -9999 -9999 -9999 -9999 -9999 -9999 -9999 -9999 -9999 -9999 -9999 -9999 -9999 -9999 -9999 -9999 -9999 -9999 -9999 -9999 -9999 -9999 -9999 -9999 -9999 -9999 -9999 -9999 -9999 -9999 -9999 -9999 15.79267612246 13.803409920074 13.5722372974269 12.63392029237 11.9478133358061 12.0751136683393 12.2698293882422 12.4663380705751 12.1751609719358 12.2440107292496 12.3343760357238 12.3250526310876 12.4677724405192 13.0293282736093 12.2504653939977 12.8313852213323 13.3226569271646 12.9217505278066 15.1443067560904 12.8127384120598 14.4285561540164 12.9927518400364 13.4481642972678 13.5664998176508 13.2652821294032 14.2657551653683 14.2270271768793
-9999 -9999 -9999 -9999 -9999 -9999 -9999 -9999 -9999 -9999 -9999 -9999 -9999 -9999 -9999 -9999 -9999 -9999 -9999 -9999 -9999 -9999 -9999 -9999 -9999 -9999 -9999 -9999 6.35999985784292 14.5239839426461 12.044014868621 14.2449568011798 14.3424939573742 11.3023025903126 12.5536912001669 12.9088411983103 13.3860082663596 13.4056113222614 12.3476439577062 12.499328579288 12.020966202952 12.3042542668991 12.3695180993527 11.9205603068694 11.8144169310108 12.299951157067 11.8029419714585 11.8115481911227 12.1514938678592 12.5545518221334 12.5488143423572 12.8378398860805 12.2762840529904 12.5366221978329 12.7152012558654 12.6284218742512 12.9332254873589 13.3162022624165 13.4331034128554 13.3893551295623 14.4744559922256 15.01693470506
-9999 -9999 -9999 -9999 -9999 -9999 -9999 -9999 -9999 -9999 -9999 -9999 -9999 -9999 -9999 -9999 -9999 -9999 -9999 -9999 -9999 -9999 13.7115667778999 14.8301797383465 14.5081636859104 15.4197057853453 14.8875545361079 14.6990245365887 14.014740425162 14.41206089966 13.6446729796007 13.7959990086965 13.9982451708056 14.093630772084 12.1550797927193 12.6316492066253 11.9528336306103 11.9951475439593 12.0948362550698 11.86390269408 11.8796807634644 11.9219946768135 12.2117374055088 13.0228736088611 12.8234961866401 11.862468324136 12.2518997639418 12.5760673712939 12.1973937060684 12.5158238336444 12.1342814285308 12.5595721169375 12.7446058397181 12.6893825968727 12.7991118975915 12.8665272849612 12.9346598573029 13.2896664184518 12.8017415758222 11.6549997394904 -9999 -9999
-9999 -9999 -9999 -9999 -9999 -9999 -9999 -9999 -9999 -9999 -9999 -9999 -9999 -9999 -9999 -9999 -9999 -9999 -9999 -9999 -9999 15.5337381958961 14.8975951257162 14.2263099919073 14.9463637038134 14.9406262240373 14.4421826684847 14.1431165351532 14.6853083739989 13.7787865693681 14.1409649802372 12.6549577182159 13.4029816440307 11.9700460699387 12.976973770652 12.2698293882422 12.4713583653793 12.8450117358007 12.6470686835237 12.8399914409965 13.2925351583399 12.4060945329256 12.9152958630584 12.9547410365194 12.7546464293264 12.9862971752882 12.9755394007079 12.7467573946342 12.6298562441953 12.5115207238123 12.5660267816857 12.8098696721718 12.5172582035884 12.8019806374796 13.0149845741689 12.2651676859241 12.6699997168034 -9999 -9999 -9999 -9999 -9999
-9999 -9999 -9999 -9999 -9999 -9999 -9999 -9999 -9999 -9999 -9999 -9999 -9999 -9999 -9999 -9999 -9999 6.88018432352692 15.4732555965893 14.6618803315796 13.2301400657743 15.2052674787119 15.0453352299519 14.291573824361 14.3288674429059 14.7627643509768 14.2392193214037 14.3776360210031 14.2298959167674 14.2435224312358 14.3446455122903 14.0003967257217 14.1280556507409 14.172521119006 13.0049439845607 12.3286385559477 11.4371776357293 12.6097750649787 13.4617908117361 13.5614795228466 13.3886379445903 13.5220343493856 13.7371898409911 12.9748222157359 13.7895443439484 13.1820886726491 12.4713583653793 12.459883405827 12.3286385559477 12.4964598393999 12.2475966541097 11.785012347158 10.7399997599423 -9999 -9999 -9999 -9999 -9999 -9999 -9999 -9999 -9999
-9999 -9999 -9999 -9999 -9999 -9999 -9999 -9999 -9999 -9999 -9999 -9999 -9999 7.00499984342605 6.08999986387789 -9999 -9999 15.0378047877457 14.2822504197247 14.1180150611326 14.6057008421049 14.8646046170034 14.0176091650501 14.1524399397895 14.7634815359488 14.4672841425054 14.3016144139692 14.4780419170856 14.2284615468234 14.1531571247615 14.3245643330738 13.5327921239659 13.4739829562604 13.7300179912709 13.4488814822398 12.9812768804841 13.8576769162901 13.1971495570615 13.1498153489083 13.2452009501867 13.2753227190115 13.2480696900748 13.7780693843961 13.2710196091793 14.7197332526557 13.3240912971087 12.261223168578 12.2934964923188 11.7649311679415 11.5103305028751 14.4219221930252 13.5549996970221 -9999 -9999 -9999 -9999 -9999 -9999 -9999 -9999 -9999 -9999
-9999 -9999 -9999 -9999 -9999 -9999 -9999 -9999 -9999 -9999 -9999 -9999 -9999 15.877383895102 14.4177983794361 14.8014923394658 14.4809106569737 14.1653492692858 14.0685292980634 14.6551866051741 14.5103152408265 14.7147129578516 14.0032654656097 14.4342936337925 14.2105319225229 13.9573656274006 13.8705862457864 14.1223181709647 14.4335764488205 14.0348216043785 14.9528183685616 13.7615741300397 13.5801263321191 13.7056337022223 13.9903561361134 13.3499099561013 13.9157688990235 13.735755471047 13.4639423666522 13.1039155106992 13.5112765748054 13.3958097943105 13.4216284533031 13.2215338461101 12.6900997818448 12.0453504920006 12.3745383941568 12.4340647468343 12.2554856888019 12.5351878278889 14.2105319225229 14.4746352884686 16.0199996419251 -9999 -9999 -9999 -9999 -9999 -9999 21.2129005883155 17.8399996012449 -9999
-9999 -9999 -9999 -9999 -9999 -9999 -9999 -9999 -9999 -9999 18.0724179126174 14.7900173799135 14.650883495342 14.1969054080546 14.4565263679251 14.6544694202021 14.9413434090093 14.9571214783937 14.7161473277956 14.3281502579339 13.3986785341986 14.1596117895097 14.1122775813565 14.1008026218042 13.7895443439484 13.7293008062989 13.7063508871943 14.1818445236422 13.7974333786406 13.9050111244433 14.1409649802372 14.0054170205258 12.5151066486724 13.6260261703283 13.3319803318009 13.7328867311589 13.6238746154122 13.7235633265227 14.0656605581753 14.9047669754364 13.378597354982 13.6597338640131 13.4632251816802 12.8708303947933 12.1601000875235 12.5308847180568 12.5301675330848 12.4706411804073 12.5990172903985 11.8703573588282 12.3076352817672 15.0381633802317 7.54372176566725 -9999 -9999 -9999 14.1603289744817 15.5932645485736 15.5588396699168 15.7417218377814 16.0666066301055 17.7899996023625
-9999 -9999 -9999 -9999 -9999 -9999 -9999 20.4575060419308 14.4467248399742 13.6288949102163 13.5277718291618 14.491668431554 14.4787591020577 14.2377849514596 15.5473647103645 15.1385692763142 14.6336710560136 13.6848353380337 14.8072298192419 14.530396420043 14.3948484603316 14.5239417552948 13.6475417194888 14.1890163733624 13.7601397600956 14.1890163733624 13.9688405869529 13.5478530083783 14.1065401015803 14.333170552738 13.6045106211677 13.7156742918305 13.5621967078187 13.2000182969496 12.221777995117 13.3233741121367 12.6563920881599 13.7680287947878 13.7034821473062 14.1144291362725 14.4099093447439 14.6623584548943 13.4797204360366 13.5270546441898 14.3647266915068 13.0443891580217 12.9654988110997 12.9038209035061 12.89808342373 12.5423596776091 12.7546464293264 12.5724814464338 12.5036316891201 9.45610513683948 15.7772224938963 14.0988901285455 14.8348414406646 15.2633594614454 14.6602068999782 15.1514786058106 15.647770606447 15.8828325783655
-9999 -9999 -9999 -9999 -9999 13.6002075113356 14.1825617086142 14.131641575601 14.1122775813565 14.3087862636894 14.3647266915068 14.2765129399486 14.3539689169265 14.3389080325142 14.4034546799958 14.7347941370681 14.1560258646496 14.4213843042962 14.1904507433064 14.3632923215628 14.4751731771976 14.1675008242019 14.1495711999014 14.3188268532977 14.3496658070944 13.8081911532208 14.3582720267586 14.0305184945464 14.1216009859927 13.3549302509055 14.2033600728028 13.4302346729673 13.2444837652147 13.2337259906344 13.0637531522661 13.537095233798 13.6604510489851 13.9222235637717 13.9587999973446 13.8526566214859 14.0412762691267 13.7314523612149 14.0670949281193 14.3023315989412 13.3821832798421 13.4596392568201 13.6532791992649 13.5543076731265 13.2681508692913 12.8837397242896 13.3707083202899 12.9490035567433 13.0816827765666 13.218665106222 14.1459852750413 14.0391247142106 13.5205999794416 13.6224402454682 14.1423993501812 14.6544694202021 14.4751731771976 14.3862422406673
-9999 -9999 -9999 -9999 -9999 14.3668782464229 14.2255928069353 14.6731162294745 14.1882991883904 14.0814386275597 14.6322366860695 14.3905453504995 14.4256874141283 14.571275963448 14.7197332526557 14.6221960964613 14.333170552738 13.8261207775213 13.8505050665699 13.7723319046199 14.1567430496216 13.9129001591355 13.694875927642 13.6088137309998 13.8318582572974 14.1302072056569 13.5335093089379 13.5177312395535 14.1775414138101 14.052034043707 13.0479750828817 13.5815607020631 13.2832117537037 13.3176366323605 13.6841181530617 14.0097201303579 14.1696523791179 13.8519394365139 13.7630084999837 14.0656605581753 13.6116824708879 13.6690572686493 14.1194494310766 14.3998687551357 14.4450514083728 14.1997741479427 13.8383129220456 13.2774742739275 13.0924405511469 13.2086245166138 14.0097201303579 13.8713034307584 13.6669057137333 14.1144291362725 13.5019531701691 13.6697744536214 13.7780693843961 13.7945646387525 13.8583941012621 14.0039826505817 14.2177037722431 13.9494765927084
-9999 -9999 -9999 -9999 -9999 14.3274330729619 14.1897335583344 14.4271217840724 14.1868648184463 14.1825617086142 14.4816278419457 14.4593951078132 13.8418988469057 14.4342936337925 13.8526566214859 14.4780419170856 14.888988906052 14.6171758016571 14.2650379803963 14.1380962403491 14.3597063967027 13.8254035925493 13.5177312395535 13.6518448293209 13.894970534835 14.0269325696863 14.1882991883904 13.5937528465874 13.4782860660926 13.4144566035829 13.1132389153354 12.9418317070231 13.1612903084606 13.6869868929498 13.9308297834359 14.1634367760271 13.8512222515419 14.1947538531385 14.3668782464229 14.1653492692858 14.0878932923079 13.8849299452268 14.0427106390707 14.2636036104523 14.0168919800781 14.1029541767202 14.3898281655274 14.9140903800726 13.9415875580162 14.0642261882313 14.4486373332329 14.7362285070121 13.6030762512237 13.4044160139747 13.0329141984694 13.3549302509055 13.6575823090971 13.4108706787229 13.6532791992649 13.8720206157304 13.6618854189292 13.9523453325965
-9999 -9999 -9999 -9999 -9999 14.611438321881 14.4859309517778 14.1122775813565 14.1610461594537 14.3589892117307 14.2585833156481 14.1617633444257 14.374050096143 14.4766075471416 14.1940366681665 14.0735495928675 14.0183263500221 14.0800042576157 13.6274605402723 14.254997390788 14.1531571247615 13.8462019567378 14.0190435349941 14.2205725121312 13.9702749568969 13.8332926272415 13.6102481009439 13.8992736446671 13.9021423845552 13.5794091471471 13.7436445057392 13.2703024242073 13.4445783724077 13.2631305744871 12.9690847359598 14.3793094526045 14.4837793968618 14.0599230783992 13.8849299452268 14.331018997822 14.254997390788 14.0168919800781 14.1216009859927 13.7085024421103 13.9580828123726 14.6637928248383 15.0288399755955 15.0073244264349 14.3640095065348 14.1954710381106 15.1751457098871 14.5884884027764 14.8983123106882 14.2636036104523 13.53781241877 13.5026703551412 13.6611682339571 13.6848353380337 13.5485701933503 13.7214117716067 13.574388852343 13.9021423845552
-9999 -9999 -9999 -9999 -9999 14.2965941191651 13.8483535116538 14.3876766106114 14.2420880612917 14.689611483831 14.7118442179635 14.5117496107705 14.6637928248383 14.769219015725 14.4744559922256 13.9889217661694 14.7068239231594 14.0957823270001 13.9896389511414 14.1008026218042 14.2098147375509 14.2772301249206 14.0613574483432 13.976012436673 13.8684346908703 13.9501937776804 14.0362559743226 13.9007080146112 13.7321695461869 13.7056337022223 13.497650060337 13.7830896792002 13.0250251637772 13.1734824529849 13.7221289565787 14.2808160497807 14.0584887084551 14.3123721885495 14.3790703909472 14.3697469863109 14.7498550214805 13.9200720088556 14.8746452066116 14.9133731951006 13.8598284712061 13.813211448025 15.0690023340285 15.0539414496161 15.1557817156427 15.0740226288326 15.211004958488 15.5122226467356 15.2052674787119 13.3413037364371 13.1282997997478 12.8851740942337 13.6317636501044 13.4080019388348 13.5801263321191 13.4481642972678 13.5249030892737 13.7013305923901
