EcologicalScience/Bass/data/rs_data_bass/sst_468.asc
NCOLS 226 
NROWS 124 
XLLCORNER -9.41648524995501 
YLLCORNER 47.587301625531 
CELLSIZE 0.0833 
NODATA_value -9999 
[rows 81 to 107 of 124, columns 62 to 123 of 226]
14.2615140344844 -9999 -9999 -9999 -9999 -9999 -9999 -9999 -9999 -9999 -9999 -9999 -9999 -9999 -9999 -9999 -9999 -9999 -9999 -9999 -9999 -9999 -9999 -9999 -9999 -9999 -9999 -9999 -9999 -9999 -9999 -9999 -9999 -9999 -9999 -9999 -9999 -9999 -9999 -9999 -9999 -9999 -9999 -9999 -9999 -9999 -9999 -9999 -9999 -9999 -9999 -9999 -9999 -9999 -9999 -9999 -9999 -9999 -9999 -9999 -9999 -9999
12.7392208745893 -9999 -9999 -9999 -9999 -9999 -9999 -9999 -9999 -9999 -9999 -9999 -9999 -9999 -9999 -9999 -9999 -9999 -9999 -9999 -9999 -9999 -9999 -9999 -9999 -9999 -9999 -9999 -9999 -9999 -9999 -9999 -9999 -9999 -9999 -9999 -9999 -9999 -9999 -9999 -9999 -9999 -9999 -9999 -9999 -9999 -9999 -9999 -9999 -9999 -9999 -9999 -9999 -9999 -9999 -9999 -9999 -9999 -9999 -9999 -9999 -9999
-9999 -9999 -9999 -9999 -9999 -9999 -9999 -9999 -9999 -9999 -9999 -9999 -9999 -9999 -9999 -9999 -9999 -9999 -9999 -9999 -9999 -9999 -9999 -9999 -9999 -9999 -9999 -9999 -9999 -9999 -9999 -9999 -9999 -9999 -9999 -9999 -9999 -9999 -9999 -9999 -9999 -9999 -9999 -9999 -9999 -9999 -9999 -9999 -9999 -9999 -9999 -9999 -9999 -9999 -9999 -9999 -9999 -9999 -9999 -9999 -9999 -9999
-9999 -9999 -9999 -9999 -9999 -9999 -9999 -9999 -9999 -9999 -9999 -9999 -9999 -9999 -9999 -9999 -9999 -9999 -9999 -9999 -9999 -9999 -9999 -9999 -9999 -9999 -9999 -9999 -9999 -9999 -9999 -9999 -9999 11.3199997469783 11.209999749437 11.1449997508898 -9999 -9999 -9999 -9999 -9999 -9999 -9999 -9999 -9999 -9999 -9999 -9999 -9999 -9999 -9999 -9999 -9999 -9999 -9999 -9999 17.2699996139854 13.2736125086936 8.61376383788884 8.49370707357302 8.63083284022287 8.97902614413761
-9999 -9999 -9999 -9999 -9999 -9999 -9999 -9999 -9999 -9999 -9999 -9999 -9999 -9999 -9999 -9999 -9999 -9999 -9999 -9999 -9999 -9999 -9999 -9999 -9999 -9999 -9999 -9999 -9999 -9999 -9999 -9999 -9999 16.4349996326491 10.0913800357375 10.3022113238352 9.62556839641184 9.58215112156736 9.55528426915407 11.0289037907496 10.2213698119158 -9999 9.65915655926801 7.74111365493653 8.6081697951071 8.29554886580445 7.38472395134158 8.16466260841116 8.60106966388412 8.65952023910359 8.77426983462647 8.50078329863027 10.4632404437289 -9999 8.64101686682552 7.60908331675455 8.6200750656426 8.7118747420609 8.86535232607275 8.67350534605794 9.24438458378427 9.07261878298596
-9999 -9999 -9999 -9999 -9999 -9999 -9999 -9999 -9999 -9999 -9999 -9999 13.2324709169334 9.39929653774016 9.15605130139738 9.4407139698742 9.37616732239258 9.28400905348826 11.5010448448164 -9999 -9999 -9999 -9999 -9999 -9999 11.894999734126 -9999 11.7600996060248 8.3083386644721 9.34586625732481 8.4569872030057 9.88692255329806 10.0253990183119 9.85797851469697 18.2749995915219 13.5027665628813 8.38866338133812 8.32602922711521 8.79793693870306 8.36726736300625 8.59162672841921 8.15892512863502 8.30236212303862 8.51493574874476 7.92942593758926 8.55857645429205 7.96289456961676 8.40563675900921 8.47054199897684 8.76118120888714 9.01882991008461 8.74845117563382 8.85065003414638 8.73805199353956 8.86965543590486 8.76171909761615 9.40873947320506 9.36630602902733 9.38000426199287 9.25603883957956 8.50747702503577 9.27522353758104
-9999 -9999 -9999 -9999 -9999 -9999 -9999 -9999 -9999 16.8109421760642 10.7951867496237 9.36666462151334 9.5724967084825 9.20744955772534 9.41883982822765 9.45559555804357 9.26482435548678 9.30821404629387 9.40524917300791 9.40120903099887 9.3492728859419 8.20116433521616 9.31287574861199 9.6016622306779 9.02707753726281 9.2592824716121 -9999 9.38674580072984 8.79721975373104 9.20328988488763 9.29620119801257 8.76183862844482 9.1061471804278 8.91376231168397 11.8059042572125 18.0149995973334 13.6217854244068 8.6921009278324 8.68653420638293 8.17470319801942 8.23566392064095 6.22850224561989 8.13764864113182 8.27678252570331 8.43791008275002 8.83774070465006 9.25478376587853 9.40969571983442 8.72072002338246 9.21533859241754 8.98225347651169 9.15523849176243 9.17990965479985 9.61600593011826 9.35447247698903 9.27952664741315 9.37778098857962 9.50400554365478 9.44806511583738 8.55481123318896 9.28275397978723 9.48033843957819
-9999 -9999 -9999 -9999 -9999 -9999 -9999 -9999 15.5167540625623 9.59157382873818 8.41017893049866 9.27056183526292 9.23972288146615 7.9150822381489 7.94735556188971 7.92512282775715 8.7051810156554 9.55528426915407 9.52014220552519 9.60477003222331 8.35471662599593 8.01763968914747 8.48022399609908 9.36576814029831 9.38584931951482 9.44681004213635 9.47653735922649 8.57345804246143 8.63549454254098 9.01524398522452 8.92272712383419 9.24940487858839 9.33223974285647 8.91483808914199 7.94687743857503 8.83021026244387 8.78000731440261 8.39093446708284 8.5046082851477 8.74522384325974 8.46544998567551 8.0348521284759 8.34682759130374 8.72729421895929 8.73769340105355 8.98870814125985 9.29996641911566 9.24474317627028 8.96253088978119 9.57751700328663 8.9388637857046 9.67003386467695 9.58468885300681 9.50113680376671 9.41937771695666 8.97651599673554 9.39463483542204 9.23470258666202 9.51010161591694 9.36343728913926 9.36702321399935 9.25406658090651
-9999 -9999 -9999 -9999 -9999 -9999 -9999 -9999 7.79029205301777 9.18306526867673 9.273430575151 9.1819894912187 9.18145160248969 9.2777336849831 9.20529800280929 9.29279456939548 8.91483808914199 9.52659687027335 9.19525741320103 9.38871805940289 9.59275718394201 8.99014251120389 9.33098466915544 9.12497328594327 9.29638049425557 9.42959760280792 9.56693852494936 8.79327523638494 9.2935117543675 9.33044678042643 9.04966886388138 9.06903285812587 8.94854578282684 8.55696278810501 9.24904628610238 9.09485151711851 8.835230557248 8.83021026244387 8.71785128349438 8.75514490203932 9.18969922966789 8.53867457131855 8.98990344954655 9.23541977163404 9.04536575404927 9.29112113779411 9.379813012667 9.03819390432909 8.96432385221124 9.67003386467695 9.69011504389346 9.78980375500396 9.19430116657168 9.65497298026457 9.4925305841025 9.37634661863558 9.52014220552519 9.67146823462099 9.63740194845013 9.51583909569308 9.28239538730122 9.08696248242632
12.6176640996709 9.40499978978187 -9999 -9999 -9999 -9999 -9999 -9999 13.3690783544444 8.62581254541874 9.77976316539571 9.58468885300681 9.04411068034824 9.37240210128948 9.58092363190372 9.61642428801861 9.0625781933777 9.11690495500807 9.02169864997268 9.58056503941771 9.68021789127961 9.13501387555152 9.09485151711851 9.3853114307858 9.41184727475047 9.31502730352804 9.41973630944267 9.29781486419961 9.52014220552519 9.46993925748393 9.44340341351926 9.42260504933074 9.37204350880347 9.65855890512466 8.74988554557785 8.85029144166037 9.13931698538363 8.77857294445857 9.17919246982783 9.26783653236926 9.31617479948327 9.71916103526019 9.32721944805235 9.28490553470328 8.97723318170756 9.11529128882103 9.2458189537283 9.51320941746235 9.64278083574027 9.63776054093614 9.79984434461221 9.93324074940756 9.84144107298926 9.71951962774619 9.72525710752234 9.61839654669166 9.61983091663569 9.68939785892144 9.67935726931319 9.6079973645974 8.9112521642819 9.01309243030846
9.40037231519818 9.61283836315852 8.4250007532537 9.85189148258152 13.2083057677373 -9999 16.1899624452926 9.66501356987283 9.75638293530792 8.74486525077373 9.43766593374312 9.831400483381 9.37527084117755 9.59472944261506 9.60082551487722 10.1699117901735 9.58468885300681 9.50508132111281 8.90001626638696 8.6004037064101 9.63274024613202 9.43479719385505 9.51010161591694 9.552415529266 9.47997984709218 9.57966855820268 9.82049927180633 9.53544215159491 9.66716512478888 9.55026397434995 9.61409343685955 9.60477003222331 9.29901017248631 9.44292529020458 9.9587008159142 9.11493269633502 9.03102205460891 9.34156314749271 9.72579499625135 9.31000700872391 9.83247626083903 9.35501036571804 9.66692606313154 9.11134677147493 9.20458081783727 9.20619448402431 9.12461469345726 10.0903042582795 9.40575120248832 9.89020965108648 9.96981718298048 9.59939114493318 9.91029083030298 9.85650195740163 9.49575791647658 9.25980406068265 9.6201895091217 9.67648852942511 9.59186070272699 9.39678639033809 9.41579179209657 9.35232092207298
9.41973630944267 9.59974973741919 8.9349192683585 9.7596819861792 9.23900569649413 10.4058656459674 9.66224728498076 8.21056244662032 9.86008788226172 9.49217199161649 9.88949246611446 10.0616168593988 9.71665088785812 9.48248999449424 8.99516280600801 8.81873530289158 8.70972318714485 9.35232092207298 8.97400584933348 9.7450992250815 9.68652911903337 9.69226659880951 9.69513533869758 9.67505415948108 9.46993925748393 9.46635333262384 10.2462202711962 10.2242744110525 10.4151890506037 10.2346377338981 9.32004759833217 8.15533920377493 9.40443636337295 8.96002074237913 8.94567704293877 10.1301080242265 10.2323068827391 9.63489180104807 9.78299049776979 10.1488265519962 10.1573610531632 9.46635333262384 9.33636355644558 9.37688450736459 9.51852853933815 5.72981962841004 9.66501356987283 10.0726136956364 9.58791618538089 10.230155327823 9.51942502055317 9.59401225764304 9.65389720280655 9.50006102630869 9.57930996571667 9.27629931503907 9.28347116475925 9.21031829761341 9.19310585828498 9.03926968178712 9.17481764149852 9.38818017067388
9.34801781224087 9.2418744363822 8.53975034877658 9.50006102630869 9.3372600376606 9.46922207251191 9.56245611887425 8.80224004853517 9.751792951487 10.0831324085593 9.84287544293329 9.83426922326908 10.4352702298202 9.37778098857962 8.9349192683585 8.22239599865861 9.3333155203145 9.23506117914803 9.94471570895985 10.2652973914519 9.86833550943993 10.1046479577199 10.2851992744254 10.2457541009644 9.87012847186998 10.690014331881 9.99157179379836 10.0953245530836 10.5026856171899 9.80988493422046 9.74856561911292 9.86152225220576 9.55600145412609 9.3014007890597 9.32793663302436 9.4448377834633 10.388653206639 9.8751487666741 10.1666844577994 8.99014251120389 9.39893794525415 9.2497634710744 10.2772504743189 9.68509474908933 9.53950619976968 9.911008015275 10.0149998362176 10.0903042582795 10.1075166976079 10.1548509057611 9.8751487666741 9.78872797754593 9.47316658985801 9.82458722614683 9.85004729265347 9.84251685044728 9.30462812143378 9.10811943910085 9.10309914429672 9.35566778527573 9.24832910113037 8.81228063814342
8.91412090416998 8.7757042045705 8.93563645333052 9.08481092751026 9.57464826339856 9.60261847730726 9.86200037552044 8.84096803702414 9.55169834429398 9.6958525236696 9.77259131567553 9.58110292814672 10.03006072063 9.42834252910689 9.18127230624668 9.05468915868551 8.93993956316262 10.309762859717 9.51990314386785 9.83104189089499 9.89845727826469 10.0587481195107 9.95977659337223 10.1279564693104 10.2825098307803 10.1825820580125 10.0541581356898 10.3215964117553 9.90025024069473 10.5209738339763 10.4144718656316 9.98989836219698 9.36451306659728 9.35375529201701 9.35447247698903 9.44555496843532 9.56102174893022 9.50006102630869 8.77498701959848 9.23972288146615 10.0824152235873 9.57608263334259 9.63489180104807 9.9031189805828 10.18999296939 10.1526993508451 9.95224615116604 9.75860620872118 10.0953245530836 10.0128482813016 10.0142826512456 9.88805809617043 9.7675710208714 9.72991880984046 9.37132632383145 9.57859278074466 9.00520339561626 8.99157688114792 8.56485182279721 8.79327523638494 8.63477735756896 8.7118747420609
9.54237493965775 9.31215856363997 9.52803124021739 8.74988554557785 9.78191472031176 8.93061615852639 9.29853204917163 8.94854578282684 8.96360666723922 9.27486494509503 9.86223943717778 9.72453992255032 10.0730918189511 10.6848506000824 9.89379557594657 10.7149723689072 9.67505415948108 10.0814589769579 10.4402905246243 10.5055543570779 10.550019825343 10.3603244002443 10.4897762876935 10.1127760540694 10.3208792267833 10.3866809479659 10.5457167155109 10.4202093454078 10.2803582758643 10.2452162122354 10.0372325703502 10.469695108477 10.070223079063 10.3963988043368 10.3821985418908 9.99133273214102 10.0020905067213 10.0372325703502 10.10823388258 9.95941800088622 9.66608934733085 9.86044647474773 9.95977659337223 9.96228674077429 9.69370096875355 9.80414745444432 9.88805809617043 10.028626350686 9.51512191072106 9.99527724948712 9.89702290832065 9.75286872894503 9.72023681271821 9.50543991359882 9.13142795069143 9.28992582950741 8.65234838938341 8.42249060585164 8.436834305292 8.53293709154241 8.41460157115944 8.37443921272643
10.0608996744268 8.61003447603434 10.1813867497258 9.22035888722166 9.70302437338978 9.37598802614957 9.88016906147823 8.90981779433787 9.10274055181071 9.04966886388138 10.070940264035 10.5112918368541 10.7142551839352 10.7257301434875 10.8031861204654 10.6332132820971 10.4171015438624 9.81490522902459 9.58468885300681 10.4553514090367 10.4926450275816 10.0777535212692 10.2896816805005 10.3131694883341 10.6461226115935 10.2753379810601 9.60979032702744 9.96479688817635 10.1849726745859 9.43981748865917 9.36020995676517 9.55743582407013 10.0042420616373 10.1187047831714 10.1056520166807 9.67122917296365 9.76434368849732 9.52970467181876 9.78083894285373 9.56532485876232 9.76326791103929 9.83032470592298 9.93252356443554 9.84861292270944 10.18999296939 9.77043976075947 9.77474287059158 9.77294990816154 9.73529769713059 9.72023681271821 9.44770652335137 9.57464826339856 9.54237493965775 9.10345773678273 8.94998015277088 8.8632007711567 8.63764609745704 8.56126589793712 8.55337686324492 8.38017669250257 8.30044962977991 9.08445233502425
10.1663258653134 10.1125369924121 9.1500747599639 7.21708196413238 9.03030486963689 9.64995268546045 9.19023711839691 10.1648914953694 10.4775841431692 10.50985746691 10.6253242474049 10.7809533863328 10.7658925019205 10.8024689354934 10.6174352127127 10.2459333972074 10.5679494496435 10.5808587791398 10.6497085364535 10.6016571433283 10.3624759551603 9.91602831007913 9.99240850959904 9.97268592286855 10.2452162122354 10.0350810154341 9.96407970320433 8.83236181735992 10.0023773807101 8.20482496684417 10.0623340443708 9.75717183877714 9.67218541959301 9.66955574136227 9.28347116475925 9.24115725141019 9.40790275740437 8.8076189358253 8.78933071903884 9.37276069377549 9.21916357893497 9.73529769713059 9.17374186404049 9.19525741320103 9.58755759289488 9.3652302515693 9.64493239065632 9.45989866787568 9.68939785892144 9.42941830656491 9.26303139305674 8.95284889265895 8.84885707171634 8.83845788962208 8.80510878842324 8.82518996763974 8.0466856805142 17.6799996048212 -9999 -9999 -9999 -9999
10.3362987036817 10.2552568018436 10.7047524830559 9.23470258666202 9.47997984709218 10.4051484609954 10.3398846285418 10.4496139292605 10.5392620507628 10.6303445422091 10.7902767909691 10.6002227733843 10.7307504382916 10.8519546985626 10.626041432377 10.4876247327775 10.6862849700265 10.5930509236641 10.5306558310986 9.57321389345452 9.6399120958522 9.60441143973731 9.91136660776101 9.86510817706585 9.67200612335 9.61875513917767 9.66842019848991 8.66167179401964 9.02026428002864 8.00975065445527 9.79338967986405 9.65454266928136 8.45512252207845 9.14242478692904 9.11015146318823 8.99492374435067 9.02169864997268 8.98870814125985 8.99767295341007 9.11242254893295 9.29566330928355 9.59508803510107 8.16466260841116 8.65378275932744 8.72980436636135 9.62915432127193 9.51763205812313 9.28347116475925 9.43121126899496 9.08086641016416 8.92129275389016 8.73374888370745 8.59138766676188 8.18952502077445 18.9031902858607 17.8949996000156 -9999 -9999 -9999 -9999 -9999 -9999
10.2411521640606 10.2609942816198 10.6922017460456 10.5533368058386 10.7450941377319 10.5034028021619 9.85865351231769 10.3800469869748 10.3438291458879 10.4263054176699 10.7013458544388 10.7680440568365 10.7823877562769 10.6461226115935 10.6776787503622 10.1799523797818 10.3176518944092 10.3599658077583 10.1627399404533 9.72669147746637 9.8550675874576 10.2265694029629 9.31335387192667 9.20625424943864 9.00179676699918 9.68150882422924 9.32162540527061 9.49002043670043 9.35363576118834 16.8199996240437 17.8049996020272 10.9798526852392 17.634999605827 -9999 -9999 17.19999961555 8.86642810353078 7.85770744038746 7.24021117947996 8.96755118458532 9.46300646942109 9.54930772772059 8.10011596092954 8.69466230273247 9.49934384133667 9.43455813219771 9.21749014733359 8.97149570193142 8.95177311520092 8.66489912639372 8.64338357723318 8.59855951648206 8.78574479417875 17.4649996096268 -9999 -9999 -9999 -9999 -9999 -9999 -9999 -9999
10.4116031257436 10.787408051081 10.5227667964064 10.468260738533 10.509140281938 9.69370096875355 10.230155327823 10.4121410144726 10.0149998362176 10.0250404258259 9.95647754250094 10.3543179761036 10.5112918368541 10.4022797211073 10.5299386461265 10.6532944613136 10.1699117901735 10.0171513911337 10.0903042582795 9.3014007890597 9.7809584736824 9.62485121143982 9.99176304312423 9.10360117377713 9.10489210672677 8.6401562448591 9.2375713265501 9.28705708961934 9.33188115037046 -9999 -9999 -9999 -9999 -9999 16.3799996338785 8.40205083414912 9.13788261543959 9.20936205098405 8.99731436092407 9.46539708599448 9.40933712734841 8.26937161432579 8.35399944102392 8.50030517531559 8.6401562448591 9.06998910475522 8.68964200792834 9.04106264421716 8.88973661512136 8.08469648403116 8.77283546468243 8.40013834089041 9.47495955228806 -9999 -9999 -9999 -9999 -9999 -9999 -9999 -9999 -9999
10.2000335589983 10.7970900482032 10.4551123473793 10.4833216229454 10.5457167155109 10.7547761348542 10.6999114844948 9.51010161591694 10.0422528651543 10.4460280044004 10.2188596645137 10.7221442186274 10.6578844451346 10.3119144146331 10.4818872530013 10.3750266921706 9.84430981287733 10.0099795414135 10.10823388258 11.7892399638352 9.93949050416372 10.0049592466094 9.82183801708743 8.88912188514535 9.31670073512942 9.12425610097125 8.53520817728713 8.90157016715966 9.50257117371075 15.8149996465072 -9999 -9999 -9999 -9999 -9999 14.3849996784702 8.7981760003604 9.43802452622913 9.58540603797883 9.2789289932698 8.88591162860394 8.69394511776045 8.89882095810026 8.8793374330271 9.01954709505662 8.74271369585767 9.20242926292121 8.98978391871788 8.76638079993427 8.26387319620699 8.19550156220794 8.32746359705925 8.49480675719678 18.1849995935336 -9999 -9999 -9999 -9999 -9999 -9999 -9999 -9999
10.7583620597143 10.7400738429278 10.5593432299793 10.7533417649101 10.6507843139116 10.6518600913696 10.5960989597952 10.6191769476448 10.2000335589983 10.3549455129541 10.4947965824977 10.0776339904405 10.4947965824977 10.4159062355757 10.3463392932899 10.0006561367773 9.93324074940756 10.0329294605181 10.0422528651543 10.1270241288468 9.83498640824109 9.90025024069473 9.86223943717778 8.90145063633099 8.07501448690891 8.6322672101669 8.70972318714485 8.97257147938944 9.17828403552994 9.25693532079458 18.8153172205202 24.7149994475767 -9999 -9999 -9999 -9999 8.6163457037881 9.54309212462977 8.92119029889415 8.6839045281522 8.56126589793712 8.18244879571721 8.7051810156554 8.70183415245265 8.28586686868221 8.24857325013727 8.80224004853517 6.71284116338938 8.78789634909481 7.56509597180411 7.84300514846109 8.02505060052499 17.391529800836 9.86999977938831 -9999 -9999 -9999 -9999 -9999 -9999 -9999 -9999
10.5600604149513 10.8300805569161 10.4879833252635 10.4280983801 10.627834394807 10.7135379989631 10.6224555075169 10.5722525594756 10.4718466633931 9.72525710752234 10.3599658077583 10.4474623743445 10.2344584376551 9.97985777258873 9.83498640824109 9.87299721175805 9.9985045818612 9.6399120958522 10.0637684143148 10.1577196456492 9.65891749761067 9.66764324810356 8.98727377131581 8.83415477978997 8.76494642999023 8.7039857073687 9.18975899508223 9.12497328594327 9.17421998735517 8.74199651088566 18.3811587663419 18.7249995814636 -9999 -9999 -9999 -9999 -9999 -9999 -9999 -9999 -9999 -9999 -9999 -9999 -9999 -9999 10.8962856946455 8.73231451376341 8.01620531920344 9.27271339017898 18.7196509243093 -9999 -9999 -9999 -9999 -9999 -9999 -9999 -9999 -9999 -9999 -9999
10.5801415941678 10.1971648191102 10.4173406055197 10.4438764494844 10.3649861025624 10.2552568018436 10.50985746691 10.0759605588391 10.4919278426096 10.1555680907331 10.1394314288627 10.1179158797022 9.76326791103929 9.83383891228586 9.29494612431154 9.43192845396698 9.7833490902558 9.68222600920126 9.98989836219698 9.82207707874477 9.77641630219296 9.3853114307858 9.16119112703018 9.37877707881853 16.3675015851157 17.0449996190146 8.76853235485032 9.06472974829376 9.01990568754263 9.17684966558591 8.13454083958641 18.4326241868319 18.516766632009 -9999 -9999 -9999 -9999 -9999 -9999 -9999 -9999 -9999 -9999 -9999 -9999 -9999 -9999 -9999 -9999 -9999 -9999 -9999 -9999 -9999 -9999 -9999 -9999 -9999 -9999 -9999 -9999 -9999
10.5048371721059 10.5148777617142 10.4453108194284 10.4187749754637 10.3434705534019 10.270317686256 10.2401959174313 10.5198980565183 9.92571030720137 9.97770621767268 10.3140659695491 10.0438306720927 9.36020995676517 9.58468885300681 9.87084565684199 9.37072866968811 9.37025054637343 9.62126528657973 9.84502699784935 9.89522994589061 8.60381887294352 9.65389720280655 9.36331775831059 9.05540634365752 9.08050781767815 8.97221288690343 8.43623665114865 9.28382975724526 8.90957873268053 9.01631976268254 8.28514968371019 8.82698293006979 -9999 -9999 -9999 -9999 -9999 -9999 -9999 -9999 -9999 -9999 -9999 -9999 -9999 -9999 -9999 -9999 -9999 -9999 -9999 -9999 -9999 -9999 -9999 -9999 -9999 -9999 -9999 -9999 -9999 -9999
10.4503311142325 10.4912106576376 8.8261462142691 10.5249183513224 10.508423096966 10.3807641719468 10.6924527607858 10.3825571343768 9.911008015275 10.0741675964091 10.549302640371 9.23004088434391 8.97149570193142 9.50615709857084 9.94399852398783 9.54129916219972 9.5086672459729 9.56998656108044 9.62485121143982 9.75753043126315 9.42977689905092 8.72621844150126 9.43515578634106 9.00484480313025 9.25585954333656 9.28275397978723 7.77260149037465 8.97986285993829 8.81801811791956 8.85818047635257 8.89719533883035 10.9099570331746 22.7735269623143 -9999 -9999 -9999 -9999 -9999 -9999 -9999 -9999 -9999 -9999 -9999 -9999 -9999 -9999 -9999 -9999 -9999 -9999 -9999 -9999 -9999 -9999 -9999 -9999 -9999 -9999 -9999 -9999 -9999
10.5693838195875 10.4058656459674 10.6841334151104 10.6033305749297 10.6009399583563 10.5564744900912 10.5822931490839 10.4732810333371 9.36451306659728 9.71880244277418 9.57823418825865 8.8033158259932 9.00018310081214 9.09556870209053 9.61983091663569 9.31502730352804 9.4247566042468 9.17661060392857 9.74175236187875 9.68294319417328 8.80797752831131 9.23972288146615 9.16226690448821 8.92380290129222 8.76422924501821 8.22347177611664 8.94400361133739 8.56987211760134 8.98081910656765 9.2217932571657 9.6043397212401 14.7538712573238 13.6305171839612 -9999 -9999 -9999 -9999 -9999 -9999 -9999 -9999 -9999 -9999 -9999 -9999 -9999 -9999 -9999 -9999 -9999 -9999 -9999 -9999 -9999 -9999 -9999 -9999 -9999 -9999 -9999 -9999 -9999
