EcologicalScience/Bass/data/rs_data_bass/sst_238.asc
NCOLS 226 
NROWS 124 
XLLCORNER -9.41648524995501 
YLLCORNER 47.587301625531 
CELLSIZE 0.0833 
NODATA_value -9999 
[rows 54 to 80 of 124, columns 124 to 185 of 226]
5.5490890154615 5.61148410802707 5.68320260522887 5.67387920059264 5.63443402713165 5.71404155902565 5.81014434527606 5.65021209651604 5.50247199228033 5.33034759899601 5.33751944871619 5.22492140810937 5.18977934448048 5.11017181258649 2.88618121435866 5.16969816526398 5.05996886454523 5.02482680091634 5.06498915934935 5.07574693392962 4.23114209854975 5.06498915934935 5.13025299180299 5.20842615375295 5.27512435615063 5.33967100363225 5.2701040613465 5.21488081850111 5.25217443704605 5.30022583017126 5.28731650067493 5.23639636766165 5.25934628676623 5.28731650067493 5.31241797469556 5.37122714240104 5.32532730419189 5.27655872609466 4.86704610707238 4.57335886103101 4.63862269348465 4.58985411538742 4.51885280315764 4.37039551394992 4.26030762074515 4.11991866247263 4.19558167702053 4.14376506279223 4.07563249045052 4.33977171564475 5.5968330435987 12.302205166979 6.25465559093282 5.37415564770345 4.40460523711517 4.96912543475628 3.11869258228689 3.48757341271266 5.67575491513484 10.1517670103814 17.0516504974834 16.4417365578222
5.41927853552625 5.49888606742024 5.60646381322294 5.65021209651604 5.5928372987546 5.62009032769129 5.71332437405363 5.64949491154402 5.54263435071334 5.39489424647763 5.35473188804463 5.27512435615063 5.14029358141124 5.11519210739061 4.35927914688364 5.0549485697411 4.97032074304298 5.02482680091634 5.06785789923742 5.13025299180299 5.12021240219474 5.15965757565573 5.09224218828604 5.12810143688694 5.12738425191492 5.23783073760569 5.21488081850111 5.2701040613465 5.26006347173825 5.3217413793318 5.32102419435978 5.26866969140247 5.3059633099474 5.31958982441574 5.31456952961162 5.36692403256893 5.36190373776481 5.32317574927583 4.89770576462615 4.82885600731242 4.63503676862456 4.50235754880123 4.46829126263037 4.17980360763613 4.07366023177747 3.92843027494382 4.04138690803666 4.07007430691738 4.77996789838653 7.79589913552627 9.22126480508106 9.50685720771019 9.38272956488654 5.70017598289996 5.78032140352298 7.57780970539898 14.8377225458108 17.0439863099717 -9999 -9999 -9999 -9999
5.44868311937898 5.46015807893127 5.48597673792392 5.48669392289594 5.45800652401522 5.53474531602114 5.62511062249541 5.70400096941739 5.49530014256015 5.4135410557501 5.36262092273682 5.37266151234508 4.19910783646628 3.90960416942835 4.44032104872167 4.54311756137758 4.27321695024148 4.21106091933325 4.14101585373282 4.97964414767921 5.02984709572047 5.0348673905246 5.13670765655115 5.16611224040389 5.20842615375295 5.23854792257771 5.25002288213 5.25002288213 5.25145725207403 5.25360880699009 5.27512435615063 5.26723532145843 5.37481306726113 5.33034759899601 5.35186314815655 5.35401470307261 5.36477247765288 4.91724905511364 4.68577760539483 4.68774986406788 4.63862269348465 4.64758750563487 4.04999312770087 4.14824746886734 4.35641040699556 4.1148983676685 4.2662243967643 18.979238238465 15.3720500804805 5.04099606210366 9.93271229732292 10.1137920661131 6.27687807956577 7.78312020329759 16.4771950265858 -9999 -9999 -9999 -9999 -9999 -9999 -9999
5.31958982441574 5.45011748932302 5.38341928692535 5.34253974352032 5.42501601530239 5.41497542569414 5.5490890154615 5.53833124088123 5.43505660491064 5.63013091729954 5.25504317693412 5.13240454671904 5.15248572593555 3.8321481924504 4.29186375951394 4.09368164557964 4.93517867941409 4.96530044823885 4.9552598586306 4.99972532689571 4.96243170835078 4.97749259276316 5.13527328660712 5.25217443704605 5.24715414224193 5.28157902089879 5.26866969140247 5.23854792257771 5.21129489364102 5.24500258732587 5.25074006710202 5.30166020011529 5.32102419435978 5.34899440826848 5.33321633888409 5.30381175503135 5.29305398045108 5.19479963928461 4.63073365879245 4.82598726742435 4.64722891314887 4.29724264680408 4.46470533777028 4.18758506458253 4.47202062448487 4.18123797758017 6.85264442060143 6.84927365123294 6.70578884449787 4.84206416388042 3.92849004035816 4.22373118717223 5.1983855641447 6.71308022504672 17.239999614656 -9999 -9999 -9999 -9999 -9999 -9999 -9999
5.22276985319331 5.24500258732587 5.26723532145843 4.14484084025025 5.25360880699009 5.26651813648641 5.41999572049826 5.37409588228911 5.39489424647763 4.10414059308823 4.25708028837107 4.97247229795903 4.94521926902235 4.99972532689571 3.85677154315636 4.96530044823885 4.9753410378471 4.91509750019759 4.9272896447219 4.95741141354665 4.93517867941409 4.9753410378471 5.21201207861304 5.30668049491942 5.29520553536713 5.29233679547906 5.30022583017126 5.31026641977951 5.30524612497538 5.28229620587081 5.25217443704605 5.31528671458364 5.30166020011529 5.32604448916391 5.28229620587081 5.28659931570292 5.25432599196211 5.23783073760569 5.11519210739061 4.96530044823885 5.12207708312198 4.09983748325612 4.30477308901027 4.49267555167899 4.174604016589 7.30475782696158 7.73869692238376 7.70705640891238 4.24446978594642 4.0312387406826 4.46958219558001 4.1824930512812 4.15631579980254 17.8375514815096 15.2549996590242 -9999 -9999 -9999 -9999 -9999 -9999 -9999
13.1706905543438 3.06619464233518 4.81756034400314 3.90852839197032 4.86891078799963 5.11676991432905 4.20956678397488 5.20484022889286 5.19479963928461 4.22193822474219 5.15535446582362 4.10037537198514 4.18667663028464 3.97379222442396 3.71142205549404 4.1905613822164 5.03988768532872 4.90936002042145 4.98968473728746 5.11519210739061 5.10371714783832 5.29090242553502 5.37409588228911 5.40350046614185 5.39991454128176 5.38987395167351 5.42214727541432 5.41282387077808 5.37696462217718 5.37122714240104 5.31743826949969 5.31098360475153 5.30166020011529 5.30452894000337 5.29161961050704 5.26795250643045 5.26508376654238 5.19121371442452 5.0750297489576 5.42888881415129 4.47187718749046 3.94026382698212 4.30118716415018 4.2423779964447 3.63406170317903 15.6477284190957 5.86847538966686 5.44013206778954 4.08172856271267 4.80895412433892 4.18876841978636 3.35181355744135 4.37962927046465 5.20398857173859 17.3349996125326 -9999 23.7447889405303 23.7449994692579 -9999 -9999 -9999 -9999
-9999 -9999 -9999 -9999 -9999 15.5299996528774 3.8995635798201 4.16755169769749 3.90974760642275 4.3007090408355 4.2222968172282 4.35246588964947 3.32402263977565 3.3498412987683 4.16492201946676 3.98383281403221 4.01861628517509 5.08722189348191 5.09009063336998 5.25647754687816 5.26006347173825 5.3497115932405 5.47019866853952 5.52757346630096 5.50534073216841 5.45298622921109 5.55984679004177 5.54335153568536 5.58853418892249 5.43792534479871 5.39202550658956 5.41640979563817 5.36477247765288 5.31026641977951 5.29018524056301 5.26149784168229 5.29520553536713 5.13527328660712 4.22731711203232 4.25982949743047 4.11579484888352 4.20293282298371 4.23592333169654 4.20365000795573 4.49124118173495 14.0736001892334 -9999 18.0680308253504 20.1116820024326 16.7749996250495 3.97749768011272 3.89927670583129 4.02994780773297 6.36639300957322 5.37499987985939 5.37499987985939 1.86705272833828 -9999 -9999 -9999 -9999 -9999
-9999 -9999 -9999 -9999 -9999 -9999 -9999 4.73819187376648 4.41808831458911 5.41899166153744 3.92986464488786 3.97295550862327 4.73723562713712 4.70926541322842 4.61208684951998 4.66236151605844 4.24333424307406 5.24715414224193 5.35258033312857 5.44007689971477 5.48741110786796 5.49099703272805 5.61937314271927 5.65021209651604 5.73125399835408 5.78217413136736 5.87612536270171 5.88473158236593 5.77069917181507 5.66527298092842 5.5447859056294 5.49888606742024 5.41497542569414 5.33967100363225 5.31241797469556 5.26006347173825 5.10013122297823 5.15535446582362 4.8319040434435 4.12458036479075 3.98150196287315 3.87858591938857 3.80095064616762 4.16492201946676 13.5460600459483 17.0799996182323 -9999 -9999 -9999 -9999 -9999 -9999 -9999 -9999 -9999 -9999 -9999 -9999 -9999 -9999 -9999 -9999
-9999 -9999 -9999 -9999 -9999 -9999 -9999 -9999 12.7099997159094 12.0863289574707 3.85557623486966 3.84457939863205 3.89310891507193 4.04252245090902 4.04586931411177 2.65070548187941 2.76378164580092 5.25504317693412 5.28516494575888 5.21990111330524 5.45155185926706 5.5727561195381 5.75850702729076 5.84600359387696 5.97222814895213 6.09630114911124 6.10705892369151 6.12283699307591 6.02888576174155 5.82448804471642 5.77356791170314 5.66096987109631 5.53259376110509 5.37266151234508 5.25504317693412 4.93718679733574 4.75253557320684 4.55770032247528 4.20125939138234 4.10772651794832 4.02973265224136 4.03851816814858 3.71668141195551 3.4018372092396 12.9663263322212 -9999 -9999 -9999 -9999 -9999 -9999 -9999 -9999 -9999 -9999 -9999 -9999 -9999 -9999 -9999 -9999 -9999
-9999 -9999 -9999 -9999 -9999 -9999 -9999 -9999 -9999 14.5749996742234 4.74548325431533 4.70065919356421 4.56762138125487 3.66647846391425 3.52399771614 5.12308114208281 5.00115969683975 5.02081056507304 5.08507033856586 5.30481581399217 5.39991454128176 5.50032043736428 5.7800225764513 6.20316170994192 6.28133487189189 6.3415784095414 6.31719412049279 6.19096956541762 6.16299935150892 5.97868281370029 5.87612536270171 5.78647724119946 5.63515121210366 5.45513778412715 5.08554846188053 5.02367930496112 4.83003936251625 4.71313821207732 4.27590639388654 4.12960065959487 4.00696202937979 3.90960416942835 3.84347971500829 5.70184941450134 8.09675415637321 16.0649996409193 -9999 -9999 -9999 -9999 -9999 -9999 -9999 -9999 -9999 -9999 -9999 -9999 -9999 -9999 -9999 -9999
-9999 -9999 -9999 -9999 -9999 -9999 -9999 -9999 -9999 15.4649996543303 4.80967130931094 4.851626630174 3.65667693596333 2.37554551428184 5.04741812753491 4.82473219372332 4.80034790467471 5.51573991426267 5.39489424647763 5.64375743176788 5.28301339084283 5.83524581929669 6.36094240378588 6.41473127668723 6.51155124790967 6.50366221321747 6.4412671206519 6.17232275614515 6.01956235710531 5.92130801593885 5.74129458796233 5.70758689427748 5.57132174959406 5.30022583017126 4.50749737443402 4.68918423401192 4.46986906956881 4.51863764766604 4.61818292178214 4.23377177678049 4.05339975631796 3.73443174001295 3.47983107494656 4.48478651698679 13.4375174136699 0.117371159930842 13.6582737269443 -9999 -9999 -9999 -9999 -9999 -9999 -9999 -9999 -9999 -9999 -9999 -9999 -9999 -9999 -9999
-9999 -9999 -9999 -9999 -9999 -9999 -9999 -9999 -9999 8.70951354431795 4.8039338295348 4.80716116190888 4.57407604600303 4.59559159516357 4.42119611613452 4.47952716052532 4.71691538626328 4.51777702569962 5.38341928692535 5.82807396957651 6.56964323064312 6.6284523983486 6.69156467588618 6.43696401081979 6.48142947908491 6.29209264647216 6.1823633457534 6.07908870978281 5.85891292337328 5.63013091729954 5.54980620043352 5.5211188015528 5.38270210195333 4.88593197800219 4.77381206071004 5.07813755050302 4.6088595171459 4.41722769262269 5.03386333156377 4.87601091922261 5.39790642336011 4.42210455043241 4.82344126077369 6.01401612665504 16.1099996399134 -9999 -9999 -9999 -9999 -9999 -9999 -9999 -9999 -9999 -9999 -9999 -9999 -9999 -9999 -9999 -9999 -9999
-9999 -9999 -9999 -9999 -9999 -9999 -9999 -9999 -9999 4.76652068016119 4.85808129492216 5.0033112517558 4.45442568650469 3.84326455951668 4.84481337293983 2.71047089621425 5.38485365686938 5.34469129843637 6.49548630453646 6.54525894159451 6.77404094766825 6.82424389570951 6.78695027716458 6.63060395326465 6.48644977388903 6.22180851921439 6.12570573296398 5.96433911425993 5.71906185382977 5.62511062249541 5.47880488820374 5.40063172625378 5.18977934448048 4.67005930142477 5.11853897059336 5.00797295407392 4.64687032066286 4.61047318333294 5.18748435257003 5.74248989624903 5.64375743176788 5.17586595602334 6.27729255659506 13.9829793764012 -9999 -9999 -9999 -9999 -9999 -9999 -9999 -9999 -9999 -9999 -9999 -9999 -9999 -9999 -9999 -9999 -9999 -9999
-9999 -9999 -9999 -9999 -9999 -9999 -9999 -9999 9.98051259365014 4.95705282106064 4.96135593089275 3.52555161691271 5.33967100363225 4.68272956926376 4.70042013190687 5.45011748932302 6.0747855999507 6.01741080218926 6.43122653104365 6.62199773360044 6.88520461833104 6.7439191788435 6.69801934063435 6.45274208020419 6.26340524759144 6.12211980810389 5.97939999867231 5.78145694639534 5.61937314271927 5.53904842585325 5.4214300904423 4.82616656366736 4.93446149444208 5.14531387621537 4.52184107387438 4.54072694480419 5.18368327221833 3.87231055088341 5.6208075126633 5.75492110243067 5.59451073035598 5.53163751447573 13.7337694203553 -9999 -9999 -9999 -9999 -9999 -9999 -9999 -9999 -9999 -9999 -9999 -9999 -9999 -9999 -9999 -9999 -9999 -9999 -9999
-9999 -9999 -9999 -9999 -9999 -9999 -9999 -9999 8.4450819324702 5.10479292529635 5.05674153217115 4.90326394815929 5.42107149795629 5.49530014256015 5.86034729331732 5.74721136398148 6.41975157149136 6.6800897163339 6.92823571665213 6.95262000570074 6.87229528883472 6.68869593599811 6.4254890512675 6.53736990690231 6.27990050194785 6.06044190051034 5.84241766901687 5.63299965718761 5.54406872065738 5.4372081598267 5.42501601530239 5.23998229252174 5.0750297489576 4.16659545106813 4.26030762074515 4.45848973467946 4.20113986055367 3.72492903913371 3.8719519583974 4.42870265217498 5.42668944690377 14.0459103874074 17.4099996108562 -9999 -9999 -9999 -9999 -9999 -9999 -9999 -9999 -9999 -9999 -9999 -9999 -9999 -9999 -9999 -9999 -9999 -9999 -9999
-9999 -9999 -9999 -9999 -9999 -9999 -9999 6.96474386736567 5.16522955120756 4.58806115295738 4.87672810419463 4.71787163289264 5.2023300814908 5.25097912875935 6.03534042648971 6.05111849587411 6.86010314431041 7.00999480346218 6.9311044565402 6.9511856357567 6.77834405750036 6.84504225989804 6.37026580842212 6.09486677916721 6.12857447285205 6.02745139179751 5.60216070339084 5.53474531602114 5.49027984775603 5.37696462217718 5.25504317693412 5.07144382409751 5.09511092817411 4.96243170835078 4.83477278333157 5.14208654384129 4.74249498359859 4.24435025511775 5.75119174057618 3.98688085016329 13.1134779769927 11.4789872777555 -9999 -9999 -9999 -9999 -9999 -9999 -9999 -9999 -9999 -9999 -9999 -9999 -9999 -9999 -9999 -9999 -9999 -9999 -9999 -9999
-9999 -9999 -9999 3.8400372271426 -9999 10.8118423762905 5.29126101802103 5.27620013360865 5.18942075199448 4.71121205815247 5.20412304392084 5.70113222952932 5.64519180171192 6.2103335596621 6.22969755390659 5.9394169364823 6.69443341577426 6.57609789539129 6.47784355422482 6.30356760602444 6.86225469922647 6.77475813264027 6.27559739211574 6.38174076797441 5.96218755934387 5.86895351298153 5.48741110786796 5.43147068005055 5.33967100363225 5.17471846006811 4.97247229795903 5.0348673905246 4.92944119963795 4.98251288756728 4.92872401466593 5.12953580683097 5.54191716574132 4.75301369652152 5.75104830358177 13.6430102323192 13.2949997028336 -9999 -9999 -9999 -9999 -9999 -9999 -9999 -9999 -9999 -9999 -9999 -9999 -9999 -9999 -9999 -9999 -9999 -9999 -9999 -9999 -9999
-9999 -9999 3.88019958557561 -9999 9.5494335496455 6.28659422835335 5.04084393195808 4.93063650792465 5.20986052369699 5.27512435615063 5.4584846473299 5.09678435977548 6.34229559451342 6.63275550818071 6.26268806261942 6.56677449075505 6.6363414330408 6.75754569331184 7.10609758971259 6.9074373524636 6.01239050738513 6.5366527219303 6.44413586053997 6.14148380234838 6.34014403959736 5.58996855886653 5.52470472641289 5.48239081306383 5.15033417101949 5.04992827493697 4.78385265031829 4.76520584104583 4.74225592194125 4.8039338295348 5.29520553536713 5.35473188804463 5.87469099275768 5.5208498571883 7.12359066663877 -9999 -9999 -9999 -9999 -9999 -9999 -9999 -9999 -9999 -9999 -9999 -9999 -9999 -9999 -9999 -9999 -9999 -9999 -9999 -9999 -9999 -9999 -9999
16.7749996250495 16.7749996250495 -9999 16.3599996343255 6.1118401568383 5.04777672002092 5.2701040613465 5.32317574927583 5.5727561195381 5.74488051282242 6.71178929209709 6.35520492400974 6.59331033471972 6.50294502824545 6.61769462376833 6.65140231745318 6.7360301441513 6.9389934912324 7.08458204055205 7.05230871681124 7.00497450865805 6.60335092432797 6.43266090098768 6.10992766357958 5.92130801593885 5.65523239132017 4.56439404888079 5.21990111330524 5.3536561105866 4.50940986769274 4.57443463848904 4.64041565591469 4.6683858698234 4.69492171378806 6.11996825318784 6.20531326485798 4.34091921159998 17.1578932131524 -9999 -9999 -9999 -9999 -9999 -9999 -9999 -9999 -9999 -9999 -9999 -9999 -9999 -9999 -9999 -9999 -9999 -9999 -9999 -9999 -9999 -9999 -9999 -9999
9.88598622847348 16.2719264420947 9.10430148380863 5.05046616366599 4.66566056692973 4.32628863817081 4.73364970227703 5.3059633099474 5.57992796925828 5.64160587685183 5.67603075550869 5.8517410736531 6.52374339243397 6.64207891281694 6.81850641593337 6.95764030050486 7.002822953742 6.83787041017786 7.1182897342369 7.06163212144747 6.90528579754755 6.6800897163339 6.24260688340291 6.14506972720847 6.09988707397133 5.32532730419189 5.07789848884568 5.15427868836559 4.62535477150232 4.55363627430052 4.52279732050374 4.49984740139917 4.62535477150232 4.91402172273956 4.35985289486125 6.40469068707898 14.8881480684986 15.9649996431544 -0.0081947765313089 13.2399997040629 -9999 -9999 -9999 -9999 -9999 -9999 -9999 -9999 -9999 -9999 -9999 -9999 -9999 -9999 -9999 -9999 -9999 -9999 -9999 -9999 -9999 -9999
7.67171747097746 5.53761405590922 5.62511062249541 5.41999572049826 5.50175480730832 5.61363566294312 5.71906185382977 5.6286965473555 5.62152469763532 5.67101046070457 5.65594957629219 5.91341898124665 6.12211980810389 6.81276893615723 6.96911526005715 7.03294472256675 7.13191624870524 7.08529922552407 7.02792442776263 6.92249823687598 6.49649036349729 6.13072602776811 6.03534042648971 6.77045502280816 5.57454908196814 4.99470503209159 3.90912604611367 3.7986795604229 4.6325266212225 4.4575334880501 4.45681630307809 4.58160648820922 4.95059815631248 16.2659188536927 14.6789912515741 16.8555387867242 17.3445988234785 4.80985060555395 13.002567732207 -9999 -9999 -9999 -9999 -9999 -9999 -9999 -9999 -9999 -9999 -9999 -9999 -9999 -9999 -9999 -9999 -9999 -9999 -9999 -9999 -9999 -9999 -9999
4.86292229348328 5.72479933360592 5.70615252433345 5.73340555327013 5.77141635678709 5.80584123544395 5.71332437405363 5.767830431927 5.62511062249541 5.66025268612429 5.8316598944366 5.98011718364432 7.59019744582474 6.71881770482287 6.92608416173607 7.0150150982663 7.0946226301603 7.09820855502039 6.95477156061679 6.71523177996278 6.53521835198626 6.0547044207342 4.90046692676842 4.42358673270792 4.64005706342869 4.72002318780869 4.51992858061567 4.43601793888956 4.43099764408544 4.47044281754643 4.65906246518716 4.69420452881604 4.74118014448322 12.858638250269 6.09486677916721 13.7031511388576 -9999 -9999 -9999 -9999 -9999 -9999 -9999 -9999 -9999 -9999 -9999 -9999 -9999 -9999 -9999 -9999 -9999 -9999 -9999 -9999 -9999 -9999 -9999 -9999 -9999 -9999
4.61728644056711 5.75133517757058 5.72838525846601 5.887600322254 5.88042847253382 5.79866938572377 5.90911587141454 5.87182225286961 5.65738394623622 5.71762748388574 5.89477217197418 6.02458265190944 6.48716695886105 6.71451459499076 6.85723440442234 6.89381083799526 6.96194341033697 6.90241705765948 6.70734274527058 6.60980558907613 5.02984709572047 5.87469099275768 5.6803338653408 5.17471846006811 4.64256721083075 4.55005034944043 4.51490828581154 4.65691091027111 4.59523300267756 4.93015838460997 7.56874709529802 10.7380013610236 10.7949997587129 -9999 -9999 13.6052278061397 13.6049996959046 -9999 -9999 -9999 -9999 -9999 -9999 -9999 -9999 -9999 -9999 -9999 -9999 -9999 -9999 -9999 -9999 -9999 -9999 -9999 -9999 -9999 -9999 -9999 -9999 -9999
5.77141635678709 5.68105105031282 5.70400096941739 6.02027954207733 5.91843927605078 5.89046906214207 5.57705922937021 5.89979246677831 5.66527298092842 5.72049622377381 6.01956235710531 6.29639575630426 6.52302620746195 6.83715322520584 6.86584062408656 6.67363505158573 6.84719381481409 6.64566483767703 6.73029266437516 5.47019866853952 5.35975218284875 5.33249915391207 4.47501487174304 4.74512466182932 4.63754691602662 4.71500289300457 4.70496230339631 4.70496230339631 4.63969847094268 4.69994200859219 4.97032074304298 3.73496962874196 6.96485996255651 17.3886375169968 -9999 -9999 -9999 -9999 -9999 -9999 -9999 -9999 -9999 -9999 -9999 -9999 -9999 -9999 -9999 -9999 -9999 -9999 -9999 -9999 -9999 -9999 -9999 -9999 -9999 -9999 -9999 -9999
4.97448041588068 5.76496169203892 5.96290474431589 5.90266120666638 5.63070466527715 5.86967069795355 5.81229590019211 5.96505629923195 6.01454206230119 6.01454206230119 6.04251227620989 6.42477186629549 6.68941312097013 6.82639545062557 6.843607889954 6.67937253136188 6.9074373524636 7.08147423900664 4.84445478045382 5.30022583017126 5.24787132721394 5.02267524600029 4.92226934991777 4.80967130931094 4.77883235551417 4.69563889876008 4.55005034944043 4.91509750019759 4.87493514176458 3.3793654134497 6.39202041924 16.1163165134785 6.37241736333817 6.54041794303339 18.1021658417478 4.99999988824129 -9999 -9999 -9999 -9999 -9999 -9999 -9999 -9999 -9999 -9999 -9999 -9999 -9999 -9999 -9999 -9999 -9999 -9999 -9999 -9999 -9999 -9999 -9999 -9999 -9999 -9999
-9999 -9999 -9999 -9999 7.15999983996153 14.37378712832 5.76424450706691 6.0310373166576 5.96935940906405 6.04251227620989 6.23471784871072 6.61195714399219 6.68511001113802 6.48358103400096 6.3494674442336 6.11781669827178 5.77787102153525 5.32532730419189 5.46804711362347 5.14531387621537 5.07000945415348 5.02482680091634 5.04634235007688 5.04060487030074 4.96530044823885 4.92513808980584 12.6772191397473 -9999 -9999 -9999 -9999 -9999 -9999 -9999 -9999 -9999 -9999 -9999 -9999 -9999 -9999 -9999 -9999 -9999 -9999 -9999 -9999 -9999 -9999 -9999 -9999 -9999 -9999 -9999 -9999 -9999 -9999 -9999 -9999 -9999 -9999 -9999
-9999 -9999 -9999 -9999 -9999 15.6621694739621 5.41497542569414 6.07980589475483 6.13216039771214 6.24906154815108 6.40755942696705 6.35448773903772 6.51011687796563 6.18523208564147 6.20746481977403 5.94999541481957 5.87038788292557 5.81803337996826 5.77500228164718 5.98011718364432 5.4372081598267 5.21488081850111 5.14029358141124 4.68918423401192 14.6850125361234 -9999 -9999 -9999 -9999 -9999 -9999 -9999 -9999 -9999 -9999 -9999 -9999 -9999 -9999 -9999 -9999 -9999 -9999 -9999 -9999 -9999 -9999 -9999 -9999 -9999 -9999 -9999 -9999 -9999 -9999 -9999 -9999 -9999 -9999 -9999 -9999 -9999
