EcologicalScience/Bass/data/rs_data_bass/sst_181.asc
NCOLS 226 
NROWS 124 
XLLCORNER -9.41648524995501 
YLLCORNER 47.587301625531 
CELLSIZE 0.0833 
NODATA_value -9999 
[rows 54 to 80 of 124, columns 0 to 61 of 226]
-9999 -9999 -9999 -9999 -9999 -9999 -9999 -9999 -9999 -9999 -9999 -9999 -9999 -9999 -9999 -9999 -9999 -9999 -9999 -9999 -9999 -9999 -9999 -9999 -9999 -9999 -9999 -9999 -9999 -9999 -9999 -9999 -9999 -9999 -9999 -9999 -9999 -9999 9.27486494509503 9.18521682359278 9.18019652878866 10.3319955938496 10.4883419177495 10.7673268718645 11.8183614483569 10.468977923505 11.4099246067926 11.0369884213433 11.7946943442803 11.8552964744158 11.7011017054319 11.5648365607485 12.0801339631435 11.981521029491 11.9549851855263 11.1421755505726 10.9989776178263 10.6587928794324 11.933182762377 12.2744249235046 -9999 11.4427716785111
-9999 -9999 -9999 -9999 -9999 -9999 -9999 -9999 -9999 -9999 -9999 -9999 -9999 -9999 -9999 -9999 -9999 -9999 -9999 -9999 -9999 -9999 -9999 -9999 -9999 -9999 -9999 -9999 -9999 -9999 -9999 -9999 -9999 -9999 -9999 -9999 -9999 -9999 13.6099996957928 9.16728719929233 9.02528457483277 8.71330911200494 9.9389782291837 10.1849726745859 10.8555406234227 11.0577867855318 11.2327799187042 11.1797082307748 11.2019409649074 11.7276375493966 11.6602221620269 11.7283547343686 12.0270622752141 11.861751139164 11.3941465374082 11.384823132772 10.8598437332548 11.1083157267421 5.90130612155002 13.6649996945634 -9999 15.4499996546656
-9999 -9999 -9999 -9999 -9999 -9999 -9999 -9999 -9999 -9999 -9999 -9999 -9999 -9999 -9999 -9999 -9999 -9999 -9999 -9999 -9999 -9999 -9999 -9999 -9999 -9999 -9999 -9999 -9999 -9999 -9999 -9999 -9999 -9999 -9999 -9999 -9999 -9999 -9999 10.0149998362176 10.1978820040822 10.3434705534019 10.548585455399 11.0470290109515 11.1524552018382 11.3417920344509 11.3489638841711 12.1199377290905 12.2501068015117 11.6351206880063 11.7219000696205 12.1697820846457 12.0080568734556 11.9273735641036 11.6408581677824 11.1218553096987 11.5598162659444 11.0616117720492 12.8129878677023 6.01596097567255 18.9649995760992 -9999
-9999 -9999 -9999 -9999 -9999 -9999 -9999 -9999 -9999 -9999 -9999 -9999 -9999 -9999 -9999 -9999 -9999 -9999 -9999 -9999 -9999 -9999 -9999 -9999 -9999 -9999 -9999 -9999 -9999 -9999 -9999 -9999 -9999 -9999 -9999 -9999 -9999 -9999 -9999 15.064999663271 10.5715353745036 10.9631183692254 11.2786797569133 11.4386120056733 11.5010070982389 11.8416699599475 11.4371776357293 12.2511825789697 12.3501541051082 12.1751609719358 11.8201544107869 12.3125018940773 12.183050006628 11.4099246067926 11.2485579880886 11.5598162659444 11.4959868034348 11.505310208071 11.2728227463085 9.58361307554878 13.6859623429898 -9999
-9999 -9999 -9999 -9999 -9999 -9999 -9999 -9999 -9999 -9999 -9999 -9999 -9999 -9999 -9999 -9999 -9999 -9999 -9999 -9999 -9999 -9999 -9999 -9999 -9999 -9999 -9999 -9999 -9999 -9999 -9999 -9999 -9999 -9999 -9999 -9999 -9999 -9999 -9999 -9999 10.2859762248117 10.6102633629926 11.1180303231813 11.5763115203008 11.6853236360475 11.7742545725778 11.7513046534732 11.8201544107869 12.2511825789697 12.3329416657798 12.2977996021509 12.0252693127841 12.2942136772908 12.2590716136619 11.9704046624247 11.8055716496892 11.1534114484675 11.2602720092982 11.226325253956 10.6210211375728 11.546189751476 15.9099996443838
-9999 -9999 -9999 -9999 -9999 -9999 -9999 -9999 -9999 -9999 -9999 -9999 -9999 -9999 -9999 -9999 -9999 -9999 -9999 -9999 -9999 -9999 -9999 -9999 -9999 -9999 -9999 -9999 -9999 -9999 -9999 -9999 -9999 -9999 -9999 -9999 -9999 -9999 -9999 11.4649997437373 11.9950228161381 10.3039058491122 10.6375163919292 10.7666096868925 11.4716025143862 11.3747825431637 11.2449720632285 12.0747550758533 12.2411419893615 12.2848902726546 11.7097079250962 12.3203909287695 12.4469740763307 12.2064780490473 11.9897686566692 11.8915143155027 11.7845342238434 10.9430371900089 12.1465760280511 11.1457052256309 -9999 -9999
-9999 -9999 -9999 -9999 -9999 -9999 -9999 -9999 -9999 -9999 -9999 -9999 -9999 -9999 -9999 -9999 -9999 -9999 -9999 -9999 -9999 -9999 -9999 -9999 -9999 -9999 -9999 -9999 -9999 -9999 -9999 -9999 -9999 -9999 -9999 -9999 -9999 -9999 -9999 10.0029670661315 9.57751700328663 10.0350810154341 10.9154255685862 10.7841807187069 11.5863521099091 11.7147282199003 12.1149174342863 11.8388012200594 11.7663655378856 11.8187200408429 11.8316293703392 12.1120486943983 12.2827387177385 12.3644978045486 12.23067108877 11.9671773300506 11.5717693488114 13.9149996889755 12.1456326888263 11.5982368894454 8.91340371919796 8.88973661512136
-9999 -9999 -9999 -9999 -9999 -9999 -9999 -9999 -9999 -9999 -9999 -9999 -9999 -9999 -9999 -9999 -9999 -9999 -9999 -9999 -9999 -9999 -9999 -9999 -9999 -9999 -9999 -9999 -9999 -9999 -9999 -9999 -9999 -9999 -9999 -9999 -9999 -9999 -9999 11.1036866237409 10.0738090039231 11.3998840171844 11.1721777885687 11.2987609361298 11.46586503461 11.4885758920573 12.0740378908813 11.266487612389 11.6559190521948 11.9384899311699 11.9951475439593 11.9470961508341 12.3214667062275 12.1185033591464 11.6874751909636 11.3601698993589 11.5677053006366 10.6018962049857 11.0789437422063 9.05731883691624 8.92989897355437 9.02887049969286
-9999 -9999 -9999 -9999 -9999 -9999 -9999 -9999 -9999 -9999 -9999 -9999 -9999 -9999 -9999 -9999 -9999 -9999 -9999 -9999 -9999 -9999 -9999 -9999 -9999 -9999 -9999 -9999 -9999 -9999 -9999 -9999 -9999 -9999 -9999 -9999 -9999 -9999 12.4078731516562 11.623287135968 9.81992552382872 11.542603826616 11.5867107023951 11.8176442633849 11.8674886189401 12.1217306915205 12.0270622752141 11.2700735372491 11.4113589767367 11.8079622662626 12.180898451712 12.0934018851258 12.1751609719358 12.3150120414793 12.1923734112643 11.9929959890433 11.6047120451927 11.2575228002388 10.9290520830546 9.2139042224735 9.33223974285647 9.2497634710744
-9999 -9999 -9999 -9999 -9999 -9999 -9999 -9999 -9999 -9999 -9999 -9999 -9999 -9999 -9999 -9999 -9999 -9999 -9999 -9999 -9999 -9999 -9999 -9999 -9999 -9999 -9999 -9999 -9999 -9999 -9999 -9999 -9999 -9999 -9999 -9999 -9999 -9999 12.10200810479 10.5501632623374 9.98487806739286 11.7222586621065 11.5999786243774 12.0496536018327 12.1751609719358 12.1156346192583 11.5806146301329 11.4816431039944 11.5289773121476 11.7484359135851 11.7061220002361 11.5748771503568 11.8897213530727 11.8050935263745 11.7728202026337 11.9600054803304 11.5798974451609 11.2184362192638 10.4903500356711 9.50221258122474 9.52874842518941 9.68599123030435
-9999 -9999 -9999 -9999 -9999 -9999 -9999 -9999 -9999 -9999 -9999 -9999 -9999 -9999 -9999 -9999 -9999 -9999 -9999 -9999 -9999 -9999 -9999 -9999 -9999 -9999 -9999 -9999 -9999 -9999 -9999 -9999 -9999 -9999 -9999 -9999 -9999 13.7811174205272 9.13214513566345 9.46850488753989 11.4572588149458 11.6132465463597 11.9643085901625 12.1740851944778 12.2059999257326 12.3150120414793 12.459166220855 12.2153233303688 11.982238214463 12.2942136772908 12.1640446048696 12.0568254515529 12.0683004111052 11.9148228270933 11.9349040063098 11.4798501415644 11.3607974362094 10.1746930233203 10.1247291369364 10.0630512293428 9.36236151168123 8.6602374240756
-9999 -9999 -9999 -9999 -9999 -9999 -9999 -9999 -9999 -9999 -9999 -9999 -9999 -9999 -9999 -9999 -9999 -9999 -9999 -9999 -9999 -9999 -9999 -9999 -9999 -9999 -9999 -9999 -9999 -9999 -9999 -9999 -9999 -9999 -9999 -9999 -9999 9.8550675874576 9.01524398522452 9.03532516444102 11.6365550579503 11.7556077633053 11.6813791187014 12.3250526310876 12.3630634346046 12.4519943711348 12.4010742381215 12.4900051746517 12.1382259458769 12.0496536018327 12.063997301273 12.0302896075882 12.0044709485956 11.8854182432406 11.8811151334085 11.0118869473226 10.8160954499617 10.3025910099968 10.4472233126871 9.95403911359608 8.60214544134215 8.53903316380456
-9999 -9999 -9999 -9999 -9999 -9999 -9999 -9999 -9999 -9999 -9999 -9999 -9999 -9999 -9999 -9999 -9999 -9999 -9999 -9999 -9999 -9999 -9999 -9999 -9999 -9999 -9999 -9999 -9999 -9999 -9999 -9999 -9999 -9999 -9999 13.5869342372266 12.6453375473843 11.3095187107101 11.5344757302664 11.2394736451097 11.6934517323971 11.676478354726 11.8438215148635 12.5423596776091 12.5351878278889 12.5753501863219 12.5491729348432 11.9503234832082 12.022400572896 12.0184560555499 12.1726508245338 11.8273262605071 11.6844630140811 11.5296944971196 11.465147849638 10.5367519033607 9.87371439673007 9.87132378015667 9.68832208146341 9.9188970499672 9.94256415404379 8.51106294989586
-9999 -9999 -9999 -9999 -9999 -9999 -9999 -9999 -9999 -9999 -9999 -9999 -9999 -9999 -9999 -9999 -9999 -9999 -9999 -9999 -9999 -9999 -9999 -9999 -9999 -9999 -9999 -9999 -9999 -9999 -9999 -9999 -9999 -9999 -9999 10.513413509063 11.0628787988331 10.7056489642709 10.762163140066 11.5170242292807 11.7704295860603 11.96813357668 11.9676554533653 12.3166854730807 12.4476912613027 12.4236655647401 12.2106616280507 12.0948362550698 11.6078676590696 11.5888622573111 12.259788798634 11.8352152951993 11.5131992427632 11.5397350867279 11.4149449015968 11.3073671557941 9.97364216949791 9.69621111615561 9.80558182438836 9.61170282028615 10.0044811232947 10.070223079063
-9999 -9999 -9999 -9999 -9999 -9999 -9999 -9999 -9999 -9999 -9999 -9999 -9999 -9999 -9999 -9999 -9999 -9999 -9999 -9999 -9999 -9999 -9999 -9999 -9999 -9999 -9999 -9999 6.81043014519484 8.81800891408431 13.4749491870154 7.74274268937297 10.2807168683503 11.0298548208449 14.7249328437028 11.4413704094119 11.5191279718652 12.0697347810492 11.0790871792007 11.6413362910971 12.0862300354056 12.0931628234684 12.3001902187243 10.6023743283004 12.4794864617288 12.2795113853645 12.3924680184573 12.2246467350051 12.2407833968755 11.8517105495557 12.2798699778505 12.1299783186987 11.2550126528367 11.1481520920061 11.0111697623506 10.6357234294992 10.2373271775432 10.0397427177522 9.47603532974608 9.94973600376397 9.86618395452388 11.5802048101489
-9999 -9999 -9999 -9999 -9999 -9999 -9999 -9999 -9999 -9999 -9999 -9999 -9999 -9999 -9999 -9999 -9999 -9999 -9999 -9999 -9999 -9999 10.9412768268958 10.9132740136702 11.1670038112705 11.3267311500385 11.2286817188641 10.5985015294515 11.7667241303716 11.3187396603503 10.788125236053 10.9554683961906 10.0929339365102 10.5844447039999 10.5220496114343 10.626758617349 10.6554460162297 11.2385173984803 10.6360820219852 10.4761497732252 12.1651203823276 12.2643309701234 12.3826664905064 12.3240963844582 10.6203039526008 11.8811151334085 12.3738212091848 12.3860133537091 12.540208122693 12.302819896955 12.3286385559477 11.0800195196643 11.9148228270933 10.8931928344537 10.7569276897702 10.5270699062385 10.2470091746654 10.2446783235064 11.3927121674642 16.804999624379 -9999 -9999
-9999 -9999 -9999 -9999 -9999 -9999 -9999 -9999 -9999 -9999 -9999 -9999 -9999 -9999 -9999 -9999 -9999 -9999 -9999 -9999 -9999 14.0852038486628 11.944406707189 10.3434705534019 10.627117209835 9.52587968530133 11.4536728900857 10.5275480295531 11.2209463666659 10.8935514269397 11.0104525773786 11.3819543928839 11.3496810691431 9.28633990464732 9.57464826339856 10.5198980565183 11.463713479694 10.6088289930485 10.5127262067981 11.4873805837706 12.2160405153409 11.8280434454791 11.7154454048723 12.1357157984748 11.4084902368486 10.9035920165479 11.2040925198235 10.6999114844948 10.6647694208659 11.6899853383657 10.508423096966 10.9150669761002 11.4099246067926 10.9410051659215 11.4954489147058 13.842855093535 15.2499996591359 -9999 -9999 -9999 -9999 -9999
-9999 -9999 -9999 -9999 -9999 -9999 -9999 -9999 -9999 -9999 -9999 -9999 -9999 -9999 -9999 -9999 -9999 6.88018432352692 11.5625584437786 11.1831963576842 11.1477217810228 8.86535232607275 10.4558295323513 11.2600329476409 11.4974211733788 9.28992582950741 10.7185582937673 10.8765780492686 10.6136102261953 11.4303643784951 11.3625903986394 11.7387539164629 8.48524429090321 9.08194218762219 9.78263190528378 10.4080172008835 10.4402905246243 9.97698903270066 10.3556626979262 10.7149723689072 10.748680062592 10.9279763055965 11.4852290288545 10.4947965824977 10.3829157268628 10.3929563164711 11.9894100641832 11.9023438085802 11.5537201936822 11.4120761617087 10.7149723689072 11.7950529367663 13.9849996874109 -9999 -9999 -9999 -9999 -9999 -9999 -9999 -9999 -9999
-9999 -9999 -9999 -9999 -9999 -9999 -9999 -9999 -9999 -9999 -9999 -9999 -9999 6.61325762303167 -9999 -9999 8.13865033627677 9.08481092751026 10.9961088779382 11.7617038355675 11.5569475260563 9.89020965108648 11.4482940027956 9.79625841975212 9.70015563350171 11.942434448516 9.62987150624394 9.58468885300681 9.78406627522781 9.65353861032054 9.80414745444432 9.28418834973127 9.23613695660606 8.87969602551311 10.1634571254253 9.58755759289488 10.8039033054374 10.4352702298202 11.3762169131078 10.3527939580381 10.6138492878526 11.781426422298 11.2471236181445 12.2547685038298 12.2327748313546 12.1852015615441 12.1852015615441 11.8015076015145 11.6468347092159 11.5286904381588 11.8562092552893 14.4099996779114 -9999 -9999 -9999 -9999 -9999 -9999 -9999 -9999 -9999 -9999
-9999 -9999 -9999 -9999 -9999 -9999 -9999 -9999 -9999 -9999 -9999 -9999 -9999 9.57464826339856 9.03030486963689 8.99157688114792 9.11206395644695 11.5942411446013 9.22466199705377 9.41471601463854 11.8262504830491 9.76470228098333 10.10823388258 9.90383616555482 9.95403911359608 10.0573137495667 9.92176578985527 9.48284858698025 9.54811241943389 9.94543289393187 9.72023681271821 12.0515660950914 11.396776215639 11.6655293308198 9.82255520205945 8.97006133198738 12.1601000875235 11.3836278244853 9.51512191072106 11.3955809073523 11.9239071700722 12.0173802780919 12.2052827407606 12.2736543747596 12.1914171646349 12.07595038414 12.103442474734 10.0652027842589 10.187841414474 10.2100741486065 9.8751487666741 11.5802092647139 13.2599997036159 -9999 -9999 -9999 -9999 -9999 -9999 20.7476394377141 -9999 -9999
-9999 -9999 -9999 -9999 -9999 -9999 -9999 -9999 -9999 -9999 16.5949901742759 8.44866785733029 8.51464887475595 9.24689473118633 9.27845086995512 9.14792320504785 9.33008818794042 11.6889095609076 11.7703100552317 9.83498640824109 9.81992552382872 10.0049592466094 10.0365153853782 10.1132541773841 10.149830610957 10.1534165358171 10.0185857610777 9.66142764501274 11.7666045995429 11.9755444880575 11.8674886189401 11.8603167692199 12.0857519120909 11.4508041501977 11.8162098934408 8.59497359162197 11.8508499275893 12.4046601629816 12.1622516424395 12.2877590125427 12.3501541051082 12.3652149895206 12.3766899490729 12.4914395445958 12.5997344753705 12.6951200766489 11.0975905514788 11.1259193578735 10.0917386282235 10.1598712005652 11.8038982180879 12.0467848619446 8.39689924236703 -9999 -9999 -9999 12.0700421460372 10.3370158886537 9.9748374777846 9.84000670304522 10.2674489463679 17.7899996023625
-9999 -9999 -9999 -9999 -9999 -9999 -9999 16.8714137435103 8.25502791488543 8.17972349282354 8.54979093838483 8.59712514653802 8.71402629697695 8.91698964405805 9.40969571983442 9.49288917658851 9.37527084117755 11.6498229799327 11.781426422298 11.744491396239 8.54070659540594 9.97985777258873 9.99420147202909 9.95403911359608 11.7785576824099 10.230155327823 9.97770621767268 9.9547562985681 9.55887019401416 11.9169743820094 11.861033954192 11.6838892661035 9.5603045639582 11.8247443946078 12.0726035209373 12.4799645850435 11.9376293092035 12.0977049949579 12.0869472203776 11.982238214463 12.0496536018327 12.1676305297296 12.2927793073468 12.2698293882422 12.2452060375363 12.2349263862707 10.2667317613959 12.2497482090257 9.9547562985681 10.2150944434106 10.2100741486065 10.0981932929717 11.6584291995969 14.6656754353899 11.1511642688885 11.1345255775377 11.1922589677852 10.9100466812961 9.78119753533974 9.40467542503029 9.87371439673007 9.39386248237525
-9999 -9999 -9999 -9999 -9999 11.0488936918788 9.12855921080336 9.0582750835456 9.17732778890058 11.424985491205 11.3747825431637 8.86535232607275 9.04680012399331 9.37025054637343 9.28203679481521 9.48141421703622 9.57608263334259 11.7473601361271 9.43981748865917 9.46778770256788 9.50149539625272 9.86869410192594 9.78263190528378 11.8251747055911 9.89666431583464 9.72453992255032 10.1405072063208 9.98200932750478 12.0021759566851 10.0164342061616 9.74390391679481 9.4168675695546 12.022759165382 11.9607226653025 11.9851069543511 12.0708105585072 12.2296670298092 9.05110323382542 11.5081789479591 12.2246467350051 11.8897213530727 11.0957975890487 9.69513533869758 11.3812372079119 12.7611010940745 11.4450666704215 12.141811870737 12.5703298915178 11.8907971305307 11.0463118259795 10.3384502585977 11.7175969597884 10.3147831545211 11.1247240495868 10.9306059838273 11.2496337655466 11.1642887538765 11.1130100283772 9.27988523989916 9.04966886388138 8.85100862663239 8.89475690992549
-9999 -9999 -9999 -9999 -9999 11.5623264133465 9.11134677147493 9.07333596795797 11.6795861562714 11.5619678208604 10.985351103358 11.6344035030343 11.3597216587514 9.25334939593449 9.23398540169001 11.4848704363685 11.7279961418826 9.57464826339856 9.55169834429398 9.43192845396698 11.210786246229 10.7411496203858 11.0625680186786 10.0135654662736 9.96838281303644 9.86941128689796 9.76685383589938 9.8988158707507 9.96479688817635 9.98702962230891 9.77832879545167 9.48356577195227 9.62987150624394 9.36020995676517 12.3451338103041 12.2036093091592 12.0338755324483 12.3150120414793 9.82279426371679 10.5213324264623 8.8553117364645 9.77474287059158 12.6463514985517 12.0465458002873 12.779747903347 12.9253364526667 11.7137241609395 12.4649037006311 11.9800866595469 12.422589787282 9.47782829217613 9.50508132111281 11.6853236360475 11.7175969597884 11.423551121261 11.3952223148663 11.4579759999178 11.5666295231786 11.3235038176645 11.147434907034 8.58493300201371 9.18521682359278
-9999 -9999 -9999 -9999 -9999 10.3649861025624 11.8022247864865 11.6383480203804 10.5055543570779 9.83642077818513 9.14505446515977 11.7269203644246 9.21175266755745 9.28490553470328 9.25406658090651 11.107272548601 10.5265917829238 9.66501356987283 9.61696217674762 9.5882747778669 9.60477003222331 11.2946968879551 11.2753328937106 10.2534638394136 9.92033141991124 11.6803033412434 9.9547562985681 10.18999296939 10.0537278247066 10.1756492699496 10.0049592466094 9.75394450640306 9.56891078362241 9.54022338474169 9.50221258122474 12.1177861741744 11.0047150976025 8.78000731440261 9.10202336683869 8.7678151698783 10.0257576107979 9.30857263877988 10.1189916571602 11.2378002135083 12.2461622841656 12.7998290825635 12.7625354640186 12.1633274198975 12.0259864977561 11.8689229888842 9.84000670304522 11.9126712721772 11.7566835407633 9.5724967084825 9.6399120958522 11.7509460609872 11.7807092373259 11.8079622662626 11.943510225974 11.6544846822508 11.4719611068722 11.423909713747
-9999 -9999 -9999 -9999 -9999 11.6573534221388 9.04393138410524 9.4885860667564 8.89977720472962 9.21749014733359 9.22537918202579 9.18951993342489 9.1780449738726 9.47997984709218 9.36379588162526 9.91817986499518 9.70517592830583 9.53950619976968 9.67075104964897 9.58899196283892 9.51225317083299 10.5048371721059 9.74246954685077 9.89738150080666 9.96551407314837 9.95762503845617 10.0099795414135 10.1550899674185 9.8550675874576 12.0435575295705 11.7885982720181 9.73314614221454 9.65784172015265 11.8703573588282 9.50508132111281 9.32721944805235 9.2497634710744 8.75275428546593 8.38483839482069 8.96217229729518 8.96575822215527 9.20529800280929 9.33510848274454 10.1319009866565 11.22417369904 12.4476912613027 12.7359996200539 12.7847681981511 12.2081514806487 12.0937604776118 12.0453504920006 11.6999063971452 11.6090629673563 12.1852015615441 11.8542206969578 11.9384899311699 11.944048114703 11.9603640728164 11.9894100641832 11.7502288760152 11.6028473642655 10.5772728542797
-9999 -9999 -9999 -9999 -9999 11.6824548961595 8.75418865540996 8.33965574158356 10.1677602352574 10.3649861025624 8.97508162679151 8.94495985796675 9.22394481208175 9.30570389889181 9.33941159257665 9.42977689905092 9.35375529201701 9.41256445972249 9.46563614765182 9.54811241943389 10.4575029639527 9.59759818250313 9.53807182982564 9.45559555804357 10.1957304491661 9.93969541415572 9.85219884756953 11.8721503212582 11.1897488203831 11.8563722518738 12.0467848619446 11.9951475439593 9.49002043670043 9.43766593374312 9.28633990464732 9.36236151168123 9.45416118809953 10.9686167873442 11.7489140368998 11.9101611247752 11.0821710745804 8.85746329138055 9.07979063270614 12.3174026580527 12.2265592282638 12.4039429780096 12.418645269936 12.6951200766489 12.2780770154204 12.3322244808078 12.4699239954352 12.1396603158209 11.9969405063894 11.703611852834 11.3083234024234 10.0472731599584 10.1548509057611 10.1440931311809 11.917452505324 12.0453504920006 11.4787743641064 11.5066250471864
