EcologicalScience/Bass/data/rs_data_bass/sst_80.asc
NCOLS 226 
NROWS 124 
XLLCORNER -9.41648524995501 
YLLCORNER 47.587301625531 
CELLSIZE 0.0833 
NODATA_value -9999 
[rows 81 to 107 of 124, columns 62 to 123 of 226]
16.7699996251613 -9999 -9999 -9999 -9999 -9999 -9999 -9999 -9999 -9999 -9999 -9999 -9999 -9999 -9999 -9999 -9999 -9999 -9999 -9999 -9999 -9999 -9999 -9999 -9999 -9999 -9999 -9999 -9999 -9999 -9999 -9999 -9999 -9999 -9999 -9999 -9999 -9999 -9999 -9999 -9999 -9999 -9999 -9999 -9999 -9999 -9999 -9999 -9999 -9999 -9999 -9999 -9999 -9999 -9999 -9999 -9999 -9999 -9999 -9999 -9999 -9999
16.6609996275976 -9999 -9999 -9999 -9999 -9999 -9999 -9999 -9999 -9999 -9999 -9999 -9999 -9999 -9999 -9999 -9999 -9999 -9999 -9999 -9999 -9999 -9999 -9999 -9999 -9999 -9999 -9999 -9999 -9999 -9999 -9999 -9999 -9999 -9999 -9999 -9999 -9999 -9999 -9999 -9999 -9999 -9999 -9999 -9999 -9999 -9999 -9999 -9999 -9999 -9999 -9999 -9999 -9999 -9999 -9999 -9999 -9999 -9999 -9999 -9999 -9999
-9999 -9999 -9999 -9999 -9999 -9999 -9999 -9999 -9999 -9999 -9999 -9999 -9999 -9999 -9999 -9999 -9999 -9999 -9999 -9999 -9999 -9999 -9999 -9999 -9999 -9999 -9999 -9999 -9999 -9999 -9999 -9999 -9999 -9999 -9999 -9999 -9999 -9999 -9999 -9999 -9999 -9999 -9999 -9999 -9999 -9999 -9999 -9999 -9999 -9999 -9999 -9999 -9999 -9999 -9999 -9999 -9999 -9999 -9999 -9999 15.3249996574596 -9999
-9999 -9999 -9999 -9999 -9999 -9999 -9999 -9999 -9999 -9999 -9999 -9999 -9999 -9999 -9999 -9999 -9999 -9999 -9999 -9999 -9999 -9999 -9999 -9999 -9999 -9999 -9999 -9999 -9999 -9999 -9999 -9999 -9999 11.3199997469783 11.209999749437 11.1449997508898 -9999 -9999 -9999 -9999 -9999 -9999 -9999 -9999 -9999 -9999 -9999 -9999 -9999 -9999 -9999 -9999 -9999 -9999 -9999 -9999 17.2699996139854 17.4249996105209 17.4349996102974 17.5699996072799 17.6299996059388 17.7249996038154
-9999 -9999 -9999 -9999 -9999 -9999 -9999 -9999 -9999 -9999 -9999 -9999 -9999 -9999 -9999 -9999 -9999 -9999 -9999 -9999 -9999 -9999 -9999 -9999 -9999 -9999 -9999 -9999 -9999 -9999 -9999 -9999 -9999 15.6573525912074 17.9666662650804 17.6799996048212 17.7729996027425 18.4235710167725 17.6249996060506 17.6249996060506 16.4486359959807 -9999 17.4199996106327 17.4799996092916 17.4949996089563 17.3949996111915 17.364999611862 17.364999611862 17.4049996109679 17.4749996094033 17.6949996044859 17.8649996006861 15.9537211401973 -9999 17.4349996102974 17.4349996102974 17.4949996089563 17.3149996129796 17.6649996051565 17.4249996105209 17.364999611862 17.5149996085092
-9999 -9999 -9999 -9999 -9999 -9999 -9999 -9999 -9999 -9999 -9999 -9999 -9999 17.5249996082857 17.509999608621 17.3549996120855 16.9749996205792 17.3199996128678 16.4499996323138 -9999 -9999 -9999 -9999 -9999 -9999 11.894999734126 11.894999734126 17.6499996054918 17.7649996029213 17.509999608621 17.3674996118061 17.5349996080622 17.5349996080622 17.1399996168911 17.3233329461267 -9999 18.4269995881245 17.6699996050447 17.5499996077269 17.5799996070564 17.5449996078387 17.4649996096268 17.4149996107444 17.4999996088445 17.5799996070564 17.5249996082857 17.4349996102974 17.4949996089563 17.4849996091798 17.5149996085092 17.5699996072799 17.6699996050447 17.6999996043742 17.7949996022508 17.8099996019155 17.674999604933 17.5199996083975 17.1849996158853 17.6249996060506 17.5249996082857 17.4699996095151 17.4499996099621
-9999 -9999 -9999 -9999 -9999 -9999 -9999 -9999 14.734591874041 11.395555300845 17.3699996117502 17.2449996145442 17.3199996128678 17.4249996105209 17.4349996102974 17.4649996096268 17.3599996119738 17.3049996132031 17.3099996130913 17.1499996166676 16.9599996209145 17.1399996168911 17.239999614656 17.489999609068 17.4749996094033 17.4499996099621 12.6115622181096 18.0949995955452 17.9399995990098 17.9099995996803 17.3149996129796 17.3149996129796 17.6149996062741 17.4566662764798 18.0087495974731 17.7825710311 17.7837496025022 17.4649996096268 17.4949996089563 17.5599996075034 17.5899996068329 17.509999608621 17.3299996126443 17.4549996098503 17.634999605827 17.5399996079504 17.6499996054918 17.4399996101856 17.3749996116385 17.3349996125326 17.5999996066093 17.5949996067211 17.6049996064976 17.6949996044859 17.7149996040389 17.7249996038154 17.6049996064976 17.3099996130913 17.6649996051565 17.5549996076152 17.4599996097386 17.5499996077269
-9999 -9999 -9999 -9999 -9999 -9999 -9999 -9999 17.4549996098503 17.2649996140972 17.19999961555 17.2299996148795 17.219999615103 17.3349996125326 17.4049996109679 17.4449996100739 17.4799996092916 17.4399996101856 17.3899996113032 17.3699996117502 17.3899996113032 17.4549996098503 17.4499996099621 17.4599996097386 17.5399996079504 17.5999996066093 17.6949996044859 17.8149996018037 17.7749996026978 17.6299996059388 17.634999605827 17.674999604933 17.3799996115267 17.7049996042624 17.779999602586 17.8049996020272 18.0137495973613 17.674999604933 16.7149996263906 16.7149996263906 17.3249996127561 17.3199996128678 17.5249996082857 17.5799996070564 17.6449996056035 17.9199995994568 18.1749995937571 18.0249995971099 17.924999599345 17.9399995990098 17.799999602139 17.7049996042624 17.6799996048212 17.4599996097386 17.6249996060506 17.8349996013567 17.9299995992333 17.4049996109679 17.5399996079504 17.6949996044859 17.4949996089563 17.5449996078387
-9999 -9999 -9999 -9999 -9999 -9999 -9999 -9999 17.2349996147677 17.1649996163324 17.0249996194616 17.0349996192381 17.1949996156618 17.3399996124208 17.4049996109679 17.3549996120855 17.4399996101856 17.5949996067211 17.6099996063858 17.4499996099621 17.3499996121973 17.4249996105209 17.2999996133149 17.4499996099621 17.5599996075034 17.5949996067211 17.6399996057153 17.6249996060506 17.6149996062741 17.6649996051565 17.6699996050447 17.5249996082857 17.6649996051565 17.7649996029213 17.7399996034801 17.8349996013567 17.7399996034801 17.6399996057153 17.8149996018037 17.7124996040948 17.5649996073917 17.4799996092916 17.5649996073917 17.5649996073917 17.3299996126443 17.3699996117502 17.529999608174 17.5199996083975 17.7749996026978 17.6199996061623 17.5049996087328 17.489999609068 17.5449996078387 17.4449996100739 17.364999611862 17.0724996183999 17.4249996105209 17.5699996072799 17.074999618344 17.6699996050447 17.7049996042624 17.8799996003509
9.76040829308806 9.40499978978187 -9999 -9999 -9999 -9999 -9999 -9999 16.8799996227026 17.1499996166676 17.094999617897 16.9849996203557 16.9849996203557 16.9799996204674 16.9549996210262 16.8949996223673 16.9549996210262 17.1599996164441 17.4599996097386 17.5399996079504 17.3699996117502 17.5199996083975 17.5399996079504 17.5649996073917 17.6149996062741 17.5249996082857 17.5449996078387 17.5049996087328 17.6049996064976 17.5999996066093 17.4399996101856 17.5049996087328 17.5549996076152 17.6249996060506 17.6099996063858 17.634999605827 17.8699996005744 17.9949995977804 17.9599995985627 17.6324996058829 17.5874996068887 17.489999609068 17.3899996113032 17.0149996196851 17.3599996119738 17.3149996129796 17.2849996136501 17.239999614656 17.4399996101856 17.4849996091798 17.5049996087328 17.4099996108562 17.384999611415 17.3499996121973 17.4099996108562 17.4099996108562 17.2049996154383 17.4249996105209 17.7899996023625 17.7499996032566 17.674999604933 17.8799996003509
16.1749996384606 16.3199996352196 16.1299996394664 16.099999640137 16.079999640584 -9999 16.1899624452926 16.9149996219203 16.8499996233732 16.9449996212497 16.9849996203557 16.8899996224791 16.8999996222556 16.8999996222556 16.909999622032 16.8999996222556 16.8649996230379 16.8599996231496 16.9849996203557 17.1599996164441 17.2299996148795 17.4249996105209 17.5199996083975 17.509999608621 17.5499996077269 17.4799996092916 17.344999612309 17.0499996189028 16.8999996222556 17.1649996163324 17.1749996161088 17.2549996143207 17.2999996133149 17.2799996137619 17.3149996129796 17.5799996070564 17.5999996066093 17.7149996040389 17.4499996099621 17.3399996124208 17.5149996085092 17.3149996129796 17.2499996144325 16.9199996218085 17.239999614656 17.2349996147677 17.1949996156618 17.2499996144325 17.3599996119738 17.4949996089563 17.5699996072799 17.3599996119738 17.489999609068 17.5349996080622 17.5199996083975 17.6449996056035 17.6999996043742 17.7699996028095 17.8499996010214 17.8799996003509 17.8649996006861 18.10999959521
16.5799996294081 16.3749996339902 16.2299996372312 16.3099996354431 16.6349996281788 16.7599996253848 16.804999624379 16.7749996250495 16.6749996272847 16.7499996256083 16.9199996218085 16.9799996204674 16.8899996224791 16.9149996219203 16.929999621585 16.8549996232614 16.7799996249378 16.7549996254966 16.804999624379 16.9449996212497 17.0649996185675 17.1499996166676 17.2299996148795 17.2599996142089 17.3049996132031 17.2249996149912 17.0799996182323 17.0849996181205 17.2549996143207 17.1849996158853 17.239999614656 17.2699996139854 17.1549996165559 17.1399996168911 16.8649996230379 16.5349996304139 17.4749996094033 17.1699996162206 17.0999996177852 17.1149996174499 17.2349996147677 17.2599996142089 17.1449996167794 17.2899996135384 17.3349996125326 17.3149996129796 17.1799996159971 17.3999996110797 17.3899996113032 17.3799996115267 17.7499996032566 17.3249996127561 17.3599996119738 17.5599996075034 17.5949996067211 17.6699996050447 17.6899996045977 17.779999602586 17.9349995991215 18.1049995953217 18.3049995908514 18.4749995870516
16.4199996329844 16.3649996342137 16.0749996406958 15.9399996437132 16.1149996398017 16.3649996342137 16.5399996303022 16.5749996295199 16.6499996278435 16.7249996261671 16.8449996234849 16.9649996208027 16.9549996210262 16.9399996213615 16.8349996237084 16.8099996242672 16.7499996256083 16.7499996256083 16.9149996219203 17.0199996195734 17.0799996182323 17.1199996173382 17.1149996174499 17.1499996166676 17.2249996149912 17.1899996157736 17.1499996166676 17.074999618344 17.074999618344 17.1499996166676 17.1349996170029 17.1149996174499 17.074999618344 17.0899996180087 17.0999996177852 16.7899996247143 17.5149996085092 17.3599996119738 17.1849996158853 17.2249996149912 17.2949996134266 17.3899996113032 17.3599996119738 17.3699996117502 17.3949996111915 17.3399996124208 17.2349996147677 17.4949996089563 17.4849996091798 17.4299996104091 17.2999996133149 17.3749996116385 17.4449996100739 17.5449996078387 17.5799996070564 17.7199996039271 17.8949996000156 18.0199995972216 18.1399995945394 18.3099995907396 18.4449995877221 18.4099995885044
16.7949996246025 17.0149996196851 16.6349996281788 16.2949996357784 15.7649996476248 15.9599996432662 16.0699996408075 16.1899996381253 16.2699996363372 16.3949996335432 16.5899996291846 16.6549996277317 16.7399996258318 16.7099996265024 16.6299996282905 16.5949996290728 16.6799996271729 16.8149996241555 16.7699996251613 16.8549996232614 16.9049996221438 16.8349996237084 16.9699996206909 17.0149996196851 17.0999996177852 17.1499996166676 17.0799996182323 16.9449996212497 17.0049996199086 17.0849996181205 17.1049996176735 17.0999996177852 17.2599996142089 17.1799996159971 17.0049996199086 17.0449996190146 17.4724996094592 17.5224996083416 17.3949996111915 17.3899996113032 17.4399996101856 17.5149996085092 17.4949996089563 17.5199996083975 17.5049996087328 17.5149996085092 17.3899996113032 17.3749996116385 17.5049996087328 17.4999996088445 17.5249996082857 17.6149996062741 17.5599996075034 17.5549996076152 17.5649996073917 17.4499996099621 17.7599996030331 17.9749995982274 18.1899995934218 18.4549995874986 18.5599995851517 18.379999589175
17.3349996125326 17.2849996136501 17.0899996180087 16.6349996281788 15.6749996496364 15.4399996548891 15.5299996528774 15.7149996487424 15.934999643825 16.0449996413663 16.0099996421486 16.2149996375665 16.3399996347725 16.3849996337667 16.4449996324256 16.5399996303022 16.6099996287376 16.6449996279553 16.7449996257201 16.7199996262789 16.7799996249378 16.804999624379 16.8349996237084 16.9899996202439 17.074999618344 17.0699996184558 17.0449996190146 17.0699996184558 17.0049996199086 17.1149996174499 17.1449996167794 17.0399996191263 17.1399996168911 17.5949996067211 17.5049996087328 17.509999608621 17.5949996067211 17.8349996013567 17.8499996010214 17.7949996022508 17.6649996051565 17.65499960538 17.6399996057153 17.65499960538 17.5949996067211 17.5899996068329 17.5249996082857 17.6499996054918 17.674999604933 17.6599996052682 17.529999608174 17.5499996077269 17.5849996069446 17.6249996060506 17.7199996039271 17.9199995994568 18.0749995959923 18.1899995934218 18.5749995848164 18.7149995816872 18.7599995806813 18.4799995869398
17.0099996197969 17.0199996195734 16.8299996238202 16.2799996361136 15.66499964986 15.4499996546656 15.4099996555597 15.5249996529892 15.6049996512011 15.7099996488541 15.4599996544421 15.6499996501952 15.9299996439368 16.2999996356666 16.2349996371195 16.3349996348843 16.4299996327609 16.5299996305257 16.7399996258318 16.784999624826 16.7949996246025 16.7749996250495 16.8449996234849 16.8899996224791 16.8799996227026 16.9199996218085 16.9899996202439 17.1249996172264 17.1549996165559 17.1699996162206 17.1549996165559 17.1349996170029 17.2299996148795 17.5899996068329 17.674999604933 17.7149996040389 17.7399996034801 17.9699995983392 18.0749995959923 18.0249995971099 18.0099995974451 18.0099995974451 17.8849996002391 17.8299996014684 17.6599996052682 17.779999602586 17.7349996035919 17.7299996037036 17.6249996060506 17.7349996035919 17.6999996043742 17.7099996041507 17.819999601692 17.8699996005744 18.0649995962158 18.2449995921925 18.5749995848164 18.7199995815754 18.8299995791167 18.3974995887838 18.3624995895661 18.1412495945115
16.9649996208027 16.949999621138 16.8599996231496 16.389999633655 15.5549996523187 15.3649996565655 15.3049996579066 15.3799996562302 15.4549996545538 15.5949996514246 15.8299996461719 15.8899996448308 16.0949996402487 16.0399996414781 16.1299996394664 16.2499996367842 16.4849996315315 16.5449996301904 16.5449996301904 16.6449996279553 16.6949996268377 16.9149996219203 16.9649996208027 16.9699996206909 16.9349996214733 16.8399996235967 17.1249996172264 17.219999615103 17.3049996132031 17.2799996137619 17.2749996138737 17.3199996128678 17.4649996096268 17.6199996061623 17.7249996038154 17.8399996012449 17.8699996005744 17.9699995983392 18.089999595657 18.0499995965511 18.1199995949864 18.10999959521 17.9949995977804 17.9399995990098 17.054999618791 17.6599996052682 17.7399996034801 17.819999601692 17.779999602586 17.819999601692 17.8049996020272 17.8899996001273 18.089999595657 18.1899995934218 18.359999589622 18.5699995849282 18.4649995872751 18.4449995877221 -9999 -9999 -9999 -9999
16.909999622032 16.909999622032 16.4399996325374 15.7999996468425 15.6399996504188 15.4499996546656 15.3199996575713 15.3599996566772 15.5049996534362 15.7599996477365 15.9099996443838 16.0749996406958 16.059999641031 16.099999640137 16.1949996380135 16.3099996354431 16.4549996322021 16.4749996317551 16.5999996289611 16.7999996244907 16.8599996231496 16.9549996210262 16.9199996218085 16.8699996229261 16.9799996204674 17.0099996197969 17.2849996136501 17.2849996136501 17.3299996126443 17.1449996167794 17.2549996143207 17.3299996126443 17.6949996044859 17.7499996032566 17.7199996039271 17.7149996040389 17.9399995990098 18.0749995959923 18.0349995968863 18.0549995964393 18.0599995963275 18.1749995937571 18.3149995906278 18.0549995964393 17.4849996091798 17.7349996035919 17.9549995986745 17.9849995980039 18.0149995973334 18.0099995974451 18.1599995940924 18.1849995935336 18.1649995939806 18.234999592416 18.2199995927513 18.4039995886385 -9999 -9999 -9999 -9999 -9999 -9999
15.7049996489659 15.7799996472895 15.789999647066 15.4849996538833 15.2849996583536 15.4249996552244 15.3849996561185 15.479999653995 15.7749996474013 15.3199996575713 15.914999644272 16.2149996375665 16.5099996309727 16.5899996291846 16.6299996282905 16.7349996259436 16.639999628067 16.5949996290728 16.8449996234849 16.9799996204674 16.9949996201321 16.9899996202439 17.0049996199086 16.9049996221438 17.0599996186793 17.1249996172264 17.1549996165559 17.3349996125326 17.4599996097386 17.5566662742446 16.8849996225908 17.2424996146001 17.2424996146001 18.4599995873868 -9999 17.9399995990098 18.3449995899573 18.2199995927513 18.0599995963275 18.1349995946512 18.1149995950982 18.1899995934218 18.3749995892867 18.069999596104 18.0599995963275 18.1949995933101 18.1299995947629 18.0799995958805 18.1449995944276 18.1499995943159 18.1599995940924 18.1649995939806 18.1649995939806 -9999 -9999 -9999 -9999 -9999 -9999 -9999 -9999 -9999
15.5899996515363 15.3299996573478 15.0799996629357 14.9799996651709 14.919999666512 14.9849996650591 15.1549996612594 14.8699996676296 15.479999653995 16.1699996385723 16.1599996387959 16.7199996262789 16.8099996242672 16.8599996231496 16.8299996238202 16.8649996230379 17.0899996180087 16.929999621585 16.9199996218085 17.054999618791 17.0099996197969 17.054999618791 17.1099996175617 17.19999961555 17.0999996177852 17.0399996191263 17.0249996194616 17.219999615103 17.4149996107444 -9999 -9999 -9999 -9999 -9999 16.3799996338785 18.2599995918572 17.8449996011332 18.1499995943159 18.1749995937571 18.2699995916337 18.2799995914102 18.3899995889515 18.6149995839223 18.3899995889515 18.4349995879456 18.5149995861575 18.1949995933101 18.1599995940924 18.1899995934218 18.1849995935336 18.1949995933101 18.2099995929748 17.8049996020272 -9999 -9999 -9999 -9999 -9999 -9999 -9999 -9999 -9999
14.629999672994 14.4499996770173 14.4399996772408 14.4949996760115 14.9299996662885 15.0299996640533 14.9349996661767 16.514999630861 16.639999628067 16.5999996289611 16.349999634549 16.6199996285141 17.0699996184558 17.0499996189028 17.1349996170029 17.2149996152148 17.1599996164441 16.9699996206909 16.8899996224791 16.9249996216968 17.0599996186793 17.3249996127561 17.219999615103 17.054999618791 17.1349996170029 17.2249996149912 17.1549996165559 17.2099996153265 17.219999615103 16.3488885234627 -9999 -9999 -9999 -9999 -9999 18.1512495942879 18.1049995953217 18.2949995910749 18.3099995907396 18.3649995895103 18.4149995883927 18.4449995877221 18.6149995839223 18.7399995811284 18.7499995809048 18.4549995874986 18.4199995882809 18.3099995907396 18.3149995906278 18.3249995904043 18.2099995929748 18.069999596104 18.2799995914102 18.4999995864928 14.794999669306 -9999 -9999 -9999 -9999 -9999 -9999 -9999
14.1649996833876 14.2049996824935 14.3499996792525 14.4149996777996 14.5499996747822 15.8499996457249 15.8599996455014 16.2099996376783 16.6249996284023 16.6199996285141 16.7799996249378 17.1599996164441 17.3149996129796 17.3249996127561 17.4099996108562 17.4549996098503 17.2699996139854 17.0499996189028 17.1749996161088 17.4649996096268 17.2249996149912 17.1049996176735 17.0899996180087 17.4399996101856 17.8699996005744 17.7299996037036 17.529999608174 17.5749996071681 17.5399996079504 17.7899996023625 17.3778567544318 24.7149994475767 -9999 -9999 -9999 -9999 18.0624995962717 17.9983329310392 18.2299995925277 18.4099995885044 18.4099995885044 18.4299995880574 18.794999579899 17.7124996040948 18.2049995930865 18.2949995910749 18.4399995878339 18.524999585934 18.4399995878339 18.2899995911866 18.0949995955452 17.8799996003509 18.0399995967746 9.86999977938831 -9999 -9999 -9999 -9999 -9999 -9999 -9999 -9999
14.1649996833876 14.2599996812642 14.3949996782467 14.5149996755645 14.7649996699765 15.0049996646121 15.6799996495247 16.7499996256083 16.9999996200204 16.8499996233732 17.1249996172264 17.384999611415 17.5199996083975 17.5599996075034 17.5999996066093 17.5999996066093 17.3799996115267 17.1449996167794 17.3249996127561 17.4649996096268 17.3199996128678 17.344999612309 17.3699996117502 17.8299996014684 18.1449995944276 18.0649995962158 18.1449995944276 17.8849996002391 17.7299996037036 17.9849995980039 18.1399995945394 -9999 -9999 -9999 -9999 -9999 -9999 -9999 -9999 -9999 -9999 -9999 -9999 -9999 -9999 -9999 18.0249995971099 18.4349995879456 18.254999591969 18.1599995940924 17.6274996059947 -9999 -9999 -9999 -9999 -9999 -9999 -9999 -9999 -9999 -9999 -9999
14.2199996821582 14.2549996813759 14.3649996789172 14.8299996685237 15.1049996623769 15.6949996491894 15.6149996509776 15.7049996489659 17.3749996116385 16.9899996202439 17.1299996171147 17.2599996142089 17.4049996109679 17.5799996070564 17.6699996050447 17.7349996035919 17.65499960538 17.6099996063858 17.7149996040389 17.6849996047094 17.5699996072799 17.5749996071681 17.6099996063858 17.9299995992333 17.4999996088445 17.7916662689919 17.6649996051565 17.6949996044859 17.8149996018037 17.8549996009097 18.2049995930865 18.10999959521 18.8199995793402 -9999 -9999 -9999 -9999 -9999 -9999 -9999 -9999 -9999 -9999 -9999 -9999 -9999 -9999 -9999 -9999 -9999 -9999 -9999 -9999 -9999 -9999 -9999 -9999 -9999 -9999 -9999 -9999 -9999
14.1699996832758 14.2799996808171 14.4649996766821 15.0599996633828 15.5149996532127 16.2299996372312 16.2399996370077 16.4499996323138 16.8549996232614 17.1449996167794 17.6099996063858 17.8249996015802 17.1199996173382 17.344999612309 17.6599996052682 17.8499996010214 17.7649996029213 17.7549996031448 17.8899996001273 17.8349996013567 17.65499960538 17.6449996056035 17.7499996032566 17.924999599345 18.1049995953217 18.1449995944276 17.9199995994568 17.7549996031448 17.5149996085092 17.6949996044859 18.0999995954335 18.1449995944276 -9999 -9999 -9999 -9999 -9999 -9999 -9999 -9999 -9999 -9999 -9999 -9999 -9999 -9999 -9999 -9999 -9999 -9999 -9999 -9999 -9999 -9999 -9999 -9999 -9999 -9999 -9999 -9999 -9999 -9999
14.1249996842816 14.1849996829405 14.8499996680766 15.3399996571243 15.4749996541068 15.954999643378 16.3399996347725 16.4549996322021 16.6549996277317 17.2599996142089 17.4999996088445 17.4999996088445 17.4099996108562 17.3999996110797 17.6799996048212 17.7099996041507 17.8149996018037 17.9799995981157 18.0399995967746 17.8999995999038 17.7099996041507 17.7599996030331 17.8899996001273 18.0599995963275 18.2299995925277 18.2399995923042 17.9899995978922 17.8049996020272 17.9999995976686 17.6999996043742 17.9799995981157 17.9049995997921 23.3717703109335 -9999 -9999 -9999 -9999 -9999 -9999 -9999 -9999 -9999 -9999 -9999 -9999 -9999 -9999 -9999 -9999 -9999 -9999 -9999 -9999 -9999 -9999 -9999 -9999 -9999 -9999 -9999 -9999 -9999
14.5349996751174 14.5149996755645 15.2849996583536 15.66499964986 15.6699996497482 15.6999996490777 16.2849996360019 16.5399996303022 16.6499996278435 17.1199996173382 17.7149996040389 17.819999601692 17.8299996014684 17.7399996034801 17.9849995980039 17.9599995985627 17.9499995987862 18.0399995967746 18.0749995959923 17.9099995996803 17.7949996022508 17.8299996014684 17.9749995982274 18.1999995931983 18.1999995931983 18.1599995940924 17.7549996031448 17.7349996035919 17.9349995991215 18.0449995966628 18.1599995940924 18.1749995937571 17.9383329323803 -9999 -9999 -9999 -9999 -9999 -9999 -9999 -9999 -9999 -9999 -9999 -9999 -9999 -9999 -9999 -9999 -9999 -9999 -9999 -9999 -9999 -9999 -9999 -9999 -9999 -9999 -9999 -9999 -9999
