EcologicalScience/Bass/data/rs_data_bass/sst_296.asc
NCOLS 226 
NROWS 124 
XLLCORNER -9.41648524995501 
YLLCORNER 47.587301625531 
CELLSIZE 0.0833 
NODATA_value -9999 
[rows 0 to 26 of 124, columns 0 to 61 of 226]
-9999.000000000000000 -9999 -9999 -9999 -9999 -9999 -9999 -9999 -9999 -9999 -9999 -9999 -9999 -9999 -9999 -9999 -9999 -9999 -9999 -9999 -9999 -9999 -9999 -9999 -9999 -9999 -9999 -9999 -9999 -9999 -9999 -9999 -9999 -9999 -9999 -9999 -9999 -9999 -9999 -9999 -9999 -9999 -9999 -9999 -9999 -9999 -9999 -9999 -9999 -9999 -9999 -9999 -9999 -9999 -9999 -9999 -9999 -9999 -9999 -9999 -9999 -9999
-9999 -9999 -9999 -9999 -9999 -9999 -9999 -9999 -9999 -9999 -9999 -9999 -9999 -9999 -9999 -9999 -9999 -9999 -9999 -9999 -9999 -9999 -9999 -9999 -9999 -9999 -9999 -9999 -9999 -9999 -9999 -9999 -9999 -9999 -9999 -9999 -9999 -9999 -9999 -9999 -9999 -9999 -9999 -9999 -9999 -9999 -9999 -9999 -9999 -9999 -9999 -9999 -9999 -9999 -9999 -9999 -9999 -9999 -9999 -9999 -9999 -9999
-9999 -9999 -9999 -9999 -9999 -9999 -9999 -9999 -9999 -9999 -9999 -9999 -9999 -9999 -9999 -9999 -9999 -9999 -9999 -9999 -9999 -9999 -9999 -9999 -9999 -9999 -9999 -9999 -9999 -9999 -9999 -9999 -9999 -9999 -9999 -9999 -9999 -9999 -9999 -9999 -9999 -9999 -9999 -9999 -9999 -9999 -9999 -9999 -9999 -9999 -9999 -9999 -9999 -9999 -9999 -9999 -9999 -9999 -9999 -9999 -9999 -9999
-9999 -9999 -9999 -9999 -9999 -9999 -9999 -9999 -9999 -9999 -9999 -9999 -9999 -9999 -9999 -9999 -9999 -9999 -9999 -9999 -9999 -9999 -9999 -9999 -9999 -9999 -9999 -9999 -9999 -9999 -9999 -9999 -9999 -9999 -9999 -9999 -9999 -9999 -9999 -9999 -9999 -9999 -9999 -9999 -9999 -9999 -9999 -9999 -9999 -9999 -9999 -9999 -9999 -9999 -9999 -9999 -9999 -9999 -9999 -9999 -9999 -9999
-9999 -9999 -9999 -9999 -9999 -9999 -9999 -9999 -9999 -9999 -9999 -9999 -9999 -9999 -9999 -9999 -9999 -9999 -9999 -9999 -9999 -9999 -9999 -9999 -9999 -9999 -9999 -9999 -9999 -9999 -9999 -9999 -9999 -9999 -9999 -9999 -9999 -9999 -9999 -9999 -9999 -9999 -9999 -9999 -9999 -9999 -9999 -9999 -9999 -9999 -9999 -9999 -9999 -9999 -9999 -9999 -9999 -9999 -9999 -9999 -9999 -9999
-9999 -9999 -9999 -9999 -9999 12.8213446317241 12.4699239954352 13.0336313834414 12.6857966720127 12.7173528107814 12.9590441463515 13.0085299094208 12.5947141805664 12.9074068283662 12.3436994403601 12.2131717754528 11.9126712721772 11.7871639020741 11.8452558848076 12.619815654587 11.8495589946397 12.0847956654616 11.2808313118294 11.0427259011194 8.81228063814342 10.0350810154341 8.97508162679151 8.97508162679151 11.0785851497203 11.4615619247779 11.3475295142271 11.8399854091992 11.8680145545863 11.4298849121374 12.3249997245148 7.71563004689853 10.3347585195614 12.2299997266382 -9999 9.48751028929837 6.81616361169145 11.6204901145771 13.5064355762443 13.4049997003749 -9999 -9999 -9999 -9999 -9999 -9999 -9999 -9999 -9999 -9999 -9999 -9999 -9999 -9999 -9999 -9999 -9999 -9999
-9999 -9999 -9999 -9999 -9999 13.1340372795239 12.7639698339626 12.7101809610613 12.2576372437179 12.9031037185341 12.8794366144575 12.8349711461924 12.5524002672173 12.5423596776091 12.061845746357 12.5846735909581 12.1694234921597 11.7799920523539 11.8488418096676 12.1658375672996 12.2239295500331 12.8364055161364 12.4857020648196 11.5516881695949 8.7734761499241 7.33796023123432 9.13859980041161 10.6303445422091 12.1665547522716 11.383388762828 11.3690450633876 11.7649311679415 6.82679595651903 6.92874196486767 6.71523177996278 10.548944047885 12.0099997315556 -9999 -9999 10.948599357903 11.1993112866767 10.4860879078374 8.54405345860869 11.4601992733311 11.3495535695925 11.6418042415753 -9999 -9999 -9999 -9999 -9999 -9999 -9999 -9999 -9999 -9999 -9999 -9999 -9999 -9999 -9999 -9999
-9999 -9999 -9999 -9999 -9999 12.6176640996709 12.7202215506695 12.857203880325 12.7697073137388 12.7596667241305 12.8421429959126 12.6477858684957 12.9418317070231 13.019287684001 12.4182866774499 12.221777995117 12.1852015615441 12.7668385738507 12.6434827586636 12.3350932206959 12.5846735909581 12.4763786601834 11.1115756584331 9.87228002678603 12.1171306145044 7.28467664774507 11.0800195196643 12.1349986135028 12.2124545904808 11.6100192139857 11.8481246246956 12.262657538522 11.8058107113466 12.1902218563482 10.536632372532 12.8683141695525 11.8185128540732 12.3099997248501 12.0549997305498 9.28657896630466 10.9116563631222 12.0468729372921 10.4823175639845 11.9099818285322 11.1755963702686 -9999 -9999 -9999 -9999 -9999 -9999 -9999 -9999 -9999 -9999 -9999 -9999 -9999 -9999 -9999 -9999 -9999
-9999 -9999 -9999 -9999 -9999 12.700140371453 12.3644978045486 12.89808342373 13.0042267995887 12.7876369380392 12.42187260231 12.100573734846 12.1271095788106 12.5488143423572 12.541642492637 12.5990172903985 12.1672719372436 12.619098469615 11.86390269408 12.3766899490729 11.8330637402833 11.9356211912818 11.9972990988754 9.43479719385505 9.59567225881423 10.2947019753046 11.8717917287722 11.8717917287722 12.1744437869638 12.1314126886427 11.9162571970373 12.5567033770494 12.1522110528313 12.2246467350051 12.1852015615441 9.24020100478083 12.0096665552817 10.2577236708422 10.606305128994 12.9368877084926 9.87490970501676 11.6083457823843 9.50149539625272 -9999 10.9777170677669 10.8988054112291 9.33499979134649 -9999 -9999 -9999 -9999 -9999 -9999 -9999 -9999 -9999 -9999 -9999 -9999 -9999 -9999 -9999
-9999 -9999 -9999 -9999 -9999 13.0042267995887 12.9611957012676 12.8758506895974 12.818475891836 12.8019806374796 12.9210333428346 12.700857556425 12.7431714697741 12.4720755503513 12.6857966720127 12.9992065047845 11.5088961329311 11.1933347452432 10.8971373517998 10.2810754608363 8.88256476540118 11.3188421153463 10.7027802243829 11.2750938320532 11.2823308804072 9.07979063270614 11.6401409828104 12.5753501863219 12.7840510131791 12.6277046892792 12.5552690071054 12.6750388974324 12.7618182790466 12.3860133537091 12.2289498448372 11.3403576645069 13.7314523612149 13.2502212449908 10.135725973174 8.90867029838264 11.3164216160658 11.7197485147044 9.63155277593244 10.190812609358 10.9299229505206 12.892613931221 12.0949997296557 -9999 -9999 -9999 -9999 -9999 -9999 -9999 -9999 -9999 -9999 -9999 -9999 -9999 -9999 -9999
-9999 -9999 -9999 -9999 -9999 12.8005462675355 12.9461348168552 12.8622241751291 12.6843623020686 13.099612400867 12.697988816537 13.017136129085 12.6441999436356 11.8180028558709 11.8330637402833 12.3185979663394 11.9772179196589 9.80845056427643 9.32435070816427 9.68724630400538 10.3133487845771 10.467543553561 10.9315622304566 11.0463118259795 11.4424635545971 12.1500594979152 12.2289498448372 12.1916562262923 12.7223731055856 11.1165959532373 12.5688955215737 12.7517776894383 12.7116153310053 11.2048097047955 10.5604190074373 10.4520045458339 10.2050538538024 10.9475793614984 11.504951615585 11.1016375238209 11.9990408338074 10.2672098847106 9.36602712376043 14.1062532275915 11.8759673390537 12.039999730885 -9999 -9999 -9999 -9999 -9999 -9999 -9999 -9999 -9999 -9999 -9999 -9999 -9999 -9999 -9999 -9999
-9999 -9999 -9999 -9999 -9999 12.2002624459565 12.1773125268519 12.6900997818448 12.3982054982334 12.9812768804841 12.8464461057447 12.9310739324428 13.056581302546 13.0451063429937 12.6499374234118 11.8316293703392 11.1919003752992 10.9774620686658 9.84144107298926 10.3725165447686 10.5521713802591 10.8340250742622 11.0298165716231 8.43504134286195 9.83785514812917 12.9475691867992 12.0783410007134 12.4519943711348 12.5645924117416 12.8277992964722 12.6097750649787 12.9117099381983 9.37527084117755 13.4725485863164 11.8796807634644 10.4374217847362 10.5618809614187 10.6650084825233 12.0797753706574 10.7350535481237 10.0924558131956 9.92463452974334 13.2628811188447 11.4352492050268 11.4526528936811 11.7750673822127 12.2549997260794 -9999 -9999 -9999 -9999 -9999 -9999 -9999 -9999 -9999 -9999 -9999 -9999 -9999 -9999 -9999
-9999 -9999 -9999 -9999 -9999 12.4964598393999 12.7818994582631 12.8557695103809 12.5918454406783 12.6664326777682 13.0085299094208 12.8780022445135 13.0522781927139 12.2418591743335 12.8736991346814 9.72812584741041 9.24474317627028 10.8716772852931 10.7178411087953 10.9552293345332 10.7544175423682 10.3370158886537 10.5901821837761 11.4386120056733 12.6298562441953 12.3336588507518 12.4735099202953 12.5222784983926 12.422589787282 12.7367168050259 12.5100863538682 12.7546464293264 12.779030718375 14.4149296395481 12.6398968338035 11.625080098398 11.7799920523539 12.2784356079064 8.96819665106013 9.67254401207902 10.706724741729 11.090203546267 11.2596231276569 11.8639768856289 10.2619496396031 12.1299997288734 -9999 -9999 -9999 -9999 -9999 -9999 -9999 -9999 -9999 -9999 -9999 -9999 -9999 -9999 -9999 -9999
-9999 -9999 -9999 -9999 -9999 12.6936857067049 13.0278939036652 12.8399914409965 12.7524948744103 12.7517776894383 13.3118991525844 12.4720755503513 12.5330362729728 12.3142948565073 10.7945799008012 10.626041432377 10.8028275279794 10.6063188456465 10.8562578083947 11.5677053006366 10.2739036111161 10.6174352127127 9.92033141991124 12.4053773479536 12.3637806195766 12.4096804577857 12.8055665623397 12.8277992964722 12.7704244987108 12.3092745617032 12.221777995117 12.1199377290905 11.4852290288545 14.4823450269178 12.2712637581863 11.6071504740976 11.7728202026337 11.6803033412434 10.8824350598734 10.509498874424 10.4252296402119 10.5600604149513 12.254506119084 11.790765764378 11.8749997345731 -9999 -9999 -9999 -9999 -9999 -9999 -9999 -9999 -9999 -9999 -9999 -9999 -9999 -9999 -9999 -9999 -9999
-9999 -9999 -9999 -9999 -9999 12.2117374055088 12.8722647647373 12.8880428341217 12.4354991167784 12.4068117178977 12.6470686835237 12.0690175960772 12.0525223417208 12.1220892840065 11.6659596418031 10.4173406055197 11.7247688095085 12.0137943532318 12.4276100820862 12.6097750649787 12.5445112325251 12.382427428849 11.9083681623451 10.0953245530836 12.4398022266105 12.2289498448372 12.4519943711348 12.6061891401187 12.459166220855 11.1689504561946 11.9678945150226 12.9683675509878 12.8658100999892 12.0977049949579 14.3231299631298 11.7097079250962 12.0073396884836 10.5390229891054 11.2799348306144 13.5119234475252 10.8531150877308 13.2565249234291 10.8835994781707 12.0152661415222 10.6666067037156 11.9403447098527 -9999 -9999 -9999 -9999 -9999 -9999 -9999 -9999 -9999 -9999 -9999 -9999 -9999 -9999 -9999 -9999
-9999 -9999 -9999 -9999 -9999 12.380275873933 12.6140781748109 12.8471632907167 13.1182592101395 12.061128561385 12.4175694924779 12.780465088319 12.3982054982334 12.3781243190169 11.9937131740153 12.5065004290082 11.1682332712226 12.4964598393999 12.4132663826458 12.5904110707343 12.5086519839242 12.422589787282 12.3293557409197 12.6872310419567 12.7546464293264 12.8815881693736 11.2449720632285 10.8383281840943 11.0864741844125 12.2267982899211 11.2435376932845 12.9934690250084 12.7668385738507 11.3152561904863 10.6332132820971 11.9478133358061 11.1101412884891 12.4799645850435 11.4570478781893 13.8459894574868 14.0818055594058 10.5426787522025 12.254189386553 -9999 -9999 -9999 -9999 13.2249997043982 13.2249997043982 -9999 -9999 -9999 -9999 -9999 -9999 -9999 -9999 -9999 -9999 -9999 -9999 -9999
-9999 -9999 -9999 -9999 -9999 12.0711691509932 11.901196312625 12.4699239954352 11.8388012200594 12.0718863359652 12.3666493594646 13.6740775634535 12.5502487123013 13.4474471122958 12.7051606662571 12.0489364168607 11.9894100641832 12.8650929150172 12.8615069901571 12.8701132098213 12.8686788398772 12.4025086080655 12.779747903347 12.8285164814442 12.7582323541865 11.2499923580326 11.265053242445 12.1500594979152 12.299951157067 11.3001953060739 12.7560807992704 11.184728525579 12.0051881335676 11.9090853473172 11.1897488203831 10.7300332533196 10.4787794514559 10.3778954320587 10.8425549976528 -9999 -9999 -9999 -9999 -9999 -9999 -9999 -9999 -9999 -9999 -9999 -9999 -9999 -9999 -9999 -9999 -9999 -9999 -9999 -9999 -9999 -9999 -9999
-9999 -9999 -9999 -9999 -9999 11.4988555433229 11.0004119877703 11.8431043298915 11.8445386998355 12.1557969776914 12.3049714518711 13.0831171465106 12.7510605044663 13.2373119154945 13.0752281118184 12.4247413421981 12.5904110707343 12.6248359493911 12.979125325568 12.9640644411556 12.5653095967136 13.0264595337212 13.017853314057 13.0673390771262 12.3982054982334 12.2289498448372 12.1550797927193 11.6121707689017 12.1098971394822 10.7242957735434 12.3035370819271 12.2074342956766 11.9614398502745 12.1278267637827 10.9702902189456 12.4799645850435 11.1534114484675 10.577533648815 14.5217202311132 10.8830112253284 11.6199997402728 -9999 -9999 -9999 -9999 -9999 -9999 -9999 -9999 -9999 -9999 -9999 -9999 -9999 -9999 -9999 -9999 -9999 -9999 -9999 -9999 -9999
-9999 -9999 -9999 -9999 -9999 11.0448774560355 12.0360270873643 11.7498702835292 11.6085848440416 12.0697347810492 12.4498428162187 13.0802484066226 13.0393688632175 13.7544022803195 13.3807489098981 12.8328195912763 12.9834284354001 12.7740104235709 13.0558641175739 13.1426434991881 13.0350657533854 13.0788140366785 13.1426434991881 12.9045380884781 12.8894772040658 12.1586657175794 12.1959593361244 11.8251747055911 12.4326303768903 11.7570421332493 12.6664326777682 10.6124149179086 10.8146610800177 11.3217108552344 11.2887203465216 12.4032257930376 10.8768171109259 11.212937801145 10.857851552777 9.92085477110703 10.8668705783632 -9999 12.6495657436087 9.03918919836891 11.0606555254199 12.1599997282028 -9999 -9999 -9999 -9999 -9999 -9999 -9999 -9999 -9999 -9999 -9999 -9999 -9999 -9999 -9999 -9999
-9999 -9999 -9999 -9999 -9999 12.7589495391585 12.7173528107814 11.5318460520357 11.9958647289313 11.4099246067926 12.2124545904808 12.579653296154 13.3147678924724 13.7780693843961 13.297555453144 12.9310739324428 12.6535233482718 12.5875423308462 12.8672444699332 12.9640644411556 13.1153904702514 13.3549302509055 13.338434996549 13.2401806553826 13.0458235279657 13.0737937418744 12.4634693306871 12.7137668859214 12.660695197992 12.4957426544279 12.9160130480304 13.7701803497039 13.2724539791234 12.0797753706574 11.3991668322124 10.4269030718133 10.2863348172978 11.5441647586139 10.5606341629289 12.0152287231758 11.8552964744158 11.5617287592031 10.8752632101532 11.3402142275125 9.75595262432471 13.0118767726235 12.8849997119978 -9999 -9999 -9999 -9999 -9999 -9999 -9999 -9999 -9999 -9999 -9999 -9999 -9999 -9999 -9999
-9999 -9999 -9999 -9999 -9999 12.9260536376387 12.223212365061 12.8342539612204 12.1364329834469 12.619098469615 12.9117099381983 13.2430493952706 13.0737937418744 13.5277718291618 13.2222510310821 12.8148899669759 13.2337259906344 12.857921065297 12.7998290825635 13.0207220539451 13.3054444878362 13.4639423666522 13.3176366323605 13.3305459618568 13.3721426902339 13.0128330192529 12.9461348168552 12.8249305565841 12.4720755503513 13.3520615110174 13.8081911532208 11.3801614304539 13.3922238694504 11.2098299995996 11.5512100462802 11.5368663468398 11.3941465374082 12.1622516424395 10.5518127877731 11.6200598035939 10.3674962499645 9.46993925748393 10.2997222701088 10.4271421334706 9.90383616555482 12.7386670448621 -9999 -9999 -9999 -9999 -9999 -9999 -9999 -9999 -9999 -9999 -9999 -9999 -9999 -9999 -9999 -9999
-9999 -9999 -9999 -9999 -9999 12.7130497009493 13.0867030713707 12.6040375852026 13.4201940833591 12.976973770652 12.8048493773676 13.0823999615386 12.6563920881599 13.258110279683 13.2258369559422 13.1584215685725 13.0953092910349 13.4101534937508 13.298272638116 13.5012359851971 13.494781320449 13.3993957191706 13.3068788577802 13.017136129085 13.1806543027051 12.9676503660157 12.5524002672173 12.7252418454736 12.7367168050259 13.7773521994241 13.4503158521838 13.7694631647319 11.2944578262977 12.9698019209318 12.4311960069463 12.0948362550698 11.4601275548339 12.4297616370022 11.0194173895288 10.1867656370159 9.18163089873269 9.35088655212894 10.3437096150592 9.8547415942885 9.72180157992989 10.1550899674185 11.4109856475731 -9999 -9999 8.89539725365051 -9999 -9999 -9999 -9999 10.9150669761002 -9999 -9999 -9999 -9999 -9999 -9999 -9999
-9999 -9999 -9999 -9999 -9999 12.7510605044663 12.6779076373205 13.2717367941514 13.3850520197302 13.1505325338803 13.1713308980688 12.8113040421158 12.81991026178 13.3742942451499 13.3147678924724 13.3993957191706 13.5277718291618 13.6848353380337 13.7988677485846 13.4804376210086 13.7558366502635 13.4273659330793 13.5708029274829 13.3075960427523 13.1017639557831 12.1285439487547 12.4025086080655 13.0092470943928 13.0752281118184 13.7436445057392 13.7199774016626 13.5858638118953 13.8340098122135 10.8591265482828 11.0993835139088 11.0344782739412 10.6601077185478 10.6970427446067 10.6403851318173 11.9349040063098 10.3915219465271 10.6106219554786 13.1874974426464 9.92111380351707 10.1694336668588 9.78430533688515 11.2048097047955 9.31786967632155 9.2218470460386 9.06971418384928 -9999 -9999 -9999 9.77179574983225 9.57763065554995 -9999 -9999 -9999 -9999 -9999 -9999 -9999
-9999 -9999 -9999 -9999 -9999 12.9217505278066 12.8364055161364 13.0924405511469 13.2287056958303 12.7137668859214 12.938962967135 13.2444837652147 13.0149845741689 13.2516556149349 13.4632251816802 12.5997344753705 13.7228461415507 13.7106539970264 13.7085024421103 13.7630084999837 13.4847407308407 13.4058503839187 13.9322641533799 13.6095309159718 13.3205053722486 13.1577043836005 12.2418591743335 13.5141453146935 13.6862697079778 13.735038286075 11.1359599474818 13.5428327135742 13.217230736278 13.0235907938331 13.1426434991881 10.826494632056 10.8885311321355 10.8220719913952 11.1700262336526 11.8947416478768 11.7348093991168 9.87795774114784 10.0099795414135 9.55289365258068 9.73744925204664 10.6081474130042 -9999 9.46192727679653 10.0897215454897 9.80647062172592 8.35188277618758 8.50492050791569 -9999 9.52603292995347 7.39684241247835 -9999 -9999 -9999 -9999 -9999 -9999 -9999
-9999 -9999 -9999 -9999 -9999 13.2272713258862 13.3405865514651 13.3441724763252 13.3742942451499 13.1993011119775 12.9633472561836 13.3398693664931 13.1196935800835 13.0013580597006 13.417325343471 13.1232795049436 13.3513443260454 13.4467299273238 13.7257148814388 13.7185430317186 13.7694631647319 13.8813440203667 13.3900723145343 13.3413037364371 12.4914395445958 12.1586657175794 12.6786248222925 13.6023590662517 11.2514267279766 10.7673268718645 14.2399365063757 10.5736869294196 13.0149845741689 10.6167180277407 12.8500320306048 10.3857844667509 10.9136326061562 10.946264522383 10.318710264465 7.32067322963849 10.6745566337475 10.7326948064379 8.11661121528596 9.74010283644311 10.2761746968608 8.95858637243509 -9999 13.0149997090921 8.47571597627497 10.3281506855274 9.30297214939165 9.20145234068906 13.4985804624629 14.7880790421513 11.5600638633573 -9999 -9999 -9999 -9999 -9999 -9999 -9999
-9999 -9999 -9999 -9999 -9999 14.0692464830354 13.8913846099749 13.1698965281248 13.5478530083783 12.857203880325 13.9085970493034 13.4517502221279 13.3341318867169 13.4309518579394 13.416608158499 13.5815607020631 13.5284890141338 13.5872981818393 13.3248084820807 13.7120883669704 13.896404904779 13.7034821473062 13.4323862278834 10.6887951174285 11.3073671557941 11.1829355631489 10.9953916929662 13.2452009501867 13.4072847538628 13.1282997997478 12.5983001054265 12.8550523254089 10.2792824984062 10.349208033178 10.5292214611545 8.78610338666476 9.11537997298423 9.53720656442797 7.8349998248741 9.53860971855465 7.21334064919502 8.1341822471004 12.18018126674 12.103442474734 11.1108584734611 9.30472079140207 9.03789767575369 -9999 9.41953139945066 10.7793468919955 12.379917281447 14.7744713409612 10.1331698523763 13.999201417435 13.6930973089114 13.8699996899813 -9999 -9999 -9999 -9999 -9999 -9999
-9999 -9999 -9999 -9999 -9999 14.2765129399486 14.2090975525789 14.2047944427468 14.1954710381106 13.5320749389939 13.9688405869529 13.5227515343577 12.9712362908758 12.6169469146989 13.3283944069408 13.338434996549 13.3398693664931 13.1455122390762 13.1605731234886 13.7622913150117 13.2509384299628 13.4847407308407 12.7897884929553 12.5351878278889 10.9771034761798 13.3649708405137 13.4244971931912 13.3922238694504 13.6755119333975 13.3499099561013 12.4003570531495 12.1672719372436 10.2925504203886 10.1530579433311 8.46229437179863 9.64035344045036 10.6647694208659 9.72477898420766 -9999 10.4991634421051 8.71133685333189 12.2425763593055 12.143604833167 11.9951475439593 11.3425092194229 11.2596345115453 -9999 11.80190603761 13.6923657802399 12.6043961776886 12.8299508513883 12.2852488651406 12.0005264312495 11.0339762444608 14.0149996867403 -9999 -9999 -9999 -9999 -9999 -9999 -9999
