EcologicalScience/Bass/data/rs_data_bass/sst_309.asc
NCOLS 226 
NROWS 124 
XLLCORNER -9.41648524995501 
YLLCORNER 47.587301625531 
CELLSIZE 0.0833 
NODATA_value -9999 
[rows 81 to 107 of 124, columns 62 to 123 of 226]
14.9905901104212 -9999 -9999 -9999 -9999 -9999 -9999 -9999 -9999 -9999 -9999 -9999 -9999 -9999 -9999 -9999 -9999 -9999 -9999 -9999 -9999 -9999 -9999 -9999 -9999 -9999 -9999 -9999 -9999 -9999 -9999 -9999 -9999 -9999 -9999 -9999 -9999 -9999 -9999 -9999 -9999 -9999 -9999 -9999 -9999 -9999 -9999 -9999 -9999 -9999 -9999 -9999 -9999 -9999 -9999 -9999 -9999 -9999 -9999 -9999 -9999 -9999
14.9152959747315 -9999 -9999 -9999 -9999 -9999 -9999 -9999 -9999 -9999 -9999 -9999 -9999 -9999 -9999 -9999 -9999 -9999 -9999 -9999 -9999 -9999 -9999 -9999 -9999 -9999 -9999 -9999 -9999 -9999 -9999 -9999 -9999 -9999 -9999 -9999 -9999 -9999 -9999 -9999 -9999 -9999 -9999 -9999 -9999 -9999 -9999 -9999 -9999 -9999 -9999 -9999 -9999 -9999 -9999 -9999 -9999 -9999 -9999 -9999 -9999 -9999
-9999 -9999 -9999 -9999 -9999 -9999 -9999 -9999 -9999 -9999 -9999 -9999 -9999 -9999 -9999 -9999 -9999 -9999 -9999 -9999 -9999 -9999 -9999 -9999 -9999 -9999 -9999 -9999 -9999 -9999 -9999 -9999 -9999 -9999 -9999 -9999 -9999 -9999 -9999 -9999 -9999 -9999 -9999 -9999 -9999 -9999 -9999 -9999 -9999 -9999 -9999 -9999 -9999 -9999 -9999 -9999 -9999 -9999 -9999 -9999 15.3212969985698 -9999
-9999 -9999 -9999 -9999 -9999 -9999 -9999 -9999 -9999 -9999 -9999 -9999 -9999 -9999 -9999 -9999 -9999 -9999 -9999 -9999 -9999 -9999 -9999 -9999 -9999 -9999 -9999 -9999 -9999 -9999 -9999 -9999 -9999 11.3199997469783 11.209999749437 11.1449997508898 -9999 -9999 -9999 -9999 -9999 -9999 -9999 -9999 -9999 -9999 -9999 -9999 -9999 -9999 -9999 -9999 -9999 -9999 -9999 -9999 17.2699996139854 13.9690053456627 16.6817825866918 17.4608142157085 17.3489333600737 17.3518020999618
-9999 -9999 -9999 -9999 -9999 -9999 -9999 -9999 -9999 -9999 -9999 -9999 -9999 -9999 -9999 -9999 -9999 -9999 -9999 -9999 -9999 -9999 -9999 -9999 -9999 -9999 -9999 -9999 -9999 -9999 -9999 -9999 -9999 16.9101482702199 17.2491251181345 17.2730910492828 16.9336832612753 16.8784600184299 16.9688253249042 16.8167821108364 17.5463792727678 -9999 16.7952665616758 16.803155596368 16.6898403707892 16.8311258102767 17.0604457050795 16.9024857149925 16.5452080680989 16.6896013091318 16.7002395528834 16.1677297111601 14.8969926903397 -9999 16.899114945624 17.0097048683092 17.3647114294581 17.5805841060355 17.5798669210635 17.4895016145892 17.3926816433668 17.2721945680678
-9999 -9999 -9999 -9999 -9999 -9999 -9999 -9999 -9999 -9999 -9999 -9999 14.2118819177644 14.648235427753 16.9401379260235 16.9064302323386 16.7400433188304 16.802438411396 16.8196508507244 -9999 -9999 -9999 -9999 -9999 -9999 11.894999734126 10.4455122116236 16.2331529180519 17.0312204174697 16.7902462668717 17.0513015966862 16.8870662380941 16.4328012768179 16.3201315177139 13.8849996896461 12.8283472079726 14.8728848434985 16.9817346544005 16.8053071512841 16.80387278134 16.7407605038024 16.7450636136346 16.8347117351368 16.7723166425712 16.7027497002855 17.043053969508 17.0746101082768 17.002891611075 17.0297860475257 17.0516601891723 17.0785546256229 16.7216355712153 17.3252662559971 17.1445356430486 17.6659291177057 17.5648060366511 17.8029114473611 17.797173967585 17.9377422221005 17.8151035918854 17.4708548053168 16.9745628046803
-9999 -9999 -9999 -9999 -9999 -9999 -9999 -9999 -9999 15.4456716809878 14.9036911979783 16.1856593354605 16.3004089309834 16.8268227004446 16.882763128262 16.8899349779822 16.7723166425712 16.883480313234 16.9042786774226 16.8956724577583 16.5184331624769 13.6077937345952 16.9544816254638 16.8483382496051 16.9286629664712 16.8227586522698 -9999 17.039826637134 17.1144138742238 17.1760917818174 17.0943326950073 17.001815833617 17.0656452961266 17.2686086432077 16.8752725296654 16.1199996396899 13.8835162136992 16.922208301723 16.8590960241854 16.5557267810218 16.7870189344976 16.6152531336993 16.8397320299409 16.9573503653519 16.7916806368157 16.9326074838173 16.8953138652723 16.9591433277819 16.9573503653519 17.1172826141119 17.0918225476053 17.1947385910898 17.4507736261003 16.7952665616758 17.7957395976409 17.8237098115496 17.8803674243391 17.3804894988425 17.4773094700649 17.6243323893286 17.3711660942063 17.2549821287394
-9999 -9999 -9999 -9999 -9999 -9999 -9999 -9999 13.8568919706427 16.1770531157963 16.6647388967685 16.7092043650337 16.8103274460882 16.641788977664 16.6711935615167 16.8598132091574 16.8899349779822 16.8877834230661 16.8268227004446 16.7357402089983 16.8720053536817 16.6984465904534 16.7421948737465 16.8626819490455 16.8490554345772 17.043412561994 16.9724112497643 17.0541703365743 17.1187169840559 17.2162541402504 17.3302865508012 17.59994810028 17.3553880248219 17.3267006259412 17.1058076545596 17.0986358048394 16.9336832612753 16.96021910524 16.8332773651928 16.7500839084387 16.9551988104358 16.9049958623946 17.1108279493637 16.7999282639939 16.7585108318599 17.239921244327 17.2212744350545 16.9286629664712 17.0097048683092 17.3059022617526 17.2678914582357 17.320963146165 17.4500564411283 17.3682973543182 17.4134800075553 17.7448194646277 17.5518967071548 17.2549821287394 16.9731284347363 17.241355614271 17.1868495563976 17.2556993137114
-9999 -9999 -9999 -9999 -9999 -9999 -9999 -9999 15.7032329109497 16.5851313648745 16.722830879502 16.7802056772634 16.8533585444093 16.9014099375345 16.3771477229893 16.762276052963 16.8727225386538 16.7923978217877 16.8956724577583 16.8870662380941 16.8476210646331 16.802438411396 16.9645222150721 16.9344004462473 16.9924924289808 17.0484328567982 17.0355235273018 17.0864436603151 17.1545762326568 17.1567277875729 17.1689199320972 17.278649232816 17.3489333600737 17.3704489092343 17.4895016145892 17.2958616721444 17.3632770595141 17.1151310591958 17.0190282729454 17.1925870361738 17.1725058569573 17.081423365511 17.1165654291399 17.0247657527216 16.9803002844565 17.0878780302592 17.2047791806981 17.1653340072371 17.320245961193 17.5095827938057 17.2047791806981 17.1825464465655 17.3539536548778 17.1976073309779 17.3819238687865 17.1818292615935 17.2155369552784 17.2635883484036 17.1811120766215 17.3518020999618 17.4364299266599 17.8653065399267
12.3858453013821 9.40499978978187 -9999 -9999 -9999 -9999 -9999 -9999 15.0832239594311 16.7436292436905 16.8088930761442 16.7508010934107 16.8203680356964 16.5858485498466 16.7099215500057 16.6869716309011 16.6683248216286 16.8569444692694 16.8117618160322 16.9881893191487 16.9544816254638 16.9745628046803 16.9559159954078 17.1036560996436 17.0218970128335 17.0147251631133 17.0333719723858 17.043412561994 17.1000701747835 17.1567277875729 17.1667683771811 17.040543822106 17.1502731228247 17.3180944062769 17.2858210825361 17.2270119148307 17.318811591249 17.2384868743829 17.0756858857349 17.1294747586362 17.0541703365743 17.0900295851752 16.8476210646331 16.883480313234 16.9709768798202 17.0204626428895 16.9408551109955 17.20191044081 17.5045624990016 17.3439130652696 17.1079592094757 17.0218970128335 17.1933042211458 16.9946439838968 17.0570390764624 17.1072420245036 17.3367412155494 17.2248603599146 17.1933042211458 17.0914639551193 17.2886898224242 17.6530197882093
16.0199896069244 16.0744956647977 15.8452355354093 15.9078696896322 14.5296280075729 -9999 16.1899624452926 16.3678243183531 16.4208960062824 16.5951719544828 17.0885952152312 17.0039673885331 16.8598132091574 16.7041840702295 16.6403546077199 16.4503005901352 16.4725333242677 16.6080812839791 16.6991637754254 16.8619647640735 16.8189336657524 16.9064302323386 16.8311258102767 16.8662678739056 16.9838862093166 16.9659565850161 16.8232367755845 16.8139133709483 16.9451582208276 16.9975127237849 16.9788659145124 16.9566331803799 16.8282570703886 16.8727225386538 17.0491500417702 17.0498672267422 17.0907467701472 17.0728171458468 17.0842921053991 16.9846033942886 17.04197819205 17.0097048683092 16.9365520011634 16.9365520011634 16.9953611688688 17.1373637933284 16.7070528101176 17.1093935794197 17.2556993137114 17.1466871979646 17.1352122384124 17.1072420245036 17.1122623193078 17.2033448107541 17.1746574118733 16.9803002844565 17.242072799243 17.0455641169101 17.44001585152 17.1646168222651 17.401287863031 17.5016937591136
14.3625751365907 16.0709097399376 15.9497054796666 15.9597460692748 16.004928722512 15.8889838187024 15.8801385373808 16.0520238690078 16.5342112318613 16.5865657348186 16.8196508507244 16.9688253249042 16.9580675503239 16.5994750643149 16.6288796481676 16.5471205613576 16.245185688138 16.4617755496874 16.6546983071603 16.6633045268245 16.6554154921323 16.6984465904534 16.7923978217877 16.8074587062001 16.8655506889336 16.844035139773 16.8562272842973 16.9702596948482 16.8088930761442 16.8311258102767 16.9329660763033 16.9078646022826 16.8203680356964 16.9480269607157 17.1079592094757 17.0469984868541 17.0154423480853 17.0864436603151 17.0297860475257 17.0534531516023 16.9315317063592 16.9257942265831 17.2858210825361 17.3367412155494 17.4708548053168 17.5397045626305 17.2693258281797 17.4966734643094 17.3933988283388 17.3525192849338 17.2205572500825 17.3080538166687 17.2750633079559 16.8626819490455 17.3238318860531 17.3625598745421 16.9946439838968 17.4199346723035 17.4349955567159 17.401287863031 17.5052796839736 17.5275124181062
16.1397594972514 15.804834115319 14.7936033047736 16.243034133222 16.3384197345003 16.4330881508067 16.6274452782236 16.5134128676727 16.9551988104358 16.7300027292222 16.1071275810245 16.7923978217877 17.1502731228247 16.8748740935698 15.9633319941349 15.2540360568091 16.3570665437728 16.8562272842973 16.644657717552 16.6891231858172 16.6374858678319 16.7780541223474 16.9716940647922 16.9193395618349 16.80387278134 16.8382976599969 16.7830744171515 16.9179051918909 17.0842921053991 17.0104220532812 16.9982299087569 17.1165654291399 17.1524246777408 17.1667683771811 17.1258888337761 17.0591906313784 17.1043732846156 17.1050904695876 17.1373637933284 17.0613421862945 17.0663624810986 17.119434169028 17.3015991519205 17.5461592273787 17.5705435164273 17.6142917997204 17.4493392561562 17.3417615103535 17.3847926086746 17.3417615103535 17.3510849149898 17.2635883484036 17.3008819669485 17.3467818051577 17.2227088049985 16.9666737699881 17.0606250013225 17.4600970307365 17.1803948916495 17.1760917818174 17.5153202735819 17.520340568386
16.1053346185945 16.0257270867005 15.8679463928565 16.3097323356196 16.5686361105181 16.1175267631188 16.0386364161968 16.6647388967685 16.4603411797434 15.5165257565677 16.8397320299409 16.9315317063592 16.9379863711074 16.9932096139528 15.5330210109241 15.4548478489742 16.7536698332988 16.7959837466478 16.7135074748658 16.6396374227479 16.6374858678319 16.5435346364975 16.9853205792606 17.0857264753431 16.9193395618349 17.0333719723858 17.0627765562385 17.0914639551193 17.1474043829367 17.0764030707069 17.0964842499234 17.0864436603151 17.2062135506421 17.2915585623123 17.3008819669485 17.3740348340943 17.3840754237026 17.4120456376113 17.4278237069957 17.4464705162682 17.5088656088337 17.2944273022003 17.5891903256997 17.4557939209044 17.440733036492 17.5475935973227 17.4522079960443 17.5016937591136 17.5526138921268 17.3245490710251 17.3496505450457 17.2449415391311 17.3453474352136 17.0441297469661 17.3675801693462 17.3453474352136 17.3625598745421 17.4765922850929 17.3259834409691 17.5669575915672 17.7555772392079 17.9226813376881
16.2552262777463 16.2803277517669 15.7524796123616 16.3728446131572 16.7264168043621 16.7350230240263 16.3047120408155 15.5423444155604 15.728095323313 16.3771477229893 16.9415722959675 16.8210852206685 16.283913676627 16.2236701389775 15.4742118432187 16.2423169482499 15.8120059650391 16.0608691503294 16.7902462668717 16.2652668673545 15.8378246240318 15.9439679998904 16.087404994294 17.0204626428895 17.1165654291399 17.0835749204271 17.1968901460059 17.2105166604742 17.3977019381709 17.1646168222651 17.2277290998027 17.5146030886099 17.4443189613521 17.3453474352136 17.5497451522388 17.6953337015584 17.6551713431254 17.557634186931 17.5841700308956 17.5863215858117 17.5260780481622 17.51818901347 17.6910305917263 17.6573228980415 17.5296639730223 17.5447248574346 17.6028168401681 17.597796545364 17.6429791986011 17.399853493087 17.282235157676 17.4923703544773 17.5748466262594 17.4952390943654 17.5325327129103 17.5884731407277 17.7498397594318 17.6824243720621 17.956389031373 17.956389031373 18.1450086790137 18.0998260257766
16.2258216938935 16.2136295493692 16.2229529540055 15.4433728894219 16.1627094163559 16.2946714512073 16.364955578465 16.5478377463296 16.6582842320204 16.0092318323441 16.7931150067598 16.8225195906125 16.0594347803853 16.1971342950128 15.7904904158786 15.2447126521729 15.4591509588063 15.9755241386592 16.3011261159554 16.0121005722322 16.4237647461705 16.4130069715902 16.6518295672722 16.6518295672722 17.0183110879734 17.0233313827775 17.200476070866 17.120868538972 16.9049958623946 17.4055909728631 17.441450221464 17.5110171637498 17.8036286323331 17.7756584184244 17.6544541581534 17.9865108001977 17.9104891931638 17.8818017942831 17.8839533491991 17.6566057130694 17.758445979096 17.5447248574346 17.9155094879679 17.6544541581534 17.6071199500002 17.9334391122684 17.7699209386483 17.7268898403272 17.7426679097116 17.6673634876497 17.6322214240208 17.7412335397676 17.7555772392079 17.797173967585 17.9642780660652 17.9822076903656 18.1285134246573 17.9922482799739 18.3429517312907 18.2741019739769 18.2425458352081 17.3751106115524
16.1060518035665 15.3594622476958 16.3907742374577 16.4201788213104 16.2014374048449 16.0558488555253 16.3771477229893 16.3599352836609 15.1113162473775 16.5126956827007 16.5356456018053 16.5851313648745 16.6604357869364 16.1820734106004 15.6570940110832 15.0023041316308 15.2396923573688 16.9300973364152 15.8019653754309 16.9437238508835 16.6374858678319 16.163426601328 16.3757133530453 16.4632099196315 16.7178105846979 16.9494613306597 17.0584734464064 17.0764030707069 17.3905300884508 17.5102999787778 17.7505569444038 17.5848872158676 17.957823401317 17.8552659503184 17.8904080139473 17.8638721699826 17.9427625169046 17.9449140718207 17.8825189792551 17.9449140718207 17.8093661121093 17.7082430310547 17.7778099733405 17.6200292794965 17.8896908289753 17.8552659503184 17.8853877191432 17.6236152043566 17.5655232216232 17.8423566208221 17.6616260078736 17.758445979096 17.6874446668662 18.0166325690225 17.9671468059532 18.1349680894054 18.1341352294379 18.3049995908514 -9999 -9999 -9999 -9999
13.9200720088556 15.9468367397785 16.364955578465 16.5083925728686 16.4230475611985 15.8378246240318 16.0156864970922 15.9382305201143 16.6912747407332 15.8543198783882 16.4373912606388 15.5903958086856 16.683385706041 14.2499770959839 15.0173650160432 16.3412884743884 16.32407603506 17.0333719723858 17.0226141978055 16.5865657348186 16.9293801514432 16.8913693479262 16.6676076366566 16.6876888158731 16.1132236532867 16.8483382496051 16.96021910524 17.0649281111546 17.1976073309779 17.5418561175466 17.6121402448043 17.6056855800562 17.6056855800562 17.4844813197851 17.7921536727808 17.8703268347308 17.8315988462418 17.8882564590313 17.8667409098707 17.9513687365688 17.9040345284157 18.0704214419238 18.0273903436027 18.1299477946013 17.7233039154671 18.0116122742184 17.8703268347308 17.8932767538354 17.9219641527161 17.9900967250578 18.0209356788546 18.0998260257766 17.8602862451226 17.7828302681446 15.0699203307927 -9999 -9999 -9999 -9999 -9999 -9999 -9999
13.4323862278834 13.1505325338803 15.9597460692748 15.7589342771098 15.2396923573688 16.3169041853398 15.686498594936 16.6116672088392 16.7421948737465 16.1921140002087 16.3886226825416 17.0484328567982 17.4177831173874 16.4201788213104 16.2631153124385 15.1149021722376 16.6317483880557 16.9831690243445 17.1316263135523 16.5062410179526 16.5822626249865 16.7020325153135 17.0369578972459 16.8791772034019 16.7945493767038 16.8935209028423 17.2298806547187 17.1646168222651 17.0885952152312 15.6549996500835 13.2599997036159 11.0337098614712 14.6555070495233 14.5399996750057 -9999 16.4749996317551 18.1371196443215 17.9671468059532 17.9248328926042 18.1729788929224 17.9528031065129 17.8904080139473 17.8846705341712 17.9628436961211 18.2669301242568 17.9872279851697 18.0811792165041 17.9900967250578 17.9843592452817 17.7146976958029 18.0560777424835 18.2253333958797 18.3737906850874 -9999 -9999 -9999 -9999 -9999 -9999 -9999 -9999 -9999
15.845713658724 15.5724661843851 15.3121280395426 15.3981902361847 16.0199896069244 16.7830744171515 15.6986907394603 16.4947660584003 16.5478377463296 16.564333000686 17.1395153482445 17.1050904695876 17.4708548053168 17.5332498978823 17.5547654470429 13.7149571068585 16.3047120408155 16.9673909549601 16.8361461050808 16.7837916021235 16.3950773472898 16.8798943883739 17.161030897405 16.7049012552015 16.7407605038024 16.9795830994844 17.0842921053991 17.1538590476848 17.1703543020412 -9999 -9999 -9999 -9999 -9999 16.3799996338785 18.0177199139801 18.1069978754967 18.0897854361683 18.0546433725394 17.9728842857294 17.9850764302537 18.0101779042743 17.9850764302537 18.1141697252169 18.4218420782126 18.3773766099475 18.115604095161 18.1736960778944 18.1292306096293 18.0489058927633 17.9900967250578 17.7756584184244 17.6601916379295 -9999 -9999 -9999 -9999 -9999 -9999 -9999 -9999 -9999
16.1031830636784 15.9561601444148 15.8765526125208 14.8861201661639 14.9262825245969 15.4139683055691 16.4144413415343 16.9064302323386 16.6503951973282 17.0685140360147 16.7335886540823 16.8734397236258 16.9523300705478 17.0613421862945 17.001815833617 16.8512069894932 16.7457807986066 16.8103274460882 16.682668521069 16.6747794863768 16.0460951399058 16.3556321738288 17.4349955567159 17.0075533133931 17.0197454579175 17.1753745968454 16.9731284347363 16.8935209028423 17.4299752619117 15.8449996458367 -9999 -9999 -9999 -9999 -9999 18.4799995869398 18.1242103148252 18.2009491068311 18.2411114652641 18.2052522166632 18.0697042569518 18.0890682511963 18.1428571240976 18.2131412513554 18.5502181882039 18.1801507426426 18.1134525402449 18.2712332340889 18.3429517312907 18.4247108181007 18.8937497898005 18.4505294770934 16.4746848791838 14.21051157685 8.84505726927932 21.4417324189765 -9999 -9999 -9999 -9999 -9999 -9999
16.1827905955724 16.1110720983706 15.9561601444148 16.047242635861 16.2566606476903 17.3647114294581 16.5126956827007 17.0197454579175 17.0505844117142 16.1749015608802 17.6551713431254 17.9549546614289 16.8469038796611 17.0140079781413 16.9982299087569 17.2298806547187 16.9200567468069 16.8705709837377 17.2549821287394 16.9759971746244 17.1703543020412 17.2248603599146 17.5289467880502 17.2894070073962 17.2463759090751 17.5418561175466 17.2105166604742 17.2535477587953 17.1122623193078 17.3019577444065 16.1886216723012 24.7149994475767 -9999 -9999 -9999 -9999 17.3226365777664 17.4171854632441 18.0582292973995 18.1607867483981 18.155049268622 18.116321280133 18.31785025727 18.2303536906838 18.0912198061123 18.4440748123452 18.4096499336883 18.3644672804512 18.7402722057886 18.435468592681 18.7072816970758 17.7247382854111 18.0646839621477 9.86999977938831 -9999 -9999 -9999 -9999 -9999 -9999 -9999 -9999
16.1447797920555 16.2107608094811 16.5901516596787 15.1859034844674 16.7271339893341 16.682668521069 16.4775536190718 15.8371074390598 17.6601916379295 16.0909909191541 18.0424512280151 16.5553681885358 17.2112338454463 17.4242377821356 17.4077425277792 17.1459700129926 16.5112613127567 16.6518295672722 17.0125736081973 16.7683721252251 16.5198675324209 16.2803277517669 17.6874446668662 17.8122348519973 17.8330332161859 17.7340616900474 17.6601916379295 17.6343729789369 17.6666463026777 17.44001585152 16.0027084945828 -9999 -9999 -9999 -9999 -9999 -9999 -9999 -9999 -9999 -9999 -9999 -9999 -9999 -9999 -9999 17.6059246417135 18.4533982169814 18.6413006796502 17.758445979096 20.6776669073413 21.2299995254725 -9999 -9999 -9999 -9999 -9999 -9999 -9999 -9999 -9999 -9999
15.6735892654397 16.3161870003678 16.2494887979701 16.6539811221883 14.0247810147703 17.0649281111546 17.2054963656701 16.2745902719907 17.5748466262594 16.1913968152367 17.4701376203448 17.4722891752608 17.5741294412874 17.5784325511195 17.5160374585539 17.4357127416879 17.0735343308188 16.6597186019644 16.9673909549601 16.9573503653519 17.0039673885331 17.4851985047571 17.359691134654 17.2499618339352 11.0482480930672 15.5549996523187 17.2915585623123 17.8660237248987 18.0747245517559 17.956389031373 17.6860102969222 15.4370335016494 20.13291502418 -9999 -9999 -9999 -9999 -9999 -9999 -9999 -9999 -9999 -9999 -9999 -9999 -9999 -9999 -9999 -9999 -9999 -9999 -9999 -9999 -9999 -9999 -9999 -9999 -9999 -9999 -9999 -9999 -9999
15.5875270687975 15.6327097220346 15.6778923752718 16.6769310412928 15.3400982534513 17.6150089846924 15.647770606447 16.2297662112396 17.9298531874083 17.5648060366511 17.7304757651873 17.5863215858117 17.4550767359324 16.6245765383355 17.2528305738233 16.7357402089983 16.601626619231 16.884197498206 17.6200292794965 17.4701376203448 17.44001585152 17.3367412155494 17.5748466262594 17.3295693658292 17.3941160133108 17.099209552817 17.9528031065129 17.9750358406454 18.0015716846101 18.0316934534349 18.0116122742184 17.6917477766983 -9999 -9999 -9999 -9999 -9999 -9999 -9999 -9999 -9999 -9999 -9999 -9999 -9999 -9999 -9999 -9999 -9999 -9999 -9999 -9999 -9999 -9999 -9999 -9999 -9999 -9999 -9999 -9999 -9999 -9999
15.7022766643204 15.7696920516901 16.085253439378 16.1899624452926 16.246620058082 16.9430066659115 16.9587847352959 17.3711660942063 16.6001922492869 17.2600024235435 17.5970793603919 17.800042707473 17.7476882045157 17.6982024414465 17.0247657527216 16.8110446310602 17.478743840009 17.7885677479208 17.7240211004391 17.6049683950841 18.1801507426426 18.2052522166632 18.1851710374467 18.356578245759 18.3601641706191 18.1909085172229 18.0675527020358 18.4261451880448 18.2992034479976 18.1650898582302 18.3773766099475 17.8645893549547 18.7346224667272 -9999 -9999 -9999 -9999 -9999 -9999 -9999 -9999 -9999 -9999 -9999 -9999 -9999 -9999 -9999 -9999 -9999 -9999 -9999 -9999 -9999 -9999 -9999 -9999 -9999 -9999 -9999 -9999 -9999
15.648487791419 15.6979735544883 16.047242635861 16.1110720983706 16.4352397057228 16.9587847352959 17.1359294233844 17.4694204353727 18.3099612225778 18.3537095058709 17.8653065399267 18.2102725114673 17.9441968868487 17.8208410716616 17.4751579151489 17.3804894988425 17.7311929501593 18.1335337194614 17.7957395976409 18.2231818409637 17.9664296209812 18.4526810320094 18.3027893728577 18.1507461587898 18.1808679276146 17.9226813376881 17.8939939388074 17.917661042884 18.238242725376 18.3902859394439 18.4641559915617 17.9126407480799 14.092646904517 -9999 -9999 -9999 -9999 -9999 -9999 -9999 -9999 -9999 -9999 -9999 -9999 -9999 -9999 -9999 -9999 -9999 -9999 -9999 -9999 -9999 -9999 -9999 -9999 -9999 -9999 -9999 -9999 -9999
