EcologicalScience/Bass/data/rs_data_bass/sst_33.asc
NCOLS 226 
NROWS 124 
XLLCORNER -9.41648524995501 
YLLCORNER 47.587301625531 
CELLSIZE 0.0833 
NODATA_value -9999 
[rows 0 to 26 of 124, columns 0 to 61 of 226]
-9999.000000000000000 -9999 -9999 -9999 -9999 -9999 -9999 -9999 -9999 -9999 -9999 -9999 -9999 -9999 -9999 -9999 -9999 -9999 -9999 -9999 -9999 -9999 -9999 -9999 -9999 -9999 -9999 -9999 -9999 -9999 -9999 -9999 -9999 -9999 -9999 -9999 -9999 -9999 -9999 -9999 -9999 -9999 -9999 -9999 -9999 -9999 -9999 -9999 -9999 -9999 -9999 -9999 -9999 -9999 -9999 -9999 -9999 -9999 -9999 -9999 -9999 -9999
-9999 -9999 -9999 -9999 -9999 -9999 -9999 -9999 -9999 -9999 -9999 -9999 -9999 -9999 -9999 -9999 -9999 -9999 -9999 -9999 -9999 -9999 -9999 -9999 -9999 -9999 -9999 -9999 -9999 -9999 -9999 -9999 -9999 -9999 -9999 -9999 -9999 -9999 -9999 -9999 -9999 -9999 -9999 -9999 -9999 -9999 -9999 -9999 -9999 -9999 -9999 -9999 -9999 -9999 -9999 -9999 -9999 -9999 -9999 -9999 -9999 -9999
-9999 -9999 -9999 -9999 -9999 -9999 -9999 -9999 -9999 -9999 -9999 -9999 -9999 -9999 -9999 -9999 -9999 -9999 -9999 -9999 -9999 -9999 -9999 -9999 -9999 -9999 -9999 -9999 -9999 -9999 -9999 -9999 -9999 -9999 -9999 -9999 -9999 -9999 -9999 -9999 -9999 -9999 -9999 -9999 -9999 -9999 -9999 -9999 -9999 -9999 -9999 -9999 -9999 -9999 -9999 -9999 -9999 -9999 -9999 -9999 -9999 -9999
-9999 -9999 -9999 -9999 -9999 -9999 -9999 -9999 -9999 -9999 -9999 -9999 -9999 -9999 -9999 -9999 -9999 -9999 -9999 -9999 -9999 -9999 -9999 -9999 -9999 -9999 -9999 -9999 -9999 -9999 -9999 -9999 -9999 -9999 -9999 -9999 -9999 -9999 -9999 -9999 -9999 -9999 -9999 -9999 -9999 -9999 -9999 -9999 -9999 -9999 -9999 -9999 -9999 -9999 -9999 -9999 -9999 -9999 -9999 -9999 -9999 -9999
-9999 -9999 -9999 -9999 -9999 -9999 -9999 -9999 -9999 -9999 -9999 -9999 -9999 -9999 -9999 -9999 -9999 -9999 -9999 -9999 -9999 -9999 -9999 -9999 -9999 -9999 -9999 -9999 -9999 -9999 -9999 -9999 -9999 -9999 -9999 -9999 -9999 -9999 -9999 -9999 -9999 -9999 -9999 -9999 -9999 -9999 -9999 -9999 -9999 -9999 -9999 -9999 -9999 -9999 -9999 -9999 -9999 -9999 -9999 -9999 -9999 -9999
-9999 -9999 -9999 -9999 -9999 14.069999685511 13.9499996881932 13.3849997008219 13.5949996961281 13.7349996929988 13.8549996903166 13.7199996933341 13.634999695234 13.3299997020513 13.324999702163 13.5899996962398 13.8399996906519 13.8699996899813 14.0999996848404 14.049999685958 14.0949996849522 14.2749996809289 14.2599996812642 14.4199996776879 14.2199996821582 12.0962066261804 14.0299996864051 14.0449996860698 14.1049996847287 14.1249996842816 14.1499996837229 13.9949996871874 12.069117377293 12.069117377293 12.3249997245148 6.7750678018903 8.23617628649535 12.2299997266382 8.53499980922788 13.0699997078627 12.9599997103214 12.7799997143447 12.6599997170269 14.6938746715663 -9999 -9999 -9999 -9999 -9999 -9999 -9999 -9999 -9999 -9999 -9999 -9999 -9999 -9999 -9999 -9999 -9999 -9999
-9999 -9999 -9999 -9999 -9999 14.0049996869639 14.049999685958 13.7049996936694 13.5999996960163 13.6799996942282 13.779999691993 13.9599996879697 13.5799996964633 13.5149996979162 13.4599996991456 13.3949997005984 13.2549997037277 13.2899997029454 13.6649996945634 13.4499996993691 14.0999996848404 14.1349996840581 14.1499996837229 14.2049996824935 14.1037496847566 13.1849997052923 13.4149997001514 13.3549997014925 13.9599996879697 14.1399996839464 14.2799996808171 14.2799996808171 14.2899996805936 14.3249996798113 14.3449996793643 14.3749996786937 12.0099997315556 -9999 12.2667412988507 12.6216301526672 12.7499997150153 12.7499997150153 13.3799997009337 14.6868746717228 13.3562854157495 13.5879484142344 -9999 -9999 -9999 -9999 -9999 -9999 -9999 -9999 -9999 -9999 -9999 -9999 -9999 -9999 -9999 -9999
-9999 -9999 -9999 -9999 -9999 13.8699996899813 13.924999688752 13.6499996948987 13.4949996983632 13.3999997004867 13.5349996974692 13.4649996990338 13.9399996884167 14.0399996861815 13.8249996909872 13.3699997011572 13.2649997035041 13.4599996991456 13.9699996877462 14.0999996848404 14.1799996830523 13.8799996897578 13.8999996893108 13.7499996926636 13.7349996929988 11.9687497324776 13.7049996936694 13.8149996912107 13.9399996884167 14.2899996805936 14.194999682717 14.2499996814877 14.3499996792525 14.3349996795878 14.1399996839464 13.9899996872991 -9999 12.3099997248501 12.0549997305498 9.74382331162034 9.61819978501648 14.7234612093665 13.1419997062534 13.3339997019619 14.1608820364208 -9999 -9999 -9999 -9999 -9999 -9999 -9999 -9999 -9999 -9999 -9999 -9999 -9999 -9999 -9999 -9999 -9999
-9999 -9999 -9999 -9999 -9999 12.9749997099862 13.8199996910989 13.779999691993 13.4849996985868 13.6449996950105 13.5399996973574 13.4449996994808 13.6649996945634 14.0649996856228 14.0249996865168 13.9799996875226 13.4099997002631 13.1549997059628 13.1549997059628 13.6999996937811 14.0249996865168 14.0299996864051 14.0599996857345 14.2849996807054 11.390714031112 11.7612497371156 13.8199996910989 13.8899996895343 14.0449996860698 13.7499996926636 13.6699996944517 14.1399996839464 14.2049996824935 14.2999996803701 14.2449996815994 13.9099996890873 13.9045451437546 -9999 -9999 -9999 -9999 -9999 -9999 -9999 -9999 -9999 9.33499979134649 -9999 -9999 -9999 -9999 -9999 -9999 -9999 -9999 -9999 -9999 -9999 -9999 -9999 -9999 -9999
-9999 -9999 -9999 -9999 -9999 13.2699997033924 13.6999996937811 13.9499996881932 13.7049996936694 13.634999695234 13.6099996957928 13.5249996976927 13.5349996974692 13.7249996932223 13.7199996933341 13.6699996944517 13.2899997029454 13.4599996991456 13.5149996979162 13.8699996899813 14.1699996832758 14.1349996840581 14.2849996807054 13.9649996878579 13.75999969244 13.6524996948428 14.1799996830523 14.1749996831641 14.1449996838346 14.049999685958 13.7399996928871 13.7299996931106 13.7524996926077 14.2699996810406 14.1399996839464 14.2449996815994 14.2749996809289 14.3199996799231 14.3099996801466 13.9266663553814 13.8683330233519 14.5231425325253 -9999 13.0599997080863 -9999 -9999 12.0949997296557 -9999 -9999 -9999 -9999 -9999 -9999 -9999 -9999 -9999 -9999 -9999 -9999 -9999 -9999 -9999
-9999 -9999 -9999 -9999 -9999 13.469999698922 13.5749996965751 13.6649996945634 13.6049996959046 13.6849996941164 13.4949996983632 13.4549996992573 13.4599996991456 13.5299996975809 13.6849996941164 13.7199996933341 13.4999996982515 13.5799996964633 13.5149996979162 13.6199996955693 14.2449996815994 14.2599996812642 14.0599996857345 14.0149996867403 13.0399997085333 13.8199996910989 14.0349996862933 13.9849996874109 14.0049996869639 14.1699996832758 14.1099996846169 14.2949996804819 14.3649996789172 13.6716663610811 13.808333024693 13.8716663566108 13.8999996893108 14.339999679476 14.3099996801466 13.9066663558284 13.8666663567225 13.9439996883273 13.7689996922389 13.745999692753 -9999 12.039999730885 -9999 -9999 -9999 -9999 -9999 -9999 -9999 -9999 -9999 -9999 -9999 -9999 -9999 -9999 -9999 -9999
-9999 -9999 -9999 -9999 -9999 13.6749996943399 13.4499996993691 13.5399996973574 13.7549996925518 13.8099996913224 13.8299996908754 13.324999702163 13.1849997052923 13.8149996912107 13.8149996912107 13.6199996955693 13.2699997033924 13.3049997026101 13.3999997004867 13.7049996936694 13.8199996910989 13.654999694787 14.5899996738881 12.6999997161329 13.614999695681 13.9699996877462 13.9899996872991 14.0749996853992 14.2599996812642 14.4149996777996 14.4499996770173 14.5099996756762 14.3899996783584 14.3899996783584 13.0024997093715 14.0299996864051 14.0149996867403 13.6024996959604 13.862499690149 13.9699996877462 14.1099996846169 14.0749996853992 14.0449996860698 12.8879408884027 -9999 -9999 12.2549997260794 -9999 -9999 -9999 -9999 -9999 -9999 -9999 -9999 -9999 -9999 -9999 -9999 -9999 -9999 -9999
-9999 -9999 -9999 -9999 -9999 13.7699996922165 13.3299997020513 13.3199997022748 13.5299996975809 13.5799996964633 13.4849996985868 13.614999695681 13.2049997048452 13.7249996932223 13.8199996910989 13.8549996903166 13.0249997088686 13.2549997037277 13.3849997008219 13.6849996941164 13.1049997070804 13.0099997092038 13.1749997055158 13.179999705404 13.324999702163 14.0449996860698 14.2699996810406 14.3699996788055 14.4649996766821 14.484999676235 14.524999675341 14.4899996761233 14.5099996756762 12.9799997098744 13.7399996928871 14.0949996849522 14.1499996837229 14.0449996860698 13.8549996903166 13.9149996889755 15.6899996493012 14.1999996826053 14.1999996826053 13.8546150749406 -9999 12.1299997288734 -9999 -9999 -9999 -9999 -9999 -9999 -9999 -9999 -9999 -9999 -9999 -9999 -9999 -9999 -9999 -9999
-9999 -9999 -9999 -9999 -9999 13.3399997018278 13.2449997039512 13.3349997019395 13.6499996948987 13.7399996928871 13.6399996951222 13.2799997031689 13.2099997047335 13.6099996957928 13.8549996903166 13.1949997050688 13.0199997089803 13.2349997041747 13.3849997008219 13.5949996961281 13.6299996953458 13.8549996903166 14.0349996862933 13.8699996899813 13.5899996962398 14.0849996851757 14.3699996788055 14.4199996776879 14.4649996766821 14.4899996761233 14.5199996754527 14.2949996804819 13.8999996893108 13.8499996904284 13.9149996889755 14.0449996860698 14.1699996832758 14.0649996856228 14.1349996840581 13.9799996875226 13.8549996903166 14.3189996799454 14.3261107908976 -9999 11.8749997345731 -9999 -9999 -9999 -9999 -9999 -9999 -9999 -9999 -9999 -9999 -9999 -9999 -9999 -9999 -9999 -9999 -9999
-9999 -9999 -9999 -9999 -9999 13.3799997009337 13.1949997050688 13.1549997059628 13.2999997027218 13.6599996946752 13.5549996970221 13.3599997013807 13.1899997051805 13.2599997036159 13.4199997000396 13.2149997046217 12.7499997150153 13.2549997037277 12.8199997134507 13.7899996917695 13.9699996877462 13.9099996890873 13.8349996907637 13.6999996937811 13.8449996905401 14.339999679476 14.3699996788055 14.4349996773526 14.4649996766821 14.4149996777996 14.3099996801466 14.0849996851757 13.7249996932223 13.5049996981397 13.5199996978045 13.9749996876344 14.0999996848404 14.1649996833876 14.0466663526992 14.0471425431647 13.9471425453999 -9999 -9999 -9999 -9999 -9999 -9999 -9999 -9999 -9999 -9999 -9999 -9999 -9999 -9999 -9999 -9999 -9999 -9999 -9999 -9999 -9999
-9999 -9999 -9999 -9999 -9999 13.2699997033924 13.4299996998161 13.5299996975809 13.6799996942282 13.614999695681 12.9849997097626 12.9999997094274 12.9999997094274 13.7499996926636 13.8349996907637 14.0724996854551 13.1399997062981 13.199999704957 12.9149997113273 12.9549997104332 13.0249997088686 13.3149997023866 12.76499971468 14.2199996821582 14.0949996849522 13.8499996904284 14.3149996800348 14.484999676235 14.5799996741116 14.5599996745586 14.3849996784702 14.4949996760115 14.5399996750057 14.0149996867403 14.0199996866286 14.0349996862933 14.4049996780232 14.3949996782467 14.3949996782467 13.9699996877462 14.4227774554036 14.4099996779114 -9999 -9999 -9999 -9999 -9999 13.2249997043982 13.2249997043982 -9999 -9999 -9999 -9999 -9999 -9999 -9999 -9999 -9999 -9999 -9999 -9999 -9999
-9999 -9999 -9999 -9999 -9999 12.9249997111037 13.5699996966869 13.614999695681 13.6199996955693 13.5349996974692 13.4349996997043 13.4099997002631 13.2699997033924 13.054999708198 12.9999997094274 13.4849996985868 13.2999997027218 13.3749997010455 13.4549996992573 13.634999695234 13.6599996946752 13.6699996944517 13.9899996872991 13.9949996871874 14.1699996832758 14.2399996817112 14.2449996815994 14.3549996791407 14.504999675788 14.649999672547 14.6349996728823 14.5549996746704 14.4299996774644 14.3549996791407 14.2699996810406 14.2649996811524 14.3949996782467 13.7549996925518 -9999 -9999 -9999 -9999 -9999 -9999 -9999 -9999 -9999 -9999 -9999 -9999 -9999 -9999 -9999 -9999 -9999 -9999 -9999 -9999 -9999 -9999 -9999 -9999
-9999 -9999 -9999 -9999 -9999 12.9799997098744 13.074999707751 13.5749996965751 13.5649996967986 13.6249996954575 13.7099996935576 13.6599996946752 13.5799996964633 13.8883330229049 13.6799996942282 13.469999698922 13.2299997042865 13.6983330271517 13.7016663604106 13.4399996995926 13.3499997016042 13.179999705404 13.3849997008219 13.8449996905401 13.9349996885285 14.1399996839464 14.0799996852875 14.0449996860698 14.0549996858463 13.8789996897802 14.5149996755645 14.5199996754527 14.4299996774644 14.3649996789172 14.4399996772408 14.4099996779114 14.4999996758997 13.8219996910542 13.8189996911213 13.8039996914566 11.6199997402728 -9999 -9999 -9999 -9999 -9999 -9999 -9999 -9999 -9999 -9999 -9999 -9999 -9999 -9999 -9999 -9999 -9999 -9999 -9999 -9999 -9999
-9999 -9999 -9999 -9999 -9999 13.2149997046217 13.6649996945634 13.7199996933341 13.4599996991456 13.4999996982515 13.5349996974692 13.5649996967986 13.6099996957928 11.459999743849 13.5366663640986 13.7087496935856 13.1399997062981 13.1749997055158 13.21999970451 12.8149997135624 13.21999970451 13.469999698922 13.4049997003749 14.0749996853992 14.0449996860698 14.0599996857345 14.0149996867403 14.2199996821582 14.2599996812642 14.4099996779114 14.5799996741116 14.6449996726587 14.3699996788055 14.4299996774644 14.4949996760115 14.524999675341 14.2849996807054 14.4399996772408 15.3099996577948 -9999 -9999 -9999 -9999 13.4599996991456 13.4849996985868 13.5699996966869 -9999 -9999 -9999 -9999 -9999 -9999 -9999 -9999 -9999 -9999 -9999 -9999 -9999 -9999 -9999 -9999
-9999 -9999 -9999 -9999 -9999 13.8349996907637 13.8349996907637 13.5749996965751 13.6849996941164 13.7249996932223 13.7499996926636 13.6399996951222 13.4849996985868 13.2499997038394 13.5799996964633 13.5949996961281 13.6024996959604 13.6599996946752 13.7249996932223 13.6433330283811 13.6916663606341 13.2849997030571 13.8399996906519 13.7449996927753 13.5869996963069 13.7019996937364 14.0883330184345 14.234999681823 14.2249996820465 13.8149996912107 14.4999996758997 14.5949996737763 14.5199996754527 14.6399996727705 14.5999996736646 14.5499996747822 13.9062496891711 13.7729996921495 13.7249996932223 13.8259996909648 14.5649996744469 14.5599996745586 14.5399996750057 13.6999996937811 13.7449996927753 12.9354542563246 -9999 -9999 -9999 -9999 -9999 -9999 -9999 -9999 -9999 -9999 -9999 -9999 -9999 -9999 -9999 -9999
-9999 -9999 -9999 -9999 -9999 13.469999698922 13.6249996954575 13.0449997084215 13.2349997041747 13.3399997018278 13.7449996927753 13.614999695681 13.5899996962398 13.302499702666 13.3124997024424 13.5599996969104 13.3633330346396 12.4399997219443 12.8299997132272 13.4849996985868 13.6799996942282 13.8349996907637 13.7249996932223 13.5599996969104 13.6699996944517 13.6424996950664 13.973333021005 14.0766663520286 14.0849996851757 14.0849996851757 14.0999996848404 13.9179996889085 14.5349996751174 14.4549996769056 14.4549996769056 14.5449996748939 14.5449996748939 14.4899996761233 14.4249996775761 14.4449996771291 14.4349996773526 14.2249996820465 14.0149996867403 14.1799996830523 14.2799996808171 13.0446150930455 -9999 -9999 -9999 -9999 -9999 -9999 -9999 -9999 -9999 -9999 -9999 -9999 -9999 -9999 -9999 -9999
-9999 -9999 -9999 -9999 -9999 13.7949996916577 13.779999691993 13.7199996933341 13.7199996933341 13.75999969244 13.7049996936694 13.6499996948987 13.4989996982738 13.455999699235 13.5549996970221 12.8849997119978 12.8849997119978 13.4049997003749 13.3699997011572 13.4649996990338 13.6049996959046 13.5949996961281 13.9949996871874 13.9549996880814 13.8159996911883 13.9849996874109 14.1299996841699 14.1999996826053 13.9237496887799 14.2499996814877 14.2049996824935 14.2449996815994 14.1849996829405 14.5499996747822 14.6349996728823 14.5299996752292 14.4399996772408 14.3149996800348 14.3299996796995 14.4699996765703 14.524999675341 14.4249996775761 14.089999685064 13.9399996884167 13.9399996884167 13.8919996894896 13.0119997091591 -9999 -9999 -9999 -9999 -9999 -9999 -9999 10.9150669761002 -9999 -9999 -9999 -9999 -9999 -9999 -9999
-9999 -9999 -9999 -9999 -9999 13.7149996934459 13.7699996922165 13.7749996921048 13.799999691546 13.7349996929988 13.7549996925518 13.7349996929988 13.6299996953458 13.5949996961281 13.3133330357571 13.3599997013807 13.2374997041188 13.1499997060746 13.1499997060746 13.5899996962398 13.5899996962398 13.808333024693 13.7574996924959 13.6949996938929 14.0269996864721 13.8929996894673 14.0749996853992 14.0999996848404 14.2299996819347 14.3299996796995 14.069999685511 14.069999685511 14.5349996751174 14.6399996727705 14.5849996739998 14.3849996784702 14.1299996841699 14.0999996848404 14.0249996865168 13.8599996902049 14.089999685064 14.3549996791407 14.5399996750057 13.8869996896014 13.8899996895343 13.890999689512 11.2048097047955 -9999 -9999 -9999 -9999 -9999 -9999 -9999 -9999 -9999 -9999 -9999 -9999 -9999 -9999 -9999
-9999 -9999 -9999 -9999 -9999 13.7349996929988 13.654999694787 13.6899996940047 13.779999691993 13.8249996909872 13.8799996897578 13.8799996897578 13.3899997007102 13.3899997007102 14.0724996854551 13.1849997052923 13.1849997052923 13.5399996973574 13.5399996973574 13.6049996959046 13.6049996959046 13.8066663580636 12.2199997268617 12.2849997254089 12.329999724403 12.3749997233972 14.1299996841699 14.2549996813759 14.2599996812642 14.0079996868968 13.9979996871203 13.944999688305 14.1999996826053 14.2299996819347 14.5399996750057 14.3649996789172 14.3199996799231 14.4499996770173 14.5449996748939 13.8499996904284 13.8499996904284 10.3799997679889 13.6074996958487 13.6074996958487 13.3834997008555 13.3484997016378 -9999 9.02999979816377 15.9916663092251 17.5407138936488 -9999 -9999 -9999 9.80111089203921 10.0544442197101 -9999 -9999 -9999 -9999 -9999 -9999 -9999
-9999 -9999 -9999 -9999 -9999 13.364999701269 13.6849996941164 13.904999689199 13.8699996899813 13.8299996908754 13.3749997010455 13.4099997002631 13.4349996997043 13.2099997047335 13.21999970451 13.5499996971339 13.6299996953458 13.6599996946752 13.654999694787 13.6799996942282 13.7449996927753 13.9129996890202 13.9833330207815 12.4399997219443 12.4449997218326 12.4799997210503 13.9809996875003 13.9609996879473 14.2899996805936 14.2899996805936 13.5874996962957 13.9549996880814 14.6449996726587 14.6449996726587 13.9549996880814 14.4399996772408 14.4399996772408 14.4899996761233 14.4899996761233 -9999 -9999 13.0073074015717 14.4149996777996 14.3549996791407 14.3049996802583 13.7789996920154 -9999 17.2261534611193 17.2261534611193 -9999 -9999 -9999 13.3359997019172 13.5489996971563 13.6439996950328 -9999 -9999 -9999 -9999 -9999 -9999 -9999
-9999 -9999 -9999 -9999 -9999 13.2599997036159 13.6399996951222 13.8649996900931 13.9099996890873 13.9399996884167 13.364999701269 13.3799997009337 13.4299996998161 13.3624997013249 13.6299996953458 13.6449996950105 13.7249996932223 13.8349996907637 14.0249996865168 14.0299996864051 13.808333024693 14.0133330201109 14.6524996724911 14.6699996720999 14.0199996866286 13.8959996894002 13.7749996921048 13.6724996943958 14.0399996861815 14.0849996851757 14.0249996865168 13.9849996874109 13.8949996894225 13.8799996897578 13.8824996897019 13.842499690596 13.6099996957928 -9999 7.8349998248741 -9999 12.5181815383787 14.089999685064 14.069999685511 13.9499996881932 13.9409996883944 13.9839996874332 -9999 -9999 12.6999997161329 13.8429996905848 13.8349996907637 13.8349996907637 13.5199996978045 13.5249996976927 13.5699996966869 -9999 -9999 -9999 -9999 -9999 -9999 -9999
-9999 -9999 -9999 -9999 -9999 13.3349997019395 13.3149997023866 13.469999698922 13.8049996914342 14.069999685511 14.0849996851757 14.1349996840581 14.1499996837229 13.5774996965192 13.6799996942282 13.5949996961281 13.6299996953458 13.7899996917695 14.1299996841699 14.0449996860698 13.9499996881932 13.8549996903166 14.1179996844381 14.2366663484524 14.18666634957 13.9499996881932 13.9499996881932 14.1416663505758 13.7224996932782 13.8799996897578 13.6799996942282 13.7399996928871 13.634999695234 13.9749996876344 14.1149996845052 14.1899996828288 13.8133330245813 13.8133330245813 -9999 -9999 13.8899996895343 14.1799996830523 14.049999685958 14.0449996860698 14.1099996846169 14.2049996824935 -9999 13.2499997038394 13.2499997038394 13.5359996974468 13.8349996907637 13.9749996876344 13.9599996879697 13.9949996871874 14.0249996865168 -9999 -9999 -9999 -9999 -9999 -9999 -9999
