EcologicalScience/Bass/data/rs_data_bass/sst_55.asc
NCOLS 226 
NROWS 124 
XLLCORNER -9.41648524995501 
YLLCORNER 47.587301625531 
CELLSIZE 0.0833 
NODATA_value -9999 
[rows 54 to 80 of 124, columns 124 to 185 of 226]
4.56999989785254 4.59999989718199 4.55999989807606 4.59499989729375 4.62999989651144 4.58499989751726 4.64499989617616 6.15999986231327 6.26857128845794 5.43199987858534 5.42999987863004 6.46142842700439 5.88999986834824 5.73599987179041 5.7419998716563 4.40999990142882 4.40999990142882 3.15499992948025 3.15499992948025 5.96214272387858 6.38249985734001 6.43749985611066 4.52499989885837 6.45749985566363 6.45249985577539 6.04571415058204 6.0371427222022 5.60142844622689 6.34999985806644 6.28999985940754 3.94874991173856 4.14199990741909 4.23499990534037 3.54666658739249 4.068333242399 3.99333324407538 3.84499991405755 4.19299990627915 4.11999990791082 4.019999910146 4.00499991048127 4.10999990813434 4.17399990670383 3.97499991115183 3.97499991115183 4.64299989622086 4.55499989818782 3.96499991137534 3.81499991472811 3.52399992123246 3.49624992185272 7.27849983731285 8.42477253896438 7.90636345964264 2.71499993931502 2.70166660627971 3.46222214483553 3.27444437125491 3.42249992350116 4.01124991034158 4.65562489593867 10.4935711940218
4.58499989751726 4.59499989729375 4.56999989785254 4.54499989841133 3.65333325167497 3.91666657912234 6.25249986024573 6.15499986242503 6.09249986382201 4.00374991050921 6.55214271069105 4.99499988835305 6.43749985611066 5.42999987863004 5.41799987889826 6.39249985711649 6.1007141493527 3.50999992154539 5.36749988002703 6.02571415102908 6.36249985778704 6.31999985873699 5.73333320518335 5.66999987326562 5.53071416209319 5.5028570198587 5.38357130823923 5.36214273728962 6.18999986164272 3.83399991430342 3.81749991467223 3.59249991970137 4.03166657655189 4.36666656906406 4.2749999044463 4.25666657152275 4.14333324072262 4.07499990891665 3.58999991975725 3.93999991193414 3.96999991126359 3.99999991059303 4.20749990595505 4.04599990956485 3.63199991881847 3.86799991354346 3.99699991066009 2.78999993763864 2.90999993495643 3.39499992411584 3.42699992340058 2.20222217299872 2.45749994507059 2.28249994898215 2.51222216606968 2.60111105297175 9.23272706635974 19.5419507827155 -9999 -9999 -9999 -9999
4.36499990243465 4.39499990176409 4.49999989941716 6.52999985404313 3.62999991886318 3.71399991698563 6.69499985035509 6.04499986488372 4.75142846522587 4.76428560779563 5.19928559807262 5.20142845516758 5.20374988368712 5.22749988315627 5.92642843896257 5.71357130086316 5.72642844343292 6.34749985812232 6.3449998581782 5.64833320708324 4.53499989863485 4.59499989729375 4.79999989271164 6.22249986091629 6.18249986181036 6.13749986281618 6.12999986298382 5.63285701695297 6.00428558007947 4.18499990645796 4.11874990793876 3.86899991352111 3.7899999152869 3.88999991305172 3.95833324485769 4.00333324385186 3.99999991059303 4.03499990981072 4.03499990981072 4.03699990976602 3.24333326083918 3.88166657990466 3.79999991506338 3.06833326475074 3.07599993124604 3.95199991166592 6.02249986538664 7.91249982314184 9.71666644948224 8.25999981537461 7.24428555236331 3.05399993173778 2.42999994568527 2.42999994568527 8.34823510752005 -9999 -9999 -9999 -9999 -9999 -9999 -9999
6.30857128756387 4.28999990411103 4.28999990411103 5.41499987896532 5.37333321322997 6.36499985773116 3.7049999171868 3.7049999171868 6.08249986404553 6.13833319613089 6.11833319657793 5.54899987597018 4.34999990276992 4.32499990332872 4.21999990567565 6.34999985806644 4.23999990522861 4.23999990522861 5.75599987134337 5.74999987147748 5.788333203954 4.46499990019947 4.71999989449978 4.79999989271164 4.87499989103526 6.11999986320734 4.30999990366399 6.1257141487939 6.19714271862592 6.31928557303867 6.16071414801159 6.22642843225705 6.1785712904696 6.24571414611169 6.39999985694885 6.43571414186486 3.92999991215765 3.92999991215765 1.90124995750375 1.90499995741993 2.68499993998557 2.8699999358505 5.05333322038253 5.1583332180356 5.21166655017684 6.33749985834584 6.02749986527488 8.26874981517904 4.81416655906166 4.63333322977026 6.63714270879115 7.07642841325807 7.01214270040925 7.12785698353712 9.82999978028238 -9999 -9999 -9999 -9999 -9999 -9999 -9999
6.49999985471368 6.53071413974145 6.54357128231121 6.71333318327864 6.6599998511374 6.34249985823408 6.65857127974076 6.66071413683572 6.51714271147336 6.05333319803079 5.77499987091869 5.80199987031519 4.26999990455806 4.45999990031123 5.54714273315455 5.50599987693131 5.56299987565726 4.39999990165234 4.55999989807606 4.48499989975244 4.66999989561737 5.06999988667667 4.35499990265816 4.36999990232289 4.40499990154058 4.40499990154058 4.39999990165234 4.41499990131706 6.00285700868283 6.60312485240865 6.07428557851485 5.05999988690019 5.03499988745898 6.17928557616792 4.43499990087003 4.23999990522861 4.19499990623444 3.36499992478639 3.28499992657453 3.86499991361052 2.26199994944036 2.18999995104969 2.91999993473291 5.42333321211239 6.38749985722825 6.70249985018745 8.71687480516266 7.22599983848631 7.43599983379245 7.42142840554672 6.85833318003764 1.59199996441603 1.53799996562302 1.44999996758997 15.2549996590242 -9999 -9999 -9999 -9999 -9999 -9999 -9999
7.42857126252992 7.53307675469953 7.01772711586885 6.34277763600565 6.50142842611032 6.46571414119431 6.46642842689263 6.51571414007672 6.49285699773048 5.78166653743635 5.7999998703599 6.59428556689194 6.38999985717237 6.22357128946377 6.30749985901639 5.82999986968935 5.77666653754811 5.84999986924231 4.05999990925193 4.05999990925193 4.50999989919364 6.18857129024608 6.17499986197799 4.29499990399927 4.45499990042299 4.50999989919364 4.44999990053475 4.4199999012053 4.40999990142882 4.40499990154058 4.39499990176409 5.92142843907433 6.03428557940892 4.32499990332872 4.39999990165234 4.43499990087003 2.48899994436651 6.51749985432252 6.49999985471368 4.23999990522861 4.28999990411103 4.33999990299344 1.84199995882809 6.5149998543784 5.73888876061473 7.70136346422474 7.36333316875001 7.00749984337017 7.31214269370373 7.2828569800726 6.75428556331566 6.645714137171 1.48599996678531 1.57599996477365 15.1489282328236 -9999 23.7447889405303 -9999 -9999 -9999 -9999 -9999
-9999 -9999 -9999 -9999 -9999 7.43730752607091 6.36928557192108 6.4264284277867 6.48499985504895 6.48285699795399 6.4935712834288 6.52642842555152 6.54714271080281 6.50714271169688 5.87833320194234 4.5649998979643 4.55499989818782 4.4799998998642 4.46499990019947 4.51999989897013 4.55999989807606 6.2599998600781 6.39071414287069 6.35999985784292 5.45166654481242 3.11499993037432 4.44999990053475 4.42999990098178 4.42499990109354 4.4799998998642 4.45999990031123 5.7999998703599 6.41714271370854 4.46499990019947 4.45999990031123 4.45499990042299 2.44833327860882 2.44999994523823 6.41071414242366 6.47499985527247 5.34999988041818 5.46999987773597 5.47999987751245 5.50833321021249 6.38499985728413 6.03999986499548 -9999 9.51038440281095 18.214999592863 6.35249985801056 6.50928556879184 1.19999997317791 1.3179999705404 1.42399996817112 5.37499987985939 5.37499987985939 -9999 -9999 -9999 -9999 -9999 -9999
-9999 -9999 -9999 -9999 -9999 -9999 -9999 6.56499985326082 6.44857128443462 6.46142842700439 6.4407141417531 6.39142842856901 6.38214271449085 6.1874998616986 4.18499990645796 4.31499990355223 4.36499990243465 4.45999990031123 4.45499990042299 4.76999989338219 4.76999989338219 4.63499989639968 6.56642842465746 4.99499988835305 4.68999989517033 4.53999989852309 4.48499989975244 4.46499990019947 4.44999990053475 4.49999989941716 6.03666653173665 4.42499990109354 4.4799998998642 4.43999990075827 4.49999989941716 5.48999987728894 5.54833320931842 5.70499987248331 2.94666660080353 3.04666659856836 2.8583332694446 3.06499993149191 3.04999993182719 3.0149999326095 6.54749985365197 8.33421034003167 -9999 -9999 -9999 -9999 -9999 -9999 -9999 -9999 -9999 -9999 -9999 -9999 -9999 -9999 -9999 -9999
-9999 -9999 -9999 -9999 -9999 -9999 -9999 -9999 8.87499980162829 6.32285700153027 6.20071414711752 6.22714271795537 6.29142843080418 6.18428557605616 3.28833325983336 4.37499990221113 4.36499990243465 4.55499989818782 5.65666654023031 6.63214270890291 5.27199988216162 5.2799998819828 5.16499988455325 4.8199998922646 4.65499989595264 4.59999989718199 4.49999989941716 4.45499990042299 4.49499989952892 4.49999989941716 5.91999986767769 4.54499989841133 4.51499989908189 4.52499989885837 6.69857127884669 6.58714270990874 5.41499987896532 6.71714270700301 2.98666659990946 2.92666660125057 2.85599993616343 2.40699994619936 1.9499999564141 1.47999996691942 6.24249986046925 15.7749996474013 -9999 -9999 -9999 -9999 -9999 -9999 -9999 -9999 -9999 -9999 -9999 -9999 -9999 -9999 -9999 -9999
-9999 -9999 -9999 -9999 -9999 -9999 -9999 -9999 -9999 6.13857129136366 5.71124987234361 5.9699998665601 6.23249986069277 6.16785700499479 3.33999992534518 3.38499992433935 5.73833320507159 5.70666653911273 5.67833320641269 4.60999989695847 4.63499989639968 4.62999989651144 4.63999989628792 4.58499989751726 4.57999989762902 4.55999989807606 4.48999989964068 4.5049998993054 4.5049998993054 4.47499989997596 4.48999989964068 5.98999986611307 6.69928556454501 6.74071413504758 6.73642842085766 4.52499989885837 4.52499989885837 6.5078569973952 6.40285699974213 5.68642844432699 1.67999996244907 2.67374994023703 2.59999994188547 4.2459999050945 6.26249986002222 -9999 -9999 -9999 -9999 -9999 -9999 -9999 -9999 -9999 -9999 -9999 -9999 -9999 -9999 -9999 -9999 -9999
-9999 -9999 -9999 -9999 -9999 -9999 -9999 -9999 -9999 6.04374986491166 4.50199989937246 4.54299989845604 6.24624986038543 6.08166653073082 4.44499990064651 4.44499990064651 4.58499989751726 4.58499989751726 4.7099998947233 5.09799988605082 5.13799988515675 4.77999989315867 4.5524998982437 4.62999989651144 4.57499989774078 5.9409998672083 5.96299986671656 4.49999989941716 4.48499989975244 4.53999989852309 4.62999989651144 4.66499989572912 6.6742855651038 6.19357129013432 6.44642842733966 6.56857128175242 6.26249986002222 3.52399992123246 3.58199991993606 6.2599998600781 6.25249986024573 6.50499985460192 4.40199990160763 4.40899990145117 4.32999990321696 -9999 25.0349994404241 25.0349994404241 -9999 -9999 -9999 -9999 -9999 -9999 -9999 -9999 -9999 -9999 -9999 -9999 -9999 -9999
-9999 -9999 -9999 -9999 -9999 -9999 -9999 -9999 -9999 7.70789456455723 7.13272711329839 6.16499986220151 5.73499987181276 5.63999987393618 5.50699987690896 5.643333207195 4.98499988857657 5.2529998825863 3.25499992724508 3.2699999269098 3.3299999255687 5.76999987103045 5.5989998748526 5.62999987415969 7.01642841459917 5.89599986821413 5.87999986857176 5.73749987175688 6.97071412990668 6.99214270085629 4.7099998947233 4.65499989595264 4.65499989595264 6.54142842521625 4.4799998998642 4.4799998998642 3.83899991419166 6.06499986443669 6.20785700410072 6.49285699773048 4.07099990900606 4.11099990811199 4.27299990449101 4.39499990176409 4.40599990151823 -9999 -9999 -9999 -9999 -9999 -9999 -9999 -9999 -9999 -9999 -9999 -9999 -9999 -9999 -9999 -9999 -9999
-9999 -9999 -9999 -9999 -9999 -9999 -9999 -9999 -9999 6.19562486151699 4.37499990221113 4.37499990221113 6.11214272052582 3.72499991673976 3.69999991729856 3.56999992020428 3.58999991975725 5.26499988231808 3.34999992512167 3.35999992489815 3.44499992299825 4.41499990131706 4.41499990131706 6.93357127359403 6.86428556085697 5.67499987315387 5.68999987281859 6.38499985728413 6.46166652223716 4.74499989394099 4.74999989382923 5.39833321267118 5.4733332109948 5.50666654358308 3.94799991175532 3.89099991302937 6.32285700153027 4.41699990127236 3.91499991249293 3.91499991249293 4.75399989373982 5.43499987851828 6.83999984711409 6.63749985164031 -9999 -9999 -9999 -9999 -9999 -9999 -9999 -9999 -9999 -9999 -9999 -9999 -9999 -9999 -9999 -9999 -9999 -9999
-9999 -9999 -9999 -9999 -9999 -9999 -9999 -9999 7.54923060049231 6.4424998559989 6.30937485897448 6.01214272276099 6.10642843493926 5.32799988090992 3.54499992076308 4.11499990802258 4.5649998979643 4.59999989718199 4.57499989774078 6.09299986381084 6.00999986566603 5.82999986968935 5.56249987566844 7.24624983803369 6.91166651217888 6.27999985963106 5.67599987313151 6.7271427067795 6.76571413448879 5.80699987020344 5.77899987082928 6.43285699907158 6.54142842521625 4.29399990402162 3.48249992216006 3.44749992294237 6.38857128577573 3.92749991221353 4.16374990693294 3.3174999258481 3.09166659756253 5.37333321322997 6.54785699650113 -9999 -9999 -9999 -9999 -9999 -9999 -9999 -9999 -9999 -9999 -9999 -9999 -9999 -9999 -9999 -9999 -9999 -9999 -9999
-9999 -9999 -9999 -9999 -9999 -9999 -9999 -9999 7.58269213820593 6.10499986354262 5.19249988393858 5.12599988542497 5.33833321401228 4.92249988997355 4.90249989042059 4.75999989360571 4.89499989058822 4.59999989718199 4.43999990075827 4.03999990969896 5.15999988466501 5.15999988466501 5.8724998687394 5.76749987108633 5.66499987337738 5.80799987018108 6.75374984904192 5.79874987038784 3.09124993090518 5.27749988203868 5.26999988220632 5.78166653743635 6.58333318618437 6.53666652056078 6.3485712866698 6.31071414465883 6.20999986119568 6.11571414901742 3.14124992978759 3.22624992788769 6.72857127817614 6.19749986147508 8.65735274766955 -9999 -9999 -9999 -9999 -9999 -9999 -9999 -9999 -9999 -9999 -9999 -9999 -9999 -9999 -9999 -9999 -9999 -9999 -9999
-9999 -9999 -9999 -9999 -9999 -9999 -9999 8.43124981154688 6.09999986365438 5.17857131282134 5.06999988667667 5.73562487179879 7.03666650938491 7.00833317668488 6.97166651083777 6.40571414253541 6.45214271292623 5.5099998768419 5.5099998768419 6.39166652380178 5.48999987728894 5.48999987728894 6.07899986412376 5.78499987069517 5.90799986794591 5.89999986812472 6.53499985393137 6.57999985292554 2.94333326754471 5.739999871701 5.83166653631876 5.82333320317169 5.68666653955976 6.337857001195 7.4287498339545 7.40999983437359 3.19124992867 3.22999992780387 3.51374992146157 3.67749991780147 6.77714270566191 7.47666649955014 -9999 -9999 -9999 -9999 -9999 -9999 -9999 -9999 -9999 -9999 -9999 -9999 -9999 -9999 -9999 -9999 -9999 -9999 -9999 -9999
-9999 -9999 -9999 3.8400372271426 -9999 9.23841202402379 8.18666648368041 4.21999990567565 4.21999990567565 5.01499988790601 4.9399998895824 5.09499988611788 5.17999988421798 5.42999987863004 5.50499987695366 5.78999987058342 5.80499987024814 5.83499986957759 6.11166653006027 5.69999987259507 5.70499987248331 5.739999871701 5.66499987337738 5.51999987661839 5.43499987851828 5.50499987695366 5.49833321043601 4.80499989259988 4.80499989259988 5.8249998698011 5.84499986935407 5.84166653609524 6.16499986220151 3.98399991095066 3.38499992433935 5.21666655006508 4.03499990981072 4.03499990981072 2.85099993627518 6.56749985320494 13.2949997028336 -9999 -9999 -9999 -9999 -9999 -9999 -9999 -9999 -9999 -9999 -9999 -9999 -9999 -9999 -9999 -9999 -9999 -9999 -9999 -9999 -9999
-9999 -9999 3.88019958557561 -9999 9.71888867165479 8.27999981492758 6.49749985476956 6.72499984968454 7.87730751623614 7.82999982498586 4.69499989505857 5.01999988779426 5.42999987863004 5.50499987695366 5.76999987103045 5.76999987103045 7.64099982921034 5.9449998671189 5.88999986834824 5.72999987192452 5.67499987315387 5.67999987304211 4.74399989396334 5.19999988377094 5.19999988377094 6.6329998517409 6.63749985164031 4.49499989952892 5.05999988690019 5.05999988690019 5.24166654950629 6.36499985773116 5.37333321322997 3.53333325435718 3.51999992132187 5.84166653609524 5.87166653542469 8.62266647393505 18.9975467451831 -9999 -9999 -9999 -9999 -9999 -9999 -9999 -9999 -9999 -9999 -9999 -9999 -9999 -9999 -9999 -9999 -9999 -9999 -9999 -9999 -9999 -9999 -9999
16.7749996250495 16.7749996250495 -9999 8.7852629615288 7.50923060138638 7.53916649815316 7.47958316615162 5.36999987997115 4.48999989964068 4.48999989964068 4.37999990209937 7.95269212993578 5.53999987617135 5.53999987617135 5.87499986868352 5.7999998703599 5.6549998736009 5.93999986723065 5.97499986644834 5.64499987382442 5.57999987527728 5.67999987304211 5.37999987974763 5.34999988041818 5.32999988086522 6.49499985482544 6.44499985594302 6.4174998565577 6.41249985666946 6.36499985773116 5.27833321535339 5.27166654883573 6.15749986236915 4.48999989964068 4.48999989964068 3.78499991539866 6.22944430520551 7.4224998340942 -9999 -9999 -9999 -9999 -9999 -9999 -9999 -9999 -9999 -9999 -9999 -9999 -9999 -9999 -9999 -9999 -9999 -9999 -9999 -9999 -9999 -9999 -9999 -9999
7.27464269454192 9.83181796205992 6.30449985908344 5.6343748740619 6.74999984912574 6.78499984834343 7.02923061211522 8.80423057244088 8.53499980922788 7.74409073599699 7.56799983084202 6.39249985711649 5.54999987594783 5.86999986879528 5.86999986879528 5.88499986846 5.92999986745417 5.93499986734241 5.88999986834824 5.739999871701 5.17499988432974 4.66999989561737 4.78999989293516 5.49499987717718 4.66499989572912 6.40499985683709 6.38249985734001 4.59499989729375 4.59499989729375 5.69833320596566 6.05357129326356 6.0549998646602 5.45333321144183 5.73833320507159 5.71666653888921 7.54636346768926 6.02223390794577 6.02223390794577 13.2399997040629 13.2399997040629 -9999 -9999 -9999 -9999 -9999 -9999 -9999 -9999 -9999 -9999 -9999 -9999 -9999 -9999 -9999 -9999 -9999 -9999 -9999 -9999 -9999 -9999
7.02649984294549 5.63499987404794 5.39357130801571 5.83999986946583 6.72999984957278 6.09071414957621 6.1633331955721 7.75499982666224 6.97888873289857 6.67722207297468 6.50999985449016 6.74999984912574 4.80999989248812 4.80999989248812 5.58499987516552 5.69499987270683 5.98499986622483 5.93499986734241 5.44499987829477 7.20999983884394 5.36999987997115 4.98999988846481 4.71499989461154 4.65499989595264 4.59499989729375 5.55666654246549 4.30999990366399 4.13499990757555 4.08999990858138 4.04999990947545 5.23333321635922 5.38999987952411 5.60333320808907 6.4228569992951 11.2908693128468 12.8649997124448 6.66249985108152 5.94573157441961 5.93414620882491 -9999 -9999 -9999 -9999 -9999 -9999 -9999 -9999 -9999 -9999 -9999 -9999 -9999 -9999 -9999 -9999 -9999 -9999 -9999 -9999 -9999 -9999 -9999
8.04318163840269 5.85642844052719 5.85642844052719 6.08499986398965 6.03999986499548 6.11428557762078 4.96999988891184 5.02199988774955 6.69055540600999 6.60499985236675 6.51722207655095 7.23642840968179 5.62499987427145 5.53999987617135 5.55499987583607 5.44999987818301 5.99499986600131 5.85999986901879 5.24999988265336 5.24999988265336 5.22499988321215 5.22499988321215 6.63428556599787 1.82899995911866 4.32499990332872 4.27999990433455 4.25999990478158 3.81999991461635 3.81999991461635 4.03999990969896 5.08999988622963 5.57666654201845 6.30499985907227 6.53954530837522 6.23499986063689 6.90999984554946 15.4242853695261 -9999 -9999 -9999 -9999 -9999 -9999 -9999 -9999 -9999 -9999 -9999 -9999 -9999 -9999 -9999 -9999 -9999 -9999 -9999 -9999 -9999 -9999 -9999 -9999 -9999
6.14857129114015 6.20928557549736 6.37099985759705 4.83999989181757 4.83999989181757 4.99999988824129 6.31249985890463 5.57166654213021 6.51571414007672 6.46357128409935 6.50214271180864 5.47999987751245 5.72499987203628 5.90499986801296 5.80499987024814 5.4849998774007 5.29499988164753 4.88499989081174 4.4799998998642 5.11499988567084 4.87499989103526 4.35499990265816 4.1899999063462 6.46642842689263 6.23749986058101 3.43299992326647 3.54874992067926 5.57333320875963 4.77399989329278 4.7389998940751 6.24999986030161 7.12428555504552 -9999 -9999 -9999 13.6052278061397 -9999 -9999 -9999 -9999 -9999 -9999 -9999 -9999 -9999 -9999 -9999 -9999 -9999 -9999 -9999 -9999 -9999 -9999 -9999 -9999 -9999 -9999 -9999 -9999 -9999 -9999
6.32928557281515 5.96166653341303 5.80833320350697 4.95499988924712 4.95999988913536 4.78499989304692 4.85999989137053 4.68999989517033 4.7099998947233 4.55499989818782 5.15499988477677 5.39999987930059 5.53999987617135 5.7149998722598 5.59999987483025 5.39999987930059 5.2549998825416 5.16499988455325 4.68499989528209 4.66499989572912 4.08999990858138 4.05999990925193 3.99999991059303 3.83499991428107 3.62999991886318 2.81499993707985 2.80499993730336 2.78999993763864 5.52333320987721 5.4849998774007 5.91928558197937 6.27857128823442 6.61777762985892 7.96382335140644 -9999 -9999 -9999 -9999 -9999 -9999 -9999 -9999 -9999 -9999 -9999 -9999 -9999 -9999 -9999 -9999 -9999 -9999 -9999 -9999 -9999 -9999 -9999 -9999 -9999 -9999 -9999 -9999
6.49428556912712 6.4442855702447 6.42571414208838 6.41285699951862 8.73642837615418 8.56285695146237 9.00499979872257 5.44214273550149 5.62857130276305 4.40999990142882 4.74499989394099 5.25999988242984 5.49499987717718 5.51499987673014 5.43499987851828 8.39099981244653 6.79071413392999 6.79714270521487 6.953571273147 4.18499990645796 4.18499990645796 6.35499985795468 6.1892855759444 6.03285700801228 6.3699998576194 6.61571413784155 6.7235712782879 7.11214269817408 6.6528569941542 6.34428557247988 6.7199998497963 8.03041648717287 8.42294098820318 7.32249983632937 7.32249983632937 4.99999988824129 -9999 -9999 -9999 -9999 -9999 -9999 -9999 -9999 -9999 -9999 -9999 -9999 -9999 -9999 -9999 -9999 -9999 -9999 -9999 -9999 -9999 -9999 -9999 -9999 -9999 -9999
-9999 -9999 -9999 -9999 7.15999983996153 8.54333314237495 6.52999985404313 5.5028570198587 4.77499989327043 4.78999989293516 4.9649998890236 5.18499988410622 5.32499988097697 5.11999988555908 5.18999988399446 6.67055540645702 4.22999990545213 4.13499990757555 4.12999990768731 3.86999991349876 3.71999991685152 8.68136344232004 3.60999991931021 3.52499992121011 3.37999992445111 7.65055538455231 7.74611093797204 -9999 -9999 -9999 -9999 -9999 -9999 -9999 -9999 -9999 -9999 -9999 -9999 -9999 -9999 -9999 -9999 -9999 -9999 -9999 -9999 -9999 -9999 -9999 -9999 -9999 -9999 -9999 -9999 -9999 -9999 -9999 -9999 -9999 -9999 -9999
-9999 -9999 -9999 -9999 -9999 7.94307674553532 6.90749984560534 7.04249984258786 7.26666650424401 5.03499988745898 5.14999988488853 5.32999988086522 5.35499988030642 6.73055540511592 5.7689998710528 4.38499990198761 4.38499990198761 4.43499990087003 4.42999990098178 7.29999983683228 7.99699982125312 4.52999989874661 4.56399989798665 6.86111095775333 7.20333317232629 -9999 -9999 -9999 -9999 -9999 -9999 -9999 -9999 -9999 -9999 -9999 -9999 -9999 -9999 -9999 -9999 -9999 -9999 -9999 -9999 -9999 -9999 -9999 -9999 -9999 -9999 -9999 -9999 -9999 -9999 -9999 -9999 -9999 -9999 -9999 -9999 -9999
