EcologicalScience/Bass/data/rs_data_bass/sst_422.asc
NCOLS 226 
NROWS 124 
XLLCORNER -9.41648524995501 
YLLCORNER 47.587301625531 
CELLSIZE 0.0833 
NODATA_value -9999 
[rows 27 to 53 of 124, columns 62 to 123 of 226]
-9999 -9999 -9999 -9999 -9999 -9999 -9999 -9999 -9999 -9999 -9999 -9999 -9999 -9999 -9999 -9999 -9999 -9999 -9999 -9999 -9999 -9999 -9999 -9999 -9999 -9999 -9999 -9999 12.5299997199327 6.56310887867585 6.66655284998706 5.51789146917872 3.67508468357846 3.78983427910134 5.97194127496332 4.18500319868326 5.04419079516083 4.95310830371454 5.27082124631852 5.6286965473555 5.59140292881057 5.55195775534958 4.55507064424455 3.87302773585543 3.68225653329864 4.01072725048289 3.93398845847696 3.17735831299797 1.0752891600132 1.26032288279384 4.4575334880501 4.73364970227703 6.30858790082857 0.87734610773623 6.50975828547962 6.41760001657531 6.35161899914965 6.30213323608041 6.16013061162084 5.7362742931582 5.84743796382099 5.90122683672234
-9999 -9999 -9999 -9999 -9999 -9999 -9999 -9999 -9999 -9999 -9999 -9999 -9999 -9999 -9999 -9999 -9999 -9999 -9999 -9999 -9999 -9999 -9999 -9999 -9999 -9999 -9999 -9999 -9999 -9999 9.78499978128821 4.18985474408221 3.60910366615281 3.63707388006151 3.52017272962257 4.42382579436526 5.33751944871619 5.4773705182597 5.60574662825093 5.71189000410959 5.31170078972355 5.15750602073967 5.03128146566451 4.12189092114568 3.95837274752557 4.13121432578191 6.50939969299361 6.46995451953262 4.38007751107216 4.75014495663345 4.22014526231214 1.07026886520907 1.14270454738289 0.8522446337156 6.28814812912606 0.769768361933529 6.35699788643979 6.32902767253108 6.1303674352821 5.98155155358836 5.93397828377783 5.80870997533202
-9999 -9999 -9999 -9999 -9999 -9999 -9999 -9999 -9999 -9999 -9999 -9999 -9999 -9999 -9999 -9999 -9999 -9999 -9999 -9999 -9999 -9999 -9999 -9999 -9999 -9999 -9999 -9999 -9999 -9999 -9999 10.5999997630715 3.77907650452107 4.21010467270389 6.14179116733638 5.40493483608589 5.04777672002092 5.12236395711079 5.22850733296946 5.36405529268086 4.78456983529031 4.84266181802377 4.90649128053337 4.31553086359054 2.14246039837599 2.15034943306819 6.4929044386372 6.45632800506428 6.43624682584777 6.40863520442508 4.52279732050374 5.72766807349399 0.903881951700896 1.92658772179857 2.61508529493585 1.24526199838147 5.62941373232752 0.752555922605097 5.90744243981317 6.1465040971525 5.82699819211848 5.81337167765014
-9999 -9999 -9999 -9999 -9999 -9999 -9999 -9999 -9999 -9999 -9999 -9999 -9999 -9999 -9999 -9999 -9999 -9999 -9999 -9999 -9999 -9999 -9999 -9999 -9999 -9999 -9999 -9999 -9999 -9999 -9999 10.1910296276677 4.75380259999074 5.5928372987546 6.45589769408107 6.20316170994192 5.74488051282242 5.08507033856586 4.28469190979376 3.63133640028536 4.42023986950517 4.0910519673489 3.39251380460337 6.26149275433272 6.22133039589971 6.22348195081577 6.2273069373332 0.972731709014624 6.36488692113198 4.37720877118409 4.23520614672452 3.4735557064414 3.52591020939872 3.41187779884785 3.08914456143975 3.93255408853292 3.31864375248551 3.07480086199939 5.86536758812144 5.58231858583167 5.46015807893127 5.79173659766093
-9999 -9999 -9999 -9999 -9999 -9999 -9999 -9999 -9999 -9999 -9999 -9999 -9999 -9999 -9999 -9999 -9999 -9999 -9999 -9999 -9999 -9999 -9999 -9999 -9999 -9999 -9999 -9999 -9999 -9999 -9999 -9999 8.89209308002942 4.82760093361139 4.1986297131516 4.0351115395315 2.88976713921875 2.81804864201695 3.20676289685071 3.16946927830577 4.53642383497208 2.28804894769564 0.865153963211924 0.89527573203668 6.27882472448982 6.24165063677356 6.47927792416885 1.8520004847087 1.51994384266436 2.4178594276309 2.44798119645566 3.07480086199939 3.88235114049166 4.07599108293653 4.07957700779662 3.82712789764628 6.08100120304152 2.35905025992543 1.87136447895318 1.46113467495888 1.28470717184246 5.45322529086843
-9999 -9999 -9999 -9999 -9999 -9999 -9999 -9999 -9999 -9999 -9999 -9999 -9999 -9999 -9999 -9999 -9999 -9999 -9999 -9999 -9999 -9999 -9999 -9999 -9999 -9999 -9999 -9999 -9999 -9999 -9999 -9999 9.76356467723461 4.53498946502805 4.37505721626803 3.76688435999677 3.7482375507243 3.97415081690997 3.31649219756946 3.14508498925716 1.38511306792498 1.55149998143315 4.87899918993935 4.88425854640082 2.26509902859107 2.19051179150119 1.87064729398116 2.07217627111822 2.21131015568972 2.86251411028206 3.31147190276533 3.54886012850329 3.9275337937288 3.81063264328986 3.64926602458581 3.68655964313075 3.41474653873593 6.15391500853002 6.04083884460852 5.30691955657676 6.14399394975044 5.98047577613033
-9999 -9999 -9999 -9999 -9999 -9999 -9999 -9999 -9999 -9999 -9999 -9999 -9999 -9999 -9999 -9999 -9999 -9999 -9999 -9999 -9999 -9999 -9999 -9999 -9999 -9999 -9999 -9999 -9999 -9999 -9999 -9999 9.04364638920369 4.25743888085708 4.40374461514875 3.85079500172287 4.40015869028866 3.00308236479759 3.13432721467689 1.67844172148034 1.54217657679692 3.9712820770219 3.64209417486563 3.71883296687156 3.29999694321305 3.31577501259744 3.059022792615 3.16875209333375 3.51945554465055 3.84362315200269 3.54025390883908 3.03894161339849 3.66217535408214 3.75899532530457 3.50798058509827 2.92706075776368 3.68082216335461 5.53904842585325 1.46472059981897 1.1749778711237 2.52471998846158 6.04896694095805
-9999 -9999 -9999 -9999 -9999 -9999 -9999 -9999 -9999 -9999 -9999 -9999 -9999 -9999 -9999 -9999 -9999 -9999 -9999 -9999 -9999 -9999 -9999 -9999 -9999 -9999 -9999 -9999 -9999 -9999 -9999 -9999 -9999 8.51970140259252 2.95359660172835 1.98826562939212 1.99472029414028 0.809930720366538 5.45011748932302 5.97007659403607 5.83703878172673 2.72194585576653 2.8080080524087 2.75278480956331 3.76114688022062 3.57683034241199 3.52160709956661 3.50367747526616 4.65691091027111 3.44056519772857 3.53523361403495 3.36956388549879 3.4814447411336 4.00427258573472 2.56201360700652 2.57205419661477 2.41714224265888 2.68967253202572 1.99113436928019 2.64018676895648 2.61078218510374 6.06235439376906
-9999 -9999 -9999 -9999 -9999 -9999 -9999 13.8329300941787 14.2787669498606 11.5336114304283 7.58540534623899 7.53834497234784 8.85882031784721 9.30314371532891 8.41999981179833 -9999 -9999 -9999 -9999 -9999 -9999 -9999 -9999 -9999 -9999 -9999 -9999 -9999 -9999 -9999 -9999 -9999 -9999 -9999 2.80298775760457 1.32415234530345 1.2345042238012 1.03369243163615 1.22589800413698 2.4099703929387 1.95312356576324 2.53978087287396 2.66528824297711 3.15225683897734 3.40327157918364 2.84960478078574 6.08363088127226 3.00021362490952 4.51275673089549 5.53474531602114 2.91486861323938 1.9796594097279 1.8720816639252 1.51205480797216 2.57492293650284 2.4458296415396 2.81517990212888 2.61436810996383 2.37267677439377 2.55269020237029 2.6050447053276 6.12283699307591
-9999 -9999 -9999 -9999 16.949999621138 2.85275415827156 2.84508651546203 9.3412045550067 3.96267585735768 2.36156040732749 16.1421436526989 20.049330375623 -9999 -9999 -9999 -9999 -9999 -9999 -9999 -9999 -9999 -9999 -9999 -9999 -9999 -9999 -9999 -9999 -9999 -9999 -9999 -9999 -9999 -9999 4.25969289076914 1.10684529878199 4.35641040699556 4.23915066407062 5.81946774991229 2.62225714465603 2.98013244569302 3.93614001339301 4.04945523897186 4.0989410020411 4.12977995583788 4.36716818157583 3.69516586279497 3.07264930708334 2.63588365912437 6.24141157511622 6.28970202989876 6.33034251164645 6.43074840772897 2.05854975664988 2.43794060684741 2.68178349733353 3.20748008182272 3.62990203034133 3.44773704744875 3.13934750948101 2.11735892435536 6.15056814532727
5.25002288213 13.7740121665544 14.7776838186341 6.85479597551748 3.76544999005273 3.95514541515149 3.92968534864485 3.58376313047484 3.45682139042765 14.979163756766 -9999 -9999 -9999 -9999 -9999 -9999 -9999 -9999 -9999 -9999 -9999 -9999 -9999 -9999 -9999 -9999 -9999 -9999 -9999 -9999 -9999 -9999 -9999 -9999 13.6449996950105 3.86980040348135 4.00749991810881 1.88499099342152 2.19983519613743 3.45921200700104 3.30860316287726 3.55961790308356 2.94499038206413 2.75852228933945 2.6330149192363 2.93638416239992 2.87542343977839 2.87685780972242 2.44009216176346 6.23304441710934 2.04635761212558 6.31313007231802 2.6767632025294 3.41259498381987 3.34231085656211 3.2383190356195 3.09344767127186 3.19098482746631 3.59260841179639 3.51802117470652 3.75971251027659 6.25671152118593
4.56726278876886 4.51741843321361 5.55984679004177 4.42023986950517 4.42992186662741 4.4374523088336 4.97204198697582 3.97988829668611 3.37099825544283 15.5899996515363 -9999 -9999 -9999 -9999 -9999 -9999 -9999 -9999 -9999 -9999 -9999 -9999 -9999 -9999 -9999 -9999 -9999 -9999 -9999 -9999 -9999 -9999 -9999 -9999 -9999 7.53325295904651 6.52641653642058 1.50990325305611 0.675099945627153 3.02531509893015 3.99208044121042 3.55603197822347 2.35474715009332 2.6487929886207 2.84530167095363 3.25624865991995 3.00810265960172 3.15512557886541 3.65643787430599 2.86896877503023 3.03033539373428 2.92992949765176 6.25432090461254 2.81733145704493 2.90554520860314 3.39107943465933 3.86944181099534 4.16348764952272 4.25170140108094 3.36741233058274 3.15010528406128 6.26268806261942
5.27512435615063 5.51753287669271 5.75563828740269 5.81659901002422 5.40493483608589 4.91724905511364 4.95023956382647 4.99570909105241 8.66144290519878 -9999 -9999 -9999 -9999 -9999 -9999 -9999 -9999 -9999 -9999 -9999 -9999 -9999 -9999 -9999 -9999 -9999 -9999 -9999 -9999 -9999 -9999 -9999 -9999 -9999 -9999 -9999 4.20569910787578 0.629917292390019 2.10014648502693 3.01097139948979 3.6844080882147 3.65715505927801 3.54886012850329 3.21823785640299 3.27274391427636 2.82091738190502 3.3738669953309 3.74680318078026 3.66289253905416 3.00810265960172 2.61365092499182 3.26126895472407 3.46064637694508 3.54240546375513 3.79485457390547 4.01359599037096 4.15990172466263 4.2065187478438 3.83286537742242 2.79509872291237 6.26699117245153 6.34349090280011
5.60933255311102 5.84672077884898 5.95716726453975 5.92847986565903 5.59642322361469 5.25231787404045 4.37505721626803 5.10551011026837 12.7897884929553 -9999 -9999 -9999 -9999 -9999 -9999 -9999 -9999 -9999 -9999 -9999 -9999 -9999 -9999 -9999 -9999 -9999 -9999 -9999 -9999 -9999 -9999 -9999 -9999 -9999 -9999 -9999 -9999 -9999 -9999 5.02999988757074 3.05973997758701 2.89478743402287 5.24500258732587 3.06619464233518 3.08627582155168 3.07982115680352 3.91247290931642 4.05662708869204 3.41116061387584 3.20676289685071 3.29641101835296 3.29999694321305 3.32509841723368 3.55890071811154 3.78194524440914 3.80561234848574 3.89669483993202 3.88235114049166 3.48503066599369 6.21200699126348 6.22802412230521 6.27822707034647
5.69109163992107 5.67387920059264 5.67531357053667 5.71189000410959 5.67316201562062 5.16467787045985 4.29258094448596 3.76473280508071 14.3049996802583 -9999 -9999 -9999 -9999 -9999 -9999 -9999 -9999 -9999 -9999 -9999 -9999 -9999 -9999 -9999 -9999 -9999 -9999 -9999 -9999 -9999 -9999 -9999 -9999 -9999 -9999 -9999 -9999 -9999 -9999 -9999 -9999 -9999 -9999 11.1040731306121 3.5969115216285 3.55890071811154 4.50486769620329 4.72647785255685 4.02507094992325 3.258400214836 3.18524734769017 3.08340708166361 3.11711477534845 3.0712149371393 3.78194524440914 3.81278419820592 6.21559291612357 2.00978117855266 6.20961637469009 6.23591315699741 6.17543055769056 6.13694163085893
5.69109163992107 5.52829065127298 5.55984679004177 5.55984679004177 5.7800225764513 5.20986052369699 5.21645862543955 5.21671362454072 3.03356272610836 14.1199996843934 -9999 -9999 -9999 -9999 -9999 16.1899624452926 -9999 -9999 -9999 -9999 -9999 -9999 -9999 -9999 -9999 -9999 -9999 -9999 -9999 -9999 -9999 -9999 -9999 -9999 -9999 -9999 -9999 -9999 -9999 -9999 -9999 -9999 -9999 -9999 3.75469221547246 4.40517898509279 5.51275164354593 5.49673451250419 3.10635700076818 3.45204015728086 3.35235144617036 3.39896846935153 3.49363688565791 3.78983427910134 4.41952268453315 5.15894039068371 5.28659931570292 5.27871028101072 5.32030700938776 1.09752189414576 6.05542160570621 6.12211980810389
5.62260047509335 5.49530014256015 4.49697866151109 5.28265479835682 4.98896755231544 4.49805443896912 4.35139011219144 2.98622851795517 2.95861689653248 3.09057893138379 16.4099996332079 -9999 -9999 -9999 -9999 -9999 -9999 -9999 -9999 -9999 -9999 -9999 -9999 -9999 -9999 -9999 -9999 -9999 -9999 -9999 -9999 -9999 -9999 -9999 -9999 -9999 -9999 -9999 -9999 -9999 -9999 -9999 -9999 -9999 -9999 12.5599997192621 4.99596010579262 3.63994261994958 3.62631610548124 3.73747977614403 3.63205358525738 3.86083559133112 3.89095736015588 4.56582841882482 4.77954954048619 4.30764182889834 3.39825128437951 3.5689413077198 5.28875087061897 3.43195897806436 5.86130353994668 5.98609372507781
4.71105837565847 5.32927182153799 5.01048310147598 5.44653156446293 5.13348032417707 4.80895412433892 4.94844660139643 5.48055800702423 4.78552608191967 2.96256141387857 5.10971076510447 10.3456669323787 -9999 -9999 17.2614240435325 18.9549995763227 19.6877760088204 22.9246033788318 -9999 -9999 -9999 -9999 -9999 -9999 -9999 -9999 -9999 -9999 -9999 -9999 -9999 -9999 -9999 -9999 -9999 -9999 -9999 -9999 -9999 -9999 -9999 -9999 -9999 -9999 -9999 8.8399998024106 10.2349997712299 9.71074029446804 3.98132266663015 4.02220221003518 4.08818322746083 4.40589617006481 4.2344889617525 4.22516555711627 3.39466535951942 3.40327157918364 2.65524765336886 1.46472059981897 2.00476088374853 3.36669514561072 5.87038788292557 6.01239050738513
5.51573991426267 5.35114596318454 5.27978605846874 5.30381175503135 4.86991484696046 5.37911617709324 5.41999572049826 5.46589555870742 5.24500258732587 2.60181737295352 5.20484022889286 5.71691029891372 17.5749996071681 7.29366033318404 8.9823470223776 3.44107144594412 8.91698964405805 12.5405166176993 -9999 -9999 -9999 -9999 -9999 -9999 -9999 -9999 -9999 -9999 -9999 -9999 -9999 -9999 -9999 -9999 -9999 -9999 -9999 -9999 -9999 -9999 -9999 -9999 -9999 -9999 -9999 -9999 -9999 -9999 3.87015899596736 5.28157902089879 4.08531448757276 4.22373118717223 4.2703482103534 4.23735770164058 5.80512405047193 1.86849573906511 1.94523453107104 2.05998412659392 5.91939552268013 2.30310983210802 2.54480116767809 5.89262061705813
5.96111178188585 5.49350718013011 5.30452894000337 4.86848047701642 5.11232336750254 4.56475264136679 4.68093660683371 5.71212906576693 5.39927704352885 3.89848780236207 3.84290596703067 5.0190893211402 4.95870234649628 4.08352152514271 2.14604632323608 2.1510666180402 16.7899996247143 21.1942686303177 -9999 -9999 -9999 -9999 -9999 -9999 -9999 -9999 -9999 -9999 -9999 -9999 -9999 -9999 -9999 -9999 -9999 -9999 -9999 -9999 -9999 -9999 -9999 -9999 -9999 -9999 -9999 -9999 -9999 -9999 4.34899949561805 3.92968534864485 5.08339690696448 4.39011810068041 5.31050548143685 4.1505783200264 2.61006500013173 3.47499007638544 3.47212133649737 2.53762931795791 2.620822774712 2.72409741068259 5.7721335417591 5.79699595412239
5.8036896805279 5.70615252433345 7.07741019083187 5.32855463656597 5.77787102153525 5.63515121210366 5.64232306182384 5.38628802681342 5.28516494575888 4.9313058805652 4.78170109540224 2.85713522299193 4.85428021457046 3.69014556799084 2.72983489045873 8.74609471072576 17.0699996184558 -9999 -9999 -9999 -9999 -9999 -9999 -9999 -9999 -9999 -9999 -9999 -9999 -9999 -9999 -9999 -9999 -9999 -9999 -9999 -9999 -9999 -9999 -9999 -9999 -9999 -9999 -9999 -9999 -9999 -9999 -9999 3.85294655663893 4.76783551927656 4.94880519388244 5.00355031341314 4.24022644152865 3.85509811155498 3.06906338222325 3.12500381004065 3.35952329589054 2.57133701164275 2.82522049173713 2.97009185608476 5.05996886454523 5.02984709572047
6.25479902792722 6.04394664615393 7.08529922552407 5.14925839356147 6.18523208564147 5.86106447828934 5.80799279036 4.0828043401707 4.19253364088945 3.52196569205262 3.94904934288934 2.57886745384894 4.5211836543167 2.50406506126747 5.43930848724475 6.69999985024333 -9999 -9999 -9999 -9999 -9999 -9999 -9999 -9999 -9999 -9999 -9999 -9999 -9999 -9999 -9999 -9999 -9999 -9999 -9999 -9999 -9999 -9999 -9999 -9999 -9999 -9999 -9999 -9999 -9999 -9999 -9999 -9999 4.7740879010839 4.65554825882427 4.78552608191967 4.77022613584995 3.82856226759031 3.7044892674312 4.30979338381439 3.21752067143098 3.90888698445633 4.24166081147268 4.62105166167021 4.92585527477786 4.94521926902235 5.72575558023527
7.04513686709106 6.45094911777414 4.82616656366736 6.6788944080472 5.9872890333645 6.09755622281227 4.51024658349343 3.98849451635033 4.17101809172891 4.4413968261797 2.77573472866789 4.49052399676293 3.44450971507467 5.24195455119479 6.56770261248355 -9999 -9999 -9999 -9999 -9999 -9999 -9999 -9999 -9999 -9999 -9999 -9999 -9999 -9999 -9999 -9999 -9999 -9999 -9999 -9999 -9999 -9999 -9999 -9999 -9999 -9999 -9999 -9999 -9999 -9999 -9999 -9999 -9999 -9999 4.48499989975244 4.91533656185493 4.29760123929009 4.12475966103375 4.40231024520472 4.68488112417981 3.23473311075941 3.13719595456496 4.28756064968184 3.60982085112482 4.8598742573522 4.732215332333 4.8039338295348
6.97054963000119 6.92464979179204 5.84600359387696 5.73663288564421 3.9712820770219 4.84015167062171 4.254211548483 5.68535416014493 4.74189732945524 4.39693135791458 3.59224981931038 4.39944150531664 4.41539887094405 6.50868250802159 14.0830468605272 12.6707879465073 -9999 -9999 -9999 -9999 -9999 -9999 -9999 -9999 -9999 -9999 -9999 -9999 -9999 -9999 -9999 -9999 -9999 -9999 -9999 -9999 -9999 -9999 -9999 -9999 -9999 -9999 -9999 -9999 -9999 -9999 7.88585695053916 8.89686268707737 8.59499980788678 -9999 11.5949583295733 4.81789135245177 4.20221563801169 4.22373118717223 5.13479516329244 5.27847121935338 3.09344767127186 3.10635700076818 5.64662617165595 5.5861435723491 5.5211188015528 5.45226904423907
6.98202458955348 6.28707235166803 5.84994811122306 5.87576677021571 5.9195150535088 6.15080720698461 6.04968412593007 6.13646350754425 4.52996917022392 3.75899532530457 4.27357554272749 4.59559159516357 4.61786417290568 2.68847722373903 6.26924518236358 -9999 -9999 -9999 -9999 -9999 -9999 -9999 -9999 -9999 -9999 -9999 -9999 -9999 -9999 -9999 -9999 -9999 -9999 -9999 -9999 -9999 -9999 -9999 -9999 -9999 -9999 -9999 -9999 -9999 -9999 -9999 -9999 -9999 8.4437362033654 5.15560758993139 4.6857895584777 9.59790554749114 12.9023865335621 3.31720938254148 3.95980711746961 4.99040192225948 5.09774060640484 5.09726248309016 5.13240454671904 5.37624743720517 5.33656320208684 5.34875534661114
6.88377024838701 7.0067674710881 5.36728262505494 6.12104403064586 5.98657184839249 6.47999510914087 5.73519851570018 5.50928524951451 6.12283699307591 6.15726187173277 3.50009155040607 4.79575792085379 2.64004333196208 8.82016967283562 14.5599996745586 -9999 -9999 -9999 -9999 -9999 -9999 -9999 -9999 -9999 -9999 -9999 -9999 -9999 -9999 -9999 -9999 -9999 -9999 -9999 -9999 -9999 -9999 -9999 -9999 -9999 -9999 -9999 -9999 -9999 -9999 -9999 -9999 -9999 -9999 -9999 10.6550361962457 4.73260652413592 3.94020406156778 4.19671721989289 4.8598742573522 2.53476057806984 4.56606748048216 4.56248155562207 4.72886846913025 5.1759137683548 5.2117730169557 5.19790744083002
6.77332376269624 7.14315214660019 5.76281013712287 5.09797966806218 6.42931403778493 5.97186955646612 5.30703908740543 5.5648670848459 5.8797112875618 5.32317574927583 5.15726695908234 5.18906215950847 4.5699721542187 7.26206422745086 12.4994254961761 -9999 -9999 -9999 -9999 -9999 -9999 -9999 -9999 -9999 -9999 -9999 -9999 -9999 -9999 -9999 -9999 -9999 -9999 -9999 -9999 -9999 -9999 -9999 -9999 -9999 -9999 -9999 -9999 -9999 -9999 -9999 -9999 -9999 -9999 -9999 -9999 -9999 12.929999710992 7.2816644708626 4.27130445698276 1.82976775057614 4.20699687115848 4.13456118898466 4.39705088874325 4.82066814554855 4.79532760987058 4.80130415130407
