EcologicalScience/Bass/data/rs_data_bass/sst_186.asc
NCOLS 226 
NROWS 124 
XLLCORNER -9.41648524995501 
YLLCORNER 47.587301625531 
CELLSIZE 0.0833 
NODATA_value -9999 
[rows 81 to 107 of 124, columns 62 to 123 of 226]
14.7692857306061 -9999 -9999 -9999 -9999 -9999 -9999 -9999 -9999 -9999 -9999 -9999 -9999 -9999 -9999 -9999 -9999 -9999 -9999 -9999 -9999 -9999 -9999 -9999 -9999 -9999 -9999 -9999 -9999 -9999 -9999 -9999 -9999 -9999 -9999 -9999 -9999 -9999 -9999 -9999 -9999 -9999 -9999 -9999 -9999 -9999 -9999 -9999 -9999 -9999 -9999 -9999 -9999 -9999 -9999 -9999 -9999 -9999 -9999 -9999 -9999 -9999
14.966917064038 -9999 -9999 -9999 -9999 -9999 -9999 -9999 -9999 -9999 -9999 -9999 -9999 -9999 -9999 -9999 -9999 -9999 -9999 -9999 -9999 -9999 -9999 -9999 -9999 -9999 -9999 -9999 -9999 -9999 -9999 -9999 -9999 -9999 -9999 -9999 -9999 -9999 -9999 -9999 -9999 -9999 -9999 -9999 -9999 -9999 -9999 -9999 -9999 -9999 -9999 -9999 -9999 -9999 -9999 -9999 -9999 -9999 -9999 -9999 -9999 -9999
-9999 -9999 -9999 -9999 -9999 -9999 -9999 -9999 -9999 -9999 -9999 -9999 -9999 -9999 -9999 -9999 -9999 -9999 -9999 -9999 -9999 -9999 -9999 -9999 -9999 -9999 -9999 -9999 -9999 -9999 -9999 -9999 -9999 -9999 -9999 -9999 -9999 -9999 -9999 -9999 -9999 -9999 -9999 -9999 -9999 -9999 -9999 -9999 -9999 -9999 -9999 -9999 -9999 -9999 -9999 -9999 -9999 -9999 -9999 -9999 15.7932616495992 -9999
-9999 -9999 -9999 -9999 -9999 -9999 -9999 -9999 -9999 -9999 -9999 -9999 -9999 -9999 -9999 -9999 -9999 -9999 -9999 -9999 -9999 -9999 -9999 -9999 -9999 -9999 -9999 -9999 -9999 -9999 -9999 -9999 -9999 11.3199997469783 11.209999749437 11.1449997508898 -9999 -9999 -9999 -9999 -9999 -9999 -9999 -9999 -9999 -9999 -9999 -9999 -9999 -9999 -9999 -9999 -9999 -9999 -9999 -9999 17.2699996139854 8.15175327891484 8.4132568493369 8.84123698138865 8.27316244917789 8.1821824127276
-9999 -9999 -9999 -9999 -9999 -9999 -9999 -9999 -9999 -9999 -9999 -9999 -9999 -9999 -9999 -9999 -9999 -9999 -9999 -9999 -9999 -9999 -9999 -9999 -9999 -9999 -9999 -9999 -9999 -9999 -9999 -9999 -9999 10.9326550837473 11.1818597856909 9.5086313867243 11.9795976697933 9.66864168208421 6.53829200186634 12.9256950451527 14.9718668786153 -9999 11.2147478394077 10.4398602136411 7.9011369748041 8.25299589079805 8.95141452271491 8.58005614420399 9.63058869121596 9.62843713629991 9.72119305934757 7.30703977914527 11.7680573588452 -9999 7.69397833001088 8.26271203958562 8.29232153343037 8.93037709686905 9.17541529564187 9.74246954685077 10.1157643247861 9.99754833523184
-9999 -9999 -9999 -9999 -9999 -9999 -9999 -9999 -9999 -9999 -9999 -9999 13.7319972410845 10.1148934573201 9.99678333792835 9.42260504933074 9.62389496481046 10.4185359138064 15.5757261160761 -9999 -9999 -9999 -9999 -9999 -9999 11.894999734126 11.2450053294164 9.58197948755696 8.26817630603909 8.04752239631489 8.14727087283973 7.82285225074738 6.63791923997924 8.30254141928162 16.1299996394664 12.7576666244259 11.8598603787832 11.9720346282702 7.4091082403902 7.25563065637834 7.2380596245639 8.82160404277965 9.00639870390296 9.54366587260738 8.7000411900226 7.53138827811927 8.77952919108793 9.1741516840245 9.81275367410854 9.13501387555152 8.77976825274527 9.79641779419035 8.24833418847993 9.02026428002864 8.63769732495504 8.56556900776923 9.17421998735517 8.24606310273521 9.42819909211248 10.1044088960625 9.4649189626798 9.84933010768145
-9999 -9999 -9999 -9999 -9999 -9999 -9999 -9999 21.9860857529781 10.5987884034403 10.2520693130791 10.2376345425312 10.6877193399705 9.67218541959301 9.69154941383749 9.54811241943389 10.1037873357534 9.97211217489093 10.0152867102064 9.92822045460343 15.5471630020911 15.0153996849509 11.1126514358912 10.0578874975443 9.23255103174597 16.5791107857673 -9999 8.45727407699451 8.92774741863832 8.33559169340879 8.26172164129093 8.0214646756649 9.49336729990318 9.06855473481119 12.4756813970162 17.8549996009097 15.4542286964803 9.46635333262384 8.63585313502699 8.31204412016086 4.9272896447219 7.81438946807757 7.41125979530625 9.55564286164008 9.59855442913249 8.1424298742786 7.92512282775715 8.8273415225558 9.37060913885944 9.10073243388906 8.2232327144593 9.19439679123461 8.38742026071995 9.64995268546045 9.78478346019983 8.86219671219587 9.20902736466378 9.93156731780618 9.99826552020386 9.55839207069948 9.10202336683869 8.70721303974278
-9999 -9999 -9999 -9999 -9999 -9999 -9999 -9999 12.5728477108558 9.00018310081214 8.94567704293877 8.79219945892692 9.91746268002316 9.9626453332603 9.98631243733689 9.91387675516307 10.0790683603846 10.0620949827135 9.85721914237365 9.77632067753002 9.12162642274052 10.2568704680307 9.79016234748997 9.74964139657095 9.38602861575782 9.15366068482399 9.06472974829376 9.28347116475925 9.2418744363822 9.33582566771656 9.15318256150931 9.25227361847647 9.2694860578049 9.25048065604642 9.34626469342038 9.16688876319677 8.75275428546593 8.50496687763371 9.04560481570661 8.90035095270723 5.13527328660712 9.12884608479217 8.41998045844957 8.89934689374641 8.90078126369044 8.69107637787238 8.54692219849676 9.49755087890662 8.81787468092516 9.90096742566675 10.5650807097554 9.25464032888413 8.07429730193689 8.59827264249325 9.54165775468573 9.78191472031176 9.59071320677176 10.8799249124713 9.25908687571064 9.9945600645151 9.44244716688991 9.72645241580904
-9999 -9999 -9999 -9999 -9999 -9999 -9999 -9999 14.5974019874286 8.51249731983989 9.44268622854725 10.8787296041846 9.8751487666741 10.469695108477 10.2165288133547 10.2860957556404 10.2007507439703 10.1589149539359 10.1828211196698 8.81777905626222 9.80701619433239 9.67505415948108 9.71485792542808 9.83104189089499 9.36188338836655 9.37216303963214 9.38985360227525 9.29924923414364 9.4089785348624 9.50508132111281 9.61481062183157 9.60190129233524 9.57464826339856 8.29605089528486 8.95356607763097 8.90933967102319 8.82088685780764 8.88925849180669 8.31419567507692 8.28192235133611 8.90838342439383 9.28418834973127 9.313592933584 10.0903042582795 9.94794304133393 9.95368052111007 9.98953976971097 9.95332192862406 8.74510431243107 9.77283037733287 9.73716237805784 9.50952786793932 9.17159030912444 9.1979827160947 9.71937619075179 10.5952024785802 9.94615007890388 9.37957395100966 9.31191950198263 9.86008788226172 9.86558630038053 9.18485823110677
10.9756760785866 9.40499978978187 -9999 -9999 -9999 -9999 -9999 14.2599996812642 14.3701772972941 10.5812173716258 10.6020157358143 10.0185857610777 10.0623340443708 10.7658925019205 10.4266640101559 10.3434705534019 10.5665150796995 10.8709601003211 9.9839218207635 8.98990344954655 9.47782829217613 10.0953245530836 10.1727805300616 9.98953976971097 9.9043142888695 9.69154941383749 9.48547826521099 9.47304705902934 9.48715169681236 9.990615547169 10.4919278426096 10.109668252524 9.45487837307155 9.16499220738188 8.7437177548185 9.29243597690947 9.40969571983442 9.38818017067388 7.7997588946484 8.68290046919137 9.13200169866905 9.65038299644366 10.1985991890542 10.6578366328031 10.6396679468453 10.348849440692 9.79338967986405 9.90359710389748 10.1161229172722 9.07190159801394 9.21949826525524 10.057552811224 10.0914995665662 10.056835626252 9.9973092735745 9.63360086809844 10.0224107475951 9.10799990827218 9.17063406249508 10.2774895359762 10.2875301255845 10.1473204635549
9.82853174349293 9.73036705044797 8.86166394621666 10.7213373855338 16.1865420246568 -9999 16.1899624452926 10.1749320849776 10.4930036200676 10.5356761259027 10.1079948209226 10.7802362013608 10.709234889131 10.9652699241415 10.9254661581945 10.6332132820971 10.7214270336553 10.5153558850288 10.2923113587312 10.1902320310473 9.78143659699708 10.0325708680321 10.1243705444504 9.92057048156857 10.2990050851367 10.3762220004573 10.4008453511633 10.0551621946506 9.74892421159893 10.0922167515382 10.8390453690663 10.749397247564 10.8003173805773 10.6121758562513 10.6468397965655 10.3869797750376 8.30336618199945 10.7687612418085 10.4981434457004 11.2062440747395 9.45502181006595 10.5858790739439 9.80113527756184 10.8631905964576 10.7125339400023 10.626758617349 10.5638854014687 10.4065828309394 10.3451439850032 9.13157138768583 10.2131819501519 9.55002491269261 10.1517431042157 10.069505894091 10.003285815008 9.41136915143579 10.0484684682451 10.5702803008026 9.9681437513791 10.3291268539615 10.2430646573193 9.25836969073862
10.5153080726974 8.50675984006375 8.63011565525085 10.628910172265 10.5594866669737 10.5488723293878 9.86008788226172 10.4890591027215 10.6615420884918 10.8376109991223 10.8860209847335 10.7970900482032 10.5968759101816 10.0401013102382 10.1046479577199 10.9102857429534 10.3556626979262 10.1577196456492 10.1682383585721 10.2124647651799 10.9552293345332 10.8146610800177 10.8476515887305 10.8612781031989 10.948057484813 10.8734702477232 10.5318511393853 10.4711294784211 10.4912106576376 10.4276202567853 10.9222388258204 10.9573808894493 11.0197759820148 10.8658202746883 10.7635018853471 10.8502812669612 11.2208268358372 10.3000808625948 10.3667790649924 11.1060772403143 10.8262794765644 9.87758719557896 9.14534133914858 9.89795524878427 10.3233893741854 10.0257576107979 9.60204472932964 9.84096294967458 8.81012908322737 10.2409131024033 10.2507146303542 10.2999613317661 11.0047150976025 9.73864456033334 9.03102205460891 8.52516758767888 10.467184961075 9.87538782833144 10.1780876988545 9.50818912265822 8.20876948419027 8.97723318170756
10.8307977418881 9.1500747599639 9.04034545924515 10.9240317882504 10.5390229891054 10.9315622304566 10.9025162390899 10.8997670300305 11.1302224677056 10.935387216974 11.146717722062 11.1634520380758 10.9803308085538 10.5937681086361 10.7611112687737 10.7111473823898 10.6547288312577 10.4381389697082 10.4159062355757 10.2850199781824 11.0714133000001 10.3597267461009 10.9322794154286 10.9724417738616 11.0147556872107 11.026947831735 10.6776787503622 10.6681162840687 10.3700063973665 11.6899853383657 11.0176244270988 11.0534836756997 11.2112643695436 10.787408051081 9.94471570895985 10.1225775820203 10.5740455219056 10.548944047885 10.5686666346155 11.185445710551 10.468619331019 10.3513595880941 10.2333826601971 10.3420361834578 10.4714880709071 10.3599658077583 9.85769726568833 9.90861739870161 9.93395793437958 9.97961871093139 9.98989836219698 10.9365825252607 10.3757438771427 9.38507236912847 8.51895198458806 9.62198247155175 10.1137920661131 10.1042893652339 8.54591813953593 8.53735973220319 7.02935879770666 6.67650379147381
10.907177941408 10.5253964746371 10.6403851318173 11.1175521998666 10.8758608642966 11.2166432568338 10.7835830645636 10.8526718835346 11.0803781121504 11.1273537278175 11.0911358867306 10.9387340801768 11.0661539435387 10.9884589049034 10.6163594352547 10.0652027842589 10.4420834870543 10.2550177401863 10.5550401201472 10.5036418638192 11.066393005196 10.6069164997898 10.4699341701344 10.4376608463936 11.0549180456437 10.9301278605126 10.3951078713872 10.4019211286213 10.8634296581149 10.8576921783388 10.4280983801 10.6609444343485 11.0047150976025 10.90789512638 10.6023743283004 10.1433759462088 10.80007831892 10.8414359856397 10.5614947848953 10.2405545099173 10.2613528741058 10.3807641719468 10.8006759730633 10.5220496114343 10.1587954231072 10.0271919807419 10.2306334511377 8.86033203126863 9.72214930597693 9.711630593054 10.2821512382943 10.0652027842589 10.3676755462075 9.79751349345315 9.23082978781313 8.55857645429205 8.397030539345 8.37856302631553 7.82166889554355 8.20787300297525 6.81539861438796 7.44658115517814
11.0748199286172 10.6779178120196 11.0047150976025 11.0661539435387 10.8502812669612 10.9792550310958 11.0465508876368 10.9203263325617 11.1524552018382 11.2201096508652 11.0681859676261 10.9511652863584 11.0097353924066 11.0448774560355 10.9984994945116 10.7630237620324 9.9346751193516 10.0551621946506 10.5559963667765 10.733858239837 11.2076784446836 11.1632129764184 11.1524552018382 10.8146610800177 11.1696676411666 10.2966144685633 10.404192214366 10.30814919353 10.9408856350929 10.5885087521747 10.7809533863328 11.0699789300561 11.0556352306157 11.0527664907277 10.9774620686658 9.88518935628235 9.97579372441396 10.2798801525496 10.2404349790886 10.3566189445555 10.443637387827 10.3590095611289 9.10991240153089 10.2260912796482 10.2007507439703 10.1842554896139 8.835230557248 8.72191533166915 10.0219923896948 10.3391674435697 8.7398449559696 8.93013803521171 9.99276710208505 10.148037648527 9.54327142087277 8.15677357371897 7.54680775501765 7.54142886772752 8.02230139146559 7.55828271456994 8.06282234238461 7.66162906903774
10.9199079746613 10.7852564961649 10.9996948027983 11.066572301439 11.0152338105254 11.1024315500399 11.1278916165465 11.1125319050625 11.0161900571547 11.000172926113 11.1639301613905 11.0362712363712 10.9236731957644 11.024437684333 11.0427259011194 10.9337137853727 10.6805474902503 10.2990050851367 10.2988257888937 10.999455741141 10.9298887988552 11.2406689533964 11.1381115023978 10.773303413298 10.9301278605126 10.443637387827 10.2416302873753 10.0931729981676 10.8978545367718 10.7415082128718 10.2511927536689 10.2456943355501 10.9107638662681 10.2138991351239 10.8218329297379 9.33534754440188 9.36068808007985 9.33654285268858 9.95332192862406 10.6321375046391 10.218202244956 9.11995299113914 9.41471601463854 10.1180354105309 9.95045318873599 10.0936511214823 9.85315509419888 8.54261908866465 9.5404026809847 9.49808876763564 9.05199971504044 8.98888743750285 9.23434399417602 9.1181600287091 7.98913158650976 8.10585344070569 7.34252956882119 7.79871897643898 8.34797508725896 8.07142856204882 7.33559678075835 6.3973395411158
11.185445710551 11.0355540513992 11.1666196050355 11.0209712903015 10.9812870551832 11.0993835139088 11.107989733573 11.0948413424194 11.2026581498794 11.2688782289624 11.094602280762 11.2031362731941 11.1134881516919 11.1354818241671 10.1562852757052 10.7307504382916 10.7678049951792 11.0527664907277 11.3152561904863 10.7257301434875 10.5806197174825 11.1553239417262 10.8978545367718 10.8607999798842 11.0484633808956 10.3614001777023 10.2914029244334 10.1309447400272 9.87992999982089 10.3972594263032 10.3635517326184 10.6654866058379 10.7336191781797 10.7156895538792 8.94878484448418 8.70279039908201 8.94758953619748 9.2667368487455 9.53018279513344 9.41878006281331 9.67314166622236 9.97220779955387 8.82605058960617 10.1186330646742 9.96192814828828 9.31024607038125 8.11410106788389 9.15222631487995 8.27606534073129 8.23183893412352 6.524819169892 9.11296043766197 8.7717596872244 8.10692921816371 7.30690938187763 6.76686909794807 15.185876922061 15.9899996425956 -9999 -9999 -9999 -9999
10.3653446950484 11.2211256629089 11.1110975351185 11.0735648549162 11.107272548601 11.0824101362377 11.2868078532629 9.73493910464458 11.2303893021308 11.2461673715152 11.494982744474 10.7783237081021 11.0154728721827 11.0238400301896 11.1581926816143 10.9384950185195 11.2253690073267 11.2387564601377 11.0448774560355 10.7061270875856 10.7503534941934 10.5758384843357 10.7816705713049 10.8012736272067 10.5751212993637 10.6346476520412 9.47065644245595 9.70947903813794 9.85148166259751 10.1443321928382 10.348490848206 10.2997222701088 10.3800469869748 8.9841659697704 8.88495538197458 8.74295275751501 9.08911403734237 9.34897405887023 9.47663298388943 8.56293932953849 9.04847355559468 9.7198782202322 8.95141452271491 9.17947934381664 9.06783754983917 8.26327554206364 7.93982511968352 8.09150974126533 7.29734691558406 7.47640409693122 6.22180851921439 6.6043549832888 8.11603746730834 6.44413586053997 7.81467634206638 17.7749996026978 -9999 -9999 -9999 -9999 -9999 -9999
11.1680539749796 11.2716872034362 11.305036304635 11.2772453869693 9.61983091663569 11.2351107698632 11.5164982936345 11.0293384483084 10.6740928255022 9.82906963222194 10.0216337972088 11.5243873283267 11.3868312506936 11.3520716857165 11.450326026883 11.2703125989065 10.959293382708 10.9552293345332 10.9968260629103 10.4178187288344 10.4780622664839 10.4496139292605 10.0673543391749 10.5418917289935 10.586596258916 10.4775841431692 10.3276924840175 9.34347564075142 9.36260057333857 13.7899996917695 15.3499996569008 8.718825919482 8.596407961566 16.4649996319786 -9999 14.8099996689707 8.90049438970163 9.15150912990794 9.65461438777857 6.55988951502368 8.63800468994305 9.83312172731385 9.5748873250559 8.56437369948253 8.72382782492787 8.7051810156554 8.13406271627173 8.35256507107988 8.54233221467584 6.49816379509866 6.26436149422079 6.67913346970454 6.4014633547049 14.8499996680766 -9999 -9999 -9999 -9999 -9999 -9999 -9999 -9999
11.1919003752992 11.0080619608052 11.2533989866497 10.4840388079174 10.3294854464475 10.5514541952871 11.3654591385275 9.96497618441936 11.4988555433229 9.84454887453467 11.6884792499244 10.7544175423682 11.624362913426 11.6501815724187 11.6642383978702 11.7280678603798 11.0788242113777 11.0967538356781 10.6640522358939 10.5851618889719 10.0350810154341 10.5696228812449 10.3939125631005 10.4297718117014 10.6807865519077 10.2150944434106 10.5445214072242 9.41304258303717 9.41328164469451 -9999 -9999 -9999 -9999 -9999 16.3799996338785 7.80443084246612 8.55014953087084 9.39004485160112 9.17947934381664 7.9071932034567 8.10418000910431 8.63298439513892 8.94328642636538 8.72478407155722 8.98751283297315 9.05301572708413 8.49241614062339 8.36953844875097 7.59999897377566 7.02362131793052 6.91102327732369 5.44782249741256 6.15875140975158 -9999 -9999 -9999 -9999 -9999 -9999 -9999 -9999 -9999
10.2921918279026 10.3657032875344 10.5166707241442 10.5324487935286 10.387577429181 10.271393463714 10.5292214611545 10.5313730160706 10.5299386461265 10.4376608463936 11.6959379736334 11.6857539470308 11.5256782612763 11.5196539075114 11.1416974272579 11.2738985237665 10.6047649448738 11.0348368664272 10.4897762876935 10.7049317792989 10.9272591206245 10.7658925019205 11.0922116641887 10.1694814791903 9.91244238521904 9.84000670304522 9.65186517871916 9.47519861394539 9.32698038639501 7.35499983560294 -9999 -9999 -9999 -9999 -9999 14.7699996698648 8.65557572175749 8.54692219849676 8.19191563734785 7.94018371216953 7.80678730737418 7.42667927220464 8.1503189089708 8.9588732464239 7.70685953460634 9.03303017253056 8.43755149026401 8.31383708259091 8.12975960643962 5.47665333328769 8.04173710420728 6.40971098188311 5.72207403071225 15.0943688546692 9.49201061644447 22.2733574959071 -9999 -9999 -9999 -9999 -9999 -9999
10.2850199781824 10.3703649898525 11.0709351766855 10.3664204725064 10.3348643337376 10.3750266921706 10.7654143786058 11.0341196814552 10.9461449915543 11.4199651964009 11.4416241825558 10.9148876798572 11.1071291116066 10.4463865968864 11.0083010224625 11.1101412884891 10.5952024785802 11.145641944604 10.8584093633108 11.0169072421268 11.0312509415671 11.1216162480414 11.1173131382093 9.98918117722496 9.25550095085055 9.07477033790201 8.77187921805307 8.38149153161794 8.54979093838483 7.73808098705485 14.1291555590127 24.7149994475767 -9999 -9999 -9999 -9999 9.33739043492824 8.49994658282958 9.14278337941505 9.5445264945738 6.83674340522183 7.86172367623076 5.77500228164718 9.12741171484813 6.97413555486128 7.80858026980422 7.1900082314387 7.5844599660486 8.10603273694869 8.07358011696488 6.61751532752533 8.91842401400208 10.3747398181818 9.86999977938831 -9999 -9999 -9999 -9999 -9999 -9999 -9999 -9999
9.07010863558389 10.8361766291782 10.8345031975769 11.144566167146 10.5918556153774 10.7914720992558 10.7462894460186 10.7482019392774 10.98606828833 11.3024902979843 10.0752433738671 10.0802636686713 10.3201620418113 11.0018463577144 11.0250353384763 10.8103579701856 10.5901821837761 11.2220221441239 10.9315622304566 10.8562578083947 10.8878139471635 10.786690866109 10.786690866109 9.29996641911566 8.16179386852309 8.29256059508771 8.20410778187215 8.02672403212637 7.34814751776867 7.27893916796893 14.1627752654861 -9999 -9999 -9999 -9999 -9999 -9999 -9999 -9999 -9999 -9999 -9999 -9999 -9999 -9999 -9999 8.82992338845506 7.76501128275413 8.87272908578494 7.96917847603826 18.9380918714038 -9999 -9999 -9999 -9999 -9999 -9999 -9999 -9999 -9999 -9999 -9999
10.7820291637909 10.5574307367206 10.8593656099401 10.7704346734099 10.946623114869 10.7340973014943 10.6994333611801 10.7340973014943 11.2200498854509 11.1537102755392 10.5150570579572 10.1407462679781 10.296375406906 10.2265694029629 11.145462648361 11.053005552385 9.93969541415572 9.84693949110806 10.1039307727478 10.6884365249425 10.5514541952871 10.547151085455 10.5964934115298 11.309223399251 12.4938506560594 15.3149996576831 8.16848759492859 8.59449546830729 7.5832646577619 7.01812289981171 8.55911434302106 13.1196897640554 20.2030160734025 -9999 -9999 -9999 -9999 -9999 -9999 -9999 -9999 -9999 -9999 -9999 -9999 -9999 -9999 -9999 -9999 -9999 -9999 -9999 -9999 -9999 -9999 -9999 -9999 -9999 -9999 -9999 -9999 -9999
10.044165358413 10.4187749754637 10.5122480834834 10.616239904426 11.0215689444449 10.7941017774865 10.6764834420756 11.0034600239014 11.0083010224625 10.9579187781783 10.4374217847362 10.7948189624585 10.6764834420756 10.18999296939 9.78980375500396 10.9598910368513 10.868449952919 10.7011665581958 10.0936511214823 10.3771782470867 10.4488967442885 10.2753379810601 9.30307422066107 9.12138736108318 8.59330016002059 8.78598385583609 8.7623167517595 8.54979093838483 8.16872665658593 7.92607907438651 8.11900183185935 6.14172286400571 16.7598949988559 -9999 -9999 -9999 -9999 -9999 -9999 -9999 -9999 -9999 -9999 -9999 -9999 -9999 -9999 -9999 -9999 -9999 -9999 -9999 -9999 -9999 -9999 -9999 -9999 -9999 -9999 -9999 -9999 -9999
10.5801415941678 10.1326181716286 10.1672821119428 10.6554460162297 10.2789239059202 10.2258522179909 10.8881725396495 10.9593531481223 10.8415555164684 10.7321848082356 10.2177241216414 10.2358928075992 10.1581977689639 10.6198258292861 10.2626677132212 10.748859358835 9.76278978772461 10.3527939580381 10.2327850060537 9.5603045639582 10.1075166976079 10.0099795414135 9.8672597319819 9.180435590446 9.1299935807474 8.66191085567698 9.1299935807474 7.97054454265162 7.95070242509246 6.23701284062117 6.64040548121557 6.95548874558881 21.4922406470869 -9999 -9999 -9999 -9999 -9999 -9999 -9999 -9999 -9999 -9999 -9999 -9999 -9999 -9999 -9999 -9999 -9999 -9999 -9999 -9999 -9999 -9999 -9999 -9999 -9999 -9999 -9999 -9999 -9999
9.78514205268584 10.082893346902 9.88590654125437 10.5299386461265 10.4503311142325 9.7396008069627 9.99635302694514 10.1187525955029 9.80486463941634 10.0240841791965 9.24474317627028 9.95858128508553 10.0742871272378 10.0707012023777 10.1842554896139 10.0023295683786 10.1538946591318 10.4018015977927 10.2923113587312 9.60118410736322 9.80773337930441 9.76183354109526 9.60190129233524 9.38244269089773 9.15509505476803 9.25406658090651 9.70015563350171 8.83021026244387 8.26315601123497 8.20602027513087 8.03795993002132 7.739820160612 14.450143480796 -9999 -9999 -9999 -9999 -9999 -9999 -9999 -9999 -9999 -9999 -9999 -9999 -9999 -9999 -9999 -9999 -9999 -9999 -9999 -9999 -9999 -9999 -9999 -9999 -9999 -9999 -9999 -9999 -9999
