EcologicalScience/Bass/data/rs_data_bass/sst_472.asc
NCOLS 226 
NROWS 124 
XLLCORNER -9.41648524995501 
YLLCORNER 47.587301625531 
CELLSIZE 0.0833 
NODATA_value -9999 
[rows 27 to 53 of 124, columns 62 to 123 of 226]
-9999 -9999 -9999 -9999 -9999 -9999 -9999 -9999 -9999 -9999 -9999 -9999 -9999 -9999 -9999 -9999 -9999 -9999 -9999 -9999 -9999 -9999 -9999 -9999 -9999 -9999 -9999 -9999 12.5299997199327 6.19654767075554 6.4333780859597 6.45919674495235 6.7080599302426 6.67506942152977 6.65140231745318 6.72061066725291 6.7399746614974 6.82209234079346 6.7864721538499 6.76830346789211 6.76089255651459 6.81061738124117 6.66741944849491 6.66909288009629 6.62319304188713 6.80344553152099 6.80308693903498 6.34624011185952 6.92751853168011 6.77619250258431 6.13359476765618 6.51083406293765 6.59510329714976 6.61482588388026 6.76973783783615 6.84862818475813 6.82926419051364 6.73136844183318 6.61231573647819 6.7041154128965 6.75073243607767 7.03939938731492
-9999 -9999 -9999 -9999 -9999 -9999 -9999 -9999 -9999 -9999 -9999 -9999 -9999 -9999 -9999 -9999 -9999 -9999 -9999 -9999 -9999 -9999 -9999 -9999 -9999 -9999 -9999 -9999 -9999 -9999 9.78499978128821 10.42989134253 6.69443341577426 6.69981230306439 6.67004912672564 6.6800897163339 6.78838464710861 6.85580003447831 6.72168644471094 6.68224127124995 6.64638202264905 6.81492049107328 6.62630084343255 6.65857416717336 6.62199773360044 6.64279609778896 6.53521835198626 6.49481693189591 6.48465681145899 6.07550278492272 6.48358103400096 6.53736990690231 6.63921017292887 6.72096925973892 6.78802605462261 6.75324258347973 6.83715322520584 6.85472425702028 6.63885158044286 7.07525863591582 6.9511856357567 7.00927761849016
-9999 -9999 -9999 -9999 -9999 -9999 -9999 -9999 -9999 -9999 -9999 -9999 -9999 -9999 -9999 -9999 -9999 -9999 -9999 -9999 -9999 -9999 -9999 -9999 -9999 -9999 -9999 -9999 -9999 -9999 -9999 12.5849997187033 6.52768790978007 6.70841852272861 6.56749167572707 6.5847041150555 6.75001525110565 6.76973783783615 6.74499495630153 6.73925747652538 6.68224127124995 6.76041443319991 6.45023193280213 6.55996123352088 6.62325280730147 6.61141925526317 5.61722158780321 6.50390127487481 6.59295174223371 6.6087298116181 6.59331033471972 6.2938856089022 6.09379100170918 6.4294335686136 6.843607889954 6.90815453743562 6.34516433440149 6.28563798172399 6.2978301262483 6.39393291249871 6.21750540938228 6.09486677916721
-9999 -9999 -9999 -9999 -9999 -9999 -9999 -9999 -9999 -9999 -9999 -9999 -9999 -9999 -9999 -9999 -9999 -9999 -9999 -9999 -9999 -9999 -9999 -9999 -9999 -9999 -9999 -9999 -9999 -9999 -9999 11.914999733679 6.87659839866683 6.72885829443112 6.64207891281694 6.61446729139425 6.67076631169766 6.71917629730888 6.63956876541488 6.66144290706143 6.71057007764466 6.38245795294642 2.86466566519812 6.54938275518361 6.5090411005076 6.6883373435121 6.46349985478446 6.7281411094591 6.65749838971533 7.08529922552407 6.6962263782043 6.61518447636627 6.30213323608041 6.81671345350333 6.86584062408656 6.23471784871072 6.32364878524095 6.46278266981244 6.39967039227486 6.38819543272257 6.35520492400974 5.33034759899601
-9999 -9999 -9999 -9999 -9999 -9999 -9999 -9999 -9999 -9999 -9999 -9999 -9999 -9999 -9999 -9999 -9999 -9999 -9999 -9999 -9999 -9999 -9999 -9999 -9999 -9999 -9999 -9999 -9999 -9999 -9999 11.4499997440726 8.64857121519744 6.56641589826904 6.64279609778896 6.7202520747669 6.67040771921165 6.6800897163339 6.70232245046645 6.27153334394097 6.56641589826904 6.62092195614241 6.48429821897298 6.47407833312172 6.4929044386372 6.61984617868438 6.67076631169766 6.67650379147381 6.71810051985085 6.75718710082583 6.71128726261668 6.59044159483165 6.60657825670205 6.63598284055479 6.64566483767703 6.35233618412167 6.45489363512024 6.43481245590374 6.30141605110839 6.38317513791844 6.39034698763862 6.33655811473727
-9999 -9999 -9999 -9999 -9999 -9999 -9999 -9999 -9999 -9999 -9999 -9999 -9999 -9999 -9999 -9999 -9999 -9999 -9999 -9999 -9999 -9999 -9999 -9999 -9999 -9999 -9999 -9999 -9999 -9999 -9999 -9999 8.5822598580271 6.8195821933914 6.7198934822809 6.43122653104365 6.72276222216897 6.70519119035453 6.72634814702906 6.19646798353642 6.61518447636627 6.60908840410411 6.30536056845449 6.29675434879027 6.53844568436034 6.58577989251353 6.64960935502313 6.65355387236923 6.65211950242519 6.69945371057838 6.5366527219303 6.54346597916447 6.70232245046645 6.70877711521462 6.56211278843693 6.60980558907613 6.98525192192756 6.94544815598056 4.98968473728746 6.31073945574462 6.11494795838371 6.31002227077261
-9999 -9999 -9999 -9999 -9999 -9999 -9999 -9999 -9999 -9999 -9999 -9999 -9999 -9999 -9999 -9999 -9999 -9999 -9999 -9999 -9999 -9999 -9999 -9999 -9999 -9999 -9999 -9999 -9999 -9999 -9999 8.16999981738627 8.31534348421336 7.77236242871732 6.75360117596574 6.19909766176715 6.61339151393622 6.67506942152977 6.69837793312036 6.69156467588618 6.65498824231327 6.59474470466375 6.29280983144417 6.30858790082857 6.34014403959736 6.47640918428078 6.46995451953262 6.39034698763862 6.34229559451342 6.33799248468131 6.43050934607163 6.67184208915569 6.77117220778018 6.59761344455183 6.72849970194511 6.87982573104091 6.82531967316754 6.91102327732369 6.96875666757114 7.16992705222219 6.20029297005385 6.2899410915561
-9999 -9999 -9999 -9999 -9999 -9999 -9999 -9999 -9999 -9999 -9999 -9999 -9999 -9999 -9999 -9999 -9999 -9999 -9999 -9999 -9999 -9999 -9999 -9999 -9999 -9999 -9999 -9999 -9999 -9999 -9999 -9999 -9999 8.55314317375966 6.30428479099646 6.77296517021023 6.73746451409534 6.70554978284054 6.67793816141784 6.66753897932358 6.65211950242519 6.37528610322624 6.41401409171522 6.33010344998911 6.29926449619234 6.35735647892579 6.35161899914965 6.34301277948543 6.39967039227486 6.54561753408052 6.52589494735003 6.75073243607767 6.44772178540006 6.72849970194511 6.65498824231327 6.70268104295246 6.68152408627793 6.97305977740325 6.89345224550925 6.47282325942069 6.41114535182714 6.39249854255468
-9999 -9999 -9999 -9999 -9999 -9999 -9999 15.2267120974906 14.9840968873412 12.7927289513405 11.9936619465173 5.14494731500745 6.64438637750952 14.0444869227805 8.41999981179833 -9999 -9999 -9999 -9999 -9999 -9999 -9999 -9999 -9999 -9999 -9999 -9999 -9999 -9999 -9999 -9999 -9999 -9999 -9999 6.70293718044247 6.91425060969777 6.25981932273135 6.69192326837219 6.68726156605408 6.67004912672564 6.66789757180959 6.25121310306713 6.33584092976525 6.34875025926158 6.30141605110839 6.3336893748492 6.28061768691987 6.25264747301117 4.89501632098109 6.58506270754151 6.57753226533532 6.7959150893148 6.45776237500831 6.41186253679916 6.84253211249597 6.81886500841938 6.97449414734729 6.88699758076109 7.00820184103213 6.42477186629549 6.41114535182714 6.40899379691109
-9999 -9999 -9999 -9999 15.4149996554479 14.7396034951157 9.91945486050099 11.8935197771837 9.25842485881339 11.0527012920938 11.8736490539562 20.2472274053349 -9999 -9999 -9999 -9999 -9999 -9999 -9999 -9999 -9999 -9999 -9999 -9999 -9999 -9999 -9999 -9999 -9999 -9999 -9999 -9999 -9999 -9999 6.76310387684498 6.59976499946788 6.77726828004234 6.77655109507032 6.71630755742081 6.70841852272861 6.55852686357684 6.20423748739995 6.22682881401852 6.59331033471972 6.38891261769459 6.43983275070786 6.34659870434552 6.39034698763862 6.51800591265783 6.4929044386372 6.51155124790967 6.45991392992437 6.92285682936199 6.87659839866683 6.83105715294369 6.89596239291131 6.96409496525303 6.97413555486128 6.94831689586863 6.83069856045768 6.7159489649348 6.35592210898176
8.35307734605989 11.6977017174164 15.6166821970078 9.56971234329702 8.42739136982709 6.96380809126422 7.75514998938888 7.8993041687645 7.38508254382759 14.5829264994042 14.3849996784702 -9999 -9999 -9999 -9999 -9999 -9999 -9999 -9999 -9999 -9999 -9999 -9999 -9999 -9999 -9999 -9999 -9999 -9999 -9999 -9999 -9999 -9999 -9999 13.9199996888638 7.16447644643486 6.7281411094591 6.70590837532654 6.73100984934717 6.69945371057838 6.56713308324106 6.24475843831897 5.4691228910815 6.02529983688146 6.41401409171522 6.27990050194785 6.30500197596848 6.7001708955504 6.9791558496654 6.96158481785096 6.97234259243123 6.83822900266387 6.86297188419849 6.86010314431041 6.72670673951507 6.81671345350333 6.93146304902621 6.96983244502917 6.98596910689957 6.99851984390989 6.96122622536495 6.34014403959736
7.27865229398012 7.38508254382759 7.70150455348194 8.34496291037649 7.89987791674212 8.04883723543026 7.7001060427865 8.02624590881169 9.07123222537339 15.4899996537715 -9999 -9999 -9999 -9999 -9999 -9999 -9999 -9999 -9999 -9999 -9999 -9999 -9999 -9999 -9999 -9999 -9999 -9999 -9999 -9999 -9999 -9999 -9999 -9999 -9999 9.22021545022726 7.45522323409095 7.30604875991121 6.83607744774781 6.55314797628671 6.27488020714372 6.44772178540006 6.37241736333817 6.37026580842212 6.25336465798318 6.37170017836615 6.29854731122032 6.28778953664005 6.89596239291131 6.89273506053723 6.83356730034575 6.86225469922647 6.78121279738843 6.82998137548566 6.91102327732369 6.9034928351175 6.88879054319113 6.9511856357567 6.98274177452549 6.99600969650783 7.01250495086424 6.30428479099646
7.51417583879083 7.38006224902347 7.34994048019871 5.96792503912002 5.84851374127902 6.20423748739995 6.75228633685037 10.5187244811095 10.7396298712785 -9999 -9999 -9999 -9999 -9999 -9999 -9999 -9999 -9999 -9999 -9999 -9999 -9999 -9999 -9999 -9999 -9999 -9999 -9999 -9999 -9999 -9999 -9999 -9999 -9999 -9999 -9999 10.2855493289951 7.67599884793162 6.90313424263149 6.54418316413648 6.67076631169766 6.7718893927522 6.55565812368877 5.39023254415952 5.31707967701368 6.63921017292887 6.77690968755633 6.86153751425445 6.8952452079393 6.90169987268746 6.87193669634871 6.22969755390659 6.80057679163292 6.74750510370359 6.80201116157696 6.88377024838701 6.75252539850771 6.89739676285535 6.88126010098495 6.94473097100854 6.40971098188311 6.3057191609405
8.14314705925062 7.48369547748007 7.26459546852857 7.4331339369528 7.3972746883519 7.24021117947996 7.17494734702632 7.94402276113739 12.7897884929553 -9999 -9999 -9999 -9999 -9999 -9999 -9999 -9999 -9999 -9999 -9999 -9999 -9999 -9999 -9999 -9999 -9999 -9999 -9999 -9999 -9999 -9999 -9999 -9999 -9999 -9999 -9999 -9999 -9999 -9999 14.6949996715412 10.0750999368727 5.94999541481957 6.72893798165023 6.57107760058716 6.57627719163429 6.96624652016908 6.81133456621319 6.80631427140906 6.85795158939436 6.32508315518498 6.35233618412167 6.29280983144417 6.80487990146503 6.74212621641345 6.27488020714372 6.28635516669601 6.28850672161207 6.17519149603322 6.99349954910576 7.05732901161537 6.9350489738863 6.34372996445745
7.50449384166859 7.30870234430768 7.34778892528266 7.42739645717666 7.50198369426653 7.26746420841664 7.34850611025468 10.1648262967356 15.9949996424839 -9999 -9999 -9999 -9999 -9999 -9999 -9999 -9999 -9999 -9999 -9999 -9999 -9999 -9999 -9999 -9999 -9999 -9999 -9999 -9999 -9999 -9999 -9999 -9999 -9999 -9999 -9999 -9999 -9999 -9999 -9999 -9999 -9999 -9999 11.6385262429932 6.72527236957103 6.73451608698815 6.84109774255194 6.7916119794827 6.56605730578303 6.5925931497477 6.5886486324016 6.35879084886983 6.28133487189189 6.6485335775651 6.29998168116435 6.2777489470318 6.33870966965333 6.28635516669601 6.34516433440149 7.00425732368603 6.45345926517621 6.39034698763862
7.68701741704717 7.76662494894117 7.57800530130044 7.40157779818401 7.4252449022606 7.10107729490846 7.02792442776263 5.1385006189812 9.87467064335942 16.0049996422604 -9999 -9999 -9999 -9999 -9999 16.1899624452926 16.1899996381253 -9999 -9999 -9999 -9999 -9999 -9999 -9999 -9999 -9999 -9999 -9999 -9999 -9999 -9999 -9999 -9999 -9999 -9999 -9999 -9999 -9999 -9999 -9999 -9999 -9999 -9999 -9999 14.1549996836111 8.50993594493983 6.70303963543847 6.52661213232204 6.39787742984481 6.43409527093172 6.53772849938832 6.5488448664546 6.21248511457816 6.21965696429834 6.2978301262483 6.32006286038086 6.35018462920561 6.37456891825423 6.37385173328221 6.4412671206519 6.29137546150014 6.36811425350606
7.50270087923855 7.64972379850224 7.35926388483495 7.74869532464072 7.53999449778348 7.23519088467583 7.17351297708228 7.23303932975978 7.16347238747403 7.77868669619784 15.2049996601418 -9999 -9999 -9999 -9999 -9999 -9999 -9999 -9999 -9999 -9999 -9999 -9999 -9999 -9999 -9999 -9999 -9999 -9999 -9999 -9999 -9999 -9999 -9999 -9999 -9999 -9999 -9999 -9999 -9999 -9999 -9999 -9999 -9999 -9999 11.6849997388199 6.69335763831623 6.44628741545603 6.59115877980366 6.5449003491085 6.55780967860483 6.50437939818949 6.55996123352088 6.23471784871072 6.20818200474605 6.25623339787126 6.34659870434552 6.34516433440149 6.33942685462534 6.37385173328221 6.24762717820704 7.02326272544451
7.65653705573641 7.61027862504125 7.64326913375407 7.45859400345944 7.6325113591738 7.68845178699121 7.40014342823997 7.35782951489091 7.29973753215745 7.32985930098221 7.42883082712069 15.0360118253157 -9999 -9999 16.9738973753248 -9999 26.52499940712 25.7376593930601 -9999 -9999 -9999 -9999 -9999 -9999 -9999 -9999 -9999 -9999 -9999 -9999 -9999 -9999 -9999 -9999 -9999 -9999 -9999 -9999 -9999 -9999 -9999 -9999 -9999 -9999 -9999 8.8399998024106 11.3599997460842 10.1240119519643 6.67148349666968 6.63562424806878 6.49864191841334 6.52051606005989 6.61697743879631 6.67076631169766 6.0747855999507 6.22467725910246 6.27129428228363 6.30213323608041 6.32221441529691 6.31002227077261 6.98561051441357 7.02111117052846
7.99755850993097 7.96815392607823 7.69060334190726 7.63538009906188 7.64613787364215 7.67984556732699 7.57800530130044 7.47975096013397 7.62533950945362 7.47329629538581 7.44030578667298 9.23017535652616 15.7249996485189 16.9975127237849 7.82328256173059 7.89715261384845 10.4572009913329 13.7767378461208 -9999 -9999 -9999 -9999 -9999 -9999 -9999 -9999 -9999 -9999 -9999 -9999 -9999 -9999 -9999 -9999 -9999 -9999 -9999 -9999 -9999 -9999 -9999 -9999 -9999 -9999 -9999 -9999 -9999 -9999 9.22633542865515 6.12570573296398 6.54848627396859 6.60227514686994 6.48824273631908 6.67829675390385 6.73423718172126 6.04753257101402 6.24977873312309 6.2103335596621 7.04047516477294 7.08565781801008 7.23232214478776 6.19527267524973
7.86989958491176 7.86989958491176 7.71068452112377 7.70566422631964 7.68271430721506 7.57298500649631 7.51704457867891 7.58015685621649 7.43671986181289 7.41950742248446 7.39512313343585 8.39882350177504 9.0982940049842 7.55003508739173 7.70064393151551 7.9946897700429 14.1049996847287 -9999 -9999 -9999 -9999 -9999 -9999 -9999 -9999 -9999 -9999 -9999 -9999 -9999 -9999 -9999 -9999 -9999 -9999 -9999 -9999 -9999 -9999 -9999 -9999 -9999 -9999 -9999 -9999 -9999 -9999 -9999 6.49210756644607 6.30428479099646 6.26125369267538 6.33010344998911 6.68259986373596 6.72563096205704 5.44007689971477 6.83320870785974 6.81241034367122 6.94401378603652 6.20244452496991 6.33010344998911 6.32078004535288 6.35879084886983
7.88424328435212 7.98178044054657 7.90360727859661 7.74080628994852 7.65115816844627 7.67052216269076 7.64613787364215 7.60382396029308 6.82137515582144 4.27321695024148 7.71785637084395 7.68988615693524 5.86214025574736 7.76017028419301 8.09679083060473 9.41210175974054 14.0599996857345 -9999 -9999 -9999 -9999 -9999 -9999 -9999 -9999 -9999 -9999 -9999 -9999 -9999 -9999 -9999 -9999 -9999 -9999 -9999 -9999 -9999 -9999 -9999 -9999 -9999 -9999 -9999 -9999 -9999 -9999 -9999 8.06306140404195 6.47784355422482 5.96290474431589 6.24404125334695 6.75252539850771 6.80559708643705 6.75431836093776 6.72921688691713 6.8195821933914 6.89811394782737 6.9909894017037 7.00246436125599 6.32364878524095 6.32364878524095
7.87276832479984 7.86774802999571 7.87778861960396 7.78096864838153 7.68558304710314 7.70925015117973 7.69060334190726 7.38293098891154 5.82018493488431 7.60740988515317 7.67482527252287 7.76017028419301 7.67482527252287 7.73722036508843 10.6700287773274 6.69999985024333 -9999 -9999 -9999 -9999 -9999 -9999 -9999 -9999 -9999 -9999 -9999 -9999 -9999 -9999 -9999 -9999 -9999 -9999 -9999 -9999 -9999 -9999 -9999 -9999 -9999 -9999 -9999 -9999 -9999 -9999 -9999 -9999 8.51895198458806 4.27465132018551 7.17480391003191 7.23275245577097 6.8274712280836 6.80954160378315 6.8873561732471 6.81348612112924 6.86512343911454 6.94508956349455 6.95226141321473 6.62988676829264 6.95799889299087 6.45345926517621
7.94520400697365 7.9710226659663 7.92440564278513 7.879222989548 7.77021087380126 7.69418926676735 7.66550186788663 7.37217321433127 7.64972379850224 7.57226782152429 7.6282082493417 7.62892543431371 7.8196966368705 7.60095522040501 13.058732857462 -9999 -9999 -9999 -9999 -9999 -9999 -9999 -9999 -9999 -9999 -9999 -9999 -9999 -9999 -9999 -9999 -9999 -9999 -9999 -9999 -9999 -9999 -9999 -9999 -9999 -9999 -9999 -9999 -9999 -9999 -9999 -9999 -9999 -9999 -9999 7.26857982948422 7.32254401426762 7.21654407540336 6.72276222216897 6.82316811825149 6.7876674621366 6.54848627396859 7.03366190753877 6.74678791873157 6.69873652560636 6.40684224199504 6.38891261769459
7.93086030753329 7.93946652719751 7.89213231904432 7.88280891440809 7.82615130161867 7.70853296620771 7.68558304710314 7.6640674979426 7.63824883894995 7.6124301799573 7.54501479258761 7.55218664230779 7.57900936026126 7.67661823495291 13.9592303083278 14.3485767484332 -9999 -9999 -9999 -9999 -9999 -9999 -9999 -9999 -9999 -9999 -9999 -9999 -9999 -9999 -9999 -9999 -9999 -9999 -9999 -9999 -9999 -9999 -9999 -9999 -9999 -9999 -9999 -9999 -9999 -9999 5.65660156263039 5.64434421947226 4.07999990880489 -9999 11.5949583295733 8.19245352607686 6.63670002552681 6.49326303112321 6.50151065830141 7.02308342920151 6.62199773360044 6.78730886965059 6.37528610322624 6.31504256557673 6.43409527093172 6.42190312640741
7.93229467747733 7.9229712728411 7.92440564278513 7.89069794910029 7.87491987971589 7.82256537675858 8.29052857100032 7.64972379850224 7.61027862504125 7.65761283319443 7.66621905285865 7.92010253295302 7.51431927578524 7.51503646075726 8.50407039641868 -9999 -9999 -9999 -9999 -9999 -9999 -9999 -9999 -9999 -9999 -9999 -9999 -9999 -9999 -9999 -9999 -9999 -9999 -9999 -9999 -9999 -9999 -9999 -9999 -9999 -9999 -9999 -9999 -9999 -9999 -9999 -9999 -9999 6.1631230040903 6.13251899019815 8.11146052321419 9.64545832630247 7.64305397826247 7.44532608147711 6.74033325398341 6.55207219882868 6.76364176557399 6.86655780905858 6.82926419051364 6.39249854255468 6.48214666405693 6.51441998779774
7.89356668898836 7.84766685077921 7.90647601848468 7.91006194334477 7.89786979882047 7.84981840569526 7.78814049810171 6.92178105190396 7.89595730556175 7.76017028419301 7.94400869868696 7.89021982578561 7.97790764169767 8.01751312709359 18.0099995974451 -9999 -9999 -9999 -9999 -9999 -9999 -9999 -9999 -9999 -9999 -9999 -9999 -9999 -9999 -9999 -9999 -9999 -9999 -9999 -9999 -9999 -9999 -9999 -9999 -9999 -9999 -9999 -9999 -9999 -9999 -9999 -9999 -9999 -9999 -9999 10.7749290325679 7.97304382361472 9.44694152604789 6.963019187795 6.76615191297606 6.77260657772422 6.48393962648697 6.81456189858727 6.81994078587741 6.50294502824545 6.55099642137066 6.55601671617478
7.78742331312969 7.76160465413705 7.8634449201636 7.80965604726225 7.97747733071446 7.91723379306495 7.62247076956555 7.73506881017238 7.70494704134762 7.83212784305215 7.98895229026675 8.04847864294425 6.57824945030734 6.87229528883472 16.2210491538979 -9999 -9999 -9999 -9999 -9999 -9999 -9999 -9999 -9999 -9999 -9999 -9999 -9999 -9999 -9999 -9999 -9999 -9999 -9999 -9999 -9999 -9999 -9999 -9999 -9999 -9999 -9999 -9999 -9999 -9999 -9999 -9999 -9999 -9999 -9999 -9999 -9999 15.1299996618181 8.16587630605612 7.00569169363007 6.76543472800404 6.81707204598933 6.63885158044286 6.83858759514987 6.66359446197748 6.66216009203345 6.58900722488761
