EcologicalScience/Bass/data/rs_data_bass/sst_40.asc
NCOLS 226 
NROWS 124 
XLLCORNER -9.41648524995501 
YLLCORNER 47.587301625531 
CELLSIZE 0.0833 
NODATA_value -9999 
[rows 54 to 80 of 124, columns 124 to 185 of 226]
9.37499979045242 6.87499984633178 5.85499986913055 5.88999986834824 5.93499986734241 10.2899997700006 10.2849997701123 9.95999977737665 10.1449997732416 10.2749997703359 10.2949997698888 10.3099997695535 10.4299997668713 10.174999772571 9.81499978061765 9.87999977916479 9.87999977916479 9.65499978419393 10.2299997713417 10.2649997705594 10.4899997655302 10.7899997588247 11.5499997418374 11.0549997529015 11.024999753572 10.7049997607246 11.0824997522868 11.8299997355789 11.644999739714 11.5249997423962 11.8849997343495 12.0299997311085 11.789999736473 11.7049997383729 11.8799997344613 12.22499972675 12.4299997221678 12.6299997176975 13.0199997089803 12.8599997125566 12.7799997143447 11.6399997398257 10.6699997615069 11.7399997375906 11.024999753572 10.3424997688271 10.2424997710623 10.4974997653626 9.20749979419634 10.1662497727666 10.2949997698888 10.2274997713976 9.76099978182465 7.64999982900918 7.64999982900918 8.00333315444489 7.95199982225895 7.90999982319772 9.87045432483269 9.867272506722 8.71499980520457 8.71499980520457
10.7199997603893 6.37999985739589 6.13499986287206 5.77999987080693 6.68999985046685 10.2649997705594 9.73499978240579 9.46999978832901 9.44999978877604 9.69499978329986 10.0199997760355 10.4249997669831 10.484999765642 10.464999766089 9.99499977659434 9.94499977771193 9.79499978106469 10.4999997653067 10.7899997588247 11.0049997540191 10.2199997715652 10.5599997639656 10.7299997601658 10.8449997575954 11.6799997389317 11.8549997350201 11.5599997416139 12.3149997247383 11.6699997391552 11.6849997388199 11.7249997379258 11.8799997344613 11.9549997327849 11.7549997372553 11.9749997323379 11.9799997322261 12.4399997219443 12.6699997168034 12.2149997269735 12.5049997204915 12.8099997136742 10.2966664365182 10.976666421319 11.6349997399375 11.5449997419491 11.0049997540191 9.40999978967011 9.32166645831118 8.57874980825 8.82999980263412 8.93833313354602 8.50249980995432 9.85111089092162 8.62249980727211 7.84499982465059 7.84499982465059 9.68045432907953 14.436463091954 -9999 -9999 -9999 -9999
10.609999762848 6.14999986253679 10.7249997602776 7.18999983929098 7.18999983929098 10.7774997591041 11.1816664167369 9.81499978061765 9.65499978419393 9.58499978575855 9.74499978218228 10.1849997723475 10.2949997698888 10.4499997664243 10.5399997644126 10.3799997679889 10.6199997626245 10.8249997580424 10.9349997555837 12.3349997242913 10.6349997622892 11.064999752678 11.1599997505546 11.6599997393787 11.5749997412786 11.4199997447431 11.6199997402728 12.1449997285381 12.4299997221678 11.9399997331202 11.5549997417256 11.76999973692 11.8549997350201 11.789999736473 11.8999997340143 12.2349997265264 12.6699997168034 12.909999711439 12.9349997108802 12.8549997126684 10.533333097895 10.2066664385299 11.7024997384287 11.2949997475371 10.8549997573718 9.2874997924082 9.04999979771674 8.6574998064898 8.18499981705099 8.39666647898654 8.26499981526285 6.95499984454364 8.3799998126924 8.72499980498105 8.24642838710653 -9999 -9999 -9999 -9999 -9999 -9999 -9999
9.55999978631735 10.6999997608364 6.11999986320734 7.4949998324737 7.22999983839691 7.85999982431531 8.40999981202185 8.6099998075515 9.79499978106469 9.90999977849424 9.89499977882951 10.359999768436 10.3349997689947 10.3549997685477 10.6549997618422 10.9499997552484 10.8349997578189 10.9249997558072 10.5999997630715 10.9349997555837 11.4049997450784 11.4049997450784 11.3499997463077 11.6799997389317 11.7799997366965 11.5899997409433 11.4249997446314 11.3199997469783 11.9849997321144 11.7999997362494 11.6199997402728 12.0899997297674 11.76999973692 12.0549997305498 11.9249997334555 12.5449997195974 12.2849997254089 12.2999997250736 12.369999723509 12.3149997247383 12.2399997264147 11.2424997487105 10.6949997609481 11.1399997510016 11.1974997497164 9.2149997940287 10.3524997686036 8.33999981358647 8.32999981380999 8.21499981638044 7.23999983817339 7.45999983325601 8.78499980363995 8.9249998005107 8.97999979928136 -9999 -9999 -9999 -9999 -9999 -9999 -9999
10.359999768436 10.3899997677654 10.4799997657537 7.67999982833862 7.38499983493239 7.54999983124435 7.75999982655048 8.20499981660396 10.3849997678772 10.2499997708946 10.359999768436 10.4349997667596 10.5299997646362 10.6849997611716 10.9049997562543 11.1299997512251 11.0849997522309 10.6399997621775 10.3649997683242 11.169999750331 11.7749997368082 11.5999997407198 11.7749997368082 11.7249997379258 11.6149997403845 11.2599997483194 11.9899997320026 11.9799997322261 11.5349997421727 11.4849997432902 11.8449997352436 11.6799997389317 11.5999997407198 12.2499997261912 12.0574997304939 12.0449997307733 12.079999729991 12.4249997222796 12.5899997185916 12.4449997218326 12.4299997221678 12.2899997252971 12.1749997278675 10.5966664298127 9.24999979324639 8.94499980006367 11.3842305147734 7.99799982123077 7.15833317333212 6.86499984655529 6.92999984510243 6.99999984353781 7.85499982442707 7.85499982442707 15.2549996590242 -9999 -9999 -9999 -9999 -9999 -9999 -9999
9.3483331243818 9.21249979408458 7.2899998370558 7.21499983873218 6.81499984767288 6.7199998497963 10.7399997599423 8.25999981537461 9.65499978419393 10.5999997630715 10.5549997640774 10.5949997631833 10.8149997582659 11.0349997533485 11.0049997540191 10.9849997544661 11.1399997510016 11.1949997497723 11.3249997468665 11.4049997450784 11.8249997356907 11.7049997383729 11.6349997399375 11.6749997390434 11.3649997459725 11.604999740608 12.079999729991 11.8849997343495 11.5049997428432 11.5549997417256 11.6599997393787 11.8599997349083 12.929999710992 13.0899997074157 13.0249997088686 12.5599997192621 12.1049997294322 12.474999721162 12.8849997119978 9.32333312494059 12.1899997275323 12.1899997275323 10.339999768883 10.8474997575395 9.68166645026455 9.45099978875369 7.94999982230365 8.15749981766567 8.41499981191009 8.41499981191009 7.60249983007088 6.77999984845519 7.17499983962625 7.87499982398003 7.51499983202666 -9999 23.7447889405303 -9999 -9999 -9999 -9999 -9999
-9999 -9999 -9999 -9999 -9999 10.6072724901817 10.5099997650832 10.3949997676536 9.78999978117645 10.3949997676536 10.8699997570366 10.8849997567013 10.9549997551367 11.0199997536838 10.9599997550249 10.8399997577071 10.9649997549132 11.1449997508898 11.189999749884 11.4149997448549 11.8549997350201 11.7549997372553 12.1049997294322 11.8199997358024 12.039999730885 12.1149997292086 12.2649997258559 12.0849997298792 11.6749997390434 11.6749997390434 12.7499997150153 12.4999997206032 12.3899997230619 11.9449997330084 12.9249997111037 12.7249997155741 12.2749997256324 11.5299997422844 10.8299997579306 11.9199997335672 11.9399997331202 11.9199997335672 11.9049997339025 8.53249980928376 8.65499980654567 7.65124982898124 -9999 11.0599997527897 -9999 9.518333120582 7.28499983716756 7.28499983716756 7.89333315690359 7.74166649362693 5.37499987985939 5.37499987985939 -9999 -9999 -9999 -9999 -9999 -9999
-9999 -9999 -9999 -9999 -9999 -9999 -9999 10.1349997734651 9.57999978587031 10.029999775812 10.7999997586012 10.899999756366 10.9599997550249 10.9049997562543 10.8599997572601 10.6399997621775 10.6249997625127 11.1499997507781 11.5249997423962 11.8149997359142 11.6649997392669 11.9449997330084 12.0349997309968 11.8099997360259 11.9549997327849 12.2549997260794 12.4349997220561 12.0199997313321 12.1199997290969 12.494999720715 12.3149997247383 12.2899997252971 12.3799997232854 12.4249997222796 12.4299997221678 12.619999717921 12.6449997173622 12.184999727644 12.0699997302145 12.0199997313321 11.8499997351319 11.4349997444078 11.0049997540191 10.879999756813 11.5749997412786 11.5749997412786 -9999 -9999 -9999 -9999 -9999 -9999 -9999 -9999 -9999 -9999 -9999 -9999 -9999 -9999 -9999 -9999
-9999 -9999 -9999 -9999 -9999 -9999 -9999 -9999 10.5812497634906 10.4249997669831 10.6399997621775 10.8099997583777 10.8199997581542 10.6999997608364 10.6749997613952 10.7349997600541 10.8749997569248 11.2649997482076 11.5549997417256 11.8849997343495 12.0999997295439 12.5499997194856 12.3149997247383 12.2299997266382 12.059999730438 12.1749997278675 12.3599997237325 12.0249997312203 12.0549997305498 12.2399997264147 12.2399997264147 12.0999997295439 12.3999997228384 12.2949997251853 12.4249997222796 12.3399997241795 11.7449997374788 11.4649997437373 11.6349997399375 11.8249997356907 11.894999734126 8.76499980408698 8.37499981280416 11.7349997377023 11.7949997363612 -9999 -9999 -9999 -9999 -9999 -9999 -9999 -9999 -9999 -9999 -9999 -9999 -9999 -9999 -9999 -9999 -9999
-9999 -9999 -9999 -9999 -9999 -9999 -9999 -9999 -9999 10.4949997654185 10.5199997648597 10.6699997615069 10.7449997598305 10.6649997616187 10.3849997678772 10.7199997603893 10.9499997552484 11.2749997479841 11.3749997457489 11.3649997459725 11.479999743402 11.8549997350201 12.3849997231737 12.4549997216091 11.5549997417256 12.4699997212738 12.4649997213855 12.4199997223914 12.349999723956 12.1599997282028 12.2149997269735 12.2099997270852 11.2899997476488 11.7549997372553 11.7683330702906 12.059999730438 11.8099997360259 11.3999997451901 11.3849997455254 11.5799997411668 10.1674997727387 11.3279997467995 11.6799997389317 11.2749997479841 10.4674997660331 -9999 -9999 -9999 -9999 -9999 -9999 -9999 -9999 -9999 -9999 -9999 -9999 -9999 -9999 -9999 -9999 -9999
-9999 -9999 -9999 -9999 -9999 -9999 -9999 -9999 -9999 10.1999997720122 10.4299997668713 10.609999762848 10.174999772571 10.2649997705594 10.3699997682124 10.5149997649714 10.7499997597188 10.9949997542426 10.9749997546896 11.499999742955 11.2399997487664 11.3749997457489 11.9549997327849 12.2999997250736 12.4899997208267 12.5899997185916 12.4199997223914 12.369999723509 12.3099997248501 12.2033330605676 12.1433330619087 12.1259997289628 12.0159997314215 12.0985711581473 11.8049997361377 11.7299997378141 11.4399997442961 11.354999746196 11.3449997464195 11.2999997474253 9.75833311521759 11.2019997496158 11.1269997512922 11.1299997512251 11.1299997512251 -9999 -9999 -9999 -9999 -9999 -9999 -9999 -9999 -9999 -9999 -9999 -9999 -9999 -9999 -9999 -9999 -9999
-9999 -9999 -9999 -9999 -9999 -9999 -9999 -9999 -9999 9.68999978341162 9.87499977927655 10.4449997665361 10.2099997717887 9.98499977681786 10.029999775812 12.0524997306056 11.3499997463077 10.8549997573718 10.8499997574836 12.0249997312203 11.7599997371435 12.0899997297674 12.2999997250736 12.5049997204915 12.7049997160211 12.7499997150153 12.5949997184798 12.6249997178093 12.4349997220561 11.9999997317791 11.9224997335114 11.8499997351319 11.8149997359142 11.8099997360259 11.7399997375906 11.6549997394904 11.31499974709 11.3049997473136 11.0549997529015 11.0149997537956 10.6837497611996 11.172999750264 11.3249997468665 11.4039997451007 11.9411108442065 -9999 -9999 -9999 -9999 -9999 -9999 -9999 -9999 -9999 -9999 -9999 -9999 -9999 -9999 -9999 -9999 -9999
-9999 -9999 -9999 -9999 -9999 -9999 -9999 -9999 -9999 10.4399997666478 10.3899997677654 10.7799997590482 11.0399997532368 10.7849997589365 10.2549997707829 11.3649997459725 11.7949997363612 11.8149997359142 12.0149997314438 11.9449997330084 12.4199997223914 12.0449997307733 12.2799997255206 12.4449997218326 12.5899997185916 12.7149997157976 12.5899997185916 12.494999720715 12.5019997205585 12.4889997208491 12.3937497229781 12.1762497278396 11.6899997387081 11.6799997389317 11.6599997393787 11.8683330680554 11.5499997418374 11.5549997417256 11.1349997511134 10.9349997555837 9.83999978005886 11.2679997481406 11.2899997476488 11.3599997460842 -9999 -9999 -9999 -9999 -9999 -9999 -9999 -9999 -9999 -9999 -9999 -9999 -9999 -9999 -9999 -9999 -9999 -9999
-9999 -9999 -9999 -9999 -9999 -9999 -9999 -9999 11.6524997395463 10.7099997606128 10.754999759607 10.9049997562543 11.2749997479841 11.8999997340143 11.6649997392669 11.8749997345731 12.2299997266382 12.2549997260794 12.3949997229502 12.5349997198209 12.4199997223914 12.3349997242913 12.2549997260794 12.2949997251853 12.4149997225031 12.5099997203797 12.9399997107685 13.0299997087568 12.7399997152388 12.093999729678 12.1328568716667 11.9662497325335 11.9421425902152 11.5749997412786 11.76999973692 11.1749997502193 11.5749997412786 11.4499997440726 11.4249997446314 8.69499980565161 8.70499980542809 11.4489997440949 11.2869997477159 -9999 -9999 -9999 -9999 -9999 -9999 -9999 -9999 -9999 -9999 -9999 -9999 -9999 -9999 -9999 -9999 -9999 -9999 -9999
-9999 -9999 -9999 -9999 -9999 -9999 -9999 -9999 10.6899997610599 10.8649997571483 11.0099997539073 10.9649997549132 11.2499997485429 11.3699997458607 11.3399997465312 12.1749997278675 12.4799997210503 12.7199997156858 12.7699997145683 12.9199997112155 12.8649997124448 12.6149997180328 12.3049997249618 12.0449997307733 12.2599997259676 12.4799997210503 12.5049997204915 13.2299997042865 13.1299997065216 12.1419997286052 12.0719997301698 12.1087497293483 12.0142854457455 11.9714283038463 11.9435711616118 11.6514283109988 11.622856883066 10.7474997597747 10.2649997705594 10.2649997705594 11.0342854676502 9.77499978151172 9.78124978137203 -9999 -9999 -9999 -9999 -9999 -9999 -9999 -9999 -9999 -9999 -9999 -9999 -9999 -9999 -9999 -9999 -9999 -9999 -9999
-9999 -9999 -9999 -9999 -9999 -9999 -9999 9.97499977704138 10.504999765195 10.8199997581542 11.1199997514486 11.4849997432902 11.7199997380376 11.4549997439608 11.7449997374788 12.4499997217208 12.9599997103214 12.8949997117743 12.7199997156858 12.7249997155741 12.8449997128919 12.7049997160211 12.3349997242913 12.0699997302145 11.9099997337908 12.059999730438 13.21999970451 13.2649997035041 13.1949997050688 11.914999733679 12.0999997295439 12.0749997301027 11.9224997335114 11.789999736473 11.7887497365009 10.7224997603334 10.7024997607805 11.3599997460842 10.5749997636303 10.5749997636303 11.1357140368117 10.9095452106981 -9999 -9999 -9999 -9999 -9999 -9999 -9999 -9999 -9999 -9999 -9999 -9999 -9999 -9999 -9999 -9999 -9999 -9999 -9999 -9999
-9999 -9999 -9999 3.8400372271426 -9999 9.88499977905303 10.3349997689947 10.9699997548014 11.1299997512251 11.1499997507781 11.5099997427315 11.6499997396022 11.5399997420609 11.644999739714 12.1149997292086 12.9049997115508 13.0699997078627 12.8449997128919 12.6499997172505 12.6499997172505 12.5649997191504 12.3649997236207 12.1299997288734 12.079999729991 11.8649997347966 11.644999739714 12.3049997249618 13.0599997080863 12.5099997203797 11.9699997324497 12.0099997315556 11.0549997529015 10.9549997551367 10.9224997558631 10.7899997588247 10.6749997613952 10.2799997702241 10.3099997695535 11.1587497505825 11.6427775175414 13.2949997028336 -9999 -9999 -9999 -9999 -9999 -9999 -9999 -9999 -9999 -9999 -9999 -9999 -9999 -9999 -9999 -9999 -9999 -9999 -9999 -9999 -9999
-9999 -9999 3.88019958557561 -9999 10.7599997594953 10.7599997594953 10.7499997597188 10.9649997549132 10.9099997561425 11.3849997455254 11.76999973692 11.9099997337908 11.5249997423962 11.5749997412786 12.3099997248501 12.7149997157976 12.5549997193739 12.3549997238442 12.3349997242913 12.1949997274205 12.2349997265264 12.1049997294322 11.9299997333437 11.9299997333437 12.946999710612 12.0749997301027 12.0649997303262 12.3949997229502 12.2499997261912 12.1149997292086 11.9849997321144 11.4549997439608 10.7324997601099 10.6524997618981 11.1171426086554 10.8899997565895 10.8049997584894 10.7699997592717 19.402263717269 -9999 -9999 -9999 -9999 -9999 -9999 -9999 -9999 -9999 -9999 -9999 -9999 -9999 -9999 -9999 -9999 -9999 -9999 -9999 -9999 -9999 -9999 -9999
16.7749996250495 16.7749996250495 -9999 10.4374997667037 10.8899997565895 10.9599997550249 10.9599997550249 11.0799997523427 11.189999749884 11.2499997485429 11.5049997428432 11.4899997431785 11.8549997350201 11.8999997340143 12.5449997195974 12.7249997155741 12.7249997155741 12.5899997185916 12.3849997231737 12.3049997249618 12.2349997265264 12.3199997246265 13.091999707371 12.5699997190386 12.7149997157976 12.6849997164682 12.5949997184798 12.4699997212738 10.7699997592717 10.5433330976715 11.7449997374788 11.7449997374788 10.9862497544382 10.9299997556955 10.7116664272423 10.7899997588247 10.9499997552484 11.1449997508898 -9999 -9999 -9999 -9999 -9999 -9999 -9999 -9999 -9999 -9999 -9999 -9999 -9999 -9999 -9999 -9999 -9999 -9999 -9999 -9999 -9999 -9999 -9999 -9999
9.62499978486449 9.78999978117645 9.96999977715313 10.7849997589365 10.6699997615069 10.9149997560307 11.1449997508898 11.604999740608 11.9299997333437 12.3349997242913 12.7549997149035 12.4849997209385 12.2149997269735 12.0249997312203 12.2649997258559 12.8199997134507 12.4099997226149 12.2549997260794 12.1899997275323 12.1349997287616 12.1199997290969 12.0349997309968 11.8499997351319 11.6199997402728 12.6099997181445 12.5649997191504 12.3849997231737 12.2349997265264 12.039999730885 10.8399997577071 10.9099997561425 11.064999752678 10.9949997542426 10.8149997582659 10.5505553197323 10.5866664300362 8.75624980428256 8.75624980428256 -9999 13.2399997040629 -9999 -9999 -9999 -9999 -9999 -9999 -9999 -9999 -9999 -9999 -9999 -9999 -9999 -9999 -9999 -9999 -9999 -9999 -9999 -9999 -9999 -9999
9.74499978218228 10.2749997703359 10.7049997607246 11.044999753125 11.2199997492135 11.2349997488782 11.4749997435138 11.8149997359142 12.1599997282028 12.4049997227266 12.7199997156858 13.1349997064099 12.8949997117743 12.5199997201562 12.3899997230619 12.329999724403 12.2299997266382 12.1899997275323 12.8399997130036 11.5449997419491 11.6899997387081 11.8649997347966 11.7999997362494 12.0899997297674 12.6899997163564 12.4649997213855 12.1799997277558 12.0899997297674 12.0099997315556 11.044999753125 10.9799997545779 10.8449997575954 10.629999762401 10.3549997685477 11.4963040908637 -9999 4.59499989729375 9.77678549575752 9.77857121000332 -9999 -9999 -9999 -9999 -9999 -9999 -9999 -9999 -9999 -9999 -9999 -9999 -9999 -9999 -9999 -9999 -9999 -9999 -9999 -9999 -9999 -9999 -9999
8.9849997991696 10.049999775365 10.5699997637421 11.189999749884 11.4749997435138 11.6949997385964 11.6849997388199 11.749999737367 11.9249997334555 12.5199997201562 12.8449997128919 13.1749997055158 13.0399997085333 12.5249997200444 12.4699997212738 12.5799997188151 12.5549997193739 12.2549997260794 11.2849997477606 11.2899997476488 11.2749997479841 11.5299997422844 11.6799997389317 11.7249997379258 12.4269997222349 12.3037497249898 11.9649997325614 11.9649997325614 10.8224997580983 10.4724997659214 10.4749997658655 10.3499997686595 10.2749997703359 10.2399997711182 9.78499978128821 9.82999978028238 16.3564282058339 -9999 -9999 -9999 -9999 -9999 -9999 -9999 -9999 -9999 -9999 -9999 -9999 -9999 -9999 -9999 -9999 -9999 -9999 -9999 -9999 -9999 -9999 -9999 -9999 -9999
9.66499978397042 10.6999997608364 11.1299997512251 11.4749997435138 11.5599997416139 11.76999973692 11.9949997318909 12.1949997274205 12.4299997221678 12.76499971468 13.0999997071922 13.3149997023866 13.324999702163 13.0249997088686 12.889999711886 12.6149997180328 12.474999721162 12.3649997236207 11.7349997377023 11.4499997440726 11.4249997446314 11.459999743849 12.2574997260235 12.0649997303262 11.9799997322261 11.2949997475371 11.459999743849 11.459999743849 10.3099997695535 10.658333095101 10.6333330956598 10.9244997558184 -9999 -9999 -9999 13.6052278061397 -9999 -9999 -9999 -9999 -9999 -9999 -9999 -9999 -9999 -9999 -9999 -9999 -9999 -9999 -9999 -9999 -9999 -9999 -9999 -9999 -9999 -9999 -9999 -9999 -9999 -9999
10.6499997619539 10.6449997620657 10.9999997541308 11.2999997474253 11.7149997381493 11.8549997350201 12.3199997246265 12.5849997187033 12.7499997150153 12.9399997107685 13.1399997062981 13.2749997032806 13.199999704957 13.0599997080863 12.889999711886 12.6749997166917 12.1249997289851 11.7149997381493 11.2199997492135 11.2799997478724 12.3024997250177 12.1349997287616 12.22499972675 11.9099997337908 11.8249997356907 10.6749997613952 11.0999997518957 11.064999752678 10.9799997545779 9.72499978262931 10.0799997746944 10.0849997745827 10.8624997572042 11.8299997355789 -9999 -9999 -9999 -9999 -9999 -9999 -9999 -9999 -9999 -9999 -9999 -9999 -9999 -9999 -9999 -9999 -9999 -9999 -9999 -9999 -9999 -9999 -9999 -9999 -9999 -9999 -9999 -9999
9.62499978486449 9.62499978486449 9.2999997921288 10.5849997634068 10.9949997542426 11.3399997465312 11.5349997421727 12.1749997278675 12.6799997165799 13.179999705404 13.2949997028336 13.4049997003749 13.1349997064099 13.1649997057393 13.0649997079745 12.5799997188151 12.3099997248501 11.4499997440726 10.4049997674301 10.4549997663125 11.6699997391552 11.5924997408874 11.9999997317791 11.8749997345731 11.0729997524992 11.2249997491017 10.7799997590482 10.7899997588247 10.6649997616187 9.88499977905303 9.92499977815896 9.94499977771193 11.8443747352576 10.5813633998517 10.5759088545191 4.99999988824129 -9999 -9999 -9999 -9999 -9999 -9999 -9999 -9999 -9999 -9999 -9999 -9999 -9999 -9999 -9999 -9999 -9999 -9999 -9999 -9999 -9999 -9999 -9999 -9999 -9999 -9999
-9999 -9999 -9999 -9999 7.15999983996153 11.044999753125 11.1399997510016 11.2749997479841 12.6949997162446 13.1549997059628 13.3199997022748 13.3599997013807 13.2049997048452 13.0899997074157 12.7099997159094 12.4149997225031 11.8049997361377 12.2974997251295 11.9674997325055 11.1749997502193 11.3199997469783 11.1349997511134 11.0099997539073 11.1459997508675 10.672499761451 10.6324997623451 10.5239997647703 -9999 -9999 -9999 -9999 -9999 -9999 -9999 -9999 -9999 -9999 -9999 -9999 -9999 -9999 -9999 -9999 -9999 -9999 -9999 -9999 -9999 -9999 -9999 -9999 -9999 -9999 -9999 -9999 -9999 -9999 -9999 -9999 -9999 -9999 -9999
-9999 -9999 -9999 -9999 -9999 11.5162497425918 11.749999737367 11.7749997368082 13.0599997080863 13.3199997022748 13.3549997014925 13.3149997023866 13.1549997059628 12.9399997107685 12.4799997210503 12.0149997314438 11.9249997334555 12.1589997282252 11.9549997327849 11.7249997379258 11.3999997451901 11.3999997451901 11.1949997497723 10.8499997574836 12.0533330639203 -9999 -9999 -9999 -9999 -9999 -9999 -9999 -9999 -9999 -9999 -9999 -9999 -9999 -9999 -9999 -9999 -9999 -9999 -9999 -9999 -9999 -9999 -9999 -9999 -9999 -9999 -9999 -9999 -9999 -9999 -9999 -9999 -9999 -9999 -9999 -9999 -9999
