EcologicalScience/Bass/data/rs_data_bass/sst_61.asc
NCOLS 226 
NROWS 124 
XLLCORNER -9.41648524995501 
YLLCORNER 47.587301625531 
CELLSIZE 0.0833 
NODATA_value -9999 
[rows 54 to 80 of 124, columns 0 to 61 of 226]
-9999 -9999 -9999 -9999 -9999 -9999 -9999 -9999 -9999 -9999 -9999 -9999 -9999 -9999 -9999 -9999 -9999 -9999 -9999 -9999 -9999 -9999 -9999 -9999 -9999 -9999 -9999 -9999 -9999 -9999 -9999 -9999 -9999 -9999 -9999 -9999 -9999 -9999 10.8578944941492 8.7549998043105 8.60499980766326 8.40999981202185 8.28166648155699 8.89499980118126 9.07499979715794 8.88999980129302 8.90499980095774 8.85499980207533 8.44499981123954 8.73499980475754 8.90499980095774 9.02499979827553 9.13999979570508 9.19499979447573 9.2999997921288 9.42499978933483 9.47499978821725 9.31062479189131 9.62599978484213 11.9452628908973 -9999 9.32399979159236
-9999 -9999 -9999 -9999 -9999 -9999 -9999 -9999 -9999 -9999 -9999 -9999 -9999 -9999 -9999 -9999 -9999 -9999 -9999 -9999 -9999 -9999 -9999 -9999 -9999 -9999 -9999 -9999 -9999 -9999 -9999 -9999 -9999 -9999 -9999 -9999 -9999 -9999 13.3556247014785 9.78949978118762 9.85299977976829 9.6769997837022 9.56899978611618 9.10249979654327 8.78499980363995 8.74166647127519 8.58666647473971 8.47999981045723 8.42999981157482 8.57499980833381 9.17499979492277 9.32499979157001 9.34999979101121 9.22499979380518 9.27499979268759 9.48999978788197 9.51999978721142 10.9142854703324 13.6649996945634 13.6649996945634 -9999 10.1684613111787
-9999 -9999 -9999 -9999 -9999 -9999 -9999 -9999 -9999 -9999 -9999 -9999 -9999 -9999 -9999 -9999 -9999 -9999 -9999 -9999 -9999 -9999 -9999 -9999 -9999 -9999 -9999 -9999 -9999 -9999 -9999 -9999 -9999 -9999 -9999 -9999 -9999 -9999 -9999 9.1549997953698 9.1549997953698 9.58333311912914 8.98749979911372 9.17999979481101 9.17999979481101 8.81249980302528 9.22999979369342 8.38999981246889 8.52999980933964 8.71499980520457 8.65999980643392 8.54999980889261 8.79833313667526 8.80166646993409 8.30999981425703 8.36999981291592 8.48499981034547 9.28999979235232 9.48666645462314 11.4626783152177 -9999 -9999
-9999 -9999 -9999 -9999 -9999 -9999 -9999 -9999 -9999 -9999 -9999 -9999 -9999 -9999 -9999 -9999 -9999 -9999 -9999 -9999 -9999 -9999 -9999 -9999 -9999 -9999 -9999 -9999 -9999 -9999 -9999 -9999 -9999 -9999 -9999 -9999 -9999 -9999 -9999 12.059999730438 9.53166645361731 9.4083331230407 9.50166645428787 8.38999981246889 7.75333316003283 7.88999982364476 8.16333315086862 8.26666648189227 8.32999981380999 8.28999981470406 8.62666647384564 9.04833313108732 8.94166646680484 8.91999980062246 8.85999980196357 8.60499980766326 8.87999980151653 9.13499979581684 9.48499978799373 9.94833311097076 10.4633330994596 -9999
-9999 -9999 -9999 -9999 -9999 -9999 -9999 -9999 -9999 -9999 -9999 -9999 -9999 -9999 -9999 -9999 -9999 -9999 -9999 -9999 -9999 -9999 -9999 -9999 -9999 -9999 -9999 -9999 -9999 -9999 -9999 -9999 -9999 -9999 -9999 -9999 -9999 -9999 -9999 -9999 9.21444423848556 9.16833312840511 9.25399979315698 9.22374979383312 9.23999979346991 8.89499980118126 9.1549997953698 9.20499979425222 9.03166646479318 9.0216664650167 8.98333313254019 8.9966664655755 9.13333312918743 9.36499979067594 9.16499979514629 8.95499979984015 8.88499980140477 9.3599997907877 9.19499979447573 9.41499978955835 10.2999997697771 11.8300417523847
-9999 -9999 -9999 -9999 -9999 -9999 -9999 -9999 -9999 -9999 -9999 -9999 -9999 -9999 -9999 -9999 -9999 -9999 -9999 -9999 -9999 -9999 -9999 -9999 -9999 -9999 -9999 -9999 -9999 -9999 -9999 -9999 -9999 -9999 -9999 -9999 -9999 -9999 -9999 8.65999980643392 10.1240906827998 9.5899997856468 9.05249979766086 9.6749997837469 9.6749997837469 9.20499979425222 9.20499979425222 8.89249980123714 9.10999979637563 9.11499979626387 9.15999979525805 9.2999997921288 9.45499978866428 9.46999978832901 9.36499979067594 9.34499979112297 9.09499979671091 9.14499979559332 9.06499979738146 10.1733331059416 -9999 -9999
-9999 -9999 -9999 -9999 -9999 -9999 -9999 -9999 -9999 -9999 -9999 -9999 -9999 -9999 -9999 -9999 -9999 -9999 -9999 -9999 -9999 -9999 -9999 -9999 -9999 -9999 -9999 -9999 -9999 -9999 -9999 -9999 -9999 -9999 -9999 -9999 -9999 -9999 -9999 9.6222220071488 9.5299997869879 9.48999978788197 9.45999978855252 9.52299978714436 8.88499980140477 8.67333313946923 8.64166647351036 8.99499979894608 8.98999979905784 9.03999979794025 8.72999980486929 8.77999980375171 8.76999980397522 8.80999980308115 8.93499980028719 9.00499979872257 9.49499978777021 9.47099978830665 11.3249997468665 10.8216664247836 9.87499977927655 9.98499977681786
-9999 -9999 -9999 -9999 -9999 -9999 -9999 -9999 -9999 -9999 -9999 -9999 -9999 -9999 -9999 -9999 -9999 -9999 -9999 -9999 -9999 -9999 -9999 -9999 -9999 -9999 -9999 -9999 -9999 -9999 -9999 -9999 -9999 -9999 -9999 -9999 -9999 -9999 -9999 9.63722200681352 8.77071408967354 9.35499979089946 9.47666645484666 9.21999979391694 9.0449997978285 9.11499979626387 9.18499979469925 9.26999979279935 8.82499980274588 8.76499980408698 8.80999980308115 8.85499980207533 8.91499980073422 8.9249998005107 8.94999979995191 8.94999979995191 9.14499979559332 9.25999979302287 9.65999978408217 9.73499978240579 9.82499978039414 9.85999977961183
-9999 -9999 -9999 -9999 -9999 -9999 -9999 -9999 -9999 -9999 -9999 -9999 -9999 -9999 -9999 -9999 -9999 -9999 -9999 -9999 -9999 -9999 -9999 -9999 -9999 -9999 -9999 -9999 -9999 -9999 -9999 -9999 -9999 -9999 -9999 -9999 -9999 -9999 10.318749769358 9.02499979827553 8.20499981660396 8.20499981660396 8.90666646758715 9.0449997978285 8.77499980386347 8.62999980710447 8.7549998043105 8.81999980285764 8.80999980308115 8.86499980185181 8.86999980174005 8.87499980162829 8.91999980062246 8.91499980073422 8.91999980062246 8.99499979894608 9.00499979872257 9.13499979581684 9.41499978955835 9.62499978486449 9.70499978307635 9.6749997837469
-9999 -9999 -9999 -9999 -9999 -9999 -9999 -9999 -9999 -9999 -9999 -9999 -9999 -9999 -9999 -9999 -9999 -9999 -9999 -9999 -9999 -9999 -9999 -9999 -9999 -9999 -9999 -9999 -9999 -9999 -9999 -9999 -9999 -9999 -9999 -9999 -9999 -9999 8.42545435713096 8.35799981318414 7.73499982710928 8.23999981582165 9.13499979581684 8.90999980084598 8.8149998029694 8.82999980263412 8.77499980386347 8.82499980274588 8.78499980363995 8.88499980140477 8.91499980073422 8.89499980118126 8.88999980129302 8.88999980129302 8.95499979984015 9.01499979849905 9.00499979872257 9.13999979570508 9.32999979145825 9.49499978777021 9.54999978654087 9.5899997856468
-9999 -9999 -9999 -9999 -9999 -9999 -9999 -9999 -9999 -9999 -9999 -9999 -9999 -9999 -9999 -9999 -9999 -9999 -9999 -9999 -9999 -9999 -9999 -9999 -9999 -9999 -9999 -9999 -9999 -9999 -9999 -9999 -9999 -9999 -9999 -9999 -9999 11.9385291449178 9.76599978171289 8.59833314114561 9.51499978732318 9.31999979168177 9.13499979581684 8.94999979995191 8.91999980062246 8.89499980118126 8.86499980185181 8.88499980140477 8.89499980118126 9.00499979872257 8.97999979928136 8.94499980006367 8.94499980006367 8.87999980151653 8.94999979995191 9.04999979771674 9.09999979659915 9.25499979313463 9.40999978967011 9.47499978821725 9.50999978743494 9.48999978788197
-9999 -9999 -9999 -9999 -9999 -9999 -9999 -9999 -9999 -9999 -9999 -9999 -9999 -9999 -9999 -9999 -9999 -9999 -9999 -9999 -9999 -9999 -9999 -9999 -9999 -9999 -9999 -9999 -9999 -9999 -9999 -9999 -9999 -9999 -9999 -9999 -9999 8.79833313667526 9.58499978575855 9.53999978676438 9.33999979123473 9.41999978944659 9.28499979246408 9.13499979581684 8.8399998024106 8.90499980095774 8.91999980062246 8.90999980084598 9.02499979827553 9.0699997972697 9.06499979738146 9.01499979849905 8.96999979950488 8.9249998005107 8.98999979905784 9.09499979671091 9.33499979134649 9.614999785088 9.51499978732318 10.0899997744709 9.90999977849424 9.73499978240579
-9999 -9999 -9999 -9999 -9999 -9999 -9999 -9999 -9999 -9999 -9999 -9999 -9999 -9999 -9999 -9999 -9999 -9999 -9999 -9999 -9999 -9999 -9999 -9999 -9999 -9999 -9999 -9999 -9999 -9999 -9999 -9999 -9999 -9999 -9999 11.9849997321144 9.09999979659915 9.09999979659915 9.67999978363514 9.614999785088 9.44999978877604 9.39499979000539 8.81999980285764 8.8999998010695 8.87999980151653 8.9249998005107 9.02999979816377 9.08499979693443 9.09999979659915 9.13499979581684 9.13499979581684 9.10999979637563 9.07499979715794 9.03499979805201 9.0449997978285 9.14999979548156 9.20999979414046 9.65999978408217 9.81499978061765 9.93999977782369 10.3099997695535 9.65499978419393
-9999 -9999 -9999 -9999 -9999 -9999 -9999 -9999 -9999 -9999 -9999 -9999 -9999 -9999 -9999 -9999 -9999 -9999 -9999 -9999 -9999 -9999 -9999 -9999 -9999 -9999 -9999 -9999 -9999 -9999 -9999 -9999 -9999 -9999 -9999 13.4054163670323 10.2872219922849 10.0099997762591 9.79499978106469 9.60999978519976 9.3599997907877 9.25999979302287 9.02999979816377 9.03999979794025 9.06499979738146 9.08499979693443 9.13999979570508 9.1299997959286 9.13499979581684 9.14499979559332 9.17999979481101 9.14999979548156 9.0699997972697 9.0699997972697 9.11499979626387 9.19999979436398 9.24999979324639 9.2149997940287 9.17999979481101 10.1599997729063 9.79499978106469 9.43999978899956
-9999 -9999 -9999 -9999 -9999 -9999 -9999 -9999 -9999 -9999 -9999 -9999 -9999 -9999 -9999 -9999 -9999 -9999 -9999 -9999 -9999 -9999 -9999 -9999 -9999 -9999 -9999 -9999 -9999 11.1164997515269 14.1816663496817 9.79499978106469 9.8199997805059 9.82999978028238 14.6782218941384 16.1649996386841 9.71899978276342 9.27499979268759 9.21999979391694 9.18999979458749 9.11999979615211 9.18499979469925 9.19499979447573 9.17999979481101 9.21999979391694 9.19999979436398 9.20999979414046 9.20999979414046 9.17999979481101 9.19499979447573 9.2149997940287 9.13499979581684 9.08999979682267 9.11499979626387 9.20999979414046 9.22499979380518 9.25999979302287 9.28499979246408 9.27999979257584 9.36999979056418 9.36999979056418 9.55299978647381
-9999 -9999 -9999 -9999 -9999 -9999 -9999 -9999 -9999 -9999 -9999 -9999 -9999 -9999 -9999 -9999 -9999 -9999 -9999 -9999 -9999 -9999 12.1449997285381 10.7394997599535 10.8484997575171 9.49499978777021 9.39999978989363 9.55999978631735 9.66999978385866 9.8449997799471 9.8449997799471 9.83999978005886 9.6874997834675 9.55749978637323 9.84999977983534 9.71666644948224 9.66499978397042 9.36999979056418 9.37999979034066 9.31999979168177 9.25999979302287 9.25999979302287 9.32499979157001 9.30499979201704 9.35499979089946 9.31499979179353 9.34499979112297 9.32999979145825 9.26499979291111 9.26999979279935 9.26499979291111 9.06499979738146 8.99999979883432 9.14499979559332 9.16999979503453 9.20999979414046 9.1549997953698 9.69499978329986 9.72749978257343 9.70749978302047 -9999 -9999
-9999 -9999 -9999 -9999 -9999 -9999 -9999 -9999 -9999 -9999 -9999 -9999 -9999 -9999 -9999 -9999 -9999 -9999 -9999 -9999 -9999 12.4932350148721 9.57499978598207 9.79999978095293 9.8199997805059 9.59499978553504 9.49499978777021 9.62499978486449 9.73499978240579 9.65999978408217 9.48999978788197 9.42999978922307 9.55499978642911 9.73999978229403 9.62499978486449 9.53499978687614 9.48499978799373 9.42999978922307 9.3599997907877 9.37999979034066 9.4449997888878 9.46999978832901 9.53499978687614 9.56999978609383 9.56499978620559 9.40499978978187 9.32999979145825 9.31999979168177 9.31499979179353 9.2999997921288 9.27999979257584 9.27499979268759 9.19999979436398 9.38999979011714 9.37999979034066 9.88833311231186 12.4238458761516 -9999 -9999 -9999 -9999 -9999
-9999 -9999 -9999 -9999 -9999 -9999 -9999 -9999 -9999 -9999 -9999 -9999 -9999 -9999 -9999 -9999 -9999 6.88018432352692 16.4710461434713 14.442499677185 9.56499978620559 9.56499978620559 9.5899997856468 9.67999978363514 9.6749997837469 9.65499978419393 9.60499978531152 9.61999978497624 9.65499978419393 9.51999978721142 9.62499978486449 9.68499978352338 9.61999978497624 9.57999978587031 9.60999978519976 9.904999778606 9.904999778606 9.57999978587031 9.71999978274107 9.5899997856468 9.64999978430569 9.70999978296459 9.759999781847 9.6999997831881 9.51999978721142 9.43999978899956 9.35499979089946 9.31499979179353 9.31499979179353 9.28999979235232 9.25999979302287 9.28499979246408 10.8899997565895 -9999 -9999 -9999 -9999 -9999 -9999 -9999 -9999 -9999
-9999 -9999 -9999 -9999 -9999 -9999 -9999 -9999 -9999 -9999 -9999 -9999 -9999 7.82112948149765 -9999 -9999 9.66591072110524 9.58874978567474 9.45999978855252 9.50999978743494 9.54999978654087 9.41999978944659 9.3849997902289 9.57999978587031 9.61999978497624 9.5899997856468 9.5899997856468 9.60499978531152 9.6999997831881 9.66999978385866 9.77499978151172 9.78999978117645 9.77499978151172 9.80499978084117 9.70499978307635 9.76499978173524 9.73499978240579 9.61999978497624 9.59499978553504 9.71499978285283 9.77999978139997 9.78999978117645 9.85499977972358 9.87999977916479 9.68999978341162 9.42499978933483 9.4449997888878 9.38999979011714 9.43999978899956 9.65499978419393 9.94499977771193 9.94499977771193 -9999 -9999 -9999 -9999 -9999 -9999 -9999 -9999 -9999 -9999
-9999 -9999 -9999 -9999 -9999 -9999 -9999 -9999 -9999 -9999 -9999 -9999 -9999 10.4715382274813 9.5237497871276 9.38374979025684 9.71749978279695 9.79999978095293 9.68999978341162 9.79999978095293 9.8199997805059 9.48499978799373 9.4449997888878 9.39999978989363 10.4287497668993 10.5733330970009 9.69499978329986 9.77999978139997 9.80499978084117 9.904999778606 9.92499977815896 9.86999977938831 9.90999977849424 9.87499977927655 9.80999978072941 9.78999978117645 9.66999978385866 9.65499978419393 9.65999978408217 9.77499978151172 9.83499978017062 9.86499977950007 9.98499977681786 9.8199997805059 9.614999785088 9.50499978754669 9.3849997902289 9.41499978955835 9.43999978899956 9.47999978810549 9.52499978709966 9.93499977793545 12.7424997151829 -9999 -9999 -9999 -9999 -9999 -9999 22.5508134494384 22.6723250746294 21.1561995271221
-9999 -9999 -9999 -9999 -9999 -9999 -9999 -9999 -9999 -9999 14.2099996823817 11.5368418473946 9.96999977715313 9.96499977726489 10.0449997754768 6.49999985471368 6.42499985639006 10.1149997739121 9.95999977737665 10.0049997763708 10.0599997751415 9.99499977659434 10.0399997755885 9.98499977681786 9.69499978329986 9.6749997837469 10.2199997715652 10.1799997724593 10.1549997730181 9.86499977950007 10.069999774918 9.94499977771193 9.87499977927655 9.85499977972358 9.78499978128821 9.78999978117645 9.77999978139997 9.759999781847 9.8199997805059 9.86999977938831 9.80999978072941 9.74499978218228 9.93499977793545 9.83999978005886 9.59999978542328 9.47999978810549 9.43999978899956 9.46999978832901 9.40499978978187 9.47499978821725 9.51499978732318 10.5039997652173 14.1849996829405 -9999 -9999 -9999 13.397631279487 10.2449997710064 10.2449997710064 10.2821426273191 10.9242854701089 17.7899996023625
-9999 -9999 -9999 -9999 -9999 -9999 -9999 -9999 13.1546872059698 10.5114997650497 9.56999978609383 9.27499979268759 10.2174997716211 10.1024997741915 10.0549997752532 10.0974997743033 10.069999774918 10.4624997661449 9.91999977827072 9.98499977681786 10.0199997760355 10.0449997754768 10.0549997752532 9.77999978139997 9.74999978207052 9.83999978005886 9.79499978106469 10.0899997744709 10.0899997744709 9.8449997799471 10.0349997757003 9.85499977972358 9.85499977972358 9.80999978072941 9.79499978106469 9.80999978072941 9.84999977983534 9.85499977972358 9.94999977760017 9.86999977938831 9.89499977882951 9.79999978095293 9.80999978072941 9.71499978285283 9.56999978609383 9.49999978765845 9.50999978743494 9.47999978810549 9.48499978799373 9.51499978732318 9.48499978799373 9.17999979481101 9.66249978402629 10.6169997626916 9.68499978352338 9.78499978128821 9.89999977871776 9.92499977815896 9.77999978139997 9.63999978452921 9.85999977961183 10.6433330954363
-9999 -9999 -9999 -9999 -9999 9.93999977782369 10.2416664377476 10.2049997719005 9.9899997767061 9.61749978503212 8.19999981671572 8.19999981671572 10.3774997680448 10.0049997763708 10.1824997724034 10.3749997681007 10.3649997683242 10.9274997557513 10.1399997733533 10.1249997736886 10.1999997720122 10.1799997724593 10.1849997723475 10.214999771677 10.2349997712299 10.1849997723475 10.4674997660331 10.4174997671507 10.3299997691065 10.3874997678213 10.5599997639656 9.78999978117645 9.70999978296459 9.50499978754669 9.60999978519976 9.67999978363514 9.79499978106469 9.78999978117645 9.81499978061765 9.83999978005886 9.90999977849424 9.96999977715313 9.97499977704138 9.9299997780472 9.82499978039414 9.68499978352338 9.54499978665262 9.5299997869879 9.60999978519976 9.53499978687614 9.4449997888878 9.5299997869879 9.59499978553504 9.6749997837469 9.66999978385866 9.63999978452921 9.63999978452921 9.61999978497624 9.62999978475273 9.70499978307635 9.77499978151172 9.86499977950007
-9999 -9999 -9999 -9999 -9999 10.31999976933 10.3274997691624 10.2249997714534 10.2249997714534 9.87499977927655 9.87499977927655 10.0249997759238 10.0249997759238 10.9399997554719 10.8499997574836 10.3949997676536 10.8849997567013 10.3924997677095 10.4424997665919 10.2049997719005 10.1899997722358 10.2999997697771 10.3799997679889 10.4199997670949 10.3899997677654 10.3349997689947 10.2449997710064 10.4149997672066 10.4824997656979 10.4449997665361 10.4374997667037 10.4774997658096 10.2924997699447 9.89999977871776 9.74499978218228 9.72999978251755 9.80499978084117 9.52499978709966 9.57999978587031 9.66999978385866 9.92499977815896 9.87999977916479 9.904999778606 9.8449997799471 9.85999977961183 9.85499977972358 9.62999978475273 9.59999978542328 9.67999978363514 9.63999978452921 9.54999978654087 9.48499978799373 9.56999978609383 9.59499978553504 9.614999785088 9.60499978531152 9.53499978687614 9.50999978743494 9.55999978631735 9.60499978531152 9.53499978687614 9.32499979157001
-9999 -9999 -9999 -9999 -9999 8.91999980062246 8.91999980062246 10.4599997662008 10.029999775812 9.90999977849424 10.0949997743592 10.0799997746944 10.2649997705594 10.8974997564219 10.7374997599982 10.6749997613952 10.7899997588247 10.6749997613952 10.8099997583777 10.8599997572601 10.339999768883 10.3099997695535 10.3849997678772 10.4799997657537 10.5149997649714 10.484999765642 9.75499978195876 9.72999978251755 9.72999978251755 10.1599997729063 10.1199997738004 10.2724997703917 9.85999977961183 9.88499977905303 9.70499978307635 9.80999978072941 9.92499977815896 9.76999978162348 9.81499978061765 9.89999977871776 9.91499977838248 9.93499977793545 9.90999977849424 9.88999977894127 9.84999977983534 9.73499978240579 9.72999978251755 9.6749997837469 9.67999978363514 9.74499978218228 9.72999978251755 9.54999978654087 9.55999978631735 9.56999978609383 9.51999978721142 9.40999978967011 9.30499979201704 9.2999997921288 9.35499979089946 9.34999979101121 9.33999979123473 9.30499979201704
-9999 -9999 -9999 -9999 -9999 8.34499981347471 8.56499980855733 9.16499979514629 9.16499979514629 10.9049997562543 10.069999774918 10.0549997752532 10.8449997575954 10.9249997558072 10.7624997594394 10.6874997611158 10.5999997630715 10.527499764692 10.5974997631274 10.2499997708946 10.2499997708946 9.76499978173524 10.3749997681007 10.2999997697771 10.3449997687712 10.3899997677654 10.0749997748062 9.86499977950007 10.1549997730181 10.1549997730181 10.0899997744709 10.1449997732416 10.1249997736886 9.90249977866188 10.31999976933 9.43999978899956 9.74999978207052 9.89999977871776 9.86999977938831 9.80999978072941 9.85999977961183 10.0199997760355 10.0049997763708 9.90999977849424 9.86499977950007 9.79999978095293 9.79499978106469 9.85499977972358 9.86999977938831 9.8449997799471 9.86999977938831 10.0349997757003 9.96499977726489 9.74999978207052 9.78499978128821 9.37499979045242 9.41499978955835 9.39499979000539 9.2149997940287 9.46499978844076 9.37499979045242 9.45499978866428
-9999 -9999 -9999 -9999 -9999 10.5849997634068 10.7149997605011 10.4174997671507 10.7774997591041 10.7924997587688 10.7849997589365 10.8474997575395 10.7874997588806 9.87999977916479 9.87999977916479 10.7924997587688 10.7949997587129 10.6849997611716 10.6649997616187 10.1299997735769 10.1999997720122 10.2049997719005 10.3849997678772 10.4249997669831 10.4749997658655 10.3499997686595 9.88999977894127 9.92499977815896 9.87499977927655 9.88499977905303 9.99999977648258 9.95999977737665 10.2549997707829 9.98499977681786 10.049999775365 10.0799997746944 10.0949997743592 10.2399997711182 10.2449997710064 10.2749997703359 9.89499977882951 9.89999977871776 9.99999977648258 10.0099997762591 9.85999977961183 9.96499977726489 9.9899997767061 9.86499977950007 9.82499978039414 9.8449997799471 9.96999977715313 10.1349997734651 9.82999978028238 9.60499978531152 9.50499978754669 9.48499978799373 9.45499978866428 9.45499978866428 9.23999979346991 9.01499979849905 9.42499978933483 9.37499979045242
