EcologicalScience/Bass/data/rs_data_bass/sst_338.asc
NCOLS 226 
NROWS 124 
XLLCORNER -9.41648524995501 
YLLCORNER 47.587301625531 
CELLSIZE 0.0833 
NODATA_value -9999 
[rows 0 to 26 of 124, columns 0 to 61 of 226]
-9999.000000000000000 -9999 -9999 -9999 -9999 -9999 -9999 -9999 -9999 -9999 -9999 -9999 -9999 -9999 -9999 -9999 -9999 -9999 -9999 -9999 -9999 -9999 -9999 -9999 -9999 -9999 -9999 -9999 -9999 -9999 -9999 -9999 -9999 -9999 -9999 -9999 -9999 -9999 -9999 -9999 -9999 -9999 -9999 -9999 -9999 -9999 -9999 -9999 -9999 -9999 -9999 -9999 -9999 -9999 -9999 -9999 -9999 -9999 -9999 -9999 -9999 -9999
-9999 -9999 -9999 -9999 -9999 -9999 -9999 -9999 -9999 -9999 -9999 -9999 -9999 -9999 -9999 -9999 -9999 -9999 -9999 -9999 -9999 -9999 -9999 -9999 -9999 -9999 -9999 -9999 -9999 -9999 -9999 -9999 -9999 -9999 -9999 -9999 -9999 -9999 -9999 -9999 -9999 -9999 -9999 -9999 -9999 -9999 -9999 -9999 -9999 -9999 -9999 -9999 -9999 -9999 -9999 -9999 -9999 -9999 -9999 -9999 -9999 -9999
-9999 -9999 -9999 -9999 -9999 -9999 -9999 -9999 -9999 -9999 -9999 -9999 -9999 -9999 -9999 -9999 -9999 -9999 -9999 -9999 -9999 -9999 -9999 -9999 -9999 -9999 -9999 -9999 -9999 -9999 -9999 -9999 -9999 -9999 -9999 -9999 -9999 -9999 -9999 -9999 -9999 -9999 -9999 -9999 -9999 -9999 -9999 -9999 -9999 -9999 -9999 -9999 -9999 -9999 -9999 -9999 -9999 -9999 -9999 -9999 -9999 -9999
-9999 -9999 -9999 -9999 -9999 -9999 -9999 -9999 -9999 -9999 -9999 -9999 -9999 -9999 -9999 -9999 -9999 -9999 -9999 -9999 -9999 -9999 -9999 -9999 -9999 -9999 -9999 -9999 -9999 -9999 -9999 -9999 -9999 -9999 -9999 -9999 -9999 -9999 -9999 -9999 -9999 -9999 -9999 -9999 -9999 -9999 -9999 -9999 -9999 -9999 -9999 -9999 -9999 -9999 -9999 -9999 -9999 -9999 -9999 -9999 -9999 -9999
-9999 -9999 -9999 -9999 -9999 -9999 -9999 -9999 -9999 -9999 -9999 -9999 -9999 -9999 -9999 -9999 -9999 -9999 -9999 -9999 -9999 -9999 -9999 -9999 -9999 -9999 -9999 -9999 -9999 -9999 -9999 -9999 -9999 -9999 -9999 -9999 -9999 -9999 -9999 -9999 -9999 -9999 -9999 -9999 -9999 -9999 -9999 -9999 -9999 -9999 -9999 -9999 -9999 -9999 -9999 -9999 -9999 -9999 -9999 -9999 -9999 -9999
-9999 -9999 -9999 -9999 -9999 10.945188744925 11.0728476699442 11.1381115023978 11.2378002135083 11.1244849879295 11.2083956296556 11.1108584734611 11.1237678029574 10.5916165537201 10.2495193220675 10.3133487845771 10.2538224318996 10.2358928075992 10.0472731599584 9.89666431583464 9.9827265124768 9.85578477242962 10.1842554896139 9.87712102534715 10.2040432749782 9.84583772868728 9.6238080332987 9.5366374598816 9.82207707874477 9.87371439673007 4.59523300267756 8.96403697822243 10.6521321270486 10.5898598534515 12.3249997245148 7.86583390351581 10.4127788388125 12.2299997266382 9.34999979101121 9.34893990720489 9.01941669778898 10.2076835320331 10.5307582860946 12.8799997121096 -9999 -9999 -9999 -9999 -9999 -9999 -9999 -9999 -9999 -9999 -9999 -9999 -9999 -9999 -9999 -9999 -9999 -9999
-9999 -9999 -9999 -9999 -9999 11.1883144504391 11.1173131382093 11.1194646931253 11.1180303231813 11.1646473463625 11.0140385022387 10.9975432478823 10.7221442186274 10.5722525594756 10.5378276808187 10.2918332354166 10.2165288133547 10.1333353566006 10.4582201489247 10.4804528830573 9.78693501511589 9.75035858154297 12.5896938857622 9.2497634710744 10.5598978530243 9.78111316063715 9.39832321527813 10.028626350686 9.88590654125437 10.0085451714694 9.97268592286855 9.23709320323542 8.75490584038198 8.91340371919796 10.7781540514421 10.2945460655281 12.0099997315556 -9999 13.2149997046217 9.90170054808259 9.92415640642866 9.13163286068344 9.83235673001036 10.2644905583584 10.2253422197886 11.3524429942481 -9999 -9999 -9999 -9999 -9999 -9999 -9999 -9999 -9999 -9999 -9999 -9999 -9999 -9999 -9999 -9999
-9999 -9999 -9999 -9999 -9999 11.0886257393286 11.0126041322947 11.1904660053551 11.0599383404478 11.0312509415671 11.1373943174258 11.1187475081533 10.8117923401296 10.4575029639527 10.3635517326184 10.2638630215079 10.2545396168716 10.0149998362176 10.2739036111161 9.84861292270944 9.67648852942511 10.9165013460442 8.83666492719203 10.2513122844975 12.0648521556993 10.7435361152065 9.68280872199102 10.269779797527 9.72884303238243 10.1146885473281 10.1691946052015 10.0522934547625 9.64564957562834 9.30426952894777 9.35160373710096 10.9217194849786 10.5621004077606 12.3099997248501 12.0549997305498 9.59543623360198 10.4675276161171 10.5450212634169 8.87805674557707 8.62796410033479 9.69159722616896 9.75499978195876 -9999 -9999 -9999 -9999 -9999 -9999 -9999 -9999 -9999 -9999 -9999 -9999 -9999 -9999 -9999 -9999
-9999 -9999 -9999 -9999 -9999 10.9753105137497 11.0972319589928 10.9243903807364 10.6303445422091 10.7537003573962 10.4431592645124 10.3986937962472 10.350642403122 10.3269752990454 10.3692892123945 10.3915219465271 10.4840388079174 10.0673543391749 10.2903988654725 9.82924892846495 10.2373271775432 9.58468885300681 10.0928144056816 9.61552780680358 9.75000401818602 9.64708394557238 6.42979216109961 10.0214545009658 10.2660145764239 10.309045674745 10.3427533684298 10.2043366688304 10.1211432120763 10.4790185131133 10.0472731599584 9.32800183165818 10.4058497085236 10.5228471705843 9.76519999951582 12.7350077684969 10.0827062551702 10.4135156190023 9.75098222064907 9.71999978274107 9.686831930466 9.46649838126987 9.33499979134649 -9999 -9999 -9999 -9999 -9999 -9999 -9999 -9999 -9999 -9999 -9999 -9999 -9999 -9999 -9999
-9999 -9999 -9999 -9999 -9999 11.0699789300561 10.7802362013608 10.6532944613136 10.8325907043181 10.7608722071163 10.2932676053606 10.4324014899321 10.3678548424505 10.3735923222266 10.2186803682707 10.0429700501263 10.1813867497258 9.95403911359608 9.82207707874477 10.0974761079997 9.56532485876232 10.3119144146331 7.14482557820156 9.33674776268059 9.51983484053718 9.4673095792532 9.9346751193516 9.81060211919248 9.87443158170208 9.98344369744882 11.0957975890487 10.6956083746627 10.6303445422091 10.0501418998465 9.97412029281259 9.86654254700989 9.87012847186998 10.1003448478878 10.8089236002415 9.49862665636465 10.097715169657 10.178061619401 9.07800354884144 9.61167293757899 9.98631243733689 12.9195198528402 12.0949997296557 -9999 -9999 -9999 -9999 -9999 -9999 -9999 -9999 -9999 -9999 -9999 -9999 -9999 -9999 -9999
-9999 -9999 -9999 -9999 -9999 11.0348368664272 11.0520493057556 11.0577867855318 11.0836054445244 11.0405743462034 11.0807367046364 10.986785473302 10.5758384843357 10.4883419177495 10.3513595880941 10.2825098307803 10.2631458365358 11.0061494675465 9.60477003222331 9.60333566227928 9.5007782112807 9.69370096875355 11.1151615832932 9.21151360590011 9.18155121151358 10.3245846824721 11.6903439308517 9.831400483381 9.9547562985681 9.95905940840021 9.99204991711304 10.0515762697905 10.2000335589983 10.1548509057611 9.60889384581242 10.268063676344 9.62771995132789 10.0085451714694 9.77737254882231 9.46802676422521 9.7243840127738 10.947519596084 11.1018219428137 10.3622607996687 10.1493206127547 12.039999730885 -9999 -9999 -9999 -9999 -9999 -9999 -9999 -9999 -9999 -9999 -9999 -9999 -9999 -9999 -9999 -9999
-9999 -9999 -9999 -9999 -9999 11.0936460341327 11.0226447219029 11.0341196814552 11.0204931669869 11.0721304849721 10.945188744925 10.8548234384507 10.7164067388512 10.6375163919292 10.2559739868157 10.2638630215079 10.1024964028038 10.0487075299025 9.8751487666741 9.85004729265347 9.62987150624394 10.2029022988863 9.53397362998554 8.29836637819452 9.60261847730726 11.2327799187042 10.1067995126359 10.6246070624329 11.0728476699442 10.4783013281412 10.228720957879 10.1864070445299 10.1548509057611 9.96336251823232 10.0035248766653 9.79823067842517 10.567501209036 9.96106752632186 8.70882670592982 8.82923228293657 10.6002227733843 11.8000732315704 10.5351440209234 9.10650178855285 9.76349103525281 9.82819705717266 12.2549997260794 -9999 -9999 -9999 -9999 -9999 -9999 -9999 -9999 -9999 -9999 -9999 -9999 -9999 -9999 -9999
-9999 -9999 -9999 -9999 -9999 11.0599383404478 11.0355540513992 11.0405743462034 11.0699789300561 11.0871913693845 10.9028748315759 10.7027802243829 10.7508316175081 10.4897762876935 10.4747154032812 10.26816613134 9.85291603254154 9.88375498633832 9.62556839641184 9.72956021735445 9.58899196283892 9.61767936171964 8.30989256524481 9.76470228098333 10.1828211196698 11.0412915311754 10.5908993687481 10.8146610800177 11.2005065949634 10.6418195017613 10.6604663110338 10.3958250563592 10.2739036111161 10.3183690793812 9.92248297482729 10.0580309345387 11.3496810691431 9.63740194845013 10.081751163428 9.63632617099211 9.25693532079458 9.22035888722166 9.04115229233867 11.1723724530611 9.9454536046285 12.1299997288734 -9999 -9999 -9999 -9999 -9999 -9999 -9999 -9999 -9999 -9999 -9999 -9999 -9999 -9999 -9999 -9999
-9999 -9999 -9999 -9999 -9999 11.0219275369309 10.986785473302 11.0097353924066 11.0628070803359 11.0534836756997 10.8390453690663 10.547151085455 10.6124149179086 10.2172459983267 10.2538224318996 10.4073000159115 10.1842554896139 10.0071108015254 9.79912715964019 9.64923550048843 9.53520308993757 9.60668252548203 10.3735923222266 10.7314676232636 10.8182470048778 10.7056489642709 10.8562578083947 10.945905929897 10.7967314557172 10.5012512472458 10.4783013281412 10.4417248945683 10.4338358598761 10.2100741486065 10.509140281938 10.3068941198289 9.72740866243839 9.8751487666741 10.4797356980853 10.546433900483 11.0972319589928 9.72956021735445 10.61507375 10.178581759613 11.8749997345731 -9999 -9999 -9999 -9999 -9999 -9999 -9999 -9999 -9999 -9999 -9999 -9999 -9999 -9999 -9999 -9999 -9999
-9999 -9999 -9999 -9999 -9999 10.8827936523594 10.908612311352 10.9817651784979 10.8971373517998 10.7802362013608 10.709234889131 10.5779900392517 10.4962309524417 10.4646748136729 10.4725638483651 10.0522934547625 9.46348459273577 9.58755759289488 9.24044006643817 9.90742209041491 10.3821985418908 10.2724692411721 10.987502658274 10.8713186928071 10.8706015078351 11.0879085543565 11.3841059478 9.86869410192594 10.0795464836992 10.2609942816198 10.3413189984858 10.3836329118349 10.1813867497258 11.3088015257381 10.6446882416494 8.95607622503303 7.55003508739173 10.6346476520412 9.89195138601852 10.1964476341382 9.88684935745354 9.98487806739286 9.48547557912495 11.7004281751973 9.68138795035755 11.9868689965255 -9999 -9999 -9999 -9999 -9999 -9999 -9999 -9999 -9999 -9999 -9999 -9999 -9999 -9999 -9999 -9999
-9999 -9999 -9999 -9999 -9999 11.0169072421268 10.8024689354934 10.8426312939264 10.9007232766598 10.6540116462857 10.5105746518821 10.5263527212664 10.4402905246243 10.3814813569188 10.4488967442885 10.5120090218261 10.5163121316582 10.3570970678702 10.2057710387744 9.98774680728093 10.8949857968837 10.6977599295788 10.7049317792989 10.5995055884123 10.7178411087953 10.6769615653902 10.4998168773018 10.0071108015254 9.92248297482729 10.0336466454901 10.0451216050424 10.2545396168716 11.5067445780151 11.1947691151872 10.2463195737308 9.54811241943389 7.85483870049939 9.59526733134408 7.60482801925391 11.1594836145639 10.0626600375399 9.58352040558049 12.1261315993033 -9999 -9999 -9999 -9999 13.2249997043982 13.2249997043982 -9999 -9999 -9999 -9999 -9999 -9999 -9999 -9999 -9999 -9999 -9999 -9999 -9999
-9999 -9999 -9999 -9999 -9999 11.0714133000001 11.0879085543565 10.9351481553167 11.0197759820148 10.7393566579558 10.6052430681884 10.7221442186274 10.7687612418085 10.6425366867334 10.5356761259027 10.5571916750632 10.4051484609954 10.4861903628334 10.5342417559586 10.5349589409307 10.6905880798586 10.6518600913696 10.6611834960058 10.9272591206245 8.36188847571611 11.0728476699442 10.0967589230277 10.1197088421322 10.4101687557995 10.0666371542029 8.27032786095515 8.14924313151278 8.75968707352877 9.76613665092736 9.93108919449151 8.48954740073532 9.1261002908993 10.8110520201585 10.7489852476865 -9999 -9999 -9999 -9999 -9999 -9999 -9999 -9999 -9999 -9999 -9999 -9999 -9999 -9999 -9999 -9999 -9999 -9999 -9999 -9999 -9999 -9999 -9999
-9999 -9999 -9999 -9999 -9999 11.026230646763 11.1431317972019 11.1237678029574 10.9767448836938 10.9903713981621 10.7802362013608 10.6188695826568 10.7594378371723 10.7020630394109 10.6181523976848 10.5987884034403 10.7250129585154 10.5995055884123 10.6418195017613 10.6253242474049 10.6009399583563 10.4417248945683 10.746528507676 9.71234777802601 9.7675710208714 10.2911160504445 10.3162175244652 10.3047425649129 8.52540664933622 9.48697240056936 9.09652494871989 10.268883316312 10.0401013102382 9.75322732143104 9.96479688817635 10.0903042582795 8.96773048082832 9.074411745416 10.9353459994469 9.40095250978229 11.6199997402728 -9999 -9999 -9999 -9999 -9999 -9999 -9999 -9999 -9999 -9999 -9999 -9999 -9999 -9999 -9999 -9999 -9999 -9999 -9999 -9999 -9999
-9999 -9999 -9999 -9999 -9999 11.1646473463625 11.2234565140679 11.2356486585923 11.186162895523 11.1438489821739 11.066393005196 10.7838221262209 10.867015582975 10.8720358777791 10.8598437332548 10.6353648370132 10.7034974093549 10.8921170569956 10.6726584555581 10.7551347273402 10.7056489642709 10.6633350509219 10.8031861204654 11.2485579880886 10.5701010045595 10.2667317613959 9.98702962230891 9.75394450640306 9.98129214253277 9.86439099209383 9.93180637946352 10.0135654662736 10.0171513911337 9.85291603254154 9.81849115388468 10.0178685761057 10.3599658077583 10.1598712005652 11.4395142706381 10.0388995408257 9.89721298193345 9.80499978084117 11.6709380571928 7.85758662137185 9.0066377655603 11.8499997351319 -9999 -9999 -9999 -9999 -9999 -9999 -9999 -9999 -9999 -9999 -9999 -9999 -9999 -9999 -9999 -9999
-9999 -9999 -9999 -9999 -9999 11.146717722062 11.2413861383684 11.2299111788161 11.2141331094317 11.2184362192638 11.1144443983212 11.0821710745804 10.9774620686658 10.9251075657085 10.9308450454846 10.8892483171076 10.8957029818557 10.8985717217438 10.467543553561 10.4194921604358 10.6568803861737 10.8985717217438 10.8619952881709 11.1036866237409 11.184011340607 9.89809868577868 10.309762859717 9.78836938505992 9.95117037370801 10.0544450096786 9.88590654125437 10.2531052469276 9.96766562806442 9.89594713086262 9.41256445972249 8.82016967283562 9.95105084287934 9.86791455304331 9.17568850896454 8.75454724789597 9.3689954726724 8.71244849003851 9.69513533869758 9.51870783558115 8.96504103718325 12.221777995117 11.5049997428432 -9999 -9999 -9999 -9999 -9999 -9999 -9999 -9999 -9999 -9999 -9999 -9999 -9999 -9999 -9999
-9999 -9999 -9999 -9999 -9999 11.2629016875289 11.2033753348514 11.22417369904 11.2793969418854 11.2456892482005 11.1345255775377 11.107989733573 11.0685445601121 11.0843226294965 10.9810479935259 10.9602496293373 10.946623114869 10.9659871091135 10.8239844846539 10.8132267100736 11.0527664907277 11.1352427625097 11.0628070803359 11.0800195196643 10.8469344037585 10.7314676232636 11.1295052827336 10.5851618889719 10.4058656459674 10.3599658077583 10.149830610957 9.9985045818612 9.91817986499518 9.88160343142226 9.56675922870636 9.50149539625272 9.30570389889181 9.95188755868003 9.79410686483607 9.71951962774619 9.61122469697148 9.56245611887425 9.59257788769901 9.01442434525649 6.10992766357958 9.96256564604118 -9999 -9999 -9999 -9999 -9999 -9999 -9999 -9999 -9999 -9999 -9999 -9999 -9999 -9999 -9999 -9999
-9999 -9999 -9999 -9999 -9999 11.3640247685835 11.3711966183037 11.2765282019973 11.2435376932845 11.2083956296556 11.2126987394877 11.1165959532373 11.1538895717822 10.9624011842534 11.1165959532373 11.0699789300561 11.026230646763 10.9667042940855 10.9831995484419 11.0161900571547 11.0319681265391 11.0219275369309 10.905743571464 10.8612781031989 10.8505203286186 10.8856623922475 10.4187749754637 10.7228614035994 10.2774895359762 10.549302640371 10.2990050851367 9.89594713086262 9.86797691695392 9.86654254700989 9.44914089329541 9.81060211919248 9.63058869121596 9.70517592830583 9.76470228098333 9.54524367954582 9.12067017611116 9.42117067938671 8.90503656119108 9.72167118266225 9.7560336974085 8.84766176342964 9.68207864242619 -9999 -9999 8.9588681236741 -9999 -9999 -9999 -9999 10.9150669761002 -9999 -9999 -9999 -9999 -9999 -9999 -9999
-9999 -9999 -9999 -9999 -9999 11.1366771324538 11.2385173984803 11.2055268897675 11.1797082307748 11.1546067567542 11.0893429243006 11.1194646931253 11.1531723868102 11.0620898953639 11.0484633808956 11.106555363629 11.0857569994405 11.0319681265391 11.0212103519589 11.0843226294965 11.0706961150281 11.1366771324538 11.0556352306157 10.9035920165479 10.8770561725833 10.9172185310163 10.2896816805005 10.111102622468 9.97412029281259 9.87012847186998 9.79912715964019 9.831400483381 9.84574418282136 9.86941128689796 9.74390391679481 9.99204991711304 9.59688099753112 9.28849145956337 10.7200478317861 10.1046479577199 9.79984434461221 8.86104921624064 10.5545455098216 9.08784841680351 8.67984047997743 9.68278381973505 11.2048097047955 9.80889880488394 9.41537941073766 9.07122027229052 -9999 -9999 -9999 9.72472019855422 9.46817176883704 9.79499978106469 -9999 -9999 -9999 -9999 -9999 -9999
-9999 -9999 -9999 -9999 -9999 11.1818597856909 11.2112643695436 11.225608068984 11.1646473463625 11.1165959532373 11.1165959532373 11.0771507797763 10.9337137853727 10.9129154211842 11.1926175602712 10.8189641898498 11.0807367046364 11.1603442365304 11.187597265467 10.9889370282181 10.9903713981621 10.9315622304566 10.9143497911282 10.9502090397291 10.9530777796172 10.8189641898498 9.85865351231769 9.81777396891266 9.87299721175805 9.60548721719533 9.49504073150456 9.55169834429398 9.75107576651499 9.53878901479766 9.80773337930441 9.82207707874477 9.81777396891266 9.70804466819391 9.84502699784935 9.5882747778669 9.30211797403172 10.3887727374677 9.10250149015337 9.37151941209315 13.2064077630639 9.16637441841885 8.95999979972839 9.14705763697817 9.32855136300038 9.59939047676992 8.62884022900331 8.71044964606047 -9999 10.5205662032016 11.4818494174795 -9999 -9999 -9999 -9999 -9999 -9999 -9999
-9999 -9999 -9999 -9999 -9999 11.2772453869693 11.184728525579 11.1230506179854 11.2184362192638 11.187597265467 11.2844172366895 11.1904660053551 11.1244849879295 11.0914944792166 11.0004119877703 10.8196813748218 11.0140385022387 10.6497085364535 10.6332132820971 10.8383281840943 10.8799249124713 10.8376109991223 10.865581213031 10.8835108373314 10.7902767909691 10.6411023167893 10.268883316312 9.7474898416549 9.53018279513344 9.47997984709218 9.60333566227928 9.56532485876232 9.32363352319226 9.21462140744552 9.56747641367838 9.62126528657973 9.70589311327785 9.87084565684199 11.0622013027382 9.34459973918274 9.78226687101658 9.35579528482631 9.18163089873269 9.20744955772534 10.4266640101559 9.9827265124768 8.17499981727451 11.5899997409433 9.60355823692577 9.69517518230714 9.37946113539608 9.09757294333666 10.516367299733 10.5535032952071 11.9138983591654 -9999 -9999 -9999 -9999 -9999 -9999 -9999
-9999 -9999 -9999 -9999 -9999 11.2593157626688 11.2069612597115 11.2062440747395 11.1818597856909 11.1768394908868 11.1201818780974 11.1954863001592 10.9925229530782 11.2012237799354 10.9982604328543 10.8720358777791 10.5851618889719 10.5550401201472 10.466826368589 10.389370391611 10.7709127967246 10.5120090218261 10.3692892123945 10.5987884034403 10.2782067209482 10.2516708769836 9.74964139657095 9.53089998010546 9.45774711295962 9.39606920536608 9.25980406068265 9.20673237275332 9.18019652878866 9.5244453153573 9.53161716507748 9.63632617099211 9.24342448132173 9.92004723336673 7.8349998248741 9.38554529545059 9.23613695660606 9.1701559391804 9.40682697994635 9.54237493965775 8.66203038650565 10.8182550631359 9.48383081857236 -9999 11.6141174138258 9.36768917147336 9.11084052325939 8.12808617483824 9.85016682348214 10.1405072063208 10.3612480475567 9.87999977916479 -9999 -9999 -9999 -9999 -9999 -9999
-9999 -9999 -9999 -9999 -9999 11.3841059478 11.3231452251785 11.1775566758588 11.2765282019973 11.0326853115112 10.8325907043181 10.8074892302975 10.7974486406893 10.6246070624329 10.8971373517998 10.6073946231045 11.0893429243006 10.507705911994 10.3398846285418 10.2918332354166 10.5629291548394 10.3700063973665 11.1008178838529 10.5657978947274 10.4101687557995 10.0860011484474 9.44412059849128 9.42188786435872 9.43264563893899 9.41543319961056 9.23613695660606 9.14577165013179 9.25119784101844 9.30355234397575 9.44770652335137 9.26482435548678 9.29996641911566 9.43479719385505 -9999 9.42716315826401 9.29638049425557 9.56389048881829 9.20529800280929 9.37957395100966 10.1699117901735 10.7891886482529 -9999 9.89020965108648 9.86247849883512 10.7099520741031 7.79531234782189 10.11181980744 10.0210959084798 9.61409343685955 12.4999997206032 -9999 -9999 -9999 -9999 -9999 -9999 -9999
