EcologicalScience/Bass/data/rs_data_bass/sst_341.asc
NCOLS 226 
NROWS 124 
XLLCORNER -9.41648524995501 
YLLCORNER 47.587301625531 
CELLSIZE 0.0833 
NODATA_value -9999 
[rows 0 to 26 of 124, columns 0 to 61 of 226]
-9999.000000000000000 -9999 -9999 -9999 -9999 -9999 -9999 -9999 -9999 -9999 -9999 -9999 -9999 -9999 -9999 -9999 -9999 -9999 -9999 -9999 -9999 -9999 -9999 -9999 -9999 -9999 -9999 -9999 -9999 -9999 -9999 -9999 -9999 -9999 -9999 -9999 -9999 -9999 -9999 -9999 -9999 -9999 -9999 -9999 -9999 -9999 -9999 -9999 -9999 -9999 -9999 -9999 -9999 -9999 -9999 -9999 -9999 -9999 -9999 -9999 -9999 -9999
-9999 -9999 -9999 -9999 -9999 -9999 -9999 -9999 -9999 -9999 -9999 -9999 -9999 -9999 -9999 -9999 -9999 -9999 -9999 -9999 -9999 -9999 -9999 -9999 -9999 -9999 -9999 -9999 -9999 -9999 -9999 -9999 -9999 -9999 -9999 -9999 -9999 -9999 -9999 -9999 -9999 -9999 -9999 -9999 -9999 -9999 -9999 -9999 -9999 -9999 -9999 -9999 -9999 -9999 -9999 -9999 -9999 -9999 -9999 -9999 -9999 -9999
-9999 -9999 -9999 -9999 -9999 -9999 -9999 -9999 -9999 -9999 -9999 -9999 -9999 -9999 -9999 -9999 -9999 -9999 -9999 -9999 -9999 -9999 -9999 -9999 -9999 -9999 -9999 -9999 -9999 -9999 -9999 -9999 -9999 -9999 -9999 -9999 -9999 -9999 -9999 -9999 -9999 -9999 -9999 -9999 -9999 -9999 -9999 -9999 -9999 -9999 -9999 -9999 -9999 -9999 -9999 -9999 -9999 -9999 -9999 -9999 -9999 -9999
-9999 -9999 -9999 -9999 -9999 -9999 -9999 -9999 -9999 -9999 -9999 -9999 -9999 -9999 -9999 -9999 -9999 -9999 -9999 -9999 -9999 -9999 -9999 -9999 -9999 -9999 -9999 -9999 -9999 -9999 -9999 -9999 -9999 -9999 -9999 -9999 -9999 -9999 -9999 -9999 -9999 -9999 -9999 -9999 -9999 -9999 -9999 -9999 -9999 -9999 -9999 -9999 -9999 -9999 -9999 -9999 -9999 -9999 -9999 -9999 -9999 -9999
-9999 -9999 -9999 -9999 -9999 -9999 -9999 -9999 -9999 -9999 -9999 -9999 -9999 -9999 -9999 -9999 -9999 -9999 -9999 -9999 -9999 -9999 -9999 -9999 -9999 -9999 -9999 -9999 -9999 -9999 -9999 -9999 -9999 -9999 -9999 -9999 -9999 -9999 -9999 -9999 -9999 -9999 -9999 -9999 -9999 -9999 -9999 -9999 -9999 -9999 -9999 -9999 -9999 -9999 -9999 -9999 -9999 -9999 -9999 -9999 -9999 -9999
-9999 -9999 -9999 -9999 -9999 9.85004729265347 9.51010161591694 9.97340310784057 10.3441877383739 10.1598712005652 10.2050538538024 10.111102622468 10.2237006630749 10.4151890506037 10.2667317613959 9.9346751193516 9.96766562806442 9.91459394013509 10.070223079063 10.0422528651543 10.1139713623561 10.4159062355757 10.3929563164711 10.5507370103151 10.5331659785006 9.8323203510625 9.85211734927725 9.97985777258873 9.97842340264469 10.1197088421322 10.0508590848185 9.82530441111885 10.4943267026884 10.5298580635454 12.3249997245148 7.87656275041704 10.418351718759 12.2299997266382 9.34999979101121 9.48141421703622 9.7521189446561 10.0728527572937 10.2525929719476 12.8799997121096 -9999 -9999 -9999 -9999 -9999 -9999 -9999 -9999 -9999 -9999 -9999 -9999 -9999 -9999 -9999 -9999 -9999 -9999
-9999 -9999 -9999 -9999 -9999 10.0745261888951 10.0157170211896 10.1648914953694 10.2444990272634 10.0802636686713 10.1605883855373 10.191427339334 10.2330240677111 10.2122257035226 9.86941128689796 9.84144107298926 10.2975707151927 9.56891078362241 9.46133303781971 9.83785514812917 10.1526993508451 10.1333353566006 10.2043366688304 9.93252356443554 10.6874994032457 10.2878676243948 10.2723155586781 10.1046479577199 10.1448103161529 10.0874355183914 10.1197088421322 9.89475182257593 10.0447630125564 10.5141605767421 10.5957577185585 10.276374781074 12.0099997315556 -9999 13.2149997046217 9.82692206166685 9.83307391498238 9.81459786403658 10.1210236812476 10.0951228448102 10.1450414090883 11.3317743337248 -9999 -9999 -9999 -9999 -9999 -9999 -9999 -9999 -9999 -9999 -9999 -9999 -9999 -9999 -9999 -9999
-9999 -9999 -9999 -9999 -9999 10.1613055705093 10.069505894091 10.1340525415726 9.92033141991124 10.2559739868157 10.3800469869748 10.467543553561 10.1699117901735 10.1548509057611 9.78478346019983 9.71808525780216 10.430249935016 10.0479903449304 10.068788709119 10.1605883855373 10.0114139113575 10.3147831545211 10.5306558310986 10.7332605856936 12.0611179800704 10.5795727922934 10.070223079063 10.1691946052015 10.2165288133547 10.1993163740262 10.1677602352574 10.3198034493253 10.3133487845771 10.2599185041618 10.1283150617965 10.8096902462461 10.4723566615954 12.3099997248501 12.0549997305498 9.61749746698036 10.4358041341882 10.3970855632797 9.6559975302246 9.44698933837935 9.5855972873047 9.75499978195876 -9999 -9999 -9999 -9999 -9999 -9999 -9999 -9999 -9999 -9999 -9999 -9999 -9999 -9999 -9999 -9999
-9999 -9999 -9999 -9999 -9999 10.2186803682707 10.2208319231868 10.1154057323001 10.1197088421322 10.031495090574 10.2150944434106 9.69154941383749 9.7675710208714 9.77617724053562 10.0114139113575 10.1053651426919 10.2186803682707 10.2581255417317 10.1749320849776 10.0357982004061 10.0860011484474 9.86080506723374 10.2179631832987 10.3709626439959 9.761027715284 10.0429700501263 10.1971648191102 10.2258522179909 10.2760551660322 10.1950132641941 10.1240119519643 10.2380443625152 10.2401959174313 10.3915219465271 10.4223609003238 10.1297494317405 10.2912913623266 10.541784563423 9.70512106169595 12.7205877727829 10.0975488658954 10.3281706073321 9.76880270810595 9.71999978274107 9.59462584923022 9.36419073627278 9.33499979134649 -9999 -9999 -9999 -9999 -9999 -9999 -9999 -9999 -9999 -9999 -9999 -9999 -9999 -9999 -9999
-9999 -9999 -9999 -9999 -9999 10.148396241013 9.97985777258873 9.97125155292451 9.59472944261506 9.64995268546045 9.73673206707463 9.79984434461221 10.0193029460497 10.149113425985 10.2143772584386 10.1928617092781 10.1584368306212 10.1519821658731 10.0469145674724 9.88232061639428 10.1319009866565 10.1806695647538 10.270317686256 10.390087576583 9.35518966196105 9.96587266563438 10.070223079063 10.0953245530836 10.1978820040822 10.3119144146331 10.3140659695491 10.4101687557995 10.4610888888128 10.4854731778614 10.3133487845771 9.99491865700111 10.1247291369364 10.1713461601175 10.827211817028 10.0519348622765 10.0013733217493 10.1272392843384 9.03846431833493 9.29236874081835 9.80988493422046 12.9214417043845 12.0949997296557 -9999 -9999 -9999 -9999 -9999 -9999 -9999 -9999 -9999 -9999 -9999 -9999 -9999 -9999 -9999
-9999 -9999 -9999 -9999 -9999 9.96336251823232 9.90598772047088 10.1211432120763 9.78048035036772 9.87192143430002 10.2186803682707 10.2107913335785 10.3155003394932 10.4725638483651 10.0551621946506 10.2409131024033 10.2086397786625 10.1125369924121 10.3248237441294 10.2186803682707 10.1957304491661 10.2652973914519 10.1935788942501 10.4374217847362 10.4216437153518 10.2204733307008 10.3384502585977 10.3398846285418 10.3319955938496 10.3771782470867 10.4187749754637 10.4725638483651 10.5105746518821 10.4732810333371 10.430249935016 10.4816823430093 10.2817926458083 10.2000335589983 10.7570472205989 9.98236791999079 10.308328489773 10.2961363452487 9.9666615691036 9.97971433559433 10.0259887037333 12.039999730885 -9999 -9999 -9999 -9999 -9999 -9999 -9999 -9999 -9999 -9999 -9999 -9999 -9999 -9999 -9999 -9999
-9999 -9999 -9999 -9999 -9999 10.2735450186301 10.3248237441294 10.0210959084798 10.1745734924916 10.0563575029373 10.2746207960881 10.348490848206 10.5392620507628 10.4761497732252 10.1003448478878 10.0967589230277 10.0910214432515 10.110385437496 10.2362514000852 10.2886059030425 10.1656086803414 10.3735923222266 10.1636961870827 9.63694090096812 10.0515762697905 10.3936735014431 10.3219550042413 10.4087343858555 10.3585314378142 10.3377330736257 10.3370158886537 10.3276924840175 10.389370391611 10.4388561546803 10.4280983801 10.4539170390926 10.5449995305389 10.3750266921706 10.3563798828982 9.65855890512466 10.3406018135138 10.2165288133547 10.2596061816739 8.94016268737614 9.64283661679365 9.68913489109837 12.2549997260794 -9999 -9999 -9999 -9999 -9999 -9999 -9999 -9999 -9999 -9999 -9999 -9999 -9999 -9999 -9999
-9999 -9999 -9999 -9999 -9999 10.5041199871339 10.5686666346155 10.3018738250248 10.2896816805005 10.0200201310217 10.3549455129541 10.5041199871339 10.4926450275816 10.5557573051192 10.3918805390131 10.1957304491661 10.270317686256 10.109668252524 10.2036194838583 10.269600501284 10.4316843049601 10.0551621946506 10.109668252524 10.3377330736257 10.4266640101559 10.3585314378142 10.4861903628334 10.3621173626743 10.4051484609954 10.5607775999233 9.29566330928355 10.3743095071986 9.28777427459136 10.4474623743445 10.4575029639527 10.3994109812193 10.3929563164711 10.3936735014431 10.0508590848185 10.2846613856964 10.1749320849776 10.348490848206 10.2000335589983 10.8368528321518 9.92284674498746 12.1299997288734 -9999 -9999 -9999 -9999 -9999 -9999 -9999 -9999 -9999 -9999 -9999 -9999 -9999 -9999 -9999 -9999
-9999 -9999 -9999 -9999 -9999 10.0648441917729 9.99348428705707 10.0587481195107 10.0809808536433 10.5127262067981 10.5170293166302 10.4252296402119 10.4804528830573 10.2652973914519 10.3198034493253 10.2401959174313 10.1871242295019 10.3642689175904 10.4338358598761 10.2645802064799 9.98129214253277 10.0146412437316 10.1017792178318 10.3979766112752 10.4711294784211 10.8605609182268 10.2021851139143 10.2817926458083 10.2337412526831 10.4094515708275 8.87324136076495 9.66142764501274 10.6332132820971 10.507347319508 10.5048371721059 10.5112918368541 10.387218836695 10.3628345476463 10.3011566400528 10.1397900213487 10.3449049233459 10.3685720274225 10.4979714379226 10.0634257592727 11.8749997345731 -9999 -9999 -9999 -9999 -9999 -9999 -9999 -9999 -9999 -9999 -9999 -9999 -9999 -9999 -9999 -9999 -9999
-9999 -9999 -9999 -9999 -9999 9.93001341703348 10.4223609003238 10.5234839813784 10.5729697444476 10.5901821837761 10.5026856171899 10.427381195128 10.3384502585977 10.307611304801 10.2208319231868 10.0673543391749 10.1763664549217 10.4453108194284 10.2100741486065 10.1864070445299 10.2337412526831 10.0903042582795 10.5112918368541 10.7924283458851 10.7501144325361 10.4711294784211 10.668355345726 10.4589373338968 9.60477003222331 9.97842340264469 9.71306496299803 8.36404003063217 8.12378306500614 8.42930386308581 10.5155949466862 10.5041199871339 10.1663258653134 9.56568345124833 10.0497833073605 9.87801750656217 9.81783037671945 9.58361307554878 9.38560958633597 11.6779397490313 9.61101518226055 11.9901921598593 -9999 -9999 -9999 -9999 -9999 -9999 -9999 -9999 -9999 -9999 -9999 -9999 -9999 -9999 -9999 -9999
-9999 -9999 -9999 -9999 -9999 10.1204260271043 10.2789239059202 10.4725638483651 10.5292214611545 10.470412293449 10.3865016517229 10.429532750044 10.2086397786625 10.2832270157523 10.0422528651543 9.97914058761671 10.069505894091 10.2122257035226 10.2107913335785 10.4173406055197 10.3563798828982 10.2947019753046 10.547868270427 9.58755759289488 10.6116977329366 10.4402905246243 10.4969481374137 10.6454054266214 9.72023681271821 9.94112978409976 9.1780449738726 9.09987181192264 9.03747671935707 8.4013336491771 9.63202306116 8.27510909410194 10.3377330736257 10.270317686256 9.52487562634051 10.8449262858368 10.0146412437316 9.51500909510749 12.1169846144998 -9999 -9999 -9999 -9999 13.2249997043982 13.2249997043982 -9999 -9999 -9999 -9999 -9999 -9999 -9999 -9999 -9999 -9999 -9999 -9999 -9999
-9999 -9999 -9999 -9999 -9999 10.2925504203886 10.4510482992046 10.3793298020028 10.2932676053606 10.4008453511633 10.6052430681884 10.111102622468 10.2358928075992 10.0236060558818 9.99491865700111 10.231589697767 10.2215491081588 10.2502365070395 10.4861903628334 10.5858790739439 10.4940793975256 10.2158116283827 10.4424420795403 10.4324014899321 10.4646748136729 10.5270699062385 10.4159062355757 9.37383647123352 9.4448377834633 10.0408184952103 10.270317686256 10.3965422413312 8.93348489841446 8.84168522199616 8.55839715804905 9.01380961528048 8.58493300201371 10.5663299997067 10.7423016941175 -9999 -9999 -9999 -9999 -9999 -9999 -9999 -9999 -9999 -9999 -9999 -9999 -9999 -9999 -9999 -9999 -9999 -9999 -9999 -9999 -9999 -9999 -9999
-9999 -9999 -9999 -9999 -9999 10.6375163919292 10.3190862643532 10.3198034493253 10.2997222701088 10.3832743193489 10.4453108194284 10.309762859717 10.2272865879349 9.57177952351049 9.711630593054 9.97555466275662 10.3563798828982 10.1727805300616 10.2258522179909 10.5356761259027 10.4947965824977 10.4245124552399 10.5335245709866 10.2853785706684 10.4460280044004 10.6497085364535 9.97985777258873 9.67648852942511 9.2139042224735 9.19740896811709 9.65855890512466 9.45989866787568 9.36379588162526 9.38674580072984 9.38315987586975 9.54882960440591 10.2860957556404 10.4481795593165 10.8190136508823 9.29509117295756 11.6199997402728 -9999 -9999 -9999 -9999 -9999 -9999 -9999 -9999 -9999 -9999 -9999 -9999 -9999 -9999 -9999 -9999 -9999 -9999 -9999 -9999 -9999
-9999 -9999 -9999 -9999 -9999 10.5923337386921 10.6920224498026 10.6059602531604 10.5600604149513 10.5851618889719 10.4575029639527 10.348490848206 10.0981932929717 9.98774680728093 10.1433759462088 10.2064882237464 10.1699117901735 10.4510482992046 10.5966368485242 10.7271645134315 10.6941740047187 10.4539170390926 10.3355815187097 10.5363933108747 10.3226721892133 10.2925504203886 10.4022797211073 9.44340341351926 9.88518935628235 10.1448103161529 10.0501418998465 9.26052124565467 9.64851831551641 9.82064270880073 9.4649189626798 9.04106264421716 10.2828684232663 10.3145440928638 11.2263715239542 10.0473313100913 9.82795172504562 9.80499978084117 11.6010360795916 7.77318643730063 10.0422528651543 11.8499997351319 -9999 -9999 -9999 -9999 -9999 -9999 -9999 -9999 -9999 -9999 -9999 -9999 -9999 -9999 -9999 -9999
-9999 -9999 -9999 -9999 -9999 10.6518600913696 10.6418195017613 10.6203039526008 10.4047898685094 10.4496139292605 10.3298440389335 10.4108859407715 9.89953305572271 10.0745261888951 10.0809808536433 10.2115085185505 10.0852839634754 10.4001281661913 10.6332132820971 10.628192987293 10.6748100104742 10.4876247327775 10.2401959174313 10.5227667964064 10.4811700680293 10.1426587612368 10.5296995844692 10.0472731599584 9.9346751193516 10.3155003394932 10.3276924840175 10.4194921604358 9.78478346019983 10.0515762697905 10.0264747957699 9.31144137866795 10.0210959084798 9.45918148290366 10.1078752900939 9.97842340264469 9.89020965108648 9.62341684149578 9.60907314205542 10.0773949287832 10.1182744721882 12.142170463223 11.5049997428432 -9999 -9999 -9999 -9999 -9999 -9999 -9999 -9999 -9999 -9999 -9999 -9999 -9999 -9999 -9999
-9999 -9999 -9999 -9999 -9999 10.7666096868925 10.7780846464448 10.7608722071163 10.7529831724241 10.6152836577967 10.5593432299793 10.229438142851 10.388653206639 10.3535111430101 10.5292214611545 10.4151890506037 10.5944852936082 10.6088289930485 10.706366149243 10.6145664728247 10.4732810333371 10.5055543570779 10.6913052648306 10.6002227733843 10.18999296939 9.89522994589061 10.0501418998465 10.5148777617142 10.5198980565183 10.4001281661913 10.5772728542797 10.4517654841766 10.2832270157523 10.4194921604358 9.93395793437958 9.77043976075947 9.62126528657973 9.56173893390223 9.68294319417328 9.80414745444432 9.69011504389346 9.81777396891266 9.79410686483607 9.49575791647658 10.0791878912132 9.74892421159893 -9999 -9999 -9999 -9999 -9999 -9999 -9999 -9999 -9999 -9999 -9999 -9999 -9999 -9999 -9999 -9999
-9999 -9999 -9999 -9999 -9999 10.7996001956053 10.7142551839352 10.745811322704 10.7565690972842 10.7113864440471 10.2882473105565 10.5822931490839 10.6167180277407 10.6310617271811 10.6217383225448 10.5435651605949 10.4646748136729 10.6317789121531 10.6870021549985 10.5729697444476 10.5206152414903 10.6826990451664 10.8096407852136 10.7996001956053 10.5629291548394 10.6059602531604 10.6647694208659 10.6425366867334 10.228003772907 10.4589373338968 10.4410077095963 10.5758384843357 10.7752159065567 10.2617114665918 10.110385437496 9.84430981287733 9.63417461607605 9.7317117722705 9.80629900936037 9.33080537291244 9.91531112510711 9.50795006100088 9.77689442550763 9.59472944261506 9.49002043670043 9.74175236187875 9.61983091663569 -9999 -9999 8.96340175724721 -9999 -9999 -9999 -9999 10.9150669761002 -9999 -9999 -9999 -9999 -9999 -9999 -9999
-9999 -9999 -9999 -9999 -9999 10.7350535481237 10.9351481553167 10.8878139471635 10.6554460162297 10.6181523976848 10.6095461780205 10.6834162301384 10.6468397965655 10.5643635247834 10.506988727022 10.4754325882532 10.7608722071163 10.787408051081 10.8318735193461 10.8182470048778 10.8498031436466 10.866298398003 10.866298398003 10.7623065770604 10.8325907043181 10.9279763055965 10.9294106755406 10.8706015078351 10.469695108477 10.2165288133547 10.1985991890542 10.1706289751455 10.1957304491661 10.1864070445299 10.1297494317405 9.89953305572271 10.0106967263855 9.7675710208714 10.6129665986563 9.68222600920126 9.93610948929563 10.0401013102382 10.2623049989824 9.31578667585135 9.23099713097326 9.5445264945738 11.2048097047955 9.84397231406697 9.42920315107331 9.07132785003632 -9999 -9999 -9999 9.72135765917721 9.46035327692898 9.79499978106469 -9999 -9999 -9999 -9999 -9999 -9999
-9999 -9999 -9999 -9999 -9999 10.6418195017613 10.8218329297379 10.8074892302975 10.5801415941678 10.6346476520412 10.6167180277407 10.8146610800177 10.3319955938496 10.6497085364535 10.5600604149513 10.58803062886 10.5944852936082 10.666920975782 10.7250129585154 10.7637409470044 10.7400738429278 10.6884365249425 10.8160954499617 10.8333078892902 10.8368938141502 10.787408051081 10.7386394729838 10.7823877562769 10.1376384664327 9.67935726931319 10.3449049233459 10.6152836577967 10.34992521815 10.1842554896139 10.1326181716286 10.1146885473281 9.95260474365205 10.0860011484474 10.2186803682707 10.3018738250248 10.2222662931308 10.4252595229191 9.62628558138385 9.39678639033809 13.2077769343741 9.05679181462619 8.95999979972839 8.83411768401555 9.17963302631064 9.58459903784449 8.64862290420444 8.72513029878509 -9999 10.5916042941479 11.7736356321225 -9999 -9999 -9999 -9999 -9999 -9999 -9999
-9999 -9999 -9999 -9999 -9999 10.7264473284595 10.946623114869 10.7895596059971 10.8799249124713 10.7823877562769 10.8010345655493 9.96909999800846 10.7587206522003 10.6963255596347 10.5184636865743 10.5306558310986 10.5564744900912 10.5120090218261 10.6891537099145 10.6418195017613 10.8490859586746 10.7601550221443 10.7185582937673 10.788125236053 10.7379222880118 10.7508316175081 10.6411023167893 10.6798303052783 10.7149723689072 10.7716299816966 10.4180577904917 9.86367380712181 10.2846613856964 10.2760551660322 10.0415356801823 10.1390728363767 8.66669208882377 10.1526993508451 11.115307805472 9.4891659184359 9.71853188796437 9.25744531899691 9.11654636252206 9.66967527219094 10.3169347094372 10.0558793796226 8.17499981727451 11.5899997409433 9.33068172033105 9.64996264636284 9.3849246343964 9.09015298638291 10.5943197893838 10.5035564846559 11.9391722517231 -9999 -9999 -9999 -9999 -9999 -9999 -9999
-9999 -9999 -9999 -9999 -9999 10.9208044558764 10.945188744925 10.8383281840943 10.788125236053 10.8734702477232 10.8182470048778 10.8397625540383 10.6898708948866 10.7601550221443 10.9437543749809 10.8863795772195 10.8318735193461 10.7429425828159 10.9136326061562 10.7658925019205 10.8117923401296 10.6375163919292 10.5966368485242 10.7228614035994 10.7637409470044 10.6116977329366 10.3219550042413 10.2337412526831 10.0946073681116 10.4553514090367 9.94830163381994 9.76613665092736 10.1175572872162 10.0135654662736 10.0601824894547 10.2208319231868 9.25257051763155 9.94739299543378 7.8349998248741 9.37461212237173 9.29494612431154 9.56783500616439 9.69405956123956 9.90527053549886 9.9389782291837 10.926364653974 9.51568318591656 -9999 11.7708735577097 9.53807182982564 9.53807182982564 9.65138705540448 10.2523880619556 10.4445936344564 9.9982872530818 9.87999977916479 -9999 -9999 -9999 -9999 -9999 -9999
-9999 -9999 -9999 -9999 -9999 10.8906826870516 10.9222388258204 10.9645527391694 10.4990996923298 10.7974486406893 10.9258247506805 10.8619952881709 10.8189641898498 10.9817651784979 10.947340299841 10.946623114869 10.868449952919 10.8490859586746 10.8878139471635 10.8533890685067 10.6489913514815 10.6353648370132 10.5543229351752 10.589464998804 10.3642689175904 10.8835108373314 10.3212378192693 10.1405072063208 9.81060211919248 9.42762534413487 9.29207738442346 9.97125155292451 10.0006561367773 10.0809808536433 10.2423474723473 9.91997282742523 10.0002975442912 10.5170293166302 -9999 9.35059170941822 8.79829553118907 10.0652027842589 9.88590654125437 9.95905940840021 10.1564645719482 10.589910148097 -9999 9.24008147395216 9.61839654669166 10.7239371810574 9.75251013645902 9.93646808178164 10.7164067388512 10.1577196456492 12.4999997206032 -9999 -9999 -9999 -9999 -9999 -9999 -9999
