EcologicalScience/Bass/data/rs_data_bass/sst_103.asc
NCOLS 226 
NROWS 124 
XLLCORNER -9.41648524995501 
YLLCORNER 47.587301625531 
CELLSIZE 0.0833 
NODATA_value -9999 
[rows 81 to 107 of 124, columns 62 to 123 of 226]
9.83399978019297 -9999 -9999 -9999 -9999 -9999 -9999 -9999 -9999 -9999 -9999 -9999 -9999 -9999 -9999 -9999 -9999 -9999 -9999 -9999 -9999 -9999 -9999 -9999 -9999 -9999 -9999 -9999 -9999 -9999 -9999 -9999 -9999 -9999 -9999 -9999 -9999 -9999 -9999 -9999 -9999 -9999 -9999 -9999 -9999 -9999 -9999 -9999 -9999 -9999 -9999 -9999 -9999 -9999 -9999 -9999 -9999 -9999 -9999 -9999 -9999 -9999
8.8902939189335 -9999 -9999 -9999 -9999 -9999 -9999 -9999 -9999 -9999 -9999 -9999 -9999 -9999 -9999 -9999 -9999 -9999 -9999 -9999 -9999 -9999 -9999 -9999 -9999 -9999 -9999 -9999 -9999 -9999 -9999 -9999 -9999 -9999 -9999 -9999 -9999 -9999 -9999 -9999 -9999 -9999 -9999 -9999 -9999 -9999 -9999 -9999 -9999 -9999 -9999 -9999 -9999 -9999 -9999 -9999 -9999 -9999 -9999 -9999 -9999 -9999
-9999 -9999 -9999 -9999 -9999 -9999 -9999 -9999 -9999 -9999 -9999 -9999 -9999 -9999 -9999 -9999 -9999 -9999 -9999 -9999 -9999 -9999 -9999 -9999 -9999 -9999 -9999 -9999 -9999 -9999 -9999 -9999 -9999 -9999 -9999 -9999 -9999 -9999 -9999 -9999 -9999 -9999 -9999 -9999 -9999 -9999 -9999 -9999 -9999 -9999 -9999 -9999 -9999 -9999 -9999 -9999 -9999 -9999 -9999 -9999 15.6799996495247 -9999
-9999 -9999 -9999 -9999 -9999 -9999 -9999 -9999 -9999 -9999 -9999 -9999 -9999 -9999 -9999 -9999 -9999 -9999 -9999 -9999 -9999 -9999 -9999 -9999 -9999 -9999 -9999 -9999 -9999 -9999 -9999 -9999 -9999 11.3199997469783 11.209999749437 11.1449997508898 -9999 -9999 -9999 -9999 -9999 -9999 -9999 -9999 -9999 -9999 -9999 -9999 -9999 -9999 -9999 -9999 -9999 -9999 -9999 -9999 17.2699996139854 17.1641459578148 5.05388877592567 5.77999987080693 5.77499987091869 5.74999987147748
-9999 -9999 -9999 -9999 -9999 -9999 -9999 -9999 -9999 -9999 -9999 -9999 -9999 -9999 -9999 -9999 -9999 -9999 -9999 -9999 -9999 -9999 -9999 -9999 -9999 -9999 -9999 -9999 -9999 -9999 -9999 -9999 -9999 14.4443330104773 14.4443330104773 11.26399974823 11.0119997538626 9.82941154500141 10.7543179414404 14.2731031292471 11.1656997504272 -9999 16.0656892960763 7.2961536830721 7.36538445075544 6.73714270655598 6.78857127683503 10.5883330966656 10.7559997595847 10.6403330955034 7.26227256494828 12.7445830484697 16.3655859397204 -9999 8.09178553342021 5.83124986966141 4.1049999082461 3.6449999185279 3.14999992959201 6.37249985756353 6.73999984934926 6.76749984873459
-9999 -9999 -9999 -9999 -9999 -9999 -9999 -9999 -9999 -9999 -9999 -9999 12.9699997100979 11.1540906597775 8.02799982056022 7.97599982172251 7.99999982118607 7.9799998216331 10.8331576525969 -9999 -9999 -9999 -9999 -9999 -9999 11.894999734126 11.7845006853254 17.0822853324669 4.2749999044463 3.72499991673976 3.81999991461635 3.9349999120459 3.83499991428107 3.81499991472811 12.1515997283906 -9999 16.2437496369239 3.00499993283302 3.04499993193895 3.07499993126839 3.02999993227422 4.25499990489334 4.25499990489334 5.7149998722598 5.7999998703599 6.1337498629 5.92249986762181 5.75749987130985 5.6674998733215 5.89999986812472 6.16249986225739 5.73499987181276 5.73833320507159 5.67999987304211 6.19249986158684 6.24499986041337 6.40249985689297 4.06999990902841 4.32999990321696 6.26374985999428 6.9749998440966 7.09499984141439
-9999 -9999 -9999 -9999 -9999 -9999 -9999 -9999 16.3080292251311 10.4116664339478 8.00428553537599 8.09099981915206 8.05299982000142 8.03699982035905 7.30999983660877 7.32999983616173 8.06299981977791 7.93333315600951 7.76833315969755 7.66666649530331 8.8999998010695 7.01954529764639 7.01454529775815 6.97208317749513 6.84958318023321 10.8513155469279 14.059843435738 6.47277763309992 4.44999990053475 4.46499990019947 4.4199999012053 4.41499990131706 4.40499990154058 4.37499990221113 4.2499999050051 13.0248568517289 4.06499990914017 4.08499990869313 3.63999991863966 3.35499992500991 4.68499989528209 5.22499988321215 5.56499987561256 5.78999987058342 5.83999986946583 5.86499986890703 6.13874986278825 6.26999985985458 6.08833319724848 6.20666652793686 5.99833319926014 6.06999986432493 5.84666653598348 5.87999986857176 5.83624986954965 4.65999989584088 4.60999989695847 4.60499989707023 4.93499988969415 4.93499988969415 6.07499986421317 7.11749984091148
-9999 -9999 -9999 -9999 -9999 -9999 -9999 -9999 9.55970566867686 7.79999982565641 7.71999982744455 7.53999983146787 7.69749982794747 7.71499982755631 7.69249982805923 7.59499983023852 7.5324998316355 7.2774998373352 7.34249983588234 7.23499983828515 6.94166651150833 6.95181802643294 7.14749984024093 7.16749983979389 7.08999984152615 6.96749984426424 6.88749984605238 3.83499991428107 4.53499989863485 4.66499989572912 4.54499989841133 4.51999989897013 4.07499990891665 3.96499991137534 3.9599999114871 4.019999910146 4.20499990601093 4.23999990522861 4.28499990422279 4.18499990645796 4.4799998998642 4.76999989338219 4.96999988891184 5.22499988321215 5.76499987114221 5.93999986723065 5.24999988265336 5.24999988265336 5.23499988298863 5.18499988410622 6.76999984867871 6.80249984795228 6.7324998495169 6.97666651072601 6.90333317903181 6.8899998459965 7.18749983934686 4.93499988969415 5.03999988734722 4.65499989595264 5.55499987583607 6.14999986253679
-9999 -9999 -9999 -9999 -9999 -9999 -9999 -9999 10.7033330940952 7.78499982599169 7.72249982738867 7.60749982995912 7.78249982604757 7.72249982738867 7.82749982504174 7.91499982308596 7.74249982694164 7.60249983007088 7.47249983297661 7.3749998351559 7.33999983593822 7.29749983688816 7.22999983839691 7.12999984063208 7.02499984297901 6.93249984504655 6.91749984538183 6.96499984432012 7.35166650234411 6.49249985488132 6.47999985516071 6.50499985460192 3.70999991707504 3.71499991696328 3.76499991584569 3.92499991226941 3.89999991282821 3.95499991159886 4.29999990388751 4.23499990534037 4.07499990891665 4.45999990031123 4.87499989103526 5.0249998876825 5.14999988488853 5.58499987516552 6.20499986130744 4.46499990019947 4.4199999012053 4.30999990366399 7.34499983582646 7.24749983800575 7.36499983537942 7.03666650938491 7.33249983610585 7.13499984052032 7.20749983889982 7.22249983856454 5.02999988757074 6.24999986030161 6.24999986030161 6.21999986097217
10.0240984729604 9.40499978978187 -9999 -9999 -9999 -9999 -9999 -9999 16.5951609193918 7.25999983772635 7.65749982884154 7.79499982576817 7.88499982375652 7.70749982772395 7.9674998219125 7.90499982330948 7.68749982817098 7.56999983079731 7.38249983498827 7.79249982582405 7.25749983778223 7.14749984024093 6.90749984560534 6.89499984588474 7.24249983811751 7.22249983856454 7.22499983850867 7.32499983627349 6.93166651173184 6.97666651072602 7.22999983839691 3.86999991349876 3.76499991584569 3.75499991606921 3.729999916628 3.75499991606921 3.9599999114871 4.11499990802258 4.44499990064651 4.62499989662319 4.59499989729375 4.50999989919364 4.4799998998642 4.77999989315867 5.06999988667667 5.09499988611788 4.97499988880008 4.55499989818782 5.44499987829477 5.44499987829477 7.38749983487651 7.38249983498827 7.42499983403832 7.52249983185902 7.43999983370304 7.41249983431771 7.37249983521178 7.35499983560294 5.25999988242984 5.2799998819828 5.36499988008291 5.4849998774007
8.40833314539244 8.60333314103385 8.47833314382782 8.35333314662178 8.86124980193563 -9999 16.1899624452926 7.87249982403591 7.74249982694164 7.58749983040616 7.4349998338148 7.41749983420596 7.58249983051792 7.74499982688576 7.94499982241541 7.87749982392415 7.80249982560053 7.54249983141199 7.35749983554706 7.65499982889742 7.44499983359128 7.55249983118847 7.52749983174726 7.70499982777983 7.71999982744455 7.71499982755631 7.75749982660636 8.00999982096255 7.89249982358888 7.68499982822686 7.48249983275309 7.73166649385045 3.87999991327524 3.96999991126359 4.36499990243465 4.59999989718199 4.61499989684671 4.73999989405274 4.36999990232289 4.36499990243465 4.65999989584088 4.55499989818782 4.10999990813434 4.24499990511686 4.88999989069998 5.13999988511205 4.97499988880008 4.60499989707023 4.55999989807606 4.30999990366399 4.09499990846962 7.28249983722344 7.04999984242022 7.61333316316207 7.50166649899135 7.47499983292073 7.41749983420596 6.98166651061426 6.76666651541988 7.31749983644113 7.35749983554706 5.67999987304211
8.62499980721623 8.22666648278634 8.54699980895966 8.20333314997455 8.21666648300985 8.31749981408939 8.34916648004825 8.05499981995672 8.05999981984496 7.84249982470647 7.71249982761219 7.68749982817098 7.77749982615933 8.0649998197332 8.25749981543049 8.18499981705099 8.11999981850386 7.67999982833862 7.7624998264946 7.37999983504415 7.70249982783571 7.73499982710928 7.72249982738867 7.73999982699752 7.85749982437119 7.89249982358888 7.94499982241541 8.06333315310379 7.93333315600951 6.30499985907227 6.27999985963106 6.45499985571951 8.22333314952751 7.01999984309077 3.16499992925674 4.88999989069998 4.85999989137053 4.35999990254641 4.75499989371747 4.71999989449978 5.02999988757074 5.03499988745898 4.66499989572912 4.38499990198761 4.52499989885837 4.89499989058822 5.32499988097697 5.15499988477677 4.73999989405274 4.0449999095872 4.4799998998642 4.68499989528209 7.81999982520938 5.39499987941235 5.28499988187104 4.86999989114702 7.49249983252957 7.29499983694404 7.14249984035268 7.23249983834103 7.26249983767048 7.24499983806163
8.45124981109984 8.42124981177039 8.29124981467612 8.36166647976885 8.37833314606299 8.28499981481582 8.25166648222754 8.2099998164922 8.24249981576577 8.25749981543049 8.1249998183921 8.14499981794506 8.31999981403351 8.34749981341884 8.38999981246889 8.36999981291592 8.27249981509522 8.12999981828034 8.05749981990084 7.81999982520938 7.77499982621521 7.56249983096495 8.06999981962144 7.76749982638285 7.81749982526526 7.72749982727692 7.91249982314184 7.92249982291833 7.79999982565641 7.81999982520938 7.67833316170921 7.54999983124435 7.20999983884394 7.12999984063208 6.95499984454364 5.62999987415969 4.7349998941645 4.75999989360571 4.8799998909235 5.36499988008291 5.03999988734722 5.21499988343567 5.14499988500029 4.75499989371747 4.26499990466982 4.32999990321696 4.34499990288168 4.8199998922646 5.01499988790601 4.99499988835305 5.05499988701195 3.69499991741031 4.60499989707023 4.48499989975244 4.94999988935888 5.739999871701 7.03333317612608 6.96499984432012 7.24499983806163 6.79666651474933 6.89333317925533 6.83333318059643
8.75249980436638 9.10416646317268 8.64999980665743 8.64999980665743 8.73666647138695 8.51499980967492 8.55249980883673 8.68999980576336 8.65499980654567 8.62999980710447 8.55749980872497 8.54249980906025 8.56999980844557 8.53249980928376 8.51999980956316 8.5249998094514 8.31999981403351 8.21249981643632 8.31624981411733 8.01749982079491 7.97749982168898 7.64499982912093 8.09999981895089 8.0649998197332 8.05749981990084 7.99999982118607 7.95749982213601 7.66249982872978 7.37249983521178 7.96499982196838 8.04999982006848 8.11499981861562 8.10499981883913 7.77166649295638 7.73666649373869 4.80999989248812 4.7949998928234 5.00499988812953 5.00499988812953 4.70499989483505 4.8799998909235 5.63499987404794 5.11499988567084 4.97499988880008 4.72499989438802 4.4799998998642 4.58999989740551 4.8199998922646 5.03999988734722 5.04499988723546 4.95999988913536 4.93499988969415 5.0499998871237 3.65499991830438 4.45499990042299 5.51499987673014 6.64249985152856 5.01499988790601 4.8199998922646 6.99749984359369 6.97749984404072 6.48333318841954
8.91499980073422 8.81999980285764 8.8149998029694 8.82999980263412 8.85999980196357 8.9249998005107 9.00333313209315 8.84249980235472 8.83749980246648 8.85249980213121 8.83499980252236 8.75249980436638 8.69749980559573 8.6574998064898 8.63749980693683 8.61999980732799 8.54749980894849 8.50249980995432 7.89249982358888 7.66874982859008 7.62124982965179 7.78999982587993 7.77499982621521 7.37749983510002 8.05999981984496 8.20249981665984 8.13249981822446 8.07499981950969 7.84499982465059 7.35499983560294 8.08249981934205 8.06999981962144 3.53999992087483 3.53999992087483 7.66833316193273 7.9674998219125 7.75499982666224 4.67499989550561 4.45999990031123 4.35999990254641 4.50999989919364 4.86499989125878 5.2549998825416 5.17499988432974 5.0499998871237 4.83499989192933 4.71999989449978 4.66999989561737 4.78499989304692 4.80999989248812 4.76499989349395 4.79999989271164 4.73999989405274 4.68499989528209 4.05499990936369 3.88499991316348 3.66999991796911 6.85499984677881 6.59749985253438 6.40499985683709 6.38749985722825 6.45666652234892
8.93999980017543 9.08499979693443 9.04999979771674 8.98999979905784 9.03499979805201 9.23833312684049 9.22999979369342 9.2033331276228 9.12166646278153 8.87749980157241 8.89749980112538 8.81249980302528 8.77249980391935 8.70999980531633 8.2099998164922 8.2099998164922 8.73999980464578 8.63749980693683 8.65499980654567 8.27749981498346 8.27999981492758 8.37249981286004 8.21749981632456 8.1974998167716 8.17749981721863 8.21249981643632 8.24249981576577 8.42499981168658 8.42499981168658 7.86999982409179 7.80166649228583 6.24999986030161 6.24999986030161 7.67499982845038 7.61249982984737 7.62749982951209 7.45166650010894 4.97999988868833 5.40499987918884 5.54999987594783 5.51499987673014 5.09999988600612 4.84999989159405 4.8799998909235 4.90499989036471 5.22999988310039 5.22999988310039 5.22499988321215 5.09499988611788 4.78999989293516 4.58999989740551 4.71499989461154 4.55499989818782 4.21499990578741 4.38999990187585 4.44499990064651 4.04999990947545 4.29499990399927 7.33249983610585 6.60999985225499 6.72999984957278 7.52666649843256
9.24624979333021 9.24374979338609 9.23499979358166 8.98833313242843 9.26499979291111 9.29666645886997 9.32333312494059 9.18833312795808 9.28166645920525 8.86999980174005 9.15833312862863 8.90249980101362 8.85249980213121 8.69249980570748 8.71999980509281 8.61999980732799 8.54499980900437 8.62749980716035 8.48499981034547 8.16999981738627 8.26249981531873 8.27249981509522 8.26249981531873 8.13249981822446 8.03499982040375 8.02249982068315 7.82499982509762 7.72499982733279 7.69749982794747 7.38999983482063 5.93499986734241 5.93499986734241 6.04499986488372 6.09999986365438 7.4833331660678 7.51249983208254 7.48499983269721 7.39499983470887 7.30749983666465 5.74499987158924 5.91999986767769 5.8249998698011 5.67499987315387 5.31499988120049 5.16499988455325 5.25999988242984 5.54499987605959 5.48999987728894 5.00499988812953 4.52499989885837 4.09999990835786 3.86499991361052 4.17499990668148 4.12499990779907 4.27999990433455 4.52499989885837 4.63999989628792 15.3049996579066 -9999 -9999 -9999 -9999
9.38249979028478 9.30499979201704 9.06666646401087 9.04833313108732 9.16166646188746 9.36499979067594 8.85499980207533 8.87999980151653 8.9249998005107 8.91999980062246 8.95999979972839 8.96999979950488 8.93499980028719 8.92999980039895 8.91999980062246 8.80499980319291 8.72999980486929 8.5849998081103 8.51499980967492 8.09749981900677 8.10249981889501 8.35999981313944 8.35999981313944 8.01999982073903 7.92499982286245 7.79666649239759 7.41499983426183 7.38999983482063 7.4224998340942 7.30249983677641 7.08499984163791 7.68666649485628 7.53333316495021 7.38166650167356 7.20166650569687 7.31499983649701 6.7816665150846 6.76999984867871 6.7566665156434 7.48249983275309 6.17499986197799 5.55499987583607 5.41499987896532 6.62499985191971 6.03499986510724 6.1149998633191 5.48999987728894 5.43999987840652 5.49999987706542 4.80999989248812 3.70999991707504 3.75999991595745 4.14999990724027 4.31499990355223 4.30999990366399 13.3475997016579 -9999 -9999 -9999 -9999 -9999 -9999
9.66499978397042 9.44999978877604 8.84166646904002 9.10166646322856 9.15166646211098 9.38999979011714 8.85999980196357 8.94999979995191 9.13999979570508 9.09499979671091 9.05499979760498 9.0449997978285 8.90499980095774 8.92999980039895 8.80499980319291 8.73499980475754 8.34999981336296 8.33999981358647 8.33999981358647 7.95249982224777 7.97499982174486 7.93499982263893 8.25499981548637 7.71749982750043 8.15499981772155 7.36499983537942 7.6649998286739 7.90999982319772 8.80499980319291 11.2869997477159 15.2757543755414 15.4408820078106 15.4408820078106 -9999 -9999 15.8459087367254 5.82999986968935 5.86499986890703 5.89999986812472 5.69999987259507 5.739999871701 5.94999986700714 6.44499985594302 6.60999985225499 6.56499985326082 6.49999985471368 6.48499985504895 5.37499987985939 5.41499987896532 5.43499987851828 5.14499988500029 4.3349999031052 3.54999992065132 -9999 -9999 -9999 -9999 -9999 -9999 -9999 -9999 -9999
9.85499977972358 9.84124978003092 9.32999979145825 9.36833312393477 9.36499979067594 9.43666645574073 9.53666645350556 9.39166645674656 9.03499979805201 9.07999979704618 9.11499979626387 9.14999979548156 9.07499979715794 8.85999980196357 8.72999980486929 8.57999980822206 8.50499980989844 8.32999981380999 8.34999981336296 8.3799998126924 8.39499981235713 8.30499981436878 8.27833314829816 8.16666648412744 8.22666648278634 7.59749983018264 7.60999982990324 7.61249982984737 8.40785695492689 13.3549997014925 -9999 -9999 -9999 -9999 16.3799996338785 7.61499982979149 7.63999982923269 5.93499986734241 5.86499986890703 5.25999988242984 5.21999988332391 5.52499987650663 5.61499987449497 7.28666650379698 6.45499985571951 6.38499985728413 6.26999985985458 6.47999985516071 6.6483331847315 6.61333318551381 5.31999988108873 4.97499988880008 11.1019045137579 -9999 -9999 -9999 -9999 -9999 -9999 -9999 -9999 -9999
10.1137497739401 9.3599997907877 9.3599997907877 9.67124978383072 9.52499978709966 8.99999979883432 8.99999979883432 9.24999979324639 9.29499979224056 9.32999979145825 9.25499979313463 9.19499979447573 9.05999979749322 8.99499979894608 8.47499981056899 8.38499981258065 8.41499981191009 8.49999981001019 6.22944430520551 8.96999979950488 9.8615382411159 8.27666648166875 8.22499981615692 8.22999981604517 8.2583331487452 7.6524998289533 7.58999983035028 7.70499982777983 7.48249983275309 16.5888885180983 -9999 -9999 -9999 -9999 -9999 16.4703222125048 6.76888873759243 6.81999984756112 7.68249982828274 5.35499988030642 5.38499987963587 5.40999987907708 5.30499988142401 5.19999988377094 5.16999988444149 6.97999984398484 6.99333317702015 7.06333317545553 6.90499984566122 6.74666651586692 5.96499986667186 5.96499986667186 9.06499979738146 15.4439996547997 13.6681996944919 -9999 -9999 -9999 -9999 -9999 -9999 -9999
9.88624977902509 9.41499978955835 9.3849997902289 9.34499979112297 9.34999979101121 9.29499979224056 9.13499979581684 9.12499979604036 9.21999979391694 9.24499979335815 9.18499979469925 9.09999979659915 8.90499980095774 7.82999982498586 8.23499981593341 8.34499981347471 8.39999981224537 8.40999981202185 8.25999981537461 8.32499981392175 8.26499981526285 8.3799998126924 8.22333314952751 8.19499981682748 8.27999981492758 8.29999981448054 7.38999983482063 7.59999983012676 7.26666650424401 8.78999980352819 20.2914281178798 24.7149994475767 -9999 -9999 -9999 -9999 14.2249996820465 8.75333313768109 8.75333313768109 9.47961517272947 8.68999980576336 6.81299984771758 7.34833316908528 6.89999984577298 6.73666651609043 5.36499988008291 5.32999988086522 5.29999988153577 7.78749982593581 5.63999987393618 5.47999987751245 5.6549998736009 7.26999983750284 9.86999977938831 -9999 -9999 -9999 -9999 -9999 -9999 -9999 -9999
8.9849997991696 9.08499979693443 9.32999979145825 9.36499979067594 9.32499979157001 9.28499979246408 9.07999979704618 9.11999979615211 9.16499979514629 9.1549997953698 8.93166646702836 8.14666648457448 7.83249982492998 7.8224998251535 7.73999982699752 7.82749982504174 7.41499983426183 8.18499981705099 8.10499981883913 8.1499998178333 7.94499982241541 7.894999823533 7.62499982956797 8.20166648334513 8.12749981833622 7.3749998351559 7.39999983459711 7.27499983739108 7.12166650748501 7.08666650826732 9.1237497960683 -9999 -9999 -9999 -9999 -9999 -9999 -9999 -9999 -9999 -9999 -9999 -9999 -9999 -9999 -9999 5.63499987404794 5.61999987438321 5.72999987192452 5.81499987002462 9.23399979360402 -9999 -9999 -9999 -9999 -9999 -9999 -9999 -9999 -9999 -9999 -9999
9.14749979553744 10.0258331092385 10.0383331089591 9.05999979749322 9.05999979749322 8.67999980598688 8.64499980676919 8.83499980252236 8.85749980201945 8.88249980146065 9.57916645255561 8.02499982062727 7.97749982168898 8.48666647697488 8.00749982101843 7.80249982560053 8.4033331455042 8.25999981537461 8.25999981537461 8.06999981962144 8.09499981906265 8.13499981816858 7.97499982174486 7.84499982465059 15.4139996554703 10.6029029888131 8.16249981755391 7.29999983683228 7.28749983711168 7.03166650949667 6.9633331776907 6.59624985256232 19.0992625252566 -9999 -9999 -9999 -9999 -9999 -9999 -9999 -9999 -9999 -9999 -9999 -9999 -9999 -9999 -9999 -9999 -9999 -9999 -9999 -9999 -9999 -9999 -9999 -9999 -9999 -9999 -9999 -9999 -9999
9.21749979397282 9.14749979553744 9.14999979548156 9.01749979844317 8.95749979978427 8.83249980257824 8.78999980352819 8.89249980123714 9.11999979615211 8.27499981503934 9.40166645652304 8.70083313885455 8.6699998062104 8.14333315131565 8.49916647669549 8.26499981526285 8.34199981354177 8.34599981345236 8.41249981196597 8.22999981604517 8.22999981604517 7.82999982498586 7.82999982498586 8.5249998094514 8.53285695213292 7.59499983023852 7.49749983241782 7.42999983392656 7.55499983113259 6.95166651128481 6.89499984588474 6.84999984689057 -9999 -9999 -9999 -9999 -9999 -9999 -9999 -9999 -9999 -9999 -9999 -9999 -9999 -9999 -9999 -9999 -9999 -9999 -9999 -9999 -9999 -9999 -9999 -9999 -9999 -9999 -9999 -9999 -9999 -9999
9.66999978385866 9.17749979486689 9.13499979581684 9.13499979581684 9.0574997975491 9.12749979598448 9.06749979732558 8.96999979950488 8.72999980486929 7.93249982269481 8.7191664717781 8.25999981537461 8.00833315433314 8.18499981705099 7.52833316506197 7.51666649865607 7.84999982453883 8.02666648725669 8.01499982085079 8.00749982101843 7.80249982560053 7.86499982420355 7.86499982420355 8.30749981431291 7.44499983359128 7.36499983537942 7.32749983621761 7.4349998338148 7.22999983839691 7.33749983599409 6.97166651083777 8.09374981909059 22.9608849034509 -9999 -9999 -9999 -9999 -9999 -9999 -9999 -9999 -9999 -9999 -9999 -9999 -9999 -9999 -9999 -9999 -9999 -9999 -9999 -9999 -9999 -9999 -9999 -9999 -9999 -9999 -9999 -9999 -9999
9.25499979313463 9.23499979358166 9.26999979279935 9.13249979587272 9.03999979794025 9.04999979771674 8.93749980023131 8.54999980889261 8.50749980984256 8.17499981727451 7.9674998219125 7.86249982425943 7.93249982269481 7.91166648982714 7.95499982219189 8.3316664804394 8.39083314578359 8.35416647993649 7.73249982716516 7.88166649049769 7.89999982342124 7.81499982532114 8.3549998132512 8.48499981034547 7.44249983364716 8.13583315148329 8.05666648658613 7.86333315757414 7.7866664926211 7.82999982498586 7.90499982330948 8.05999981984496 8.90441156567677 -9999 -9999 -9999 -9999 -9999 -9999 -9999 -9999 -9999 -9999 -9999 -9999 -9999 -9999 -9999 -9999 -9999 -9999 -9999 -9999 -9999 -9999 -9999 -9999 -9999 -9999 -9999 -9999 -9999
