EcologicalScience/Bass/data/rs_data_bass/sst_343.asc
NCOLS 226 
NROWS 124 
XLLCORNER -9.41648524995501 
YLLCORNER 47.587301625531 
CELLSIZE 0.0833 
NODATA_value -9999 
[rows 54 to 80 of 124, columns 124 to 185 of 226]
13.337000626605 13.2150791813619 12.7897884929553 11.8388012200594 12.9016693485901 12.9430270153098 12.5653095967136 11.7634967979975 13.5810825787485 13.6683400836773 13.576540407259 13.8612628411502 14.2047944427468 13.8447675867938 13.8297067023814 13.5454623918049 13.4431440024637 13.7615741300397 14.3367564775981 14.3998687551357 13.4797204360366 13.6920071877539 13.1677449732088 14.2844019746408 14.5863368478604 13.8842127602547 13.8985564596951 13.5822778870352 13.7041993322782 13.6912900027819 13.7120883669704 13.7328867311589 13.5041047250852 12.7826166432351 13.7809381242841 13.7163914768025 13.853373806458 14.2162694022991 14.4070406048559 14.3840906857513 14.3073518937454 14.3812219458632 14.291573824361 14.4378795586526 14.5425885645673 14.3073518937454 14.5684072235599 14.7383800619282 14.6767021543346 15.1199224670418 15.329699071357 15.3543394978956 15.1983005389837 16.7278511743061 17.0925397325773 16.6737037089188 15.5100710918196 17.2298806547187 14.4018548058274 16.4533127670176 16.5007425998338 17.4378294817995
13.3126163375564 13.1863917824812 12.9676503660157 12.9504379266873 12.8751335046254 12.8034150074236 12.6441999436356 11.8316293703392 13.4431440024637 13.0436719730496 13.6559088774957 13.5358999255113 13.7701803497039 13.7233242648654 13.2100588865578 13.6898556328379 13.6920071877539 13.6798150432296 14.1230353559367 14.4299905239604 14.5583666339517 14.5519119692035 14.6358226109296 13.6109652859159 14.4665669575334 14.3367564775981 14.4866481367499 13.8777580955066 13.616702765692 13.575823222287 13.61598558072 13.6367839449085 13.7422101357952 13.7565538352355 13.378597354982 13.933698523324 14.0627918182872 14.4565263679251 14.4493545182049 14.4629810326733 14.4163640094921 14.4981230963022 14.4206671193242 14.6566209751181 14.8732108366676 14.5626697437838 14.9513839986175 14.9549699234776 15.6252988106571 15.7629983252846 15.5028992420994 15.5842280179262 16.0094708940014 15.9999084277079 17.0305032324977 16.3142147416947 15.908024376587 15.923390308001 -9999 -9999 -9999 -9999
13.4381237076595 13.1906948923133 13.1089358055033 13.2100588865578 12.9690847359598 12.5552690071054 12.4699239954352 12.950916050002 12.1235236539505 12.3451338103041 13.0386516782455 12.7716198069975 12.697988816537 13.6635588505305 13.0099642793648 13.6647541588172 13.5894497367553 14.3955656453036 14.6078523970209 14.4801934720017 13.255958724767 14.4701528823934 14.6422772756778 14.3475142521784 14.3855250556953 14.293725379277 14.254280205816 14.4428998534568 13.4302346729673 13.5908841066994 13.5851466269232 13.6482589044608 13.7450788756832 13.8081911532208 13.9487594077364 14.0376903442666 14.0821558125317 14.3080690787174 14.3575548417866 14.410626529716 14.5913571426645 14.7233191775158 14.612872691825 14.7018036283553 14.8158360389061 14.9327371893451 15.2999358950183 13.5438758917153 17.0980620568618 16.9161122294609 17.0348063423298 17.0448469319381 17.1552934176289 17.4672688804567 18.0865282210871 -9999 -9999 -9999 -9999 -9999 -9999 -9999
13.4488814822398 12.7352824350819 13.295403898228 8.6401562448591 13.0133111425675 13.1196935800835 13.0440305655356 13.0912452428602 12.5502487123013 13.5801263321191 13.415173788555 13.4492400747258 12.7453230246902 12.4885708047077 13.1451536465902 13.2208166611381 13.9322641533799 14.6551866051741 14.6329538710415 14.8230078886263 14.332453367766 14.4070406048559 14.4077577898279 14.3919797204435 13.9638202921487 12.1651203823276 13.1577043836005 13.3413037364371 13.4359721527435 13.4001129041426 13.5241859043017 13.6367839449085 13.694875927642 13.7034821473062 13.8433332168497 13.894253349863 14.053468413651 14.1624805293977 14.292291009333 14.3869594256394 14.4701528823934 14.7864314550534 14.1997741479427 15.2411267273128 15.2569047966972 15.1651051202789 15.0797601086088 15.9956053178757 17.4547181434464 17.2739875304978 16.8737983161118 17.1897182962857 17.3302865508012 16.8157063333783 14.6349996728823 -9999 -9999 -9999 -9999 -9999 -9999 -9999
14.134510315489 13.3800317249261 13.2150791813619 13.2442447035573 13.5256202742457 13.5423545902595 12.1299783186987 11.9600054803304 10.9124372978695 13.5026703551412 13.4646595516242 13.1049912881572 13.8158411262557 13.2050385917537 13.5057781566866 13.5724763590842 13.416608158499 14.5662556686439 15.0675679640844 15.1235083919019 14.6573381600901 13.9824671014212 14.3008972289972 14.3747672811151 13.177785562817 12.498611394316 12.661412382964 12.4799645850435 13.3240912971087 13.3520615110174 10.5428479756229 13.0838343314826 13.5399639736861 13.7056337022223 13.9265266736038 13.8268379624933 13.9968108008616 14.0706808529794 14.1553086796775 14.2169865872711 14.331736182794 14.7218848075718 14.8022095244378 15.3608966176398 15.4311807448976 15.4648884385824 17.0348063423298 17.0376750822179 16.6539811221883 16.682668521069 16.6729865239467 17.7405163547955 17.6809900021181 16.5402245520113 15.2549996590242 -9999 -9999 -9999 -9999 -9999 -9999 -9999
14.7799767903052 15.0122012842447 14.9830835743807 14.0066123288125 14.1034920654492 13.9084177530603 13.2025284443516 13.776635014452 13.5072125266306 13.3943754243664 13.5177312395535 13.1092943979893 13.3836176497862 13.7295398679562 13.9284391668625 13.9573656274006 13.1447950541042 13.1455122390762 13.1806543027051 14.5849024779163 14.5390026397072 14.5418713795952 12.9325083023869 12.7108981460333 12.0353099023923 12.7022919263691 12.7718588686548 12.2153233303688 12.259788798634 11.781426422298 11.5820490000769 11.6121707689017 12.1048768446781 13.6030762512237 11.8961760178208 13.8834955752827 13.2150791813619 14.0972166969441 14.133793130517 13.3599505457096 14.412778084632 14.251411465928 14.7627643509768 14.6688131196424 15.6147800977342 17.4349158694968 16.2791324434802 16.8691366137937 17.043412561994 17.0552461140323 18.116321280133 18.0747245517559 17.8925595688634 17.8502456555143 13.5449996972457 -9999 23.7447889405303 -9999 -9999 -9999 -9999 -9999
-9999 -9999 -9999 -9999 -9999 12.6599997170269 13.5239468426444 13.5256202742457 13.4469689889811 13.5632724852767 13.7149571068585 13.5410397511441 13.3491927711293 13.3258842595387 13.3316217393149 13.8335316888988 14.3224127781577 13.3850520197302 12.897366238758 13.5191656094976 14.3604235816747 12.6449171286076 12.8120212270878 12.538773752749 13.0795312216505 12.8815881693736 12.621250024531 13.6030762512237 13.6826837831177 12.3551743999124 13.2860804935917 13.3721426902339 13.6253089853562 13.8232520376332 12.7646870189346 13.9150517140515 13.5779747772031 13.2337259906344 13.7995849335566 13.8282723324373 14.7426831717603 14.0247810147703 14.212683477439 15.3207342592068 15.3537247679196 11.2993098230555 -9999 13.9196567965034 8.3281271151286 15.1849996605888 17.6738181523979 17.840205065906 17.9707327308133 16.1557766282931 5.37499987985939 5.37499987985939 9.92831201013178 -9999 -9999 -9999 -9999 -9999
-9999 -9999 -9999 -9999 -9999 -9999 -9999 12.6993084368855 14.3604235816747 14.4375209661666 13.6859111154918 13.5539490806405 13.6643955663312 13.7379070259631 13.7816553092562 13.9129001591355 13.973143696785 13.3248084820807 13.2021698518656 13.7077852571383 12.302102711983 13.3326975167729 12.7324136951938 12.97984251054 12.9561754064634 13.6998962224461 12.9525894816034 13.2846461236477 13.2365947305225 10.1935788942501 8.73841058602557 10.5801415941678 10.507705911994 13.4352549677715 13.7959990086965 13.9136173441075 14.1072572865523 13.6181371356361 13.9523453325965 14.7498550214805 14.8689077268355 14.6853083739989 14.4454100008588 15.1048615826294 15.091593660647 17.1799996159971 -9999 -9999 -9999 -9999 -9999 -9999 -9999 -9999 -9999 -9999 -9999 -9999 -9999 -9999 -9999 -9999
-9999 -9999 -9999 -9999 -9999 -9999 -9999 -9999 9.11999979615211 13.4940100083092 13.6353495749645 13.5883739592973 13.6672643062193 13.5539490806405 13.9222235637717 13.8017364884727 12.7223731055856 13.5901669217274 13.5098422048613 13.3448896612972 13.8684346908703 13.9903561361134 13.9315469684079 13.2925351583399 12.9755394007079 13.0608844123781 13.2473525051028 13.3183538173325 13.2997070080601 10.8734702477232 13.4101534937508 8.70470289234072 12.7503433194943 13.5847880344372 13.4603564417921 13.8354441821575 13.6414456472266 13.6493346819188 14.0161747951061 15.0847804034129 14.9266411170829 15.0166478310712 14.9772026576102 15.2246314729564 8.51141546454312 -9999 -9999 -9999 -9999 -9999 -9999 -9999 -9999 -9999 -9999 -9999 -9999 -9999 -9999 -9999 -9999 -9999
-9999 -9999 -9999 -9999 -9999 -9999 -9999 -9999 -9999 14.3999996781349 13.9298735368066 13.6751533409115 13.6238746154122 13.5923184766434 13.5048219100572 13.4288003030233 13.4072847538628 13.536378048826 13.7716147196479 13.8418988469057 13.933698523324 13.8375957370736 13.8426160318777 12.9475691867992 13.2057557767257 13.0809655915946 13.1534012737684 13.0343485684134 13.3004241930321 13.3484755861573 13.5557420430705 13.696310297586 13.7694631647319 13.8089083381929 13.7981505636126 13.9853358413093 13.8573183238041 13.5098422048613 14.891140460968 15.0682851490565 15.1586504555307 15.1665394902229 15.1091646924615 15.725943768397 16.0565198697909 -9999 -9999 -9999 -9999 -9999 -9999 -9999 -9999 -9999 -9999 -9999 -9999 -9999 -9999 -9999 -9999 -9999
-9999 -9999 -9999 -9999 -9999 -9999 -9999 -9999 -9999 15.2499996591359 14.014740425162 13.8185903353151 13.8358027746435 12.1852015615441 12.9898831001483 13.2624133895151 13.295403898228 13.3176366323605 13.7472304305993 13.3592333607376 13.7795037543401 13.8526566214859 12.8815881693736 13.2473525051028 13.3628192855977 13.3240912971087 13.1103701754473 13.2674336843193 13.4911953955889 13.4883266557008 13.5327921239659 13.7163914768025 13.8268379624933 13.9494765927084 14.0211950899102 14.1022369917482 14.1782585987821 14.1911679282784 15.2647938313894 15.2590563516133 15.1665394902229 15.2970671551302 15.7402874678373 15.8277840344235 10.1610571230163 2.6066367323129 10.8084297303506 -9999 -9999 -9999 -9999 -9999 -9999 -9999 -9999 -9999 -9999 -9999 -9999 -9999 -9999 -9999
-9999 -9999 -9999 -9999 -9999 -9999 -9999 -9999 -9999 8.09651299521594 13.9993209482636 13.9276024510618 11.2098299995996 11.5770287052728 14.0606402633712 13.3766848617233 13.375011430122 12.8299508513883 13.6582994940691 14.4048890499398 13.7622913150117 13.4474471122958 13.5944700315595 14.4285561540164 13.5100812665187 12.977690955624 13.058732857462 13.1734824529849 13.5173726470675 13.4797204360366 11.2148502944037 13.616702765692 12.1285439487547 14.0419934540987 14.0563371535391 14.252845835872 14.4658497725613 14.6566209751181 14.9965666518547 14.4633396251593 15.5323038259521 15.090517883189 14.9668034755159 15.421618278604 16.6499996278435 -9999 -9999 -9999 -9999 -9999 -9999 -9999 -9999 -9999 -9999 -9999 -9999 -9999 -9999 -9999 -9999 -9999
-9999 -9999 -9999 -9999 -9999 -9999 -9999 -9999 -9999 14.7211676225998 13.9849772488233 13.8777580955066 13.9093142342754 13.4291588955093 13.6726431935094 13.3248084820807 12.9958596415818 13.2817773837596 13.9401531880721 13.976012436673 14.09219640214 14.8050782643259 14.612155506853 13.4517502221279 13.5449842684902 13.6202886905521 13.494781320449 13.3829004648142 13.0802484066226 13.4420682250056 13.4485228897538 13.1949980021454 13.8257621850353 14.0649433732033 14.1933194831945 14.3123721885495 14.5447401194833 14.2851191596128 14.690328668803 14.3224127781577 14.6541108277161 15.0137790911831 15.2999358950183 10.1206466994033 -9999 -9999 -9999 -9999 -9999 -9999 -9999 -9999 -9999 -9999 -9999 -9999 -9999 -9999 -9999 -9999 -9999 -9999
-9999 -9999 -9999 -9999 -9999 -9999 -9999 -9999 15.4929049224893 14.0272911621723 13.8856471301988 13.6403698697686 13.8515808440279 13.7626499074977 13.5736716673709 13.3965269792825 13.3283944069408 13.6396526847966 13.9042939394712 13.8734549856745 13.0400860481896 14.0663777431473 13.4144566035829 13.5779747772031 13.6367839449085 13.7149571068585 13.3083132277243 13.0300454585813 12.1450392031111 9.96336251823232 13.3477584011853 13.3477584011853 13.8189489278011 14.1409649802372 14.1359446854331 14.4027374950238 14.8412961054128 14.7104098480195 15.088366328273 15.0030213166028 15.5875270687975 15.3573106927797 15.4311807448976 -9999 -9999 -9999 -9999 -9999 -9999 -9999 -9999 -9999 -9999 -9999 -9999 -9999 -9999 -9999 -9999 -9999 -9999 -9999
-9999 -9999 -9999 -9999 -9999 -9999 -9999 -9999 14.8646046170034 14.0993682518601 13.8734549856745 13.813928632997 13.9258094886318 13.7881099740043 13.3147678924724 13.3649708405137 13.5055390950292 13.4323862278834 14.1122775813565 14.1000854368322 14.2198553271592 14.4149296395481 13.5292061991058 13.6037934361957 13.6819665981457 13.4833063608967 13.8038880433887 13.375011430122 13.5722372974269 13.415173788555 13.4503158521838 13.3176366323605 14.4371623736806 14.0713980379514 14.0800042576157 14.451147480635 15.3099764846265 15.5502334502526 15.1080889150035 14.5296792350709 15.7388530978933 15.3999831986148 16.2099996376783 -9999 -9999 -9999 -9999 -9999 -9999 -9999 -9999 -9999 -9999 -9999 -9999 -9999 -9999 -9999 -9999 -9999 -9999 -9999
-9999 -9999 -9999 -9999 -9999 -9999 -9999 5.68205633523086 14.7390972469002 13.6747947484255 13.9670476245228 14.0007553182077 12.4096804577857 13.8921017949469 13.1799371177331 13.3319803318009 13.3276772219688 13.3441724763252 13.8311410723254 12.860072620213 14.252845835872 14.3525345469825 14.3181096683256 14.8603015071712 13.9071626793593 13.8576769162901 13.3900723145343 13.896404904779 14.0774941102136 14.0670949281193 11.9349040063098 14.5139011656865 14.3543275094125 13.9996795407496 14.5450987119693 14.2033600728028 15.0722296664026 15.3451185482554 15.3203756667208 14.3604235816747 15.1518371982966 11.0322296566539 -9999 -9999 -9999 -9999 -9999 -9999 -9999 -9999 -9999 -9999 -9999 -9999 -9999 -9999 -9999 -9999 -9999 -9999 -9999 -9999
-9999 -9999 -9999 3.8400372271426 -9999 7.43715350854016 15.0532242646441 15.0797601086088 14.0649433732033 14.3220541856717 11.505310208071 13.5650654477067 13.9781639915891 13.2703024242073 12.9525894816034 12.7367168050259 13.5442670835182 13.9100314192474 13.9451734828763 13.4825891759247 14.2664723503403 13.894970534835 14.5203558304347 14.6939145936631 14.2800988648087 14.2593005006202 14.1653492692858 14.212683477439 14.4500717031769 14.213759254897 14.49381998647 14.3661610614508 14.3640095065348 14.5164113130886 14.7957548596896 14.7129199954215 14.8273109984584 15.449110369198 15.765030349372 15.3163249739459 13.2949997028336 -9999 -9999 -9999 -9999 -9999 -9999 -9999 -9999 -9999 -9999 -9999 -9999 -9999 -9999 -9999 -9999 -9999 -9999 -9999 -9999 -9999
-9999 -9999 3.88019958557561 -9999 15.367709874874 15.1080889150035 14.7939618972596 14.5052949460223 14.4593951078132 14.3762016510591 14.3819391308352 11.4773399941623 14.2281029543374 13.7830896792002 13.695593112614 13.735038286075 12.8500320306048 13.7916958988644 13.7128055519424 14.0670949281193 14.2865535295568 13.2803430138156 13.2365947305225 13.8447675867938 13.4897610256448 14.4005859401077 14.4830622118898 14.569841593504 14.491668431554 14.6200445415452 14.6788537092507 14.771011978155 15.3049561898224 14.8420132903848 15.3436841783114 15.7524796123616 15.8908963119611 16.7238279415363 16.5140275976488 -9999 -9999 -9999 -9999 -9999 -9999 -9999 -9999 -9999 -9999 -9999 -9999 -9999 -9999 -9999 -9999 -9999 -9999 -9999 -9999 -9999 -9999 -9999
16.7749996250495 16.7749996250495 -9999 16.5349996304139 15.2633594614454 15.407155048335 14.3647266915068 14.2571489457041 14.3579134342726 14.2779473098926 13.8347269971855 14.0599230783992 13.4675282915123 13.2746055340394 13.4467299273238 13.7529679103754 13.7959990086965 14.012588870246 12.9669331810437 13.4305932654534 13.9301125984639 14.0692464830354 13.9530625175685 14.5217902003787 14.0821558125317 14.2306131017394 14.8703420967795 14.7340769520961 14.8007751544937 14.7936033047736 14.848826547619 15.0180822010152 15.6198003925383 15.4720602883026 15.407872233307 16.1759773383383 16.2706457546446 14.0986198849328 -9999 -9999 -9999 -9999 -9999 -9999 -9999 -9999 -9999 -9999 -9999 -9999 -9999 -9999 -9999 -9999 -9999 -9999 -9999 -9999 -9999 -9999 -9999 -9999
16.2569634591229 15.7168420391157 15.3544419528916 15.6725134879816 15.3580278777517 14.0728324078955 14.3826563158073 14.1854304485023 11.9098025322892 14.1158635062166 14.0613574483432 13.9674062170088 13.2946867132559 13.4998016152531 14.1431165351532 14.3374736625701 13.6826837831177 13.4395580776036 13.6274605402723 13.9365672632121 14.0348216043785 13.8877986851148 13.9631031071767 14.4335764488205 14.2012085178867 14.612872691825 14.1452680900693 14.9750511026941 15.0023041316308 13.9688405869529 14.8983123106882 14.9485152587295 15.9002197165973 15.9507812571246 16.1031830636784 16.8992583826184 16.6590492293239 12.9399997107685 6.60456035898533 13.2399997040629 -9999 -9999 -9999 -9999 -9999 -9999 -9999 -9999 -9999 -9999 -9999 -9999 -9999 -9999 -9999 -9999 -9999 -9999 -9999 -9999 -9999 -9999
16.2200842141174 15.685422817478 15.6513565313071 14.929151264485 14.690328668803 14.5246589402668 14.2585833156481 14.2800988648087 14.0749839628115 11.2801141268574 14.3353221076541 14.1775414138101 13.7500991704874 13.4747001412325 13.4399166700896 13.935132893268 13.7006134074181 13.6353495749645 13.6281777252443 13.8282723324373 13.6102481009439 13.972426511813 14.01402324019 14.0441450090148 11.6150395087898 15.5925473636016 14.8667561719194 14.2693410902284 15.0933866230771 15.3626895800699 16.2996917460114 16.1225470579229 15.6653416382615 14.2477230860719 12.3673538508973 16.9385724577512 12.92513682386 17.1844969723606 13.2979679114541 -9999 -9999 -9999 -9999 -9999 -9999 -9999 -9999 -9999 -9999 -9999 -9999 -9999 -9999 -9999 -9999 -9999 -9999 -9999 -9999 -9999 -9999 -9999
15.9224524507299 15.5556123375427 15.4121753431391 14.7670674608089 14.0599230783992 14.2499770959839 13.9828256939072 14.3683126163669 13.8996322371531 14.1581774195656 14.0470137489028 13.5406811586581 13.1397747593001 13.6998962224461 13.1132389153354 13.0902889962308 14.1452680900693 13.5048219100572 13.9831842863932 14.0326700494625 14.3424939573742 13.8978392747231 14.4296319314744 14.3625751365907 15.727378138341 14.9040497904643 15.0532242646441 15.168691045139 15.5401928606443 15.8507339535281 16.3427228443325 16.4997863532044 16.0935010665562 17.5813012910075 16.6299554256257 15.6111941728741 12.8549997126684 11.7431782769917 -9999 -9999 -9999 -9999 -9999 -9999 -9999 -9999 -9999 -9999 -9999 -9999 -9999 -9999 -9999 -9999 -9999 -9999 -9999 -9999 -9999 -9999 -9999 -9999
15.1780144497752 15.1149021722376 14.9850916923024 14.0036240580957 14.3962828302756 14.3130893735215 14.411343714688 14.2463911711238 14.1502883848734 14.0312356795184 13.4080019388348 13.3807489098981 13.3430966988672 13.2265541409142 13.3398693664931 13.2301400657743 13.2021698518656 13.9136173441075 13.8713034307584 13.8411816619337 14.8796655014157 14.9757682876661 15.2447126521729 15.2597735365853 16.9071474173106 17.0348063423298 15.3601794326678 15.525849161204 16.5464033763856 16.285348046571 16.3574251362588 16.8871174655921 17.8049996020272 -9999 -9999 13.6052278061397 -9999 -9999 -9999 -9999 -9999 -9999 -9999 -9999 -9999 -9999 -9999 -9999 -9999 -9999 -9999 -9999 -9999 -9999 -9999 -9999 -9999 -9999 -9999 -9999 -9999 -9999
15.4275948200375 15.3637653575279 14.8043610793538 14.6189687640872 13.7949232312385 11.8000732315704 13.6210058755241 11.4149449015968 14.0376903442666 13.9882045811974 12.8837397242896 13.6382183148526 13.6073793610558 13.9401531880721 13.5923184766434 14.2047944427468 14.3152409284376 14.3618579516187 13.9648960696068 14.5031433911063 15.6549424561672 15.0467695998959 15.6276894272305 16.1548203816637 15.0352946403436 15.9877162831835 15.4720602883026 15.7352671730332 16.4495834051631 16.2423169482499 15.5652943346649 16.1533860117197 16.7328714691103 14.8227667113791 -9999 -9999 -9999 -9999 -9999 -9999 -9999 -9999 -9999 -9999 -9999 -9999 -9999 -9999 -9999 -9999 -9999 -9999 -9999 -9999 -9999 -9999 -9999 -9999 -9999 -9999 -9999 -9999
15.8342386991717 16.1359345107339 16.3496556323953 15.8791822907515 14.4898754691239 14.5452780082123 13.9656132545788 14.2220068820752 14.3166752983816 13.3936582393944 13.2100588865578 13.4847407308407 13.613834025804 13.0953092910349 13.2301400657743 14.1000854368322 13.8576769162901 14.5748618883081 13.6496932744049 14.3166752983816 14.3496658070944 15.4448072593659 15.2447126521729 16.4130069715902 16.644657717552 15.9296243004501 15.568163074553 15.7367015429772 15.768257681746 16.7300027292222 15.7001251094043 16.8524022977799 16.8091321378015 16.8978240126744 17.8259091787972 4.99999988824129 -9999 -9999 -9999 -9999 -9999 -9999 -9999 -9999 -9999 -9999 -9999 -9999 -9999 -9999 -9999 -9999 -9999 -9999 -9999 -9999 -9999 -9999 -9999 -9999 -9999 -9999
-9999 -9999 -9999 -9999 7.15999983996153 15.3311846687991 15.5820286506787 14.4601122927852 14.132358760573 13.0300454585813 13.7226070798934 13.1447950541042 13.4452955573797 13.4205526758451 13.854808176402 14.2162694022991 14.3898281655274 14.1459852750413 14.1129947663285 14.8412961054128 15.2253486579284 15.4426557044499 15.5401928606443 15.4448072593659 15.8152332974132 15.9238868206739 16.5717439120635 -9999 -9999 -9999 -9999 -9999 -9999 -9999 -9999 -9999 -9999 -9999 -9999 -9999 -9999 -9999 -9999 -9999 -9999 -9999 -9999 -9999 -9999 -9999 -9999 -9999 -9999 -9999 -9999 -9999 -9999 -9999 -9999 -9999 -9999 -9999
-9999 -9999 -9999 -9999 -9999 14.7940034184948 14.8189438404515 14.5289620500989 13.2774742739275 13.5282499524765 13.1300927621778 13.85409099143 13.7802209393121 14.0046998355538 13.7673116098158 13.935132893268 14.0577715234831 14.2098147375509 14.2313302867115 15.569597444497 15.4799493229948 15.606891063042 15.5903958086856 15.5846583289094 14.2232194979054 -9999 -9999 -9999 -9999 -9999 -9999 -9999 -9999 -9999 -9999 -9999 -9999 -9999 -9999 -9999 -9999 -9999 -9999 -9999 -9999 -9999 -9999 -9999 -9999 -9999 -9999 -9999 -9999 -9999 -9999 -9999 -9999 -9999 -9999 -9999 -9999 -9999
