EcologicalScience/Bass/data/rs_data_bass/sst_501.asc
NCOLS 226 
NROWS 124 
XLLCORNER -9.41648524995501 
YLLCORNER 47.587301625531 
CELLSIZE 0.0833 
NODATA_value -9999 
[rows 0 to 26 of 124, columns 0 to 61 of 226]
-9999.000000000000000 -9999 -9999 -9999 -9999 -9999 -9999 -9999 -9999 -9999 -9999 -9999 -9999 -9999 -9999 -9999 -9999 -9999 -9999 -9999 -9999 -9999 -9999 -9999 -9999 -9999 -9999 -9999 -9999 -9999 -9999 -9999 -9999 -9999 -9999 -9999 -9999 -9999 -9999 -9999 -9999 -9999 -9999 -9999 -9999 -9999 -9999 -9999 -9999 -9999 -9999 -9999 -9999 -9999 -9999 -9999 -9999 -9999 -9999 -9999 -9999 -9999
-9999 -9999 -9999 -9999 -9999 -9999 -9999 -9999 -9999 -9999 -9999 -9999 -9999 -9999 -9999 -9999 -9999 -9999 -9999 -9999 -9999 -9999 -9999 -9999 -9999 -9999 -9999 -9999 -9999 -9999 -9999 -9999 -9999 -9999 -9999 -9999 -9999 -9999 -9999 -9999 -9999 -9999 -9999 -9999 -9999 -9999 -9999 -9999 -9999 -9999 -9999 -9999 -9999 -9999 -9999 -9999 -9999 -9999 -9999 -9999 -9999 -9999
-9999 -9999 -9999 -9999 -9999 -9999 -9999 -9999 -9999 -9999 -9999 -9999 -9999 -9999 -9999 -9999 -9999 -9999 -9999 -9999 -9999 -9999 -9999 -9999 -9999 -9999 -9999 -9999 -9999 -9999 -9999 -9999 -9999 -9999 -9999 -9999 -9999 -9999 -9999 -9999 -9999 -9999 -9999 -9999 -9999 -9999 -9999 -9999 -9999 -9999 -9999 -9999 -9999 -9999 -9999 -9999 -9999 -9999 -9999 -9999 -9999 -9999
-9999 -9999 -9999 -9999 -9999 -9999 -9999 -9999 -9999 -9999 -9999 -9999 -9999 -9999 -9999 -9999 -9999 -9999 -9999 -9999 -9999 -9999 -9999 -9999 -9999 -9999 -9999 -9999 -9999 -9999 -9999 -9999 -9999 -9999 -9999 -9999 -9999 -9999 -9999 -9999 -9999 -9999 -9999 -9999 -9999 -9999 -9999 -9999 -9999 -9999 -9999 -9999 -9999 -9999 -9999 -9999 -9999 -9999 -9999 -9999 -9999 -9999
-9999 -9999 -9999 -9999 -9999 -9999 -9999 -9999 -9999 -9999 -9999 -9999 -9999 -9999 -9999 -9999 -9999 -9999 -9999 -9999 -9999 -9999 -9999 -9999 -9999 -9999 -9999 -9999 -9999 -9999 -9999 -9999 -9999 -9999 -9999 -9999 -9999 -9999 -9999 -9999 -9999 -9999 -9999 -9999 -9999 -9999 -9999 -9999 -9999 -9999 -9999 -9999 -9999 -9999 -9999 -9999 -9999 -9999 -9999 -9999 -9999 -9999
-9999 -9999 -9999 -9999 -9999 11.4981383583508 10.8935514269397 11.5684224856086 11.5743990270421 11.4859462138265 11.7513046534732 11.1884937466821 11.5175023525953 11.505310208071 11.3403576645069 11.4316792176105 12.034353655763 11.4156620865688 12.0998565498739 11.5608920434024 11.5598162659444 11.1323740226217 11.3937879449222 11.7574007257354 10.5905896752374 10.8299997579306 10.8562691922832 12.2103030355647 12.2461622841656 11.8151341159828 12.3719087159261 11.7328371404437 13.2799997031689 -9999 12.3249997245148 -9999 -9999 12.2299997266382 12.5849997187033 9.84144107298926 9.24061936268117 9.61445202934556 12.9549997104332 -9999 -9999 -9999 -9999 -9999 -9999 -9999 -9999 -9999 -9999 -9999 -9999 -9999 -9999 -9999 -9999 -9999 -9999 -9999
-9999 -9999 -9999 -9999 -9999 11.543321011588 10.9946745079942 10.7902767909691 11.2693563522771 11.2700735372491 11.2528610979207 11.9133884571493 11.8174649671419 11.3998840171844 11.4522385201417 11.4924008785747 11.9085474585881 12.1995452609845 11.3355764313601 12.0596941914409 11.7577593182214 11.664166679373 11.5230349223795 10.4684998001903 13.904999689199 12.6179509736598 12.2246467350051 12.2927793073468 12.2805871628225 12.3451338103041 12.3451338103041 12.1199377290905 12.6358178442752 13.0366358069728 12.7732215201017 13.4999996982515 12.0099997315556 -9999 -9999 10.7747446135751 12.6799997165799 9.96623125812039 9.52611874695867 11.345890234291 12.7737432370127 -9999 -9999 -9999 -9999 -9999 -9999 -9999 -9999 -9999 -9999 -9999 -9999 -9999 -9999 -9999 -9999 -9999
-9999 -9999 -9999 -9999 -9999 11.2048097047955 11.7869846058311 11.7207047613338 11.7951963737607 11.7614886800759 11.134047454223 11.3166905604303 11.8847010582685 12.0066225035116 11.8352152951993 11.662373716943 11.4049043119885 12.0276001639431 11.9248634167016 11.8352152951993 11.6860408210196 11.4759056242183 11.794813875109 11.1548458184116 13.344999701716 10.8249997580424 12.259788798634 12.3329416657798 12.2583544286899 12.3142948565073 12.4668161938898 12.1859187465161 12.2260811049491 12.2024140008725 12.1231138339665 13.614999695681 -9999 12.3099997248501 12.0549997305498 -9999 11.8399997353554 11.4612033322919 9.11636706627905 9.30403046729043 11.0749997524545 6.09499986376613 -9999 -9999 -9999 -9999 -9999 -9999 -9999 -9999 -9999 -9999 -9999 -9999 -9999 -9999 -9999 -9999
-9999 -9999 -9999 -9999 -9999 11.1381115023978 11.8823702071095 11.7774819049519 11.8581652143039 11.8361117764143 11.543679604074 11.7936185668223 11.944227410946 11.9184087519534 11.8359324801713 11.7548905783333 11.6702627516352 11.8796807634644 11.9223532692995 11.8108310061507 11.6743865652243 11.4974211733788 11.8352152951993 10.0228278338909 10.8549997573718 12.0051881335676 12.3164464114234 12.3229010761715 12.3236182611436 12.5301675330848 12.3355713440105 12.3644978045486 12.3279213709757 12.5201269434765 12.3692790376954 11.9425539793447 14.3188268532977 14.8049996690825 -9999 -9999 -9999 -9999 -9999 12.8499997127801 12.8499997127801 -9999 9.33499979134649 -9999 -9999 -9999 -9999 -9999 -9999 -9999 -9999 -9999 -9999 -9999 -9999 -9999 -9999 -9999
-9999 -9999 -9999 -9999 -9999 11.7779839344323 11.5925199006684 11.7193182037212 11.823023150675 12.0170216856059 11.9760704237036 11.7986388616264 11.5081789479591 12.1453977955971 11.6200598035939 11.9501441869652 11.8859561319696 11.8764534310903 11.9639499976765 12.0525223417208 11.7394711014349 11.8703573588282 11.7215414771345 11.7816654839553 11.2074393830262 11.9009572509676 11.982238214463 12.382427428849 12.461317775771 12.4900051746517 12.5703298915178 12.3728649625555 12.4797255233862 12.7152012558654 12.7747276085429 12.5975829204544 12.0972268716432 12.1371501684189 12.2565614662599 12.2382732494734 11.3123874505982 13.3149997023866 13.1899997051805 12.3910336485133 12.3073023030302 11.9799997322261 12.0949997296557 -9999 -9999 -9999 -9999 -9999 -9999 -9999 -9999 -9999 -9999 -9999 -9999 -9999 -9999 -9999
-9999 -9999 -9999 -9999 -9999 11.861033954192 11.751591527462 12.0388958272524 11.9058580149431 11.8392315310426 11.8101138211787 11.9533117539249 11.343943589367 12.0292138301302 11.9951475439593 11.8497382908827 12.0596941914409 12.2059999257326 12.0717070397222 11.901196312625 11.7683377965586 11.8470488472376 12.0270622752141 11.6435834706761 11.703253260348 12.2397076194175 12.2522583564278 11.9872585092671 12.1754000335932 12.540208122693 12.2007405692711 12.1701406771317 12.3928266109433 12.3688009143807 12.7847681981511 12.221777995117 11.9781144008739 12.3970580022782 12.4417147198692 11.4952696184628 11.7259641177952 11.9176915669814 12.2762840529904 12.9779368476144 13.0399997085333 12.039999730885 -9999 -9999 -9999 -9999 -9999 -9999 -9999 -9999 -9999 -9999 -9999 -9999 -9999 -9999 -9999 -9999
-9999 -9999 -9999 -9999 -9999 11.7993560465984 11.6843195770867 11.9621570352465 11.9374141537119 12.1147739972919 11.9337565103546 11.9581407994032 11.265770427417 11.5101512066321 11.7269203644246 11.8591214609332 11.9191259369254 12.0869472203776 12.0972268716432 12.1966765210964 12.2780770154204 11.8506347720977 12.920881212689 11.6089434365276 12.2447279142216 11.0348368664272 10.8196813748218 12.2398869156605 12.127348640468 12.0924456384964 12.3135776715353 12.5280159781687 12.6721701575443 12.9260536376387 12.3582822014578 12.6398968338035 12.5025559116621 12.0918240781873 12.2774793612771 12.0786995931994 12.2124545904808 12.2325357696973 12.2950742992572 15.1099996622652 -9999 -9999 12.2549997260794 -9999 -9999 -9999 -9999 -9999 -9999 -9999 -9999 -9999 -9999 -9999 -9999 -9999 -9999 -9999
-9999 -9999 -9999 -9999 -9999 11.9968209755607 12.0180974630639 11.9711218473967 11.9763214384438 12.0464979879558 11.7961287142243 11.6979939038865 11.6372722429223 11.8079622662626 12.0534785883501 11.9810429061763 12.2624184768647 12.0584988831542 12.1391224270919 11.901196312625 11.9506820756942 11.901196312625 11.7079149626661 12.0523430454778 12.2913449374028 11.0972319589928 11.184728525579 12.1952421511523 12.1113315094262 12.1694234921597 12.1966765210964 12.6850794870406 12.7467573946342 12.7603839091025 12.6535233482718 12.3401135155 12.5524002672173 12.7152012558654 11.6534089047927 12.2547685038298 12.419003862422 11.7787967440672 11.5524651199812 11.5374042355688 6.56999985314906 12.1299997288734 -9999 -9999 -9999 -9999 -9999 -9999 -9999 -9999 -9999 -9999 -9999 -9999 -9999 -9999 -9999 -9999
-9999 -9999 -9999 -9999 -9999 12.140736093279 11.9071130886441 11.9268954407889 11.7756889425218 11.9564195554703 12.2267982899211 11.5366272851825 11.6556799905375 11.8603167692199 12.2791527928784 12.2717418815009 12.2655262784101 12.4168523075059 12.3358104056679 12.1672719372436 12.1201767907478 12.0867081587203 12.2748496830463 12.1676305297296 12.3083183150738 10.8347422592342 11.5383007167839 12.2473575924523 12.0496536018327 12.0324411625043 12.5688955215737 12.580370481126 12.5179753885604 12.6535233482718 12.5717642614618 12.4577318509109 12.5703298915178 12.6499374234118 12.3157292264514 12.1758781569079 12.3766899490729 12.1199377290905 13.1499526822008 13.1649997057393 11.8749997345731 -9999 -9999 -9999 -9999 -9999 -9999 -9999 -9999 -9999 -9999 -9999 -9999 -9999 -9999 -9999 -9999 -9999
-9999 -9999 -9999 -9999 -9999 12.0996174882166 12.1451826401055 11.8337809252553 12.1540040152613 12.0938800084405 12.1369111067615 12.0388958272524 11.1165959532373 12.1641641356982 12.1022471664473 11.6552018672228 12.0353099023923 11.8918729079887 12.1606379762525 12.1385845383629 12.103442474734 12.2186701935716 12.3491978584789 11.8847010582685 12.302819896955 12.2762840529904 12.2845316801686 12.4943082844839 12.2291291410802 12.0912503302097 12.4376506716944 12.5380565677769 12.6312906141393 12.5100863538682 12.3501541051082 12.4885708047077 12.5280159781687 12.7123325159773 11.7935430736673 12.1601000875235 13.2799997031689 -9999 6.64999985136092 7.48499983269721 7.57499983068556 7.51499983202666 -9999 -9999 -9999 -9999 -9999 -9999 -9999 -9999 -9999 -9999 -9999 -9999 -9999 -9999 -9999 -9999
-9999 -9999 -9999 -9999 -9999 11.9754249572288 12.1115705710836 11.9901272491552 12.1238822464366 11.8560136593878 12.1081041770522 11.9352625987958 12.3207495212555 12.183050006628 12.0051881335676 12.0797753706574 11.8835057499819 12.1048768446781 12.0243728315691 12.0017815049505 12.1337435398018 12.2241088462761 12.4044211013243 12.0546738966368 11.9886928792112 12.4817575474735 12.421334713581 12.2683950182982 11.8373668501154 11.9449445959181 11.9506820756942 12.2970824171789 12.5294503481127 12.8421429959126 11.7328969058581 12.8851740942337 12.700140371453 12.5466627874412 12.2687536107842 11.8792504524812 11.7310800372623 12.6899997163564 -9999 -9999 -9999 -9999 -9999 13.2249997043982 13.2249997043982 -9999 -9999 -9999 -9999 -9999 -9999 -9999 -9999 -9999 -9999 -9999 -9999 -9999
-9999 -9999 -9999 -9999 -9999 11.9470961508341 12.0847956654616 11.9872585092671 11.968850761652 12.2002624459565 12.2354045095854 12.2303842147812 12.2698293882422 12.0733207059093 12.0582598214969 12.1651203823276 11.9650257751346 11.9076509773731 12.3623462496325 12.2384525457164 12.2359423983144 11.9777558083879 12.1229857652215 12.1489837204572 12.2553063925589 12.1113315094262 12.3560708811274 9.5724967084825 12.1712164545897 10.6848506000824 11.6473128325306 11.9700460699387 12.4849848798476 12.4060945329256 12.4684896254912 12.7582323541865 12.5100863538682 11.8050935263745 13.0099997092038 -9999 -9999 -9999 -9999 -9999 -9999 -9999 -9999 -9999 -9999 -9999 -9999 -9999 -9999 -9999 -9999 -9999 -9999 -9999 -9999 -9999 -9999 -9999
-9999 -9999 -9999 -9999 -9999 11.9133884571493 11.7534562083893 11.7175969597884 11.8809716964141 12.1963896471076 12.0549129582942 12.2138889604248 11.6049989191815 11.7799920523539 12.0948362550698 11.1402630573139 12.4028672005516 12.2263201666065 11.7900326419622 12.0114635020727 11.8447179960785 11.7663655378856 11.8549378819298 11.9720183286117 12.0568254515529 11.6829927848885 12.1577692363644 12.2934964923188 12.2052827407606 11.7699514627457 12.2483138390817 12.2820215327665 12.4727927353233 12.3494369201362 12.5846735909581 12.4297616370022 12.4125491976738 11.5305909783347 11.0721304849721 10.2176208904712 11.6199997402728 -9999 -9999 -9999 -9999 -9999 -9999 -9999 -9999 -9999 -9999 -9999 -9999 -9999 -9999 -9999 -9999 -9999 -9999 -9999 -9999 -9999
-9999 -9999 -9999 -9999 -9999 11.8686839272268 11.5153507976793 11.3783684680238 11.5002899132669 12.2113788130227 11.3425092194229 11.704687630292 11.9222337384708 12.2103030355647 12.142529055709 12.0729621134233 12.3211081137415 12.0589770064689 11.6049989191815 11.6139637313318 11.5022621719399 11.5650158569915 11.703611852834 12.3953367583454 12.1332056510728 12.2714430544293 12.3173428926384 12.4957426544279 12.5301675330848 12.6391796488315 12.4118320127018 12.5581377469935 12.5445112325251 12.6771904523484 12.4441053364426 12.1457563880831 12.5896938857622 11.8484832171816 12.4298333554994 -9999 -9999 -9999 10.1249997736886 12.5749997189268 12.3293557409197 13.21999970451 -9999 -9999 -9999 -9999 -9999 -9999 -9999 -9999 -9999 -9999 -9999 -9999 -9999 -9999 -9999 -9999
-9999 -9999 -9999 -9999 -9999 11.9449445959181 10.787049458595 11.384823132772 11.2313455487601 11.2815484968014 11.2736594621092 11.9105197172612 11.9100415939465 11.7373195465188 11.42408900999 11.4269577498781 11.4531350013567 11.9952909809537 11.4350260808133 12.1467604470439 11.9774569813162 11.7082735551521 12.0403301971965 12.2375560645014 12.1873531164601 12.2827387177385 12.1615344574675 12.2043264941312 11.9951475439593 12.5043488740921 12.5222784983926 12.5158238336444 12.5839564059861 12.7474745796062 12.7302621402778 12.539490937721 12.0722449284513 12.3053300443571 12.262836834765 12.2499275052687 12.7352824350819 12.1912976338062 12.7152012558654 12.6750388974324 12.8650929150172 13.1139009322326 -9999 -9999 -9999 -9999 -9999 -9999 -9999 -9999 -9999 -9999 -9999 -9999 -9999 -9999 -9999 -9999
-9999 -9999 -9999 -9999 -9999 11.8118350651115 11.1104998809751 11.2777832756983 11.901734201354 11.8509933645837 11.9567781479564 11.5899380347691 11.5540787861682 11.9818079034798 11.9952909809537 12.0107821763493 11.3697622483596 12.2517973089458 12.078914748691 11.8201544107869 12.1278267637827 11.9793694745749 11.9980162838474 11.9479926320491 12.3114261166193 11.8897213530727 11.9841507077217 12.0415255054832 12.4132663826458 12.3723868392408 12.5502487123013 12.6721701575443 12.7144840708934 12.7309793252498 12.6764732673764 12.6398968338035 12.5201269434765 12.5344706429169 12.939680152107 12.6104922499508 12.4749442902394 12.9152958630584 13.0902889962308 12.340651404229 12.1760574531509 12.299951157067 -9999 -9999 -9999 -9999 -9999 -9999 -9999 -9999 -9999 -9999 -9999 -9999 -9999 -9999 -9999 -9999
-9999 -9999 -9999 -9999 -9999 11.344660774339 11.3656982001849 11.5587404884864 11.7738959800918 12.0188146480359 12.0844370729756 11.6892681533936 11.8442518258467 11.9548417485319 12.0564668590669 12.220702217659 12.1572313476354 12.1976327677257 12.1471907580271 11.9582842363976 11.2901547164656 11.8990447577089 12.0202490179799 12.3702352843247 11.8808760717511 11.8992838193662 11.8933072779328 12.1739656636491 12.3939023884013 12.063997301273 12.2970824171789 12.7187871807255 12.8134555970319 12.8485976606607 12.9138614931144 13.0214392389171 13.0006408747286 13.0659047071822 13.2846461236477 13.0752281118184 13.1168248401955 12.897366238758 12.6427655736916 12.6503472433958 12.3931852034293 12.4727927353233 13.656553304572 -9999 -9999 -9999 -9999 -9999 -9999 -9999 10.9150669761002 -9999 -9999 -9999 -9999 -9999 -9999 -9999
-9999 -9999 -9999 -9999 -9999 11.2213049591519 11.0850398144685 11.86390269408 11.8656956565101 11.9686116999947 12.1213720990345 11.8438215148635 11.1352427625097 11.7573290072381 11.9899838121608 11.9066947307438 12.1468321655411 11.4572588149458 11.4300057860091 11.5734427804127 11.6688283816911 12.3566087698564 11.8431043298915 12.0482192318887 11.981521029491 12.1371501684189 12.3652149895206 12.1866359314881 12.4112941239728 12.419721047394 12.302102711983 12.6334421690553 12.9597613313235 13.1304513546638 13.1225623199716 13.017853314057 12.8113040421158 11.9210384301841 12.5853907759301 12.7073122211732 12.4555802959949 12.5452284174971 13.1930790477609 12.6909604038112 12.6686866876802 12.459883405827 11.2048097047955 -9999 11.4141320919618 -9999 -9999 -9999 -9999 -9999 -9999 -9999 -9999 -9999 -9999 -9999 -9999 -9999
-9999 -9999 -9999 -9999 -9999 11.1696676411666 11.0047150976025 10.390804761555 11.823381743161 11.7296456673183 11.7645725754555 11.5937630212866 11.5815708767623 11.8211584697478 12.0195318330079 12.1584266559221 11.3628294602968 11.665242456831 12.5342315812595 12.263016131008 12.0374614573084 11.7749717575498 11.7161625898443 12.2156102043577 12.220343625173 12.2734153131023 12.4857020648196 12.4519943711348 12.0941190700978 11.8796807634644 12.4727927353233 12.6133609898388 12.7919400478713 12.9167302330025 12.9633472561836 12.8299508513883 12.7969603426754 12.7919400478713 12.6327249840833 12.4577318509109 12.220343625173 12.2553297790253 12.2985167871229 12.8553391993977 12.2889325879514 12.76499971468 8.95499979984015 13.2528031108901 10.6958132846547 14.2649996811524 -9999 -9999 -9999 13.0209926897836 13.3202154464088 -9999 -9999 -9999 -9999 -9999 -9999 -9999
-9999 -9999 -9999 -9999 -9999 11.2600329476409 11.306649970822 11.1036866237409 11.7548905783333 11.7387539164629 11.8622292624786 11.5153507976793 11.424985491205 11.7453281120397 12.1271095788106 11.9212774918415 11.345377959311 12.183050006628 12.5038707507774 12.2153233303688 11.9320352664217 12.1847234382294 12.308127065748 12.3627048421185 12.0102084283717 11.9793694745749 12.4247413421981 12.7094637760893 12.7510605044663 12.8055665623397 12.7144840708934 12.6463514985517 12.8263649265282 12.8321024063043 12.9310739324428 12.9690847359598 12.7424542848021 12.7510605044663 13.0083467983641 -9999 -9999 12.1501831504966 12.7202215506695 12.936811412219 12.8650929150172 13.5299996975809 -9999 13.5949996961281 13.2431797925383 11.9341526696725 9.99999977648258 9.99999977648258 13.6470806720068 11.6194143371191 11.9474422051213 -9999 -9999 -9999 -9999 -9999 -9999 -9999
-9999 -9999 -9999 -9999 -9999 11.1646473463625 11.8041372797452 12.0654316712171 12.0764285074547 11.6049989191815 11.6049989191815 11.5153507976793 11.502441468183 12.0541957733221 12.2189092552289 12.3164464114234 12.2802285703365 12.4961729654111 12.3318658883218 12.4982528018299 12.5942360572517 11.8847010582685 12.0898159602657 12.1041596597061 12.1306955036707 12.2748496830463 12.26194035355 12.7668385738507 12.3723868392408 12.8952146838419 12.9540238515474 12.9741050307639 13.0537125626579 13.1476637939923 13.0780968517065 12.9547410365194 16.3220593961288 6.10999986343086 7.8349998248741 -9999 11.9251024783589 12.778313533403 12.8414258109406 12.860072620213 13.0702078170143 13.4399996995926 -9999 -9999 11.6600627875887 11.2884812848642 9.82494581863284 11.6702627516352 11.9851069543511 11.538380404003 13.6299996953458 -9999 -9999 -9999 -9999 -9999 -9999 -9999
-9999 -9999 -9999 -9999 -9999 11.7321797208861 11.9772179196589 12.0290942993015 12.1383454767056 12.2877590125427 12.1661961597856 11.5999786243774 12.0691968923202 12.2674387716688 12.0984221799299 12.1610563341528 11.5815708767623 12.0403301971965 11.9851069543511 12.4487670387607 12.3233791994862 11.6401409828104 12.419721047394 12.1285439487547 12.382427428849 12.5129550937563 12.6649983078241 12.8084353022277 12.8930631289259 12.4742271052673 12.6721701575443 13.0293282736093 13.1490981639363 13.1914120772853 12.7458352996702 12.5622452609241 12.5703298915178 12.8008070620708 -9999 8.68999980576336 12.9174474179745 12.9963377648965 13.019287684001 13.1677449732088 11.7856498449109 11.34792070603 -9999 11.3088015257381 11.9611790557392 11.6642383978702 11.343226404395 11.3625903986394 11.14600053709 10.5385448657908 13.9099996890873 -9999 -9999 -9999 -9999 -9999 -9999 -9999
