EcologicalScience/Bass/data/rs_data_bass/sst_282.asc
NCOLS 226 
NROWS 124 
XLLCORNER -9.41648524995501 
YLLCORNER 47.587301625531 
CELLSIZE 0.0833 
NODATA_value -9999 
[rows 81 to 107 of 124, columns 62 to 123 of 226]
15.5753349242732 -9999 -9999 -9999 -9999 -9999 -9999 -9999 -9999 -9999 -9999 -9999 -9999 -9999 -9999 -9999 -9999 -9999 -9999 -9999 -9999 -9999 -9999 -9999 -9999 -9999 -9999 -9999 -9999 -9999 -9999 -9999 -9999 -9999 -9999 -9999 -9999 -9999 -9999 -9999 -9999 -9999 -9999 -9999 -9999 -9999 -9999 -9999 -9999 -9999 -9999 -9999 -9999 -9999 -9999 -9999 -9999 -9999 -9999 -9999 -9999 -9999
14.9266274333598 -9999 -9999 -9999 -9999 -9999 -9999 -9999 -9999 -9999 -9999 -9999 -9999 -9999 -9999 -9999 -9999 -9999 -9999 -9999 -9999 -9999 -9999 -9999 -9999 -9999 -9999 -9999 -9999 -9999 -9999 -9999 -9999 -9999 -9999 -9999 -9999 -9999 -9999 -9999 -9999 -9999 -9999 -9999 -9999 -9999 -9999 -9999 -9999 -9999 -9999 -9999 -9999 -9999 -9999 -9999 -9999 -9999 -9999 -9999 -9999 -9999
-9999 -9999 -9999 -9999 -9999 -9999 -9999 -9999 -9999 -9999 -9999 -9999 -9999 -9999 -9999 -9999 -9999 -9999 -9999 -9999 -9999 -9999 -9999 -9999 -9999 -9999 -9999 -9999 -9999 -9999 -9999 -9999 -9999 -9999 -9999 -9999 -9999 -9999 -9999 -9999 -9999 -9999 -9999 -9999 -9999 -9999 -9999 -9999 -9999 -9999 -9999 -9999 -9999 -9999 -9999 -9999 -9999 -9999 -9999 -9999 15.4248989951372 -9999
-9999 -9999 -9999 -9999 -9999 -9999 -9999 -9999 -9999 -9999 -9999 -9999 -9999 -9999 -9999 -9999 -9999 -9999 -9999 -9999 -9999 -9999 -9999 -9999 -9999 -9999 -9999 -9999 -9999 -9999 -9999 -9999 -9999 11.3199997469783 11.209999749437 11.1449997508898 -9999 -9999 -9999 -9999 -9999 -9999 -9999 -9999 -9999 -9999 -9999 -9999 -9999 -9999 -9999 -9999 -9999 -9999 -9999 -9999 17.2699996139854 13.3506659078286 4.652607800439 4.67197179468349 4.89501632098109 4.75301369652152
-9999 -9999 -9999 -9999 -9999 -9999 -9999 -9999 -9999 -9999 -9999 -9999 -9999 -9999 -9999 -9999 -9999 -9999 -9999 -9999 -9999 -9999 -9999 -9999 -9999 -9999 -9999 -9999 -9999 -9999 -9999 -9999 -9999 16.5702592133495 14.4948957639281 5.99064847875975 13.0126035200618 4.92657245974988 6.90948645238365 16.1671744711817 18.3061960014747 -9999 6.44873428183115 6.91571757895872 5.34741660133004 6.78522903323173 6.14387441892177 5.91341898124665 5.83022552449256 7.20913316402584 7.05503401970491 7.5585068348737 15.7006629981333 -9999 14.7093958968521 4.74799340171739 4.88282417645678 4.91222876030952 4.9036225406453 4.9552598586306 5.79508346086368 5.99446088308468
-9999 -9999 -9999 -9999 -9999 -9999 -9999 -9999 -9999 -9999 -9999 -9999 14.0301599020604 15.6474017684614 7.81763473007595 6.60535904224962 8.01606188220903 7.74687477817329 14.6486422923044 -9999 -9999 -9999 -9999 -9999 -9999 11.894999734126 10.6210107008952 16.4251171521177 5.47751395525411 5.38872645571828 4.83046967349946 7.26328766063842 16.3482810278656 5.86267814447638 13.8849996896461 12.8128319579258 14.1793017769232 12.8279714208655 5.29018524056301 5.25289162201807 5.21201207861304 7.11176987085491 5.85891292337328 5.94210638012737 5.80584123544395 6.20292264828458 6.33512374479324 6.1981414151378 6.48860132880509 7.24523147428408 6.68797875102609 6.54669331153855 6.49720754846931 5.61614581034519 5.82090211985633 5.12379832705483 5.1467482461594 5.46159244887531 5.47880488820374 5.33465070882812 6.3853266928345 6.06115908548236
-9999 -9999 -9999 -9999 -9999 -9999 -9999 -9999 -9999 15.3991211517776 8.02151248799637 7.10287025733851 6.60801262664609 6.5725119705312 6.58219396765344 6.90134128020145 7.20506911585107 6.73746451409534 6.63383128563873 7.4887669997822 13.7286578128757 14.3367405401543 7.54802696947008 7.08451032205485 4.97395448023453 13.9106744126706 -9999 5.66326486300677 5.19981993408874 5.71726889139973 5.46338541130535 5.73448133072816 5.70973844919354 5.9271889327094 13.5164562440477 16.1199996396899 14.2283067586999 5.49565873504616 5.17328409012407 5.32317574927583 5.36190373776481 5.67961668036878 6.11590420501307 6.19527267524973 6.34444714942947 6.57107760058716 6.55529953120276 6.70519119035453 6.77619250258431 6.79627368180081 6.80559708643705 7.01931820809841 6.98847925430164 7.09964292496443 7.24523147428408 6.0747855999507 5.93350016046315 5.95358133967966 6.16945401625708 6.58613848499954 6.46278266981244 6.46995451953262
-9999 -9999 -9999 -9999 -9999 -9999 -9999 -9999 13.5750285965431 7.2301705898717 7.11344873567577 6.86189610674046 6.88018432352692 6.81133456621319 6.83679463271983 6.74858088116162 6.55852686357684 6.54920345894061 6.51728872768581 6.50402080570348 6.31432538060471 6.55730764912441 6.52326526911929 5.59809665521607 6.44485304551199 5.92632831074297 5.95752585702576 6.12211980810389 5.19981993408874 5.25217443704605 6.05040131090209 6.14004943240434 5.86106447828934 5.91652678279206 5.20484022889286 5.12164677213877 5.23281044280156 5.13240454671904 5.48239081306383 5.40995513089001 5.95501570962369 5.06355478940532 6.21965696429834 6.41257972177118 6.54597612656653 6.91317483223975 7.01931820809841 7.09103670530021 7.16992705222219 7.17494734702632 7.21224096557125 7.36643573455513 7.37002165941522 7.22658466501161 7.20435193087906 6.9669637051411 6.83643604023382 6.68869593599811 6.61697743879631 6.64351328276098 6.46852014958858 6.38389232289046
-9999 -9999 -9999 -9999 -9999 -9999 -9999 -9999 8.26696693530197 7.44353311904706 7.44783622887917 7.41663868259639 6.94257941609249 6.90528579754755 6.8156376760453 6.94616534095258 6.48322244151495 6.54131442424841 6.52840509475209 6.81248206216842 6.70949430018663 6.62199773360044 6.66000853711739 6.60478529427201 6.56928463815711 6.03964353632182 6.13359476765618 6.32436597021297 6.33225500490516 6.43122653104365 6.33082063496113 5.9872890333645 5.91987364599481 6.35687835561112 5.94827417088672 5.26651813648641 5.23854792257771 5.22348703816533 6.08649962116033 6.63132113823667 5.81731619499624 6.14004943240434 6.24977873312309 6.94616534095258 7.41520431265235 7.2617267286405 7.4847712549381 7.56724752672017 7.60310677532107 7.68486586213112 7.69634082168341 7.79387797787786 7.70853296620771 7.23949399450794 7.0745414509438 6.96337778028101 6.84504225989804 6.684392826166 6.59187596477568 6.55243079131469 6.34731588931754 6.23328347876668
12.0762959597929 9.40499978978187 -9999 -9999 -9999 -9999 -9999 -9999 15.4503158503212 7.59163181576878 7.50646610034164 7.14016387588345 7.0800398690626 7.27499465062283 7.86846521496773 7.92386775405612 7.69400997052435 6.8157811130397 7.22550888755359 7.05374308675528 7.08189259690698 7.10394603479654 6.64709920762107 7.10165104288608 7.17351297708228 7.27535324310884 7.54788353247568 7.12115847412497 6.56247138092294 6.6564226122573 6.46493422472849 6.06976530514657 6.55243079131469 6.55506046954542 6.60119936941192 6.07650684388354 6.36725363153964 5.23854792257771 6.48774070683867 5.5849482640624 5.86393321817741 5.8438520389609 7.86989958491176 7.8196966368705 7.69060334190726 7.56437878683209 7.72646259050816 7.82830285653472 7.78527175821364 7.87850580457598 8.02481153886765 7.92153690289706 7.65044098347425 7.20937222568318 7.08314767060801 7.02003539307043 6.80918301129714 6.72383799962699 6.5366527219303 6.40971098188311 6.35018462920561 6.17519149603322
7.90002135373652 8.43002104805782 8.23996703047305 7.61278877244331 14.8971981126067 -9999 16.1899624452926 7.88496046932414 7.71695988962892 7.71534622344188 7.24128695693798 7.09079764364287 7.17040517553687 7.26746420841664 7.80624941864517 7.75604647060391 7.79208501544781 7.91257209074683 7.79405727412086 7.73739966133144 8.02481153886765 7.87025817739777 7.9030693898676 7.06521804630756 7.5765709313564 7.52708516828716 7.60740988515317 7.51561020873487 7.53640857292339 7.49839776940644 7.53640857292339 7.52134768851101 7.35137485014275 7.6999267465435 7.51345865381882 7.51202428387478 7.47473066532984 7.78684956515208 7.63514103740454 7.59426149399951 7.64231288712472 8.05493330769241 7.92153690289706 7.81754508195445 7.84264655597508 7.88926357915625 7.8354747062549 7.82328256173059 7.89213231904432 7.95596178155392 7.71427044598386 7.88782920921221 7.39368876349181 7.08888515038416 7.01286354335025 6.99278236413375 6.76902065286413 6.70662556029856 6.66574601689354 6.55386516125873 6.37528610322624 6.30141605110839
8.51464887475595 8.47233496140689 8.32674641208723 8.30307930801064 7.92117831041105 7.81360056460835 7.76841791137122 7.63860743143596 7.68379008467309 7.35878576152027 7.24272132688202 7.20112459850498 7.24642678257078 7.41484572016634 7.74815743591171 7.81808297068346 7.87796791584697 7.53604998043738 8.01279869058635 8.00992995069828 8.05672627012245 7.82686848659068 7.81395915709436 7.51991331856698 7.71642200089991 7.88639483926818 7.79746390273795 7.91006194334477 7.87205113982782 7.78096864838153 7.75012969458476 7.78527175821364 7.79818108770996 7.80822167731822 7.80320138251409 7.90002135373652 7.85268714558333 7.86703084502369 7.90862757340074 7.90575883351266 8.01405376428738 7.92081971792504 7.93659778730944 7.96600237116218 7.95739615149796 7.80176701257005 7.83045441145077 7.86774802999571 7.72359385062009 7.86416210513562 7.61171299498528 7.49050873471424 7.21224096557125 7.0666524162516 7.03222753759474 6.92464979179204 6.80846582632512 6.7439191788435 6.75969724822789 6.57538071041927 6.40827661193907 6.12498854799196
8.20625933678821 8.22275459114462 8.31240271264687 8.45548111456446 8.48380992095917 8.39452039194293 8.31311989761889 7.9749671833124 7.81324197212234 7.27463605813682 7.33368428749964 7.31957964971662 7.31240779999644 7.39763328083791 7.41496525099501 7.55242570396513 8.0465063842712 7.68916897196323 8.08720663143322 8.07483519066591 8.1341822471004 8.3772362341173 7.64470350369811 7.69490645173937 7.83834344614297 7.93803215725347 7.99182103015482 7.99038666021079 7.84694966580719 7.84838403575122 7.87635424965993 7.92584001272917 7.87635424965993 7.86774802999571 7.88424328435212 7.96958829602227 7.92153690289706 7.99038666021079 7.98178044054657 8.078600411769 8.03700368339196 7.88567765429616 8.06067078746855 8.01333657931536 7.96528518619016 7.9272743826732 7.78025146340951 7.73076570034027 7.5923490007408 7.65474409330636 7.56581315677613 7.33129367092624 7.25598924886435 7.10968351457268 7.04370249714702 6.94544815598056 6.78981901705265 6.68941312097013 6.60478529427201 6.43911556573585 6.54938275518361 5.53761405590922
8.92738882615231 8.675836197217 8.63872187491506 8.6243781754747 8.7197637767531 8.55373545573093 8.52253790944815 8.3213675247971 8.62635043414775 8.53849527507555 8.53813668258954 8.11316872742027 7.14147871499881 7.36356699466705 7.7755897610914 7.8035599750001 7.74869532464072 8.14673298411071 8.17631686420646 8.11194951296784 8.43360697291791 7.5087969515007 7.52618868707214 7.46424183511408 7.62408443575259 7.92153690289706 8.06497389730066 7.96456800121814 7.96026489138603 7.98751792032272 7.89500105893239 7.91938534798101 7.86989958491176 7.90575883351266 7.9272743826732 7.87491987971589 7.81037323223427 7.91221349826083 7.52947578486055 7.86380351264961 8.12808617483824 7.84981840569526 7.96671955613419 7.98321481049061 7.59091463079676 7.66765342280269 7.65904720313847 7.6999267465435 7.56581315677613 7.43026519706473 7.39870905829594 7.4252449022606 7.3334452258423 7.23447369970381 6.99063080921769 6.87444684375077 6.9949339190498 6.57896663527936 6.33153781993315 5.90490240970394 6.3841313845478 5.19479963928461
8.57166508003138 9.05684071360156 9.33887370384764 8.95374537387397 9.1739211602835 9.1819894912187 8.89565339114051 8.89350183622446 8.83738211216405 8.34611040633172 8.63011565525085 8.0625354683958 8.45081941224635 7.32938117766753 8.45852915069554 8.51411098602694 8.5288132779533 7.37174290334806 7.87037770822644 7.93659778730944 7.53856012783945 8.27708135277499 8.32244330225512 8.37139117659535 8.53975034877658 8.06138797244057 8.06569108227268 8.06067078746855 8.04632708802819 7.97747733071446 7.97747733071446 7.89428387396038 7.86416210513562 7.91651660809293 7.88496046932414 7.68486586213112 7.62318795453757 7.1304818787612 6.89883113279939 6.9153263871558 6.83285011537373 7.7357859951444 7.6325113591738 7.62749106436968 7.560792861972 7.45393230114132 7.75730154430494 7.5686818966642 7.68988615693524 7.30117190210149 7.30475782696158 7.19694101950154 7.16681925067678 7.25240332400426 7.52716485550627 7.13478498859331 6.3482721359469 5.86594133609906 5.71676686191931 5.50448011020198 5.43469801242463 5.64770194911398
8.85947140930221 9.4050340175163 9.36989195388742 9.41220586723648 9.33134326164145 9.26912746531889 9.19722967187408 9.09269996220246 8.38985868962482 9.13250372814946 9.07405315292999 6.53593553695828 6.55960264103487 8.79191258493811 6.35678273094818 8.64463865093421 8.45566041080747 8.32698547374457 7.91771191637963 8.00210068142042 8.04919582791626 7.95572271989658 7.97711873822846 8.3253120421432 8.87897884054109 8.78968931152485 8.21629992639646 8.2937559033744 8.17900630785152 8.08075196668506 8.05995360249653 8.0707113770768 7.91006194334477 7.82113100681454 7.82543411664665 7.50341806421056 7.19144260138273 7.07884456077591 6.8952452079393 6.69873652560636 6.69013030594215 6.71738333487883 7.10609758971259 7.13406780362129 7.19789726613089 7.32340463623405 6.93971067620441 7.27965635294095 7.45751822600141 6.87731558363885 7.00999480346218 6.4808915903559 7.23519088467583 6.4650776617229 6.2540818429552 6.13574632257223 5.53761405590922 5.37481306726113 5.13670765655115 6.61066621104255 6.58122064519141 9.29094498709923
7.83284502802417 7.20808129273355 9.2415158438962 9.39104891056195 9.44752722710837 9.42601167794783 8.80252692252398 9.18683048977982 8.38268683990464 8.82662433758378 8.45488346042112 6.66538742440753 6.91209905478172 7.10789055214263 6.93433178891428 6.4890316397883 8.49169895565137 8.48936810449231 8.32602922711521 7.91149631328881 7.84240749431774 8.31598863750696 8.39774772431701 8.16753134829924 8.35686818091199 8.62903987779282 6.94630877794698 8.1065706256777 7.69347208179533 7.41018401784822 7.48261970002204 7.70494704134762 7.7795342784375 7.72287666564807 7.53497420297936 7.58230841113254 7.12689595390111 6.88233587844297 6.80344553152099 6.46206548484042 6.48142947908491 6.49577317852527 6.85436566453427 6.77404094766825 6.71379741001874 6.67363505158573 6.88018432352692 6.17676930297166 6.93253882648423 6.74033325398341 6.56031982600689 6.23543503368273 6.21642963192426 6.29223608346656 6.10777610866353 5.95071259979159 17.5831427118816 18.3049995908514 -9999 -9999 -9999 -9999
7.78857080908492 9.41453671839554 9.40593049873132 9.49324776907451 9.53143786883447 9.0862452974543 9.18105715075508 8.72478407155722 9.12296516802162 8.86152733955532 8.74056214094162 8.80898158727214 9.0347514164634 8.97952817361802 8.90910060936585 7.44288765257224 8.70470289234072 9.25478376587853 8.65736868418753 8.14314705925062 8.21629992639646 8.34467603638768 8.14386424422264 8.7319559212774 8.10011596092954 8.48251898800954 6.34285340504721 7.08027893071994 7.36500136461109 7.60382396029308 7.64542068867013 7.63035980425775 5.99073152123019 6.85077973967418 7.96418831505648 7.48677937285975 6.31504256557673 6.12211980810389 6.00808739755303 6.14793846709654 6.27631457708776 6.32149723032489 6.49362162360922 6.46636859467253 6.32364878524095 6.66144290706143 6.3695486234501 6.29998168116435 6.26483961753547 6.31317788464949 6.53851740285754 6.357786789909 5.96433911425993 5.92883845814504 15.0859278993681 -9999 -9999 -9999 -9999 -9999 -9999 -9999
8.9428083030507 7.62117983661592 7.36500136461109 8.7993713086471 8.94926296779886 8.94065674813464 9.23326821671799 9.21662952536717 9.26396373352036 8.84216334531084 8.66071554739028 8.5525162412785 8.60716573614627 8.49026458570734 8.48524429090321 8.63398845409974 9.12891780328937 8.84527114685625 8.75275428546593 8.19478437723592 8.85316018154845 8.10011596092954 8.74952695309184 8.66095460904762 8.5447706435807 8.40850549889728 7.81252478715032 7.51991331856698 9.23921060648614 15.6549996500835 13.2599997036159 14.3926969054155 15.437070817221 14.5399996750057 -9999 16.4749996317551 7.22024953109212 5.91700490610674 6.04179509123787 6.2261116290465 6.24117251345888 6.25049591809511 6.18738364055753 6.21607103943825 6.19957578508183 6.04466383112594 5.94640948995948 6.01932329544798 4.23861277534161 6.14339629560709 6.54956205142662 5.38820052007213 6.90756774973124 -9999 -9999 -9999 -9999 -9999 -9999 -9999 -9999 -9999
8.18703877953812 9.69728689361364 9.62054810160771 9.59903255244717 9.28777427459136 9.22064576121047 9.03962827427313 9.19956052303314 9.12526015993208 9.05540634365752 8.47018340649083 8.63011565525085 8.46014281688258 8.39989927923307 8.38698994973674 8.56270026788116 8.69466230273247 8.67242956859991 8.8115634531714 8.87754447059706 8.87073121336289 8.02481153886765 8.79650256875902 8.79671772425063 8.08720663143322 8.20482496684417 8.07644885685295 7.58732870593667 8.53948140441207 -9999 -9999 -9999 -9999 -9999 16.3799996338785 9.94265769990971 6.80165256909095 6.96093935137615 6.12211980810389 6.11351358843967 6.08195744967088 6.046815386042 6.02243109699339 5.9392376402393 5.84887233376503 5.87755973264575 6.53234961209819 5.98704997170717 5.86249884823337 6.22413937037345 4.79030731506646 8.07352494889011 7.47307802169867 -9999 -9999 -9999 -9999 -9999 -9999 -9999 -9999 -9999
9.82494581863284 9.7277672549244 9.64134646579623 9.50364695116878 9.03532516444102 9.4609027268365 9.16943875420839 8.96934414701536 9.10976896453649 8.40291145611554 8.7475905536674 8.40993986884132 8.44221319258213 8.34969633119181 8.47018340649083 8.56485182279721 8.38985868962482 6.74334543086588 6.5247474513948 13.7616538172588 13.2824945687316 8.71797081432305 9.02055115401745 8.80259864102118 8.49627100984799 8.57360147945583 8.36610193742672 8.33373896556441 8.32647746772273 15.8449996458367 -9999 -9999 -9999 -9999 -9999 18.4799995869398 6.90008620650042 7.08511992928106 6.54180341400206 6.71427553333342 5.90481276158243 5.86608477309346 5.66742453584448 5.93278297549114 6.36381114367396 6.3496723542256 6.05924659222364 6.35141408915764 5.98991871159524 4.61029388708994 5.76080201920122 6.46403774351347 9.73303290248211 14.264208894223 8.98707141865703 21.624284265132 -9999 -9999 -9999 -9999 -9999 -9999
9.04823449393734 8.97221288690343 9.50493788411841 9.15652942471206 9.20673237275332 8.97651599673554 9.18109301000368 9.53699605236761 9.50113680376671 9.44985807826743 6.49333474962041 9.04572434653528 8.96396525972523 8.29934994615614 8.86678669601679 8.88148898794316 8.52755820425227 8.12019714014605 8.78502760920674 8.915196681628 8.85244299657643 9.00448621064425 8.68569749058224 8.6241630199831 8.31580934126396 6.25695058284327 7.97523612767691 8.2137897789944 8.78825494158082 8.46361840559313 15.736543744994 24.7149994475767 -9999 -9999 -9999 -9999 14.8744720929977 6.94240011984948 6.8155864485473 7.19182228754439 6.71164585510269 7.06996250073784 5.33034759899601 5.36596778593957 5.89853739307728 6.00844599003904 6.27703176205978 6.51388209906872 6.40056687348988 5.05136264488101 6.12696080666501 5.81994587322697 11.8979478865752 9.86999977938831 -9999 -9999 -9999 -9999 -9999 -9999 -9999 -9999
9.21964170224965 9.35805840184912 9.40252387011424 9.24546036124229 9.19525741320103 9.50135195925832 9.12515258218627 9.66357919992879 9.51691487315111 9.41866053198464 8.69021575590596 8.25502791488543 8.47032684348524 8.6720709761139 8.25502791488543 8.4450819324702 8.17470319801942 8.63657031999901 8.95786918746307 8.8553117364645 8.16466260841116 8.92631304869428 8.44974363478832 8.16588182286359 7.93148784438381 6.38202764196321 6.94917751783505 6.91317483223975 7.84185765250586 5.01392558934167 15.598820712586 -9999 -9999 -9999 -9999 -9999 -9999 -9999 -9999 -9999 -9999 -9999 -9999 -9999 -9999 -9999 9.40563167165965 6.18146686453838 6.86110720327124 7.56746819901925 9.87945187650621 21.2299995254725 -9999 -9999 -9999 -9999 -9999 -9999 -9999 -9999 -9999 -9999
9.67275916757062 9.24904628610238 9.23972288146615 9.28992582950741 9.64880518950522 9.51813408760354 9.43737905975431 9.54631945700385 9.54596086451784 9.15538192875683 8.91985838394612 7.99110384518281 8.46745810359716 8.60322121880017 8.57188023552299 8.70613726228476 8.25000762008131 8.20310372291133 8.74056214094162 8.80941189825535 8.17685475293547 8.64481794717722 7.9351634173654 7.43894690988389 11.3655754849436 15.5549996523187 11.785012347158 6.97126681497321 7.67080903667957 7.60941800307482 8.11340497658752 14.9283482909581 20.2913477043621 -9999 -9999 -9999 -9999 -9999 -9999 -9999 -9999 -9999 -9999 -9999 -9999 -9999 -9999 -9999 -9999 -9999 -9999 -9999 -9999 -9999 -9999 -9999 -9999 -9999 -9999 -9999 -9999 -9999
9.37684864811599 9.46950894650072 9.22996916584671 9.0744834639132 9.32004759833217 9.67899867682718 9.34600969431922 9.5205007980112 8.59784233151004 8.42284919833764 8.06999419210479 8.00759909953922 8.0664082672447 8.44924160530791 8.50819421000779 8.44278694055975 8.79076508898288 7.8275856715627 8.57919552223757 8.46372874174267 8.49851221288554 8.7197637767531 8.74120760741644 7.00741293756291 6.82582170264795 6.67922909436747 6.83213293040171 6.74908291064203 6.8715781038627 6.15926998965442 7.74681961009852 14.2602567472495 -9999 -9999 -9999 -9999 -9999 -9999 -9999 -9999 -9999 -9999 -9999 -9999 -9999 -9999 -9999 -9999 -9999 -9999 -9999 -9999 -9999 -9999 -9999 -9999 -9999 -9999 -9999 -9999 -9999 -9999
9.57895137323067 9.4247566042468 9.22537918202579 9.33797722263262 9.70087281847373 9.50795006100088 9.40658791828901 8.83307900233194 8.65449994429946 8.64230779977515 7.86989958491176 8.48739584581926 8.10011596092954 8.26793724438176 7.77021087380126 8.07501448690891 8.50173954525962 8.4450819324702 8.02983183367178 8.48022399609908 8.19442578474991 5.52628253335133 8.66908270539716 7.43944516470656 6.78852808410302 6.7958433708176 5.81767478748225 5.87497786674649 6.04882350396365 6.21176792960614 5.69353006882593 11.8124088130891 19.3399532868061 -9999 -9999 -9999 -9999 -9999 -9999 -9999 -9999 -9999 -9999 -9999 -9999 -9999 -9999 -9999 -9999 -9999 -9999 -9999 -9999 -9999 -9999 -9999 -9999 -9999 -9999 -9999 -9999 -9999
9.30498671391979 9.39176609553397 9.29064301447943 9.24617754621431 9.17517623398453 9.02743612974882 8.79363382887095 8.45799126196653 9.04321419913322 7.88496046932414 8.15139468642883 8.16035949857906 8.09258551872335 8.13740957947448 8.01226080185734 7.52995390817523 7.68486586213112 7.64470350369811 8.33606981672347 8.36834314046428 8.42535934573971 8.42786949314177 8.28371531376615 8.19458878133446 6.86306153231999 6.71150241810828 7.94529365509516 7.76662494894117 4.86238440475427 6.40383006511256 9.0265140347848 16.1182439480908 14.1711217627246 -9999 -9999 -9999 -9999 -9999 -9999 -9999 -9999 -9999 -9999 -9999 -9999 -9999 -9999 -9999 -9999 -9999 -9999 -9999 -9999 -9999 -9999 -9999 -9999 -9999 -9999 -9999 -9999 -9999
