EcologicalScience/Bass/data/rs_data_bass/sst_520.asc
NCOLS 226 
NROWS 124 
XLLCORNER -9.41648524995501 
YLLCORNER 47.587301625531 
CELLSIZE 0.0833 
NODATA_value -9999 
[rows 54 to 80 of 124, columns 124 to 185 of 226]
5.94354075007141 5.84313485398889 6.1701712012291 6.76902065286413 7.05840478907339 6.55135501385666 6.57609789539129 7.27660831680987 7.22479170258157 6.82998137548566 6.46995451953262 1.88499099342152 4.3499557422474 6.44700460042804 5.12738425191492 5.41282387077808 5.57777641434222 5.81229590019211 6.03247168660164 5.66383861098439 5.77715383656323 5.99159214319661 6.28348642680794 6.40182194719091 6.31217382568866 6.3853266928345 6.46457563224249 5.9951780680567 6.72383799962699 6.68654438108206 6.67148349666968 6.61984617868438 6.00450147269294 6.49935910338536 6.81276893615723 6.76471754303202 6.50151065830141 6.78981901705265 6.85580003447831 6.78264716733247 7.06521804630756 7.10107729490846 7.26674702344462 7.16132083255798 7.2739188731648 7.36213262472302 7.22515029506758 7.27822198299691 6.15726187173277 7.26029235869646 7.07310708099976 7.28467664774507 9.47424236731604 7.9789117006585 8.00831628451124 8.00759909953922 8.23996703047305 8.05493330769241 6.87487715473399 12.3325318457958 12.3939820756204 9.45482022293869
6.42262031137943 6.23184910882264 6.33584092976525 7.26549194974359 6.67435223655775 6.62307351105846 7.28485594398808 2.1109042596072 7.2459486592561 1.67485579662025 6.89506591169629 1.98396251956001 7.05661182664335 4.37147129140794 4.57084871362895 5.50032043736428 5.60431225830689 5.50605791714042 6.67004912672564 6.29854731122032 5.99732962297276 6.05542160570621 6.19240393536165 6.03677479643375 6.0747855999507 6.23471784871072 6.02027954207733 6.43481245590374 6.61410869890824 6.49003569874913 6.70734274527058 6.70949430018663 5.7362742931582 5.72766807349399 6.16084779659286 6.5725119705312 6.45489363512024 6.85866877436638 6.43266090098768 7.04011657228693 7.202200375963 7.35639514494687 7.30332345701754 7.36715291952714 7.2975859772414 7.12761313887313 6.55027923639864 7.11470380937681 7.11757254926488 7.18809573817998 9.46659239428118 10.5188855600872 9.1580662496521 8.1022675158456 7.46636350732297 8.34969633119181 10.4032500301871 -9999 -9999 -9999 -9999 -9999
6.64638202264905 6.7001708955504 6.81778923096135 6.72670673951507 7.20273826469202 8.86033203126863 8.76494642999023 2.9557481566444 2.38845484377816 2.30884731188416 2.04133731732145 3.7403485160321 4.52566606039181 4.86632892210037 5.30811486486346 5.50534073216841 5.78217413136736 5.96649066917598 6.22252570418641 6.26268806261942 6.50222784327343 6.31504256557673 6.0905636693351 6.44341867556795 6.36811425350606 6.45130771026015 6.52589494735003 6.28276924183592 6.50724813807756 6.67722097644582 6.76973783783615 6.43194371601567 6.84456413658336 6.59474470466375 7.06521804630756 7.02577287284657 6.92608416173607 6.91102327732369 6.68797875102609 5.98226873856038 7.2380596245639 7.23232214478776 7.26889857836068 7.02792442776263 7.10466321976855 7.30834375182167 7.27965635294095 9.24904628610238 7.00981550721917 9.38719404133735 9.00152782263467 7.9071932034567 8.237815475557 8.14973212126642 13.5473919608963 -9999 -9999 -9999 -9999 -9999 -9999 -9999
6.61123995902017 6.77547531761229 6.83141574542969 6.8077486413531 6.77404094766825 4.33991515263915 4.94019897421822 3.70377208245918 6.71774192736484 6.73925747652538 2.52615435840562 5.53976561082527 4.37505721626803 4.70639667334035 4.96386607829481 5.18332467973232 5.49027984775603 6.08841211441904 6.24690999323502 6.2899410915561 6.37098299339414 6.45489363512024 5.57490767445415 6.24906154815108 6.23184910882264 6.66502883192152 6.84002196509391 6.73029266437516 7.10681477468461 6.49720754846931 6.68797875102609 6.85651721945032 6.97556992480531 7.06880397116765 7.0867335954681 7.02505568787456 7.17781608691439 7.09533981513232 7.15988646261394 7.22873621992767 7.34922329522669 7.39512313343585 7.29328286740929 7.25025176908821 7.22658466501161 7.05015716189519 7.12976469378918 6.85353814341271 6.84468366741203 7.72502822056413 8.3867508880794 8.2337992397137 7.96026489138603 7.79029205301777 15.6599996499717 -9999 -9999 -9999 -9999 -9999 -9999 -9999
6.55529953120276 6.92393260682002 6.85006255470216 6.79483931185678 8.65521712927148 7.97747733071446 6.93379390018526 6.77260657772422 4.32485426822677 6.40469068707898 6.66359446197748 2.81015960732475 6.42477186629549 6.55458234623075 4.48693807190284 4.50343332625926 4.97318948293105 5.24571977229789 5.40995513089001 6.08410900458694 6.20244452496991 6.23902095854282 6.54525894159451 6.45345926517621 6.60119936941192 6.83643604023382 6.99565110402182 6.97054963000119 7.08099611569196 7.20148319099098 7.21726126037538 7.14554276317358 7.13119906373322 7.26961576333269 7.26459546852857 7.32340463623405 7.33703115070239 7.25240332400426 7.26459546852857 7.30834375182167 7.32914211601019 7.38579972879961 7.24881739914417 7.20148319099098 7.32985930098221 7.02505568787456 8.24929043510929 7.48835717979819 7.48979154974222 7.61745047476143 7.60023803543299 7.90217290865257 7.74259925237857 15.5772106388154 15.2549996590242 -9999 -9999 -9999 -9999 -9999 -9999 -9999
10.5557195585417 6.77260657772422 6.9153263871558 6.96481215022504 6.89357177633792 6.81515955273062 6.77153080026619 6.68475141865201 5.02124087605625 4.98968473728746 6.51513717276976 6.55386516125873 6.60741497250274 6.49756614095531 6.53844568436034 6.49541458603926 4.98179570259526 5.12523269699886 5.24930569715798 5.18189030978829 6.16013061162084 6.3896298026666 6.71451459499076 6.47640918428078 6.64136172784492 6.80918301129714 7.19574571121484 7.20650348579511 7.26459546852857 7.31838434142992 7.38866846868768 7.37002165941522 7.42022460745648 7.42381053231657 7.41090120282024 7.37791069410741 7.29830316221341 7.12402721401304 7.26674702344462 7.41807305254042 7.79029205301777 7.67052216269076 7.22156437020749 7.36284980969504 6.98991362424567 12.820268854266 9.28060242487118 8.50998717243783 9.30877754877188 8.18173161074519 8.02481153886765 7.57513656141236 9.3892559481319 7.46253852080554 15.4949996536598 10.4749997658655 23.7447889405303 -9999 -9999 -9999 -9999 -9999
-9999 -9999 -9999 -9999 -9999 14.4599996767938 6.86261329171248 6.79555649682879 6.72957547940314 6.68331704870798 6.25981932273135 6.40971098188311 6.47856073919684 6.51406139531173 6.17555008851923 6.49756614095531 6.50868250802159 4.83907589316368 4.93876460427418 4.87206640187651 7.21654407540336 4.66479994496331 6.9590746704489 7.59521774062887 6.38747824775055 7.06450086133555 7.28754538763314 7.29615160729736 7.39082002360374 7.48979154974222 7.52565079834312 7.50915554398671 7.52134768851101 7.45966978091747 7.41663868259639 7.40372935310006 6.99780265893787 7.2660298384726 7.16705831233412 7.38006224902347 7.35496077500284 8.07501448690891 5.54119998076931 6.96266059530899 7.0150150982663 16.1649996386841 -9999 19.9732924689306 17.4697613921627 16.3849996337667 7.98751792032272 7.56222723191604 5.77356791170314 6.17905326126716 5.37499987985939 5.37499987985939 -9999 -9999 -9999 -9999 -9999 -9999
-9999 -9999 -9999 -9999 -9999 -9999 -9999 14.1346339680704 6.94020718887735 7.07860549911857 6.50366221321747 6.57059947727248 6.58900722488761 6.06833093520254 6.51836450514384 6.47533340682276 6.45812096749432 6.47963651665486 6.27990050194785 6.68726156605408 6.24475843831897 5.70543533936143 7.61027862504125 7.20399333839305 7.26853998587467 7.16132083255798 7.37002165941522 7.37073884438723 7.41090120282024 7.47329629538581 7.47759940521792 7.48118533007801 7.36858728947118 7.34276863047853 8.19248938532546 7.6203192146495 7.22658466501161 6.0389263513498 5.82520522968844 6.73746451409534 6.6363414330408 6.12427136301994 7.80033264262602 5.72996306540445 7.35998106980696 15.7949996469542 -9999 -9999 -9999 -9999 -9999 -9999 -9999 -9999 -9999 -9999 -9999 -9999 -9999 -9999 -9999 -9999
-9999 -9999 -9999 -9999 -9999 -9999 -9999 -9999 14.4399996772408 14.2826807307079 6.76400035806 6.1823633457534 6.63132113823667 6.68032877799124 6.4810708865989 6.43696401081979 6.14901424455456 7.00999480346218 6.77475813264027 7.13478498859331 7.03653064742684 7.1943113412708 7.63968320889398 7.5249336133711 7.81252478715032 7.74510939978063 7.16705831233412 7.25598924886435 7.32770774606615 7.26244391361251 7.79531234782189 6.9350489738863 7.45178074622527 7.61529891984537 7.27822198299691 7.14841150306165 7.1025116648525 6.9311044565402 6.83213293040171 6.97772147972137 7.20363474590704 4.95203252625652 7.38508254382759 7.55003508739173 15.789999647066 -9999 -9999 -9999 -9999 -9999 -9999 -9999 -9999 -9999 -9999 -9999 -9999 -9999 -9999 -9999 -9999 -9999
-9999 -9999 -9999 -9999 -9999 -9999 -9999 -9999 -9999 14.7699996698648 6.6867834427394 6.72216456802562 6.75372070679441 6.58793144742958 6.30428479099646 6.4093523893971 5.73268836829811 5.52470472641289 6.22467725910246 7.08386485558003 7.03222753759474 6.90241705765948 6.99851984390989 7.45464948611334 7.74224065989256 7.44604326644912 8.06282234238461 7.2617267286405 7.19359415629879 7.38436535885558 7.4252449022606 7.45034637628123 6.48692789720371 7.5923490007408 7.58015685621649 7.32340463623405 7.48979154974222 7.45034637628123 6.62008524034172 6.17519149603322 6.25838495278731 6.79340494191274 6.81922360090539 7.06019775150344 15.2249996596947 -9999 -9999 -9999 -9999 -9999 -9999 -9999 -9999 -9999 -9999 -9999 -9999 -9999 -9999 -9999 -9999 -9999
-9999 -9999 -9999 -9999 -9999 -9999 -9999 -9999 -9999 14.9999996647239 6.83356730034575 6.15367594687268 6.68463188782334 5.84026611410081 6.03964353632182 6.35556351649575 6.32006286038086 6.19527267524973 7.26889857836068 6.77690968755633 6.48214666405693 5.69969785958529 7.00999480346218 7.82973722647876 7.87491987971589 6.8077486413531 7.26961576333269 7.30260627204552 7.9351634173654 7.54716634750366 7.38006224902347 7.65115816844627 7.67984556732699 7.67769401241094 7.61027862504125 7.56330300937407 7.49983213935047 6.41831720154732 6.56175419595093 6.7785831191577 6.90409048926085 6.45991392992437 4.45251319324598 8.72714053646528 14.8899996671826 -9999 -9999 -9999 -9999 -9999 -9999 -9999 -9999 -9999 -9999 -9999 -9999 -9999 -9999 -9999 -9999 -9999
-9999 -9999 -9999 -9999 -9999 -9999 -9999 -9999 -9999 15.7349996482953 6.67453153280076 6.69873652560636 6.91891231201589 6.51585435774177 6.32508315518498 6.39500868995674 7.02720724279061 7.02505568787456 6.98202458955348 7.66119875805452 7.16418957244605 7.61386454990134 7.24451428931206 7.22335733263753 7.19574571121484 7.3653599570971 7.37575913919136 7.48979154974222 5.94748526741751 4.68894517235458 7.42309334734455 7.61529891984537 6.60191655438393 6.74248480889946 6.60335092432797 6.61769462376833 6.61697743879631 4.98574021994136 6.14865565206856 6.22539444407448 6.70949430018663 6.81922360090539 7.65474409330636 10.7469814666057 15.7349996482953 -9999 -9999 -9999 -9999 -9999 -9999 -9999 -9999 -9999 -9999 -9999 -9999 -9999 -9999 -9999 -9999 -9999
-9999 -9999 -9999 -9999 -9999 -9999 -9999 -9999 -9999 8.15060578295961 7.24021117947996 6.99765922194347 5.60771888692398 7.38723409874365 7.35998106980696 7.22801903495565 6.70949430018663 7.13478498859331 7.26531265350059 7.32985930098221 7.06234930641949 6.81778923096135 7.17638171697035 7.07669300585985 6.72455518459901 7.06019775150344 7.10179447988048 7.17996764183044 7.51991331856698 5.69754630466923 5.23472293606028 5.28516494575888 6.49362162360922 6.48716695886105 6.29998168116435 6.72383799962699 6.83069856045768 6.78479872224852 7.76519057899714 6.29567857133225 7.81467634206638 7.18570512160659 7.05015716189519 13.5974129629964 -9999 -9999 -9999 -9999 -9999 -9999 -9999 -9999 -9999 -9999 -9999 -9999 -9999 -9999 -9999 -9999 -9999 -9999
-9999 -9999 -9999 -9999 -9999 -9999 -9999 -9999 16.8176349794517 7.31479841656983 7.05015716189519 7.17494734702632 6.37528610322624 7.19359415629879 7.13406780362129 7.2896969425492 7.36284980969504 7.39512313343585 7.71498763095587 7.80535293743014 7.72000792576 7.16490675741807 7.1821191967465 7.19502852624282 7.73004851536825 7.00091046048328 6.66000853711739 6.89165928307921 7.00784324854612 6.93971067620441 5.70639158599079 7.05159153183922 7.35998106980696 7.77343820617534 7.05015716189519 7.72574540553614 8.57847833726555 8.47520370129496 8.44006163766608 6.39393291249871 7.8196966368705 7.76017028419301 11.0563524155878 -9999 -9999 -9999 -9999 -9999 -9999 -9999 -9999 -9999 -9999 -9999 -9999 -9999 -9999 -9999 -9999 -9999 -9999 -9999
-9999 -9999 -9999 -9999 -9999 -9999 -9999 -9999 12.3583013263904 7.17925045685843 7.2301705898717 7.41879023751244 7.43528549186885 7.38579972879961 7.34850611025468 7.32483900617808 7.62533950945362 7.80033264262602 6.88377024838701 6.88161869347095 4.58519241306931 7.2380596245639 7.23877680953592 7.11900691920891 7.47759940521792 6.55386516125873 6.60908840410411 6.87086091889068 6.57824945030734 6.88018432352692 6.91030609235168 7.09031952032819 8.58134707715362 8.63011565525085 8.70470289234072 8.6602374240756 5.99087495822459 6.08877070690505 6.25551621289924 7.56222723191604 7.88998076412827 7.2301705898717 14.1349996840581 -9999 -9999 -9999 -9999 -9999 -9999 -9999 -9999 -9999 -9999 -9999 -9999 -9999 -9999 -9999 -9999 -9999 -9999 -9999
-9999 -9999 -9999 -9999 -9999 -9999 -9999 11.7049997383729 7.23116361521758 6.76973783783615 7.31981871137396 7.4611041508615 7.57370219146833 7.64398631872609 7.66191594302654 7.73363444022834 7.94520400697365 7.91651660809293 7.95524459658191 7.68773460201919 7.46971037052572 5.10443433281034 7.64470350369811 7.23088777484372 7.24953458411619 6.43983275070786 6.49147006869316 6.6922818608582 5.25719473185018 7.38006224902347 6.69013030594215 6.60980558907613 6.5847041150555 7.16849268227816 7.361415439751 7.36213262472302 7.59736929554492 7.24523147428408 7.67482527252287 7.92512282775715 9.2594902922574 16.1449996391311 -9999 -9999 -9999 -9999 -9999 -9999 -9999 -9999 -9999 -9999 -9999 -9999 -9999 -9999 -9999 -9999 -9999 -9999 -9999 -9999
-9999 -9999 -9999 3.8400372271426 -9999 10.814040594143 9.53018279513344 7.58159122616053 7.50643024109304 6.48668883554637 6.86942654894665 5.85891292337328 7.65259253839031 7.81754508195445 7.91221349826083 7.98034607060254 8.0348521284759 8.10513625573367 7.98464918043464 7.5686818966642 7.28467664774507 7.02505568787456 7.37360758427531 7.2896969425492 7.30117190210149 7.22730184998363 7.01931820809841 6.93469038140029 4.88856165623292 5.26508376654238 6.83858759514987 6.78336435230449 6.79914242168888 7.09820855502039 7.50700398907065 7.41663868259639 7.41950742248446 7.53999449778348 7.560792861972 18.1370555384022 13.2949997028336 -9999 -9999 -9999 -9999 -9999 -9999 -9999 -9999 -9999 -9999 -9999 -9999 -9999 -9999 -9999 -9999 -9999 -9999 -9999 -9999 -9999
-9999 -9999 3.88019958557561 -9999 8.50989752431633 7.82471693167463 7.41018401784822 7.5245750208851 7.53497420297936 7.24845880665816 7.44030578667298 7.63394572911784 7.71809543250129 7.78742331312969 7.96528518619016 7.80535293743014 8.01333657931536 7.85627307044342 7.91149631328881 7.76088746916503 7.84551529586315 7.48835717979819 7.44174015661702 7.4331339369528 7.36787010449916 7.20865504071116 7.32914211601019 6.86153751425445 6.76400035806 6.87803276861086 6.81061738124117 6.82065797084942 6.81205175118521 7.33272804087028 7.98178044054657 7.66478468291461 8.65019683446735 9.71974782296456 16.1265853609961 -9999 -9999 -9999 -9999 -9999 -9999 -9999 -9999 -9999 -9999 -9999 -9999 -9999 -9999 -9999 -9999 -9999 -9999 -9999 -9999 -9999 -9999 -9999
16.7749996250495 16.7749996250495 -9999 10.7499997597188 8.14027831936255 7.97747733071446 7.0465712370351 7.38866846868768 7.66478468291461 7.48763999482617 7.83977781608701 7.78025146340951 7.76017028419301 7.86320585850626 7.98034607060254 7.96887111105025 7.77021087380126 7.39225439354777 7.64183476381004 7.76877650385723 7.7558671743609 7.57800530130044 7.4847712549381 7.43241675198078 7.35137485014275 7.27607042808086 7.1900082314387 6.99565110402182 6.92823571665213 6.87516402872279 7.10466321976855 6.82065797084942 7.56437878683209 8.05349893774837 7.14697713311762 7.31910152640194 8.6402586998551 10.706395422099 -9999 -9999 -9999 -9999 -9999 -9999 -9999 -9999 -9999 -9999 -9999 -9999 -9999 -9999 -9999 -9999 -9999 -9999 -9999 -9999 -9999 -9999 -9999 -9999
10.2107069588759 13.5081209609285 10.6722102149506 8.32005268568173 7.83475752128288 8.17291023558937 7.89810886047781 7.95524459658191 7.30475782696158 7.72574540553614 7.91006194334477 8.08505507651716 8.19215469900519 7.85268714558333 8.09868159098551 8.05493330769241 7.88209172943607 7.87348550977185 7.58230841113254 7.54931790241972 7.68127993727103 7.55146945733577 7.49194310465828 7.44245734158903 7.31981871137396 7.28611101768911 7.11111788451672 7.01429791329429 6.97772147972137 6.82926419051364 6.91317483223975 6.93469038140029 7.48118533007801 7.67267371760681 9.19023711839691 14.292086099341 13.2392678745091 12.0649997303262 10.5331031323948 13.2399997040629 -9999 -9999 -9999 -9999 -9999 -9999 -9999 -9999 -9999 -9999 -9999 -9999 -9999 -9999 -9999 -9999 -9999 -9999 -9999 -9999 -9999 -9999
8.56987211760134 7.94520400697365 8.16681416332722 7.88687296258286 8.03126620361581 8.07501448690891 8.21486555645242 8.03939429996535 7.90743226511404 7.94018371216953 7.93014312256128 7.68653929373249 8.14027831936255 8.06712545221671 8.1727907047607 8.12019714014605 7.38723409874365 7.89786979882047 8.19980467204005 7.62175358459353 8.00975065445527 7.57441937644035 7.52636798331514 7.56437878683209 7.27750479802489 7.24881739914417 7.16132083255798 7.10179447988048 7.10394603479654 7.20793785573915 7.0508743468672 7.09749137004837 7.1462599481456 18.5540697371277 8.55450386820095 11.677602829929 19.5301001388741 10.9952813568167 19.519999563694 -9999 -9999 -9999 -9999 -9999 -9999 -9999 -9999 -9999 -9999 -9999 -9999 -9999 -9999 -9999 -9999 -9999 -9999 -9999 -9999 -9999 -9999 -9999
8.37838373007253 8.32244330225512 8.23996703047305 8.2098452616483 8.13525802455842 8.13167209969833 8.11015655053779 8.38483839482069 8.1503189089708 7.81921851355582 7.92918687593192 8.43002104805782 8.16753134829924 8.16466260841116 8.26004820968956 8.2177342963405 8.16561885504052 8.20267341192812 7.59593492560089 7.84694966580719 7.59952085046098 7.46397289074957 7.67195653263479 7.4173558675684 7.37504195421934 7.36715291952714 7.34420300042257 7.26674702344462 7.21367533551529 7.16705831233412 7.15199742792174 7.32340463623405 7.78867838683072 8.74665821320377 8.38118727132678 9.23586111623221 14.6749996719882 -9999 -9999 -9999 -9999 -9999 -9999 -9999 -9999 -9999 -9999 -9999 -9999 -9999 -9999 -9999 -9999 -9999 -9999 -9999 -9999 -9999 -9999 -9999 -9999 -9999
8.36906032543629 7.86774802999571 8.29829807486385 8.24498732527718 8.16466260841116 8.16466260841116 8.16753134829924 8.21988585125655 7.8275856715627 8.19813124043867 8.35973692080006 8.35471662599593 8.28299812879413 8.26506850449368 8.24283577036113 8.21295306319371 8.18832971248776 8.16466260841116 8.25574509985745 7.9509414867498 7.50772117404267 7.799615457654 7.70494704134762 7.60023803543299 7.51847894862294 7.3176671564579 7.26674702344462 7.4130527577363 7.18570512160659 7.13908809842542 8.45560064539313 16.3599996343255 -9999 -9999 -9999 13.6052278061397 -9999 -9999 -9999 -9999 -9999 -9999 -9999 -9999 -9999 -9999 -9999 -9999 -9999 -9999 -9999 -9999 -9999 -9999 -9999 -9999 -9999 -9999 -9999 -9999 -9999 -9999
8.21486555645242 8.20482496684417 8.31598863750696 8.21988585125655 8.40993986884132 8.22490614606068 8.32029174733907 7.92440564278513 8.14458142919466 8.34634946798906 8.35256507107988 7.84264655597508 8.41280860872939 8.46516311168671 8.19263282231987 8.37694936012849 8.23494673566893 8.39989927923307 8.34252448147163 7.89500105893239 7.79244360793382 7.83332315133885 7.66119875805452 7.76734213391319 7.77451398363337 7.72574540553614 7.65474409330636 7.41663868259639 7.40157779818401 7.36500136461109 8.27170246548485 9.14648883510381 12.1154297092663 13.6226620552533 -9999 -9999 -9999 -9999 -9999 -9999 -9999 -9999 -9999 -9999 -9999 -9999 -9999 -9999 -9999 -9999 -9999 -9999 -9999 -9999 -9999 -9999 -9999 -9999 -9999 -9999 -9999 -9999
8.42715230816975 8.76733704656363 8.59999388642609 8.93739681644365 8.37981810001656 8.55305811436847 8.31527145253494 8.35973692080006 8.46229437179863 8.40778831392527 8.28730123862624 8.42930386308581 8.49026458570734 8.30021056812257 8.23351236572489 8.35686818091199 8.09222692623734 7.8713339548558 8.22634051600471 7.81754508195445 7.7838373882696 7.81682789698243 7.71283607603982 7.84766685077921 7.12044128915295 7.63035980425775 8.0068819145672 7.98895229026675 8.16566666737199 7.38311028515454 10.9323690635501 11.2742741920852 10.7161377944867 8.76625040266663 16.2944827183199 4.99999988824129 -9999 -9999 -9999 -9999 -9999 -9999 -9999 -9999 -9999 -9999 -9999 -9999 -9999 -9999 -9999 -9999 -9999 -9999 -9999 -9999 -9999 -9999 -9999 -9999 -9999 -9999
-9999 -9999 -9999 -9999 7.15999983996153 12.3925960872023 8.55983152799308 8.29519027331844 8.44603817909956 8.34061198821291 8.20769370673224 8.50532547011971 8.61003447603434 8.5447706435807 8.15533920377493 7.91006194334477 7.89500105893239 7.84479811089113 7.84838403575122 7.98823510529473 8.03628649841994 8.02768027875572 8.08075196668506 8.18115786276758 7.96958829602227 8.2299264408648 8.31025115773082 -9999 -9999 -9999 -9999 -9999 -9999 -9999 -9999 -9999 -9999 -9999 -9999 -9999 -9999 -9999 -9999 -9999 -9999 -9999 -9999 -9999 -9999 -9999 -9999 -9999 -9999 -9999 -9999 -9999 -9999 -9999 -9999 -9999 -9999 -9999
-9999 -9999 -9999 -9999 -9999 6.54282051268965 8.49528488051146 8.29016997851431 8.41998045844957 8.5605487129651 8.40993986884132 8.51966916956007 5.87062694458291 8.25717946980149 8.26506850449368 8.38770713470876 7.9946897700429 7.98393199546263 8.00544754462317 8.45010222727433 8.16681416332722 8.23136081080884 8.40061646420509 8.5796920349105 16.8999996222556 -9999 -9999 -9999 -9999 -9999 -9999 -9999 -9999 -9999 -9999 -9999 -9999 -9999 -9999 -9999 -9999 -9999 -9999 -9999 -9999 -9999 -9999 -9999 -9999 -9999 -9999 -9999 -9999 -9999 -9999 -9999 -9999 -9999 -9999 -9999 -9999 -9999
