EcologicalScience/Bass/data/rs_data_bass/sst_173.asc
NCOLS 226 
NROWS 124 
XLLCORNER -9.41648524995501 
YLLCORNER 47.587301625531 
CELLSIZE 0.0833 
NODATA_value -9999 
[rows 81 to 107 of 124, columns 62 to 123 of 226]
15.1623864888733 -9999 -9999 -9999 -9999 -9999 -9999 -9999 -9999 -9999 -9999 -9999 -9999 -9999 -9999 -9999 -9999 -9999 -9999 -9999 -9999 -9999 -9999 -9999 -9999 -9999 -9999 -9999 -9999 -9999 -9999 -9999 -9999 -9999 -9999 -9999 -9999 -9999 -9999 -9999 -9999 -9999 -9999 -9999 -9999 -9999 -9999 -9999 -9999 -9999 -9999 -9999 -9999 -9999 -9999 -9999 -9999 -9999 -9999 -9999 -9999 -9999
14.9723729515257 -9999 -9999 -9999 -9999 -9999 -9999 -9999 -9999 -9999 -9999 -9999 -9999 -9999 -9999 -9999 -9999 -9999 -9999 -9999 -9999 -9999 -9999 -9999 -9999 -9999 -9999 -9999 -9999 -9999 -9999 -9999 -9999 -9999 -9999 -9999 -9999 -9999 -9999 -9999 -9999 -9999 -9999 -9999 -9999 -9999 -9999 -9999 -9999 -9999 -9999 -9999 -9999 -9999 -9999 -9999 -9999 -9999 -9999 -9999 -9999 -9999
-9999 -9999 -9999 -9999 -9999 -9999 -9999 -9999 -9999 -9999 -9999 -9999 -9999 -9999 -9999 -9999 -9999 -9999 -9999 -9999 -9999 -9999 -9999 -9999 -9999 -9999 -9999 -9999 -9999 -9999 -9999 -9999 -9999 -9999 -9999 -9999 -9999 -9999 -9999 -9999 -9999 -9999 -9999 -9999 -9999 -9999 -9999 -9999 -9999 -9999 -9999 -9999 -9999 -9999 -9999 -9999 -9999 -9999 -9999 -9999 15.8431440923909 -9999
-9999 -9999 -9999 -9999 -9999 -9999 -9999 -9999 -9999 -9999 -9999 -9999 -9999 -9999 -9999 -9999 -9999 -9999 -9999 -9999 -9999 -9999 -9999 -9999 -9999 -9999 -9999 -9999 -9999 -9999 -9999 -9999 -9999 11.3199997469783 11.209999749437 11.1449997508898 -9999 -9999 -9999 -9999 -9999 -9999 -9999 -9999 -9999 -9999 -9999 -9999 -9999 -9999 -9999 -9999 -9999 -9999 -9999 -9999 17.2699996139854 15.0827391846464 16.2573778326623 16.3412884743884 16.3685415033251 16.4940488734283
-9999 -9999 -9999 -9999 -9999 -9999 -9999 -9999 -9999 -9999 -9999 -9999 -9999 -9999 -9999 -9999 -9999 -9999 -9999 -9999 -9999 -9999 -9999 -9999 -9999 -9999 -9999 -9999 -9999 -9999 -9999 -9999 9.78999978117645 10.5578774439637 16.2347865060437 15.4677571784705 15.5201116814278 16.2375574479811 15.6800439301878 15.727378138341 13.3138814402259 -9999 17.3042629818166 16.4684692760929 15.5581224849448 15.9410992600024 16.0271614566445 16.0077974624 16.1175267631188 16.3484603241086 16.4660786595196 16.2996917460114 14.1288923665415 -9999 16.6373171184267 15.9869990982115 16.1232642428949 16.3692586882971 16.5091097578406 16.5607470758259 16.6102328388952 16.6367686828598
-9999 -9999 -9999 -9999 -9999 -9999 -9999 -9999 -9999 -9999 -9999 -9999 13.5485533910322 14.7455519116484 16.3922086074017 16.2996917460114 16.2279732488096 16.2882167864591 16.3161870003678 -9999 -9999 -9999 -9999 -9999 -9999 11.894999734126 11.3295046020287 16.4217327220831 16.2179326592013 16.1677297111601 16.0178380520083 16.0214239768684 16.4500615284778 16.3451134609058 15.6699996497482 14.2475181760799 15.5552537450567 15.9597460692748 15.7811670112424 15.806268485263 15.8700979477726 15.7983794505708 15.9884334681556 16.045091080945 16.1017486937344 16.205023329705 16.3197729252279 16.3714102432132 16.4538865149952 16.3549149888568 16.2007202198729 16.2186498441733 16.1039002486505 16.284630861599 16.3893398675136 16.48400828382 16.5686361105181 16.605212544091 16.6310312030837 16.6468092724681 16.4180272663943 16.7952665616758
-9999 -9999 -9999 -9999 -9999 -9999 -9999 -9999 21.0967515980141 12.9296395624988 15.8622089130804 15.8579058032483 16.283196491655 16.4194616363384 16.3721274281852 16.5126956827007 16.4954832433723 16.523453457281 16.4517349600792 16.5872829197906 16.4553208849393 14.4090496933611 16.5614642607979 16.3276619599201 16.3577837287448 17.4326930154899 -9999 16.126132982783 16.4503005901352 16.4251991161145 16.5105441277847 16.3549149888568 16.4295022259466 16.6231421683915 15.2139135419857 9.21999979391694 15.379073319897 15.8830072772689 15.804834115319 16.0300301965326 16.1569719365798 16.1842249655165 16.3513290639967 16.6310312030837 16.6360514978878 16.7429120587185 16.8691366137937 16.763710422907 16.763710422907 16.7823572321795 16.5980406943709 16.4373912606388 16.5083925728686 16.4581896248274 16.5614642607979 16.683385706041 16.6116672088392 16.6697591915727 16.7414776887745 16.7751853824593 16.803155596368 16.8347117351368
-9999 -9999 -9999 -9999 -9999 -9999 -9999 -9999 12.437135715919 16.1498000868596 16.3283791448921 16.3140354454517 16.4954832433723 16.6231421683915 16.5801110700704 16.524887827225 16.603060989175 16.5306253070012 16.5184331624769 16.4926145034842 16.5614642607979 16.6281624631956 16.4388256305829 16.6927091106772 16.2781761968508 16.3197729252279 16.3592180986889 16.4194616363384 16.5772423301823 16.7486495384946 16.7529526483268 16.8863490531221 16.8626819490455 16.4158757114783 16.2953886361793 16.1483657169156 16.0300301965326 16.1132236532867 16.5334940468892 16.5521408561617 16.681234151125 16.6382030528039 16.6962950355373 16.8103274460882 16.883480313234 16.9559159954078 16.9587847352959 16.8160649258643 16.8239539605565 16.8497726195492 16.7773369373754 16.7565385731868 16.7436292436905 16.6295968331397 16.6676076366566 16.7256996193901 16.7364573939703 16.722830879502 16.7464979835786 16.760841683019 16.840449214913 16.8712881687097
-9999 -9999 -9999 -9999 -9999 -9999 -9999 -9999 16.124698612839 16.3678243183531 16.5808282550424 16.5786767001264 16.5951719544828 16.6152531336993 16.724265249446 16.7414776887745 16.7565385731868 16.5715048504062 16.5141300526448 16.5055238329805 16.4632099196315 16.445280295331 16.445280295331 16.64394053258 16.6876888158731 16.5550095960498 16.5672017405741 16.72211369453 16.762993237935 16.9250770416111 16.9781487295404 16.8605303941295 16.5973235093988 16.3319650697522 16.2423169482499 16.2265388788655 16.283196491655 16.3161870003678 16.8110446310602 16.6783654112369 16.6482436424121 16.8748740935698 16.8971068277024 16.8483382496051 16.7766197524033 16.841883584857 16.8913693479262 16.9021271225065 16.8877834230661 16.8469038796611 16.4761192491278 16.7837916021235 16.6159703186713 16.6503951973282 16.6166875036433 16.6984465904534 16.6984465904534 16.7730338275433 16.7687307177112 16.8210852206685 16.8741569085978 16.922925486695
10.8266338030066 9.40499978978187 -9999 -9999 -9999 -9999 -9999 -9999 16.5906297829933 16.4495834051631 16.5126956827007 16.443845925387 16.4646442895755 16.4646442895755 16.4589068097994 16.5205847173929 16.6217077984475 16.7522354633547 16.6855372609571 16.3929257923737 16.4567552548833 16.5141300526448 16.5915860296227 16.7450636136346 16.8913693479262 16.7780541223474 16.8619647640735 16.8863490531221 16.8153477408923 16.7414776887745 16.8002868564799 16.7321542841382 16.9300973364152 16.8081758911721 16.3857539426535 16.3706930582412 16.4187444513664 16.5284737520851 16.8390148449689 16.7163762147538 16.7321542841382 16.7486495384946 16.8519241744652 16.3298135148361 16.9573503653519 16.7500839084387 16.7837916021235 16.9014099375345 16.840449214913 16.7335886540823 16.6138187637553 16.5937375845388 16.6912747407332 16.6661732667126 16.7206793245859 16.6884060008451 16.7852259720676 16.8239539605565 16.9006927525625 16.8741569085978 16.8770256484859 16.9372691861354
15.3049561898224 15.4950102074072 15.7919247858226 15.8292184043676 16.8281835129556 -9999 16.1899624452926 16.124698612839 16.2824793066829 16.4553208849393 16.522736272309 16.564333000686 16.5313424919732 16.5406658966094 16.5786767001264 16.5585955209099 16.523453457281 16.760841683019 16.8110446310602 16.8239539605565 16.7486495384946 16.7923978217877 16.8720053536817 16.7737510125153 16.7127902898937 16.7149418448098 16.7113559199497 16.6876888158731 16.7787713073194 16.6690420066006 16.7414776887745 16.7809228622355 16.6539811221883 16.5880001047626 16.7780541223474 16.5765251452103 16.7651447928511 16.9128848970868 16.7120731049217 16.6984465904534 16.7988524865359 16.8088930761442 16.7371745789424 16.6927091106772 16.7694479026832 16.7708822726272 16.8583788392134 16.8153477408923 16.8942380878143 16.5707876654342 16.7457807986066 16.684102891013 16.6697591915727 16.7013153303415 16.760841683019 16.7959837466478 16.8124790010042 16.8225195906125 16.8131961859763 16.8899349779822 16.8755912785418 16.801004041452
15.6563768261112 15.8744010576047 15.7940763407387 15.6707205255516 15.3114108545706 15.207419033628 15.7976622655988 15.9948881329037 16.3742789831012 16.4567552548833 16.5091097578406 16.5507064862177 16.6224249834195 16.7056184401736 16.6489608273841 16.6489608273841 16.5966063244268 16.724265249446 16.6690420066006 16.6095156539232 16.7149418448098 16.6568498620763 16.6195562435314 16.6697591915727 16.8748740935698 16.9064302323386 16.8677022438496 16.9035614924505 16.8741569085978 16.8519241744652 16.8253883305006 16.5923032145947 16.8698537987657 16.087404994294 16.5048066480085 16.7020325153135 16.761558867991 16.7837916021235 16.842600769829 16.8268227004446 16.7321542841382 16.6217077984475 16.5327768619172 16.5973235093988 16.5607470758259 16.6123843938112 16.7579729431309 16.9458754057996 16.8476210646331 16.6496780123562 16.6747794863768 16.644657717552 16.7049012552015 16.6181218735874 16.7099215500057 16.8110446310602 16.9379863711074 16.8598132091574 16.8139133709483 16.8382976599969 16.9085817872547 16.9551988104358
15.8098544101231 15.6362956468947 15.8442792887799 15.6735892654397 15.8155918898992 15.407513640821 15.7625202019699 16.1562547516078 16.325510405004 16.4065523068421 16.443128740415 16.4359568906948 16.5571611509658 16.6202734285034 16.6898403707892 16.6360514978878 16.5786767001264 16.7149418448098 16.6884060008451 16.5750907752663 16.5801110700704 16.6962950355373 16.841166399885 16.7845087870955 16.9580675503239 16.9709768798202 16.9774315445684 17.0183110879734 16.9394207410514 16.8483382496051 16.7328714691103 16.9107333421707 16.7594073130749 16.9265114115551 16.8942380878143 16.6676076366566 16.8067415212281 16.8949552727863 16.9702596948482 16.7256996193901 16.6704763765447 16.8325601802208 16.8490554345772 16.6941434806213 16.7300027292222 16.7343058390543 16.8375804750249 16.7952665616758 16.7773369373754 16.7307199141942 16.5421002665535 16.722830879502 16.8239539605565 16.7766197524033 16.7866603420116 16.8684194288217 16.8253883305006 16.844035139773 16.7594073130749 16.961653475184 16.9910580590367 17.0097048683092
15.2203283631243 15.1141849872656 15.250450131949 15.8292184043676 15.7754295314662 16.0909909191541 15.9748069536872 16.1053346185945 16.205023329705 16.3420056593604 16.3771477229893 16.5069582029246 16.564333000686 16.6346171279438 16.6539811221883 16.6245765383355 16.6676076366566 16.7271339893341 16.6382030528039 16.6891231858172 16.7393261338584 16.8375804750249 16.883480313234 16.841883584857 16.9344004462473 16.9136020820588 16.9243598566391 16.8949552727863 16.922925486695 16.9681081399322 16.9953611688688 17.0254829376936 16.9286629664712 16.9853205792606 17.0097048683092 16.8590960241854 16.7450636136346 16.7486495384946 16.843317954801 16.9480269607157 17.001815833617 16.9724112497643 16.8203680356964 16.6955778505653 16.7328714691103 16.8081758911721 16.684820075985 16.5858485498466 16.7307199141942 16.7192449546419 16.681234151125 16.7759025674313 16.6382030528039 16.8239539605565 16.8153477408923 16.8239539605565 17.0269173076376 17.0527359666303 16.9781487295404 17.119434169028 17.2262947298586 17.242072799243
15.0123447212391 15.3738059471361 15.5064851669595 15.5531021901406 15.7460249476135 15.9396648900583 15.9217352657579 16.0744956647977 16.0608691503294 16.324793220032 16.40224919701 16.3850367576815 16.4574724398553 16.4754020641558 16.5492721162736 16.5901516596787 16.6087984689511 16.6410717926919 16.6927091106772 16.6740623014048 16.6740623014048 16.7837916021235 16.840449214913 16.9157536369748 16.9136020820588 16.7178105846979 16.8261055154726 16.7830744171515 16.8555100993253 16.9193395618349 16.9200567468069 17.0462813018821 17.0792718105949 17.120151354 17.1373637933284 17.0979186198674 17.120151354 17.2349009495229 17.3066194467247 16.644657717552 16.6238593533635 16.6288796481676 16.8347117351368 16.6970122205094 16.6468092724681 16.6539811221883 16.5980406943709 16.6762138563208 16.6769310412928 16.5327768619172 16.6468092724681 16.8117618160322 16.9286629664712 16.9437238508835 17.0520187816583 17.0348063423298 16.9831690243445 17.1488387528807 17.1638996372931 17.1481215679087 16.9580675503239 17.0921811400913
15.4569994038902 15.5703146294691 15.5968504734337 15.5703146294691 15.9059571963735 15.9776756935753 16.0300301965326 16.0917081041262 16.2222357690334 16.3054292257875 16.3585009137169 16.0816675145179 16.2487716129981 16.4173100814223 16.283913676627 16.3204901101999 16.3943601623178 16.3821680177934 16.3893398675136 16.364238393493 16.5342112318613 16.7149418448098 16.6303140181117 16.6604357869364 16.8289742553607 16.8698537987657 16.9193395618349 16.8598132091574 16.8526413594373 16.9774315445684 16.9171880069189 16.9788659145124 17.0685140360147 17.1538590476848 16.8275398854166 17.2291634697467 17.0448469319381 16.6374858678319 16.6884060008451 16.7357402089983 16.7285683592781 16.6762138563208 16.8117618160322 16.9437238508835 16.9508957006037 16.8906521629542 16.6647388967685 16.6604357869364 16.6353343129158 16.8368632900529 16.8096102611162 16.8096102611162 16.8490554345772 16.762276052963 16.8598132091574 16.881328758318 16.9336832612753 16.9874721341766 16.962370660156 16.961653475184 16.7450636136346 16.7099215500057
15.488555542659 15.7410046528094 15.7058625891805 15.6807611151598 15.7488936875015 16.0142521271482 16.2150639193133 16.2516403528862 16.3097323356196 16.1082033584826 16.1282845376991 16.1727500059642 16.2516403528862 16.3011261159554 16.2315591736697 16.2631153124385 16.3333994396962 16.3735617981292 16.6009094342589 16.3527634339407 16.4918973185122 16.6769310412928 16.4718161392957 16.5428174515255 16.6941434806213 16.2200842141174 16.5048066480085 16.563615815714 16.5564439659938 16.5686361105181 16.6338999429718 16.7508010934107 16.3420056593604 16.9946439838968 17.1739402269013 17.2227088049985 16.5851313648745 16.8885006080382 16.9293801514432 16.8971068277024 16.762993237935 16.8311258102767 16.8275398854166 16.7974181165919 16.7529526483268 16.6353343129158 16.7472151685506 16.7099215500057 16.8131961859763 16.9415722959675 16.8590960241854 16.7816400472075 16.5564439659938 16.7536698332988 16.7393261338584 16.7601244980469 17.0850092903711 17.1199996173382 -9999 -9999 -9999 -9999
15.5437787855044 15.6721548954956 15.7890560459346 15.8342386991717 15.8206121847034 15.9920193930157 15.9525742195547 16.2251045089215 16.3864711276256 16.365672763437 16.3169041853398 16.2380138384178 16.3427228443325 16.4000976420939 16.2889339714311 16.4338053357787 16.3764305380173 16.4151585265063 16.4624927346595 16.525605012197 16.524887827225 16.56218144577 16.4574724398553 16.4395428155549 16.4639271046035 16.563615815714 16.5098269428127 16.4789879890159 16.563615815714 16.5715048504062 16.3570665437728 16.2301248037256 17.1280403886922 17.0936155100353 17.1007873597555 16.4323709658347 16.5750907752663 16.7077699950896 16.7436292436905 16.7658619778231 16.9265114115551 17.0484328567982 17.0455641169101 16.9157536369748 17.159596527461 17.0885952152312 16.9544816254638 17.0878780302592 17.0283516775817 17.0269173076376 16.9300973364152 16.8913693479262 16.5370799717493 16.4251991161145 16.8156085354276 17.9999995976686 -9999 -9999 -9999 -9999 -9999 -9999
15.3537247679196 15.6047395081259 15.9066743813455 16.0027771675959 16.1576891215518 16.0902737341821 16.1913968152367 16.326227589976 16.4746848791838 16.5385143416934 16.5808282550424 16.6095156539232 16.4732505092397 16.5155644225888 16.5076753878966 16.444563110359 16.4079866767861 16.3886226825416 16.6001922492869 16.3986632721499 16.5550095960498 16.6475264574401 16.3929257923737 16.3197729252279 16.5772423301823 17.1653340072371 17.0111392382532 16.7873775269836 17.1552934176289 16.2599996365607 16.2099996376783 16.1548203816637 16.5966715230606 16.6299996282905 -9999 17.344999612309 16.9114505271427 16.9379863711074 16.8612475791015 16.7687307177112 16.7680135327391 16.9150364520028 16.9910580590367 17.1725058569573 17.1244544638321 17.2377696894109 17.3051850767806 17.3180944062769 17.2635883484036 16.8978240126744 16.8540757293813 16.8153477408923 16.723548064474 14.3949996782467 -9999 -9999 -9999 -9999 -9999 -9999 -9999 -9999
15.2045502937399 15.6176488376223 15.7976622655988 15.9159977859817 15.9554429594427 16.325510405004 16.2487716129981 16.3714102432132 16.5485549313016 16.5743735902943 16.6611529719085 16.6676076366566 16.7350230240263 16.7364573939703 16.7558213882148 16.7751853824593 16.7099215500057 16.6202734285034 16.4216131912544 16.283913676627 16.4610583647154 16.6317483880557 16.2681356072426 16.40224919701 17.0699484059587 16.8877834230661 16.7895290818997 16.5069582029246 16.5836969949305 -9999 -9999 -9999 -9999 -9999 16.3799996338785 17.4349955567159 16.9035614924505 17.0054017584771 16.9473097757436 16.7651447928511 16.9551988104358 16.9250770416111 16.5055238329805 17.0455641169101 17.1058076545596 17.0634937412106 17.2994475970045 17.1890011113137 17.0061189434491 16.8863490531221 16.802438411396 16.5478377463296 16.2279732488096 -9999 -9999 -9999 -9999 -9999 -9999 -9999 -9999 -9999
15.288460935466 15.5466475253925 16.0106662022881 16.0099490173161 16.2315591736697 15.4749290281907 16.3943601623178 16.4259163010865 16.6166875036433 16.8253883305006 16.8856318681501 16.8956724577583 16.9953611688688 16.9953611688688 16.8461866946891 16.7845087870955 16.7005981453694 16.5069582029246 16.4675130294636 15.6882198388688 16.53091218099 16.4477904427331 17.0477156718262 16.3204901101999 16.2602465725504 16.6668904516846 16.8885006080382 16.9143192670308 17.1868495563976 16.1999996379018 -9999 -9999 -9999 -9999 -9999 18.0749995959923 16.445280295331 16.9272285965271 16.8576616542414 16.8763084635139 17.0685140360147 17.1531418627128 17.0039673885331 16.8892177930102 16.8705709837377 16.8978240126744 17.0720999608748 17.0462813018821 17.0957670649514 16.8648335039616 16.8899349779822 16.8576616542414 16.6001922492869 15.0188330242601 9.56038779947818 22.3612528292412 -9999 -9999 -9999 -9999 -9999 -9999
15.3314920337871 15.488555542659 15.7840357511304 16.0020599826239 16.0493941907771 16.045808265917 16.244468503166 16.4739676942118 16.5951719544828 16.6876888158731 16.9379863711074 17.0441297469661 17.040543822106 16.9688253249042 16.8920865328982 16.8978240126744 16.7880947119556 16.841883584857 16.8347117351368 16.8296914403327 16.7866603420116 16.7142246598378 16.5736564053223 16.9960783538409 16.9401379260235 16.962370660156 16.6618701568805 17.0498672267422 17.039826637134 17.1251716488041 13.9114884088277 24.7149994475767 -9999 -9999 -9999 -9999 16.9505371081177 16.7809228622355 16.7063356251456 16.7314370991662 16.8949552727863 16.7766197524033 16.6511123823002 16.6568498620763 16.6962950355373 16.7199621396139 17.0082704983652 17.0326547874138 16.9709768798202 16.6647388967685 16.6131015787832 16.7084871800616 17.199758885894 9.86999977938831 -9999 -9999 -9999 -9999 -9999 -9999 -9999 -9999
15.2174596232362 15.290612490382 15.6951048146002 15.7051454042085 16.0508285607211 16.0558488555253 16.0393536011688 16.2337107285857 16.3032776708715 16.8375804750249 17.0283516775817 17.1344950534403 17.0936155100353 17.0972014348954 17.0527359666303 16.9874721341766 16.8720053536817 16.7601244980469 16.8454695097171 16.8174992958084 16.8246711455286 16.8332773651928 16.9136020820588 16.9795830994844 16.9265114115551 17.0190282729454 16.6582842320204 16.923642671667 17.0247657527216 17.0448469319381 13.968310777858 -9999 -9999 -9999 -9999 -9999 -9999 -9999 -9999 -9999 -9999 -9999 -9999 -9999 -9999 -9999 17.1301919436082 16.9494613306597 16.9344004462473 16.722830879502 19.2645112853347 19.3399995677173 -9999 -9999 -9999 -9999 -9999 -9999 -9999 -9999 -9999 -9999
14.9248481546529 15.1184880970977 15.2318033226766 15.5086367218755 15.7696920516901 15.885158832185 15.7747123464942 16.5471205613576 17.0039673885331 17.0469984868541 16.8655506889336 17.0469984868541 17.0548875215463 17.04197819205 16.9709768798202 16.8784600184299 16.8153477408923 16.7508010934107 16.7271339893341 16.7837916021235 16.9071474173106 16.9530472555198 16.9551988104358 16.80207981891 12.6466379188146 16.0649996409193 16.3484603241086 16.7543870182708 16.8906521629542 17.082857735455 16.8261055154726 12.874767255204 20.0301390116447 -9999 -9999 -9999 -9999 -9999 -9999 -9999 -9999 -9999 -9999 -9999 -9999 -9999 -9999 -9999 -9999 -9999 -9999 -9999 -9999 -9999 -9999 -9999 -9999 -9999 -9999 -9999 -9999 -9999
14.8129672990181 14.9893948021345 14.9721823628061 15.4304635599256 15.967635103967 16.2179326592013 15.8614917281084 16.2215185840614 16.9300973364152 17.292753870599 17.2325103329495 16.9903408740647 17.0348063423298 17.0634937412106 17.0340891573578 16.962370660156 16.9508957006037 16.8684194288217 16.9573503653519 16.9659565850161 16.9272285965271 16.8971068277024 16.7393261338584 16.5557267810218 16.3900570524856 16.2121951794252 16.442411555443 16.2631153124385 16.5514236711897 16.9300973364152 16.8590960241854 16.9924924289808 18.4040463284403 -9999 -9999 -9999 -9999 -9999 -9999 -9999 -9999 -9999 -9999 -9999 -9999 -9999 -9999 -9999 -9999 -9999 -9999 -9999 -9999 -9999 -9999 -9999 -9999 -9999 -9999 -9999 -9999 -9999
15.1077303225175 15.3946043113247 15.6111941728741 15.7216406585649 16.1555375666358 16.1282845376991 16.3133182604797 16.1949827400967 16.9953611688688 17.1050904695876 17.3771426356398 16.9910580590367 17.0075533133931 16.8590960241854 16.8755912785418 16.921491116751 16.9781487295404 17.0111392382532 16.9889065041207 16.8870662380941 16.8971068277024 16.9200567468069 16.2767418269068 16.5191503474489 16.681234151125 16.7759025674313 16.8382976599969 16.9767143595964 16.9085817872547 16.9716940647922 16.6511123823002 16.7099215500057 21.7836962271249 -9999 -9999 -9999 -9999 -9999 -9999 -9999 -9999 -9999 -9999 -9999 -9999 -9999 -9999 -9999 -9999 -9999 -9999 -9999 -9999 -9999 -9999 -9999 -9999 -9999 -9999 -9999 -9999 -9999
15.1923581492156 15.6097598029301 16.0694753699936 15.9439679998904 16.1713156360202 16.4567552548833 16.6109500238672 16.7249824344181 16.880611573346 17.0226141978055 17.0075533133931 16.9494613306597 16.9673909549601 16.9896236890927 17.0283516775817 16.9415722959675 16.9896236890927 17.0513015966862 17.0692312209867 16.9344004462473 16.8562272842973 16.9372691861354 16.9049958623946 16.8555100993253 16.9365520011634 16.9379863711074 17.1007873597555 17.0656452961266 17.0642109261826 16.88204594329 16.8490554345772 17.1524246777408 14.4879276717848 -9999 -9999 -9999 -9999 -9999 -9999 -9999 -9999 -9999 -9999 -9999 -9999 -9999 -9999 -9999 -9999 -9999 -9999 -9999 -9999 -9999 -9999 -9999 -9999 -9999 -9999 -9999 -9999 -9999
