EcologicalScience/Bass/data/rs_data_bass/sst_272.asc
NCOLS 226 
NROWS 124 
XLLCORNER -9.41648524995501 
YLLCORNER 47.587301625531 
CELLSIZE 0.0833 
NODATA_value -9999 
[rows 81 to 107 of 124, columns 62 to 123 of 226]
15.8191778147593 -9999 -9999 -9999 -9999 -9999 -9999 -9999 -9999 -9999 -9999 -9999 -9999 -9999 -9999 -9999 -9999 -9999 -9999 -9999 -9999 -9999 -9999 -9999 -9999 -9999 -9999 -9999 -9999 -9999 -9999 -9999 -9999 -9999 -9999 -9999 -9999 -9999 -9999 -9999 -9999 -9999 -9999 -9999 -9999 -9999 -9999 -9999 -9999 -9999 -9999 -9999 -9999 -9999 -9999 -9999 -9999 -9999 -9999 -9999 -9999 -9999
14.9308242698888 -9999 -9999 -9999 -9999 -9999 -9999 -9999 -9999 -9999 -9999 -9999 -9999 -9999 -9999 -9999 -9999 -9999 -9999 -9999 -9999 -9999 -9999 -9999 -9999 -9999 -9999 -9999 -9999 -9999 -9999 -9999 -9999 -9999 -9999 -9999 -9999 -9999 -9999 -9999 -9999 -9999 -9999 -9999 -9999 -9999 -9999 -9999 -9999 -9999 -9999 -9999 -9999 -9999 -9999 -9999 -9999 -9999 -9999 -9999 -9999 -9999
-9999 -9999 -9999 -9999 -9999 -9999 -9999 -9999 -9999 -9999 -9999 -9999 -9999 -9999 -9999 -9999 -9999 -9999 -9999 -9999 -9999 -9999 -9999 -9999 -9999 -9999 -9999 -9999 -9999 -9999 -9999 -9999 -9999 -9999 -9999 -9999 -9999 -9999 -9999 -9999 -9999 -9999 -9999 -9999 -9999 -9999 -9999 -9999 -9999 -9999 -9999 -9999 -9999 -9999 -9999 -9999 -9999 -9999 -9999 -9999 15.463270104977 -9999
-9999 -9999 -9999 -9999 -9999 -9999 -9999 -9999 -9999 -9999 -9999 -9999 -9999 -9999 -9999 -9999 -9999 -9999 -9999 -9999 -9999 -9999 -9999 -9999 -9999 -9999 -9999 -9999 -9999 -9999 -9999 -9999 -9999 11.3199997469783 11.209999749437 11.1449997508898 -9999 -9999 -9999 -9999 -9999 -9999 -9999 -9999 -9999 -9999 -9999 -9999 -9999 -9999 -9999 -9999 -9999 -9999 -9999 -9999 17.2699996139854 13.1216513012234 10.409647166729 10.0349017191911 9.70894114940893 12.1916562262923
-9999 -9999 -9999 -9999 -9999 -9999 -9999 -9999 -9999 -9999 -9999 -9999 -9999 -9999 -9999 -9999 -9999 -9999 -9999 -9999 -9999 -9999 -9999 -9999 -9999 -9999 -9999 -9999 -9999 -9999 -9999 -9999 -9999 16.4443743774716 14.1626854393897 10.6200648909435 14.837982710842 10.7460069186054 11.5798974451609 16.1495918718677 18.5876096046995 -9999 10.8429687927367 11.5721518474631 10.8166691979393 9.4381440570578 10.3750266921706 11.9932350507006 12.1902218563482 12.2676778333262 11.6955076626502 12.88674293636 16.564512296929 -9999 14.5456798791018 11.2159260718618 11.8584042759612 11.3025859226473 12.6305734291673 13.2387462854385 12.9981307273265 12.8862498716917
-9999 -9999 -9999 -9999 -9999 -9999 -9999 -9999 -9999 -9999 -9999 -9999 14.4766075471416 15.2146318653465 12.3099020985537 11.9867803859524 12.7609576570801 11.6853236360475 15.6495635688771 -9999 -9999 -9999 -9999 -9999 -9999 11.894999734126 10.6860101413661 16.1329155035184 10.7583620597143 10.8508789211046 11.4278542310931 12.5565346276442 15.0815530710388 10.9435153133236 17.3699996117502 12.8070855690195 13.9224191596732 13.3409021128528 11.4543900750577 11.3511154390872 11.6788689712994 12.0299310151022 11.9729148098268 12.1608172724955 12.2325357696973 10.1548509057611 11.7925427893642 12.419721047394 12.3350932206959 12.1852015615441 12.2540513188578 12.023117757868 11.6448026851285 11.5258695106022 11.3776512830518 12.3728649625555 12.2306232764386 12.5262230157387 12.7309793252498 13.2695852392353 12.5642338192556 13.255241539795
-9999 -9999 -9999 -9999 -9999 -9999 -9999 -9999 -9999 15.381880215033 12.667436736729 11.734522525128 11.8753776536323 11.5547959711403 9.79936622129753 11.5999786243774 10.4876247327775 10.2932676053606 10.2516708769836 10.1126394474081 14.3080938092337 14.6067208385095 12.9082674503326 10.9000060916878 10.4838475585915 14.5719684179037 -9999 11.7584765031934 11.2421033233404 11.5430341375992 11.6939298557118 11.7868770280853 11.1145468533172 11.2283743538761 13.8423769702204 15.5549996523187 14.3560069605521 11.8423871449195 11.6100192139857 11.8517105495557 12.1579485326074 12.2841730876826 9.47711110720411 12.6061891401187 12.3298338642344 11.8850596507546 11.8319879628252 12.5574205620214 12.4799645850435 12.1651203823276 12.18018126674 11.7276375493966 12.9547410365194 13.3231350504793 13.256675909739 13.2977945148014 13.4080019388348 13.4123050486669 12.6316492066253 12.5760673712939 12.5821634435561 11.6584291995969
-9999 -9999 -9999 -9999 -9999 -9999 -9999 -9999 13.470634754284 12.3920377074741 11.4902493236586 11.6049989191815 10.7978072331753 11.0140385022387 10.7257301434875 10.7762916840147 10.9306059838273 11.4190089497715 10.6315996159101 10.3660618800204 12.4849848798476 11.7227606915869 12.11764273718 12.2375560645014 11.2686391673051 10.6500671289396 12.3472853652202 11.4041871270165 11.5099719103891 12.3239051351324 12.3401135155 11.862468324136 12.0143681012094 11.9337770013538 12.6312906141393 12.6097750649787 12.0169021547772 12.0439161220565 11.967416391708 11.9303618348204 12.1617735191248 12.3518275367096 12.3240963844582 13.1655934182927 12.8299508513883 12.8234961866401 12.3046128593851 12.2533341338858 12.3114261166193 12.4340647468343 12.3659321744926 13.4072847538628 13.5822778870352 13.5437889602035 13.1347544644959 13.0676976696122 12.9658574035857 12.7435300622601 12.7073122211732 12.6459929060657 12.8873256491497 11.8968932027929
-9999 -9999 -9999 -9999 -9999 -9999 -9999 -9999 13.1071217493976 11.8234534616582 12.3114261166193 10.4716673671501 10.8734702477232 10.8390453690663 11.2729422771372 10.986785473302 10.42989134253 10.2167081095977 10.5202566490043 11.4601275548339 10.5925728003494 12.1315561256371 10.1197088421322 10.1668637540424 12.3066926958039 11.3579286963213 11.3188421153463 12.4287575780414 11.0574281930458 12.6804177847225 12.1687063071877 12.5128116567619 12.3082705027424 12.5232825573534 11.6458784625866 12.540208122693 12.3283994942904 12.3482416118495 12.1202963215765 12.2528560105711 12.2189092552289 12.4514206231572 13.3710669127759 12.8876842416357 13.1263873064891 13.2200994761661 12.4130273209885 12.2988753796089 12.5272987931967 12.7241660680156 13.4914344572462 13.6375011298805 13.6396526847966 13.3075960427523 13.5582521904726 12.7740104235709 12.3358104056679 12.1445610797964 12.4448225214146 12.2325357696973 13.0367391849868 13.0784554441925
11.9616480555006 9.40499978978187 -9999 -9999 -9999 -9999 -9999 -9999 15.5862758099101 12.5280159781687 12.4155613745563 11.2432986316271 13.0230170458555 11.6268730608281 11.3590044737794 12.1777906501666 12.0508489101194 11.9349040063098 11.0307728182524 10.8003173805773 10.8459781571291 10.9432762516662 11.0618508337066 10.7682831184939 12.3049714518711 12.2142475529108 12.9584703983739 12.4152386413189 12.3989226832055 12.686752918642 13.1659520107787 12.8856044052169 12.6589739540592 13.0606453507207 12.3562501773704 12.4713583653793 12.3677251369227 12.2659565893933 12.3482416118495 12.6113528719172 13.2032456293236 13.2269127334002 11.6397823903244 11.6261558758561 13.5607623378746 13.3004241930321 12.155557916034 12.2357631020714 12.7398246065713 12.5131941554137 13.6522034218069 13.5822778870352 13.4115878636949 12.754407367669 12.6023641536012 12.3757337024435 12.6143172364682 12.3060472293291 13.0235907938331 13.0608844123781 11.0252744001336 12.9830698429141
11.3482466991991 11.184728525579 12.538773752749 12.0779824082274 15.0333351885451 -9999 16.1899624452926 12.4699239954352 12.3243354461156 11.9349040063098 12.2715506321751 11.6946470406838 11.6903439308517 11.2418642616831 11.3923535749782 11.6544846822508 12.2882371358573 12.3812321205623 11.4877391762566 12.58180485107 11.1804254157469 11.821588780731 11.7079149626661 11.8022247864865 12.8399914409965 13.0582547341473 12.9708059798926 12.5844942947151 12.380275873933 13.2277016368695 13.2252632079646 13.2703024242073 13.0400860481896 13.1998748599552 13.257393094711 13.4359721527435 13.5048219100572 13.2430493952706 13.4747001412325 13.5514389332384 13.5428327135742 13.495498505421 13.5966215864755 13.7063508871943 13.5575350055005 13.4047746064607 12.1877117089462 12.4229483797681 12.5108035388403 12.5985391670838 13.5700857425109 12.9074068283662 12.8564866953529 12.5877813925035 13.5569373513572 12.4178085541353 13.0841929239687 11.7589546265081 12.1145588418003 12.89808342373 10.3119144146331 10.50985746691
11.6544846822508 11.8796807634644 11.106555363629 10.8696452612057 10.6776787503622 12.3322244808078 12.6251945418771 11.8050935263745 11.8022247864865 12.7230902905576 12.5301675330848 12.2899105674587 12.700498963939 12.0941190700978 12.1708578621037 11.7271594260819 11.6465956475586 12.7499847270083 11.5157093901653 11.8997619426809 12.1349986135028 12.1396603158209 11.8165684859268 12.6477858684957 12.5762108082883 12.8055665623397 12.8034150074236 12.7257797342027 12.6330835765693 12.6338007615414 12.8505101539195 10.627655098564 10.8273313478567 11.383030170342 12.9803206338547 13.5234687193297 13.5722372974269 13.6877040779218 13.6504104593769 13.7128055519424 13.6898556328379 13.6991790374741 13.7199774016626 13.5048219100572 12.3512298825663 13.3568427441642 12.5115207238123 12.4681310330052 12.4785302150995 13.4779274736065 13.7400585808791 13.7601397600956 12.5931005143793 12.1165311004734 12.4254585271701 12.142170463223 13.0816827765666 13.0239493863191 9.79817091301084 12.8648538533598 10.5282652145252 12.3912727101706
11.9714804398827 11.6085848440416 11.9750663647428 11.9499648907222 11.8897213530727 11.5999786243774 11.943510225974 11.7677999078296 12.0302896075882 11.8603167692199 12.7420956923161 12.0252693127841 11.3470513909124 11.7453281120397 12.3463291185908 12.3099917466752 12.18018126674 12.6320077991113 12.6046113331802 12.0453504920006 12.1687063071877 12.6323663915973 12.0274208677001 12.5454674791545 11.8800393559504 12.7220145130996 13.0777382592205 13.0049439845607 13.1399540555431 12.8598335585557 13.046062589623 11.4002426096704 12.9889268535189 11.5694982630666 10.8064134528395 13.5287758881226 13.7909787138924 13.8175145578571 13.814645817969 13.7257148814388 13.7931302688085 13.8081911532208 13.773766274564 13.6432386096567 12.3092745617032 12.5290917556267 12.4932325070258 12.380993058905 12.579653296154 12.8464461057447 13.2913398500532 12.5654888929566 12.395097696688 13.0411618256476 13.4711142163724 13.5736716673709 12.9999236897565 10.6855677850544 11.2234565140679 11.0195369203575 12.4903637671378 11.542603826616
11.9076509773731 11.6709799366072 12.0202490179799 10.6183914593421 11.9327524513938 11.9528336306103 11.9872585092671 11.9700460699387 10.5846837656572 9.94280321570113 9.50006102630869 12.4601224674843 11.4010793254711 11.6260363450274 12.4433881514706 12.5841954676434 12.5554124440998 12.4874233087525 12.7018138030544 13.1676015362144 10.6324960971251 12.3949781658594 12.826651800517 12.8428601808846 12.8012634525076 12.8113040421158 12.9299981549848 13.6222968084738 13.2000182969496 12.73815117497 13.229183819145 13.0943530444056 13.7400585808791 11.7104251100682 14.0699636680074 13.8641315810382 13.9229407487437 13.932981338352 13.9509109626524 14.0333872344345 14.0269325696863 13.9172032689676 13.8196661127731 13.7300179912709 12.3878063161392 12.4233069722541 12.4645451081451 12.2045655557886 12.5272987931967 12.8237352482975 12.7897884929553 12.6654764311388 12.6452757210936 12.4111148277298 13.0784554441925 11.9349040063098 10.8163345116191 11.8603167692199 11.7864467171021 11.1039256853983 11.9800866595469 11.8015076015145
11.823740335647 11.9313180814497 11.9349040063098 10.6979989912361 11.9800866595469 11.862468324136 10.2045757304877 10.2330240677111 10.5196589948609 10.5045981104486 10.2368490542285 11.1768394908868 12.3322244808078 11.2715079071932 12.7671971663367 12.1601000875235 12.6219672095031 12.5120944717899 12.5255058307666 12.8679616549052 11.3073671557941 12.9662159960717 11.6982329655439 12.9053987104446 13.0884243153036 12.8612679284997 12.9265317609534 13.4799594976939 13.8003021185286 13.7694631647319 13.5801263321191 13.6073793610558 11.9286286378046 13.5851466269232 13.9552140724845 13.8196661127731 13.8591112862341 13.93585007824 13.9666890320368 13.9021423845552 13.85409099143 13.8282723324373 13.8110598931089 13.8447675867938 12.7973189351615 12.3634220270906 12.1534661265323 12.4062738291686 12.9429074844811 12.0998565498739 12.1098971394822 12.3974883132614 12.3009074036963 12.0887401828077 12.1701406771317 11.625080098398 12.1737266019918 12.1956007436384 11.8832666883245 11.6878337834496 10.6877193399705 10.6984771145508
11.8832666883245 12.0116427983157 11.9463789658621 11.9148228270933 11.8488418096676 11.8968932027929 11.9313180814497 12.0051881335676 10.6461226115935 12.1199377290905 10.6948911896907 11.2528610979207 11.304498415906 13.0099642793648 11.5916114663705 12.4548631110229 12.3300729258917 13.3467543422244 12.9974135423545 13.1741996379569 13.3032929329202 13.2458156801627 12.1167103967164 12.1753402681788 12.4060945329256 13.3560777468607 13.0369304343127 13.1618640564382 13.3071657317691 13.6102481009439 13.7214117716067 13.4876094707288 13.8031708584167 13.7816553092562 13.8447675867938 13.8856471301988 13.8289895174094 13.8404644769616 13.8662831359543 13.8849299452268 13.9179204539396 13.7608569450676 12.8869670566637 12.6890240043867 12.6861552644987 12.5086519839242 12.2394685577601 13.375011430122 12.7771182251163 12.2181920702569 12.1902218563482 12.2432935442775 12.1077455845661 11.9980162838474 11.8258918905631 11.7634967979975 11.0348368664272 11.8578066218179 11.6465956475586 11.3252967800945 10.9888345732221 11.0525777578403
12.0424817521125 12.0130771682598 12.0317239775322 12.0503707868047 11.8352152951993 12.2167577003129 12.1550797927193 10.5498405291 12.2511825789697 10.7422253978439 12.3272041860037 11.7986388616264 11.9320352664217 13.1467075473629 13.3240912971087 12.9949033949524 13.4186162764207 12.3885235011112 13.4154606625438 13.3788842289709 11.2155674793757 11.701818890404 13.548331131693 13.6396526847966 13.5449842684902 13.3869167006575 12.9307153399568 12.5606478943955 12.897904127487 13.0873178013467 11.9863620280521 12.4487670387607 13.176453647869 13.2150791813619 12.9977721348405 13.0752281118184 13.6697744536214 13.6991790374741 13.6618854189292 13.6582994940691 13.6611682339571 13.2200994761661 12.6323663915973 12.780465088319 12.6327249840833 12.3317463574931 12.2110202205367 12.7300230786204 12.8655710383318 12.140018908307 12.1228064689785 11.9162571970373 11.8861354282126 11.6071504740976 11.4916836936027 11.1503036469221 17.0813070652453 18.1699995938689 -9999 -9999 -9999 -9999
12.1887874864042 12.1364329834469 12.0109256133437 11.9198431218974 12.1321298736148 10.9552293345332 10.7009872619528 10.8417348127114 12.3099917466752 12.3465681802481 12.3336588507518 12.4096804577857 12.262298946036 13.5943265945651 12.4458982988726 13.3413037364371 12.5627994493116 13.4374065226875 13.2946867132559 13.5129978187382 13.561622959841 13.2324965306824 12.3478232539492 11.8280434454791 11.4317987484392 12.7212973281275 12.6027825115016 12.8059251548257 13.3448896612972 13.375011430122 11.8915143155027 11.9716597361257 12.9407047020671 12.7839075761847 13.5067625282168 13.4022644590586 13.3965269792825 13.3864863896742 13.457487701904 13.4539017770439 12.4573732584249 12.1575899401214 13.0852687014267 13.0816827765666 12.4290444520302 12.1041596597061 12.1735473057488 12.659260828048 12.6886654119007 12.3382693255719 13.1003295858391 12.1782687734812 12.0200099563226 11.1190343821421 15.0918566284701 15.0949996626005 -9999 -9999 -9999 -9999 -9999 -9999
12.2540513188578 12.2189092552289 12.0847956654616 12.0702726697782 13.0839777684771 11.7147282199003 11.9671773300506 11.7147282199003 12.3946195733733 12.3974883132614 12.6850794870406 12.5201269434765 12.5337534579448 13.8243995335884 12.1665547522716 13.3298287768848 13.2297814732883 13.2738883490674 13.4201940833591 13.5201696684584 13.4910519585945 13.4619342487305 13.2536637328565 11.505489504314 11.3249381876085 11.7939771593083 13.2882320485078 13.0551469326019 10.1615924444981 15.6749996496364 16.1099996399134 15.1476536192931 15.7265388793312 16.3599996343255 -9999 17.5999996066093 12.8328195912763 13.297555453144 13.3140507075004 12.7539292443544 12.0582598214969 12.2809457553085 13.3649708405137 11.9977772221901 12.2208217484877 12.0993784265593 12.7070731595159 12.7955259727314 11.0147556872107 11.5175023525953 11.1947691151872 11.9399243011139 10.6590319410898 17.344999612309 -9999 -9999 -9999 -9999 -9999 -9999 -9999 -9999
12.3315072958358 12.3530228449963 12.0374614573084 11.834976233542 12.2562028737739 11.7622417242965 12.498611394316 11.9879756942391 11.8502761796117 12.0582598214969 12.2884761975147 12.261223168578 13.40393789066 13.6304727171548 12.6877689306857 13.1548356437124 13.9230841857381 13.5600451529026 13.6538529472426 13.5369517968036 13.4821588649414 13.4841669828631 13.3391521815211 13.5266960517038 11.3726309882477 13.0702078170143 12.7912228628993 12.7675557588227 12.7897884929553 13.0799997076392 -9999 -9999 -9999 -9999 16.3799996338785 13.9754199795222 11.2155674793757 13.0099642793648 12.6130023973528 11.9162571970373 12.498611394316 12.1106143244542 12.8098696721718 12.4154179375619 11.9117747909622 12.6230429869611 11.8000732315704 10.9652699241415 12.1536454227753 11.542603826616 11.2521439129487 11.4771965571679 9.85984882060438 -9999 -9999 -9999 -9999 -9999 -9999 -9999 -9999 -9999
12.182332821656 12.302819896955 12.3515884750523 12.2648090934381 11.7223781929351 11.6801240450004 12.4686689217342 11.8466902547516 11.9148228270933 12.0962706250139 12.0016022087075 11.9549851855263 13.203030473832 13.5461317644455 12.6745010087034 13.5105593898334 13.7601397600956 13.0610637086211 13.6555741911754 14.5558697677528 14.6092867669649 13.4586351978593 13.5745322893374 12.9200770962052 10.8564968700521 12.5151066486724 12.9547410365194 12.8026978224516 11.3762169131078 16.3149996353313 -9999 -9999 -9999 -9999 -9999 16.389999633655 11.4872012875276 12.7998290825635 12.4778130301274 12.81991026178 11.0807367046364 11.8725089137442 11.9194845294114 10.2698395629413 12.8959318688139 11.8359324801713 12.3627048421185 12.5760673712939 12.3704743459821 11.5103305028751 12.007578750141 11.5216005524354 12.0959686523941 14.2840967895463 9.03966925175989 21.6918960600044 -9999 -9999 -9999 -9999 -9999 -9999
12.140018908307 12.2318185847253 12.302102711983 12.3702352843247 12.8368358271196 12.578039629967 12.102366697276 12.6740348384716 11.7620624280535 11.7556077633053 11.8603167692199 11.8839838732965 11.665242456831 13.3166325733997 13.6102481009439 13.5745322893374 13.1101908792043 13.6976012305357 13.6818231611513 13.5604754638858 13.6980315415189 11.9000010043383 13.4973631863482 10.7417472745292 10.7517878641374 12.8421429959126 12.900234978646 12.8227790016681 13.2599032421131 11.7599108731374 15.5691074756209 24.7149994475767 -9999 -9999 -9999 -9999 14.992931265962 11.6412167602684 11.0013853102324 12.7656151406631 11.5899380347691 11.9363383762538 12.3315072958358 10.1146885473281 11.7398296939209 10.66927744069 12.2119764671661 12.1304564420134 12.6073844484054 12.0508489101194 11.4506607132033 11.146717722062 11.5467634994537 9.86999977938831 -9999 -9999 -9999 -9999 -9999 -9999 -9999 -9999
12.2325357696973 12.2153233303688 12.3185979663394 11.4498479035683 12.723950912524 12.6877689306857 12.7689901287667 11.7742545725778 11.8445386998355 11.7986388616264 11.7764061274938 12.1338033052161 13.4198354908731 13.7615741300397 13.6991790374741 13.8434766538441 13.0827585540246 12.9206747503486 13.6943021796644 13.5380992927589 13.6002075113356 13.7579882051796 13.7665944248438 12.2873287015595 12.2856074576266 12.8213446317241 13.0472578979097 12.8765678745694 11.9657429601066 11.6401409828104 15.4492326451798 -9999 -9999 -9999 -9999 -9999 -9999 -9999 -9999 -9999 -9999 -9999 -9999 -9999 -9999 -9999 10.6115542959422 10.4549928165507 11.5986467094294 10.4830347489566 9.59026082855864 17.0049996199086 -9999 -9999 -9999 -9999 -9999 -9999 -9999 -9999 -9999 -9999
12.6814935621805 12.6769035783596 10.5919751462061 12.8458723577671 12.7180699957535 12.2927793073468 9.16854227299336 11.1088862147881 11.2835207554745 12.8944974988699 13.2043214067817 13.2117801304907 12.9875522489892 13.5376689817756 13.9081667383201 14.0071382644586 13.9256660516374 13.0214392389171 13.8426160318777 13.6960234235972 13.7931302688085 13.8619800261222 13.773766274564 13.2662635404175 11.4831041486015 16.3549996344373 13.0522781927139 12.8751335046254 12.5445112325251 12.6499374234118 12.9915284068488 14.7399463610724 20.3500264748 -9999 -9999 -9999 -9999 -9999 -9999 -9999 -9999 -9999 -9999 -9999 -9999 -9999 -9999 -9999 -9999 -9999 -9999 -9999 -9999 -9999 -9999 -9999 -9999 -9999 -9999 -9999 -9999 -9999
12.621250024531 12.7248115344904 10.3983352037612 10.2622493553208 12.8247871195897 12.9557450954802 12.6316492066253 12.5272987931967 12.3702352843247 12.8936368769035 13.1840609313222 13.5543076731265 13.4662373585626 13.4006866521202 13.6083834200166 10.3047425649129 13.6826837831177 13.8598284712061 13.8010193035007 12.0258072015131 13.7594225751236 13.6339152050205 13.7414929508232 13.653996384237 13.4811548059806 13.3176366323605 12.936811412219 12.818475891836 12.7101809610613 12.7962431577034 11.8452558848076 14.2801785520278 10.3099997695535 -9999 -9999 -9999 -9999 -9999 -9999 -9999 -9999 -9999 -9999 -9999 -9999 -9999 -9999 -9999 -9999 -9999 -9999 -9999 -9999 -9999 -9999 -9999 -9999 -9999 -9999 -9999 -9999 -9999
11.4450666704215 10.773303413298 10.3918805390131 10.4160855318187 12.8871822121553 12.8555304487236 12.9581835243851 11.3647419535555 12.6345179465134 12.6147953597829 12.8952146838419 13.1828058576211 13.1419263142161 13.1906948923133 13.5478530083783 13.6855525230058 13.4244971931912 13.3836176497862 13.7816553092562 13.6611682339571 13.6991790374741 13.7823724942282 13.6045106211677 13.4761345111765 12.2296670298092 12.9339426723309 12.7503433194943 12.9647816261277 12.8435773658566 11.7014602979179 11.0950804040767 11.2091128146276 19.5641498868354 -9999 -9999 -9999 -9999 -9999 -9999 -9999 -9999 -9999 -9999 -9999 -9999 -9999 -9999 -9999 -9999 -9999 -9999 -9999 -9999 -9999 -9999 -9999 -9999 -9999 -9999 -9999 -9999 -9999
12.3114261166193 12.5830001593567 11.4802087340504 11.1280709127896 12.9152958630584 13.1620074934326 13.1028397332411 13.138340389356 12.5229956833646 12.6908169668168 13.0221564238891 12.977690955624 12.7252418454736 13.0400860481896 13.4001129041426 13.6310464651324 13.7285836213268 13.6869868929498 13.697027482558 13.6375011298805 13.6310464651324 13.4818719909526 13.4237800082192 12.6700186026283 12.9698019209318 12.8830225393176 12.9862971752882 13.137623204384 12.7453230246902 11.7477187286131 11.1458810062613 16.4553208849393 14.2001865250237 -9999 -9999 -9999 -9999 -9999 -9999 -9999 -9999 -9999 -9999 -9999 -9999 -9999 -9999 -9999 -9999 -9999 -9999 -9999 -9999 -9999 -9999 -9999 -9999 -9999 -9999 -9999 -9999 -9999
