EcologicalScience/Bass/data/rs_data_bass/sst_514.asc
NCOLS 226 
NROWS 124 
XLLCORNER -9.41648524995501 
YLLCORNER 47.587301625531 
CELLSIZE 0.0833 
NODATA_value -9999 
[rows 0 to 26 of 124, columns 0 to 61 of 226]
-9999.000000000000000 -9999 -9999 -9999 -9999 -9999 -9999 -9999 -9999 -9999 -9999 -9999 -9999 -9999 -9999 -9999 -9999 -9999 -9999 -9999 -9999 -9999 -9999 -9999 -9999 -9999 -9999 -9999 -9999 -9999 -9999 -9999 -9999 -9999 -9999 -9999 -9999 -9999 -9999 -9999 -9999 -9999 -9999 -9999 -9999 -9999 -9999 -9999 -9999 -9999 -9999 -9999 -9999 -9999 -9999 -9999 -9999 -9999 -9999 -9999 -9999 -9999
-9999 -9999 -9999 -9999 -9999 -9999 -9999 -9999 -9999 -9999 -9999 -9999 -9999 -9999 -9999 -9999 -9999 -9999 -9999 -9999 -9999 -9999 -9999 -9999 -9999 -9999 -9999 -9999 -9999 -9999 -9999 -9999 -9999 -9999 -9999 -9999 -9999 -9999 -9999 -9999 -9999 -9999 -9999 -9999 -9999 -9999 -9999 -9999 -9999 -9999 -9999 -9999 -9999 -9999 -9999 -9999 -9999 -9999 -9999 -9999 -9999 -9999
-9999 -9999 -9999 -9999 -9999 -9999 -9999 -9999 -9999 -9999 -9999 -9999 -9999 -9999 -9999 -9999 -9999 -9999 -9999 -9999 -9999 -9999 -9999 -9999 -9999 -9999 -9999 -9999 -9999 -9999 -9999 -9999 -9999 -9999 -9999 -9999 -9999 -9999 -9999 -9999 -9999 -9999 -9999 -9999 -9999 -9999 -9999 -9999 -9999 -9999 -9999 -9999 -9999 -9999 -9999 -9999 -9999 -9999 -9999 -9999 -9999 -9999
-9999 -9999 -9999 -9999 -9999 -9999 -9999 -9999 -9999 -9999 -9999 -9999 -9999 -9999 -9999 -9999 -9999 -9999 -9999 -9999 -9999 -9999 -9999 -9999 -9999 -9999 -9999 -9999 -9999 -9999 -9999 -9999 -9999 -9999 -9999 -9999 -9999 -9999 -9999 -9999 -9999 -9999 -9999 -9999 -9999 -9999 -9999 -9999 -9999 -9999 -9999 -9999 -9999 -9999 -9999 -9999 -9999 -9999 -9999 -9999 -9999 -9999
-9999 -9999 -9999 -9999 -9999 -9999 -9999 -9999 -9999 -9999 -9999 -9999 -9999 -9999 -9999 -9999 -9999 -9999 -9999 -9999 -9999 -9999 -9999 -9999 -9999 -9999 -9999 -9999 -9999 -9999 -9999 -9999 -9999 -9999 -9999 -9999 -9999 -9999 -9999 -9999 -9999 -9999 -9999 -9999 -9999 -9999 -9999 -9999 -9999 -9999 -9999 -9999 -9999 -9999 -9999 -9999 -9999 -9999 -9999 -9999 -9999 -9999
-9999 -9999 -9999 -9999 -9999 9.09485151711851 8.63334298762493 8.74110002967063 8.57292015373241 8.64589372463524 9.04966886388138 8.40444145072252 8.40599535149522 8.49002552405 8.35949785914272 8.36499627726153 8.08959724800661 7.88693272799719 7.79674671776593 7.61924343719147 6.87803276861086 6.80703145638108 6.66383352363482 6.51370280282572 10.4916344487574 11.0549997529015 10.7729505127562 7.6561784632504 7.51130709890276 7.50700398907065 7.61099581001326 8.37990774813807 7.08999984152615 -9999 12.3249997245148 -9999 -9999 12.2299997266382 -9999 10.4503024268337 11.8583803697955 7.24656338923212 11.0849997522309 -9999 -9999 -9999 -9999 -9999 -9999 -9999 -9999 -9999 -9999 -9999 -9999 -9999 -9999 -9999 -9999 -9999 -9999 -9999
-9999 -9999 -9999 -9999 -9999 8.85507267480716 8.71904659178108 8.80116427107714 8.23942914174404 8.98942532623187 8.98727377131581 8.46839044406079 8.35017445450649 8.33654794003814 8.19335000729188 8.27893408061936 8.06449577398598 7.97078360430896 7.65904720313847 7.65761283319443 7.54883977910504 7.82471693167463 7.72574540553614 7.91768203367246 13.2649997035041 12.59743948346 7.71259701438248 7.50556961912662 7.50270087923855 7.55290382727981 7.50628680409864 7.36332793300971 11.0514217689051 12.8476478751573 11.3153518151492 11.0499997530133 12.0099997315556 -9999 -9999 10.6873709929841 10.8499997574836 8.37400093302131 7.13468936393037 9.81285612910454 12.6646959651399 12.4049997227266 -9999 -9999 -9999 -9999 -9999 -9999 -9999 -9999 -9999 -9999 -9999 -9999 -9999 -9999 -9999 -9999
-9999 -9999 -9999 -9999 -9999 8.96647540712729 8.87234487954993 8.5191910462454 9.02958768466488 9.07118441304192 9.05755789857358 8.94639422791079 8.68318734318018 8.53329568402842 8.14051738101989 8.17207351978868 8.04608802637085 7.9375540339388 7.95787427481264 7.66669717617333 6.98489332944155 7.00640887860209 8.54615378602674 8.32100893231109 11.2849997477606 11.8849997343495 7.55290382727981 7.50987272895873 7.44819482136518 7.56007567699999 7.47042755549774 7.47401348035783 7.61816765973344 7.24523147428408 8.27200129255652 11.7049997383729 -9999 12.3099997248501 12.0549997305498 -9999 12.5099997203797 11.7155171233695 7.31838434142992 7.23488351968782 11.2549997484311 -9999 -9999 -9999 -9999 -9999 -9999 -9999 -9999 -9999 -9999 -9999 -9999 -9999 -9999 -9999 -9999 -9999
-9999 -9999 -9999 -9999 -9999 8.57955411472358 8.57327874621842 8.63083284022287 8.69633573433384 9.13788261543959 8.95858637243509 8.90336312958971 8.9428083030507 8.05373799940571 8.04680521134287 7.80439669080079 7.94018371216953 7.97532577579841 7.90629672224168 7.62366607785225 7.51106803724542 7.11255225446075 7.15988646261394 8.78221990633756 13.1149997068569 8.75519271437079 7.70925015117973 7.55505538219586 7.57370219146833 7.4969633994624 7.5686818966642 7.53640857292339 7.87635424965993 6.16180404322222 7.76017028419301 7.99024322321638 13.8974089637399 12.8599997125566 -9999 -9999 -9999 -9999 -9999 -9999 -9999 -9999 9.33499979134649 -9999 -9999 -9999 -9999 -9999 -9999 -9999 -9999 -9999 -9999 -9999 -9999 -9999 -9999 -9999
-9999 -9999 -9999 -9999 -9999 9.31000700872391 8.56574830401223 9.2497634710744 9.29638049425557 9.22035888722166 9.16011534957215 9.08337655756623 9.06975004309788 8.89260535500944 8.68476515011862 7.99684132495895 8.55286458826491 8.45612658103928 8.0348521284759 7.32322533999104 8.04991301288828 7.98608355037868 6.92464979179204 8.05234040817819 7.4746203291803 8.30779223782676 7.57083345158026 7.56653034174815 7.51058991393074 7.44030578667298 7.4051637230441 8.0707113770768 7.99612413998693 7.80320138251409 7.79674671776593 7.0785576867871 6.84102602405474 7.02491225088015 7.06736960122362 7.89697331760544 7.59808648051694 13.4199997000396 -9999 12.050346880639 12.3110790916328 12.784999714233 12.0949997296557 -9999 -9999 -9999 -9999 -9999 -9999 -9999 -9999 -9999 -9999 -9999 -9999 -9999 -9999 -9999
-9999 -9999 -9999 -9999 -9999 9.00147403376177 8.98870814125985 8.72334970161319 8.33373896556441 9.14003417035565 8.63011565525085 8.90121157467365 8.82016967283562 8.02893535245676 8.24068421544507 7.97006641933694 7.83929969277233 7.96122113801539 7.8871120242402 8.18761252751574 8.21092103910632 8.18474378762767 8.08218633662909 8.35372360065006 8.50117604278161 7.24164554942399 7.39368876349181 7.42954801209271 7.38364817388356 7.36428417963907 7.65904720313847 7.55505538219586 7.95022430177778 7.11201436573174 7.21510970545933 7.32077495800331 7.87666161464793 7.3440834695939 7.24695271821693 7.22622607252561 9.51362777536269 5.80536311212927 8.35005492367782 12.708623645122 12.7349997153506 12.039999730885 -9999 -9999 -9999 -9999 -9999 -9999 -9999 -9999 -9999 -9999 -9999 -9999 -9999 -9999 -9999 -9999
-9999 -9999 -9999 -9999 -9999 9.04859308642335 9.06874598413706 8.72980436636135 8.50532547011971 8.6200750656426 8.49134036316536 8.3414487040136 7.96654025989119 7.90934475837275 7.97532577579841 8.02170373732224 8.10561437904835 8.12019714014605 7.91675566975027 8.24283577036113 8.21988585125655 7.36476230295375 11.0279475441203 8.34625384332612 7.5686818966642 7.68701741704717 7.20650348579511 7.42237616237253 7.44389171153307 7.36213262472302 7.51345865381882 7.92010253295302 7.30929999845102 7.30404064198956 7.32220932794735 7.39612719239667 8.68928341544233 8.61899928818457 8.91494842529154 7.49665603447439 7.93274291808484 7.44444952206686 12.0325128810015 13.0699997078627 -9999 -9999 12.2549997260794 -9999 -9999 -9999 -9999 -9999 -9999 -9999 -9999 -9999 -9999 -9999 -9999 -9999 -9999 -9999
-9999 -9999 -9999 -9999 -9999 8.75060273054987 8.79219945892692 8.62844222364947 8.94495985796675 8.19478437723592 8.95284889265895 8.10764640313573 8.10083314590156 8.05242316029035 7.85591447795741 8.54979093838483 8.48022399609908 7.92464470444247 7.78049052506685 7.65366831584834 7.52242346596904 7.43492689938284 7.9509414867498 7.6841486771591 7.67052216269076 7.65761283319443 7.48118533007801 7.39655750337988 7.38579972879961 7.35998106980696 7.35424359003082 7.2896969425492 7.08870585414115 7.35041860351339 7.80520950043574 7.81080354321748 7.95757544774096 7.32770774606615 9.00257371738553 7.32065542717464 7.31479841656983 8.17102762503782 8.68079672660679 10.5507993742257 -9999 12.1299997288734 -9999 -9999 -9999 -9999 -9999 -9999 -9999 -9999 -9999 -9999 -9999 -9999 -9999 -9999 -9999 -9999
-9999 -9999 -9999 -9999 -9999 8.76996672479436 8.52182072447613 8.40491957403719 8.4888302157633 8.84527114685625 8.54118471872061 8.5593534046784 8.50532547011971 8.29901525983587 7.89697331760544 8.52325509442016 8.53975034877658 8.1105151430238 7.60776847763918 7.55971708451398 7.67841119738296 7.60047709709033 7.87994017452002 7.76519057899714 7.82686848659068 7.68773460201919 7.64470350369811 7.48835717979819 7.41950742248446 7.40803246293217 7.40659809298813 7.51130709890276 7.42470701353159 7.13478498859331 6.88520461833104 6.88018432352692 7.09426403767429 7.73506881017238 7.03820407902822 7.68151899892837 8.12808617483824 7.34573982536261 13.0852839606814 12.929999710992 11.8749997345731 -9999 -9999 -9999 -9999 -9999 -9999 -9999 -9999 -9999 -9999 -9999 -9999 -9999 -9999 -9999 -9999 -9999
-9999 -9999 -9999 -9999 -9999 9.53673991487761 9.09944150093943 8.66740927379578 8.86033203126863 8.65234838938341 8.83021026244387 8.51823479961604 8.49863174371421 8.59282203670591 8.61290321592242 8.63513595005497 8.70183415245265 8.53473005397245 7.5884044833947 7.62569810193963 7.74869532464072 7.84718872746453 7.826390363276 7.45966978091747 8.07429730193689 7.88639483926818 8.02194279897958 7.60669270018116 7.48405406996608 7.48118533007801 7.54644916253164 7.3814966189675 7.48728140234016 7.40480513055809 7.53246405557729 7.48853647604119 7.54358042264357 6.78264716733247 11.0587430321611 8.93751906388206 10.5849997634068 -9999 -9999 -9999 -9999 -9999 -9999 -9999 -9999 -9999 -9999 -9999 -9999 -9999 -9999 -9999 -9999 -9999 -9999 -9999 -9999 -9999
-9999 -9999 -9999 -9999 -9999 8.90336312958971 8.89576096888632 8.74271369585767 8.65952023910359 9.00448621064425 8.97006133198738 8.39440086111426 8.36212753737345 8.78000731440261 8.61648914078251 8.65880305413157 8.80008849361911 8.72406688658521 7.6203192146495 7.72717977548018 7.9150822381489 7.92010253295302 8.02983183367178 8.38483839482069 8.57274085748941 8.26148257963359 8.21916866628453 8.67027801368386 7.30834375182167 7.09605700010434 7.04298531217501 7.42273475485854 7.26351969107054 7.73394180521635 10.1784868278824 7.35137485014275 8.51018639048561 7.74573693663115 11.9583628953945 10.5511960086972 8.02732168626972 10.5249997647479 -9999 -9999 -9999 -9999 -9999 13.2249997043982 13.2249997043982 -9999 -9999 -9999 -9999 -9999 -9999 -9999 -9999 -9999 -9999 -9999 -9999 -9999
-9999 -9999 -9999 -9999 -9999 8.38770713470876 8.48452710593119 7.80009358096868 8.18928595911711 8.94998015277088 8.90910060936585 8.81658374797553 8.86535232607275 8.76422924501821 8.72836999641731 8.37694936012849 8.48022399609908 8.48524429090321 8.37479780521244 7.97532577579841 7.80893886229023 7.70638141129166 8.16968290321529 8.75490584038198 8.39631335437298 8.6602374240756 7.25527206389233 7.56174910860136 7.08027893071994 7.03007598267868 7.2298119973857 7.38631200377962 7.50664539658464 7.67353433957323 7.48548843991011 7.51102022491395 7.42804844351485 12.0225918222219 -9999 -9999 -9999 -9999 -9999 -9999 -9999 -9999 -9999 -9999 -9999 -9999 -9999 -9999 -9999 -9999 -9999 -9999 -9999 -9999 -9999 -9999 -9999 -9999
-9999 -9999 -9999 -9999 -9999 8.35065257782117 8.4013336491771 8.93922237819061 8.91340371919796 8.97436444181949 8.87324136076495 8.88901943014935 9.0066377655603 8.83164463238791 8.32602922711521 8.38268683990464 8.2337992397137 8.74302106084568 8.63489688839763 8.15533920377493 8.48739584581926 8.33965574158356 8.52253790944815 8.18474378762767 8.22347177611664 7.61529891984537 7.38293098891154 7.26029235869646 7.43169956700876 7.33129367092624 7.2975859772414 7.21367533551529 7.1237881523557 7.44991606529802 7.05732901161537 7.0307931676507 6.96266059530899 6.7919705719687 7.6646911370487 9.9080414774362 11.6199997402728 -9999 -9999 -9999 -9999 -9999 -9999 -9999 -9999 -9999 -9999 -9999 -9999 -9999 -9999 -9999 -9999 -9999 -9999 -9999 -9999 -9999
-9999 -9999 -9999 -9999 -9999 8.68031860329211 8.3879461963661 8.237815475557 8.97795036667958 8.89260535500944 9.03747671935707 8.27026809554081 8.28514968371019 8.69824822759256 8.60644855117425 8.28658405365422 8.22538426937535 8.19239376066253 8.55224985828889 8.61023938602635 8.72239345498383 8.77867539945458 8.57991270720959 7.96743674110621 8.1818750477396 7.71642200089991 7.76519057899714 7.4689931855537 7.4611041508615 7.39942624326795 7.38795128371567 7.34061707556248 7.32412182120606 6.9748527398333 7.06450086133555 7.01214635837823 7.1025116648525 7.17351297708228 8.59511702861637 12.6049997182563 -9999 -9999 -9999 13.0149997090921 8.52704592927226 12.2449997263029 -9999 -9999 -9999 -9999 -9999 -9999 -9999 -9999 -9999 -9999 -9999 -9999 -9999 -9999 -9999 -9999
-9999 -9999 -9999 -9999 -9999 8.86750388098881 8.42715230816975 8.35949785914272 9.23972288146615 8.5526596782729 8.95643481751904 9.01022369042039 9.08696248242632 9.00233465572819 8.91412090416998 8.85961484629661 8.80152286356315 8.25574509985745 8.197832413367 8.04776145797223 8.08194727497175 7.95022430177778 8.28754030028358 8.10011596092954 7.89786979882047 7.77738272352144 7.35639514494687 7.42333240900189 7.75777966761962 7.28252509282902 7.25240332400426 7.49050873471424 7.38795128371567 7.00497450865805 7.21510970545933 6.99851984390989 7.07525863591582 7.11255225446075 6.95979185542092 7.95780597148197 7.89332762733102 7.94448682200164 7.14751502184663 7.1064561821986 7.2379571695679 13.0724066588516 13.1249997066334 -9999 -9999 -9999 -9999 -9999 -9999 -9999 -9999 -9999 -9999 -9999 -9999 -9999 -9999 -9999
-9999 -9999 -9999 -9999 -9999 8.86965543590486 8.80403301096521 8.62103131227195 9.43981748865917 9.07261878298596 8.955000447575 8.39487898442894 8.92272712383419 8.90981779433787 8.87180699082091 8.80654315836728 8.78694010246545 8.41185236210003 8.19550156220794 8.31598863750696 8.19155704486184 8.48524429090321 8.5325784990564 8.27080598426983 8.16896571824327 8.1022675158456 8.17757193790749 8.17470319801942 8.02672403212637 8.67338581522927 7.29166920122225 8.65134433042258 8.57017948258934 6.96505121188238 7.09533981513232 6.96624652016908 6.99780265893787 7.22658466501161 7.05589464167133 6.8873561732471 6.75467695342377 6.7080599302426 7.18403169000521 7.2301705898717 9.01403609474533 10.9023728020955 -9999 -9999 -9999 -9999 -9999 -9999 -9999 -9999 -9999 -9999 -9999 -9999 -9999 -9999 -9999 -9999
-9999 -9999 -9999 -9999 -9999 8.63417970342562 8.72741374978796 8.70781069388613 9.06975004309788 9.17159030912444 9.15437786979601 8.62868128530681 8.42021952010691 8.78000731440261 8.91309635420995 8.82040873449296 8.84639815181228 8.63334298762493 8.44250006657094 8.42141482839361 8.88077180297114 8.07501448690891 8.43245947696269 8.5246894643642 8.53401286900043 8.5246894643642 8.66669208882377 8.11015655053779 7.95189773337916 8.82314086771969 8.61003447603434 8.6917935628444 8.63800468994305 6.87325153546408 6.85077973967418 7.4134113502223 6.84384695161134 7.31085389922373 6.97987303463742 6.84217352000996 6.84791099978611 6.73531295917928 8.11073029851541 8.7914822739549 10.5271322701491 7.09001215534019 13.5775070478735 -9999 -9999 -9999 -9999 -9999 -9999 -9999 10.9150669761002 -9999 -9999 -9999 -9999 -9999 -9999 -9999
-9999 -9999 -9999 -9999 -9999 9.40467542503029 9.24115725141019 8.88376007368788 9.07261878298596 9.15581223974004 8.71785128349438 8.18115786276758 9.06472974829376 8.95571763254702 8.93420208338648 8.59282203670591 8.64374216971919 8.49600206548348 8.60142825637013 8.35758536588401 8.34955289419741 8.83702351967804 8.87431713822298 8.36690877052024 8.62868128530681 8.65521712927148 8.56413463782519 8.47592088626698 8.6720709761139 8.45254065617919 8.1899075194262 7.78993346053176 7.58105333743151 6.92393260682002 6.91174046229571 7.46164203959052 7.36195332848001 7.35702268179739 8.13927426040173 6.71021148515865 6.8077486413531 7.48634906187654 12.6344307213141 9.72675384137698 9.05608578205207 7.97274390989915 11.2048097047955 -9999 11.4128889713436 11.2149997493252 -9999 -9999 -9999 -9999 -9999 -9999 -9999 -9999 -9999 -9999 -9999 -9999
-9999 -9999 -9999 -9999 -9999 9.56675922870636 9.32076478330418 9.20744955772534 9.01309243030846 9.35518966196105 9.193823043257 9.02313301991671 9.01094087539241 9.00161747075617 8.98010192159563 8.97006133198738 8.60142825637013 8.62150943558663 8.7118747420609 8.57560959737748 8.67242956859991 8.73661762359552 8.79248633291572 8.24164046207443 8.70972318714485 8.61433758586645 8.31598863750696 8.07429730193689 7.81467634206638 8.05751517359167 8.46623888914473 8.42127139139921 8.37852716706693 7.38795128371567 7.37217321433127 7.06880397116765 6.64901170087978 6.63189488621429 6.87459028074518 6.85508284950629 7.53820153535344 8.17005708667895 8.05206456780434 10.0417448591325 10.0104672271945 13.0499997083098 -9999 12.8922204365837 7.19875788809732 11.4299997445196 -9999 -9999 -9999 12.548665492646 13.1998046673834 -9999 -9999 -9999 -9999 -9999 -9999 -9999
-9999 -9999 -9999 -9999 -9999 9.46348459273577 9.55169834429398 9.5244453153573 9.55528426915407 9.58970914781094 9.59759818250313 9.07907344773412 8.99803154589608 9.03030486963689 9.20816674269736 9.1859340085648 8.79578538378701 8.79506819881499 8.66095460904762 8.56915493262932 8.4450819324702 9.44734793086536 8.54925304965582 8.28228094382212 8.65019683446735 8.67816704837605 8.25861383974552 7.70781578123569 7.58661152096465 8.38161106244661 7.26531265350059 7.80148013858125 8.35937832831405 7.47724081273191 7.07358520431444 7.31013671425171 7.1143452168908 7.9590994658065 13.1009857337922 -9999 12.9599997103214 12.3893767039227 8.01835687411949 7.73517126516838 12.0700037254137 13.074999707751 -9999 12.4199997223914 11.0835402458906 11.9670065717239 -9999 -9999 13.8235594026212 7.9748135008184 11.8774188723988 11.6999997384846 -9999 -9999 -9999 -9999 -9999 -9999
-9999 -9999 -9999 -9999 -9999 9.56604204373434 9.53878901479766 9.51799065060914 9.54882960440591 9.52587968530133 9.45774711295962 9.41758475452662 9.33367411280051 9.26052124565467 9.27701650001109 9.16728719929233 8.9112521642819 8.53759879386052 8.53544723894447 8.44364756252617 8.33535263175145 8.317423007451 8.20482496684417 7.99971006484702 8.02983183367178 8.02696309378371 8.02624590881169 7.77594835357741 7.55505538219586 7.41950742248446 7.46038696588948 7.4051637230441 8.06210515741259 8.13131350721233 7.96915798503906 9.16322315111756 17.6986000885597 20.2399995476007 7.8349998248741 -9999 10.1643177473918 7.3334452258423 7.2699026373215 8.39093446708284 7.20650348579511 12.0449997307733 -9999 -9999 12.3424842102686 7.52134768851101 5.78446912327781 9.88112530810758 9.4879340804182 12.240831209207 12.5249997200444 -9999 -9999 -9999 -9999 -9999 -9999 -9999
-9999 -9999 -9999 -9999 -9999 9.43336282391101 9.3810083209537 9.23972288146615 9.32076478330418 9.24832910113037 8.81012908322737 9.25980406068265 9.25263221096247 8.83021026244387 9.10991240153089 8.85746329138055 8.78431042423472 8.60860010609031 8.33606981672347 8.37551499018446 8.27439190912992 8.26937161432579 8.21558274142444 7.82973722647876 7.93803215725347 7.78742331312969 7.81611071201041 7.81180760217831 7.66478468291461 7.38221380393952 7.42237616237253 7.36069825477898 7.15128024294972 7.88252204041928 7.63810540195554 10.1534165358171 8.27492979785893 8.6171411271207 -9999 -9999 7.83721644118694 7.55950192902237 6.92464979179204 8.23207799578086 7.00515380490106 9.61506880842149 -9999 7.75649471121142 9.36307869665325 8.09626109170495 9.7973740408197 7.99066250058464 7.61126475437777 7.59394274512306 12.6749997166917 -9999 -9999 -9999 -9999 -9999 -9999 -9999
