EcologicalScience/Bass/data/rs_data_bass/sst_207.asc
NCOLS 226 
NROWS 124 
XLLCORNER -9.41648524995501 
YLLCORNER 47.587301625531 
CELLSIZE 0.0833 
NODATA_value -9999 
[rows 0 to 26 of 124, columns 62 to 123 of 226]
-9999 -9999 -9999 -9999 -9999 -9999 -9999 -9999 -9999 -9999 -9999 -9999 -9999 -9999 -9999 -9999 -9999 -9999 -9999 -9999 -9999 -9999 -9999 -9999 -9999 -9999 -9999 -9999 -9999 -9999 -9999 -9999 -9999 -9999 -9999 -9999 -9999 -9999 -9999 -9999 -9999 -9999 -9999 -9999 -9999 -9999 -9999 -9999 -9999 -9999 -9999 -9999 -9999 -9999 -9999 -9999 -9999 -9999 -9999 -9999 -9999 -9999
-9999 -9999 -9999 -9999 -9999 -9999 -9999 -9999 -9999 -9999 -9999 -9999 -9999 -9999 -9999 -9999 -9999 -9999 -9999 -9999 -9999 -9999 -9999 -9999 -9999 -9999 -9999 -9999 -9999 -9999 -9999 -9999 -9999 -9999 -9999 -9999 -9999 -9999 -9999 -9999 -9999 -9999 -9999 -9999 -9999 -9999 -9999 -9999 -9999 -9999 -9999 -9999 -9999 -9999 -9999 -9999 -9999 -9999 -9999 -9999 -9999 -9999
-9999 -9999 -9999 -9999 -9999 -9999 -9999 -9999 -9999 -9999 -9999 -9999 -9999 -9999 -9999 -9999 -9999 -9999 -9999 -9999 -9999 -9999 -9999 -9999 -9999 -9999 -9999 -9999 -9999 -9999 -9999 -9999 -9999 -9999 -9999 -9999 -9999 -9999 -9999 -9999 -9999 -9999 -9999 -9999 -9999 -9999 -9999 -9999 -9999 -9999 -9999 -9999 -9999 -9999 -9999 -9999 -9999 -9999 -9999 -9999 -9999 -9999
-9999 -9999 -9999 -9999 -9999 -9999 -9999 -9999 -9999 -9999 -9999 -9999 -9999 -9999 -9999 -9999 -9999 -9999 -9999 -9999 -9999 -9999 -9999 -9999 -9999 -9999 -9999 -9999 -9999 -9999 -9999 -9999 -9999 -9999 -9999 -9999 -9999 -9999 -9999 -9999 -9999 -9999 -9999 -9999 -9999 -9999 -9999 -9999 -9999 -9999 -9999 -9999 -9999 -9999 -9999 -9999 -9999 -9999 -9999 -9999 -9999 -9999
-9999 -9999 -9999 -9999 -9999 -9999 -9999 -9999 -9999 -9999 -9999 -9999 -9999 -9999 -9999 -9999 -9999 -9999 -9999 -9999 -9999 -9999 -9999 -9999 -9999 -9999 -9999 -9999 -9999 -9999 -9999 -9999 -9999 -9999 -9999 -9999 -9999 -9999 -9999 -9999 -9999 -9999 -9999 -9999 -9999 -9999 -9999 -9999 -9999 -9999 -9999 -9999 -9999 -9999 -9999 -9999 -9999 -9999 -9999 -9999 -9999 -9999
-9999 -9999 -9999 -9999 -9999 -9999 -9999 -9999 -9999 -9999 -9999 -9999 -9999 -9999 -9999 -9999 -9999 -9999 -9999 -9999 -9999 -9999 -9999 -9999 -9999 -9999 -9999 -9999 13.2899997029454 10.9498504472431 11.7943357517943 12.140018908307 12.0159459081478 11.6085848440416 11.585634924937 11.782860792242 11.9621570352465 11.9793694745749 12.0274208677001 12.0080568734556 12.2339701396413 12.2110202205367 12.2655262784101 12.2927793073468 12.0080568734556 12.1644031973556 12.3085573767312 12.3594775097445 12.5065004290082 12.8349711461924 12.7582323541865 12.5524002672173 12.5696127065457 12.5480971573852 12.8615069901571 12.8765678745694 12.938962967135 12.580370481126 12.8808709844016 12.7252418454736 12.7869197530672 12.7166356258094
-9999 -9999 -9999 -9999 -9999 -9999 -9999 -9999 -9999 -9999 -9999 -9999 -9999 -9999 -9999 -9999 -9999 -9999 -9999 -9999 -9999 -9999 -9999 -9999 -9999 -9999 -9999 11.9751129351955 11.7735373876058 11.305215600878 11.5275429422036 11.4135105316527 11.7376781390049 11.9004791276529 12.4383678566664 11.584200554993 11.7627796130255 11.9492477057502 12.0037537636235 11.9600054803304 12.3530228449963 12.0733207059093 12.2124545904808 12.3852961687371 12.2095858505927 12.3078401917592 12.4247413421981 12.5574205620214 12.777596348431 12.5861079609022 12.6269875043072 12.6011688453145 12.8034150074236 12.9181646029465 12.4892879896797 12.4692068104632 12.3852961687371 12.5057832440361 12.6384624638595 12.6463514985517 12.7273934003897 12.9038209035061
-9999 -9999 -9999 -9999 -9999 -9999 -9999 -9999 -9999 -9999 -9999 -9999 -9999 -9999 -9999 -9999 -9999 -9999 -9999 -9999 -9999 -9999 -9999 -9999 -9999 -9999 12.3302163628861 12.2538720226148 12.0855128504336 11.8359324801713 11.5698568555526 11.8007904165424 11.8187200408429 11.863185509108 12.0173802780919 12.0489364168607 11.7570421332493 11.9112369022332 11.9994506537914 11.9341868213378 12.0008850237355 11.9894100641832 12.2045655557886 12.1486251279712 12.5853907759301 11.861033954192 11.9255806016736 12.3888820935972 12.6241187644191 12.5201269434765 12.7431714697741 12.5359050128609 12.4727927353233 12.6642811228521 12.5122379087843 12.5760673712939 12.5760673712939 13.0709250019863 12.9360942272469 12.9733878457919 12.3523056600243 12.5567033770494
-9999 -9999 -9999 -9999 -9999 -9999 -9999 -9999 -9999 -9999 -9999 -9999 -9999 -9999 -9999 -9999 -9999 -9999 -9999 -9999 -9999 -9999 -9999 -9999 -9999 9.43615187657997 12.539490937721 12.0051881335676 12.1737266019918 11.9325133897364 11.5899380347691 12.1048768446781 11.7362437690608 12.0001678387634 11.8438215148635 11.8689229888842 11.8552964744158 12.0503707868047 11.8452558848076 11.9528336306103 12.2167577003129 12.1658375672996 12.1550797927193 12.1393017233349 11.9349040063098 12.1120486943983 12.0482192318887 12.4168523075059 12.3946195733733 12.5151066486724 12.3989226832055 12.7073122211732 12.8557695103809 13.0128330192529 12.5968657354824 12.6391796488315 12.6571092731319 13.0207220539451 12.9031037185341 12.81991026178 12.8371227011085 13.4008300891146
-9999 -9999 -9999 -9999 -9999 -9999 -9999 -9999 -9999 -9999 -9999 -9999 -9999 -9999 -9999 -9999 -9999 -9999 -9999 -9999 -9999 -9999 -9999 -9999 -9999 9.46581796919402 11.6145613854751 11.7871639020741 12.1263923938386 12.5129550937563 12.4319131919183 12.3702352843247 12.2110202205367 12.3537400299683 11.8732260987163 11.9270149716176 11.8954588328488 11.944227410946 12.1106143244542 12.0460676769726 11.9621570352465 12.1271095788106 12.1228064689785 12.063280116301 12.1636860123836 11.9571367404424 11.6602221620269 12.378841503989 12.3644978045486 12.3358104056679 12.7259590304457 12.818475891836 12.7517776894383 12.9296395624988 12.9848628053442 12.8765678745694 12.8837397242896 12.9640644411556 13.0250251637772 12.9188817879185 12.9454176318832 13.4015472740866
-9999 -9999 -9999 -9999 -9999 -9999 -9999 -9999 -9999 -9999 -9999 -9999 -9999 -9999 -9999 -9999 -9999 -9999 -9999 -9999 -9999 -9999 -9999 -9999 8.00061272869111 10.5122480834834 11.337919235602 12.4426709664986 11.8502761796117 11.8696401738562 11.9377727461979 12.4448225214146 12.1306955036707 11.4179570784792 11.4364604507573 11.6889095609076 11.8079622662626 11.8502761796117 11.8122653760947 12.022400572896 12.1923734112643 12.1751609719358 11.9707632549107 11.9241462317295 12.0769066307694 12.4276100820862 12.3917508334853 12.3229010761715 12.5731986314058 12.8851740942337 12.8550523254089 12.9231848977506 13.0544297476299 13.0400860481896 13.0759452967905 12.9970549498685 12.9561754064634 12.7252418454736 13.1196935800835 13.1942808171734 12.9325083023869 13.1871089674532
-9999 -9999 -9999 -9999 -9999 -9999 -9999 -9999 -9999 -9999 -9999 -9999 -9999 -9999 -9999 -9999 -9999 -9999 -9999 -9999 -9999 -9999 -9999 -9999 11.607293911092 11.8176442633849 11.5501342688221 12.1938077812083 12.3300729258917 12.1357157984748 12.0403301971965 11.8531449194998 12.0302896075882 11.6838892661035 11.7061220002361 11.5081789479591 11.663090901915 11.8273262605071 12.2045655557886 11.9908444341272 12.0647144862451 12.0998565498739 12.1342814285308 12.302819896955 11.9600054803304 12.4455397063866 12.3623462496325 12.50004576426 12.539490937721 12.741019914858 12.7532120593823 12.8156071519479 12.8521835855208 13.0529953776859 13.0551469326019 13.0702078170143 12.9160130480304 12.7230902905576 12.976973770652 12.8801537994295 12.9454176318832 12.9482863717712
-9999 -9999 -9999 -9999 -9999 -9999 -9999 -9999 -9999 -9999 -9999 -9999 -9999 -9999 -9999 -9999 -9999 -9999 -9999 -9999 -9999 -9999 -9999 13.344999701716 11.8065278963186 11.8488418096676 12.0008850237355 12.1479079429992 12.221777995117 12.1579485326074 11.8832666883245 11.7556077633053 11.3202764852904 11.5103305028751 11.5383007167839 11.8316293703392 11.8653370640241 11.9392071161419 12.102725289762 11.8072450812906 12.2303842147812 12.3193151513115 12.3200323362835 12.4089632728137 12.2662434633821 12.2447279142216 12.4950254694559 12.3781243190169 12.7883541230112 12.9239020827226 12.9296395624988 12.9289223775268 13.0680562620983 13.0945921060629 13.1196935800835 13.0544297476299 13.0924405511469 12.9970549498685 13.0472578979097 13.0429547880776 12.9654988110997 13.0745109268464
-9999 -9999 -9999 -9999 -9999 -9999 -9999 -9999 -9999 -9999 -9999 -9999 -9999 -9999 -9999 -9999 -9999 -9999 -9999 -9999 -9999 7.25173448858092 11.4981383583508 10.3936735014431 11.7412640638649 11.9090853473172 12.2095858505927 12.2138889604248 12.2289498448372 12.221060810145 12.1471907580271 11.8760948386043 12.1550797927193 12.1586657175794 11.3382061095908 11.6014129943214 11.6473128325306 11.8732260987163 11.8301950003952 11.9786522896029 12.0353099023923 12.3322244808078 12.4935910995118 12.4878536197357 12.5559861920774 12.5638752267696 12.3472853652202 12.2834559027106 12.2899105674587 12.6786248222925 13.1333200945519 13.0766624817625 13.0924405511469 13.057298487518 13.0013580597006 12.9949033949524 12.940397337079 12.9626300712116 13.0501266377978 13.0056611695327 13.1512497188523 13.4374065226875
-9999 -9999 -9999 -9999 -9999 -9999 -9999 -9999 -9999 -9999 -9999 -9999 -9999 -9999 -9999 -9999 -9999 -9999 -9999 -9999 7.88322794382994 12.1651203823276 12.2110202205367 11.8890041681007 11.7405468788929 11.4041871270165 11.8258918905631 12.2490310240537 12.1098971394822 12.0596941914409 12.0898159602657 12.1622516424395 11.8796807634644 11.424268306233 11.9980162838474 11.5418866416439 11.9549851855263 11.9205603068694 11.9922788040712 11.9621570352465 12.0417645671405 12.0926847001538 12.2289498448372 12.538773752749 12.7331308801658 12.700140371453 13.1598559385166 12.4799645850435 12.419003862422 12.740302729886 13.1268654298037 13.1655934182927 13.2251197709702 13.2265541409142 13.1318857246079 13.1232795049436 12.9081240133382 12.9102755682543 12.9999236897565 12.9604785162956 12.9855799903162 13.0501266377978
-9999 -9999 -9999 -9999 -9999 -9999 -9999 -9999 -9999 -9999 -9999 -9999 -9999 -9999 -9999 -9999 -9999 -9999 -9999 -9999 10.0657765322365 12.0977049949579 11.9714804398827 12.0790581856854 12.2497482090257 12.1486251279712 12.0073396884836 11.4307229709812 12.0288552376442 11.9284493415616 11.7498702835292 12.0890987752937 12.0152287231758 11.3202764852904 11.1094241035171 10.3958250563592 9.28633990464732 10.1369212814607 12.5968657354824 12.6169469146989 12.7926572328433 12.4283272670582 12.26194035355 12.4003570531495 12.5251472382806 12.5696127065457 12.6872310419567 12.1973937060684 12.618381284643 13.0852687014267 13.2200994761661 12.300668342039 13.0088885019068 13.098178030923 13.3922238694504 13.335566256661 12.9533066665754 13.1039155106992 13.418042528443 13.337000626605 13.2244025859982 13.176351192873
-9999 -9999 -9999 -9999 -9999 -9999 -9999 -9999 -9999 -9999 -9999 -9999 -9999 -9999 -9999 -9999 -9999 -9999 10.4922429693397 10.4061525199562 11.8760948386043 11.9141056421213 11.662373716943 11.5798974451609 11.465147849638 12.1278267637827 12.063280116301 11.7333750291727 10.9667042940855 11.7993560465984 12.1866359314881 11.8409527749754 11.8868526131846 11.5576647110283 11.2385173984803 11.3604388437234 10.9616839992814 12.9267708226107 12.7833338282071 12.7582323541865 12.8550523254089 12.9253364526667 13.1297341696918 13.0451063429937 12.3867305386811 12.540208122693 12.89808342373 13.057298487518 12.2870418275706 12.4806817700155 13.3262428520247 12.7912228628993 13.496932875365 13.3728598752059 13.1204107650556 13.0759452967905 12.9719534758478 13.3169194473885 13.3556474358775 13.337717811577 13.3721426902339 13.4811548059806
-9999 -9999 -9999 -9999 -9999 -9999 -9999 -9999 -9999 -9999 -9999 -9999 -9999 -9999 -9999 -9999 13.8006739922178 11.1810037907243 11.0749992248602 12.9102755682543 11.3891262426041 11.7097079250962 11.6573534221388 11.4823602889664 11.4830774739385 12.2734153131023 11.7111422950402 11.8524277345277 11.9004791276529 11.4522385201417 11.3095187107101 10.1691946052015 11.6781517863274 11.5677053006366 11.6602221620269 11.1201818780974 11.7807092373259 13.059450042434 12.938962967135 13.0465407129377 13.1562700136565 13.2028870368376 13.2107760715298 12.819193076808 13.0300454585813 13.2107760715298 13.3212225572206 13.2853633086197 13.454618962016 12.5832392210141 13.096743660979 13.3441724763252 13.6403698697686 13.3162022624165 13.2337259906344 13.1684621581808 13.2079073316418 13.1698965281248 13.1993011119775 13.0207220539451 13.4008300891146 13.3929410544224
-9999 -9999 -9999 -9999 -9999 -9999 -9999 -9999 -9999 -9999 8.75744698613804 8.15707554633876 8.61088510089286 -9999 -9999 -9999 9.59587693857029 10.9672780420631 12.1844843765721 11.7699514627457 11.9721976248547 11.8022247864865 11.1323740226217 11.2449720632285 11.7326578442007 11.8595995842479 12.0331583474763 11.9270149716176 11.5942411446013 11.6537674972787 11.5268257572316 11.5476241214201 11.0628070803359 11.1560411266983 11.4465010403655 11.4672994045541 12.8823053543456 12.1349986135028 12.7173528107814 12.42187260231 12.7854853831232 13.1433606841601 13.2803430138156 13.097460845951 13.2466353201307 13.4252143781632 13.3721426902339 12.7259590304457 13.4904782106169 13.6002075113356 13.6260261703283 13.5729544823989 13.1706137130968 13.298989823088 13.0902889962308 13.1333200945519 13.2229682160541 13.3900723145343 13.3018585629761 13.2287056958303 13.1863917824812 13.6511276443489
-9999 -9999 -9999 -9999 -9999 -9999 -9999 -9999 -9999 -9999 -9999 -9999 -9999 -9999 -9999 -9999 -9999 14.5149996755645 13.974578066729 11.704329037806 12.5502487123013 13.0924405511469 12.8062837473117 11.8000732315704 12.0338755324483 12.102725289762 11.9592882953584 11.1553239417262 11.6702627516352 11.8825495033525 11.8409527749754 12.0051881335676 11.8187200408429 11.7477187286131 11.8172856708989 11.7132938499562 12.978766733082 12.1651203823276 12.6463514985517 12.7302621402778 12.6549577182159 12.8830225393176 13.2645649444312 12.9984893198125 12.7962431577034 12.9841456203721 13.4998016152531 13.4868922857568 13.4682454764843 13.6231574304402 13.6769463033415 13.6489760894328 13.4589220718481 12.2303842147812 12.3178807813674 12.9913174700923 13.2229682160541 13.3197881872766 13.2918179733679 13.3886379445903 13.6339152050205 13.6389354998246
-9999 -9999 -9999 -9999 -9999 -9999 -9999 -9999 -9999 -9999 -9999 -9999 -9999 -9999 8.88127071425602 13.1435997458175 13.2342041139491 10.6002227733843 11.4127933466807 12.1507766828872 12.5244300533086 12.8521835855208 13.0379344932735 12.9475691867992 12.4082460878417 12.2834559027106 11.8581652143039 11.944227410946 11.6544846822508 11.6609393469989 11.7548905783333 11.8402355900034 11.785012347158 11.6322519481182 11.8847010582685 12.1206549140625 11.9148228270933 12.5574205620214 12.937528597191 12.9447004469112 12.7747276085429 11.6501815724187 13.2789086438715 13.2939695282839 13.2215338461101 13.2204580686521 12.7661213888787 13.4589220718481 13.3735770601779 13.5729544823989 13.576540407259 13.6109652859159 13.6037934361957 13.6410870547406 13.4295174879953 13.1333200945519 13.2789086438715 13.5062562800013 13.693441557698 13.6489760894328 13.4123050486669 13.6052278061397
-9999 -9999 -9999 -9999 -9999 -9999 -9999 -9999 -9999 -9999 -9999 -9999 10.2335637149278 13.3574403983075 11.636315996293 12.1978718293831 12.6671498627402 12.221060810145 12.100573734846 12.657826458104 12.3996398681775 12.6047547701746 12.7933744178154 12.2397076194175 12.3164464114234 12.4441053364426 12.4182866774499 11.8251747055911 11.7175969597884 11.5483413063921 11.9327524513938 11.9313180814497 12.3673665444367 13.0931577361189 12.658543643076 12.5502487123013 12.7259590304457 12.6298562441953 12.7460402096622 13.0458235279657 12.9246192676947 12.9576097764075 13.2114932565019 13.417325343471 12.5724814464338 13.5980559564196 13.3577989907935 13.4739829562604 13.4058503839187 13.5621967078187 13.5521561182104 13.5786919621751 13.6002075113356 13.6202886905521 13.4316690429114 13.1734824529849 13.257393094711 13.3506271410733 13.5191656094976 13.734321101103 13.5858638118953 13.6719260085374
-9999 -9999 -9999 -9999 -9999 -9999 -9999 -9999 -9999 -9999 9.37537329617355 11.7181348485174 9.79984434461221 12.6869919802994 13.1259689485887 12.9231848977506 12.9447004469112 13.9510902588954 12.9425488919951 12.5418815542944 12.5437940475531 9.70517592830583 12.2748496830463 12.3652149895206 12.5122379087843 12.2447279142216 12.2167577003129 12.0001678387634 11.9349040063098 12.8059251548257 12.8812295768876 12.9956205799244 13.2064729616977 12.299233972095 12.4799645850435 12.7108981460333 12.6076235100627 12.579653296154 13.1741996379569 13.4366893377155 13.5012359851971 13.3230155196507 13.3649708405137 13.7099368120544 13.6834009680897 13.656865124125 13.497650060337 13.5471358234063 13.6339152050205 13.5872981818393 13.5951872165315 13.7077852571383 13.7063508871943 13.6389354998246 13.4302346729673 13.3836176497862 13.3420209214091 13.1713308980688 13.2602618345991 13.7328867311589 13.8655659509823 13.5564592280425
-9999 -9999 -9999 -9999 -9999 -9999 -9999 -9999 -9999 -9999 5.79499987047166 7.34064180607875 13.290096729435 14.6200445415452 14.3069933012594 14.0822992495261 12.7399997152388 -9999 -9999 9.22999979369342 8.12857454102406 9.22352124904157 11.344660774339 13.1673863807227 13.0278939036652 12.9909588776063 12.9690847359598 12.9726706608199 12.8080767097417 12.8823053543456 13.0691320395563 13.2129276264459 13.3617435081396 13.1300927621778 12.220343625173 12.6477858684957 12.3350932206959 12.3601946947165 13.3319803318009 13.4531845920719 13.3986785341986 13.456411924446 13.4187597134151 13.4467299273238 13.2100588865578 13.6296120951883 13.6848353380337 13.6697744536214 13.4725485863164 13.6303292801604 13.696310297586 13.7486648005433 13.8218176676892 13.3413037364371 13.7206945866346 13.3484755861573 13.5629138927907 13.656147939153 13.5299233840778 13.3958097943105 13.3599505457096 13.3915066844784
-9999 -9999 -9999 -9999 -9999 -9999 -9999 -9999 -9999 -9999 -9999 -9999 -9999 -9999 -9999 -9999 -9999 -9999 -9999 -9999 -9999 -9999 -9999 -9999 11.4737958110655 13.0601672274061 12.937528597191 13.1285388614051 12.7754447935149 7.47473066532984 13.3283944069408 13.0547883401159 13.1200521725696 13.1709723055828 12.422589787282 13.2039628142957 12.7847681981511 13.2376705079805 13.2193822911941 13.5636310777627 13.1067842505872 13.2792672363576 13.4115878636949 13.8648487660103 13.5094836123753 13.656147939153 13.6769463033415 13.7422101357952 13.6073793610558 13.4316690429114 13.1648762333207 13.6288949102163 13.7214117716067 13.815363002941 12.7912228628993 13.9035767544992 13.5148624996655 13.5184484245256 13.575823222287 13.9767296216451 13.9975279858336 14.0462965639308
-9999 -9999 -9999 -9999 -9999 -9999 -9999 -9999 -9999 -9999 -9999 -9999 -9999 -9999 -9999 -9999 -9999 -9999 -9999 -9999 -9999 -9999 -9999 -9999 -9999 10.6396679468453 13.1414960032329 13.2512253039517 13.1442213061266 12.9796990735456 12.2667215866968 12.89987638616 12.8446531433146 12.9945448024664 13.0931577361189 13.1397747593001 13.13618883444 13.3047273028642 13.1871089674532 13.3040101178922 13.2111346640158 13.3990371266846 13.4133808261249 13.3588747682516 13.2312158432323 13.8103427081369 13.7414929508232 13.7142399218865 13.8124942630529 13.6281777252443 13.7092196270823 13.8691518758424 13.8913846099749 13.9430219279602 13.9394360031001 13.8741721706465 13.694875927642 13.4252143781632 13.2710196091793 14.0807214425877 13.9193548238836 13.9121829741634
-9999 -9999 -9999 -9999 -9999 -9999 -9999 -9999 -9999 -9999 -9999 -9999 -9999 -9999 -9999 -9999 -9999 -9999 -9999 -9999 -9999 -9999 -9999 -9999 -9999 -9999 -9999 13.2519424889237 13.1310251026414 13.139057574328 13.0777382592205 12.777596348431 13.0870616638567 12.9758979931939 12.7291863628197 12.7646870189346 12.8887600190938 12.8790780219715 12.8342539612204 13.1605731234886 13.2882320485078 13.0246665712912 13.2616962045431 13.0920819586609 13.7027649623342 13.6998962224461 13.892818979919 13.9193548238836 13.9286782285199 13.9085970493034 13.9021423845552 13.9437391129322 13.935132893268 13.9674062170088 13.9114657891914 13.9186376389116 13.9717093268409 14.0470137489028 13.8196661127731 13.9430219279602 14.254997390788 14.1000854368322
