EcologicalScience/Bass/data/rs_data_bass/sst_534.asc
NCOLS 226 
NROWS 124 
XLLCORNER -9.41648524995501 
YLLCORNER 47.587301625531 
CELLSIZE 0.0833 
NODATA_value -9999 
[rows 54 to 80 of 124, columns 0 to 61 of 226]
-9999 -9999 -9999 -9999 -9999 -9999 -9999 -9999 -9999 -9999 -9999 -9999 -9999 -9999 -9999 -9999 -9999 -9999 -9999 -9999 -9999 -9999 -9999 -9999 -9999 -9999 -9999 -9999 -9999 -9999 -9999 -9999 -9999 -9999 -9999 -9999 -9999 -9999 11.6697447847109 14.141969039198 14.5490432293154 14.6401257207617 13.5528733031824 13.2036042218097 13.458204886876 13.497650060337 13.4797204360366 13.3599505457096 13.1957151871175 12.937528597191 12.8077181172557 12.9690847359598 13.0522781927139 13.4868922857568 13.7328867311589 13.7708975346759 13.9530625175685 14.1431165351532 13.7149996934459 -9999 -9999 13.1998390007066
-9999 -9999 -9999 -9999 -9999 -9999 -9999 -9999 -9999 -9999 -9999 -9999 -9999 -9999 -9999 -9999 -9999 -9999 -9999 -9999 -9999 -9999 -9999 -9999 -9999 -9999 -9999 -9999 -9999 -9999 -9999 -9999 -9999 -9999 -9999 -9999 -9999 -9999 13.6499996948987 13.9945158089511 14.2700582752004 13.8246864075772 13.6740775634535 12.6958372616209 13.2143619963899 13.458204886876 13.1605731234886 13.2014526668936 13.1655934182927 13.016418944113 12.9217505278066 13.0874202563427 13.4438611874357 13.6202886905521 13.9415875580162 13.9372844481841 13.9631031071767 13.894970534835 -9999 13.6649996945634 -9999 14.2749996809289
-9999 -9999 -9999 -9999 -9999 -9999 -9999 -9999 -9999 -9999 -9999 -9999 -9999 -9999 -9999 -9999 -9999 -9999 -9999 -9999 -9999 -9999 -9999 -9999 -9999 -9999 -9999 -9999 -9999 -9999 -9999 -9999 -9999 -9999 -9999 -9999 -9999 -9999 -9999 13.2522361932455 13.9566484424286 13.5693685575388 13.4854579158127 13.2659993143752 13.0056611695327 13.216513551306 13.3699911353178 13.0845515164547 12.9088411983103 12.9984893198125 13.1247138748877 13.2882320485078 13.4933469505049 13.7221289565787 13.8583941012621 13.7285836213268 13.9222235637717 14.3475142521784 14.7921689348295 15.0349996639416 20.6549995383248 -9999
-9999 -9999 -9999 -9999 -9999 -9999 -9999 -9999 -9999 -9999 -9999 -9999 -9999 -9999 -9999 -9999 -9999 -9999 -9999 -9999 -9999 -9999 -9999 -9999 -9999 -9999 -9999 -9999 -9999 -9999 -9999 -9999 -9999 -9999 -9999 -9999 -9999 -9999 -9999 13.324999702163 13.8196661127731 13.7952818237245 12.9640644411556 12.8234961866401 12.8679616549052 13.4897610256448 13.1196935800835 13.5306405690499 13.2638477594592 12.9834284354001 12.9332254873589 13.2193822911941 13.4015472740866 13.4510330371559 13.4388408926316 13.4632251816802 13.5664998176508 14.1309243906289 14.8624530620873 15.0338602703996 15.7747123464942 -9999
-9999 -9999 -9999 -9999 -9999 -9999 -9999 -9999 -9999 -9999 -9999 -9999 -9999 -9999 -9999 -9999 -9999 -9999 -9999 -9999 -9999 -9999 -9999 -9999 -9999 -9999 -9999 -9999 -9999 -9999 -9999 -9999 -9999 -9999 -9999 -9999 -9999 -9999 -9999 -9999 13.2069032726809 13.7027649623342 13.4080019388348 13.2760399039835 13.016418944113 13.4632251816802 13.4646595516242 13.773049089592 13.3692739503458 13.5700857425109 13.3599505457096 13.1591387535445 13.376445800066 13.4890438406728 13.5901669217274 13.6690572686493 13.6446729796007 13.8641315810382 14.2033600728028 15.049638339784 15.3494216580875 13.8849996896461
-9999 -9999 -9999 -9999 -9999 -9999 -9999 -9999 -9999 -9999 -9999 -9999 -9999 -9999 -9999 -9999 -9999 -9999 -9999 -9999 -9999 -9999 -9999 -9999 -9999 -9999 -9999 -9999 -9999 -9999 -9999 -9999 -9999 -9999 -9999 -9999 -9999 -9999 -9999 14.0999996848404 14.1421944401892 14.214835032355 14.1854304485023 14.0348216043785 14.1610461594537 13.7687459797598 13.5385296037421 13.2466353201307 13.2681508692913 13.494781320449 13.0078127244487 13.255241539795 13.7594225751236 13.9157688990235 13.8971220897511 13.9380016331561 14.0082857604139 14.1954710381106 14.49381998647 14.929868449457 -9999 -9999
-9999 -9999 -9999 -9999 -9999 -9999 -9999 -9999 -9999 -9999 -9999 -9999 -9999 -9999 -9999 -9999 -9999 -9999 -9999 -9999 -9999 -9999 -9999 -9999 -9999 -9999 -9999 -9999 -9999 -9999 -9999 -9999 -9999 -9999 -9999 -9999 -9999 -9999 -9999 11.3801803037426 15.250450131949 15.0819116635248 14.8402203279547 14.3554032868706 13.8519394365139 13.5399639736861 13.334849071689 13.5148624996655 13.1914120772853 12.7646870189346 12.8693960248493 13.1620074934326 13.5664998176508 13.6862697079778 13.7558366502635 14.0269325696863 14.133075945545 13.7399996928871 15.6384185144119 17.5963621754199 17.6178777245805 17.6537369731814
-9999 -9999 -9999 -9999 -9999 -9999 -9999 -9999 -9999 -9999 -9999 -9999 -9999 -9999 -9999 -9999 -9999 -9999 -9999 -9999 -9999 -9999 -9999 -9999 -9999 -9999 -9999 -9999 -9999 -9999 -9999 -9999 -9999 -9999 -9999 -9999 -9999 -9999 -9999 13.9875898512213 14.2585833156481 14.9248481546529 14.3403424024582 14.2105319225229 13.4911953955889 13.4359721527435 13.2093417015858 13.1326029095799 12.8672444699332 13.0357829383574 13.2330088056624 13.4876094707288 13.6812494131736 13.8074739682488 14.1402477952652 14.2090975525789 15.1380313875852 16.1189611330628 17.1158482441679 17.2972960420884 17.4091768977232 17.441450221464
-9999 -9999 -9999 -9999 -9999 -9999 -9999 -9999 -9999 -9999 -9999 -9999 -9999 -9999 -9999 -9999 -9999 -9999 -9999 -9999 -9999 -9999 -9999 -9999 -9999 -9999 -9999 -9999 -9999 -9999 -9999 -9999 -9999 -9999 -9999 -9999 -9999 -9999 14.3029053469189 15.1077303225175 14.3188268532977 14.2686239052564 13.9982451708056 13.813928632997 13.8411816619337 12.9934690250084 13.0709250019863 13.0035096146166 12.9461348168552 13.2021698518656 13.6016418812796 13.6783806732856 13.934415708296 13.9021423845552 14.0491653038189 14.2205725121312 14.2205725121312 15.688650149852 16.405117936898 16.8863490531221 17.0061189434491 17.3087710016407
-9999 -9999 -9999 -9999 -9999 -9999 -9999 -9999 -9999 -9999 -9999 -9999 -9999 -9999 -9999 -9999 -9999 -9999 -9999 -9999 -9999 -9999 -9999 -9999 -9999 -9999 -9999 -9999 -9999 -9999 -9999 -9999 -9999 -9999 -9999 -9999 -9999 -9999 15.4448072593659 15.2547532417811 14.7218848075718 14.2184209572151 14.1380962403491 13.9688405869529 13.9996795407496 12.8693960248493 12.9891659151763 13.0250251637772 13.0365001233295 13.2703024242073 13.6453901645727 13.7407757658511 13.7572710202076 13.8426160318777 14.0627918182872 14.3102206336334 14.452223258093 14.9040497904643 15.8966337917373 16.5966063244268 17.1108279493637 17.4966734643094
-9999 -9999 -9999 -9999 -9999 -9999 -9999 -9999 -9999 -9999 -9999 -9999 -9999 -9999 -9999 -9999 -9999 -9999 -9999 -9999 -9999 -9999 -9999 -9999 -9999 -9999 -9999 -9999 -9999 -9999 -9999 -9999 -9999 -9999 -9999 -9999 -9999 15.1892025353387 15.529435086064 15.2791375308298 14.490951246582 13.8634143960662 13.8971220897511 13.5959044015035 13.3613849156536 13.2645649444312 13.0408032331616 13.1949980021454 13.2100588865578 13.3527786959894 13.4876094707288 13.5636310777627 13.7156742918305 13.8368785521016 14.17395548895 14.4766075471416 14.9205450448208 15.368785652332 15.8270668494515 16.1734671909362 17.0104220532812 17.2499618339352
-9999 -9999 -9999 -9999 -9999 -9999 -9999 -9999 -9999 -9999 -9999 -9999 -9999 -9999 -9999 -9999 -9999 -9999 -9999 -9999 -9999 -9999 -9999 -9999 -9999 -9999 -9999 -9999 -9999 -9999 -9999 -9999 -9999 -9999 -9999 -9999 -9999 14.612770236829 14.4744559922256 14.6458632005379 14.4479201482609 14.1029541767202 13.8999908296391 13.5148624996655 13.2867976785637 13.2071901466697 13.1698965281248 13.3040101178922 13.4438611874357 13.5700857425109 13.6611682339571 13.735038286075 13.8569597313181 14.1567430496216 14.2356333965436 14.530396420043 14.9549699234776 15.2934812302701 15.7517624273896 16.2129123643972 16.7429120587185 17.1567277875729
-9999 -9999 -9999 -9999 -9999 -9999 -9999 -9999 -9999 -9999 -9999 -9999 -9999 -9999 -9999 -9999 -9999 -9999 -9999 -9999 -9999 -9999 -9999 -9999 -9999 -9999 -9999 -9999 -9999 -9999 -9999 -9999 -9999 -9999 -9999 10.4399997666478 15.1141849872656 15.0998412878253 14.7512893914245 14.5060121309943 14.3059175238013 13.9695577719249 13.6389354998246 13.2781914588995 13.1498153489083 13.1605731234886 13.2394634704106 13.415173788555 13.456770516932 13.4911953955889 13.5234687193297 13.7221289565787 14.1675008242019 14.3762016510591 14.3941312753595 14.6645100098103 15.0474867848679 15.4362010397017 15.8177434448153 16.2093264395371 16.5593127058819 17.0634937412106
-9999 -9999 -9999 -9999 -9999 -9999 -9999 -9999 -9999 -9999 -9999 -9999 -9999 -9999 -9999 -9999 -9999 -9999 -9999 -9999 -9999 -9999 -9999 -9999 -9999 -9999 -9999 -9999 -9999 -9999 -9999 17.8449996011332 17.8449996011332 -9999 -9999 10.6224156639073 15.6147800977342 14.9585558483377 14.7111270329915 13.9889217661694 13.9301125984639 13.7852412341163 13.4754173262045 13.2129276264459 13.1921292622574 13.1806543027051 13.2509384299628 13.3312631468289 13.7192602166906 13.813211448025 13.6461073495448 13.7630084999837 14.1008026218042 14.2779473098926 14.5160527206026 14.7448347266763 14.9743339177221 15.6018707682379 15.9009369015694 16.1311532775871 16.4883113936521 17.0355235273018
-9999 -9999 -9999 -9999 -9999 -9999 -9999 -9999 -9999 -9999 -9999 -9999 -9999 -9999 -9999 -9999 -9999 -9999 -9999 -9999 -9999 -9999 -9999 -9999 -9999 -9999 -9999 -9999 -9999 11.5926169315764 13.7849996918812 15.1400036462583 14.5320698516443 12.7917364027558 13.9099996890873 14.7755541496444 14.4314248939045 14.413495269604 14.0663777431473 13.7551194652915 13.6016418812796 13.5786919621751 13.4409924475476 13.3570818058215 13.4223456382751 13.5141453146935 13.5091250198893 13.5514389332384 13.6181371356361 13.9308297834359 13.7787865693681 13.8340098122135 13.975295251701 14.2858363445848 14.4694356974214 14.7971892296337 14.9922635420226 15.3558763228357 16.0493941907771 16.2968230061233 16.5901516596787 16.9444410358556
-9999 -9999 -9999 -9999 -9999 -9999 -9999 -9999 -9999 -9999 -9999 -9999 -9999 -9999 -9999 -9999 -9999 -9999 -9999 -9999 -9999 -9999 15.6452930583619 14.852412472479 14.6429944606498 14.8818170563318 14.9556871084496 14.2155522173271 14.1653492692858 14.9090700852685 14.610003951937 14.1517227548175 13.9021423845552 14.2076631826349 13.9968108008616 13.9960936158895 14.0663777431473 13.9989623557776 13.8426160318777 13.5880153668113 13.4833063608967 13.5643482627347 13.5069734649733 13.574388852343 13.5722372974269 13.5464186384343 13.5650654477067 13.6977446675301 13.8203832977451 13.813211448025 13.8834955752827 14.0104373153299 14.1789757837541 14.4464857783169 14.8595843221992 14.9908291720785 15.1450239410624 15.1464583110064 16.0651722601615 13.799999691546 -9999 -9999
-9999 -9999 -9999 -9999 -9999 -9999 -9999 -9999 -9999 -9999 -9999 -9999 -9999 -9999 -9999 -9999 -9999 -9999 -9999 -9999 -9999 14.8838490804192 14.7821283452213 15.1249427618459 15.0352946403436 14.9936979119666 14.9614245882258 14.6006805473007 14.4859309517778 14.412778084632 14.2872707145289 14.2363505815156 14.2851191596128 14.3087862636894 14.3030487839133 13.9652546620928 13.9365672632121 13.8892330550589 13.8282723324373 14.0111545003019 14.0412762691267 14.214117847383 14.3181096683256 14.4565263679251 13.8691518758424 14.332453367766 13.8010193035007 13.9681234019808 14.0298013095744 13.9487594077364 14.1165806911886 13.9810327314772 14.2263099919073 14.5038605760783 15.091235068161 15.4627368836664 15.2499996591359 -9999 -9999 -9999 -9999 -9999
-9999 -9999 -9999 -9999 -9999 -9999 -9999 -9999 -9999 -9999 -9999 -9999 -9999 -9999 -9999 -9999 -9999 6.88018432352692 12.9044356334821 14.2714926451445 14.1947538531385 15.0001525767148 15.0388805652037 15.1851862994954 15.2117221434601 14.9384746691212 14.8653218019754 14.8882717210799 14.9090700852685 14.7857142700814 14.7964720446616 14.8552812123671 14.9090700852685 15.1500442358665 14.7936033047736 14.5060121309943 14.3116550035775 14.5949430675246 14.8689077268355 14.9205450448208 14.9420605939813 14.8846857962199 14.372615726199 14.8466749927029 14.8803826863877 14.8538468424231 14.1122775813565 14.1796929687262 14.3948484603316 14.2492599110119 14.2234412520193 14.3123721885495 14.4199996776879 -9999 -9999 -9999 -9999 -9999 -9999 -9999 -9999 -9999
-9999 -9999 -9999 -9999 -9999 -9999 -9999 -9999 -9999 -9999 -9999 -9999 -9999 -9999 -9999 -9999 -9999 13.894253349863 13.6375011298805 14.254997390788 14.334604922682 14.9076357153244 15.2239142879844 15.4046449009329 15.4017761610448 15.2203283631243 15.28989530541 15.3874324616045 15.6520737162791 15.8155918898992 15.5444959704764 15.5473647103645 15.6556596411392 15.4957273923792 15.249732946977 14.8717764667235 14.5024262061343 14.7075411081314 15.1428723861463 15.7230750285089 15.8385418090038 15.8901791269891 15.8837244622409 14.5296792350709 15.525849161204 14.8280281834304 14.810815744102 14.5963774374686 14.6731162294745 15.8098544101231 16.0952940289862 14.5899996738881 -9999 -9999 -9999 -9999 -9999 -9999 -9999 -9999 -9999 -9999
-9999 -9999 -9999 -9999 -9999 -9999 -9999 -9999 -9999 -9999 -9999 -9999 -9999 13.3979613492265 14.7849970851094 13.8655659509823 15.6922360747121 15.8227637396194 14.8144016689621 14.8818170563318 15.1794488197193 15.2547532417811 15.4663228085265 15.7029938492924 15.7481765025295 15.8385418090038 15.967635103967 16.1282845376991 16.0881221792661 16.0551316705532 16.0393536011688 15.84786521364 15.8550370633602 15.925321190618 15.9116946761496 15.2698141261935 14.7211676225998 14.6853083739989 14.3977172002196 15.6685689706355 15.8607745431364 16.045091080945 16.1419110521674 16.0587175954133 14.5863368478604 14.6745505994186 14.7347941370681 14.7484206515364 14.7641987209208 14.7096926630475 14.7570268712007 15.330057663843 15.7099996488541 -9999 -9999 -9999 -9999 -9999 -9999 22.0335855972953 22.0349995074794 -9999
-9999 -9999 -9999 -9999 -9999 -9999 -9999 -9999 -9999 -9999 -9999 12.8830225393176 14.0699636680074 14.7627643509768 14.7426831717603 15.2647938313894 15.8098544101231 16.0960112139583 15.7037110342644 15.6377300168388 15.6111941728741 16.0415051560849 15.7768639014103 15.9733725837432 16.2788933818229 16.4094210467301 16.2387310233898 16.2222357690334 16.2724387170747 16.3032776708715 16.5083925728686 16.2537919078022 16.2874996014871 16.3298135148361 16.246620058082 15.6635486758314 15.1349833514541 15.1149021722376 15.0517898947001 14.8746452066116 16.0300301965326 16.2380138384178 16.2007202198729 16.3075807807036 15.2569047966972 15.2561876117252 15.209570588544 15.0596789293922 14.6465803855099 14.849543732591 14.9377574841492 14.8679215974989 7.02499984297901 7.02499984297901 -9999 -9999 17.3102053715847 16.8318429952487 16.6360514978878 18.4498122921214 18.5251167141832 17.7899996023625
-9999 -9999 -9999 -9999 -9999 -9999 -9999 19.7772805464394 13.5048219100572 13.4723095246591 12.9690847359598 14.6207617265172 14.7218848075718 14.9901119871065 15.2963499701582 15.8012481904589 15.6843470400199 15.8794213524088 16.2580950176343 16.1067689885385 15.9554429594427 16.0558488555253 16.1576891215518 16.0415051560849 16.1397594972514 16.3671071333811 16.5062410179526 16.4632099196315 16.4510177751072 16.4467146652751 16.5334940468892 16.205023329705 16.3850367576815 16.3871883125976 16.4890285786241 16.1290017226711 15.3874324616045 15.1199224670418 15.1328317965381 15.2067018486559 16.1519516417757 16.4510177751072 16.4302194109187 16.2975401910953 15.8220465546474 15.7955107106827 16.3850367576815 15.6692861556076 15.1930753341876 15.4957273923792 15.288460935466 15.2432782822289 15.0926694381051 13.4539466011047 16.1548203816637 16.1727500059642 16.6260109082796 17.0290688625537 17.3460646201856 17.5863215858117 17.7484053894877 16.9325096858665
-9999 -9999 -9999 -9999 -9999 13.1397747593001 15.0044556865469 14.0369731592946 14.3697469863109 13.7838068641722 13.9494765927084 14.8359172181226 15.489272727631 15.5746177393012 15.6542252711952 15.6951048146002 16.0113833872601 15.9884334681556 15.6599627509713 15.7388530978933 15.9597460692748 16.5499893012457 16.5105441277847 16.4947660584003 16.4596239947714 16.5786767001264 16.6719107464887 16.5119784977287 16.4316537808627 16.3484603241086 16.2867824165151 16.1483657169156 16.4789879890159 16.402966381982 16.2674184222706 15.6119113578461 15.4225745252334 15.2820062707178 15.76610612683 15.9475539247505 15.7582170921378 16.5169987925328 16.7049012552015 16.7120731049217 16.6597186019644 16.7292855442502 16.9028443074785 16.3585009137169 16.2760246419348 15.9367961501703 15.6513565313071 15.6391643867828 15.6542252711952 15.9224524507299 16.0952940289862 16.3470259541646 16.8985411976464 16.7680135327391 16.522736272309 16.7794884922914 16.8619647640735 17.1825464465655
-9999 -9999 -9999 -9999 -9999 14.692480223719 14.7125614029355 14.6171758016571 14.3683126163669 15.009475981351 15.249015762005 15.4218573402613 15.6276894272305 15.6743064504117 15.6233863173984 15.6599627509713 15.8363902540877 15.9238868206739 16.046525450889 15.9540085894987 16.0881221792661 16.3922086074017 16.3606524686329 16.2932370812632 16.5320596769452 16.6676076366566 16.4947660584003 16.4775536190718 16.4624927346595 16.4603411797434 16.565050185658 16.5542924110778 16.3950773472898 16.2889339714311 16.0034943525679 15.9956053178757 16.0013427976519 15.8959166067652 15.6642658608034 15.5918301786296 16.3606524686329 16.3699758732691 16.5772423301823 17.0491500417702 17.1366466083564 17.1079592094757 17.3345896606334 16.9881893191487 16.4553208849393 16.2803277517669 15.9188665258698 15.8930478668772 15.7926419707946 15.8428449188359 16.0780815896578 16.2502059829421 16.243751318194 16.3749961680733 16.6582842320204 16.7744681974873 16.9179051918909 16.9595019202679
-9999 -9999 -9999 -9999 -9999 15.049638339784 15.130680241622 15.3781090569682 15.5588396699168 15.8198949997313 15.5208288663998 15.4699087333865 15.3630481725559 15.6276894272305 15.7223578435369 15.9353617802262 16.243751318194 16.3706930582412 16.5435346364975 16.5836969949305 16.3800164628774 16.2537919078022 16.3893398675136 16.6769310412928 16.7027497002855 16.5356456018053 16.7307199141942 16.6647388967685 16.7787713073194 16.9537644404918 16.8677022438496 16.6518295672722 16.6389202377759 16.3692586882971 16.3183385552838 16.4259163010865 16.246620058082 16.164860971272 15.647053421475 15.8765526125208 16.0221411618404 16.4682302144356 16.8225195906125 16.7931150067598 16.7959837466478 16.9078646022826 17.0972014348954 16.9989470937289 17.1144138742238 16.8368632900529 16.3706930582412 16.2351450985298 16.1376079423353 15.6700033405796 15.9353617802262 16.2193670291454 16.2918027113192 16.5055238329805 16.5822626249865 16.8920865328982 16.9150364520028 16.9257942265831
-9999 -9999 -9999 -9999 -9999 15.6162144676782 15.5416272305883 15.3888668315485 16.206457699649 16.1397594972514 16.1777703007683 16.2781761968508 15.7610858320259 16.046525450889 15.6829126700759 16.4632099196315 16.7321542841382 16.681234151125 16.7135074748658 16.4251991161145 16.3864711276256 16.3728446131572 16.6353343129158 16.8533585444093 17.1108279493637 17.2915585623123 17.2764976778999 16.9795830994844 17.5153202735819 17.3173772213049 16.9587847352959 16.6991637754254 16.5937375845388 16.4338053357787 16.1390423122793 15.9210180807859 15.8507339535281 16.0164036820643 15.646336236503 16.243034133222 16.5005035381764 16.6554154921323 16.8949552727863 17.1237372788601 17.0204626428895 17.2062135506421 17.2678914582357 17.1897182962857 17.4436017763801 17.5561998169869 17.04197819205 16.8311258102767 16.9982299087569 16.6539811221883 16.721396509558 16.6511123823002 16.7715994575992 16.8741569085978 16.8648335039616 16.6661732667126 16.286065231543 16.2939542662352
-9999 -9999 -9999 -9999 -9999 15.7876216759905 15.7861873060465 16.5327768619172 16.604495359119 16.6188390585594 16.6073640990071 16.7163762147538 16.9917752440087 16.5808282550424 16.1132236532867 16.3477431391366 16.5715048504062 16.7321542841382 16.6855372609571 16.7586901281029 16.5191503474489 16.8390148449689 17.1187169840559 17.7089602160268 18.1837366675027 17.5461592273787 17.3317209207453 17.4715719902888 17.438581481576 17.0240485677496 16.4467146652751 16.444563110359 16.1820734106004 16.0020599826239 16.3563493588008 16.40583512187 15.885876017157 15.727378138341 16.0644550751895 16.4725333242677 16.365672763437 16.5012207231484 16.9580675503239 17.0534531516023 17.1344950534403 17.1545762326568 17.1151310591958 17.3718832791783 17.3180944062769 17.1710714870133 17.2162541402504 17.3862269786187 17.1029389146715 17.2513962038793 17.0197454579175 16.8648335039616 16.9881893191487 16.801721226424 16.7773369373754 16.7823572321795 16.1526688267477 16.3864711276256
