EcologicalScience/Bass/data/rs_data_bass/sst_179.asc
NCOLS 226 
NROWS 124 
XLLCORNER -9.41648524995501 
YLLCORNER 47.587301625531 
CELLSIZE 0.0833 
NODATA_value -9999 
[rows 0 to 26 of 124, columns 0 to 61 of 226]
-9999.000000000000000 -9999 -9999 -9999 -9999 -9999 -9999 -9999 -9999 -9999 -9999 -9999 -9999 -9999 -9999 -9999 -9999 -9999 -9999 -9999 -9999 -9999 -9999 -9999 -9999 -9999 -9999 -9999 -9999 -9999 -9999 -9999 -9999 -9999 -9999 -9999 -9999 -9999 -9999 -9999 -9999 -9999 -9999 -9999 -9999 -9999 -9999 -9999 -9999 -9999 -9999 -9999 -9999 -9999 -9999 -9999 -9999 -9999 -9999 -9999 -9999 -9999
-9999 -9999 -9999 -9999 -9999 -9999 -9999 -9999 -9999 -9999 -9999 -9999 -9999 -9999 -9999 -9999 -9999 -9999 -9999 -9999 -9999 -9999 -9999 -9999 -9999 -9999 -9999 -9999 -9999 -9999 -9999 -9999 -9999 -9999 -9999 -9999 -9999 -9999 -9999 -9999 -9999 -9999 -9999 -9999 -9999 -9999 -9999 -9999 -9999 -9999 -9999 -9999 -9999 -9999 -9999 -9999 -9999 -9999 -9999 -9999 -9999 -9999
-9999 -9999 -9999 -9999 -9999 -9999 -9999 -9999 -9999 -9999 -9999 -9999 -9999 -9999 -9999 -9999 -9999 -9999 -9999 -9999 -9999 -9999 -9999 -9999 -9999 -9999 -9999 -9999 -9999 -9999 -9999 -9999 -9999 -9999 -9999 -9999 -9999 -9999 -9999 -9999 -9999 -9999 -9999 -9999 -9999 -9999 -9999 -9999 -9999 -9999 -9999 -9999 -9999 -9999 -9999 -9999 -9999 -9999 -9999 -9999 -9999 -9999
-9999 -9999 -9999 -9999 -9999 -9999 -9999 -9999 -9999 -9999 -9999 -9999 -9999 -9999 -9999 -9999 -9999 -9999 -9999 -9999 -9999 -9999 -9999 -9999 -9999 -9999 -9999 -9999 -9999 -9999 -9999 -9999 -9999 -9999 -9999 -9999 -9999 -9999 -9999 -9999 -9999 -9999 -9999 -9999 -9999 -9999 -9999 -9999 -9999 -9999 -9999 -9999 -9999 -9999 -9999 -9999 -9999 -9999 -9999 -9999 -9999 -9999
-9999 -9999 -9999 -9999 -9999 -9999 -9999 -9999 -9999 -9999 -9999 -9999 -9999 -9999 -9999 -9999 -9999 -9999 -9999 -9999 -9999 -9999 -9999 -9999 -9999 -9999 -9999 -9999 -9999 -9999 -9999 -9999 -9999 -9999 -9999 -9999 -9999 -9999 -9999 -9999 -9999 -9999 -9999 -9999 -9999 -9999 -9999 -9999 -9999 -9999 -9999 -9999 -9999 -9999 -9999 -9999 -9999 -9999 -9999 -9999 -9999 -9999
-9999 -9999 -9999 -9999 -9999 11.0850398144685 10.9308450454846 11.2570845205337 10.7967314557172 10.7601550221443 10.6654866058379 10.4933622125536 10.5741650527343 10.9416028200649 11.026128191767 11.4450666704215 11.3109530806541 10.3319955938496 10.270317686256 10.9367874352528 10.4334260398921 10.8690476070624 10.8074892302975 10.6934055922486 10.7295142378793 9.15413880813867 10.754482741002 10.7445203897543 10.7152114305645 10.7711518583819 10.9973998108879 11.732433723897 11.8594012139365 12.3202744885297 12.3249997245148 7.29720501775038 10.1174162016479 12.2299997266382 9.98499977681786 10.2953115825308 11.3511154390872 7.73506881017238 7.64930544060189 9.59499978553504 -9999 -9999 -9999 -9999 -9999 -9999 -9999 -9999 -9999 -9999 -9999 -9999 -9999 -9999 -9999 -9999 -9999 -9999
-9999 -9999 -9999 -9999 -9999 10.6497085364535 10.5449995305389 10.5406964207068 10.4503311142325 10.6052430681884 10.5636463398114 10.6411023167893 10.6461226115935 10.6446882416494 11.3836577071925 11.4406739124679 10.9981807456352 11.0290993866511 11.4129726429237 10.609097937413 11.0826833495604 11.0934411241407 10.94608522614 11.2039490828291 11.1589098665863 11.0386469115911 11.1551446454832 10.5034028021619 10.3702113073585 10.7790408930741 10.7979267640039 10.669379895686 12.3763712001964 11.379165340215 11.8498777435161 11.2576241415935 12.0099997315556 -9999 9.02509552737077 10.7401859030797 11.0062111608774 9.57557035836258 6.32544174767099 9.95485409651883 11.2687960515177 11.160190003203 10.9449997553602 -9999 -9999 -9999 -9999 -9999 -9999 -9999 -9999 -9999 -9999 -9999 -9999 -9999 -9999 -9999
-9999 -9999 -9999 -9999 -9999 10.4797356980853 10.5973540334962 10.5959196635522 10.7264473284595 10.628910172265 10.749397247564 10.6497085364535 10.7314676232636 10.8777733575553 11.0541112125502 11.343405700638 10.8239844846539 11.0226447219029 10.8892483171076 11.0197759820148 11.2832518111099 11.2114436657866 10.8344733148697 10.7828180672601 12.2627634640326 11.3886139676241 11.3754997281358 10.8964201668277 10.9527191871312 10.5161686946638 11.024796276819 10.8830327140167 11.1187475081533 10.6783959353343 11.7057822810388 12.7462021546559 9.33491974985717 12.3099997248501 12.0549997305498 8.62144423695281 9.61967154219747 10.5840861115139 6.44234289810993 7.49218216631562 9.96914889698382 12.1599997282028 -9999 -9999 -9999 -9999 -9999 -9999 -9999 -9999 -9999 -9999 -9999 -9999 -9999 -9999 -9999 -9999
-9999 -9999 -9999 -9999 -9999 10.4345530448481 10.50985746691 10.5708181895316 10.66978971567 10.7773674614727 10.7049317792989 10.8899655020796 10.9731589588337 10.7529831724241 10.8619952881709 10.9114810512401 10.9774620686658 10.987502658274 10.9401684501208 10.8125095251016 10.6705069006421 10.6102633629926 10.5299386461265 10.169232351779 12.4740439942107 11.3011993650347 11.4023941645864 10.8727530627511 11.0305337565951 11.0577867855318 11.1126514358912 10.8323516426608 10.9430371900089 11.133330269251 11.105120993685 11.1935738069005 12.3616290646605 9.51916535013227 12.9493837039689 12.7733225114549 10.4198109093122 11.3806356979354 9.89809868577868 7.33062876490382 9.47838610270992 9.68907911004499 9.33499979134649 -9999 -9999 -9999 -9999 -9999 -9999 -9999 -9999 -9999 -9999 -9999 -9999 -9999 -9999 -9999
-9999 -9999 -9999 -9999 -9999 10.5385448657908 10.6002227733843 10.867732767947 10.8806420974433 11.0355540513992 11.1252021729015 10.8003173805773 10.8196813748218 10.9430371900089 10.9509262247011 10.9731589588337 10.988219843246 10.8641468430869 10.7336191781797 10.5901821837761 10.3298440389335 10.349208033178 9.72023681271821 9.66214482998475 10.4859638833686 10.6769615653902 10.8294350904413 10.914636665117 10.8967787593137 10.4493065642725 11.0853984069545 11.106196771143 11.1305810601916 11.025154869305 10.734575424809 10.7723471666686 11.0369884213433 10.905026386492 10.4998168773018 7.1682970863767 11.6719361832365 12.5871336087963 11.173582765686 12.8408705709622 12.100705462698 12.8176617209959 12.0949997296557 -9999 -9999 -9999 -9999 -9999 -9999 -9999 -9999 -9999 -9999 -9999 -9999 -9999 -9999 -9999
-9999 -9999 -9999 -9999 -9999 10.7924283458851 11.6084055477986 10.8347422592342 10.947340299841 10.9573808894493 10.9953916929662 10.866298398003 10.9200872709043 10.9530777796172 10.9975432478823 10.9731589588337 10.9788964386098 10.8741874326952 10.6590319410898 10.5657978947274 10.3915219465271 8.87252417579293 9.62126528657973 9.75753043126315 8.41747031104751 10.9208044558764 10.4876247327775 10.7448072637431 10.4890591027215 8.47400839300826 11.1218553096987 11.1909441286698 11.2079653186724 11.2686391673051 11.6900680904778 11.5524789119999 11.0857569994405 10.6531920063176 10.9408856350929 8.09605191275477 10.6383929513395 10.7008079657098 11.2851344216615 12.5662316916777 12.4753248373674 12.039999730885 -9999 -9999 -9999 -9999 -9999 -9999 -9999 -9999 -9999 -9999 -9999 -9999 -9999 -9999 -9999 -9999
-9999 -9999 -9999 -9999 -9999 10.6423573904904 10.8818971711444 10.66978971567 10.7938627158292 10.9796136235818 10.9193700859323 10.9530777796172 10.8849452072755 11.0233619068749 11.0083010224625 11.0362712363712 10.987502658274 10.9035920165479 10.7852564961649 10.6647694208659 10.7049317792989 10.6303445422091 10.2815137405414 10.9476092442055 11.224890884012 10.6999114844948 10.7380657250062 10.4976653223857 11.0222861294169 11.0699789300561 10.3590095611289 10.7532222340815 11.2492751730606 11.3288827049546 11.2533392212354 11.3019165500067 11.3902208933509 10.8813592824154 10.8799249124713 10.6922615114599 10.8674458939582 10.8440656638704 12.294005462299 11.8402355900034 11.2978046895005 13.1554294420226 12.2549997260794 -9999 -9999 -9999 -9999 -9999 -9999 -9999 -9999 -9999 -9999 -9999 -9999 -9999 -9999 -9999
-9999 -9999 -9999 -9999 -9999 11.0348368664272 10.7601550221443 11.0749992248602 10.9100466812961 10.8203985597938 10.8892483171076 10.8763389876112 10.9724417738616 11.024796276819 10.9710074039176 10.9179357159883 10.8612781031989 9.04500716156326 8.97328866436146 11.0599383404478 10.828492504478 10.8777733575553 11.0317888302961 10.8447828488424 9.89971235196572 11.1797082307748 10.387218836695 9.2217932571657 10.785973681137 11.0767921872903 11.1997894099914 10.8973764134571 11.2975656278431 11.1395458723418 11.4015574487858 11.4051433736458 11.3281655199826 11.5119083098136 10.8810724084266 11.225787365227 10.6956083746627 11.4808234640264 11.5427472636104 11.6114998539279 11.1436171656036 12.1299997288734 -9999 -9999 -9999 -9999 -9999 -9999 -9999 -9999 -9999 -9999 -9999 -9999 -9999 -9999 -9999 -9999
-9999 -9999 -9999 -9999 -9999 10.7776065231301 10.8899655020796 10.8447828488424 10.7250129585154 10.9143497911282 10.9559465195052 11.0140385022387 11.0993835139088 11.1574754966423 10.9609668143094 10.7415082128718 10.628910172265 10.5438520345837 10.9516434096731 10.9365825252607 11.0728476699442 11.0226447219029 11.0334024964832 9.8590838233009 10.1908535913564 9.8672597319819 10.8090670372359 10.334386210423 10.8041423670948 11.0549180456437 10.9423200050369 11.3054546625353 11.1743293434847 10.9996948027983 11.0534836756997 11.4969430500641 11.640714730788 11.0217482406879 11.144745463389 11.2844172366895 10.5065106037073 7.21411668011346 9.63734140686159 13.3590757349546 11.8749997345731 -9999 -9999 -9999 -9999 -9999 -9999 -9999 -9999 -9999 -9999 -9999 -9999 -9999 -9999 -9999 -9999 -9999
-9999 -9999 -9999 -9999 -9999 10.905436206476 10.4503311142325 10.7214270336553 10.8533890685067 10.1534165358171 11.0800195196643 10.8648640280589 11.0025635426864 10.8311563343741 11.026230646763 10.9731589588337 11.0491805658676 10.9394512651488 10.8627124731429 11.0749992248602 11.1438489821739 11.0190587970428 11.0047150976025 11.2198705892079 10.7809533863328 9.85614336491562 9.62891525961459 10.9357219032943 9.92487359140068 11.1277123203035 11.3465732675977 11.2550126528367 11.3751411356498 11.2299111788161 11.0047150976025 11.0635242653079 11.940641486086 11.7656483529136 12.5818272631004 12.7144697271939 12.607291908409 10.4771857070737 12.5512381265436 12.8923147619985 12.7768714517926 11.8107413398354 -9999 -9999 -9999 -9999 -9999 -9999 -9999 -9999 -9999 -9999 -9999 -9999 -9999 -9999 -9999 -9999
-9999 -9999 -9999 -9999 -9999 10.8949857968837 10.4638551737049 10.9157841610722 11.3597216587514 10.7902767909691 10.6611834960058 10.4068697049282 11.2116229620297 11.024796276819 11.2478408031166 11.1682332712226 10.8964201668277 10.8964201668277 10.8849452072755 10.9272591206245 11.107272548601 10.6231726924889 11.6082262515556 11.226145957713 11.1201818780974 10.9002929656766 11.0382793542929 11.2062440747395 11.2399517684244 11.2804727193434 11.2675633898471 11.2417447308544 11.1101412884891 11.3249381876085 11.9985989966372 12.0094912433997 11.8854182432406 11.7269203644246 11.1377740035874 12.4190527613973 12.1960361773714 12.4048737925477 12.2277748822235 -9999 -9999 -9999 -9999 13.2249997043982 13.2249997043982 -9999 -9999 -9999 -9999 -9999 -9999 -9999 -9999 -9999 -9999 -9999 -9999 -9999
-9999 -9999 -9999 -9999 -9999 10.7988830106333 10.8698843228631 10.9583849484101 11.4084902368486 11.5314874595497 11.344660774339 11.2152088868897 11.2112643695436 11.1352427625097 10.9340723778587 10.8036642437801 11.209973436594 11.1662251533009 11.0800195196643 11.2801141268574 11.1603442365304 11.2449720632285 11.4680165895261 10.8740439957008 11.1696676411666 11.2148502944037 11.1603442365304 10.9828409559559 10.8397625540383 11.0943632191047 11.0867610584013 11.7667097866721 11.62374818345 11.4038285345305 11.3407162569929 11.9531922230963 12.1411664042622 11.106196771143 12.2764633492334 -9999 -9999 -9999 -9999 -9999 -9999 -9999 -9999 -9999 -9999 -9999 -9999 -9999 -9999 -9999 -9999 -9999 -9999 -9999 -9999 -9999 -9999 -9999
-9999 -9999 -9999 -9999 -9999 11.5317026150413 10.8899655020796 10.8714621298015 11.5239570173435 11.5178609450813 10.6283364242874 10.6540116462857 10.6180089606904 10.754704416357 11.5002899132669 11.0513321207836 11.06424145028 11.0047150976025 10.7400738429278 10.8311563343741 10.6961821226403 11.7155478598683 11.5949583295733 10.8397625540383 11.0434430860914 11.1409802422859 11.2299111788161 11.1926175602712 11.0097353924066 12.5494802998312 11.3760734761134 11.0054322825745 11.6054770424962 11.067110190168 11.3409314124845 11.2758110170253 11.9721976248547 12.5050660590641 12.7204297656614 12.5296681756619 11.6199997402728 -9999 -9999 -9999 -9999 -9999 -9999 -9999 -9999 -9999 -9999 -9999 -9999 -9999 -9999 -9999 -9999 -9999 -9999 -9999 -9999 -9999
-9999 -9999 -9999 -9999 -9999 11.299191247113 10.7952970857732 10.6575975711457 10.8110751551576 10.7981658256613 10.6023743283004 10.5665150796995 10.4087343858555 10.3427533684298 11.4873805837706 10.6719412705861 10.8545365644619 10.9829126744531 11.5183219925634 11.0075838374905 10.9200872709043 10.8754425063962 10.4737591566518 11.408633673843 11.1012481948361 11.4199651964009 11.2629016875289 11.3912777975202 11.3798028379679 11.3747825431637 10.1476790560409 10.1699117901735 11.6721274325624 11.5705740405247 11.218866530247 11.1056947416626 11.8036591564305 11.8108310061507 12.8809635243979 9.59201576974797 13.5680595969888 14.0299996864051 12.5860462675712 12.3307963771464 8.30021056812257 12.6799997165799 -9999 -9999 -9999 -9999 -9999 -9999 -9999 -9999 -9999 -9999 -9999 -9999 -9999 -9999 -9999 -9999
-9999 -9999 -9999 -9999 -9999 11.4493697802536 10.7372051030397 10.0434003611095 11.8362910726573 7.98130231723189 10.320998757612 10.4570726529695 10.5256355362944 11.346914784251 11.3812372079119 10.6244636254385 11.3569553738593 10.7197057897225 10.6181523976848 11.1151615832932 11.0420087161474 10.9487746697851 10.7133945619687 11.0126041322947 11.3158299384639 11.5067445780151 11.4350260808133 11.4049043119885 10.9516434096731 10.945188744925 11.5701437295415 11.5850611769594 11.6821680221707 11.607293911092 11.6119317072444 11.6722947757225 12.956290156059 12.6623016923293 12.5601697710808 12.1265973038306 11.8725089137442 11.024796276819 11.7799920523539 11.7637358596548 8.16466260841116 13.1849292876363 13.4549996992573 -9999 -9999 -9999 -9999 -9999 -9999 -9999 -9999 -9999 -9999 -9999 -9999 -9999 -9999 -9999
-9999 -9999 -9999 -9999 -9999 10.6279061133042 8.2299264408648 8.29016997851431 10.9138119023992 10.7545968386112 11.1901586403671 10.61929989364 11.3260139650665 11.3202764852904 11.4551072600298 11.2625430950429 11.3193800040754 11.247392562509 10.0217618659538 10.6396679468453 10.4854731778614 10.8172907582484 10.6787033003223 11.2098299995996 11.4916836936027 11.5196539075114 11.4759056242183 11.4551072600298 11.3547013639472 11.5681356116198 11.5750205873512 11.6761436684057 11.4919705675915 9.35805840184912 9.13071076571941 11.3809981462546 11.4378948207013 10.8777733575553 10.8935514269397 11.2069612597115 11.305215600878 11.1947691151872 11.7900326419622 11.1438489821739 13.300774446158 13.0680194833817 -9999 -9999 -9999 -9999 -9999 -9999 -9999 -9999 -9999 -9999 -9999 -9999 -9999 -9999 -9999 -9999
-9999 -9999 -9999 -9999 -9999 8.11589403031394 11.0637633269653 10.4010844128206 10.6002227733843 11.6860408210196 11.6286660232581 11.3496810691431 11.4400463756174 11.4350260808133 10.6322570354678 10.5801415941678 11.3174973935238 11.3957602035953 11.1520453818542 11.2846221466815 10.6875759029761 11.1732535660267 11.0041413496248 10.7240908635514 11.185445710551 11.3548806601902 11.4303643784951 11.5352526806528 11.49713429939 10.9968260629103 11.7147282199003 11.1438489821739 11.582766185049 8.82447278266773 9.03998686675914 11.5634021908045 11.4536728900857 11.870644232817 11.1693090486806 11.4665822195821 11.5196539075114 11.8572089676745 11.3152561904863 11.2894375314936 12.1966765210964 11.0512188810512 10.5557793723491 -9999 -9999 8.71858554429907 8.68499980587512 -9999 -9999 -9999 10.9150669761002 -9999 -9999 -9999 -9999 -9999 -9999 -9999
-9999 -9999 -9999 -9999 -9999 6.86512343911454 10.8120792141184 11.0242225288413 10.5308948927559 10.9691427229904 11.2890072205104 11.4042895820125 11.5906552197412 11.5081789479591 10.8247016696259 10.7802362013608 10.6064725281405 10.0685496474616 10.6250851857476 10.9175771235023 10.8859014539048 8.58493300201371 6.82496108068153 11.011313199345 10.8648640280589 6.68367564119399 6.62773521337658 11.542783122859 11.663628790644 11.0018463577144 11.585097036208 11.5691396705806 11.5649799977429 11.6273750903085 11.5460463144816 11.5208014034666 12.1683477147017 11.75087434249 11.1996869549954 10.1584368306212 11.5997395627201 11.9551644817693 8.89433739472438 12.7610459259998 11.5263476339169 8.37479780521244 11.2048097047955 7.73215524622356 8.68272117294837 9.06551865176298 9.06499979738146 -9999 -9999 9.90293478553535 9.8825518399645 -9999 -9999 -9999 -9999 -9999 -9999 -9999
-9999 -9999 -9999 -9999 -9999 10.49422283452 10.4504745512269 10.5579088600352 11.264336057473 10.4761497732252 10.7088045781478 10.228720957879 11.0387813837733 11.425702676177 11.1273537278175 11.185445710551 10.5269674512425 10.6568803861737 10.2985269618221 11.0075838374905 11.0021332317032 11.3113629006382 11.0974710206501 11.0608945870772 11.3571397928521 11.3828150148503 11.3967284033075 11.4172757527558 11.5637607832905 11.7210035884054 11.7665448341286 11.1151615832932 11.6602221620269 11.6824548961595 11.6437269076705 10.2300118908286 11.4049043119885 11.1711020111106 11.345019366825 11.2700735372491 11.1725363810547 9.78699478053022 10.4553514090367 10.5299386461265 10.7833440029062 9.47743663797155 8.04999982006848 12.3659520962974 12.2136663857783 10.3833367398176 7.58035844334376 7.93237505165523 7.82499982509762 11.5690372155846 10.5000559389591 -9999 -9999 -9999 -9999 -9999 -9999 -9999
-9999 -9999 -9999 -9999 -9999 10.3171737710945 10.2311115744524 10.5387839274481 11.7599108731374 11.0549180456437 11.2712210332043 10.3022324175108 10.5331659785006 10.5600604149513 6.23471784871072 10.0906628507655 10.7933845925145 10.3148856095171 11.0090182074346 11.9193052331684 11.6053575116675 11.3651005460415 10.8393527340543 11.3486770101823 11.344660774339 11.3204199222848 11.2839391133748 11.4148014646024 11.2449720632285 11.2198705892079 11.5565172150731 11.6037079862319 11.6580706071109 11.7756889425218 11.8703573588282 11.7274941124022 11.6376820629063 12.4458794255839 8.24755665784684 8.82461621966213 13.1602209727838 12.8785740947839 12.2296292832317 10.550019825343 12.8584727460447 9.12794661530643 9.48999978788197 9.82447899259688 9.68975645140745 12.8977212067437 8.8819073458435 9.49083066188504 12.2764077055718 10.4319796164191 10.5743820536063 -9999 -9999 -9999 -9999 -9999 -9999 -9999
-9999 -9999 -9999 -9999 -9999 10.5238425738644 10.8082064152695 10.9272591206245 11.0190587970428 10.615522719454 11.625438690884 10.4421552055515 10.6102633629926 10.6378749844152 10.349208033178 10.7529831724241 11.1475783440284 11.1581926816143 11.0527664907277 10.7221442186274 10.829004779458 11.0732779809274 11.1481520920061 11.266487612389 11.0187002045568 11.2233130770735 11.3485335731879 11.3861140657216 12.0485778243747 11.5146336127073 11.7297891043127 11.6975157805718 11.7713858326897 11.8826929403469 8.01917651408751 8.24875254638027 8.75868455690121 8.47072184381285 7.8349998248741 9.96500346863025 12.5802844189294 10.030777905602 11.8383230967447 10.2258522179909 10.0953245530836 12.2984252315946 8.53269802988507 8.44499981123954 11.321337919049 10.4663482452743 10.8003173805773 7.92010253295302 10.7651753169484 8.2458479472436 12.1021515417844 10.5249997647479 -9999 -9999 -9999 -9999 -9999 -9999
-9999 -9999 -9999 -9999 -9999 10.6946521280333 10.8251797929406 11.088769176323 11.2347880366258 11.1682332712226 10.7601550221443 11.1985941017047 11.1938128685579 11.2499923580326 10.6525772763416 10.6769615653902 10.6016571433283 10.455590470694 10.8120792141184 10.698907425534 10.7676137458533 11.1606311105192 11.1219031220302 11.4701681444421 11.390847486537 11.4272804831155 11.3650288275443 11.4948393074796 11.1603442365304 11.9121333834482 11.8861354282126 11.7481968519278 10.0124896888155 9.03711812687106 12.6331552950665 13.5780157592015 13.244655889608 12.9248399399937 -9999 10.0014496180229 8.78215886931866 9.49002043670043 9.57751700328663 9.75035858154297 11.9713011436397 13.6037934361957 -9999 10.2655842654407 10.8186055973638 11.1923417198973 11.2641153851739 11.306854880814 11.4912975170793 11.2049531417899 11.3649997459725 -9999 -9999 -9999 -9999 -9999 -9999 -9999
