EcologicalScience/Bass/data/rs_data_bass/sst_140.asc
NCOLS 226 
NROWS 124 
XLLCORNER -9.41648524995501 
YLLCORNER 47.587301625531 
CELLSIZE 0.0833 
NODATA_value -9999 
[rows 27 to 53 of 124, columns 62 to 123 of 226]
-9999 -9999 -9999 -9999 -9999 -9999 -9999 -9999 -9999 -9999 -9999 -9999 -9999 -9999 -9999 -9999 -9999 -9999 -9999 -9999 -9999 -9999 -9999 -9999 -9999 -9999 -9999 -9999 12.5299997199327 8.71682488177127 8.0506301978603 7.30475782696158 7.12617876892909 7.3176671564579 8.27044739178382 6.58972440985963 8.46301155677065 8.63334298762493 8.21988585125655 8.6401562448591 8.38985868962482 8.33678700169548 8.53006835165434 8.40958127635531 8.436834305292 8.41209142375737 7.81467634206638 7.85150515132894 8.24323926307261 8.15521045339604 8.70439807996154 8.75489739254117 8.81379860304296 8.20484285615385 8.70502465348691 8.11589403031394 8.78167376512041 6.47497481433675 8.12811978378644 8.66663350183517 7.96891824994236 7.91159757195661
-9999 -9999 -9999 -9999 -9999 -9999 -9999 -9999 -9999 -9999 -9999 -9999 -9999 -9999 -9999 -9999 -9999 -9999 -9999 -9999 -9999 -9999 -9999 -9999 -9999 -9999 -9999 -9999 -9999 -9999 9.78499978128821 8.35537031926215 8.06210515741259 8.09545425861143 8.23207799578086 8.23673969809897 8.25897243223153 8.54512923606671 8.60357981128618 8.50532547011971 7.41520431265235 7.30762656684965 7.37002165941522 7.40157779818401 8.45906703942455 7.89500105893239 7.88496046932414 8.05493330769241 8.078600411769 8.57651827329149 8.47657697057972 7.70279548643157 7.63035980425775 7.97819451568648 8.20625933678821 8.60673475172371 8.7237082940992 8.49313332559541 8.60734503238928 8.19478437723592 8.06138797244057 8.12557602743618
-9999 -9999 -9999 -9999 -9999 -9999 -9999 -9999 -9999 -9999 -9999 -9999 -9999 -9999 -9999 -9999 -9999 -9999 -9999 -9999 -9999 -9999 -9999 -9999 -9999 -9999 -9999 -9999 -9999 -9999 -9999 12.1449997285381 7.93767356476746 8.12772758235224 7.96528518619016 8.11517684534192 8.29519027331844 8.41854608850554 8.58098848466761 8.60142825637013 7.51561020873487 7.49911495437846 7.59019744582474 7.5765709313564 8.51823479961604 8.52755820425227 8.5046082851477 7.73363444022834 7.83475752128288 7.84766685077921 7.95524459658191 8.05636767763644 7.78885768307373 7.79531234782189 7.86918239993975 8.62838788796216 7.88588715251535 8.35597169969697 8.52594453806523 8.31545074877795 8.58403652079869 8.08971677883528
-9999 -9999 -9999 -9999 -9999 -9999 -9999 -9999 -9999 -9999 -9999 -9999 -9999 -9999 -9999 -9999 -9999 -9999 -9999 -9999 -9999 -9999 -9999 -9999 -9999 -9999 -9999 -9999 -9999 -9999 -9999 12.6080697816983 6.97270118491724 5.90194402169436 8.23171940329485 8.31957456236705 8.25538650737144 8.36762595549226 8.63585313502699 7.81109041720629 7.60597551520914 7.66621905285865 7.62390513950959 7.50987272895873 8.48632006836124 8.49205754813738 8.42607653071173 8.38053528498858 8.39093446708284 8.18976408243179 7.93014312256128 8.06353952735662 8.09150974126533 7.86846521496773 8.00473035965115 8.44349961914122 8.37986230142415 8.38437922354788 8.44853209089488 8.4318839089945 8.46510309334844 8.48095422443003
-9999 -9999 -9999 -9999 -9999 -9999 -9999 -9999 -9999 -9999 -9999 -9999 -9999 -9999 -9999 -9999 -9999 -9999 -9999 -9999 -9999 -9999 -9999 -9999 -9999 -9999 -9999 -9999 -9999 -9999 -9999 12.5749997189268 7.32985930098221 6.94975126581267 8.06318093487062 8.15390483383089 8.03951383079402 8.44651630241424 8.08505507651716 8.05780204758048 7.62462232448161 7.63753165397793 7.53497420297936 7.47759940521792 8.44436474749818 8.43468275037594 8.35794395837002 8.30881678778678 8.27905361144803 8.2179135925835 8.08505507651716 7.9868007353507 8.11015655053779 8.02409435389563 7.92655719770119 7.86355523144205 8.08016986524065 8.40172829572111 7.78978207862626 7.7482394700249 7.60843575528512 7.71793952429046
-9999 -9999 -9999 -9999 -9999 -9999 -9999 -9999 -9999 -9999 -9999 -9999 -9999 -9999 -9999 -9999 -9999 -9999 -9999 -9999 -9999 -9999 -9999 -9999 -9999 -9999 -9999 -9999 -9999 -9999 -9999 -9999 8.49320498096847 7.93803215725347 8.00759909953922 7.14482557820156 7.36500136461109 7.47329629538581 7.72359385062009 8.14027831936255 7.66908779274672 7.57513656141236 7.60023803543299 7.59952085046098 8.36045410577208 8.31455426756293 8.28658405365422 7.98321481049061 8.0147709492594 8.04345834814012 8.08864100137725 8.08577226148918 8.04560990305617 8.0147709492594 8.50164004446318 8.06569108227268 7.86536843981594 7.7545114805301 7.7981018818294 7.64327110753705 7.86727635779728 7.58652326247344
-9999 -9999 -9999 -9999 -9999 -9999 -9999 -9999 -9999 -9999 -9999 -9999 -9999 -9999 -9999 -9999 -9999 -9999 -9999 -9999 -9999 -9999 -9999 -9999 -9999 -9999 -9999 -9999 -9999 -9999 -9999 -9999 8.24164577609265 7.00856043351814 8.05529190017842 8.08003478171304 7.37504195421934 7.42022460745648 7.55505538219586 7.63753165397793 7.64255194878206 8.53975034877658 7.59091463079676 7.5686818966642 8.37228765781038 8.30594804789871 8.1420712817926 7.94018371216953 7.93588060233742 7.96385081624612 8.02409435389563 8.09007537132129 8.02839746372774 8.01405376428738 7.96026489138603 8.12922714743763 8.30523086292669 8.07493528102835 7.96925649854044 7.81395915709436 8.08111055917107 7.9051180370152
-9999 -9999 -9999 -9999 -9999 -9999 -9999 -9999 -9999 -9999 -9999 -9999 -9999 -9999 -9999 -9999 -9999 -9999 -9999 -9999 -9999 -9999 -9999 -9999 -9999 -9999 -9999 -9999 -9999 -9999 -9999 -9999 -9999 8.57441396807485 8.20123904198408 8.16322823846713 7.72000792576 8.21486555645242 7.61529891984537 7.57513656141236 7.64470350369811 8.35615099593997 7.5048524341546 7.47473066532984 8.11374247539788 8.01154361688532 7.97640155325644 7.94233526708558 7.83762626117095 8.00831628451124 7.92440564278513 7.95524459658191 7.91293068323284 7.92081971792504 7.88137454446405 8.28263953630812 7.90289009362459 7.92073374707252 7.85218393616378 8.16502120089717 8.08828240889125 8.12583511912574
-9999 -9999 -9999 -9999 -9999 -9999 -9999 6.85331439444174 6.89491112281879 6.75826287828386 7.07769706482068 8.8771350763718 9.52791195565234 8.41541338593142 8.41999981179833 -9999 -9999 -9999 -9999 -9999 -9999 -9999 -9999 -9999 -9999 -9999 -9999 -9999 -9999 -9999 -9999 -9999 -9999 -9999 7.10753195965663 7.72502822056413 8.12414165749215 8.27116457675584 8.20661792927422 8.33140811440535 7.79531234782189 8.23422955069691 8.1739860130474 8.14816735405475 8.12701039738022 7.6999267465435 8.02122561400756 7.62749106436968 7.97819451568648 8.02839746372774 7.96600237116218 7.97532577579841 7.96887111105025 7.83475752128288 7.99719991744496 8.0545747152064 7.45895259594545 8.04435482935514 8.01979124406353 8.1660969783552 8.08290352160111 7.81333485303912
-9999 -9999 -9999 -9999 8.75390718305587 9.65683336274344 7.78374784851136 6.76870674999165 6.56133783808244 6.30625704966951 7.20827535454951 12.184392950125 19.9649995537475 -9999 -9999 -9999 -9999 -9999 -9999 -9999 -9999 -9999 -9999 -9999 -9999 -9999 -9999 -9999 -9999 -9999 -9999 -9999 -9999 -9999 7.55505538219586 7.11183506948873 7.28395946277305 7.78025146340951 8.25180058251135 8.32280189474113 7.62533950945362 8.15892512863502 8.13776817196049 8.1739860130474 8.18868830497377 8.12378306500614 8.06604967475869 7.86989958491176 8.00114443479106 8.02696309378371 8.0506301978603 8.0864894464612 7.62390513950959 8.19621874717996 7.77702413103543 7.81252478715032 7.77666553854942 7.98034607060254 8.01907405909151 8.02624590881169 8.23243658826686 7.83815384050831
5.00157928166704 8.34509992195914 8.01997606797765 5.56800478436053 5.39542166721076 5.21865720972419 4.98791173454374 4.41503249686211 6.71284268370697 8.25180150049322 3.81499991472811 -9999 -9999 -9999 -9999 -9999 -9999 -9999 -9999 -9999 -9999 -9999 -9999 -9999 -9999 -9999 -9999 -9999 -9999 -9999 -9999 -9999 -9999 -9999 12.8399997130036 7.054150245036 7.34492018539459 7.30332345701754 7.5923490007408 7.60238959034905 7.69777519162744 7.82256537675858 7.87491987971589 7.72215948067605 6.1701712012291 8.10262610833161 7.9272743826732 7.97604296077043 7.98608355037868 8.17613756796345 8.16537979338318 8.05923641752452 8.18904689745978 8.02696309378371 7.51596880122088 7.80678730737418 7.84049500105903 7.79746390273795 8.28012938890606 8.17255164310336 7.97281562839635 7.92747381189838
7.07561722840182 6.98896154109389 6.8998118378222 6.14718175902963 6.14449298698455 6.11829678378999 5.83212505783886 6.86106896945941 4.11312849943837 12.8949997117743 -9999 -9999 -9999 -9999 -9999 -9999 -9999 -9999 -9999 -9999 -9999 -9999 -9999 -9999 -9999 -9999 -9999 -9999 -9999 -9999 -9999 -9999 -9999 -9999 -9999 6.5920700667426 6.77464216761291 7.25670643383637 7.70494704134762 7.73722036508843 7.85842462535948 7.91077912831679 7.9430524520576 7.87994017452002 7.08529922552407 8.00473035965115 8.01118502439931 8.06999419210479 8.10441907076165 8.14314705925062 8.09366129618138 8.07429730193689 7.98966947523877 8.0226599839516 7.88926357915625 7.93480482487939 8.45512252207845 7.83404033631086 8.26004820968956 7.43528549186885 7.87958158203401 8.10083314590156
7.22264014766552 7.15056305797771 7.15988646261394 6.99644706305116 6.92644275422208 6.70483259786852 6.17223183885217 7.78526815731311 8.98908793678899 -9999 -9999 -9999 -9999 -9999 -9999 -9999 -9999 -9999 -9999 -9999 -9999 -9999 -9999 -9999 -9999 -9999 -9999 -9999 -9999 -9999 -9999 -9999 -9999 -9999 -9999 -9999 7.79764319898095 7.92081971792504 7.97138125845231 8.02696309378371 7.83117159642279 8.00401317467913 7.89356668898836 8.05349893774837 8.01405376428738 8.01118502439931 8.05493330769241 8.15247046388686 8.1144596603699 8.13454083958641 8.13740957947448 8.11230810545385 8.11015655053779 8.05672627012245 8.01369517180137 7.9111377208028 7.893029654709 7.80929745477624 7.86595506756566 7.87348550977185 7.90109713119455 7.79889827268198
7.8196966368705 7.04047516477294 6.73280281177722 7.05661182664335 7.21510970545933 7.74528869602364 7.64283857334937 7.98079496290302 12.7897884929553 -9999 -9999 -9999 -9999 -9999 -9999 -9999 -9999 -9999 -9999 -9999 -9999 -9999 -9999 -9999 -9999 -9999 -9999 -9999 -9999 -9999 -9999 -9999 -9999 -9999 -9999 -9999 -9999 -9999 -9999 13.8599996902049 11.9525582411443 4.7921457312602 7.79459516284987 7.76088746916503 7.97819451568648 7.9946897700429 7.98106325557455 8.07788322679698 8.17111727315933 8.16179386852309 8.11732840025797 8.14888453902677 8.04632708802819 8.05600908515044 8.00544754462317 7.98859369778074 7.94807274686173 7.91006194334477 7.9150822381489 7.88101595197804 7.81288337963633 7.7716452437453
8.12952054478228 7.4847712549381 7.31049530673772 7.21295815054327 7.16669971984811 7.58159122616053 7.40372935310006 7.48378164239693 10.8495482054301 12.8599997125566 -9999 -9999 -9999 -9999 -9999 -9999 -9999 -9999 -9999 -9999 -9999 -9999 -9999 -9999 -9999 -9999 -9999 -9999 -9999 -9999 -9999 -9999 -9999 -9999 -9999 -9999 -9999 -9999 -9999 -9999 -9999 -9999 -9999 7.23355609492864 7.75012969458476 7.84766685077921 7.93157749250531 7.96528518619016 8.07573167188093 8.13884394941851 8.14458142919466 8.05995360249653 8.01692250417545 7.87994017452002 7.89249091153033 7.75228124950081 7.89715261384845 7.89500105893239 7.83583329874091 7.72108370321803 8.4250007532537 7.8275856715627
8.12450024997815 8.80510878842324 7.3972746883519 7.31013671425171 6.88305306341499 7.17566453199834 6.7544353492558 6.88668494438753 7.58806623257697 12.9958228055917 -9999 -9999 -9999 -9999 -9999 16.1899624452926 -9999 -9999 -9999 -9999 -9999 -9999 -9999 -9999 -9999 -9999 -9999 -9999 -9999 -9999 -9999 -9999 -9999 -9999 -9999 -9999 -9999 -9999 -9999 -9999 -9999 -9999 -9999 -9999 9.72415818507663 8.31361351464875 7.90217290865257 7.87635424965993 8.00042724981904 8.08362070657313 8.09366129618138 8.08003478171304 8.04489271808416 7.9272743826732 8.07358011696488 7.63502150657587 7.8871120242402 7.81467634206638 7.78132724086754 7.70889155869372 7.73471021768637 7.74618517723866
9.56317330384627 7.66621905285865 7.3759982008487 7.57489749975502 7.56581315677613 7.31551560154185 7.2498931766022 8.45275904331356 7.06233223706173 9.00943589897361 14.4199996776879 -9999 21.6399995163083 -9999 -9999 10.6899997610599 -9999 -9999 -9999 -9999 -9999 -9999 -9999 -9999 -9999 -9999 -9999 -9999 -9999 -9999 -9999 -9999 -9999 -9999 -9999 -9999 -9999 -9999 -9999 -9999 -9999 -9999 -9999 -9999 -9999 11.8973284973456 8.01028854318429 7.79818108770996 7.93731497228146 8.00544754462317 8.03843805333599 7.98034607060254 8.06999419210479 7.88496046932414 7.9312189000193 7.85053559066728 7.85519729298539 7.88352609938011 7.86487929010764 7.80714589986019 7.77702413103543 7.8114490096923
9.87658313661814 7.39908996845285 8.14709157659672 8.02098655235022 7.86111406900454 7.54611069802195 7.33143332973123 7.15758609771729 8.0406452130992 7.45378186394061 7.60746435794447 8.0051486993907 8.88646473977989 -9999 -9999 -9999 21.4496603483024 16.823489730712 -9999 -9999 -9999 -9999 -9999 -9999 -9999 -9999 -9999 -9999 -9999 -9999 -9999 -9999 -9999 -9999 -9999 -9999 -9999 -9999 -9999 -9999 -9999 -9999 -9999 -9999 -9999 8.8399998024106 13.1299997065216 7.2426825104485 7.71713918587193 7.73004851536825 7.56222723191604 7.92799156764522 7.95381022663787 7.80391856748611 8.00867487699725 7.94771415437572 7.91759238555096 8.33535263175145 7.87886439706199 7.58123263367452 7.77523116860539 7.74618517723866
8.96432385221124 8.6243781754747 8.1919493522495 7.85915791671723 8.31993315485306 8.52375776653311 8.14780876156874 5.98273150939494 7.53513467684388 6.1763435215024 7.51778336401497 7.31697157184993 19.539999563247 7.3823403675342 7.66716341814026 7.45953739318065 7.66542142244394 18.0861956893049 -9999 -9999 -9999 -9999 -9999 -9999 -9999 -9999 -9999 -9999 -9999 -9999 -9999 -9999 -9999 -9999 -9999 -9999 -9999 -9999 -9999 -9999 -9999 -9999 -9999 -9999 -9999 -9999 -9999 -9999 7.70996733615175 7.52995390817523 7.58015685621649 7.7558671743609 7.85770744038746 7.88782920921221 7.96922970353626 7.9907452526968 7.92619860521518 8.00078584230505 7.67537511109064 7.85734884790145 7.94233526708558 7.81073182472028
9.05195760732749 8.54376552546663 8.98332925396971 8.9349192683585 8.32620511194691 8.35925879748538 7.11147647700273 7.30475782696158 8.24857325013727 7.57389814816415 8.15092488173395 7.50091704460127 8.0394527031458 7.31479841656983 6.93703926559538 7.58150179963559 8.61722549705559 -9999 -9999 -9999 -9999 -9999 -9999 -9999 -9999 -9999 -9999 -9999 -9999 -9999 -9999 -9999 -9999 -9999 -9999 -9999 -9999 -9999 -9999 -9999 -9999 -9999 -9999 -9999 -9999 -9999 -9999 -9999 7.03284031450748 7.21546829794534 7.38866846868768 7.14984587300569 7.44317452656105 7.68737600953318 7.95416881912388 7.82435833918862 7.89213231904432 7.85878321784548 7.90109713119455 7.8275856715627 7.96528518619016 7.98608355037868
9.16274404036812 8.95978597658021 7.66354588946948 5.55483036488295 8.04403744488955 8.6602374240756 8.10262610833161 7.78670612815768 8.36726736300625 6.88897988386452 7.03566938665296 7.69581979832479 8.09551726405819 7.97604271786986 7.75730154430494 11.6310206567568 9.64838088972754 -9999 -9999 -9999 -9999 -9999 -9999 -9999 -9999 -9999 -9999 -9999 -9999 -9999 -9999 -9999 -9999 -9999 -9999 -9999 -9999 -9999 -9999 -9999 -9999 -9999 -9999 -9999 -9999 -9999 -9999 -9999 7.47441354976036 7.29371842164546 6.70087911956944 7.56904048915021 7.25106668833178 7.68001437777032 7.70924754968534 7.76010679795096 7.94556259945966 8.01441235677339 8.00795769202523 7.9509414867498 7.99576554750092 7.93408763990737
9.22753073694184 9.40467542503029 8.99957759631798 7.66442991110186 6.67901775954912 6.75323982629925 8.22891962472349 8.17227138538978 7.9404659975054 5.71977903880179 5.59642322361469 6.09683984331787 6.32006286038086 6.62988676829264 6.34516433440149 6.69999985024333 -9999 -9999 -9999 -9999 -9999 -9999 -9999 -9999 -9999 -9999 -9999 -9999 -9999 -9999 -9999 -9999 -9999 -9999 -9999 -9999 -9999 -9999 -9999 -9999 -9999 -9999 -9999 -9999 -9999 -9999 -9999 -9999 14.6299359540455 7.27094536814839 7.53461561049335 7.14677367421488 7.23610155439625 7.40809064824134 7.71042593047023 7.71955719031394 7.8354747062549 7.91006194334477 7.92074498937776 7.96492659370415 7.95560318906792 8.01799828163348
9.56532485876232 9.60477003222331 9.12051177184497 8.92704042008457 8.73528227902716 9.33510848274454 8.66605950496159 6.99916943195941 8.03856667716588 8.15636574796268 5.40852076094598 6.3662671073107 6.31002227077261 7.531388771055 7.58664065257957 -9999 -9999 -9999 -9999 -9999 -9999 -9999 -9999 -9999 -9999 -9999 -9999 -9999 -9999 -9999 -9999 -9999 -9999 -9999 -9999 -9999 -9999 -9999 -9999 -9999 -9999 -9999 -9999 -9999 -9999 -9999 -9999 -9999 -9999 9.47797556161614 7.25416333641624 7.07148059240232 7.17155719455332 7.56724752672017 7.41344471431027 7.47639463252078 7.58291017978142 7.70385060614596 7.78344013076276 7.88891596409182 7.92058263005068 7.94376963702962
7.9150822381489 8.46522129699588 8.67512358389795 6.7797784274444 8.57978400401771 7.53879021766729 7.07927956059575 8.43581154275065 7.0210209772146 7.67264893534593 9.1906735470208 7.95469880352418 8.65813902792122 8.32559831242543 9.76495349053294 9.29374366241973 -9999 -9999 -9999 -9999 -9999 -9999 -9999 -9999 -9999 -9999 -9999 -9999 -9999 -9999 -9999 -9999 -9999 -9999 -9999 -9999 -9999 -9999 -9999 -9999 -9999 -9999 -9999 -9999 -9999 -9999 7.12682171281427 4.60527359228581 12.6549997171387 -9999 11.5949583295733 8.49384157984362 6.45669614232611 7.0600462226818 7.20912141197671 7.32504602087041 7.40313123818487 7.47922278257708 7.5605466235429 7.707867299517 8.03987242328003 8.02409435389563
9.31653169876275 9.29568145346517 8.67312166746706 8.23397197201848 6.77631679200567 7.6349238526697 7.6683924846972 8.61013319343328 8.74920898939793 8.94000386935659 6.69013030594215 6.52517776237801 6.62271491857246 8.85440221043038 10.2333092033375 -9999 -9999 -9999 -9999 -9999 -9999 -9999 -9999 -9999 -9999 -9999 -9999 -9999 -9999 -9999 -9999 -9999 -9999 -9999 -9999 -9999 -9999 -9999 -9999 -9999 -9999 -9999 -9999 -9999 -9999 -9999 -9999 10.7599997594953 5.85557653515467 7.88205885777579 5.68535416014493 5.55841242009774 8.52874321573472 6.37528610322624 7.15532085229643 7.10958442054689 7.14971156194806 7.31746369755516 7.35675327666104 8.13740957947448 8.05780204758048 7.94807274686173
8.89684278890491 9.3688626821552 9.28000810715769 8.65874633286148 8.20761878229678 7.93015823451181 6.88145621617635 6.66326883179136 7.9115182881554 9.07329639193735 8.82287702523172 8.50511034892406 8.38354749616701 7.60743682707349 13.4599996991456 -9999 -9999 -9999 -9999 -9999 -9999 -9999 -9999 -9999 -9999 -9999 -9999 -9999 -9999 -9999 -9999 -9999 -9999 -9999 -9999 -9999 -9999 -9999 -9999 -9999 -9999 -9999 -9999 -9999 -9999 -9999 -9999 -9999 -9999 -9999 8.94098664478709 6.18523208564147 6.32795189507306 6.53521835198626 7.0307931676507 6.96672184610118 7.00210297138741 7.49911495437846 7.94807274686173 8.12091432511806 8.05923641752452 8.02409435389563
9.04931027139537 8.86558659654111 9.19758830778301 8.73512429371476 8.26119514070451 8.05529190017842 8.79500050959177 8.93993956316262 7.83475752128288 8.92374185461085 5.38485365686938 7.90223003807478 8.54388235870283 8.84181116200052 12.5911788660883 -9999 -9999 -9999 -9999 -9999 -9999 -9999 -9999 -9999 -9999 -9999 -9999 -9999 -9999 -9999 -9999 -9999 -9999 -9999 -9999 -9999 -9999 -9999 -9999 -9999 -9999 -9999 -9999 -9999 -9999 -9999 -9999 -9999 -9999 -9999 -9999 -9999 8.54106181403226 7.12280097771436 6.88520461833104 6.59331033471972 6.71128726261668 7.33989989059046 7.67267371760681 7.87420269474387 7.90575883351266 7.85340433055535
