EcologicalScience/Bass/data/rs_data_bass/sst_35.asc
NCOLS 226 
NROWS 124 
XLLCORNER -9.41648524995501 
YLLCORNER 47.587301625531 
CELLSIZE 0.0833 
NODATA_value -9999 
[rows 27 to 53 of 124, columns 62 to 123 of 226]
-9999 -9999 -9999 -9999 -9999 -9999 -9999 -9999 -9999 -9999 -9999 -9999 -9999 -9999 -9999 -9999 -9999 -9999 -9999 -9999 -9999 -9999 -9999 -9999 -9999 -9999 -9999 -9999 12.5299997199327 12.537499719765 11.866666401426 11.8449997352436 12.3433330574383 11.7649997370318 11.6849997388199 11.7449997374788 11.8249997356907 11.914999733679 11.4899997431785 12.8049997137859 12.3849997231737 12.0849997298792 11.9999997317791 12.3549997238442 12.2199997268617 12.2199997268617 12.1799997277558 12.1799997277558 12.2449997263029 12.3549997238442 12.5049997204915 12.5349997198209 12.5999997183681 12.4549997216091 12.4099997226149 12.6049997182563 12.4849997209385 12.4349997220561 12.5249997200444 12.8449997128919 12.5949997184798 12.6099997181445
-9999 -9999 -9999 -9999 -9999 -9999 -9999 -9999 -9999 -9999 -9999 -9999 -9999 -9999 -9999 -9999 -9999 -9999 -9999 -9999 -9999 -9999 -9999 -9999 -9999 -9999 -9999 -9999 -9999 -9999 9.78499978128821 11.2049997495487 11.2399997487664 11.4399997442961 11.7999997362494 11.7249997379258 11.7999997362494 11.9499997328967 12.1649997280911 12.184999727644 11.8624997348525 12.4799997210503 12.2749997256324 12.1599997282028 12.2899997252971 12.3899997230619 12.4249997222796 12.4599997214973 12.5249997200444 12.3649997236207 12.494999720715 12.5699997190386 12.514999720268 12.4599997214973 12.3599997237325 12.5249997200444 12.7199997156858 12.5249997200444 12.4349997220561 12.494999720715 12.8099997136742 12.9149997113273
-9999 -9999 -9999 -9999 -9999 -9999 -9999 -9999 -9999 -9999 -9999 -9999 -9999 -9999 -9999 -9999 -9999 -9999 -9999 -9999 -9999 -9999 -9999 -9999 -9999 -9999 -9999 -9999 -9999 -9999 -9999 12.1716663946087 12.4224997223355 11.7399997375906 11.7399997375906 11.8699997346848 11.7549997372553 11.7049997383729 11.914999733679 12.0149997314438 12.0549997305498 11.894999734126 12.0549997305498 12.3849997231737 12.4699997212738 12.4599997214973 12.4549997216091 12.4149997225031 12.4149997225031 12.4449997218326 12.3249997245148 12.3949997229502 12.4649997213855 12.4249997222796 12.3399997241795 12.5399997197092 12.6299997176975 12.5449997195974 12.6949997162446 12.7399997152388 12.7949997140095 12.8949997117743
-9999 -9999 -9999 -9999 -9999 -9999 -9999 -9999 -9999 -9999 -9999 -9999 -9999 -9999 -9999 -9999 -9999 -9999 -9999 -9999 -9999 -9999 -9999 -9999 -9999 -9999 -9999 -9999 -9999 -9999 -9999 11.695999738574 12.3399997241795 12.329999724403 12.3149997247383 11.7399997375906 11.6949997385964 11.5299997422844 11.7149997381493 11.6299997400492 11.4349997444078 11.749999737367 12.1199997290969 12.4399997219443 12.4649997213855 12.4649997213855 12.4799997210503 12.5799997188151 12.4799997210503 12.4049997227266 12.4249997222796 12.4449997218326 12.5199997201562 12.6449997173622 12.5599997192621 12.5999997183681 12.6649997169152 12.7749997144565 12.7949997140095 12.9649997102097 12.6899997163564 12.7899997141212
-9999 -9999 -9999 -9999 -9999 -9999 -9999 -9999 -9999 -9999 -9999 -9999 -9999 -9999 -9999 -9999 -9999 -9999 -9999 -9999 -9999 -9999 -9999 -9999 -9999 -9999 -9999 -9999 -9999 -9999 -9999 6.25674514316971 12.6049997182563 12.494999720715 12.329999724403 11.9899997320026 11.6649997392669 11.6299997400492 11.5899997409433 11.6599997393787 11.5949997408316 11.9599997326732 12.369999723509 12.3849997231737 12.3799997232854 12.2499997261912 12.3899997230619 12.5649997191504 12.5999997183681 12.6049997182563 12.6649997169152 12.7499997150153 12.7249997155741 12.6299997176975 12.7599997147918 12.7999997138977 12.784999714233 12.6699997168034 12.7149997157976 12.7699997145683 12.8599997125566 12.9249997111037
-9999 -9999 -9999 -9999 -9999 -9999 -9999 -9999 -9999 -9999 -9999 -9999 -9999 -9999 -9999 -9999 -9999 -9999 -9999 -9999 -9999 -9999 -9999 -9999 -9999 -9999 -9999 -9999 -9999 -9999 -9999 -9999 11.6629997393116 12.6099997181445 12.4349997220561 12.1449997285381 11.8149997359142 11.8149997359142 11.76999973692 11.6674997392111 12.2799997255206 12.3599997237325 12.349999723956 12.4799997210503 12.5299997199327 12.4799997210503 12.6099997181445 12.6699997168034 12.7099997159094 12.8749997122213 12.7099997159094 12.5749997189268 12.6649997169152 12.7149997157976 13.0049997093156 12.8149997135624 12.7149997157976 12.6549997171387 12.6599997170269 12.6049997182563 12.4649997213855 12.6699997168034
-9999 -9999 -9999 -9999 -9999 -9999 -9999 -9999 -9999 -9999 -9999 -9999 -9999 -9999 -9999 -9999 -9999 -9999 -9999 -9999 -9999 -9999 -9999 -9999 -9999 -9999 -9999 -9999 -9999 -9999 -9999 -9999 11.5979997407645 12.2299997266382 12.3149997247383 12.329999724403 12.3549997238442 12.2149997269735 12.329999724403 12.4599997214973 12.4999997206032 12.4349997220561 12.4549997216091 12.4149997225031 12.3999997228384 12.4549997216091 12.474999721162 12.6149997180328 12.8849997119978 12.9649997102097 13.0149997090921 13.054999708198 12.6049997182563 12.7399997152388 12.6799997165799 12.6849997164682 12.5949997184798 12.639999717474 12.5649997191504 12.5299997199327 12.7149997157976 12.6499997172505
-9999 -9999 -9999 -9999 -9999 -9999 -9999 -9999 -9999 -9999 -9999 -9999 -9999 -9999 -9999 -9999 -9999 -9999 -9999 -9999 -9999 -9999 -9999 -9999 -9999 -9999 -9999 -9999 -9999 -9999 -9999 -9999 -9999 12.1599997282028 12.2849997254089 12.2199997268617 12.3199997246265 12.3599997237325 12.4149997225031 12.4799997210503 12.4849997209385 12.4049997227266 12.494999720715 12.5699997190386 12.3199997246265 12.6349997175857 12.7049997160211 12.7099997159094 12.6749997166917 12.909999711439 12.9699997100979 13.0849997075275 12.9049997115508 12.7399997152388 12.619999717921 12.4799997210503 12.6599997170269 12.5349997198209 12.5449997195974 12.6149997180328 12.6699997168034 12.6499997172505
-9999 -9999 -9999 -9999 -9999 -9999 -9999 13.0899997074157 13.0849997075275 12.5649997191504 12.5649997191504 12.6949997162446 -9999 -9999 8.41999981179833 -9999 -9999 -9999 -9999 -9999 -9999 -9999 -9999 -9999 -9999 -9999 -9999 -9999 -9999 -9999 -9999 -9999 -9999 -9999 12.2449997263029 12.3049997249618 12.3799997232854 12.514999720268 12.4899997208267 12.4899997208267 12.4999997206032 12.4599997214973 12.3949997229502 12.4549997216091 12.474999721162 12.5349997198209 12.6899997163564 12.5349997198209 12.5949997184798 12.7349997153506 12.8349997131154 12.7549997149035 12.7099997159094 12.6599997170269 12.5349997198209 12.5849997187033 12.5549997193739 12.7549997149035 12.8399997130036 13.0149997090921 12.9449997106567 13.1199997067451
-9999 -9999 -9999 -9999 12.6855552720113 12.9178568541205 13.5709996966645 13.0974997072481 12.6699997168034 12.6699997168034 12.9349997108802 12.9349997108802 -9999 -9999 -9999 -9999 -9999 -9999 -9999 -9999 -9999 -9999 -9999 -9999 -9999 -9999 -9999 -9999 -9999 -9999 -9999 -9999 -9999 -9999 12.079999729991 12.329999724403 12.349999723956 12.3249997245148 12.4699997212738 12.4999997206032 12.5949997184798 12.4049997227266 12.6249997178093 12.3199997246265 12.4599997214973 12.7149997157976 12.6849997164682 12.8149997135624 12.7349997153506 12.4999997206032 12.6999997161329 12.6599997170269 12.4399997219443 12.4449997218326 12.6349997175857 12.9049997115508 13.21999970451 12.7999997138977 12.8199997134507 12.9249997111037 12.9699997100979 12.9549997104332
13.5999996960163 13.9433330216755 13.9133330223461 13.3599997013807 13.3949997005984 13.5049996981397 13.3874997007661 14.0949996849522 13.9699996877462 13.8349996907637 14.1269227611617 -9999 -9999 -9999 -9999 -9999 -9999 -9999 -9999 -9999 -9999 -9999 -9999 -9999 -9999 -9999 -9999 -9999 -9999 -9999 -9999 -9999 -9999 -9999 12.4799997210503 12.4799997210503 12.5099997203797 12.4549997216091 12.5299997199327 12.5049997204915 12.4449997218326 12.4349997220561 12.4449997218326 12.5449997195974 12.514999720268 12.5499997194856 12.6849997164682 12.6499997172505 12.6899997163564 12.4599997214973 12.1049997294322 11.8999997340143 12.5449997195974 12.5949997184798 12.9749997099862 12.7599997147918 13.0599997080863 13.2449997039512 13.199999704957 12.8599997125566 12.7949997140095 12.784999714233
14.0999996848404 13.9899996872991 13.6799996942282 13.8049996914342 13.7499996926636 13.7699996922165 14.2099996823817 14.21499968227 14.0949996849522 14.0799996852875 -9999 -9999 -9999 -9999 -9999 -9999 -9999 -9999 -9999 -9999 -9999 -9999 -9999 -9999 -9999 -9999 -9999 -9999 -9999 -9999 -9999 -9999 -9999 -9999 -9999 12.1999997273088 12.2189997268841 12.6899997163564 12.3899997230619 12.5049997204915 12.5249997200444 12.4499997217208 12.3649997236207 12.4849997209385 12.6099997181445 12.6649997169152 12.5999997183681 12.4699997212738 12.3849997231737 12.5049997204915 12.3399997241795 11.749999737367 12.2099997270852 12.1999997273088 12.4999997206032 12.0899997297674 12.2949997251853 12.5849997187033 12.6899997163564 12.7499997150153 12.5599997192621 12.5399997197092
14.1449996838346 14.1799996830523 14.1599996834993 14.2199996821582 14.112499684561 14.3999996781349 14.3999996781349 13.4599996991456 13.4999996982515 -9999 -9999 -9999 -9999 -9999 -9999 -9999 -9999 -9999 -9999 -9999 -9999 -9999 -9999 -9999 -9999 -9999 -9999 -9999 -9999 -9999 -9999 -9999 -9999 -9999 -9999 -9999 11.8109997360036 11.9583330660438 12.4299997221678 12.5649997191504 12.5949997184798 12.7599997147918 12.7549997149035 13.2274997043423 12.4849997209385 12.4849997209385 12.6099997181445 12.3949997229502 12.3849997231737 12.4549997216091 12.4049997227266 12.4099997226149 12.2999997250736 12.1649997280911 12.1099997293204 12.079999729991 12.0899997297674 12.184999727644 12.3349997242913 12.3749997233972 12.4349997220561 12.4549997216091
14.4999996758997 14.21499968227 14.3899996783584 14.3149996800348 14.3099996801466 14.1349996840581 14.2199996821582 13.7074996936135 12.7897884929553 -9999 -9999 -9999 -9999 -9999 -9999 -9999 -9999 -9999 -9999 -9999 -9999 -9999 -9999 -9999 -9999 -9999 -9999 -9999 -9999 -9999 -9999 -9999 -9999 -9999 -9999 -9999 -9999 -9999 -9999 -9999 12.7097365580205 12.9066663781802 12.9499997105449 13.0274997088127 12.9674997101538 12.8699997123331 12.8024997138418 12.9049997115508 12.8249997133389 12.6449997173622 12.5599997192621 12.4199997223914 12.2999997250736 12.369999723509 12.3249997245148 12.1549997283146 12.1899997275323 12.2699997257441 12.3099997248501 12.3149997247383 12.4499997217208 12.4099997226149
14.2449996815994 14.4349996773526 14.2849996807054 14.2449996815994 14.3849996784702 14.6149996733293 14.049999685958 14.049999685958 14.4149996777996 -9999 -9999 -9999 -9999 -9999 -9999 -9999 -9999 -9999 -9999 -9999 -9999 -9999 -9999 -9999 -9999 -9999 -9999 -9999 -9999 -9999 -9999 -9999 -9999 -9999 -9999 -9999 -9999 -9999 -9999 -9999 -9999 -9999 -9999 3.66999991796911 12.9324997109361 12.9149997113273 12.8949997117743 12.76499971468 12.7699997145683 12.6599997170269 12.639999717474 12.639999717474 12.5349997198209 12.5799997188151 12.5899997185916 12.4249997222796 12.3149997247383 12.369999723509 12.5499997194856 12.6799997165799 12.7549997149035 12.7749997144565
14.4099996779114 14.4549996769056 14.4749996764585 14.4199996776879 14.4749996764585 14.5949996737763 14.5449996748939 14.5199996754527 14.4324996774085 14.2499996814877 -9999 -9999 -9999 -9999 -9999 16.1899624452926 -9999 -9999 -9999 -9999 -9999 -9999 -9999 -9999 -9999 -9999 -9999 -9999 -9999 -9999 -9999 -9999 -9999 -9999 -9999 -9999 -9999 -9999 -9999 -9999 -9999 -9999 -9999 -9999 12.4238886111933 12.5479997195303 12.4174997224472 12.8999997116625 12.9449997106567 12.8649997124448 12.8099997136742 12.6999997161329 12.6849997164682 12.619999717921 12.6349997175857 12.6749997166917 12.6449997173622 12.5699997190386 12.7549997149035 12.8349997131154 12.8249997133389 12.8549997126684
14.3849996784702 14.3999996781349 14.4349996773526 14.4349996773526 14.3699996788055 14.4149996777996 14.3949996782467 14.2899996805936 13.9699996877462 13.634999695234 14.2174996822141 -9999 -9999 -9999 -9999 -9999 -9999 -9999 -9999 -9999 -9999 -9999 -9999 -9999 -9999 -9999 -9999 -9999 -9999 -9999 -9999 -9999 -9999 -9999 -9999 -9999 -9999 -9999 -9999 -9999 -9999 -9999 -9999 -9999 -9999 12.7179997157305 12.8499997127801 12.8199997134507 12.8499997127801 12.8149997135624 12.2999997250736 12.2799997255206 12.474999721162 12.6899997163564 12.7499997150153 12.7399997152388 12.6949997162446 12.7399997152388 12.4249997222796 12.76499971468 12.8549997126684 12.8349997131154
14.4049996780232 14.4099996779114 14.4399996772408 14.4449996771291 14.4449996771291 13.8649996900931 13.7949996916577 13.7449996927753 14.4799996763468 14.4799996763468 14.2124996823259 14.8194733529695 -9999 -9999 -9999 -9999 20.0027414883877 20.0027414883877 -9999 -9999 -9999 -9999 -9999 -9999 -9999 -9999 -9999 -9999 -9999 -9999 -9999 -9999 -9999 -9999 -9999 -9999 -9999 -9999 -9999 -9999 -9999 -9999 -9999 -9999 -9999 8.8399998024106 13.0939021463529 12.6699997168034 12.6499997172505 12.6849997164682 12.6749997166917 12.6249997178093 12.6849997164682 12.7299997154623 12.7699997145683 12.7899997141212 12.6849997164682 12.7799997143447 12.7599997147918 12.7749997144565 12.8849997119978 12.9149997113273
14.1749996831641 14.2449996815994 14.2999996803701 14.2899996805936 14.1199996843934 14.1149996845052 14.2799996808171 14.2449996815994 14.1849996829405 14.0924996850081 14.0324996863492 13.9324996885844 14.7173680920938 13.7349996929988 13.3833330341925 13.4599996991456 13.4949996983632 18.1349995946512 -9999 -9999 -9999 -9999 -9999 -9999 -9999 -9999 -9999 -9999 -9999 -9999 -9999 -9999 -9999 -9999 -9999 -9999 -9999 -9999 -9999 -9999 -9999 -9999 -9999 -9999 -9999 -9999 -9999 -9999 13.1401385951839 12.7549997149035 12.7799997143447 12.8099997136742 13.0099997092038 12.909999711439 12.8549997126684 12.784999714233 12.7599997147918 12.7549997149035 12.7799997143447 12.7349997153506 12.7799997143447 12.9249997111037
14.0849996851757 14.234999681823 14.504999675788 14.359999679029 14.0599996857345 14.0749996853992 14.3949996782467 14.5499996747822 14.2324996818788 14.1074996846728 14.1149996845052 14.0574996857904 13.7374996929429 13.2999997027218 13.1299997065216 13.0774997076951 14.3057689110104 -9999 -9999 -9999 -9999 -9999 -9999 -9999 -9999 -9999 -9999 -9999 -9999 -9999 -9999 -9999 -9999 -9999 -9999 -9999 -9999 -9999 -9999 -9999 -9999 -9999 -9999 -9999 -9999 -9999 -9999 -9999 12.9649997102097 13.0574997081421 13.0049997093156 12.9499997105449 12.7399997152388 12.7199997156858 12.784999714233 12.7599997147918 12.7949997140095 12.8149997135624 12.8499997127801 12.8699997123331 12.9699997100979 13.1649997057393
14.0749996853992 14.1099996846169 14.4149996777996 14.4449996771291 14.5949996737763 14.4799996763468 14.1299996841699 14.1049996847287 14.3549996791407 14.3899996783584 14.4049996780232 14.4099996779114 13.7824996919371 14.1899996828288 14.1899996828288 13.4524996993132 14.4730765995784 -9999 -9999 -9999 -9999 -9999 -9999 -9999 -9999 -9999 -9999 -9999 -9999 -9999 -9999 -9999 -9999 -9999 -9999 -9999 -9999 -9999 -9999 -9999 -9999 -9999 -9999 -9999 -9999 -9999 -9999 -9999 12.6099997181445 12.7249997155741 12.76499971468 13.3799997009337 12.9199997112155 12.8599997125566 12.7899997141212 12.7249997155741 12.76499971468 12.8649997124448 13.054999708198 13.0399997085333 13.0949997073039 13.2299997042865
14.0399996861815 14.1799996830523 14.3849996784702 14.504999675788 14.6099996734411 14.6199996732175 14.7099996712059 14.8749996675178 14.9149996666238 14.2074996824376 14.0724996854551 14.0299996864051 13.9399996884167 13.8174996911548 13.7449996927753 6.69999985024333 -9999 -9999 -9999 -9999 -9999 -9999 -9999 -9999 -9999 -9999 -9999 -9999 -9999 -9999 -9999 -9999 -9999 -9999 -9999 -9999 -9999 -9999 -9999 -9999 -9999 -9999 -9999 -9999 -9999 -9999 -9999 -9999 12.8177269862287 12.7699997145683 12.9699997100979 13.2549997037277 12.6799997165799 12.5899997185916 12.6299997176975 12.6999997161329 12.7749997144565 12.8949997117743 13.0699997078627 13.2149997046217 13.2149997046217 13.2449997039512
14.2449996815994 14.3449996793643 14.2799996808171 14.1849996829405 14.4749996764585 14.7299996707588 14.6474996726029 14.6124996733852 14.5024996758439 14.2224996821024 13.9849996874109 13.842499690596 13.779999691993 13.779999691993 13.6699996944517 -9999 -9999 -9999 -9999 -9999 -9999 -9999 -9999 -9999 -9999 -9999 -9999 -9999 -9999 -9999 -9999 -9999 -9999 -9999 -9999 -9999 -9999 -9999 -9999 -9999 -9999 -9999 -9999 -9999 -9999 -9999 -9999 -9999 -9999 12.0766663967321 13.0099997092038 13.3949997005984 12.76499971468 12.6599997170269 12.6449997173622 12.6299997176975 12.8149997135624 12.9749997099862 13.0799997076392 13.1499997060746 13.2299997042865 13.2349997041747
14.4699996765703 14.484999676235 14.524999675341 14.4799996763468 14.4349996773526 14.6374996728264 14.547499674838 14.4099996779114 14.3649996789172 14.3324996796437 14.1849996829405 14.1499996837229 13.8949996894225 13.6749996943399 13.6449996950105 14.0008820399971 -9999 -9999 -9999 -9999 -9999 -9999 -9999 -9999 -9999 -9999 -9999 -9999 -9999 -9999 -9999 -9999 -9999 -9999 -9999 -9999 -9999 -9999 -9999 -9999 -9999 -9999 -9999 -9999 -9999 -9999 11.6649997392669 8.56499980855733 7.58499983046204 -9999 11.5949583295733 13.108999706991 12.5999997183681 12.6749997166917 12.6549997171387 12.7099997159094 12.7499997150153 12.8849997119978 12.9699997100979 13.034999708645 13.0949997073039 13.1499997060746
14.4749996764585 14.4399996772408 14.0549996858463 14.069999685511 14.6249996731058 14.649999672547 14.5724996742792 14.8599996678531 14.4749996764585 14.3049996802583 14.1349996840581 14.0749996853992 14.0049996869639 13.8799996897578 13.7249996932223 -9999 -9999 -9999 -9999 -9999 -9999 -9999 -9999 -9999 -9999 -9999 -9999 -9999 -9999 -9999 -9999 -9999 -9999 -9999 -9999 -9999 -9999 -9999 -9999 -9999 -9999 -9999 -9999 -9999 -9999 -9999 -9999 -9999 -9999 12.7199997156858 12.7249997155741 12.7299997154623 12.8849997119978 12.7949997140095 12.6549997171387 12.639999717474 12.7999997138977 13.0249997088686 13.0299997087568 12.9899997096509 12.7999997138977 12.9049997115508
14.4274996775202 14.5374996750616 14.5799996741116 14.6074996734969 13.6099996957928 13.6099996957928 14.2049996824935 14.2649996811524 14.2399996817112 14.1849996829405 14.0049996869639 13.9349996885285 13.924999688752 13.7749996921048 14.2049996824935 -9999 -9999 -9999 -9999 -9999 -9999 -9999 -9999 -9999 -9999 -9999 -9999 -9999 -9999 -9999 -9999 -9999 -9999 -9999 -9999 -9999 -9999 -9999 -9999 -9999 -9999 -9999 -9999 -9999 -9999 -9999 -9999 -9999 -9999 -9999 12.6449997173622 12.6549997171387 12.6899997163564 12.7599997147918 13.4883330318456 13.3749997010455 13.0799997076392 13.1449997061864 13.179999705404 13.1949997050688 13.2299997042865 12.8249997133389
14.4199996776879 14.4199996776879 14.5624996745028 14.2399996817112 14.2699996810406 14.2499996814877 14.2549996813759 14.1999996826053 14.2299996819347 14.1499996837229 14.2249996820465 14.2249996820465 14.1349996840581 14.0999996848404 14.089999685064 -9999 -9999 -9999 -9999 -9999 -9999 -9999 -9999 -9999 -9999 -9999 -9999 -9999 -9999 -9999 -9999 -9999 -9999 -9999 -9999 -9999 -9999 -9999 -9999 -9999 -9999 -9999 -9999 -9999 -9999 -9999 -9999 -9999 -9999 -9999 -9999 -9999 13.2724997033365 13.3724997011013 13.1449997061864 12.9283330443626 12.909999711439 13.0249997088686 13.2749997032806 13.2949997028336 13.1699997056276 13.1599997058511
