EcologicalScience/Bass/data/rs_data_bass/sst_415.asc
NCOLS 226 
NROWS 124 
XLLCORNER -9.41648524995501 
YLLCORNER 47.587301625531 
CELLSIZE 0.0833 
NODATA_value -9999 
[rows 0 to 26 of 124, columns 0 to 61 of 226]
-9999.000000000000000 -9999 -9999 -9999 -9999 -9999 -9999 -9999 -9999 -9999 -9999 -9999 -9999 -9999 -9999 -9999 -9999 -9999 -9999 -9999 -9999 -9999 -9999 -9999 -9999 -9999 -9999 -9999 -9999 -9999 -9999 -9999 -9999 -9999 -9999 -9999 -9999 -9999 -9999 -9999 -9999 -9999 -9999 -9999 -9999 -9999 -9999 -9999 -9999 -9999 -9999 -9999 -9999 -9999 -9999 -9999 -9999 -9999 -9999 -9999 -9999 -9999
-9999 -9999 -9999 -9999 -9999 -9999 -9999 -9999 -9999 -9999 -9999 -9999 -9999 -9999 -9999 -9999 -9999 -9999 -9999 -9999 -9999 -9999 -9999 -9999 -9999 -9999 -9999 -9999 -9999 -9999 -9999 -9999 -9999 -9999 -9999 -9999 -9999 -9999 -9999 -9999 -9999 -9999 -9999 -9999 -9999 -9999 -9999 -9999 -9999 -9999 -9999 -9999 -9999 -9999 -9999 -9999 -9999 -9999 -9999 -9999 -9999 -9999
-9999 -9999 -9999 -9999 -9999 -9999 -9999 -9999 -9999 -9999 -9999 -9999 -9999 -9999 -9999 -9999 -9999 -9999 -9999 -9999 -9999 -9999 -9999 -9999 -9999 -9999 -9999 -9999 -9999 -9999 -9999 -9999 -9999 -9999 -9999 -9999 -9999 -9999 -9999 -9999 -9999 -9999 -9999 -9999 -9999 -9999 -9999 -9999 -9999 -9999 -9999 -9999 -9999 -9999 -9999 -9999 -9999 -9999 -9999 -9999 -9999 -9999
-9999 -9999 -9999 -9999 -9999 -9999 -9999 -9999 -9999 -9999 -9999 -9999 -9999 -9999 -9999 -9999 -9999 -9999 -9999 -9999 -9999 -9999 -9999 -9999 -9999 -9999 -9999 -9999 -9999 -9999 -9999 -9999 -9999 -9999 -9999 -9999 -9999 -9999 -9999 -9999 -9999 -9999 -9999 -9999 -9999 -9999 -9999 -9999 -9999 -9999 -9999 -9999 -9999 -9999 -9999 -9999 -9999 -9999 -9999 -9999 -9999 -9999
-9999 -9999 -9999 -9999 -9999 -9999 -9999 -9999 -9999 -9999 -9999 -9999 -9999 -9999 -9999 -9999 -9999 -9999 -9999 -9999 -9999 -9999 -9999 -9999 -9999 -9999 -9999 -9999 -9999 -9999 -9999 -9999 -9999 -9999 -9999 -9999 -9999 -9999 -9999 -9999 -9999 -9999 -9999 -9999 -9999 -9999 -9999 -9999 -9999 -9999 -9999 -9999 -9999 -9999 -9999 -9999 -9999 -9999 -9999 -9999 -9999 -9999
-9999 -9999 -9999 -9999 -9999 9.64091615481302 9.02134005748667 9.09509057877585 9.04146108031273 9.11977369489614 9.29402402934751 9.04041717774235 8.80180973755196 8.78904384505004 6.30672321990132 8.36002379478887 7.90360727859661 8.2220374061726 8.65019683446735 8.7635120600462 7.97138125845231 7.78007216716651 9.13944738265127 9.29788006283343 11.5324763054959 9.77474287059158 9.69765423225784 8.74586930973455 8.88925849180669 8.82124545029365 9.25729391328059 9.26320125265537 10.3032587339363 10.4836450593053 12.3249997245148 8.1412076406475 10.4577758060616 12.2299997266382 11.0099997539073 11.4294454852497 9.37096773134544 9.47575642447919 10.8153201148568 11.1649997504428 -9999 -9999 -9999 -9999 -9999 -9999 -9999 -9999 -9999 -9999 -9999 -9999 -9999 -9999 -9999 -9999 -9999 -9999
-9999 -9999 -9999 -9999 -9999 9.27453895192593 9.58167667612434 8.59694585029501 9.24259162135422 9.08839685237035 9.08696248242632 8.96265042060986 8.49370707357302 8.64445935469121 7.87821893058717 8.29295903118327 9.01829202135559 8.25879313598853 8.47107988770586 8.02570802008267 8.11732840025797 7.90088197570294 9.17791457660496 9.61300206842387 9.67757399857195 8.17905576888408 9.39979856722057 8.49438839929644 8.31216365098953 8.87682728562504 8.95643481751904 9.43499278975651 11.8090872622972 12.133175408333 12.2458339344194 12.7929103569511 12.0099997315556 -9999 8.48499981034547 9.71795975043205 11.1448935776767 8.68318734318018 8.98936012759805 10.0587975805433 9.80515151340514 10.8219473741483 10.6499997619539 -9999 -9999 -9999 -9999 -9999 -9999 -9999 -9999 -9999 -9999 -9999 -9999 -9999 -9999 -9999
-9999 -9999 -9999 -9999 -9999 8.8472434055293 8.68480100936722 8.66103429626673 9.29396814480424 9.09341714717448 9.05325478874147 8.72980436636135 8.31001209607348 8.81690249685198 7.86703084502369 8.46032211312559 8.77307452633977 6.59510329714976 8.5885189268738 8.56915493262932 8.80044708610512 8.42069764342159 9.34736582590267 10.2594609896106 9.61265906691551 8.32606040907052 8.39649265061598 9.00137840909883 8.94400361133739 8.955000447575 9.06951098144054 9.04536575404927 9.04871261725202 8.62850198906381 8.96109651983716 12.1223454214965 11.4023752912977 12.3099997248501 12.0549997305498 8.74525008173432 8.73886538625172 9.26865973598931 9.30186484992394 9.22732582694984 8.38119906256907 10.3249997692183 -9999 -9999 -9999 -9999 -9999 -9999 -9999 -9999 -9999 -9999 -9999 -9999 -9999 -9999 -9999 -9999
-9999 -9999 -9999 -9999 -9999 8.71474348194897 8.67986221285537 8.83546961890534 9.12592953257263 9.07040202943608 8.8632007711567 8.81785874348134 8.85172581160441 8.27896396332653 9.21282844501548 8.7100419360213 8.69681385764852 8.76797454431653 8.7173731601797 9.08759998017922 8.48237555101514 7.96122113801539 9.12871858524159 9.09893635326349 9.37373151733517 9.56130862291902 8.9337239600718 8.87730540893972 7.72180088819005 9.03126111626625 9.05277666542679 8.60752432863228 8.5885189268738 8.3453932213597 8.16645557084121 8.78462917311117 12.3467650545542 12.1949997274205 11.2103081229143 12.3648945451714 8.24925958844382 8.26127436464172 11.129273691753 -9999 10.7900556030805 10.7677001007785 9.33499979134649 -9999 -9999 -9999 -9999 -9999 -9999 -9999 -9999 -9999 -9999 -9999 -9999 -9999 -9999 -9999
-9999 -9999 -9999 -9999 -9999 8.65521712927148 9.42683644066565 9.31947385035455 9.24745823366434 9.20493941032328 9.17463834525552 8.66525771887973 8.68318734318018 8.87579135177657 8.69992165919393 8.91340371919796 8.88677822711179 8.98727377131581 8.89499597158283 9.00424714898691 8.87276323745027 8.83116650907323 8.75594177423045 9.07998622860759 10.0160288407427 9.50651569105685 9.06998910475522 8.8844772586599 8.85483361314982 8.8194524878636 8.78980884235352 8.46839044406079 9.00376902567223 8.94328642636538 8.92846460361034 8.48309273598716 8.65521712927148 9.28436764597427 8.70513320332393 9.3491653081961 12.2897511930205 8.60734310447268 8.84901644615456 9.4777150524437 9.18116316940312 12.9688473758089 12.0949997296557 -9999 -9999 -9999 -9999 -9999 -9999 -9999 -9999 -9999 -9999 -9999 -9999 -9999 -9999 -9999
-9999 -9999 -9999 -9999 -9999 9.51890343148261 8.52931856736541 9.58736199699342 9.3300229893066 9.07387385668699 9.04446927283425 9.01667835516855 9.20422222535126 8.7465386823751 8.75992613518611 8.92774741863832 8.60071107139811 8.80941189825535 8.98846907960251 8.81371500808746 8.59712514653802 8.64780621789396 8.70319680389948 8.15860637975857 9.34027221454307 9.69269690979272 9.07878657374531 9.24216131037101 9.31488386653364 9.10675678765401 9.2097445496358 8.99253312777728 8.96360666723922 9.10226242849603 9.23427227567881 8.98530151264276 9.02098146500066 9.39430884225294 9.13304161687847 8.94890437531285 9.43057377124205 8.99399738042848 9.75910823820159 9.27492730900564 8.76045824016535 12.039999730885 -9999 -9999 -9999 -9999 -9999 -9999 -9999 -9999 -9999 -9999 -9999 -9999 -9999 -9999 -9999 -9999
-9999 -9999 -9999 -9999 -9999 9.67127263871953 9.22633542865515 9.63776054093614 8.61505477083847 9.01363031903747 9.034428683226 8.60304192255717 8.87085074419156 8.76757610822096 8.94328642636538 8.02427365013864 8.59322047280148 8.72478407155722 8.15772982034832 8.65139214275405 8.38372277375311 8.55760825457983 9.58619871610579 11.2640173085965 8.49663956323639 9.14189885128289 9.61093782298267 9.62571183340624 9.35805840184912 9.53477277895436 8.64194920728914 9.1820612097159 9.11947486782447 9.21533859241754 9.34706156561151 9.26506341714412 8.99014251120389 9.62234106403776 8.32369837595616 9.21246985252947 8.82572785636876 9.35949277179316 11.7664679928816 9.16151853756088 9.41239660792053 12.061772564217 12.2549997260794 -9999 -9999 -9999 -9999 -9999 -9999 -9999 -9999 -9999 -9999 -9999 -9999 -9999 -9999 -9999
-9999 -9999 -9999 -9999 -9999 9.61839654669166 9.61466718483716 9.14706258308142 8.62366099050269 8.5447706435807 8.88148898794316 8.255426350981 8.32451516995206 9.04966886388138 8.75533615136519 8.80415254179388 8.69490136438981 8.42834761645645 8.1503189089708 8.0746558944229 8.49289426393807 8.80482191443443 9.30881170043722 9.18557541607879 9.06520787160844 9.48507982911542 9.46874394919723 9.6799310172908 9.55571458013728 9.55671863909811 9.31843393214513 9.14487516891677 8.86367889447138 9.14720602007583 9.27462588343769 9.2139042224735 9.19071524171159 8.96127581608016 9.34749622317031 9.18898204469588 8.93222982471343 8.93133334349841 8.15372553758789 11.6134617018513 -9999 12.1299997288734 -9999 -9999 -9999 -9999 -9999 -9999 -9999 -9999 -9999 -9999 -9999 -9999 -9999 -9999 -9999 -9999
-9999 -9999 -9999 -9999 -9999 8.67744986340404 8.51966916956007 9.24743261991534 8.8553117364645 8.76853235485032 9.33833581511863 9.03333298396319 9.05500790756196 8.89738658815622 9.08744060574099 8.64374216971919 8.596228665323 8.70273063366767 9.20888392766938 8.40742972143926 8.4383882060647 8.95948285365012 9.16107159620151 9.42439801176079 9.41059220104944 9.5405819772277 9.26841028034687 9.06939145061187 9.60692158713937 9.12174595356919 9.33564637147356 9.03891108930111 8.98775189463049 9.19430116657168 9.21749014733359 9.28849145956337 9.11851862119511 9.14415798394475 9.05397197371349 8.97777107043657 8.51794792562723 8.77426983462647 11.3795637763105 8.74105552351102 11.8749997345731 -9999 -9999 -9999 -9999 -9999 -9999 -9999 -9999 -9999 -9999 -9999 -9999 -9999 -9999 -9999 -9999 -9999
-9999 -9999 -9999 -9999 -9999 9.21354562998749 9.04052475548815 8.87557221192401 8.89475690992549 8.76853235485032 8.63513595005497 9.11726354749408 8.39989927923307 8.6200750656426 8.70470289234072 8.87706634728238 8.87866009166464 9.27558213006705 9.05166104435921 8.42284919833764 8.9920550044626 9.31956947501749 9.31789604341611 9.16919969255105 9.28382975724526 9.20780815021135 9.2416951401392 9.18216878746171 9.35088655212894 9.11206395644695 9.03191853582393 8.93037709686905 9.08696248242632 9.22394481208175 9.17159030912444 8.83738211216405 9.21533859241754 8.88901943014935 9.58253729809076 11.456971940957 8.31870290678568 7.89554858724436 7.79632257611581 10.9704396324814 10.8959420435131 12.0721635220925 12.0999997295439 -9999 -9999 -9999 -9999 -9999 -9999 -9999 -9999 -9999 -9999 -9999 -9999 -9999 -9999 -9999
-9999 -9999 -9999 -9999 -9999 9.02829675171524 8.98426159443334 8.80324410749599 8.9229064200772 8.38196965493262 8.62509536044672 8.57991270720959 8.75896988855675 9.52408672287129 8.85244299657643 8.49026458570734 9.47585603350308 9.28185749857221 8.42535934573971 8.99301125109196 9.05803602188826 9.31885229004547 9.28992582950741 9.38172550592571 9.26052124565467 9.3372600376606 9.32273704197723 9.10034993523732 9.09162418474443 8.73607973486651 8.92649234493729 9.14326150272973 9.16298408946022 9.12353891599923 10.8063622253415 9.1287982724607 9.1421857252717 9.05791649105959 7.04646878203909 10.2656283999005 11.7467007886528 8.01892753743056 11.8913589893457 -9999 -9999 -9999 -9999 13.2249997043982 13.2249997043982 -9999 -9999 -9999 -9999 -9999 -9999 -9999 -9999 -9999 -9999 -9999 -9999 -9999
-9999 -9999 -9999 -9999 -9999 8.99365671756677 8.40447133342968 8.6681264587678 8.58158613881096 8.63011565525085 8.72956530470401 9.58881266659591 9.36618649819866 9.36092714173719 8.4450819324702 9.30881170043722 8.82016967283562 8.40491957403719 9.09341714717448 9.18808556348085 9.35614590859041 9.37383647123352 9.29924923414364 9.5445264945738 9.42870112159289 9.25836969073862 9.12461469345726 8.02893535245676 8.55516982567497 8.32764289330225 8.85818047635257 9.23135572345927 9.10776084661484 9.286818027962 9.29387034685351 9.12246313854121 9.48566609937032 11.8361237294972 8.80126837857308 -9999 -9999 -9999 -9999 -9999 -9999 -9999 -9999 -9999 -9999 -9999 -9999 -9999 -9999 -9999 -9999 -9999 -9999 -9999 -9999 -9999 -9999 -9999
-9999 -9999 -9999 -9999 -9999 8.69968259753659 8.7635120600462 9.75635685585439 8.49385051056743 8.46767325908877 9.23562468162605 9.42601167794783 9.671826827107 9.72525710752234 8.88256476540118 9.36546931322664 9.13393809809349 8.8844772586599 8.91388184251264 9.05731883691624 9.13166701234877 9.15055288327858 9.36594743654132 9.31574448850006 9.41937771695666 9.14164783654269 6.28850672161207 9.00574128434528 9.54596086451784 8.97364725684747 9.48300796141848 9.19633319065906 7.09533981513232 9.13680683798157 8.94872507906985 8.99803154589608 8.98727377131581 9.04895167890936 10.6915443264879 12.1554172915297 11.6199997402728 -9999 -9999 -9999 -9999 -9999 -9999 -9999 -9999 -9999 -9999 -9999 -9999 -9999 -9999 -9999 -9999 -9999 -9999 -9999 -9999 -9999
-9999 -9999 -9999 -9999 -9999 9.08481092751026 8.97149570193142 9.17141101288144 9.34830468622968 9.13587449751794 9.010797438398 7.40349029144272 7.06693929024041 9.36451306659728 9.3888973556459 9.0984374419786 9.1197139294818 9.1567684863694 8.95237076934427 9.02480645151809 9.1847387002781 9.28753521293402 9.0491907405667 9.40563167165965 9.19274726579897 9.3652302515693 9.36092714173719 9.35160373710096 9.17876215884462 9.35686309356242 9.3293710029684 6.92464979179204 9.28753521293402 9.14684742758982 6.30141605110839 6.47856073919684 9.20655307651032 8.82562027862295 10.2349365609698 11.1923784986138 11.3749997457489 -9999 10.9948432573994 7.57285530283116 9.45364891311952 12.3049997249618 -9999 -9999 -9999 -9999 -9999 -9999 -9999 -9999 -9999 -9999 -9999 -9999 -9999 -9999 -9999 -9999
-9999 -9999 -9999 -9999 -9999 9.57061409793096 9.34882464533439 8.91340371919796 9.25399486240931 9.19956052303314 9.57608263334259 7.77570929192007 8.01309751765803 9.06302643398521 9.12084947235417 9.73553675878793 9.72016509422101 9.68947754614055 9.56263541511726 9.55331201048102 9.24832910113037 9.35949277179316 9.49288917658851 9.35393458826002 9.51924572431017 9.06568599492311 9.21964170224965 9.37258139753249 9.29159926110879 9.34084596252069 9.40180668514222 9.36785992980003 7.58159122616053 7.66478468291461 9.45505766931456 7.29973753215745 11.1720773826726 9.84430981287733 9.44831337217385 9.47137362742797 9.42117067938671 9.49030731068924 9.50493788411841 9.75282888533548 8.83795586014167 12.8318841326172 13.2699997033924 -9999 -9999 -9999 -9999 -9999 -9999 -9999 -9999 -9999 -9999 -9999 -9999 -9999 -9999 -9999
-9999 -9999 -9999 -9999 -9999 9.82881861748174 9.80472120242193 9.14344079897273 9.20641362387687 9.33001646944322 9.45459149908274 9.23792991903611 8.74804135564981 9.0984374419786 9.15057678944431 9.42583238170482 9.30283515900373 8.03509119013324 9.57847324991599 8.94926296779886 8.67984047997743 8.86696599225979 9.42941830656491 9.31466871104203 8.91435996582732 9.13214513566345 9.40754416491836 9.29207738442346 9.10032005253015 9.31924076523865 9.37742239609361 9.379813012667 9.15079194493592 9.28992582950741 7.60023803543299 7.9946897700429 7.76017028419301 9.49575791647658 9.31090348993894 9.13680683798157 9.57482755964156 9.69384440574795 9.70245062541217 9.53341012750752 10.8792628955741 8.94405956193805 -9999 -9999 -9999 -9999 -9999 -9999 -9999 -9999 -9999 -9999 -9999 -9999 -9999 -9999 -9999 -9999
-9999 -9999 -9999 -9999 -9999 9.14648883510381 9.29180844005896 9.16110147890868 9.27414776012301 9.27314370116219 9.19471952447202 9.29709767922759 8.34969633119181 8.53759879386052 9.09234136971645 9.5445264945738 9.64986303733895 9.58755759289488 9.63154493784532 9.53520308993757 9.48404389526695 9.3640349432826 9.17852309718728 9.16537470603362 9.44358270976227 8.68294828152284 9.12186548439786 9.31897182087414 9.35393458826002 9.53681675612461 9.37383647123352 9.44017608114518 9.34586625732481 9.300205480773 9.33098466915544 9.29530471679755 9.59275718394201 9.52408672287129 9.33044678042643 7.30475782696158 7.44030578667298 7.75012969458476 8.13525802455842 10.2600815007463 11.6770042903721 9.63926662937738 8.63842215582228 -9999 -9999 9.07523138538402 9.10999979637563 -9999 -9999 10.9149997560307 10.9150669761002 -9999 -9999 -9999 -9999 -9999 -9999 -9999
-9999 -9999 -9999 -9999 -9999 9.3068992071785 9.25845933886012 9.07602541160304 9.24875941211358 9.35913417930715 9.59896083394997 9.55871081957594 9.65002440395765 9.3849528382998 9.36389833662127 9.32752681304035 9.39965513022617 9.49073762167245 9.01835178676993 8.94328642636538 9.5815810514614 8.7319559212774 8.7197637767531 8.59676655405201 9.01657590017255 9.17356256779749 9.18306526867673 9.42637027043384 9.48751028929837 9.56783500616439 9.61068680824246 9.54972608562093 9.34873499721289 9.39015242934693 9.1660321255913 9.38082902471069 9.39732427906711 9.39873303526214 9.10983271431178 9.26016265316866 9.34479047986679 9.21964170224965 11.384823132772 10.8491146460734 7.97030548099428 9.72930709324667 11.2048097047955 11.2296299298075 9.77018874601927 9.07398143443279 9.07499979715794 -9999 -9999 10.706958924577 8.6729693057438 8.55499980878085 -9999 -9999 -9999 -9999 -9999 -9999
-9999 -9999 -9999 -9999 -9999 10.0766777438112 9.09975228109397 8.70649585477076 9.06451459280215 9.3213385312818 9.31162067491096 9.29781486419961 9.26590013294481 9.38038078410318 9.07925274397712 9.29772521607811 9.50675475271419 9.3585365251638 9.31861322838813 9.33176161954179 8.7611214434728 8.69227168615907 8.8498133183457 8.4290989530938 8.4529709671624 9.02794840472883 9.1898785259109 9.32514758035541 9.23526039719582 9.36953336140141 9.46689122135285 8.11015655053779 8.84527114685625 9.55510497291107 9.55725652782712 9.04913097515237 9.32530695479363 8.97310936811846 9.0586336760316 9.10471281048376 9.48033843957819 11.9205603068694 10.0770721955458 9.45535649638623 10.7950314617095 8.43922643491385 -9999 12.158131344463 9.62687236908823 9.26169138955639 8.48847162327729 8.61999980732799 -9999 11.4448135463137 9.62366173392525 -9999 -9999 -9999 -9999 -9999 -9999 -9999
-9999 -9999 -9999 -9999 -9999 10.1585165178403 9.45541626180056 9.07677845582366 8.9905728221871 10.5769142617937 9.00717565428931 8.97561951552052 8.85423595900647 7.91866816300899 8.73554184613749 8.41980116220657 8.88352101203054 9.11182489478961 8.81634468631819 7.78192489501089 8.19167657569051 8.07573167188093 8.51151119050337 8.2019562269561 8.27053703990532 8.46256331616314 8.48739584581926 9.21549796685576 9.01667835516855 9.39343952713534 9.02145958831534 9.50535026547732 9.69907985604368 9.70320366963279 9.27366963680834 9.20099489297718 9.27988523989916 9.28777427459136 12.425268206239 8.52899257419631 -9999 10.5678257970621 9.65590110199307 9.94722585636191 11.0439212094061 9.53494490334764 8.99499979894608 8.56499980855733 8.84204381448217 10.6034759835667 10.9979823407223 11.100592884646 10.8790226475065 9.19884333806112 12.4106734831316 -9999 -9999 -9999 -9999 -9999 -9999 -9999
-9999 -9999 -9999 -9999 -9999 9.92086930864025 9.68814278522041 8.84419536939822 8.71617785189301 8.20339059690014 8.61828210321255 8.54512923606671 8.57453381991945 7.1264477132936 8.68542854621774 9.15975675708614 9.55528426915407 9.73338520387188 9.11206395644695 8.78933071903884 8.8632007711567 8.55863621970639 8.43557923159096 9.13178654317744 8.52666172303725 8.51106294989586 8.38985868962482 9.22083701053634 9.57154046185315 9.44866276998073 9.50261101732031 9.71423038857756 9.82369074493181 9.87981046899222 9.97143084916752 10.467285366971 9.47817274660713 10.6219217930878 7.8349998248741 9.87057671247749 11.5536272252599 9.94941725488752 10.0580309345387 10.1363833927317 9.92517241847236 11.733023467912 10.3013749137399 10.9049997562543 12.503139503355 9.9274380709976 4.50459875183878 11.6786720969933 10.5407761079259 11.1423633847319 14.2199996821582 -9999 -9999 -9999 -9999 -9999 -9999 -9999
-9999 -9999 -9999 -9999 -9999 8.80654315836728 9.55998581508175 9.88933309167624 8.5885189268738 8.55929363926407 8.80439160345122 8.78323464677669 8.87306206452195 8.57417522743344 9.11887721368112 8.46525275980821 8.63370158011094 8.63824375160038 8.44986316561699 8.65465931873769 7.78646706650034 8.32351907971315 7.75323749613017 9.12569047091529 8.80845565162599 8.80949158547446 8.67661314760335 9.34180220915005 9.73195083392784 9.76533977873623 10.0065729127964 9.39463483542204 10.0345431267051 9.74055705359206 9.65052643343806 11.2285109605374 10.7160155470483 9.86590085519282 -9999 8.99608853412792 9.97188905067742 9.75753043126315 10.0262954995269 8.74135901313275 10.5710572511889 11.7766725104834 -9999 10.8250602621119 9.57903106044978 9.49336729990318 8.87500172387809 8.92268937725672 8.86423670500517 8.86248358618468 12.5749997189268 -9999 -9999 -9999 -9999 -9999 -9999 -9999
