EcologicalScience/Bass/data/rs_data_bass/sst_109.asc
NCOLS 226 
NROWS 124 
XLLCORNER -9.41648524995501 
YLLCORNER 47.587301625531 
CELLSIZE 0.0833 
NODATA_value -9999 
[rows 54 to 80 of 124, columns 124 to 185 of 226]
8.79999980330467 8.05499981995672 9.89999977871776 9.50499978754669 9.69499978329986 9.65499978419393 9.60499978531152 9.46499978844076 9.44999978877604 9.47999978810549 9.42499978933483 9.40499978978187 9.34999979101121 9.34499979112297 9.46499978844076 9.33333312471708 10.2699997704476 10.0749997748062 10.1499997731298 10.359999768436 10.9599997550249 10.9499997552484 11.0199997536838 11.3499997463077 11.7099997382611 11.354999746196 10.8199997581542 11.044999753125 10.8899997565895 11.024999753572 11.0599997527897 11.1049997517839 11.2349997488782 10.9599997550249 10.174999772571 10.6449997620657 10.2799997702241 11.6599997393787 12.3399997241795 12.0349997309968 12.0699997302145 11.6849997388199 11.2249997491017 11.209999749437 11.2449997486547 11.3599997460842 11.6299997400492 11.644999739714 11.169999750331 11.6649997392669 11.6899997387081 11.5949997408316 13.6153445232595 13.4799996986985 12.1349997287616 11.4583330772196 11.5999997407198 13.9401996884122 15.6657996498421 14.3024996803142 12.6835711450715 16.3875858406055
9.51999978721142 9.8199997805059 7.16499983984977 7.59499983023852 7.35499983560294 9.49999978765845 9.5899997856468 9.56499978620559 9.45999978855252 9.46499978844076 9.52499978709966 9.49999978765845 9.37499979045242 9.3366664579759 9.28333312583466 9.1066664631168 9.2266664604346 9.82499978039414 10.029999775812 10.1599997729063 10.1449997732416 10.504999765195 10.4249997669831 10.6049997629598 10.7399997599423 10.484999765642 10.0599997751415 10.5299997646362 10.7999997586012 10.8499997574836 10.7949997587129 10.7249997602776 10.6349997622892 10.4099997673184 10.1449997732416 10.1599997729063 9.97499977704138 10.4399997666478 12.1649997280911 12.4249997222796 12.4499997217208 12.1149997292086 11.3799997456372 11.3999997451901 11.5049997428432 11.7549997372553 11.894999734126 11.5849997410551 11.1299997512251 12.8099997136742 13.509999698028 11.8474997351877 21.114999528043 12.841666379633 13.0216663756097 12.3483330573266 12.0374997309409 16.3927590680498 -9999 -9999 -9999 -9999
10.1199997738004 9.20999979414046 9.48999978788197 6.51999985426664 6.74999984912574 6.92999984510243 8.8399998024106 9.53499978687614 9.51999978721142 7.98499982152134 6.71499984990805 9.63499978464097 9.24999979324639 9.26666645954053 9.32999979145825 8.84299980234355 9.41499978955835 9.42999978922307 10.7649997593835 10.1299997735769 10.0099997762591 10.1599997729063 9.9899997767061 10.1399997733533 10.4299997668713 10.7899997588247 10.8549997573718 10.8499997574836 10.7699997592717 10.8699997570366 10.8849997567013 10.7499997597188 10.6449997620657 10.1649997727945 9.73999978229403 9.79999978095293 10.1049997741356 10.3949997676536 11.5499997418374 11.934999733232 12.1049997294322 11.9099997337908 11.2999997474253 11.5049997428432 11.6949997385964 11.9499997328967 11.9049997339025 11.3649997459725 12.958333043692 19.6699995603412 15.5849996516481 14.1199996843934 13.6016663626457 13.3583330347513 13.1924997051246 -9999 -9999 -9999 -9999 -9999 -9999 -9999
10.1149997739121 9.98499977681786 9.46499978844076 9.63999978452921 9.6749997837469 9.63999978452921 9.57499978598207 8.83499980252236 8.94499980006367 10.1799997724593 9.24166646009932 9.16333312851687 9.10833312974622 9.18499979469925 8.85199980214238 8.97833313265195 8.98999979905784 9.43499978911132 9.3599997907877 9.37999979034066 9.4449997888878 9.55499978642911 9.67999978363514 9.8199997805059 10.0049997763708 10.1549997730181 10.2349997712299 10.3299997691065 10.3149997694418 10.2949997698888 10.1699997726828 10.1249997736886 9.80999978072941 9.99999977648258 9.53999978676438 9.63499978464097 9.99999977648258 10.0999997742474 10.6799997612834 11.6549997394904 11.8599997349083 11.5399997420609 10.9899997543544 11.4349997444078 11.4149997448549 11.6549997394904 12.0349997309968 13.4242854142295 14.4212496776599 13.3966663672278 14.4749996764585 14.8499996680766 13.5299996975809 12.8866663786272 13.2474997038953 -9999 -9999 -9999 -9999 -9999 -9999 -9999
10.2799997702241 10.0799997746944 10.0349997757003 9.96999977715313 9.82999978028238 7.87999982386827 7.87999982386827 9.48999978788197 9.5899997856468 10.6199997626245 11.2149997493252 9.09499979671091 9.50499978754669 9.50499978754669 12.3749997233972 12.3749997233972 9.35499979089946 10.1249997736886 10.4899997655302 9.25499979313463 9.48499978799373 9.51999978721142 9.72499978262931 9.53499978687614 9.39499979000539 9.4449997888878 9.59999978542328 9.53499978687614 9.40999978967011 9.42499978933483 9.57999978587031 9.64499978441745 9.62999978475273 9.6749997837469 9.48499978799373 9.40999978967011 9.70999978296459 9.84999977983534 10.4299997668713 11.024999753572 11.5049997428432 11.2849997477606 11.2149997493252 11.8549997350201 12.0199997313321 11.8149997359142 12.2499997261912 12.6499997172505 15.5649996520951 15.5399996526539 16.2749996362254 16.2749996362254 16.0849996404722 16.0849996404722 15.2549996590242 -9999 -9999 -9999 -9999 -9999 -9999 -9999
10.5696872637491 11.9137497337069 9.53599978685379 10.4516664330537 10.4616664328302 9.77999978139997 9.77999978139997 9.3124997918494 9.25999979302287 9.17499979492277 9.21799979396164 9.09799979664385 8.97299979943782 9.1183331295227 9.02833313153436 9.50499978754669 10.1799997724593 11.4949997430667 12.8599997125566 9.14999979548156 9.0699997972697 9.0699997972697 9.14499979559332 9.0699997972697 9.19499979447573 8.93499980028719 8.68999980576336 8.88499980140477 9.00999979861081 9.16999979503453 9.26999979279935 9.29499979224056 9.38999979011714 9.39999978989363 9.41999978944659 9.39999978989363 9.47499978821725 9.55999978631735 9.76999978162348 10.174999772571 10.5799997635186 10.4349997667596 10.6549997618422 11.4899997431785 11.5399997420609 12.9549997104332 13.6205552511124 13.0799997076392 13.7574996924959 15.9799996428192 15.9999996423721 15.7249996485189 16.0249996418133 15.7249996485189 14.9864282364558 -9999 23.7447889405303 -9999 -9999 -9999 -9999 -9999
-9999 -9999 -9999 -9999 -9999 13.1954542505132 10.4424997665919 9.7309997824952 9.56499978620559 9.45499978866428 9.39499979000539 9.02899979818612 9.05166646434615 8.9733331327637 10.609999762848 9.83999978005886 9.09999979659915 9.02499979827553 11.044999753125 9.51999978721142 8.94999979995191 8.80499980319291 8.72499980498105 8.71999980509281 8.71499980520457 8.81999980285764 8.88499980140477 8.94499980006367 8.99999979883432 9.37999979034066 9.00999979861081 9.11999979615211 9.18999979458749 9.22999979369342 9.2999997921288 9.35499979089946 9.48999978788197 9.62999978475273 9.81499978061765 10.1799997724593 10.4949997654185 10.2199997715652 10.4099997673184 10.9549997551367 11.1149997515604 11.2693330814441 -9999 17.7615513271363 18.4900868347613 14.877499667462 16.7149996263906 16.7149996263906 16.3099996354431 13.3924997006543 5.37499987985939 5.37499987985939 -9999 -9999 -9999 -9999 -9999 -9999
-9999 -9999 -9999 -9999 -9999 -9999 -9999 11.705555293916 9.57249978603795 9.48749978793785 9.24599979333579 9.3966664566348 9.47999978810549 9.48999978788197 9.49499978777021 8.76437480410095 8.4578569538093 8.48999981023371 8.47499981056899 9.61999978497624 8.92999980039895 8.63999980688095 8.53499980922788 8.56999980844557 8.62499980721623 8.74499980453402 8.77499980386347 8.8149998029694 8.94999979995191 9.07499979715794 9.09999979659915 9.10499979648739 9.18999979458749 9.17499979492277 9.28499979246408 9.37499979045242 9.54999978654087 9.76999978162348 9.89999977871776 10.214999771677 10.4549997663125 10.1399997733533 10.2699997704476 10.3549997685477 10.4049997674301 13.7566663591812 -9999 -9999 -9999 -9999 -9999 -9999 -9999 -9999 -9999 -9999 -9999 -9999 -9999 -9999 -9999 -9999
-9999 -9999 -9999 -9999 -9999 -9999 -9999 -9999 18.546603359036 10.2849997701123 9.51999978721142 9.47749978816137 9.5299997869879 9.47999978810549 9.52499978709966 10.7599997594953 8.8937498012092 8.59916647446031 8.45333314438661 8.45833314427485 8.53999980911613 8.44999981112778 8.42999981157482 8.51499980967492 8.61499980743974 8.6699998062104 8.72499980498105 8.90499980095774 8.94999979995191 9.03999979794025 9.10999979637563 9.1549997953698 9.23999979346991 9.24999979324639 9.33999979123473 9.4449997888878 9.80999978072941 9.92499977815896 10.0449997754768 10.1349997734651 10.1849997723475 10.1599997729063 10.1199997738004 10.0999997742474 10.0009997764602 17.0136952718882 -9999 -9999 -9999 -9999 -9999 -9999 -9999 -9999 -9999 -9999 -9999 -9999 -9999 -9999 -9999 -9999
-9999 -9999 -9999 -9999 -9999 -9999 -9999 -9999 -9999 8.9733331327637 9.23666646021108 9.41499978955835 9.40999978967011 9.50749978749081 9.53249978693202 8.99937479884829 8.49999981001019 8.51666647630433 8.45499981101602 8.4283331449454 7.35749983554706 8.35999981313944 8.55499980878085 8.49499981012195 8.59999980777502 8.71499980520457 8.75999980419874 8.88999980129302 8.97499979939312 9.03999979794025 9.11999979615211 9.19999979436398 9.25499979313463 9.31999979168177 9.37499979045242 9.53499978687614 9.80499978084117 9.9899997767061 10.0549997752532 10.1249997736886 10.1299997735769 10.0599997751415 10.1299997735769 10.6691664281922 10.6516664285834 -9999 -9999 -9999 -9999 -9999 -9999 -9999 -9999 -9999 -9999 -9999 -9999 -9999 -9999 -9999 -9999 -9999
-9999 -9999 -9999 -9999 -9999 -9999 -9999 -9999 -9999 10.7849997589365 10.504999765195 10.0799997746944 9.9299997780472 9.89999977871776 9.35249979095533 9.08785693972771 8.65999980643392 8.58999980799854 8.8399998024106 8.41499981191009 8.42999981157482 8.4399998113513 8.53999980911613 8.57499980833381 8.71499980520457 8.79499980341643 8.85499980207533 8.95499979984015 9.10999979637563 9.17499979492277 9.19499979447573 9.23499979358166 9.22999979369342 9.28499979246408 9.53999978676438 9.76999978162348 9.89999977871776 9.98499977681786 10.9699997548014 10.8649997571483 13.2099997047335 13.2249997043982 10.1149997739121 10.0949997743592 10.3359088598835 -9999 20.1192183003004 20.1192183003004 -9999 -9999 -9999 -9999 -9999 -9999 -9999 -9999 -9999 -9999 -9999 -9999 -9999 -9999
-9999 -9999 -9999 -9999 -9999 -9999 -9999 -9999 -9999 11.2799997478724 10.899999756366 10.2949997698888 10.0799997746944 9.78999978117645 9.63499978464097 9.10499979648739 8.54999980889261 8.54499980900437 8.49999981001019 8.54999980889261 8.5849998081103 8.72999980486929 8.85999980196357 8.98999979905784 8.90499980095774 9.03499979805201 9.05499979760498 9.12499979604036 9.20999979414046 9.26499979291111 9.30999979190528 9.36499979067594 9.31499979179353 9.40499978978187 9.50499978754669 9.89999977871776 10.0799997746944 10.5449997643009 11.934999733232 11.2949997475371 10.2949997698888 10.3999997675419 10.5583330973362 11.4072219672509 11.5216664091373 -9999 -9999 -9999 -9999 -9999 -9999 -9999 -9999 -9999 -9999 -9999 -9999 -9999 -9999 -9999 -9999 -9999
-9999 -9999 -9999 -9999 -9999 -9999 -9999 -9999 -9999 10.0799997746944 10.0449997754768 9.80499978084117 9.62499978486449 9.38999979011714 8.88499980140477 8.76999980397522 8.65499980654567 8.59999980777502 8.42999981157482 8.61499980743974 8.61999980732799 8.95499979984015 8.97999979928136 9.13999979570508 9.14499979559332 9.03499979805201 9.30499979201704 9.27999979257584 9.33999979123473 9.29499979224056 9.34499979112297 9.47499978821725 9.34499979112297 9.48499978799373 9.83999978005886 10.0549997752532 10.2549997707829 10.2499997708946 10.2349997712299 10.1599997729063 10.194999772124 10.0899997744709 10.5999997630715 10.7149997605011 -9999 -9999 -9999 -9999 -9999 -9999 -9999 -9999 -9999 -9999 -9999 -9999 -9999 -9999 -9999 -9999 -9999 -9999
-9999 -9999 -9999 -9999 -9999 -9999 -9999 -9999 11.1449997508898 10.6749997613952 10.1149997739121 9.63499978464097 9.2999997921288 9.18499979469925 9.04999979771674 8.81999980285764 8.72499980498105 8.72999980486929 8.7549998043105 8.8399998024106 8.99499979894608 9.17999979481101 9.17499979492277 9.22999979369342 9.26999979279935 9.31999979168177 9.31999979168177 9.31999979168177 9.41833312281718 9.42499978933483 9.53999978676438 9.65999978408217 9.68499978352338 9.85499977972358 10.0649997750297 10.1699997726828 10.4199997670949 11.7299997378141 13.0449997084215 10.4731247659074 11.2649997482076 11.044999753125 11.0974997519515 -9999 -9999 -9999 -9999 -9999 -9999 -9999 -9999 -9999 -9999 -9999 -9999 -9999 -9999 -9999 -9999 -9999 -9999 -9999
-9999 -9999 -9999 -9999 -9999 -9999 -9999 -9999 11.1799997501075 10.5199997648597 9.56999978609383 9.3849997902289 8.89499980118126 8.8999998010695 9.14499979559332 9.71666644948224 9.56999978609383 8.84499980229884 8.90499980095774 9.17999979481101 9.29499979224056 9.26833312616994 8.89499980118126 8.89749980112538 9.43499978911132 9.39099979009479 9.5299997869879 9.614999785088 9.72999978251755 9.68999978341162 9.68999978341162 9.75399978198111 9.82999978028238 9.95999977737665 10.1049997741356 10.3049997696653 10.214999771677 10.374166434786 12.0099997315556 12.059999730438 11.5099997427315 11.4349997444078 12.1186360927637 -9999 -9999 -9999 -9999 -9999 -9999 -9999 -9999 -9999 -9999 -9999 -9999 -9999 -9999 -9999 -9999 -9999 -9999 -9999
-9999 -9999 -9999 -9999 -9999 -9999 -9999 15.823571074887 9.74999978207052 9.30999979190528 9.27499979268759 9.18499979469925 9.18999979458749 9.54499978665262 10.0649997750297 9.87499977927655 9.6749997837469 9.42166645607601 9.37999979034066 9.37999979034066 9.42499978933483 9.36499979067594 9.01499979849905 9.6999997831881 9.6749997837469 9.57749978592619 9.56999978609383 8.26749981520697 8.28749981475994 9.4933331211408 9.44999978877604 9.80499978084117 9.80499978084117 10.0849997745827 10.2899997700006 10.4749997658655 10.484999765642 12.039999730885 12.0099997315556 11.7249997379258 11.4499997440726 13.0595997080952 -9999 -9999 -9999 -9999 -9999 -9999 -9999 -9999 -9999 -9999 -9999 -9999 -9999 -9999 -9999 -9999 -9999 -9999 -9999 -9999
-9999 -9999 -9999 3.8400372271426 -9999 6.91069610591851 10.029999775812 10.1799997724593 10.214999771677 9.88499977905303 9.83499978017062 9.30999979190528 9.51499978732318 9.64499978441745 9.66999978385866 9.73499978240579 9.87499977927655 9.8199997805059 9.41499978955835 9.44999978877604 9.50499978754669 9.78499978128821 9.80999978072941 9.78999978117645 8.28499981481582 9.59249978559092 9.62249978492036 10.1099997740239 10.0349997757003 10.0049997763708 10.0949997743592 10.0899997744709 10.9949997542426 11.8599997349083 12.039999730885 11.9099997337908 12.4349997220561 12.22499972675 11.6349997399375 11.499999742955 13.2949997028336 -9999 -9999 -9999 -9999 -9999 -9999 -9999 -9999 -9999 -9999 -9999 -9999 -9999 -9999 -9999 -9999 -9999 -9999 -9999 -9999 -9999
-9999 -9999 3.88019958557561 -9999 11.5549997417256 11.1807140358058 10.4559997662902 10.3099997695535 10.1449997732416 9.95999977737665 9.85999977961183 9.18999979458749 10.2249997714534 9.77499978151172 9.99499977659434 10.2999997697771 10.2999997697771 9.8449997799471 9.78999978117645 9.72499978262931 9.64999978430569 9.6383331178998 9.65666645082335 10.0549997752532 10.049999775365 10.049999775365 9.9237497781869 10.2199997715652 10.2199997715652 10.2899997700006 10.3899997677654 10.504999765195 11.7349997377023 12.2949997251853 12.3899997230619 12.4699997212738 11.9933330652614 12.6536360808056 17.924999599345 -9999 -9999 -9999 -9999 -9999 -9999 -9999 -9999 -9999 -9999 -9999 -9999 -9999 -9999 -9999 -9999 -9999 -9999 -9999 -9999 -9999 -9999 -9999
16.7749996250495 16.7749996250495 -9999 12.5871151032714 11.8629997348413 12.0049997316673 11.7799997366965 11.0759997524321 11.002499754075 10.7212497603614 10.1299997735769 10.1299997735769 9.79499978106469 9.66499978397042 9.48999978788197 9.65499978419393 9.6999997831881 10.1499997731298 10.029999775812 10.049999775365 10.1049997741356 9.54833311991145 9.51333312069376 10.2249997714534 10.1849997723475 10.3249997692183 10.3249997692183 10.2849997701123 10.3499997686595 10.6749997613952 10.8949997564778 11.0799997523427 11.1799997501075 11.4249997446314 11.479999743402 11.6149997403845 11.3249997468665 13.3962497005705 -9999 -9999 -9999 -9999 -9999 -9999 -9999 -9999 -9999 -9999 -9999 -9999 -9999 -9999 -9999 -9999 -9999 -9999 -9999 -9999 -9999 -9999 -9999 -9999
16.7821424820327 16.7237496261951 12.1599997282028 11.9599997326732 11.7137497381773 12.3849997231737 11.4249997446314 10.9649997549132 10.7899997588247 10.6587497617584 9.92499977815896 9.6999997831881 9.45499978866428 9.3849997902289 9.04999979771674 9.28499979246408 9.73999978229403 10.2199997715652 10.2799997702241 10.1649997727945 10.1549997730181 10.1349997734651 10.1649997727945 10.2849997701123 10.504999765195 10.5699997637421 10.6799997612834 10.7899997588247 10.7949997587129 10.9699997548014 11.189999749884 12.0899997297674 12.2899997252971 12.9749997099862 13.4299996998161 13.6649996945634 15.6044996512122 9.23624979355372 11.06548550885 13.2399997040629 -9999 -9999 -9999 -9999 -9999 -9999 -9999 -9999 -9999 -9999 -9999 -9999 -9999 -9999 -9999 -9999 -9999 -9999 -9999 -9999 -9999 -9999
14.7371996705979 12.4649997213855 12.0462497307453 11.3899997454137 12.0699997302145 11.9049997339025 11.5549997417256 10.8116664250071 10.4368747667177 10.0458331087915 9.88499977905303 9.73999978229403 10.4249997669831 9.74999978207052 9.49999978765845 8.96499979961663 8.34999981336296 10.194999772124 10.0199997760355 10.4099997673184 10.3099997695535 10.359999768436 10.8499997574836 10.6849997611716 10.5749997636303 10.8549997573718 10.9549997551367 11.0799997523427 11.1149997515604 11.479999743402 11.4499997440726 11.76999973692 12.22499972675 12.7199997156858 18.442499587778 15.6078567939943 15.4964282250564 13.3476826284853 13.2735362886792 -9999 -9999 -9999 -9999 -9999 -9999 -9999 -9999 -9999 -9999 -9999 -9999 -9999 -9999 -9999 -9999 -9999 -9999 -9999 -9999 -9999 -9999 -9999
13.1937497050967 12.6414997174405 11.0309997534379 11.3616664127136 11.2791664145576 10.9299997556955 11.1449997508898 11.0599997527897 12.1549997283146 12.0499997306615 11.9049997339025 9.64166645115862 10.6649997616187 10.5199997648597 9.43999978899956 8.52999980933964 9.41499978955835 10.504999765195 10.4299997668713 10.3249997692183 10.6399997621775 10.7849997589365 10.9149997560307 11.0499997530133 11.0999997518957 11.3999997451901 11.4199997447431 11.5899997409433 11.8499997351319 11.7349997377023 11.7449997374788 12.4199997223914 12.6749997166917 13.0799997076392 12.5344441642778 12.6055552737994 16.5892679218839 -9999 -9999 -9999 -9999 -9999 -9999 -9999 -9999 -9999 -9999 -9999 -9999 -9999 -9999 -9999 -9999 -9999 -9999 -9999 -9999 -9999 -9999 -9999 -9999 -9999
11.3404997465201 11.3329997466877 10.6899997610599 11.3541664128813 11.1866664166252 11.1141664182457 10.6137497627642 10.3249997692183 12.0049997316673 12.0349997309968 11.9449997330084 10.9599997550249 10.8149997582659 10.7799997590482 10.5249997647479 8.8399998024106 8.57499980833381 9.07999979704618 10.6649997616187 9.614999785088 9.614999785088 10.4399997666478 10.77499975916 11.0799997523427 11.4499997440726 11.8399997353554 11.7599997371435 12.0449997307733 12.1649997280911 12.7049997160211 12.0881247298094 12.1956247274065 -9999 -9999 -9999 13.6052278061397 -9999 -9999 -9999 -9999 -9999 -9999 -9999 -9999 -9999 -9999 -9999 -9999 -9999 -9999 -9999 -9999 -9999 -9999 -9999 -9999 -9999 -9999 -9999 -9999 -9999 -9999
8.33999981358647 12.0779997300357 14.5699996743351 13.3349997019395 11.0574997528456 11.0499997530133 10.9712497547735 10.928333089066 10.4833330990126 10.1549997730181 11.189999749884 11.3299997467548 10.8599997572601 10.5599997639656 10.4749997658655 10.4699997659773 10.4449997665361 10.5449997643009 10.6699997615069 10.7399997599423 10.4499997664243 10.5849997634068 10.5299997646362 11.7599997371435 11.8899997342378 12.0349997309968 12.0299997311085 12.0449997307733 12.619999717921 12.9249997111037 13.0399997085333 13.0528568511031 13.9029996892437 14.211110793468 -9999 -9999 -9999 -9999 -9999 -9999 -9999 -9999 -9999 -9999 -9999 -9999 -9999 -9999 -9999 -9999 -9999 -9999 -9999 -9999 -9999 -9999 -9999 -9999 -9999 -9999 -9999 -9999
12.8099997136742 12.7449997151271 12.5079997204244 12.5049997204915 12.5764282903235 15.4213789656501 9.87999977916479 11.8299997355789 11.8249997356907 8.04499982018024 7.79499982576817 10.5449997643009 7.39499983470887 7.39499983470887 10.5149997649714 10.4899997655302 10.5349997645244 10.6149997627363 10.1049997741356 10.6399997621775 11.1999997496605 11.1799997501075 10.77499975916 11.789999736473 12.2699997257441 12.4999997206032 12.4449997218326 12.8699997123331 13.1399997062981 13.2399997040629 13.2899997029454 13.6699996944517 13.6699996944517 12.8261108244252 14.1467853980804 4.99999988824129 -9999 -9999 -9999 -9999 -9999 -9999 -9999 -9999 -9999 -9999 -9999 -9999 -9999 -9999 -9999 -9999 -9999 -9999 -9999 -9999 -9999 -9999 -9999 -9999 -9999 -9999
-9999 -9999 -9999 -9999 7.15999983996153 10.6189997626469 11.5999997407198 11.644999739714 11.7149997381493 10.5399997644126 10.5499997641891 10.4799997657537 10.5949997631833 10.6249997625127 10.6699997615069 10.6499997619539 10.7199997603893 10.8349997578189 10.8899997565895 10.9749997546896 11.0199997536838 11.9899997320026 12.0949997296557 12.3799997232854 12.6599997170269 12.7299997154623 12.8299997132272 -9999 -9999 -9999 -9999 -9999 -9999 -9999 -9999 -9999 -9999 -9999 -9999 -9999 -9999 -9999 -9999 -9999 -9999 -9999 -9999 -9999 -9999 -9999 -9999 -9999 -9999 -9999 -9999 -9999 -9999 -9999 -9999 -9999 -9999 -9999
-9999 -9999 -9999 -9999 -9999 11.0509997529909 10.5099997650832 11.064999752678 10.6349997622892 10.6199997626245 10.6799997612834 10.7349997600541 10.7699997592717 10.6799997612834 10.0799997746944 8.96499979961663 11.0399997532368 11.1099997516721 11.0899997521192 11.0699997525662 11.4199997447431 12.4099997226149 12.4099997226149 11.9262497334275 16.0667853551651 -9999 -9999 -9999 -9999 -9999 -9999 -9999 -9999 -9999 -9999 -9999 -9999 -9999 -9999 -9999 -9999 -9999 -9999 -9999 -9999 -9999 -9999 -9999 -9999 -9999 -9999 -9999 -9999 -9999 -9999 -9999 -9999 -9999 -9999 -9999 -9999 -9999
