EcologicalScience/Bass/data/rs_data_bass/sst_310.asc
NCOLS 226 
NROWS 124 
XLLCORNER -9.41648524995501 
YLLCORNER 47.587301625531 
CELLSIZE 0.0833 
NODATA_value -9999 
[rows 81 to 107 of 124, columns 62 to 123 of 226]
14.9728995477781 -9999 -9999 -9999 -9999 -9999 -9999 -9999 -9999 -9999 -9999 -9999 -9999 -9999 -9999 -9999 -9999 -9999 -9999 -9999 -9999 -9999 -9999 -9999 -9999 -9999 -9999 -9999 -9999 -9999 -9999 -9999 -9999 -9999 -9999 -9999 -9999 -9999 -9999 -9999 -9999 -9999 -9999 -9999 -9999 -9999 -9999 -9999 -9999 -9999 -9999 -9999 -9999 -9999 -9999 -9999 -9999 -9999 -9999 -9999 -9999 -9999
14.9148762910786 -9999 -9999 -9999 -9999 -9999 -9999 -9999 -9999 -9999 -9999 -9999 -9999 -9999 -9999 -9999 -9999 -9999 -9999 -9999 -9999 -9999 -9999 -9999 -9999 -9999 -9999 -9999 -9999 -9999 -9999 -9999 -9999 -9999 -9999 -9999 -9999 -9999 -9999 -9999 -9999 -9999 -9999 -9999 -9999 -9999 -9999 -9999 -9999 -9999 -9999 -9999 -9999 -9999 -9999 -9999 -9999 -9999 -9999 -9999 -9999 -9999
-9999 -9999 -9999 -9999 -9999 -9999 -9999 -9999 -9999 -9999 -9999 -9999 -9999 -9999 -9999 -9999 -9999 -9999 -9999 -9999 -9999 -9999 -9999 -9999 -9999 -9999 -9999 -9999 -9999 -9999 -9999 -9999 -9999 -9999 -9999 -9999 -9999 -9999 -9999 -9999 -9999 -9999 -9999 -9999 -9999 -9999 -9999 -9999 -9999 -9999 -9999 -9999 -9999 -9999 -9999 -9999 -9999 -9999 -9999 -9999 15.3174598875858 -9999
-9999 -9999 -9999 -9999 -9999 -9999 -9999 -9999 -9999 -9999 -9999 -9999 -9999 -9999 -9999 -9999 -9999 -9999 -9999 -9999 -9999 -9999 -9999 -9999 -9999 -9999 -9999 -9999 -9999 -9999 -9999 -9999 -9999 11.3199997469783 11.209999749437 11.1449997508898 -9999 -9999 -9999 -9999 -9999 -9999 -9999 -9999 -9999 -9999 -9999 -9999 -9999 -9999 -9999 -9999 -9999 -9999 -9999 -9999 17.2699996139854 13.9919068063232 16.098542455036 17.1026998530142 16.9838862093166 17.0584734464064
-9999 -9999 -9999 -9999 -9999 -9999 -9999 -9999 -9999 -9999 -9999 -9999 -9999 -9999 -9999 -9999 -9999 -9999 -9999 -9999 -9999 -9999 -9999 -9999 -9999 -9999 -9999 -9999 -9999 -9999 -9999 -9999 -9999 16.9227367538076 16.8798943883739 16.7812814547215 16.523453457281 16.4990691682324 16.4875942086801 16.4940488734283 17.5182379124453 -9999 16.0802331445739 16.2984964377247 16.2353841601871 16.4072694918141 16.882404535776 16.5700704804622 15.901415024884 16.1622312930413 16.1971342950128 15.7521210198756 14.9380013270397 -9999 16.3230719760992 16.8648335039616 16.7386089488864 16.7931150067598 16.8504898045212 16.8741569085978 17.0316985407844 16.9224473633803
-9999 -9999 -9999 -9999 -9999 -9999 -9999 -9999 -9999 -9999 -9999 -9999 14.2739395115196 14.4205567831747 16.4965590208303 16.5829798099585 16.245185688138 16.4675130294636 16.284989454085 -9999 -9999 -9999 -9999 -9999 -9999 11.894999734126 10.4390122675765 16.1397594972514 16.0271614566445 16.1741843759082 16.1304360926151 16.126850167755 15.9396648900583 15.7302468782291 13.8849996896461 12.8289218468632 14.8985731052235 16.4730114475824 16.324793220032 16.4646442895755 16.3694977499545 16.6353343129158 16.3410494127311 16.2413607016206 16.206457699649 16.9164708219469 16.9308145213872 16.9049958623946 17.0046845735051 17.0168767180294 17.0247657527216 16.2757855802774 16.6231421683915 16.9731284347363 16.9250770416111 16.8318429952487 16.8512069894932 16.9021271225065 16.3061464107595 15.7323984331451 16.8476210646331 16.7295246059075
-9999 -9999 -9999 -9999 -9999 -9999 -9999 -9999 -9999 15.4473957746623 14.5577390971011 16.0927838815842 16.0529801156372 16.2975401910953 16.2710043471307 16.2674184222706 16.2394482083619 16.2652668673545 16.1598406764679 16.5582369284239 16.1541031966917 13.5807957047597 16.2272560638376 16.2000030349009 16.5517822636757 16.4751630024984 -9999 16.1705984510481 16.2688527922146 16.3341166246682 16.3133182604797 16.2322763586417 16.0694753699936 16.1612750464119 16.8002868564799 16.1199996396899 13.870746193514 16.2939542662352 16.2896511564031 16.1383251273073 16.3792992779054 17.0749687007628 16.3914914224297 16.6262499699369 17.041261007078 17.1015045447275 17.239204059355 17.1782433367334 17.2277290998027 17.1933042211458 17.1689199320972 17.160313712433 17.1122623193078 17.0835749204271 16.9824518393725 16.8892177930102 16.8928037178703 16.8928037178703 16.4732505092397 16.9150364520028 16.8583788392134 16.7859431570396
-9999 -9999 -9999 -9999 -9999 -9999 -9999 -9999 13.8673313548686 16.0400707861409 16.3312478847802 16.3699758732691 16.3699758732691 16.2502059829421 16.2918027113192 16.244468503166 16.243034133222 16.2781761968508 16.3305306998082 16.3491775090806 16.3520462489687 16.2939542662352 16.2602465725504 16.2164982892573 16.1899624452926 16.5417416740675 16.3807336478494 16.2215185840614 16.2265388788655 16.3606524686329 16.3843195727095 16.4467146652751 16.445280295331 16.6295968331397 16.5213019023649 16.3929257923737 16.4223303762265 16.4531693300232 16.2659840523265 16.1892452603206 16.2078920695931 16.6009094342589 17.160313712433 16.5155644225888 16.5431760440115 17.1287575736642 17.1352122384124 17.2499618339352 17.1746574118733 17.0950498799793 17.1043732846156 17.0089876833372 17.0685140360147 17.1093935794197 16.8060243362561 16.8590960241854 16.9673909549601 16.9759971746244 16.9078646022826 16.8354289201088 17.0699484059587 17.0020548952743
-9999 -9999 -9999 -9999 -9999 -9999 -9999 -9999 15.5997192133218 16.1727500059642 16.6087984689511 16.525605012197 16.4897457635961 16.5080339803826 16.6338999429718 16.6747794863768 16.3599352836609 16.4560380699113 16.4244819311425 16.4395428155549 16.2667012372985 16.1978514799848 16.2896511564031 16.3312478847802 16.3219244801439 16.7249824344181 16.4323709658347 16.2989745610394 16.3326822547242 16.3792992779054 16.4574724398553 16.3269447749481 16.3111667055637 16.3950773472898 16.4990691682324 16.5693532954901 16.5485549313016 16.7586901281029 16.9071474173106 16.8705709837377 16.2638324974105 16.1447797920555 16.8093711994588 17.2076479205862 17.081423365511 17.0548875215463 16.8899349779822 16.9308145213872 16.8454695097171 16.9501785156317 16.8347117351368 16.9408551109955 16.9738456197083 16.5550095960498 16.7170933997259 16.9867549492046 16.9473097757436 16.9530472555198 16.8992583826184 16.7809228622355 17.0159204714 16.2251045089215
12.3973100918114 9.40499978978187 -9999 -9999 -9999 -9999 -9999 -9999 15.0696279634722 16.3068635957316 16.4194616363384 16.3900570524856 16.4646442895755 16.085253439378 16.4592654022854 16.4624927346595 16.2423169482499 16.3706930582412 16.4632099196315 16.5062410179526 16.3979460871778 16.3886226825416 16.402966381982 16.3692586882971 16.4266334860586 16.4782708040439 16.4115726016462 16.3355509946123 16.3004089309834 16.3305306998082 16.4122897866182 16.4667958444916 16.4617755496874 16.3305306998082 16.3032776708715 17.7397991698235 16.5521408561617 16.6374858678319 17.5813012910075 17.5224921233021 17.3776207589544 17.5734122563154 16.3305306998082 16.6123843938112 16.6525467522442 16.7125512282364 16.9128848970868 16.9150364520028 16.9171880069189 16.9372691861354 17.1101107643917 16.8942380878143 16.9100161571987 16.7321542841382 16.6102328388952 16.5872829197906 16.9315317063592 16.9049958623946 16.9688253249042 16.9595019202679 17.0716218375601 17.3317209207453
15.5846583289094 15.4197057853453 15.619561330881 15.6838689167053 14.5160142999791 -9999 16.1899624452926 15.9712210288271 16.1558961591218 16.1347392024472 16.5166402000468 16.3290963298641 16.4352397057228 16.4094210467301 16.4295022259466 16.0099490173161 16.1419110521674 16.1333048325032 16.1426282371394 16.2652668673545 16.3936429773457 16.4381084456109 16.3721274281852 16.3807336478494 16.285348046571 16.2502059829421 16.2889339714311 16.2710043471307 16.1347392024472 16.167012526188 16.1971342950128 16.1512344568036 16.124698612839 16.1146580232307 16.0092318323441 16.0515457456931 16.2100436245091 16.5758079602383 17.2370525044389 17.1416669031605 17.1638996372931 17.1739402269013 17.1316263135523 16.3004089309834 16.1225470579229 17.1552934176289 16.96021910524 16.3312478847802 16.8189336657524 16.4786293965299 16.5202261249069 16.7880947119556 16.3947187548038 16.443845925387 16.7967009316199 16.6955778505653 16.8002868564799 16.8375804750249 17.1115451343358 16.9946439838968 16.7945493767038 17.2222306816839
14.4629810326733 14.7147129578516 14.6781365242787 14.8416546978988 15.7080141440965 15.6346222152933 16.0250099017285 15.8000528821722 16.2204428066034 16.245185688138 16.1677297111601 16.4122897866182 16.2301248037256 16.2946714512073 16.1863765204325 16.2867824165151 16.1849421504885 16.0587175954133 16.0321817514487 16.0802331445739 16.1189611330628 16.1462141619995 16.204306144733 16.2530747228302 16.2961058211513 16.2982573760673 16.3448743992485 16.4000976420939 16.2824793066829 16.3276619599201 16.2616809424944 16.3283791448921 16.2351450985298 16.2961058211513 16.2279732488096 16.0673238150775 16.0407879711129 16.0694753699936 16.0357676763088 17.1330606834963 17.1746574118733 17.1631824523211 17.042695377022 17.0584734464064 17.0921811400913 17.2686086432077 17.1423840881325 16.6299554256257 16.5672017405741 17.0257219993509 16.5858485498466 17.0276344926096 16.6948606655933 16.6303140181117 17.0104220532812 16.5306253070012 17.0046845735051 17.1775261517614 16.6977294054814 16.324793220032 17.8947111237794 16.5485549313016
14.8280281834304 14.8868373511359 15.1930753341876 14.7111270329915 15.9116946761496 15.8966337917373 15.9970396878198 15.804834115319 15.9203008958139 16.0501113757491 16.045091080945 16.364596985979 16.5779595151544 16.205023329705 16.2150639193133 16.3190557402559 16.2200842141174 16.0178380520083 16.0802331445739 16.0967283989303 16.0952940289862 16.166295341216 16.1720328209922 16.2344279135577 16.3133182604797 16.3391369194724 16.3900570524856 16.405117936898 16.2925198962912 16.2251045089215 16.3663899484091 16.3377025495283 16.2810449367389 16.4316537808627 16.2258216938935 16.1562547516078 16.1368907573633 16.084536254406 17.2585680535994 17.0677968510427 17.2772148628719 17.4249549671076 17.3123569265008 17.2313150246628 17.2872554524802 17.0713827759027 17.2305978396907 17.1344950534403 17.199758885894 17.1710714870133 17.199041700922 17.1151310591958 16.3549149888568 16.443845925387 16.4696645843796 16.5177159775048 16.5600298908539 17.0254829376936 16.9664347083308 16.722830879502 16.6554154921323 16.840449214913
14.8352000331506 14.8165532238781 14.8050782643259 14.931302819401 14.5225073853508 14.1201666160487 15.4340494847856 15.7553483522497 15.805909892777 15.9913022080436 15.8815729073249 15.9948881329037 16.0415051560849 16.1598406764679 16.1454969770275 16.1483657169156 16.1347392024472 16.126850167755 16.0931424740702 16.083819069434 16.047242635861 16.047242635861 16.0931424740702 16.1863765204325 16.3140354454517 16.403683566954 16.4302194109187 16.3850367576815 16.2519989453722 16.3950773472898 16.4094210467301 16.4474318502471 16.364955578465 16.283196491655 16.3814508328214 16.245185688138 16.2301248037256 16.1598406764679 16.2753074569628 16.244468503166 17.4299752619117 17.4450361463241 17.3647114294581 17.3360240305774 17.4952390943654 17.1251716488041 17.3546708398499 17.2298806547187 17.2274900381453 16.6721498081461 17.0981576815248 16.8335164268501 16.4958418358583 16.4395428155549 16.4710989543237 16.2200842141174 17.5375530077145 18.1335337194614 16.9752799896523 16.8648335039616 17.4228034121916 17.0541703365743
14.9169591199607 14.8624530620873 14.8703420967795 14.8337656632066 14.8882717210799 15.0768913687207 14.7068239231594 15.4763633981347 15.8973509767093 15.925321190618 16.1462141619995 15.9697866588831 16.1275673527271 16.1526688267477 16.3147526304238 16.2652668673545 16.0321817514487 16.1419110521674 16.0809503295459 15.9454023698345 16.1684468961321 16.167012526188 16.2021545898169 16.1297189076431 16.4467146652751 16.5836969949305 16.565050185658 16.5277565671131 16.5937375845388 16.5205847173929 16.3197729252279 16.4137241565622 16.3828852027655 16.3699758732691 16.4273506710306 16.4409771854989 16.5098269428127 16.405117936898 17.2109947837889 17.2071697972715 17.2337056412362 17.1837417548522 17.358973949682 17.371644217521 17.240638429299 17.2910804389976 17.4098940826952 17.400570678059 16.6927091106772 16.9375082477927 16.6807560278103 16.4510177751072 16.6636631193105 16.3821680177934 16.2631153124385 16.4495834051631 18.038148118183 18.0051576094702 18.2238990259357 17.9700155458413 17.1796777066775 17.4923703544773
14.9004638656043 15.0446180449799 14.9908291720785 15.090517883189 14.4665669575334 14.0742667778395 15.6732306729537 15.6599627509713 15.8665120229125 15.5936231410597 16.0095904248301 16.0034943525679 16.1440626070835 16.0092318323441 16.0917081041262 16.1698812660761 16.0637378902175 16.1196783180349 16.1548203816637 16.0967283989303 16.165578156244 16.203588959761 16.3104495205916 16.4617755496874 16.5291909370571 16.5320596769452 16.4589068097994 16.4603411797434 16.364955578465 16.2078920695931 16.2631153124385 16.3900570524856 16.4710989543237 16.4746848791838 16.5428174515255 16.6568498620763 16.7551042032428 16.762276052963 17.0097048683092 17.3398490170948 17.4161096857861 17.2456587241031 17.4890234912746 17.3412833870389 17.3178553446196 17.5251218015328 16.2014374048449 16.764069015393 16.7715994575992 17.1648558839224 16.9038005541079 16.9300973364152 17.0928983250633 16.1727500059642 16.5349284168333 16.9157536369748 17.1352122384124 17.5382701926865 17.4636829555966 17.0649281111546 17.0161595330574 16.6252937233075
15.0130619062111 14.850978102535 14.9442121488973 14.9578386633657 15.0051728715189 14.5411541946232 14.3381908475421 14.8359172181226 14.5899227727205 15.7998138205148 15.9102603062056 15.6922360747121 15.8944822368212 15.9748069536872 16.047242635861 15.9446851848625 16.1146580232307 16.1498000868596 16.1928311851807 16.4388256305829 16.2824793066829 16.1203955030069 16.1806390406564 16.484725468792 16.4969176133163 16.5076753878966 16.5829798099585 16.6898403707892 16.681234151125 16.4908215410542 17.2427899842151 16.2315591736697 16.5083925728686 16.6102328388952 16.683385706041 16.721396509558 16.7551042032428 16.4926145034842 17.4591407841071 17.5036062523723 17.4617704623379 17.4361908650026 17.4287799536251 17.3314818590879 17.5019328207709 17.4684641887434 17.0972014348954 16.5980406943709 16.722830879502 16.9960783538409 16.7500839084387 16.8314844027627 16.8590960241854 16.7852259720676 16.801004041452 16.9157536369748 17.9633295311022 18.3049995908514 -9999 -9999 -9999 -9999
14.8803826863877 14.8395031429827 14.9011810505763 14.9936979119666 15.0037385015748 15.0797601086088 14.6602068999782 14.4221014892682 14.769936200697 16.1935483701527 15.4777977680787 15.6951048146002 15.9769585086033 16.0300301965326 15.9927365779877 16.1067689885385 15.9705038438551 16.0156864970922 16.2000030349009 16.3975874946918 16.5065996104386 16.4176686739083 16.2139881418552 16.362804023549 16.4216131912544 16.6704763765447 16.6625873418525 16.6231421683915 16.7092043650337 17.1234982172027 17.1739402269013 16.5492721162736 16.7206793245859 16.6073640990071 16.6317483880557 16.522736272309 16.5700704804622 17.5004984508269 17.4677470037714 17.520340568386 17.571738824714 17.6398713970557 17.6083152582869 17.7782880966552 17.400570678059 17.5863215858117 17.506953115575 17.0448469319381 16.9021271225065 16.8988997901324 17.5067140539177 17.5031281290576 17.0778374406509 16.9662434590049 15.0693274578825 -9999 -9999 -9999 -9999 -9999 -9999 -9999
14.7613299810328 14.5110324257985 14.5476088593714 14.9951322819106 15.1880550393835 15.4275948200375 15.2619250915013 14.653035050258 14.6831568190828 16.1354563874193 14.9542527385056 15.9898678380996 16.0766472197138 15.9497054796666 15.9439679998904 16.0278786416166 16.0952940289862 16.1705984510481 16.3075807807036 16.1763359308243 16.3111667055637 16.3118838905357 16.4158757114783 16.3488189165946 16.5449690064415 16.4761192491278 16.681234151125 16.6059297290631 16.6138187637553 15.6549996500835 13.2599997036159 10.8481638637105 14.6265602433123 14.5399996750057 -9999 16.4749996317551 17.8330332161859 17.7510350677185 16.7350230240263 16.7472151685506 16.5851313648745 17.5514185838401 17.5363576994278 17.6785993855447 17.8330332161859 17.6248105126433 17.6991586880758 17.6200292794965 17.5820184759796 17.3353068456054 17.0061189434491 17.4364299266599 17.0846506978851 -9999 -9999 -9999 -9999 -9999 -9999 -9999 -9999 -9999
14.1624805293977 14.2765129399486 15.087649143301 15.1471754959784 15.0417493050918 15.3408154384233 15.7209234735928 15.0352946403436 14.7498550214805 16.4868770237081 16.7884533044416 16.6116672088392 16.4761192491278 16.6797997811809 16.124698612839 16.644657717552 16.3068635957316 16.204306144733 16.3420056593604 16.445280295331 16.2168568817433 16.3767891305033 16.4327295583207 16.2139881418552 16.3979460871778 16.5494514125166 16.6317483880557 16.6288796481676 16.7796677885344 -9999 -9999 -9999 -9999 -9999 16.3799996338785 17.826416606444 17.8545487653464 17.2917378585553 17.7763756033964 16.5707876654342 16.6188390585594 17.5867997091264 14.8552812123671 17.4294373731827 17.9346344205551 17.6270218329737 17.1022217296995 18.7352519109845 18.3501235810108 17.3431958802976 16.883480313234 17.1949178873328 17.5570514741412 -9999 -9999 -9999 -9999 -9999 -9999 -9999 -9999 -9999
14.8653218019754 14.8201391487382 14.6975005185232 14.8226492961403 15.2827234556898 15.0560930045322 16.1548203816637 16.325510405004 16.3850367576815 16.7967009316199 16.8332773651928 16.7751853824593 16.7300027292222 16.8899349779822 16.722472287016 16.7350230240263 16.1297189076431 16.524887827225 16.443487332901 16.0798745520879 15.6770317533053 16.1304360926151 16.6231421683915 16.3316064772662 16.6769310412928 16.7889911931707 16.6482436424121 16.6252937233075 16.6102328388952 15.8449996458367 -9999 -9999 -9999 -9999 -9999 18.4799995869398 17.229402531404 17.2506790189072 17.4133007113123 17.6860102969222 17.3112811490428 17.6460870001465 17.3867648673477 17.4896809108322 17.7250968778972 17.4459326275392 17.0201040504035 17.5755638112314 18.4698934713379 16.1749015608802 16.4997863532044 17.5148421502672 15.5278572791256 14.2085227873176 8.83979748596903 21.4349712394893 -9999 -9999 -9999 -9999 -9999 -9999
14.2248756219633 14.3855250556953 14.4350108187646 14.2851191596128 15.1651051202789 13.8196661127731 14.214835032355 16.2796105667949 16.5148472376168 15.2289345827885 17.1811120766215 17.3808480913285 16.8451109172311 16.8720053536817 16.8949552727863 16.7099215500057 16.3814508328214 16.4133655640762 16.6615115643945 16.6496780123562 16.4528107375372 16.4811395439319 16.5940961770248 16.523812049767 16.7970595241059 16.9941060951678 16.7687307177112 16.8849146831781 16.6814732127823 16.5048066480085 16.2053652992385 24.7149994475767 -9999 -9999 -9999 -9999 16.4701427076943 16.5624205074273 17.3210109584965 17.3062608542386 17.0777179098222 17.320963146165 17.359691134654 17.3217998619657 17.175231159851 17.0312204174697 17.9186172895133 17.8612424917519 18.1244493764825 18.5602587778121 18.5351573037915 18.4397717025131 17.0637806151994 9.86999977938831 -9999 -9999 -9999 -9999 -9999 -9999 -9999 -9999
14.5217902003787 14.4730216222815 14.6659443797544 14.8567155823112 15.0037385015748 15.3386638835073 14.692480223719 15.1034272126853 16.3118838905357 15.2153080683202 17.5049210914876 15.8751182425767 17.1244544638321 17.2151783627924 17.0552461140323 16.5180745699909 16.4251991161145 16.6597186019644 16.5159230150748 16.6654560817406 16.1684468961321 16.0113833872601 16.7267753968481 17.162465267349 17.161389489891 17.0936155100353 17.0376750822179 16.9896236890927 16.5765251452103 16.6625873418525 16.0176673013234 -9999 -9999 -9999 -9999 -9999 -9999 -9999 -9999 -9999 -9999 -9999 -9999 -9999 -9999 -9999 16.696773158852 17.9315266190097 18.2203131010756 16.5514236711897 20.6085829671795 21.2299995254725 -9999 -9999 -9999 -9999 -9999 -9999 -9999 -9999 -9999 -9999
14.291573824361 14.4558091829531 14.649449125398 14.9026154205203 14.9477980737574 15.3257545540109 15.4591509588063 16.0666066301055 16.4560380699113 15.3852809066884 15.5753349242732 15.8650776529685 17.3302865508012 17.3227561085951 17.2341837645508 17.1803948916495 16.9853205792606 16.4101382317021 16.9250770416111 16.7708822726272 16.8648335039616 16.5851313648745 16.6231421683915 16.8327394764638 11.0364952267015 15.5549996523187 16.760841683019 17.149077814538 17.4689423120581 16.6568498620763 16.7335886540823 15.455873694638 20.1270471471362 -9999 -9999 -9999 -9999 -9999 -9999 -9999 -9999 -9999 -9999 -9999 -9999 -9999 -9999 -9999 -9999 -9999 -9999 -9999 -9999 -9999 -9999 -9999 -9999 -9999 -9999 -9999 -9999 -9999
14.2822504197247 14.5382854547352 14.5088808708824 14.7075411081314 15.249015762005 15.4110995656811 15.6183660225943 15.7453077626415 15.6434674966149 16.5048066480085 16.4072694918141 16.4553208849393 16.3972289022058 16.0350504913367 17.0670796660706 16.7755439749453 16.4933316884562 16.9652394000441 17.1947385910898 16.8526413594373 16.8210852206685 16.5758079602383 16.6471678649541 16.7757232711883 16.8305879215477 16.634330253955 17.279725010274 17.280442195246 17.2698637169087 16.7178105846979 16.4323709658347 16.1548203816637 -9999 -9999 -9999 -9999 -9999 -9999 -9999 -9999 -9999 -9999 -9999 -9999 -9999 -9999 -9999 -9999 -9999 -9999 -9999 -9999 -9999 -9999 -9999 -9999 -9999 -9999 -9999 -9999 -9999 -9999
14.2313302867115 14.4321420788765 14.4479201482609 14.5088808708824 15.2791375308298 15.4663228085265 15.6972563695163 15.8951994217932 16.3448743992485 16.5126956827007 16.5715048504062 16.6726279314607 16.5076753878966 16.6152531336993 17.079988995567 16.7192449546419 16.9878307266627 17.0875194377732 17.039826637134 16.8777428334579 16.8296914403327 16.9171880069189 16.7486495384946 17.0663624810986 17.6146503922064 17.4636829555966 17.3690145392902 17.557992779417 16.522736272309 16.5550095960498 16.2932370812632 16.4015320120379 18.7122028067242 -9999 -9999 -9999 -9999 -9999 -9999 -9999 -9999 -9999 -9999 -9999 -9999 -9999 -9999 -9999 -9999 -9999 -9999 -9999 -9999 -9999 -9999 -9999 -9999 -9999 -9999 -9999 -9999 -9999
14.612155506853 14.5339823449031 14.6458632005379 14.7276222873479 15.0166478310712 15.3616138026118 15.5143742016517 16.1053346185945 16.3900570524856 16.4954832433723 16.5098269428127 16.7343058390543 16.5342112318613 17.3575395797379 17.039826637134 16.9329660763033 17.1452528280206 17.2951444871724 16.8594546166714 16.9691839173902 16.8748740935698 16.8784600184299 17.6175191320945 16.9451582208276 17.4235205971636 17.2639469408896 17.2736289380118 17.3826410537586 16.841166399885 16.803155596368 16.5686361105181 15.8665120229125 14.0897404282871 -9999 -9999 -9999 -9999 -9999 -9999 -9999 -9999 -9999 -9999 -9999 -9999 -9999 -9999 -9999 -9999 -9999 -9999 -9999 -9999 -9999 -9999 -9999 -9999 -9999 -9999 -9999 -9999 -9999
