EcologicalScience/Bass/data/rs_data_bass/sst_178.asc
NCOLS 226 
NROWS 124 
XLLCORNER -9.41648524995501 
YLLCORNER 47.587301625531 
CELLSIZE 0.0833 
NODATA_value -9999 
[rows 54 to 80 of 124, columns 124 to 185 of 226]
10.8928342419676 10.8792077274993 10.6482741665095 11.0836054445244 11.0836054445244 11.1208990630694 11.1180303231813 11.1811426007189 11.1919003752992 11.1754051209427 11.2291939938441 11.2435376932845 11.1725363810547 11.1768394908868 11.3202764852904 11.2177190342918 11.1997894099914 11.8746604686603 12.3035370819271 12.3974883132614 11.2098299995996 11.1990722250193 11.1632129764184 11.304498415906 11.1280709127896 11.0513321207836 11.1997894099914 11.2098299995996 12.2350459170993 12.3168050039094 11.267204797361 11.7233344395645 11.1797082307748 11.1488692769781 11.9757835497148 12.7352824350819 10.9946745079942 12.4849848798476 12.299951157067 11.8201544107869 11.7875224945601 10.8447828488424 10.8906826870516 11.1323740226217 11.5738013728987 11.4959868034348 11.2793969418854 11.224890884012 11.2747352395672 10.8455000338145 10.4897762876935 10.2084007170051 7.21216127835214 7.44090344081633 9.313592933584 8.90414551319554 9.03310841089115 9.10945601109415 8.83142396008882 17.7543451522047 14.1780360241356 11.2785819589626
10.4876247327775 10.5736869294196 10.905026386492 10.9401684501208 10.9301278605126 10.9114810512401 10.9774620686658 11.0929288491607 11.1230506179854 11.1108584734611 11.067110190168 11.0534836756997 11.1302224677056 11.3812372079119 11.2155674793757 11.1746879359707 11.1897488203831 12.0550324891228 11.9972990988754 11.8301950003952 11.8760948386043 12.1292611337267 11.6967985955998 12.0690175960772 11.2865687916055 11.1144443983212 11.0312509415671 11.1273537278175 11.2148502944037 11.2141331094317 11.3303170748986 11.6932126707397 11.4077730518766 11.3683278784156 12.1274681712966 12.0102084283717 11.5978270694613 11.6078676590696 11.8972517952789 11.9603640728164 12.0428403445985 10.8928342419676 11.1897488203831 11.6476714250166 10.34992521815 11.4310815634672 11.2711493147071 10.9416028200649 9.46219365978613 12.4839743010234 10.5857894258224 6.18021179083735 11.4591542323719 7.33655302738771 9.11780143622309 8.87467573070899 17.0755065894919 18.3771057229461 -9999 -9999 -9999 -9999
10.3276924840175 9.95403911359608 10.8763389876112 10.8397625540383 10.8935514269397 10.8397625540383 10.8053376753815 10.9573808894493 10.8218329297379 10.9724417738616 10.8770561725833 10.8820764673874 11.2585985776968 11.3331858147867 11.4773399941623 11.862468324136 11.1997894099914 11.2550126528367 11.5526444162242 11.2750938320532 11.8438215148635 11.863185509108 12.0518051567487 11.8961760178208 11.4988555433229 11.6817377111875 11.3905606125481 11.346812329255 11.5196539075114 11.5562303410843 11.2485579880886 11.2234565140679 11.1739707509987 11.8101138211787 12.2081514806487 12.1651203823276 11.9600054803304 11.9359797837678 12.0202490179799 11.9377727461979 12.2447279142216 12.1217306915205 10.7823877562769 10.5636463398114 10.110385437496 10.0236060558818 11.305215600878 12.4419537815265 9.3849528382998 9.61265906691551 10.7442873046384 7.67841119738296 9.05294742375346 7.95208898270503 10.0949211365369 -9999 -9999 -9999 -9999 -9999 -9999 -9999
10.4216437153518 10.1677602352574 10.4661091836169 10.6066774381325 10.7113864440471 10.7917111609131 10.8153782649897 10.9100466812961 10.8763389876112 10.825418854598 10.8297219644301 10.8727530627511 11.1775566758588 11.0190587970428 11.1517380168661 11.1632129764184 11.623645728454 11.6566362371668 11.6128879538737 11.8187200408429 11.4120761617087 11.5096133179031 11.5203710924834 11.6444440926425 11.5196539075114 11.5139164277352 11.4335917108692 11.3776512830518 11.5418866416439 11.5261085722595 11.5784630752169 11.1424146122299 10.988219843246 11.144566167146 12.0847956654616 12.2038483708166 12.2128131829668 12.2192678477149 11.8900799455587 12.1443220181391 11.78214360727 12.1651203823276 12.0747550758533 9.89020965108648 9.81347085908055 11.310156208463 10.9948538042372 12.0703922006069 11.1751443264075 7.86272773519158 7.97652108408511 7.75242468649521 7.93074077670462 13.1779449372552 17.6699996050447 -9999 -9999 -9999 -9999 -9999 -9999 -9999
9.94615007890388 10.2251350330189 10.2810754608363 10.4402905246243 10.4531998541206 10.5744041143917 10.8082064152695 10.8426312939264 10.7522659874521 10.8039033054374 10.8698843228631 11.2837000517175 10.9996948027983 11.0699789300561 11.0018463577144 11.1388286873698 11.3374889246188 11.3482466991991 11.3812372079119 11.5296944971196 11.5375835318118 11.5720084104687 11.6831720811315 11.5669881156646 11.5562303410843 11.5203710924834 11.6286660232581 11.7104251100682 11.5096133179031 11.3518326240592 11.4529557051137 11.1180303231813 12.2852488651406 12.3895992785692 12.2163991078269 12.1299783186987 12.0955534400418 12.1296197262127 12.0388958272524 12.0575426365249 11.9951475439593 11.263618872501 11.6752830464393 11.4802087340504 11.2790383493993 12.0342938903486 11.4569514499578 8.3136577863479 8.39296649117023 8.54763938346878 8.3891415046528 7.54788353247568 8.52626727130264 18.8379832250066 15.2549996590242 -9999 -9999 -9999 -9999 -9999 -9999 -9999
12.2279457858764 10.6831771684811 11.5521662929095 10.6056016606744 10.4151890506037 10.5672322646715 10.6045258832164 10.470412293449 10.5528885652311 10.6877193399705 10.8318735193461 11.2162846643478 11.1416974272579 11.1259193578735 11.105120993685 11.1675160862505 11.3417920344509 11.3783684680238 11.3970152772963 11.6659596418031 11.8524277345277 11.5956755145453 11.5218054624274 11.546189751476 11.4436323004775 12.2382732494734 12.2762840529904 12.222495180089 11.3532669940032 11.3166905604303 11.9743491797708 11.8115481911227 12.1773125268519 11.9800866595469 11.9207993685268 12.0001678387634 12.0883815903217 12.3300729258917 11.608823905699 12.2544099113438 11.8897213530727 11.8524277345277 11.7150868123863 11.6075090665836 11.2737391493283 17.8714237058645 11.6297628943918 8.27176223089918 8.35567287262529 7.75945309922099 6.90600298251957 7.19072541641071 7.73554693348706 7.454410424456 17.1149996174499 -9999 23.7447889405303 -9999 -9999 -9999 -9999 -9999
-9999 -9999 -9999 -9999 -9999 11.2112263318215 10.9975432478823 10.1132541773841 10.7207098486833 10.7042145943269 10.9387340801768 10.9659871091135 11.0197759820148 11.06782737514 11.1495864619501 11.3597216587514 11.4615619247779 11.543321011588 11.7527390234172 12.1185033591464 11.8990447577089 11.7964873067103 11.5684224856086 11.4357432657853 11.422833936289 12.700140371453 11.2750938320532 11.2184362192638 11.5131992427632 11.2141331094317 12.3723868392408 11.9571367404424 11.8911557230167 12.301744119497 12.341547885444 12.180539859226 12.3655735820066 12.2949308622628 12.3221838911995 12.4398022266105 11.8603167692199 11.064958635252 10.7149723689072 10.1448103161529 9.96479688817635 15.6589089699065 -9999 15.6336103729297 19.2875712709501 16.2599996365607 7.81413845333736 6.98489332944155 7.01358072832227 7.73757895757444 5.37499987985939 5.37499987985939 -9999 -9999 -9999 -9999 -9999 -9999
-9999 -9999 -9999 -9999 -9999 -9999 -9999 15.3224946223199 10.974832390435 10.7264473284595 11.2220221441239 10.827570409514 10.9200872709043 10.9322794154286 11.0577867855318 11.3152561904863 11.4508041501977 11.6035645492375 11.6372722429223 11.6881923759356 11.6602221620269 11.6408581677824 11.6315347631462 11.5490584913641 11.625080098398 12.5868251458742 12.660695197992 11.1632129764184 11.147434907034 11.1402630573139 12.2569200587459 12.223212365061 12.2920621223748 12.3587603247724 12.220343625173 12.1518524603453 11.9499648907222 12.2239295500331 12.2153233303688 11.8327051477972 10.9638355541974 11.5160679826513 10.5586260450073 10.4811700680293 12.4931428589043 16.8099996242672 -9999 -9999 -9999 -9999 -9999 -9999 -9999 -9999 -9999 -9999 -9999 -9999 -9999 -9999 -9999 -9999
-9999 -9999 -9999 -9999 -9999 -9999 -9999 -9999 15.2699996586889 11.1108584734611 10.7701956117526 10.7666096868925 11.4292886010371 11.4828384122811 11.2026581498794 11.6035645492375 12.063280116301 12.1055940296501 11.821588780731 12.1091799545102 11.7534562083893 11.7276375493966 11.7484359135851 11.7219000696205 11.5863521099091 11.6932126707397 11.7369609540328 11.3934293524362 13.11013111379 12.3171635963954 12.5151066486724 12.5688955215737 12.2977996021509 12.3551743999124 12.3181198430248 12.3175221888814 12.2336115471553 12.0776238157414 12.0475020469166 12.1376880571479 10.6920224498026 10.5514541952871 10.3771782470867 10.1543727824464 13.3030154056019 -9999 -9999 -9999 -9999 -9999 -9999 -9999 -9999 -9999 -9999 -9999 -9999 -9999 -9999 -9999 -9999 -9999
-9999 -9999 -9999 -9999 -9999 -9999 -9999 -9999 -9999 14.5849996739998 10.6819818601944 11.3771731597371 10.7952970857732 11.1632129764184 11.265770427417 11.2729422771372 11.7219000696205 11.8925900929607 11.9198431218974 12.2497482090257 12.0683004111052 11.8466902547516 11.8803979484364 11.8208715957589 11.6602221620269 11.5304116820917 11.7742545725778 11.4034699420445 13.0197658073157 12.538773752749 12.4821161399595 12.3910336485133 12.2884761975147 12.3200323362835 11.9798475978896 12.4200079213828 12.3669362334535 12.0292138301302 11.8119067836087 10.6826990451664 10.4725638483651 9.6399120958522 10.1548509057611 10.2514318153262 11.7869703542498 -9999 -9999 -9999 -9999 -9999 -9999 -9999 -9999 -9999 -9999 -9999 -9999 -9999 -9999 -9999 -9999 -9999
-9999 -9999 -9999 -9999 -9999 -9999 -9999 -9999 -9999 14.4399996772408 11.2191534042358 11.5096133179031 10.7522659874521 10.7737815366127 10.8447828488424 11.4285714160651 11.6982329655439 11.4737540693022 11.6523331273347 12.0302896075882 11.9793694745749 11.8847010582685 11.8976103877649 11.901913497597 11.7075563701801 11.5992614394054 11.5698568555526 11.8423871449195 12.819193076808 12.6929685217328 12.7912228628993 12.7101809610613 12.6305734291673 12.1180252358317 12.1199377290905 12.0786995931994 12.1185033591464 12.301385527011 10.5378276808187 10.468260738533 10.5256355362944 10.2115085185505 9.7037415583618 10.2777285976335 15.3097804369006 -9999 15.2867560107122 23.8899994660169 -9999 -9999 -9999 -9999 -9999 -9999 -9999 -9999 -9999 -9999 -9999 -9999 -9999 -9999
-9999 -9999 -9999 -9999 -9999 -9999 -9999 -9999 -9999 9.05979957237624 11.4852290288545 11.4866633987986 11.7857295321301 10.8691671378911 11.5232398323715 11.8538621044718 11.862468324136 11.8466902547516 11.6824548961595 11.9356211912818 12.3587603247724 12.3852961687371 12.2375560645014 11.9062166074291 11.7721030176617 11.7900326419622 11.7627796130255 11.7233344395645 12.7367168050259 12.4846262873616 11.5067445780151 11.4672994045541 11.9370555612259 12.142529055709 11.8034798601875 11.78214360727 11.6112145222723 11.981521029491 11.3056937241927 11.0326853115112 10.468260738533 10.9652699241415 9.78980375500396 10.0867183334194 15.9949996424839 -9999 -9999 -9999 -9999 -9999 -9999 -9999 -9999 -9999 -9999 -9999 -9999 -9999 -9999 -9999 -9999 -9999
-9999 -9999 -9999 -9999 -9999 -9999 -9999 -9999 -9999 11.4127933466807 11.6552018672228 11.903347867541 11.5999786243774 11.2313455487601 11.2040925198235 11.5727255954407 11.703253260348 11.6006958093494 11.7871639020741 11.8474074397236 12.1299783186987 12.4003570531495 12.2576372437179 11.8251747055911 11.94207585603 11.8904385380447 11.9219946768135 11.8251747055911 12.7532120593823 12.4749442902394 11.505310208071 11.5268257572316 12.2397076194175 12.2748496830463 12.220343625173 11.7708479439607 10.9208044558764 11.6038036108948 8.78000731440261 11.2227393290959 11.3274483350106 10.2064882237464 11.7140110349283 18.0446745014284 -9999 -9999 -9999 -9999 -9999 -9999 -9999 -9999 -9999 -9999 -9999 -9999 -9999 -9999 -9999 -9999 -9999 -9999
-9999 -9999 -9999 -9999 -9999 -9999 -9999 -9999 10.8311563343741 11.5002899132669 11.9327524513938 11.784295162186 11.7778404974379 12.1665547522716 11.8086794512346 11.6437269076705 11.7283547343686 11.8158513009548 12.1192205441184 12.3343760357238 12.0546738966368 12.0561082665808 12.0080568734556 12.1995452609845 12.1192205441184 12.1249580238946 12.0059053185396 11.8445386998355 11.7857295321301 11.8796807634644 11.5920895896852 11.584917739965 11.9908444341272 12.5861079609022 12.5323190880008 12.3888820935972 9.05468915868551 8.85244299657643 8.79721975373104 8.7835932392627 8.97508162679151 9.14505446515977 12.4417331092275 -9999 -9999 -9999 -9999 -9999 -9999 -9999 -9999 -9999 -9999 -9999 -9999 -9999 -9999 -9999 -9999 -9999 -9999 -9999
-9999 -9999 -9999 -9999 -9999 -9999 -9999 -9999 11.0086596149486 12.2576372437179 12.3121433015913 12.7202215506695 12.3774071340449 12.6033204002306 12.4032257930376 11.9772179196589 11.9169743820094 11.9513992606662 12.4103976427577 12.7266762154177 12.8070009322837 13.2200994761661 12.5638752267696 12.1579485326074 12.2045655557886 12.1278267637827 12.0711691509932 11.8294778154232 11.8502761796117 11.9054994224571 11.7964873067103 11.1754051209427 12.1041596597061 11.8902592418017 10.74796287762 11.6838892661035 9.11636706627905 9.54811241943389 9.48428295692429 8.88901943014935 10.7103106665891 12.2349741986021 17.0399996191263 -9999 -9999 -9999 -9999 -9999 -9999 -9999 -9999 -9999 -9999 -9999 -9999 -9999 -9999 -9999 -9999 -9999 -9999 -9999
-9999 -9999 -9999 -9999 -9999 -9999 -9999 10.2817097616146 10.9100466812961 12.5645924117416 12.540208122693 12.660695197992 12.4971770243719 12.5237128683366 13.2086245166138 11.7900326419622 12.2526169489138 12.3429822553881 12.3537400299683 12.3731040242128 12.9568925914355 13.2344431756064 13.5657826326787 13.4366893377155 12.1342814285308 12.1149174342863 11.9901272491552 11.9148228270933 11.8524277345277 11.6473128325306 11.5081789479591 10.5650807097554 10.2373271775432 11.5978270694613 11.3346201847307 9.37025054637343 9.09915462695062 9.04106264421716 9.50364695116878 9.15652942471206 12.7719933408371 11.7342773469564 -9999 -9999 -9999 -9999 -9999 -9999 -9999 -9999 -9999 -9999 -9999 -9999 -9999 -9999 -9999 -9999 -9999 -9999 -9999 -9999
-9999 -9999 -9999 3.8400372271426 -9999 12.7402360150049 12.2475966541097 11.8352152951993 11.6071504740976 12.58180485107 12.6463514985517 12.8823053543456 13.2452009501867 12.89808342373 12.2397076194175 13.2100588865578 12.3487197351642 12.6829279321246 12.6241187644191 13.5100812665187 13.3083132277243 12.4849848798476 13.2781914588995 13.2217729077674 12.1536454227753 12.1385845383629 12.0044709485956 11.9944303589873 11.7972044916824 11.663808086887 11.3726309882477 10.2803582758643 10.1075166976079 10.0401013102382 11.2478408031166 11.3927121674642 10.8756218026392 11.9657429601066 10.865581213031 12.6868303799612 13.2949997028336 -9999 -9999 -9999 -9999 -9999 -9999 -9999 -9999 -9999 -9999 -9999 -9999 -9999 -9999 -9999 -9999 -9999 -9999 -9999 -9999 -9999
-9999 -9999 3.88019958557561 -9999 10.746349211433 10.628192987293 10.5399792357348 11.3174077454023 12.2483138390817 12.302102711983 12.5308847180568 12.7567979842424 13.1534012737684 13.0508438227698 13.215796366334 13.3714255052619 13.9853358413093 12.7022919263691 12.6477858684957 12.5739158163778 12.4950254694559 12.4849848798476 12.3272041860037 12.141453278251 12.1378673533909 12.0926847001538 11.9772179196589 12.0496536018327 12.2153233303688 11.7362437690608 11.3303170748986 12.1601000875235 11.7140110349283 11.7570421332493 12.2726981281303 11.9901272491552 9.32506789313629 9.2497634710744 13.1788165162143 -9999 -9999 -9999 -9999 -9999 -9999 -9999 -9999 -9999 -9999 -9999 -9999 -9999 -9999 -9999 -9999 -9999 -9999 -9999 -9999 -9999 -9999 -9999
16.7749996250495 16.7749996250495 -9999 16.0949996402487 10.0752433738671 11.6874751909636 12.2289498448372 11.823023150675 11.901196312625 12.419003862422 12.5595721169375 12.697988816537 12.9109927532263 13.255241539795 13.3843348347582 13.4761345111765 12.7661213888787 12.4821161399595 12.5559861920774 12.5208441284485 12.4297616370022 12.3458509952761 12.221060810145 12.2146061453968 12.1837671916001 12.0044709485956 11.8760948386043 11.863185509108 11.5641193757765 11.3023468609899 11.1804254157469 11.0111697623506 10.1297494317405 11.0764335948043 8.65521712927148 9.97627184772864 11.5999786243774 12.3697571610101 -9999 -9999 -9999 -9999 -9999 -9999 -9999 -9999 -9999 -9999 -9999 -9999 -9999 -9999 -9999 -9999 -9999 -9999 -9999 -9999 -9999 -9999 -9999 -9999
15.3972339895554 12.5768111186723 11.0646717612632 10.9632618062198 10.3384502585977 12.1249580238946 12.1923734112643 11.8380840350874 11.9779351046309 12.4154179375619 12.7897884929553 13.4790032510646 13.2538071698509 13.4883266557008 13.535660863854 13.5392467887141 12.4978942093439 12.73815117497 12.8414258109406 12.4247413421981 12.3616290646605 12.419721047394 12.1665547522716 12.1988280760124 12.1529282378033 11.9126712721772 11.822305965703 11.7613452430815 11.464430664666 11.0979491439648 10.5263527212664 10.5801415941678 11.3261574020609 10.3639103251044 11.1254070828935 10.5952024785802 9.82016458548605 15.2999996580184 4.81375719761263 13.2399997040629 -9999 -9999 -9999 -9999 -9999 -9999 -9999 -9999 -9999 -9999 -9999 -9999 -9999 -9999 -9999 -9999 -9999 -9999 -9999 -9999 -9999 -9999
9.32004759833217 11.2901547164656 11.4902493236586 11.8101138211787 12.0761894457974 12.3286385559477 12.1550797927193 11.1309396526776 12.3487197351642 12.5143894637004 12.6900997818448 13.2746055340394 13.736472656019 14.0161747951061 13.9279610435478 13.656147939153 12.9999236897565 12.5294503481127 13.8246864075772 12.3601946947165 12.2181920702569 12.1292611337267 12.0661488561891 12.0109256133437 11.9090853473172 11.744132803753 11.6953642256558 11.7455671736971 11.2614673175849 11.8746604686603 11.2736594621092 10.3398846285418 10.0838495935313 13.5700484861487 13.7417385621149 12.9075789527595 17.4123830321469 13.7332692298107 14.2196997633362 -9999 -9999 -9999 -9999 -9999 -9999 -9999 -9999 -9999 -9999 -9999 -9999 -9999 -9999 -9999 -9999 -9999 -9999 -9999 -9999 -9999 -9999 -9999
8.08290352160111 8.72621844150126 11.6946470406838 10.8164540424477 11.6824548961595 10.9430371900089 11.4335917108692 11.7405468788929 12.420438232366 12.500762949232 12.9117099381983 13.2387462854385 13.4331034128554 13.2875148635358 13.8734549856745 13.3305459618568 12.4347819318064 13.0637531522661 12.6951200766489 12.2576372437179 12.0683004111052 11.9621570352465 11.9234290467575 11.8581652143039 11.4672994045541 11.4723196993582 11.3224280402064 10.945188744925 11.1388286873698 11.0914944792166 10.6848506000824 9.9188970499672 9.80629900936037 9.14146854029968 10.987502658274 14.2858363445848 18.6049995841458 -9999 -9999 -9999 -9999 -9999 -9999 -9999 -9999 -9999 -9999 -9999 -9999 -9999 -9999 -9999 -9999 -9999 -9999 -9999 -9999 -9999 -9999 -9999 -9999 -9999
10.5342417559586 11.2198705892079 10.8003173805773 10.4180577904917 10.6411023167893 11.2098299995996 12.2024140008725 12.2884761975147 12.6341593540274 12.8464461057447 13.377162985038 13.6496932744049 13.93585007824 13.9258094886318 14.0090029453859 13.6611682339571 12.5653095967136 13.7149571068585 12.4383678566664 11.7950529367663 11.8431043298915 11.6465956475586 11.4371776357293 11.2894375314936 11.0083010224625 11.2507095430046 11.1295052827336 11.0054322825745 10.0408184952103 9.97698903270066 10.0250404258259 10.6305718771182 -9999 -9999 -9999 13.6052278061397 -9999 -9999 -9999 -9999 -9999 -9999 -9999 -9999 -9999 -9999 -9999 -9999 -9999 -9999 -9999 -9999 -9999 -9999 -9999 -9999 -9999 -9999 -9999 -9999 -9999 -9999
9.87012847186998 10.2954191602767 10.1347697265446 10.3714407673106 11.4902493236586 12.1349986135028 11.862468324136 12.817041521892 12.8665272849612 13.2645649444312 13.4804376210086 13.7637256849557 14.0046998355538 13.2817773837596 13.9150517140515 13.8332926272415 12.7847681981511 12.0711691509932 12.2181920702569 11.7061220002361 11.4020355721004 11.0377056063153 10.8017517505214 10.4022797211073 10.2667317613959 10.509140281938 10.2495193220675 10.1232947669923 9.99420147202909 10.0831324085593 10.4940793975256 11.2919476788957 11.3806224779359 14.8373449991235 -9999 -9999 -9999 -9999 -9999 -9999 -9999 -9999 -9999 -9999 -9999 -9999 -9999 -9999 -9999 -9999 -9999 -9999 -9999 -9999 -9999 -9999 -9999 -9999 -9999 -9999 -9999 -9999
8.81658374797553 8.81514937803149 9.71844385028817 11.4282128235791 12.6667400427562 12.7550946699339 12.2124545904808 12.2095858505927 12.3673665444367 13.0415204181336 13.216513551306 13.7780693843961 13.8877986851148 13.9982451708056 13.8985564596951 12.6477858684957 12.9059724584222 12.302102711983 11.3202764852904 10.9423200050369 10.745811322704 10.3979766112752 10.0946073681116 9.9188970499672 9.83713796315715 9.80199589952826 9.77904598042369 9.81777396891266 9.831400483381 9.8550675874576 11.1825769706629 11.2299111788161 11.3686864709016 11.4911714186227 14.0857507022039 4.99999988824129 -9999 -9999 -9999 -9999 -9999 -9999 -9999 -9999 -9999 -9999 -9999 -9999 -9999 -9999 -9999 -9999 -9999 -9999 -9999 -9999 -9999 -9999 -9999 -9999 -9999 -9999
-9999 -9999 -9999 -9999 7.15999983996153 8.4450819324702 11.0448774560355 12.7732932385989 12.6872310419567 13.0264595337212 13.4288003030233 13.6267433553003 13.5636310777627 12.5574205620214 12.4340647468343 11.9693288849667 11.3425092194229 11.1797082307748 10.8361766291782 10.3527939580381 10.1749320849776 9.93610948929563 9.93252356443554 9.61481062183157 9.67864008434117 9.66501356987283 10.8924756494816 -9999 -9999 -9999 -9999 -9999 -9999 -9999 -9999 -9999 -9999 -9999 -9999 -9999 -9999 -9999 -9999 -9999 -9999 -9999 -9999 -9999 -9999 -9999 -9999 -9999 -9999 -9999 -9999 -9999 -9999 -9999 -9999 -9999 -9999 -9999
-9999 -9999 -9999 -9999 -9999 14.3698179166928 10.7572862822562 12.1988280760124 12.9461348168552 13.3427381063811 13.2459181351587 13.2322916206904 12.8450117358007 12.3501541051082 12.0833612955175 11.3927121674642 11.3374889246188 10.7931455308571 10.8368938141502 9.91531112510711 9.76541946595535 9.59831536747515 9.84502699784935 9.36020995676517 14.9488942722479 -9999 -9999 -9999 -9999 -9999 -9999 -9999 -9999 -9999 -9999 -9999 -9999 -9999 -9999 -9999 -9999 -9999 -9999 -9999 -9999 -9999 -9999 -9999 -9999 -9999 -9999 -9999 -9999 -9999 -9999 -9999 -9999 -9999 -9999 -9999 -9999 -9999
