EcologicalScience/Bass/data/rs_data_bass/sst_435.asc
NCOLS 226 
NROWS 124 
XLLCORNER -9.41648524995501 
YLLCORNER 47.587301625531 
CELLSIZE 0.0833 
NODATA_value -9999 
[rows 27 to 53 of 124, columns 62 to 123 of 226]
-9999 -9999 -9999 -9999 -9999 -9999 -9999 -9999 -9999 -9999 -9999 -9999 -9999 -9999 -9999 -9999 -9999 -9999 -9999 -9999 -9999 -9999 -9999 -9999 -9999 -9999 -9999 -9999 12.5299997199327 6.46780296461657 7.85376292304136 7.73381373647135 9.33008818794042 9.46133303781971 9.0424970141612 8.29519027331844 9.23972288146615 8.73769340105355 7.83404033631086 8.04919582791626 8.21701711136848 8.09366129618138 8.06425671232864 7.91149631328881 9.27988523989916 8.60644855117425 9.11062958650291 8.35758536588401 8.3812524699606 8.28873560857028 8.26004820968956 8.22347177611664 8.08003478171304 8.14529861416668 8.83738211216405 8.31383708259091 8.36475721560419 8.28730123862624 7.97030548099428 8.26291694957763 7.74510939978063 8.87395854573697
-9999 -9999 -9999 -9999 -9999 -9999 -9999 -9999 -9999 -9999 -9999 -9999 -9999 -9999 -9999 -9999 -9999 -9999 -9999 -9999 -9999 -9999 -9999 -9999 -9999 -9999 -9999 -9999 -9999 -9999 9.78499978128821 7.65528198203538 9.58468885300681 9.3214819682762 8.04632708802819 9.01524398522452 8.24498732527718 9.96838281303644 10.7580034672283 8.55983152799308 9.07333596795797 8.59425640664995 7.9710226659663 8.15964231360704 9.41471601463854 8.68605608306825 8.9112521642819 8.29519027331844 8.37694936012849 8.39344461448491 8.23207799578086 8.3375041866675 5.91987364599481 8.50245673023164 9.00520339561626 9.02528457483277 9.04321419913322 8.89045380009338 8.10943936556578 8.39846490928903 8.61648914078251 8.92559586372226
-9999 -9999 -9999 -9999 -9999 -9999 -9999 -9999 -9999 -9999 -9999 -9999 -9999 -9999 -9999 -9999 -9999 -9999 -9999 -9999 -9999 -9999 -9999 -9999 -9999 -9999 -9999 -9999 -9999 -9999 -9999 10.5999997630715 7.68127993727103 9.36092714173719 8.22920925589278 9.45416118809953 9.56245611887425 9.8988158707507 9.79769278969616 7.43815423175693 10.5143996383995 10.7431816444732 9.21749014733359 7.99612413998693 9.07477033790201 9.03532516444102 8.27869501896203 8.46301155677065 8.4608600018546 8.4013336491771 8.33033233694732 8.13167209969833 8.36834314046428 7.26889857836068 4.97032074304298 8.18259223271161 8.8990600197576 8.78000731440261 8.54620501352474 8.81299782311544 8.94567704293877 8.57776115229353
-9999 -9999 -9999 -9999 -9999 -9999 -9999 -9999 -9999 -9999 -9999 -9999 -9999 -9999 -9999 -9999 -9999 -9999 -9999 -9999 -9999 -9999 -9999 -9999 -9999 -9999 -9999 -9999 -9999 -9999 -9999 10.6140579234809 10.7199926637113 9.36594743654132 9.29924923414364 9.30426952894777 9.60261847730726 9.89809868577868 9.78693501511589 8.97508162679151 7.63753165397793 10.520376179833 9.37407553289086 9.10991240153089 9.23972288146615 9.00018310081214 9.10991240153089 10.5704595970456 9.22358621959575 11.9310790197924 8.39272742951289 8.2736747241579 8.14745016908273 7.76160465413705 7.85483870049939 8.8553117364645 8.95356607763097 8.61290321592242 8.8911709850654 8.04489271808416 8.88686787523329 8.81443219305947
-9999 -9999 -9999 -9999 -9999 -9999 -9999 -9999 -9999 -9999 -9999 -9999 -9999 -9999 -9999 -9999 -9999 -9999 -9999 -9999 -9999 -9999 -9999 -9999 -9999 -9999 -9999 -9999 -9999 -9999 -9999 -9999 8.00449129799381 9.31933041336015 9.34299751743674 9.2576525057666 9.86008788226172 9.90885646035895 9.70159000344574 8.99014251120389 9.34658344229683 8.68749045301229 9.31000700872391 10.1373994047754 7.95524459658191 9.87921281484887 9.51990314386785 9.80056152958423 10.4596545188688 8.26004820968956 8.31025115773082 8.35256507107988 8.19765311712399 8.18904689745978 8.15103609394282 8.25431072991341 8.91698964405805 8.94424267299473 8.69681385764852 8.59210485173389 8.81084626819938 8.77140109473839
-9999 -9999 -9999 -9999 -9999 -9999 -9999 -9999 -9999 -9999 -9999 -9999 -9999 -9999 -9999 -9999 -9999 -9999 -9999 -9999 -9999 -9999 -9999 -9999 -9999 -9999 -9999 -9999 -9999 -9999 -9999 -9999 11.1090284152567 9.56389048881829 9.48141421703622 9.96874140552245 10.2896816805005 10.3542283279821 10.0946073681116 9.44842370832339 9.03532516444102 9.06975004309788 8.70972318714485 9.83092236006632 8.85029144166037 10.0212154393084 9.88088624645025 11.1295052827336 11.4407635605894 10.1242510136217 7.80033264262602 7.68486586213112 7.84981840569526 8.19980467204005 8.30881678778678 8.13095491472632 8.63585313502699 8.98225347651169 8.61648914078251 8.82016967283562 8.5885189268738 8.9908596961759
-9999 -9999 -9999 -9999 -9999 -9999 -9999 -9999 -9999 -9999 -9999 -9999 -9999 -9999 -9999 -9999 -9999 -9999 -9999 -9999 -9999 -9999 -9999 -9999 -9999 -9999 -9999 -9999 -9999 -9999 -9999 -9999 8.8542876339062 9.95726644597016 9.45774711295962 9.76972257578745 9.66322060744278 9.84968870016746 10.0099795414135 9.51512191072106 8.92989897355437 8.72980436636135 8.23996703047305 8.50747702503577 9.31789604341611 8.67027801368386 9.80582088604569 10.241391225718 10.0011342600919 10.4481795593165 10.3685720274225 8.2098452616483 7.92512282775715 8.17972349282354 8.02481153886765 8.22634051600471 8.1660969783552 8.13095491472632 8.70039978250861 8.80726034333929 9.24689473118633 9.28060242487118
-9999 -9999 -9999 -9999 -9999 -9999 -9999 -9999 -9999 -9999 -9999 -9999 -9999 -9999 -9999 -9999 -9999 -9999 -9999 -9999 -9999 -9999 -9999 -9999 -9999 -9999 -9999 -9999 -9999 -9999 -9999 -9999 -9999 8.52839626309598 9.66716512478888 9.63274024613202 9.5323343500495 9.48715169681236 9.51010161591694 9.9665898506064 9.8790932840202 8.45512252207845 8.32244330225512 9.03030486963689 7.63753165397793 9.63776054093614 8.63513595005497 10.5034028021619 8.71474348194897 10.3668985958211 10.5273089678958 11.2091128146276 10.1630985329393 10.5770337926224 8.16466260841116 8.22777488594875 8.23996703047305 8.21486555645242 8.25646228482947 8.24355295533314 8.23853266052902 9.14792320504785
-9999 -9999 -9999 -9999 -9999 -9999 -9999 14.1953134150398 15.7119074339446 14.7107408564681 14.4012379264459 7.13650623252615 7.66332218806971 10.5358929492663 8.41999981179833 -9999 -9999 -9999 -9999 -9999 -9999 -9999 -9999 -9999 -9999 -9999 -9999 -9999 -9999 -9999 -9999 -9999 -9999 -9999 10.4567857789807 9.57966855820268 9.58325448306277 9.86080506723374 9.72453992255032 9.75251013645902 9.67935726931319 8.62939847027883 8.49241614062339 8.15533920377493 8.2098452616483 8.08505507651716 8.8553117364645 9.30283515900373 8.90910060936585 8.64947964949533 8.6602374240756 9.75537887634709 9.8869823187124 8.82518996763974 7.9946897700429 7.92512282775715 8.2098452616483 8.89475690992549 8.28371531376615 8.27152316924185 8.28514968371019 8.05708486260846
-9999 -9999 -9999 -9999 16.949999621138 12.6021978498396 12.0319032737752 11.1038915337329 12.0403301971965 14.2887050844729 17.9569317659464 20.1007836033481 -9999 -9999 -9999 -9999 -9999 -9999 -9999 -9999 -9999 -9999 -9999 -9999 -9999 -9999 -9999 -9999 -9999 -9999 -9999 -9999 -9999 -9999 8.01249986351468 9.56532485876232 9.74533828673884 9.68294319417328 9.78980375500396 9.69011504389346 9.76255072606727 8.89475690992549 8.74271369585767 8.59569077659398 8.96504103718325 8.91985838394612 8.91627245908603 9.22537918202579 8.22454755357467 8.80008849361911 8.63011565525085 9.74641406419687 9.11887721368112 9.38208409841172 8.28012938890606 8.10155033087358 8.63513595005497 9.14792320504785 9.26625872543082 9.23685414157808 8.72119814669713 8.52325509442016
11.2098299995996 14.1032615417082 16.6673147019497 9.85482852580026 9.69728689361364 11.1004592913669 10.7422253978439 11.5526444162242 12.2934964923188 14.876142069852 -9999 -9999 -9999 -9999 -9999 -9999 -9999 -9999 -9999 -9999 -9999 -9999 -9999 -9999 -9999 -9999 -9999 -9999 -9999 -9999 -9999 -9999 -9999 -9999 13.6449996950105 9.93969541415572 10.0221716859378 9.73027740232646 9.81992552382872 9.82924892846495 9.76828820584342 9.56891078362241 9.63202306116 8.34037292655557 8.29160434845835 9.11636706627905 8.91770682903007 8.00975065445527 8.89654987235554 9.51010161591694 9.30319375148974 9.52910701767541 8.75490584038198 9.57357248594053 8.29877619817853 8.19263282231987 8.09366129618138 8.27869501896203 8.72478407155722 8.61075166100636 9.33797722263262 9.25621813582256
9.5366374598816 9.41901912447065 9.47424236731604 8.80510878842324 9.87012847186998 10.032212275546 10.4739982183091 11.5741599653848 11.5906552197412 15.5899996515363 -9999 -9999 -9999 -9999 -9999 -9999 -9999 -9999 -9999 -9999 -9999 -9999 -9999 -9999 -9999 -9999 -9999 -9999 -9999 -9999 -9999 -9999 -9999 -9999 -9999 8.75552057035799 9.46993925748393 9.55779441655613 9.52731405524537 9.36558884405531 9.60261847730726 9.56962796859443 8.56772056268528 8.49528488051146 8.41496016364545 8.89762564981356 8.81012908322737 8.52970975916833 9.50759146851487 8.69681385764852 8.5246894643642 9.94256415404379 10.0608996744268 9.71736807283014 8.17972349282354 8.15175327891484 8.24785606516525 8.15892512863502 8.08505507651716 7.98393199546263 8.09581285109743 8.84311959194019
9.43336282391101 9.77689442550763 10.0659199692309 10.2014679289423 9.97985777258873 10.3298440389335 10.8605609182268 11.2105471845716 8.74297310318798 -9999 -9999 -9999 -9999 -9999 -9999 -9999 -9999 -9999 -9999 -9999 -9999 -9999 -9999 -9999 -9999 -9999 -9999 -9999 -9999 -9999 -9999 -9999 -9999 -9999 -9999 -9999 9.74390391679481 9.11851862119511 9.52336953789927 11.4350260808133 9.25119784101844 9.91029083030298 9.47782829217613 8.49743643542752 8.55481123318896 8.4608600018546 8.83451337227598 9.2257377745118 9.98129214253277 9.97125155292451 7.94592119194567 10.2452162122354 10.1781594173517 8.4450819324702 9.77868738793768 9.23792991903611 8.74880976811983 8.1302377297543 7.7278969604522 7.74439221480861 7.7795342784375 7.78885768307373
9.28992582950741 10.0938901831396 10.0895870733075 10.2136600734666 9.8113193041645 10.0257576107979 10.7895596059971 11.0420087161474 12.7897884929553 -9999 -9999 -9999 -9999 -9999 -9999 -9999 -9999 -9999 -9999 -9999 -9999 -9999 -9999 -9999 -9999 -9999 -9999 -9999 -9999 -9999 -9999 -9999 -9999 -9999 -9999 -9999 -9999 -9999 -9999 5.02999988757074 4.48078223422635 9.30666014552116 9.63704335596412 9.04142123670317 9.15975675708614 9.313592933584 9.29387034685351 8.71330911200494 8.70599382529035 8.71653644437902 10.0788292987272 9.70015563350171 10.3366572961677 9.96766562806442 8.30523086292669 8.18976408243179 8.19478437723592 8.33965574158356 7.78025146340951 7.73148288531229 7.82471693167463 7.84264655597508
9.88518935628235 9.90813927538693 10.0867183334194 9.97125155292451 10.5564744900912 10.5657978947274 10.749397247564 10.6977599295788 14.3049996802583 -9999 -9999 -9999 -9999 -9999 -9999 -9999 -9999 -9999 -9999 -9999 -9999 -9999 -9999 -9999 -9999 -9999 -9999 -9999 -9999 -9999 -9999 -9999 -9999 -9999 -9999 -9999 -9999 -9999 -9999 -9999 -9999 -9999 -9999 11.2430309398312 8.91447949665599 9.14648883510381 9.95953753171489 10.4261517351759 7.59521774062887 9.44555496843532 8.29447308834642 9.5086672459729 11.1505427085795 8.22490614606068 9.88447217131034 8.96181370480917 8.15964231360704 8.11517684534192 8.0147709492594 7.93014312256128 7.79746390273795 7.19144260138273
9.67218541959301 9.81490522902459 9.86152225220576 9.9188970499672 10.4661091836169 10.108951067552 10.4546342240646 10.5155949466862 10.6963255596347 14.1199996843934 -9999 -9999 -9999 -9999 -9999 16.1899624452926 -9999 -9999 -9999 -9999 -9999 -9999 -9999 -9999 -9999 -9999 -9999 -9999 -9999 -9999 -9999 -9999 -9999 -9999 -9999 -9999 -9999 -9999 -9999 -9999 -9999 -9999 -9999 -9999 8.78499980363995 9.53971110976168 9.71258683968335 9.51607815735042 9.25693532079458 10.003285815008 9.91387675516307 10.4967090757564 10.4484186209738 11.1189865698107 8.32746359705925 8.68175297323614 8.317423007451 8.67285987958312 8.32495344965719 9.01345102279447 6.52948087221012 8.03987242328003
9.41184727475047 9.47495955228806 10.1749320849776 10.4739982183091 10.2810754608363 10.3692892123945 10.3212378192693 10.3549455129541 10.6819818601944 12.9210333428346 16.4099996332079 -9999 -9999 -9999 -9999 -9999 -9999 -9999 -9999 -9999 -9999 -9999 -9999 -9999 -9999 -9999 -9999 -9999 -9999 -9999 -9999 -9999 -9999 -9999 -9999 -9999 -9999 -9999 -9999 -9999 -9999 -9999 -9999 -9999 -9999 12.5599997192621 9.08875544485636 9.32578507810831 10.3181300177239 10.4254687018692 10.4438764494844 9.72633288498037 10.4477014360018 10.9754539507441 9.41740545828361 8.95607622503303 8.49134036316536 8.49026458570734 8.50030517531559 8.64983824198134 6.93971067620441 7.68845178699121
9.3810083209537 9.77043976075947 9.7596819861792 9.93610948929563 9.67433697450906 9.8113193041645 10.0616168593988 10.0759605588391 10.1792351948097 10.2860957556404 10.6644506719895 11.3348592463881 -9999 -9999 17.9966470144689 18.9549995763227 19.3599995672703 23.6559979425312 -9999 -9999 -9999 -9999 -9999 -9999 -9999 -9999 -9999 -9999 -9999 -9999 -9999 -9999 -9999 -9999 -9999 -9999 -9999 -9999 -9999 -9999 -9999 -9999 -9999 -9999 -9999 8.8399998024106 10.2349997712299 9.00735495053232 9.04608293902129 9.79315061820671 9.81873021554202 10.1856898595579 10.3293659156188 9.58217870560475 3.91032135440037 9.12497328594327 8.55481123318896 8.70972318714485 8.41496016364545 9.11457410384901 8.62820316199213 8.03843805333599
9.75251013645902 9.8113193041645 9.81490522902459 9.86582536203787 9.88447217131034 10.1828211196698 10.310480044689 10.0142826512456 9.80127871455625 10.0537278247066 10.0759605588391 12.8877559601329 17.5749996071681 12.3510762000723 11.5816904075909 12.2260811049491 15.4118167506531 12.8619341370889 -9999 -9999 -9999 -9999 -9999 -9999 -9999 -9999 -9999 -9999 -9999 -9999 -9999 -9999 -9999 -9999 -9999 -9999 -9999 -9999 -9999 -9999 -9999 -9999 -9999 -9999 -9999 -9999 -9999 -9999 8.94962156028487 10.3700063973665 10.1366822198033 9.6997970410157 9.50041961879469 9.24008147395216 9.28885005204938 9.23577836412005 8.72263251664117 8.7678151698783 8.68103578826413 8.6602374240756 8.10728781064972 7.05374308675528
9.55098115932196 9.73458051215857 9.74390391679481 9.90742209041491 9.72956021735445 10.1175572872162 10.1534165358171 10.0981932929717 9.72095399769023 9.85004729265347 9.32506789313629 9.52014220552519 10.0172948281281 10.2480849521235 11.4680165895261 13.1010467708111 16.7899996247143 22.1045408517746 -9999 -9999 -9999 -9999 -9999 -9999 -9999 -9999 -9999 -9999 -9999 -9999 -9999 -9999 -9999 -9999 -9999 -9999 -9999 -9999 -9999 -9999 -9999 -9999 -9999 -9999 -9999 -9999 -9999 -9999 9.20207067043521 9.35303810704499 9.36845758394338 9.46742911008187 9.59652240504511 8.11374247539788 10.0501418998465 10.5957403673092 10.1697324939305 8.82016967283562 8.74343088082969 8.74343088082969 8.10513625573367 7.6683706077747
9.46778770256788 9.50006102630869 9.57751700328663 9.63417461607605 9.74246954685077 9.66142764501274 9.91817986499518 9.67505415948108 9.76900539081544 9.83642077818513 9.72812584741041 9.7596819861792 9.63274024613202 10.4252296402119 12.7060212882236 11.7931772222241 17.0699996184558 -9999 -9999 -9999 -9999 -9999 -9999 -9999 -9999 -9999 -9999 -9999 -9999 -9999 -9999 -9999 -9999 -9999 -9999 -9999 -9999 -9999 -9999 -9999 -9999 -9999 -9999 -9999 -9999 -9999 -9999 -9999 6.9748527398333 9.64134646579623 9.05325478874147 8.94352548802271 9.05935086100362 9.37670521112159 9.32793663302436 9.48715169681236 9.07799767027609 8.61577195581049 8.9826120689977 8.78717916412279 7.57441937644035 7.98966947523877
9.52731405524537 9.54882960440591 9.29566330928355 9.21892451727763 9.52229376044124 9.4606158528477 9.68581193406135 9.75251013645902 9.83713796315715 9.84646136779338 10.4388561546803 10.1218603970483 10.5449995305389 10.9222388258204 11.3884090576321 6.69999985024333 -9999 -9999 -9999 -9999 -9999 -9999 -9999 -9999 -9999 -9999 -9999 -9999 -9999 -9999 -9999 -9999 -9999 -9999 -9999 -9999 -9999 -9999 -9999 -9999 -9999 -9999 -9999 -9999 -9999 -9999 -9999 -9999 9.03018533880822 9.00520339561626 9.01882991008461 8.83307900233194 9.05576493614353 9.13178654317744 9.23398540169001 8.73482466116548 8.63011565525085 8.83236181735992 8.84025085205212 8.22705770097673 6.83858759514987 8.00473035965115
9.61839654669166 9.69011504389346 9.6958525236696 9.61481062183157 9.66716512478888 9.55958737898618 9.83857233310118 9.85937069728971 9.99707021191716 10.1075166976079 10.1727805300616 11.0312509415671 11.2062440747395 10.34992521815 11.5899380347691 -9999 -9999 -9999 -9999 -9999 -9999 -9999 -9999 -9999 -9999 -9999 -9999 -9999 -9999 -9999 -9999 -9999 -9999 -9999 -9999 -9999 -9999 -9999 -9999 -9999 -9999 -9999 -9999 -9999 -9999 -9999 -9999 -9999 -9999 4.48499989975244 10.3115109980863 9.28101224485519 8.03556931344792 8.07680744933896 8.74522384325974 8.63047424773686 8.82375559769571 8.78215886931866 8.82160404277965 8.88615069026127 8.84383677691221 7.98823510529473
9.67935726931319 9.88232061639428 9.89738150080666 9.93969541415572 9.92104860488325 9.96981718298048 9.93180637946352 9.97268592286855 9.98129214253277 10.2459333972074 10.5952024785802 11.3812372079119 11.0448774560355 12.0589770064689 15.0758481905796 10.7574557987042 -9999 -9999 -9999 -9999 -9999 -9999 -9999 -9999 -9999 -9999 -9999 -9999 -9999 -9999 -9999 -9999 -9999 -9999 -9999 -9999 -9999 -9999 -9999 -9999 -9999 -9999 -9999 -9999 -9999 -9999 8.46468498837203 9.08928188914433 8.59499980788678 -9999 11.5949583295733 9.31586401932873 8.83654539636336 8.69502089521848 8.78144168434665 8.82160404277965 8.89690846484154 8.98512221639976 8.90910060936585 7.60238959034905 8.68605608306825 8.3016449380666
9.94471570895985 9.90096742566675 9.85650195740163 10.1792351948097 10.0271919807419 9.80199589952826 10.2029022988863 10.50985746691 10.4051484609954 10.5048371721059 10.7924283458851 11.0893429243006 12.0647144862451 12.6693014176562 12.4726902803273 -9999 -9999 -9999 -9999 -9999 -9999 -9999 -9999 -9999 -9999 -9999 -9999 -9999 -9999 -9999 -9999 -9999 -9999 -9999 -9999 -9999 -9999 -9999 -9999 -9999 -9999 -9999 -9999 -9999 -9999 -9999 -9999 -9999 8.44562183576374 12.8947582934052 11.5223313980736 14.73243767216 13.7088610345963 9.90025024069473 8.84240240696818 8.82303841272369 9.08767966739833 8.92416149377823 8.99659717595205 8.71044037211686 9.1500747599639 9.18951993342489
9.9748374777846 10.0910214432515 10.1032135877758 9.41399882966653 10.4216437153518 10.2538224318996 10.5822931490839 10.6246070624329 10.3922391314991 11.1596270515583 11.22417369904 11.3676106934436 12.2318185847253 12.5889767007902 14.5599996745586 -9999 -9999 -9999 -9999 -9999 -9999 -9999 -9999 -9999 -9999 -9999 -9999 -9999 -9999 -9999 -9999 -9999 -9999 -9999 -9999 -9999 -9999 -9999 -9999 -9999 -9999 -9999 -9999 -9999 -9999 -9999 -9999 -9999 -9999 -9999 14.9451342438614 12.2070757031906 10.8003173805773 10.8739005587064 8.33033233694732 8.21343118650839 9.28418834973127 6.45991392992437 6.52015746757388 8.71151614957489 9.36020995676517 9.26769309537485
9.84000670304522 9.59186070272699 10.0802636686713 10.34992521815 10.5507370103151 10.4417248945683 10.7113864440471 12.1450392031111 11.187597265467 11.6049989191815 11.7728202026337 11.785012347158 12.0998565498739 11.7749717575498 12.5846735909581 -9999 -9999 -9999 -9999 -9999 -9999 -9999 -9999 -9999 -9999 -9999 -9999 -9999 -9999 -9999 -9999 -9999 -9999 -9999 -9999 -9999 -9999 -9999 -9999 -9999 -9999 -9999 -9999 -9999 -9999 -9999 -9999 -9999 -9999 -9999 -9999 -9999 12.929999710992 12.5349368131487 10.4051484609954 10.6898708948866 8.19980467204005 9.89020965108648 10.110923326225 7.07597582088783 9.16657001432031 9.65927609009668
