EcologicalScience/Bass/data/rs_data_bass/sst_380.asc
NCOLS 226 
NROWS 124 
XLLCORNER -9.41648524995501 
YLLCORNER 47.587301625531 
CELLSIZE 0.0833 
NODATA_value -9999 
[rows 0 to 26 of 124, columns 62 to 123 of 226]
-9999 -9999 -9999 -9999 -9999 -9999 -9999 -9999 -9999 -9999 -9999 -9999 -9999 -9999 -9999 -9999 -9999 -9999 -9999 -9999 -9999 -9999 -9999 -9999 -9999 -9999 -9999 -9999 -9999 -9999 -9999 -9999 -9999 -9999 -9999 -9999 -9999 -9999 -9999 -9999 -9999 -9999 -9999 -9999 -9999 -9999 -9999 -9999 -9999 -9999 -9999 -9999 -9999 -9999 -9999 -9999 -9999 -9999 -9999 -9999 -9999 -9999
-9999 -9999 -9999 -9999 -9999 -9999 -9999 -9999 -9999 -9999 -9999 -9999 -9999 -9999 -9999 -9999 -9999 -9999 -9999 -9999 -9999 -9999 -9999 -9999 -9999 -9999 -9999 -9999 -9999 -9999 -9999 -9999 -9999 -9999 -9999 -9999 -9999 -9999 -9999 -9999 -9999 -9999 -9999 -9999 -9999 -9999 -9999 -9999 -9999 -9999 -9999 -9999 -9999 -9999 -9999 -9999 -9999 -9999 -9999 -9999 -9999 -9999
-9999 -9999 -9999 -9999 -9999 -9999 -9999 -9999 -9999 -9999 -9999 -9999 -9999 -9999 -9999 -9999 -9999 -9999 -9999 -9999 -9999 -9999 -9999 -9999 -9999 -9999 -9999 -9999 -9999 -9999 -9999 -9999 -9999 -9999 -9999 -9999 -9999 -9999 -9999 -9999 -9999 -9999 -9999 -9999 -9999 -9999 -9999 -9999 -9999 -9999 -9999 -9999 -9999 -9999 -9999 -9999 -9999 -9999 -9999 -9999 -9999 -9999
-9999 -9999 -9999 -9999 -9999 -9999 -9999 -9999 -9999 -9999 -9999 -9999 -9999 -9999 -9999 -9999 -9999 -9999 -9999 -9999 -9999 -9999 -9999 -9999 -9999 -9999 -9999 -9999 -9999 -9999 -9999 -9999 -9999 -9999 -9999 -9999 -9999 -9999 -9999 -9999 -9999 -9999 -9999 -9999 -9999 -9999 -9999 -9999 -9999 -9999 -9999 -9999 -9999 -9999 -9999 -9999 -9999 -9999 -9999 -9999 -9999 -9999
-9999 -9999 -9999 -9999 -9999 -9999 -9999 -9999 -9999 -9999 -9999 -9999 -9999 -9999 -9999 -9999 -9999 -9999 -9999 -9999 -9999 -9999 -9999 -9999 -9999 -9999 -9999 -9999 -9999 -9999 -9999 -9999 -9999 -9999 -9999 -9999 -9999 -9999 -9999 -9999 -9999 -9999 -9999 -9999 -9999 -9999 -9999 -9999 -9999 -9999 -9999 -9999 -9999 -9999 -9999 -9999 -9999 -9999 -9999 -9999 -9999 -9999
-9999 -9999 -9999 -9999 -9999 -9999 -9999 -9999 -9999 -9999 -9999 -9999 -9999 -9999 -9999 -9999 -9999 -9999 -9999 -9999 -9999 -9999 -9999 -9999 -9999 -9999 -9999 -9999 11.1099997516721 6.68277915997896 6.36667988356203 6.50294502824545 6.39500868995674 6.81778923096135 6.80129397660494 6.56964323064312 6.89703817036934 6.23184910882264 6.61482588388026 6.72957547940314 6.60693684918806 6.55529953120276 6.27272865222767 5.4372081598267 6.96337778028101 6.70196385798045 6.7561113233678 7.05230871681124 7.06019775150344 6.98489332944155 7.01214635837823 6.85723440442234 6.97270118491724 6.08410900458694 6.08482618955895 3.73389385128394 4.1426892853342 6.96768089011312 6.6083712191321 7.08960233535618 6.59474470466375 7.16992705222219
-9999 -9999 -9999 -9999 -9999 -9999 -9999 -9999 -9999 -9999 -9999 -9999 -9999 -9999 -9999 -9999 -9999 -9999 -9999 -9999 -9999 -9999 -9999 -9999 -9999 -9999 -9999 10.8655564825147 6.30159534735139 6.68295845622197 6.77117220778018 6.45812096749432 6.405407872051 6.33333078236319 6.43158512352966 6.21750540938228 6.39967039227486 6.56749167572707 6.76740698667709 6.46493422472849 6.43481245590374 6.71971418603789 6.53497929032892 6.62295398022979 6.69180373754352 6.78814558545128 6.57609789539129 6.59474470466375 6.85006255470216 6.59617907460779 6.62988676829264 6.65534683479927 6.69407482328825 7.03007598267868 6.99278236413375 2.4773857803084 5.52255317149684 6.54860580479726 6.38867355603725 7.1104006995447 7.10609758971259 7.05661182664335
-9999 -9999 -9999 -9999 -9999 -9999 -9999 -9999 -9999 -9999 -9999 -9999 -9999 -9999 -9999 -9999 -9999 -9999 -9999 -9999 -9999 -9999 -9999 -9999 -9999 -9999 3.63695434923284 6.1463248009095 5.90983305638656 6.1067003312055 6.30213323608041 6.3297448575031 6.2379451810848 4.64973906055093 6.30536056845449 6.28097627940588 6.09594255662523 6.10132144391537 6.23866236605681 6.23866236605681 6.25121310306713 6.32508315518498 6.19132815790363 6.67506942152977 6.62223679525778 6.95967232459225 6.44485304551199 6.7998596066609 6.76089255651459 6.33010344998911 6.43552964087576 6.90026550274342 6.96266059530899 6.98489332944155 6.81850641593337 6.92967008659616 6.8077486413531 6.47736543091014 6.52398245409131 6.8235267107375 6.74176762392744 6.60287280101329
-9999 -9999 -9999 -9999 -9999 -9999 -9999 -9999 -9999 -9999 -9999 -9999 -9999 -9999 -9999 -9999 -9999 -9999 -9999 -9999 -9999 -9999 -9999 -9999 -9999 -9999 7.28103555481021 5.84277626150288 6.29029968404211 6.25551621289924 6.23041473887861 6.21499526198022 6.29245123895817 6.27918331697583 6.21105074463412 6.25300606549717 2.21991637535393 6.0109561374411 6.1784188284073 6.27595598460175 6.49613177101128 6.51908169011585 6.40056687348988 6.29854731122032 6.3616595887579 6.7813323282171 6.18128756829537 6.31970426789485 6.22754599899054 6.37241736333817 6.40791801945306 6.7998596066609 6.88018432352692 6.4570451900363 6.54633471905254 6.60765403416008 6.53378398204222 6.59713532123715 6.61602119216695 6.62319304188713 6.75109102856368 6.63610237138346
-9999 -9999 -9999 -9999 -9999 -9999 -9999 -9999 -9999 -9999 -9999 -9999 -9999 -9999 -9999 -9999 -9999 -9999 -9999 -9999 -9999 -9999 -9999 -9999 -9999 11.6185121939174 6.30735844087654 6.24942014063708 5.88795891474001 6.25623339787126 6.32329019275494 6.02780998428352 6.03318887157366 6.21212652209215 6.15582750178874 6.2300561463926 5.92847986565903 6.01669361721724 6.18810082552955 5.75635547237471 6.06115908548236 6.16371653648093 6.21320229955018 6.27057709731162 6.29137546150014 6.61195714399219 6.29328795475885 6.67853581556119 6.08159885718487 6.19312112033367 6.39572587492876 6.33082063496113 6.56247138092294 6.45776237500831 6.48967710626312 6.57789085782133 6.7737221987918 6.68821781268343 3.34804833633825 3.17018646327779 3.01599169429392 2.94499038206413
-9999 -9999 -9999 -9999 -9999 -9999 -9999 -9999 -9999 -9999 -9999 -9999 -9999 -9999 -9999 -9999 -9999 -9999 -9999 -9999 -9999 -9999 -9999 -9999 12.1458867853507 6.61375010642223 5.60502944327891 5.61004973808303 6.28384501929395 6.06833093520254 5.78827020362951 5.77822961402126 5.91270179627463 5.94497512001544 6.23615221865475 6.17949460586533 6.11781669827178 6.15941342664883 5.88006988004781 6.01131472992711 6.15331735438667 6.26089510018937 6.29065827652812 6.34910885174759 6.07227545254864 6.50031535001472 6.41855626320466 6.26627398747951 6.56820886069909 6.16873683128506 6.30679493839853 6.29496138636023 6.28778953664005 6.60944699659012 6.60406810929999 6.65857416717336 7.04198125321418 7.03653064742684 7.00999480346218 6.77499719429761 6.74607073375955 6.75631623335981
-9999 -9999 -9999 -9999 -9999 -9999 -9999 -9999 -9999 -9999 -9999 -9999 -9999 -9999 -9999 -9999 -9999 -9999 -9999 -9999 -9999 -9999 -9999 -9999 6.39854338731883 6.87349059712142 6.93588568968698 5.88150424999185 4.40517898509279 4.19002349348739 6.08733633696102 5.98549607093446 5.80870997533202 5.68212682777084 5.96290474431589 6.15511031681672 6.19598986022174 5.98191014607437 6.11602373584174 6.09916988899931 6.14363535726443 6.04860834847204 6.14542831969447 6.19670704519376 6.14865565206856 6.01023895246908 6.34677800058853 6.39070558012463 6.1343119526282 6.21714681689627 6.18702504807152 6.20854059723206 6.40971098188311 6.38353373040445 6.07550278492272 6.26971647534519 7.04728842200711 6.16013061162084 6.25479902792722 4.36860255151987 6.82323983674869 6.83192802040971
-9999 -9999 -9999 -9999 -9999 -9999 -9999 -9999 -9999 -9999 -9999 -9999 -9999 -9999 -9999 -9999 -9999 -9999 -9999 -9999 -9999 -9999 -9999 11.9899997320026 6.66090501833241 5.7599413972348 5.62726217741147 6.14363535726443 6.17913601337932 4.49984740139917 5.97545548132621 6.28527938923799 5.98226873856038 6.0547044207342 6.04789116350003 5.95609148708172 6.11709951329976 6.13359476765618 6.16515090642497 6.18917660298757 5.88401439739391 6.7202520747669 6.73244421929121 6.69156467588618 6.22288429667242 5.9829859235324 6.34767448180355 6.2897617953131 6.0389263513498 5.97169026022311 6.06546219531447 6.12283699307591 6.28778953664005 6.46493422472849 6.60861028078943 6.22706787567586 6.28004393894225 6.17633899198845 6.63275550818071 3.71022674720734 6.99995421385393 6.76758628292009
-9999 -9999 -9999 -9999 -9999 -9999 -9999 -9999 -9999 -9999 -9999 -9999 -9999 -9999 -9999 -9999 -9999 -9999 -9999 -9999 -9999 10.0597069646363 4.45866049300613 6.75754569331184 6.68349634495098 4.43028045911342 4.67161320219748 4.31337930867448 5.65415661386214 5.82018493488431 5.91019164887257 6.08841211441904 5.93314156797715 6.1106448485516 6.12283699307591 6.22396007413045 6.11172062600963 6.2261116290465 6.1027558138594 6.69586778571829 6.69658497069031 6.34480574191548 6.16371653648093 6.18666645558551 5.87110506789759 6.00665302760899 6.39984968851786 6.42226171889342 6.7042947091395 2.99519333010539 6.47497481433675 6.28258994559292 5.99338510562666 6.05398723576218 6.21965696429834 6.55153431009967 4.67484053457156 4.3062074589543 6.36137271476909 6.53928240016103 6.59044159483165 6.30213323608041
-9999 -9999 -9999 -9999 -9999 -9999 -9999 -9999 -9999 -9999 -9999 -9999 -9999 -9999 -9999 -9999 -9999 -9999 -9999 -9999 8.25558919008092 6.73063016318552 7.34241003799252 7.35137485014275 6.90385142760351 6.39787742984481 5.76926480187103 6.15618609427474 5.80835138284601 5.97796562872827 6.2659153949935 6.19850000762381 6.26376384007744 6.0227896894794 6.00880458252504 6.1386150624603 5.97402111138217 5.64088869187981 6.09414959419519 6.21356089203618 6.59187596477568 5.9471266749315 6.32866908004507 6.29890590370633 6.27918331697583 6.19330041657668 6.73818169906735 6.72491377708502 6.54292809043545 6.63974806165788 6.44288078683894 6.4091730931541 6.45292137644719 6.58667637372855 6.80731833036989 3.23258155584335 4.81110567925498 4.16348764952272 6.33239844189957 4.67986082937568 4.26532791554928 6.48358103400096
-9999 -9999 -9999 -9999 -9999 -9999 -9999 -9999 -9999 -9999 -9999 -9999 -9999 -9999 -9999 -9999 -9999 -9999 -9999 -9999 10.9035368484731 5.85251342669989 6.78228857484646 6.12283699307591 6.45812096749432 5.63443402713165 6.06223486294039 5.87397380778566 5.9073229089845 5.87755973264575 6.33261359739117 6.44592882297002 6.31145664071664 6.15331735438667 6.2781075395178 6.12857447285205 6.16407512896694 5.98836481082253 5.90015105926432 6.20674763480201 6.21571244695224 6.21929837181233 6.33584092976525 6.11709951329976 6.77924053871538 6.70178456173744 6.54364527540747 6.91353342472576 4.91330453776754 6.76023513695691 6.55906475230586 6.65301598364022 6.70357752416749 6.86942654894665 6.83442792231217 6.9037717403844 6.48806344007608 6.68618578859605 6.66502883192152 4.27967161498964 4.52279732050374 4.58017211826518
-9999 -9999 -9999 -9999 -9999 -9999 -9999 -9999 -9999 -9999 -9999 -9999 -9999 -9999 -9999 -9999 -9999 -9999 12.989455841016 5.59945133794099 5.48561814543791 6.0629520479124 6.12498854799196 5.98979918076657 6.42477186629549 6.03785057389177 6.18379771569744 6.39034698763862 2.71979430085048 6.007011620095 6.26734976493753 6.41580705414526 6.44664600794204 6.43301949347369 6.57322915550321 6.45417645014822 5.90696431649849 5.69288460235111 5.9912335507106 6.14722128212452 6.17088838620111 6.09163944679312 6.22933896142058 6.13108462025411 6.59205526101869 6.50957898923662 6.58685566997156 6.62522506597452 6.6087298116181 6.52750861353707 6.70160526549444 6.61841180874035 6.98446301845834 6.58024163078517 6.57625726982951 6.87086091889068 5.81014434527606 6.82657474686857 6.83033996797167 6.98740347684361 6.45728425169364 5.9234595708549
-9999 -9999 -9999 -9999 -9999 -9999 -9999 -9999 -9999 -9999 -9999 -9999 -9999 -9999 -9999 -9999 7.81647388227284 6.50177960266592 6.34193700202741 5.49386577261612 6.00486006517895 5.80906856781803 5.31026641977951 5.92059083096683 6.12211980810389 6.08590196701698 6.21642963192426 6.16013061162084 6.27631457708776 6.50007628835738 6.46349985478446 6.49720754846931 6.51119265542366 6.3494674442336 4.46613970771432 4.40302743017673 6.43445386341773 5.79615923832171 6.10741751617752 6.10060425894335 6.06438641785644 6.11172062600963 6.08339181961492 6.04358805366792 6.34498503815848 6.35538422025274 6.54059723927639 6.56964323064312 6.57179478555918 6.6085505153751 6.70859781897161 6.84665592608508 6.85777229315136 6.84109774255194 6.90295494638849 6.82406459946651 6.86619921657257 6.81305581014603 6.87695699115284 6.84540085238405 6.92464979179204 6.99027221673168
-9999 -9999 -9999 -9999 -9999 -9999 -9999 -9999 -9999 -9999 -9999 7.94276142047475 7.81999982520938 -9999 -9999 -9999 7.94731283597648 6.29615669464692 6.47174748196267 6.32759330258705 5.96792503912002 6.05111849587411 6.05972471553832 5.81480604759417 5.58674122649245 5.86967069795355 6.41365549922921 6.18343912321143 6.44306008308195 6.48035370162688 6.46995451953262 6.29890590370633 6.40827661193907 6.1027558138594 4.92155216494575 5.02052369108424 4.66766868485138 5.92991423560306 6.365604106104 6.36058381129988 6.15618609427474 6.07263404503465 6.03318887157366 6.00414288020693 5.93206579051912 6.45561082009226 6.52195043000393 6.55135501385666 6.56785026821308 6.54041794303339 6.7202520747669 6.72903759067412 6.80093538411893 6.87910854606889 7.03554451809032 6.94123469426995 6.92447049554903 6.80846582632512 6.93755912128836 6.9470618221676 6.89632098539732 6.86315118044149
-9999 -9999 -9999 -9999 -9999 -9999 -9999 -9999 -9999 -9999 -9999 -9999 -9999 -9999 -9999 -9999 -9999 -9999 8.63261390621972 4.14354990730062 4.90720846550539 5.72085481625982 5.568811602192 5.92812127317302 5.81659901002422 5.93565171537921 6.24045532848686 6.16766105382703 6.32795189507306 6.54956205142662 6.22252570418641 6.15367594687268 5.55626086518168 6.11279640346766 5.87433240027167 6.29101686901413 5.97186955646612 6.10203862888739 5.99051636573859 6.39787742984481 6.35090181417763 6.20603044983 6.13287758268416 5.94533371250145 5.96792503912002 6.41060746309813 6.71630755742081 5.98011718364432 6.56516082456801 6.71272163256072 6.70752204151358 6.73029266437516 6.78031631617341 6.78910183208063 6.8673646421521 6.99206517916173 6.95931373210624 7.12346940347925 6.99278236413375 6.86612749807537 7.05912197404541 6.98471403319854
-9999 -9999 -9999 -9999 -9999 -9999 -9999 -9999 -9999 -9999 -9999 -9999 -9999 -9999 10.0712383710415 5.85381294135004 6.59052128205076 7.41125979530625 5.93887904775329 5.45370341418311 5.63622698956169 5.68248542025685 5.50713369459845 5.62152469763532 5.65702535375021 6.09630114911124 6.0905636693351 6.07514419243671 6.16479231393896 5.9234595708549 5.90839868644252 6.26340524759144 5.21272926358506 6.01920376461931 6.37277595582418 6.38030639803037 6.24368266086094 6.10777610866353 6.36703847604804 6.31002227077261 6.1941968977917 5.76316872960888 6.14327676477842 6.2978301262483 6.10849329363555 6.27308724471368 6.43301949347369 6.58721426245756 6.68744086229708 6.74911876989063 6.75324258347973 6.7600558407139 6.91183011041721 6.81076081823558 6.86024658130482 6.84862818475813 6.99334017466754 7.31346650162179 6.60693684918806 6.67004912672564 6.98274177452549 5.34756003832445
-9999 -9999 -9999 -9999 -9999 -9999 -9999 -9999 -9999 -9999 -9999 -9999 6.17999986186624 7.43704585498199 6.80440177815035 6.37313454831019 6.1145893658977 5.78253272385336 5.55195775534958 5.77822961402126 5.7043595619034 5.64160587685183 5.71404155902565 5.60323648084886 5.66312142601237 5.88509017485194 5.8040482730139 5.74093599547632 5.9234595708549 5.91664631362073 6.03605761146173 6.3297448575031 6.31862849043682 6.06366923288442 6.30822930834256 6.33404796733521 6.39465009747073 6.01812798716128 6.16084779659286 6.14471113472246 6.16909542377107 5.89728231937625 5.88688313728198 6.1343119526282 6.21983626054134 6.15618609427474 6.12283699307591 6.59994429571088 6.62683873216156 6.77224798523821 6.8075693451101 6.81760993471835 6.94338624918601 7.1144348650123 6.80721075262409 6.23758658859879 6.92823571665213 6.90707875997759 6.99565110402182 7.00246436125599 6.57585883373395 6.60586107173003
-9999 -9999 -9999 -9999 -9999 -9999 -9999 -9999 -9999 -9999 6.45516404912609 6.9591771254449 7.6792877567932 5.92166660842486 6.04538101609796 6.04071931377985 5.94246497261338 7.42488630977459 4.84385712631047 7.31023451220244 4.35497603705153 5.59463026118465 5.6563081687782 6.24942014063708 5.6523636514321 5.73914303304628 5.69324319483712 5.85640277597122 6.14291817229241 6.29890590370633 7.08099611569196 5.82520522968844 6.65785698220134 6.42907497612759 6.24117251345888 6.37277595582418 6.3057191609405 6.20316170994192 5.369792772457 6.1425595798064 6.00019836286083 6.1863078630995 5.97366251889616 6.24977873312309 5.5928372987546 5.66957609076053 6.27272865222767 6.13323617517017 6.14722128212452 6.81061738124117 6.79107409075368 6.90958890737966 6.98435544071253 7.02129046677146 6.97933514590841 7.06432156509254 7.0508743468672 7.05517745669931 6.95369578315876 6.88681828451809 7.01429791329429 6.43385620927438
-9999 -9999 -9999 -9999 -9999 -9999 -9999 -9999 -9999 -9999 10.6449997620657 5.98792184363393 7.29384316816868 7.89780460018665 7.97499978262931 7.91358266957104 12.349999723956 -9999 -9999 9.22999979369342 -9999 9.77754014720842 5.78480380959809 5.63192387972958 5.3776818071492 5.39274269156158 5.69180882489309 6.12929165782407 6.17303994111717 3.39466535951942 6.61123995902017 5.69898067461327 5.80010375566781 6.54454175662249 6.60335092432797 6.5685674531851 6.13502913760021 6.44485304551199 6.36237677372992 6.04179509123787 6.60191655438393 7.1742301620543 6.80344553152099 6.53844568436034 6.25300606549717 6.34086122456938 6.34193700202741 6.25444043544121 6.81312752864324 6.84540085238405 6.83446378156077 6.9590746704489 7.02093187428545 6.97377696237527 7.08780937292613 7.15450757532381 2.16469313250855 3.15010528406128 4.11973936622962 2.49029510980472 6.94616534095258 5.86034729331732
-9999 -9999 -9999 -9999 -9999 -9999 -9999 -9999 -9999 -9999 -9999 -9999 -9999 -9999 -9999 -9999 -9999 -9999 -9999 -9999 -9999 -9999 -9999 -9999 -9999 6.76269255016985 5.47181233472656 5.88867609971203 6.19993437756784 6.24762717820704 6.28384501929395 6.29531997884624 6.30894649331458 6.38604387780651 5.67101046070457 5.5928372987546 5.51968443160877 6.27488020714372 6.40002898476087 6.14004943240434 7.11255225446075 7.1939527487848 7.25993376621045 7.18319497420453 6.91227835102472 6.28241064934991 6.17555008851923 6.35592210898176 7.05141223559622 6.9590746704489 6.89416943048127 6.94240011984948 7.04334390466101 7.00820184103213 7.06503875006456 7.11237295821775 7.04029586852994 7.08332696685102 7.11703466053586 6.99995421385393 6.88287376717199 6.74445706757251
-9999 -9999 -9999 -9999 -9999 -9999 -9999 -9999 -9999 -9999 -9999 -9999 -9999 -9999 -9999 -9999 -9999 -9999 -9999 -9999 -9999 -9999 -9999 -9999 -9999 10.6396679468453 6.70739397276858 6.08984648436308 6.12140262313187 6.25121310306713 6.23579362616874 6.34372996445745 6.40289772464894 5.91485335119069 6.26627398747951 7.08529922552407 7.07023834111169 5.68248542025685 6.78802605462261 6.99995421385393 7.28216650034301 7.29256568243727 7.24021117947996 7.20004882104695 7.15988646261394 6.38998839515261 6.61733603128232 7.27929776045494 7.10968351457268 7.12492369522806 7.09175389027223 6.9949339190498 7.12725454638712 6.9789765534224 6.50581376813352 6.65104372496717 6.73818169906735 7.17530593951233 6.52374339243397 6.61841180874035 6.6085505153751 7.29077272000723
-9999 -9999 -9999 -9999 -9999 -9999 -9999 -9999 -9999 -9999 -9999 -9999 -9999 -9999 -9999 -9999 -9999 -9999 -9999 -9999 -9999 -9999 -9999 -9999 -9999 -9999 -9999 8.68290843791328 6.06851023144554 5.831803331431 6.35807366389781 6.53521835198626 6.80165256909095 6.79914242168888 6.88305306341499 6.25479902792722 6.91640216461383 6.89345224550925 5.47019866853952 6.99780265893787 7.39942624326795 7.17996764183044 7.38257239642553 7.36284980969504 7.18857386149466 6.37492751074024 7.07633441337384 7.15791420394089 7.05930127028842 7.14769431808963 7.22389522136655 7.13478498859331 7.0587633815594 7.1383709134534 6.69407482328825 6.83787041017786 6.85831018188037 7.21546829794534 7.42398982855957 6.56426434335299 7.31059093140066 7.41681797883939
