EcologicalScience/Bass/data/rs_data_bass/sst_27.asc
NCOLS 226 
NROWS 124 
XLLCORNER -9.41648524995501 
YLLCORNER 47.587301625531 
CELLSIZE 0.0833 
NODATA_value -9999 
[rows 0 to 26 of 124, columns 62 to 123 of 226]
-9999 -9999 -9999 -9999 -9999 -9999 -9999 -9999 -9999 -9999 -9999 -9999 -9999 -9999 -9999 -9999 -9999 -9999 -9999 -9999 -9999 -9999 -9999 -9999 -9999 -9999 -9999 -9999 -9999 -9999 -9999 -9999 -9999 -9999 -9999 -9999 -9999 -9999 -9999 -9999 -9999 -9999 -9999 -9999 -9999 -9999 -9999 -9999 -9999 -9999 -9999 -9999 -9999 -9999 -9999 -9999 -9999 -9999 -9999 -9999 -9999 -9999
-9999 -9999 -9999 -9999 -9999 -9999 -9999 -9999 -9999 -9999 -9999 -9999 -9999 -9999 -9999 -9999 -9999 -9999 -9999 -9999 -9999 -9999 -9999 -9999 -9999 -9999 -9999 -9999 -9999 -9999 -9999 -9999 -9999 -9999 -9999 -9999 -9999 -9999 -9999 -9999 -9999 -9999 -9999 -9999 -9999 -9999 -9999 -9999 -9999 -9999 -9999 -9999 -9999 -9999 -9999 -9999 -9999 -9999 -9999 -9999 -9999 -9999
-9999 -9999 -9999 -9999 -9999 -9999 -9999 -9999 -9999 -9999 -9999 -9999 -9999 -9999 -9999 -9999 -9999 -9999 -9999 -9999 -9999 -9999 -9999 -9999 -9999 -9999 -9999 -9999 -9999 -9999 -9999 -9999 -9999 -9999 -9999 -9999 -9999 -9999 -9999 -9999 -9999 -9999 -9999 -9999 -9999 -9999 -9999 -9999 -9999 -9999 -9999 -9999 -9999 -9999 -9999 -9999 -9999 -9999 -9999 -9999 -9999 -9999
-9999 -9999 -9999 -9999 -9999 -9999 -9999 -9999 -9999 -9999 -9999 -9999 -9999 -9999 -9999 -9999 -9999 -9999 -9999 -9999 -9999 -9999 -9999 -9999 -9999 -9999 -9999 -9999 -9999 -9999 -9999 -9999 -9999 -9999 -9999 -9999 -9999 -9999 -9999 -9999 -9999 -9999 -9999 -9999 -9999 -9999 -9999 -9999 -9999 -9999 -9999 -9999 -9999 -9999 -9999 -9999 -9999 -9999 -9999 -9999 -9999 -9999
-9999 -9999 -9999 -9999 -9999 -9999 -9999 -9999 -9999 -9999 -9999 -9999 -9999 -9999 -9999 -9999 -9999 -9999 -9999 -9999 -9999 -9999 -9999 -9999 -9999 -9999 -9999 -9999 -9999 -9999 -9999 -9999 -9999 -9999 -9999 -9999 -9999 -9999 -9999 -9999 -9999 -9999 -9999 -9999 -9999 -9999 -9999 -9999 -9999 -9999 -9999 -9999 -9999 -9999 -9999 -9999 -9999 -9999 -9999 -9999 -9999 -9999
-9999 -9999 -9999 -9999 -9999 -9999 -9999 -9999 -9999 -9999 -9999 -9999 -9999 -9999 -9999 -9999 -9999 -9999 -9999 -9999 -9999 -9999 -9999 -9999 -9999 -9999 -9999 -9999 11.7199997380376 12.9949997095391 13.1899997051805 13.1899997051805 12.7549997149035 12.8349997131154 12.5199997201562 12.8449997128919 13.0049997093156 13.0799997076392 13.199999704957 13.2349997041747 13.2899997029454 13.4049997003749 12.5949997184798 12.7899997141212 13.3749997010455 13.6849996941164 13.7649996923283 13.5449996972457 13.469999698922 13.3999997004867 13.054999708198 13.1199997067451 13.6999996937811 13.6849996941164 13.6849996941164 13.9599996879697 14.1799996830523 14.1699996832758 14.1049996847287 14.1749996831641 14.1849996829405 14.1299996841699
-9999 -9999 -9999 -9999 -9999 -9999 -9999 -9999 -9999 -9999 -9999 -9999 -9999 -9999 -9999 -9999 -9999 -9999 -9999 -9999 -9999 -9999 -9999 -9999 -9999 -9999 -9999 11.6899997387081 12.9599997103214 12.9949997095391 13.1149997068569 12.7699997145683 12.5749997189268 13.4849996985868 13.3699997011572 13.1549997059628 13.1049997070804 13.2349997041747 13.2849997030571 13.1949997050688 13.1649997057393 13.3399997018278 13.4149997001514 13.2049997048452 13.2349997041747 13.8049996914342 13.5349996974692 13.3849997008219 13.3949997005984 13.7949996916577 13.5999996960163 13.7749996921048 13.7499996926636 13.7949996916577 14.0249996865168 13.9849996874109 14.1549996836111 14.194999682717 14.1799996830523 14.1649996833876 14.194999682717 14.2199996821582
-9999 -9999 -9999 -9999 -9999 -9999 -9999 -9999 -9999 -9999 -9999 -9999 -9999 -9999 -9999 -9999 -9999 -9999 -9999 -9999 -9999 -9999 -9999 -9999 -9999 -9999 12.3249997245148 12.5949997184798 12.7399997152388 12.9899997096509 12.9149997113273 12.8699997123331 13.034999708645 13.3499997016042 13.4349996997043 13.0799997076392 13.1099997069687 13.1099997069687 13.2799997031689 13.344999701716 13.2549997037277 13.2499997038394 13.2449997039512 12.1099997293204 13.7649996923283 13.8049996914342 13.7199996933341 11.4549997439608 14.6799996718764 14.6849996717647 13.9599996879697 13.179999705404 13.9849996874109 14.0399996861815 14.1199996843934 14.1699996832758 14.1399996839464 14.1349996840581 14.1699996832758 14.1899996828288 14.1899996828288 14.1999996826053
-9999 -9999 -9999 -9999 -9999 -9999 -9999 -9999 -9999 -9999 -9999 -9999 -9999 -9999 -9999 -9999 -9999 -9999 -9999 -9999 -9999 -9999 -9999 -9999 -9999 -9999 12.5399997197092 12.784999714233 12.7599997147918 12.7149997157976 12.7599997147918 12.7249997155741 12.8399997130036 13.0249997088686 12.204999727197 12.3949997229502 14.1399996839464 13.3499997016042 13.199999704957 12.3999997228384 12.639999717474 13.0299997087568 13.4399996995926 12.8699997123331 11.6749997390434 11.9999997317791 11.8549997350201 11.5749997412786 14.649999672547 11.8849997343495 11.8849997343495 13.8499996904284 13.5449996972457 14.0199996866286 14.049999685958 14.1099996846169 14.0749996853992 14.0299996864051 15.4324996550567 14.194999682717 14.1999996826053 14.2599996812642
-9999 -9999 -9999 -9999 -9999 -9999 -9999 -9999 -9999 -9999 -9999 -9999 -9999 -9999 -9999 -9999 -9999 -9999 -9999 -9999 -9999 -9999 -9999 -9999 -9999 11.2379784722159 12.8449997128919 13.5049996981397 13.5049996981397 12.8599997125566 12.992499709595 13.3833330341925 13.3349997019395 13.4199997000396 13.447499699425 13.3999997004867 13.4149997001514 13.6933330272635 13.5174996978603 11.7799997366965 12.0899997297674 12.6899997163564 13.1649997057393 12.9349997108802 11.1599997505546 11.6199997402728 11.7349997377023 11.6099997404963 11.5899997409433 14.7274996708147 14.7399996705353 13.344999701716 13.3749997010455 13.3099997024983 13.5549996970221 13.9699996877462 14.0349996862933 14.1399996839464 15.0949996626005 15.334999657236 14.1049996847287 14.089999685064
-9999 -9999 -9999 -9999 -9999 -9999 -9999 -9999 -9999 -9999 -9999 -9999 -9999 -9999 -9999 -9999 -9999 -9999 -9999 -9999 -9999 -9999 -9999 -9999 9.7608926389699 14.379999678582 14.2449996815994 13.6899996940047 13.8599996902049 13.9549996880814 12.9899997096509 13.3299997020513 13.2349997041747 13.7416663595165 13.8499996904284 13.8499996904284 13.8824996897019 14.0283330197756 13.5474996971898 13.5599996969104 12.0499997306615 12.4199997223914 12.6449997173622 12.7599997147918 14.484999676235 14.21499968227 14.4549996769056 11.6699997391552 12.1999997273088 12.5499997194856 14.8074996690266 13.4099997002631 13.5649996967986 13.6999996937811 13.6949996938929 13.9649996878579 14.1499996837229 13.9799996875226 13.8449996905401 13.7649996923283 13.5599996969104 13.8499996904284
-9999 -9999 -9999 -9999 -9999 -9999 -9999 -9999 -9999 -9999 -9999 -9999 -9999 -9999 -9999 -9999 -9999 -9999 -9999 -9999 -9999 -9999 -9999 -9999 14.5549996746704 14.4799996763468 14.4599996767938 14.1049996847287 13.904999689199 13.6199996955693 13.779999691993 13.8349996907637 13.8449996905401 13.6649996945634 13.6949996938929 13.8049996914342 13.9374996884726 14.2216663487876 12.8949997117743 12.8949997117743 12.6649997169152 12.6949997162446 12.9999997094274 13.1649997057393 12.3099997248501 12.0349997309968 12.0649997303262 12.2099997270852 12.5799997188151 12.639999717474 12.5799997188151 13.7349996929988 13.7399996928871 13.8149996912107 13.9999996870756 15.2549996590242 14.0449996860698 14.0249996865168 14.1699996832758 14.3449996793643 14.0549996858463 14.1249996842816
-9999 -9999 -9999 -9999 -9999 -9999 -9999 -9999 -9999 -9999 -9999 -9999 -9999 -9999 -9999 -9999 -9999 -9999 -9999 -9999 -9999 -9999 -9999 9.82277755822158 14.0099996868521 14.2799996808171 14.3299996796995 13.9649996878579 13.8449996905401 13.654999694787 13.6199996955693 13.7299996931106 13.7249996932223 13.7449996927753 13.5449996972457 14.1266663509111 14.4649996766821 14.5499996747822 14.5649996744469 14.0774996853434 12.8199997134507 12.8049997137859 12.8399997130036 13.3549997014925 13.0399997085333 12.5549997193739 13.6299996953458 13.6449996950105 12.784999714233 12.6699997168034 12.6249997178093 15.2424996593036 13.7299996931106 13.8099996913224 13.9349996885285 13.9599996879697 14.0949996849522 15.5174996531568 15.5974996513687 14.5149996755645 14.524999675341 14.5599996745586
-9999 -9999 -9999 -9999 -9999 -9999 -9999 -9999 -9999 -9999 -9999 -9999 -9999 -9999 -9999 -9999 -9999 -9999 -9999 -9999 -9999 -9999 12.8533330460389 13.3416663684572 13.7449996927753 13.1549997059628 13.1549997059628 14.0749996853992 13.9899996872991 13.6899996940047 13.6849996941164 13.75999969244 13.2149997046217 13.1599997058511 13.8549996903166 14.2499996814877 14.339999679476 14.4699996765703 14.6099996734411 14.0724996854551 13.4249996999279 13.2349997041747 13.0649997079745 13.0599997080863 12.7499997150153 12.909999711439 12.6549997171387 12.5049997204915 11.914999733679 12.0499997306615 12.2149997269735 12.7449997151271 13.2349997041747 13.8199996910989 14.1699996832758 14.0599996857345 14.0049996869639 13.9749996876344 13.6499996948987 14.6849996717647 14.6849996717647 14.6749996719882
-9999 -9999 -9999 -9999 -9999 -9999 -9999 -9999 -9999 -9999 -9999 -9999 -9999 -9999 -9999 -9999 -9999 -9999 -9999 -9999 -9999 14.2066663491229 14.1999996826053 14.0849996851757 13.8949996894225 13.5349996974692 13.6749996943399 13.6749996943399 13.7249996932223 13.8049996914342 13.2999997027218 13.2999997027218 13.324999702163 13.3699997011572 13.9099996890873 13.9149996889755 14.2199996821582 14.4299996774644 14.5699996743351 14.5999996736646 13.8499996904284 13.3599997013807 12.909999711439 13.0499997083098 12.8749997122213 12.6599997170269 12.3049997249618 12.1949997274205 12.3549997238442 15.3949996558949 13.3499997016042 13.4649996990338 13.7099996935576 14.484999676235 14.6999996714294 14.3349996795878 14.1049996847287 14.1249996842816 14.0199996866286 15.8824996449985 14.7099996712059 14.629999672994
-9999 -9999 -9999 -9999 -9999 -9999 -9999 -9999 -9999 -9999 -9999 -9999 -9999 -9999 -9999 -9999 -9999 -9999 -9999 -9999 13.822499691043 14.1549996836111 14.1433330172052 14.4149996777996 14.2049996824935 13.8699996899813 13.7849996918812 13.5649996967986 13.5699996966869 13.6399996951222 12.8699997123331 12.8299997132272 13.4099997002631 13.4249996999279 13.4599996991456 14.379999678582 14.359999679029 14.3749996786937 14.379999678582 14.0299996864051 14.0649996856228 13.6799996942282 13.9749996876344 13.489999698475 13.0449997084215 12.7399997152388 12.2699997257441 12.1449997285381 12.5249997200444 12.8999997116625 13.5799996964633 13.1549997059628 13.7549996925518 14.1549996836111 14.1449996838346 14.4449996771291 14.524999675341 14.1999996826053 13.924999688752 13.8199996910989 13.904999689199 14.089999685064
-9999 -9999 -9999 -9999 -9999 -9999 -9999 -9999 -9999 -9999 -9999 -9999 -9999 -9999 -9999 -9999 -9999 -9999 -9999 14.3249996798113 14.3249996798113 14.2599996812642 14.3216663465525 13.5949996961281 12.8649997124448 13.1949997050688 13.489999698475 13.5549996970221 13.3499997016042 13.2699997033924 13.4049997003749 13.4199997000396 13.199999704957 13.2599997036159 13.7399996928871 13.8549996903166 13.9849996874109 14.4049996780232 14.3899996783584 13.9924996872433 14.4449996771291 14.3649996789172 13.4299996998161 13.4599996991456 13.4849996985868 12.6799997165799 12.6799997165799 15.1599996611476 12.3599997237325 13.3099997024983 13.5549996970221 13.7299996931106 13.8399996906519 13.9649996878579 14.1049996847287 15.229999659583 15.044999663718 15.914999644272 16.0049996422604 16.0699996408075 14.8649996677414 14.9299996662885
-9999 -9999 -9999 -9999 -9999 -9999 -9999 -9999 -9999 -9999 -9999 -9999 -9999 -9999 -9999 -9999 -9999 15.1533329946299 14.8049996690825 14.8049996690825 14.8849996672943 14.9949996648356 14.4649996766821 14.428333010835 12.5999997183681 13.034999708645 13.1099997069687 13.8849996896461 13.2699997033924 13.2699997033924 13.2849997030571 13.4499996993691 13.5249996976927 13.7299996931106 13.8149996912107 14.049999685958 14.089999685064 13.9649996878579 12.8299997132272 12.8599997125566 14.0949996849522 14.4799996763468 14.3899996783584 15.2799996584654 15.1874996605329 13.8499996904284 13.8499996904284 12.5949997184798 13.0699997078627 13.8649996900931 16.1899996381253 14.0099996868521 13.944999688305 14.0599996857345 14.484999676235 14.5599996745586 14.1449996838346 14.0799996852875 14.0749996853992 14.6849996717647 14.8649996677414 14.8849996672943
-9999 -9999 -9999 -9999 -9999 -9999 -9999 -9999 -9999 -9999 -9999 -9999 -9999 -9999 -9999 -9999 -9999 14.8049996690825 14.7999996691942 14.7599996700883 14.8249996686354 14.9099996667355 14.0399996861815 14.21499968227 14.919999666512 13.7549996925518 13.6299996953458 13.5049996981397 13.5849996963516 13.5999996960163 13.7949996916577 13.7949996916577 13.4199997000396 13.7399996928871 13.8549996903166 13.9749996876344 14.1399996839464 14.3049996802583 14.2599996812642 15.3399996571243 15.1449996614829 15.3399996571243 15.0699996631593 14.7649996699765 14.1999996826053 14.4499996770173 14.2849996807054 14.0649996856228 14.0749996853992 13.3949997005984 13.904999689199 13.6849996941164 13.5699996966869 14.0749996853992 14.3749996786937 14.9149996666238 14.4399996772408 14.1899996828288 14.2399996817112 14.4399996772408 14.5399996750057 14.9549996657297
-9999 -9999 -9999 -9999 -9999 -9999 -9999 -9999 -9999 -9999 -9999 -9999 -9999 -9999 -9999 -9999 -9999 -9999 13.1599997058511 14.5849996739998 14.9899996649474 15.2999996580184 14.8199996687472 14.3549996791407 14.1899996828288 14.8049996690825 14.359999679029 13.7649996923283 13.9749996876344 14.3299996796995 14.1299996841699 13.9399996884167 14.0649996856228 14.1749996831641 14.0149996867403 13.7499996926636 13.654999694787 15.3883329893773 15.4733329874774 15.4883329871421 14.4499996770173 14.9099996667355 15.9599996432662 15.727499648463 14.4699996765703 14.2849996807054 14.2399996817112 14.2799996808171 14.0649996856228 13.6999996937811 13.7349996929988 14.6899996716529 15.0699996631593 15.0199996642768 15.0599996633828 15.2049996601418 15.2799996584654 14.6249996731058 14.4699996765703 15.0399996638298 15.4499996546656 15.3899996560067
-9999 -9999 -9999 -9999 -9999 -9999 -9999 -9999 -9999 -9999 -9999 -9999 -9999 -9999 10.6249997625127 14.4104542233558 14.4287496774923 13.9899996872991 14.6249996731058 14.6699996720999 15.0999996624887 15.1399996615946 14.8599996678531 14.7549996702 14.8399996683002 14.8249996686354 14.7649996699765 14.4749996764585 14.524999675341 14.6399996727705 14.5749996742234 14.4799996763468 14.6149996733293 14.8699996676296 14.939999666065 14.794999669306 13.5699996966869 13.7649996923283 13.7899996917695 15.5583329855775 14.5099996756762 14.9299996662885 15.4599996544421 13.2899997029454 13.7499996926636 13.8599996902049 14.339999679476 14.4149996777996 14.4349996773526 14.8899996671826 15.4499996546656 15.3249996574596 15.1149996621534 14.7249996708706 14.9899996649474 15.3249996574596 15.4199996553361 15.8224996463396 15.6799996495247 15.6399996504188 15.8749996451661 16.0199996419251
-9999 -9999 -9999 -9999 -9999 -9999 -9999 -9999 -9999 -9999 -9999 -9999 -9999 15.064999663271 14.9833329984297 15.1233329953005 13.9999996870756 13.634999695234 13.7249996932223 13.9499996881932 14.194999682717 14.6049996735528 14.7399996705353 14.8599996678531 14.7899996694177 14.6799996718764 14.7249996708706 14.8699996676296 14.7299996707588 14.6649996722117 14.7099996712059 14.8099996689707 14.8899996671826 14.9899996649474 15.064999663271 15.0599996633828 14.9949996648356 14.9599996656179 15.4074996556155 15.4416663215185 15.4416663215185 15.6299996506423 15.4949996536598 15.5849996516481 15.2949996581301 13.5499996971339 14.3049996802583 16.2499996367842 13.799999691546 15.3599996566772 15.044999663718 15.1099996622652 14.9499996658415 15.0299996640533 15.0999996624887 15.3099996577948 16.1899996381253 13.4199997000396 15.0349996639416 15.7099996488541 15.9949996424839 16.0199996419251
-9999 -9999 -9999 -9999 -9999 -9999 -9999 -9999 -9999 -9999 12.369999723509 12.204999727197 14.7283330041294 14.5549996746704 14.8483330014472 15.2333329928418 15.0183329976474 14.6624996722676 14.3899996783584 13.7049996936694 14.5149996755645 15.0949996626005 15.2499996591359 15.1399996615946 14.9499996658415 14.7349996706471 14.7249996708706 14.9749996652827 14.8699996676296 14.6949996715412 14.7849996695295 14.774999669753 14.9299996662885 14.9149996666238 15.0099996645004 15.0599996633828 15.0399996638298 15.0749996630475 14.9149996666238 14.9449996659532 15.5233329863598 15.5383329860245 15.5099996533245 15.5999996513128 15.5699996519834 14.7499996703118 13.7049996936694 13.8249996909872 16.0674996408634 16.0149996420369 15.5049996534362 15.5349996527657 15.4149996554479 14.9749996652827 15.1799996607006 16.0049996422604 16.1049996400252 15.7249996485189 15.4099996555597 16.3249996351078 16.6199996285141 16.099999640137
-9999 -9999 -9999 -9999 -9999 -9999 -9999 -9999 -9999 -9999 12.7599997147918 12.8799997121096 12.369999723509 14.5899996738881 14.6449996726587 14.6774996719323 14.7019996713847 -9999 -9999 9.22999979369342 9.17499979492277 14.9949996648356 15.0499996636063 14.9849996650591 14.774999669753 14.7599996700883 14.629999672994 14.7599996700883 14.7249996708706 14.5299996752292 14.6099996734411 14.3299996796995 15.044999663718 14.8699996676296 14.8799996674061 14.9049996668473 14.9649996655062 15.0149996643886 14.9799996651709 14.774999669753 14.6749996719882 15.6666663164894 15.4649996543303 15.6199996508658 15.7599996477365 15.8149996465072 15.8949996447191 13.2349997041747 16.0849996404722 15.4499996546656 15.6049996512011 15.7049996489659 15.7049996489659 15.2949996581301 15.2699996586889 15.1449996614829 14.9699996653944 16.1199996396899 15.6949996491894 15.6999996490777 16.3949996335432 15.7299996484071
-9999 -9999 -9999 -9999 -9999 -9999 -9999 -9999 -9999 -9999 -9999 -9999 -9999 -9999 -9999 -9999 -9999 -9999 -9999 -9999 -9999 -9999 -9999 -9999 12.8999997116625 14.6424996727146 14.484999676235 14.4599996767938 14.2499996814877 14.1199996843934 14.1599996834993 14.4299996774644 14.8099996689707 14.9049996668473 15.0199996642768 15.0099996645004 14.919999666512 14.9699996653944 15.0399996638298 14.9899996649474 14.774999669753 15.7466663147012 15.6499996501952 15.6849996494129 15.934999643825 15.6399996504188 14.6599996723235 14.7349996706471 16.0649996409193 15.2399996593595 15.2199996598065 15.5149996532127 15.9599996432662 16.1249996395782 16.1949996380135 15.769999647513 16.1799996383488 15.2799996584654 15.8299996461719 14.8349996684119 15.1299996618181 15.7149996487424
-9999 -9999 -9999 -9999 -9999 -9999 -9999 -9999 -9999 -9999 -9999 -9999 -9999 -9999 -9999 -9999 -9999 -9999 -9999 -9999 -9999 -9999 -9999 -9999 -9999 10.6396679468453 14.4999996758997 14.0799996852875 14.0149996867403 13.8549996903166 14.1149996845052 14.6699996720999 14.7449996704236 14.7899996694177 14.919999666512 14.8549996679649 14.8949996670708 14.9749996652827 15.1399996615946 15.1399996615946 15.3149996576831 15.002499664668 15.6499996501952 15.4199996553361 15.6749996496364 15.4599996544421 14.8049996690825 15.2449996592477 15.4899996537715 14.9699996653944 15.0599996633828 15.3499996569008 15.6349996505305 16.1499996390194 16.0699996408075 16.5699996296316 16.1049996400252 15.7649996476248 14.7299996707588 16.1549996389076 16.3249996351078 15.0999996624887
-9999 -9999 -9999 -9999 -9999 -9999 -9999 -9999 -9999 -9999 -9999 -9999 -9999 -9999 -9999 -9999 -9999 -9999 -9999 -9999 -9999 -9999 -9999 -9999 -9999 -9999 -9999 14.7512496702839 14.4874996761791 13.779999691993 13.5799996964633 14.4199996776879 14.6149996733293 14.6149996733293 14.4899996761233 14.6599996723235 14.8649996677414 15.0249996641651 15.1499996613711 15.2599996589124 15.3899996560067 15.5149996532127 15.5699996519834 15.6699996497482 15.5349996527657 15.4349996550009 15.5999996513128 14.9149996666238 15.2199996598065 15.3799996562302 15.4599996544421 15.4699996542186 16.0449996413663 16.2899996358901 16.3249996351078 16.6299996282905 16.494999631308 14.9899996649474 13.8349996907637 13.7699996922165 16.7699996251613 16.7149996263906
