EcologicalScience/Bass/data/rs_data_bass/sst_316.asc
NCOLS 226 
NROWS 124 
XLLCORNER -9.41648524995501 
YLLCORNER 47.587301625531 
CELLSIZE 0.0833 
NODATA_value -9999 
[rows 81 to 107 of 124, columns 62 to 123 of 226]
14.6087289564312 -9999 -9999 -9999 -9999 -9999 -9999 -9999 -9999 -9999 -9999 -9999 -9999 -9999 -9999 -9999 -9999 -9999 -9999 -9999 -9999 -9999 -9999 -9999 -9999 -9999 -9999 -9999 -9999 -9999 -9999 -9999 -9999 -9999 -9999 -9999 -9999 -9999 -9999 -9999 -9999 -9999 -9999 -9999 -9999 -9999 -9999 -9999 -9999 -9999 -9999 -9999 -9999 -9999 -9999 -9999 -9999 -9999 -9999 -9999 -9999 -9999
14.9123581891613 -9999 -9999 -9999 -9999 -9999 -9999 -9999 -9999 -9999 -9999 -9999 -9999 -9999 -9999 -9999 -9999 -9999 -9999 -9999 -9999 -9999 -9999 -9999 -9999 -9999 -9999 -9999 -9999 -9999 -9999 -9999 -9999 -9999 -9999 -9999 -9999 -9999 -9999 -9999 -9999 -9999 -9999 -9999 -9999 -9999 -9999 -9999 -9999 -9999 -9999 -9999 -9999 -9999 -9999 -9999 -9999 -9999 -9999 -9999 -9999 -9999
-9999 -9999 -9999 -9999 -9999 -9999 -9999 -9999 -9999 -9999 -9999 -9999 -9999 -9999 -9999 -9999 -9999 -9999 -9999 -9999 -9999 -9999 -9999 -9999 -9999 -9999 -9999 -9999 -9999 -9999 -9999 -9999 -9999 -9999 -9999 -9999 -9999 -9999 -9999 -9999 -9999 -9999 -9999 -9999 -9999 -9999 -9999 -9999 -9999 -9999 -9999 -9999 -9999 -9999 -9999 -9999 -9999 -9999 -9999 -9999 15.2944372216819 -9999
-9999 -9999 -9999 -9999 -9999 -9999 -9999 -9999 -9999 -9999 -9999 -9999 -9999 -9999 -9999 -9999 -9999 -9999 -9999 -9999 -9999 -9999 -9999 -9999 -9999 -9999 -9999 -9999 -9999 -9999 -9999 -9999 -9999 11.3199997469783 11.209999749437 11.1449997508898 -9999 -9999 -9999 -9999 -9999 -9999 -9999 -9999 -9999 -9999 -9999 -9999 -9999 -9999 -9999 -9999 -9999 -9999 -9999 -9999 17.2699996139854 14.1293155702863 12.5991016651011 12.3185979663394 13.494781320449 13.1003295858391
-9999 -9999 -9999 -9999 -9999 -9999 -9999 -9999 -9999 -9999 -9999 -9999 -9999 -9999 -9999 -9999 -9999 -9999 -9999 -9999 -9999 -9999 -9999 -9999 -9999 -9999 -9999 -9999 -9999 -9999 -9999 -9999 -9999 16.9982676553344 11.2817277930444 11.0800195196643 11.5949583295733 15.2839371533348 13.7472681771768 11.2399517684244 17.3493897505105 -9999 10.302304136008 10.8018951875158 10.8615649771877 11.8719710250152 12.1889667826472 12.2873287015595 12.4319131919183 12.6816728584236 12.5126291005872 12.5877216270892 15.1840531472396 -9999 14.6259551349353 12.0500121943187 13.1849574125372 13.138340389356 13.3534958809614 13.5292061991058 13.5715201124549 13.574388852343
-9999 -9999 -9999 -9999 -9999 -9999 -9999 -9999 -9999 -9999 -9999 -9999 14.4714947123411 13.2765097837927 13.1988022006927 12.5373393828049 12.4247413421981 12.3530228449963 14.4284937901058 -9999 -9999 -9999 -9999 -9999 -9999 11.894999734126 10.4000126032939 16.2006177648769 11.5882646031678 11.8024638481438 11.7993560465984 12.0978842912009 10.4503311142325 10.469695108477 13.8849996896461 12.8323696802069 14.6117693303296 11.422833936289 12.301385527011 12.0747550758533 11.0498977508396 10.9272591206245 12.9206747503486 12.9303567474708 13.2323633391876 12.6345896650106 13.3427381063811 12.8503906230908 13.7249976964667 14.0398418991826 13.8799096504226 13.8297067023814 13.7249976964667 13.0484771123622 12.6616514446214 13.0953092910349 13.1519669038244 13.4854579158127 13.6116824708879 13.6518448293209 13.6389354998246 13.3850520197302
-9999 -9999 -9999 -9999 -9999 -9999 -9999 -9999 -9999 15.457740336709 12.5934485600275 13.334849071689 13.7658772398718 13.7472304305993 13.6812494131736 13.6253089853562 13.3958097943105 13.8576769162901 13.7802209393121 13.4370479302015 13.4006507928716 13.5946868549231 12.9249778601807 13.0422376031056 12.8270821115002 14.2821906543104 -9999 12.5032730966341 12.553595575504 12.6951200766489 12.2246467350051 12.0503707868047 12.142170463223 12.1156346192583 15.6562193952637 16.1199996396899 13.8186907412112 12.4921567295678 11.3281655199826 11.2363658435643 11.7405468788929 11.9800866595469 13.297555453144 13.5987731413916 12.8148899669759 13.2294228808023 13.3932996469084 13.4503158521838 13.9889217661694 14.0039826505817 14.0111545003019 14.1610461594537 14.0850245524198 13.7859584190883 14.1122775813565 13.097460845951 13.1863917824812 13.5614795228466 13.6769463033415 13.5959044015035 13.4517502221279 13.4768516961485
-9999 -9999 -9999 -9999 -9999 -9999 -9999 -9999 13.9299676602241 11.1273537278175 13.5901669217274 13.653996384237 13.8189489278011 14.0276497546583 14.0211950899102 14.0061342054978 13.7723319046199 13.7802209393121 14.0764183327556 13.6253089853562 13.4503158521838 12.6348765389994 12.8591163735837 12.4964598393999 12.2368388795294 12.9999236897565 12.6999013097957 13.4503158521838 12.8421429959126 12.8285164814442 12.5918454406783 12.2784356079064 12.4089632728137 12.5100863538682 12.7137668859214 12.2848902726546 12.4240241572261 12.4354991167784 12.2497482090257 11.9184087519534 12.182332821656 12.2848902726546 12.4381287950091 12.8670054082759 12.8780022445135 13.8670003209263 13.8695104683284 13.7189016242046 14.0197607199661 14.0835901824757 14.1553086796775 14.0176091650501 14.0563371535391 13.7465132456273 13.7587053901516 13.4983672453091 13.3936582393944 13.5672170026228 13.378597354982 13.5471358234063 13.5234687193297 13.375011430122
-9999 -9999 -9999 -9999 -9999 -9999 -9999 -9999 14.9786370275542 11.2958921962418 13.9250923036598 13.8648487660103 13.9272438585758 13.8820612053387 13.8081911532208 13.9631031071767 13.6475417194888 14.0778527026996 13.6116824708879 13.5801263321191 13.3262428520247 13.4495986672118 13.2946867132559 13.2731711640954 13.5292061991058 13.1211279500276 13.814645817969 13.2473525051028 13.4725485863164 13.3226569271646 13.7149571068585 13.7701803497039 12.4684896254912 12.8321024063043 12.4900051746517 12.6721701575443 12.5483362190425 12.6018860302866 12.597264171578 12.8066935672957 12.8615069901571 13.3499099561013 13.21794792125 13.8325754422694 14.3303018128499 14.2047944427468 14.1761070438661 14.1789757837541 14.131641575601 14.2177037722431 14.1911679282784 14.1567430496216 13.8784752804786 13.9007080146112 14.0068513904698 13.8325754422694 13.4876094707288 13.3893551295623 13.4804376210086 13.6661885287613 13.4065675688908 13.4646595516242
12.4660988343868 9.40499978978187 -9999 -9999 -9999 -9999 -9999 -9999 14.5903530837037 13.9702749568969 13.6912900027819 13.7113711819984 13.9200720088556 13.8497878815979 13.9631031071767 13.8031708584167 13.8218176676892 13.8806268353947 13.973860881757 13.6088137309998 13.8297067023814 13.7931302688085 13.8031708584167 13.6984618525021 13.5134281297214 13.3448896612972 13.2258369559422 13.4660939215682 13.5621967078187 13.0902889962308 13.6661885287613 13.5937528465874 13.0314798285253 13.2028870368376 12.8930631289259 12.779030718375 12.740302729886 13.0716421869583 14.0649433732033 14.0749839628115 14.1158635062166 14.2700582752004 14.3231299631298 14.4278389690444 14.3303018128499 14.3267158879898 14.2248756219633 14.3274330729619 14.293725379277 14.1940366681665 14.1610461594537 14.0563371535391 13.9552140724845 13.9602343672886 13.9250923036598 13.9602343672886 13.9451734828763 13.7723319046199 13.4610736267641 13.4374065226875 13.4230628232472 13.4711142163724
12.4964598393999 13.2753227190115 13.5170140545815 13.1548356437124 14.3321664937772 -9999 16.1899624452926 12.5602893019095 13.5062562800013 13.2301400657743 13.8347269971855 13.8863643151708 13.8454847717658 13.815363002941 14.0821558125317 14.0398418991826 14.1388134253211 13.9652546620928 13.8375957370736 13.895687719807 13.6805322282016 13.9803155465052 13.895687719807 13.6669057137333 13.4431440024637 13.4739829562604 13.5033875401132 13.9530625175685 13.9365672632121 13.3506271410733 13.4840235458687 13.5959044015035 13.5084078349173 13.7006134074181 13.416608158499 13.8175145578571 14.4314248939045 13.9530625175685 14.1976225930266 14.4400311135687 14.4242530441843 14.3898281655274 14.5009918361902 14.4185155644082 14.4228186742403 14.4672841425054 14.0502410812769 13.9829452247359 13.6002075113356 14.0341044194065 14.1402477952652 13.9935834684875 14.013664647704 13.9824671014212 13.9946592459455 13.7852412341163 13.3972441642545 13.4015472740866 13.295403898228 13.0343485684134 12.1254959126236 12.8460875132587
13.0099642793648 12.7905056779273 13.3133335225284 13.2279885108583 13.3104647826403 13.337717811577 13.4087191238068 13.693441557698 13.5521561182104 13.8275551474653 13.894253349863 13.615268395748 14.0419934540987 13.9501937776804 13.9487594077364 13.814645817969 13.8426160318777 13.8619800261222 13.1534012737684 13.3843348347582 13.4409924475476 13.9631031071767 13.8411816619337 13.8512222515419 13.8691518758424 13.8748893556185 13.6195715055801 13.6045106211677 13.7242805114947 13.7163914768025 13.735755471047 13.4617908117361 13.5134281297214 13.9559312574565 14.690328668803 13.9272438585758 14.0800042576157 14.0864589223638 14.4328592638485 14.3446455122903 14.5576494489796 14.5060121309943 14.1481368299574 14.5174870905466 14.4013031250797 14.3640095065348 14.3446455122903 14.1040299541783 13.9552140724845 14.0757011477835 14.0452207864728 14.0796456651296 13.6055146801285 13.646537660528 13.8827783903107 13.2719758558087 13.5500045632944 13.5485701933503 13.3477584011853 12.6172337886877 12.4808252070099 12.9303567474708
13.0780968517065 13.3585161757655 13.7192602166906 13.7701803497039 13.6755119333975 13.4051331989467 13.4983672453091 13.8476363266818 13.7694631647319 13.577257592231 13.5851466269232 13.6468245345168 13.7622913150117 13.7952818237245 13.2215338461101 13.3886379445903 13.7027649623342 13.6690572686493 13.5205999794416 13.5385296037421 13.7006134074181 13.9652546620928 13.8046052283607 13.7981505636126 13.9186376389116 13.5801263321191 13.5951872165315 13.6597338640131 13.5284890141338 13.496932875365 13.7106539970264 13.6626026039012 13.8089083381929 13.414635899826 14.6802880791947 13.853373806458 14.1839960785583 14.0484481188469 14.1538743097335 14.3848078707233 14.3181096683256 14.572710333392 14.3848078707233 13.7852412341163 14.5146183506586 14.4213843042962 14.3410595874302 14.3001800440252 14.1865062259603 14.0904034397099 14.0760597402696 14.0247810147703 13.9301125984639 13.615626988234 13.4797204360366 13.0852687014267 13.4424268174917 13.3915066844784 13.337000626605 13.1806543027051 13.0931577361189 12.9590441463515
12.1622516424395 13.2043214067817 12.9475691867992 13.7795037543401 13.6798150432296 13.4782860660926 13.5041047250852 13.3915066844784 13.2387462854385 13.4008300891146 13.45605333196 13.4818719909526 13.5069734649733 13.694875927642 13.2781914588995 13.4847407308407 13.3606677306816 13.415173788555 13.6704916385934 13.6195715055801 13.5514389332384 13.735038286075 13.6418042397127 13.8490706966259 13.9315469684079 13.6217230604962 13.7249976964667 13.6525620142929 13.494781320449 13.4926297655329 13.4682454764843 13.8081911532208 14.0018310956657 13.6991790374741 13.6755119333975 14.1223181709647 14.1861476334743 14.0685292980634 14.1058229166083 14.1488540149294 14.0305184945464 14.0398418991826 14.49023406161 14.4794762870297 14.3805047608912 14.2632450179663 14.1305657981429 14.0685292980634 14.1581774195656 13.615268395748 13.5467772309203 13.7199774016626 13.8612628411502 13.4199550217018 13.255958724767 13.1110873604193 13.1146732852794 13.0451063429937 13.0372173083015 12.73815117497 12.8744163196534 12.7266762154177
13.3075960427523 13.2731711640954 12.8901943890378 12.4878536197357 13.7443616907112 13.8246864075772 13.8885158700868 13.53781241877 13.5908841066994 13.5923184766434 13.8842127602547 13.5837122569792 13.4144566035829 12.9733878457919 13.5428327135742 13.8117770780809 13.6740775634535 13.3097475976683 13.4689626614563 13.458204886876 13.4904782106169 13.4782860660926 13.1713308980688 13.4747001412325 13.5901669217274 13.8820612053387 13.8713034307584 13.8433332168497 13.7780693843961 13.534943678882 14.1897335583344 13.9415875580162 13.8325754422694 13.8641315810382 13.8820612053387 13.3950926093385 13.5406811586581 14.1280556507409 13.9896389511414 13.9250923036598 13.9932248760015 13.9595171823166 13.9587999973446 14.0355387893505 13.9817499164492 13.8469191417098 13.7838068641722 13.1691793431528 14.0007553182077 13.5636310777627 13.4230628232472 11.7690749033354 13.2796258288436 13.0149845741689 12.699423186481 12.9418317070231 12.5351878278889 12.4548631110229 12.4168523075059 12.4921567295678 12.4935910995118 12.5746330013499
13.2509384299628 13.3097475976683 13.4868922857568 13.5621967078187 12.9066896433942 13.7859584190883 13.8175145578571 13.7845240491442 13.7271492513828 13.7608569450676 13.7637256849557 13.7321695461869 14.0190435349941 13.8713034307584 13.9229407487437 14.3095034486614 13.5951872165315 13.3534958809614 13.3879207596183 13.418042528443 13.4022644590586 13.7797428159975 13.4266487481073 13.4689626614563 13.058732857462 13.8060395983048 13.8447675867938 13.7049165172502 13.6496932744049 13.5428327135742 13.5069734649733 13.8641315810382 13.8462019567378 13.7830896792002 13.7630084999837 13.7185430317186 13.6468245345168 13.3950926093385 13.6202886905521 13.8591112862341 13.8017364884727 13.813928632997 13.7952818237245 13.9121829741634 14.0893276622519 13.8175145578571 13.9380016331561 13.8454847717658 13.8849299452268 11.6681111967191 13.4323862278834 13.3979613492265 13.1734824529849 12.9633472561836 12.6018860302866 12.3386791455559 12.2425763593055 12.4017914230935 12.3895992785692 12.3745383941568 12.262657538522 12.1966765210964
13.096026476007 13.4768516961485 13.5421155286022 13.2667164993472 13.4919125805609 13.1957151871175 13.5872981818393 13.6432386096567 13.7544022803195 13.7952818237245 13.9042939394712 13.8849299452268 14.2564317607321 14.2822504197247 14.0090029453859 13.4696798464283 13.5012359851971 13.5421155286022 13.8885158700868 14.1872234109323 12.9848628053442 13.1476637939923 13.3169194473885 13.2452009501867 13.4431440024637 13.4280831180513 13.5464186384343 13.6217230604962 13.6202886905521 13.4639423666522 13.6066621760838 13.7264320664108 13.5822778870352 13.3836176497862 13.5055390950292 13.4610736267641 13.5399639736861 13.5930356616154 13.5313577540219 13.7242805114947 13.7795037543401 13.7500991704874 13.7909787138924 13.8117770780809 13.8096255231649 13.853373806458 13.8820612053387 13.5457014534622 13.4108706787229 13.0049439845607 12.0952346911654 12.7424542848021 12.7144840708934 12.2239295500331 11.981521029491 11.9643085901625 16.9384953410875 18.3049995908514 -9999 -9999 -9999 -9999
13.176351192873 13.3477584011853 13.2545243548229 13.2114932565019 13.4130222336389 13.53781241877 13.6848353380337 13.7214117716067 13.7716147196479 13.9487594077364 14.0635090032592 14.2657551653683 14.3073518937454 14.4565263679251 14.0025482806377 12.461317775771 12.262657538522 13.8117770780809 13.8404644769616 12.6362084539474 13.69415874267 13.7307351762429 14.1068986940663 13.8429029058665 12.7711416836828 13.3434552913532 13.4840235458687 13.5284890141338 13.6059449911118 11.0950804040767 13.5509608099237 12.8937803138979 13.3721426902339 13.0049439845607 13.1512497188523 13.2294228808023 13.418042528443 13.3642536555417 13.4331034128554 13.495498505421 13.3886379445903 13.4266487481073 13.6123996558599 13.5715201124549 13.7249976964667 13.9372844481841 13.5249030892737 13.1899777073413 12.9884487302043 13.059450042434 12.2026530625299 12.0302896075882 11.9714804398827 11.8502761796117 15.0657702204213 -9999 -9999 -9999 -9999 -9999 -9999 -9999
13.175634007901 13.2667164993472 12.9963377648965 13.177068377845 13.3621021006256 13.6826837831177 13.7601397600956 13.9129001591355 13.7809381242841 13.9272438585758 14.0097201303579 14.2578661306761 14.2743613850325 14.5017090211622 14.452223258093 13.1749168229289 13.4864141624421 13.5402030353434 13.4845016691834 13.5693685575388 13.6496932744049 13.7027649623342 13.514001877699 12.4882122122217 13.575106037315 13.3276772219688 13.454618962016 13.4374065226875 13.334849071689 15.6549996500835 13.2599997036159 9.73488787714658 14.5828826508523 14.5399996750057 -9999 16.4749996317551 13.2846461236477 13.2824945687316 13.3075960427523 13.4883266557008 13.6626026039012 13.5270546441898 13.4610736267641 13.577257592231 13.6217230604962 13.6776634883136 13.0766624817625 12.9317911174148 12.5524002672173 12.6829279321246 12.2174748852849 11.6473128325306 11.7197485147044 -9999 -9999 -9999 -9999 -9999 -9999 -9999 -9999 -9999
13.1598559385166 13.1663106032647 12.8500320306048 13.4625079967082 13.1878261524253 13.4990844302811 13.7701803497039 13.8304238873534 13.9437391129322 14.1703695640899 14.1216009859927 14.1266212807968 14.5390026397072 14.6888942988589 13.258468872169 13.6217230604962 14.2449568011798 14.0190435349941 13.5675755951088 13.1035569182131 13.0884960338008 14.1390524869785 13.5170140545815 12.3259491123026 12.0559289703378 13.4280831180513 13.3649708405137 13.5026703551412 13.4732657712884 -9999 -9999 -9999 -9999 -9999 16.3799996338785 16.6785967612279 11.9800866595469 13.3491927711293 13.1720480830409 13.2717367941514 13.4366893377155 13.5550248580985 13.4653767365962 13.1225623199716 13.1211279500276 13.5607623378746 13.1096529904753 12.4297616370022 12.3566087698564 11.9585711103864 11.742698433809 11.6917783007957 16.9382104914112 -9999 -9999 -9999 -9999 -9999 -9999 -9999 -9999 -9999
13.1863917824812 13.2014526668936 13.059450042434 13.3943754243664 13.496215690393 13.6066621760838 13.7422101357952 13.8089083381929 13.855525361374 14.2456739861518 14.332453367766 14.4027374950238 14.6738334144466 14.9148075650446 14.7161473277956 14.0670949281193 14.0606402633712 14.0262153847143 13.8497878815979 13.9460862637497 14.8732660047423 14.2657551653683 11.5497756763361 12.793135356158 13.3685567653738 13.3872035746463 13.2939695282839 12.8238547791261 13.0234114975901 15.8449996458367 -9999 -9999 -9999 -9999 -9999 18.4799995869398 12.2002624459565 11.9772179196589 10.9753105137497 11.4701681444421 13.3233741121367 13.0278939036652 12.780465088319 12.6277046892792 12.6951200766489 12.8944974988699 12.9475691867992 12.9490035567433 12.8450117358007 11.8667714339681 11.6903439308517 11.3582872888073 10.9560769167729 14.1965900501236 8.80823878610731 21.3944041625658 -9999 -9999 -9999 -9999 -9999 -9999
12.9274880075827 13.0207220539451 13.0429547880776 13.1419263142161 13.3613849156536 13.4488814822398 13.653996384237 13.773766274564 14.0161747951061 14.0699636680074 14.3446455122903 14.4586779228412 14.0845464291051 14.9399090390652 14.732642582152 13.1526840887964 13.9222235637717 13.6744361559395 13.8748893556185 13.9050111244433 14.0916585134109 12.6316492066253 13.6339152050205 13.0056611695327 13.1211279500276 13.0400860481896 12.2022347046295 12.5979415129405 12.6152051797669 12.3955574306444 16.3058270608623 24.7149994475767 -9999 -9999 -9999 -9999 11.9202017143834 12.4827067628777 12.8977009250782 11.3697622483596 13.1828058576211 11.8909166613594 12.1651203823276 12.1730094170198 12.3465681802481 12.4663380705751 12.6334421690553 12.5882595158182 12.5151066486724 11.5017242832109 10.7116255057044 11.2499923580326 12.0206402097829 9.86999977938831 -9999 -9999 -9999 -9999 -9999 -9999 -9999 -9999
12.8378398860805 12.9074068283662 12.6649983078241 13.2086245166138 13.2315744357184 13.3420209214091 13.376445800066 13.5715201124549 13.9968108008616 13.9207891938277 13.854808176402 12.3835032063071 14.5052949460223 12.4961012469139 13.2426908027846 10.8376109991223 14.1796929687262 13.1024811407551 13.7916958988644 13.7866756040603 13.3943754243664 13.5091250198893 13.5306405690499 12.9447004469112 12.9296395624988 12.8564866953529 12.2024140008725 12.2827387177385 12.142170463223 11.8423871449195 16.1074201417672 -9999 -9999 -9999 -9999 -9999 -9999 -9999 -9999 -9999 -9999 -9999 -9999 -9999 -9999 -9999 12.3783036152599 12.4347819318064 12.2015175196575 11.2299111788161 20.1940793262091 21.2299995254725 -9999 -9999 -9999 -9999 -9999 -9999 -9999 -9999 -9999 -9999
12.8815881693736 12.9447004469112 12.9848628053442 13.0300454585813 13.1734824529849 13.3649708405137 13.4051331989467 13.0501266377978 13.5492873783223 13.895687719807 14.2155522173271 14.3417767724022 14.3145237434655 13.935132893268 12.937170004705 13.2616962045431 13.7117297744844 12.4175694924779 13.1239966899157 13.9143345290795 13.7178258467466 13.5385296037421 13.5564592280425 14.4273266940644 10.9659780285067 15.5549996523187 12.7051606662571 12.6377452788875 12.5882595158182 12.6908169668168 11.505310208071 15.5689148525694 20.0918398848735 -9999 -9999 -9999 -9999 -9999 -9999 -9999 -9999 -9999 -9999 -9999 -9999 -9999 -9999 -9999 -9999 -9999 -9999 -9999 -9999 -9999 -9999 -9999 -9999 -9999 -9999 -9999 -9999 -9999
12.7876369380392 12.9819940654561 13.0314798285253 13.098895215895 13.0443891580217 13.2021698518656 13.2086245166138 13.415890973527 13.6095309159718 13.8067567832768 14.1567430496216 11.743415618781 14.569841593504 14.4701528823934 12.9762565856799 13.5460600459483 12.9310739324428 13.6633197888732 13.4990844302811 13.8978392747231 13.9530625175685 14.0161747951061 13.574388852343 13.3721426902339 12.9719534758478 12.9698019209318 12.8435773658566 12.6736045274884 12.5853907759301 12.5509658972733 11.8674886189401 11.5002899132669 -9999 -9999 -9999 -9999 -9999 -9999 -9999 -9999 -9999 -9999 -9999 -9999 -9999 -9999 -9999 -9999 -9999 -9999 -9999 -9999 -9999 -9999 -9999 -9999 -9999 -9999 -9999 -9999 -9999 -9999
13.0730765569024 13.0759452967905 13.1749168229289 13.1584215685725 13.2229682160541 12.860072620213 13.334849071689 13.3843348347582 13.3477584011853 13.3248084820807 13.3647915442707 13.4051331989467 10.7701956117526 10.6540116462857 13.7328867311589 13.2331881019054 13.2473525051028 13.1017639557831 13.6274605402723 13.7199774016626 13.6511276443489 12.7152012558654 13.458204886876 13.255241539795 12.7087465911172 12.7108981460333 12.6972716315649 12.5975829204544 12.5158238336444 12.4390850416385 11.9248634167016 11.7097079250962 18.5776848467067 -9999 -9999 -9999 -9999 -9999 -9999 -9999 -9999 -9999 -9999 -9999 -9999 -9999 -9999 -9999 -9999 -9999 -9999 -9999 -9999 -9999 -9999 -9999 -9999 -9999 -9999 -9999 -9999 -9999
13.098178030923 13.0895718112588 12.7754447935149 13.2939695282839 13.2344431756064 13.3420209214091 13.3520615110174 13.4187597134151 13.4427854099777 13.894970534835 14.0269325696863 14.0427106390707 12.1500594979152 10.550019825343 13.7232047340367 13.6353495749645 14.0244224222843 13.6109652859159 13.6647541588172 12.9188817879185 12.3465681802481 13.4374065226875 13.2523727999069 12.9654988110997 12.700140371453 12.7811822732911 12.7661213888787 12.7546464293264 12.5975829204544 12.3121433015913 12.1794640817679 11.8323465553112 14.0723015709076 -9999 -9999 -9999 -9999 -9999 -9999 -9999 -9999 -9999 -9999 -9999 -9999 -9999 -9999 -9999 -9999 -9999 -9999 -9999 -9999 -9999 -9999 -9999 -9999 -9999 -9999 -9999 -9999 -9999
