EcologicalScience/Bass/data/rs_data_bass/sst_105.asc
NCOLS 226 
NROWS 124 
XLLCORNER -9.41648524995501 
YLLCORNER 47.587301625531 
CELLSIZE 0.0833 
NODATA_value -9999 
[rows 27 to 53 of 124, columns 62 to 123 of 226]
-9999 -9999 -9999 -9999 -9999 -9999 -9999 -9999 -9999 -9999 -9999 -9999 -9999 -9999 -9999 -9999 -9999 -9999 -9999 -9999 -9999 -9999 -9999 -9999 -9999 -9999 -9999 -9999 12.5299997199327 5.60999987460673 5.60999987460673 6.1999998614192 6.00499986577779 5.5699998755008 5.68499987293035 5.76999987103045 5.78999987058342 5.75499987136573 5.71999987214804 5.67499987315387 5.63999987393618 5.63999987393618 5.67999987304211 5.7149998722598 5.74749987153336 5.75749987130985 6.36499985773116 5.68999987281859 5.6549998736009 5.64499987382442 5.70999987237155 6.88499984610826 6.88499984610826 6.83499984722584 6.83499984722584 6.5149998543784 6.43249985622242 6.39999985694885 6.36499985773116 5.36499988008291 5.55499987583607 5.58999987505376
-9999 -9999 -9999 -9999 -9999 -9999 -9999 -9999 -9999 -9999 -9999 -9999 -9999 -9999 -9999 -9999 -9999 -9999 -9999 -9999 -9999 -9999 -9999 -9999 -9999 -9999 -9999 -9999 -9999 -9999 9.78499978128821 8.16299981754273 5.76999987103045 5.62999987415969 5.77999987080693 5.72999987192452 5.84999986924231 5.83499986957759 6.29333319266637 5.54999987594783 5.65999987348914 5.67499987315387 5.50499987695366 5.6549998736009 6.28999985940754 6.28999985940754 6.54166652044902 6.72666651631395 6.40999985672534 6.58499985281378 6.58499985281378 6.67999985069036 6.67999985069036 6.53999985381961 6.49499985482544 6.5024998546578 6.40249985689297 5.46499987784773 5.49499987717718 5.47999987751245 5.39499987941235 5.40499987918884
-9999 -9999 -9999 -9999 -9999 -9999 -9999 -9999 -9999 -9999 -9999 -9999 -9999 -9999 -9999 -9999 -9999 -9999 -9999 -9999 -9999 -9999 -9999 -9999 -9999 -9999 -9999 -9999 -9999 -9999 -9999 9.57199978604913 5.60499987471849 5.64499987382442 5.64999987371266 5.84499986935407 5.93999986723065 5.91499986778945 5.89499986823648 5.79499987047166 5.67999987304211 5.70999987237155 6.13999986276031 6.63666651832561 6.35499985795468 6.35499985795468 6.15999986231327 6.15999986231327 6.61833318540206 6.33499985840172 6.33499985840172 6.36799985766411 6.5564998534508 6.1149998633191 6.06499986443669 5.97999986633658 6.67999985069036 6.67999985069036 6.37499985750765 6.51749985432252 6.5149998543784 6.06999986432493
-9999 -9999 -9999 -9999 -9999 -9999 -9999 -9999 -9999 -9999 -9999 -9999 -9999 -9999 -9999 -9999 -9999 -9999 -9999 -9999 -9999 -9999 -9999 -9999 -9999 -9999 -9999 -9999 -9999 -9999 -9999 13.4719509183906 5.45999987795949 5.54999987594783 5.5699998755008 5.49999987706542 5.42999987863004 5.69999987259507 5.69999987259507 6.48833318830778 5.90999986790121 5.90999986790121 5.49999987706542 5.49999987706542 6.50666652123133 6.14499986264855 6.35999985784292 6.39999985694885 6.32499985862523 6.62714270901467 6.49874985474162 6.7199998497963 6.7199998497963 6.1999998614192 6.68999985046685 6.23749986058101 6.26749985991046 6.25499986018986 6.31749985879287 5.23499988298863 5.23499988298863 6.3333331917723
-9999 -9999 -9999 -9999 -9999 -9999 -9999 -9999 -9999 -9999 -9999 -9999 -9999 -9999 -9999 -9999 -9999 -9999 -9999 -9999 -9999 -9999 -9999 -9999 -9999 -9999 -9999 -9999 -9999 -9999 -9999 9.47608469385337 5.45999987795949 5.52499987650663 5.51999987661839 5.49499987717718 7.30999983660877 6.51166652111958 5.60999987460673 5.60999987460673 6.41999985650182 6.42499985639006 6.13499986287206 6.16999986208975 6.02499986533076 6.13499986287206 6.3699998576194 6.39499985706061 6.65333318461974 6.46999985538423 6.37999985739589 6.26999985985458 5.9449998671189 5.9449998671189 6.43999985605478 6.42749985633418 6.35249985801056 6.29249985935166 6.20499986130744 6.33166652514289 5.34999988041818 5.37499987985939
-9999 -9999 -9999 -9999 -9999 -9999 -9999 -9999 -9999 -9999 -9999 -9999 -9999 -9999 -9999 -9999 -9999 -9999 -9999 -9999 -9999 -9999 -9999 -9999 -9999 -9999 -9999 -9999 -9999 -9999 -9999 -9999 7.63863619289954 5.58999987505376 5.49999987706542 7.31749983644113 6.55499985348433 6.55499985348433 5.46999987773597 5.45499987807125 5.44999987818301 6.62166651866088 6.1149998633191 6.16749986214563 6.2124998611398 6.2124998611398 6.25749986013398 6.54999985359609 6.6116665188844 6.63833318495502 6.57166651977847 6.52999985404313 5.84999986924231 5.84999986924231 6.3449998581782 6.26999985985458 6.26499985996634 6.24749986035749 6.24749986035749 6.48249985510483 6.43499985616654 6.43499985616654
-9999 -9999 -9999 -9999 -9999 -9999 -9999 -9999 -9999 -9999 -9999 -9999 -9999 -9999 -9999 -9999 -9999 -9999 -9999 -9999 -9999 -9999 -9999 -9999 -9999 -9999 -9999 -9999 -9999 -9999 -9999 -9999 8.95454525439577 5.5099998768419 5.4849998774007 5.54999987594783 5.89499986823648 7.40749983442947 5.36999987997115 5.3399998806417 5.739999871701 6.43499985616654 6.43499985616654 6.54833318696668 6.14499986264855 7.05199984237552 6.66499985102564 6.58666651944319 6.5149998543784 6.62166651866088 6.57333318640788 6.34749985812232 6.31499985884875 6.06499986443669 6.06499986443669 6.35499985795468 6.2849998595193 6.25249986024573 6.67812485073227 6.40999985672534 6.25249986024573 6.14999986253679
-9999 -9999 -9999 -9999 -9999 -9999 -9999 -9999 -9999 -9999 -9999 -9999 -9999 -9999 -9999 -9999 -9999 -9999 -9999 -9999 -9999 -9999 -9999 -9999 -9999 -9999 -9999 -9999 -9999 -9999 -9999 -9999 -9999 8.10499981883913 5.61499987449497 5.51499987673014 5.43999987840652 6.58083318624025 5.06499988678843 5.06499988678843 6.59166651933144 7.34499983582646 7.107499841135 8.2540907245976 8.27318163326179 5.34999988041818 5.94999986700714 6.19499986153096 6.54499985370785 6.53499985393137 6.53499985393137 5.99499986600131 6.00499986577779 6.05999986454844 6.62999985180795 6.62999985180795 6.81599984765053 6.54124985379167 6.68166651731978 6.68374985060655 6.67499985080212 6.47499985527247
-9999 -9999 -9999 -9999 -9999 -9999 -9999 14.7505949083937 7.73333316047986 7.91999982297421 7.39499983470887 7.39499983470887 8.98271719052497 8.41999981179833 8.41999981179833 -9999 -9999 -9999 -9999 -9999 -9999 -9999 -9999 -9999 -9999 -9999 -9999 -9999 -9999 -9999 -9999 -9999 -9999 -9999 7.4224998340942 5.59999987483025 5.88499986846 5.95499986689538 5.76999987103045 5.44499987829477 5.14999988488853 6.63249985175207 5.69499987270683 5.69499987270683 6.73849984938279 5.15499988477677 5.17999988421798 5.36999987997115 6.48749985499308 6.52499985415488 6.17999986186624 6.16499986220151 6.35499985795468 6.27999985963106 6.26999985985458 6.35499985795468 6.78999984823167 6.38999985717237 6.37749985745177 6.72099984977394 6.66785699381892 6.67642842219876
-9999 -9999 -9999 -9999 12.0418179126626 15.506896205118 10.2329997712746 7.61499982979149 7.15999983996153 7.21999983862042 7.28499983716756 8.82967371568489 -9999 -9999 -9999 -9999 -9999 -9999 -9999 -9999 -9999 -9999 -9999 -9999 -9999 -9999 -9999 -9999 -9999 -9999 -9999 -9999 -9999 -9999 6.38874985720031 7.19749983912334 7.25999983772635 7.35749983554706 5.72499987203628 5.64999987371266 5.739999871701 5.45999987795949 5.37499987985939 5.30499988142401 6.84333318037291 5.72499987203628 5.86499986890703 5.94999986700714 5.79499987047166 5.66499987337738 6.40999985672534 6.28749985946342 6.56666651989023 6.54333318707844 6.62916651849325 6.71583318322276 6.42499985639006 6.39749985700473 6.50749985454604 6.50749985454604 6.47499985527247 6.75562484900001
8.38749981252477 10.2166664383064 13.7733330254753 7.00999984331429 6.69999985024333 6.82499984744936 6.92999984510243 7.55499983113259 7.35499983560294 7.35499983560294 -9999 -9999 -9999 -9999 -9999 -9999 -9999 -9999 -9999 -9999 -9999 -9999 -9999 -9999 -9999 -9999 -9999 -9999 -9999 -9999 -9999 -9999 -9999 -9999 6.33124985848553 7.24249983811751 5.19999988377094 5.21499988343567 5.43499987851828 5.35999988019466 5.40999987907708 5.5699998755008 5.83499986957759 5.83499986957759 5.49499987717718 5.48999987728894 6.02499986533076 6.06999986432493 5.83999986946583 5.70999987237155 5.63999987393618 6.2724998597987 6.40249985689297 6.4299998562783 6.45499985571951 6.65333318461974 6.66499985102564 6.52749985409901 6.54499985370785 6.46499985549599 2.90499993506819 3.4749999223277
6.95999984443188 6.94999984465539 6.94999984465539 6.79999984800816 6.58499985281378 6.68499985057861 6.85499984677881 7.19999983906746 7.45499983336776 7.54249983141199 -9999 -9999 -9999 -9999 -9999 -9999 -9999 -9999 -9999 -9999 -9999 -9999 -9999 -9999 -9999 -9999 -9999 -9999 -9999 -9999 -9999 -9999 -9999 -9999 -9999 8.88699980136007 6.3699998576194 5.56499987561256 5.32499988097697 5.40499987918884 5.35999988019466 5.35499988030642 5.32499988097697 5.39999987930059 5.50499987695366 5.48999987728894 6.90833317892005 5.99999986588955 5.73499987181276 5.63499987404794 5.7149998722598 6.56999985314906 6.57749985298142 6.52499985415488 6.4424998559989 6.58416651949907 6.4299998562783 6.52499985415488 6.4424998559989 6.47749985521659 6.18999986164272 6.18999986164272
6.96499984432012 7.07499984186143 6.90499984566122 7.09499984141439 7.17499983962625 7.19499983917922 7.33499983604997 7.34499983582646 8.31374981417321 -9999 -9999 -9999 -9999 -9999 -9999 -9999 -9999 -9999 -9999 -9999 -9999 -9999 -9999 -9999 -9999 -9999 -9999 -9999 -9999 -9999 -9999 -9999 -9999 -9999 -9999 -9999 8.96285694252168 7.26749983755872 6.20499986130744 6.11999986320734 6.07999986410141 5.34499988052994 5.34999988041818 5.40999987907708 6.51833318763723 6.37166652424882 7.5021426894569 6.00999986566603 6.11999986320734 6.31999985873699 6.81333318104347 6.52999985404313 6.43499985616654 6.45999985560775 6.26499985996634 6.26499985996634 6.22499986086041 6.22499986086041 6.60749985231087 6.54499985370785 6.60083318579321 6.34999985806644
6.95999984443188 7.18499983940274 7.06999984197319 6.97999984398484 7.08999984152615 7.25499983783811 7.2649998376146 7.798333159027 12.7897884929553 -9999 -9999 -9999 -9999 -9999 -9999 -9999 -9999 -9999 -9999 -9999 -9999 -9999 -9999 -9999 -9999 -9999 -9999 -9999 -9999 -9999 -9999 -9999 -9999 -9999 -9999 -9999 -9999 -9999 -9999 9.65796853412758 6.10124986362644 6.07857129270477 6.51166652111958 6.48333318841954 6.80999984778464 6.70499985013157 7.5235712604065 6.96749984426424 6.91999984532595 5.76999987103045 5.76999987103045 6.19499986153096 6.19499986153096 6.65916651782269 6.66166651776681 6.41666652324299 6.25499986018986 6.25499986018986 6.38749985722825 6.59416651927556 6.51333318774899 6.26499985996634
6.96999984420836 6.83499984722584 6.92999984510243 6.86499984655529 6.91999984532595 7.1199998408556 7.2899998370558 7.39999983459711 7.62499982956797 -9999 -9999 -9999 -9999 -9999 -9999 -9999 -9999 -9999 -9999 -9999 -9999 -9999 -9999 -9999 -9999 -9999 -9999 -9999 -9999 -9999 -9999 -9999 -9999 -9999 -9999 -9999 -9999 -9999 -9999 -9999 -9999 -9999 -9999 9.79691644768852 7.95624982216395 7.58124983054586 7.30071412253061 6.84249984705821 6.86499984655529 7.31285697940205 7.28499983716756 6.50166652134309 6.48499985504895 6.46249985555187 6.5024998546578 6.36249985778704 6.42499985639006 6.38999985717237 6.34999985806644 6.40999985672534 6.45624985569157 6.48583318836366
7.00999984331429 7.16499983984977 6.24999986030161 6.29499985929579 7.02499984297901 7.20999983884394 7.31999983638525 7.27499983739108 6.58499985281378 7.53999983146787 -9999 -9999 -9999 -9999 -9999 16.1899624452926 -9999 -9999 -9999 -9999 -9999 -9999 -9999 -9999 -9999 -9999 -9999 -9999 -9999 -9999 -9999 -9999 -9999 -9999 -9999 -9999 -9999 -9999 -9999 -9999 -9999 -9999 -9999 -9999 10.1899997722358 7.09285698431943 7.1449998402968 7.116428412364 7.32857126476509 5.1224998855032 5.09249988617375 6.30499985907227 6.31999985873699 6.32499985862523 6.1999998614192 6.56999985314906 6.41166652335475 6.45333318909009 6.49666652145485 6.48333318841954 6.47499985527247 6.49749985476956
7.52499983180314 7.35249983565882 7.27499983739108 7.08499984163791 6.9749998440966 7.31999983638525 6.81999984756112 6.88499984610826 7.01499984320253 7.19499983917922 16.8434611619808 -9999 -9999 -9999 -9999 -9999 -9999 -9999 -9999 -9999 -9999 -9999 -9999 -9999 -9999 -9999 -9999 -9999 -9999 -9999 -9999 -9999 -9999 -9999 -9999 -9999 -9999 -9999 -9999 -9999 -9999 -9999 -9999 -9999 -9999 9.67038439923468 7.22999983839691 7.21071412454226 6.61249985219911 6.79999984800816 6.35499985795468 6.98299984391779 4.74999989382923 4.80999989248812 7.11857126945896 6.55166652022551 6.54833318696668 6.43166652290771 6.30999985896051 6.19499986153096 6.44499985594302 6.41499985661358
7.74749982682988 7.60999982990324 6.60999985225499 7.23999983817339 6.94999984465539 6.85999984666705 6.76999984867871 6.67999985069036 6.75999984890223 6.52499985415488 7.15749984001741 7.74192290387761 8.64999980665743 -9999 -9999 -9999 21.116719958112 21.116719958112 -9999 -9999 -9999 -9999 -9999 -9999 -9999 -9999 -9999 -9999 -9999 -9999 -9999 -9999 -9999 -9999 -9999 -9999 -9999 -9999 -9999 -9999 -9999 -9999 -9999 -9999 -9999 8.8399998024106 10.2054051772968 7.50249983230606 6.76999984867871 6.8049998478964 6.40833319009592 6.49333318819602 6.45499985571951 6.40999985672534 6.44499985594302 6.45666652234892 6.06499986443669 6.11749986326322 6.18999986164272 6.23999986052513 6.55333318685492 6.5633331866314
7.62999982945621 7.3749998351559 7.25499983783811 7.02999984286726 6.95499984454364 6.82499984744936 6.81999984756112 6.79499984811991 6.70999985001981 6.63999985158443 6.62499985191971 7.32083316969996 14.0801970537041 10.1795452270149 10.2040906810117 9.13166646255801 9.13166646255801 23.3687204079009 -9999 -9999 -9999 -9999 -9999 -9999 -9999 -9999 -9999 -9999 -9999 -9999 -9999 -9999 -9999 -9999 -9999 -9999 -9999 -9999 -9999 -9999 -9999 -9999 -9999 -9999 -9999 -9999 -9999 -9999 7.23749983822927 7.31749983644113 6.83899984713644 6.57666651966671 6.50166652134309 6.43166652290771 6.45166652246068 6.22999986074865 6.22999986074865 6.07249986426905 6.18999986164272 6.2599998600781 6.55166652022551 6.52333318752547
7.53999983146787 7.07499984186143 6.88499984610826 6.81499984767288 6.78499984834343 6.7199998497963 6.43999985605478 6.2599998600781 6.38499985728413 6.38499985728413 6.28999985940754 6.39999985694885 7.02499984297901 7.24999983794987 7.29499983694404 7.41499983426183 10.1332350676222 -9999 -9999 -9999 -9999 -9999 -9999 -9999 -9999 -9999 -9999 -9999 -9999 -9999 -9999 -9999 -9999 -9999 -9999 -9999 -9999 -9999 -9999 -9999 -9999 -9999 -9999 -9999 -9999 -9999 -9999 -9999 7.66205865226905 6.73499984946102 6.41166652335475 6.36666652436058 6.36333319110175 6.33999985828996 6.33499985840172 6.37333319087823 6.37833319076647 6.45166652246068 6.49666652145485 6.54333318707844 6.59499985259026 6.57999985292554
7.19999983906746 7.06999984197319 7.08999984152615 6.94999984465539 6.80999984778464 6.53999985381961 6.58999985270202 6.49999985471368 6.54499985370785 6.62499985191971 6.44499985594302 6.49499985482544 6.5999998524785 7.02499984297901 7.12499984074384 8.08666648591558 13.920485799964 -9999 -9999 -9999 -9999 -9999 -9999 -9999 -9999 -9999 -9999 -9999 -9999 -9999 -9999 -9999 -9999 -9999 -9999 -9999 -9999 -9999 -9999 -9999 -9999 -9999 -9999 -9999 -9999 -9999 -9999 -9999 6.92428555951587 7.1128569838724 6.53333318730195 6.41666652324299 6.2599998600781 5.90999986790121 5.90999986790121 6.18333319512506 6.25166652693103 6.37499985750765 6.45333318909009 6.49499985482544 6.50499985460192 6.36333319110175
8.15499981772155 7.06999984197319 7.19999983906746 6.83999984711409 6.74999984912574 6.49999985471368 6.29499985929579 6.38499985728413 6.61499985214323 6.58999985270202 6.57999985292554 6.65499985124916 6.55999985337257 6.72499984968454 8.10999981872737 6.69999985024333 -9999 -9999 -9999 -9999 -9999 -9999 -9999 -9999 -9999 -9999 -9999 -9999 -9999 -9999 -9999 -9999 -9999 -9999 -9999 -9999 -9999 -9999 -9999 -9999 -9999 -9999 -9999 -9999 -9999 -9999 -9999 -9999 7.83555538041724 7.85361093556922 5.91833320104827 5.95166653363655 6.05999986454844 6.0066665324072 6.06333319780727 6.11333319668968 6.14499986264855 6.28333319288989 6.40333319020768 6.4416665226842 6.40666652346651 6.30166652581344
8.039999820292 7.90499982330948 7.86999982409179 7.18999983929098 6.70499985013157 6.47999985516071 6.56999985314906 6.58999985270202 6.4299998562783 6.56999985314906 6.66999985091388 6.95499984454364 6.81499984767288 6.92999984510243 7.08499984163791 -9999 -9999 -9999 -9999 -9999 -9999 -9999 -9999 -9999 -9999 -9999 -9999 -9999 -9999 -9999 -9999 -9999 -9999 -9999 -9999 -9999 -9999 -9999 -9999 -9999 -9999 -9999 -9999 -9999 -9999 -9999 -9999 -9999 -9999 6.3220368957285 7.25374983786605 5.97833319970717 6.20499986130744 6.17833319523682 6.15499986242503 6.31999985873699 6.38833319054296 6.33166652514289 6.44833318920185 6.39166652380178 6.39999985694885 6.39999985694885
7.71999982744455 7.27499983739108 7.26999983750284 7.06499984208494 7.02999984286726 6.68499985057861 6.64999985136092 7.36999983526766 6.93999984487891 6.70999985001981 7.52999983169138 6.8299998473376 8.22499981615692 8.22499981615692 8.2466664823393 12.6357140032841 -9999 -9999 -9999 -9999 -9999 -9999 -9999 -9999 -9999 -9999 -9999 -9999 -9999 -9999 -9999 -9999 -9999 -9999 -9999 -9999 -9999 -9999 -9999 -9999 -9999 -9999 -9999 -9999 -9999 -9999 9.61116999793956 9.66478701801772 9.39361681131289 -9999 11.5949583295733 7.02681802475656 5.81166653676579 5.97833319970717 5.94166653386007 5.85333320250114 5.78166653743635 5.83333320294817 6.87142841784017 6.92999984510243 6.79166651486109 6.78833318160226
7.97499982174486 7.67999982833862 7.30999983660877 7.17999983951449 7.14999984018505 7.19999983906746 6.86499984655529 6.96999984420836 7.06499984208494 7.09999984130263 7.15499984007329 7.13999984040856 7.54999983124435 8.04999982006848 10.1606815910729 -9999 -9999 -9999 -9999 -9999 -9999 -9999 -9999 -9999 -9999 -9999 -9999 -9999 -9999 -9999 -9999 -9999 -9999 -9999 -9999 -9999 -9999 -9999 -9999 -9999 -9999 -9999 -9999 -9999 -9999 -9999 -9999 11.4915214822749 13.7310807741675 14.4244824362084 9.23318161180412 9.23318161180412 8.0364283918004 6.20166652804861 6.1149998633191 5.92833320082476 5.91666653441886 6.87214270353849 6.93785698778395 6.95285698744868 6.14749986259267 3.59166658638666
8.1249998183921 7.58999983035028 7.33999983593822 7.42999983392656 6.99499984364957 6.82499984744936 6.79499984811991 7.0599998421967 7.33999983593822 7.2649998376146 7.24499983806163 7.46499983314425 7.91999982297421 8.30249981442466 16.9471048843606 -9999 -9999 -9999 -9999 -9999 -9999 -9999 -9999 -9999 -9999 -9999 -9999 -9999 -9999 -9999 -9999 -9999 -9999 -9999 -9999 -9999 -9999 -9999 -9999 -9999 -9999 -9999 -9999 -9999 -9999 -9999 -9999 -9999 -9999 -9999 8.25999981537461 8.25857124397797 7.89785696632628 6.56499985326082 6.4174998565577 6.44999985583127 6.34666652480761 6.32666652525465 6.31666652547816 6.1999998614192 5.23999988287687 5.31999988108873
7.42999983392656 7.93999982252717 7.604999830015 8.22499981615692 8.2099998164922 7.00499984342605 7.03999984264374 7.09999984130263 7.14999984018505 7.18499983940274 7.2899998370558 7.5799998305738 8.41749981185421 8.53999980911613 9.03499979805201 -9999 -9999 -9999 -9999 -9999 -9999 -9999 -9999 -9999 -9999 -9999 -9999 -9999 -9999 -9999 -9999 -9999 -9999 -9999 -9999 -9999 -9999 -9999 -9999 -9999 -9999 -9999 -9999 -9999 -9999 -9999 -9999 -9999 -9999 -9999 -9999 -9999 10.9227775336347 7.73142839861768 7.32166650301466 7.27333317076166 7.18166650614391 7.2121426959389 4.10999990813434 3.971666577893 4.72333322775861 4.73166656090567
