EcologicalScience/Bass/data/rs_data_bass/sst_409.asc
NCOLS 226 
NROWS 124 
XLLCORNER -9.41648524995501 
YLLCORNER 47.587301625531 
CELLSIZE 0.0833 
NODATA_value -9999 
[rows 0 to 26 of 124, columns 62 to 123 of 226]
-9999 -9999 -9999 -9999 -9999 -9999 -9999 -9999 -9999 -9999 -9999 -9999 -9999 -9999 -9999 -9999 -9999 -9999 -9999 -9999 -9999 -9999 -9999 -9999 -9999 -9999 -9999 -9999 -9999 -9999 -9999 -9999 -9999 -9999 -9999 -9999 -9999 -9999 -9999 -9999 -9999 -9999 -9999 -9999 -9999 -9999 -9999 -9999 -9999 -9999 -9999 -9999 -9999 -9999 -9999 -9999 -9999 -9999 -9999 -9999 -9999 -9999
-9999 -9999 -9999 -9999 -9999 -9999 -9999 -9999 -9999 -9999 -9999 -9999 -9999 -9999 -9999 -9999 -9999 -9999 -9999 -9999 -9999 -9999 -9999 -9999 -9999 -9999 -9999 -9999 -9999 -9999 -9999 -9999 -9999 -9999 -9999 -9999 -9999 -9999 -9999 -9999 -9999 -9999 -9999 -9999 -9999 -9999 -9999 -9999 -9999 -9999 -9999 -9999 -9999 -9999 -9999 -9999 -9999 -9999 -9999 -9999 -9999 -9999
-9999 -9999 -9999 -9999 -9999 -9999 -9999 -9999 -9999 -9999 -9999 -9999 -9999 -9999 -9999 -9999 -9999 -9999 -9999 -9999 -9999 -9999 -9999 -9999 -9999 -9999 -9999 -9999 -9999 -9999 -9999 -9999 -9999 -9999 -9999 -9999 -9999 -9999 -9999 -9999 -9999 -9999 -9999 -9999 -9999 -9999 -9999 -9999 -9999 -9999 -9999 -9999 -9999 -9999 -9999 -9999 -9999 -9999 -9999 -9999 -9999 -9999
-9999 -9999 -9999 -9999 -9999 -9999 -9999 -9999 -9999 -9999 -9999 -9999 -9999 -9999 -9999 -9999 -9999 -9999 -9999 -9999 -9999 -9999 -9999 -9999 -9999 -9999 -9999 -9999 -9999 -9999 -9999 -9999 -9999 -9999 -9999 -9999 -9999 -9999 -9999 -9999 -9999 -9999 -9999 -9999 -9999 -9999 -9999 -9999 -9999 -9999 -9999 -9999 -9999 -9999 -9999 -9999 -9999 -9999 -9999 -9999 -9999 -9999
-9999 -9999 -9999 -9999 -9999 -9999 -9999 -9999 -9999 -9999 -9999 -9999 -9999 -9999 -9999 -9999 -9999 -9999 -9999 -9999 -9999 -9999 -9999 -9999 -9999 -9999 -9999 -9999 -9999 -9999 -9999 -9999 -9999 -9999 -9999 -9999 -9999 -9999 -9999 -9999 -9999 -9999 -9999 -9999 -9999 -9999 -9999 -9999 -9999 -9999 -9999 -9999 -9999 -9999 -9999 -9999 -9999 -9999 -9999 -9999 -9999 -9999
-9999 -9999 -9999 -9999 -9999 -9999 -9999 -9999 -9999 -9999 -9999 -9999 -9999 -9999 -9999 -9999 -9999 -9999 -9999 -9999 -9999 -9999 -9999 -9999 -9999 -9999 -9999 -9999 11.1099997516721 11.0513552557827 10.070223079063 10.2029022988863 10.2444990272634 10.4180577904917 10.4582201489247 10.6346476520412 10.4947965824977 10.3728751372546 10.3155003394932 10.2452162122354 10.2150944434106 10.4919278426096 10.4309671199881 10.4130374956876 9.20697143441066 10.2574083567597 9.36738180648535 10.469695108477 10.1989577815402 9.9705343679525 10.0071108015254 9.98057495756075 9.96407970320433 10.4352702298202 10.1577196456492 9.63417461607605 9.6599932750687 9.63776054093614 9.62150434823707 9.40969571983442 9.38244269089773 9.71127200056799
-9999 -9999 -9999 -9999 -9999 -9999 -9999 -9999 -9999 -9999 -9999 -9999 -9999 -9999 -9999 -9999 -9999 -9999 -9999 -9999 -9999 -9999 -9999 -9999 -9999 -9999 -9999 7.35926388483495 10.030777905602 10.3666595341638 10.0888698883355 10.1749320849776 10.3413189984858 10.4123203107156 10.4517654841766 10.3936735014431 10.387218836695 10.4747154032812 10.3563798828982 10.3420361834578 10.34992521815 10.4571443714667 10.5041199871339 10.3793298020028 10.508423096966 9.54165775468573 10.2251350330189 10.3233893741854 9.83498640824109 9.88447217131034 9.92248297482729 9.8909268360585 9.97985777258873 8.85841953800991 9.72956021735445 9.74964139657095 9.76398509601131 9.65138705540448 9.48500014189631 9.24832910113037 9.45444806208834 9.56532485876232
-9999 -9999 -9999 -9999 -9999 -9999 -9999 -9999 -9999 -9999 -9999 -9999 -9999 -9999 -9999 -9999 -9999 -9999 -9999 -9999 -9999 -9999 -9999 -9999 -9999 -9999 10.2152737396536 9.99384287954308 10.1596321389079 10.3674962499645 10.2520294694696 10.0271919807419 10.2839442007244 10.2753379810601 10.3018738250248 10.5234839813784 10.5636463398114 10.4743568107951 10.3976180187892 10.5899431221187 10.4603717038408 10.4420834870543 10.5820540874265 10.6224555075169 10.4876247327775 10.3951078713872 10.4008453511633 10.5163121316582 10.50985746691 10.0465559749864 9.88088624645025 10.2140186659526 10.307611304801 10.2466505821794 10.0773949287832 9.77043976075947 9.77761161047965 9.84239731961861 9.78836938505992 9.78263190528378 9.6757713444531 9.45954007538967
-9999 -9999 -9999 -9999 -9999 -9999 -9999 -9999 -9999 -9999 -9999 -9999 -9999 -9999 -9999 -9999 -9999 -9999 -9999 -9999 -9999 -9999 -9999 -9999 -9999 -9999 10.0006561367773 10.0919776898809 10.3918805390131 10.3789712095167 10.1010620328598 9.93754385923967 10.1197088421322 10.7257301434875 10.6592710027471 10.6442101183347 10.6191086443141 10.6152836577967 10.5801415941678 10.1347697265446 10.5001754697878 10.5600604149513 10.5349589409307 10.4252296402119 10.3147831545211 10.137160343118 10.2100741486065 10.1493524876423 10.3205206342973 10.4557100015227 10.2493758850731 9.67194635793567 9.67361978953704 9.59257788769901 9.72884303238243 9.74892421159893 9.73744925204664 10.0250404258259 9.94256415404379 10.0135654662736 9.18396174989175 9.66465497738682
-9999 -9999 -9999 -9999 -9999 -9999 -9999 -9999 -9999 -9999 -9999 -9999 -9999 -9999 -9999 -9999 -9999 -9999 -9999 -9999 -9999 -9999 -9999 -9999 -9999 11.6966720335459 9.43981748865917 9.64995268546045 9.88734091119841 10.3532720813528 10.7257301434875 9.7474898416549 10.5704595970456 10.5614947848953 10.8247016696259 10.3924781931564 10.5579088600352 9.53018279513344 10.481648191344 10.6647694208659 10.2624286515638 10.4653919986449 10.2734254878014 10.2901598038152 10.1971648191102 9.97842340264469 10.1938179559074 10.1024964028038 10.3869797750376 9.97268592286855 9.72597429249436 9.5724967084825 9.5961638125591 9.6040528472513 9.66931667970493 9.81490522902459 9.92822045460343 9.66716512478888 10.0520543931052 10.0781121137552 10.0740480655804 10.0410575568676
-9999 -9999 -9999 -9999 -9999 -9999 -9999 -9999 -9999 -9999 -9999 -9999 -9999 -9999 -9999 -9999 -9999 -9999 -9999 -9999 -9999 -9999 -9999 -9999 10.0614119494068 9.95977659337223 7.37265133764595 10.6965646212921 10.4887005102355 10.5457167155109 10.5833689265419 10.5704595970456 10.5325683243573 10.4520045458339 10.5550401201472 10.6446882416494 9.85219884756953 10.4022797211073 10.068788709119 9.99742880440317 9.96013518585823 10.3833938501775 10.550019825343 10.1548509057611 10.1598712005652 10.2817926458083 10.1708680368029 10.281553584151 10.3188472026959 10.1179158797022 9.81777396891266 9.70159000344574 9.64349802071229 9.57966855820268 9.52874842518941 9.86773785529658 9.89738150080666 9.41471601463854 10.0161951445043 9.91029083030298 9.76255072606727 9.71521651791409
-9999 -9999 -9999 -9999 -9999 -9999 -9999 -9999 -9999 -9999 -9999 -9999 -9999 -9999 -9999 -9999 -9999 -9999 -9999 -9999 -9999 -9999 -9999 -9999 10.5282652145252 9.93754385923967 10.1046479577199 10.2036194838583 10.2337412526831 10.2244178480469 10.18999296939 9.98487806739286 10.5806197174825 10.1020182794891 10.4947965824977 10.4818872530013 10.4933622125536 9.44268622854725 9.85614336491562 10.3054597498849 10.4381389697082 10.307611304801 10.3750266921706 10.4402905246243 10.2425865340047 10.202663237229 10.2538224318996 10.135008788202 10.1663258653134 10.1691946052015 9.77474287059158 9.79697560472414 9.4885860667564 9.62126528657973 9.57536544837058 9.98535619070753 10.1383556514047 9.90527053549886 10.0451216050424 9.57966855820268 9.72525710752234 9.3652302515693
-9999 -9999 -9999 -9999 -9999 -9999 -9999 -9999 -9999 -9999 -9999 -9999 -9999 -9999 -9999 -9999 -9999 -9999 -9999 -9999 -9999 -9999 -9999 11.9899997320026 10.0601824894547 10.0903042582795 10.2272865879349 10.3305612239055 10.6188695826568 10.3614001777023 10.109668252524 10.5851618889719 10.7149723689072 10.4876247327775 9.90025024069473 10.6898708948866 10.4090929783415 10.4596545188688 10.4826044379734 10.4625232587568 10.4739982183091 10.2803582758643 9.89522994589061 10.1682383585721 10.1675211736001 10.1983601273969 10.201228867285 10.2478458904661 10.1448103161529 9.82996611343697 10.2237006630749 9.50149539625272 9.57464826339856 9.57823418825865 9.5603045639582 9.86749879363924 9.62269965652376 9.6800744542852 9.39033172558993 9.60477003222331 10.0769168054685 9.84430981287733
-9999 -9999 -9999 -9999 -9999 -9999 -9999 -9999 -9999 -9999 -9999 -9999 -9999 -9999 -9999 -9999 -9999 -9999 -9999 -9999 -9999 10.348849440692 10.0228888709098 9.94973600376397 9.82351144868881 10.3011566400528 10.3714407673106 10.2911160504445 10.1397900213487 10.3334299637936 10.3327127788216 10.4897762876935 9.9267860846594 9.94399852398783 10.1204260271043 10.5901821837761 10.4976653223857 10.550019825343 10.2036194838583 9.92965482454747 10.0931729981676 10.1383556514047 10.2086397786625 10.1778008248657 10.016673267819 10.1046479577199 9.39750357531011 9.17474592300132 9.33223974285647 9.39248328050599 9.85865351231769 9.5366374598816 9.70015563350171 9.59688099753112 9.41973630944267 9.13286232063547 10.0863597409334 9.72693053912371 10.0671152775176 10.0824152235873 10.0797855453566 10.0295825973153
-9999 -9999 -9999 -9999 -9999 -9999 -9999 -9999 -9999 -9999 -9999 -9999 -9999 -9999 -9999 -9999 -9999 -9999 -9999 -9999 9.07468596319942 9.55774318905813 9.54380930960178 9.92176578985527 9.92822045460343 10.3291268539615 10.6002227733843 10.3463392932899 10.4073000159115 10.6253242474049 10.5952024785802 10.7902767909691 10.5832493957132 9.9346751193516 10.1985991890542 9.94041259912774 9.93754385923967 9.6399120958522 9.87658313661814 9.94471570895985 9.80271308450028 10.2404349790886 10.3690501507372 10.2705567479134 9.92965482454747 10.2072054087184 9.8432340354193 9.39033172558993 9.75753043126315 9.47997984709218 9.86510817706585 10.0250404258259 9.93108919449151 10.0378473003262 8.59748373902403 9.11780143622309 10.0759605588391 9.6757713444531 8.74438712745905 8.25323495245539 9.00735495053232 10.0666371542029
-9999 -9999 -9999 -9999 -9999 -9999 -9999 -9999 -9999 -9999 -9999 -9999 -9999 -9999 -9999 -9999 -9999 -9999 -9999 -9999 10.9707315635438 9.96192814828828 9.23972288146615 10.2007507439703 10.50985746691 10.1813867497258 10.3614001777023 10.2523880619556 9.9748374777846 10.6902294873726 10.6492304131389 9.79984434461221 10.3276924840175 10.4739982183091 10.1326181716286 10.5127262067981 10.3276924840175 10.1950132641941 9.96838281303644 10.0171513911337 9.76111635612324 9.78980375500396 10.2480849521235 10.2115085185505 10.2578864800744 10.2832270157523 10.1734977150336 10.109668252524 9.77474287059158 9.7159337028861 9.85865351231769 10.0343638304621 9.72525710752234 8.37479780521244 9.84335356624797 9.83905045641586 9.83642077818513 8.2137897789944 8.87897884054109 8.73601996945217 9.82566300360486 9.66322060744278
-9999 -9999 -9999 -9999 -9999 -9999 -9999 -9999 -9999 -9999 -9999 -9999 -9999 -9999 -9999 -9999 -9999 -9999 8.79004790401086 10.070223079063 10.2387615474872 10.3678548424505 10.1749320849776 10.0221716859378 10.5378276808187 10.4567857789807 10.4890591027215 10.6874802783132 10.0678324624896 10.6437319950201 9.62485121143982 9.73601488210261 10.0149998362176 10.1476790560409 10.2975707151927 10.3205206342973 10.1634571254253 10.1634571254253 9.74390391679481 9.88734091119841 9.68222600920126 10.3384502585977 10.1546118441038 9.93132825614884 10.1953718566801 9.75155388982967 10.1598712005652 9.51512191072106 9.51010161591694 9.66573075484484 10.1044088960625 10.0752433738671 10.0329294605181 9.99539678031579 9.93587042763829 9.93515324266627 10.1501174849458 9.2576525057666 9.30785545380786 9.3652302515693 9.46707051759586 9.32793663302436
-9999 -9999 -9999 -9999 -9999 -9999 -9999 -9999 -9999 -9999 -9999 -9999 -9999 -9999 -9999 -9999 7.71434063855559 9.00018310081214 9.48500014189631 9.4964751014486 9.6399120958522 10.3721579522826 10.4876247327775 10.1813867497258 10.0451216050424 10.2767723510042 10.50985746691 10.2746207960881 9.8034302694723 9.78191472031176 9.81633959896863 9.74964139657095 10.1240119519643 10.2660145764239 10.2660145764239 10.2803582758643 10.2652973914519 9.85291603254154 9.72453992255032 9.83283485332504 9.56317330384627 9.4247566042468 9.95380005193874 9.63369649276137 9.99993895180523 10.387218836695 10.1561059794622 9.84574418282136 9.87945187650621 9.64995268546045 10.0506200231612 10.0001780134626 9.57034515356645 9.88016906147823 9.7754600555636 9.74964139657095 9.61983091663569 9.50508132111281 9.47352518234402 9.35949277179316 9.24474317627028 9.56209752638824
-9999 -9999 -9999 -9999 -9999 -9999 -9999 -9999 -9999 -9999 -9999 7.81999982520938 7.81999982520938 -9999 -9999 -9999 7.950764479395 8.91173028759658 9.63446149006486 9.88495029462501 9.59998879907653 9.85004729265347 10.0917386282235 9.36756110272836 10.5148777617142 10.6380542806583 10.0171513911337 10.34992521815 10.0472731599584 9.7037415583618 9.70445874333382 10.6286711106077 10.4653919986449 10.7537003573962 10.1283150617965 10.1935788942501 10.2222662931308 9.9626453332603 9.94471570895985 10.1921445243061 9.82064270880073 9.29996641911566 9.73027740232646 10.2391918584704 8.42033905093558 10.0099795414135 10.0103381338995 9.97125155292451 10.1436150078662 10.0520543931052 9.34228033246472 9.29458753182553 9.99563584197313 9.91925564245321 9.92373804852832 9.55528426915407 9.59974973741919 9.50364695116878 9.53592027490959 9.51512191072106 9.59974973741919 9.53018279513344
-9999 -9999 -9999 -9999 -9999 -9999 -9999 -9999 -9999 -9999 -9999 -9999 -9999 -9999 -9999 -9999 -9999 -9999 7.74262134575448 10.1737845890224 9.52516250032932 9.78191472031176 9.96479688817635 9.76577805844136 10.1964476341382 10.1953718566801 10.4164441243047 10.2846613856964 9.76972257578745 9.68437756411731 9.62269965652376 9.59974973741919 10.589464998804 10.4694560468197 9.86690113949589 9.43623156379908 9.34801781224087 10.1283150617965 9.78263190528378 9.94901881879196 10.1543727824464 10.1381165897474 10.150189203443 10.1215018045623 10.0056764315814 9.94973600376397 10.1821039346978 9.99563584197313 9.9547562985681 10.1648914953694 9.74246954685077 9.94208603072912 9.94435711647384 9.85793632734567 9.76972257578745 9.79769278969616 9.04488763073459 9.28992582950741 9.33510848274454 9.49002043670043 9.41471601463854 9.35016936715692
-9999 -9999 -9999 -9999 -9999 -9999 -9999 -9999 -9999 -9999 -9999 -9999 -9999 -9999 9.29731369879748 9.49310745027564 9.39070590905359 9.21426281495951 10.0510981464759 9.57464826339856 9.6599932750687 9.56389048881829 9.94519383227453 10.3181897831382 10.230513920309 9.75215154397301 10.3619380664313 10.229438142851 10.0852839634754 9.60763877211139 10.5514541952871 10.3941516247578 9.96479688817635 10.4280983801 9.88518935628235 9.73529769713059 9.58325448306277 10.0501418998465 10.0264747957699 9.92965482454747 9.90813927538693 9.86869410192594 9.62987150624394 10.1734977150336 9.98129214253277 9.90383616555482 9.87586595164612 9.86941128689796 9.98057495756075 9.88518935628235 9.9748374777846 9.87228002678603 9.88518935628235 9.86510817706585 9.78263190528378 9.67290260456502 9.47495955228806 9.62269965652376 9.38315987586975 9.32435070816427 9.35877558682114 9.4649189626798
-9999 -9999 -9999 -9999 -9999 -9999 -9999 -9999 -9999 -9999 -9999 -9999 6.17999986186624 9.88777122218162 9.34012877754867 9.42619097419083 9.07979063270614 9.60644346382469 9.64651019759476 9.15509505476803 9.61194188194349 10.0011940255063 9.81974622758571 10.0985518854577 10.1197088421322 9.82996611343697 9.92822045460343 10.1229361745063 9.7596819861792 9.70015563350171 10.5882696905173 10.2882473105565 9.50651569105685 9.55743582407013 9.61409343685955 9.60261847730726 9.8471785527654 9.96623125812039 9.98057495756075 10.0207373159938 9.93252356443554 9.95188755868003 9.88734091119841 9.85435040248558 9.76326791103929 9.75537887634709 9.85721914237365 9.94471570895985 9.88590654125437 9.88518935628235 9.95403911359608 9.99922176683322 9.97412029281259 9.79840997466817 9.78908657003194 9.40037231519818 9.33654285268858 9.30283515900373 9.29781486419961 9.57966855820268 9.4247566042468 9.45989866787568
-9999 -9999 -9999 -9999 -9999 -9999 -9999 -9999 -9999 -9999 7.97753611636791 9.35518966196105 7.45249793119729 9.81074555618688 9.7315683352761 9.58669697092846 9.4381440570578 9.52056599664502 8.9326047168579 9.75247753714211 9.24617754621431 9.77474287059158 9.93491418100893 10.3865016517229 10.2502365070395 10.1562852757052 10.1390728363767 10.0953245530836 9.57464826339856 9.2935117543675 9.67864008434117 9.64780113054439 9.751792951487 9.72669147746637 9.83713796315715 9.75681324629113 9.90240179561079 9.96694844309241 9.95762503845617 10.0214545009658 9.94041259912774 9.87228002678603 9.8392895180732 9.79338967986405 9.67505415948108 9.85721914237365 9.91817986499518 9.83570359321311 9.80127871455625 9.80845056427643 9.79195530992001 9.85650195740163 9.57823418825865 9.08696248242632 9.20458081783727 9.54882960440591 9.27845086995512 9.26195561559871 9.01954709505662 9.64254177408293 8.27008879929781 8.57489241240546
-9999 -9999 -9999 -9999 -9999 -9999 -9999 -9999 -9999 -9999 10.6449997620657 10.8795750661435 9.65497298026457 9.21480070368852 9.00520339561626 9.28875225409865 12.349999723956 -9999 -9999 9.22999979369342 -9999 9.75148668032458 9.30833357712254 9.58540603797883 9.90240179561079 9.79410686483607 9.30355234397575 9.77402568561956 9.54094056971371 9.48786888178438 9.49002043670043 9.63274024613202 9.63345743110403 9.74390391679481 9.81275367410854 9.86152225220576 9.90670490544289 9.94615007890388 9.99491865700111 9.94256415404379 9.87228002678603 9.79052093997598 9.85004729265347 10.2284818962216 9.911008015275 9.88232061639428 9.84574418282136 9.84574418282136 9.72310555260628 9.74892421159893 9.69370096875355 9.91531112510711 9.46205022279173 9.27127902023494 9.09198277723044 9.03747671935707 9.09341714717448 8.6917935628444 8.79865412367508 9.5469171111472 8.90479749953374 9.37335834791884
-9999 -9999 -9999 -9999 -9999 -9999 -9999 -9999 -9999 -9999 -9999 -9999 -9999 -9999 -9999 -9999 -9999 -9999 -9999 -9999 -9999 -9999 -9999 -9999 -9999 10.0110040913735 9.03317360952497 9.28347116475925 9.49575791647658 9.49217199161649 9.93718526675366 9.6599932750687 9.55528426915407 9.51512191072106 9.70517592830583 9.8270973735489 9.92248297482729 9.99563584197313 9.9626453332603 9.90168461063877 9.82853174349293 9.75394450640306 9.78191472031176 9.6958525236696 9.79482404980808 9.74677265668288 9.86080506723374 9.80127871455625 9.66357919992879 9.56102174893022 9.57751700328663 9.40252387011424 9.53089998010546 9.25550095085055 9.18808556348085 8.72836999641731 8.56987211760134 8.75418865540996 8.94495985796675 8.68462171312422 8.46229437179863 8.87467573070899
-9999 -9999 -9999 -9999 -9999 -9999 -9999 -9999 -9999 -9999 -9999 -9999 -9999 -9999 -9999 -9999 -9999 -9999 -9999 -9999 -9999 -9999 -9999 -9999 -9999 10.6396679468453 9.20744955772534 9.43408000888303 9.39606920536608 9.64493239065632 9.48500014189631 9.49504073150456 9.38746298570186 9.58325448306277 9.70589311327785 9.94973600376397 9.98774680728093 9.94328133901581 9.89307839097455 9.75609606131911 9.70159000344574 9.4290597140789 9.30642108386382 9.18736837850884 9.38029113598168 9.71521651791409 9.65282142534852 9.46850488753989 9.32076478330418 9.43623156379908 9.25334939593449 9.25621813582256 9.19310585828498 9.22681355196983 9.00735495053232 8.96002074237913 9.09054840728641 8.9786675516516 8.96862696204334 8.71474348194897 8.67960141832009 8.79650256875902
-9999 -9999 -9999 -9999 -9999 -9999 -9999 -9999 -9999 -9999 -9999 -9999 -9999 -9999 -9999 -9999 -9999 -9999 -9999 -9999 -9999 -9999 -9999 -9999 -9999 -9999 -9999 10.3896572655998 9.64665363458917 9.7596819861792 9.7675710208714 9.50221258122474 10.4716076017357 9.87586595164612 9.89594713086262 9.89738150080666 9.95332192862406 10.0508590848185 9.72023681271821 9.31861322838813 9.20744955772534 9.17087312415242 9.10991240153089 9.01380961528048 9.04966886388138 9.02528457483277 8.98153629153967 8.98583940137178 8.97006133198738 8.9349192683585 8.90766623942181 8.95930355740711 9.00376902567223 9.10202336683869 8.79721975373104 9.00950650544837 8.93420208338648 8.72334970161319 8.89834283478558 8.81443219305947 8.76853235485032 8.69394511776045
