EcologicalScience/Bass/data/rs_data_bass/sst_85.asc
NCOLS 226 
NROWS 124 
XLLCORNER -9.41648524995501 
YLLCORNER 47.587301625531 
CELLSIZE 0.0833 
NODATA_value -9999 
[rows 81 to 107 of 124, columns 62 to 123 of 226]
14.2649996811524 -9999 -9999 -9999 -9999 -9999 -9999 -9999 -9999 -9999 -9999 -9999 -9999 -9999 -9999 -9999 -9999 -9999 -9999 -9999 -9999 -9999 -9999 -9999 -9999 -9999 -9999 -9999 -9999 -9999 -9999 -9999 -9999 -9999 -9999 -9999 -9999 -9999 -9999 -9999 -9999 -9999 -9999 -9999 -9999 -9999 -9999 -9999 -9999 -9999 -9999 -9999 -9999 -9999 -9999 -9999 -9999 -9999 -9999 -9999 -9999 -9999
14.1283330175405 -9999 -9999 -9999 -9999 -9999 -9999 -9999 -9999 -9999 -9999 -9999 -9999 -9999 -9999 -9999 -9999 -9999 -9999 -9999 -9999 -9999 -9999 -9999 -9999 -9999 -9999 -9999 -9999 -9999 -9999 -9999 -9999 -9999 -9999 -9999 -9999 -9999 -9999 -9999 -9999 -9999 -9999 -9999 -9999 -9999 -9999 -9999 -9999 -9999 -9999 -9999 -9999 -9999 -9999 -9999 -9999 -9999 -9999 -9999 -9999 -9999
-9999 -9999 -9999 -9999 -9999 -9999 -9999 -9999 -9999 -9999 -9999 -9999 -9999 -9999 -9999 -9999 -9999 -9999 -9999 -9999 -9999 -9999 -9999 -9999 -9999 -9999 -9999 -9999 -9999 -9999 -9999 -9999 -9999 -9999 -9999 -9999 -9999 -9999 -9999 -9999 -9999 -9999 -9999 -9999 -9999 -9999 -9999 -9999 -9999 -9999 -9999 -9999 -9999 -9999 -9999 -9999 -9999 -9999 -9999 -9999 15.3604996566661 -9999
-9999 -9999 -9999 -9999 -9999 -9999 -9999 -9999 -9999 -9999 -9999 -9999 -9999 -9999 -9999 -9999 -9999 -9999 -9999 -9999 -9999 -9999 -9999 -9999 -9999 -9999 -9999 -9999 -9999 -9999 -9999 -9999 -9999 11.3199997469783 11.209999749437 11.1449997508898 -9999 -9999 -9999 -9999 -9999 -9999 -9999 -9999 -9999 -9999 -9999 -9999 -9999 -9999 -9999 -9999 -9999 -9999 -9999 -9999 17.2699996139854 17.3682922947152 15.1199996620417 15.1449996614829 15.1299996618181 15.2499996591359
-9999 -9999 -9999 -9999 -9999 -9999 -9999 -9999 -9999 -9999 -9999 -9999 -9999 -9999 -9999 -9999 -9999 -9999 -9999 -9999 -9999 -9999 -9999 -9999 -9999 -9999 -9999 -9999 -9999 -9999 -9999 -9999 -9999 15.0749996630475 15.0749996630475 15.044999663718 14.2783330141877 15.2449996592477 15.1699996609241 15.1399996615946 14.7099996712059 -9999 14.9049996668473 14.8699996676296 14.9749996652827 15.0149996643886 15.0349996639416 15.1699996609241 15.1849996605888 15.189999660477 14.1999996826053 14.1999996826053 16.0432569661806 -9999 14.6099996734411 14.4549996769056 14.7849996695295 14.9049996668473 15.2449996592477 15.6149996509776 15.7249996485189 15.954999643378
-9999 -9999 -9999 -9999 -9999 -9999 -9999 -9999 -9999 -9999 -9999 -9999 -9999 14.3733330120643 14.5349996751174 14.5499996747822 14.5599996745586 14.2999996803701 14.1999996826053 -9999 -9999 -9999 -9999 -9999 -9999 11.894999734126 11.894999734126 15.1999996602535 15.1449996614829 15.0599996633828 14.8149996688589 14.9349996661767 14.9649996655062 15.0149996643886 15.0149996643886 -9999 16.1593746388098 15.0249996641651 15.2499996591359 15.229999659583 14.9649996655062 14.8649996677414 15.044999663718 15.1249996619299 15.1299996618181 15.0699996631593 15.20999966003 15.4099996555597 15.6399996504188 15.4899996537715 14.7299996707588 14.7299996707588 14.7499996703118 14.9099996667355 14.9049996668473 14.9749996652827 15.1449996614829 15.084999662824 15.2399996593595 15.5399996526539 15.5799996517599 15.374999656342
-9999 -9999 -9999 -9999 -9999 -9999 -9999 -9999 15.076643472104 11.1816664167369 13.9124996890314 13.924999688752 13.5699996966869 13.5599996969104 14.1799996830523 14.504999675788 14.6099996734411 14.6999996714294 14.7899996694177 14.8049996690825 14.5349996751174 14.9599996656179 14.9649996655062 15.4249996552244 15.7549996478483 15.7099996488541 12.9264059610723 15.1549996612594 15.2949996581301 15.3299996573478 15.044999663718 14.8899996671826 15.0399996638298 15.0399996638298 15.0349996639416 16.7482853399324 15.0049996646121 15.6549996500835 15.5599996522069 15.1949996603653 14.9299996662885 14.9099996667355 15.1349996617064 15.1699996609241 15.4199996553361 15.6849996494129 15.6749996496364 15.6349996505305 15.5899996515363 15.6699996497482 15.7524996479042 15.624999650754 15.5299996528774 15.4699996542186 15.4499996546656 15.479999653995 15.5249996529892 15.6049996512011 15.4949996536598 15.229999659583 15.3849996561185 15.8299996461719
-9999 -9999 -9999 -9999 -9999 -9999 -9999 -9999 13.876666356499 13.8899996895343 13.7699996922165 14.2799996808171 14.3149996800348 14.4999996758997 14.4799996763468 14.7449996704236 14.8049996690825 14.8149996688589 15.0899996627122 15.084999662824 14.7074996712618 13.5999996960163 14.8249996686354 15.002499664668 15.7149996487424 15.6399996504188 14.7724996698089 15.4349996550009 15.5299996528774 15.4149996554479 15.3849996561185 15.3149996576831 15.6699996497482 15.4099996555597 15.1799996607006 15.4599996544421 15.20999966003 15.3216663242007 15.0399996638298 15.044999663718 15.0549996634945 14.9749996652827 14.9499996658415 15.0599996633828 15.229999659583 16.0049996422604 15.9949996424839 15.954999643378 16.0899996403605 16.0249996418133 16.0299996417016 15.8849996449426 15.5299996528774 15.5949996514246 15.6499996501952 15.5599996522069 15.5949996514246 15.5599996522069 15.4449996547773 15.8249996462837 15.9649996431544 15.954999643378
-9999 -9999 -9999 -9999 -9999 -9999 -9999 -9999 13.0049997093156 13.179999705404 13.0699997078627 14.3849996784702 14.4499996770173 14.5149996755645 14.6449996726587 14.794999669306 14.8849996672943 15.0599996633828 15.2449996592477 15.2549996590242 15.1199996620417 14.9549996657297 14.7874996694736 15.0049996646121 15.1574996612035 15.1549996612594 15.6699996497482 15.8249996462837 15.5149996532127 15.5699996519834 15.499999653548 15.5849996516481 15.6549996500835 15.6599996499717 15.5849996516481 15.5599996522069 15.7749996474013 15.809999646619 15.1999996602535 15.2799996584654 15.4099996555597 16.0149996420369 15.6399996504188 15.7949996469542 16.0149996420369 15.8799996450543 15.809999646619 15.7799996472895 15.8349996460602 15.9649996431544 16.0449996413663 15.7999996468425 15.5099996533245 15.5599996522069 15.66499964986 15.7949996469542 15.7149996487424 15.7349996482953 15.8149996465072 15.7649996476248 15.954999643378 15.9249996440485
9.81773224523421 9.40499978978187 -9999 -9999 -9999 -9999 -9999 -9999 14.6529028982885 12.2749997256324 12.1599997282028 14.2933330138524 14.3174996799789 14.6274996730499 14.7174996710382 14.6774996719323 14.7049996713176 14.7049996713176 15.0324996639974 15.1299996618181 15.1449996614829 14.774999669753 14.7899996694177 14.8349996684119 15.5049996534362 15.4699996542186 15.6549996500835 15.8149996465072 15.9949996424839 15.4749996541068 15.3849996561185 15.0899996627122 14.8599996678531 14.8599996678531 15.8699996452779 15.4099996555597 15.1824996606447 15.5949996514246 15.3649996565655 15.5049996534362 15.9849996427074 16.0699996408075 16.1449996391311 15.954999643378 15.9099996443838 15.7799996472895 15.7199996486306 15.66499964986 15.6924996492453 16.0299996417016 15.6074996511452 15.4599996544421 15.5399996526539 15.6199996508658 15.7649996476248 15.7949996469542 15.8349996460602 15.8699996452779 15.9899996425956 15.9699996430427 16.0099996421486 15.9399996437132
13.6499996948987 11.1349997511134 14.2399996817112 9.96999977715313 13.7424996928312 -9999 16.1899624452926 14.1899996828288 13.9649996878579 13.0449997084215 12.7149997157976 13.1049997070804 13.0899997074157 13.5999996960163 14.1149996845052 14.0799996852875 14.3699996788055 14.7799996696413 14.8549996679649 15.0724996631034 15.1724996608682 15.1799996607006 15.1449996614829 15.3424996570684 15.4549996545538 15.5299996528774 15.5749996518716 15.5699996519834 15.4749996541068 15.6149996509776 14.8949996670708 15.1149996621534 15.0499996636063 15.2149996599182 15.5949996514246 15.8599996455014 16.1349996393546 15.7049996489659 15.8899996448308 16.079999640584 15.8699996452779 15.7149996487424 15.914999644272 15.9449996436015 15.6299996506423 15.7949996469542 15.7299996484071 15.70749964891 16.2199996374547 16.2199996374547 16.1999996379018 15.5549996523187 15.6099996510893 15.7749996474013 15.809999646619 15.8499996457249 15.9199996441603 15.9899996425956 16.0649996409193 15.9899996425956 16.0049996422604 15.934999643825
13.3874997007661 14.2249996820465 14.0349996862933 14.2249996820465 10.7449997598305 14.3049996802583 14.1199996843934 13.9849996874109 14.0649996856228 13.75999969244 13.4849996985868 13.8149996912107 14.0549996858463 14.0399996861815 13.9149996889755 14.194999682717 14.2099996823817 14.7424996704794 14.9574996656738 15.0324996639974 15.1024996624328 15.16749966098 15.2149996599182 15.2124996599741 15.312499657739 15.2799996584654 15.3249996574596 14.6649996722117 14.8199996687472 14.8849996672943 15.3499996569008 15.5099996533245 15.499999653548 16.1399996392429 16.0099996421486 16.059999641031 16.0549996411428 16.1049996400252 16.1549996389076 16.0299996417016 15.9699996430427 15.6349996505305 15.6499996501952 15.6749996496364 15.8249996462837 15.8249996462837 15.7749996474013 15.6949996491894 16.0199996419251 16.224999637343 16.3249996351078 15.6399996504188 15.66499964986 15.6849996494129 15.7099996488541 15.8949996447191 15.9849996427074 15.9849996427074 16.079999640584 15.9949996424839 16.0649996409193 15.8449996458367
10.8549997573718 13.7149996934459 14.21499968227 13.489999698475 12.5399997197092 12.0249997312203 13.634999695234 13.6999996937811 13.944999688305 13.8999996893108 14.0599996857345 14.1749996831641 14.069999685511 13.8549996903166 14.0399996861815 14.3199996799231 14.3899996783584 14.3099996801466 14.71249967115 14.9374996661209 15.0274996641092 15.2049996601418 14.8074996690266 15.3274996574037 15.2499996591359 15.2983329913889 14.7999996691942 14.8699996676296 14.8499996680766 14.5549996746704 15.5449996525422 15.4249996552244 15.8249996462837 16.0349996415898 16.0399996414781 15.9449996436015 15.8499996457249 16.0849996404722 16.0899996403605 16.1249996395782 16.1099996399134 15.9899996425956 15.9199996441603 15.8199996463954 15.8649996453896 15.7949996469542 16.059999641031 15.9049996444955 16.0749996406958 15.9899996425956 15.6699996497482 15.6849996494129 15.7299996484071 15.7449996480718 15.8699996452779 15.9699996430427 16.0099996421486 16.059999641031 16.0949996402487 15.9449996436015 15.4749996541068 15.6074996511452
10.4949997654185 12.7149997157976 13.0399997085333 11.9849997321144 11.9449997330084 12.3449997240677 12.9399997107685 13.2949997028336 13.3199997022748 13.4949996983632 13.8199996910989 14.049999685958 14.2399996817112 14.2649996811524 14.2849996807054 14.4549996769056 14.3699996788055 14.2749996809289 14.4149996777996 14.4399996772408 14.4049996780232 14.194999682717 15.2349996594712 15.229999659583 15.2199996598065 15.3149996576831 15.3149996576831 14.8149996688589 14.8399996683002 14.9049996668473 15.5399996526539 15.5849996516481 15.6949996491894 15.6599996499717 15.6499996501952 15.3999996557832 15.3999996557832 13.779999691993 15.954999643378 16.0749996406958 16.079999640584 15.9099996443838 15.5999996513128 15.7199996486306 15.6849996494129 15.6499996501952 15.9449996436015 16.1699996385723 16.1149996398017 15.9449996436015 15.8799996450543 15.8649996453896 15.8849996449426 15.934999643825 15.9599996432662 15.954999643378 15.8849996449426 15.9849996427074 15.9649996431544 15.9849996427074 15.4974996536039 15.5649996520951
13.509999698028 13.7749996921048 13.8799996897578 13.8999996893108 13.8449996905401 13.4749996988103 13.1549997059628 13.2749997032806 13.4599996991456 13.4149997001514 13.5499996971339 13.6749996943399 13.8549996903166 14.0599996857345 14.3449996793643 14.6099996734411 14.4399996772408 14.4649996766821 14.5799996741116 14.6649996722117 14.7599996700883 14.7599996700883 12.6499997172505 12.6499997172505 15.0174996643327 15.2199996598065 15.4349996550009 15.2999996580184 14.939999666065 15.4199996553361 15.7149996487424 15.7299996484071 15.7399996481836 15.7299996484071 15.7299996484071 15.7249996485189 15.6799996495247 15.8649996453896 15.9799996428192 15.9649996431544 15.8899996448308 15.8399996459484 15.7949996469542 16.0449996413663 16.1649996386841 15.8549996456131 15.8599996455014 16.1099996399134 15.8049996467307 15.7449996480718 15.8749996451661 16.099999640137 15.9449996436015 15.9099996443838 15.8499996457249 15.7349996482953 15.7549996478483 15.7049996489659 15.5349996527657 15.1066663290064 15.0099996645004 15.6149996509776
13.5749996965751 13.3199997022748 13.5599996969104 13.8749996898696 13.8799996897578 13.7649996923283 13.6899996940047 13.7499996926636 13.6949996938929 13.6049996959046 13.5599996969104 13.6099996957928 13.9399996884167 14.069999685511 14.2599996812642 14.484999676235 14.6849996717647 14.7199996709824 14.7599996700883 14.8549996679649 14.8949996670708 14.8399996683002 15.0199996642768 15.0399996638298 15.258332992283 15.2349996594712 15.3199996575713 15.3199996575713 15.1633329944064 15.1366663283358 15.5149996532127 15.6799996495247 15.6499996501952 15.7999996468425 15.334999657236 15.616666317607 15.6099996510893 15.8249996462837 15.8449996458367 15.8749996451661 15.8799996450543 15.8949996447191 16.0699996408075 16.1049996400252 16.1199996396899 15.9899996425956 15.6049996512011 15.6749996496364 15.7549996478483 15.7849996471778 15.7949996469542 15.7949996469542 15.7049996489659 15.6899996493012 15.7099996488541 15.5549996523187 15.499999653548 16.0199996419251 16.0199996419251 15.1966663269947 15.2049996601418 15.6617643558146
13.5949996961281 13.0149997090921 13.489999698475 13.7049996936694 12.7899997141212 13.4649996990338 13.1199997067451 13.4749996988103 13.8099996913224 13.8749996898696 13.9599996879697 13.9549996880814 13.9749996876344 14.0199996866286 14.2999996803701 14.6349996728823 14.7899996694177 14.9049996668473 15.044999663718 15.2349996594712 15.3399996571243 15.3099996577948 15.2749996585771 15.229999659583 15.1349996617064 15.306666324536 15.2683329920595 15.5349996527657 15.5349996527657 15.7299996484071 15.6599996499717 15.8499996457249 16.0399996414781 16.1249996395782 15.6983329824482 15.7833329805483 15.8399996459484 15.9999996423721 16.0349996415898 15.9049996444955 15.9599996432662 16.0349996415898 16.1699996385723 16.1299996394664 16.2399996370077 15.6424996503629 15.624999650754 15.7949996469542 15.9299996439368 15.8399996459484 15.8699996452779 15.809999646619 15.6099996510893 15.4899996537715 15.6199996508658 15.7449996480718 15.7049996489659 16.6189996285364 -9999 -9999 -9999 -9999
13.4549996992573 13.4599996991456 13.199999704957 13.3499997016042 13.1899997051805 13.1099997069687 13.5699996966869 13.654999694787 13.6249996954575 13.6949996938929 14.0149996867403 14.1449996838346 14.3049996802583 14.4499996770173 14.5399996750057 14.7099996712059 14.9649996655062 15.1699996609241 15.624999650754 15.9049996444955 15.914999644272 15.7649996476248 15.5549996523187 15.479999653995 15.5499996524304 15.7849996471778 15.7499996479601 15.7599996477365 15.7599996477365 15.644999650307 15.5499996524304 15.6899996493012 15.9999996423721 16.0499996412545 15.7849996471778 15.6549996500835 15.8249996462837 16.0499996412545 16.1599996387959 16.1199996396899 16.0499996412545 15.8799996450543 15.8649996453896 15.8149996465072 15.7799996472895 15.6599996499717 15.6499996501952 15.9299996439368 15.9199996441603 15.8449996458367 15.9249996440485 15.7199996486306 15.6799996495247 15.7199996486306 15.6299996506423 15.6299996506423 -9999 -9999 -9999 -9999 -9999 -9999
13.4049997003749 13.4199997000396 13.5199996978045 13.5649996967986 13.2649997035041 12.9499997105449 12.9199997112155 13.1449997061864 13.3049997026101 13.4649996990338 13.6849996941164 13.8799996897578 14.0999996848404 14.4099996779114 14.7349996706471 15.0299996640533 15.1599996611476 15.2999996580184 15.66499964986 15.8649996453896 15.9649996431544 15.9749996429309 15.9049996444955 15.9749996429309 15.9399996437132 16.0049996422604 15.9499996434897 15.8249996462837 15.383332989489 15.2735710871805 16.6087732136706 16.6347055105383 16.6347055105383 18.4599995873868 -9999 16.6122723559595 16.1699996385723 16.3249996351078 16.3049996355549 15.9999996423721 15.9449996436015 15.8949996447191 15.8499996457249 15.9449996436015 16.099999640137 15.8699996452779 15.8949996447191 15.8649996453896 15.8349996460602 15.8149996465072 15.8249996462837 15.7249996485189 15.7549996478483 -9999 -9999 -9999 -9999 -9999 -9999 -9999 -9999 -9999
13.1949997050688 13.2599997036159 13.4599996991456 13.5349996974692 13.5999996960163 13.654999694787 13.7399996928871 13.7549996925518 13.5799996964633 13.5399996973574 13.6699996944517 14.0349996862933 14.4199996776879 14.6099996734411 14.9699996653944 15.2949996581301 15.3799996562302 15.1149996621534 15.6099996510893 15.769999647513 15.8649996453896 15.8299996461719 15.9849996427074 15.9649996431544 16.0299996417016 15.9849996427074 15.9599996432662 15.9449996436015 15.7849996471778 -9999 -9999 -9999 -9999 -9999 16.3799996338785 15.6149996509776 15.769999647513 15.9899996425956 16.0199996419251 16.0749996406958 16.1699996385723 16.3299996349961 16.1649996386841 16.2349996371195 16.3149996353313 16.2949996357784 16.0499996412545 15.8999996446073 15.8899996448308 15.7599996477365 15.7499996479601 15.6599996499717 11.9524997328408 -9999 -9999 -9999 -9999 -9999 -9999 -9999 -9999 -9999
13.0949997073039 13.469999698922 13.4949996983632 13.5149996979162 13.5349996974692 13.6799996942282 13.7649996923283 13.8099996913224 13.944999688305 14.1799996830523 14.2749996809289 14.3699996788055 14.5999996736646 14.7399996705353 15.0799996629357 15.3999996557832 15.4849996538833 14.9449996659532 15.084999662824 15.3399996571243 15.644999650307 15.809999646619 16.0199996419251 16.0399996414781 16.0849996404722 16.0399996414781 16.0049996422604 15.7199996486306 15.8299996461719 16.4188885218981 -9999 -9999 -9999 -9999 -9999 16.3658060858086 15.6099996510893 15.6349996505305 15.4699996542186 15.8349996460602 16.1949996380135 16.0549996411428 16.1599996387959 16.0899996403605 16.099999640137 16.1349996393546 16.0399996414781 15.9649996431544 15.9949996424839 15.8549996456131 15.789999647066 15.6549996500835 15.644999650307 15.5599996522069 14.794999669306 -9999 -9999 -9999 -9999 -9999 -9999 -9999
12.7399997152388 13.1449997061864 13.5549996970221 13.4599996991456 13.5549996970221 13.6399996951222 13.7699996922165 13.8349996907637 13.9749996876344 14.0999996848404 14.1299996841699 14.4099996779114 14.6199996732175 14.8249996686354 15.0199996642768 15.2249996596947 15.0099996645004 15.0199996642768 15.2149996599182 15.5099996533245 15.7999996468425 15.7949996469542 15.9599996432662 16.0899996403605 15.9599996432662 15.9599996432662 15.9049996444955 15.8899996448308 15.644999650307 15.7749996474013 16.6721424844914 24.7149994475767 -9999 -9999 -9999 -9999 15.1949996603653 15.1949996603653 15.0199996642768 15.5949996514246 15.8899996448308 15.9299996439368 15.7649996476248 15.914999644272 15.7549996478483 15.6949996491894 15.7449996480718 15.7099996488541 15.769999647513 15.7499996479601 15.5349996527657 15.6199996508658 15.7599996477365 9.86999977938831 -9999 -9999 -9999 -9999 -9999 -9999 -9999 -9999
12.9283330443626 12.4699997212738 12.5866663853327 13.6049996959046 13.6699996944517 13.7099996935576 13.8249996909872 13.9549996880814 14.0649996856228 14.2399996817112 14.4799996763468 14.8299996685237 14.9949996648356 14.9249996664003 14.9749996652827 15.1149996621534 15.0899996627122 15.0899996627122 15.3699996564537 15.6549996500835 16.0199996419251 16.1049996400252 16.0399996414781 15.9949996424839 16.0049996422604 16.0649996409193 15.9249996440485 16.0299996417016 16.0549996411428 15.9849996427074 15.8449996458367 -9999 -9999 -9999 -9999 -9999 -9999 -9999 -9999 -9999 -9999 -9999 -9999 -9999 -9999 -9999 15.6799996495247 15.6699996497482 15.5499996524304 15.2349996594712 15.0249996641651 -9999 -9999 -9999 -9999 -9999 -9999 -9999 -9999 -9999 -9999 -9999
13.344999701716 12.7899997141212 13.489999698475 13.6499996948987 13.6949996938929 13.7349996929988 13.7699996922165 13.8749996898696 13.9849996874109 14.1049996847287 14.2749996809289 14.504999675788 13.9699996877462 14.5299996752292 14.9099996667355 15.0099996645004 15.3449996570125 15.3199996575713 15.5449996525422 15.6749996496364 15.8399996459484 15.9949996424839 16.099999640137 16.0299996417016 15.9299996439368 15.8949996447191 15.7149996487424 16.0099996421486 16.079999640584 16.0449996413663 15.9249996440485 15.809999646619 18.8598942858997 -9999 -9999 -9999 -9999 -9999 -9999 -9999 -9999 -9999 -9999 -9999 -9999 -9999 -9999 -9999 -9999 -9999 -9999 -9999 -9999 -9999 -9999 -9999 -9999 -9999 -9999 -9999 -9999 -9999
12.5049997204915 12.6599997170269 13.6299996953458 13.7249996932223 13.7149996934459 13.7549996925518 13.799999691546 13.8249996909872 13.944999688305 14.1199996843934 14.1149996845052 14.0999996848404 15.5849996516481 15.4449996547773 14.9499996658415 13.9599996879697 14.1399996839464 14.6599996723235 15.2199996598065 15.4599996544421 15.6149996509776 15.8299996461719 16.0299996417016 16.0399996414781 16.1399996392429 16.0849996404722 16.0349996415898 16.0849996404722 16.0949996402487 16.0049996422604 15.8199996463954 15.6299996506423 -9999 -9999 -9999 -9999 -9999 -9999 -9999 -9999 -9999 -9999 -9999 -9999 -9999 -9999 -9999 -9999 -9999 -9999 -9999 -9999 -9999 -9999 -9999 -9999 -9999 -9999 -9999 -9999 -9999 -9999
12.8149997135624 12.909999711439 13.3849997008219 13.7149996934459 13.6649996945634 13.6699996944517 13.779999691993 13.8849996896461 13.9549996880814 14.2499996814877 14.5699996743351 15.2199996598065 15.7999996468425 15.8749996451661 14.8299996685237 14.4649996766821 14.069999685511 14.6749996719882 14.8949996670708 14.7449996704236 14.8649996677414 15.8199996463954 15.9299996439368 16.0049996422604 16.0899996403605 16.2699996363372 16.0049996422604 15.7999996468425 16.0149996420369 15.914999644272 15.7149996487424 15.5549996523187 23.2824473962634 -9999 -9999 -9999 -9999 -9999 -9999 -9999 -9999 -9999 -9999 -9999 -9999 -9999 -9999 -9999 -9999 -9999 -9999 -9999 -9999 -9999 -9999 -9999 -9999 -9999 -9999 -9999 -9999 -9999
13.3999997004867 13.4149997001514 13.0049997093156 13.0449997084215 13.2849997030571 13.8499996904284 13.9099996890873 14.0399996861815 13.8899996895343 13.799999691546 14.5349996751174 15.2249996596947 15.354999656789 15.1299996618181 15.4099996555597 15.5949996514246 15.6524996501394 14.8949996670708 15.3649996565655 15.4149996554479 15.4899996537715 15.6549996500835 15.8599996455014 15.9949996424839 15.914999644272 15.9799996428192 16.2499996367842 15.8949996447191 16.0249996418133 16.1049996400252 15.9399996437132 14.7474996703677 13.2464282753478 -9999 -9999 -9999 -9999 -9999 -9999 -9999 -9999 -9999 -9999 -9999 -9999 -9999 -9999 -9999 -9999 -9999 -9999 -9999 -9999 -9999 -9999 -9999 -9999 -9999 -9999 -9999 -9999 -9999
