EcologicalScience/Bass/data/rs_data_bass/sst_504.asc
NCOLS 226 
NROWS 124 
XLLCORNER -9.41648524995501 
YLLCORNER 47.587301625531 
CELLSIZE 0.0833 
NODATA_value -9999 
[rows 27 to 53 of 124, columns 62 to 123 of 226]
-9999 -9999 -9999 -9999 -9999 -9999 -9999 -9999 -9999 -9999 -9999 -9999 -9999 -9999 -9999 -9999 -9999 -9999 -9999 -9999 -9999 -9999 -9999 -9999 -9999 -9999 -9999 -9999 12.5299997199327 5.96194849768654 7.94042277382687 10.2997222701088 10.6884365249425 10.6733756405301 10.6719412705861 10.5507370103151 10.6081118080765 10.4022797211073 11.105120993685 10.1622618171386 10.175888331607 9.51307281080101 9.81084118084982 10.070223079063 10.0534887630492 9.9851171290502 10.0118920346722 10.6898708948866 10.5349589409307 9.94112978409976 10.1211432120763 10.2948215061333 9.7394983519667 10.0343638304621 10.0725180709735 10.0240841791965 9.9255907763727 9.90455335052684 9.84825433022343 9.72131259017624 9.65425579529256 9.58755759289488
-9999 -9999 -9999 -9999 -9999 -9999 -9999 -9999 -9999 -9999 -9999 -9999 -9999 -9999 -9999 -9999 -9999 -9999 -9999 -9999 -9999 -9999 -9999 -9999 -9999 -9999 -9999 -9999 -9999 -9999 9.78499978128821 9.40129441016221 10.8960615743417 10.905743571464 10.6626178659499 10.6002227733843 10.1046479577199 10.3700063973665 10.4202093454078 10.5191808715463 9.96228674077429 10.7128208139911 10.1445712544955 10.0833714702167 10.1161229172722 10.1302275550552 10.0439262967557 9.96407970320433 9.92582983803004 9.86152225220576 9.73003834066913 9.62078716326505 9.70278531173244 9.87897375319153 9.87706125993282 10.0648441917729 10.1876023528166 10.2480849521235 9.77653583302163 9.76649524341337 9.76828820584342 9.77402568561956
-9999 -9999 -9999 -9999 -9999 -9999 -9999 -9999 -9999 -9999 -9999 -9999 -9999 -9999 -9999 -9999 -9999 -9999 -9999 -9999 -9999 -9999 -9999 -9999 -9999 -9999 -9999 -9999 -9999 -9999 -9999 12.5849997187033 10.7576448747423 10.8810006899294 10.1785180098377 10.2571692951024 10.7110278515611 10.5127262067981 10.002568630036 10.3700063973665 10.2306334511377 10.2248959713615 10.2134210118093 10.1526993508451 10.0704621407203 10.0989104779437 10.1584368306212 10.0080072827404 9.9389782291837 9.88447217131034 9.8538722791709 9.81466616736725 9.69154941383749 9.63704335596412 9.61337625188753 9.68629005737603 9.74940233491361 10.148396241013 9.91688893204555 9.75502028386109 9.78012175788172 9.75609606131911
-9999 -9999 -9999 -9999 -9999 -9999 -9999 -9999 -9999 -9999 -9999 -9999 -9999 -9999 -9999 -9999 -9999 -9999 -9999 -9999 -9999 -9999 -9999 -9999 -9999 -9999 -9999 -9999 -9999 -9999 -9999 11.914999733679 10.5566179270856 10.4151890506037 10.2024241755717 10.2363709309138 10.668713938212 9.98702962230891 9.9708929604385 10.0116529730149 10.1319009866565 10.0632902910002 10.0936511214823 10.8053376753815 10.5349589409307 10.0336466454901 9.99563584197313 9.93324074940756 9.80247402284294 9.92128766654059 9.93132825614884 9.79888809798285 9.77498193224892 9.6361468747491 9.51852853933815 9.58086386648938 9.56484673544765 9.66238389164209 9.68581193406135 9.73888362199068 9.66716512478888 9.4925305841025
-9999 -9999 -9999 -9999 -9999 -9999 -9999 -9999 -9999 -9999 -9999 -9999 -9999 -9999 -9999 -9999 -9999 -9999 -9999 -9999 -9999 -9999 -9999 -9999 -9999 -9999 -9999 -9999 -9999 -9999 -9999 11.4499997440726 10.1202211171123 10.2903988654725 10.4237952702679 10.1302275550552 10.2136600734666 10.2513122844975 10.6446882416494 10.4324014899321 10.1724219375756 10.1451689086389 10.1065604509786 10.1261635068804 10.1228166436777 9.9973092735745 9.91722361836582 9.8696503485553 9.90287991892546 9.92750326963142 9.8629566221498 9.77904598042369 9.77761161047965 9.73434145050123 9.60225988482125 9.58779665455222 9.61481062183157 9.61791842337698 9.76709289755672 9.84550512116402 9.70517592830583 9.45416118809953
-9999 -9999 -9999 -9999 -9999 -9999 -9999 -9999 -9999 -9999 -9999 -9999 -9999 -9999 -9999 -9999 -9999 -9999 -9999 -9999 -9999 -9999 -9999 -9999 -9999 -9999 -9999 -9999 -9999 -9999 -9999 -9999 10.760633145459 10.3355815187097 10.2968535302207 10.7113864440471 10.230872512795 10.709234889131 10.3817204185762 10.5618533773813 10.2244178480469 10.1548509057611 10.1381165897474 10.0138045279309 10.229438142851 10.4947965824977 9.86319568380713 9.96168908663094 9.92582983803004 9.8629566221498 9.67290260456502 9.66859949473292 9.69824314024299 9.61457156017423 9.56556392041966 9.54619992617518 9.67361978953704 9.63202306116 9.58612322295085 9.24366739881225 9.72549616917968 9.66608934733085
-9999 -9999 -9999 -9999 -9999 -9999 -9999 -9999 -9999 -9999 -9999 -9999 -9999 -9999 -9999 -9999 -9999 -9999 -9999 -9999 -9999 -9999 -9999 -9999 -9999 -9999 -9999 -9999 -9999 -9999 -9999 8.16999981738627 12.4449997218326 9.98930070805363 10.2251350330189 10.3527939580381 10.2901598038152 10.2488021370955 10.2853785706684 10.468260738533 10.2258522179909 10.148396241013 10.1598712005652 9.92104860488325 10.0202591926791 9.91172520024702 9.97268592286855 10.0037639383227 9.99539678031579 9.82638018857688 9.72549616917968 9.73362426552922 9.76255072606727 9.67290260456502 9.63058869121596 9.69943844852969 9.66549169318751 9.39678639033809 9.36487165908329 9.41220586723648 9.57285530096851 9.76004057866521
-9999 -9999 -9999 -9999 -9999 -9999 -9999 -9999 -9999 -9999 -9999 -9999 -9999 -9999 -9999 -9999 -9999 -9999 -9999 -9999 -9999 -9999 -9999 -9999 -9999 -9999 -9999 -9999 -9999 -9999 -9999 -9999 -9999 12.2399997264147 10.1426587612368 10.2251350330189 10.2839442007244 10.1935788942501 10.2201147382148 10.3298440389335 10.350642403122 10.2138991351239 10.3710821748246 10.2488021370955 10.2251350330189 9.93156731780618 10.1630985329393 10.1760078624357 10.0591067119967 9.98200932750478 9.79625841975212 9.74772890331224 9.76374603435397 9.79219437157735 9.69011504389346 9.76135541778058 9.72716960078105 9.62556839641184 9.57895137323067 9.59508803510107 9.73601488210261 9.88554794876836
-9999 -9999 -9999 -9999 -9999 -9999 -9999 10.5612488929049 8.97006133198738 8.8951155024115 8.93276771344244 6.18483364954591 8.28060751222074 10.7949997587129 8.41999981179833 -9999 -9999 -9999 -9999 -9999 -9999 -9999 -9999 -9999 -9999 -9999 -9999 -9999 -9999 -9999 -9999 -9999 -9999 -9999 9.85219884756953 9.911008015275 9.99563584197313 10.0852839634754 10.0816980386153 10.1648914953694 10.3520767730661 10.069505894091 9.9267860846594 9.28920864453539 10.3986937962472 10.2617114665918 10.1666844577994 10.2068468162324 10.1591540155932 9.91172520024702 10.1024964028038 9.83737702481449 9.82757549686357 9.85435040248558 9.86821597861126 9.86702067032456 9.91698455670848 9.91985329659656 9.81490522902459 9.80988493422046 9.91280097770505 9.90527053549886
-9999 -9999 -9999 -9999 15.4149996554479 13.5814411712345 9.1064289316668 9.50651569105685 8.30379649298266 9.01268261032445 8.66296824377675 20.3738815043505 -9999 -9999 -9999 -9999 -9999 -9999 -9999 -9999 -9999 -9999 -9999 -9999 -9999 -9999 -9999 -9999 -9999 -9999 -9999 -9999 -9999 -9999 9.82279426371679 9.88877528114244 9.94973600376397 9.99276710208505 9.9468672638759 10.0185857610777 10.0049592466094 9.79912715964019 10.0903042582795 10.3635517326184 10.0965198613703 10.0551621946506 10.1659672728274 9.97842340264469 9.95571254519746 9.94089072244242 9.88160343142226 9.88710184954107 9.88638466456905 9.82638018857688 9.79458498815075 9.83474734658375 9.85458946414292 9.89546900754794 9.7955412347801 9.74318673182279 9.77330850064754 9.87873469153419
10.3198034493253 9.73027740232646 11.0776886685053 10.3298440389335 10.0860011484474 9.57751700328663 9.63345743110403 8.92559586372226 8.9786675516516 14.1967559945188 14.3849996784702 -9999 -9999 -9999 -9999 -9999 -9999 -9999 -9999 -9999 -9999 -9999 -9999 -9999 -9999 -9999 -9999 -9999 -9999 -9999 -9999 -9999 -9999 -9999 13.9199996888638 10.1151666706428 10.0175099836197 10.29780977685 10.6968036829494 9.98989836219698 9.92535171471536 10.2734254878014 10.5840861115139 10.3406018135138 10.4141132731456 10.1517431042157 10.1738563075196 10.2929090128746 10.0773949287832 10.2620700590778 9.99372334871441 9.91555018676445 9.91148613858968 9.85817538900301 9.85028635431081 9.84670042945072 9.85984882060438 9.6399120958522 9.63309883861803 9.73744925204664 10.005437369924 9.80486463941634
10.4947965824977 10.3441877383739 10.4252296402119 10.3621173626743 10.3821985418908 10.9251075657085 9.55958737898618 9.46993925748393 9.74760937248357 15.4899996537715 -9999 -9999 -9999 -9999 -9999 -9999 -9999 -9999 -9999 -9999 -9999 -9999 -9999 -9999 -9999 -9999 -9999 -9999 -9999 -9999 -9999 -9999 -9999 -9999 -9999 10.4834172476083 10.3155003394932 9.94328133901581 9.90861739870161 10.549302640371 10.4370631922502 10.2172459983267 10.2057710387744 10.390804761555 10.3936735014431 10.2330240677111 10.2325459443964 10.2057710387744 10.096997984685 10.0656809075736 9.98057495756075 9.93037200951949 9.68079163925722 9.64278083574027 9.58719900040887 9.57895137323067 9.6797158617992 9.33941159257665 9.56926937610842 9.63453320856206 9.67397838202305 9.8152638215106
11.0204931669869 10.8196813748218 10.626041432377 10.7257301434875 10.8476515887305 10.187841414474 10.0931729981676 9.92535171471536 15.9399996437132 -9999 -9999 -9999 -9999 -9999 -9999 -9999 -9999 -9999 -9999 -9999 -9999 -9999 -9999 -9999 -9999 -9999 -9999 -9999 -9999 -9999 -9999 -9999 -9999 -9999 -9999 -9999 10.2129617617833 9.90591600197367 9.47926266212016 10.2129428884946 10.2878887180705 10.1945351408795 9.85542617994361 10.3377330736257 10.2461724588647 10.3030691333115 10.3150222161785 10.7303918458056 10.122338520363 10.0482294065878 9.98870305391029 9.63740194845013 9.78944516251795 9.59365366515703 9.49324776907451 9.41973630944267 9.32004759833217 9.24008147395216 9.54416790208779 9.67075104964897 9.65282142534852 9.92248297482729
11.5418866416439 11.3582872888073 11.1216162480414 11.1101412884891 10.785973681137 10.3979766112752 10.1720633450896 9.86941128689796 12.7897884929553 -9999 -9999 -9999 -9999 -9999 -9999 -9999 -9999 -9999 -9999 -9999 -9999 -9999 -9999 -9999 -9999 -9999 -9999 -9999 -9999 -9999 -9999 -9999 -9999 -9999 -9999 -9999 -9999 -9999 -9999 14.6949996715412 14.3673471750584 10.4871683423407 9.47017831914127 9.93295387541875 10.6073946231045 10.4904934726655 10.3793298020028 10.3721579522826 10.2827488924377 10.230872512795 10.0250404258259 9.91136660776101 9.8192083388567 9.68437756411731 9.46169163030572 9.3892559481319 9.04428997659124 9.18700978602283 9.37204350880347 9.88949246611446 9.82829268183559 9.88662372622639
11.2578813927248 11.2234565140679 11.2213049591519 11.0699789300561 11.0319681265391 10.6324960971251 10.507705911994 10.4237952702679 15.9949996424839 -9999 -9999 -9999 -9999 -9999 -9999 -9999 -9999 -9999 -9999 -9999 -9999 -9999 -9999 -9999 -9999 -9999 -9999 -9999 -9999 -9999 -9999 -9999 -9999 -9999 -9999 -9999 -9999 -9999 -9999 -9999 -9999 -9999 -9999 11.9805762349171 10.6700287773274 10.7131794064771 10.6701483081561 9.96479688817635 10.0013733217493 10.1985991890542 10.2057710387744 10.0852839634754 9.78227331279777 9.70159000344574 9.60190129233524 9.52767264773138 9.48105562455021 9.33008818794042 9.2139042224735 9.78789126174524 9.69441815372556 9.924395468086
11.0721304849721 11.1409802422859 10.9918057681061 10.7709127967246 10.7572862822562 10.7214270336553 10.6088289930485 10.5665150796995 10.4123203107156 16.0049996422604 -9999 -9999 -9999 -9999 -9999 16.1899624452926 16.1899996381253 -9999 -9999 -9999 -9999 -9999 -9999 -9999 -9999 -9999 -9999 -9999 -9999 -9999 -9999 -9999 -9999 -9999 -9999 -9999 -9999 -9999 -9999 -9999 -9999 -9999 -9999 -9999 14.1549996836111 10.6034501057584 10.668713938212 10.3190862643532 10.3402432210278 10.3553041054402 10.0347224229481 9.93539230432361 9.78908657003194 9.7872936076019 9.67864008434117 10.270317686256 9.47926266212016 9.37347787874751 9.55600145412609 9.80725525598973 9.8325957916677 9.82566300360486
11.1560411266983 11.2342142886482 11.0183416120708 10.8203985597938 11.1194646931253 11.0721304849721 10.7042145943269 10.6238898774609 10.6152836577967 10.4553514090367 15.2049996601418 -9999 -9999 -9999 -9999 -9999 -9999 -9999 -9999 -9999 -9999 -9999 -9999 -9999 -9999 -9999 -9999 -9999 -9999 -9999 -9999 -9999 -9999 -9999 -9999 -9999 -9999 -9999 -9999 -9999 -9999 -9999 -9999 -9999 -9999 11.6849997388199 10.5324487935286 10.5805001866538 10.2333826601971 10.1204260271043 10.2258522179909 10.110385437496 9.93969541415572 9.95834222342819 9.86976987938397 9.78227331279777 9.74999998905696 9.72167118266225 9.65066987043247 9.80151777621359 9.69154941383749 9.76183354109526
11.7297891043127 11.0728476699442 10.9401684501208 10.9896542131901 11.0706961150281 11.1022522537969 10.9000060916878 10.6826990451664 10.6045258832164 10.4094515708275 9.29037407011492 14.4206671193242 -9999 -9999 14.2523208860471 -9999 26.52499940712 23.9128744500248 -9999 -9999 -9999 -9999 -9999 -9999 -9999 -9999 -9999 -9999 -9999 -9999 -9999 -9999 -9999 -9999 -9999 -9999 -9999 -9999 -9999 -9999 -9999 -9999 -9999 -9999 -9999 8.8399998024106 11.3599997460842 10.4514068916906 10.3021128866822 10.2409131024033 9.82673878106289 10.3309198163915 10.2950605677906 10.227645180421 10.0723746339791 9.94830163381994 10.0418942726683 9.83893092558719 9.96766562806442 9.91602831007913 9.8550675874576 9.61301765940152
11.9162571970373 11.5418866416439 11.5526444162242 11.391564671509 11.385540317744 11.2363658435643 10.9251075657085 10.7221442186274 10.5808587791398 10.5693838195875 10.4503311142325 8.57800021395087 15.7249996485189 10.0457836219396 9.85004729265347 12.1548819485891 9.84679237624201 14.6349996728823 -9999 -9999 -9999 -9999 -9999 -9999 -9999 -9999 -9999 -9999 -9999 -9999 -9999 -9999 -9999 -9999 -9999 -9999 -9999 -9999 -9999 -9999 -9999 -9999 -9999 -9999 -9999 -9999 -9999 -9999 9.88106554269325 9.93826104421169 10.4585787414107 10.3219550042413 10.2495193220675 10.1864070445299 10.0648441917729 10.0203787235077 10.0551621946506 9.87263861927204 9.8590121048037 10.0551621946506 9.77581864804961 9.97842340264469
12.0840784804896 12.3336588507518 11.5002899132669 11.6401409828104 11.3518326240592 11.0950804040767 10.6203039526008 10.8548234384507 10.7529831724241 10.6812646752223 10.6812646752223 10.7429425828159 10.5897339431685 9.38244269089773 9.07477033790201 8.51984846580308 14.1049996847287 -9999 -9999 -9999 -9999 -9999 -9999 -9999 -9999 -9999 -9999 -9999 -9999 -9999 -9999 -9999 -9999 -9999 -9999 -9999 -9999 -9999 -9999 -9999 -9999 -9999 -9999 -9999 -9999 -9999 -9999 -9999 9.775603492558 9.94232509238645 10.2652973914519 10.2817926458083 10.3137073770631 10.2176045908127 10.1652500878554 10.2531052469276 10.0275505732279 10.0544450096786 10.2498779145535 10.1136127698701 9.42296364181675 10.1763664549217
12.4448225214146 12.0844370729756 11.1696676411666 11.8033005639445 11.7533366775606 11.0448774560355 10.5952024785802 10.8863795772195 10.6633350509219 10.5571916750632 10.6411023167893 10.470412293449 9.30355234397575 9.62700276635587 9.12985014375299 10.151761493574 14.0599996857345 -9999 -9999 -9999 -9999 -9999 -9999 -9999 -9999 -9999 -9999 -9999 -9999 -9999 -9999 -9999 -9999 -9999 -9999 -9999 -9999 -9999 -9999 -9999 -9999 -9999 -9999 -9999 -9999 -9999 -9999 -9999 9.751613655244 10.8397625540383 10.8849452072755 10.5349589409307 10.6224555075169 10.2502365070395 10.3394065052271 10.0964003305417 10.1931007709354 10.1867656370159 10.1638157179113 10.4836802154314 10.1835383046418 10.1622618171386
12.0797753706574 11.9664601450786 11.9119540872052 11.8169270784128 9.88518935628235 10.6575975711457 10.7744987215847 10.6719412705861 10.5622119698673 10.3327127788216 10.3943906864151 10.1778008248657 10.0200201310217 9.91244238521904 12.2865828291886 6.69999985024333 -9999 -9999 -9999 -9999 -9999 -9999 -9999 -9999 -9999 -9999 -9999 -9999 -9999 -9999 -9999 -9999 -9999 -9999 -9999 -9999 -9999 -9999 -9999 -9999 -9999 -9999 -9999 -9999 -9999 -9999 -9999 -9999 9.26016265316866 10.5444018763956 10.2925504203886 10.8383281840943 10.2774895359762 10.1975234115962 10.3494470948353 10.2246569097042 9.9707136641955 9.99312569457106 10.0281482273713 10.347415070748 10.4352702298202 10.7415082128718
12.2569200587459 12.1966765210964 12.2318185847253 12.0969878099859 10.6375163919292 10.7386394729838 10.6819818601944 10.6102633629926 10.4575029639527 10.3951078713872 10.1046479577199 10.0271919807419 9.82351144868881 9.75824761623517 11.3393715351704 -9999 -9999 -9999 -9999 -9999 -9999 -9999 -9999 -9999 -9999 -9999 -9999 -9999 -9999 -9999 -9999 -9999 -9999 -9999 -9999 -9999 -9999 -9999 -9999 -9999 -9999 -9999 -9999 -9999 -9999 -9999 -9999 -9999 -9999 -9999 10.6312573230825 10.0954270080796 10.1179158797022 9.99025695468299 10.2333826601971 9.98685032606591 9.990794843412 9.88644442998338 9.90939434908796 9.96407970320433 10.8471734654158 10.8875748855062
12.3480025501922 12.3150120414793 12.1665547522716 11.7376781390049 11.6573534221388 11.4393291906454 11.0807367046364 10.9351481553167 10.9638355541974 10.3355815187097 10.0157170211896 9.87012847186998 9.7955412347801 9.29978712287266 9.72896959443631 17.7649996029213 -9999 -9999 -9999 -9999 -9999 -9999 -9999 -9999 -9999 -9999 -9999 -9999 -9999 -9999 -9999 -9999 -9999 -9999 -9999 -9999 -9999 -9999 -9999 -9999 -9999 -9999 -9999 -9999 -9999 -9999 4.2420520032756 4.19797772681341 4.07999990880489 -9999 11.5949583295733 11.1862311988537 10.2213100465015 10.2344584376551 9.99432100285776 10.0182271685917 9.89576783461962 10.6375163919292 9.87461087794509 10.3059378731996 10.8397625540383 10.8600827949122
12.461317775771 12.4046601629816 12.262657538522 11.6996673354879 12.129141602898 11.4199651964009 11.2729422771372 11.0957975890487 11.1180303231813 10.9437543749809 10.0200201310217 9.6442152056843 9.52874842518941 9.51010161591694 14.6372569808736 -9999 -9999 -9999 -9999 -9999 -9999 -9999 -9999 -9999 -9999 -9999 -9999 -9999 -9999 -9999 -9999 -9999 -9999 -9999 -9999 -9999 -9999 -9999 -9999 -9999 -9999 -9999 -9999 -9999 -9999 -9999 -9999 -9999 6.89514628587419 8.62443334354947 9.16513564437628 9.57502393171723 15.0513192420622 10.0111748497002 10.7809533863328 9.76183354109526 10.4800942905713 9.6560487577226 10.4488967442885 10.5546815276612 10.7701956117526 10.668355345726
12.4885708047077 12.4512771861628 11.9047822374851 11.8438215148635 12.3953367583454 12.2547685038298 11.6702627516352 11.4328745258972 10.9043092015199 10.8498031436466 9.7675710208714 9.47424236731604 9.24474317627028 10.0340052379761 18.0099995974451 -9999 -9999 -9999 -9999 -9999 -9999 -9999 -9999 -9999 -9999 -9999 -9999 -9999 -9999 -9999 -9999 -9999 -9999 -9999 -9999 -9999 -9999 -9999 -9999 -9999 -9999 -9999 -9999 -9999 -9999 -9999 -9999 -9999 -9999 -9999 8.96654060576111 8.83469266851898 8.63394064176828 9.10776084661484 10.044882543385 10.7350535481237 10.1774422323797 9.95009459624998 8.15067750145681 10.3315174705349 10.6879584016278 10.654967892915
12.2511825789697 12.4096804577857 12.419721047394 11.9831944610924 11.8648888234165 11.6062739146873 11.3274483350106 10.9143497911282 10.5607775999233 10.307611304801 9.84861292270944 9.65066987043247 9.68294319417328 9.13788261543959 16.4149996330962 -9999 -9999 -9999 -9999 -9999 -9999 -9999 -9999 -9999 -9999 -9999 -9999 -9999 -9999 -9999 -9999 -9999 -9999 -9999 -9999 -9999 -9999 -9999 -9999 -9999 -9999 -9999 -9999 -9999 -9999 -9999 -9999 -9999 -9999 -9999 -9999 -9999 15.1299996618181 8.50962857995182 9.61495405882597 9.75423138039187 10.0842081860173 9.73936174530536 10.4269030718133 10.4453108194284 10.4481795593165 10.8139438950457
