EcologicalScience/Bass/data/rs_data_bass/sst_532.asc
NCOLS 226 
NROWS 124 
XLLCORNER -9.41648524995501 
YLLCORNER 47.587301625531 
CELLSIZE 0.0833 
NODATA_value -9999 
[rows 0 to 26 of 124, columns 0 to 61 of 226]
-9999.000000000000000 -9999 -9999 -9999 -9999 -9999 -9999 -9999 -9999 -9999 -9999 -9999 -9999 -9999 -9999 -9999 -9999 -9999 -9999 -9999 -9999 -9999 -9999 -9999 -9999 -9999 -9999 -9999 -9999 -9999 -9999 -9999 -9999 -9999 -9999 -9999 -9999 -9999 -9999 -9999 -9999 -9999 -9999 -9999 -9999 -9999 -9999 -9999 -9999 -9999 -9999 -9999 -9999 -9999 -9999 -9999 -9999 -9999 -9999 -9999 -9999 -9999
-9999 -9999 -9999 -9999 -9999 -9999 -9999 -9999 -9999 -9999 -9999 -9999 -9999 -9999 -9999 -9999 -9999 -9999 -9999 -9999 -9999 -9999 -9999 -9999 -9999 -9999 -9999 -9999 -9999 -9999 -9999 -9999 -9999 -9999 -9999 -9999 -9999 -9999 -9999 -9999 -9999 -9999 -9999 -9999 -9999 -9999 -9999 -9999 -9999 -9999 -9999 -9999 -9999 -9999 -9999 -9999 -9999 -9999 -9999 -9999 -9999 -9999
-9999 -9999 -9999 -9999 -9999 -9999 -9999 -9999 -9999 -9999 -9999 -9999 -9999 -9999 -9999 -9999 -9999 -9999 -9999 -9999 -9999 -9999 -9999 -9999 -9999 -9999 -9999 -9999 -9999 -9999 -9999 -9999 -9999 -9999 -9999 -9999 -9999 -9999 -9999 -9999 -9999 -9999 -9999 -9999 -9999 -9999 -9999 -9999 -9999 -9999 -9999 -9999 -9999 -9999 -9999 -9999 -9999 -9999 -9999 -9999 -9999 -9999
-9999 -9999 -9999 -9999 -9999 -9999 -9999 -9999 -9999 -9999 -9999 -9999 -9999 -9999 -9999 -9999 -9999 -9999 -9999 -9999 -9999 -9999 -9999 -9999 -9999 -9999 -9999 -9999 -9999 -9999 -9999 -9999 -9999 -9999 -9999 -9999 -9999 -9999 -9999 -9999 -9999 -9999 -9999 -9999 -9999 -9999 -9999 -9999 -9999 -9999 -9999 -9999 -9999 -9999 -9999 -9999 -9999 -9999 -9999 -9999 -9999 -9999
-9999 -9999 -9999 -9999 -9999 -9999 -9999 -9999 -9999 -9999 -9999 -9999 -9999 -9999 -9999 -9999 -9999 -9999 -9999 -9999 -9999 -9999 -9999 -9999 -9999 -9999 -9999 -9999 -9999 -9999 -9999 -9999 -9999 -9999 -9999 -9999 -9999 -9999 -9999 -9999 -9999 -9999 -9999 -9999 -9999 -9999 -9999 -9999 -9999 -9999 -9999 -9999 -9999 -9999 -9999 -9999 -9999 -9999 -9999 -9999 -9999 -9999
-9999 -9999 -9999 -9999 -9999 11.2284768088721 11.5088961329311 11.6136051388457 11.6781517863274 11.9456617808901 12.1192205441184 12.0697347810492 12.0496536018327 11.9277321565896 12.0051881335676 11.2937406413257 11.6501815724187 11.5139164277352 11.545472566504 11.8847010582685 11.821588780731 11.6344035030343 11.4436323004775 11.584917739965 11.0549180456437 11.0549997529015 10.6575861872573 11.4680165895261 11.9521164456382 11.9600054803304 11.9399243011139 8.48775443830527 7.08999984152615 -9999 12.3249997245148 -9999 -9999 12.2299997266382 -9999 11.2542954678647 11.888071827637 11.3506373157725 11.0849997522309 -9999 -9999 -9999 -9999 -9999 -9999 -9999 -9999 -9999 -9999 -9999 -9999 -9999 -9999 -9999 -9999 -9999 -9999 -9999
-9999 -9999 -9999 -9999 -9999 11.3525498090312 11.7907498269342 11.7993560465984 11.7663655378856 11.6200598035939 11.4371776357293 11.2349314736202 12.1299783186987 12.1880703014322 12.2045655557886 11.9320352664217 11.6939298557118 11.7097079250962 11.9069337924011 11.822305965703 11.5641193757765 11.7147282199003 12.0001678387634 11.9243255279725 13.2649997035041 12.5749997189268 11.3798028379679 11.8811151334085 11.904065052513 12.3537400299683 12.3673665444367 10.4506384792205 11.0307386665871 12.5859722772588 11.2366732085523 11.0499997530133 12.0099997315556 -9999 -9999 10.5663921337043 10.8499997574836 13.3850520197302 11.0470290109515 9.70499978307635 12.5137074348544 12.4049997227266 -9999 -9999 -9999 -9999 -9999 -9999 -9999 -9999 -9999 -9999 -9999 -9999 -9999 -9999 -9999 -9999
-9999 -9999 -9999 -9999 -9999 11.1768394908868 11.2378002135083 11.6379894278944 11.7979216766544 12.0360270873643 11.8065278963186 11.7104251100682 12.1887874864042 12.2081514806487 12.2389904344454 11.9621570352465 11.6709799366072 11.823023150675 12.1765953418799 11.8474074397236 11.7649311679415 11.8352152951993 12.0460676769726 13.2401806553826 11.2849997477606 11.8849997343495 11.0781070264056 12.4885708047077 12.5502487123013 12.5179753885604 12.5351878278889 12.5495315273292 12.2382732494734 12.2906277524307 10.9352506103127 11.7049997383729 -9999 12.3099997248501 12.0549997305498 -9999 12.5099997203797 12.2073625771794 11.5094084079111 11.7841039128602 11.2549997484311 -9999 -9999 -9999 -9999 -9999 -9999 -9999 -9999 -9999 -9999 -9999 -9999 -9999 -9999 -9999 -9999 -9999
-9999 -9999 -9999 -9999 -9999 11.6501815724187 11.8165684859268 11.7340922141448 11.8459730697796 11.7993560465984 11.9965819139034 11.9241462317295 12.0754722608253 12.0812097406015 12.0647144862451 12.2339701396413 11.8022247864865 11.9083681623451 11.8875697981566 11.7599108731374 11.70397044532 11.7305062892847 11.9449445959181 7.67028310103342 13.1149997068569 10.441485832911 12.0596941914409 12.1902218563482 12.3458509952761 12.7137668859214 12.7682729437947 12.419003862422 12.4161351225339 12.4118320127018 12.3623462496325 11.3333907247787 13.313907270506 12.8599997125566 -9999 -9999 -9999 -9999 -9999 -9999 -9999 -9999 9.33499979134649 -9999 -9999 -9999 -9999 -9999 -9999 -9999 -9999 -9999 -9999 -9999 -9999 -9999 -9999 -9999
-9999 -9999 -9999 -9999 -9999 11.6681111967191 11.7584765031934 11.8968932027929 11.8832666883245 11.8423871449195 11.8854182432406 11.86390269408 12.063280116301 12.0345927174203 12.0460676769726 12.1349986135028 12.2282326598652 11.8897213530727 11.7111422950402 11.8287606304511 11.8065278963186 11.8803979484364 12.0482192318887 11.9298837115057 7.04891838785261 11.4450666704215 11.8294778154232 11.8065278963186 12.1113315094262 12.1794640817679 12.2569200587459 12.4039429780096 12.4684896254912 12.3888820935972 12.3200323362835 12.4182866774499 12.3150120414793 12.5724814464338 12.7933744178154 11.7809482989833 12.2691122032702 13.4199997000396 -9999 12.2392534022685 12.8503559205921 12.784999714233 12.0949997296557 -9999 -9999 -9999 -9999 -9999 -9999 -9999 -9999 -9999 -9999 -9999 -9999 -9999 -9999 -9999
-9999 -9999 -9999 -9999 -9999 12.3716696542688 11.8423871449195 11.5935239596292 11.8768120235763 11.9499648907222 12.0467848619446 12.0647144862451 12.0647144862451 12.1773125268519 12.26194035355 12.2425763593055 12.2267982899211 11.8560136593878 11.584200554993 11.6781517863274 11.8330637402833 11.7878810870461 11.7893154569902 9.4885860667564 8.33535263175145 11.0317290648818 11.8768120235763 11.824457520619 11.903347867541 12.020966202952 12.4978942093439 12.7058778512292 12.5531174521893 12.5703298915178 11.9533117539249 11.7296994561912 11.1582723688334 11.7030141986907 12.5753501863219 12.9626300712116 11.7415628909366 13.9785943025723 11.9759180218971 12.3357284416711 12.7349997153506 12.039999730885 -9999 -9999 -9999 -9999 -9999 -9999 -9999 -9999 -9999 -9999 -9999 -9999 -9999 -9999 -9999 -9999
-9999 -9999 -9999 -9999 -9999 12.1945249661803 12.1450392031111 12.3903164635412 11.862468324136 11.5605334509164 12.2332529546693 12.1213720990345 12.0668660411611 12.1837671916001 12.1536454227753 12.4068117178977 12.3924680184573 12.4491256312467 11.6681111967191 11.5153507976793 11.5418866416439 11.5103305028751 6.83240877077557 11.2357920955867 11.3231452251785 11.8603167692199 11.4192480114289 11.9592882953584 12.0001678387634 12.0324411625043 12.2404248043895 12.5739158163778 12.8500320306048 12.8435773658566 12.5065004290082 12.3680837294087 11.7751766675418 10.2892403359023 11.398210585583 11.4762642167043 11.6207769885659 12.2841730876826 12.4210836988408 13.0699997078627 -9999 -9999 12.2549997260794 -9999 -9999 -9999 -9999 -9999 -9999 -9999 -9999 -9999 -9999 -9999 -9999 -9999 -9999 -9999
-9999 -9999 -9999 -9999 -9999 12.1378673533909 12.102725289762 11.9565988517134 11.9723769210977 12.0292138301302 11.7315820667427 12.4369334867224 11.9600054803304 11.3374889246188 11.4565416299738 11.5798974451609 11.9858241393231 11.9635914051905 11.5598162659444 11.3754997281358 11.3095187107101 7.99971006484702 11.4178136414848 11.4902493236586 11.5275429422036 11.9578539254144 11.5526444162242 11.5748771503568 12.0180974630639 12.2475966541097 12.1156346192583 11.9513992606662 12.4742271052673 12.5524002672173 12.5122379087843 12.4032257930376 11.4475768178236 11.3487248225138 11.6445465476385 11.2582399852108 11.5282601271756 12.1192205441184 12.7259590304457 12.6154100897589 -9999 12.1299997288734 -9999 -9999 -9999 -9999 -9999 -9999 -9999 -9999 -9999 -9999 -9999 -9999 -9999 -9999 -9999 -9999
-9999 -9999 -9999 -9999 -9999 12.6047547701746 12.5825220360421 12.6312906141393 12.619815654587 12.3501541051082 10.947340299841 10.9738761438057 11.8050935263745 11.6795861562714 11.4823602889664 11.5949583295733 11.6049989191815 11.1542481642682 10.9491332622711 8.08003478171304 10.908433015109 11.2042359568179 11.4099246067926 11.9291665265337 11.9872585092671 12.0439161220565 11.8108310061507 12.0123599832878 12.1895046713762 12.1349986135028 12.0051881335676 11.9750663647428 11.9714804398827 12.0195318330079 11.6451612776145 11.6379894278944 12.2562028737739 12.2726981281303 12.1601000875235 11.9600054803304 12.6104922499508 12.860072620213 12.9957426539622 12.929999710992 11.8749997345731 -9999 -9999 -9999 -9999 -9999 -9999 -9999 -9999 -9999 -9999 -9999 -9999 -9999 -9999 -9999 -9999 -9999
-9999 -9999 -9999 -9999 -9999 11.0950804040767 11.8911557230167 12.4426709664986 12.7847681981511 11.147434907034 11.1632129764184 11.225608068984 11.1732535660267 11.1309396526776 11.7000259279739 12.0501317251474 11.384823132772 11.5598162659444 11.5999786243774 10.9035920165479 10.8505203286186 11.4149449015968 11.5999786243774 12.2296670298092 12.6305734291673 12.5638752267696 12.8019806374796 12.2024140008725 11.8983275727369 11.6824548961595 11.5175023525953 11.6595049770549 11.7462843586691 11.9958647289313 12.1271095788106 12.3831446138211 12.3171635963954 12.1550797927193 9.69896032521501 10.6772875585593 10.5849997634068 -9999 -9999 -9999 -9999 -9999 -9999 -9999 -9999 -9999 -9999 -9999 -9999 -9999 -9999 -9999 -9999 -9999 -9999 -9999 -9999 -9999
-9999 -9999 -9999 -9999 -9999 11.3934293524362 11.2449720632285 11.1560411266983 11.1201818780974 11.3088015257381 11.3073671557941 11.3547013639472 12.2547685038298 11.2700735372491 11.184728525579 11.8506347720977 11.6519745348487 11.6336863180622 11.6781517863274 12.3250526310876 12.4713583653793 11.9908444341272 12.5911282557063 12.5746330013499 12.7618182790466 12.7991118975915 12.5710470764898 12.5251472382806 11.9600054803304 11.7412640638649 11.9219946768135 11.9176915669814 11.9865413242951 11.7677999078296 10.347261388254 11.5347147919238 11.5978270694613 11.4802087340504 12.7183476157426 11.5758333969861 10.7099520741031 10.5249997647479 -9999 -9999 -9999 -9999 -9999 13.2249997043982 13.2249997043982 -9999 -9999 -9999 -9999 -9999 -9999 -9999 -9999 -9999 -9999 -9999 -9999 -9999
-9999 -9999 -9999 -9999 -9999 11.4816431039944 11.502441468183 11.8330637402833 11.6344035030343 11.5963926995173 11.9621570352465 12.4175694924779 12.3852961687371 12.6248359493911 12.3350932206959 12.3852961687371 11.745208581211 11.8570894368459 11.9119540872052 12.6047547701746 12.3107089316472 12.378841503989 12.6298562441953 12.737433989998 12.3494369201362 12.2275154748932 12.0869472203776 12.1959593361244 12.0847956654616 11.8323465553112 12.2497482090257 11.7793645155034 12.0202490179799 11.8438215148635 11.7125766649842 11.6272316533141 11.424985491205 12.3186457786709 -9999 -9999 -9999 -9999 -9999 -9999 -9999 -9999 -9999 -9999 -9999 -9999 -9999 -9999 -9999 -9999 -9999 -9999 -9999 -9999 -9999 -9999 -9999 -9999
-9999 -9999 -9999 -9999 -9999 11.7972044916824 12.0747550758533 12.221060810145 12.4441053364426 12.0453504920006 12.4426709664986 12.4878536197357 12.4570146659389 12.4770958451554 12.3135776715353 11.7785576824099 11.582766185049 11.625080098398 11.9592882953584 12.5588549319655 12.3350932206959 12.3300729258917 12.5832392210141 12.2260811049491 12.0510879717767 11.9951475439593 11.9521164456382 12.2540513188578 12.2899105674587 10.4280983801 11.6975157805718 11.7900326419622 11.7405468788929 11.6078676590696 11.6028473642655 11.623645728454 11.6573534221388 12.9848628053442 12.70494239257 12.8649997124448 11.6199997402728 -9999 -9999 -9999 -9999 -9999 -9999 -9999 -9999 -9999 -9999 -9999 -9999 -9999 -9999 -9999 -9999 -9999 -9999 -9999 -9999 -9999
-9999 -9999 -9999 -9999 -9999 12.1550797927193 12.1794640817679 12.4304788219742 12.3085573767312 12.1629688274115 12.0833612955175 12.2791527928784 12.6219672095031 12.5997344753705 12.57821892621 12.4649037006311 11.8000732315704 11.8517105495557 12.2805871628225 12.2648090934381 12.3164464114234 12.1923734112643 12.5194097585045 12.5696127065457 12.2518997639418 12.0847956654616 11.9786522896029 11.8495589946397 11.9513992606662 11.6738486764953 11.542603826616 11.6724143065512 11.6006958093494 11.6494643874466 11.5533616011962 11.8359324801713 11.8287606304511 11.7247688095085 13.0623187823221 12.6049997182563 -9999 -9999 -9999 13.0149997090921 11.4150473565928 12.2449997263029 -9999 -9999 -9999 -9999 -9999 -9999 -9999 -9999 -9999 -9999 -9999 -9999 -9999 -9999 -9999 -9999
-9999 -9999 -9999 -9999 -9999 12.2705465732142 12.2691122032702 12.419003862422 12.5660267816857 12.3279213709757 12.2189092552289 12.18018126674 12.5179753885604 12.3752555791289 12.3480025501922 12.4491256312467 12.4276100820862 12.3759727641009 12.0051881335676 12.2970824171789 12.2325357696973 12.0510879717767 12.3071230067872 12.5050660590641 12.1464735730551 12.0812097406015 11.981521029491 11.9908444341272 12.2848902726546 12.181615636684 11.9449445959181 11.5791802601889 11.4895321386866 11.6795861562714 11.6932126707397 11.7333750291727 11.544755381532 10.609277233656 11.7871639020741 11.503158653155 11.7860881246161 11.3415529727936 11.0362712363712 11.346453736769 10.9932401380502 13.0149530495548 13.1249997066334 -9999 -9999 -9999 -9999 -9999 -9999 -9999 -9999 -9999 -9999 -9999 -9999 -9999 -9999 -9999
-9999 -9999 -9999 -9999 -9999 12.3379619605839 12.3616290646605 12.3551743999124 12.341547885444 12.3264870010316 12.2963652322069 12.3401135155 12.3085573767312 12.380275873933 12.3946195733733 12.4182866774499 12.6513717933558 11.8660542489961 12.0302896075882 12.0023193936795 12.3558915848844 12.5043488740921 12.5997344753705 12.4168523075059 12.2748496830463 12.4096804577857 12.3609118796885 12.339396330528 12.4369334867224 12.2475966541097 12.0094912433997 11.78214360727 11.6336863180622 11.665242456831 11.6673940117471 11.6602221620269 11.7591936881654 11.9800866595469 11.5533616011962 11.1725363810547 11.1330912075937 10.9996948027983 11.1929761527572 11.1556825342122 10.4429799682694 9.40270316635724 -9999 -9999 -9999 -9999 -9999 -9999 -9999 -9999 -9999 -9999 -9999 -9999 -9999 -9999 -9999 -9999
-9999 -9999 -9999 -9999 -9999 12.3630634346046 12.5452284174971 12.4806817700155 12.3931852034293 12.4118320127018 12.379558688961 12.3759727641009 12.4340647468343 12.3487197351642 12.3207495212555 12.3142948565073 11.9980162838474 11.8517105495557 12.1364329834469 12.2024140008725 12.3659321744926 12.818475891836 12.6736045274884 12.4878536197357 12.3465681802481 12.0166630931199 12.0539567116648 11.9643085901625 11.9951475439593 12.02383494284 11.9678945150226 11.6587877920829 11.5167851676233 11.6501815724187 11.6301003932022 11.6487472024746 11.9922788040712 11.7383953239769 11.5978270694613 11.2234565140679 11.0965147740208 10.9918057681061 10.5851618889719 10.7653802269404 9.45090627168807 11.1908963163383 13.4680583847525 -9999 -9999 -9999 -9999 -9999 -9999 -9999 10.9150669761002 -9999 -9999 -9999 -9999 -9999 -9999 -9999
-9999 -9999 -9999 -9999 -9999 11.7613452430815 12.3781243190169 12.5846735909581 12.5373393828049 12.5337534579448 12.42187260231 12.6341593540274 12.3967711282894 12.3982054982334 12.2805871628225 12.3272041860037 12.3530228449963 12.3372447756119 12.4347819318064 12.4928739145398 12.5086519839242 12.6678670477122 12.697988816537 12.6018860302866 12.1342814285308 12.2497482090257 12.2475966541097 12.0833612955175 12.0926847001538 12.0855128504336 11.94207585603 11.5971098844893 11.665242456831 11.5540787861682 11.4515213351697 11.6838892661035 11.7319406592287 11.4386120056733 11.744849988725 11.6394237978384 11.5999786243774 11.2299111788161 11.8609176539262 10.8212181997618 9.67075104964897 10.865683668027 11.2048097047955 -9999 11.4111677274108 11.2149997493252 -9999 -9999 -9999 -9999 -9999 -9999 -9999 -9999 -9999 -9999 -9999 -9999
-9999 -9999 -9999 -9999 -9999 12.3142948565073 12.3307901108637 12.3917508334853 12.661412382964 12.6312906141393 12.4634693306871 12.3128604865633 12.2863246425986 12.4039429780096 12.3472853652202 12.3723868392408 12.4003570531495 12.4147007525899 12.3917508334853 12.5832392210141 12.7245246605016 12.6972716315649 12.6047547701746 12.5552690071054 12.4928739145398 12.2461622841656 11.981521029491 11.8122653760947 11.7570421332493 11.6523331273347 11.5526444162242 11.6422925377265 11.8022247864865 11.8251747055911 11.4723196993582 11.5935239596292 11.3098773031961 11.5648365607485 11.7513046534732 11.6100192139857 11.4421979305334 11.6166173157282 11.1122450310737 11.3256852552877 11.3695614365675 13.0499997083098 -9999 12.3929521183134 11.9850044993551 11.4299997445196 -9999 -9999 -9999 11.8946739889172 13.0330820502713 -9999 -9999 -9999 -9999 -9999 -9999 -9999
-9999 -9999 -9999 -9999 -9999 12.5746330013499 12.6714529725723 12.7159184408374 12.7116153310053 12.6972716315649 12.4032257930376 12.1651203823276 12.2841730876826 12.1895046713762 12.3616290646605 12.4770958451554 12.3358104056679 12.4519943711348 12.5502487123013 12.6262703193352 12.7438886547461 12.6764732673764 12.4311960069463 12.2748496830463 12.3946195733733 12.2755668680184 11.9083681623451 12.022400572896 11.6523331273347 11.5899380347691 10.866298398003 11.4823602889664 11.5648365607485 11.5368663468398 11.6881923759356 11.7950529367663 11.4302926599979 11.4790612380952 13.2292550290003 -9999 12.9599997103214 12.7205677778974 11.1558976897039 11.0506149358116 12.501659430447 13.074999707751 -9999 12.4199997223914 10.3468174166046 12.0124965899491 -9999 -9999 14.0679145680874 12.1462093470128 11.7804634886292 11.6999997384846 -9999 -9999 -9999 -9999 -9999 -9999
-9999 -9999 -9999 -9999 -9999 12.1859187465161 12.3903164635412 12.4017914230935 12.5739158163778 12.5595721169375 12.2432935442775 12.2899105674587 12.1579485326074 12.3472853652202 12.5308847180568 12.4792474000715 12.5466627874412 12.6657154927962 12.6829279321246 12.7273934003897 12.7438886547461 12.5194097585045 12.4584490358829 12.3874477236532 12.1206549140625 12.0561082665808 12.0403301971965 11.8151341159828 11.3798028379679 11.2621845025569 11.3694036558736 11.2198705892079 11.0635242653079 11.462996294722 11.0452360485215 9.9350337118376 19.6045795088486 20.2399995476007 7.8349998248741 -9999 11.4061952449381 10.7728252899833 10.9803308085538 11.3726309882477 11.6367941196077 12.0449997307733 -9999 -9999 13.2873754109023 13.1960737796035 13.3294189569008 12.158996726028 14.2851191596128 14.2060614695307 12.5249997200444 -9999 -9999 -9999 -9999 -9999 -9999 -9999
-9999 -9999 -9999 -9999 -9999 12.4132663826458 12.0804925556295 12.2518997639418 12.4039429780096 12.5667439666577 12.6176640996709 12.420438232366 12.222495180089 12.5688955215737 12.6097750649787 12.6936857067049 12.7926572328433 12.7883541230112 12.6621295679361 12.6348765389994 12.6040375852026 12.5466627874412 12.4742271052673 12.4283272670582 12.5538346371613 12.4347819318064 11.3427482810803 11.2951750112697 11.2148502944037 11.1395458723418 10.984633918386 11.0345978047699 11.144566167146 11.1018936613109 11.0900601092726 9.83990424804922 11.6057161041535 11.5652668717317 -9999 -9999 11.3095187107101 11.6967985955998 11.516546105966 11.2222612057813 8.6401562448591 12.9012677250057 -9999 12.3056886368431 12.5827269460341 12.5933349786971 13.204919060925 12.8733405421954 12.7549333033152 14.3826563158073 12.6749997166917 -9999 -9999 -9999 -9999 -9999 -9999 -9999
