EcologicalScience/Bass/data/rs_data_bass/sst_213.asc
NCOLS 226 
NROWS 124 
XLLCORNER -9.41648524995501 
YLLCORNER 47.587301625531 
CELLSIZE 0.0833 
NODATA_value -9999 
[rows 81 to 107 of 124, columns 62 to 123 of 226]
15.4929890497588 -9999 -9999 -9999 -9999 -9999 -9999 -9999 -9999 -9999 -9999 -9999 -9999 -9999 -9999 -9999 -9999 -9999 -9999 -9999 -9999 -9999 -9999 -9999 -9999 -9999 -9999 -9999 -9999 -9999 -9999 -9999 -9999 -9999 -9999 -9999 -9999 -9999 -9999 -9999 -9999 -9999 -9999 -9999 -9999 -9999 -9999 -9999 -9999 -9999 -9999 -9999 -9999 -9999 -9999 -9999 -9999 -9999 -9999 -9999 -9999 -9999
14.9555856054098 -9999 -9999 -9999 -9999 -9999 -9999 -9999 -9999 -9999 -9999 -9999 -9999 -9999 -9999 -9999 -9999 -9999 -9999 -9999 -9999 -9999 -9999 -9999 -9999 -9999 -9999 -9999 -9999 -9999 -9999 -9999 -9999 -9999 -9999 -9999 -9999 -9999 -9999 -9999 -9999 -9999 -9999 -9999 -9999 -9999 -9999 -9999 -9999 -9999 -9999 -9999 -9999 -9999 -9999 -9999 -9999 -9999 -9999 -9999 -9999 -9999
-9999 -9999 -9999 -9999 -9999 -9999 -9999 -9999 -9999 -9999 -9999 -9999 -9999 -9999 -9999 -9999 -9999 -9999 -9999 -9999 -9999 -9999 -9999 -9999 -9999 -9999 -9999 -9999 -9999 -9999 -9999 -9999 -9999 -9999 -9999 -9999 -9999 -9999 -9999 -9999 -9999 -9999 -9999 -9999 -9999 -9999 -9999 -9999 -9999 -9999 -9999 -9999 -9999 -9999 -9999 -9999 -9999 -9999 -9999 -9999 15.6896596530317 -9999
-9999 -9999 -9999 -9999 -9999 -9999 -9999 -9999 -9999 -9999 -9999 -9999 -9999 -9999 -9999 -9999 -9999 -9999 -9999 -9999 -9999 -9999 -9999 -9999 -9999 -9999 -9999 -9999 -9999 -9999 -9999 -9999 -9999 11.3199997469783 11.209999749437 11.1449997508898 -9999 -9999 -9999 -9999 -9999 -9999 -9999 -9999 -9999 -9999 -9999 -9999 -9999 -9999 -9999 -9999 -9999 -9999 -9999 -9999 17.2699996139854 15.5364634987898 17.4701376203448 17.8997314185835 18.0876338812523 17.5877559557557
-9999 -9999 -9999 -9999 -9999 -9999 -9999 -9999 -9999 -9999 -9999 -9999 -9999 -9999 -9999 -9999 -9999 -9999 -9999 -9999 -9999 -9999 -9999 -9999 -9999 -9999 -9999 -9999 -9999 -9999 -9999 -9999 -9999 14.7897783182561 16.5606818771921 18.5021667950787 18.1098666153848 18.1299477946013 18.0948057309724 18.2992034479976 17.7307447095518 -9999 17.6756111148279 17.3948331982829 17.8303079132922 18.3128299624659 17.8653065399267 17.8502456555143 17.7519913143478 17.5848872158676 18.1660461048596 17.9951170198619 13.9038066214774 -9999 17.2600024235435 17.9398937770166 17.6824243720621 17.082857735455 17.4450361463241 17.1646168222651 17.0613421862945 17.0563218914904
-9999 -9999 -9999 -9999 -9999 -9999 -9999 -9999 -9999 -9999 -9999 -9999 14.1129960065779 15.0061590008554 16.4065523068421 16.4632099196315 16.7185277696699 16.5758079602383 16.8117618160322 -9999 -9999 -9999 -9999 -9999 -9999 11.894999734126 11.0695068401448 16.2996917460114 17.2298806547187 17.1000701747835 17.4199346723035 17.4672688804567 17.4880672446452 17.6558885280974 16.1299996394664 12.7731818744728 18.3752250550315 18.1701101530343 16.1698812660761 16.3082979656756 17.638676088769 17.6171605396084 17.597796545364 17.0964842499234 17.28008360276 17.2851038975641 17.3388927704655 17.2198400651105 17.0713827759027 17.3087710016407 17.1732230419293 17.1567277875729 17.4443189613521 17.6056855800562 17.5232093082741 17.7433850946836 17.3654286144301 16.2473372430541 17.1653340072371 17.1796777066775 16.7744681974873 16.9838862093166
-9999 -9999 -9999 -9999 -9999 -9999 -9999 -9999 23.8331643825187 15.2801586882402 17.5468764123507 17.0753990117461 15.8536026934162 16.2337107285857 16.3785820929334 16.3914914224297 16.6525467522442 16.6525467522442 16.8167821108364 15.7596514620818 16.9078646022826 15.8689692632265 17.0491500417702 16.8110446310602 16.8856318681501 16.7482192275114 -9999 16.8863490531221 16.4732505092397 17.1560106026009 17.1050904695876 17.6336557939649 17.7211523605511 17.7849818230607 17.8195859979605 17.8549996009097 15.1094381514796 17.67812126223 17.5174718284979 16.3864711276256 16.6009094342589 16.7163762147538 16.9100161571987 16.8698537987657 16.6661732667126 16.9408551109955 16.6769310412928 16.7880947119556 17.1768089667894 16.7744681974873 16.7156590297818 16.9257942265831 16.7751853824593 16.8763084635139 16.8469038796611 16.8253883305006 16.6726279314607 16.9702596948482 16.8124790010042 17.0498672267422 16.3685415033251 17.0383922671899
-9999 -9999 -9999 -9999 -9999 -9999 -9999 -9999 12.8547110849554 16.7218268205412 15.5851962176384 15.8241981095634 15.7144688088447 15.8657948379405 16.0709097399376 16.2136295493692 16.3965117172338 16.4797051739879 16.6410717926919 16.524170642253 16.3011261159554 16.6496780123562 16.7185277696699 16.7773369373754 16.7005981453694 16.4151585265063 16.6891231858172 16.7888118969277 16.8777428334579 16.9071474173106 16.9193395618349 17.2169713252224 17.2105166604742 17.318811591249 17.6200292794965 17.6479994934052 17.6142917997204 17.4034394179471 17.5002593891695 17.5913418806158 16.684820075985 16.7421948737465 16.6288796481676 16.5399487116374 16.3685415033251 16.4510177751072 16.522736272309 16.8067415212281 16.8375804750249 16.8849146831781 16.5815454400145 16.4797051739879 16.2358622835018 16.2631153124385 16.323358850088 16.7170933997259 16.7959837466478 16.5356456018053 16.4208960062824 16.7472151685506 16.9322488913313 17.1395153482445
-9999 -9999 -9999 -9999 -9999 -9999 -9999 -9999 16.7158980914392 15.407513640821 15.367351282388 15.3322092187591 15.5588396699168 15.7037110342644 15.8944822368212 16.1921140002087 15.9776756935753 16.0099490173161 16.4718161392957 16.5306253070012 16.6331827579997 16.5263221971691 16.4646442895755 16.603060989175 16.7687307177112 16.724265249446 16.8519241744652 16.961653475184 16.7515182783827 16.8720053536817 16.7457807986066 16.844035139773 16.9071474173106 16.9300973364152 17.0305032324977 17.1058076545596 17.123020093888 17.1050904695876 16.0701925549656 16.9788659145124 17.322397516109 17.2356181344949 16.842600769829 16.6001922492869 15.328623293899 16.5686361105181 16.3692586882971 16.0135349421762 16.5808282550424 16.523453457281 16.405117936898 16.4065523068421 16.2164982892573 15.8528855084442 16.4553208849393 16.2315591736697 16.681234151125 16.7529526483268 16.7938321917318 16.8963896427304 16.8504898045212 16.8490554345772
11.2852254201759 9.40499978978187 -9999 -9999 -9999 -9999 -9999 14.2599996812642 15.3332451526076 15.0403149351478 14.5612353738397 14.6580553450622 15.6154972827062 15.6786095602438 15.7876216759905 15.0152134611271 15.409665195737 16.0995971388184 16.1584063065238 16.2566606476903 16.0400707861409 16.2086092545651 15.9920193930157 16.1913968152367 15.408230825793 16.4911801335402 16.48400828382 16.48400828382 16.4682302144356 16.5342112318613 16.5858485498466 16.6116672088392 16.6884060008451 16.7472151685506 16.8153477408923 16.9136020820588 16.9336832612753 16.960936290212 17.0692312209867 15.2052674787119 16.5593127058819 16.761558867991 16.3082979656756 15.5875270687975 15.7962278956547 15.7503280574456 15.7732779765502 16.1849421504885 16.1612750464119 16.2380138384178 16.1476485319436 15.9138462310657 16.4467146652751 16.005645907484 16.004928722512 16.3161870003678 16.6640217117965 16.8476210646331 16.7572557581589 16.922208301723 16.8583788392134 17.161030897405
15.1672566751949 14.9750511026941 16.0389950086828 16.0597933728714 15.3102155462839 -9999 16.1899624452926 14.9571214783937 14.3016144139692 14.6953489636071 15.4696696717292 14.7584612411447 15.3049561898224 15.8722495026886 15.5574052999727 15.6936704446562 15.0137790911831 15.0309915305115 15.2805719007738 15.9174321559258 15.9346445952542 16.1024658787064 15.4003417911008 15.727378138341 15.7402874678373 16.0400707861409 16.1562547516078 16.0228583468124 16.1117892833427 16.164860971272 16.2179326592013 16.2688527922146 16.3412884743884 16.3814508328214 16.40224919701 16.4087038617581 16.126132982783 15.0352946403436 16.8648335039616 16.1232642428949 16.1440626070835 16.1691640811041 16.2394482083619 15.7166203637607 15.7833185661584 15.6169316526502 15.5523850051686 15.6004363982938 15.9231696357019 16.0637378902175 16.2559434627183 16.3025604858994 16.245185688138 16.0307473815046 16.3585009137169 16.3785820929334 16.8849146831781 16.9014099375345 16.7859431570396 16.8354289201088 16.9731284347363 17.1251716488041
15.1342661664821 15.366634097416 15.7503280574456 15.4204229703173 15.367351282388 16.3412884743884 14.5167699055746 14.6343882409856 14.6071352120489 15.0697195190005 15.3164311493747 15.1729941549711 14.5884884027764 15.5502334502526 14.7039551832713 15.0058900564909 15.0309915305115 15.0847804034129 14.9391918540932 14.8136844839901 15.7646717568859 15.7926419707946 15.8155918898992 15.7826013811864 15.8808557223529 15.7947935257107 15.4297463749535 15.924604005646 15.9898678380996 15.927472745534 15.9934537629597 15.7976622655988 16.0372020462528 16.1756187458523 16.1935483701527 16.1297189076431 16.1383251273073 16.1046174336225 16.1411938671954 16.0393536011688 16.1899624452926 16.1555375666358 16.165578156244 16.2918027113192 15.7761467164382 15.4813836929388 15.6685689706355 15.8507339535281 15.8815729073249 15.8550370633602 15.9884334681556 16.4746848791838 16.0615863353014 15.6908017047681 16.1397594972514 16.3498946940526 16.7350230240263 16.6690420066006 16.8504898045212 16.9379863711074 17.28008360276 17.4744407301769
15.1600848254748 15.5351725658402 15.5502334502526 15.4921414675191 15.5961332884617 15.4426557044499 15.7202062886208 14.2987456740811 14.8294625533745 15.2318033226766 14.9434949639253 15.0417493050918 15.2325205076486 15.2533188718371 15.0797601086088 15.3164311493747 15.5115054617636 15.5251319762319 15.1937925191596 15.4512619241141 15.6764580053277 15.7144688088447 15.6613971209154 15.6413159416988 15.4584337738343 15.9073915663175 15.9066743813455 15.6922360747121 15.9948881329037 15.8213293696754 14.7548753162846 15.6327097220346 16.3749961680733 16.0415051560849 15.9418164449744 16.405117936898 16.445280295331 16.3183385552838 16.444563110359 16.3133182604797 16.4904629485682 16.3792992779054 15.1966612590477 15.4598681437783 15.5473647103645 15.6649830457754 15.6327097220346 15.7539139823057 15.6814783001319 16.2071748846211 16.123981427867 16.3613696536049 15.9826959883794 16.2781761968508 16.4467146652751 16.6754966713488 17.1667683771811 17.1359294233844 17.1352122384124 17.4199346723035 17.6652119327337 17.7326273201033
16.1340220174752 15.9590288843028 16.083819069434 16.2796105667949 15.566728704609 15.6377300168388 15.6377300168388 15.3537247679196 15.3171483343467 15.1156193572097 15.6319925370626 15.2447126521729 15.1378520913422 15.0733054438606 15.3056733747944 15.527283531148 15.4369182246737 15.3838465367444 15.5444959704764 15.6649830457754 15.4555650339462 15.7309640632011 15.7488936875015 15.7510452424176 15.7524796123616 15.6728720804676 15.8564714333043 15.845713658724 15.9045228264295 15.1751457098871 15.3659169124439 16.0228583468124 16.5040894630365 16.0501113757491 16.4947660584003 16.5700704804622 16.7335886540823 16.3082979656756 15.8120059650391 15.7560655372217 15.8363902540877 15.9303414854221 16.2616809424944 16.0730612948537 16.1827905955724 16.3534806189127 16.3448743992485 16.2329935436137 15.8959166067652 16.0615863353014 16.3714102432132 16.0651722601615 16.08597062435 15.8622089130804 16.3950773472898 15.8801385373808 17.561220111791 17.5834528459236 17.5246436782181 17.717566435691 17.9743186556734 18.1615039333701
16.5026550930925 16.4553208849393 16.3355509946123 16.285348046571 15.9439679998904 16.4208960062824 15.8385418090038 15.5315866409801 15.9152806010097 15.7811670112424 16.1117892833427 15.6649830457754 15.1658223052509 14.932020004373 14.9105044552125 15.3214514441788 15.2848750106059 15.4749290281907 15.7144688088447 15.4225745252334 15.7022766643204 15.9611804392189 15.9446851848625 15.9296243004501 15.9324930403382 16.0823846994899 16.1469313469715 16.2021545898169 15.7754295314662 16.1096377284266 16.443845925387 16.2186498441733 16.4997863532044 16.4194616363384 16.4861598387361 16.5471205613576 16.5786767001264 16.5148472376168 16.3283791448921 16.9257942265831 16.3714102432132 16.1641437863 16.2573778326623 16.4725333242677 16.2000030349009 15.8521683234721 16.044373895973 16.6382030528039 16.3513290639967 16.7206793245859 16.9530472555198 17.2449415391311 17.0943326950073 16.8763084635139 17.0699484059587 17.0247657527216 18.0661183320917 17.9355906671844 17.8875392740592 18.0295418985188 18.277687898837 18.4720450262539
16.4918973185122 16.5485549313016 16.3814508328214 16.4553208849393 16.2380138384178 16.2753074569628 16.2000030349009 16.1419110521674 15.9977568727918 16.243751318194 16.246620058082 16.0572832254693 15.4333322998136 15.329340478871 15.7402874678373 16.0364848612808 15.6642658608034 15.4455244443379 15.8966337917373 15.7603686470538 15.8363902540877 15.7947935257107 15.9052400114015 16.2251045089215 16.0128177572042 16.7723166425712 16.5801110700704 16.40224919701 16.004928722512 15.806985670235 16.1354563874193 16.4251991161145 16.6489608273841 16.6001922492869 16.5306253070012 16.443845925387 16.7723166425712 16.6252937233075 16.7586901281029 16.4660786595196 16.3757133530453 16.3907742374577 16.8088930761442 16.6991637754254 16.6869716309011 16.5700704804622 16.5062410179526 16.5177159775048 16.802438411396 16.9982299087569 17.0850092903711 17.4479048862122 17.6365245338529 17.3159428513609 17.2764976778999 17.4249549671076 18.1457258639857 18.4928433904424 18.4591356967576 18.1650898582302 18.6900692577474 18.3768387212185
16.2645496823825 16.204306144733 16.4302194109187 16.1749015608802 16.5937375845388 16.4316537808627 16.3513290639967 15.9296243004501 15.6750236353837 15.8751182425767 16.0952940289862 15.9948881329037 16.0544144855812 16.124698612839 16.1469313469715 16.1956999250688 16.2251045089215 15.8557542483322 15.8270668494515 16.0952940289862 16.1189611330628 16.0522629306652 16.3369853645563 16.3190557402559 16.4087038617581 16.5743735902943 16.6095156539232 16.6769310412928 16.6453749025241 16.5672017405741 16.6202734285034 16.6640217117965 16.8196508507244 17.0319376024418 16.7077699950896 17.1244544638321 16.6711935615167 16.8512069894932 17.0972014348954 16.6066469140351 17.2219916200265 17.3137912964448 16.9774315445684 17.0871608452871 16.9315317063592 16.8053071512841 17.1947385910898 16.9853205792606 17.4851985047571 16.9924924289808 16.4151585265063 17.9398937770166 17.7003539963625 18.0316934534349 17.6494338633493 18.3408001763746 17.7247382854111 15.9899996425956 -9999 -9999 -9999 -9999
16.0486770058051 16.6288796481676 16.4567552548833 16.6274452782236 16.6460920874961 16.4395428155549 16.1827905955724 16.3140354454517 16.2337107285857 16.3972289022058 15.804834115319 16.2329935436137 16.0321817514487 16.0350504913367 16.1082033584826 16.2121951794252 16.0164036820643 15.4792321380228 15.7560655372217 16.0572832254693 16.1182439480908 16.4402600005269 16.6131015787832 16.6174046886154 16.7307199141942 17.0312204174697 17.0333719723858 16.9924924289808 16.8103274460882 17.1122623193078 16.8555100993253 16.7500839084387 16.2502059829421 17.043412561994 17.1273232037202 17.5920590655878 16.7400433188304 16.844035139773 16.8677022438496 16.9638050301 17.1832636315376 17.2865382675081 17.1280403886922 16.8074587062001 17.0197454579175 17.2485274639912 17.3553880248219 15.9963225028478 17.3482161751017 17.5848872158676 17.480178209953 18.436185777653 17.4859156897292 18.4333170377649 17.6338822734297 17.7749996026978 -9999 -9999 -9999 -9999 -9999 -9999
16.7113559199497 16.5593127058819 16.4624927346595 16.1096377284266 16.72211369453 16.3333994396962 16.3577837287448 16.5578783359379 16.4574724398553 16.3348338096403 16.3398541044444 16.1591234914958 16.4546036999673 16.525605012197 16.3341166246682 16.0407879711129 16.1046174336225 16.2337107285857 16.3893398675136 16.1985686649568 16.524887827225 17.0175939030014 17.1495559378527 17.082857735455 16.8246711455286 16.9430066659115 17.2158955477644 17.1897182962857 17.1928260978311 13.7899996917695 15.3499996569008 15.7298882857431 16.4850231682144 16.4649996319786 -9999 14.8099996689707 17.0376750822179 17.0792718105949 17.0448469319381 17.3525192849338 17.2829523426481 17.3037507068366 17.1904354812577 16.9752799896523 17.4328440017998 17.5913418806158 17.7634662739001 16.9695425098762 17.3525192849338 17.6451307535172 17.8882564590313 18.7123019918799 18.8256172174588 14.8499996680766 -9999 -9999 -9999 -9999 -9999 -9999 -9999 -9999
16.4216131912544 16.2114779944532 16.2337107285857 16.3821680177934 16.4962004283443 16.3319650697522 16.5162816075608 16.2150639193133 16.2781761968508 15.9869990982115 16.1225470579229 15.8700979477726 16.2996917460114 16.2014374048449 16.0773644046858 16.2674184222706 16.0931424740702 16.2308419886976 16.5528580411337 16.6131015787832 16.7285683592781 16.7565385731868 17.1803948916495 17.2693258281797 17.1897182962857 17.0900295851752 17.3474989901297 17.6071199500002 17.2748242462985 -9999 -9999 -9999 -9999 -9999 16.3799996338785 18.2155318679288 17.1703543020412 17.1653340072371 17.0340891573578 17.122302908916 17.2707601981238 17.3489333600737 17.1294747586362 17.3546708398499 17.1007873597555 17.28008360276 17.9226813376881 17.8251441814937 17.2901241923682 18.2152928062715 18.6821802230552 18.8901638649404 18.8600420961156 -9999 -9999 -9999 -9999 -9999 -9999 -9999 -9999 -9999
16.2487716129981 16.3879054975696 16.4273506710306 16.445997480303 16.5657673706301 16.445280295331 15.6398815717548 16.205023329705 15.5100710918196 15.5997192133218 16.3685415033251 16.1368907573633 16.3298135148361 16.5772423301823 16.4861598387361 16.2107608094811 16.2150639193133 16.4675130294636 16.6109500238672 16.8135547784623 16.7132684132084 16.6905575557612 16.6697591915727 17.5024109440856 17.4557939209044 17.5095827938057 17.3403271404095 18.1091494304128 18.0955229159445 7.35499983560294 -9999 -9999 -9999 -9999 -9999 14.7699996698648 18.3255002303049 17.5884731407277 17.2700430131517 17.9427625169046 17.9453921951354 17.0297860475257 17.4572282908484 17.2449415391311 16.9372691861354 17.6472823084332 17.7620319039561 17.9857936152257 18.355143875815 17.6967680715024 18.5502181882039 19.1046021715738 19.2616656804457 14.5475464954608 9.34999646706675 22.0908056497516 -9999 -9999 -9999 -9999 -9999 -9999
16.4488662201911 16.0651722601615 16.405117936898 16.6396374227479 16.5980406943709 16.5299081220292 16.3749961680733 16.283196491655 16.1605578614399 16.1153752082027 14.2478255410679 14.2449568011798 16.443845925387 16.4596239947714 16.6690420066006 16.6855372609571 16.7185277696699 16.6575670470484 16.7364573939703 15.2547532417811 16.7601244980469 16.7823572321795 16.5542924110778 16.6977294054814 18.1066392830107 18.1722617079504 18.2181615461595 18.2719504190609 18.3189260347281 18.0847651413642 14.5812334863199 24.7149994475767 -9999 -9999 -9999 -9999 18.3899990654551 18.6860052095726 18.2413505269215 18.3745078700595 18.5463932016864 18.636997569818 18.4806512459181 18.1543320836499 18.079027661588 17.9624851036351 18.2253333958797 19.3035014704801 18.5405361910816 18.3737906850874 18.7790001942776 18.7646564948373 19.7310632446315 9.86999977938831 -9999 -9999 -9999 -9999 -9999 -9999 -9999 -9999
16.1498000868596 16.0278786416166 16.244468503166 16.4954832433723 16.6152531336993 16.5585955209099 16.5514236711897 16.3864711276256 16.4108554166742 16.4746848791838 16.4739676942118 14.8940092008561 16.7665791627951 16.6912747407332 16.642506162636 16.6188390585594 16.8139133709483 16.8784600184299 16.8124790010042 16.8304086253047 16.8727225386538 16.9186223768629 16.9939267989248 17.2556993137114 17.680272817146 18.1191900200211 18.0890682511963 18.1277962396853 18.4250694105867 17.8151035918854 14.566663047483 -9999 -9999 -9999 -9999 -9999 -9999 -9999 -9999 -9999 -9999 -9999 -9999 -9999 -9999 -9999 18.0252387886867 19.098386568483 19.4529150063172 19.2026174510829 18.2601438578549 -9999 -9999 -9999 -9999 -9999 -9999 -9999 -9999 -9999 -9999 -9999
16.2021545898169 15.8966337917373 15.8736838726327 15.6843470400199 16.1541031966917 16.2867824165151 16.3312478847802 16.3190557402559 16.4682302144356 16.6489608273841 16.7551042032428 16.7672963477671 16.364238393493 16.9458754057996 16.6991637754254 16.7601244980469 16.9960783538409 16.96021910524 17.0957670649514 17.2148197703063 16.9351176312193 17.4170659324154 17.2313150246628 17.5748466262594 12.176523264183 15.3149996576831 18.1754890403245 17.7039399212226 17.3977019381709 17.3797723138705 17.6056855800562 13.6283749747468 20.5620684324379 -9999 -9999 -9999 -9999 -9999 -9999 -9999 -9999 -9999 -9999 -9999 -9999 -9999 -9999 -9999 -9999 -9999 -9999 -9999 -9999 -9999 -9999 -9999 -9999 -9999 -9999 -9999 -9999 -9999
15.8930478668772 15.8500167685561 15.2217627330683 15.5835825514514 15.1199224670418 15.4835352478549 15.6972563695163 16.0809503295459 16.365672763437 16.6102328388952 16.7529526483268 16.8978240126744 16.7744681974873 16.6668904516846 16.6561326771043 16.763710422907 16.4617755496874 17.0276344926096 16.6561326771043 17.3883785335347 17.4041566029191 17.1301919436082 17.2320322096348 17.3410443253815 17.4378642966039 17.4091768977232 17.719717990607 14.6702474895865 17.7412335397676 17.9786217655055 17.281517972704 19.0633640356828 13.3451191604882 -9999 -9999 -9999 -9999 -9999 -9999 -9999 -9999 -9999 -9999 -9999 -9999 -9999 -9999 -9999 -9999 -9999 -9999 -9999 -9999 -9999 -9999 -9999 -9999 -9999 -9999 -9999 -9999 -9999
15.3501388430595 15.5236976062879 15.2977843401022 15.3200170742348 15.3637653575279 15.5997192133218 15.8507339535281 15.9324930403382 16.1684468961321 16.3140354454517 16.48400828382 16.9085817872547 16.8870662380941 17.1136966892518 17.0749687007628 17.2478102790192 17.2119510304183 17.7390819848515 17.3453474352136 17.44001585152 17.2915585623123 17.3474989901297 17.4113284526393 17.479461024981 17.8904080139473 17.3353068456054 17.3647114294581 18.2002319218591 18.4505294770934 16.6697591915727 16.9437238508835 18.3235877370462 20.8869098270079 -9999 -9999 -9999 -9999 -9999 -9999 -9999 -9999 -9999 -9999 -9999 -9999 -9999 -9999 -9999 -9999 -9999 -9999 -9999 -9999 -9999 -9999 -9999 -9999 -9999 -9999 -9999 -9999 -9999
14.5612353738397 15.1435895711184 15.3257545540109 15.3773918719962 15.3336435887031 15.7194891036488 15.7861873060465 16.0027771675959 16.1368907573633 16.4918973185122 17.1524246777408 16.5607470758259 16.8339945501648 17.2958616721444 17.7935880427249 17.7519913143478 17.7053742911667 17.7939466352109 17.8021942623891 17.7096774009988 17.4357127416879 17.4113284526393 17.5224921233021 17.4687032504007 17.5432904874906 18.236808355432 18.2583239045925 18.0833307714202 18.1055635055527 18.2662129392847 18.4010437140241 18.2798394537531 14.3716686225884 -9999 -9999 -9999 -9999 -9999 -9999 -9999 -9999 -9999 -9999 -9999 -9999 -9999 -9999 -9999 -9999 -9999 -9999 -9999 -9999 -9999 -9999 -9999 -9999 -9999 -9999 -9999 -9999 -9999
