EcologicalScience/Bass/data/rs_data_bass/sst_262.asc
NCOLS 226 
NROWS 124 
XLLCORNER -9.41648524995501 
YLLCORNER 47.587301625531 
CELLSIZE 0.0833 
NODATA_value -9999 
[rows 0 to 26 of 124, columns 62 to 123 of 226]
-9999 -9999 -9999 -9999 -9999 -9999 -9999 -9999 -9999 -9999 -9999 -9999 -9999 -9999 -9999 -9999 -9999 -9999 -9999 -9999 -9999 -9999 -9999 -9999 -9999 -9999 -9999 -9999 -9999 -9999 -9999 -9999 -9999 -9999 -9999 -9999 -9999 -9999 -9999 -9999 -9999 -9999 -9999 -9999 -9999 -9999 -9999 -9999 -9999 -9999 -9999 -9999 -9999 -9999 -9999 -9999 -9999 -9999 -9999 -9999 -9999 -9999
-9999 -9999 -9999 -9999 -9999 -9999 -9999 -9999 -9999 -9999 -9999 -9999 -9999 -9999 -9999 -9999 -9999 -9999 -9999 -9999 -9999 -9999 -9999 -9999 -9999 -9999 -9999 -9999 -9999 -9999 -9999 -9999 -9999 -9999 -9999 -9999 -9999 -9999 -9999 -9999 -9999 -9999 -9999 -9999 -9999 -9999 -9999 -9999 -9999 -9999 -9999 -9999 -9999 -9999 -9999 -9999 -9999 -9999 -9999 -9999 -9999 -9999
-9999 -9999 -9999 -9999 -9999 -9999 -9999 -9999 -9999 -9999 -9999 -9999 -9999 -9999 -9999 -9999 -9999 -9999 -9999 -9999 -9999 -9999 -9999 -9999 -9999 -9999 -9999 -9999 -9999 -9999 -9999 -9999 -9999 -9999 -9999 -9999 -9999 -9999 -9999 -9999 -9999 -9999 -9999 -9999 -9999 -9999 -9999 -9999 -9999 -9999 -9999 -9999 -9999 -9999 -9999 -9999 -9999 -9999 -9999 -9999 -9999 -9999
-9999 -9999 -9999 -9999 -9999 -9999 -9999 -9999 -9999 -9999 -9999 -9999 -9999 -9999 -9999 -9999 -9999 -9999 -9999 -9999 -9999 -9999 -9999 -9999 -9999 -9999 -9999 -9999 -9999 -9999 -9999 -9999 -9999 -9999 -9999 -9999 -9999 -9999 -9999 -9999 -9999 -9999 -9999 -9999 -9999 -9999 -9999 -9999 -9999 -9999 -9999 -9999 -9999 -9999 -9999 -9999 -9999 -9999 -9999 -9999 -9999 -9999
-9999 -9999 -9999 -9999 -9999 -9999 -9999 -9999 -9999 -9999 -9999 -9999 -9999 -9999 -9999 -9999 -9999 -9999 -9999 -9999 -9999 -9999 -9999 -9999 -9999 -9999 -9999 -9999 -9999 -9999 -9999 -9999 -9999 -9999 -9999 -9999 -9999 -9999 -9999 -9999 -9999 -9999 -9999 -9999 -9999 -9999 -9999 -9999 -9999 -9999 -9999 -9999 -9999 -9999 -9999 -9999 -9999 -9999 -9999 -9999 -9999 -9999
-9999 -9999 -9999 -9999 -9999 -9999 -9999 -9999 -9999 -9999 -9999 -9999 -9999 -9999 -9999 -9999 -9999 -9999 -9999 -9999 -9999 -9999 -9999 -9999 -9999 -9999 -9999 -9999 11.6799997389317 11.9154668299253 12.8105868571438 13.414815196069 13.3735770601779 12.4900051746517 12.9647816261277 13.0529953776859 12.978408140596 13.1150318777654 13.2846461236477 13.2480696900748 12.7401592928916 12.7998290825635 12.9282051925547 13.1309294779785 12.8029368841089 12.8901943890378 12.3074815992732 12.5602893019095 13.6202886905521 13.4622689350508 13.0009994672146 12.9547410365194 12.9597613313235 12.5301675330848 12.5246093495516 12.9088411983103 12.5475234094076 13.378238762496 13.5320749389939 12.5588549319655 12.50004576426 12.4778130301274
-9999 -9999 -9999 -9999 -9999 -9999 -9999 -9999 -9999 -9999 -9999 -9999 -9999 -9999 -9999 -9999 -9999 -9999 -9999 -9999 -9999 -9999 -9999 -9999 -9999 -9999 -9999 13.3476866826881 13.1419263142161 13.0931577361189 13.0453932169825 12.7697073137388 13.2613376120571 12.9289223775268 12.9188817879185 13.4276528070681 13.3712462090189 13.0551469326019 13.0049439845607 13.1749168229289 12.3097526850179 12.5581377469935 12.6693014176562 12.0747550758533 11.9108783097472 12.5527588597033 13.3291115919128 13.3611458539963 13.4383627693169 13.5282499524765 13.0321970134974 13.6183761972934 13.0920819586609 13.4995625535958 12.1775515885092 13.9616687372327 13.8851690068841 12.9174474179745 13.7405367041938 13.097102253465 13.1820886726491 12.6506546083838
-9999 -9999 -9999 -9999 -9999 -9999 -9999 -9999 -9999 -9999 -9999 -9999 -9999 -9999 -9999 -9999 -9999 -9999 -9999 -9999 -9999 -9999 -9999 -9999 -9999 -9999 13.5530326776206 13.0314798285253 13.2649235369172 12.9066896433942 12.7750862010289 12.6617709754501 12.8475218832027 12.9640644411556 13.2780480219051 12.6036789927166 13.1698965281248 13.0949506985489 13.1297341696918 12.6477858684957 12.8175196452066 12.6409726112615 12.5506073047873 13.4022644590586 12.938604374649 13.336283441633 13.0684148545843 13.3291115919128 12.6094164724927 12.819551669294 13.2527313923929 13.2394634704106 13.0752281118184 13.0472578979097 13.0049439845607 14.0728324078955 13.8055614749901 14.5951821291819 13.2132862189319 13.8796705887653 13.4409924475476 13.6127582483459
-9999 -9999 -9999 -9999 -9999 -9999 -9999 -9999 -9999 -9999 -9999 -9999 -9999 -9999 -9999 -9999 -9999 -9999 -9999 -9999 -9999 -9999 -9999 -9999 -9999 11.5512687250506 14.2327646566555 12.9013107561041 13.7450788756832 13.8246864075772 14.0348216043785 13.1880652140826 12.9992065047845 13.1487395714503 12.6797005997505 12.0675832261331 12.6624881604221 12.7065950362012 12.7302621402778 12.8299508513883 12.8450117358007 12.7871588147245 12.7842900748365 12.9070482358802 12.9156544555444 10.4596545188688 13.1196935800835 13.0752281118184 12.898442016216 12.8826639468316 12.8625827676151 13.0702078170143 13.4503158521838 13.0099642793648 13.5390077270567 13.7171086617745 13.8380738603882 13.8225348526612 13.6188543206081 13.4650181441102 13.8770409105346 13.9262876119465
-9999 -9999 -9999 -9999 -9999 -9999 -9999 -9999 -9999 -9999 -9999 -9999 -9999 -9999 -9999 -9999 -9999 -9999 -9999 -9999 -9999 -9999 -9999 -9999 -9999 13.7136024241336 13.7493819855154 14.1710867490619 13.9867702112533 14.0807214425877 13.9817499164492 13.9064454943873 13.6669057137333 13.734321101103 13.4051331989467 13.1447950541042 12.9999236897565 12.7622964023612 12.8550523254089 10.6880779324565 12.8335367762484 12.9659769344144 13.3064007344656 12.9289223775268 13.2853633086197 13.0895718112588 13.1820886726491 13.175634007901 13.1914120772853 13.3233741121367 13.1842402275652 13.0737937418744 13.0651875222102 13.1347544644959 13.1347544644959 13.1268654298037 13.5127109447494 13.813928632997 13.8895916475449 13.8766823180486 13.7622913150117 13.9003494221251
-9999 -9999 -9999 -9999 -9999 -9999 -9999 -9999 -9999 -9999 -9999 -9999 -9999 -9999 -9999 -9999 -9999 -9999 -9999 -9999 -9999 -9999 -9999 -9999 12.7785525950603 14.9327371893451 14.8057954492979 14.2621692405082 13.7529679103754 13.7135227369145 13.9501937776804 14.0427106390707 13.8368785521016 13.7500991704874 13.3334147017449 13.2903836034238 13.296838268172 13.3140507075004 13.1971495570615 13.0745109268464 12.8952146838419 13.4488814822398 13.3570818058215 13.3628192855977 12.7453230246902 13.5399639736861 12.9834284354001 13.0895718112588 12.9052552734502 13.0400860481896 13.7551194652915 13.4352549677715 13.3448896612972 13.2114932565019 13.4933469505049 13.5076906499453 13.378597354982 13.6378597223666 13.5170140545815 13.8440504018217 13.9204306013416 13.9856944337953
-9999 -9999 -9999 -9999 -9999 -9999 -9999 -9999 -9999 -9999 -9999 -9999 -9999 -9999 -9999 -9999 -9999 -9999 -9999 -9999 -9999 -9999 -9999 -9999 13.4910758647602 14.9513839986175 15.0137790911831 14.254280205816 14.9205450448208 14.6422772756778 14.4163640094921 14.3998687551357 14.4450514083728 13.9666890320368 13.8081911532208 13.5026703551412 13.4144566035829 13.5916012916714 13.5930356616154 13.5392467887141 12.2138889604248 12.1773125268519 12.6434827586636 13.3800317249261 13.3800317249261 13.6489760894328 12.8249305565841 13.296838268172 13.0623187823221 12.8564866953529 13.0687734470703 13.5829950720072 13.1849574125372 13.5679341875948 13.6260261703283 12.0446333070286 13.2796258288436 13.2896664184518 13.6023590662517 13.9792397690471 14.0376903442666 13.3144092999864
-9999 -9999 -9999 -9999 -9999 -9999 -9999 -9999 -9999 -9999 -9999 -9999 -9999 -9999 -9999 -9999 -9999 -9999 -9999 -9999 -9999 -9999 -9999 13.1599997058511 14.7677846457809 15.0051728715189 15.1493270508945 15.0360118253157 14.9406262240373 14.7735221255571 14.5468916743994 14.4321420788765 14.2765129399486 14.0104373153299 13.8512222515419 13.8705862457864 12.9898831001483 13.2000182969496 13.9817499164492 12.299951157067 13.4209112683311 13.3577989907935 13.4503158521838 13.4331034128554 13.496215690393 13.654713569209 13.7515335404314 13.8992736446671 13.7185430317186 13.5026703551412 13.4187597134151 13.7149571068585 12.9547410365194 13.1196935800835 13.895687719807 13.9021423845552 13.8842127602547 13.9035767544992 13.1799371177331 13.9200720088556 14.0886104772799 14.1940366681665
-9999 -9999 -9999 -9999 -9999 -9999 -9999 -9999 -9999 -9999 -9999 -9999 -9999 -9999 -9999 -9999 -9999 -9999 -9999 -9999 -9999 10.6398514127684 13.6630807272159 13.5448647376616 14.1610461594537 14.6157414317131 14.6630756398663 14.4407482985407 14.6264992062934 14.5655384836718 13.9501937776804 13.816797372885 13.5887325517833 14.0649433732033 14.5899227727205 13.853373806458 14.0054170205258 14.0821558125317 13.2896664184518 13.0867030713707 14.2270271768793 13.5098422048613 13.5134281297214 13.9380016331561 13.9982451708056 14.1359446854331 14.0785698876716 14.054185598623 13.935132893268 13.9236579337157 13.896404904779 13.7959990086965 13.0350657533854 13.9258094886318 14.0470137489028 14.211249107495 14.3130893735215 14.3876766106114 14.3640095065348 13.0902889962308 12.9497207417153 14.1811273386702
-9999 -9999 -9999 -9999 -9999 -9999 -9999 -9999 -9999 -9999 -9999 -9999 -9999 -9999 -9999 -9999 -9999 -9999 -9999 -9999 12.1420036760202 13.4391277666204 13.5814172650687 14.0025482806377 12.9841456203721 14.093630772084 14.3876766106114 14.5009918361902 13.8971220897511 14.2743613850325 14.0434278240427 14.4988402812742 12.7173528107814 12.7883541230112 12.737433989998 12.8048493773676 13.4847407308407 13.3671223954298 13.3707083202899 13.5256202742457 13.6396526847966 13.735038286075 13.6977446675301 14.531113605015 13.9286782285199 14.5949430675246 14.452223258093 14.452223258093 14.3288674429059 13.2301400657743 13.2925351583399 13.2143619963899 13.3011413780041 14.0391247142106 13.1282997997478 14.0355387893505 13.7271492513828 14.5433057495393 14.6738334144466 14.6078523970209 14.5519119692035 14.610721136909
-9999 -9999 -9999 -9999 -9999 -9999 -9999 -9999 -9999 -9999 -9999 -9999 -9999 -9999 -9999 -9999 -9999 -9999 -9999 -9999 9.64655385233219 12.9866045402762 14.0903317212127 12.8349711461924 12.8787194294855 12.9167302330025 13.9064454943873 13.4467299273238 13.5779747772031 14.5569322640076 12.5201269434765 14.4321420788765 14.1388134253211 14.01402324019 13.7500991704874 13.973860881757 12.9253364526667 13.9473250377923 13.4123050486669 13.6439557946287 13.6798150432296 13.6475417194888 14.371898541227 14.2894222694449 14.1875820034184 13.9272438585758 13.816797372885 14.0699636680074 13.9516281476244 13.6848353380337 13.2946867132559 13.5593279679306 13.5708029274829 13.4754173262045 13.8397472919896 14.610003951937 14.5827509230003 14.0369731592946 14.692480223719 14.8230078886263 14.2772301249206 14.7182988827117
-9999 -9999 -9999 -9999 -9999 -9999 -9999 -9999 -9999 -9999 -9999 -9999 -9999 -9999 -9999 -9999 -9999 -9999 12.9858546569012 13.0874202563427 13.2423322102986 13.5923184766434 12.8148899669759 13.2150791813619 13.9645374771208 13.019287684001 12.5172582035884 12.9267708226107 13.7816553092562 13.8806268353947 13.0867030713707 12.5050660590641 12.2181920702569 12.4448225214146 13.9207891938277 13.9164860839956 13.2502212449908 14.1488540149294 14.211249107495 13.534943678882 13.9631031071767 13.9860530262813 14.0592058934271 14.6996520734392 13.1993011119775 13.5471358234063 13.7630084999837 13.5801263321191 14.0986510668881 13.8849299452268 13.9523453325965 14.3977172002196 13.2724539791234 13.7321695461869 13.9236579337157 14.0398418991826 13.8447675867938 14.095065142028 14.4715872523375 14.652317865286 14.851695287507 14.8208563337103
-9999 -9999 -9999 -9999 -9999 -9999 -9999 -9999 -9999 -9999 -9999 -9999 -9999 -9999 -9999 -9999 9.39636259921826 13.9235554787197 13.5234687193297 13.4952116314322 13.3814660948701 13.3534958809614 13.3226569271646 13.2760399039835 13.2473525051028 13.2193822911941 13.4625079967082 13.6504104593769 13.4223456382751 14.0893276622519 13.2344431756064 12.9726706608199 13.8655659509823 13.8985564596951 13.8734549856745 13.8583941012621 13.9788811765611 10.7099520741031 10.7802362013608 13.5299233840778 14.3984343851916 14.4486373332329 14.4235358592123 14.4787591020577 14.2564317607321 14.4615466627292 13.5908841066994 13.895687719807 13.7787865693681 13.7558366502635 13.7952818237245 13.7916958988644 13.5923184766434 13.5184484245256 13.6217230604962 14.1216009859927 13.9831842863932 14.214835032355 14.1631977143697 14.0764183327556 13.8447675867938 14.8581499522552
-9999 -9999 -9999 -9999 -9999 -9999 -9999 -9999 -9999 -9999 9.41000193364269 9.39492586700489 8.7937660561195 -9999 -9999 -9999 8.74925991613418 13.7262169109192 14.2941556902602 13.5105593898334 13.4639423666522 13.4510330371559 13.3893551295623 13.2652821294032 13.0859858863987 13.298272638116 13.3269600369968 13.3068788577802 12.9497207417153 12.8500320306048 13.0149845741689 12.8837397242896 12.8952146838419 13.853373806458 13.7379070259631 12.9447004469112 13.1734824529849 14.0807214425877 14.0914792171679 11.0498977508396 12.0747550758533 14.3912625354715 14.4723044373095 14.6953489636071 14.9477980737574 14.890423275996 14.0713980379514 13.9071626793593 13.5550248580985 13.9136173441075 13.733603916131 13.4015472740866 13.6776634883136 13.375011430122 14.254997390788 14.3073518937454 13.8992736446671 14.453657628037 13.8440504018217 13.8583941012621 14.173238303978 14.8631702470593
-9999 -9999 -9999 -9999 -9999 -9999 -9999 -9999 -9999 -9999 -9999 -9999 -9999 -9999 -9999 -9999 -9999 11.6349997399375 12.2539629453542 13.7625781890005 13.2208166611381 13.3506271410733 13.4890438406728 13.3032929329202 13.3040101178922 13.2222510310821 13.1828058576211 13.0816827765666 13.2487868750468 12.9253364526667 12.7359996200539 13.4747001412325 13.3197881872766 13.773049089592 13.7658772398718 13.8096255231649 13.7271492513828 13.7830896792002 14.1560258646496 14.2413708763197 14.6716818595305 14.6286507612094 14.7735221255571 14.8065126342699 14.8603015071712 14.8739280216396 12.7747276085429 14.9671620680019 14.5784478131682 13.6590166790411 14.5390026397072 14.692480223719 14.693197408691 13.7508163554594 13.9795983615331 14.6716818595305 14.6193273565732 14.611438321881 14.5468916743994 14.5225073853508 14.7283394723199 14.7742393105291
-9999 -9999 -9999 -9999 -9999 -9999 -9999 -9999 -9999 -9999 -9999 -9999 -9999 -9999 13.5415352607612 14.014381832676 12.4068117178977 12.3385766905599 13.0752281118184 13.1003295858391 13.1577043836005 13.1404919442721 13.3111819676124 13.1340372795239 13.1620074934326 13.2760399039835 13.1584215685725 13.1799371177331 13.0558641175739 12.9447004469112 12.9590441463515 13.8390301070176 12.1249580238946 13.8031708584167 13.7802209393121 13.455336146988 13.5069734649733 13.9136173441075 14.3159581134096 14.3138065584935 14.3962828302756 13.7572710202076 14.5619525588118 14.7376628769562 14.8710592817515 14.8760795765556 14.9334543743171 13.3649708405137 14.9951322819106 14.9477980737574 14.8667561719194 14.7190160676837 14.7477034665644 14.055619968567 13.4087191238068 14.7857142700814 14.7182988827117 14.731208212208 14.8409375129268 14.5648212986998 14.0599230783992 14.6960661485791
-9999 -9999 -9999 -9999 -9999 -9999 -9999 -9999 -9999 -9999 -9999 -9999 8.89058566778942 12.752255812753 13.1196935800835 12.9490035567433 12.9827112504281 13.059450042434 13.1168248401955 13.1031983257271 13.2136448114179 13.2373119154945 13.2416150253266 13.1899777073413 13.2100588865578 13.2789086438715 13.2358775455505 13.1347544644959 13.1978667420335 13.4510330371559 12.9855799903162 13.2939695282839 13.0752281118184 13.3742942451499 13.4194768983871 13.1476637939923 13.8375957370736 13.7859584190883 13.5162968696095 13.5736716673709 13.7630084999837 14.3518173620105 11.344660774339 10.8419141089544 14.8631702470593 14.9779198425822 14.5770134432241 14.3546861018986 12.5531174521893 15.0926694381051 15.0374461952597 14.9635761431418 14.9105044552125 13.4503158521838 13.415890973527 15.0467695998959 14.7405316168442 14.6810052641667 14.7211676225998 13.9717093268409 14.6386913508177 14.7462690966204
-9999 -9999 -9999 -9999 -9999 -9999 -9999 -9999 -9999 -9999 10.8060207086881 13.3577989907935 14.2406536913477 13.2516556149349 13.0608844123781 13.2294228808023 13.5643482627347 13.4115878636949 11.7799920523539 13.2939695282839 13.2236854010262 13.257393094711 13.2652821294032 13.2781914588995 13.1727652680129 13.1440778691322 13.1534012737684 12.7560807992704 12.81991026178 12.9303567474708 12.9547410365194 12.9511551116593 12.8801537994295 12.9848628053442 12.6972716315649 13.8698690608144 13.816797372885 13.9286782285199 13.1964323720895 13.3004241930321 13.2430493952706 12.8310266288463 14.2750785700046 14.6996520734392 10.6253242474049 12.5631580417976 13.8254035925493 14.9076357153244 12.9819940654561 15.089800698217 15.0575273744762 15.1177709121257 15.0768913687207 15.1062959525734 15.0173650160432 14.9721823628061 15.2117221434601 14.9908291720785 15.0804772935808 15.0840632184409 14.9736167327501 14.9728995477781
-9999 -9999 -9999 -9999 -9999 -9999 -9999 -9999 -9999 -9999 10.6499997619539 10.3540018485173 10.504686185796 13.2781914588995 13.2351603605784 13.3721426902339 14.089999685064 -9999 -9999 9.22999979369342 7.50827571014305 9.88355080556336 11.8934865741758 13.4001129041426 13.3391521815211 13.3448896612972 12.6255531343631 11.225608068984 8.88471632031724 12.8901943890378 13.1075014355592 12.7453230246902 12.818475891836 12.7467573946342 12.5552690071054 12.9145786780864 13.1899777073413 13.8354441821575 14.0032654656097 13.1512497188523 13.3097475976683 13.5586107829586 13.7228461415507 14.6164586166851 14.2320474716835 14.6602068999782 14.4486373332329 14.4744559922256 14.6171758016571 14.3008972289972 14.212683477439 14.5153355356306 13.3950926093385 15.1744285249151 15.1450239410624 15.2777031608857 15.3451185482554 15.3551591378637 15.3501388430595 15.0711538889445 15.368785652332 15.3063905597664
-9999 -9999 -9999 -9999 -9999 -9999 -9999 -9999 -9999 -9999 -9999 -9999 -9999 -9999 -9999 -9999 -9999 -9999 -9999 -9999 -9999 -9999 -9999 -9999 11.5599997416139 13.4897610256448 13.1211279500276 8.27510909410194 8.17255164310336 13.4115878636949 13.1978667420335 13.2703024242073 12.6248359493911 12.7130497009493 12.7876369380392 13.4417096325196 13.1042741031852 12.7948087877594 12.6348765389994 14.1488540149294 13.5500045632944 12.9439832619391 12.9253364526667 13.8239692226052 13.9093142342754 13.8254035925493 13.2502212449908 14.053468413651 14.0821558125317 14.7276222873479 14.9972838368267 14.8395031429827 14.0900448472239 14.3518173620105 15.290612490382 15.4003417911008 15.5172429415397 15.1844691145234 15.0948209930211 14.4608294777572 15.0223853108473 14.7376628769562
-9999 -9999 -9999 -9999 -9999 -9999 -9999 -9999 -9999 -9999 -9999 -9999 -9999 -9999 -9999 -9999 -9999 -9999 -9999 -9999 -9999 -9999 -9999 -9999 -9999 10.6396679468453 13.4653767365962 12.8873256491497 13.3534958809614 13.1892605223693 8.51034576492384 13.1856745975092 13.1584215685725 13.1354716494679 13.1060670656152 12.97984251054 13.8397472919896 13.8031708584167 12.8471632907167 13.8225348526612 13.5084078349173 13.9602343672886 13.9530625175685 13.0415204181336 13.0651875222102 13.5076906499453 13.6819665981457 14.1531571247615 14.1997741479427 14.2026428878307 14.5217902003787 14.5447401194833 14.5081636859104 14.413495269604 15.2805719007738 15.6097598029301 15.6348612769507 15.0596789293922 15.5703146294691 15.0969725479372 15.3738059471361 15.2210455480963
-9999 -9999 -9999 -9999 -9999 -9999 -9999 -9999 -9999 -9999 -9999 -9999 -9999 -9999 -9999 -9999 -9999 -9999 -9999 -9999 -9999 -9999 -9999 -9999 -9999 -9999 9.94331393833272 13.0673390771262 9.64995268546045 9.40252387011424 9.94471570895985 13.1125217303634 13.0752281118184 13.0702078170143 13.217230736278 13.0085299094208 11.3547013639472 13.895687719807 13.9702749568969 14.1574602345936 13.9279610435478 14.0757011477835 12.8414258109406 13.7959990086965 13.2071901466697 13.3068788577802 13.9107486042194 14.0771355177276 14.4601122927852 15.0919522531331 14.4371623736806 15.1794488197193 15.0854975883849 15.0711538889445 14.691763038747 14.7792596053332 14.8552812123671 14.5970946224406 14.9736167327501 15.725226583425 15.2583391666412 14.9262825245969
