EcologicalScience/Bass/data/rs_data_bass/sst_419.asc
NCOLS 226 
NROWS 124 
XLLCORNER -9.41648524995501 
YLLCORNER 47.587301625531 
CELLSIZE 0.0833 
NODATA_value -9999 
[rows 54 to 80 of 124, columns 0 to 61 of 226]
-9999 -9999 -9999 -9999 -9999 -9999 -9999 -9999 -9999 -9999 -9999 -9999 -9999 -9999 -9999 -9999 -9999 -9999 -9999 -9999 -9999 -9999 -9999 -9999 -9999 -9999 -9999 -9999 -9999 -9999 -9999 -9999 -9999 -9999 -9999 -9999 -9999 -9999 8.20710308381411 7.04380495214303 6.71857864316553 7.9627750387881 8.96547134816647 8.78036590688862 8.94890437531285 8.99946591584012 9.18772697099485 9.14971616747789 8.99623858346604 8.93635363830253 8.37348296609707 9.06729112319382 9.04680012399331 8.66167179401964 8.26722005940974 7.77896053045988 8.05708486260846 7.56482702743961 10.4918991552107 -9999 -9999 6.75324258347973
-9999 -9999 -9999 -9999 -9999 -9999 -9999 -9999 -9999 -9999 -9999 -9999 -9999 -9999 -9999 -9999 -9999 -9999 -9999 -9999 -9999 -9999 -9999 -9999 -9999 -9999 -9999 -9999 -9999 -9999 -9999 -9999 -9999 -9999 -9999 -9999 -9999 -9999 11.9399997331202 7.47508925781585 7.77200383623131 7.44747763639316 9.07376627894118 8.87252417579293 8.55767997307703 8.91591386660002 8.95751059497707 8.72514266404323 9.15903957211412 8.97723318170756 8.56879634014331 9.0200252183713 7.4051637230441 7.46540726069361 8.24498732527718 7.88496046932414 7.94753485813271 8.29827968550559 -9999 13.6649996945634 -9999 13.3149997023866
-9999 -9999 -9999 -9999 -9999 -9999 -9999 -9999 -9999 -9999 -9999 -9999 -9999 -9999 -9999 -9999 -9999 -9999 -9999 -9999 -9999 -9999 -9999 -9999 -9999 -9999 -9999 -9999 -9999 -9999 -9999 -9999 -9999 -9999 -9999 -9999 -9999 -9999 -9999 8.64876246452332 7.99325540009886 8.45476392959245 8.6799600108061 8.8115634531714 8.9112521642819 8.74486525077373 8.83487196476199 9.18521682359278 9.19418163574301 9.14194666361436 8.71964424592443 7.27105013327673 7.43241675198078 8.01333657931536 8.18546097259969 8.19335000729188 8.13238928467035 7.55505538219586 8.09538254011422 14.339999679476 -9999 -9999
-9999 -9999 -9999 -9999 -9999 -9999 -9999 -9999 -9999 -9999 -9999 -9999 -9999 -9999 -9999 -9999 -9999 -9999 -9999 -9999 -9999 -9999 -9999 -9999 -9999 -9999 -9999 -9999 -9999 -9999 -9999 -9999 -9999 -9999 -9999 -9999 -9999 -9999 -9999 14.4099996779114 7.88496046932414 8.77756888549775 8.54799797595479 8.70255133742467 8.77642138954252 8.69466230273247 8.67924282583408 8.51536605972797 8.81299782311544 8.78144168434665 9.04428997659124 8.90121157467365 7.65402690833434 8.45870844693854 8.33391826180741 8.36762595549226 7.06808678619564 7.38472395134158 6.92464979179204 7.74589830324985 5.01241950090043 -9999
-9999 -9999 -9999 -9999 -9999 -9999 -9999 -9999 -9999 -9999 -9999 -9999 -9999 -9999 -9999 -9999 -9999 -9999 -9999 -9999 -9999 -9999 -9999 -9999 -9999 -9999 -9999 -9999 -9999 -9999 -9999 -9999 -9999 -9999 -9999 -9999 -9999 -9999 -9999 -9999 8.14797175815329 8.05314034526236 8.06784263718873 8.29447308834642 8.29877619817853 8.30738241784275 8.58959470433183 8.51644183718599 8.437192897778 8.73028248967603 8.69514042604715 8.25072480505332 8.88113039545715 7.27463605813682 7.36500136461109 8.54979093838483 8.4450819324702 6.67626472981647 7.07083599525504 6.18609270760789 4.84911648277193 9.08999979682267
-9999 -9999 -9999 -9999 -9999 -9999 -9999 -9999 -9999 -9999 -9999 -9999 -9999 -9999 -9999 -9999 -9999 -9999 -9999 -9999 -9999 -9999 -9999 -9999 -9999 -9999 -9999 -9999 -9999 -9999 -9999 -9999 -9999 -9999 -9999 -9999 -9999 -9999 -9999 -9999 9.05419024740062 8.48022399609908 7.91364786820486 7.96922970353626 8.36583299306221 8.54799797595479 8.11410106788389 8.21235540905036 8.158207943663 8.25431072991341 8.94782859785482 8.95237076934427 8.33033233694732 8.4092226838693 7.21367533551529 7.47473066532984 7.85029652900994 7.79879581768598 5.8569526177831 14.9985243729945 -9999 -9999
-9999 -9999 -9999 -9999 -9999 -9999 -9999 -9999 -9999 -9999 -9999 -9999 -9999 -9999 -9999 -9999 -9999 -9999 -9999 -9999 -9999 -9999 -9999 -9999 -9999 -9999 -9999 -9999 -9999 -9999 -9999 -9999 -9999 -9999 -9999 -9999 -9999 -9999 -9999 8.82331905032144 7.15486616780981 7.35209203511477 7.53784294286743 7.66442609042861 8.09258551872335 7.90002135373652 8.40491957403719 7.7716452437453 8.00759909953922 7.98249762551859 8.84622739348561 9.45344400312752 9.45559555804357 9.49104498666046 9.06380765332973 8.74582149740309 7.52547150210012 13.8549996903166 15.387445268479 6.61396526191384 6.66120384540409 3.97035998205787
-9999 -9999 -9999 -9999 -9999 -9999 -9999 -9999 -9999 -9999 -9999 -9999 -9999 -9999 -9999 -9999 -9999 -9999 -9999 -9999 -9999 -9999 -9999 -9999 -9999 -9999 -9999 -9999 -9999 -9999 -9999 -9999 -9999 -9999 -9999 -9999 -9999 -9999 -9999 6.91353342472576 7.38185521145351 7.42703786469065 7.53891872032546 7.89105654158629 8.01979124406353 7.32208979711868 7.58123263367452 7.53548647795937 7.72466962807812 8.3296151519753 8.44759207987227 8.46229437179863 8.78861353406683 8.35507521848194 8.43979269330157 6.30249182856642 8.52110353950411 5.462787757162 7.77881709346548 7.03681752141565 6.9114535883069 7.00856043351814
-9999 -9999 -9999 -9999 -9999 -9999 -9999 -9999 -9999 -9999 -9999 -9999 -9999 -9999 -9999 -9999 -9999 -9999 -9999 -9999 -9999 -9999 -9999 -9999 -9999 -9999 -9999 -9999 -9999 -9999 -9999 -9999 -9999 -9999 -9999 -9999 -9999 -9999 5.55525680622086 6.94150363863446 7.4611041508615 7.42811364214867 7.49050873471424 7.86918239993975 7.93265326996334 8.29949338315055 7.59820601134561 7.51596880122088 8.40563675900921 8.87395854573697 8.87252417579293 8.82985166995786 7.59055603831075 7.83332315133885 7.76411480153911 6.73766942408734 5.44318470126018 8.20760405861074 6.53306679707021 5.80010375566781 7.18470106264576 7.16648456435651
-9999 -9999 -9999 -9999 -9999 -9999 -9999 -9999 -9999 -9999 -9999 -9999 -9999 -9999 -9999 -9999 -9999 -9999 -9999 -9999 -9999 -9999 -9999 -9999 -9999 -9999 -9999 -9999 -9999 -9999 -9999 -9999 -9999 -9999 -9999 -9999 -9999 -9999 6.7916119794827 7.10430462728254 7.50019073183648 7.61996062216349 7.759811691707 8.0983229984995 8.36870173295029 8.35686818091199 8.84527114685625 9.0105822829064 8.59784233151004 8.6121860309504 8.65521712927148 8.89870142727159 9.00018310081214 8.437192897778 6.81061738124117 7.00246436125599 6.84862818475813 6.43875697324984 3.88521988037974 6.2777489470318 5.78360850131139 5.71260718908161
-9999 -9999 -9999 -9999 -9999 -9999 -9999 -9999 -9999 -9999 -9999 -9999 -9999 -9999 -9999 -9999 -9999 -9999 -9999 -9999 -9999 -9999 -9999 -9999 -9999 -9999 -9999 -9999 -9999 -9999 -9999 -9999 -9999 -9999 -9999 -9999 -9999 6.84970396221615 6.85902736685239 7.3535264050588 7.91364786820486 7.85770744038746 8.17075868067332 8.49779502791353 8.61864069569856 8.60537277371623 8.52540664933622 8.42930386308581 8.44615770992823 8.70864740968682 8.59712514653802 8.71940518426709 8.91806542151608 8.79901271616109 7.6999267465435 7.47975096013397 8.0147709492594 6.11435030424036 6.74965665861964 6.60478529427201 6.16515090642497 5.23998229252174
-9999 -9999 -9999 -9999 -9999 -9999 -9999 -9999 -9999 -9999 -9999 -9999 -9999 -9999 -9999 -9999 -9999 -9999 -9999 -9999 -9999 -9999 -9999 -9999 -9999 -9999 -9999 -9999 -9999 -9999 -9999 -9999 -9999 -9999 -9999 -9999 -9999 6.9949339190498 7.04800560697913 7.90396587108262 8.03592790593393 7.98644214286469 8.34180729649961 8.46588029665872 8.64517653966323 8.6681264587678 8.1822336402256 8.46623888914473 8.32746359705925 8.13776817196049 7.97424999834038 8.6441007622052 8.68820763798431 7.7838373882696 7.84360280260444 7.67482527252287 8.00329598970711 6.65690073557198 6.45106864860281 5.55207728617825 5.44653156446293 4.69629088509828
-9999 -9999 -9999 -9999 -9999 -9999 -9999 -9999 -9999 -9999 -9999 -9999 -9999 -9999 -9999 -9999 -9999 -9999 -9999 -9999 -9999 -9999 -9999 -9999 -9999 -9999 -9999 -9999 -9999 -9999 -9999 -9999 -9999 -9999 -9999 11.4754988625924 8.59041434429985 7.52708516828716 7.71032592863776 8.7398449559696 9.01022369042039 9.02026428002864 9.0267189447768 9.2415158438962 9.69621111615561 9.60871454956941 9.51440472574905 8.78933071903884 8.25431072991341 7.92225408786908 7.95775474398397 7.92691579018719 7.80176701257005 7.76913509634323 7.9272743826732 7.14434745488688 7.42835270380601 6.84970396221615 6.19240393536165 6.0988112965133 5.9100721180439 4.88497573137283
-9999 -9999 -9999 -9999 -9999 -9999 -9999 -9999 -9999 -9999 -9999 -9999 -9999 -9999 -9999 -9999 -9999 -9999 -9999 -9999 -9999 -9999 -9999 -9999 -9999 -9999 -9999 -9999 -9999 -9999 -9999 21.144044882002 18.4549995874986 -9999 -9999 9.22919158635073 8.08003478171304 7.5805154487025 8.16071809106506 8.84921566420235 8.94639422791079 9.39678639033809 9.1977675606031 9.39786216779612 9.24832910113037 9.44232763606124 9.28096101735719 9.15832238714211 8.55875575053506 8.72155673918314 8.01190220937133 8.09724722104147 8.09724722104147 7.96779533359222 7.29591254564002 7.12641783058643 8.02086702152155 6.79914242168888 6.92644275422208 5.99027730408125 6.08375041210093 6.01430300064385
-9999 -9999 -9999 -9999 -9999 -9999 -9999 -9999 -9999 -9999 -9999 -9999 -9999 -9999 -9999 -9999 -9999 -9999 -9999 -9999 -9999 -9999 -9999 -9999 -9999 -9999 -9999 -9999 11.8599997349083 8.82432179635783 8.60977250447449 8.27224035421386 7.83977781608701 6.86411406767244 11.5160167551533 10.9323092981358 7.30762656684965 8.06748404470272 8.37802513758652 8.55301827075891 8.96432385221124 9.26195561559871 9.35877558682114 9.42977689905092 9.69119082135148 9.99276710208505 9.58397166803479 8.39021728211083 9.15617083222605 7.90002135373652 7.8713339548558 8.02409435389563 8.16968290321529 9.5443471983308 7.49122591968626 7.38006224902347 7.74152347492054 7.53784294286743 7.25240332400426 6.69909511809237 5.85425122105516 5.5767006368842
-9999 -9999 -9999 -9999 -9999 -9999 -9999 -9999 -9999 -9999 -9999 -9999 -9999 -9999 -9999 -9999 -9999 -9999 -9999 -9999 -9999 -9999 15.7820966954653 7.53538402296337 7.15615710075945 7.05978793151943 7.51735194366691 7.12313073279802 8.19837030209601 7.46397289074957 8.5447706435807 8.58995329681784 7.94161808211356 8.04130679322407 8.07429730193689 8.17828912287951 8.46372874174267 8.44651630241424 8.21510461810976 8.59832045482472 8.48954740073532 9.43623156379908 8.58349863206968 7.99612413998693 8.06138797244057 9.72202977514826 9.79195530992001 9.21749014733359 8.38017669250257 8.13776817196049 8.08720663143322 8.16968290321529 8.1022675158456 7.77272102120332 7.80140842008404 7.92225408786908 7.66311125131324 8.30451367795467 5.78739002207294 15.3499996569008 -9999 -9999
-9999 -9999 -9999 -9999 -9999 -9999 -9999 -9999 -9999 -9999 -9999 -9999 -9999 -9999 -9999 -9999 -9999 -9999 -9999 -9999 -9999 10.5583869833499 7.75792908115545 8.01319314232096 8.89726705732755 8.81012908322737 8.36929938709363 8.71880753012374 8.86750388098881 8.27654346404597 8.24857325013727 7.89428387396038 8.58995329681784 8.73482466116548 8.83021026244387 8.64517653966323 9.07512893038802 9.10023040440865 8.09473707363941 8.39129305956885 9.68688771151938 9.44555496843532 9.61959185497835 9.50675475271419 8.78180027683266 9.45738852047361 8.39380320697092 8.21127963159233 8.04740286548622 7.71283607603982 7.9868007353507 8.06497389730066 8.28012938890606 8.06533248978667 8.00783816119656 10.8599632640835 15.4749996541068 -9999 -9999 -9999 -9999 -9999
-9999 -9999 -9999 -9999 -9999 -9999 -9999 -9999 -9999 -9999 -9999 -9999 -9999 -9999 -9999 -9999 -9999 6.88018432352692 8.10011596092954 8.40778831392527 8.77355264965445 8.39688710235059 8.41011916508432 7.82930691549555 8.61505477083847 9.11995299113914 8.33707387568429 8.93993956316262 8.955000447575 9.11493269633502 8.74343088082969 8.96360666723922 8.95930355740711 7.99935147236101 7.6880931945052 7.75335702695884 7.81395915709436 8.03951383079402 8.66203038650565 8.74845117563382 8.72334970161319 8.84670551680028 7.06019775150344 9.7171290111728 8.61720632575452 9.95332192862406 9.43784522998612 9.2935117543675 7.59163181576878 7.82830285653472 8.02983183367178 8.72024190006778 14.2949996804819 -9999 -9999 -9999 -9999 -9999 -9999 -9999 -9999 -9999
-9999 -9999 -9999 -9999 -9999 -9999 -9999 -9999 -9999 -9999 -9999 -9999 -9999 -9999 -9999 -9999 -9999 8.63800468994305 8.42284919833764 8.44364756252617 8.54261908866465 8.58612831030041 7.14930798427667 6.94365519355051 9.06281725503504 9.29422893933952 8.92774741863832 8.7213176775258 9.09269996220246 7.85885493634269 8.955000447575 8.90479749953374 9.08481092751026 8.7993713086471 7.67016357020475 9.16011534957215 9.79530217312276 8.72729421895929 8.30451367795467 8.7237082940992 8.89045380009338 10.4594154572114 6.78479872224852 9.98416088242084 9.6800744542852 8.49205754813738 9.04966886388138 7.14805291057564 7.02254554047249 5.41306293243542 5.329835324016 15.7099996488541 -9999 -9999 -9999 -9999 -9999 -9999 -9999 -9999 -9999 -9999
-9999 -9999 -9999 -9999 -9999 -9999 -9999 -9999 -9999 -9999 -9999 -9999 -9999 11.9758366745276 8.8553117364645 8.83021026244387 8.85889766132459 8.72334970161319 8.73052155133337 8.83738211216405 9.09485151711851 9.05397197371349 8.97508162679151 7.81431774958037 6.82137515582144 7.88496046932414 9.27486494509503 9.40467542503029 9.10489210672677 8.99839013838209 9.23613695660606 8.9987487308681 8.48739584581926 9.25980406068265 9.24402599129826 9.11493269633502 9.10991240153089 9.78819008881692 9.86528747330885 10.1270599880954 9.47460095980205 10.2466505821794 9.62795901298523 10.0594653044827 9.13142795069143 8.84025085205212 9.69925915228669 8.97508162679151 8.63513595005497 8.94400361133739 9.16477705189027 9.45216331567748 13.4199997000396 -9999 -9999 -9999 -9999 -9999 -9999 23.5424889895483 24.8649994442239 -9999
-9999 -9999 -9999 -9999 -9999 -9999 -9999 -9999 -9999 -9999 9.8449997799471 7.93767356476746 8.17828912287951 8.9349192683585 9.10919521655887 9.09198277723044 9.18234808370471 9.20744955772534 9.25836969073862 9.3293710029684 9.28992582950741 9.25048065604642 9.26123843062669 9.50508132111281 9.65090893208981 9.56341236550361 9.39535202039406 9.20027770800516 8.49528488051146 9.16728719929233 9.39391765045002 9.48571732686833 9.58504744549282 9.63489180104807 9.62700276635587 9.33797722263262 9.17517623398453 9.20027770800516 9.68652911903337 9.89684361207765 9.8114986004075 10.0671152775176 9.83426922326908 10.1466032785829 9.18916134093888 8.98153629153967 8.93778800824657 8.90121157467365 8.79506819881499 9.29673908674158 10.3201431685225 14.8185417822096 9.81297731243314 -9999 -9999 -9999 8.38101340830326 8.57847833726555 7.8313150334172 8.40491957403719 8.42249060585164 17.7899996023625
-9999 -9999 -9999 -9999 -9999 -9999 -9999 20.1872969943309 8.81514937803149 8.8553117364645 8.81012908322737 8.70470289234072 9.21605577738956 9.11780143622309 9.24904628610238 9.18306526867673 9.44985807826743 9.44196904357523 9.36020995676517 9.41256445972249 9.29207738442346 9.33367411280051 9.22824792191386 9.31933041336015 9.55528426915407 9.29171879193746 9.40467542503029 9.40288246260025 9.18880274845287 9.29279456939548 9.54811241943389 9.59472944261506 9.71700948034413 9.33510848274454 9.36092714173719 9.50974302343093 9.40754416491836 9.78406627522781 10.0072900977684 10.0465559749864 9.93216497194953 9.59186070272699 9.59437085012905 10.4082562625408 10.0334075838327 9.51422542950604 8.5337738073431 8.83451337227598 8.81299782311544 9.04805519769434 8.38268683990464 8.91714901849627 7.82377907440353 8.27749971067533 8.88579209777527 8.4968985466985 8.49797432415653 8.40578019600362 8.44450818449259 8.53329568402842 8.4767815082334 14.2152983465405
-9999 -9999 -9999 -9999 -9999 7.43514205487445 8.31276130513288 8.21737570385449 9.05110323382542 9.08481092751026 9.15222631487995 9.23972288146615 9.31072419369593 9.50364695116878 9.43264563893899 9.37025054637343 8.70577866979875 8.91949979146011 8.5538549865596 8.84778129425831 9.56532485876232 9.45057526323944 9.61696217674762 9.61050751199946 9.70015563350171 9.69728689361364 9.69728689361364 9.7675710208714 8.23279518075287 9.45631274301559 9.61911373166367 9.33510848274454 9.01201665285043 9.54990538186394 9.56209752638824 9.53914760728367 9.3412045550067 10.2447380889207 10.26816613134 9.78693501511589 9.25568024709355 9.73852502950467 9.33439129777253 10.2807168683503 9.21856592479162 8.91340371919796 8.19729452463798 8.87467573070899 8.78000731440261 8.6280665553308 8.80932225013385 6.95584733807482 6.8979944169987 7.24021117947996 8.16896571824327 7.00533310114406 6.58398693008348 6.61769462376833 6.2379451810848 6.21786400186829 8.57474897541106 7.75993122253567
-9999 -9999 -9999 -9999 -9999 9.13716543046758 7.36093731643632 7.56605221843347 7.64494256535545 7.43385112192482 9.2497634710744 9.21749014733359 9.4089785348624 9.45487837307155 9.87012847186998 9.85650195740163 9.71951962774619 9.75609606131911 9.73242895724252 9.71306496299803 9.74605547171086 9.76111635612324 9.7474898416549 9.65569016523659 9.80988493422046 9.89020965108648 9.49719228642061 9.08516951999627 9.19991911551915 8.4610649118466 9.5681935986504 9.3412045550067 8.14745016908273 8.44221319258213 9.1342966905795 10.0110553188715 9.10525069921277 10.03006072063 10.2242385518039 10.2608149853768 8.94017862481996 9.99366358330008 8.66167179401964 9.69298378378153 8.64123202231713 9.55922878650017 8.64051483734511 8.32100893231109 8.99336984357797 9.07751954696141 8.78323464677669 8.66364405269269 7.32053589634597 7.11291084694676 7.202200375963 6.82101656333543 6.83464307780378 7.04621264454909 6.65104372496717 6.45812096749432 6.16335794399492 5.94354075007141
-9999 -9999 -9999 -9999 -9999 9.56532485876232 9.01022369042039 7.66430655959994 7.733395378571 7.70925015117973 7.61745047476143 8.3694189179223 8.44149600761011 8.68247015820816 9.78693501511589 9.85219884756953 9.94615007890388 9.84072388801724 9.85578477242962 9.82135989377275 9.76613665092736 9.83785514812917 9.79267249489203 9.27235479769297 9.70015563350171 9.81060211919248 9.75251013645902 9.78191472031176 8.73088014381938 9.2497634710744 9.23326821671799 8.10818429186475 8.08702733519021 7.97532577579841 9.14899898250587 9.90383616555482 10.0257576107979 9.85004729265347 9.23135572345927 10.1150471398141 9.96013518585823 9.47711110720411 9.38973407144658 9.44914089329541 9.63811913342215 9.37527084117755 9.09879603446461 9.53412731247954 9.6280785438139 9.02492598234676 9.01510054823011 8.78072449937463 8.80726034333929 7.02218694798648 6.80846582632512 7.19933163607493 7.00712606357411 7.0548188642133 6.66933194175363 6.52661213232204 6.40648364950903 6.53629412944429
-9999 -9999 -9999 -9999 -9999 8.52737890800927 7.93014312256128 8.32208470976911 7.83810438448563 7.61219111829996 7.65115816844627 8.4730521463789 8.54405345860869 9.74533828673884 9.83355203829706 9.95905940840021 9.9748374777846 9.98129214253277 9.91746268002316 9.91602831007913 9.94973600376397 9.77474287059158 9.26087983814068 9.42332223430276 9.24241232511122 9.24366739881225 9.03317360952497 9.71665088785812 9.51297035580501 9.21820733230561 9.14075135532767 8.97508162679151 8.69537948770449 9.24223302886821 9.30391093646176 9.84215825796127 9.38602861575782 9.03532516444102 10.1451689086389 10.1010620328598 10.3917012427701 9.21820733230561 9.46205022279173 9.73924221447669 9.82602159609087 9.6359675785061 9.82100130128674 9.76004057866521 9.70852279150859 9.12075982423266 8.95213170768693 8.93312630592845 8.98996321496088 9.13845636341721 9.29150363644585 8.75490584038198 9.22251044213772 7.16669971984811 7.12044128915295 6.8357188552618 6.89811394782737 6.71738333487883
-9999 -9999 -9999 -9999 -9999 9.10871709324419 8.50030517531559 8.38878291216679 9.95977659337223 8.72980436636135 9.1701559391804 8.64661090960726 9.27916805492714 9.31395152607001 10.0350810154341 8.90766623942181 9.92893763957545 9.9267860846594 9.89953305572271 9.91244238521904 9.85148166259751 9.1619800304994 9.36714274482802 9.31538589601405 9.25535751385614 9.34676273853984 9.39176609553397 9.92535171471536 10.0451216050424 8.91176443926192 8.88937802263536 9.04536575404927 8.98942532623187 8.85244299657643 8.82805870752782 9.74533828673884 9.32291633822024 8.85602892143652 8.50699890172109 9.12784202583134 8.97544021927752 9.24940487858839 9.70159000344574 9.92427593725733 9.36666462151334 9.42547378921881 9.43981748865917 9.9070634979289 9.71127200056799 9.10399562551174 9.27859430694953 8.2977721392177 9.05737860233057 9.1183137112031 6.89273506053723 6.98991362424567 9.10811943910085 9.11134677147493 9.07369456044398 7.07238989602774 6.9551301531028 6.92070527444594
