EcologicalScience/Bass/data/rs_data_bass/sst_530.asc
NCOLS 226 
NROWS 124 
XLLCORNER -9.41648524995501 
YLLCORNER 47.587301625531 
CELLSIZE 0.0833 
NODATA_value -9999 
[rows 0 to 26 of 124, columns 62 to 123 of 226]
-9999 -9999 -9999 -9999 -9999 -9999 -9999 -9999 -9999 -9999 -9999 -9999 -9999 -9999 -9999 -9999 -9999 -9999 -9999 -9999 -9999 -9999 -9999 -9999 -9999 -9999 -9999 -9999 -9999 -9999 -9999 -9999 -9999 -9999 -9999 -9999 -9999 -9999 -9999 -9999 -9999 -9999 -9999 -9999 -9999 -9999 -9999 -9999 -9999 -9999 -9999 -9999 -9999 -9999 -9999 -9999 -9999 -9999 -9999 -9999 -9999 -9999
-9999 -9999 -9999 -9999 -9999 -9999 -9999 -9999 -9999 -9999 -9999 -9999 -9999 -9999 -9999 -9999 -9999 -9999 -9999 -9999 -9999 -9999 -9999 -9999 -9999 -9999 -9999 -9999 -9999 -9999 -9999 -9999 -9999 -9999 -9999 -9999 -9999 -9999 -9999 -9999 -9999 -9999 -9999 -9999 -9999 -9999 -9999 -9999 -9999 -9999 -9999 -9999 -9999 -9999 -9999 -9999 -9999 -9999 -9999 -9999 -9999 -9999
-9999 -9999 -9999 -9999 -9999 -9999 -9999 -9999 -9999 -9999 -9999 -9999 -9999 -9999 -9999 -9999 -9999 -9999 -9999 -9999 -9999 -9999 -9999 -9999 -9999 -9999 -9999 -9999 -9999 -9999 -9999 -9999 -9999 -9999 -9999 -9999 -9999 -9999 -9999 -9999 -9999 -9999 -9999 -9999 -9999 -9999 -9999 -9999 -9999 -9999 -9999 -9999 -9999 -9999 -9999 -9999 -9999 -9999 -9999 -9999 -9999 -9999
-9999 -9999 -9999 -9999 -9999 -9999 -9999 -9999 -9999 -9999 -9999 -9999 -9999 -9999 -9999 -9999 -9999 -9999 -9999 -9999 -9999 -9999 -9999 -9999 -9999 -9999 -9999 -9999 -9999 -9999 -9999 -9999 -9999 -9999 -9999 -9999 -9999 -9999 -9999 -9999 -9999 -9999 -9999 -9999 -9999 -9999 -9999 -9999 -9999 -9999 -9999 -9999 -9999 -9999 -9999 -9999 -9999 -9999 -9999 -9999 -9999 -9999
-9999 -9999 -9999 -9999 -9999 -9999 -9999 -9999 -9999 -9999 -9999 -9999 -9999 -9999 -9999 -9999 -9999 -9999 -9999 -9999 -9999 -9999 -9999 -9999 -9999 -9999 -9999 -9999 -9999 -9999 -9999 -9999 -9999 -9999 -9999 -9999 -9999 -9999 -9999 -9999 -9999 -9999 -9999 -9999 -9999 -9999 -9999 -9999 -9999 -9999 -9999 -9999 -9999 -9999 -9999 -9999 -9999 -9999 -9999 -9999 -9999 -9999
-9999 -9999 -9999 -9999 -9999 -9999 -9999 -9999 -9999 -9999 -9999 -9999 -9999 -9999 -9999 -9999 -9999 -9999 -9999 -9999 -9999 -9999 -9999 -9999 -9999 -9999 -9999 -9999 9.78999978117645 9.46733946196036 9.74533828673884 9.84000670304522 9.7833490902558 9.94184696907178 10.2072054087184 10.3370158886537 9.9626453332603 9.91244238521904 10.0357982004061 10.0279091657139 10.0121310963295 10.1770836398937 10.1598712005652 10.0802636686713 10.2323068827391 10.1942960792221 10.1448103161529 10.3033081949688 10.4402905246243 10.4897762876935 10.3778954320587 10.2201147382148 10.5328073860146 10.5457167155109 10.6188695826568 10.6102633629926 10.6647694208659 10.6339304670691 10.787408051081 10.8103579701856 10.828287594486 10.7752159065567
-9999 -9999 -9999 -9999 -9999 -9999 -9999 -9999 -9999 -9999 -9999 -9999 -9999 -9999 -9999 -9999 -9999 -9999 -9999 -9999 -9999 -9999 -9999 -9999 -9999 -9999 -9999 10.6473682486501 10.0852839634754 9.82351144868881 9.93754385923967 9.90383616555482 9.77904598042369 9.95619066851214 10.269600501284 10.1720633450896 10.110385437496 9.91029083030298 10.0243232408538 10.0558793796226 9.89738150080666 9.88734091119841 9.90527053549886 9.94901881879196 10.3535111430101 10.1641743103974 10.029343535658 9.85004729265347 10.5794244091958 10.546433900483 10.58803062886 9.08481092751026 10.7902767909691 10.5751212993637 10.6547288312577 10.4001281661913 10.6346476520412 10.8541062534787 10.9229560107924 11.0219275369309 10.868449952919 10.7952970857732
-9999 -9999 -9999 -9999 -9999 -9999 -9999 -9999 -9999 -9999 -9999 -9999 -9999 -9999 -9999 -9999 -9999 -9999 -9999 -9999 -9999 -9999 -9999 -9999 -9999 -9999 10.7707508517309 10.3391674435697 10.2093569636345 10.150547795929 9.96192814828828 9.85291603254154 10.1469618710689 10.1024964028038 10.1261635068804 10.0867183334194 10.0042420616373 10.148396241013 10.0063936165534 10.1426587612368 10.0795464836992 9.99922176683322 10.191427339334 10.0680715241469 10.2409131024033 10.0135654662736 9.75322732143104 9.9188970499672 10.4316843049601 10.508423096966 10.3972594263032 10.7996001956053 10.8971373517998 10.8490859586746 10.9602496293373 10.8784905425273 10.7250129585154 10.7580034672283 10.9394512651488 11.1273537278175 11.1754051209427 11.0147556872107
-9999 -9999 -9999 -9999 -9999 -9999 -9999 -9999 -9999 -9999 -9999 -9999 -9999 -9999 -9999 -9999 -9999 -9999 -9999 -9999 -9999 -9999 -9999 -9999 -9999 -9999 10.3951078713872 10.3470564782619 10.2789239059202 10.2954191602767 9.86510817706585 10.068788709119 9.96551407314837 10.1304666167125 10.0408184952103 10.0838495935313 10.0860011484474 10.1197088421322 10.2875301255845 10.2660145764239 10.2588427267037 10.2990050851367 10.2624286515638 10.2516708769836 10.6030915132724 10.3190862643532 10.0501418998465 9.38387706084177 9.71521651791409 10.9616839992814 10.4890591027215 10.6346476520412 11.1646473463625 10.9279763055965 10.9193700859323 10.9566637044773 10.8835108373314 11.1287880977616 11.0556352306157 11.1653645313345 11.2083956296556 11.2894375314936
-9999 -9999 -9999 -9999 -9999 -9999 -9999 -9999 -9999 -9999 -9999 -9999 -9999 -9999 -9999 -9999 -9999 -9999 -9999 -9999 -9999 -9999 -9999 -9999 -9999 -9999 10.390087576583 10.50985746691 10.1756492699496 10.1161229172722 10.0673543391749 10.2624286515638 10.1347697265446 10.1139713623561 10.0974761079997 10.0042420616373 10.1046479577199 10.0967589230277 10.2473677671514 10.3176518944092 10.4223609003238 10.4890591027215 10.4424420795403 10.6038086982444 10.5844447039999 10.7952970857732 10.7737815366127 10.0946073681116 10.2466505821794 10.7730643516406 10.7199926637113 10.7572862822562 10.7852564961649 10.9710074039176 10.908612311352 10.9566637044773 10.907177941408 11.1560411266983 11.2729422771372 11.3001953060739 11.3876918726601 11.4328745258972
-9999 -9999 -9999 -9999 -9999 -9999 -9999 -9999 -9999 -9999 -9999 -9999 -9999 -9999 -9999 -9999 -9999 -9999 -9999 -9999 -9999 -9999 -9999 -9999 9.23529611905266 10.6446882416494 10.4804528830573 10.3470564782619 10.271034871228 10.2817926458083 10.3413189984858 10.2531052469276 10.2222662931308 10.2237006630749 10.1548509057611 10.4073000159115 10.3068941198289 10.0522934547625 10.0487075299025 10.4818872530013 10.5442823455669 10.5134433917701 10.6590319410898 10.7730643516406 10.8397625540383 10.9265419356525 10.7716299816966 10.8957029818557 10.8512375135906 11.0484633808956 11.1230506179854 10.829004779458 10.5772728542797 10.3384502585977 10.8168126349337 11.1969206701033 10.9652699241415 11.0993835139088 11.2514267279766 11.1173131382093 11.3625903986394 11.423551121261
-9999 -9999 -9999 -9999 -9999 -9999 -9999 -9999 -9999 -9999 -9999 -9999 -9999 -9999 -9999 -9999 -9999 -9999 -9999 -9999 -9999 -9999 -9999 -9999 9.36535681362319 10.5012512472458 10.4410077095963 10.1369212814607 10.1268806918524 10.1641743103974 10.2115085185505 10.34992521815 10.3205206342973 10.3276924840175 10.2043366688304 10.2853785706684 10.4919278426096 10.3276924840175 10.2746207960881 10.3671376574785 10.348490848206 10.4324014899321 10.4797356980853 10.7838221262209 10.9767448836938 10.8462172187865 10.9387340801768 10.7902767909691 10.829004779458 11.1201818780974 11.1574754966423 11.3274483350106 11.2707907222211 10.6346476520412 10.668355345726 10.9996948027983 11.2048097047955 11.1144443983212 10.9968260629103 11.1087069185451 11.187597265467 11.4665822195821
-9999 -9999 -9999 -9999 -9999 -9999 -9999 -9999 -9999 -9999 -9999 -9999 -9999 -9999 -9999 -9999 -9999 -9999 -9999 -9999 -9999 -9999 -9999 7.74499982688576 10.0551621946506 10.2516708769836 10.2222662931308 10.2466505821794 10.2638630215079 10.1821039346978 10.429532750044 10.5299386461265 10.5801415941678 10.6231726924889 10.6238898774609 10.5579088600352 10.6382335769013 10.5808587791398 10.5693838195875 10.6332132820971 10.6597491260618 10.7938627158292 10.9667042940855 10.9781792536378 11.0104525773786 10.9918057681061 10.98606828833 10.8541062534787 10.987502658274 11.1323740226217 11.2736594621092 11.2456892482005 11.2521439129487 10.7250129585154 11.2578813927248 10.3628345476463 11.2205877741799 11.0305337565951 10.9638355541974 10.9028748315759 10.827570409514 11.384823132772
-9999 -9999 -9999 -9999 -9999 -9999 -9999 -9999 -9999 -9999 -9999 -9999 -9999 -9999 -9999 -9999 -9999 -9999 -9999 -9999 -9999 11.5552714959587 9.65389720280655 10.2401959174313 10.2645802064799 10.0759605588391 10.5980712184682 10.6418195017613 10.468977923505 10.5363933108747 10.6597491260618 10.667638160754 10.7823877562769 10.5844447039999 10.7013458544388 10.7522659874521 10.747245692648 10.8426312939264 10.9186529009603 10.8921170569956 10.9953916929662 11.0011291727424 10.9322794154286 10.9200872709043 10.7623065770604 10.9738761438057 10.8519546985626 10.8519546985626 10.9559465195052 11.1632129764184 11.1574754966423 11.2234565140679 11.2679219823331 11.2033753348514 11.2040925198235 10.6066774381325 10.9595324443653 11.0757164098322 11.0355540513992 10.6446882416494 11.1101412884891 11.1811426007189
-9999 -9999 -9999 -9999 -9999 -9999 -9999 -9999 -9999 -9999 -9999 -9999 -9999 -9999 -9999 -9999 -9999 -9999 -9999 -9999 -9999 9.46751875820337 10.2050538538024 10.2021851139143 10.4854731778614 10.4625232587568 10.3119144146331 10.6934568197466 10.6948911896907 10.6432538717054 10.5858790739439 10.5822931490839 10.5428479756229 10.5944852936082 10.7293160683475 10.7802362013608 10.745811322704 10.8741874326952 10.868449952919 10.8906826870516 10.9831995484419 10.9243903807364 10.90789512638 10.8806420974433 10.8117923401296 10.7601550221443 10.8153782649897 10.9494918547571 10.8870967621915 10.984633918386 10.9702902189456 11.385540317744 11.2456892482005 11.0441602710634 10.8928342419676 10.8232672996819 11.0176244270988 11.0807367046364 11.1904660053551 11.0032807276584 10.6303445422091 11.2815484968014
-9999 -9999 -9999 -9999 -9999 -9999 -9999 -9999 -9999 -9999 -9999 -9999 -9999 -9999 -9999 -9999 -9999 -9999 -9999 -9999 9.04999979771674 10.6002227733843 10.4015625361353 10.3578142528422 10.5980712184682 10.9710074039176 10.0594653044827 10.1275978768244 10.4108859407715 10.6783959353343 10.6145664728247 10.6224555075169 10.5528885652311 10.5342417559586 10.6217383225448 10.6195867676288 10.7529831724241 10.7759330915287 10.8885311321355 10.9007232766598 10.8469344037585 10.8964201668277 11.0484633808956 10.984633918386 11.1223334330134 10.8734702477232 11.0871913693845 10.7580034672283 11.1746879359707 11.3625903986394 11.225608068984 10.9000060916878 11.3374889246188 11.1581926816143 11.14600053709 10.9351481553167 11.1352427625097 11.4192480114289 11.4479354103096 11.4665822195821 11.3676106934436 11.3676106934436
-9999 -9999 -9999 -9999 -9999 -9999 -9999 -9999 -9999 -9999 -9999 -9999 -9999 -9999 -9999 -9999 -9999 -9999 -9999 9.28665865352377 10.5808587791398 10.6303445422091 10.589464998804 10.6819818601944 10.6798303052783 10.7300332533196 10.8569749933667 10.3850672817789 10.4245124552399 10.6367992069572 10.5772728542797 10.629627357237 10.5729697444476 10.6195867676288 10.7415082128718 10.8318735193461 10.9143497911282 10.8576921783388 10.8978545367718 10.8146610800177 10.6726584555581 11.0900601092726 11.0161900571547 11.0771507797763 10.8125095251016 11.0463118259795 10.8641468430869 11.3202764852904 10.230872512795 10.8318735193461 10.9215216408484 11.1338083925657 11.2342142886482 11.1029694387689 11.1431317972019 11.184728525579 11.5103305028751 11.3998840171844 11.3324686298147 11.1883144504391 10.7924283458851 10.9437543749809
-9999 -9999 -9999 -9999 -9999 -9999 -9999 -9999 -9999 -9999 -9999 -9999 -9999 -9999 -9999 -9999 7.28819848373532 8.60071107139811 10.5657978947274 10.9975432478823 10.7988830106333 10.6124149179086 10.9222388258204 11.0334024964832 11.06782737514 10.9423200050369 11.1108584734611 11.0785851497203 11.0879085543565 10.988219843246 10.9731589588337 10.8211157447658 10.7558519123122 10.8297219644301 10.8885311321355 10.8333078892902 10.8619952881709 10.7924283458851 10.8627124731429 10.4460280044004 10.428815565072 11.1108584734611 11.105838178657 11.025513461791 11.346812329255 11.1603442365304 11.2471236181445 10.5378276808187 10.9000060916878 10.8046204904094 10.9796136235818 10.9910885831341 11.0699789300561 11.0900601092726 11.544755381532 11.4959868034348 11.3561357338913 11.107272548601 10.9566637044773 10.8741874326952 10.6733756405301 11.3080843407661
-9999 -9999 -9999 -9999 -9999 -9999 -9999 -9999 -9999 -9999 -9999 -9999 -9999 -9999 -9999 -9999 7.96516616400331 8.57560959737748 12.3673665444367 10.9358653402887 11.2428205083124 11.2119815545157 11.2958921962418 11.2055268897675 11.1682332712226 11.2865687916055 11.3339029997587 11.1438489821739 11.184011340607 11.2994781211019 11.0369884213433 10.8641468430869 11.0506149358116 11.1402630573139 11.0083010224625 10.9329966004007 10.905743571464 10.7687612418085 10.7429425828159 10.7443769527599 11.0412915311754 11.146717722062 11.1230506179854 11.2170018493198 10.4854731778614 10.9043092015199 11.1280709127896 11.1438489821739 11.2198705892079 11.1603442365304 11.3747825431637 10.7436597677879 10.8318735193461 11.0635242653079 10.9896542131901 10.8419141089544 10.9294106755406 11.0800195196643 10.9408856350929 11.0075838374905 11.0032807276584 11.2715079071932
-9999 -9999 -9999 -9999 -9999 -9999 -9999 -9999 -9999 -9999 -9999 -9999 -9999 -9999 -9999 -9999 -9999 5.93499986734241 5.96487700298894 9.53221481922083 11.3898434275761 11.3754997281358 11.22417369904 11.2449720632285 11.2679219823331 11.345377959311 11.3884090576321 11.4343088958412 11.3740653581917 11.1667989012785 11.0527664907277 11.0577867855318 10.9731589588337 10.945905929897 10.9387340801768 11.0620898953639 10.9444715599529 10.9767448836938 11.0477461959235 11.1144443983212 11.0749992248602 10.8727530627511 10.8512375135906 10.6762443804182 10.7673268718645 11.0147556872107 11.026230646763 11.1438489821739 10.9516434096731 11.0326853115112 10.988219843246 10.9143497911282 10.945188744925 10.8799249124713 11.0914944792166 11.0950804040767 10.8067720453255 11.0936460341327 10.7128208139911 11.3597216587514 11.2478408031166 11.4135105316527
-9999 -9999 -9999 -9999 -9999 -9999 -9999 -9999 -9999 -9999 -9999 -9999 -9999 -9999 6.09499986376613 10.9652699241415 9.11906594656849 9.08818591561388 11.4500869652256 10.8605609182268 10.6920224498026 11.30593278585 11.3740653581917 11.5096133179031 11.4938352485187 11.4816431039944 11.5103305028751 11.506027393043 11.3754997281358 11.2234565140679 10.9100466812961 10.9509262247011 10.8017517505214 10.8203985597938 11.0793023346923 11.1696676411666 11.0778679647483 11.1395458723418 11.1208990630694 10.9344309703447 11.0957975890487 10.8741874326952 11.0334024964832 11.0599383404478 10.9365825252607 10.745811322704 11.3295998899266 11.4622791097499 11.3547013639472 11.1940519302152 10.8813592824154 10.9523605946451 11.0628070803359 11.0556352306157 11.104403808713 11.0219275369309 10.8455000338145 10.8806420974433 10.7709127967246 10.9007232766598 11.0154728721827 11.3747825431637
-9999 -9999 -9999 -9999 -9999 -9999 -9999 -9999 -9999 -9999 -9999 -9999 -9999 11.901913497597 12.0453504920006 11.6494643874466 11.6430097226985 11.9349040063098 11.6774346013553 11.5225226473995 11.6494643874466 11.2571642077528 11.2119815545157 11.2040925198235 11.2385173984803 11.2851344216615 11.2707907222211 11.1323740226217 11.227042438928 10.9903713981621 10.9831995484419 11.0864741844125 11.1818597856909 11.0821710745804 11.1108584734611 11.1366771324538 11.2406689533964 11.1883144504391 11.2370830285363 11.2629016875289 11.0520493057556 11.265053242445 11.225608068984 11.266487612389 11.2528610979207 11.1947691151872 11.1703848261386 11.1395458723418 11.1295052827336 11.0542008606717 10.9831995484419 11.2284768088721 11.1094241035171 11.0448774560355 11.0090182074346 11.0032807276584 11.0011291727424 10.9803308085538 11.0477461959235 11.0140385022387 11.1510208318941 11.465147849638
-9999 -9999 -9999 -9999 -9999 -9999 -9999 -9999 -9999 -9999 9.40999978967011 10.0280526027083 12.2848902726546 10.9946745079942 11.3948637223803 10.8799249124713 10.1448103161529 10.5407761079259 12.0546738966368 11.8875697981566 11.6322519481182 11.3733481732197 11.2779625719413 11.2284768088721 11.2528610979207 11.3547013639472 11.2679219823331 11.1675160862505 11.2736594621092 11.3382061095908 11.1316568376496 11.3798028379679 11.2872859765776 11.1029694387689 11.0864741844125 11.0843226294965 11.2227393290959 11.1746879359707 11.1639301613905 10.8462172187865 11.0871913693845 11.1158787682652 11.2614673175849 11.2822656817734 11.2299111788161 11.1962034851313 11.185445710551 11.2686391673051 11.0577867855318 11.2033753348514 11.2772453869693 11.3016296760179 11.2686391673051 11.227042438928 11.2715079071932 11.1503036469221 11.105838178657 11.1409802422859 11.1911831903271 11.2083956296556 11.2198705892079 11.7893154569902
-9999 -9999 -9999 -9999 -9999 -9999 -9999 -9999 -9999 -9999 11.3899997454137 10.0098998541944 9.9425219666925 11.6085848440416 11.505310208071 10.7419180328559 10.7399997599423 -9999 -9999 9.22999979369342 9.63999978452921 9.64278083574027 11.3403576645069 11.1259193578735 11.5512100462802 11.4508041501977 11.3554185489193 11.4880977687426 11.2937406413257 11.4378948207013 11.3518326240592 11.2012237799354 11.3224280402064 11.2571642077528 10.9559465195052 10.9616839992814 11.0047150976025 11.0699789300561 11.0950804040767 10.9186529009603 10.8483687737025 11.1818597856909 11.2729422771372 11.3360545546748 11.306649970822 11.345377959311 11.1115756584331 11.1416974272579 11.1216162480414 11.1890316354111 11.1596270515583 11.187597265467 11.2234565140679 11.2578813927248 11.2442548782565 11.1711020111106 11.1259193578735 11.2220221441239 11.2571642077528 11.2966093812138 11.506027393043 11.5225226473995
-9999 -9999 -9999 -9999 -9999 -9999 -9999 -9999 -9999 -9999 -9999 -9999 -9999 -9999 -9999 -9999 -9999 -9999 -9999 -9999 -9999 -9999 -9999 -9999 -9999 10.0903042582795 12.0482192318887 11.781426422298 11.782860792242 11.5576647110283 11.3353373697028 11.4063386819325 11.4034699420445 11.3654591385275 11.1352427625097 10.9609668143094 10.9645527391694 10.9774620686658 10.9996948027983 10.9788964386098 11.1711020111106 11.2005065949634 11.1954863001592 11.3324686298147 11.3762169131078 11.343943589367 11.2887203465216 11.2865687916055 11.2026581498794 11.1180303231813 11.1388286873698 11.1180303231813 11.1345255775377 11.2600329476409 11.1768394908868 11.2557298378088 11.4967039884068 11.5540787861682 11.5562303410843 11.5684224856086 12.0202490179799 12.2361216945574
-9999 -9999 -9999 -9999 -9999 -9999 -9999 -9999 -9999 -9999 -9999 -9999 -9999 -9999 -9999 -9999 -9999 -9999 -9999 -9999 -9999 -9999 -9999 -9999 -9999 10.6396679468453 11.4701681444421 11.5002899132669 11.2399517684244 11.3073671557941 11.2908719014376 11.263618872501 11.1682332712226 11.1395458723418 11.1402630573139 10.9896542131901 10.9222388258204 10.9000060916878 10.7752159065567 11.1352427625097 11.1431317972019 11.1904660053551 11.2442548782565 11.306649970822 11.4300057860091 11.4493697802536 11.3898434275761 11.4543900750577 11.4888149537146 11.4206823813729 11.3095187107101 11.2299111788161 11.2872859765776 11.2378002135083 11.3288827049546 11.5325632370077 11.5734427804127 11.6372722429223 11.6953642256558 11.8897213530727 12.1765953418799 12.3695180993527
-9999 -9999 -9999 -9999 -9999 -9999 -9999 -9999 -9999 -9999 -9999 -9999 -9999 -9999 -9999 -9999 -9999 -9999 -9999 -9999 -9999 -9999 -9999 -9999 -9999 -9999 -9999 11.2514267279766 11.1775566758588 11.1101412884891 11.1151615832932 10.8132267100736 10.74796287762 10.7544175423682 10.8096407852136 10.9093294963241 10.98606828833 10.9968260629103 11.0843226294965 11.343943589367 11.3740653581917 11.3403576645069 11.3138218205422 11.3747825431637 11.5139164277352 11.5942411446013 11.6559190521948 11.7132938499562 11.6394237978384 11.5139164277352 11.4981383583508 11.3919949824922 11.346095144283 11.266487612389 11.3805200229399 11.6157566937618 11.6681111967191 11.7154454048723 11.7756889425218 12.2325357696973 12.3121433015913 12.2899105674587
