EcologicalScience/Bass/data/rs_data_bass/sst_402.asc
NCOLS 226 
NROWS 124 
XLLCORNER -9.41648524995501 
YLLCORNER 47.587301625531 
CELLSIZE 0.0833 
NODATA_value -9999 
[rows 27 to 53 of 124, columns 62 to 123 of 226]
-9999 -9999 -9999 -9999 -9999 -9999 -9999 -9999 -9999 -9999 -9999 -9999 -9999 -9999 -9999 -9999 -9999 -9999 -9999 -9999 -9999 -9999 -9999 -9999 -9999 -9999 -9999 -9999 12.5299997199327 6.70973336184397 13.5951872165315 12.0994979573879 13.7723319046199 14.0599230783992 14.0075685754418 14.3589892117307 14.3202612232417 14.3080690787174 14.0807214425877 14.6437116456218 14.8581499522552 15.0159306460992 14.8882717210799 14.9836573223583 15.049638339784 15.8148747049272 15.0646992241964 15.2203283631243 14.9026154205203 14.9438535564113 15.0958967704792 14.8455992152449 14.7373042844702 14.691763038747 14.7659916833509 15.0822702560108 14.9155247500166 14.8312555158045 15.1088060999755 15.1608020104468 14.8549226198811 15.1873378544115
-9999 -9999 -9999 -9999 -9999 -9999 -9999 -9999 -9999 -9999 -9999 -9999 -9999 -9999 -9999 -9999 -9999 -9999 -9999 -9999 -9999 -9999 -9999 -9999 -9999 -9999 -9999 -9999 -9999 -9999 9.78499978128821 5.13485141309416 13.5801263321191 13.3527786959894 14.1015198067762 14.1251869108528 14.1058229166083 14.2212896971032 14.1596117895097 14.3597063967027 14.4887996916659 14.4572435528971 14.928434079513 14.4472029632889 15.0618304843083 14.729773842264 14.7749564955011 14.4984816887882 14.4619052552152 15.2547532417811 15.5050507970154 15.6248206873424 14.8864787586499 14.5741447033361 14.5863368478604 15.2615664990153 15.1554231231567 15.0711538889445 15.9999084277079 14.9908291720785 15.6549424561672 16.5901516596787
-9999 -9999 -9999 -9999 -9999 -9999 -9999 -9999 -9999 -9999 -9999 -9999 -9999 -9999 -9999 -9999 -9999 -9999 -9999 -9999 -9999 -9999 -9999 -9999 -9999 -9999 -9999 -9999 -9999 -9999 -9999 12.0549997305498 11.8136997460388 12.2124545904808 13.8003021185286 12.9472105943132 14.1423993501812 13.8648487660103 14.4457685933448 14.4887996916659 13.9552140724845 14.4472029632889 14.3231299631298 14.414212454576 14.6264992062934 14.6860255589709 14.5275276801549 14.3991515701637 14.6975005185232 14.3052003388293 14.5246589402668 15.0804772935808 15.1905651867855 15.8801385373808 15.130680241622 15.7388530978933 15.8787041674368 16.124698612839 15.648487791419 15.1715597850271 16.1799218556844 16.3735617981292
-9999 -9999 -9999 -9999 -9999 -9999 -9999 -9999 -9999 -9999 -9999 -9999 -9999 -9999 -9999 -9999 -9999 -9999 -9999 -9999 -9999 -9999 -9999 -9999 -9999 -9999 -9999 -9999 -9999 -9999 -9999 9.54021686487831 12.3903164635412 13.3298287768848 12.6549577182159 13.8182317428291 13.9587999973446 14.4608294777572 13.9939420609735 14.2772301249206 14.1409649802372 14.0416348616127 14.1302072056569 13.8289895174094 13.6102481009439 14.0649433732033 14.4672841425054 14.731208212208 15.130680241622 15.3501388430595 15.5330210109241 15.7912076008506 15.924604005646 15.7144688088447 15.8787041674368 15.8392589939758 15.9497054796666 15.9152806010097 15.8249152945355 16.2021545898169 16.3176213703118 15.8794213524088
-9999 -9999 -9999 -9999 -9999 -9999 -9999 -9999 -9999 -9999 -9999 -9999 -9999 -9999 -9999 -9999 -9999 -9999 -9999 -9999 -9999 -9999 -9999 -9999 -9999 -9999 -9999 -9999 -9999 -9999 -9999 11.1399997510016 11.5933805226348 13.3900723145343 13.45605333196 13.3599505457096 13.535660863854 13.4840235458687 13.5944700315595 13.9458906678483 14.1216009859927 14.1395306102931 13.973143696785 13.6496932744049 13.3427381063811 14.3023315989412 14.2958769341931 14.8810998713598 15.0553758195601 15.3752403170802 15.6814783001319 15.7811670112424 15.8966337917373 15.9618976241909 15.9604632542469 15.9683522889391 15.8894619420171 15.9181493408978 15.9791100635193 15.8944822368212 15.964049179107 15.9059571963735
-9999 -9999 -9999 -9999 -9999 -9999 -9999 -9999 -9999 -9999 -9999 -9999 -9999 -9999 -9999 -9999 -9999 -9999 -9999 -9999 -9999 -9999 -9999 -9999 -9999 -9999 -9999 -9999 -9999 -9999 -9999 -9999 12.2864840170369 13.2803430138156 13.3506271410733 13.3262428520247 13.4825891759247 13.3309045543429 13.6335566125344 13.3402279589791 14.0254981997423 14.0254981997423 13.7128055519424 13.494781320449 13.85409099143 14.095065142028 14.2277443618514 14.2951597492211 14.49023406161 14.7369456919841 14.9779198425822 15.0733054438606 15.2633594614454 15.7008422943763 15.8514511385001 16.0823846994899 16.1074861735106 16.084536254406 16.0687581850216 16.0988799538463 16.0637378902175 16.0099490173161
-9999 -9999 -9999 -9999 -9999 -9999 -9999 -9999 -9999 -9999 -9999 -9999 -9999 -9999 -9999 -9999 -9999 -9999 -9999 -9999 -9999 -9999 -9999 -9999 -9999 -9999 -9999 -9999 -9999 -9999 -9999 -9999 9.33496755119982 13.5299233840778 13.2781914588995 13.2602618345991 13.3059226111509 13.2275103875436 13.773766274564 13.482828237582 13.1304513546638 13.0773796667345 13.3298287768848 13.4316690429114 13.8576769162901 14.0972166969441 14.213400662411 14.0757011477835 14.1631977143697 14.1474196449853 14.610003951937 15.0195165709592 15.0718710739166 15.2468642070889 15.76610612683 16.0328989364207 16.1003143237904 16.1146580232307 16.164860971272 15.9855647282675 15.9489882946946 16.0034943525679
-9999 -9999 -9999 -9999 -9999 -9999 -9999 -9999 -9999 -9999 -9999 -9999 -9999 -9999 -9999 -9999 -9999 -9999 -9999 -9999 -9999 -9999 -9999 -9999 -9999 -9999 -9999 -9999 -9999 -9999 -9999 -9999 -9999 8.50632469412567 13.2294228808023 13.335566256661 12.9960987032391 13.1443169307895 13.444817434065 12.9102755682543 12.9984893198125 13.0465407129377 13.3298287768848 13.3025757479481 12.8471632907167 13.7967161936685 14.0972166969441 14.1804101536982 14.0491653038189 14.1825617086142 14.6767021543346 15.5559709300287 15.6255378723145 15.8514511385001 16.2078920695931 16.2731559020467 16.3290963298641 16.1053346185945 16.0615863353014 16.0558488555253 15.6198003925383 15.7388530978933
-9999 -9999 -9999 -9999 -9999 -9999 -9999 13.8236106301192 13.8163192495704 14.3995101626497 14.7555925012566 7.96456534618223 10.6980482098126 8.26520793878984 8.41999981179833 -9999 -9999 -9999 -9999 -9999 -9999 -9999 -9999 -9999 -9999 -9999 -9999 -9999 -9999 -9999 -9999 -9999 -9999 -9999 12.5047791850753 12.8450117358007 13.1146732852794 13.5417569361161 12.9174474179745 12.9317911174148 13.3154850774445 13.5141453146935 13.6080965460278 13.816797372885 12.7754447935149 13.5822778870352 13.617419950664 13.537095233798 13.7192602166906 13.7895443439484 14.5820337380283 14.5999633623287 15.5437787855044 15.7782982713543 16.205740514677 16.2953886361793 16.1347392024472 15.9927365779877 15.7775810863823 15.4225745252334 15.4146854905412 15.44624162931
-9999 -9999 -9999 -9999 16.079999640584 15.4297463749535 15.6909041597641 15.2791375308298 14.8255180360284 14.690328668803 14.9424191864673 19.9701715637382 -9999 -9999 -9999 -9999 -9999 -9999 -9999 -9999 -9999 -9999 -9999 -9999 -9999 -9999 -9999 -9999 -9999 -9999 -9999 -9999 -9999 -9999 12.8638019820675 13.0148052779259 13.1835230425932 12.698706001509 12.8815881693736 13.3943754243664 13.4094363087788 13.6683400836773 13.8189489278011 13.816080187913 13.9286782285199 13.9968108008616 13.8971220897511 13.9968108008616 14.1302072056569 13.8031708584167 14.4859309517778 14.3840906857513 15.3458357332274 15.3580278777517 16.0651722601615 16.4338053357787 16.0501113757491 16.0314645664766 16.3298135148361 15.4899899126031 15.808420040179 15.4197057853453
15.4813836929388 15.4598681437783 11.870559382764 15.6549424561672 15.6821954851039 15.4218573402613 15.2798547158018 16.4000976420939 16.404400751926 15.1376586597108 -9999 -9999 -9999 -9999 -9999 -9999 -9999 -9999 -9999 -9999 -9999 -9999 -9999 -9999 -9999 -9999 -9999 -9999 -9999 -9999 -9999 -9999 -9999 -9999 11.5099997427315 13.0555055250879 12.9880901377182 12.5222784983926 13.1627246784046 13.5277718291618 13.5786919621751 13.7895443439484 13.8748893556185 13.8605456561781 14.5052949460223 13.9587999973446 14.4651325875893 14.0204779049382 14.2399365063757 14.2248756219633 14.0807214425877 14.3238471481018 15.2662282013334 15.4677571784705 16.6202734285034 16.3111667055637 16.163426601328 16.1985686649568 16.5535752261057 16.9049958623946 16.3735617981292 15.0051728715189
15.6563768261112 16.2559434627183 16.2996917460114 15.5703146294691 15.6104769879021 15.8091372251511 16.4352397057228 16.6159703186713 16.565050185658 14.1599996834993 -9999 -9999 -9999 -9999 -9999 -9999 -9999 -9999 -9999 -9999 -9999 -9999 -9999 -9999 -9999 -9999 -9999 -9999 -9999 -9999 -9999 -9999 -9999 -9999 -9999 13.5299233840778 12.7098223685753 12.7159184408374 12.657826458104 13.8297067023814 13.854808176402 13.775200644508 13.7680287947878 13.8297067023814 13.7615741300397 13.6647541588172 14.0348216043785 14.4457685933448 10.6948911896907 14.4400311135687 14.1954710381106 15.0216681258753 15.2038331087679 14.9915463570505 15.3372295135632 16.1749015608802 15.4713431033306 16.6403546077199 16.6152531336993 15.9590288843028 16.1175267631188 15.1643879353069
15.7854701210745 15.6965391845442 16.1777703007683 15.6635486758314 16.2889339714311 16.522019087337 16.6640217117965 16.722830879502 8.49704092900912 -9999 -9999 -9999 -9999 -9999 -9999 -9999 -9999 -9999 -9999 -9999 -9999 -9999 -9999 -9999 -9999 -9999 -9999 -9999 -9999 -9999 -9999 -9999 -9999 -9999 -9999 -9999 12.4935910995118 12.6669108010828 13.1031983257271 13.2767570889555 13.6303292801604 13.773049089592 13.6611682339571 13.6597338640131 12.0998565498739 14.5798821831122 13.9602343672886 13.9050111244433 14.2263099919073 14.4622638477013 14.1911679282784 14.852412472479 14.4185155644082 14.6078523970209 15.3831293517724 15.2719656811096 15.3938871263526 15.4024933460169 15.5021820571274 15.6642658608034 15.8256324795075 14.4672841425054
15.5366069357842 15.6642658608034 15.7431562077254 16.3585009137169 16.4287850409746 16.4538865149952 16.5535752261057 15.4778874162002 12.7897884929553 -9999 -9999 -9999 -9999 -9999 -9999 -9999 -9999 -9999 -9999 -9999 -9999 -9999 -9999 -9999 -9999 -9999 -9999 -9999 -9999 -9999 -9999 -9999 -9999 -9999 -9999 -9999 -9999 -9999 -9999 -9999 3.90217413311824 12.1644031973556 13.6052278061397 14.5576494489796 13.7651600548998 13.7551194652915 13.8031708584167 12.2891933824867 14.3848078707233 14.0441450090148 15.0790429236367 14.9556871084496 15.0797601086088 15.0403149351478 15.2597735365853 15.1672566751949 15.0962553629652 15.3322092187591 15.4907070975751 15.6104769879021 15.7912076008506 15.7546311672777
15.2067018486559 15.9497054796666 15.9905850230716 16.3090151506476 16.2925198962912 16.4875942086801 16.1333048325032 15.6709595872089 14.0649996856228 -9999 -9999 -9999 -9999 -9999 -9999 -9999 -9999 -9999 -9999 -9999 -9999 -9999 -9999 -9999 -9999 -9999 -9999 -9999 -9999 -9999 -9999 -9999 -9999 -9999 -9999 -9999 -9999 -9999 -9999 -9999 -9999 -9999 -9999 10.8902918856597 13.7615741300397 13.7981505636126 13.8999908296391 14.2399365063757 14.2019257028587 14.610003951937 14.6365397959016 15.4197057853453 14.531830789987 14.9234137847088 15.2267830278724 14.6336710560136 14.9097872702405 15.2741172360256 10.0903042582795 15.1887722243555 15.5839411439374 14.3102206336334
15.8772697974928 15.5703146294691 15.8385418090038 15.3028046349064 15.8951994217932 15.900697839912 15.9169540326111 16.1304360926151 16.6009094342589 14.9449996659532 -9999 -9999 -9999 -9999 -9999 16.1899624452926 -9999 -9999 -9999 -9999 -9999 -9999 -9999 -9999 -9999 -9999 -9999 -9999 -9999 -9999 -9999 -9999 -9999 -9999 -9999 -9999 -9999 -9999 -9999 -9999 -9999 -9999 -9999 -9999 4.17805859629545 13.7651600548998 13.6798150432296 14.3173924833536 14.0649433732033 14.374050096143 14.2786644948646 14.5397198246792 14.2169865872711 14.6351054259576 14.3141651509795 14.2958769341931 14.9750511026941 14.6322366860695 14.5648212986998 14.7347941370681 14.4206671193242 14.3166752983816
15.9224524507299 15.9532914045267 15.9116946761496 15.1098818774335 15.8679463928565 15.9131290460937 15.9518570345826 15.6129871353041 15.9120532686356 15.6602496249601 15.7999996468425 -9999 -9999 -9999 -9999 -9999 -9999 -9999 -9999 -9999 -9999 -9999 -9999 -9999 -9999 -9999 -9999 -9999 -9999 -9999 -9999 -9999 -9999 -9999 -9999 -9999 -9999 -9999 -9999 -9999 -9999 -9999 -9999 -9999 -9999 7.17999983951449 12.3738212091848 13.7167500692885 13.7038407397922 13.5543076731265 13.8630558035802 13.7533265028615 13.8103427081369 13.7572710202076 14.2090975525789 14.0559785610531 13.4696798464283 15.1098818774335 13.6998962224461 14.0563371535391 13.9896389511414 14.2241584369913
15.7976622655988 16.0285958265886 15.9504226646386 16.0185552369803 16.4416943704709 16.5750907752663 16.4768364340998 15.9848475432955 15.6943876296282 15.7583963883808 15.5876705057919 16.6362756181916 -9999 -9999 16.1303117805533 -9999 20.2342026541675 21.7993809731405 -9999 -9999 -9999 -9999 -9999 -9999 -9999 -9999 -9999 -9999 -9999 -9999 -9999 -9999 -9999 -9999 -9999 -9999 -9999 -9999 -9999 -9999 -9999 -9999 -9999 -9999 -9999 8.8399998024106 11.5749997412786 11.5242618209566 13.2817773837596 13.6893177441088 13.4739829562604 13.2652821294032 13.1878261524253 13.4754173262045 13.2753227190115 13.4438611874357 13.5471358234063 13.8275551474653 13.4990844302811 13.6116824708879 14.0312356795184 13.9250923036598
15.0159306460992 15.847148028668 16.1390423122793 16.323358850088 16.4122897866182 16.4718161392957 16.5040894630365 16.5363627867773 16.5284737520851 16.5958891394548 16.5564439659938 15.9461195548065 17.4599996097386 16.1074861735106 15.0682851490565 15.4051230242476 16.3463087691925 12.0460281263308 -9999 -9999 -9999 -9999 -9999 -9999 -9999 -9999 -9999 -9999 -9999 -9999 -9999 -9999 -9999 -9999 -9999 -9999 -9999 -9999 -9999 -9999 -9999 -9999 -9999 -9999 -9999 -9999 -9999 -9999 10.9710074039176 12.4857817520387 13.5600451529026 12.9023865335621 13.1326029095799 13.0515610077418 11.7878810870461 12.7661213888787 13.5141453146935 13.3240912971087 13.3298287768848 13.3197881872766 13.9444562979043 14.1302072056569
14.9528183685616 15.5323038259521 15.8579058032483 15.4950102074072 15.4620196986943 15.4397869645618 16.4926145034842 16.605212544091 16.4395428155549 15.8427014818415 15.8317285517696 15.7015594793484 15.5787774121389 15.7369884169661 15.5337381958961 15.6397381347604 15.6399996504188 19.7938498280763 -9999 -9999 -9999 -9999 -9999 -9999 -9999 -9999 -9999 -9999 -9999 -9999 -9999 -9999 -9999 -9999 -9999 -9999 -9999 -9999 -9999 -9999 -9999 -9999 -9999 -9999 -9999 -9999 -9999 -9999 13.2706610166933 12.9393932781182 12.684505739063 13.1208888883702 13.2994679464027 12.8120212270878 13.2925351583399 13.2466353201307 12.8378398860805 13.0702078170143 13.4897610256448 13.2247611784842 14.1675008242019 14.2614520555362
15.2640766464174 15.3422498083673 15.4763633981347 15.8636432830244 15.7962278956547 16.0228583468124 16.1777703007683 16.2946714512073 16.5987578793429 16.6496780123562 16.5284737520851 16.4976347982883 16.7099215500057 16.8748740935698 15.925321190618 16.1846552764997 15.9449996436015 -9999 -9999 -9999 -9999 -9999 -9999 -9999 -9999 -9999 -9999 -9999 -9999 -9999 -9999 -9999 -9999 -9999 -9999 -9999 -9999 -9999 -9999 -9999 -9999 -9999 -9999 -9999 -9999 -9999 -9999 -9999 13.3266014445107 13.4899403218878 13.1155697664944 13.0945921060629 13.2949257749133 12.9346598573029 12.8378398860805 13.1096529904753 12.9152958630584 13.1003295858391 12.9102755682543 13.097460845951 13.7956404162105 13.9631031071767
15.4132511205971 15.2705313111655 15.3221686291508 11.1402630573139 15.8492995835841 16.0594347803853 16.2925198962912 16.5908688446507 14.1187322461046 16.9286629664712 16.7034668852575 16.9121677121148 17.0749687007628 16.9057130473666 15.5143742016517 6.69999985024333 -9999 -9999 -9999 -9999 -9999 -9999 -9999 -9999 -9999 -9999 -9999 -9999 -9999 -9999 -9999 -9999 -9999 -9999 -9999 -9999 -9999 -9999 -9999 -9999 -9999 -9999 -9999 -9999 -9999 -9999 -9999 -9999 12.0258749356493 13.4834497978911 13.2535202958621 13.257034502225 12.9980111964978 12.9764956473373 11.4170964565128 12.8851740942337 13.1799371177331 13.178502747789 12.8263649265282 13.4442197799217 13.9254508961458 14.014740425162
14.5648212986998 14.6623584548943 15.4670399934985 15.5645771496929 15.8191778147593 15.9755241386592 16.7802056772634 16.764427607879 16.8461866946891 16.840449214913 16.9021271225065 16.7142246598378 16.8174992958084 17.1947385910898 16.329644765431 -9999 -9999 -9999 -9999 -9999 -9999 -9999 -9999 -9999 -9999 -9999 -9999 -9999 -9999 -9999 -9999 -9999 -9999 -9999 -9999 -9999 -9999 -9999 -9999 -9999 -9999 -9999 -9999 -9999 -9999 -9999 -9999 -9999 -9999 12.1068527624581 13.5471358234063 13.3707083202899 12.8801537994295 12.65997801302 12.6563920881599 12.6485030534677 13.4015472740866 13.0300454585813 13.4804376210086 13.6181371356361 14.0563371535391 14.2298959167674
13.5578935979865 15.406796455849 15.4297463749535 15.5028992420994 15.5982848433778 15.888027572073 14.9399090390652 16.681951336097 16.5836969949305 15.725226583425 15.4324358185986 15.5851962176384 16.7579729431309 16.8648335039616 16.0787987746298 15.2932246228031 -9999 -9999 -9999 -9999 -9999 -9999 -9999 -9999 -9999 -9999 -9999 -9999 -9999 -9999 -9999 -9999 -9999 -9999 -9999 -9999 -9999 -9999 -9999 -9999 -9999 -9999 -9999 -9999 -9999 -9999 6.99535227695014 8.15373038343229 7.10499984119087 -9999 11.5949583295733 12.3492576238932 12.6164687913842 13.3273186294828 13.3416623289231 12.9540238515474 13.1605731234886 13.1993011119775 13.6052278061397 14.9901119871065 14.6164586166851 15.0195165709592
15.5122226467356 15.4677571784705 14.8552812123671 14.4436170384288 15.7610858320259 12.0202490179799 16.0034943525679 16.1290017226711 16.2717215321027 16.2251045089215 15.5229804213159 15.5711115016602 16.8002868564799 16.2200842141174 14.4090789200395 -9999 -9999 -9999 -9999 -9999 -9999 -9999 -9999 -9999 -9999 -9999 -9999 -9999 -9999 -9999 -9999 -9999 -9999 -9999 -9999 -9999 -9999 -9999 -9999 -9999 -9999 -9999 -9999 -9999 -9999 -9999 -9999 -9999 8.44083523044488 15.2848750106059 15.0973311404232 14.3248716980618 14.371360652498 14.3206198157277 13.9243751186877 13.8411816619337 13.6285363177303 13.5184484245256 13.1849574125372 14.533265159931 14.7068239231594 14.772804940585
15.0274056056514 15.6104769879021 15.3974730512127 15.5760521092452 15.7725607915781 14.251411465928 15.8729666876607 15.9159977859817 16.1612750464119 16.4137241565622 16.7049012552015 15.4010589760728 16.7249824344181 15.6517151237931 14.4899996761233 -9999 -9999 -9999 -9999 -9999 -9999 -9999 -9999 -9999 -9999 -9999 -9999 -9999 -9999 -9999 -9999 -9999 -9999 -9999 -9999 -9999 -9999 -9999 -9999 -9999 -9999 -9999 -9999 -9999 -9999 -9999 -9999 -9999 -9999 -9999 14.5621574688038 15.0421078975778 14.8366344030946 14.6175343941431 14.1000854368322 13.9602343672886 13.7041993322782 13.5249030892737 13.536378048826 14.2872707145289 14.4034546799958 14.3876766106114
14.9549699234776 15.6563768261112 15.5387584907003 15.4505447391421 12.140018908307 15.7704092366621 15.9303414854221 13.8497878815979 16.1053346185945 16.4624927346595 16.6267280932516 16.603778174147 15.4014175685588 15.3769137486815 15.8077803887175 -9999 -9999 -9999 -9999 -9999 -9999 -9999 -9999 -9999 -9999 -9999 -9999 -9999 -9999 -9999 -9999 -9999 -9999 -9999 -9999 -9999 -9999 -9999 -9999 -9999 -9999 -9999 -9999 -9999 -9999 -9999 -9999 -9999 -9999 -9999 -9999 -9999 14.5099996756762 14.3389080325142 15.1618777879048 14.8438062528148 16.4000976420939 17.2119510304183 15.2798547158018 14.4680013274774 14.6835154115688 14.6379741658457
