EcologicalScience/Bass/data/rs_data_bass/sst_510.asc
NCOLS 226 
NROWS 124 
XLLCORNER -9.41648524995501 
YLLCORNER 47.587301625531 
CELLSIZE 0.0833 
NODATA_value -9999 
[rows 0 to 26 of 124, columns 0 to 61 of 226]
-9999.000000000000000 -9999 -9999 -9999 -9999 -9999 -9999 -9999 -9999 -9999 -9999 -9999 -9999 -9999 -9999 -9999 -9999 -9999 -9999 -9999 -9999 -9999 -9999 -9999 -9999 -9999 -9999 -9999 -9999 -9999 -9999 -9999 -9999 -9999 -9999 -9999 -9999 -9999 -9999 -9999 -9999 -9999 -9999 -9999 -9999 -9999 -9999 -9999 -9999 -9999 -9999 -9999 -9999 -9999 -9999 -9999 -9999 -9999 -9999 -9999 -9999 -9999
-9999 -9999 -9999 -9999 -9999 -9999 -9999 -9999 -9999 -9999 -9999 -9999 -9999 -9999 -9999 -9999 -9999 -9999 -9999 -9999 -9999 -9999 -9999 -9999 -9999 -9999 -9999 -9999 -9999 -9999 -9999 -9999 -9999 -9999 -9999 -9999 -9999 -9999 -9999 -9999 -9999 -9999 -9999 -9999 -9999 -9999 -9999 -9999 -9999 -9999 -9999 -9999 -9999 -9999 -9999 -9999 -9999 -9999 -9999 -9999 -9999 -9999
-9999 -9999 -9999 -9999 -9999 -9999 -9999 -9999 -9999 -9999 -9999 -9999 -9999 -9999 -9999 -9999 -9999 -9999 -9999 -9999 -9999 -9999 -9999 -9999 -9999 -9999 -9999 -9999 -9999 -9999 -9999 -9999 -9999 -9999 -9999 -9999 -9999 -9999 -9999 -9999 -9999 -9999 -9999 -9999 -9999 -9999 -9999 -9999 -9999 -9999 -9999 -9999 -9999 -9999 -9999 -9999 -9999 -9999 -9999 -9999 -9999 -9999
-9999 -9999 -9999 -9999 -9999 -9999 -9999 -9999 -9999 -9999 -9999 -9999 -9999 -9999 -9999 -9999 -9999 -9999 -9999 -9999 -9999 -9999 -9999 -9999 -9999 -9999 -9999 -9999 -9999 -9999 -9999 -9999 -9999 -9999 -9999 -9999 -9999 -9999 -9999 -9999 -9999 -9999 -9999 -9999 -9999 -9999 -9999 -9999 -9999 -9999 -9999 -9999 -9999 -9999 -9999 -9999 -9999 -9999 -9999 -9999 -9999 -9999
-9999 -9999 -9999 -9999 -9999 -9999 -9999 -9999 -9999 -9999 -9999 -9999 -9999 -9999 -9999 -9999 -9999 -9999 -9999 -9999 -9999 -9999 -9999 -9999 -9999 -9999 -9999 -9999 -9999 -9999 -9999 -9999 -9999 -9999 -9999 -9999 -9999 -9999 -9999 -9999 -9999 -9999 -9999 -9999 -9999 -9999 -9999 -9999 -9999 -9999 -9999 -9999 -9999 -9999 -9999 -9999 -9999 -9999 -9999 -9999 -9999 -9999
-9999 -9999 -9999 -9999 -9999 9.15318256150931 9.46133303781971 9.52354883414228 9.08158359513618 9.11600847379304 8.49385051056743 9.16370127443224 9.32482883147895 9.30618202220649 9.46527755516581 9.28024383238517 9.27307198266499 9.14541305764578 9.06383326707873 7.84264655597508 7.77547023026273 6.59445783067495 7.87471496972388 7.77243414721452 10.5220822107513 11.0549997529015 10.7985870295337 9.28849145956337 9.29422893933952 8.93276771344244 8.85244299657643 9.41157833038596 7.08999984152615 -9999 12.3249997245148 -9999 -9999 12.2299997266382 -9999 10.9082680625655 11.8517822680529 9.18772697099485 11.0849997522309 -9999 -9999 -9999 -9999 -9999 -9999 -9999 -9999 -9999 -9999 -9999 -9999 -9999 -9999 -9999 -9999 -9999 -9999 -9999
-9999 -9999 -9999 -9999 -9999 9.33821628428996 9.73931393297389 9.80898845300544 8.08577226148918 8.5006637678016 9.33271786617115 9.58199940936174 9.60548721719533 9.45989866787568 8.93013803521171 9.15294349985197 9.25424587714951 9.20673237275332 9.19041641463991 8.82160404277965 8.01309751765803 6.5010803473182 8.89414217994948 8.36771560361376 13.2649997035041 12.6037507112138 9.3612857342232 9.27988523989916 9.1221045460552 9.19131289585494 9.18718908226583 8.29705495424569 11.5389282536344 12.9057980080236 11.7639271089807 11.0499997530133 12.0099997315556 -9999 -9999 10.7142551839352 10.8499997574836 9.6368839815259 8.32942390264943 10.2845589307004 12.6982489718699 12.4049997227266 -9999 -9999 -9999 -9999 -9999 -9999 -9999 -9999 -9999 -9999 -9999 -9999 -9999 -9999 -9999 -9999
-9999 -9999 -9999 -9999 -9999 9.74641406419687 9.84990385565907 9.7358355858596 9.8991744632367 9.87156284181401 9.2497634710744 9.3853114307858 9.26697591040283 9.41734569286928 8.57919552223757 8.76996672479436 9.19875368993962 8.63349667011893 9.38423565332778 8.2855082761962 8.9031838333467 9.02492598234676 9.6840189716313 8.94065674813464 11.2849997477606 11.8849997343495 9.56066315644421 9.18880274845287 9.15043335244991 9.03335290576797 8.59449546830729 8.4450819324702 8.54763938346878 8.25168105168268 9.27366963680834 11.7049997383729 -9999 12.3099997248501 12.0549997305498 -9999 12.5099997203797 11.606218133634 7.24284085771069 8.09653003606945 11.2549997484311 -9999 -9999 -9999 -9999 -9999 -9999 -9999 -9999 -9999 -9999 -9999 -9999 -9999 -9999 -9999 -9999 -9999
-9999 -9999 -9999 -9999 -9999 9.7557374688331 9.32004759833217 9.94435711647384 10.0225302784238 10.0867183334194 9.10584835335612 9.56245611887425 9.5165562806651 9.01524398522452 8.63421385509095 8.68641467555426 9.40306175884325 9.37921535852365 9.18136195436819 9.27952664741315 8.75400935916696 8.69286934030242 8.30570898624137 9.16394542250782 13.1149997068569 9.34357126541436 9.04823449393734 8.84407583856955 8.99121828866191 9.01596117019653 8.95912426116411 8.60573136620224 8.80403301096521 8.76709798490629 8.64732809457928 8.20023498302326 14.0270760066807 12.8599997125566 -9999 -9999 -9999 -9999 -9999 -9999 -9999 -9999 9.33499979134649 -9999 -9999 -9999 -9999 -9999 -9999 -9999 -9999 -9999 -9999 -9999 -9999 -9999 -9999 -9999
-9999 -9999 -9999 -9999 -9999 10.0581743715331 10.1053651426919 10.0081865789834 9.44746746169403 8.30738241784275 9.89738150080666 9.9387733191917 9.15318256150931 9.60584580968134 9.3998941918835 9.35142444085795 9.54012092974569 9.59042633278295 9.49790947139263 9.02044357627165 9.22035888722166 9.27486494509503 6.81664173500612 9.451402784361 8.40387138061655 9.74298182183078 9.31287574861199 9.29279456939548 8.87252417579293 8.84455396188423 8.76817376236431 8.79399242135696 9.0026932482142 8.91770682903007 8.76494642999023 8.67135379114188 8.53473005397245 8.06407741608564 8.25154444502135 9.23930452356581 7.18929104646668 13.4199997000396 -9999 12.0083676536102 12.1912397963085 12.784999714233 12.0949997296557 -9999 -9999 -9999 -9999 -9999 -9999 -9999 -9999 -9999 -9999 -9999 -9999 -9999 -9999 -9999
-9999 -9999 -9999 -9999 -9999 10.0167927986477 10.0114139113575 9.82838830649853 8.53616442391649 9.73260825348552 9.73762854828965 9.72181461965665 9.68437756411731 9.6997253225185 9.82387004117481 9.85578477242962 9.78777173091657 9.66752371727489 9.69011504389346 9.49504073150456 8.81036814488471 8.63800468994305 7.52421642839909 9.36219600745692 9.76075776363723 8.8314653361449 9.30498671391979 9.18258714536205 8.56772056268528 8.49265520228073 9.09341714717448 9.05325478874147 8.49887080537155 8.96826836955734 7.81313951712634 6.77475813264027 8.07124926580582 8.12055573263206 8.52994882082567 8.73088014381938 9.01853108301293 8.32220424059778 9.62329731066711 12.7914892458889 12.7349997153506 12.039999730885 -9999 -9999 -9999 -9999 -9999 -9999 -9999 -9999 -9999 -9999 -9999 -9999 -9999 -9999 -9999 -9999
-9999 -9999 -9999 -9999 -9999 10.0515762697905 9.98846399225295 9.63005080248695 9.86098436347675 9.99563584197313 10.0089037639555 9.71629229537211 9.75107576651499 9.78908657003194 9.92642749217339 9.86259802966379 9.39845982193947 9.86439099209383 9.59580522007309 9.53412731247954 9.32506789313629 9.16370127443224 11.6103886729106 9.33424786077812 8.61684773326851 8.79363382887095 8.2736747241579 8.81730093294755 9.193823043257 9.11493269633502 9.07261878298596 8.96253088978119 8.93169193598442 8.8273415225558 8.68175297323614 8.43002104805782 9.81813256139867 9.70386108919047 9.93489579165068 8.16717275581323 8.89341218810296 8.55879559414461 11.9461638103705 13.0699997078627 -9999 -9999 12.2549997260794 -9999 -9999 -9999 -9999 -9999 -9999 -9999 -9999 -9999 -9999 -9999 -9999 -9999 -9999 -9999
-9999 -9999 -9999 -9999 -9999 9.61696217674762 9.70661029824987 9.74497969425283 9.76422415766865 9.71521651791409 9.83032470592298 9.79661701223813 9.24641660787165 9.85650195740163 9.70732748322189 8.05882659754051 7.82005522935651 9.53000349889044 9.36361658538226 9.3372600376606 9.08785896364134 8.70886256517842 7.3453504963778 8.73482466116548 9.10991240153089 8.10269782682881 9.22155419550836 9.43264563893899 8.8553117364645 9.24474317627028 9.1701559391804 8.75849176524207 8.82554856012575 9.03532516444102 9.01667835516855 8.56939399428666 9.33480965567287 8.30635786788272 9.7474898416549 8.70386617654003 7.95918911392801 8.64616266899975 9.72406179923564 10.809484875437 -9999 12.1299997288734 -9999 -9999 -9999 -9999 -9999 -9999 -9999 -9999 -9999 -9999 -9999 -9999 -9999 -9999 -9999 -9999
-9999 -9999 -9999 -9999 -9999 9.68963692057878 9.66477450821549 9.78370768274181 9.94471570895985 10.0501418998465 9.80127871455625 9.58899196283892 9.92535171471536 9.52534179657232 7.78225958133116 9.75197224773001 9.76884601637721 9.32255774573423 9.36092714173719 8.67003895202652 7.91436505317688 9.25801109825261 9.26590013294481 8.91806542151608 9.19418163574301 9.03173923958093 9.15652942471206 9.10525069921277 9.1221045460552 9.15150912990794 9.00018310081214 8.94531845045276 9.03030486963689 8.90981779433787 8.35430680601192 8.14171268930659 8.15784935117699 8.62820316199213 8.06497389730066 8.6170469513163 9.52516250032932 9.01616608018854 13.1051820288412 12.929999710992 11.8749997345731 -9999 -9999 -9999 -9999 -9999 -9999 -9999 -9999 -9999 -9999 -9999 -9999 -9999 -9999 -9999 -9999 -9999
-9999 -9999 -9999 -9999 -9999 10.1727805300616 9.54476555623114 9.43431907054037 9.61983091663569 9.9346751193516 9.8751487666741 9.9346751193516 9.89020965108648 10.070223079063 9.53771323733963 8.89074067408219 9.48308764863759 9.57966855820268 9.1818101949757 8.78670104080811 9.0783562627621 9.15509505476803 9.15509505476803 8.83236181735992 8.93420208338648 9.01739554014057 8.98344878479838 9.24366739881225 9.07261878298596 9.19167148834094 9.04106264421716 8.82877589249983 8.57446210142225 8.54319283664227 8.70075837499462 8.72101885045413 8.20171716529876 8.70326852239668 11.3609169670381 9.88743055931991 10.5849997634068 -9999 -9999 -9999 -9999 -9999 -9999 -9999 -9999 -9999 -9999 -9999 -9999 -9999 -9999 -9999 -9999 -9999 -9999 -9999 -9999 -9999
-9999 -9999 -9999 -9999 -9999 8.43934445269406 7.09892573999241 9.95977659337223 7.95524459658191 9.82494581863284 9.2162948390469 9.10226242849603 9.73529769713059 9.48500014189631 9.63040939497296 9.66501356987283 9.0334126711823 8.91029591765255 8.77594326622784 9.86510817706585 8.80152286356315 9.59472944261506 9.28490553470328 9.15473646228202 9.39033172558993 9.3853114307858 9.53556168242358 8.99301125109196 8.88376007368788 8.88949755346403 8.35005492367782 7.2577822112944 9.00143817451317 8.71054282711287 10.6946105520929 8.60477511957288 9.0880781034939 8.88641963462578 11.7894774019838 10.9636060550064 9.33690144517459 10.5249997647479 -9999 -9999 -9999 -9999 -9999 13.2249997043982 13.2249997043982 -9999 -9999 -9999 -9999 -9999 -9999 -9999 -9999 -9999 -9999 -9999 -9999 -9999
-9999 -9999 -9999 -9999 -9999 7.00820184103213 8.81993061117828 7.0229041329585 7.162396610016 7.7240241616033 9.61983091663569 9.7596819861792 9.56532485876232 9.91459394013509 9.88963590310886 9.29685861757025 9.83197423135862 8.97675505839288 9.63489180104807 9.8153355400078 9.5565752021037 9.46836145054549 9.23506117914803 9.2773750924971 9.27558213006705 9.33421200152952 9.07548752287403 8.79972990113311 8.89224676252343 8.92111345764715 8.21328774951398 8.33217652687537 9.05719930608757 8.85889766132459 8.85674610640854 8.88973661512136 9.14042536215857 11.9568020541221 -9999 -9999 -9999 -9999 -9999 -9999 -9999 -9999 -9999 -9999 -9999 -9999 -9999 -9999 -9999 -9999 -9999 -9999 -9999 -9999 -9999 -9999 -9999 -9999
-9999 -9999 -9999 -9999 -9999 9.3943957737647 9.77127647656016 9.41411836049519 9.80787681629881 9.61893443542067 9.72525710752234 9.9188970499672 9.77402568561956 9.66214482998475 7.99277727678418 8.56676431605592 9.21318703750148 9.87248493677803 9.45487837307155 9.74232610985637 9.79611498275772 9.5445264945738 9.24474317627028 9.36809899145737 8.55194249330088 9.10955380904488 9.04016616300214 8.94908367155585 8.85997343878262 8.33477888377383 9.06455045205075 8.96020003862213 8.83021026244387 8.89977720472962 8.73482466116548 8.44549175245421 8.75045929355547 8.11947995517403 8.16968290321529 10.003296681447 11.6199997402728 -9999 -9999 -9999 -9999 -9999 -9999 -9999 -9999 -9999 -9999 -9999 -9999 -9999 -9999 -9999 -9999 -9999 -9999 -9999 -9999 -9999
-9999 -9999 -9999 -9999 -9999 9.93861963669769 9.82028411631472 9.70661029824987 9.57966855820268 9.06759848818183 9.15366068482399 9.53520308993757 9.46993925748393 9.06186100840569 7.85722931707278 9.6678823097609 9.70463803957682 9.18916134093888 9.70753239321389 9.71511406291808 9.76470228098333 9.88764827618641 9.72970365434885 9.47495955228806 9.20960111264139 9.23470258666202 9.17266608658247 9.06598482199479 8.98637729010079 8.9908596961759 9.03227712830994 9.0623988971347 8.96073792735115 8.95313576664776 8.89260535500944 8.24427014030516 7.94172053710957 8.86951199891046 9.77502974458039 12.6049997182563 -9999 -9999 -9999 13.0149997090921 9.74933403158294 12.2449997263029 -9999 -9999 -9999 -9999 -9999 -9999 -9999 -9999 -9999 -9999 -9999 -9999 -9999 -9999 -9999 -9999
-9999 -9999 -9999 -9999 -9999 9.87586595164612 9.71521651791409 9.93551183515228 9.67756430688314 8.99157688114792 9.07620470784605 9.33463035942987 9.57919043488801 9.6241340264678 9.16967781586573 9.58899196283892 9.85607164641842 8.44838098334148 9.74533828673884 9.61265906691551 9.64851831551641 9.14677570909262 9.13917354838923 9.90527053549886 9.39936825623736 9.0623988971347 9.05092393758241 8.94621493166778 9.0225951311877 9.23972288146615 9.37527084117755 8.55136874532327 9.11780143622309 8.99817498289049 8.32722453540191 8.13932207273319 8.57728302897885 8.85473798848689 8.80525222541764 8.79506819881499 8.34435728751123 8.57369710411876 8.35242163408548 8.29031341550872 7.82902004150674 13.0851741275842 13.1249997066334 -9999 -9999 -9999 -9999 -9999 -9999 -9999 -9999 -9999 -9999 -9999 -9999 -9999 -9999 -9999
-9999 -9999 -9999 -9999 -9999 8.93730988493189 9.84430981287733 9.86188084469177 9.92786186211742 9.84789573773742 9.70876185316592 9.3719239779748 8.93133334349841 9.5074719376862 9.2375713265501 9.88518935628235 9.92965482454747 9.05253760376945 10.0200201310217 9.62144458282273 10.1003448478878 10.1247291369364 9.16513564437628 8.90945920185186 9.22304833086673 9.07226019049995 9.06383326707873 8.7356852831319 8.75777458027005 9.11995299113914 8.40950955785811 9.0942777691409 9.06688130320981 9.11278114141896 8.51727855298668 8.29997150646523 9.08983122231439 9.04464856907725 9.14003417035565 9.08696248242632 9.14720602007583 8.85100862663239 8.58062989218161 8.67314675357193 9.09134108541337 11.3323969113175 -9999 -9999 -9999 -9999 -9999 -9999 -9999 -9999 -9999 -9999 -9999 -9999 -9999 -9999 -9999 -9999
-9999 -9999 -9999 -9999 -9999 9.50149539625272 9.82231614040211 9.78741313843057 9.64804019220173 9.65353861032054 9.50149539625272 9.47830641549081 9.54141869302839 9.18629260105081 10.0126433713096 9.98989836219698 9.95455138857609 9.27522353758104 9.38746298570186 9.39786216779612 9.31000700872391 9.56532485876232 9.98487806739286 9.06437115580775 9.28114031360019 9.09951321943663 8.84713582778349 8.78129824735224 8.68189641023055 9.5247526803453 9.4247566042468 9.22107607219368 9.38387706084177 8.35220647859387 8.62629066873342 9.15509505476803 8.87467573070899 8.83021026244387 8.16107668355107 9.22251044213772 8.87491479236633 8.67730642640963 8.98770408229902 9.13716543046758 11.0503654801692 8.5088089399838 13.6018289730115 -9999 -9999 -9999 -9999 -9999 -9999 -9999 10.9150669761002 -9999 -9999 -9999 -9999 -9999 -9999 -9999
-9999 -9999 -9999 -9999 -9999 9.90440991353244 9.86424755509943 9.76398509601131 9.6560487577226 9.65138705540448 9.53926713811234 9.37383647123352 10.0117007853463 9.78150490032775 9.459420544561 9.40754416491836 9.35303810704499 9.5562883281149 9.04895167890936 9.01237524533644 9.16262549697421 9.1819894912187 9.2576525057666 9.50974302343093 9.83498640824109 9.30044454243034 9.50651569105685 9.2935117543675 9.1461302426178 8.77307452633977 8.85997343878262 8.77546514291316 9.08528905082494 8.24952949676663 8.77164015639573 8.89308347832412 8.56736197019927 8.54432240297319 8.3852482148047 8.39631335437298 9.28490553470328 8.54720907248557 12.8063225140669 9.55076288563483 9.22201973663055 8.82074342081323 11.2048097047955 -9999 11.4132714699954 11.2149997493252 -9999 -9999 -9999 -9999 -9999 -9999 -9999 -9999 -9999 -9999 -9999 -9999
-9999 -9999 -9999 -9999 -9999 9.85879694931209 9.82623675158247 9.75824761623517 9.72167118266225 9.74074830291793 9.65224767737091 9.46659239428118 9.93969541415572 8.82562027862295 8.87073121336289 9.63274024613202 9.64780113054439 9.65497298026457 9.02098146500066 9.71880244277418 9.54524367954582 9.13573106052354 9.54237493965775 9.7076860757079 9.59706029377412 9.83642077818513 9.82781455852091 9.61552780680358 9.60979032702744 9.54882960440591 9.31000700872391 9.13178654317744 9.18378245364875 8.97293007187545 8.94890437531285 9.04787590145133 8.36619158554822 8.83021026244387 9.18521682359278 8.77068390976638 8.66274757147767 9.42706406893937 9.03891108930111 9.75642477109795 9.70844629177824 13.0499997083098 -9999 13.0031689517549 7.01388809331027 11.4299997445196 -9999 -9999 -9999 12.6939969379191 13.2368541378528 -9999 -9999 -9999 -9999 -9999 -9999 -9999
-9999 -9999 -9999 -9999 -9999 9.85793632734567 10.0508590848185 9.26209905259311 9.97268592286855 9.87715688459575 9.92535171471536 9.89738150080666 10.0551621946506 9.9031189805828 8.78861353406683 9.60477003222331 9.71019622310996 9.69370096875355 9.92033141991124 9.79769278969616 9.77474287059158 9.3451490723528 9.60297706979327 9.33008818794042 9.25263221096247 9.24761191615835 9.50723287602887 9.5882747778669 9.65497298026457 9.64062928082421 9.58899196283892 9.54596086451784 9.26338998554274 9.24115725141019 9.21246985252947 9.2296822918579 8.68820763798431 8.8315549842664 13.0724814459682 -9999 12.9599997103214 12.3157786874839 9.11995299113914 9.30601126387981 11.9740802354063 13.074999707751 -9999 12.4199997223914 11.7480447217822 11.956897678785 -9999 -9999 13.7692582547399 9.11964562615114 11.8989645132365 11.6999997384846 -9999 -9999 -9999 -9999 -9999 -9999
-9999 -9999 -9999 -9999 -9999 9.7888475083746 10.2100741486065 9.62720767634788 10.0106967263855 9.95308286696672 10.1858332965523 10.0481337819248 10.149830610957 10.1713461601175 10.3155003394932 9.87012847186998 9.47495955228806 9.52516250032932 9.57464826339856 9.21796827064827 9.54237493965775 9.45846429793164 9.40754416491836 9.49934384133667 9.60907314205542 9.75609606131911 9.43551437882707 9.37455365620553 9.40682697994635 9.35877558682114 9.41901912447065 9.46993925748393 9.24330880632624 9.01094087539241 8.73482466116548 10.3298440389335 17.2750491062732 20.2399995476007 7.8349998248741 -9999 9.88834497015923 9.08409374253824 8.98799095628783 9.62305824900977 8.65550400326029 12.0449997307733 -9999 -9999 12.1325083879055 9.18808556348085 6.52833337625489 10.0766777438112 8.26246055914089 11.8041133735795 12.5249997200444 -9999 -9999 -9999 -9999 -9999 -9999 -9999
-9999 -9999 -9999 -9999 -9999 10.2509536920115 10.1075166976079 9.68925442192704 10.1073732606135 9.91638690256514 9.70876185316592 9.5748873250559 9.78263190528378 9.8113193041645 10.0537278247066 10.0035248766653 9.20744955772534 9.62054810160771 9.62843713629991 9.48571732686833 9.65927609009668 9.45989866787568 9.486195450183 9.58253729809076 9.42941830656491 9.4606158528477 9.35949277179316 9.43766593374312 9.4010895001702 9.29136019945145 9.25191502599046 9.33510848274454 9.23434399417602 9.27414776012301 9.01237524533644 10.8945946050808 9.20493941032328 9.9044229532592 -9999 -9999 8.59449546830729 9.09915462695062 9.23972288146615 9.1500747599639 7.71187982941046 8.88480238251388 -9999 8.02337716892362 9.26841028034687 9.11143641959643 9.94495477061719 8.96448935643555 8.44642665429274 8.39304617838934 12.6749997166917 -9999 -9999 -9999 -9999 -9999 -9999 -9999
