EcologicalScience/Bass/data/rs_data_bass/sst_348.asc
NCOLS 226 
NROWS 124 
XLLCORNER -9.41648524995501 
YLLCORNER 47.587301625531 
CELLSIZE 0.0833 
NODATA_value -9999 
[rows 0 to 26 of 124, columns 0 to 61 of 226]
-9999.000000000000000 -9999 -9999 -9999 -9999 -9999 -9999 -9999 -9999 -9999 -9999 -9999 -9999 -9999 -9999 -9999 -9999 -9999 -9999 -9999 -9999 -9999 -9999 -9999 -9999 -9999 -9999 -9999 -9999 -9999 -9999 -9999 -9999 -9999 -9999 -9999 -9999 -9999 -9999 -9999 -9999 -9999 -9999 -9999 -9999 -9999 -9999 -9999 -9999 -9999 -9999 -9999 -9999 -9999 -9999 -9999 -9999 -9999 -9999 -9999 -9999 -9999
-9999 -9999 -9999 -9999 -9999 -9999 -9999 -9999 -9999 -9999 -9999 -9999 -9999 -9999 -9999 -9999 -9999 -9999 -9999 -9999 -9999 -9999 -9999 -9999 -9999 -9999 -9999 -9999 -9999 -9999 -9999 -9999 -9999 -9999 -9999 -9999 -9999 -9999 -9999 -9999 -9999 -9999 -9999 -9999 -9999 -9999 -9999 -9999 -9999 -9999 -9999 -9999 -9999 -9999 -9999 -9999 -9999 -9999 -9999 -9999 -9999 -9999
-9999 -9999 -9999 -9999 -9999 -9999 -9999 -9999 -9999 -9999 -9999 -9999 -9999 -9999 -9999 -9999 -9999 -9999 -9999 -9999 -9999 -9999 -9999 -9999 -9999 -9999 -9999 -9999 -9999 -9999 -9999 -9999 -9999 -9999 -9999 -9999 -9999 -9999 -9999 -9999 -9999 -9999 -9999 -9999 -9999 -9999 -9999 -9999 -9999 -9999 -9999 -9999 -9999 -9999 -9999 -9999 -9999 -9999 -9999 -9999 -9999 -9999
-9999 -9999 -9999 -9999 -9999 -9999 -9999 -9999 -9999 -9999 -9999 -9999 -9999 -9999 -9999 -9999 -9999 -9999 -9999 -9999 -9999 -9999 -9999 -9999 -9999 -9999 -9999 -9999 -9999 -9999 -9999 -9999 -9999 -9999 -9999 -9999 -9999 -9999 -9999 -9999 -9999 -9999 -9999 -9999 -9999 -9999 -9999 -9999 -9999 -9999 -9999 -9999 -9999 -9999 -9999 -9999 -9999 -9999 -9999 -9999 -9999 -9999
-9999 -9999 -9999 -9999 -9999 -9999 -9999 -9999 -9999 -9999 -9999 -9999 -9999 -9999 -9999 -9999 -9999 -9999 -9999 -9999 -9999 -9999 -9999 -9999 -9999 -9999 -9999 -9999 -9999 -9999 -9999 -9999 -9999 -9999 -9999 -9999 -9999 -9999 -9999 -9999 -9999 -9999 -9999 -9999 -9999 -9999 -9999 -9999 -9999 -9999 -9999 -9999 -9999 -9999 -9999 -9999 -9999 -9999 -9999 -9999 -9999 -9999
-9999 -9999 -9999 -9999 -9999 13.1548356437124 13.2753227190115 13.0855555754155 12.5947141805664 13.6430951726623 13.5949481548741 13.2473525051028 13.3154850774445 13.3011413780041 13.2674336843193 12.661412382964 12.7902188039385 12.7998290825635 13.1425000621937 13.1658802922815 13.3386740582064 13.9937986239791 13.6611682339571 13.8899502400309 12.8708955934271 9.98290962353349 10.020333899447 13.2645649444312 13.098178030923 12.778313533403 12.7051606662571 10.9503524767235 10.6048768460751 10.516266353894 12.3249997245148 7.90159672651992 8.57489241240546 12.2299997266382 9.34999979101121 13.5524634831984 13.3893551295623 12.5775017412379 12.2000831497135 12.8799997121096 -9999 -9999 -9999 -9999 -9999 -9999 -9999 -9999 -9999 -9999 -9999 -9999 -9999 -9999 -9999 -9999 -9999 -9999
-9999 -9999 -9999 -9999 -9999 13.42478406718 12.6126438048668 13.4036988290027 13.6426648616791 13.2523727999069 13.3434552913532 13.2473525051028 13.2244025859982 13.3212225572206 13.2337259906344 12.9654988110997 12.4799645850435 13.0422376031056 12.8328195912763 12.9239020827226 12.817041521892 13.0379344932735 14.5866237218492 13.9501937776804 10.8410901091993 10.5416577537544 13.0286110886373 13.2602618345991 13.1333200945519 13.05801567249 13.2150791813619 13.1110873604193 9.63779172289145 11.9907009971328 9.63031285084211 10.6073335860856 12.0099997315556 -9999 13.2149997046217 9.42470143617203 9.97839581860731 13.1044533994282 13.2497089700108 10.430249935016 10.1395153547637 11.2835474591702 -9999 -9999 -9999 -9999 -9999 -9999 -9999 -9999 -9999 -9999 -9999 -9999 -9999 -9999 -9999 -9999
-9999 -9999 -9999 -9999 -9999 13.351200889051 13.4438611874357 13.5127109447494 13.2842158126645 13.3962401052937 13.2021698518656 12.8959318688139 12.9748222157359 13.0823999615386 13.2717367941514 13.2000182969496 13.0508438227698 13.016418944113 12.8378398860805 12.9102755682543 12.8141727820039 12.9705191059038 13.1849574125372 13.9235384028871 12.0524049036029 10.6422758921981 12.7761619784869 13.0730765569024 13.0730765569024 13.0379344932735 13.0106814643368 13.2000182969496 13.2624133895151 13.0752281118184 13.1096529904753 10.8833059273394 10.4007801525295 12.3099997248501 12.0549997305498 7.51354471601546 7.48097814330831 10.5806909273379 11.6101626509801 12.8701132098213 9.45417644735426 9.75499978195876 -9999 -9999 -9999 -9999 -9999 -9999 -9999 -9999 -9999 -9999 -9999 -9999 -9999 -9999 -9999 -9999
-9999 -9999 -9999 -9999 -9999 13.3599505457096 13.334849071689 13.257393094711 13.7027649623342 13.2783348958939 13.3649708405137 12.3953367583454 13.3140507075004 13.455336146988 13.6161290177144 13.6852656490169 12.8801537994295 12.7948087877594 13.4484511712566 12.7424542848021 12.6829279321246 12.8794366144575 13.2889492334798 10.778847609181 9.91994524338784 12.7661213888787 12.9332254873589 13.0286110886373 12.9647816261277 12.8399914409965 13.0408032331616 13.2330088056624 13.3664052104577 13.2918179733679 13.3556474358775 13.4072847538628 13.4101534937508 10.58597181338 9.85996580822393 12.6869411161169 9.95017556874682 10.1321786066457 7.97840369463665 9.71999978274107 6.79069557646289 9.44824807118738 9.33499979134649 -9999 -9999 -9999 -9999 -9999 -9999 -9999 -9999 -9999 -9999 -9999 -9999 -9999 -9999 -9999
-9999 -9999 -9999 -9999 -9999 13.6037934361957 13.5184484245256 13.4632251816802 13.7929868318141 13.5053956580348 13.2331522426568 13.7962858826853 13.958226249367 13.7965727566741 13.989495514147 13.9519150216132 12.9874924835749 12.6492202384397 12.6542405332439 12.4950254694559 12.502197319176 12.5351878278889 12.9274880075827 13.3226569271646 12.9115505637601 13.7070680721663 12.9705191059038 13.1354716494679 13.1813714876771 13.2036042218097 13.2760399039835 13.1885433373973 13.2495040600188 12.9640644411556 13.0494094528258 12.9683675509878 13.0680562620983 12.9834284354001 13.7637256849557 13.8899502400309 12.657826458104 10.0230508159035 11.3676106934436 10.4981066669839 11.1665120272897 12.9259260246543 12.0949997296557 -9999 -9999 -9999 -9999 -9999 -9999 -9999 -9999 -9999 -9999 -9999 -9999 -9999 -9999 -9999
-9999 -9999 -9999 -9999 -9999 13.5005188002251 13.4840235458687 13.5299233840778 13.758848827146 13.3993957191706 13.3592333607376 13.2079073316418 13.6382183148526 13.6704916385934 13.3821832798421 13.2946867132559 13.2602618345991 12.3300729258917 12.5136722787283 12.6800591922365 12.7668385738507 12.5753501863219 12.9224677127786 11.869209862873 13.2027077405946 12.7912228628993 12.8048493773676 13.1189763951115 13.1447950541042 13.1017639557831 13.098895215895 12.9669331810437 12.8794366144575 12.8270821115002 12.9597613313235 12.7202215506695 12.8823053543456 12.661412382964 13.3434552913532 13.7716147196479 13.7149571068585 13.495498505421 14.3820586616639 11.3574266668409 9.88424082131936 12.039999730885 -9999 -9999 -9999 -9999 -9999 -9999 -9999 -9999 -9999 -9999 -9999 -9999 -9999 -9999 -9999 -9999
-9999 -9999 -9999 -9999 -9999 13.2717367941514 13.3097475976683 13.1333200945519 13.1947589404881 13.3477584011853 13.4739829562604 13.4775688811205 13.3872035746463 13.4675282915123 12.7202215506695 13.2215338461101 12.817758706864 12.7424542848021 12.4448225214146 12.6982278781943 12.4548631110229 12.5237128683366 13.096026476007 12.3605532872025 13.2155573046766 12.860789805185 13.1125217303634 12.97984251054 13.3864863896742 13.8846908835694 12.9547410365194 12.9160130480304 13.0479750828817 13.0623187823221 13.175634007901 13.0271767186932 13.0307626435533 13.1311685396358 13.1541184587404 13.5722372974269 13.5657826326787 13.5478530083783 13.3900723145343 9.14107179967687 9.73757132608443 9.84160207369726 12.2549997260794 -9999 -9999 -9999 -9999 -9999 -9999 -9999 -9999 -9999 -9999 -9999 -9999 -9999 -9999 -9999
-9999 -9999 -9999 -9999 -9999 13.2789086438715 12.9848628053442 12.9279661308974 12.9824721887708 14.3152409284376 14.1251869108528 12.6862747953273 12.857203880325 12.6069063250907 13.0113986493088 13.0379344932735 12.9999236897565 12.6900997818448 12.658543643076 12.5602893019095 12.4735099202953 12.3601946947165 12.4247413421981 13.0235907938331 13.1469466090202 13.1433606841601 13.3016195013188 14.1213619243354 13.5210781027563 13.2789086438715 13.1648762333207 12.7173528107814 13.2516556149349 13.334849071689 13.2860804935917 13.0845515164547 12.9662159960717 12.897366238758 13.1286583922338 14.147993392963 13.2652821294032 13.4051331989467 14.174672673922 14.0635090032592 9.97499977704138 12.1299997288734 -9999 -9999 -9999 -9999 -9999 -9999 -9999 -9999 -9999 -9999 -9999 -9999 -9999 -9999 -9999 -9999
-9999 -9999 -9999 -9999 -9999 12.8622241751291 12.9977721348405 13.8992736446671 14.1230353559367 14.2463911711238 13.9222235637717 14.3848078707233 13.8275551474653 13.3018585629761 12.7546464293264 13.0300454585813 13.0135502042249 12.7876369380392 12.381710243877 12.6391796488315 12.564831473399 12.5241909916513 12.6147953597829 13.1964323720895 13.0321970134974 13.1161076552235 13.2796258288436 13.2308572507463 13.5033875401132 13.2925351583399 13.096026476007 13.7178258467466 13.217230736278 13.3104647826403 13.4216284533031 13.3205053722486 12.9626300712116 13.1103701754473 13.6339152050205 13.9054414354265 14.0328134864569 13.8410382249393 10.8029470588081 9.91950742015615 11.8749997345731 -9999 -9999 -9999 -9999 -9999 -9999 -9999 -9999 -9999 -9999 -9999 -9999 -9999 -9999 -9999 -9999 -9999
-9999 -9999 -9999 -9999 -9999 12.8643757300451 12.860072620213 13.314624455478 14.0907620321959 12.9547410365194 14.133793130517 14.1804101536982 13.9415875580162 13.334849071689 13.0379344932735 12.6915341517888 12.9210333428346 12.9482863717712 12.7955259727314 12.7998290825635 11.7649311679415 12.9647816261277 13.935132893268 13.5026703551412 13.7479476155713 13.8426160318777 13.2265541409142 13.7909787138924 13.7694631647319 13.7974333786406 13.8254035925493 13.7113711819984 13.2129276264459 13.5277718291618 13.6496932744049 13.4919125805609 12.8722647647373 13.0099642793648 10.4919054305792 8.69351480677724 8.69380168076605 9.32210661325183 9.2244306470628 11.6254667546438 9.74109621392563 11.9979462076381 -9999 -9999 -9999 -9999 -9999 -9999 -9999 -9999 -9999 -9999 -9999 -9999 -9999 -9999 -9999 -9999
-9999 -9999 -9999 -9999 -9999 13.3857692047022 13.5557420430705 13.5959044015035 14.0835901824757 14.014740425162 13.5012359851971 13.7938474537805 13.2717367941514 13.894970534835 13.8799096504226 13.1397747593001 13.2430493952706 12.698706001509 13.9164860839956 13.2590665263124 13.4077628771774 12.8806319227442 13.9188767005689 13.8206223594025 14.4852137668058 14.0197607199661 13.428561241366 13.5299233840778 13.497650060337 13.7328867311589 13.3862473280169 13.1397747593001 12.7646870189346 13.4001129041426 9.51132235629484 12.8886575640977 13.2691549282521 12.6004516603425 12.9543824440334 12.8450117358007 12.6700186026283 9.37108340634093 12.0956416499582 -9999 -9999 -9999 -9999 13.2249997043982 13.2249997043982 -9999 -9999 -9999 -9999 -9999 -9999 -9999 -9999 -9999 -9999 -9999 -9999 -9999
-9999 -9999 -9999 -9999 -9999 13.3491927711293 13.5987731413916 13.5098422048613 13.8038880433887 14.1108432114124 13.8763237255625 13.7630084999837 13.7013305923901 13.7637256849557 13.1232795049436 14.1194494310766 13.7675506714731 13.3613849156536 13.3965269792825 13.3283944069408 13.2624133895151 14.195614475105 14.1492843259126 13.7116102436557 13.537095233798 13.3207444339059 13.0716421869583 12.9028646568768 13.0085299094208 13.3597114840522 13.6686269576661 12.1547212002333 14.0376903442666 13.2762789656408 13.7347992244177 12.9284442542121 13.2674336843193 12.4351405242924 10.5807199691452 -9999 -9999 -9999 -9999 -9999 -9999 -9999 -9999 -9999 -9999 -9999 -9999 -9999 -9999 -9999 -9999 -9999 -9999 -9999 -9999 -9999 -9999 -9999
-9999 -9999 -9999 -9999 -9999 13.8877986851148 14.1596117895097 14.2456739861518 14.2614520555362 13.9953764309175 13.3635364705697 13.5313577540219 14.3568376568146 14.690328668803 14.9850916923024 15.0187993859872 15.1737113399431 13.9372844481841 14.0699636680074 14.5239417552948 14.7921689348295 13.8187098661438 13.8607847178355 13.21794792125 12.777596348431 13.0852687014267 12.7967212810181 13.0233517321758 13.175634007901 13.5223212233745 12.8163243369199 12.9741050307639 13.0286110886373 13.416608158499 12.9949033949524 13.6661885287613 13.6528010759503 14.4823450269178 14.6735465404578 9.69386882055551 11.6199997402728 -9999 -9999 -9999 -9999 -9999 -9999 -9999 -9999 -9999 -9999 -9999 -9999 -9999 -9999 -9999 -9999 -9999 -9999 -9999 -9999 -9999
-9999 -9999 -9999 -9999 -9999 13.8512222515419 13.9925076910295 13.0651875222102 13.3678395804018 13.6633197888732 13.5865809968673 13.8684346908703 14.3087862636894 14.2700582752004 14.3561204718426 13.935132893268 13.3298287768848 13.3707083202899 13.4237800082192 13.255958724767 13.3728598752059 13.4029816440307 13.377162985038 13.2760399039835 13.1139561003074 12.8091524871998 12.6886654119007 12.7912228628993 12.8428601808846 13.0730765569024 13.1849574125372 13.6188543206081 13.7988677485846 13.2351603605784 13.0902889962308 12.9282051925547 13.1519669038244 14.0018310956657 14.7733786885627 10.1713614193723 9.96911525726318 9.80499978084117 11.437931465189 7.57625267446779 12.5617236718535 11.8499997351319 -9999 -9999 -9999 -9999 -9999 -9999 -9999 -9999 -9999 -9999 -9999 -9999 -9999 -9999 -9999 -9999
-9999 -9999 -9999 -9999 -9999 13.7228461415507 13.9695577719249 13.8411816619337 13.3807489098981 13.7120883669704 13.5650654477067 13.5256202742457 13.6927243727259 13.9301125984639 13.7673116098158 13.7386242109351 13.7085024421103 13.8641315810382 13.4137394186109 13.5901669217274 13.1627246784046 13.8913846099749 13.892818979919 13.5227515343577 13.45605333196 13.3262428520247 12.819193076808 13.4990844302811 13.3599505457096 13.4288003030233 13.4338205978274 12.9719534758478 13.179219932761 13.1885433373973 12.9927518400364 12.8794366144575 12.8801537994295 11.599391836673 13.1218451349996 13.0764234201051 12.9014302869327 13.0300454585813 12.9561754064634 12.1773125268519 12.5050660590641 11.9564195554703 11.5049997428432 -9999 -9999 -9999 -9999 -9999 -9999 -9999 -9999 -9999 -9999 -9999 -9999 -9999 -9999 -9999
-9999 -9999 -9999 -9999 -9999 14.3008972289972 14.412778084632 14.4321420788765 14.1854304485023 13.8117770780809 13.736472656019 13.7959990086965 13.8799096504226 13.9509109626524 13.7293008062989 13.7665944248438 14.1294900206849 13.61598558072 13.4610736267641 13.4108706787229 13.9537797025405 13.6884212628938 14.055619968567 14.2485427260399 13.9157688990235 13.8662831359543 13.9717093268409 13.8297067023814 13.8526566214859 13.5141453146935 13.3513443260454 13.176351192873 13.2394634704106 13.3879207596183 13.1282997997478 12.9490035567433 12.9906002851203 12.9296395624988 12.7116153310053 12.4505600011908 12.7596667241305 12.6363109089434 12.1715750470757 12.3365275906399 11.8771706160624 9.68742161588743 -9999 -9999 -9999 -9999 -9999 -9999 -9999 -9999 -9999 -9999 -9999 -9999 -9999 -9999 -9999 -9999
-9999 -9999 -9999 -9999 -9999 14.053468413651 14.1560258646496 14.4586779228412 14.214117847383 14.6666615647264 14.6451460155658 14.4715872523375 14.2621692405082 13.576540407259 13.6762291183695 13.4280831180513 13.2509384299628 13.496215690393 13.0436719730496 13.7974333786406 13.773049089592 14.1904507433064 14.6451460155658 14.1502883848734 14.2879878995009 13.4331034128554 13.2911007883959 13.3649708405137 13.3979613492265 13.3721426902339 13.7838068641722 13.6776634883136 13.1426434991881 13.2911007883959 12.8851740942337 12.6922513367608 12.9167302330025 13.0867030713707 12.8887600190938 12.3960539433174 12.3702352843247 12.0525223417208 12.2856074576266 11.9652865696698 11.3100309856901 12.0128978720168 10.8493549030391 -9999 -9999 8.97398023558448 -9999 -9999 -9999 -9999 10.9150669761002 -9999 -9999 -9999 -9999 -9999 -9999 -9999
-9999 -9999 -9999 -9999 -9999 13.6425214246847 14.2356333965436 16.0960112139583 15.487121172715 14.3374736625701 14.4084749747999 14.3381908475421 15.2827234556898 14.3855250556953 14.5856196628883 14.4844965818338 15.4268776350655 14.5992461773567 14.2205725121312 14.2349162115715 14.333170552738 14.4407482985407 14.3482314371504 14.0484481188469 13.7916958988644 13.6009246963076 13.9516281476244 14.0061342054978 13.693441557698 13.8103427081369 13.8196661127731 13.5069734649733 13.0888546262868 13.2057557767257 13.4259315631352 12.8672444699332 12.7826166432351 13.139057574328 13.2624133895151 12.6750388974324 12.8866084641777 14.2098147375509 10.3066194532439 10.922812573798 12.7948087877594 11.9734526985558 11.2048097047955 9.9258105021607 9.46145854518982 9.07157886477653 -9999 -9999 -9999 9.80133726026825 9.39324482743504 9.79499978106469 -9999 -9999 -9999 -9999 -9999 -9999
-9999 -9999 -9999 -9999 -9999 14.1244697258808 13.6848353380337 13.6281777252443 14.3912625354715 13.7852412341163 13.6891384478658 13.8411816619337 14.3188268532977 14.2033600728028 14.5203558304347 14.33388773771 14.7749564955011 14.254997390788 14.3381908475421 14.5124667957425 14.5361338998191 14.3188268532977 14.334604922682 14.4378795586526 14.291573824361 13.7278664363548 13.0264595337212 13.5026703551412 13.2502212449908 12.4943082844839 13.5033875401132 13.0243079788052 13.2516556149349 12.7094637760893 13.297555453144 12.4813989549875 12.6241187644191 12.7331308801658 12.8873256491497 12.8808709844016 12.422589787282 11.6483168914914 11.7487432785731 12.5134673687363 13.2109716674313 9.13296913541853 8.95999979972839 10.0683583981358 13.7924130838364 9.61696217674762 8.58691670512781 8.75938515514256 -9999 10.7104227267409 12.454470132956 -9999 -9999 -9999 -9999 -9999 -9999 -9999
-9999 -9999 -9999 -9999 -9999 13.2258369559422 13.5098422048613 13.6253089853562 13.9050111244433 13.9889217661694 13.975295251701 13.8347269971855 13.7077852571383 13.8418988469057 13.9164860839956 13.9394360031001 14.0376903442666 14.1488540149294 13.9882045811974 14.4586779228412 15.0431836750358 14.4328592638485 14.1230353559367 14.0341044194065 13.7701803497039 12.8851740942337 13.0651875222102 12.4498428162187 12.3178807813674 12.2131717754528 12.1063112146221 12.0883815903217 12.0202490179799 12.0797753706574 12.2124545904808 12.5736767547205 13.2999460697174 12.8148899669759 11.2392229785175 9.63834039261565 9.63999978452921 9.33505902171199 11.6838892661035 11.4730368843302 11.7950529367663 6.68832175253445 8.17499981727451 11.5899997409433 10.4047181500122 7.45041291921678 9.51917620127717 9.17474897485226 15.1335489815101 11.791036700923 11.9981446676911 -9999 -9999 -9999 -9999 -9999 -9999 -9999
-9999 -9999 -9999 -9999 -9999 13.9638202921487 13.816797372885 14.1567430496216 14.2320474716835 14.2779473098926 14.2313302867115 14.1051057316363 14.1524399397895 14.1517227548175 14.1538743097335 14.092913587112 13.9717093268409 13.9795983615331 14.0907620321959 14.0656605581753 14.0735495928675 14.1137119513005 14.1108432114124 14.4476810866036 12.8399914409965 12.581087666098 12.6298562441953 12.3867305386811 12.2805871628225 12.1177861741744 12.1572313476354 12.0453504920006 11.8811151334085 11.8474074397236 12.0016022087075 12.0191732405219 9.27391126902113 10.0111997735902 7.8349998248741 9.42507704859599 12.1952421511523 12.3974883132614 12.2726981281303 12.1787468967959 14.2668309428263 11.0393078280613 9.59000537638634 -9999 12.1366378934389 13.3793145399541 14.4636982176453 14.8452406227589 14.6157414317131 15.207419033628 10.0876033701934 9.87999977916479 -9999 -9999 -9999 -9999 -9999 -9999
-9999 -9999 -9999 -9999 -9999 14.0240638297983 14.1789757837541 14.1940366681665 14.2004913329147 14.2456739861518 14.2298959167674 14.2184209572151 14.0850245524198 14.214117847383 14.3259987030178 14.1388134253211 14.1043885466643 14.1409649802372 14.1151463212445 14.0807214425877 14.0771355177276 14.0312356795184 14.1603289744817 12.6649983078241 12.5602893019095 12.58180485107 12.4369334867224 12.3472853652202 12.2425763593055 12.2425763593055 12.0410473821685 11.6874751909636 11.6401409828104 11.5899380347691 11.9164962586947 10.7732795071322 12.9817891554641 12.3852961687371 -9999 9.29802849376574 12.3236182611436 13.1462294240482 13.5521561182104 12.8736991346814 12.9891659151763 14.17395548895 -9999 13.9150517140515 14.5841852929443 14.5920743276365 14.9327371893451 14.41206089966 15.2619250915013 15.4290291899815 12.4999997206032 -9999 -9999 -9999 -9999 -9999 -9999 -9999
