EcologicalScience/Bass/data/rs_data_bass/sst_235.asc
NCOLS 226 
NROWS 124 
XLLCORNER -9.41648524995501 
YLLCORNER 47.587301625531 
CELLSIZE 0.0833 
NODATA_value -9999 
[rows 54 to 80 of 124, columns 0 to 61 of 226]
-9999 -9999 -9999 -9999 -9999 -9999 -9999 -9999 -9999 -9999 -9999 -9999 -9999 -9999 -9999 -9999 -9999 -9999 -9999 -9999 -9999 -9999 -9999 -9999 -9999 -9999 -9999 -9999 -9999 -9999 -9999 -9999 -9999 -9999 -9999 -9999 -9999 -9999 13.4500767905265 10.4470033759624 6.39967039227486 6.44019134319387 7.002822953742 7.8634449201636 7.9670781486202 8.11338388291188 8.10047455341555 8.18044067779556 8.60931729106233 8.35041351616383 8.38268683990464 8.25646228482947 8.41412344784476 8.40294731536414 7.6006683464162 7.30361033100635 7.79592707779791 7.48723017484216 14.3452679747188 11.5577816812004 11.0799997523427 11.4119167872705
-9999 -9999 -9999 -9999 -9999 -9999 -9999 -9999 -9999 -9999 -9999 -9999 -9999 -9999 -9999 -9999 -9999 -9999 -9999 -9999 -9999 -9999 -9999 -9999 -9999 -9999 -9999 -9999 -9999 -9999 -9999 -9999 -9999 -9999 -9999 -9999 -9999 -9999 15.0199996642768 6.19276252784766 6.87492496706545 6.84312976663932 6.93253882648423 7.40982542536221 7.85699025541544 8.16573838586919 8.14386424422264 8.16537979338318 8.37013610289432 8.34180729649961 8.37085328786634 8.35686818091199 8.44928258730631 8.42802886758 7.35998106980696 7.19502852624282 8.13495919748675 8.24686566687056 6.15676677136892 13.6649996945634 -9999 -9999
-9999 -9999 -9999 -9999 -9999 -9999 -9999 -9999 -9999 -9999 -9999 -9999 -9999 -9999 -9999 -9999 -9999 -9999 -9999 -9999 -9999 -9999 -9999 -9999 -9999 -9999 -9999 -9999 -9999 -9999 -9999 -9999 -9999 -9999 -9999 -9999 -9999 -9999 -9999 8.41529988284272 7.30475782696158 6.85388754121959 7.42022460745648 7.87994017452002 7.56545456429012 8.33176670689136 8.43539993534796 8.237815475557 8.436834305292 8.04919582791626 7.99038666021079 8.21558274142444 7.63227229751647 8.02744121709839 7.99875381821766 8.48942786990665 8.49480675719678 7.14285331952851 9.34579076416987 6.23413977289275 -9999 -9999
-9999 -9999 -9999 -9999 -9999 -9999 -9999 -9999 -9999 -9999 -9999 -9999 -9999 -9999 -9999 -9999 -9999 -9999 -9999 -9999 -9999 -9999 -9999 -9999 -9999 -9999 -9999 -9999 -9999 -9999 -9999 -9999 -9999 -9999 -9999 -9999 -9999 -9999 -9999 -9999 10.342254457145 7.23160495981574 7.74510939978063 8.0823656328721 8.04991301288828 8.40456098155119 8.39416179945692 8.18366801016964 8.44830926484428 8.3375041866675 8.28873560857028 8.23673969809897 8.1503189089708 8.52062541618943 8.52480899519287 8.52636289596558 8.5337738073431 8.0903622453101 7.56533503346145 8.08505507651716 10.9619230609387 -9999
-9999 -9999 -9999 -9999 -9999 -9999 -9999 -9999 -9999 -9999 -9999 -9999 -9999 -9999 -9999 -9999 -9999 -9999 -9999 -9999 -9999 -9999 -9999 -9999 -9999 -9999 -9999 -9999 -9999 -9999 -9999 -9999 -9999 -9999 -9999 -9999 -9999 -9999 -9999 -9999 10.1217500608988 5.21703237341717 7.21869563031942 7.94520400697365 7.9710226659663 8.24498732527718 8.23673969809897 8.27259894669987 8.33104952191934 8.35937832831405 8.37408062024042 8.63943905988708 8.73458559950814 8.6468499712646 8.4383882060647 8.44340850086883 8.26984973764047 8.13501896290109 7.50958585496992 7.68821272533387 6.91475263917819 15.3149996576831
-9999 -9999 -9999 -9999 -9999 -9999 -9999 -9999 -9999 -9999 -9999 -9999 -9999 -9999 -9999 -9999 -9999 -9999 -9999 -9999 -9999 -9999 -9999 -9999 -9999 -9999 -9999 -9999 -9999 -9999 -9999 -9999 -9999 -9999 -9999 -9999 -9999 -9999 -9999 14.5499996747822 8.6242757204787 9.54413204283919 5.89166437042877 7.72000792576 7.12079988163896 7.72000792576 7.62533950945362 8.0001881881617 8.1700414957013 8.22669910849072 8.32638781960122 8.44185460009612 8.37431968189776 8.45560064539313 8.39822584763169 8.26889349101111 8.10119173838757 8.09589253831655 8.08474771152916 13.6023590662517 -9999 -9999
-9999 -9999 -9999 -9999 -9999 -9999 -9999 -9999 -9999 -9999 -9999 -9999 -9999 -9999 -9999 -9999 -9999 -9999 -9999 -9999 -9999 -9999 -9999 -9999 -9999 -9999 -9999 -9999 -9999 -9999 -9999 -9999 -9999 -9999 -9999 -9999 -9999 -9999 -9999 12.5688955215737 6.17375712608919 6.12474948633462 6.46780296461657 6.54645424988121 7.74343596817926 7.90193384699523 7.89906510710716 7.22837762744166 8.01979124406353 8.06664732890204 8.48596147587523 8.38196965493262 8.35399944102392 8.3757540518418 8.06855982216075 8.17518132133409 7.84137769025536 12.5349997198209 10.1663029263291 7.31467888574116 7.5413491805084 5.98337711533532
-9999 -9999 -9999 -9999 -9999 -9999 -9999 -9999 -9999 -9999 -9999 -9999 -9999 -9999 -9999 -9999 -9999 -9999 -9999 -9999 -9999 -9999 -9999 -9999 -9999 -9999 -9999 -9999 -9999 -9999 -9999 -9999 -9999 -9999 -9999 -9999 -9999 -9999 -9999 6.7879543361254 6.73961606901139 6.28085674857721 7.31671090982854 7.66191594302654 7.65868861065246 7.7795342784375 7.44532608147711 7.97532577579841 8.3162276991643 8.45368815213442 8.41209142375737 8.48811303079128 8.31311989761889 8.14553767582402 7.56820377334952 7.45847447263077 7.66550186788663 7.39584031840786 6.08093289971086 5.00474562169984 5.35234127147123 5.08327737613581
-9999 -9999 -9999 -9999 -9999 -9999 -9999 -9999 -9999 -9999 -9999 -9999 -9999 -9999 -9999 -9999 -9999 -9999 -9999 -9999 -9999 -9999 -9999 -9999 -9999 -9999 -9999 -9999 -9999 -9999 -9999 -9999 -9999 -9999 -9999 -9999 -9999 -9999 14.5742130066667 12.0290942993015 6.4042125637643 7.21654407540336 7.68319243052974 7.91460411483422 8.13454083958641 8.24307483201846 8.15366577217355 7.81085135554895 8.28108563553542 8.49564347299747 8.58672596444376 8.5526596782729 7.99397258507088 7.91795097803697 7.61601610481739 7.41400900436565 7.62940355762839 8.14437651920265 9.59877641495716 5.4281238168478 5.78695536451414 5.35939359036274
-9999 -9999 -9999 -9999 -9999 -9999 -9999 -9999 -9999 -9999 -9999 -9999 -9999 -9999 -9999 -9999 -9999 -9999 -9999 -9999 -9999 -9999 -9999 -9999 -9999 -9999 -9999 -9999 -9999 -9999 -9999 -9999 -9999 -9999 -9999 -9999 -9999 -9999 8.07946103373542 7.17795952390879 6.77475813264027 7.55457725888118 7.63203323585913 7.92512282775715 8.24427014030516 8.3465885296464 7.46660256898031 8.50580359343439 8.61170790763572 8.57297991914675 8.5842158170417 8.4131672012154 7.93839074973948 7.86810662248172 7.34898423356935 7.26770327007398 7.24881739914417 6.35042369086295 5.91306038876064 5.70256659947336 5.63849807530642 5.46261699883533
-9999 -9999 -9999 -9999 -9999 -9999 -9999 -9999 -9999 -9999 -9999 -9999 -9999 -9999 -9999 -9999 -9999 -9999 -9999 -9999 -9999 -9999 -9999 -9999 -9999 -9999 -9999 -9999 -9999 -9999 -9999 -9999 -9999 -9999 -9999 -9999 -9999 14.6127461297711 5.97007659403607 7.85688780041944 6.61984617868438 6.59187596477568 5.30142113845795 7.23519088467583 7.70925015117973 8.3253120421432 8.596407961566 8.55576747981831 8.52229884779081 8.51751761464402 8.24976855842397 8.12091432511806 8.09473707363941 7.86452069762163 7.85699025541544 7.46433148323558 7.44281593407504 6.10383159131743 6.23304441710934 6.0149006547872 5.81127135023209 5.37170526571572
-9999 -9999 -9999 -9999 -9999 -9999 -9999 -9999 -9999 -9999 -9999 -9999 -9999 -9999 -9999 -9999 -9999 -9999 -9999 -9999 -9999 -9999 -9999 -9999 -9999 -9999 -9999 -9999 -9999 -9999 -9999 -9999 -9999 -9999 -9999 -9999 -9999 9.69774328405038 7.27678761305287 6.70590837532654 7.01214635837823 6.56031982600689 8.91985838394612 7.51991331856698 7.6364558765199 7.5407116827555 7.93014312256128 8.02337716892362 8.34969633119181 7.75873591424897 7.64147617132403 7.55182804982178 7.60489973775111 7.58135216450319 7.79351938539185 7.6680120152887 6.03283027908765 6.05040131090209 6.20866012806073 6.01621549390256 6.08697774447501 4.47259437246248
-9999 -9999 -9999 -9999 -9999 -9999 -9999 -9999 -9999 -9999 -9999 -9999 -9999 -9999 -9999 -9999 -9999 -9999 -9999 -9999 -9999 -9999 -9999 -9999 -9999 -9999 -9999 -9999 -9999 -9999 -9999 -9999 -9999 -9999 -9999 5.32843153765286 10.0574332803953 6.84504225989804 6.84934536973014 7.27535324310884 7.69490645173937 7.80033264262602 6.85759299690835 8.02481153886765 7.82220678427257 7.89571824390441 7.99361399258487 8.0187154666055 7.87563706468791 8.23817406804301 7.74295784486458 7.65295113087632 7.42345193983056 7.37396617676131 7.32770774606615 7.16825362062082 6.87014373391867 6.20316170994192 6.16323841316625 5.96147037437186 5.47593614831567 5.92776268068701
-9999 -9999 -9999 -9999 -9999 -9999 -9999 -9999 -9999 -9999 -9999 -9999 -9999 -9999 -9999 -9999 -9999 -9999 -9999 -9999 -9999 -9999 -9999 -9999 -9999 -9999 -9999 -9999 -9999 -9999 -9999 -9999 -9999 -9999 -9999 15.688035419876 6.03928494383581 5.99840540043078 6.87516402872279 7.18427075166255 7.45034637628123 7.51991331856698 8.01907405909151 8.08505507651716 8.10991748888046 7.60776847763918 7.41520431265235 7.23375651473179 7.39512313343585 8.00186161976308 6.90026550274342 7.64577928115614 7.73435162520036 7.32722962275147 7.20267849927768 7.94551137196166 7.53604998043738 6.11518702004105 7.00019327551126 6.1343119526282 5.86823632800952 4.67962176771834
-9999 -9999 -9999 -9999 -9999 -9999 -9999 -9999 -9999 -9999 -9999 -9999 -9999 -9999 -9999 -9999 -9999 -9999 -9999 -9999 -9999 -9999 -9999 -9999 -9999 -9999 -9999 -9999 6.35999985784292 11.7386062607334 12.3710855699683 6.93971067620441 8.10915249157697 11.7249872115165 6.62501745979841 6.67645597914234 6.38344408228295 6.88986632064916 6.87516402872279 6.99278236413375 8.16681416332722 8.18832971248776 8.12378306500614 8.14816735405475 8.20052185701206 7.92978453007527 7.07525863591582 7.36715291952714 7.45034637628123 7.44174015661702 7.81109041720629 7.52923672320321 7.19574571121484 7.19598477287218 7.03437909251079 6.73913794569671 6.08375041210093 6.28229111852124 6.18666645558551 7.14805291057564 5.26759391394444 4.51024658349343
-9999 -9999 -9999 -9999 -9999 -9999 -9999 -9999 -9999 -9999 -9999 -9999 -9999 -9999 -9999 -9999 -9999 -9999 -9999 -9999 -9999 -9999 13.0783576462418 8.07583412687693 9.39499342790805 6.3175527129788 8.04222888818809 7.77615326356941 6.96588792768307 7.08350626309402 7.30081330961548 7.19885351276025 7.00318154622801 6.81994078587741 6.83213293040171 6.98489332944155 7.45464948611334 7.83977781608701 7.98895229026675 8.02624590881169 8.10513625573367 8.05995360249653 8.08433789154515 8.12880335981026 7.98608355037868 7.37360758427531 7.34492018539459 7.28611101768911 7.55362101225182 7.0520696551539 7.29973753215745 7.17638171697035 6.60980558907613 6.46349985478446 3.90864792279899 6.00629443512298 6.47891933168285 5.76926480187103 5.7033489830792 11.6549997394904 -9999 -9999
-9999 -9999 -9999 -9999 -9999 -9999 -9999 -9999 -9999 -9999 -9999 -9999 -9999 -9999 -9999 -9999 -9999 -9999 -9999 -9999 -9999 10.4388561546803 6.49039429123513 8.03895032831601 6.80308693903498 6.87014373391867 6.9988784363959 7.05840478907339 7.91723379306495 6.82615638896823 7.06019775150344 7.21116518811323 7.188812923152 8.02724996777251 7.73004851536825 7.32340463623405 7.43098238203675 8.14171268930659 8.078600411769 8.078600411769 7.98823510529473 7.87420269474387 7.8555558854714 7.69132052687928 7.38723409874365 7.31336404662579 7.83188878139481 7.48620562488213 7.18044576514512 7.17231766879559 6.82185327913612 6.88496555667371 6.52553635486402 6.44054993567988 6.44951474783011 8.98870814125985 12.6699997168034 -9999 -9999 -9999 -9999 -9999
-9999 -9999 -9999 -9999 -9999 -9999 -9999 -9999 -9999 -9999 -9999 -9999 -9999 -9999 -9999 -9999 -9999 6.88018432352692 12.050536291029 13.8070436572656 6.52093985117972 6.8554414419923 8.12521743495017 6.8357188552618 6.70375682041049 6.88161869347095 7.22909481241368 8.31240271264687 7.3893856536597 7.31443982408382 8.6200750656426 8.50532547011971 7.23232214478776 8.78502760920674 7.69490645173937 7.19036682392471 8.92487867875025 8.51966916956007 8.32100893231109 8.35615099593997 8.25574509985745 7.88567765429616 7.83619189122692 7.52636798331514 7.37504195421934 7.97293515922502 7.72717977548018 7.41663868259639 6.91747794207186 6.86105939093977 6.78228857484646 5.92561112577096 10.7399997599423 -9999 -9999 -9999 -9999 -9999 -9999 -9999 -9999 -9999
-9999 -9999 -9999 -9999 -9999 -9999 -9999 -9999 -9999 -9999 -9999 -9999 -9999 7.00499984342605 6.08999986387789 -9999 -9999 6.8514969246462 6.57036041561514 6.94688252592459 7.10968351457268 8.31527145253494 8.22562333103269 8.25502791488543 8.08505507651716 8.37264625029638 8.34754477627575 8.317423007451 8.5325784990564 8.29232153343037 8.13310646964237 8.72478407155722 8.7197637767531 8.88973661512136 7.86440116679296 8.78000731440261 8.29447308834642 8.31670582247898 8.17470319801942 7.71761730918661 7.35998106980696 7.97245703591034 7.15773490769789 8.0305490186438 7.91293068323284 7.75407421193086 7.67984556732699 7.08888515038416 7.08780937292613 6.66467023943551 6.58255256013945 13.5549996970221 -9999 -9999 -9999 -9999 -9999 -9999 -9999 -9999 -9999 -9999
-9999 -9999 -9999 -9999 -9999 -9999 -9999 -9999 -9999 -9999 -9999 -9999 -9999 15.1333370859502 7.39010283863172 7.59736929554492 7.45966978091747 7.29902034718543 7.21582689043134 6.98991362424567 7.87850580457598 8.14027831936255 8.30594804789871 8.437192897778 8.24068421544507 8.16537979338318 8.2457045102492 8.2815637588501 8.28514968371019 8.56700337771326 8.40276801912114 8.24642169522122 8.31598863750696 8.27080598426983 8.317423007451 8.35399944102392 8.28514968371019 8.28371531376615 8.22562333103269 7.85985899530351 8.24283577036113 7.41520431265235 8.28012938890606 8.11912136268802 7.8512527756393 7.77056946628727 7.47831659018993 7.05912197404541 7.02182835550047 7.12079988163896 7.1943113412708 8.04213431434563 16.0199996419251 -9999 -9999 -9999 -9999 -9999 -9999 20.5648932295984 17.8399996012449 -9999
-9999 -9999 -9999 -9999 -9999 -9999 -9999 -9999 -9999 -9999 17.7347201438537 8.19140336236783 7.32483900617808 7.38221380393952 7.28826257260516 7.53712575789541 7.42094179242849 7.10968351457268 8.06282234238461 8.03987242328003 8.2098452616483 8.30092775309458 8.38770713470876 8.49026458570734 8.30307930801064 8.45368815213442 8.43791008275002 8.45010222727433 8.69537948770449 8.54763938346878 8.53903316380456 8.39201024454087 8.15749075869098 8.23494673566893 8.67529830848798 8.82160404277965 8.40778831392527 8.33822137163952 8.33606981672347 8.24283577036113 6.9748527398333 7.50054932432249 7.63968320889398 7.72000792576 7.88113548280671 7.59019744582474 7.22801903495565 7.50437431083992 7.13155765621923 6.75503554590978 6.71308022504672 13.1304513546638 7.62664300622758 -9999 -9999 -9999 12.419233361613 8.25662778905378 9.04099092571996 6.66194915527697 6.52758244140183 17.7899996023625
-9999 -9999 -9999 -9999 -9999 -9999 -9999 19.6378278022919 10.3431445602328 7.00999480346218 8.18044067779556 7.2100894106552 8.14529861416668 8.15175327891484 8.18976408243179 6.65176090993918 8.24857325013727 8.59784233151004 8.49241614062339 8.39416179945692 8.60716573614627 8.60860010609031 8.66454053390771 8.69394511776045 8.56700337771326 8.49385051056743 8.65952023910359 8.61720632575452 8.60860010609031 8.74629962071776 8.60860010609031 8.62868128530681 9.05970945348963 8.86033203126863 8.92989897355437 9.00018310081214 8.60142825637013 8.49313332559541 8.61433758586645 8.37981810001656 8.35973692080006 7.19024729309604 7.26100954366848 7.83212784305215 7.6908424035646 7.35782951489091 7.32579525280744 7.36858728947118 7.08529922552407 6.96074810205027 6.9153263871558 6.76686909794807 6.60012359195389 8.2387934550643 7.44635063143713 6.44377726805396 9.1063264766708 6.41951250983402 6.55089396637465 6.37134158588015 6.45238348771818 15.0770844569824
-9999 -9999 -9999 -9999 -9999 8.26488920825068 8.54876638842481 7.43098238203675 7.53784294286743 7.57728811632842 7.75120547204278 8.30594804789871 8.3095339727588 8.48667866084725 8.65019683446735 8.33033233694732 8.69251074781641 8.82016967283562 8.78933071903884 8.77929012943059 8.76136050513014 8.77498701959848 8.82016967283562 8.88256476540118 8.79506819881499 8.81228063814342 8.6917935628444 8.64374216971919 8.67242956859991 8.58278144709766 8.53616442391649 8.53042694414034 8.48811303079128 8.9349192683585 8.4450819324702 8.03843805333599 8.00939206196927 8.264590381179 8.37121188035235 9.11995299113914 8.62509536044672 7.32603431446478 7.53497420297936 7.20769879408181 7.2672251467593 7.14076153002679 7.92906734510325 7.13335061864927 7.22730184998363 7.06593523127958 7.0867335954681 6.91747794207186 6.77798546501435 6.57322915550321 6.51549576525576 6.72885829443112 6.32400737772696 6.28312783432193 6.59054404982765 6.30285042105243 6.08948789187707 6.08518478204496
-9999 -9999 -9999 -9999 -9999 7.26387828355655 8.29662464326248 8.05278175277635 8.29447308834642 8.47878962615505 8.65378275932744 8.63298439513892 8.7635120600462 8.87611010065302 8.47807244118303 8.77857294445857 8.87252417579293 8.9707785169594 9.00161747075617 9.00592058058828 9.05253760376945 8.99372843606398 8.97508162679151 8.94209111807868 8.86391795612872 8.83594774222001 9.06903285812587 8.86535232607275 8.91340371919796 8.67242956859991 8.72263251664117 8.75275428546593 8.60286262631416 8.75705739529803 8.63728750497103 9.24474317627028 9.27486494509503 7.96743674110621 7.44460889650509 7.99971006484702 7.48620562488213 7.3826919272542 6.91317483223975 7.05051575438119 6.62869146000594 7.02075257804245 6.92297636019066 6.90958890737966 6.80846582632512 6.71833958150819 6.60693684918806 6.90169987268746 6.69479200826026 6.97556992480531 6.9313093665322 6.06331064039841 6.46684671798721 6.50174971995875 6.48884039046243 5.61507003288716 5.35018971655518 6.13230383470655
-9999 -9999 -9999 -9999 -9999 8.0348521284759 8.42858667811379 8.55552841816097 8.54979093838483 8.62652973039076 8.73697621608153 8.86463514110073 8.92272712383419 8.92559586372226 8.92272712383419 8.92057556891814 9.00950650544837 9.05684071360156 9.12497328594327 9.09628588706255 9.01094087539241 9.01022369042039 8.71593879023567 9.13573106052354 9.15652942471206 9.11349832639098 9.15724660968408 9.15509505476803 8.72657703398727 8.82016967283562 8.8474227017723 8.52253790944815 8.59353922167793 9.24474317627028 8.26542709697969 9.2564571974799 7.83475752128288 8.61505477083847 7.86368398182094 7.74439221480861 6.98345895949751 8.2098452616483 7.28933835006319 7.10322884982452 8.1211533867754 7.12474439898506 6.9511856357567 7.79029205301777 6.97772147972137 6.95166375907138 7.0347376849968 6.79340494191274 6.72276222216897 6.70698415278457 7.13478498859331 7.1304818787612 7.51728364033625 6.2899410915561 6.90169987268746 5.88258002744988 6.88520461833104 6.2103335596621
-9999 -9999 -9999 -9999 -9999 8.54835656844079 8.52038635453209 8.65521712927148 8.70900600217283 8.8194524878636 8.80654315836728 8.90766623942181 8.99946591584012 8.96719259209931 8.97579881176353 9.05755789857358 9.09915462695062 9.11206395644695 9.15581223974004 9.10417492175475 9.02385020488873 9.04895167890936 9.17517623398453 9.22466199705377 9.24259162135422 9.18951993342489 9.17302467906848 8.57309944997542 8.39248836785555 8.45918657025322 8.59497359162197 9.18019652878866 6.38640247029252 8.95691294083372 8.2177342963405 8.12844476732425 7.71678059338592 7.60346536780708 7.43241675198078 7.10000151745044 7.1182897342369 6.89381083799526 6.9192709045019 7.01716665318236 7.00067139882594 8.15127515560016 6.87623980618082 8.33535263175145 8.13621427118778 6.79376353439875 7.01238542003557 6.88197728595696 7.12187565909699 7.2246721717529 7.02099163969979 7.13406780362129 7.19502852624282 7.37312946096063 7.2498931766022 7.38866846868768 6.92799665499479 7.10155541822314
-9999 -9999 -9999 -9999 -9999 8.80797752831131 8.81084626819938 8.9428083030507 8.8832819503732 8.90551468450576 8.84598833182827 8.81801811791956 8.94998015277088 9.01811272511259 9.07979063270614 9.08409374253824 9.17230749409646 9.12425610097125 9.10274055181071 9.18019652878866 9.17087312415242 9.19812615308911 9.23613695660606 9.21892451727763 9.30283515900373 9.25693532079458 8.36762595549226 8.58493300201371 8.27391378581524 8.3654744005762 8.83260087901726 9.01739554014057 6.62020477117039 8.16932431072928 8.10979795805179 7.97389140585437 8.04740286548622 7.94341104454361 8.33391826180741 7.44389171153307 7.07310708099976 7.07597582088783 7.31264686165377 7.3373897431884 7.76447339402512 8.26757865189575 7.3574709224049 7.20112459850498 7.38615832128562 7.20435193087906 7.2380596245639 7.30451876530424 7.54692728584632 7.56366160186008 7.37181462184526 7.23160495981574 7.3775521016214 7.32878352352418 7.24164554942399 7.13406780362129 7.62175358459353 7.58756776759401
