EcologicalScience/Bass/data/rs_data_bass/sst_433.asc
NCOLS 226 
NROWS 124 
XLLCORNER -9.41648524995501 
YLLCORNER 47.587301625531 
CELLSIZE 0.0833 
NODATA_value -9999 
[rows 27 to 53 of 124, columns 62 to 123 of 226]
-9999 -9999 -9999 -9999 -9999 -9999 -9999 -9999 -9999 -9999 -9999 -9999 -9999 -9999 -9999 -9999 -9999 -9999 -9999 -9999 -9999 -9999 -9999 -9999 -9999 -9999 -9999 -9999 12.5299997199327 6.48246541293338 6.61154732400817 6.92512791510671 7.90623695682734 8.07716604182497 7.43743704678491 7.50700398907065 7.68199712224305 7.58159122616053 7.54931790241972 7.38795128371567 7.48692280985415 7.83906063111499 7.74224065989256 7.6683706077747 7.69275489682332 7.51991331856698 7.60095522040501 7.76877650385723 7.72144229570404 7.77092805877328 7.68701741704717 7.46397289074957 7.46253852080554 7.58517715102062 7.54644916253164 7.39225439354777 7.48620562488213 7.47903377516195 7.45966978091747 7.39655750337988 7.38723409874365 7.35567795997486
-9999 -9999 -9999 -9999 -9999 -9999 -9999 -9999 -9999 -9999 -9999 -9999 -9999 -9999 -9999 -9999 -9999 -9999 -9999 -9999 -9999 -9999 -9999 -9999 -9999 -9999 -9999 -9999 -9999 -9999 9.78499978128821 7.00802254478913 6.86297188419849 7.13598029688001 7.33487959578633 7.37217321433127 7.48333688499406 7.53784294286743 7.38293098891154 7.39512313343585 7.47257911041379 7.57943967124447 7.75514998938888 7.91651660809293 7.75945309922099 7.74510939978063 7.4489120063372 7.67554245749488 7.88782920921221 7.74295784486458 7.58876307588071 7.60884425509721 7.46827600058168 7.45393230114132 7.42381053231657 7.51130709890276 7.51489302376285 7.56151004694402 7.52780235325918 7.44030578667298 7.42739645717666 7.35496077500284
-9999 -9999 -9999 -9999 -9999 -9999 -9999 -9999 -9999 -9999 -9999 -9999 -9999 -9999 -9999 -9999 -9999 -9999 -9999 -9999 -9999 -9999 -9999 -9999 -9999 -9999 -9999 -9999 -9999 -9999 -9999 10.5999997630715 6.9153263871558 7.15749584604055 7.24881739914417 7.26818139338866 7.38508254382759 7.66693623783067 7.56294441688806 7.57083345158026 7.68916897196323 7.80463575245813 7.96241644630209 7.88065735949203 7.55290382727981 7.66765342280269 7.81611071201041 7.68271430721506 8.17757193790749 7.90791038842872 7.66191594302654 7.59306618571281 7.55577256716788 7.50843835901469 7.31910152640194 7.441022971645 7.34922329522669 7.44030578667298 7.42165897740051 7.45393230114132 7.39225439354777 7.35998106980696
-9999 -9999 -9999 -9999 -9999 -9999 -9999 -9999 -9999 -9999 -9999 -9999 -9999 -9999 -9999 -9999 -9999 -9999 -9999 -9999 -9999 -9999 -9999 -9999 -9999 -9999 -9999 -9999 -9999 -9999 -9999 10.5489766472019 9.64995268546045 7.21080659562722 7.38077943399549 7.3535264050588 7.55935849202797 7.76232183910906 7.82471693167463 7.74510939978063 7.96026489138603 8.04704427300021 8.11374247539788 8.22849207092077 7.93803215725347 7.83762626117095 7.62677387939766 8.08218633662909 8.13167209969833 8.17255164310336 7.81180760217831 7.78025146340951 7.75012969458476 7.73220007028431 7.67482527252287 7.35137485014275 7.27176731824875 7.33057648595423 7.36069825477898 7.33272804087028 6.81778923096135 7.00712606357411
-9999 -9999 -9999 -9999 -9999 -9999 -9999 -9999 -9999 -9999 -9999 -9999 -9999 -9999 -9999 -9999 -9999 -9999 -9999 -9999 -9999 -9999 -9999 -9999 -9999 -9999 -9999 -9999 -9999 -9999 -9999 -9999 7.39627575214087 7.63968320889398 7.50628680409864 7.73865473503247 7.62677387939766 7.85053559066728 7.89643542887643 7.98321481049061 8.19335000729188 8.17183445813134 8.35543381096795 8.14027831936255 8.10155033087358 8.0226599839516 7.91006194334477 8.02337716892362 7.98823510529473 8.27510909410194 8.19980467204005 7.7795342784375 7.75012969458476 7.70566422631964 7.80893886229023 7.55362101225182 7.41950742248446 7.28611101768911 7.19574571121484 7.16777549730614 7.15630053775385 7.11685536429286
-9999 -9999 -9999 -9999 -9999 -9999 -9999 -9999 -9999 -9999 -9999 -9999 -9999 -9999 -9999 -9999 -9999 -9999 -9999 -9999 -9999 -9999 -9999 -9999 -9999 -9999 -9999 -9999 -9999 -9999 -9999 -9999 10.9020339940225 7.47903377516195 7.84766685077921 7.77236242871732 8.10513625573367 7.97819451568648 8.11374247539788 8.33606981672347 8.16753134829924 8.24785606516525 8.15247046388686 8.1302377297543 7.91579942312092 7.97389140585437 8.23709829058498 7.7357859951444 7.8075044923462 7.80248419754207 8.21414837148041 7.82615130161867 7.97173985093832 7.97317422088236 7.97030548099428 7.13191624870524 7.25025176908821 7.34205144550651 7.34492018539459 7.12474439898506 6.96839807508513 6.55386516125873
-9999 -9999 -9999 -9999 -9999 -9999 -9999 -9999 -9999 -9999 -9999 -9999 -9999 -9999 -9999 -9999 -9999 -9999 -9999 -9999 -9999 -9999 -9999 -9999 -9999 -9999 -9999 -9999 -9999 -9999 -9999 -9999 8.88341975010582 7.68988615693524 7.69490645173937 7.7795342784375 8.04991301288828 8.11732840025797 8.37981810001656 8.27080598426983 8.38053528498858 8.46803185157478 8.60644855117425 8.437192897778 7.96385081624612 7.92655719770119 7.71642200089991 8.20123904198408 7.74726095469669 7.73722036508843 7.98034607060254 8.12880335981026 8.19048126740381 8.11732840025797 7.81826226692647 7.81180760217831 7.44174015661702 7.23375651473179 7.08386485558003 6.98274177452549 7.00927761849016 7.10394603479654
-9999 -9999 -9999 -9999 -9999 -9999 -9999 -9999 -9999 -9999 -9999 -9999 -9999 -9999 -9999 -9999 -9999 -9999 -9999 -9999 -9999 -9999 -9999 -9999 -9999 -9999 -9999 -9999 -9999 -9999 -9999 -9999 -9999 8.52705859224929 7.50198369426653 7.6045411452651 7.89643542887643 7.96098207635805 8.11230810545385 8.26650287443772 8.25502791488543 8.36906032543629 8.49456769553944 8.45225378219038 8.60357981128618 7.88280891440809 8.08290352160111 7.99755850993097 7.97604296077043 7.77021087380126 7.95022430177778 8.02481153886765 7.98751792032272 8.02768027875572 7.90504164854065 7.86487929010764 7.88280891440809 7.1900082314387 7.26459546852857 7.39368876349181 7.50413524918258 7.34922329522669
-9999 -9999 -9999 -9999 -9999 -9999 -9999 14.1395621349073 15.4914242825471 14.2219517140005 13.3526482987218 7.1983275771141 7.84724497726625 10.3462392209683 8.41999981179833 -9999 -9999 -9999 -9999 -9999 -9999 -9999 -9999 -9999 -9999 -9999 -9999 -9999 -9999 -9999 -9999 -9999 -9999 -9999 8.29519027331844 7.46827600058168 7.59019744582474 7.77021087380126 7.92440564278513 7.98034607060254 8.09868159098551 8.26865442935377 8.32459485717118 8.30307930801064 8.38985868962482 7.66980497771874 7.72502822056413 8.25717946980149 7.79889827268198 7.79387797787786 7.87635424965993 7.87491987971589 7.998992879875 7.97030548099428 7.89715261384845 7.89858698379248 7.84408092591912 7.78885768307373 7.71427044598386 7.74152347492054 7.73220007028431 7.27320168819278
-9999 -9999 -9999 -9999 16.949999621138 11.1022834357522 10.6185468494194 9.3853114307858 9.65282142534852 12.1622516424395 17.6777335946775 20.0928677221596 -9999 -9999 -9999 -9999 -9999 -9999 -9999 -9999 -9999 -9999 -9999 -9999 -9999 -9999 -9999 -9999 -9999 -9999 -9999 -9999 -9999 -9999 7.84479811089113 7.81467634206638 7.65259253839031 7.93588060233742 8.16681416332722 8.15677357371897 8.1660969783552 8.29519027331844 8.30379649298266 7.38042084150948 8.43145541800186 6.87922807689756 6.97879725717939 6.86978514143266 7.88280891440809 5.90194402169436 5.6563081687782 7.86774802999571 7.86129336524755 7.88496046932414 7.99971006484702 7.91436505317688 7.94878993183374 7.89643542887643 7.91938534798101 7.82543411664665 7.61888484470546 7.7436750298366
8.62696004137397 14.0526077916846 16.3766022583627 8.3253120421432 8.57991270720959 9.26625872543082 9.26267280057073 9.31144137866795 9.57177952351049 14.8919915601464 -9999 -9999 -9999 -9999 -9999 -9999 -9999 -9999 -9999 -9999 -9999 -9999 -9999 -9999 -9999 -9999 -9999 -9999 -9999 -9999 -9999 -9999 -9999 -9999 13.6449996950105 7.69418926676735 7.7917264229618 8.17255164310336 8.10513625573367 8.12091432511806 8.13884394941851 7.91149631328881 8.06927700713277 7.03437909251079 8.37479780521244 6.9350489738863 7.64470350369811 6.63705861801282 6.29496138636023 7.80463575245813 7.81467634206638 7.75801872927696 7.80535293743014 7.89643542887643 6.60944699659012 7.92512282775715 7.98034607060254 7.83117159642279 7.7838373882696 7.6920377118513 7.73435162520036 7.640400393866
9.5165562806651 8.13956113439053 8.26363413454965 8.59927670145407 8.70828881720081 8.74988554557785 8.92487867875025 8.58565018698573 9.57966855820268 15.5899996515363 -9999 -9999 -9999 -9999 -9999 -9999 -9999 -9999 -9999 -9999 -9999 -9999 -9999 -9999 -9999 -9999 -9999 -9999 -9999 -9999 -9999 -9999 -9999 -9999 -9999 7.03133105637971 7.20184178347699 7.35531936748885 7.57155063655227 8.09007537132129 7.99684132495895 8.17542038299143 8.21343118650839 8.30594804789871 8.50245673023164 8.37264625029638 6.65319527988322 6.36345255118795 7.46971037052572 7.72502822056413 6.96935432171449 8.35471662599593 8.23279518075287 8.09868159098551 7.59521774062887 7.67267371760681 7.65474409330636 7.63968320889398 7.5127414688468 7.38508254382759 7.73506881017238 7.49122591968626
8.1660969783552 8.21701711136848 8.40491957403719 8.40061646420509 8.56700337771326 8.62509536044672 8.72478407155722 9.79482404980808 8.73042999580503 -9999 -9999 -9999 -9999 -9999 -9999 -9999 -9999 -9999 -9999 -9999 -9999 -9999 -9999 -9999 -9999 -9999 -9999 -9999 -9999 -9999 -9999 -9999 -9999 -9999 -9999 -9999 8.08485948061571 7.48261970002204 7.998634287389 7.76052887667902 8.00473035965115 7.96026489138603 8.2815637588501 8.23853266052902 7.51489302376285 8.05493330769241 6.30500197596848 6.94975126581267 7.59163181576878 8.07501448690891 8.10943936556578 8.21199681656435 8.22347177611664 8.26291694957763 7.4252449022606 7.43026519706473 7.47544785030186 7.97819451568648 7.25527206389233 7.79531234782189 6.10753704700619 7.68988615693524
8.25144199002534 8.2535935449414 8.30307930801064 8.49313332559541 8.83021026244387 8.755623025354 8.68247015820816 7.73757895757444 12.7897884929553 -9999 -9999 -9999 -9999 -9999 -9999 -9999 -9999 -9999 -9999 -9999 -9999 -9999 -9999 -9999 -9999 -9999 -9999 -9999 -9999 -9999 -9999 -9999 -9999 -9999 -9999 -9999 -9999 -9999 -9999 5.02999988757074 4.26216034858953 7.78409818280488 7.91006194334477 8.27726064901799 8.07214574702084 8.18115786276758 8.06569108227268 6.80344553152099 7.63853571293876 7.95022430177778 8.02983183367178 8.04130679322407 7.69132052687928 7.80893886229023 7.42596208723262 7.34778892528266 7.3097781217657 7.13263343367726 6.43194371601567 7.42022460745648 7.27822198299691 6.36763613019139
8.15103609394282 8.11230810545385 8.45655689202249 8.28012938890606 8.15749075869098 8.93778800824657 9.04464856907725 8.49026458570734 14.3049996802583 -9999 -9999 -9999 -9999 -9999 -9999 -9999 -9999 -9999 -9999 -9999 -9999 -9999 -9999 -9999 -9999 -9999 -9999 -9999 -9999 -9999 -9999 -9999 -9999 -9999 -9999 -9999 -9999 -9999 -9999 -9999 -9999 -9999 -9999 11.2216528153359 8.30021056812257 7.97962888563052 8.0585192325525 8.53339813902442 7.15008493466303 8.01620531920344 7.87276832479984 7.42883082712069 7.79889827268198 7.90217290865257 7.48763999482617 7.39512313343585 6.89739676285535 6.91640216461383 6.84468366741203 7.00461591617204 5.9431821575854 7.00640887860209
8.15103609394282 8.09509566612542 8.39559616940096 8.49743643542752 8.30307930801064 8.78933071903884 8.98583940137178 8.88615069026127 8.41065705381334 14.1199996843934 -9999 -9999 -9999 -9999 -9999 16.1899624452926 -9999 -9999 -9999 -9999 -9999 -9999 -9999 -9999 -9999 -9999 -9999 -9999 -9999 -9999 -9999 -9999 -9999 -9999 -9999 -9999 -9999 -9999 -9999 -9999 -9999 -9999 -9999 -9999 8.78499980363995 8.74978309058185 7.77666553854942 7.8153935270384 7.66908779274672 7.96169926133007 8.00186161976308 7.9229712728411 7.8555558854714 7.84766685077921 7.3097781217657 6.73638873663731 6.89261552970856 7.46024352889508 6.47736543091014 6.72383799962699 6.95501062227413 6.97987303463742
8.07429730193689 7.82399974670261 7.93372904742137 8.14745016908273 8.04560990305617 8.16251105349511 8.31527145253494 8.62150943558663 9.40718557243235 10.1856898595579 16.4099996332079 -9999 -9999 -9999 -9999 -9999 -9999 -9999 -9999 -9999 -9999 -9999 -9999 -9999 -9999 -9999 -9999 -9999 -9999 -9999 -9999 -9999 -9999 -9999 -9999 -9999 -9999 -9999 -9999 -9999 -9999 -9999 -9999 -9999 -9999 12.5599997192621 7.91444474039599 7.75514998938888 7.60812707012519 7.69777519162744 7.64111757883802 7.46684163063765 7.73004851536825 8.71947690276429 4.57891704456415 6.83667510189116 6.74176762392744 5.10515151778236 7.13980528339744 5.29735709028319 5.50677510211244 6.51513717276976
8.13238928467035 7.98393199546263 8.01046783942729 8.12378306500614 8.12019714014605 8.13310646964237 8.1065706256777 8.22920925589278 8.33176670689136 8.5605487129651 9.02655957033858 9.42487613507546 -9999 -9999 17.883535788171 18.9549995763227 19.3872413538795 23.543475701962 -9999 -9999 -9999 -9999 -9999 -9999 -9999 -9999 -9999 -9999 -9999 -9999 -9999 -9999 -9999 -9999 -9999 -9999 -9999 -9999 -9999 -9999 -9999 -9999 -9999 -9999 -9999 8.8399998024106 10.2349997712299 8.50453409359887 7.70853296620771 7.72574540553614 7.61888484470546 7.45895259594545 7.32483900617808 7.17781608691439 7.02864161273465 6.90062409522943 6.8514969246462 7.10753195965663 6.57753226533532 4.09535507718101 5.87325662281364 6.13789787748829
8.15892512863502 8.10441907076165 8.0506301978603 8.1223486950621 8.08003478171304 8.06999419210479 8.17255164310336 8.37694936012849 8.61433758586645 8.57991270720959 9.11493269633502 10.1633136884309 17.5749996071681 10.3550479679501 9.96461759193335 10.430249935016 12.1557969776914 12.8124852879521 -9999 -9999 -9999 -9999 -9999 -9999 -9999 -9999 -9999 -9999 -9999 -9999 -9999 -9999 -9999 -9999 -9999 -9999 -9999 -9999 -9999 -9999 -9999 -9999 -9999 -9999 -9999 -9999 -9999 -9999 7.9895499444101 8.77498701959848 8.04776145797223 7.97030548099428 7.92619860521518 6.92178105190396 7.03760642488487 7.08171330066398 7.27965635294095 6.445211637998 7.16968799056485 7.09139529778622 5.05781730962917 5.6724448306486
8.26004820968956 8.32387767219916 8.09868159098551 8.10083314590156 8.04058960825205 7.958830521442 8.10083314590156 8.3016449380666 8.95858637243509 9.40610979497433 9.4369487487711 9.64134646579623 7.45464948611334 9.738405498676 9.75394450640306 10.7429425828159 16.7899996247143 21.9644989715505 -9999 -9999 -9999 -9999 -9999 -9999 -9999 -9999 -9999 -9999 -9999 -9999 -9999 -9999 -9999 -9999 -9999 -9999 -9999 -9999 -9999 -9999 -9999 -9999 -9999 -9999 -9999 -9999 -9999 -9999 7.90912960288115 7.83619189122692 7.80391856748611 7.86201055021957 7.28288368531503 5.8517410736531 8.04058960825205 8.25449002615642 7.78688542440068 7.02003539307043 6.74033325398341 6.94006926869042 5.30524612497538 5.3934598765336
8.29447308834642 8.30809960281476 8.29590745829046 8.13095491472632 7.96743674110621 7.86918239993975 8.14314705925062 8.21127963159233 8.18474378762767 9.55456708418205 9.5086672459729 9.42188786435872 9.87873469153419 9.91746268002316 10.4270943211392 10.15391304849 17.0699996184558 -9999 -9999 -9999 -9999 -9999 -9999 -9999 -9999 -9999 -9999 -9999 -9999 -9999 -9999 -9999 -9999 -9999 -9999 -9999 -9999 -9999 -9999 -9999 -9999 -9999 -9999 -9999 -9999 -9999 -9999 -9999 7.63380229212344 7.82399974670261 7.84479811089113 7.83475752128288 7.33452100330032 7.20829644822516 7.09533981513232 7.02146976301447 7.01393932080828 6.99600969650783 7.07776878331788 7.20937222568318 7.17960904934444 7.09569840761833
8.27654346404597 8.32459485717118 8.28371531376615 7.47759940521792 7.96958829602227 7.99253821512684 7.97030548099428 8.21127963159233 7.82830285653472 8.81514937803149 8.72478407155722 8.33248389186338 8.93348489841446 9.24474317627028 10.4056265843101 6.69999985024333 -9999 -9999 -9999 -9999 -9999 -9999 -9999 -9999 -9999 -9999 -9999 -9999 -9999 -9999 -9999 -9999 -9999 -9999 -9999 -9999 -9999 -9999 -9999 -9999 -9999 -9999 -9999 -9999 -9999 -9999 -9999 -9999 7.84595664046132 7.99253821512684 7.49313841294497 7.49433372123167 7.34205144550651 6.6485335775651 7.47401348035783 7.1462599481456 7.22371592512354 7.22443311009556 6.76973783783615 7.26280250609852 7.05661182664335 7.24559006677009
8.96217229729518 8.31634722999297 8.82303841272369 9.22215184965171 7.8634449201636 7.91651660809293 7.87850580457598 7.7795342784375 8.35830255085602 9.06401256332174 9.05684071360156 8.79506819881499 8.5885189268738 8.77857294445857 10.9150247887489 -9999 -9999 -9999 -9999 -9999 -9999 -9999 -9999 -9999 -9999 -9999 -9999 -9999 -9999 -9999 -9999 -9999 -9999 -9999 -9999 -9999 -9999 -9999 -9999 -9999 -9999 -9999 -9999 -9999 -9999 -9999 -9999 -9999 -9999 4.48499989975244 9.29266009721323 7.57062854158825 7.18976916978136 7.71821496332996 7.29973753215745 7.30798515933566 7.21690266788937 7.20542770833708 7.53258358640596 7.2301705898717 7.15271461289376 7.02003539307043
8.12019714014605 8.55767997307703 8.25215917499736 8.77498701959848 7.17494734702632 7.80320138251409 7.90145572368056 8.00042724981904 8.49313332559541 9.04895167890936 9.751792951487 9.63345743110403 9.56173893390223 8.78215886931866 14.9231095244177 11.0518145906739 -9999 -9999 -9999 -9999 -9999 -9999 -9999 -9999 -9999 -9999 -9999 -9999 -9999 -9999 -9999 -9999 -9999 -9999 -9999 -9999 -9999 -9999 -9999 -9999 -9999 -9999 -9999 -9999 -9999 -9999 8.37563452101313 9.05967893498018 8.59499980788678 -9999 11.5949583295733 8.28481867526156 7.4888950685272 7.31336404662579 7.20937222568318 7.2298119973857 7.79674671776593 7.37097790604457 7.77451398363337 7.46038696588948 7.49803917692043 7.44532608147711
8.42930386308581 8.86965543590486 8.76100191264413 9.23147525428794 11.3202764852904 8.27510909410194 8.2098452616483 8.11876277020201 8.01405376428738 8.80224004853517 9.33869440760463 9.6442152056843 9.67361978953704 10.0580309345387 10.6213285025608 -9999 -9999 -9999 -9999 -9999 -9999 -9999 -9999 -9999 -9999 -9999 -9999 -9999 -9999 -9999 -9999 -9999 -9999 -9999 -9999 -9999 -9999 -9999 -9999 -9999 -9999 -9999 -9999 -9999 -9999 -9999 -9999 -9999 8.44533173847169 11.1037518223748 10.4705557304434 13.9425096529802 13.5847880344372 8.76201249146834 7.61350595741533 7.21761985286139 7.55911943037063 7.66048157308251 7.54286323767155 7.61171299498528 7.47975096013397 7.40014342823997
8.72119814669713 8.76494642999023 8.84132662951015 8.07214574702084 8.26004820968956 8.30666523287073 8.22634051600471 8.34611040633172 8.63155002519488 8.75347147043794 8.95356607763097 9.58325448306277 9.88805809617043 10.0530106397346 14.5599996745586 -9999 -9999 -9999 -9999 -9999 -9999 -9999 -9999 -9999 -9999 -9999 -9999 -9999 -9999 -9999 -9999 -9999 -9999 -9999 -9999 -9999 -9999 -9999 -9999 -9999 -9999 -9999 -9999 -9999 -9999 -9999 -9999 -9999 -9999 -9999 14.2851191596128 10.3058183423709 9.77330850064754 9.43178501697257 7.91340880654752 7.63968320889398 7.786228004843 6.73770357575268 7.59450055565685 7.45393230114132 7.66299172048457 7.79602953279391
9.24617754621431 8.72478407155722 8.85316018154845 8.10011596092954 8.59999388642609 8.88973661512136 8.51966916956007 8.63872187491506 8.82590715261176 9.0145268002525 9.52372813038528 9.38602861575782 10.3011566400528 10.4524826691486 10.6798303052783 -9999 -9999 -9999 -9999 -9999 -9999 -9999 -9999 -9999 -9999 -9999 -9999 -9999 -9999 -9999 -9999 -9999 -9999 -9999 -9999 -9999 -9999 -9999 -9999 -9999 -9999 -9999 -9999 -9999 -9999 -9999 -9999 -9999 -9999 -9999 -9999 -9999 12.929999710992 11.7267410681816 9.20135348546319 9.36594743654132 8.70900600217283 8.6480452795513 9.37042984261643 7.31479841656983 8.10334329330362 7.54573197755963
