EcologicalScience/Bass/data/rs_data_bass/sst_545.asc
NCOLS 226 
NROWS 124 
XLLCORNER -9.41648524995501 
YLLCORNER 47.587301625531 
CELLSIZE 0.0833 
NODATA_value -9999 
[rows 27 to 53 of 124, columns 62 to 123 of 226]
-9999 -9999 -9999 -9999 -9999 -9999 -9999 -9999 -9999 -9999 -9999 -9999 -9999 -9999 -9999 -9999 -9999 -9999 -9999 -9999 -9999 -9999 -9999 -9999 -9999 -9999 -9999 -9999 12.5299997199327 10.9049997562543 12.1041596597061 12.1701406771317 12.180898451712 12.0855128504336 12.0267036827281 12.0338755324483 12.181615636684 12.2016968159005 12.3272041860037 12.5918454406783 12.6140781748109 12.5703298915178 12.5739158163778 12.6033204002306 12.578936111182 12.6262703193352 12.7359996200539 12.8643757300451 12.8529007704929 12.8823053543456 12.9210333428346 13.0042267995887 13.0874202563427 13.176351192873 13.0472578979097 13.1211279500276 13.1548356437124 13.2466353201307 13.2595446496271 13.3807489098981 13.5428327135742 13.4926297655329
-9999 -9999 -9999 -9999 -9999 -9999 -9999 -9999 -9999 -9999 -9999 -9999 -9999 -9999 -9999 -9999 -9999 -9999 -9999 -9999 -9999 -9999 -9999 -9999 -9999 -9999 -9999 -9999 -9999 -9999 9.78499978128821 12.0546738966368 12.1730094170198 12.1651203823276 12.0869472203776 12.1565141626634 12.2024140008725 12.26194035355 12.3652149895206 12.3164464114234 12.3845789837651 12.3867305386811 12.5373393828049 12.5452284174971 12.6083406950347 12.6320077991113 12.7331308801658 12.8120212270878 12.8521835855208 12.9339426723309 12.9834284354001 13.0329141984694 12.976973770652 13.1455122390762 13.1985839270055 13.4201940833591 13.377162985038 13.4094363087788 13.4524674070999 13.4926297655329 13.4668111065403 13.4625079967082
-9999 -9999 -9999 -9999 -9999 -9999 -9999 -9999 -9999 -9999 -9999 -9999 -9999 -9999 -9999 -9999 -9999 -9999 -9999 -9999 -9999 -9999 -9999 -9999 -9999 -9999 -9999 -9999 -9999 -9999 -9999 12.0699997302145 12.1378673533909 12.0905331452377 12.0926847001538 12.0661488561891 12.0388958272524 12.1923734112643 12.2856074576266 12.3487197351642 12.2526169489138 12.2475966541097 12.4240241572261 12.4921567295678 12.5631580417976 12.578936111182 12.5488143423572 12.7876369380392 12.9023865335621 12.9712362908758 13.1139561003074 13.2380291004665 13.2208166611381 13.2244025859982 13.2279885108583 13.3197881872766 13.4517502221279 13.4919125805609 13.53422649391 13.656865124125 13.6826837831177 13.7027649623342
-9999 -9999 -9999 -9999 -9999 -9999 -9999 -9999 -9999 -9999 -9999 -9999 -9999 -9999 -9999 -9999 -9999 -9999 -9999 -9999 -9999 -9999 -9999 -9999 -9999 -9999 -9999 -9999 -9999 -9999 -9999 12.4699997212738 12.2648090934381 12.0016022087075 12.1163518042304 12.1055940296501 12.0274208677001 12.1995452609845 12.2533341338858 12.2131717754528 12.3157292264514 12.4749442902394 12.540925307665 12.4921567295678 12.420438232366 12.4663380705751 12.5932798106223 12.9941862099804 13.0945921060629 13.1031983257271 13.1254310598597 13.2466353201307 13.2344431756064 13.2430493952706 13.2932523433119 13.4990844302811 13.5959044015035 13.6575823090971 13.5779747772031 13.4990844302811 13.6776634883136 13.7945646387525
-9999 -9999 -9999 -9999 -9999 -9999 -9999 -9999 -9999 -9999 -9999 -9999 -9999 -9999 -9999 -9999 -9999 -9999 -9999 -9999 -9999 -9999 -9999 -9999 -9999 -9999 -9999 -9999 -9999 -9999 -9999 12.2299997266382 12.2260811049491 11.9858241393231 12.1192205441184 12.10200810479 12.0969878099859 12.1601000875235 12.2138889604248 12.1055940296501 12.6234015794471 12.6104922499508 12.6721701575443 12.7345652501099 12.65997801302 12.6018860302866 12.6133609898388 12.9547410365194 12.9719534758478 13.0680562620983 13.1268654298037 13.1161076552235 12.8364055161364 12.9282051925547 13.2315744357184 13.6217230604962 13.5829950720072 13.6841181530617 13.5249030892737 13.5478530083783 13.7185430317186 13.7644428699277
-9999 -9999 -9999 -9999 -9999 -9999 -9999 -9999 -9999 -9999 -9999 -9999 -9999 -9999 -9999 -9999 -9999 -9999 -9999 -9999 -9999 -9999 -9999 -9999 -9999 -9999 -9999 -9999 -9999 -9999 -9999 -9999 12.1450392031111 12.2518997639418 12.1263923938386 12.0374614573084 12.0869472203776 12.1371501684189 12.0998565498739 12.1837671916001 12.4763786601834 12.660695197992 12.8801537994295 12.8543351404369 12.8407086259685 12.8249305565841 12.7295449553058 12.9984893198125 13.21794792125 13.1670277882367 13.3993957191706 13.2452009501867 13.3922238694504 13.3728598752059 13.2609790195711 13.5815607020631 13.6984618525021 13.6819665981457 13.7099368120544 13.6762291183695 13.7049165172502 13.7422101357952
-9999 -9999 -9999 -9999 -9999 -9999 -9999 -9999 -9999 -9999 -9999 -9999 -9999 -9999 -9999 -9999 -9999 -9999 -9999 -9999 -9999 -9999 -9999 -9999 -9999 -9999 -9999 -9999 -9999 -9999 -9999 -9999 10.5699997637421 12.3142948565073 12.2791527928784 12.2239295500331 12.1708578621037 12.140018908307 12.1342814285308 12.2648090934381 12.3723868392408 12.5688955215737 12.7625354640186 12.7632526489906 12.7560807992704 12.7567979842424 12.9984893198125 13.1584215685725 12.8837397242896 12.8844569092616 13.1706137130968 13.4072847538628 13.4682454764843 13.5069734649733 13.4094363087788 13.6482589044608 13.6805322282016 13.735755471047 13.7070680721663 13.6841181530617 13.7379070259631 13.6769463033415
-9999 -9999 -9999 -9999 -9999 -9999 -9999 -9999 -9999 -9999 -9999 -9999 -9999 -9999 -9999 -9999 -9999 -9999 -9999 -9999 -9999 -9999 -9999 -9999 -9999 -9999 -9999 -9999 -9999 -9999 -9999 -9999 -9999 10.1499997731298 12.2138889604248 12.2454450991936 12.183050006628 12.0898159602657 12.1393017233349 12.2411419893615 12.3293557409197 12.4111148277298 12.3623462496325 12.5344706429169 12.5853907759301 12.6693014176562 12.7539292443544 12.9260536376387 12.9095583832823 13.1125217303634 13.2516556149349 13.4108706787229 13.4302346729673 13.4216284533031 13.5327921239659 13.6453901645727 13.655430754181 13.813928632997 13.8383129220456 13.853373806458 13.8820612053387 13.9674062170088
-9999 -9999 -9999 -9999 -9999 -9999 -9999 12.7288277703337 12.50004576426 12.7367168050259 12.7216559206136 12.779747903347 12.7799997143447 6.08499986398965 8.41999981179833 -9999 -9999 -9999 -9999 -9999 -9999 -9999 -9999 -9999 -9999 -9999 -9999 -9999 -9999 -9999 -9999 -9999 -9999 -9999 11.9858241393231 12.0245521278121 12.0697347810492 12.0733207059093 12.1120486943983 12.0883815903217 12.1565141626634 12.2031311858445 12.3860133537091 12.6499374234118 12.6621295679361 12.7324136951938 12.7438886547461 12.9741050307639 13.1075014355592 13.1698965281248 13.3233741121367 13.3205053722486 13.2652821294032 13.3965269792825 13.4058503839187 13.5227515343577 13.7192602166906 13.7099368120544 13.7630084999837 13.8110598931089 13.8447675867938 13.8411816619337
-9999 -9999 -9999 -9999 13.5399996973574 13.5428327135742 12.9576097764075 13.5449842684902 12.9188817879185 12.9045380884781 12.7152012558654 15.4399996548891 20.5199995413423 -9999 -9999 -9999 -9999 -9999 -9999 -9999 -9999 -9999 -9999 -9999 -9999 -9999 -9999 -9999 -9999 -9999 -9999 -9999 -9999 -9999 12.0446333070286 11.9607226653025 12.060411376413 12.0819269255735 12.0546738966368 12.0690175960772 12.3049714518711 12.3264870010316 12.4706411804073 12.5574205620214 12.6678670477122 12.7044434812851 12.859355435241 13.1067842505872 13.1691793431528 13.215796366334 13.2624133895151 13.2287056958303 13.2193822911941 13.3104647826403 13.3219397421926 13.4782860660926 13.6288949102163 13.774483459536 13.7902615289204 13.8053224133328 13.7902615289204 13.8454847717658
14.0491653038189 14.1825617086142 13.3599997013807 14.2650379803963 14.1273384657688 13.7995849335566 13.6224402454682 13.5112765748054 13.2839289386757 13.0953092910349 13.0949997073039 -9999 -9999 -9999 -9999 -9999 -9999 -9999 -9999 -9999 -9999 -9999 -9999 -9999 -9999 -9999 -9999 -9999 -9999 -9999 -9999 -9999 -9999 -9999 11.0399997532368 12.2411419893615 12.5868251458742 12.4304788219742 12.0797753706574 12.142887648195 12.3709524692968 12.6492202384397 12.6277046892792 12.6736045274884 12.7811822732911 12.7295449553058 12.9095583832823 13.1490981639363 13.2480696900748 13.1641590483487 13.1899777073413 13.2616962045431 13.1957151871175 13.1892605223693 13.2889492334798 13.3915066844784 13.6102481009439 13.7034821473062 13.7608569450676 13.7006134074181 13.4833063608967 13.6023590662517
14.2055116277188 14.1251869108528 14.1818445236422 14.334604922682 14.0599230783992 14.1517227548175 14.0627918182872 13.7414929508232 13.4682454764843 11.8449997352436 -9999 -9999 -9999 -9999 -9999 -9999 -9999 -9999 -9999 -9999 -9999 -9999 -9999 -9999 -9999 -9999 -9999 -9999 -9999 -9999 -9999 -9999 -9999 -9999 -9999 12.8077181172557 12.7668385738507 12.7338480651379 12.7481917645782 12.7438886547461 12.7704244987108 12.7202215506695 12.7618182790466 12.7223731055856 12.9210333428346 13.1031983257271 13.2258369559422 13.2609790195711 13.3083132277243 13.2724539791234 13.2401806553826 13.2889492334798 13.2322916206904 13.2086245166138 13.4280831180513 13.5033875401132 13.5578935979865 13.6267433553003 13.6346323899925 13.5500045632944 13.5966215864755 13.415173788555
14.3876766106114 14.5131839807145 14.294442564249 14.2313302867115 14.3826563158073 14.3023315989412 14.135227500461 13.975295251701 13.8599996902049 -9999 -9999 -9999 -9999 -9999 -9999 -9999 -9999 -9999 -9999 -9999 -9999 -9999 -9999 -9999 -9999 -9999 -9999 -9999 -9999 -9999 -9999 -9999 -9999 -9999 -9999 -9999 12.7697073137388 12.7926572328433 12.7761619784869 12.8234961866401 12.9303567474708 12.8629413601011 12.697988816537 12.659260828048 12.817041521892 12.8722647647373 13.0336313834414 13.1734824529849 13.2036042218097 13.178502747789 13.2681508692913 13.2824945687316 13.3104647826403 13.4381237076595 13.3929410544224 13.3513443260454 13.5729544823989 13.5865809968673 13.5672170026228 13.536378048826 13.537095233798 13.6704916385934
14.3783532059751 14.3855250556953 14.2040772577748 14.0886104772799 14.1954710381106 14.0054170205258 14.0807214425877 13.9078798643313 12.7897884929553 -9999 -9999 -9999 -9999 -9999 -9999 -9999 -9999 -9999 -9999 -9999 -9999 -9999 -9999 -9999 -9999 -9999 -9999 -9999 -9999 -9999 -9999 -9999 -9999 -9999 -9999 -9999 -9999 -9999 -9999 13.1449997061864 13.1447950541042 13.3140507075004 12.9461348168552 12.8270821115002 12.8034150074236 12.7123325159773 12.737433989998 12.7302621402778 12.7940916027874 12.9554582214914 13.0408032331616 13.0666218921542 13.139057574328 13.2753227190115 13.0730765569024 13.3621021006256 13.4230628232472 13.6511276443489 13.7077852571383 13.7113711819984 13.6755119333975 13.5779747772031
14.3898281655274 14.3116550035775 14.3023315989412 14.2255928069353 14.0721152229235 14.0871761073358 14.135227500461 13.9466078528203 14.3099996801466 -9999 -9999 -9999 -9999 -9999 -9999 -9999 -9999 -9999 -9999 -9999 -9999 -9999 -9999 -9999 -9999 -9999 -9999 -9999 -9999 -9999 -9999 -9999 -9999 -9999 -9999 -9999 -9999 -9999 -9999 -9999 -9999 -9999 -9999 12.7101809610613 12.8930631289259 12.8844569092616 12.8414258109406 12.8500320306048 12.8313852213323 12.8428601808846 12.8227790016681 12.7575151692145 12.7847681981511 12.9640644411556 13.255241539795 13.177785562817 13.3922238694504 13.3520615110174 13.1835230425932 13.2258369559422 13.7665944248438 13.7379070259631
14.2334818416275 14.5468916743994 14.5189214604907 14.3546861018986 14.2865535295568 14.2757957549766 14.4421826684847 14.2994628590532 14.1624805293977 14.3499996792525 -9999 -9999 -9999 -9999 -9999 16.1899624452926 -9999 -9999 -9999 -9999 -9999 -9999 -9999 -9999 -9999 -9999 -9999 -9999 -9999 -9999 -9999 -9999 -9999 -9999 -9999 -9999 -9999 -9999 -9999 -9999 -9999 -9999 -9999 -9999 12.4549997216091 12.9870143602602 13.0035096146166 12.9949033949524 13.0400860481896 13.0336313834414 13.0013580597006 12.9360942272469 12.8894772040658 12.8744163196534 13.0020752446726 12.8536179554649 12.9906002851203 12.6872310419567 12.1486251279712 13.0945921060629 13.3183538173325 13.5335093089379
14.2248756219633 14.2973113041371 14.450788888149 14.2693410902284 14.4149296395481 14.452223258093 14.3381908475421 14.3059175238013 14.1947538531385 14.0721152229235 13.8849996896461 -9999 -9999 -9999 -9999 -9999 -9999 -9999 -9999 -9999 -9999 -9999 -9999 -9999 -9999 -9999 -9999 -9999 -9999 -9999 -9999 -9999 -9999 -9999 -9999 -9999 -9999 -9999 -9999 -9999 -9999 -9999 -9999 -9999 -9999 12.1949997274205 13.0895718112588 13.1490981639363 13.1125217303634 13.1275826147757 13.0924405511469 13.0408032331616 12.9289223775268 12.8285164814442 12.8744163196534 12.8715475797653 12.817041521892 12.8701132098213 12.6004516603425 11.8782463935204 12.7288277703337 12.9411145220511
14.0964995119721 14.2765129399486 14.2779473098926 14.2442396162078 14.3783532059751 14.2994628590532 14.3080690787174 14.3166752983816 14.3152409284376 14.2463911711238 14.2557145757601 12.0449997307733 6.49499985482544 -9999 10.76530100916 10.5949997631833 21.0099995303899 21.0099995303899 -9999 -9999 -9999 -9999 -9999 -9999 -9999 -9999 -9999 -9999 -9999 -9999 -9999 -9999 -9999 -9999 -9999 -9999 -9999 -9999 -9999 -9999 -9999 -9999 -9999 -9999 -9999 8.8399998024106 12.7599997147918 12.7596667241305 13.3097475976683 13.2602618345991 13.2265541409142 13.2122104414739 13.0687734470703 13.0709250019863 13.1046326956712 13.1168248401955 13.0479750828817 12.9138614931144 12.7116153310053 12.7216559206136 12.6054719551466 12.5681783366017
14.0656605581753 14.1079744715244 14.2012085178867 14.2004913329147 14.2076631826349 14.2994628590532 14.3554032868706 14.2851191596128 14.2291787317954 14.2757957549766 14.1997741479427 14.1624805293977 15.3649996565655 12.8048493773676 13.1075014355592 12.700140371453 13.3655087292427 11.3999997451901 -9999 -9999 -9999 -9999 -9999 -9999 -9999 -9999 -9999 -9999 -9999 -9999 -9999 -9999 -9999 -9999 -9999 -9999 -9999 -9999 -9999 -9999 -9999 -9999 -9999 -9999 -9999 -9999 -9999 -9999 13.255958724767 13.2760399039835 13.2086245166138 13.2717367941514 13.2365947305225 13.2222510310821 13.0945921060629 13.059450042434 12.9733878457919 12.73815117497 12.6391796488315 12.4857020648196 12.7424542848021 12.697988816537
13.9674062170088 14.0477309338748 14.1187322461046 14.2786644948646 14.3955656453036 14.3754844660871 14.4400311135687 14.4149296395481 14.5454573044553 14.5569322640076 14.4378795586526 14.2442396162078 14.0993682518601 13.8318582572974 13.9372844481841 13.5570739580185 16.0549996411428 -9999 -9999 -9999 -9999 -9999 -9999 -9999 -9999 -9999 -9999 -9999 -9999 -9999 -9999 -9999 -9999 -9999 -9999 -9999 -9999 -9999 -9999 -9999 -9999 -9999 -9999 -9999 -9999 -9999 -9999 -9999 13.1483809789643 13.1727652680129 13.1505325338803 13.1878261524253 13.2000182969496 13.1985839270055 13.0938749210909 13.0608844123781 13.0508438227698 12.979125325568 12.7912228628993 12.5122379087843 12.8636585450731 12.8937803138979
14.0455793789588 14.1180150611326 14.1897335583344 14.3259987030178 14.3618579516187 14.4758903621696 14.4550919979811 14.4730216222815 14.5002746512182 14.4041718649678 14.3066347087733 14.334604922682 14.254280205816 14.1789757837541 13.8799096504226 14.9249996664003 15.8999996446073 -9999 -9999 -9999 -9999 -9999 -9999 -9999 -9999 -9999 -9999 -9999 -9999 -9999 -9999 -9999 -9999 -9999 -9999 -9999 -9999 -9999 -9999 -9999 -9999 -9999 -9999 -9999 -9999 -9999 -9999 -9999 13.0250251637772 13.1347544644959 13.1153904702514 13.096743660979 13.1039155106992 13.1326029095799 13.1211279500276 13.0910061812028 13.0250251637772 12.9819940654561 12.8084353022277 12.3831446138211 12.5696127065457 12.6126438048668
13.972426511813 14.0914792171679 14.1969054080546 14.3410595874302 14.4866481367499 14.5346995298751 14.5339823449031 14.5791649981402 14.5497604142874 14.2241584369913 14.3130893735215 14.1553086796775 14.0699636680074 14.012588870246 14.0090029453859 6.69999985024333 -9999 -9999 -9999 -9999 -9999 -9999 -9999 -9999 -9999 -9999 -9999 -9999 -9999 -9999 -9999 -9999 -9999 -9999 -9999 -9999 -9999 -9999 -9999 -9999 -9999 -9999 -9999 -9999 -9999 -9999 -9999 -9999 13.2796258288436 13.1978667420335 13.0551469326019 13.0307626435533 13.059450042434 13.1440778691322 13.1118045453914 13.1039155106992 13.0386516782455 12.9540238515474 12.6291390592232 12.461317775771 12.6133609898388 12.8407086259685
14.1187322461046 14.2076631826349 14.373332911171 14.414212454576 14.5992461773567 14.5970946224406 14.5992461773567 14.530396420043 14.5418713795952 14.4264045991004 14.1158635062166 13.9874873962253 13.7400585808791 14.1201666160487 14.774999669753 -9999 -9999 -9999 -9999 -9999 -9999 -9999 -9999 -9999 -9999 -9999 -9999 -9999 -9999 -9999 -9999 -9999 -9999 -9999 -9999 -9999 -9999 -9999 -9999 -9999 -9999 -9999 -9999 -9999 -9999 -9999 -9999 -9999 -9999 -9999 13.1053498806432 13.0551469326019 13.0522781927139 13.0300454585813 12.9999236897565 13.1204107650556 13.0845515164547 12.9970549498685 12.699423186481 12.50004576426 12.6456343135796 12.8543351404369
14.2463911711238 14.3023315989412 14.4436170384288 14.5225073853508 14.6021149172448 14.573427518364 14.6200445415452 14.5669728536159 14.5547807090916 14.5088808708824 14.2822504197247 14.1431165351532 13.7866756040603 13.5076906499453 14.1999996826053 14.2749996809289 -9999 -9999 -9999 -9999 -9999 -9999 -9999 -9999 -9999 -9999 -9999 -9999 -9999 -9999 -9999 -9999 -9999 -9999 -9999 -9999 -9999 -9999 -9999 -9999 -9999 -9999 -9999 -9999 -9999 -9999 -9999 7.10971849920546 6.23999986052513 -9999 11.5949583295733 13.0515610077418 13.0623187823221 13.0895718112588 13.0106814643368 12.9920346550643 12.9898831001483 12.9654988110997 12.8356883311644 12.7668385738507 12.8959318688139 12.9317911174148
14.2155522173271 14.3496658070944 14.3554032868706 14.3582720267586 14.452223258093 14.5490432293154 14.5547807090916 14.5289620500989 14.572710333392 14.5619525588118 14.3926969054155 14.1094088414684 13.9437391129322 13.8175145578571 13.2349997041747 -9999 -9999 -9999 -9999 -9999 -9999 -9999 -9999 -9999 -9999 -9999 -9999 -9999 -9999 -9999 -9999 -9999 -9999 -9999 -9999 -9999 -9999 -9999 -9999 -9999 -9999 -9999 -9999 -9999 -9999 -9999 -9999 -9999 7.8330511156598 13.9717093268409 13.8017364884727 13.7938474537805 13.5098422048613 13.5019531701691 13.1419263142161 13.1476637939923 13.1297341696918 13.1706137130968 13.1139561003074 12.5072176139802 12.819193076808 12.7983947126195
14.2729270150885 14.2851191596128 14.3489486221224 14.3647266915068 14.4307077089325 14.4823450269178 14.5375682697631 14.611438321881 14.6731162294745 14.492385616526 14.3855250556953 13.9903561361134 14.0360169126652 14.6249996731058 14.8599996678531 -9999 -9999 -9999 -9999 -9999 -9999 -9999 -9999 -9999 -9999 -9999 -9999 -9999 -9999 -9999 -9999 -9999 -9999 -9999 -9999 -9999 -9999 -9999 -9999 -9999 -9999 -9999 -9999 -9999 -9999 -9999 -9999 -9999 -9999 -9999 13.7849996918812 13.7622913150117 13.6626026039012 13.5500045632944 13.3943754243664 13.4998016152531 13.6131168408319 13.6260261703283 13.6418042397127 13.4187597134151 13.1304513546638 13.0286110886373
14.2808160497807 14.41206089966 14.3984343851916 14.4974059113301 14.5203558304347 14.5397198246792 14.6279335762374 14.4414654835127 14.5562150790356 14.6021149172448 14.3044831538573 14.2750785700046 14.4549996769056 14.1099996846169 13.6399996951222 -9999 -9999 -9999 -9999 -9999 -9999 -9999 -9999 -9999 -9999 -9999 -9999 -9999 -9999 -9999 -9999 -9999 -9999 -9999 -9999 -9999 -9999 -9999 -9999 -9999 -9999 -9999 -9999 -9999 -9999 -9999 -9999 -9999 -9999 -9999 -9999 -9999 12.6699997168034 13.6002075113356 13.7515335404314 13.9609515522607 14.3381908475421 14.3955656453036 14.0104373153299 13.7285836213268 13.8038880433887 13.4331034128554
