EcologicalScience/Bass/data/rs_data_bass/sst_120.asc
NCOLS 226 
NROWS 124 
XLLCORNER -9.41648524995501 
YLLCORNER 47.587301625531 
CELLSIZE 0.0833 
NODATA_value -9999 
[rows 54 to 80 of 124, columns 0 to 61 of 226]
-9999 -9999 -9999 -9999 -9999 -9999 -9999 -9999 -9999 -9999 -9999 -9999 -9999 -9999 -9999 -9999 -9999 -9999 -9999 -9999 -9999 -9999 -9999 -9999 -9999 -9999 -9999 -9999 -9999 -9999 -9999 -9999 -9999 -9999 -9999 -9999 -9999 -9999 14.9468746659113 14.9331246662186 15.1149996621534 14.4074996779673 14.1749996831641 14.7049996713176 14.3699996788055 13.9899996872991 13.8024996914901 13.6874996940605 12.8349997131154 12.6349997175857 13.6474996949546 13.6449996950105 13.5399996973574 13.7424996928312 14.8949996670708 14.9749996652827 15.1949996603653 15.479999653995 15.6399996504188 13.0839663638852 -9999 15.9699996430427
-9999 -9999 -9999 -9999 -9999 -9999 -9999 -9999 -9999 -9999 -9999 -9999 -9999 -9999 -9999 -9999 -9999 -9999 -9999 -9999 -9999 -9999 -9999 -9999 -9999 -9999 -9999 -9999 -9999 -9999 -9999 -9999 -9999 -9999 -9999 -9999 -9999 -9999 12.8831576067758 14.8671425248363 14.9749996652827 14.8849996672943 14.422499677632 13.9949996871874 13.9949996871874 13.6299996953458 13.1624997057952 13.1049997070804 13.0474997083656 13.2799997031689 13.2774997032247 13.2049997048452 13.7024996937253 13.8849996896461 15.2999996580184 15.3149996576831 15.4099996555597 15.3049996579066 5.61273020231015 13.6649996945634 -9999 15.0499996636063
-9999 -9999 -9999 -9999 -9999 -9999 -9999 -9999 -9999 -9999 -9999 -9999 -9999 -9999 -9999 -9999 -9999 -9999 -9999 -9999 -9999 -9999 -9999 -9999 -9999 -9999 -9999 -9999 -9999 -9999 -9999 -9999 -9999 -9999 -9999 -9999 -9999 -9999 -9999 15.1449996614829 14.8899996671826 14.7149996710941 14.6699996720999 13.9199996888638 13.4874996985309 13.3399997018278 13.3399997018278 13.1699997056276 13.2724997033365 13.3924997006543 11.2849997477606 11.1449997508898 10.9899997543544 14.8949996670708 15.1349996617064 15.2899996582419 15.3649996565655 15.3849996561185 15.4849996538833 15.5149996532127 -9999 -9999
-9999 -9999 -9999 -9999 -9999 -9999 -9999 -9999 -9999 -9999 -9999 -9999 -9999 -9999 -9999 -9999 -9999 -9999 -9999 -9999 -9999 -9999 -9999 -9999 -9999 -9999 -9999 -9999 -9999 -9999 -9999 -9999 -9999 -9999 -9999 -9999 -9999 -9999 -9999 12.2188886157754 14.8199996687472 14.7149996710941 14.4949996760115 13.8749996898696 13.634999695234 13.5624996968545 13.2574997036718 13.614999695681 13.614999695681 13.3624997013249 13.8949996894225 13.4449996994808 14.9599996656179 14.7399996705353 14.9599996656179 15.1299996618181 15.2249996596947 15.374999656342 15.499999653548 14.7549996702 14.7549996702 -9999
-9999 -9999 -9999 -9999 -9999 -9999 -9999 -9999 -9999 -9999 -9999 -9999 -9999 -9999 -9999 -9999 -9999 -9999 -9999 -9999 -9999 -9999 -9999 -9999 -9999 -9999 -9999 -9999 -9999 -9999 -9999 -9999 -9999 -9999 -9999 -9999 -9999 -9999 -9999 -9999 14.8149996688589 14.6174996732734 14.5699996743351 14.194999682717 14.2599996812642 14.6749996719882 14.9099996667355 14.6349996728823 13.8199996910989 14.0849996851757 14.0849996851757 14.5149996755645 16.8899996224791 17.3499996121973 17.8399996012449 17.5899996068329 16.3649996342137 15.4599996544421 15.9449996436015 16.7199996262789 16.9174996218644 15.9327727531185
-9999 -9999 -9999 -9999 -9999 -9999 -9999 -9999 -9999 -9999 -9999 -9999 -9999 -9999 -9999 -9999 -9999 -9999 -9999 -9999 -9999 -9999 -9999 -9999 -9999 -9999 -9999 -9999 -9999 -9999 -9999 -9999 -9999 -9999 -9999 -9999 -9999 -9999 -9999 13.4574996992014 15.4049996556714 15.3674996565096 15.8199996463954 15.5699996519834 15.4899996537715 15.2799996584654 14.4549996769056 14.4549996769056 13.7974996916018 13.6674996945076 15.3199996575713 16.5949996290728 16.5499996300787 17.1249996172264 18.1449995944276 17.6249996060506 16.1999996379018 16.0349996415898 16.1299996394664 16.0849996404722 -9999 -9999
-9999 -9999 -9999 -9999 -9999 -9999 -9999 -9999 -9999 -9999 -9999 -9999 -9999 -9999 -9999 -9999 -9999 -9999 -9999 -9999 -9999 -9999 -9999 -9999 -9999 -9999 -9999 -9999 -9999 -9999 -9999 -9999 -9999 -9999 -9999 -9999 -9999 -9999 -9999 13.6074996958487 15.3583329900478 16.3449996346608 15.8849996449426 15.6199996508658 15.2949996581301 14.4299996774644 14.4399996772408 14.4399996772408 13.7224996932782 13.7699996922165 13.9199996888638 13.9199996888638 15.0599996633828 16.8399996235967 16.65999962762 16.3949996335432 15.624999650754 14.8329996684566 13.8572219124892 18.3749995892867 18.6316662502165 18.2599995918572
-9999 -9999 -9999 -9999 -9999 -9999 -9999 -9999 -9999 -9999 -9999 -9999 -9999 -9999 -9999 -9999 -9999 -9999 -9999 -9999 -9999 -9999 -9999 -9999 -9999 -9999 -9999 -9999 -9999 -9999 -9999 -9999 -9999 -9999 -9999 -9999 -9999 -9999 -9999 16.8299996238202 16.3399996347725 16.0499996412545 15.3099996577948 15.1699996609241 14.9349996661767 14.6099996734411 14.4599996767938 13.9499996881932 14.3199996799231 14.3199996799231 14.0049996869639 14.1649996833876 14.484999676235 15.6199996508658 16.764999625273 16.639999628067 15.6549996500835 15.8499996457249 15.5699996519834 18.9749995758757 18.9749995758757 18.6466662498812
-9999 -9999 -9999 -9999 -9999 -9999 -9999 -9999 -9999 -9999 -9999 -9999 -9999 -9999 -9999 -9999 -9999 -9999 -9999 -9999 -9999 -9999 -9999 -9999 -9999 -9999 -9999 -9999 -9999 -9999 -9999 -9999 -9999 -9999 -9999 -9999 -9999 -9999 15.5506246524164 16.5699996296316 16.4149996330962 15.3449996570125 15.0599996633828 14.9749996652827 14.4374996772967 14.3199996799231 14.4099996779114 14.3349996795878 14.0799996852875 14.0174996866845 14.0199996866286 14.6999996714294 16.1599996387959 16.6149996286258 15.3799996562302 15.4149996554479 15.4299996551126 15.3899996560067 15.4449996547773 15.8974996446632 19.1649995716289 19.0149995749816
-9999 -9999 -9999 -9999 -9999 -9999 -9999 -9999 -9999 -9999 -9999 -9999 -9999 -9999 -9999 -9999 -9999 -9999 -9999 -9999 -9999 -9999 -9999 -9999 -9999 -9999 -9999 -9999 -9999 -9999 -9999 -9999 -9999 -9999 -9999 -9999 -9999 -9999 16.6924996268936 16.5649996297434 15.2899996582419 15.2749996585771 14.7699996698648 14.6349996728823 14.5449996748939 14.5449996748939 14.5599996745586 14.5099996756762 16.079999640584 16.3149996353313 16.3649996342137 16.1749996384606 15.9099996443838 15.3699996564537 15.0049996646121 15.7349996482953 15.809999646619 15.8749996451661 16.0249996418133 16.8199996240437 18.0933329289158 17.5249996082857
-9999 -9999 -9999 -9999 -9999 -9999 -9999 -9999 -9999 -9999 -9999 -9999 -9999 -9999 -9999 -9999 -9999 -9999 -9999 -9999 -9999 -9999 -9999 -9999 -9999 -9999 -9999 -9999 -9999 -9999 -9999 -9999 -9999 -9999 -9999 -9999 -9999 14.9693129394094 15.9699996430427 15.5899996515363 15.2533329923948 15.7849996471778 15.0299996640533 14.649999672547 14.649999672547 14.5899996738881 14.6149996733293 15.9299996439368 16.0149996420369 16.4199996329844 16.6049996288493 16.0249996418133 15.6949996491894 15.0499996636063 15.5049996534362 15.8149996465072 16.1799996383488 16.5349996304139 15.6849996494129 15.789999647066 17.8699996005744 18.3499995898455
-9999 -9999 -9999 -9999 -9999 -9999 -9999 -9999 -9999 -9999 -9999 -9999 -9999 -9999 -9999 -9999 -9999 -9999 -9999 -9999 -9999 -9999 -9999 -9999 -9999 -9999 -9999 -9999 -9999 -9999 -9999 -9999 -9999 -9999 -9999 -9999 -9999 15.2324996595271 15.1824996606447 15.4049996556714 15.4049996556714 16.8249996239319 14.8849996672943 14.6599996723235 13.6574996947311 16.804999624379 15.4449996547773 15.334999657236 15.9599996432662 15.519999653101 15.2249996596947 15.6699996497482 14.9949996648356 15.0699996631593 15.2499996591359 15.6749996496364 16.7799996249378 16.3999996334314 16.0549996411428 16.65999962762 17.5549996076152 18.4099995885044
-9999 -9999 -9999 -9999 -9999 -9999 -9999 -9999 -9999 -9999 -9999 -9999 -9999 -9999 -9999 -9999 -9999 -9999 -9999 -9999 -9999 -9999 -9999 -9999 -9999 -9999 -9999 -9999 -9999 -9999 -9999 -9999 -9999 -9999 -9999 13.5065113260129 15.7683329808836 15.644999650307 15.4066663223008 16.3799996338785 16.5699996296316 16.8749996228144 16.2949996357784 16.9449996212497 15.7399996481836 15.914999644272 15.7849996471778 15.8399996459484 15.5099996533245 15.6999996490777 14.9849996650591 15.7849996471778 16.3799996338785 15.229999659583 15.2799996584654 16.0899996403605 16.8749996228144 16.6699996273965 16.5399996303022 16.9799996204674 17.7899996023625 18.5699995849282
-9999 -9999 -9999 -9999 -9999 -9999 -9999 -9999 -9999 -9999 -9999 -9999 -9999 -9999 -9999 -9999 -9999 -9999 -9999 -9999 -9999 -9999 -9999 -9999 -9999 -9999 -9999 -9999 -9999 -9999 -9999 -9999 -9999 -9999 -9999 17.509230377869 15.5974996513687 15.1924996604212 14.9049996668473 14.7599996700883 16.9249996216968 16.9149996219203 16.9199996218085 16.8199996240437 17.054999618791 16.9999996200204 16.6749996272847 15.499999653548 15.1949996603653 15.189999660477 15.4849996538833 16.8599996231496 17.3299996126443 16.4599996320903 15.7849996471778 16.5099996309727 17.0199996195734 17.0349996192381 16.9699996206909 17.5349996080622 18.0499995965511 18.0199995972216
-9999 -9999 -9999 -9999 -9999 -9999 -9999 -9999 -9999 -9999 -9999 -9999 -9999 -9999 -9999 -9999 -9999 -9999 -9999 -9999 -9999 -9999 -9999 -9999 -9999 -9999 -9999 -9999 7.33855515498789 14.2425153254531 14.7219062359019 16.6099996287376 16.6549996277317 16.7549996254966 13.9023334581774 13.8599996902049 14.8412496682722 14.9599996656179 14.6374996728264 14.5149996755645 14.7933330026766 17.3749996116385 18.0049995975569 18.359999589622 17.1049996176735 17.5699996072799 17.5449996078387 17.0499996189028 17.1899996157736 15.2649996588007 15.9399996437132 16.7099996265024 17.2899996135384 16.5749996295199 16.6799996271729 17.2799996137619 17.3299996126443 16.9399996213615 17.2899996135384 17.9299995992333 18.4949995866045 18.1333329280217
-9999 -9999 -9999 -9999 -9999 -9999 -9999 -9999 -9999 -9999 -9999 -9999 -9999 -9999 -9999 -9999 -9999 -9999 -9999 -9999 -9999 -9999 15.3063154473509 16.2916663025195 15.2949996581301 15.2349996594712 15.2399996593595 15.8599996455014 15.6169996509328 14.8724996675737 15.471666320848 16.6099996287376 16.3399996347725 16.5649996297434 16.369999634102 16.1549996389076 15.9899996425956 16.2799996361136 16.2699996363372 16.3249996351078 16.514999630861 17.8899996001273 18.3199995905161 18.9349995767698 18.2699995916337 17.6949996044859 17.5999996066093 17.5549996076152 17.4749996094033 16.5649996297434 16.2549996366724 16.3749996339902 16.8699996229261 17.6649996051565 17.1899996157736 17.1449996167794 17.3049996132031 17.1949996156618 17.4499996099621 17.4283329437797 -9999 -9999
-9999 -9999 -9999 -9999 -9999 -9999 -9999 -9999 -9999 -9999 -9999 -9999 -9999 -9999 -9999 -9999 -9999 -9999 -9999 -9999 -9999 14.0196771059906 16.1899996381253 16.1599996387959 16.079999640584 15.9499996434897 15.7449996480718 15.6499996501952 16.7549996254966 17.4399996101856 16.4449996324256 16.2549996366724 16.1249996395782 16.0899996403605 15.8599996455014 15.8699996452779 16.079999640584 16.2999996356666 16.1799996383488 17.1149996174499 17.4349996102974 17.6049996064976 17.9299995992333 17.9599995985627 18.0299995969981 17.6149996062741 16.8499996233732 17.2749996138737 17.1299996171147 16.1849996382371 15.8399996459484 15.8799996450543 16.1749996384606 17.0449996190146 17.2649996140972 17.1949996156618 14.9138458204957 -9999 -9999 -9999 -9999 -9999
-9999 -9999 -9999 -9999 -9999 -9999 -9999 -9999 -9999 -9999 -9999 -9999 -9999 -9999 -9999 -9999 -9999 6.88018432352692 15.7036166702734 15.3939282273475 16.244999636896 16.4749996317551 16.5249996306375 16.6049996288493 16.1699996385723 16.3349996348843 15.7349996482953 17.5549996076152 17.4299996104091 16.9649996208027 16.8399996235967 16.4999996311963 16.2699996363372 16.1399996392429 15.954999643378 16.2299996372312 16.1799996383488 16.1699996385723 17.1249996172264 17.8399996012449 17.8749996004626 17.8099996019155 17.6399996057153 17.5349996080622 17.4999996088445 17.6649996051565 17.2949996134266 16.6999996267259 15.3949996558949 15.914999644272 15.8549996456131 15.8749996451661 14.815624668845 -9999 -9999 -9999 -9999 -9999 -9999 -9999 -9999 -9999
-9999 -9999 -9999 -9999 -9999 -9999 -9999 -9999 -9999 -9999 -9999 -9999 -9999 7.22725915108521 -9999 -9999 8.91500769856458 15.4699996542186 15.6099996510893 15.5749996518716 15.8199996463954 16.8999996222556 17.1099996175617 17.1699996162206 17.0299996193498 17.0149996196851 17.2899996135384 16.0649996409193 17.3899996113032 17.2749996138737 16.4849996315315 16.6499996278435 16.2349996371195 16.1449996391311 16.0549996411428 16.0849996404722 16.8499996233732 17.1949996156618 17.4049996109679 17.1149996174499 17.239999614656 17.2749996138737 17.2699996139854 17.4949996089563 17.4349996102974 17.5649996073917 16.9249996216968 15.2499996591359 15.20999966003 15.6849996494129 16.784999624826 16.909999622032 -9999 -9999 -9999 -9999 -9999 -9999 -9999 -9999 -9999 -9999
-9999 -9999 -9999 -9999 -9999 -9999 -9999 -9999 -9999 -9999 -9999 -9999 -9999 15.1949996603653 16.2474996368401 16.8349996237084 15.8699996452779 15.7149996487424 16.3974996334873 16.4999996311963 16.6849996270612 16.8649996230379 16.8749996228144 16.8999996222556 16.764999625273 17.0349996192381 17.509999608621 16.1549996389076 17.4199996106327 16.8899996224791 16.349999634549 16.389999633655 16.3599996343255 16.1799996383488 16.1449996391311 16.3149996353313 16.8699996229261 17.3899996113032 17.1149996174499 17.0699996184558 17.5399996079504 17.5949996067211 17.6199996061623 17.3249996127561 16.8449996234849 16.4999996311963 16.2799996361136 15.4899996537715 15.3699996564537 15.7499996479601 16.7699996251613 17.0049996199086 17.4799996092916 -9999 -9999 -9999 -9999 -9999 -9999 24.3002794522274 24.8699994441122 24.9249994428828
-9999 -9999 -9999 -9999 -9999 -9999 -9999 -9999 -9999 -9999 15.307517430864 15.0739996630698 15.5449996525422 15.5449996525422 17.3049996132031 17.3049996132031 16.6449996279553 17.8699996005744 17.8049996020272 17.7449996033683 17.5249996082857 17.7099996041507 17.1649996163324 17.2149996152148 17.6599996052682 18.0099995974451 17.674999604933 17.4399996101856 16.9149996219203 16.5049996310845 16.4449996324256 16.494999631308 16.4099996332079 16.6349996281788 16.5949996290728 16.7349996259436 17.0599996186793 17.5949996067211 17.6849996047094 17.964999598451 17.8599996007979 17.8899996001273 17.7549996031448 17.1249996172264 16.6649996275082 16.0399996414781 15.8149996465072 15.7849996471778 15.9199996441603 16.0699996408075 16.0049996422604 20.0262495523784 12.0368386946865 -9999 -9999 -9999 18.6399995833635 18.6149995839223 18.4649995872751 19.1199995726347 18.8349995790049 17.7899996023625
-9999 -9999 -9999 -9999 -9999 -9999 -9999 14.1049996847287 13.7328568359039 14.0064282583605 16.307499635499 16.3374996348284 16.3974996334873 18.0099995974451 17.8749996004626 17.7699996028095 17.8699996005744 17.9599995985627 15.5599996522069 17.6249996060506 18.0349995968863 17.7099996041507 17.9699995983392 17.5999996066093 17.5499996077269 17.3799996115267 17.4199996106327 17.3399996124208 17.054999618791 16.8599996231496 16.8999996222556 16.8649996230379 17.074999618344 17.1199996173382 17.3249996127561 17.2749996138737 17.4699996095151 17.6599996052682 17.779999602586 17.9899995978922 17.9749995982274 18.10999959521 17.9849995980039 17.6599996052682 17.3799996115267 16.9149996219203 16.7999996244907 16.7249996261671 16.8449996234849 16.4549996322021 16.1249996395782 16.20499963779 16.244999636896 16.7233329595377 16.9049996221438 17.1199996173382 17.7099996041507 17.8299996014684 18.214999592863 18.6599995829165 18.4699995871633 18.2249995926395
-9999 -9999 -9999 -9999 -9999 17.8399996012449 14.9099996667355 16.5949996290728 16.5999996289611 16.3149996353313 16.7899996247143 17.4999996088445 18.3199995905161 18.2249995926395 18.1549995942041 17.4599996097386 17.6399996057153 17.7049996042624 17.7949996022508 17.8549996009097 17.7349996035919 17.5549996076152 17.8149996018037 17.4449996100739 17.3249996127561 17.3199996128678 17.2849996136501 17.0249996194616 16.9199996218085 16.7349996259436 16.6299996282905 16.7399996258318 17.0099996197969 17.1299996171147 17.3149996129796 17.5999996066093 17.6399996057153 17.5649996073917 17.6099996063858 17.7349996035919 17.9799995981157 18.1599995940924 18.0499995965511 17.9349995991215 17.7899996023625 17.7699996028095 17.5899996068329 17.4149996107444 17.2549996143207 17.1499996166676 17.0149996196851 16.4699996318668 16.4349996326491 17.2099996153265 17.7149996040389 17.8549996009097 18.1249995948747 18.2199995927513 18.089999595657 18.0449995966628 18.2299995925277 18.379999589175
-9999 -9999 -9999 -9999 -9999 16.1699996385723 16.6749996272847 16.7349996259436 17.5149996085092 17.5599996075034 17.7949996022508 17.8099996019155 18.214999592863 18.2399995923042 18.1749995937571 18.2049995930865 18.0999995954335 18.0999995954335 18.2649995917454 18.1299995947629 17.799999602139 17.6949996044859 17.8649996006861 17.7149996040389 17.5249996082857 17.3899996113032 17.0049996199086 16.7899996247143 16.804999624379 16.6899996269494 16.8199996240437 16.9349996214733 17.0299996193498 17.2049996154383 17.3899996113032 17.4349996102974 17.4199996106327 17.4349996102974 17.5799996070564 17.7099996041507 17.9349995991215 18.1699995938689 18.1899995934218 18.0449995966628 18.0199995972216 17.9349995991215 17.779999602586 17.6199996061623 17.3249996127561 17.3099996130913 17.2349996147677 16.9249996216968 17.0349996192381 17.6399996057153 17.3099996130913 17.3299996126443 17.5149996085092 17.6649996051565 17.8299996014684 17.9299995992333 17.9799995981157 18.1549995942041
-9999 -9999 -9999 -9999 -9999 17.1599996164441 17.3399996124208 17.3899996113032 17.5499996077269 17.4999996088445 17.6799996048212 17.8599996007979 17.8349996013567 17.9899995978922 18.1199995949864 18.0549995964393 18.0549995964393 18.1399995945394 18.2299995925277 18.1349995946512 18.069999596104 17.9199995994568 17.9099995996803 17.8849996002391 17.5999996066093 17.4549996098503 17.2149996152148 17.0699996184558 17.0599996186793 16.9699996206909 16.9899996202439 17.19999961555 17.3049996132031 17.3899996113032 17.4499996099621 17.4699996095151 17.5349996080622 17.529999608174 17.6799996048212 17.8899996001273 18.0649995962158 18.1299995947629 18.1249995948747 17.9849995980039 17.9399995990098 17.9899995978922 17.9699995983392 17.9799995981157 17.5149996085092 17.3049996132031 17.3049996132031 17.2799996137619 17.1699996162206 17.2649996140972 17.2099996153265 17.4099996108562 17.364999611862 17.4999996088445 17.6449996056035 17.8399996012449 18.0199995972216 18.254999591969
-9999 -9999 -9999 -9999 -9999 17.1499996166676 17.3949996111915 17.4599996097386 17.5749996071681 17.6299996059388 17.7299996037036 17.7099996041507 17.5849996069446 17.3749996116385 17.8399996012449 17.8499996010214 17.9549995986745 17.9199995994568 17.9949995977804 17.924999599345 17.8349996013567 18.0149995973334 17.9949995977804 17.8849996002391 17.924999599345 17.9299995992333 17.6999996043742 17.5449996078387 17.3949996111915 17.5399996079504 17.7149996040389 17.5749996071681 17.3399996124208 17.3599996119738 17.4499996099621 17.5199996083975 17.5549996076152 17.5449996078387 17.7849996024743 18.1049995953217 18.2249995926395 18.3349995901808 18.3499995898455 18.3199995905161 18.234999592416 18.2449995921925 18.1799995936453 18.3849995890632 18.1249995948747 17.7649996029213 17.4549996098503 17.3349996125326 17.384999611415 17.3899996113032 17.3749996116385 17.1149996174499 17.0799996182323 17.4249996105209 17.5799996070564 17.7599996030331 17.944999598898 18.0049995975569
-9999 -9999 -9999 -9999 -9999 17.2249996149912 17.4299996104091 17.5899996068329 17.6499996054918 17.7349996035919 17.8249996015802 17.8849996002391 18.1499995943159 18.1599995940924 17.9899995978922 17.6499996054918 17.819999601692 18.0649995962158 18.1549995942041 18.1699995938689 18.1999995931983 18.1999995931983 18.1799995936453 18.1699995938689 17.9949995977804 17.9949995977804 18.2799995914102 18.1399995945394 17.9999995976686 17.8149996018037 17.8099996019155 17.6499996054918 17.529999608174 17.4299996104091 17.4999996088445 17.6449996056035 17.7749996026978 17.9049995997921 18.0099995974451 18.1599995940924 18.3649995895103 18.4149995883927 18.3049995908514 18.1949995933101 18.2049995930865 18.2649995917454 18.2649995917454 18.3499995898455 18.4449995877221 18.0599995963275 17.6099996063858 17.5399996079504 17.4549996098503 17.1599996164441 16.6449996279553 16.8699996229261 16.7599996253848 17.0799996182323 17.3949996111915 17.5949996067211 17.7349996035919 17.7899996023625
