EcologicalScience/Bass/data/rs_data_bass/sst_317.asc
NCOLS 226 
NROWS 124 
XLLCORNER -9.41648524995501 
YLLCORNER 47.587301625531 
CELLSIZE 0.0833 
NODATA_value -9999 
[rows 27 to 53 of 124, columns 62 to 123 of 226]
-9999 -9999 -9999 -9999 -9999 -9999 -9999 -9999 -9999 -9999 -9999 -9999 -9999 -9999 -9999 -9999 -9999 -9999 -9999 -9999 -9999 -9999 -9999 -9999 -9999 -9999 -9999 -9999 12.5299997199327 9.67110964213498 10.0820937268757 8.71259192703292 8.17135633481666 8.92942085023969 9.71019622310996 9.61767936171964 9.61265906691551 9.73529769713059 9.53843042231165 9.60100481112022 9.77384638937656 9.85255744005553 9.87801750656217 9.69495604245458 9.74031799193472 9.42375254528597 9.3772789590992 9.00735495053232 8.96002074237913 9.03783531184308 9.40969571983442 8.87955258851871 8.93294700968545 8.58378550605848 8.69523605071008 8.75189366349951 8.71546066692099 8.71008177963085 8.55767997307703 8.42643512319773 8.43862726772204 8.41962186596356
-9999 -9999 -9999 -9999 -9999 -9999 -9999 -9999 -9999 -9999 -9999 -9999 -9999 -9999 -9999 -9999 -9999 -9999 -9999 -9999 -9999 -9999 -9999 -9999 -9999 -9999 -9999 -9999 -9999 -9999 9.78499978128821 11.9914041882517 8.44890691898763 9.10489210672677 9.35590684693307 9.52975248415023 9.52530593732372 9.55600145412609 9.72214930597693 9.76063823280856 9.76350697269663 9.78593095615506 9.75125506275799 9.64762183430139 9.64116716955323 9.57034515356645 9.67899867682718 9.58325448306277 9.50041961879469 9.19267554730177 9.25421001790091 9.19023711839691 9.0942060506437 9.14856867152266 8.98856470426545 8.74443493979052 8.92326501256321 8.89780494605657 8.8153286742745 8.55093843434006 8.4687490365468 8.30630664038472
-9999 -9999 -9999 -9999 -9999 -9999 -9999 -9999 -9999 -9999 -9999 -9999 -9999 -9999 -9999 -9999 -9999 -9999 -9999 -9999 -9999 -9999 -9999 -9999 -9999 -9999 -9999 -9999 -9999 -9999 -9999 12.184999727644 9.52372813038528 9.61265906691551 9.59186070272699 9.62030903995037 9.47543767560273 9.5125400448218 9.76882609457243 9.79745372803882 9.80127871455625 9.70015563350171 9.61165500795469 9.51834924309514 9.65497298026457 9.66644793981686 9.86223943717778 9.77330850064754 9.65174564789049 9.19970396002754 9.24886698985938 8.96504103718325 9.02998612076044 9.02863143803552 8.97412538016215 8.84455396188423 8.90802483190782 8.77229757595342 8.79596468003001 8.51809136262164 8.45784782497212 8.89101161062717
-9999 -9999 -9999 -9999 -9999 -9999 -9999 -9999 -9999 -9999 -9999 -9999 -9999 -9999 -9999 -9999 -9999 -9999 -9999 -9999 -9999 -9999 -9999 -9999 -9999 -9999 -9999 -9999 -9999 -9999 -9999 9.63205566047691 10.0757214971818 9.50784760600488 9.55026397434995 9.6800744542852 9.63823866425082 9.72543640376534 9.8434133316623 9.47244940488599 9.74486016342416 9.71354308631271 9.7474898416549 9.73912268364802 9.72525710752234 9.95368052111007 9.43001596070826 9.33773816097528 9.2947070626542 9.55026397434995 9.50113680376671 9.15844191797078 9.09341714717448 9.16154971951619 8.37192906532437 8.91101310262457 8.34503462887369 8.46516311168671 8.97203359066043 8.66927395472303 8.86535232607275 8.21916866628453
-9999 -9999 -9999 -9999 -9999 -9999 -9999 -9999 -9999 -9999 -9999 -9999 -9999 -9999 -9999 -9999 -9999 -9999 -9999 -9999 -9999 -9999 -9999 -9999 -9999 -9999 -9999 -9999 -9999 -9999 -9999 12.0249997312203 12.3412870909087 9.5165562806651 9.7037415583618 9.50006102630869 9.9267860846594 9.49934384133667 9.89451276091859 9.89612642710563 9.87156284181401 9.82494581863284 9.76972257578745 9.68545334157534 9.6399120958522 9.5366374598816 9.25406658090651 9.52635780861601 9.41638944623992 9.52516250032932 9.15509505476803 9.25478376587853 9.12162642274052 9.21007923595607 8.94424267299473 8.51500746724196 8.66382334893569 8.64661090960726 8.84706410928629 8.82841730001383 8.71151614957489 8.99408702854998
-9999 -9999 -9999 -9999 -9999 -9999 -9999 -9999 -9999 -9999 -9999 -9999 -9999 -9999 -9999 -9999 -9999 -9999 -9999 -9999 -9999 -9999 -9999 -9999 -9999 -9999 -9999 -9999 -9999 -9999 -9999 -9999 10.3753852846567 9.44268622854725 9.70123141095974 9.88554794876836 9.4101738431491 9.5485427304171 9.73242895724252 9.59855442913249 9.70421968167648 9.73003834066913 9.64313942822628 9.75681324629113 9.85793632734567 9.72167118266225 9.36254080792423 9.44914089329541 8.35806348919868 9.40047477019418 9.48944668872282 9.07584611536004 9.11349832639098 8.9471114128828 8.87790306308307 8.6200750656426 8.55230108578689 8.56341745285317 8.50173954525962 8.55337686324492 8.62724691536278 8.47125918394886
-9999 -9999 -9999 -9999 -9999 -9999 -9999 -9999 -9999 -9999 -9999 -9999 -9999 -9999 -9999 -9999 -9999 -9999 -9999 -9999 -9999 -9999 -9999 -9999 -9999 -9999 -9999 -9999 -9999 -9999 -9999 -9999 10.5730824896834 10.0146924712296 9.61803795420565 9.47758923051879 9.70015563350171 9.60333566227928 9.56102174893022 9.62054810160771 9.66381826158613 9.71808525780216 9.72071493603289 10.1552094982471 10.0981932929717 8.42141482839361 9.75035858154297 9.90007094445173 9.46174285780372 9.51973238554118 9.15850168338511 7.80678730737418 8.61433758586645 8.7702057864517 8.4687490365468 8.58397675538436 8.782397930976 9.00520339561626 8.45249284384772 8.29805901320651 8.33893855661154 8.62473676796071
-9999 -9999 -9999 -9999 -9999 -9999 -9999 -9999 -9999 -9999 -9999 -9999 -9999 -9999 -9999 -9999 -9999 -9999 -9999 -9999 -9999 -9999 -9999 -9999 -9999 -9999 -9999 -9999 -9999 -9999 -9999 -9999 -9999 8.52256710515631 9.60968787203144 9.67280014956902 9.29243597690947 9.33654285268858 9.64636676060036 9.76541946595535 9.68605099571869 9.70876185316592 9.76302884938195 10.0989104779437 9.55958737898618 9.75370544474572 9.82566300360486 9.73529769713059 9.49695322476327 9.46228928444907 9.72525710752234 9.64493239065632 9.43160970509052 8.77450889628381 9.04440950741991 8.6204336581286 8.79984943196177 8.7780948211439 8.94388408050872 8.48309273598716 8.32148705562577 8.41998045844957
-9999 -9999 -9999 -9999 -9999 -9999 -9999 10.9814962341334 10.6150445961393 8.70470289234072 8.79779350170866 8.26062804490785 18.5147667506655 8.31393871362585 8.41999981179833 -9999 -9999 -9999 -9999 -9999 -9999 -9999 -9999 -9999 -9999 -9999 -9999 -9999 -9999 -9999 -9999 -9999 -9999 -9999 9.56481258378231 9.73847380200667 9.37359740957618 9.67553228279576 10.2176045908127 10.2380443625152 10.2229834781028 9.74701171834022 9.78382721357048 9.76350697269663 9.72836490906775 9.69848220190033 10.1347697265446 9.86223943717778 9.71378214797005 9.6757713444531 9.57966855820268 9.49002043670043 9.08983122231439 9.11493269633502 9.15150912990794 8.94998015277088 8.70542007731274 8.73004342801869 8.74749492900446 8.82542902929708 8.37895747805014 8.98698689732701
-9999 -9999 -9999 -9999 16.2849996360019 16.1549336213962 13.4269702448188 10.0503074040708 7.18283638171852 8.99848793633282 9.83249735451468 9.05018376591257 23.9099994655699 -9999 -9999 -9999 -9999 -9999 -9999 -9999 -9999 -9999 -9999 -9999 -9999 -9999 -9999 -9999 -9999 -9999 -9999 -9999 -9999 -9999 8.94347767569125 9.36041486675718 9.60548721719533 10.0089037639555 10.2000335589983 10.2731864261441 9.73271583123133 9.59472944261506 9.93395793437958 9.77235225401819 9.67624946776778 9.75848667789251 9.75442262971774 9.62485121143982 9.72525710752234 9.64278083574027 9.54524367954582 9.78550064517185 9.47997984709218 9.4247566042468 9.35279904538766 9.32184056076221 9.33259833534248 9.1701559391804 9.03245642455295 9.04440950741991 9.02695800643414 9.12339547900483
9.19908239971846 9.47908336587716 11.2028452416113 10.3078981787898 8.0147709492594 8.7837725355057 7.88998076412827 6.90528579754755 7.67984556732699 15.8112619972258 -9999 -9999 -9999 -9999 -9999 -9999 -9999 -9999 -9999 -9999 -9999 -9999 -9999 -9999 -9999 -9999 -9999 -9999 -9999 -9999 -9999 -9999 -9999 -9999 13.489999698475 9.51974376942962 9.55733336907412 9.55569408913808 9.68050476526841 9.79238562090322 9.80443432843313 9.81490522902459 9.7262133541517 9.74844608828425 9.77402568561956 9.76470228098333 9.77976316539571 9.26195561559871 9.71067434642464 9.6466058222577 9.63919491088018 9.49456260818988 9.45631274301559 9.02026428002864 8.62401958298869 9.36451306659728 9.26888840366155 8.81658374797553 8.91507715079933 9.02026428002864 8.9349192683585 9.26353342253715
9.51010161591694 9.77761161047965 9.08068711392116 9.69728689361364 9.50149539625272 8.49429875117494 8.6322672101669 8.63728750497103 8.60501418123022 16.7749996250495 -9999 -9999 -9999 -9999 -9999 -9999 -9999 -9999 -9999 -9999 -9999 -9999 -9999 -9999 -9999 -9999 -9999 -9999 -9999 -9999 -9999 -9999 -9999 -9999 -9999 9.01165806036443 9.34743102453649 9.31195365364796 9.57919043488801 9.78478346019983 9.73142489828169 9.42164880270138 9.6903541055508 9.75155388982967 9.7955412347801 9.70876185316592 9.95834222342819 9.90993223781697 9.88769950368442 9.89666431583464 9.65760265849531 9.56245611887425 9.46444083936512 9.31550542684272 9.30092266574502 9.1859340085648 9.05875320686027 9.12855921080336 9.15688801719807 9.22143466467969 9.33690144517459 9.08983122231439
9.78980375500396 10.1297494317405 10.1799523797818 9.79984434461221 9.40037231519818 9.5681935986504 8.61003447603434 8.6200750656426 7.49074076514636 -9999 -9999 -9999 -9999 -9999 -9999 -9999 -9999 -9999 -9999 -9999 -9999 -9999 -9999 -9999 -9999 -9999 -9999 -9999 -9999 -9999 -9999 -9999 -9999 -9999 -9999 -9999 14.0834932655876 9.11780143622309 8.25502791488543 10.1548509057611 9.15509505476803 9.73472394915298 9.27582119172439 9.7593951121904 9.49002043670043 9.4089785348624 9.74103517690673 9.70302437338978 9.64636676060036 9.4606158528477 9.89020965108648 9.5591092556715 9.33415223611519 9.44244716688991 9.36379588162526 9.22083701053634 9.0570797752589 8.99253312777728 8.84718364011496 9.10023040440865 8.80558691173792 8.89666940318421
10.0537278247066 9.94758444884792 10.0243232408538 9.95619066851214 9.67648852942511 8.86750388098881 8.26506850449368 9.91280097770505 12.7897884929553 -9999 -9999 -9999 -9999 -9999 -9999 -9999 -9999 -9999 -9999 -9999 -9999 -9999 -9999 -9999 -9999 -9999 -9999 -9999 -9999 -9999 -9999 -9999 -9999 -9999 -9999 -9999 -9999 -9999 -9999 -9999 7.48251929412596 9.01227279034044 9.71503722167108 9.6731633991003 9.55026397434995 9.21031829761341 9.7596819861792 9.77259131567553 9.63441367773339 9.43910030368716 9.75466169137508 9.62078716326505 9.64349802071229 9.6040528472513 9.73852502950467 9.65102846291848 9.47137362742797 9.34622484981082 9.2257377745118 8.91268653422594 8.95523950923234 9.24510176875629
10.1921445243061 10.0401013102382 9.6162449917756 10.0164342061616 9.89522994589061 9.51942502055317 9.20027770800516 8.70972318714485 16.0249996418133 -9999 -9999 -9999 -9999 -9999 -9999 -9999 -9999 -9999 -9999 -9999 -9999 -9999 -9999 -9999 -9999 -9999 -9999 -9999 -9999 -9999 -9999 -9999 -9999 -9999 -9999 -9999 -9999 -9999 -9999 -9999 -9999 -9999 -9999 12.2528896812271 9.46778770256788 8.84622739348561 8.94854578282684 9.60979032702744 9.5937731959857 9.68652911903337 9.53831089148298 9.7092399764806 9.70421968167648 9.7596819861792 9.76398509601131 9.86618395452388 9.72059540520422 9.67254401207902 9.4247566042468 9.35447247698903 9.18163089873269 9.08481092751026
10.1261635068804 10.1534165358171 10.0831324085593 10.2574083567597 10.2258522179909 9.93969541415572 9.6599932750687 8.82518996763974 9.40646838746034 15.1699996609241 -9999 -9999 -9999 -9999 -9999 16.1899624452926 -9999 -9999 -9999 -9999 -9999 -9999 -9999 -9999 -9999 -9999 -9999 -9999 -9999 -9999 -9999 -9999 -9999 -9999 -9999 -9999 -9999 -9999 -9999 -9999 -9999 -9999 -9999 -9999 5.97736571479316 9.53684236987361 9.64626430560436 9.74902666659493 9.63011056790128 9.73912268364802 9.72430086089298 10.0877941108774 9.60979032702744 10.0989104779437 9.69011504389346 10.1297494317405 9.91315957019106 9.59735912084579 9.53305153502151 9.9070634979289 9.17517623398453 9.39929653774016
9.83283485332504 10.2903988654725 10.3836329118349 10.3578142528422 10.350642403122 10.389370391611 10.0157170211896 9.63274024613202 8.89547409489751 8.46014281688258 15.6599996499717 -9999 -9999 -9999 -9999 -9999 -9999 -9999 -9999 -9999 -9999 -9999 -9999 -9999 -9999 -9999 -9999 -9999 -9999 -9999 -9999 -9999 -9999 -9999 -9999 -9999 -9999 -9999 -9999 -9999 -9999 -9999 -9999 -9999 -9999 11.5899997409433 9.83833327144384 8.82877589249983 9.78801079257391 9.96013518585823 9.96192814828828 10.1365626889747 10.0860011484474 9.93861963669769 10.0989104779437 10.0834910010453 9.7541835680604 9.67409791285172 6.47999510914087 9.52755311690271 9.26219467725605 9.19214961165562
10.1706289751455 10.7106692590751 10.550019825343 10.3212378192693 10.1756492699496 10.4367045997642 10.3162175244652 8.99014251120389 9.17445904901251 9.2655415404588 9.34012877754867 16.130585506151 17.2573233723147 -9999 11.3230846628919 -9999 21.6226581117635 17.0171857489523 -9999 -9999 -9999 -9999 -9999 -9999 -9999 -9999 -9999 -9999 -9999 -9999 -9999 -9999 -9999 -9999 -9999 -9999 -9999 -9999 -9999 -9999 -9999 -9999 -9999 -9999 -9999 8.8399998024106 13.4949996983632 12.4111148277298 9.32698038639501 9.00143817451317 9.80522323190235 9.36283963499591 9.5232500070706 9.58301542140543 9.65138705540448 9.7183243194595 9.71808525780216 9.7663757125847 9.70326343504712 9.65258236369118 9.79625841975212 9.76255072606727
10.8763389876112 10.5285042761825 10.4962309524417 10.466826368589 10.3843500968069 10.4589373338968 10.4345530448481 9.66214482998475 8.9471114128828 8.75060273054987 9.07477033790201 8.56987211760134 16.079999640584 6.84002196509391 12.5502864588787 6.73029266437516 10.5458854649161 9.94445203801425 -9999 -9999 -9999 -9999 -9999 -9999 -9999 -9999 -9999 -9999 -9999 -9999 -9999 -9999 -9999 -9999 -9999 -9999 -9999 -9999 -9999 -9999 -9999 -9999 -9999 -9999 -9999 -9999 -9999 -9999 12.7082684678026 8.75239569297992 9.10369679844007 9.18306526867673 9.33080537291244 9.37407553289086 9.5165562806651 9.7037415583618 9.76039917115122 9.74581641005352 9.71975868940353 9.9307306020055 9.52468437701464 9.36307869665325
10.906460756436 10.626041432377 10.7651753169484 10.4575029639527 10.0336466454901 10.6905880798586 10.6224555075169 10.5779900392517 9.42762534413487 8.67171238362789 8.74343088082969 8.63011565525085 5.60182969494221 7.57011626660824 7.86487929010764 10.813970457452 14.9849996650591 13.8420699185504 -9999 -9999 -9999 -9999 -9999 -9999 -9999 -9999 -9999 -9999 -9999 -9999 -9999 -9999 -9999 -9999 -9999 -9999 -9999 -9999 -9999 -9999 -9999 -9999 -9999 -9999 -9999 -9999 -9999 -9999 8.87998289950192 8.63155002519488 9.13692636881024 9.16943875420839 9.23183384677395 9.32196009159088 9.70230718841776 9.65090893208981 9.71091340808198 9.68652911903337 9.66525263153017 9.60237941564992 9.58492791466415 9.87299721175805
11.2901547164656 10.8978545367718 10.7737815366127 10.9243903807364 10.8749046176672 10.8584093633108 10.7321848082356 10.6934568197466 10.6160008427687 8.57704396732152 7.49839776940644 8.64230779977515 8.01405376428738 7.84479811089113 7.92942593758926 15.1087251274786 17.2929256961652 -9999 -9999 -9999 -9999 -9999 -9999 -9999 -9999 -9999 -9999 -9999 -9999 -9999 -9999 -9999 -9999 -9999 -9999 -9999 -9999 -9999 -9999 -9999 -9999 -9999 -9999 -9999 -9999 -9999 -9999 -9999 9.49002043670043 8.73356958746444 8.45117800473236 9.80414745444432 9.86833550943993 9.45129244821146 9.61504968348891 9.63178399950266 9.59951067576185 9.5882747778669 9.59807630581781 9.6083559570834 9.48954231338575 9.47232987405732
10.5973540334962 11.3195593003184 11.0692617450841 10.9925229530782 11.0463118259795 10.9193700859323 10.905743571464 10.7336191781797 10.8160954499617 10.4510482992046 8.25646228482947 8.24355295533314 7.78096864838153 7.86846521496773 8.29232153343037 6.69999985024333 -9999 -9999 -9999 -9999 -9999 -9999 -9999 -9999 -9999 -9999 -9999 -9999 -9999 -9999 -9999 -9999 -9999 -9999 -9999 -9999 -9999 -9999 -9999 -9999 -9999 -9999 -9999 -9999 -9999 -9999 -9999 -9999 10.4556587740247 8.63513595005497 8.86140780872665 9.41937771695666 9.31813510507345 9.37742239609361 9.59401225764304 9.94866022630595 9.93790245172568 9.87622454413213 9.64780113054439 9.82781455852091 9.42882065242156 9.5870794695802
11.5296944971196 11.4127933466807 11.0054322825745 11.0764335948043 10.9516434096731 10.7178411087953 10.627475802321 10.7278816984035 10.3972594263032 10.4338358598761 10.4431592645124 7.96026489138603 7.57728811632842 6.80875270031393 7.3774803831242 -9999 -9999 -9999 -9999 -9999 -9999 -9999 -9999 -9999 -9999 -9999 -9999 -9999 -9999 -9999 -9999 -9999 -9999 -9999 -9999 -9999 -9999 -9999 -9999 -9999 -9999 -9999 -9999 -9999 -9999 -9999 -9999 -9999 -9999 12.6275315756653 10.9080216884339 8.37838373007253 9.32435070816427 9.14911851333454 9.91782127250917 9.92499312222935 9.45344400312752 9.38172550592571 9.77976316539571 9.80988493422046 9.31120231701061 9.42164880270138
11.6967985955998 11.5877864798531 11.4816431039944 11.2887203465216 11.2327799187042 11.1438489821739 11.0943632191047 10.8698843228631 10.4790185131133 10.1326181716286 9.96981718298048 7.85627307044342 7.13980528339744 6.05972471553832 9.96704198895832 14.154545436955 -9999 -9999 -9999 -9999 -9999 -9999 -9999 -9999 -9999 -9999 -9999 -9999 -9999 -9999 -9999 -9999 -9999 -9999 -9999 -9999 -9999 -9999 -9999 -9999 -9999 -9999 -9999 -9999 -9999 -9999 5.4750212528919 6.16586809139699 12.7349997153506 -9999 11.5949583295733 9.84148326034055 9.9733552955091 9.50508132111281 9.19214961165562 9.24522129958495 9.23470258666202 9.28155867150053 9.80558182438836 9.85363321751356 9.67433697450906 9.14935757499188
11.8825495033525 11.8093966362067 11.6508987573907 11.5418866416439 11.5390179017559 11.1488692769781 10.9430371900089 10.9824823634699 10.3327127788216 10.1756492699496 9.88590654125437 8.6401562448591 8.70757163222879 9.55034366156906 10.7775969606638 -9999 -9999 -9999 -9999 -9999 -9999 -9999 -9999 -9999 -9999 -9999 -9999 -9999 -9999 -9999 -9999 -9999 -9999 -9999 -9999 -9999 -9999 -9999 -9999 -9999 -9999 -9999 -9999 -9999 -9999 -9999 -9999 -9999 12.7577646248569 12.3691439158891 6.28013956360519 12.6292493953728 12.8059869811164 9.66686981332981 9.25478376587853 8.91005685599521 9.02480645151809 9.05755789857358 9.08815779071301 9.8113193041645 9.69154941383749 9.53018279513344
11.8538621044718 11.7140110349283 11.6401409828104 11.3547013639472 11.3496810691431 11.4127933466807 11.2177190342918 11.1754051209427 10.8627124731429 10.3936735014431 10.1763664549217 9.14362009521574 8.15964231360704 13.8574378546327 16.0399996414781 -9999 -9999 -9999 -9999 -9999 -9999 -9999 -9999 -9999 -9999 -9999 -9999 -9999 -9999 -9999 -9999 -9999 -9999 -9999 -9999 -9999 -9999 -9999 -9999 -9999 -9999 -9999 -9999 -9999 -9999 -9999 -9999 -9999 -9999 -9999 8.41397611914896 8.30232626379002 7.97561264978722 8.46121859434061 8.52677582064644 8.1384136384353 8.57718740431592 8.15844700532034 8.81849624123424 9.50292976619676 9.51368754077703 9.01022369042039
11.4543900750577 11.345377959311 11.3790856529959 11.3575701038353 11.2141331094317 10.9559465195052 10.7996001956053 9.96766562806442 9.92391734477133 9.70804466819391 9.6442152056843 9.81418804405257 9.22466199705377 8.55983152799308 16.4183254219445 -9999 -9999 -9999 -9999 -9999 -9999 -9999 -9999 -9999 -9999 -9999 -9999 -9999 -9999 -9999 -9999 -9999 -9999 -9999 -9999 -9999 -9999 -9999 -9999 -9999 -9999 -9999 -9999 -9999 -9999 -9999 -9999 -9999 -9999 -9999 -9999 -9999 14.2049996824935 11.389746510688 8.01661513918745 7.8366700145416 7.47186192544177 7.51680551702157 7.73530787182972 8.84885707171634 8.97579881176353 9.23470258666202
