EcologicalScience/Bass/data/rs_data_bass/sst_241.asc
NCOLS 226 
NROWS 124 
XLLCORNER -9.41648524995501 
YLLCORNER 47.587301625531 
CELLSIZE 0.0833 
NODATA_value -9999 
[rows 54 to 80 of 124, columns 0 to 61 of 226]
-9999 -9999 -9999 -9999 -9999 -9999 -9999 -9999 -9999 -9999 -9999 -9999 -9999 -9999 -9999 -9999 -9999 -9999 -9999 -9999 -9999 -9999 -9999 -9999 -9999 -9999 -9999 -9999 -9999 -9999 -9999 -9999 -9999 -9999 -9999 -9999 -9999 -9999 13.9391969414428 11.8623822619393 7.03685664059594 7.07923575257882 7.44832521863282 7.90540024102665 6.99708547396585 7.63968320889398 7.66048157308251 7.57202875986695 7.8634449201636 7.82973722647876 7.84766685077921 7.88137454446405 7.84838403575122 7.98662143910769 5.08076722873375 7.62749106436968 7.67482527252287 6.95979185542092 13.8318988526732 11.4781546542778 11.0799997523427 10.590819681529
-9999 -9999 -9999 -9999 -9999 -9999 -9999 -9999 -9999 -9999 -9999 -9999 -9999 -9999 -9999 -9999 -9999 -9999 -9999 -9999 -9999 -9999 -9999 -9999 -9999 -9999 -9999 -9999 -9999 -9999 -9999 -9999 -9999 -9999 -9999 -9999 -9999 -9999 15.0199996642768 6.83656643750146 7.06292305439711 7.00202608155087 7.4091082403902 7.66713183373213 8.07358011696488 7.38784882871966 7.73220007028431 7.77379679866135 7.85483870049939 7.84981840569526 7.86129336524755 7.8713339548558 7.85483870049939 7.83515595737845 7.71498763095587 7.66478468291461 9.13579082593787 10.0267138574272 6.18515128801547 13.6649996945634 -9999 -9999
-9999 -9999 -9999 -9999 -9999 -9999 -9999 -9999 -9999 -9999 -9999 -9999 -9999 -9999 -9999 -9999 -9999 -9999 -9999 -9999 -9999 -9999 -9999 -9999 -9999 -9999 -9999 -9999 -9999 -9999 -9999 -9999 -9999 -9999 -9999 -9999 -9999 -9999 -9999 10.8153027718348 6.86541031310335 6.8712912298739 7.506156406831 8.03270057355985 7.16031677359715 7.67984556732699 7.73363444022834 7.80822167731822 7.8196966368705 7.87850580457598 7.92368845781311 7.87563706468791 7.84838403575122 7.95309304166585 7.72215948067605 7.78025146340951 7.57011626660824 7.68343149218708 7.79531234782189 6.25838186147278 -9999 -9999
-9999 -9999 -9999 -9999 -9999 -9999 -9999 -9999 -9999 -9999 -9999 -9999 -9999 -9999 -9999 -9999 -9999 -9999 -9999 -9999 -9999 -9999 -9999 -9999 -9999 -9999 -9999 -9999 -9999 -9999 -9999 -9999 -9999 -9999 -9999 -9999 -9999 -9999 -9999 -9999 11.0432871763149 7.39211095655337 3.79516193889348 7.71140170609578 7.25885798875242 7.22156437020749 7.78527175821364 7.86918239993975 7.79531234782189 7.82041382184252 7.87778861960396 7.89500105893239 7.89786979882047 7.96241644630209 7.8634449201636 7.73220007028431 7.9351634173654 7.66263312799856 7.68988615693524 7.76017028419301 13.1896589584649 -9999
-9999 -9999 -9999 -9999 -9999 -9999 -9999 -9999 -9999 -9999 -9999 -9999 -9999 -9999 -9999 -9999 -9999 -9999 -9999 -9999 -9999 -9999 -9999 -9999 -9999 -9999 -9999 -9999 -9999 -9999 -9999 -9999 -9999 -9999 -9999 -9999 -9999 -9999 -9999 -9999 11.2572745439023 6.48372447099537 7.44245734158903 7.34778892528266 7.33043304895982 7.29710785392672 7.73004851536825 7.83332315133885 7.86918239993975 7.85340433055535 7.80607012240216 7.92655719770119 7.93229467747733 7.87994017452002 7.9351634173654 8.12019714014605 8.3891415046528 8.21199681656435 7.83475752128288 7.89117607241496 6.17203588215634 15.3149996576831
-9999 -9999 -9999 -9999 -9999 -9999 -9999 -9999 -9999 -9999 -9999 -9999 -9999 -9999 -9999 -9999 -9999 -9999 -9999 -9999 -9999 -9999 -9999 -9999 -9999 -9999 -9999 -9999 -9999 -9999 -9999 -9999 -9999 -9999 -9999 -9999 -9999 -9999 -9999 14.5499996747822 10.3825571343768 10.0706175307976 7.26100954366848 7.46397289074957 7.58159122616053 7.7637562090531 7.66191594302654 7.44030578667298 7.84766685077921 7.79602953279391 7.82543411664665 7.85627307044342 7.90862757340074 7.92942593758926 7.72861414542422 7.68988615693524 8.01763968914747 8.16952352877706 8.19478437723592 13.7033387103118 -9999 -9999
-9999 -9999 -9999 -9999 -9999 -9999 -9999 -9999 -9999 -9999 -9999 -9999 -9999 -9999 -9999 -9999 -9999 -9999 -9999 -9999 -9999 -9999 -9999 -9999 -9999 -9999 -9999 -9999 -9999 -9999 -9999 -9999 -9999 -9999 -9999 -9999 -9999 -9999 -9999 13.2258369559422 7.68763214702319 7.14482557820156 7.93779309559613 7.37073884438723 7.65976438811049 7.52851953823119 7.54501479258761 7.6325113591738 7.82615130161867 7.76232183910906 7.72861414542422 7.64255194878206 7.89786979882047 8.00473035965115 8.00257880473509 7.98966947523877 9.07306012758412 12.5349997198209 9.94637739716272 6.13204086688347 7.64757224358618 5.71071642870083
-9999 -9999 -9999 -9999 -9999 -9999 -9999 -9999 -9999 -9999 -9999 -9999 -9999 -9999 -9999 -9999 -9999 -9999 -9999 -9999 -9999 -9999 -9999 -9999 -9999 -9999 -9999 -9999 -9999 -9999 -9999 -9999 -9999 -9999 -9999 -9999 -9999 -9999 -9999 7.04011657228693 7.08027893071994 7.5807306041941 7.28467664774507 7.48548843991011 7.6640674979426 7.35496077500284 7.47903377516195 7.4689931855537 7.58159122616053 7.96026489138603 7.93731497228146 8.01907405909151 7.95596178155392 8.02481153886765 8.04345834814012 7.85340433055535 8.09676909772679 5.39796789635771 7.78527175821364 7.79100923798978 7.77738272352144 7.71690012421459
-9999 -9999 -9999 -9999 -9999 -9999 -9999 -9999 -9999 -9999 -9999 -9999 -9999 -9999 -9999 -9999 -9999 -9999 -9999 -9999 -9999 -9999 -9999 -9999 -9999 -9999 -9999 -9999 -9999 -9999 -9999 -9999 -9999 -9999 -9999 -9999 -9999 -9999 14.7070971364821 12.7110575204715 7.55806755907834 6.60693684918806 7.29686879226938 7.22371592512354 7.63681446900591 7.59306618571281 7.80965604726225 7.52708516828716 7.41520431265235 7.09103670530021 7.34994048019871 7.8275856715627 8.00759909953922 7.82686848659068 8.00616472959518 8.05995360249653 7.97747733071446 5.65738394623622 7.81467634206638 7.87491987971589 8.01763968914747 7.42022460745648
-9999 -9999 -9999 -9999 -9999 -9999 -9999 -9999 -9999 -9999 -9999 -9999 -9999 -9999 -9999 -9999 -9999 -9999 -9999 -9999 -9999 -9999 -9999 -9999 -9999 -9999 -9999 -9999 -9999 -9999 -9999 -9999 -9999 -9999 -9999 -9999 -9999 -9999 10.164748058375 7.47401348035783 8.13949593575671 6.95620593056083 6.99349954910576 6.96337778028101 7.4051637230441 7.7838373882696 7.7479781396687 7.79531234782189 6.67578660650179 6.84862818475813 7.50341806421056 7.58876307588071 7.65187535341829 7.202200375963 7.5966521105729 7.91866816300899 7.3176671564579 6.19957578508183 6.52374339243397 6.82998137548566 6.35699788643979 7.71355326101184
-9999 -9999 -9999 -9999 -9999 -9999 -9999 -9999 -9999 -9999 -9999 -9999 -9999 -9999 -9999 -9999 -9999 -9999 -9999 -9999 -9999 -9999 -9999 -9999 -9999 -9999 -9999 -9999 -9999 -9999 -9999 -9999 -9999 -9999 -9999 -9999 -9999 14.6952645889045 7.3295724269934 9.04423874909324 7.79005299136043 5.14531387621537 7.43528549186885 7.44790794737637 8.17016102652997 4.91760764759965 7.02935879770666 6.75754569331184 6.5007934733294 6.55745108611882 7.21941281529143 7.3693044744432 7.4489120063372 6.42979216109961 6.51872309762985 6.9389934912324 6.59474470466375 7.08314767060801 6.70519119035453 6.26842554239556 6.28133487189189 7.97030548099428
-9999 -9999 -9999 -9999 -9999 -9999 -9999 -9999 -9999 -9999 -9999 -9999 -9999 -9999 -9999 -9999 -9999 -9999 -9999 -9999 -9999 -9999 -9999 -9999 -9999 -9999 -9999 -9999 -9999 -9999 -9999 -9999 -9999 -9999 -9999 -9999 -9999 9.92306976253167 6.35540983400175 7.66717529948801 7.75610623601824 7.81587165035307 7.24408397832885 6.40684224199504 6.59904781449586 6.14363535726443 7.91221349826083 5.74201177293435 6.93755912128836 7.18929104646668 6.86799217900261 6.59617907460779 6.7998596066609 7.06019775150344 6.62271491857246 6.80846582632512 6.3415784095414 6.17806023592129 6.35018462920561 6.35950803384185 6.30787071585655 6.28563798172399
-9999 -9999 -9999 -9999 -9999 -9999 -9999 -9999 -9999 -9999 -9999 -9999 -9999 -9999 -9999 -9999 -9999 -9999 -9999 -9999 -9999 -9999 -9999 -9999 -9999 -9999 -9999 -9999 -9999 -9999 -9999 -9999 -9999 -9999 -9999 5.52887938520524 9.86988941021264 6.56534012081102 7.63322854414582 8.14529861416668 7.87468081805855 7.77003157755826 6.15893530333415 5.76567887701094 8.68342640483752 8.09653003606945 6.21571244695224 8.06282234238461 7.41663868259639 7.22371592512354 7.09605700010434 6.30715353088453 6.00163273280486 7.32053589634597 7.2301705898717 7.20291756093502 6.48931851377711 7.30117190210149 6.35018462920561 6.64925076253712 7.63968320889398 6.46206548484042
-9999 -9999 -9999 -9999 -9999 -9999 -9999 -9999 -9999 -9999 -9999 -9999 -9999 -9999 -9999 -9999 -9999 -9999 -9999 -9999 -9999 -9999 -9999 -9999 -9999 -9999 -9999 -9999 -9999 -9999 -9999 -9999 -9999 -9999 -9999 15.727275683345 6.62630084343255 8.67960141832009 6.61482588388026 6.61841180874035 5.68965726997703 6.23256629379466 6.206389042316 5.82592241466045 7.37540054670535 8.09844252932817 7.18857386149466 6.27416302217171 6.66502883192152 7.02720724279061 6.78838464710861 8.0506301978603 6.45632800506428 6.93540756637231 7.36715291952714 7.39082002360374 6.62486647348851 6.67793816141784 6.97628710977733 7.20722067076713 7.20793785573915 7.15988646261394
-9999 -9999 -9999 -9999 -9999 -9999 -9999 -9999 -9999 -9999 -9999 -9999 -9999 -9999 -9999 -9999 -9999 -9999 -9999 -9999 -9999 -9999 -9999 -9999 -9999 -9999 -9999 -9999 6.35999985784292 12.7831228914506 12.2484340569631 6.34516433440149 6.35520492400974 11.566480478565 7.70351267140359 7.77738272352144 4.62383075343678 4.34350107749924 6.73411765089259 6.90791547577828 6.46314126229845 6.39465009747073 6.1823633457534 6.42190312640741 6.71738333487883 6.39249854255468 7.30117190210149 7.5923490007408 7.53784294286743 6.97843866469339 6.67291786661372 7.33846552064642 6.96481215022504 7.07525863591582 6.83141574542969 7.27248450322077 7.25240332400426 7.22013000026345 7.2258674800396 5.9313486055471 7.32340463623405 7.50700398907065
-9999 -9999 -9999 -9999 -9999 -9999 -9999 -9999 -9999 -9999 -9999 -9999 -9999 -9999 -9999 -9999 -9999 -9999 -9999 -9999 -9999 -9999 13.3158110706136 8.74396876955871 4.60527359228581 8.56628619274125 8.3958352310583 8.08111055917107 8.19281211856287 8.18832971248776 8.52445040270686 8.47376933135092 7.91747285472229 8.83021026244387 6.60478529427201 6.7561113233678 6.35018462920561 6.16658527636901 7.12474439898506 6.55027923639864 6.75216680602171 6.14506972720847 6.24834436317906 6.17303994111717 7.63538009906188 6.94257941609249 7.08171330066398 7.70781578123569 7.281807907857 7.07884456077591 7.48118533007801 7.10896632960066 5.71691029891372 6.07119967509061 6.88161869347095 7.21367533551529 7.41018401784822 6.64709920762107 7.44532608147711 11.6549997394904 -9999 -9999
-9999 -9999 -9999 -9999 -9999 -9999 -9999 -9999 -9999 -9999 -9999 -9999 -9999 -9999 -9999 -9999 -9999 -9999 -9999 -9999 -9999 12.3494369201362 9.38961454061791 8.16251105349511 8.12701039738022 6.75467695342377 6.51944028260186 6.67291786661372 8.12808617483824 8.23996703047305 6.96983244502917 7.51847894862294 7.76232183910906 8.72956530470401 8.59569077659398 8.26196070294827 7.31981871137396 7.09247107524425 6.95477156061679 5.76532028452493 6.9748527398333 7.08601641049609 7.36284980969504 7.26889857836068 7.72574540553614 8.12593461992219 7.57011626660824 7.7357859951444 6.95333719067276 6.84145633503795 7.0745414509438 6.99636828899384 7.16992705222219 7.21510970545933 6.58111819019541 6.89022491313517 12.6699997168034 -9999 -9999 -9999 -9999 -9999
-9999 -9999 -9999 -9999 -9999 -9999 -9999 -9999 -9999 -9999 -9999 -9999 -9999 -9999 -9999 -9999 -9999 6.88018432352692 12.7746172723933 13.7205511496402 6.61590166133828 6.64996794750914 9.29207738442346 7.57513656141236 7.46469007572159 8.40348520409316 8.3733634352684 8.30451367795467 8.06497389730066 7.57226782152429 7.9351634173654 8.00186161976308 7.46827600058168 7.1663411273621 7.39225439354777 7.26531265350059 6.91891231201589 7.22730184998363 6.2738044296857 6.25695058284327 7.43636126932688 7.11864832672291 7.87563706468791 7.93874934222549 8.15318764885888 7.89284950401634 8.01333657931536 7.32053589634597 7.33989989059046 7.31121249170974 6.62773521337658 7.30547501193359 10.7399997599423 -9999 -9999 -9999 -9999 -9999 -9999 -9999 -9999 -9999
-9999 -9999 -9999 -9999 -9999 -9999 -9999 -9999 -9999 -9999 -9999 -9999 -9999 7.00499984342605 6.08999986387789 -9999 -9999 7.97532577579841 7.83977781608701 7.84479811089113 8.34969633119181 8.15964231360704 8.15247046388686 8.38483839482069 8.32244330225512 8.36045410577208 8.26148257963359 8.1503189089708 8.33391826180741 8.45512252207845 8.35615099593997 7.91077912831679 8.76673939242028 8.52827538922429 7.75514998938888 7.58517715102062 7.64542068867013 7.53712575789541 7.04226812720299 8.1739860130474 7.29973753215745 7.31623278651386 7.2896969425492 8.14816735405475 8.16466260841116 7.98464918043464 7.87348550977185 7.99827569490299 7.73937192000449 7.60023803543299 7.29471723735332 13.5549996970221 -9999 -9999 -9999 -9999 -9999 -9999 -9999 -9999 -9999 -9999
-9999 -9999 -9999 -9999 -9999 -9999 -9999 -9999 -9999 -9999 -9999 -9999 -9999 15.4123546393821 8.49026458570734 8.83056885492988 8.95822777994908 8.61003447603434 7.65474409330636 7.68486586213112 8.22777488594875 8.06138797244057 8.19908748706803 7.60597551520914 8.49313332559541 8.12521743495017 8.00903346948326 7.82041382184252 8.16035949857906 7.9229712728411 6.71523177996278 8.30021056812257 6.57322915550321 7.45034637628123 7.70853296620771 8.00975065445527 7.97532577579841 8.01620531920344 8.00759909953922 7.61888484470546 7.76949368882924 7.92655719770119 8.22347177611664 7.92368845781311 7.80176701257005 7.99038666021079 7.82686848659068 7.99827569490299 7.82471693167463 7.78527175821364 8.15749075869098 7.75945309922099 16.0199996419251 -9999 -9999 -9999 -9999 -9999 -9999 20.8078959891173 17.8399996012449 -9999
-9999 -9999 -9999 -9999 -9999 -9999 -9999 -9999 -9999 -9999 17.8613568071401 7.64750704495236 9.14720602007583 9.21533859241754 7.43098238203675 6.36022521881387 8.80008849361911 8.44723348738626 7.96026489138603 7.94592119194567 7.68199712224305 8.50030517531559 7.54716634750366 8.36977751040831 7.77881709346548 7.62533950945362 7.26029235869646 7.68773460201919 7.3972746883519 7.14482557820156 7.5486007174477 8.34324166644365 7.09533981513232 7.10609758971259 8.45823032362387 8.49528488051146 7.89786979882047 7.81395915709436 7.22371592512354 7.46971037052572 7.69275489682332 7.99827569490299 8.1144596603699 8.04632708802819 8.04058960825205 8.02911464869976 8.1503189089708 7.87061676988378 7.84192937100306 8.08003478171304 8.00329598970711 13.8458433642518 7.59554754101746 -9999 -9999 -9999 12.082041675169 7.17136142216623 7.44604326644912 7.98966947523877 8.06325265336782 17.7899996023625
-9999 -9999 -9999 -9999 -9999 -9999 -9999 19.9452071421565 11.2567730159499 7.48835717979819 7.65976438811049 6.81420330610126 6.39967039227486 6.33010344998911 8.34682759130374 7.63753165397793 7.15988646261394 8.17613756796345 8.29232153343037 7.98966947523877 7.67482527252287 7.68630023207515 8.34395885141566 8.31240271264687 7.50843835901469 7.23590806964785 7.25096895406023 7.24666584422812 7.04728842200711 7.44676045142114 7.46827600058168 7.43241675198078 7.41520431265235 7.67769401241094 7.74295784486458 7.74869532464072 7.69849237659946 7.6683706077747 7.54429760761559 7.47975096013397 7.29973753215745 8.06999419210479 7.22515029506758 6.97987303463742 8.16537979338318 8.12019714014605 8.0147709492594 7.99612413998693 7.71498763095587 7.7795342784375 8.15247046388686 7.8275856715627 7.66693623783067 9.49608390964568 7.95811333646998 7.84408092591912 7.80822167731822 7.67697682743892 7.76949368882924 7.73865473503247 7.88567765429616 15.379240002501
-9999 -9999 -9999 -9999 -9999 7.67267371760681 7.72502822056413 8.03987242328003 8.21988585125655 8.14386424422264 7.55003508739173 7.52995390817523 7.6841486771591 7.78312020329759 7.95811333646998 8.01835687411949 7.99971006484702 8.17972349282354 7.97460859082639 7.71642200089991 7.88782920921221 8.34969633119181 8.37121188035235 8.30594804789871 8.28873560857028 7.20793785573915 7.24164554942399 7.31910152640194 7.4847712549381 7.65259253839031 7.69705800665542 7.72072511073202 7.66621905285865 7.71713918587193 7.55003508739173 7.61601610481739 7.57943967124447 7.54573197755963 7.56581315677613 7.47329629538581 7.31981871137396 7.62533950945362 7.56007567699999 7.8512527756393 7.99827569490299 7.99397258507088 7.86703084502369 7.98464918043464 7.99253821512684 7.87563706468791 7.71713918587193 7.69060334190726 7.6124301799573 7.57298500649631 7.73937192000449 7.81252478715032 7.8153935270384 7.87635424965993 7.75730154430494 7.65546127827838 7.58015685621649 7.560792861972
-9999 -9999 -9999 -9999 -9999 8.40348520409316 7.78312020329759 8.35686818091199 8.20482496684417 8.31670582247898 8.15247046388686 8.31455426756293 8.11517684534192 8.07716604182497 7.74080628994852 7.71355326101184 8.16107668355107 7.10107729490846 8.34467603638768 8.24713888019323 8.07214574702084 7.73650318011642 7.84551529586315 7.48405406996608 7.54716634750366 8.00544754462317 7.92153690289706 8.03198338858783 7.43600267684087 7.74224065989256 8.1022675158456 8.19980467204005 8.06138797244057 7.98608355037868 7.93301186244935 7.75371561944485 7.83404033631086 7.79746390273795 7.26029235869646 7.5127414688468 7.73506881017238 7.42811364214867 7.8713339548558 7.83404033631086 7.90073853870854 7.78670612815768 8.01333657931536 7.95165867172182 7.90934475837275 7.80104982759804 7.39584031840786 7.53856012783945 7.31408123159781 7.68056275229901 7.61601610481739 7.62462232448161 7.80320138251409 7.88209172943607 7.96026489138603 7.30762656684965 6.91604357212782 6.95764030050486
-9999 -9999 -9999 -9999 -9999 8.67601549346 8.63513595005497 8.49313332559541 8.33822137163952 8.19191563734785 8.36045410577208 8.70757163222879 8.06569108227268 7.78527175821364 7.99684132495895 8.07644885685295 8.64517653966323 8.43217260297388 7.87420269474387 7.85340433055535 7.77092805877328 8.01548813423142 7.82615130161867 7.86703084502369 7.83404033631086 7.76734213391319 7.79244360793382 7.74008910497651 7.52636798331514 7.86846521496773 8.11159092048183 7.91149631328881 7.7042298563756 7.58015685621649 7.59808648051694 7.9071932034567 7.37862787907943 7.49768058443442 7.33989989059046 7.59736929554492 7.54644916253164 7.57011626660824 7.50628680409864 7.88567765429616 7.90217290865257 7.84264655597508 7.76088746916503 7.72574540553614 7.51632739370689 7.16777549730614 7.22945340489969 7.26531265350059 7.3413342605345 7.52278205845505 7.53425701800734 7.70566422631964 7.83834344614297 7.73291725525633 7.6325113591738 7.52134768851101 7.09103670530021 7.74558752309531
-9999 -9999 -9999 -9999 -9999 8.68820763798431 8.75634021032602 8.65952023910359 8.78072449937463 8.6243781754747 8.6243781754747 8.30738241784275 8.16035949857906 7.79244360793382 9.15079194493592 8.52755820425227 8.66884364373982 7.45034637628123 7.57083345158026 6.84719381481409 7.75156406452879 8.16537979338318 7.64255194878206 7.87778861960396 7.99253821512684 7.52780235325918 7.49768058443442 7.70853296620771 7.90791038842872 7.53353983303532 7.61745047476143 7.91293068323284 7.49552902951837 7.47544785030186 7.49194310465828 7.9868007353507 7.49337747460231 7.68486586213112 7.47544785030186 7.65044098347425 7.68343149218708 7.41807305254042 7.51704457867891 7.75514998938888 7.65904720313847 7.73722036508843 7.6561784632504 7.35854669986293 6.97843866469339 7.22515029506758 7.29471723735332 7.03366190753877 7.38651691377163 7.53353983303532 7.66550186788663 8.12880335981026 7.93301186244935 7.799615457654 7.26316109858453 7.45034637628123 7.65474409330636 7.60023803543299
-9999 -9999 -9999 -9999 -9999 9.00592058058828 8.84813988674432 8.79721975373104 8.81443219305947 8.56628619274125 8.68533889809623 8.78144168434665 7.84121218603104 8.1381267644465 8.55983152799308 8.24427014030516 7.64326913375407 6.78623309219256 7.00138858379796 8.07716604182497 7.12833032384515 7.86559647507966 7.61745047476143 6.99063080921769 7.19861445110291 7.06521804630756 7.73865473503247 7.61386454990134 7.56007567699999 7.63753165397793 7.7716452437453 7.41879023751244 7.4890743647702 7.42381053231657 7.52708516828716 7.76590776396915 7.81109041720629 7.93659778730944 7.441022971645 7.73722036508843 7.73865473503247 7.48261970002204 7.83117159642279 7.94807274686173 7.69562363671139 7.63681446900591 7.75012969458476 7.79387797787786 7.60884425509721 7.39584031840786 7.38651691377163 7.27463605813682 7.40229498315603 7.37575913919136 7.58661152096465 7.89571824390441 7.70638141129166 7.96456800121814 7.75228124950081 7.80893886229023 7.72431103559211 7.72359385062009
