EcologicalScience/Bass/data/rs_data_bass/sst_535.asc
NCOLS 226 
NROWS 124 
XLLCORNER -9.41648524995501 
YLLCORNER 47.587301625531 
CELLSIZE 0.0833 
NODATA_value -9999 
[rows 81 to 107 of 124, columns 62 to 123 of 226]
13.8610835449072 -9999 -9999 -9999 -9999 -9999 -9999 -9999 -9999 -9999 -9999 -9999 -9999 -9999 -9999 -9999 -9999 -9999 -9999 -9999 -9999 -9999 -9999 -9999 -9999 -9999 -9999 -9999 -9999 -9999 -9999 -9999 -9999 -9999 -9999 -9999 -9999 -9999 -9999 -9999 -9999 -9999 -9999 -9999 -9999 -9999 -9999 -9999 -9999 -9999 -9999 -9999 -9999 -9999 -9999 -9999 -9999 -9999 -9999 -9999 -9999 -9999
15.7999996468425 -9999 -9999 -9999 -9999 -9999 -9999 -9999 -9999 -9999 -9999 -9999 -9999 -9999 -9999 -9999 -9999 -9999 -9999 -9999 -9999 -9999 -9999 -9999 -9999 -9999 -9999 -9999 -9999 -9999 -9999 -9999 -9999 -9999 -9999 -9999 -9999 -9999 -9999 -9999 -9999 -9999 -9999 -9999 -9999 -9999 -9999 -9999 -9999 -9999 -9999 -9999 -9999 -9999 -9999 -9999 -9999 -9999 -9999 -9999 -9999 -9999
-9999 -9999 -9999 -9999 -9999 -9999 -9999 -9999 -9999 -9999 -9999 -9999 -9999 -9999 -9999 -9999 -9999 -9999 -9999 -9999 -9999 -9999 -9999 -9999 -9999 -9999 -9999 -9999 -9999 -9999 -9999 -9999 -9999 -9999 -9999 -9999 -9999 -9999 -9999 -9999 -9999 -9999 -9999 -9999 -9999 -9999 -9999 -9999 -9999 -9999 -9999 -9999 -9999 -9999 -9999 -9999 -9999 -9999 -9999 -9999 -9999 -9999
-9999 -9999 -9999 -9999 -9999 -9999 -9999 -9999 -9999 -9999 -9999 -9999 -9999 -9999 -9999 -9999 -9999 -9999 -9999 -9999 -9999 -9999 -9999 -9999 -9999 -9999 -9999 -9999 -9999 -9999 -9999 -9999 -9999 11.3199997469783 11.209999749437 11.1449997508898 -9999 -9999 -9999 -9999 -9999 -9999 -9999 -9999 -9999 -9999 -9999 -9999 -9999 -9999 -9999 -9999 -9999 -9999 -9999 -9999 17.2699996139854 14.9049996668473 17.8151035918854 17.6300698691048 17.4572282908484 16.9358348161913
-9999 -9999 -9999 -9999 -9999 -9999 -9999 -9999 -9999 -9999 -9999 -9999 -9999 -9999 -9999 -9999 -9999 -9999 -9999 -9999 -9999 -9999 -9999 -9999 -9999 -9999 -9999 -9999 -9999 -9999 -9999 -9999 -9999 16.7499996256083 18.5753196622245 18.4114428961184 18.2048936241772 18.2647785693407 18.0847651413642 17.8746299445629 17.0794767205869 -9999 17.6415448286571 17.4486220711842 17.4823297648691 18.0087435343303 17.5561998169869 17.6652119327337 17.6551713431254 17.0809452421963 18.1407055691816 17.5082918608561 11.189999749884 -9999 17.1029389146715 17.8997314185835 18.079027661588 17.119434169028 16.9487441456877 16.9128848970868 16.362804023549 16.2222357690334
-9999 -9999 -9999 -9999 -9999 -9999 -9999 -9999 -9999 -9999 -9999 -9999 15.5460737774149 15.2124770750096 16.8537171368953 16.6475264574401 16.7762611599173 16.8694952062797 16.8186263007644 -9999 -9999 -9999 -9999 -9999 -9999 11.894999734126 -9999 15.7247484601103 17.9391765920445 17.5970793603919 17.7699209386483 17.7699209386483 18.0797448465601 18.1909085172229 16.5699996296316 -9999 18.71383881682 18.2880870809313 18.1026947656646 18.2411114652641 18.3142643324099 18.434034222737 17.7290413952433 17.2327493946068 17.2628711634316 17.7498397594318 16.4797051739879 17.0254829376936 16.921491116751 16.9308145213872 16.9889065041207 17.0247657527216 16.9573503653519 16.9387035560794 17.6953337015584 16.4115726016462 16.9501785156317 16.3506118790247 16.1562547516078 16.1792046707124 16.1512344568036 16.1784874857403
-9999 -9999 -9999 -9999 -9999 -9999 -9999 -9999 -9999 16.5175181333746 16.2075334771071 16.2423169482499 16.4510177751072 16.5342112318613 16.4732505092397 16.562898630742 16.7249824344181 16.7959837466478 16.6152531336993 16.8906521629542 16.2408825783059 14.5978118074127 16.7407605038024 16.6579256395344 16.5872829197906 16.0949354365002 -9999 17.0279930850957 17.1535004551988 17.4651173255406 17.6544541581534 17.8294472913258 17.6458479384892 17.0049236351624 14.0563371535391 16.3849996337667 15.8799996450543 17.8014770774171 17.9771873955615 18.0718558118679 18.2052522166632 18.2124240663834 17.4371471116319 17.1122623193078 16.721396509558 16.5707876654342 16.6145359487273 16.4603411797434 16.3965117172338 16.4230475611985 16.443128740415 16.4101382317021 16.3377025495283 16.244468503166 16.1584063065238 16.1584063065238 15.9862819132395 16.1297189076431 16.1512344568036 16.1340220174752 16.1490829018876 16.205740514677
-9999 -9999 -9999 -9999 -9999 -9999 -9999 -9999 14.7849996695295 16.2212795224041 16.1318704625592 16.2294076187536 16.325510405004 16.3491775090806 16.3685415033251 16.4180272663943 16.4768364340998 16.4660786595196 16.5169987925328 16.5155644225888 16.8153477408923 16.6546983071603 16.7378917639144 16.7579729431309 16.8605303941295 16.8547929143533 16.8476210646331 16.9157536369748 16.9107333421707 16.9795830994844 17.0283516775817 17.0097048683092 17.0656452961266 17.1660511922091 17.2929929322563 17.5361186377704 17.5913418806158 17.6594744529575 17.8488112855703 17.9556718464009 18.0288247135468 17.9233985226601 17.1588793424889 16.762276052963 16.6661732667126 16.3907742374577 16.3792992779054 16.3592180986889 16.2487716129981 16.3305306998082 16.4072694918141 16.1756187458523 16.0608691503294 16.1827905955724 16.0321817514487 16.1225470579229 16.1727500059642 16.1885280753486 16.1827905955724 16.1397594972514 16.0809503295459 16.1949827400967
-9999 -9999 -9999 -9999 -9999 -9999 -9999 -9999 14.6731162294745 16.4800637664739 16.3836023877375 16.1677297111601 16.3355509946123 16.2580950176343 16.3204901101999 16.2882167864591 16.3907742374577 16.5973235093988 16.6073640990071 16.6568498620763 16.7543870182708 16.6697591915727 16.6073640990071 16.6575670470484 16.681951336097 16.7178105846979 16.6747794863768 16.5535752261057 16.5499893012457 16.5428174515255 16.5966063244268 16.6891231858172 16.7866603420116 16.8856318681501 17.1395153482445 17.3647114294581 17.4665516954847 17.4973906492814 17.5411389325745 17.4235205971636 17.281517972704 17.0333719723858 16.4789879890159 16.3484603241086 16.2667012372985 16.0902737341821 16.0034943525679 16.0580004104413 16.0357676763088 15.9410992600024 15.8894619420171 15.8198949997313 15.8822900922969 15.9712210288271 15.9783928785473 16.0257270867005 16.007080277428 15.9210180807859 16.007080277428 16.1125064683147 16.1203955030069 16.1411938671954
-9999 9.40499978978187 -9999 -9999 -9999 -9999 -9999 9.59999978542328 14.2659600753603 16.603060989175 16.9494613306597 16.3814508328214 16.5729392203502 15.9482711097226 16.1684468961321 16.083819069434 16.0343333063647 16.2408825783059 16.4409771854989 16.3900570524856 16.5844141799025 16.6166875036433 16.48400828382 16.2918027113192 16.1605578614399 16.1225470579229 16.1196783180349 16.1533860117197 16.1921140002087 16.2107608094811 16.2896511564031 16.5507064862177 16.6087984689511 16.6496780123562 16.7436292436905 16.842600769829 16.8727225386538 16.8569444692694 16.8139133709483 16.6633045268245 16.5091097578406 16.363521208521 15.9174321559258 15.8026825604029 15.7094485140406 15.7080141440965 15.7237922134809 15.768257681746 15.7754295314662 15.7897732309066 15.7216406585649 15.767540496774 15.7998138205148 15.8700979477726 15.8543198783882 15.8794213524088 16.0307473815046 15.9719382137991 16.1469313469715 16.1835077805445 16.4359568906948 16.6174046886154
15.8005310054868 15.9855647282675 15.7051454042085 15.60617387807 15.6721548954956 -9999 16.1899624452926 15.3924527564086 15.2416048506275 15.3118889778852 16.2996917460114 16.5880001047626 16.164860971272 16.0902737341821 15.8930478668772 15.7560655372217 15.7560655372217 15.8191778147593 15.9131290460937 15.9396648900583 15.92603837559 15.7739951615222 15.7080141440965 15.7646717568859 15.6592455659993 15.7072969591245 15.7180547337048 15.7381359129213 15.7797326412983 15.8363902540877 15.8751182425767 15.9203008958139 15.9783928785473 16.0945768440142 16.0321817514487 15.9927365779877 16.0106662022881 16.0680410000496 16.0536973006092 15.9525742195547 15.8550370633602 15.7123172539286 15.5939817335457 15.5574052999727 15.5946989185177 15.6348612769507 15.6807611151598 15.7445905776694 15.7574999071658 15.8120059650391 15.8005310054868 15.8234809245914 15.8751182425767 15.9504226646386 15.966917918995 15.9869990982115 16.1376079423353 16.167012526188 16.1863765204325 16.3183385552838 16.7737510125153 16.7974181165919
15.9920193930157 15.7539139823057 15.3515732130036 15.3487044731155 15.3400982534513 15.3436841783114 15.4928586524911 15.6018707682379 15.767540496774 15.9009369015694 15.7646717568859 15.7309640632011 15.7625202019699 15.645619051531 15.5531021901406 15.5961332884617 15.607608248014 15.6714377105236 15.685781409964 15.6628314908594 15.6377300168388 15.5652943346649 15.5100710918196 15.5523850051686 15.5652943346649 15.5753349242732 15.5645771496929 15.5997192133218 15.6248206873424 15.6420331266709 15.6721548954956 15.7589342771098 15.7818841962144 15.7969450806268 15.7331156181172 15.6936704446562 15.7216406585649 15.6951048146002 15.6276894272305 15.5789208491333 15.5782036641613 15.5932645485736 15.6535080862232 15.6958219995722 15.726660953369 15.7417218377814 15.8184606297873 15.8966337917373 15.8206121847034 15.925321190618 15.9726553987712 16.0092318323441 16.0379192312248 16.0909909191541 16.0680410000496 16.1548203816637 16.2910855263472 16.3850367576815 16.4409771854989 16.5026550930925 17.1108279493637 17.2241431749426
16.7816400472075 16.1949827400967 16.2645496823825 16.0544144855812 15.4691915484145 15.3487044731155 15.5079195369035 15.4914242825471 15.486403987743 15.5703146294691 15.685781409964 15.6355784619227 15.4964445773512 15.5072023519315 15.5236976062879 15.446958814282 15.4978789472952 15.5179601265118 15.5401928606443 15.44624162931 15.4426557044499 15.3465529181994 15.3501388430595 15.3314920337871 15.3479872881435 15.4211401552893 15.5136570166796 15.568163074553 15.6513565313071 15.7151859938167 15.7431562077254 15.7976622655988 15.8686635778286 15.76610612683 15.7890560459346 15.7237922134809 15.7187719186768 15.728095323313 15.7445905776694 15.7237922134809 15.7410046528094 15.6958219995722 15.7080141440965 15.727378138341 15.7747123464942 15.8779869824648 15.9733725837432 16.0328989364207 15.9848475432955 16.0967283989303 16.1203955030069 16.1318704625592 16.1619922313839 16.2093264395371 16.3004089309834 16.4653614745475 16.6159703186713 16.8361461050808 16.8619647640735 16.8131961859763 17.0369578972459 17.3962675682269
17.2736289380118 17.1122623193078 17.1301919436082 16.8067415212281 16.6260109082796 16.7070528101176 16.5958891394548 15.9525742195547 15.3594622476958 15.3903012014925 15.3831293517724 15.4326151148416 15.3845637217164 15.4161198604852 15.4426557044499 15.4627368836664 15.4620196986943 15.4318979298696 15.3874324616045 15.3537247679196 15.2805719007738 15.2726828660816 15.287743750494 15.3393810684793 15.4132511205971 15.5452131554484 15.6341440919787 15.6850642249919 15.8521683234721 15.8736838726327 15.9009369015694 15.9188665258698 16.1039002486505 16.0701925549656 15.9805444334634 16.1024658787064 15.9310586703941 15.8643604679964 15.8492995835841 15.8514511385001 15.7983794505708 15.7854701210745 15.8263496644795 15.8930478668772 16.0300301965326 16.0092318323441 16.0895565492101 16.2229529540055 16.1770531157963 16.2000030349009 16.2523575378582 16.3513290639967 16.4589068097994 16.4653614745475 16.6876888158731 16.9437238508835 17.003250203561 17.0197454579175 17.4206518572755 17.4751579151489 17.3302865508012 17.5540482620709
17.3274178109132 17.3080538166687 17.2327493946068 17.1861323714256 16.9724112497643 16.8347117351368 16.8849146831781 16.7830744171515 16.7859431570396 16.7837916021235 15.9181493408978 15.6843470400199 15.5394756756723 15.4849696177989 15.3573106927797 15.408230825793 15.3903012014925 15.3723715771921 15.3042390048504 15.2963499701582 15.2690969412215 15.3494216580875 15.4347666697577 15.528717901092 15.4849696177989 15.6649830457754 15.7187719186768 15.7560655372217 15.8528855084442 15.9116946761496 15.9697866588831 16.0486770058051 16.2595293875784 16.4589068097994 16.405117936898 16.2537919078022 16.4259163010865 16.2903683413751 16.1842249655165 16.0307473815046 16.045808265917 15.9611804392189 15.8908963119611 16.1153752082027 16.1964171100408 16.2867824165151 16.3183385552838 16.2932370812632 16.3283791448921 16.5392315266654 16.563615815714 16.6525467522442 16.8705709837377 17.0964842499234 16.9702596948482 17.2033448107541 17.5339670828544 17.8294472913258 18.1234931298532 17.9449140718207 18.0489058927633 17.9477828117087
17.3116397415288 17.1803948916495 17.0907467701472 17.2929929322563 17.0548875215463 17.1796777066775 17.4098940826952 17.4041566029191 17.0505844117142 17.0111392382532 17.0233313827775 16.3369853645563 16.1196783180349 15.9389477050863 15.7840357511304 15.5064851669595 15.4505447391421 15.4154026755132 15.3243201840669 15.4060792708769 15.3981902361847 15.4684743634425 15.5982848433778 15.566728704609 15.6549424561672 15.887310387101 15.8700979477726 15.9159977859817 16.0171208670363 16.0379192312248 16.0580004104413 16.2021545898169 16.6554154921323 16.8677022438496 16.8626819490455 16.5507064862177 16.7400433188304 16.764427607879 16.5342112318613 16.3613696536049 16.3126010755077 16.2516403528862 16.3104495205916 16.6733451164328 16.7106387349777 16.5428174515255 16.6468092724681 16.6288796481676 16.7206793245859 16.8755912785418 16.9659565850161 17.2607196085155 17.3826410537586 17.4837641348131 17.7950224126689 17.521057753358 17.8502456555143 17.9155094879679 17.9377422221005 18.555238483008 18.1654484507162 18.1151259718463
16.9021271225065 16.7558213882148 16.962370660156 17.0118564232253 16.7414776887745 17.2571336836554 17.1140552817378 17.5117343487218 17.1560106026009 17.4292580769397 16.9021271225065 16.8088930761442 16.762993237935 16.485442653764 16.3082979656756 15.7316812481731 15.6248206873424 15.5079195369035 15.4749290281907 15.488555542659 15.5208288663998 15.5430616005324 15.4928586524911 15.4821008779109 15.6441846815869 15.8808557223529 16.0580004104413 16.3018433009274 16.322641665116 16.2351450985298 16.1956999250688 16.2200842141174 16.9121677121148 17.0900295851752 17.0391094521619 17.160313712433 16.9501785156317 16.9745628046803 16.9100161571987 16.6805169661529 16.6654560817406 16.6346171279438 16.6001922492869 16.7063356251456 16.962370660156 16.8074587062001 17.0570390764624 17.2621539784595 17.1366466083564 17.1517074927688 17.3274178109132 17.4887844296172 17.7032227362506 17.7225867304951 17.8201238866895 18.0352793782949 16.4196409325814 17.1499996166676 -9999 -9999 -9999 -9999
17.079988995567 16.9508957006037 16.8705709837377 16.8332773651928 17.1237372788601 17.2474516865332 15.1722769699991 17.0147251631133 17.3625598745421 17.3073366316967 16.8239539605565 16.6511123823002 16.5162816075608 16.445997480303 16.3047120408155 15.8356730691157 15.6958219995722 15.5990020283498 15.6929532596841 15.7331156181172 15.6893673348241 15.6578111960553 15.5351725658402 15.8406933639199 15.9195837108418 16.3190557402559 16.3993804571219 16.4302194109187 16.3420056593604 16.4366740756668 16.5994750643149 16.5894344747066 16.88204594329 16.7787713073194 16.9114505271427 17.0893124002032 16.9745628046803 16.9257942265831 16.9516128855757 16.8110446310602 16.7063356251456 16.7077699950896 16.6919919257052 16.9465925907716 17.0111392382532 16.884197498206 17.4428845914081 17.5354014527984 17.4895016145892 17.4514908110723 17.559785741847 17.9198125978 17.959257771261 17.9484999966808 15.476698084455 13.8649996900931 -9999 -9999 -9999 -9999 -9999 -9999
16.7443464286625 16.8368632900529 16.681951336097 16.7809228622355 16.7579729431309 17.1868495563976 17.1086763944477 17.1423840881325 17.0921811400913 17.0785546256229 16.6410717926919 16.4323709658347 16.5765251452103 16.4316537808627 16.4954832433723 16.1290017226711 15.6183660225943 15.8944822368212 15.9002197165973 16.0730612948537 15.9045228264295 15.8378246240318 16.1784874857403 16.3355509946123 16.3341166246682 16.3276619599201 16.3714102432132 16.5076753878966 16.4503005901352 16.1749996384606 -9999 16.7249996261671 16.7249996261671 -9999 -9999 16.8099996242672 17.1811120766215 17.0720999608748 16.962370660156 16.842600769829 16.7974181165919 16.7450636136346 16.7515182783827 17.2370525044389 17.2721945680678 17.7233039154671 17.4457533312961 17.4500564411283 17.4923703544773 18.0080263493583 18.1220587599091 17.7247382854111 18.064205838833 -9999 -9999 -9999 -9999 -9999 -9999 -9999 -9999 -9999
16.7364573939703 16.8246711455286 16.6238593533635 16.5105441277847 16.6862544459291 16.7529526483268 17.0692312209867 16.7185277696699 16.6317483880557 16.5198675324209 16.4804223589599 16.2767418269068 16.3484603241086 16.2494887979701 16.3391369194724 16.2982573760673 16.3212072951719 16.0623035202734 16.124698612839 16.044373895973 16.1734671909362 16.1132236532867 16.5880001047626 16.6360514978878 16.5772423301823 16.5571611509658 16.5048066480085 16.5937375845388 16.7099215500057 11.3449997464195 -9999 -9999 -9999 -9999 16.3799996338785 18.2798394537531 17.5640888516791 17.4235205971636 17.2305978396907 17.1115451343358 16.9917752440087 16.9924924289808 17.001098648645 17.5332498978823 17.8739127595909 18.1328165344894 17.9678639909253 17.8753471295349 17.8251441814937 18.3092440376058 18.6599474889226 18.4435966890305 15.2026004470972 -9999 -9999 -9999 -9999 -9999 -9999 -9999 -9999 -9999
16.6797997811809 16.7178105846979 16.8540757293813 16.5557267810218 16.5033722780645 16.922925486695 16.721396509558 16.5743735902943 16.404400751926 16.2982573760673 16.2322763586417 16.2918027113192 16.2509231679142 16.2093264395371 16.2093264395371 16.2695699771866 16.3154698153958 16.3140354454517 16.1225470579229 15.7148274013307 15.7082532057539 15.6750236353837 15.9203008958139 16.8103274460882 16.9530472555198 16.764427607879 16.7715994575992 16.9681081399322 17.0484328567982 12.7799997143447 -9999 -9999 -9999 -9999 -9999 17.1549996165559 17.8103223587386 17.9621265111491 17.7211523605511 17.7935880427249 17.8215582566336 17.717566435691 17.6881618518382 17.7885677479208 17.8753471295349 18.2238990259357 18.2540207947604 18.2956175231375 18.434034222737 18.7180394716561 18.9324777782895 19.0959959519096 19.0319274277426 19.2699995692819 -9999 -9999 -9999 -9999 -9999 -9999 -9999 -9999
16.763710422907 16.6783654112369 16.7013153303415 16.6346171279438 16.7529526483268 16.72211369453 16.485442653764 16.362804023549 16.1849421504885 16.1275673527271 16.3448743992485 16.3764305380173 16.3377025495283 16.2953886361793 16.3692586882971 16.3405712894164 16.3118838905357 16.1985686649568 16.165578156244 16.1469313469715 16.1003143237904 16.2989745610394 16.4868770237081 17.4199346723035 17.7211523605511 17.5705435164273 17.8947111237794 17.7849818230607 17.8251441814937 17.6150089846924 15.5699996519834 24.7149994475767 -9999 -9999 -9999 -9999 18.3269346002489 18.2461317600682 18.2152928062715 18.2597582745366 18.3400829914026 18.1736960778944 18.3623157255352 18.7316659861244 18.7345347260125 18.6872005178593 18.6269569802098 18.6463209744543 18.8320718822069 19.2688375301659 19.4007995650172 19.1550441812724 19.1022713204147 9.86999977938831 -9999 -9999 -9999 -9999 -9999 -9999 -9999 -9999
16.5521408561617 16.6109500238672 16.6224249834195 16.8512069894932 16.7816400472075 16.7579729431309 16.6353343129158 16.1046174336225 16.0429395260289 16.2179326592013 16.4474318502471 16.4345225207508 16.4273506710306 16.5306253070012 16.5413830815814 16.4216131912544 16.3663899484091 16.2236701389775 16.1684468961321 16.1426282371394 16.1426282371394 16.3090151506476 16.4194616363384 17.4916531695053 17.7340616900474 17.8810846093111 17.9312875573523 18.0983916558325 17.9872279851697 18.168436721433 16.4899996314198 -9999 -9999 -9999 -9999 -9999 -9999 -9999 -9999 -9999 -9999 -9999 -9999 -9999 -9999 -9999 18.2667866872624 19.0572679634206 19.2910702642985 19.5215257019736 16.1649996386841 14.1549996836111 -9999 -9999 -9999 -9999 -9999 -9999 -9999 -9999 -9999 -9999
16.445280295331 16.4467146652751 16.5571611509658 16.3305306998082 16.4718161392957 16.522019087337 16.3061464107595 16.2229529540055 16.1368907573633 16.2623981274664 16.4488662201911 16.5155644225888 16.6374858678319 16.6116672088392 16.5858485498466 16.5672017405741 16.5284737520851 16.3965117172338 16.2473372430541 16.3893398675136 16.4739676942118 16.721396509558 16.9344004462473 16.9408551109955 17.8846705341712 16.804999624379 17.8488112855703 17.9327219272964 18.0797448465601 18.3128299624659 18.8449812117033 17.2049996154383 15.0597813843883 -9999 -9999 -9999 -9999 -9999 -9999 -9999 -9999 -9999 -9999 -9999 -9999 -9999 -9999 -9999 -9999 -9999 -9999 -9999 -9999 -9999 -9999 -9999 -9999 -9999 -9999 -9999 -9999 -9999
15.8801385373808 15.9023712715134 16.1462141619995 16.1705984510481 16.4660786595196 16.1333048325032 15.9167149709538 16.1476485319436 16.243034133222 16.2394482083619 16.4718161392957 16.5198675324209 16.7773369373754 16.7895290818997 16.6898403707892 16.6977294054814 16.7328714691103 16.6597186019644 16.8167821108364 16.7952665616758 16.8289742553607 16.7995696715079 17.000381463673 17.1079592094757 17.239204059355 17.2184056951664 17.400570678059 17.7405163547955 18.0230872337706 18.1600695634261 18.6197851304896 18.8672139458358 7.71999982744455 -9999 -9999 -9999 -9999 -9999 -9999 -9999 -9999 -9999 -9999 -9999 -9999 -9999 -9999 -9999 -9999 -9999 -9999 -9999 -9999 -9999 -9999 -9999 -9999 -9999 -9999 -9999 -9999 -9999
15.4842524328269 15.6133457277901 15.9633319941349 15.9547257744707 16.1089205434546 15.9109774911776 15.8779869824648 16.1024658787064 16.4897457635961 16.563615815714 16.644657717552 16.8555100993253 16.8963896427304 16.9932096139528 16.7687307177112 16.7285683592781 16.7120731049217 16.8777428334579 16.9759971746244 16.8906521629542 16.8748740935698 16.9279457814991 17.0864436603151 17.2600024235435 17.4701376203448 17.6228980193846 17.6272011292167 18.7746970844455 18.9080934892409 19.1949674780481 19.3850214956328 19.75186160882 -9999 -9999 -9999 -9999 -9999 -9999 -9999 -9999 -9999 -9999 -9999 -9999 -9999 -9999 -9999 -9999 -9999 -9999 -9999 -9999 -9999 -9999 -9999 -9999 -9999 -9999 -9999 -9999 -9999 -9999
15.1105990624055 15.6370128318667 15.6893673348241 15.6800439301878 15.7101656990126 15.8586229882203 15.9791100635193 16.0666066301055 16.3348338096403 16.5958891394548 16.7486495384946 17.1136966892518 17.2320322096348 17.2872554524802 17.0943326950073 16.9243598566391 16.8949552727863 17.0269173076376 17.0893124002032 16.9415722959675 16.8870662380941 17.0204626428895 17.2671742732637 17.5791497360915 17.8315988462418 17.7082430310547 17.6623431928456 18.3988921591081 18.7266456913203 18.832789067179 19.2107455474325 19.0567898401059 13.4357832765572 13.3949997005984 -9999 -9999 -9999 -9999 -9999 -9999 -9999 -9999 -9999 -9999 -9999 -9999 -9999 -9999 -9999 -9999 -9999 -9999 -9999 -9999 -9999 -9999 -9999 -9999 -9999 -9999 -9999 -9999
