EcologicalScience/Bass/data/rs_data_bass/sst_123.asc
NCOLS 226 
NROWS 124 
XLLCORNER -9.41648524995501 
YLLCORNER 47.587301625531 
CELLSIZE 0.0833 
NODATA_value -9999 
[rows 0 to 26 of 124, columns 0 to 61 of 226]
-9999.000000000000000 -9999 -9999 -9999 -9999 -9999 -9999 -9999 -9999 -9999 -9999 -9999 -9999 -9999 -9999 -9999 -9999 -9999 -9999 -9999 -9999 -9999 -9999 -9999 -9999 -9999 -9999 -9999 -9999 -9999 -9999 -9999 -9999 -9999 -9999 -9999 -9999 -9999 -9999 -9999 -9999 -9999 -9999 -9999 -9999 -9999 -9999 -9999 -9999 -9999 -9999 -9999 -9999 -9999 -9999 -9999 -9999 -9999 -9999 -9999 -9999 -9999
-9999 -9999 -9999 -9999 -9999 -9999 -9999 -9999 -9999 -9999 -9999 -9999 -9999 -9999 -9999 -9999 -9999 -9999 -9999 -9999 -9999 -9999 -9999 -9999 -9999 -9999 -9999 -9999 -9999 -9999 -9999 -9999 -9999 -9999 -9999 -9999 -9999 -9999 -9999 -9999 -9999 -9999 -9999 -9999 -9999 -9999 -9999 -9999 -9999 -9999 -9999 -9999 -9999 -9999 -9999 -9999 -9999 -9999 -9999 -9999 -9999 -9999
-9999 -9999 -9999 -9999 -9999 -9999 -9999 -9999 -9999 -9999 -9999 -9999 -9999 -9999 -9999 -9999 -9999 -9999 -9999 -9999 -9999 -9999 -9999 -9999 -9999 -9999 -9999 -9999 -9999 -9999 -9999 -9999 -9999 -9999 -9999 -9999 -9999 -9999 -9999 -9999 -9999 -9999 -9999 -9999 -9999 -9999 -9999 -9999 -9999 -9999 -9999 -9999 -9999 -9999 -9999 -9999 -9999 -9999 -9999 -9999 -9999 -9999
-9999 -9999 -9999 -9999 -9999 -9999 -9999 -9999 -9999 -9999 -9999 -9999 -9999 -9999 -9999 -9999 -9999 -9999 -9999 -9999 -9999 -9999 -9999 -9999 -9999 -9999 -9999 -9999 -9999 -9999 -9999 -9999 -9999 -9999 -9999 -9999 -9999 -9999 -9999 -9999 -9999 -9999 -9999 -9999 -9999 -9999 -9999 -9999 -9999 -9999 -9999 -9999 -9999 -9999 -9999 -9999 -9999 -9999 -9999 -9999 -9999 -9999
-9999 -9999 -9999 -9999 -9999 -9999 -9999 -9999 -9999 -9999 -9999 -9999 -9999 -9999 -9999 -9999 -9999 -9999 -9999 -9999 -9999 -9999 -9999 -9999 -9999 -9999 -9999 -9999 -9999 -9999 -9999 -9999 -9999 -9999 -9999 -9999 -9999 -9999 -9999 -9999 -9999 -9999 -9999 -9999 -9999 -9999 -9999 -9999 -9999 -9999 -9999 -9999 -9999 -9999 -9999 -9999 -9999 -9999 -9999 -9999 -9999 -9999
-9999 -9999 -9999 -9999 -9999 13.7449996927753 13.8449996905401 14.0199996866286 14.2249996820465 14.0687496855389 14.1599996834993 14.0449996860698 13.8799996897578 14.0849996851757 14.1499996837229 14.089999685064 14.0549996858463 13.8749996898696 13.9199996888638 13.7749996921048 13.8849996896461 14.089999685064 14.2749996809289 14.4549996769056 14.5099996756762 11.5440906510604 12.22499972675 12.22499972675 13.518333031175 13.3599997013807 13.2116663713629 13.1433330395569 13.5177774756319 12.3432525909618 12.3249997245148 7.09693320892733 10.94981982695 12.2299997266382 13.197930739486 12.8857139976961 13.904999689199 13.8179996911436 13.7889996917918 11.4249997446314 -9999 -9999 -9999 -9999 -9999 -9999 -9999 -9999 -9999 -9999 -9999 -9999 -9999 -9999 -9999 -9999 -9999 -9999
-9999 -9999 -9999 -9999 -9999 13.6949996938929 13.7049996936694 13.6949996938929 13.8549996903166 13.8349996907637 13.8599996902049 13.9199996888638 14.2649996811524 14.0949996849522 14.0849996851757 14.0049996869639 13.7449996927753 13.6849996941164 13.8649996900931 13.8399996906519 13.9949996871874 14.0549996858463 14.21499968227 14.4599996767938 13.6124996957369 7.64542718292796 13.4224996999837 12.5499997194856 12.6499997172505 12.6449997173622 13.5449996972457 13.5449996972457 13.6424996950664 8.06871588621289 7.95196919975477 11.8717613455613 12.0099997315556 -9999 10.9943747542566 10.9943747542566 13.7319996930659 14.0949996849522 13.8924996894784 13.8924996894784 11.6118372824767 11.9254694969611 -9999 -9999 -9999 -9999 -9999 -9999 -9999 -9999 -9999 -9999 -9999 -9999 -9999 -9999 -9999 -9999
-9999 -9999 -9999 -9999 -9999 13.779999691993 13.6099996957928 13.5399996973574 13.6399996951222 13.904999689199 13.8449996905401 13.7449996927753 13.8899996895343 14.1099996846169 13.9999996870756 13.9949996871874 13.8499996904284 13.7299996931106 13.5499996971339 13.6249996954575 13.8249996909872 14.0799996852875 14.1849996829405 14.3699996788055 14.649999672547 12.7365381768546 13.6616663613046 13.606666362534 13.4999996982515 13.5283330309515 13.7499996926636 14.0374996862374 13.9799996875226 13.5133330312868 14.2199996821582 13.738749692915 9.799971115101 12.3099997248501 12.0549997305498 11.7017893402398 10.4259531220967 13.7042854079711 12.8824997120537 13.4649996990338 14.1424996838905 11.6388232692638 -9999 -9999 -9999 -9999 -9999 -9999 -9999 -9999 -9999 -9999 -9999 -9999 -9999 -9999 -9999 -9999
-9999 -9999 -9999 -9999 -9999 14.1649996833876 14.0349996862933 13.9099996890873 14.0149996867403 13.8149996912107 13.7199996933341 13.6649996945634 13.8149996912107 13.8274996909313 14.0849996851757 14.0649996856228 13.8649996900931 13.654999694787 13.6249996954575 13.7849996918812 13.9799996875226 14.089999685064 14.2599996812642 14.484999676235 8.46322561728378 13.4807139843968 12.9599997103214 12.9599997103214 12.9599997103214 13.1099997069687 12.9949997095391 12.9599997103214 13.2299997042865 12.8499997127801 13.4449996994808 13.4449996994808 13.8466663571695 13.1559997059405 12.6623058235848 12.4291159503235 9.27222957436381 11.618330866496 11.284568379968 9.84003036009557 10.7644272876558 9.59183848676014 9.33499979134649 -9999 -9999 -9999 -9999 -9999 -9999 -9999 -9999 -9999 -9999 -9999 -9999 -9999 -9999 -9999
-9999 -9999 -9999 -9999 -9999 14.0599996857345 14.0599996857345 14.089999685064 14.0199996866286 13.9499996881932 14.1349996840581 14.1399996839464 14.339999679476 14.3049996802583 14.2699996810406 14.1699996832758 13.944999688305 13.7749996921048 13.75999969244 13.8599996902049 14.0399996861815 14.194999682717 14.4199996776879 14.5449996748939 14.5399996750057 13.3229997022077 12.7249997155741 12.7249997155741 12.9449997106567 12.9849997097626 12.9399997107685 13.0899997074157 13.1549997059628 13.0949997073039 13.1499997060746 13.3699997011572 13.8924996894784 13.987499687355 14.2828568236104 14.3449996793643 14.3224996798672 14.0421425432765 11.1895551234065 13.3749997010455 12.2164703151759 13.4338302321182 12.0949997296557 -9999 -9999 -9999 -9999 -9999 -9999 -9999 -9999 -9999 -9999 -9999 -9999 -9999 -9999 -9999
-9999 -9999 -9999 -9999 -9999 14.1649996833876 14.0249996865168 14.0349996862933 14.0199996866286 13.8249996909872 14.21499968227 14.3249996798113 14.3649996789172 14.2849996807054 14.2599996812642 14.1049996847287 13.9149996889755 13.9649996878579 13.9099996890873 13.8399996906519 13.904999689199 14.1599996834993 14.2899996805936 14.4299996774644 14.2649996811524 12.7935711426128 13.8049996914342 13.7349996929988 13.6849996941164 12.8799997121096 12.889999711886 13.1499997060746 13.6399996951222 12.9399997107685 12.9749997099862 13.6749996943399 13.8824996897019 14.4949996760115 13.7949996916577 13.7949996916577 14.2524996814318 14.1299996841699 13.5449996972457 13.5449996972457 12.6178727072057 12.039999730885 -9999 -9999 -9999 -9999 -9999 -9999 -9999 -9999 -9999 -9999 -9999 -9999 -9999 -9999 -9999 -9999
-9999 -9999 -9999 -9999 -9999 13.5399996973574 13.7199996933341 13.944999688305 14.0249996865168 14.0049996869639 14.1199996843934 14.1649996833876 14.2699996810406 14.2449996815994 14.3249996798113 14.2849996807054 14.1849996829405 14.1249996842816 13.9999996870756 13.8749996898696 13.9149996889755 14.1099996846169 14.3299996796995 14.4699996765703 13.3366663685689 13.8749996898696 14.3249996798113 13.6799996942282 13.6799996942282 13.7749996921048 13.7749996921048 13.8799996897578 13.6049996959046 13.7099996935576 14.069999685511 14.4349996773526 14.379999678582 14.1099996846169 13.5449996972457 13.654999694787 13.7449996927753 13.8599996902049 13.9749996876344 12.7162497157697 12.513062776396 12.7625344653478 12.2549997260794 -9999 -9999 -9999 -9999 -9999 -9999 -9999 -9999 -9999 -9999 -9999 -9999 -9999 -9999 -9999
-9999 -9999 -9999 -9999 -9999 13.6749996943399 14.1649996833876 14.1199996843934 14.049999685958 14.0949996849522 14.1499996837229 14.2099996823817 14.2849996807054 14.2749996809289 14.234999681823 14.0549996858463 14.1349996840581 14.2249996820465 14.2299996819347 14.0799996852875 13.7499996926636 13.944999688305 13.9749996876344 14.0799996852875 14.3449996793643 14.4449996771291 14.3149996800348 14.1499996837229 14.1099996846169 14.1199996843934 14.0049996869639 14.069999685511 13.9699996877462 13.9949996871874 14.1999996826053 14.1499996837229 13.944999688305 13.9849996874109 14.1699996832758 14.2324996818788 13.9999996870756 13.9849996874109 13.9799996875226 14.7524996702559 11.565611878903 12.1299997288734 -9999 -9999 -9999 -9999 -9999 -9999 -9999 -9999 -9999 -9999 -9999 -9999 -9999 -9999 -9999 -9999
-9999 -9999 -9999 -9999 -9999 13.9849996874109 14.1049996847287 14.2299996819347 14.2699996810406 14.2399996817112 14.2199996821582 14.2799996808171 14.3149996800348 14.0449996860698 14.1449996838346 14.1899996828288 14.2849996807054 14.1849996829405 14.0649996856228 14.1299996841699 14.0649996856228 14.1099996846169 13.8049996914342 14.0999996848404 14.1199996843934 14.1999996826053 14.1349996840581 14.2049996824935 14.3349996795878 14.3349996795878 14.1449996838346 14.0099996868521 14.089999685064 14.3699996788055 14.4699996765703 14.2749996809289 14.2799996808171 14.1799996830523 13.3349997019395 13.4749996988103 13.5399996973574 13.614999695681 14.6599996723235 13.2665263752205 11.8749997345731 -9999 -9999 -9999 -9999 -9999 -9999 -9999 -9999 -9999 -9999 -9999 -9999 -9999 -9999 -9999 -9999 -9999
-9999 -9999 -9999 -9999 -9999 14.0749996853992 14.1599996834993 14.339999679476 14.2799996808171 14.2049996824935 14.1999996826053 14.2649996811524 14.1599996834993 13.9549996880814 13.9699996877462 14.069999685511 14.0249996865168 13.8899996895343 13.8599996902049 13.8049996914342 13.7099996935576 13.5699996966869 13.799999691546 14.0949996849522 14.234999681823 14.2749996809289 14.1849996829405 14.2399996817112 14.2999996803701 14.4249996775761 14.3549996791407 14.1399996839464 13.9649996878579 14.1049996847287 14.1099996846169 13.9599996879697 14.007499686908 14.4133330111702 13.9509996881708 13.6988458476531 13.6988458476531 11.8092047182184 12.0650973044116 12.4588604902304 12.251535663533 11.7487089576049 -9999 -9999 -9999 -9999 -9999 -9999 -9999 -9999 -9999 -9999 -9999 -9999 -9999 -9999 -9999 -9999
-9999 -9999 -9999 -9999 -9999 14.1349996840581 14.1549996836111 14.2849996807054 14.21499968227 14.1549996836111 14.1749996831641 14.1899996828288 14.1999996826053 14.3049996802583 14.3849996784702 14.3349996795878 14.2299996819347 13.8649996900931 13.5249996976927 13.5899996962398 13.7249996932223 14.0099996868521 14.2399996817112 14.4049996780232 14.4249996775761 14.2899996805936 13.9999996870756 13.8399996906519 13.7649996923283 13.8049996914342 13.7899996917695 13.779999691993 13.9849996874109 14.0849996851757 13.6487496949267 13.4249996999279 13.4949996983632 13.6449996950105 13.6899996940047 13.5683330300575 13.3485711302076 12.2216663934911 11.7806255478841 -9999 -9999 -9999 -9999 13.2249997043982 13.2249997043982 -9999 -9999 -9999 -9999 -9999 -9999 -9999 -9999 -9999 -9999 -9999 -9999 -9999
-9999 -9999 -9999 -9999 -9999 14.0449996860698 14.0299996864051 14.2399996817112 14.4149996777996 14.4399996772408 14.3849996784702 14.379999678582 14.484999676235 14.649999672547 14.6949996715412 14.5549996746704 14.4299996774644 14.2699996810406 14.089999685064 14.1449996838346 14.1999996826053 14.3199996799231 14.359999679029 14.3049996802583 14.2449996815994 14.1599996834993 13.8949996894225 13.7649996923283 13.8399996906519 13.9099996890873 13.9149996889755 14.1137496845331 13.6999996937811 13.6199996955693 13.7049996936694 13.9283330220108 13.4849996985868 14.3649996789172 13.8763826685621 -9999 -9999 -9999 -9999 -9999 -9999 -9999 -9999 -9999 -9999 -9999 -9999 -9999 -9999 -9999 -9999 -9999 -9999 -9999 -9999 -9999 -9999 -9999
-9999 -9999 -9999 -9999 -9999 14.234999681823 14.3999996781349 14.4799996763468 14.5299996752292 14.4549996769056 14.4899996761233 14.5899996738881 14.524999675341 14.6999996714294 14.7299996707588 14.5799996741116 14.4399996772408 14.3499996792525 14.339999679476 14.359999679029 14.3299996796995 14.3149996800348 14.2799996808171 14.2849996807054 14.6424996727146 13.8799996897578 13.8299996908754 13.75999969244 13.7849996918812 13.6399996951222 14.2066663491229 13.799999691546 13.7949996916577 13.7299996931106 13.5649996967986 13.7749996921048 13.9099996890873 14.1849996829405 14.1249996842816 12.627525241347 11.6199997402728 -9999 -9999 -9999 -9999 -9999 -9999 -9999 -9999 -9999 -9999 -9999 -9999 -9999 -9999 -9999 -9999 -9999 -9999 -9999 -9999 -9999
-9999 -9999 -9999 -9999 -9999 14.2299996819347 14.3899996783584 14.4549996769056 14.4599996767938 14.4599996767938 14.5349996751174 14.4999996758997 14.5099996756762 14.5999996736646 14.7199996709824 14.6249996731058 14.4449996771291 14.3449996793643 14.194999682717 14.2999996803701 14.2599996812642 14.1799996830523 14.3199996799231 14.1149996845052 14.0399996861815 13.509999698028 13.5949996961281 13.7899996917695 13.8999996893108 14.0199996866286 14.0599996857345 14.089999685064 14.0449996860698 13.8499996904284 13.8599996902049 13.904999689199 13.9149996889755 14.0299996864051 14.049999685958 7.94470518599073 12.9397692167033 -9999 -9999 13.4299996998161 13.4733330321809 13.7299996931106 -9999 -9999 -9999 -9999 -9999 -9999 -9999 -9999 -9999 -9999 -9999 -9999 -9999 -9999 -9999 -9999
-9999 -9999 -9999 -9999 -9999 14.089999685064 14.2449996815994 14.2949996804819 13.7099996935576 14.0599996857345 14.339999679476 14.3299996796995 14.2699996810406 14.5399996750057 14.4549996769056 14.359999679029 14.4149996777996 14.3549996791407 14.1999996826053 14.1899996828288 14.2799996808171 14.2399996817112 14.1899996828288 14.3149996800348 14.1149996845052 13.8249996909872 13.2749997032806 13.7099996935576 14.1799996830523 14.0999996848404 13.9399996884167 13.9399996884167 13.9299996886402 14.0449996860698 14.0649996856228 13.9699996877462 14.2299996819347 13.3139997024089 14.5683330077057 14.4583330101644 13.9783330208932 14.1533330169817 13.3099997024983 13.2799997031689 13.054999708198 13.828333024246 -9999 -9999 -9999 -9999 -9999 -9999 -9999 -9999 -9999 -9999 -9999 -9999 -9999 -9999 -9999 -9999
-9999 -9999 -9999 -9999 -9999 14.0349996862933 14.1149996845052 14.1549996836111 14.1849996829405 14.5849996739998 14.4649996766821 14.3549996791407 13.9549996880814 14.339999679476 14.4899996761233 14.3499996792525 14.2199996821582 14.0399996861815 13.8899996895343 13.8899996895343 14.1899996828288 13.8549996903166 13.8849996896461 14.0049996869639 13.8749996898696 13.8349996907637 13.7499996926636 14.1199996843934 14.1449996838346 13.9999996870756 13.9849996874109 14.3449996793643 14.3624996789731 13.9999996870756 14.1299996841699 14.1849996829405 14.1299996841699 14.0549996858463 14.0549996858463 14.1274996842258 13.8599996902049 13.8249996909872 13.6899996940047 13.6749996943399 13.6599996946752 12.8158330468771 -9999 -9999 -9999 -9999 -9999 -9999 -9999 -9999 -9999 -9999 -9999 -9999 -9999 -9999 -9999 -9999
-9999 -9999 -9999 -9999 -9999 13.944999688305 13.9499996881932 14.0299996864051 14.0749996853992 14.2399996817112 14.3549996791407 14.3649996789172 14.2999996803701 14.339999679476 14.2599996812642 14.1349996840581 14.1499996837229 13.9649996878579 13.9749996876344 13.9949996871874 13.634999695234 14.6649996722117 14.4199996776879 14.1549996836111 14.1149996845052 14.0049996869639 14.1099996846169 13.7399996928871 11.9199997335672 11.9199997335672 10.049999775365 10.049999775365 13.7849996918812 13.7849996918812 14.0149996867403 14.1849996829405 14.2899996805936 14.2999996803701 14.547499674838 14.3849996784702 14.1724996832199 14.0024996870197 13.9599996879697 14.1966663493464 13.6769996942952 13.6069996958598 13.1415381678022 -9999 -9999 -9999 -9999 -9999 -9999 -9999 10.9150669761002 -9999 -9999 -9999 -9999 -9999 -9999 -9999
-9999 -9999 -9999 -9999 -9999 14.1399996839464 14.0549996858463 14.0599996857345 14.1399996839464 14.2899996805936 14.2899996805936 14.359999679029 14.4099996779114 14.4149996777996 14.3949996782467 14.089999685064 13.8899996895343 13.9999996870756 13.6949996938929 14.4049996780232 14.3049996802583 14.3549996791407 14.484999676235 14.3699996788055 14.1199996843934 14.089999685064 14.1499996837229 13.924999688752 14.0849996851757 14.1349996840581 14.2749996809289 14.0399996861815 13.9999996870756 14.0799996852875 14.1549996836111 14.1899996828288 14.6199996732175 14.6624996722676 14.5774996741675 14.6124996733852 14.5574996746145 13.5499996971339 13.5499996971339 13.2864282744538 13.7169996934012 13.7169996934012 11.2048097047955 -9999 12.7199997156858 12.7199997156858 -9999 -9999 -9999 -9999 -9999 -9999 -9999 -9999 -9999 -9999 -9999 -9999
-9999 -9999 -9999 -9999 -9999 14.2549996813759 14.3199996799231 14.3149996800348 14.1499996837229 14.2999996803701 14.4099996779114 14.4749996764585 14.4199996776879 14.3849996784702 14.4049996780232 14.3149996800348 14.1899996828288 14.8083330023413 10.7449997598305 10.7449997598305 14.5149996755645 14.4899996761233 14.4999996758997 14.504999675788 14.0949996849522 14.1649996833876 14.1449996838346 14.1199996843934 14.3249996798113 14.2049996824935 14.0799996852875 14.1549996836111 14.0999996848404 13.9649996878579 13.7899996917695 14.7074996712618 14.6549996724352 13.9699996877462 14.71249967115 14.6374996728264 14.5224996753968 10.5571833659584 12.1264283003818 12.1285711574767 13.6774996942841 13.1361535525379 -9999 13.8578568331099 14.0399996861815 14.1228568271867 -9999 -9999 -9999 12.5094441648366 12.525277497816 -9999 -9999 -9999 -9999 -9999 -9999 -9999
-9999 -9999 -9999 -9999 -9999 14.1499996837229 14.1999996826053 14.379999678582 14.379999678582 14.379999678582 14.3499996792525 14.3249996798113 14.2099996823817 14.2749996809289 14.359999679029 14.1149996845052 14.1149996845052 14.857499667909 14.6899996716529 14.6849996717647 14.7249996708706 14.6699996720999 14.6899996716529 14.7099996712059 14.5449996748939 14.2849996807054 14.2199996821582 14.2099996823817 14.2999996803701 14.2299996819347 14.0449996860698 13.9699996877462 13.9849996874109 14.4699996765703 14.3999996781349 14.6899996716529 14.6224996731617 14.9449996659532 14.68699967172 -9999 -9999 13.6924996939488 13.9574996880256 13.9549996880814 13.9749996876344 13.4485711279724 -9999 14.2314282533314 14.1574996835552 14.2558330146906 -9999 -9999 13.0269997088239 13.7949996916577 13.7989996915683 -9999 -9999 -9999 -9999 -9999 -9999 -9999
-9999 -9999 -9999 -9999 -9999 14.1549996836111 14.1599996834993 14.1799996830523 14.2549996813759 14.3499996792525 14.359999679029 14.3099996801466 14.442499677185 14.0249996865168 14.2299996819347 14.4449996771291 14.3149996800348 14.2899996805936 14.3499996792525 14.5199996754527 14.4699996765703 14.3899996783584 14.3749996786937 14.3649996789172 14.4199996776879 14.7299996707588 14.6749996719882 14.4599996767938 14.6999996714294 14.5199996754527 14.629999672994 14.5349996751174 14.4799996763468 13.7499996926636 13.8499996904284 13.9499996881932 8.06720172115804 7.96026761856117 7.8349998248741 -9999 14.2886360442605 14.4133330111702 13.9416663550461 14.1889996828511 14.194999682717 15.4774996540509 8.05914401828142 -9999 13.2764282746773 15.0149996643886 15.0599996633828 15.0399996638298 14.3319996796548 14.3319996796548 7.91682209681409 -9999 -9999 -9999 -9999 -9999 -9999 -9999
-9999 -9999 -9999 -9999 -9999 14.2699996810406 14.2249996820465 14.2699996810406 14.21499968227 14.1899996828288 14.0799996852875 14.3899996783584 14.5499996747822 14.649999672547 14.339999679476 14.4399996772408 14.6049996735528 14.4949996760115 14.6149996733293 14.7499996703118 14.8499996680766 15.0499996636063 15.1199996620417 14.7149996710941 14.8499996680766 14.5649996744469 14.4249996775761 14.5699996743351 14.6899996716529 14.6899996716529 14.6699996720999 14.6099996734411 14.4799996763468 14.2249996820465 14.4449996771291 14.7049996713176 14.8249996686354 14.7416663371647 -9999 11.0084177109639 14.7824996695854 14.3449996793643 14.1449996838346 14.442499677185 14.442499677185 14.2266663486759 -9999 15.1099996622652 14.9599996656179 14.8399996683002 14.5549996746704 14.9874996650033 14.7849996695295 14.794999669306 14.2499996814877 -9999 -9999 -9999 -9999 -9999 -9999 -9999
