EcologicalScience/Bass/data/rs_data_bass/sst_383.asc
NCOLS 226 
NROWS 124 
XLLCORNER -9.41648524995501 
YLLCORNER 47.587301625531 
CELLSIZE 0.0833 
NODATA_value -9999 
[rows 54 to 80 of 124, columns 124 to 185 of 226]
7.37002165941522 7.50915554398671 7.48979154974222 7.34492018539459 6.62653990508988 7.05123293935321 7.45966978091747 7.5048524341546 7.77021087380126 6.6761451989878 6.33440655982122 6.66933194175363 6.67722097644582 6.70770133775659 6.64136172784492 7.22515029506758 6.52159183751792 7.07023834111169 7.11900691920891 7.18355356669053 7.20076600601897 7.22801903495565 7.16920986725017 7.1943113412708 7.27607042808086 7.25025176908821 7.29328286740929 7.33846552064642 7.23447369970381 7.01429791329429 7.06450086133555 7.18642230657861 7.22730184998363 7.28467664774507 7.34778892528266 7.34348581545055 7.32842493103817 7.34348581545055 7.64255194878206 7.91149631328881 7.40731527796015 7.68271430721506 7.81826226692647 7.6999267465435 7.63466291408986 8.10370188578963 7.35782951489091 7.62247076956555 7.75801872927696 7.94807274686173 7.86989958491176 8.99926100584811 12.8924483989498 10.1359650348313 9.60979032702744 9.37778098857962 8.86511326441541 12.5731142567032 9.58736886000751 17.1725058569573 18.1353945237131 18.122271977063
7.50270087923855 7.64757224358618 7.41233557276428 7.54429760761559 6.96194341033697 7.15307320537977 7.26961576333269 7.54752493998967 7.41376994270831 7.1584520926699 6.70698415278457 5.7800225764513 7.00174717628397 6.34516433440149 7.32197026629001 7.42811364214867 6.51800591265783 6.45668659755029 7.10681477468461 7.22443311009556 7.27320168819278 7.33129367092624 7.39512313343585 7.37504195421934 7.41448712768033 7.37432476924732 7.45178074622527 7.22228155517951 7.24307991936803 7.21224096557125 7.27965635294095 7.27893916796893 7.42022460745648 7.49481184454635 7.43600267684087 7.26387828355655 7.42954801209271 7.4768822202459 7.60669270018116 7.6920377118513 7.80893886229023 7.7917264229618 7.69490645173937 7.97819451568648 7.99755850993097 7.6762596424669 7.81252478715032 8.15318764885888 7.96026489138603 9.51105786254629 10.108138257917 10.0569312509149 10.4962787647732 9.23470258666202 10.0030126016853 10.6454054266214 17.4566376679303 16.6185080501108 -9999 -9999 -9999 -9999
7.53856012783945 7.33631396573037 6.7797784274444 6.69909511809237 6.64279609778896 6.62271491857246 7.22837762744166 7.06557663879357 7.50019073183648 7.65079957596026 7.49481184454635 7.46755881560966 7.51130709890276 7.44317452656105 7.44317452656105 7.38795128371567 7.35639514494687 7.29256568243727 7.30475782696158 7.2617267286405 7.2538376939483 7.30690938187763 7.33631396573037 7.30619219690561 7.24236273439601 7.23375651473179 7.08529922552407 7.49624621449038 7.5328226480633 7.47473066532984 7.46755881560966 7.46827600058168 7.26387828355655 7.29328286740929 7.3018890870735 6.79053620202467 7.12761313887313 7.75156406452879 7.84551529586315 7.76805931888521 7.78598894318566 7.84981840569526 7.92225408786908 7.97030548099428 8.0147709492594 8.22490614606068 8.30021056812257 9.16499220738188 10.1067995126359 9.58970914781094 9.16298408946022 9.66178623749875 10.2766289140098 10.6846115384251 9.36753279279525 -9999 -9999 -9999 -9999 -9999 -9999 -9999
7.77523116860539 6.30772727886215 6.46935686538927 7.07561722840182 7.76519057899714 8.00975065445527 7.92548142024316 7.64936520601623 7.68092134478502 7.34994048019871 7.59091463079676 7.55075227236375 7.58015685621649 7.58948026085272 7.57011626660824 7.35926388483495 7.30762656684965 7.31694997148588 7.27535324310884 7.28897975757718 7.27320168819278 7.2538376939483 7.15988646261394 7.09390544518828 7.07884456077591 6.98847925430164 6.93397319642827 7.03330331505276 7.47473066532984 6.34193700202741 5.57586392108351 7.03007598267868 6.97987303463742 7.18785667652264 7.17853327188641 7.1423154307995 7.69060334190726 7.90504164854065 7.99612413998693 7.9710226659663 7.8914151340723 7.85914181033149 7.93014312256128 8.0348521284759 7.3373897431884 8.22275459114462 7.61864578304812 9.12516453526914 9.98380228993483 10.0336466454901 9.45989866787568 9.37240210128948 13.0158810553839 13.3636630326236 18.9949995754287 -9999 -9999 -9999 -9999 -9999 -9999 -9999
6.87014373391867 7.70494704134762 7.74510939978063 7.75012969458476 6.14805799792521 8.19454531557858 5.95668914122507 7.82567317830399 7.79889827268198 7.65008239098825 7.41484572016634 7.52636798331514 7.6203192146495 7.58230841113254 7.46397289074957 7.46038696588948 7.35065766517073 7.32053589634597 7.32627337612212 7.2380596245639 7.19933163607493 7.07023834111169 7.0745414509438 7.08314767060801 7.06019775150344 6.94759971089661 6.83894618763588 6.96373637276702 7.33201085589826 7.29113131249323 7.28467664774507 8.11493778368458 7.14353464525193 7.21697438638657 7.31838434142992 7.12761313887313 7.91364786820486 7.94663837691769 7.96743674110621 7.94018371216953 7.73148288531229 7.70996733615175 7.95022430177778 8.01118502439931 8.09007537132129 8.30546992458403 8.70259616148542 8.69466230273247 9.2497634710744 8.87252417579293 8.95715200249106 9.54596086451784 10.2595599116758 16.3686849403195 15.2549996590242 -9999 -9999 -9999 -9999 -9999 -9999 -9999
9.54283900052199 6.57047994644381 6.53772849938832 6.57275103218853 6.59732657056302 7.74176253657788 7.45034637628123 7.77774131600745 8.31875492239903 7.78312020329759 7.47724081273191 7.23913540202193 7.49839776940644 7.40588090801612 7.37002165941522 7.33846552064642 7.202200375963 7.15271461289376 7.25240332400426 7.20506911585107 7.14195683831349 6.87050232640468 6.53629412944429 6.75109102856368 7.06521804630756 7.09031952032819 6.8514969246462 6.94222082360648 7.38795128371567 7.3771935091354 7.31910152640194 7.01764477649704 7.55448163421825 6.91102327732369 7.92918687593192 7.86129336524755 7.84192937100306 7.77092805877328 7.9272743826732 7.98464918043464 7.80033264262602 7.98034607060254 8.35256507107988 8.24283577036113 8.37981810001656 9.23759891058748 10.058987181168 9.92926864802407 8.77785575948656 11.0164291188121 9.59831536747515 10.2609942816198 10.1792351948097 10.3398846285418 17.5999996066093 -9999 23.7447889405303 -9999 -9999 -9999 -9999 -9999
-9999 -9999 -9999 -9999 -9999 13.2249997043982 8.18892736663111 7.919026755495 7.68701741704717 7.57513656141236 7.65833001816645 7.47257911041379 7.73040710785426 7.51094850641675 7.44030578667298 7.28252509282902 7.30475782696158 7.04441968211904 6.71845911233686 6.11028625606559 6.26053650770336 6.29410076439381 6.99959562136792 7.0867335954681 7.09677418507636 7.02075257804245 7.03222753759474 7.09175389027223 7.26889857836068 7.57298500649631 7.68199712224305 7.78527175821364 7.67841119738296 7.73722036508843 7.88854639418423 7.81109041720629 7.56796471169218 7.82543411664665 7.84049500105903 8.04202397819608 8.05134738283232 8.078600411769 8.20841089170426 8.27654346404597 8.33463544677943 10.2424373026067 -9999 18.1459760447899 7.51707385153491 18.3349995901808 9.42188786435872 10.1620227554813 10.2423474723473 9.06688130320981 5.37499987985939 5.37499987985939 10.4658446898684 -9999 -9999 -9999 -9999 -9999
-9999 -9999 -9999 -9999 -9999 -9999 -9999 10.0699840174057 8.2098452616483 7.85830509453081 7.70745718874969 7.81385670209836 7.44532608147711 6.52625353983603 7.26746420841664 7.1182897342369 7.60023803543299 7.60740988515317 6.15009002201259 7.72000792576 7.67697682743892 7.69418926676735 5.59690134692937 5.73483992321417 6.70877711521462 6.89739676285535 7.14410839322954 7.55720693711191 7.49552902951837 7.86846521496773 7.9150822381489 7.9071932034567 7.90862757340074 7.4851298474241 8.36404003063217 8.16753134829924 8.31025115773082 8.0864894464612 8.13382365461439 8.02839746372774 8.09294411120936 8.14458142919466 8.21343118650839 8.31957456236705 9.2397677055269 16.0299996417016 -9999 -9999 -9999 -9999 -9999 -9999 -9999 -9999 -9999 -9999 -9999 -9999 -9999 -9999 -9999 -9999
-9999 -9999 -9999 -9999 -9999 -9999 -9999 -9999 12.9699997100979 10.6352138507033 7.62569810193963 7.62247076956555 7.46146274334751 7.48046814510599 7.71952980244532 6.79806664423086 7.03581346245483 7.14052246836945 7.11972410418093 5.87469099275768 7.41520431265235 7.38508254382759 5.57490767445415 5.35473188804463 6.76591285131872 7.57011626660824 7.50843835901469 7.59019744582474 7.61673328978941 7.91364786820486 8.00975065445527 8.12521743495017 8.12521743495017 8.11947995517403 8.26722005940974 8.27510909410194 8.33822137163952 8.21343118650839 8.06569108227268 8.10943936556578 8.17040008818731 8.31240271264687 8.36332284566015 8.46014281688258 7.33607490407303 7.66999982856214 -9999 -9999 -9999 -9999 -9999 -9999 -9999 -9999 -9999 -9999 -9999 -9999 -9999 -9999 -9999 -9999
-9999 -9999 -9999 -9999 -9999 -9999 -9999 -9999 -9999 13.509999698028 7.8833211893881 7.68630023207515 7.53963590529747 6.47999510914087 7.36715291952714 6.94975126581267 6.88018432352692 6.94473097100854 6.86010314431041 6.47210607444867 6.79950101417489 6.89488661545329 7.46923224721104 5.17256690515205 7.80965604726225 7.76519057899714 7.98034607060254 7.98034607060254 7.97317422088236 7.98321481049061 8.23494673566893 8.30236212303862 8.39989927923307 8.43145541800186 8.34826196124777 8.32100893231109 8.24211858538911 8.23064362583682 8.0348521284759 8.23351236572489 8.27439190912992 8.17757193790749 8.35901973582804 8.17470319801942 16.0509793850285 -9999 -9999 -9999 -9999 -9999 -9999 -9999 -9999 -9999 -9999 -9999 -9999 -9999 -9999 -9999 -9999 -9999
-9999 -9999 -9999 -9999 -9999 -9999 -9999 -9999 -9999 15.8349996460602 6.37415909827022 8.596228665323 8.13105736972232 6.47999510914087 7.13657795102336 7.07705159834586 6.84647662984207 6.58506270754151 6.77368235518225 6.7478636961896 6.70734274527058 6.85615862696432 5.48992125527002 5.43935971474275 5.25050100544468 7.18713949155062 7.92368845781311 7.33368428749964 7.95500553492457 7.84671060414985 8.39416179945692 8.31957456236705 8.38268683990464 8.43002104805782 8.37121188035235 8.28873560857028 8.24068421544507 8.36332284566015 8.41854608850554 8.39344461448491 8.33893855661154 8.26076539466158 8.26722005940974 8.34410228841007 8.91288177419587 3.55492837893463 9.72277487450541 -9999 -9999 -9999 -9999 -9999 -9999 -9999 -9999 -9999 -9999 -9999 -9999 -9999 -9999 -9999
-9999 -9999 -9999 -9999 -9999 -9999 -9999 -9999 -9999 7.86298897651041 8.02122561400756 8.00150302727707 7.84157077851705 7.65420620457735 8.25144199002534 8.26219976460561 6.86835077148862 6.78121279738843 6.80021819914691 7.08529922552407 6.95154422824271 6.40971098188311 8.54548782855272 8.04991301288828 8.26506850449368 8.26435131952167 8.08505507651716 6.9074373524636 7.90241197030991 7.9138869298622 8.50962857995182 8.51321450481191 8.49026458570734 8.43360697291791 8.40420238906518 8.26076539466158 8.28371531376615 8.35901973582804 8.31670582247898 8.00903346948326 8.38268683990464 8.4250007532537 8.75490584038198 13.6834561361645 17.5449996078387 -9999 -9999 -9999 -9999 -9999 -9999 -9999 -9999 -9999 -9999 -9999 -9999 -9999 -9999 -9999 -9999 -9999
-9999 -9999 -9999 -9999 -9999 -9999 -9999 -9999 -9999 8.46139789058361 8.21300087552518 7.66980497771874 8.17699818992987 7.47993025637697 7.32289236125403 8.22777488594875 8.1818750477396 8.31311989761889 6.18523208564147 9.71808525780216 6.96122622536495 6.92536697676405 9.01524398522452 9.22466199705377 8.60214544134215 8.67816704837605 8.49026458570734 9.45487837307155 9.29136019945145 8.8036744184792 8.65019683446735 8.60501418123022 8.53329568402842 8.60860010609031 8.55911434302106 8.49313332559541 8.45655689202249 8.38412120984867 8.42930386308581 8.59999388642609 8.61648914078251 8.58636737195775 8.53401286900043 11.8437928274646 -9999 -9999 -9999 -9999 -9999 -9999 -9999 -9999 -9999 -9999 -9999 -9999 -9999 -9999 -9999 -9999 -9999 -9999
-9999 -9999 -9999 -9999 -9999 -9999 -9999 -9999 10.6915443264879 7.48656421736814 7.88366953637451 7.55702764086891 7.83002410046756 8.22275459114462 8.57991270720959 8.1660969783552 8.96145511232316 8.48739584581926 9.83283485332504 9.77259131567553 8.50102236028761 10.5521713802591 10.2100741486065 9.28992582950741 9.27271339017898 8.9270302336663 9.43479719385505 8.86750388098881 9.05110323382542 8.80510878842324 8.70613726228476 8.56413463782519 8.60357981128618 8.5885189268738 8.59282203670591 8.61290321592242 8.49456769553944 8.64087342983112 8.70183415245265 8.77426983462647 8.70542007731274 8.6042969962582 13.012739473387 -9999 -9999 -9999 -9999 -9999 -9999 -9999 -9999 -9999 -9999 -9999 -9999 -9999 -9999 -9999 -9999 -9999 -9999 -9999
-9999 -9999 -9999 -9999 -9999 -9999 -9999 -9999 12.4472235319731 8.79990919737611 6.6883373435121 7.75414593042806 7.12928657047451 8.53114412911236 6.60944699659012 9.02385020488873 9.13573106052354 10.1347697265446 8.82518996763974 9.02169864997268 8.73697621608153 9.97412029281259 9.94973600376397 9.97340310784057 9.14648883510381 8.70828881720081 8.73912777099758 9.18163089873269 9.47997984709218 9.65425579529256 9.71521651791409 8.65952023910359 8.58923611184582 8.58134707715362 8.54692219849676 8.596407961566 8.69107637787238 8.57991270720959 8.62079225061461 8.67529830848798 8.40850549889728 9.23470258666202 17.9149995995685 -9999 -9999 -9999 -9999 -9999 -9999 -9999 -9999 -9999 -9999 -9999 -9999 -9999 -9999 -9999 -9999 -9999 -9999 -9999
-9999 -9999 -9999 -9999 -9999 -9999 -9999 6.0547473292368 7.97202672492713 7.93641849106643 7.74984282059595 6.80990019626915 8.26004820968956 8.22634051600471 8.55481123318896 8.46301155677065 8.99803154589608 8.45512252207845 8.55481123318896 9.39033172558993 7.31264686165377 9.30355234397575 9.77976316539571 8.55122530832887 8.23566392064095 8.25646228482947 8.95786918746307 9.4806970320642 9.16011534957215 8.99587999098003 8.83809929713607 9.30283515900373 8.86248358618468 8.34467603638768 8.50819421000779 8.6401562448591 8.53903316380456 8.99229406611994 8.43217260297388 8.51178013486788 11.0870206110579 10.8620362771867 -9999 -9999 -9999 -9999 -9999 -9999 -9999 -9999 -9999 -9999 -9999 -9999 -9999 -9999 -9999 -9999 -9999 -9999 -9999 -9999
-9999 -9999 -9999 3.8400372271426 -9999 6.82535593532905 8.46277249511331 8.43985672767407 7.8366700145416 7.78837955975905 7.55935849202797 8.07501448690891 6.97413555486128 9.55026397434995 8.7993713086471 8.08935818634927 7.3771935091354 8.12521743495017 8.42786949314177 7.41520431265235 7.75873591424897 7.73363444022834 8.04560990305617 8.22562333103269 8.61577195581049 8.8395336670801 9.01309243030846 9.42332223430276 9.63847772590816 9.29996641911566 8.91842401400208 8.97006133198738 6.76758628292009 8.54118471872061 8.49169895565137 8.74486525077373 9.60620440216735 9.02887049969286 8.18689534254372 15.9537782088513 13.2949997028336 -9999 -9999 -9999 -9999 -9999 -9999 -9999 -9999 -9999 -9999 -9999 -9999 -9999 -9999 -9999 -9999 -9999 -9999 -9999 -9999 -9999
-9999 -9999 3.88019958557561 -9999 9.3732627232559 8.49516534968279 8.47568182460964 8.33535263175145 7.96648049447685 9.08481092751026 7.29561371856835 8.02122561400756 8.0226599839516 7.69060334190726 7.2660298384726 7.69132052687928 7.40588090801612 7.33774833567441 7.61314736492932 7.38077943399549 7.70709859626368 7.81467634206638 8.01907405909151 8.26148257963359 8.63370158011094 8.8115634531714 8.64517653966323 8.18976408243179 6.82711263559759 7.29400005238131 9.29064301447943 9.32219915324822 8.99731436092407 8.38698994973674 8.60788292111829 6.88126010098495 7.58405014606459 11.8013225215217 16.9980554583583 -9999 -9999 -9999 -9999 -9999 -9999 -9999 -9999 -9999 -9999 -9999 -9999 -9999 -9999 -9999 -9999 -9999 -9999 -9999 -9999 -9999 -9999 -9999
16.7749996250495 16.7749996250495 -9999 18.5799995847046 8.68820763798431 8.77498701959848 8.43002104805782 8.33535263175145 7.85077465232462 9.18019652878866 7.63753165397793 8.26004820968956 7.78025146340951 8.56772056268528 7.68127993727103 7.37073884438723 7.85268714558333 7.37145602935925 7.56653034174815 7.6203192146495 7.90575883351266 8.27869501896203 8.50532547011971 8.55050812335685 8.58062989218161 8.41854608850554 8.44149600761011 6.8290251288563 7.08709218795411 8.53975034877658 9.14146854029968 9.41973630944267 9.58970914781094 9.17302467906848 9.41973630944267 8.79219945892692 9.41709168985835 10.1277771730674 -9999 -9999 -9999 -9999 -9999 -9999 -9999 -9999 -9999 -9999 -9999 -9999 -9999 -9999 -9999 -9999 -9999 -9999 -9999 -9999 -9999 -9999 -9999 -9999
16.7332300615963 15.5307769160117 9.17419010464801 9.3334692028085 8.15103609394282 8.05636767763644 7.95381022663787 8.36977751040831 7.37982318736613 9.37885676603764 7.40133873652667 7.4914649813436 7.43815423175693 7.31838434142992 7.39512313343585 7.93014312256128 7.8634449201636 7.25527206389233 7.73650318011642 7.81897945189849 8.02839746372774 8.21558274142444 8.31025115773082 8.46803185157478 8.41352579370141 8.36475721560419 7.29005553503521 7.0548188642133 6.80487990146503 5.40947700757533 7.30511641944759 7.54883977910504 7.84157077851705 7.83834344614297 8.49134036316536 8.44209366175346 16.4599207609667 19.1699995715171 9.12370517251547 13.2399997040629 -9999 -9999 -9999 -9999 -9999 -9999 -9999 -9999 -9999 -9999 -9999 -9999 -9999 -9999 -9999 -9999 -9999 -9999 -9999 -9999 -9999 -9999
10.2903988654725 10.149830610957 7.96528518619016 8.60573136620224 7.96169926133007 8.57489241240546 8.70470289234072 8.00114443479106 7.52254299679771 9.36881617642939 9.41399882966653 7.54118980607018 7.8196966368705 7.73435162520036 8.0305490186438 7.23375651473179 7.520630503539 7.51919613359496 7.63609728403389 8.07214574702084 8.25574509985745 7.91579942312092 8.32029174733907 7.43456830689684 6.62916958332062 5.41461683320813 6.33297218987718 7.18964963895269 5.48239081306383 7.04011657228693 8.00903346948326 8.12952054478228 8.01333657931536 16.8691161227945 12.2909537455998 15.4913423185503 12.9771603216562 17.0525784032652 13.410501313072 -9999 -9999 -9999 -9999 -9999 -9999 -9999 -9999 -9999 -9999 -9999 -9999 -9999 -9999 -9999 -9999 -9999 -9999 -9999 -9999 -9999 -9999 -9999
8.80869471328333 9.12373451190069 8.95452232426032 8.65904211578891 8.17183445813134 8.80008849361911 8.16143527603708 8.08810311264824 7.66119875805452 7.57800530130044 8.97508162679151 9.09987181192264 7.53497420297936 7.42452771728858 7.36787010449916 7.22228155517951 7.34635455533862 7.36428417963907 7.3972746883519 7.56437878683209 8.28730123862624 8.31527145253494 8.28084657387808 7.54644916253164 7.75873591424897 9.04464856907725 7.07525863591582 7.32663196860813 7.21726126037538 7.4847712549381 7.65976438811049 8.66669208882377 8.66597490385175 12.35530479718 9.42547378921881 12.7316965102218 -9999 12.1833957001038 -9999 -9999 -9999 -9999 -9999 -9999 -9999 -9999 -9999 -9999 -9999 -9999 -9999 -9999 -9999 -9999 -9999 -9999 -9999 -9999 -9999 -9999 -9999 -9999
9.69433846650645 8.86487420275807 9.14591508712619 8.77527389358729 8.96504103718325 8.59511702861637 8.41739859255031 7.37504195421934 8.19478437723592 7.72072511073202 7.79818108770996 7.3176671564579 7.48620562488213 7.70781578123569 7.2459486592561 7.90647601848468 7.7637562090531 7.61099581001326 7.40014342823997 7.81324197212234 8.25072480505332 7.40014342823997 7.79889827268198 7.85268714558333 7.25849939626642 7.47473066532984 7.64470350369811 9.10704366164282 8.70255133742467 8.60214544134215 7.80033264262602 16.5783811036176 -9999 -9999 -9999 13.6052278061397 -9999 -9999 -9999 -9999 -9999 -9999 -9999 -9999 -9999 -9999 -9999 -9999 -9999 -9999 -9999 -9999 -9999 -9999 -9999 -9999 -9999 -9999 -9999 -9999 -9999 -9999
9.48105562455021 9.40697041694075 8.85734376055188 8.61302274675108 8.63972593387589 8.3772362341173 8.6798882923089 8.80066224159673 8.00831628451124 7.91364786820486 7.89356668898836 8.79650256875902 8.72263251664117 8.50102236028761 8.51321450481191 7.93874934222549 7.55577256716788 7.6203192146495 7.60167240537703 8.67601549346 8.7477339906618 7.02935879770666 7.59199040825479 7.38508254382759 9.00520339561626 8.69035919290036 8.53759879386052 8.21343118650839 8.21127963159233 8.98583940137178 8.91196934925392 8.12067526346073 14.7486255615284 15.1502600260351 -9999 -9999 -9999 -9999 -9999 -9999 -9999 -9999 -9999 -9999 -9999 -9999 -9999 -9999 -9999 -9999 -9999 -9999 -9999 -9999 -9999 -9999 -9999 -9999 -9999 -9999 -9999 -9999
5.73986021801829 11.0974710206501 9.23613695660606 7.99971006484702 8.53233943739906 8.76255581341684 8.50293485354632 7.19502852624282 7.94878993183374 8.66525771887973 8.6200750656426 8.56485182279721 8.60071107139811 8.57202367251739 8.1381267644465 7.81826226692647 7.76877650385723 8.73267310624942 7.73004851536825 7.89643542887643 8.49026458570734 7.88065735949203 9.3451490723528 9.3573412168771 9.21892451727763 8.85674610640854 8.49169895565137 8.45583970705047 8.65306557435542 8.81873530289158 8.68605608306825 11.5531084770885 12.12415646422 12.0245521278121 16.415116339155 4.99999988824129 -9999 -9999 -9999 -9999 -9999 -9999 -9999 -9999 -9999 -9999 -9999 -9999 -9999 -9999 -9999 -9999 -9999 -9999 -9999 -9999 -9999 -9999 -9999 -9999 -9999 -9999
-9999 -9999 -9999 -9999 7.15999983996153 14.6233759814152 8.25088417949155 7.85985899530351 7.9071932034567 7.97676014574245 7.92225408786908 7.70494704134762 7.74654376972467 8.77283546468243 8.03843805333599 7.79316079290584 7.64972379850224 8.56270026788116 8.62652973039076 8.75275428546593 8.65378275932744 8.80582597339526 8.73482466116548 9.24617754621431 9.26482435548678 8.27678252570331 8.29826392319852 -9999 -9999 -9999 -9999 -9999 -9999 -9999 -9999 -9999 -9999 -9999 -9999 -9999 -9999 -9999 -9999 -9999 -9999 -9999 -9999 -9999 -9999 -9999 -9999 -9999 -9999 -9999 -9999 -9999 -9999 -9999 -9999 -9999 -9999 -9999
-9999 -9999 -9999 -9999 -9999 13.5215616592905 7.69777519162744 8.15677357371897 8.22490614606068 7.80607012240216 8.66525771887973 7.58732870593667 8.07931759674102 7.65187535341829 8.55050812335685 8.2177342963405 8.06353952735662 8.15247046388686 8.23566392064095 8.51106294989586 8.60716573614627 8.83881648210809 8.755623025354 11.0972319589928 14.0472983404891 -9999 -9999 -9999 -9999 -9999 -9999 -9999 -9999 -9999 -9999 -9999 -9999 -9999 -9999 -9999 -9999 -9999 -9999 -9999 -9999 -9999 -9999 -9999 -9999 -9999 -9999 -9999 -9999 -9999 -9999 -9999 -9999 -9999 -9999 -9999 -9999 -9999
