EcologicalScience/Bass/data/rs_data_bass/sst_12.asc
NCOLS 226 
NROWS 124 
XLLCORNER -9.41648524995501 
YLLCORNER 47.587301625531 
CELLSIZE 0.0833 
NODATA_value -9999 
[rows 0 to 26 of 124, columns 62 to 123 of 226]
-9999 -9999 -9999 -9999 -9999 -9999 -9999 -9999 -9999 -9999 -9999 -9999 -9999 -9999 -9999 -9999 -9999 -9999 -9999 -9999 -9999 -9999 -9999 -9999 -9999 -9999 -9999 -9999 -9999 -9999 -9999 -9999 -9999 -9999 -9999 -9999 -9999 -9999 -9999 -9999 -9999 -9999 -9999 -9999 -9999 -9999 -9999 -9999 -9999 -9999 -9999 -9999 -9999 -9999 -9999 -9999 -9999 -9999 -9999 -9999 -9999 -9999
-9999 -9999 -9999 -9999 -9999 -9999 -9999 -9999 -9999 -9999 -9999 -9999 -9999 -9999 -9999 -9999 -9999 -9999 -9999 -9999 -9999 -9999 -9999 -9999 -9999 -9999 -9999 -9999 -9999 -9999 -9999 -9999 -9999 -9999 -9999 -9999 -9999 -9999 -9999 -9999 -9999 -9999 -9999 -9999 -9999 -9999 -9999 -9999 -9999 -9999 -9999 -9999 -9999 -9999 -9999 -9999 -9999 -9999 -9999 -9999 -9999 -9999
-9999 -9999 -9999 -9999 -9999 -9999 -9999 -9999 -9999 -9999 -9999 -9999 -9999 -9999 -9999 -9999 -9999 -9999 -9999 -9999 -9999 -9999 -9999 -9999 -9999 -9999 -9999 -9999 -9999 -9999 -9999 -9999 -9999 -9999 -9999 -9999 -9999 -9999 -9999 -9999 -9999 -9999 -9999 -9999 -9999 -9999 -9999 -9999 -9999 -9999 -9999 -9999 -9999 -9999 -9999 -9999 -9999 -9999 -9999 -9999 -9999 -9999
-9999 -9999 -9999 -9999 -9999 -9999 -9999 -9999 -9999 -9999 -9999 -9999 -9999 -9999 -9999 -9999 -9999 -9999 -9999 -9999 -9999 -9999 -9999 -9999 -9999 -9999 -9999 -9999 -9999 -9999 -9999 -9999 -9999 -9999 -9999 -9999 -9999 -9999 -9999 -9999 -9999 -9999 -9999 -9999 -9999 -9999 -9999 -9999 -9999 -9999 -9999 -9999 -9999 -9999 -9999 -9999 -9999 -9999 -9999 -9999 -9999 -9999
-9999 -9999 -9999 -9999 -9999 -9999 -9999 -9999 -9999 -9999 -9999 -9999 -9999 -9999 -9999 -9999 -9999 -9999 -9999 -9999 -9999 -9999 -9999 -9999 -9999 -9999 -9999 -9999 -9999 -9999 -9999 -9999 -9999 -9999 -9999 -9999 -9999 -9999 -9999 -9999 -9999 -9999 -9999 -9999 -9999 -9999 -9999 -9999 -9999 -9999 -9999 -9999 -9999 -9999 -9999 -9999 -9999 -9999 -9999 -9999 -9999 -9999
-9999 -9999 -9999 -9999 -9999 -9999 -9999 -9999 -9999 -9999 -9999 -9999 -9999 -9999 -9999 -9999 -9999 -9999 -9999 -9999 -9999 -9999 -9999 -9999 -9999 -9999 -9999 -9999 11.7199997380376 7.2629998376593 6.50166652134309 4.56999989785254 4.56999989785254 4.03499990981072 5.54499987605959 7.08999984152615 7.09999984130263 4.70499989483505 5.00999988801777 5.35999988019466 5.68999987281859 5.9699998665601 6.24999986030161 7.11499984096736 6.52499985415488 6.28999985940754 6.25499986018986 5.80499987024814 5.90999986790121 5.50499987695366 6.05999986454844 5.82999986968935 6.17999986186624 6.54499985370785 6.96999984420836 7.12499984074384 7.04499984253198 7.07499984186143 7.13499984052032 7.16999983973801 7.22499983850867 7.22999983839691
-9999 -9999 -9999 -9999 -9999 -9999 -9999 -9999 -9999 -9999 -9999 -9999 -9999 -9999 -9999 -9999 -9999 -9999 -9999 -9999 -9999 -9999 -9999 -9999 -9999 -9999 -9999 11.6899997387081 6.79222207040423 6.43833318942537 6.4183331898724 4.97999988868833 4.78499989304692 3.89999991282821 4.17499990668148 4.08999990858138 4.07499990891665 4.2749999044463 5.69999987259507 5.40499987918884 5.26499988231808 6.36499985773116 6.49499985482544 6.38999985717237 6.66999985091388 6.32499985862523 6.59499985259026 6.74999984912574 6.14499986264855 6.2849998595193 6.18999986164272 6.24999986030161 6.54999985359609 6.58999985270202 6.92499984521419 6.96999984420836 6.97999984398484 7.12499984074384 7.21999983862042 7.25999983772635 7.27999983727932 7.33499983604997
-9999 -9999 -9999 -9999 -9999 -9999 -9999 -9999 -9999 -9999 -9999 -9999 -9999 -9999 -9999 -9999 -9999 -9999 -9999 -9999 -9999 -9999 -9999 -9999 -9999 -9999 5.30657882875714 6.3719998575747 6.84999984689057 6.84999984689057 6.54499985370785 6.04499986488372 5.87499986868352 6.35499985795468 6.61499985214323 3.62999991886318 3.62999991886318 6.91999984532595 6.97999984398484 6.8049998478964 6.62499985191971 6.4899998549372 6.69499985035509 6.79499984811991 6.47499985527247 6.40999985672534 6.45999985560775 6.43499985616654 6.38999985717237 6.39999985694885 6.06999986432493 5.84999986924231 6.14499986264855 6.55999985337257 6.74999984912574 6.85499984677881 6.84999984689057 6.98999984376132 6.98999984376132 7.13999984040856 7.25999983772635 7.29499983694404
-9999 -9999 -9999 -9999 -9999 -9999 -9999 -9999 -9999 -9999 -9999 -9999 -9999 -9999 -9999 -9999 -9999 -9999 -9999 -9999 -9999 -9999 -9999 -9999 -9999 -9999 6.75999984890223 6.67999985069036 6.69499985035509 6.66499985102564 6.58999985270202 6.1999998614192 6.08999986387789 5.96499986667186 5.38999987952411 6.07499986421317 5.81999986991286 5.07999988645315 5.53499987628311 6.39499985706061 6.4299998562783 6.31999985873699 6.01999986544251 5.88999986834824 6.0549998646602 6.3449998581782 5.98999986611307 6.04999986477196 6.23999986052513 6.21999986097217 6.36499985773116 6.94499984476715 6.79499984811991 6.91999984532595 7.08999984152615 7.02499984297901 7.02999984286726 6.99999984353781 6.98499984387308 7.01999984309077 6.99499984364957 7.06499984208494
-9999 -9999 -9999 -9999 -9999 -9999 -9999 -9999 -9999 -9999 -9999 -9999 -9999 -9999 -9999 -9999 -9999 -9999 -9999 -9999 -9999 -9999 -9999 -9999 -9999 11.3799997456372 6.83499984722584 6.64499985147268 6.60999985225499 5.16499988455325 5.84999986924231 6.47499985527247 7.00999984331429 6.16999986208975 6.30499985907227 5.67499987315387 5.17499988432974 5.15999988466501 5.17999988421798 6.61499985214323 6.69999985024333 6.49499985482544 6.44499985594302 6.40999985672534 6.39499985706061 6.60499985236675 6.62499985191971 6.5999998524785 6.50999985449016 6.5149998543784 6.70999985001981 6.79999984800816 7.03999984264374 7.0349998427555 6.96499984432012 6.98499984387308 7.13999984040856 7.17999983951449 7.1199998408556 7.18499983940274 7.07499984186143 7.01499984320253
-9999 -9999 -9999 -9999 -9999 -9999 -9999 -9999 -9999 -9999 -9999 -9999 -9999 -9999 -9999 -9999 -9999 -9999 -9999 -9999 -9999 -9999 -9999 -9999 5.44571416399309 6.30499985907227 6.24999986030161 6.50999985449016 6.51999985426664 6.4899998549372 6.24999986030161 5.60999987460673 6.8299998473376 5.89999986812472 6.47499985527247 6.28999985940754 5.51499987673014 6.05999986454844 6.08999986387789 6.76499984879047 6.10999986343086 6.13499986287206 6.27999985963106 6.47499985527247 6.49499985482544 6.47499985527247 6.86499984655529 7.16499983984977 7.13499984052032 6.9749998440966 6.76499984879047 6.85499984677881 7.02999984286726 7.03999984264374 7.04999984242022 7.11499984096736 7.18499983940274 7.13499984052032 7.21999983862042 7.21999983862042 7.10999984107912 7.01999984309077
-9999 -9999 -9999 -9999 -9999 -9999 -9999 -9999 -9999 -9999 -9999 -9999 -9999 -9999 -9999 -9999 -9999 -9999 -9999 -9999 -9999 -9999 -9999 -9999 8.96214265682335 6.03499986510724 6.30999985896051 6.35499985795468 6.56499985326082 6.40999985672534 6.06499986443669 5.32999988086522 4.99999988824129 6.08499986398965 6.45499985571951 6.06499986443669 5.96499986667186 5.06499988678843 6.03999986499548 7.08499984163791 6.91999984532595 6.93999984487891 6.76999984867871 6.56499985326082 6.31499985884875 6.5149998543784 7.0349998427555 7.19999983906746 7.30999983660877 7.16499983984977 7.00999984331429 7.00999984331429 7.32999983616173 7.18999983929098 7.09999984130263 7.15999983996153 7.18499983940274 7.18499983940274 7.13999984040856 7.18499983940274 7.13999984040856 7.64999982900918
-9999 -9999 -9999 -9999 -9999 -9999 -9999 -9999 -9999 -9999 -9999 -9999 -9999 -9999 -9999 -9999 -9999 -9999 -9999 -9999 -9999 -9999 -9999 4.83111100312736 5.8249998698011 5.8249998698011 6.32999985851347 6.39499985706061 6.56999985314906 6.66999985091388 6.64499985147268 6.60999985225499 5.57999987527728 5.60499987471849 5.43999987840652 5.4849998774007 4.8799998909235 6.09499986376613 5.87999986857176 5.94999986700714 5.92999986745417 6.32999985851347 6.49499985482544 6.5749998530373 6.36499985773116 6.45999985560775 6.75499984901398 6.91499984543771 7.06999984197319 7.00999984331429 7.02999984286726 7.04999984242022 7.06499984208494 7.2049998389557 7.25999983772635 7.26999983750284 7.29499983694404 7.25999983772635 7.22999983839691 7.19499983917922 7.17499983962625 7.17999983951449
-9999 -9999 -9999 -9999 -9999 -9999 -9999 -9999 -9999 -9999 -9999 -9999 -9999 -9999 -9999 -9999 -9999 -9999 -9999 -9999 -9999 -9999 5.65307679672081 6.09499986376613 5.7999998703599 6.07999986410141 6.24999986030161 6.37499985750765 6.53999985381961 6.63999985158443 6.64499985147268 6.48499985504895 6.41999985650182 6.3699998576194 6.26999985985458 5.58499987516552 5.20999988354743 6.46999985538423 6.17499986197799 6.23999986052513 6.21499986108392 5.84499986935407 5.60499987471849 5.85499986913055 6.21499986108392 6.54499985370785 6.5149998543784 6.60999985225499 6.92999984510243 6.92999984510243 6.92499984521419 6.98999984376132 7.07999984174967 7.21999983862042 7.31999983638525 7.45499983336776 7.4949998324737 7.52999983169138 7.61499982979149 7.33999983593822 7.16499983984977 7.16499983984977
-9999 -9999 -9999 -9999 -9999 -9999 -9999 -9999 -9999 -9999 -9999 -9999 -9999 -9999 -9999 -9999 -9999 -9999 -9999 -9999 -9999 6.27499985974282 6.19666652816037 5.46499987784773 5.48999987728894 6.21499986108392 6.23999986052513 6.46499985549599 6.70499985013157 6.75499984901398 6.69499985035509 6.70499985013157 6.62999985180795 6.35499985795468 6.18499986175448 6.15999986231327 6.39999985694885 6.22999986074865 6.46999985538423 6.56999985314906 6.58499985281378 6.46999985538423 5.71999987214804 5.70999987237155 6.02499986533076 6.24999986030161 6.21999986097217 6.29999985918403 6.66499985102564 6.70499985013157 6.89499984588474 7.11499984096736 7.16499983984977 7.34499983582646 7.36499983537942 7.34499983582646 7.34499983582646 7.42499983403832 7.02999984286726 7.0349998427555 7.21499983873218 7.42499983403832
-9999 -9999 -9999 -9999 -9999 -9999 -9999 -9999 -9999 -9999 -9999 -9999 -9999 -9999 -9999 -9999 -9999 -9999 -9999 -9999 8.73999980464578 6.13999986276031 6.13833319613089 6.32166652536641 6.33166652514289 6.18999986164272 6.3449998581782 6.34999985806644 6.42499985639006 6.53499985393137 6.50999985449016 6.43499985616654 6.32999985851347 6.49499985482544 6.41999985650182 5.93999986723065 6.47499985527247 6.68499985057861 6.39499985706061 6.60999985225499 6.4299998562783 6.26499985996634 6.49499985482544 6.39499985706061 6.43999985605478 6.15999986231327 6.1149998633191 6.1149998633191 6.30499985907227 6.42499985639006 6.77999984845519 7.1449998402968 7.47499983292073 7.33999983593822 7.12499984074384 7.16499983984977 7.25499983783811 7.27999983727932 7.06499984208494 6.92999984510243 7.30499983672053 7.25999983772635
-9999 -9999 -9999 -9999 -9999 -9999 -9999 -9999 -9999 -9999 -9999 -9999 -9999 -9999 -9999 -9999 -9999 -9999 -9999 7.02631563242329 5.92499986756593 6.22166652760158 6.2599998600781 6.32166652536641 6.29166652603696 6.82749984739348 7.02124984306283 6.29999985918403 6.27499985974282 6.33499985840172 6.24499986041337 6.5149998543784 6.61999985203147 6.60499985236675 6.62499985191971 6.62499985191971 6.58499985281378 6.57999985292554 6.67499985080212 6.71499984990805 6.70999985001981 7.07499984186143 6.18499986175448 6.10999986343086 6.47999985516071 6.3449998581782 6.26999985985458 6.40999985672534 6.69999985024333 6.75499984901398 6.8899998459965 7.3499998357147 7.27499983739108 7.37999983504415 7.42499983403832 7.36499983537942 7.39999983459711 7.2899998370558 7.29499983694404 7.25499983783811 7.02499984297901 7.01499984320253
-9999 -9999 -9999 -9999 -9999 -9999 -9999 -9999 -9999 -9999 -9999 -9999 -9999 -9999 -9999 -9999 -9999 7.12666650737325 5.87999986857176 5.9719998665154 6.01399986557662 6.42333318976064 6.40166652357827 6.3816665240253 6.64499985147268 6.70374985015951 7.08374984166585 4.4199999012053 4.41499990131706 4.37999990209937 6.73999984934926 6.74999984912574 6.68499985057861 6.53499985393137 6.47499985527247 6.48499985504895 6.59499985259026 6.7199998497963 6.86499984655529 6.95499984454364 7.1199998408556 7.04499984253198 6.76999984867871 6.66499985102564 6.77499984856695 6.58999985270202 6.49499985482544 6.60999985225499 6.73999984934926 6.8049998478964 6.91999984532595 6.97999984398484 6.7199998497963 7.19499983917922 7.36999983526766 7.21499983873218 7.40999983437359 7.42499983403832 7.38499983493239 7.18499983940274 7.10499984119087 7.15999983996153
-9999 -9999 -9999 -9999 -9999 -9999 -9999 -9999 -9999 -9999 -9999 -9999 -9999 -9999 -9999 -9999 -9999 6.80409075700763 7.23999983817339 6.80833318115522 5.81999986991286 5.75499987136573 5.84499986935407 6.78999984823167 6.17999986186624 6.12499986309558 6.00499986577779 5.62499987427145 5.55999987572432 6.75249984906986 7.10999984107912 7.14299984034151 6.50499985460192 6.59499985259026 6.63499985169619 6.50999985449016 6.4299998562783 6.67499985080212 7.00999984331429 6.94999984465539 7.0599998421967 6.98999984376132 6.88499984610826 6.87999984622002 6.80999984778464 6.8049998478964 6.78999984823167 6.64499985147268 6.59499985259026 6.77499984856695 7.1449998402968 7.23999983817339 7.23999983817339 7.01499984320253 6.91999984532595 6.9749998440966 7.47499983292073 7.52499983180314 7.50499983225018 7.55499983113259 7.46499983314425 7.61499982979149
-9999 -9999 -9999 -9999 -9999 -9999 -9999 -9999 -9999 -9999 -9999 -9999 -9999 -9999 -9999 -9999 -9999 -9999 13.1599997058511 8.31147040245945 6.63166651843737 6.63499985169619 6.72249984974042 5.54999987594783 5.53999987617135 5.77499987091869 5.62499987427145 5.44499987829477 5.43499987851828 6.25499986018986 6.25499986018986 5.87999986857176 6.80999984778464 6.80999984778464 6.33499985840172 6.43499985616654 6.47999985516071 6.66499985102564 6.86999984644353 6.90999984554946 6.9749998440966 7.05499984230846 7.15999983996153 7.08999984152615 6.84499984700233 6.85499984677881 6.83999984711409 6.56999985314906 6.3449998581782 6.84999984689057 7.2899998370558 7.27999983727932 7.24999983794987 7.2899998370558 7.27999983727932 7.11499984096736 7.26999983750284 7.68999982811511 7.97499982174486 7.98999982140958 7.62499982956797 7.69499982800335
-9999 -9999 -9999 -9999 -9999 -9999 -9999 -9999 -9999 -9999 -9999 -9999 -9999 -9999 10.6249997625127 7.31272710927508 13.9799996875226 7.27999983727932 7.42428554834 7.47999983280897 6.91874984535389 5.34499988052994 5.34499988052994 5.31499988120049 5.12499988544732 5.53999987617135 5.46999987773597 5.41499987896532 5.44499987829477 5.46999987773597 5.54499987605959 5.8249998698011 5.62999987415969 5.64999987371266 7.15499984007329 6.69999985024333 6.76499984879047 6.84999984689057 7.17499983962625 6.86499984655529 6.94499984476715 6.99999984353781 7.29999983683228 7.10499984119087 7.06999984197319 7.0599998421967 7.04999984242022 7.05499984230846 7.11499984096736 7.19999983906746 7.30999983660877 7.43999983370304 7.38999983482063 7.3749998351559 7.26999983750284 7.23499983828515 7.36999983526766 7.64999982900918 8.05499981995672 8.04999982006848 7.84999982453883 7.87499982398003
-9999 -9999 -9999 -9999 -9999 -9999 -9999 -9999 -9999 -9999 -9999 -9999 -9999 7.51299983207136 7.36374983540736 7.40499983448535 6.65166651799033 5.93299986738712 7.26124983769841 7.24249983811751 6.97874984401278 6.92249984527007 7.06249984214082 5.43499987851828 5.43499987851828 5.70499987248331 5.70499987248331 5.31499988120049 5.35999988019466 5.31999988108873 5.79499987047166 5.66499987337738 5.64999987371266 5.77999987080693 6.01999986544251 6.54999985359609 6.65499985124916 6.66999985091388 6.69499985035509 6.63999985158443 6.78999984823167 6.9749998440966 7.07499984186143 7.04999984242022 6.94999984465539 6.83999984711409 6.53999985381961 6.42499985639006 7.30499983672053 7.42499983403832 7.76749982638285 7.23833317154398 7.09749984135851 7.36499983537942 7.34499983582646 7.27999983727932 7.32999983616173 7.68499982822686 7.77499982621521 7.79499982576817 7.72999982722104 7.97499982174486
-9999 -9999 -9999 -9999 -9999 -9999 -9999 -9999 -9999 -9999 12.369999723509 12.204999727197 7.07099984195083 7.10499984119087 7.13799984045327 7.88124982384034 7.94499982241541 12.8649997124448 6.19944430587606 7.7535712552656 7.33249983610585 7.37874983507209 7.4224998340942 7.29124983702786 7.1324998405762 7.07499984186143 7.03999984264374 7.01749984314665 4.98499988857657 4.98499988857657 5.594999874942 5.63999987393618 6.32999985851347 6.55499985348433 6.54999985359609 6.56499985326082 6.60499985236675 6.75999984890223 6.75999984890223 6.83999984711409 6.96499984432012 6.72874984960072 7.28299983721226 7.05499984230846 7.16999983973801 7.05499984230846 6.90999984554946 6.92499984521419 7.23499983828515 7.26999983750284 7.25999983772635 7.24999983794987 7.26999983750284 7.27499983739108 7.38999983482063 7.39999983459711 7.79999982565641 7.79999982565641 7.78499982599169 7.88499982375652 7.94999982230365 7.63999982923269
-9999 -9999 -9999 -9999 -9999 -9999 -9999 -9999 -9999 -9999 12.7599997147918 12.8799997121096 12.369999723509 8.2216664828981 7.24299983810633 7.24299983810633 11.8749997345731 -9999 -9999 9.22999979369342 9.17499979492277 12.4399997219443 7.35571412130126 7.22499983850867 7.1387498404365 6.53999985381961 6.53999985381961 6.96999984420836 6.23999986052513 6.23999986052513 6.24749986035749 6.3574998578988 7.90999982319772 6.39499985706061 6.44499985594302 6.49999985471368 6.42499985639006 6.42499985639006 7.02499984297901 7.02499984297901 6.99999984353781 7.04499984253198 7.12999984063208 7.2899998370558 6.80999984778464 6.80999984778464 6.92999984510243 6.98499984387308 6.99499984364957 6.99499984364957 6.75249984906986 6.65199985131621 6.72999984957278 7.42499983403832 7.47499983292073 7.63499982934445 7.66999982856214 7.67499982845038 7.77999982610345 7.71499982755631 7.83999982476234 7.78999982587993
-9999 -9999 -9999 -9999 -9999 -9999 -9999 -9999 -9999 -9999 -9999 -9999 -9999 -9999 -9999 -9999 -9999 -9999 -9999 -9999 -9999 -9999 -9999 -9999 12.8999997116625 7.54249983141199 6.86999984644353 6.84599984697998 7.33374983607791 7.17999983951449 6.64299985151738 7.05874984222464 7.06249984214082 6.94749984471127 6.10749986348674 6.45499985571951 6.43999985605478 6.45999985560775 6.74999984912574 6.99499984364957 6.93499984499067 6.98499984387308 7.10499984119087 6.53699985388666 6.08249986404553 6.15249986248091 7.45999983325601 7.38499983493239 7.32999983616173 7.41399983428419 7.12249984079972 6.99199984371662 6.90499984566122 7.44499983359128 7.45999983325601 7.50499983225018 7.07999984174967 6.81999984756112 6.80999984778464 7.58999983035028 7.64499982912093 7.67999982833862
-9999 -9999 -9999 -9999 -9999 -9999 -9999 -9999 -9999 -9999 -9999 -9999 -9999 -9999 -9999 -9999 -9999 -9999 -9999 -9999 -9999 -9999 -9999 -9999 -9999 10.6396679468453 7.36277761320687 7.17083317305272 7.07249984191731 6.91499984543771 7.09249984147027 6.32249985868111 6.45999985560775 7.18249983945861 7.19499983917922 6.39999985694885 6.66999985091388 6.94499984476715 6.95499984454364 6.56499985326082 6.74999984912574 6.81999984756112 6.81499984767288 7.08999984152615 6.99999984353781 6.80999984778464 6.98999984376132 6.67499985080212 6.70499985013157 6.37499985750765 7.35499983560294 7.33999983593822 7.43999983370304 7.45499983336776 7.40499983448535 7.43999983370304 6.75999984890223 6.8049998478964 7.00999984331429 6.96999984420836 7.05499984230846 7.09499984141439
-9999 -9999 -9999 -9999 -9999 -9999 -9999 -9999 -9999 -9999 -9999 -9999 -9999 -9999 -9999 -9999 -9999 -9999 -9999 -9999 -9999 -9999 -9999 -9999 -9999 -9999 -9999 6.8879998460412 7.03899984266609 6.33285700130676 6.33499985840172 6.24928557460329 6.83249984728172 6.19499986153096 6.2124998611398 6.78749984828755 6.74999984912574 6.76999984867871 6.76499984879047 7.79624982574023 7.52799983173609 6.66999985091388 6.69499985035509 6.73999984934926 6.75499984901398 6.91499984543771 6.9749998440966 7.11499984096736 7.05499984230846 7.15499984007329 6.92999984510243 6.94749984471127 7.39999983459711 7.36499983537942 7.3749998351559 7.39999983459711 7.39499983470887 6.86499984655529 6.88499984610826 6.90999984554946 7.04999984242022 7.21999983862042
