EcologicalScience/Bass/data/rs_data_bass/sst_128.asc
NCOLS 226 
NROWS 124 
XLLCORNER -9.41648524995501 
YLLCORNER 47.587301625531 
CELLSIZE 0.0833 
NODATA_value -9999 
[rows 54 to 80 of 124, columns 124 to 185 of 226]
14.9599996656179 14.7349996706471 14.7249996708706 14.7199996709824 14.6599996723235 14.6199996732175 14.6549996724352 14.6799996718764 14.7349996706471 14.8849996672943 14.2899996805936 14.5599996745586 14.8249996686354 15.064999663271 15.2699996586889 15.4649996543303 15.6049996512011 15.6049996512011 15.6899996493012 15.7549996478483 15.934999643825 16.0749996406958 16.1399996392429 16.224999637343 16.3749996339902 16.4299996327609 16.4399996325374 16.4799996316433 16.5349996304139 16.7099996265024 16.7399996258318 16.7299996260554 16.9149996219203 16.949999621138 16.9199996218085 16.9049996221438 16.7749996250495 16.7449996257201 16.7149996263906 16.7099996265024 16.7449996257201 16.8249996239319 16.8499996233732 16.6999996267259 16.6249996284023 16.6249996284023 16.7699996251613 16.8099996242672 16.65999962762 15.9449996436015 15.7649996476248 15.7649996476248 15.2899996582419 15.0399996638298 14.7799996696413 14.7349996706471 15.1249996619299 14.8899996671826 14.9049996668473 14.5906246738741 12.8505552683233 14.8699996676296
15.1549996612594 15.1149996621534 15.0949996626005 14.7349996706471 14.9899996649474 14.7399996705353 14.8349996684119 14.774999669753 14.794999669306 14.9849996650591 15.2049996601418 15.2799996584654 15.3699996564537 15.3249996574596 15.3949996558949 15.5749996518716 15.7299996484071 15.7199996486306 15.7249996485189 15.8599996455014 16.0399996414781 16.1999996379018 16.4449996324256 16.5999996289611 16.5649996297434 16.5199996307492 16.6749996272847 16.8199996240437 16.7999996244907 16.7399996258318 16.804999624379 16.8799996227026 16.9999996200204 17.0149996196851 16.9799996204674 16.9149996219203 16.8899996224791 16.8249996239319 16.8349996237084 16.8749996228144 16.8649996230379 17.0499996189028 17.0149996196851 16.9349996214733 16.5249996306375 16.2649996364489 16.1249996395782 16.3249996351078 16.7549996254966 16.5599996298552 16.1049996400252 15.6899996493012 15.2899996582419 15.0149996643886 14.7599996700883 14.5899996738881 14.7849996695295 16.9391733643256 -9999 -9999 -9999 -9999
14.6249996731058 14.9299996662885 15.1549996612594 15.064999663271 15.2399996593595 14.774999669753 14.6549996724352 14.6899996716529 14.939999666065 15.189999660477 15.2349996594712 15.334999657236 15.4049996556714 15.499999653548 15.5299996528774 15.2949996581301 15.7599996477365 15.8199996463954 15.8449996458367 15.9699996430427 16.0749996406958 16.5049996310845 16.8099996242672 16.9399996213615 16.804999624379 16.6299996282905 16.949999621138 17.0899996180087 16.9799996204674 16.9549996210262 17.054999618791 17.1099996175617 17.1149996174499 17.0449996190146 17.0049996199086 16.9949996201321 16.929999621585 16.909999622032 16.929999621585 16.9749996205792 17.0399996191263 17.094999617897 17.1299996171147 17.1199996173382 17.0299996193498 16.8899996224791 16.8699996229261 15.6149996509776 15.6349996505305 15.7449996480718 15.9299996439368 15.8999996446073 15.5499996524304 15.2999996580184 15.2599996589124 -9999 -9999 -9999 -9999 -9999 -9999 -9999
15.189999660477 15.2549996590242 15.1849996605888 15.0899996627122 14.9249996664003 14.7499996703118 14.9899996649474 15.0549996634945 15.1374996616505 15.2499996591359 15.4149996554479 15.5049996534362 14.7699996698648 14.7699996698648 14.5849996739998 15.8149996465072 15.8399996459484 15.8749996451661 15.2549996590242 16.5549996299669 16.764999625273 16.9199996218085 17.0799996182323 17.1249996172264 17.2649996140972 17.0199996195734 16.8599996231496 16.8349996237084 17.0249996194616 17.1249996172264 17.1349996170029 17.1949996156618 17.219999615103 17.1699996162206 17.1149996174499 17.074999618344 17.0299996193498 17.054999618791 17.0399996191263 17.0299996193498 17.054999618791 17.1499996166676 17.1599996164441 17.1099996175617 16.9649996208027 16.7749996250495 16.7399996258318 16.2999996356666 16.3816663005079 14.9799996651709 15.5249996529892 15.6999996490777 15.5449996525422 15.4099996555597 15.189999660477 -9999 -9999 -9999 -9999 -9999 -9999 -9999
15.064999663271 15.1349996617064 15.0149996643886 15.0599996633828 15.4849996538833 15.479999653995 15.3899996560067 15.334999657236 15.3049996579066 15.6799996495247 15.5249996529892 15.6399996504188 15.3849996561185 15.5649996520951 15.6424996503629 15.1124996622093 15.9683329764133 15.9512496434618 16.1849996382371 16.8299996238202 17.0199996195734 17.1949996156618 17.2449996145442 17.19999961555 17.19999961555 17.1649996163324 16.9999996200204 17.1149996174499 17.1949996156618 17.2549996143207 17.2749996138737 17.3199996128678 17.364999611862 17.3149996129796 17.2149996152148 17.2249996149912 17.1899996157736 17.1399996168911 17.0849996181205 17.0699996184558 17.0349996192381 17.0799996182323 17.2099996153265 17.1199996173382 16.9699996206909 16.8449996234849 16.0049996422604 15.8949996447191 15.479999653995 14.8449996681884 14.8449996681884 14.8599996678531 14.7349996706471 14.8174996688031 15.2549996590242 -9999 -9999 -9999 -9999 -9999 -9999 -9999
14.9599996656179 13.6249996954575 12.5049997204915 15.5399996526539 15.4849996538833 15.2949996581301 15.2749996585771 15.3399996571243 15.4549996545538 15.3799996562302 15.7299996484071 15.789999647066 15.7449996480718 15.7949996469542 15.769999647513 15.9899996425956 16.0049996422604 16.2183329708253 16.9549996210262 17.0049996199086 17.1549996165559 17.2899996135384 17.2899996135384 16.2924996358342 17.2349996147677 17.2999996133149 17.219999615103 17.1549996165559 17.1899996157736 17.19999961555 17.2949996134266 17.4199996106327 17.4499996099621 17.3699996117502 17.2949996134266 17.3349996125326 17.2349996147677 17.1099996175617 17.074999618344 17.094999617897 17.0599996186793 17.054999618791 17.0699996184558 17.0999996177852 16.8799996227026 16.7549996254966 16.2464282082926 15.9699996430427 15.9299996439368 15.8749996451661 15.5849996516481 15.4949996536598 14.7099996712059 15.4049996556714 18.7349995812401 -9999 23.7447889405303 -9999 -9999 -9999 -9999 -9999
-9999 -9999 -9999 -9999 -9999 14.9066663334767 15.1349996617064 15.3149996576831 15.20999966003 14.9549996657297 15.8699996452779 15.9599996432662 15.9699996430427 15.9799996428192 16.0749996406958 16.0399996414781 16.2799996361136 17.0999996177852 17.0099996197969 17.1449996167794 17.3049996132031 17.3299996126443 17.239999614656 17.3099996130913 17.1899996157736 17.2249996149912 17.2899996135384 17.4049996109679 17.5349996080622 17.6449996056035 17.6849996047094 17.7699996028095 17.6249996060506 17.4199996106327 17.4449996100739 17.2899996135384 17.1699996162206 17.094999617897 17.0899996180087 17.0399996191263 17.0149996196851 16.9849996203557 17.0899996180087 17.1249996172264 17.0499996189028 16.9799996204674 -9999 16.7753966693968 18.699153138604 14.4999996758997 15.6049996512011 15.6049996512011 15.0633329966416 17.0391203630513 5.37499987985939 5.37499987985939 -9999 -9999 -9999 -9999 -9999 -9999
-9999 -9999 -9999 -9999 -9999 -9999 -9999 15.334999657236 15.8749996451661 15.3799996562302 15.8249996462837 15.8199996463954 16.0249996418133 16.0299996417016 16.2499996367842 16.4299996327609 16.7899996247143 17.1499996166676 17.0199996195734 17.1749996161088 17.3699996117502 17.4149996107444 17.2749996138737 17.2849996136501 17.2349996147677 17.1849996158853 17.0399996191263 17.4999996088445 17.674999604933 17.7199996039271 17.6899996045977 17.65499960538 17.634999605827 17.5599996075034 17.4399996101856 17.3349996125326 17.2849996136501 17.1799996159971 17.094999617897 17.0299996193498 16.9799996204674 17.0049996199086 17.0449996190146 17.054999618791 16.9699996206909 17.0249996194616 -9999 -9999 -9999 -9999 -9999 -9999 -9999 -9999 -9999 -9999 -9999 -9999 -9999 -9999 -9999 -9999
-9999 -9999 -9999 -9999 -9999 -9999 -9999 -9999 15.3516663235302 14.8449996681884 13.9849996874109 14.4099996779114 15.8699996452779 16.20499963779 16.1149996398017 16.2099996376783 16.4549996322021 17.0049996199086 17.1749996161088 17.2599996142089 17.3499996121973 17.4099996108562 17.3999996110797 17.2899996135384 17.3299996126443 17.0099996197969 17.054999618791 17.634999605827 17.3749996116385 17.529999608174 17.7249996038154 17.6299996059388 17.3299996126443 17.4124996108003 16.9549996210262 17.1899996157736 17.2249996149912 17.1349996170029 17.1049996176735 17.0299996193498 17.094999617897 16.764999625273 16.7349996259436 16.9399996213615 16.8399996235967 17.8099996019155 -9999 -9999 -9999 -9999 -9999 -9999 -9999 -9999 -9999 -9999 -9999 -9999 -9999 -9999 -9999 -9999
-9999 -9999 -9999 -9999 -9999 -9999 -9999 -9999 -9999 15.5849996516481 15.6499996501952 15.8199996463954 16.1149996398017 16.3349996348843 16.4399996325374 16.4549996322021 16.6449996279553 16.9649996208027 17.3599996119738 17.3149996129796 17.3549996120855 17.3049996132031 17.3199996128678 17.3999996110797 17.4599996097386 17.3999996110797 17.3699996117502 17.6649996051565 17.5949996067211 17.6599996052682 17.7299996037036 17.7749996026978 17.1474996167235 17.4874996091239 16.8799996227026 17.0649996185675 17.094999617897 17.0999996177852 17.094999617897 17.0599996186793 17.0499996189028 16.9749996205792 16.8899996224791 16.8449996234849 16.8399996235967 -9999 -9999 -9999 -9999 -9999 -9999 -9999 -9999 -9999 -9999 -9999 -9999 -9999 -9999 -9999 -9999 -9999
-9999 -9999 -9999 -9999 -9999 -9999 -9999 -9999 -9999 16.0349996415898 15.7849996471778 15.7749996474013 15.9499996434897 16.2949996357784 16.6449996279553 16.6249996284023 16.5749996295199 16.9199996218085 17.3949996111915 17.4649996096268 17.3249996127561 17.2799996137619 17.1949996156618 17.3249996127561 17.344999612309 17.4049996109679 17.4549996098503 17.5449996078387 17.6399996057153 17.7199996039271 17.5999996066093 17.4249996105209 16.9999996200204 16.9999996200204 16.5374996303581 16.8699996229261 16.8999996222556 16.9849996203557 17.0399996191263 16.9899996202439 16.9649996208027 16.9749996205792 16.8149996241555 16.7949996246025 16.8699996229261 -9999 18.7013400996075 19.9949995530769 -9999 -9999 -9999 -9999 -9999 -9999 -9999 -9999 -9999 -9999 -9999 -9999 -9999 -9999
-9999 -9999 -9999 -9999 -9999 -9999 -9999 -9999 -9999 15.6949996491894 15.9499996434897 16.0649996409193 16.3649996342137 16.5899996291846 16.8799996227026 16.8549996232614 16.5749996295199 16.5399996303022 17.4349996102974 17.364999611862 17.1899996157736 17.1899996157736 17.19999961555 17.1599996164441 17.1099996175617 17.3549996120855 17.4449996100739 17.4999996088445 17.5599996075034 17.7549996031448 17.819999601692 17.7099996041507 17.5699996072799 17.4549996098503 17.5399996079504 17.6199996061623 17.634999605827 16.5249996306375 16.5849996292964 16.7549996254966 16.6999996267259 17.137499616947 17.1816662826265 16.3433329680314 17.7899996023625 -9999 -9999 -9999 -9999 -9999 -9999 -9999 -9999 -9999 -9999 -9999 -9999 -9999 -9999 -9999 -9999 -9999
-9999 -9999 -9999 -9999 -9999 -9999 -9999 -9999 -9999 16.5649996297434 16.4399996325374 16.5099996309727 16.7499996256083 16.9549996210262 17.094999617897 17.0299996193498 16.9599996209145 16.9599996209145 17.1849996158853 17.2049996154383 17.0149996196851 17.1499996166676 17.4249996105209 17.4149996107444 17.4999996088445 17.4699996095151 17.3049996132031 17.3349996125326 17.3349996125326 17.4199996106327 17.4099996108562 17.3749996116385 17.5049996087328 17.6499996054918 17.674999604933 17.65499960538 17.5849996069446 17.3949996111915 16.8199996240437 16.6749996272847 16.4249996328726 16.9449996212497 16.7337496259715 16.7929996246472 -9999 -9999 -9999 -9999 -9999 -9999 -9999 -9999 -9999 -9999 -9999 -9999 -9999 -9999 -9999 -9999 -9999 -9999
-9999 -9999 -9999 -9999 -9999 -9999 -9999 -9999 15.1807139463989 16.5999996289611 16.7099996265024 16.6149996286258 16.65999962762 16.8249996239319 17.0149996196851 16.9649996208027 16.949999621138 16.9599996209145 16.949999621138 16.9249996216968 16.9049996221438 17.0599996186793 17.2549996143207 17.4649996096268 17.4649996096268 17.529999608174 17.4549996098503 17.3499996121973 17.3399996124208 17.2849996136501 17.384999611415 17.4049996109679 17.4749996094033 17.4299996104091 17.2799996137619 17.3799996115267 16.9899996202439 17.0899996180087 16.9399996213615 16.65999962762 16.3999996334314 16.2949996357784 16.20499963779 -9999 -9999 -9999 -9999 -9999 -9999 -9999 -9999 -9999 -9999 -9999 -9999 -9999 -9999 -9999 -9999 -9999 -9999 -9999
-9999 -9999 -9999 -9999 -9999 -9999 -9999 -9999 16.7149996263906 16.6949996268377 16.8949996223673 17.0049996199086 16.8649996230379 16.6299996282905 16.1799996383488 16.2149996375665 16.5249996306375 16.8549996232614 16.6249996284023 16.6549996277317 16.8199996240437 17.2999996133149 17.2949996134266 17.4099996108562 17.5399996079504 17.4749996094033 17.3299996126443 17.3999996110797 17.2699996139854 17.3949996111915 17.364999611862 17.3999996110797 17.2249996149912 17.2999996133149 17.4649996096268 17.2649996140972 17.3699996117502 17.4099996108562 17.1249996172264 16.5249996306375 16.5449996301904 16.4599996320903 16.2069996377453 -9999 -9999 -9999 -9999 -9999 -9999 -9999 -9999 -9999 -9999 -9999 -9999 -9999 -9999 -9999 -9999 -9999 -9999 -9999
-9999 -9999 -9999 -9999 -9999 -9999 -9999 16.307499635499 16.7699996251613 16.8149996241555 16.8599996231496 16.8849996225908 16.8999996222556 17.094999617897 16.8399996235967 16.7349996259436 16.5749996295199 16.7749996250495 17.2999996133149 17.054999618791 16.8599996231496 16.6849996270612 16.3849996337667 17.2249996149912 17.4549996098503 17.4849996091798 17.4749996094033 17.5149996085092 17.5149996085092 16.9699996206909 17.4399996101856 17.4949996089563 17.4599996097386 17.3899996113032 17.4149996107444 17.2799996137619 17.1399996168911 17.0899996180087 17.0299996193498 16.9199996218085 16.7499996256083 16.4119996331632 -9999 -9999 -9999 -9999 -9999 -9999 -9999 -9999 -9999 -9999 -9999 -9999 -9999 -9999 -9999 -9999 -9999 -9999 -9999 -9999
-9999 -9999 -9999 3.8400372271426 -9999 6.09168494954814 16.4449996324256 16.4199996329844 16.4499996323138 16.6449996279553 16.7549996254966 16.8949996223673 16.929999621585 16.9549996210262 17.094999617897 17.0199996195734 17.0499996189028 16.9999996200204 16.7599996253848 16.8349996237084 16.9599996209145 17.0249996194616 16.9999996200204 16.8949996223673 17.4049996109679 17.4049996109679 16.9949996201321 17.0149996196851 17.0349996192381 16.804999624379 16.5549996299669 16.784999624826 17.4699996095151 17.5199996083975 17.5199996083975 17.1099996175617 16.9649996208027 16.9849996203557 16.9799996204674 17.1749996161088 13.2949997028336 -9999 -9999 -9999 -9999 -9999 -9999 -9999 -9999 -9999 -9999 -9999 -9999 -9999 -9999 -9999 -9999 -9999 -9999 -9999 -9999 -9999
-9999 -9999 3.88019958557561 -9999 16.8733329561849 15.7349996482953 16.244999636896 16.65999962762 16.6999996267259 16.7149996263906 16.804999624379 16.8649996230379 16.8799996227026 16.9449996212497 16.9699996206909 17.0899996180087 17.1599996164441 17.3799996115267 17.4099996108562 16.7449996257201 17.1749996161088 17.4499996099621 17.4149996107444 17.1949996156618 17.1749996161088 17.2749996138737 17.2799996137619 17.1599996164441 17.1199996173382 17.1599996164441 17.1899996157736 17.0149996196851 17.0849996181205 17.4849996091798 17.4049996109679 17.074999618344 17.0849996181205 16.8216662906731 16.4139996331185 -9999 -9999 -9999 -9999 -9999 -9999 -9999 -9999 -9999 -9999 -9999 -9999 -9999 -9999 -9999 -9999 -9999 -9999 -9999 -9999 -9999 -9999 -9999
16.7749996250495 16.7749996250495 -9999 16.438332965908 15.4849996538833 16.0199996419251 16.65999962762 16.5899996291846 16.494999631308 16.6799996271729 16.9699996206909 16.8749996228144 16.8599996231496 16.929999621585 16.9749996205792 16.9849996203557 17.2649996140972 17.2949996134266 17.1299996171147 17.1649996163324 17.1549996165559 17.1499996166676 17.1549996165559 17.2249996149912 17.3999996110797 17.5249996082857 17.4849996091798 17.3149996129796 17.2499996144325 17.2299996148795 17.3949996111915 17.3899996113032 17.384999611415 17.3399996124208 17.344999612309 17.2149996152148 17.0399996191263 16.2349996371195 -9999 -9999 -9999 -9999 -9999 -9999 -9999 -9999 -9999 -9999 -9999 -9999 -9999 -9999 -9999 -9999 -9999 -9999 -9999 -9999 -9999 -9999 -9999 -9999
15.3729996563867 14.6674996721558 16.1179996397346 16.4099996332079 15.9049996444955 15.7599996477365 16.5499996300787 16.5649996297434 16.6299996282905 16.6299996282905 16.8399996235967 16.8749996228144 17.0099996197969 16.9749996205792 16.9149996219203 16.9949996201321 17.0799996182323 17.0499996189028 16.9199996218085 17.1599996164441 17.1699996162206 17.2549996143207 17.3149996129796 17.4349996102974 17.3599996119738 17.219999615103 17.4249996105209 17.4399996101856 17.1499996166676 17.2149996152148 17.364999611862 17.2599996142089 17.4199996106327 17.3799996115267 16.4849996315315 16.7299996260554 16.7749996250495 17.0316662859793 9.34399510430635 13.2399997040629 -9999 -9999 -9999 -9999 -9999 -9999 -9999 -9999 -9999 -9999 -9999 -9999 -9999 -9999 -9999 -9999 -9999 -9999 -9999 -9999 -9999 -9999
16.0674996408634 16.3349996348843 16.4999996311963 15.4549996545538 15.4549996545538 16.0249996418133 16.0699996408075 16.2099996376783 16.5049996310845 16.6949996268377 16.7949996246025 16.8949996223673 16.9049996221438 16.9249996216968 16.8249996239319 16.9199996218085 17.1349996170029 17.1899996157736 17.1399996168911 17.0499996189028 17.094999617897 17.1249996172264 17.1549996165559 17.3749996116385 17.2949996134266 17.3349996125326 17.1949996156618 16.8149996241555 16.7949996246025 16.8349996237084 16.7549996254966 16.6699996273965 16.5599996298552 16.3649996342137 18.901441621851 17.5617742167378 17.4688698727039 15.7909636619857 15.6905820038209 -9999 -9999 -9999 -9999 -9999 -9999 -9999 -9999 -9999 -9999 -9999 -9999 -9999 -9999 -9999 -9999 -9999 -9999 -9999 -9999 -9999 -9999 -9999
16.0199996419251 16.3524996344931 16.4899996314198 15.3699996564537 15.8899996448308 16.7899996247143 16.8699996229261 16.9649996208027 16.9399996213615 16.7149996263906 16.7399996258318 16.6549996277317 16.784999624826 16.9249996216968 17.0499996189028 17.1149996174499 17.0699996184558 17.1349996170029 17.0649996185675 17.0899996180087 17.1649996163324 17.1799996159971 17.239999614656 17.1299996171147 17.1399996168911 17.0349996192381 16.1049996400252 16.3449996346608 15.9249996440485 16.4699996318668 16.2849996360019 16.5449996301904 16.4749996317551 16.2849996360019 16.3449996346608 16.7266662927965 18.2449995921925 -9999 -9999 -9999 -9999 -9999 -9999 -9999 -9999 -9999 -9999 -9999 -9999 -9999 -9999 -9999 -9999 -9999 -9999 -9999 -9999 -9999 -9999 -9999 -9999 -9999
16.1949996380135 16.3574996343814 16.6524996277876 15.8799996450543 15.8749996451661 16.3849996337667 16.5549996299669 16.4449996324256 17.1299996171147 17.1049996176735 17.1149996174499 17.1099996175617 17.0649996185675 17.074999618344 17.0799996182323 17.1649996163324 17.1749996161088 16.5699996296316 16.9449996212497 17.1449996167794 16.9049996221438 16.4249996328726 16.5199996307492 17.054999618791 16.9199996218085 16.8899996224791 16.8099996242672 16.7349996259436 16.5549996299669 16.5049996310845 16.4849996315315 15.9359996438026 -9999 -9999 -9999 13.6052278061397 -9999 -9999 -9999 -9999 -9999 -9999 -9999 -9999 -9999 -9999 -9999 -9999 -9999 -9999 -9999 -9999 -9999 -9999 -9999 -9999 -9999 -9999 -9999 -9999 -9999 -9999
16.0166663086663 15.9533329767485 16.1149996398017 16.1266663062076 16.2433329702665 16.7574996254407 16.764999625273 16.9474996211939 16.6349996281788 16.6199996285141 16.7299996260554 16.9149996219203 17.0399996191263 17.1949996156618 17.0349996192381 17.1849996158853 16.7699996251613 16.929999621585 17.1599996164441 17.2949996134266 17.2549996143207 16.0949996402487 16.4299996327609 15.954999643378 15.499999653548 16.6549996277317 16.5949996290728 16.4449996324256 16.3399996347725 16.3449996346608 16.3999996334314 16.6524996277876 16.7449996257201 16.6649996275082 -9999 -9999 -9999 -9999 -9999 -9999 -9999 -9999 -9999 -9999 -9999 -9999 -9999 -9999 -9999 -9999 -9999 -9999 -9999 -9999 -9999 -9999 -9999 -9999 -9999 -9999 -9999 -9999
15.7966663135837 15.6149996509776 15.4733329874774 15.2599996589124 16.2316663038606 16.3583329676961 15.8399996459484 15.9099996443838 16.20499963779 16.6149996286258 16.8599996231496 16.8949996223673 17.0249996194616 17.0699996184558 16.3299996349961 17.0899996180087 17.239999614656 17.2249996149912 17.2249996149912 16.7149996263906 16.0749996406958 16.1149996398017 15.8599996455014 16.4199996329844 16.4199996329844 16.4249996328726 16.4399996325374 16.4849996315315 16.4149996330962 16.5049996310845 16.5749996295199 15.9887496426236 16.7299996260554 16.8124996242113 17.9027497486889 4.99999988824129 -9999 -9999 -9999 -9999 -9999 -9999 -9999 -9999 -9999 -9999 -9999 -9999 -9999 -9999 -9999 -9999 -9999 -9999 -9999 -9999 -9999 -9999 -9999 -9999 -9999 -9999
-9999 -9999 -9999 -9999 7.15999983996153 16.7349996259436 16.8249996239319 16.4349996326491 16.5899996291846 16.8499996233732 17.0199996195734 17.0099996197969 17.074999618344 17.1799996159971 17.3249996127561 17.4399996101856 17.3099996130913 17.2499996144325 17.239999614656 16.4249996328726 16.1099996399134 16.2599996365607 16.4049996333197 16.3349996348843 16.3199996352196 16.3549996344373 16.4049996333197 -9999 -9999 -9999 -9999 -9999 -9999 -9999 -9999 -9999 -9999 -9999 -9999 -9999 -9999 -9999 -9999 -9999 -9999 -9999 -9999 -9999 -9999 -9999 -9999 -9999 -9999 -9999 -9999 -9999 -9999 -9999 -9999 -9999 -9999 -9999
-9999 -9999 -9999 -9999 -9999 16.8383329569673 16.8649996230379 16.8099996242672 16.7899996247143 16.9949996201321 17.0349996192381 17.1599996164441 17.2599996142089 17.2499996144325 17.3599996119738 17.3599996119738 17.2949996134266 16.9249996216968 16.5749996295199 16.4849996315315 16.5299996305257 16.6449996279553 16.5499996300787 16.3949996335432 16.3599996343255 -9999 -9999 -9999 -9999 -9999 -9999 -9999 -9999 -9999 -9999 -9999 -9999 -9999 -9999 -9999 -9999 -9999 -9999 -9999 -9999 -9999 -9999 -9999 -9999 -9999 -9999 -9999 -9999 -9999 -9999 -9999 -9999 -9999 -9999 -9999 -9999 -9999
