EcologicalScience/Bass/data/rs_data_bass/sst_524.asc
NCOLS 226 
NROWS 124 
XLLCORNER -9.41648524995501 
YLLCORNER 47.587301625531 
CELLSIZE 0.0833 
NODATA_value -9999 
[rows 81 to 107 of 124, columns 62 to 123 of 226]
12.0642363629304 -9999 -9999 -9999 -9999 -9999 -9999 -9999 -9999 -9999 -9999 -9999 -9999 -9999 -9999 -9999 -9999 -9999 -9999 -9999 -9999 -9999 -9999 -9999 -9999 -9999 -9999 -9999 -9999 -9999 -9999 -9999 -9999 -9999 -9999 -9999 -9999 -9999 -9999 -9999 -9999 -9999 -9999 -9999 -9999 -9999 -9999 -9999 -9999 -9999 -9999 -9999 -9999 -9999 -9999 -9999 -9999 -9999 -9999 -9999 -9999 -9999
15.7999996468425 -9999 -9999 -9999 -9999 -9999 -9999 -9999 -9999 -9999 -9999 -9999 -9999 -9999 -9999 -9999 -9999 -9999 -9999 -9999 -9999 -9999 -9999 -9999 -9999 -9999 -9999 -9999 -9999 -9999 -9999 -9999 -9999 -9999 -9999 -9999 -9999 -9999 -9999 -9999 -9999 -9999 -9999 -9999 -9999 -9999 -9999 -9999 -9999 -9999 -9999 -9999 -9999 -9999 -9999 -9999 -9999 -9999 -9999 -9999 -9999 -9999
-9999 -9999 -9999 -9999 -9999 -9999 -9999 -9999 -9999 -9999 -9999 -9999 -9999 -9999 -9999 -9999 -9999 -9999 -9999 -9999 -9999 -9999 -9999 -9999 -9999 -9999 -9999 -9999 -9999 -9999 -9999 -9999 -9999 -9999 -9999 -9999 -9999 -9999 -9999 -9999 -9999 -9999 -9999 -9999 -9999 -9999 -9999 -9999 -9999 -9999 -9999 -9999 -9999 -9999 -9999 -9999 -9999 -9999 -9999 -9999 -9999 -9999
-9999 -9999 -9999 -9999 -9999 -9999 -9999 -9999 -9999 -9999 -9999 -9999 -9999 -9999 -9999 -9999 -9999 -9999 -9999 -9999 -9999 -9999 -9999 -9999 -9999 -9999 -9999 -9999 -9999 -9999 -9999 -9999 -9999 11.3199997469783 11.209999749437 11.1449997508898 -9999 -9999 -9999 -9999 -9999 -9999 -9999 -9999 -9999 -9999 -9999 -9999 -9999 -9999 -9999 -9999 -9999 -9999 -9999 -9999 17.2699996139854 11.1117190954275 10.6025177652948 10.4915692501236 10.3868602442089 9.82548370736185
-9999 -9999 -9999 -9999 -9999 -9999 -9999 -9999 -9999 -9999 -9999 -9999 -9999 -9999 -9999 -9999 -9999 -9999 -9999 -9999 -9999 -9999 -9999 -9999 -9999 -9999 -9999 -9999 -9999 -9999 -9999 -9999 -9999 16.7499996256083 11.3015699106036 11.4290734455455 11.8138431830332 11.3884090576321 10.8755421154201 13.15540939169 17.7669578323165 -9999 10.7714387323707 11.22391551245 11.384823132772 11.4099246067926 11.0922116641887 10.3839915043209 9.73027740232646 9.84263638127595 10.2810754608363 10.2387615474872 11.0091138320975 -9999 11.2660991371959 10.4343737486051 10.2482642483665 9.31646167347208 9.33080537291244 9.21605577738956 9.16800438426435 9.42762534413487
-9999 -9999 -9999 -9999 -9999 -9999 -9999 -9999 -9999 -9999 -9999 -9999 13.935235348264 14.1883248021394 10.7777499601245 10.5562951938482 9.11995299113914 10.586801168908 12.2020554083865 -9999 -9999 -9999 -9999 -9999 -9999 11.894999734126 -9999 11.0401986778847 10.9226801704186 10.7317066849209 10.2058905696031 10.1560462140478 10.5850184519775 11.2278620788961 16.5699996296316 -9999 12.1048768446781 11.0032807276584 11.0699789300561 11.0047150976025 11.2112643695436 11.0126041322947 10.4596545188688 10.3398846285418 10.5851618889719 10.2839442007244 10.1340525415726 10.4610888888128 10.0953245530836 10.2739036111161 10.0501418998465 10.5751212993637 9.83606218569912 10.4076586083975 9.80020293709822 9.63847772590816 9.46348459273577 9.21031829761341 9.13859980041161 10.0056764315814 9.14505446515977 9.04034545924515
-9999 -9999 -9999 -9999 -9999 -9999 -9999 -9999 -9999 16.4948031541747 11.7995801669022 11.6726832509157 10.3345057412516 10.2190389607567 10.1942960792221 10.1372798739467 10.468260738533 10.6826990451664 10.390804761555 10.234378750436 10.4476416705875 11.6709799366072 10.7773674614727 10.2520294694696 7.74510939978063 7.88998076412827 -9999 10.0130634367932 10.4058656459674 10.5313730160706 9.62987150624394 10.3807641719468 10.4503311142325 10.4947965824977 12.29423416829 16.3849996337667 15.8799996450543 10.1946546717081 10.9889370282181 11.2091128146276 10.6654866058379 10.6733756405301 10.4223609003238 10.0178685761057 9.95619066851214 10.0128482813016 10.0020905067213 10.0465559749864 10.069505894091 10.1283150617965 10.0946073681116 10.0989104779437 9.37025054637343 9.60333566227928 9.54380930960178 9.34730062726885 9.60871454956941 9.66573075484484 10.2724692411721 10.1778008248657 10.2803582758643 10.1799523797818
-9999 -9999 -9999 -9999 -9999 -9999 -9999 -9999 14.7849996695295 10.7115657402901 10.8988107834011 9.90025024069473 9.94256415404379 8.57525100489147 10.5048371721059 10.4001281661913 10.4022797211073 10.3362987036817 10.3535111430101 10.4324014899321 10.4840388079174 10.2117953925394 10.5249183513224 10.0379497553222 10.5844447039999 10.6977599295788 9.89379557594657 9.63345743110403 10.5177465016022 9.89164402103052 10.3678548424505 10.2459333972074 10.3700063973665 10.2731864261441 10.5048371721059 10.4252296402119 10.4639576287009 10.4969481374137 10.5177465016022 9.80988493422046 10.3829157268628 10.2602770966478 10.2574083567597 10.111102622468 10.1476790560409 10.0587481195107 9.72597429249436 9.77043976075947 9.37383647123352 9.75251013645902 9.50149539625272 9.55671863909811 10.3786126170307 10.2602770966478 9.86008788226172 9.91961423493922 9.96336251823232 10.3018738250248 10.3033081949688 10.2502365070395 10.2739036111161 10.2652973914519
-9999 -9999 -9999 -9999 -9999 -9999 -9999 -9999 11.1286088015186 10.0942487756256 9.9708929604385 9.94112978409976 10.7285988833755 10.3786126170307 10.1577196456492 10.4474623743445 10.4926450275816 10.2351756226271 10.4661091836169 10.4876247327775 10.5543229351752 10.2186803682707 10.429532750044 10.387936021667 10.3520767730661 10.5206152414903 10.5062715420499 10.3068941198289 10.1720633450896 10.2724692411721 10.189275784418 10.032212275546 10.4711294784211 10.4029969060794 10.0257576107979 10.4739982183091 10.5744041143917 10.788125236053 10.4065828309394 10.3377330736257 10.2351756226271 10.0580309345387 9.74390391679481 9.86654254700989 10.1161229172722 9.96479688817635 10.1656086803414 10.3556626979262 10.3205206342973 9.66859949473292 9.62341684149578 9.4806970320642 10.2997222701088 10.1032135877758 10.1053651426919 10.069505894091 10.2244178480469 10.310480044689 10.2896816805005 10.229438142851 10.3319955938496 10.3355815187097
-9999 9.40499978978187 -9999 -9999 -9999 -9999 -9999 9.59999978542328 12.0795960744144 9.84681996027939 10.6203039526008 10.5249183513224 10.5184636865743 9.67469556699507 9.69907985604368 10.2000335589983 10.3865016517229 10.3965422413312 10.5005340622738 10.5292214611545 10.2631458365358 10.309045674745 10.3700063973665 10.2839442007244 10.3750266921706 10.4653919986449 10.3570970678702 10.2043366688304 10.3119144146331 10.3972594263032 10.2903988654725 10.3219550042413 10.2803582758643 9.99707021191716 10.4123203107156 10.4783013281412 9.9985045818612 10.5636463398114 10.2401959174313 10.0035248766653 10.0214545009658 10.3241065591574 10.2868129406124 10.2229834781028 10.1921445243061 10.2258522179909 10.3420361834578 10.0946073681116 10.3965422413312 10.4940793975256 10.7121036290191 10.5672322646715 10.5342417559586 10.6719412705861 10.2574083567597 10.3355815187097 10.3621173626743 10.3771782470867 10.4503311142325 10.4194921604358 10.5134433917701 10.4029969060794
10.7727057591546 10.6601077185478 10.6841334151104 10.4517654841766 13.174939957928 -9999 16.1899624452926 10.7332605856936 10.3205206342973 10.3248237441294 10.4352702298202 10.6575975711457 9.79267249489203 10.1799523797818 10.2100741486065 10.4173406055197 10.4861903628334 10.5385448657908 10.4173406055197 10.2480849521235 10.4259468251839 10.5679494496435 10.5242011663504 10.5313730160706 10.6389507618733 10.748680062592 10.7156895538792 10.5521713802591 10.3922391314991 10.3176518944092 10.1476790560409 10.3635517326184 10.4553514090367 10.4359874147922 10.2129428884946 10.4531998541206 10.6081118080765 10.5822931490839 9.87299721175805 10.2925504203886 10.7264473284595 10.7415082128718 10.3004394550808 10.3721579522826 10.2516708769836 10.2115085185505 10.1785180098377 10.5930509236641 10.5751212993637 10.587313443888 10.586596258916 10.5772728542797 10.6109805479646 9.95117037370801 10.5449995305389 10.3291268539615 10.4589373338968 10.6590319410898 10.6367992069572 10.4237952702679 10.2961363452487 10.3743095071986
10.6339304670691 10.5962782560382 10.2502365070395 10.3829157268628 10.4331186749041 10.4194921604358 10.2875301255845 10.3327127788216 10.2782067209482 10.4553514090367 10.0616168593988 9.94184696907178 9.9705343679525 10.0903042582795 10.3951078713872 10.6210211375728 10.6160008427687 10.6217383225448 10.6389507618733 10.5923337386921 10.6102633629926 10.7113864440471 10.7838221262209 10.8361766291782 10.7156895538792 10.8096407852136 10.788125236053 10.6855677850544 10.7924283458851 10.4618060737848 10.2760551660322 10.4481795593165 10.3549455129541 10.1950132641941 10.4904934726655 10.4324014899321 10.1684774202295 10.4747154032812 10.8039033054374 10.6977599295788 10.0766777438112 10.1785180098377 10.2975707151927 10.1024964028038 10.149113425985 10.3033081949688 10.4732810333371 10.788125236053 10.4639576287009 10.310480044689 10.550019825343 10.5959196635522 10.507705911994 10.7623065770604 10.709234889131 10.6016571433283 10.6418195017613 10.3190862643532 10.4173406055197 10.7415082128718 10.3700063973665 10.5701010045595
10.5683080421295 10.4151890506037 10.5338831634726 8.85029144166037 10.4481795593165 10.2896816805005 10.3836329118349 10.2265694029629 10.1656086803414 10.2531052469276 10.1240119519643 10.2172459983267 10.2617114665918 10.2767723510042 10.2939847903326 10.4603717038408 10.4582201489247 10.3334299637936 10.7443769527599 10.5650807097554 10.5263527212664 10.6604663110338 10.7795190163888 10.8698843228631 10.8483687737025 10.8447828488424 10.8985717217438 10.9265419356525 10.8957029818557 10.8569749933667 10.8806420974433 10.8591265482828 10.9021576466039 10.7221442186274 10.2939847903326 10.3355815187097 10.469695108477 10.6203039526008 10.4575029639527 10.0960417380556 9.99491865700111 10.2344584376551 9.43408000888303 9.77689442550763 9.96407970320433 10.1842554896139 10.4194921604358 10.2323068827391 10.3714407673106 10.5227667964064 10.5629291548394 10.3190862643532 10.2896816805005 10.629627357237 10.7142551839352 10.7623065770604 10.9279763055965 10.6446882416494 10.6920224498026 10.8569749933667 10.7214270336553 10.7436597677879
8.43647571280599 8.37910091504455 10.5367519033607 10.6303445422091 10.5916165537201 10.4761497732252 10.6712240856141 10.4596545188688 10.4223609003238 10.4019211286213 9.99778739688918 10.190710154362 10.2789239059202 10.6848506000824 10.5801415941678 10.3327127788216 10.2602770966478 10.468260738533 10.6210211375728 10.4395733396523 10.5170293166302 10.6963255596347 10.8031861204654 10.6174352127127 10.6432538717054 10.82613603957 10.9552293345332 10.9753105137497 10.8863795772195 10.9258247506805 10.9000060916878 10.8526718835346 10.8340250742622 10.9372997102328 10.5564744900912 10.4144718656316 10.429532750044 10.4553514090367 10.3513595880941 10.0838495935313 9.95977659337223 10.0587481195107 10.0903042582795 10.1405072063208 10.0910214432515 10.0544450096786 9.97770621767268 9.11923580616713 10.785973681137 10.6575975711457 10.7967314557172 10.5679494496435 10.746528507676 10.7336191781797 10.7680440568365 10.4912106576376 10.5930509236641 10.8627124731429 10.6633350509219 10.7379222880118 11.1087069185451 11.0025635426864
9.72023681271821 8.64589372463524 9.1859340085648 8.74271369585767 10.7422253978439 10.6547288312577 8.78717916412279 10.5693838195875 10.6310617271811 10.5966368485242 10.2423474723473 11.3927121674642 10.6439710566774 10.8132267100736 10.3614001777023 10.2954191602767 10.4037140910514 10.3255409291014 10.5134433917701 10.4947965824977 10.5435651605949 10.8512375135906 10.7350535481237 10.7278816984035 10.9781792536378 10.8799249124713 10.9043092015199 10.9043092015199 10.9043092015199 10.9595324443653 11.0470290109515 10.9788964386098 10.8225501147099 10.4955137674697 10.5851618889719 10.4187749754637 10.3011566400528 10.269600501284 10.0221716859378 10.1376384664327 10.3004394550808 10.2115085185505 9.92535171471536 10.1641743103974 10.1448103161529 9.94041259912774 9.72310555260628 9.70732748322189 10.231589697767 10.7006286694668 10.8799249124713 10.8225501147099 10.8598437332548 10.8526718835346 10.6116977329366 11.1689504561946 10.9824823634699 11.025513461791 11.0484633808956 10.9702902189456 11.2614673175849 11.227042438928
10.427022602642 10.3441877383739 10.1290322467685 10.8024689354934 9.49934384133667 9.51870783558115 10.8082064152695 10.4775841431692 10.6253242474049 10.587313443888 10.6231726924889 11.2593157626688 10.9918057681061 10.8541062534787 10.7780846464448 10.785973681137 10.3857844667509 10.3398846285418 10.1283150617965 10.4962309524417 10.6454054266214 10.6497085364535 10.8455000338145 10.9609668143094 11.0556352306157 10.9659871091135 10.906460756436 10.9688558490016 10.9932401380502 10.9566637044773 11.0312509415671 11.026947831735 10.9322794154286 10.8885311321355 10.9229560107924 10.430249935016 10.1075166976079 10.2552568018436 10.1706289751455 10.1971648191102 10.1670430502854 10.1333353566006 10.1046479577199 10.0193029460497 10.0121310963295 10.2129428884946 10.2817926458083 10.4826044379734 10.6812646752223 10.7329019932076 10.908612311352 10.8125095251016 9.66501356987283 10.9186529009603 10.98606828833 10.9918057681061 11.424268306233 11.1689504561946 11.1036866237409 11.4938352485187 11.344660774339 12.2602528594982
10.66978971567 10.7314676232636 10.4324014899321 10.8749046176672 10.6633350509219 10.747245692648 10.7766502765007 10.8490859586746 9.95224615116604 10.2566911717877 9.97842340264469 10.6116977329366 10.9258247506805 10.8842280223034 10.8132267100736 10.6396679468453 10.5234839813784 10.4790185131133 10.745811322704 10.7565690972842 10.4840388079174 10.8433484788984 10.7701956117526 10.9165013460442 11.0004119877703 11.0140385022387 10.8878139471635 10.9745933287777 11.0606555254199 11.2471236181445 10.826853224542 11.2040925198235 10.906460756436 11.1495864619501 10.7407910278998 10.7544175423682 11.0190587970428 10.8820764673874 10.10823388258 9.84072388801724 10.0092623564415 10.031495090574 10.3427533684298 10.5406964207068 10.3556626979262 10.2265694029629 10.2150944434106 10.4933622125536 10.3929563164711 11.1180303231813 11.2600329476409 10.8813592824154 11.2571642077528 10.7042145943269 11.1287880977616 11.106555363629 12.0584032584913 17.1499996166676 -9999 -9999 -9999 -9999
10.4410077095963 10.6210211375728 10.9100466812961 10.9982604328543 10.9925229530782 10.7235785885714 10.6002227733843 10.587313443888 10.9136326061562 10.8139438950457 11.0613727103919 9.78263190528378 10.6791131203063 10.6812646752223 10.5657978947274 10.5378276808187 10.6160008427687 10.6181523976848 10.5399792357348 10.5557573051192 10.7587206522003 10.8239844846539 10.7759330915287 10.8146610800177 10.9559465195052 10.9279763055965 10.8218329297379 10.7694784267806 10.8885311321355 11.3123874505982 10.66978971567 11.3597216587514 11.2213049591519 11.026230646763 10.8304391494021 10.9165013460442 10.6877193399705 10.2244178480469 10.7816705713049 10.2868129406124 10.031495090574 10.2043366688304 10.4947965824977 10.4833216229454 10.5657978947274 10.6583147561178 10.4768669581972 10.5672322646715 10.8906826870516 11.506027393043 11.5325632370077 11.3324686298147 11.226325253956 10.50985746691 16.1264372430742 13.8649996900931 -9999 -9999 -9999 -9999 -9999 -9999
10.5048371721059 10.7221442186274 10.3011566400528 11.1036866237409 10.9545121495612 11.0111697623506 10.9358653402887 10.8813592824154 10.8784905425273 10.8010345655493 10.7988830106333 11.025513461791 10.4159062355757 9.64278083574027 10.0329294605181 10.7142551839352 10.8074892302975 10.7902767909691 10.7723471666686 10.6999114844948 10.66620379081 10.7393566579558 10.8964201668277 10.9200872709043 10.7816705713049 10.6805474902503 10.8368938141502 10.9165013460442 11.0699789300561 16.1749996384606 -9999 16.7249996261671 16.7249996261671 -9999 -9999 16.8099996242672 11.0384227912873 11.0936460341327 10.9344309703447 9.9188970499672 9.89236120600253 10.3205206342973 10.6726584555581 10.4316843049601 10.5306558310986 10.7027802243829 10.7314676232636 10.6231726924889 10.6812646752223 11.7721030176617 11.54403819656 11.2915890864097 11.2786797569133 -9999 -9999 -9999 -9999 -9999 -9999 -9999 -9999 -9999
11.107989733573 11.0126041322947 10.5571916750632 10.9674214790575 10.5688459308585 10.5672322646715 10.7960142707452 11.027665016707 10.9602496293373 10.7379222880118 10.5901821837761 10.2609942816198 10.4833216229454 10.2853785706684 10.5665150796995 10.5048371721059 10.2825098307803 10.8376109991223 10.8634296581149 10.90789512638 10.8182470048778 11.0563524155878 10.9208044558764 10.8992889067158 10.7895596059971 10.5227667964064 10.9215216408484 10.7931455308571 11.0463118259795 11.3449997464195 -9999 -9999 -9999 -9999 16.3799996338785 11.4845770425163 11.422833936289 11.3633075836115 11.0793023346923 10.7407910278998 10.5134433917701 10.5012512472458 10.5363933108747 10.6403851318173 10.7558519123122 10.8619952881709 11.0341196814552 11.0577867855318 11.6946470406838 11.6853236360475 11.6401409828104 11.4450666704215 11.5142301961605 -9999 -9999 -9999 -9999 -9999 -9999 -9999 -9999 -9999
11.1897488203831 11.1015350688249 10.7522659874521 10.7538796536392 10.6805474902503 10.6819818601944 10.8003173805773 10.8985717217438 11.0183416120708 11.0470290109515 11.0484633808956 11.0455946410075 11.1201818780974 10.746528507676 10.9724417738616 10.8949857968837 10.8433484788984 10.6991942995228 10.2136600734666 11.2218940753789 11.0267919219585 11.1208990630694 10.9494918547571 10.5787072242238 10.7988830106333 11.2327799187042 11.2499923580326 11.0491805658676 11.4321573409252 12.7799997143447 -9999 -9999 -9999 -9999 -9999 17.1549996165559 11.6774346013553 11.6530503123067 11.2679219823331 10.9989776178263 10.9301278605126 11.1940519302152 11.1581926816143 10.8727530627511 10.8885311321355 11.2435376932845 11.0965147740208 11.1954863001592 11.8925900929607 11.8194372258149 11.8294778154232 11.598400817439 11.7116204183549 19.2699995692819 -9999 -9999 -9999 -9999 -9999 -9999 -9999 -9999
10.7273438096745 10.6712240856141 10.7199926637113 10.8230880034389 10.8598437332548 10.90789512638 10.865581213031 10.9344309703447 11.1316568376496 11.1323740226217 10.8734702477232 10.9294106755406 10.9172185310163 10.6991942995228 10.8096407852136 10.8835108373314 10.7802362013608 10.8512375135906 10.8383281840943 10.8827936523594 10.9014404616319 10.905743571464 11.3023468609899 11.2019409649074 11.1610614215024 11.4006012021564 11.3339029997587 11.6430097226985 11.981521029491 8.74486525077373 15.5699996519834 24.7149994475767 -9999 -9999 -9999 -9999 12.7919113604724 11.0637035615509 13.1231073805504 11.7348093991168 10.838806307409 11.584917739965 11.8481246246956 12.0833612955175 11.8595995842479 11.6587877920829 11.5476241214201 11.3941465374082 12.2899105674587 12.6685842326842 12.4419537815265 12.5552690071054 12.6768916252768 9.86999977938831 -9999 -9999 -9999 -9999 -9999 -9999 -9999 -9999
10.5686666346155 10.8827936523594 10.6740928255022 10.8460379225435 10.7436597677879 10.868449952919 10.9136326061562 11.1259193578735 10.9946745079942 10.7687612418085 10.984633918386 10.9745933287777 11.0527664907277 10.8856623922475 10.9918057681061 10.9372997102328 10.7673268718645 10.8605609182268 10.9545121495612 11.0728476699442 10.8856623922475 10.867015582975 11.4622791097499 11.4529557051137 11.6365550579503 11.7685170928016 11.5296944971196 11.6523331273347 11.0556352306157 11.1438489821739 16.4899996314198 -9999 -9999 -9999 -9999 -9999 -9999 -9999 -9999 -9999 -9999 -9999 -9999 -9999 -9999 -9999 11.6351206880063 11.9908444341272 12.221060810145 12.8439359583426 14.3126997915614 14.1549996836111 -9999 -9999 -9999 -9999 -9999 -9999 -9999 -9999 -9999 -9999
10.5801415941678 10.6497085364535 10.5363933108747 10.868629249162 10.6767822691472 10.7701956117526 10.8978545367718 11.3582872888073 11.0161900571547 11.1015350688249 11.1388286873698 11.0118869473226 10.9659871091135 10.9380168952048 10.9121982362121 10.8541062534787 10.8031861204654 10.9329966004007 10.9165013460442 10.9724417738616 10.9996948027983 11.22417369904 11.1366771324538 11.544755381532 17.6527744354558 16.804999624379 8.59497359162197 11.8402355900034 12.0102084283717 12.0855128504336 12.2931378998328 17.2049996154383 16.5604689836939 -9999 -9999 -9999 -9999 -9999 -9999 -9999 -9999 -9999 -9999 -9999 -9999 -9999 -9999 -9999 -9999 -9999 -9999 -9999 -9999 -9999 -9999 -9999 -9999 -9999 -9999 -9999 -9999 -9999
11.0068666525185 10.9831995484419 10.8906826870516 10.9588152593933 11.1596270515583 11.1911831903271 11.2600329476409 11.1639301613905 11.2320627337322 11.265770427417 11.2421033233404 11.1617786064744 11.1732535660267 11.0613727103919 11.0549180456437 11.0807367046364 10.8985717217438 10.945905929897 10.9193700859323 11.2291939938441 11.3482466991991 11.3532669940032 11.2005065949634 11.2148502944037 11.4414807455614 11.3984496472403 11.424985491205 11.7491530985571 11.8588823992759 11.9549851855263 12.2024140008725 12.8270821115002 7.71999982744455 -9999 -9999 -9999 -9999 -9999 -9999 -9999 -9999 -9999 -9999 -9999 -9999 -9999 -9999 -9999 -9999 -9999 -9999 -9999 -9999 -9999 -9999 -9999 -9999 -9999 -9999 -9999 -9999 -9999
11.3303170748986 11.2499923580326 11.0735648549162 11.2456892482005 11.2693563522771 11.185445710551 11.1904660053551 11.2349314736202 11.3367717396468 11.3073671557941 11.3195593003184 11.2679219823331 11.066393005196 11.1653645313345 11.0190587970428 11.2600329476409 10.9559465195052 10.9839167334139 11.1919003752992 11.3948637223803 11.422833936289 11.4163792715408 11.6552018672228 11.3582872888073 11.8115481911227 11.6724143065512 11.6587877920829 12.0948362550698 12.0869472203776 12.2024140008725 12.9884487302043 14.1708476874046 -9999 -9999 -9999 -9999 -9999 -9999 -9999 -9999 -9999 -9999 -9999 -9999 -9999 -9999 -9999 -9999 -9999 -9999 -9999 -9999 -9999 -9999 -9999 -9999 -9999 -9999 -9999 -9999 -9999 -9999
11.0821710745804 11.2571642077528 11.1818597856909 11.4529557051137 11.385540317744 11.346812329255 11.3317514448427 11.3661763234995 11.4988555433229 11.2693563522771 11.5949583295733 11.5375835318118 11.6523331273347 11.7649311679415 11.5641193757765 11.462996294722 11.1940519302152 11.0821710745804 11.1761223059148 11.1725363810547 11.3367717396468 11.6014129943214 11.6028473642655 11.8431043298915 12.1306955036707 11.94207585603 11.7498702835292 12.2425763593055 12.4670552555472 12.5538346371613 12.660695197992 13.0078127244487 13.4677545150862 13.3949997005984 -9999 -9999 -9999 -9999 -9999 -9999 -9999 -9999 -9999 -9999 -9999 -9999 -9999 -9999 -9999 -9999 -9999 -9999 -9999 -9999 -9999 -9999 -9999 -9999 -9999 -9999 -9999 -9999
