EcologicalScience/Bass/data/rs_data_bass/sst_378.asc
NCOLS 226 
NROWS 124 
XLLCORNER -9.41648524995501 
YLLCORNER 47.587301625531 
CELLSIZE 0.0833 
NODATA_value -9999 
[rows 54 to 80 of 124, columns 124 to 185 of 226]
4.38509780587628 4.60527359228581 5.69790489715524 5.67459638556466 2.83024078654125 1.4776299293153 1.44392223563045 1.08676411956549 1.09178441436961 5.4174855730962 5.40457624359988 2.76210821419954 3.27991576399654 3.35952329589054 3.45275734225288 3.2942594634369 3.64496291475371 3.66719564888626 1.81757560605183 4.11938077374361 4.68798892572522 4.6975513920188 4.7905463767238 3.89777061739005 3.83967863465659 3.96195867238566 3.87326679751277 4.01718191523105 4.79317605495453 4.67794833611697 4.64089377922937 4.63898128597066 4.79269793163985 4.90816471213475 4.89908036915585 4.68679361743852 4.90744752716273 4.79341511661187 5.24177525495179 5.30560471746139 3.76879685325548 3.82766578637529 3.22636595275253 3.25983458478004 5.25074006710202 3.49196345405653 3.7604296952486 4.30907619884238 3.86155277630314 3.53630939149298 3.39466535951942 3.36131625832058 13.7836787954272 6.68654438108206 9.03604234941304 6.79699086677283 3.04826501803473 8.66319053866627 6.83281236879626 17.441450221464 18.0049443923163 17.9817424893027
3.73747977614403 4.64973906055093 3.94618060300127 3.69014556799084 5.30524612497538 2.46662800572813 2.60863063018769 1.9717703750357 1.5694296057336 1.32773827016354 2.99304177518934 3.91211431683041 3.7482375507243 3.3817560300231 3.55746634816751 3.78122805943713 3.42191838845611 3.50511184521019 4.65296639292501 4.64973906055093 4.37111269892193 4.94163334416226 4.0630817534402 3.96303444984369 3.94402904808521 4.42490157182328 4.21894995402545 4.81230098754168 4.87876012828201 4.77500736899674 4.14699239516631 4.97175511298701 5.03223771229386 4.89262570440769 4.98729412071407 4.78409171197563 4.68774986406788 4.20436719292775 4.22277494054288 4.14436271693558 3.86035746801645 3.99710073601454 5.35078737069853 2.40399385150522 2.35116122523323 2.48360138339922 3.64030121243559 3.60013885400258 3.56965849269181 3.4775002237875 7.50284431623295 7.33115023393184 7.43844110574573 6.81157362787053 6.12445065926295 9.04464856907725 17.476465723039 16.531618332347 -9999 -9999 -9999 -9999
3.65930661419407 4.53857538988814 3.93111971858889 3.71381267206743 3.55603197822347 2.80370494257659 2.22063356032595 2.55771049717441 2.60934781515971 3.42478712834418 5.64519180171192 4.22444837214425 3.71094393217936 3.90816979948431 5.73896373680327 5.09989216132089 5.23926510754973 5.00689717661589 5.02536468964536 4.65153202298097 4.94880519388244 1.66338083706796 4.15296893659979 4.21225622761995 4.20699687115848 5.41228598204907 5.5767006368842 4.59164707781747 5.1783043849282 5.17926063155755 5.17734813829884 5.05351419979706 4.90625221887603 5.09032969502732 5.16467787045985 5.04347361018881 4.87493514176458 4.60240485239774 4.45681630307809 4.35139011219144 4.4070914783515 4.19623909657821 5.17973875487223 6.08898586239666 2.70043030660599 2.65333516011015 5.81301308516413 6.45833612298593 7.11637724097818 6.97867772635072 3.23172093387693 3.09172642733902 4.88587221258786 6.94688252592459 6.0596114758059 -9999 -9999 -9999 -9999 -9999 -9999 -9999
3.53021331923082 3.84720907686278 4.20006408309564 5.1506927635055 5.17256690515205 2.64520706376061 4.94521926902235 2.45443586120382 2.57133701164275 2.85534226056188 4.31517227110453 3.38032166007906 3.69014556799084 4.06021301355213 5.21488081850111 5.48292870179284 3.87804803065956 4.80196157086175 3.23975340556353 4.8665679837577 5.02339243097231 5.03319395892322 5.5806451542303 5.41067231586203 5.34493036009371 5.54514449811541 2.51467939885333 2.73987548006698 2.40495009813458 5.41246527829207 5.73842584807426 5.68224635859951 5.53307188441977 5.22372609982267 5.4572893390432 5.52183598652482 5.3497115932405 5.23328856611624 5.94052857318893 4.75134026492015 4.65093436883762 4.65045624552295 4.89394054352306 6.01927548311651 5.97495345184579 5.83859268249944 6.1784700559053 6.30686665689573 7.69275489682332 4.055192718748 7.19475958187832 5.20860544999596 5.33662296750117 8.84012428999824 18.9949995754287 -9999 -9999 -9999 -9999 -9999 -9999 -9999
3.71596422698349 3.73317666631192 3.73532822122797 4.91007720539346 4.74799340171739 4.80465101450682 5.97760703624226 5.24643695726991 3.1666005384177 3.36024048086256 3.56750693777576 3.75756095536053 4.79640338732861 4.51562547078356 5.27225561626256 3.81278419820592 5.60341577709187 4.99374878546223 3.38534195488319 3.20676289685071 2.80513931252062 5.24141666246578 4.65475935535505 5.5739514278248 0.792001096066087 0.751838737633079 5.77141635678709 5.71422085526865 5.66778312833048 3.75182347558439 5.69109163992107 5.76711324695498 5.78050069976598 5.71523686731234 4.96147546172142 5.70017598289996 5.11519210739061 4.88330229977146 5.27392904786393 5.02721741748974 4.9966175253503 5.09941403800622 5.77643665159121 4.85664692497812 5.940432948526 7.21826531933621 6.08778457756853 6.99732453562319 7.29830316221341 4.36621193494648 4.3566494686529 4.76066366955638 6.52958332720612 16.1169530151412 15.2549996590242 -9999 -9999 -9999 -9999 -9999 -9999 -9999
7.69798612838392 5.70453885814641 3.74967192066833 5.00653858412988 5.02375102345832 4.01216162042692 4.83226263592951 4.86597032961436 5.01012450898997 3.41976683354005 3.41904964856803 4.99972532689571 5.73143329459708 4.74297310691327 3.87015899596736 5.29592272033915 5.51968443160877 3.81601153058 3.67508468357846 5.06463056686334 4.9911191072315 4.76628161850385 5.58255764748901 4.59917752002366 4.46781313931569 0.876628922764212 5.81516464008018 5.75516016408801 5.84026611410081 5.63036997895688 5.5806451542303 5.73483992321417 5.76161482883617 5.81396933179349 5.7094993875362 5.67961668036878 5.64686523331329 5.54406872065738 5.40110984956846 5.21392457187176 4.94952237885445 5.10802025767043 6.0121514457278 5.68076417632401 6.42835779115558 5.92516978117279 6.66853506956249 6.42664758083769 5.59032715135254 7.11918621545192 5.61435284791514 5.64782147994265 5.76615700032562 2.94570756703615 17.5999996066093 -9999 23.7447889405303 -9999 -9999 -9999 -9999 -9999
-9999 -9999 -9999 -9999 -9999 13.2249997043982 5.67190694191959 4.91689046262763 4.76054413872771 4.41450238972902 3.49005096079782 3.11352885048836 5.62726217741147 5.64393672801089 3.75971251027659 4.84804070531391 4.59559159516357 5.48382518300787 5.44366282457486 5.4212507941993 4.92226934991777 5.67101046070457 1.96531571028754 5.77822961402126 5.82914974703453 5.75802890397608 3.55579291656613 4.1387447679881 5.87289803032763 5.83022552449256 4.28756064968184 4.70878728991374 5.05877355625853 5.78540146374144 5.73806725558825 5.16467787045985 5.32006794773042 5.49673451250419 5.41760510392487 3.91629789583385 5.05470950808376 5.74602800877765 5.16682942537591 6.34631183035672 6.41673939460888 10.3745463676628 -9999 18.0988586600004 7.61845550948412 18.3349995901808 5.61722158780321 4.63372192950919 4.67555771954358 7.25455487892032 5.37499987985939 5.37499987985939 10.3986531049013 -9999 -9999 -9999 -9999 -9999
-9999 -9999 -9999 -9999 -9999 -9999 -9999 8.3365877836477 5.77028935183106 5.68714712257497 4.41127505735494 4.36250647925772 4.37326425383799 4.41880549956113 3.89526046998799 3.48503066599369 3.16014587366953 3.28780479868874 2.82629626919515 4.70496230339631 5.66527298092842 2.84028137614951 5.73292742995545 5.31337422132492 6.04107790626585 5.94832198321819 5.97844375204295 6.05948565388098 6.0708410826046 6.13825646997429 4.47092094086111 4.88545385468751 5.02004556776956 5.04992827493697 6.24131595045328 5.12236395711079 4.90649128053337 6.13474226361141 4.8051291378215 4.57778150169179 4.98777224402875 5.01980650611222 4.43506169226021 4.42932421248406 7.3493129433482 16.0299996417016 -9999 -9999 -9999 -9999 -9999 -9999 -9999 -9999 -9999 -9999 -9999 -9999 -9999 -9999 -9999 -9999
-9999 -9999 -9999 -9999 -9999 -9999 -9999 -9999 12.9699997100979 8.65465093060936 5.68302330898587 4.75516525143757 3.4298074231483 5.10945462761447 4.39155247062445 4.12368388357572 3.40398876415566 3.45992919197306 3.46638385672122 3.31649219756946 3.10994292562827 3.0152745093219 5.57682016771287 4.34852137230337 6.00163273280486 5.67459638556466 6.19527267524973 6.28151416813489 6.21947766805533 5.06498915934935 5.11901709390804 5.01645964290947 4.99279253883287 5.16874191863462 6.22266914118081 6.07994933174923 6.0868343074806 6.03189793862402 4.29831842426211 4.43243201402947 4.41641488298774 4.40852584829554 4.51060517597944 6.05542160570621 5.66742453584448 7.66999982856214 -9999 -9999 -9999 -9999 -9999 -9999 -9999 -9999 -9999 -9999 -9999 -9999 -9999 -9999 -9999 -9999
-9999 -9999 -9999 -9999 -9999 -9999 -9999 -9999 -9999 13.509999698028 5.57401119323913 5.54012420331128 5.46858500235248 5.47396388964262 5.46464048500638 5.48794899659697 5.49673451250419 5.51609850674868 5.79311120219063 3.74465162586421 3.46996978158131 3.40829187398776 4.87099062441848 5.69443850312382 4.94199193664826 5.0588930870872 4.95023956382647 6.17268134863116 4.93517867941409 4.7759636156261 4.94713176228106 4.98753318237141 5.02219712268561 5.19981993408874 6.11236609248444 5.85704824244604 6.03132419064641 5.91184117430821 5.90294808065519 5.86852320199832 6.00880458252504 5.92274238588288 5.97667469577864 5.97853937670588 16.0516719456238 -9999 -9999 -9999 -9999 -9999 -9999 -9999 -9999 -9999 -9999 -9999 -9999 -9999 -9999 -9999 -9999 -9999
-9999 -9999 -9999 -9999 -9999 -9999 -9999 -9999 -9999 15.8349996460602 3.55890071811154 2.93997008726001 5.4294984213775 4.77417065319605 3.28995635360479 4.81325723417103 4.82688374863937 5.57150104583707 4.90433972561732 4.67591631202959 4.69205297389999 5.00617999164388 4.81827752897516 4.80680256942287 4.69157485058531 5.5609225674998 4.88999602617696 5.65415661386214 5.71189000410959 4.92131310328841 4.55339721264318 6.24275032039732 6.11236609248444 5.12499363534153 5.27416810952127 4.97295042127371 5.99144870620221 4.78600420523435 5.88444470837712 5.93292641248554 5.74660175675526 5.8715353788808 5.15846226736903 5.86092104129493 9.06890369279842 3.43639192310692 9.85848173148607 -9999 -9999 -9999 -9999 -9999 -9999 -9999 -9999 -9999 -9999 -9999 -9999 -9999 -9999 -9999
-9999 -9999 -9999 -9999 -9999 -9999 -9999 -9999 -9999 7.8921794788486 5.47252951969858 2.56775108678266 2.74991606967524 4.93087556958199 4.87326171016321 3.27991576399654 3.21752067143098 4.81469160411507 5.72587511106394 4.97558009950444 5.10335855535232 5.76101717469282 6.3494674442336 6.3537705540657 6.02565842936747 6.42429374298081 6.26053650770336 6.38209936046042 5.97175002563745 6.65742667121813 5.26269314996898 4.26556697720662 5.3721833890304 4.87326171016321 4.83740246156231 4.21082185767591 4.73914812039584 4.70878728991374 4.87852106662467 4.65691091027111 5.89175999509171 5.94124575816095 5.98026062063873 13.5376744985831 17.5449996078387 -9999 -9999 -9999 -9999 -9999 -9999 -9999 -9999 -9999 -9999 -9999 -9999 -9999 -9999 -9999 -9999 -9999
-9999 -9999 -9999 -9999 -9999 -9999 -9999 -9999 -9999 2.78147220844403 5.18404186470434 5.42806405143347 5.42035431298427 5.45029678556602 3.6248817355372 3.91534164920449 5.20412304392084 5.32998900651 5.43864252977073 5.54980620043352 6.12104403064586 6.30320901353844 6.48250525654294 6.06653797277249 6.16981260874309 6.21296323789284 6.10227769054472 5.99207026651129 5.95453758630902 5.95286415470764 5.89596748026088 5.93493453040719 5.98528091544285 6.08353525660932 5.29735709028319 4.88736634794623 4.78839482180774 5.04395173350349 5.20986052369699 4.8677632920444 4.92776776803657 5.03080334234983 5.263410334941 9.49529891809449 -9999 -9999 -9999 -9999 -9999 -9999 -9999 -9999 -9999 -9999 -9999 -9999 -9999 -9999 -9999 -9999 -9999 -9999
-9999 -9999 -9999 -9999 -9999 -9999 -9999 -9999 9.09301871107891 5.46894359483849 5.43882182601374 5.33034759899601 5.3936391727766 5.41533401818015 4.93661304935813 5.00402843672782 4.42023986950517 4.17352823913097 3.93685719836503 6.03677479643375 6.45847955998033 6.54812768148258 6.42297890386544 6.07406841497868 6.06080049299635 6.2820520568639 6.2619708776474 6.08673868281767 6.00784833589569 6.04394664615393 6.06402782537043 5.86584571143612 5.82687866128981 5.59355448372662 5.9274758066982 6.02486952589825 5.16443880880252 5.24404634069651 5.95888850847259 5.14077170472592 5.27177749294788 6.30342416903004 12.0928717918856 -9999 -9999 -9999 -9999 -9999 -9999 -9999 -9999 -9999 -9999 -9999 -9999 -9999 -9999 -9999 -9999 -9999 -9999 -9999
-9999 -9999 -9999 -9999 -9999 -9999 -9999 -9999 10.3254473832355 5.39112902537454 5.2182874471182 4.80465101450682 5.16611224040389 5.01873072865419 7.2301705898717 6.05829034559429 4.44964445335791 4.4094820949249 6.31898708292283 6.30213323608041 6.66610460937954 6.63885158044286 6.14578691218048 6.1543931318447 6.09128085430712 6.3908251109533 6.31647693552077 6.14339629560709 6.03510136483237 5.96290474431589 5.87445193110034 5.68559322180226 5.6815291736275 5.54502496728674 5.38652708847076 5.31839451612905 5.276797787752 5.23041982622817 5.31911170110106 5.49840794410557 5.42549413861707 5.5597272592131 17.9149995995685 -9999 -9999 -9999 -9999 -9999 -9999 -9999 -9999 -9999 -9999 -9999 -9999 -9999 -9999 -9999 -9999 -9999 -9999 -9999
-9999 -9999 -9999 -9999 -9999 -9999 -9999 6.00816095498605 5.89378604263766 5.30542542121839 5.31474882585462 4.8717078093905 5.38270210195333 5.26902828388847 5.46087526390329 4.32485426822677 5.91234320378862 5.83668018924072 6.62988676829264 6.51083406293765 6.68080690130591 6.3695486234501 6.1224784005899 6.04322946118191 5.99266792065464 5.86536758812144 6.1610868582502 6.07215592171997 5.97414064221084 5.94354075007141 5.80345061887056 5.61076692305505 5.55052338540554 5.44820499606431 5.40541295940056 5.41425824072212 5.40469577442855 5.36166467610747 5.40063172625378 4.55758079164661 10.7398689329358 10.8833104496201 -9999 -9999 -9999 -9999 -9999 -9999 -9999 -9999 -9999 -9999 -9999 -9999 -9999 -9999 -9999 -9999 -9999 -9999 -9999 -9999
-9999 -9999 -9999 3.8400372271426 -9999 6.67978350252562 5.07628482265864 5.5531052513048 5.21918392833322 5.40367976238485 5.130611584289 5.57652134064119 4.51132236095145 5.5171742842067 5.64339883928187 5.80799279036 6.08554337453097 5.47593614831567 5.75276954751462 6.67865534638986 6.65319527988322 6.44162571313791 6.09594255662523 5.96433911425993 5.84887233376503 5.75850702729076 6.046815386042 5.91055024135858 5.85628324514255 5.76424450706691 5.53713593259454 5.46470025042072 5.41115043917671 5.38126773200929 5.34588660672307 5.61028879974037 5.90744243981317 5.86249884823337 5.86178166326135 15.8740965544881 13.2949997028336 -9999 -9999 -9999 -9999 -9999 -9999 -9999 -9999 -9999 -9999 -9999 -9999 -9999 -9999 -9999 -9999 -9999 -9999 -9999 -9999 -9999
-9999 -9999 3.88019958557561 -9999 5.60682240570895 5.60511909140041 5.17920086614322 5.30936993856449 5.31725897325668 5.82825326581951 5.85873362713028 5.74846643768251 5.75025940011255 5.14531387621537 5.81803337996826 4.16492201946676 4.07527389796451 6.64351328276098 6.65391246485524 6.57071900810115 6.64638202264905 6.37134158588015 6.11207921849564 5.98621325590648 5.89190343208611 5.69826348964125 5.88616595230997 5.73507898487151 5.62965279398486 5.52087973989546 5.39585049310699 5.0257830475457 4.8811507448554 5.32819604407996 5.6153090945445 5.5739514278248 5.53085202617305 9.60083708237676 16.0756974342103 -9999 -9999 -9999 -9999 -9999 -9999 -9999 -9999 -9999 -9999 -9999 -9999 -9999 -9999 -9999 -9999 -9999 -9999 -9999 -9999 -9999 -9999 -9999
16.7749996250495 16.7749996250495 -9999 18.5799995847046 5.71386226278264 5.47407146738842 5.77889557149527 5.47396388964262 5.65326013264712 5.72462003736291 6.13502913760021 6.46565140970051 6.00737021258101 6.03283027908765 5.98908199579455 6.12427136301994 6.24942014063708 6.68331704870798 6.66682179435156 6.66287727700546 6.60801262664609 6.1981414151378 6.0787301172968 5.89799950434826 6.17638680431992 5.6365855820477 5.55458743358031 5.48502049129456 5.33871475700289 5.19934181077406 5.12905768351629 4.81636503571644 4.83405559835956 4.76305428612977 5.41545354900882 5.39518112046644 7.06494910194306 10.5402866007228 -9999 -9999 -9999 -9999 -9999 -9999 -9999 -9999 -9999 -9999 -9999 -9999 -9999 -9999 -9999 -9999 -9999 -9999 -9999 -9999 -9999 -9999 -9999 -9999
16.2899201007676 15.3589995477138 5.77584986388683 5.77652629971271 5.04956968245097 5.12899791810196 5.04956968245097 4.89304406230804 5.08937344839796 5.28767509316094 5.24356821738183 5.25002288213 4.87493514176458 5.9471266749315 4.62248603161424 6.19061097293161 6.31611834303476 6.37098299339414 6.56605730578303 6.52625353983603 6.43373667844571 6.08375041210093 5.8158818250522 6.01406393898651 6.00593584263697 5.65929643949494 5.51275164354593 5.36525060096756 5.22779014799744 5.06307666609064 4.53235978679731 5.01837213616818 5.11495304573327 5.93852045526728 5.22707296302542 8.57301407081208 15.7142956952307 19.1699995715171 8.80881207082421 13.2399997040629 -9999 -9999 -9999 -9999 -9999 -9999 -9999 -9999 -9999 -9999 -9999 -9999 -9999 -9999 -9999 -9999 -9999 -9999 -9999 -9999 -9999 -9999
5.97956550289662 5.09690389060415 5.55425274726003 5.17543564504012 5.26687672897242 5.38808098924346 5.41031372337602 5.44079408468679 5.27835168852471 5.38270210195333 6.20029297005385 4.94019897421822 5.7760780591052 5.90266120666638 6.02852716925554 6.23830377357081 6.23973814351484 6.27488020714372 6.24870295566507 6.16371653648093 5.92847986565903 5.74452192033641 5.96816410077736 5.83907080581412 5.63849807530642 5.41210668580607 5.23185419617221 5.20914333872497 4.95741141354665 4.92226934991777 5.02817366411909 5.1613310072571 5.30070395348594 16.5926925435795 9.77379749040119 14.684201860042 12.7380019341665 17.0690682244021 13.3964346378698 -9999 -9999 -9999 -9999 -9999 -9999 -9999 -9999 -9999 -9999 -9999 -9999 -9999 -9999 -9999 -9999 -9999 -9999 -9999 -9999 -9999 -9999 -9999
5.56687520276755 5.56298447429435 5.40332116989885 5.30650119867641 5.24356821738183 4.68488112417981 5.40887935343198 5.3658482551109 5.36046936782077 5.43254645750858 5.51251258188859 5.90266120666638 5.21488081850111 5.93816186278127 6.17232275614515 6.53736990690231 6.21571244695224 6.32866908004507 6.38281654543243 6.7320856268052 5.8395489291288 5.48812829283997 5.29233679547906 5.42047384381294 4.96649575652555 4.47785372892395 4.3645385033451 4.66121402010322 4.63730785436928 5.04132205527276 5.1108889975585 4.28863642713986 5.67626981716603 9.94311834243126 5.9473059711745 10.2621895899065 -9999 12.1283685222147 -9999 -9999 -9999 -9999 -9999 -9999 -9999 -9999 -9999 -9999 -9999 -9999 -9999 -9999 -9999 -9999 -9999 -9999 -9999 -9999 -9999 -9999 -9999 -9999
5.29036453680601 5.33662296750117 5.369613476214 5.2980742752552 5.36369670019485 5.11519210739061 5.21918392833322 5.5408413882833 5.66132846358232 5.54514449811541 5.6523636514321 5.89728231937625 5.87469099275768 6.15905483416282 6.16371653648093 6.36739706853405 6.22252570418641 6.13897365494631 6.12893306533806 6.12283699307591 5.51358835934661 5.28731650067493 4.83262122841552 5.01765495119616 4.73006377741694 4.54216131474823 4.81230098754168 4.83883683150634 5.11638741567731 5.14985604770482 8.32656711584423 16.7898779826969 -9999 -9999 -9999 13.6052278061397 -9999 -9999 -9999 -9999 -9999 -9999 -9999 -9999 -9999 -9999 -9999 -9999 -9999 -9999 -9999 -9999 -9999 -9999 -9999 -9999 -9999 -9999 -9999 -9999 -9999 -9999
5.37570954847615 5.34307763224933 5.12092958716676 5.28086183592677 5.43541519739665 5.38700521178544 5.10013122297823 5.35437329555862 5.6204489201773 5.37983336206526 5.40601061354391 5.08507033856586 6.07675785862375 6.29998168116435 6.08697774447501 6.28276924183592 6.14614550466649 5.89118624711409 5.90445416909643 5.36764121754095 5.44886241562199 4.70101778605022 4.93183181621134 4.69994200859219 4.8622648739256 4.97318948293105 4.92920213798061 4.78528702026233 4.75157932657748 4.95047862548381 5.04610328841954 6.83614916624501 14.3961803752796 15.1093233617031 -9999 -9999 -9999 -9999 -9999 -9999 -9999 -9999 -9999 -9999 -9999 -9999 -9999 -9999 -9999 -9999 -9999 -9999 -9999 -9999 -9999 -9999 -9999 -9999 -9999 -9999 -9999 -9999
5.32443082297686 5.97394939288497 5.81516464008018 6.31942536262795 6.1779758612187 5.7880550481379 5.85790886441246 5.37481306726113 5.47270881594159 5.51860865415074 5.58423107909039 6.46852014958858 5.33967100363225 5.39919735630974 5.50175480730832 6.0270927993115 6.02924435422756 5.7837877975544 5.18977934448048 4.83620715327561 4.60634936974384 4.43243201402947 4.63491723779589 4.49936927808449 4.16061890963465 4.14627521019429 4.82281970046461 4.89382101269439 4.97342854458839 4.83668527659029 7.19316384531558 8.69132950198015 8.98162066624226 9.44985807826743 15.5900372161996 4.99999988824129 -9999 -9999 -9999 -9999 -9999 -9999 -9999 -9999 -9999 -9999 -9999 -9999 -9999 -9999 -9999 -9999 -9999 -9999 -9999 -9999 -9999 -9999 -9999 -9999 -9999 -9999
-9999 -9999 -9999 -9999 7.15999983996153 14.9661209930425 6.26426586955786 5.5368968709372 5.56988737965003 5.85317544359714 6.57143619307317 6.08733633696102 5.44509719451889 5.39991454128176 6.0188451721333 5.74577699403744 5.53779335215222 5.57813500682823 4.94199193664826 4.54359568469226 4.91187016782351 4.46183659788221 4.40482039260678 4.39549698797055 4.9832300725393 6.72598955454305 8.26779380738735 -9999 -9999 -9999 -9999 -9999 -9999 -9999 -9999 -9999 -9999 -9999 -9999 -9999 -9999 -9999 -9999 -9999 -9999 -9999 -9999 -9999 -9999 -9999 -9999 -9999 -9999 -9999 -9999 -9999 -9999 -9999 -9999 -9999 -9999 -9999
-9999 -9999 -9999 -9999 -9999 13.4448717662599 6.72182988170534 6.15331735438667 6.74876017740462 4.09463789220899 6.87731558363885 6.59594001295045 6.39106417261064 6.23382136749569 5.02482680091634 5.6286965473555 5.56719793600496 5.23890651506372 5.15481657709461 5.49343546163291 4.83441419084556 5.28674275269732 4.51096376846544 9.18951993342489 14.0692884851661 -9999 -9999 -9999 -9999 -9999 -9999 -9999 -9999 -9999 -9999 -9999 -9999 -9999 -9999 -9999 -9999 -9999 -9999 -9999 -9999 -9999 -9999 -9999 -9999 -9999 -9999 -9999 -9999 -9999 -9999 -9999 -9999 -9999 -9999 -9999 -9999 -9999
