EcologicalScience/Bass/data/rs_data_bass/sst_428.asc
NCOLS 226 
NROWS 124 
XLLCORNER -9.41648524995501 
YLLCORNER 47.587301625531 
CELLSIZE 0.0833 
NODATA_value -9999 
[rows 0 to 26 of 124, columns 62 to 123 of 226]
-9999 -9999 -9999 -9999 -9999 -9999 -9999 -9999 -9999 -9999 -9999 -9999 -9999 -9999 -9999 -9999 -9999 -9999 -9999 -9999 -9999 -9999 -9999 -9999 -9999 -9999 -9999 -9999 -9999 -9999 -9999 -9999 -9999 -9999 -9999 -9999 -9999 -9999 -9999 -9999 -9999 -9999 -9999 -9999 -9999 -9999 -9999 -9999 -9999 -9999 -9999 -9999 -9999 -9999 -9999 -9999 -9999 -9999 -9999 -9999 -9999 -9999
-9999 -9999 -9999 -9999 -9999 -9999 -9999 -9999 -9999 -9999 -9999 -9999 -9999 -9999 -9999 -9999 -9999 -9999 -9999 -9999 -9999 -9999 -9999 -9999 -9999 -9999 -9999 -9999 -9999 -9999 -9999 -9999 -9999 -9999 -9999 -9999 -9999 -9999 -9999 -9999 -9999 -9999 -9999 -9999 -9999 -9999 -9999 -9999 -9999 -9999 -9999 -9999 -9999 -9999 -9999 -9999 -9999 -9999 -9999 -9999 -9999 -9999
-9999 -9999 -9999 -9999 -9999 -9999 -9999 -9999 -9999 -9999 -9999 -9999 -9999 -9999 -9999 -9999 -9999 -9999 -9999 -9999 -9999 -9999 -9999 -9999 -9999 -9999 -9999 -9999 -9999 -9999 -9999 -9999 -9999 -9999 -9999 -9999 -9999 -9999 -9999 -9999 -9999 -9999 -9999 -9999 -9999 -9999 -9999 -9999 -9999 -9999 -9999 -9999 -9999 -9999 -9999 -9999 -9999 -9999 -9999 -9999 -9999 -9999
-9999 -9999 -9999 -9999 -9999 -9999 -9999 -9999 -9999 -9999 -9999 -9999 -9999 -9999 -9999 -9999 -9999 -9999 -9999 -9999 -9999 -9999 -9999 -9999 -9999 -9999 -9999 -9999 -9999 -9999 -9999 -9999 -9999 -9999 -9999 -9999 -9999 -9999 -9999 -9999 -9999 -9999 -9999 -9999 -9999 -9999 -9999 -9999 -9999 -9999 -9999 -9999 -9999 -9999 -9999 -9999 -9999 -9999 -9999 -9999 -9999 -9999
-9999 -9999 -9999 -9999 -9999 -9999 -9999 -9999 -9999 -9999 -9999 -9999 -9999 -9999 -9999 -9999 -9999 -9999 -9999 -9999 -9999 -9999 -9999 -9999 -9999 -9999 -9999 -9999 -9999 -9999 -9999 -9999 -9999 -9999 -9999 -9999 -9999 -9999 -9999 -9999 -9999 -9999 -9999 -9999 -9999 -9999 -9999 -9999 -9999 -9999 -9999 -9999 -9999 -9999 -9999 -9999 -9999 -9999 -9999 -9999 -9999 -9999
-9999 -9999 -9999 -9999 -9999 -9999 -9999 -9999 -9999 -9999 -9999 -9999 -9999 -9999 -9999 -9999 -9999 -9999 -9999 -9999 -9999 -9999 -9999 -9999 -9999 -9999 -9999 -9999 7.47999983280897 10.242995252322 4.88282417645678 4.85341959260404 5.03271583560854 4.98251288756728 5.02052369108424 5.04347361018881 5.01263465639204 4.9753410378471 5.05279701482505 5.41832228889689 5.5302031445317 5.36513107013889 5.25002288213 5.17902156990021 5.43290504999459 5.4612338563893 5.24858851218596 5.36333810770884 5.39202550658956 5.27942746598274 5.06498915934935 5.27368998620659 5.2858821307309 5.06857508420944 5.04992827493697 5.39561143144965 5.24643695726991 5.21344644855708 5.39130832161754 5.34469129843637 5.34469129843637 5.37624743720517
-9999 -9999 -9999 -9999 -9999 -9999 -9999 -9999 -9999 -9999 -9999 -9999 -9999 -9999 -9999 -9999 -9999 -9999 -9999 -9999 -9999 -9999 -9999 -9999 -9999 -9999 -9999 6.26921822052253 5.55446790275164 5.51538132177666 5.38090913952328 5.32245856430382 4.0110858429689 5.55518508772366 4.50486769620329 4.92011779500172 4.90864283544943 4.9753410378471 4.95274971122853 5.66479485761374 5.62702311575413 5.29233679547906 4.63969847094268 5.40027313376777 5.61507003288716 5.41103090834804 5.55195775534958 5.28516494575888 5.07933285878971 5.37266151234508 5.31313515966758 5.0190893211402 5.00833154655993 5.21272926358506 5.20268867397681 5.20412304392084 5.34612566838041 5.44366282457486 5.58925137389451 5.49601732753217 5.49888606742024 5.65523239132017
-9999 -9999 -9999 -9999 -9999 -9999 -9999 -9999 -9999 -9999 -9999 -9999 -9999 -9999 -9999 -9999 -9999 -9999 -9999 -9999 -9999 -9999 -9999 -9999 -9999 -9999 6.2300561463926 5.42483671905939 5.00133899308275 5.66581086965743 5.68069245782681 5.66975538700353 5.19981993408874 5.07395397149958 5.63586839707568 5.55124057037756 5.58303577080369 5.44115267717279 5.68009480368346 5.19193089939654 5.16431927797385 5.62558874581009 5.47037796478253 5.1982062679017 5.48382518300787 5.43433941993862 5.45262763672508 5.02016509859823 4.27967161498964 5.35724203544669 4.91187016782351 5.29663990531117 5.36835840251297 5.28301339084283 5.28086183592677 5.39848017133772 5.4730674084276 5.58207952417433 5.4572893390432 5.20340585894883 5.48095644311979 5.5211188015528
-9999 -9999 -9999 -9999 -9999 -9999 -9999 -9999 -9999 -9999 -9999 -9999 -9999 -9999 -9999 -9999 -9999 -9999 -9999 -9999 -9999 -9999 -9999 -9999 -9999 -9999 5.7124278928386 5.39381846901961 5.13832132273819 5.49781028996222 5.43559449363966 5.45585496909916 5.71583452145569 5.55823312385473 5.60753959068097 5.67567216302268 5.58901231223717 5.54622027557343 5.51681569172069 5.50844853371382 5.48980172444135 5.67158420868218 5.38485365686938 5.24751273472793 5.36046936782077 5.49637592001818 5.36441388516687 5.37983336206526 5.41569261066616 5.40852076094598 5.41712698061019 5.49530014256015 5.24428540235385 5.41497542569414 5.58207952417433 5.58709981897846 5.64949491154402 5.58925137389451 5.60144351841882 5.70256659947336 5.66957609076053 5.84098329907283
-9999 -9999 -9999 -9999 -9999 -9999 -9999 -9999 -9999 -9999 -9999 -9999 -9999 -9999 -9999 -9999 -9999 -9999 -9999 -9999 -9999 -9999 -9999 -9999 -9999 10.9908987400533 5.58028656174429 4.91868342505768 5.35652485047467 4.94844660139643 5.27751497272402 5.77285072673112 5.65045115817338 5.61124504636973 5.53163751447573 5.50462354719639 5.4651783737354 5.49530014256015 5.54980620043352 5.53355000773445 5.53594062430784 5.54932807711884 5.30309457005933 5.37230291985907 5.55195775534958 5.39417706150562 5.46732992865145 5.4852595529519 5.53976561082527 5.48741110786796 5.46230963384733 5.52829065127298 5.63013091729954 5.64304024679586 5.60359507333487 5.44366282457486 5.5727561195381 5.62439343752339 5.90983305638656 5.62367625255138 5.72479933360592 5.74201177293435
-9999 -9999 -9999 -9999 -9999 -9999 -9999 -9999 -9999 -9999 -9999 -9999 -9999 -9999 -9999 -9999 -9999 -9999 -9999 -9999 -9999 -9999 -9999 -9999 10.6080831206776 5.39728486305103 5.10323902452365 5.91317991958931 5.73268836829811 5.53474531602114 5.8103834069334 5.87253943784162 6.00199132529087 6.00414288020693 5.68535416014493 5.67889949539676 5.67280342313461 5.54657886805944 4.92155216494575 4.78743857517838 4.85628833249211 4.91653187014163 5.51490319846198 5.36799981002696 5.01837213616818 5.28659931570292 5.18691060459241 5.23711355263367 5.26651813648641 5.48669392289594 5.51179539691657 5.57132174959406 5.68248542025685 5.60502944327891 5.43433941993862 5.38270210195333 5.63443402713165 5.75420391745865 5.77643665159121 5.89190343208611 5.70758689427748 5.82520522968844
-9999 -9999 -9999 -9999 -9999 -9999 -9999 -9999 -9999 -9999 -9999 -9999 -9999 -9999 -9999 -9999 -9999 -9999 -9999 -9999 -9999 -9999 -9999 -9999 5.19739253879883 5.16443880880252 5.1904965294525 5.60694193653762 5.54622027557343 5.10945462761447 5.63299965718761 5.23998229252174 5.58255764748901 5.51012196531519 5.42477695364505 5.41497542569414 5.42884100181982 5.422625398729 5.4202347821556 5.11590929236263 4.86417736718431 4.96530044823885 5.43768628314137 5.30058442265727 5.33500930131413 5.24643695726991 5.22348703816533 5.27082124631852 4.98179570259526 5.58996855886653 5.38485365686938 5.1625263155438 5.2701040613465 5.10013122297823 5.42501601530239 5.39776298636571 5.63873713696375 5.70256659947336 5.5849482640624 5.85891292337328 5.72049622377381 6.0826746346429
-9999 -9999 -9999 -9999 -9999 -9999 -9999 -9999 -9999 -9999 -9999 -9999 -9999 -9999 -9999 -9999 -9999 -9999 -9999 -9999 -9999 -9999 -9999 10.8349997578189 4.93207087786868 5.06140323448926 4.73508407222107 5.56677957810462 5.56438896153122 5.27512435615063 5.49745169747621 5.51346882851794 5.37600837554783 5.38987395167351 5.39513330813497 5.41258480912074 5.43744722148404 5.18141218647361 5.31337422132492 4.73006377741694 4.8240150087513 4.95669422857463 4.75516525143757 5.48239081306383 5.03988768532872 5.40995513089001 5.26508376654238 4.99972532689571 5.53653827845119 5.5767006368842 5.53187657613307 5.53187657613307 5.49422436510213 5.27440717117861 5.41138950083405 5.47091585351154 5.56773582473397 5.51107821194455 5.28659931570292 5.81444745510817 5.55339212529361 5.50677510211244
-9999 -9999 -9999 -9999 -9999 -9999 -9999 -9999 -9999 -9999 -9999 -9999 -9999 -9999 -9999 -9999 -9999 -9999 -9999 -9999 -9999 10.5382876146595 6.24229951841491 5.36764121754095 5.01598151959479 4.84588915039785 4.74512466182932 5.50940478034317 5.37385682063177 4.63826410099864 5.41999572049826 5.33154290728271 5.27392904786393 5.19599494757131 5.77305563672313 5.4068473293446 5.4135410557501 5.41091137751937 5.369792772457 5.45872370898724 4.56009093904868 5.35927405953407 5.46015807893127 5.15535446582362 5.5065360404551 5.53044220618904 5.19264808436856 5.02052369108424 5.15750602073967 5.10156559292227 4.94019897421822 5.54388942441437 5.22492140810937 5.38987395167351 5.15392009587958 5.24715414224193 4.99542221706361 5.17113253520802 5.16467787045985 5.19623400922865 5.55482649523765 5.45872370898724
-9999 -9999 -9999 -9999 -9999 -9999 -9999 -9999 -9999 -9999 -9999 -9999 -9999 -9999 -9999 -9999 -9999 -9999 -9999 -9999 10.1912585899289 6.90508088755554 5.84600359387696 6.05303098913282 5.43433941993862 5.08770001679659 5.38078960869461 5.31600389955565 4.58375804312527 4.66193120507523 4.63396099116653 5.31098360475153 5.29735709028319 5.32747885910794 5.33202103059739 5.35210220981389 5.40660826768726 5.38748333510011 5.80737806038399 5.47354553174227 4.45466474816203 4.69994200859219 5.52207504818216 5.515620383434 5.58996855886653 5.10515151778236 5.21774955838919 5.07574693392962 5.1783043849282 5.23328856611624 5.25313068367541 3.64639728469774 4.27716146758758 5.25002288213 3.96231726487167 5.19623400922865 5.2579119168222 5.01741588953882 6.55243079131469 5.33106478396803 5.55841242009774 5.52542191138491
-9999 -9999 -9999 -9999 -9999 -9999 -9999 -9999 -9999 -9999 -9999 -9999 -9999 -9999 -9999 -9999 -9999 -9999 -9999 -9999 11.0147556872107 5.45155185926706 5.03606269881129 5.67411826224998 5.6364421450533 5.66728109885007 5.356405319646 5.38724427344278 4.1903820859734 5.24787132721394 3.93076112610288 3.85115359420888 5.31361328298226 5.35688344296068 5.42047384381294 5.33895381866023 5.32006794773042 5.39704580139369 5.43625191319734 5.47713145660236 4.58232367318124 4.88856165623292 5.04347361018881 5.21129489364102 5.26651813648641 5.31456952961162 5.22276985319331 5.35975218284875 4.83871730067767 5.97987812198699 4.69994200859219 4.91007720539346 5.00976591650397 5.02088228357024 5.17184972018003 5.94999541481957 6.10777610866353 6.17806023592129 6.23973814351484 5.10744650969282 5.0269783558324 5.32317574927583
-9999 -9999 -9999 -9999 -9999 -9999 -9999 -9999 -9999 -9999 -9999 -9999 -9999 -9999 -9999 -9999 -9999 -9999 9.3456245971712 6.07577172928723 4.56224249396473 5.86345509486273 5.75659453403205 5.39393799984828 4.39728995040059 5.71992247579619 5.29018524056301 5.25647754687816 5.27990558929741 3.73317666631192 3.63994261994958 5.29281491879374 5.0482548433356 5.12642800528556 4.68882564152591 5.37457400560379 5.43912065308541 5.33584601711482 3.89992217230611 4.6447187657468 4.72862940747291 4.88856165623292 4.98609881242737 5.12451551202685 4.9832300725393 5.1983855641447 5.26508376654238 5.63013091729954 5.75104830358177 5.70572221335024 5.67014983873814 5.66111330809072 5.61693471381441 5.69467756478116 5.75276954751462 5.75563828740269 5.6208075126633 5.63156528724357 5.5368968709372 5.39776298636571 5.22420422313735 5.28014465095475
-9999 -9999 -9999 -9999 -9999 -9999 -9999 -9999 -9999 -9999 -9999 -9999 -9999 -9999 -9999 -9999 7.64742575474083 8.73964414417744 4.52781761530787 4.65977965015918 4.61818292178214 6.14387441892177 5.33082572231069 5.19623400922865 5.13981545809656 5.2050792905502 5.27345092454925 5.28038371261209 5.29496647370979 5.18475904967636 5.42334258370101 5.2834915141575 5.21009958535433 5.17854344658554 5.1928871460259 5.25432599196211 5.26723532145843 5.30405081668869 3.93076112610288 4.54216131474823 4.75014495663345 4.86991484696046 4.94306771410629 5.25934628676623 5.170415350236 5.1266670669429 5.71475874399766 5.77338861546014 6.03534042648971 5.89214249374345 5.79197565931827 5.49027984775603 5.52398754144087 5.6208075126633 5.58279670914635 5.52327035646886 5.43290504999459 5.43792534479871 5.46230963384733 5.2622150266543 5.29233679547906 5.33967100363225
-9999 -9999 -9999 -9999 -9999 -9999 -9999 -9999 -9999 -9999 -9999 -9999 -9999 -9999 -9999 -9999 7.95302590094507 4.6765617785044 4.69779045367613 4.68344675423577 4.63754691602662 4.62320321658626 5.31624296121299 5.32604448916391 5.34540848340839 5.26484470488504 5.28970711724833 5.36931464914232 5.2834915141575 5.44127220800146 5.36094749113545 5.33178196894005 5.1278623752296 5.07383444067091 5.76506414703493 5.76219540714685 5.22611671639606 5.28636025404558 5.35736156627536 4.61531418189406 4.5450300546363 5.41999572049826 5.40636920602992 5.25647754687816 5.35544907301664 5.29448835039511 5.51394695183262 5.4572893390432 5.44222845463082 5.40923794591799 5.27153843129054 5.32532730419189 5.36333810770884 5.38485365686938 5.3138523446396 5.33034759899601 5.37194432737306 5.35616625798866 5.29735709028319 5.3138523446396 5.28014465095475 5.26436658157036
-9999 -9999 -9999 -9999 -9999 -9999 -9999 -9999 -9999 -9999 -9999 -9999 -9999 -9999 -9999 -9999 -9999 -9999 7.15952277165657 6.3297960850011 4.71428570803255 4.7401043670252 4.6726889796555 5.29879146022722 4.00140384584665 4.6447187657468 5.31624296121299 5.25384786864743 5.35425376472995 5.05996886454523 5.15965757565573 5.00187688181177 4.98968473728746 4.99470503209159 4.88282417645678 5.06642352929339 5.13742484152317 5.29233679547906 5.26364939659834 5.30452894000337 5.23783073760569 5.37266151234508 5.34110537357628 5.32532730419189 5.33321633888409 5.33751944871619 5.40421765111387 5.36262092273682 5.36333810770884 5.36907558748499 5.38055054703727 5.329630414024 5.31958982441574 5.30668049491942 5.26723532145843 5.24069947749376 5.19981993408874 5.21703237341717 5.0033112517558 5.20412304392084 5.13312173169106 5.11232336750254
-9999 -9999 -9999 -9999 -9999 -9999 -9999 -9999 -9999 -9999 -9999 -9999 -9999 -9999 8.79025960318935 1.80005134717035 1.66684203410683 9.05551958338995 5.2354401210323 4.80106508964673 4.75659962138161 4.74799340171739 4.88210699148476 4.96816918812692 4.89214758109301 5.07359537901357 5.07574693392962 4.98753318237141 4.97032074304298 4.93230993952602 4.97390666790307 5.05423138476908 5.04203924024478 5.02769554080442 5.01693776622415 5.01765495119616 5.08793907845393 5.15965757565573 5.30022583017126 5.30739767989144 5.34325692849234 5.29161961050704 5.28086183592677 5.27727591106668 5.31170078972355 5.33608507877216 5.34540848340839 5.27082124631852 5.22133548324928 5.37624743720517 5.32676167413592 5.31958982441574 5.25360880699009 5.22994170291349 5.14603106118739 5.14172795135528 5.10084840795025 5.06714071426541 5.12523269699886 4.99255347717553 5.1065858877264 5.01980650611222
-9999 -9999 -9999 -9999 -9999 -9999 -9999 -9999 -9999 -9999 -9999 -9999 -9999 6.18021179083735 4.46613970771432 4.50988799100742 4.49554429156706 4.59021270787343 4.6325266212225 4.66695149987936 4.7042451184243 4.9552598586306 5.01765495119616 4.98538162745535 4.9911191072315 5.02482680091634 4.9194006100297 5.00761436158791 5.01693776622415 4.98394725751132 4.97462385287508 4.98681599739939 5.00976591650397 5.01478621130809 4.99757377197966 5.02267524600029 5.10802025767043 5.1187780322507 5.25934628676623 5.24715414224193 5.27440717117861 5.27082124631852 5.32604448916391 5.26293221162632 5.31313515966758 5.35473188804463 5.43147068005055 5.38700521178544 5.3855708418414 5.37553025223315 5.37839899212122 5.2062745988369 5.21631518844515 5.18619341962039 5.12953580683097 4.99040192225948 4.99327066214755 4.9674520031549 4.99040192225948 4.94450208405033 4.98036133265123 4.93015838460997
-9999 -9999 -9999 -9999 -9999 -9999 -9999 -9999 -9999 -9999 8.97495229835393 7.92282783584669 4.5249488754198 4.42023986950517 4.34278389252722 4.33417767286301 4.25528732594103 4.39513839548454 4.58017211826518 4.5651112338528 4.85485396254808 5.07000945415348 5.07718130387366 4.99972532689571 4.99829095695168 5.05423138476908 5.08005004376173 5.04777672002092 5.0348673905246 5.04777672002092 5.04562516510487 4.99327066214755 5.03271583560854 5.01837213616818 5.00833154655993 5.05136264488101 5.03056428069249 5.07431256398559 5.1467482461594 5.19981993408874 5.21344644855708 5.22922451794147 5.24930569715798 5.23926510754973 5.24643695726991 5.30237738508731 5.25576036190614 5.29448835039511 5.28659931570292 5.30883204983547 5.14531387621537 5.16539505543187 5.19408245431259 5.08937344839796 5.01837213616818 5.01406902633607 4.97247229795903 4.96243170835078 4.92944119963795 4.91653187014163 4.84696492785588 4.87421795679256
-9999 -9999 -9999 -9999 -9999 -9999 -9999 -9999 -9999 -9999 -9999 12.3671916212728 4.78333627713844 8.1860347205773 4.19002349348739 4.81239661220461 11.9199997335672 -9999 -9999 9.22999979369342 -9999 9.73441716753861 5.54024373413995 5.04777672002092 5.04849390499294 5.09654529811814 5.06785789923742 5.16324350051582 5.12881862185895 5.12164677213877 5.13312173169106 5.05566575471312 4.98394725751132 4.95669422857463 4.96243170835078 4.9753410378471 4.99542221706361 5.10515151778236 5.19981993408874 5.23711355263367 5.19766837917268 5.17758719995618 5.22133548324928 5.21703237341717 5.25145725207403 5.26651813648641 5.21774955838919 5.19695119420066 5.18045593984425 4.47833185223863 4.36071351682767 4.37864314112812 4.78170109540224 5.03988768532872 4.98179570259526 5.01550339628011 4.96530044823885 4.93876460427418 4.90792565047741 4.87421795679256 4.79963071970269 4.67197179468349
-9999 -9999 -9999 -9999 -9999 -9999 -9999 -9999 -9999 -9999 -9999 -9999 -9999 -9999 -9999 -9999 -9999 -9999 -9999 -9999 -9999 -9999 -9999 -9999 -9999 5.50706197610125 5.0750297489576 5.19193089939654 5.22276985319331 5.19766837917268 5.17687001498416 5.0750297489576 5.090807818342 5.01048310147598 4.96458326326683 5.00617999164388 4.98825036734343 5.03701894544065 5.15248572593555 5.22348703816533 5.22205266822129 5.19479963928461 5.2062745988369 5.18906215950847 5.15894039068371 5.18117312481627 5.21272926358506 5.21631518844515 5.19695119420066 4.64185002585873 4.21153904264793 4.23879207158461 4.49913021642715 4.72360911266878 4.75086214160547 4.8476821128279 4.82688374863937 4.87421795679256 4.85126803768799 4.87421795679256 4.90577409556136 4.29975279420614
-9999 -9999 -9999 -9999 -9999 -9999 -9999 -9999 -9999 -9999 -9999 -9999 -9999 -9999 -9999 -9999 -9999 -9999 -9999 -9999 -9999 -9999 -9999 -9999 -9999 10.6396679468453 5.94529386889189 5.18762778956443 5.09797966806218 5.10084840795025 5.14531387621537 5.13025299180299 5.09797966806218 5.04849390499294 5.06642352929339 5.05136264488101 5.0628376044333 5.10013122297823 5.17184972018003 5.20770896878093 5.21703237341717 5.21272926358506 5.2062745988369 5.16396068548784 5.09009063336998 5.08005004376173 5.09726248309016 4.80106508964673 4.88712728628889 5.10873744264245 4.69492171378806 4.59236426278949 4.64041565591469 4.66910305479541 4.71930600283667 4.81038849428296 4.77739798557013 4.7802667254582 4.79676197981462 4.8039338295348 5.16898098029196 4.09033478237689
-9999 -9999 -9999 -9999 -9999 -9999 -9999 -9999 -9999 -9999 -9999 -9999 -9999 -9999 -9999 -9999 -9999 -9999 -9999 -9999 -9999 -9999 -9999 -9999 -9999 -9999 -9999 7.64381756932091 5.02482680091634 5.01263465639204 5.11160618253052 5.12236395711079 5.090807818342 5.08578752353787 5.10084840795025 5.09224218828604 5.07000945415348 5.10299996286631 5.12594988197088 5.12953580683097 5.17400127509609 5.14459669124335 5.14961698604748 5.12092958716676 5.12523269699886 4.88569291634485 4.75157932657748 4.87995543656871 4.56009093904868 4.78241828037426 4.83405559835956 4.79963071970269 4.6726889796555 4.70711385831237 4.73006377741694 4.80608538445085 4.79461042489856 4.732215332333 4.68774986406788 4.62033447669819 3.66683705640025 4.04586931411177
