EcologicalScience/Bass/data/rs_data_bass/sst_224.asc
NCOLS 226 
NROWS 124 
XLLCORNER -9.41648524995501 
YLLCORNER 47.587301625531 
CELLSIZE 0.0833 
NODATA_value -9999 
[rows 54 to 80 of 124, columns 124 to 185 of 226]
9.94662820221856 10.0714183873497 10.0111748497002 10.188558599446 10.1467228094116 10.1964476341382 10.1701508518308 9.725018045865 9.83952857973054 10.0195420077071 9.95093131205067 10.043448173441 10.5435651605949 9.79109468795359 9.75609606131911 9.73027740232646 9.80371714346111 9.72764772409573 9.73577582044527 9.97196873789653 10.3374940119684 10.4099296941422 10.4728029100224 10.7245348352008 9.91531112510711 11.0192978587002 11.2540564062074 11.3719138032757 11.386257502716 10.6092593040317 11.5081789479591 10.7080873931758 11.14779349952 10.1347697265446 12.1177861741744 12.0890987752937 12.1880703014322 12.1859187465161 11.9600054803304 12.2002624459565 12.3135776715353 12.2977996021509 11.3042593542486 12.2103030355647 10.7908146796981 10.6785752315773 10.8175298199058 10.865401916788 10.4806321793003 10.3162175244652 9.82351144868881 13.6289973652123 8.43805351974443 8.20468152984977 8.47622825125498 8.22681863931939 8.47991663111108 9.45320494147018 9.35327716870233 8.25412199702604 17.9767415778762 16.454139639103
9.58994820946828 9.99754833523184 9.98368275910616 9.90622678212821 9.99874364351854 10.0494247148745 10.1424196995795 9.89128542854451 9.95009459624998 10.0936511214823 10.0369935086928 8.81514937803149 9.77294990816154 8.94998015277088 10.1523407583591 10.1860484520439 10.5148777617142 10.2093569636345 10.5010121855885 10.2265694029629 10.4572639022954 10.7890814826824 10.8610390415415 10.9349688590737 11.2215440208092 11.5213273391128 11.5667490540072 10.0652027842589 11.8111895986367 11.6705018132925 11.7515437151305 11.5655537457205 11.5547959711403 11.7869248404168 11.8890041681007 11.6049989191815 12.1550797927193 12.1880703014322 12.1923734112643 12.2640919084661 11.9750663647428 12.3903164635412 11.3843450094573 10.7034974093549 12.141453278251 10.7440183602739 10.7694784267806 10.867194879218 10.4198507529218 11.560663848184 8.715870486905 6.06044190051034 8.5008789232932 8.53165640409238 10.2432080943137 11.962352631148 14.2969156158767 18.1751591352373 -9999 -9999 -9999 -9999
9.65162611706182 9.62724182801321 9.93610948929563 9.90120648732409 9.87108471849933 9.90885646035895 9.6399120958522 9.751792951487 9.95499536022544 9.97770621767268 9.73630175609142 9.81189305214211 9.76312447404489 10.0677129316609 10.2148553817533 10.3296049772762 10.6348867136985 10.4144718656316 10.0912605049089 10.8758608642966 11.1198232856113 11.4551072600298 12.0797753706574 11.0977698477218 12.3049714518711 11.981521029491 11.0377056063153 11.9496062982362 11.982238214463 11.7577593182214 12.3325830732938 11.9389680544846 10.7952970857732 11.2550126528367 12.1701406771317 12.2483138390817 12.3336588507518 12.2662434633821 12.2970824171789 12.1758781569079 12.2382732494734 12.4376506716944 11.2198705892079 11.3364131471608 10.5901821837761 10.7015251506818 10.8517754023196 18.5410669079609 14.8842159164106 8.22490614606068 8.48524429090321 8.08326211408712 8.52411571638659 12.1440829564817 14.2004913329147 -9999 -9999 -9999 -9999 -9999 -9999 -9999
9.68868067394942 9.70971809979528 9.74366485513747 9.46348459273577 9.45172275919467 9.69513533869758 10.0200201310217 9.79625841975212 9.96718750474975 10.0369935086928 10.1108635608107 9.77703786250204 9.36020995676517 9.38029113598168 10.3237479666714 9.80964587256312 11.465147849638 11.2349314736202 10.974115205463 11.1345255775377 11.3279264583252 10.4783013281412 10.8797814754769 10.8678762049414 11.2542954678647 11.3218542922288 10.985351103358 12.4229483797681 11.7049266919494 12.2526169489138 11.9349040063098 11.6006958093494 11.1926175602712 12.4378299679374 11.5153507976793 12.2540513188578 12.1629688274115 12.2590716136619 12.299951157067 12.2497482090257 12.2698293882422 12.2289498448372 12.0847956654616 10.8078478227835 10.5753005956067 10.0725539302221 10.466826368589 12.285750894621 8.48514183590721 8.16968290321529 8.3296151519753 8.58192082513124 8.08821069039404 10.468260738533 15.7999996468425 -9999 -9999 -9999 -9999 -9999 -9999 -9999
9.60716064879671 9.95714691514149 9.77450380893424 9.79578029643744 9.59042633278295 9.1075217849575 9.62198247155175 9.54094056971371 8.06999419210479 10.0683105858043 10.175171146635 9.7876522000879 11.0950804040767 11.2349314736202 11.1603442365304 11.4959868034348 11.6301003932022 11.7398296939209 11.3064109091647 11.7015798287466 11.9382508695126 11.425344083691 11.4529557051137 12.299951157067 11.5296944971196 11.6583574810997 12.4603615291417 12.4618556645 11.9700460699387 11.9980162838474 12.0195318330079 12.1084627695382 11.823023150675 11.5010070982389 10.7802362013608 10.1713461601175 12.3451338103041 12.2884761975147 12.3099917466752 12.2827387177385 12.2813043477945 12.0847956654616 11.0721304849721 10.745632026461 10.5415929019218 10.3599658077583 9.83642077818513 9.21964170224965 9.25464032888413 9.16119112703018 8.59533218410797 8.6815139115788 5.64949491154402 18.1088984156726 15.2549996590242 -9999 -9999 -9999 -9999 -9999 -9999 -9999
12.2014150646615 9.46850488753989 9.64588863728568 9.47185175074264 9.44236023537815 9.72956021735445 10.5048371721059 9.39487389707938 9.62958463225514 10.7902767909691 9.78636126713827 11.1675160862505 11.2428205083124 11.2887203465216 11.3496810691431 11.4952696184628 11.8301950003952 11.5971098844893 12.3652149895206 11.9632328127045 11.9668187375646 11.3708380258176 11.0118869473226 11.026589239249 10.9598910368513 12.3551743999124 11.9800866595469 12.2523778872564 12.0647144862451 12.3264870010316 12.3472853652202 11.9535508155823 11.3030640459619 11.6444440926425 11.2542954678647 11.5218054624274 12.3272041860037 12.3171635963954 12.3107089316472 12.2791527928784 11.1997894099914 12.0353099023923 11.0032807276584 10.8492652549176 9.90598772047088 16.1665906526751 8.24703642519723 7.14443438639864 8.65163120441139 8.87467573070899 6.24942014063708 7.22730184998363 6.54812768148258 6.23628669083701 17.1299996171147 -9999 23.7447889405303 -9999 -9999 -9999 -9999 -9999
-9999 -9999 -9999 -9999 12.4499997217208 13.9499996881932 8.8911709850654 10.5851618889719 10.7321848082356 10.905026386492 9.86553848804906 9.94069947311655 11.0097353924066 8.49528488051146 10.707441926701 11.0207322286442 11.3394014178775 11.9370555612259 12.1780297118239 12.1324884661008 11.0919726025313 10.2774895359762 10.2925504203886 10.4202093454078 11.3676106934436 12.4849848798476 11.8273262605071 12.2927793073468 12.7882106860168 12.2583544286899 12.4096804577857 12.2784356079064 11.9478133358061 11.8552964744158 11.4515213351697 12.2820215327665 12.3551743999124 12.3164464114234 12.3135776715353 12.2153233303688 12.0403301971965 11.9377727461979 10.5751212993637 11.7649311679415 11.0583605335094 14.4435055713905 -9999 18.8553803937975 19.9193894984201 16.1249996395782 7.50054932432249 6.83338800410274 7.71455731997266 9.56582688824274 5.37499987985939 5.37499987985939 1.04999997653067 -9999 -9999 -9999 -9999 -9999
-9999 -9999 -9999 -9999 -9999 -9999 -9999 9.38405635708477 10.6597491260618 9.3851321345428 6.98489332944155 9.9708212419413 7.72502822056413 8.25215917499736 8.74486525077373 9.11780143622309 9.94471570895985 12.2899105674587 12.1618930499535 10.1247291369364 11.0111697623506 10.5213324264623 10.3413189984858 11.3174077454023 11.2973265661858 12.1149174342863 12.0582598214969 12.1679891222157 11.3211371072568 11.701818890404 12.0546738966368 12.0145115382038 11.9148228270933 11.9349040063098 12.1263923938386 12.3279213709757 12.3386791455559 12.2526169489138 12.2547685038298 12.0338755324483 11.9650257751346 11.8847010582685 11.7749717575498 11.6996673354879 13.8046052283607 15.0199996642768 -9999 -9999 -9999 -9999 -9999 -9999 -9999 -9999 -9999 -9999 -9999 -9999 -9999 -9999 -9999 -9999
-9999 -9999 -9999 -9999 -9999 -9999 -9999 -9999 -9999 14.6920350744261 6.90313424263149 10.0583178085275 7.41520431265235 8.54261908866465 8.59353922167793 9.26984465029091 10.5543229351752 10.5406964207068 11.0692617450841 11.3597216587514 12.5251472382806 11.1782738608308 10.626041432377 10.2602770966478 12.0727469579317 11.7247688095085 12.2743715597317 12.1751609719358 12.18018126674 12.2734153131023 11.6265144683421 11.703253260348 11.8983275727369 12.0546738966368 12.2468794691376 12.2361216945574 12.2734153131023 12.2949308622628 12.1228064689785 11.9549851855263 10.9946745079942 11.8172856708989 10.8702429153491 11.0097353924066 12.8620586709048 13.1299997065216 -9999 -9999 -9999 -9999 -9999 -9999 -9999 -9999 -9999 -9999 -9999 -9999 -9999 -9999 -9999 -9999
-9999 -9999 -9999 -9999 -9999 -9999 -9999 -9999 -9999 14.6749996719882 6.54525894159451 7.07812737580389 10.3305612239055 10.7651753169484 8.87969602551311 9.64134646579623 9.95977659337223 10.0601824894547 10.0121310963295 9.74533828673884 10.3800469869748 12.4548631110229 12.3055451998487 12.1938077812083 12.060411376413 12.5653095967136 12.4720755503513 12.4433881514706 12.4448225214146 12.2336115471553 11.744132803753 11.2729422771372 11.0929288491607 12.0783410007134 12.1665547522716 12.1199377290905 12.259788798634 12.2282326598652 12.0023193936795 11.9478133358061 11.7728202026337 11.5587404884864 10.8250602621119 11.4300057860091 7.1381834264506 6.83499984722584 -9999 -9999 -9999 -9999 -9999 -9999 -9999 -9999 -9999 -9999 -9999 -9999 -9999 -9999 -9999 -9999
-9999 -9999 -9999 -9999 -9999 -9999 -9999 -9999 -9999 14.3249996798113 9.59520756592974 10.0814589769579 9.99707021191716 10.9801515123108 9.32363352319226 9.48715169681236 9.56532485876232 9.77761161047965 9.82853174349293 10.2251350330189 12.1559404146858 12.1618213314563 12.1609607094899 12.1117618204094 12.2832168410532 12.6286011704942 10.8476515887305 12.3946195733733 11.9851069543511 11.8990447577089 12.3748969866429 12.181257044198 10.9788964386098 10.2652973914519 11.5002899132669 12.2497482090257 12.1565141626634 12.0302896075882 11.9736319947988 10.8012736272067 10.5380069770617 11.744849988725 10.546433900483 10.3994109812193 13.8743787857571 -9999 14.0382529264902 -9999 -9999 -9999 -9999 -9999 -9999 -9999 -9999 -9999 -9999 -9999 -9999 -9999 -9999 -9999
-9999 -9999 -9999 -9999 -9999 -9999 -9999 -9999 -9999 8.79124695086488 10.2405545099173 9.61732076923363 11.5189367225394 11.4668212812394 11.9399243011139 12.0553910816088 12.4809208316728 12.0753288238309 12.3881649086252 9.25980406068265 12.6793420072645 12.6753974899184 12.7096430723323 12.0001678387634 12.6316492066253 12.7336687688949 12.498790690559 12.6305734291673 12.3695180993527 12.3899578710552 12.2752082755323 12.0962706250139 12.0349513099063 11.5404522716999 11.4852290288545 11.5203710924834 11.7706686477177 11.9148228270933 11.8897213530727 11.9248634167016 10.4135156190023 10.1403279100778 10.4958723599557 11.0800195196643 15.2049996601418 -9999 -9999 -9999 -9999 -9999 -9999 -9999 -9999 -9999 -9999 -9999 -9999 -9999 -9999 -9999 -9999 -9999
-9999 -9999 -9999 -9999 -9999 -9999 -9999 -9999 -9999 10.8768171109259 10.9561855811626 11.6071504740976 11.7367218923755 11.4350260808133 12.0369833339937 12.248552900739 12.1447523291223 12.1959593361244 12.8349711461924 12.7453230246902 12.6488616459537 12.6969130390789 12.6757560824044 12.7749069047859 12.65997801302 12.6628467529081 12.5825220360421 12.3549951036694 12.6743217124604 11.8811151334085 11.7548905783333 12.2038483708166 12.3252916927449 12.260864576092 12.0460676769726 12.2275154748932 12.220343625173 11.9772179196589 11.9334696363658 11.7548905783333 11.5999786243774 10.8598437332548 10.2057710387744 13.0004359647366 -9999 -9999 -9999 -9999 -9999 -9999 -9999 -9999 -9999 -9999 -9999 -9999 -9999 -9999 -9999 -9999 -9999 -9999
-9999 -9999 -9999 -9999 -9999 -9999 -9999 -9999 10.3140659695491 10.838806307409 11.4749493775889 11.6731314915232 11.7548905783333 11.877290146891 12.1626102349255 12.1651203823276 12.6549577182159 12.5502487123013 12.204708992783 12.7126911084633 12.6951200766489 12.8532593629789 12.700140371453 12.6750388974324 12.5855700721731 12.1247787276516 11.9081291006878 12.395097696688 12.4398022266105 11.8402355900034 11.8015076015145 12.5577791545074 10.6748100104742 11.505310208071 11.5908942813985 12.0367442723364 12.021683387924 11.9965819139034 11.8474074397236 11.7900326419622 10.9984038698487 10.2428853610763 13.2560690609165 -9999 -9999 -9999 -9999 -9999 -9999 -9999 -9999 -9999 -9999 -9999 -9999 -9999 -9999 -9999 -9999 -9999 -9999 -9999
-9999 -9999 -9999 -9999 -9999 -9999 -9999 -9999 10.508013276982 8.19550156220794 7.91364786820486 7.19215978635475 11.8502761796117 8.6200750656426 12.342802959145 12.499866468017 12.540208122693 12.4735099202953 12.7532120593823 12.701395445154 12.820448150509 12.6422276849626 12.5850321834441 12.3343760357238 12.6406140187755 12.5502487123013 12.3855352303945 12.0049490719102 12.0539567116648 11.6903439308517 11.8825495033525 10.9251075657085 11.0219275369309 11.6049989191815 11.4952696184628 11.3102358956821 10.8498031436466 10.4171015438624 10.719036417082 11.6702627516352 11.5999786243774 13.4017679463857 17.1499996166676 -9999 -9999 -9999 -9999 -9999 -9999 -9999 -9999 -9999 -9999 -9999 -9999 -9999 -9999 -9999 -9999 -9999 -9999 -9999
-9999 -9999 -9999 -9999 -9999 -9999 -9999 7.73870257602375 10.9418418817222 11.2899156548083 11.6946470406838 11.7938576284796 11.8526667961851 11.7681585003156 12.0946569588268 11.4500869652256 12.6872310419567 12.7560807992704 12.6047547701746 12.7973189351615 12.7361789162969 12.6449171286076 12.4152386413189 12.2784356079064 12.4806817700155 12.7183568697423 12.1751609719358 12.610922560934 11.8588823992759 12.0726035209373 12.0051881335676 11.3202764852904 11.184011340607 11.5342366686091 11.2698344755918 12.0152287231758 12.0274208677001 12.0274208677001 10.5447604688816 11.7197485147044 11.4751884392463 11.538554960569 -9999 -9999 -9999 -9999 -9999 -9999 -9999 -9999 -9999 -9999 -9999 -9999 -9999 -9999 -9999 -9999 -9999 -9999 -9999 -9999
-9999 -9999 -9999 3.8400372271426 -9999 11.2618008919905 10.5143812490412 10.7788018314168 11.2779625719413 11.3740653581917 11.5820490000769 11.5938825521152 10.7300332533196 11.0871913693845 11.265053242445 11.9126712721772 12.0137943532318 12.860251916456 12.8147106707329 12.7126911084633 12.900234978646 12.7342066576239 12.4647244043881 12.5703298915178 12.651084919367 12.7758751044981 12.73815117497 12.4057359404396 11.6566362371668 12.0001678387634 11.8847010582685 11.5536006628536 11.1001006988809 11.1273537278175 11.320037423633 11.4450666704215 11.5110476878472 11.3561357338913 11.8882869831286 13.4199016001023 13.2949997028336 -9999 -9999 -9999 -9999 -9999 -9999 -9999 -9999 -9999 -9999 -9999 -9999 -9999 -9999 -9999 -9999 -9999 -9999 -9999 -9999 -9999
-9999 -9999 3.88019958557561 -9999 11.0171463037841 10.8449621450854 10.7447355452459 11.2215440208092 10.7723471666686 11.3279264583252 12.4096804577857 11.5999786243774 11.4285714160651 11.5813318151049 11.625080098398 12.5056398070417 12.8425015883986 12.7300828440348 12.6547784219729 12.3831446138211 12.4546838147799 12.3833836754784 12.3068839451298 12.2442497909069 12.126631455496 12.0649535479024 11.9846288310364 12.3282082449645 11.544755381532 11.70397044532 11.7950529367663 11.4321573409252 10.8469344037585 11.064958635252 10.8835108373314 11.1036866237409 11.8402355900034 10.4561337926425 10.5234839813784 -9999 -9999 -9999 -9999 -9999 -9999 -9999 -9999 -9999 -9999 -9999 -9999 -9999 -9999 -9999 -9999 -9999 -9999 -9999 -9999 -9999 -9999 -9999
16.7749996250495 16.7749996250495 -9999 17.4799996092916 11.0071057141759 10.3336092600366 10.9548707420472 10.9147801021114 11.7082735551521 11.4737540693022 11.5483413063921 11.8925900929607 12.6700186026283 12.0522832800634 12.26014739112 12.541463196394 12.7051606662571 12.5995551791275 12.6536667852662 12.1835878953571 12.1921941150213 12.5100863538682 12.2326792066917 12.2836949643679 12.1175471125171 11.9545070622116 11.6769564780407 12.2802285703365 12.26014739112 11.7706686477177 11.7190313297324 11.5246742023155 10.987502658274 10.9408856350929 10.7522659874521 10.7501144325361 10.4150865956077 16.8463211668713 -9999 -9999 -9999 -9999 -9999 -9999 -9999 -9999 -9999 -9999 -9999 -9999 -9999 -9999 -9999 -9999 -9999 -9999 -9999 -9999 -9999 -9999 -9999 -9999
10.4517654841766 15.529127721076 10.9647918008268 10.069864486577 10.1974038807675 10.480931006372 10.7843958741985 11.3475295142271 11.5411694566719 11.5698568555526 11.704687630292 11.6989501505159 12.3272041860037 12.5356181388721 12.4258171196561 12.4987548313104 12.3933286404237 12.7064157399582 12.2442976032384 12.1635067161405 12.0322618662613 12.0342341249343 11.9282700453186 12.4050699829656 11.8275055567501 11.6010544018354 11.5808536917903 12.1138416568283 12.1636860123836 11.2119815545157 11.2048097047955 11.4436323004775 8.91483808914199 8.77498701959848 11.484780788247 12.7450839630328 15.7426368668836 7.24499983806163 0.64593832345442 13.2399997040629 -9999 -9999 -9999 -9999 -9999 -9999 -9999 -9999 -9999 -9999 -9999 -9999 -9999 -9999 -9999 -9999 -9999 -9999 -9999 -9999 -9999 -9999
9.75188259960851 10.0623340443708 10.3035771393334 10.070760967792 9.96479688817635 10.5176030646078 10.9048829494976 11.6045207958668 11.529216373805 12.4147007525899 12.5925626256503 12.2707258694572 12.1240615426796 11.6668202637695 12.5714056689758 12.5649510042276 12.4439260401996 12.3117847091053 12.100753031089 12.1389431308489 11.9751858955715 11.8696401738562 11.8246965822764 11.9733929331414 11.741981248837 11.4768618708476 10.8572140550241 10.6650084825233 11.2358877202496 10.9351481553167 11.5131992427632 11.4964649267495 10.9611461105524 15.6368824345991 14.460298957367 15.9343481587991 17.3604151388345 2.78481907164678 12.9631810416408 12.9549997104332 -9999 -9999 -9999 -9999 -9999 -9999 -9999 -9999 -9999 -9999 -9999 -9999 -9999 -9999 -9999 -9999 -9999 -9999 -9999 -9999 -9999 -9999
11.160675244979 10.9413637584075 9.88260749038309 10.5550401201472 11.4895321386866 11.6982329655439 11.8423871449195 11.5347147919238 12.8299508513883 11.3195593003184 11.1370357249398 13.1247138748877 11.9386333681643 12.1238105279393 12.4372920792084 12.5882595158182 12.0919675151818 12.1654789748136 11.9452314699069 12.0274208677001 11.8915143155027 11.7736569184344 11.8309121853672 11.6936907940544 11.4981383583508 11.0686342082336 10.3902071074117 10.987502658274 10.3156597139314 10.4493270552717 10.7121036290191 10.1792351948097 10.6599881877191 12.4532494448358 11.2187120596377 13.7394517320566 13.6649996945634 -9999 -9999 -9999 -9999 -9999 -9999 -9999 -9999 -9999 -9999 -9999 -9999 -9999 -9999 -9999 -9999 -9999 -9999 -9999 -9999 -9999 -9999 -9999 -9999 -9999
9.8471785527654 10.6002227733843 10.8598437332548 11.8000732315704 11.6121707689017 11.7742545725778 11.744849988725 12.2052827407606 12.4857020648196 12.3401135155 12.9647816261277 12.6771904523484 12.6936857067049 12.4495559422299 13.2502212449908 13.1196935800835 12.5802270441316 12.6552445922047 12.0288552376442 12.0137943532318 11.7656483529136 11.6326105406042 12.3830011768267 11.265411834931 10.068788709119 9.72181461965665 10.3692892123945 10.0861445854418 10.1603015115485 10.2393352954648 13.6839225571603 10.7129344814457 -9999 -9999 -9999 13.6052278061397 -9999 -9999 -9999 -9999 -9999 -9999 -9999 -9999 -9999 -9999 -9999 -9999 -9999 -9999 -9999 -9999 -9999 -9999 -9999 -9999 -9999 -9999 -9999 -9999 -9999 -9999
10.4814091296867 10.6149250653107 10.8787296041846 11.3683278784156 11.7326578442007 11.5017242832109 11.4500869652256 11.2048097047955 11.5203710924834 13.0486922678538 12.7768791634589 12.8299508513883 12.5947141805664 13.0252044600202 13.0422376031056 12.4387264491525 12.4706411804073 12.5534043261781 12.5618671088479 12.38701741267 11.8509933645837 11.4824399761856 10.6826990451664 10.7300332533196 10.5402661097236 10.2764137585182 10.2947019753046 10.5249183513224 9.94089072244242 9.4925305841025 9.21476484443992 9.7900428166613 11.409805075964 16.1851612903411 -9999 -9999 -9999 -9999 -9999 -9999 -9999 -9999 -9999 -9999 -9999 -9999 -9999 -9999 -9999 -9999 -9999 -9999 -9999 -9999 -9999 -9999 -9999 -9999 -9999 -9999 -9999 -9999
9.08911403734237 9.98774680728093 9.89277102598654 10.7110278515611 11.9317962047644 13.1987726598929 10.9502090397291 11.2822656817734 11.1173131382093 12.6807763772085 12.7689901287667 12.4677724405192 12.5983001054265 13.058912153705 12.0186353517929 11.9715828948787 12.0847956654616 12.5281594151631 12.4418103445321 11.6550225709798 11.6014129943214 11.0975905514788 10.9110029279254 9.96809593904763 10.3732337297406 10.470053700963 9.51870783558115 9.67684712191112 9.68868067394942 9.73499033214258 10.8750070726632 14.3651749321143 10.9314597754606 11.3532669940032 17.1650023091875 4.99999988824129 -9999 -9999 -9999 -9999 -9999 -9999 -9999 -9999 -9999 -9999 -9999 -9999 -9999 -9999 -9999 -9999 -9999 -9999 -9999 -9999 -9999 -9999 -9999 -9999 -9999 -9999
-9999 -9999 -9999 -9999 7.15999983996153 15.1264966626186 11.6673940117471 11.9915616190992 12.7302621402778 12.8012634525076 12.8471632907167 12.697988816537 12.4247413421981 12.6323663915973 11.7464636549121 12.4780999041162 11.8384426275734 11.7667241303716 11.6358378729783 11.2275205622427 10.9176966543309 10.2215491081588 9.92606889968738 10.9251075657085 8.99516280600801 9.42291241431875 12.7864607546851 -9999 -9999 -9999 -9999 -9999 -9999 -9999 -9999 -9999 -9999 -9999 -9999 -9999 -9999 -9999 -9999 -9999 -9999 -9999 -9999 -9999 -9999 -9999 -9999 -9999 -9999 -9999 -9999 -9999 -9999 -9999 -9999 -9999 -9999 -9999
-9999 -9999 -9999 -9999 -9999 15.360620777266 11.4439191744663 12.0051881335676 12.2407116783783 13.3415427980945 12.6893825968727 12.6147953597829 12.5610064868815 12.3931852034293 12.262657538522 11.5526444162242 11.0714133000001 10.9509262247011 10.8017517505214 11.1833838037564 10.9521812984021 10.7359141700901 10.5399792357348 11.4902493236586 14.7465849412191 -9999 -9999 -9999 -9999 -9999 -9999 -9999 -9999 -9999 -9999 -9999 -9999 -9999 -9999 -9999 -9999 -9999 -9999 -9999 -9999 -9999 -9999 -9999 -9999 -9999 -9999 -9999 -9999 -9999 -9999 -9999 -9999 -9999 -9999 -9999 -9999 -9999
