EcologicalScience/Bass/data/rs_data_bass/sst_320.asc
NCOLS 226 
NROWS 124 
XLLCORNER -9.41648524995501 
YLLCORNER 47.587301625531 
CELLSIZE 0.0833 
NODATA_value -9999 
[rows 54 to 80 of 124, columns 0 to 61 of 226]
-9999 -9999 -9999 -9999 -9999 -9999 -9999 -9999 -9999 -9999 -9999 -9999 -9999 -9999 -9999 -9999 -9999 -9999 -9999 -9999 -9999 -9999 -9999 -9999 -9999 -9999 -9999 -9999 -9999 -9999 -9999 -9999 -9999 -9999 -9999 -9999 -9999 -9999 6.63992735790089 6.45919674495235 7.0386822023429 7.63589237404189 8.1302377297543 9.54524367954582 9.62915432127193 9.62341684149578 10.0583895270247 10.945188744925 11.3919949824922 11.4041871270165 11.4952696184628 11.4859462138265 11.3955809073523 11.4135105316527 10.0587481195107 9.72812584741041 9.71091340808198 8.27469927411792 12.9509475054832 -9999 -9999 8.65330463601276
-9999 -9999 -9999 -9999 -9999 -9999 -9999 -9999 -9999 -9999 -9999 -9999 -9999 -9999 -9999 -9999 -9999 -9999 -9999 -9999 -9999 -9999 -9999 -9999 -9999 -9999 -9999 -9999 -9999 -9999 -9999 -9999 -9999 -9999 -9999 -9999 -9999 -9999 13.3749997010455 6.48358103400096 6.59976499946788 7.00593075528741 8.53975034877658 7.78634753567167 10.1003448478878 9.97842340264469 10.2868129406124 10.5901821837761 11.0836054445244 11.4178136414848 11.3217108552344 11.2844172366895 11.1911831903271 11.3030640459619 9.273430575151 9.06383326707873 9.6399120958522 10.9329966004007 6.55888075719497 13.6649996945634 -9999 14.339999679476
-9999 -9999 -9999 -9999 -9999 -9999 -9999 -9999 -9999 -9999 -9999 -9999 -9999 -9999 -9999 -9999 -9999 -9999 -9999 -9999 -9999 -9999 -9999 -9999 -9999 -9999 -9999 -9999 -9999 -9999 -9999 -9999 -9999 -9999 -9999 -9999 -9999 -9999 -9999 9.03971792239463 7.28539383271709 7.29686879226938 8.09007537132129 8.2098452616483 10.6203039526008 10.9401684501208 10.8548234384507 11.0054322825745 11.3367717396468 11.3661763234995 11.1495864619501 11.2112643695436 11.0039979126304 10.6181523976848 10.5600604149513 10.0465559749864 9.81490522902459 9.88518935628235 10.2036194838583 6.57756936110974 -9999 -9999
-9999 -9999 -9999 -9999 -9999 -9999 -9999 -9999 -9999 -9999 -9999 -9999 -9999 -9999 -9999 -9999 -9999 -9999 -9999 -9999 -9999 -9999 -9999 -9999 -9999 -9999 -9999 -9999 -9999 -9999 -9999 -9999 -9999 -9999 -9999 -9999 -9999 -9999 -9999 -9999 7.70195877063088 8.09222692623734 7.74510939978063 7.60525833023712 10.8031861204654 10.9157841610722 11.2894375314936 11.3310342598706 11.2736594621092 11.3382061095908 11.2779625719413 11.1022522537969 11.1223334330134 10.5349589409307 10.3298440389335 10.2638630215079 10.149830610957 9.86060015724174 11.5521065274952 9.30763478150878 13.3221604144917 -9999
-9999 -9999 -9999 -9999 -9999 -9999 -9999 -9999 -9999 -9999 -9999 -9999 -9999 -9999 -9999 -9999 -9999 -9999 -9999 -9999 -9999 -9999 -9999 -9999 -9999 -9999 -9999 -9999 -9999 -9999 -9999 -9999 -9999 -9999 -9999 -9999 -9999 -9999 -9999 -9999 8.40142329729861 7.66370890545659 8.27883845595643 8.63769732495504 10.7099520741031 10.7199926637113 11.2184362192638 11.1897488203831 11.1495864619501 11.2012237799354 11.1954863001592 11.2055268897675 11.2442548782565 11.2191534042358 11.1997894099914 10.6762443804182 10.6497085364535 9.11370323638299 10.2510088600863 10.4218643876509 7.69490645173937 16.4699996318668
-9999 -9999 -9999 -9999 -9999 -9999 -9999 -9999 -9999 -9999 -9999 -9999 -9999 -9999 -9999 -9999 -9999 -9999 -9999 -9999 -9999 -9999 -9999 -9999 -9999 -9999 -9999 -9999 -9999 -9999 -9999 -9999 -9999 -9999 -9999 -9999 -9999 -9999 -9999 6.10499986354262 8.61911881901324 6.73656803288031 8.01979124406353 8.65521712927148 8.09772534435615 10.2477263596375 10.3735923222266 10.3599658077583 10.8347422592342 11.1431317972019 11.3224280402064 11.4034699420445 11.4931180635467 11.2758110170253 11.1208990630694 11.0226447219029 10.9659871091135 9.9110976633965 9.75493063573958 13.1788889243124 -9999 -9999
-9999 -9999 -9999 -9999 -9999 -9999 -9999 -9999 -9999 -9999 -9999 -9999 -9999 -9999 -9999 -9999 -9999 -9999 -9999 -9999 -9999 -9999 -9999 -9999 -9999 -9999 -9999 -9999 -9999 -9999 -9999 -9999 -9999 -9999 -9999 -9999 -9999 -9999 -9999 8.7475546944188 6.79483931185678 7.37002165941522 7.56509597180411 7.92010253295302 9.31024607038125 9.35303810704499 10.666920975782 10.4933622125536 10.788842421025 11.2908719014376 11.4163792715408 11.4421979305334 11.4199651964009 10.9494918547571 10.7235785885714 10.5701010045595 10.753259012798 14.1849996829405 10.5678137660001 6.41867579403333 6.36524551361799 6.24977873312309
-9999 -9999 -9999 -9999 -9999 -9999 -9999 -9999 -9999 -9999 -9999 -9999 -9999 -9999 -9999 -9999 -9999 -9999 -9999 -9999 -9999 -9999 -9999 -9999 -9999 -9999 -9999 -9999 -9999 -9999 -9999 -9999 -9999 -9999 -9999 -9999 -9999 -9999 -9999 9.59472944261506 9.01524398522452 7.3893856536597 7.35639514494687 7.95201726420783 11.1675160862505 11.1094241035171 10.7615893920884 10.9007232766598 11.1746879359707 11.2478408031166 11.3891262426041 11.4465010403655 11.3826715778559 11.0893429243006 10.9279763055965 9.97770621767268 9.86008788226172 10.2251350330189 7.37727319635451 6.74607073375955 6.83482237404678 6.02099672704935
-9999 -9999 -9999 -9999 -9999 -9999 -9999 -9999 -9999 -9999 -9999 -9999 -9999 -9999 -9999 -9999 -9999 -9999 -9999 -9999 -9999 -9999 -9999 -9999 -9999 -9999 -9999 -9999 -9999 -9999 -9999 -9999 -9999 -9999 -9999 -9999 -9999 -9999 8.6161305482965 9.42803516411888 8.28012938890606 8.81873530289158 8.7477339906618 11.1610614215024 11.1388286873698 11.2629016875289 11.225608068984 11.2048097047955 11.4328745258972 11.6107363989577 11.6028473642655 11.465147849638 11.3532669940032 11.2786797569133 10.5995055884123 10.8311563343741 10.3305612239055 10.0157170211896 10.3183690793812 6.61769462376833 7.86595506756566 6.10825423197821
-9999 -9999 -9999 -9999 -9999 -9999 -9999 -9999 -9999 -9999 -9999 -9999 -9999 -9999 -9999 -9999 -9999 -9999 -9999 -9999 -9999 -9999 -9999 -9999 -9999 -9999 -9999 -9999 -9999 -9999 -9999 -9999 -9999 -9999 -9999 -9999 -9999 -9999 9.4756215691853 8.75490584038198 9.53448590496555 10.2050538538024 9.91602831007913 10.945905929897 11.0778679647483 11.4357432657853 11.3403576645069 11.2198705892079 11.6767174163833 11.7082735551521 11.4802087340504 11.1316568376496 10.988219843246 10.9781792536378 10.7106692590751 10.4001281661913 10.3614001777023 10.3319955938496 10.1856898595579 6.7612511490006 6.60956652741879 6.17531102686189
-9999 -9999 -9999 -9999 -9999 -9999 -9999 -9999 -9999 -9999 -9999 -9999 -9999 -9999 -9999 -9999 -9999 -9999 -9999 -9999 -9999 -9999 -9999 -9999 -9999 -9999 -9999 -9999 -9999 -9999 -9999 -9999 -9999 -9999 -9999 -9999 -9999 7.2453562021053 9.81155836582184 9.2777336849831 9.57177952351049 9.74677265668288 10.4711294784211 10.7415082128718 11.024796276819 11.2765282019973 11.3532669940032 11.2406689533964 11.3410748494789 11.6659596418031 11.4665822195821 11.2083956296556 10.8835108373314 10.8706015078351 10.8476515887305 10.6834162301384 10.4969481374137 10.1928617092781 9.89020965108648 7.45895259594545 6.74965665861964 6.98632769938558
-9999 -9999 -9999 -9999 -9999 -9999 -9999 -9999 -9999 -9999 -9999 -9999 -9999 -9999 -9999 -9999 -9999 -9999 -9999 -9999 -9999 -9999 -9999 -9999 -9999 -9999 -9999 -9999 -9999 -9999 -9999 -9999 -9999 -9999 -9999 -9999 -9999 9.04590364277828 9.23398540169001 9.54811241943389 9.56962796859443 9.65640735020861 10.6461226115935 10.7364879180677 11.0176244270988 11.2198705892079 11.425702676177 11.7254859944806 11.5677053006366 11.5540787861682 11.3597216587514 11.1553239417262 10.58803062886 10.3972594263032 10.7020630394109 10.4388561546803 10.3951078713872 8.31204412016086 7.74636447348166 7.22658466501161 6.93971067620441 6.8636890691705
-9999 -9999 -9999 -9999 -9999 -9999 -9999 -9999 -9999 -9999 -9999 -9999 -9999 -9999 -9999 -9999 -9999 -9999 -9999 -9999 -9999 -9999 -9999 -9999 -9999 -9999 -9999 -9999 -9999 -9999 -9999 -9999 -9999 -9999 -9999 8.16810937797817 12.6230429869611 8.20707897675623 9.25621813582256 9.38746298570186 9.51225317083299 9.91961423493922 10.3147831545211 10.9222388258204 11.2915890864097 11.3955809073523 11.5791802601889 11.6136051388457 11.6444440926425 11.4551072600298 11.2456892482005 10.9258247506805 10.6905880798586 10.1168401022442 10.270317686256 10.3398846285418 9.73529769713059 8.42858667811379 8.08720663143322 7.19502852624282 6.87444684375077 7.09964292496443
-9999 -9999 -9999 -9999 -9999 -9999 -9999 -9999 -9999 -9999 -9999 -9999 -9999 -9999 -9999 -9999 -9999 -9999 -9999 -9999 -9999 -9999 -9999 -9999 -9999 -9999 -9999 -9999 -9999 -9999 -9999 22.1563336286078 -9999 -9999 -9999 14.6948340615759 8.3533847110479 8.62652973039076 9.28777427459136 9.51583909569308 9.77043976075947 9.62628558138385 10.3176518944092 11.0506149358116 11.4816431039944 11.5906552197412 11.62221135851 11.6372722429223 11.6910611158237 11.582766185049 11.343943589367 10.6740928255022 10.468977923505 10.3291268539615 9.97555466275662 10.188558599446 10.0630512293428 8.99014251120389 8.26722005940974 7.5328226480633 6.98489332944155 6.9669637051411
-9999 -9999 -9999 -9999 -9999 -9999 -9999 -9999 -9999 -9999 -9999 -9999 -9999 -9999 -9999 -9999 -9999 -9999 -9999 -9999 -9999 -9999 -9999 -9999 -9999 -9999 23.8449994670227 23.8449994670227 -9999 10.284693260584 10.6335224690608 9.35967206803616 9.24394630407915 9.47947516137113 13.5454623918049 9.75527642135109 10.2318287594244 10.062047170382 9.01309243030846 10.6877193399705 10.0350810154341 10.2925504203886 10.6755271954462 10.868449952919 11.6136051388457 11.6179082486778 11.6853236360475 11.6752830464393 11.6394237978384 11.4981383583508 11.4500869652256 9.53018279513344 9.8830378013663 10.111102622468 9.90455335052684 9.80701619433239 9.75251013645902 9.29494612431154 6.95262000570074 6.99995421385393 6.96481215022504 9.85637156013399
-9999 -9999 -9999 -9999 -9999 -9999 -9999 -9999 -9999 -9999 -9999 -9999 -9999 -9999 -9999 -9999 -9999 -9999 -9999 -9999 -9999 -9999 11.1142731302682 8.38483839482069 8.63011565525085 8.65163120441139 8.89403972495347 8.88256476540118 9.90553947986336 9.15868097962812 9.06329537834972 9.05899226851761 8.72980436636135 8.80008849361911 9.03962827427313 9.25908687571064 9.49002043670043 10.1254463219084 10.709234889131 10.9552293345332 11.2772453869693 10.66978971567 11.0484633808956 11.1510208318941 11.5669881156646 11.7003845204599 11.6595049770549 11.6387066128664 11.5354319768958 11.2585985776968 9.65389720280655 9.59186070272699 9.66573075484484 9.34156314749271 8.75992613518611 9.30498671391979 10.2093569636345 10.6407161402659 11.8144169310108 15.4099996555597 -9999 -9999
-9999 -9999 -9999 -9999 -9999 -9999 -9999 -9999 -9999 -9999 -9999 -9999 -9999 -9999 -9999 -9999 -9999 -9999 -9999 -9999 -9999 13.7588540748409 8.01979124406353 7.92512282775715 9.46635333262384 8.93205052847043 8.95858637243509 8.95858637243509 8.71617785189301 8.99372843606398 8.96360666723922 8.99301125109196 9.05182041879743 9.76255072606727 9.71019622310996 10.2638630215079 10.2997222701088 10.5944852936082 10.4567857789807 10.5571916750632 10.4001281661913 11.506027393043 11.5784630752169 11.6157566937618 11.6014129943214 11.6057161041535 11.4436323004775 11.3676106934436 11.2937406413257 11.1789910458028 10.9803308085538 10.3549455129541 10.1584368306212 10.0752433738671 8.19502343889326 10.0809808536433 15.1399996615946 -9999 -9999 -9999 -9999 -9999
-9999 -9999 -9999 -9999 -9999 -9999 -9999 -9999 -9999 -9999 -9999 -9999 -9999 -9999 -9999 -9999 -9999 6.88018432352692 13.8848605402295 13.5856396915915 7.12761313887313 8.14195175096393 9.07477033790201 9.31144137866795 9.31933041336015 9.85363321751356 9.69441815372556 9.3810083209537 9.40682697994635 9.25263221096247 9.72740866243839 9.80056152958423 9.76828820584342 9.98774680728093 10.1749320849776 10.2911160504445 10.309045674745 10.5801415941678 10.8498031436466 10.6507843139116 10.6497085364535 10.669072530698 11.6372722429223 11.5519272312522 11.5763115203008 11.4271370461211 11.0190587970428 10.9215216408484 10.7551347273402 10.6561632012017 10.4998168773018 9.66985456843395 13.4399996995926 -9999 -9999 -9999 -9999 -9999 -9999 -9999 -9999 -9999
-9999 -9999 -9999 -9999 -9999 -9999 -9999 -9999 -9999 -9999 -9999 -9999 -9999 -9999 -9999 -9999 -9999 8.29016997851431 9.15742590592708 7.5048524341546 7.85985899530351 9.80988493422046 9.46205022279173 9.39893794525415 9.56389048881829 9.62126528657973 9.84144107298926 9.98129214253277 9.69800407858565 9.91817986499518 9.93108919449151 10.0329294605181 10.2050538538024 10.2265694029629 10.1957304491661 10.4331186749041 10.4897762876935 10.4151890506037 10.2272865879349 11.0549180456437 10.4001281661913 9.76972257578745 10.4503311142325 10.7425839903299 11.54403819656 11.3798028379679 11.1144443983212 10.7285988833755 10.5916165537201 10.6303445422091 10.4614198972614 14.0849996851757 -9999 -9999 -9999 -9999 -9999 -9999 -9999 -9999 -9999 -9999
-9999 -9999 -9999 -9999 -9999 -9999 -9999 -9999 -9999 -9999 -9999 -9999 -9999 6.96741194574861 9.96121096331626 8.7398449559696 8.72191533166915 8.55767997307703 8.72048096172512 9.40180668514222 9.94758444884792 9.81849115388468 9.89809868577868 9.75107576651499 9.94328133901581 10.2523880619556 10.1935788942501 10.2997222701088 10.2990050851367 10.347773663234 10.3527939580381 10.068788709119 10.4151890506037 10.1405072063208 10.4367045997642 10.5184636865743 10.5672322646715 10.4503311142325 9.91029083030298 10.5813966678688 11.2198705892079 11.0749992248602 10.9251075657085 10.4983825073577 10.3341471487656 11.1696676411666 11.0965147740208 10.9150669761002 10.6030915132724 10.6511429063976 10.6030915132724 10.6977001641644 15.954999643378 -9999 -9999 -9999 -9999 -9999 -9999 24.0074323227829 -9999 -9999
-9999 -9999 -9999 -9999 -9999 -9999 -9999 -9999 -9999 -9999 19.5287395404112 8.77307452633977 9.01476586190984 8.24068421544507 8.01118502439931 9.80558182438836 9.67505415948108 8.76494642999023 9.90240179561079 9.96336251823232 10.0558793796226 9.9188970499672 9.93539230432361 9.96049377834424 10.1749320849776 10.0078279864974 9.95690785348415 9.96945859049447 10.2523880619556 10.2452162122354 10.3599658077583 10.3147831545211 10.4151890506037 10.3821985418908 10.4488967442885 10.5005340622738 10.4189184124582 10.3036667874549 10.7307504382916 9.90025024069473 10.5191808715463 11.2098299995996 11.2349314736202 10.8878139471635 10.5550401201472 9.98989836219698 11.2048097047955 11.0922116641887 10.0616168593988 10.5048371721059 10.6505054086447 10.5547141269781 7.18612391575083 -9999 -9999 -9999 8.56569940503687 8.33965574158356 8.02481153886765 8.62554360105423 9.5486246944139 17.7899996023625
-9999 -9999 -9999 -9999 -9999 -9999 -9999 20.5402676755592 10.9267809973098 7.7093696820084 8.93859484134009 8.48022399609908 8.32818078203127 8.92774741863832 9.57751700328663 9.67218541959301 9.91817986499518 9.92391734477133 10.1046479577199 9.38674580072984 10.0860011484474 10.0551621946506 9.38746298570186 9.71665088785812 9.871204249328 9.88805809617043 9.78012175788172 10.2323068827391 10.3800469869748 10.3850672817789 10.0949659605976 10.3047425649129 10.307611304801 10.3685720274225 10.3133487845771 10.4488967442885 10.3033081949688 10.3051011573989 10.1598712005652 10.3119144146331 10.2499974453822 10.3692892123945 10.3810032336041 10.6174352127127 10.5984298109543 10.3110537926666 9.73422191967256 9.99599443445913 9.83642077818513 10.5285042761825 10.3994109812193 10.4811700680293 11.6742969171028 9.20099489297718 8.89260535500944 9.2497634710744 9.22896510688588 8.56987211760134 8.89332253998145 8.97938473662362 8.78101137336344 15.5862293055148
-9999 -9999 -9999 -9999 -9999 9.28645943547599 9.32243821490556 9.44770652335137 8.68533889809623 8.55983152799308 8.59712514653802 9.53018279513344 9.6521042403765 9.71234777802601 9.76255072606727 9.94471570895985 9.9188970499672 10.029343535658 10.0110553188715 9.75609606131911 9.88232061639428 9.96515548066236 10.3700063973665 9.98810539976694 9.99025695468299 9.47725454419851 10.3700063973665 9.83799858512357 10.6203039526008 10.5851618889719 9.86271756049246 9.88327686302364 10.4897762876935 9.8605660055764 10.1469618710689 10.3047425649129 10.2896816805005 10.1648914953694 10.2602770966478 10.4596545188688 11.2705858122291 10.7782280834392 10.8810724084266 10.8373241251335 10.7141117469408 10.6824121711776 10.229079550365 10.4178187288344 10.0167927986477 9.98882258473895 9.81562241399661 9.73386332718655 9.75537887634709 9.65784172015265 9.3573412168771 9.48284858698025 9.30355234397575 8.85029144166037 8.85459455149248 8.94209111807868 9.11636706627905 9.84701917832717
-9999 -9999 -9999 -9999 -9999 9.51691487315111 9.64206365076825 9.65676594269462 9.63883631839417 9.49073762167245 9.55815300904214 9.57679981831461 9.66214482998475 9.71019622310996 9.76972257578745 9.84179966547526 9.91280097770505 9.98631243733689 9.97770621767268 9.91746268002316 9.831400483381 9.6040528472513 10.3298440389335 9.88429287506733 10.5650807097554 9.98186589051038 9.8404848263599 9.82437207065523 10.1648914953694 9.85076447762549 9.85363321751356 9.84980823099613 9.89738150080666 9.88901434279978 9.96336251823232 9.84144107298926 10.309762859717 9.93682667426765 10.0905433199368 10.2076835320331 10.307611304801 10.9200872709043 11.0929288491607 10.9510696616955 10.7961577077396 10.5338831634726 10.3312784088776 10.191068746848 11.0197759820148 10.1247291369364 9.51368754077703 9.32506789313629 9.47997984709218 9.59544662758708 9.68652911903337 9.23398540169001 9.11349832639098 9.47137362742797 9.33797722263262 9.0862452974543 8.92631304869428 9.27414776012301
-9999 -9999 -9999 -9999 -9999 9.63919491088018 9.25478376587853 9.38674580072984 9.44770652335137 9.44125185860321 9.48141421703622 9.6241340264678 9.65282142534852 9.74605547171086 9.58970914781094 9.84861292270944 9.86654254700989 9.86618395452388 9.87192143430002 10.2987182111479 10.3413189984858 9.67505415948108 10.1116763704456 9.83570359321311 9.96425899944734 9.86008788226172 9.990615547169 10.1397900213487 9.81657866062596 9.66190576832741 10.029164239415 9.71320839999244 9.77522099390626 10.4132765573449 9.69824314024299 9.83642077818513 9.89140495937318 10.0317341522314 10.0652027842589 10.7952970857732 10.8347422592342 10.6213797300588 10.416145297233 10.972585210856 10.5930509236641 10.8935514269397 10.388653206639 11.0326853115112 10.8526718835346 10.7861171181314 10.191068746848 9.91602831007913 9.54524367954582 9.751792951487 9.67864008434117 9.82135989377275 9.73673206707463 9.72310555260628 9.82135989377275 9.75322732143104 9.63489180104807 9.46348459273577
-9999 -9999 -9999 -9999 -9999 8.94495985796675 9.10776084661484 9.26984465029091 9.38602861575782 9.39248328050599 9.42332223430276 9.49504073150456 9.48500014189631 9.02528457483277 9.8270973735489 9.73601488210261 10.1054846735206 9.80450604693033 9.81795326515567 9.81185719289351 9.87783821031917 9.87030776811298 10.191068746848 9.90562912798487 9.95726644597016 9.9549355948111 10.1577196456492 10.2186803682707 9.88614560291171 9.98655149899423 9.78597876848653 9.97734762518667 9.94256415404379 9.99993895180523 10.1060823276639 9.84187138397247 10.1243705444504 10.2846613856964 10.5564744900912 10.6748100104742 10.6310617271811 10.2789239059202 10.6948911896907 10.1832992429845 11.5655537457205 10.6203039526008 11.2073710796955 10.922095388826 10.8155217019841 10.5605983036803 10.4901348801795 10.5911384304054 9.99133273214102 10.0652027842589 10.2079225936905 10.0214545009658 9.97842340264469 9.80558182438836 9.8192083388567 9.67720571439713 9.36379588162526 9.04823449393734
-9999 -9999 -9999 -9999 -9999 9.57966855820268 9.27988523989916 8.87969602551311 9.2497634710744 9.11780143622309 9.03747671935707 8.94639422791079 9.68437756411731 9.61158328945749 9.6560487577226 9.69119082135148 9.96360157988966 9.96192814828828 10.0513372081332 9.85596406867262 9.54416790208779 9.75770972750615 9.82207707874477 9.84574418282136 9.77459943359718 9.65389720280655 9.75035858154297 9.77474287059158 9.99993895180523 10.0334075838327 9.34921312052757 10.0347941414453 10.1159794802777 10.0650593472645 9.86761832446791 10.0616168593988 10.21605069004 10.2201147382148 10.2958972835913 10.5901821837761 10.7777260539588 11.1728437460427 10.7712713892106 10.3748832551762 10.9437543749809 11.184626070583 10.9897976501845 10.9446149969473 10.7878383620642 10.6852091925684 10.6515014988836 10.4646748136729 10.070223079063 10.1641743103974 10.1268806918524 9.91746268002316 9.69370096875355 9.70517592830583 9.68724630400538 9.58397166803479 9.61050751199946 9.17661060392857
