EcologicalScience/Bass/data/rs_data_bass/sst_394.asc
NCOLS 226 
NROWS 124 
XLLCORNER -9.41648524995501 
YLLCORNER 47.587301625531 
CELLSIZE 0.0833 
NODATA_value -9999 
[rows 0 to 26 of 124, columns 0 to 61 of 226]
-9999.000000000000000 -9999 -9999 -9999 -9999 -9999 -9999 -9999 -9999 -9999 -9999 -9999 -9999 -9999 -9999 -9999 -9999 -9999 -9999 -9999 -9999 -9999 -9999 -9999 -9999 -9999 -9999 -9999 -9999 -9999 -9999 -9999 -9999 -9999 -9999 -9999 -9999 -9999 -9999 -9999 -9999 -9999 -9999 -9999 -9999 -9999 -9999 -9999 -9999 -9999 -9999 -9999 -9999 -9999 -9999 -9999 -9999 -9999 -9999 -9999 -9999 -9999
-9999 -9999 -9999 -9999 -9999 -9999 -9999 -9999 -9999 -9999 -9999 -9999 -9999 -9999 -9999 -9999 -9999 -9999 -9999 -9999 -9999 -9999 -9999 -9999 -9999 -9999 -9999 -9999 -9999 -9999 -9999 -9999 -9999 -9999 -9999 -9999 -9999 -9999 -9999 -9999 -9999 -9999 -9999 -9999 -9999 -9999 -9999 -9999 -9999 -9999 -9999 -9999 -9999 -9999 -9999 -9999 -9999 -9999 -9999 -9999 -9999 -9999
-9999 -9999 -9999 -9999 -9999 -9999 -9999 -9999 -9999 -9999 -9999 -9999 -9999 -9999 -9999 -9999 -9999 -9999 -9999 -9999 -9999 -9999 -9999 -9999 -9999 -9999 -9999 -9999 -9999 -9999 -9999 -9999 -9999 -9999 -9999 -9999 -9999 -9999 -9999 -9999 -9999 -9999 -9999 -9999 -9999 -9999 -9999 -9999 -9999 -9999 -9999 -9999 -9999 -9999 -9999 -9999 -9999 -9999 -9999 -9999 -9999 -9999
-9999 -9999 -9999 -9999 -9999 -9999 -9999 -9999 -9999 -9999 -9999 -9999 -9999 -9999 -9999 -9999 -9999 -9999 -9999 -9999 -9999 -9999 -9999 -9999 -9999 -9999 -9999 -9999 -9999 -9999 -9999 -9999 -9999 -9999 -9999 -9999 -9999 -9999 -9999 -9999 -9999 -9999 -9999 -9999 -9999 -9999 -9999 -9999 -9999 -9999 -9999 -9999 -9999 -9999 -9999 -9999 -9999 -9999 -9999 -9999 -9999 -9999
-9999 -9999 -9999 -9999 -9999 -9999 -9999 -9999 -9999 -9999 -9999 -9999 -9999 -9999 -9999 -9999 -9999 -9999 -9999 -9999 -9999 -9999 -9999 -9999 -9999 -9999 -9999 -9999 -9999 -9999 -9999 -9999 -9999 -9999 -9999 -9999 -9999 -9999 -9999 -9999 -9999 -9999 -9999 -9999 -9999 -9999 -9999 -9999 -9999 -9999 -9999 -9999 -9999 -9999 -9999 -9999 -9999 -9999 -9999 -9999 -9999 -9999
-9999 -9999 -9999 -9999 -9999 10.309762859717 10.1849726745859 10.3750266921706 10.3678548424505 10.4904934726655 10.5966368485242 10.6647694208659 10.6217383225448 10.7042145943269 10.8842280223034 10.9724417738616 11.0298165716231 11.1682332712226 11.1438489821739 11.1137272133492 13.0702078170143 11.227042438928 11.665242456831 11.8940244629048 12.4641865156591 11.6121707689017 11.5648365607485 11.9858241393231 12.3171635963954 12.1601000875235 11.3324686298147 11.4500869652256 11.7889357708285 10.5453651542501 12.3249997245148 8.06610571233885 9.86761832446791 12.2299997266382 11.8599997349083 11.2851344216615 12.6041400401986 12.5050660590641 12.6848745770486 13.4849996985868 -9999 -9999 -9999 -9999 -9999 -9999 -9999 -9999 -9999 -9999 -9999 -9999 -9999 -9999 -9999 -9999 -9999 -9999
-9999 -9999 -9999 -9999 -9999 10.2660145764239 10.0802636686713 12.9779300172813 13.0393688632175 13.1579434452578 10.6231726924889 10.6905880798586 10.7572862822562 10.867015582975 10.9717245888896 10.986785473302 11.0864741844125 11.0427259011194 11.0570696005598 11.2277596239001 12.3365275906399 11.464430664666 11.6924954857677 11.901196312625 11.7348093991168 11.5490584913641 11.4350260808133 11.1811426007189 11.1165959532373 12.4978942093439 12.3855352303945 12.4541459260508 11.5660459314856 12.5937118497621 12.5985852512587 12.8877053353114 12.0099997315556 -9999 11.0499997530133 11.0836054445244 11.3252967800945 11.0628070803359 10.8598437332548 10.8008658161442 10.646628859809 10.9666279978119 -9999 -9999 -9999 -9999 -9999 -9999 -9999 -9999 -9999 -9999 -9999 -9999 -9999 -9999 -9999 -9999
-9999 -9999 -9999 -9999 -9999 10.5751212993637 10.3793298020028 10.905026386492 10.50985746691 10.8820764673874 10.6203039526008 10.7572862822562 10.9494918547571 10.9580980744213 11.027665016707 10.9968260629103 11.1022522537969 11.105120993685 11.0957975890487 11.0957975890487 11.2844172366895 11.7197485147044 11.4572588149458 11.8373668501154 11.9951475439593 9.62358834224996 11.625080098398 11.2076784446836 11.4952696184628 12.4324869398959 12.5762108082883 12.4519943711348 12.5220394367352 11.8552964744158 12.7376730516553 11.7339897591488 10.9442073339106 12.3099997248501 12.0549997305498 11.3496810691431 11.3102358956821 11.6139013674211 11.2126987394877 11.0785851497203 8.71750540705398 -9999 -9999 -9999 -9999 -9999 -9999 -9999 -9999 -9999 -9999 -9999 -9999 -9999 -9999 -9999 -9999 -9999
-9999 -9999 -9999 -9999 -9999 10.5901821837761 10.8304391494021 10.786690866109 10.7730643516406 10.7845393111929 10.8376109991223 10.9602496293373 10.9566637044773 10.9337137853727 11.026947831735 11.0169072421268 10.9738761438057 11.5347147919238 10.9186529009603 11.0735648549162 11.3188421153463 11.344660774339 11.4400463756174 10.6341643317339 11.1101412884891 11.105120993685 12.2851293343119 12.0797753706574 12.0202490179799 12.5124769704416 12.4711193037219 12.5584963394795 12.5574205620214 12.4943082844839 12.7450839630328 12.9250973910093 12.4740442934117 12.5049997204915 11.0848007528111 12.4658345151693 8.78238250764327 8.84767718676237 10.1416875732539 -9999 10.2567313877674 10.3541405094141 9.33499979134649 -9999 -9999 -9999 -9999 -9999 -9999 -9999 -9999 -9999 -9999 -9999 -9999 -9999 -9999 -9999
-9999 -9999 -9999 -9999 -9999 10.8146610800177 10.788842421025 10.7730643516406 10.7178411087953 10.749397247564 10.8318735193461 10.8706015078351 10.8921170569956 10.9301278605126 10.9172185310163 10.9408856350929 10.8440656638704 12.7809432116337 10.827570409514 11.0083010224625 11.2378002135083 12.1679891222157 12.5308847180568 13.0212001772597 12.3336588507518 12.0957327362848 12.4080070261844 12.8289946047589 12.6597389513627 13.0673390771262 12.6403749571182 12.833297714591 12.5607674252242 12.4014328306075 12.1446806106251 12.7764010401443 13.2961210832 11.4852290288545 13.0800093449652 13.0894522804301 12.7826166432351 9.05107238715995 10.5224480475299 12.5100863538682 10.1483338771024 12.9553944149993 12.0949997296557 -9999 -9999 -9999 -9999 -9999 -9999 -9999 -9999 -9999 -9999 -9999 -9999 -9999 -9999 -9999
-9999 -9999 -9999 -9999 -9999 10.7156895538792 10.6590319410898 10.7199926637113 10.7171239238232 10.6712240856141 10.8347422592342 10.9150669761002 11.0197759820148 12.7601448474452 12.1751609719358 12.979125325568 12.7484308262356 12.5935188722797 11.7097079250962 10.8146610800177 12.141453278251 12.3239768536296 13.0742718651891 12.9109927532263 12.5353312648833 12.6857966720127 12.3843399221078 12.223212365061 13.2181869829074 12.9542629132047 13.0852687014267 13.0441500963643 12.6439608819783 12.5832392210141 13.2363556688651 12.5582811839879 12.6355937239714 12.7900275546126 12.5703298915178 12.7230902905576 12.9949033949524 12.9210333428346 13.020004868973 10.5898080003124 9.11268860142257 12.039999730885 -9999 -9999 -9999 -9999 -9999 -9999 -9999 -9999 -9999 -9999 -9999 -9999 -9999 -9999 -9999 -9999
-9999 -9999 -9999 -9999 -9999 10.5686666346155 10.2652973914519 10.6138492878526 10.6253242474049 12.299233972095 10.8849452072755 12.9760772894369 13.5430717752315 13.4663329832256 12.8813491077162 12.726198092103 12.8581601269543 12.3852961687371 12.5904110707343 11.8312707778532 12.222495180089 12.8091524871998 11.2495825380486 12.119794292096 12.500942245475 12.4704021187499 13.1541184587404 13.4534236537293 12.5344706429169 12.5954313655384 12.8858912792057 12.6051133626606 12.7069536286872 12.5480971573852 12.8299508513883 12.7682729437947 12.7529046943943 12.2221764312126 12.4604810599703 12.3073620684445 12.8650929150172 12.1015299814753 12.3774071340449 10.5598889141971 10.4198736418039 11.3658982313675 12.2549997260794 -9999 -9999 -9999 -9999 -9999 -9999 -9999 -9999 -9999 -9999 -9999 -9999 -9999 -9999 -9999
-9999 -9999 -9999 -9999 -9999 12.5270597315393 13.0702078170143 13.0601672274061 12.9929311362794 10.550019825343 12.6363109089434 12.7989326013485 12.4713583653793 12.754407367669 12.4830723865889 13.0367391849868 13.0145064508542 12.4742271052673 12.2475966541097 12.5242507570656 12.2058206294896 12.7965300316922 11.5496732213401 12.3748969866429 11.4149449015968 13.3441724763252 13.1969104954042 12.5136722787283 13.1213670116849 13.2463962584734 12.5975829204544 12.5642338192556 12.7367168050259 12.8532593629789 12.7453230246902 12.607145386748 13.1103701754473 12.8564866953529 11.9982553455047 12.0099693667144 12.5165410186164 12.1995452609845 12.3035370819271 12.3764508874156 12.494999720715 12.1299997288734 -9999 -9999 -9999 -9999 -9999 -9999 -9999 -9999 -9999 -9999 -9999 -9999 -9999 -9999 -9999 -9999
-9999 -9999 -9999 -9999 -9999 13.0400860481896 13.0451063429937 12.9088411983103 12.6327249840833 12.7580530579435 12.7987533051055 13.0035096146166 12.6972716315649 12.7964822193608 12.7943306644447 12.7539292443544 12.4432088552276 12.5301675330848 13.0752281118184 12.9072633913718 13.2448423577007 12.6449171286076 12.2302049185382 13.8585733975051 12.6736045274884 13.4221663420321 12.9803803992691 11.7732983259484 12.329594802577 12.5224577946356 12.6537624099292 12.4744661669247 12.446495953016 12.5161824261304 12.4137445059605 12.1754000335932 12.6958372616209 12.1511352753732 12.4003570531495 12.3723868392408 12.4233069722541 12.4811598933302 13.4403549497947 9.11042104335502 11.8749997345731 -9999 -9999 -9999 -9999 -9999 -9999 -9999 -9999 -9999 -9999 -9999 -9999 -9999 -9999 -9999 -9999 -9999
-9999 -9999 -9999 -9999 -9999 11.0362712363712 10.9502090397291 12.5844942947151 12.6535233482718 12.9574304801645 12.8706510985503 12.5285538668977 12.6097750649787 12.5934591068653 12.3348541590385 12.4756614752114 12.2343287321273 12.3589396210155 12.5645924117416 13.2760399039835 13.0933370323619 12.7171735145384 12.6119266198948 12.7969603426754 14.0464758601738 13.8825990940677 12.0005264312495 11.9258196633309 12.7565589225851 12.4419537815265 12.4390850416385 13.0080517861061 12.553595575504 12.4594052825123 12.2593106753193 12.3171635963954 12.2874004200567 12.5622017951682 11.8883318071894 12.1592968403548 6.35105628478699 8.34267871479894 8.24393853865143 11.2512623730872 10.8105970318429 12.048901378756 -9999 -9999 -9999 -9999 -9999 -9999 -9999 -9999 -9999 -9999 -9999 -9999 -9999 -9999 -9999 -9999
-9999 -9999 -9999 -9999 -9999 14.5605181888677 14.7104098480195 12.3662907669786 14.0653019656893 14.0319528644904 12.0188146480359 12.7849474943941 12.7329515839228 12.7212973281275 12.4048394592246 12.2592509099049 12.4023293118225 12.2700086844852 12.462034960743 12.2379146569874 12.9090204945533 12.8884014266077 13.414815196069 13.2394634704106 12.7212973281275 12.6486823497107 13.1620074934326 12.6284218742512 10.6446882416494 11.7395906322636 12.8710694564506 12.316207349766 12.5552690071054 12.5939969955944 11.7738959800918 12.0778628773987 12.0310067925602 12.1648813206702 12.4735099202953 12.4561779501382 12.2724590664729 8.442737585895 11.9553878829705 -9999 -9999 -9999 -9999 13.2249997043982 13.2249997043982 -9999 -9999 -9999 -9999 -9999 -9999 -9999 -9999 -9999 -9999 -9999 -9999 -9999
-9999 -9999 -9999 -9999 -9999 14.132717353059 14.1269798732828 12.6465307947947 13.6242332078982 12.7282898816047 12.6142574710539 12.9199575653765 12.7521362819243 13.1806543027051 12.2303842147812 12.5853907759301 12.5758880750509 12.2289498448372 12.418645269936 12.8426808846416 12.6119266198948 13.4288003030233 12.8722647647373 12.5893352932762 12.3460900569335 12.0214443262666 12.0431989370845 10.9100466812961 11.1302224677056 12.817758706864 12.3852961687371 12.1665547522716 12.421334713581 11.9669382683933 12.261223168578 11.891394784674 11.9504430140369 11.5524053545669 9.35900693681211 -9999 -9999 -9999 -9999 -9999 -9999 -9999 -9999 -9999 -9999 -9999 -9999 -9999 -9999 -9999 -9999 -9999 -9999 -9999 -9999 -9999 -9999 -9999
-9999 -9999 -9999 -9999 -9999 12.6624164419249 12.7513473784551 12.7137668859214 12.9414731145371 12.9194196766475 12.8892979078228 12.7596667241305 13.0474371941527 12.5163019569591 12.1862773390021 12.2679168949835 12.0134357607458 12.3153706339654 12.3182393738534 12.5082933914382 12.2296670298092 12.660515901749 12.0814488022588 12.1993061993271 11.9198431218974 12.3205104595982 12.2267982899211 11.5942411446013 12.2379146569874 12.7866806914099 11.7458062353544 14.0298013095744 13.8698690608144 12.5227566217072 12.4395631649531 12.4723146120086 12.6351156006567 13.0216185351601 13.623444304429 12.5629471050411 11.6199997402728 -9999 -9999 -9999 -9999 -9999 -9999 -9999 -9999 -9999 -9999 -9999 -9999 -9999 -9999 -9999 -9999 -9999 -9999 -9999 -9999 -9999
-9999 -9999 -9999 -9999 -9999 12.4967467133887 12.7415578035871 12.262657538522 11.9721976248547 12.3311487033498 11.9761421422008 12.6705564913573 12.7279312891187 12.2674387716688 12.2875199508853 12.7458609134192 12.3040152052417 12.3568478315137 12.2153233303688 12.3097526850179 12.7695280174958 12.5613650793675 13.2652821294032 12.5547311183764 12.1519719911739 12.2994730337523 12.4907223596238 12.219626440201 11.9143447037786 14.0749839628115 14.0850245524198 14.014740425162 11.8419090216048 12.0874253436923 12.0824050488882 12.4426709664986 12.3585212631151 12.6200547162443 13.3009620817611 11.0367493596859 11.064999752678 11.0899997521192 10.5811119032476 6.5831629303284 10.5974805955501 11.6199997402728 -9999 -9999 -9999 -9999 -9999 -9999 -9999 -9999 -9999 -9999 -9999 -9999 -9999 -9999 -9999 -9999
-9999 -9999 -9999 -9999 -9999 13.056760598789 12.7463988021482 12.5760673712939 12.9475691867992 12.7539292443544 12.5771431487519 12.5678197441157 12.4702825879212 12.5925626256503 12.6169469146989 12.5900524782483 12.6922513367608 12.6033204002306 12.5547311183764 11.7967263683677 12.4120113089448 11.5526444162242 13.2452009501867 13.1397747593001 12.3919301297283 12.1187424208038 12.181615636684 12.155557916034 12.4565365426242 12.5330362729728 12.3587603247724 12.4527115561068 12.4015523614362 12.1213720990345 12.2741324980743 12.81991026178 12.369219272281 12.2945722697768 12.7025992913571 12.6746290774484 13.1957151871175 12.3924680184573 13.4797204360366 12.8246914949268 12.1482665354852 12.368188683307 12.7249997155741 -9999 -9999 -9999 -9999 -9999 -9999 -9999 -9999 -9999 -9999 -9999 -9999 -9999 -9999 -9999
-9999 -9999 -9999 -9999 -9999 12.9685109879822 12.6635639378801 12.5757087788079 12.9545019748621 12.5642338192556 12.5775017412379 12.4864192497917 12.7302621402778 12.6373866864014 13.4452955573797 11.6401409828104 12.7453230246902 12.4924436035566 12.5629189801402 13.5980559564196 13.5672170026228 12.1904609180056 12.2146061453968 12.2103030355647 12.3503931667656 12.3071230067872 12.3898383402266 12.3458509952761 12.4998067026027 12.4708802420646 12.0463067386299 12.580370481126 12.0094912433997 11.8433433915488 12.2789734966354 12.2526169489138 12.0250302511267 12.5657877200283 13.7450788756832 12.9848628053442 13.018570499029 12.7890713079832 12.0440595590509 11.2940992338117 11.782758337246 9.81310463696718 -9999 -9999 -9999 -9999 -9999 -9999 -9999 -9999 -9999 -9999 -9999 -9999 -9999 -9999 -9999 -9999
-9999 -9999 -9999 -9999 -9999 12.674799835775 12.5485752806999 12.6535233482718 12.7242855988443 12.7450839630328 12.7484308262356 12.5906501323916 13.4897610256448 13.2946867132559 12.9762565856799 13.5385296037421 12.9717741796048 12.9880901377182 13.5098422048613 13.5851466269232 13.6597338640131 13.6073793610558 13.5700857425109 12.8344930228777 12.5896938857622 12.3644978045486 12.4264147737995 12.4665771322325 12.6253140727058 12.0384177039377 12.2870418275706 11.8029419714585 11.8392793433741 11.9217556151561 12.1335642435588 12.3250526310876 12.0355489640497 14.5153355356306 11.96813357668 12.3841008604504 11.7905107652768 11.9365774379112 11.8133411535528 12.0711691509932 11.9977089188594 11.5933190496372 7.69183433103834 -9999 -9999 9.04349595037222 -9999 -9999 -9999 -9999 10.9150669761002 -9999 -9999 -9999 -9999 -9999 -9999 -9999
-9999 -9999 -9999 -9999 -9999 12.8660491616465 12.6145562981255 12.7646870189346 12.7144840708934 12.9872534219176 12.5729595697485 12.4527115561068 12.6080538210459 12.3080792534165 13.6052278061397 13.693441557698 13.6475417194888 13.5586107829586 13.4718314013444 13.5959044015035 13.5148624996655 13.2946867132559 13.4897610256448 14.1201666160487 14.2750785700046 12.5430768625811 12.4797255233862 12.4682505638339 12.5050660590641 11.7591936881654 12.2124545904808 11.9184087519534 12.1615344574675 12.1041596597061 12.0302896075882 12.1251970855519 12.2119764671661 12.2349263862707 12.595192303881 12.7037262963131 12.540208122693 12.6225819394791 11.9050212991424 11.5551033361283 11.5979295244573 11.7168797748163 11.2048097047955 10.5637025896131 9.67342256366974 9.07322839021217 -9999 -9999 -9999 10.4231073581519 8.89872730507986 -9999 -9999 -9999 -9999 -9999 -9999 -9999
-9999 -9999 -9999 -9999 -9999 12.2397076194175 12.7830947665498 12.4288053903729 12.5232347450219 13.455336146988 13.4897610256448 13.4252143781632 13.6590166790411 13.5464186384343 13.3699911353178 13.6439557946287 13.4940641354769 13.7515335404314 13.7307351762429 13.7931302688085 13.9071626793593 14.0118716852739 14.1502883848734 14.0448621939868 14.1933194831945 12.2655262784101 12.2442497909069 12.1646422590129 12.0250302511267 12.063280116301 12.0142724765465 11.8275653221644 11.8514714878984 11.6530503123067 11.8091575745493 11.8521886728704 11.9717195015401 11.9999287771061 12.3924680184573 12.4658599472605 12.4883317430504 11.8686839272268 11.9626693102265 11.943510225974 11.1777957375161 9.62160118333878 -9999 13.0239845424452 12.7784822828082 9.44281834156841 8.19101915613282 8.38499981258065 8.95999979972839 11.4398222553136 10.9655498012037 -9999 -9999 -9999 -9999 -9999 -9999 -9999
-9999 -9999 -9999 -9999 -9999 12.7945219137706 12.7044434812851 12.7486220755614 12.9092715092935 13.2803430138156 13.615268395748 13.5901669217274 13.5722372974269 13.6496932744049 13.7199774016626 13.7601397600956 13.6310464651324 13.6920071877539 13.9566484424286 14.3647266915068 14.4801934720017 13.1749168229289 13.3326975167729 13.3233741121367 13.2401806553826 12.2105420972221 12.2748496830463 11.8830276266672 12.2191483168863 11.704687630292 11.6853236360475 11.4849899671972 11.7223781929351 11.6537674972787 11.7754498808645 11.7491530985571 12.5172582035884 12.3555329923984 12.0535226871024 9.98236791999079 -9999 10.1814362107583 11.6669158884324 12.3273834822467 11.8230783187498 10.0072542385198 10.1199997738004 -9999 12.3549951036694 9.61520248578535 10.5344759388067 10.0256591736449 10.5840861115139 10.4249905785546 12.3856776869095 12.4699997212738 -9999 -9999 -9999 -9999 -9999 -9999
-9999 -9999 -9999 -9999 -9999 12.9639210041612 12.9053987104446 13.5801263321191 13.5550248580985 13.0035096146166 12.9949033949524 12.936811412219 13.4273659330793 13.8512222515419 13.9028595695272 13.9781639915891 14.0764183327556 14.2004913329147 14.1452680900693 14.3819391308352 13.2896664184518 13.1655934182927 13.3807489098981 13.5916012916714 12.0111646750011 11.1797082307748 10.9896542131901 10.8598437332548 11.742698433809 11.6516159423627 11.2175397380488 11.5989028469194 11.506027393043 11.7536355046323 11.94207585603 11.9653843676206 9.41415049243839 10.4305014586184 7.8349998248741 9.8093918695522 12.5729937214138 12.024193535326 12.5502487123013 12.5197683509905 12.3623462496325 11.5971801967415 10.0784083423306 -9999 12.7346636872629 15.2573829200119 14.6202039159834 11.1748707478263 14.0019207437872 11.4104881092706 12.4449997218326 11.5249997423962 -9999 -9999 -9999 -9999 -9999 -9999
-9999 -9999 -9999 -9999 -9999 12.418645269936 13.6023590662517 13.7300179912709 13.3491927711293 13.3262428520247 13.4194768983871 13.4244971931912 14.0341044194065 13.9774468066171 13.6195715055801 14.2736442000605 14.4572435528971 14.5526291541755 13.5249030892737 13.5127109447494 13.3549302509055 12.5215613134205 12.2927793073468 13.5277718291618 12.6248359493911 11.7340922141448 11.4089683601633 11.4986164816655 11.4541510134004 11.4558244450018 11.4345479574986 11.2727032154799 11.360199782066 11.6082262515556 11.5926274784142 11.6646188177249 12.0447528378572 12.1066698071081 -9999 9.09072643192485 12.0565863898955 12.7211180318845 12.5122379087843 12.4562974809669 12.807598586427 13.1398942901287 -9999 13.6969079517294 13.7681483256165 11.5341769031947 14.0072498265654 13.933877819567 13.6645150971599 12.2703075115569 13.0049997093156 -9999 -9999 -9999 -9999 -9999 -9999 -9999
