EcologicalScience/Bass/data/rs_data_bass/sst_506.asc
NCOLS 226 
NROWS 124 
XLLCORNER -9.41648524995501 
YLLCORNER 47.587301625531 
CELLSIZE 0.0833 
NODATA_value -9999 
[rows 54 to 80 of 124, columns 124 to 185 of 226]
8.77785575948656 8.77355264965445 8.82303841272369 8.93922237819061 8.85818047635257 8.69322793278843 8.67673267843202 8.91770682903007 8.51034576492384 8.74486525077373 8.74486525077373 9.22083701053634 9.25167596433312 9.39104891056195 9.4795017237775 9.21533859241754 9.38258612789214 9.07357502961531 9.04393138410524 9.37288022460416 8.48524429090321 8.57991270720959 8.66525771887973 8.97723318170756 8.87754447059706 8.81801811791956 8.78000731440261 9.07390971593559 9.53563340092078 10.0221716859378 10.4445936344564 10.3876491476782 9.72812584741041 9.75788902374916 10.5058412310667 10.4877681697719 10.3066072458401 9.79070023621898 10.4628101327457 10.4976653223857 10.4823175639845 10.5243446033448 9.91531112510711 9.79315061820671 9.62078716326505 9.50723287602887 9.34825687389821 9.47897578813136 8.85076956497505 7.74224065989256 9.49551885481924 9.17937688882063 6.85173598630354 6.01741080218926 6.0787301172968 8.75371053209528 7.58015685621649 9.09497104794718 8.48506499466021 9.33247880451381 9.38088879012503 8.5204622106349
8.54692219849676 8.71689503686503 8.66382334893569 8.7398449559696 8.68749045301229 8.67673267843202 8.52182072447613 8.47592088626698 8.54333627363667 8.58923611184582 8.72263251664117 8.63513595005497 8.39487898442894 8.64517653966323 8.71689503686503 9.38411612249911 8.84527114685625 9.98965930053964 9.19167148834094 9.82088177045807 10.0190638843924 10.2784457826056 10.3892269546166 10.4177709165029 9.01022369042039 9.09987181192264 9.14505446515977 9.17517623398453 9.40395824005827 9.41507460712455 9.26321068929974 9.55922878650017 9.94112978409976 10.4835606846027 10.1890367227606 10.1452884394675 10.5019684322178 10.016673267819 10.5713919375092 10.5719656854868 10.5425611016341 10.1555680907331 10.0898261349648 9.76900539081544 9.59903255244717 9.38387706084177 9.35805840184912 8.08613085397519 8.27453534612432 7.54358042264357 9.12736390251666 8.74145862215664 8.09545425861143 6.16084779659286 6.14327676477842 8.89890064531937 9.48201187117957 -9999 -9999 -9999 -9999 -9999
8.47090059146285 8.35901973582804 8.48811303079128 8.79004790401086 8.59712514653802 8.61075166100636 8.6121860309504 8.50389110017568 8.45010222727433 8.05636767763644 8.59784233151004 9.10967333987355 8.58278144709766 8.60501418123022 8.61648914078251 8.7197637767531 8.85244299657643 10.0369935086928 10.3176518944092 10.3996500428766 10.1938179559074 9.94519383227453 10.8411969239824 10.2480849521235 11.0303903196007 9.80486463941634 10.682459983509 10.3508814647794 10.2282428345643 10.7006286694668 9.9587725344114 10.0816980386153 10.6360820219852 10.5849228273146 10.5172683782876 10.4615670121275 10.6248939364217 10.6649128578603 10.3133487845771 10.3986937962472 10.3226721892133 10.5209021154791 10.5103355902247 10.1779442618601 9.16441845940426 9.71120028207079 9.18478651260957 7.82902004150674 6.54755393350497 5.94449699670076 7.14948728051968 8.50012587907258 7.79118853423279 8.43910539103672 8.81116501707584 -9999 -9999 -9999 -9999 -9999 -9999 -9999
8.2894527935423 8.20410778187215 8.29088716348633 8.36690877052024 8.47663807123899 8.63657031999901 8.61864069569856 8.72836999641731 8.80941189825535 8.97723318170756 8.6401562448591 8.8911709850654 8.78717916412279 8.74414806580171 8.7276528114453 8.73267310624942 8.72478407155722 9.10991240153089 10.4720857250504 10.6659647291526 10.9188919626176 10.2480849521235 10.3704845206812 9.48500014189631 9.52014220552519 9.93933682166971 10.7687612418085 10.389370391611 10.3085675514303 10.8664418349974 10.8262794765644 10.6477004185319 10.6081118080765 10.5849228273146 10.4594154572114 10.3982156729326 10.590002887533 10.4022797211073 10.42989134253 10.3857844667509 10.3513595880941 10.2406740407459 10.1053651426919 9.81892146486789 8.95260983100161 8.78072449937463 9.16958219120279 6.75344749347174 7.31059776173372 5.53617968596518 4.87780388165265 6.52266761497594 6.28707235166803 8.40539769735187 15.6599996499717 -9999 -9999 -9999 -9999 -9999 -9999 -9999
8.16717275581323 8.33176670689136 8.36045410577208 8.4013336491771 8.42715230816975 8.5447706435807 8.65091401943937 8.91196934925392 9.00878932047635 8.86750388098881 8.89475690992549 9.02600175980479 8.91770682903007 8.93993956316262 8.98153629153967 8.85029144166037 10.0917386282235 9.1421857252717 9.14505446515977 10.4695516714826 10.9721548998728 10.58623766643 11.3940031004138 10.5509760719724 11.3948637223803 11.2698344755918 11.0728476699442 10.6571194478311 10.6772006270476 11.2781060089357 10.813465771731 10.4108859407715 10.5998641808983 10.6468397965655 10.6179133360274 10.773303413298 10.4630013820715 10.4417248945683 10.5123676143121 10.467543553561 10.3480127248913 9.52827030187473 10.0190160720609 9.29996641911566 9.40998259382322 9.22925198087469 6.35018462920561 5.30022583017126 6.77655109507032 6.49756614095531 5.104195271153 3.94474623305723 6.25515762041323 15.4335529721127 15.2549996590242 -9999 -9999 -9999 -9999 -9999 -9999 -9999
7.99588507832959 8.02768027875572 8.29016997851431 8.6322672101669 8.50747702503577 8.82518996763974 8.68964200792834 8.76279487507418 8.93420208338648 9.02385020488873 9.05253760376945 8.8710898058489 8.89762564981356 9.07620470784605 9.15939816460013 8.69466230273247 9.28992582950741 10.3848282201216 10.7909939759411 10.1809086264111 10.9077516893856 10.5050762337632 10.4790185131133 10.3164565861225 11.4045457195025 10.5158340083435 11.3477685758844 11.1295052827336 11.0400962228887 11.4043305640109 11.1586229925975 10.7675659335218 10.6590319410898 10.6554460162297 10.6399070085026 10.6002227733843 10.4120812490582 10.3695282740518 10.3951078713872 9.7596819861792 10.2425267685903 10.0504287738353 9.8431623169221 9.57723012929782 8.96977445799857 11.5601748584304 9.16979734669439 8.84473325812723 9.14051229367033 8.93001850438304 4.66503900662065 4.78719951352105 3.9397259382531 7.11374756274745 15.4949996536598 10.4749997658655 23.7447889405303 -9999 -9999 -9999 -9999 -9999
-9999 -9999 -9999 -9999 -9999 14.4599996767938 8.91770682903007 8.88399913534522 8.82232122775167 8.86750388098881 8.90336312958971 9.02887049969286 9.12353891599923 9.16872156923637 9.19812615308911 9.41973630944267 9.74318673182279 10.5449995305389 9.98989836219698 10.9566637044773 10.8208766831085 10.6367992069572 10.7427035211585 11.2361267819069 10.8851842689328 11.186162895523 11.1438489821739 11.3943855990656 11.2827438050881 10.3147831545211 11.2254646319896 10.9852076663636 10.8438266022131 10.6164789660834 10.8548234384507 10.4508092375472 10.3630736093037 10.3186081410386 10.2363709309138 10.5828054240639 10.0271919807419 9.87242346378043 9.8513382256031 9.29261527315248 9.33998534055427 6.99255430222685 -9999 19.3020790536189 14.5709937923115 16.3849996337667 4.81564785074443 4.81397441914305 4.90529597224668 6.16658527636901 5.37499987985939 5.37499987985939 -9999 -9999 -9999 -9999 -9999 -9999
-9999 -9999 -9999 -9999 -9999 -9999 -9999 11.3928605505619 8.72167627001181 8.96360666723922 8.93635363830253 9.00735495053232 9.18665119353682 9.08552811248228 9.25478376587853 9.67146823462099 9.84287544293329 9.89379557594657 10.4352702298202 11.6150395087898 10.9306059838273 10.8064134528395 11.4931180635467 11.2073198521975 11.4949110259768 11.3421506269369 11.3521912165452 10.3951078713872 10.3850672817789 10.0451216050424 10.9713659964036 10.9314187934622 10.7570472205989 10.7482019392774 10.4510482992046 10.3040253799409 10.2119866418652 10.0250404258259 10.0365153853782 9.59365366515703 9.91545456210151 9.59186070272699 9.08947262982838 8.96109651983716 9.38315987586975 15.7949996469542 -9999 -9999 -9999 -9999 -9999 -9999 -9999 -9999 -9999 -9999 -9999 -9999 -9999 -9999 -9999 -9999
-9999 -9999 -9999 -9999 -9999 -9999 -9999 -9999 14.4399996772408 12.5386303157546 8.94998015277088 9.14003417035565 9.1342966905795 9.1299935807474 9.18736837850884 9.6678823097609 9.86510817706585 9.82494581863284 10.2581255417317 10.5249183513224 11.3511154390872 11.1259193578735 11.0498977508396 11.1151615832932 10.4847559928894 11.3711966183037 10.8074892302975 11.1592684590723 11.2288354013581 11.0859362956835 11.0079424299765 10.9491332622711 10.8472929962445 10.8060548603535 10.3257799907587 10.1500696726143 10.1537751283031 9.83893092558719 9.76972257578745 9.68832208146341 9.37849817355163 9.50981474192813 9.45932491989806 9.29006926650181 6.80696625774726 -9999 -9999 -9999 -9999 -9999 -9999 -9999 -9999 -9999 -9999 -9999 -9999 -9999 -9999 -9999 -9999 -9999
-9999 -9999 -9999 -9999 -9999 -9999 -9999 -9999 -9999 14.7699996698648 8.97508162679151 9.03891108930111 9.07261878298596 9.16943875420839 9.19454022822902 9.37957395100966 9.5724967084825 9.98846399225295 10.34992521815 11.1273537278175 11.2048097047955 10.9222388258204 11.0075838374905 10.8971373517998 11.292545333039 11.6118121764157 11.3558966722339 9.55528426915407 10.9670628865715 11.1565790154273 10.58982359129 10.6769615653902 10.8653421513736 10.5701010045595 10.4765083657112 10.3725165447686 10.1630985329393 9.63202306116 9.62449261895381 9.42368082678877 9.35698262439109 9.36146503046621 9.35834527583793 8.06282234238461 15.2249996596947 -9999 -9999 -9999 -9999 -9999 -9999 -9999 -9999 -9999 -9999 -9999 -9999 -9999 -9999 -9999 -9999 -9999
-9999 -9999 -9999 -9999 -9999 -9999 -9999 -9999 -9999 14.9999996647239 9.06903285812587 8.94639422791079 9.05182041879743 9.19669178314507 9.45989866787568 9.54094056971371 9.93252356443554 10.4065828309394 10.5952024785802 11.1947691151872 11.2126987394877 11.2048097047955 11.1208990630694 10.9745933287777 11.4993336666375 11.170623887796 11.0452360485215 7.49983213935047 10.7537003573962 10.7099520741031 10.9439934366383 10.588747813832 10.5851618889719 10.5252769438084 9.50125633459538 9.78000222705305 9.57847324991599 9.41256445972249 9.25119784101844 9.65124361841008 9.52946561016142 9.52946561016142 9.38124738261104 9.41385539267212 14.8899996671826 -9999 6.38438619278137 -9999 -9999 -9999 -9999 -9999 -9999 -9999 -9999 -9999 -9999 -9999 -9999 -9999 -9999 -9999
-9999 -9999 -9999 -9999 -9999 -9999 -9999 -9999 -9999 15.7349996482953 8.90192875964567 8.9908596961759 9.28920864453539 9.56675922870636 10.0243232408538 10.1154057323001 10.2782067209482 10.4618060737848 10.8182470048778 11.1954863001592 11.2542954678647 11.2428205083124 11.1667989012785 10.8146610800177 10.7278816984035 11.4984969508369 11.4450666704215 11.3554185489193 10.9918057681061 10.9248685040511 10.9621621225961 10.9345744073391 10.9341236053567 10.547509677941 10.7624090320564 8.96265042060986 8.92846460361034 9.41710663121194 9.32961006462574 9.42117067938671 9.44211248056963 9.52121798298322 9.24569942289963 8.94683557250895 15.7349996482953 -9999 -9999 -9999 -9999 -9999 -9999 -9999 -9999 -9999 -9999 -9999 -9999 -9999 -9999 -9999 -9999 -9999
-9999 -9999 -9999 -9999 -9999 -9999 -9999 -9999 -9999 9.074411745416 8.62509536044672 9.14003417035565 10.109668252524 10.0738090039231 10.427381195128 10.7006286694668 10.8749046176672 11.107272548601 11.3295998899266 11.3209936702624 11.3209936702624 11.0412915311754 10.9179357159883 10.7737815366127 10.1548509057611 10.1555680907331 9.9468672638759 10.2602770966478 11.3659372618422 9.58970914781094 10.9395947021432 9.39248328050599 10.8338201642702 10.6086855560541 10.5267830322497 9.77581864804961 9.26458529382944 9.18163089873269 9.40195012213662 9.38731954870746 9.01578187395353 8.8871547492221 9.16542251836508 8.4947160786371 -9999 -9999 -9999 -9999 -9999 -9999 -9999 -9999 -9999 -9999 -9999 -9999 -9999 -9999 -9999 -9999 -9999 -9999
-9999 -9999 -9999 -9999 -9999 -9999 -9999 -9999 17.2236004403692 9.40395824005827 9.50938443094492 9.5724967084825 9.75681324629113 10.307611304801 10.5614947848953 10.6984771145508 11.0420087161474 11.465147849638 11.2170018493198 11.1309396526776 11.2564470227808 10.8612781031989 10.7623065770604 10.2050538538024 10.985171807115 11.3023468609899 10.1415829837788 11.0197759820148 7.91006194334477 8.87467573070899 9.44519637594931 10.8939817379229 10.6782524983399 10.149292722228 10.4633838807233 9.34443188738078 9.16776532260701 9.08457186585292 8.7780948211439 8.78813541075215 9.28357361975525 8.76238505509017 9.03532516444102 -9999 -9999 -9999 -9999 -9999 -9999 -9999 -9999 -9999 -9999 -9999 -9999 -9999 -9999 -9999 -9999 -9999 -9999 -9999
-9999 -9999 -9999 -9999 -9999 -9999 -9999 -9999 8.35949785914272 8.44293037755415 9.56317330384627 9.75035858154297 10.1548509057611 10.6719412705861 10.5292214611545 10.6511429063976 10.8017517505214 11.0599383404478 11.1230506179854 11.1259193578735 11.2062440747395 11.3274483350106 11.3661763234995 10.826853224542 11.3561357338913 10.2543005552143 9.58970914781094 9.49002043670043 9.74031799193472 9.64780113054439 9.33510848274454 10.803759868443 10.6528641503304 9.91387675516307 9.67397838202305 9.16680907597765 9.17302467906848 9.13979510869831 9.01237524533644 8.83666492719203 8.64560685064644 8.31230025765087 14.1349996840581 -9999 -9999 -9999 -9999 -9999 -9999 -9999 -9999 -9999 -9999 -9999 -9999 -9999 -9999 -9999 -9999 -9999 -9999 -9999
-9999 -9999 -9999 -9999 -9999 -9999 -9999 7.20077213580505 9.23398540169001 8.74988554557785 8.75490584038198 8.15964231360704 9.89594713086262 10.6862849700265 10.7709127967246 10.7960142707452 11.184728525579 11.0620898953639 11.1194646931253 11.1402630573139 10.945188744925 9.60864283107221 11.3202764852904 11.2213049591519 11.1323740226217 10.90789512638 10.0350810154341 9.77115694573149 9.75466169137508 9.6800744542852 10.7746421585791 8.8273415225558 10.3147831545211 10.2353190596215 6.21535385446623 9.39284187299199 9.22294075312093 9.1063264766708 9.63970718586019 8.0348521284759 8.81730093294755 16.1449996391311 -9999 -9999 -9999 -9999 -9999 -9999 -9999 -9999 -9999 -9999 -9999 -9999 -9999 -9999 -9999 -9999 -9999 -9999 -9999 -9999
-9999 -9999 -9999 3.8400372271426 -9999 10.4064377822934 8.92655211035162 8.44149600761011 8.28228094382212 9.20744955772534 9.33941159257665 9.71091340808198 10.2875301255845 10.6712240856141 10.9035920165479 11.2464064331725 11.4436323004775 11.4077730518766 11.0800195196643 10.985351103358 9.08194218762219 10.7969107519602 8.76695454791188 10.0836702972883 10.7899181984831 10.9308450454846 8.96504103718325 10.9496113855857 9.86510817706585 9.27486494509503 8.3398948032409 10.1367419852177 10.0983367299661 10.0386669402942 10.2221228561364 9.42708745540585 9.33618426020257 9.58325448306277 9.02707753726281 17.9139469061853 13.2949997028336 -9999 -9999 -9999 -9999 -9999 -9999 -9999 -9999 -9999 -9999 -9999 -9999 -9999 -9999 -9999 -9999 -9999 -9999 -9999 -9999 -9999
-9999 -9999 3.88019958557561 -9999 8.49349191808142 8.77642138954252 9.19501835154369 9.22251044213772 9.21892451727763 9.36451306659728 9.55600145412609 9.92104860488325 10.0946073681116 10.9595324443653 10.8784905425273 11.2908719014376 11.4006012021564 11.3532669940032 10.7960142707452 10.9288984005606 10.8609707382108 8.55624560313299 10.1071581051219 10.709234889131 10.2150944434106 9.29996641911566 10.1057237351779 10.0139240587596 10.8810006899294 9.61481062183157 10.4488967442885 10.3664204725064 10.1071581051219 7.74833673215471 7.17877233354375 9.20874049067497 9.29243597690947 9.44734793086536 13.7919165711635 -9999 -9999 -9999 -9999 -9999 -9999 -9999 -9999 -9999 -9999 -9999 -9999 -9999 -9999 -9999 -9999 -9999 -9999 -9999 -9999 -9999 -9999 -9999
16.7749996250495 16.7749996250495 -9999 10.7499997597188 7.2896969425492 7.15988646261394 8.81347594643012 9.75203201314434 8.7276528114453 9.51512191072106 10.0257576107979 9.98702962230891 10.0644855992869 10.4051484609954 10.7952970857732 11.1087069185451 11.265770427417 11.8097552286927 10.7400738429278 10.8447828488424 10.5120090218261 10.2947019753046 10.2966144685633 10.5148777617142 10.2997222701088 10.0399220139952 9.59598451631609 9.87873469153419 10.6547288312577 9.88232061639428 8.67117449489888 8.32226400601212 8.97006133198738 9.0783562627621 9.42403941927478 9.56809114365439 9.38572125076982 11.4069826847646 -9999 -9999 -9999 -9999 -9999 -9999 -9999 -9999 -9999 -9999 -9999 -9999 -9999 -9999 -9999 -9999 -9999 -9999 -9999 -9999 -9999 -9999 -9999 -9999
6.52478657057509 15.4285510666668 7.83386104006786 7.69383067428134 8.51823479961604 7.67339090257883 6.11136203352362 7.90145572368056 9.09485151711851 9.49934384133667 9.94256415404379 9.8988158707507 10.3068941198289 10.8175298199058 11.066393005196 11.185445710551 11.2829828667454 10.7637409470044 10.9817651784979 10.8856623922475 10.3147831545211 10.4202093454078 10.3735923222266 10.2122257035226 10.1476790560409 10.6852091925684 10.6543702387717 10.5435651605949 10.4503311142325 9.29996641911566 9.53466520120855 9.33869440760463 9.62664417386986 8.88973661512136 8.87611010065302 17.0145202531213 6.19658231737254 12.0649997303262 11.182636119939 13.2399997040629 -9999 -9999 -9999 -9999 -9999 -9999 -9999 -9999 -9999 -9999 -9999 -9999 -9999 -9999 -9999 -9999 -9999 -9999 -9999 -9999 -9999 -9999
6.75911046052352 7.91795097803697 8.13669239450246 8.71283098869026 8.09509566612542 9.28992582950741 7.122592844069 9.29853204917163 9.31646167347208 9.52874842518941 9.62556839641184 9.70230718841776 10.788125236053 10.8347422592342 11.1954863001592 11.0140385022387 10.5901821837761 10.1950132641941 11.9884060052224 10.6253242474049 10.4488967442885 10.4560685940087 10.2860957556404 10.4524826691486 8.04489271808416 11.1725363810547 7.86487929010764 10.1135410513729 10.2606356891338 6.22467725910246 6.82998137548566 9.17194890161045 9.14679620009182 17.6167621035129 7.60626238919795 10.2623755267511 18.8604566539029 6.71164585510269 19.519999563694 -9999 -9999 -9999 -9999 -9999 -9999 -9999 -9999 -9999 -9999 -9999 -9999 -9999 -9999 -9999 -9999 -9999 -9999 -9999 -9999 -9999 -9999 -9999
7.40349029144272 7.87025817739777 8.45464439876378 8.60501418123022 8.54190190369263 8.96432385221124 8.77857294445857 9.3888973556459 9.86439099209383 10.3592486227863 11.6748049231246 11.1402630573139 10.988219843246 10.7809533863328 10.8125095251016 10.987502658274 11.2750938320532 11.0498977508396 10.9702902189456 10.8103579701856 10.3413189984858 9.7596819861792 9.93108919449151 10.9066041934304 8.81012908322737 9.99240850959904 10.270625051244 10.4644699036809 9.22466199705377 9.24044006643817 8.83827859337907 7.45464948611334 9.04874676891736 7.7398022309877 6.8077486413531 7.49710683645681 14.6749996719882 -9999 -9999 -9999 -9999 -9999 -9999 -9999 -9999 -9999 -9999 -9999 -9999 -9999 -9999 -9999 -9999 -9999 -9999 -9999 -9999 -9999 -9999 -9999 -9999 -9999
8.66382334893569 8.08505507651716 8.21916866628453 8.71115755708888 8.53903316380456 9.43838311871514 9.85004729265347 9.21031829761341 10.6913052648306 10.8211157447658 10.9530777796172 11.3181249303743 11.2069612597115 11.1094241035171 11.1015350688249 11.2542954678647 11.1302224677056 10.9186529009603 10.9143497911282 10.9000060916878 10.7447355452459 10.9877417199314 9.04691965482198 10.0374118665932 10.7034974093549 10.5120090218261 9.39004485160112 9.44627215340734 6.84719381481409 7.09533981513232 7.14984587300569 16.3599996343255 -9999 -9999 -9999 13.6052278061397 -9999 -9999 -9999 -9999 -9999 -9999 -9999 -9999 -9999 -9999 -9999 -9999 -9999 -9999 -9999 -9999 -9999 -9999 -9999 -9999 -9999 -9999 -9999 -9999 -9999 -9999
8.68438265146688 8.30523086292669 8.57226273417473 9.27865577994713 10.1150471398141 10.7231482775882 7.48763999482617 11.1321349609643 11.1553239417262 11.4400463756174 10.4546342240646 11.1402630573139 11.2048097047955 11.3102358956821 11.1904660053551 11.0427259011194 11.2753328937106 10.7802362013608 10.8110751551576 10.2796410908923 10.868091360433 10.34992521815 9.79123812494799 11.1598661132157 8.22900434590078 8.30072284310258 7.87958158203401 8.14565720665269 7.77290031744633 7.52385783591308 6.76471754303202 6.78479872224852 8.58066404384694 14.0534758073105 -9999 -9999 -9999 -9999 -9999 -9999 -9999 -9999 -9999 -9999 -9999 -9999 -9999 -9999 -9999 -9999 -9999 -9999 -9999 -9999 -9999 -9999 -9999 -9999 -9999 -9999 -9999 -9999
8.29949338315055 7.70279548643157 9.64772144332528 9.89754087524489 13.2376379086636 12.1811515758198 7.80033264262602 10.0451216050424 9.89379557594657 11.1926175602712 11.1560411266983 11.0563524155878 10.788125236053 11.5476241214201 11.5230007707141 10.50985746691 11.703253260348 11.2600329476409 10.2217881698161 9.81657866062596 9.82685831189156 11.0806570174173 9.3412762735039 7.8155728232814 8.25918758772314 8.42657856019214 8.28859217157587 7.87438199098688 8.13669239450246 6.87014373391867 8.98645413134779 7.96801048908383 8.85664365141253 9.64278083574027 13.8896293941224 4.99999988824129 -9999 -9999 -9999 -9999 -9999 -9999 -9999 -9999 -9999 -9999 -9999 -9999 -9999 -9999 -9999 -9999 -9999 -9999 -9999 -9999 -9999 -9999 -9999 -9999 -9999 -9999
-9999 -9999 -9999 -9999 7.15999983996153 15.4754156894217 9.85698008071631 8.92989897355437 10.6461226115935 10.8139438950457 11.106555363629 11.5677053006366 11.0147556872107 11.7120029170066 11.7326578442007 11.5273636459606 10.5298361911305 10.2798801525496 10.8134316200657 10.8299610260874 9.2735740121454 8.56614275574684 10.4707708859351 7.8313508926658 7.84408092591912 8.15462201880291 11.7657993392235 -9999 -9999 -9999 -9999 -9999 -9999 -9999 -9999 -9999 -9999 -9999 -9999 -9999 -9999 -9999 -9999 -9999 -9999 -9999 -9999 -9999 -9999 -9999 -9999 -9999 -9999 -9999 -9999 -9999 -9999 -9999 -9999 -9999 -9999 -9999
-9999 -9999 -9999 -9999 -9999 10.0737065489271 10.7820291637909 10.4947965824977 11.0212103519589 10.787408051081 10.7587206522003 11.7781990899239 9.23972288146615 11.6589670883259 11.145283352118 10.6843724767677 10.9118396437261 10.7568081589416 10.6032349502668 9.52760092923418 8.10764640313573 10.5744041143917 10.427739787614 10.0784707062412 16.8999996222556 -9999 -9999 -9999 -9999 -9999 -9999 -9999 -9999 -9999 -9999 -9999 -9999 -9999 -9999 -9999 -9999 -9999 -9999 -9999 -9999 -9999 -9999 -9999 -9999 -9999 -9999 -9999 -9999 -9999 -9999 -9999 -9999 -9999 -9999 -9999 -9999 -9999
