EcologicalScience/Bass/data/rs_data_bass/sst_165.asc
NCOLS 226 
NROWS 124 
XLLCORNER -9.41648524995501 
YLLCORNER 47.587301625531 
CELLSIZE 0.0833 
NODATA_value -9999 
[rows 27 to 53 of 124, columns 62 to 123 of 226]
-9999 -9999 -9999 -9999 -9999 -9999 -9999 -9999 -9999 -9999 -9999 -9999 -9999 -9999 -9999 -9999 -9999 -9999 -9999 -9999 -9999 -9999 -9999 -9999 -9999 -9999 -9999 -9999 12.5299997199327 10.5584872350127 13.6805322282016 14.4231772667263 13.2466353201307 14.0828729975037 14.2019257028587 14.0871761073358 14.3891109805554 13.4998016152531 13.8038880433887 14.1359446854331 14.4400311135687 14.5246589402668 14.5346995298751 14.6049836571328 14.3159581134096 14.4400311135687 14.4644154026173 15.0209509409033 14.9492324437015 15.0209509409033 14.652317865286 14.4636982176453 14.0850245524198 14.9327371893451 15.1902065942995 15.2023987388238 15.0381633802317 15.0238196807913 15.2533188718371 15.169408230111 14.8803826863877 14.9528183685616
-9999 -9999 -9999 -9999 -9999 -9999 -9999 -9999 -9999 -9999 -9999 -9999 -9999 -9999 -9999 -9999 -9999 -9999 -9999 -9999 -9999 -9999 -9999 -9999 -9999 -9999 -9999 -9999 -9999 -9999 9.78499978128821 11.6818401661835 12.1601000875235 14.5164113130886 13.1146732852794 13.4926297655329 13.4309518579394 13.8906674250029 14.4809106569737 14.4809106569737 14.3453626972623 14.4579607378691 14.9746925102081 14.9219794147648 14.7828455301933 14.8337656632066 14.0197607199661 14.6645100098103 14.653035050258 14.7548753162846 14.8466749927029 14.8559983973391 15.3225272216368 15.1873378544115 15.2260658429004 15.3967558662407 15.368785652332 15.4103823807091 15.1988128139637 15.1959440740757 15.008041611407 14.7792596053332
-9999 -9999 -9999 -9999 -9999 -9999 -9999 -9999 -9999 -9999 -9999 -9999 -9999 -9999 -9999 -9999 -9999 -9999 -9999 -9999 -9999 -9999 -9999 -9999 -9999 -9999 -9999 -9999 -9999 -9999 -9999 12.1449997285381 14.2553559832741 14.3525345469825 14.4231772667263 14.3023315989412 14.2951597492211 14.3181096683256 13.8748893556185 14.3252815180458 14.7448347266763 13.3800317249261 14.4446928158868 14.8430890678428 14.8685491343495 14.8262352210004 15.1027100277133 14.7505722064525 14.7240363624878 14.850260917563 14.9018982355483 14.8947263858281 14.9800713974983 15.5086367218755 15.3551591378637 15.4197057853453 15.3910183864646 15.328623293899 15.3035218198784 15.2332376926206 15.2318033226766 15.2160252532922
-9999 -9999 -9999 -9999 -9999 -9999 -9999 -9999 -9999 -9999 -9999 -9999 -9999 -9999 -9999 -9999 -9999 -9999 -9999 -9999 -9999 -9999 -9999 -9999 -9999 -9999 -9999 -9999 -9999 -9999 -9999 11.0755122457817 12.1760830668999 14.6358226109296 14.653035050258 14.5590838189237 13.8216383714462 14.0233466448262 14.1036713616922 13.9702749568969 14.4292733389884 14.3614993591327 14.0749839628115 14.8940092008561 14.9409848165233 15.0417493050918 14.8750037990976 14.6659443797544 15.1952268891037 15.0252540507354 14.7749564955011 15.247581392061 15.1349833514541 15.2647938313894 15.5330210109241 15.4505447391421 15.3121280395426 15.5351725658402 15.3716543922201 15.0675679640844 15.1019928427413 15.1923581492156
-9999 -9999 -9999 -9999 -9999 -9999 -9999 -9999 -9999 -9999 -9999 -9999 -9999 -9999 -9999 -9999 -9999 -9999 -9999 -9999 -9999 -9999 -9999 -9999 -9999 -9999 -9999 -9999 -9999 -9999 -9999 12.5749997189268 12.2187043452369 13.7999435260426 13.7239219190087 14.5924329201225 14.0577715234831 13.9451734828763 14.0649433732033 14.0785698876716 13.6339152050205 13.8218176676892 14.5289620500989 13.9674062170088 14.6609240849502 14.7649159058928 14.9850916923024 15.1521957907826 15.2339548775926 15.2949156002142 15.2396923573688 15.288460935466 15.3895840165205 15.4017761610448 15.5545365600847 15.5825067739934 15.6951048146002 15.6033051381819 15.527283531148 15.4620196986943 15.4290291899815 15.5961332884617
-9999 -9999 -9999 -9999 -9999 -9999 -9999 -9999 -9999 -9999 -9999 -9999 -9999 -9999 -9999 -9999 -9999 -9999 -9999 -9999 -9999 -9999 -9999 -9999 -9999 -9999 -9999 -9999 -9999 -9999 -9999 -9999 12.783269520158 13.4747001412325 14.0800042576157 14.2860754062422 13.3653294329997 13.8347269971855 13.7371898409911 13.975295251701 14.5009918361902 14.612155506853 13.9423047429882 14.4099093447439 14.3374736625701 14.9822229524143 15.0854975883849 15.1952268891037 15.12996305665 15.1729941549711 15.1945097041316 15.2318033226766 15.5150913866237 15.5366069357842 15.6097598029301 15.5710318144411 15.6441846815869 15.5903958086856 15.6563768261112 15.686498594936 15.6212347624823 15.6205175775103
-9999 -9999 -9999 -9999 -9999 -9999 -9999 -9999 -9999 -9999 -9999 -9999 -9999 -9999 -9999 -9999 -9999 -9999 -9999 -9999 -9999 -9999 -9999 -9999 -9999 -9999 -9999 -9999 -9999 -9999 -9999 -9999 8.96369542918521 13.5584314867156 14.01402324019 14.0269325696863 13.4696798464283 13.4639423666522 14.3848078707233 14.4030960875098 14.5199972379487 13.7952818237245 14.4267631915864 14.5131839807145 14.3173924833536 14.3525345469825 15.409665195737 15.0948209930211 15.2640766464174 15.2526016868651 15.3981902361847 15.3795434269123 15.4032105309889 15.4340494847856 15.4010589760728 15.5208288663998 15.4247260801494 15.6563768261112 15.6233863173984 15.4161198604852 15.6592455659993 15.6499221613631
-9999 -9999 -9999 -9999 -9999 -9999 -9999 -9999 -9999 -9999 -9999 -9999 -9999 -9999 -9999 -9999 -9999 -9999 -9999 -9999 -9999 -9999 -9999 -9999 -9999 -9999 -9999 -9999 -9999 -9999 -9999 -9999 -9999 8.56709096483777 13.8078325607348 13.4747001412325 13.7651600548998 13.575106037315 13.5134281297214 13.616702765692 13.6998962224461 14.1947538531385 13.973860881757 14.2700582752004 14.413495269604 14.9011810505763 14.4730216222815 14.5762962582521 15.0618304843083 15.089800698217 15.2784203458577 15.2726828660816 15.3236029990949 15.3587450627238 15.4562822189182 15.4541306640022 15.4526962940581 15.6908017047681 15.5903958086856 15.608325432986 15.5624255947769 15.6893673348241
-9999 -9999 -9999 -9999 -9999 -9999 -9999 12.0852259764448 16.962370660156 17.2255775448866 17.0197454579175 8.79005781204073 12.8182624090378 8.4010808050973 8.41999981179833 -9999 -9999 -9999 -9999 -9999 -9999 -9999 -9999 -9999 -9999 -9999 -9999 -9999 -9999 -9999 -9999 -9999 -9999 -9999 14.1307450943859 14.0077478716848 13.3312631468289 13.5241859043017 13.7565538352355 13.9537797025405 13.9831842863932 14.1000854368322 14.2965941191651 14.4170811944641 14.4708700673655 14.5239417552948 14.6150242467411 14.6559037901461 14.7541581313126 14.8610186921433 14.9721823628061 15.0575273744762 15.088366328273 15.1464583110064 15.2604907215573 15.4024933460169 15.4555650339462 15.4390697795898 15.5487990803085 15.5911129936576 15.607608248014 15.6255378723145
-9999 -9999 -9999 -9999 8.47344408292944 13.505942511576 15.9289071154781 16.4581896248274 16.8741569085978 17.0656452961266 20.6804009920917 19.298788540664 19.9649995537475 -9999 -9999 -9999 -9999 -9999 -9999 -9999 -9999 -9999 -9999 -9999 -9999 -9999 -9999 -9999 -9999 -9999 -9999 -9999 -9999 -9999 14.4155272936914 14.3293455662206 13.3864863896742 13.3499099561013 13.6719260085374 13.7579882051796 13.8211004827172 14.1588946045376 14.3288674429059 14.4601122927852 14.5985289923847 14.6716818595305 14.7362285070121 14.8244422585703 14.9779198425822 14.971465177834 14.9965666518547 15.0575273744762 14.9728995477781 15.0331430854276 15.1091646924615 15.089083513245 15.2368236174807 15.4648884385824 15.5330210109241 15.5222632363439 15.5351725658402 15.6391643867828
16.0601519653574 16.0551316705532 16.3859930043109 16.7522354633547 16.0802331445739 16.524170642253 16.2903683413751 16.4875942086801 16.4553208849393 5.61080998420081 3.81499991472811 -9999 -9999 -9999 -9999 -9999 -9999 -9999 -9999 -9999 -9999 -9999 -9999 -9999 -9999 -9999 -9999 -9999 -9999 -9999 -9999 -9999 -9999 -9999 12.8399997130036 12.6861552644987 14.7240363624878 13.417325343471 14.6575174563332 13.6998962224461 13.7888271589763 14.0850245524198 14.1761070438661 14.4292733389884 14.6401257207617 14.5454573044553 14.7398144318722 14.8409375129268 14.9427777789533 14.9248481546529 14.9994353917427 14.8925748309121 14.9858088772744 14.9384746691212 15.0295571605675 15.1027100277133 15.2468642070889 15.2576219816692 15.5193944964558 15.5043336120434 15.7861873060465 15.3171483343467
15.9425336299464 16.1727500059642 16.3054292257875 16.1598406764679 16.1046174336225 16.0551316705532 15.5817895890214 16.6518295672722 16.6747794863768 12.8949997117743 -9999 -9999 -9999 -9999 -9999 -9999 -9999 -9999 -9999 -9999 -9999 -9999 -9999 -9999 -9999 -9999 -9999 -9999 -9999 -9999 -9999 -9999 -9999 -9999 -9999 14.0635090032592 14.7127406991785 14.7202711413847 13.8490706966259 13.8476363266818 13.8397472919896 14.1000854368322 14.7218848075718 14.3912625354715 14.8244422585703 14.891140460968 15.0144962761551 15.0058900564909 14.9564042934217 14.9219794147648 14.6795708942227 14.4823450269178 14.450788888149 14.7527237613685 15.1772972648032 15.368785652332 15.2956327851862 15.1866206694394 15.1077303225175 15.3608966176398 15.3149967794307 14.932020004373
15.9891506531276 15.1062959525734 16.3377025495283 15.8794213524088 15.9116946761496 15.9210180807859 16.7464979835786 16.6511123823002 8.60952863382662 -9999 -9999 -9999 -9999 -9999 -9999 -9999 -9999 -9999 -9999 -9999 -9999 -9999 -9999 -9999 -9999 -9999 -9999 -9999 -9999 -9999 -9999 -9999 -9999 -9999 -9999 -9999 11.2910631507635 13.9702749568969 14.0025482806377 14.1187322461046 14.0771355177276 15.4993133172393 15.1851862994954 15.009475981351 14.7233191775158 15.1400036462583 15.4670399934985 15.3967558662407 15.0223853108473 15.0166478310712 14.9004638656043 14.9334543743171 15.0030213166028 14.8129672990181 15.1364177213982 14.7412488018163 15.1909237792715 15.2389751723967 15.2784203458577 15.4777977680787 14.9327371893451 14.8875545361079
16.0199896069244 16.0644550751895 16.3197729252279 16.3276619599201 16.047242635861 16.5213019023649 16.7486495384946 16.8798943883739 12.7897884929553 -9999 -9999 -9999 -9999 -9999 -9999 -9999 -9999 -9999 -9999 -9999 -9999 -9999 -9999 -9999 -9999 -9999 -9999 -9999 -9999 -9999 -9999 -9999 -9999 -9999 -9999 -9999 -9999 -9999 -9999 13.8599996902049 13.9646809141152 14.133793130517 14.1223181709647 15.2396923573688 14.2062288126908 14.2492599110119 14.5526291541755 14.8366344030946 15.1385692763142 14.9650105130859 15.0252540507354 15.0668507791124 15.0202337559313 14.9148075650446 13.2925351583399 14.7204504376277 14.5583666339517 14.7010864433832 15.327906108927 14.4974059113301 15.2117221434601 13.7077852571383
15.806985670235 15.8098544101231 15.6054566930979 15.6262550572865 16.0250099017285 16.5514236711897 16.5736564053223 16.3778649079613 12.2856370731322 12.8599997125566 -9999 -9999 -9999 -9999 -9999 -9999 -9999 -9999 -9999 -9999 -9999 -9999 -9999 -9999 -9999 -9999 -9999 -9999 -9999 -9999 -9999 -9999 -9999 -9999 -9999 -9999 -9999 -9999 -9999 -9999 -9999 -9999 -9999 8.24029302364215 14.1811273386702 14.3367564775981 14.4013031250797 14.5203558304347 14.6838740040548 14.8954435708001 14.9262825245969 14.8230078886263 14.8366344030946 14.7247535474598 15.6631900833454 14.8703420967795 11.9499648907222 14.9822229524143 12.7073122211732 15.0051728715189 14.729773842264 13.77591782948
15.7811670112424 15.5430616005324 15.686498594936 15.7610858320259 15.8263496644795 16.3613696536049 16.4330881508067 16.2602465725504 16.3025604858994 12.6092203033188 -9999 -9999 -9999 -9999 -9999 16.1899624452926 -9999 -9999 -9999 -9999 -9999 -9999 -9999 -9999 -9999 -9999 -9999 -9999 -9999 -9999 -9999 -9999 -9999 -9999 -9999 -9999 -9999 -9999 -9999 -9999 -9999 -9999 -9999 -9999 9.19495020904789 14.33388773771 14.4185155644082 14.5805993680842 14.6422772756778 14.6881771138869 14.8631702470593 14.6078523970209 14.2822504197247 15.6226691324264 15.6717963030096 10.5514541952871 10.7752159065567 14.0972166969441 14.4213843042962 10.4417248945683 14.0807214425877 13.7120883669704
15.6922360747121 15.5710318144411 15.7367015429772 15.8571886182763 16.1046174336225 16.3757133530453 16.2552262777463 16.5758079602383 16.563615815714 16.3986632721499 14.4199996776879 -9999 21.6399995163083 -9999 -9999 10.3052390775858 -9999 -9999 -9999 -9999 -9999 -9999 -9999 -9999 -9999 -9999 -9999 -9999 -9999 -9999 -9999 -9999 -9999 -9999 -9999 -9999 -9999 -9999 -9999 -9999 -9999 -9999 -9999 -9999 -9999 11.8760195069097 14.4744559922256 14.4687185124494 14.6422772756778 14.4751731771976 14.5052949460223 14.293008194305 14.3518173620105 14.6817224491388 14.3618579516187 14.2951597492211 14.1251869108528 14.3432111423463 14.3475142521784 13.6618854189292 12.778313533403 12.8349711461924
15.4275948200375 15.6994079244323 15.6405987567268 15.8514511385001 16.0515457456931 16.1777703007683 16.1677297111601 16.325510405004 16.6367686828598 16.4897457635961 16.7139855981804 13.8582984765992 10.0687894053922 -9999 -9999 -9999 21.4740950606556 10.8004518527596 -9999 -9999 -9999 -9999 -9999 -9999 -9999 -9999 -9999 -9999 -9999 -9999 -9999 -9999 -9999 -9999 -9999 -9999 -9999 -9999 -9999 -9999 -9999 -9999 -9999 -9999 -9999 8.8399998024106 13.1299997065216 13.3483713101014 14.450788888149 14.4550919979811 14.49381998647 14.4256874141283 14.4436170384288 14.7828455301933 14.7340769520961 14.3747672811151 14.3080690787174 14.3173924833536 14.2177037722431 14.055619968567 13.5084078349173 11.8725089137442
15.0948209930211 15.2569047966972 15.7431562077254 15.7747123464942 15.9769585086033 15.9367961501703 16.1698812660761 16.2107608094811 16.4524521450512 16.5836969949305 16.5564439659938 16.5801110700704 19.539999563247 15.3215617803284 17.757728794124 17.8703268347308 16.6770744782872 17.5625993136603 -9999 -9999 -9999 -9999 -9999 -9999 -9999 -9999 -9999 -9999 -9999 -9999 -9999 -9999 -9999 -9999 -9999 -9999 -9999 -9999 -9999 -9999 -9999 -9999 -9999 -9999 -9999 -9999 -9999 -9999 14.4472029632889 14.4185155644082 14.3109378186055 14.412778084632 14.4852137668058 14.8194219637662 14.5103152408265 14.4170811944641 14.3482314371504 14.2463911711238 14.0441450090148 13.9580828123726 13.5786919621751 13.9867702112533
14.8947263858281 15.0560930045322 15.1041443976574 15.5193944964558 15.5889614387415 15.7402874678373 15.9310586703941 16.1856593354605 16.4804223589599 16.5765251452103 16.5528580411337 16.7156590297818 16.6295968331397 17.0584734464064 17.122302908916 17.378736380022 8.25335395351673 -9999 -9999 -9999 -9999 -9999 -9999 -9999 -9999 -9999 -9999 -9999 -9999 -9999 -9999 -9999 -9999 -9999 -9999 -9999 -9999 -9999 -9999 -9999 -9999 -9999 -9999 -9999 -9999 -9999 -9999 -9999 14.7893001949415 14.3166752983816 14.053468413651 14.1969054080546 14.2263099919073 14.5447401194833 14.4292733389884 14.4586779228412 14.3453626972623 14.2614520555362 14.3604235816747 14.133075945545 13.974578066729 13.8304238873534
14.8007751544937 14.9140903800726 14.9427777789533 15.4448072593659 15.8098544101231 15.7768639014103 16.0802331445739 16.4165928964503 16.5750907752663 16.7056184401736 16.7486495384946 16.8605303941295 16.9659565850161 17.0548875215463 17.002533018589 16.7342102143914 9.04957185744218 -9999 -9999 -9999 -9999 -9999 -9999 -9999 -9999 -9999 -9999 -9999 -9999 -9999 -9999 -9999 -9999 -9999 -9999 -9999 -9999 -9999 -9999 -9999 -9999 -9999 -9999 -9999 -9999 -9999 -9999 -9999 13.8801145604146 13.9896389511414 14.1180150611326 13.8705862457864 14.0843073674478 14.0979338819161 14.1431165351532 14.1108432114124 13.9638202921487 14.171803934034 14.2184209572151 14.1689351941459 13.8404644769616 13.7651600548998
14.7520065763965 14.6551866051741 14.7240363624878 15.3056733747944 16.1591234914958 16.3685415033251 16.4567552548833 16.6747794863768 16.4639271046035 16.7414776887745 16.9164708219469 17.3489333600737 17.3467818051577 17.2922757472843 16.9803002844565 6.69999985024333 -9999 -9999 -9999 -9999 -9999 -9999 -9999 -9999 -9999 -9999 -9999 -9999 -9999 -9999 -9999 -9999 -9999 -9999 -9999 -9999 -9999 -9999 -9999 -9999 -9999 -9999 -9999 -9999 -9999 -9999 -9999 -9999 14.8798032006482 14.3288674429059 14.1560258646496 13.8426160318777 13.9136173441075 13.9960936158895 13.9186376389116 13.8806268353947 13.7479476155713 13.7206945866346 13.6231574304402 13.8999908296391 14.0104373153299 13.9222235637717
14.6817224491388 14.7211676225998 14.7649159058928 15.009475981351 15.964766364079 16.3176213703118 16.6166875036433 16.8103274460882 16.6934262956493 16.8182164807804 17.279366417788 17.0979186198674 17.3525192849338 16.9996642787009 17.5098218554631 -9999 -9999 -9999 -9999 -9999 -9999 -9999 -9999 -9999 -9999 -9999 -9999 -9999 -9999 -9999 -9999 -9999 -9999 -9999 -9999 -9999 -9999 -9999 -9999 -9999 -9999 -9999 -9999 -9999 -9999 -9999 -9999 -9999 -9999 11.9832243437995 13.258315189675 13.6306366451484 14.1452680900693 13.9595171823166 13.9293954134919 13.2530899848789 13.6697744536214 13.8311410723254 13.6037934361957 13.5299233840778 13.6267433553003 13.7257148814388
14.6960661485791 14.7390972469002 14.8201391487382 14.9750511026941 15.1866206694394 16.4158757114783 16.3534806189127 16.2243873239495 16.7988524865359 16.9673909549601 17.1151310591958 17.1674855621532 17.480178209953 16.5951719544828 17.1468539851674 11.5874629619066 -9999 -9999 -9999 -9999 -9999 -9999 -9999 -9999 -9999 -9999 -9999 -9999 -9999 -9999 -9999 -9999 -9999 -9999 -9999 -9999 -9999 -9999 -9999 -9999 -9999 -9999 -9999 -9999 -9999 -9999 6.04445843770169 10.4872149127935 12.6549997171387 -9999 11.5949583295733 13.9419859941117 15.4932172449771 14.4072796665132 13.9781639915891 13.9688405869529 13.9186376389116 13.8232520376332 13.9803155465052 13.7802209393121 13.8325754422694 13.8806268353947
14.8854029811919 14.9492324437015 14.9033326054923 14.9212622297928 15.0955381779931 15.7388530978933 16.5693532954901 16.2021545898169 16.8626819490455 17.0663624810986 17.0864436603151 17.0061189434491 17.1093935794197 16.8483382496051 16.8014821647666 -9999 -9999 -9999 -9999 -9999 -9999 -9999 -9999 -9999 -9999 -9999 -9999 -9999 -9999 -9999 -9999 -9999 -9999 -9999 -9999 -9999 -9999 -9999 -9999 -9999 -9999 -9999 -9999 -9999 -9999 -9999 -9999 10.7599997594953 9.01882991008461 16.9785349060638 16.7735461025233 16.6447724671476 14.0599381451611 15.0001525767148 14.8603015071712 14.0663777431473 14.2327646566555 14.2650379803963 13.8526566214859 14.1775414138101 13.855525361374 13.9602343672886
15.1357005364262 14.9793542125262 14.9198278598487 14.9004638656043 14.9822229524143 15.5308694560081 15.7818841962144 16.0250099017285 16.4553208849393 16.8598132091574 16.9265114115551 17.0383922671899 17.1000701747835 17.5553033357719 13.4599996991456 -9999 -9999 -9999 -9999 -9999 -9999 -9999 -9999 -9999 -9999 -9999 -9999 -9999 -9999 -9999 -9999 -9999 -9999 -9999 -9999 -9999 -9999 -9999 -9999 -9999 -9999 -9999 -9999 -9999 -9999 -9999 -9999 -9999 -9999 -9999 16.9159042454946 16.789050958585 15.8148747049272 15.5911129936576 15.6427503116429 15.4727774732746 15.5889614387415 14.9148075650446 14.6143070617691 14.5813165530562 14.4020203100517 14.3008972289972
15.3078249297105 15.2576219816692 15.2117221434601 14.9772026576102 15.0180822010152 15.4189886003733 15.7990966355428 16.1619922313839 16.1153752082027 16.243751318194 16.4632099196315 16.9114505271427 17.1266060187481 17.0964842499234 16.0485873576836 -9999 -9999 -9999 -9999 -9999 -9999 -9999 -9999 -9999 -9999 -9999 -9999 -9999 -9999 -9999 -9999 -9999 -9999 -9999 -9999 -9999 -9999 -9999 -9999 -9999 -9999 -9999 -9999 -9999 -9999 -9999 -9999 -9999 -9999 -9999 -9999 -9999 8.34956738758991 16.4191030438524 15.727378138341 16.2387310233898 16.1519516417757 16.0307473815046 14.8481093626469 14.6637928248383 14.5784478131682 14.7082582931034
