EcologicalScience/Bass/data/rs_data_bass/sst_379.asc
NCOLS 226 
NROWS 124 
XLLCORNER -9.41648524995501 
YLLCORNER 47.587301625531 
CELLSIZE 0.0833 
NODATA_value -9999 
[rows 81 to 107 of 124, columns 62 to 123 of 226]
13.5678317325988 -9999 -9999 -9999 -9999 -9999 -9999 -9999 -9999 -9999 -9999 -9999 -9999 -9999 -9999 -9999 -9999 -9999 -9999 -9999 -9999 -9999 -9999 -9999 -9999 -9999 -9999 -9999 -9999 -9999 -9999 -9999 -9999 -9999 -9999 -9999 -9999 -9999 -9999 -9999 -9999 -9999 -9999 -9999 -9999 -9999 -9999 -9999 -9999 -9999 -9999 -9999 -9999 -9999 -9999 -9999 -9999 -9999 -9999 -9999 -9999 -9999
14.8859181190287 -9999 -9999 -9999 -9999 -9999 -9999 -9999 -9999 -9999 -9999 -9999 -9999 -9999 -9999 -9999 -9999 -9999 -9999 -9999 -9999 -9999 -9999 -9999 -9999 -9999 -9999 -9999 -9999 -9999 -9999 -9999 -9999 -9999 -9999 -9999 -9999 -9999 -9999 -9999 -9999 -9999 -9999 -9999 -9999 -9999 -9999 -9999 -9999 -9999 -9999 -9999 -9999 -9999 -9999 -9999 -9999 -9999 -9999 -9999 -9999 -9999
-9999 -9999 -9999 -9999 -9999 -9999 -9999 -9999 -9999 -9999 -9999 -9999 -9999 -9999 -9999 -9999 -9999 -9999 -9999 -9999 -9999 -9999 -9999 -9999 -9999 -9999 -9999 -9999 -9999 -9999 -9999 -9999 -9999 -9999 -9999 -9999 -9999 -9999 -9999 -9999 -9999 -9999 -9999 -9999 -9999 -9999 -9999 -9999 -9999 -9999 -9999 -9999 -9999 -9999 -9999 -9999 -9999 -9999 -9999 -9999 15.0526992296913 -9999
-9999 -9999 -9999 -9999 -9999 -9999 -9999 -9999 -9999 -9999 -9999 -9999 -9999 -9999 -9999 -9999 -9999 -9999 -9999 -9999 -9999 -9999 -9999 -9999 -9999 -9999 -9999 -9999 -9999 -9999 -9999 -9999 -9999 11.3199997469783 11.209999749437 11.1449997508898 -9999 -9999 -9999 -9999 -9999 -9999 -9999 -9999 -9999 -9999 -9999 -9999 -9999 -9999 -9999 -9999 -9999 -9999 -9999 -9999 17.2699996139854 16.3585521412149 8.44370273060094 7.48333688499406 7.3972746883519 7.04728842200711
-9999 -9999 -9999 -9999 -9999 -9999 -9999 -9999 -9999 -9999 -9999 -9999 -9999 -9999 -9999 -9999 -9999 -9999 -9999 -9999 -9999 -9999 -9999 -9999 -9999 -9999 -9999 -9999 -9999 -9999 -9999 -9999 -9999 17.7913421213651 14.1538743097335 9.19294035406067 10.3757438771427 10.7519791134633 13.6287845740668 15.60384920954 15.5764840501943 15.8349996460602 10.7043705041034 9.7764380350709 9.12104986227282 9.16897469334414 7.51489302376285 7.43887141672894 7.68558304710314 7.88496046932414 7.84479811089113 7.72513855671367 15.0849759993143 -9999 15.19653086178 7.31479841656983 7.29471723735332 7.53927731281146 7.64111757883802 7.60812707012519 7.13406780362129 7.21941281529143
-9999 -9999 -9999 -9999 -9999 -9999 -9999 -9999 -9999 -9999 -9999 -9999 7.81709684134694 8.85083987722721 8.39259703224525 6.48023417079821 8.71665597520769 9.056319124531 11.3821414846158 -9999 -9999 -9999 -9999 -9999 -9999 11.894999734126 9.99051612832684 14.3191103915424 6.62271491857246 6.82496108068153 7.67984556732699 9.75889960257336 10.7128860126249 10.732321414897 15.5649996520951 13.0524574889569 15.5473225230132 7.44880955134119 7.32985930098221 7.06234930641949 7.12689595390111 7.09031952032819 7.57585374638438 7.73506881017238 7.75658435933292 7.4847712549381 7.70853296620771 7.8075044923462 7.84981840569526 7.87061676988378 7.9229712728411 7.95381022663787 7.99971006484702 7.02218694798648 7.10322884982452 7.35567795997486 7.19287697132677 7.40444653807208 7.5686818966642 7.98106325557455 7.4252449022606 7.05230871681124
-9999 -9999 -9999 -9999 -9999 -9999 -9999 -9999 -9999 15.9536978093442 10.3535111430101 8.86750388098881 8.82590715261176 8.28228094382212 8.40635394398123 8.51321450481191 8.36906032543629 8.45583970705047 8.49743643542752 8.59832045482472 11.879333738478 15.5872768879933 11.4140718068482 9.55600145412609 7.47473066532984 11.1846488383599 -9999 9.69287344763199 6.21176792960614 7.58517715102062 7.70781578123569 7.38221380393952 7.26316109858453 7.23734243959188 17.6836603716947 16.514999630861 13.7702583045921 6.64341082776498 7.55290382727981 7.17494734702632 7.10753195965663 7.31049530673772 7.65330972336233 7.68127993727103 7.80607012240216 8.02050842903554 7.9789117006585 7.86487929010764 6.55601671617478 6.28061768691987 6.16801964631304 6.47138888947666 6.17519149603322 6.52159183751792 6.46421703975648 6.644230467733 6.58900722488761 6.72168644471094 7.06306649139151 7.35567795997486 7.20578630082309 7.22299874015152
-9999 -9999 -9999 -9999 -9999 -9999 -9999 -9999 14.5876488664564 8.84025085205212 8.98583940137178 9.0582750835456 8.8036744184792 8.47878962615505 7.96456800121814 8.25000762008131 8.37551499018446 8.2220374061726 8.30666523287073 8.21343118650839 8.08338164491579 9.30243672290817 8.11661121528596 7.61529891984537 7.68486586213112 7.51991331856698 7.37504195421934 6.75539413839579 7.76017028419301 7.73076570034027 7.59952085046098 7.46038696588948 7.31694997148588 7.3413342605345 7.30619219690561 7.35567795997486 7.49409465957433 7.45393230114132 7.45608385605738 7.58374278107658 7.35280922008678 7.58230841113254 7.54716634750366 7.67123934766278 7.87276832479984 7.99182103015482 7.45034637628123 6.50653095310554 7.92225408786908 7.75443280441687 6.90313424263149 7.67482527252287 7.79459516284987 7.35711232991889 7.57083345158026 6.75969724822789 6.91317483223975 7.02792442776263 7.54286323767155 7.51489302376285 7.09892573999241 7.36284980969504
-9999 -9999 -9999 -9999 -9999 -9999 -9999 -9999 11.784295162186 9.07763907779008 8.96073792735115 8.63011565525085 8.92200993886217 8.36906032543629 8.87754447059706 8.68677326804027 8.33893855661154 8.22920925589278 8.21271400153637 8.18044067779556 8.2736747241579 8.1940671922639 8.11661121528596 8.0427411631681 7.79244360793382 7.68199712224305 7.86129336524755 8.13454083958641 8.03413494350389 7.91293068323284 7.70136111648753 7.63322854414582 7.41090120282024 7.34994048019871 7.31551560154185 7.49552902951837 7.68845178699121 7.65044098347425 7.52851953823119 7.72431103559211 7.7121188910678 7.57083345158026 7.61601610481739 7.61099581001326 7.96169926133007 6.13789787748829 7.93157749250531 7.07167271105573 7.79674671776593 7.33918270561844 7.71427044598386 8.15749075869098 8.16107668355107 7.81180760217831 7.67554245749488 7.63107698922977 7.31049530673772 7.07812737580389 7.42237616237253 7.39942624326795 7.1900082314387 6.70088808052242
13.4050028016791 9.40499978978187 -9999 -9999 -9999 -9999 -9999 -9999 11.5621565537478 7.6999267465435 7.98321481049061 8.19980467204005 9.29422893933952 9.30857263877988 8.93563645333052 9.04177982918918 8.84957425668836 8.55696278810501 8.47090059146285 8.29519027331844 8.26219976460561 8.18546097259969 8.32100893231109 8.4529709671624 8.52253790944815 8.49169895565137 8.69322793278843 8.41137423878536 8.18044067779556 8.158207943663 8.06855982216075 7.74726095469669 7.67482527252287 7.48405406996608 7.52923672320321 7.53138827811927 7.57155063655227 7.65330972336233 7.5686818966642 7.71570481592789 7.73291725525633 7.79818108770996 7.31192967668176 7.6561784632504 7.82902004150674 7.2459486592561 7.99325540009886 8.1739860130474 8.07358011696488 8.39129305956885 8.05923641752452 8.2578966547735 7.72000792576 7.19789726613089 7.92942593758926 7.49768058443442 7.59378337068483 7.32914211601019 7.64111757883802 7.48333688499406 7.28611101768911 7.18929104646668
9.82853174349293 9.5961638125591 6.59474470466375 9.41916256146505 11.0713108450041 -9999 16.1899624452926 9.78881762566743 7.48979154974222 8.32579016545787 8.29590745829046 8.61648914078251 8.50102236028761 9.10776084661484 9.07333596795797 9.08481092751026 9.01094087539241 8.87324136076495 9.00950650544837 8.98799095628783 8.98010192159563 8.72191533166915 8.85316018154845 9.0066377655603 8.88256476540118 8.88686787523329 9.03675953438506 9.05970945348963 8.8036744184792 8.95715200249106 9.00090028578416 8.65952023910359 8.56915493262932 8.66454053390771 8.47233496140689 7.79387797787786 7.63466291408986 7.72861414542422 7.59306618571281 7.91723379306495 7.93588060233742 7.98464918043464 7.99182103015482 8.36260566068813 8.51321450481191 8.27797783399001 8.1460157991387 8.18259223271161 8.63800468994305 8.62222662055865 8.49385051056743 7.86846521496773 8.07142856204882 7.14697713311762 7.27105013327673 7.60812707012519 7.31264686165377 7.34492018539459 7.1025116648525 7.16418957244605 7.2100894106552 7.4689931855537
5.09009063336998 10.0754824355245 6.33153781993315 9.10489210672677 9.13405762892216 9.5323343500495 9.18521682359278 7.94807274686173 7.6999267465435 8.17900630785152 8.78646197915077 8.92918178858235 9.14075135532767 8.90838342439383 9.18378245364875 9.10345773678273 9.21605577738956 9.19597459817305 9.14648883510381 9.12569047091529 9.14648883510381 8.89403972495347 9.04177982918918 9.18091371376067 9.02600175980479 9.02098146500066 8.90121157467365 9.19095430336893 9.09915462695062 9.3014007890597 9.08337655756623 9.01954709505662 9.07261878298596 9.06401256332174 9.10417492175475 8.74845117563382 8.71617785189301 8.54763938346878 8.397030539345 8.43360697291791 8.42786949314177 8.29447308834642 8.78717916412279 8.50747702503577 8.57704396732152 8.45153659721836 8.80654315836728 8.8395336670801 8.77426983462647 8.51608324469998 8.54979093838483 8.46803185157478 8.39057587459683 7.32914211601019 7.44676045142114 7.63107698922977 7.80535293743014 7.24164554942399 7.4252449022606 7.52565079834312 6.90815453743562 6.93612475134432
9.66895808721893 9.81884974637069 9.77474287059158 9.5445264945738 9.47065644245595 8.84491255437024 9.38172550592571 8.41137423878536 8.80654315836728 8.80869471328333 8.98870814125985 9.30498671391979 9.13357950560749 9.04393138410524 9.0941343321465 9.18163089873269 9.21462140744552 9.28777427459136 9.29064301447943 9.35447247698903 9.39535202039406 9.18665119353682 8.96790977707133 9.10704366164282 8.97723318170756 8.97651599673554 8.98799095628783 9.10417492175475 9.15868097962812 9.07620470784605 9.06688130320981 9.07907344773412 9.3293710029684 9.21462140744552 9.14075135532767 9.02169864997268 8.98583940137178 8.89619127986953 8.68964200792834 8.67816704837605 8.59855951648206 8.78933071903884 8.74629962071776 8.78502760920674 8.75131991552189 8.73841058602557 8.66597490385175 8.5089113949798 8.47448651632294 8.7118747420609 8.4730521463789 8.59712514653802 7.94592119194567 8.397030539345 7.95739615149796 8.30379649298266 7.92655719770119 7.65546127827838 7.33129367092624 6.98059021960944 6.21535385446623 6.62271491857246
10.0436872350983 10.0398622485809 10.0935315906536 10.0203787235077 9.21533859241754 9.5961638125591 9.78406627522781 9.4448377834633 9.09198277723044 9.12927639577538 9.23685414157808 9.31933041336015 9.25048065604642 9.37957395100966 9.30785545380786 9.25550095085055 9.29422893933952 9.32793663302436 9.39606920536608 9.36164432670921 9.3731192862615 9.41543319961056 9.24689473118633 9.2139042224735 8.93635363830253 8.9628894822672 9.01596117019653 9.05468915868551 9.0424970141612 9.15079194493592 9.16083253454417 9.23972288146615 9.2296822918579 9.2139042224735 9.06688130320981 9.02600175980479 9.03030486963689 8.99731436092407 8.97364725684747 8.7678151698783 8.78789634909481 8.83738211216405 8.71761222183704 8.66525771887973 8.5842158170417 8.52397227939218 8.4809411810711 8.5885189268738 8.5885189268738 8.15677357371897 8.18330941768363 7.87276832479984 8.11015655053779 8.1065706256777 7.85196996061131 7.99612413998693 7.45608385605738 7.08458204055205 7.47401348035783 7.39584031840786 6.74607073375955 6.89309365302324
9.82494581863284 10.0993886012584 9.43479719385505 10.1699117901735 9.54524367954582 10.0357982004061 9.72884303238243 9.62556839641184 9.53950619976968 9.57536544837058 9.74175236187875 9.57393107842654 9.56460767379031 9.5323343500495 9.43049408402294 9.33008818794042 9.35232092207298 9.33295692782849 9.29781486419961 9.32650226308033 9.33439129777253 9.36379588162526 9.39535202039406 9.39033172558993 8.98799095628783 9.19740896811709 9.05684071360156 9.18736837850884 9.19095430336893 9.18951993342489 9.21462140744552 9.09628588706255 9.11708425125107 9.06831567315385 9.04895167890936 8.77498701959848 8.68103578826413 8.67171238362789 8.72693562647328 8.59067048178986 8.6602374240756 8.73410747619346 8.62796410033479 8.48739584581926 8.40061646420509 8.24785606516525 8.42356638330966 8.12163151009008 7.81324197212234 7.78957486804575 7.93874934222549 7.9789117006585 8.0585192325525 7.56509597180411 7.6124301799573 8.22490614606068 7.0867335954681 7.04155094223097 6.78981901705265 6.42190312640741 6.63203832320869 6.56103701097891
9.51942502055317 9.3652302515693 9.44627215340734 9.42188786435872 9.44770652335137 9.5681935986504 9.73888362199068 9.74318673182279 9.78836938505992 9.65353861032054 9.92391734477133 9.80916774924845 9.76972257578745 9.6958525236696 9.72740866243839 9.5366374598816 9.49002043670043 9.42834252910689 9.39104891056195 9.42188786435872 9.41973630944267 9.41256445972249 9.36809899145737 9.33008818794042 9.28203679481521 9.12712484085932 9.1579637946561 9.19669178314507 9.20242926292121 9.10847803158686 9.07907344773412 9.01882991008461 8.83594774222001 8.83164463238791 8.81801811791956 8.51823479961604 8.38196965493262 8.26793724438176 8.28514968371019 8.28658405365422 8.31598863750696 8.39487898442894 8.50962857995182 8.3095339727588 8.21486555645242 8.14673298411071 7.75443280441687 7.99540695501491 7.80248419754207 7.80104982759804 7.68916897196323 7.78025146340951 7.67410808755085 7.19287697132677 6.87731558363885 6.80846582632512 6.40397350210696 7.22299874015152 6.56103701097891 7.1182897342369 7.11972410418093 8.96783805857413
9.46420177770779 9.46707051759586 9.43910030368716 9.38746298570186 9.29494612431154 9.43479719385505 9.64564957562834 9.28920864453539 9.90813927538693 10.0092623564415 10.0236060558818 9.94830163381994 9.90527053549886 9.88949246611446 9.86510817706585 9.67218541959301 9.61983091663569 9.67218541959301 9.59042633278295 9.49002043670043 9.47209081239998 9.48213140200824 9.41901912447065 9.35232092207298 9.31000700872391 9.22322762710974 9.12067017611116 9.07979063270614 8.93276771344244 8.96002074237913 8.84813988674432 8.78072449937463 8.44579911744222 8.33893855661154 8.28514968371019 8.2457045102492 8.18044067779556 8.17972349282354 8.12091432511806 8.01118502439931 8.12091432511806 8.14529861416668 8.04489271808416 7.85699025541544 7.57370219146833 8.12808617483824 7.6561784632504 7.55505538219586 7.49481184454635 7.5048524341546 7.66908779274672 7.4611041508615 7.34635455533862 6.90241705765948 7.01142917340621 7.04800560697913 18.7664351135679 18.794999579899 -9999 -9999 -9999 -9999
9.39678639033809 9.45129244821146 9.32219915324822 9.26482435548678 10.0612582669128 9.94399852398783 9.80366933112964 9.93682667426765 9.91961423493922 9.98129214253277 9.95977659337223 9.91315957019106 9.91817986499518 9.89379557594657 9.94184696907178 9.79482404980808 9.67361978953704 9.55815300904214 9.49719228642061 9.4247566042468 9.40395824005827 9.25550095085055 9.23398540169001 9.41973630944267 9.40467542503029 8.83092744741589 8.8395336670801 8.91268653422594 8.80510878842324 8.67744986340404 8.56987211760134 8.49815362039953 8.27797783399001 8.04704427300021 7.94018371216953 8.08218633662909 8.20482496684417 8.09724722104147 8.18044067779556 8.02122561400756 8.0664082672447 7.46612444566563 7.8433637409471 7.53640857292339 7.26029235869646 7.31910152640194 7.29902034718543 7.15988646261394 7.32985930098221 7.02218694798648 7.22658466501161 7.0465712370351 7.09103670530021 7.78197270734236 10.6018320664922 11.4699997436255 -9999 -9999 -9999 -9999 -9999 -9999
9.34730062726885 10.11181980744 9.73075552564114 9.751792951487 9.71426027128473 9.84072388801724 9.80988493422046 9.7833490902558 9.77259131567553 9.76900539081544 9.75824761623517 9.74318673182279 9.77904598042369 9.79769278969616 9.81992552382872 9.74031799193472 9.54237493965775 9.42403941927478 9.45200963318348 9.3573412168771 9.31072419369593 9.11708425125107 9.15150912990794 9.28777427459136 9.11134677147493 8.9428083030507 8.7039857073687 8.92918178858235 10.1610186965205 15.374999656342 -9999 14.6078244547493 13.9552882640334 13.0449997084215 -9999 16.3049996355549 8.13095491472632 8.12808617483824 8.11876277020201 8.00903346948326 7.61529891984537 7.4532151161693 7.5923490007408 7.05661182664335 7.29400005238131 7.36500136461109 7.13765372848138 6.95620593056083 7.11326943943277 7.31838434142992 6.96624652016908 7.15558335278183 6.91030609235168 -9999 -9999 -9999 -9999 -9999 -9999 -9999 -9999 -9999
10.0888698883355 9.82422863366082 10.0214545009658 10.0257576107979 9.89307839097455 9.80701619433239 9.75681324629113 9.6800744542852 9.64995268546045 9.62700276635587 9.60333566227928 9.51010161591694 9.5323343500495 9.61696217674762 9.70947903813794 9.75322732143104 9.56532485876232 9.45344400312752 9.40467542503029 9.47997984709218 9.30570389889181 9.27916805492714 9.09126559225842 9.22896510688588 9.25621813582256 9.21462140744552 9.05540634365752 9.10991240153089 9.0783562627621 -9999 -9999 -9999 -9999 -9999 16.3799996338785 13.3358877533726 7.7436750298366 7.81467634206638 7.93372904742137 7.99397258507088 8.00831628451124 7.98608355037868 7.73435162520036 6.84862818475813 7.47831659018993 7.22013000026345 7.27463605813682 6.96409496525303 6.96266059530899 7.31981871137396 7.27607042808086 6.92536697676405 6.76937924535014 -9999 -9999 -9999 -9999 -9999 -9999 -9999 -9999 -9999
10.1663258653134 10.0773949287832 9.95403911359608 9.89236120600253 9.80199589952826 9.7955412347801 9.80845056427643 9.73744925204664 9.73314614221454 9.63632617099211 9.44627215340734 9.37096773134544 9.27916805492714 9.44340341351926 9.60979032702744 9.69800407858565 9.64134646579623 9.41041290480644 9.30785545380786 10.680308428593 10.8059445242039 7.41510185765635 9.14720602007583 9.0625781933777 9.20386363286525 9.22035888722166 9.16011534957215 9.18091371376067 9.11493269633502 13.6099996957928 -9999 -9999 -9999 -9999 -9999 17.3799996115267 7.73793755006045 7.73363444022834 7.74726095469669 7.79387797787786 7.82686848659068 7.69849237659946 7.66335031297058 7.53353983303532 7.46755881560966 7.47042755549774 6.98632769938558 7.10968351457268 7.28467664774507 7.30834375182167 7.43456830689684 7.65187535341829 7.74415315315127 14.0921184472517 20.6549995383248 20.9684498548697 -9999 -9999 -9999 -9999 -9999 -9999
10.1871242295019 10.0063936165534 9.86439099209383 9.69370096875355 9.98200932750478 9.97842340264469 9.99491865700111 9.91244238521904 9.80701619433239 9.59974973741919 9.54954678937793 9.36092714173719 9.21462140744552 9.39176609553397 9.62198247155175 9.65282142534852 9.50508132111281 9.55528426915407 9.50221258122474 9.33510848274454 9.33223974285647 9.40969571983442 9.22824792191386 9.03102205460891 8.87754447059706 8.85100862663239 8.81514937803149 8.71832940680906 7.95500553492457 9.55169834429398 17.3606755579125 24.7149994475767 -9999 -9999 -9999 -9999 11.596358547852 7.6203192146495 7.68988615693524 7.87491987971589 7.75514998938888 7.77523116860539 7.66693623783067 7.30045471712947 7.10609758971259 7.28754538763314 7.1821191967465 7.28682820266113 7.3018890870735 7.58661152096465 7.70566422631964 7.83647876521573 9.79061058809748 9.86999977938831 -9999 -9999 -9999 -9999 -9999 -9999 -9999 -9999
10.4966407724257 10.6909466723446 9.7329070805572 10.8869772313628 10.2473677671514 10.2014679289423 10.1641743103974 9.78621783014387 9.77402568561956 9.40826134989038 9.25119784101844 9.15581223974004 9.19812615308911 9.3092898237519 9.51727346563712 9.56102174893022 9.64851831551641 9.63560898602009 9.54380930960178 9.23470258666202 9.27916805492714 8.10728781064972 8.64445935469121 8.27941220393404 8.49098177067935 8.45081941224635 8.437192897778 8.317423007451 8.2578966547735 8.29949338315055 17.0498249664265 -9999 -9999 -9999 -9999 -9999 -9999 -9999 -9999 -9999 -9999 -9999 -9999 -9999 -9999 -9999 7.35496077500284 7.27750479802489 7.49481184454635 7.65990782510489 16.2426566674472 14.6949996715412 -9999 -9999 -9999 -9999 -9999 -9999 -9999 -9999 -9999 -9999
10.2782067209482 10.6303445422091 10.2943946103166 10.2691906813 10.4094515708275 10.1146885473281 9.78048035036772 9.69943844852969 9.69656970864162 9.4247566042468 9.11564988130704 9.22035888722166 9.21246985252947 9.24904628610238 9.27127902023494 9.4606158528477 9.15652942471206 9.20673237275332 9.35590684693307 9.26482435548678 9.20816674269736 9.17159030912444 8.51464887475595 5.56988737965003 10.6273510744998 13.6699996944517 8.25502791488543 8.43504134286195 8.35399944102392 8.25144199002534 10.0824152235873 16.7558470108492 19.7221636311151 -9999 -9999 -9999 -9999 -9999 -9999 -9999 -9999 -9999 -9999 -9999 -9999 -9999 -9999 -9999 -9999 -9999 -9999 -9999 -9999 -9999 -9999 -9999 -9999 -9999 -9999 -9999 -9999 -9999
10.2903988654725 11.0771507797763 11.1099363784971 8.82770011504181 9.87228002678603 10.0487075299025 9.82566300360486 9.18234808370471 8.72048096172512 8.70470289234072 9.0570797752589 8.29519027331844 8.43647571280599 8.53401286900043 9.04966886388138 9.09341714717448 9.15079194493592 9.06544693326578 9.14505446515977 9.20529800280929 9.05182041879743 8.93707082327455 8.37121188035235 8.33463544677943 8.37049469538033 8.41237829774618 6.82854700554162 8.20267341192812 8.13238928467035 7.95954770641401 8.31527145253494 10.6461226115935 -9999 -9999 -9999 -9999 -9999 -9999 -9999 -9999 -9999 -9999 -9999 -9999 -9999 -9999 -9999 -9999 -9999 -9999 -9999 -9999 -9999 -9999 -9999 -9999 -9999 -9999 -9999 -9999 -9999 -9999
9.37527084117755 10.6475569815375 8.95069733774289 9.3053453064058 10.509140281938 10.3606829927303 10.1598712005652 9.30032501160167 9.15772473299876 8.80941189825535 8.95249030017294 9.34156314749271 9.32435070816427 8.55624560313299 8.97795036667958 8.90192875964567 8.875392915681 8.88256476540118 9.01022369042039 8.96432385221124 8.92918178858235 8.83881648210809 8.69107637787238 8.10441907076165 8.41782890353352 8.3296151519753 8.08677632045001 7.76590776396915 7.90647601848468 8.03126620361581 8.02050842903554 10.1064133361125 20.3048346087124 28.5299993623048 -9999 -9999 -9999 -9999 -9999 -9999 -9999 -9999 -9999 -9999 -9999 -9999 -9999 -9999 -9999 -9999 -9999 -9999 -9999 -9999 -9999 -9999 -9999 -9999 -9999 -9999 -9999 -9999
9.82100130128674 8.91053497930989 9.99993895180523 10.1448103161529 9.72346414509229 10.0114139113575 9.76326791103929 9.49145480664447 8.67350534605794 9.22466199705377 9.02600175980479 9.16513564437628 8.72406688658521 8.52397227939218 8.8273415225558 8.70613726228476 8.97221288690343 9.0582750835456 9.06759848818183 8.93922237819061 8.7757042045705 8.63585313502699 8.49169895565137 8.1818750477396 8.54835656844079 8.30236212303862 8.23422955069691 8.03987242328003 7.98751792032272 7.98608355037868 8.06282234238461 11.9780034079616 13.8891935684232 -9999 -9999 -9999 -9999 -9999 -9999 -9999 -9999 -9999 -9999 -9999 -9999 -9999 -9999 -9999 -9999 -9999 -9999 -9999 -9999 -9999 -9999 -9999 -9999 -9999 -9999 -9999 -9999 -9999
