EcologicalScience/Bass/data/rs_data_bass/sst_315.asc
NCOLS 226 
NROWS 124 
XLLCORNER -9.41648524995501 
YLLCORNER 47.587301625531 
CELLSIZE 0.0833 
NODATA_value -9999 
[rows 0 to 26 of 124, columns 0 to 61 of 226]
-9999.000000000000000 -9999 -9999 -9999 -9999 -9999 -9999 -9999 -9999 -9999 -9999 -9999 -9999 -9999 -9999 -9999 -9999 -9999 -9999 -9999 -9999 -9999 -9999 -9999 -9999 -9999 -9999 -9999 -9999 -9999 -9999 -9999 -9999 -9999 -9999 -9999 -9999 -9999 -9999 -9999 -9999 -9999 -9999 -9999 -9999 -9999 -9999 -9999 -9999 -9999 -9999 -9999 -9999 -9999 -9999 -9999 -9999 -9999 -9999 -9999 -9999 -9999
-9999 -9999 -9999 -9999 -9999 -9999 -9999 -9999 -9999 -9999 -9999 -9999 -9999 -9999 -9999 -9999 -9999 -9999 -9999 -9999 -9999 -9999 -9999 -9999 -9999 -9999 -9999 -9999 -9999 -9999 -9999 -9999 -9999 -9999 -9999 -9999 -9999 -9999 -9999 -9999 -9999 -9999 -9999 -9999 -9999 -9999 -9999 -9999 -9999 -9999 -9999 -9999 -9999 -9999 -9999 -9999 -9999 -9999 -9999 -9999 -9999 -9999
-9999 -9999 -9999 -9999 -9999 -9999 -9999 -9999 -9999 -9999 -9999 -9999 -9999 -9999 -9999 -9999 -9999 -9999 -9999 -9999 -9999 -9999 -9999 -9999 -9999 -9999 -9999 -9999 -9999 -9999 -9999 -9999 -9999 -9999 -9999 -9999 -9999 -9999 -9999 -9999 -9999 -9999 -9999 -9999 -9999 -9999 -9999 -9999 -9999 -9999 -9999 -9999 -9999 -9999 -9999 -9999 -9999 -9999 -9999 -9999 -9999 -9999
-9999 -9999 -9999 -9999 -9999 -9999 -9999 -9999 -9999 -9999 -9999 -9999 -9999 -9999 -9999 -9999 -9999 -9999 -9999 -9999 -9999 -9999 -9999 -9999 -9999 -9999 -9999 -9999 -9999 -9999 -9999 -9999 -9999 -9999 -9999 -9999 -9999 -9999 -9999 -9999 -9999 -9999 -9999 -9999 -9999 -9999 -9999 -9999 -9999 -9999 -9999 -9999 -9999 -9999 -9999 -9999 -9999 -9999 -9999 -9999 -9999 -9999
-9999 -9999 -9999 -9999 -9999 -9999 -9999 -9999 -9999 -9999 -9999 -9999 -9999 -9999 -9999 -9999 -9999 -9999 -9999 -9999 -9999 -9999 -9999 -9999 -9999 -9999 -9999 -9999 -9999 -9999 -9999 -9999 -9999 -9999 -9999 -9999 -9999 -9999 -9999 -9999 -9999 -9999 -9999 -9999 -9999 -9999 -9999 -9999 -9999 -9999 -9999 -9999 -9999 -9999 -9999 -9999 -9999 -9999 -9999 -9999 -9999 -9999
-9999 -9999 -9999 -9999 -9999 11.1122928434052 11.0710547075141 10.3580533144996 11.0749992248602 11.1481520920061 11.2048097047955 11.3088015257381 11.3798028379679 11.2478408031166 11.346095144283 11.2851344216615 11.5153507976793 11.0852788761258 11.0137994405814 10.7300332533196 11.14600053709 11.0620898953639 10.9442324982956 10.1054846735206 9.44188754528295 9.94947095714388 7.87343661079649 11.6602221620269 11.7140110349283 11.7785576824099 11.7699514627457 11.3657544499866 11.8619737138105 11.0498735760653 12.3249997245148 7.78357941060634 10.3700534258893 12.2299997266382 -9999 11.4132031666647 11.4624384841882 11.2413861383684 12.6633590278881 13.4049997003749 -9999 -9999 -9999 -9999 -9999 -9999 -9999 -9999 -9999 -9999 -9999 -9999 -9999 -9999 -9999 -9999 -9999 -9999
-9999 -9999 -9999 -9999 -9999 11.0864741844125 11.2499923580326 10.9516434096731 11.1194646931253 11.1001006988809 11.064958635252 11.147434907034 10.9687124120072 11.5182195375673 11.3945051298942 11.3747825431637 11.5899380347691 10.7681874938309 11.1510208318941 11.0900601092726 10.9301278605126 11.0032807276584 10.9570222969633 10.7394761887845 9.58161930132657 7.4999299373012 11.4916836936027 11.5103305028751 11.6523331273347 11.6982329655439 11.4849899671972 11.3394355695429 5.98212902720219 5.84903967692517 12.1765259368826 10.4338592463426 12.0099997315556 -9999 -9999 10.47500227727 10.6224555075169 10.4381389697082 10.1015230803418 11.5629763622273 10.8409817684907 11.5109027249273 -9999 -9999 -9999 -9999 -9999 -9999 -9999 -9999 -9999 -9999 -9999 -9999 -9999 -9999 -9999 -9999
-9999 -9999 -9999 -9999 -9999 11.2098299995996 11.0154728721827 10.9186529009603 11.346095144283 11.0599383404478 11.0384227912873 11.3252967800945 11.384823132772 11.3798028379679 11.5899380347691 11.2483189264312 11.384823132772 11.3927121674642 11.3417920344509 11.0047150976025 10.9975432478823 11.105120993685 10.9848729800433 11.6286660232581 12.0934808355211 12.0005882575401 11.4837946589105 11.4493697802536 11.5296944971196 11.7290719193406 11.7297891043127 12.0453504920006 12.0596941914409 11.6853236360475 11.4706804194222 11.7806103152608 11.250135795027 12.3099997248501 12.0549997305498 9.4263001110344 10.7107409775723 11.6791949644685 10.6053865051828 10.0883917650208 10.5042634241283 -9999 -9999 -9999 -9999 -9999 -9999 -9999 -9999 -9999 -9999 -9999 -9999 -9999 -9999 -9999 -9999 -9999
-9999 -9999 -9999 -9999 -9999 11.1718191960827 11.1886730429251 11.1739707509987 11.2306283637881 11.3391623562202 10.8965636038221 11.3422701577656 11.3042593542486 11.3636661760975 11.5135578352492 11.3366522088181 11.0448774560355 11.1503036469221 11.3747825431637 11.3970152772963 11.2521439129487 11.1388286873698 11.0507344666403 9.5165562806651 9.66548900710147 11.612409830559 11.4314401559532 11.5791802601889 11.5698568555526 11.6049989191815 11.5669881156646 11.8251747055911 11.7161625898443 11.5366272851825 11.4490111877676 11.5738013728987 11.2841303627007 10.3776604921541 10.2258051894682 12.8455610689707 9.96891290627663 11.06782737514 9.61435848347964 -9999 10.3937452199403 10.2508569929142 9.33499979134649 -9999 -9999 -9999 -9999 -9999 -9999 -9999 -9999 -9999 -9999 -9999 -9999 -9999 -9999 -9999
-9999 -9999 -9999 -9999 -9999 11.2195119967218 10.9612058759667 11.1208990630694 11.1646473463625 11.4769814016763 11.4794915490784 11.3303170748986 11.5114062803332 11.451043211855 11.3111921423115 11.0351954589132 11.1628543839324 11.0577867855318 11.026589239249 11.1503036469221 10.6626178659499 11.185087118065 11.0581453780178 10.9996948027983 10.7785627697594 11.3898434275761 11.5755943353288 11.5361491618678 11.62221135851 11.5877864798531 11.6085848440416 11.6724143065512 11.5128406502772 11.5191757841967 11.7154454048723 11.8136997460388 11.7613452430815 11.821588780731 11.3410748494789 11.7431765571237 11.0188197353855 11.0223187287338 9.38113764939127 12.0596717794106 11.3389232945628 12.9047856576678 12.0949997296557 -9999 -9999 -9999 -9999 -9999 -9999 -9999 -9999 -9999 -9999 -9999 -9999 -9999 -9999 -9999
-9999 -9999 -9999 -9999 -9999 11.1409802422859 10.9946745079942 11.1775566758588 9.43886124202982 11.3152561904863 11.3805200229399 11.1746879359707 11.6562776446808 11.0348368664272 11.3884090576321 11.6200598035939 11.0843226294965 11.0724890774582 11.0237204993609 11.1510208318941 11.1488692769781 10.7450941377319 11.1797082307748 11.1783933916595 10.8305416043981 11.5971098844893 11.372152864933 11.3640247685835 11.5877864798531 11.3759778514504 11.2920672097243 11.4240292445756 11.7950529367663 11.5717693488114 11.7724616101477 11.6480300175026 11.8861354282126 11.7900326419622 11.6096606214996 11.6444440926425 11.2275205622427 11.4748298467603 10.7332605856936 13.2951170242392 11.0948652485851 12.039999730885 -9999 -9999 -9999 -9999 -9999 -9999 -9999 -9999 -9999 -9999 -9999 -9999 -9999 -9999 -9999 -9999
-9999 -9999 -9999 -9999 -9999 11.224890884012 10.9996948027983 11.1165959532373 11.0861155919265 11.1395458723418 11.0950804040767 11.0692617450841 11.0298165716231 10.8598437332548 10.8598437332548 10.9996948027983 11.105120993685 11.2148502944037 11.3102358956821 11.1639301613905 11.1201818780974 11.1287880977616 11.1268756045029 11.3913973283488 11.5189367225394 11.2449720632285 11.5368663468398 11.6946470406838 11.3798028379679 11.582766185049 11.3006734293886 11.3903215508908 11.5234788940288 11.8674886189401 11.8258918905631 11.6975157805718 11.5913724047132 11.8997619426809 11.5562303410843 11.6024887717795 11.4809259190224 9.58397166803479 12.6476007885029 10.3817682309076 10.6885082434397 10.8943403304089 12.2549997260794 -9999 -9999 -9999 -9999 -9999 -9999 -9999 -9999 -9999 -9999 -9999 -9999 -9999 -9999 -9999
-9999 -9999 -9999 -9999 -9999 11.0850398144685 11.0685445601121 11.2772453869693 11.2399517684244 11.1657231238205 10.8648640280589 9.44818464666605 10.628910172265 10.9738761438057 11.2533392212354 11.5795388526749 11.2499923580326 11.3102358956821 11.4576174074318 8.7635120600462 11.4149449015968 11.3353373697028 11.5877864798531 11.4149449015968 11.544755381532 11.3929512291215 11.8301950003952 11.5055492697284 11.2758110170253 11.625080098398 11.5476241214201 11.5519272312522 11.8484832171816 11.7670827228576 11.944227410946 11.8301950003952 11.823023150675 11.8997619426809 12.490669234811 11.6075090665836 11.2026581498794 10.9961088779382 11.9577235281467 13.7446895466984 10.1187728618765 12.1299997288734 -9999 -9999 -9999 -9999 -9999 -9999 -9999 -9999 -9999 -9999 -9999 -9999 -9999 -9999 -9999 -9999
-9999 -9999 -9999 -9999 -9999 11.1703848261386 10.9540340262465 11.4020355721004 11.2395931759384 11.5192953150254 11.1947691151872 11.4156620865688 11.4805673265364 11.2750938320532 11.5906552197412 11.4902493236586 11.4787743641064 11.9248634167016 11.0706961150281 11.158670804929 8.83164463238791 11.8301950003952 9.80378886195831 11.6946470406838 11.8603167692199 11.9282102799043 11.4020355721004 11.6760002314113 11.6153981012758 11.5206101541407 11.6114535839297 11.6351206880063 12.1493423129432 11.7061220002361 11.9399243011139 12.0747550758533 12.0948362550698 11.1696676411666 11.5966317611746 11.6520940656774 11.6006958093494 12.0930643863154 11.5128581425936 11.0614444288891 11.8749997345731 -9999 -9999 -9999 -9999 -9999 -9999 -9999 -9999 -9999 -9999 -9999 -9999 -9999 -9999 -9999 -9999 -9999
-9999 -9999 -9999 -9999 -9999 11.3356959621888 11.4561830374878 11.4766228091903 11.3887676501181 11.2614673175849 11.385181725258 11.2198705892079 11.2048097047955 10.8478906503879 10.722622341942 11.6419339452405 11.4400463756174 11.6522306723387 11.0240790918469 11.7498702835292 11.5207296849694 11.744849988725 11.6736096148379 11.5795388526749 11.8653370640241 11.3998840171844 11.7192703913897 11.4823602889664 11.7104251100682 11.6083457823843 11.6695455666631 11.7489140368998 11.8649784715381 11.5999786243774 11.5949583295733 11.980803844519 12.2418591743335 12.2848902726546 11.066649142686 12.6377452788875 10.4159948764149 13.0612430048641 10.2511148571738 11.8728394424705 10.2209125057679 11.9613914109666 -9999 -9999 -9999 -9999 -9999 -9999 -9999 -9999 -9999 -9999 -9999 -9999 -9999 -9999 -9999 -9999
-9999 -9999 -9999 -9999 -9999 11.6602221620269 11.1212576555554 11.6554067772148 11.0943632191047 11.4490111877676 11.2356486585923 11.4837946589105 11.2373220901936 11.1660817163065 11.5372249393258 11.4457838553935 11.384823132772 11.5497756763361 11.6448026851285 11.7082735551521 11.7885982720181 11.7211828846484 11.2098299995996 11.2378002135083 11.2915890864097 11.4178136414848 11.5010070982389 11.6950056331698 11.4127933466807 11.5985442544334 11.5723670029547 11.625080098398 11.4943133718334 11.4574637249378 12.329162652658 11.7197485147044 11.6150395087898 11.5275429422036 12.1521558847565 13.5710898014717 13.2252501682378 10.1087737858735 12.1962584827972 -9999 -9999 -9999 -9999 13.2249997043982 13.2249997043982 -9999 -9999 -9999 -9999 -9999 -9999 -9999 -9999 -9999 -9999 -9999 -9999 -9999
-9999 -9999 -9999 -9999 -9999 11.2992390594445 11.3231452251785 11.3231452251785 11.2985218744725 11.3367717396468 11.4420954755374 11.1549653492402 11.3772926905658 10.3009175783955 11.4565416299738 11.4414807455614 11.6415753527544 11.5296944971196 11.5815708767623 11.5896989731118 11.5394960250705 11.306649970822 11.3252967800945 11.6681111967191 11.7548905783333 12.2547685038298 11.4730368843302 11.4339503033552 11.462637702236 11.5365077543538 11.3547013639472 11.3652542285355 11.7778404974379 11.7455671736971 11.8036591564305 11.6803033412434 11.8038982180879 12.6872541769558 10.800225825049 -9999 -9999 -9999 -9999 -9999 -9999 -9999 -9999 -9999 -9999 -9999 -9999 -9999 -9999 -9999 -9999 -9999 -9999 -9999 -9999 -9999 -9999 -9999
-9999 -9999 -9999 -9999 -9999 11.4138691241387 10.9272591206245 11.5872742048731 11.5820490000769 10.7264473284595 10.8285266561434 10.90610216395 11.2707907222211 11.4529557051137 10.4338358598761 11.3310342598706 11.3955809073523 11.5006485057529 11.5081789479591 11.5325632370077 11.5084180096164 11.3102358956821 11.622569950996 11.6559190521948 11.7649311679415 11.237561151851 11.2966093812138 11.2146112327464 11.6344035030343 11.4351797633073 11.5758333969861 11.8022247864865 11.9234290467575 11.7642139829695 11.7799920523539 11.7781990899239 11.7785576824099 11.5579515850171 11.827227338442 10.2125560921052 11.6199997402728 -9999 -9999 -9999 -9999 -9999 -9999 -9999 -9999 -9999 -9999 -9999 -9999 -9999 -9999 -9999 -9999 -9999 -9999 -9999 -9999 -9999
-9999 -9999 -9999 -9999 -9999 11.4237901829183 11.3374889246188 11.144924759632 11.6543412452564 11.345377959311 11.4386120056733 11.4159011482261 8.40970080718398 11.0245572151616 11.0183416120708 11.4210409738589 11.3790856529959 11.464430664666 11.6681111967191 11.7207047613338 10.0556403179653 10.1651305570267 11.5221640549134 11.7591936881654 11.6724143065512 10.8837498989888 11.5464766254649 12.2067171107046 11.6724143065512 11.7943357517943 11.7871639020741 11.9184087519534 11.7764061274938 11.8502761796117 11.744849988725 11.6800642795861 11.4307229709812 11.822305965703 13.0736086618816 9.97425597645594 10.4282159514069 -9999 12.2068532188015 8.5046546992512 12.0008850237355 12.1599997282028 -9999 -9999 -9999 -9999 -9999 -9999 -9999 -9999 -9999 -9999 -9999 -9999 -9999 -9999 -9999 -9999
-9999 -9999 -9999 -9999 -9999 11.4837946589105 11.4890540153719 11.4768618708476 11.2550126528367 11.0592211554758 10.9561855811626 11.092450725846 8.98225347651169 9.03173923958093 11.0828882595524 11.1507817702368 11.2105471845716 11.2481993956026 11.3668935084715 11.104045216227 11.2331385111902 10.0659199692309 10.336537765339 10.8813592824154 11.383388762828 11.6351206880063 10.8741874326952 10.7259692051448 11.6301003932022 11.823023150675 11.7649311679415 11.4063386819325 11.8208715957589 11.9277321565896 11.8705964204855 11.9384899311699 10.5940549826249 11.5442772582173 11.8000732315704 11.7272789569106 11.4898907311726 11.9404024244286 11.9994506537914 11.9423149176873 12.4096804577857 12.8321024063043 12.8849997119978 -9999 -9999 -9999 -9999 -9999 -9999 -9999 -9999 -9999 -9999 -9999 -9999 -9999 -9999 -9999
-9999 -9999 -9999 -9999 -9999 11.5137115177432 11.5347147919238 11.4070558669046 11.8997619426809 11.4045457195025 11.1723929440603 11.7548905783333 9.81633959896863 11.2012237799354 10.8562578083947 11.2324213262182 10.135008788202 11.1823379090056 11.3012710835319 11.3386842329055 9.30606249137782 11.4461424478795 11.6824548961595 11.5386593092699 11.7810678298119 11.7882396795321 11.6924954857677 9.7305164639838 11.783577977214 11.781426422298 12.1507766828872 11.901913497597 11.7695928702597 11.9553437780123 11.9567781479564 11.901554905111 10.9025162390899 11.7857295321301 11.6842478585895 11.8849401199259 12.0761894457974 12.0051881335676 11.9736319947988 12.4799645850435 11.9863620280521 12.9225473999977 -9999 -9999 -9999 -9999 -9999 -9999 -9999 -9999 -9999 -9999 -9999 -9999 -9999 -9999 -9999 -9999
-9999 -9999 -9999 -9999 -9999 11.5264671647456 11.5971098844893 11.2858516066335 11.2378002135083 11.3708380258176 11.0379446679726 11.4371776357293 11.7406493338889 10.9380168952048 11.3367717396468 10.5690252271015 10.4331186749041 10.7282402908895 11.4102831992786 11.3364131471608 11.4866633987986 11.6003372168634 11.7731787951197 11.9790108820889 12.0564668590669 12.0073396884836 11.4393291906454 11.8803979484364 11.742698433809 11.7979216766544 11.8789635784924 11.9306008964777 11.9352625987958 11.902272090083 11.9912030266132 12.1583071250934 12.3551743999124 11.9535508155823 11.744132803753 11.9953866056167 12.0937604776118 12.0180974630639 12.3300729258917 12.1751609719358 11.9865413242951 11.7646921062842 10.6288610500067 -9999 -9999 8.92411026628023 -9999 -9999 -9999 -9999 10.9150669761002 -9999 -9999 -9999 -9999 -9999 -9999 -9999
-9999 -9999 -9999 -9999 -9999 11.4892247736986 11.2973265661858 11.2887203465216 11.4683751820121 11.120660001412 11.2707907222211 10.8753827409819 11.4845118438825 11.3995254246984 10.8637882506009 10.7682831184939 10.7737815366127 10.6865240316838 11.5250327948015 11.4292886010371 11.6193426186219 11.6293832082301 11.7613452430815 11.902989275055 11.5361491618678 12.022400572896 11.6700236899778 11.6171910637058 11.783577977214 11.8022247864865 12.0121209216304 11.9861827318091 11.1369161941111 11.7853709396441 12.061845746357 12.2404248043895 11.9876171017531 11.9670338930562 11.9535508155823 12.10200810479 11.9338282288518 11.8674886189401 12.7950560929222 11.9031522716396 11.8659005665021 12.848039850127 11.2048097047955 9.54000190114739 9.3093974014977 9.0703955095727 -9999 -9999 -9999 9.75049966711124 9.52811354013221 -9999 -9999 -9999 -9999 -9999 -9999 -9999
-9999 -9999 -9999 -9999 -9999 11.4403810619377 11.4112155397423 11.4044740010053 11.5687810780946 11.4888149537146 11.6602221620269 11.0126041322947 11.4382534131873 11.7247688095085 11.6767174163833 11.3930707599502 11.464430664666 11.3184835228603 11.5167851676233 11.4766228091903 11.5989028469194 11.7061220002361 11.9187673444394 11.5368663468398 11.5545569094829 12.0679418186191 12.0302896075882 11.6238847901113 9.36989195388742 8.72048096172512 11.755368701648 11.8397574666888 11.9401633627713 12.1985890143551 12.0049012595788 12.1142002493143 11.982955399435 11.8986861652229 11.9115954947192 11.9920397424139 11.8151341159828 10.1090407156735 12.0769066307694 12.2892761345989 13.1959107830189 10.0065077141626 -9999 11.5462639430249 10.470258610955 9.71279150853154 8.47717305246137 8.59789797517166 -9999 9.97594083928002 9.24482177188365 -9999 -9999 -9999 -9999 -9999 -9999 -9999
-9999 -9999 -9999 -9999 -9999 11.4551072600298 11.8427457374055 11.6434878460132 11.6712189982645 11.663628790644 11.6006958093494 11.5177414142527 10.9684972565155 11.5887427264825 11.3520716857165 11.6530503123067 11.5770287052728 11.4665822195821 11.5813318151049 11.5978270694613 11.5802560376469 11.7233344395645 11.6548432747368 11.7888373336755 11.9454227192327 11.7481968519278 12.0503707868047 11.3819543928839 11.9621570352465 11.9571367404424 11.7724616101477 11.861392546678 11.7373195465188 12.0319630391896 12.1720531703904 11.7520218384452 11.5837224316783 12.3162671151804 10.6550514484457 8.23625903157517 10.2709017410835 10.1098116895184 12.2027725933585 12.1629688274115 11.9953524539513 9.42188786435872 -9999 13.0149997090921 11.6956115308186 10.0418046245468 9.33757430972699 9.15445927998202 10.4399319321383 10.9364288427667 11.7201318495562 -9999 -9999 -9999 -9999 -9999 -9999 -9999
-9999 -9999 -9999 -9999 -9999 11.7092298017815 11.8334223327693 11.7398296939209 11.5614896975458 11.7179555522744 11.1220943713561 11.304498415906 11.1725363810547 11.4196066039149 11.5930458363146 11.4791329565924 11.4769814016763 11.8481246246956 11.9241462317295 11.8273262605071 11.9592882953584 12.0643558937591 10.8882920704782 11.8395184050314 11.8251747055911 11.8524277345277 11.9863022626378 11.7615843047388 12.2540513188578 12.0066225035116 12.1789859584533 12.168945368845 12.0228786962107 12.219626440201 12.1797031434253 12.5195591720403 9.1733048696131 9.71039639085264 7.8349998248741 9.4693662890552 12.4362163017504 12.2813043477945 12.3325830732938 12.3099917466752 12.0821659872308 9.98941486671023 9.23962933560023 -9999 10.4123203107156 11.0203497299924 10.588389221346 12.1237443262496 10.6468397965655 10.4569292159751 13.1439474718645 13.8699996899813 -9999 -9999 -9999 -9999 -9999 -9999
-9999 -9999 -9999 -9999 -9999 11.7322992517147 9.1299935807474 11.3676106934436 11.7534562083893 11.2844172366895 11.7513046534732 11.9867803859524 11.6677526042331 11.701818890404 11.5547959711403 11.6716971215792 11.7539343317039 11.7682780311443 11.8499175871257 11.6202988652512 12.0098498358857 12.0944776625838 11.798399799969 11.8280434454791 11.9803257212043 12.0295724226162 11.9646671826486 11.7991169849411 11.7226172545925 11.9662210834213 12.1340423668735 12.2074342956766 12.2358826329 12.2975605404936 12.2167577003129 9.45377501157614 12.0035744673805 12.9779778296128 -9999 10.0142109327484 12.2728774243733 12.3867305386811 12.2034180598333 11.3199178928044 12.3156844023906 12.3169904827815 -9999 10.629985949723 11.2416730123572 10.9131544828415 10.9401684501208 11.0102135157213 10.3524353655521 10.6959669671487 14.0149996867403 -9999 -9999 -9999 -9999 -9999 -9999 -9999
