EcologicalScience/Bass/data/rs_data_bass/sst_56.asc
NCOLS 226 
NROWS 124 
XLLCORNER -9.41648524995501 
YLLCORNER 47.587301625531 
CELLSIZE 0.0833 
NODATA_value -9999 
[rows 54 to 80 of 124, columns 0 to 61 of 226]
-9999 -9999 -9999 -9999 -9999 -9999 -9999 -9999 -9999 -9999 -9999 -9999 -9999 -9999 -9999 -9999 -9999 -9999 -9999 -9999 -9999 -9999 -9999 -9999 -9999 -9999 -9999 -9999 -9999 -9999 -9999 -9999 -9999 -9999 -9999 -9999 -9999 -9999 10.4276313458716 8.50874980981462 7.55499983113259 3.50999992154539 3.50999992154539 8.06249981978908 8.22999981604517 8.15249981777743 8.19249981688336 8.25749981543049 7.26999983750284 7.77999982610345 7.38499983493239 7.54874983127229 7.5737498307135 7.43374983384274 7.45999983325601 6.99999984353781 6.97999984398484 7.31374983652495 8.73099980484694 11.5748681623342 -9999 8.16899981740862
-9999 -9999 -9999 -9999 -9999 -9999 -9999 -9999 -9999 -9999 -9999 -9999 -9999 -9999 -9999 -9999 -9999 -9999 -9999 -9999 -9999 -9999 -9999 -9999 -9999 -9999 -9999 -9999 -9999 -9999 -9999 -9999 -9999 -9999 -9999 -9999 -9999 -9999 12.4274997222237 7.24699983801693 7.51499983202666 7.56249983096495 4.89999989047647 4.89999989047647 8.2099998164922 8.25499981548637 8.35999981313944 8.39999981224537 7.4949998324737 7.4949998324737 8.06599981971085 6.95124984462745 7.50249983230606 7.41749983420596 6.86999984644353 6.86999984644353 8.69777758336729 11.4964283144634 13.6649996945634 13.6649996945634 -9999 8.24153827732572
-9999 -9999 -9999 -9999 -9999 -9999 -9999 -9999 -9999 -9999 -9999 -9999 -9999 -9999 -9999 -9999 -9999 -9999 -9999 -9999 -9999 -9999 -9999 -9999 -9999 -9999 -9999 -9999 -9999 -9999 -9999 -9999 -9999 -9999 -9999 -9999 -9999 -9999 -9999 7.33714269314493 7.28357126577092 6.26999985985458 6.26999985985458 8.19999981671572 7.84249982470647 8.20499981660396 8.25249981554225 8.28749981475994 8.39599981233478 8.22499981615692 8.30624981434084 8.37499981280416 6.69999985024333 6.69999985024333 7.97499982174486 7.33499983604997 6.70666651676099 6.76499984879047 6.84499984700233 11.917142590774 -9999 -9999
-9999 -9999 -9999 -9999 -9999 -9999 -9999 -9999 -9999 -9999 -9999 -9999 -9999 -9999 -9999 -9999 -9999 -9999 -9999 -9999 -9999 -9999 -9999 -9999 -9999 -9999 -9999 -9999 -9999 -9999 -9999 -9999 -9999 -9999 -9999 -9999 -9999 -9999 -9999 12.059999730438 7.57333316405614 7.70499982777983 8.17749981721863 6.4899998549372 6.4899998549372 8.13999981805682 8.21249981643632 8.13999981805682 8.14666648457448 8.15999981760979 8.22499981615692 7.81999982520938 8.03499982040375 8.3799998126924 8.5124998097308 8.99199979901314 8.89899980109185 8.48166647708664 8.1499998178333 8.17749981721863 8.97472202162155 -9999
-9999 -9999 -9999 -9999 -9999 -9999 -9999 -9999 -9999 -9999 -9999 -9999 -9999 -9999 -9999 -9999 -9999 -9999 -9999 -9999 -9999 -9999 -9999 -9999 -9999 -9999 -9999 -9999 -9999 -9999 -9999 -9999 -9999 -9999 -9999 -9999 -9999 -9999 -9999 -9999 7.25055539349301 7.35249983565882 7.73999982699752 7.75999982655048 7.94374982244335 8.24374981573783 7.84999982453883 8.05499981995672 7.93999982252717 8.16249981755391 8.11999981850386 7.894999823533 8.24749981565401 8.8399998024106 8.77666647049288 8.78999980352819 8.83399980254471 8.45749981096014 8.47999981045723 8.8149998029694 8.91399980075657 11.4823526845259
-9999 -9999 -9999 -9999 -9999 -9999 -9999 -9999 -9999 -9999 -9999 -9999 -9999 -9999 -9999 -9999 -9999 -9999 -9999 -9999 -9999 -9999 -9999 -9999 -9999 -9999 -9999 -9999 -9999 -9999 -9999 -9999 -9999 -9999 -9999 -9999 -9999 -9999 -9999 8.65999980643392 8.62181798910553 7.51333316539725 5.96499986667186 7.77249982627109 6.28999985940754 6.28999985940754 7.8224998251535 7.65499982889742 7.81999982520938 8.08999981917441 8.33499981369823 6.16249986225739 6.19499986153096 6.19499986153096 8.47199981063604 8.86583313516652 8.73099980484694 8.2583331487452 8.17166648401568 8.50428552420012 -9999 -9999
-9999 -9999 -9999 -9999 -9999 -9999 -9999 -9999 -9999 -9999 -9999 -9999 -9999 -9999 -9999 -9999 -9999 -9999 -9999 -9999 -9999 -9999 -9999 -9999 -9999 -9999 -9999 -9999 -9999 -9999 -9999 -9999 -9999 -9999 -9999 -9999 -9999 -9999 -9999 7.27777761510677 7.67833316170921 4.98499988857657 4.98499988857657 7.57749983062968 7.8349998248741 6.12999986298382 8.12749981833622 8.16999981738627 8.18749981699511 8.20249981665984 8.38999981246889 8.51999980956316 8.53249980928376 8.50749980984256 8.55899980869144 8.58399980813265 8.51899980958551 8.69299980569631 10.9124997560866 8.59714266498174 10.1019997742027 9.66599978394806
-9999 -9999 -9999 -9999 -9999 -9999 -9999 -9999 -9999 -9999 -9999 -9999 -9999 -9999 -9999 -9999 -9999 -9999 -9999 -9999 -9999 -9999 -9999 -9999 -9999 -9999 -9999 -9999 -9999 -9999 -9999 -9999 -9999 -9999 -9999 -9999 -9999 -9999 -9999 7.74277760471321 5.1099998857826 5.15999988466501 5.39499987941235 5.70999987237155 5.41999987885356 7.79499982576817 8.039999820292 8.16499981749803 8.21499981638044 8.36499981302768 8.48999981023371 8.49249981017783 8.48249981040135 8.48749981028959 8.40749981207773 8.25749981543049 9.34999979101121 9.40449978979304 8.82374980277382 8.7529998043552 8.58249980816618 8.76999980397522
-9999 -9999 -9999 -9999 -9999 -9999 -9999 -9999 -9999 -9999 -9999 -9999 -9999 -9999 -9999 -9999 -9999 -9999 -9999 -9999 -9999 -9999 -9999 -9999 -9999 -9999 -9999 -9999 -9999 -9999 -9999 -9999 -9999 -9999 -9999 -9999 -9999 -9999 9.09166646345208 4.66499989572912 4.81499989237636 4.98499988857657 5.27499988209456 5.53999987617135 6.30999985896051 6.33999985828996 6.22499986086041 5.85499986913055 8.25999981537461 8.29749981453642 8.33499981369823 8.23249981598929 8.08999981917441 8.0524998200126 8.09749981900677 8.28999981470406 8.35999981313944 8.40749981207773 8.42874981160276 7.87749982392415 7.55749983107671 7.58249983051792
-9999 -9999 -9999 -9999 -9999 -9999 -9999 -9999 -9999 -9999 -9999 -9999 -9999 -9999 -9999 -9999 -9999 -9999 -9999 -9999 -9999 -9999 -9999 -9999 -9999 -9999 -9999 -9999 -9999 -9999 -9999 -9999 -9999 -9999 -9999 -9999 -9999 -9999 8.21409072549167 7.60249983007088 7.72666649396221 7.64333316249152 7.80499982554466 6.67999985069036 6.67999985069036 6.77499984856695 6.6599998511374 6.44999985583127 8.21499981638044 8.15249981777743 8.38499981258065 8.31249981420115 8.40249981218949 8.28499981481582 8.27749981498346 8.32666648055116 8.22499981615692 8.12249981844798 8.16249981755391 8.18999981693923 7.82833315835645 7.34249983588234
-9999 -9999 -9999 -9999 -9999 -9999 -9999 -9999 -9999 -9999 -9999 -9999 -9999 -9999 -9999 -9999 -9999 -9999 -9999 -9999 -9999 -9999 -9999 -9999 -9999 -9999 -9999 -9999 -9999 -9999 -9999 -9999 -9999 -9999 -9999 -9999 -9999 9.57676449182498 7.65099982898682 7.52999983169138 7.2649998376146 7.09124984149821 8.05999981984496 5.9699998665601 6.89999984577298 6.89999984577298 7.43999983370304 7.28499983716756 7.36999983526766 8.60749980760738 8.51749980961904 8.40499981213361 8.20499981660396 8.21999981626868 8.2224998162128 7.51249983208254 7.19166650592039 8.27999981492758 7.81249982537702 8.05499981995672 6.47999985516071 5.54666654268901
-9999 -9999 -9999 -9999 -9999 -9999 -9999 -9999 -9999 -9999 -9999 -9999 -9999 -9999 -9999 -9999 -9999 -9999 -9999 -9999 -9999 -9999 -9999 -9999 -9999 -9999 -9999 -9999 -9999 -9999 -9999 -9999 -9999 -9999 -9999 -9999 -9999 8.31749981408939 7.61166649653266 8.08166648602734 7.97333315511545 8.28749981475994 7.95999982208014 8.18749981699511 8.40999981202185 8.51999980956316 7.31999983638525 7.32499983627349 8.43249981151894 8.46749981073663 8.46499981079251 8.10999981872737 7.98749982146546 8.05666648658613 8.15499981772155 8.03333315377434 8.08333315265675 8.21166648312161 7.88999982364476 7.54833316461494 7.16333317322036 7.02499984297901
-9999 -9999 -9999 -9999 -9999 -9999 -9999 -9999 -9999 -9999 -9999 -9999 -9999 -9999 -9999 -9999 -9999 -9999 -9999 -9999 -9999 -9999 -9999 -9999 -9999 -9999 -9999 -9999 -9999 -9999 -9999 -9999 -9999 -9999 -9999 11.8099997360259 8.64499980676919 6.78666651497285 7.59666649686794 7.64333316249152 8.26833314852168 8.11249981867149 8.11749981855974 8.01166648759196 8.25666648211578 8.29333314796289 8.58899980802089 8.60249980771914 8.65249980660155 8.57749980827793 7.83999982476234 7.83999982476234 8.23999981582165 8.21999981626868 8.25999981537461 8.25999981537461 8.04999982006848 7.46499983314425 7.3383331693088 7.17499983962625 7.14166650703798 7.04999984242022
-9999 -9999 -9999 -9999 -9999 -9999 -9999 -9999 -9999 -9999 -9999 -9999 -9999 -9999 -9999 -9999 -9999 -9999 -9999 -9999 -9999 -9999 -9999 -9999 -9999 -9999 -9999 -9999 -9999 -9999 -9999 -9999 -9999 -9999 -9999 12.8505552683233 7.91777760080165 7.0233331763496 7.64699982907623 7.64699982907623 7.35499983560294 8.25249981554225 8.30874981428497 8.14499981794506 8.43833314472189 8.74749980447814 8.75999980419874 8.63249980704859 8.45999981090426 8.50249980995432 8.57833314159264 8.10249981889501 8.15249981777743 8.73999980464578 8.28124981489964 7.27999983727932 7.30666650334994 7.21249983878806 7.23249983834103 7.16666650647918 7.11333317433794 7.04833317579081
-9999 -9999 -9999 -9999 -9999 -9999 -9999 -9999 -9999 -9999 -9999 -9999 -9999 -9999 -9999 -9999 -9999 -9999 -9999 -9999 -9999 -9999 -9999 -9999 -9999 -9999 -9999 -9999 -9999 11.6402497398201 14.1159612229452 8.78285694654499 8.72857123347265 9.39956500729465 14.6126663400481 14.388529090156 8.34833314673354 7.78499982599169 7.72833316059162 7.8349998248741 7.84499982465059 8.33499981369823 8.65999980643392 8.73749980470166 8.79249980347231 8.5366664758573 8.83749980246648 8.73249980481341 8.61749980738387 8.54749980894849 8.45749981096014 7.42666650066773 7.62999982945621 7.64749982906505 7.43333316718539 6.55333318685492 6.81999984756112 7.17833317288508 7.0233331763496 7.00333317679663 7.07333317523201 7.32249983632937
-9999 -9999 -9999 -9999 -9999 -9999 -9999 -9999 -9999 -9999 -9999 -9999 -9999 -9999 -9999 -9999 -9999 -9999 -9999 -9999 -9999 -9999 12.1449997285381 8.79699980337173 8.8709998017177 8.53785695202116 8.33666648032765 7.77999982610345 7.8287498250138 7.92624982283451 7.9819998215884 8.08999981917441 8.30749981431291 8.22333314952751 8.20333314997455 8.10666648546855 7.991666488039 8.01166648759196 8.30499981436878 8.25999981537461 8.18333315042158 8.71749980514869 8.73999980464578 8.81749980291352 8.81999980285764 8.84499980229884 8.81999980285764 8.72749980492517 8.61749980738387 8.38499981258065 8.55166647552202 9.00499979872257 8.06249981978908 8.02999982051551 7.95749982213601 7.61749982973561 7.63749982928857 7.78899982590228 8.6135712360431 8.50999980978668 -9999 -9999
-9999 -9999 -9999 -9999 -9999 -9999 -9999 -9999 -9999 -9999 -9999 -9999 -9999 -9999 -9999 -9999 -9999 -9999 -9999 -9999 -9999 13.0785291194368 8.3791664793777 8.36833314628651 8.37833314606299 8.52833314271023 8.21833314963927 8.2216664828981 8.44666647786895 8.55333314215144 7.95999982208014 8.51749980961904 8.44499981123954 8.53624980919994 8.25499981548637 8.39333314572771 8.31333314751585 8.27999981492758 8.71249980526045 8.39333314572771 8.90749980090186 8.7674998040311 8.57499980833381 8.86249980190769 8.88999980129302 8.85749980201945 8.76999980397522 8.64749980671331 8.33833314695706 8.50249980995432 8.4883331436043 8.69799980558455 8.62833314047506 8.49833314338078 8.26666648189227 7.9066664899389 12.5661535652784 -9999 -9999 -9999 -9999 -9999
-9999 -9999 -9999 -9999 -9999 -9999 -9999 -9999 -9999 -9999 -9999 -9999 -9999 -9999 -9999 -9999 -9999 6.88018432352692 16.3483717276087 12.7487497150432 8.07399981953204 8.21499981638044 8.42299981173128 8.7433331379046 8.65499980654567 8.54249980906025 8.69999980553985 8.41399981193245 8.43874981137924 8.85499980207533 8.70833313868692 8.71499980520457 8.54749980894849 8.30999981425703 8.41333314528068 8.52999980933964 9.13499979581684 9.13499979581684 9.25749979307875 9.2274997937493 8.67499980609864 8.65666647317509 8.81666646959881 9.02999979816377 8.43833314472189 8.13999981805682 8.8399998024106 8.90749980090186 8.42499981168658 7.86249982425943 7.8349998248741 8.70499980542809 9.65249978424981 -9999 -9999 -9999 -9999 -9999 -9999 -9999 -9999 -9999
-9999 -9999 -9999 -9999 -9999 -9999 -9999 -9999 -9999 -9999 -9999 -9999 -9999 7.8714574756004 -9999 -9999 9.7295465704731 8.04499982018024 8.39599981233478 8.49499981012195 8.44499981123954 8.81999980285764 8.81249980302528 8.78499980363995 8.71749980514869 8.84749980224296 8.80999980308115 8.59999980777502 8.49749981006607 9.02499979827553 9.13749979576096 9.07749979710206 8.63874980690889 8.59666647451619 9.15249979542568 9.12249979609624 9.09249979676679 9.20749979419634 9.2149997940287 9.25999979302287 8.77333313723405 9.02666646490494 9.27666645931701 8.84749980224296 8.1983331500863 8.2216664828981 8.25249981554225 8.05749981990084 8.04999982006848 8.56999980844557 9.73166644914697 10.1162497738842 -9999 -9999 -9999 -9999 -9999 -9999 -9999 -9999 -9999 -9999
-9999 -9999 -9999 -9999 -9999 -9999 -9999 -9999 -9999 -9999 -9999 -9999 -9999 8.26192289225471 8.50499980989844 8.69499980565161 8.67999980598688 8.61249980749562 8.50749980984256 8.75999980419874 8.80749980313703 8.87749980157241 8.84666646892826 8.82999980263412 8.89699980113655 8.57874980825 8.95999979972839 9.04999979771674 9.05249979766086 9.17249979497865 9.1299997959286 9.1424997956492 9.08999979682267 9.10249979654327 9.20749979419634 9.09249979676679 9.20499979425222 9.21999979391694 9.41499978955835 9.33749979129061 9.02999979816377 8.82999980263412 9.24749979330227 9.45999978855252 8.08999981917441 8.46666647742192 8.44999981112778 7.9074998232536 8.66499980632216 8.41666647853951 8.53166647596906 7.83333315824469 11.9831247321563 -9999 -9999 -9999 -9999 -9999 -9999 22.3790111276971 22.4761041487827 20.8196995346434
-9999 -9999 -9999 -9999 -9999 -9999 -9999 -9999 -9999 -9999 14.2099996823817 11.9315786806769 8.79749980336055 8.54749980894849 8.6099998075515 8.78749980358407 8.87749980157241 8.9974997988902 8.93499980028719 9.05999979749322 9.10499979648739 9.03249979810789 9.03249979810789 8.94999979995191 8.82499980274588 8.79999980330467 8.63166647373388 8.99249979900196 9.03499979805201 9.11749979620799 9.25499979313463 9.04249979788437 9.09749979665503 9.23499979358166 9.19833312773456 9.35499979089946 9.19249979453161 9.39833312326421 9.3724997905083 9.43999978899956 9.53499978687614 9.62749978480861 9.51999978721142 9.32499979157001 8.28749981475994 8.95749979978427 8.97999979928136 8.83499980252236 7.91499982308596 8.13999981805682 9.23249979363754 9.69399978332222 14.1849996829405 -9999 -9999 -9999 10.6989471292809 7.99999982118607 9.36874979059212 7.71699982751161 7.35285697850798 17.7899996023625
-9999 -9999 -9999 -9999 -9999 -9999 -9999 -9999 12.9187497112434 10.3189997693524 8.57999980822206 5.53499987628311 5.53499987628311 8.6699998062104 8.81749980291352 9.01249979855493 9.18499979469925 9.18999979458749 9.09999979659915 9.02499979827553 8.99249979900196 9.02249979833141 8.95749979978427 8.96749979956076 9.00999979861081 9.10249979654327 9.20999979414046 9.27999979257584 9.26499979291111 9.23249979363754 9.26249979296699 9.31999979168177 9.26999979279935 9.30999979190528 9.30249979207292 9.36999979056418 9.40999978967011 9.38999979011714 9.3849997902289 9.51499978732318 9.50749978749081 9.43999978899956 9.44749978883192 9.34749979106709 9.28499979246408 8.99333313231667 8.79499980341643 8.70499980542809 8.52249980950728 8.55749980872497 7.99333315466841 8.57249980838969 8.95499979984015 9.97866644362609 9.03499979805201 8.039999820292 8.06199981980026 8.41749981185421 8.23749981587753 8.09499981906265 8.5249998094514 8.84749980224296
-9999 -9999 -9999 -9999 -9999 8.36799981296062 8.95999979972839 8.94499980006367 8.60749980760738 8.61749980738387 8.54999980889261 8.63749980693683 8.71749980514869 8.92249980056658 9.09749979665503 9.09499979671091 9.08249979699031 9.06749979732558 9.04249979788437 9.05249979766086 9.03749979799613 9.01999979838729 9.01999979838729 9.07749979710206 9.17749979486689 9.21249979408458 9.20749979419634 9.25749979307875 9.25749979307875 9.2874997924082 9.32249979162589 9.33249979140237 9.31999979168177 9.36249979073182 9.38249979028478 9.45999978855252 9.52749978704378 9.50749978749081 9.4324997891672 9.5174997872673 9.50749978749081 9.16499979514629 9.49249978782609 9.41749978950247 9.26499979291111 8.95749979978427 8.8399998024106 8.68999980576336 8.07499981950969 7.991666488039 7.93333315600951 7.88166649049769 8.99999979883432 8.98799979910254 7.67499982845038 7.62499982956797 7.66999982856214 7.78999982587993 8.11499981861562 8.10499981883913 7.85249982448295 7.8099998254329
-9999 -9999 -9999 -9999 -9999 9.62999978475273 8.97749979933724 8.99499979894608 9.0574997975491 9.41249978961423 9.3849997902289 9.2149997940287 6.98999984376132 6.99499984364957 9.34499979112297 9.3116664585347 9.07499979715794 9.01749979844317 9.01249979855493 9.01749979844317 9.06249979743734 9.10249979654327 9.12499979604036 9.14999979548156 9.18249979475513 9.24749979330227 9.26749979285523 9.26249979296699 9.30249979207292 9.2024997943081 9.26749979285523 9.31999979168177 9.40749978972599 9.42249978939071 9.16249979520217 9.02249979833141 9.05499979760498 9.49749978771433 9.35499979089946 9.26749979285523 9.43499978911132 9.43749978905544 9.46249978849664 9.42499978933483 9.32999979145825 9.22249979386106 9.11999979615211 9.03999979794025 8.16666648412744 8.04499982018024 8.38499981258065 8.42333314505716 8.57999980822206 8.17833315053334 7.80749982548878 7.8824998238124 8.1133331519862 7.78499982599169 7.47999983280897 7.64124982920475 7.33333316942056 8.32666648055116
-9999 -9999 -9999 -9999 -9999 9.45666645529369 9.48833312125256 9.55666645305852 9.4333331224819 9.4816664547349 9.48666645462314 9.39999978989363 9.37833312371125 9.34333312449356 9.31499979179353 9.22999979369342 8.82499980274588 8.97666646602253 8.98999979905784 9.00333313209315 9.04166646456967 9.03666646468143 9.07749979710206 9.20999979414046 9.20999979414046 9.18999979458749 9.2274997937493 9.27749979263172 9.3124997918494 9.29499979224056 9.31499979179353 9.3724997905083 9.08499979693443 8.98999979905784 9.00749979866669 9.05999979749322 9.35249979095533 9.63749978458509 9.20749979419634 9.20749979419634 9.22499979380518 9.36749979062006 9.40999978967011 9.40249978983775 9.37999979034066 9.38999979011714 9.21999979391694 8.32499981392175 8.29166648133347 8.13499981816858 8.18333315042158 8.20166648334513 8.10499981883913 8.08499981928617 7.81749982526526 7.74749982682988 7.66333316204449 7.76749982638285 7.72999982722104 7.59666649686794 7.56666649753849 7.51166649876783
-9999 -9999 -9999 -9999 -9999 9.8816664457942 9.76666644836465 9.86499977950007 9.73166644914697 9.60999978519976 9.49666645439962 9.40166645652304 9.40666645641128 9.3849997902289 9.28833312572291 9.18333312806984 9.05833313086381 9.01666646512846 8.99166646568725 9.27999979257584 9.35666645752887 9.05333313097556 9.05499979760498 9.05999979749322 9.19249979453161 9.18999979458749 9.20999979414046 9.19499979447573 9.26999979279935 9.26249979296699 9.29499979224056 9.39499979000539 9.33249979140237 9.29249979229644 9.14333312896391 9.08749979687855 9.3599997907877 9.77199978157878 9.73999978229403 9.23166646032284 9.01499979849905 9.25999979302287 9.30249979207292 9.32249979162589 9.07999979704618 9.00249979877844 9.05499979760498 9.11499979626387 8.9249998005107 8.35333314662178 8.25333314885696 8.23666648256282 8.4274998116307 8.32249981397763 8.57499980833381 8.39249981241301 8.08499981928617 7.7133331609269 7.98499982152134 7.95999982208014 7.58333316383262 7.5316664983208
-9999 -9999 -9999 -9999 -9999 9.98166644355903 9.99999977648258 10.0466664421062 9.78666644791762 9.70666644970576 9.48333312136432 9.46166645518194 9.41333312292894 9.31666645842294 9.22999979369342 9.26666645954053 9.2033331276228 8.90499980095774 8.99833313220491 8.9966664655755 9.06666646401087 9.0333331314226 9.01333313186963 9.19999979436398 9.13749979576096 9.30999979190528 9.32749979151413 9.24249979341403 9.15999979525805 9.19249979453161 9.38249979028478 9.21249979408458 9.16999979503453 9.4449997888878 9.31749979173765 9.3124997918494 9.21249979408458 9.63499978464097 9.34999979101121 9.27749979263172 9.21999979391694 9.27249979274347 9.29499979224056 9.25499979313463 9.25999979302287 8.76999980397522 9.27749979263172 9.13499979581684 9.01749979844317 8.93249980034307 8.28666648144523 8.23333314930399 8.11666648524503 7.97666648837427 7.9137498231139 8.04874982009642 8.09999981895089 7.71666649418573 7.70333316115042 7.30833316997935 7.47666649955014 7.67833316170921
