EcologicalScience/Bass/data/rs_data_bass/sst_250.asc
NCOLS 226 
NROWS 124 
XLLCORNER -9.41648524995501 
YLLCORNER 47.587301625531 
CELLSIZE 0.0833 
NODATA_value -9999 
[rows 0 to 26 of 124, columns 62 to 123 of 226]
-9999 -9999 -9999 -9999 -9999 -9999 -9999 -9999 -9999 -9999 -9999 -9999 -9999 -9999 -9999 -9999 -9999 -9999 -9999 -9999 -9999 -9999 -9999 -9999 -9999 -9999 -9999 -9999 -9999 -9999 -9999 -9999 -9999 -9999 -9999 -9999 -9999 -9999 -9999 -9999 -9999 -9999 -9999 -9999 -9999 -9999 -9999 -9999 -9999 -9999 -9999 -9999 -9999 -9999 -9999 -9999 -9999 -9999 -9999 -9999 -9999 -9999
-9999 -9999 -9999 -9999 -9999 -9999 -9999 -9999 -9999 -9999 -9999 -9999 -9999 -9999 -9999 -9999 -9999 -9999 -9999 -9999 -9999 -9999 -9999 -9999 -9999 -9999 -9999 -9999 -9999 -9999 -9999 -9999 -9999 -9999 -9999 -9999 -9999 -9999 -9999 -9999 -9999 -9999 -9999 -9999 -9999 -9999 -9999 -9999 -9999 -9999 -9999 -9999 -9999 -9999 -9999 -9999 -9999 -9999 -9999 -9999 -9999 -9999
-9999 -9999 -9999 -9999 -9999 -9999 -9999 -9999 -9999 -9999 -9999 -9999 -9999 -9999 -9999 -9999 -9999 -9999 -9999 -9999 -9999 -9999 -9999 -9999 -9999 -9999 -9999 -9999 -9999 -9999 -9999 -9999 -9999 -9999 -9999 -9999 -9999 -9999 -9999 -9999 -9999 -9999 -9999 -9999 -9999 -9999 -9999 -9999 -9999 -9999 -9999 -9999 -9999 -9999 -9999 -9999 -9999 -9999 -9999 -9999 -9999 -9999
-9999 -9999 -9999 -9999 -9999 -9999 -9999 -9999 -9999 -9999 -9999 -9999 -9999 -9999 -9999 -9999 -9999 -9999 -9999 -9999 -9999 -9999 -9999 -9999 -9999 -9999 -9999 -9999 -9999 -9999 -9999 -9999 -9999 -9999 -9999 -9999 -9999 -9999 -9999 -9999 -9999 -9999 -9999 -9999 -9999 -9999 -9999 -9999 -9999 -9999 -9999 -9999 -9999 -9999 -9999 -9999 -9999 -9999 -9999 -9999 -9999 -9999
-9999 -9999 -9999 -9999 -9999 -9999 -9999 -9999 -9999 -9999 -9999 -9999 -9999 -9999 -9999 -9999 -9999 -9999 -9999 -9999 -9999 -9999 -9999 -9999 -9999 -9999 -9999 -9999 -9999 -9999 -9999 -9999 -9999 -9999 -9999 -9999 -9999 -9999 -9999 -9999 -9999 -9999 -9999 -9999 -9999 -9999 -9999 -9999 -9999 -9999 -9999 -9999 -9999 -9999 -9999 -9999 -9999 -9999 -9999 -9999 -9999 -9999
-9999 -9999 -9999 -9999 -9999 -9999 -9999 -9999 -9999 -9999 -9999 -9999 -9999 -9999 -9999 -9999 -9999 -9999 -9999 -9999 -9999 -9999 -9999 -9999 -9999 -9999 -9999 -9999 11.6799997389317 10.0121310963295 10.271034871228 9.86152225220576 10.3972594263032 10.7788018314168 10.9738761438057 10.6540116462857 10.4280983801 10.387218836695 10.6152836577967 10.7264473284595 11.1603442365304 10.6052430681884 11.5196539075114 11.4465010403655 10.9502090397291 11.064958635252 12.0647144862451 10.2803582758643 10.9953916929662 11.3417920344509 11.6358378729783 11.4472182253376 11.9894100641832 11.7656483529136 12.2447279142216 11.7319406592287 12.6936857067049 12.1765953418799 13.0486922678538 12.1163518042304 12.9131443081424 12.4254585271701
-9999 -9999 -9999 -9999 -9999 -9999 -9999 -9999 -9999 -9999 -9999 -9999 -9999 -9999 -9999 -9999 -9999 -9999 -9999 -9999 -9999 -9999 -9999 -9999 -9999 -9999 -9999 12.2318372129064 9.82530441111885 10.4802138214 9.90240179561079 10.0200201310217 10.6934568197466 11.0850398144685 10.9968260629103 10.826853224542 10.6303445422091 10.5399792357348 11.0506149358116 11.0126041322947 11.2349314736202 11.5935239596292 11.5218054624274 11.5347147919238 10.430249935016 11.8093966362067 12.1500594979152 12.1852015615441 11.4149449015968 11.5411694566719 11.5963926995173 11.6128879538737 12.2583544286899 12.0589770064689 12.7080294061452 11.9176915669814 12.5983001054265 12.7646870189346 12.819193076808 12.5688955215737 12.5724814464338 13.098178030923
-9999 -9999 -9999 -9999 -9999 -9999 -9999 -9999 -9999 -9999 -9999 -9999 -9999 -9999 -9999 -9999 -9999 -9999 -9999 -9999 -9999 -9999 -9999 -9999 -9999 -9999 9.94830163381994 10.2323068827391 10.1440931311809 10.3800469869748 10.0164342061616 10.5815759641118 10.8555406234227 11.0900601092726 10.8160954499617 11.0635242653079 10.7049317792989 10.6131321028806 11.0907772942446 11.2456892482005 11.744849988725 11.3188421153463 11.3740653581917 11.5153507976793 11.4479354103096 10.9208044558764 11.1682332712226 11.5404522716999 11.5705740405247 11.8854182432406 11.8674886189401 11.3934293524362 11.8316293703392 12.1314126886427 12.2784356079064 12.460600590799 12.9626300712116 11.3798028379679 12.2346873246133 12.6693014176562 13.2609790195711 12.6649983078241
-9999 -9999 -9999 -9999 -9999 -9999 -9999 -9999 -9999 -9999 -9999 -9999 -9999 -9999 -9999 -9999 -9999 -9999 -9999 -9999 -9999 -9999 -9999 -9999 -9999 10.2924347453931 10.6898708948866 10.4646748136729 10.2523880619556 10.2739036111161 10.5170293166302 10.0128482813016 10.1663258653134 10.2896816805005 10.6920224498026 10.5808587791398 10.9358653402887 10.9918057681061 11.4113589767367 10.7250129585154 10.9200872709043 11.1732535660267 11.4551072600298 11.4041871270165 11.5160679826513 11.5999786243774 11.6824548961595 11.5619678208604 11.6989501505159 11.8058107113466 11.9657429601066 12.023117757868 12.2117374055088 12.2497482090257 12.5954313655384 12.4663380705751 12.6771904523484 11.7290719193406 11.9564195554703 12.5595721169375 12.9992065047845 13.2272713258862
-9999 -9999 -9999 -9999 -9999 -9999 -9999 -9999 -9999 -9999 -9999 -9999 -9999 -9999 -9999 -9999 -9999 -9999 -9999 -9999 -9999 -9999 -9999 -9999 -9999 10.3106315626409 10.4947965824977 10.5163121316582 9.80558182438836 10.18999296939 9.99348428705707 10.1656086803414 10.1211432120763 10.4768669581972 10.7242957735434 10.6927396347746 10.5751212993637 11.0957975890487 11.2327799187042 11.3683278784156 11.4759056242183 11.5662709306926 11.3138218205422 11.6049989191815 11.6071504740976 11.8438215148635 11.8775292085484 12.0819269255735 11.8488418096676 11.9700460699387 12.0776238157414 12.1349986135028 12.2146061453968 12.2770012379624 12.378841503989 12.299233972095 12.3365275906399 12.1773125268519 12.2985167871229 12.7080294061452 13.0895718112588 12.7503433194943
-9999 -9999 -9999 -9999 -9999 -9999 -9999 -9999 -9999 -9999 -9999 -9999 -9999 -9999 -9999 -9999 -9999 -9999 -9999 -9999 -9999 -9999 -9999 -9999 10.0099795414135 10.1778008248657 9.81633959896863 9.74031799193472 9.711630593054 10.0193029460497 10.1197088421322 10.3793298020028 10.5980712184682 10.7293160683475 11.0283822016791 11.1725363810547 11.4744712542742 11.0448774560355 11.2435376932845 11.4213995663449 11.0534836756997 11.0620898953639 11.3224280402064 11.3123874505982 11.5770287052728 11.8832666883245 12.2425763593055 11.9341868213378 12.0977049949579 12.0116427983157 12.0460676769726 11.9972990988754 12.340830700472 12.2174748852849 12.6929685217328 12.8148899669759 12.7905056779273 12.6018860302866 12.8514664005488 12.7654042039067 12.7252418454736 12.0661488561891
-9999 -9999 -9999 -9999 -9999 -9999 -9999 -9999 -9999 -9999 -9999 -9999 -9999 -9999 -9999 -9999 -9999 -9999 -9999 -9999 -9999 -9999 -9999 -9999 9.49504073150456 9.89666431583464 10.0809808536433 9.77330850064754 9.80486463941634 9.70947903813794 10.0522934547625 9.95905940840021 10.2444990272634 10.6324960971251 10.9114810512401 11.1115756584331 11.1531723868102 11.4314401559532 11.6336863180622 11.1287880977616 11.0914944792166 10.905743571464 11.4436323004775 11.901913497597 11.9456617808901 12.143604833167 11.6731314915232 11.4206823813729 11.6580706071109 12.2848902726546 12.219626440201 12.1371501684189 12.3924680184573 12.5143894637004 12.5868251458742 12.6800591922365 12.8034150074236 12.6900997818448 12.9181646029465 12.8399914409965 13.0529953776859 12.7159184408374
-9999 -9999 -9999 -9999 -9999 -9999 -9999 -9999 -9999 -9999 -9999 -9999 -9999 -9999 -9999 -9999 -9999 -9999 -9999 -9999 -9999 -9999 -9999 13.1599997058511 9.61409343685955 9.74462110176682 9.33510848274454 9.55958737898618 9.95619066851214 9.37168491631746 9.97412029281259 10.2717520562001 10.5421307906508 10.467543553561 10.7350535481237 11.2593157626688 11.4163792715408 11.9478133358061 11.8760948386043 11.6408581677824 11.8122653760947 11.5225226473995 11.2435376932845 11.623645728454 12.1443220181391 12.0582598214969 11.8933072779328 12.1048768446781 12.1357157984748 11.8395184050314 12.0783410007134 12.2038483708166 12.2920621223748 12.4706411804073 12.3279213709757 12.4835505099036 12.6162297297269 12.4333475618623 12.4147007525899 12.6779076373205 12.6083406950347 12.5717642614618
-9999 -9999 -9999 -9999 -9999 -9999 -9999 -9999 -9999 -9999 -9999 -9999 -9999 -9999 -9999 -9999 -9999 -9999 -9999 -9999 -9999 9.04895167890936 9.8353450007271 9.6399120958522 8.99731436092407 9.90527053549886 9.13859980041161 9.42690815916285 9.77115694573149 10.3915219465271 10.5328073860146 10.4869075478055 10.2516708769836 11.1574754966423 11.0857569994405 11.7742545725778 11.6552018672228 11.8144169310108 11.6071504740976 11.8423871449195 11.8144169310108 11.8050935263745 11.8266090755351 12.0195318330079 11.8811151334085 12.0883815903217 12.1314126886427 12.2834559027106 12.3436994403601 12.2633747234941 12.2368388795294 12.2734153131023 12.3286385559477 12.4247413421981 12.4340647468343 12.4326303768903 12.501480134204 12.2059999257326 12.4907223596238 12.4304788219742 12.5688955215737 12.2454450991936
-9999 -9999 -9999 -9999 -9999 -9999 -9999 -9999 -9999 -9999 -9999 -9999 -9999 -9999 -9999 -9999 -9999 -9999 -9999 -9999 9.22155419550836 10.0842081860173 6.1902523804456 9.01667835516855 10.0056764315814 10.2459333972074 7.98895229026675 5.82520522968844 9.6599932750687 10.1383556514047 10.8397625540383 10.707800519187 11.0556352306157 10.9817651784979 11.1359599474818 11.4708853294142 11.503158653155 11.625080098398 11.5971098844893 12.1349986135028 11.4285714160651 12.1565141626634 11.8072450812906 12.1973937060684 12.3766899490729 11.7276375493966 12.2949308622628 12.2009796309285 12.3566087698564 12.2468794691376 12.2332529546693 12.1113315094262 12.0747550758533 12.2526169489138 12.0094912433997 12.2318185847253 11.8065278963186 12.1084627695382 12.2031311858445 12.5545518221334 12.857921065297 12.3845789837651
-9999 -9999 -9999 -9999 -9999 -9999 -9999 -9999 -9999 -9999 -9999 -9999 -9999 -9999 -9999 -9999 -9999 -9999 -9999 -9999 9.38197413004935 7.3097781217657 8.15533920377493 10.1541337207891 9.97555466275662 9.98559525236487 9.81777396891266 10.11181980744 9.70732748322189 9.94901881879196 10.6145664728247 10.8619952881709 10.9222388258204 10.9774620686658 11.3188421153463 11.4163792715408 11.9133884571493 11.9169743820094 11.9578539254144 11.9470961508341 11.9133884571493 11.8194372258149 11.9513992606662 11.0857569994405 11.4529557051137 12.2970824171789 12.262657538522 12.2454450991936 12.0546738966368 12.102725289762 11.9162571970373 11.9750663647428 11.2736594621092 12.142887648195 12.4419537815265 12.3128604865633 10.5923337386921 10.8498031436466 11.7606280581094 12.1995452609845 12.6958372616209 12.4247413421981
-9999 -9999 -9999 -9999 -9999 -9999 -9999 -9999 -9999 -9999 -9999 -9999 -9999 -9999 -9999 -9999 -9999 -9999 9.45719292457215 7.93229467747733 8.32746359705925 10.1928617092781 10.3384502585977 10.3951078713872 10.8989303142298 10.5127262067981 10.0931729981676 10.6418195017613 10.1749320849776 10.2409131024033 10.5614947848953 10.7429425828159 11.0290993866511 11.3145390055142 11.3711966183037 11.5920895896852 12.0066225035116 12.1285439487547 12.1902218563482 11.7297891043127 10.5593432299793 11.6724143065512 10.6884365249425 11.6049989191815 10.787408051081 12.1644031973556 12.0546738966368 12.1199377290905 11.7247688095085 11.8983275727369 11.7247688095085 11.6365550579503 11.9284493415616 11.823023150675 11.4393291906454 12.7467573946342 10.7917111609131 11.7936185668223 12.4720755503513 12.7123325159773 12.4455397063866 12.5065004290082
-9999 -9999 -9999 -9999 -9999 -9999 -9999 -9999 -9999 -9999 -9999 -9999 -9999 -9999 -9999 -9999 10.6030915132724 10.3515986497514 9.6757713444531 10.2115085185505 9.77115694573149 10.3162175244652 10.5371104958467 11.3202764852904 11.1495864619501 11.1789910458028 10.9580980744213 10.8376109991223 10.5593432299793 10.6862849700265 10.9932401380502 11.2148502944037 11.3783684680238 11.3984496472403 11.5777458902448 11.8015076015145 11.8789635784924 11.9313180814497 12.0869472203776 12.3178807813674 10.0343638304621 12.2856074576266 12.4182866774499 11.3805200229399 12.658543643076 12.1378673533909 12.2088686656207 12.0288552376442 12.3214667062275 12.4663380705751 11.6803033412434 12.1206549140625 12.4283272670582 12.340830700472 12.5746330013499 11.6028473642655 11.8000732315704 12.301385527011 12.061845746357 12.499328579288 12.2798699778505 12.0955534400418
-9999 -9999 -9999 -9999 -9999 -9999 -9999 -9999 -9999 -9999 9.81989292451181 9.45750553486379 8.75386475679732 -9999 -9999 -9999 9.0358287198469 11.7326578442007 12.3293557409197 9.16728719929233 10.8211157447658 11.6143223238178 12.1098971394822 11.9399243011139 11.5612506358884 11.7405468788929 11.7936185668223 11.147434907034 10.8591265482828 10.7508316175081 11.0169072421268 11.3754997281358 11.6508987573907 11.4113589767367 11.5246742023155 11.5942411446013 11.3604388437234 11.9090853473172 12.0675832261331 12.1737266019918 11.8875697981566 11.6480300175026 10.9710074039176 12.3523056600243 12.4641865156591 12.3566087698564 12.3343760357238 12.0202490179799 12.342265070416 12.4240241572261 12.3293557409197 12.181615636684 12.3049714518711 12.1722922320478 11.8696401738562 11.8058107113466 11.9779351046309 11.5720084104687 12.0180974630639 12.023117757868 12.1773125268519 12.2059999257326
-9999 -9999 -9999 -9999 -9999 -9999 -9999 -9999 -9999 -9999 -9999 -9999 -9999 -9999 -9999 -9999 -9999 11.6349997399375 10.5674421724682 12.0948362550698 11.5088961329311 12.3609118796885 12.1579485326074 12.0180974630639 11.7348093991168 11.8574480293319 11.7276375493966 11.2205877741799 11.1947691151872 10.6748100104742 11.1194646931253 11.3339029997587 11.5189367225394 11.7742545725778 11.7089907401241 11.8703573588282 11.3884090576321 11.8459730697796 11.8847010582685 11.9485305207781 11.9929959890433 11.4479354103096 12.220343625173 12.1852015615441 11.8868526131846 12.1393017233349 12.2977996021509 12.2877590125427 12.699423186481 12.741019914858 12.7689901287667 12.6406140187755 12.7080294061452 12.3752555791289 12.4878536197357 12.2138889604248 12.0252693127841 11.8861354282126 11.7957701217383 12.0589770064689 12.1041596597061 12.1708578621037
-9999 -9999 -9999 -9999 -9999 -9999 -9999 -9999 -9999 -9999 -9999 -9999 -9999 -9999 11.2074991484405 12.646540231439 12.1202963215765 10.0398622485809 11.6301003932022 11.7871639020741 12.0159459081478 12.2332529546693 12.223212365061 12.3379619605839 11.9628742202185 11.5992614394054 11.3410748494789 11.3690450633876 11.3604388437234 11.6530503123067 11.422833936289 11.8015076015145 11.5131992427632 11.4794915490784 12.0087740584277 12.0453504920006 11.9162571970373 11.9370555612259 11.8266090755351 11.9298837115057 11.9922788040712 11.9628742202185 12.1199377290905 12.2024140008725 12.1579485326074 12.1493423129432 12.2153233303688 12.5258644232526 12.4900051746517 12.4319131919183 12.3888820935972 12.6944028916769 12.5968657354824 12.0087740584277 11.7885982720181 12.0869472203776 12.0890987752937 12.0503707868047 12.1134830643423 12.0410473821685 12.0675832261331 11.8854182432406
-9999 -9999 -9999 -9999 -9999 -9999 -9999 -9999 -9999 -9999 -9999 -9999 9.18359905989234 12.9576097764075 11.9148228270933 12.382427428849 12.2698293882422 12.0754722608253 12.0582598214969 11.9750663647428 11.9557023704983 11.8574480293319 12.0001678387634 11.9384899311699 12.1722922320478 11.86390269408 11.4959868034348 11.7362437690608 11.8144169310108 12.1873531164601 11.7749717575498 11.6114535839297 11.7412640638649 11.463713479694 11.4271370461211 11.8122653760947 11.8782463935204 11.9241462317295 11.8725089137442 12.0553910816088 12.3365275906399 12.2447279142216 12.2375560645014 12.380275873933 12.2942136772908 12.3171635963954 12.3243354461156 12.498611394316 12.498611394316 12.1385845383629 12.2655262784101 12.221777995117 12.1701406771317 12.1185033591464 12.2267982899211 12.0288552376442 12.0797753706574 11.9320352664217 12.0668660411611 12.2138889604248 11.9686116999947 12.2490310240537
-9999 -9999 -9999 -9999 -9999 -9999 -9999 -9999 -9999 -9999 11.280592250172 12.9425488919951 12.5918454406783 12.5495315273292 12.5932798106223 12.5875423308462 12.5552690071054 11.9676554533653 10.9322794154286 11.1503036469221 11.9212774918415 11.8847010582685 11.9886928792112 11.8811151334085 11.9721976248547 11.8696401738562 12.1228064689785 11.5791802601889 11.6688283816911 11.9334696363658 11.9506820756942 11.4716025143862 11.7534562083893 11.62221135851 11.6953642256558 11.8352152951993 11.9571367404424 11.8976103877649 12.0769066307694 12.140018908307 12.2354045095854 12.1844843765721 12.2174748852849 12.2475966541097 12.2554856888019 12.2741324980743 12.1988280760124 12.0919675151818 12.0087740584277 12.6427655736916 12.1249580238946 12.6391796488315 12.3207495212555 12.1335642435588 12.141453278251 12.0876644053496 11.982955399435 12.2009796309285 12.1579485326074 12.220343625173 12.1945249661803 12.1701406771317
-9999 -9999 -9999 -9999 -9999 -9999 -9999 -9999 -9999 -9999 10.6499997619539 11.3310342598706 11.1125319050625 12.5050660590641 12.4971770243719 13.0049439845607 14.089999685064 -9999 -9999 9.22999979369342 7.64361363688073 9.89433155048082 11.3285241124686 11.5877864798531 11.463713479694 11.7204656996764 12.0934018851258 12.1149174342863 12.1629688274115 11.6910611158237 12.1945249661803 12.1443220181391 11.9499648907222 11.8416699599475 11.7541733933613 11.8208715957589 11.8086794512346 11.783577977214 11.8560136593878 12.0137943532318 12.183050006628 12.1794640817679 12.1923734112643 12.1120486943983 11.9951475439593 12.0532395266928 12.2088686656207 12.5430768625811 12.581087666098 12.2712637581863 12.4390850416385 12.2009796309285 12.1780297118239 12.1636860123836 12.2009796309285 12.1393017233349 12.1098971394822 12.3293557409197 12.3946195733733 12.380993058905 12.3200323362835 12.3436994403601
-9999 -9999 -9999 -9999 -9999 -9999 -9999 -9999 -9999 -9999 -9999 -9999 -9999 -9999 -9999 -9999 -9999 -9999 -9999 -9999 -9999 -9999 -9999 -9999 11.5559931346164 9.73649300541729 11.8502761796117 12.0267036827281 11.9779351046309 12.1127658793703 12.1565141626634 11.8940244629048 11.7355265840888 11.7749717575498 11.6609393469989 11.664525271859 11.7348093991168 11.8660542489961 11.9047822374851 12.1070283995941 11.8818323183805 11.7649311679415 12.7750862010289 11.9772179196589 11.8847010582685 12.5208441284485 12.5846735909581 12.0345927174203 12.2296670298092 12.1091799545102 12.4634693306871 12.3494369201362 12.2676778333262 12.3078401917592 12.2640919084661 12.3307901108637 12.1601000875235 12.221060810145 12.2303842147812 12.2590716136619 12.2583544286899 12.3508712900802
-9999 -9999 -9999 -9999 -9999 -9999 -9999 -9999 -9999 -9999 -9999 -9999 -9999 -9999 -9999 -9999 -9999 -9999 -9999 -9999 -9999 -9999 -9999 -9999 -9999 10.6396679468453 12.0675832261331 11.9248634167016 12.1794640817679 12.2447279142216 11.7197485147044 11.4558244450018 11.623645728454 11.6128879538737 11.4730368843302 11.7104251100682 11.7599108731374 11.8509933645837 11.9521164456382 11.5006485057529 12.142529055709 12.5212027209345 12.0059053185396 12.3372447756119 12.4089632728137 12.1859187465161 12.0948362550698 12.4684896254912 12.4857020648196 11.8653370640241 12.2698293882422 12.1084627695382 12.3874477236532 11.7125766649842 14.7261879174039 12.1988280760124 12.2131717754528 12.1507766828872 12.0059053185396 12.1708578621037 12.3185979663394 12.2483138390817
-9999 -9999 -9999 -9999 -9999 -9999 -9999 -9999 -9999 -9999 -9999 -9999 -9999 -9999 -9999 -9999 -9999 -9999 -9999 -9999 -9999 -9999 -9999 -9999 -9999 -9999 10.2249997714534 10.8964201668277 10.7615893920884 11.0025635426864 11.7290719193406 11.4751884392463 11.0190587970428 11.2277596239001 11.3317514448427 11.4285714160651 11.6336863180622 11.9399243011139 11.5899380347691 11.6677526042331 11.6939298557118 12.3236182611436 12.3272041860037 12.419003862422 12.3680837294087 12.3903164635412 12.3852961687371 12.2762840529904 11.8875697981566 12.2748496830463 11.8180028558709 11.823740335647 12.2432935442775 11.7785576824099 12.2669606483541 12.261223168578 12.2475966541097 12.2095858505927 12.1715750470757 12.1601000875235 12.0855128504336 12.2110202205367
