EcologicalScience/Bass/data/rs_data_bass/sst_444.asc
NCOLS 226 
NROWS 124 
XLLCORNER -9.41648524995501 
YLLCORNER 47.587301625531 
CELLSIZE 0.0833 
NODATA_value -9999 
[rows 54 to 80 of 124, columns 0 to 61 of 226]
-9999 -9999 -9999 -9999 -9999 -9999 -9999 -9999 -9999 -9999 -9999 -9999 -9999 -9999 -9999 -9999 -9999 -9999 -9999 -9999 -9999 -9999 -9999 -9999 -9999 -9999 -9999 -9999 -9999 -9999 -9999 -9999 -9999 -9999 -9999 -9999 -9999 -9999 14.8202695460059 15.8801385373808 15.5330210109241 15.4727774732746 14.2650379803963 14.8265938134864 14.6580553450622 13.9258094886318 14.3998687551357 15.0051728715189 14.6659443797544 14.333170552738 14.1610461594537 13.6052278061397 13.8211004827172 14.452223258093 14.9241309696808 14.8330484782346 15.1794488197193 15.3752403170802 9.43692006137222 -9999 -9999 14.3859348756793
-9999 -9999 -9999 -9999 -9999 -9999 -9999 -9999 -9999 -9999 -9999 -9999 -9999 -9999 -9999 -9999 -9999 -9999 -9999 -9999 -9999 -9999 -9999 -9999 -9999 -9999 -9999 -9999 -9999 -9999 -9999 -9999 -9999 -9999 -9999 -9999 -9999 -9999 11.9399997331202 15.3307748488151 15.1952268891037 14.8531296574511 14.3539689169265 14.1101260264404 14.5397198246792 14.4271217840724 14.214835032355 14.7849970851094 13.8246864075772 14.332453367766 14.8459578077309 14.9922635420226 14.5533463391475 14.5117496107705 15.6140629127622 15.2468642070889 15.4727774732746 13.3476559461893 -9999 13.6649996945634 -9999 13.3149997023866
-9999 -9999 -9999 -9999 -9999 -9999 -9999 -9999 -9999 -9999 -9999 -9999 -9999 -9999 -9999 -9999 -9999 -9999 -9999 -9999 -9999 -9999 -9999 -9999 -9999 -9999 -9999 -9999 -9999 -9999 -9999 -9999 -9999 -9999 -9999 -9999 -9999 -9999 -9999 13.2760950720582 15.2934812302701 14.8803826863877 14.5433057495393 14.3589892117307 14.5576494489796 14.3769188360311 14.1753898588941 14.2320474716835 14.2600176855922 14.2700582752004 14.6286507612094 14.5189214604907 14.4199499343522 15.008041611407 15.4003417911008 15.2002471839078 15.3601794326678 15.8833658697549 16.4696645843796 14.339999679476 -9999 -9999
-9999 -9999 -9999 -9999 -9999 -9999 -9999 -9999 -9999 -9999 -9999 -9999 -9999 -9999 -9999 -9999 -9999 -9999 -9999 -9999 -9999 -9999 -9999 -9999 -9999 -9999 -9999 -9999 -9999 -9999 -9999 -9999 -9999 -9999 -9999 -9999 -9999 -9999 -9999 14.4099996779114 14.8311359849758 14.7357503836975 14.9169591199607 14.8029267094098 14.9090700852685 14.5655384836718 14.4285561540164 14.5626697437838 14.4816278419457 14.252845835872 14.1775414138101 14.3604235816747 14.7383800619282 14.8538468424231 14.9492324437015 14.8689077268355 15.1349833514541 15.3859980916604 15.4591509588063 17.0161595330574 17.066601542756 -9999
-9999 -9999 -9999 -9999 -9999 -9999 -9999 -9999 -9999 -9999 -9999 -9999 -9999 -9999 -9999 -9999 -9999 -9999 -9999 -9999 -9999 -9999 -9999 -9999 -9999 -9999 -9999 -9999 -9999 -9999 -9999 -9999 -9999 -9999 -9999 -9999 -9999 -9999 -9999 -9999 16.0032552909106 16.284630861599 16.0228583468124 14.5970946224406 14.254997390788 14.6652271947823 14.5009918361902 14.3188268532977 14.3575548417866 14.2327646566555 14.0298013095744 14.3195440382697 14.4751731771976 14.7498550214805 14.8710592817515 14.9564042934217 15.1392864612862 15.2963499701582 15.4505447391421 16.7317956916522 16.909538033884 9.08999979682267
-9999 -9999 -9999 -9999 -9999 -9999 -9999 -9999 -9999 -9999 -9999 -9999 -9999 -9999 -9999 -9999 -9999 -9999 -9999 -9999 -9999 -9999 -9999 -9999 -9999 -9999 -9999 -9999 -9999 -9999 -9999 -9999 -9999 -9999 -9999 -9999 -9999 -9999 -9999 -9999 13.3266526720087 16.4130069715902 16.1892452603206 16.2925198962912 15.5480818953365 14.4472029632889 14.5081636859104 14.3432111423463 14.1208838010207 13.9817499164492 13.9587999973446 13.9939420609735 14.5641041137278 14.7197332526557 14.8882717210799 15.1385692763142 15.3049561898224 15.5143742016517 15.7378968512639 16.2688527922146 -9999 -9999
-9999 -9999 -9999 -9999 -9999 -9999 -9999 -9999 -9999 -9999 -9999 -9999 -9999 -9999 -9999 -9999 -9999 -9999 -9999 -9999 -9999 -9999 -9999 -9999 -9999 -9999 -9999 -9999 -9999 -9999 -9999 -9999 -9999 -9999 -9999 -9999 -9999 -9999 -9999 12.382427428849 16.5951719544828 16.3197729252279 16.4000976420939 16.2100436245091 15.0804772935808 14.7132785879076 14.5217902003787 14.3130893735215 14.1502883848734 14.0821558125317 14.054185598623 14.1287728357129 14.4364451887086 14.7175816977397 15.0288399755955 15.6362956468947 15.1801660046913 13.8549996903166 13.0157721969507 18.8880123100244 18.9604479921982 19.0214087148197
-9999 -9999 -9999 -9999 -9999 -9999 -9999 -9999 -9999 -9999 -9999 -9999 -9999 -9999 -9999 -9999 -9999 -9999 -9999 -9999 -9999 -9999 -9999 -9999 -9999 -9999 -9999 -9999 -9999 -9999 -9999 -9999 -9999 -9999 -9999 -9999 -9999 -9999 -9999 15.3042390048504 15.888027572073 16.0508285607211 15.8543198783882 15.7410046528094 15.1751457098871 14.9571214783937 14.4988402812742 14.3919797204435 14.0477309338748 14.2722098301165 14.292291009333 14.2298959167674 14.3675954313949 15.088366328273 15.1077303225175 15.5932645485736 17.2465193460695 17.4192174873315 18.2690816791728 18.9030731944367 18.8966185296886 18.9568620673381
-9999 -9999 -9999 -9999 -9999 -9999 -9999 -9999 -9999 -9999 -9999 -9999 -9999 -9999 -9999 -9999 -9999 -9999 -9999 -9999 -9999 -9999 -9999 -9999 -9999 -9999 -9999 -9999 -9999 -9999 -9999 -9999 -9999 -9999 -9999 -9999 -9999 -9999 16.6062883215491 16.1806390406564 15.6549424561672 15.6829126700759 15.5401928606443 15.2719656811096 14.9772026576102 14.5813165530562 14.4866481367499 14.2313302867115 13.9501937776804 14.3446455122903 14.3353221076541 14.0276497546583 15.4261604500934 15.3264717389829 15.2820062707178 15.2777031608857 15.607608248014 15.1538692223839 18.1023361731786 18.4024780839682 18.4871059106663 18.4985808702186
-9999 -9999 -9999 -9999 -9999 -9999 -9999 -9999 -9999 -9999 -9999 -9999 -9999 -9999 -9999 -9999 -9999 -9999 -9999 -9999 -9999 -9999 -9999 -9999 -9999 -9999 -9999 -9999 -9999 -9999 -9999 -9999 -9999 -9999 -9999 -9999 -9999 -9999 16.7776955298614 16.6934262956493 15.5136570166796 15.4921414675191 15.2956327851862 14.9255653396249 14.6731162294745 14.3238471481018 13.8899502400309 14.2284615468234 14.4249702291563 14.3611407666467 14.291573824361 15.4713431033306 15.4433728894219 15.7173375487328 15.3752403170802 15.1260185393039 15.1970198515337 16.6360514978878 16.4169514889363 18.2253333958797 18.6176335755736 18.9080934892409
-9999 -9999 -9999 -9999 -9999 -9999 -9999 -9999 -9999 -9999 -9999 -9999 -9999 -9999 -9999 -9999 -9999 -9999 -9999 -9999 -9999 -9999 -9999 -9999 -9999 -9999 -9999 -9999 -9999 -9999 -9999 -9999 -9999 -9999 -9999 -9999 -9999 13.0724015592817 16.7357402089983 16.7701650876552 16.0931424740702 15.0646992241964 15.0933866230771 14.5870540328324 14.2449568011798 14.1631977143697 14.171803934034 14.0455793789588 14.2894222694449 14.5110324257985 14.7749564955011 15.0367290102877 15.2031159237958 16.2000030349009 15.0062486489769 16.6353343129158 16.1863765204325 16.6597186019644 17.5002593891695 17.9090548232198 18.1866054073907 18.3372142515145
-9999 -9999 -9999 -9999 -9999 -9999 -9999 -9999 -9999 -9999 -9999 -9999 -9999 -9999 -9999 -9999 -9999 -9999 -9999 -9999 -9999 -9999 -9999 -9999 -9999 -9999 -9999 -9999 -9999 -9999 -9999 -9999 -9999 -9999 -9999 -9999 -9999 16.61788281193 15.7876216759905 16.0823846994899 15.5358897508122 15.1435895711184 14.9843745073304 14.4744559922256 14.3353221076541 14.3661610614508 14.2385021364316 13.8447675867938 14.610003951937 14.6752677843906 13.9681234019808 15.3400982534513 15.131397426594 15.3128452245146 15.4430142969359 15.4935758374631 16.0099490173161 16.5772423301823 17.0842921053991 17.0283516775817 17.8610034300946 18.4042710463982
-9999 -9999 -9999 -9999 -9999 -9999 -9999 -9999 -9999 -9999 -9999 -9999 -9999 -9999 -9999 -9999 -9999 -9999 -9999 -9999 -9999 -9999 -9999 -9999 -9999 -9999 -9999 -9999 -9999 -9999 -9999 -9999 -9999 -9999 -9999 9.36754375147904 15.7980208580848 16.4032054436393 15.5961332884617 15.8256324795075 15.5946989185177 15.3752403170802 14.891140460968 14.611438321881 16.9351176312193 16.9652394000441 14.2800988648087 14.2729270150885 15.1199224670418 14.6078523970209 13.8698690608144 14.1997741479427 14.8653218019754 15.4197057853453 15.3824121668003 16.0149693121202 16.0422223410569 16.6202734285034 16.8999755675904 16.8400906224269 17.4895016145892 18.5272682690993
-9999 -9999 -9999 -9999 -9999 -9999 -9999 -9999 -9999 -9999 -9999 -9999 -9999 -9999 -9999 -9999 -9999 -9999 -9999 -9999 -9999 -9999 -9999 -9999 -9999 -9999 -9999 -9999 -9999 -9999 -9999 19.0430977764735 18.4549995874986 -9999 -9999 11.3695231867023 15.9315965591231 15.9776756935753 16.2372966534458 15.5753349242732 15.5946989185177 17.0699484059587 14.2019257028587 16.5363627867773 17.1746574118733 16.9731284347363 17.0183110879734 15.7589342771098 15.8715323177166 14.5816751455422 15.0001525767148 14.9212622297928 14.8402203279547 15.4161198604852 15.5201116814278 15.7202062886208 15.6355784619227 16.4018906045239 16.7651447928511 17.4902187995613 17.5673161840532 17.9635608810931
-9999 -9999 -9999 -9999 -9999 -9999 -9999 -9999 -9999 -9999 -9999 -9999 -9999 -9999 -9999 -9999 -9999 -9999 -9999 -9999 -9999 -9999 -9999 -9999 -9999 -9999 -9999 -9999 11.8599997349083 13.4749532653402 8.09872453361935 16.483649691334 13.7960946333595 6.20366934704146 11.7470356953064 12.8098696721718 15.1794488197193 15.4197057853453 15.5889614387415 15.1321146115661 17.160313712433 17.1502731228247 17.1524246777408 15.3788262419403 16.7486495384946 16.5858485498466 14.7218848075718 15.3522903979756 15.3049561898224 14.4636982176453 15.5724661843851 15.4749290281907 15.7051454042085 15.4702673258726 15.6743064504117 15.6911602972541 15.7890560459346 16.5062410179526 16.7744681974873 17.0943326950073 17.200476070866 17.8298058838118
-9999 -9999 -9999 -9999 -9999 -9999 -9999 -9999 -9999 -9999 -9999 -9999 -9999 -9999 -9999 -9999 -9999 -9999 -9999 -9999 -9999 -9999 14.6850693123415 17.3797723138705 17.2700430131517 17.3001647819765 17.0749687007628 17.2047791806981 15.44982755417 16.0271614566445 15.3551591378637 15.4268776350655 15.6047395081259 15.5000305022113 15.5803552190773 15.0001525767148 15.6599627509713 15.0532242646441 15.3035218198784 16.3850367576815 17.3417615103535 17.5224921233021 17.6530197882093 17.5024109440856 17.4593798457645 16.8447523247451 16.1799218556844 15.7359843580052 15.4326151148416 15.8399761789478 15.6613971209154 15.5652943346649 15.4032105309889 15.52979367855 12.0453504920006 15.9923779855017 16.3925671998877 15.6183660225943 16.284272269113 15.3499996569008 -9999 -9999
-9999 -9999 -9999 -9999 -9999 -9999 -9999 -9999 -9999 -9999 -9999 -9999 -9999 -9999 -9999 -9999 -9999 -9999 -9999 -9999 -9999 13.9976934900579 17.3639942444861 17.4134800075553 16.9853205792606 16.6740623014048 16.9179051918909 16.4682302144356 16.6245765383355 16.3448743992485 16.2329935436137 14.9599902182817 16.0508285607211 15.3250373690389 15.2583391666412 14.7053895532154 15.2325205076486 15.7302468782291 17.7641834588721 17.5404217476025 17.4866328747012 17.597796545364 17.6200292794965 17.560502926819 17.6544541581534 16.843317954801 16.3721274281852 15.8600573581643 16.0823846994899 16.1519516417757 15.966200734023 15.7625202019699 15.2748344209976 15.4347666697577 16.1792046707124 15.7082532057539 15.4749996541068 -9999 -9999 -9999 -9999 -9999
-9999 -9999 -9999 -9999 -9999 -9999 -9999 -9999 -9999 -9999 -9999 -9999 -9999 -9999 -9999 -9999 -9999 6.88018432352692 13.0352002255677 17.8886548951268 15.5459303404205 17.3647114294581 17.5368358227424 17.2564164986834 17.6644947477616 18.3372142515145 17.5626544817351 16.7931150067598 17.0175939030014 17.3890957185067 17.122302908916 16.8712881687097 17.0842921053991 17.0383922671899 16.1067689885385 15.2052674787119 15.8557542483322 16.6977294054814 17.7068086611107 17.7233039154671 17.6178777245805 17.560502926819 17.6652119327337 17.5762809962034 16.1498000868596 16.1074861735106 15.7574999071658 15.4060792708769 15.7632373869419 16.1361735723913 16.1347392024472 14.9377574841492 14.2949996804819 -9999 -9999 -9999 -9999 -9999 -9999 -9999 -9999 -9999
-9999 -9999 -9999 -9999 -9999 -9999 -9999 -9999 -9999 -9999 -9999 -9999 -9999 -9999 -9999 -9999 -9999 14.9163614658173 16.9688253249042 17.2377696894109 17.5705435164273 17.6831415570341 15.6183660225943 17.4708548053168 17.7448194646277 17.6207464644685 18.196645996999 18.0001373146661 17.7663350137882 17.5619372967631 17.639393273741 16.8519241744652 17.0068361284211 16.5385143416934 16.2702871621586 15.6800439301878 17.6436963835731 17.6745353373699 17.2442243541591 17.3769035739824 17.3087710016407 17.7778099733405 17.8660237248987 16.1878108903766 16.1505172718316 15.7503280574456 15.885876017157 15.8923306819052 15.569238852011 16.1673711186741 17.3152256663889 15.7099996488541 -9999 -9999 -9999 -9999 -9999 -9999 -9999 -9999 -9999 -9999
-9999 -9999 -9999 -9999 -9999 -9999 -9999 -9999 -9999 -9999 -9999 -9999 -9999 15.4807561560883 15.7182937953621 17.2650227183476 17.7039399212226 17.2951444871724 17.7849818230607 17.559785741847 18.0940885460004 18.156483638566 18.4921262054704 18.5724509223364 18.635563199874 18.6226538703777 18.3702047602274 16.9121677121148 17.8208410716616 16.9874721341766 17.6451307535172 17.3109225565568 17.1567277875729 16.5700704804622 15.9783928785473 15.8285012193955 17.4314096318558 17.2349009495229 17.4701376203448 17.6250495743006 17.7383647998795 17.9069032683037 17.917661042884 18.0151981990784 15.9203008958139 15.8722495026886 16.1899624452926 15.9489882946946 16.0952940289862 16.1290017226711 16.3126010755077 17.1050904695876 13.4199997000396 -9999 -9999 -9999 -9999 -9999 -9999 24.6338933958406 24.8649994442239 -9999
-9999 -9999 -9999 -9999 -9999 -9999 -9999 -9999 -9999 -9999 9.8449997799471 12.1145076143023 17.685221393453 17.9320047423244 18.1306649795733 18.1227759448811 18.0281075285748 17.9915310950018 18.0446027829312 17.7397991698235 17.8086489271373 17.9692983608693 18.4031952689402 17.559785741847 18.4949949453585 18.4856715407223 18.238242725376 18.2282021357678 18.2052522166632 18.0058747944422 17.9090548232198 17.3267006259412 16.7715994575992 16.5901516596787 16.4768364340998 16.8354289201088 17.3675801693462 17.6028168401681 17.5891903256997 17.6315042390488 18.038865303155 18.077593291644 18.2052522166632 17.878215869423 16.2351450985298 17.041261007078 16.4696645843796 16.7464979835786 16.0802331445739 15.5444959704764 15.8270668494515 15.2549651373411 9.45110736821868 -9999 -9999 -9999 19.4825586518273 19.5449537443928 19.593005137518 19.073763217777 19.4051026748493 17.7899996023625
-9999 -9999 -9999 -9999 -9999 -9999 -9999 20.0981629839197 14.0502134972395 15.1952268891037 16.8319454502447 17.4328440017998 17.5662404065952 17.8086489271373 18.0632495922036 18.1844538524747 18.0503402627073 18.5380260436796 18.2081209565513 18.3867000145838 17.9621265111491 17.959257771261 18.4039124539122 17.8653065399267 18.5000152401626 18.4498122921214 17.9434797018766 18.2181615461595 18.1227759448811 16.6310312030837 17.0326547874138 16.9566331803799 17.081423365511 17.201193255838 16.7285683592781 17.4966734643094 17.6494338633493 17.680272817146 18.3286080318503 18.3924374943599 18.4835199858062 18.2669301242568 18.1263618697412 17.996551389806 17.6279183141887 17.4665516954847 17.1244544638321 17.2987304120325 17.279366417788 17.2119510304183 17.2872554524802 16.7443464286625 16.9300973364152 15.9829912998385 18.0467543378472 17.3518020999618 17.5375530077145 18.5114901997149 18.7374034659006 18.2669301242568 18.9296090384014 14.547710407686
-9999 -9999 -9999 -9999 -9999 13.3821180812083 17.0348063423298 17.3051850767806 16.2114779944532 16.6389202377759 17.8753471295349 17.9800561354496 17.9449140718207 17.8437909907661 18.0797448465601 18.0216528638266 18.0022888695821 18.0632495922036 18.4921262054704 18.0804620315321 17.83805351099 18.2547379797325 17.917661042884 18.6965239224955 18.4964293153025 18.1779991877265 17.7505569444038 18.0711386268958 17.9463484417647 17.0548875215463 17.5633716667071 16.1576891215518 17.1846980014816 17.1108279493637 17.3510849149898 17.5648060366511 17.7039399212226 18.1392711992376 18.0044404244982 18.0854823263362 17.8337504011579 18.3687703902833 18.516510494519 18.3286080318503 18.3838312746957 17.3159428513609 17.2241431749426 17.9520859215409 17.5174718284979 17.6071199500002 17.5963621754199 17.4880672446452 17.4586626607925 17.8007598924451 17.5332498978823 17.8237098115496 17.9714499157853 17.9599749562331 17.8696096497588 17.9355906671844 17.9528031065129 18.1026947656646
-9999 -9999 -9999 -9999 -9999 16.7812814547215 16.0190931257093 17.0448469319381 16.9365520011634 17.9320047423244 18.3214361821301 18.2325052455999 18.158635193482 18.6183507605456 17.9499343666248 18.2619098294526 18.5387432286516 18.4232764481567 18.0646839621477 18.0453199679032 18.2425458352081 18.4153874134645 18.3644672804512 18.2984862630256 18.1779991877265 17.7046571061946 17.4629657706246 17.5927762505598 17.6537369731814 17.4665516954847 17.0685140360147 17.0369578972459 17.0735343308188 17.2635883484036 17.4256721520796 17.7649006438442 17.8947111237794 18.1944944420829 18.2862941185012 18.1995147368871 18.4799340609461 18.4397717025131 18.593966471497 18.5358744887635 18.636997569818 18.5502181882039 18.4928433904424 18.4175389683805 18.2920315982774 18.3938718643039 18.195211627055 18.0108950892463 17.7512741293758 17.8746299445629 17.4916531695053 17.7770927883685 17.0312204174697 17.2836695276201 17.5232093082741 17.7397991698235 17.7032227362506 17.8272957364097
-9999 -9999 -9999 -9999 -9999 16.96021910524 16.5815454400145 17.2607196085155 17.4536423659883 18.1385540142655 18.1658070432022 18.0582292973995 18.077593291644 17.800042707473 18.2554551647045 18.5294198240153 18.5344401188195 18.8621936510317 18.5000152401626 18.2604754595086 18.0281075285748 18.2009491068311 18.2461317600682 18.4103671186604 18.314981517382 17.8280129213817 17.3180944062769 17.1380809783004 17.1961729610339 17.4077425277792 17.1165654291399 17.1423840881325 17.0462813018821 17.2047791806981 17.3152256663889 17.640110458713 18.4526810320094 18.3795281648636 18.5459150783718 18.5423291535117 18.5502181882039 18.5738852922805 18.7409893907607 18.3099612225778 18.5000152401626 18.7660908647813 18.7911923388019 18.3859828296117 18.7058473271318 18.951841772534 19.0630054431967 18.9095278591849 18.953276142478 18.3859828296117 18.1105838003568 16.7486495384946 17.1976073309779 17.1387981632724 17.3410443253815 17.1466871979646 17.8488112855703 18.1328165344894
-9999 -9999 -9999 -9999 -9999 18.1378368292935 17.5963621754199 17.600665285252 18.1306649795733 18.3300424017943 18.077593291644 18.1414227541536 18.3716391301714 18.4978636852466 18.6176335755736 18.5846430668607 18.2561723496765 18.2174443611875 18.0869166962802 17.7146976958029 18.2662129392847 18.0030060545541 18.1507461587898 18.0481887077913 18.4010437140241 17.5698263314553 17.9814905053936 17.8072145571932 17.7448194646277 17.0950498799793 17.0656452961266 16.9867549492046 17.043412561994 17.5662404065952 17.9083376382478 18.3716391301714 18.434751407709 18.3049409277737 18.6534928241745 18.63412882993 18.6872005178593 18.6513412692584 18.6326944599859 18.6577959340066 18.6520584542304 19.0163884200156 18.8492843215354 18.9088106742129 18.5581072228961 19.0579851483926 19.1583910444751 19.1232489808463 19.2659687902778 18.7323831710964 17.2829523426481 17.4715719902888 17.5217749383301 17.3898129034787 17.2169713252224 17.4220862272196 17.5483107822947 17.7527084993199
-9999 -9999 -9999 -9999 -9999 18.0876338812523 18.0338450083509 18.3673360203393 18.514358939603 18.5330057488754 18.5473494483158 18.3501235810108 18.3601641706191 18.6592303039506 18.6635334137827 18.6126132807694 18.1801507426426 18.0919369910844 18.0940885460004 18.2640613843687 18.6793114831671 18.5093386447988 18.2009491068311 18.2317880606279 18.7503127953969 18.3895687544718 18.2676473092288 18.0596636673436 17.8753471295349 17.8997314185835 17.119434169028 17.2578508686274 17.4421674064361 17.9147923029959 18.0496230777353 18.0489058927633 18.4103671186604 18.3429517312907 18.4964293153025 18.5251167141832 18.6864833328873 18.6642505987547 18.6004211362451 18.6527756392024 18.9267402985133 19.1160771311261 19.1849268884398 19.1598254144192 19.2372813913971 19.6683095595799 20.0606097392738 19.8870509760454 19.432355703786 18.9267402985133 16.6324655730277 17.5318155279383 17.5949278054759 17.3525192849338 17.0606250013225 17.1452528280206 17.1050904695876 16.9874721341766
