EcologicalScience/Bass/data/rs_data_bass/sst_306.asc
NCOLS 226 
NROWS 124 
XLLCORNER -9.41648524995501 
YLLCORNER 47.587301625531 
CELLSIZE 0.0833 
NODATA_value -9999 
[rows 81 to 107 of 124, columns 62 to 123 of 226]
15.0436617983505 -9999 -9999 -9999 -9999 -9999 -9999 -9999 -9999 -9999 -9999 -9999 -9999 -9999 -9999 -9999 -9999 -9999 -9999 -9999 -9999 -9999 -9999 -9999 -9999 -9999 -9999 -9999 -9999 -9999 -9999 -9999 -9999 -9999 -9999 -9999 -9999 -9999 -9999 -9999 -9999 -9999 -9999 -9999 -9999 -9999 -9999 -9999 -9999 -9999 -9999 -9999 -9999 -9999 -9999 -9999 -9999 -9999 -9999 -9999 -9999 -9999
14.9165550256902 -9999 -9999 -9999 -9999 -9999 -9999 -9999 -9999 -9999 -9999 -9999 -9999 -9999 -9999 -9999 -9999 -9999 -9999 -9999 -9999 -9999 -9999 -9999 -9999 -9999 -9999 -9999 -9999 -9999 -9999 -9999 -9999 -9999 -9999 -9999 -9999 -9999 -9999 -9999 -9999 -9999 -9999 -9999 -9999 -9999 -9999 -9999 -9999 -9999 -9999 -9999 -9999 -9999 -9999 -9999 -9999 -9999 -9999 -9999 -9999 -9999
-9999 -9999 -9999 -9999 -9999 -9999 -9999 -9999 -9999 -9999 -9999 -9999 -9999 -9999 -9999 -9999 -9999 -9999 -9999 -9999 -9999 -9999 -9999 -9999 -9999 -9999 -9999 -9999 -9999 -9999 -9999 -9999 -9999 -9999 -9999 -9999 -9999 -9999 -9999 -9999 -9999 -9999 -9999 -9999 -9999 -9999 -9999 -9999 -9999 -9999 -9999 -9999 -9999 -9999 -9999 -9999 -9999 -9999 -9999 -9999 15.3328083315217 -9999
-9999 -9999 -9999 -9999 -9999 -9999 -9999 -9999 -9999 -9999 -9999 -9999 -9999 -9999 -9999 -9999 -9999 -9999 -9999 -9999 -9999 -9999 -9999 -9999 -9999 -9999 -9999 -9999 -9999 -9999 -9999 -9999 -9999 11.3199997469783 11.209999749437 11.1449997508898 -9999 -9999 -9999 -9999 -9999 -9999 -9999 -9999 -9999 -9999 -9999 -9999 -9999 -9999 -9999 -9999 -9999 -9999 -9999 -9999 17.2699996139854 13.9003009636811 17.5080049868673 17.7397991698235 17.8653065399267 17.3403271404095
-9999 -9999 -9999 -9999 -9999 -9999 -9999 -9999 -9999 -9999 -9999 -9999 -9999 -9999 -9999 -9999 -9999 -9999 -9999 -9999 -9999 -9999 -9999 -9999 -9999 -9999 -9999 -9999 -9999 -9999 -9999 -9999 -9999 16.8723828194565 18.3568173074163 18.2917925366201 18.1643726732582 18.1299477946013 17.9719878045144 17.8932767538354 17.6308033537352 -9999 17.8287301063538 17.2513962038793 17.4471877012402 18.0797448465601 18.1399883842096 17.8753471295349 17.4966734643094 17.8186895167455 17.5413779942319 17.4145557850134 14.7739667802397 -9999 17.0169419166632 17.2689672356937 17.1827855082229 17.1940214061178 17.1521856160834 16.8547929143533 17.1650949455798 16.7701650876552
-9999 -9999 -9999 -9999 -9999 -9999 -9999 -9999 -9999 -9999 -9999 -9999 14.0257091364988 15.331271361488 16.7259045293821 16.7601244980469 16.8512069894932 16.923642671667 16.9281250777422 -9999 -9999 -9999 -9999 -9999 -9999 11.894999734126 10.4650120437649 16.5133331804536 17.7552186467219 17.7126656717155 17.0599078163505 17.7393688588403 17.9122104370967 18.0897854361683 13.8849996896461 12.8266232913007 14.7958200583234 17.9847178377677 17.8606448376086 17.9542374764569 17.9879451701418 17.8222754416056 17.3898129034787 17.717566435691 17.4859156897292 17.3840754237026 17.5748466262594 17.0498672267422 17.2542649437673 16.8849146831781 17.0864436603151 17.5565584094729 17.2549821287394 17.5386287851725 17.3890957185067 16.7421948737465 17.2100385371596 16.6482436424121 15.964766364079 16.9202958084643 16.9956002305262 17.0587125080638
-9999 -9999 -9999 -9999 -9999 -9999 -9999 -9999 -9999 15.4404993999645 15.9415475006099 16.3857539426535 16.2240287314635 16.5571611509658 16.3219244801439 16.4173100814223 16.8734397236258 16.842600769829 16.6202734285034 16.9422894809395 16.8963896427304 13.6887878241017 17.0316985407844 17.1261278954335 17.2872554524802 16.8459817846971 -9999 17.5223486863077 17.5024109440856 17.6752525223419 17.7276070252992 17.6924649616703 17.719717990607 17.8552659503184 17.1002295492217 16.1199996396899 13.9218262742548 17.9104891931638 17.9090548232198 17.8122348519973 17.7878505629487 17.2137439928483 17.5554826320149 17.598513730336 17.5045624990016 17.1968901460059 17.3317209207453 17.2349009495229 17.2564164986834 17.1746574118733 17.2427899842151 17.041261007078 17.0742515157908 16.8153477408923 16.6518295672722 16.64394053258 17.0097048683092 16.9300973364152 15.9611804392189 15.9547257744707 17.0950498799793 16.8963896427304
-9999 -9999 -9999 -9999 -9999 -9999 -9999 -9999 13.825573817965 16.0942182515282 15.9346445952542 16.3685415033251 16.3907742374577 16.5456861914136 16.1548203816637 16.4366740756668 16.1196783180349 16.5600298908539 16.443845925387 16.8088930761442 16.6998809603974 16.6998809603974 16.5750907752663 16.762993237935 16.9996642787009 17.2205572500825 17.2499618339352 17.1710714870133 17.3898129034787 17.440733036492 17.3496505450457 17.3919644583948 17.4966734643094 16.4000976420939 17.6852931119502 17.8459425456822 17.8853877191432 17.9700155458413 17.9104891931638 18.0259559736587 18.1701101530343 17.6824243720621 17.0376750822179 17.4981078342535 17.5289467880502 17.3926816433668 17.2162541402504 17.0907467701472 17.1452528280206 16.5600298908539 17.1567277875729 16.9035614924505 16.6991637754254 16.7859431570396 16.8720053536817 16.8899349779822 17.1287575736642 17.0764030707069 17.040543822106 16.3054292257875 16.8002868564799 16.8755912785418
-9999 -9999 -9999 -9999 -9999 -9999 -9999 -9999 15.7600100545678 16.0293130115606 16.4997863532044 16.5428174515255 16.5951719544828 16.1340220174752 16.204306144733 16.0608691503294 16.5944547695108 16.6353343129158 16.8928037178703 16.922208301723 16.4381084456109 16.2652668673545 16.4316537808627 16.760841683019 16.6102328388952 16.8648335039616 16.8117618160322 16.9638050301 17.0204626428895 16.9250770416111 17.1980854542926 17.3288521808572 17.1036560996436 16.6511123823002 16.7931150067598 17.6193120945245 17.6673634876497 17.8416394358501 18.0654011471197 18.1686757830903 18.1019775806926 17.6150089846924 16.8476210646331 17.079988995567 16.8863490531221 16.7049012552015 16.8074587062001 17.0606250013225 17.0986358048394 17.0333719723858 16.9795830994844 16.8913693479262 17.1373637933284 17.082857735455 17.0161595330574 16.7551042032428 17.0591906313784 17.0247657527216 17.0857264753431 16.9853205792606 17.0448469319381 17.1459700129926
12.3514509300945 9.40499978978187 -9999 -9999 -9999 -9999 -9999 -9999 15.1240119473077 16.3800164628774 16.4589068097994 16.3068635957316 16.3176213703118 16.1003143237904 16.2179326592013 16.2953886361793 14.4823450269178 16.0393536011688 16.4689473994076 16.6568498620763 16.9681081399322 16.5571611509658 16.6138187637553 16.7049012552015 16.6001922492869 16.5951719544828 16.682668521069 16.7371745789424 16.3749961680733 16.3914914224297 16.7400433188304 17.0233313827775 17.1108279493637 17.1395153482445 17.3518020999618 17.2750633079559 17.3496505450457 17.7763756033964 17.5454420424066 17.6329386089928 17.9133579330519 17.7376476149075 17.0290688625537 16.9759971746244 16.8540757293813 16.6776482262649 16.8196508507244 16.881328758318 16.8103274460882 16.9272285965271 17.0046845735051 16.8885006080382 16.4997863532044 16.9795830994844 17.0226141978055 17.0290688625537 16.9867549492046 16.9953611688688 17.120868538972 17.0871608452871 17.2972960420884 17.4206518572755
15.5918301786296 15.5416272305883 15.2977843401022 16.0096302684397 14.5704691303545 -9999 16.1899624452926 15.8715323177166 15.8435621038079 15.6678517856635 15.9382305201143 16.4517349600792 15.8772697974928 16.1806390406564 16.1627094163559 15.7933591557667 15.2432782822289 16.0307473815046 16.0364848612808 16.0644550751895 15.8622089130804 15.8837244622409 15.9303414854221 16.1741843759082 16.0780815896578 16.443845925387 16.3706930582412 16.3355509946123 16.284630861599 16.2351450985298 16.3520462489687 16.2071748846211 16.5901516596787 16.8339945501648 16.8684194288217 16.8002868564799 16.6661732667126 16.4811395439319 16.7414776887745 16.9028443074785 16.5449690064415 16.6288796481676 16.6991637754254 16.7479323535226 16.6410717926919 16.6274452782236 16.6281624631956 16.7816400472075 16.7099215500057 16.8476210646331 16.9372691861354 16.9480269607157 16.8239539605565 17.0950498799793 17.1796777066775 17.1653340072371 17.0240485677496 17.2126682153903 17.3338724756613 17.3037507068366 17.4715719902888 17.5640888516791
15.7424390227534 15.4290291899815 15.5201116814278 15.3953214962967 15.2576219816692 16.0626621127594 15.0840632184409 15.3429669933394 15.5516678201966 15.927472745534 16.0687581850216 16.0207067918964 16.0565660404973 16.0307473815046 15.8672292078845 15.9346445952542 15.7969450806268 15.8751182425767 15.5631427797489 15.9088259362616 15.9461195548065 15.9016540865414 15.8794213524088 16.007080277428 16.0013427976519 16.1318704625592 16.0902737341821 16.3039948558435 16.2401653933339 16.284630861599 16.3577837287448 16.3986632721499 16.5141300526448 16.6338999429718 16.5923032145947 16.6554154921323 16.7723166425712 16.7041840702295 16.7565385731868 16.6618701568805 16.6310312030837 16.64394053258 16.8662678739056 16.8074587062001 16.801004041452 16.9150364520028 16.8476210646331 16.922925486695 16.9996642787009 17.0369578972459 17.0656452961266 17.0900295851752 17.1466871979646 17.1861323714256 17.1911526662298 17.161030897405 17.2643055333756 17.2191228801385 17.2585680535994 17.3747520190664 17.558351371903 17.6982024414465
16.7859431570396 15.9791100635193 15.7546311672777 15.5459303404205 15.2985015250742 15.2748344209976 15.2798547158018 15.4914242825471 15.7861873060465 15.4548478489742 15.7754295314662 15.8435621038079 15.9066743813455 15.8019653754309 15.648487791419 15.7531967973337 15.7130344389006 15.9339274102822 15.5817895890214 15.8937650518492 15.9116946761496 15.8191778147593 15.8299355893396 15.9403820750304 16.2086092545651 16.1591234914958 16.204306144733 16.2717215321027 16.3979460871778 16.4072694918141 16.5033722780645 16.7464979835786 16.8476210646331 16.8856318681501 16.9078646022826 16.9329660763033 16.9336832612753 16.9064302323386 16.9451582208276 16.8555100993253 16.9516128855757 16.8856318681501 16.9078646022826 16.9286629664712 16.9272285965271 16.8167821108364 16.9408551109955 16.9917752440087 16.9939267989248 17.1739402269013 17.2047791806981 17.159596527461 17.322397516109 17.278649232816 17.360408319626 17.3804894988425 17.3726004641503 17.4550767359324 17.5518967071548 17.6178777245805 18.0582292973995 18.1751304478385
16.7020325153135 16.5098269428127 16.4725333242677 16.4718161392957 16.6475264574401 15.3422498083673 15.406796455849 15.4584337738343 15.5559709300287 15.5803552190773 15.6635486758314 15.6362956468947 16.0185552369803 15.6391643867828 15.6219519474544 15.6047395081259 15.5100710918196 15.6097598029301 15.7646717568859 15.8492995835841 15.8026825604029 15.6276894272305 15.9152806010097 15.9977568727918 15.9733725837432 16.0293130115606 16.1548203816637 16.2337107285857 16.3068635957316 16.4632099196315 16.6597186019644 16.8261055154726 16.8935209028423 16.9028443074785 16.9336832612753 16.8655506889336 17.0656452961266 17.1144138742238 17.0484328567982 17.0305032324977 17.04197819205 16.9824518393725 16.9344004462473 16.920773931779 17.0864436603151 17.0448469319381 17.0477156718262 17.1431012731045 17.201193255838 17.2356181344949 17.1732230419293 17.2105166604742 17.2872554524802 17.0950498799793 17.4034394179471 17.5777153661475 17.559068556875 17.6924649616703 17.9814905053936 18.1772820027545 18.2117068814114 18.6850489629433
16.6733451164328 16.7135074748658 16.4926145034842 16.763710422907 15.9719382137991 16.3843195727095 16.2215185840614 15.7833185661584 15.4333322998136 15.4426557044499 15.60617387807 15.7087313290685 15.568163074553 15.6154972827062 15.5717489994131 15.5143742016517 15.5968504734337 15.8198949997313 15.9382305201143 15.9396648900583 15.6850642249919 16.0902737341821 15.9690694739111 16.1383251273073 16.2932370812632 16.2100436245091 16.1017486937344 16.2172154742293 16.8368632900529 16.9121677121148 16.9150364520028 16.844035139773 17.0312204174697 17.0039673885331 16.8863490531221 17.2607196085155 17.2994475970045 17.2779320478439 17.0534531516023 17.2743461229838 17.3826410537586 17.3152256663889 17.1954557760619 17.1395153482445 17.1423840881325 17.2449415391311 17.0864436603151 17.2556993137114 17.3898129034787 17.358973949682 17.1897182962857 17.3374584005214 17.3360240305774 17.518906198442 17.7505569444038 17.6250495743006 18.2095553264953 18.4282967429608 18.3773766099475 18.5832086969167 18.9374980730936 19.0049134604633
16.9996642787009 17.120151354 16.9265114115551 16.962370660156 16.4416943704709 16.5808282550424 16.4883113936521 16.1347392024472 15.2820062707178 15.4182714154013 15.5803552190773 15.6119113578461 15.6642658608034 15.7417218377814 15.7316812481731 15.6398815717548 15.6520737162791 15.6370128318667 15.8148747049272 15.7151859938167 15.8349558841437 15.8536026934162 16.0773644046858 16.08597062435 16.1189611330628 16.5499893012457 16.1784874857403 16.1935483701527 16.6998809603974 16.962370660156 16.9795830994844 16.9817346544005 17.0441297469661 17.0584734464064 17.082857735455 17.2499618339352 17.4701376203448 17.559785741847 17.5310983429663 17.5016937591136 17.5920590655878 17.5275124181062 17.3001647819765 17.2700430131517 17.4242377821356 17.3453474352136 17.4428845914081 17.3697317242622 17.4177831173874 17.1552934176289 17.5784325511195 17.2506790189072 17.3632770595141 17.8810846093111 18.0689870719798 18.0725729968399 18.5645618876442 17.9750358406454 19.1985534029081 19.6338846809231 18.6660435611848 19.0802178825252
16.7378917639144 16.6410717926919 16.6590014169924 16.5528580411337 16.9286629664712 16.3312478847802 16.1333048325032 15.925321190618 15.9913022080436 15.8636432830244 15.7338328030892 15.6405987567268 15.768257681746 16.0192724219523 16.1390423122793 15.8514511385001 15.5753349242732 15.5982848433778 15.6241035023704 15.8492995835841 16.0128177572042 16.3592180986889 16.3197729252279 16.2344279135577 16.1749015608802 16.5550095960498 17.1631824523211 17.0993529898115 17.0957670649514 17.2305978396907 17.1079592094757 17.1086763944477 17.242072799243 17.520340568386 17.6809900021181 17.8143864069134 17.8703268347308 17.8323160312138 17.8818017942831 17.7003539963625 17.3804894988425 17.6673634876497 17.0835749204271 17.3575395797379 17.5834528459236 17.6946165165864 17.680272817146 17.6953337015584 17.7297585802153 17.8516800254583 17.9786217655055 18.0331278233789 18.276253528893 18.4512466620654 18.4476607372053 18.7452925005928 18.4377635845914 18.3049995908514 -9999 -9999 -9999 -9999
16.1361735723913 16.7156590297818 16.7701650876552 17.0269173076376 16.8985411976464 16.5958891394548 16.5923032145947 16.4703817693517 16.3333994396962 16.1705984510481 15.6327097220346 15.8686635778286 15.9059571963735 16.0615863353014 16.1003143237904 15.9181493408978 16.243751318194 16.204306144733 16.4689473994076 16.7464979835786 16.6597186019644 16.5334940468892 16.5471205613576 16.6288796481676 16.5040894630365 16.9889065041207 17.2119510304183 17.1746574118733 17.3159428513609 17.320245961193 17.4364299266599 17.398419123143 17.5246436782181 17.718283620663 17.9097720081918 17.8538315803744 18.1048463205807 18.0474715228193 17.8330332161859 17.7340616900474 17.8143864069134 17.8021942623891 17.5927762505598 17.561220111791 17.9606921412051 17.996551389806 18.0022888695821 17.7785271583125 18.2174443611875 18.3020721878856 18.4505294770934 18.6448866045102 19.0192571599036 18.8822748302482 15.0716989495233 -9999 -9999 -9999 -9999 -9999 -9999 -9999
15.9281899305061 16.1942655551247 16.9143192670308 16.8253883305006 16.7701650876552 16.3412884743884 16.2817621217109 16.3147526304238 16.2516403528862 16.1411938671954 16.1713156360202 16.1082033584826 16.1835077805445 16.7522354633547 16.6496780123562 16.4072694918141 16.4259163010865 16.3197729252279 16.5951719544828 16.8253883305006 16.9265114115551 16.9996642787009 17.1818292615935 17.1058076545596 17.1187169840559 17.1172826141119 17.2743461229838 17.2858210825361 17.6089129124302 15.6549996500835 13.2599997036159 11.5903478547532 14.7423474681564 14.5399996750057 -9999 16.4749996317551 17.718283620663 17.9685811758973 17.9140751180239 17.8452253607102 17.8430738057941 17.9327219272964 17.91622667294 17.8538315803744 18.0424512280151 18.1636554882862 18.354426690843 18.3113955925219 18.5509353731759 19.5829645479098 19.192815923132 18.6699880785309 19.1010162467137 -9999 -9999 -9999 -9999 -9999 -9999 -9999 -9999 -9999
16.96021910524 16.9444410358556 16.8612475791015 16.2093264395371 16.3398541044444 16.2279732488096 16.4101382317021 14.9893948021345 15.8177434448153 15.9869990982115 16.2652668673545 16.6697591915727 16.7945493767038 16.5593127058819 16.5772423301823 16.72211369453 16.8354289201088 16.6783654112369 16.6353343129158 16.8899349779822 16.9279457814991 16.8311258102767 17.4959562793374 17.4758751001209 17.4342783717439 17.3718832791783 17.2671742732637 17.361125504598 17.0297860475257 -9999 -9999 -9999 -9999 -9999 16.3799996338785 18.4828028008342 17.9918896874879 17.7046571061946 17.2449415391311 17.4206518572755 17.2750633079559 17.2693258281797 17.9707327308133 18.1249274997972 18.3644672804512 18.4648731765337 18.6671193386428 18.8256172174588 18.8894466799684 19.6969969584607 19.6819360740483 18.6649677837268 19.3498794320039 -9999 -9999 -9999 -9999 -9999 -9999 -9999 -9999 -9999
16.921491116751 16.8956724577583 16.8669850588776 16.5607470758259 16.563615815714 16.4503005901352 15.7101656990126 16.045091080945 16.2573778326623 16.0673238150775 16.603060989175 16.8555100993253 16.8576616542414 16.7766197524033 16.8684194288217 16.8533585444093 16.7386089488864 16.6719107464887 16.8253883305006 16.9275871890131 16.325151812518 16.7837916021235 16.8174992958084 17.6831415570341 17.5346842678264 17.4120456376113 17.3639942444861 17.2635883484036 17.5074312388897 15.8449996458367 -9999 -9999 -9999 -9999 -9999 18.4799995869398 18.4196905232966 18.3737906850874 18.2601168670226 17.1402325332165 17.3489333600737 17.4959562793374 17.5820184759796 18.4813684308901 18.5918149165809 18.4146702284925 18.913830969017 18.9174168938771 19.2172002121806 19.2444532411173 19.2631000503898 19.4904476865195 19.5384990796447 14.216477945447 8.86083661921017 21.4620159574382 -9999 -9999 -9999 -9999 -9999 -9999
16.3663899484091 16.5083925728686 14.6781365242787 16.6181218735874 15.6628314908594 16.3986632721499 16.3276619599201 16.3362681795843 16.4976347982883 16.7256996193901 16.80387278134 16.9136020820588 17.0649281111546 16.9494613306597 17.0513015966862 16.9494613306597 16.7077699950896 16.7343058390543 16.7823572321795 16.7916806368157 16.7027497002855 16.7271339893341 16.8454695097171 18.0030060545541 17.9327219272964 17.8631549850106 18.2389599103481 18.3623157255352 18.47419658117 18.0643253696617 16.1383907914893 24.7149994475767 -9999 -9999 -9999 -9999 18.4519638470374 18.5233237517532 18.6219366854057 18.6628162288107 17.9327219272964 17.7448194646277 18.4225592631847 18.4734793961979 18.994872870855 19.2401501312852 19.1361583103426 19.0816522524692 19.2186345821247 19.3886074204929 19.4287697789259 19.6087832069024 17.8028270726585 9.86999977938831 -9999 -9999 -9999 -9999 -9999 -9999 -9999 -9999
15.6843470400199 16.3764305380173 16.5593127058819 16.564333000686 16.3498946940526 16.4603411797434 16.5119784977287 16.3814508328214 16.7249824344181 16.8705709837377 17.1531418627128 17.2298806547187 17.2549821287394 16.9408551109955 17.042695377022 16.9114505271427 16.7264168043621 16.7328714691103 16.8074587062001 16.8877834230661 17.1000701747835 17.2980132270604 17.6279183141887 18.038865303155 18.0073091643862 17.9033173434436 18.0732901818119 18.15791800851 18.2081209565513 18.594683656469 15.9578320743609 -9999 -9999 -9999 -9999 -9999 -9999 -9999 -9999 -9999 -9999 -9999 -9999 -9999 -9999 -9999 19.0673085530289 19.1741691138595 19.3054139637388 18.8700826857239 20.8849187278265 21.2299995254725 -9999 -9999 -9999 -9999 -9999 -9999 -9999 -9999 -9999 -9999
15.9805444334634 16.1089205434546 16.2093264395371 16.322641665116 16.1512344568036 16.2616809424944 16.1627094163559 16.7873775269836 16.6805169661529 17.0254829376936 17.0312204174697 17.043412561994 17.0168767180294 16.7730338275433 16.6546983071603 16.7909634518437 17.0147251631133 17.1488387528807 17.2227088049985 17.2126682153903 17.3962675682269 17.3711660942063 17.6609088229015 17.904990775045 11.0835066921646 15.5549996523187 17.8947111237794 18.2210302860476 18.396740604192 18.5050355349667 18.7460096855648 15.3805129226837 20.1505186553113 -9999 -9999 -9999 -9999 -9999 -9999 -9999 -9999 -9999 -9999 -9999 -9999 -9999 -9999 -9999 -9999 -9999 -9999 -9999 -9999 -9999 -9999 -9999 -9999 -9999 -9999 -9999 -9999 -9999
15.8148747049272 16.0809503295459 16.2279732488096 16.3513290639967 15.8794213524088 15.8220465546474 16.7292855442502 16.8583788392134 16.9960783538409 16.8540757293813 16.9128848970868 17.279366417788 17.001098648645 17.0534531516023 16.9774315445684 17.1452528280206 17.0785546256229 17.2858210825361 17.2097994755022 17.2980132270604 17.480178209953 17.4213690422475 17.5820184759796 17.7950224126689 17.8688924647868 17.9599749562331 18.1213415749371 18.0456785603892 18.2877284884453 18.555238483008 19.0199743448757 18.9970244257711 -9999 -9999 -9999 -9999 -9999 -9999 -9999 -9999 -9999 -9999 -9999 -9999 -9999 -9999 -9999 -9999 -9999 -9999 -9999 -9999 -9999 -9999 -9999 -9999 -9999 -9999 -9999 -9999 -9999 -9999
15.5638599647209 15.9540085894987 15.7402874678373 15.6592455659993 16.2667012372985 16.325510405004 16.2294076187536 16.3914914224297 16.9838862093166 17.0556047065184 17.2126682153903 17.0462813018821 16.644657717552 17.1287575736642 17.3123569265008 17.3431958802976 17.6128574297763 17.6881618518382 17.5784325511195 17.5232093082741 17.5354014527984 17.5095827938057 17.8703268347308 17.917661042884 17.9492171816528 17.9865108001977 18.4498122921214 18.7079988820478 18.7646564948373 18.71588791674 19.1418957901187 18.9249473360833 18.8018814467359 -9999 -9999 -9999 -9999 -9999 -9999 -9999 -9999 -9999 -9999 -9999 -9999 -9999 -9999 -9999 -9999 -9999 -9999 -9999 -9999 -9999 -9999 -9999 -9999 -9999 -9999 -9999 -9999 -9999
15.568880259525 15.844996473752 16.0228583468124 15.9891506531276 16.1010315087624 16.4158757114783 16.5091097578406 16.3800164628774 17.1280403886922 17.2707601981238 17.4127628225833 17.6157261696644 17.9147923029959 17.2750633079559 17.6551713431254 17.4765922850929 17.7405163547955 17.5483107822947 17.6236152043566 17.5841700308956 17.5354014527984 17.7003539963625 17.7885677479208 17.7225867304951 18.0646839621477 18.1084322454408 17.9327219272964 18.8363749920391 18.7825861191377 18.6083101709373 19.2882015244104 18.95220036502 14.1013663332067 -9999 -9999 -9999 -9999 -9999 -9999 -9999 -9999 -9999 -9999 -9999 -9999 -9999 -9999 -9999 -9999 -9999 -9999 -9999 -9999 -9999 -9999 -9999 -9999 -9999 -9999 -9999 -9999 -9999
