EcologicalScience/Bass/data/rs_data_bass/sst_325.asc
NCOLS 226 
NROWS 124 
XLLCORNER -9.41648524995501 
YLLCORNER 47.587301625531 
CELLSIZE 0.0833 
NODATA_value -9999 
[rows 27 to 53 of 124, columns 62 to 123 of 226]
-9999 -9999 -9999 -9999 -9999 -9999 -9999 -9999 -9999 -9999 -9999 -9999 -9999 -9999 -9999 -9999 -9999 -9999 -9999 -9999 -9999 -9999 -9999 -9999 -9999 -9999 -9999 -9999 12.5299997199327 9.27235479769297 10.9401437196046 5.52255317149684 5.45513778412715 5.55912960506976 5.0746711564716 4.75779492966831 5.81086153024808 5.80584123544395 5.91306038876064 6.08649962116033 6.16730246134102 6.27975706495345 6.22969755390659 6.02529983688146 6.2421765724197 6.45489363512024 6.67506942152977 6.70734274527058 6.58972440985963 6.01152988541871 6.45962705593556 6.4371074478142 6.37026580842212 6.30772727886215 6.68769187703729 3.95980711746961 6.64652545964345 6.62959989430383 6.71322366204113 6.3774376581423 6.16013061162084 6.2777489470318
-9999 -9999 -9999 -9999 -9999 -9999 -9999 -9999 -9999 -9999 -9999 -9999 -9999 -9999 -9999 -9999 -9999 -9999 -9999 -9999 -9999 -9999 -9999 -9999 -9999 -9999 -9999 -9999 -9999 -9999 9.78499978128821 12.4343096392638 5.47163303848356 5.53187657613307 5.70328378444538 5.80340280653909 4.74153873696923 5.80153812561184 6.05370036177337 6.06058533750474 5.94760479824618 6.11207921849564 6.16252122819424 4.62176884664223 6.62988676829264 6.43481245590374 6.70160526549444 6.78479872224852 2.10516677983105 2.23497725976631 6.72512893257663 4.04945523897186 6.71372569152154 6.91611529062502 4.39011810068041 4.29975279420614 6.62773521337658 6.58298287112266 6.15582750178874 6.24332406837493 6.25838495278731 6.29352701641619
-9999 -9999 -9999 -9999 -9999 -9999 -9999 -9999 -9999 -9999 -9999 -9999 -9999 -9999 -9999 -9999 -9999 -9999 -9999 -9999 -9999 -9999 -9999 -9999 -9999 -9999 -9999 -9999 -9999 -9999 -9999 13.3849997008219 5.83196725942461 5.76916234687503 2.58998382091522 5.50132449632511 5.57619860740378 5.74774925271049 5.93622546335682 6.06704000225291 6.13741975417361 6.16204310487956 6.24332406837493 6.64279609778896 6.6284523983486 6.60980558907613 6.57824945030734 4.81469160411507 6.23519597202539 4.055192718748 6.18092897580937 3.17018646327779 2.8080080524087 4.00427258573472 4.5450300546363 5.60646381322294 5.75778984231874 6.58183537516743 6.16443372145295 5.83883174415678 6.06546219531447 6.39967039227486
-9999 -9999 -9999 -9999 -9999 -9999 -9999 -9999 -9999 -9999 -9999 -9999 -9999 -9999 -9999 -9999 -9999 -9999 -9999 -9999 -9999 -9999 -9999 -9999 -9999 -9999 -9999 -9999 -9999 -9999 -9999 9.01305983099155 7.39823093498126 5.77459246166317 5.49271827666089 5.5727561195381 5.68062073932961 5.8478682748042 4.37003692146391 4.69850763864815 4.95239111874253 4.7444074768573 4.79532760987058 6.66000853711739 4.21727652242407 4.46685689268634 4.77094332082197 4.35497603705153 5.2701040613465 5.2701040613465 2.44511245656759 6.90497843255954 3.89526046998799 5.51466413680464 5.53474531602114 5.91485335119069 5.91987364599481 5.967207854148 6.08697774447501 6.13933224743232 6.16873683128506 6.27488020714372
-9999 -9999 -9999 -9999 -9999 -9999 -9999 -9999 -9999 -9999 -9999 -9999 -9999 -9999 -9999 -9999 -9999 -9999 -9999 -9999 -9999 -9999 -9999 -9999 -9999 -9999 -9999 -9999 -9999 -9999 -9999 9.41499978955835 12.333593652118 3.93757438333705 4.1627704645507 5.64275337280706 4.05017242394388 4.30979338381439 4.61387981195003 4.6447187657468 6.09486677916721 4.99255347717553 5.07861567381769 5.34612566838041 4.47904903721064 5.55267494032159 4.78528702026233 4.35569322202355 5.85819573840126 6.09773551905528 5.89979246677831 6.8397146001059 5.46015807893127 5.86967069795355 6.02027954207733 6.08339181961492 6.12140262313187 6.29280983144417 6.23328347876668 6.16156498156488 6.11136203352362 6.19527267524973
-9999 -9999 -9999 -9999 -9999 -9999 -9999 -9999 -9999 -9999 -9999 -9999 -9999 -9999 -9999 -9999 -9999 -9999 -9999 -9999 -9999 -9999 -9999 -9999 -9999 -9999 -9999 -9999 -9999 -9999 -9999 -9999 10.1559266832191 3.96482741227373 5.58681294498965 5.52852971293032 1.76020080829039 5.68344166688621 5.77404603501782 5.19264808436856 5.35975218284875 4.50988799100742 4.97462385287508 5.33967100363225 5.01263465639204 5.07216100906953 4.77811517054215 5.33249915391207 5.93995482521132 6.59163690311834 6.97757804272696 2.39275795361027 2.92992949765176 6.93600522051565 3.56965849269181 5.98944058828056 6.0109561374411 5.97222814895213 5.79006316605955 6.30098574012518 2.52974028326571 6.12301628931891
-9999 -9999 -9999 -9999 -9999 -9999 -9999 -9999 -9999 -9999 -9999 -9999 -9999 -9999 -9999 -9999 -9999 -9999 -9999 -9999 -9999 -9999 -9999 -9999 -9999 -9999 -9999 -9999 -9999 -9999 -9999 -9999 10.4565540248849 7.43036765206073 2.41283913282678 2.6050447053276 5.63682464370504 5.67579169385135 5.84146142238751 4.74512466182932 6.01717174053192 5.96362192928791 5.90194402169436 6.16084779659286 5.24643695726991 5.03988768532872 5.00689717661589 4.46111941291019 4.94521926902235 5.29735709028319 3.66504409397021 3.80991545831785 5.68607134511694 5.6523636514321 3.83788567222655 3.83143100747839 6.1582659306936 6.44255805360153 6.46450391374528 6.43983275070786 3.37530136527494 6.12742697689682
-9999 -9999 -9999 -9999 -9999 -9999 -9999 -9999 -9999 -9999 -9999 -9999 -9999 -9999 -9999 -9999 -9999 -9999 -9999 -9999 -9999 -9999 -9999 -9999 -9999 -9999 -9999 -9999 -9999 -9999 -9999 -9999 -9999 8.52022374412045 5.76516660203093 2.99232459021732 5.11734366230667 5.37696462217718 4.98036133265123 4.78385265031829 5.6961119347252 4.96888637309894 5.54191716574132 5.00761436158791 5.05207982985303 5.16396068548784 4.79389323992655 4.24739829124883 5.41497542569414 4.04515212913975 5.69969785958529 5.6803338653408 5.86034729331732 5.27225561626256 3.78481398429722 3.3100375328213 6.29754325225949 4.67340616462752 4.62248603161424 6.79914242168888 6.68821781268343 6.53999958513305
-9999 -9999 -9999 -9999 -9999 -9999 -9999 12.4440156883211 11.0377056063153 5.91198461130261 5.84815514879301 8.23276332032191 17.7790755938793 8.30935228775893 8.41999981179833 -9999 -9999 -9999 -9999 -9999 -9999 -9999 -9999 -9999 -9999 -9999 -9999 -9999 -9999 -9999 -9999 -9999 -9999 -9999 4.84517196542583 5.54937588945031 6.08841211441904 4.72002318780869 4.07527389796451 5.33465070882812 5.41999572049826 5.15535446582362 3.85007781675085 3.93829156830907 4.27895443001762 4.48191777709872 4.56582841882482 6.57609789539129 6.67088584252633 6.39178135758266 6.32364878524095 6.39536728244275 2.63516647415236 3.43841364281252 3.15010528406128 4.14735098765232 6.88759523490444 5.14531387621537 6.60593279022723 6.57107760058716 4.73759421962313 5.40780357597396
-9999 -9999 -9999 -9999 16.7299996260554 16.0506020812563 13.0095191300718 10.5501301614926 2.69899593666196 5.87469099275768 11.5237038932357 11.3701852035995 19.7799995578825 -9999 -9999 -9999 -9999 -9999 -9999 -9999 -9999 -9999 -9999 -9999 -9999 -9999 -9999 -9999 -9999 -9999 -9999 -9999 -9999 -9999 7.33086335994303 5.70514846537262 5.75678578335792 3.14651935920119 4.71500289300457 4.06164738349617 3.73389385128394 2.33466597087681 3.74465162586421 3.29139072354883 6.34994556754827 6.52326526911929 6.48549352725968 6.44270149059594 6.46421703975648 6.49935910338536 6.32460503187031 4.58160648820922 4.57658619340509 5.688222900033 5.51251258188859 3.75540940044448 4.94019897421822 5.01478621130809 5.31528671458364 5.18117312481627 5.41497542569414 5.56343271490186
4.493392736651 4.7509219070198 11.237769031553 4.33489485783502 4.7601855462417 4.69922482362017 4.71715444792062 4.64400158077478 4.57228308357298 15.7478640360479 -9999 -9999 -9999 -9999 -9999 -9999 -9999 -9999 -9999 -9999 -9999 -9999 -9999 -9999 -9999 -9999 -9999 -9999 -9999 -9999 -9999 -9999 -9999 -9999 13.3399997018278 3.36024048086256 3.52017272962257 3.94904934288934 3.49076814576983 2.00476088374853 2.43865779181942 3.14006469445303 6.1689758929424 3.85294655663893 3.77764213457704 3.81637012306601 3.47714163130149 3.23975340556353 6.51991840591654 5.75492110243067 5.70256659947336 5.82592241466045 5.51825006166473 5.83739737421274 5.55267494032159 2.64664143370464 5.72479933360592 5.7520523625426 5.73268836829811 6.64757733093575 6.59546188963577 6.51776685100049
5.25002288213 5.29018524056301 4.92513808980584 4.82616656366736 4.75014495663345 5.13240454671904 4.7802667254582 4.74727621674538 6.93376828643626 14.2649996811524 -9999 -9999 -9999 -9999 -9999 -9999 -9999 -9999 -9999 -9999 -9999 -9999 -9999 -9999 -9999 -9999 -9999 -9999 -9999 -9999 -9999 -9999 -9999 -9999 -9999 2.9155857982114 2.90528441406786 5.46776023963466 3.66002379916608 2.33466597087681 4.02865687478334 4.29688405431807 4.35282448213547 4.24739829124883 3.88521988037974 4.12762840092182 4.11041596159339 6.51915340861306 5.97366251889616 6.50337533922866 6.77810499584302 6.82687357394025 5.58853418892249 5.46589555870742 6.85350504256785 6.83026824947447 2.77501754369587 6.50222784327343 6.63705861801282 6.70734274527058 6.73889888403937 6.05757316062227
5.26580095151439 5.91786552807316 6.08339181961492 6.1185338832438 5.80655842041597 5.31456952961162 5.26651813648641 4.69205297389999 7.58545136880404 -9999 -9999 -9999 -9999 -9999 -9999 -9999 -9999 -9999 -9999 -9999 -9999 -9999 -9999 -9999 -9999 -9999 -9999 -9999 -9999 -9999 -9999 -9999 -9999 -9999 -9999 -9999 13.3224243266332 3.24376964140683 5.09188359580003 5.276797787752 4.90111239324324 4.31768241850659 3.92323068389669 4.34636981738731 6.00163273280486 5.65021209651604 5.80655842041597 5.88186284247786 6.27488020714372 6.72455518459901 4.8397930781357 4.83907589316368 4.97462385287508 5.25934628676623 6.75646991585381 6.60980558907613 6.644230467733 6.81276893615723 6.8636890691705 6.85221410961822 6.56677449075505 6.48573258891702
5.41569261066616 5.79293190594763 5.83524581929669 6.06617938028648 5.70328378444538 5.24356821738183 5.19551682425663 4.83226263592951 12.7897884929553 -9999 -9999 -9999 -9999 -9999 -9999 -9999 -9999 -9999 -9999 -9999 -9999 -9999 -9999 -9999 -9999 -9999 -9999 -9999 -9999 -9999 -9999 -9999 -9999 -9999 -9999 -9999 -9999 -9999 -9999 -9999 7.14554563191347 4.38622481083231 5.85514770227019 5.29755268618464 5.57741782185622 5.90983305638656 5.89764091186225 5.98944058828056 6.3536271170713 6.36366770667955 3.52017272962257 6.54741049651057 4.45251319324598 4.7042451184243 6.95178328990005 6.66216009203345 6.63418987812474 6.7439191788435 6.77762687252834 6.69013030594215 6.2220953932032 6.36739706853405
5.59570603864267 5.58136233920231 5.67961668036878 5.99732962297276 5.81803337996826 5.15033417101949 5.0348673905246 6.70466525470838 15.5949996514246 -9999 -9999 -9999 -9999 -9999 -9999 -9999 -9999 -9999 -9999 -9999 -9999 -9999 -9999 -9999 -9999 -9999 -9999 -9999 -9999 -9999 -9999 -9999 -9999 -9999 -9999 -9999 -9999 -9999 -9999 -9999 -9999 -9999 -9999 11.9598741647722 5.13025299180299 5.18475904967636 5.74272895790637 5.96577348420396 6.14908596305177 6.63490706309676 3.58471937710419 6.19197362437844 4.53283791011199 4.59021270787343 4.7401043670252 6.93289741897024 6.42477186629549 6.43983275070786 6.60382904764265 4.8397930781357 6.16543778041378 5.97007659403607
5.64088869187981 5.72479933360592 6.01956235710531 5.97366251889616 5.90266120666638 5.81731619499624 4.65475935535505 4.67842645943165 7.77507179416716 15.3599996566772 -9999 -9999 -9999 -9999 -9999 16.1899624452926 -9999 -9999 -9999 -9999 -9999 -9999 -9999 -9999 -9999 -9999 -9999 -9999 -9999 -9999 -9999 -9999 -9999 -9999 -9999 -9999 -9999 -9999 -9999 -9999 -9999 -9999 -9999 -9999 5.80801916246397 5.21119243864502 5.34074678109027 5.43900112225674 5.76998198684305 6.06474501034245 6.05742972362787 4.62248603161424 5.69439069079235 6.48331208963646 3.14006469445303 3.7202673368156 5.94640948995948 6.01956235710531 6.02529983688146 6.69574825488962 6.12886134684086 6.14908596305177
5.45107373595238 5.3867661501281 6.08482618955895 6.11494795838371 5.10802025767043 5.94784385990351 4.65356404706836 4.49482710659504 4.09266563353594 3.74644458829425 14.7149996710941 -9999 -9999 -9999 -9999 -9999 -9999 -9999 -9999 -9999 -9999 -9999 -9999 -9999 -9999 -9999 -9999 -9999 -9999 -9999 -9999 -9999 -9999 -9999 -9999 -9999 -9999 -9999 -9999 -9999 -9999 -9999 -9999 -9999 -9999 10.9849997544661 5.20770896878093 5.40278328116983 5.60000914847478 5.6007263334468 5.69575334223919 5.71189000410959 5.67782371793874 3.0353556885384 6.07382935332134 6.60417056429599 6.64986549251314 6.45322020351887 5.84241766901687 6.37631065318627 5.98843652931973 5.95716726453975
7.91938534798101 6.87014373391867 7.82686848659068 7.61745047476143 7.00497450865805 6.63490706309676 5.65222021443769 4.65016937153414 4.38772748410702 3.83645130228251 2.95876033352688 16.0389053605613 17.6356672653107 -9999 11.7755295680836 21.654999515973 21.6304772197165 17.4672747112288 -9999 -9999 -9999 -9999 -9999 -9999 -9999 -9999 -9999 -9999 -9999 -9999 -9999 -9999 -9999 -9999 -9999 -9999 -9999 -9999 -9999 -9999 -9999 -9999 -9999 -9999 -9999 8.8399998024106 12.7499997150153 12.6234015794471 5.47521896334365 5.15033417101949 6.01023895246908 5.96505629923195 5.51789146917872 6.41473127668723 5.6125598854851 6.32508315518498 6.33010344998911 6.48880623879709 6.3801868672017 6.46995451953262 5.67359232660383 6.11537826936692
7.40086061321199 7.59019744582474 6.39465009747073 6.96481215022504 6.69658497069031 6.50222784327343 6.33010344998911 4.89602037994191 4.48861150350422 3.44737845496275 3.01240576943383 3.0792474088259 15.1249996619299 6.6244566535045 9.14916884210451 3.65500350436196 8.45406783829607 10.1422474345617 -9999 -9999 -9999 -9999 -9999 -9999 -9999 -9999 -9999 -9999 -9999 -9999 -9999 -9999 -9999 -9999 -9999 -9999 -9999 -9999 -9999 -9999 -9999 -9999 -9999 -9999 -9999 -9999 -9999 -9999 12.4749442902394 4.97749259276316 4.95812859851867 5.49027984775603 5.62009032769129 6.13359476765618 5.57526626694016 5.67423779307865 5.94149165015136 6.15769218271598 6.23973814351484 6.06259345542639 6.27688832506537 6.21391948452219
7.70279548643157 6.19670704519376 6.44843897037208 6.62271491857246 5.80426342850551 5.84987639272586 5.14232560549863 4.43649606220424 4.22492649545893 4.18500319868326 2.84530167095363 4.50415051123127 2.9771533696554 4.0721660964191 4.32294177496806 12.0906659572696 15.6149996509776 14.4022374394469 -9999 -9999 -9999 -9999 -9999 -9999 -9999 -9999 -9999 -9999 -9999 -9999 -9999 -9999 -9999 -9999 -9999 -9999 -9999 -9999 -9999 -9999 -9999 -9999 -9999 -9999 -9999 -9999 -9999 -9999 5.47995238415897 4.90290535567328 4.81397441914305 5.02159946854226 5.20663319132291 6.04753257101402 6.03534042648971 5.82018493488431 5.56988737965003 5.64339883928187 5.72085481625982 6.01239050738513 5.76022827122361 4.732215332333
7.66478468291461 6.01597643224522 7.21572443543534 5.74009927967563 5.98226873856038 6.01310769235715 5.18428092636168 4.69406109182164 4.23305459180847 4.18978443183005 3.99494918109849 3.98275703657418 4.08650979585946 4.35194792272523 5.13183079874143 14.0635784082565 16.9391742087173 -9999 -9999 -9999 -9999 -9999 -9999 -9999 -9999 -9999 -9999 -9999 -9999 -9999 -9999 -9999 -9999 -9999 -9999 -9999 -9999 -9999 -9999 -9999 -9999 -9999 -9999 -9999 -9999 -9999 -9999 -9999 6.20394409354776 4.89286476606503 5.12714519025758 4.99649799452163 5.50534073216841 5.47235022345558 5.88831750722602 5.11017181258649 5.52255317149684 5.65308083640411 5.68320260522887 5.98633278673515 5.49530014256015 4.5249488754198
6.84289070498198 7.45464948611334 6.83858759514987 5.23352762777358 5.31887263944373 5.27942746598274 5.12343973456882 4.92790437469791 5.12021240219474 3.46996978158131 2.75995665928349 4.17352823913097 4.02220221003518 3.89621671661735 9.42411491242973 6.69999985024333 -9999 -9999 -9999 -9999 -9999 -9999 -9999 -9999 -9999 -9999 -9999 -9999 -9999 -9999 -9999 -9999 -9999 -9999 -9999 -9999 -9999 -9999 -9999 -9999 -9999 -9999 -9999 -9999 -9999 -9999 -9999 -9999 5.9193613710148 4.99839341194768 5.28731650067493 5.41210668580607 3.98275703657418 4.25887325080112 5.08507033856586 5.33178196894005 4.61842198343948 5.57598345191218 5.71440015151165 3.5452742036432 5.84098329907283 5.74380473536439
6.2978301262483 6.89883113279939 6.23902095854282 5.52255317149684 5.89333780203015 6.16013061162084 5.43003631010652 5.5648670848459 5.82520522968844 4.19504378829151 3.72557450560853 3.99638355104253 3.99996947590262 5.170415350236 8.91741995504126 -9999 -9999 -9999 -9999 -9999 -9999 -9999 -9999 -9999 -9999 -9999 -9999 -9999 -9999 -9999 -9999 -9999 -9999 -9999 -9999 -9999 -9999 -9999 -9999 -9999 -9999 -9999 -9999 -9999 -9999 -9999 -9999 -9999 -9999 12.6028010593888 7.48443375612773 5.10515151778236 4.14986113505438 5.50247199228033 5.26278877463192 4.61029388708994 4.80823693936691 4.76520584104583 4.66121402010322 5.65057068900205 5.67782371793874 5.49565873504616
6.60335092432797 6.86942654894665 6.5007934733294 6.99134799418971 6.54525894159451 5.73483992321417 4.64973906055093 6.02816857676953 5.9829859235324 5.86034729331732 4.34073479260717 4.3377635977231 4.23664051666856 4.10826440667734 10.8538567978362 14.2617152426819 -9999 -9999 -9999 -9999 -9999 -9999 -9999 -9999 -9999 -9999 -9999 -9999 -9999 -9999 -9999 -9999 -9999 -9999 -9999 -9999 -9999 -9999 -9999 -9999 -9999 -9999 -9999 -9999 -9999 -9999 5.49576922029861 6.51011687796563 8.31499981414527 -9999 11.5949583295733 7.68621585737256 7.71814324483275 5.27133352129853 4.66964094352443 5.44294563960284 4.74225592194125 5.39800204802305 5.04490798013285 5.58207952417433 5.57036550296471 5.51997130559757
6.73387858923525 6.68654438108206 6.86010314431041 6.8278298205696 6.66216009203345 4.58662678301334 6.01023895246908 5.33751944871619 6.03964353632182 5.94497512001544 4.05547959273681 4.97032074304298 4.90577409556136 4.87493514176458 11.3575414164364 -9999 -9999 -9999 -9999 -9999 -9999 -9999 -9999 -9999 -9999 -9999 -9999 -9999 -9999 -9999 -9999 -9999 -9999 -9999 -9999 -9999 -9999 -9999 -9999 -9999 -9999 -9999 -9999 -9999 -9999 -9999 -9999 -9999 13.0881686232701 11.9667719646317 4.37505721626803 12.4114458361784 12.9144055644725 7.51261490679291 5.29606615733355 4.65475935535505 4.51490828581154 4.74512466182932 4.63467817613855 5.41282387077808 5.4505956126377 5.43390910895541
6.99063080921769 6.85723440442234 6.81061738124117 6.73387858923525 6.61410869890824 6.60478529427201 4.95023956382647 5.23567918268964 6.13718069251627 4.39274777891114 4.20087091618916 4.94450208405033 4.84409618796781 13.6604510489851 15.0599996633828 -9999 -9999 -9999 -9999 -9999 -9999 -9999 -9999 -9999 -9999 -9999 -9999 -9999 -9999 -9999 -9999 -9999 -9999 -9999 -9999 -9999 -9999 -9999 -9999 -9999 -9999 -9999 -9999 -9999 -9999 -9999 -9999 -9999 -9999 -9999 9.56507467795813 9.32331078995485 6.56092667482937 6.6098607571509 5.80095133790746 5.07765942718834 4.86489455215633 5.41891994304024 4.7601855462417 4.65977965015918 5.25905941277742 5.22449109712616
6.7439191788435 6.80057679163292 6.73889888403937 6.59617907460779 6.64136172784492 5.7240821486339 5.84743796382099 5.5806451542303 5.50534073216841 5.37409588228911 5.27082124631852 4.83262122841552 4.96888637309894 7.46132482316058 16.4570050608848 -9999 -9999 -9999 -9999 -9999 -9999 -9999 -9999 -9999 -9999 -9999 -9999 -9999 -9999 -9999 -9999 -9999 -9999 -9999 -9999 -9999 -9999 -9999 -9999 -9999 -9999 -9999 -9999 -9999 -9999 -9999 -9999 -9999 -9999 -9999 -9999 -9999 14.1999996826053 12.2286590941729 4.10109255695716 3.85509811155498 3.8958342179656 4.36382131837308 5.04867320123594 4.84911648277193 4.72002318780869 5.17567470669746
