EcologicalScience/Bass/data/rs_data_bass/sst_291.asc
NCOLS 226 
NROWS 124 
XLLCORNER -9.41648524995501 
YLLCORNER 47.587301625531 
CELLSIZE 0.0833 
NODATA_value -9999 
[rows 81 to 107 of 124, columns 62 to 123 of 226]
15.3558763228357 -9999 -9999 -9999 -9999 -9999 -9999 -9999 -9999 -9999 -9999 -9999 -9999 -9999 -9999 -9999 -9999 -9999 -9999 -9999 -9999 -9999 -9999 -9999 -9999 -9999 -9999 -9999 -9999 -9999 -9999 -9999 -9999 -9999 -9999 -9999 -9999 -9999 -9999 -9999 -9999 -9999 -9999 -9999 -9999 -9999 -9999 -9999 -9999 -9999 -9999 -9999 -9999 -9999 -9999 -9999 -9999 -9999 -9999 -9999 -9999 -9999
14.9228502804837 -9999 -9999 -9999 -9999 -9999 -9999 -9999 -9999 -9999 -9999 -9999 -9999 -9999 -9999 -9999 -9999 -9999 -9999 -9999 -9999 -9999 -9999 -9999 -9999 -9999 -9999 -9999 -9999 -9999 -9999 -9999 -9999 -9999 -9999 -9999 -9999 -9999 -9999 -9999 -9999 -9999 -9999 -9999 -9999 -9999 -9999 -9999 -9999 -9999 -9999 -9999 -9999 -9999 -9999 -9999 -9999 -9999 -9999 -9999 -9999 -9999
-9999 -9999 -9999 -9999 -9999 -9999 -9999 -9999 -9999 -9999 -9999 -9999 -9999 -9999 -9999 -9999 -9999 -9999 -9999 -9999 -9999 -9999 -9999 -9999 -9999 -9999 -9999 -9999 -9999 -9999 -9999 -9999 -9999 -9999 -9999 -9999 -9999 -9999 -9999 -9999 -9999 -9999 -9999 -9999 -9999 -9999 -9999 -9999 -9999 -9999 -9999 -9999 -9999 -9999 -9999 -9999 -9999 -9999 -9999 -9999 15.3903649962814 -9999
-9999 -9999 -9999 -9999 -9999 -9999 -9999 -9999 -9999 -9999 -9999 -9999 -9999 -9999 -9999 -9999 -9999 -9999 -9999 -9999 -9999 -9999 -9999 -9999 -9999 -9999 -9999 -9999 -9999 -9999 -9999 -9999 -9999 11.3199997469783 11.209999749437 11.1449997508898 -9999 -9999 -9999 -9999 -9999 -9999 -9999 -9999 -9999 -9999 -9999 -9999 -9999 -9999 -9999 -9999 -9999 -9999 -9999 -9999 17.2699996139854 13.5567790537733 9.9629526982483 9.7356562896166 9.37802005023696 8.7276528114453
-9999 -9999 -9999 -9999 -9999 -9999 -9999 -9999 -9999 -9999 -9999 -9999 -9999 -9999 -9999 -9999 -9999 -9999 -9999 -9999 -9999 -9999 -9999 -9999 -9999 -9999 -9999 -9999 -9999 -9999 -9999 -9999 -9999 16.6835555656396 14.7938850560126 12.2506541268851 11.3697622483596 11.265053242445 10.1809303592891 16.1829988105643 18.0529237585724 -9999 9.27285682717338 9.27199620520696 9.59759818250313 9.15055288327858 9.41997537110001 9.50818912265822 7.9150822381489 9.96730703557841 9.34102525876369 10.1340525415726 14.9231986292172 -9999 14.8567403128274 8.65665149921551 9.78550064517185 8.77068390976638 8.06999419210479 9.25119784101844 8.83451337227598 9.02026428002864
-9999 -9999 -9999 -9999 -9999 -9999 -9999 -9999 -9999 -9999 -9999 -9999 13.6283570214873 16.0368946812648 8.31311989761889 9.220597948879 9.35566778527573 9.93725698525086 13.7478131433891 -9999 -9999 -9999 -9999 -9999 -9999 11.894999734126 10.5625112044713 16.6880986358571 8.81120486068539 9.60577409118414 9.72436062630732 10.3586618350819 17.4883361890097 11.5435899559525 13.8849996896461 12.8180037079414 14.4104961324483 12.366333798077 10.5249183513224 10.6102633629926 9.85004729265347 10.1421208725078 9.62485121143982 9.58468885300681 9.19549647485837 8.88256476540118 8.71402629697695 8.67601549346 9.11062958650291 8.36475721560419 9.31968900584616 9.41579179209657 9.01524398522452 9.14433728018776 9.24474317627028 9.09700307203457 9.47137362742797 8.11159092048183 7.64470350369811 8.69896541256458 8.81873530289158 9.04536575404927
-9999 -9999 -9999 -9999 -9999 -9999 -9999 -9999 -9999 15.4146379948476 6.29394222876841 10.6223251102492 8.67942212207709 8.98698689732701 9.43981748865917 8.71366770449094 8.64732809457928 8.49528488051146 8.81127657918259 9.15389974648133 13.2071654161535 14.0937582716346 9.06688130320981 8.93707082327455 7.71929074078798 13.3155098079607 -9999 9.65655078720301 9.53018279513344 9.07806938877329 9.43436688287184 9.72228591263826 9.39535202039406 9.5882747778669 13.2231275904924 16.1199996396899 14.113376577033 9.39965513022617 9.58612322295085 9.44340341351926 10.3248237441294 10.1333353566006 9.02026428002864 8.94854578282684 8.91985838394612 8.86893825093284 8.70972318714485 8.72478407155722 8.53759879386052 8.53724020137452 8.94531845045276 8.92021697643213 9.09126559225842 7.35280922008678 7.84981840569526 8.97328866436146 8.9388637857046 8.96217229729518 8.56556900776923 8.7118747420609 9.12353891599923 9.1859340085648
-9999 -9999 -9999 -9999 -9999 -9999 -9999 -9999 13.6689830545763 9.16657001432031 8.95249030017294 8.83092744741589 9.26482435548678 9.25980406068265 8.73410747619346 9.39965513022617 8.72657703398727 8.63388087635394 8.72711492271628 8.68946271168534 8.9908596961759 9.11349832639098 8.8793374330271 8.65718938794453 8.84078874078114 9.00054169329815 8.95452232426032 9.007833073847 8.81084626819938 8.7398449559696 8.85435548983514 9.02743612974882 9.05110323382542 9.09341714717448 9.17374186404049 9.21677296236157 9.39033172558993 9.43910030368716 9.68294319417328 9.35805840184912 10.0558793796226 9.38818017067388 7.99540695501491 8.72836999641731 8.83164463238791 8.62617113790475 8.67673267843202 8.68139438075013 8.6480452795513 8.41782890353352 8.27008879929781 8.87969602551311 8.4927747331094 6.14506972720847 8.66669208882377 9.07477033790201 9.34012877754867 8.94854578282684 9.02600175980479 9.07261878298596 9.27558213006705 9.30068360408768
-9999 -9999 -9999 -9999 -9999 -9999 -9999 -9999 10.5933819321127 9.58468885300681 9.06186100840569 8.83415477978997 8.93348489841446 9.25478376587853 8.78144168434665 8.90730764693581 8.88256476540118 9.05217901128344 9.08337655756623 9.0025139519712 8.99408702854998 8.94962156028487 8.99839013838209 8.97974332910962 8.92452008626424 8.99121828866191 8.915196681628 9.03281501703896 8.94639422791079 8.72514266404323 8.97508162679151 8.94854578282684 8.90623186947778 8.94424267299473 8.99229406611994 8.82949307747185 8.89260535500944 9.24546036124229 8.71474348194897 9.17087312415242 8.95069733774289 9.23183384677395 8.09150974126533 7.76734213391319 8.5885189268738 8.79076508898288 8.7276528114453 8.48345132847317 8.94137393310666 9.03102205460891 9.17732778890058 8.81012908322737 4.86991484696046 8.36977751040831 8.82375559769571 8.75275428546593 9.18306526867673 9.16943875420839 9.07692189281806 9.19956052303314 9.22394481208175 9.28920864453539
12.179479073656 9.40499978978187 -9999 -9999 -9999 -9999 -9999 -9999 15.3279518866912 8.45834985445254 9.03030486963689 8.93420208338648 8.90874201687984 9.51010161591694 9.33008818794042 9.41399882966653 9.18880274845287 9.51117739337496 9.25944546819665 9.16872156923637 9.19740896811709 9.12067017611116 9.18019652878866 9.23721273406409 9.24044006643817 9.23290962423198 9.21677296236157 9.05253760376945 9.03102205460891 9.05253760376945 9.04536575404927 9.03102205460891 9.02026428002864 9.0145268002525 9.02887049969286 8.92631304869428 8.83092744741589 8.93205052847043 9.0941343321465 9.12784202583134 9.1579637946561 9.23039947682992 8.9786675516516 8.47090059146285 8.89475690992549 8.86176640121266 8.95751059497707 8.95141452271491 8.9707785169594 9.20673237275332 8.93563645333052 8.86284217867069 9.02564316731878 8.13167209969833 8.29447308834642 8.32746359705925 9.29279456939548 9.2375713265501 9.08050781767815 8.96217229729518 9.24330880632624 9.11564988130704
9.83283485332504 9.90096742566675 10.0049592466094 10.5517801884562 14.7746747442621 -9999 16.1899624452926 8.8245923134964 8.70924506383017 8.6905982545577 8.83307900233194 9.04357279161923 9.0424970141612 9.04393138410524 9.10202336683869 9.97591325524263 9.75215154397301 9.52874842518941 9.92176578985527 9.51332894829102 9.35160373710096 9.4649189626798 9.44698933837935 9.19740896811709 9.31717885844409 9.313592933584 9.30283515900373 9.31717885844409 9.31215856363997 9.28490553470328 9.32435070816427 9.33008818794042 9.32435070816427 9.29494612431154 8.94926296779886 8.97723318170756 8.80008849361911 8.57704396732152 8.59497359162197 9.17445904901251 9.19669178314507 9.17947934381664 8.93276771344244 9.03819390432909 9.02528457483277 8.7835932392627 9.02815331472084 8.8115634531714 8.79004790401086 7.43241675198078 9.16549423686229 9.07261878298596 8.95607622503303 8.29016997851431 8.32674641208723 9.28311257227324 9.19597459817305 9.30426952894777 9.33510848274454 9.33367411280051 9.09772025700659 9.17445904901251
9.22992135351524 9.74318673182279 9.76470228098333 9.81347085908055 9.06090476177633 8.98990344954655 9.26697591040283 9.49217199161649 9.54739523446187 9.15652942471206 8.94854578282684 9.08481092751026 9.20386363286525 8.94531845045276 9.64493239065632 9.88590654125437 9.77653583302163 9.79410686483607 10.0196615385357 10.0497833073605 9.94901881879196 9.08265937259421 9.10345773678273 9.17732778890058 9.18306526867673 9.21605577738956 9.24330880632624 9.25478376587853 9.26482435548678 9.30857263877988 9.28275397978723 9.31789604341611 9.31574448850006 9.30713826883584 9.30355234397575 8.40420238906518 8.92774741863832 9.02026428002864 9.13214513566345 9.13142795069143 9.12497328594327 9.04608293902129 9.02528457483277 8.94352548802271 9.02887049969286 9.05468915868551 9.00233465572819 8.93133334349841 8.99659717595205 7.02505568787456 8.80439160345122 8.86176640121266 8.95141452271491 9.27486494509503 9.25155643350445 9.04823449393734 9.34407329489477 9.15150912990794 9.37813958106562 9.38029113598168 9.3451490723528 9.41758475452662
9.82279426371679 9.90096742566675 9.75466169137508 9.6800744542852 9.30498671391979 8.84455396188423 9.19238867331296 9.24832910113037 9.33367411280051 9.29709767922759 8.87969602551311 9.22322762710974 9.40933712734841 9.44268622854725 9.27558213006705 9.37849817355163 9.40718557243235 9.46671192510985 9.59939114493318 9.08983122231439 9.02528457483277 9.09556870209053 9.15222631487995 9.14648883510381 9.11349832639098 9.12138736108318 9.16226690448821 9.28131960984319 9.29638049425557 9.34084596252069 9.33080537291244 9.33008818794042 9.36092714173719 9.29853204917163 9.2497634710744 9.28490553470328 9.21820733230561 9.26912746531889 9.23541977163404 9.0862452974543 9.02456738986075 9.07333596795797 8.84096803702414 8.95715200249106 8.68175297323614 8.8832819503732 9.08767966739833 9.08481092751026 8.90910060936585 8.20841089170426 8.73482466116548 9.0941343321465 9.24259162135422 9.11206395644695 9.21175266755745 9.23039947682992 9.25550095085055 9.32004759833217 9.32291633822024 9.43623156379908 9.40610979497433 9.50508132111281
9.96981718298048 10.0824152235873 10.1448103161529 9.54954678937793 9.33008818794042 8.72334970161319 9.33510848274454 9.21175266755745 9.60477003222331 9.24689473118633 9.31502730352804 9.28203679481521 9.81956693134271 9.60871454956941 9.6840189716313 9.25083924853243 9.19095430336893 9.40467542503029 9.19454022822902 9.07190159801394 9.14362009521574 9.09341714717448 9.10130618186668 9.14146854029968 9.15509505476803 9.21892451727763 9.30068360408768 9.37240210128948 9.37240210128948 9.39893794525415 9.41113008977845 8.80295723350719 9.34873499721289 9.35518966196105 9.32721944805235 9.25478376587853 9.2576525057666 9.21533859241754 9.11780143622309 9.02528457483277 8.95858637243509 8.8036744184792 8.66310616396368 8.65234838938341 8.72191533166915 8.92416149377823 8.98440503142774 8.60071107139811 7.7479781396687 8.88830224517733 9.00520339561626 9.1221045460552 9.20458081783727 9.13142795069143 9.17230749409646 9.23541977163404 9.38961454061791 9.43336282391101 9.42332223430276 9.37527084117755 9.46850488753989 9.24832910113037
9.93610948929563 9.4964751014486 8.82375559769571 10.2100741486065 9.82638018857688 9.831400483381 9.80701619433239 9.92822045460343 9.90240179561079 9.78693501511589 9.62915432127193 9.43802452622913 10.0601824894547 9.58397166803479 9.77689442550763 9.41543319961056 9.38638720824383 9.37168491631746 9.49002043670043 9.35949277179316 9.48428295692429 9.45416118809953 9.43623156379908 9.37957395100966 9.39893794525415 9.35016936715692 9.36307869665325 9.39391765045002 9.41256445972249 8.96002074237913 9.43838311871514 9.46348459273577 9.42834252910689 9.3810083209537 9.36020995676517 9.25191502599046 9.16441845940426 9.02600175980479 8.955000447575 8.88471632031724 8.77283546468243 8.66525771887973 8.87754447059706 8.94639422791079 8.99731436092407 8.93133334349841 8.93563645333052 9.10740225412883 7.8871120242402 8.95643481751904 9.10776084661484 9.03604234941304 8.96504103718325 8.83236181735992 9.18163089873269 9.18091371376067 9.39535202039406 9.38746298570186 9.48786888178438 9.4606158528477 9.51727346563712 8.99659717595205
10.34992521815 10.3126315996051 9.63704335596412 10.0106967263855 9.99420147202909 10.1864070445299 10.1010620328598 10.3198034493253 10.1648914953694 10.0415356801823 9.94758444884792 10.0752433738671 9.95368052111007 10.0745261888951 10.0479903449304 10.0218130934518 9.74462110176682 9.84215825796127 9.52803124021739 9.25980406068265 9.22466199705377 9.21749014733359 9.54094056971371 9.53807182982564 9.47352518234402 9.39606920536608 9.41901912447065 9.4448377834633 9.43981748865917 9.47997984709218 9.06329537834972 9.5244453153573 9.43121126899496 9.41256445972249 9.35016936715692 9.20529800280929 9.14577165013179 9.15868097962812 9.1658528293483 8.86248358618468 8.96862696204334 9.10489210672677 8.99444562103599 9.07620470784605 8.80152286356315 8.84598833182827 7.80535293743014 9.17374186404049 8.59425640664995 9.12353891599923 8.98081910656765 8.93922237819061 8.81514937803149 9.33295692782849 9.41758475452662 9.40395824005827 10.3936735014431 10.1985991890542 10.0336466454901 10.0185857610777 9.35518966196105 9.97412029281259
10.4955137674697 10.2638630215079 10.2237006630749 10.0092623564415 10.1548509057611 9.990615547169 10.0185857610777 9.86869410192594 9.96623125812039 9.91315957019106 9.74246954685077 9.67003386467695 9.81418804405257 9.83821374061517 9.65389720280655 9.92750326963142 9.79482404980808 9.70732748322189 9.06006804597564 9.00843072799034 8.92846460361034 9.33008818794042 9.45702992798761 9.41973630944267 9.40395824005827 9.54524367954582 9.55815300904214 9.62915432127193 9.67935726931319 9.67146823462099 9.65855890512466 9.59472944261506 9.56604204373434 9.57464826339856 9.37527084117755 9.44053467363119 9.43910030368716 9.47209081239998 9.32721944805235 8.95571763254702 9.13071076571941 9.11636706627905 9.12712484085932 8.93922237819061 8.58995329681784 9.17661060392857 9.0944929246325 8.74845117563382 8.71474348194897 9.01954709505662 9.29566330928355 9.30319375148974 9.55851160152815 9.83821374061517 9.7596819861792 10.2222662931308 18.0347947938544 18.3049995908514 -9999 -9999 -9999 -9999
10.3563798828982 10.2158116283827 10.110385437496 10.1024964028038 10.0501418998465 9.97985777258873 9.81777396891266 9.73673206707463 9.65855890512466 9.68868067394942 9.53161716507748 9.50436413614079 9.86510817706585 9.32614367059432 9.1299935807474 9.39965513022617 9.41758475452662 9.41256445972249 9.46993925748393 9.22502058953978 9.72705006995238 9.37849817355163 9.51870783558115 9.29530471679755 9.34263892495073 9.66501356987283 9.74031799193472 9.62700276635587 9.7317117722705 9.68652911903337 9.79482404980808 9.71951962774619 9.7596819861792 9.58468885300681 9.49504073150456 9.61696217674762 9.70732748322189 7.00138858379796 9.08050781767815 8.59067048178986 8.81228063814342 8.8194524878636 8.7276528114453 8.52182072447613 9.14146854029968 8.20482496684417 8.83307900233194 8.93205052847043 9.28992582950741 9.60118410736322 9.82996611343697 9.93826104421169 9.89702290832065 9.54906866606325 15.0805920431763 -9999 -9999 -9999 -9999 -9999 -9999 -9999
9.68939785892144 9.77259131567553 10.2437818422914 10.1778008248657 9.87012847186998 9.7754600555636 9.85865351231769 9.93754385923967 10.0465559749864 9.76326791103929 9.91531112510711 9.63417461607605 9.94579148641787 10.0372325703502 9.09987181192264 9.35518966196105 9.3731192862615 9.4247566042468 9.56353189633228 9.31144137866795 9.71198918554001 9.48571732686833 8.52217931696214 8.83415477978997 9.15294349985197 9.2458189537283 9.57034515356645 9.72716960078105 9.97135400792052 15.6549996500835 13.2599997036159 13.7132358629256 15.1765495613217 14.5399996750057 -9999 16.4749996317551 9.46276740776375 9.3770638036076 9.07369456044398 9.30175938154571 8.79506819881499 8.88973661512136 8.83594774222001 9.44842370832339 9.28454694221728 9.07763907779008 9.46348459273577 9.54237493965775 9.22035888722166 9.35877558682114 9.2296822918579 9.65855890512466 9.25263221096247 -9999 -9999 -9999 -9999 -9999 -9999 -9999 -9999 -9999
10.4338358598761 9.91817986499518 10.2882473105565 10.271034871228 10.1864070445299 10.1333353566006 10.0917386282235 10.1577196456492 10.2473677671514 9.78621783014387 9.73673206707463 9.60620440216735 9.96694844309241 9.66608934733085 9.64062928082421 9.61122469697148 9.40754416491836 9.72525710752234 9.4251151967328 9.49037902918644 9.45416118809953 9.65820031263866 9.12389750848524 8.82016967283562 9.27092042774893 9.66716512478888 9.50328835868277 9.5681935986504 9.5326929425355 -9999 -9999 -9999 -9999 -9999 16.3799996338785 9.75925167519599 9.02528457483277 9.70804466819391 8.87467573070899 8.15533920377493 8.81228063814342 8.76638079993427 9.25083924853243 9.28777427459136 9.28849145956337 9.26482435548678 9.75609606131911 9.54667804948986 8.91985838394612 9.5323343500495 10.4453108194284 9.76972257578745 12.8573909720568 -9999 -9999 -9999 -9999 -9999 -9999 -9999 -9999 -9999
10.4539170390926 10.4718466633931 10.3771782470867 10.2789239059202 10.2502365070395 10.2954191602767 10.2437818422914 10.2172459983267 10.1577196456492 9.76470228098333 9.66716512478888 9.52372813038528 9.76470228098333 9.61409343685955 9.67612993693911 9.47854547714815 9.34228033246472 9.45559555804357 9.40395824005827 13.0468594618142 12.0883815903217 8.78615461416276 8.78263699263334 9.52946561016142 9.60692158713937 9.60728017962538 9.75274919811636 9.65640735020861 9.72884303238243 15.8449996458367 -9999 -9999 -9999 -9999 -9999 18.4799995869398 10.9688558490016 9.29494612431154 9.37096773134544 8.69466230273247 9.70732748322189 8.89977720472962 9.53018279513344 9.2418744363822 9.32219915324822 9.29279456939548 9.87335580424406 9.83247626083903 9.71019622310996 10.8247016696259 10.905026386492 11.785012347158 11.0950804040767 14.246309788432 8.93973336886446 21.5634336497468 -9999 -9999 -9999 -9999 -9999 -9999
10.4603717038408 10.4775841431692 10.4410077095963 10.3821985418908 10.3994109812193 10.3606829927303 10.2760551660322 10.4252296402119 10.108951067552 10.2000335589983 9.9748374777846 9.76470228098333 9.41650897706859 9.0823007801082 8.80833612079732 8.74916836060584 9.57106233853847 9.87228002678603 9.14433728018776 9.01237524533644 9.46671192510985 9.54990538186394 9.49145480664447 10.0475122216158 10.2834660774097 10.4190140371211 10.3967813029885 10.3867407133803 10.309404267231 10.2125842960086 15.8872363874297 24.7149994475767 -9999 -9999 -9999 -9999 14.7678588373298 10.6154629540397 10.0030467533506 9.45774711295962 9.3943957737647 9.67290260456502 10.1132541773841 10.0634098218288 11.145283352118 11.1352427625097 10.3007980475668 10.5751212993637 10.4897762876935 10.4019211286213 10.4797356980853 11.7677999078296 14.1122775813565 9.86999977938831 -9999 -9999 -9999 -9999 -9999 -9999 -9999 -9999
10.5177465016022 10.5378276808187 10.427381195128 10.3535111430101 10.3915219465271 10.3284096689895 10.3743095071986 10.2072054087184 10.1175572872162 10.031495090574 9.90742209041491 9.85004729265347 9.49109621415846 9.78478346019983 9.3412045550067 9.03747671935707 9.78478346019983 9.70015563350171 9.41782381618395 9.313234341098 9.76374603435397 9.353396699531 9.29781486419961 9.69943844852969 9.81562241399661 9.4649189626798 10.1921445243061 10.2427060648333 10.2229834781028 11.3001953060739 15.7334499732516 -9999 -9999 -9999 -9999 -9999 -9999 -9999 -9999 -9999 -9999 -9999 -9999 -9999 -9999 -9999 12.9184036646038 10.1627399404533 10.681025613565 10.5100965285674 15.2561876117252 21.2299995254725 -9999 -9999 -9999 -9999 -9999 -9999 -9999 -9999 -9999 -9999
10.588747813832 10.0092623564415 10.4553514090367 10.4388561546803 10.5328073860146 10.4596545188688 10.4761497732252 10.4367045997642 10.3628345476463 10.310480044689 10.1132541773841 9.96909999800846 9.77976316539571 9.54739523446187 9.61983091663569 9.31861322838813 9.31574448850006 9.60739971045405 9.6040528472513 9.59688099753112 9.6280785438139 9.53018279513344 9.6442152056843 9.23900569649413 11.2597996876515 15.5549996523187 10.6444730861578 10.4191335679498 10.3735923222266 10.5787072242238 10.8299012606731 15.0979100278552 20.2385368109681 -9999 -9999 -9999 -9999 -9999 -9999 -9999 -9999 -9999 -9999 -9999 -9999 -9999 -9999 -9999 -9999 -9999 -9999 -9999 -9999 -9999 -9999 -9999 -9999 -9999 -9999 -9999 -9999 -9999
10.6812646752223 10.5543229351752 10.5213324264623 10.507705911994 10.5335245709866 10.549302640371 10.5392620507628 10.549302640371 10.5313730160706 10.4331186749041 10.389370391611 10.10823388258 9.71700948034413 9.42834252910689 9.82494581863284 9.32470930065028 9.27665790752508 9.56460767379031 9.51799065060914 9.53556168242358 10.2947019753046 10.1347697265446 9.83749655564316 10.0949659605976 10.2423474723473 10.3685720274225 10.3986937962472 10.2427060648333 10.3951078713872 10.5173879091162 10.0053178390954 14.2423271229491 -9999 -9999 -9999 -9999 -9999 -9999 -9999 -9999 -9999 -9999 -9999 -9999 -9999 -9999 -9999 -9999 -9999 -9999 -9999 -9999 -9999 -9999 -9999 -9999 -9999 -9999 -9999 -9999 -9999 -9999
10.6511429063976 10.6877193399705 11.0226447219029 10.9552293345332 10.6647694208659 10.66620379081 10.6131321028806 10.6346476520412 10.66620379081 10.6081118080765 10.469695108477 10.230155327823 9.54345071711577 9.39176609553397 9.23219243925996 9.16083253454417 9.37885676603764 9.63811913342215 9.45129244821146 9.50938443094492 9.65282142534852 9.70302437338978 9.74999998905696 10.6927396347746 10.1985991890542 10.2050538538024 10.0648441917729 10.6898708948866 10.7138965914492 10.5503784178291 10.6355441332562 14.4533348947996 19.1381763467798 -9999 -9999 -9999 -9999 -9999 -9999 -9999 -9999 -9999 -9999 -9999 -9999 -9999 -9999 -9999 -9999 -9999 -9999 -9999 -9999 -9999 -9999 -9999 -9999 -9999 -9999 -9999 -9999 -9999
10.6367992069572 11.4278542310931 11.3690450633876 10.1182744721882 10.6425366867334 10.6073946231045 10.6712240856141 10.6195867676288 10.5744041143917 10.6253242474049 10.34992521815 10.5528885652311 10.2774895359762 10.2452162122354 9.8830378013663 9.46671192510985 9.41722616204061 9.73099458729848 9.62269965652376 9.5603045639582 9.57285530096851 10.3606829927303 10.6210211375728 10.7508316175081 9.70876185316592 10.2929090128746 10.0666371542029 10.6705069006421 10.8763389876112 10.4237952702679 10.5606341629289 15.8148747049272 14.1449634766554 -9999 -9999 -9999 -9999 -9999 -9999 -9999 -9999 -9999 -9999 -9999 -9999 -9999 -9999 -9999 -9999 -9999 -9999 -9999 -9999 -9999 -9999 -9999 -9999 -9999 -9999 -9999 -9999 -9999
