EcologicalScience/Bass/data/rs_data_bass/sst_79.asc
NCOLS 226 
NROWS 124 
XLLCORNER -9.41648524995501 
YLLCORNER 47.587301625531 
CELLSIZE 0.0833 
NODATA_value -9999 
[rows 0 to 26 of 124, columns 0 to 61 of 226]
-9999.000000000000000 -9999 -9999 -9999 -9999 -9999 -9999 -9999 -9999 -9999 -9999 -9999 -9999 -9999 -9999 -9999 -9999 -9999 -9999 -9999 -9999 -9999 -9999 -9999 -9999 -9999 -9999 -9999 -9999 -9999 -9999 -9999 -9999 -9999 -9999 -9999 -9999 -9999 -9999 -9999 -9999 -9999 -9999 -9999 -9999 -9999 -9999 -9999 -9999 -9999 -9999 -9999 -9999 -9999 -9999 -9999 -9999 -9999 -9999 -9999 -9999 -9999
-9999 -9999 -9999 -9999 -9999 -9999 -9999 -9999 -9999 -9999 -9999 -9999 -9999 -9999 -9999 -9999 -9999 -9999 -9999 -9999 -9999 -9999 -9999 -9999 -9999 -9999 -9999 -9999 -9999 -9999 -9999 -9999 -9999 -9999 -9999 -9999 -9999 -9999 -9999 -9999 -9999 -9999 -9999 -9999 -9999 -9999 -9999 -9999 -9999 -9999 -9999 -9999 -9999 -9999 -9999 -9999 -9999 -9999 -9999 -9999 -9999 -9999
-9999 -9999 -9999 -9999 -9999 -9999 -9999 -9999 -9999 -9999 -9999 -9999 -9999 -9999 -9999 -9999 -9999 -9999 -9999 -9999 -9999 -9999 -9999 -9999 -9999 -9999 -9999 -9999 -9999 -9999 -9999 -9999 -9999 -9999 -9999 -9999 -9999 -9999 -9999 -9999 -9999 -9999 -9999 -9999 -9999 -9999 -9999 -9999 -9999 -9999 -9999 -9999 -9999 -9999 -9999 -9999 -9999 -9999 -9999 -9999 -9999 -9999
-9999 -9999 -9999 -9999 -9999 -9999 -9999 -9999 -9999 -9999 -9999 -9999 -9999 -9999 -9999 -9999 -9999 -9999 -9999 -9999 -9999 -9999 -9999 -9999 -9999 -9999 -9999 -9999 -9999 -9999 -9999 -9999 -9999 -9999 -9999 -9999 -9999 -9999 -9999 -9999 -9999 -9999 -9999 -9999 -9999 -9999 -9999 -9999 -9999 -9999 -9999 -9999 -9999 -9999 -9999 -9999 -9999 -9999 -9999 -9999 -9999 -9999
-9999 -9999 -9999 -9999 -9999 -9999 -9999 -9999 -9999 -9999 -9999 -9999 -9999 -9999 -9999 -9999 -9999 -9999 -9999 -9999 -9999 -9999 -9999 -9999 -9999 -9999 -9999 -9999 -9999 -9999 -9999 -9999 -9999 -9999 -9999 -9999 -9999 -9999 -9999 -9999 -9999 -9999 -9999 -9999 -9999 -9999 -9999 -9999 -9999 -9999 -9999 -9999 -9999 -9999 -9999 -9999 -9999 -9999 -9999 -9999 -9999 -9999
-9999 -9999 -9999 -9999 -9999 13.3199997022748 13.2599997036159 13.2849997030571 12.8849997119978 13.0249997088686 13.6199996955693 13.6199996955693 13.3324997019954 13.7199996933341 13.509999698028 13.3074997025542 13.0249997088686 13.1249997066334 13.1249997066334 13.0149997090921 13.4799996986985 13.4799996986985 13.5649996967986 13.034999708645 13.0799997076392 10.4367305359517 13.2599997036159 13.1774997054599 13.2524997037835 13.179999705404 13.1699997056276 13.26249970356 11.1144825101926 12.3613068143013 12.3249997245148 6.93957678770923 12.0126106870685 12.2299997266382 12.4317238600603 12.9677774879254 12.6774997166358 12.8512497127522 12.8799997121096 13.2166663712511 -9999 -9999 -9999 -9999 -9999 -9999 -9999 -9999 -9999 -9999 -9999 -9999 -9999 -9999 -9999 -9999 -9999 -9999
-9999 -9999 -9999 -9999 -9999 13.3624997013249 13.3899997007102 13.4199997000396 13.4249996999279 11.644999739714 11.644999739714 13.3633330346396 13.4424996995367 13.5166663645456 13.5566663636516 13.3266663687925 13.2449997039512 13.2999997027218 13.324999702163 13.1549997059628 13.5349996974692 13.6399996951222 13.489999698475 13.4149997001514 14.2752937985694 9.88739977899939 13.0874997074716 13.2299997042865 13.3124997024424 13.3549997014925 13.3699997011572 13.1924997051246 13.7899996917695 13.3949997005984 12.213499727007 12.4099997226149 12.0099997315556 -9999 10.3078649381406 12.2178568697668 12.9219997111708 13.000999709405 12.369999723509 12.369999723509 13.6488232243368 12.5392854340108 -9999 -9999 -9999 -9999 -9999 -9999 -9999 -9999 -9999 -9999 -9999 -9999 -9999 -9999 -9999 -9999
-9999 -9999 -9999 -9999 -9999 13.0924997073598 13.1974997050129 13.4887496985029 13.158749705879 13.4949996983632 13.3112497024704 13.0174997090362 12.9774997099303 13.6287496953737 13.2799997031689 13.2899997029454 13.324999702163 13.324999702163 13.3199997022748 13.3349997019395 13.4399996995926 13.6399996951222 13.6049996959046 13.5649996967986 13.5749996965751 11.6383330731963 13.1499997060746 13.1649997057393 13.2074997047894 13.3074997025542 13.4399996995926 13.7349996929988 13.8099996913224 13.5374996974133 13.5699996966869 13.6324996952899 11.8837684514964 12.3099997248501 12.0549997305498 12.4433224844391 12.2515767109901 12.9679997101426 12.9699997100979 12.9862497097347 12.9549997104332 11.0824997522868 -9999 -9999 -9999 -9999 -9999 -9999 -9999 -9999 -9999 -9999 -9999 -9999 -9999 -9999 -9999 -9999
-9999 -9999 -9999 -9999 -9999 13.2524997037835 10.7799997590482 10.7799997590482 12.9699997100979 12.9699997100979 13.1199997067451 13.2399997040629 13.1049997070804 13.3349997019395 13.6649996945634 13.5124996979721 13.5599996969104 13.2149997046217 13.2599997036159 13.2449997039512 13.2899997029454 13.4249996999279 12.9799997098744 13.0799997076392 12.1089997293428 13.0574997081421 13.0774997076951 13.1099997069687 13.5549996970221 13.5549996970221 13.5049996981397 13.2099997047335 13.469999698922 13.5999996960163 13.5599996969104 13.5887496962678 13.3899997007102 13.2299997042865 11.8219007727313 11.7823024923662 12.0058500719225 12.4042446309638 12.0570019510669 11.8117030420319 11.4332044190581 11.0910711806667 9.33499979134649 -9999 -9999 -9999 -9999 -9999 -9999 -9999 -9999 -9999 -9999 -9999 -9999 -9999 -9999 -9999
-9999 -9999 -9999 -9999 -9999 13.0599997080863 13.3499997016042 13.3849997008219 13.1899997051805 13.1399997062981 13.1199997067451 13.1733330388864 13.6449996950105 13.6649996945634 13.5999996960163 13.6949996938929 13.5999996960163 13.6599996946752 12.9824997098185 13.1449997061864 13.074999707751 13.034999708645 12.929999710992 12.9749997099862 13.0524997082539 12.1912497275043 13.4949996983632 13.5499996971339 13.5449996972457 13.5399996973574 13.3349997019395 13.3349997019395 13.2399997040629 13.469999698922 13.509999698028 13.5049996981397 13.5749996965751 13.5749996965751 13.9814282589193 13.7712496921886 13.8724996899255 14.2098481672336 10.8869053861231 13.4499996993691 13.8039212600858 14.2025846101467 12.0949997296557 -9999 -9999 -9999 -9999 -9999 -9999 -9999 -9999 -9999 -9999 -9999 -9999 -9999 -9999 -9999
-9999 -9999 -9999 -9999 -9999 13.7249996932223 12.6999997161329 13.3299997020513 13.2949997028336 13.21999970451 13.3049997026101 13.2174997045659 13.4999996982515 13.5249996976927 13.5299996975809 13.5849996963516 13.3299997020513 13.3049997026101 12.972499710042 12.9749997099862 12.8999997116625 12.2099997270852 12.2099997270852 12.8199997134507 12.639999717474 13.5549996970221 13.634999695234 13.799999691546 13.7449996927753 13.7249996932223 13.8649996900931 13.5674996967427 13.4499996993691 13.4849996985868 13.4024997004308 13.5624996968545 13.5249996976927 13.5249996976927 13.4937496983912 13.5224996977486 13.5962496961001 13.4629996990785 13.4569996992126 13.418999700062 12.254355516719 12.039999730885 -9999 -9999 -9999 -9999 -9999 -9999 -9999 -9999 -9999 -9999 -9999 -9999 -9999 -9999 -9999 -9999
-9999 -9999 -9999 -9999 -9999 13.5674996967427 13.4624996990897 13.4224996999837 13.5124996979721 13.2749997032806 13.3049997026101 13.3899997007102 13.4449996994808 13.4399996995926 13.6899996940047 13.6049996959046 13.489999698475 13.6299996953458 13.6099996957928 13.117499706801 13.0933330406745 13.0699997078627 13.0566663748274 13.6849996941164 13.6699996944517 13.7899996917695 13.8899996895343 13.8199996910989 13.3199997022748 13.3599997013807 13.5499996971339 13.5999996960163 13.5999996960163 13.4849996985868 13.6449996950105 13.7249996932223 13.8399996906519 13.634999695234 13.634999695234 13.6687496944796 13.841249690624 13.9124996890314 13.74299969282 13.2124997046776 12.3527840164364 12.5030716593178 12.2549997260794 -9999 -9999 -9999 -9999 -9999 -9999 -9999 -9999 -9999 -9999 -9999 -9999 -9999 -9999 -9999
-9999 -9999 -9999 -9999 -9999 13.6387496951502 13.2799997031689 13.4549996992573 12.9049997115508 13.4249996999279 13.4649996990338 13.4649996990338 13.4949996983632 13.6649996945634 13.6599996946752 13.6399996951222 13.3116663691277 13.1824997053482 13.1099997069687 13.0774997076951 13.0449997084215 12.9587497103494 12.5874997186475 13.7099996935576 13.9899996872991 14.0249996865168 13.8449996905401 13.8299996908754 13.8199996910989 13.8299996908754 13.7699996922165 13.75999969244 13.6249996954575 13.6299996953458 13.6649996945634 13.8699996899813 13.6399996951222 13.4349996997043 13.5599996969104 12.7099997159094 13.7299996931106 13.8029996914789 13.8439996905625 14.0949996849522 11.8971791536383 12.1299997288734 -9999 -9999 -9999 -9999 -9999 -9999 -9999 -9999 -9999 -9999 -9999 -9999 -9999 -9999 -9999 -9999
-9999 -9999 -9999 -9999 -9999 13.131666373151 13.3349997019395 13.3699997011572 13.4749996988103 13.2299997042865 13.4549996992573 13.5449996972457 13.5599996969104 13.7099996935576 13.779999691993 13.654999694787 13.808333024693 13.074999707751 13.074999707751 13.1549997059628 12.8269997132942 12.8049997137859 13.6216663621987 13.344999701716 13.5449996972457 13.6949996938929 13.6999996937811 13.8599996902049 13.8249996909872 13.7649996923283 13.6949996938929 13.799999691546 13.8299996908754 13.7499996926636 13.7099996935576 13.8049996914342 13.6799996942282 13.489999698475 12.9949997095391 13.2099997047335 13.2099997047335 13.3749997010455 13.3749997010455 12.1627904258149 11.8749997345731 -9999 -9999 -9999 -9999 -9999 -9999 -9999 -9999 -9999 -9999 -9999 -9999 -9999 -9999 -9999 -9999 -9999
-9999 -9999 -9999 -9999 -9999 14.049999685958 13.8299996908754 13.779999691993 13.6199996955693 13.5299996975809 13.5549996970221 13.6299996953458 13.634999695234 13.799999691546 13.8299996908754 13.6849996941164 13.7849996918812 13.4149997001514 13.4049997003749 13.4649996990338 12.8324997131713 12.9074997114949 14.2499996814877 14.2099996823817 13.9199996888638 14.0199996866286 13.8599996902049 13.799999691546 13.8599996902049 13.8099996913224 13.8849996896461 13.9299996886402 13.8549996903166 13.6999996937811 13.6999996937811 13.6683330278223 13.8599996902049 13.8899996895343 13.7849996918812 13.3007139884202 12.6228944546984 11.3864685160506 11.6831295155935 11.7458440189386 11.7646001792366 11.6999692287095 -9999 -9999 -9999 -9999 -9999 -9999 -9999 -9999 -9999 -9999 -9999 -9999 -9999 -9999 -9999 -9999
-9999 -9999 -9999 -9999 -9999 13.2399997040629 13.2249997043982 13.3099997024983 13.4349996997043 13.5549996970221 13.6249996954575 13.6949996938929 13.799999691546 13.8449996905401 13.8099996913224 13.9149996889755 13.8299996908754 13.6699996944517 13.5649996967986 13.6299996953458 13.0399997085333 13.6799996942282 14.1899996828288 14.3249996798113 14.2999996803701 14.234999681823 13.904999689199 13.848333023799 13.8899996895343 13.8899996895343 14.0549996858463 14.0799996852875 14.0849996851757 13.6183330289399 12.6799997165799 14.4049996780232 14.4049996780232 13.7979996915907 13.5649996967986 13.3321736150462 13.8702854042607 13.8171425483056 11.2861437534108 -9999 -9999 -9999 -9999 13.2249997043982 13.2249997043982 -9999 -9999 -9999 -9999 -9999 -9999 -9999 -9999 -9999 -9999 -9999 -9999 -9999
-9999 -9999 -9999 -9999 -9999 13.5349996974692 12.6899997163564 13.3599997013807 13.0899997074157 13.6849996941164 13.509999698028 13.4299996998161 13.509999698028 13.5899996962398 13.5299996975809 13.7499996926636 13.8049996914342 13.7949996916577 13.8199996910989 13.8799996897578 13.7749996921048 13.7399996928871 13.9224996888079 13.9199996888638 14.194999682717 14.1849996829405 14.0999996848404 14.1599996834993 14.0249996865168 14.0399996861815 14.2049996824935 14.1249996842816 13.5766663632045 14.2849996807054 14.1899996828288 14.1899996828288 14.1849996829405 13.8849996896461 13.7519996926188 -9999 -9999 -9999 -9999 -9999 -9999 -9999 -9999 -9999 -9999 -9999 -9999 -9999 -9999 -9999 -9999 -9999 -9999 -9999 -9999 -9999 -9999 -9999
-9999 -9999 -9999 -9999 -9999 12.9899997096509 12.6749997166917 12.7949997140095 13.054999708198 13.199999704957 13.2649997035041 13.1949997050688 13.1899997051805 13.3099997024983 13.4299996998161 13.4749996988103 13.7549996925518 13.9799996875226 14.0199996866286 13.9949996871874 14.0099996868521 14.0649996856228 13.3599997013807 13.8849996896461 13.8999996893108 13.9199996888638 14.1199996843934 13.944999688305 13.8249996909872 13.8599996902049 13.8699996899813 13.75999969244 14.0149996867403 14.2099996823817 14.1899996828288 14.2049996824935 14.2649996811524 14.3199996799231 14.2999996803701 14.3449996793643 11.6199997402728 -9999 -9999 -9999 -9999 -9999 -9999 -9999 -9999 -9999 -9999 -9999 -9999 -9999 -9999 -9999 -9999 -9999 -9999 -9999 -9999 -9999
-9999 -9999 -9999 -9999 -9999 12.6249997178093 12.5299997199327 12.7749997144565 12.7449997151271 12.8449997128919 13.0399997085333 12.9249997111037 12.9999997094274 13.2299997042865 13.5749996965751 13.6699996944517 13.4949996983632 13.6799996942282 13.7249996932223 13.6499996948987 13.1399997062981 12.7349997153506 13.904999689199 13.9349996885285 13.9749996876344 14.0449996860698 14.0949996849522 14.1149996845052 14.069999685511 14.1299996841699 14.2599996812642 14.2449996815994 14.1849996829405 14.1349996840581 14.2399996817112 14.3649996789172 14.1699996832758 13.9899996872991 14.1149996845052 11.7887232888056 11.6075077698608 -9999 -9999 13.4052699706391 12.7699997145683 12.7299997154623 -9999 -9999 -9999 -9999 -9999 -9999 -9999 -9999 -9999 -9999 -9999 -9999 -9999 -9999 -9999 -9999
-9999 -9999 -9999 -9999 -9999 12.3399997241795 12.8699997123331 13.4499996993691 13.3599997013807 13.2699997033924 13.0399997085333 13.3149997023866 13.2949997028336 13.3699997011572 13.5149996979162 13.509999698028 13.4249996999279 13.5599996969104 13.4549996992573 13.2699997033924 13.21999970451 13.3149997023866 13.7949996916577 13.6749996943399 13.6999996937811 13.5999996960163 13.6649996945634 13.7099996935576 13.6849996941164 14.2399996817112 14.4449996771291 14.359999679029 14.1299996841699 14.1599996834993 14.1799996830523 14.2199996821582 14.0399996861815 13.7574996924959 13.9099996890873 14.0349996862933 14.1699996832758 14.2249996820465 14.2299996819347 14.2099996823817 14.2099996823817 14.0999996848404 -9999 -9999 -9999 -9999 -9999 -9999 -9999 -9999 -9999 -9999 -9999 -9999 -9999 -9999 -9999 -9999
-9999 -9999 -9999 -9999 -9999 13.9283330220108 14.1299996841699 14.1299996841699 13.8699996899813 13.8299996908754 13.6649996945634 13.6449996950105 13.6899996940047 13.7499996926636 13.7499996926636 13.6049996959046 13.5749996965751 13.4549996992573 13.2799997031689 13.2149997046217 13.2499997038394 13.7949996916577 14.2249996820465 13.9549996880814 13.9099996890873 14.1649996833876 14.3699996788055 14.3899996783584 14.3549996791407 14.1199996843934 14.1499996837229 14.1299996841699 14.1799996830523 14.1999996826053 14.1499996837229 13.9649996878579 13.9299996886402 14.1049996847287 14.0199996866286 14.089999685064 14.1699996832758 14.1549996836111 14.1149996845052 14.1699996832758 13.6739996943623 13.5608692621083 -9999 -9999 -9999 -9999 -9999 -9999 -9999 -9999 -9999 -9999 -9999 -9999 -9999 -9999 -9999 -9999
-9999 -9999 -9999 -9999 -9999 13.5549996970221 13.924999688752 13.9349996885285 13.9149996889755 13.8649996900931 13.6899996940047 13.7099996935576 13.7749996921048 13.779999691993 13.6899996940047 13.5949996961281 13.6249996954575 13.3999997004867 12.9249997111037 12.7399997152388 13.7149996934459 13.7399996928871 13.654999694787 13.3949997005984 13.6399996951222 13.634999695234 12.9649997102097 14.2099996823817 14.0599996857345 13.9749996876344 13.8499996904284 13.8699996899813 14.3849996784702 14.3649996789172 14.3899996783584 14.1749996831641 14.049999685958 14.1699996832758 14.2099996823817 13.808333024693 13.6133330290516 13.6716663610811 13.7499996926636 13.6662496945355 13.4999996982515 13.5749996965751 13.1419997062534 -9999 -9999 -9999 -9999 -9999 -9999 -9999 10.9150669761002 -9999 -9999 -9999 -9999 -9999 -9999 -9999
-9999 -9999 -9999 -9999 -9999 14.1099996846169 13.8149996912107 13.8399996906519 13.8499996904284 13.7774996920489 13.4499996993691 13.6999996937811 13.779999691993 13.8399996906519 13.7399996928871 13.6599996946752 13.5749996965751 13.7099996935576 13.7049996936694 13.5249996976927 13.3999997004867 13.1549997059628 13.8149996912107 13.2049997048452 12.5399997197092 12.1649997280911 12.9199997112155 12.5899997185916 13.034999708645 13.634999695234 13.5149996979162 13.7699996922165 14.3949996782467 14.339999679476 13.9599996879697 14.7499996703118 14.1749996831641 14.1749996831641 13.7109996935353 14.7399996705353 14.7399996705353 13.7709996921942 13.8907139752326 12.9188458650874 13.5324996975251 13.3774997009896 11.2048097047955 -9999 -9999 -9999 -9999 -9999 -9999 -9999 -9999 -9999 -9999 -9999 -9999 -9999 -9999 -9999
-9999 -9999 -9999 -9999 -9999 14.069999685511 13.9599996879697 13.9149996889755 13.7899996917695 13.6849996941164 13.6249996954575 13.5399996973574 13.4999996982515 13.7149996934459 13.8749996898696 13.9899996872991 13.8549996903166 13.634999695234 13.4949996983632 13.6949996938929 12.9399997107685 13.0799997076392 13.8049996914342 12.5699997190386 12.619999717921 11.8799997344613 12.3799997232854 12.2749997256324 12.1349997287616 12.2699997257441 12.3349997242913 14.0399996861815 14.7499996703118 12.9449997106567 12.3249997245148 12.349999723956 13.9974996871315 13.2299997042865 13.2899997029454 13.6083330291634 13.4966663649927 13.5521425542289 14.2699996810406 14.2699996810406 13.155555261506 12.2916663919265 -9999 8.56798226463102 8.56798226463102 15.1914282318737 -9999 -9999 -9999 11.1853701203579 11.3173145618531 -9999 -9999 -9999 -9999 -9999 -9999 -9999
-9999 -9999 -9999 -9999 -9999 13.614999695681 14.0249996865168 13.9349996885285 13.9649996878579 13.9599996879697 13.944999688305 13.7149996934459 13.034999708645 13.034999708645 13.4049997003749 13.3399997018278 13.509999698028 13.7349996929988 13.7199996933341 13.8199996910989 13.6449996950105 13.6699996944517 14.379999678582 12.5499997194856 12.0249997312203 12.8249997133389 13.7399996928871 13.2349997041747 12.6799997165799 13.5349996974692 13.5949996961281 14.4899996761233 13.7699996922165 13.2149997046217 13.2299997042865 13.9616663545991 13.9799996875226 13.8266663576166 13.8166663578401 -9999 -9999 13.1099997069687 13.3419997017831 13.3679997012019 13.3909997006878 13.3611360649917 -9999 12.8694227892691 12.8694227892691 -9999 -9999 -9999 12.7569227917836 12.6899997163564 12.4336360857229 -9999 -9999 -9999 -9999 -9999 -9999 -9999
-9999 -9999 -9999 -9999 -9999 14.1599996834993 14.0649996856228 14.2199996821582 14.2599996812642 14.0399996861815 14.0099996868521 13.9949996871874 14.3699996788055 14.2049996824935 13.5949996961281 13.5849996963516 13.5649996967986 14.2799996808171 14.3149996800348 14.3174996799789 14.3074996802025 14.7149996710941 14.7149996710941 13.2899997029454 12.5299997199327 12.4599997214973 12.4449997218326 14.194999682717 14.2649996811524 14.339999679476 14.1099996846169 14.1399996839464 14.1449996838346 14.2249996820465 14.2249996820465 13.9866663540403 10.3623681894356 -9999 7.8349998248741 -9999 13.3322219242238 14.1699996832758 14.1699996832758 13.8449996905401 13.8649996900931 13.7383330262577 7.46502653655427 -9999 10.3915787150985 15.3207139432696 15.1037496624049 15.2537496590521 14.6585711009268 14.6585711009268 12.9513633468781 -9999 -9999 -9999 -9999 -9999 -9999 -9999
-9999 -9999 -9999 -9999 -9999 14.0299996864051 14.2099996823817 14.1749996831641 14.089999685064 14.049999685958 13.7383330262577 14.5999996736646 14.4399996772408 14.4049996780232 14.5449996748939 14.7299996707588 14.7299996707588 14.4749996764585 14.484999676235 14.6174996732734 14.6049996735528 14.8524996680208 12.9149997113273 13.2049997048452 12.2399997264147 11.6199997402728 11.6349997399375 14.4249996775761 13.9349996885285 13.9574996880256 13.842499690596 14.0549996858463 14.0349996862933 13.9816663541521 13.924999688752 12.2549997260794 12.2549997260794 13.9105552446304 -9999 11.7136361018162 14.1399996839464 14.2649996811524 14.2999996803701 13.9399996884167 13.6449996950105 13.6399996951222 -9999 9.51722200949573 14.1969996826723 14.0139996867627 13.6249996954575 13.6249996954575 14.5587496745866 14.6387496727984 13.4979996982962 -9999 -9999 -9999 -9999 -9999 -9999 -9999
