EcologicalScience/Bass/data/rs_data_bass/sst_388.asc
NCOLS 226 
NROWS 124 
XLLCORNER -9.41648524995501 
YLLCORNER 47.587301625531 
CELLSIZE 0.0833 
NODATA_value -9999 
[rows 81 to 107 of 124, columns 62 to 123 of 226]
13.7158279743245 -9999 -9999 -9999 -9999 -9999 -9999 -9999 -9999 -9999 -9999 -9999 -9999 -9999 -9999 -9999 -9999 -9999 -9999 -9999 -9999 -9999 -9999 -9999 -9999 -9999 -9999 -9999 -9999 -9999 -9999 -9999 -9999 -9999 -9999 -9999 -9999 -9999 -9999 -9999 -9999 -9999 -9999 -9999 -9999 -9999 -9999 -9999 -9999 -9999 -9999 -9999 -9999 -9999 -9999 -9999 -9999 -9999 -9999 -9999 -9999 -9999
14.8821409661526 -9999 -9999 -9999 -9999 -9999 -9999 -9999 -9999 -9999 -9999 -9999 -9999 -9999 -9999 -9999 -9999 -9999 -9999 -9999 -9999 -9999 -9999 -9999 -9999 -9999 -9999 -9999 -9999 -9999 -9999 -9999 -9999 -9999 -9999 -9999 -9999 -9999 -9999 -9999 -9999 -9999 -9999 -9999 -9999 -9999 -9999 -9999 -9999 -9999 -9999 -9999 -9999 -9999 -9999 -9999 -9999 -9999 -9999 -9999 -9999 -9999
-9999 -9999 -9999 -9999 -9999 -9999 -9999 -9999 -9999 -9999 -9999 -9999 -9999 -9999 -9999 -9999 -9999 -9999 -9999 -9999 -9999 -9999 -9999 -9999 -9999 -9999 -9999 -9999 -9999 -9999 -9999 -9999 -9999 -9999 -9999 -9999 -9999 -9999 -9999 -9999 -9999 -9999 -9999 -9999 -9999 -9999 -9999 -9999 -9999 -9999 -9999 -9999 -9999 -9999 -9999 -9999 -9999 -9999 -9999 -9999 15.0181652308354 -9999
-9999 -9999 -9999 -9999 -9999 -9999 -9999 -9999 -9999 -9999 -9999 -9999 -9999 -9999 -9999 -9999 -9999 -9999 -9999 -9999 -9999 -9999 -9999 -9999 -9999 -9999 -9999 -9999 -9999 -9999 -9999 -9999 -9999 11.3199997469783 11.209999749437 11.1449997508898 -9999 -9999 -9999 -9999 -9999 -9999 -9999 -9999 -9999 -9999 -9999 -9999 -9999 -9999 -9999 -9999 -9999 -9999 -9999 -9999 17.2699996139854 15.9363863301863 12.2837818958797 11.9756042534718 9.84502699784935 11.3205155469477
-9999 -9999 -9999 -9999 -9999 -9999 -9999 -9999 -9999 -9999 -9999 -9999 -9999 -9999 -9999 -9999 -9999 -9999 -9999 -9999 -9999 -9999 -9999 -9999 -9999 -9999 -9999 -9999 -9999 -9999 -9999 -9999 -9999 17.9046384736552 15.1672566751949 12.0295724226162 13.0931577361189 13.8030991399195 15.1692151418493 15.5827046181236 15.323211807292 15.8349996460602 13.5616588190896 13.7108332932694 13.7391620996641 13.0575375491753 12.8618655826431 12.7123325159773 12.0417645671405 11.4701681444421 12.1118096327409 12.1579485326074 14.6871339357458 -9999 16.1483005182818 11.6650990198366 12.1488641896285 10.149830610957 12.9235434902366 13.2760399039835 11.3006734293886 11.3613950903527
-9999 -9999 -9999 -9999 -9999 -9999 -9999 -9999 -9999 -9999 -9999 -9999 9.9138543431327 12.45216312054 13.2605008962564 13.0128330192529 13.1437192766462 12.3614497684175 12.3568478315137 -9999 -9999 -9999 -9999 -9999 -9999 11.894999734126 9.93201663190298 13.7309853570471 13.5260505852289 13.0547883401159 13.0353526273742 13.1554503736884 13.0847308126977 13.1740203417139 15.5649996520951 13.0979943616009 16.9707659430638 13.0897254937528 12.4109713907354 13.8609042486642 13.4601771455491 13.2771156814415 12.5676404478727 12.619815654587 12.6262703193352 12.5276573856827 12.4326303768903 12.4129077901598 12.3465681802481 9.78980375500396 11.9205603068694 11.7876420253888 11.9124322105199 11.9112369022332 9.99262366509065 11.4701681444421 11.7522609001026 12.4821161399595 10.7221442186274 10.8053376753815 11.4436323004775 11.3939074757509
-9999 -9999 -9999 -9999 -9999 -9999 -9999 -9999 -9999 16.1352173257619 13.0412335441448 12.4787692767568 11.4723196993582 13.1426434991881 13.3014999704901 13.178861340275 11.3697622483596 11.4601275548339 11.4450666704215 11.8873307364993 12.0016022087075 15.8719326070033 12.1615344574675 12.0890987752937 12.1977522985544 12.2620837905444 -9999 12.5240714608226 12.4917981370818 12.4882122122217 12.3117847091053 12.34190647793 12.3207495212555 12.1934491887223 17.8847163119353 16.514999630861 13.7552441931127 12.1622516424395 12.3311487033498 12.1773125268519 12.3081987842452 11.7283547343686 11.5775068285875 11.5653744494775 11.7373195465188 11.7276375493966 10.9552293345332 11.7513046534732 11.7089907401241 11.3475295142271 11.5863521099091 11.0147556872107 10.8749046176672 11.2526220362633 11.2487970497459 11.118508446496 10.9506871630438 11.478535302449 11.7265617719386 10.8863795772195 10.9573808894493 10.8297219644301
-9999 -9999 -9999 -9999 -9999 -9999 -9999 -9999 14.6816033244895 13.1960737796035 12.3946195733733 11.3181249303743 11.5210882774554 11.8072450812906 11.6200598035939 11.6387066128664 11.06782737514 11.2700735372491 11.3245795951225 11.303781230934 12.0690175960772 11.877648739377 12.0492950093467 11.5634021908045 11.4902493236586 11.6049989191815 11.5153507976793 12.140377500793 11.1144443983212 11.2012237799354 11.1624957914464 10.8103579701856 11.0972319589928 11.0699789300561 11.3102358956821 12.0403301971965 11.2449720632285 11.9402828935999 11.9194845294114 11.9549851855263 12.02383494284 11.8169270784128 10.9774620686658 11.0039979126304 11.1295052827336 11.1553239417262 11.1015350688249 11.0570696005598 11.3769340980798 11.3747825431637 10.8447828488424 11.026230646763 10.7400738429278 10.8698843228631 10.9717245888896 11.8464511930943 11.6683502583764 11.0032807276584 11.0563524155878 11.06782737514 10.9702902189456 11.1488692769781
-9999 -9999 -9999 -9999 -9999 -9999 -9999 -9999 13.2430493952706 12.6119266198948 13.0142673891969 12.0898159602657 11.5870692948811 11.6508987573907 11.5942411446013 11.4952696184628 11.5289773121476 11.465147849638 11.3697622483596 11.2758110170253 11.3597216587514 11.2585985776968 11.2743766470812 11.8710745438002 11.7803506448399 11.3740653581917 11.2915890864097 11.3102358956821 11.14600053709 11.0699789300561 9.29996641911566 11.6856822285336 10.9753105137497 11.1015350688249 11.1775566758588 11.3001953060739 11.2542954678647 11.1897488203831 11.8463316622656 11.7219000696205 11.5383007167839 11.3633075836115 11.6892681533936 11.0570696005598 11.2112643695436 11.2356486585923 11.2987609361298 11.3367717396468 12.0281380526721 11.4034699420445 11.3195593003184 11.3568529188633 11.3891262426041 11.5497756763361 11.7724616101477 11.5951973912306 10.7508316175081 11.2700735372491 11.1818597856909 11.1990722250193 11.2485579880886 10.8297219644301
13.6300358863082 9.40499978978187 -9999 -9999 -9999 -9999 -9999 -9999 12.4005835326143 12.0109256133437 12.7553636142984 12.5194097585045 12.0435575295705 12.3250526310876 11.3690450633876 11.504593023099 11.5978270694613 11.6214941735379 11.5705740405247 11.4579759999178 11.2600329476409 11.2528610979207 11.2313455487601 11.2378002135083 11.3798028379679 11.4077730518766 11.4421979305334 11.4371776357293 11.4213995663449 9.30498671391979 9.25119784101844 10.9165013460442 11.0068666525185 11.305215600878 11.2880031615496 11.7269203644246 11.0599383404478 11.1101412884891 10.9946745079942 11.6957228181418 10.9172185310163 11.3525498090312 11.6788689712994 11.2048097047955 11.2786797569133 11.3826715778559 11.3776512830518 11.4493697802536 11.4378948207013 11.343943589367 11.423551121261 11.4056214969605 11.3919949824922 11.3425092194229 11.2973265661858 11.3869746876881 11.3396404795349 11.4156620865688 10.8576921783388 11.184011340607 11.3417920344509 11.4802087340504
12.1733680095058 13.7565538352355 11.344660774339 11.9897686566692 11.1771980833728 -9999 16.1899624452926 12.4791677128524 11.904423644999 11.1173131382093 12.7051606662571 12.3211081137415 12.0711691509932 12.2766426454764 11.8276848529931 11.2915890864097 11.5002899132669 11.546189751476 11.4974211733788 11.3331858147867 11.3805200229399 11.385540317744 11.105120993685 11.4099246067926 11.3001953060739 11.424268306233 11.5081789479591 11.4515213351697 11.3912777975202 11.3948637223803 11.3884090576321 11.3260139650665 11.2112643695436 11.105838178657 10.8928342419676 10.9652699241415 11.1208990630694 11.2213049591519 11.0628070803359 11.5196539075114 11.1165959532373 11.1725363810547 11.6967985955998 11.2299111788161 11.3884090576321 11.3905606125481 11.4744712542742 11.4479354103096 11.5103305028751 11.1395458723418 11.2915890864097 11.3948637223803 11.424268306233 11.3948637223803 11.4077730518766 11.3281655199826 11.3955809073523 11.3295998899266 11.3783684680238 11.3733481732197 11.4500869652256 11.5110476878472
11.5863521099091 11.5275429422036 11.5626850058325 11.145283352118 11.1510208318941 11.9108783097472 11.3998840171844 11.3374889246188 11.2679219823331 11.5469069364481 11.4751884392463 11.5088961329311 11.4551072600298 11.5289773121476 11.5476241214201 11.6903439308517 11.6150395087898 11.5519272312522 11.5218054624274 11.4558244450018 11.4687337744981 11.422833936289 11.384823132772 11.4156620865688 11.4601275548339 11.4601275548339 11.5354319768958 11.5110476878472 11.187597265467 11.4952696184628 11.3719138032757 10.550019825343 11.3747825431637 10.9695730339736 11.187597265467 11.2923062713817 11.1789910458028 11.1911831903271 10.9121982362121 10.8311563343741 11.2887203465216 11.4465010403655 11.3970152772963 11.3798028379679 11.2837000517175 11.4751884392463 11.5684224856086 11.5232398323715 11.3991668322124 11.506027393043 11.4873805837706 10.3599658077583 11.3547013639472 10.9193700859323 10.9157841610722 11.4077730518766 11.4135105316527 11.3374889246188 11.3690450633876 11.4307229709812 11.6580706071109 11.7161625898443
10.4101687557995 11.5648365607485 11.5088961329311 11.2930234563537 11.343226404395 11.424985491205 11.3977324622683 11.4622791097499 11.5311288670637 10.2150944434106 11.6308175781742 11.6365550579503 11.6552018672228 11.6508987573907 11.7929013818502 11.8373668501154 11.744132803753 11.7513046534732 11.5540787861682 11.5899380347691 11.5727255954407 11.5282601271756 11.4378948207013 11.5949583295733 11.4909665086307 11.4443494854495 11.4314401559532 11.4364604507573 11.5906552197412 11.5705740405247 11.544755381532 11.625080098398 11.1725363810547 11.1524552018382 11.2822656817734 10.8648640280589 11.2765282019973 11.2872859765776 11.2040925198235 11.2593157626688 11.3425092194229 11.2765282019973 11.5354319768958 11.5167851676233 11.4601275548339 11.5146336127073 11.5626850058325 11.5232398323715 11.5490584913641 11.5404522716999 11.5117648728192 11.4938352485187 11.4708853294142 11.4149449015968 10.8799249124713 12.1267509863246 11.3023468609899 11.22417369904 11.6924954857677 11.582766185049 11.7979216766544 11.8280434454791
12.4649037006311 11.5992614394054 11.5877864798531 11.6042817342095 11.5010070982389 11.4945524334908 11.5182195375673 11.5605334509164 11.5612506358884 11.6516159423627 11.7348093991168 11.7283547343686 11.7656483529136 11.7670827228576 11.86390269408 11.8911557230167 11.9090853473172 11.8868526131846 11.7728202026337 11.7297891043127 11.5634021908045 11.5347147919238 11.5418866416439 11.5397350867279 11.5275429422036 11.4952696184628 11.703253260348 11.6100192139857 11.5232398323715 11.6265144683421 11.5239570173435 11.7082735551521 11.1624957914464 10.9638355541974 10.9975432478823 10.7508316175081 10.6834162301384 11.2392345834523 11.2765282019973 11.4974211733788 11.505310208071 11.9180501594674 11.5870692948811 11.5547959711403 11.5096133179031 11.4751884392463 11.5971098844893 11.4830774739385 11.4608447398059 11.4429151155055 11.5497756763361 11.5748771503568 11.8581652143039 9.81992552382872 12.1848429690581 11.2148502944037 12.0937604776118 10.3126315996051 10.1598712005652 11.665242456831 11.6738486764953 11.7254859944806
12.0941190700978 11.823023150675 11.8029419714585 11.7233344395645 11.8050935263745 11.8158513009548 11.9363383762538 11.4766228091903 11.9241462317295 10.746528507676 9.47495955228806 11.742698433809 11.9098025322892 11.9851069543511 11.9313180814497 11.9499648907222 11.9313180814497 11.8517105495557 11.7556077633053 11.701818890404 11.5562303410843 11.5734427804127 11.5296944971196 11.583483370021 11.5863521099091 11.5275429422036 11.6042817342095 11.6781517863274 11.6128879538737 11.5626850058325 11.6100192139857 11.5232398323715 11.4852290288545 11.3496810691431 11.4156620865688 11.4586931848899 11.2808313118294 11.107272548601 11.0821710745804 11.4558244450018 11.5088961329311 11.5339976069517 11.6415753527544 11.6279488382861 11.665242456831 11.6487472024746 11.5261085722595 11.6035645492375 11.5662709306926 11.3998840171844 11.3073671557941 11.1252021729015 11.9696874774527 12.1271095788106 10.5227667964064 11.3353373697028 11.8746604686603 11.6100192139857 11.3912777975202 11.344660774339 12.4792474000715 11.8574480293319
12.0926847001538 12.023117757868 12.0345927174203 11.9965819139034 11.9370555612259 12.0482192318887 11.9191259369254 11.9062166074291 11.5497756763361 11.4529557051137 11.6214941735379 12.0051881335676 12.1708578621037 12.18018126674 12.2432935442775 12.260505983606 12.1665547522716 12.0726035209373 11.981521029491 11.8940244629048 11.7735373876058 11.6465956475586 11.8990447577089 11.782860792242 11.821588780731 11.6838892661035 11.6860408210196 11.6465956475586 11.6301003932022 11.6745658614673 11.8725089137442 11.6150395087898 11.5175023525953 11.504593023099 11.5196539075114 11.3274483350106 11.305215600878 10.9580980744213 11.0434430860914 11.1230506179854 11.4077730518766 11.5239570173435 11.7771233124658 11.7756889425218 11.8682058039121 11.8036591564305 11.7756889425218 11.6179082486778 11.7233344395645 11.6207769885659 11.6372722429223 11.7369609540328 11.6767174163833 11.8925900929607 11.9485305207781 12.0180974630639 12.9317911174148 13.2111346640158 13.097102253465 13.1562700136565 12.4727927353233 13.0608844123781
11.9291665265337 12.1672719372436 11.8968932027929 12.0166630931199 11.9865413242951 11.9047822374851 11.8445386998355 11.4665822195821 11.6315347631462 11.2485579880886 12.3343760357238 12.2934964923188 12.2884761975147 12.3989226832055 12.4541459260508 12.4247413421981 12.3056886368431 12.3071230067872 12.1349986135028 12.0431989370845 11.7383953239769 11.7498702835292 11.6666768267751 11.7305062892847 11.8022247864865 11.7577593182214 11.7211828846484 11.7964873067103 11.6939298557118 11.7061220002361 11.8696401738562 11.7340922141448 11.7269203644246 11.7677999078296 11.583483370021 11.5368663468398 11.4400463756174 11.3891262426041 11.1481520920061 11.2399517684244 11.2320627337322 11.4995727282949 12.1514938678592 12.0589770064689 11.9298837115057 11.9714804398827 12.0905331452377 11.9277321565896 11.8552964744158 11.3547013639472 11.8416699599475 11.9148228270933 11.9169743820094 11.9700460699387 12.183050006628 12.9228263052646 18.9608496157825 18.794999579899 -9999 -9999 -9999 -9999
11.9478133358061 12.0109256133437 11.9693288849667 12.0317239775322 12.0166630931199 11.7756889425218 12.2798699778505 12.0683004111052 11.4701681444421 12.3666493594646 12.3515884750523 11.705404815264 12.4828333249316 12.5717642614618 12.5954313655384 12.5688955215737 12.6384624638595 12.3207495212555 12.1091799545102 11.8022247864865 11.7340922141448 11.6595049770549 11.6673940117471 11.7921841968782 11.8976103877649 11.8273262605071 11.9054994224571 11.8947416478768 11.6552018672228 11.8595995842479 11.9191259369254 11.8789635784924 11.5999786243774 11.8682058039121 11.7548905783333 11.6774346013553 11.4472182253376 11.4988555433229 11.4099246067926 11.2966093812138 11.2148502944037 11.6738486764953 12.062562931329 12.5660267816857 12.3200323362835 12.2640919084661 12.4641865156591 12.1636860123836 12.0862300354056 12.1737266019918 12.2813043477945 12.5316019030288 12.4147007525899 12.8144596559927 12.3463888840051 11.4699997436255 -9999 -9999 -9999 -9999 -9999 -9999
11.6286660232581 11.8538621044718 11.902630682569 11.7534562083893 11.944227410946 11.2715079071932 12.3487197351642 12.2110202205367 12.3903164635412 12.5050660590641 12.5050660590641 12.5258644232526 12.6348765389994 12.6363109089434 12.7223731055856 12.5775017412379 12.5272987931967 12.302102711983 12.260505983606 12.2691122032702 11.8524277345277 11.8875697981566 11.7075563701801 11.8674886189401 11.8273262605071 11.78214360727 11.8904385380447 11.7900326419622 12.34190647793 15.374999656342 -9999 14.4874491485368 13.2726518232536 13.0449997084215 -9999 16.3049996355549 12.0579012290109 11.8015076015145 11.822305965703 11.5325632370077 11.6064332891256 11.9141056421213 12.1084627695382 12.143604833167 12.1665547522716 12.2267982899211 12.2985167871229 12.5832392210141 12.4362163017504 12.659260828048 13.0522781927139 12.8019806374796 12.380275873933 -9999 -9999 -9999 -9999 -9999 -9999 -9999 -9999 -9999
11.8818323183805 11.8560136593878 11.4364604507573 11.6150395087898 11.8445386998355 11.5784630752169 11.8101138211787 11.5476241214201 12.0496536018327 11.9664601450786 11.8316293703392 11.8861354282126 12.0862300354056 11.6716971215792 12.8858912792057 12.8693960248493 12.4304788219742 12.3996398681775 12.3695180993527 12.8471632907167 12.9862971752882 13.1598559385166 11.9657429601066 12.142170463223 11.9686116999947 11.9148228270933 12.022400572896 12.143604833167 12.4476912613027 -9999 -9999 -9999 -9999 -9999 16.3799996338785 12.8661686924752 12.181257044198 12.0367442723364 12.0776238157414 12.2913449374028 12.4577318509109 12.5151066486724 12.3451338103041 12.4684896254912 12.4785302150995 12.419721047394 12.381710243877 12.3078401917592 12.2834559027106 13.6389354998246 13.7264320664108 13.2846461236477 14.9103251589695 -9999 -9999 -9999 -9999 -9999 -9999 -9999 -9999 -9999
11.8180028558709 11.5770287052728 11.7470015436411 11.8158513009548 11.2973265661858 11.8847010582685 11.9392071161419 12.5968657354824 11.3410748494789 11.7950529367663 12.9188817879185 12.9597613313235 12.9619128862396 13.058732857462 13.05801567249 13.0494094528258 12.6621295679361 12.3128604865633 12.1866359314881 11.9517578531522 12.0959120325278 12.0898159602657 11.9947889514733 12.2389904344454 12.1170689892024 12.1500594979152 12.1895046713762 12.2440107292496 12.4548631110229 13.6099996957928 -9999 -9999 -9999 -9999 -9999 17.3799996115267 12.8647343225311 12.618381284643 12.4311960069463 12.2418591743335 12.2640919084661 12.6922513367608 13.0659047071822 13.0867030713707 13.0379344932735 12.9016693485901 12.6499374234118 12.940397337079 12.3867305386811 14.5533463391475 14.6680959346704 14.5547807090916 16.0389950086828 14.0852428261069 20.6549995383248 20.9075992394845 -9999 -9999 -9999 -9999 -9999 -9999
12.1622516424395 11.7534562083893 11.6057161041535 11.622928543482 11.6745658614673 12.0439161220565 12.4871364347637 12.8622241751291 12.4684896254912 12.9654988110997 12.8693960248493 13.0838343314826 13.2301400657743 13.2071901466697 13.0651875222102 13.0243079788052 13.2287056958303 12.1629688274115 12.0647144862451 13.0135502042249 12.3436994403601 12.181615636684 12.2117374055088 12.3164464114234 12.6284218742512 12.2726981281303 12.778313533403 12.460600590799 12.4828333249316 13.3187124098185 17.5113682003483 24.7149994475767 -9999 -9999 -9999 -9999 13.3542130659334 12.9572511839215 13.0730765569024 12.5524002672173 12.6886654119007 13.1153904702514 13.2401806553826 13.2394634704106 13.577257592231 13.6109652859159 13.8003021185286 13.7866756040603 13.6331980200484 14.9578386633657 14.8932920158841 14.3618579516187 14.1386341290781 9.86999977938831 -9999 -9999 -9999 -9999 -9999 -9999 -9999 -9999
12.6434827586636 12.5280159781687 12.061128561385 12.7030091113411 13.1161076552235 13.1648762333207 13.2236854010262 13.1196935800835 13.6066621760838 12.6721701575443 13.13618883444 11.3496810691431 13.3420209214091 13.3907894995064 13.3728598752059 13.2810601987876 13.1741996379569 13.0945921060629 13.0128330192529 12.9174474179745 12.6671498627402 12.5638752267696 12.9454176318832 12.938245782163 12.9762565856799 12.9827112504281 12.7983947126195 12.7367168050259 12.5925626256503 12.8148899669759 17.1844542270921 -9999 -9999 -9999 -9999 -9999 -9999 -9999 -9999 -9999 -9999 -9999 -9999 -9999 -9999 -9999 12.6757560824044 14.1918851132505 14.0369731592946 15.0123447212391 15.7453077626415 14.6949996715412 -9999 -9999 -9999 -9999 -9999 -9999 -9999 -9999 -9999 -9999
12.6822107471526 13.017853314057 12.7202215506695 12.2354045095854 10.8576921783388 12.5581377469935 13.6109652859159 14.4543748130091 13.097460845951 12.7431714697741 12.9325083023869 13.6489760894328 13.9831842863932 13.8304238873534 12.2698293882422 13.6862697079778 13.6905728178099 13.5055390950292 13.418042528443 13.3456068462692 13.1333200945519 13.059450042434 12.9195989728905 12.7840510131791 10.7798776088748 13.6699996944517 12.7948087877594 12.6685842326842 12.6320077991113 12.7661213888787 13.6859111154918 16.9254087477464 19.6693527377211 -9999 -9999 -9999 -9999 -9999 -9999 -9999 -9999 -9999 -9999 -9999 -9999 -9999 -9999 -9999 -9999 -9999 -9999 -9999 -9999 -9999 -9999 -9999 -9999 -9999 -9999 -9999 -9999 -9999
12.3185979663394 11.6365550579503 13.0702078170143 12.9999236897565 14.8825342413038 14.2435224312358 14.5626697437838 14.3166752983816 13.8411816619337 13.0716421869583 12.8256477415562 13.4087191238068 10.4947965824977 14.7290566572919 12.9303567474708 13.3269600369968 13.8375957370736 14.0462965639308 13.9867702112533 13.8103427081369 13.5844294419512 13.4926297655329 13.2681508692913 12.8478804756887 12.5832392210141 12.7101809610613 12.5746330013499 12.6836451170966 12.7596667241305 12.8708303947933 13.1634418633766 14.7824869377073 -9999 -9999 -9999 -9999 -9999 -9999 -9999 -9999 -9999 -9999 -9999 -9999 -9999 -9999 -9999 -9999 -9999 -9999 -9999 -9999 -9999 -9999 -9999 -9999 -9999 -9999 -9999 -9999 -9999 -9999
11.6128879538737 12.0711691509932 12.2863246425986 13.1512497188523 14.2800988648087 14.9377574841492 14.3640095065348 14.214835032355 12.1385845383629 11.6537674972787 11.9191259369254 11.8588823992759 12.2418591743335 12.3623462496325 14.0018310956657 13.9401531880721 12.0772652232554 12.3508712900802 14.5669728536159 14.4056062349118 14.0046998355538 13.8096255231649 13.6181371356361 13.7658772398718 13.1397747593001 12.7309793252498 12.6865138569847 13.2036042218097 13.175634007901 13.0415204181336 13.9172032689676 14.3909039429855 20.9103803852492 28.5299993623048 -9999 -9999 -9999 -9999 -9999 -9999 -9999 -9999 -9999 -9999 -9999 -9999 -9999 -9999 -9999 -9999 -9999 -9999 -9999 -9999 -9999 -9999 -9999 -9999 -9999 -9999 -9999 -9999
11.5146336127073 12.4276100820862 11.6760002314113 13.0508438227698 12.8048493773676 13.4338205978274 13.2781914588995 12.3616290646605 11.4802087340504 12.0288552376442 12.5911282557063 13.0293282736093 12.8349711461924 12.7367168050259 13.0157017591409 12.7876369380392 12.7625354640186 12.4268928971142 15.3989074211568 15.3164311493747 14.8237250735983 14.4801934720017 14.0577715234831 14.054902783595 13.2502212449908 13.1125217303634 12.7015747413971 13.2645649444312 14.2413708763197 14.0233466448262 14.2184209572151 14.9370402991772 13.8630352823541 -9999 -9999 -9999 -9999 -9999 -9999 -9999 -9999 -9999 -9999 -9999 -9999 -9999 -9999 -9999 -9999 -9999 -9999 -9999 -9999 -9999 -9999 -9999 -9999 -9999 -9999 -9999 -9999 -9999
