EcologicalScience/Bass/data/rs_data_bass/sst_188.asc
NCOLS 226 
NROWS 124 
XLLCORNER -9.41648524995501 
YLLCORNER 47.587301625531 
CELLSIZE 0.0833 
NODATA_value -9999 
[rows 27 to 53 of 124, columns 62 to 123 of 226]
-9999 -9999 -9999 -9999 -9999 -9999 -9999 -9999 -9999 -9999 -9999 -9999 -9999 -9999 -9999 -9999 -9999 -9999 -9999 -9999 -9999 -9999 -9999 -9999 -9999 -9999 -9999 -9999 12.5299997199327 9.76565081594632 5.80819770035201 7.06055634398945 7.06019775150344 7.02792442776263 7.24236273439601 7.4252449022606 6.80523849395104 7.3775521016214 7.76519057899714 7.56007567699999 6.94939267332666 7.16311379498802 7.19036682392471 7.2498931766022 7.50700398907065 7.1580935001839 6.81348612112924 6.09486677916721 7.65366831584834 7.73033538935706 7.88008361151442 7.72502822056413 7.67841119738296 7.65079957596026 6.69264045334421 7.45787681848742 7.1900082314387 7.46469007572159 7.13478498859331 7.34836267326027 7.53497420297936 5.50916571868584
-9999 -9999 -9999 -9999 -9999 -9999 -9999 -9999 -9999 -9999 -9999 -9999 -9999 -9999 -9999 -9999 -9999 -9999 -9999 -9999 -9999 -9999 -9999 -9999 -9999 -9999 -9999 -9999 -9999 -9999 9.78499978128821 6.77045502280816 6.91747794207186 7.02003539307043 7.26100954366848 7.25168613903224 7.31479841656983 7.66765342280269 7.18534652912058 7.10609758971259 7.47078614798374 7.34743033279665 7.43815423175693 7.61852625221945 7.22013000026345 7.88998076412827 6.83679463271983 6.62737662089057 6.95835748547688 6.96768089011312 7.2100894106552 7.60525833023712 6.93253882648423 6.97987303463742 7.29973753215745 7.41950742248446 7.41448712768033 7.52995390817523 7.3096346847713 7.25455487892032 7.4768822202459 5.55769523512572
-9999 -9999 -9999 -9999 -9999 -9999 -9999 -9999 -9999 -9999 -9999 -9999 -9999 -9999 -9999 -9999 -9999 -9999 -9999 -9999 -9999 -9999 -9999 -9999 -9999 -9999 -9999 -9999 -9999 -9999 -9999 10.3449997687712 6.11382095342768 7.09354685270227 6.85580003447831 7.18498793663457 7.30690938187763 7.38508254382759 7.30798515933566 6.63921017292887 7.21195409158245 7.13578904755414 7.20263068694621 7.2142490834929 7.56007567699999 6.9748527398333 6.82811669455841 6.81535080205649 6.95405437564477 7.16132083255798 7.31479841656983 7.71140170609578 7.65833001816645 7.69347208179533 7.59557633311488 7.3018890870735 7.55433819722384 7.31881465241313 7.45751822600141 7.41879023751244 7.47473066532984 7.3694479114376
-9999 -9999 -9999 -9999 -9999 -9999 -9999 -9999 -9999 -9999 -9999 -9999 -9999 -9999 -9999 -9999 -9999 -9999 -9999 -9999 -9999 -9999 -9999 -9999 -9999 -9999 -9999 -9999 -9999 -9999 -9999 10.348720347397 6.83787041017786 6.87516402872279 7.32985930098221 6.67004912672564 7.41520431265235 7.50987272895873 6.44592882297002 6.37528610322624 7.2977294142358 7.49796745842323 7.36112856576219 7.36772666750476 7.67123934766278 4.48359120870009 7.35955075882375 6.33333078236319 6.08697774447501 6.03067872417159 5.72085481625982 5.91808068356477 5.06498915934935 5.11232336750254 7.47042755549774 6.13632007054985 7.35280922008678 7.27893916796893 7.1900082314387 7.22228155517951 7.36500136461109 7.43026519706473
-9999 -9999 -9999 -9999 -9999 -9999 -9999 -9999 -9999 -9999 -9999 -9999 -9999 -9999 -9999 -9999 -9999 -9999 -9999 -9999 -9999 -9999 -9999 -9999 -9999 -9999 -9999 -9999 -9999 -9999 -9999 9.09499979671091 7.43267288947079 6.85034942869097 6.61492833887626 7.03839532835409 7.08300423361361 7.05173496883363 6.77475813264027 7.0547471457161 7.22859278293326 7.3971312513575 6.45202489523217 7.31408123159781 7.51130709890276 7.61063721752726 7.15773490769789 7.2656712459866 6.30069886613637 6.16550949891098 5.02195806102827 6.6922818608582 6.23973814351484 7.08888515038416 7.04800560697913 7.32268745126203 6.8952452079393 6.51011687796563 7.09247107524425 7.18833479983732 6.80487990146503 6.81133456621319
-9999 -9999 -9999 -9999 -9999 -9999 -9999 -9999 -9999 -9999 -9999 -9999 -9999 -9999 -9999 -9999 -9999 -9999 -9999 -9999 -9999 -9999 -9999 -9999 -9999 -9999 -9999 -9999 -9999 -9999 -9999 -9999 7.73711791009243 6.07514419243671 7.19215978635475 6.59187596477568 7.06450086133555 6.50617236061953 6.46170689235441 6.95692311553285 6.79268775694072 7.02132632602006 7.23605150664225 7.45464948611334 7.42058319994248 7.24164554942399 7.57190922903828 7.08027893071994 7.33057648595423 5.55482649523765 5.75492110243067 6.22969755390659 6.08769492944703 6.79842523671687 6.27703176205978 6.1622821665369 7.06928209448233 6.7919705719687 6.42477186629549 6.30356760602444 6.09486677916721 6.33225500490516
-9999 -9999 -9999 -9999 -9999 -9999 -9999 -9999 -9999 -9999 -9999 -9999 -9999 -9999 -9999 -9999 -9999 -9999 -9999 -9999 -9999 -9999 -9999 -9999 -9999 -9999 -9999 -9999 -9999 -9999 -9999 -9999 9.62798111003037 6.16586809139699 6.20244452496991 6.21391948452219 7.4091082403902 7.11585130533203 6.97377696237527 6.67399364407174 7.18678089906462 6.53485975950025 6.23471784871072 7.11542099434882 7.30296486453153 7.48333688499406 7.7877819056157 7.60009459843859 6.37313454831019 7.68773460201919 5.75492110243067 6.20531326485798 5.52398754144087 5.65021209651604 5.98226873856038 6.28778953664005 6.13359476765618 6.01382487732917 6.29352701641619 6.18021179083735 6.17232275614515 6.1386150624603
-9999 -9999 -9999 -9999 -9999 -9999 -9999 -9999 -9999 -9999 -9999 -9999 -9999 -9999 -9999 -9999 -9999 -9999 -9999 -9999 -9999 -9999 -9999 -9999 -9999 -9999 -9999 -9999 -9999 -9999 -9999 -9999 -9999 8.56035380185965 6.60729544167407 6.73136844183318 7.13586076605134 7.45895259594545 7.48190251505002 7.36822869698517 7.41376994270831 7.49337747460231 7.57728811632842 7.62282936205156 7.02935879770666 6.90528579754755 7.72517165755853 7.49194310465828 6.79519790434279 7.1344263961073 6.96552933519706 6.76400035806 5.72479933360592 6.15797905670479 6.96682026814669 6.20818200474605 6.14291817229241 5.97151096398011 5.77285072673112 5.9514297847636 6.04896694095805 6.0310373166576
-9999 -9999 -9999 -9999 -9999 -9999 -9999 2.74822721474113 15.6224109458365 3.02180886128917 2.69660532008857 8.70994672885615 15.8453848261525 8.38789483072991 8.41999981179833 -9999 -9999 -9999 -9999 -9999 -9999 -9999 -9999 -9999 -9999 -9999 -9999 -9999 -9999 -9999 -9999 -9999 -9999 6.39499985706061 7.16741690482013 7.29543442232534 7.29184849746525 7.47724081273191 7.56186863943003 4.95334736537188 4.86991484696046 7.7755897610914 7.81611071201041 7.8433637409471 7.52959531568922 7.29400005238131 7.39619891089387 7.69920956157148 6.8396633726079 6.48644977388903 6.84647662984207 5.94067201018333 6.27093568979762 6.02529983688146 6.10490736877546 6.57968382025138 6.79483931185678 6.59689625957981 6.58111819019541 6.56677449075505 6.56247138092294 6.2540818429552
-9999 -9999 -9999 -9999 8.21541803081313 13.3689771841505 11.3079740046165 3.55990477707237 7.00610151361408 2.94331695046276 15.8170262598433 14.1894489611233 5.9699998665601 -9999 -9999 -9999 -9999 -9999 -9999 -9999 -9999 -9999 -9999 -9999 -9999 -9999 -9999 -9999 -9999 -9999 -9999 -9999 -9999 -9999 7.24379710434005 7.19969022856094 7.27571183559485 7.36428417963907 7.5486007174477 7.66370890545659 5.36644590925425 7.77092805877328 7.75514998938888 5.75492110243067 7.61278877244331 7.2617267286405 6.04968412593007 7.39928280627355 7.8830957883969 6.24475843831897 6.29747153376229 7.90970335085876 3.64496291475371 6.23973814351484 6.29531997884624 6.28707235166803 6.85723440442234 6.61912899371237 6.25193028803915 7.07095552608371 6.94831689586863 6.82998137548566
6.13897365494631 6.58972440985963 11.4790038632974 6.89532489515841 6.32938626501709 6.92863415274769 6.8477317035431 5.95752585702576 5.5089266570285 4.27716980694771 7.12499984074384 -9999 -9999 -9999 -9999 -9999 -9999 -9999 -9999 -9999 -9999 -9999 -9999 -9999 -9999 -9999 -9999 -9999 -9999 -9999 -9999 -9999 -9999 -9999 10.7099997606128 7.24774162168615 7.20148319099098 5.34827722329646 7.49732199194841 7.58912166836672 5.28659931570292 7.54429760761559 7.5446562001016 5.58925137389451 7.52600939082913 7.6561784632504 6.86691640154459 7.67088075517677 3.51323994155973 4.29473249940202 7.53382670702413 7.63781852796674 6.26483961753547 5.72479933360592 7.66750998580828 7.66392406094819 6.6922818608582 6.59833062952384 6.55243079131469 6.69945371057838 6.86440625414252 7.57059438992292
6.75375485845974 6.69744559265673 6.59167105478368 6.66273384001106 7.21439252048731 7.1941320450278 7.13317132240627 7.20028788270429 5.50708246710045 15.7799996472895 -9999 -9999 -9999 -9999 -9999 -9999 -9999 -9999 -9999 -9999 -9999 -9999 -9999 -9999 -9999 -9999 -9999 -9999 -9999 -9999 -9999 -9999 -9999 -9999 -9999 6.47343798939671 5.46326588047668 5.49458295758814 7.31946011888795 7.4532151161693 7.43779563927092 7.50162510178052 7.58553574350663 7.46576585317962 7.57334359898232 7.62247076956555 6.85866877436638 6.06976530514657 5.90433463826776 5.76496169203892 7.86703084502369 7.74582658475265 7.6601229805965 7.73901332751848 5.89620654191822 7.60482801925391 6.45489363512024 6.35305336909369 5.93995482521132 5.11734366230667 5.49530014256015 7.70623797429726
6.32472456269898 6.57753226533532 7.33139612592225 6.77662281356752 6.73182948931519 4.79819634975865 6.05434582824819 7.03724783239886 8.26033407510123 -9999 -9999 -9999 -9999 -9999 -9999 -9999 -9999 -9999 -9999 -9999 -9999 -9999 -9999 -9999 -9999 -9999 -9999 -9999 -9999 -9999 -9999 -9999 -9999 -9999 -9999 -9999 12.040651693908 6.97736288723536 4.43028045911342 4.5651112338528 7.16024505509995 6.96337778028101 7.07482832493261 7.29127474948764 7.58661152096465 7.43923000921495 7.52278205845505 7.80391856748611 7.74582658475265 7.85017699818127 5.33680226374418 4.56009093904868 4.65816598397214 4.77166050579399 5.70973844919354 5.84528640890494 5.69467756478116 5.63515121210366 5.1424451363273 4.90003661578521 7.73707692809403 5.45513778412715
6.9590746704489 6.74750510370359 6.54167301673442 7.5844599660486 7.3854411363136 4.73508407222107 7.04316460841801 7.36902863406934 12.7897884929553 -9999 -9999 -9999 -9999 -9999 -9999 -9999 -9999 -9999 -9999 -9999 -9999 -9999 -9999 -9999 -9999 -9999 -9999 -9999 -9999 -9999 -9999 -9999 -9999 -9999 -9999 -9999 -9999 -9999 -9999 -9999 12.9162195973024 11.1553751692242 7.17609484298155 7.55849787006155 7.38995940163732 7.3734641472809 7.54659259952605 7.47917721215636 4.40972115658224 4.09415976889431 4.82688374863937 7.65531784128398 7.59923397647217 7.7597399732098 4.4851451094728 4.64328439580277 7.89399699997157 7.91551254913211 7.86401866814122 7.80650043338537 7.74618517723866 7.91881160000339
7.91042053583078 7.63286995165981 7.13370921113528 7.74285538986857 7.33183155965526 6.68259986373596 6.73854029155336 7.36476230295375 14.2649996811524 -9999 -9999 -9999 -9999 -9999 -9999 -9999 -9999 -9999 -9999 -9999 -9999 -9999 -9999 -9999 -9999 -9999 -9999 -9999 -9999 -9999 -9999 -9999 -9999 -9999 -9999 -9999 -9999 -9999 -9999 -9999 -9999 -9999 -9999 9.83990424804922 7.0945201751643 7.20234381295741 7.51890925960615 7.31587419402786 5.95214696973562 4.62583289481699 4.95143487211317 5.090807818342 5.41999572049826 5.47019866853952 4.05680638493504 3.98365351778921 4.13211080699693 4.45490380981937 4.34302295418456 7.88180485544726 4.41474145138636 7.80836511431262
7.82615130161867 7.76047764918102 7.5446562001016 7.560434269486 7.42821609714468 5.17359145511208 7.23841821704991 5.20986052369699 7.43946907087229 12.2535460012278 -9999 -9999 -9999 -9999 -9999 16.1899624452926 -9999 -9999 -9999 -9999 -9999 -9999 -9999 -9999 -9999 -9999 -9999 -9999 -9999 -9999 -9999 -9999 -9999 -9999 -9999 -9999 -9999 -9999 -9999 -9999 -9999 -9999 -9999 -9999 8.70807887110145 7.31192967668176 6.923317876844 7.34205144550651 3.9779758034274 4.47641935897991 4.25194046273828 5.78504287125543 3.67436749860644 3.78588976175524 4.43673512386158 7.61329080192372 3.28744620620273 3.44630267750472 7.86660053404048 4.20006408309564 4.39155247062445 5.1716106585227
7.77666553854942 7.55505538219586 7.47759940521792 7.36679432704113 7.46991528051772 7.77648624230642 5.55615841018568 5.56619899979393 6.9908101054607 7.22261256362813 15.3249996574596 -9999 -9999 -9999 -9999 8.52273651451732 -9999 -9999 -9999 -9999 -9999 -9999 -9999 -9999 -9999 -9999 -9999 -9999 -9999 -9999 -9999 -9999 -9999 -9999 -9999 -9999 -9999 -9999 -9999 -9999 -9999 -9999 -9999 -9999 -9999 11.8564152357087 7.38232414008906 7.01204390338223 4.02124596340582 6.5129856178537 4.06451612338424 4.44390697358176 4.91318500693887 4.71332946140319 4.43816949380562 5.18117312481627 7.36500136461109 7.72000792576 5.63801995199174 4.96028015343472 5.76472263038158 5.59427166869864
8.2220374061726 8.12593461992219 6.51728872768581 6.46601000218652 7.38600463879162 7.2260723900316 7.58894237212371 6.74689037372757 6.58777776493558 6.47748496173881 6.44019134319387 15.4243162601654 11.1565280977554 -9999 15.5247538241558 6.11999986320734 21.4965749960206 11.3784043272724 -9999 -9999 -9999 -9999 -9999 -9999 -9999 -9999 -9999 -9999 -9999 -9999 -9999 -9999 -9999 -9999 -9999 -9999 -9999 -9999 -9999 -9999 -9999 -9999 -9999 -9999 -9999 8.8399998024106 12.3599997237325 12.616369668258 6.97413555486128 6.65498824231327 3.98443046817556 5.62511062249541 6.51011687796563 6.89725332586095 7.21683094939217 7.18283638171852 7.14482557820156 7.10466321976855 7.47114474046975 7.69777519162744 7.57370219146833 7.52314065094106
8.1979399911128 8.26281449458163 7.82812356029171 7.60669270018116 7.96456800121814 7.38907828867169 6.99247499914574 6.87495911873079 6.94831689586863 5.635390273761 7.13066117500421 7.31683044065721 14.524999675341 13.4375772810142 9.5899047437124 12.151549035934 11.120512886546 15.2957707053731 -9999 -9999 -9999 -9999 -9999 -9999 -9999 -9999 -9999 -9999 -9999 -9999 -9999 -9999 -9999 -9999 -9999 -9999 -9999 -9999 -9999 -9999 -9999 -9999 -9999 -9999 -9999 -9999 -9999 -9999 2.22800100594759 3.74728130409494 7.11398662440479 7.12833032384515 7.2100894106552 3.91079947771505 5.19264808436856 5.11124759004451 5.0707266391255 5.72479933360592 7.50341806421056 7.44174015661702 6.92536697676405 6.19240393536165
8.25011007507731 8.1144596603699 8.06190024742058 7.89786979882047 8.06999419210479 8.01584672671743 4.06021301355213 7.68002486357 7.23232214478776 7.20004882104695 7.17351297708228 7.34778892528266 6.43672494916245 6.81109550455585 6.480791981332 9.00452395722172 7.91859213346098 7.39999983459711 -9999 -9999 -9999 -9999 -9999 -9999 -9999 -9999 -9999 -9999 -9999 -9999 -9999 -9999 -9999 -9999 -9999 -9999 -9999 -9999 -9999 -9999 -9999 -9999 -9999 -9999 -9999 -9999 -9999 -9999 7.51776176365092 6.90643329350278 7.04334390466101 7.15630053775385 5.86967069795355 5.9872890333645 6.44102805899456 6.54119489341974 7.58517715102062 7.5686818966642 7.68343149218708 7.5328226480633 7.25096895406023 6.70590837532654
8.66372089393969 8.79486328882298 9.00321121513844 8.08894836636526 8.03270057355985 7.0665499612556 6.90651525749958 6.80457253647702 6.40325631713495 6.45468872512824 7.19090471265372 7.14321191201452 4.08519495674409 6.02325073696141 9.45135764684528 16.2052623913623 8.49866754773964 7.61499982979149 -9999 -9999 -9999 -9999 -9999 -9999 -9999 -9999 -9999 -9999 -9999 -9999 -9999 -9999 -9999 -9999 -9999 -9999 -9999 -9999 -9999 -9999 -9999 -9999 -9999 -9999 -9999 -9999 -9999 -9999 6.62701802840456 6.93684193631634 7.13012328627519 6.05255286581814 6.0547044207342 5.67531357053667 7.17724233893678 7.52565079834312 5.83930986747146 5.97533595049754 7.54501479258761 6.34468621108681 6.51394186448306 6.61028371239081
9.10837557659085 9.30785545380786 9.10560929169878 7.95350286164986 9.08983122231439 7.11736763927287 6.89350347300725 7.89500105893239 7.96241644630209 6.5366527219303 6.51185861289767 6.3694461684541 6.28133487189189 7.0359329932835 6.61357081017923 6.69999985024333 -9999 -9999 -9999 -9999 -9999 -9999 -9999 -9999 -9999 -9999 -9999 -9999 -9999 -9999 -9999 -9999 -9999 -9999 -9999 -9999 -9999 -9999 -9999 -9999 -9999 -9999 -9999 -9999 -9999 -9999 -9999 -9999 12.3872857786595 6.03534042648971 7.02720724279061 5.25504317693412 7.30834375182167 5.57132174959406 5.29520553536713 5.47450177837163 5.46302681881934 7.44719076240435 7.42201756988652 7.71068452112377 5.5849482640624 7.54393901512958
9.25980406068265 9.23972288146615 9.27988523989916 8.95213170768693 8.84527114685625 7.13919055342142 6.91983440697991 7.48835717979819 6.69515060074627 7.92010253295302 6.0508111308861 6.20572308484199 6.12560327796798 6.01464451729719 6.69730215566233 -9999 -9999 -9999 -9999 -9999 -9999 -9999 -9999 -9999 -9999 -9999 -9999 -9999 -9999 -9999 -9999 -9999 -9999 -9999 -9999 -9999 -9999 -9999 -9999 -9999 -9999 -9999 -9999 -9999 -9999 -9999 -9999 -9999 -9999 11.6009826833382 7.50104583699543 7.29866175469942 7.28611101768911 5.40493483608589 5.46302681881934 5.4730674084276 5.65021209651604 5.77930539147928 7.45536667108536 5.32556636584923 5.08052816707641 7.6601229805965
9.21738769233759 9.13183777067544 8.97221288690343 8.47643316124699 8.66525771887973 7.85340433055535 7.94090089714155 8.09653003606945 7.77307961368933 6.92280560186399 6.16146252656888 6.286047801708 6.05193813584213 6.73060002936316 16.0435899961198 13.6976847174345 -9999 -9999 -9999 -9999 -9999 -9999 -9999 -9999 -9999 -9999 -9999 -9999 -9999 -9999 -9999 -9999 -9999 -9999 -9999 -9999 -9999 -9999 -9999 -9999 -9999 -9999 -9999 -9999 -9999 -9999 5.14046027845879 11.1514141268788 13.4349996997043 -9999 11.5949583295733 7.56165348393843 7.52321236943826 5.91628772113472 7.18584855860099 5.79006316605955 5.59642322361469 5.64734335662797 5.49243140267208 7.3535264050588 7.36679432704113 4.51777702569962
9.26607942918781 9.0861428424583 9.22011982556432 8.5723310375054 8.49815362039953 8.35236016108787 8.15318764885888 7.94771415437572 7.76626635645516 8.37981810001656 7.28252509282902 5.95716726453975 5.93995482521132 5.6323849272116 14.3221120231695 -9999 -9999 -9999 -9999 -9999 -9999 -9999 -9999 -9999 -9999 -9999 -9999 -9999 -9999 -9999 -9999 -9999 -9999 -9999 -9999 -9999 -9999 -9999 -9999 -9999 -9999 -9999 -9999 -9999 -9999 -9999 -9999 -9999 11.7438937420957 6.28863144943329 5.85747855342925 7.12192347142845 6.60908840410411 6.33010344998911 6.87121951137669 6.75646991585381 6.39178135758266 6.48644977388903 5.25504317693412 7.2936414598953 7.33272804087028 4.63467817613855
9.0544842486935 9.31807533965912 8.52673856428425 8.4607575468586 8.42039027843358 8.35604854094397 9.16513564437628 8.10943936556578 7.78993346053176 7.47759940521792 7.33434170705732 7.08099611569196 5.99866153792079 15.2075759178406 11.024999753572 -9999 -9999 -9999 -9999 -9999 -9999 -9999 -9999 -9999 -9999 -9999 -9999 -9999 -9999 -9999 -9999 -9999 -9999 -9999 -9999 -9999 -9999 -9999 -9999 -9999 -9999 -9999 -9999 -9999 -9999 -9999 -9999 -9999 -9999 -9999 8.72232515165316 6.2220134292064 6.27129428228363 6.32723471010104 6.27990050194785 5.61865595774725 5.86536758812144 5.80584123544395 6.0108536824451 6.93002867908217 7.08852655789815 5.04992827493697
8.7118747420609 8.30123511808259 8.34068029154358 8.2976491932225 8.02481153886765 8.48524429090321 8.26757865189575 7.95022430177778 7.77272102120332 7.53927731281146 7.1939527487848 7.08171330066398 6.51477858028375 5.97714598876025 15.9214364386862 -9999 -9999 -9999 -9999 -9999 -9999 -9999 -9999 -9999 -9999 -9999 -9999 -9999 -9999 -9999 -9999 -9999 -9999 -9999 -9999 -9999 -9999 -9999 -9999 -9999 -9999 -9999 -9999 -9999 -9999 -9999 -9999 -9999 -9999 -9999 -9999 7.88999982364476 8.17339251526294 11.9504238891043 6.24332406837493 6.28133487189189 6.00808739755303 5.9951780680567 5.96505629923195 6.51704966602847 5.83261614106596 5.35712250461802
