EcologicalScience/Bass/data/rs_data_bass/sst_117.asc
NCOLS 226 
NROWS 124 
XLLCORNER -9.41648524995501 
YLLCORNER 47.587301625531 
CELLSIZE 0.0833 
NODATA_value -9999 
[rows 27 to 53 of 124, columns 62 to 123 of 226]
-9999 -9999 -9999 -9999 -9999 -9999 -9999 -9999 -9999 -9999 -9999 -9999 -9999 -9999 -9999 -9999 -9999 -9999 -9999 -9999 -9999 -9999 -9999 -9999 -9999 -9999 -9999 -9999 12.5299997199327 11.7577270099216 12.749285429317 12.8824997120537 14.4174996777438 15.9449996436015 16.2099996376783 14.2949996804819 14.069999685511 14.3549996791407 15.3299996573478 15.4949996536598 15.5849996516481 15.7049996489659 15.8849996449426 16.0949996402487 16.2499996367842 16.2649996364489 16.4049996333197 16.6849996270612 16.9599996209145 16.9699996206909 16.9599996209145 16.8299996238202 16.3849996337667 16.2749996362254 16.0549996411428 16.0199996419251 16.0849996404722 16.1649996386841 16.1049996400252 16.0199996419251 16.059999641031 15.8949996447191
-9999 -9999 -9999 -9999 -9999 -9999 -9999 -9999 -9999 -9999 -9999 -9999 -9999 -9999 -9999 -9999 -9999 -9999 -9999 -9999 -9999 -9999 -9999 -9999 -9999 -9999 -9999 -9999 -9999 -9999 9.78499978128821 11.9038886228162 12.9166663779567 13.5849996963516 13.489999698475 13.2499997038394 13.1499997060746 14.8699996676296 15.1649996610358 15.4149996554479 15.7799996472895 15.8749996451661 16.0649996409193 16.0349996415898 16.3299996349961 16.4899996314198 16.4999996311963 16.8999996222556 17.2849996136501 17.5599996075034 17.1699996162206 16.4649996319786 16.1799996383488 16.2199996374547 16.1749996384606 16.0749996406958 16.20499963779 16.1249996395782 16.1099996399134 16.0399996414781 15.9799996428192 16.0849996404722
-9999 -9999 -9999 -9999 -9999 -9999 -9999 -9999 -9999 -9999 -9999 -9999 -9999 -9999 -9999 -9999 -9999 -9999 -9999 -9999 -9999 -9999 -9999 -9999 -9999 -9999 -9999 -9999 -9999 -9999 -9999 12.1466663951675 14.2321425390297 14.692499671597 14.6224996731617 14.8599996678531 14.3449996793643 14.5099996756762 15.4249996552244 15.4849996538833 15.6899996493012 15.9849996427074 16.0299996417016 16.1399996392429 16.7549996254966 16.764999625273 16.9149996219203 17.0899996180087 17.2549996143207 17.0099996197969 16.65999962762 16.349999634549 16.2549996366724 16.1949996380135 16.2199996374547 16.2299996372312 16.1749996384606 16.1949996380135 16.3149996353313 16.2899996358901 16.2349996371195 16.1949996380135
-9999 -9999 -9999 -9999 -9999 -9999 -9999 -9999 -9999 -9999 -9999 -9999 -9999 -9999 -9999 -9999 -9999 -9999 -9999 -9999 -9999 -9999 -9999 -9999 -9999 -9999 -9999 -9999 -9999 -9999 -9999 14.1129265138198 12.7599997147918 12.8099997136742 14.4249996775761 13.4449996994808 13.6949996938929 14.069999685511 14.7299996707588 15.4499996546656 15.8799996450543 16.0699996408075 15.9299996439368 16.1649996386841 16.0549996411428 17.0399996191263 17.3399996124208 17.3249996127561 17.6249996060506 17.0349996192381 16.4199996329844 16.4449996324256 16.3149996353313 16.2649996364489 16.0249996418133 16.224999637343 16.2399996370077 16.2349996371195 16.3199996352196 16.3999996334314 16.3749996339902 16.389999633655
-9999 -9999 -9999 -9999 -9999 -9999 -9999 -9999 -9999 -9999 -9999 -9999 -9999 -9999 -9999 -9999 -9999 -9999 -9999 -9999 -9999 -9999 -9999 -9999 -9999 -9999 -9999 -9999 -9999 -9999 -9999 9.82899978030473 13.7499996926636 13.8649996900931 15.0816663295651 15.0766663296769 16.4849996315315 16.5349996304139 16.6849996270612 16.2599996365607 16.0299996417016 16.3849996337667 16.1249996395782 16.1749996384606 16.5049996310845 17.0449996190146 17.1749996161088 17.1749996161088 16.5849996292964 16.3049996355549 16.4999996311963 16.4749996317551 16.3599996343255 16.2799996361136 16.2549996366724 16.2999996356666 16.4299996327609 16.4499996323138 16.5649996297434 16.4749996317551 16.4099996332079 16.4499996323138
-9999 -9999 -9999 -9999 -9999 -9999 -9999 -9999 -9999 -9999 -9999 -9999 -9999 -9999 -9999 -9999 -9999 -9999 -9999 -9999 -9999 -9999 -9999 -9999 -9999 -9999 -9999 -9999 -9999 -9999 -9999 -9999 9.70749978302047 13.5849996963516 14.8224996686913 15.6716663163776 16.5299996305257 15.7399996481836 16.0349996415898 16.3099996354431 15.374999656342 16.7049996266142 16.6649996275082 16.8449996234849 16.6049996288493 16.6199996285141 17.2699996139854 17.4699996095151 16.5649996297434 16.4349996326491 16.4399996325374 16.4899996314198 16.3449996346608 16.2649996364489 16.2549996366724 16.2399996370077 16.3199996352196 16.4149996330962 16.4899996314198 16.4649996319786 16.5099996309727 16.5249996306375
-9999 -9999 -9999 -9999 -9999 -9999 -9999 -9999 -9999 -9999 -9999 -9999 -9999 -9999 -9999 -9999 -9999 -9999 -9999 -9999 -9999 -9999 -9999 -9999 -9999 -9999 -9999 -9999 -9999 -9999 -9999 -9999 11.6831247388618 13.6174996956252 16.1449996391311 16.389999633655 16.6199996285141 16.8399996235967 15.8299996461719 14.9249996664003 15.0799996629357 15.4549996545538 16.5899996291846 16.9249996216968 16.9149996219203 16.804999624379 16.7099996265024 16.6249996284023 16.6099996287376 16.6199996285141 16.4349996326491 16.2299996372312 16.2599996365607 16.3449996346608 16.4049996333197 16.4149996330962 16.3999996334314 16.7449996257201 16.5699996296316 16.6199996285141 16.6449996279553 16.6249996284023
-9999 -9999 -9999 -9999 -9999 -9999 -9999 -9999 -9999 -9999 -9999 -9999 -9999 -9999 -9999 -9999 -9999 -9999 -9999 -9999 -9999 -9999 -9999 -9999 -9999 -9999 -9999 -9999 -9999 -9999 -9999 -9999 -9999 12.577499718871 13.7916663583989 15.0099996645004 16.7099996265024 16.4799996316433 16.6249996284023 16.9699996206909 16.514999630861 15.9449996436015 15.5349996527657 16.0349996415898 16.9049996221438 17.2649996140972 17.3149996129796 17.2099996153265 16.8749996228144 16.7399996258318 16.7799996249378 16.7399996258318 16.7699996251613 16.9199996218085 16.9249996216968 17.054999618791 17.0799996182323 17.0799996182323 17.2549996143207 17.4099996108562 17.2849996136501 17.2249996149912
-9999 -9999 -9999 -9999 -9999 -9999 -9999 15.6091663177746 29.5199993401766 29.8999993316829 19.880999555625 19.9249995546415 8.75706502165564 8.41999981179833 8.41999981179833 -9999 -9999 -9999 -9999 -9999 -9999 -9999 -9999 -9999 -9999 -9999 -9999 -9999 -9999 -9999 -9999 -9999 -9999 -9999 12.6116663847739 14.9316663329179 16.5799996294081 16.4999996311963 15.6349996505305 15.8199996463954 16.5199996307492 15.0249996641651 15.6999996490777 15.9999996423721 16.9749996205792 16.7999996244907 16.804999624379 16.6699996273965 16.6299996282905 16.5749996295199 16.8599996231496 16.9949996201321 17.1249996172264 17.3249996127561 16.9999996200204 17.1399996168911 17.5499996077269 17.7849996024743 17.8649996006861 17.7249996038154 17.4799996092916 17.0149996196851
-9999 -9999 -9999 -9999 10.74909066883 24.0724132550431 17.5799996070564 17.3749996116385 17.3899996113032 17.4949996089563 19.4239995658398 9.06315197133581 -9999 -9999 -9999 -9999 -9999 -9999 -9999 -9999 -9999 -9999 -9999 -9999 -9999 -9999 -9999 -9999 -9999 -9999 -9999 -9999 -9999 -9999 14.2516663481171 14.4574996768497 14.4799996763468 16.7349996259436 16.9449996212497 17.0449996190146 16.9949996201321 16.7549996254966 15.5449996525422 16.244999636896 16.1999996379018 16.8699996229261 16.9349996214733 16.8849996225908 16.7599996253848 16.6949996268377 16.4599996320903 16.7399996258318 16.7599996253848 16.909999622032 17.3249996127561 17.4949996089563 17.5999996066093 17.3699996117502 17.5149996085092 18.2249995926395 18.2699995916337 17.7549996031448
19.3499995674938 17.4699996095151 14.3511107903388 21.7149995146319 20.7299995366484 17.5149996085092 17.0149996196851 17.094999617897 17.7249996038154 20.2949995463714 -9999 -9999 -9999 -9999 -9999 -9999 -9999 -9999 -9999 -9999 -9999 -9999 -9999 -9999 -9999 -9999 -9999 -9999 -9999 -9999 -9999 -9999 -9999 -9999 12.7399997152388 14.7699996698648 14.6749996719882 15.2849996583536 15.189999660477 15.6699996497482 16.3599996343255 16.1599996387959 15.7949996469542 15.4549996545538 16.8599996231496 17.489999609068 17.6499996054918 16.8699996229261 16.6349996281788 16.6299996282905 16.5899996291846 16.5249996306375 16.7299996260554 16.7349996259436 17.1149996174499 17.5249996082857 17.6249996060506 17.7649996029213 17.2799996137619 18.1049995953217 18.1649995939806 18.2199995927513
18.4649995872751 18.7499995809048 17.529999608174 20.8599995337427 21.1299995277077 18.4199995882809 17.4949996089563 16.9649996208027 17.3499996121973 17.4049996109679 -9999 -9999 -9999 -9999 -9999 -9999 -9999 -9999 -9999 -9999 -9999 -9999 -9999 -9999 -9999 -9999 -9999 -9999 -9999 -9999 -9999 -9999 -9999 -9999 -9999 12.2343747265404 12.2035711558004 15.0799996629357 15.0799996629357 16.5649996297434 15.2899996582419 14.8599996678531 15.0049996646121 15.1249996619299 16.0399996414781 17.634999605827 18.0099995974451 17.0849996181205 16.929999621585 16.9999996200204 17.1549996165559 17.0499996189028 16.8649996230379 16.9349996214733 17.2149996152148 17.2149996152148 17.3999996110797 17.7449996033683 17.6799996048212 17.65499960538 17.8949996000156 17.7449996033683
15.064999663271 15.5299996528774 18.2849995912984 18.9349995767698 20.6249995389953 20.9349995320663 20.4749995423481 19.7299995590001 21.3149995235726 -9999 -9999 -9999 -9999 -9999 -9999 -9999 -9999 -9999 -9999 -9999 -9999 -9999 -9999 -9999 -9999 -9999 -9999 -9999 -9999 -9999 -9999 -9999 -9999 -9999 -9999 -9999 12.6979997161776 13.3522219237768 15.0399996638298 16.6299996282905 15.2599996589124 14.7149996710941 14.8399996683002 14.7399996705353 15.1349996617064 18.3499995898455 18.0449995966628 17.8299996014684 17.7449996033683 17.7699996028095 17.8049996020272 17.4049996109679 17.2799996137619 17.3199996128678 17.3999996110797 17.1649996163324 17.1849996158853 17.529999608174 17.6949996044859 17.819999601692 17.4099996108562 17.094999617897
14.2249996820465 14.4699996765703 14.8849996672943 16.0349996415898 18.1749995937571 20.0199995525181 20.8599995337427 19.7799995578825 12.7897884929553 -9999 -9999 -9999 -9999 -9999 -9999 -9999 -9999 -9999 -9999 -9999 -9999 -9999 -9999 -9999 -9999 -9999 -9999 -9999 -9999 -9999 -9999 -9999 -9999 -9999 -9999 -9999 -9999 -9999 -9999 13.3723434511048 12.3959997229278 12.5077774982072 14.8649996677414 14.629999672994 14.9699996653944 17.0049996199086 17.19999961555 16.7999996244907 16.8649996230379 17.1549996165559 17.4849996091798 17.1049996176735 16.9749996205792 16.9699996206909 17.1149996174499 17.2799996137619 17.094999617897 17.3899996113032 17.799999602139 17.5399996079504 17.19999961555 16.8249996239319
15.6849996494129 14.6799996718764 14.4749996764585 18.6249995836988 18.3449995899573 18.774999580346 18.5299995858222 18.0149995973334 20.0349995521829 -9999 -9999 -9999 -9999 -9999 -9999 -9999 -9999 -9999 -9999 -9999 -9999 -9999 -9999 -9999 -9999 -9999 -9999 -9999 -9999 -9999 -9999 -9999 -9999 -9999 -9999 -9999 -9999 -9999 -9999 -9999 -9999 -9999 -9999 9.84277768296306 16.0633329742899 15.2199996598065 15.5349996527657 15.6549996500835 15.7399996481836 16.3049996355549 16.9149996219203 16.65999962762 16.5799996294081 16.929999621585 17.0849996181205 16.9399996213615 16.8449996234849 16.8749996228144 17.509999608621 17.3099996130913 16.2599996365607 15.6899996493012
15.6399996504188 17.3349996125326 18.4049995886162 19.2699995692819 18.3949995888397 18.794999579899 19.2349995700642 20.0449995519593 19.4499995652586 20.1499995496124 -9999 -9999 -9999 -9999 -9999 16.1899624452926 -9999 -9999 -9999 -9999 -9999 -9999 -9999 -9999 -9999 -9999 -9999 -9999 -9999 -9999 -9999 -9999 -9999 -9999 -9999 -9999 -9999 -9999 -9999 -9999 -9999 -9999 -9999 -9999 12.1272724562071 16.0849996404722 14.5749996742234 14.9449996659532 15.189999660477 15.1549996612594 15.644999650307 16.1399996392429 16.2799996361136 15.7749996474013 15.2699996586889 15.4699996542186 15.7549996478483 16.764999625273 17.0999996177852 17.1149996174499 15.2449996592477 14.3949996782467
18.1949995933101 18.6949995821342 18.0399995967746 18.2399995923042 18.7799995802343 18.7099995817989 18.4399995878339 18.4199995882809 18.524999585934 18.4849995868281 17.7824996025302 -9999 -9999 -9999 -9999 -9999 -9999 -9999 -9999 -9999 -9999 -9999 -9999 -9999 -9999 -9999 -9999 -9999 -9999 -9999 -9999 -9999 -9999 -9999 -9999 -9999 -9999 -9999 -9999 -9999 -9999 -9999 -9999 -9999 -9999 12.0149997314438 13.1724997055717 14.8099996689707 14.7349996706471 14.8049996690825 14.8899996671826 14.4449996771291 15.0999996624887 14.9099996667355 14.7499996703118 15.0499996636063 16.20499963779 17.4199996106327 17.1549996165559 16.1699996385723 15.044999663718 14.5199996754527
16.4849996315315 17.489999609068 17.2999996133149 17.6049996064976 17.7399996034801 18.9099995773286 18.9699995759875 18.7899995800108 18.4599995873868 18.1649995939806 17.9524995987304 12.7265381770782 8.64999980665743 -9999 -9999 -9999 21.3076876957791 21.3076876957791 -9999 -9999 -9999 -9999 -9999 -9999 -9999 -9999 -9999 -9999 -9999 -9999 -9999 -9999 -9999 -9999 -9999 -9999 -9999 -9999 -9999 -9999 -9999 -9999 -9999 -9999 -9999 8.8399998024106 11.9399997331202 13.034999708645 13.9949996871874 13.9949996871874 14.379999678582 14.3849996784702 14.4049996780232 14.4899996761233 14.6649996722117 15.1399996615946 15.4349996550009 16.3349996348843 16.639999628067 15.769999647513 15.2149996599182 14.7349996706471
17.2999996133149 17.9049995997921 19.7599995583296 20.0499995518476 20.2099995482713 18.5349995857105 18.669999582693 19.1449995720759 18.3699995893985 17.9049995997921 17.5349996080622 17.0149996196851 15.751512805821 17.9049995997921 17.9049995997921 20.0499995518476 22.652272220955 25.3222087363301 -9999 -9999 -9999 -9999 -9999 -9999 -9999 -9999 -9999 -9999 -9999 -9999 -9999 -9999 -9999 -9999 -9999 -9999 -9999 -9999 -9999 -9999 -9999 -9999 -9999 -9999 -9999 -9999 -9999 -9999 13.5399996973574 14.8499996680766 14.8499996680766 16.3049996355549 14.1799996830523 14.4399996772408 14.7249996708706 14.7999996691942 15.3399996571243 16.2199996374547 17.779999602586 16.8199996240437 16.6349996281788 15.7649996476248
18.7999995797873 19.5149995638058 19.5049995640293 19.7499995585531 19.7399995587766 19.4349995655939 18.8849995778874 18.3149995906278 17.7099996041507 17.054999618791 17.5649996073917 17.2749996138737 17.3399996124208 17.3999996110797 17.8149996018037 18.214999592863 19.1024995730259 -9999 -9999 -9999 -9999 -9999 -9999 -9999 -9999 -9999 -9999 -9999 -9999 -9999 -9999 -9999 -9999 -9999 -9999 -9999 -9999 -9999 -9999 -9999 -9999 -9999 -9999 -9999 -9999 -9999 -9999 -9999 15.0349996639416 14.9949996648356 14.049999685958 12.8799997121096 14.8199996687472 14.6799996718764 14.6399996727705 14.9449996659532 16.2399996370077 16.4249996328726 16.20499963779 15.789999647066 15.3049996579066 16.5549996299669
18.2749995915219 15.1399996615946 19.4649995649233 19.4749995646998 19.3899995665997 19.374999566935 19.8799995556474 19.954999553971 19.5449995631352 19.1499995719641 18.6349995834753 17.6649996051565 17.3699996117502 17.7349996035919 18.1399995945394 17.6949996044859 16.1013190845519 -9999 -9999 -9999 -9999 -9999 -9999 -9999 -9999 -9999 -9999 -9999 -9999 -9999 -9999 -9999 -9999 -9999 -9999 -9999 -9999 -9999 -9999 -9999 -9999 -9999 -9999 -9999 -9999 -9999 -9999 -9999 15.084999662824 14.9099996667355 13.4849996985868 12.9399997107685 13.0999997071922 14.6549996724352 14.5899996738881 16.079999640584 16.8299996238202 16.8299996238202 16.8599996231496 15.6199996508658 15.2649996588007 16.8349996237084
17.8299996014684 16.8699996229261 19.7849995577708 19.6749995602295 20.1799995489419 19.9449995541945 17.7249996038154 20.389999544248 19.5099995639175 18.939999576658 18.7799995802343 18.5449995854869 18.3699995893985 18.2099995929748 18.0049995975569 6.69999985024333 -9999 -9999 -9999 -9999 -9999 -9999 -9999 -9999 -9999 -9999 -9999 -9999 -9999 -9999 -9999 -9999 -9999 -9999 -9999 -9999 -9999 -9999 -9999 -9999 -9999 -9999 -9999 -9999 -9999 -9999 -9999 -9999 15.7688885364268 15.7702774252846 12.494999720715 13.2849997030571 14.1099996846169 12.8599997125566 12.7149997157976 14.2799996808171 18.0799995958805 14.118333017764 15.2074996600859 14.939999666065 14.9899996649474 15.8949996447191
17.3749996116385 19.6749995602295 19.9799995534122 19.9399995543063 19.0899995733052 18.5949995843694 20.1249995501712 18.5399995855987 18.0249995971099 18.3849995890632 19.0449995743111 18.7449995810166 18.919999577105 19.1749995714054 18.5999995842576 -9999 -9999 -9999 -9999 -9999 -9999 -9999 -9999 -9999 -9999 -9999 -9999 -9999 -9999 -9999 -9999 -9999 -9999 -9999 -9999 -9999 -9999 -9999 -9999 -9999 -9999 -9999 -9999 -9999 -9999 -9999 -9999 -9999 -9999 10.9709256807066 13.9347496885341 12.571666385668 12.4699997212738 13.0449997084215 13.1149997068569 12.9249997111037 12.8349997131154 13.8039996914566 13.5729996966198 14.678333005247 14.7983330025648 13.5324996975251
15.3599996566772 18.5349995857105 19.0899995733052 18.7349995812401 18.5499995853752 18.6149995839223 18.8649995783344 19.0249995747581 18.7349995812401 19.1499995719641 19.1849995711818 19.2399995699525 19.0899995733052 18.7149995816872 18.4249995881692 18.1249995948747 -9999 -9999 -9999 -9999 -9999 -9999 -9999 -9999 -9999 -9999 -9999 -9999 -9999 -9999 -9999 -9999 -9999 -9999 -9999 -9999 -9999 -9999 -9999 -9999 -9999 -9999 -9999 -9999 -9999 -9999 8.60138278646751 8.63202108365503 8.47063810853882 -9999 11.5949583295733 13.2231815226207 12.2649997258559 12.8699997123331 14.3899996783584 14.6549996724352 14.774999669753 14.629999672994 14.5749996742234 14.8649996677414 15.044999663718 15.0899996627122
16.369999634102 17.5499996077269 18.7049995819107 18.7499995809048 18.2699995916337 18.2499995920807 18.3849995890632 18.8549995785579 19.0299995746464 19.3299995679408 19.2999995686114 18.64999958314 18.6899995822459 18.5549995852634 17.9749995982274 -9999 -9999 -9999 -9999 -9999 -9999 -9999 -9999 -9999 -9999 -9999 -9999 -9999 -9999 -9999 -9999 -9999 -9999 -9999 -9999 -9999 -9999 -9999 -9999 -9999 -9999 -9999 -9999 -9999 -9999 -9999 -9999 11.2554345310301 15.3770266833237 18.5699995849282 18.3149995906278 18.1549995942041 16.079999640584 16.1074996399693 14.629999672994 14.649999672547 14.5949996737763 14.5299996752292 14.5349996751174 14.7649996699765 14.8049996690825 14.8799996674061
16.3449996346608 16.3249996351078 17.5149996085092 17.5899996068329 17.6199996061623 17.5949996067211 17.7249996038154 17.8949996000156 17.5849996069446 18.6449995832518 18.4699995871633 18.6199995838106 18.2699995916337 18.504999586381 17.8249996015802 -9999 -9999 -9999 -9999 -9999 -9999 -9999 -9999 -9999 -9999 -9999 -9999 -9999 -9999 -9999 -9999 -9999 -9999 -9999 -9999 -9999 -9999 -9999 -9999 -9999 -9999 -9999 -9999 -9999 -9999 -9999 -9999 -9999 -9999 -9999 17.7249996038154 17.7299996037036 17.7599996030331 16.1699996385723 15.0728568059525 14.8499996680766 14.7349996706471 14.7449996704236 14.7249996708706 14.7499996703118 14.9549996657297 14.8449996681884
15.0799996629357 16.6149996286258 17.4249996105209 17.4799996092916 17.5349996080622 17.6499996054918 17.7699996028095 17.8099996019155 16.8449996234849 15.9799996428192 16.5199996307492 17.6499996054918 18.1399995945394 17.7599996030331 17.6249996060506 -9999 -9999 -9999 -9999 -9999 -9999 -9999 -9999 -9999 -9999 -9999 -9999 -9999 -9999 -9999 -9999 -9999 -9999 -9999 -9999 -9999 -9999 -9999 -9999 -9999 -9999 -9999 -9999 -9999 -9999 -9999 -9999 -9999 -9999 -9999 -9999 -9999 15.7472218702444 17.8149996018037 17.1399996168911 18.1299995947629 17.8799996003509 17.7499996032566 16.6699996273965 14.9599996656179 14.9449996659532 14.7599996700883
