EcologicalScience/Bass/data/rs_data_bass/sst_236.asc
NCOLS 226 
NROWS 124 
XLLCORNER -9.41648524995501 
YLLCORNER 47.587301625531 
CELLSIZE 0.0833 
NODATA_value -9999 
[rows 0 to 26 of 124, columns 62 to 123 of 226]
-9999 -9999 -9999 -9999 -9999 -9999 -9999 -9999 -9999 -9999 -9999 -9999 -9999 -9999 -9999 -9999 -9999 -9999 -9999 -9999 -9999 -9999 -9999 -9999 -9999 -9999 -9999 -9999 -9999 -9999 -9999 -9999 -9999 -9999 -9999 -9999 -9999 -9999 -9999 -9999 -9999 -9999 -9999 -9999 -9999 -9999 -9999 -9999 -9999 -9999 -9999 -9999 -9999 -9999 -9999 -9999 -9999 -9999 -9999 -9999 -9999 -9999
-9999 -9999 -9999 -9999 -9999 -9999 -9999 -9999 -9999 -9999 -9999 -9999 -9999 -9999 -9999 -9999 -9999 -9999 -9999 -9999 -9999 -9999 -9999 -9999 -9999 -9999 -9999 -9999 -9999 -9999 -9999 -9999 -9999 -9999 -9999 -9999 -9999 -9999 -9999 -9999 -9999 -9999 -9999 -9999 -9999 -9999 -9999 -9999 -9999 -9999 -9999 -9999 -9999 -9999 -9999 -9999 -9999 -9999 -9999 -9999 -9999 -9999
-9999 -9999 -9999 -9999 -9999 -9999 -9999 -9999 -9999 -9999 -9999 -9999 -9999 -9999 -9999 -9999 -9999 -9999 -9999 -9999 -9999 -9999 -9999 -9999 -9999 -9999 -9999 -9999 -9999 -9999 -9999 -9999 -9999 -9999 -9999 -9999 -9999 -9999 -9999 -9999 -9999 -9999 -9999 -9999 -9999 -9999 -9999 -9999 -9999 -9999 -9999 -9999 -9999 -9999 -9999 -9999 -9999 -9999 -9999 -9999 -9999 -9999
-9999 -9999 -9999 -9999 -9999 -9999 -9999 -9999 -9999 -9999 -9999 -9999 -9999 -9999 -9999 -9999 -9999 -9999 -9999 -9999 -9999 -9999 -9999 -9999 -9999 -9999 -9999 -9999 -9999 -9999 -9999 -9999 -9999 -9999 -9999 -9999 -9999 -9999 -9999 -9999 -9999 -9999 -9999 -9999 -9999 -9999 -9999 -9999 -9999 -9999 -9999 -9999 -9999 -9999 -9999 -9999 -9999 -9999 -9999 -9999 -9999 -9999
-9999 -9999 -9999 -9999 -9999 -9999 -9999 -9999 -9999 -9999 -9999 -9999 -9999 -9999 -9999 -9999 -9999 -9999 -9999 -9999 -9999 -9999 -9999 -9999 -9999 -9999 -9999 -9999 -9999 -9999 -9999 -9999 -9999 -9999 -9999 -9999 -9999 -9999 -9999 -9999 -9999 -9999 -9999 -9999 -9999 -9999 -9999 -9999 -9999 -9999 -9999 -9999 -9999 -9999 -9999 -9999 -9999 -9999 -9999 -9999 -9999 -9999
-9999 -9999 -9999 -9999 -9999 -9999 -9999 -9999 -9999 -9999 -9999 -9999 -9999 -9999 -9999 -9999 -9999 -9999 -9999 -9999 -9999 -9999 -9999 -9999 -9999 -9999 -9999 -9999 11.6799997389317 5.81263058651239 5.86249884823337 5.66168705606833 5.77482298540417 5.96918011282105 5.72001810045913 5.97043518652208 6.18559067812748 6.2103335596621 6.2140987807652 5.84146142238751 5.8517410736531 5.88353627407923 6.33476515230723 6.20029297005385 6.25910213775933 6.28814812912606 6.64297539403196 6.70178456173744 5.63515121210366 5.92130801593885 6.03534042648971 6.63831369171385 6.19096956541762 6.31647693552077 6.3336893748492 6.60084077692591 6.65122302121017 6.62540436221752 6.83840829890687 6.85311059083324 6.86781288275961 6.61482588388026
-9999 -9999 -9999 -9999 -9999 -9999 -9999 -9999 -9999 -9999 -9999 -9999 -9999 -9999 -9999 -9999 -9999 -9999 -9999 -9999 -9999 -9999 -9999 -9999 -9999 -9999 -9999 12.1482525643493 5.55974433504577 5.04818654000493 5.14196701301262 5.66204564855434 5.9035576878814 5.91628772113472 5.88042847253382 5.93887904775329 5.99051636573859 5.92704549571499 5.84923092625104 5.84241766901687 5.94425793504342 5.80416780384257 5.7934100292623 5.64495274005458 6.39249854255468 5.51466413680464 5.68105105031282 5.90266120666638 5.92130801593885 6.00091554783285 5.9951780680567 6.09701833408326 6.28025909443386 6.21750540938228 6.57717367284931 6.52983946469612 6.68313775246497 6.7916119794827 6.81778923096135 6.84522155614104 6.86978514143266 6.84414577868301
-9999 -9999 -9999 -9999 -9999 -9999 -9999 -9999 -9999 -9999 -9999 -9999 -9999 -9999 -9999 -9999 -9999 -9999 -9999 -9999 -9999 -9999 -9999 -9999 -9999 -9999 5.15668638077165 4.96028015343472 5.17871420491221 6.23057411331683 5.6007263334468 5.42501601530239 5.83650089299772 5.79866938572377 5.85389262856916 5.93887904775329 5.99195073568262 5.89011046965607 5.86608477309346 5.83201848692261 5.8517410736531 5.89297920954414 6.10060425894335 6.07191686006263 5.99625384551473 6.40648364950903 5.84600359387696 5.89262061705813 6.01597643224522 6.04466383112594 5.92991423560306 6.68726156605408 6.70734274527058 6.82854700554162 6.64996794750914 6.70949430018663 6.67381434782874 6.75144962104969 6.79609438555781 6.82012008212041 6.80165256909095 6.84038055757992
-9999 -9999 -9999 -9999 -9999 -9999 -9999 -9999 -9999 -9999 -9999 -9999 -9999 -9999 -9999 -9999 -9999 -9999 -9999 -9999 -9999 -9999 -9999 -9999 -9999 10.3468482632701 5.83805939110999 5.42102027045829 5.45810897901122 5.56568672481392 5.90421510743909 5.70584515934544 5.449400304351 5.65021209651604 5.70973844919354 5.7800225764513 6.0310373166576 6.06438641785644 5.79113894351758 5.80906856781803 5.79508346086368 5.85783714591525 5.9869304408785 6.01131472992711 6.34641940810252 6.36452832864597 6.49828332592733 6.58147678268142 6.60657825670205 6.07980589475483 6.66377375822049 6.71272163256072 6.73226492304821 6.7399746614974 6.82854700554162 6.69156467588618 6.40791801945306 6.60962629283313 6.7600558407139 6.79627368180081 6.69730215566233 6.7598765444709
-9999 -9999 -9999 -9999 -9999 -9999 -9999 -9999 -9999 -9999 -9999 -9999 -9999 -9999 -9999 -9999 -9999 -9999 -9999 -9999 -9999 -9999 -9999 -9999 -9999 10.0355759740768 5.46850350406021 5.55769523512572 5.69365301482113 6.33878935687244 6.5172090404667 5.85532699851319 6.126422917936 5.82843256206252 5.84994811122306 5.94766456366051 5.99177143943962 6.00970106374007 5.98621325590648 5.58709981897846 5.83058411697857 5.96900081657805 5.98442029347643 6.35108111042064 6.29926449619234 6.45668659755029 6.49631106725428 5.94425793504342 5.98585466342047 6.11638232832775 6.12857447285205 6.12929165782407 6.08984648436308 6.74427777132951 6.78192998236045 6.80864512256812 6.77673039131332 6.76077302568592 6.79806664423086 6.7998596066609 6.79806664423086 6.68403423367999
-9999 -9999 -9999 -9999 -9999 -9999 -9999 -9999 -9999 -9999 -9999 -9999 -9999 -9999 -9999 -9999 -9999 -9999 -9999 -9999 -9999 -9999 -9999 -9999 5.52465691408142 5.21387675954029 5.77244090674711 5.89082765462808 6.0230458269694 5.93759836030326 5.66336048766971 5.63963361817878 5.74541840155143 5.87056717916857 5.84098329907283 5.84815514879301 5.95232626597863 5.85694066470023 5.98872340330854 5.48980172444135 5.53976561082527 5.93385875294916 6.11494795838371 6.28635516669601 6.34588151937351 6.5171094314428 6.47067170450464 5.97151096398011 6.06833093520254 6.03032013168558 6.01382487732917 6.02745139179751 6.74230551265646 6.76023513695691 6.77888194622938 6.79627368180081 5.09568467615172 6.69837793312036 6.64172032033093 6.66538742440753 6.69013030594215 6.80667286389507
-9999 -9999 -9999 -9999 -9999 -9999 -9999 -9999 -9999 -9999 -9999 -9999 -9999 -9999 -9999 -9999 -9999 -9999 -9999 -9999 -9999 -9999 -9999 -9999 5.56381521355361 4.96530044823885 5.33823663368821 4.76950895087793 6.10992766357958 5.5648670848459 5.60700170195196 5.62995162105653 5.67603075550869 5.82735678460449 5.84654148260597 5.73871272206306 5.09678435977548 5.86500899563543 5.90821939019952 5.89656513440423 6.02117602329236 6.15708257548977 6.08984648436308 6.3017746435944 6.34068192832638 5.98202967690304 6.51137195166666 6.51316491409671 6.55153431009967 6.68403423367999 5.9750968888402 6.6922818608582 6.73782310658135 6.68923382472713 6.70841852272861 6.95692311553285 6.51413311380893 6.684392826166 6.63275550818071 5.4651783737354 6.71487318747677 6.70178456173744
-9999 -9999 -9999 -9999 -9999 -9999 -9999 -9999 -9999 -9999 -9999 -9999 -9999 -9999 -9999 -9999 -9999 -9999 -9999 -9999 -9999 -9999 -9999 13.1599997058511 5.20957364970818 5.3178685804829 5.36089967880398 5.46718649165705 5.39905391931534 5.49888606742024 5.3897305146791 5.63568910083268 5.76836832065601 5.81462675135117 5.87522888148669 5.68779258904979 5.7761497776024 5.82687866128981 5.95884069614112 5.91485335119069 6.11512725462671 6.21499526198022 6.27129428228363 6.37689976941328 6.40594576078001 5.5447859056294 6.47981581289787 6.56282997340895 6.56211278843693 6.60586107173003 6.60155796189792 5.11160618253052 6.58147678268142 6.9350489738863 6.92608416173607 6.92572556925006 6.61004465073347 6.68773968936875 7.05345621276647 6.68779945478309 6.66305657324847 6.67847605014686
-9999 -9999 -9999 -9999 -9999 -9999 -9999 -9999 -9999 -9999 -9999 -9999 -9999 -9999 -9999 -9999 -9999 -9999 -9999 -9999 -9999 7.94696070724219 8.47645097950716 5.26551407752559 5.43663441184908 5.47894832519814 5.55081025939435 5.43075349507853 5.42680897773243 5.58184046251699 5.6407093956368 5.25002288213 5.68678853008896 5.73125399835408 5.80333108804189 5.66211736705154 5.75363016948104 6.01633502473123 6.15923413040582 6.17555008851923 6.01561783975922 6.27452161465771 6.35466703528073 6.36488692113198 6.41652423911728 6.54167301673442 6.48053299786989 6.4771263692528 6.53988005430438 6.60621966421604 6.51065476669464 6.60711614543106 6.8676335865166 6.61539963185787 6.51212499588728 6.29653919329867 6.75826287828386 7.00196233177558 7.11025726255029 7.13464155159891 7.03696095841005 6.98933987626806
-9999 -9999 -9999 -9999 -9999 -9999 -9999 -9999 -9999 -9999 -9999 -9999 -9999 -9999 -9999 -9999 -9999 -9999 -9999 -9999 8.81985540076923 6.1185338832438 5.86393321817741 5.60205824839483 5.69137851390988 5.46575212171301 5.63056122828275 5.53947873683646 5.66168705606833 6.06707586150151 6.19697598955827 5.55578274186701 5.67029327573255 5.95238603139296 5.79149753600359 5.72946103592403 5.97276603768114 6.02153461577836 6.05416653200518 6.04789116350003 6.25193028803915 6.22682881401852 6.29818871873431 6.31826989795081 6.34516433440149 6.42351679259446 6.47622988803778 6.44574952672701 6.46009322616737 6.50240713951644 6.55745108611882 5.75492110243067 5.94354075007141 6.03032013168558 6.57824945030734 6.14602597383782 5.8797112875618 6.95348062766716 6.32006286038086 7.0546037087217 6.93540756637231 6.84461194891483
-9999 -9999 -9999 -9999 -9999 -9999 -9999 -9999 -9999 -9999 -9999 -9999 -9999 -9999 -9999 -9999 -9999 -9999 -9999 -9999 9.60460747029632 6.08851456941505 6.05808543560228 6.11976334319583 6.16361408148493 5.97258674143814 5.72121340874583 5.77536087413318 5.79902797820978 5.80548264295794 5.5128711743746 5.88231108308537 5.68105105031282 5.61004973808303 5.65451520634815 5.69587287306786 5.89764091186225 5.9510711922776 6.08357111585792 6.08367869360372 6.13302101967856 5.66276283352636 6.22008727528155 6.23077333136462 6.54167301673442 6.39016769139562 6.46314126229845 6.38209936046042 5.80010375566781 6.36399043991696 5.69754630466923 5.93995482521132 6.01956235710531 6.00234991777688 6.01023895246908 6.36536504444666 6.76586503898725 6.85737784141675 6.58111819019541 7.03997313529253 6.50796532304958 6.46684671798721
-9999 -9999 -9999 -9999 -9999 -9999 -9999 -9999 -9999 -9999 -9999 -9999 -9999 -9999 -9999 -9999 -9999 -9999 9.82983571616933 6.88166088082225 5.49834817869123 5.46822640986647 5.64017150690779 6.05654861066224 5.73727835211903 5.7322580573149 5.64160587685183 6.0189476271293 6.01720589219726 6.05142586086211 5.60969114559703 2.83418530388735 5.7122485965956 5.77141635678709 5.3776818071492 5.71529663272668 5.66365931474138 6.11387218092568 6.2023010879755 6.18394115269184 5.68858149251901 5.94282356509939 5.61750846179202 6.35269477660768 6.23615221865475 6.24637210450601 6.35448773903772 5.71332437405363 5.9313486055471 5.89190343208611 5.91485335119069 6.0389263513498 6.03964353632182 6.06976530514657 6.52625353983603 6.498402856756 6.65283668739721 6.95305031668395 6.99034393522888 6.88463087035343 6.46971545787528 6.50700907642022
-9999 -9999 -9999 -9999 -9999 -9999 -9999 -9999 -9999 -9999 -9999 -9999 -9999 -9999 -9999 -9999 12.1609682588054 8.33935691451188 6.7498522545211 5.5888927814085 4.65475935535505 5.57956937677227 5.12415691954084 5.96259737932789 4.94019897421822 5.01478621130809 5.66276283352636 5.69898067461327 5.68176823528484 5.63909572944976 5.40439694735687 5.63909572944976 4.85736410995014 5.5051614359254 5.61919384647626 5.608615368139 5.98621325590648 5.69145023240708 6.12929165782407 6.20746481977403 5.70658283531666 5.7282418214716 6.29209264647216 6.16443372145295 6.28097627940588 6.19455549027771 6.39077729862183 5.93493453040719 6.03390605654567 6.08124026469886 6.00019836286083 6.01525924727321 5.94927822984755 5.94354075007141 6.44353820639662 6.57490258710459 6.95563218258321 7.01257666936144 6.59474470466375 6.65307574905455 6.95692311553285 6.9034211166203
-9999 -9999 -9999 -9999 -9999 -9999 -9999 -9999 -9999 -9999 9.46824409300461 9.03410972464634 8.70731324092145 -9999 -9999 -9999 10.9003458108851 5.98314529797062 5.68760817005698 5.6046708507929 5.61542862537317 5.66778312833048 5.9991738129008 5.8438520389609 5.60359507333487 5.17471846006811 4.92513808980584 5.43971830722876 4.96816918812692 5.40995513089001 5.17471846006811 5.35258033312857 5.43541519739665 5.36993620945141 5.5010376223363 5.69252600986511 5.4375667523127 5.50139621482231 6.17170802616913 5.61392253693193 5.62176375929266 5.5767723553814 5.9512863477692 6.28778953664005 6.2698599123396 6.35706960493699 6.25379496896639 6.30739259254187 5.83524581929669 6.02243109699339 6.01525924727321 5.967207854148 5.8797112875618 6.52350433077663 6.88075807150453 6.91432232819498 6.97198399994522 7.02247382197529 7.07898799777031 6.75563320005313 6.72216456802562 6.72312081465498
-9999 -9999 -9999 -9999 -9999 -9999 -9999 -9999 -9999 -9999 -9999 -9999 -9999 -9999 -9999 -9999 -9999 11.6349997399375 11.9846346618085 6.16113467058167 5.70651111681946 5.83452863432467 5.83381144935265 5.83094270946458 5.10013122297823 6.35838102888582 5.41820275806822 5.26006347173825 4.84911648277193 3.74465162586421 5.44617297197692 4.86991484696046 5.10013122297823 5.16754661034793 5.47091585351154 5.22994170291349 5.27741934806108 4.6486632830929 5.36835840251297 6.0270415718135 5.6208075126633 5.369485407469 5.26508376654238 6.28420361177996 6.30751212337054 6.40317662991583 5.56988737965003 5.63515121210366 6.47374535438472 6.80217053601518 6.65893275965936 6.43102162105164 6.49024060874113 6.75969724822789 6.84073915006593 6.89667957788333 6.87057404490188 7.03767814338207 6.71762239653617 6.71953488979489 6.76065349485725 6.58637754665688
-9999 -9999 -9999 -9999 -9999 -9999 -9999 -9999 -9999 -9999 -9999 -9999 -9999 -9999 9.88840889316761 7.24734528262266 11.6838380386055 6.87921401444713 4.53749961243011 5.26548220263794 4.59021270787343 5.26910000238568 5.0348673905246 5.78504287125543 6.26330279259543 5.21488081850111 4.99757377197966 5.4651783737354 5.48023925814778 4.8598742573522 5.12144186214677 4.9552598586306 5.14029358141124 4.71930600283667 4.99578080954961 5.21057770866901 5.10766166518442 4.90828424296342 4.59559159516357 5.63897619862109 5.45896277064458 5.54263435071334 5.56450849235989 6.05757316062227 6.34516433440149 6.43292984535219 5.81731619499624 5.67387920059264 5.79006316605955 6.57896663527936 6.40798973795027 6.51499373577535 6.69744559265673 6.52517776237801 6.63275550818071 6.93942380221561 7.0187444601208 6.96811120109633 6.64112266618758 6.53067618049681 6.53115430381149 6.91274452125654
-9999 -9999 -9999 -9999 -9999 -9999 -9999 -9999 -9999 -9999 -9999 -9999 9.52544801734576 6.74052884988487 4.11830499628559 4.14484084025025 4.51347391586751 5.0707266391255 5.06986601715907 5.24237290909514 4.5651112338528 4.19755393569358 5.24500258732587 5.80512405047193 6.06566710530647 5.93430699355667 6.33512374479324 4.90003661578521 5.7800225764513 4.70711385831237 6.25520884791123 5.11734366230667 5.01155887893401 5.91306038876064 5.63013091729954 5.96989729779307 4.36143070179969 5.74577699403744 5.63228247221559 5.6365855820477 6.01648870722524 5.50534073216841 5.99051636573859 6.35645999771077 6.40684224199504 6.4613482998684 6.61536377260927 6.20014953305945 5.72766807349399 6.69339748192579 6.43242183933035 6.54956205142662 6.51657154271379 6.5792056969367 6.7440626158379 6.92488885344937 6.95448468662798 6.32269253861159 6.41736095491797 6.30237229773775 6.85336160557345 6.88606524029747
-9999 -9999 -9999 -9999 -9999 -9999 -9999 -9999 -9999 -9999 11.6406908246223 3.77979368949309 3.94259467814118 3.975585186854 3.81565293809399 3.72528763161972 3.65500350436196 7.75412098486381 8.30809960281476 5.23347245969881 6.33935513612814 5.78073976142332 5.63335824967362 5.26149784168229 4.60240485239774 4.83477278333157 4.97964414767921 4.96386607829481 4.99470503209159 5.53603624897078 6.37723274815029 6.37129035838214 5.39381846901961 5.26723532145843 5.3737372898031 5.49847624743623 4.1785485339351 5.50677510211244 5.86579789910465 5.75097658508457 6.35131163416164 6.43665664583179 6.12690104125068 5.91485335119069 5.9750968888402 6.43050934607163 6.5287636872381 6.66915264551062 6.32878861087374 6.36476739030331 6.49386068526655 6.50700907642022 5.85747855342925 5.84528640890494 6.55769014777616 7.2762008253485 7.06145282520447 6.93841974325478 7.02604181721108 6.83873103214428 6.81735891997814 6.77633593957871
-9999 -9999 -9999 -9999 -9999 -9999 -9999 -9999 -9999 -9999 10.6499997619539 10.1419663067811 10.428764337574 3.8400372271426 7.00304362604108 10.9420232388416 14.089999685064 -9999 -9999 9.22999979369342 7.80150788474135 9.68732011115162 4.56546982633881 4.44749289844185 8.25592439610045 6.40038757724687 4.81827752897516 5.04490798013285 4.89501632098109 5.15721914675087 6.52773913727807 4.71034119068645 5.12092958716676 6.28307660682393 5.8797112875618 5.84958951873705 5.86034729331732 5.89477217197418 6.59228578475969 5.74731894172728 5.87225256385282 6.12164168478921 4.20113986055367 5.60502944327891 5.56988737965003 6.56749167572707 6.56144683096292 6.54920345894061 6.06594031862915 6.31026133242995 6.26483961753547 6.43552964087576 6.70423494372517 6.7226426913403 5.98155155358836 6.01974165334832 5.81373027013615 6.84418163793161 6.01191238407046 6.74234137190506 6.76615191297606 6.53450116701424
-9999 -9999 -9999 -9999 -9999 -9999 -9999 -9999 -9999 -9999 -9999 -9999 -9999 -9999 -9999 -9999 -9999 -9999 -9999 -9999 -9999 -9999 -9999 -9999 11.5292312153208 4.60061188996769 4.83082826598547 4.79532760987058 4.9036225406453 4.93517867941409 4.93230993952602 5.67280342313461 5.67495497805066 4.65511794784106 4.64400158077478 6.08491583768046 5.80512405047193 5.87827691761777 5.56654051644728 5.97617266629823 5.88143253149465 4.39585558045655 6.03629667311907 6.43373667844571 6.50832391553558 6.54023864679039 6.43481245590374 6.66574601689354 6.58572866501553 6.24240197341091 6.1582864216928 6.40858397692708 6.63227738486603 6.36452832864597 6.87145857303403 5.85532699851319 5.79006316605955 6.83117668377236 6.0984527040273 6.05255286581814 6.62988676829264 6.41365549922921
-9999 -9999 -9999 -9999 -9999 -9999 -9999 -9999 -9999 -9999 -9999 -9999 -9999 -9999 -9999 -9999 -9999 -9999 -9999 -9999 -9999 -9999 -9999 -9999 -9999 10.6396679468453 6.93589827187948 4.55507064424455 4.74153873696923 4.96530044823885 5.39991454128176 4.94414349156432 5.53402813104913 5.23496199771762 5.34756003832445 5.41115043917671 5.59965055598877 5.75248267352581 5.8120090262033 5.87928097657859 5.94162825681269 5.2421338474378 5.71318093705922 5.45646969907518 5.96649066917598 6.26856897938997 6.33096407195553 6.41760001657531 6.83643604023382 6.62665943591855 6.47138888947666 6.37528610322624 6.34588151937351 6.29890590370633 5.70973844919354 5.76281013712287 6.44470960851759 6.47038483051583 6.59790031854063 6.57279884452 6.28013956360519 6.46622515767813
-9999 -9999 -9999 -9999 -9999 -9999 -9999 -9999 -9999 -9999 -9999 -9999 -9999 -9999 -9999 -9999 -9999 -9999 -9999 -9999 -9999 -9999 -9999 -9999 -9999 -9999 10.2249997714534 5.85360575458035 5.4375667523127 5.45083467429504 5.53151798364706 4.26963102538139 6.36288904870993 6.48214666405693 5.76711324695498 5.70973844919354 5.79364909091964 5.79723501577973 5.85245825862512 6.11913153738715 6.04220491122188 5.86495776813743 5.98370310850441 5.7867163028568 6.23055817587301 6.1811680374667 6.19838047679514 6.57000182312913 6.53593553695828 6.48393962648697 6.71908664918737 6.49254584615119 6.57118005558316 5.84528640890494 6.45604113107547 6.54898830344901 6.41171909980476 6.38150170631707 6.34420808777213 6.13216039771214 6.22085227258503 6.36357208201662
