EcologicalScience/Bass/data/rs_data_bass/sst_83.asc
NCOLS 226 
NROWS 124 
XLLCORNER -9.41648524995501 
YLLCORNER 47.587301625531 
CELLSIZE 0.0833 
NODATA_value -9999 
[rows 0 to 26 of 124, columns 62 to 123 of 226]
-9999 -9999 -9999 -9999 -9999 -9999 -9999 -9999 -9999 -9999 -9999 -9999 -9999 -9999 -9999 -9999 -9999 -9999 -9999 -9999 -9999 -9999 -9999 -9999 -9999 -9999 -9999 -9999 -9999 -9999 -9999 -9999 -9999 -9999 -9999 -9999 -9999 -9999 -9999 -9999 -9999 -9999 -9999 -9999 -9999 -9999 -9999 -9999 -9999 -9999 -9999 -9999 -9999 -9999 -9999 -9999 -9999 -9999 -9999 -9999 -9999 -9999
-9999 -9999 -9999 -9999 -9999 -9999 -9999 -9999 -9999 -9999 -9999 -9999 -9999 -9999 -9999 -9999 -9999 -9999 -9999 -9999 -9999 -9999 -9999 -9999 -9999 -9999 -9999 -9999 -9999 -9999 -9999 -9999 -9999 -9999 -9999 -9999 -9999 -9999 -9999 -9999 -9999 -9999 -9999 -9999 -9999 -9999 -9999 -9999 -9999 -9999 -9999 -9999 -9999 -9999 -9999 -9999 -9999 -9999 -9999 -9999 -9999 -9999
-9999 -9999 -9999 -9999 -9999 -9999 -9999 -9999 -9999 -9999 -9999 -9999 -9999 -9999 -9999 -9999 -9999 -9999 -9999 -9999 -9999 -9999 -9999 -9999 -9999 -9999 -9999 -9999 -9999 -9999 -9999 -9999 -9999 -9999 -9999 -9999 -9999 -9999 -9999 -9999 -9999 -9999 -9999 -9999 -9999 -9999 -9999 -9999 -9999 -9999 -9999 -9999 -9999 -9999 -9999 -9999 -9999 -9999 -9999 -9999 -9999 -9999
-9999 -9999 -9999 -9999 -9999 -9999 -9999 -9999 -9999 -9999 -9999 -9999 -9999 -9999 -9999 -9999 -9999 -9999 -9999 -9999 -9999 -9999 -9999 -9999 -9999 -9999 -9999 -9999 -9999 -9999 -9999 -9999 -9999 -9999 -9999 -9999 -9999 -9999 -9999 -9999 -9999 -9999 -9999 -9999 -9999 -9999 -9999 -9999 -9999 -9999 -9999 -9999 -9999 -9999 -9999 -9999 -9999 -9999 -9999 -9999 -9999 -9999
-9999 -9999 -9999 -9999 -9999 -9999 -9999 -9999 -9999 -9999 -9999 -9999 -9999 -9999 -9999 -9999 -9999 -9999 -9999 -9999 -9999 -9999 -9999 -9999 -9999 -9999 -9999 -9999 -9999 -9999 -9999 -9999 -9999 -9999 -9999 -9999 -9999 -9999 -9999 -9999 -9999 -9999 -9999 -9999 -9999 -9999 -9999 -9999 -9999 -9999 -9999 -9999 -9999 -9999 -9999 -9999 -9999 -9999 -9999 -9999 -9999 -9999
-9999 -9999 -9999 -9999 -9999 -9999 -9999 -9999 -9999 -9999 -9999 -9999 -9999 -9999 -9999 -9999 -9999 -9999 -9999 -9999 -9999 -9999 -9999 -9999 -9999 -9999 -9999 -9999 7.23073754329845 11.6149997403845 11.5399997420609 11.5299997422844 11.8099997360259 11.8449997352436 11.9816663988555 11.7449997374788 11.7349997377023 11.8099997360259 11.8349997354671 11.8749997345731 11.8649997347966 11.8499997351319 11.7949997363612 11.7799997366965 11.76999973692 11.7249997379258 11.6649997392669 11.6599997393787 11.0999997518957 11.1599997505546 11.2299997489899 11.6549997394904 11.6649997392669 11.7099997382611 11.5899997409433 11.6599997393787 11.6199997402728 11.6149997403845 11.5749997412786 11.3499997463077 11.3699997458607 11.6699997391552
-9999 -9999 -9999 -9999 -9999 -9999 -9999 -9999 -9999 -9999 -9999 -9999 -9999 -9999 -9999 -9999 -9999 -9999 -9999 -9999 -9999 -9999 -9999 -9999 -9999 -9999 -9999 7.18049164278219 11.499999742955 11.644999739714 11.7799997366965 11.76999973692 11.7449997374788 11.6599997393787 11.6499997396022 11.6399997398257 11.7549997372553 11.7549997372553 11.7549997372553 11.789999736473 11.8199997358024 11.8149997359142 11.7549997372553 11.7949997363612 11.7399997375906 11.7449997374788 11.6849997388199 11.6699997391552 11.7149997381493 11.6999997384846 11.7399997375906 11.7099997382611 11.6399997398257 11.6999997384846 11.5549997417256 11.5099997427315 11.5599997416139 11.6099997404963 11.6499997396022 11.459999743849 11.499999742955 11.6599997393787
-9999 -9999 -9999 -9999 -9999 -9999 -9999 -9999 -9999 -9999 -9999 -9999 -9999 -9999 -9999 -9999 -9999 -9999 -9999 -9999 -9999 -9999 -9999 -9999 -9999 -9999 9.93555533347858 10.1664283441912 10.879999756813 11.7449997374788 11.8824997344054 11.5499997418374 11.3999997451901 11.2599997483194 11.604999740608 11.6299997400492 11.499999742955 11.4249997446314 11.749999737367 11.8099997360259 11.7999997362494 11.7949997363612 11.7749997368082 11.7299997378141 11.6699997391552 11.6499997396022 11.6799997389317 11.644999739714 11.7149997381493 11.6999997384846 11.6549997394904 11.604999740608 11.5249997423962 11.5599997416139 11.5799997411668 11.6899997387081 11.5699997413903 11.5899997409433 11.5849997410551 11.5599997416139 11.6199997402728 11.4749997435138
-9999 -9999 -9999 -9999 -9999 -9999 -9999 -9999 -9999 -9999 -9999 -9999 -9999 -9999 -9999 -9999 -9999 -9999 -9999 -9999 -9999 -9999 -9999 -9999 -9999 9.44522782851513 11.2324997489341 11.7774997367524 11.9166664003084 12.0466663974027 11.9933330652614 11.8674997347407 11.9324997332878 11.9124997337349 11.7349997377023 11.977499732282 11.9449997330084 11.6349997399375 11.479999743402 11.3799997456372 11.5249997423962 11.789999736473 11.5474997418933 10.80333309186 10.7599997594953 11.6599997393787 11.5949997408316 11.4949997430667 11.4549997439608 11.5299997422844 11.5849997410551 11.5099997427315 11.3499997463077 11.3799997456372 11.5349997421727 11.5049997428432 11.479999743402 11.604999740608 11.3999997451901 11.5199997425079 11.644999739714 11.644999739714
-9999 -9999 -9999 -9999 -9999 -9999 -9999 -9999 -9999 -9999 -9999 -9999 -9999 -9999 -9999 -9999 -9999 -9999 -9999 -9999 -9999 -9999 -9999 -9999 -9999 10.2238886603672 11.6683330725258 12.0666663969556 11.9649997325614 12.0974997295998 12.102499729488 10.5449997643009 11.2174997492693 11.5774997412227 11.8699997346848 11.8262497356627 11.8649997347966 11.5149997426197 11.7099997382611 10.7599997594953 11.9524997328408 11.957499732729 11.7512497373391 10.7999997586012 10.6566664284716 10.6649997616187 10.3299997691065 11.3299997467548 11.3599997460842 11.3449997464195 11.2999997474253 11.3249997468665 11.5049997428432 11.4349997444078 11.4049997450784 11.7049997383729 11.8049997361377 11.7799997366965 11.644999739714 11.5949997408316 11.6549997394904 11.6599997393787
-9999 -9999 -9999 -9999 -9999 -9999 -9999 -9999 -9999 -9999 -9999 -9999 -9999 -9999 -9999 -9999 -9999 -9999 -9999 -9999 -9999 -9999 -9999 -9999 6.61833318540206 11.5649997415021 11.9133330670496 11.957499732729 11.9799997322261 11.977499732282 11.9699997324497 11.9324997332878 11.7649997370318 11.6274997401051 11.7349997377023 11.7429997375235 11.8379997354001 11.8879997342825 11.8599997349083 11.8662497347686 11.8387497353833 11.8837497343775 11.3899997454137 11.334999746643 11.1949997497723 11.459999743849 11.4749997435138 11.5949997408316 11.6499997396022 10.5999997630715 11.3749997457489 11.644999739714 11.6199997402728 11.5499997418374 10.9974997541867 11.0674997526221 12.1349997287616 11.7849997365847 11.76999973692 11.6299997400492 11.6949997385964 11.6999997384846
-9999 -9999 -9999 -9999 -9999 -9999 -9999 -9999 -9999 -9999 -9999 -9999 -9999 -9999 -9999 -9999 -9999 -9999 -9999 -9999 -9999 -9999 -9999 -9999 10.2869997700676 11.8124997359701 12.2233330601205 12.1266663956145 12.0074997316115 11.9124997337349 12.2274997266941 11.542499742005 11.4299997445196 11.8437497352716 11.7799997366965 11.8824997344054 11.9024997339584 11.7324997377582 11.8799997344613 12.2349997265264 9.76499978173524 9.71999978274107 9.6999997831881 11.7709997368976 11.7629997370765 11.7449997374788 11.6699997391552 11.459999743849 11.479999743402 11.5049997428432 10.2849997701123 10.0174997760914 11.3399997465312 11.3399997465312 11.1349997511134 11.2249997491017 11.1799997501075 12.22499972675 12.2199997268617 12.2199997268617 9.79999978095293 11.9099997337908
-9999 -9999 -9999 -9999 -9999 -9999 -9999 -9999 -9999 -9999 -9999 -9999 -9999 -9999 -9999 -9999 -9999 -9999 -9999 -9999 -9999 -9999 -9999 10.1256664403404 10.9837497544941 11.5524997417815 11.292499747593 11.707499738317 12.079999729991 12.1799997277558 12.0649997303262 11.9749997323379 11.9883330653732 11.5549997417256 11.6149997403845 11.4299997445196 11.4299997445196 11.6999997384846 11.6999997384846 11.9649997325614 11.7999997362494 11.6749997390434 11.8589997349307 11.8279997356236 11.7859997365624 10.5383330977832 10.7099997606128 10.7874997588806 10.8474997575395 11.4099997449666 11.5049997428432 11.499999742955 11.5649997415021 11.5499997418374 11.5999997407198 11.789999736473 11.8099997360259 11.5999997407198 11.5199997425079 11.6999997384846 11.1849997499958 11.6824997388758
-9999 -9999 -9999 -9999 -9999 -9999 -9999 -9999 -9999 -9999 -9999 -9999 -9999 -9999 -9999 -9999 -9999 -9999 -9999 -9999 -9999 -9999 12.0649997303262 11.7924997364171 11.5674997414462 11.5574997416697 11.624999740161 11.6424997397698 11.6799997389317 12.0533330639203 11.7083330716317 11.8199997358024 12.1199997290969 11.8983330673849 12.1316663955028 11.8149997359142 11.8249997356907 11.8499997351319 12.176666394497 11.914999733679 11.914999733679 11.437499744352 11.4699997436255 10.5374997644685 10.4574997662567 11.7649997370318 11.6549997394904 11.4749997435138 11.1924997498281 11.1599997505546 11.4349997444078 11.5249997423962 11.5549997417256 11.5849997410551 11.5399997420609 11.4449997441843 11.4349997444078 11.2699997480959 11.3249997468665 11.2699997480959 11.1599997505546 10.9799997545779
-9999 -9999 -9999 -9999 -9999 -9999 -9999 -9999 -9999 -9999 -9999 -9999 -9999 -9999 -9999 -9999 -9999 -9999 -9999 -9999 9.51267420597981 11.100714037594 11.997499731835 11.9983330651497 12.3066663915912 12.176666394497 11.6224997402169 11.6774997389875 11.7999997362494 10.6799997612834 10.629999762401 12.1049997294322 11.9949997318909 12.0199997313321 12.0766663967321 11.6599997393787 11.5074997427873 11.6949997385964 11.6949997385964 7.31999983638525 7.1199998408556 7.13999984040856 7.16999983973801 11.4499997440726 11.5499997418374 11.5849997410551 11.5899997409433 11.4849997432902 11.459999743849 11.5099997427315 11.4849997432902 11.4749997435138 11.4849997432902 11.4699997436255 11.4649997437373 11.4399997442961 11.4299997445196 10.1583331062769 10.7283330935364 11.9549997327849 11.604999740608 11.5049997428432
-9999 -9999 -9999 -9999 -9999 -9999 -9999 -9999 -9999 -9999 -9999 -9999 -9999 -9999 -9999 -9999 -9999 -9999 -9999 -9999 12.0524997306056 11.8049997361377 11.7999997362494 12.0299997311085 12.3799997232854 11.9099997337908 11.7974997363053 11.8674997347407 12.0449997307733 10.6199997626245 10.9849997544661 11.3949997453019 11.0699997525662 10.837499757763 10.0949997743592 10.1349997734651 9.2999997921288 9.47499978821725 9.50999978743494 8.55499980878085 8.62499980721623 7.59999983012676 7.71499982755631 7.5799998305738 11.528333075655 11.4449997441843 10.3999997675419 10.3999997675419 11.024999753572 11.2649997482076 11.0549997529015 11.2299997489899 11.3899997454137 11.31499974709 11.0299997534603 11.3399997465312 11.1749997502193 11.044999753125 11.6499997396022 11.7224997379817 11.556666408355 11.1449997508898
-9999 -9999 -9999 -9999 -9999 -9999 -9999 -9999 -9999 -9999 -9999 -9999 -9999 -9999 -9999 -9999 -9999 -9999 9.81290557308199 11.7649997370318 11.5124997426756 11.6699997391552 11.7674997369759 11.4974997430108 12.1037497294601 12.0124997314997 11.7149997381493 11.8449997352436 11.8549997350201 12.0999997295439 10.9024997563101 11.1924997498281 11.3424997464754 11.4324997444637 11.5124997426756 12.1916663941617 11.6999997384846 10.9649997549132 9.97999977692962 8.47499981056899 8.24499981570989 8.19499981682748 7.63499982934445 9.08999979682267 10.4599997662008 10.3849997678772 9.51999978721142 9.46499978844076 10.1149997739121 10.1349997734651 10.2399997711182 10.4349997667596 11.5383330754315 11.8637497348245 11.853749735048 11.8262497356627 11.9687497324776 11.7937497363891 11.7779997367412 11.5749997412786 11.5799997411668 11.8149997359142
-9999 -9999 -9999 -9999 -9999 -9999 -9999 -9999 -9999 -9999 -9999 -9999 -9999 -9999 -9999 -9999 11.603622095617 11.8874997342937 11.721666404667 11.3499997463077 11.5024997428991 11.707499738317 11.7849997365847 11.9949997318909 12.0216663979615 12.1999997273088 12.122499729041 11.7949997363612 12.2949997251853 11.6549997394904 11.5874997409992 11.4849997432902 11.9966663985203 12.1583330615734 12.0649997303262 12.0649997303262 10.4399997666478 10.464999766089 10.5399997644126 10.4749997658655 10.6549997618422 10.6749997613952 9.85499977972358 10.3799997679889 10.5349997645244 10.8299997579306 11.2449997486547 10.8049997584894 9.96999977715313 9.54999978654087 11.4983330763256 11.5762497412506 11.4916664098079 11.8066664027671 11.7849997365847 11.7166664047788 11.7749997368082 11.7883330698436 12.0266663978497 11.9966663985203 11.8916664008672 11.9039997339249
-9999 -9999 -9999 -9999 -9999 -9999 -9999 -9999 -9999 -9999 -9999 10.8580230131182 10.91174394215 -9999 -9999 -9999 10.6232555765052 11.2029997495934 11.5266664090256 11.3266664134959 11.2566664150606 11.363333079343 11.4874997432344 11.9874997320585 12.1599997282028 12.0949997296557 12.1449997285381 12.0999997295439 12.1324997288175 11.7574997371994 11.5899997409433 11.5924997408874 11.5699997413903 10.6149997627363 10.6149997627363 11.5049997428432 10.7149997605011 10.4999997653067 10.2999997697771 10.2699997704476 10.9149997560307 9.62499978486449 10.9449997553602 10.899999756366 11.5383330754315 11.4883330765491 9.48499978799373 10.2799997702241 10.0249997759238 9.86499977950007 11.6133330737551 11.6183330736433 11.4466664108137 11.6299997400492 11.6899997387081 11.6516664062316 11.7283330711847 11.8833330677201 11.5474997418933 11.5899997409433 12.011666398185 9.91833311164131
-9999 -9999 -9999 -9999 -9999 -9999 -9999 -9999 -9999 -9999 -9999 -9999 -9999 -9999 -9999 -9999 -9999 -9999 13.3105552580415 10.7349997600541 11.1649997504428 11.5349997421727 11.4933330764373 11.5199997425079 11.8499997351319 11.7966664029906 11.8749997345731 11.9699997324497 12.1349997287616 12.1749997278675 11.957499732729 12.0549997305498 12.0999997295439 11.9549997327849 11.8899997342378 11.894999734126 11.3099997472018 11.1674997503869 11.27249974804 11.5233330757668 11.5399997420609 10.5299997646362 10.5799997635186 10.6349997622892 9.87499977927655 11.6683330725258 9.32499979157001 9.32499979157001 11.5899997409433 9.8449997799471 7.54499983135611 11.886666400979 11.8449997352436 11.789999736473 11.7337497377302 11.4849997432902 11.2783330812429 11.0199997536838 11.0599997527897 11.1099997516721 11.4566664105902 11.6899997387081
-9999 -9999 -9999 -9999 -9999 -9999 -9999 -9999 -9999 -9999 -9999 -9999 -9999 -9999 9.32730769378654 8.6333331403633 10.7792854733499 11.2133330826958 11.9783330655967 11.4216664113725 10.7666664260129 11.6974997385405 11.6424997397698 11.5749997412786 11.5049997428432 11.3199997469783 11.6216664069022 11.7916664031024 12.0874997298233 12.079999729991 11.9099997337908 12.22499972675 12.0974997295998 12.0174997313879 12.0699997302145 11.9624997326173 11.7316664044435 11.8049997361377 11.479999743402 11.1649997504428 11.002499754075 10.9399997554719 11.1549997506663 10.7399997599423 10.0349997757003 9.64499978441745 9.79499978106469 10.5849997634068 11.3999997451901 10.5374997644685 10.6749997613952 11.701666405114 11.8699997346848 11.9266664000849 11.6116664071257 11.189999749884 11.189999749884 11.2474997485988 11.4549997439608 11.1024997518398 10.9749997546896 11.7589997371659
-9999 -9999 -9999 -9999 -9999 -9999 -9999 -9999 -9999 -9999 -9999 -9999 -9999 11.2916664142782 11.2599997483194 11.2416664153958 11.3299997467548 11.6333330733081 11.653333072861 11.9949997318909 11.9949997318909 11.334999746643 11.6649997392669 11.7174997380935 11.7474997374229 11.6849997388199 11.6649997392669 11.5416664086903 11.5716664080198 11.6949997385964 11.7049997383729 11.6924997386523 11.5849997410551 11.5949997408316 11.9324997332878 11.934999733232 10.4199997670949 10.4199997670949 11.9074997338466 10.8399997577071 10.6449997620657 10.8524997574277 11.1749997502193 11.4474997441284 10.5449997643009 10.5449997643009 10.3874997678213 11.4283330778902 10.1724997726269 9.97999977692962 10.2174997716211 10.3049997696653 11.7449997374788 11.0283330868309 11.2149997493252 11.3874997454695 11.4674997436814 11.5549997417256 11.5524997417815 11.5033330762138 11.5499997418374 12.1699997279793
-9999 -9999 -9999 -9999 -9999 -9999 -9999 -9999 -9999 -9999 8.60222202994757 11.320833080293 10.8874997566454 11.266666414837 11.5974997407757 11.4016664118196 11.5199997425079 11.3574997461401 11.0366664199779 11.6669997392222 11.4049997450784 11.3916664120431 11.582499741111 11.6349997399375 11.7624997370876 11.7874997365288 11.0383330866074 11.024999753572 11.7549997372553 11.7549997372553 11.7224997379817 11.7424997375347 11.6724997390993 11.6316664066787 11.6016664073492 10.1899997722358 10.1999997720122 10.2349997712299 11.6783330723022 11.6966664052258 11.169999750331 12.3199997246265 12.3199997246265 11.6916664053376 11.209999749437 11.3599997460842 11.0999997518957 10.9999997541308 11.5049997428432 11.4324997444637 11.0824997522868 11.2174997492693 11.3899997454137 11.542499742005 11.7874997365288 11.7399997375906 11.6599997393787 11.6624997393228 11.6716664057846 11.5899997409433 11.6166664070139 11.6474997396581
-9999 -9999 -9999 -9999 -9999 -9999 -9999 -9999 -9999 -9999 10.7566664262364 10.1468418784636 10.9993330874791 10.9126664227496 11.4066664117078 11.4199997447431 10.9055553117974 -9999 -9999 9.22999979369342 9.18978852698658 11.8283330689495 11.2833330811312 11.2966664141665 11.7049997383729 11.934999733232 11.9249997334555 11.9074997338466 11.8124997359701 11.7324997377582 11.7824997366406 11.6274997401051 11.5474997418933 11.7474997374229 11.6849997388199 11.5749997412786 11.5349997421727 11.6299997400492 11.5633330748727 11.5399997420609 11.3199997469783 11.3033330806841 7.95999982208014 8.0649998197332 11.5049997428432 11.5049997428432 10.1049997741356 11.4499997440726 11.3649997459725 11.4149997448549 11.6399997398257 11.7624997370876 11.5074997427873 11.4299997445196 11.542499742005 11.644999739714 11.6649997392669 11.7049997383729 11.8449997352436 11.9516663995261 12.1733330612381 12.7783330477153
-9999 -9999 -9999 -9999 -9999 -9999 -9999 -9999 -9999 -9999 -9999 -9999 -9999 -9999 -9999 -9999 -9999 -9999 -9999 -9999 -9999 -9999 -9999 -9999 11.2367616687326 9.74809502020833 11.76999973692 11.6949997385964 11.8374997354113 11.8299997355789 11.7299997378141 11.7024997384287 11.6466664063434 11.209999749437 11.209999749437 11.5649997415021 11.5649997415021 11.5649997415021 11.4666664103667 11.459999743849 11.5774997412227 11.5924997408874 11.2649997482076 11.832499735523 12.079999729991 12.0733330634733 11.7649997370318 11.5333330755432 11.5516664084668 11.7599997371435 11.8024997361936 11.6999997384846 11.3099997472018 11.5833330744257 11.5433330753197 11.5633330748727 11.7033330717434 11.8199997358024 11.9599997326732 12.176666394497 12.1466663951675 12.7016663827623
-9999 -9999 -9999 -9999 -9999 -9999 -9999 -9999 -9999 -9999 -9999 -9999 -9999 -9999 -9999 -9999 -9999 -9999 -9999 -9999 -9999 -9999 -9999 -9999 -9999 10.6396679468453 12.3099997248501 11.857999734953 11.6974997385405 11.8174997358583 11.6974997385405 11.6924997386523 11.1049997517839 11.3916664120431 11.6133330737551 11.7099997382611 11.5799997411668 11.5799997411668 12.0424997308291 11.9199997335672 11.7099997382611 11.7099997382611 11.2549997484311 11.2549997484311 11.8649997347966 12.0224997312762 12.1399997286499 12.2133330603441 12.1333330621322 11.5649997415021 11.0966664186368 11.5799997411668 12.1274997289293 11.9749997323379 11.818333069173 11.7549997372553 12.3366663909207 11.7883330698436 12.7599997147918 12.426666388909 12.5099997203797 12.6816663832093
-9999 -9999 -9999 -9999 -9999 -9999 -9999 -9999 -9999 -9999 -9999 -9999 -9999 -9999 -9999 -9999 -9999 -9999 -9999 -9999 -9999 -9999 -9999 -9999 -9999 -9999 -9999 11.292499747593 11.7428568803838 11.7574997371994 11.7024997384287 11.7424997375347 11.7749997368082 11.7749997368082 11.7316664044435 11.5799997411668 11.403333078449 10.7199997603893 11.9474997329526 11.4199997447431 11.3449997464195 11.2599997483194 12.0324997310527 11.6516664062316 11.6016664073492 11.6333330733081 11.818333069173 11.9049997339025 12.0916663963969 12.3516663905854 12.3966663895796 12.3933330563207 12.3724997234531 12.2924997252412 12.412499722559 12.4316663887973 12.1699997279793 12.1149997292086 12.2849997254089 12.273333059003 12.6616663836564 12.6699997168034
