EcologicalScience/Bass/data/rs_data_bass/sst_457.asc
NCOLS 226 
NROWS 124 
XLLCORNER -9.41648524995501 
YLLCORNER 47.587301625531 
CELLSIZE 0.0833 
NODATA_value -9999 
[rows 54 to 80 of 124, columns 124 to 185 of 226]
9.29638049425557 9.09807884949259 9.15186772239394 9.49002043670043 9.26590013294481 9.49504073150456 9.81490522902459 9.90849786787294 9.90383616555482 9.72812584741041 9.51404613326304 9.50615709857084 9.70804466819391 9.92571030720137 10.0476317524444 9.69728689361364 9.57715841080062 9.91172520024702 9.82422863366082 9.42547378921881 10.1448103161529 10.3735923222266 10.3649861025624 10.4108859407715 10.4259468251839 10.6030915132724 10.7250129585154 10.6511429063976 9.62771995132789 11.1402630573139 10.984992510872 11.1549653492402 11.544755381532 9.67003386467695 11.1011764763389 10.9728003663477 11.0954389965627 11.2478408031166 11.3337237035157 11.647456269525 12.3606728180312 11.6456394009292 8.40993986884132 11.9370555612259 11.184011340607 11.5545090971515 9.74246954685077 9.7238227375783 9.81418804405257 10.6739493885078 9.16325303382473 11.0542805478908 9.76664892590738 9.47629146723609 8.46839044406079 8.66367991194129 8.74127932591364 9.55702600408612 9.47897578813136 15.253953304697 17.3201155639254 12.3546640952207
8.6547390059568 9.19095430336893 9.20529800280929 9.31144137866795 9.27486494509503 9.40754416491836 9.40395824005827 9.25191502599046 9.67039245716296 9.66214482998475 9.62377543398179 9.59592475090176 9.8670804357389 10.1234382039867 9.58970914781094 9.58970914781094 10.2348170301411 9.91531112510711 10.2050538538024 10.2652973914519 10.4618060737848 11.0151142796967 10.3384502585977 10.5148777617142 10.5385448657908 11.6602221620269 11.1940519302152 11.22417369904 11.4472182253376 11.5576647110283 11.5397350867279 11.3921742787352 10.2552568018436 11.3125667468412 11.4897114349296 11.6412167602684 11.6881923759356 11.4052629044745 11.4106417917646 10.5198980565183 11.7854904704727 11.4332331183832 10.5399792357348 11.8253181425855 11.0068666525185 10.7642190703191 9.52874842518941 9.56675922870636 10.610406799987 7.19086885340512 10.4343481348561 10.961265641381 9.95332192862406 9.05741446157917 8.58672596444376 8.58618807571474 8.65485853678547 19.4083300072234 -9999 -9999 -9999 -9999
8.73530278448015 8.74414806580171 9.40467542503029 9.36164432670921 9.40467542503029 9.20135348546319 9.34012877754867 9.19848474557512 9.47137362742797 9.45989866787568 9.59257788769901 9.54165775468573 9.65138705540448 9.71951962774619 9.711630593054 9.86654254700989 9.90742209041491 10.6737342330161 10.7755744990427 11.0624484878499 10.4625232587568 11.3235038176645 11.4619205172639 11.4350260808133 11.7455671736971 11.8976103877649 11.8072450812906 11.8789635784924 11.8847010582685 11.7147282199003 6.86010314431041 11.6803033412434 10.2523880619556 10.0752433738671 11.8466902547516 8.37766654510051 11.3274483350106 10.8297219644301 10.6152836577967 10.6812646752223 10.7242957735434 10.7558519123122 11.2580606889678 10.149830610957 10.706904037972 9.80486463941634 10.4230780852959 10.110385437496 10.467748463553 9.70123141095974 9.72324898960069 9.50257117371075 9.28605303065851 9.53089998010546 6.53991989791393 -9999 -9999 -9999 -9999 -9999 -9999 -9999
8.77319405716844 8.97818942833692 8.50532547011971 9.37527084117755 9.36020995676517 9.49097668332979 9.50340788951144 9.52229376044124 9.75561793800443 9.39535202039406 9.39033172558993 9.59903255244717 9.63274024613202 9.70445874333382 9.73458051215857 9.87873469153419 10.1390728363767 9.71019622310996 10.8731116552372 11.2166432568338 11.2553712453227 11.4547486675438 11.505310208071 11.8294778154232 12.1601000875235 11.5698568555526 11.9851069543511 12.0647144862451 12.0998565498739 11.782681495999 5.98513747844845 6.21965696429834 11.822485261946 11.8814737258945 11.7165211823303 11.6476714250166 10.7501144325361 8.08128985541407 10.6088289930485 10.7242957735434 11.0800195196643 10.8892483171076 10.4725638483651 10.0171513911337 10.0099795414135 10.4827837342164 9.711630593054 9.30426952894777 10.1151188583113 9.11894893217832 9.34055908853188 7.80248419754207 6.73029266437516 12.807660742458 17.4999996088445 -9999 -9999 -9999 -9999 -9999 -9999 -9999
8.41567734861746 8.88160851877183 9.04154076753184 9.12784202583134 8.66597490385175 8.65414135181345 9.51942502055317 9.45631274301559 10.1957304491661 10.2060579127632 9.50651569105685 9.63130587618798 9.75753043126315 9.64995268546045 9.62341684149578 10.6240691737039 10.5449995305389 10.4747154032812 9.84000670304522 10.9767448836938 9.49002043670043 11.4579759999178 12.0862300354056 12.060411376413 12.0051881335676 11.6107363989577 12.0098498358857 11.7333750291727 11.8603167692199 8.58493300201371 11.8913350192597 11.2451155002229 11.8197958183009 11.7391125089489 11.70397044532 11.2345728811342 10.5139812804991 10.8347422592342 11.2327799187042 10.8763389876112 11.184728525579 11.1218553096987 10.9530777796172 10.5653197714128 10.3400639247848 10.7964625113527 6.14731093024602 8.61093095724937 9.42576066320762 6.75754569331184 8.51303520856891 8.0344935359899 8.01620531920344 18.3089180444367 15.2549996590242 -9999 -9999 -9999 -9999 -9999 -9999 -9999
7.73506881017238 8.50801491376478 8.59999388642609 10.0275505732279 10.0074693940114 9.03030486963689 9.18521682359278 9.22035888722166 9.24546036124229 9.53735464485362 9.53161716507748 9.71234777802601 9.69441815372556 9.67146823462099 9.59472944261506 10.6371577994432 11.3600802512374 11.5114062803332 11.502441468183 11.0506149358116 10.9588152593933 11.1835332172923 12.2407833968755 12.2526169489138 11.9187673444394 11.5002899132669 11.9671773300506 11.7785576824099 11.745208581211 12.2780770154204 11.6475997065194 11.638563175872 12.1055940296501 8.41245001624338 10.1261635068804 11.5755943353288 11.2822656817734 11.2098299995996 11.3088015257381 11.2198705892079 10.4887005102355 11.107989733573 11.3043549789116 10.3988730924902 10.187841414474 9.07961133646313 7.13765372848138 6.01239050738513 9.63819085191935 7.71403138432652 8.0348521284759 6.95979185542092 7.14482557820156 8.2764882959712 18.1549995942041 5.86499986890703 23.7447889405303 -9999 -9999 -9999 -9999 -9999
-9999 -9999 -9999 -9999 -9999 14.0749996853992 9.13357950560749 9.14720602007583 9.29709767922759 9.43551437882707 9.55456708418205 9.58755759289488 9.67290260456502 9.71378214797005 9.9547562985681 11.1938726339722 11.5289773121476 11.4059800894465 11.2722250921652 11.2073198521975 11.9356211912818 11.7925427893642 11.3131046355702 6.47784355422482 6.55027923639864 12.3831446138211 12.3587603247724 12.2974410096649 12.379917281447 11.9662808488356 12.3666493594646 10.213803510461 11.8386219238164 11.5662709306926 11.6883716721786 10.7727057591546 10.9896542131901 10.7042145943269 11.0441602710634 10.9803308085538 11.58581422118 10.629627357237 11.2864253546111 10.30994215596 10.0741675964091 8.28722313977655 -9999 10.7624090320564 6.01662531388657 18.0799995958805 7.90934475837275 7.88639483926818 7.84085359354503 8.15885341013782 5.37499987985939 5.37499987985939 11.4199997447431 -9999 -9999 -9999 -9999 -9999
-9999 -9999 -9999 -9999 -9999 -9999 -9999 7.43349252943881 9.1701559391804 9.27414776012301 9.41615038458258 9.4964751014486 10.4415455983253 10.6160008427687 10.6443296491634 11.1684723328799 11.502441468183 11.6181473103352 11.4189611374401 8.87180699082091 11.9664601450786 12.0439161220565 12.1081041770522 12.1586657175794 12.1328470585868 12.5434354550671 12.4184659736929 12.4677724405192 12.4534287410788 11.9802300965413 12.4731513278093 11.8149906789884 11.8907971305307 11.4669408120681 10.8576921783388 10.9903713981621 11.0513321207836 9.30857263877988 8.92344430880621 9.30857263877988 8.70757163222879 9.13501387555152 10.150189203443 10.0114139113575 9.28490553470328 15.2599996589124 -9999 -9999 -9999 -9999 -9999 -9999 -9999 -9999 -9999 -9999 -9999 -9999 -9999 -9999 -9999 -9999
-9999 -9999 -9999 -9999 -9999 -9999 -9999 -9999 14.9649996655062 7.37838881742209 9.3293710029684 9.33295692782849 9.28633990464732 9.98989836219698 10.7372051030397 7.50987272895873 11.2499923580326 11.5959145762026 11.266129019903 11.7851557841524 11.6116328801727 11.7322992517147 8.41280860872939 9.57895137323067 7.15486616780981 12.657826458104 12.5654888929566 12.1152043082751 12.1443220181391 11.9967253508978 11.7550340153277 11.1425939084729 11.58402125875 11.2967886774568 10.9753105137497 11.0455946410075 11.0319681265391 10.8792077274993 10.6138492878526 9.73386332718655 10.6382335769013 7.65259253839031 8.56556900776923 8.97508162679151 8.86343983281404 7.3749998351559 -9999 -9999 -9999 -9999 -9999 -9999 -9999 -9999 -9999 -9999 -9999 -9999 -9999 -9999 -9999 -9999
-9999 -9999 -9999 -9999 -9999 -9999 -9999 -9999 -9999 17.8399996012449 9.78370768274181 9.85076447762549 9.28992582950741 10.0422528651543 9.38029113598168 10.9925229530782 10.6873607474845 11.6044610304525 11.676478354726 11.663628790644 10.8571542896098 8.10011596092954 12.461497072014 9.95403911359608 11.2161053681048 12.6434827586636 12.6314699103823 12.3334795545088 12.3754348753719 12.5075762064662 11.8915860339999 11.6752830464393 12.5763747362819 11.22417369904 11.2349314736202 11.1180303231813 11.0785851497203 10.6948911896907 10.5980712184682 11.2037339273375 10.3298440389335 8.29590745829046 8.51464887475595 9.03317360952497 16.0407294882182 -9999 -9999 -9999 -9999 -9999 -9999 -9999 -9999 -9999 -9999 -9999 -9999 -9999 -9999 -9999 -9999 -9999
-9999 -9999 -9999 -9999 -9999 -9999 -9999 -9999 -9999 16.7049996266142 9.16513564437628 9.28490553470328 9.46922207251191 9.393200465478 10.8612781031989 10.9975432478823 11.5084180096164 8.61505477083847 8.2299264408648 12.4695654029492 9.92320015979931 11.6596842732979 11.2282377472147 11.3270897425245 11.8997619426809 12.4057359404396 11.981162437005 12.1712881730869 12.0539567116648 12.4290444520302 11.944227410946 6.10992766357958 11.3783684680238 11.2786797569133 11.1252021729015 10.8770561725833 10.9251075657085 10.6712240856141 10.2351756226271 8.81012908322737 8.70972318714485 8.61433758586645 9.0862452974543 9.13644824549556 6.60375737887807 5.30926792518485 7.71431339119176 24.1799994595349 -9999 -9999 -9999 -9999 -9999 -9999 -9999 -9999 -9999 -9999 -9999 -9999 -9999 -9999
-9999 -9999 -9999 -9999 -9999 -9999 -9999 -9999 -9999 7.43096954190519 8.46516311168671 9.472807997372 9.61265906691551 9.73601488210261 9.94901881879196 9.47639392223209 9.72023681271821 10.5356761259027 11.6989501505159 11.7677999078296 11.422833936289 11.515828920994 12.0675832261331 11.6731314915232 11.06424145028 12.220343625173 12.0283771143295 11.5870692948811 12.0199621439911 11.7871639020741 11.4500869652256 11.0900601092726 11.665242456831 11.384823132772 11.5404522716999 8.11015655053779 10.5672322646715 9.28849145956337 9.11278114141896 9.06329537834972 9.02026428002864 8.59138766676188 8.63298439513892 8.58923611184582 14.8049996690825 -9999 -9999 -9999 -9999 -9999 -9999 -9999 -9999 -9999 -9999 -9999 -9999 -9999 -9999 -9999 -9999 -9999
-9999 -9999 -9999 -9999 -9999 -9999 -9999 -9999 -9999 9.15724660968408 9.25478376587853 9.79697560472414 10.4123203107156 10.2774895359762 10.0967589230277 10.2452162122354 10.4969481374137 10.2624286515638 11.3927121674642 12.9583269613795 12.9583269613795 12.7550767403096 12.7382946119644 10.4897762876935 11.7297891043127 12.2275154748932 12.6449171286076 11.6336863180622 11.398210585583 11.6874751909636 11.8086794512346 11.6659596418031 10.8992889067158 10.7199926637113 10.4374217847362 10.1032135877758 9.83498640824109 9.52803124021739 9.42332223430276 9.26195561559871 8.77283546468243 8.63513595005497 8.91698964405805 9.71478620693087 -9999 -9999 -9999 -9999 -9999 -9999 -9999 -9999 -9999 -9999 -9999 -9999 -9999 -9999 -9999 -9999 -9999 -9999
-9999 -9999 -9999 -9999 -9999 -9999 -9999 -9999 11.1513281968821 9.87586595164612 10.151264980901 10.6231726924889 10.390087576583 10.6188695826568 12.0274208677001 9.75035858154297 12.1278267637827 12.4419537815265 12.5643055377528 12.6269875043072 12.6133609898388 12.9070482358802 12.2726981281303 12.3852961687371 12.0675832261331 11.9972990988754 12.4010742381215 12.0331583474763 11.9370555612259 11.4350260808133 12.3322244808078 11.6006958093494 10.9925229530782 9.80988493422046 9.40180668514222 8.45368815213442 9.2497634710744 9.21677296236157 9.20242926292121 9.07907344773412 9.18234808370471 9.32004759833217 9.58737829665188 -9999 -9999 -9999 -9999 -9999 -9999 -9999 -9999 -9999 -9999 -9999 -9999 -9999 -9999 -9999 -9999 -9999 -9999 -9999
-9999 -9999 -9999 -9999 -9999 -9999 -9999 -9999 10.3565233198926 10.4524826691486 10.2954191602767 10.8318735193461 9.74820702662691 11.2005065949634 11.584917739965 12.6449171286076 12.5994954137132 12.657826458104 12.6700186026283 12.5863470225595 11.8875697981566 12.5466627874412 12.9117099381983 12.6398968338035 12.1719336395618 11.9762616730295 11.6831720811315 11.9585711103864 11.7125766649842 11.1495864619501 12.0582598214969 11.4493697802536 10.427381195128 8.63872187491506 9.35877558682114 8.90623186947778 9.15939816460013 9.24115725141019 9.40969571983442 9.33797722263262 9.43479719385505 10.3137790955603 17.1849996158853 -9999 -9999 -9999 -9999 -9999 -9999 -9999 -9999 -9999 -9999 -9999 -9999 -9999 -9999 -9999 -9999 -9999 -9999 -9999
-9999 -9999 -9999 -9999 -9999 -9999 -9999 6.74422566814778 10.8505203286186 11.0212103519589 11.2564470227808 11.5727255954407 11.4931180635467 11.4688772114925 12.4398022266105 12.5524002672173 12.4335866235197 12.2306232764386 12.579653296154 12.4558193576522 11.8603167692199 10.9702902189456 12.9203161578625 12.977690955624 12.1644031973556 11.9800866595469 11.2862101991195 11.8796807634644 11.8366496651433 12.0051881335676 11.5210882774554 10.7049317792989 10.1849726745859 11.3747825431637 8.95284889265895 9.89953305572271 9.60118410736322 9.55815300904214 9.4964751014486 9.45774711295962 9.82159895543009 10.5471785251723 -9999 -9999 -9999 -9999 -9999 -9999 -9999 -9999 -9999 -9999 -9999 -9999 -9999 -9999 -9999 -9999 -9999 -9999 -9999 -9999
-9999 -9999 -9999 3.8400372271426 -9999 8.97982794081981 10.4847559928894 10.6203039526008 10.6647694208659 10.8297219644301 11.2005065949634 12.0568254515529 12.0281380526721 12.5136722787283 12.939680152107 12.6649983078241 12.8081962405704 12.8901943890378 12.671931095887 12.1299783186987 12.4412365965545 12.8566659915959 12.7049813700141 12.128783010412 12.2562028737739 10.988219843246 11.995625667274 11.9781741662882 11.7147282199003 10.8175298199058 11.3711966183037 10.7027802243829 10.4410077095963 10.2753379810601 9.56245611887425 9.08552811248228 9.86080506723374 10.1340525415726 10.1713461601175 17.1330666934262 13.2949997028336 -9999 -9999 -9999 -9999 -9999 -9999 -9999 -9999 -9999 -9999 -9999 -9999 -9999 -9999 -9999 -9999 -9999 -9999 -9999 -9999 -9999
-9999 -9999 3.88019958557561 -9999 9.27163761272095 10.7199926637113 10.8627124731429 10.945188744925 11.2388759909663 10.7247738968581 11.2722250921652 11.9277321565896 12.2836351989536 12.8543351404369 12.8306680363603 12.9074068283662 13.1670277882367 13.0429547880776 12.7919400478713 12.8914494627388 12.6922513367608 11.7190313297324 11.7599108731374 11.1904660053551 11.2568056152668 12.1366720451042 12.4950254694559 12.4003570531495 11.8931638409384 10.5306558310986 10.9416028200649 10.7615893920884 10.7027802243829 10.586596258916 9.60477003222331 10.187841414474 10.3999488699483 12.8080049912445 9.68911098493263 -9999 -9999 -9999 -9999 -9999 -9999 -9999 -9999 -9999 -9999 -9999 -9999 -9999 -9999 -9999 -9999 -9999 -9999 -9999 -9999 -9999 -9999 -9999
16.7749996250495 16.7749996250495 -9999 18.4099995885044 9.79482404980808 10.7049317792989 11.0520493057556 10.9925229530782 11.3027054534759 11.5103305028751 11.8138790422818 11.6406788715394 12.7998290825635 11.8897213530727 12.7273934003897 12.6083406950347 13.2030663330806 12.9590441463515 12.7639698339626 12.6944028916769 12.7636112414766 11.6552018672228 11.7111422950402 11.4802087340504 12.2428154209629 12.5531174521893 12.5201269434765 12.5473799724132 11.187597265467 10.6489913514815 10.4524826691486 10.8899655020796 10.7501144325361 7.89500105893239 10.2456943355501 9.07656330033205 9.18629260105081 9.54930772772059 -9999 -9999 -9999 -9999 -9999 -9999 -9999 -9999 -9999 -9999 -9999 -9999 -9999 -9999 -9999 -9999 -9999 -9999 -9999 -9999 -9999 -9999 -9999 -9999
10.8250326780746 11.3697622483596 8.15677357371897 8.83881648210809 9.54703664197586 11.3202764852904 11.6903439308517 11.6272316533141 11.0757164098322 11.7674413153436 11.5377628280548 12.0290345338872 12.9095583832823 12.8500320306048 12.6649983078241 13.2719160903944 12.8620448788861 12.5850321834441 12.7937330103014 12.5113772868179 12.4339213098399 12.3626331236213 12.5090105764102 11.7718161436729 12.2320576463826 11.7584765031934 12.182332821656 12.0747550758533 11.8660542489961 10.6762443804182 10.4037140910514 10.6999114844948 10.6987161762081 10.2404349790886 11.0354515964032 9.81974622758571 9.87285377476364 13.8099996913224 13.4560015763435 13.2399997040629 -9999 -9999 -9999 -9999 -9999 -9999 -9999 -9999 -9999 -9999 -9999 -9999 -9999 -9999 -9999 -9999 -9999 -9999 -9999 -9999 -9999 -9999
7.02003539307043 8.0068819145672 9.04536575404927 8.86140780872665 9.74175236187875 10.8003173805773 11.0463118259795 10.8619952881709 11.5490584913641 11.4020355721004 10.2905781617155 10.8056962678675 13.2846461236477 12.9873729527462 12.89987638616 12.8665272849612 12.1299783186987 12.7469964562915 12.6052328934893 12.6101336574648 12.0424817521125 12.0724600839429 11.5435600732453 11.2539368753787 11.6544846822508 11.571530287154 11.4206823813729 11.464430664666 10.8304391494021 10.8512375135906 10.0542059480213 10.3580533144996 10.069147301605 8.08669908514533 9.7476508423629 9.76434368849732 16.5167044565039 10.08207550439 13.5499996971339 13.6099996957928 -9999 -9999 -9999 -9999 -9999 -9999 -9999 -9999 -9999 -9999 -9999 -9999 -9999 -9999 -9999 -9999 -9999 -9999 -9999 -9999 -9999 -9999
8.40000173422907 7.53856012783945 7.89284950401634 9.03030486963689 10.0558793796226 10.350642403122 10.3147831545211 11.3209936702624 11.4744712542742 11.6301003932022 9.22645495948382 12.7989326013485 12.9475691867992 12.7887127154972 12.700140371453 12.9540238515474 12.8113040421158 12.7169942182954 12.3702352843247 12.1610563341528 11.8800393559504 10.8838694298174 11.4902493236586 11.0821710745804 11.6547715562396 10.6052430681884 10.4861903628334 10.1247291369364 10.4747154032812 10.230155327823 9.97914058761671 9.14110994781367 10.2098350869492 10.4582201489247 9.76398509601131 10.0356189041631 15.5249996529892 12.7752159046941 12.9649997102097 -9999 -9999 -9999 -9999 -9999 -9999 -9999 -9999 -9999 -9999 -9999 -9999 -9999 -9999 -9999 -9999 -9999 -9999 -9999 -9999 -9999 -9999 -9999
9.09628588706255 9.44555496843532 9.47101503494196 10.1071581051219 10.2448576197494 10.3624759551603 11.1750465284567 12.3264870010316 12.2138889604248 12.4555802959949 12.3532021412393 13.0092470943928 12.8907681370154 12.0934018851258 13.0235907938331 12.7912228628993 12.6574678656179 12.2375560645014 11.756803071592 11.6726533682086 11.5547959711403 11.1897488203831 11.0154728721827 10.8591265482828 10.5249183513224 9.58970914781094 10.270317686256 10.1620227554813 10.2323068827391 9.5512202209793 8.93683176161721 13.4482272932451 -9999 -9999 -9999 13.6052278061397 -9999 -9999 -9999 -9999 -9999 -9999 -9999 -9999 -9999 -9999 -9999 -9999 -9999 -9999 -9999 -9999 -9999 -9999 -9999 -9999 -9999 -9999 -9999 -9999 -9999 -9999
9.14075135532767 9.28992582950741 9.24402599129826 9.84395122039132 9.79123812494799 10.3441877383739 11.7299684005557 11.8560136593878 12.7976775276475 7.90002135373652 12.9474257498048 12.1983499526978 12.6898607201874 12.0984221799299 12.0384177039377 12.1895046713762 12.4857020648196 12.1993061993271 11.7728202026337 11.3391623562202 11.3245795951225 9.75932339369319 10.3348643337376 10.0752433738671 10.9347178443335 9.80988493422046 10.3757438771427 9.68533381074667 9.30211797403172 8.00975065445527 7.95739615149796 8.65234838938341 8.93276771344244 15.5613239395106 -9999 -9999 -9999 -9999 -9999 -9999 -9999 -9999 -9999 -9999 -9999 -9999 -9999 -9999 -9999 -9999 -9999 -9999 -9999 -9999 -9999 -9999 -9999 -9999 -9999 -9999 -9999 -9999
8.89949033074081 8.97192601291463 11.0142434122307 8.25492545988943 11.7280678603798 12.1722922320478 11.1987136325333 10.8827936523594 11.0341196814552 11.4343088958412 11.9460203733761 12.2856074576266 12.4017914230935 12.2059999257326 12.4347819318064 11.9628742202185 12.0845566038042 11.2923062713817 11.2621845025569 10.9702902189456 10.4001281661913 10.2186803682707 9.71234777802601 9.56604204373434 10.7406475909054 8.82016967283562 9.92822045460343 9.20434175617993 8.36762595549226 7.76088746916503 8.66836552042514 8.31688511872198 8.7276528114453 9.82967923944816 11.455896163499 4.99999988824129 -9999 -9999 -9999 -9999 -9999 -9999 -9999 -9999 -9999 -9999 -9999 -9999 -9999 -9999 -9999 -9999 -9999 -9999 -9999 -9999 -9999 -9999 -9999 -9999 -9999 -9999
-9999 -9999 -9999 -9999 7.15999983996153 9.53417853997754 10.7355914368527 10.7637409470044 11.663090901915 12.2000831497135 13.1118045453914 12.3716696542688 12.3537400299683 12.5301675330848 12.1249580238946 12.048458293546 11.0047150976025 10.707800519187 10.5923337386921 10.0652027842589 9.8550675874576 9.4606158528477 9.16513564437628 9.11995299113914 9.4089785348624 10.508423096966 12.339037738042 -9999 -9999 -9999 -9999 -9999 -9999 -9999 -9999 -9999 -9999 -9999 -9999 -9999 -9999 -9999 -9999 -9999 -9999 -9999 -9999 -9999 -9999 -9999 -9999 -9999 -9999 -9999 -9999 -9999 -9999 -9999 -9999 -9999 -9999 -9999
-9999 -9999 -9999 -9999 -9999 12.2526169489138 11.0727042329498 12.4445356474258 11.9539094080683 10.2670903538819 12.3563697081991 12.0202490179799 11.9769788580015 12.0929237618111 11.917452505324 11.6853236360475 11.8660542489961 10.4216437153518 10.1060823276639 9.5961638125591 9.44985807826743 10.6053865051828 8.6200750656426 10.2379009255208 17.3299996126443 -9999 -9999 -9999 -9999 -9999 -9999 -9999 -9999 -9999 -9999 -9999 -9999 -9999 -9999 -9999 -9999 -9999 -9999 -9999 -9999 -9999 -9999 -9999 -9999 -9999 -9999 -9999 -9999 -9999 -9999 -9999 -9999 -9999 -9999 -9999 -9999 -9999
