EcologicalScience/Bass/data/rs_data_bass/sst_489.asc
NCOLS 226 
NROWS 124 
XLLCORNER -9.41648524995501 
YLLCORNER 47.587301625531 
CELLSIZE 0.0833 
NODATA_value -9999 
[rows 27 to 53 of 124, columns 62 to 123 of 226]
-9999 -9999 -9999 -9999 -9999 -9999 -9999 -9999 -9999 -9999 -9999 -9999 -9999 -9999 -9999 -9999 -9999 -9999 -9999 -9999 -9999 -9999 -9999 -9999 -9999 -9999 -9999 -9999 12.5299997199327 6.07191686006263 13.4090777162928 15.8039376341039 16.7350230240263 15.4950102074072 15.327188923955 16.6403546077199 17.5131687186658 17.3159428513609 17.2442243541591 18.1313821645454 16.7715994575992 16.9315317063592 17.3661457994021 17.2191228801385 17.3424786953256 18.0589464823715 18.6807458531111 18.2396770953201 18.3364970665425 18.197363181971 18.0704214419238 17.7663350137882 17.7907193028368 17.7727896785364 17.6623431928456 17.5131687186658 17.5848872158676 17.6193120945245 17.7326273201033 17.7943052276969 17.3116397415288 17.5949278054759
-9999 -9999 -9999 -9999 -9999 -9999 -9999 -9999 -9999 -9999 -9999 -9999 -9999 -9999 -9999 -9999 -9999 -9999 -9999 -9999 -9999 -9999 -9999 -9999 -9999 -9999 -9999 -9999 -9999 -9999 9.78499978128821 13.3608726406736 14.8832514262758 15.9210180807859 16.1749015608802 17.1524246777408 17.2356181344949 17.2212744350545 17.1517074927688 16.9014099375345 18.7445753156208 18.7331003560685 18.8607592810877 17.9269844475202 17.5031281290576 17.3015991519205 19.3333841776475 19.2946561891586 18.7596362000331 17.8617206150666 17.9714499157853 17.9929654649459 17.9836420603096 17.8523972104304 17.7778099733405 17.839487880934 17.9492171816528 17.959257771261 17.9327219272964 17.8437909907661 18.076876106672 18.0926541760564
-9999 -9999 -9999 -9999 -9999 -9999 -9999 -9999 -9999 -9999 -9999 -9999 -9999 -9999 -9999 -9999 -9999 -9999 -9999 -9999 -9999 -9999 -9999 -9999 -9999 -9999 -9999 -9999 -9999 -9999 -9999 12.5849997187033 16.7178105846979 16.7486495384946 16.6575670470484 17.2284462847747 16.5299081220292 16.763710422907 16.7701650876552 17.0305032324977 17.2097994755022 17.5461592273787 17.7433850946836 18.2468489450403 17.5497451522388 17.3912472734228 19.1899471832439 18.4885402806103 19.3097170735709 18.6620990438387 18.3823969047517 18.0073091643862 18.1937772571109 18.0553605575114 17.9155094879679 17.8803674243391 17.8825189792551 17.9147923029959 17.8760643145069 17.9908139100298 18.2296365057118 17.9513687365688
-9999 -9999 -9999 -9999 -9999 -9999 -9999 -9999 -9999 -9999 -9999 -9999 -9999 -9999 -9999 -9999 -9999 -9999 -9999 -9999 -9999 -9999 -9999 -9999 -9999 -9999 -9999 -9999 -9999 -9999 -9999 11.914999733679 14.6994130117819 16.9924924289808 17.2284462847747 17.6845759269781 17.9449140718207 17.8301644762978 18.3508407659829 17.7405163547955 17.8222754416056 17.0857264753431 17.7405163547955 17.7103945859708 17.2499618339352 17.7735068635084 18.8241828475147 19.154087934643 18.1736960778944 18.0940885460004 17.9284188174643 18.2016662918031 18.1263618697412 18.0632495922036 18.0345621933229 17.8201238866895 17.9233985226601 18.1084322454408 18.2260505808517 18.1808679276146 18.2461317600682 18.2611926444806
-9999 -9999 -9999 -9999 -9999 -9999 -9999 -9999 -9999 -9999 -9999 -9999 -9999 -9999 -9999 -9999 -9999 -9999 -9999 -9999 -9999 -9999 -9999 -9999 -9999 -9999 -9999 -9999 -9999 -9999 -9999 11.4499997440726 13.059091449948 16.8877834230661 17.1904354812577 17.3647114294581 16.5915860296227 16.7393261338584 16.8798943883739 17.5253608631901 18.6326944599859 17.3690145392902 17.7261726553552 18.7582018300891 17.5769981811754 18.2102725114673 17.9463484417647 18.951841772534 18.3443861012347 18.4031952689402 18.117755650077 17.600665285252 17.7161320657469 17.7663350137882 18.0711386268958 18.1995147368871 18.156483638566 18.1823022975586 18.3035065578297 18.195211627055 18.2267677658238 18.4390545175411
-9999 -9999 -9999 -9999 -9999 -9999 -9999 -9999 -9999 -9999 -9999 -9999 -9999 -9999 -9999 -9999 -9999 -9999 -9999 -9999 -9999 -9999 -9999 -9999 -9999 -9999 -9999 -9999 -9999 -9999 -9999 -9999 12.1778341159225 17.280800787732 17.6960508865304 17.4873500596732 16.9838862093166 16.9724112497643 17.1309091285802 17.9750358406454 18.2325052455999 16.9996642787009 18.5896633616649 18.7883235989138 18.6448866045102 17.2449415391311 17.4507736261003 19.1727347439155 19.2530594607815 19.4259010390379 19.0242774547078 18.2669301242568 18.3207189971581 18.6305429050699 18.7008270323277 18.1249274997972 18.0338450083509 17.919095412828 17.9348734822124 18.0159153840505 17.9477828117087 17.9312875573523
-9999 -9999 -9999 -9999 -9999 -9999 -9999 -9999 -9999 -9999 -9999 -9999 -9999 -9999 -9999 -9999 -9999 -9999 -9999 -9999 -9999 -9999 -9999 -9999 -9999 -9999 -9999 -9999 -9999 -9999 -9999 8.16999981738627 12.4449997218326 14.1897335583344 16.5499893012457 16.085253439378 17.7943052276969 17.9348734822124 17.7641834588721 17.7484053894877 18.2475661300123 18.1536148986779 16.9652394000441 17.0921811400913 17.1301919436082 18.5308541939594 17.3912472734228 17.4457533312961 17.9061860833317 17.8645893549547 17.8595690601505 17.7354960599914 18.0933713610284 18.4440748123452 18.55595566798 18.517227679491 18.675725558307 18.7051301421598 18.515076124575 18.79406107869 18.6850489629433 17.8337504011579
-9999 -9999 -9999 -9999 -9999 -9999 -9999 -9999 -9999 -9999 -9999 -9999 -9999 -9999 -9999 -9999 -9999 -9999 -9999 -9999 -9999 -9999 -9999 -9999 -9999 -9999 -9999 -9999 -9999 -9999 -9999 -9999 -9999 12.2399997264147 16.1368907573633 16.1799218556844 16.3807336478494 16.643223347608 16.8648335039616 16.9867549492046 17.2427899842151 17.7684865687042 18.5186620494351 18.5502181882039 18.5867946217768 18.6312600900419 17.6451307535172 18.0976744708605 18.5638447026722 18.753898720257 18.8241828475147 18.3852656446397 17.9026001584716 18.3228705520742 18.4153874134645 17.9513687365688 18.0316934534349 17.9807733204216 18.6219366854057 18.5430463384837 18.4670247314498 18.2898800433613
-9999 -9999 -9999 -9999 -9999 -9999 -9999 15.7005979786166 18.2497176849283 19.6012527646963 15.3043414598464 5.697386930231 7.78249656419148 15.656543613314 8.41999981179833 -9999 -9999 -9999 -9999 -9999 -9999 -9999 -9999 -9999 -9999 -9999 -9999 -9999 -9999 -9999 -9999 -9999 -9999 -9999 13.9623859222047 17.6028168401681 17.6128574297763 17.5683919615112 16.4739676942118 15.5796380341053 15.8586229882203 17.0197454579175 17.6429791986011 17.2456587241031 17.4923703544773 18.8837092001922 18.8758201655 17.5497451522388 17.9872279851697 18.2152928062715 18.8292031423189 18.4426404424012 17.9284188174643 18.4110843036324 18.3623157255352 17.9800561354496 18.4333170377649 18.7381206508726 18.3372142515145 18.8220312925987 19.4495681431144 19.2351298364811
-9999 -9999 -9999 -9999 15.4149996554479 17.6350901639089 18.1055635055527 18.2009491068311 18.1005432107486 18.1701101530343 14.977331383118 20.3145123954369 -9999 -9999 -9999 -9999 -9999 -9999 -9999 -9999 -9999 -9999 -9999 -9999 -9999 -9999 -9999 -9999 -9999 -9999 -9999 -9999 -9999 -9999 16.0701925549656 17.8280129213817 18.1062806905247 16.2774590118788 15.2174596232362 17.5009765741415 17.9886623551138 16.6869716309011 18.1141697252169 18.8191625527106 18.9568620673381 19.0364695992321 19.1354411253706 18.8184453677386 17.836619141046 17.9922482799739 17.956389031373 17.9850764302537 18.596118026413 18.5674306275323 18.2525864248164 18.2654957543127 18.7087160670199 18.8586077261716 19.310434258543 18.6950895525515 18.6427350495942 18.3128299624659
16.8863490531221 18.0546433725394 14.6927296793615 17.5490279672667 16.7077699950896 17.6300698691048 17.5633716667071 18.4308068903629 18.8941083822865 14.4482058319012 14.3849996784702 -9999 -9999 -9999 -9999 -9999 -9999 -9999 -9999 -9999 -9999 -9999 -9999 -9999 -9999 -9999 -9999 -9999 -9999 -9999 -9999 -9999 -9999 -9999 13.9199996888638 17.718283620663 18.2611926444806 16.5334940468892 18.5243995292112 18.5337229338475 18.8808404603042 18.8041016682982 18.8700826857239 18.8256172174588 18.7625049399212 18.0510574476793 18.0044404244982 18.1930600721389 17.8531143954024 17.8272957364097 17.637241718825 17.9212469677441 17.9269844475202 18.2439802051522 18.4878230956383 18.6527756392024 18.7001098473556 18.793343893718 18.7280800612643 18.5710165523924 18.9468214777298 18.0940885460004
16.2738730870187 16.1813562256284 16.245185688138 16.2681356072426 16.6998809603974 17.5095827938057 17.7476882045157 18.1909085172229 18.2647785693407 15.4899996537715 -9999 -9999 -9999 -9999 -9999 -9999 -9999 -9999 -9999 -9999 -9999 -9999 -9999 -9999 -9999 -9999 -9999 -9999 -9999 -9999 -9999 -9999 -9999 -9999 -9999 17.5648060366511 18.1937772571109 14.6802880791947 15.0381633802317 15.3056733747944 17.8251441814937 18.6570787490346 18.6212195004337 18.5753196622245 18.4067811938003 18.2282021357678 18.4863887256943 18.0159153840505 17.6429791986011 18.1120181703009 18.2031006617472 18.6527756392024 18.3910031244159 17.9671468059532 18.0869166962802 17.9226813376881 17.9764702105895 18.1041291356087 18.5387432286516 18.5243995292112 18.7847376740538 18.077593291644
16.9293801514432 17.1452528280206 17.3776207589544 16.4754020641558 16.7256996193901 16.4997863532044 17.9771873955615 18.2640613843687 12.7211436456335 -9999 -9999 -9999 -9999 -9999 -9999 -9999 -9999 -9999 -9999 -9999 -9999 -9999 -9999 -9999 -9999 -9999 -9999 -9999 -9999 -9999 -9999 -9999 -9999 -9999 -9999 -9999 18.0596636673436 15.3028046349064 15.448393184226 15.3494216580875 15.5710318144411 18.5408947835676 18.5265510841273 18.4591356967576 18.4003265290521 18.3615985405631 18.076876106672 17.8423566208221 18.0065919794142 18.4189733383246 18.3400829914026 18.3393658064306 18.396740604192 18.3723563151434 18.236808355432 18.2454145750962 18.1765648177825 18.1693929680623 17.9348734822124 17.8488112855703 17.6365245338529 17.1495559378527
16.2523575378582 16.404400751926 16.2107608094811 16.3800164628774 16.7895290818997 16.9315317063592 16.8347117351368 18.236808355432 12.7897884929553 -9999 -9999 -9999 -9999 -9999 -9999 -9999 -9999 -9999 -9999 -9999 -9999 -9999 -9999 -9999 -9999 -9999 -9999 -9999 -9999 -9999 -9999 -9999 -9999 -9999 -9999 -9999 -9999 -9999 -9999 14.6949996715412 13.8153015299434 14.3814908902277 18.4146702284925 18.3099612225778 18.3128299624659 18.3200018121861 18.2253333958797 18.2877284884453 17.5748466262594 17.7498397594318 18.0051576094702 17.9664296209812 18.0489058927633 18.1536148986779 18.0130466441624 18.0431684129871 18.0632495922036 18.0166325690225 18.115604095161 18.1937772571109 17.9872279851697 17.8982970486395
16.322641665116 16.5966063244268 15.8198949997313 15.7589342771098 16.3685415033251 18.0517746326514 18.1227759448811 18.3142643324099 15.9949996424839 -9999 -9999 -9999 -9999 -9999 -9999 -9999 -9999 -9999 -9999 -9999 -9999 -9999 -9999 -9999 -9999 -9999 -9999 -9999 -9999 -9999 -9999 -9999 -9999 -9999 -9999 -9999 -9999 -9999 -9999 -9999 -9999 -9999 -9999 11.8202403012027 16.4146804031916 18.1528977137059 18.195211627055 18.2454145750962 17.7907193028368 17.4973906492814 17.5067140539177 17.6436963835731 17.7075258460827 17.8739127595909 17.9822076903656 18.0890682511963 18.1062806905247 17.9743186556734 18.0223700487986 17.9649952510372 17.7620319039561 17.7053742911667
16.4574724398553 15.1952268891037 17.720076583093 17.8541901728604 18.5918149165809 18.4548325869255 18.6839731854852 17.520340568386 18.596835211385 16.0049996422604 -9999 -9999 -9999 -9999 -9999 16.1899624452926 16.1899996381253 -9999 -9999 -9999 -9999 -9999 -9999 -9999 -9999 -9999 -9999 -9999 -9999 -9999 -9999 -9999 -9999 -9999 -9999 -9999 -9999 -9999 -9999 -9999 -9999 -9999 -9999 -9999 14.1549996836111 14.7025208133273 17.4615314006805 17.9033173434436 18.3472548411228 18.3687703902833 18.1399883842096 18.1234931298532 18.2870113034733 18.0567949274555 18.0216528638266 17.9556718464009 18.0051576094702 17.6207464644685 17.6013824702241 18.0998260257766 15.9791100635193 16.2982573760673
17.240638429299 16.9752799896523 16.4302194109187 15.9869990982115 16.1454969770275 16.605212544091 16.9286629664712 17.4744407301769 17.002533018589 17.4773094700649 15.2049996601418 -9999 -9999 -9999 -9999 -9999 -9999 -9999 -9999 -9999 -9999 -9999 -9999 -9999 -9999 -9999 -9999 -9999 -9999 -9999 -9999 -9999 -9999 -9999 -9999 -9999 -9999 -9999 -9999 -9999 -9999 -9999 -9999 -9999 -9999 11.6849997388199 16.5048066480085 17.7763756033964 18.0173497539945 18.036713748239 18.2074037715793 17.5676747765392 17.7139805108309 17.7742240484804 17.8595690601505 17.8739127595909 17.8710440197028 17.8251441814937 17.5310983429663 17.6121402448043 16.5026550930925 16.5370799717493
16.2114779944532 16.3800164628774 16.1153752082027 16.3147526304238 17.0111392382532 16.9408551109955 17.1237372788601 17.7677693837322 18.1349680894054 18.1629383033141 18.0697042569518 15.4849044191651 -9999 -9999 15.528059865396 -9999 26.52499940712 26.0899083058742 -9999 -9999 -9999 -9999 -9999 -9999 -9999 -9999 -9999 -9999 -9999 -9999 -9999 -9999 -9999 -9999 -9999 -9999 -9999 -9999 -9999 -9999 -9999 -9999 -9999 -9999 -9999 8.8399998024106 11.3599997460842 14.2039338207804 17.4550767359324 16.7515182783827 17.1818292615935 17.8021942623891 17.279366417788 17.558351371903 17.6436963835731 17.7426679097116 17.518906198442 17.59994810028 17.2714773830958 16.8920865328982 16.0816675145179 16.2738730870187
15.4046449009329 16.283913676627 16.2200842141174 16.4137241565622 17.1301919436082 17.6766868922859 17.7419507247396 18.3881343845278 18.5753196622245 18.4132358585484 18.157200823538 17.6049683950841 15.7249996485189 16.6889797488227 18.9210028187372 23.3820726409322 19.1849268884398 14.1970530637841 -9999 -9999 -9999 -9999 -9999 -9999 -9999 -9999 -9999 -9999 -9999 -9999 -9999 -9999 -9999 -9999 -9999 -9999 -9999 -9999 -9999 -9999 -9999 -9999 -9999 -9999 -9999 -9999 -9999 -9999 17.3302865508012 17.3030335218646 16.1318704625592 17.5648060366511 17.2764976778999 17.2528305738233 17.4149143774994 17.3855097936466 17.4500564411283 17.7634662739001 17.7849818230607 17.7297585802153 15.8772697974928 17.4364299266599
15.965483549051 16.2638324974105 16.3893398675136 16.5994750643149 16.6267280932516 17.320245961193 17.7397991698235 17.9850764302537 18.6377147547901 18.6570787490346 18.47419658117 18.4713278412819 18.0281075285748 18.0073091643862 18.4835199858062 18.3216752437875 14.1049996847287 -9999 -9999 -9999 -9999 -9999 -9999 -9999 -9999 -9999 -9999 -9999 -9999 -9999 -9999 -9999 -9999 -9999 -9999 -9999 -9999 -9999 -9999 -9999 -9999 -9999 -9999 -9999 -9999 -9999 -9999 -9999 17.6637775627896 17.0154423480853 16.5657673706301 15.3400982534513 17.0190282729454 17.0842921053991 16.962370660156 17.3898129034787 17.3008819669485 16.9817346544005 16.6346171279438 16.5492721162736 16.6231421683915 17.082857735455
15.888027572073 16.0250099017285 16.1827905955724 16.760841683019 16.922208301723 16.8246711455286 16.7845087870955 17.2542649437673 18.1880397773348 18.4419232574292 18.5982695813291 18.8442640267313 18.3393658064306 18.5509353731759 18.2877284884453 19.1650307892161 14.0599996857345 -9999 -9999 -9999 -9999 -9999 -9999 -9999 -9999 -9999 -9999 -9999 -9999 -9999 -9999 -9999 -9999 -9999 -9999 -9999 -9999 -9999 -9999 -9999 -9999 -9999 -9999 -9999 -9999 -9999 -9999 -9999 17.2062135506421 16.9788659145124 16.3871883125976 16.3054292257875 16.7142246598378 17.2843867125921 17.1732230419293 17.2886898224242 17.2901241923682 17.320245961193 16.006363092456 16.0285958265886 16.2509231679142 16.1698812660761
15.6621143058874 15.806268485263 15.7245093984529 15.8033997453749 16.8562272842973 17.1545762326568 17.5934934355319 18.1320993495174 17.9893795400858 18.7101504369639 18.4440748123452 18.9582964372821 18.7201910265721 18.7209082115442 19.8497573575005 6.69999985024333 -9999 -9999 -9999 -9999 -9999 -9999 -9999 -9999 -9999 -9999 -9999 -9999 -9999 -9999 -9999 -9999 -9999 -9999 -9999 -9999 -9999 -9999 -9999 -9999 -9999 -9999 -9999 -9999 -9999 -9999 -9999 -9999 13.5847880344372 17.1022217296995 16.6676076366566 16.3986632721499 16.1117892833427 15.8249152945355 15.5079195369035 15.2956327851862 15.5079195369035 15.3601794326678 15.4742118432187 15.4835352478549 15.8536026934162 16.3506118790247
15.6305581671186 15.7790154563263 15.888027572073 16.2272560638376 16.922208301723 17.8739127595909 17.1330606834963 18.2117068814114 18.515076124575 18.2303536906838 18.7431409456767 19.2114627324045 19.2379985763691 19.0522476686165 20.2965635950677 -9999 -9999 -9999 -9999 -9999 -9999 -9999 -9999 -9999 -9999 -9999 -9999 -9999 -9999 -9999 -9999 -9999 -9999 -9999 -9999 -9999 -9999 -9999 -9999 -9999 -9999 -9999 -9999 -9999 -9999 -9999 -9999 -9999 -9999 -9999 16.6668904516846 16.4280678560026 16.1899624452926 15.92603837559 15.2153080683202 15.2561876117252 14.9370402991772 14.7491378365085 14.7792596053332 14.9492324437015 15.1227912069298 15.7065797741525
15.6499221613631 15.845713658724 15.4175542304292 16.3907742374577 16.1749015608802 17.2298806547187 17.0348063423298 17.4321268168278 18.5616931477562 18.0761589217 18.835657807067 19.2423016862012 19.6231269063428 20.22986539267 20.7577135320753 17.7649996029213 -9999 -9999 -9999 -9999 -9999 -9999 -9999 -9999 -9999 -9999 -9999 -9999 -9999 -9999 -9999 -9999 -9999 -9999 -9999 -9999 -9999 -9999 -9999 -9999 -9999 -9999 -9999 -9999 -9999 -9999 4.90512210922316 4.87596202024724 4.07999990880489 -9999 11.5949583295733 14.6737782463718 16.4617755496874 16.1820734106004 15.7632373869419 15.3974730512127 15.249732946977 15.3350779586472 15.1127506173216 15.4842524328269 15.8342386991717 15.5401928606443
15.9367961501703 15.9102603062056 16.1533860117197 15.9970396878198 17.0699484059587 17.8502456555143 17.8567003202625 17.6056855800562 17.5769981811754 18.1779991877265 18.9819635413587 19.1368754953146 19.3233435880393 19.4129917095415 21.0883358041756 -9999 -9999 -9999 -9999 -9999 -9999 -9999 -9999 -9999 -9999 -9999 -9999 -9999 -9999 -9999 -9999 -9999 -9999 -9999 -9999 -9999 -9999 -9999 -9999 -9999 -9999 -9999 -9999 -9999 -9999 -9999 -9999 -9999 6.55201037253799 19.9013946754858 19.593005137518 15.4189886003733 17.8997314185835 17.7634662739001 16.3513290639967 16.0149693121202 15.6205175775103 15.5545365600847 15.4971617623232 15.3243201840669 15.089083513245 15.4519791090861
16.3269447749481 15.9454023698345 15.8378246240318 15.966917918995 16.7508010934107 17.4091768977232 17.8710440197028 16.923642671667 17.720435175579 18.0202184938826 18.3859828296117 19.2681203451939 19.2279579867609 19.5571458889171 18.0099995974451 -9999 -9999 -9999 -9999 -9999 -9999 -9999 -9999 -9999 -9999 -9999 -9999 -9999 -9999 -9999 -9999 -9999 -9999 -9999 -9999 -9999 -9999 -9999 -9999 -9999 -9999 -9999 -9999 -9999 -9999 -9999 -9999 -9999 -9999 -9999 19.6898251087405 19.1669972641394 18.8413952868432 17.8272957364097 17.1101107643917 16.64394053258 16.4115726016462 17.0075533133931 16.7931150067598 16.1885280753486 16.0407879711129 15.806985670235
16.960936290212 16.4008148270659 16.522019087337 16.8555100993253 16.1498000868596 17.2499618339352 17.4063081578352 17.7484053894877 18.118472835049 18.2540207947604 18.5380260436796 18.9181340788491 18.9396496280096 19.5449537443928 17.8918163044378 -9999 -9999 -9999 -9999 -9999 -9999 -9999 -9999 -9999 -9999 -9999 -9999 -9999 -9999 -9999 -9999 -9999 -9999 -9999 -9999 -9999 -9999 -9999 -9999 -9999 -9999 -9999 -9999 -9999 -9999 -9999 -9999 -9999 -9999 -9999 -9999 -9999 15.1299996618181 18.2425458352081 18.1536148986779 18.2181615461595 18.2905972283334 18.116321280133 17.5827356609516 15.964049179107 16.2724387170747 16.125415797811
