EcologicalScience/Bass/data/rs_data_bass/sst_50.asc
NCOLS 226 
NROWS 124 
XLLCORNER -9.41648524995501 
YLLCORNER 47.587301625531 
CELLSIZE 0.0833 
NODATA_value -9999 
[rows 54 to 80 of 124, columns 0 to 61 of 226]
-9999 -9999 -9999 -9999 -9999 -9999 -9999 -9999 -9999 -9999 -9999 -9999 -9999 -9999 -9999 -9999 -9999 -9999 -9999 -9999 -9999 -9999 -9999 -9999 -9999 -9999 -9999 -9999 -9999 -9999 -9999 -9999 -9999 -9999 -9999 -9999 -9999 -9999 9.91131556793851 7.67999982833862 7.67999982833862 8.71499980520457 8.91999980062246 8.93749980023131 8.98374979919754 9.05499979760498 9.04249979788437 9.24499979335815 9.23999979346991 9.22499979380518 9.11499979626387 9.42333312270542 8.90999980084598 8.78499980363995 8.8399998024106 8.8149998029694 8.53499980922788 8.39999981224537 7.23249983834103 11.1303944880584 -9999 8.07833315276851
-9999 -9999 -9999 -9999 -9999 -9999 -9999 -9999 -9999 -9999 -9999 -9999 -9999 -9999 -9999 -9999 -9999 -9999 -9999 -9999 -9999 -9999 -9999 -9999 -9999 -9999 -9999 -9999 -9999 -9999 -9999 -9999 -9999 -9999 -9999 -9999 -9999 -9999 11.313749747118 7.13999984040856 7.13999984040856 9.0333331314226 9.32833312482884 9.30666645864646 9.32499979157001 9.42333312270542 9.42249978939071 9.5299997869879 9.50749978749081 9.47749978816137 9.02333313164612 9.24666645998756 8.60833314092209 8.51499980967492 8.62499980721623 8.55999980866909 8.55499980878085 12.1949997274205 13.6649996945634 13.6649996945634 -9999 5.3399998806417
-9999 -9999 -9999 -9999 -9999 -9999 -9999 -9999 -9999 -9999 -9999 -9999 -9999 -9999 -9999 -9999 -9999 -9999 -9999 -9999 -9999 -9999 -9999 -9999 -9999 -9999 -9999 -9999 -9999 -9999 -9999 -9999 -9999 -9999 -9999 -9999 -9999 -9999 -9999 8.06777759744889 8.69833313891043 8.85333313544591 8.51999980956316 8.51999980956316 9.33333312471708 9.39249979006127 9.41249978961423 9.32499979157001 9.61666645171742 9.61666645171742 9.46333312181135 9.19833312773456 9.30833312527587 8.33999981358647 8.50999980978668 8.54499980900437 8.49499981012195 8.50999980978668 8.19499981682748 12.4624997214414 -9999 -9999
-9999 -9999 -9999 -9999 -9999 -9999 -9999 -9999 -9999 -9999 -9999 -9999 -9999 -9999 -9999 -9999 -9999 -9999 -9999 -9999 -9999 -9999 -9999 -9999 -9999 -9999 -9999 -9999 -9999 -9999 -9999 -9999 -9999 -9999 -9999 -9999 -9999 -9999 -9999 12.059999730438 8.75166647105167 8.80666646982233 8.9483331333225 9.21833312728753 9.36499979067594 9.47166645495842 9.62833311812331 9.42499978933483 9.44749978883192 9.54499978665262 9.54499978665262 9.4574997886084 9.26999979279935 8.73499980475754 8.63999980688095 8.68499980587512 8.78999980352819 9.16499979514629 8.31499981414527 7.83230751724197 9.99305533219336 -9999
-9999 -9999 -9999 -9999 -9999 -9999 -9999 -9999 -9999 -9999 -9999 -9999 -9999 -9999 -9999 -9999 -9999 -9999 -9999 -9999 -9999 -9999 -9999 -9999 -9999 -9999 -9999 -9999 -9999 -9999 -9999 -9999 -9999 -9999 -9999 -9999 -9999 -9999 -9999 -9999 6.36666652436058 8.3066664809982 8.87999980151653 9.11999979615211 9.35749979084358 9.29249979229644 9.32249979162589 9.38249979028478 9.45249978872016 9.64749978436157 9.51499978732318 9.49499978777021 9.47499978821725 8.96999979950488 8.91499980073422 8.77999980375171 8.57499980833381 8.45499981101602 8.41999981179833 7.99999982118607 8.12199981845915 11.0651258030953
-9999 -9999 -9999 -9999 -9999 -9999 -9999 -9999 -9999 -9999 -9999 -9999 -9999 -9999 -9999 -9999 -9999 -9999 -9999 -9999 -9999 -9999 -9999 -9999 -9999 -9999 -9999 -9999 -9999 -9999 -9999 -9999 -9999 -9999 -9999 -9999 -9999 -9999 -9999 8.65999980643392 8.24249981576577 8.50666647652785 8.56666647518674 9.02099979836494 9.40749978972599 9.47249978827313 9.45499978866428 9.46499978844076 9.46749978838488 9.50749978749081 9.52499978709966 9.44249978894368 9.37999979034066 8.69999980553985 8.64499980676919 8.51499980967492 8.48999981023371 8.42499981168658 8.08499981928617 8.0649998197332 -9999 -9999
-9999 -9999 -9999 -9999 -9999 -9999 -9999 -9999 -9999 -9999 -9999 -9999 -9999 -9999 -9999 -9999 -9999 -9999 -9999 -9999 -9999 -9999 -9999 -9999 -9999 -9999 -9999 -9999 -9999 -9999 -9999 -9999 -9999 -9999 -9999 -9999 -9999 -9999 -9999 7.5683331641679 7.73499982710928 7.94833315567424 8.66666647295157 8.96749979956076 9.05999979749322 9.11499979626387 9.1549997953698 9.32916645814354 9.45999978855252 9.54499978665262 9.53249978693202 9.56999978609383 8.45999981090426 8.61999980732799 8.76999980397522 8.45499981101602 8.81749980291352 9.58699978571385 10.4174997671507 8.91857122922582 7.27999983727932 7.2533331712087
-9999 -9999 -9999 -9999 -9999 -9999 -9999 -9999 -9999 -9999 -9999 -9999 -9999 -9999 -9999 -9999 -9999 -9999 -9999 -9999 -9999 -9999 -9999 -9999 -9999 -9999 -9999 -9999 -9999 -9999 -9999 -9999 -9999 -9999 -9999 -9999 -9999 -9999 -9999 8.47499981056899 7.92166648960362 8.1249998183921 8.61666647406916 8.69499980565161 8.80999980308115 8.92749980045483 9.16749979509041 9.00499979872257 9.2266664604346 9.42833312259366 9.42499978933483 9.41249978961423 9.17499979492277 9.20499979425222 9.20999979414046 8.40499981213361 8.40499981213361 9.67149978382513 7.46999983303249 7.5324998316355 7.5199998319149 7.35999983549118
-9999 -9999 -9999 -9999 -9999 -9999 -9999 -9999 -9999 -9999 -9999 -9999 -9999 -9999 -9999 -9999 -9999 -9999 -9999 -9999 -9999 -9999 -9999 -9999 -9999 -9999 -9999 -9999 -9999 -9999 -9999 -9999 -9999 -9999 -9999 -9999 -9999 -9999 8.89222202346557 8.23499981593341 8.31999981403351 8.31499981414527 8.60499980766326 8.71499980520457 8.91499980073422 9.01999979838729 9.08749979687855 9.14499979559332 9.2874997924082 9.3849997902289 9.43166645585249 9.49499978777021 9.48499978799373 8.44999981112778 8.67999980598688 8.6099998075515 8.52249980950728 7.17999983951449 3.62999991886318 3.61999991908669 3.57999991998076 7.47999983280897
-9999 -9999 -9999 -9999 -9999 -9999 -9999 -9999 -9999 -9999 -9999 -9999 -9999 -9999 -9999 -9999 -9999 -9999 -9999 -9999 -9999 -9999 -9999 -9999 -9999 -9999 -9999 -9999 -9999 -9999 -9999 -9999 -9999 -9999 -9999 -9999 -9999 -9999 7.97499982174486 8.41249981196597 8.47499981056899 8.86249980190769 8.8999998010695 8.93999980017543 8.9974997988902 9.13249979587272 9.1549997953698 9.16249979520217 9.18999979458749 9.27499979268759 9.49499978777021 9.49499978777021 8.6699998062104 8.6699998062104 8.6699998062104 8.71749980514869 8.76499980408698 8.55999980866909 7.82999982498586 3.80999991483986 4.11999990791082 4.32499990332872
-9999 -9999 -9999 -9999 -9999 -9999 -9999 -9999 -9999 -9999 -9999 -9999 -9999 -9999 -9999 -9999 -9999 -9999 -9999 -9999 -9999 -9999 -9999 -9999 -9999 -9999 -9999 -9999 -9999 -9999 -9999 -9999 -9999 -9999 -9999 -9999 -9999 7.60291649672824 7.98166648826251 8.25499981548637 8.52999980933964 8.92749980045483 9.05249979766086 9.12249979609624 9.35499979089946 9.18499979469925 9.26249979296699 9.31749979173765 9.26249979296699 9.62999978475273 9.50999978743494 9.35749979084358 9.29249979229644 9.21249979408458 9.07749979710206 8.97749979933724 8.92249980056658 3.73499991651624 3.71499991696328 3.85499991383404 4.29999990388751 4.23999990522861
-9999 -9999 -9999 -9999 -9999 -9999 -9999 -9999 -9999 -9999 -9999 -9999 -9999 -9999 -9999 -9999 -9999 -9999 -9999 -9999 -9999 -9999 -9999 -9999 -9999 -9999 -9999 -9999 -9999 -9999 -9999 -9999 -9999 -9999 -9999 -9999 -9999 8.3916664790983 8.28166648155699 8.35833314651003 8.71666647183398 8.75249980436638 9.08749979687855 9.47249978827313 9.60999978519976 9.7716664482529 9.74249978223816 9.76749978167936 9.82249978045002 9.73749978234991 9.5424997867085 9.35499979089946 9.29249979229644 9.24749979330227 9.14749979553744 5.69499987270683 5.60999987460673 5.49999987706542 4.48999989964068 7.29499983694404 7.01999984309077 7.90499982330948
-9999 -9999 -9999 -9999 -9999 -9999 -9999 -9999 -9999 -9999 -9999 -9999 -9999 -9999 -9999 -9999 -9999 -9999 -9999 -9999 -9999 -9999 -9999 -9999 -9999 -9999 -9999 -9999 -9999 -9999 -9999 -9999 -9999 -9999 -9999 11.5999997407198 8.71999980509281 8.32833314718058 8.42333314505716 8.60499980766326 9.18999979458749 8.85999980196357 9.0333331314226 9.59499978553504 9.67999978363514 9.76166644847641 9.80999978072941 9.904999778606 9.72749978257343 9.52499978709966 9.38249979028478 9.12499979604036 9.07999979704618 9.02499979827553 8.90249980101362 8.52999980933964 8.39499981235713 5.87999986857176 5.86999986879528 5.26499988231808 7.61249982984737 7.47999983280897
-9999 -9999 -9999 -9999 -9999 -9999 -9999 -9999 -9999 -9999 -9999 -9999 -9999 -9999 -9999 -9999 -9999 -9999 -9999 -9999 -9999 -9999 -9999 -9999 -9999 -9999 -9999 -9999 -9999 -9999 -9999 -9999 -9999 -9999 -9999 12.1847219498725 8.7424998045899 8.55333314215144 8.65666647317509 8.81833313622822 8.93833313354602 9.31333312516411 9.46749978838488 9.86999977938831 9.84999977983534 9.84749977989122 9.73999978229403 9.73999978229403 9.76999978162348 9.37999979034066 9.1549997953698 9.12749979598448 8.65499980654567 8.56249980861321 5.22499988321215 5.22499988321215 8.54999980889261 8.24499981570989 7.92999982275069 7.72499982733279 7.57249983074144 7.52499983180314
-9999 -9999 -9999 -9999 -9999 -9999 -9999 -9999 -9999 -9999 -9999 -9999 -9999 -9999 -9999 -9999 -9999 -9999 -9999 -9999 -9999 -9999 -9999 -9999 -9999 -9999 -9999 -9999 -9999 12.2687497257721 14.0371150708614 8.93999980017543 8.8999998010695 10.6386954143805 14.5339996751398 12.2567644319223 8.96499979961663 9.0574997975491 8.83499980252236 8.85333313544591 8.98333313254019 9.36499979067594 9.72833311588814 9.75666644858817 9.68499978352338 9.69166645004104 9.69499978329986 9.70499978307635 9.66749978391454 9.38749979017302 9.06749979732558 9.05249979766086 8.68499980587512 8.50499980989844 8.73749980470166 8.6574998064898 8.37499981280416 8.00749982101843 7.92499982286245 7.8349998248741 5.60999987460673 5.60999987460673
-9999 -9999 -9999 -9999 -9999 -9999 -9999 -9999 -9999 -9999 -9999 -9999 -9999 -9999 -9999 -9999 -9999 -9999 -9999 -9999 -9999 -9999 12.1449997285381 9.41749978950247 8.65333313991626 8.31299981418997 8.45499981101602 8.34833314673354 8.34249981353059 8.9249998005107 9.16749979509041 9.14499979559332 9.10749979643151 9.18166646144042 9.24666645998756 8.88749980134889 8.79333313678702 8.85666646870474 8.86833313511064 9.03833313131084 9.19166646121691 9.27166645942877 9.55249978648499 9.51999978721142 9.67333311711749 9.85499977972358 9.80249978089705 9.75749978190288 9.64749978436157 9.13499979581684 9.18499979469925 9.15249979542568 8.79833313667526 8.61999980732799 8.50749980984256 8.17999981716275 8.17999981716275 8.01999982073903 8.02999982051551 7.97472204397329 -9999 -9999
-9999 -9999 -9999 -9999 -9999 -9999 -9999 -9999 -9999 -9999 -9999 -9999 -9999 -9999 -9999 -9999 -9999 -9999 -9999 -9999 -9999 13.7808820449145 9.57749978592619 8.91749980067834 8.8999998010695 8.82499980274588 9.41166645629952 9.46499978844076 8.54999980889261 8.73999980464578 9.32999979145825 9.26499979291111 9.32166645831118 9.31499979179353 9.08249979699031 8.89833313444008 8.83499980252236 9.26999979279935 8.92166646725188 9.23333312695225 9.38166645697008 9.42499978933483 9.46499978844076 9.62999978475273 9.70833311633517 9.55166645317028 9.40666645641128 9.32833312482884 9.38999979011714 9.1299997959286 8.94999979995191 8.74749980447814 8.682499805931 8.61499980743974 8.46749981073663 8.41999981179833 12.7369227922307 -9999 -9999 -9999 -9999 -9999
-9999 -9999 -9999 -9999 -9999 -9999 -9999 -9999 -9999 -9999 -9999 -9999 -9999 -9999 -9999 -9999 -9999 6.88018432352692 16.2011624285735 10.7162497604731 9.88749977899715 9.79499978106469 9.07749979710206 8.92249980056658 9.61833311834683 7.15999983996153 9.3849997902289 8.50499980989844 8.53999980911613 8.56499980855733 9.35499979089946 9.3599997907877 9.38166645697008 9.07999979704618 8.87499980162829 9.0216664650167 9.39749978994951 9.57499978598207 9.55749978637323 9.54499978665262 9.53666645350556 9.43999978899956 9.55833311968794 8.56749980850145 8.59249980794266 9.60499978531152 9.41999978944659 9.21749979397282 9.0449997978285 9.26499979291111 8.83749980246648 8.76166647082816 8.77499980386347 -9999 -9999 -9999 -9999 -9999 -9999 -9999 -9999 -9999
-9999 -9999 -9999 -9999 -9999 -9999 -9999 -9999 -9999 -9999 -9999 -9999 -9999 7.9318510685237 -9999 -9999 9.80590958971452 9.759999781847 9.49833312102904 9.5783331192409 9.81166644735883 8.64999980665743 8.62499980721623 8.48999981023371 8.32999981380999 7.88999982364476 7.91999982297421 8.1249998183921 8.17999981716275 7.99499982129782 8.05499981995672 7.20999983884394 7.20999983884394 9.21999979391694 9.12833312929918 9.09166646345208 9.11666646289329 9.2999997921288 9.52166645384083 9.60666645194093 9.8449997799471 10.0049997763708 9.71499978285283 9.52499978709966 9.54499978665262 9.49249978782609 9.41749978950247 8.86999980174005 8.7674998040311 9.4449997888878 9.87666644590596 10.838124757749 -9999 -9999 -9999 -9999 -9999 -9999 -9999 -9999 -9999 -9999
-9999 -9999 -9999 -9999 -9999 -9999 -9999 -9999 -9999 -9999 -9999 -9999 -9999 8.79749980336055 9.02333313164612 9.83166644691179 9.81166644735883 9.19249979453161 9.18249979475513 8.59999980777502 8.3549998132512 8.18999981693923 8.45499981101602 8.32499981392175 8.61999980732799 8.44499981123954 8.2099998164922 8.039999820292 8.11499981861562 8.19999981671572 8.18999981693923 9.39249979006127 8.19499981682748 9.38749979017302 9.07666646378736 9.13499979581684 9.42833312259366 9.55499978642911 9.69666644992928 9.75666644858817 9.89999977871776 9.9174997783266 9.86249977955595 9.9299997780472 9.72499978262931 9.6749997837469 9.34499979112297 9.1299997959286 9.12249979609624 9.27666645931701 9.17749979486689 9.2024997943081 11.0718747525243 -9999 -9999 -9999 -9999 -9999 -9999 22.1728483416075 22.2406390377667 20.4158995436691
-9999 -9999 -9999 -9999 -9999 -9999 -9999 -9999 -9999 -9999 14.2099996823817 12.4052628806155 9.09499979671091 9.6024997853674 9.57249978603795 9.37749979039654 9.31999979168177 9.22999979369342 9.17499979492277 8.91499980073422 8.22499981615692 8.21499981638044 9.51666645395259 8.16999981738627 8.18499981705099 8.10999981872737 7.92999982275069 8.06999981962144 8.10999981872737 8.10499981883913 8.20499981660396 7.92999982275069 7.87999982386827 8.1249998183921 8.49499981012195 9.27999979257584 9.44999978877604 9.44999978877604 9.83833311342945 9.90999977849424 9.82749978033826 9.8324997802265 9.83749978011474 9.83499978017062 9.83333311354121 9.7233331159999 9.73833311566462 9.65999978408217 9.74999978207052 9.45499978866428 8.71999980509281 8.72199980504811 14.1849996829405 -9999 -9999 -9999 9.07999979704618 6.27499985974282 6.55999985337257 6.41999985650182 9.09421032304434 17.7899996023625
-9999 -9999 -9999 -9999 -9999 -9999 -9999 -9999 12.6356247175718 9.86166644624124 9.8816664457942 9.14333312896391 9.59999978542328 8.93333313365777 10.0049997763708 10.0049997763708 10.0383331089591 9.70499978307635 9.50499978754669 9.69166645004104 9.68166645026455 8.6099998075515 8.66499980632216 7.9799998216331 7.9799998216331 8.50999980978668 8.38499981258065 8.60499980766326 8.26499981526285 8.10999981872737 8.27499981503934 8.41999981179833 8.02499982062727 7.92999982275069 8.0649998197332 9.80499978084117 9.80499978084117 9.63999978452921 9.72999978251755 10.2249997714534 9.72499978262931 9.64249978447333 10.0099997762591 10.1149997739121 9.85833311298241 9.75749978190288 9.71999978274107 9.65749978413805 9.614999785088 9.53499978687614 9.33499979134649 9.2874997924082 9.0933331300815 9.21266646074752 8.92666646714012 8.69499980565161 5.594999874942 7.58999983035028 7.48999983258545 7.749999826774 7.27999983727932 7.97899982165545
-9999 -9999 -9999 -9999 -9999 9.62499978486449 9.86499977950007 9.80249978089705 9.72249978268519 10.5933330965539 10.601666429701 10.1833331057181 9.36833312393477 9.17666646155218 9.17666646155218 10.2474997709505 10.0574997751974 9.53999978676438 9.79499978106469 9.54749978659675 9.55999978631735 9.02499979827553 8.45999981090426 8.63999980688095 8.69499980565161 8.67999980598688 8.45499981101602 8.45999981090426 8.71499980520457 8.59999980777502 8.10499981883913 9.73999978229403 9.16499979514629 9.57166645272324 9.53166645361731 9.56166645294676 9.68833311678221 9.70999978296459 9.68833311678221 9.62333311823507 10.2449997710064 10.0999997742474 10.1133331072827 10.1899997722358 9.51166645406435 9.67249978380278 9.52249978715554 9.59749978547916 9.33249979140237 9.2999997921288 9.40249978983775 9.2999997921288 9.02499979827553 8.71249980526045 8.91749980067834 7.40999983437359 7.64499982912093 7.86999982409179 8.02999982051551 7.80499982554466 7.66999982856214 8.39333314572771
-9999 -9999 -9999 -9999 -9999 9.80499978084117 9.86249977955595 9.92749977810308 9.26999979279935 9.26999979279935 9.9299997780472 9.32999979145825 10.223333104824 10.2383331044888 8.27333314840992 9.59999978542328 9.62499978486449 9.66499978397042 9.75499978195876 8.49833314338078 10.0424997755326 8.56999980844557 8.56999980844557 9.26999979279935 9.47999978810549 9.73999978229403 9.81333311398824 9.9416664444531 7.31999983638525 7.33499983604997 7.33499983604997 9.42499978933483 9.34499979112297 9.38749979017302 9.44249978894368 9.50333312091728 10.3799997679889 10.1499997731298 10.194999772124 10.2199997715652 10.0949997743592 10.0824997746386 10.1099997740239 10.0624997750856 9.88749977899715 9.61999978497624 10.098333107618 9.57999978587031 9.37749979039654 9.10499979648739 8.92749980045483 8.5974998078309 8.46249981084839 8.95499979984015 9.19999979436398 8.99999979883432 8.99999979883432 9.09499979671091 8.08999981917441 8.08999981917441 8.60166647440443 8.25499981548637
-9999 -9999 -9999 -9999 -9999 10.132499773521 10.1349997734651 9.759999781847 9.13499979581684 9.0449997978285 9.0449997978285 9.61999978497624 9.64749978436157 9.89499977882951 9.83499978017062 9.86999977938831 9.8199997805059 9.5899997856468 9.93499977793545 10.0183331094061 8.54833314226319 10.2349997712299 9.18333312806984 9.22999979369342 9.25999979302287 9.65249978424981 9.6749997837469 9.73999978229403 8.37499981280416 8.18499981705099 9.86999977938831 9.51999978721142 9.52749978704378 9.66499978397042 9.75249978201464 10.2399997711182 10.2399997711182 9.3966664566348 10.1449997732416 9.85499977972358 10.0874997745268 10.2538886596966 9.64999978430569 10.2499997708946 10.2499997708946 10.1399997733533 9.69249978335574 9.7474997821264 9.68999978341162 9.40249978983775 9.01749979844317 8.79999980330467 8.71999980509281 8.74749980447814 9.33499979134649 9.33499979134649 9.06749979732558 9.27499979268759 9.27499979268759 8.46999981068075 8.72166647172222 8.63166647373388
-9999 -9999 -9999 -9999 -9999 8.64749980671331 8.55999980866909 9.97666644367079 9.97999977692962 9.76666644836465 10.0399997755885 10.0174997760914 9.79833311432352 9.88499977905303 9.88499977905303 10.0849997745827 10.0424997755326 9.91999977827072 10.1516664397592 9.04833313108732 9.85749977966771 9.95499977748841 10.1199997738004 10.0649997750297 9.63499978464097 9.84249978000298 9.77499978151172 7.61499982979149 8.27499981503934 9.46999978832901 8.5849998081103 10.3349997689947 10.3349997689947 9.66749978391454 9.86999977938831 10.2666664371888 10.092499774415 10.0849997745827 10.2066664385299 10.2899997700006 10.2316664379711 10.3483331020301 10.3749997681007 10.3733331014713 10.3583331018065 10.1783331058299 10.0883331078415 9.71249978290871 9.60499978531152 9.41499978955835 9.3849997902289 9.34749979106709 9.31499979179353 9.0574997975491 8.75999980419874 9.55749978637323 8.90499980095774 8.91999980062246 9.26166645965228 9.17499979492277 8.51999980956316 8.3799998126924
-9999 -9999 -9999 -9999 -9999 9.49499978777021 10.0349997757003 9.99499977659434 9.54499978665262 8.32166648066292 10.0549997752532 10.0049997763708 8.71999980509281 8.75749980425462 9.00333313209315 10.3424997688271 9.96166644400606 10.2566664374123 10.359999768436 9.78999978117645 9.78999978117645 10.2349997712299 10.2174997716211 10.1374997734092 9.87749977922067 9.85999977961183 10.0049997763708 10.0049997763708 9.57999978587031 9.45833312192311 9.49666645439962 9.54666645328204 9.51499978732318 9.49999978765845 9.20666646088163 10.0674997749738 9.65499978419393 9.86166644624124 10.1374997734092 10.1774997725151 10.5699997637421 10.2989997697994 10.3716664348419 10.388333101136 10.3716664348419 10.2599997706711 9.94749977765605 9.76499978173524 9.76499978173524 9.64249978447333 9.65999978408217 8.37499981280416 9.10499979648739 9.00999979861081 8.95999979972839 9.07999979704618 9.22499979380518 9.1299997959286 8.87499980162829 8.87499980162829 8.67499980609864 8.97499979939312
