EcologicalScience/Bass/data/rs_data_bass/sst_16.asc
NCOLS 226 
NROWS 124 
XLLCORNER -9.41648524995501 
YLLCORNER 47.587301625531 
CELLSIZE 0.0833 
NODATA_value -9999 
[rows 27 to 53 of 124, columns 62 to 123 of 226]
-9999 -9999 -9999 -9999 -9999 -9999 -9999 -9999 -9999 -9999 -9999 -9999 -9999 -9999 -9999 -9999 -9999 -9999 -9999 -9999 -9999 -9999 -9999 -9999 -9999 -9999 -9999 -9999 12.5299997199327 9.22899979371578 9.34777756883866 8.91285694363926 10.339999768883 10.3266664358477 9.72249978268519 8.93083313371365 9.13499979581684 9.20199979431927 9.26999979279935 9.35099979098886 9.18624979467131 8.20499981660396 8.41499981191009 8.36999981291592 8.23999981582165 8.60499980766326 8.57499980833381 8.53499980922788 8.65499980654567 8.64499980676919 8.28499981481582 8.28499981481582 8.70999980531633 8.69999980553985 8.7549998043105 8.8149998029694 8.1249998183921 8.53999980911613 8.87499980162829 8.89499980118126 8.8999998010695 9.33499979134649
-9999 -9999 -9999 -9999 -9999 -9999 -9999 -9999 -9999 -9999 -9999 -9999 -9999 -9999 -9999 -9999 -9999 -9999 -9999 -9999 -9999 -9999 -9999 -9999 -9999 -9999 -9999 -9999 -9999 -9999 9.78499978128821 9.07899979706854 8.73071409056761 8.69642837704825 8.77999980375171 8.65999980643392 8.45999981090426 9.15299979541451 9.13899979572743 8.17999981716275 8.17999981716275 8.69499980565161 8.67999980598688 8.57499980833381 8.36999981291592 8.74999980442226 8.66499980632216 8.63999980688095 8.36499981302768 8.47499981056899 8.25999981537461 8.67499980609864 8.68999980576336 8.69499980565161 8.72999980486929 8.67999980598688 8.69999980553985 8.40499981213361 8.6099998075515 8.40499981213361 8.47499981056899 9.13999979570508
-9999 -9999 -9999 -9999 -9999 -9999 -9999 -9999 -9999 -9999 -9999 -9999 -9999 -9999 -9999 -9999 -9999 -9999 -9999 -9999 -9999 -9999 -9999 -9999 -9999 -9999 -9999 -9999 -9999 -9999 -9999 8.85599980205297 8.89166646792243 8.8999998010695 8.39999981224537 8.39999981224537 9.02944424262063 9.08666646356384 10.0069997763261 8.5849998081103 8.48999981023371 8.34999981336296 8.20499981660396 8.15499981772155 8.68499980587512 8.45499981101602 8.56499980855733 8.53999980911613 8.60499980766326 8.53499980922788 8.32999981380999 8.40499981213361 8.45999981090426 8.44999981112778 8.32999981380999 5.83999986946583 8.69999980553985 8.79499980341643 8.85999980196357 8.79999980330467 8.36499981302768 8.08499981928617
-9999 -9999 -9999 -9999 -9999 -9999 -9999 -9999 -9999 -9999 -9999 -9999 -9999 -9999 -9999 -9999 -9999 -9999 -9999 -9999 -9999 -9999 -9999 -9999 -9999 -9999 -9999 -9999 -9999 -9999 -9999 8.7259998049587 7.89999982342124 7.89999982342124 9.14499979559332 9.32199979163706 8.40499981213361 8.10999981872737 8.17499981727451 8.17999981716275 8.17999981716275 8.09999981895089 8.13499981816858 8.25999981537461 8.48499981034547 8.36999981291592 8.44499981123954 8.5849998081103 8.6699998062104 8.77499980386347 8.39499981235713 8.79499980341643 8.7549998043105 8.73999980464578 8.27999981492758 8.24999981559813 8.85999980196357 8.91999980062246 8.36999981291592 8.0649998197332 7.82499982509762 7.96499982196838
-9999 -9999 -9999 -9999 -9999 -9999 -9999 -9999 -9999 -9999 -9999 -9999 -9999 -9999 -9999 -9999 -9999 -9999 -9999 -9999 -9999 -9999 -9999 -9999 -9999 -9999 -9999 -9999 -9999 -9999 -9999 5.38292440798415 7.69499982800335 7.8349998248741 8.18499981705099 8.09999981895089 7.96499982196838 7.9799998216331 7.94999982230365 7.95499982219189 7.98499982152134 8.0649998197332 8.01999982073903 8.30999981425703 8.46499981079251 8.50499980989844 8.59499980788678 8.63499980699271 8.74499980453402 8.78499980363995 8.82499980274588 8.85999980196357 8.67499980609864 8.7549998043105 8.64499980676919 8.87499980162829 8.88999980129302 8.78499980363995 9.23999979346991 9.32499979157001 8.68499980587512 9.04999979771674
-9999 -9999 -9999 -9999 -9999 -9999 -9999 -9999 -9999 -9999 -9999 -9999 -9999 -9999 -9999 -9999 -9999 -9999 -9999 -9999 -9999 -9999 -9999 -9999 -9999 -9999 -9999 -9999 -9999 -9999 -9999 -9999 11.9849997321144 7.85999982431531 7.85499982442707 7.95499982219189 7.96999982185662 7.88999982364476 7.83999982476234 8.00499982107431 8.31499981414527 8.36999981291592 8.44999981112778 8.46499981079251 8.54999980889261 8.64999980665743 8.67999980598688 8.8149998029694 8.76499980408698 8.82499980274588 8.85999980196357 8.87499980162829 8.88499980140477 8.87999980151653 8.69499980565161 8.80999980308115 8.63499980699271 7.82499982509762 7.82499982509762 9.30499979201704 9.55999978631735 10.5699997637421
-9999 -9999 -9999 -9999 -9999 -9999 -9999 -9999 -9999 -9999 -9999 -9999 -9999 -9999 -9999 -9999 -9999 -9999 -9999 -9999 -9999 -9999 -9999 -9999 -9999 -9999 -9999 -9999 -9999 -9999 -9999 -9999 11.9699997324497 8.04499982018024 8.07999981939793 8.05999981984496 8.03499982040375 7.99499982129782 8.03499982040375 8.17499981727451 8.2699998151511 8.2699998151511 8.29999981448054 8.28999981470406 8.33999981358647 8.54999980889261 8.70499980542809 8.74999980442226 8.79499980341643 8.82999980263412 8.85999980196357 8.92999980039895 9.16999979503453 9.27499979268759 8.78999980352819 8.52999980933964 8.71999980509281 8.95999979972839 9.69499978329986 9.69499978329986 9.77499978151172 10.4749997658655
-9999 -9999 -9999 -9999 -9999 -9999 -9999 -9999 -9999 -9999 -9999 -9999 -9999 -9999 -9999 -9999 -9999 -9999 -9999 -9999 -9999 -9999 -9999 -9999 -9999 -9999 -9999 -9999 -9999 -9999 -9999 -9999 -9999 9.58285692866359 8.07499981950969 8.08999981917441 8.09999981895089 8.039999820292 8.08999981917441 8.12999981828034 8.16499981749803 8.22499981615692 8.24999981559813 8.2699998151511 8.31999981403351 8.2699998151511 8.48499981034547 8.72999980486929 8.78499980363995 8.79999980330467 8.69999980553985 8.64499980676919 8.71499980520457 8.87999980151653 8.74999980442226 8.49499981012195 8.90499980095774 9.51499978732318 9.68999978341162 9.904999778606 10.0799997746944 10.3149997694418
-9999 -9999 -9999 -9999 -9999 -9999 -9999 13.8149996912107 11.0049997540191 10.9749997546896 10.8499997574836 10.6949997609481 -9999 -9999 8.41999981179833 -9999 -9999 -9999 -9999 -9999 -9999 -9999 -9999 -9999 -9999 -9999 -9999 -9999 -9999 -9999 -9999 -9999 -9999 -9999 7.85499982442707 7.90499982330948 7.9799998216331 8.12999981828034 8.2949998145923 8.36999981291592 8.34999981336296 8.33999981358647 8.39999981224537 8.36499981302768 8.59999980777502 8.41499981191009 8.4399998113513 8.46499981079251 8.50999980978668 8.25999981537461 8.44999981112778 8.57999980822206 8.74999980442226 8.83499980252236 8.8999998010695 8.90999980084598 8.72999980486929 8.19999981671572 8.19999981671572 9.93999977782369 10.7349997600541 10.6999997608364
-9999 -9999 -9999 -9999 14.9649996655062 15.7149996487424 12.4958330540297 12.039999730885 10.9849997544661 10.9849997544661 12.5290906290439 11.0549997529015 -9999 -9999 -9999 -9999 -9999 -9999 -9999 -9999 -9999 -9999 -9999 -9999 -9999 -9999 -9999 -9999 -9999 -9999 -9999 -9999 -9999 -9999 7.96499982196838 7.96499982196838 8.16999981738627 8.24499981570989 8.39499981235713 8.53499980922788 8.61499980743974 8.68499980587512 8.72499980498105 8.86999980174005 8.67999980598688 7.96999982185662 8.52999980933964 8.61999980732799 8.47499981056899 8.57999980822206 8.42999981157482 8.69999980553985 8.54999980889261 8.70499980542809 8.65999980643392 8.41999981179833 8.94499980006367 8.34999981336296 8.30999981425703 8.31999981403351 9.09499979671091 9.96499977726489
9.87999977916479 11.3404542919756 11.3521426034027 11.3368179284205 11.3466664130489 9.88999977894127 10.1249997736886 9.81499978061765 9.16999979503453 10.9837497544941 16.6699996273965 -9999 -9999 -9999 -9999 -9999 -9999 -9999 -9999 -9999 -9999 -9999 -9999 -9999 -9999 -9999 -9999 -9999 -9999 -9999 -9999 -9999 -9999 -9999 12.7799997143447 9.54399978667498 8.06999981962144 8.01999982073903 7.93999982252717 8.56999980844557 8.67499980609864 8.79999980330467 8.83499980252236 8.97999979928136 8.99499979894608 8.95999979972839 9.04999979771674 8.91499980073422 7.92499982286245 8.47499981056899 8.66499980632216 8.68499980587512 8.60499980766326 8.40499981213361 8.79499980341643 8.95999979972839 8.48499981034547 8.40499981213361 8.96999979950488 8.3799998126924 8.41999981179833 8.83499980252236
9.62499978486449 9.46999978832901 9.24999979324639 9.4449997888878 9.66499978397042 9.45999978855252 9.43499978911132 10.2299997713417 11.2199997492135 10.9889997543767 -9999 -9999 -9999 -9999 -9999 -9999 -9999 -9999 -9999 -9999 -9999 -9999 -9999 -9999 -9999 -9999 -9999 -9999 -9999 -9999 -9999 -9999 -9999 -9999 -9999 9.76099978182465 9.41785693235163 8.36999981291592 8.45499981101602 8.76499980408698 8.72999980486929 8.69499980565161 9.07999979704618 9.07999979704618 8.92999980039895 8.93999980017543 9.03999979794025 9.1299997959286 8.9249998005107 8.74499980453402 8.11499981861562 8.19999981671572 8.07499981950969 8.24499981570989 8.63499980699271 8.69499980565161 8.44999981112778 8.68999980576336 9.63499978464097 9.97499977704138 10.029999775812 9.50499978754669
8.27999981492758 9.16499979514629 8.75999980419874 9.09499979671091 9.65999978408217 9.34999979101121 9.34999979101121 10.3699997682124 11.337999746576 -9999 -9999 -9999 -9999 -9999 -9999 -9999 -9999 -9999 -9999 -9999 -9999 -9999 -9999 -9999 -9999 -9999 -9999 -9999 -9999 -9999 -9999 -9999 -9999 -9999 -9999 -9999 14.2299996819347 9.52785692989294 9.6114283565964 9.58785692855184 8.64499980676919 8.91499980073422 9.03499979805201 8.88999980129302 8.78999980352819 8.84999980218709 8.91999980062246 9.01999979838729 9.00499979872257 8.32999981380999 7.86999982409179 7.88499982375652 8.2949998145923 8.74999980442226 8.56999980844557 7.88499982375652 7.95499982219189 8.32999981380999 9.58499978575855 9.73499978240579 9.76999978162348 9.47499978821725
9.53499978687614 9.08999979682267 8.84999980218709 9.06499979738146 9.22999979369342 9.45499978866428 9.46499978844076 9.51499978732318 12.7897884929553 -9999 -9999 -9999 -9999 -9999 -9999 -9999 -9999 -9999 -9999 -9999 -9999 -9999 -9999 -9999 -9999 -9999 -9999 -9999 -9999 -9999 -9999 -9999 -9999 -9999 -9999 -9999 -9999 -9999 -9999 -9999 13.5999996960163 13.4749996988103 10.0621426322364 8.71999980509281 8.70499980542809 8.76499980408698 8.78499980363995 8.8399998024106 8.65499980654567 8.39499981235713 8.8149998029694 8.00499982107431 8.87999980151653 8.02499982062727 7.82999982498586 7.86999982409179 7.96499982196838 7.87999982386827 8.11999981850386 9.32499979157001 9.39499979000539 9.34499979112297
9.25999979302287 9.39999978989363 8.74999980442226 8.77999980375171 8.87499980162829 9.46499978844076 9.49999978765845 9.64499978441745 10.0349997757003 -9999 -9999 -9999 -9999 -9999 -9999 -9999 -9999 -9999 -9999 -9999 -9999 -9999 -9999 -9999 -9999 -9999 -9999 -9999 -9999 -9999 -9999 -9999 -9999 -9999 -9999 -9999 -9999 -9999 -9999 -9999 -9999 -9999 -9999 3.66999991796911 5.67499987315387 8.42499981168658 8.44999981112778 8.38999981246889 8.37499981280416 8.6099998075515 9.11999979615211 9.26499979291111 8.85499980207533 8.99499979894608 9.01499979849905 8.87999980151653 8.86499980185181 8.15499981772155 7.84499982465059 8.84999980218709 9.17999979481101 8.97999979928136
9.39999978989363 9.38999979011714 9.57499978598207 9.68999978341162 9.43999978899956 9.24999979324639 9.34999979101121 9.98499977681786 9.78499978128821 9.19999979436398 -9999 -9999 -9999 -9999 -9999 16.1899624452926 -9999 -9999 -9999 -9999 -9999 -9999 -9999 -9999 -9999 -9999 -9999 -9999 -9999 -9999 -9999 -9999 -9999 -9999 -9999 -9999 -9999 -9999 -9999 -9999 -9999 -9999 -9999 -9999 9.77727250873365 9.82499978039414 8.56499980855733 8.56999980844557 8.72999980486929 8.86499980185181 9.11499979626387 9.09499979671091 8.95999979972839 9.08499979693443 9.18499979469925 9.18999979458749 9.18499979469925 7.91499982308596 7.90499982330948 7.90499982330948 7.84499982465059 8.40499981213361
9.32999979145825 8.34499981347471 9.45999978855252 9.39499979000539 9.25499979313463 9.31499979179353 9.32499979157001 10.8299997579306 9.32499979157001 8.93499980028719 10.7219997603446 -9999 -9999 -9999 -9999 -9999 -9999 -9999 -9999 -9999 -9999 -9999 -9999 -9999 -9999 -9999 -9999 -9999 -9999 -9999 -9999 -9999 -9999 -9999 -9999 -9999 -9999 -9999 -9999 -9999 -9999 -9999 -9999 -9999 -9999 13.5699996966869 9.28666645909349 8.41999981179833 8.92999980039895 8.97499979939312 9.07499979715794 9.19499979447573 9.22999979369342 8.6699998062104 8.85499980207533 9.01499979849905 8.44499981123954 8.5249998094514 8.2099998164922 8.19999981671572 7.93999982252717 8.46999981068075
8.18999981693923 7.08499984163791 8.2949998145923 9.23499979358166 9.86499977950007 9.9299997780472 9.96499977726489 10.1549997730181 9.59999978542328 9.52499978709966 10.2099997717887 15.769999647513 -9999 -9999 -9999 -9999 19.954999553971 19.954999553971 -9999 -9999 -9999 -9999 -9999 -9999 -9999 -9999 -9999 -9999 -9999 -9999 -9999 -9999 -9999 -9999 -9999 -9999 -9999 -9999 -9999 -9999 -9999 -9999 -9999 -9999 -9999 8.8399998024106 13.0599997080863 9.82954523483799 8.4927775879494 9.16499979514629 9.19499979447573 8.53999980911613 7.77999982610345 7.71499982755631 8.21999981626868 7.84999982453883 7.94499982241541 8.14499981794506 7.84999982453883 7.85999982431531 8.18999981693923 8.43499981146306
8.44999981112778 7.84999982453883 8.56999980844557 8.62499980721623 9.24499979335815 10.029999775812 10.0799997746944 9.96499977726489 10.2699997704476 9.77499978151172 9.74999978207052 10.0199997760355 16.3799996338785 11.3849997455254 11.5549997417256 11.604999740608 15.7249996485189 11.9881247320445 -9999 -9999 -9999 -9999 -9999 -9999 -9999 -9999 -9999 -9999 -9999 -9999 -9999 -9999 -9999 -9999 -9999 -9999 -9999 -9999 -9999 -9999 -9999 -9999 -9999 -9999 -9999 -9999 -9999 -9999 13.6099996957928 9.59699978549033 8.48599981032312 8.38499981258065 8.14749981788918 8.21749981632456 9.1299997959286 8.44999981112778 7.749999826774 8.09499981906265 8.78999980352819 8.3549998132512 7.82499982509762 8.32999981380999
8.73499980475754 8.039999820292 8.68999980576336 8.81999980285764 9.08999979682267 9.1299997959286 9.94499977771193 10.1449997732416 10.2349997712299 9.73999978229403 9.96499977726489 9.91999977827072 9.49499978777021 10.484999765642 10.7949997587129 10.3799997679889 11.570999741368 -9999 -9999 -9999 -9999 -9999 -9999 -9999 -9999 -9999 -9999 -9999 -9999 -9999 -9999 -9999 -9999 -9999 -9999 -9999 -9999 -9999 -9999 -9999 -9999 -9999 -9999 -9999 -9999 -9999 -9999 -9999 8.48299981039017 8.04999982006848 8.15749981766567 8.48166647708664 8.80249980324879 9.43999978899956 9.43999978899956 8.78999980352819 9.11999979615211 9.11999979615211 8.64499980676919 8.62499980721623 8.61999980732799 8.89499980118126
9.20499979425222 9.25999979302287 9.46999978832901 8.95499979984015 9.24499979335815 8.49999981001019 8.84999980218709 10.1449997732416 9.86499977950007 9.77499978151172 10.504999765195 10.4949997654185 10.3499997686595 10.6899997610599 11.0049997540191 10.9849997544661 11.3659372459515 -9999 -9999 -9999 -9999 -9999 -9999 -9999 -9999 -9999 -9999 -9999 -9999 -9999 -9999 -9999 -9999 -9999 -9999 -9999 -9999 -9999 -9999 -9999 -9999 -9999 -9999 -9999 -9999 -9999 -9999 -9999 8.48399981036782 8.38749981252477 8.24499981570989 8.43499981146306 8.46999981068075 8.71749980514869 8.86499980185181 8.03499982040375 8.03499982040375 8.13999981805682 8.09999981895089 8.21499981638044 8.12999981828034 8.63999980688095
9.70999978296459 9.63499978464097 9.1299997959286 9.0449997978285 9.20999979414046 9.5299997869879 9.44999978877604 9.91999977827072 9.74999978207052 9.66499978397042 9.99499977659434 10.2849997701123 10.4099997673184 10.214999771677 10.0349997757003 6.69999985024333 -9999 -9999 -9999 -9999 -9999 -9999 -9999 -9999 -9999 -9999 -9999 -9999 -9999 -9999 -9999 -9999 -9999 -9999 -9999 -9999 -9999 -9999 -9999 -9999 -9999 -9999 -9999 -9999 -9999 -9999 -9999 -9999 10.5149997649714 8.41499981191009 8.17999981716275 8.14499981794506 9.48499978799373 9.48499978799373 8.0649998197332 8.09999981895089 8.14499981794506 7.9799998216331 7.9799998216331 8.47749981051311 8.05499981995672 8.18999981693923
8.91999980062246 9.06499979738146 9.11499979626387 8.62499980721623 8.58999980799854 9.63499978464097 9.50499978754669 9.77499978151172 9.82499978039414 9.62999978475273 9.68499978352338 9.96499977726489 10.4799997657537 10.8349997578189 10.9599997550249 -9999 -9999 -9999 -9999 -9999 -9999 -9999 -9999 -9999 -9999 -9999 -9999 -9999 -9999 -9999 -9999 -9999 -9999 -9999 -9999 -9999 -9999 -9999 -9999 -9999 -9999 -9999 -9999 -9999 -9999 -9999 -9999 -9999 -9999 9.86326064910416 9.62333311823507 8.89499980118126 8.89499980118126 9.32999979145825 8.24249981576577 8.77499980386347 8.48999981023371 8.25999981537461 8.4399998113513 8.07499981950969 8.11999981850386 7.95499982219189
8.76499980408698 9.12499979604036 9.12499979604036 9.11999979615211 9.21999979391694 9.53999978676438 10.1599997729063 10.0949997743592 10.1849997723475 9.97999977692962 9.94499977771193 9.96499977726489 10.3499997686595 10.919999755919 11.4899997431785 11.6549997394904 -9999 -9999 -9999 -9999 -9999 -9999 -9999 -9999 -9999 -9999 -9999 -9999 -9999 -9999 -9999 -9999 -9999 -9999 -9999 -9999 -9999 -9999 -9999 -9999 -9999 -9999 -9999 -9999 -9999 -9999 11.6649997392669 8.56499980855733 7.58499983046204 -9999 11.5949583295733 9.65499978419393 8.25499981548637 8.05499981995672 8.13499981816858 8.45999981090426 8.46499981079251 8.42499981168658 8.48999981023371 8.56499980855733 8.55999980866909 8.6699998062104
9.08499979693443 9.0699997972697 9.36499979067594 9.87499977927655 10.0649997750297 10.3699997682124 10.4449997665361 10.3449997687712 10.3099997695535 10.1149997739121 10.1399997733533 10.1599997729063 10.4149997672066 10.7299997601658 11.0849997522309 -9999 -9999 -9999 -9999 -9999 -9999 -9999 -9999 -9999 -9999 -9999 -9999 -9999 -9999 -9999 -9999 -9999 -9999 -9999 -9999 -9999 -9999 -9999 -9999 -9999 -9999 -9999 -9999 -9999 -9999 -9999 -9999 -9999 -9999 15.5849996516481 9.77666644814114 9.77333311488231 8.69499980565161 8.3549998132512 8.29249981464818 6.4299998562783 7.08999984152615 7.99999982118607 8.5849998081103 8.77999980375171 8.78499980363995 8.78499980363995
9.13999979570508 9.45999978855252 9.77499978151172 9.63999978452921 10.1799997724593 10.5799997635186 10.5849997634068 10.3099997695535 10.1799997724593 9.9899997767061 9.96499977726489 10.3349997689947 10.6549997618422 10.7349997600541 15.5049996534362 -9999 -9999 -9999 -9999 -9999 -9999 -9999 -9999 -9999 -9999 -9999 -9999 -9999 -9999 -9999 -9999 -9999 -9999 -9999 -9999 -9999 -9999 -9999 -9999 -9999 -9999 -9999 -9999 -9999 -9999 -9999 -9999 -9999 -9999 -9999 11.6939997386187 10.2299997713417 10.078333108065 8.15499981772155 8.72499980498105 8.6099998075515 8.4399998113513 8.99499979894608 8.66499980632216 8.79999980330467 8.8999998010695 8.75999980419874
9.41999978944659 9.46999978832901 9.60499978531152 9.614999785088 9.65999978408217 10.0349997757003 10.339999768883 10.0399997755885 9.68499978352338 9.91499977838248 10.6224997625686 9.85499977972358 9.85499977972358 11.0874997521751 11.8539997350425 -9999 -9999 -9999 -9999 -9999 -9999 -9999 -9999 -9999 -9999 -9999 -9999 -9999 -9999 -9999 -9999 -9999 -9999 -9999 -9999 -9999 -9999 -9999 -9999 -9999 -9999 -9999 -9999 -9999 -9999 -9999 -9999 -9999 -9999 -9999 -9999 -9999 11.4914283145751 9.35749979084358 9.55249978648499 9.37499979045242 9.09249979676679 9.12499979604036 9.83749978011474 8.93499980028719 8.93499980028719 7.83999982476234
