EcologicalScience/Bass/data/rs_data_bass/sst_284.asc
NCOLS 226 
NROWS 124 
XLLCORNER -9.41648524995501 
YLLCORNER 47.587301625531 
CELLSIZE 0.0833 
NODATA_value -9999 
[rows 54 to 80 of 124, columns 0 to 61 of 226]
-9999 -9999 -9999 -9999 -9999 -9999 -9999 -9999 -9999 -9999 -9999 -9999 -9999 -9999 -9999 -9999 -9999 -9999 -9999 -9999 -9999 -9999 -9999 -9999 -9999 -9999 -9999 -9999 -9999 -9999 -9999 -9999 -9999 -9999 -9999 -9999 -9999 -9999 13.8287653971056 6.21865290533751 5.84528640890494 5.88329721242189 6.35735647892579 7.01716665318236 7.21582689043134 7.39655750337988 7.55290382727981 7.61529891984537 7.77594835357741 7.91651660809293 7.89643542887643 7.7917264229618 7.63107698922977 7.47831659018993 7.26674702344462 7.04441968211904 6.86512343911454 6.58900722488761 11.7123313122306 -9999 -9999 12.4357647408421
-9999 -9999 -9999 -9999 -9999 -9999 -9999 -9999 -9999 -9999 -9999 -9999 -9999 -9999 -9999 -9999 -9999 -9999 -9999 -9999 -9999 -9999 -9999 -9999 -9999 -9999 -9999 -9999 -9999 -9999 -9999 -9999 -9999 -9999 -9999 -9999 -9999 -9999 13.3749997010455 6.0747855999507 5.91915646102279 6.12211980810389 6.35879084886983 6.42046875646338 7.46469007572159 7.50126650929451 7.57872248627245 7.73722036508843 7.76877650385723 7.74510939978063 7.86774802999571 7.87348550977185 7.52708516828716 7.43887141672894 7.11183506948873 6.95046845078468 6.86655780905858 7.96098207635805 6.38857365731571 13.6649996945634 -9999 14.339999679476
-9999 -9999 -9999 -9999 -9999 -9999 -9999 -9999 -9999 -9999 -9999 -9999 -9999 -9999 -9999 -9999 -9999 -9999 -9999 -9999 -9999 -9999 -9999 -9999 -9999 -9999 -9999 -9999 -9999 -9999 -9999 -9999 -9999 -9999 -9999 -9999 -9999 -9999 -9999 6.19503361359239 6.31575975054875 6.35090181417763 6.7797784274444 6.77404094766825 7.09103670530021 7.66550186788663 7.64757224358618 7.55935849202797 7.40946683287621 7.65833001816645 8.00975065445527 7.94878993183374 7.79889827268198 7.45608385605738 7.31838434142992 7.04370249714702 6.85651721945032 6.78981901705265 7.53909801656846 6.4321168296296 -9999 -9999
-9999 -9999 -9999 -9999 -9999 -9999 -9999 -9999 -9999 -9999 -9999 -9999 -9999 -9999 -9999 -9999 -9999 -9999 -9999 -9999 -9999 -9999 -9999 -9999 -9999 -9999 -9999 -9999 -9999 -9999 -9999 -9999 -9999 -9999 -9999 -9999 -9999 -9999 -9999 -9999 6.08482618955895 6.63490706309676 6.7797784274444 7.07167271105573 7.26244391361251 7.33416241081432 7.33774833567441 7.37002165941522 7.39010283863172 7.59306618571281 7.79029205301777 8.06425671232864 8.04919582791626 7.81109041720629 7.30117190210149 7.34492018539459 7.14482557820156 7.21702219871804 6.2899410915561 6.18594927061349 10.9667839813046 -9999
-9999 -9999 -9999 -9999 -9999 -9999 -9999 -9999 -9999 -9999 -9999 -9999 -9999 -9999 -9999 -9999 -9999 -9999 -9999 -9999 -9999 -9999 -9999 -9999 -9999 -9999 -9999 -9999 -9999 -9999 -9999 -9999 -9999 -9999 -9999 -9999 -9999 -9999 -9999 -9999 6.50390127487481 6.29496138636023 6.49362162360922 7.11183506948873 7.00856043351814 7.04083375725895 7.36858728947118 7.32699056109414 7.41233557276428 7.52421642839909 7.70494704134762 8.05349893774837 7.96887111105025 7.74152347492054 7.46971037052572 7.30547501193359 7.19359415629879 6.93971067620441 6.04466383112594 6.07263404503465 6.06976530514657 16.4699996318668
-9999 -9999 -9999 -9999 -9999 -9999 -9999 -9999 -9999 -9999 -9999 -9999 -9999 -9999 -9999 -9999 -9999 -9999 -9999 -9999 -9999 -9999 -9999 -9999 -9999 -9999 -9999 -9999 -9999 -9999 -9999 -9999 -9999 -9999 -9999 -9999 -9999 -9999 -9999 6.10499986354262 7.12044128915295 6.02243109699339 6.41401409171522 6.43768119579181 6.66216009203345 6.74033325398341 6.9153263871558 7.34348581545055 7.50556961912662 7.68056275229901 7.81826226692647 7.93014312256128 8.03772086836398 7.2301705898717 7.25168613903224 7.12833032384515 7.14267402328551 6.72670673951507 6.52350433077663 11.304498415906 -9999 -9999
-9999 -9999 -9999 -9999 -9999 -9999 -9999 -9999 -9999 -9999 -9999 -9999 -9999 -9999 -9999 -9999 -9999 -9999 -9999 -9999 -9999 -9999 -9999 -9999 -9999 -9999 -9999 -9999 -9999 -9999 -9999 -9999 -9999 -9999 -9999 -9999 -9999 -9999 -9999 6.80975675927475 5.91270179627463 5.99015777325258 6.07837152481079 6.41473127668723 7.01788383815438 7.02218694798648 7.14410839322954 7.38651691377163 7.77666553854942 7.85699025541544 7.95811333646998 7.99182103015482 8.05349893774837 7.87157301651314 6.9748527398333 7.02003539307043 6.84862818475813 14.1849996829405 8.37024443813716 6.25623339787126 5.81875056494027 5.59212011378258
-9999 -9999 -9999 -9999 -9999 -9999 -9999 -9999 -9999 -9999 -9999 -9999 -9999 -9999 -9999 -9999 -9999 -9999 -9999 -9999 -9999 -9999 -9999 -9999 -9999 -9999 -9999 -9999 -9999 -9999 -9999 -9999 -9999 -9999 -9999 -9999 -9999 -9999 -9999 5.88473158236593 6.05111849587411 6.23184910882264 6.51800591265783 6.75539413839579 7.20793785573915 7.33631396573037 7.38866846868768 7.65115816844627 7.84910122072324 8.03341775853187 8.01405376428738 7.98895229026675 8.04632708802819 6.88161869347095 6.97987303463742 6.89739676285535 6.87014373391867 6.87731558363885 10.4188075747807 5.47521896334365 5.59427166869864 5.73125399835408
-9999 -9999 -9999 -9999 -9999 -9999 -9999 -9999 -9999 -9999 -9999 -9999 -9999 -9999 -9999 -9999 -9999 -9999 -9999 -9999 -9999 -9999 -9999 -9999 -9999 -9999 -9999 -9999 -9999 -9999 -9999 -9999 -9999 -9999 -9999 -9999 -9999 -9999 12.8148157754271 5.83022552449256 6.39249854255468 6.6564226122573 6.97341836988926 6.82137515582144 7.05589464167133 7.80607012240216 7.86774802999571 7.9789117006585 8.03843805333599 8.11374247539788 8.08577226148918 7.99038666021079 7.89069794910029 7.16920986725017 7.02649005781859 6.96911526005715 6.88448743335903 6.48214666405693 6.03318887157366 5.54622027557343 5.54335153568536 5.42501601530239
-9999 -9999 -9999 -9999 -9999 -9999 -9999 -9999 -9999 -9999 -9999 -9999 -9999 -9999 -9999 -9999 -9999 -9999 -9999 -9999 -9999 -9999 -9999 -9999 -9999 -9999 -9999 -9999 -9999 -9999 -9999 -9999 -9999 -9999 -9999 -9999 -9999 -9999 6.09486677916721 5.75276954751462 6.76543472800404 6.90456861257553 7.31049530673772 7.50700398907065 7.58302559610456 7.96600237116218 8.04058960825205 8.1739860130474 8.26722005940974 8.31168552767485 8.09796440601349 8.06138797244057 7.77379679866135 7.16347238747403 6.99995421385393 6.96194341033697 6.89596239291131 6.04968412593007 5.92417675582692 5.44724874943495 5.34899440826848 5.10873744264245
-9999 -9999 -9999 -9999 -9999 -9999 -9999 -9999 -9999 -9999 -9999 -9999 -9999 -9999 -9999 -9999 -9999 -9999 -9999 -9999 -9999 -9999 -9999 -9999 -9999 -9999 -9999 -9999 -9999 -9999 -9999 -9999 -9999 -9999 -9999 -9999 -9999 15.4610390580183 6.591397841461 7.18498793663457 7.06019775150344 7.42022460745648 7.80033264262602 7.98178044054657 8.15749075869098 8.11015655053779 8.2098452616483 8.30881678778678 8.3016449380666 8.2815637588501 7.95165867172182 7.97962888563052 7.90934475837275 7.61386454990134 6.98847925430164 6.87229528883472 6.80559708643705 6.51728872768581 6.18881801050156 5.99661243800074 5.48597673792392 5.34325692849234
-9999 -9999 -9999 -9999 -9999 -9999 -9999 -9999 -9999 -9999 -9999 -9999 -9999 -9999 -9999 -9999 -9999 -9999 -9999 -9999 -9999 -9999 -9999 -9999 -9999 -9999 -9999 -9999 -9999 -9999 -9999 -9999 -9999 -9999 -9999 -9999 -9999 7.06354461470619 7.16992705222219 7.62964261928573 7.39153720857576 7.63968320889398 8.15964231360704 8.31670582247898 8.34109011152759 8.35471662599593 8.32100893231109 8.2535935449414 8.20769370673224 8.10155033087358 8.02696309378371 7.81109041720629 7.84838403575122 7.86846521496773 7.31957964971662 6.84862818475813 6.63777580298483 6.37098299339414 6.17806023592129 5.82663959963247 5.41210668580607 5.35616625798866
-9999 -9999 -9999 -9999 -9999 -9999 -9999 -9999 -9999 -9999 -9999 -9999 -9999 -9999 -9999 -9999 -9999 -9999 -9999 -9999 -9999 -9999 -9999 -9999 -9999 -9999 -9999 -9999 -9999 -9999 -9999 -9999 -9999 -9999 -9999 6.96542229266392 6.82940762750804 6.71021148515865 6.83858759514987 7.55505538219586 7.75156406452879 8.07501448690891 8.34467603638768 8.39918209426105 8.5046082851477 8.46731466660276 8.45010222727433 8.31814019242302 8.06855982216075 7.96600237116218 7.92225408786908 7.8871120242402 7.79387797787786 7.54573197755963 6.91676075709984 6.49864191841334 6.33082063496113 6.09414959419519 5.97724844375625 5.6961119347252 5.41999572049826 5.39489424647763
-9999 -9999 -9999 -9999 -9999 -9999 -9999 -9999 -9999 -9999 -9999 -9999 -9999 -9999 -9999 -9999 -9999 -9999 -9999 -9999 -9999 -9999 -9999 -9999 -9999 -9999 -9999 -9999 -9999 -9999 -9999 -9999 -9999 -9999 -9999 16.0084975715394 7.60386380390264 7.41042307950556 7.40229498315603 7.4252449022606 7.96026489138603 8.35041351616383 8.55481123318896 8.60573136620224 8.62079225061461 8.60860010609031 8.49241614062339 8.35758536588401 7.92799156764522 7.91651660809293 7.81897945189849 7.84981840569526 7.76303902408108 7.07741019083187 6.6800897163339 6.29711294127628 6.15654468676075 5.98800621833652 5.81157871522009 5.67746512545273 5.62224188260734 5.59427166869864
-9999 -9999 -9999 -9999 -9999 -9999 -9999 -9999 -9999 -9999 -9999 -9999 -9999 -9999 -9999 -9999 -9999 -9999 -9999 -9999 -9999 -9999 -9999 -9999 -9999 -9999 23.8449994670227 23.8449994670227 -9999 7.7926545446903 11.3694315470922 7.47580644278787 8.33320107683539 10.4305155590797 15.0389649399063 13.2339565143754 7.56258582440205 6.99672688147984 7.78025146340951 8.04489271808416 8.35256507107988 8.64374216971919 8.65808586915955 8.69681385764852 8.61505477083847 8.50030517531559 8.21701711136848 8.13167209969833 7.97962888563052 7.74654376972467 7.68845178699121 7.54429760761559 7.64972379850224 6.72527236957103 6.56175419595093 6.31719412049279 6.17662586597726 5.95214696973562 5.82448804471642 5.74488051282242 5.74631488276646 5.60598568990827
-9999 -9999 -9999 -9999 -9999 -9999 -9999 -9999 -9999 -9999 -9999 -9999 -9999 -9999 -9999 -9999 -9999 -9999 -9999 -9999 -9999 -9999 11.7134972307692 7.59808648051694 7.33487959578633 7.41018401784822 7.40014342823997 7.38006224902347 7.2896969425492 7.74510939978063 7.84694966580719 7.81180760217831 7.44030578667298 7.39153720857576 7.56724752672017 7.52421642839909 7.99971006484702 8.15964231360704 8.09581285109743 8.43360697291791 8.64445935469121 8.45512252207845 8.54405345860869 8.55194249330088 8.53616442391649 8.33176670689136 8.13956113439053 7.85412151552737 7.84766685077921 7.64398631872609 7.52851953823119 7.10824914462864 6.78192998236045 6.66789757180959 6.41257972177118 6.21248511457816 6.31002227077261 6.02601702185348 6.38284914474934 15.4099996555597 -9999 -9999
-9999 -9999 -9999 -9999 -9999 -9999 -9999 -9999 -9999 -9999 -9999 -9999 -9999 -9999 -9999 -9999 -9999 -9999 -9999 -9999 -9999 14.1467024600133 6.59474470466375 7.04872279195115 6.92967008659616 6.91747794207186 6.9311044565402 6.90313424263149 6.95979185542092 6.98632769938558 7.06163212144747 7.28109072288498 7.34635455533862 7.6482894285582 7.87348550977185 7.89069794910029 8.08003478171304 8.50030517531559 8.68964200792834 8.68318734318018 8.6960966726765 7.7042298563756 8.58349863206968 8.49241614062339 8.10513625573367 8.27224035421386 7.52278205845505 7.72359385062009 7.4689931855537 7.47903377516195 7.27535324310884 7.27678761305287 7.07741019083187 7.14267402328551 6.42429374298081 15.0682463823012 15.1399996615946 -9999 -9999 -9999 -9999 -9999
-9999 -9999 -9999 -9999 -9999 -9999 -9999 -9999 -9999 -9999 -9999 -9999 -9999 -9999 -9999 -9999 -9999 6.88018432352692 8.51292763082311 11.3521586172283 7.3972746883519 6.93540756637231 7.05159153183922 7.03581346245483 6.94616534095258 7.11685536429286 6.96122622536495 6.9590746704489 6.90313424263149 7.02146976301447 7.09318826021627 7.36858728947118 7.66621905285865 8.03126620361581 8.08075196668506 8.27726064901799 8.27726064901799 8.53616442391649 8.21271400153637 7.65115816844627 8.36906032543629 8.02194279897958 7.82830285653472 8.07142856204882 8.02768027875572 7.71929074078798 7.45106356125325 7.08027893071994 7.03437909251079 7.16490675741807 7.42022460745648 9.28291335422546 13.4399996995926 -9999 -9999 -9999 -9999 -9999 -9999 -9999 -9999 -9999
-9999 -9999 -9999 -9999 -9999 -9999 -9999 -9999 -9999 -9999 -9999 -9999 -9999 -9999 -9999 -9999 -9999 7.0508743468672 7.41448712768033 7.35711232991889 7.21726126037538 7.32268745126203 7.44962919130921 7.47544785030186 7.19287697132677 7.40803246293217 7.41018401784822 7.07167271105573 7.06521804630756 6.99636828899384 7.72646259050816 7.92512282775715 7.30260627204552 8.01835687411949 8.19550156220794 8.33822137163952 8.25574509985745 8.32602922711521 8.23064362583682 8.29232153343037 7.36428417963907 8.36834314046428 8.2736747241579 8.1022675158456 7.48405406996608 7.33057648595423 7.10322884982452 7.37504195421934 6.87516402872279 7.68988615693524 8.36686095818877 14.0849996851757 -9999 -9999 -9999 -9999 -9999 -9999 -9999 -9999 -9999 -9999
-9999 -9999 -9999 -9999 -9999 -9999 -9999 -9999 -9999 -9999 -9999 -9999 -9999 8.66546262887173 7.50843835901469 7.44532608147711 7.38508254382759 7.41592149762437 7.42596208723262 7.4611041508615 7.49911495437846 7.54644916253164 7.69490645173937 7.79531234782189 7.7357859951444 7.21367533551529 7.52995390817523 7.0867335954681 7.48763999482617 7.55290382727981 7.70351267140359 7.96026489138603 7.92512282775715 7.99253821512684 8.14099550433457 8.24427014030516 8.317423007451 8.5763267823495 8.28658405365422 8.20339059690014 8.1660969783552 8.13525802455842 8.01620531920344 7.9229712728411 7.50915554398671 7.36787010449916 7.18355356669053 7.23447369970381 7.29615160729736 7.28467664774507 7.88782920921221 8.01979124406353 15.954999643378 -9999 -9999 -9999 -9999 -9999 -9999 22.5494157656695 -9999 -9999
-9999 -9999 -9999 -9999 -9999 -9999 -9999 -9999 -9999 -9999 18.7689195606927 7.53791466136463 7.44532608147711 7.62892543431371 7.37360758427531 7.28897975757718 7.32197026629001 7.34707174031064 7.49839776940644 7.92440564278513 7.81037323223427 7.85699025541544 7.81682789698243 7.62677387939766 7.83619189122692 7.83977781608701 7.80463575245813 7.83117159642279 7.76805931888521 7.89858698379248 7.96241644630209 7.96887111105025 8.09724722104147 8.0664082672447 8.19621874717996 8.25287635996938 8.31025115773082 8.20339059690014 8.31311989761889 8.44795067235827 8.18330941768363 7.94520400697365 7.87205113982782 8.07501448690891 7.65259253839031 7.56007567699999 7.24881739914417 7.13191624870524 6.88018432352692 7.27678761305287 7.67948697484098 15.4156267958169 7.37269670701157 -9999 -9999 -9999 17.6327922447128 6.19527267524973 6.32006286038086 5.73663288564421 5.94999541481957 17.7899996023625
-9999 -9999 -9999 -9999 -9999 -9999 -9999 20.6686206505514 7.69413409869258 7.76160465413705 7.66478468291461 7.46038696588948 7.39225439354777 7.21582689043134 7.3693044744432 7.34922329522669 7.90647601848468 8.23996703047305 8.18904689745978 8.02768027875572 7.91795097803697 7.96026489138603 7.85340433055535 7.96743674110621 7.98966947523877 7.97030548099428 8.03270057355985 7.99971006484702 8.09150974126533 8.11661121528596 8.1460157991387 8.14458142919466 8.29160434845835 8.28228094382212 8.35686818091199 8.41352579370141 8.40993986884132 8.35113070113584 8.23279518075287 8.18330941768363 8.0427411631681 7.96958829602227 7.76017028419301 7.6762596424669 7.44030578667298 7.46755881560966 7.03796501737088 6.95333719067276 6.77690968755633 6.66718038683757 6.82711263559759 6.96983244502917 13.2643918308172 6.95365095909801 6.2698599123396 6.13000884279609 6.20746481977403 6.30643634591252 6.31934567540884 6.44987334031612 6.45130771026015 17.5446880787181
-9999 -9999 -9999 -9999 -9999 7.44532608147711 7.44317452656105 7.75012969458476 7.35854669986293 7.52851953823119 7.53569138795137 7.47544785030186 7.47616503527388 7.66765342280269 7.88854639418423 8.06282234238461 8.21845148131251 8.17685475293547 8.09724722104147 8.05493330769241 8.16322823846713 7.93301186244935 8.13095491472632 8.078600411769 7.77809990849346 8.1424298742786 7.97747733071446 8.12450024997815 8.13597520953044 8.1940671922639 8.27797783399001 8.37623217515647 8.3812524699606 8.39201024454087 8.50532547011971 8.40563675900921 8.34180729649961 8.29519027331844 8.35471662599593 8.09724722104147 8.1660969783552 8.01692250417545 7.72933133039623 7.38579972879961 8.10083314590156 7.9509414867498 6.82567826565355 6.65785698220134 6.65857416717336 6.78551590722054 6.72885829443112 6.90026550274342 6.55099642137066 6.40038757724687 6.41473127668723 6.59976499946788 6.40684224199504 6.47282325942069 6.32436597021297 6.41616564663127 6.21105074463412 6.11494795838371
-9999 -9999 -9999 -9999 -9999 7.22730184998363 7.33201085589826 7.40372935310006 7.35496077500284 7.72574540553614 7.57585374638438 7.85914181033149 7.95022430177778 7.9631336312741 8.16824853327125 8.16322823846713 8.24713888019323 8.10728781064972 8.20554215181619 8.1861781575717 8.17255164310336 8.19765311712399 8.27439190912992 8.19765311712399 8.22705770097673 8.22490614606068 8.29590745829046 8.35686818091199 8.33320107683539 8.34467603638768 8.34109011152759 8.23422955069691 8.39918209426105 8.44293037755415 8.41065705381334 8.31025115773082 8.17685475293547 8.12019714014605 8.11876277020201 8.04632708802819 8.15390483383089 8.1424298742786 8.13764864113182 8.0597145408392 7.9509414867498 7.09533981513232 6.82854700554162 6.78192998236045 6.84289070498198 6.73889888403937 6.66646320186555 6.62271491857246 6.63418987812474 6.46708577964455 6.63777580298483 6.70232245046645 6.48358103400096 6.41975157149136 6.39249854255468 6.33655811473727 6.22396007413045 6.07693715486676
-9999 -9999 -9999 -9999 -9999 7.82973722647876 7.81897945189849 8.0707113770768 8.20625933678821 7.96600237116218 8.37049469538033 7.99397258507088 8.06210515741259 8.14314705925062 8.29303871840239 8.21629992639646 8.24857325013727 8.17757193790749 8.12091432511806 8.17542038299143 7.6762596424669 8.15175327891484 8.26076539466158 8.34395885141566 8.49026458570734 8.35686818091199 8.31311989761889 8.4608600018546 8.49456769553944 8.37479780521244 8.59353922167793 8.52110353950411 8.54405345860869 8.28801842359826 8.2098452616483 8.45010222727433 8.437192897778 8.53473005397245 8.02552872383967 8.03915523830801 8.11804558522999 8.06425671232864 8.11876277020201 7.47473066532984 7.33989989059046 7.25240332400426 7.56330300937407 7.18678089906462 6.82496108068153 6.7202520747669 6.78479872224852 6.63562424806878 6.51011687796563 6.96337778028101 6.76902065286413 6.66718038683757 6.5847041150555 6.5409558317624 6.47425762936473 6.35807366389781 6.38676106277853 6.24547562329099
-9999 -9999 -9999 -9999 -9999 8.24211858538911 8.1460157991387 8.31025115773082 8.16968290321529 8.09294411120936 8.08146915165707 8.16179386852309 8.34826196124777 8.33176670689136 8.26650287443772 8.27654346404597 8.29805901320651 8.28658405365422 8.22920925589278 8.16896571824327 7.85268714558333 8.31957456236705 8.35256507107988 8.43647571280599 8.41496016364545 8.4730521463789 8.49456769553944 8.56413463782519 8.65952023910359 8.71832940680906 8.74127932591364 8.4250007532537 8.39559616940096 8.64661090960726 8.61577195581049 8.95356607763097 8.77211827971041 8.68031860329211 8.34109011152759 8.31168552767485 8.15749075869098 8.10872218059376 8.08433789154515 7.53999449778348 7.53784294286743 7.44962919130921 7.8512527756393 7.45357370865531 5.58996855886653 7.2699743558187 7.35567795997486 6.70519119035453 6.61984617868438 7.2896969425492 6.80416271649301 6.70734274527058 6.75933865574189 6.81097597372718 6.79376353439875 6.41975157149136 6.8355754182674 5.66025268612429
-9999 -9999 -9999 -9999 -9999 8.26506850449368 8.24642169522122 8.24785606516525 8.16537979338318 8.29303871840239 8.35686818091199 8.38340402487665 8.48667866084725 8.41567734861746 8.38268683990464 8.397030539345 8.26076539466158 8.22849207092077 8.19048126740381 8.24642169522122 8.3095339727588 8.35901973582804 8.41639453358948 8.40205083414912 8.38555557979271 8.48237555101514 8.42858667811379 8.48954740073532 8.69322793278843 8.7197637767531 8.67744986340404 8.77642138954252 8.20052185701206 8.58923611184582 8.78000731440261 8.76422924501821 8.53616442391649 8.67960141832009 8.72191533166915 8.83164463238791 8.35160882445052 8.37766654510051 8.14027831936255 8.21952725877054 7.65474409330636 7.97568436828442 7.85017699818127 7.759811691707 7.53569138795137 7.40014342823997 7.73220007028431 7.16383097996004 7.09103670530021 6.87982573104091 7.15701772272587 7.14267402328551 7.04370249714702 6.9831003670115 6.89452802296728 6.70268104295246 6.65427105734125 5.38485365686938
