EcologicalScience/Bass/data/rs_data_bass/sst_138.asc
NCOLS 226 
NROWS 124 
XLLCORNER -9.41648524995501 
YLLCORNER 47.587301625531 
CELLSIZE 0.0833 
NODATA_value -9999 
[rows 54 to 80 of 124, columns 124 to 185 of 226]
7.52999983169138 7.59999983012676 8.05499981995672 7.77999982610345 8.10999981872737 8.07999981939793 7.95999982208014 7.91499982308596 8.43569066220274 8.4115386698395 8.42309480905533 7.32499983627349 7.40499983448535 7.44499983359128 7.49999983236194 7.604999830015 7.74499982688576 7.8349998248741 7.82499982509762 8.51293016007791 8.6661371452113 8.68592962032805 9.13531171518844 9.23787423991598 9.01864723581821 9.61852734877417 11.0049997540191 11.0049997540191 9.93984203382085 9.89203865701954 10.45323557558 10.4733877870021 10.4250606967835 10.4089392561 10.3256798408693 9.32416175292539 8.93196402822754 9.53999978676438 9.45499978866428 9.39999978989363 9.40499978978187 9.37999979034066 9.35499979089946 8.58500429801643 9.4449997888878 9.4449997888878 8.14635626266577 8.91267665056512 8.71090358905494 10.1400288272506 8.96305664989632 9.07368243183009 11.3147238600999 7.97334360836872 8.12429895767543 8.02945748141168 5.25044030152882 7.89252446039713 7.0403743096712 8.33531194270643 8.18610081199885 9.45096127044235
7.58999983035028 7.58499983046204 7.82988690268248 7.94995996169746 7.8659748269245 7.86999982409179 7.81999982520938 7.73499982710928 8.22525770869106 8.33710026213278 8.39661984983832 8.42257609590888 7.8031837544404 7.80892123421654 7.75499982666224 7.75499982666224 7.75999982655048 7.75499982666224 7.83999982476234 8.99271347435812 8.80712940326581 8.87734816844265 9.43756901441763 9.58390180859715 9.56517153202246 9.72647726597885 9.98635987006128 10.3060214184225 10.2210507678489 10.2323610804354 10.5990186423296 10.6197459743125 10.5898288703756 9.27164484008348 9.22759874840267 9.36745996540412 9.65999978408217 9.63999978452921 9.59999978542328 9.52499978709966 9.45999978855252 9.47852825706026 9.39492498032217 8.66781791610022 9.50999978743494 9.50999978743494 9.06249727751128 8.79998728283681 8.48103085402399 7.6005316299852 7.60366931423778 9.32761275680969 7.99995197615187 8.05973254746225 8.0506169311037 8.17046893953479 16.1052915713226 17.2267598360497 -9999 -9999 -9999 -9999
7.20999983884394 7.2649998376146 7.51499983202666 7.58499983046204 7.72999982722104 7.8934733656102 8.17147627845407 7.72999982722104 7.72999982722104 7.79499982576817 7.79219930432737 7.75451321946457 8.36255132500082 8.33211379218847 8.70850204571616 8.81638257298619 7.95999982208014 7.95999982208014 7.91999982297421 9.05950190902998 9.43599830416497 9.2230955332052 10.7399997599423 10.7299997601658 10.7249997602776 10.1865584353606 9.65000735285381 10.7681863950565 10.7227482711896 10.6960957314586 10.7195733918343 10.7998913927004 10.7226316488814 9.4463233014103 9.31001413543709 9.93732759496197 10.4170781211578 10.3125303888228 9.9599712427007 9.872924595722 9.65091354132164 9.75146951355661 9.32521321744259 10.3867251225415 10.0676784802658 7.99765010084957 8.03553434938658 8.62106790447918 12.0466365801791 8.16697338236762 7.98746296693571 8.28650618760058 7.91441314818803 7.28371119848453 6.99550528701395 -9999 -9999 -9999 -9999 -9999 -9999 -9999
6.58999191752324 6.83999984711409 6.95499984454364 7.30499983672053 7.59499983023852 7.62499982956797 7.66999982856214 8.16018970724609 8.0984332608059 7.15460127545521 8.19812873688837 8.40977958124131 8.38256714213639 8.44910975017895 8.81701014656574 9.00234500854276 9.02636219991837 9.44254780095071 9.52913266513497 9.67469069862273 9.39246624009684 9.22845741012134 9.99313725965718 11.2999997474253 11.2649997482076 11.2549997484311 9.95713429362513 10.7813849321101 11.2549997484311 11.2549997484311 10.6654512950918 10.5903515379177 10.5500030937837 9.5851053094957 9.59086308418773 9.56638761493377 10.157140689157 9.9798568636179 9.88806837552693 9.79706706374418 9.72887696465477 9.57540445437189 8.28017514890858 8.2837455969836 9.02026065660175 9.04507628607098 9.49506486104801 12.629453855611 8.33745676575096 8.34828813855226 8.07227287398508 8.06316221827133 7.82982426905073 6.7368204759966 17.6699996050447 -9999 -9999 -9999 -9999 -9999 -9999 -9999
6.6769471965963 6.46538705347727 7.71753677818924 7.15499984007329 7.00499984342605 7.18999983929098 7.27999983727932 7.38999983482063 7.38499983493239 8.16402419749647 8.29992174605528 8.44376921405395 8.41077641770244 8.06174639798701 8.91297422640491 9.05240753444377 7.06499984208494 7.06499984208494 9.67577162326779 9.77853202342521 10.8649997571483 10.919999755919 11.1749997502193 11.3099997472018 11.3199997469783 10.6764589436352 10.9719853436109 10.9316656995798 10.6807845185976 10.7464289541822 10.6456475286977 10.5507676580455 10.4489933504956 9.65378256002441 9.51739893038757 9.49877241603099 9.88647518433364 9.90826625050977 9.95572167572876 10.023909364827 9.89833905710839 9.67986819054931 8.74845457705669 9.00121825840324 8.1233792277053 10.2916758030963 12.3849730361253 7.25203887985221 6.33328727823259 8.24883571648124 8.29134522573176 8.10368595842738 6.87007297668606 7.47868974765377 15.2549996590242 -9999 -9999 -9999 -9999 -9999 -9999 -9999
7.46713582258672 7.05000641369926 7.60087240605869 7.59840884380456 6.94999984465539 6.99999984353781 7.05499984230846 7.25999983772635 7.25999983772635 8.14081263417999 8.26895197015256 8.35131323741128 8.4568679627652 8.56332710261146 8.84650598408189 9.19621298741549 9.35153619479388 9.66347793070599 9.34394815238193 10.6249997625127 10.8149997582659 11.1249997513369 11.354999746196 11.3949997453019 11.3449997464195 11.3949997453019 10.8572492535459 10.8996443465585 10.8441284697037 10.4943673685193 10.5168958893046 8.94121086814751 8.92017344230165 9.99645778623277 10.0385184823535 9.76828870151399 9.68921644460144 9.73373997386079 9.79316209536046 10.0961640651803 9.43444873658674 9.14361843792722 9.22501727496274 9.42556009707706 8.81829794527342 12.061981399829 11.3182966873671 10.1943485590496 9.75501763867214 7.62376543309074 7.43160037696362 5.52592826177451 6.61006455076858 7.37620119587518 17.1149996174499 -9999 23.7447889405303 -9999 -9999 -9999 -9999 -9999
-9999 -9999 -9999 -9999 -9999 10.0590249509868 8.30588304499785 4.40999990142882 4.40999990142882 7.9849148701566 8.27149141610911 8.37229425584277 8.32182040507905 8.39145837957039 8.47269651456736 8.60877900500782 9.72722792928107 9.78388890007045 10.4899997655302 10.7199997603893 10.9999997541308 11.2199997492135 11.3499997463077 11.3649997459725 8.22417874481263 10.1126974740764 10.7087767431512 10.9356828914024 10.1049997741356 10.1099997740239 10.6065490845358 10.5309875445673 10.4162971180631 10.2645296010887 9.02162820287049 10.2178352554329 9.95058457180858 9.89964185624073 9.61167974874843 9.42752494157425 10.7815021036991 9.47309805061668 9.08680487424135 8.96001872854928 11.5170178539394 16.7157814903552 -9999 17.3793670994582 18.8091880353633 16.2599996365607 7.7738737927105 6.6313128345646 8.00775275090044 13.5803278794148 5.37499987985939 5.37499987985939 -9999 -9999 -9999 -9999 -9999 -9999
-9999 -9999 -9999 -9999 -9999 -9999 -9999 4.59999989718199 4.63999989628792 8.47716990847968 7.8807557617935 7.85911953798495 8.16837997944094 8.37901254859753 8.50863022683188 8.58278440777212 9.37999979034066 9.93499977793545 9.67007100803312 10.9099997561425 11.0099997539073 11.2999997474253 11.4299997445196 10.4424691488966 10.6599997617304 10.3099997695535 10.2999997697771 10.3149997694418 10.2099997717887 10.1699997726828 10.1649997727945 10.4356526805786 10.3764324673684 10.3680864863098 10.6885733527264 10.6524154369586 10.4434506744728 10.4052987207792 10.3456177261791 9.29551268062954 9.196979925236 8.92507779784501 9.41162100993097 9.47894243653864 8.21178135921946 16.8099996242672 -9999 -9999 -9999 -9999 -9999 -9999 -9999 -9999 -9999 -9999 -9999 -9999 -9999 -9999 -9999 -9999
-9999 -9999 -9999 -9999 -9999 -9999 -9999 -9999 15.2699996586889 9.32109781140462 7.86048354239514 7.69508520374075 8.53999980911613 8.53999980911613 8.3094523223117 9.02060031890869 8.90010655655836 9.4774272229212 10.5415153540671 11.2299997489899 11.2349997488782 11.3249997468665 10.6258739843033 10.6549997618422 10.5749997636303 10.4899997655302 10.4549997663125 10.3049997696653 10.3049997696653 10.5613207677379 10.58976119617 10.559495647205 10.4039696985856 10.432907499373 9.69591819532216 10.0399675868452 10.2988532914896 8.20346907712519 8.19463876765221 10.0008382465956 9.82941262024854 8.91298980843276 8.94844715893269 9.23483138019219 13.091938216322 -9999 -9999 -9999 -9999 -9999 -9999 -9999 -9999 -9999 -9999 -9999 -9999 -9999 -9999 -9999 -9999 -9999
-9999 -9999 -9999 -9999 -9999 -9999 -9999 -9999 -9999 14.5849996739998 8.03424754242102 8.11238687951118 8.09394495422021 8.79499980341643 8.79499980341643 6.82499984744936 10.1417740067806 9.93494178851446 10.2083832573456 10.5445581745589 10.8926026246045 11.5149997426197 11.5149997426197 11.1742535163648 10.6799997612834 10.6799997612834 10.7721539311111 10.8328074848279 10.4949337785365 10.4858201125171 10.5318434359506 10.5455562038114 10.4289172450081 9.50237191980705 9.21089696651325 9.24748354754411 9.54142018979681 9.72864049393684 9.55870450509246 9.55888380133547 10.3104795801382 8.3998201712966 8.7895929354497 8.50330426192118 15.8293937697273 -9999 -9999 -9999 -9999 -9999 -9999 -9999 -9999 -9999 -9999 -9999 -9999 -9999 -9999 -9999 -9999 -9999
-9999 -9999 -9999 -9999 -9999 -9999 -9999 -9999 -9999 14.4399996772408 8.17088028322905 8.22164482188722 9.01499979849905 9.01499979849905 9.59995733977606 9.72999978251755 10.0799997746944 10.1899997722358 10.5519122974947 11.0987771299357 10.4290793105029 11.2345799688871 11.0049997540191 11.459999743849 11.3099997472018 10.7899997588247 10.9805712978511 11.0556355124339 10.8515774361789 10.6034706531093 10.3805985865183 10.3414088152349 10.2269602854503 9.59257815149613 10.1760419005528 10.2451876554904 9.40689441375434 8.92213131971657 9.68629068217706 9.85181895983764 9.28283339866903 9.19982595415786 7.59872239734977 7.5893586674938 16.557955785721 -9999 17.9826404032356 23.8899994660169 -9999 -9999 -9999 -9999 -9999 -9999 -9999 -9999 -9999 -9999 -9999 -9999 -9999 -9999
-9999 -9999 -9999 -9999 -9999 -9999 -9999 -9999 -9999 9.29332359108177 8.41204842831939 8.25493756464372 8.49136332555541 9.36417718355854 9.94499977771193 9.94499977771193 10.7947854114076 10.7018671290328 11.3849997455254 11.354999746196 10.9299997556955 11.2199997492135 11.6099997404963 11.0338605986908 10.982904353179 10.9317451585084 10.9926869668066 11.0088831702247 10.8952810706571 10.7698088588193 10.4685788730858 10.4075471182587 10.3182795998873 10.0760622564703 10.0542760692537 9.06347099272534 9.20848313104361 10.1190539163404 10.0384827192341 9.10791328667917 9.05504823789339 8.37475549649786 6.86606877995655 9.29609757897976 15.9949996424839 -9999 -9999 -9999 -9999 -9999 -9999 -9999 -9999 -9999 -9999 -9999 -9999 -9999 -9999 -9999 -9999 -9999
-9999 -9999 -9999 -9999 -9999 -9999 -9999 -9999 -9999 8.49355512942808 8.63244974644234 8.8420234505708 9.28451135847718 10.0202757698883 10.7649997593835 10.7649997593835 10.9275278036172 11.0376066931834 11.5099997427315 11.3449997464195 10.879999756813 10.8299997579306 11.3254910483956 11.1355114455024 10.9655994918818 10.978869680129 11.0995204873383 10.9565083723515 10.77833389882 10.7098278412595 10.5747507823631 10.5492271153256 10.4091649198905 9.67836086731404 9.55141912726685 8.6792762678427 8.60466580571873 10.2258573408859 7.83986661955714 7.6798774862662 7.51557981157675 7.63570279313717 7.68371023843065 11.7250397041297 -9999 -9999 -9999 -9999 -9999 -9999 -9999 -9999 -9999 -9999 -9999 -9999 -9999 -9999 -9999 -9999 -9999 -9999
-9999 -9999 -9999 -9999 -9999 -9999 -9999 -9999 8.64742385043064 8.95385476170729 8.942379802155 9.15851193324973 9.94659701672693 10.1612877392077 10.9999997541308 10.9549997551367 11.0049997540191 11.3399997465312 11.5049997428432 11.3099997472018 11.5449997419491 11.3196971612051 11.2041807382678 11.3541834097356 10.9568511098623 10.8492733640596 10.7989762588404 10.4301215764135 10.4033466707915 10.6258644327521 10.5021635452285 10.4771946450695 9.93516561377328 9.67917788459454 9.3240279632931 9.18814394467821 8.8531666326647 7.97135737072676 7.25487584224902 8.70037260064855 8.48431720538065 8.05632685241289 11.2840676222085 -9999 -9999 -9999 -9999 -9999 -9999 -9999 -9999 -9999 -9999 -9999 -9999 -9999 -9999 -9999 -9999 -9999 -9999 -9999
-9999 -9999 -9999 -9999 -9999 -9999 -9999 -9999 12.4032658727374 9.46819367880622 9.65226448792964 9.88992341049016 9.80488739783565 10.2300185843238 11.2599997483194 11.2049997495487 11.5749997412786 11.5649997415021 11.5799997411668 11.5148324562858 11.4329222524539 11.3359714591255 11.1091536805034 11.3019236359745 10.9310595107575 10.8293974216407 10.9300401996976 10.7691449393363 10.2388259221334 10.4412446644856 10.0269188673235 9.83613484515809 9.87434695556294 9.80607231881004 9.95953996405006 9.6658559407806 9.0004248355981 8.73334675589576 8.87635190889705 9.15842408655832 8.72037939867005 8.79706897004507 17.0399996191263 -9999 -9999 -9999 -9999 -9999 -9999 -9999 -9999 -9999 -9999 -9999 -9999 -9999 -9999 -9999 -9999 -9999 -9999 -9999
-9999 -9999 -9999 -9999 -9999 -9999 -9999 12.4930203577805 8.78848869646234 9.45214272290468 9.59335832297802 9.79965281362335 10.0247722904508 10.3242691922933 11.3849997455254 11.3849997455254 11.2802250258004 11.6499997396022 11.6949997385964 11.7299997378141 11.4684950845937 11.4666367111107 11.3678708089516 11.2822348643094 11.2428586935624 11.0221456900239 10.908739794232 10.6317628992721 10.7241363236681 9.98775035561994 10.2767747165635 10.2150461796361 9.72116879501846 9.27808279227465 9.49494431563653 9.34505601448473 7.95968572166748 8.35935080765436 9.19439157471061 8.0905133061111 11.1188107689377 11.9044707264236 -9999 -9999 -9999 -9999 -9999 -9999 -9999 -9999 -9999 -9999 -9999 -9999 -9999 -9999 -9999 -9999 -9999 -9999 -9999 -9999
-9999 -9999 -9999 3.8400372271426 -9999 5.66062644619531 8.26817761571147 8.66349581458295 9.72677758413677 10.2535723038018 10.0259044263512 10.316524509651 10.5610124580562 10.615737282671 11.2699997480959 11.3449997464195 11.3616300464297 11.5432627862319 11.380317445534 11.5567855384822 11.3274351768196 10.9289443031885 11.2641861569136 11.109191650711 11.0763729918748 11.0688317159191 10.441942801311 10.7042464153686 10.5806921283559 10.1336060384056 10.0591743711848 8.9353521829471 9.54995438840706 9.23120324900374 9.31499979179353 9.31499979179353 8.27001536097378 8.34112875023857 8.17143349722028 8.44948748443276 13.2949997028336 -9999 -9999 -9999 -9999 -9999 -9999 -9999 -9999 -9999 -9999 -9999 -9999 -9999 -9999 -9999 -9999 -9999 -9999 -9999 -9999 -9999
-9999 -9999 3.88019958557561 -9999 8.07430634453582 8.1040210222515 8.17247274106679 6.91633454500698 7.8393741438631 10.172958882836 10.0357645514111 10.2013215630626 10.313094179146 10.4817003952339 11.1703955312259 11.3504550332824 11.4044017881776 11.3532561234509 11.3504956231142 11.5754864675303 11.3731974279508 11.1485583620767 11.1188718390961 10.9910788463894 10.9019373707473 10.7173981689848 10.6239715016979 10.4492354625836 10.236366438563 9.78325946384575 10.2293639630079 9.68135654573728 9.60491932017197 9.04848945109794 8.97544690524228 8.58673594996799 8.2358448844403 9.49783908176635 9.62141323894528 -9999 -9999 -9999 -9999 -9999 -9999 -9999 -9999 -9999 -9999 -9999 -9999 -9999 -9999 -9999 -9999 -9999 -9999 -9999 -9999 -9999 -9999 -9999
16.7749996250495 16.7749996250495 -9999 16.0949996402487 8.35857084207237 8.46985409253587 9.23503070673905 8.43747626198456 8.42393435863778 8.51229360606521 10.4721243989964 10.4545668481539 10.526107168446 10.6946299172317 11.1604754303892 11.2007618459562 11.302861468556 11.4462578731279 11.4021058812117 11.41416720363 11.4568554780756 11.0192502352875 10.6977229765616 10.7342937594901 10.7174793486483 10.6183872357942 10.3879362914711 10.34335124741 10.3050720347092 9.80671642379214 9.83462146037657 8.901397571899 8.82319800285623 8.87433734466322 8.6425918401219 7.77188028814271 8.03808842785656 7.42343045728138 -9999 -9999 -9999 -9999 -9999 -9999 -9999 -9999 -9999 -9999 -9999 -9999 -9999 -9999 -9999 -9999 -9999 -9999 -9999 -9999 -9999 -9999 -9999 -9999
7.40301932544949 9.0516038017037 9.50114853876746 8.51637494657189 9.57747309887782 8.96508618226896 8.83836266025901 8.85685382620431 9.95534283729891 10.5424557831138 10.8701169913014 10.8828346139441 10.7623181911185 10.9501823515942 11.1760911404466 11.1687005239849 11.2461835608507 11.3902903854226 11.4299182131266 11.3013142837832 11.2292958401764 11.2135718466016 11.1579874333926 10.9539626764599 10.6391697411558 10.2879634515382 10.5255140366033 10.0850778466556 10.0553146703169 10.0924697317449 9.3288784106262 8.50298688411713 8.44549568966031 8.27518488895148 8.63147787811855 9.16159484457845 7.77913057236001 15.2999996580184 8.4379475229676 13.2399997040629 -9999 -9999 -9999 -9999 -9999 -9999 -9999 -9999 -9999 -9999 -9999 -9999 -9999 -9999 -9999 -9999 -9999 -9999 -9999 -9999 -9999 -9999
7.13679526827764 8.08089684485458 9.51705449158326 9.32683038315736 9.63120666922381 9.71159008114288 8.93914415920153 8.66561912512407 10.7073408628348 10.7830263230329 10.9348959354684 10.5226755861659 10.5712006252725 11.1709264935926 11.2583418805152 11.2542981272563 11.0974443325152 10.9828564559575 11.0013798484579 11.1274149843181 11.0755611187778 11.3104312317446 10.1628075501261 10.287580832839 10.694756046636 8.5209866554942 8.37776723504066 8.05370931862853 9.98245607945137 9.83752383035608 8.9449190678075 9.60492307393412 9.35342505148479 14.2967687657475 17.7936616869129 16.5295203325513 17.4575725045925 15.5506038167712 15.396405555724 -9999 -9999 -9999 -9999 -9999 -9999 -9999 -9999 -9999 -9999 -9999 -9999 -9999 -9999 -9999 -9999 -9999 -9999 -9999 -9999 -9999 -9999 -9999
9.51306770218071 9.67872940469533 9.49142776569352 8.95919832750224 8.85579505912028 9.67321844647328 9.89412952307612 10.1815944500268 10.5781391424437 11.0404258885731 11.2695574834943 11.2027013991028 11.2284659383198 11.3511113335068 11.2742552493388 11.1794063684841 10.9941944687938 10.8950853555774 10.8309587377589 10.8005714192986 11.1364102778025 10.5615559434518 10.6576012079604 9.47487133275717 9.05864114298796 8.91876744191783 8.55816841471408 9.3348468185092 9.01142506664619 9.60476830608344 9.2433689453506 9.24171614946265 8.00337397276113 8.26287878705189 8.34420756287873 14.4303968423605 18.6049995841458 -9999 -9999 -9999 -9999 -9999 -9999 -9999 -9999 -9999 -9999 -9999 -9999 -9999 -9999 -9999 -9999 -9999 -9999 -9999 -9999 -9999 -9999 -9999 -9999 -9999
9.52051852941513 9.67433175398037 9.32893573710074 9.44507911273589 9.96473955176771 10.0130683577154 10.026285542408 10.9858657888447 10.9900402273051 11.1809783255061 11.2602385561913 11.3012489217023 11.3862872219955 11.3755362123872 11.284909261701 10.4574962179177 10.4117114332039 10.1496343477629 10.154654642567 9.96677919081412 9.825050547719 9.28841805597767 9.52767575532198 9.45766232488677 9.94647726106147 10.0361840676051 9.91637687198818 9.22670846898109 9.07256443728693 9.0163297331892 9.40778022119775 10.5589522211812 -9999 -9999 -9999 13.6052278061397 -9999 -9999 -9999 -9999 -9999 -9999 -9999 -9999 -9999 -9999 -9999 -9999 -9999 -9999 -9999 -9999 -9999 -9999 -9999 -9999 -9999 -9999 -9999 -9999 -9999 -9999
8.67606293119024 8.67332938779145 9.20643688365817 9.54430104078104 9.55048958398402 10.2149357793387 10.5925822046896 10.6283332137391 10.5504315185361 11.3473945865408 11.4799588018407 11.4414766399811 11.418321484079 11.3660278658693 11.3299475628883 10.9575413328906 11.1139914729865 10.9750131582841 10.8070176523179 10.8362971086754 10.3943993969588 8.82178618727873 8.64177952427417 8.75983768080672 10.2502068150789 9.59255398437381 9.25511845503934 9.478702146693 8.68431440423327 9.19507785094902 9.10439746208223 10.115072508653 7.45181577735477 13.9417319716833 -9999 -9999 -9999 -9999 -9999 -9999 -9999 -9999 -9999 -9999 -9999 -9999 -9999 -9999 -9999 -9999 -9999 -9999 -9999 -9999 -9999 -9999 -9999 -9999 -9999 -9999 -9999 -9999
8.14240941742901 7.94927667843876 9.43019190787648 9.98501646015793 10.1498255667277 10.324077161029 10.330093455594 10.1701148951737 10.9049904498582 11.5288062719628 11.286605275857 11.5578658422455 10.7862410633825 10.8019683954772 10.7406084905379 11.0821714463333 11.0700604619924 9.91364333359525 9.90747279766947 9.8356696893461 10.0787245245883 9.92251011764165 9.67062762286514 9.4605871111853 8.1253036821468 7.57455337792635 8.15841892594472 7.68926653033122 7.58890118210443 7.81218158301305 6.99826633076494 7.05025437716395 10.1677082892607 8.60022704458485 12.8415006060492 4.99999988824129 -9999 -9999 -9999 -9999 -9999 -9999 -9999 -9999 -9999 -9999 -9999 -9999 -9999 -9999 -9999 -9999 -9999 -9999 -9999 -9999 -9999 -9999 -9999 -9999 -9999 -9999
-9999 -9999 -9999 -9999 7.15999983996153 12.2260435596599 8.87194185042754 10.2016261626656 7.95863189799711 10.0775402477011 10.2323710219935 10.4413289667573 10.8674589034636 10.8549997573718 10.754999759607 10.6849997611716 10.5276181327645 10.199715673225 10.0021108600777 9.81478180224076 9.68754571245518 8.78368790055226 9.34681346081197 8.77622811705805 8.5819284429308 7.6050270232372 7.9012043041044 -9999 -9999 -9999 -9999 -9999 -9999 -9999 -9999 -9999 -9999 -9999 -9999 -9999 -9999 -9999 -9999 -9999 -9999 -9999 -9999 -9999 -9999 -9999 -9999 -9999 -9999 -9999 -9999 -9999 -9999 -9999 -9999 -9999 -9999 -9999
-9999 -9999 -9999 -9999 -9999 9.77584372305622 8.88502171598375 11.0699997525662 11.0749997524545 11.044999753125 11.0349997533485 10.9649997549132 10.7999997586012 10.7999997586012 10.9613256856101 10.4921716453973 10.4096953736152 10.197740056552 10.0904159971979 9.48735790047795 8.96926592802629 8.84657312906347 9.24603203532752 9.24354725657031 15.1248154296643 -9999 -9999 -9999 -9999 -9999 -9999 -9999 -9999 -9999 -9999 -9999 -9999 -9999 -9999 -9999 -9999 -9999 -9999 -9999 -9999 -9999 -9999 -9999 -9999 -9999 -9999 -9999 -9999 -9999 -9999 -9999 -9999 -9999 -9999 -9999 -9999 -9999
