EcologicalScience/Bass/data/rs_data_bass/sst_151.asc
NCOLS 226 
NROWS 124 
XLLCORNER -9.41648524995501 
YLLCORNER 47.587301625531 
CELLSIZE 0.0833 
NODATA_value -9999 
[rows 27 to 53 of 124, columns 62 to 123 of 226]
-9999 -9999 -9999 -9999 -9999 -9999 -9999 -9999 -9999 -9999 -9999 -9999 -9999 -9999 -9999 -9999 -9999 -9999 -9999 -9999 -9999 -9999 -9999 -9999 -9999 -9999 -9999 -9999 12.5299997199327 9.68936278137456 8.47277630600505 6.54741049651057 6.44987334031612 6.20889918971807 6.45274208020419 6.41042816685513 6.30930508580059 6.00808739755303 6.01741080218926 6.43122653104365 6.55027923639864 7.08601641049609 7.00354013871402 6.84504225989804 6.75467695342377 6.7998596066609 6.84504225989804 6.87014373391867 7.02146976301447 7.10968351457268 6.97126681497321 7.47042755549774 7.0150150982663 6.79340494191274 6.7001708955504 6.83285011537373 7.20291756093502 6.75682850833982 6.97126681497321 7.3535264050588 7.30834375182167 6.89811394782737
-9999 -9999 -9999 -9999 -9999 -9999 -9999 -9999 -9999 -9999 -9999 -9999 -9999 -9999 -9999 -9999 -9999 -9999 -9999 -9999 -9999 -9999 -9999 -9999 -9999 -9999 -9999 -9999 -9999 -9999 9.78499978128821 7.72490811645985 6.4412671206519 6.38676106277853 6.63705861801282 6.43624682584777 6.7797784274444 6.49864191841334 6.57322915550321 6.60765403416008 6.49433880858123 6.59115877980366 6.76041443319991 6.9432966010645 6.88520461833104 7.520630503539 6.94257941609249 7.01644946821034 6.90887172240764 6.9511856357567 7.03653064742684 7.18355356669053 7.53353983303532 7.72933133039623 7.59521774062887 7.92081971792504 7.7795342784375 7.67912838235497 7.53353983303532 7.55218664230779 6.87301247380674 7.30547501193359
-9999 -9999 -9999 -9999 -9999 -9999 -9999 -9999 -9999 -9999 -9999 -9999 -9999 -9999 -9999 -9999 -9999 -9999 -9999 -9999 -9999 -9999 -9999 -9999 -9999 -9999 -9999 -9999 -9999 -9999 -9999 12.1449997285381 6.02243109699339 6.3853266928345 6.84862818475813 6.88592180330306 6.62701802840456 6.63418987812474 6.59474470466375 6.58613848499954 6.61912899371237 6.8593859593384 6.90098268771544 6.63203832320869 6.52230902248994 6.50581376813352 6.51155124790967 6.77690968755633 7.20722067076713 6.90456861257553 6.94975126581267 7.22515029506758 7.58661152096465 6.78981901705265 7.36500136461109 7.94233526708558 7.99397258507088 7.82256537675858 7.61601610481739 7.84479811089113 8.09581285109743 7.51632739370689
-9999 -9999 -9999 -9999 -9999 -9999 -9999 -9999 -9999 -9999 -9999 -9999 -9999 -9999 -9999 -9999 -9999 -9999 -9999 -9999 -9999 -9999 -9999 -9999 -9999 -9999 -9999 -9999 -9999 -9999 -9999 11.933744465895 6.63490706309676 6.66000853711739 6.99780265893787 6.84504225989804 7.66478468291461 6.63992735790089 6.98489332944155 6.98991362424567 6.70232245046645 7.3771935091354 7.50772117404267 7.30906093679368 7.40659809298813 6.63275550818071 8.00473035965115 7.40014342823997 7.23519088467583 7.91221349826083 7.79531234782189 7.62677387939766 7.10466321976855 7.92512282775715 7.94448682200164 7.73220007028431 7.96958829602227 8.09007537132129 7.99325540009886 7.96815392607823 7.78742331312969 7.82184819178656
-9999 -9999 -9999 -9999 -9999 -9999 -9999 -9999 -9999 -9999 -9999 -9999 -9999 -9999 -9999 -9999 -9999 -9999 -9999 -9999 -9999 -9999 -9999 -9999 -9999 -9999 -9999 -9999 -9999 -9999 -9999 12.5749997189268 4.7961472498386 7.61482079653069 8.11159092048183 7.66550186788663 7.64781130524352 6.85508284950629 7.00138858379796 7.41807305254042 7.60238959034905 7.46684163063765 7.42954801209271 7.64972379850224 7.34420300042257 7.46684163063765 7.63968320889398 8.08003478171304 7.69849237659946 7.94735556188971 7.80463575245813 7.69920956157148 7.05804619658738 7.10896632960066 7.8993041687645 7.90647601848468 7.98966947523877 7.92799156764522 7.85985899530351 8.07429730193689 7.97030548099428 8.01907405909151
-9999 -9999 -9999 -9999 -9999 -9999 -9999 -9999 -9999 -9999 -9999 -9999 -9999 -9999 -9999 -9999 -9999 -9999 -9999 -9999 -9999 -9999 -9999 -9999 -9999 -9999 -9999 -9999 -9999 -9999 -9999 -9999 10.3808333782119 7.81897945189849 7.91866816300899 7.57441937644035 7.58613339764997 7.46540726069361 7.26268297526985 7.71283607603982 7.55146945733577 7.63968320889398 7.70494704134762 7.61888484470546 7.52851953823119 7.67410808755085 7.63107698922977 7.81611071201041 7.68916897196323 8.13525802455842 7.87061676988378 7.76088746916503 7.51991331856698 7.24307991936803 7.87205113982782 7.96169926133007 7.9351634173654 7.91436505317688 7.95165867172182 7.9351634173654 8.02839746372774 7.94018371216953
-9999 -9999 -9999 -9999 -9999 -9999 -9999 -9999 -9999 -9999 -9999 -9999 -9999 -9999 -9999 -9999 -9999 -9999 -9999 -9999 -9999 -9999 -9999 -9999 -9999 -9999 -9999 -9999 -9999 -9999 -9999 -9999 8.55934762345338 7.54082201890504 7.74008910497651 7.61529891984537 7.60071615874767 8.19980467204005 7.61673328978941 8.25000762008131 7.55792412208393 7.46827600058168 7.58661152096465 7.63609728403389 7.70279548643157 7.67912838235497 7.75514998938888 7.68630023207515 7.68701741704717 8.19478437723592 7.73506881017238 7.73148288531229 6.8636890691705 7.03724783239886 7.87061676988378 7.88926357915625 7.8555558854714 7.93014312256128 7.86989958491176 7.88065735949203 7.98608355037868 7.95811333646998
-9999 -9999 -9999 -9999 -9999 -9999 -9999 -9999 -9999 -9999 -9999 -9999 -9999 -9999 -9999 -9999 -9999 -9999 -9999 -9999 -9999 -9999 -9999 -9999 -9999 -9999 -9999 -9999 -9999 -9999 -9999 -9999 -9999 8.57119184665053 7.60215052869171 7.84981840569526 7.5273242299445 7.99397258507088 7.80248419754207 7.77092805877328 7.55433819722384 7.3255561911501 7.52995390817523 7.62605669442564 7.67123934766278 7.77594835357741 6.67506942152977 7.65976438811049 8.20410778187215 8.26506850449368 8.25000762008131 7.70853296620771 7.71283607603982 6.32651752512902 7.86631366005167 7.82830285653472 7.8075044923462 7.7637562090531 7.82902004150674 7.78885768307373 7.86272773519158 8.00759909953922
-9999 -9999 -9999 -9999 -9999 -9999 -9999 10.3263132821482 9.78056003758684 6.34420808777213 10.6309182901867 8.83882108006613 10.975666155142 8.4091070503644 8.41999981179833 -9999 -9999 -9999 -9999 -9999 -9999 -9999 -9999 -9999 -9999 -9999 -9999 -9999 -9999 -9999 -9999 -9999 -9999 -9999 7.99770194692537 7.44723857473582 7.41042307950556 8.08003478171304 8.19980467204005 7.72359385062009 7.55075227236375 7.33559678075835 7.0150150982663 7.42022460745648 7.6640674979426 7.61816765973344 7.65976438811049 7.75945309922099 8.23494673566893 8.00329598970711 7.77738272352144 7.81180760217831 7.70064393151551 7.75730154430494 7.75371561944485 7.77307961368933 7.78885768307373 7.7479781396687 7.73291725525633 7.8634449201636 7.82328256173059 7.92655719770119
-9999 -9999 -9999 -9999 8.63050341900024 11.5528671932628 8.79998603862311 9.74933403158294 9.83355203829706 6.45262254937552 11.2590626385611 16.0748085440602 19.9649995537475 -9999 -9999 -9999 -9999 -9999 -9999 -9999 -9999 -9999 -9999 -9999 -9999 -9999 -9999 -9999 -9999 -9999 -9999 -9999 -9999 -9999 9.4448377834633 8.54572689021006 8.65091401943937 8.68533889809623 7.96026489138603 7.41233557276428 7.22013000026345 7.19861445110291 6.60263373935595 7.45823541097343 7.61529891984537 7.63035980425775 7.67554245749488 7.84479811089113 7.66191594302654 7.67984556732699 7.83188878139481 7.73650318011642 7.74080628994852 6.46493422472849 7.85699025541544 7.84479811089113 7.83045441145077 7.8433637409471 7.84408092591912 7.97245703591034 7.94520400697365 7.90289009362459
10.4225658103158 8.47329120803624 10.8342641359195 6.05699941264465 6.47927792416885 8.54979093838483 8.437192897778 8.11230810545385 9.02546387107577 7.08976523332456 3.81499991472811 -9999 -9999 -9999 -9999 -9999 -9999 -9999 -9999 -9999 -9999 -9999 -9999 -9999 -9999 -9999 -9999 -9999 -9999 -9999 -9999 -9999 -9999 -9999 12.8399997130036 8.99946591584012 8.4450819324702 7.96528518619016 7.94376963702962 8.67386393854395 9.07477033790201 8.16681416332722 6.45632800506428 7.4768822202459 7.50413524918258 6.6800897163339 7.57298500649631 7.55146945733577 7.63035980425775 7.67697682743892 6.87731558363885 7.78742331312969 7.78885768307373 7.77809990849346 7.78312020329759 4.98466444248334 7.85268714558333 7.90289009362459 8.15964231360704 8.03987242328003 7.93301186244935 7.82113100681454
9.53018279513344 12.6477858684957 8.28371531376615 8.42715230816975 8.34969633119181 6.22844248020556 8.45153659721836 8.61003447603434 8.5246894643642 12.8949997117743 -9999 -9999 -9999 -9999 -9999 -9999 -9999 -9999 -9999 -9999 -9999 -9999 -9999 -9999 -9999 -9999 -9999 -9999 -9999 -9999 -9999 -9999 -9999 -9999 -9999 9.47724557938636 8.72016221284866 8.66406241059303 8.49528488051146 9.72525710752234 7.53784294286743 7.51847894862294 6.81420330610126 6.30213323608041 7.38723409874365 6.90385142760351 7.44317452656105 7.41520431265235 7.1584520926699 7.18570512160659 6.71379741001874 7.02505568787456 7.55146945733577 5.9951780680567 6.30787071585655 7.78168583335355 7.62175358459353 7.76805931888521 7.8275856715627 7.98464918043464 7.99971006484702 7.73220007028431
8.69466230273247 8.94998015277088 8.84311959194019 8.1022675158456 8.21092103910632 9.10919521655887 8.58995329681784 9.26984465029091 8.82208184348554 -9999 -9999 -9999 -9999 -9999 -9999 -9999 -9999 -9999 -9999 -9999 -9999 -9999 -9999 -9999 -9999 -9999 -9999 -9999 -9999 -9999 -9999 -9999 -9999 -9999 -9999 -9999 8.10853093126789 9.14964444898069 8.70016072085127 8.94495985796675 9.07477033790201 7.94735556188971 6.50007628835738 7.50126650929451 6.27846613200381 6.70303963543847 7.37575913919136 7.29400005238131 7.06952115613967 7.21726126037538 7.31981871137396 7.57370219146833 7.52923672320321 7.55935849202797 7.53712575789541 7.67554245749488 7.62318795453757 7.46684163063765 7.50772117404267 7.81252478715032 7.98464918043464 7.72287666564807
8.84885707171634 8.131433038041 9.01165806036443 7.68701741704717 7.64470350369811 8.61505477083847 8.49026458570734 8.6401562448591 12.7897884929553 -9999 -9999 -9999 -9999 -9999 -9999 -9999 -9999 -9999 -9999 -9999 -9999 -9999 -9999 -9999 -9999 -9999 -9999 -9999 -9999 -9999 -9999 -9999 -9999 -9999 -9999 -9999 -9999 -9999 -9999 13.8599996902049 13.0388725759985 8.49287253106013 6.40469068707898 6.73029266437516 5.87469099275768 5.91987364599481 7.32985930098221 7.33703115070239 6.64996794750914 6.51513717276976 6.65785698220134 7.47544785030186 7.00999480346218 7.5328226480633 7.48763999482617 7.5127414688468 7.44676045142114 7.38364817388356 7.64972379850224 7.83260596636683 7.63968320889398 6.76973783783615
8.9361145766452 8.7532324087806 8.94495985796675 8.89475690992549 8.78502760920674 8.57776115229353 8.71904659178108 8.13525802455842 11.481427307219 12.8599997125566 -9999 -9999 -9999 -9999 -9999 -9999 -9999 -9999 -9999 -9999 -9999 -9999 -9999 -9999 -9999 -9999 -9999 -9999 -9999 -9999 -9999 -9999 -9999 -9999 -9999 -9999 -9999 -9999 -9999 -9999 -9999 -9999 -9999 7.26661662617698 6.7998596066609 7.43385112192482 7.49194310465828 7.3771935091354 5.27225561626256 6.9949339190498 7.23734243959188 4.15990172466263 7.47114474046975 6.74320199387148 3.52017272962257 7.35496077500284 7.53067109314725 7.65115816844627 7.65976438811049 7.61601610481739 6.83069856045768 7.65689564822242
8.60262356465682 8.67529830848798 7.58732870593667 8.03843805333599 8.56126589793712 8.92272712383419 8.87467573070899 8.45512252207845 10.246454986278 12.8257177045916 -9999 -9999 -9999 -9999 -9999 16.1899624452926 -9999 -9999 -9999 -9999 -9999 -9999 -9999 -9999 -9999 -9999 -9999 -9999 -9999 -9999 -9999 -9999 -9999 -9999 -9999 -9999 -9999 -9999 -9999 -9999 -9999 -9999 -9999 -9999 9.49130667562399 9.00061341179535 7.49266028963029 4.66479994496331 5.5928372987546 6.34229559451342 5.34469129843637 4.69492171378806 7.36715291952714 6.4412671206519 7.32985930098221 7.37647632416338 7.33989989059046 7.61529891984537 7.81467634206638 7.21726126037538 7.55864130705595 7.64255194878206
12.7912228628993 8.4450819324702 8.25717946980149 8.34682759130374 8.34395885141566 8.66740927379578 8.63441876508296 8.50604265509173 8.14171268930659 8.29232153343037 14.4199996776879 -9999 21.6399995163083 -9999 -9999 10.6899997610599 -9999 -9999 -9999 -9999 -9999 -9999 -9999 -9999 -9999 -9999 -9999 -9999 -9999 -9999 -9999 -9999 -9999 -9999 -9999 -9999 -9999 -9999 -9999 -9999 -9999 -9999 -9999 -9999 -9999 11.8879525415538 8.98488315474242 5.11734366230667 7.43958860170096 7.62677387939766 7.28826257260516 7.31049530673772 7.35065766517073 7.30834375182167 7.33129367092624 7.44174015661702 7.43743704678491 7.48620562488213 7.520630503539 7.47759940521792 7.57728811632842 7.58804589090869
13.0451063429937 9.48284858698025 9.47495955228806 8.0305490186438 8.74486525077373 8.71904659178108 7.47186192544177 10.1641743103974 10.9724417738616 5.97567063681781 6.07550278492272 10.2509536920115 9.40668759264928 -9999 -9999 -9999 21.4604116217378 13.4417158845812 -9999 -9999 -9999 -9999 -9999 -9999 -9999 -9999 -9999 -9999 -9999 -9999 -9999 -9999 -9999 -9999 -9999 -9999 -9999 -9999 -9999 -9999 -9999 -9999 -9999 -9999 -9999 8.8399998024106 13.1299997065216 9.92918558229576 7.37217321433127 7.44532608147711 7.36428417963907 7.35137485014275 7.35209203511477 7.33918270561844 7.34420300042257 7.37934506405145 7.39799187332392 7.48620562488213 7.38221380393952 7.40444653807208 7.50126650929451 7.54716634750366
10.7501144325361 8.21845148131251 10.4553514090367 10.5148777617142 10.8397625540383 7.47975096013397 10.6647694208659 8.98512221639976 11.0613727103919 8.52612383430824 8.60501418123022 10.5075103160925 19.539999563247 10.9148279144429 8.26650287443772 9.88626513374038 9.99635302694514 18.6438929911639 -9999 -9999 -9999 -9999 -9999 -9999 -9999 -9999 -9999 -9999 -9999 -9999 -9999 -9999 -9999 -9999 -9999 -9999 -9999 -9999 -9999 -9999 -9999 -9999 -9999 -9999 -9999 -9999 -9999 -9999 5.23890651506372 7.3097781217657 7.48548843991011 7.44604326644912 7.45249793119729 7.32125308131799 7.25096895406023 7.29400005238131 7.31479841656983 7.29902034718543 7.35065766517073 7.3771935091354 7.51847894862294 7.51991331856698
10.2251350330189 9.04608293902129 9.07763907779008 10.6798303052783 7.23770103207789 7.62677387939766 7.61888484470546 7.78025146340951 7.97819451568648 9.34801781224087 9.70230718841776 11.8352152951993 8.39436670944893 8.56521041528322 10.6826990451664 8.48799349996261 8.45712201789849 -9999 -9999 -9999 -9999 -9999 -9999 -9999 -9999 -9999 -9999 -9999 -9999 -9999 -9999 -9999 -9999 -9999 -9999 -9999 -9999 -9999 -9999 -9999 -9999 -9999 -9999 -9999 -9999 -9999 -9999 -9999 7.09533981513232 7.13621935853735 7.26029235869646 7.44460889650509 7.38221380393952 7.39512313343585 7.28109072288498 7.25670643383637 7.89500105893239 7.35209203511477 7.36715291952714 7.42381053231657 7.55218664230779 6.94544815598056
8.82662433758378 9.29494612431154 8.58493300201371 8.92487867875025 8.71402629697695 7.91149631328881 8.45010222727433 7.94090089714155 8.16466260841116 9.64636676060036 9.52014220552519 8.04991301288828 8.57704396732152 9.96981718298048 9.51450718074505 14.0936743622165 9.38490491552198 -9999 -9999 -9999 -9999 -9999 -9999 -9999 -9999 -9999 -9999 -9999 -9999 -9999 -9999 -9999 -9999 -9999 -9999 -9999 -9999 -9999 -9999 -9999 -9999 -9999 -9999 -9999 -9999 -9999 -9999 -9999 7.78742331312969 7.64470350369811 7.84264655597508 7.47257911041379 7.42165897740051 7.35280922008678 7.74726095469669 7.83475752128288 7.37360758427531 7.3176671564579 7.38866846868768 7.46253852080554 7.65689564822242 7.59952085046098
8.46157718682662 8.34324166644365 8.14888453902677 8.22562333103269 8.30021056812257 8.61792351072654 8.56915493262932 8.03628649841994 8.18904689745978 8.44723348738626 8.2736747241579 8.2457045102492 8.48380992095917 8.84240240696818 10.4947965824977 6.69999985024333 -9999 -9999 -9999 -9999 -9999 -9999 -9999 -9999 -9999 -9999 -9999 -9999 -9999 -9999 -9999 -9999 -9999 -9999 -9999 -9999 -9999 -9999 -9999 -9999 -9999 -9999 -9999 -9999 -9999 -9999 -9999 -9999 14.7398775425507 7.76017028419301 7.64757224358618 7.63394572911784 7.52421642839909 7.45608385605738 7.34850611025468 7.30619219690561 7.34205144550651 7.33846552064642 7.42094179242849 7.49911495437846 7.51058991393074 7.56509597180411
8.09366129618138 8.34109011152759 8.21558274142444 8.45368815213442 8.36619158554822 8.42571793822572 8.49743643542752 8.67529830848798 8.98870814125985 8.15892512863502 8.15103609394282 8.42715230816975 8.58923611184582 8.72621844150126 10.7017320309622 -9999 -9999 -9999 -9999 -9999 -9999 -9999 -9999 -9999 -9999 -9999 -9999 -9999 -9999 -9999 -9999 -9999 -9999 -9999 -9999 -9999 -9999 -9999 -9999 -9999 -9999 -9999 -9999 -9999 -9999 -9999 -9999 -9999 -9999 7.20013846916845 7.49071364470625 7.54358042264357 7.41807305254042 7.38221380393952 7.39655750337988 7.41161838779226 7.44676045142114 7.40874964790419 7.44604326644912 7.60382396029308 7.6203192146495 7.63538009906188
8.32029174733907 8.47018340649083 8.3733634352684 8.75347147043794 7.8713339548558 8.46588029665872 8.47448651632294 8.58923611184582 8.4608600018546 8.19908748706803 8.18546097259969 8.24140140041709 8.5605487129651 8.76566361496225 11.2636398066301 10.3029801541939 -9999 -9999 -9999 -9999 -9999 -9999 -9999 -9999 -9999 -9999 -9999 -9999 -9999 -9999 -9999 -9999 -9999 -9999 -9999 -9999 -9999 -9999 -9999 -9999 -9999 -9999 -9999 -9999 -9999 -9999 6.65058187176473 7.19332777330918 12.6549997171387 -9999 11.5949583295733 9.36207463769242 7.48692280985415 7.3972746883519 7.3893856536597 7.46325570577756 7.41018401784822 7.45751822600141 7.46971037052572 7.89356668898836 7.58302559610456 7.59521774062887
8.37264625029638 8.29232153343037 8.22490614606068 8.15605638874695 7.52851953823119 8.1503189089708 8.16394542343915 8.94452954698354 8.19478437723592 8.1503189089708 8.26506850449368 8.33391826180741 9.1197139294818 8.68964200792834 7.96998673211783 -9999 -9999 -9999 -9999 -9999 -9999 -9999 -9999 -9999 -9999 -9999 -9999 -9999 -9999 -9999 -9999 -9999 -9999 -9999 -9999 -9999 -9999 -9999 -9999 -9999 -9999 -9999 -9999 -9999 -9999 -9999 -9999 10.7599997594953 6.57896663527936 10.9952211315634 10.4278777078009 10.8931211159565 10.9624689846823 7.75730154430494 7.52134768851101 7.42094179242849 7.46253852080554 7.38006224902347 7.55290382727981 7.61386454990134 7.48261970002204 7.55146945733577
7.96648049447685 8.68964200792834 8.96336760558188 8.48022399609908 8.68533889809623 8.09939877595752 8.04871770460159 8.78825494158082 8.53568630060181 8.29016997851431 7.77021087380126 7.90504164854065 8.58995329681784 10.3137073770631 13.4599996991456 -9999 -9999 -9999 -9999 -9999 -9999 -9999 -9999 -9999 -9999 -9999 -9999 -9999 -9999 -9999 -9999 -9999 -9999 -9999 -9999 -9999 -9999 -9999 -9999 -9999 -9999 -9999 -9999 -9999 -9999 -9999 -9999 -9999 -9999 -9999 12.4499503890984 10.4185359138064 10.6544419572689 7.86272773519158 7.62605669442564 7.57513656141236 7.55433819722384 7.56939908163622 7.54286323767155 7.59736929554492 7.56724752672017 7.55720693711191
8.28801842359826 8.41280860872939 8.10513625573367 8.46516311168671 8.5447706435807 8.51464887475595 7.85268714558333 8.02481153886765 7.60525833023712 7.94018371216953 7.83977781608701 9.05253760376945 7.64374725706875 9.85452969872858 14.3281755631249 -9999 -9999 -9999 -9999 -9999 -9999 -9999 -9999 -9999 -9999 -9999 -9999 -9999 -9999 -9999 -9999 -9999 -9999 -9999 -9999 -9999 -9999 -9999 -9999 -9999 -9999 -9999 -9999 -9999 -9999 -9999 -9999 -9999 -9999 -9999 -9999 -9999 8.45680426639762 9.10339253814891 7.799615457654 7.82184819178656 7.84551529586315 7.90002135373652 7.75658435933292 7.6640674979426 7.71140170609578 7.62175358459353
