EcologicalScience/Bass/data/rs_data_bass/sst_377.asc
NCOLS 226 
NROWS 124 
XLLCORNER -9.41648524995501 
YLLCORNER 47.587301625531 
CELLSIZE 0.0833 
NODATA_value -9999 
[rows 54 to 80 of 124, columns 0 to 61 of 226]
-9999 -9999 -9999 -9999 -9999 -9999 -9999 -9999 -9999 -9999 -9999 -9999 -9999 -9999 -9999 -9999 -9999 -9999 -9999 -9999 -9999 -9999 -9999 -9999 -9999 -9999 -9999 -9999 -9999 -9999 -9999 -9999 -9999 -9999 -9999 -9999 -9999 -9999 5.52726920600981 8.3824477782473 5.63013091729954 8.06013289873954 8.35220647859387 8.39595476188697 8.50102236028761 8.52970975916833 8.9389355042018 7.98249762551859 7.98034607060254 8.51034576492384 7.90217290865257 8.14386424422264 8.01763968914747 7.48118533007801 7.04585405206308 7.08745078044012 7.03724783239886 6.87372965877876 12.2642640328594 -9999 -9999 7.82694267813951
-9999 -9999 -9999 -9999 -9999 -9999 -9999 -9999 -9999 -9999 -9999 -9999 -9999 -9999 -9999 -9999 -9999 -9999 -9999 -9999 -9999 -9999 -9999 -9999 -9999 -9999 -9999 -9999 -9999 -9999 -9999 -9999 -9999 -9999 -9999 -9999 -9999 -9999 10.2749997703359 5.57777641434222 5.47091585351154 5.44724874943495 9.75742797626715 6.40110476221889 7.78545105445664 8.72998366260435 8.42715230816975 8.46659748163074 7.96887111105025 8.06855982216075 7.95452741160989 7.99827569490299 7.82041382184252 7.86416210513562 6.94114504614845 7.01716665318236 6.99134799418971 8.02906982463901 6.8049998478964 13.6649996945634 -9999 10.5649997638538
-9999 -9999 -9999 -9999 -9999 -9999 -9999 -9999 -9999 -9999 -9999 -9999 -9999 -9999 -9999 -9999 -9999 -9999 -9999 -9999 -9999 -9999 -9999 -9999 -9999 -9999 -9999 -9999 -9999 -9999 -9999 -9999 -9999 -9999 -9999 -9999 -9999 -9999 -9999 6.61410869890824 6.72527236957103 6.53808709187433 6.44413586053997 6.60765403416008 6.83141574542969 8.14816735405475 8.16251105349511 7.69777519162744 7.76805931888521 8.4328897879459 8.12306588003412 8.03413494350389 7.8993041687645 7.5765709313564 7.28826257260516 7.07884456077591 6.92178105190396 7.18498793663457 8.73166060981834 12.5349997198209 6.98999984376132 -9999
-9999 -9999 -9999 -9999 -9999 -9999 -9999 -9999 -9999 -9999 -9999 -9999 -9999 -9999 -9999 -9999 -9999 -9999 -9999 -9999 -9999 -9999 -9999 -9999 -9999 -9999 -9999 -9999 -9999 -9999 -9999 -9999 -9999 -9999 -9999 -9999 -9999 -9999 -9999 11.0999997518957 6.72168644471094 7.01716665318236 7.0229041329585 7.3972746883519 7.52206487348303 7.46755881560966 7.50126650929451 7.65546127827838 7.94090089714155 8.45727407699451 8.1940671922639 8.39559616940096 8.15462201880291 7.8275856715627 7.6561784632504 7.34348581545055 5.12709737792611 6.16933448542841 8.08765487204073 7.88621554302517 8.17546257034273 -9999
-9999 -9999 -9999 -9999 -9999 -9999 -9999 -9999 -9999 -9999 -9999 -9999 -9999 -9999 -9999 -9999 -9999 -9999 -9999 -9999 -9999 -9999 -9999 -9999 -9999 -9999 -9999 -9999 -9999 -9999 -9999 -9999 -9999 -9999 -9999 -9999 -9999 -9999 -9999 -9999 7.31949271820486 6.70088808052242 7.32985930098221 7.34850611025468 7.54214605269954 8.28801842359826 8.3532822560519 7.85340433055535 7.91866816300899 8.11087373550981 8.46731466660276 8.43504134286195 8.30666523287073 8.03413494350389 7.72861414542422 7.71570481592789 8.46265296428464 8.03610720217694 7.84219831536757 7.8037392712431 7.67527351313038 13.5649996967986
-9999 -9999 -9999 -9999 -9999 -9999 -9999 -9999 -9999 -9999 -9999 -9999 -9999 -9999 -9999 -9999 -9999 -9999 -9999 -9999 -9999 -9999 -9999 -9999 -9999 -9999 -9999 -9999 -9999 -9999 -9999 -9999 -9999 -9999 -9999 -9999 -9999 -9999 -9999 11.9499997328967 7.98426300391125 7.42667927220464 7.26244391361251 8.61792351072654 8.62868128530681 8.58995329681784 8.21127963159233 8.14171268930659 8.15677357371897 8.39416179945692 8.68031860329211 8.63441876508296 8.45010222727433 8.32244330225512 8.34790336876176 8.18976408243179 4.59537643967196 5.38843958172947 7.57083345158026 7.77911240492454 -9999 -9999
-9999 -9999 -9999 -9999 -9999 -9999 -9999 -9999 -9999 -9999 -9999 -9999 -9999 -9999 -9999 -9999 -9999 -9999 -9999 -9999 -9999 -9999 -9999 -9999 -9999 -9999 -9999 -9999 -9999 -9999 -9999 -9999 -9999 -9999 -9999 -9999 -9999 -9999 -9999 13.6127490536668 8.65521712927148 9.00110519577616 7.27033294830471 8.12952054478228 8.29519027331844 8.39129305956885 8.60286262631416 8.59927670145407 8.64159061480314 8.53114412911236 8.37981810001656 8.37694936012849 8.3654744005762 8.17470319801942 8.00257880473509 8.57465335074812 8.14768923074007 14.5099996756762 15.1610539943559 12.2937833663076 7.49023979034973 7.25760291505139
-9999 -9999 -9999 -9999 -9999 -9999 -9999 -9999 -9999 -9999 -9999 -9999 -9999 -9999 -9999 -9999 -9999 -9999 -9999 -9999 -9999 -9999 -9999 -9999 -9999 -9999 -9999 -9999 -9999 -9999 -9999 -9999 -9999 -9999 -9999 -9999 -9999 -9999 -9999 7.27801707300491 8.76829329319298 7.98357340297662 7.05015716189519 7.02720724279061 7.86989958491176 7.99182103015482 8.21629992639646 8.30307930801064 8.48596147587523 8.61075166100636 8.68318734318018 8.5684377476573 8.5404675337486 9.79164794493201 7.91077912831679 6.57856819918379 7.88209172943607 8.81744436994195 7.5847859592177 5.19073559110984 5.84528640890494 7.58804589090869
-9999 -9999 -9999 -9999 -9999 -9999 -9999 -9999 -9999 -9999 -9999 -9999 -9999 -9999 -9999 -9999 -9999 -9999 -9999 -9999 -9999 -9999 -9999 -9999 -9999 -9999 -9999 -9999 -9999 -9999 -9999 -9999 -9999 -9999 -9999 -9999 -9999 -9999 7.56471628564246 7.36464277212508 8.58541112532839 8.21163822407834 8.24893184262328 7.47114474046975 7.75012969458476 8.33822137163952 7.65689564822242 8.33033233694732 8.40563675900921 8.44579911744222 8.80295723350719 8.88615069026127 8.84311959194019 8.82805870752782 7.36500136461109 9.12102876859717 7.92888804886024 9.69820898857766 7.67482527252287 5.28898993227631 5.32150231767446 6.95706655252725
-9999 -9999 -9999 -9999 -9999 -9999 -9999 -9999 -9999 -9999 -9999 -9999 -9999 -9999 -9999 -9999 -9999 -9999 -9999 -9999 -9999 -9999 -9999 -9999 -9999 -9999 -9999 -9999 -9999 -9999 -9999 -9999 -9999 -9999 -9999 -9999 -9999 -9999 7.49337747460231 7.1502556929897 7.75213781250641 7.96940899977926 8.36744665924925 8.32710500457324 8.66991942119785 8.13956113439053 8.20339059690014 8.43791008275002 8.49098177067935 8.57919552223757 8.82877589249983 8.86965543590486 8.87467573070899 8.68820763798431 8.42715230816975 9.08292831695871 8.14924313151278 8.1503189089708 7.89500105893239 8.12736898986623 5.92513300245628 5.5569780501537
-9999 -9999 -9999 -9999 -9999 -9999 -9999 -9999 -9999 -9999 -9999 -9999 -9999 -9999 -9999 -9999 -9999 -9999 -9999 -9999 -9999 -9999 -9999 -9999 -9999 -9999 -9999 -9999 -9999 -9999 -9999 -9999 -9999 -9999 -9999 -9999 -9999 14.0833963486995 8.22409931296716 6.73014922738075 6.97069306699559 8.41011916508432 8.40635394398123 8.28228094382212 8.47018340649083 8.59425640664995 8.57991270720959 8.46157718682662 8.79219945892692 8.95858637243509 8.69466230273247 8.62724691536278 8.73697621608153 8.53759879386052 8.47090059146285 8.31096834270284 8.22634051600471 8.18115786276758 8.06353952735662 8.92795232863032 7.50413524918258 7.34994048019871
-9999 -9999 -9999 -9999 -9999 -9999 -9999 -9999 -9999 -9999 -9999 -9999 -9999 -9999 -9999 -9999 -9999 -9999 -9999 -9999 -9999 -9999 -9999 -9999 -9999 -9999 -9999 -9999 -9999 -9999 -9999 -9999 -9999 -9999 -9999 -9999 -9999 7.86236914270557 8.82252613774368 8.89875265476959 8.06604967475869 7.97676014574245 8.38555557979271 8.39846490928903 8.73697621608153 8.65521712927148 8.78502760920674 8.70111696748063 8.74414806580171 8.92487867875025 8.70542007731274 8.49385051056743 8.3891415046528 8.47090059146285 8.40205083414912 8.33248389186338 8.24785606516525 7.68127993727103 7.04370249714702 7.14267402328551 7.46397289074957 7.2908922508359
-9999 -9999 -9999 -9999 -9999 -9999 -9999 -9999 -9999 -9999 -9999 -9999 -9999 -9999 -9999 -9999 -9999 -9999 -9999 -9999 -9999 -9999 -9999 -9999 -9999 -9999 -9999 -9999 -9999 -9999 -9999 -9999 -9999 -9999 -9999 10.0723639297257 9.75798339019284 8.84762761176431 7.7436750298366 7.76662494894117 7.85412151552737 7.93157749250531 8.09222692623734 8.47520370129496 8.67529830848798 8.71832940680906 8.78431042423472 8.83379618730396 8.69466230273247 8.60573136620224 8.45655689202249 8.45081941224635 8.30666523287073 8.25646228482947 8.2220374061726 8.20052185701206 9.49022534669244 7.22228155517951 6.63132113823667 6.18666645558551 6.10490736877546 7.33798739733174
-9999 -9999 -9999 -9999 -9999 -9999 -9999 -9999 -9999 -9999 -9999 -9999 -9999 -9999 -9999 -9999 -9999 -9999 -9999 -9999 -9999 -9999 -9999 -9999 -9999 -9999 -9999 -9999 -9999 -9999 -9999 21.9192292967571 23.664999471046 -9999 -9999 16.3738837995452 9.15840207436122 7.83260596636683 7.83117159642279 7.88496046932414 8.00975065445527 8.04489271808416 8.14529861416668 8.64517653966323 8.86033203126863 8.61505477083847 8.47233496140689 8.52612383430824 8.26076539466158 8.40707112895325 8.46659748163074 8.35686818091199 8.21343118650839 8.01835687411949 7.95452741160989 7.98751792032272 7.83906063111499 6.1902523804456 6.28563798172399 6.18953519547358 6.13574632257223 7.26777157340465
-9999 -9999 -9999 -9999 -9999 -9999 -9999 -9999 -9999 -9999 -9999 -9999 -9999 -9999 -9999 -9999 -9999 -9999 -9999 -9999 -9999 -9999 -9999 -9999 -9999 -9999 -9999 -9999 -9999 12.0634076158516 9.46833309551112 8.76390325184911 10.9375046202248 7.97366119833249 12.3496951067261 13.4987770652931 8.47789314494003 8.2299264408648 8.1065706256777 8.23422955069691 8.23064362583682 8.36834314046428 8.58636737195775 8.74271369585767 8.8194524878636 8.82016967283562 8.41998045844957 8.35973692080006 8.3812524699606 8.24140140041709 8.1660969783552 7.98034607060254 7.84766685077921 7.38293098891154 7.08529922552407 6.61841180874035 6.49147006869316 8.78072449937463 6.36667988356203 6.23758658859879 6.20531326485798 6.44987334031612
-9999 -9999 -9999 -9999 -9999 -9999 -9999 -9999 -9999 -9999 -9999 -9999 -9999 -9999 -9999 -9999 -9999 -9999 -9999 -9999 -9999 -9999 14.551665069459 8.61376383788884 8.66720436380378 8.69466230273247 8.69566636169329 8.73826714903116 8.48380992095917 9.66511602486883 9.9349824843396 8.24857325013727 8.38340402487665 8.32818078203127 8.29232153343037 8.69161426660139 9.66030064005671 8.86033203126863 8.37981810001656 8.4250007532537 8.30594804789871 8.55194249330088 8.66167179401964 8.77355264965445 8.83307900233194 8.79291664389893 8.68462171312422 8.86911754717585 8.78484831296373 8.17685475293547 7.97747733071446 7.82256537675858 7.47473066532984 7.27893916796893 6.96768089011312 6.75252539850771 6.5847041150555 8.1144596603699 8.55884539865656 13.5549996970221 -9999 -9999
-9999 -9999 -9999 -9999 -9999 -9999 -9999 -9999 -9999 -9999 -9999 -9999 -9999 -9999 -9999 -9999 -9999 -9999 -9999 -9999 -9999 13.232903851764 9.77402568561956 9.10811943910085 9.88611145124638 9.89563976587462 9.85650195740163 8.87646869313903 7.46971037052572 9.77627969553162 8.40491957403719 8.53616442391649 8.47376933135092 8.63298439513892 8.66740927379578 8.60142825637013 8.71832940680906 8.70470289234072 8.78861353406683 8.6243781754747 8.49313332559541 8.51823479961604 8.72621844150126 8.87180699082091 8.86104921624064 8.87252417579293 8.81228063814342 8.68175297323614 8.73482466116548 7.86487929010764 7.44460889650509 7.39082002360374 7.32268745126203 7.13478498859331 6.97700429474935 12.3323966052011 13.6049996959046 -9999 -9999 -9999 -9999 -9999
-9999 -9999 -9999 -9999 -9999 -9999 -9999 -9999 -9999 -9999 -9999 -9999 -9999 -9999 -9999 -9999 -9999 6.88018432352692 7.55926884390647 8.29600991328646 8.16342383436859 9.91674549505115 9.96940736299647 9.89932814573071 9.02994627715088 9.19956052303314 9.06221960089169 9.09718236827757 9.11493269633502 9.09467222087551 8.835230557248 8.42356638330966 8.64517653966323 8.85459455149248 8.93133334349841 8.90479749953374 8.97651599673554 8.95643481751904 8.8474227017723 8.78717916412279 8.66525771887973 8.63011565525085 8.88113039545715 8.85244299657643 8.82949307747185 8.84527114685625 8.7039857073687 8.7276528114453 7.5048524341546 7.58015685621649 7.61601610481739 11.7929526093482 12.6599997170269 -9999 -9999 -9999 -9999 -9999 -9999 -9999 -9999 -9999
-9999 -9999 -9999 -9999 -9999 -9999 -9999 -9999 -9999 -9999 -9999 -9999 -9999 -9999 -9999 -9999 -9999 8.72220220565796 8.68906825995073 9.20744955772534 8.20876948419027 8.7635120600462 8.33965574158356 9.84492454285334 9.24115725141019 9.33080537291244 9.14039276284166 9.08803825988434 9.15652942471206 9.14164783654269 9.41866053198464 9.37025054637343 8.86535232607275 8.93563645333052 9.09198277723044 9.00305184070021 8.98870814125985 8.8990600197576 8.80510878842324 8.96575822215527 8.90551468450576 8.95069733774289 8.93778800824657 8.88973661512136 8.89403972495347 8.72263251664117 8.68318734318018 7.99755850993097 7.83571376791224 9.67230495042168 11.1062684896402 14.9949996648356 -9999 -9999 -9999 -9999 -9999 -9999 -9999 -9999 -9999 -9999
-9999 -9999 -9999 -9999 -9999 -9999 -9999 -9999 -9999 -9999 -9999 -9999 -9999 12.6269875043072 10.3459995740927 9.42821213183925 9.74809669047737 9.25914204378541 9.22251044213772 9.07333596795797 9.74892421159893 9.1500747599639 8.69968259753659 8.72621844150126 9.19579530193005 9.24061936268117 9.15670872095507 9.17750708514359 9.20888392766938 8.56485182279721 8.39487898442894 9.36272010416724 8.94495985796675 9.06544693326578 9.15581223974004 9.19669178314507 9.16872156923637 9.22466199705377 9.11206395644695 8.88256476540118 8.80008849361911 8.88758506020531 8.86391795612872 8.82590715261176 9.03030486963689 9.01309243030846 8.89403972495347 8.02839746372774 8.72998366260435 8.07644885685295 9.11923580616713 10.5379409205512 14.9249996664003 -9999 -9999 -9999 -9999 -9999 -9999 21.9765693920199 21.7549995137379 -9999
-9999 -9999 -9999 -9999 -9999 -9999 -9999 -9999 -9999 -9999 20.7317878416322 8.70972318714485 9.61146375862882 9.74999998905696 9.33769034864381 9.61865734122694 8.85029144166037 8.81658374797553 9.32729116654955 9.29359144158661 8.11517684534192 8.96841180655174 9.01990568754263 8.78287605429068 8.80008849361911 8.97508162679151 9.05755789857358 9.19991911551915 9.19489882071503 8.72334970161319 8.62724691536278 9.0066377655603 9.39033172558993 9.08983122231439 9.11923580616713 9.25048065604642 9.36594743654132 9.3652302515693 9.30355234397575 9.06472974829376 9.04034545924515 9.1780449738726 9.21749014733359 9.28992582950741 9.16728719929233 9.0783562627621 8.92272712383419 8.84885707171634 8.50675984006375 7.96528518619016 9.71654843286212 10.024813946361 10.4209188187134 -9999 -9999 -9999 11.9405817206716 8.86284217867069 8.87688245369981 9.34407329489477 10.634478902636 17.7899996023625
-9999 -9999 -9999 -9999 -9999 -9999 -9999 20.3370421318217 8.76012173108757 8.99522800464183 6.64306504215347 8.35158709157258 8.65925944456831 8.68247015820816 8.7398449559696 8.50962857995182 9.22950299561489 9.01022369042039 9.38074752641842 9.25184982735664 9.06708621320182 9.04127779970877 8.83021026244387 8.91196934925392 9.11062958650291 9.18449963862076 9.16370127443224 9.0184713175986 8.14027831936255 8.85602892143652 9.34228033246472 9.34371470240876 9.56460767379031 9.34084596252069 9.01022369042039 9.25908687571064 9.48213140200824 9.39463483542204 9.46922207251191 9.42547378921881 9.28849145956337 9.33295692782849 9.29566330928355 9.27701650001109 9.31000700872391 9.05899226851761 8.89403972495347 9.15437786979601 8.99157688114792 8.4730521463789 8.33965574158356 8.24642169522122 10.3515986497514 13.6081212765441 7.37883278907144 8.79004790401086 9.18470454861277 7.00425732368603 7.13478498859331 8.85913672298193 8.95643481751904 13.656846083816
-9999 -9999 -9999 -9999 -9999 9.92593850241974 9.94647607207298 9.87992999982089 8.86810153513215 8.88124992628582 7.64913701079786 8.06497389730066 8.34467603638768 8.47520370129496 8.48596147587523 8.4967192504555 9.19884333806112 9.30355234397575 9.4290597140789 9.12246313854121 8.98440503142774 7.19718008115888 9.11493269633502 9.21749014733359 9.25980406068265 9.38315987586975 9.36953336140141 9.09807884949259 9.17141101288144 8.88901943014935 9.49002043670043 9.56532485876232 9.61050751199946 9.56317330384627 9.32363352319226 9.52659687027335 9.61767936171964 9.57608263334259 9.57608263334259 9.47639392223209 9.4010895001702 9.40826134989038 9.29709767922759 9.14362009521574 9.21677296236157 9.25980406068265 9.21175266755745 9.01094087539241 8.96360666723922 8.90479749953374 8.30523086292669 8.07788322679698 8.1660969783552 7.98966947523877 7.35998106980696 7.27535324310884 9.15099685492792 8.14912360068411 7.17781608691439 6.87014373391867 7.68711987204318 6.7876674621366
-9999 -9999 -9999 -9999 -9999 9.77474287059158 10.0172948281281 9.85578477242962 9.95174412168562 10.2462919896934 9.64367731695529 9.71019622310996 9.70159000344574 8.75275428546593 8.71402629697695 8.82303841272369 9.4527268181555 9.47997984709218 9.14362009521574 9.39678639033809 9.44340341351926 8.1818750477396 9.26912746531889 9.30211797403172 9.29996641911566 9.35088655212894 9.48428295692429 9.37527084117755 8.21647922263946 9.00090028578416 9.34156314749271 9.27271339017898 9.52085939049721 9.31933041336015 9.71521651791409 9.70302437338978 9.65282142534852 9.7037415583618 9.59974973741919 9.55098115932196 9.5086672459729 9.42762534413487 8.94495985796675 8.875392915681 9.08122500265017 9.07548752287403 9.07692189281806 8.99659717595205 8.90479749953374 8.7477339906618 8.38698994973674 8.29232153343037 8.5246894643642 9.46215267778773 9.08983122231439 9.00878932047635 7.60932237841189 7.30117190210149 8.00874659549445 6.84217352000996 6.57968382025138 8.43695383612067
-9999 -9999 -9999 -9999 -9999 10.2734254878014 10.1641743103974 9.79518264229409 9.46993925748393 9.90383616555482 9.79769278969616 9.90096742566675 9.74605547171086 9.67003386467695 9.48930325172842 9.54380930960178 9.58612322295085 9.63274024613202 9.52803124021739 9.42045349441469 9.44985807826743 9.00358972942922 9.32004759833217 9.39033172558993 9.5165562806651 9.48500014189631 9.44985807826743 9.4448377834633 8.98996321496088 9.0106719310279 9.14720602007583 9.58743806206621 9.61481062183157 9.06350028834173 10.4857805428494 9.30893123126589 9.74031799193472 9.78191472031176 9.65497298026457 9.48428295692429 9.43336282391101 9.39678639033809 9.15509505476803 9.07620470784605 9.2060151877813 9.19023711839691 9.11708425125107 8.96217229729518 8.72621844150126 8.6917935628444 8.76638079993427 8.66167179401964 8.39846490928903 8.38985868962482 8.23924984550104 8.92416149377823 7.97006641933694 8.17972349282354 7.92440564278513 7.6163746973034 7.55911943037063 7.71642200089991
-9999 -9999 -9999 -9999 -9999 9.91838477498719 10.0560586758656 6.5050965831615 10.1957304491661 10.2291512688622 10.1523407583591 9.56891078362241 9.57464826339856 9.65282142534852 9.61265906691551 9.79052093997598 9.72669147746637 9.71808525780216 9.54524367954582 9.47495955228806 9.52372813038528 9.48930325172842 8.57704396732152 9.4448377834633 9.55456708418205 9.51727346563712 9.41113008977845 9.25128748913994 9.8392895180732 9.40754416491836 8.90623186947778 9.32219915324822 9.66429638490081 9.71521651791409 9.55772269805893 9.35570193694106 9.43141617898696 9.41031044981043 9.36494337758049 10.50985746691 9.35088655212894 9.19956052303314 9.12855921080336 9.14003417035565 9.06616411823779 8.97221288690343 8.88041321048513 8.85100862663239 8.82877589249983 8.73410747619346 8.62724691536278 8.49958799034357 8.50389110017568 8.41352579370141 8.31240271264687 8.3095339727588 8.38555557979271 8.10549484821968 7.99719991744496 7.70996733615175 7.9946897700429 7.78527175821364
-9999 -9999 -9999 -9999 -9999 10.2093569636345 10.1842554896139 10.0378063183278 10.2171025613323 9.9747657592874 9.94715413786471 8.90479749953374 9.7396008069627 9.84574418282136 9.74031799193472 9.79984434461221 9.80629900936037 9.69943844852969 9.68652911903337 9.54811241943389 9.70661029824987 9.69011504389346 9.68294319417328 9.61983091663569 9.552415529266 9.41184727475047 9.4247566042468 9.273430575151 8.85952519817511 9.66369873075746 8.87180699082091 8.69035919290036 9.66142764501274 9.80988493422046 10.350847313114 9.68509474908933 10.0370276603582 8.85490191648049 9.61558757221792 7.7649515173398 9.42403941927478 9.31646167347208 9.30498671391979 9.06114382343367 9.08265937259421 9.03962827427313 8.98297066148371 8.8553117364645 8.71259192703292 8.71832940680906 8.67744986340404 8.62868128530681 8.52182072447613 8.53473005397245 8.47018340649083 8.54548782855272 8.50604265509173 8.36475721560419 7.9430524520576 7.96169926133007 7.99110384518281 7.96671955613419
