EcologicalScience/Bass/data/rs_data_bass/sst_391.asc
NCOLS 226 
NROWS 124 
XLLCORNER -9.41648524995501 
YLLCORNER 47.587301625531 
CELLSIZE 0.0833 
NODATA_value -9999 
[rows 27 to 53 of 124, columns 62 to 123 of 226]
-9999 -9999 -9999 -9999 -9999 -9999 -9999 -9999 -9999 -9999 -9999 -9999 -9999 -9999 -9999 -9999 -9999 -9999 -9999 -9999 -9999 -9999 -9999 -9999 -9999 -9999 -9999 -9999 12.5299997199327 6.79037682758644 8.78263699263334 11.3023468609899 11.0341196814552 11.1624957914464 10.6124149179086 10.2760551660322 10.9695730339736 11.4586931848899 11.8409527749754 11.3934293524362 11.4615619247779 11.2994781211019 11.1409802422859 11.8287606304511 11.901196312625 11.9886928792112 12.0016022087075 11.9119540872052 11.4701681444421 11.9234290467575 11.9076509773731 11.9585711103864 11.9937131740153 11.8158513009548 11.8517105495557 12.0460676769726 12.0883815903217 12.1321298736148 12.183050006628 12.0754722608253 12.1486251279712 12.2002624459565
-9999 -9999 -9999 -9999 -9999 -9999 -9999 -9999 -9999 -9999 -9999 -9999 -9999 -9999 -9999 -9999 -9999 -9999 -9999 -9999 -9999 -9999 -9999 -9999 -9999 -9999 -9999 -9999 -9999 -9999 9.78499978128821 5.65459958105074 11.0154728721827 10.8691671378911 10.8749046176672 10.8964201668277 11.7297891043127 11.0556352306157 11.2119815545157 11.585634924937 11.3819543928839 11.5641193757765 11.5569475260563 11.6501815724187 11.0771507797763 10.6647694208659 11.4888149537146 11.8717917287722 11.9212774918415 11.9757835497148 11.8775292085484 11.9255806016736 11.9126712721772 12.023117757868 12.0539567116648 11.9965819139034 12.0446333070286 12.0991393649019 12.063280116301 12.141453278251 12.0259864977561 11.8438215148635
-9999 -9999 -9999 -9999 -9999 -9999 -9999 -9999 -9999 -9999 -9999 -9999 -9999 -9999 -9999 -9999 -9999 -9999 -9999 -9999 -9999 -9999 -9999 -9999 -9999 -9999 -9999 -9999 -9999 -9999 -9999 12.0549997305498 10.9372997102328 10.7594378371723 10.508423096966 10.5586260450073 10.18999296939 11.6365550579503 11.7957701217383 11.7527390234172 11.6465956475586 11.6136051388457 11.584200554993 11.5698568555526 11.6272316533141 11.8789635784924 11.7857295321301 11.8574480293319 11.8316293703392 11.9564195554703 11.9621570352465 11.942793041002 11.9592882953584 12.0066225035116 12.0367442723364 12.1593829025514 12.1644031973556 12.1730094170198 12.1658375672996 12.180898451712 12.1120486943983 11.9083681623451
-9999 -9999 -9999 -9999 -9999 -9999 -9999 -9999 -9999 -9999 -9999 -9999 -9999 -9999 -9999 -9999 -9999 -9999 -9999 -9999 -9999 -9999 -9999 -9999 -9999 -9999 -9999 -9999 -9999 -9999 -9999 9.18226984534413 10.7666096868925 10.6439710566774 10.6877193399705 11.0542008606717 11.267204797361 11.5483413063921 11.7986388616264 11.8459730697796 11.8316293703392 11.6609393469989 11.5246742023155 11.4880977687426 11.7749717575498 11.8000732315704 11.9227118617855 12.0130771682598 12.0439161220565 12.0747550758533 12.0647144862451 12.0331583474763 11.9872585092671 12.0123599832878 12.1077455845661 12.3472853652202 12.4455397063866 12.3221838911995 12.5351878278889 12.5610064868815 12.5330362729728 11.8395184050314
-9999 -9999 -9999 -9999 -9999 -9999 -9999 -9999 -9999 -9999 -9999 -9999 -9999 -9999 -9999 -9999 -9999 -9999 -9999 -9999 -9999 -9999 -9999 -9999 -9999 -9999 -9999 -9999 -9999 -9999 -9999 11.1399997510016 10.9946745079942 10.7364879180677 10.6848506000824 11.2062440747395 11.5755943353288 11.4701681444421 11.8416699599475 11.8079622662626 11.6867580059916 11.6021301792935 11.5956755145453 11.5619678208604 11.4443494854495 11.4672994045541 11.9542680005543 11.3102358956821 11.7728202026337 11.744849988725 11.8825495033525 12.0690175960772 11.9291665265337 12.0883815903217 11.7721030176617 12.2002624459565 12.2289498448372 12.2949308622628 12.3358104056679 12.382427428849 12.4720755503513 12.3128604865633
-9999 -9999 -9999 -9999 -9999 -9999 -9999 -9999 -9999 -9999 -9999 -9999 -9999 -9999 -9999 -9999 -9999 -9999 -9999 -9999 -9999 -9999 -9999 -9999 -9999 -9999 -9999 -9999 -9999 -9999 -9999 -9999 13.0715959169601 10.6532944613136 10.5435651605949 11.1323740226217 11.3224280402064 11.2040925198235 11.5598162659444 11.6559190521948 10.7149723689072 11.2291939938441 11.4357432657853 11.3618732136674 11.465147849638 11.8581652143039 11.6824548961595 11.7362437690608 11.9929959890433 11.9757835497148 11.982238214463 12.1335642435588 12.143604833167 11.2564470227808 12.1522110528313 12.0890987752937 12.2648090934381 12.379558688961 12.4441053364426 12.4519943711348 12.4742271052673 12.581087666098
-9999 -9999 -9999 -9999 -9999 -9999 -9999 -9999 -9999 -9999 -9999 -9999 -9999 -9999 -9999 -9999 -9999 -9999 -9999 -9999 -9999 -9999 -9999 -9999 -9999 -9999 -9999 -9999 -9999 -9999 -9999 -9999 9.4951941902977 11.5471677309833 10.1706289751455 10.2423474723473 10.5105746518821 11.4213995663449 11.5698568555526 11.5311288670637 11.4113589767367 11.5311288670637 11.6064332891256 11.7290719193406 11.6544846822508 11.8581652143039 11.7677999078296 11.9198431218974 12.061845746357 12.0518051567487 12.0546738966368 11.785012347158 11.9521164456382 12.2726981281303 12.2325357696973 12.2081514806487 11.4127933466807 12.4684896254912 12.2296670298092 12.4570146659389 12.2734153131023 12.6771904523484
-9999 -9999 -9999 -9999 -9999 -9999 -9999 -9999 -9999 -9999 -9999 -9999 -9999 -9999 -9999 -9999 -9999 -9999 -9999 -9999 -9999 -9999 -9999 -9999 -9999 -9999 -9999 -9999 -9999 -9999 -9999 -9999 -9999 8.50089101557456 10.3176518944092 10.3721579522826 10.3527939580381 10.8322321118321 11.3324686298147 11.1976378550753 11.3941465374082 11.5002899132669 11.7075563701801 11.3582872888073 11.7513046534732 11.2449720632285 12.0596941914409 12.0202490179799 12.1170689892024 12.0962706250139 12.1163518042304 11.9621570352465 11.9972990988754 11.781426422298 12.2791527928784 11.6616565319709 12.2418591743335 12.4792474000715 12.6420483887196 12.50004576426 12.5459456024691 12.6262703193352
-9999 -9999 -9999 -9999 -9999 -9999 -9999 14.0588329572417 14.7865944516379 14.1563844571356 14.8423718828708 8.0028793424879 11.7096235503936 8.27151427435685 8.41999981179833 -9999 -9999 -9999 -9999 -9999 -9999 -9999 -9999 -9999 -9999 -9999 -9999 -9999 -9999 -9999 -9999 -9999 -9999 -9999 8.76623736293987 11.2334971036762 11.2392345834523 11.2442548782565 11.1919003752992 11.1244849879295 10.986785473302 11.545472566504 11.6128879538737 11.6896267458797 11.6408581677824 11.5698568555526 11.7219000696205 12.0424817521125 11.9578539254144 12.1206549140625 11.9557023704983 12.1916562262923 12.0962706250139 11.7498702835292 12.1923734112643 12.2024140008725 12.4003570531495 12.4053773479536 12.4778130301274 12.6857966720127 12.7596667241305 13.1842402275652
-9999 -9999 -9999 -9999 16.079999640584 16.7339074029587 12.817758706864 15.3195389509201 11.4710646256572 14.810457151616 16.2337107285857 19.9266342172016 -9999 -9999 -9999 -9999 -9999 -9999 -9999 -9999 -9999 -9999 -9999 -9999 -9999 -9999 -9999 -9999 -9999 -9999 -9999 -9999 -9999 -9999 11.8958174253348 10.8971373517998 10.9559465195052 11.2299111788161 11.2105471845716 11.1990722250193 11.2342142886482 11.5196539075114 11.6853236360475 11.5777458902448 11.6430097226985 11.7412640638649 11.7204656996764 11.7383953239769 11.7262031794526 11.5634021908045 11.9614398502745 11.9721976248547 12.1177861741744 11.2700735372491 11.863185509108 12.4405194115825 12.4025086080655 12.3716696542688 12.380275873933 12.4641865156591 12.6083406950347 13.0329141984694
11.1405021189712 13.2141229347326 10.2716409430354 13.6263130443171 13.6408001807518 13.1679242694518 12.219626440201 13.3144092999864 11.9865413242951 15.2248308563304 -9999 -9999 -9999 -9999 -9999 -9999 -9999 -9999 -9999 -9999 -9999 -9999 -9999 -9999 -9999 -9999 -9999 -9999 -9999 -9999 -9999 -9999 -9999 -9999 11.5099997427315 11.0563524155878 11.1001006988809 11.343943589367 11.4601275548339 11.5325632370077 11.5418866416439 11.4135105316527 11.4924008785747 11.3841059478 11.4759056242183 11.425702676177 11.5555131561123 11.6810205262154 11.9392071161419 11.8696401738562 11.6946470406838 11.7111422950402 11.6745658614673 12.223212365061 12.4656208856031 12.4111148277298 12.4785302150995 12.4770958451554 12.3881649086252 12.618381284643 12.6147953597829 12.9016693485901
13.8526566214859 13.8017364884727 13.6776634883136 13.1932050397154 13.6461073495448 13.4689626614563 13.7945646387525 14.1502883848734 14.4314248939045 14.1599996834993 -9999 -9999 -9999 -9999 -9999 -9999 -9999 -9999 -9999 -9999 -9999 -9999 -9999 -9999 -9999 -9999 -9999 -9999 -9999 -9999 -9999 -9999 -9999 -9999 -9999 13.1502137850039 11.4830774739385 11.5347147919238 11.506027393043 11.5339976069517 11.5899380347691 11.3977324622683 11.3489638841711 11.3647419535555 11.4393291906454 11.4737540693022 11.424268306233 11.6501815724187 11.6121707689017 11.5246742023155 11.3252967800945 11.9600054803304 12.1672719372436 12.1579485326074 12.2504653939977 12.1077455845661 12.0726035209373 12.1909390413202 12.2346873246133 12.5029145041481 11.94207585603 12.4311960069463
12.6728873425163 13.935132893268 13.2993484155741 12.1859187465161 13.5478530083783 13.5901669217274 14.1395306102931 12.0600527839269 8.36681384897983 -9999 -9999 -9999 -9999 -9999 -9999 -9999 -9999 -9999 -9999 -9999 -9999 -9999 -9999 -9999 -9999 -9999 -9999 -9999 -9999 -9999 -9999 -9999 -9999 -9999 -9999 -9999 12.7000955473923 13.3821832798421 11.7376781390049 11.6996673354879 11.6401409828104 11.6351206880063 10.8953443893697 11.1553239417262 11.2499923580326 11.226325253956 11.2679219823331 11.3798028379679 11.5483413063921 11.4895321386866 11.6100192139857 11.7168797748163 11.742698433809 11.6157566937618 11.5390179017559 10.3843500968069 9.36020995676517 11.3001953060739 11.7685170928016 12.2683950182982 12.1730094170198 12.4398022266105
12.8062837473117 13.5632724852767 12.5606478943955 13.5650654477067 13.2896664184518 13.5919598841574 14.213042069925 13.3795536016114 12.7897884929553 -9999 -9999 -9999 -9999 -9999 -9999 -9999 -9999 -9999 -9999 -9999 -9999 -9999 -9999 -9999 -9999 -9999 -9999 -9999 -9999 -9999 -9999 -9999 -9999 -9999 -9999 -9999 -9999 -9999 -9999 -9999 4.36551291866042 11.3376084554475 12.062562931329 11.5949583295733 11.4049043119885 11.0563524155878 10.8784905425273 11.0764335948043 11.4371776357293 11.3977324622683 11.4486525952816 11.5483413063921 11.4170964565128 11.4221167513169 11.4615619247779 11.3080843407661 11.3138218205422 11.2729422771372 11.186162895523 10.8598437332548 10.5801415941678 10.7300332533196
12.8102282646578 12.0630410546437 12.3900774018839 12.500404356746 13.9293954134919 14.2019257028587 13.4101534937508 13.2753227190115 14.0649996856228 -9999 -9999 -9999 -9999 -9999 -9999 -9999 -9999 -9999 -9999 -9999 -9999 -9999 -9999 -9999 -9999 -9999 -9999 -9999 -9999 -9999 -9999 -9999 -9999 -9999 -9999 -9999 -9999 -9999 -9999 -9999 -9999 -9999 -9999 10.7727122009358 11.6501815724187 10.8325907043181 10.8921170569956 10.6303445422091 10.7673268718645 11.3647419535555 11.0735648549162 11.2872859765776 10.827570409514 10.8189641898498 10.7752159065567 11.1997894099914 11.0606555254199 11.2091128146276 11.4056214969605 11.4802087340504 11.4672994045541 11.4938352485187
12.0202490179799 12.7646870189346 12.9640644411556 13.2344431756064 14.0484481188469 14.3891109805554 14.5009918361902 14.5257347177248 13.1534012737684 14.9449996659532 -9999 -9999 -9999 -9999 -9999 16.1899624452926 -9999 -9999 -9999 -9999 -9999 -9999 -9999 -9999 -9999 -9999 -9999 -9999 -9999 -9999 -9999 -9999 -9999 -9999 -9999 -9999 -9999 -9999 -9999 -9999 -9999 -9999 -9999 -9999 4.4109101057481 12.1852463856048 10.5138737027533 10.6142078803387 10.865581213031 10.7415082128718 10.9989776178263 10.8168126349337 10.5686666346155 10.5263527212664 10.308328489773 10.8648640280589 10.5801415941678 10.8390453690663 10.666920975782 11.1531723868102 11.1761223059148 11.3181249303743
11.785012347158 14.7555925012566 13.8705862457864 13.8967634972651 13.935132893268 13.6834009680897 13.735038286075 14.1155049137305 14.6476561629679 12.9958596415818 15.7999996468425 -9999 -9999 -9999 -9999 -9999 -9999 -9999 -9999 -9999 -9999 -9999 -9999 -9999 -9999 -9999 -9999 -9999 -9999 -9999 -9999 -9999 -9999 -9999 -9999 -9999 -9999 -9999 -9999 -9999 -9999 -9999 -9999 -9999 -9999 7.17999983951449 10.2846613856964 10.6831771684811 10.1326181716286 10.7257301434875 10.6425366867334 10.6468397965655 10.7752159065567 10.6826990451664 10.9165013460442 11.0706961150281 11.3425092194229 10.5507370103151 10.7199926637113 10.2179631832987 10.3771782470867 10.7902767909691
13.6877040779218 12.1636860123836 13.4632251816802 13.018570499029 11.7950529367663 11.70397044532 13.4696798464283 13.5905255142134 14.1312829831149 14.6440702381078 13.6525620142929 17.2371829017065 -9999 -9999 15.5082000359148 -9999 20.5347373091084 21.1805086500102 -9999 -9999 -9999 -9999 -9999 -9999 -9999 -9999 -9999 -9999 -9999 -9999 -9999 -9999 -9999 -9999 -9999 -9999 -9999 -9999 -9999 -9999 -9999 -9999 -9999 -9999 -9999 8.8399998024106 11.5749997412786 11.3386722798226 10.7350535481237 10.5134433917701 10.7307504382916 10.7630237620324 10.151264980901 10.4861903628334 10.4187749754637 9.85076447762549 9.8830378013663 10.2201147382148 10.348490848206 10.0279091657139 10.1397900213487 10.2251350330189
13.6052278061397 13.8053224133328 13.8863643151708 11.4450666704215 13.0759452967905 13.3409451439511 13.7475890230853 13.5489287858363 13.7468718381133 13.5625553003047 13.8791924654506 13.376445800066 17.4599996097386 13.7301773657091 14.9459333928302 18.4934226552275 14.339194906503 11.774059456078 -9999 -9999 -9999 -9999 -9999 -9999 -9999 -9999 -9999 -9999 -9999 -9999 -9999 -9999 -9999 -9999 -9999 -9999 -9999 -9999 -9999 -9999 -9999 -9999 -9999 -9999 -9999 -9999 -9999 -9999 8.98099840281066 11.1503036469221 11.1531723868102 10.9344309703447 10.82613603957 10.6877193399705 11.0183416120708 10.6346476520412 10.9007232766598 10.3563798828982 10.1684774202295 9.71808525780216 9.94041259912774 9.88877528114244
12.1188619516324 12.8127384120598 13.9645374771208 12.9056138659362 12.6363109089434 13.3075960427523 13.5155796846375 13.3746528376359 14.2098147375509 14.4206671193242 13.6701330461074 13.6522034218069 13.0415204181336 14.5060121309943 14.1596117895097 13.752824473381 15.6399996504188 19.0236194868435 -9999 -9999 -9999 -9999 -9999 -9999 -9999 -9999 -9999 -9999 -9999 -9999 -9999 -9999 -9999 -9999 -9999 -9999 -9999 -9999 -9999 -9999 -9999 -9999 -9999 -9999 -9999 -9999 -9999 -9999 10.9702902189456 11.1158787682652 11.1323740226217 10.9559465195052 11.0054322825745 11.0018463577144 10.8125095251016 10.6819818601944 10.5665150796995 10.5155949466862 10.4453108194284 10.5944852936082 10.6138492878526 10.9401684501208
13.4660939215682 12.0421231596265 14.5182042755187 12.5721228539478 12.6553163107019 12.698347409023 13.0217978314031 12.8066423397977 14.1825617086142 14.3019730064552 14.1649906767998 13.6751533409115 14.1025955842342 13.9372844481841 13.6780220807996 13.7110125895124 15.9449996436015 -9999 -9999 -9999 -9999 -9999 -9999 -9999 -9999 -9999 -9999 -9999 -9999 -9999 -9999 -9999 -9999 -9999 -9999 -9999 -9999 -9999 -9999 -9999 -9999 -9999 -9999 -9999 -9999 -9999 -9999 -9999 10.7350535481237 10.8189641898498 10.7178411087953 10.6841334151104 10.8591265482828 10.6956083746627 10.8039033054374 10.6977599295788 10.6360820219852 10.5342417559586 10.74796287762 10.4159062355757 10.2997222701088 11.3166905604303
11.9316766739357 11.8725089137442 12.0464262694586 14.6451460155658 12.5215613134205 12.5484557498712 12.581446258584 12.81811729935 12.9683675509878 13.9143345290795 14.2202139196452 14.1646320843138 14.3672368389089 14.1793343762401 14.4605426037684 6.69999985024333 -9999 -9999 -9999 -9999 -9999 -9999 -9999 -9999 -9999 -9999 -9999 -9999 -9999 -9999 -9999 -9999 -9999 -9999 -9999 -9999 -9999 -9999 -9999 -9999 -9999 -9999 -9999 -9999 -9999 -9999 -9999 -9999 11.9210384301841 12.0543153041508 10.5916165537201 10.548585455399 10.5041199871339 10.6116977329366 10.8153782649897 10.7171239238232 10.5851618889719 10.5614947848953 10.6360820219852 10.8598437332548 10.825418854598 11.0319681265391
11.624362913426 11.7172383673023 11.5680638931226 12.0654316712171 12.341189292958 12.2724590664729 13.0458235279657 12.6079821025487 12.9931104325224 13.3276772219688 13.8716620232444 14.052751228679 13.935491485754 14.1990569629706 14.8435671911575 -9999 -9999 -9999 -9999 -9999 -9999 -9999 -9999 -9999 -9999 -9999 -9999 -9999 -9999 -9999 -9999 -9999 -9999 -9999 -9999 -9999 -9999 -9999 -9999 -9999 -9999 -9999 -9999 -9999 -9999 -9999 -9999 -9999 -9999 12.6270460500192 11.0429866956547 11.0188197353855 10.5751212993637 10.6346476520412 10.6181523976848 10.390087576583 10.4510482992046 10.4653919986449 10.5564744900912 10.7673268718645 10.7981658256613 10.7780846464448
11.503875838127 11.702894667862 11.6283074307721 11.8714331362862 12.1199377290905 12.1940468428656 12.9959791724104 13.097819438437 13.295403898228 13.5023117626552 13.6697744536214 13.7576296126936 13.8358027746435 14.1517227548175 14.797069698805 15.1458661399286 -9999 -9999 -9999 -9999 -9999 -9999 -9999 -9999 -9999 -9999 -9999 -9999 -9999 -9999 -9999 -9999 -9999 -9999 -9999 -9999 -9999 -9999 -9999 -9999 -9999 -9999 -9999 -9999 -9999 -9999 6.50557470647618 7.17122573852287 7.10499984119087 -9999 11.5949583295733 11.343226404395 11.1610614215024 10.7651753169484 11.1897488203831 10.7902767909691 10.6532944613136 10.6532944613136 10.5701010045595 10.589464998804 10.5657978947274 10.9989776178263
11.9148228270933 11.8732260987163 11.701818890404 11.9657429601066 13.255958724767 13.3542130659334 13.4452955573797 12.6008102528285 12.4541459260508 12.714245009236 13.5094836123753 13.4259315631352 13.8673589134123 14.1825617086142 14.9332153126597 -9999 -9999 -9999 -9999 -9999 -9999 -9999 -9999 -9999 -9999 -9999 -9999 -9999 -9999 -9999 -9999 -9999 -9999 -9999 -9999 -9999 -9999 -9999 -9999 -9999 -9999 -9999 -9999 -9999 -9999 -9999 -9999 -9999 8.43923969533859 15.0751382499002 14.0896862547379 12.7650456114206 12.8965693665668 10.7601550221443 10.8741874326952 10.6891537099145 10.9487746697851 10.9028748315759 10.7658925019205 10.7135379989631 10.8505203286186 11.0018463577144
11.8190786333289 11.8205130032729 11.9334696363658 11.781426422298 13.2122104414739 13.1892605223693 13.7077852571383 13.9229407487437 13.7830896792002 12.8127384120598 13.3789559474681 13.6245918003842 13.8695104683284 14.905245098751 14.4899996761233 -9999 -9999 -9999 -9999 -9999 -9999 -9999 -9999 -9999 -9999 -9999 -9999 -9999 -9999 -9999 -9999 -9999 -9999 -9999 -9999 -9999 -9999 -9999 -9999 -9999 -9999 -9999 -9999 -9999 -9999 -9999 -9999 -9999 -9999 -9999 15.3473626431679 13.7726904971059 13.2455595426727 11.9643085901625 11.6745658614673 11.2765282019973 11.14600053709 11.1711020111106 12.4003570531495 11.0140385022387 11.0240790918469 11.0570696005598
11.824098928133 12.222853772575 12.2501068015117 12.1450392031111 12.180898451712 12.539490937721 12.9597613313235 13.4352549677715 13.375728615094 13.654713569209 13.455694739474 14.3066347087733 14.5052949460223 14.095065142028 16.7761120821423 -9999 -9999 -9999 -9999 -9999 -9999 -9999 -9999 -9999 -9999 -9999 -9999 -9999 -9999 -9999 -9999 -9999 -9999 -9999 -9999 -9999 -9999 -9999 -9999 -9999 -9999 -9999 -9999 -9999 -9999 -9999 -9999 -9999 -9999 -9999 -9999 -9999 14.5099996756762 13.0874202563427 12.4491256312467 12.4555802959949 12.4340647468343 12.5717642614618 11.3561357338913 11.5476241214201 11.7132938499562 11.5949583295733
