EcologicalScience/Bass/data/rs_data_bass/sst_485.asc
NCOLS 226 
NROWS 124 
XLLCORNER -9.41648524995501 
YLLCORNER 47.587301625531 
CELLSIZE 0.0833 
NODATA_value -9999 
[rows 54 to 80 of 124, columns 0 to 61 of 226]
-9999 -9999 -9999 -9999 -9999 -9999 -9999 -9999 -9999 -9999 -9999 -9999 -9999 -9999 -9999 -9999 -9999 -9999 -9999 -9999 -9999 -9999 -9999 -9999 -9999 -9999 -9999 -9999 -9999 -9999 -9999 -9999 -9999 -9999 -9999 -9999 -9999 -9999 16.1053346185945 16.2602465725504 16.1411938671954 16.1476485319436 15.6764580053277 14.8997466806322 13.457487701904 13.0070955394767 12.8959318688139 13.2860804935917 13.6210058755241 13.4022644590586 13.1612903084606 13.4044160139747 13.7902615289204 13.9616687372327 13.8877986851148 14.0864589223638 14.0455793789588 14.1624805293977 12.7239099305256 15.1399996615946 -9999 16.0368434537668
-9999 -9999 -9999 -9999 -9999 -9999 -9999 -9999 -9999 -9999 -9999 -9999 -9999 -9999 -9999 -9999 -9999 -9999 -9999 -9999 -9999 -9999 -9999 -9999 -9999 -9999 -9999 -9999 -9999 -9999 -9999 -9999 -9999 -9999 -9999 -9999 -9999 -9999 15.4899996537715 16.1605578614399 15.8536026934162 15.5839411439374 15.2626422764733 14.0577715234831 13.4417096325196 13.2473525051028 13.0307626435533 13.1526840887964 13.255241539795 13.4732657712884 13.8426160318777 13.9114657891914 14.054902783595 14.2004913329147 14.1079744715244 14.1646320843138 14.3052003388293 12.5205367634605 -9999 13.6649996945634 -9999 16.7249996261671
-9999 -9999 -9999 -9999 -9999 -9999 -9999 -9999 -9999 -9999 -9999 -9999 -9999 -9999 -9999 -9999 -9999 -9999 -9999 -9999 -9999 -9999 -9999 -9999 -9999 -9999 -9999 -9999 -9999 -9999 -9999 -9999 -9999 -9999 -9999 -9999 -9999 -9999 -9999 14.9594995127746 14.9736167327501 14.6881771138869 14.5813165530562 13.4352549677715 13.2925351583399 12.8105868571438 12.697988816537 12.8392742560245 13.1677449732088 12.977690955624 12.857203880325 13.0694906320423 13.2609790195711 13.4517502221279 13.8727378007025 14.015457610134 14.5999633623287 15.1213568369858 15.1729941549711 15.6999996490777 -9999 -9999
-9999 -9999 -9999 -9999 -9999 -9999 -9999 -9999 -9999 -9999 -9999 -9999 -9999 -9999 -9999 -9999 -9999 -9999 -9999 -9999 -9999 -9999 -9999 -9999 -9999 -9999 -9999 -9999 -9999 -9999 -9999 -9999 -9999 -9999 -9999 -9999 -9999 -9999 -9999 -9999 14.9449293338694 14.9162419349886 14.3123721885495 13.0443891580217 13.0659047071822 13.177068377845 13.2244025859982 13.4596392568201 13.5578935979865 13.1204107650556 13.2710196091793 13.535660863854 13.0271767186932 12.9992065047845 13.5571764130145 13.9788811765611 13.9982451708056 14.3511001770385 15.6599627509713 15.7618030169979 16.0386364161968 -9999
-9999 -9999 -9999 -9999 -9999 -9999 -9999 -9999 -9999 -9999 -9999 -9999 -9999 -9999 -9999 -9999 -9999 -9999 -9999 -9999 -9999 -9999 -9999 -9999 -9999 -9999 -9999 -9999 -9999 -9999 -9999 -9999 -9999 -9999 -9999 -9999 -9999 -9999 -9999 -9999 15.9446851848625 15.6355784619227 14.6723990445025 14.7491378365085 14.5805993680842 13.8921017949469 13.7293008062989 13.334849071689 13.3542130659334 13.1663106032647 13.0293282736093 13.3513443260454 13.6116824708879 13.3922238694504 13.7285836213268 13.8404644769616 13.9423047429882 14.1015198067762 15.4699087333865 16.1426282371394 16.0544144855812 16.0049996422604
-9999 -9999 -9999 -9999 -9999 -9999 -9999 -9999 -9999 -9999 -9999 -9999 -9999 -9999 -9999 -9999 -9999 -9999 -9999 -9999 -9999 -9999 -9999 -9999 -9999 -9999 -9999 -9999 -9999 -9999 -9999 -9999 -9999 -9999 -9999 -9999 -9999 -9999 -9999 7.42999983392656 14.9577762994551 15.9547257744707 15.248298577033 15.1880550393835 14.8366344030946 14.0455793789588 13.4747001412325 13.098895215895 13.0802484066226 13.1605731234886 13.1239966899157 13.2674336843193 13.7135227369145 13.7701803497039 13.7407757658511 13.9487594077364 14.2177037722431 14.5540635241196 14.8201391487382 15.692462554177 -9999 -9999
-9999 -9999 -9999 -9999 -9999 -9999 -9999 -9999 -9999 -9999 -9999 -9999 -9999 -9999 -9999 -9999 -9999 -9999 -9999 -9999 -9999 -9999 -9999 -9999 -9999 -9999 -9999 -9999 -9999 -9999 -9999 -9999 -9999 -9999 -9999 -9999 -9999 -9999 -9999 15.940238638036 15.1973784440197 15.209570588544 15.3530075829476 14.5547807090916 13.7099368120544 13.5600451529026 13.3907894995064 13.4237800082192 13.2093417015858 13.2624133895151 13.0006408747286 13.2867976785637 13.3714255052619 13.8827783903107 13.693441557698 13.9523453325965 14.4177983794361 14.649999672547 9.1262283596443 18.1715445229784 18.3867000145838 17.7727896785364
-9999 -9999 -9999 -9999 -9999 -9999 -9999 -9999 -9999 -9999 -9999 -9999 -9999 -9999 -9999 -9999 -9999 -9999 -9999 -9999 -9999 -9999 -9999 -9999 -9999 -9999 -9999 -9999 -9999 -9999 -9999 -9999 -9999 -9999 -9999 -9999 -9999 -9999 -9999 14.3812219458632 14.569841593504 14.7182988827117 14.5103152408265 14.334604922682 13.6052278061397 13.5571764130145 13.3950926093385 13.2903836034238 13.1820886726491 13.4460127423517 14.0054170205258 13.8691518758424 13.8641315810382 14.1502883848734 14.2987456740811 14.569841593504 15.606891063042 15.8033997453749 17.678838447202 17.9327219272964 18.2934659682214 18.7345347260125
-9999 -9999 -9999 -9999 -9999 -9999 -9999 -9999 -9999 -9999 -9999 -9999 -9999 -9999 -9999 -9999 -9999 -9999 -9999 -9999 -9999 -9999 -9999 -9999 -9999 -9999 -9999 -9999 -9999 -9999 -9999 -9999 -9999 -9999 -9999 -9999 -9999 -9999 14.5569322640076 15.2927640452981 14.2227240670472 14.1294900206849 13.7307351762429 13.5048219100572 13.2408978403546 13.1225623199716 13.3613849156536 12.9970549498685 13.2222510310821 14.1086916564964 14.4730216222815 14.2334818416275 14.451506073121 14.1933194831945 14.4436170384288 14.9399090390652 14.9018982355483 16.0013427976519 17.4199346723035 17.1739402269013 16.085253439378 17.8818017942831
-9999 -9999 -9999 -9999 -9999 -9999 -9999 -9999 -9999 -9999 -9999 -9999 -9999 -9999 -9999 -9999 -9999 -9999 -9999 -9999 -9999 -9999 -9999 -9999 -9999 -9999 -9999 -9999 -9999 -9999 -9999 -9999 -9999 -9999 -9999 -9999 -9999 -9999 14.8930529542267 15.3264717389829 14.7842799001373 13.9430219279602 13.4130222336389 13.2057557767257 13.097460845951 12.9934690250084 12.8120212270878 12.860072620213 13.177068377845 13.6446729796007 14.0627918182872 14.2800988648087 15.6040223231539 14.8402203279547 15.4168370454572 15.6370128318667 16.0544144855812 16.7070528101176 17.1380809783004 17.8043458173051 18.0711386268958 18.1751304478385
-9999 -9999 -9999 -9999 -9999 -9999 -9999 -9999 -9999 -9999 -9999 -9999 -9999 -9999 -9999 -9999 -9999 -9999 -9999 -9999 -9999 -9999 -9999 -9999 -9999 -9999 -9999 -9999 -9999 -9999 -9999 -9999 -9999 -9999 -9999 -9999 -9999 14.0239334325306 14.8273109984584 15.5050507970154 14.4235358592123 13.9236579337157 12.8349711461924 12.9518722966313 13.138340389356 13.6303292801604 12.4125491976738 12.261223168578 12.2490310240537 12.3114261166193 14.1929608907085 15.1772972648032 16.1411938671954 15.647053421475 15.8937650518492 16.1189611330628 16.525605012197 16.6962950355373 17.2764976778999 17.200476070866 17.6687978575937 17.6666463026777
-9999 -9999 -9999 -9999 -9999 -9999 -9999 -9999 -9999 -9999 -9999 -9999 -9999 -9999 -9999 -9999 -9999 -9999 -9999 -9999 -9999 -9999 -9999 -9999 -9999 -9999 -9999 -9999 -9999 -9999 -9999 -9999 -9999 -9999 -9999 -9999 -9999 15.0799991702661 14.531830789987 13.9286782285199 14.0226294598542 13.4904782106169 12.9762565856799 12.7646870189346 12.6929685217328 12.6556749031879 12.4584490358829 12.4247413421981 13.2251197709702 12.4649037006311 12.5050660590641 14.8681905418634 14.9434949639253 15.1636707503349 15.7022766643204 15.6405987567268 16.1799218556844 16.5973235093988 17.003250203561 16.9673909549601 17.2851038975641 17.6171605396084
-9999 -9999 -9999 -9999 -9999 -9999 -9999 -9999 -9999 -9999 -9999 -9999 -9999 -9999 -9999 -9999 -9999 -9999 -9999 -9999 -9999 -9999 -9999 -9999 -9999 -9999 -9999 -9999 -9999 -9999 -9999 -9999 -9999 -9999 -9999 10.2014679289423 15.2318033226766 15.1263771317899 14.5296792350709 14.3059175238013 14.1538743097335 13.4825891759247 13.4036988290027 12.7711416836828 12.541642492637 12.4857020648196 12.4892879896797 12.419721047394 12.5925626256503 12.6284218742512 12.7058778512292 12.779747903347 14.174672673922 13.7450788756832 13.735038286075 15.6391643867828 16.3563493588008 16.2000030349009 16.7830744171515 16.7457807986066 17.082140550483 17.2872554524802
-9999 -9999 -9999 -9999 -9999 -9999 -9999 -9999 -9999 -9999 -9999 -9999 -9999 -9999 -9999 -9999 -9999 -9999 -9999 -9999 -9999 -9999 -9999 -9999 -9999 -9999 -9999 -9999 -9999 -9999 -9999 18.1891063601137 -9999 -9999 -9999 11.4969430500641 15.3234237028519 15.2224799180403 14.8703420967795 14.1101260264404 14.1667836392298 13.7852412341163 13.3427381063811 12.9927518400364 12.8615069901571 12.4476912613027 12.3953367583454 12.380275873933 12.4806817700155 12.4900051746517 12.6026032152586 12.8148899669759 14.2428052462637 13.9415875580162 13.3721426902339 14.4385967436247 14.7505722064525 15.4699087333865 16.2222357690334 16.2265388788655 17.003250203561 16.8949552727863
-9999 -9999 -9999 -9999 -9999 -9999 -9999 -9999 -9999 -9999 -9999 -9999 -9999 -9999 -9999 -9999 -9999 -9999 -9999 -9999 -9999 -9999 -9999 -9999 -9999 -9999 -9999 -9999 -9999 16.9501785156317 7.07783744996414 15.5229804213159 15.8026825604029 7.81024042020241 12.4703543064184 13.2850559436317 14.0850245524198 13.7457960606553 13.8720206157304 13.6726431935094 13.3807489098981 13.1089358055033 12.9640644411556 12.8529007704929 12.9439832619391 12.4907223596238 12.4971770243719 12.3917508334853 12.3365275906399 12.4433881514706 12.8227790016681 12.7474745796062 13.6073793610558 15.3422498083673 14.4163640094921 15.0008697616868 15.2253486579284 15.2002471839078 15.7596514620818 16.6274452782236 16.8002868564799 16.6937848881353
-9999 -9999 -9999 -9999 -9999 -9999 -9999 -9999 -9999 -9999 -9999 -9999 -9999 -9999 -9999 -9999 -9999 -9999 -9999 -9999 -9999 -9999 15.7596514620818 17.0756858857349 17.2894070073962 17.1273232037202 16.7830744171515 16.5987578793429 15.765388941858 16.0400707861409 15.9540085894987 15.5308694560081 15.2404095423408 14.5182042755187 14.4371623736806 14.1459852750413 13.5801263321191 13.77591782948 13.5872981818393 13.3226569271646 13.2753227190115 13.3542130659334 13.6812494131736 14.8280281834304 15.0238196807913 13.6834009680897 12.6348765389994 12.5100863538682 12.5086519839242 13.0859858863987 12.5990172903985 13.7465132456273 13.4252143781632 14.690328668803 14.8796655014157 15.1887722243555 15.2863093805499 15.5918301786296 16.1849421504885 13.9349996885285 -9999 -9999
-9999 -9999 -9999 -9999 -9999 -9999 -9999 -9999 -9999 -9999 -9999 -9999 -9999 -9999 -9999 -9999 -9999 -9999 -9999 -9999 -9999 15.8458186126223 17.4930875394493 17.2155369552784 17.4751579151489 17.680272817146 17.4041566029191 17.1495559378527 16.5399487116374 16.4725333242677 16.1612750464119 15.6743064504117 15.5315866409801 14.8975951257162 13.2846461236477 14.3625751365907 13.2767570889555 13.7379070259631 13.5256202742457 13.6991790374741 14.5483260443434 15.0008697616868 15.4125339356251 15.0833460334688 14.4428998534568 14.3381908475421 14.1553086796775 13.6095309159718 13.0716421869583 12.7316965102218 12.7022919263691 13.1899777073413 13.2946867132559 14.8402203279547 15.1966612590477 15.1502235321095 15.9299996439368 -9999 -9999 -9999 -9999 -9999
-9999 -9999 -9999 -9999 -9999 -9999 -9999 -9999 -9999 -9999 -9999 -9999 -9999 -9999 -9999 -9999 -9999 6.88018432352692 17.3403271404095 17.5382701926865 17.1509903077967 17.359691134654 17.638676088769 17.438581481576 17.5361186377704 17.5382701926865 17.521057753358 17.2592852385715 17.0599078163505 16.681234151125 16.3377025495283 16.0185552369803 16.4603411797434 15.9045228264295 15.5028992420994 15.1593676405028 14.2478255410679 14.7993407845497 13.9946592459455 14.9578386633657 15.60617387807 15.7101656990126 15.2002471839078 14.4895168766379 14.1581774195656 14.2026428878307 13.8490706966259 13.4495986672118 13.3592333607376 13.6998962224461 14.4701528823934 14.5103152408265 14.4499996770173 -9999 -9999 -9999 -9999 -9999 -9999 -9999 -9999 -9999
-9999 -9999 -9999 -9999 -9999 -9999 -9999 -9999 -9999 -9999 -9999 -9999 -9999 -9999 -9999 -9999 -9999 17.3804894988425 17.2693258281797 17.4658345105127 17.2592852385715 17.2255775448866 17.2513962038793 17.7505569444038 18.1091494304128 17.2592852385715 17.5224921233021 17.4084597127512 17.0147251631133 16.9745628046803 16.9387035560794 16.7694479026832 16.6948606655933 16.3850367576815 15.6556596411392 15.4505447391421 15.2325205076486 15.1873378544115 15.370220022276 15.3608966176398 15.8342386991717 15.7402874678373 15.9030884564854 14.8552812123671 14.3905453504995 13.7500991704874 13.9042939394712 13.7178258467466 13.8397472919896 15.2160252532922 15.328623293899 15.8899996448308 -9999 -9999 -9999 -9999 -9999 -9999 -9999 -9999 -9999 -9999
-9999 -9999 -9999 -9999 -9999 -9999 -9999 -9999 -9999 -9999 -9999 -9999 -9999 17.5440076724626 17.2528305738233 17.2363353194669 17.1402325332165 17.2772148628719 17.3862269786187 17.3302865508012 17.3962675682269 17.2234259899706 17.5397045626305 16.9910580590367 17.2133854003623 17.1861323714256 17.4213690422475 17.3094881866127 17.1646168222651 17.0204626428895 17.1538590476848 16.6518295672722 16.525605012197 16.4101382317021 16.0522629306652 15.8485823986121 15.5516678201966 15.8944822368212 16.204306144733 16.4897457635961 16.5148472376168 16.5019379081205 15.6743064504117 15.2812890857458 13.9014251995832 13.9473250377923 14.334604922682 14.1890163733624 14.1180150611326 14.772804940585 15.0324259004556 15.0252540507354 14.5399996750057 -9999 -9999 -9999 -9999 -9999 -9999 23.4493087320589 -9999 -9999
-9999 -9999 -9999 -9999 -9999 -9999 -9999 -9999 -9999 -9999 -9999 17.4127628225833 17.321680331137 17.1947385910898 17.2090822905302 17.2643055333756 17.2851038975641 16.9422894809395 17.2757804929279 17.240638429299 17.2112338454463 17.280800787732 17.3231147010811 16.9293801514432 17.0441297469661 16.8849146831781 17.2262947298586 17.3977019381709 17.3561052097939 16.8282570703886 16.9358348161913 16.8246711455286 16.7292855442502 16.644657717552 16.3721274281852 16.3082979656756 16.0171208670363 16.2588122026064 16.2301248037256 16.6919919257052 16.8540757293813 16.5607470758259 16.4151585265063 15.9891506531276 14.5547807090916 13.9595171823166 14.5619525588118 14.5067293159664 14.4558091829531 14.3883937955834 15.9579531068448 13.9992537121725 10.5289027122781 -9999 -9999 -9999 18.0813226534985 17.1380809783004 16.604495359119 17.7512741293758 17.8986556411255 17.7899996023625
-9999 -9999 -9999 -9999 -9999 -9999 -9999 19.9519832068453 17.0778374406509 17.0656452961266 17.3647114294581 17.0943326950073 17.2427899842151 17.3826410537586 17.4027222329751 17.4608142157085 17.4436017763801 17.44001585152 17.3008819669485 17.2592852385715 17.4134800075553 17.3087710016407 17.2607196085155 17.3310037357733 17.5791497360915 17.200476070866 16.88204594329 17.3073366316967 16.8569444692694 16.9587847352959 16.8131961859763 16.8282570703886 16.5815454400145 16.443128740415 16.4682302144356 16.1928311851807 15.9195837108418 16.0766472197138 16.4660786595196 16.6382030528039 16.8469038796611 16.8074587062001 16.5722220353782 16.2301248037256 16.0343333063647 15.6219519474544 15.5028992420994 14.7505722064525 15.3522903979756 15.0919522531331 14.9162419349886 14.929868449457 14.5017090211622 15.3501388430595 15.4103823807091 15.3630481725559 15.5896786237136 16.4467146652751 16.4416943704709 16.5191503474489 16.920773931779 17.6012677206285
-9999 -9999 -9999 -9999 -9999 17.3489333600737 17.0871608452871 17.1918698512018 17.1101107643917 16.7049012552015 17.3102053715847 17.320245961193 17.402005048003 17.4930875394493 17.4758751001209 17.5138859036379 17.5102999787778 17.4665516954847 17.401287863031 17.438581481576 17.4909359845333 17.4041566029191 17.4428845914081 17.2212744350545 17.359691134654 17.1968901460059 17.3331552906893 17.518906198442 16.922925486695 17.0520187816583 17.0089876833372 16.8045899663121 16.3298135148361 16.2136295493692 16.3047120408155 15.8600573581643 15.6915188897401 15.7488936875015 16.4797051739879 16.7163762147538 16.7013153303415 16.9437238508835 17.0276344926096 16.9537644404918 17.0692312209867 17.1258888337761 17.402005048003 16.9487441456877 15.0266884206794 15.2124393284321 14.8301797383465 15.5889614387415 15.3931699413806 15.5136570166796 15.2705313111655 15.9116946761496 16.4316537808627 16.6403546077199 16.1784874857403 16.5758079602383 16.7486495384946 16.5478377463296
-9999 -9999 -9999 -9999 -9999 17.1825464465655 17.2370525044389 17.2112338454463 17.2255775448866 17.2349009495229 17.2176885101944 17.3489333600737 17.4314096318558 17.4988250192255 17.4708548053168 17.4722891752608 17.3661457994021 17.480895394925 17.4744407301769 17.5052796839736 17.3711660942063 17.5949278054759 17.3403271404095 17.3015991519205 17.2191228801385 16.9415722959675 17.0362407122739 17.1954557760619 17.51818901347 17.4242377821356 16.7895290818997 16.2251045089215 15.8901791269891 16.0321817514487 15.8672292078845 15.7431562077254 15.9375133351423 15.8629260980524 16.326227589976 17.0183110879734 17.0262001226656 17.0627765562385 17.159596527461 17.2069307356142 17.1316263135523 17.0469984868541 17.2987304120325 17.1323434985243 17.1818292615935 16.1462141619995 15.7976622655988 15.1529129757546 15.2117221434601 14.8337656632066 15.5057679819874 15.7410046528094 15.2561876117252 15.3250373690389 15.7524796123616 15.5323038259521 16.1125064683147 15.9719382137991
-9999 -9999 -9999 -9999 -9999 17.2126682153903 17.120151354 17.0885952152312 17.1122623193078 17.2291634697467 17.281517972704 17.1933042211458 17.162465267349 17.2076479205862 17.2112338454463 17.3338724756613 17.3647114294581 17.5239264932461 17.5418561175466 17.520340568386 17.6695150425658 17.5239264932461 17.3919644583948 17.478026655037 17.3001647819765 17.1631824523211 17.0462813018821 16.9853205792606 17.3102053715847 17.1165654291399 16.5901516596787 16.2229529540055 16.2580950176343 16.1562547516078 16.2781761968508 16.4818567289039 16.5456861914136 16.7658619778231 17.0477156718262 17.0835749204271 16.8304086253047 16.8347117351368 16.8963896427304 17.0735343308188 17.199041700922 17.2937101172283 17.4149143774994 17.4328440017998 17.4120456376113 17.7053742911667 17.2972960420884 16.7837916021235 16.7178105846979 15.8263496644795 15.0058900564909 15.1450239410624 15.3824121668003 15.0560930045322 15.2934812302701 15.5609912248328 15.6370128318667 16.1949827400967
-9999 -9999 -9999 -9999 -9999 17.3431958802976 17.281517972704 17.3245490710251 17.0054017584771 16.9838862093166 17.0677968510427 17.3145084814169 17.1768089667894 17.1811120766215 17.202627625782 17.3546708398499 17.4930875394493 17.7240211004391 17.561220111791 17.2607196085155 17.2126682153903 17.1653340072371 17.6358073488809 17.082857735455 17.0168767180294 16.8633991340175 16.8045899663121 17.1079592094757 17.0857264753431 16.842600769829 16.8476210646331 16.7084871800616 16.803155596368 16.7859431570396 16.764427607879 16.8447523247451 16.5880001047626 16.9078646022826 16.9652394000441 16.7378917639144 16.445280295331 16.3563493588008 16.3470259541646 16.9559159954078 17.3467818051577 17.1703543020412 17.3804894988425 17.2069307356142 17.1395153482445 17.5246436782181 17.240638429299 16.96021910524 16.7056184401736 16.5557267810218 16.1727500059642 14.930585634429 14.8251594435424 14.9549699234776 15.1105990624055 15.0919522531331 15.3322092187591 15.6169316526502
-9999 -9999 -9999 -9999 -9999 17.2040619957261 17.1129795042798 17.1638996372931 17.3847926086746 17.2549821287394 17.559785741847 17.3367412155494 17.3267006259412 17.2664570882916 17.3238318860531 17.3926816433668 17.4450361463241 17.36184268957 17.3532364699058 17.4271065220237 17.2485274639912 17.5246436782181 17.3094881866127 17.0534531516023 16.8956724577583 16.8892177930102 16.8691366137937 16.7873775269836 16.7773369373754 16.6919919257052 16.7206793245859 16.881328758318 16.921491116751 16.4918973185122 16.4689473994076 16.880611573346 16.6202734285034 16.6238593533635 16.6561326771043 16.56218144577 16.1003143237904 16.2487716129981 16.1390423122793 16.0615863353014 17.3130741114728 17.1689199320972 17.1043732846156 17.1825464465655 17.0577562614344 17.2083651055582 17.1251716488041 16.6762138563208 15.725943768397 15.3573106927797 14.4852137668058 14.6272163912654 14.2334818416275 14.5784478131682 14.8057954492979 14.9642933281139 15.3250373690389 15.7367015429772
