EcologicalScience/Bass/data/rs_data_bass/sst_246.asc
NCOLS 226 
NROWS 124 
XLLCORNER -9.41648524995501 
YLLCORNER 47.587301625531 
CELLSIZE 0.0833 
NODATA_value -9999 
[rows 27 to 53 of 124, columns 62 to 123 of 226]
-9999 -9999 -9999 -9999 -9999 -9999 -9999 -9999 -9999 -9999 -9999 -9999 -9999 -9999 -9999 -9999 -9999 -9999 -9999 -9999 -9999 -9999 -9999 -9999 -9999 -9999 -9999 -9999 12.5299997199327 12.1405877101813 8.04202397819608 7.93014312256128 8.65019683446735 8.53186131408438 8.4450819324702 8.47233496140689 8.30881678778678 8.397030539345 8.1503189089708 8.28443249873817 8.37551499018446 8.30881678778678 8.15533920377493 8.2177342963405 8.05421612272039 8.35399944102392 8.49743643542752 8.65091401943937 8.79363382887095 9.02958768466488 9.14003417035565 9.1342966905795 9.02313301991671 9.00233465572819 8.99014251120389 9.00735495053232 8.97579881176353 9.07118441304192 9.10202336683869 9.12784202583134 9.00233465572819 8.98153629153967
-9999 -9999 -9999 -9999 -9999 -9999 -9999 -9999 -9999 -9999 -9999 -9999 -9999 -9999 -9999 -9999 -9999 -9999 -9999 -9999 -9999 -9999 -9999 -9999 -9999 -9999 -9999 -9999 -9999 -9999 9.78499978128821 8.75290796795993 8.27582627907395 7.36500136461109 7.46755881560966 8.09509566612542 8.12736898986623 8.10441907076165 8.0943784811534 8.10011596092954 8.02911464869976 8.34467603638768 8.39057587459683 8.34037292655557 8.3532822560519 8.31240271264687 8.29519027331844 8.79363382887095 8.80582597339526 9.13644824549556 9.19597459817305 9.1579637946561 9.19167148834094 9.17302467906848 9.0862452974543 9.11708425125107 9.16083253454417 9.1221045460552 9.17374186404049 9.09915462695062 9.12927639577538 9.10560929169878
-9999 -9999 -9999 -9999 -9999 -9999 -9999 -9999 -9999 -9999 -9999 -9999 -9999 -9999 -9999 -9999 -9999 -9999 -9999 -9999 -9999 -9999 -9999 -9999 -9999 -9999 -9999 -9999 -9999 -9999 -9999 12.5349997198209 7.67912838235497 7.39010283863172 7.67195653263479 7.54931790241972 7.90289009362459 7.85842462535948 8.04130679322407 8.00257880473509 8.08362070657313 8.48524429090321 8.6681264587678 8.56772056268528 8.53975034877658 8.5325784990564 8.62724691536278 8.85100862663239 8.85244299657643 9.06114382343367 9.09772025700659 9.15581223974004 9.15509505476803 8.93563645333052 8.96217229729518 9.19095430336893 9.24115725141019 9.24115725141019 9.19597459817305 9.19238867331296 9.16728719929233 9.19740896811709
-9999 -9999 -9999 -9999 -9999 -9999 -9999 -9999 -9999 -9999 -9999 -9999 -9999 -9999 -9999 -9999 -9999 -9999 -9999 -9999 -9999 -9999 -9999 -9999 -9999 -9999 -9999 -9999 -9999 -9999 -9999 10.3953086831793 7.60597551520914 6.94831689586863 8.04608802637085 7.39512313343585 7.71498763095587 8.01333657931536 8.06497389730066 8.00257880473509 8.15247046388686 8.04202397819608 8.24929043510929 8.57417522743344 8.60357981128618 8.74343088082969 8.67960141832009 8.84096803702414 8.94854578282684 9.00090028578416 9.09126559225842 9.2296822918579 9.1780449738726 9.15294349985197 9.17087312415242 9.21533859241754 9.18880274845287 9.08050781767815 9.16226690448821 9.24617754621431 9.23972288146615 9.24402599129826
-9999 -9999 -9999 -9999 -9999 -9999 -9999 -9999 -9999 -9999 -9999 -9999 -9999 -9999 -9999 -9999 -9999 -9999 -9999 -9999 -9999 -9999 -9999 -9999 -9999 -9999 -9999 -9999 -9999 -9999 -9999 11.624999740161 8.74841133202426 7.12450533732772 7.98727885866538 8.37360249692574 8.31551051419228 8.29949338315055 8.65234838938341 8.45727407699451 8.10370188578963 7.91077912831679 7.91651660809293 8.64374216971919 8.70470289234072 8.51106294989586 8.67601549346 9.10704366164282 9.0862452974543 9.0145268002525 9.11206395644695 9.10489210672677 9.10345773678273 9.0941343321465 9.08767966739833 9.18306526867673 9.05755789857358 8.95571763254702 8.98225347651169 9.09772025700659 9.22537918202579 9.2576525057666
-9999 -9999 -9999 -9999 -9999 -9999 -9999 -9999 -9999 -9999 -9999 -9999 -9999 -9999 -9999 -9999 -9999 -9999 -9999 -9999 -9999 -9999 -9999 -9999 -9999 -9999 -9999 -9999 -9999 -9999 -9999 -9999 9.12715899252466 7.55505538219586 7.22228155517951 7.454410424456 7.5395163744688 7.71379232266918 7.88280891440809 8.62509536044672 8.10298470081761 8.90479749953374 8.90981779433787 8.93922237819061 8.9349192683585 9.00448621064425 8.90408031456172 9.15150912990794 9.08122500265017 9.17589341895655 9.10274055181071 9.07907344773412 9.0941343321465 9.04106264421716 8.99014251120389 9.08050781767815 9.08337655756623 9.11780143622309 9.11851862119511 9.15652942471206 9.15509505476803 9.20386363286525
-9999 -9999 -9999 -9999 -9999 -9999 -9999 -9999 -9999 -9999 -9999 -9999 -9999 -9999 -9999 -9999 -9999 -9999 -9999 -9999 -9999 -9999 -9999 -9999 -9999 -9999 -9999 -9999 -9999 -9999 -9999 -9999 11.3031363052051 8.35983937579606 8.48835209244862 7.71092358278111 7.59163181576878 7.51130709890276 7.57728811632842 7.8634449201636 8.3812524699606 8.87611010065302 8.77713857451454 8.75634021032602 8.99803154589608 9.07907344773412 9.08911403734237 9.13788261543959 9.07261878298596 9.08839685237035 9.15079194493592 9.08481092751026 9.11708425125107 9.09341714717448 9.07118441304192 9.10919521655887 9.17589341895655 9.13142795069143 9.34801781224087 9.1579637946561 9.18808556348085 9.27127902023494
-9999 -9999 -9999 -9999 -9999 -9999 -9999 -9999 -9999 -9999 -9999 -9999 -9999 -9999 -9999 -9999 -9999 -9999 -9999 -9999 -9999 -9999 -9999 -9999 -9999 -9999 -9999 -9999 -9999 -9999 -9999 -9999 -9999 8.54336443434963 7.87826674291864 7.3255561911501 7.61529891984537 7.70494704134762 8.13621427118778 7.76519057899714 8.76996672479436 9.01596117019653 8.74056214094162 8.53401286900043 8.73697621608153 8.93993956316262 9.00090028578416 9.01524398522452 9.0625781933777 9.12425610097125 9.1701559391804 9.17517623398453 9.08911403734237 9.03891108930111 9.03675953438506 9.03962827427313 9.07979063270614 9.1500747599639 9.09126559225842 9.21605577738956 9.24330880632624 9.12927639577538
-9999 -9999 -9999 -9999 -9999 -9999 -9999 13.9264341336074 10.9152876483993 11.6173013998554 11.1627348531038 8.50792747560808 23.4789978780068 8.35464324319475 8.41999981179833 -9999 -9999 -9999 -9999 -9999 -9999 -9999 -9999 -9999 -9999 -9999 -9999 -9999 -9999 -9999 -9999 -9999 -9999 11.0899997521192 8.10861972559776 8.28562780702487 8.53592536225915 7.4847712549381 7.42452771728858 7.90862757340074 8.94998015277088 8.40993986884132 8.96145511232316 8.67744986340404 8.74343088082969 8.72550125652924 8.88256476540118 8.91268653422594 8.96145511232316 9.08337655756623 9.09269996220246 9.18234808370471 9.2060151877813 9.20529800280929 9.22394481208175 9.23828851152211 9.11278114141896 9.05110323382542 9.10130618186668 9.09556870209053 9.10991240153089 9.19812615308911
-9999 -9999 -9999 -9999 15.1949996603653 11.1520069612307 12.1281853562687 11.8756167152897 10.4101687557995 10.775454968214 14.2132412879728 10.5651156943882 -9999 -9999 -9999 -9999 -9999 -9999 -9999 -9999 -9999 -9999 -9999 -9999 -9999 -9999 -9999 -9999 -9999 -9999 -9999 -9999 -9999 -9999 7.88615577761084 8.20362965855747 8.18546097259969 7.37217321433127 8.44460380915552 9.07477033790201 9.00018310081214 9.20816674269736 9.06472974829376 8.82375559769571 8.72334970161319 8.74271369585767 8.66310616396368 8.82447278266773 8.88901943014935 8.99229406611994 9.08911403734237 9.34443188738078 9.26410717051476 9.1780449738726 9.22322762710974 9.15150912990794 8.89332253998145 9.02887049969286 8.98583940137178 9.00376902567223 9.02887049969286 9.03747671935707
11.0191783278715 11.3636661760975 11.1937829858507 10.7525154430946 11.0294579791371 9.59257788769901 9.70661029824987 10.2240592555609 10.7450941377319 13.3375558665833 -9999 -9999 -9999 -9999 -9999 -9999 -9999 -9999 -9999 -9999 -9999 -9999 -9999 -9999 -9999 -9999 -9999 -9999 -9999 -9999 -9999 -9999 -9999 -9999 10.5449997643009 8.05206456780434 8.46014281688258 8.58732361858711 7.81061229389161 7.58756776759401 9.1299935807474 9.23255103174597 9.18019652878866 8.78717916412279 8.1503189089708 8.71402629697695 8.84885707171634 8.75992613518611 8.87467573070899 8.96504103718325 9.6442152056843 9.31502730352804 9.20027770800516 9.13357950560749 9.00376902567223 8.91268653422594 8.79076508898288 8.92057556891814 8.90551468450576 8.8553117364645 8.80654315836728 8.61720632575452
9.50651569105685 9.52301094541326 9.51028091215994 10.4517654841766 9.19059571088292 10.1347697265446 9.98344369744882 10.5770337926224 10.9322794154286 16.2699996363372 -9999 -9999 -9999 -9999 -9999 -9999 -9999 -9999 -9999 -9999 -9999 -9999 -9999 -9999 -9999 -9999 -9999 -9999 -9999 -9999 -9999 -9999 -9999 -9999 -9999 8.97417570893212 8.29447308834642 8.37049469538033 8.3253120421432 8.92487867875025 7.64733318192884 9.2375713265501 8.32626828877255 8.31790113076568 8.68031860329211 8.68820763798431 8.77283546468243 9.29781486419961 8.71044037211686 9.02026428002864 8.91483808914199 8.98512221639976 8.98440503142774 8.70183415245265 8.74845117563382 8.77642138954252 8.94854578282684 8.85387736652046 8.82303841272369 8.74629962071776 8.70039978250861 8.8036744184792
9.11875768285245 8.63513595005497 8.82016967283562 9.29781486419961 9.47567673726007 9.85004729265347 10.4001281661913 10.6848506000824 7.37975649222853 -9999 -9999 -9999 -9999 -9999 -9999 -9999 -9999 -9999 -9999 -9999 -9999 -9999 -9999 -9999 -9999 -9999 -9999 -9999 -9999 -9999 -9999 -9999 -9999 -9999 -9999 -9999 9.03617895607437 8.29006752351831 8.60095013305545 8.62150943558663 8.80821658996865 8.16394542343915 7.66693623783067 7.88902451749891 8.91985838394612 8.92989897355437 8.6042969962582 8.50819421000779 8.37766654510051 8.45655689202249 8.62222662055865 8.84025085205212 8.59999388642609 8.24283577036113 8.45440533710644 8.47376933135092 8.72119814669713 8.85387736652046 8.71546066692099 8.74414806580171 8.52899257419631 8.58134707715362
8.88973661512136 8.875392915681 9.07979063270614 9.34658344229683 9.58970914781094 10.0099795414135 10.5399792357348 8.87706634728238 12.7897884929553 -9999 -9999 -9999 -9999 -9999 -9999 -9999 -9999 -9999 -9999 -9999 -9999 -9999 -9999 -9999 -9999 -9999 -9999 -9999 -9999 -9999 -9999 -9999 -9999 -9999 -9999 -9999 -9999 -9999 -9999 -9999 10.4731605462618 9.13106935820542 8.79291664389893 8.06114891078323 8.19478437723592 8.09366129618138 8.24713888019323 8.3016449380666 8.10298470081761 8.12521743495017 8.11804558522999 8.02983183367178 8.03843805333599 8.13167209969833 8.3453932213597 8.51178013486788 8.56485182279721 8.54118471872061 8.40563675900921 8.44077882263809 8.47878962615505 8.56270026788116
8.90479749953374 8.91340371919796 9.02887049969286 9.05468915868551 9.83821374061517 10.1699117901735 10.4124099588371 9.48472430152245 15.9299996439368 -9999 -9999 -9999 -9999 -9999 -9999 -9999 -9999 -9999 -9999 -9999 -9999 -9999 -9999 -9999 -9999 -9999 -9999 -9999 -9999 -9999 -9999 -9999 -9999 -9999 -9999 -9999 -9999 -9999 -9999 -9999 -9999 -9999 -9999 11.3500172495987 8.64302498474717 7.98751792032272 7.94018371216953 7.98751792032272 8.0068819145672 7.97389140585437 8.01979124406353 8.06497389730066 8.22060303622857 8.32889796700329 8.26506850449368 8.44293037755415 8.40850549889728 8.32316048722714 8.16824853327125 8.05780204758048 8.1302377297543 8.19693593215197
8.81586656300351 8.835230557248 8.90264594461769 8.96551916049793 10.0501418998465 9.4795017237775 10.0953245530836 9.82303332537413 10.1849726745859 11.3566281959549 11.3099997472018 -9999 -9999 -9999 -9999 16.1899624452926 -9999 -9999 -9999 -9999 -9999 -9999 -9999 -9999 -9999 -9999 -9999 -9999 -9999 -9999 -9999 -9999 -9999 -9999 -9999 -9999 -9999 -9999 -9999 -9999 -9999 -9999 -9999 -9999 7.48031636671478 9.00922760018148 8.20028279535472 8.14434236753732 8.00329598970711 7.93229467747733 8.12952054478228 8.19263282231987 8.25000762008131 8.26650287443772 8.25215917499736 8.29303871840239 8.15103609394282 8.17685475293547 8.21343118650839 8.29303871840239 8.21127963159233 8.23494673566893
9.3014007890597 9.27809227746911 8.84527114685625 9.72812584741041 9.62664417386986 9.9748374777846 9.90778068290092 9.77223272318952 9.9188970499672 10.5155949466862 15.8449996458367 -9999 -9999 -9999 -9999 -9999 -9999 -9999 -9999 -9999 -9999 -9999 -9999 -9999 -9999 -9999 -9999 -9999 -9999 -9999 -9999 -9999 -9999 -9999 -9999 -9999 -9999 -9999 -9999 -9999 -9999 -9999 -9999 -9999 -9999 11.8069783778974 8.23064362583682 8.15677357371897 8.06999419210479 8.02983183367178 8.13669239450246 8.15103609394282 8.14314705925062 8.19263282231987 8.12306588003412 8.06425671232864 8.1503189089708 11.3102358956821 8.1940671922639 8.2019562269561 8.21056244662032 8.3453932213597
9.24223302886821 9.22502058953978 9.01022369042039 9.04177982918918 9.06472974829376 9.11995299113914 9.20242926292121 9.21677296236157 9.78012175788172 9.82243567123078 10.563407278154 16.5764436469181 13.8995213219759 -9999 7.30763612931594 -9999 21.5532635286802 13.022646208748 -9999 -9999 -9999 -9999 -9999 -9999 -9999 -9999 -9999 -9999 -9999 -9999 -9999 -9999 -9999 -9999 -9999 -9999 -9999 -9999 -9999 -9999 -9999 -9999 -9999 -9999 -9999 8.8399998024106 9.0699997972697 8.2074546450749 9.01775413262658 8.9613355814945 8.43241166463122 7.97532577579841 8.06067078746855 8.04130679322407 8.11804558522999 8.10370188578963 8.27152316924185 8.26435131952167 8.23638110561296 8.15462201880291 8.20267341192812 8.24211858538911
9.17983793630265 9.28203679481521 9.14362009521574 9.05325478874147 9.03389079449698 9.21318703750148 9.13501387555152 9.46133303781971 9.60692158713937 9.98487806739286 10.2344584376551 13.7494882351408 14.359999679029 9.49217199161649 11.2877824892505 11.4742505819752 11.9202649954104 8.18901789365576 -9999 -9999 -9999 -9999 -9999 -9999 -9999 -9999 -9999 -9999 -9999 -9999 -9999 -9999 -9999 -9999 -9999 -9999 -9999 -9999 -9999 -9999 -9999 -9999 -9999 -9999 -9999 -9999 -9999 -9999 9.23458305583335 9.18294573784806 8.85602892143652 8.5246894643642 8.27582627907395 8.35758536588401 8.32316048722714 8.29949338315055 8.25861383974552 8.29662464326248 8.23351236572489 8.14027831936255 8.35041351616383 8.38196965493262
8.92989897355437 9.17553482647054 8.92200993886217 8.80224004853517 9.01524398522452 9.12784202583134 9.47029784996994 9.40395824005827 9.92965482454747 10.150547795929 10.2344584376551 10.0451216050424 10.4101687557995 11.0807367046364 11.0692617450841 10.7548037188916 16.2699996363372 8.87058317059343 -9999 -9999 -9999 -9999 -9999 -9999 -9999 -9999 -9999 -9999 -9999 -9999 -9999 -9999 -9999 -9999 -9999 -9999 -9999 -9999 -9999 -9999 -9999 -9999 -9999 -9999 -9999 -9999 -9999 -9999 9.42188786435872 8.93850519321859 8.59497359162197 8.61146884597838 8.61577195581049 8.36045410577208 8.39201024454087 8.10155033087358 8.39774772431701 8.10155033087358 8.12091432511806 8.41424297867343 8.64589372463524 8.37623217515647
9.1461302426178 9.37025054637343 8.81084626819938 8.77283546468243 9.13214513566345 9.21282844501548 9.32255774573423 9.50006102630869 9.51512191072106 9.98200932750478 10.2523880619556 10.1426587612368 9.99491865700111 10.5901821837761 9.01926022106782 12.7618695065446 14.4871133378128 19.7249995591119 -9999 -9999 -9999 -9999 -9999 -9999 -9999 -9999 -9999 -9999 -9999 -9999 -9999 -9999 -9999 -9999 -9999 -9999 -9999 -9999 -9999 -9999 -9999 -9999 -9999 -9999 -9999 -9999 -9999 -9999 9.23685414157808 8.78407136257738 8.57202367251739 8.59497359162197 8.30523086292669 8.24355295533314 7.8634449201636 7.92010253295302 7.93086030753329 8.50030517531559 8.35973692080006 8.55337686324492 8.37049469538033 8.41424297867343
9.18127230624668 9.40850041154772 9.37933488935232 8.83307900233194 8.89977720472962 8.81371500808746 8.94424267299473 9.0582750835456 9.16728719929233 10.4230780852959 10.2502365070395 10.4101687557995 10.6970427446067 10.7271645134315 14.4606143222656 6.69999985024333 -9999 -9999 -9999 -9999 -9999 -9999 -9999 -9999 -9999 -9999 -9999 -9999 -9999 -9999 -9999 -9999 -9999 -9999 -9999 -9999 -9999 -9999 -9999 -9999 -9999 -9999 -9999 -9999 -9999 -9999 -9999 -9999 10.3086594982216 9.40754416491836 8.77929012943059 8.45081941224635 8.41782890353352 8.35758536588401 8.277619241504 7.78957486804575 8.38340402487665 8.4687490365468 8.76422924501821 8.46157718682662 8.56485182279721 8.46014281688258
9.04177982918918 8.73769340105355 8.7993713086471 8.90479749953374 8.90981779433787 8.85387736652046 8.89619127986953 8.92559586372226 9.30498671391979 9.2296822918579 11.1201818780974 11.2872859765776 11.6028473642655 12.0374614573084 13.6360667599365 -9999 -9999 -9999 -9999 -9999 -9999 -9999 -9999 -9999 -9999 -9999 -9999 -9999 -9999 -9999 -9999 -9999 -9999 -9999 -9999 -9999 -9999 -9999 -9999 -9999 -9999 -9999 -9999 -9999 -9999 -9999 -9999 -9999 -9999 12.0275233226961 8.25980914803222 8.7954985097982 8.59698170954362 8.54261908866465 8.11015655053779 8.04560990305617 8.37623217515647 8.41496016364545 8.57130648754537 8.61003447603434 8.5763267823495 8.53473005397245
8.89977720472962 8.73052155133337 8.86176640121266 8.98153629153967 8.87754447059706 8.96862696204334 8.86965543590486 8.98153629153967 9.10489210672677 9.33008818794042 11.1560411266983 11.3252967800945 11.8101138211787 12.2927793073468 12.3298167884017 14.7949256145657 -9999 -9999 -9999 -9999 -9999 -9999 -9999 -9999 -9999 -9999 -9999 -9999 -9999 -9999 -9999 -9999 -9999 -9999 -9999 -9999 -9999 -9999 -9999 -9999 -9999 -9999 -9999 -9999 -9999 -9999 5.2908830421574 3.11066011060029 2.46499994490296 -9999 11.5949583295733 9.5167355769081 8.78072449937463 8.72741374978796 8.88256476540118 8.77785575948656 8.72908718138933 8.55122530832887 8.53186131408438 8.77426983462647 8.74916836060584 9.0145268002525
8.87754447059706 9.02528457483277 9.05970945348963 9.07907344773412 8.95858637243509 9.0424970141612 9.05970945348963 9.23326821671799 9.20888392766938 10.6547288312577 11.064958635252 11.3174077454023 11.6143223238178 11.8502761796117 13.6422900746937 -9999 -9999 -9999 -9999 -9999 -9999 -9999 -9999 -9999 -9999 -9999 -9999 -9999 -9999 -9999 -9999 -9999 -9999 -9999 -9999 -9999 -9999 -9999 -9999 -9999 -9999 -9999 -9999 -9999 -9999 -9999 -9999 -9999 9.27414776012301 12.3223631874425 10.9824823634699 11.6181323689816 11.0807367046364 9.90240179561079 9.10991240153089 8.91985838394612 9.09628588706255 8.90766623942181 8.79650256875902 8.77713857451454 8.90981779433787 8.98297066148371
9.05468915868551 9.06186100840569 9.04680012399331 9.08265937259421 9.51368754077703 9.56221705721691 9.82853174349293 9.25980406068265 9.32219915324822 9.24689473118633 10.1369212814607 11.1302224677056 11.1036866237409 11.662373716943 -9999 -9999 -9999 -9999 -9999 -9999 -9999 -9999 -9999 -9999 -9999 -9999 -9999 -9999 -9999 -9999 -9999 -9999 -9999 -9999 -9999 -9999 -9999 -9999 -9999 -9999 -9999 -9999 -9999 -9999 -9999 -9999 -9999 -9999 -9999 -9999 14.0601775633892 11.6423949927225 10.5264551762625 9.36410324661327 9.83642077818513 9.14003417035565 9.06975004309788 8.96217229729518 8.38483839482069 9.16441845940426 9.19956052303314 9.44125185860321
9.55050303600729 9.54022338474169 9.55145928263664 9.13859980041161 9.75561793800443 9.32219915324822 9.85076447762549 10.3417971218005 9.96479688817635 9.55671863909811 9.83570359321311 10.1526993508451 10.9301278605126 11.064958635252 7.1213483172058 -9999 -9999 -9999 -9999 -9999 -9999 -9999 -9999 -9999 -9999 -9999 -9999 -9999 -9999 -9999 -9999 -9999 -9999 -9999 -9999 -9999 -9999 -9999 -9999 -9999 -9999 -9999 -9999 -9999 -9999 -9999 -9999 -9999 -9999 -9999 -9999 -9999 11.7349997377023 11.3416485974565 11.013560378924 10.7694784267806 10.9602496293373 10.3128706612624 10.0085451714694 9.34873499721289 9.67792289936915 9.69800407858565
