EcologicalScience/Bass/data/rs_data_bass/sst_150.asc
NCOLS 226 
NROWS 124 
XLLCORNER -9.41648524995501 
YLLCORNER 47.587301625531 
CELLSIZE 0.0833 
NODATA_value -9999 
[rows 54 to 80 of 124, columns 124 to 185 of 226]
7.21869563031942 7.54644916253164 7.60740988515317 7.67123934766278 7.71570481592789 7.86416210513562 7.84121218603104 7.91651660809293 8.02911464869976 8.02481153886765 7.79602953279391 7.96169926133007 8.01405376428738 7.96528518619016 7.9789117006585 8.05636767763644 7.98249762551859 7.94448682200164 7.99038666021079 8.0068819145672 8.00114443479106 8.04632708802819 8.00329598970711 7.85053559066728 8.06497389730066 8.01907405909151 8.08218633662909 8.11230810545385 8.14099550433457 8.13095491472632 8.24283577036113 8.05995360249653 8.09509566612542 8.09222692623734 8.11589403031394 7.8555558854714 7.83977781608701 8.04776145797223 7.97604296077043 7.52995390817523 8.32244330225512 8.50424969266169 7.90791038842872 8.43217260297388 8.19908748706803 8.1503189089708 8.10011596092954 8.15175327891484 8.49887080537155 8.81443219305947 8.92774741863832 8.97508162679151 9.44567952416837 9.02528457483277 9.99993895180523 10.0852839634754 9.09485151711851 8.80080567859113 11.0909427984689 9.50006102630869 9.24474317627028 13.6292687331006
6.94473097100854 7.6762596424669 8.24498732527718 7.46971037052572 7.5820693494752 7.55386007390916 7.52230393514037 8.15749075869098 8.01620531920344 8.10011596092954 7.71140170609578 7.62749106436968 7.87061676988378 7.93731497228146 7.92870875261724 8.09581285109743 7.99397258507088 8.08792381640524 7.90217290865257 7.78455457324162 8.05278175277635 8.04489271808416 8.09724722104147 8.00759909953922 8.06067078746855 7.96887111105025 7.75873591424897 7.85268714558333 8.08505507651716 8.28658405365422 8.58995329681784 7.92512282775715 8.23996703047305 8.16968290321529 8.21486555645242 8.10298470081761 8.02624590881169 7.89571824390441 8.08505507651716 8.09222692623734 7.75012969458476 7.96743674110621 8.16824853327125 8.74988554557785 8.45153659721836 8.55194249330088 8.44795067235827 8.58062989218161 8.88686787523329 9.79697560472414 8.93527786084451 9.96862187469378 10.1225775820203 10.309762859717 10.4596545188688 8.12019714014605 17.6896418534743 17.5718636021186 -9999 -9999 -9999 -9999
7.06593523127958 7.61027862504125 6.99278236413375 7.03151035262272 6.9870448843576 6.94975126581267 7.51991331856698 7.45644244854338 7.29453794111032 7.52278205845505 7.4902696730569 7.54501479258761 7.38006224902347 7.36284980969504 7.59521774062887 7.34492018539459 7.76017028419301 7.32985930098221 7.34850611025468 7.49481184454635 7.74224065989256 7.08386485558003 7.46253852080554 7.99038666021079 7.67410808755085 7.68486586213112 7.34994048019871 8.26004820968956 8.10011596092954 8.2299264408648 8.24857325013727 8.3733634352684 8.53473005397245 8.30092775309458 8.27152316924185 8.45583970705047 8.50245673023164 8.15749075869098 7.71140170609578 8.34969633119181 7.76519057899714 7.91149631328881 8.63513595005497 8.71044037211686 8.71689503686503 8.77426983462647 8.67529830848798 12.123792598315 12.7094425929799 9.29661955591291 9.18485823110677 10.1971648191102 10.4886287917383 10.3803338609636 13.9975269040093 -9999 -9999 -9999 -9999 -9999 -9999 -9999
7.25527206389233 7.35639514494687 7.2100894106552 7.46397289074957 7.04011657228693 7.07023834111169 7.30099260585848 7.31031601049472 7.36016036604997 7.4847712549381 7.30021565547213 7.29256568243727 7.52254299679771 7.26889857836068 7.40372935310006 7.63968320889398 7.35639514494687 7.40229498315603 7.34707174031064 7.58159122616053 7.63179417420179 7.83332315133885 8.01907405909151 7.94592119194567 8.00975065445527 7.83475752128288 8.20410778187215 8.31240271264687 8.39918209426105 8.39380320697092 8.37838373007253 8.51034576492384 8.28263953630812 8.68605608306825 8.61075166100636 8.61146884597838 8.70757163222879 8.77140109473839 8.81514937803149 8.80726034333929 8.95284889265895 8.91268653422594 8.97508162679151 9.08265937259421 9.07979063270614 8.69968259753659 9.03532516444102 10.6636351064025 9.2497634710744 9.88734091119841 9.88016906147823 9.70661029824987 9.62843713629991 12.0841028627806 17.6699996050447 -9999 -9999 -9999 -9999 -9999 -9999 -9999
7.08027893071994 7.0150150982663 5.62511062249541 7.42022460745648 7.31067460298073 7.31910152640194 6.85101880133152 7.41400900436565 7.39870905829594 7.44747763639316 6.92034668195993 7.42787458049133 7.31981871137396 7.35998106980696 7.34420300042257 7.31910152640194 7.41448712768033 7.47473066532984 7.48979154974222 7.60740988515317 7.50413524918258 8.08362070657313 8.20267341192812 8.20625933678821 8.26506850449368 8.27582627907395 8.38985868962482 8.4529709671624 6.96983244502917 6.81492049107328 8.52970975916833 8.38698994973674 8.55839715804905 8.75920895021409 8.63800468994305 8.62724691536278 8.86391795612872 8.83666492719203 8.7993713086471 8.92918178858235 8.90981779433787 8.92989897355437 8.93993956316262 8.98010192159563 8.93993956316262 9.28992582950741 10.7551347273402 9.45487837307155 9.69226659880951 9.37527084117755 9.85937069728971 9.66716512478888 9.14505446515977 12.9934492836514 15.2549996590242 -9999 -9999 -9999 -9999 -9999 -9999 -9999
10.0231757448986 7.53802223911043 7.42847223463468 7.54842142120469 7.48453219328076 7.56700846506283 7.06473992299289 7.49098685802892 7.47305723372847 7.48142439173535 7.42452771728858 7.281807907857 7.32483900617808 7.34994048019871 7.35998106980696 7.43026519706473 7.39082002360374 7.44030578667298 7.55864130705595 7.64542068867013 7.6999267465435 7.92512282775715 8.01620531920344 8.19980467204005 8.32029174733907 8.37766654510051 8.46516311168671 8.42643512319773 8.22132022120059 8.66525771887973 8.29519027331844 5.86034729331732 8.72550125652924 8.83738211216405 8.75634021032602 8.87897884054109 8.80869471328333 8.79721975373104 8.96002074237913 8.92272712383419 8.90479749953374 8.78502760920674 8.94495985796675 8.83236181735992 8.98751283297315 14.9827373411897 12.4381874833877 9.5803857431747 9.2497634710744 9.1023819593247 9.83068329840899 9.54811241943389 9.3494521821849 9.35590684693307 17.1149996174499 -9999 23.7447889405303 -9999 -9999 -9999 -9999 -9999
-9999 -9999 -9999 -9999 -9999 10.4046853652372 7.46827600058168 7.53856012783945 7.53162733977661 7.0150150982663 7.47712128190324 7.19215978635475 7.37002165941522 7.35854669986293 7.38723409874365 7.47186192544177 7.43528549186885 7.54142886772752 7.63609728403389 7.67267371760681 7.81037323223427 7.83475752128288 8.07358011696488 8.24929043510929 8.39129305956885 8.58493300201371 8.4967192504555 8.58995329681784 8.58995329681784 8.8273415225558 8.62868128530681 8.74486525077373 8.20123904198408 8.81012908322737 8.73482466116548 8.93133334349841 8.91483808914199 8.78215886931866 8.80152286356315 8.83666492719203 8.26004820968956 8.79578538378701 8.67027801368386 8.87611010065302 8.12378306500614 16.3987197342206 -9999 18.1041316155319 18.9412299114745 16.2599996365607 9.4527268181555 9.31287574861199 9.45918148290366 9.42977689905092 5.37499987985939 5.37499987985939 -9999 -9999 -9999 -9999 -9999 -9999
-9999 -9999 -9999 -9999 -9999 -9999 -9999 9.72257388150319 9.54343166140218 7.54334136098623 7.27642902056687 7.26387828355655 7.31192967668176 7.45034637628123 7.43743704678491 7.48333688499406 7.41448712768033 7.45966978091747 7.62749106436968 7.68199712224305 8.07214574702084 8.29160434845835 8.31598863750696 8.47878962615505 8.53975034877658 8.4888302157633 8.57991270720959 8.59784233151004 8.65880305413157 8.71904659178108 8.7398449559696 8.71617785189301 8.66525771887973 8.72334970161319 8.82016967283562 8.35364084853791 8.83236181735992 8.89762564981356 8.93635363830253 8.90121157467365 8.80080567859113 8.83236181735992 8.76638079993427 8.69681385764852 11.4120761617087 16.8099996242672 -9999 -9999 -9999 -9999 -9999 -9999 -9999 -9999 -9999 -9999 -9999 -9999 -9999 -9999 -9999 -9999
-9999 -9999 -9999 -9999 -9999 -9999 -9999 -9999 15.2699996586889 10.887685894873 7.33989989059046 7.33272804087028 7.2459486592561 7.35424359003082 7.45823541097343 7.21152378059924 7.4689931855537 7.58517715102062 7.87491987971589 7.85699025541544 8.16681416332722 8.4450819324702 8.37479780521244 8.64374216971919 8.66740927379578 8.73912777099758 8.3812524699606 8.67027801368386 8.75275428546593 8.71546066692099 8.72119814669713 8.77642138954252 8.7197637767531 8.76494642999023 8.77498701959848 8.81443219305947 8.80224004853517 8.8710898058489 8.82375559769571 8.81730093294755 8.84025085205212 8.8115634531714 8.69251074781641 9.12832014914602 13.155261373106 -9999 -9999 -9999 -9999 -9999 -9999 -9999 -9999 -9999 -9999 -9999 -9999 -9999 -9999 -9999 -9999 -9999
-9999 -9999 -9999 -9999 -9999 -9999 -9999 -9999 -9999 14.5849996739998 7.2617267286405 7.23590806964785 7.31838434142992 7.37791069410741 7.22443311009556 7.33989989059046 7.47831659018993 7.51632739370689 7.74080628994852 8.37981810001656 8.33033233694732 8.27224035421386 8.437192897778 8.516800429672 8.69107637787238 8.66669208882377 8.67960141832009 8.80080567859113 8.74056214094162 8.53042694414034 8.49134036316536 8.71904659178108 8.76279487507418 8.72048096172512 8.77426983462647 8.79865412367508 8.63872187491506 8.72191533166915 8.835230557248 8.67960141832009 8.70183415245265 9.00520339561626 8.91268653422594 9.90419475804083 14.616666745084 -9999 -9999 -9999 -9999 -9999 -9999 -9999 -9999 -9999 -9999 -9999 -9999 -9999 -9999 -9999 -9999 -9999
-9999 -9999 -9999 -9999 -9999 -9999 -9999 -9999 -9999 14.4399996772408 7.2538376939483 7.23519088467583 7.30404064198956 7.40444653807208 7.36715291952714 7.29435864486732 7.39010283863172 7.63466291408986 7.51489302376285 7.48548843991011 7.75873591424897 8.31598863750696 7.95596178155392 8.40563675900921 8.72550125652924 8.75275428546593 8.77068390976638 8.7118747420609 8.72980436636135 8.69251074781641 8.74343088082969 8.74558243574575 8.76207769010216 8.75060273054987 8.73554184613749 8.44006163766608 8.835230557248 8.79363382887095 8.78646197915077 8.83594774222001 8.77929012943059 8.85818047635257 9.03747671935707 10.1372798739467 16.1835031810749 -9999 17.1202007675893 23.8899994660169 -9999 -9999 -9999 -9999 -9999 -9999 -9999 -9999 -9999 -9999 -9999 -9999 -9999 -9999
-9999 -9999 -9999 -9999 -9999 -9999 -9999 -9999 -9999 9.22326638547011 7.25527206389233 7.30093284044415 7.24570959759876 7.39010283863172 7.33487959578633 7.4051637230441 8.16155480686575 7.12761313887313 7.44006672501564 8.43002104805782 8.09222692623734 8.20697652176023 8.5325784990564 8.79435101384297 8.78431042423472 8.84025085205212 8.76494642999023 8.71474348194897 8.7276528114453 8.70972318714485 8.76494642999023 8.63370158011094 8.73697621608153 8.76136050513014 8.76638079993427 8.71617785189301 8.80941189825535 8.75490584038198 8.73482466116548 8.77498701959848 8.81012908322737 8.77283546468243 8.82518996763974 9.1993214613758 15.9949996424839 -9999 -9999 -9999 -9999 -9999 -9999 -9999 -9999 -9999 -9999 -9999 -9999 -9999 -9999 -9999 -9999 -9999
-9999 -9999 -9999 -9999 -9999 -9999 -9999 -9999 -9999 7.63726270961342 7.52403713215608 7.56115145445801 7.70557457819814 7.3097781217657 7.24702443671413 7.15916927764192 7.35962247732095 10.1567633990198 7.61601610481739 7.56509597180411 7.97317422088236 8.70972318714485 8.71474348194897 8.51034576492384 8.62079225061461 8.54979093838483 8.62796410033479 8.69537948770449 8.6681264587678 8.68533889809623 8.49385051056743 8.74845117563382 8.78789634909481 8.71689503686503 8.81371500808746 8.74988554557785 8.82303841272369 8.66095460904762 8.63155002519488 8.53544723894447 8.59210485173389 8.86965543590486 9.84789573773742 14.8751595323332 -9999 -9999 -9999 -9999 -9999 -9999 -9999 -9999 -9999 -9999 -9999 -9999 -9999 -9999 -9999 -9999 -9999 -9999
-9999 -9999 -9999 -9999 -9999 -9999 -9999 -9999 11.3325818695471 7.81234549090732 7.67769401241094 7.70530563383363 7.83848688313738 7.93157749250531 7.51489302376285 7.3413342605345 7.40444653807208 8.48667866084725 8.27008879929781 8.58780174190179 8.74988554557785 8.73769340105355 8.73697621608153 8.54261908866465 8.61648914078251 8.72406688658521 8.65521712927148 8.755623025354 8.65019683446735 8.59497359162197 8.58206426212564 8.72980436636135 8.68031860329211 8.46229437179863 8.55337686324492 8.55552841816097 8.53401286900043 8.54979093838483 8.56270026788116 8.58493300201371 8.84096803702414 9.21007923595607 12.9012712093425 -9999 -9999 -9999 -9999 -9999 -9999 -9999 -9999 -9999 -9999 -9999 -9999 -9999 -9999 -9999 -9999 -9999 -9999 -9999
-9999 -9999 -9999 -9999 -9999 -9999 -9999 -9999 12.9871046196204 6.56964323064312 6.14506972720847 7.77092805877328 7.28109072288498 8.05493330769241 8.15103609394282 8.3253120421432 8.317423007451 8.79757834621705 9.49145480664447 8.50030517531559 8.70613726228476 8.68031860329211 8.68175297323614 8.3016449380666 8.45942563191056 8.4171117185615 8.42428356828168 8.56270026788116 8.5763267823495 8.49313332559541 8.5404675337486 8.10119173838757 8.38985868962482 8.76996672479436 8.39093446708284 8.19263282231987 8.55481123318896 8.4250007532537 8.48237555101514 8.50819421000779 8.76494642999023 5.64534570719115 17.0399996191263 -9999 -9999 -9999 -9999 -9999 -9999 -9999 -9999 -9999 -9999 -9999 -9999 -9999 -9999 -9999 -9999 -9999 -9999 -9999
-9999 -9999 -9999 -9999 -9999 -9999 -9999 11.8296271789307 10.2035091477088 7.71283607603982 8.07734533806797 8.10441907076165 8.03090761112981 7.66741436114535 8.24713888019323 8.37408062024042 8.44723348738626 8.77211827971041 8.60501418123022 8.67410300020128 8.33893855661154 8.64947964949533 8.39846490928903 8.44006163766608 7.94018371216953 8.97053945530206 8.69968259753659 9.05468915868551 9.08983122231439 8.85387736652046 8.80726034333929 8.52970975916833 8.19729452463798 8.51464887475595 8.37981810001656 8.08864100137725 8.09294411120936 8.31240271264687 8.00114443479106 8.19263282231987 10.7935041233432 11.8534127125835 -9999 -9999 -9999 -9999 -9999 -9999 -9999 -9999 -9999 -9999 -9999 -9999 -9999 -9999 -9999 -9999 -9999 -9999 -9999 -9999
-9999 -9999 -9999 3.8400372271426 -9999 9.43013549153693 9.60369425476529 7.41448712768033 7.42309334734455 8.01907405909151 8.07286293199286 8.33929714909755 8.34646899881773 8.49851221288554 8.78897212655284 8.99372843606398 8.99982450832613 8.59999388642609 8.48643959918991 8.6401562448591 8.54979093838483 8.52755820425227 9.14911851333454 8.29088716348633 8.47018340649083 8.28969185519964 7.75514998938888 7.11255225446075 7.85770744038746 7.65976438811049 8.05314034526236 8.54154331120662 8.58565018698573 5.72264777868986 8.5246894643642 8.70972318714485 8.70972318714485 8.40993986884132 8.38483839482069 10.1474381396547 13.2949997028336 -9999 -9999 -9999 -9999 -9999 -9999 -9999 -9999 -9999 -9999 -9999 -9999 -9999 -9999 -9999 -9999 -9999 -9999 -9999 -9999 -9999
-9999 -9999 3.88019958557561 -9999 11.5007539741311 8.26650287443772 9.36888137506321 8.79339476721361 7.98213903303258 7.9749671833124 8.40563675900921 8.55122530832887 8.7875377566088 8.85316018154845 8.53437146148644 8.38985868962482 8.53473005397245 8.57274085748941 8.48022399609908 8.51895198458806 8.54979093838483 8.48524429090321 9.08194218762219 8.43504134286195 8.08625038480386 8.27845595730469 8.00042724981904 8.93587551498786 8.61075166100636 8.54656360601075 8.27008879929781 8.6602374240756 8.71115755708888 8.66131320153363 9.11995299113914 8.87754447059706 12.140018908307 13.7091961638736 15.1670669309928 -9999 -9999 -9999 -9999 -9999 -9999 -9999 -9999 -9999 -9999 -9999 -9999 -9999 -9999 -9999 -9999 -9999 -9999 -9999 -9999 -9999 -9999 -9999
16.7749996250495 16.7749996250495 -9999 16.0949996402487 10.5246425109486 8.93778800824657 9.46746170939878 8.18259223271161 8.0624637498986 8.54190190369263 8.20339059690014 9.0464415315073 8.915196681628 8.94352548802271 8.32746359705925 8.40491957403719 9.18270667619072 8.45727407699451 8.50245673023164 10.9688558490016 10.9710074039176 8.77737763617188 9.01022369042039 8.85674610640854 9.20027770800516 8.19311094563454 7.86248867353424 7.54525385424495 7.22036906192079 8.15641498123296 8.6799600108061 8.64123202231713 8.71653644437902 8.51608324469998 9.34323657909408 11.0039979126304 11.4316792176105 9.03801460808609 -9999 -9999 -9999 -9999 -9999 -9999 -9999 -9999 -9999 -9999 -9999 -9999 -9999 -9999 -9999 -9999 -9999 -9999 -9999 -9999 -9999 -9999 -9999 -9999
9.71736807283014 9.26984465029091 9.54273353214376 10.1792351948097 10.0612582669128 9.24133654765319 7.84940858571125 7.81016832224226 8.47061371747404 8.77821435197257 8.95213170768693 9.20099489297718 9.22537918202579 8.33965574158356 9.23649554909207 8.34969633119181 8.42643512319773 8.45010222727433 8.43002104805782 9.27606025338173 9.22992135351524 9.14314197190106 8.97974332910962 8.75992613518611 8.91376231168397 8.83558914973401 8.88519444363192 8.6200750656426 8.68605608306825 8.08218633662909 8.32495344965719 8.3651158080902 9.33343505114317 10.1261635068804 9.94160790741444 10.3540848909877 13.7974333786406 15.2999996580184 7.35069042536111 13.2399997040629 -9999 -9999 -9999 -9999 -9999 -9999 -9999 -9999 -9999 -9999 -9999 -9999 -9999 -9999 -9999 -9999 -9999 -9999 -9999 -9999 -9999 -9999
9.66357919992879 9.35526934918016 9.48786888178438 8.48739584581926 8.43145541800186 8.7359004386235 8.75275428546593 7.38006224902347 8.61505477083847 7.51489302376285 8.66238897899166 8.89547409489751 8.45512252207845 8.34969633119181 9.34335610992275 9.35518966196105 8.46014281688258 8.47520370129496 8.53473005397245 8.76853235485032 9.16298408946022 9.16262549697421 9.12353891599923 9.08947262982838 8.93958097067662 8.95392467011698 8.70470289234072 8.6799600108061 8.62473676796071 8.82232122775167 8.25610369234346 8.66095460904762 9.91208379273303 13.7519224058837 16.4643257649872 15.2908156715275 17.4440156628588 15.2621720025138 15.0433938180077 -9999 -9999 -9999 -9999 -9999 -9999 -9999 -9999 -9999 -9999 -9999 -9999 -9999 -9999 -9999 -9999 -9999 -9999 -9999 -9999 -9999 -9999 -9999
9.15073677686115 9.02169864997268 8.83505126100499 8.52648242679425 8.65736868418753 8.63119143270887 8.72514266404323 8.7516785080079 8.72442547907121 9.22932369937189 9.28442741138861 9.55528426915407 8.27510909410194 8.46516311168671 8.7398449559696 9.02743612974882 9.32614367059432 9.35016936715692 9.31968900584616 8.8553117364645 9.21497999993153 9.1662114218343 9.10668506915681 9.93861963669769 8.97113710944541 8.11015655053779 8.70936459465884 7.93014312256128 8.6562929067295 8.63836328242905 8.30451367795467 9.09150465391576 10.189634376904 8.75500829537798 8.85070126164439 14.0559925980866 18.6049995841458 -9999 -9999 -9999 -9999 -9999 -9999 -9999 -9999 -9999 -9999 -9999 -9999 -9999 -9999 -9999 -9999 -9999 -9999 -9999 -9999 -9999 -9999 -9999 -9999 -9999
7.13478498859331 8.01405376428738 8.38985868962482 8.54369486612268 8.89260535500944 7.2896969425492 6.90026550274342 8.71761222183704 8.6401562448591 9.06975004309788 9.19740896811709 9.22430340456776 9.08839685237035 9.37670521112159 9.41184727475047 8.51966916956007 9.37778098857962 9.30032501160167 8.71115755708888 8.41496016364545 8.40491957403719 8.35471662599593 9.05755789857358 8.1424298742786 8.34467603638768 8.15749075869098 7.85985899530351 7.83977781608701 9.11397644970566 9.15820285631344 12.3038060262916 10.5804381179623 -9999 -9999 -9999 13.6052278061397 -9999 -9999 -9999 -9999 -9999 -9999 -9999 -9999 -9999 -9999 -9999 -9999 -9999 -9999 -9999 -9999 -9999 -9999 -9999 -9999 -9999 -9999 -9999 -9999 -9999 -9999
8.47233496140689 8.48022399609908 7.28754538763314 8.47018340649083 8.75131991552189 9.07979063270614 9.2139042224735 9.46635333262384 9.5681935986504 9.56962796859443 9.45559555804357 9.51942502055317 9.47782829217613 9.20027770800516 9.46599474013783 8.45512252207845 9.33403270528652 8.46516311168671 9.1977675606031 8.28012938890606 9.09054840728641 8.21486555645242 9.00233465572819 8.89834283478558 8.96504103718325 7.91006194334477 8.16107668355107 8.05134738283232 8.30451367795467 8.01190220937133 8.74629962071776 9.46958066499792 9.89612642710563 14.2104158799153 -9999 -9999 -9999 -9999 -9999 -9999 -9999 -9999 -9999 -9999 -9999 -9999 -9999 -9999 -9999 -9999 -9999 -9999 -9999 -9999 -9999 -9999 -9999 -9999 -9999 -9999 -9999 -9999
12.2666532833661 8.8632007711567 6.59474470466375 8.89260535500944 10.709029979139 11.6366575129463 9.08983122231439 9.15724660968408 8.89260535500944 8.22347177611664 9.39391765045002 9.56102174893022 8.65091401943937 9.70517592830583 8.28228094382212 8.37981810001656 8.35973692080006 8.26219976460561 8.21988585125655 7.98966947523877 8.00114443479106 7.92010253295302 7.95022430177778 8.49098177067935 7.85483870049939 7.80822167731822 8.48524429090321 7.9150822381489 8.4608600018546 9.3281756946817 11.3248186567798 10.8785557411611 14.1985422652714 10.7689046788029 8.45817055820953 4.99999988824129 -9999 -9999 -9999 -9999 -9999 -9999 -9999 -9999 -9999 -9999 -9999 -9999 -9999 -9999 -9999 -9999 -9999 -9999 -9999 -9999 -9999 -9999 -9999 -9999 -9999 -9999
-9999 -9999 -9999 -9999 7.15999983996153 12.8102188783355 9.20870463142637 6.94401378603652 8.76853235485032 6.99995421385393 7.09533981513232 6.96266059530899 7.47975096013397 8.22562333103269 8.17326882807538 7.8634449201636 8.40993986884132 8.06712545221671 7.23734243959188 9.66214482998475 6.48214666405693 6.24690999323502 7.11470380937681 7.87276832479984 7.89500105893239 7.95524459658191 13.1356579556263 -9999 -9999 -9999 -9999 -9999 -9999 -9999 -9999 -9999 -9999 -9999 -9999 -9999 -9999 -9999 -9999 -9999 -9999 -9999 -9999 -9999 -9999 -9999 -9999 -9999 -9999 -9999 -9999 -9999 -9999 -9999 -9999 -9999 -9999 -9999
-9999 -9999 -9999 -9999 -9999 9.52261765042861 10.8694745028791 9.01488539273851 6.51011687796563 7.45895259594545 7.51776176365092 7.62892543431371 8.09222692623734 9.26482435548678 9.12891780328937 8.04632708802819 8.07716604182497 8.07644885685295 8.59927670145407 9.10560929169878 7.2896969425492 9.16226690448821 8.94782859785482 7.98464918043464 15.0720390824394 -9999 -9999 -9999 -9999 -9999 -9999 -9999 -9999 -9999 -9999 -9999 -9999 -9999 -9999 -9999 -9999 -9999 -9999 -9999 -9999 -9999 -9999 -9999 -9999 -9999 -9999 -9999 -9999 -9999 -9999 -9999 -9999 -9999 -9999 -9999 -9999 -9999
