EcologicalScience/Bass/data/rs_data_bass/sst_392.asc
NCOLS 226 
NROWS 124 
XLLCORNER -9.41648524995501 
YLLCORNER 47.587301625531 
CELLSIZE 0.0833 
NODATA_value -9999 
[rows 81 to 107 of 124, columns 62 to 123 of 226]
14.0517949820496 -9999 -9999 -9999 -9999 -9999 -9999 -9999 -9999 -9999 -9999 -9999 -9999 -9999 -9999 -9999 -9999 -9999 -9999 -9999 -9999 -9999 -9999 -9999 -9999 -9999 -9999 -9999 -9999 -9999 -9999 -9999 -9999 -9999 -9999 -9999 -9999 -9999 -9999 -9999 -9999 -9999 -9999 -9999 -9999 -9999 -9999 -9999 -9999 -9999 -9999 -9999 -9999 -9999 -9999 -9999 -9999 -9999 -9999 -9999 -9999 -9999
14.880462231541 -9999 -9999 -9999 -9999 -9999 -9999 -9999 -9999 -9999 -9999 -9999 -9999 -9999 -9999 -9999 -9999 -9999 -9999 -9999 -9999 -9999 -9999 -9999 -9999 -9999 -9999 -9999 -9999 -9999 -9999 -9999 -9999 -9999 -9999 -9999 -9999 -9999 -9999 -9999 -9999 -9999 -9999 -9999 -9999 -9999 -9999 -9999 -9999 -9999 -9999 -9999 -9999 -9999 -9999 -9999 -9999 -9999 -9999 -9999 -9999 -9999
-9999 -9999 -9999 -9999 -9999 -9999 -9999 -9999 -9999 -9999 -9999 -9999 -9999 -9999 -9999 -9999 -9999 -9999 -9999 -9999 -9999 -9999 -9999 -9999 -9999 -9999 -9999 -9999 -9999 -9999 -9999 -9999 -9999 -9999 -9999 -9999 -9999 -9999 -9999 -9999 -9999 -9999 -9999 -9999 -9999 -9999 -9999 -9999 -9999 -9999 -9999 -9999 -9999 -9999 -9999 -9999 -9999 -9999 -9999 -9999 15.0028167868995 -9999
-9999 -9999 -9999 -9999 -9999 -9999 -9999 -9999 -9999 -9999 -9999 -9999 -9999 -9999 -9999 -9999 -9999 -9999 -9999 -9999 -9999 -9999 -9999 -9999 -9999 -9999 -9999 -9999 -9999 -9999 -9999 -9999 -9999 11.3199997469783 11.209999749437 11.1449997508898 -9999 -9999 -9999 -9999 -9999 -9999 -9999 -9999 -9999 -9999 -9999 -9999 -9999 -9999 -9999 -9999 -9999 -9999 -9999 -9999 17.2699996139854 15.7487570808402 14.5999633623287 14.4371623736806 14.3812219458632 15.0317087154835
-9999 -9999 -9999 -9999 -9999 -9999 -9999 -9999 -9999 -9999 -9999 -9999 -9999 -9999 -9999 -9999 -9999 -9999 -9999 -9999 -9999 -9999 -9999 -9999 -9999 -9999 -9999 -9999 -9999 -9999 -9999 -9999 -9999 17.9549924080064 15.6176488376223 15.0819116635248 15.0575273744762 15.0750984062906 15.8538509497526 14.5002746512182 15.210646366002 15.8349996460602 14.1617633444257 14.292291009333 14.3819391308352 15.1149021722376 15.167973860167 14.9987182067707 15.1048615826294 14.5081636859104 15.8650776529685 14.6308023161255 14.5103152408265 -9999 16.5713092545047 14.2750785700046 14.2607348705642 14.3238471481018 14.3862422406673 14.3116550035775 14.1452680900693 14.3991515701637
-9999 -9999 -9999 -9999 -9999 -9999 -9999 -9999 -9999 -9999 -9999 -9999 10.8457465661486 14.052751228679 14.1287728357129 14.9585558483377 15.8751182425767 13.9161992100067 14.7046723682433 -9999 -9999 -9999 -9999 -9999 -9999 11.894999734126 9.90601685571459 14.0712187417084 14.2625278329942 15.3953214962967 15.2389751723967 15.1321146115661 15.0987655103672 13.7823724942282 15.5649996520951 13.1182329716649 17.6034074630862 15.3112315583276 14.9549699234776 14.930944226915 15.3953214962967 15.4247260801494 14.4156468245201 14.1302072056569 13.9107486042194 13.5851466269232 14.5590838189237 14.6200445415452 13.9831842863932 14.6429944606498 14.2306131017394 14.1416821652092 14.3704641712829 14.1775414138101 14.1926022982225 13.7601397600956 14.1144291362725 13.9889217661694 13.5908841066994 13.2523727999069 13.2946867132559 14.2800988648087
-9999 -9999 -9999 -9999 -9999 -9999 -9999 -9999 -9999 16.215892666392 14.7500599314725 15.249732946977 15.4935758374631 14.7276222873479 13.932981338352 14.0262153847143 16.2344279135577 15.4605853287503 15.2432782822289 14.5547807090916 14.4751731771976 15.9984462598967 14.3231299631298 14.5397198246792 13.9100314192474 14.3614481316347 -9999 13.8426160318777 14.6566209751181 14.8767967615277 14.5877712178044 14.0298013095744 13.9050111244433 14.4285561540164 17.9740745075978 16.514999630861 13.7485712546774 14.5101359445835 14.4472029632889 14.9678792529739 14.6645100098103 14.8832514262758 14.7491378365085 14.5476088593714 14.6810052641667 13.9566484424286 14.2356333965436 13.697027482558 14.054902783595 13.8605456561781 13.5729544823989 13.3212225572206 13.096026476007 13.4266487481073 13.496932875365 13.3499099561013 13.5937528465874 13.098178030923 13.5327921239659 13.7529679103754 13.3283944069408 13.3269600369968
-9999 -9999 -9999 -9999 -9999 -9999 -9999 -9999 14.7233608613932 13.1627246784046 13.6088137309998 13.3334147017449 14.334604922682 13.8799096504226 14.5827509230003 14.1933194831945 14.6006805473007 13.7500991704874 13.6812494131736 13.5715201124549 14.0161747951061 13.775559236994 13.9559312574565 13.7457960606553 13.8418988469057 13.8648487660103 13.7013305923901 13.5234687193297 13.376445800066 15.0051728715189 14.4952543564141 13.9380016331561 13.7192602166906 13.8017364884727 13.8748893556185 13.7981505636126 14.0003967257217 14.1861476334743 14.054185598623 14.851695287507 14.5999633623287 14.7627643509768 14.6164586166851 14.5978118074127 14.3977172002196 13.4811548059806 13.616702765692 13.3398693664931 13.0515610077418 13.4854579158127 13.3592333607376 12.9145786780864 13.017136129085 13.5887325517833 13.9250923036598 13.7271492513828 13.7379070259631 13.655430754181 13.9466078528203 13.7063508871943 13.9150517140515 13.4316690429114
-9999 -9999 -9999 -9999 -9999 -9999 -9999 -9999 13.2932523433119 13.3269600369968 13.6389354998246 13.9136173441075 13.1534012737684 13.6059449911118 13.613834025804 14.9112216401845 13.9552140724845 13.9831842863932 13.5872981818393 13.773049089592 13.8347269971855 13.77591782948 13.5162968696095 13.4524674070999 13.5514389332384 13.4345377827995 13.3979613492265 13.4782860660926 13.4804376210086 13.4653767365962 13.4797204360366 13.5435498985462 13.535660863854 13.5708029274829 13.5822778870352 13.6245918003842 13.6683400836773 13.7508163554594 14.7649159058928 13.9035767544992 14.1309243906289 13.5736716673709 13.8784752804786 13.6410870547406 13.5019531701691 13.973860881757 13.5091250198893 13.4374065226875 13.4725485863164 13.5005188002251 13.3872035746463 13.3470412162133 13.2875148635358 13.4653767365962 13.6382183148526 13.6202886905521 13.5801263321191 13.4897610256448 13.7988677485846 13.9717093268409 14.3267158879898 13.8282723324373
13.7300505905878 9.40499978978187 -9999 -9999 -9999 -9999 -9999 -9999 13.0438512692926 14.2872707145289 13.9272438585758 13.8512222515419 13.4904782106169 13.6310464651324 13.653996384237 13.7386242109351 13.2007354819216 13.4280831180513 13.4531845920719 13.458204886876 13.4209112683311 13.4639423666522 13.2373119154945 13.4711142163724 13.3936582393944 13.1892605223693 13.1297341696918 13.1275826147757 13.1196935800835 13.2122104414739 13.1906948923133 13.1125217303634 13.1297341696918 13.2767570889555 13.2502212449908 13.4452955573797 13.5069734649733 13.615268395748 13.7881099740043 13.6367839449085 13.8390301070176 13.5966215864755 13.6238746154122 13.3821832798421 13.6066621760838 13.1419263142161 13.3958097943105 13.653996384237 13.4682454764843 13.3484755861573 13.5951872165315 13.0142673891969 13.1003295858391 13.8225348526612 13.8892330550589 13.6195715055801 13.177068377845 13.5026703551412 13.37788017001 13.775200644508 13.8684346908703 13.8361613671295
15.4118167506531 15.4419385194778 15.5652943346649 12.8378398860805 12.8338953687344 -9999 16.1899624452926 13.2946867132559 13.7658772398718 13.4617908117361 13.4531845920719 13.377162985038 13.9071626793593 12.9992065047845 13.4001129041426 13.0458235279657 13.3721426902339 13.0099642793648 13.1863917824812 12.9755394007079 12.9669331810437 12.8952146838419 13.0623187823221 12.7711416836828 12.8399914409965 12.8615069901571 12.9181646029465 12.8500320306048 12.9669331810437 12.9762565856799 12.9497207417153 13.0049439845607 13.017853314057 12.9611957012676 13.0924405511469 13.05801567249 13.1290169847198 13.8203832977451 13.4625079967082 13.4359721527435 13.5012359851971 13.13618883444 13.2609790195711 13.813211448025 13.2824945687316 13.8978392747231 13.4266487481073 13.6253089853562 13.576540407259 12.9066896433942 13.534943678882 13.5256202742457 12.8234961866401 13.4338205978274 14.1588946045376 13.4115878636949 14.0606402633712 13.1290169847198 14.0168919800781 13.9143345290795 13.6489760894328 14.4299905239604
14.7950376747176 13.5586107829586 14.1918851132505 11.4063386819325 13.9437391129322 13.8748893556185 13.1347544644959 13.018570499029 13.179219932761 13.4904782106169 13.4825891759247 13.854808176402 14.1753898588941 13.096743660979 13.0494094528258 13.0422376031056 12.9870143602602 12.4770958451554 12.740302729886 13.1146732852794 12.3250526310876 13.0458235279657 12.7316965102218 12.6341593540274 12.7890713079832 12.8127384120598 12.7073122211732 12.8543351404369 12.860072620213 12.8399914409965 12.8493148456328 12.8880428341217 12.8851740942337 12.7331308801658 12.8830225393176 13.1914120772853 13.05801567249 13.4768516961485 13.2789086438715 13.6425214246847 13.5399639736861 13.139057574328 13.1569871986285 13.7852412341163 13.7314523612149 13.3814660948701 13.3821832798421 12.938245782163 13.1318857246079 13.1483809789643 13.2251197709702 13.3233741121367 13.3721426902339 13.774483459536 13.6597338640131 13.534943678882 13.5198827944696 14.0635090032592 13.6912900027819 14.571275963448 14.0613574483432 14.2363505815156
14.3754844660871 14.2636036104523 14.5131839807145 14.6544694202021 14.8144016689621 14.0455793789588 14.0090029453859 13.5679341875948 14.0706808529794 13.5112765748054 13.21794792125 13.8684346908703 14.4558091829531 12.8514664005488 13.0149845741689 13.1003295858391 12.9174474179745 12.9425488919951 12.8787194294855 12.8715475797653 12.7338480651379 13.1003295858391 12.697988816537 12.857203880325 12.7811822732911 12.7876369380392 12.7962431577034 12.817041521892 12.1278267637827 12.8837397242896 12.8672444699332 12.8335367762484 12.9253364526667 13.2674336843193 13.1591387535445 12.8536179554649 13.2265541409142 13.0945921060629 13.0838343314826 13.5959044015035 13.4366893377155 13.0852687014267 13.695593112614 13.1648762333207 13.2530899848789 13.8612628411502 13.1082186205313 13.5048219100572 13.3692739503458 13.3197881872766 13.5048219100572 13.3032929329202 13.3248084820807 14.0871761073358 13.5198827944696 13.4001129041426 13.9795983615331 13.7493819855154 14.5296792350709 14.4428998534568 14.3661610614508 14.1961882230826
13.3283944069408 15.0596789293922 15.249732946977 15.2303689527325 15.0317087154835 14.2298959167674 13.696310297586 14.3984343851916 13.1899777073413 13.5851466269232 13.3319803318009 13.934415708296 13.5607623378746 13.2466353201307 13.1871089674532 13.0429547880776 13.1232795049436 13.1204107650556 12.9977721348405 12.8787194294855 12.9109927532263 12.9210333428346 12.7969603426754 12.8356883311644 12.7869197530672 12.9432660769671 13.0529953776859 12.2059999257326 13.0099642793648 13.1139561003074 13.1447950541042 12.9992065047845 13.1871089674532 13.0867030713707 13.1842402275652 13.216513551306 13.096743660979 13.6059449911118 13.3549302509055 13.4603564417921 13.3434552913532 13.4295174879953 13.9042939394712 13.1749168229289 13.5055390950292 12.9949033949524 13.2086245166138 13.5715201124549 13.6375011298805 13.2810601987876 13.7809381242841 13.5664998176508 13.8691518758424 13.7214117716067 13.9810327314772 13.9401531880721 14.0018310956657 14.2564317607321 14.610721136909 14.6652271947823 14.4651325875893 14.6300851311535
13.8813440203667 14.5820337380283 14.1467024600133 13.2036042218097 14.3224127781577 13.7630084999837 13.8261207775213 13.8906674250029 14.3080690787174 13.3707083202899 13.7601397600956 13.2315744357184 13.5672170026228 13.4144566035829 13.020004868973 13.0953092910349 13.1928464472294 13.1225623199716 13.0207220539451 12.8751335046254 13.1627246784046 12.8557695103809 13.0737937418744 12.9131443081424 13.1146732852794 13.0049439845607 13.0709250019863 13.1713308980688 13.1175420251675 13.2236854010262 13.2875148635358 13.2093417015858 13.1670277882367 13.0142673891969 13.3118991525844 13.2193822911941 13.4409924475476 13.4223456382751 13.2043214067817 13.5808435170911 13.8505050665699 13.5320749389939 13.3068788577802 13.7472304305993 13.6819665981457 13.2452009501867 13.5471358234063 13.7063508871943 13.9645374771208 13.5198827944696 13.613834025804 12.9970549498685 13.5951872165315 13.8053224133328 14.2198553271592 14.2471083560959 14.5253761252388 14.852412472479 14.5131839807145 14.5877712178044 14.8552812123671 14.9915463570505
14.5519119692035 13.7522507254034 14.5526291541755 13.8827783903107 13.2997070080601 13.3728598752059 13.3111819676124 13.6661885287613 13.2251197709702 13.6468245345168 13.5987731413916 13.3011413780041 13.2322916206904 13.2251197709702 13.2867976785637 13.1985839270055 13.2279885108583 13.2344431756064 13.2659993143752 12.9870143602602 13.3097475976683 13.2279885108583 13.1053498806432 13.177068377845 12.9762565856799 13.2200994761661 13.3900723145343 12.8679616549052 13.2050385917537 13.3857692047022 13.3735770601779 13.3491927711293 13.4409924475476 13.4137394186109 13.4854579158127 13.2595446496271 13.5241859043017 13.7859584190883 13.4703970314004 13.5284890141338 13.6002075113356 13.2416150253266 13.7924130838364 13.3649708405137 13.4223456382751 13.3448896612972 13.3326975167729 13.9580828123726 13.5973387714475 13.7163914768025 13.3850520197302 14.331736182794 13.8397472919896 14.3116550035775 14.131641575601 14.450788888149 14.7462690966204 14.6731162294745 14.7649159058928 15.131397426594 15.2812890857458 15.1816003746353
13.4854579158127 14.0484481188469 13.3922238694504 13.4811548059806 13.3233741121367 13.3111819676124 13.3814660948701 13.5256202742457 13.895687719807 13.3334147017449 13.3255256670527 13.418042528443 13.2781914588995 13.2344431756064 13.2738883490674 13.1591387535445 12.8364055161364 13.1648762333207 13.2000182969496 13.2373119154945 13.2875148635358 13.2774742739275 13.2408978403546 13.1333200945519 13.0386516782455 13.2695852392353 13.4402752625756 13.5184484245256 13.5141453146935 13.4223456382751 13.0400860481896 13.0838343314826 13.5500045632944 13.6532791992649 13.7034821473062 13.6331980200484 14.1015198067762 13.7536850953475 14.2736442000605 13.455336146988 14.1137119513005 13.9867702112533 13.5815607020631 13.4696798464283 13.7902615289204 13.5327921239659 13.5901669217274 14.0484481188469 13.7615741300397 13.8885158700868 14.2958769341931 14.5641041137278 14.6989348884672 14.6630756398663 14.7046723682433 14.8438062528148 19.0472560612112 18.794999579899 -9999 -9999 -9999 -9999
13.4080019388348 13.2839289386757 13.1942808171734 13.2703024242073 13.3025757479481 13.5944700315595 13.972426511813 13.6396526847966 13.7407757658511 13.5715201124549 13.4983672453091 13.4675282915123 13.2875148635358 13.3090304126963 13.3441724763252 13.1232795049436 13.0415204181336 13.1698965281248 13.2796258288436 13.4603564417921 13.376445800066 13.178502747789 13.177785562817 13.0673390771262 13.3506271410733 13.4675282915123 13.5134281297214 13.53422649391 13.6052278061397 13.4747001412325 13.4316690429114 13.2322916206904 13.6884212628938 14.0635090032592 14.2098147375509 13.9839014713652 13.6898556328379 14.2076631826349 14.0972166969441 13.6884212628938 14.1918851132505 14.3647266915068 14.0369731592946 13.8906674250029 13.6984618525021 13.896404904779 13.813928632997 13.7228461415507 14.0843073674478 14.4988402812742 14.8832514262758 15.0173650160432 14.6960661485791 14.7032379982993 13.4928384011611 11.4699997436255 -9999 -9999 -9999 -9999 -9999 -9999
13.1677449732088 13.1677449732088 13.1519669038244 12.3350932206959 14.1710867490619 13.3821832798421 13.3699911353178 13.6855525230058 13.5148624996655 13.536378048826 13.574388852343 13.5320749389939 13.3556474358775 13.1863917824812 13.3183538173325 13.3879207596183 13.3326975167729 13.2071901466697 13.5715201124549 13.773766274564 13.7536850953475 13.6877040779218 13.3542130659334 13.5564592280425 13.496932875365 13.53781241877 13.496932875365 13.5980559564196 13.9272438585758 15.374999656342 -9999 14.4339490124424 16.9849996203557 13.0449997084215 -9999 16.3049996355549 14.5669728536159 14.6035492871888 14.2098147375509 13.7314523612149 13.6812494131736 13.8634143960662 14.0290841246024 13.9258094886318 14.3568376568146 14.3238471481018 14.095065142028 14.0821558125317 14.0828729975037 15.1564989006147 15.1665394902229 14.8545640273951 14.6888942988589 -9999 -9999 -9999 -9999 -9999 -9999 -9999 -9999 -9999
13.0522781927139 13.5593279679306 13.3692739503458 13.8705862457864 13.4266487481073 13.3721426902339 13.5492873783223 13.9229407487437 13.4747001412325 13.5492873783223 13.6633197888732 13.4431440024637 13.4101534937508 13.5923184766434 13.6037934361957 13.8784752804786 13.5980559564196 13.1928464472294 13.4747001412325 13.6991790374741 13.7149571068585 13.9057283094153 13.9365672632121 13.7665944248438 13.7594225751236 13.6884212628938 13.6432386096567 13.7967161936685 13.8282723324373 -9999 -9999 -9999 -9999 -9999 16.3799996338785 14.2261665549129 14.8789483164437 13.6898556328379 13.7830896792002 14.1818445236422 14.1782585987821 14.013306055218 14.0176091650501 14.2707754601724 14.3647266915068 14.1008026218042 14.6351054259576 14.6422772756778 14.9442121488973 15.4204229703173 15.3236029990949 15.1729941549711 16.922925486695 -9999 -9999 -9999 -9999 -9999 -9999 -9999 -9999 -9999
13.6073793610558 13.3083132277243 13.2997070080601 14.2420880612917 13.5241859043017 13.4209112683311 13.4280831180513 13.3793145399541 13.3577989907935 13.6532791992649 13.2817773837596 13.5399639736861 13.6733603784814 13.5241859043017 13.3993957191706 13.972426511813 13.7594225751236 13.4295174879953 13.3628192855977 13.2885906409938 12.7747276085429 13.534943678882 13.9193548238836 14.2463911711238 14.0290841246024 14.1187322461046 14.1108432114124 14.2765129399486 14.414212454576 13.6099996957928 -9999 -9999 -9999 -9999 -9999 17.3799996115267 14.9951322819106 15.0403149351478 14.9148075650446 14.7677846457809 14.5762962582521 14.2478255410679 14.7606127960607 14.1904507433064 13.9688405869529 13.9236579337157 14.2435224312358 14.7835627151653 14.4149296395481 15.04820396984 15.5566881150007 15.0417493050918 16.3936429773457 14.082186994487 20.6549995383248 20.8805545215356 -9999 -9999 -9999 -9999 -9999 -9999
13.4854579158127 13.4008300891146 13.2308572507463 13.7558366502635 13.3276772219688 13.4431440024637 13.3427381063811 12.7940916027874 13.4216284533031 13.4854579158127 13.497650060337 13.5729544823989 13.5062562800013 13.5198827944696 13.7328867311589 13.7328867311589 13.4696798464283 13.1110873604193 13.4761345111765 13.4660939215682 13.5557420430705 13.5306405690499 13.4044160139747 14.5038605760783 14.7907345648855 14.9406262240373 14.9793542125262 14.8366344030946 14.8717764667235 15.1326883595437 17.5783427080975 24.7149994475767 -9999 -9999 -9999 -9999 15.6694910655996 16.4153975881636 15.2701727186795 15.4550869106315 14.1696523791179 15.0073244264349 14.6659443797544 15.6111941728741 15.5903958086856 15.6592455659993 15.6355784619227 14.7147129578516 15.2468642070889 14.7405316168442 15.8313699592836 15.7061016508378 16.4392559415661 9.86999977938831 -9999 -9999 -9999 -9999 -9999 -9999 -9999 -9999
14.1452680900693 13.4811548059806 13.4861751007847 13.6575823090971 13.2616962045431 12.9253364526667 12.8916287589818 12.7431714697741 13.2803430138156 13.3735770601779 13.3054444878362 13.6869868929498 13.8081911532208 13.9889217661694 14.0986510668881 14.0649433732033 13.7773521994241 13.3577989907935 13.6582994940691 13.7902615289204 14.0247810147703 14.0721152229235 14.3030487839133 14.769219015725 15.0955381779931 15.0073244264349 15.0797601086088 15.1163365421817 15.0439008600079 15.3049561898224 17.2442894540546 -9999 -9999 -9999 -9999 -9999 -9999 -9999 -9999 -9999 -9999 -9999 -9999 -9999 -9999 -9999 15.1027100277133 15.2052674787119 15.20992918103 15.9397673450543 15.52426380495 14.6949996715412 -9999 -9999 -9999 -9999 -9999 -9999 -9999 -9999 -9999 -9999
13.378597354982 13.3326975167729 13.0881374413148 13.0673390771262 12.8335367762484 12.8866084641777 12.9597613313235 13.0809655915946 13.3255256670527 13.4252143781632 13.5786919621751 13.6059449911118 13.6396526847966 13.8591112862341 14.0384075292386 13.8304238873534 13.893536164891 13.9932248760015 14.3216955931857 14.3152409284376 14.3475142521784 14.4680013274774 14.3977172002196 14.693197408691 10.8476671797082 13.6699996944517 14.9033326054923 15.1521957907826 15.6097598029301 15.7610858320259 15.8887447570451 17.0007695197006 19.6458812295459 -9999 -9999 -9999 -9999 -9999 -9999 -9999 -9999 -9999 -9999 -9999 -9999 -9999 -9999 -9999 -9999 -9999 -9999 -9999 -9999 -9999 -9999 -9999 -9999 -9999 -9999 -9999 -9999 -9999
13.6726431935094 13.6998962224461 13.1247138748877 12.976973770652 12.9705191059038 13.0221564238891 13.0357829383574 13.1426434991881 13.6410870547406 13.4316690429114 13.7149571068585 13.7587053901516 14.4307077089325 14.052034043707 13.9501937776804 13.8225348526612 13.7859584190883 14.0211950899102 14.0735495928675 14.2836847896688 14.4292733389884 14.5490432293154 14.5913571426645 14.6666615647264 14.6982177034952 14.8954435708001 15.0259712357074 14.9635761431418 15.2016815538518 15.4369182246737 15.9977568727918 16.7400433188304 -9999 -9999 -9999 -9999 -9999 -9999 -9999 -9999 -9999 -9999 -9999 -9999 -9999 -9999 -9999 -9999 -9999 -9999 -9999 -9999 -9999 -9999 -9999 -9999 -9999 -9999 -9999 -9999 -9999 -9999
13.1347544644959 13.3958097943105 13.0644703372382 13.0673390771262 13.1476637939923 13.2602618345991 13.2401806553826 13.2918179733679 13.5313577540219 13.6704916385934 14.0197607199661 14.0656605581753 14.1287728357129 14.0828729975037 13.9186376389116 13.8885158700868 13.935132893268 14.1273384657688 14.1588946045376 14.3561204718426 14.7857142700814 14.7247535474598 14.9599902182817 15.0123447212391 15.1844691145234 15.1034272126853 15.2540360568091 15.6563768261112 15.9468367397785 15.9769585086033 16.4087038617581 16.684820075985 21.1795118414878 28.5299993623048 -9999 -9999 -9999 -9999 -9999 -9999 -9999 -9999 -9999 -9999 -9999 -9999 -9999 -9999 -9999 -9999 -9999 -9999 -9999 -9999 -9999 -9999 -9999 -9999 -9999 -9999 -9999 -9999
13.2272713258862 13.1734824529849 13.1842402275652 13.2659993143752 13.4058503839187 13.5880153668113 13.6281777252443 13.5507217482664 13.974578066729 13.9071626793593 13.9064454943873 14.3360392926261 14.3066347087733 14.3984343851916 14.373332911171 14.133793130517 14.0979338819161 14.0835901824757 14.0964995119721 14.4357280037366 14.7175816977397 14.7362285070121 14.6630756398663 15.0718710739166 15.1435895711184 15.0525070796721 14.7089754780754 15.6958219995722 15.808420040179 15.8335215141997 16.2724387170747 17.2047791806981 13.8514093774344 -9999 -9999 -9999 -9999 -9999 -9999 -9999 -9999 -9999 -9999 -9999 -9999 -9999 -9999 -9999 -9999 -9999 -9999 -9999 -9999 -9999 -9999 -9999 -9999 -9999 -9999 -9999 -9999 -9999
