EcologicalScience/Bass/data/rs_data_bass/sst_47.asc
NCOLS 226 
NROWS 124 
XLLCORNER -9.41648524995501 
YLLCORNER 47.587301625531 
CELLSIZE 0.0833 
NODATA_value -9999 
[rows 54 to 80 of 124, columns 124 to 185 of 226]
7.12999984063208 7.45499983336776 7.54499983135611 7.55999983102083 7.58499983046204 7.49999983236194 7.17999983951449 7.06999984197319 7.17999983951449 7.37999983504415 7.18999983929098 7.1449998402968 6.67499985080212 6.3449998581782 6.28999985940754 6.07999986410141 5.12999988533556 5.06499988678843 5.00499988812953 4.69499989505857 4.48499989975244 4.48499989975244 6.70999985001981 6.7199998497963 7.16999983973801 7.44499983359128 7.76571411213705 7.35999983549118 7.35666650223235 7.31124983658083 7.32999983616173 7.13999984040856 7.00499984342605 7.52999983169138 7.59999983012676 7.52899983171374 7.68999982811511 7.62499982956797 7.6649998286739 7.76999982632697 7.87999982386827 7.95999982208014 7.73499982710928 7.10249984124675 7.20249983901158 7.13749984046444 7.20833317221453 2.29499994870275 2.29499994870275 3.42999992333353 3.42999992333353 5.86299986895174 5.00449988814071 2.98999993316829 4.19499990623444 4.07499990891665 3.87999991327524 3.86999991349876 3.96499991137534 3.96499991137534 6.82062484754715 9.54499978665262
6.99999984353781 7.0349998427555 7.23499983828515 7.3499998357147 7.3749998351559 7.25999983772635 7.18499983940274 7.18999983929098 7.19999983906746 7.21999983862042 6.97999984398484 6.90499984566122 6.72999984957278 6.60499985236675 6.11999986320734 6.14499986264855 4.92999988980591 4.5649998979643 4.33999990299344 4.38499990198761 4.57499989774078 5.90499986801296 6.72999984957278 7.04499984253198 7.32499983627349 7.75642839805888 6.93749984493479 7.68999982811511 7.68999982811511 6.60999985225499 6.98999984376132 6.94999984465539 6.91999984532595 6.67499985080212 5.54499987605959 7.57499983068556 7.63499982934445 7.80499982554466 7.78499982599169 7.78499982599169 4.51999989897013 3.95499991159886 7.41999983415008 7.07749984180555 6.9024998457171 6.73999984934926 6.75499984901398 6.60499985236675 6.3574998578988 6.19499986153096 3.56499992031604 3.65999991819263 3.83499991428107 4.66499989572912 4.00999991036952 4.04999990947545 3.73999991640449 16.8190240143094 -9999 -9999 -9999 -9999
6.55999985337257 6.91999984532595 6.94499984476715 6.94999984465539 7.02999984286726 6.96999984420836 6.89499984588474 6.97999984398484 7.02499984297901 6.99999984353781 7.06499984208494 6.95499984454364 6.87999984622002 6.82499984744936 6.40499985683709 6.5749998530373 6.32999985851347 5.72999987192452 5.45999987795949 5.2549998825416 5.62999987415969 6.44499985594302 6.97999984398484 7.11499984096736 7.4349998338148 7.43374983384274 6.5749998530373 6.5999998524785 6.6599998511374 6.56999985314906 6.49999985471368 6.58499985281378 7.84499982465059 7.87999982386827 7.87999982386827 6.68999985046685 6.65499985124916 6.5999998524785 6.5749998530373 4.15999990701675 7.9674998219125 7.94249982247129 7.04249984258786 6.69249985041097 6.77249984862283 2.7849999377504 2.7849999377504 5.74571415728756 8.28999981470406 5.37999987974763 5.93499986734241 6.02833319858958 5.41499987896532 5.30999988131225 4.53647048683727 -9999 -9999 -9999 -9999 -9999 -9999 -9999
6.07999986410141 6.23999986052513 6.53499985393137 6.70499985013157 6.76999984867871 6.8049998478964 6.72999984957278 6.79999984800816 6.87499984633178 6.90499984566122 6.83499984722584 6.89999984577298 6.88499984610826 6.98999984376132 7.06999984197319 6.76999984867871 6.87499984633178 6.67499985080212 6.38999985717237 6.06499986443669 6.07499986421317 6.73499984946102 7.07999984174967 7.46499983314425 7.43999983370304 7.55374983116053 6.60999985225499 6.63499985169619 6.7199998497963 6.72999984957278 6.67499985080212 6.1999998614192 6.55499985348433 6.84499984700233 7.25999983772635 7.58499983046204 6.99999984353781 5.23999988287687 5.21999988332391 5.20499988365918 6.8299998473376 6.83499984722584 7.28249983722344 6.69749985029921 6.45249985577539 6.33499985840172 6.36599985770881 7.20624983892776 5.33083321417992 5.46666654447715 5.2674998822622 4.67499989550561 4.67499989550561 5.36249988013878 5.49399987719953 -9999 -9999 -9999 -9999 -9999 -9999 -9999
5.31499988120049 5.60999987460673 6.27499985974282 6.26999985985458 6.35999985784292 6.58999985270202 6.57999985292554 6.55499985348433 6.61999985203147 6.87499984633178 6.88499984610826 7.00999984331429 6.98999984376132 7.17499983962625 6.90999984554946 6.62999985180795 6.8299998473376 6.72999984957278 6.5999998524785 6.14999986253679 6.19499986153096 6.77499984856695 7.20999983884394 7.69999982789159 7.68499982822686 7.69749982794747 7.76999982632697 8.17999981716275 7.93999982252717 6.5999998524785 6.55999985337257 7.44499983359128 8.10499981883913 6.50999985449016 6.82499984744936 6.62999985180795 7.47499983292073 4.61999989673495 4.61999989673495 7.91999982297421 7.4619998332113 7.46499983314425 6.63999985158443 6.63999985158443 5.52999987639487 5.52999987639487 7.31615368262506 6.11874986323528 5.14166655174146 4.97499988880008 5.16499988455325 6.0549998646602 5.82166653654228 4.18333323982855 15.2549996590242 -9999 -9999 -9999 -9999 -9999 -9999 -9999
5.20499988365918 4.89999989047647 5.21999988332391 6.06999986432493 6.16999986208975 6.22499986086041 6.27999985963106 6.33499985840172 6.61499985214323 6.69499985035509 6.85999984666705 6.8899998459965 7.12999984063208 7.01499984320253 7.22999983839691 6.91999984532595 6.68999985046685 6.51999985426664 5.75999987125397 6.05999986454844 7.14999984018505 6.98499984387308 7.47499983292073 7.75499982666224 7.83999982476234 7.894999823533 7.82499982509762 6.57999985292554 6.24499986041337 8.48999981023371 8.4399998113513 8.42999981157482 8.45999981090426 8.25499981548637 8.27499981503934 8.28999981470406 8.24499981570989 8.15499981772155 5.74499987158924 5.74499987158924 4.54999989829957 5.739999871701 7.39999983459711 7.14999984018505 6.45249985577539 6.64249985152856 6.5937498526182 6.58899985272437 5.00249988818541 4.51749989902601 4.20999990589917 4.12999990768731 3.94999991171062 3.94999991171062 11.0774997523986 -9999 23.7447889405303 -9999 -9999 -9999 -9999 -9999
-9999 -9999 -9999 -9999 -9999 5.87272714146159 5.20999988354743 5.91499986778945 6.14999986253679 6.47999985516071 6.5999998524785 6.68499985057861 6.79999984800816 7.05499984230846 6.95999984443188 7.07499984186143 6.79499984811991 6.72999984957278 6.52999985404313 6.63499985169619 7.46499983314425 7.62999982945621 8.26499981526285 8.43499981146306 8.55999980866909 8.56499980855733 8.52999980933964 8.41999981179833 8.55999980866909 7.8099998254329 8.20499981660396 8.16499981749803 8.51499980967492 4.27999990433455 7.71999982744455 7.51499983202666 6.90499984566122 6.21499986108392 6.03999986499548 6.36499985773116 6.36499985773116 7.61999982967973 3.81499991472811 3.79999991506338 3.77999991551042 5.58499987516552 -9999 6.92999984510243 18.214999592863 4.30166657051692 4.7349998941645 4.72666656101743 4.61166656358788 4.2266665721933 5.37499987985939 5.37499987985939 -9999 -9999 -9999 -9999 -9999 -9999
-9999 -9999 -9999 -9999 -9999 -9999 -9999 4.32499990332872 6.029999865219 6.19499986153096 6.39499985706061 6.48499985504895 6.58499985281378 6.5149998543784 6.61999985203147 6.56499985326082 7.24499983806163 7.05499984230846 7.67499982845038 8.11499981861562 8.28999981470406 8.42499981168658 8.47999981045723 8.02999982051551 8.3799998126924 8.45499981101602 7.95999982208014 8.38499981258065 8.31999981403351 8.16499981749803 7.48999983258545 8.13499981816858 8.11499981861562 8.49999981001019 8.49999981001019 8.33499981369823 6.90999984554946 5.84499986935407 5.76499987114221 5.37499987985939 5.92499986756593 6.10999986343086 6.05249986471608 5.59999987483025 5.64499987382442 10.06263135403 -9999 -9999 -9999 -9999 -9999 -9999 -9999 -9999 -9999 -9999 -9999 -9999 -9999 -9999 -9999 -9999
-9999 -9999 -9999 -9999 -9999 -9999 -9999 -9999 5.37499987985939 5.68499987293035 6.15999986231327 6.3449998581782 6.64499985147268 6.62499985191971 6.59499985259026 6.71499984990805 6.85999984666705 7.15999983996153 8.38499981258065 8.62999980710447 8.62999980710447 8.68499980587512 8.85999980196357 8.95499979984015 8.95499979984015 8.84499980229884 8.76999980397522 8.45999981090426 8.37499981280416 8.22999981604517 8.1499998178333 8.07499981950969 8.00499982107431 7.9799998216331 8.26499981526285 8.11999981850386 7.894999823533 5.58999987505376 6.00999986566603 5.58499987516552 5.67499987315387 5.99499986600131 6.16666652883093 5.98699986618012 6.31199985891581 15.7749996474013 -9999 -9999 -9999 -9999 -9999 -9999 -9999 -9999 -9999 -9999 -9999 -9999 -9999 -9999 -9999 -9999
-9999 -9999 -9999 -9999 -9999 -9999 -9999 -9999 -9999 5.12999988533556 5.82999986968935 6.3449998581782 6.49499985482544 6.55499985348433 6.78999984823167 6.91499984543771 7.23999983817339 7.66999982856214 8.42999981157482 8.71499980520457 8.80999980308115 8.92999980039895 9.0449997978285 9.11499979626387 9.18499979469925 9.22999979369342 9.08999979682267 8.94999979995191 8.78999980352819 8.51999980956316 8.2949998145923 8.33999981358647 8.38999981246889 8.2099998164922 7.93999982252717 7.57499983068556 7.18999983929098 6.84999984689057 6.15999986231327 5.59999987483025 6.05999986454844 7.18999983929098 4.35999990254641 4.30999990366399 3.72499991673976 -9999 -9999 -9999 -9999 -9999 -9999 -9999 -9999 -9999 -9999 -9999 -9999 -9999 -9999 -9999 -9999 -9999
-9999 -9999 -9999 -9999 -9999 -9999 -9999 -9999 -9999 4.7099998947233 5.36499988008291 6.00999986566603 5.93499986734241 6.20499986130744 6.60499985236675 7.15499984007329 7.55999983102083 8.10499981883913 8.45999981090426 8.87499980162829 9.03499979805201 9.08499979693443 9.0699997972697 9.08499979693443 9.07999979704618 9.07999979704618 8.9249998005107 8.78499980363995 8.72999980486929 8.66499980632216 8.55499980878085 8.3549998132512 8.32499981392175 8.25499981548637 7.98499982152134 7.53499983157963 7.23499983828515 6.99499984364957 6.89499984588474 6.81999984756112 6.30499985907227 6.04499986488372 4.3349999031052 4.42499990109354 4.02499991003424 -9999 25.0349994404241 25.0349994404241 -9999 -9999 -9999 -9999 -9999 -9999 -9999 -9999 -9999 -9999 -9999 -9999 -9999 -9999
-9999 -9999 -9999 -9999 -9999 -9999 -9999 -9999 -9999 5.97499986644834 5.87999986857176 6.1149998633191 6.16999986208975 6.58499985281378 6.89999984577298 7.38999983482063 7.91999982297421 8.22999981604517 8.64999980665743 8.97999979928136 9.07999979704618 9.07999979704618 8.97999979928136 8.99499979894608 8.94499980006367 8.9249998005107 8.69499980565161 8.50499980989844 8.55499980878085 8.47999981045723 8.31999981403351 8.10499981883913 7.95499982219189 7.90999982319772 7.76999982632697 7.62499982956797 7.51499983202666 7.48499983269721 6.92999984510243 6.73499984946102 6.33999985828996 5.99999986588955 5.87499986868352 5.41999987885356 7.69055538365824 -9999 -9999 -9999 -9999 -9999 -9999 -9999 -9999 -9999 -9999 -9999 -9999 -9999 -9999 -9999 -9999 -9999
-9999 -9999 -9999 -9999 -9999 -9999 -9999 -9999 -9999 5.70999987237155 5.80499987024814 6.1999998614192 7.04999984242022 7.48499983269721 7.88999982364476 8.14499981794506 8.47999981045723 8.68499980587512 8.86999980174005 8.98999979905784 9.0449997978285 9.04999979771674 8.96499979961663 8.95999979972839 8.87499980162829 8.74499980453402 8.47999981045723 8.28999981470406 8.21999981626868 8.28999981470406 8.10499981883913 7.95499982219189 7.88499982375652 7.75999982655048 7.63999982923269 7.59999983012676 7.58499983046204 7.36999983526766 7.14999984018505 6.9749998440966 6.34999985806644 5.97999986633658 5.89999986812472 5.86999986879528 -9999 -9999 -9999 -9999 -9999 -9999 -9999 -9999 -9999 -9999 -9999 -9999 -9999 -9999 -9999 -9999 -9999 -9999
-9999 -9999 -9999 -9999 -9999 -9999 -9999 -9999 6.97999984398484 6.18999986164272 6.21499986108392 6.85499984677881 7.52499983180314 7.73999982699752 8.03499982040375 8.1499998178333 8.67499980609864 8.77999980375171 8.91499980073422 8.99999979883432 8.96499979961663 8.94999979995191 8.9249998005107 8.89499980118126 8.82499980274588 8.56999980844557 8.29999981448054 8.21499981638044 8.16499981749803 8.11999981850386 8.14499981794506 7.9799998216331 7.93499982263893 7.69999982789159 7.54999983124435 7.52999983169138 7.39999983459711 7.08999984152615 6.88499984610826 6.32999985851347 6.18999986164272 6.04999986477196 5.97499986644834 -9999 -9999 -9999 -9999 -9999 -9999 -9999 -9999 -9999 -9999 -9999 -9999 -9999 -9999 -9999 -9999 -9999 -9999 -9999
-9999 -9999 -9999 -9999 -9999 -9999 -9999 -9999 6.92499984521419 6.54499985370785 6.8299998473376 7.32999983616173 7.73499982710928 8.02499982062727 8.00499982107431 8.17999981716275 8.54499980900437 8.61999980732799 8.8149998029694 8.89499980118126 8.93499980028719 8.82999980263412 8.79999980330467 8.68999980576336 8.51999980956316 8.22999981604517 8.17499981727451 8.13999981805682 8.07499981950969 8.02499982062727 7.87499982398003 7.81999982520938 7.76999982632697 7.5799998305738 7.4949998324737 7.39499983470887 7.31499983649701 6.99999984353781 6.8299998473376 6.53499985393137 6.0549998646602 5.99499986600131 5.97499986644834 -9999 -9999 -9999 -9999 -9999 -9999 -9999 -9999 -9999 -9999 -9999 -9999 -9999 -9999 -9999 -9999 -9999 -9999 -9999
-9999 -9999 -9999 -9999 -9999 -9999 -9999 5.40999987907708 6.77999984845519 6.85999984666705 6.98499984387308 7.60999982990324 7.60999982990324 7.64499982912093 7.91499982308596 8.23499981593341 8.53999980911613 8.65499980654567 8.68499980587512 8.72499980498105 8.71999980509281 8.67499980609864 8.59999980777502 8.57999980822206 8.36499981302768 8.14499981794506 7.85999982431531 7.86499982420355 7.82999982498586 7.73499982710928 7.62499982956797 7.61999982967973 7.58499983046204 7.38499983493239 7.24499983806163 6.94999984465539 6.86999984644353 6.79999984800816 6.46499985549599 6.20999986119568 5.96499986667186 5.92999986745417 -9999 -9999 -9999 -9999 -9999 -9999 -9999 -9999 -9999 -9999 -9999 -9999 -9999 -9999 -9999 -9999 -9999 -9999 -9999 -9999
-9999 -9999 -9999 3.8400372271426 -9999 9.58325882670605 5.10499988589436 6.03499986510724 6.75499984901398 6.78999984823167 6.89499984588474 7.27499983739108 7.54999983124435 7.79999982565641 7.94499982241541 8.33999981358647 8.57999980822206 8.63499980699271 8.69999980553985 8.77999980375171 8.73499980475754 8.71999980509281 8.58999980799854 8.51999980956316 8.2949998145923 8.12999981828034 7.90999982319772 7.79499982576817 7.76499982643872 7.58999983035028 7.4949998324737 7.33499983604997 7.12999984063208 6.95999984443188 6.82499984744936 6.78999984823167 6.69999985024333 6.56499985326082 6.42499985639006 6.20999986119568 13.2949997028336 -9999 -9999 -9999 -9999 -9999 -9999 -9999 -9999 -9999 -9999 -9999 -9999 -9999 -9999 -9999 -9999 -9999 -9999 -9999 -9999 -9999
-9999 -9999 3.88019958557561 -9999 6.38999985717237 6.38999985717237 5.9449998671189 6.81499984767288 7.22499983850867 7.12499984074384 7.21499983873218 7.52999983169138 7.85999982431531 8.03499982040375 8.16999981738627 8.48999981023371 8.61499980743974 8.71499980520457 8.7549998043105 8.73499980475754 8.71499980520457 8.72499980498105 8.68499980587512 8.6099998075515 8.41499981191009 8.1249998183921 7.894999823533 7.77999982610345 7.70499982777983 7.48999983258545 7.33499983604997 7.31499983649701 7.06999984197319 6.81999984756112 6.63499985169619 6.43999985605478 6.31999985873699 6.2599998600781 19.2133957969622 -9999 -9999 -9999 -9999 -9999 -9999 -9999 -9999 -9999 -9999 -9999 -9999 -9999 -9999 -9999 -9999 -9999 -9999 -9999 -9999 -9999 -9999 -9999
16.7749996250495 16.7749996250495 -9999 4.39999990165234 4.35999990254641 4.55999989807606 5.44499987829477 5.75499987136573 6.56499985326082 7.10999984107912 7.3749998351559 7.52499983180314 8.02499982062727 8.3549998132512 8.50499980989844 8.64499980676919 8.70999980531633 8.78499980363995 8.64999980665743 8.50499980989844 8.47499981056899 8.5249998094514 8.38999981246889 8.27999981492758 8.17999981716275 8.05999981984496 7.88999982364476 7.59999983012676 7.27499983739108 7.13999984040856 6.97999984398484 6.95499984454364 6.77499984856695 6.49499985482544 6.46499985549599 6.07499986421317 5.76999987103045 5.7149998722598 -9999 -9999 -9999 -9999 -9999 -9999 -9999 -9999 -9999 -9999 -9999 -9999 -9999 -9999 -9999 -9999 -9999 -9999 -9999 -9999 -9999 -9999 -9999 -9999
4.08999990858138 4.58999989740551 5.07999988645315 4.70499989483505 4.45999990031123 4.61499989684671 5.37999987974763 6.18999986164272 6.83999984711409 6.91999984532595 6.76499984879047 7.38499983493239 8.07999981939793 8.43499981146306 8.70499980542809 8.75999980419874 8.74499980453402 8.76499980408698 8.56999980844557 8.35999981313944 8.29999981448054 8.18499981705099 7.93999982252717 7.68999982811511 7.77999982610345 7.66999982856214 7.39999983459711 7.08999984152615 6.79499984811991 6.52499985415488 6.29999985918403 6.29999985918403 6.27499985974282 6.09499986376613 5.98499986622483 5.98999986611307 5.16499988455325 5.15499988477677 13.2399997040629 13.2399997040629 -9999 -9999 -9999 -9999 -9999 -9999 -9999 -9999 -9999 -9999 -9999 -9999 -9999 -9999 -9999 -9999 -9999 -9999 -9999 -9999 -9999 -9999
4.45499990042299 4.69499989505857 4.74999989382923 4.54499989841133 5.75499987136573 5.24499988276511 7.05499984230846 7.18499983940274 7.36499983537942 7.42499983403832 7.3749998351559 7.72499982733279 8.1249998183921 8.53499980922788 8.71999980509281 8.7549998043105 8.76499980408698 8.71499980520457 8.45499981101602 8.16999981738627 8.0649998197332 7.78999982587993 7.3749998351559 7.2049998389557 7.21499983873218 6.87999984622002 6.6599998511374 6.4299998562783 6.08499986398965 5.87499986868352 5.89499986823648 5.97499986644834 5.99999986588955 6.15499986242503 11.4004345277891 12.8649997124448 5.0084998880513 4.84914623307655 4.84682915995761 -9999 -9999 -9999 -9999 -9999 -9999 -9999 -9999 -9999 -9999 -9999 -9999 -9999 -9999 -9999 -9999 -9999 -9999 -9999 -9999 -9999 -9999 -9999
5.59999987483025 4.67999989539385 4.59499989729375 6.07499986421317 6.18499986175448 7.0599998421967 7.1199998408556 7.4949998324737 7.54499983135611 7.72499982733279 8.05999981984496 8.12999981828034 8.39499981235713 8.72999980486929 8.77499980386347 8.71999980509281 8.67999980598688 8.54999980889261 8.50499980989844 8.27999981492758 7.99499982129782 7.38999983482063 7.40999983437359 7.08999984152615 6.95999984443188 6.74999984912574 6.34999985806644 6.02499986533076 5.90499986801296 5.71999987214804 5.71999987214804 5.78999987058342 5.90999986790121 5.93499986734241 5.7149998722598 5.5699998755008 15.9214282155569 -9999 -9999 -9999 -9999 -9999 -9999 -9999 -9999 -9999 -9999 -9999 -9999 -9999 -9999 -9999 -9999 -9999 -9999 -9999 -9999 -9999 -9999 -9999 -9999 -9999
6.21499986108392 6.45499985571951 7.03999984264374 7.00999984331429 7.13999984040856 7.40499983448535 7.34499983582646 7.21499983873218 7.47999983280897 7.50999983213842 8.02999982051551 8.33499981369823 8.71499980520457 8.78499980363995 8.81999980285764 8.75999980419874 8.67999980598688 8.51499980967492 8.49999981001019 8.24499981570989 7.2049998389557 7.19499983917922 6.70499985013157 6.61999985203147 6.27499985974282 6.50499985460192 6.22499986086041 5.64999987371266 5.77999987080693 5.69499987270683 5.63499987404794 6.06999986432493 -9999 -9999 -9999 13.6052278061397 -9999 -9999 -9999 -9999 -9999 -9999 -9999 -9999 -9999 -9999 -9999 -9999 -9999 -9999 -9999 -9999 -9999 -9999 -9999 -9999 -9999 -9999 -9999 -9999 -9999 -9999
6.3449998581782 6.52499985415488 6.47499985527247 6.63499985169619 7.33999983593822 7.38499983493239 7.44999983347952 7.4949998324737 7.2899998370558 7.32499983627349 8.25499981548637 8.76999980397522 8.85499980207533 8.76999980397522 8.8399998024106 8.71499980520457 8.53499980922788 8.50499980989844 8.33499981369823 7.70499982777983 7.76999982632697 6.89999984577298 6.70999985001981 6.41999985650182 6.22999986074865 6.03999986499548 5.91999986767769 5.85999986901879 5.80999987013638 5.64999987371266 5.6549998736009 5.50499987695366 5.67999987304211 5.98499986622483 -9999 -9999 -9999 -9999 -9999 -9999 -9999 -9999 -9999 -9999 -9999 -9999 -9999 -9999 -9999 -9999 -9999 -9999 -9999 -9999 -9999 -9999 -9999 -9999 -9999 -9999 -9999 -9999
6.11999986320734 6.03499986510724 6.29499985929579 5.83999986946583 7.72749982727692 7.0716665086026 7.47999983280897 7.55999983102083 7.68999982811511 8.80999980308115 9.0449997978285 8.78999980352819 8.75999980419874 8.76499980408698 8.82499980274588 8.69499980565161 8.59999980777502 8.53499980922788 8.29999981448054 8.08499981928617 7.97499982174486 7.90999982319772 6.98499984387308 7.04499984253198 6.68999985046685 6.12999986298382 5.95999986678362 5.78499987069517 5.5099998768419 5.53499987628311 5.594999874942 5.70999987237155 5.85499986913055 5.88499986846 5.86999986879528 4.99999988824129 -9999 -9999 -9999 -9999 -9999 -9999 -9999 -9999 -9999 -9999 -9999 -9999 -9999 -9999 -9999 -9999 -9999 -9999 -9999 -9999 -9999 -9999 -9999 -9999 -9999 -9999
-9999 -9999 -9999 -9999 7.15999983996153 7.18999983929098 5.92999986745417 7.70999982766807 9.28499979246408 9.35499979089946 8.8149998029694 9.05999979749322 9.12499979604036 8.77499980386347 8.46999981068075 8.51499980967492 8.43499981146306 8.32999981380999 8.27499981503934 8.17499981727451 7.98999982140958 7.6649998286739 7.32499983627349 7.15999983996153 6.89499984588474 6.56499985326082 6.51999985426664 -9999 -9999 -9999 -9999 -9999 -9999 -9999 -9999 -9999 -9999 -9999 -9999 -9999 -9999 -9999 -9999 -9999 -9999 -9999 -9999 -9999 -9999 -9999 -9999 -9999 -9999 -9999 -9999 -9999 -9999 -9999 -9999 -9999 -9999 -9999
-9999 -9999 -9999 -9999 -9999 7.48071411850729 8.2949998145923 8.86499980185181 9.42999978922307 9.04999979771674 8.95999979972839 9.19499979447573 8.61999980732799 8.19999981671572 8.19999981671572 8.04999982006848 8.1499998178333 8.26499981526285 8.2699998151511 8.10499981883913 7.73999982699752 7.43999983370304 7.30499983672053 7.10499984119087 7.02499984297901 -9999 -9999 -9999 -9999 -9999 -9999 -9999 -9999 -9999 -9999 -9999 -9999 -9999 -9999 -9999 -9999 -9999 -9999 -9999 -9999 -9999 -9999 -9999 -9999 -9999 -9999 -9999 -9999 -9999 -9999 -9999 -9999 -9999 -9999 -9999 -9999 -9999
