EcologicalScience/Bass/data/rs_data_bass/sst_149.asc
NCOLS 226 
NROWS 124 
XLLCORNER -9.41648524995501 
YLLCORNER 47.587301625531 
CELLSIZE 0.0833 
NODATA_value -9999 
[rows 0 to 26 of 124, columns 62 to 123 of 226]
-9999 -9999 -9999 -9999 -9999 -9999 -9999 -9999 -9999 -9999 -9999 -9999 -9999 -9999 -9999 -9999 -9999 -9999 -9999 -9999 -9999 -9999 -9999 -9999 -9999 -9999 -9999 -9999 -9999 -9999 -9999 -9999 -9999 -9999 -9999 -9999 -9999 -9999 -9999 -9999 -9999 -9999 -9999 -9999 -9999 -9999 -9999 -9999 -9999 -9999 -9999 -9999 -9999 -9999 -9999 -9999 -9999 -9999 -9999 -9999 -9999 -9999
-9999 -9999 -9999 -9999 -9999 -9999 -9999 -9999 -9999 -9999 -9999 -9999 -9999 -9999 -9999 -9999 -9999 -9999 -9999 -9999 -9999 -9999 -9999 -9999 -9999 -9999 -9999 -9999 -9999 -9999 -9999 -9999 -9999 -9999 -9999 -9999 -9999 -9999 -9999 -9999 -9999 -9999 -9999 -9999 -9999 -9999 -9999 -9999 -9999 -9999 -9999 -9999 -9999 -9999 -9999 -9999 -9999 -9999 -9999 -9999 -9999 -9999
-9999 -9999 -9999 -9999 -9999 -9999 -9999 -9999 -9999 -9999 -9999 -9999 -9999 -9999 -9999 -9999 -9999 -9999 -9999 -9999 -9999 -9999 -9999 -9999 -9999 -9999 -9999 -9999 -9999 -9999 -9999 -9999 -9999 -9999 -9999 -9999 -9999 -9999 -9999 -9999 -9999 -9999 -9999 -9999 -9999 -9999 -9999 -9999 -9999 -9999 -9999 -9999 -9999 -9999 -9999 -9999 -9999 -9999 -9999 -9999 -9999 -9999
-9999 -9999 -9999 -9999 -9999 -9999 -9999 -9999 -9999 -9999 -9999 -9999 -9999 -9999 -9999 -9999 -9999 -9999 -9999 -9999 -9999 -9999 -9999 -9999 -9999 -9999 -9999 -9999 -9999 -9999 -9999 -9999 -9999 -9999 -9999 -9999 -9999 -9999 -9999 -9999 -9999 -9999 -9999 -9999 -9999 -9999 -9999 -9999 -9999 -9999 -9999 -9999 -9999 -9999 -9999 -9999 -9999 -9999 -9999 -9999 -9999 -9999
-9999 -9999 -9999 -9999 -9999 -9999 -9999 -9999 -9999 -9999 -9999 -9999 -9999 -9999 -9999 -9999 -9999 -9999 -9999 -9999 -9999 -9999 -9999 -9999 -9999 -9999 -9999 -9999 -9999 -9999 -9999 -9999 -9999 -9999 -9999 -9999 -9999 -9999 -9999 -9999 -9999 -9999 -9999 -9999 -9999 -9999 -9999 -9999 -9999 -9999 -9999 -9999 -9999 -9999 -9999 -9999 -9999 -9999 -9999 -9999 -9999 -9999
-9999 -9999 -9999 -9999 -9999 -9999 -9999 -9999 -9999 -9999 -9999 -9999 -9999 -9999 -9999 -9999 -9999 -9999 -9999 -9999 -9999 -9999 -9999 -9999 -9999 -9999 -9999 -9999 10.484999765642 6.38174076797441 7.82017476018518 7.27965635294095 6.83643604023382 7.36500136461109 7.18498793663457 7.28754538763314 7.24523147428408 7.23303932975978 7.31479841656983 7.25670643383637 7.33918270561844 7.30762656684965 7.30762656684965 7.21224096557125 7.26029235869646 7.24881739914417 7.12833032384515 7.0150150982663 7.04226812720299 7.00712606357411 6.92823571665213 6.94759971089661 7.06593523127958 6.5567339011468 6.66718038683757 7.08529922552407 7.05015716189519 6.9748527398333 7.02649005781859 7.16203801752999 7.00784324854612 7.37647632416338
-9999 -9999 -9999 -9999 -9999 -9999 -9999 -9999 -9999 -9999 -9999 -9999 -9999 -9999 -9999 -9999 -9999 -9999 -9999 -9999 -9999 -9999 -9999 -9999 -9999 -9999 -9999 6.49417005917605 6.74202841846272 7.05517745669931 7.10083823325112 7.30165002541617 6.64064454287291 6.73531295917928 7.26029235869646 7.24021117947996 7.30906093679368 7.22515029506758 7.2301705898717 7.2100894106552 7.2301705898717 7.16777549730614 7.14841150306165 7.12115847412497 7.13765372848138 7.17638171697035 7.04800560697913 7.05015716189519 6.97987303463742 6.9590746704489 6.90887172240764 6.94831689586863 6.93827630626038 6.92608416173607 6.98561051441357 7.14410839322954 6.95262000570074 7.07023834111169 7.06163212144747 7.00354013871402 7.31694997148588 7.32053589634597
-9999 -9999 -9999 -9999 -9999 -9999 -9999 -9999 -9999 -9999 -9999 -9999 -9999 -9999 -9999 -9999 -9999 -9999 -9999 -9999 -9999 -9999 -9999 -9999 -9999 -9999 6.42498280305196 7.75754060596228 7.13980528339744 7.23495182301849 7.17996764183044 7.20291756093502 6.6722006816417 7.24021117947996 7.28467664774507 7.18498793663457 7.24523147428408 7.19861445110291 7.23232214478776 7.12331002904102 7.10968351457268 7.14195683831349 7.08027893071994 7.12976469378918 7.06163212144747 7.11470380937681 7.05230871681124 7.09820855502039 7.07023834111169 7.02075257804245 7.06952115613967 7.01860102312639 7.09318826021627 7.00712606357411 6.96337778028101 6.96194341033697 7.21726126037538 7.07238989602774 7.21367533551529 7.07741019083187 7.15486616780981 7.4173558675684
-9999 -9999 -9999 -9999 -9999 -9999 -9999 -9999 -9999 -9999 -9999 -9999 -9999 -9999 -9999 -9999 -9999 -9999 -9999 -9999 -9999 -9999 -9999 -9999 -9999 6.45273151081265 7.02978910868987 7.0067674710881 7.2112847189419 7.04704936034977 7.08709218795411 7.2100894106552 7.27750479802489 7.24021117947996 7.24236273439601 7.17781608691439 6.94975126581267 7.21582689043134 7.08529922552407 7.08529922552407 7.06019775150344 7.12115847412497 7.08027893071994 7.09031952032819 7.00784324854612 7.17351297708228 7.13621935853735 7.03007598267868 7.09964292496443 7.06593523127958 7.12402721401304 7.04728842200711 7.00640887860209 7.02935879770666 6.94975126581267 6.98847925430164 7.14482557820156 7.13550217356533 7.12474439898506 7.27105013327673 7.19502852624282 7.4532151161693
-9999 -9999 -9999 -9999 -9999 -9999 -9999 -9999 -9999 -9999 -9999 -9999 -9999 -9999 -9999 -9999 -9999 -9999 -9999 -9999 -9999 -9999 -9999 -9999 -9999 8.86907401662602 6.52661213232204 7.20004882104695 6.69395529245958 7.08314767060801 7.23232214478776 7.16777549730614 7.2459486592561 7.18283638171852 7.21726126037538 7.17638171697035 7.20004882104695 7.18498793663457 7.15271461289376 7.07023834111169 7.09749137004837 7.15271461289376 6.98202458955348 7.16132083255798 7.10466321976855 7.15271461289376 7.14697713311762 7.08529922552407 7.07382426597178 7.0666524162516 7.09031952032819 7.07741019083187 7.04585405206308 7.04872279195115 6.97126681497321 7.01358072832227 7.09892573999241 7.15916927764192 7.15343179786578 7.28467664774507 7.23877680953592 7.361415439751
-9999 -9999 -9999 -9999 -9999 -9999 -9999 -9999 -9999 -9999 -9999 -9999 -9999 -9999 -9999 -9999 -9999 -9999 -9999 -9999 -9999 -9999 -9999 -9999 7.71498763095587 7.36249121720903 7.11494287103415 6.94425284769386 7.23519088467583 7.17996764183044 7.29973753215745 7.22228155517951 7.17279579211026 7.18498793663457 7.19502852624282 7.15630053775385 7.2258674800396 6.9523809440434 7.28587195603177 7.06808678619564 7.09247107524425 7.08888515038416 7.1025116648525 7.02218694798648 6.77475813264027 7.05732901161537 6.98345895949751 7.0307931676507 7.00856043351814 7.00784324854612 7.03724783239886 7.06450086133555 7.06091493647546 7.08960233535618 7.07741019083187 7.02362131793052 7.07525863591582 7.43169956700876 7.30404064198956 7.22156437020749 7.41090120282024 7.44604326644912
-9999 -9999 -9999 -9999 -9999 -9999 -9999 -9999 -9999 -9999 -9999 -9999 -9999 -9999 -9999 -9999 -9999 -9999 -9999 -9999 -9999 -9999 -9999 -9999 6.99360200410177 7.14123965334147 7.10203354153782 7.10520110849757 7.29615160729736 7.25527206389233 7.28874069591984 7.20722067076713 7.14984587300569 7.3905809619464 7.35328734340146 7.10466321976855 7.0189596156124 7.05517745669931 7.05517745669931 7.06019775150344 7.13263343367726 7.15988646261394 7.12904750881717 7.05517745669931 7.06808678619564 7.00999480346218 6.98345895949751 7.04728842200711 6.98274177452549 6.90241705765948 7.05804619658738 7.07238989602774 7.06521804630756 7.13980528339744 7.12402721401304 7.09175389027223 7.19718008115888 7.23088777484372 7.25240332400426 7.19646289618686 7.28611101768911 7.3018890870735
-9999 -9999 -9999 -9999 -9999 -9999 -9999 -9999 -9999 -9999 -9999 -9999 -9999 -9999 -9999 -9999 -9999 -9999 -9999 -9999 -9999 -9999 -9999 6.46499985549599 6.77141126943752 6.88914913567714 6.95596686890349 7.12976469378918 7.19502852624282 6.98919643927366 7.6573737715371 7.15988646261394 7.32842493103817 7.4027731064707 7.10968351457268 6.96552933519706 7.09533981513232 7.22515029506758 7.23519088467583 7.12474439898506 7.12402721401304 7.13980528339744 7.07741019083187 7.10179447988048 7.0587633815594 7.08386485558003 7.06952115613967 6.90169987268746 7.02075257804245 7.0465712370351 6.99349954910576 7.00354013871402 7.05517745669931 7.09390544518828 7.09318826021627 7.11470380937681 7.12474439898506 7.25240332400426 7.34778892528266 7.38293098891154 7.43600267684087 7.40803246293217
-9999 -9999 -9999 -9999 -9999 -9999 -9999 -9999 -9999 -9999 -9999 -9999 -9999 -9999 -9999 -9999 -9999 -9999 -9999 -9999 -9999 8.87109759505442 6.58422599174082 6.75431836093776 6.72957547940314 6.89847254031338 7.28395946277305 7.24666584422812 7.09964292496443 7.26889857836068 7.28109072288498 7.51752270199358 7.4386323550716 7.30045471712947 7.09533981513232 7.22491123341024 7.06019775150344 7.03724783239886 7.04728842200711 7.14984587300569 7.05159153183922 7.10394603479654 7.0666524162516 7.03509627748281 7.0386822023429 7.02003539307043 7.12474439898506 7.02649005781859 7.02433850290254 6.95262000570074 6.9669637051411 7.082430485636 7.04083375725895 7.23519088467583 7.24021117947996 7.24236273439601 7.13191624870524 7.15773490769789 7.10681477468461 7.17207860713825 7.12187565909699 7.42094179242849
-9999 -9999 -9999 -9999 -9999 -9999 -9999 -9999 -9999 -9999 -9999 -9999 -9999 -9999 -9999 -9999 -9999 -9999 -9999 -9999 10.0861405286628 6.53657303471118 6.7679448754061 6.98668629187159 7.00138858379796 6.9748527398333 6.92273729853332 7.13669748185202 7.19897304358892 7.25240332400426 7.41125979530625 7.23770103207789 7.58541621267796 7.45966978091747 7.11566005600616 7.39416688680649 7.05661182664335 7.03222753759474 7.0150150982663 7.04011657228693 7.05517745669931 7.07525863591582 7.07812737580389 7.09749137004837 7.00999480346218 6.7001708955504 7.10179447988048 7.03509627748281 7.02649005781859 7.02935879770666 7.00138858379796 7.03581346245483 7.10968351457268 7.08960233535618 7.10036010993645 7.13406780362129 7.15916927764192 7.06736960122362 7.17136142216623 7.202200375963 7.13908809842542 7.28897975757718
-9999 -9999 -9999 -9999 -9999 -9999 -9999 -9999 -9999 -9999 -9999 -9999 -9999 -9999 -9999 -9999 -9999 -9999 -9999 -9999 10.2089003106298 7.61366895399988 6.62462741183117 6.78623309219256 6.73340046592057 6.74481566005852 6.81420330610126 7.00927761849016 7.21893469197676 7.21941281529143 7.24702443671413 7.16024505509995 7.21690266788937 7.22538935672492 6.74702698038891 6.84958443138748 7.06521804630756 7.08027893071994 7.00784324854612 7.0150150982663 7.10968351457268 7.04226812720299 7.01931820809841 7.09605700010434 7.42667927220464 7.51489302376285 7.43385112192482 7.09533981513232 7.00497450865805 7.00999480346218 7.06019775150344 6.99923702888191 7.21833703783341 7.01860102312639 7.07597582088783 7.07525863591582 7.22730184998363 7.17494734702632 7.16132083255798 7.24451428931206 7.08960233535618 7.10681477468461
-9999 -9999 -9999 -9999 -9999 -9999 -9999 -9999 -9999 -9999 -9999 -9999 -9999 -9999 -9999 -9999 -9999 -9999 5.68529982795008 7.67609413824259 6.59044159483165 5.89979246677831 6.91066468483768 6.87803276861086 7.08386485558003 7.22550888755359 6.88377024838701 6.94305753940716 6.80822676466778 7.09282966773026 7.002822953742 7.26507359184325 7.2538376939483 7.04943997692317 7.04155094223097 6.92727947002277 7.02218694798648 7.07023834111169 6.61912899371237 7.04011657228693 7.07023834111169 7.06521804630756 6.95477156061679 7.02505568787456 7.13478498859331 7.0666524162516 7.10322884982452 7.07525863591582 7.93420717073604 7.122592844069 7.05517745669931 7.10466321976855 7.02003539307043 7.02720724279061 7.07884456077591 7.11255225446075 7.1462599481456 7.17853327188641 7.16132083255798 7.19502852624282 7.12115847412497 7.17207860713825
-9999 -9999 -9999 -9999 -9999 -9999 -9999 -9999 -9999 -9999 -9999 -9999 -9999 -9999 -9999 -9999 7.33069900745018 6.26104878268338 7.09390544518828 5.86967069795355 5.81014434527606 5.86536758812144 6.6631163386628 6.4771263692528 6.95453249895945 6.92919196328148 7.09211248275824 6.70543025201187 6.69945371057838 6.83213293040171 6.87516402872279 6.93648334383033 7.16490675741807 7.02051351638511 6.97987303463742 7.0150150982663 7.03007598267868 6.99995421385393 7.0150150982663 6.89189834473655 7.05230871681124 7.03007598267868 7.11900691920891 7.02505568787456 7.02003539307043 7.03007598267868 7.05015716189519 7.12976469378918 8.09700815938413 8.01859593577683 7.11757254926488 7.02003539307043 7.02218694798648 7.03509627748281 7.00784324854612 7.07669300585985 7.18498793663457 7.12976469378918 7.12115847412497 6.54525894159451 6.33082063496113 7.19215978635475
-9999 -9999 -9999 -9999 -9999 -9999 -9999 -9999 -9999 -9999 8.32247924271117 6.90895692658507 8.41802882083568 -9999 -9999 -9999 7.44489342235434 6.93251911615953 6.8278298205696 5.93636890035123 5.87612536270171 5.86178166326135 6.38783684023656 6.3853266928345 6.70758180692792 6.67004912672564 6.8593859593384 6.737225452438 6.76615191297606 6.83643604023382 6.80392365483567 6.98871831595898 6.70626696781255 6.69694356317632 6.6761451989878 6.72993407188915 6.94975126581267 6.9153263871558 6.77953936578706 6.87874995358288 6.9949339190498 6.97987303463742 7.03724783239886 7.00999480346218 6.98489332944155 7.18403169000521 7.17279579211026 8.10131126921624 7.14482557820156 7.06019775150344 6.96481215022504 7.70327360974625 6.98776206932962 6.99349954910576 6.88018432352692 7.01142917340621 7.07597582088783 7.08027893071994 7.05374308675528 7.11613817932084 6.56964323064312 6.78551590722054
-9999 -9999 -9999 -9999 -9999 -9999 -9999 -9999 -9999 -9999 -9999 -9999 -9999 -9999 -9999 -9999 -9999 7.21499983873218 8.00115842989686 7.1343751686093 6.03534042648971 6.4929044386372 6.74965665861964 6.69204279920086 6.12498854799196 6.83285011537373 6.72061066725291 6.67435223655775 6.82304858742282 6.8581906510517 6.81109550455585 6.47927792416885 6.56031982600689 6.63132113823667 6.66072572208941 6.71774192736484 6.8195821933914 6.93947161454707 6.70590837532654 6.81850641593337 7.02935879770666 7.24929552245885 6.9748527398333 7.27415793482214 7.03222753759474 7.99779757158831 7.17172001465224 7.43576361518353 7.48309782333672 7.07525863591582 6.95979185542092 6.92464979179204 7.75682342099026 6.14542831969447 6.97951444215141 6.87229528883472 6.99134799418971 6.97341836988926 7.07597582088783 7.06019775150344 6.96122622536495 6.96768089011312
-9999 -9999 -9999 -9999 -9999 -9999 -9999 -9999 -9999 -9999 -9999 -9999 -9999 -9999 7.38076959069724 8.04776145797223 9.52116485427771 8.29188471202823 5.9951780680567 6.00019836286083 5.90481276158243 6.13359476765618 6.64686014596373 6.7080599302426 6.71523177996278 6.68762015854008 6.55529953120276 6.86117892176844 6.75324258347973 6.36847284599207 6.25372325046919 6.51155124790967 6.51370280282572 6.7809737357311 6.66861475678161 6.96983244502917 6.59546188963577 6.77009643032216 6.97772147972137 6.96122622536495 6.79699086677283 7.21152378059924 6.57466352544725 7.39560125675052 8.00257880473509 7.58804589090869 6.93253882648423 5.8399075216148 5.84707937133498 6.11494795838371 6.23830377357081 6.08410900458694 6.72742392448708 6.83751181769185 6.88018432352692 6.88663898827508 7.03581346245483 7.04728842200711 7.6601229805965 7.02720724279061 6.9791558496654 7.03509627748281
-9999 -9999 -9999 -9999 -9999 -9999 -9999 -9999 -9999 -9999 -9999 -9999 11.649795110092 6.88233587844297 6.79842523671687 6.09128085430712 6.03749198140576 5.76424450706691 6.00593584263697 6.06402782537043 5.5447859056294 6.63418987812474 6.50186925078742 6.75037384359166 6.71810051985085 6.69479200826026 6.70471306703985 6.66933194175363 6.61984617868438 6.73842076072469 6.62343210354447 6.58207443682477 6.76065349485725 6.76663003629074 6.83404542366043 6.98489332944155 6.74356058635749 6.95190282072872 6.77798546501435 7.09055858198553 7.12474439898506 7.35543889831752 7.36715291952714 7.29806410055608 7.53616951126605 7.1383709134534 8.01285845600069 7.98034607060254 6.18559067812748 7.75180312618613 6.97879725717939 6.99959562136792 7.19610430370085 7.18642230657861 7.48333688499406 7.46540726069361 7.5446562001016 6.83285011537373 6.9074373524636 6.92967008659616 6.97987303463742 6.97987303463742
-9999 -9999 -9999 -9999 -9999 -9999 -9999 -9999 -9999 -9999 10.8319594601635 7.13507186258212 6.82639545062557 6.0747855999507 5.82233648980036 6.1701712012291 8.47233496140689 4.06566906588919 3.17117259261431 6.83084199745208 7.29495629901066 6.62271491857246 6.84504225989804 6.47808261588216 6.65678120474331 6.64566483767703 6.67817722307518 6.71403647167608 6.485015403945 6.71690521156415 6.54645424988121 6.62773521337658 6.71415600250475 6.75037384359166 4.66587572242133 5.55518508772366 6.8357188552618 6.8077486413531 6.91269670892507 6.71630755742081 6.92464979179204 6.87994526186958 6.92751853168011 7.75825779093429 7.83021534979343 6.21212652209215 6.1701712012291 7.92799156764522 6.83033996797167 6.73244421929121 7.06844537868164 7.10179447988048 7.42201756988652 7.4611041508615 7.37217321433127 7.11326943943277 6.81994078587741 6.79483931185678 6.90026550274342 7.81073182472028 6.96839807508513 6.94975126581267
-9999 -9999 -9999 -9999 -9999 -9999 -9999 -9999 -9999 -9999 13.0049997093156 6.45353895239532 6.33942685462534 7.23242459978376 7.15804227268589 7.51639715731144 11.0599997527897 -9999 -9999 9.22999979369342 8.78270785358948 8.29592352482146 6.67973112384789 6.65104372496717 6.68032877799124 6.69562872406095 6.58326974511147 6.59546188963577 6.60263373935595 6.54597612656653 4.22086244728416 2.8627531719394 4.25492873345502 4.39477980299853 4.78349405783229 6.10885188612156 5.57096315710805 5.48884547781199 7.21248002722859 7.19215978635475 7.24666584422812 7.04728842200711 7.0174057148397 7.20267849927768 5.69467756478116 7.80439669080079 5.65523239132017 6.66000853711739 8.00544754462317 7.01465650578029 7.20291756093502 7.23196355230175 7.2975859772414 7.4729377028998 7.10215307236649 7.7558671743609 6.73029266437516 6.81492049107328 6.82998137548566 6.86297188419849 6.90026550274342 6.94186223112047
-9999 -9999 -9999 -9999 -9999 -9999 -9999 -9999 -9999 -9999 -9999 -9999 -9999 -9999 -9999 -9999 -9999 -9999 -9999 -9999 -9999 -9999 -9999 -9999 11.362925002555 7.05835356157539 6.92106386693195 6.61841180874035 6.57561977207661 6.23758658859879 2.93327636085451 2.80442212754861 3.86705119442195 3.73102511139587 5.1424451363273 5.22025970579125 4.97283089044504 5.57347330451012 6.66407258529216 7.33989989059046 7.55911943037063 7.41018401784822 7.19215978635475 6.99708547396585 8.04226303985342 7.98130231723189 8.15486108046025 7.7877819056157 7.00963621097617 7.37181462184526 7.17602312448435 7.47903377516195 7.41161838779226 7.41484572016634 7.92703532101586 6.98776206932962 7.26961576333269 6.88018432352692 6.85006255470216 6.85006255470216 6.98991362424567 6.92464979179204
-9999 -9999 -9999 -9999 -9999 -9999 -9999 -9999 -9999 -9999 -9999 -9999 -9999 -9999 -9999 -9999 -9999 -9999 -9999 -9999 -9999 -9999 -9999 -9999 -9999 10.6396679468453 8.55194249330088 5.91259934127863 5.85138248116709 5.61363566294312 3.19122388912365 3.30716879293323 3.11042104894295 3.79844049876556 4.24046550318599 5.35007018572651 6.644589060219 4.19970549060963 6.67387411324307 6.96122622536495 7.1013163565658 7.05398214841262 7.27822198299691 7.50054932432249 6.57322915550321 7.36739198118448 7.48405406996608 7.51704457867891 7.63502150657587 7.93444623239338 7.87276832479984 7.73363444022834 7.58517715102062 7.84981840569526 7.34886470274068 7.53102968563326 6.88018432352692 6.93971067620441 7.98500777292065 7.02505568787456 7.00999480346218 6.95477156061679
-9999 -9999 -9999 -9999 -9999 -9999 -9999 -9999 -9999 -9999 -9999 -9999 -9999 -9999 -9999 -9999 -9999 -9999 -9999 -9999 -9999 -9999 -9999 -9999 -9999 -9999 -9999 6.21309984455417 7.10514134308323 3.0523290662095 3.24740337859839 3.13241472141817 3.26150801638141 5.87755973264575 3.7561265854165 4.89250617357902 6.5925931497477 6.81252987449989 6.85962502099574 6.99971515219659 6.90695922914892 6.7943611885421 6.78946042456664 6.48358103400096 7.42488630977459 7.15665913023986 7.60238959034905 6.76113161817193 7.82399974670261 8.16322823846713 6.6418398511596 7.91006194334477 6.54023864679039 7.86057618027553 7.48441266245209 7.74475080729462 7.98715932783671 8.04238257068209 8.0108264319133 7.98393199546263 7.06234930641949 7.13478498859331
