EcologicalScience/Bass/data/rs_data_bass/sst_347.asc
NCOLS 226 
NROWS 124 
XLLCORNER -9.41648524995501 
YLLCORNER 47.587301625531 
CELLSIZE 0.0833 
NODATA_value -9999 
[rows 54 to 80 of 124, columns 124 to 185 of 226]
14.5196386454627 13.9114657891914 14.5031433911063 14.573427518364 15.1098818774335 15.4828180628829 15.3522903979756 15.2217627330683 15.3429669933394 15.0360118253157 15.1722769699991 15.1478926809505 15.2396923573688 15.3709372072481 15.7359843580052 15.6226691324264 15.5961332884617 15.9511398496106 15.925321190618 16.0415051560849 16.0995971388184 16.126850167755 15.9389477050863 16.283196491655 15.8693807628006 15.8908963119611 15.8191778147593 15.9353617802262 15.9332102253102 16.3470259541646 16.3620868385769 16.0149693121202 15.9038056414574 16.0529801156372 15.884441647213 16.0164036820643 15.9073915663175 16.1806390406564 16.0386364161968 16.0938596590422 16.2580950176343 15.8708151327446 16.5478377463296 16.7135074748658 16.0178380520083 16.9021271225065 16.5887172897346 16.7443464286625 16.7185277696699 17.0663624810986 16.8720053536817 16.6546983071603 17.4464705162682 16.6964999455293 17.637241718825 17.5167546435259 17.4500564411283 17.6759697073139 17.521057753358 17.1122623193078 16.8021196625195 17.4036552697348
14.5497604142874 15.3185827042907 15.2145908833481 15.0919522531331 15.3910183864646 15.8801385373808 15.6434674966149 15.2375408024527 15.2353892475367 14.8875545361079 15.3587450627238 15.3594622476958 15.6355784619227 15.7732779765502 15.8536026934162 15.5107882767916 15.3881496465765 15.9783928785473 16.0888393642381 15.8815729073249 16.0221411618404 16.08597062435 15.7632373869419 15.6915188897401 15.448393184226 15.2863093805499 15.6592455659993 15.8406933639199 16.3176213703118 16.5377971567214 16.2975401910953 16.0931424740702 16.0565660404973 16.1555375666358 15.7445905776694 16.0436567110009 16.1275673527271 16.1849421504885 16.2294076187536 16.1734671909362 15.8550370633602 16.1942655551247 15.7797326412983 18.2568895346485 16.4187444513664 16.5951719544828 16.48400828382 16.8590960241854 17.5282296030782 17.2119510304183 17.0728171458468 17.3969847531989 17.719717990607 17.000381463673 17.122302908916 17.4249549671076 17.7749412334524 15.992902082212 -9999 -9999 -9999 -9999
16.0235755317844 16.0278786416166 14.9391918540932 15.0030213166028 15.6814783001319 15.8141575199552 15.8227637396194 15.4060792708769 15.1493270508945 15.1435895711184 15.2655110163614 15.4534134790301 15.7424390227534 15.7395702828653 15.7718436066061 16.0135349421762 15.9389477050863 16.1304360926151 16.5980406943709 16.2867824165151 15.9145634160377 15.6578111960553 15.4634540686384 15.6241035023704 15.2418439122848 15.209570588544 15.4964445773512 15.8507339535281 16.1555375666358 15.9590288843028 16.243034133222 16.0580004104413 16.2710043471307 15.8543198783882 16.0314645664766 15.8650776529685 15.8557542483322 15.805551300291 16.0013427976519 15.8435621038079 16.9372691861354 16.6475264574401 17.0254829376936 17.8079317421652 16.4653614745475 18.6226538703777 17.6092715049163 15.7215102612972 17.2485274639912 16.9853205792606 17.6687978575937 17.5942106205039 17.800042707473 17.7900021178648 18.0258663255372 -9999 -9999 -9999 -9999 -9999 -9999 -9999
16.2717215321027 16.0271614566445 15.9597460692748 15.7481765025295 15.6033051381819 15.2418439122848 15.6786095602438 15.5423444155604 15.2726828660816 15.4835352478549 15.5939817335457 15.6011535832658 15.7955107106827 15.7374187279493 15.8342386991717 16.0508285607211 16.5715048504062 16.2294076187536 15.8787041674368 15.7194891036488 15.6226691324264 15.1012756577693 14.8717764667235 14.9506668136455 14.888988906052 15.0804772935808 15.1715597850271 15.6162144676782 15.8564714333043 15.9095431212336 16.1612750464119 15.9009369015694 16.2545090927742 16.047242635861 15.8550370633602 15.8973509767093 15.7574999071658 15.8772697974928 15.8406933639199 15.6097598029301 15.7539139823057 17.5490279672667 18.4949949453585 18.4017608989961 18.6255226102658 18.0976744708605 17.9248328926042 16.4718161392957 17.44001585152 17.5856044008397 17.6917477766983 17.5375530077145 17.677404077258 17.6176386629231 14.6349996728823 -9999 -9999 -9999 -9999 -9999 -9999 -9999
16.8612475791015 14.7598956110887 15.408948010765 15.68793296488 15.7847529361024 15.9009369015694 15.6786095602438 15.5466475253925 15.4512619241141 14.968596437946 15.1012756577693 15.7847529361024 16.0228583468124 15.888027572073 15.9884334681556 16.0199896069244 15.7596514620818 15.7431562077254 15.6599627509713 15.9984740577638 15.7094485140406 15.0611132993363 15.0245368657634 14.8818170563318 15.2138736983761 15.0575273744762 15.2834406406619 15.1572160855867 15.5703146294691 15.5588396699168 15.7130344389006 15.9418164449744 16.0831018844619 15.8665120229125 16.0321817514487 15.885158832185 15.9009369015694 16.0257270867005 16.005645907484 16.0536973006092 16.1275673527271 17.2736289380118 17.0469984868541 18.8076875931583 19.1598254144192 16.7268949276768 18.3250221069902 18.4118014886044 18.4971465002745 18.6456037894823 18.1320993495174 17.7448194646277 18.1349680894054 17.591993866954 15.2549996590242 -9999 -9999 -9999 -9999 -9999 -9999 -9999
16.6224249834195 16.9150364520028 15.7051454042085 15.9145634160377 15.8098544101231 16.0924252890982 15.964049179107 15.846430843696 15.2604907215573 15.3164311493747 15.1414380162023 15.4813836929388 15.7395702828653 15.92603837559 15.5911129936576 15.7202062886208 15.647053421475 15.7711264216341 15.8392589939758 15.6951048146002 15.6563768261112 14.7828455301933 14.8043610793538 14.6666615647264 14.7269051023759 14.8861201661639 14.9377574841492 15.0725882588886 15.3142795944586 15.5208288663998 15.647770606447 15.5595568548888 15.6965391845442 16.0242927167565 15.9762413236313 15.9446851848625 16.0429395260289 16.0486770058051 16.1906796302646 16.4316537808627 17.1309091285802 17.6924649616703 17.7247382854111 17.4328440017998 17.6544541581534 17.3648973663027 18.6061586160213 18.6075929859653 18.4397717025131 16.9906277480535 19.0450758188963 19.911435265094 18.1464430489577 17.6575021942845 13.5449996972457 -9999 23.7447889405303 -9999 -9999 -9999 -9999 -9999
-9999 -9999 -9999 -9999 -9999 12.6599997170269 15.6750236353837 15.9088259362616 15.8213293696754 15.6743064504117 15.3766746870242 15.4103823807091 15.5832239589654 15.725226583425 16.8899349779822 15.6807611151598 16.0493941907771 15.8579058032483 15.6040223231539 15.4727774732746 14.6329538710415 14.5834681079723 14.4751731771976 14.5504775992595 14.6616412699223 15.0761741837487 15.1507614208385 15.128528686706 15.170842600055 15.5050507970154 15.5351725658402 15.6836298550479 15.8815729073249 16.0816675145179 15.8356730691157 16.0601519653574 16.0178380520083 15.9948881329037 15.9088259362616 16.3491775090806 17.5016937591136 17.557634186931 17.5332498978823 17.6982024414465 17.4364299266599 11.1936225710106 -9999 14.8265560669089 8.24702178876923 15.1849996605888 17.6587572679855 17.7276070252992 17.7426679097116 17.8574175052345 5.37499987985939 5.37499987985939 9.98206527810544 -9999 -9999 -9999 -9999 -9999
-9999 -9999 -9999 -9999 -9999 -9999 -9999 11.9876314454526 15.6848251633346 15.608325432986 15.3816949818283 15.6707205255516 15.7374187279493 15.3766746870242 15.7417218377814 16.1368907573633 15.9303414854221 15.2303689527325 14.6429944606498 14.9234137847088 14.691045853775 14.7003692584112 14.6078523970209 14.4966887263581 14.6250648363493 14.9456465188414 15.0682851490565 15.0976897329092 15.1177709121257 15.4770805831067 15.6850642249919 15.6764580053277 15.8335215141997 15.965483549051 16.3599352836609 16.2315591736697 16.2903683413751 16.3061464107595 16.3843195727095 16.482573913876 16.8225195906125 17.4091768977232 17.7068086611107 17.2427899842151 16.962370660156 17.1799996159971 -9999 -9999 -9999 -9999 -9999 -9999 -9999 -9999 -9999 -9999 -9999 -9999 -9999 -9999 -9999 -9999
-9999 -9999 -9999 -9999 -9999 -9999 -9999 -9999 9.11999979615211 13.2020480657383 15.68793296488 15.6599627509713 15.5767692942172 15.6506393463351 15.7087313290685 16.0293130115606 15.6398815717548 15.3185827042907 15.1321146115661 15.1464583110064 14.8065126342699 14.5289620500989 14.6171758016571 14.9169591199607 14.8567155823112 14.9442121488973 15.1048615826294 15.1471754959784 15.1816003746353 15.5401928606443 15.8363902540877 15.806985670235 15.925321190618 15.9805444334634 16.2007202198729 16.3004089309834 16.5191503474489 16.5485549313016 16.2989745610394 16.3348338096403 18.2246162109077 17.1818292615935 17.5296639730223 17.5927762505598 7.84295044791237 -9999 -9999 -9999 -9999 -9999 -9999 -9999 -9999 -9999 -9999 -9999 -9999 -9999 -9999 -9999 -9999 -9999
-9999 -9999 -9999 -9999 -9999 -9999 -9999 -9999 -9999 14.3999996781349 16.3082979656756 15.6800439301878 15.6040223231539 15.6578111960553 15.6743064504117 15.6893673348241 15.7424390227534 15.4261604500934 14.1553086796775 15.2841578256339 14.9886776171625 15.0725882588886 15.2275002128445 15.3573106927797 15.7546311672777 15.568880259525 15.6183660225943 15.6549424561672 15.768257681746 15.6269722422585 15.8292184043676 15.924604005646 15.9418164449744 16.0952940289862 16.047242635861 16.125415797811 16.2595293875784 16.522019087337 16.4797051739879 16.9100161571987 16.8641163189895 17.2097994755022 17.3417615103535 18.7259285063483 16.0559658213147 -9999 -9999 -9999 -9999 -9999 -9999 -9999 -9999 -9999 -9999 -9999 -9999 -9999 -9999 -9999 -9999 -9999
-9999 -9999 -9999 -9999 -9999 -9999 -9999 -9999 -9999 15.2499996591359 16.0128177572042 15.9561601444148 15.726660953369 15.7223578435369 15.8033997453749 15.5853755138814 15.4369182246737 15.328623293899 15.4405041495338 15.2002471839078 15.1572160855867 15.2059846636839 15.1959440740757 15.2949156002142 15.3422498083673 15.6743064504117 15.4290291899815 15.5086367218755 15.9339274102822 15.926755560562 15.9195837108418 15.9898678380996 15.9540085894987 16.0995971388184 15.967635103967 16.0379192312248 16.1490829018876 16.2889339714311 16.4797051739879 17.1560106026009 17.082140550483 17.5160374585539 17.5504623372108 17.239921244327 10.0362395881343 2.70146589697507 10.6998642447661 -9999 -9999 -9999 -9999 -9999 -9999 -9999 -9999 -9999 -9999 -9999 -9999 -9999 -9999 -9999
-9999 -9999 -9999 -9999 -9999 -9999 -9999 -9999 -9999 8.07316059334539 16.6855372609571 16.1440626070835 15.8550370633602 15.8787041674368 15.6398815717548 15.487121172715 15.2533188718371 15.1019928427413 15.12996305665 15.2138736983761 15.2303689527325 15.2389751723967 15.5509506352246 15.4304635599256 15.4060792708769 15.5229804213159 15.6929532596841 15.9095431212336 15.8593401731923 15.888027572073 15.9159977859817 16.0809503295459 16.0113833872601 16.0006256126799 16.1039002486505 16.24590287311 16.3549149888568 16.7565385731868 17.4156315624714 17.1890011113137 17.2678914582357 17.4765922850929 17.5325327129103 17.680272817146 16.6499996278435 -9999 -9999 -9999 -9999 -9999 -9999 -9999 -9999 -9999 -9999 -9999 -9999 -9999 -9999 -9999 -9999 -9999
-9999 -9999 -9999 -9999 -9999 -9999 -9999 -9999 -9999 16.5851313648745 16.1218298729509 15.8679463928565 15.7015594793484 15.6936704446562 15.4641712536104 15.4024933460169 15.2669453863055 15.1765800798312 15.1098818774335 15.2167424382642 15.2777031608857 15.3831293517724 15.4175542304292 15.7940763407387 15.8937650518492 15.9439679998904 15.9697866588831 15.9877162831835 16.0558488555253 16.0773644046858 16.085253439378 16.1505172718316 16.1003143237904 16.1433454221115 16.1820734106004 16.2179326592013 16.4682302144356 16.7185277696699 16.8576616542414 17.6566057130694 17.3733176491223 17.3381755854934 17.1825464465655 12.0791133537602 -9999 -9999 -9999 -9999 -9999 -9999 -9999 -9999 -9999 -9999 -9999 -9999 -9999 -9999 -9999 -9999 -9999 -9999
-9999 -9999 -9999 -9999 -9999 -9999 -9999 -9999 16.2397350823507 16.6224249834195 16.0393536011688 15.7689748667181 15.8141575199552 15.6384472018108 15.6764580053277 15.3831293517724 15.2368236174807 15.2690969412215 14.7857142700814 15.4197057853453 15.3465529181994 15.4555650339462 15.5165257565677 15.6649830457754 15.7990966355428 15.6915188897401 15.8177434448153 15.9561601444148 16.1411938671954 16.163426601328 16.1691640811041 16.2652668673545 16.2896511564031 16.2480544280261 16.2243873239495 16.4675130294636 16.8454695097171 16.7328714691103 16.920773931779 17.321680331137 17.4923703544773 17.4995422041975 17.3123569265008 -9999 -9999 -9999 -9999 -9999 -9999 -9999 -9999 -9999 -9999 -9999 -9999 -9999 -9999 -9999 -9999 -9999 -9999 -9999
-9999 -9999 -9999 -9999 -9999 -9999 -9999 -9999 16.5750907752663 16.3785820929334 16.0960112139583 16.0077974624 15.9590288843028 15.5961332884617 15.3236029990949 15.2231971030124 15.1557817156427 15.2855921955779 15.2461470221169 15.2913296753541 15.4039277159609 15.4856868027709 15.4957273923792 15.6262550572865 15.6592455659993 15.6965391845442 15.925321190618 16.1505172718316 16.1641437863 16.3018433009274 16.3957945322618 16.4079866767861 16.3563493588008 16.3319650697522 16.4373912606388 16.6209906134754 16.9566331803799 17.0706655909307 17.1151310591958 17.3087710016407 17.400570678059 17.5468764123507 16.2099996376783 -9999 -9999 -9999 -9999 -9999 -9999 -9999 -9999 -9999 -9999 -9999 -9999 -9999 -9999 -9999 -9999 -9999 -9999 -9999
-9999 -9999 -9999 -9999 -9999 -9999 -9999 5.71932543463145 16.4997863532044 16.1799218556844 16.0766472197138 15.9367961501703 15.608325432986 15.607608248014 15.4670399934985 15.3723715771921 15.2425610972568 15.1586504555307 15.2203283631243 15.3042390048504 15.4383525946178 15.5028992420994 15.5939817335457 15.6599627509713 15.7467421325855 15.9124118611217 16.0128177572042 16.1304360926151 16.2358622835018 16.283913676627 16.4667958444916 16.5370799717493 16.5313424919732 16.5937375845388 16.6625873418525 16.8698537987657 17.1760917818174 17.1796777066775 17.4507736261003 17.3152256663889 17.75988034904 11.0152103187072 -9999 -9999 -9999 -9999 -9999 -9999 -9999 -9999 -9999 -9999 -9999 -9999 -9999 -9999 -9999 -9999 -9999 -9999 -9999 -9999
-9999 -9999 -9999 3.8400372271426 -9999 7.30859393262586 17.1705933636986 16.9324879529886 16.2107608094811 16.364955578465 16.0328989364207 16.1304360926151 15.8622089130804 15.6943876296282 15.567445889581 15.4060792708769 15.3149967794307 15.1120334323496 15.2418439122848 15.2812890857458 15.3329264037311 15.3651997274719 15.5566881150007 15.6979735544883 15.7926419707946 15.9131290460937 16.1770531157963 16.2408825783059 16.3283791448921 16.5485549313016 16.7522354633547 16.8454695097171 16.9136020820588 16.9401379260235 16.9071474173106 17.082140550483 17.0842921053991 17.4292580769397 17.7541428692639 15.3800702974364 13.2949997028336 -9999 -9999 -9999 -9999 -9999 -9999 -9999 -9999 -9999 -9999 -9999 -9999 -9999 -9999 -9999 -9999 -9999 -9999 -9999 -9999 -9999
-9999 -9999 3.88019958557561 -9999 16.802438411396 17.2549821287394 17.2994475970045 16.9401379260235 16.3563493588008 16.364238393493 16.205740514677 16.1813562256284 15.6004363982938 15.6133457277901 15.4397869645618 15.2052674787119 15.2303689527325 15.1536301607266 15.1837519295514 15.3422498083673 15.3910183864646 15.6212347624823 15.7460249476135 15.8392589939758 15.9740897687152 16.1469313469715 16.4495834051631 16.4388256305829 16.4574724398553 16.4754020641558 16.9179051918909 17.1108279493637 17.2126682153903 17.3360240305774 17.4701376203448 17.5354014527984 17.5906246956438 16.028806763345 17.6326312440048 -9999 -9999 -9999 -9999 -9999 -9999 -9999 -9999 -9999 -9999 -9999 -9999 -9999 -9999 -9999 -9999 -9999 -9999 -9999 -9999 -9999 -9999 -9999
16.7749996250495 16.7749996250495 -9999 16.5349996304139 17.9886623551138 17.7555772392079 17.0161595330574 16.8641163189895 16.5112613127567 16.2738730870187 16.2071748846211 15.7962278956547 15.8528855084442 15.5409100456163 15.2827234556898 15.4856868027709 15.3114108545706 15.2447126521729 15.210287773516 15.3981902361847 15.526566346176 15.7151859938167 15.8636432830244 16.045091080945 16.2824793066829 16.5449690064415 16.6633045268245 16.6998809603974 16.921491116751 17.0376750822179 17.120151354 17.3245490710251 17.4859156897292 17.5848872158676 17.7462538345717 18.0883510662243 17.7878505629487 13.6273981763617 -9999 -9999 -9999 -9999 -9999 -9999 -9999 -9999 -9999 -9999 -9999 -9999 -9999 -9999 -9999 -9999 -9999 -9999 -9999 -9999 -9999 -9999 -9999 -9999
18.755333090201 16.7205768695899 17.7448194646277 17.7433850946836 17.7778099733405 17.5095827938057 16.9516128855757 16.5435346364975 16.6855372609571 16.3871883125976 16.3018433009274 15.9532914045267 16.1132236532867 15.3336435887031 15.7388530978933 15.2719656811096 15.3752403170802 15.207419033628 15.3508560280316 15.4770805831067 15.6104769879021 15.8385418090038 16.0336161213927 16.2028717747889 16.3950773472898 16.6324655730277 16.8454695097171 17.0075533133931 17.0577562614344 17.3030335218646 17.6013824702241 17.6315042390488 17.6924649616703 18.2490004999563 16.7631366749294 17.2068410874926 17.442980216071 12.9399997107685 6.85647484033834 13.2399997040629 -9999 -9999 -9999 -9999 -9999 -9999 -9999 -9999 -9999 -9999 -9999 -9999 -9999 -9999 -9999 -9999 -9999 -9999 -9999 -9999 -9999 -9999
18.3867000145838 18.0517746326514 17.9398937770166 17.8416394358501 17.3783379439265 16.960936290212 16.64394053258 16.0006256126799 16.2796105667949 15.567445889581 15.8371074390598 16.165578156244 15.7976622655988 15.5473647103645 15.4605853287503 15.528717901092 15.1801660046913 15.3436841783114 15.4756462131627 15.6427503116429 15.8600573581643 15.8722495026886 16.084536254406 16.2107608094811 16.6525467522442 16.8476210646331 17.2449415391311 17.3582567647099 17.4930875394493 17.7505569444038 17.8480941005982 17.8201238866895 17.9822076903656 14.5653335736798 12.2634445379604 16.9088979655757 12.7028538444915 17.1713051154511 13.3092212516159 -9999 -9999 -9999 -9999 -9999 -9999 -9999 -9999 -9999 -9999 -9999 -9999 -9999 -9999 -9999 -9999 -9999 -9999 -9999 -9999 -9999 -9999 -9999
18.4146702284925 18.1270790547132 17.797173967585 17.1007873597555 16.4567552548833 16.3047120408155 16.1153752082027 15.7187719186768 15.5760521092452 15.9482711097226 15.8306527743116 15.6305581671186 15.4677571784705 15.3709372072481 15.3580278777517 15.248298577033 15.3379466985352 15.4125339356251 15.7438733926974 15.8328043292277 15.9891506531276 16.0400707861409 16.2021545898169 16.4782708040439 16.7938321917318 17.0663624810986 17.3094881866127 17.6236152043566 17.9420453319326 18.0058747944422 18.0826135864481 18.1858882224187 18.3594469856471 17.5564986440586 18.517227679491 18.2203131010756 12.8549997126684 11.7872000193029 -9999 -9999 -9999 -9999 -9999 -9999 -9999 -9999 -9999 -9999 -9999 -9999 -9999 -9999 -9999 -9999 -9999 -9999 -9999 -9999 -9999 -9999 -9999 -9999
18.2870113034733 17.6738181523979 17.2155369552784 16.4388256305829 16.2688527922146 16.3463087691925 15.7453077626415 17.0749687007628 16.5542924110778 16.5141300526448 15.4577165888622 15.4541306640022 15.3723715771921 15.3630481725559 15.3989074211568 15.2992187100463 15.5810724040493 15.7309640632011 15.8665120229125 16.0293130115606 16.2588122026064 16.3190557402559 16.6288796481676 16.8590960241854 17.1832636315376 17.3317209207453 17.399853493087 17.7283242102712 18.4125186735764 18.4634388065897 17.9700155458413 17.2209158425685 17.8049996020272 -9999 -9999 13.6052278061397 -9999 -9999 -9999 -9999 -9999 -9999 -9999 -9999 -9999 -9999 -9999 -9999 -9999 -9999 -9999 -9999 -9999 -9999 -9999 -9999 -9999 -9999 -9999 -9999 -9999 -9999
18.4082155637443 18.1034119506367 17.7900021178648 17.4263893370517 16.9336832612753 16.4954832433723 16.3864711276256 16.6654560817406 16.5155644225888 16.0436567110009 15.6040223231539 15.3236029990949 15.3623309875838 15.3723715771921 15.3379466985352 15.6535080862232 15.7094485140406 15.7933591557667 15.9798272484913 16.3563493588008 16.681234151125 16.9243598566391 17.162465267349 17.4349955567159 17.7770927883685 17.8495284705423 17.8523972104304 18.2188787311316 18.5581072228961 18.595400841441 18.4949949453585 18.6972411074676 17.8258613664657 14.8555160428447 -9999 -9999 -9999 -9999 -9999 -9999 -9999 -9999 -9999 -9999 -9999 -9999 -9999 -9999 -9999 -9999 -9999 -9999 -9999 -9999 -9999 -9999 -9999 -9999 -9999 -9999 -9999 -9999
18.5387432286516 18.4089327487163 17.879650239367 18.3615985405631 18.0101779042743 16.9803002844565 16.3616087152623 16.48400828382 15.7646717568859 15.6893673348241 15.569597444497 15.3458357332274 15.3730887621641 15.4197057853453 15.5860926988535 15.7453077626415 15.728812508285 16.2286904337816 16.5012207231484 16.9516128855757 17.2585680535994 17.4959562793374 17.7103945859708 18.0151981990784 18.2160099912435 18.2518692398444 18.39602341922 18.5236823442392 18.5803399570286 18.5918149165809 18.5071870898828 17.9024208622286 17.7303562343586 17.9249524234328 17.7780148833325 4.99999988824129 -9999 -9999 -9999 -9999 -9999 -9999 -9999 -9999 -9999 -9999 -9999 -9999 -9999 -9999 -9999 -9999 -9999 -9999 -9999 -9999 -9999 -9999 -9999 -9999 -9999 -9999
-9999 -9999 -9999 -9999 7.15999983996153 16.3368829095603 17.1373637933284 15.9346445952542 15.8736838726327 15.4799493229948 15.3436841783114 15.2561876117252 15.4405041495338 15.7732779765502 15.8184606297873 15.9869990982115 16.3857539426535 16.5542924110778 16.96021910524 17.4443189613521 17.7692037536763 17.9312875573523 18.1600695634261 18.3795281648636 18.3364970665425 18.3393658064306 18.7001098473556 -9999 -9999 -9999 -9999 -9999 -9999 -9999 -9999 -9999 -9999 -9999 -9999 -9999 -9999 -9999 -9999 -9999 -9999 -9999 -9999 -9999 -9999 -9999 -9999 -9999 -9999 -9999 -9999 -9999 -9999 -9999 -9999 -9999 -9999 -9999
-9999 -9999 -9999 -9999 -9999 14.7175741484242 16.3706930582412 15.9432508149184 15.487838357687 15.2597735365853 15.3608966176398 15.5982848433778 15.7639545719139 15.8722495026886 15.9504226646386 16.4158757114783 16.6546983071603 16.7558213882148 16.9853205792606 17.6759697073139 17.9506515515968 18.0847651413642 18.636280384846 18.7524643503129 14.2056273821638 -9999 -9999 -9999 -9999 -9999 -9999 -9999 -9999 -9999 -9999 -9999 -9999 -9999 -9999 -9999 -9999 -9999 -9999 -9999 -9999 -9999 -9999 -9999 -9999 -9999 -9999 -9999 -9999 -9999 -9999 -9999 -9999 -9999 -9999 -9999 -9999 -9999
