EcologicalScience/Bass/data/rs_data_bass/sst_43.asc
NCOLS 226 
NROWS 124 
XLLCORNER -9.41648524995501 
YLLCORNER 47.587301625531 
CELLSIZE 0.0833 
NODATA_value -9999 
[rows 54 to 80 of 124, columns 124 to 185 of 226]
8.72499980498105 6.18999986164272 6.58499985281378 8.26499981526285 8.95999979972839 9.02499979827553 8.9249998005107 8.90499980095774 8.48999981023371 8.68499980587512 8.66499980632216 8.79499980341643 8.73999980464578 8.68749980581924 9.48999978788197 8.68999980576336 9.11499979626387 9.11499979626387 9.08999979682267 9.20999979414046 9.25499979313463 9.26999979279935 9.33499979134649 9.39999978989363 9.39999978989363 9.39999978989363 9.2999997921288 9.06499979738146 8.9249998005107 9.29499979224056 9.30499979201704 8.74999980442226 8.85666646870474 9.23166646032284 9.30333312538763 9.39333312337597 9.36999979056418 9.24499979335815 9.12333312941094 7.6766664950798 7.92874982277863 9.21199979409575 8.96999979950488 9.57499978598207 8.8999998010695 7.96499982196838 7.96499982196838 8.36999981291592 8.46999981068075 8.44499981123954 8.29999981448054 8.19499981682748 7.72249982738867 5.94749986706302 5.80499987024814 5.33624988072552 5.31249988125637 5.73099987190217 7.33954529049383 7.33772710871629 7.90312482335139 9.07071408296802
8.48999981023371 7.2049998389557 6.58999985270202 8.78499980363995 8.88499980140477 8.93499980028719 8.8999998010695 8.80999980308115 8.96499979961663 8.97499979939312 8.94499980006367 8.85999980196357 8.82499980274588 8.8149998029694 8.69999980553985 9.0699997972697 9.11999979615211 9.17999979481101 9.21999979391694 9.26999979279935 9.31999979168177 9.41999978944659 9.41999978944659 9.47999978810549 9.50999978743494 9.50499978754669 9.53999978676438 9.6749997837469 9.57999978587031 9.5299997869879 8.32999981380999 8.3549998132512 8.69666647228102 9.2149997940287 9.22833312706401 9.37666645708183 9.36833312393477 9.17333312829336 8.88166646814595 8.92833313376953 8.8149998029694 8.2949998145923 9.30666645864646 9.16249979520217 8.31999981403351 8.25499981548637 8.22666648278634 8.20499981660396 8.36499981302768 8.37499981280416 8.3799998126924 4.99199988842011 7.27277761521853 5.33833321401229 5.42666654537121 5.54199987612665 7.13454529507594 15.4575606301063 -9999 -9999 -9999 -9999
8.44499981123954 8.46999981068075 8.63499980699271 8.76999980397522 8.88999980129302 8.86666646848122 9.44666645551721 8.90599980093539 8.87999980151653 8.96999979950488 8.87999980151653 7.92499982286245 8.9366664669166 8.87499980162829 9.23499979358166 9.27499979268759 9.09999979659915 9.13999979570508 9.16999979503453 9.37499979045242 9.43499978911132 9.54499978665262 9.54999978654087 9.45499978866428 9.49999978765845 9.60999978519976 9.54499978665262 9.11999979615211 9.17666646155218 9.83166644691179 9.09999979659915 8.7674998040311 9.43666645574073 9.26499979291111 9.26499979291111 9.55999978631735 9.55249978648499 9.63499978464097 9.63499978464097 8.73499980475754 9.01999979838729 9.80499978084117 9.78999978117645 9.42249978939071 8.98249979922548 6.60499985236675 7.52499983180314 6.72857127817614 7.57666649731497 4.72499989438802 6.24999986030161 6.34999985806644 6.00499986577779 5.50749987689778 5.38785702242915 -9999 -9999 -9999 -9999 -9999 -9999 -9999
8.41499981191009 8.47499981056899 8.48499981034547 8.59499980788678 7.66624982864596 8.40799981206655 9.23249979363754 8.84299980234355 8.22499981615692 8.70499980542809 8.95999979972839 9.00833313198139 9.46999978832901 9.46999978832901 8.66499980632216 9.14999979548156 9.19999979436398 9.33499979134649 9.48499978799373 9.59999978542328 9.61999978497624 9.62999978475273 9.5299997869879 9.49499978777021 9.77999978139997 9.77499978151172 9.90999977849424 10.1349997734651 9.51999978721142 9.54499978665262 9.63499978464097 8.45499981101602 9.40999978967011 10.0849997745827 10.0583331085121 9.00499979872257 9.80999978072941 9.80999978072941 9.77499978151172 9.73499978240579 10.0133331095179 6.61999985203147 6.71499984990805 7.55499983113259 7.91499982308596 7.93499982263893 7.68999982811511 6.67499985080212 5.9449998671189 5.739999871701 5.83999986946583 5.98999986611307 6.06499986443669 5.36624988005497 6.23799986056983 -9999 -9999 -9999 -9999 -9999 -9999 -9999
7.45249983342364 7.6774998283945 8.33999981358647 8.35333314662178 8.76499980408698 8.76499980408698 8.54333314237495 8.59999980777502 8.70999980531633 8.77499980386347 8.81999980285764 9.22499979380518 9.22499979380518 9.12499979604036 9.08499979693443 9.19499979447573 9.29499979224056 9.30999979190528 9.42499978933483 9.63499978464097 9.73499978240579 9.72499978262931 9.8449997799471 10.0049997763708 10.0249997759238 9.9299997780472 10.1499997731298 10.2099997717887 10.2049997719005 9.72499978262931 9.88499977905303 9.72999978251755 9.39333312337597 10.0999997742474 10.0449997754768 9.92499977815896 9.83999978005886 9.14499979559332 9.18749979464337 10.0562497752253 8.52666647608081 10.1524997730739 8.04999982006848 8.01999982073903 7.96499982196838 7.86499982420355 9.64076901528125 5.5824998752214 6.17999986186624 6.12499986309558 6.04499986488372 6.07499986421317 5.92499986756593 5.8249998698011 15.2549996590242 -9999 -9999 -9999 -9999 -9999 -9999 -9999
6.88166651284943 6.93624984496273 8.00999982096255 8.00999982096255 7.58374983048998 7.82999982498586 8.72499980498105 8.66499980632216 8.66499980632216 8.86999980174005 8.85499980207533 9.03999979794025 9.18499979469925 8.79374980344437 9.07999979704618 9.16499979514629 9.26999979279935 9.34499979112297 9.55499978642911 9.45999978855252 9.27999979257584 10.1899997722358 10.2499997708946 10.3299997691065 10.3899997677654 10.2049997719005 9.99499977659434 10.1799997724593 10.0099997762591 10.2949997698888 10.2849997701123 10.2499997708946 10.0949997743592 9.56499978620559 9.32499979157001 9.46999978832901 9.68499978352338 9.54833311991145 9.84749977989122 8.32833314718058 8.26749981520697 7.70499982777983 7.749999826774 7.90499982330948 8.1249998183921 7.02399984300137 7.10499984119087 7.10499984119087 6.04999986477196 5.99999986588955 5.92999986745417 5.88499986846 5.84499986935407 5.8249998698011 9.04178551218605 -9999 23.7447889405303 -9999 -9999 -9999 -9999 -9999
-9999 -9999 -9999 -9999 -9999 8.57818162644451 8.13999981805682 8.13999981805682 8.43499981146306 8.59999980777502 8.96999979950488 9.05499979760498 9.05499979760498 9.07999979704618 9.1549997953698 9.2999997921288 9.50999978743494 9.9299997780472 9.74499978218228 9.62999978475273 9.6999997831881 7.99499982129782 9.87499977927655 9.82999978028238 9.78499978128821 9.72499978262931 9.76999978162348 9.97499977704138 10.2399997711182 10.214999771677 10.1799997724593 10.0799997746944 10.2899997700006 10.1699997726828 9.9899997767061 9.80499978084117 9.49999978765845 8.42499981168658 8.5249998094514 9.68499978352338 9.29666645886997 9.01999979838729 7.73999982699752 8.02499982062727 8.27999981492758 5.88499986846 -9999 9.28999979235232 -9999 6.60333318573733 5.86999986879528 5.91999986767769 5.78499987069517 4.79999989271164 5.37499987985939 5.37499987985939 -9999 -9999 -9999 -9999 -9999 -9999
-9999 -9999 -9999 -9999 -9999 -9999 -9999 7.64499982912093 8.26666648189227 8.78999980352819 8.97999979928136 9.1549997953698 9.17499979492277 8.86499980185181 9.03499979805201 9.31999979168177 9.42999978922307 9.62999978475273 9.94499977771193 10.049999775365 10.3499997686595 10.5149997649714 10.5512497641612 10.4333331001302 10.5539997640997 10.5499997641891 10.5699997637421 10.4749997658655 10.5199997648597 10.3549997685477 10.1199997738004 10.0999997742474 9.9299997780472 8.86666646848122 9.98499977681786 9.91499977838248 9.8449997799471 9.83499978017062 9.60999978519976 9.60999978519976 7.82499982509762 7.85499982442707 7.894999823533 7.17999983951449 7.1933331725498 10.9268418610292 -9999 -9999 -9999 -9999 -9999 -9999 -9999 -9999 -9999 -9999 -9999 -9999 -9999 -9999 -9999 -9999
-9999 -9999 -9999 -9999 -9999 -9999 -9999 -9999 8.34999981336296 5.61699987445027 5.75999987125397 8.78499980363995 8.73999980464578 8.93999980017543 8.96499979961663 9.04999979771674 9.06499979738146 9.46999978832901 9.77999978139997 10.3349997689947 10.4899997655302 10.8283330913012 10.7399997599423 10.7649997593835 10.7949997587129 10.7999997586012 10.4699997659773 10.7449997598305 10.5949997631833 10.2699997704476 10.1099997740239 10.2599997706711 10.1449997732416 10.0549997752532 9.95499977748841 9.82999978028238 9.65499978419393 9.65999978408217 9.4449997888878 8.95999979972839 8.13999981805682 8.27499981503934 8.2099998164922 8.31499981414527 8.31999981403351 -9999 -9999 -9999 -9999 -9999 -9999 -9999 -9999 -9999 -9999 -9999 -9999 -9999 -9999 -9999 -9999 -9999
-9999 -9999 -9999 -9999 -9999 -9999 -9999 -9999 -9999 8.1957141025258 8.99599979892373 8.93999980017543 8.93999980017543 8.72999980486929 8.86499980185181 9.09999979659915 9.23499979358166 9.79499978106469 9.70499978307635 10.4233331003537 10.5116664317126 10.1599997729063 10.3449997687712 10.5649997638538 10.6399997621775 10.8549997573718 10.7499997597188 10.7049997607246 10.6499997619539 10.5349997645244 10.4249997669831 10.359999768436 10.1049997741356 9.18999979458749 9.68999978341162 9.80999978072941 9.8199997805059 9.70499978307635 9.37999979034066 8.09999981895089 8.19499981682748 8.62499980721623 8.76499980408698 8.44499981123954 8.23999981582165 -9999 -9999 -9999 -9999 -9999 -9999 -9999 -9999 -9999 -9999 -9999 -9999 -9999 -9999 -9999 -9999 -9999
-9999 -9999 -9999 -9999 -9999 -9999 -9999 -9999 -9999 7.84714268174555 8.25928552967629 8.78999980352819 8.71999980509281 8.90999980084598 8.82499980274588 8.88999980129302 9.57499978598207 9.82999978028238 9.83999978005886 9.72999978251755 10.1199997738004 10.9399997554719 10.9399997554719 10.5749997636303 10.5799997635186 10.7649997593835 10.8199997581542 10.7499997597188 10.5999997630715 10.5449997643009 10.3699997682124 10.1099997740239 9.95499977748841 10.4164283386033 9.89999977871776 9.85499977972358 9.70499978307635 9.53999978676438 7.87833315723886 8.22999981604517 8.48999981023371 8.48999981023371 8.38499981258065 8.90999980084598 8.86199980191886 -9999 -9999 -9999 -9999 -9999 -9999 -9999 -9999 -9999 -9999 -9999 -9999 -9999 -9999 -9999 -9999 -9999
-9999 -9999 -9999 -9999 -9999 -9999 -9999 -9999 -9999 8.09785696185593 8.59374980791472 8.79499980341643 8.79499980341643 8.83499980252236 9.70999978296459 9.82999978028238 9.9299997780472 9.98499977681786 10.3499997686595 10.6249997625127 11.1399997510016 11.0099997539073 11.2266664157311 11.1399997510016 10.7999997586012 10.484999765642 10.4599997662008 10.2499997708946 10.2549997707829 10.2099997717887 9.77749978145584 9.72624978260137 9.91666644501189 9.63333311801155 9.94749977765605 8.26166648200403 9.08333313030501 7.53999983146787 7.604999830015 7.69499982800335 8.78999980352819 8.87499980162829 8.96999979950488 8.94999979995191 10.1194442182572 -9999 -9999 -9999 -9999 -9999 -9999 -9999 -9999 -9999 -9999 -9999 -9999 -9999 -9999 -9999 -9999 -9999
-9999 -9999 -9999 -9999 -9999 -9999 -9999 -9999 -9999 8.66199980638921 8.6099998075515 9.22999979369342 8.91999980062246 10.069999774918 10.0599997751415 9.99999977648258 10.029999775812 10.029999775812 10.609999762848 10.7899997588247 10.7149997605011 10.7799997590482 11.1499997507781 11.1349997511134 11.0499997530133 10.6649997616187 10.4299997668713 10.2599997706711 10.2399997711182 10.2749997703359 10.4193747671088 10.1981247720541 9.85749977966771 9.83749978011474 9.85299977976829 9.88499977905303 7.79999982565641 7.74499982688576 7.67999982833862 8.09499981906265 8.87499980162829 8.9249998005107 8.94999979995191 8.97499979939312 -9999 -9999 -9999 -9999 -9999 -9999 -9999 -9999 -9999 -9999 -9999 -9999 -9999 -9999 -9999 -9999 -9999 -9999
-9999 -9999 -9999 -9999 -9999 -9999 -9999 -9999 9.64999978430569 8.75399980433285 7.05499984230846 7.05499984230846 8.85999980196357 9.63499978464097 10.3849997678772 10.4449997665361 10.1099997740239 10.5649997638538 10.7599997594953 10.7399997599423 11.1799997501075 11.0949997520074 11.0999997518957 11.0699997525662 10.9899997543544 10.7849997589365 10.2049997719005 10.31999976933 10.1799997724593 9.96999977715313 10.2621426277661 10.0931247744011 10.2428569139114 8.15499981772155 9.15999979525805 9.18999979458749 8.82399980276823 7.68499982822686 7.66999982856214 9.0449997978285 9.03499979805201 9.00999979861081 8.99499979894608 -9999 -9999 -9999 -9999 -9999 -9999 -9999 -9999 -9999 -9999 -9999 -9999 -9999 -9999 -9999 -9999 -9999 -9999 -9999
-9999 -9999 -9999 -9999 -9999 -9999 -9999 -9999 9.07642836855458 9.01357122710241 9.22199979387224 9.86999977938831 9.70499978307635 8.97499979939312 9.01499979849905 10.0366664423297 11.0116664205367 11.31499974709 11.2899997476488 11.334999746643 11.3899997454137 11.5199997425079 11.2799997478724 10.8199997581542 10.6799997612834 10.5549997640774 10.5149997649714 10.4099997673184 10.3799997679889 10.2699997704476 10.2449997710064 10.216874771635 9.92071406396904 10.0085712048624 10.0814283460911 9.40357121838523 9.3921426472121 8.27374981506728 8.17624981724657 7.91249982314184 9.15071408117988 8.1249998183921 8.1499998178333 -9999 -9999 -9999 -9999 -9999 -9999 -9999 -9999 -9999 -9999 -9999 -9999 -9999 -9999 -9999 -9999 -9999 -9999 -9999
-9999 -9999 -9999 -9999 -9999 -9999 -9999 8.01857124934239 9.26999979279935 9.46499978844076 10.1549997730181 10.214999771677 7.94833315567424 10.3749997681007 10.2649997705594 11.4099997449666 11.4449997441843 11.6549997394904 11.6749997390434 11.6699997391552 10.8199997581542 11.0549997529015 11.024999753572 10.9449997553602 10.7249997602776 10.4799997657537 10.4299997668713 10.2899997700006 10.1599997729063 9.85999977961183 10.1499997731298 10.1549997730181 9.99124977667816 9.82499978039414 9.7993747809669 8.41624981188215 8.33833314695706 9.2149997940287 8.81357123157276 9.01499979849905 9.23928550777159 8.77545434930785 -9999 -9999 -9999 -9999 -9999 -9999 -9999 -9999 -9999 -9999 -9999 -9999 -9999 -9999 -9999 -9999 -9999 -9999 -9999 -9999
-9999 -9999 -9999 3.8400372271426 -9999 9.75568222804718 8.09357124766601 8.56499980855733 9.06499979738146 9.46499978844076 9.46499978844076 9.73999978229403 9.73999978229403 10.9699997548014 10.9249997558072 11.459999743849 11.4549997439608 11.4449997441843 11.354999746196 11.604999740608 11.2849997477606 11.1499997507781 10.9049997562543 10.7949997587129 10.6499997619539 10.484999765642 10.3049997696653 10.2099997717887 10.0899997744709 10.0649997750297 10.2099997717887 10.1899997722358 8.72624980495311 8.57749980827793 8.43499981146306 8.37166647954533 7.84833315790941 7.86999982409179 8.49437481013592 9.31444423625039 13.2949997028336 -9999 -9999 -9999 -9999 -9999 -9999 -9999 -9999 -9999 -9999 -9999 -9999 -9999 -9999 -9999 -9999 -9999 -9999 -9999 -9999 -9999
-9999 -9999 3.88019958557561 -9999 8.88714265849974 8.88714265849974 8.87499980162829 8.9249998005107 9.49499978777021 9.85499977972358 10.2299997713417 10.5949997631833 10.5949997631833 11.0149997537956 11.024999753572 11.5899997409433 11.8499997351319 11.2899997476488 11.5549997417256 11.5749997412786 11.3249997468665 10.9799997545779 10.9149997560307 10.879999756813 10.7449997598305 10.4599997662008 10.2449997710064 10.1349997734651 9.3912497900892 9.28999979235232 9.08874979685061 9.69249978335574 8.65124980662949 8.41999981179833 8.90785694375102 8.83199980258942 8.86099980194122 8.83714265961732 19.3213203228518 -9999 -9999 -9999 -9999 -9999 -9999 -9999 -9999 -9999 -9999 -9999 -9999 -9999 -9999 -9999 -9999 -9999 -9999 -9999 -9999 -9999 -9999 -9999
16.7749996250495 16.7749996250495 -9999 7.84999982453883 7.45999983325601 7.45999983325601 8.80499980319291 8.99499979894608 9.64499978441745 9.6749997837469 9.85999977961183 10.7099997606128 11.0999997518957 11.1799997501075 11.3949997453019 11.7149997381493 11.8699997346848 11.7649997370318 11.6749997390434 11.2449997486547 11.2049997495487 11.1049997517839 11.0099997539073 10.8199997581542 10.7899997588247 10.6349997622892 10.3349997689947 10.2799997702241 8.87799980156124 9.66499978397042 9.70285692598139 8.51899980958551 9.08312479697634 9.05499979760498 8.89166646792243 8.54249980906025 8.72999980486929 8.81785694576268 -9999 -9999 -9999 -9999 -9999 -9999 -9999 -9999 -9999 -9999 -9999 -9999 -9999 -9999 -9999 -9999 -9999 -9999 -9999 -9999 -9999 -9999 -9999 -9999
7.25285698074315 7.56142840241747 7.87428553828171 8.21749981632456 8.01249982090667 8.15749981766567 8.96999979950488 8.93999980017543 9.71499978285283 10.1199997738004 9.97999977692962 11.5549997417256 11.459999743849 11.5049997428432 11.6999997384846 11.8399997353554 11.8149997359142 11.6149997403845 11.5749997412786 11.3949997453019 11.2249997491017 11.0099997539073 10.5449997643009 10.6849997611716 10.629999762401 10.3099997695535 10.3449997687712 10.1849997723475 9.904999778606 9.48999978788197 9.43499978911132 8.50799980983138 8.97214265659984 8.79214266062315 8.5938886968005 8.61666647406916 6.26249986002222 6.26249986002222 -9999 13.2399997040629 -9999 -9999 -9999 -9999 -9999 -9999 -9999 -9999 -9999 -9999 -9999 -9999 -9999 -9999 -9999 -9999 -9999 -9999 -9999 -9999 -9999 -9999
7.47785697571401 7.88357125235988 8.28749981475994 7.82499982509762 8.58249980816618 8.83499980252236 8.39699981231242 9.85249977977946 9.95749977743253 10.4866664322714 11.4399997442961 11.5899997409433 11.7449997374788 11.8649997347966 11.8649997347966 11.8349997354671 11.789999736473 11.5149997426197 11.1599997505546 11.1599997505546 11.0899997521192 10.9399997554719 10.754999759607 10.7299997601658 10.3499997686595 10.0649997750297 9.60799978524446 9.75499978195876 8.8149998029694 9.12499979604036 8.9124998007901 8.38499981258065 8.3549998132512 8.45999981090426 11.4552171352603 -9999 4.59499989729375 6.65571413694748 6.6564284226458 -9999 -9999 -9999 -9999 -9999 -9999 -9999 -9999 -9999 -9999 -9999 -9999 -9999 -9999 -9999 -9999 -9999 -9999 -9999 -9999 -9999 -9999 -9999
7.53428554588131 7.93499982263893 7.9924998213537 9.03499979805201 9.17499979492277 9.2999997921288 9.37499979045242 9.42999978922307 10.214999771677 10.7083330939834 11.0999997518957 11.1349997511134 11.7399997375906 11.6599997393787 11.5999997407198 11.1149997515604 11.189999749884 11.3699997458607 11.2049997495487 10.9949997542426 10.9949997542426 10.0849997745827 10.3649997683242 10.0149997761473 9.8199997805059 9.69187478336971 9.36699979063124 9.36699979063124 7.69874982791953 7.59599983021617 7.72399982735515 8.11499981861562 8.10999981872737 8.09999981895089 8.13999981805682 7.70299982782453 16.1699996385723 -9999 -9999 -9999 -9999 -9999 -9999 -9999 -9999 -9999 -9999 -9999 -9999 -9999 -9999 -9999 -9999 -9999 -9999 -9999 -9999 -9999 -9999 -9999 -9999 -9999
8.19099981691688 8.73099980484694 8.83099980261177 9.04399979785085 9.78399978131056 9.86799977943301 9.3599997907877 9.34499979112297 9.32499979157001 10.7699997592717 10.7599997594953 10.7299997601658 11.6649997392669 11.8599997349083 11.9049997339025 11.7849997365847 11.3099997472018 11.1099997516721 11.0499997530133 10.7649997593835 10.2099997717887 10.0099997762591 9.37999979034066 9.14499979559332 8.87999980151653 8.87999980151653 9.09749979665503 6.30499985907227 6.30499985907227 7.19499983917922 8.24166648245106 8.8439998023212 -9999 -9999 -9999 13.6052278061397 -9999 -9999 -9999 -9999 -9999 -9999 -9999 -9999 -9999 -9999 -9999 -9999 -9999 -9999 -9999 -9999 -9999 -9999 -9999 -9999 -9999 -9999 -9999 -9999 -9999 -9999
8.33799981363118 8.39799981229007 8.5229998094961 8.20399981662631 8.21799981631339 10.0219997759908 9.64499978441745 9.54499978665262 9.63499978464097 9.97499977704138 9.9299997780472 10.609999762848 11.1549997506663 11.4099997449666 11.5249997423962 11.5999997407198 11.4649997437373 11.2999997474253 9.87499977927655 10.5399997644126 9.39499979000539 8.95999979972839 8.97499979939312 8.89499980118126 8.92999980039895 8.15999981760979 8.15999981760979 7.33999983593822 7.91999982297421 7.78499982599169 7.85999982431531 7.8099998254329 7.749999826774 9.32499979157001 -9999 -9999 -9999 -9999 -9999 -9999 -9999 -9999 -9999 -9999 -9999 -9999 -9999 -9999 -9999 -9999 -9999 -9999 -9999 -9999 -9999 -9999 -9999 -9999 -9999 -9999 -9999 -9999
8.12285696129714 8.08642839068281 8.01214267805751 8.06333315310379 8.69249980570748 9.16249979520217 9.87999977916479 9.87999977916479 9.50999978743494 10.6049997629598 10.8299997579306 11.0999997518957 11.189999749884 11.0399997532368 11.4899997431785 11.2899997476488 11.2349997488782 10.0249997759238 10.0249997759238 9.33999979123473 8.77999980375171 8.13499981816858 9.2024997943081 9.17499979492277 7.49999983236194 8.04499982018024 8.04499982018024 7.93999982252717 7.81499982532114 7.85999982431531 7.79499982576817 7.74499982688576 9.27749979263172 8.56863617211242 8.55909071778032 4.99999988824129 -9999 -9999 -9999 -9999 -9999 -9999 -9999 -9999 -9999 -9999 -9999 -9999 -9999 -9999 -9999 -9999 -9999 -9999 -9999 -9999 -9999 -9999 -9999 -9999 -9999 -9999
-9999 -9999 -9999 -9999 7.15999983996153 9.28333312583466 9.46499978844076 9.67599978372455 10.1099997740239 10.9759997546673 10.8249997580424 10.8249997580424 11.5749997412786 11.6299997400492 11.4249997446314 11.4099997449666 9.45499978866428 9.66624978394248 9.2812497925479 9.21999979391694 8.45499981101602 8.04999982006848 7.91999982297421 7.59999983012676 7.41999983415008 7.62499982956797 8.80799980312586 -9999 -9999 -9999 -9999 -9999 -9999 -9999 -9999 -9999 -9999 -9999 -9999 -9999 -9999 -9999 -9999 -9999 -9999 -9999 -9999 -9999 -9999 -9999 -9999 -9999 -9999 -9999 -9999 -9999 -9999 -9999 -9999 -9999 -9999 -9999
-9999 -9999 -9999 -9999 -9999 9.19499979447573 9.3849997902289 9.48999978788197 10.2549997707829 11.4899997431785 11.5449997419491 11.4699997436255 11.479999743402 10.9849997544661 10.7849997589365 10.7849997589365 9.25666645976404 9.10499979648739 9.16499979514629 9.57999978587031 8.69166647239278 8.65666647317509 6.93999984487891 6.79999984800816 9.89833311208834 -9999 -9999 -9999 -9999 -9999 -9999 -9999 -9999 -9999 -9999 -9999 -9999 -9999 -9999 -9999 -9999 -9999 -9999 -9999 -9999 -9999 -9999 -9999 -9999 -9999 -9999 -9999 -9999 -9999 -9999 -9999 -9999 -9999 -9999 -9999 -9999 -9999
