EcologicalScience/Bass/data/rs_data_bass/sst_163.asc
NCOLS 226 
NROWS 124 
XLLCORNER -9.41648524995501 
YLLCORNER 47.587301625531 
CELLSIZE 0.0833 
NODATA_value -9999 
[rows 81 to 107 of 124, columns 62 to 123 of 226]
15.4647716875405 -9999 -9999 -9999 -9999 -9999 -9999 -9999 -9999 -9999 -9999 -9999 -9999 -9999 -9999 -9999 -9999 -9999 -9999 -9999 -9999 -9999 -9999 -9999 -9999 -9999 -9999 -9999 -9999 -9999 -9999 -9999 -9999 -9999 -9999 -9999 -9999 -9999 -9999 -9999 -9999 -9999 -9999 -9999 -9999 -9999 -9999 -9999 -9999 -9999 -9999 -9999 -9999 -9999 -9999 -9999 -9999 -9999 -9999 -9999 -9999 -9999
14.9765697880547 -9999 -9999 -9999 -9999 -9999 -9999 -9999 -9999 -9999 -9999 -9999 -9999 -9999 -9999 -9999 -9999 -9999 -9999 -9999 -9999 -9999 -9999 -9999 -9999 -9999 -9999 -9999 -9999 -9999 -9999 -9999 -9999 -9999 -9999 -9999 -9999 -9999 -9999 -9999 -9999 -9999 -9999 -9999 -9999 -9999 -9999 -9999 -9999 -9999 -9999 -9999 -9999 -9999 -9999 -9999 -9999 -9999 -9999 -9999 -9999 -9999
-9999 -9999 -9999 -9999 -9999 -9999 -9999 -9999 -9999 -9999 -9999 -9999 -9999 -9999 -9999 -9999 -9999 -9999 -9999 -9999 -9999 -9999 -9999 -9999 -9999 -9999 -9999 -9999 -9999 -9999 -9999 -9999 -9999 -9999 -9999 -9999 -9999 -9999 -9999 -9999 -9999 -9999 -9999 -9999 -9999 -9999 -9999 -9999 -9999 -9999 -9999 -9999 -9999 -9999 -9999 -9999 -9999 -9999 -9999 -9999 15.8815152022307 -9999
-9999 -9999 -9999 -9999 -9999 -9999 -9999 -9999 -9999 -9999 -9999 -9999 -9999 -9999 -9999 -9999 -9999 -9999 -9999 -9999 -9999 -9999 -9999 -9999 -9999 -9999 -9999 -9999 -9999 -9999 -9999 -9999 -9999 11.3199997469783 11.209999749437 11.1449997508898 -9999 -9999 -9999 -9999 -9999 -9999 -9999 -9999 -9999 -9999 -9999 -9999 -9999 -9999 -9999 -9999 -9999 -9999 -9999 -9999 17.2699996139854 18.2316328478587 16.8928037178703 16.7974181165919 17.2585680535994 16.4503005901352
-9999 -9999 -9999 -9999 -9999 -9999 -9999 -9999 -9999 -9999 -9999 -9999 -9999 -9999 -9999 -9999 -9999 -9999 -9999 -9999 -9999 -9999 -9999 -9999 -9999 -9999 -9999 -9999 -9999 -9999 -9999 -9999 9.78999978117645 12.0940248218831 17.8301644762978 17.7276070252992 17.9685811758973 17.9097720081918 17.3109225565568 17.6078371349722 12.0385080260802 -9999 17.1431012731045 17.039826637134 17.3568223947659 18.3372142515145 17.8194067017175 17.2069307356142 17.8251441814937 17.1502731228247 17.3819238687865 17.5038453140296 17.44001585152 -9999 16.96021910524 17.0355235273018 17.9793389504775 16.4065523068421 16.7027497002855 16.9824518393725 15.8270668494515 16.9917752440087
-9999 -9999 -9999 -9999 -9999 -9999 -9999 -9999 -9999 -9999 -9999 -9999 13.4074427371458 16.4593005810748 16.2114779944532 16.0321817514487 16.0644550751895 16.1913968152367 16.7135074748658 -9999 -9999 -9999 -9999 -9999 -9999 11.894999734126 11.3945040424996 17.3546708398499 17.2427899842151 17.2105166604742 17.4256721520796 17.4127628225833 17.5110171637498 17.4873500596732 15.6699996497482 17.9850764302537 18.3120103224979 17.8861049041152 17.3374584005214 17.2463759090751 17.3977019381709 17.5432904874906 16.7300027292222 16.6919919257052 16.7041840702295 17.0577562614344 16.7013153303415 16.2717215321027 16.2724387170747 15.6499221613631 16.1290017226711 16.5456861914136 16.7558213882148 16.7185277696699 16.6690420066006 16.6647388967685 16.4553208849393 16.4703817693517 16.7020325153135 16.8626819490455 16.6410717926919 16.4079866767861
-9999 -9999 -9999 -9999 -9999 -9999 -9999 -9999 20.412648401888 14.7226019925438 16.5474279263456 15.4985961322673 15.7546311672777 16.2559434627183 15.6535080862232 15.4139683055691 15.7539139823057 15.6248206873424 15.5918301786296 15.5803552190773 16.2702871621586 13.9426266229074 16.8261055154726 16.3900570524856 16.3183385552838 16.5550095960498 -9999 16.5894344747066 16.6066469140351 16.9480269607157 17.039826637134 16.6977294054814 16.7723166425712 16.7005981453694 17.320245961193 9.21999979391694 14.3009453267934 17.0097048683092 16.7895290818997 16.9279457814991 17.1760917818174 16.9759971746244 16.7206793245859 16.2939542662352 15.8758354275487 15.9152806010097 15.7388530978933 15.8830072772689 15.568880259525 15.7725607915781 15.6190832075663 15.9848475432955 16.1498000868596 16.0945768440142 16.08597062435 15.9855647282675 16.1304360926151 16.4187444513664 16.1870937054045 16.4488662201911 16.4079866767861 16.4868770237081
-9999 -9999 -9999 -9999 -9999 -9999 -9999 -9999 12.3327418736599 16.0525019923225 16.1581672448665 16.3126010755077 15.3630481725559 15.7574999071658 15.808420040179 15.6420331266709 15.8141575199552 15.6714377105236 15.7194891036488 15.6714377105236 15.8241981095634 16.1117892833427 15.9116946761496 16.1949827400967 16.2014374048449 16.2215185840614 16.2387310233898 15.8729666876607 16.3792992779054 15.9540085894987 16.3785820929334 16.2588122026064 16.485442653764 16.3068635957316 16.6489608273841 16.7056184401736 16.761558867991 16.6575670470484 16.8139133709483 16.6195562435314 16.6367686828598 16.8296914403327 16.5765251452103 16.2136295493692 16.0199896069244 15.8657948379405 15.8693807628006 15.8514511385001 15.7051454042085 15.846430843696 15.5509506352246 16.1555375666358 16.0888393642381 15.9324930403382 16.1784874857403 16.0149693121202 15.8421277338639 15.6262550572865 16.4983519832604 16.2953886361793 16.2401653933339 15.9045228264295
-9999 -9999 -9999 -9999 -9999 -9999 -9999 -9999 16.9127255226485 15.8849197705276 15.1098818774335 15.2640766464174 15.5860926988535 15.7546311672777 15.6047395081259 15.68793296488 15.8105715950951 15.4426557044499 15.7087313290685 15.9690694739111 16.0235755317844 15.7761467164382 16.0694753699936 15.9583116993308 15.8378246240318 15.8722495026886 15.9504226646386 16.123981427867 16.1175267631188 16.1211126879789 15.5918301786296 15.8736838726327 15.925321190618 16.0006256126799 16.3843195727095 16.5370799717493 16.4208960062824 16.5385143416934 16.4990691682324 16.4223303762265 16.3427228443325 16.1082033584826 15.9575945143588 15.8213293696754 15.7460249476135 15.7976622655988 15.9289071154781 15.7912076008506 15.8715323177166 16.0343333063647 15.9210180807859 15.84786521364 16.0895565492101 15.9597460692748 16.005645907484 15.9862819132395 15.8822900922969 15.9109774911776 15.4648884385824 15.3472701031715 16.0522629306652 15.8256324795075
10.7119858987143 9.40499978978187 -9999 -9999 -9999 -9999 -9999 -9999 15.2396923573688 15.1550645306706 15.0259712357074 15.8342386991717 15.8679463928565 15.8665120229125 15.7747123464942 15.7768639014103 15.6527909012511 15.5925473636016 15.3056733747944 15.5487990803085 15.8571886182763 15.8414105488919 15.8686635778286 15.7438733926974 15.647770606447 15.5739005543292 15.6305581671186 15.6176488376223 15.6018707682379 15.6226691324264 15.6305581671186 15.487121172715 15.7237922134809 16.0199896069244 15.8643604679964 16.2552262777463 15.8794213524088 15.9877162831835 16.2114779944532 16.0988799538463 15.9418164449744 16.006363092456 15.6355784619227 15.6384472018108 15.6140629127622 15.6011535832658 15.5731833693571 15.7869044910185 15.5796380341053 16.0185552369803 16.0536973006092 15.9224524507299 16.1533860117197 15.9554429594427 15.9073915663175 15.8120059650391 15.8614917281084 15.9461195548065 15.9626148091629 15.9195837108418 16.2121951794252 16.2136295493692
15.3508560280316 15.4792321380228 15.5179601265118 15.3616138026118 15.7390124723315 -9999 16.1899624452926 14.3898281655274 15.370220022276 15.1041443976574 15.0159306460992 15.5516678201966 15.5652943346649 16.4811395439319 15.3752403170802 15.0374461952597 15.2081362186 14.9205450448208 14.9872432472184 14.9599902182817 15.0281227906235 15.0991241028532 15.1988128139637 15.1091646924615 15.3386638835073 15.2583391666412 15.2318033226766 15.1823175596073 15.2404095423408 15.0259712357074 15.0144962761551 15.5617084098049 15.1421552011743 15.3479872881435 15.5731833693571 15.4684743634425 15.4146854905412 15.568880259525 15.7316812481731 15.6255378723145 15.44982755417 15.2224799180403 15.4024933460169 15.4448072593659 15.4311807448976 15.5545365600847 15.6743064504117 15.6018707682379 15.6348612769507 15.84786521364 15.7245093984529 16.0149693121202 16.0400707861409 15.7531967973337 15.7166203637607 15.9489882946946 15.4046449009329 15.8127231500112 16.0228583468124 16.0250099017285 16.24590287311 16.3850367576815
15.4835352478549 15.5832239589654 15.3250373690389 14.8459578077309 14.9822229524143 14.5547807090916 14.7620471660048 14.8129672990181 14.7161473277956 14.7204504376277 15.009475981351 15.2511673169211 15.2289345827885 15.9748069536872 15.4412213345058 15.2282173978165 14.9277168945409 15.127811501734 14.8746452066116 15.2023987388238 15.0030213166028 15.130680241622 15.0740226288326 15.0998412878253 15.1651051202789 15.0625476692803 14.9750511026941 14.9922635420226 15.0840632184409 15.0718710739166 15.1392864612862 14.8452406227589 15.0697195190005 15.0740226288326 15.050355524756 15.3544419528916 15.3185827042907 15.3565935078077 15.3099764846265 15.2310861377046 15.2439954672009 15.3479872881435 15.5545365600847 15.5531021901406 15.6915188897401 15.7216406585649 15.685781409964 15.7022766643204 15.7481765025295 16.0795159596018 16.126850167755 15.9418164449744 15.8220465546474 15.7632373869419 15.8120059650391 15.8987853466533 16.5213019023649 16.0967283989303 16.8590960241854 16.285348046571 16.5083925728686 16.5600298908539
15.5638599647209 15.6771751902997 16.1490829018876 15.2526016868651 14.8717764667235 15.1758628948592 15.0331430854276 14.8603015071712 14.7620471660048 14.6308023161255 14.7914517498575 14.8043610793538 14.9348887442611 14.9528183685616 14.9226965997368 14.9176763049327 14.9506668136455 15.0596789293922 14.9521011835895 15.0345774553716 14.7771080504172 15.2461470221169 15.0661335941404 15.1450239410624 15.0826288484968 14.9944150969386 15.0618304843083 14.8588671372272 14.9786370275542 15.1242255768739 15.0632648542523 15.1787316347472 15.1019928427413 15.0776085536927 15.0797601086088 15.2361064325087 15.2705313111655 15.3874324616045 15.3228858141229 15.3580278777517 15.3910183864646 15.4440900743939 15.5602740398608 15.6793267452158 15.5968504734337 15.6126285428181 15.6506393463351 15.8665120229125 15.845713658724 16.0278786416166 15.7747123464942 15.7065797741525 15.7747123464942 15.964766364079 15.9956053178757 16.1627094163559 16.0221411618404 16.2695699771866 16.4546036999673 16.6274452782236 17.0663624810986 16.6862544459291
16.3097323356196 16.7508010934107 16.0271614566445 16.2071748846211 16.0400707861409 15.7739951615222 15.7230750285089 15.3494216580875 14.5834681079723 14.8079470042139 14.5626697437838 14.691763038747 14.8323312932625 15.0223853108473 14.4077577898279 14.4952543564141 14.7763908654451 14.8187047787942 14.9463637038134 15.0044556865469 15.0195165709592 14.8215735186823 14.7649159058928 15.1084475074895 15.0130619062111 15.0984069178812 14.8366344030946 14.888988906052 15.167973860167 14.9470808887854 14.9951322819106 15.2031159237958 15.0238196807913 15.2791375308298 15.2712484961376 15.4175542304292 15.5014648721553 15.2196111781523 15.5782036641613 15.1514786058106 15.1873378544115 15.526566346176 15.4426557044499 15.7245093984529 15.7338328030892 16.0773644046858 15.7574999071658 16.1476485319436 15.7998138205148 15.8177434448153 15.7417218377814 15.7065797741525 15.8285012193955 16.0156864970922 16.1361735723913 16.1541031966917 16.7558213882148 16.6295968331397 16.3965117172338 18.7252113213763 16.9336832612753 17.6200292794965
15.9525742195547 15.5889614387415 15.9826959883794 16.4926145034842 16.1089205434546 16.2121951794252 16.2996917460114 15.6764580053277 15.6793267452158 15.3903012014925 15.1751457098871 15.4713431033306 15.4605853287503 14.9621417731978 14.6300851311535 14.6544694202021 14.8538468424231 14.8882717210799 14.9628589581698 14.9219794147648 14.4149296395481 14.968596437946 14.8990294956602 15.0854975883849 15.010193166323 15.1564989006147 15.0919522531331 15.1335489815101 15.2820062707178 15.5122226467356 15.2425610972568 15.408948010765 15.3795434269123 15.3651997274719 15.4197057853453 15.408948010765 15.6190832075663 15.8198949997313 16.0006256126799 15.408948010765 15.8514511385001 15.6147800977342 15.4942930224352 15.7840357511304 15.6829126700759 16.0307473815046 16.2351450985298 16.087404994294 16.365672763437 15.9403820750304 15.9841303583235 15.9762413236313 16.2968230061233 16.1074861735106 17.2248603599146 16.3721274281852 16.9100161571987 16.7364573939703 17.0211798278615 17.122302908916 17.3790551288985 18.0008544996381
16.7959837466478 16.7751853824593 17.4615314006805 16.5578783359379 15.8557542483322 16.2351450985298 15.6994079244323 15.9991912427358 16.1426282371394 15.9281899305061 16.167012526188 15.8435621038079 15.7833185661584 15.5588396699168 15.3078249297105 15.1371349063702 14.8481093626469 15.0144962761551 15.0187993859872 14.9635761431418 14.9901119871065 15.1665394902229 15.2267830278724 15.1988128139637 14.970747992862 15.0639820392244 15.0661335941404 15.0403149351478 15.2511673169211 15.1213568369858 15.5208288663998 15.5545365600847 15.5107882767916 15.5222632363439 15.4362010397017 15.4727774732746 15.7790154563263 16.2315591736697 16.2623981274664 16.0802331445739 16.1992858499289 16.0716269249097 15.8012481904589 15.5889614387415 15.7108828839846 15.7582170921378 16.0967283989303 16.3111667055637 16.2258216938935 16.2874996014871 16.403683566954 16.2093264395371 16.3405712894164 17.1581621575169 16.7751853824593 18.8112735180184 17.67812126223 17.4199346723035 17.3697317242622 17.3898129034787 17.3403271404095 17.5798669210635
18.676442743279 16.4409771854989 16.0673238150775 16.9379863711074 16.1770531157963 19.1002990617417 16.722830879502 16.8877834230661 15.0747398138046 16.3011261159554 16.0831018844619 15.9038056414574 15.5997192133218 16.681951336097 15.4806665079668 14.8610186921433 14.9155247500166 15.0840632184409 14.9564042934217 15.168691045139 15.3745231321082 15.328623293899 15.1557817156427 15.0819116635248 15.1321146115661 15.2970671551302 15.3451185482554 15.5602740398608 15.4756462131627 15.649204976391 15.4010589760728 15.6721548954956 15.7589342771098 15.8923306819052 15.925321190618 15.9719382137991 16.244468503166 16.3771477229893 16.483291098848 16.3427228443325 16.1440626070835 15.9403820750304 15.8005310054868 15.6700033405796 15.6936704446562 15.7173375487328 15.9525742195547 16.1619922313839 16.3728446131572 16.8849146831781 16.8727225386538 16.644657717552 17.5949278054759 16.8741569085978 17.4220862272196 17.3460646201856 17.520340568386 17.1199996173382 -9999 -9999 -9999 -9999
18.1442914940417 18.9898525760509 16.7142246598378 17.4694204353727 17.720435175579 19.0651569981128 19.1282692756504 17.2635883484036 16.1913968152367 16.0630207052454 16.2186498441733 15.7044282192364 15.8012481904589 15.5717489994131 15.049638339784 15.2576219816692 15.249015762005 15.2131565134041 15.170842600055 15.2798547158018 15.2432782822289 15.0625476692803 15.2834406406619 15.1995299989358 15.2726828660816 15.7058625891805 15.9482711097226 16.0752128497697 15.9432508149184 15.887310387101 15.8141575199552 15.846430843696 16.1297189076431 16.0113833872601 16.4079866767861 16.445997480303 16.3491775090806 16.4381084456109 16.3778649079613 16.3061464107595 16.125415797811 16.7285683592781 15.9611804392189 15.8887447570451 15.924604005646 15.9360789651982 16.4230475611985 16.3412884743884 16.4954832433723 17.0125736081973 17.5253608631901 17.5260780481622 17.7111117709428 17.3137912964448 16.3694635982891 17.9999995976686 -9999 -9999 -9999 -9999 -9999 -9999
18.9848322812468 18.3357798815705 19.3233435880393 19.192815923132 17.7900021178648 17.6759697073139 17.5346842678264 16.3692586882971 16.0271614566445 15.7560655372217 15.5480818953365 15.4727774732746 15.8041169303469 15.2619250915013 15.3350779586472 15.526566346176 15.4914242825471 15.3200170742348 15.1062959525734 15.4534134790301 15.6405987567268 15.2296517677605 15.4247260801494 15.6198003925383 15.3350779586472 15.8292184043676 15.884441647213 16.0594347803853 16.1806390406564 16.2599996365607 16.2099996376783 15.4061484130768 16.2602465725504 16.6299996282905 -9999 17.344999612309 16.443128740415 16.3276619599201 16.2810449367389 16.245185688138 16.0436567110009 16.7335886540823 17.7527084993199 16.0766472197138 16.0422223410569 16.1225470579229 16.4079866767861 16.5872829197906 18.4577013268135 17.2829523426481 17.3381755854934 17.9119235631078 18.0058747944422 14.3949996782467 -9999 -9999 -9999 -9999 -9999 -9999 -9999 -9999
19.5255897501484 19.4825586518273 19.3025452238508 19.19209873816 19.2645344203338 18.1636554882862 17.797173967585 17.4945219093934 16.1906796302646 15.6893673348241 15.4132511205971 15.0862147733569 15.4046449009329 15.3415326233953 15.5222632363439 15.3400982534513 15.486403987743 15.3178655193187 15.2941984152421 15.6420331266709 15.726660953369 15.8134403349832 15.7840357511304 16.2172154742293 16.1727500059642 16.0572832254693 15.9410992600024 16.0422223410569 16.3792992779054 -9999 -9999 -9999 -9999 -9999 16.3799996338785 17.0482894198038 17.001098648645 15.9683522889391 16.8088930761442 16.7328714691103 16.1942655551247 17.3955503832549 17.5440076724626 16.1419110521674 16.3004089309834 16.5062410179526 17.4027222329751 16.9286629664712 17.0326547874138 17.7096774009988 18.2905972283334 19.5198522703722 18.1399883842096 -9999 -9999 -9999 -9999 -9999 -9999 -9999 -9999 -9999
17.9908139100298 16.3843195727095 17.8631549850106 16.3957945322618 16.6719107464887 16.5736564053223 16.5578783359379 16.2932370812632 16.283913676627 15.7316812481731 15.7015594793484 15.2547532417811 15.5366069357842 15.6377300168388 15.6327097220346 15.6370128318667 15.4985961322673 15.526566346176 15.5330210109241 15.2303689527325 15.7553483522497 15.6649830457754 15.6542252711952 15.5179601265118 16.7601244980469 16.7450636136346 16.283196491655 16.3104495205916 16.6145359487273 16.1999996379018 -9999 -9999 -9999 -9999 -9999 18.0749995959923 17.2291634697467 17.1803948916495 17.0183110879734 16.9164708219469 16.8476210646331 16.8476210646331 17.1861323714256 16.6116672088392 16.6511123823002 16.5958891394548 16.7493667234667 17.161748082377 17.3546708398499 18.0080263493583 17.8846705341712 18.4447919973172 18.4483779221773 13.5272564738272 9.61298563258104 22.4288646241136 -9999 -9999 -9999 -9999 -9999 -9999
15.8507339535281 16.0680410000496 15.9181493408978 16.4008148270659 16.0544144855812 16.0909909191541 16.7278511743061 15.4605853287503 16.4969176133163 16.5012207231484 15.6958219995722 15.6377300168388 15.6821954851039 15.130680241622 15.1349833514541 15.7108828839846 15.3838465367444 15.6915188897401 15.7051454042085 15.8198949997313 15.8256324795075 15.6549424561672 15.7603686470538 16.4875942086801 16.4187444513664 16.0823846994899 17.1022217296995 17.041261007078 17.518906198442 17.7003539963625 13.7440521394547 24.7149994475767 -9999 -9999 -9999 -9999 17.3424786953256 17.5045624990016 17.480178209953 17.4600970307365 17.1402325332165 17.2155369552784 16.3749961680733 17.2442243541591 17.4314096318558 17.1875667413697 17.2506790189072 16.9501785156317 17.2083651055582 18.0991088408045 18.2282021357678 18.6922208126634 16.9292367144488 9.86999977938831 -9999 -9999 -9999 -9999 -9999 -9999 -9999 -9999
15.8141575199552 15.9583116993308 16.0601519653574 15.608325432986 15.3114108545706 16.1203955030069 15.8593401731923 16.2100436245091 15.8363902540877 15.8894619420171 15.7811670112424 15.7861873060465 15.8313699592836 14.6817224491388 15.6205175775103 15.926755560562 15.9410992600024 15.8500167685561 15.5366069357842 15.806985670235 15.8822900922969 15.965483549051 16.5499893012457 16.8913693479262 16.9157536369748 16.9150364520028 16.9810174694285 17.0197454579175 17.1251716488041 17.239921244327 13.8187227104518 -9999 -9999 -9999 -9999 -9999 -9999 -9999 -9999 -9999 -9999 -9999 -9999 -9999 -9999 -9999 17.3183334679343 17.4591407841071 17.3586870756932 17.6903134067543 16.7559450407962 19.3399995677173 -9999 -9999 -9999 -9999 -9999 -9999 -9999 -9999 -9999 -9999
15.7037110342644 15.6735892654397 15.3157139644027 15.5997192133218 14.8810998713598 17.0505844117142 16.7845087870955 15.6341440919787 15.9920193930157 15.5143742016517 15.7567827221937 15.805551300291 15.84786521364 15.9525742195547 15.9461195548065 16.0544144855812 15.9941709479317 16.085253439378 15.9045228264295 15.8808557223529 16.085253439378 16.40583512187 16.4352397057228 16.8619647640735 12.7641665824725 16.0649996409193 16.840449214913 17.0082704983652 17.1696371170692 17.4091768977232 18.5638447026722 12.6863653253184 19.8971566564464 -9999 -9999 -9999 -9999 -9999 -9999 -9999 -9999 -9999 -9999 -9999 -9999 -9999 -9999 -9999 -9999 -9999 -9999 -9999 -9999 -9999 -9999 -9999 -9999 -9999 -9999 -9999 -9999 -9999
16.3706930582412 15.8973509767093 15.3530075829476 15.2081362186 15.7890560459346 15.6398815717548 16.2014374048449 15.5136570166796 15.6441846815869 15.6685689706355 15.0976897329092 16.0400707861409 16.0228583468124 16.0608691503294 16.044373895973 15.8127231500112 15.6986907394603 15.8901791269891 16.1175267631188 16.2968230061233 16.3491775090806 16.044373895973 16.5786767001264 16.1548203816637 16.0938596590422 16.6324655730277 16.8253883305006 16.8913693479262 16.8748740935698 17.8717612046748 18.8005157434382 19.0916928420775 19.6687781204283 -9999 -9999 -9999 -9999 -9999 -9999 -9999 -9999 -9999 -9999 -9999 -9999 -9999 -9999 -9999 -9999 -9999 -9999 -9999 -9999 -9999 -9999 -9999 -9999 -9999 -9999 -9999 -9999 -9999
15.3250373690389 15.4204229703173 15.4691915484145 15.3508560280316 15.9038056414574 15.8277840344235 15.4656056235544 15.5000305022113 15.7402874678373 15.8313699592836 15.9733725837432 16.0422223410569 16.0637378902175 16.0407879711129 15.7639545719139 15.7517624273896 15.9396648900583 16.0034943525679 15.925321190618 16.3197729252279 16.3333994396962 16.6403546077199 16.8705709837377 16.7601244980469 16.8892177930102 16.8081758911721 16.8397320299409 17.1101107643917 17.9635608810931 17.8846705341712 18.7345347260125 18.7345347260125 22.0078928271541 -9999 -9999 -9999 -9999 -9999 -9999 -9999 -9999 -9999 -9999 -9999 -9999 -9999 -9999 -9999 -9999 -9999 -9999 -9999 -9999 -9999 -9999 -9999 -9999 -9999 -9999 -9999 -9999 -9999
14.6551866051741 14.6723990445025 15.5222632363439 15.487121172715 15.6951048146002 15.5136570166796 15.7345499880612 15.6721548954956 15.6965391845442 15.7747123464942 15.3354365511332 16.0931424740702 16.0285958265886 16.1849421504885 16.5951719544828 15.8596987656783 15.728453915799 15.966200734023 16.0960112139583 16.2150639193133 16.3463087691925 16.4904629485682 16.3728446131572 17.0477156718262 17.0943326950073 16.9422894809395 16.9537644404918 17.7347788750194 17.7770927883685 17.7627490889281 18.952558957506 19.5973082473502 14.5169924340839 -9999 -9999 -9999 -9999 -9999 -9999 -9999 -9999 -9999 -9999 -9999 -9999 -9999 -9999 -9999 -9999 -9999 -9999 -9999 -9999 -9999 -9999 -9999 -9999 -9999 -9999 -9999 -9999 -9999
