EcologicalScience/Bass/data/rs_data_bass/sst_451.asc
NCOLS 226 
NROWS 124 
XLLCORNER -9.41648524995501 
YLLCORNER 47.587301625531 
CELLSIZE 0.0833 
NODATA_value -9999 
[rows 81 to 107 of 124, columns 62 to 123 of 226]
12.2467997819185 -9999 -9999 -9999 -9999 -9999 -9999 -9999 -9999 -9999 -9999 -9999 -9999 -9999 -9999 -9999 -9999 -9999 -9999 -9999 -9999 -9999 -9999 -9999 -9999 -9999 -9999 -9999 -9999 -9999 -9999 -9999 -9999 -9999 -9999 -9999 -9999 -9999 -9999 -9999 -9999 -9999 -9999 -9999 -9999 -9999 -9999 -9999 -9999 -9999 -9999 -9999 -9999 -9999 -9999 -9999 -9999 -9999 -9999 -9999 -9999 -9999
14.85570089602 -9999 -9999 -9999 -9999 -9999 -9999 -9999 -9999 -9999 -9999 -9999 -9999 -9999 -9999 -9999 -9999 -9999 -9999 -9999 -9999 -9999 -9999 -9999 -9999 -9999 -9999 -9999 -9999 -9999 -9999 -9999 -9999 -9999 -9999 -9999 -9999 -9999 -9999 -9999 -9999 -9999 -9999 -9999 -9999 -9999 -9999 -9999 -9999 -9999 -9999 -9999 -9999 -9999 -9999 -9999 -9999 -9999 -9999 -9999 -9999 -9999
-9999 -9999 -9999 -9999 -9999 -9999 -9999 -9999 -9999 -9999 -9999 -9999 -9999 -9999 -9999 -9999 -9999 -9999 -9999 -9999 -9999 -9999 -9999 -9999 -9999 -9999 -9999 -9999 -9999 -9999 -9999 -9999 -9999 -9999 -9999 -9999 -9999 -9999 -9999 -9999 -9999 -9999 -9999 -9999 -9999 -9999 -9999 -9999 -9999 -9999 -9999 -9999 -9999 -9999 -9999 -9999 -9999 -9999 -9999 -9999 14.7764272388448 -9999
-9999 -9999 -9999 -9999 -9999 -9999 -9999 -9999 -9999 -9999 -9999 -9999 -9999 -9999 -9999 -9999 -9999 -9999 -9999 -9999 -9999 -9999 -9999 -9999 -9999 -9999 -9999 -9999 -9999 -9999 -9999 -9999 -9999 11.3199997469783 11.209999749437 11.1449997508898 -9999 -9999 -9999 -9999 -9999 -9999 -9999 -9999 -9999 -9999 -9999 -9999 -9999 -9999 -9999 -9999 -9999 -9999 -9999 -9999 17.2699996139854 14.1350319045596 16.6927091106772 16.7113559199497 16.7292855442502 16.9193395618349
-9999 -9999 -9999 -9999 -9999 -9999 -9999 -9999 -9999 -9999 -9999 -9999 -9999 -9999 -9999 -9999 -9999 -9999 -9999 -9999 -9999 -9999 -9999 -9999 -9999 -9999 -9999 -9999 -9999 -9999 -9999 -9999 18.6599995829165 16.365006805963 15.4448072593659 15.7374187279493 15.7068188358098 15.8165481365286 16.0585741584189 16.6934262956493 18.0463103661979 23.7149994699284 16.8258664538153 16.4251991161145 16.603240285418 16.4739676942118 16.6367686828598 16.7586901281029 16.6970122205094 16.7142246598378 16.7013153303415 16.4187444513664 13.6627129400507 -9999 16.8916084095836 16.5392315266654 16.6202734285034 16.8339945501648 16.8282570703886 16.8067415212281 16.9300973364152 16.8978240126744
-9999 -9999 -9999 -9999 -9999 -9999 -9999 -9999 -9999 -9999 -9999 -9999 15.7744049815062 15.984040710202 16.0978758948855 15.9004587782547 15.7931200941093 16.1967757025268 16.4603411797434 -9999 -9999 -9999 -9999 -9999 -9999 11.894999734126 9.52252015693592 16.0235755317844 16.1544617891777 16.8322015877347 15.5244147912599 16.7249824344181 16.8153477408923 16.4273506710306 14.1849996829405 13.4167524701092 15.2890585896093 15.8406933639199 15.5652943346649 16.3513290639967 16.5265612588264 16.4060741835274 15.6843470400199 16.4244819311425 16.0687581850216 16.7364573939703 16.8641163189895 16.884197498206 16.9092989722267 16.8612475791015 16.7407605038024 16.5155644225888 16.4531693300232 16.3068635957316 16.4115726016462 16.6453749025241 16.7092043650337 16.7981353015639 16.7651447928511 16.6991637754254 16.7192449546419 16.6991637754254
-9999 -9999 -9999 -9999 -9999 -9999 -9999 -9999 -9999 17.2651866463412 16.0099490173161 16.2142032973468 15.5050507970154 16.0883612409234 16.0864487476647 15.8801385373808 16.5126956827007 16.6159703186713 16.1971342950128 16.5313424919732 16.565050185658 15.317409128882 16.8225195906125 16.2602465725504 16.801004041452 16.5424588590395 -9999 15.9816202109214 16.4395428155549 16.1397594972514 16.0651722601615 16.5528580411337 16.5055238329805 16.5948133619968 13.8235278780071 11.4849997432902 13.6501454127568 16.7331105307676 16.325510405004 15.8167871981859 16.2824793066829 16.2172154742293 16.4101382317021 15.5825067739934 16.0623035202734 17.0068361284211 17.0111392382532 16.9709768798202 16.9344004462473 16.8684194288217 16.8476210646331 16.8763084635139 16.7407605038024 16.524170642253 16.6245765383355 16.7759025674313 16.682668521069 16.7034668852575 16.6267280932516 16.6876888158731 16.6984465904534 16.5126956827007
-9999 -9999 -9999 -9999 -9999 -9999 -9999 -9999 15.3392845307218 16.164860971272 16.045091080945 16.083819069434 16.4746848791838 16.3147526304238 15.7309640632011 15.9432508149184 16.684102891013 16.6116672088392 16.6123843938112 16.5923032145947 16.5793938850984 16.565050185658 16.6267280932516 16.3333994396962 16.5169987925328 16.6403546077199 16.4782708040439 16.4947660584003 16.4130069715902 16.3448743992485 16.3319650697522 16.8210852206685 16.8540757293813 16.7766197524033 16.6668904516846 16.6927091106772 16.4813786055893 16.6126234554686 16.2164982892573 16.1727500059642 16.3314869464375 16.3068635957316 16.2925198962912 16.6697591915727 16.8110446310602 17.0075533133931 17.003250203561 16.8590960241854 17.0778374406509 16.7579729431309 16.7823572321795 16.6217077984475 16.6797997811809 16.3326822547242 16.564333000686 16.6274452782236 16.6059297290631 16.5614642607979 16.6274452782236 16.5657673706301 16.682668521069 16.6174046886154
-9999 -9999 -9999 -9999 -9999 -9999 -9999 -9999 16.6260109082796 16.1122674066573 15.8995025316253 16.7366964556277 16.1419110521674 16.3592180986889 16.522736272309 16.1770531157963 16.4223303762265 16.4574724398553 16.3714102432132 16.4295022259466 16.5456861914136 16.4754020641558 16.5557267810218 16.4524521450512 16.5205847173929 16.365672763437 16.1734671909362 16.3190557402559 15.9590288843028 16.4173100814223 16.3047120408155 16.444563110359 16.5585955209099 15.5523850051686 16.40583512187 17.1000701747835 16.0393536011688 16.6592404786497 16.4873551470228 16.0099490173161 16.3434400293045 16.4495834051631 16.7708822726272 16.8540757293813 16.8684194288217 16.7386089488864 16.8454695097171 16.7092043650337 16.7084871800616 16.7508010934107 16.6998809603974 16.6281624631956 16.5822626249865 16.203588959761 16.6869716309011 16.64394053258 16.6668904516846 16.6460920874961 16.5715048504062 16.7178105846979 16.6683248216286 16.5758079602383
13.0321970134974 9.40499978978187 -9999 -9999 -9999 -9999 -9999 -9999 16.1145206899382 16.1376079423353 16.4486271585338 15.2949156002142 16.1325876475312 16.2796105667949 16.3534806189127 16.2946714512073 15.487121172715 15.2848750106059 15.3357951436192 16.0673238150775 16.8339945501648 15.4397869645618 15.2224799180403 16.2078920695931 16.4474318502471 15.408230825793 15.566728704609 16.0787987746298 15.9403820750304 15.3874324616045 16.4091819850728 16.4388256305829 16.1684468961321 16.6970122205094 16.6403546077199 15.2927640452981 16.9128848970868 16.6950997272506 16.8122399393469 16.6556545537896 16.3190557402559 16.325510405004 16.5385143416934 16.5779595151544 16.6367686828598 16.6518295672722 16.7084871800616 16.6934262956493 16.6855372609571 16.6374858678319 16.6711935615167 16.6252937233075 16.6080812839791 16.762993237935 16.6697591915727 16.7479323535226 16.7794884922914 16.5880001047626 16.5413830815814 16.3269447749481 16.6590014169924 16.8131961859763
15.9913022080436 16.0415051560849 15.7333546797745 15.7983794505708 15.7049860297702 -9999 16.1899624452926 16.3467390801758 16.1671559631824 15.2934812302701 15.28989530541 16.0501113757491 15.3723715771921 16.1569719365798 16.2602465725504 16.205023329705 15.4125339356251 15.6800439301878 15.7467421325855 15.7094485140406 15.5846583289094 15.6255378723145 15.1851862994954 15.1873378544115 14.9736167327501 16.2518794145435 16.5772423301823 16.6111890855245 15.9927365779877 15.5803552190773 16.4223303762265 16.2272560638376 16.4266334860586 16.524170642253 16.6633045268245 16.3972289022058 16.3455915842205 16.2803277517669 16.5016988464631 16.5253659505397 16.4139632182196 16.363521208521 16.5858485498466 16.5363627867773 16.6661732667126 16.7206793245859 16.8985411976464 16.7278511743061 16.7092043650337 16.6001922492869 16.6991637754254 16.761558867991 16.7500839084387 16.7823572321795 16.7737510125153 16.7450636136346 16.6704763765447 16.3929257923737 16.7715994575992 16.7135074748658 16.8763084635139 16.3283791448921
15.8571886182763 15.8543198783882 15.8693807628006 15.9346445952542 16.0376801695675 16.1808183368994 15.8024434987456 15.9348836569116 16.2910855263472 16.323717442574 16.2014374048449 16.0113833872601 15.8148747049272 16.2702871621586 16.3176213703118 16.0730612948537 15.9561601444148 16.0250099017285 15.965483549051 16.1273282910697 15.7596514620818 16.1820734106004 16.004928722512 15.3400982534513 15.2855921955779 15.4039277159609 14.1101260264404 14.1796929687262 16.217693597544 16.4911801335402 15.926755560562 16.405117936898 16.5148472376168 16.5449690064415 16.4914191951975 16.5141300526448 16.1756187458523 16.2114779944532 16.2541505002882 16.6403546077199 16.5284737520851 16.4237647461705 16.3979460871778 16.6073640990071 16.7070528101176 16.7170933997259 16.8727225386538 16.8598132091574 16.7938321917318 16.7256996193901 16.7371745789424 16.761558867991 16.6611529719085 16.5464033763856 16.6525467522442 16.7077699950896 16.7780541223474 16.9171880069189 16.8698537987657 16.6740623014048 17.0132907931693 16.8246711455286
15.8614917281084 15.9088259362616 15.926755560562 15.527283531148 15.7001251094043 15.7345499880612 14.9994353917427 16.4122897866182 16.5327768619172 16.4090624542441 16.6543397146743 14.3625751365907 15.7101656990126 15.768257681746 16.0199896069244 15.9052400114015 15.9769585086033 16.0601519653574 16.0446129576303 16.1760968691669 15.8320871442556 15.8105715950951 15.8715323177166 15.6764580053277 15.3458357332274 13.0300454585813 12.8234961866401 14.9929807269946 15.6678517856635 15.9432508149184 16.0271614566445 16.2157811042853 16.6188390585594 16.5045675863512 15.4003417911008 16.3183385552838 16.4000976420939 15.8751182425767 16.5987578793429 16.6231421683915 16.6267280932516 16.4639271046035 16.8339945501648 16.8662678739056 16.9028443074785 16.5679189255461 16.6905575557612 16.5779595151544 16.6374858678319 16.7199621396139 16.7041840702295 16.7170933997259 16.8182164807804 16.9860377642326 16.883480313234 16.8992583826184 16.921491116751 16.8870662380941 16.8117618160322 16.8662678739056 17.1287575736642 17.2872554524802
15.2526016868651 15.8808557223529 15.8636432830244 16.0199896069244 15.6198003925383 15.5868098838255 15.3802606118843 13.0149845741689 16.4958418358583 16.5499893012457 16.3204901101999 15.1837519295514 15.5021820571274 15.449110369198 15.2267830278724 16.0668456917629 16.0847753160633 15.2798547158018 15.9152806010097 15.8414105488919 15.7969450806268 15.7338328030892 15.0467695998959 15.8672292078845 15.767540496774 15.3938871263526 16.0264442716725 15.3795434269123 15.330057663843 16.4703817693517 16.5786767001264 16.5793938850984 16.5392315266654 16.3305306998082 16.4495834051631 16.3004089309834 16.4388256305829 16.5428174515255 16.6095156539232 16.6590014169924 16.8124790010042 16.8490554345772 16.8189336657524 16.883480313234 16.9157536369748 16.9128848970868 16.9881893191487 16.9724112497643 16.9107333421707 16.8913693479262 16.9035614924505 16.8784600184299 17.001815833617 16.8146305559203 16.8928037178703 17.0563218914904 16.9193395618349 16.7780541223474 16.7708822726272 16.5865657348186 17.441450221464 17.4378642966039
15.1005584727973 15.7374187279493 15.4010589760728 15.6743064504117 15.3314920337871 14.8552812123671 14.9800713974983 15.6688080322929 15.9425336299464 15.8968728533946 13.9853358413093 15.6793267452158 15.6979735544883 15.7955107106827 16.018316175323 16.0302692581899 16.0290739499032 15.9958443795331 15.8155918898992 15.8593401731923 15.8830072772689 15.9432508149184 15.7840357511304 15.8571886182763 15.8672292078845 15.6284066122025 15.3236029990949 16.7665791627951 16.6396374227479 16.644657717552 16.8526413594373 16.7802056772634 16.6955778505653 16.2645496823825 15.7410046528094 16.3384197345003 16.4503005901352 16.5370799717493 16.5836969949305 16.7049012552015 16.761558867991 16.5593127058819 16.9508957006037 16.9702596948482 16.9960783538409 16.9982299087569 17.0563218914904 17.0218970128335 17.0893124002032 17.1402325332165 17.1438184580766 17.1545762326568 17.1660511922091 17.1825464465655 17.199758885894 17.0355235273018 16.9566331803799 17.0527359666303 17.242072799243 17.3840754237026 17.4687032504007 17.4185003023595
15.1916409642436 15.4046449009329 15.3544419528916 15.3106936695985 15.1801660046913 15.1378520913422 14.9226965997368 15.2557094884105 15.5148523249663 16.2566606476903 16.364238393493 14.4952543564141 15.9131290460937 15.92603837559 16.0199896069244 15.4046449009329 16.1878108903766 16.1823124722578 15.806985670235 15.9188665258698 15.9905850230716 16.0630207052454 16.0486770058051 16.1039002486505 15.8923306819052 15.5932645485736 16.5428174515255 16.0199896069244 16.522019087337 16.721396509558 16.8863490531221 16.8870662380941 16.4567552548833 16.5779595151544 16.5729392203502 16.5872829197906 16.7601244980469 16.8885006080382 17.081423365511 16.7802056772634 16.8949552727863 16.9458754057996 17.0720999608748 17.0634937412106 17.0541703365743 17.1445356430486 17.2162541402504 17.2155369552784 17.1373637933284 17.1925870361738 17.28008360276 17.2686086432077 17.3001647819765 17.3733176491223 17.2585680535994 17.3582567647099 17.3704489092343 17.318811591249 17.4665516954847 17.3747520190664 17.1323434985243 17.1352122384124
15.0711538889445 15.0216681258753 14.8158360389061 14.7003692584112 15.0532242646441 15.0984069178812 15.1077303225175 15.2217627330683 15.926755560562 16.1727500059642 16.3100909281056 15.4935758374631 15.9181493408978 15.9525742195547 16.045091080945 15.6248206873424 15.725226583425 15.8098544101231 16.124698612839 15.9446851848625 15.8148747049272 16.1885280753486 15.6743064504117 15.8485823986121 16.00421153754 16.1533860117197 16.4094210467301 16.5542924110778 16.5055238329805 16.7723166425712 16.8497726195492 16.8698537987657 16.884197498206 16.9731284347363 17.0469984868541 17.1122623193078 17.0778374406509 17.2305978396907 17.3539536548778 16.9860377642326 16.8332773651928 16.9559159954078 17.2693258281797 17.2851038975641 17.2707601981238 17.360408319626 17.3238318860531 17.2858210825361 17.3819238687865 17.3302865508012 17.5296639730223 17.4851985047571 17.4443189613521 17.518906198442 17.4328440017998 17.5160374585539 16.7672963477671 17.6499996054918 -9999 -9999 -9999 -9999
15.3099764846265 15.2827234556898 15.2196111781523 14.9169591199607 15.049638339784 15.0037385015748 15.0209509409033 15.6004363982938 15.9575945143588 16.005645907484 15.2956327851862 15.7072969591245 15.6312753520906 15.5201116814278 14.2227240670472 15.7072969591245 15.088366328273 15.8120059650391 16.0601519653574 15.7080141440965 15.5896786237136 15.9798272484913 16.2774590118788 16.1003143237904 16.2222357690334 16.4617755496874 16.7708822726272 16.3374156755395 16.0623035202734 16.5923032145947 16.8619647640735 17.042695377022 17.123020093888 17.0893124002032 17.1330606834963 17.082857735455 17.6171605396084 17.6243323893286 17.6501510483213 16.9759971746244 16.9738456197083 17.2262947298586 17.3403271404095 17.4077425277792 17.44001585152 17.5239264932461 17.5253608631901 17.6365245338529 17.5798669210635 17.67812126223 17.7878505629487 17.7319101351313 17.6759697073139 17.4522079960443 18.9430013700217 18.9549995763227 -9999 -9999 -9999 -9999 -9999 -9999
15.3092592996545 15.4146854905412 15.0560930045322 14.81009855913 14.9442121488973 15.1636707503349 15.2210455480963 15.2676625712775 15.5394756756723 15.5444959704764 15.44982755417 14.8352000331506 15.3071077447385 15.4010589760728 15.5007476871833 15.8442792887799 16.5499893012457 16.24590287311 16.2566606476903 16.8633991340175 16.2896511564031 16.6539811221883 16.6719107464887 16.4696645843796 16.6640217117965 16.3190557402559 16.8469038796611 16.8978240126744 16.962729252642 16.4499996323138 13.8049996914342 11.9782219786197 15.3649996565655 -9999 -9999 17.8699996005744 17.4887844296172 17.6745353373699 17.7068086611107 17.3890957185067 17.3797723138705 17.3948331982829 17.4457533312961 17.4421674064361 17.6444135685451 17.6982024414465 17.6322214240208 17.7268898403272 17.7505569444038 17.8323160312138 17.8610034300946 17.8172551468015 17.5970793603919 -9999 -9999 -9999 -9999 -9999 -9999 -9999 -9999 -9999
15.3745231321082 15.2834406406619 14.8925748309121 14.9657276980579 15.0704367039725 14.9277168945409 14.8301797383465 14.0097201303579 15.6800439301878 16.1777703007683 16.2509231679142 16.4122897866182 16.5700704804622 16.3398541044444 16.6747794863768 16.40224919701 16.6568498620763 16.5464033763856 16.4710989543237 16.9336832612753 16.8390148449689 16.6927091106772 16.8971068277024 16.9946439838968 16.8210852206685 16.7586901281029 16.2537919078022 16.8562272842973 16.8220414672978 -9999 -9999 -9999 -9999 -9999 16.3799996338785 16.5250143892789 17.1072420245036 17.1925870361738 17.719000805635 17.5798669210635 17.4873500596732 17.4952390943654 17.4909359845333 17.5820184759796 17.7261726553552 17.8588518751785 17.8007598924451 17.8265785514377 17.9499343666248 17.9456312567927 18.036713748239 17.99798575975 17.5648060366511 -9999 -9999 -9999 -9999 -9999 -9999 -9999 -9999 -9999
15.2511673169211 15.2332376926206 15.2612079065293 15.1579332705587 14.9434949639253 14.73192539718 14.5390026397072 15.7269000150263 15.9009369015694 16.0515457456931 16.0429395260289 16.007080277428 16.5593127058819 16.9312926447019 16.9528081938624 16.9480269607157 16.8497726195492 16.7192449546419 16.5413830815814 15.9809747444466 15.9230671807059 16.4926145034842 16.7909634518437 17.2184056951664 17.0842921053991 16.6382030528039 17.1050904695876 17.2033448107541 16.444563110359 16.369999634102 -9999 -9999 -9999 -9999 -9999 16.20499963779 16.4918973185122 17.9269844475202 18.0395824881271 17.7756584184244 17.67812126223 17.6042512101121 17.6917477766983 17.7354960599914 17.7340616900474 17.7433850946836 17.7907193028368 17.9198125978 17.9090548232198 17.8545487653464 17.9477828117087 17.8538315803744 17.8846705341712 14.0371134780934 14.0349996862933 -9999 -9999 -9999 -9999 -9999 -9999 -9999
15.250450131949 15.2310861377046 15.2633594614454 15.010193166323 14.9262825245969 14.9198278598487 15.7847529361024 15.7739951615222 16.3212072951719 16.522019087337 16.5478377463296 16.601626619231 16.4194616363384 17.0752077624202 17.1199122923426 17.0589515697211 16.0235755317844 16.3871883125976 16.8923255945556 16.484725468792 16.7873775269836 16.8325601802208 16.8648335039616 15.8758354275487 16.2344279135577 16.3455915842205 17.0161595330574 17.798608337529 17.6630603778176 17.958540586289 18.5662166973985 24.7149994475767 -9999 -9999 -9999 -9999 16.3992011608789 17.4048737878911 17.5052796839736 17.5354014527984 17.7161320657469 17.6809900021181 17.7505569444038 17.7290413952433 17.6085543199442 17.7304757651873 17.6644947477616 17.7527084993199 17.7964567826129 17.958540586289 17.8100832970813 17.7792443432845 16.8896660336177 9.86999977938831 -9999 -9999 -9999 -9999 -9999 -9999 -9999 -9999
15.3307748488151 15.2834406406619 14.6953489636071 15.1019928427413 14.8646046170034 14.9069185303524 15.7474593175575 16.5664845556021 16.3570665437728 16.5377971567214 16.6726279314607 16.762993237935 16.8067415212281 15.487838357687 17.1564887259156 16.6654560817406 16.4675130294636 16.4538865149952 16.7199621396139 16.7113559199497 16.9415722959675 17.0104220532812 17.0505844117142 16.9573503653519 16.2172154742293 16.8698537987657 16.7959837466478 17.0441297469661 17.4106112676673 17.7096774009988 18.1268590517513 -9999 -9999 -9999 -9999 -9999 -9999 -9999 -9999 -9999 -9999 -9999 -9999 -9999 -9999 -9999 17.4764898300969 17.8681752798147 17.957823401317 17.7125461408868 20.057475375322 20.5299995411187 -9999 -9999 -9999 -9999 -9999 -9999 -9999 -9999 -9999 -9999
15.5703146294691 15.5466475253925 15.2977843401022 14.6716818595305 15.925321190618 15.9009369015694 16.1003143237904 15.7331156181172 16.3606524686329 16.5557267810218 16.6066469140351 16.6238593533635 16.7852259720676 16.3412884743884 16.7378917639144 16.6123843938112 16.5485549313016 16.6525467522442 16.8942380878143 16.9444410358556 17.1015045447275 17.1689199320972 17.4127628225833 17.6368114078417 14.8172704088502 16.4349996326491 17.239921244327 17.5038453140296 17.1258888337761 17.5310983429663 18.0496230777353 18.1123409060262 19.2996764839627 -9999 -9999 -9999 -9999 -9999 -9999 -9999 -9999 -9999 -9999 -9999 -9999 -9999 -9999 -9999 -9999 -9999 -9999 -9999 -9999 -9999 -9999 -9999 -9999 -9999 -9999 -9999 -9999 -9999
15.4175542304292 15.8579058032483 15.7539139823057 15.8822900922969 14.8270719368011 15.8514511385001 15.4971617623232 15.9095431212336 16.1928311851807 16.4259163010865 16.7027497002855 16.605212544091 16.8519241744652 16.4474318502471 16.8268227004446 16.8956724577583 16.9157536369748 17.1280403886922 17.0061189434491 16.7823572321795 17.1136966892518 17.1567277875729 17.2922757472843 17.4141971925274 17.3360240305774 17.3639942444861 17.3166600363329 17.2743461229838 17.4471877012402 17.7856990080327 18.3415173613466 18.4268623730168 -9999 -9999 -9999 -9999 -9999 -9999 -9999 -9999 -9999 -9999 -9999 -9999 -9999 -9999 -9999 -9999 -9999 -9999 -9999 -9999 -9999 -9999 -9999 -9999 -9999 -9999 -9999 -9999 -9999 -9999
15.7001251094043 15.7474593175575 15.8937650518492 15.84786521364 15.566011519637 15.3013702649623 14.8854029811919 15.4125339356251 16.5521408561617 16.6245765383355 16.8304086253047 16.8139133709483 16.8985411976464 16.9831690243445 16.9860377642326 17.0556047065184 17.1330606834963 16.7027497002855 17.0183110879734 17.0061189434491 17.0864436603151 17.1179997990839 17.0742515157908 17.1775261517614 17.240638429299 17.2449415391311 17.4149143774994 17.6903134067543 17.5662404065952 17.7964567826129 18.276970713865 17.3911038364284 23.4994433767694 -9999 -9999 -9999 -9999 -9999 -9999 -9999 -9999 -9999 -9999 -9999 -9999 -9999 -9999 -9999 -9999 -9999 -9999 -9999 -9999 -9999 -9999 -9999 -9999 -9999 -9999 -9999 -9999 -9999
15.8779869824648 15.9791100635193 16.0608691503294 15.9913022080436 15.8794213524088 15.688650149852 15.6312753520906 15.9181493408978 16.483291098848 16.8476210646331 16.9924924289808 17.2176885101944 17.2169713252224 17.2040619957261 17.1488387528807 17.1825464465655 17.2234259899706 17.1796777066775 16.8763084635139 16.9681081399322 17.0118564232253 16.9437238508835 17.0147251631133 16.962370660156 17.478026655037 17.3496505450457 17.2155369552784 17.5167546435259 17.5719778863713 17.7620319039561 18.2884456734173 17.0481459828094 13.6799272798697 -9999 -9999 -9999 -9999 -9999 -9999 -9999 -9999 -9999 -9999 -9999 -9999 -9999 -9999 -9999 -9999 -9999 -9999 -9999 -9999 -9999 -9999 -9999 -9999 -9999 -9999 -9999 -9999 -9999
