EcologicalScience/Bass/data/rs_data_bass/sst_418.asc
NCOLS 226 
NROWS 124 
XLLCORNER -9.41648524995501 
YLLCORNER 47.587301625531 
CELLSIZE 0.0833 
NODATA_value -9999 
[rows 0 to 26 of 124, columns 0 to 61 of 226]
-9999.000000000000000 -9999 -9999 -9999 -9999 -9999 -9999 -9999 -9999 -9999 -9999 -9999 -9999 -9999 -9999 -9999 -9999 -9999 -9999 -9999 -9999 -9999 -9999 -9999 -9999 -9999 -9999 -9999 -9999 -9999 -9999 -9999 -9999 -9999 -9999 -9999 -9999 -9999 -9999 -9999 -9999 -9999 -9999 -9999 -9999 -9999 -9999 -9999 -9999 -9999 -9999 -9999 -9999 -9999 -9999 -9999 -9999 -9999 -9999 -9999 -9999 -9999
-9999 -9999 -9999 -9999 -9999 -9999 -9999 -9999 -9999 -9999 -9999 -9999 -9999 -9999 -9999 -9999 -9999 -9999 -9999 -9999 -9999 -9999 -9999 -9999 -9999 -9999 -9999 -9999 -9999 -9999 -9999 -9999 -9999 -9999 -9999 -9999 -9999 -9999 -9999 -9999 -9999 -9999 -9999 -9999 -9999 -9999 -9999 -9999 -9999 -9999 -9999 -9999 -9999 -9999 -9999 -9999 -9999 -9999 -9999 -9999 -9999 -9999
-9999 -9999 -9999 -9999 -9999 -9999 -9999 -9999 -9999 -9999 -9999 -9999 -9999 -9999 -9999 -9999 -9999 -9999 -9999 -9999 -9999 -9999 -9999 -9999 -9999 -9999 -9999 -9999 -9999 -9999 -9999 -9999 -9999 -9999 -9999 -9999 -9999 -9999 -9999 -9999 -9999 -9999 -9999 -9999 -9999 -9999 -9999 -9999 -9999 -9999 -9999 -9999 -9999 -9999 -9999 -9999 -9999 -9999 -9999 -9999 -9999 -9999
-9999 -9999 -9999 -9999 -9999 -9999 -9999 -9999 -9999 -9999 -9999 -9999 -9999 -9999 -9999 -9999 -9999 -9999 -9999 -9999 -9999 -9999 -9999 -9999 -9999 -9999 -9999 -9999 -9999 -9999 -9999 -9999 -9999 -9999 -9999 -9999 -9999 -9999 -9999 -9999 -9999 -9999 -9999 -9999 -9999 -9999 -9999 -9999 -9999 -9999 -9999 -9999 -9999 -9999 -9999 -9999 -9999 -9999 -9999 -9999 -9999 -9999
-9999 -9999 -9999 -9999 -9999 -9999 -9999 -9999 -9999 -9999 -9999 -9999 -9999 -9999 -9999 -9999 -9999 -9999 -9999 -9999 -9999 -9999 -9999 -9999 -9999 -9999 -9999 -9999 -9999 -9999 -9999 -9999 -9999 -9999 -9999 -9999 -9999 -9999 -9999 -9999 -9999 -9999 -9999 -9999 -9999 -9999 -9999 -9999 -9999 -9999 -9999 -9999 -9999 -9999 -9999 -9999 -9999 -9999 -9999 -9999 -9999 -9999
-9999 -9999 -9999 -9999 -9999 9.4885860667564 9.01206788034844 9.14099041698501 9.04480794351548 9.1299935807474 9.13573106052354 9.15036163395271 8.64775840556249 8.66339303795248 8.01807000013068 8.38239996591583 8.93420208338648 8.85244299657643 8.67171238362789 8.1223486950621 7.63035980425775 7.57083345158026 8.23031763266772 8.50278272340074 11.0754990810528 9.51225317083299 9.43091389961632 8.86506545208394 8.34252448147163 8.15605638874695 8.23638110561296 8.55432052768179 9.75268325007296 10.4748279028846 12.3249997245148 8.15193648754873 10.5420840177179 12.2299997266382 11.0099997539073 11.3348443050345 8.75831246899907 8.76813391875476 10.3442458885067 11.1649997504428 -9999 -9999 -9999 -9999 -9999 -9999 -9999 -9999 -9999 -9999 -9999 -9999 -9999 -9999 -9999 -9999 -9999 -9999
-9999 -9999 -9999 -9999 -9999 9.19825655035675 9.42332223430276 8.99229406611994 8.9786675516516 9.17230749409646 9.03317360952497 8.92667164118029 8.58149051414803 8.68964200792834 8.44967191629112 8.15502045489848 8.94998015277088 8.1302377297543 8.08003478171304 8.17685475293547 8.47018340649083 8.14443799220026 8.33567862492055 8.86557059975989 9.38368322706555 7.69762680852978 8.79994505662471 8.47018340649083 8.54190190369263 8.09007537132129 7.96098207635805 8.5960819683969 11.8438074524131 12.0673844881288 12.1954408891566 12.7793682171854 12.0099997315556 -9999 8.48499981034547 9.52286750841886 11.119121691617 8.51966916956007 8.36892992816865 9.60674847352543 9.3461818187125 10.8012787136249 10.6499997619539 -9999 -9999 -9999 -9999 -9999 -9999 -9999 -9999 -9999 -9999 -9999 -9999 -9999 -9999 -9999
-9999 -9999 -9999 -9999 -9999 9.62987150624394 9.41471601463854 8.86351952003315 9.27597332186997 9.11882598618311 8.83062008242788 8.71474348194897 8.68605608306825 8.50803483556956 7.10753195965663 9.39033172558993 9.31502730352804 5.3897714966775 8.88973661512136 7.45966978091747 7.38221380393952 8.53473005397245 8.50767262093723 9.8446560401052 9.27230357019497 8.14069927575917 8.65521712927148 7.84479811089113 7.78814049810171 8.22562333103269 8.30523086292669 8.32638781960122 5.9234595708549 5.7599413972348 8.11405624382314 12.1778248018319 11.4678278566387 12.3099997248501 12.0549997305498 8.37318851210449 8.37152674204738 8.93362521721334 8.56236276907079 8.50609388258973 8.33315529907122 10.3249997692183 -9999 -9999 -9999 -9999 -9999 -9999 -9999 -9999 -9999 -9999 -9999 -9999 -9999 -9999 -9999 -9999
-9999 -9999 -9999 -9999 -9999 9.4740033056587 8.9194671921432 8.90718811610714 9.14816226670519 8.81632295344025 8.67816704837605 8.58931579906493 8.80857518245466 7.9312189000193 8.68820763798431 8.36459784116596 8.75490584038198 8.28435281151906 8.2153436797671 8.4268335592933 8.49743643542752 8.41173283127137 8.39272742951289 8.87961807062485 9.1256729785989 8.87582322666421 8.5089113949798 8.51034576492384 8.36188847571611 8.48022399609908 8.44006163766608 8.29016997851431 8.13310646964237 7.02720724279061 7.96600237116218 8.16593760391697 12.328582306146 12.1949997274205 11.2282377472147 12.3504745494574 8.17309917141533 8.17750253291019 11.2703574229672 -9999 10.8662447766967 10.826780042402 9.33499979134649 -9999 -9999 -9999 -9999 -9999 -9999 -9999 -9999 -9999 -9999 -9999 -9999 -9999 -9999 -9999
-9999 -9999 -9999 -9999 -9999 8.83982054106891 9.55786613505334 9.3930570284836 9.16954120920439 8.96504103718325 8.79004790401086 8.44364756252617 8.48309273598716 8.53058631857857 8.36714783217758 8.54608548269607 7.71821496332996 8.4013336491771 8.31527145253494 7.52851953823119 8.29662464326248 8.26614428195171 8.2943137139082 8.15736036142334 9.69179886947993 8.75777458027005 8.49815362039953 8.39989927923307 7.71498763095587 8.28801842359826 8.12270728754811 8.24498732527718 8.2098452616483 8.31383708259091 8.20912807667628 8.16322823846713 7.82686848659068 7.87994017452002 8.39014556361362 8.31814019242302 11.701002096408 8.54395320694593 8.60995478881523 8.61041194180909 9.04299592544608 12.9707692273531 12.0949997296557 -9999 -9999 -9999 -9999 -9999 -9999 -9999 -9999 -9999 -9999 -9999 -9999 -9999 -9999 -9999
-9999 -9999 -9999 -9999 -9999 9.64721434284002 8.62711651809514 9.68496435182169 9.0362379453145 8.955000447575 8.89762564981356 9.04464856907725 9.17169276412044 8.40085552586243 8.61816257238388 8.61397899338044 8.40157271083444 8.85244299657643 8.25825524725951 7.92010253295302 7.82973722647876 7.94998524012044 8.18876002347097 7.24902230913618 8.55839715804905 8.9667622811161 8.83264869134873 8.89662159085274 8.80668659536168 8.81758780693635 8.76910610282794 8.59138766676188 8.51644183718599 8.46050140936859 7.85627307044342 8.15533920377493 8.10728781064972 8.63735270360485 7.44030578667298 7.49768058443442 8.55895496858284 6.80021819914691 8.84813988674432 9.08708721024754 8.7101396171286 12.039999730885 -9999 -9999 -9999 -9999 -9999 -9999 -9999 -9999 -9999 -9999 -9999 -9999 -9999 -9999 -9999 -9999
-9999 -9999 -9999 -9999 -9999 9.77963276812807 8.7264575031586 9.73673206707463 8.58995329681784 8.72478407155722 8.89834283478558 7.6999267465435 8.42344685248099 7.87606737567112 8.27008879929781 7.42237616237253 8.08019415615126 8.463609210914 8.38328449404798 8.25682087731548 7.78224364388734 8.18517409861088 9.24704571749623 11.05794615997 7.93914777832106 8.77312233867124 8.91082185329869 8.97206944990903 8.95356607763097 8.99559311699122 8.48620053753257 8.79607225777581 8.47412792383693 7.87994017452002 7.85268714558333 8.55624560313299 7.91221349826083 8.7777212873043 8.04991301288828 8.59927670145407 7.46325570577756 8.49887080537155 11.2547052878487 8.96175134089856 9.26847131736577 12.1611831831955 12.2549997260794 -9999 -9999 -9999 -9999 -9999 -9999 -9999 -9999 -9999 -9999 -9999 -9999 -9999 -9999 -9999
-9999 -9999 -9999 -9999 -9999 9.78621783014387 9.69384440574795 8.61304665291682 8.59999388642609 8.24678028770722 8.68031860329211 8.07804260123521 8.13278772076592 8.53042694414034 8.49844049438834 8.48739584581926 8.41651406441815 8.70314899156801 7.73291725525633 8.18976408243179 8.10011596092954 8.42313607232645 8.00473035965115 8.36260566068813 8.31574957584962 8.6225453694351 8.62605160707608 9.06200444540009 9.10948209054768 8.56485182279721 8.55839715804905 8.38053528498858 8.56772056268528 7.98966947523877 7.90504164854065 7.93803215725347 7.93731497228146 7.58804589090869 8.60970848286524 8.02122561400756 7.93874934222549 7.75012969458476 7.43026519706473 11.128931534756 -9999 12.1299997288734 -9999 -9999 -9999 -9999 -9999 -9999 -9999 -9999 -9999 -9999 -9999 -9999 -9999 -9999 -9999 -9999
-9999 -9999 -9999 -9999 -9999 9.1130202030763 9.55528426915407 9.59974973741919 9.3888973556459 8.68925583140495 9.02528457483277 8.5411050315015 8.47289277194068 8.27068645344116 8.49038411653601 8.46970528317615 8.0943784811534 8.2299264408648 8.31168552767485 7.65761283319443 7.84503717254847 7.78527175821364 8.19306313330308 8.33248389186338 8.35471662599593 8.19263282231987 7.93659778730944 7.96671955613419 9.04321419913322 7.67482527252287 8.57130648754537 8.53759879386052 8.27833642647602 8.60967588354833 7.88639483926818 7.93444623239338 7.93301186244935 7.97317422088236 7.77594835357741 7.79387797787786 7.6203192146495 7.54358042264357 11.3523107473738 8.68828902067617 11.8749997345731 -9999 -9999 -9999 -9999 -9999 -9999 -9999 -9999 -9999 -9999 -9999 -9999 -9999 -9999 -9999 -9999 -9999
-9999 -9999 -9999 -9999 -9999 9.70732748322189 9.19597459817305 9.10202336683869 8.96647540712729 9.0424970141612 9.07405315292999 9.03389079449698 8.91770682903007 8.47627947875299 8.23055397771532 8.46862950571813 8.26451069395989 8.4967192504555 8.32180580450222 7.56007567699999 8.04011148493737 8.22275459114462 8.09222692623734 8.33535263175145 7.94878993183374 8.0943784811534 8.28371531376615 8.28658405365422 9.01309243030846 8.58923611184582 8.49456769553944 8.48524429090321 8.16932431072928 8.3414487040136 8.30523086292669 8.16035949857906 8.1460157991387 7.80535293743014 8.67027801368386 11.2777474164497 8.59979528135692 7.83167285473657 7.73237743861072 10.9303220981092 10.9081341880374 12.0754866854263 12.0999997295439 -9999 -9999 -9999 -9999 -9999 -9999 -9999 -9999 -9999 -9999 -9999 -9999 -9999 -9999 -9999
-9999 -9999 -9999 -9999 -9999 9.46549271065742 9.45502181006595 8.90953092034906 8.85244299657643 8.87252417579293 8.94424267299473 8.94495985796675 9.03389079449698 8.98081910656765 8.96504103718325 9.00592058058828 8.99014251120389 8.96934414701536 8.85244299657643 8.10023549175821 8.2735722691619 8.55481123318896 8.16558470337519 8.38852677467678 8.39021728211083 8.67027801368386 8.75849176524207 8.93778800824657 7.57585374638438 8.0427411631681 8.3375041866675 8.37192906532437 8.28514968371019 7.74008910497651 10.3194192430903 8.11230810545385 7.98464918043464 7.97245703591034 4.21778879740409 9.91078734297592 11.5273809972099 7.95838324479278 11.8822120045421 -9999 -9999 -9999 -9999 13.2249997043982 13.2249997043982 -9999 -9999 -9999 -9999 -9999 -9999 -9999 -9999 -9999 -9999 -9999 -9999 -9999
-9999 -9999 -9999 -9999 -9999 9.30972013473511 7.23913540202193 8.01835687411949 8.58660643361509 7.90073853870854 6.62300179256126 8.92989897355437 8.88830224517733 8.88471632031724 8.92344430880621 8.92272712383419 8.88758506020531 8.95141452271491 8.83881648210809 8.8474227017723 8.89188817003742 9.00090028578416 9.02385020488873 8.82375559769571 9.08767966739833 9.12067017611116 8.54261908866465 8.2736747241579 8.39487898442894 8.44006163766608 7.56939908163622 8.57262132666074 8.1861781575717 8.35041351616383 8.21271400153637 8.05421612272039 8.72324724661719 11.6791319391225 8.72159144168179 -9999 -9999 -9999 -9999 -9999 -9999 -9999 -9999 -9999 -9999 -9999 -9999 -9999 -9999 -9999 -9999 -9999 -9999 -9999 -9999 -9999 -9999 -9999
-9999 -9999 -9999 -9999 -9999 9.12688577920198 9.1197139294818 9.75459649274126 7.34492018539459 7.42094179242849 9.11790389121909 8.40993986884132 8.92631304869428 9.26697591040283 8.79506819881499 8.77140109473839 8.81514937803149 8.83809929713607 8.88758506020531 8.89619127986953 8.94137393310666 8.99803154589608 9.09915462695062 8.72621844150126 8.90623186947778 8.4967192504555 8.32889796700329 7.6561784632504 8.90479749953374 8.13615450577345 8.5927423494868 8.37121188035235 8.5046082851477 8.33535263175145 8.18546097259969 7.98895229026675 7.65976438811049 8.35184788610786 10.1147483127424 12.0971987467424 11.6199997402728 -9999 -9999 -9999 -9999 -9999 -9999 -9999 -9999 -9999 -9999 -9999 -9999 -9999 -9999 -9999 -9999 -9999 -9999 -9999 -9999 -9999
-9999 -9999 -9999 -9999 -9999 8.31240271264687 9.21408351871651 7.89500105893239 9.00061341179535 8.99645373895764 8.83393962429836 5.81741864999224 5.65523239132017 8.30336618199945 8.43891414171085 8.55911434302106 8.72191533166915 8.83881648210809 8.84527114685625 8.77283546468243 8.88973661512136 9.01022369042039 9.05684071360156 9.05612352862954 8.46014281688258 8.72191533166915 8.65521712927148 8.76853235485032 8.9270302336663 8.63083284022287 8.38842431968078 8.34109011152759 8.46516311168671 8.40993986884132 8.18832971248776 8.33893855661154 8.09366129618138 8.17757193790749 9.71551534498576 11.2146112327464 11.3749997457489 -9999 11.0539477365639 7.71423992747441 8.69722367763253 12.3049997249618 -9999 -9999 -9999 -9999 -9999 -9999 -9999 -9999 -9999 -9999 -9999 -9999 -9999 -9999 -9999 -9999
-9999 -9999 -9999 -9999 -9999 9.30677967634983 8.91017638682388 8.74558243574575 9.40869166087359 8.93379226340247 8.94475494797475 5.99610016302073 5.70113222952932 8.41245001624338 8.39416179945692 9.39415671210736 9.30685139484704 9.44228779245168 9.00161747075617 8.94926296779886 8.94495985796675 9.01882991008461 9.00233465572819 9.03604234941304 9.0582750835456 8.90623186947778 8.89260535500944 8.92989897355437 8.04188054120168 8.46516311168671 7.879222989548 8.11947995517403 8.61433758586645 8.47233496140689 8.72406688658521 8.59138766676188 10.6158574057743 8.74486525077373 8.61748216612838 8.59138766676188 8.49385051056743 8.66497084489092 8.75146335251629 8.72534188209102 5.61449628490955 12.867431561665 13.2699997033924 -9999 -9999 -9999 -9999 -9999 -9999 -9999 -9999 -9999 -9999 -9999 -9999 -9999 -9999 -9999
-9999 -9999 -9999 -9999 -9999 9.902832106594 9.86238287417218 8.87395854573697 9.2807617993094 9.43737905975431 9.4967619754374 5.97204885270912 8.39395688946492 8.53473005397245 9.13702199347317 9.30642108386382 8.43575852783397 5.00818810956553 8.88471632031724 8.72119814669713 8.74629962071776 8.79865412367508 8.97651599673554 9.37168491631746 9.19812615308911 9.19095430336893 9.20529800280929 8.07300636898726 7.86882380745374 8.02158420649357 7.97747733071446 7.79602953279391 7.86487929010764 9.01022369042039 8.59425640664995 8.69394511776045 8.68533889809623 8.65234838938341 8.00975065445527 7.71140170609578 8.35113070113584 8.70455945534632 8.78201543232426 8.516800429672 10.2808823725746 8.81991026550531 -9999 -9999 -9999 -9999 -9999 -9999 -9999 -9999 -9999 -9999 -9999 -9999 -9999 -9999 -9999 -9999
-9999 -9999 -9999 -9999 -9999 8.955000447575 8.99193547363393 8.86284217867069 9.42690815916285 9.40998259382322 8.57130648754537 7.4252449022606 7.53999449778348 7.7436750298366 8.07573167188093 8.86463514110073 8.41675312607549 8.32000487335026 8.62449770630337 8.54993437537923 8.52182072447613 9.22466199705377 9.31502730352804 9.33152255788445 9.31287574861199 9.2296822918579 9.2418744363822 9.20386363286525 9.15222631487995 9.08122500265017 8.96934414701536 8.71832940680906 8.65091401943937 8.89332253998145 8.47090059146285 8.05493330769241 9.02528457483277 8.63657031999901 8.08577226148918 8.09222692623734 8.53616442391649 8.53473005397245 4.98860895982943 9.93284955760464 11.209256251622 9.1660321255913 8.77364898793427 -9999 -9999 9.07976501895713 9.10999979637563 -9999 -9999 10.9149997560307 10.9150669761002 -9999 -9999 -9999 -9999 -9999 -9999 -9999
-9999 -9999 -9999 -9999 -9999 8.50795514835045 8.87790306308307 8.87969602551311 9.41356851868331 9.74695195292588 9.6202612276189 9.39041141280904 9.48887294074521 8.63609219668433 8.83707474717604 8.75613530033401 8.38627276476473 8.25115511603653 6.90299080563709 7.14066590536386 8.54505751756951 8.7237082940992 8.7638706525322 8.73034225509036 8.44825803734628 9.1859340085648 8.33535263175145 9.18163089873269 9.24330880632624 9.22035888722166 9.18951993342489 9.05325478874147 8.56556900776923 8.58278144709766 8.8115634531714 9.07261878298596 9.04177982918918 8.43791008275002 8.15000016009435 8.91483808914199 8.11517684534192 8.64947964949533 10.8993541053496 10.1618219436891 7.82574788507191 9.02334395667319 11.2048097047955 11.3247624069781 9.78401248635491 9.07408901217859 9.07499979715794 -9999 -9999 10.747509148352 8.64071816298151 8.55499980878085 -9999 -9999 -9999 -9999 -9999 -9999
-9999 -9999 -9999 -9999 -9999 9.08983122231439 8.72502313321456 8.54190190369263 9.30269172200933 9.44784996034577 8.59784233151004 8.58565018698573 8.52684101928025 8.46623888914473 7.99540695501491 8.56377604533918 9.32889287965372 8.42213201336563 7.77422710964456 8.4969241604475 7.18104341928847 8.2976287022233 8.37393718324602 8.29939092815455 8.29160434845835 8.3216236622871 7.90217290865257 8.7939525777474 8.68398421537131 8.70900600217283 8.99731436092407 9.00520339561626 9.03389079449698 8.62509536044672 8.93922237819061 8.09868159098551 7.69418926676735 7.41592149762437 7.96026489138603 8.20697652176023 8.90766623942181 11.7036444521509 9.75337075842544 8.18020161613822 10.1068526374487 8.27031575656743 -9999 12.0344380304656 9.1043379183393 9.23581611069753 8.53096483286936 8.61999980732799 -9999 11.3830512640176 9.43196343859976 -9999 -9999 -9999 -9999 -9999 -9999 -9999
-9999 -9999 -9999 -9999 -9999 10.0189045099542 8.98368784645572 9.63790397793055 9.34471876136959 10.2918332354166 8.87969602551311 8.63298439513892 9.03173923958093 8.33176670689136 8.86678669601679 7.50700398907065 8.65832493081689 9.06807661149651 7.81596727501601 5.40257837117783 6.06115908548236 5.95372477667406 7.46289711329155 7.72550634387881 7.89966276125051 7.4370784542989 7.71498763095587 8.7125122398138 7.26531265350059 8.6389609365724 7.5249336133711 8.21307259402238 8.97508162679151 8.8194524878636 9.04464856907725 9.10058899689466 7.958830521442 8.50030517531559 12.4783747089728 8.3213675247971 -9999 10.6230243093912 8.92171462740311 8.76494642999023 10.3732735733502 9.46747214118019 8.99499979894608 8.56499980855733 8.34019363031257 10.7446579118211 11.064197540996 11.2541548433604 11.27338184212 8.18928595911711 12.3945142525033 -9999 -9999 -9999 -9999 -9999 -9999 -9999
-9999 -9999 -9999 -9999 -9999 9.41041290480644 9.193823043257 8.6839045281522 9.62198247155175 8.33678700169548 8.6054923045449 9.42117067938671 8.15749075869098 7.31013671425171 8.16071809106506 8.68533889809623 8.36174503872171 8.53573411293328 8.80869471328333 8.72992389719002 8.41467328965664 8.44818973401561 8.00903346948326 8.35227819709107 7.97747733071446 8.20812401771545 8.02151248799637 8.00186161976308 8.72956530470401 8.64254686143249 8.60660792561248 8.40958127635531 8.50962857995182 8.47376933135092 9.11780143622309 9.53127291629091 9.48731878291695 10.6492675551548 7.8349998248741 9.87931740432396 11.0206791038314 8.85977422073483 9.02528457483277 9.05468915868551 8.44006163766608 11.7524296495077 10.3332272810841 10.9049997562543 12.4700646199396 8.82564635807648 5.25253302953206 11.7506437183029 10.239319358021 10.7598476571563 14.2199996821582 -9999 -9999 -9999 -9999 -9999 -9999 -9999
-9999 -9999 -9999 -9999 -9999 8.69251074781641 9.57409045286477 9.63712304318324 9.39033172558993 9.06759848818183 9.22609636699781 8.72550125652924 7.9946897700429 8.12450024997815 8.78335417760536 7.82650989410467 8.66083507821895 8.79351429804228 8.65234838938341 8.61856100847945 6.87181716552004 5.60187382940203 5.74100771397352 8.26004820968956 8.19478437723592 8.05118800839409 7.9016947853379 8.46850997488946 8.83708328509238 8.77538545569405 9.63489180104807 9.3853114307858 9.61983091663569 8.45882797776721 8.53191254158238 11.1165276499066 9.78263190528378 8.94877226229169 -9999 8.98256883444265 9.02066271612421 8.66238897899166 9.02528457483277 8.08322227047756 10.0294929491938 11.3616068306778 -9999 10.3285889652325 8.37655092403293 8.45344909047708 8.06132277380675 8.09241565912472 7.98520699096844 7.83404033631086 12.5749997189268 -9999 -9999 -9999 -9999 -9999 -9999 -9999
