EcologicalScience/Bass/data/rs_data_bass/sst_487.asc
NCOLS 226 
NROWS 124 
XLLCORNER -9.41648524995501 
YLLCORNER 47.587301625531 
CELLSIZE 0.0833 
NODATA_value -9999 
[rows 81 to 107 of 124, columns 62 to 123 of 226]
16.5132534932345 -9999 -9999 -9999 -9999 -9999 -9999 -9999 -9999 -9999 -9999 -9999 -9999 -9999 -9999 -9999 -9999 -9999 -9999 -9999 -9999 -9999 -9999 -9999 -9999 -9999 -9999 -9999 -9999 -9999 -9999 -9999 -9999 -9999 -9999 -9999 -9999 -9999 -9999 -9999 -9999 -9999 -9999 -9999 -9999 -9999 -9999 -9999 -9999 -9999 -9999 -9999 -9999 -9999 -9999 -9999 -9999 -9999 -9999 -9999 -9999 -9999
10.226399223478 -9999 -9999 -9999 -9999 -9999 -9999 -9999 -9999 -9999 -9999 -9999 -9999 -9999 -9999 -9999 -9999 -9999 -9999 -9999 -9999 -9999 -9999 -9999 -9999 -9999 -9999 -9999 -9999 -9999 -9999 -9999 -9999 -9999 -9999 -9999 -9999 -9999 -9999 -9999 -9999 -9999 -9999 -9999 -9999 -9999 -9999 -9999 -9999 -9999 -9999 -9999 -9999 -9999 -9999 -9999 -9999 -9999 -9999 -9999 -9999 -9999
-9999 -9999 -9999 -9999 -9999 -9999 -9999 -9999 -9999 -9999 -9999 -9999 -9999 -9999 -9999 -9999 -9999 -9999 -9999 -9999 -9999 -9999 -9999 -9999 -9999 -9999 -9999 -9999 -9999 -9999 -9999 -9999 -9999 -9999 -9999 -9999 -9999 -9999 -9999 -9999 -9999 -9999 -9999 -9999 -9999 -9999 -9999 -9999 -9999 -9999 -9999 -9999 -9999 -9999 -9999 -9999 -9999 -9999 -9999 -9999 -9999 -9999
-9999 -9999 -9999 -9999 -9999 -9999 -9999 -9999 -9999 -9999 -9999 -9999 -9999 -9999 -9999 -9999 -9999 -9999 -9999 -9999 -9999 -9999 -9999 -9999 -9999 -9999 -9999 -9999 -9999 -9999 -9999 -9999 -9999 11.3199997469783 11.209999749437 11.1449997508898 -9999 -9999 -9999 -9999 -9999 -9999 -9999 -9999 -9999 -9999 -9999 -9999 -9999 -9999 -9999 -9999 -9999 -9999 -9999 -9999 17.2699996139854 17.0799292301526 16.8892177930102 16.8999755675904 17.0720999608748 16.6991637754254
-9999 -9999 -9999 -9999 -9999 -9999 -9999 -9999 -9999 -9999 -9999 -9999 -9999 -9999 -9999 -9999 -9999 -9999 -9999 -9999 -9999 -9999 -9999 -9999 -9999 -9999 -9999 -9999 -9999 -9999 -9999 -9999 -9999 16.4349996326491 19.0773491426371 19.4079714147374 19.0364695992321 19.2623828654177 18.955427697394 18.9353465181775 19.191022960702 -9999 17.9879451701418 18.5756782547105 18.6147648356855 18.8500015065074 17.958540586289 17.3166600363329 17.3360240305774 17.4457533312961 17.4844813197851 17.5741294412874 9.56616157456301 -9999 18.0406070380871 17.6293526841328 17.4213690422475 16.5614642607979 16.405117936898 16.5464033763856 16.6188390585594 16.6009094342589
-9999 -9999 -9999 -9999 -9999 -9999 -9999 -9999 -9999 -9999 -9999 -9999 17.0087187389727 17.5570604389533 17.8477355081122 16.9200567468069 18.0094607193023 17.1127404426225 17.0840530437417 -9999 -9999 -9999 -9999 -9999 -9999 11.894999734126 -9999 18.9757957505994 19.4553056228906 18.3673360203393 18.2949003381655 18.4784996910021 18.634846014902 18.5896633616649 18.2749995915219 13.5988999606854 19.5772270681337 18.6147648356855 18.5308541939594 18.5595415928401 18.6642505987547 18.6958067375235 17.4235205971636 17.4694204353727 17.6279183141887 17.2485274639912 16.5464033763856 16.7077699950896 16.5499893012457 16.5327768619172 16.684102891013 16.7866603420116 16.8892177930102 17.0297860475257 17.0161595330574 16.9487441456877 16.8526413594373 16.2652668673545 16.206457699649 16.244468503166 16.2344279135577 16.3212072951719
-9999 -9999 -9999 -9999 -9999 -9999 -9999 -9999 -9999 16.4183982241385 17.3847926086746 16.9451582208276 17.441450221464 17.3353068456054 17.1172826141119 18.0510574476793 18.4982222777326 18.356578245759 15.370220022276 17.8982970486395 17.2315540863201 7.95957758912118 18.2888042659033 18.4325998527929 16.9401379260235 17.7745109224692 -9999 17.7068086611107 17.798608337529 18.0610980372876 18.1823022975586 17.996551389806 18.1055635055527 18.0331278233789 18.197363181971 18.0149995973334 13.5900889668391 18.2439802051522 18.1335337194614 18.4096499336883 18.1364024593495 17.9320047423244 17.3173772213049 16.6238593533635 16.5263221971691 16.364955578465 16.165578156244 16.165578156244 16.1010315087624 15.9597460692748 15.9826959883794 15.9554429594427 15.964766364079 16.1017486937344 16.2559434627183 15.9712210288271 15.9740897687152 16.2645496823825 16.1842249655165 16.1612750464119 16.2674184222706 16.3090151506476
-9999 -9999 -9999 -9999 -9999 -9999 -9999 -9999 15.7151023628546 17.9026001584716 17.7778099733405 17.6573228980415 17.4651173255406 17.4464705162682 17.2578508686274 16.7300027292222 16.0730612948537 15.6965391845442 15.6327097220346 13.020004868973 17.0337305648718 17.282235157676 17.7103945859708 16.644657717552 16.7199621396139 16.801004041452 17.1445356430486 17.1954557760619 17.5289467880502 17.4873500596732 17.2356181344949 17.2349009495229 16.6740623014048 15.6613971209154 17.6860102969222 17.7125461408868 17.7498397594318 17.8036286323331 17.8502456555143 17.9427625169046 17.7211523605511 17.5461592273787 16.6403546077199 16.5126956827007 16.5191503474489 16.1756187458523 16.1211126879789 16.2114779944532 15.8700979477726 16.1146580232307 15.4605853287503 15.967635103967 15.9697866588831 15.9575945143588 16.1203955030069 16.1132236532867 16.1591234914958 16.3477431391366 16.4079866767861 16.323358850088 16.5736564053223 16.6905575557612
-9999 -9999 -9999 -9999 -9999 -9999 -9999 -9999 18.5344401188195 17.557634186931 17.6451307535172 17.4314096318558 17.4895016145892 17.1890011113137 17.0147251631133 16.7271339893341 16.7515182783827 17.6060441725422 17.1108279493637 17.079988995567 15.7962278956547 16.6382030528039 16.1784874857403 17.2736289380118 16.6109500238672 16.6790825962089 16.5600298908539 16.6582842320204 16.7967009316199 16.8196508507244 16.8318429952487 16.8677022438496 17.041261007078 17.001815833617 17.2994475970045 17.3761863890104 17.439298666548 17.6716665974818 17.8330332161859 17.360408319626 17.2635883484036 16.6460920874961 16.2243873239495 16.3448743992485 16.2322763586417 16.1935483701527 16.0121005722322 16.0529801156372 16.0974455839023 15.9941709479317 16.0752128497697 16.0601519653574 16.0666066301055 16.0945768440142 15.9547257744707 16.0221411618404 16.1885280753486 16.243034133222 16.4617755496874 16.5521408561617 16.7149418448098 16.6209906134754
12.1543626077473 9.40499978978187 -9999 -9999 -9999 -9999 -9999 -9999 11.623645728454 17.3396099554375 17.4873500596732 17.4170659324154 17.1818292615935 16.722830879502 16.4997863532044 16.5793938850984 16.0780815896578 16.3498946940526 17.120151354 14.3202612232417 17.2474516865332 17.1796777066775 17.3625598745421 17.3672215768602 16.7500839084387 16.2796105667949 16.2602465725504 16.1168095781468 16.2157811042853 16.3620868385769 16.2645496823825 16.442411555443 16.3111667055637 16.3556321738288 15.8614917281084 16.6346171279438 17.1058076545596 17.0520187816583 16.9580675503239 16.4488662201911 16.5026550930925 16.3434400293045 15.9138462310657 16.0020599826239 15.9884334681556 16.0099490173161 16.0314645664766 16.1627094163559 16.045091080945 16.1498000868596 15.7402874678373 16.0902737341821 15.9712210288271 16.1490829018876 16.0271614566445 16.1627094163559 16.1555375666358 16.2100436245091 16.123981427867 16.403683566954 16.7135074748658 16.6891231858172
16.4223303762265 16.2961058211513 16.2702871621586 16.6797997811809 16.2251045089215 -9999 16.1899624452926 17.361125504598 17.2051377731841 16.5715048504062 17.1517074927688 17.2657399033196 17.1416669031605 16.7292855442502 16.5908688446507 15.8801385373808 15.4448072593659 15.1672566751949 15.1622363803908 16.7192449546419 15.3451185482554 15.3594622476958 15.7359843580052 16.2322763586417 15.2023987388238 15.1450239410624 15.6771751902997 15.6047395081259 15.7065797741525 15.8120059650391 16.0164036820643 15.8227637396194 15.8600573581643 15.7367015429772 15.8127231500112 15.9855647282675 15.965483549051 15.9439679998904 15.9145634160377 15.9324930403382 15.6671346006915 15.6398815717548 15.7854701210745 15.8729666876607 15.6649830457754 15.7080141440965 15.6226691324264 15.9159977859817 15.8356730691157 16.1318704625592 16.0099490173161 15.9913022080436 15.9446851848625 16.165578156244 16.3742789831012 16.3527634339407 16.3369853645563 16.3757133530453 16.3147526304238 16.642506162636 16.524170642253 16.5270393821411
16.802438411396 16.7751853824593 16.4804223589599 16.1096377284266 16.3341166246682 16.3090151506476 16.1153752082027 16.6353343129158 16.6382030528039 17.1402325332165 17.3467818051577 17.2313150246628 17.1093935794197 16.6582842320204 16.5288323445711 16.2100436245091 14.9528183685616 15.5939817335457 15.725226583425 16.2150639193133 15.4197057853453 15.1923581492156 15.9762413236313 15.3479872881435 15.2518845018931 15.449110369198 15.5358897508122 15.4283120050095 15.408948010765 15.4770805831067 15.7323984331451 15.6348612769507 15.6807611151598 15.6391643867828 15.5208288663998 15.5574052999727 15.5387584907003 15.5122226467356 15.3114108545706 15.2934812302701 15.6176488376223 15.8586229882203 15.9224524507299 15.8571886182763 15.6370128318667 15.5409100456163 15.8722495026886 15.9497054796666 15.9590288843028 16.0020599826239 16.1749015608802 16.0006256126799 16.0780815896578 16.243034133222 15.8557542483322 16.3484603241086 16.4280678560026 16.4718161392957 16.4330881508067 16.6453749025241 16.8304086253047 16.8397320299409
17.8430738057941 17.8323160312138 17.6221808344126 16.8304086253047 16.1964171100408 15.9740897687152 16.0709097399376 15.9913022080436 16.3448743992485 16.8210852206685 17.0082704983652 16.9415722959675 16.6525467522442 16.5213019023649 16.0113833872601 16.3448743992485 16.2537919078022 16.2329935436137 16.1526688267477 15.9468367397785 16.1598406764679 15.5315866409801 15.2404095423408 15.0238196807913 14.1409649802372 15.2346720625646 15.2705313111655 15.5968504734337 15.7438733926974 15.5774864791892 15.5997192133218 15.6585283810273 15.8514511385001 15.566011519637 15.5315866409801 15.5868098838255 15.5975676584058 15.5946989185177 15.5222632363439 15.3415326233953 15.7969450806268 15.8937650518492 15.8320871442556 15.249732946977 14.9786370275542 15.9195837108418 15.8198949997313 15.9131290460937 16.0085146473721 16.0744956647977 16.0960112139583 16.3054292257875 16.3212072951719 16.4144413415343 16.3922086074017 16.4287850409746 16.5614642607979 16.6238593533635 16.722830879502 16.8182164807804 17.0276344926096 16.9874721341766
18.39602341922 18.0073091643862 17.958540586289 17.8825189792551 17.5009765741415 16.5736564053223 16.4158757114783 16.0752128497697 16.644657717552 16.5865657348186 16.6984465904534 16.7092043650337 16.4287850409746 16.3298135148361 16.124698612839 16.1835077805445 16.1340220174752 16.1548203816637 15.9834131733514 16.1727500059642 15.5165257565677 15.9289071154781 15.8299355893396 14.8839686112478 15.1156193572097 15.3996246061288 15.4663228085265 15.7754295314662 15.5043336120434 15.6004363982938 15.887310387101 16.0106662022881 15.5968504734337 15.4734946582466 15.2970671551302 15.6025879532099 15.76610612683 15.6613971209154 15.7574999071658 15.7008422943763 15.7761467164382 15.9819788034074 15.7345499880612 15.9920193930157 16.0479598208331 16.1290017226711 16.1727500059642 16.1304360926151 16.1361735723913 16.1541031966917 16.0364848612808 16.2093264395371 16.3534806189127 16.5715048504062 16.5327768619172 16.5707876654342 16.8289742553607 16.960936290212 17.0785546256229 17.1725058569573 17.2965788571164 17.279366417788
17.9047517133877 17.8072145571932 17.4851985047571 17.7684865687042 17.9728842857294 17.7663350137882 17.6243323893286 17.3059022617526 17.3288521808572 17.0183110879734 16.3269447749481 16.644657717552 16.4151585265063 15.8930478668772 15.4204229703173 15.8249152945355 15.8787041674368 15.8557542483322 15.8536026934162 14.8423718828708 15.6994079244323 15.9891506531276 15.6936704446562 15.1952268891037 15.1242255768739 15.5100710918196 15.6190832075663 15.5423444155604 15.6664174157195 15.6821954851039 15.728095323313 15.8234809245914 15.8241981095634 15.7826013811864 15.7912076008506 15.7962278956547 15.844996473752 16.0106662022881 15.9410992600024 16.0580004104413 16.1404766822234 16.1433454221115 16.0759300347418 16.1354563874193 16.2358622835018 16.3441572142765 16.3491775090806 16.4388256305829 16.3900570524856 16.3714102432132 16.4775536190718 16.4158757114783 16.523453457281 16.7558213882148 16.8648335039616 16.9896236890927 17.3575395797379 17.4880672446452 17.7254554703832 17.67812126223 17.6867274818942 17.8186895167455
18.2590410895646 17.9370250371285 17.9614093261771 18.0955229159445 17.9513687365688 17.8079317421652 17.7907193028368 17.7003539963625 17.1689199320972 17.2772148628719 16.9724112497643 16.6683248216286 16.1153752082027 15.8399761789478 15.3250373690389 15.5158085715957 15.6893673348241 15.6405987567268 15.6850642249919 15.6341440919787 15.608325432986 15.8120059650391 15.9303414854221 15.3264717389829 15.4046449009329 15.6198003925383 15.6922360747121 15.7696920516901 15.7754295314662 15.7431562077254 15.7775810863823 15.8751182425767 15.9561601444148 16.0694753699936 15.9848475432955 16.0400707861409 16.2021545898169 16.2745902719907 16.3204901101999 16.2530747228302 16.2415997632779 16.0895565492101 16.1892452603206 16.2365794684738 15.8744010576047 16.4746848791838 16.6668904516846 16.6303140181117 16.7084871800616 16.7766197524033 16.7909634518437 16.8461866946891 16.8720053536817 17.1674855621532 17.3137912964448 17.4837641348131 18.0230872337706 18.3400829914026 19.2803124897182 18.6800286681391 18.4383373325691 18.3852656446397
18.4318826678209 17.957106216345 17.9700155458413 18.0890682511963 17.919095412828 17.4486220711842 17.4923703544773 17.5138859036379 17.4859156897292 17.3747520190664 17.043412561994 16.7787713073194 16.6654560817406 16.0594347803853 15.9683522889391 15.7223578435369 15.6405987567268 15.609042617958 15.5574052999727 15.807702855207 16.045808265917 16.0199896069244 16.00421153754 15.7087313290685 15.4957273923792 15.7912076008506 16.2530747228302 16.2351450985298 16.2028717747889 16.1476485319436 16.0214239768684 15.9403820750304 15.965483549051 16.286065231543 16.5091097578406 16.6217077984475 16.7049012552015 16.6281624631956 16.7594073130749 16.4538865149952 16.3520462489687 16.2200842141174 16.3721274281852 16.3319650697522 16.4804223589599 16.6561326771043 16.9358348161913 16.8540757293813 16.9853205792606 17.121585723944 17.2456587241031 17.3460646201856 17.3847926086746 17.5755638112314 17.8323160312138 18.0582292973995 18.9660659411456 17.6799996048212 -9999 -9999 -9999 -9999
18.0288247135468 17.7347788750194 17.5354014527984 17.5870387707837 17.637958903797 17.2054963656701 17.1696371170692 17.2141025853343 17.1093935794197 17.0383922671899 16.9817346544005 17.401287863031 16.6374858678319 16.5736564053223 16.3527634339407 15.8442792887799 15.7732779765502 15.6362956468947 15.6298409821466 16.0321817514487 15.8155918898992 15.884441647213 15.8363902540877 16.087404994294 15.9877162831835 16.1275673527271 16.2143467343412 16.2946714512073 16.1498000868596 15.9138462310657 16.1311532775871 16.1203955030069 16.3420056593604 16.7830744171515 16.9652394000441 17.3073366316967 17.0979186198674 17.1309091285802 16.8999755675904 16.6468092724681 16.3391369194724 16.7092043650337 16.522019087337 16.7005981453694 16.7959837466478 17.0054017584771 17.1122623193078 16.9537644404918 16.8971068277024 17.079988995567 17.7620319039561 18.1442914940417 18.0230872337706 18.0223700487986 18.8586955447396 17.8949996000156 -9999 -9999 -9999 -9999 -9999 -9999
18.3070924826898 18.0725729968399 17.5124515336938 17.319528776221 17.042695377022 17.1445356430486 17.0104220532812 16.8289742553607 16.6152531336993 16.5349284168333 16.9372691861354 16.8999755675904 16.5542924110778 16.1139408382587 16.0379192312248 15.4297463749535 16.7303613217082 15.9432508149184 15.6685689706355 16.0429395260289 15.8550370633602 15.9805444334634 16.1619922313839 16.3735617981292 16.2753074569628 16.205740514677 16.4789879890159 16.4732505092397 16.3986632721499 16.8199996240437 17.8049996020272 16.167012526188 17.634999605827 -9999 -9999 17.19999961555 17.480178209953 17.4443189613521 17.120151354 16.8870662380941 16.8576616542414 16.8339945501648 16.9179051918909 16.9666737699881 17.0391094521619 17.1531418627128 17.4450361463241 17.67812126223 17.5884731407277 18.436185777653 18.1091494304128 18.6456037894823 18.7417065757327 17.4649996096268 -9999 -9999 -9999 -9999 -9999 -9999 -9999 -9999
17.757011609152 17.4235205971636 17.6601916379295 17.6150089846924 17.4658345105127 17.1947385910898 16.4072694918141 16.1727500059642 16.2616809424944 16.2272560638376 16.2889339714311 16.3879054975696 16.5600298908539 16.7386089488864 16.8153477408923 16.7522354633547 16.762276052963 16.7766197524033 15.9016540865414 15.7998138205148 16.0623035202734 15.9862819132395 16.1411938671954 16.3369853645563 16.3384197345003 16.3082979656756 16.3004089309834 16.7049012552015 16.2415997632779 -9999 -9999 -9999 -9999 -9999 16.3799996338785 17.3519455369562 17.7770927883685 17.7390819848515 17.5296639730223 17.3840754237026 17.4349955567159 17.2356181344949 17.2255775448866 17.3109225565568 17.2743461229838 17.4242377821356 17.6738181523979 17.8538315803744 18.075441736728 18.5408947835676 18.7194738416001 19.0551164085045 18.8851435701363 -9999 -9999 -9999 -9999 -9999 -9999 -9999 -9999 -9999
17.4486220711842 17.6566057130694 17.7828302681446 17.2836695276201 17.1079592094757 17.1251716488041 16.7500839084387 16.4567552548833 15.9819788034074 16.0630207052454 16.084536254406 16.3369853645563 16.2688527922146 16.3742789831012 16.2989745610394 16.5758079602383 16.9752799896523 16.0558488555253 15.5566881150007 16.2301248037256 16.0214239768684 16.0379192312248 15.9102603062056 17.0039673885331 16.8332773651928 16.7450636136346 16.6217077984475 16.5521408561617 16.9014099375345 15.8149996465072 -9999 -9999 -9999 -9999 -9999 14.3849996784702 18.9357051106635 18.4175389683805 18.4835199858062 18.0438855979592 17.6566057130694 17.7778099733405 17.7749412334524 17.6702322275378 17.9083376382478 18.1543320836499 18.0288247135468 18.038148118183 18.1485946038738 19.4108401546255 19.551408409141 19.7063203630969 20.0950346179307 18.1849995935336 -9999 -9999 -9999 -9999 -9999 -9999 -9999 -9999
17.719717990607 17.4629657706246 17.3682973543182 17.0642109261826 17.1631824523211 17.2270119148307 16.1949827400967 16.3319650697522 16.2566606476903 16.1311532775871 16.1756187458523 16.3133182604797 16.3140354454517 16.5485549313016 16.6661732667126 16.5664845556021 16.9042786774226 16.2143467343412 15.8765526125208 15.9038056414574 16.0766472197138 16.0407879711129 16.2753074569628 17.5705435164273 17.561220111791 17.6652119327337 17.5468764123507 17.6358073488809 18.7797173792496 18.1313821645454 19.0884273615666 24.7149994475767 -9999 -9999 -9999 -9999 18.6367106958292 18.5893047691789 18.914548153989 18.6778771132231 18.7707525670994 18.195211627055 18.3400829914026 18.6169163906015 18.7840204890817 18.6613818588667 18.5731681073084 18.4627216216177 18.4096499336883 19.6123691317625 19.988891242072 20.2040467336774 19.9702444327995 9.86999977938831 -9999 -9999 -9999 -9999 -9999 -9999 -9999 -9999
17.4873500596732 17.3682973543182 17.2112338454463 16.5334940468892 16.3032776708715 17.1509903077967 17.0441297469661 16.0551316705532 16.3068635957316 16.125415797811 16.3362681795843 16.4495834051631 16.4538865149952 16.4273506710306 16.4524521450512 17.0943326950073 15.8607745431364 15.3824121668003 15.2755516059697 16.0608691503294 16.402966381982 16.6970122205094 17.2126682153903 17.5633716667071 17.5863215858117 17.3941160133108 17.720435175579 17.7146976958029 17.9140751180239 18.0725729968399 18.6653760944138 18.7249995814636 -9999 -9999 -9999 -9999 -9999 -9999 -9999 -9999 -9999 -9999 -9999 -9999 -9999 -9999 18.5523697431199 18.6649677837268 18.832789067179 20.1947233290412 17.2244353614127 -9999 -9999 -9999 -9999 -9999 -9999 -9999 -9999 -9999 -9999 -9999
17.3474989901297 16.9379863711074 16.7981353015639 16.7744681974873 16.6482436424121 16.3398541044444 16.2308419886976 16.1089205434546 15.9977568727918 16.0149693121202 16.3305306998082 16.4338053357787 16.445997480303 16.5729392203502 16.3678243183531 16.403683566954 16.6353343129158 16.1806390406564 16.5155644225888 16.5062410179526 16.6575670470484 16.7005981453694 17.2370525044389 17.680272817146 18.1001128997654 17.0449996190146 17.8452253607102 18.0661183320917 18.2525864248164 18.1134525402449 18.6147648356855 17.3599996119738 18.7052325971558 -9999 -9999 -9999 -9999 -9999 -9999 -9999 -9999 -9999 -9999 -9999 -9999 -9999 -9999 -9999 -9999 -9999 -9999 -9999 -9999 -9999 -9999 -9999 -9999 -9999 -9999 -9999 -9999 -9999
16.922208301723 17.8645893549547 16.5571611509658 17.2341837645508 16.1576891215518 16.3965117172338 15.6226691324264 15.8428449188359 16.0357676763088 15.9805444334634 16.243751318194 16.4072694918141 16.5786767001264 16.3534806189127 16.723548064474 16.5076753878966 16.1576891215518 16.8167821108364 16.7694479026832 16.7529526483268 16.8748740935698 17.2305978396907 17.042695377022 17.2556993137114 17.4464705162682 17.3855097936466 17.6960508865304 17.680272817146 18.5114901997149 18.5903805466369 19.2085939925164 19.3176061082631 -9999 -9999 -9999 -9999 -9999 -9999 -9999 -9999 -9999 -9999 -9999 -9999 -9999 -9999 -9999 -9999 -9999 -9999 -9999 -9999 -9999 -9999 -9999 -9999 -9999 -9999 -9999 -9999 -9999 -9999
16.8476210646331 16.2380138384178 16.3972289022058 17.359691134654 16.8153477408923 16.1146580232307 15.9719382137991 15.9805444334634 15.9504226646386 16.1297189076431 16.5040894630365 16.6597186019644 16.7830744171515 16.7744681974873 17.1022217296995 16.8490554345772 16.3283791448921 16.7249824344181 16.6288796481676 17.1158482441679 17.0340891573578 17.0857264753431 17.3847926086746 17.481612579897 17.4321268168278 17.4199346723035 17.6479994934052 18.6800286681391 18.9697713968344 18.9188512638211 19.6611377098598 19.2652516053058 21.9622086167469 -9999 -9999 -9999 -9999 -9999 -9999 -9999 -9999 -9999 -9999 -9999 -9999 -9999 -9999 -9999 -9999 -9999 -9999 -9999 -9999 -9999 -9999 -9999 -9999 -9999 -9999 -9999 -9999 -9999
15.4738532507326 15.7159031787887 16.2796105667949 15.6549424561672 18.1500289738178 15.6276894272305 16.2509231679142 17.280800787732 16.1598406764679 16.3491775090806 16.641788977664 17.1280403886922 17.282235157676 17.4170659324154 17.3238318860531 17.2313150246628 17.3424786953256 16.9171880069189 16.2215185840614 16.763710422907 16.8354289201088 17.1101107643917 17.3568223947659 17.6236152043566 18.0230872337706 17.6494338633493 17.7290413952433 18.633411644958 18.6900692577474 18.5975523963571 19.6812188890763 20.1055533308536 13.5752941355929 -9999 -9999 -9999 -9999 -9999 -9999 -9999 -9999 -9999 -9999 -9999 -9999 -9999 -9999 -9999 -9999 -9999 -9999 -9999 -9999 -9999 -9999 -9999 -9999 -9999 -9999 -9999 -9999 -9999
