EcologicalScience/Bass/data/rs_data_bass/sst_114.asc
NCOLS 226 
NROWS 124 
XLLCORNER -9.41648524995501 
YLLCORNER 47.587301625531 
CELLSIZE 0.0833 
NODATA_value -9999 
[rows 0 to 26 of 124, columns 62 to 123 of 226]
-9999 -9999 -9999 -9999 -9999 -9999 -9999 -9999 -9999 -9999 -9999 -9999 -9999 -9999 -9999 -9999 -9999 -9999 -9999 -9999 -9999 -9999 -9999 -9999 -9999 -9999 -9999 -9999 -9999 -9999 -9999 -9999 -9999 -9999 -9999 -9999 -9999 -9999 -9999 -9999 -9999 -9999 -9999 -9999 -9999 -9999 -9999 -9999 -9999 -9999 -9999 -9999 -9999 -9999 -9999 -9999 -9999 -9999 -9999 -9999 -9999 -9999
-9999 -9999 -9999 -9999 -9999 -9999 -9999 -9999 -9999 -9999 -9999 -9999 -9999 -9999 -9999 -9999 -9999 -9999 -9999 -9999 -9999 -9999 -9999 -9999 -9999 -9999 -9999 -9999 -9999 -9999 -9999 -9999 -9999 -9999 -9999 -9999 -9999 -9999 -9999 -9999 -9999 -9999 -9999 -9999 -9999 -9999 -9999 -9999 -9999 -9999 -9999 -9999 -9999 -9999 -9999 -9999 -9999 -9999 -9999 -9999 -9999 -9999
-9999 -9999 -9999 -9999 -9999 -9999 -9999 -9999 -9999 -9999 -9999 -9999 -9999 -9999 -9999 -9999 -9999 -9999 -9999 -9999 -9999 -9999 -9999 -9999 -9999 -9999 -9999 -9999 -9999 -9999 -9999 -9999 -9999 -9999 -9999 -9999 -9999 -9999 -9999 -9999 -9999 -9999 -9999 -9999 -9999 -9999 -9999 -9999 -9999 -9999 -9999 -9999 -9999 -9999 -9999 -9999 -9999 -9999 -9999 -9999 -9999 -9999
-9999 -9999 -9999 -9999 -9999 -9999 -9999 -9999 -9999 -9999 -9999 -9999 -9999 -9999 -9999 -9999 -9999 -9999 -9999 -9999 -9999 -9999 -9999 -9999 -9999 -9999 -9999 -9999 -9999 -9999 -9999 -9999 -9999 -9999 -9999 -9999 -9999 -9999 -9999 -9999 -9999 -9999 -9999 -9999 -9999 -9999 -9999 -9999 -9999 -9999 -9999 -9999 -9999 -9999 -9999 -9999 -9999 -9999 -9999 -9999 -9999 -9999
-9999 -9999 -9999 -9999 -9999 -9999 -9999 -9999 -9999 -9999 -9999 -9999 -9999 -9999 -9999 -9999 -9999 -9999 -9999 -9999 -9999 -9999 -9999 -9999 -9999 -9999 -9999 -9999 -9999 -9999 -9999 -9999 -9999 -9999 -9999 -9999 -9999 -9999 -9999 -9999 -9999 -9999 -9999 -9999 -9999 -9999 -9999 -9999 -9999 -9999 -9999 -9999 -9999 -9999 -9999 -9999 -9999 -9999 -9999 -9999 -9999 -9999
-9999 -9999 -9999 -9999 -9999 -9999 -9999 -9999 -9999 -9999 -9999 -9999 -9999 -9999 -9999 -9999 -9999 -9999 -9999 -9999 -9999 -9999 -9999 -9999 -9999 -9999 -9999 -9999 9.12099979612976 11.2399997487664 10.8149997582659 10.9599997550249 10.6349997622892 10.214999771677 10.2249997714534 10.4299997668713 10.7699997592717 10.9149997560307 11.0749997524545 11.0799997523427 11.2699997480959 11.2599997483194 10.4599997662008 10.9549997551367 11.2549997484311 11.7249997379258 11.8649997347966 11.3899997454137 11.2699997480959 11.169999750331 11.3849997455254 11.2199997492135 11.334999746643 11.5699997413903 11.7349997377023 11.7349997377023 11.7749997368082 12.1049997294322 11.914999733679 12.0849997298792 12.2549997260794 12.2499997261912
-9999 -9999 -9999 -9999 -9999 -9999 -9999 -9999 -9999 -9999 -9999 -9999 -9999 -9999 -9999 -9999 -9999 -9999 -9999 -9999 -9999 -9999 -9999 -9999 -9999 -9999 -9999 10.7604345420942 9.61299978513271 10.7849997589365 7.79999982565641 10.1499997731298 10.6749997613952 10.2049997719005 10.2299997713417 10.2599997706711 10.5399997644126 10.5299997646362 10.6749997613952 10.8149997582659 10.8849997567013 11.1599997505546 10.899999756366 10.6149997627363 11.459999743849 11.479999743402 11.1599997505546 11.5199997425079 11.5949997408316 11.2899997476488 11.2549997484311 11.334999746643 11.3649997459725 11.4699997436255 11.6949997385964 11.5799997411668 11.5549997417256 11.5399997420609 11.8549997350201 11.5149997426197 12.3649997236207 11.0349997533485
-9999 -9999 -9999 -9999 -9999 -9999 -9999 -9999 -9999 -9999 -9999 -9999 -9999 -9999 -9999 -9999 -9999 -9999 -9999 -9999 -9999 -9999 -9999 -9999 -9999 -9999 9.27799979262054 10.4549997663125 10.4699997659773 10.4349997667596 10.4449997665361 10.4149997672066 10.5999997630715 10.4749997658655 10.339999768883 10.4499997664243 10.5149997649714 9.77499978151172 10.6199997626245 10.9399997554719 11.1549997506663 11.5449997419491 11.4099997449666 11.8749997345731 11.9949997318909 11.8299997355789 11.8849997343495 11.7449997374788 11.7749997368082 11.3099997472018 11.3749997457489 11.5949997408316 11.6399997398257 11.5149997426197 11.4699997436255 11.5399997420609 11.7099997382611 12.1049997294322 12.7399997152388 12.619999717921 12.0049997316673 12.2149997269735
-9999 -9999 -9999 -9999 -9999 -9999 -9999 -9999 -9999 -9999 -9999 -9999 -9999 -9999 -9999 -9999 -9999 -9999 -9999 -9999 -9999 -9999 -9999 -9999 -9999 8.03966137626093 11.7749997368082 10.359999768436 10.3299997691065 10.484999765642 10.4049997674301 10.3549997685477 10.5299997646362 10.6149997627363 10.5549997640774 10.4699997659773 10.339999768883 10.4299997668713 10.7249997602776 10.4549997663125 9.85999977961183 10.5299997646362 10.7649997593835 11.5099997427315 11.2849997477606 11.2599997483194 11.0799997523427 11.1349997511134 11.2249997491017 11.2399997487664 11.3499997463077 11.4249997446314 11.5499997418374 11.5899997409433 11.6699997391552 11.8399997353554 12.1049997294322 12.5099997203797 12.6099997181445 12.4399997219443 12.4149997225031 12.3949997229502
-9999 -9999 -9999 -9999 -9999 -9999 -9999 -9999 -9999 -9999 -9999 -9999 -9999 -9999 -9999 -9999 -9999 -9999 -9999 -9999 -9999 -9999 -9999 -9999 -9999 8.74499980453402 10.4399997666478 10.2899997700006 10.2749997703359 10.1299997735769 10.2299997713417 10.5449997643009 10.4249997669831 10.4449997665361 10.4199997670949 10.2599997706711 10.3099997695535 11.0799997523427 11.2649997482076 10.4299997668713 10.4149997672066 10.9299997556955 10.9599997550249 11.1799997501075 11.4149997448549 11.7449997374788 11.5599997416139 11.3649997459725 11.6499997396022 11.8249997356907 11.3999997451901 11.6999997384846 12.0649997303262 12.369999723509 12.5649997191504 12.5499997194856 12.369999723509 12.5099997203797 12.5599997192621 12.6049997182563 12.639999717474 12.5649997191504
-9999 -9999 -9999 -9999 -9999 -9999 -9999 -9999 -9999 -9999 -9999 -9999 -9999 -9999 -9999 -9999 -9999 -9999 -9999 -9999 -9999 -9999 -9999 -9999 9.22399979382753 10.9133330894013 12.0999997295439 10.194999772124 10.194999772124 10.359999768436 10.194999772124 10.2099997717887 10.4149997672066 10.3949997676536 10.2599997706711 10.1249997736886 10.7499997597188 10.9849997544661 11.0699997525662 11.4749997435138 11.6749997390434 11.7449997374788 11.7099997382611 11.8749997345731 11.6499997396022 11.6499997396022 11.6849997388199 11.6599997393787 11.9849997321144 11.8549997350201 11.6349997399375 11.9799997322261 12.2399997264147 12.3849997231737 12.4449997218326 12.5049997204915 12.6899997163564 12.6099997181445 12.7799997143447 12.8149997135624 12.7049997160211 12.7799997143447
-9999 -9999 -9999 -9999 -9999 -9999 -9999 -9999 -9999 -9999 -9999 -9999 -9999 -9999 -9999 -9999 -9999 -9999 -9999 -9999 -9999 -9999 -9999 -9999 9.05166646434615 12.1374997287057 10.3999997675419 10.5249997647479 10.31999976933 10.6499997619539 10.9549997551367 10.7599997594953 10.6349997622892 10.3499997686595 9.88999977894127 10.4699997659773 10.9249997558072 10.9099997561425 11.0349997533485 11.2799997478724 11.4649997437373 12.0049997316673 12.2099997270852 11.8599997349083 11.7749997368082 11.8699997346848 12.079999729991 12.2699997257441 11.8649997347966 11.4549997439608 11.6649997392669 12.3399997241795 12.4549997216091 12.5649997191504 12.494999720715 12.5799997188151 12.784999714233 12.929999710992 13.0399997085333 12.6349997175857 12.639999717474 12.7149997157976
-9999 -9999 -9999 -9999 -9999 -9999 -9999 -9999 -9999 -9999 -9999 -9999 -9999 -9999 -9999 -9999 -9999 -9999 -9999 -9999 -9999 -9999 -9999 9.02699979823083 9.5299997869879 9.76499978173524 9.97999977692962 9.79999978095293 10.0949997743592 9.93999977782369 10.504999765195 10.9699997548014 10.9999997541308 11.4949997430667 11.4249997446314 11.5099997427315 11.4949997430667 11.6099997404963 11.4299997445196 11.4449997441843 11.8249997356907 12.1299997288734 12.184999727644 12.0949997296557 11.7849997365847 12.1699997279793 12.2699997257441 12.2499997261912 12.2849997254089 11.5349997421727 11.8299997355789 12.6749997166917 12.8199997134507 12.9399997107685 13.0099997092038 12.9549997104332 12.9649997102097 13.0449997084215 13.0649997079745 12.7699997145683 12.8399997130036 12.9049997115508
-9999 -9999 -9999 -9999 -9999 -9999 -9999 -9999 -9999 -9999 -9999 -9999 -9999 -9999 -9999 -9999 -9999 -9999 -9999 -9999 -9999 7.87208619125267 9.60833311857035 9.14499979559332 9.55999978631735 9.86499977950007 9.92499977815896 9.88999977894127 10.4249997669831 10.4899997655302 10.5699997637421 11.0899997521192 11.3899997454137 11.4949997430667 11.1999997496605 11.4399997442961 11.2299997489899 11.2699997480959 11.5749997412786 11.8649997347966 12.0499997306615 12.0449997307733 11.9199997335672 11.8299997355789 11.8299997355789 12.079999729991 12.5499997194856 12.4399997219443 12.3849997231737 12.5049997204915 13.2699997033924 13.2599997036159 13.199999704957 13.1349997064099 12.9199997112155 12.9699997100979 12.8799997121096 12.5699997190386 12.7349997153506 12.8599997125566 12.9349997108802 12.929999710992
-9999 -9999 -9999 -9999 -9999 -9999 -9999 -9999 -9999 -9999 -9999 -9999 -9999 -9999 -9999 -9999 -9999 -9999 -9999 -9999 9.23299979362637 10.1883331056063 11.6274997401051 10.9099997561425 10.9099997561425 9.55999978631735 11.5674997414462 11.5549997417256 10.0999997742474 10.0349997757003 10.3649997683242 11.0799997523427 11.6549997394904 11.3599997460842 11.354999746196 11.1449997508898 11.2499997485429 11.3699997458607 11.5549997417256 12.1649997280911 12.4149997225031 12.369999723509 12.4199997223914 12.0699997302145 12.1749997278675 12.2349997265264 12.4799997210503 12.7349997153506 12.8699997123331 13.21999970451 13.4799996986985 13.1249997066334 12.9149997113273 12.8849997119978 12.8649997124448 12.8599997125566 12.6599997170269 12.6349997175857 12.7949997140095 12.8499997127801 12.9749997099862 13.1299997065216
-9999 -9999 -9999 -9999 -9999 -9999 -9999 -9999 -9999 -9999 -9999 -9999 -9999 -9999 -9999 -9999 -9999 -9999 -9999 -9999 8.77653826536754 11.9449997330084 10.0149997761473 10.0949997743592 10.194999772124 10.1699997726828 11.0549997529015 11.1149997515604 11.1399997510016 10.0149997761473 10.1349997734651 9.80499978084117 10.9449997553602 10.31999976933 10.2199997715652 10.2099997717887 10.2649997705594 11.8399997353554 12.3749997233972 12.6549997171387 12.7949997140095 12.8049997137859 12.8149997135624 12.7999997138977 12.8549997126684 12.9199997112155 12.9499997105449 13.0249997088686 13.2549997037277 13.054999708198 12.8649997124448 13.0849997075275 13.0199997089803 13.0799997076392 13.1099997069687 13.0599997080863 13.054999708198 13.0799997076392 13.0599997080863 13.0049997093156 13.1449997061864 13.1849997052923
-9999 -9999 -9999 -9999 -9999 -9999 -9999 -9999 -9999 -9999 -9999 -9999 -9999 -9999 -9999 -9999 -9999 -9999 7.3393398830093 11.8756247345591 12.0549997305498 9.9899997767061 10.3349997689947 10.5949997631833 11.2349997488782 10.4249997669831 10.2299997713417 10.3299997691065 10.8349997578189 9.64499978441745 9.80999978072941 10.0649997750297 9.64499978441745 9.73499978240579 10.0199997760355 10.3449997687712 10.2649997705594 10.4749997658655 12.6499997172505 12.7399997152388 12.5999997183681 12.4399997219443 12.5749997189268 12.6949997162446 12.7549997149035 12.8349997131154 13.0399997085333 13.1899997051805 13.2649997035041 12.8749997122213 12.7499997150153 12.76499971468 12.889999711886 12.9149997113273 13.0149997090921 12.889999711886 12.8749997122213 13.1049997070804 13.0399997085333 12.9949997095391 13.0049997093156 12.8449997128919
-9999 -9999 -9999 -9999 -9999 -9999 -9999 -9999 -9999 -9999 -9999 -9999 -9999 -9999 -9999 -9999 9.59664306935685 12.4199997223914 12.3099997248501 10.9449997553602 10.7399997599423 10.3649997683242 10.8449997575954 11.5199997425079 11.6999997384846 11.8749997345731 11.6199997402728 10.4449997665361 10.5399997644126 10.7149997605011 10.2749997703359 10.1599997729063 10.0349997757003 10.8149997582659 11.76999973692 10.6849997611716 10.5699997637421 10.6149997627363 12.2449997263029 12.1349997287616 12.2099997270852 12.3849997231737 12.4299997221678 12.4449997218326 12.5399997197092 12.4249997222796 12.494999720715 12.4799997210503 12.4599997214973 12.5999997183681 12.7149997157976 12.8549997126684 12.8999997116625 12.8549997126684 12.8299997132272 12.7049997160211 12.7349997153506 12.9599997103214 12.9899997096509 12.9449997106567 13.0199997089803 12.9999997094274
-9999 -9999 -9999 -9999 -9999 -9999 -9999 -9999 -9999 -9999 8.05999870788461 8.06399749981033 8.301650031146 -9999 -9999 -9999 7.70727255500176 12.4299997221678 12.3899997230619 12.4899997208267 12.2149997269735 12.1699997279793 11.9249997334555 11.7149997381493 11.8849997343495 11.169999750331 11.4499997440726 12.039999730885 12.3649997236207 11.1849997499958 10.7349997600541 10.754999759607 10.7649997593835 10.7049997607246 10.5399997644126 10.4699997659773 10.31999976933 10.9349997555837 11.5499997418374 11.7749997368082 12.2999997250736 12.4849997209385 12.369999723509 12.2549997260794 12.4099997226149 12.7249997155741 12.7449997151271 12.5749997189268 12.2799997255206 12.2099997270852 12.4099997226149 12.4799997210503 12.6299997176975 12.6599997170269 12.5599997192621 12.5849997187033 12.889999711886 13.0699997078627 13.1049997070804 13.1199997067451 13.1849997052923 13.2649997035041
-9999 -9999 -9999 -9999 -9999 -9999 -9999 -9999 -9999 -9999 -9999 -9999 -9999 -9999 -9999 -9999 -9999 -9999 12.7192589749617 9.98499977681786 11.0399997532368 11.6699997391552 11.5999997407198 11.9549997327849 12.6499997172505 12.5349997198209 11.0849997522309 12.7099997159094 12.0649997303262 10.9749997546896 10.9449997553602 11.064999752678 10.6649997616187 10.5999997630715 10.7399997599423 11.5099997427315 11.6349997399375 11.8199997358024 11.9799997322261 11.9799997322261 12.0099997315556 12.4149997225031 12.1999997273088 12.079999729991 12.1899997275323 12.4549997216091 12.6949997162446 12.7049997160211 12.3949997229502 12.4049997227266 12.5999997183681 12.7549997149035 12.784999714233 12.7799997143447 12.8549997126684 13.0799997076392 13.2949997028336 13.179999705404 13.0699997078627 13.0699997078627 13.0249997088686 12.9599997103214
-9999 -9999 -9999 -9999 -9999 -9999 -9999 -9999 -9999 -9999 -9999 -9999 -9999 -9999 8.41302464536581 11.1849997499958 9.8361108912569 10.7683330926423 10.7716664259012 11.5199997425079 11.1949997497723 9.68499978352338 12.6849997164682 12.3949997229502 12.22499972675 12.3899997230619 10.6599997617304 12.7974997139536 12.7374997152947 12.9499997105449 12.3849997231737 12.5499997194856 11.6899997387081 10.2799997702241 11.4849997432902 11.3849997455254 11.4949997430667 11.749999737367 12.1449997285381 11.7349997377023 11.9499997328967 12.2199997268617 12.204999727197 12.1399997286499 12.3599997237325 12.4049997227266 12.7199997156858 12.9149997113273 12.8749997122213 12.8099997136742 12.9199997112155 13.0149997090921 12.9749997099862 13.0199997089803 13.1199997067451 13.2549997037277 13.4049997003749 13.3949997005984 13.2999997027218 13.3149997023866 13.1899997051805 13.1399997062981
-9999 -9999 -9999 -9999 -9999 -9999 -9999 -9999 -9999 -9999 -9999 -9999 11.2399997487664 11.5383330754315 11.1116664183016 10.7599997594953 10.7933330920835 10.6149997627363 11.7516664039964 11.1833330833664 11.1599997505546 12.6999997161329 12.4799997210503 12.4099997226149 12.0949997296557 10.4749997658655 10.0949997743592 12.7399997152388 12.7349997153506 12.8099997136742 12.8649997124448 12.9599997103214 12.9199997112155 12.3349997242913 11.3649997459725 11.2549997484311 11.169999750331 12.909999711439 11.9899997320026 11.8099997360259 11.9549997327849 12.1599997282028 12.5299997199327 12.619999717921 12.6499997172505 12.7999997138977 12.8649997124448 12.8499997127801 12.9399997107685 13.0099997092038 13.0299997087568 13.0999997071922 13.2049997048452 13.1499997060746 13.4849996985868 13.5199996978045 13.4149997001514 13.4499996993691 13.4199997000396 13.4249996999279 13.3099997024983 13.2849997030571
-9999 -9999 -9999 -9999 -9999 -9999 -9999 -9999 -9999 -9999 11.1749997502193 11.1966664164017 12.2524997261353 10.7149997605011 10.6699997615069 10.6199997626245 10.5199997648597 11.8766664012025 11.8433330686142 10.9999997541308 11.1039997518063 12.1866663942734 12.079999729991 12.079999729991 11.9899997320026 9.74499978218228 9.74499978218228 12.7549997149035 12.4199997223914 12.6799997165799 12.6849997164682 11.9166664003084 12.0083330649262 12.1099997293204 12.204999727197 12.3549997238442 13.1399997062981 12.6699997168034 12.1149997292086 12.1149997292086 12.1249997289851 12.1899997275323 12.5099997203797 12.6499997172505 12.8299997132272 12.8599997125566 12.9599997103214 13.0149997090921 12.8849997119978 12.9349997108802 12.9249997111037 13.3049997026101 13.7449996927753 13.5499996971339 13.3799997009337 13.4349996997043 13.4249996999279 13.3149997023866 13.5899996962398 13.6399996951222 13.7299996931106 13.7949996916577
-9999 -9999 -9999 -9999 -9999 -9999 -9999 -9999 -9999 -9999 11.2266664157311 11.2899997476488 11.4466664108137 12.5224997201003 12.5224997201003 11.0983330852663 10.5174997649156 -9999 -9999 9.22999979369342 9.17744347324103 9.23499979358166 10.9599997550249 12.1249997289851 11.8999997340143 11.6633330726375 11.9516663995261 11.9583330660438 11.7349997377023 11.7449997374788 11.9516663995261 12.1683330613499 12.3083330582206 12.2699997257441 13.0199997089803 13.0699997078627 12.4799997210503 12.5299997199327 12.2949997251853 12.4249997222796 12.3249997245148 12.3399997241795 12.514999720268 12.8199997134507 12.8849997119978 12.9399997107685 13.0499997083098 13.364999701269 13.4299996998161 13.1149997068569 13.1549997059628 13.0649997079745 13.5049996981397 13.3049997026101 13.364999701269 13.3699997011572 13.4649996990338 13.6249996954575 13.7099996935576 13.5799996964633 13.6749996943399 13.7249996932223
-9999 -9999 -9999 -9999 -9999 -9999 -9999 -9999 -9999 -9999 -9999 -9999 -9999 -9999 -9999 -9999 -9999 -9999 -9999 -9999 -9999 -9999 -9999 -9999 11.2960202043158 10.6459997620434 11.1249997513369 11.2799997478724 11.5049997428432 11.499999742955 11.934999733232 13.1949997050688 13.0249997088686 12.9549997104332 11.1949997497723 12.3383330575501 12.6149997180328 12.2699997257441 12.1099997293204 12.2299997266382 12.5699997190386 12.6249997178093 13.0099997092038 13.1299997065216 13.0499997083098 13.0649997079745 13.0899997074157 13.3949997005984 13.4499996993691 13.2249997043982 13.3499997016042 13.3749997010455 13.4599996991456 13.4749996988103 13.1199997067451 13.1199997067451 13.2549997037277 13.5799996964633 13.924999688752 13.9799996875226 14.0249996865168 14.0599996857345
-9999 -9999 -9999 -9999 -9999 -9999 -9999 -9999 -9999 -9999 -9999 -9999 -9999 -9999 -9999 -9999 -9999 -9999 -9999 -9999 -9999 -9999 -9999 -9999 -9999 10.6396679468453 13.0199997089803 11.8824997344054 12.0616663970674 12.0433330641439 12.1233330623557 13.1649997057393 13.1299997065216 13.0499997083098 12.5649997191504 12.6899997163564 12.8599997125566 12.7449997151271 11.9249997334555 12.5199997201562 12.8249997133389 12.9649997102097 13.0599997080863 12.9599997103214 13.0599997080863 13.0799997076392 13.0399997085333 12.9699997100979 12.9599997103214 12.9799997098744 12.8399997130036 12.8849997119978 12.5949997184798 12.4199997223914 12.9449997106567 13.2949997028336 13.3149997023866 13.5499996971339 13.9299996886402 14.0249996865168 13.9699996877462 14.0299996864051
-9999 -9999 -9999 -9999 -9999 -9999 -9999 -9999 -9999 -9999 -9999 -9999 -9999 -9999 -9999 -9999 -9999 -9999 -9999 -9999 -9999 -9999 -9999 -9999 -9999 -9999 -9999 7.99999982118607 7.99999982118607 10.7674997593276 11.6678568820602 13.2099997047335 12.4449997218326 12.1016663961733 12.929999710992 12.929999710992 12.6574997170828 12.3849997231737 12.4599997214973 12.6499997172505 12.8049997137859 12.8949997117743 12.9549997104332 12.9549997104332 13.0949997073039 13.4749996988103 13.3099997024983 13.4299996998161 13.4749996988103 12.8849997119978 12.6549997171387 12.6849997164682 12.7099997159094 12.6499997172505 13.7199996933341 13.7649996923283 13.3899997007102 13.654999694787 13.9549996880814 13.8849996896461 13.6399996951222 13.8399996906519
