EcologicalScience/Bass/data/rs_data_bass/sst_273.asc
NCOLS 226 
NROWS 124 
XLLCORNER -9.41648524995501 
YLLCORNER 47.587301625531 
CELLSIZE 0.0833 
NODATA_value -9999 
[rows 0 to 26 of 124, columns 62 to 123 of 226]
-9999 -9999 -9999 -9999 -9999 -9999 -9999 -9999 -9999 -9999 -9999 -9999 -9999 -9999 -9999 -9999 -9999 -9999 -9999 -9999 -9999 -9999 -9999 -9999 -9999 -9999 -9999 -9999 -9999 -9999 -9999 -9999 -9999 -9999 -9999 -9999 -9999 -9999 -9999 -9999 -9999 -9999 -9999 -9999 -9999 -9999 -9999 -9999 -9999 -9999 -9999 -9999 -9999 -9999 -9999 -9999 -9999 -9999 -9999 -9999 -9999 -9999
-9999 -9999 -9999 -9999 -9999 -9999 -9999 -9999 -9999 -9999 -9999 -9999 -9999 -9999 -9999 -9999 -9999 -9999 -9999 -9999 -9999 -9999 -9999 -9999 -9999 -9999 -9999 -9999 -9999 -9999 -9999 -9999 -9999 -9999 -9999 -9999 -9999 -9999 -9999 -9999 -9999 -9999 -9999 -9999 -9999 -9999 -9999 -9999 -9999 -9999 -9999 -9999 -9999 -9999 -9999 -9999 -9999 -9999 -9999 -9999 -9999 -9999
-9999 -9999 -9999 -9999 -9999 -9999 -9999 -9999 -9999 -9999 -9999 -9999 -9999 -9999 -9999 -9999 -9999 -9999 -9999 -9999 -9999 -9999 -9999 -9999 -9999 -9999 -9999 -9999 -9999 -9999 -9999 -9999 -9999 -9999 -9999 -9999 -9999 -9999 -9999 -9999 -9999 -9999 -9999 -9999 -9999 -9999 -9999 -9999 -9999 -9999 -9999 -9999 -9999 -9999 -9999 -9999 -9999 -9999 -9999 -9999 -9999 -9999
-9999 -9999 -9999 -9999 -9999 -9999 -9999 -9999 -9999 -9999 -9999 -9999 -9999 -9999 -9999 -9999 -9999 -9999 -9999 -9999 -9999 -9999 -9999 -9999 -9999 -9999 -9999 -9999 -9999 -9999 -9999 -9999 -9999 -9999 -9999 -9999 -9999 -9999 -9999 -9999 -9999 -9999 -9999 -9999 -9999 -9999 -9999 -9999 -9999 -9999 -9999 -9999 -9999 -9999 -9999 -9999 -9999 -9999 -9999 -9999 -9999 -9999
-9999 -9999 -9999 -9999 -9999 -9999 -9999 -9999 -9999 -9999 -9999 -9999 -9999 -9999 -9999 -9999 -9999 -9999 -9999 -9999 -9999 -9999 -9999 -9999 -9999 -9999 -9999 -9999 -9999 -9999 -9999 -9999 -9999 -9999 -9999 -9999 -9999 -9999 -9999 -9999 -9999 -9999 -9999 -9999 -9999 -9999 -9999 -9999 -9999 -9999 -9999 -9999 -9999 -9999 -9999 -9999 -9999 -9999 -9999 -9999 -9999 -9999
-9999 -9999 -9999 -9999 -9999 -9999 -9999 -9999 -9999 -9999 -9999 -9999 -9999 -9999 -9999 -9999 -9999 -9999 -9999 -9999 -9999 -9999 -9999 -9999 -9999 -9999 -9999 -9999 11.6799997389317 11.6541626808348 8.96504103718325 9.28992582950741 9.50795006100088 9.45487837307155 9.49504073150456 9.53807182982564 9.58899196283892 9.57321389345452 9.57321389345452 9.59186070272699 9.46133303781971 9.49790947139263 9.49073762167245 9.4964751014486 9.46205022279173 9.50938443094492 9.41973630944267 9.39104891056195 9.41184727475047 9.26625872543082 9.38674580072984 9.32578507810831 9.44340341351926 9.37383647123352 9.42762534413487 9.36236151168123 8.95452232426032 8.99779248423874 9.67816196102649 9.15688801719807 9.30247656651773 8.79945099586621
-9999 -9999 -9999 -9999 -9999 -9999 -9999 -9999 -9999 -9999 -9999 -9999 -9999 -9999 -9999 -9999 -9999 -9999 -9999 -9999 -9999 -9999 -9999 -9999 -9999 -9999 -9999 12.4601442003623 9.08481092751026 9.31502730352804 9.06042663846165 9.01237524533644 9.48786888178438 9.55313271423802 9.56532485876232 9.56245611887425 9.53089998010546 9.55169834429398 9.55313271423802 9.51870783558115 9.51010161591694 9.41973630944267 9.36092714173719 9.44985807826743 9.41543319961056 9.42547378921881 9.54811241943389 9.43336282391101 9.36451306659728 9.33080537291244 9.32506789313629 9.19238867331296 9.22394481208175 9.28705708961934 9.40969571983442 9.26841028034687 8.7331512295641 8.99372843606398 8.68103578826413 9.14935757499188 9.08983122231439 8.82621451759977
-9999 -9999 -9999 -9999 -9999 -9999 -9999 -9999 -9999 -9999 -9999 -9999 -9999 -9999 -9999 -9999 -9999 -9999 -9999 -9999 -9999 -9999 -9999 -9999 -9999 -9999 10.0121862644043 9.1701559391804 9.11780143622309 9.18163089873269 9.18306526867673 9.2576525057666 9.35303810704499 9.35877558682114 9.36809899145737 9.42260504933074 9.49934384133667 9.54094056971371 9.53878901479766 9.55743582407013 9.4885860667564 9.34586625732481 9.30211797403172 9.34371470240876 9.34299751743674 9.37957395100966 9.48715169681236 9.33941159257665 9.30426952894777 9.27916805492714 9.30498671391979 9.37527084117755 9.78771739872172 9.22466199705377 9.26482435548678 9.2418744363822 9.3810083209537 9.60883408039808 9.27582119172439 8.66214991733432 8.88160851877183 9.01954709505662
-9999 -9999 -9999 -9999 -9999 -9999 -9999 -9999 -9999 -9999 -9999 -9999 -9999 -9999 -9999 -9999 -9999 -9999 -9999 -9999 -9999 -9999 -9999 -9999 -9999 11.4566720272414 8.89953814307228 8.75634021032602 8.80224004853517 8.9428083030507 9.2296822918579 9.26123843062669 9.37742239609361 9.50508132111281 9.57321389345452 9.51368754077703 9.52229376044124 9.54165775468573 9.5724967084825 9.57464826339856 9.54022338474169 9.49217199161649 9.30570389889181 9.29924923414364 9.36738180648535 9.49504073150456 9.25980406068265 9.37025054637343 9.34084596252069 9.27845086995512 9.40151981115341 9.54357024794444 9.19430116657168 9.28777427459136 9.30426952894777 9.33367411280051 9.41274375596549 9.2176694435766 9.29010512575042 8.74468595453072 9.10381632926874 9.08146406430751
-9999 -9999 -9999 -9999 -9999 -9999 -9999 -9999 -9999 -9999 -9999 -9999 -9999 -9999 -9999 -9999 -9999 -9999 -9999 -9999 -9999 -9999 -9999 -9999 -9999 10.0325310244225 9.09987181192264 9.08265937259421 8.99157688114792 8.93635363830253 8.99516280600801 9.04751730896533 9.25263221096247 9.35447247698903 9.54022338474169 9.52874842518941 9.47639392223209 9.53807182982564 9.56389048881829 9.57464826339856 9.54882960440591 9.4448377834633 9.34443188738078 9.28347116475925 9.30283515900373 9.34012877754867 9.39248328050599 9.31933041336015 9.32004759833217 9.28490553470328 9.33510848274454 9.24259162135422 9.34156314749271 9.32865381799638 9.3451490723528 9.37096773134544 8.3055177369155 9.63288368312642 9.38029113598168 9.01811272511259 8.8033158259932 8.32602922711521
-9999 -9999 -9999 -9999 -9999 -9999 -9999 -9999 -9999 -9999 -9999 -9999 -9999 -9999 -9999 -9999 -9999 -9999 -9999 -9999 -9999 -9999 -9999 -9999 8.95523950923234 9.09269996220246 9.25550095085055 9.29064301447943 9.16728719929233 9.01094087539241 9.03245642455295 9.21533859241754 9.17589341895655 9.30785545380786 9.50221258122474 9.46850488753989 9.44842370832339 9.45057526323944 9.5007782112807 9.5366374598816 9.51297035580501 9.39248328050599 9.35375529201701 9.36236151168123 9.36809899145737 9.28418834973127 9.42547378921881 9.5007782112807 9.50364695116878 9.37527084117755 9.43551437882707 9.40395824005827 9.43910030368716 9.3853114307858 9.4369487487711 9.36953336140141 9.36666462151334 8.87969602551311 8.92631304869428 8.98598283836618 8.95715200249106 8.54784429346078
-9999 -9999 -9999 -9999 -9999 -9999 -9999 -9999 -9999 -9999 -9999 -9999 -9999 -9999 -9999 -9999 -9999 -9999 -9999 -9999 -9999 -9999 -9999 -9999 9.23742788955569 9.23326821671799 9.25119784101844 9.42690815916285 9.41256445972249 9.09628588706255 9.11134677147493 9.16657001432031 9.2017120779492 9.20027770800516 9.41758475452662 9.41328164469451 9.4806970320642 9.45416118809953 9.54739523446187 9.53448590496555 9.57751700328663 9.34084596252069 9.44125185860321 9.47639392223209 9.48786888178438 9.39750357531011 9.40467542503029 9.57106233853847 9.62341684149578 9.5366374598816 9.50508132111281 9.44053467363119 9.45559555804357 9.47854547714815 9.46993925748393 9.44340341351926 9.41399882966653 9.39786216779612 9.6639377924148 9.42117067938671 9.50006102630869 9.34993030549958
-9999 -9999 -9999 -9999 -9999 -9999 -9999 -9999 -9999 -9999 -9999 -9999 -9999 -9999 -9999 -9999 -9999 -9999 -9999 -9999 -9999 -9999 -9999 13.1599997058511 9.18951993342489 9.23183384677395 9.31000700872391 9.41399882966653 9.50795006100088 9.472807997372 9.32506789313629 9.17302467906848 9.23685414157808 9.1342966905795 9.23183384677395 9.45057526323944 9.53161716507748 9.56532485876232 9.57321389345452 9.61050751199946 9.58899196283892 9.51081880088896 9.44842370832339 9.45989866787568 9.59186070272699 9.54094056971371 9.44914089329541 9.55671863909811 9.74175236187875 9.73529769713059 9.63560898602009 9.57393107842654 9.53089998010546 9.35949277179316 9.43479719385505 9.48571732686833 9.3451490723528 9.31407105689868 9.25287127261981 9.33912471858785 9.47625048523769 9.65895009692758
-9999 -9999 -9999 -9999 -9999 -9999 -9999 -9999 -9999 -9999 -9999 -9999 -9999 -9999 -9999 -9999 -9999 -9999 -9999 -9999 -9999 9.68637901055085 8.85244299657643 9.09485151711851 9.1221045460552 9.2576525057666 9.3888973556459 9.46993925748393 9.48213140200824 9.55384989921004 9.49790947139263 9.32721944805235 9.30857263877988 9.15939816460013 9.12855921080336 9.52372813038528 9.50508132111281 9.63847772590816 9.66573075484484 9.68150882422924 9.67433697450906 9.63130587618798 9.62054810160771 9.64995268546045 9.66573075484484 9.69154941383749 9.72310555260628 9.77832879545167 9.77474287059158 9.70589311327785 9.6162449917756 9.62771995132789 9.50006102630869 9.89833774743602 9.3652302515693 9.45416118809953 9.44507684512064 9.16513564437628 9.36738180648535 9.32004759833217 8.80271817184985 9.54165775468573
-9999 -9999 -9999 -9999 -9999 -9999 -9999 -9999 -9999 -9999 -9999 -9999 -9999 -9999 -9999 -9999 -9999 -9999 -9999 -9999 10.7331688527321 8.84758207621053 8.76566361496225 9.02887049969286 9.34801781224087 9.5603045639582 9.48284858698025 9.49360636156052 9.53089998010546 9.52229376044124 9.54667804948986 9.53448590496555 9.47209081239998 9.46276740776375 9.40467542503029 9.43192845396698 9.59831536747515 9.61552780680358 9.69011504389346 9.77976316539571 9.69226659880951 9.69656970864162 9.64134646579623 9.65425579529256 9.67505415948108 9.67218541959301 9.69083222886547 9.73601488210261 9.7317117722705 9.69298378378153 9.56317330384627 9.52731405524537 9.5681935986504 9.52946561016142 9.32435070816427 9.50938443094492 9.39176609553397 9.4010895001702 9.3092898237519 9.40180668514222 9.12052673911676 9.1303521732334
-9999 -9999 -9999 -9999 -9999 -9999 -9999 -9999 -9999 -9999 -9999 -9999 -9999 -9999 -9999 -9999 -9999 -9999 -9999 -9999 9.97257678602498 8.97221288690343 9.03245642455295 9.07763907779008 9.30857263877988 9.52229376044124 9.44340341351926 9.41113008977845 9.47639392223209 9.47065644245595 9.50006102630869 9.49432354653254 9.49934384133667 9.47926266212016 9.48141421703622 9.49145480664447 9.56317330384627 9.60118410736322 9.67146823462099 9.71521651791409 9.73099458729848 9.66644793981686 9.6521042403765 9.67218541959301 9.68150882422924 9.6442152056843 9.6399120958522 9.5803857431747 9.53807182982564 9.54811241943389 9.6083559570834 9.61265906691551 9.6521042403765 9.66071046004072 9.48500014189631 9.57895137323067 9.19884333806112 9.49432354653254 9.48428295692429 9.48141421703622 9.17983793630265 9.16601220378652
-9999 -9999 -9999 -9999 -9999 -9999 -9999 -9999 -9999 -9999 -9999 -9999 -9999 -9999 -9999 -9999 -9999 -9999 12.9861903605051 9.37012014910579 9.14720602007583 9.11708425125107 9.17087312415242 9.29207738442346 9.30570389889181 9.29924923414364 9.33941159257665 9.4247566042468 9.43981748865917 9.4448377834633 9.43766593374312 9.43479719385505 9.44268622854725 9.46563614765182 9.48500014189631 9.40037231519818 9.62628558138385 9.65569016523659 9.61265906691551 9.6521042403765 9.66573075484484 9.66644793981686 9.67935726931319 9.67720571439713 9.67146823462099 9.64636676060036 9.62915432127193 9.6241340264678 9.57034515356645 9.67935726931319 9.6678823097609 9.59257788769901 9.70230718841776 9.65855890512466 9.65855890512466 9.64017289038748 9.59472944261506 9.57751700328663 9.55384989921004 9.54380930960178 9.60763877211139 9.30032501160167
-9999 -9999 -9999 -9999 -9999 -9999 -9999 -9999 -9999 -9999 -9999 -9999 -9999 -9999 -9999 -9999 8.98093320417684 11.4494854552491 7.97245703591034 8.0427411631681 8.18689534254372 8.35830255085602 8.93707082327455 9.27701650001109 9.57393107842654 9.33439129777253 9.28060242487118 9.34730062726885 9.44196904357523 9.38818017067388 9.39248328050599 9.43838311871514 9.51153598586097 9.51081880088896 9.55169834429398 9.59472944261506 9.6399120958522 9.5366374598816 9.44698933837935 9.46635333262384 9.65640735020861 9.6757713444531 9.61696217674762 9.65425579529256 9.67218541959301 9.70947903813794 9.67935726931319 9.72167118266225 9.71449933294207 9.60692158713937 9.5961638125591 9.53878901479766 9.552415529266 9.75466169137508 9.59023073688149 9.46993925748393 9.67290260456502 9.69298378378153 9.6800744542852 9.63919491088018 9.52659687027335 9.45918148290366
-9999 -9999 -9999 -9999 -9999 -9999 -9999 -9999 -9999 -9999 8.90386274159269 9.25955460504021 8.83034224716483 -9999 -9999 -9999 8.48657184606418 8.98829438069907 7.9150822381489 8.56915493262932 8.87611010065302 8.67314675357193 8.66310616396368 8.95428326260298 9.16657001432031 9.5803857431747 9.40682697994635 9.26984465029091 9.34443188738078 9.2655415404588 9.43121126899496 9.47854547714815 9.52659687027335 9.54524367954582 9.52014220552519 9.64062928082421 9.64206365076825 9.67218541959301 9.6162449917756 9.54596086451784 9.55528426915407 9.62771995132789 9.66644793981686 9.63058869121596 9.68509474908933 9.69656970864162 9.63919491088018 9.57679981831461 9.68868067394942 9.72238836763427 9.71521651791409 9.61050751199946 9.82638018857688 9.39900314388797 9.68366037914529 9.41471601463854 9.66071046004072 9.5803857431747 9.68724630400538 9.66573075484484 9.60620440216735 9.56962796859443
-9999 -9999 -9999 -9999 -9999 -9999 -9999 -9999 -9999 -9999 -9999 -9999 -9999 -9999 -9999 -9999 -9999 11.6349997399375 11.9163795603501 8.76996672479436 9.00018310081214 8.7914822739549 8.95141452271491 8.91627245908603 9.42834252910689 9.49288917658851 9.39176609553397 9.37455365620553 9.43264563893899 9.38029113598168 9.3888973556459 9.43838311871514 9.50149539625272 9.4964751014486 9.52946561016142 9.54739523446187 9.59114351775497 9.62700276635587 9.70230718841776 9.68294319417328 9.68509474908933 9.61983091663569 9.50938443094492 9.62700276635587 9.68581193406135 9.69154941383749 9.66142764501274 9.54667804948986 9.61409343685955 9.74677265668288 9.7159337028861 9.63274024613202 10.2100741486065 9.87658313661814 9.64493239065632 9.53878901479766 9.52157657546923 9.63130587618798 9.5165562806651 9.63919491088018 9.62054810160771 9.44842370832339
-9999 -9999 -9999 -9999 -9999 -9999 -9999 -9999 -9999 -9999 -9999 -9999 -9999 -9999 13.2129928250797 8.64551403847359 11.8568002493571 11.6681606577517 9.48500014189631 8.09653003606945 8.87324136076495 9.06329537834972 9.37240210128948 9.27916805492714 9.27056183526292 9.28418834973127 9.32076478330418 9.29709767922759 9.37025054637343 9.38746298570186 9.41256445972249 9.50651569105685 9.5244453153573 9.48786888178438 9.51297035580501 9.61337625188753 9.61767936171964 9.62987150624394 9.71808525780216 9.69728689361364 9.6879634889774 9.67361978953704 9.66071046004072 9.66286201495677 9.64636676060036 9.62987150624394 9.73027740232646 9.62054810160771 9.60333566227928 9.66429638490081 9.71449933294207 9.71736807283014 9.80845056427643 9.50723287602887 9.57608263334259 9.54811241943389 9.60907314205542 9.54094056971371 9.36881617642939 9.59472944261506 9.8152638215106 9.40013325354084
-9999 -9999 -9999 -9999 -9999 -9999 -9999 -9999 -9999 -9999 -9999 -9999 8.62199005836173 8.55481123318896 8.29447308834642 8.67816704837605 9.18019652878866 7.59019744582474 9.22824792191386 9.20386363286525 8.875392915681 9.15366068482399 9.313592933584 9.17374186404049 9.26769309537485 9.14792320504785 9.2217932571657 9.13142795069143 9.34299751743674 9.24617754621431 9.43408000888303 9.51799065060914 9.55671863909811 9.54596086451784 9.57536544837058 9.59186070272699 9.59257788769901 9.65282142534852 9.67361978953704 9.69441815372556 9.67505415948108 9.66071046004072 9.70589311327785 9.67935726931319 9.72095399769023 9.59042633278295 9.66142764501274 9.6879634889774 9.64564957562834 9.6800744542852 9.67146823462099 9.88518935628235 9.8471785527654 9.62628558138385 9.58110292814672 9.47495955228806 9.49790947139263 9.37527084117755 9.41901912447065 9.36020995676517 9.58235800184775 9.39822076028213
-9999 -9999 -9999 -9999 -9999 -9999 -9999 -9999 -9999 -9999 10.4123203107156 8.85795980405349 8.24140140041709 8.29877619817853 8.03556931344792 7.86846521496773 7.9016947853379 8.15498061128892 8.68720357902348 8.72664875248447 4.93517867941409 9.40682697994635 9.41184727475047 9.40969571983442 9.17445904901251 9.15868097962812 9.25693532079458 9.14792320504785 9.30570389889181 9.25048065604642 9.39248328050599 9.4964751014486 9.54811241943389 9.61265906691551 9.63704335596412 9.55958737898618 9.56245611887425 9.61481062183157 9.65138705540448 9.68581193406135 9.68724630400538 9.71665088785812 9.69872126355767 9.73314614221454 9.72238836763427 9.73099458729848 9.64851831551641 9.71019622310996 9.70517592830583 9.75609606131911 9.77187413070351 9.78406627522781 9.77330850064754 9.55600145412609 9.59903255244717 9.36809899145737 9.33080537291244 9.30498671391979 9.4168675695546 9.56173893390223 9.45989866787568 9.40395824005827
-9999 -9999 -9999 -9999 -9999 -9999 -9999 -9999 -9999 -9999 10.6499997619539 9.60801295557505 9.93233483154817 8.24498732527718 7.76160465413705 7.50270087923855 14.089999685064 -9999 -9999 9.22999979369342 7.38421594396685 9.8736684560557 7.22371592512354 9.6399120958522 9.41901912447065 9.16441845940426 9.16728719929233 9.22753073694184 9.19167148834094 9.22896510688588 9.35303810704499 9.36666462151334 9.48213140200824 9.51512191072106 9.57536544837058 9.51010161591694 9.58468885300681 9.58540603797883 9.5681935986504 9.63274024613202 9.66429638490081 9.70661029824987 9.711630593054 9.69800407858565 9.66214482998475 9.68868067394942 9.63847772590816 9.55600145412609 9.62269965652376 9.70445874333382 9.69011504389346 9.77474287059158 9.71736807283014 9.60763877211139 9.4290597140789 8.69480573972687 9.34084596252069 9.28060242487118 9.39535202039406 9.33439129777253 9.27199620520696 8.92918178858235
-9999 -9999 -9999 -9999 -9999 -9999 -9999 -9999 -9999 -9999 -9999 -9999 -9999 -9999 -9999 -9999 -9999 -9999 -9999 -9999 -9999 -9999 -9999 -9999 11.5599997416139 9.41758475452662 9.07763907779008 9.34084596252069 9.21749014733359 9.36738180648535 9.3293710029684 9.31502730352804 9.3494521821849 9.40252387011424 9.44412059849128 9.54811241943389 9.59472944261506 9.63560898602009 9.53878901479766 9.54165775468573 9.55600145412609 9.56532485876232 9.61337625188753 9.62771995132789 9.64062928082421 9.70015563350171 9.68868067394942 9.4606158528477 9.49360636156052 9.56675922870636 9.69226659880951 9.76541946595535 9.66644793981686 9.62485121143982 9.3810083209537 7.87287077979584 9.32004759833217 9.3293710029684 9.23255103174597 9.19454022822902 9.42762534413487 8.52929993918432
-9999 -9999 -9999 -9999 -9999 -9999 -9999 -9999 -9999 -9999 -9999 -9999 -9999 -9999 -9999 -9999 -9999 -9999 -9999 -9999 -9999 -9999 -9999 -9999 -9999 10.6396679468453 9.72525710752234 9.31215856363997 9.19310585828498 9.24402599129826 9.27845086995512 9.30426952894777 9.32219915324822 9.37885676603764 9.48571732686833 9.552415529266 9.5323343500495 9.61983091663569 9.53448590496555 9.4964751014486 9.3731192862615 9.37742239609361 9.41543319961056 9.4649189626798 9.50436413614079 9.47137362742797 9.45989866787568 9.4448377834633 9.37025054637343 9.49432354653254 9.54596086451784 9.59186070272699 9.57751700328663 9.51440472574905 9.31000700872391 8.3691627804323 9.19525741320103 9.06042663846165 9.034607979469 9.07477033790201 8.84311959194019 8.83779193214806
-9999 -9999 -9999 -9999 -9999 -9999 -9999 -9999 -9999 -9999 -9999 -9999 -9999 -9999 -9999 -9999 -9999 -9999 -9999 -9999 -9999 -9999 -9999 -9999 -9999 -9999 9.63331073417794 9.512611763319 9.52157657546923 9.10417492175475 9.32004759833217 9.15150912990794 9.23900569649413 9.41615038458258 9.48930325172842 9.50508132111281 9.5803857431747 9.61767936171964 9.62700276635587 9.47424236731604 9.37670521112159 9.40467542503029 9.44842370832339 9.37742239609361 9.3494521821849 9.32363352319226 9.24474317627028 9.4369487487711 9.47424236731604 9.38172550592571 9.39463483542204 9.46563614765182 9.5603045639582 9.46850488753989 9.43408000888303 9.19740896811709 9.34801781224087 8.99014251120389 8.94424267299473 8.96504103718325 9.31000700872391 8.76422924501821
