EcologicalScience/Bass/data/rs_data_bass/sst_445.asc
NCOLS 226 
NROWS 124 
XLLCORNER -9.41648524995501 
YLLCORNER 47.587301625531 
CELLSIZE 0.0833 
NODATA_value -9999 
[rows 0 to 26 of 124, columns 0 to 61 of 226]
-9999.000000000000000 -9999 -9999 -9999 -9999 -9999 -9999 -9999 -9999 -9999 -9999 -9999 -9999 -9999 -9999 -9999 -9999 -9999 -9999 -9999 -9999 -9999 -9999 -9999 -9999 -9999 -9999 -9999 -9999 -9999 -9999 -9999 -9999 -9999 -9999 -9999 -9999 -9999 -9999 -9999 -9999 -9999 -9999 -9999 -9999 -9999 -9999 -9999 -9999 -9999 -9999 -9999 -9999 -9999 -9999 -9999 -9999 -9999 -9999 -9999 -9999 -9999
-9999 -9999 -9999 -9999 -9999 -9999 -9999 -9999 -9999 -9999 -9999 -9999 -9999 -9999 -9999 -9999 -9999 -9999 -9999 -9999 -9999 -9999 -9999 -9999 -9999 -9999 -9999 -9999 -9999 -9999 -9999 -9999 -9999 -9999 -9999 -9999 -9999 -9999 -9999 -9999 -9999 -9999 -9999 -9999 -9999 -9999 -9999 -9999 -9999 -9999 -9999 -9999 -9999 -9999 -9999 -9999 -9999 -9999 -9999 -9999 -9999 -9999
-9999 -9999 -9999 -9999 -9999 -9999 -9999 -9999 -9999 -9999 -9999 -9999 -9999 -9999 -9999 -9999 -9999 -9999 -9999 -9999 -9999 -9999 -9999 -9999 -9999 -9999 -9999 -9999 -9999 -9999 -9999 -9999 -9999 -9999 -9999 -9999 -9999 -9999 -9999 -9999 -9999 -9999 -9999 -9999 -9999 -9999 -9999 -9999 -9999 -9999 -9999 -9999 -9999 -9999 -9999 -9999 -9999 -9999 -9999 -9999 -9999 -9999
-9999 -9999 -9999 -9999 -9999 -9999 -9999 -9999 -9999 -9999 -9999 -9999 -9999 -9999 -9999 -9999 -9999 -9999 -9999 -9999 -9999 -9999 -9999 -9999 -9999 -9999 -9999 -9999 -9999 -9999 -9999 -9999 -9999 -9999 -9999 -9999 -9999 -9999 -9999 -9999 -9999 -9999 -9999 -9999 -9999 -9999 -9999 -9999 -9999 -9999 -9999 -9999 -9999 -9999 -9999 -9999 -9999 -9999 -9999 -9999 -9999 -9999
-9999 -9999 -9999 -9999 -9999 -9999 -9999 -9999 -9999 -9999 -9999 -9999 -9999 -9999 -9999 -9999 -9999 -9999 -9999 -9999 -9999 -9999 -9999 -9999 -9999 -9999 -9999 -9999 -9999 -9999 -9999 -9999 -9999 -9999 -9999 -9999 -9999 -9999 -9999 -9999 -9999 -9999 -9999 -9999 -9999 -9999 -9999 -9999 -9999 -9999 -9999 -9999 -9999 -9999 -9999 -9999 -9999 -9999 -9999 -9999 -9999 -9999
-9999 -9999 -9999 -9999 -9999 14.836060655117 14.8746452066116 14.7003692584112 14.7221238692291 14.6998911350965 14.7437589492183 14.6652271947823 14.6264992062934 14.733001174638 14.770294793183 14.8463164002169 14.7548753162846 14.6368983883876 14.0097201303579 14.0986510668881 14.1309243906289 14.2686239052564 14.2879878995009 14.2626473638229 11.0168583431514 11.1962831723504 10.9824026762508 13.1729445642559 13.733245323645 13.9010666070972 14.0109154386446 11.5718291142257 11.5254710745066 11.1249997513369 12.3249997245148 8.21999981626868 10.0049997763708 12.2299997266382 11.0099997539073 12.2655262784101 12.1124969350058 14.3812219458632 10.0099997762591 11.1649997504428 -9999 -9999 -9999 -9999 -9999 -9999 -9999 -9999 -9999 -9999 -9999 -9999 -9999 -9999 -9999 -9999 -9999 -9999
-9999 -9999 -9999 -9999 -9999 14.6927192853764 14.6284116995521 14.6033102255315 14.6088086436503 14.5335042215884 14.4321420788765 14.2399365063757 14.4440951617435 14.5529877466615 14.7857142700814 14.7878658249974 14.7846384926233 13.694875927642 14.2851191596128 13.7551194652915 14.3120135960635 14.4568849604111 14.371539948741 14.3977172002196 13.0049997093156 11.3143597092712 11.6575924837962 13.7787865693681 13.8254035925493 13.8680760983843 13.733603916131 13.7432859132532 13.9858481162893 11.7286692891809 11.9729777207892 12.4549997216091 12.0099997315556 -9999 8.48499981034547 11.1511232868901 10.3922391314991 12.41931122741 11.704329037806 11.9079697262496 13.243485331234 13.2599997036159 10.6499997619539 -9999 -9999 -9999 -9999 -9999 -9999 -9999 -9999 -9999 -9999 -9999 -9999 -9999 -9999 -9999
-9999 -9999 -9999 -9999 -9999 14.6614619736793 14.5060121309943 14.5385245163925 14.3704641712829 14.4715872523375 14.4966887263581 14.3532517319545 14.689432187588 14.6841130657122 14.6843521273695 14.5124667957425 14.1775414138101 14.8947263858281 13.3836176497862 14.4249702291563 14.4077577898279 14.3496658070944 14.2399365063757 14.1043885466643 10.2486228408525 12.1783883043099 14.0800042576157 13.9064454943873 13.894970534835 13.8856471301988 13.8200247052591 14.3019730064552 13.6701330461074 13.6683400836773 13.6733603784814 12.1349997287616 12.0449997307733 12.3099997248501 12.0549997305498 11.2399997487664 12.7749997144565 12.0886505346862 11.5148129089503 14.5777306281962 7.66336590394823 10.3249997692183 -9999 -9999 -9999 -9999 -9999 -9999 -9999 -9999 -9999 -9999 -9999 -9999 -9999 -9999 -9999 -9999
-9999 -9999 -9999 -9999 -9999 14.636778857559 14.6230925776763 14.1882991883904 14.1208838010207 14.4859309517778 14.3783532059751 14.2736442000605 14.0448621939868 14.7641987209208 14.5748618883081 14.4149296395481 13.5550248580985 13.4847407308407 14.4880825066939 14.4289147465024 14.3507415845525 14.2223654745612 14.2485427260399 12.9854006940732 8.24900356112048 11.8248758785194 13.9193548238836 14.3195440382697 14.4217428967822 14.2768715324346 13.9523453325965 13.4682454764843 13.7393413959071 14.0317735682474 13.7371898409911 13.4421399435028 10.5688459308585 12.1949997274205 11.3599997460842 12.1049997294322 7.96435284572653 10.8590953663275 12.3049997249618 -9999 11.5519473392421 11.1949997497723 9.33499979134649 -9999 -9999 -9999 -9999 -9999 -9999 -9999 -9999 -9999 -9999 -9999 -9999 -9999 -9999 -9999
-9999 -9999 -9999 -9999 -9999 14.7147129578516 14.6632549361093 14.6982177034952 14.5468916743994 14.7261879174039 14.2894222694449 14.3926969054155 14.4364451887086 14.4880825066939 14.0986510668881 14.769219015725 14.7190160676837 14.5913571426645 14.6996520734392 14.73192539718 14.7785424203612 14.2693410902284 14.3582720267586 14.1664250467438 13.5797677396331 13.084431985626 13.7859584190883 13.9035767544992 14.0085248220712 13.4295174879953 13.615626988234 13.9750561900437 14.0414555653697 13.8042466358747 13.5808435170911 13.8055017095758 13.6910509411246 14.0733105312102 13.4091673644143 13.1123424341204 13.489840712864 12.2449997263029 11.9881806042311 12.0801339631435 12.9110724404454 13.2849997030571 12.0949997296557 -9999 -9999 -9999 -9999 -9999 -9999 -9999 -9999 -9999 -9999 -9999 -9999 -9999 -9999 -9999
-9999 -9999 -9999 -9999 -9999 14.6587725300342 14.6157414317131 14.4242530441843 14.5598010038957 14.532547974959 14.3977172002196 14.3037659688853 13.1146732852794 13.8791924654506 14.1804101536982 14.2729270150885 14.5626697437838 14.6822005724534 14.4791176945437 14.6537522352301 14.7340769520961 14.1854304485023 14.214476439869 13.9068040868733 13.7799818776548 13.853015213972 14.0663777431473 14.1086916564964 14.1524399397895 14.0445036015008 13.9867702112533 14.41206089966 14.331377590308 13.8910260174889 13.5166554620955 13.6324808350764 13.8494292891119 14.1705488603329 14.1068986940663 13.9229407487437 13.1631231145002 13.2048592955107 13.1993011119775 12.4758222235672 12.3199997246265 12.039999730885 -9999 -9999 -9999 -9999 -9999 -9999 -9999 -9999 -9999 -9999 -9999 -9999 -9999 -9999 -9999 -9999
-9999 -9999 -9999 -9999 -9999 14.5227464470081 14.5676900385879 14.4895168766379 14.2047944427468 14.6153828392271 13.8799096504226 14.6318780935835 14.2263099919073 14.1897335583344 14.1624805293977 14.7835627151653 14.8022095244378 14.5770134432241 14.3751258736011 14.3206198157277 14.4997965279035 14.4464857783169 13.1710235330808 13.7149571068585 13.2150791813619 14.214835032355 14.3790703909472 13.973143696785 14.4697942899074 14.4323213751195 14.5529877466615 14.3224127781577 14.4784005095717 14.5687658160459 14.5067293159664 14.6268577987794 14.0931526487693 13.9929858143441 13.8806268353947 13.8349660588428 14.0563371535391 14.6049836571328 13.5143246109365 12.6449997173622 12.0549997305498 12.76499971468 12.2549997260794 -9999 -9999 -9999 -9999 -9999 -9999 -9999 -9999 -9999 -9999 -9999 -9999 -9999 -9999 -9999
-9999 -9999 -9999 -9999 -9999 14.5598010038957 14.3238471481018 14.5820337380283 14.4622638477013 14.3647266915068 14.6645100098103 14.453657628037 14.4809106569737 14.6876989905722 14.8208563337103 14.9148075650446 14.7914517498575 14.6831568190828 14.212683477439 13.6514862368349 13.9788811765611 13.6621244805865 13.5688904342242 14.4848551743198 14.3795485142618 14.453657628037 14.5225073853508 14.4339350413065 14.6960661485791 14.9592730333097 14.8355586256366 14.7086168855894 14.812608706532 14.7186574751977 14.5658970761579 13.8325754422694 14.3625751365907 14.0993682518601 13.6808191021904 13.9871288037393 14.5985289923847 14.1386341290781 14.4097300485009 13.2972865087795 -9999 12.1299997288734 -9999 -9999 -9999 -9999 -9999 -9999 -9999 -9999 -9999 -9999 -9999 -9999 -9999 -9999 -9999 -9999
-9999 -9999 -9999 -9999 -9999 14.5440229345113 14.2887050844729 14.2349162115715 14.3518173620105 14.2377849514596 14.4405092368834 14.4264045991004 14.6770607468206 14.6691717121284 14.7039551832713 14.6817224491388 15.1235083919019 14.8366344030946 13.8206223594025 13.335924849147 13.7754397061653 13.9648960696068 14.2067069360055 14.49023406161 14.5945844750386 14.5115105491132 14.8775139464997 14.1603289744817 14.6275749837514 14.733001174638 14.8384273655247 14.8194219637662 14.892216238426 14.7373042844702 14.1761070438661 14.1201666160487 13.5801263321191 14.1280556507409 14.1445509050973 14.4611880702432 14.4304686472751 14.4622638477013 11.474337824512 8.21339049516246 11.8749997345731 -9999 -9999 -9999 -9999 -9999 -9999 -9999 -9999 -9999 -9999 -9999 -9999 -9999 -9999 -9999 -9999 -9999
-9999 -9999 -9999 -9999 -9999 14.3876766106114 14.0900448472239 14.2836847896688 14.3554032868706 14.3618579516187 14.5394807630219 14.584663416259 14.6957075560931 14.6548280126881 14.6807662025094 14.6200445415452 14.1689351941459 13.9573656274006 14.3477533138357 14.7742393105291 14.8179875938222 14.5375682697631 14.6637928248383 13.0651875222102 14.6178929866292 14.6009196089581 14.3353221076541 14.2800988648087 13.9415875580162 14.8204977412242 14.7609713885467 14.9029740130063 14.9653691055719 14.8330484782346 14.8771553540137 14.4252092908137 14.0348216043785 14.0653019656893 12.3843399221078 13.5699832875149 11.9726074448388 9.66499978397042 11.1213660672372 11.3180748942135 11.312737703724 12.0349997309968 12.0999997295439 -9999 -9999 -9999 -9999 -9999 -9999 -9999 -9999 -9999 -9999 -9999 -9999 -9999 -9999 -9999
-9999 -9999 -9999 -9999 -9999 14.5662556686439 14.6322366860695 13.9925076910295 14.6030711638741 14.6207617265172 13.2021698518656 13.697027482558 14.0097201303579 13.8748893556185 14.0348216043785 15.0069658339489 15.0338602703996 14.6777779317927 15.0199946942739 14.2707754601724 14.1775414138101 11.6200598035939 13.9774468066171 13.814645817969 14.1517227548175 14.1287728357129 14.2428052462637 14.2198553271592 14.7269051023759 14.1302072056569 14.6390499433037 14.6006805473007 14.9214415260358 14.7264269790612 12.3150568655401 13.6744361559395 14.254638798302 14.1427579426672 13.8370578483446 13.3507167891948 13.0608844123781 12.8099997136742 11.8099997360259 -9999 -9999 -9999 -9999 13.2249997043982 13.2249997043982 -9999 -9999 -9999 -9999 -9999 -9999 -9999 -9999 -9999 -9999 -9999 -9999 -9999
-9999 -9999 -9999 -9999 -9999 14.6157414317131 14.5547807090916 14.7496757252375 14.0477309338748 13.973860881757 13.8662831359543 14.1954710381106 14.0097201303579 14.8011337469798 14.052751228679 15.0840632184409 14.57199314842 12.2648090934381 14.5361338998191 14.5970946224406 14.8012532778084 13.9272438585758 14.0039826505817 14.971465177834 14.0441450090148 14.1897335583344 14.7094536013901 14.7245144858025 14.6960661485791 14.7416073943023 14.4364451887086 13.6623157299124 14.2053323314758 13.6801736357156 13.655430754181 14.1355860929471 14.0896862547379 13.1414780736086 12.113244002685 -9999 -9999 -9999 -9999 -9999 -9999 -9999 -9999 -9999 -9999 -9999 -9999 -9999 -9999 -9999 -9999 -9999 -9999 -9999 -9999 -9999 -9999 -9999
-9999 -9999 -9999 -9999 -9999 14.5688853468746 14.4950152947567 14.228222485166 14.0082857604139 13.973860881757 14.4672841425054 14.334246330196 14.6492100637406 14.9449293338694 15.0104322279803 14.8478703009896 12.7302621402778 15.0407930584624 12.9074068283662 14.928434079513 14.9269997095689 14.9413434090093 14.9987182067707 14.7979064146057 14.2012085178867 13.9423047429882 14.2327646566555 14.1051057316363 14.5260933102109 14.2808160497807 14.6440702381078 14.451506073121 14.373332911171 14.0216732132249 14.2002522712573 13.6532791992649 14.3073518937454 14.6401257207617 14.5192083344795 11.5511937466217 11.6199997402728 -9999 -9999 -9999 -9999 -9999 -9999 -9999 -9999 -9999 -9999 -9999 -9999 -9999 -9999 -9999 -9999 -9999 -9999 -9999 -9999 -9999
-9999 -9999 -9999 -9999 -9999 14.0298013095744 13.8698690608144 13.7658772398718 13.975295251701 13.2846461236477 14.4966887263581 14.1553086796775 14.5373292081058 13.9322641533799 14.772804940585 15.16994611884 14.5049363535363 14.0247810147703 13.4452955573797 14.2399365063757 13.9874873962253 14.2385021364316 14.9965666518547 14.6548280126881 14.0416348616127 14.1022369917482 14.1502883848734 14.2750785700046 14.3995101626497 14.6372569808736 14.6089281744789 14.5199972379487 14.3407009949442 14.3185877916403 14.3750063427724 14.2760348166339 14.4378795586526 14.5086418092251 14.3952070528176 10.6849997611716 11.3749997457489 -9999 11.3322893335717 8.98670154926367 12.9181646029465 12.3049997249618 -9999 -9999 -9999 -9999 -9999 -9999 -9999 -9999 -9999 -9999 -9999 -9999 -9999 -9999 -9999 -9999
-9999 -9999 -9999 -9999 -9999 13.8684346908703 13.9889217661694 14.052034043707 13.8634143960662 14.7613299810328 14.8323312932625 14.4672841425054 14.6487319404259 15.1177709121257 14.7441175417043 14.4794762870297 14.5999633623287 13.4689626614563 13.8684346908703 14.0814386275597 14.4192327493802 14.3647266915068 15.1986335177207 15.2382579874247 15.0393586885184 12.2052827407606 14.2076631826349 14.6971419260371 14.7891208986985 14.6673787496984 14.4482787407469 14.41385386209 14.2636036104523 14.2040772577748 13.9552140724845 14.0833511208184 13.8461302382406 13.7222484874073 14.0574129309971 14.2594200314488 13.7430468515959 14.5095980558544 13.0852687014267 12.9547410365194 12.8550523254089 13.1873584230957 13.2699997033924 -9999 -9999 -9999 -9999 -9999 -9999 -9999 -9999 -9999 -9999 -9999 -9999 -9999 -9999 -9999
-9999 -9999 -9999 -9999 -9999 14.014740425162 14.5569322640076 14.6028321022168 14.6013977322727 13.9380016331561 14.3252815180458 14.6623584548943 14.5189214604907 14.8746452066116 14.492385616526 14.5196386454627 14.3883937955834 14.2363505815156 12.9231848977506 14.3575548417866 14.4601122927852 15.4550271452172 15.3935285338666 15.3863566841464 15.3255154923536 13.5629138927907 14.0728324078955 14.7756736804731 14.7046723682433 14.8997466806322 14.5301573583856 14.572710333392 14.5038605760783 14.2088584909216 14.0639871265739 13.7235633265227 13.6912900027819 14.5013504286762 13.8985564596951 13.7178258467466 13.5880153668113 13.1749168229289 13.0902889962308 12.7302621402778 13.0729741019064 12.2780770154204 -9999 -9999 -9999 -9999 -9999 -9999 -9999 -9999 -9999 -9999 -9999 -9999 -9999 -9999 -9999 -9999
-9999 -9999 -9999 -9999 -9999 14.3496658070944 13.1648762333207 14.905245098751 14.9567628859077 14.6343882409856 14.5927915126085 14.2291787317954 14.2478255410679 14.6752677843906 14.7197332526557 14.6042664721608 14.331736182794 13.9903561361134 13.5657826326787 13.8512222515419 13.8899502400309 14.3826563158073 14.8222907036543 14.8007751544937 14.7799767903052 14.7527237613685 14.692480223719 14.8782311314717 14.5679291002452 14.6979786418378 14.6269773296081 14.6080914586782 14.1414431035519 13.9250923036598 13.9466078528203 13.9580828123726 14.0355387893505 14.2870316528715 13.4646595516242 13.7881099740043 14.0222708673682 13.7049165172502 12.8966490537859 12.8092549421958 12.819193076808 12.6169469146989 12.1749816756928 -9999 -9999 9.10999979637563 9.10999979637563 -9999 -9999 10.9149997560307 10.9150669761002 -9999 -9999 -9999 -9999 -9999 -9999 -9999
-9999 -9999 -9999 -9999 -9999 14.3052003388293 14.4837793968618 14.8579108905979 14.1588946045376 14.5970946224406 14.7806939752772 14.4428998534568 14.3704641712829 14.5289620500989 14.7290566572919 14.57199314842 14.0455793789588 14.33388773771 14.5074465009384 14.5569322640076 14.5346995298751 14.6996520734392 14.8287453684025 14.7226019925438 14.7204504376277 14.7749564955011 14.9219794147648 14.7046723682433 14.8603015071712 14.7362285070121 14.4562873062678 14.4579607378691 13.9384797564708 13.6109652859159 13.8662831359543 13.9903561361134 14.014740425162 13.6798150432296 13.807904279232 13.4142773073399 13.7144192181295 12.9497207417153 11.8380840350874 12.4287755076657 12.5143894637004 12.7452333765686 11.2048097047955 12.0199997313321 11.4194870730862 9.96999977715313 9.07499979715794 -9999 -9999 10.4699997659773 9.45999978855252 8.55499980878085 -9999 -9999 -9999 -9999 -9999 -9999
-9999 -9999 -9999 -9999 -9999 14.3683126163669 14.4156468245201 14.49381998647 14.4959715413861 14.4307077089325 14.5024262061343 14.5935086975805 14.5232245703228 14.4687185124494 14.5418713795952 14.9394309157506 15.0596789293922 15.488555542659 15.4749290281907 15.44982755417 14.929151264485 14.8079470042139 14.4773247321136 15.0728273205459 14.9721823628061 14.8531296574511 15.1899675326422 14.1452680900693 14.2227240670472 14.4027374950238 14.2266685843933 14.4419436068274 14.146463398356 14.0116326236166 14.0001576640643 13.8454847717658 13.776276421966 13.6884212628938 13.6202886905521 13.7049165172502 14.7552339087706 11.6039829071378 13.0142673891969 13.0558641175739 12.5714056689758 6.75011965144968 -9999 10.8699821208138 11.2463412345387 9.79499978106469 10.049999775365 8.61999980732799 -9999 11.1472755325958 14.358511088416 -9999 -9999 -9999 -9999 -9999 -9999 -9999
-9999 -9999 -9999 -9999 -9999 14.4314248939045 14.4328592638485 13.9788811765611 13.9781639915891 14.5131839807145 14.6092867669649 14.2965941191651 14.5784478131682 14.5547807090916 14.3776360210031 14.1954710381106 14.692480223719 14.610003951937 14.2865535295568 14.8875545361079 15.0058900564909 14.7950376747176 14.5841852929443 15.2927640452981 14.6336710560136 14.6637928248383 14.7570268712007 14.5146183506586 14.3879156722687 13.5822778870352 13.9972889241762 14.0303391983034 14.1801710920408 13.9743390050717 13.9444562979043 13.8044259321177 13.8466800800525 13.8325754422694 12.956333233577 9.59499978553504 -9999 11.1198109203532 9.55448739696294 13.5582521904726 12.5206050667912 13.3049997026101 8.99499979894608 8.56499980855733 11.4401729376713 11.7926281685276 11.8599997349083 12.109783041873 13.2939695282839 14.0289048283594 12.2490811768489 -9999 -9999 -9999 -9999 -9999 -9999 -9999
-9999 -9999 -9999 -9999 -9999 14.6845911890268 14.3998687551357 14.4966887263581 14.5992461773567 14.530396420043 14.571275963448 14.6465803855099 14.7477034665644 15.3099764846265 14.2815332347527 14.4264045991004 14.7792596053332 14.2679067202844 14.6659443797544 14.8057954492979 14.8452406227589 14.851695287507 15.1098818774335 15.1600848254748 15.1113162473775 15.010910351295 15.0037385015748 15.2456688988023 13.656147939153 13.7166305384599 13.9965717392042 13.9533015792258 13.8734549856745 13.9250923036598 13.6594948023558 13.0791726291645 10.3923456441187 8.90999980084598 7.8349998248741 9.93499977793545 12.2180127740139 12.3113364684978 13.8420422839001 14.1524399397895 14.0547593466006 12.889999711886 11.3849997455254 10.9049997562543 12.5710470764898 14.812455024038 14.5255810352308 13.4810651578591 12.9730292533059 14.2056012758403 14.2199996821582 -9999 -9999 -9999 -9999 -9999 -9999 -9999
-9999 -9999 -9999 -9999 -9999 14.5476088593714 14.5346995298751 14.7168645127676 14.4292733389884 14.6286507612094 14.6135898767971 14.8402203279547 15.3192998892628 14.9513839986175 14.5160527206026 14.7505722064525 14.9829401373863 15.0439008600079 15.008041611407 14.9585558483377 15.1149021722376 14.7835627151653 14.7089754780754 15.2707703728229 15.1423942628317 15.1751457098871 14.863648370374 14.3929359670728 13.8820612053387 13.2918179733679 13.8885158700868 13.9050111244433 13.9265266736038 14.1782585987821 12.8665272849612 12.6581574665526 13.7108589070184 13.696822572566 -9999 8.86089153727517 12.5970450317254 13.9684819944669 12.9029244222911 14.1247087875381 13.3203004622566 13.2776535701705 -9999 12.7562242362648 13.3398693664931 13.0397274557035 14.3667348094285 15.6739478579257 17.3812066838145 15.1902065942995 12.5749997189268 -9999 -9999 -9999 -9999 -9999 -9999 -9999
