EcologicalScience/Bass/data/rs_data_bass/sst_277.asc
NCOLS 226 
NROWS 124 
XLLCORNER -9.41648524995501 
YLLCORNER 47.587301625531 
CELLSIZE 0.0833 
NODATA_value -9999 
[rows 27 to 53 of 124, columns 62 to 123 of 226]
-9999 -9999 -9999 -9999 -9999 -9999 -9999 -9999 -9999 -9999 -9999 -9999 -9999 -9999 -9999 -9999 -9999 -9999 -9999 -9999 -9999 -9999 -9999 -9999 -9999 -9999 -9999 -9999 12.5299997199327 11.8548628276885 7.22823419044726 6.61231573647819 7.10860773711465 7.27607042808086 7.51094850641675 7.600596627919 7.95997801739722 8.00759909953922 8.04159366721287 8.1422864372842 7.88639483926818 6.83112887144089 6.99392986008897 8.00998971611261 8.00903346948326 7.94472588365898 7.95620084321126 7.99588507832959 7.97962888563052 7.23590806964785 7.48620562488213 7.85651213210076 7.89691355219111 8.07949689298403 7.5832646577619 7.22486342107877 7.38257239642553 7.4130527577363 7.37109743687324 7.35388499754481 7.20722067076713 7.23375651473179
-9999 -9999 -9999 -9999 -9999 -9999 -9999 -9999 -9999 -9999 -9999 -9999 -9999 -9999 -9999 -9999 -9999 -9999 -9999 -9999 -9999 -9999 -9999 -9999 -9999 -9999 -9999 -9999 -9999 -9999 9.78499978128821 5.11510245926911 7.02649005781859 7.17960904934444 7.22099062222987 7.68307289970107 7.64649646612816 7.97403484284878 7.79351938539185 7.93552200985141 8.02552872383967 8.04082866990939 7.73435162520036 7.48548843991011 7.9934944617562 7.50972929196432 8.01290626833215 8.01778312614188 7.61314736492932 7.91819003969431 7.89906510710716 7.83604845423251 7.48261970002204 7.88161360612139 7.60568864122033 7.78268989231437 7.75156406452879 7.73650318011642 7.58933682385832 7.49399220457833 7.26100954366848 7.28539383271709
-9999 -9999 -9999 -9999 -9999 -9999 -9999 -9999 -9999 -9999 -9999 -9999 -9999 -9999 -9999 -9999 -9999 -9999 -9999 -9999 -9999 -9999 -9999 -9999 -9999 -9999 -9999 -9999 -9999 -9999 -9999 12.184999727644 6.7360301441513 6.8593859593384 7.1700704892166 7.29651019978337 7.8035599750001 7.84121218603104 7.62318795453757 7.84049500105903 7.99648273247294 7.97460859082639 8.01190220937133 7.92196721388027 7.92584001272917 7.78312020329759 8.02710653077811 7.98421886945143 7.99440289605409 7.89571824390441 7.8567511937581 7.4847712549381 7.56939908163622 7.98393199546263 7.56545456429012 7.78025146340951 7.48979154974222 7.66478468291461 7.40014342823997 7.43393080914393 6.96911526005715 7.07980080740526
-9999 -9999 -9999 -9999 -9999 -9999 -9999 -9999 -9999 -9999 -9999 -9999 -9999 -9999 -9999 -9999 -9999 -9999 -9999 -9999 -9999 -9999 -9999 -9999 -9999 -9999 -9999 -9999 -9999 -9999 -9999 12.1079950402086 6.89749921785135 6.92572556925006 7.05015716189519 7.22801903495565 7.32125308131799 7.33057648595423 7.54250464518555 7.65833001816645 7.3097781217657 8.02003030572087 7.85412151552737 8.00100099779666 7.36249121720903 7.39476454094984 7.96098207635805 7.97532577579841 7.90743226511404 7.89356668898836 7.93444623239338 7.90193384699523 7.88041829783469 7.77857803180814 7.87515894137323 7.80869980063289 7.65187535341829 7.60764894681051 7.1900082314387 7.55505538219586 7.45799634931609 7.46492913737893
-9999 -9999 -9999 -9999 -9999 -9999 -9999 -9999 -9999 -9999 -9999 -9999 -9999 -9999 -9999 -9999 -9999 -9999 -9999 -9999 -9999 -9999 -9999 -9999 -9999 -9999 -9999 -9999 -9999 -9999 -9999 12.0249997312203 6.84922583890148 7.02649005781859 7.05661182664335 7.14016387588345 7.25276191649027 7.3893856536597 7.39082002360374 7.46325570577756 7.33389346644981 7.55692006312311 7.72753836796619 7.97202672492713 7.38293098891154 7.92344939615577 7.94161808211356 7.99445070838556 7.96265550795943 7.9497461784631 8.23996703047305 8.17298195408657 7.93277280079201 7.73243913194165 7.84742778912187 7.63514103740454 8.23996703047305 7.57585374638438 7.5911536924541 7.39584031840786 7.25455487892032 6.88974678982049
-9999 -9999 -9999 -9999 -9999 -9999 -9999 -9999 -9999 -9999 -9999 -9999 -9999 -9999 -9999 -9999 -9999 -9999 -9999 -9999 -9999 -9999 -9999 -9999 -9999 -9999 -9999 -9999 -9999 -9999 -9999 -9999 6.89108553510159 7.00526138264686 7.1781029609032 7.27305825119838 7.30447095297277 7.40430310107768 7.54788353247568 7.55003508739173 7.62749106436968 7.95022430177778 8.01429282594472 7.85641650743783 7.84766685077921 7.98629870587029 8.2104972479865 8.03772086836398 7.97795545402914 7.92321033449844 7.90575883351266 7.95811333646998 7.98823510529473 7.92239752486348 7.89906510710716 7.73530787182972 7.72287666564807 7.60669270018116 6.78455966059119 7.30088502811268 7.19901288719848 7.42596208723262
-9999 -9999 -9999 -9999 -9999 -9999 -9999 -9999 -9999 -9999 -9999 -9999 -9999 -9999 -9999 -9999 -9999 -9999 -9999 -9999 -9999 -9999 -9999 -9999 -9999 -9999 -9999 -9999 -9999 -9999 -9999 -9999 11.1557248136757 7.27863180298092 7.10982695156708 7.31465497957543 7.40559403402731 7.47401348035783 7.31881465241313 7.59485914814286 7.90384634025395 7.96982735767961 7.77924740444869 7.92512282775715 7.83217565538362 7.8780276812613 7.84623248083517 7.96576330950484 8.23889125301503 7.88974170247093 7.8914151340723 7.90312915528193 7.91197443660349 7.9229712728411 8.23351236572489 7.86918239993975 7.73052663868293 6.73316140426323 7.57680999301374 5.18396217748523 7.70925015117973 7.28088581289298
-9999 -9999 -9999 -9999 -9999 -9999 -9999 -9999 -9999 -9999 -9999 -9999 -9999 -9999 -9999 -9999 -9999 -9999 -9999 -9999 -9999 -9999 -9999 -9999 -9999 -9999 -9999 -9999 -9999 -9999 -9999 -9999 -9999 8.53428391033564 7.21080659562722 7.25728018181398 7.35725576691329 7.43342081094161 7.48434094395489 7.5126390138508 7.37934506405145 6.26770835742354 7.68092134478502 7.84522842187434 7.9284696909599 7.9229712728411 7.98034607060254 8.02098655235022 7.51489302376285 7.96887111105025 7.94113995879889 7.89524012058973 7.88782920921221 8.27008879929781 8.1300942927599 7.91412599151954 7.81778414361179 7.71379232266918 7.73130358906928 7.62533950945362 7.35711232991889 7.33989989059046
-9999 -9999 -9999 -9999 -9999 -9999 -9999 15.3772869180979 7.43456830689684 6.76197920041159 7.66492811990902 8.39995166783756 22.1932225345963 8.33687084296044 8.41999981179833 -9999 -9999 -9999 -9999 -9999 -9999 -9999 -9999 -9999 -9999 -9999 -9999 -9999 -9999 -9999 -9999 -9999 -9999 -9999 6.57509383643046 6.67019256372005 6.73330484125763 7.09361857119948 7.20148319099098 8.23422955069691 6.6083712191321 7.76399527071044 7.69096193439327 7.94161808211356 7.82988066347316 7.81697133397684 8.18151645525359 8.18797112000175 8.12987913726829 7.77451398363337 7.70494704134762 8.34467603638768 8.04847864294425 7.83475752128288 7.6364558765199 7.7121188910678 7.54214605269954 7.62569810193963 7.54644916253164 7.53963590529747 6.83986259065568 5.927557770695
-9999 -9999 -9999 -9999 16.2849996360019 15.8215684313327 14.8395031429827 11.2529714340702 5.12564251698288 5.15057323267683 13.468073352091 17.3482686520509 23.9099994655699 -9999 -9999 -9999 -9999 -9999 -9999 -9999 -9999 -9999 -9999 -9999 -9999 -9999 -9999 -9999 -9999 -9999 -9999 -9999 -9999 -9999 6.94360396605251 6.75639819735661 6.79311806792393 6.85694753043354 7.35955075882375 7.46555069768801 7.61796274974144 7.88376516103745 7.41981478747247 8.42794918036088 8.18252703407779 7.81618243050761 8.15498061128892 8.16502120089717 8.02576778549701 8.01381470263004 8.02026936737821 8.56987211760134 7.60740988515317 6.71977395145223 7.74812157666311 7.47667731025389 7.53231037308329 7.04561499040574 7.06641335459426 7.42667927220464 7.32483900617808 6.36500645196065
7.43280292850418 7.90685570464634 5.10515151778236 6.37564469571225 6.23902095854282 6.29711294127628 5.35073614320053 5.19372386182658 4.88296761345118 16.1282518031153 -9999 -9999 -9999 -9999 -9999 -9999 -9999 -9999 -9999 -9999 -9999 -9999 -9999 -9999 -9999 -9999 -9999 -9999 -9999 -9999 -9999 -9999 -9999 -9999 13.489999698475 6.7361735811457 6.55142673235387 7.44303108956665 7.46755881560966 7.18391215917654 7.05123293935321 7.49481184454635 7.77786084683612 7.97676014574245 8.19302401412278 8.01381470263004 8.39543679496273 7.91532129980624 7.87109489319846 7.93229467747733 8.03246151190251 7.93580091511831 7.43835914174893 7.88751046033576 7.41356503271631 7.22699448499562 7.56115145445801 7.53425701800734 7.48010955261998 8.1570126353763 7.35862638708204 7.16347238747403
6.56964323064312 6.42477186629549 6.54525894159451 6.91747794207186 7.18498793663457 6.80990019626915 5.40452501610188 6.18379771569744 6.20635644299909 16.7749996250495 -9999 -9999 -9999 -9999 -9999 -9999 -9999 -9999 -9999 -9999 -9999 -9999 -9999 -9999 -9999 -9999 -9999 -9999 -9999 -9999 -9999 -9999 -9999 -9999 -9999 11.0604506154279 6.90277565014549 7.08120102568397 7.2100894106552 7.12940610130318 6.96194341033697 7.66095969639719 7.68175806058571 8.16140267672017 7.82583255274221 7.80041232984513 8.10630983114243 7.12976469378918 8.09261811804026 7.24738302920014 7.26531265350059 7.19502852624282 7.98417105711997 8.06484350003302 6.57705414202064 7.9801070089452 7.79889827268198 7.82073257071897 7.98417105711997 7.84503717254847 7.77427492197603 7.7001060427865
6.59187596477568 6.6004821844399 6.84145633503795 7.24236273439601 4.14770958013833 3.88521988037974 5.66168705606833 6.08984648436308 7.01718774685801 -9999 -9999 -9999 -9999 -9999 -9999 -9999 -9999 -9999 -9999 -9999 -9999 -9999 -9999 -9999 -9999 -9999 -9999 -9999 -9999 -9999 -9999 -9999 -9999 -9999 -9999 -9999 11.5110476878472 7.70853296620771 7.88902451749891 7.10025765494044 6.98804894331843 7.44819482136518 5.06642352929339 8.01105462713167 8.06034479429945 7.99482016731054 7.25527206389233 7.28467664774507 7.38784882871966 8.10650542704388 8.17726457291948 8.24713888019323 7.92544882092625 7.80848247185349 7.49803917692043 7.44532608147711 7.25516960889633 7.95548365823925 7.80583106074482 7.85173089895397 6.61697743879631 6.78910183208063
6.30858790082857 6.96337778028101 6.9870448843576 6.95835748547688 5.08793907845393 5.26293221162632 5.89190343208611 7.28091142664198 12.7897884929553 -9999 -9999 -9999 -9999 -9999 -9999 -9999 -9999 -9999 -9999 -9999 -9999 -9999 -9999 -9999 -9999 -9999 -9999 -9999 -9999 -9999 -9999 -9999 -9999 -9999 -9999 -9999 -9999 -9999 -9999 -9999 9.16738760518841 13.4481061471349 7.66602345695719 7.20066355102296 4.73006377741694 7.39684437736869 7.15128024294972 7.25096895406023 7.86011978983879 8.1119893565774 7.92901611760525 8.078497956773 7.5407116827555 7.78038186067715 7.57134572656027 5.97748750541359 7.71267670160159 7.75514998938888 7.88188681944406 7.02044521305444 7.02157221801047 6.7919705719687
6.38460950786248 6.37528610322624 6.8952452079393 7.05015716189519 4.57515182346106 5.55984679004177 5.14029358141124 8.07651716018362 16.0249996418133 -9999 -9999 -9999 -9999 -9999 -9999 -9999 -9999 -9999 -9999 -9999 -9999 -9999 -9999 -9999 -9999 -9999 -9999 -9999 -9999 -9999 -9999 -9999 -9999 -9999 -9999 -9999 -9999 -9999 -9999 -9999 -9999 -9999 -9999 12.2805171935569 8.65234838938341 7.4607781576924 7.12474439898506 7.12689595390111 6.32795189507306 6.25981932273135 6.00019836286083 7.20004882104695 7.9590456769336 7.39401475666091 7.21654407540336 7.42556365113705 6.83059610546167 7.47114474046975 7.07218498603574 6.96071395038494 7.3547217133455 7.54907884076238
6.19312112033367 6.23758658859879 6.1185338832438 6.09916988899931 6.0984527040273 5.93278297549114 5.70328378444538 5.20484022889286 7.39390391898341 15.1699996609241 -9999 -9999 -9999 -9999 -9999 16.1899624452926 -9999 -9999 -9999 -9999 -9999 -9999 -9999 -9999 -9999 -9999 -9999 -9999 -9999 -9999 -9999 -9999 -9999 -9999 -9999 -9999 -9999 -9999 -9999 -9999 -9999 -9999 -9999 -9999 6.82409847643914 9.13888667440042 3.17520675808191 7.74152347492054 7.99755850993097 8.29992369413376 7.35998106980696 7.61085237301886 7.78333535878919 7.61759391175583 7.88607609039173 7.88685122970492 7.79244360793382 7.82451202168262 7.96480706287548 7.44030578667298 7.20570661360398 6.51790345766182
5.85389262856916 6.06617938028648 6.10419018380344 6.13000884279609 6.07406841497868 5.96003600442782 5.90696431649849 6.13216039771214 6.33153781993315 7.8834236443841 15.6599996499717 -9999 -9999 -9999 -9999 -9999 -9999 -9999 -9999 -9999 -9999 -9999 -9999 -9999 -9999 -9999 -9999 -9999 -9999 -9999 -9999 -9999 -9999 -9999 -9999 -9999 -9999 -9999 -9999 -9999 -9999 -9999 -9999 -9999 -9999 11.7805552297569 7.93852286276064 6.83514510728419 4.14770958013833 7.62940355762839 7.71218408970162 7.7433490366675 7.53576310644858 7.56574795814231 7.73621630612761 7.61156955799088 7.99723251676187 7.52177799949422 6.30049395614437 6.27272865222767 7.07515618091981 6.76717646293608
5.7721335417591 5.63013091729954 5.71977903880179 5.83094270946458 5.93421734543517 6.0547044207342 6.12570573296398 5.90122683672234 6.16586809139699 5.62511062249541 6.17318337811157 13.6615152589436 15.3656039073351 -9999 9.06086013693363 -9999 21.5835625719983 14.7667409375696 -9999 -9999 -9999 -9999 -9999 -9999 -9999 -9999 -9999 -9999 -9999 -9999 -9999 -9999 -9999 -9999 -9999 -9999 -9999 -9999 -9999 -9999 -9999 -9999 -9999 -9999 -9999 8.8399998024106 13.4949996983632 8.70307727307081 6.34823798428157 6.4254890512675 5.84528640890494 7.64637693529949 7.78766237478703 7.56789299319498 7.69540848121978 7.99332059873268 7.89389268215746 7.92773077310994 7.87896219501272 7.48835717979819 8.078600411769 8.05397706106305
5.91341898124665 5.73483992321417 5.59857477853075 5.70256659947336 5.84313485398889 5.87684254767373 6.39680165238678 6.39034698763862 6.15941342664883 6.73889888403937 7.22013000026345 8.03686921120971 16.079999640584 12.1489970016604 6.42940096929669 5.449400304351 5.69985154207929 8.95547505527707 -9999 -9999 -9999 -9999 -9999 -9999 -9999 -9999 -9999 -9999 -9999 -9999 -9999 -9999 -9999 -9999 -9999 -9999 -9999 -9999 -9999 -9999 -9999 -9999 -9999 -9999 -9999 -9999 -9999 -9999 6.19761296305315 6.16873683128506 6.49853946341734 6.45263962520819 6.61001049906814 7.53616951126605 7.6573737715371 7.60134641220793 7.86174975568429 7.60923544690013 7.82562971254811 8.08720663143322 6.58152801017942 6.14019286939874
6.95712802552485 6.57968382025138 6.63060395326465 6.73531295917928 6.77834405750036 6.61123995902017 6.63418987812474 6.55960264103487 6.22467725910246 6.25838495278731 6.37528610322624 6.35448773903772 6.55027923639864 6.84010165231302 5.56660881977794 5.96108419784846 14.9849996650591 11.0412323140676 -9999 -9999 -9999 -9999 -9999 -9999 -9999 -9999 -9999 -9999 -9999 -9999 -9999 -9999 -9999 -9999 -9999 -9999 -9999 -9999 -9999 -9999 -9999 -9999 -9999 -9999 -9999 -9999 -9999 -9999 7.21510970545933 6.17913601337932 7.31114729307592 7.52302112011239 6.58527786303312 6.64466077871621 7.1902951054275 7.16375926146284 6.59947812547907 6.73295649427122 6.87623980618082 8.14692858001217 6.60765403416008 6.21340720954218
7.20722067076713 7.04226812720299 7.63394572911784 6.8278298205696 6.7998596066609 6.31289101066068 6.39967039227486 6.40469068707898 6.13144321274012 5.99159214319661 6.06976530514657 7.08027893071994 7.06521804630756 5.9234595708549 5.43469801242463 8.89460100014896 19.0616831334046 -9999 -9999 -9999 -9999 -9999 -9999 -9999 -9999 -9999 -9999 -9999 -9999 -9999 -9999 -9999 -9999 -9999 -9999 -9999 -9999 -9999 -9999 -9999 -9999 -9999 -9999 -9999 -9999 -9999 -9999 -9999 8.24173608673737 7.62103639962152 7.43130837520584 6.59058503182605 6.72570268055424 6.64781639259309 7.14941556202248 6.18892046549757 7.86989958491176 7.90197731275111 7.06776079302654 8.06903794547543 8.19837030209601 6.33133290994114
7.54214605269954 7.83475752128288 8.45010222727433 7.6325113591738 6.70447400538251 6.0668965652585 6.22396007413045 5.80512405047193 5.31313515966758 5.56558426981792 5.00474562169984 5.10013122297823 5.95358133967966 5.8198263423983 5.69923379872104 6.69999985024333 -9999 -9999 -9999 -9999 -9999 -9999 -9999 -9999 -9999 -9999 -9999 -9999 -9999 -9999 -9999 -9999 -9999 -9999 -9999 -9999 -9999 -9999 -9999 -9999 -9999 -9999 -9999 -9999 -9999 -9999 -9999 -9999 10.6478999830458 7.37121696770191 7.53764734696597 6.70877711521462 7.62703467393294 7.63492370862514 7.88137454446405 7.75723634567112 6.04954068893567 6.00392772471532 7.77686113445088 7.89284950401634 7.94042277382687 6.3574589339218
7.45464948611334 8.17126071015373 6.58972440985963 6.30285042105243 6.61912899371237 7.39297157851979 6.87444684375077 6.12785728788003 5.23854792257771 5.43433941993862 4.21010467270389 5.85102388868108 5.72910244343802 5.56379130738787 5.68716821625062 -9999 -9999 -9999 -9999 -9999 -9999 -9999 -9999 -9999 -9999 -9999 -9999 -9999 -9999 -9999 -9999 -9999 -9999 -9999 -9999 -9999 -9999 -9999 -9999 -9999 -9999 -9999 -9999 -9999 -9999 -9999 -9999 -9999 -9999 7.33593427956871 5.38808098924346 7.36284980969504 7.06530769442907 7.56431358819827 6.70791649324819 7.72307226154953 7.76127866096795 7.78044705931097 6.4692373345606 6.17361368909478 7.94037930807099 7.98575755720958
6.85795158939436 6.71451459499076 6.6284523983486 6.54310738667846 6.63060395326465 7.20076600601897 7.36500136461109 7.13980528339744 5.81659901002422 4.40015869028866 4.16994231427088 5.77751242904924 5.59247870626859 5.57827844382264 14.2332736266356 16.3374005769085 -9999 -9999 -9999 -9999 -9999 -9999 -9999 -9999 -9999 -9999 -9999 -9999 -9999 -9999 -9999 -9999 -9999 -9999 -9999 -9999 -9999 -9999 -9999 -9999 -9999 -9999 -9999 -9999 -9999 -9999 5.37128141585838 4.44462415855378 12.7349997153506 -9999 11.5949583295733 6.97810397837311 7.50100571475923 7.5120894825086 7.52408603113145 6.47683949526399 5.85274513261393 6.89022491313517 5.80741904238239 7.89891297696158 7.67150014219806 7.70664220582694
7.202200375963 7.2179784453474 7.49552902951837 7.36643573455513 7.22515029506758 7.62103639962152 6.89237646805122 6.13933224743232 7.15988646261394 7.01214635837823 6.36022521881387 6.10741751617752 6.69149295738898 5.58243811666034 14.7671122848697 -9999 -9999 -9999 -9999 -9999 -9999 -9999 -9999 -9999 -9999 -9999 -9999 -9999 -9999 -9999 -9999 -9999 -9999 -9999 -9999 -9999 -9999 -9999 -9999 -9999 -9999 -9999 -9999 -9999 -9999 -9999 -9999 -9999 8.60830273671167 8.06485436647199 8.08241281609394 10.9816217415035 9.15998191980992 7.09025432169437 5.53223516861908 5.57705922937021 6.11996825318784 5.97093721600249 5.92948392461985 7.6423563528806 7.69275489682332 7.35400452837348
7.86631366005167 7.91795097803697 7.95381022663787 7.43958860170096 8.27654346404597 8.21629992639646 6.23758658859879 4.71858881786466 5.09654529811814 6.90672016749159 6.23830377357081 6.9632343432866 5.74631488276646 5.49859919343144 16.0399996414781 -9999 -9999 -9999 -9999 -9999 -9999 -9999 -9999 -9999 -9999 -9999 -9999 -9999 -9999 -9999 -9999 -9999 -9999 -9999 -9999 -9999 -9999 -9999 -9999 -9999 -9999 -9999 -9999 -9999 -9999 -9999 -9999 -9999 -9999 -9999 10.2388919447549 8.08743311089807 6.70369162177667 7.98309527966194 4.5249488754198 4.63152256226167 4.98681599739939 6.06632281728089 4.88225042847917 6.01827142415568 5.38987395167351 6.45977049292997
8.6800496589276 8.12019714014605 8.21127963159233 8.13740957947448 8.2299264408648 6.88807335821912 6.98366386948952 4.43530075391755 6.39767821179703 6.61482588388026 6.1823633457534 6.34516433440149 5.78360850131139 5.67495497805066 11.4874649584732 -9999 -9999 -9999 -9999 -9999 -9999 -9999 -9999 -9999 -9999 -9999 -9999 -9999 -9999 -9999 -9999 -9999 -9999 -9999 -9999 -9999 -9999 -9999 -9999 -9999 -9999 -9999 -9999 -9999 -9999 -9999 -9999 -9999 -9999 -9999 -9999 -9999 14.2049996824935 7.83499658294022 4.26661884849891 4.55277565233409 4.36429944168776 5.4454557870049 5.76532028452493 5.14158451436087 4.72002318780869 4.27651600111276
