EcologicalScience/Bass/data/rs_data_bass/sst_148.asc
NCOLS 226 
NROWS 124 
XLLCORNER -9.41648524995501 
YLLCORNER 47.587301625531 
CELLSIZE 0.0833 
NODATA_value -9999 
[rows 54 to 80 of 124, columns 124 to 185 of 226]
6.68176314793527 7.10466321976855 7.25742361880839 7.33416241081432 7.31264686165377 7.61171299498528 7.33129367092624 7.29830316221341 7.28037353791296 7.31264686165377 7.45034637628123 7.29256568243727 7.27033294830471 7.18785667652264 7.38077943399549 7.63466291408986 6.76615191297606 7.64613787364215 7.69490645173937 7.71498763095587 7.71642200089991 7.73220007028431 7.7716452437453 7.87205113982782 8.00042724981904 8.02839746372774 7.96743674110621 8.07214574702084 7.90073853870854 8.01620531920344 7.29400005238131 7.95954770641401 8.13095491472632 8.17255164310336 8.34467603638768 7.49983213935047 7.90432446356863 8.11159092048183 6.87516402872279 7.92619860521518 7.96080278011505 8.37192906532437 8.35686818091199 7.99038666021079 7.91579942312092 7.78025146340951 7.53784294286743 7.19718008115888 8.07429730193689 7.96528518619016 7.89607683639042 8.32818078203127 9.7571869134903 7.46361429826356 7.85268714558333 7.86810662248172 7.70638141129166 7.61745047476143 9.76348858333838 9.30593617904164 9.06830278222504 12.9328841559909
7.07525863591582 7.18427075166255 7.16705831233412 7.15271461289376 7.09390544518828 6.94473097100854 6.86010314431041 6.58685566997156 6.42644529789686 6.94473097100854 7.33989989059046 7.09605700010434 7.58517715102062 6.37528610322624 6.35520492400974 6.82998137548566 6.93636381300166 6.63454847061075 7.85196996061131 6.5807595977094 7.87491987971589 7.98966947523877 7.36966306692921 8.19263282231987 8.37910091504455 8.44723348738626 8.37264625029638 8.07214574702084 7.60095522040501 8.29949338315055 7.998992879875 8.59712514653802 8.1381267644465 8.72478407155722 8.79506819881499 8.51393168978393 8.16753134829924 8.22275459114462 8.13382365461439 8.20769370673224 8.21558274142444 8.33678700169548 8.29662464326248 8.07429730193689 7.41520431265235 7.80033264262602 7.70853296620771 7.77523116860539 8.15749075869098 8.66238897899166 7.71914730379358 8.74637930793688 8.49743643542752 7.43923000921495 7.48118533007801 8.30427461629733 17.4255834731157 17.5143463077738 -9999 -9999 -9999 -9999
6.96624652016908 7.04155094223097 7.18283638171852 7.22156437020749 7.07023834111169 7.13478498859331 6.97628710977733 6.67973112384789 6.24422054958995 6.46493422472849 6.7998596066609 6.81276893615723 7.06521804630756 6.59115877980366 6.52015746757388 6.96098716370761 6.57968382025138 6.80846582632512 7.94520400697365 8.05923641752452 8.12450024997815 7.67410808755085 8.42571793822572 8.51895198458806 8.36619158554822 8.46157718682662 8.61720632575452 8.59138766676188 8.67601549346 8.73123873630539 8.76853235485032 8.77713857451454 8.69753104262054 8.78646197915077 8.7835932392627 8.73123873630539 8.63585313502699 8.24498732527718 8.12450024997815 8.18546097259969 8.17685475293547 8.21845148131251 8.12306588003412 8.26793724438176 8.21056244662032 8.23924984550104 8.33320107683539 11.1434903896879 12.5989749241798 8.26004820968956 6.24977873312309 8.04403805711235 8.96131167532876 8.93334146142006 12.8305233011767 -9999 -9999 -9999 -9999 -9999 -9999 -9999
6.75754569331184 6.72383799962699 6.95764030050486 6.60526341758668 6.37528610322624 6.38030639803037 6.51173054415267 6.45220419147518 6.59456540842075 6.60932746576145 6.39034698763862 6.48071229411289 6.7202520747669 6.50820438470691 6.54741049651057 6.71833958150819 6.87014373391867 7.48835717979819 7.8275856715627 8.28012938890606 8.02552872383967 7.99684132495895 8.5325784990564 8.54979093838483 8.6480452795513 8.68533889809623 8.76566361496225 8.83021026244387 8.86822106596082 8.84168522199616 8.86535232607275 8.85459455149248 8.76853235485032 8.78933071903884 8.77785575948656 8.76064332015812 8.77355264965445 8.64230779977515 8.45153659721836 8.43217260297388 8.23351236572489 8.18402660265565 8.26650287443772 8.24283577036113 8.21056244662032 8.28658405365422 9.11194844720885 10.9912715646039 8.72980436636135 9.06472974829376 7.4586381597731 7.45106356125325 7.55577256716788 11.19288913165 17.6699996050447 -9999 -9999 -9999 -9999 -9999 -9999 -9999
6.51800591265783 6.51633248105645 6.66502883192152 6.56008076434955 6.50061417708639 6.52446057740599 6.91891231201589 6.90098268771544 6.81635486101732 6.95979185542092 7.03366190753877 6.79914242168888 6.63418987812474 6.91819512704387 6.95333719067276 7.07956174574792 7.28754538763314 7.67769401241094 7.76662494894117 7.81754508195445 8.16322823846713 8.29232153343037 8.31311989761889 8.5526596782729 8.76279487507418 8.86104921624064 8.87682728562504 8.88471632031724 8.99014251120389 8.91340371919796 8.92272712383419 8.90766623942181 8.84168522199616 8.90408031456172 8.7197637767531 8.66238897899166 8.64374216971919 8.58708455692977 8.45440533710644 8.16322823846713 7.43528549186885 8.15749075869098 8.09868159098551 8.27654346404597 8.34826196124777 8.25502791488543 8.76494642999023 8.59855951648206 8.68103578826413 8.62652973039076 8.80654315836728 8.70757163222879 8.55481123318896 12.0743226943184 15.2549996590242 -9999 -9999 -9999 -9999 -9999 -9999 -9999
9.37254553828388 6.88430813711602 6.64602343016304 6.66592531313654 7.09533981513232 7.16777549730614 7.09103670530021 7.06163212144747 7.05374308675528 7.04585405206308 6.92393260682002 6.684392826166 6.78981901705265 6.68726156605408 6.65713979722932 7.20865504071116 7.43026519706473 7.58159122616053 7.96671955613419 7.68916897196323 8.36690877052024 8.91483808914199 8.28801842359826 8.58923611184582 8.88543350528926 8.87467573070899 8.93348489841446 8.96002074237913 8.9865565863438 9.01524398522452 8.95069733774289 9.00090028578416 8.98153629153967 7.9272743826732 8.97293007187545 7.41233557276428 8.40850549889728 8.43073823302984 7.89500105893239 8.38627276476473 8.32100893231109 8.24211858538911 7.35639514494687 8.19765311712399 8.33248389186338 14.4959446842962 12.2515390173843 8.56772056268528 8.6121860309504 7.50843835901469 8.19478437723592 8.61720632575452 8.63513595005497 7.87850580457598 17.1149996174499 -9999 23.7447889405303 -9999 -9999 -9999 -9999 -9999
-9999 -9999 -9999 -9999 -9999 10.3470752961955 7.08529922552407 7.15558335278183 7.12187565909699 7.09677418507636 6.96839807508513 6.34516433440149 6.63132113823667 6.77117220778018 7.02146976301447 7.20004882104695 7.61601610481739 7.79746390273795 8.04058960825205 7.8512527756393 8.75203710049391 8.80726034333929 8.73554184613749 8.92487867875025 8.38770713470876 8.6960966726765 9.04464856907725 9.06472974829376 8.72191533166915 9.03819390432909 9.01882991008461 9.03245642455295 9.04464856907725 9.02815331472084 8.96862696204334 8.27726064901799 8.18115786276758 8.27654346404597 8.1503189089708 8.17613756796345 8.13525802455842 8.10513625573367 8.1503189089708 8.36690877052024 8.41998045844957 16.4515633602431 -9999 17.9833375295196 18.9192229321226 16.2599996365607 8.33678700169548 8.46516311168671 8.64732809457928 10.1215353957782 5.37499987985939 5.37499987985939 -9999 -9999 -9999 -9999 -9999 -9999
-9999 -9999 -9999 -9999 -9999 -9999 -9999 8.86881155078299 8.72619303388314 6.92464979179204 6.49111147620715 6.46445610141382 6.87874995358288 6.88520461833104 6.93397319642827 7.30619219690561 7.75801872927696 8.01046783942729 8.27869501896203 8.30523086292669 8.81730093294755 9.10489210672677 8.78287605429068 8.72621844150126 8.65952023910359 8.96002074237913 8.59282203670591 8.49026458570734 8.1065706256777 8.64230779977515 8.62509536044672 9.0424970141612 9.02887049969286 9.01524398522452 8.1660969783552 8.21127963159233 8.29877619817853 8.18259223271161 8.36977751040831 8.09007537132129 8.14816735405475 8.29519027331844 8.59855951648206 8.77283546468243 10.7034974093549 16.8099996242672 -9999 -9999 -9999 -9999 -9999 -9999 -9999 -9999 -9999 -9999 -9999 -9999 -9999 -9999 -9999 -9999
-9999 -9999 -9999 -9999 -9999 -9999 -9999 -9999 15.2699996586889 10.6265878809616 6.72527236957103 6.81994078587741 6.92823571665213 6.89667957788333 6.99636828899384 7.33201085589826 7.4768822202459 8.05995360249653 8.18689534254372 8.49528488051146 8.56270026788116 8.44603817909956 9.16011534957215 9.29064301447943 8.24474826361984 8.25335448328406 6.69515060074627 7.33129367092624 7.02218694798648 8.26435131952167 8.92344430880621 8.85674610640854 8.69394511776045 8.72406688658521 8.30881678778678 8.16322823846713 8.61505477083847 8.86535232607275 8.57489241240546 8.61003447603434 8.67458112351596 8.34395885141566 8.86606951104477 9.04034545924515 13.144707513642 -9999 -9999 -9999 -9999 -9999 -9999 -9999 -9999 -9999 -9999 -9999 -9999 -9999 -9999 -9999 -9999 -9999
-9999 -9999 -9999 -9999 -9999 -9999 -9999 -9999 -9999 14.5849996739998 6.55745108611882 7.09533981513232 6.96552933519706 7.01860102312639 7.05589464167133 7.19359415629879 7.64470350369811 7.29095201625023 7.73829614254646 8.55481123318896 7.28252509282902 7.45464948611334 9.33008818794042 8.26769818272442 9.3853114307858 8.29423402668908 8.34862055373378 8.34826196124777 6.65498824231327 8.44938504230231 8.5246894643642 8.70613726228476 8.35973692080006 8.50604265509173 8.4171117185615 8.70183415245265 8.55696278810501 8.58923611184582 8.77211827971041 8.73123873630539 8.86391795612872 8.93778800824657 8.90264594461769 8.84527114685625 14.8187879158579 -9999 -9999 -9999 -9999 -9999 -9999 -9999 -9999 -9999 -9999 -9999 -9999 -9999 -9999 -9999 -9999 -9999
-9999 -9999 -9999 -9999 -9999 -9999 -9999 -9999 -9999 14.4399996772408 6.51513717276976 6.43983275070786 7.07023834111169 6.78479872224852 6.23615221865475 6.18021179083735 7.24860224365257 7.66669717617333 6.11996825318784 7.33129367092624 7.87778861960396 8.83881648210809 7.99971006484702 6.42764060618356 8.5113020115532 8.38268683990464 5.5447859056294 9.11995299113914 8.41065705381334 8.0664082672447 8.83307900233194 8.74414806580171 8.67099519865587 8.63943905988708 8.37694936012849 8.36332284566015 8.4730521463789 8.39559616940096 8.40348520409316 8.60788292111829 8.86535232607275 8.97293007187545 8.82303841272369 8.70470289234072 16.2459119485159 -9999 17.2639407068637 23.8899994660169 -9999 -9999 -9999 -9999 -9999 -9999 -9999 -9999 -9999 -9999 -9999 -9999 -9999 -9999
-9999 -9999 -9999 -9999 -9999 -9999 -9999 -9999 -9999 9.23494258640538 6.843607889954 6.41975157149136 6.41473127668723 6.50724813807756 7.36751151201315 5.94784385990351 5.69969785958529 5.62295906757936 6.25479902792722 6.59187596477568 6.99206517916173 8.31646676082164 8.41735078021884 4.55005034944043 8.5089113949798 7.89500105893239 7.79244360793382 7.59450055565685 8.94854578282684 8.3532822560519 8.84455396188423 7.70351267140359 8.32387767219916 8.07286293199286 8.17685475293547 8.32172611728311 8.25072480505332 8.11159092048183 8.18904689745978 8.72621844150126 8.94782859785482 9.18163089873269 9.08552811248228 8.04975689605011 15.9949996424839 -9999 -9999 -9999 -9999 -9999 -9999 -9999 -9999 -9999 -9999 -9999 -9999 -9999 -9999 -9999 -9999 -9999
-9999 -9999 -9999 -9999 -9999 -9999 -9999 -9999 -9999 7.08879550226266 6.96283989155199 7.13586076605134 7.23492194031132 7.09031952032819 6.27990050194785 5.73268836829811 5.83524581929669 5.70973844919354 6.19957578508183 6.50868250802159 7.76519057899714 8.43432415788993 8.48906927742064 9.29494612431154 8.60788292111829 9.24115725141019 9.20888392766938 9.10417492175475 8.91483808914199 8.75490584038198 8.72621844150126 8.74629962071776 7.99612413998693 8.29303871840239 8.33033233694732 8.15390483383089 8.35399944102392 8.36834314046428 8.66597490385175 9.16513564437628 9.58253729809076 9.44555496843532 8.82447278266773 14.350139560966 -9999 -9999 -9999 -9999 -9999 -9999 -9999 -9999 -9999 -9999 -9999 -9999 -9999 -9999 -9999 -9999 -9999 -9999
-9999 -9999 -9999 -9999 -9999 -9999 -9999 -9999 10.7357329865182 7.34725103655364 7.23160495981574 7.3416928530205 7.67668995345011 7.28467664774507 6.62343210354447 7.13980528339744 7.40623950050212 8.49958799034357 7.65187535341829 6.2103335596621 7.56939908163622 6.98417614446953 9.34299751743674 9.35375529201701 9.23900569649413 9.06616411823779 9.10704366164282 8.93205052847043 8.87826165556908 8.80726034333929 8.74414806580171 8.3375041866675 8.40563675900921 8.1302377297543 8.52397227939218 8.57274085748941 8.54907375341281 8.87252417579293 9.2139042224735 9.5086672459729 9.59688099753112 9.47495955228806 12.6317372781535 -9999 -9999 -9999 -9999 -9999 -9999 -9999 -9999 -9999 -9999 -9999 -9999 -9999 -9999 -9999 -9999 -9999 -9999 -9999
-9999 -9999 -9999 -9999 -9999 -9999 -9999 -9999 12.8897981618065 7.14673807146028 7.04346343548968 7.51704457867891 5.99732962297276 6.63132113823667 6.52446057740599 6.24977873312309 7.67984556732699 8.9030045371037 6.56390575086698 7.32483900617808 6.96050904039294 7.5048524341546 7.52278205845505 9.24904628610238 9.06688130320981 6.62701802840456 8.94854578282684 7.94376963702962 8.80510878842324 8.70111696748063 8.65378275932744 8.08433789154515 8.3532822560519 8.56270026788116 8.59353922167793 8.92918178858235 9.31574448850006 9.27988523989916 9.33439129777253 9.34586625732481 9.57823418825865 6.17063291766681 17.0399996191263 -9999 -9999 -9999 -9999 -9999 -9999 -9999 -9999 -9999 -9999 -9999 -9999 -9999 -9999 -9999 -9999 -9999 -9999 -9999
-9999 -9999 -9999 -9999 -9999 -9999 -9999 11.940192708739 9.11956681461575 7.71713918587193 8.10782569937874 6.16515090642497 6.47640918428078 6.06904812017456 6.76973783783615 6.43768119579181 6.35233618412167 8.29447308834642 9.06472974829376 7.67195653263479 8.5684377476573 8.81586656300351 9.33223974285647 8.61003447603434 9.13716543046758 9.05612352862954 8.90049438970163 8.8990600197576 8.83594774222001 8.7319559212774 8.66382334893569 8.65306557435542 8.65163120441139 8.72908718138933 8.9428083030507 9.32721944805235 9.28920864453539 9.33582566771656 9.22896510688588 8.7835932392627 9.52516250032932 11.8619223815568 -9999 -9999 -9999 -9999 -9999 -9999 -9999 -9999 -9999 -9999 -9999 -9999 -9999 -9999 -9999 -9999 -9999 -9999 -9999 -9999
-9999 -9999 -9999 3.8400372271426 -9999 8.29155312096035 8.50445460265369 5.8036896805279 5.83524581929669 6.11494795838371 6.44628741545603 6.42190312640741 6.46421703975648 6.96266059530899 6.53736990690231 6.5567339011468 6.60191655438393 8.98392690811306 8.12163151009008 8.93850519321859 9.06616411823779 8.57417522743344 9.23900569649413 8.70685444725677 8.31814019242302 9.0704672280699 8.62366099050269 8.97364725684747 8.37264625029638 8.82518996763974 8.69824822759256 8.67888423334807 8.72263251664117 8.81873530289158 9.21964170224965 9.35375529201701 9.62700276635587 9.53520308993757 8.96647540712729 9.86444636378437 13.2949997028336 -9999 -9999 -9999 -9999 -9999 -9999 -9999 -9999 -9999 -9999 -9999 -9999 -9999 -9999 -9999 -9999 -9999 -9999 -9999 -9999 -9999
-9999 -9999 3.88019958557561 -9999 10.8556249981253 7.71140170609578 8.47279135184363 6.49003569874913 6.39249854255468 6.66000853711739 6.54382457165048 6.80918301129714 7.34420300042257 7.20076600601897 6.63347269315273 6.72240362968296 6.78981901705265 7.36858728947118 8.2177342963405 9.32578507810831 7.42811364214867 9.06759848818183 9.01309243030846 8.64230779977515 8.34826196124777 8.59927670145407 8.46946622151881 8.92057556891814 8.82518996763974 8.39344461448491 8.11302529042587 7.2258674800396 7.84623248083517 8.73841058602557 9.02026428002864 8.86248358618468 9.35016936715692 13.0073033168557 14.2427913156515 -9999 -9999 -9999 -9999 -9999 -9999 -9999 -9999 -9999 -9999 -9999 -9999 -9999 -9999 -9999 -9999 -9999 -9999 -9999 -9999 -9999 -9999 -9999
16.7749996250495 16.7749996250495 -9999 16.0949996402487 9.20612552393085 7.82184819178656 8.71819900954142 8.29411449586041 6.14506972720847 7.16992705222219 6.62988676829264 7.41018401784822 7.69777519162744 5.8036896805279 5.19981993408874 5.20484022889286 9.23828851152211 9.32721944805235 8.03413494350389 8.33606981672347 9.22824792191386 9.17230749409646 8.835230557248 8.48524429090321 8.26291694957763 8.23136081080884 7.81467634206638 7.91579942312092 8.45153659721836 8.3891415046528 8.37121188035235 8.53903316380456 8.56915493262932 8.11159092048183 9.44985807826743 8.44651630241424 7.62964261928573 7.68486586213112 -9999 -9999 -9999 -9999 -9999 -9999 -9999 -9999 -9999 -9999 -9999 -9999 -9999 -9999 -9999 -9999 -9999 -9999 -9999 -9999 -9999 -9999 -9999 -9999
7.47975096013397 7.49481184454635 7.58015685621649 9.04526329905327 8.23996703047305 7.32985930098221 6.95784521049687 6.94339905606051 8.05493330769241 6.89094209810719 7.34276863047853 7.62964261928573 7.72215948067605 7.51130709890276 9.34371470240876 9.37885676603764 8.70255133742467 8.81299782311544 9.18665119353682 9.17087312415242 8.99516280600801 8.96002074237913 8.69824822759256 8.80869471328333 8.73697621608153 8.92846460361034 8.65521712927148 8.47878962615505 8.67171238362789 8.62939847027883 8.67529830848798 8.67242956859991 8.73267310624942 7.65976438811049 8.73482466116548 8.74443493979052 12.5569902510382 15.2999996580184 7.53189994162886 13.2399997040629 -9999 -9999 -9999 -9999 -9999 -9999 -9999 -9999 -9999 -9999 -9999 -9999 -9999 -9999 -9999 -9999 -9999 -9999 -9999 -9999 -9999 -9999
7.53999449778348 7.94735556188971 7.99684132495895 7.74726095469669 6.81850641593337 6.76471754303202 7.7558671743609 7.63968320889398 7.96241644630209 8.6003524789121 7.54644916253164 7.5048524341546 8.59497359162197 8.76494642999023 9.29566330928355 8.75777458027005 9.3888973556459 9.3652302515693 9.37383647123352 9.26482435548678 9.25550095085055 9.24474317627028 9.15724660968408 8.92559586372226 8.56413463782519 8.20912807667628 8.04704427300021 7.8871120242402 7.84192937100306 7.97389140585437 8.3453932213597 8.76136050513014 8.78861353406683 13.8427301325276 16.6858817519749 15.4972664483648 17.4462751364811 15.3102439715567 15.102229107627 -9999 -9999 -9999 -9999 -9999 -9999 -9999 -9999 -9999 -9999 -9999 -9999 -9999 -9999 -9999 -9999 -9999 -9999 -9999 -9999 -9999 -9999 -9999
7.71471179058202 8.69466230273247 8.27941220393404 7.86416210513562 8.20303200441413 7.67769401241094 7.83332315133885 7.94018371216953 7.70996733615175 7.64900661353022 6.63992735790089 8.05134738283232 8.75705739529803 8.90981779433787 9.29781486419961 9.37742239609361 9.30570389889181 9.0984374419786 8.90910060936585 9.15079194493592 9.20027770800516 9.16513564437628 9.03747671935707 8.90192875964567 8.24427014030516 8.28084657387808 8.20841089170426 8.24498732527718 8.07788322679698 8.35901973582804 8.47663807123899 8.56556900776923 8.46516311168671 6.71021148515865 6.88377024838701 14.1183933054656 18.6049995841458 -9999 -9999 -9999 -9999 -9999 -9999 -9999 -9999 -9999 -9999 -9999 -9999 -9999 -9999 -9999 -9999 -9999 -9999 -9999 -9999 -9999 -9999 -9999 -9999 -9999
9.472807997372 9.16441845940426 9.09700307203457 8.70326852239668 7.72000792576 8.64159061480314 7.64613787364215 7.68845178699121 7.31121249170974 7.29471723735332 7.36715291952714 8.17685475293547 8.97436444181949 9.31502730352804 8.9987487308681 8.91268653422594 9.15509505476803 8.9987487308681 9.08194218762219 8.89619127986953 8.79219945892692 8.95930355740711 8.99014251120389 8.95284889265895 8.78502760920674 8.04776145797223 8.11302529042587 8.60931729106233 8.78646197915077 9.00520339561626 11.5580233035143 10.5768571351655 -9999 -9999 -9999 13.6052278061397 -9999 -9999 -9999 -9999 -9999 -9999 -9999 -9999 -9999 -9999 -9999 -9999 -9999 -9999 -9999 -9999 -9999 -9999 -9999 -9999 -9999 -9999 -9999 -9999 -9999 -9999
7.53784294286743 7.86989958491176 8.52899257419631 8.78717916412279 8.99803154589608 9.0783562627621 8.68031860329211 7.96456800121814 7.56653034174815 7.63466291408986 8.7835932392627 9.05684071360156 9.36307869665325 9.21175266755745 9.10417492175475 9.21749014733359 9.17732778890058 9.11349832639098 8.97938473662362 8.70470289234072 8.61935788067058 8.63513595005497 8.62509536044672 8.47735525621101 7.52421642839909 8.34252448147163 8.43575852783397 8.84025085205212 7.77523116860539 7.46827600058168 7.07525863591582 7.06521804630756 7.69490645173937 14.1656352285433 -9999 -9999 -9999 -9999 -9999 -9999 -9999 -9999 -9999 -9999 -9999 -9999 -9999 -9999 -9999 -9999 -9999 -9999 -9999 -9999 -9999 -9999 -9999 -9999 -9999 -9999 -9999 -9999
11.5238545623475 7.77021087380126 7.86057618027553 8.68247015820816 9.84758837274941 11.1773517658668 7.85985899530351 8.59282203670591 7.79674671776593 8.32674641208723 8.01261939434335 9.22824792191386 9.23685414157808 9.40395824005827 9.25406658090651 9.20027770800516 9.11278114141896 9.02743612974882 8.77211827971041 8.65736868418753 8.82016967283562 8.74199651088566 8.39918209426105 8.32674641208723 8.25646228482947 7.97962888563052 7.27033294830471 8.7678151698783 8.8474227017723 8.88399913534522 10.204814792145 9.83159607928246 13.5267366026029 9.4530136921443 7.78025146340951 4.99999988824129 -9999 -9999 -9999 -9999 -9999 -9999 -9999 -9999 -9999 -9999 -9999 -9999 -9999 -9999 -9999 -9999 -9999 -9999 -9999 -9999 -9999 -9999 -9999 -9999 -9999 -9999
-9999 -9999 -9999 -9999 7.15999983996153 12.7128563252229 9.37616732239258 9.38638720824383 8.98942532623187 8.67960141832009 9.29996641911566 9.26912746531889 9.2576525057666 9.2296822918579 9.2217932571657 9.06831567315385 9.03317360952497 8.77642138954252 8.77211827971041 8.93993956316262 8.99444562103599 8.46516311168671 8.71330911200494 8.73841058602557 8.71330911200494 8.87180699082091 12.263249013706 -9999 -9999 -9999 -9999 -9999 -9999 -9999 -9999 -9999 -9999 -9999 -9999 -9999 -9999 -9999 -9999 -9999 -9999 -9999 -9999 -9999 -9999 -9999 -9999 -9999 -9999 -9999 -9999 -9999 -9999 -9999 -9999 -9999 -9999 -9999
-9999 -9999 -9999 -9999 -9999 9.14001103535655 10.1865094995259 9.22466199705377 9.03819390432909 9.09485151711851 9.43479719385505 9.80486463941634 9.62126528657973 9.63130587618798 9.22824792191386 9.09915462695062 9.06472974829376 9.01811272511259 9.13573106052354 9.19740896811709 9.05325478874147 9.19167148834094 9.10130618186668 8.18102746549994 15.0808351403102 -9999 -9999 -9999 -9999 -9999 -9999 -9999 -9999 -9999 -9999 -9999 -9999 -9999 -9999 -9999 -9999 -9999 -9999 -9999 -9999 -9999 -9999 -9999 -9999 -9999 -9999 -9999 -9999 -9999 -9999 -9999 -9999 -9999 -9999 -9999 -9999 -9999
