EcologicalScience/Bass/data/rs_data_bass/sst_69.asc
NCOLS 226 
NROWS 124 
XLLCORNER -9.41648524995501 
YLLCORNER 47.587301625531 
CELLSIZE 0.0833 
NODATA_value -9999 
[rows 81 to 107 of 124, columns 62 to 123 of 226]
16.099999640137 -9999 -9999 -9999 -9999 -9999 -9999 -9999 -9999 -9999 -9999 -9999 -9999 -9999 -9999 -9999 -9999 -9999 -9999 -9999 -9999 -9999 -9999 -9999 -9999 -9999 -9999 -9999 -9999 -9999 -9999 -9999 -9999 -9999 -9999 -9999 -9999 -9999 -9999 -9999 -9999 -9999 -9999 -9999 -9999 -9999 -9999 -9999 -9999 -9999 -9999 -9999 -9999 -9999 -9999 -9999 -9999 -9999 -9999 -9999 -9999 -9999
16.0749996406958 -9999 -9999 -9999 -9999 -9999 -9999 -9999 -9999 -9999 -9999 -9999 -9999 -9999 -9999 -9999 -9999 -9999 -9999 -9999 -9999 -9999 -9999 -9999 -9999 -9999 -9999 -9999 -9999 -9999 -9999 -9999 -9999 -9999 -9999 -9999 -9999 -9999 -9999 -9999 -9999 -9999 -9999 -9999 -9999 -9999 -9999 -9999 -9999 -9999 -9999 -9999 -9999 -9999 -9999 -9999 -9999 -9999 -9999 -9999 -9999 -9999
-9999 -9999 -9999 -9999 -9999 -9999 -9999 -9999 -9999 -9999 -9999 -9999 -9999 -9999 -9999 -9999 -9999 -9999 -9999 -9999 -9999 -9999 -9999 -9999 -9999 -9999 -9999 -9999 -9999 -9999 -9999 -9999 -9999 -9999 -9999 -9999 -9999 -9999 -9999 -9999 -9999 -9999 -9999 -9999 -9999 -9999 -9999 -9999 -9999 -9999 -9999 -9999 -9999 -9999 -9999 -9999 -9999 -9999 -9999 -9999 15.3249996574596 -9999
-9999 -9999 -9999 -9999 -9999 -9999 -9999 -9999 -9999 -9999 -9999 -9999 -9999 -9999 -9999 -9999 -9999 -9999 -9999 -9999 -9999 -9999 -9999 -9999 -9999 -9999 -9999 -9999 -9999 -9999 -9999 -9999 -9999 11.3199997469783 11.209999749437 11.1449997508898 -9999 -9999 -9999 -9999 -9999 -9999 -9999 -9999 -9999 -9999 -9999 -9999 -9999 -9999 -9999 -9999 -9999 -9999 -9999 -9999 17.2699996139854 14.1908330161435 15.4849996538833 14.8799996674061 14.9849996650591 14.9649996655062
-9999 -9999 -9999 -9999 -9999 -9999 -9999 -9999 -9999 -9999 -9999 -9999 -9999 -9999 -9999 -9999 -9999 -9999 -9999 -9999 -9999 -9999 -9999 -9999 -9999 -9999 -9999 -9999 -9999 -9999 -9999 -9999 -9999 16.9385290331591 17.7599996030331 17.4399996101856 16.2599996365607 16.2599996365607 16.7149996263906 16.7149996263906 17.1131246174918 -9999 17.2799996137619 17.4149996107444 17.7599996030331 17.7599996030331 16.8949996223673 16.244999636896 16.4199996329844 16.4899996314198 16.1549996389076 16.1549996389076 16.7799996249378 -9999 16.4649996319786 16.5999996289611 15.354999656789 15.0799996629357 14.9899996649474 14.9249996664003 14.5599996745586 14.2449996815994
-9999 -9999 -9999 -9999 -9999 -9999 -9999 -9999 -9999 -9999 -9999 -9999 -9999 16.0671424980142 15.4499996546656 15.8299996461719 16.1949996380135 14.6649996722117 14.5699996743351 -9999 -9999 -9999 -9999 -9999 -9999 11.894999734126 11.894999734126 17.3120685785623 16.5299996305257 16.5299996305257 16.7249996261671 16.7449996257201 16.7549996254966 17.1262496171985 17.1412496168632 -9999 18.7807688109863 17.4499996099621 17.3099996130913 17.2449996145442 17.1749996161088 17.1749996161088 17.2749996138737 15.7499996479601 15.7499996479601 15.3449996570125 15.3599996566772 13.7549996925518 14.3249996798113 15.0999996624887 15.2049996601418 15.3299996573478 16.1449996391311 15.3299996573478 15.2049996601418 14.0449996860698 14.6699996720999 14.3149996800348 14.2749996809289 14.4799996763468 14.3149996800348 14.3949996782467
-9999 -9999 -9999 -9999 -9999 -9999 -9999 -9999 13.9820783583022 11.8661108458829 17.3799996115267 17.3349996125326 15.1349996617064 14.0049996869639 13.9099996890873 14.089999685064 14.0949996849522 16.2499996367842 15.6299996506423 14.1699996832758 14.089999685064 14.1899996828288 14.1149996845052 13.8249996909872 16.7249996261671 16.6499996278435 11.9189059835917 16.7599996253848 16.1599996387959 15.8349996460602 15.5749996518716 17.1199996173382 17.219999615103 17.2599996142089 15.9862496426795 15.8974996446632 15.0549996634945 15.4949996536598 16.1249996395782 16.1399996392429 16.1349996393546 15.9499996434897 15.2249996596947 14.5699996743351 14.194999682717 13.8499996904284 14.2049996824935 13.9499996881932 14.5849996739998 14.5799996741116 14.4899996761233 14.3699996788055 14.4499996770173 14.1149996845052 13.7449996927753 14.4049996780232 14.0649996856228 14.0999996848404 14.2549996813759 14.4099996779114 14.4549996769056 14.484999676235
-9999 -9999 -9999 -9999 -9999 -9999 -9999 -9999 15.5399996526539 17.3349996125326 16.7149996263906 16.4349996326491 14.2599996812642 13.7099996935576 13.7049996936694 14.8799996674061 16.65999962762 16.8249996239319 16.9849996203557 15.1299996618181 14.0399996861815 13.9599996879697 14.1699996832758 14.2399996817112 14.2899996805936 14.5349996751174 14.774999669753 14.8299996685237 14.6249996731058 14.504999675788 14.4049996780232 14.4199996776879 14.7449996704236 15.1849996605888 15.374999656342 15.3299996573478 15.1199996620417 15.2399996593595 15.3399996571243 15.4599996544421 15.4649996543303 15.1149996621534 14.4299996774644 14.194999682717 14.069999685511 14.0449996860698 14.1749996831641 14.1599996834993 14.4649996766821 14.0849996851757 14.2799996808171 13.8999996893108 13.9849996874109 13.8599996902049 13.6599996946752 13.1949997050688 14.0299996864051 14.0474996860139 14.9224996664561 14.4949996760115 14.4949996760115 14.7099996712059
-9999 -9999 -9999 -9999 -9999 -9999 -9999 -9999 15.6749996496364 16.9199996218085 16.8699996229261 14.4199996776879 13.8099996913224 13.5049996981397 13.6099996957928 13.2599997036159 13.509999698028 16.0949996402487 15.6749996496364 14.1549996836111 13.9749996876344 13.7349996929988 13.2649997035041 14.6433330060293 14.5299996752292 14.3449996793643 14.3999996781349 14.2849996807054 14.2049996824935 14.2449996815994 14.2299996819347 14.2499996814877 14.5749996742234 14.9849996650591 15.374999656342 15.3199996575713 15.1099996622652 15.1949996603653 15.1099996622652 15.0549996634945 14.7849996695295 14.0749996853992 14.0249996865168 14.1699996832758 14.2949996804819 14.3899996783584 14.4749996764585 14.524999675341 14.0299996864051 14.0749996853992 14.2949996804819 13.9849996874109 13.8749996898696 14.0999996848404 13.9099996890873 13.8149996912107 14.7449996704236 14.0749996853992 14.0749996853992 14.7449996704236 14.7899996694177 14.8649996677414
9.6342955983665 9.40499978978187 -9999 -9999 -9999 -9999 -9999 -9999 15.5549996523187 15.6799996495247 15.4899996537715 14.2549996813759 13.4799996986985 13.1199997067451 12.929999710992 13.0649997079745 13.1749997055158 13.5349996974692 13.5249996976927 13.4749996988103 13.5799996964633 13.5849996963516 14.4299996774644 14.6083330068116 14.428333010835 14.3616663456584 14.0299996864051 14.0649996856228 14.0999996848404 14.6483330059176 14.1799996830523 14.1799996830523 15.0199996642768 15.0424996637739 14.1149996845052 13.9849996874109 13.3349997019395 14.3949996782467 14.4349996773526 14.089999685064 13.8399996906519 13.7899996917695 14.2399996817112 14.1749996831641 14.2799996808171 14.3899996783584 13.7949996916577 13.3499997016042 13.7299996931106 14.194999682717 14.379999678582 14.2649996811524 14.3249996798113 14.4499996770173 14.6199996732175 15.3999996557832 15.4849996538833 14.8749996675178 14.7299996707588 14.0599996857345 14.8249996686354 15.0349996639416
15.8699996452779 16.1249996395782 16.099999640137 13.7149996934459 13.7149996934459 -9999 16.1899624452926 14.5899996738881 14.9799996651709 15.3049996579066 15.354999656789 14.2949996804819 13.2399997040629 12.9449997106567 12.8499997127801 13.3949997005984 13.4949996983632 13.4799996986985 13.4249996999279 13.2649997035041 13.1599997058511 13.0599997080863 12.76499971468 14.0683330188816 14.1066663513581 14.0283330197756 14.2999996803701 14.0599996857345 14.0633330189933 14.1916663494582 14.7049996713176 14.7724996698089 13.8999996893108 13.7649996923283 13.7049996936694 14.7224996709265 12.909999711439 13.5049996981397 13.489999698475 13.4149997001514 13.3349997019395 13.2949997028336 13.7699996922165 14.1599996834993 14.0649996856228 13.8699996899813 13.4849996985868 13.8099996913224 14.3349996795878 14.1749996831641 14.5749996742234 14.6699996720999 14.7149996710941 15.0249996641651 15.7349996482953 15.4649996543303 14.9249996664003 15.0049996646121 15.0899996627122 15.1349996617064 15.1349996617064 14.6949996715412
15.914999644272 16.0099996421486 15.9399996437132 15.6199996508658 13.2049997048452 16.4187496330123 14.0799996852875 14.359999679029 14.7599996700883 15.2799996584654 14.7899996694177 13.9949996871874 13.1049997070804 12.8949997117743 12.9549997104332 13.0299997087568 13.0399997085333 13.1049997070804 13.1749997055158 13.1549997059628 13.054999708198 12.9499997105449 12.7099997159094 12.7099997159094 13.9333330218991 13.993333020558 13.8466663571695 13.8733330232402 13.9883330206697 14.1333330174287 14.5424996749498 13.5849996963516 13.5899996962398 13.6499996948987 13.2899997029454 12.9499997105449 13.0499997083098 13.1349997064099 13.179999705404 13.2049997048452 13.2599997036159 13.3149997023866 13.3999997004867 13.5149996979162 14.0349996862933 13.9549996880814 13.3999997004867 13.3999997004867 13.4349996997043 14.6199996732175 14.5649996744469 14.6349996728823 14.7999996691942 15.3249996574596 15.1599996611476 14.9249996664003 15.0149996643886 14.8549996679649 15.5349996527657 15.4599996544421 15.8924996447749 16.0199996419251
15.8549996456131 15.9799996428192 15.8849996449426 15.8649996453896 15.3249996574596 15.3199996575713 17.0999996177852 17.4699996095151 17.6099996063858 18.3074995907955 13.2949997028336 13.0999997071922 12.9849997097626 12.9699997100979 12.9399997107685 13.034999708645 13.074999707751 13.0449997084215 13.0649997079745 13.0599997080863 12.9899997096509 12.7999997138977 12.5749997189268 13.9166663556049 14.0024996870197 13.9033330225696 13.8699996899813 13.856666356946 13.8933330227931 13.9416663550461 13.5349996974692 13.4749996988103 13.6599996946752 13.5399996973574 13.1899997051805 13.1899997051805 13.2549997037277 13.2699997033924 13.2799997031689 13.3549997014925 13.3549997014925 13.5749996965751 14.1749996831641 14.3199996799231 14.2749996809289 14.3349996795878 14.4549996769056 14.899999666959 15.0399996638298 15.2149996599182 15.0149996643886 14.649999672547 14.8149996688589 14.9549996657297 14.1399996839464 14.0749996853992 14.5299996752292 14.6999996714294 14.5699996743351 15.5099996533245 15.2899996582419 15.2599996589124
16.0449996413663 16.1249996395782 15.8599996455014 15.8299996461719 15.66499964986 14.939999666065 14.4049996780232 14.3999996781349 17.5749996071681 17.8349996013567 13.3049997026101 13.0399997085333 12.8099997136742 12.909999711439 12.9899997096509 13.0199997089803 13.0799997076392 13.0849997075275 13.0849997075275 13.0999997071922 13.0799997076392 13.0399997085333 12.8599997125566 13.8066663580636 13.9283330220108 13.924999688752 14.0949996849522 13.1499997060746 13.1499997060746 13.6999996937811 13.8049996914342 13.6649996945634 12.8499997127801 13.0399997085333 13.2499997038394 13.3199997022748 13.5399996973574 13.779999691993 13.6199996955693 13.9299996886402 13.8899996895343 13.944999688305 13.9999996870756 14.4299996774644 14.3649996789172 14.2899996805936 14.8199996687472 14.8349996684119 14.9049996668473 15.1449996614829 15.3849996561185 15.1999996602535 15.0099996645004 15.0099996645004 14.939999666065 15.0999996624887 14.7799996696413 14.7899996694177 14.7849996695295 15.5099996533245 15.4099996555597 15.3399996571243
15.8249996462837 15.6549996500835 15.5899996515363 15.6799996495247 15.5999996513128 15.2599996589124 17.3799996115267 17.2449996145442 14.3649996789172 14.089999685064 13.8149996912107 13.3749997010455 12.909999711439 12.8849997119978 13.0849997075275 13.0849997075275 13.034999708645 12.929999710992 12.9949997095391 13.0449997084215 13.1099997069687 13.0949997073039 13.0199997089803 14.1316663507993 14.1516663503523 14.2199996821582 14.2233330154171 14.1583330168699 13.2349997041747 13.4999996982515 13.7699996922165 14.6124996733852 14.21499968227 14.21499968227 14.2674996810965 14.2199996821582 14.297499680426 14.4899996761233 14.6149996733293 14.5949996737763 14.524999675341 14.5449996748939 14.4999996758997 14.3949996782467 14.2549996813759 14.3099996801466 14.794999669306 14.7849996695295 14.794999669306 15.1199996620417 15.2149996599182 15.0949996626005 15.1349996617064 15.334999657236 15.3099996577948 15.5249996529892 15.519999653101 15.3499996569008 16.1599996387959 16.6649996275082 16.8449996234849 17.2349996147677
17.4599996097386 15.2799996584654 15.3249996574596 15.5349996527657 15.5049996534362 15.3599996566772 15.1399996615946 14.7399996705353 14.504999675788 14.4249996775761 14.0399996861815 13.4599996991456 13.1749997055158 13.0999997071922 13.179999705404 13.179999705404 14.4533330102762 14.4674996766262 14.4949996760115 13.0399997085333 13.1449997061864 13.199999704957 13.0949997073039 12.9699997100979 14.2199996821582 14.21499968227 14.2849996807054 14.1699996832758 14.2199996821582 14.3349996795878 14.4399996772408 14.3999996781349 14.3499996792525 14.4349996773526 14.8199996687472 15.0249996641651 15.1599996611476 15.1499996613711 15.1199996620417 14.7849996695295 14.7849996695295 14.7099996712059 14.7399996705353 14.8499996680766 14.9299996662885 14.6649996722117 14.4049996780232 14.5849996739998 15.1249996619299 15.3849996561185 15.809999646619 15.499999653548 15.3899996560067 15.6599996499717 16.0399996414781 16.1849996382371 16.3349996348843 16.6549996277317 17.1549996165559 16.8399996235967 16.8399996235967 17.7299996037036
15.3899996560067 15.3699996564537 15.4399996548891 16.321666301849 14.5549996746704 14.6949996715412 14.8899996671826 14.5099996756762 14.379999678582 14.2099996823817 14.0949996849522 13.9499996881932 13.7849996918812 13.5749996965751 13.2999997027218 13.1899997051805 13.1549997059628 13.2549997037277 13.2549997037277 13.2899997029454 13.4149997001514 13.469999698922 13.3749997010455 13.344999701716 13.7449996927753 13.9749996876344 14.3099996801466 13.6949996938929 14.2249996820465 14.4349996773526 14.4299996774644 14.5549996746704 14.7449996704236 14.5149996755645 15.2749996585771 15.2799996584654 15.1949996603653 15.064999663271 15.0149996643886 15.0749996630475 14.9549996657297 14.9249996664003 15.0099996645004 15.1349996617064 15.1249996619299 14.9849996650591 14.8549996679649 15.5849996516481 15.8799996450543 15.914999644272 16.0199996419251 16.1449996391311 15.9499996434897 16.2549996366724 16.5299996305257 16.4649996319786 16.1399996392429 18.2667642975883 -9999 -9999 -9999 -9999
15.3049996579066 15.0749996630475 14.7349996706471 14.5549996746704 14.3699996788055 14.1499996837229 14.1499996837229 14.0299996864051 14.1449996838346 13.9149996889755 14.0599996857345 14.0599996857345 14.0099996868521 13.8649996900931 14.2749996809289 13.8199996910989 13.2799997031689 13.3599997013807 14.069999685511 14.089999685064 13.9999996870756 14.1499996837229 13.5299996975809 13.509999698028 13.9499996881932 13.9549996880814 14.2966663471113 14.3783330119525 14.2933330138524 14.3049996802583 14.3449996793643 14.1024996847846 14.1349996840581 14.5466663415233 14.7649996699765 15.4049996556714 15.4349996550009 15.2349996594712 14.8449996681884 15.0299996640533 14.9249996664003 15.0799996629357 15.189999660477 15.5699996519834 15.479999653995 15.4749996541068 16.494999631308 16.2649996364489 16.0249996418133 16.0749996406958 16.6849996270612 16.6249996284023 16.4699996318668 16.6199996285141 16.4999996311963 18.5631814032624 -9999 -9999 -9999 -9999 -9999 -9999
15.1199996620417 14.9349996661767 14.6399996727705 14.3949996782467 14.1899996828288 13.9699996877462 13.7249996932223 13.5699996966869 13.6199996955693 13.75999969244 13.75999969244 13.924999688752 14.1699996832758 14.2749996809289 15.7266663151483 15.6849996494129 13.199999704957 13.4049997003749 13.614999695681 13.8999996893108 14.4499996770173 14.2249996820465 13.9199996888638 14.089999685064 14.1049996847287 14.1549996836111 14.1399996839464 14.2749996809289 14.4599996767938 14.5999996736646 16.1804094744052 16.5727774073473 17.9444732831203 18.1369226715313 -9999 15.3712496564258 15.9249996440485 15.7199996486306 15.0599996633828 15.0599996633828 16.389999633655 15.1149996621534 15.7849996471778 16.0649996409193 16.3049996355549 16.244999636896 15.9699996430427 15.9949996424839 15.9849996427074 16.1649996386841 17.0799996182323 17.2499996144325 16.6149996286258 -9999 -9999 -9999 -9999 -9999 -9999 -9999 -9999 -9999
15.914999644272 15.9033329778661 16.4249996328726 14.379999678582 13.9599996879697 13.5949996961281 13.5899996962398 13.4949996983632 16.0099996421486 13.6949996938929 13.8749996898696 14.1099996846169 14.4549996769056 14.2399996817112 13.7649996923283 13.9999996870756 13.7749996921048 13.3399997018278 13.4799996986985 13.7749996921048 13.9399996884167 14.3299996796995 14.4049996780232 14.484999676235 14.4099996779114 14.2849996807054 14.2449996815994 14.3299996796995 14.6899996716529 -9999 -9999 -9999 -9999 -9999 16.3799996338785 16.3949996335432 16.3949996335432 15.0699996631593 16.6299996282905 16.6649996275082 16.1199996396899 16.1249996395782 16.059999641031 16.0349996415898 16.5099996309727 16.3599996343255 16.0949996402487 16.3299996349961 16.5199996307492 16.3749996339902 16.4099996332079 17.0524996188469 16.6357139138771 -9999 -9999 -9999 -9999 -9999 -9999 -9999 -9999 -9999
15.6399996504188 13.9849996874109 13.9849996874109 14.0999996848404 14.0449996860698 13.3349997019395 13.1899997051805 13.1849997052923 14.2549996813759 14.5199996754527 14.4249996775761 14.649999672547 14.6649996722117 14.5199996754527 14.0199996866286 14.0449996860698 13.9999996870756 13.6799996942282 13.8449996905401 13.944999688305 13.9199996888638 14.2999996803701 14.2999996803701 14.6349996728823 14.8399996683002 14.774999669753 14.5399996750057 14.8949996670708 14.8949996670708 13.8677774678088 -9999 -9999 -9999 -9999 -9999 18.6495829164827 15.9887496426236 16.6849996270612 16.4049996333197 15.8299996461719 16.0899996403605 16.2499996367842 16.2999996356666 16.6299996282905 16.5349996304139 16.5049996310845 16.369999634102 16.4999996311963 16.7549996254966 17.4499996099621 17.9949995977804 18.1449995944276 17.4799996092916 17.5999996066093 14.794999669306 -9999 -9999 -9999 -9999 -9999 -9999 -9999
15.9166663109014 15.3499996569008 15.6499996501952 15.5383329860245 15.2399996593595 14.9974996647798 13.2849997030571 13.2499997038394 13.6299996953458 14.3999996781349 14.3049996802583 14.484999676235 14.2999996803701 15.3499996569008 15.2666663254301 15.1783329940711 15.0883329960828 14.9699996653944 13.7299996931106 13.7299996931106 13.7349996929988 13.8999996893108 14.5999996736646 15.3599996566772 15.2949996581301 16.1349996393546 15.954999643378 16.4549996322021 16.7449996257201 16.8449996234849 14.0872219073483 24.7149994475767 -9999 -9999 -9999 -9999 16.2916663025195 16.1616663054253 16.2199996374547 15.8549996456131 17.0249996194616 16.6799996271729 16.909999622032 16.929999621585 16.8949996223673 16.9849996203557 16.9749996205792 16.8899996224791 16.8949996223673 17.3749996116385 17.8299996014684 18.2699995916337 18.5149995861575 9.86999977938831 -9999 -9999 -9999 -9999 -9999 -9999 -9999 -9999
15.838332979319 15.7283329817777 15.6033329845717 14.504999675788 14.4899996761233 14.524999675341 14.4049996780232 14.4649996766821 14.6549996724352 14.3249996798113 14.3999996781349 14.3999996781349 14.5499996747822 14.4549996769056 14.1449996838346 16.2524996367283 14.7199996709824 15.0683329965298 14.8799996674061 14.8083330023413 14.7066663379471 15.1466663281123 15.8999996446073 16.5399996303022 16.1849996382371 16.0249996418133 16.8599996231496 16.8949996223673 16.8749996228144 16.6449996279553 16.7099996265024 -9999 -9999 -9999 -9999 -9999 -9999 -9999 -9999 -9999 -9999 -9999 -9999 -9999 -9999 -9999 18.3405551456122 17.3499996121973 17.384999611415 17.5649996073917 17.7699996028095 -9999 -9999 -9999 -9999 -9999 -9999 -9999 -9999 -9999 -9999 -9999
13.3749997010455 15.8674996453337 15.9499996434897 14.2849996807054 14.4299996774644 14.4799996763468 14.484999676235 14.1699996832758 14.2749996809289 14.4349996773526 14.4399996772408 14.4699996765703 14.7349996706471 16.1049996400252 16.4599996320903 16.5324996304698 15.1249996619299 15.1249996619299 15.0516663302357 15.2649996588007 15.4149996554479 15.6349996505305 15.8949996447191 16.2549996366724 15.1883329938476 18.035832930201 15.7649996476248 15.7599996477365 16.5899996291846 16.5499996300787 16.8099996242672 16.9199996218085 18.8199995793402 -9999 -9999 -9999 -9999 -9999 -9999 -9999 -9999 -9999 -9999 -9999 -9999 -9999 -9999 -9999 -9999 -9999 -9999 -9999 -9999 -9999 -9999 -9999 -9999 -9999 -9999 -9999 -9999 -9999
13.3849997008219 14.2449996815994 14.3199996799231 14.3199996799231 14.4199996776879 14.2299996819347 13.9599996879697 14.2449996815994 14.5399996750057 14.6399996727705 14.6899996716529 14.5799996741116 14.6149996733293 15.3183329909419 14.9799996651709 16.0949996402487 15.1599996611476 15.1599996611476 17.0299996193498 16.5649996297434 16.0149996420369 15.8649996453896 15.3883329893773 15.374999656342 15.5516663190598 16.0499996412545 15.954999643378 15.9599996432662 16.2499996367842 16.6349996281788 16.4449996324256 15.6899996493012 -9999 -9999 -9999 -9999 -9999 -9999 -9999 -9999 -9999 -9999 -9999 -9999 -9999 -9999 -9999 -9999 -9999 -9999 -9999 -9999 -9999 -9999 -9999 -9999 -9999 -9999 -9999 -9999 -9999 -9999
13.654999694787 14.2599996812642 14.4049996780232 14.5899996738881 14.6049996735528 14.3899996783584 14.0999996848404 14.4499996770173 14.7599996700883 14.9299996662885 15.0499996636063 14.8299996685237 14.4749996764585 15.3099996577948 15.4249996552244 15.8599996455014 15.2749996585771 14.8899996671826 16.3799996338785 16.2849996360019 16.2099996376783 14.8799996674061 14.8799996674061 17.0899996180087 17.0249996194616 16.4299996327609 16.1599996387959 16.6566662943612 17.3049996132031 17.5449996078387 17.9099995996803 17.9849995980039 23.5682807232079 -9999 -9999 -9999 -9999 -9999 -9999 -9999 -9999 -9999 -9999 -9999 -9999 -9999 -9999 -9999 -9999 -9999 -9999 -9999 -9999 -9999 -9999 -9999 -9999 -9999 -9999 -9999 -9999 -9999
14.234999681823 14.2949996804819 14.4099996779114 14.1899996828288 14.2899996805936 14.3499996792525 14.5799996741116 14.6799996718764 14.0249996865168 15.1449996614829 15.4899996537715 14.7449996704236 15.4899996537715 15.8549996456131 15.7399996481836 15.809999646619 15.8699996452779 16.3749996339902 16.5349996304139 16.5349996304139 15.2249996596947 16.7749996250495 17.6199996061623 16.1599996387959 16.494999631308 16.3349996348843 16.0899996403605 16.1499996390194 17.054999618791 17.0249996194616 17.0599996186793 17.0449996190146 17.7699996028095 -9999 -9999 -9999 -9999 -9999 -9999 -9999 -9999 -9999 -9999 -9999 -9999 -9999 -9999 -9999 -9999 -9999 -9999 -9999 -9999 -9999 -9999 -9999 -9999 -9999 -9999 -9999 -9999 -9999
