EcologicalScience/Bass/data/rs_data_bass/sst_357.asc
NCOLS 226 
NROWS 124 
XLLCORNER -9.41648524995501 
YLLCORNER 47.587301625531 
CELLSIZE 0.0833 
NODATA_value -9999 
[rows 54 to 80 of 124, columns 124 to 185 of 226]
14.1000854368322 14.2449568011798 13.9846186563373 14.0376903442666 14.1983397779986 14.2714926451445 14.213400662411 14.3754844660871 14.5641041137278 14.6250648363493 14.5002746512182 14.4192327493802 14.3561204718426 14.3597063967027 14.6487319404259 14.7161473277956 14.8215735186823 14.9442121488973 14.8990294956602 15.0560930045322 15.2590563516133 15.487121172715 15.5975676584058 15.7044282192364 15.767540496774 15.9547257744707 15.9296243004501 15.9891506531276 15.9783928785473 15.9748069536872 15.9504226646386 16.1089205434546 16.0364848612808 16.3276619599201 16.1985686649568 16.2753074569628 16.2580950176343 16.3219244801439 16.3778649079613 16.324793220032 15.5308694560081 16.073300356511 16.3097323356196 16.4008148270659 16.4639271046035 16.5198675324209 16.5614642607979 16.5722220353782 16.5464033763856 16.3678243183531 16.2925198962912 15.8198949997313 15.4799493229948 15.409665195737 14.8746452066116 15.6786095602438 14.6616412699223 14.7261879174039 15.8753573042341 18.5710165523924 17.4570538404498 17.3915186407095
14.2772301249206 13.9939420609735 13.9652546620928 14.3130893735215 14.294442564249 14.1517227548175 14.0900448472239 14.5038605760783 14.4959715413861 14.133075945545 14.5232245703228 14.5339823449031 14.5820337380283 14.6544694202021 14.7390972469002 14.7233191775158 15.0697195190005 15.1973784440197 15.2016815538518 15.3766746870242 15.4763633981347 15.6284066122025 15.7826013811864 15.887310387101 15.966917918995 16.1426282371394 16.2982573760673 16.2423169482499 16.2315591736697 16.2322763586417 16.3075807807036 16.2401653933339 16.2824793066829 15.4663228085265 16.2602465725504 16.3836023877375 15.8500167685561 14.7986235995777 16.3606524686329 16.3792992779054 16.3276619599201 16.3900570524856 16.3929257923737 16.3950773472898 16.4345225207508 16.4338053357787 16.3735617981292 16.326227589976 16.3936429773457 16.2688527922146 16.0364848612808 15.6778923752718 15.4620196986943 14.7161473277956 14.7046723682433 14.57199314842 17.5597435544957 16.1666815177394 -9999 -9999 -9999 -9999
14.4414654835127 14.4601122927852 14.2277443618514 13.8246864075772 14.5346995298751 14.5440229345113 14.41206089966 14.5160527206026 14.5762962582521 14.6716818595305 14.7218848075718 14.532547974959 14.452223258093 14.4780419170856 14.7641987209208 14.969313622918 15.2217627330683 15.3035218198784 15.3243201840669 15.5430616005324 15.728812508285 15.846430843696 16.086687809322 16.2652668673545 16.2961058211513 16.2559434627183 16.3047120408155 16.285348046571 16.3097323356196 16.2695699771866 16.362804023549 16.3355509946123 16.2674184222706 16.1906796302646 16.046525450889 16.5478377463296 16.3814508328214 14.9427777789533 15.3365123285912 14.8875545361079 16.5449690064415 16.5076753878966 16.4797051739879 16.5485549313016 16.6181218735874 16.405117936898 16.2681356072426 15.8681256890995 17.2711187906098 17.6666463026777 15.3996246061288 14.9384746691212 14.9628589581698 14.692480223719 14.4651325875893 -9999 -9999 -9999 -9999 -9999 -9999 -9999
14.5590838189237 14.6322366860695 14.7735221255571 14.5052949460223 14.6551866051741 14.7018036283553 14.8581499522552 14.8653218019754 14.6415600907058 14.7261879174039 14.6716818595305 14.7570268712007 14.7849970851094 14.569841593504 14.7598956110887 15.010910351295 15.3953214962967 15.647053421475 15.7302468782291 15.7761467164382 15.9073915663175 16.0687581850216 16.2882167864591 16.3398541044444 16.3298135148361 16.3039948558435 16.326227589976 16.3169041853398 16.3154698153958 16.3104495205916 16.286065231543 16.1935483701527 16.2774590118788 16.1168095781468 15.8901791269891 16.3692586882971 16.3922086074017 14.3102206336334 14.8409375129268 16.4553208849393 16.5421002665535 16.2172154742293 16.4474318502471 16.5514236711897 16.6174046886154 16.5098269428127 16.3082979656756 15.8539612859022 15.81822156813 14.8201391487382 14.8739280216396 14.7448347266763 14.9391918540932 14.6150242467411 14.6349996728823 -9999 -9999 -9999 -9999 -9999 -9999 -9999
14.9671620680019 14.9334543743171 14.8194219637662 14.889706091024 14.9226965997368 14.1165806911886 15.1199224670418 15.2705313111655 15.2970671551302 15.287743750494 15.327188923955 15.0216681258753 15.1041443976574 15.1349833514541 14.9549699234776 15.2447126521729 15.7503280574456 15.8328043292277 15.8837244622409 15.8213293696754 16.1175267631188 16.4251991161145 16.443128740415 16.3556321738288 16.3922086074017 16.3785820929334 16.3441572142765 16.3384197345003 16.2968230061233 16.3735617981292 16.3549149888568 16.2996917460114 16.2372966534458 14.9130146026146 15.9877162831835 15.7840357511304 16.2781761968508 16.3061464107595 16.4302194109187 15.9597460692748 16.445638887817 16.1311532775871 16.3161870003678 15.9884334681556 16.0407879711129 16.0400707861409 14.7208807486109 15.3576692852657 15.128887279192 15.0941038080491 14.969313622918 14.651600680314 14.9786370275542 15.0596789293922 15.2549996590242 -9999 -9999 -9999 -9999 -9999 -9999 -9999
14.8724936516955 15.3171483343467 15.0611132993363 14.9585558483377 15.2052674787119 14.2449568011798 14.8631702470593 15.0804772935808 14.6580553450622 15.0833460334688 14.8997466806322 14.7885830099694 15.210287773516 15.3917355714366 15.4103823807091 15.4455244443379 15.8815729073249 16.0293130115606 16.2086092545651 16.3663899484091 16.524170642253 16.5055238329805 16.4259163010865 16.522736272309 16.5363627867773 16.3814508328214 16.4115726016462 16.4165928964503 16.3936429773457 16.4101382317021 16.4388256305829 16.4295022259466 16.2308419886976 16.2552262777463 15.1651051202789 16.3663899484091 16.6248155999929 16.2738730870187 16.2552262777463 16.3434400293045 16.2494887979701 16.206457699649 16.2286904337816 16.2023936514743 16.2442294415087 15.4278479441453 17.36184268957 15.4777977680787 14.9399090390652 15.0159306460992 14.7792596053332 14.8839686112478 14.9456465188414 14.8940092008561 13.5449996972457 -9999 23.7447889405303 -9999 -9999 -9999 -9999 -9999
-9999 -9999 -9999 -9999 -9999 12.6599997170269 15.0646992241964 15.0797601086088 14.5275276801549 14.8854029811919 14.9427777789533 15.1658223052509 14.9822229524143 15.3357951436192 15.569597444497 15.7603686470538 16.1132236532867 16.3219244801439 16.3886226825416 16.3362681795843 16.4208960062824 16.2258216938935 16.5126956827007 16.4467146652751 16.4008148270659 16.605212544091 16.4524521450512 16.4302194109187 16.4180272663943 16.4696645843796 16.5019379081205 16.5019379081205 16.5019379081205 16.4904629485682 16.4388256305829 16.3047120408155 16.3398541044444 16.2112389327958 16.3692586882971 16.4094210467301 16.5370799717493 16.5908688446507 16.5418612048961 16.1462141619995 16.2251045089215 10.9294044408984 -9999 17.28008360276 8.04425847287081 15.1849996605888 14.7068239231594 15.3938871263526 15.290612490382 15.4333322998136 5.37499987985939 5.37499987985939 10.1164484480396 -9999 -9999 -9999 -9999 -9999
-9999 -9999 -9999 -9999 -9999 -9999 -9999 10.2084389668703 15.0391196268611 15.367889171117 14.6781365242787 14.9650105130859 15.1844691145234 15.2834406406619 15.5251319762319 16.0587175954133 16.3979460871778 16.443845925387 16.5958891394548 16.3355509946123 16.4589068097994 16.4546036999673 16.4409771854989 16.4280678560026 16.4151585265063 16.4416943704709 16.4101382317021 15.5903958086856 16.4546036999673 16.482573913876 16.5334940468892 16.5363627867773 16.4624927346595 16.522019087337 16.4581896248274 16.4259163010865 16.7520561671117 16.5686361105181 16.4797051739879 16.4897457635961 15.9575945143588 16.4309365958907 16.1863765204325 16.5327768619172 16.0916056491302 17.1799996159971 -9999 -9999 -9999 -9999 -9999 -9999 -9999 -9999 -9999 -9999 -9999 -9999 -9999 -9999 -9999 -9999
-9999 -9999 -9999 -9999 -9999 -9999 -9999 -9999 9.11999979615211 12.4721432093109 14.8452406227589 14.9018982355483 15.0690023340285 15.3085421146825 15.5810724040493 15.9583116993308 16.2014374048449 16.5112613127567 16.603060989175 16.5801110700704 16.5514236711897 16.5607470758259 16.5722220353782 16.3714102432132 16.1039002486505 15.7897732309066 16.5585955209099 15.6893673348241 16.2502059829421 16.5184331624769 16.5076753878966 16.5815454400145 16.5966063244268 16.4875942086801 16.5535752261057 16.4635685121175 16.7769783448894 15.9360789651982 16.7706432109699 16.3749961680733 15.3913769789506 16.4201788213104 16.0128177572042 16.778627870325 6.17178790633551 -9999 -9999 -9999 -9999 -9999 -9999 -9999 -9999 -9999 -9999 -9999 -9999 -9999 -9999 -9999 -9999 -9999
-9999 -9999 -9999 -9999 -9999 -9999 -9999 -9999 -9999 14.3999996781349 15.805551300291 15.5158085715957 15.3530075829476 15.6585283810273 15.6700033405796 15.9963225028478 16.2279732488096 16.3671071333811 16.5908688446507 16.6260109082796 16.5872829197906 16.5119784977287 16.5356456018053 16.524887827225 16.2365794684738 16.0931424740702 15.9848475432955 16.2652668673545 15.9482711097226 16.3549149888568 16.5722220353782 16.5277565671131 16.5478377463296 16.5478377463296 16.4646442895755 16.4696645843796 15.9977568727918 16.3176213703118 16.8535976060666 16.8555100993253 16.2188889058307 16.7039450085722 16.882763128262 16.4418378074653 16.0545807001241 -9999 -9999 -9999 -9999 -9999 -9999 -9999 -9999 -9999 -9999 -9999 -9999 -9999 -9999 -9999 -9999 -9999
-9999 -9999 -9999 -9999 -9999 -9999 -9999 -9999 -9999 15.2499996591359 15.6700033405796 15.5064851669595 15.8550370633602 15.9389477050863 16.2602465725504 16.3047120408155 16.2358622835018 16.4409771854989 16.6676076366566 16.3298135148361 14.3532517319545 16.5263221971691 16.6338999429718 16.3907742374577 16.285348046571 16.3836023877375 16.2580950176343 15.9841303583235 16.7167348072398 16.7005981453694 16.5836969949305 16.6575670470484 16.2000030349009 15.9002197165973 16.2523575378582 16.7450636136346 16.1070080501959 16.1598406764679 15.966200734023 16.4863032757305 16.1928311851807 16.3147526304238 15.7947935257107 16.0522629306652 9.72419575092915 2.93853880863051 10.4284505308048 -9999 -9999 -9999 -9999 -9999 -9999 -9999 -9999 -9999 -9999 -9999 -9999 -9999 -9999 -9999
-9999 -9999 -9999 -9999 -9999 -9999 -9999 -9999 -9999 8.014779588669 15.8765526125208 15.927472745534 15.8026825604029 16.3111667055637 16.4675130294636 16.7307199141942 16.7185277696699 16.6590014169924 16.601626619231 16.8153477408923 16.1698812660761 16.1498000868596 16.7515182783827 16.4524521450512 16.4000976420939 16.205023329705 16.404400751926 16.6762138563208 16.6231421683915 16.5880001047626 16.3290963298641 16.5750907752663 16.3749961680733 16.1003143237904 16.0551316705532 16.4617755496874 16.4610583647154 15.9905850230716 15.9224524507299 15.9590288843028 16.5689947030041 16.9279457814991 16.8268227004446 16.4634489812888 16.6499996278435 -9999 -9999 -9999 -9999 -9999 -9999 -9999 -9999 -9999 -9999 -9999 -9999 -9999 -9999 -9999 -9999 -9999
-9999 -9999 -9999 -9999 -9999 -9999 -9999 -9999 -9999 16.1469313469715 16.2236701389775 16.3190557402559 16.4201788213104 16.6073640990071 16.7256996193901 16.642506162636 16.7895290818997 16.5966063244268 16.4976347982883 16.6769310412928 16.522736272309 16.2523575378582 16.644657717552 16.1849421504885 16.3599352836609 16.444563110359 15.7338328030892 16.6109500238672 16.6317483880557 16.6346171279438 16.6396374227479 16.4101382317021 16.5499893012457 16.4173100814223 16.5012207231484 16.4176686739083 16.5722220353782 16.5033722780645 15.7302468782291 16.2086092545651 16.3204901101999 16.3405712894164 16.6303140181117 16.9752799896523 -9999 -9999 -9999 -9999 -9999 -9999 -9999 -9999 -9999 -9999 -9999 -9999 -9999 -9999 -9999 -9999 -9999 -9999
-9999 -9999 -9999 -9999 -9999 -9999 -9999 -9999 16.2851089849137 16.0077974624 16.4646442895755 16.4266334860586 16.3907742374577 16.5213019023649 16.6532639372163 16.6295968331397 16.6955778505653 16.6711935615167 16.5765251452103 16.3348338096403 16.5442518214695 16.4610583647154 16.4962004283443 16.5872829197906 16.5428174515255 16.4130069715902 16.3663899484091 16.4072694918141 16.6252937233075 16.5700704804622 16.6884060008451 16.6511123823002 16.684102891013 16.6346171279438 16.6145359487273 16.5334940468892 16.5578783359379 16.5399487116374 16.5880001047626 16.444563110359 15.8980681616813 16.3534806189127 16.3344239896562 -9999 -9999 -9999 -9999 -9999 -9999 -9999 -9999 -9999 -9999 -9999 -9999 -9999 -9999 -9999 -9999 -9999 -9999 -9999
-9999 -9999 -9999 -9999 -9999 -9999 -9999 -9999 16.6979684671387 15.6900845197961 16.7952665616758 16.3871883125976 16.4510177751072 16.4725333242677 16.4079866767861 16.603778174147 16.6331827579997 16.7579729431309 16.6640217117965 16.6317483880557 16.6503951973282 16.6511123823002 16.4660786595196 16.0737784798257 16.5105441277847 16.4646442895755 16.5951719544828 16.5399487116374 16.1462141619995 16.5600298908539 16.5471205613576 16.6059297290631 16.601626619231 16.4201788213104 16.643223347608 16.8497726195492 16.7350230240263 16.6977294054814 16.5198675324209 16.6238593533635 16.9430066659115 16.8461866946891 16.2099996376783 -9999 -9999 -9999 -9999 -9999 -9999 -9999 -9999 -9999 -9999 -9999 -9999 -9999 -9999 -9999 -9999 -9999 -9999 -9999
-9999 -9999 -9999 -9999 -9999 -9999 -9999 5.81249818313294 16.2892208454199 15.7754295314662 15.9812616184354 16.0013427976519 16.3972289022058 16.5607470758259 16.5808282550424 16.7307199141942 16.6783654112369 16.5062410179526 16.5291909370571 16.4302194109187 16.5141300526448 16.6360514978878 16.563615815714 16.2279732488096 16.4732505092397 16.564333000686 16.4309365958907 16.0637378902175 16.3965117172338 16.4280678560026 16.5005035381764 16.4503005901352 16.6805169661529 16.7099215500057 16.5464033763856 16.6159703186713 16.6747794863768 16.7787713073194 16.6209906134754 16.5880001047626 16.7300027292222 10.9726619738404 -9999 -9999 -9999 -9999 -9999 -9999 -9999 -9999 -9999 -9999 -9999 -9999 -9999 -9999 -9999 -9999 -9999 -9999 -9999 -9999
-9999 -9999 -9999 3.8400372271426 -9999 6.98719499284012 17.2054963656701 16.4402600005269 16.0077974624 16.3133182604797 16.4187444513664 16.4144413415343 16.6138187637553 16.6195562435314 16.5815454400145 16.6274452782236 16.5421002665535 16.5758079602383 16.5951719544828 16.4101382317021 16.4474318502471 16.7421948737465 16.7185277696699 16.6353343129158 16.643223347608 16.7149418448098 16.1218298729509 16.5449690064415 16.4660786595196 16.6876888158731 16.1928311851807 15.7022766643204 15.8241981095634 16.7178105846979 16.7135074748658 16.6618701568805 16.6202734285034 16.5342112318613 16.5040894630365 15.5394336061628 13.2949997028336 -9999 -9999 -9999 -9999 -9999 -9999 -9999 -9999 -9999 -9999 -9999 -9999 -9999 -9999 -9999 -9999 -9999 -9999 -9999 -9999 -9999
-9999 -9999 3.88019958557561 -9999 16.3434400293045 15.3221686291508 15.76610612683 16.0171208670363 16.3004089309834 16.3714102432132 16.4976347982883 16.4710989543237 16.4244819311425 16.4667958444916 16.6740623014048 16.5937375845388 16.524887827225 16.6733451164328 16.7378917639144 16.5614642607979 16.6783654112369 16.6382030528039 16.681234151125 16.7357402089983 16.6855372609571 16.6518295672722 16.4997863532044 16.841166399885 15.8715323177166 16.5449690064415 16.3599352836609 16.2602465725504 14.9599902182817 15.0589617444202 16.3993804571219 16.64394053258 16.4746848791838 14.0405168968034 17.559785741847 -9999 -9999 -9999 -9999 -9999 -9999 -9999 -9999 -9999 -9999 -9999 -9999 -9999 -9999 -9999 -9999 -9999 -9999 -9999 -9999 -9999 -9999 -9999
16.7749996250495 16.7749996250495 -9999 16.5349996304139 16.3997390496079 15.169408230111 15.4512619241141 15.6355784619227 16.2021545898169 15.9841303583235 16.4682302144356 16.525605012197 16.5313424919732 16.5177159775048 16.2487716129981 16.4632099196315 16.602343804203 16.5062410179526 16.6711935615167 16.5507064862177 16.5815454400145 16.6109500238672 16.6346171279438 16.6202734285034 16.7421948737465 16.6518295672722 16.6001922492869 16.6625873418525 16.5657673706301 16.6525467522442 16.3986632721499 16.205023329705 15.9977568727918 16.0250099017285 16.0651722601615 15.9805444334634 15.7998138205148 12.4493439049339 -9999 -9999 -9999 -9999 -9999 -9999 -9999 -9999 -9999 -9999 -9999 -9999 -9999 -9999 -9999 -9999 -9999 -9999 -9999 -9999 -9999 -9999 -9999 -9999
15.2298908294179 16.2138686110266 15.7503280574456 15.8112887800671 16.0687581850216 15.7574999071658 15.9281899305061 16.1039002486505 16.404400751926 16.3972289022058 16.5958891394548 16.4624927346595 16.4818567289039 16.443845925387 16.4481490352191 16.5048066480085 16.5657673706301 16.6152531336993 16.2566606476903 16.4287850409746 16.5994750643149 16.5205847173929 16.402966381982 16.6374858678319 16.6754966713488 16.6503951973282 16.3176213703118 16.7256996193901 16.5421002665535 16.4675130294636 16.4323709658347 16.0917081041262 16.4000976420939 15.4899899126031 15.6147800977342 15.9798272484913 15.9224524507299 12.9399997107685 7.48626104372088 13.2399997040629 -9999 -9999 -9999 -9999 -9999 -9999 -9999 -9999 -9999 -9999 -9999 -9999 -9999 -9999 -9999 -9999 -9999 -9999 -9999 -9999 -9999 -9999
16.1949827400967 15.3651997274719 15.8163090748712 15.6649830457754 16.0967283989303 16.2616809424944 16.326227589976 16.2996917460114 16.365672763437 16.3900570524856 16.4775536190718 16.6869716309011 16.4797051739879 16.4976347982883 16.445997480303 16.4911801335402 16.5349284168333 16.5062410179526 16.5306253070012 16.4345225207508 16.644657717552 16.6131015787832 16.6209906134754 16.6776482262649 16.5994750643149 16.6754966713488 16.5980406943709 16.5413830815814 16.3764305380173 16.2380138384178 16.045091080945 15.9597460692748 16.2702871621586 15.3593597926998 12.0036712556179 16.8347117351368 12.1471463960701 17.1383254731772 13.3373546020204 -9999 -9999 -9999 -9999 -9999 -9999 -9999 -9999 -9999 -9999 -9999 -9999 -9999 -9999 -9999 -9999 -9999 -9999 -9999 -9999 -9999 -9999 -9999
16.7360988014843 15.1636707503349 15.5301522710361 15.6585283810273 16.1103549133986 16.2344279135577 16.2473372430541 16.3527634339407 16.4739676942118 16.5320596769452 16.5722220353782 16.485442653764 16.5528580411337 16.4689473994076 16.4689473994076 16.6009094342589 16.4531693300232 16.4144413415343 16.6453749025241 16.5464033763856 16.5822626249865 16.5184331624769 16.6346171279438 16.643223347608 16.5048066480085 16.5213019023649 16.4072694918141 16.1627094163559 16.3771477229893 16.3319650697522 16.2717215321027 16.0823846994899 15.9941709479317 16.0462266238173 17.3810632468201 17.6074785424862 12.8549997126684 11.8972543750809 -9999 -9999 -9999 -9999 -9999 -9999 -9999 -9999 -9999 -9999 -9999 -9999 -9999 -9999 -9999 -9999 -9999 -9999 -9999 -9999 -9999 -9999 -9999 -9999
15.9324930403382 15.7826013811864 16.1562547516078 16.1691640811041 16.2910855263472 16.4596239947714 16.6159703186713 16.4997863532044 16.4933316884562 16.5765251452103 16.5205847173929 16.6590014169924 16.5299081220292 16.565050185658 16.5385143416934 16.5413830815814 16.5973235093988 16.6260109082796 16.5858485498466 16.6066469140351 16.522736272309 16.5836969949305 16.6711935615167 16.6152531336993 16.7378917639144 16.5191503474489 16.3039948558435 16.6181218735874 16.2157811042853 16.2502059829421 16.3735617981292 17.6781648748296 17.8049996020272 -9999 -9999 13.6052278061397 -9999 -9999 -9999 -9999 -9999 -9999 -9999 -9999 -9999 -9999 -9999 -9999 -9999 -9999 -9999 -9999 -9999 -9999 -9999 -9999 -9999 -9999 -9999 -9999 -9999 -9999
15.9776756935753 16.0501113757491 16.0250099017285 16.2394482083619 16.2623981274664 16.3836023877375 16.483291098848 16.5844141799025 16.4610583647154 16.5758079602383 16.6066469140351 16.5083925728686 16.4115726016462 16.4976347982883 16.4933316884562 16.6166875036433 16.5729392203502 16.6181218735874 16.5880001047626 16.6747794863768 16.7737510125153 16.8096102611162 16.7701650876552 16.5607470758259 16.3735617981292 16.2487716129981 16.1376079423353 16.0580004104413 15.925321190618 15.964049179107 16.0658894451335 16.4725333242677 16.4302194109187 14.9373893715087 -9999 -9999 -9999 -9999 -9999 -9999 -9999 -9999 -9999 -9999 -9999 -9999 -9999 -9999 -9999 -9999 -9999 -9999 -9999 -9999 -9999 -9999 -9999 -9999 -9999 -9999 -9999 -9999
16.4658395978622 15.6040223231539 15.4935758374631 16.2927589579485 15.8227637396194 16.2387310233898 16.4402600005269 16.5464033763856 16.6590014169924 16.6102328388952 16.5987578793429 16.4997863532044 16.3879054975696 16.4811395439319 16.5564439659938 16.641788977664 16.6733451164328 16.681234151125 16.6525467522442 16.7285683592781 16.8361461050808 16.8892177930102 16.5614642607979 16.3290963298641 16.3671071333811 16.1992858499289 16.1878108903766 15.9482711097226 16.2129123643972 16.7902462668717 17.5909832881298 16.1553941296414 16.5299081220292 16.6776482262649 15.4563846739142 4.99999988824129 -9999 -9999 -9999 -9999 -9999 -9999 -9999 -9999 -9999 -9999 -9999 -9999 -9999 -9999 -9999 -9999 -9999 -9999 -9999 -9999 -9999 -9999 -9999 -9999 -9999 -9999
-9999 -9999 -9999 -9999 7.15999983996153 16.7823572321795 16.4682302144356 16.5313424919732 16.3441572142765 16.4739676942118 16.5593127058819 16.5299081220292 16.5485549313016 16.565050185658 16.5958891394548 16.8174992958084 16.9064302323386 16.8074587062001 16.763710422907 16.8691366137937 16.6604357869364 16.6310312030837 16.5069582029246 16.2272560638376 16.2258216938935 16.1103549133986 17.5063554614317 -9999 -9999 -9999 -9999 -9999 -9999 -9999 -9999 -9999 -9999 -9999 -9999 -9999 -9999 -9999 -9999 -9999 -9999 -9999 -9999 -9999 -9999 -9999 -9999 -9999 -9999 -9999 -9999 -9999 -9999 -9999 -9999 -9999 -9999 -9999
-9999 -9999 -9999 -9999 -9999 14.5265009732476 16.0773644046858 16.4230475611985 16.564333000686 16.4388256305829 16.5557267810218 16.7357402089983 16.6733451164328 16.8519241744652 16.8748740935698 16.6869716309011 16.8519241744652 16.7020325153135 16.5413830815814 16.442411555443 16.3484603241086 16.4194616363384 16.3025604858994 15.9798272484913 14.1616470928097 -9999 -9999 -9999 -9999 -9999 -9999 -9999 -9999 -9999 -9999 -9999 -9999 -9999 -9999 -9999 -9999 -9999 -9999 -9999 -9999 -9999 -9999 -9999 -9999 -9999 -9999 -9999 -9999 -9999 -9999 -9999 -9999 -9999 -9999 -9999 -9999 -9999
