EcologicalScience/Bass/data/rs_data_bass/sst_232.asc
NCOLS 226 
NROWS 124 
XLLCORNER -9.41648524995501 
YLLCORNER 47.587301625531 
CELLSIZE 0.0833 
NODATA_value -9999 
[rows 54 to 80 of 124, columns 124 to 185 of 226]
5.73412273824215 5.80536311212927 6.03844822803512 6.01788892550394 6.01908423379064 5.96027506608516 5.88401439739391 5.93110954388976 5.88736126059666 5.82663959963247 5.80751466704533 5.73986021801829 5.6791385570541 5.63371684215963 6.32400737772696 5.09618670563214 5.5065360404551 5.18475904967636 5.32747885910794 5.37696462217718 5.52685628132895 5.45513778412715 5.51825006166473 5.55841242009774 5.64519180171192 5.69037445494905 5.76567887701094 5.10084840795025 5.5849482640624 5.58566544903442 5.7240821486339 5.54335153568536 5.28946805559099 4.81254004919901 5.10873744264245 5.56414989987388 5.58709981897846 5.42286446038634 5.3654896626249 5.32389293424785 5.19408245431259 5.27440717117861 5.22276985319331 4.77166050579399 4.44103823369369 4.41450238972902 4.74871058668941 4.62965788133442 4.58017211826518 4.33824172103778 6.28041277692786 12.8708303947933 3.33349972690589 5.06899344210979 1.95025482587516 3.60814741952345 3.45598467462696 4.03089807782089 5.21168107016442 6.74241309040226 17.448118103366 16.4470521640854
5.50366730056703 5.54669839888811 5.72671182686463 5.8675191430375 5.81898962659761 5.33608507877216 5.35258033312857 5.15929898316972 5.17149112769403 5.24858851218596 5.18153171730228 5.11949521722272 5.688222900033 6.14865565206856 5.48741110786796 5.53187657613307 5.45824558567256 4.9272896447219 5.21703237341717 5.35114596318454 4.59236426278949 4.59595018764958 5.22779014799744 5.53617968596518 5.51466413680464 5.50605791714042 5.4852595529519 5.58279670914635 5.63084810227156 5.55554368020967 5.63443402713165 5.63873713696375 5.2858821307309 5.13885921146721 5.19336526934057 5.16969816526398 5.31170078972355 5.33536789380014 5.28516494575888 5.21774955838919 5.15750602073967 4.94593645399436 4.87493514176458 4.58232367318124 3.7683187299408 3.79700612882152 4.55650501418859 4.48980681179091 6.31008203618694 9.40936972666532 7.12202664540688 7.32538543282343 7.14769431808963 5.16085288394243 5.30016606475692 9.45689953071997 14.6059481472676 17.528774663657 -9999 -9999 -9999 -9999
5.40230515785515 4.9635074858088 5.2582705093082 5.31026641977951 5.4135410557501 5.34684285335243 5.35042877821252 5.26472517405637 5.09044922585599 5.1187780322507 5.18726919707842 5.25504317693412 5.32389293424785 5.23161513451487 5.18511764216237 5.62893560901284 5.6870275917463 5.8730175611563 5.15894039068371 5.44438000954688 5.37983336206526 5.090807818342 5.56917019467801 5.31241797469556 4.93230993952602 5.17758719995618 5.11519210739061 5.4013489112258 5.50677510211244 5.46804711362347 5.4773705182597 5.43577378988266 5.38413647189736 5.32891322905198 5.31528671458364 5.26364939659834 5.26723532145843 5.23137607285753 5.17400127509609 5.10586870275438 5.03271583560854 4.79030731506646 4.67555771954358 4.04013183433563 3.68010497838259 2.85677663050592 5.48730865287195 18.7914505253918 15.1629782958791 4.67757887719199 7.26976674964259 7.36733221577015 5.40734252849195 9.6521042403765 15.5014648721553 -9999 -9999 -9999 -9999 -9999 -9999 -9999
4.92191075743176 5.08973204088397 5.07431256398559 5.1227225495968 5.4068473293446 5.31134219723754 5.30560471746139 5.29341257293709 5.27871028101072 5.24141666246578 5.16288490802981 5.27117983880453 5.24105806997977 5.34779909998178 5.29161961050704 5.24249243992381 5.85819573840126 4.07670826790854 6.17877742089331 5.23496199771762 4.57013152865693 5.52685628132895 5.57777641434222 5.60359507333487 5.57132174959406 5.32461011921987 5.51968443160877 5.44724874943495 5.40421765111387 5.26293221162632 5.26723532145843 5.25217443704605 5.17758719995618 5.16682942537591 5.15894039068371 5.07718130387366 5.11519210739061 5.1187780322507 4.97103792801499 4.8476821128279 4.89860224584118 4.83692433824763 4.59092989284545 4.02650531986728 3.88952299021184 4.60240485239774 7.45680104102939 9.17919246982783 5.31337422132492 4.60180719825439 2.89351243851706 0.389660326763988 0.00022888695821166 8.32244330225512 17.239999614656 -9999 -9999 -9999 -9999 -9999 -9999 -9999
4.61722667515278 4.77859329385683 5.07287819404155 4.97950071068481 5.08966032238677 4.9991515789181 5.20161289651878 4.83297982090153 5.18762778956443 5.22671437053941 5.27655872609466 5.24249243992381 5.27512435615063 5.35544907301664 5.33063447298482 5.39094972913153 5.94569230498746 6.04753257101402 6.20387889491394 6.31838942877948 6.37648141151294 5.76209295215085 5.67603075550869 5.62295906757936 5.63801995199174 5.40636920602992 5.53833124088123 5.49816888244823 5.449400304351 5.34540848340839 5.30524612497538 5.2937711654231 5.23352762777358 5.15822320571169 5.1467482461594 5.08578752353787 5.03343302058056 5.07789848884568 4.97964414767921 4.9394817892462 4.94450208405033 4.7960447948426 3.60264900140464 2.37984862411395 2.38845484377816 4.94139428250492 4.28279347898548 4.14889082597459 4.87236522894818 2.94304373714008 2.70801197631019 1.79216676704319 0.775027718394995 17.9538430247223 15.2549996590242 -9999 -9999 -9999 -9999 -9999 -9999 -9999
12.7552867730514 4.8530012347037 5.6280590496026 4.97085863177199 5.12934021092951 5.18717954895692 4.78557389425114 4.99241004018113 5.11605272935703 4.94091615919024 5.16145053808577 5.24571977229789 5.32317574927583 5.13204595423304 5.48812829283997 5.65451520634815 5.96696879249066 5.98633278673515 6.18523208564147 6.56031982600689 6.28970202989876 5.85604418348521 5.76424450706691 5.73053681338206 5.71977903880179 5.67746512545273 5.57705922937021 5.53115939116105 5.59068574383855 5.55052338540554 5.42071290547028 5.37839899212122 5.33895381866023 5.22276985319331 5.23352762777358 5.18404186470434 5.13240454671904 5.09295937325805 4.85628833249211 4.78672139020637 4.84337900299579 4.47904903721064 4.54909410281107 2.15034943306819 3.94259467814118 15.8700979477726 3.64629482970174 3.48983028849873 2.62233683187515 2.54367416272206 1.48318811284844 0.914639726281166 1.51106867863564 5.6464020513522 17.3349996125326 -9999 23.7447889405303 23.7449994692579 -9999 -9999 -9999 -9999
-9999 -9999 -9999 -9999 -9999 15.5299996528774 4.73015342553845 4.83678090125322 4.87249671285972 5.02375102345832 5.03379161306657 5.05602434719913 5.1426244325703 5.08184300619178 2.63014617934823 5.81301308516413 5.91724396776408 5.96290474431589 3.23975340556353 5.64734335662797 6.21631010109559 6.11805575992912 5.82950833952054 5.87110506789759 5.56917019467801 5.60789818316698 5.69969785958529 5.63873713696375 5.76639606198296 5.71475874399766 5.48884547781199 5.43649097485468 5.43362223496661 5.35544907301664 5.29592272033915 5.21129489364102 5.17902156990021 5.18404186470434 5.07431256398559 4.93230993952602 4.5012817713432 3.7962889438495 4.66982023976743 4.92083497997373 4.61764503305312 14.2321310673007 -9999 18.4054663546849 20.0292709292844 16.7749996250495 2.06763409962878 1.40268409973942 1.32845545513555 7.73757895757444 5.37499987985939 5.37499987985939 1.254403946579 -9999 -9999 -9999 -9999 -9999
-9999 -9999 -9999 -9999 -9999 -9999 -9999 3.30437974026427 3.51937585743144 4.97288211794304 5.64124728436582 4.98896755231544 5.0230338384863 5.06427197437733 5.29054383304901 5.94832198321819 5.88616595230997 5.90505182323977 6.05040131090209 5.77500228164718 6.23208817047998 5.83022552449256 5.64734335662797 5.21488081850111 5.86465040314943 5.99374369811267 5.81946774991229 5.90266120666638 5.8438520389609 5.80440686549991 5.63730276701972 5.51896724663675 5.52398754144087 5.48382518300787 5.27512435615063 5.19193089939654 5.09582811314613 4.78743857517838 4.89286476606503 4.71858881786466 4.6368297310546 4.21727652242407 4.46255378285423 4.47474592737854 13.656865124125 17.0799996182323 -9999 -9999 -9999 -9999 -9999 -9999 -9999 -9999 -9999 -9999 -9999 -9999 -9999 -9999 -9999 -9999
-9999 -9999 -9999 -9999 -9999 -9999 -9999 -9999 12.7099997159094 13.2030601504516 5.02930920699146 5.0192686173832 4.90989790915046 4.99847025319468 5.09188359580003 5.31636249204166 5.77906632982194 5.50964384200051 6.03067872417159 4.5170598407276 5.86465040314943 6.57107760058716 5.91987364599481 4.68488112417981 5.53904842585325 6.25981932273135 6.0590075305663 6.29352701641619 6.11638232832775 6.05327005079016 5.83022552449256 5.78719442617148 5.68535416014493 5.5806451542303 5.34827722329646 5.16396068548784 5.03701894544065 4.83333841338754 4.51275673089549 4.5371410199441 4.44677571346983 4.29903560923412 4.08172856271267 4.00953194219619 12.921640191657 -9999 -9999 -9999 -9999 -9999 -9999 -9999 -9999 -9999 -9999 -9999 -9999 -9999 -9999 -9999 -9999 -9999
-9999 -9999 -9999 -9999 -9999 -9999 -9999 -9999 -9999 14.5749996742234 4.03260139212944 4.29927467089146 4.11597414512653 5.69912411160767 5.04562516510487 5.11501281114761 5.20268867397681 5.19336526934057 5.75850702729076 5.41497542569414 5.86465040314943 6.56940416898578 6.63179926155135 6.22969755390659 6.24977873312309 6.31145664071664 6.43194371601567 6.52159183751792 6.41186253679916 6.1027558138594 5.91987364599481 5.79508346086368 5.73268836829811 5.56056397501379 5.3654896626249 5.1826074947603 4.98394725751132 4.77883235551417 4.51203954592347 4.45825067302212 4.47116000251845 3.3301187120378 3.7202673368156 4.42526016430929 7.40852552760043 16.0649996409193 -9999 -9999 -9999 -9999 -9999 -9999 -9999 -9999 -9999 -9999 -9999 -9999 -9999 -9999 -9999 -9999
-9999 -9999 -9999 -9999 -9999 -9999 -9999 -9999 -9999 15.4649996543303 4.30333871906623 4.40697194752283 4.39011810068041 4.32108904712368 4.02507094992325 4.71715444792062 5.19766837917268 6.17411571857519 6.71164585510269 4.76161991618574 6.6071759108454 5.57992796925828 6.67506942152977 6.31504256557673 7.06258836807683 7.15438804449514 6.53521835198626 6.49720754846931 6.44772178540006 6.12283699307591 6.00019836286083 5.8036896805279 5.79293190594763 5.38915676670149 5.15822320571169 5.01980650611222 4.95741141354665 4.63180943625048 4.51490828581154 4.4890896268189 4.22731711203232 3.75469221547246 3.33657337678596 4.94276034911828 13.624743715993 -0.0248725870624185 13.8211219553211 -9999 -9999 -9999 -9999 -9999 -9999 -9999 -9999 -9999 -9999 -9999 -9999 -9999 -9999 -9999
-9999 -9999 -9999 -9999 -9999 -9999 -9999 -9999 -9999 8.74454214712378 4.34744559484534 4.69886623113416 4.91886272130068 5.38270210195333 5.49565873504616 5.66025268612429 6.81874547759071 6.54561753408052 6.43481245590374 6.74989572027698 6.77595344092697 6.86894842563197 6.96600745851174 7.14554276317358 7.10346791148186 7.09988198662177 7.06473992299289 6.91699981875718 6.30858790082857 6.23758658859879 5.99087495822459 5.967207854148 5.65881831618026 5.30381175503135 5.14889980107546 4.9674520031549 4.83835870819166 4.60025329748169 4.41163364984095 4.23090303689241 3.90530105959624 3.4018372092396 3.14006469445303 7.13741466682404 16.1099996399134 -9999 -9999 -9999 -9999 -9999 -9999 -9999 -9999 -9999 -9999 -9999 -9999 -9999 -9999 -9999 -9999 -9999
-9999 -9999 -9999 -9999 -9999 -9999 -9999 -9999 -9999 4.93876460427418 4.31212423497345 5.15965757565573 5.16324350051582 5.53617968596518 6.56486199749634 5.99553666054271 6.25049591809511 6.47927792416885 5.83381144935265 7.01788383815438 7.60262865200639 7.35902482317761 7.39440594846383 7.25527206389233 7.04633217537776 7.07812737580389 6.81635486101732 7.13454592693597 6.29352701641619 6.11566514335573 6.10777610866353 6.02529983688146 5.42788475519046 5.14316232129931 5.00904873153195 5.02984709572047 4.59164707781747 4.33130893297493 4.14197210036218 3.93470564344898 3.87159336591139 3.40685750404373 4.23066397523507 13.5618893428306 -9999 -9999 -9999 -9999 -9999 -9999 -9999 -9999 -9999 -9999 -9999 -9999 -9999 -9999 -9999 -9999 -9999 -9999
-9999 -9999 -9999 -9999 -9999 -9999 -9999 -9999 7.29350114109642 5.25289162201807 5.33142337645404 5.31277656718157 5.58745841146447 5.78038116893731 6.47999510914087 6.41257972177118 6.73029266437516 7.25527206389233 5.23496199771762 7.11506240186282 7.34826704859734 7.53545232629403 7.45369323948398 7.29113131249323 7.12546158395708 6.90026550274342 7.39870905829594 7.29937893967144 6.53689178358763 6.26770835742354 6.08052307972685 5.87253943784162 5.53904842585325 5.19121371442452 5.30548518663272 5.46804711362347 4.26747947046533 3.96984770707786 4.16779075935483 3.80489516351372 4.12189092114568 4.15751110808924 13.5290406948815 -9999 -9999 -9999 -9999 -9999 -9999 -9999 -9999 -9999 -9999 -9999 -9999 -9999 -9999 -9999 -9999 -9999 -9999 -9999
-9999 -9999 -9999 -9999 -9999 -9999 -9999 -9999 5.06160814448127 5.10479292529635 5.1385006189812 5.52613909635693 5.74272895790637 5.20412304392084 6.45740378252231 6.73674732912332 6.88950772816315 6.91174046229571 7.02326272544451 5.27655872609466 5.59498885367066 7.75323749613017 7.24523147428408 6.69515060074627 6.31002227077261 6.75969724822789 6.71666614990681 6.58829003991559 6.52278714580461 6.42859685281292 6.26627398747951 5.78217413136736 5.62511062249541 5.14196701301262 4.86011331900954 4.59642831096426 4.36525568831712 4.30811995221302 4.25002796947956 4.1359955589287 4.11137220822275 13.7698493412553 17.4099996108562 -9999 -9999 -9999 -9999 -9999 -9999 -9999 -9999 -9999 -9999 -9999 -9999 -9999 -9999 -9999 -9999 -9999 -9999 -9999
-9999 -9999 -9999 -9999 -9999 -9999 -9999 7.29644045679056 4.61043732408434 4.80142368213274 4.89501632098109 5.34756003832445 5.52972502121702 6.63490706309676 6.26555680250749 6.60621966421604 7.14052246836945 6.37026580842212 6.1823633457534 6.93433178891428 5.63586839707568 5.43218786502257 6.75969724822789 6.7797784274444 6.65785698220134 7.00497450865805 6.68511001113802 6.63705861801282 6.50677001476288 5.29950864519924 5.42358164535835 5.43147068005055 5.38126773200929 5.07144382409751 4.87732575833797 4.47116000251845 4.33274330291897 3.63635669508949 4.06547237001359 3.94976652786136 12.4113538893871 11.5045162846756 -9999 -9999 -9999 -9999 -9999 -9999 -9999 -9999 -9999 -9999 -9999 -9999 -9999 -9999 -9999 -9999 -9999 -9999 -9999 -9999
-9999 -9999 -9999 3.8400372271426 -9999 11.0046817401619 4.53240759912878 4.61043732408434 4.77847376302816 3.26485487958416 5.71547592896968 4.98466444248334 6.29496138636023 6.10526596126147 6.28061768691987 6.40182194719091 7.51489302376285 6.60550247924402 5.56128115998581 5.5648670848459 7.30690938187763 7.24523147428408 6.7001708955504 6.78192998236045 7.04011657228693 6.7226426913403 6.57442446378991 6.49888098007068 6.3896298026666 6.27129428228363 5.63945432193577 5.71691029891372 5.58996855886653 5.25910722510889 4.89214758109301 4.49267555167899 4.42980233579874 3.49363688565791 3.46996978158131 13.5473922470834 13.2949997028336 -9999 -9999 -9999 -9999 -9999 -9999 -9999 -9999 -9999 -9999 -9999 -9999 -9999 -9999 -9999 -9999 -9999 -9999 -9999 -9999 -9999
-9999 -9999 3.88019958557561 -9999 7.10481420607845 4.58017211826518 4.5889217749238 3.70520645240322 5.14172795135528 3.26485487958416 6.61984617868438 6.54812768148258 5.92704549571499 6.06833093520254 7.62390513950959 7.46971037052572 7.09390544518828 6.9870448843576 7.67769401241094 7.54644916253164 7.46612444566563 7.02099163969979 6.26483961753547 6.43481245590374 6.40110476221889 6.40803755028173 6.43768119579181 6.13359476765618 5.91198461130261 4.25672169588506 5.70328378444538 5.6165044028312 5.14698730781674 5.15487634250894 5.03152052732185 4.98585975077003 4.89716787589714 4.98309967527166 2.99017303530127 -9999 -9999 -9999 -9999 -9999 -9999 -9999 -9999 -9999 -9999 -9999 -9999 -9999 -9999 -9999 -9999 -9999 -9999 -9999 -9999 -9999 -9999 -9999
16.7749996250495 16.7749996250495 -9999 16.3599996343255 2.30024109221995 4.48383027035743 3.79485457390547 5.45534269411915 3.78481398429722 5.5490890154615 5.78360850131139 5.95752585702576 5.37266151234508 6.06976530514657 6.33655811473727 7.15271461289376 6.66502883192152 7.74152347492054 7.4768822202459 7.40301216812804 7.55505538219586 5.33034759899601 6.14004943240434 6.1386150624603 6.15009002201259 6.39847508398816 6.2607755693607 6.15056814532727 5.91748302942142 5.61435284791514 5.17639189166948 4.91318500693887 4.85533208586276 4.10898159164935 4.74799340171739 4.8330993517302 5.61626534117386 17.0243623361748 -9999 -9999 -9999 -9999 -9999 -9999 -9999 -9999 -9999 -9999 -9999 -9999 -9999 -9999 -9999 -9999 -9999 -9999 -9999 -9999 -9999 -9999 -9999 -9999
6.80543771199882 15.9535841330867 6.99729641072233 5.70937985670753 2.9277779427357 4.82951342687011 5.43529566656798 5.05423138476908 3.20030823210254 6.13000884279609 6.34014403959736 6.14220098732039 6.44628741545603 6.71021148515865 6.52589494735003 6.73567155166529 6.75109102856368 6.80703145638108 7.4331339369528 7.32483900617808 6.80344553152099 5.72479933360592 6.63108207657933 6.34133934788406 5.86249884823337 4.41737112961709 6.1343119526282 5.96792503912002 5.79747407743707 5.18212937144563 4.93733023433015 4.90075380075723 4.4520350699313 4.36286507174373 4.60303238924826 9.12200209105919 15.2543575535207 15.9649996431544 -0.078899741616576 13.2399997040629 -9999 -9999 -9999 -9999 -9999 -9999 -9999 -9999 -9999 -9999 -9999 -9999 -9999 -9999 -9999 -9999 -9999 -9999 -9999 -9999 -9999 -9999
5.29986723768525 5.57849359931424 5.64806054159999 4.36979785980657 4.62248603161424 4.61818292178214 5.04562516510487 5.04598375759088 5.49960325239226 5.5849482640624 6.80416271649301 6.40361490962096 5.41999572049826 7.4823806383647 6.92393260682002 6.86870936397463 6.74607073375955 6.77798546501435 7.4252449022606 6.42011016397737 6.32651752512902 6.28396455012262 5.41999572049826 6.75037384359166 6.36548457527533 2.4099703929387 5.79245378263295 5.70471815438941 5.34899440826848 4.41019927989691 4.70567948836833 4.92322559654713 4.16994231427088 15.9963318169383 14.5852659826282 16.4607428033277 17.3513772443454 0.880740783270449 12.9856877219643 -9999 -9999 -9999 -9999 -9999 -9999 -9999 -9999 -9999 -9999 -9999 -9999 -9999 -9999 -9999 -9999 -9999 -9999 -9999 -9999 -9999 -9999 -9999
6.05520093340713 5.72444074111991 5.18523717299104 3.5969115216285 4.56295967893675 4.81254004919901 4.89896083832718 5.16073335311376 6.07140458508262 6.38194567796641 6.15009002201259 6.7797784274444 5.26795250643045 5.13025299180299 7.06378367636353 7.00999480346218 6.65678120474331 6.27488020714372 6.18343912321143 5.92776268068701 6.7561113233678 6.74846135033295 6.32125816866755 5.43433941993862 5.44438000954688 5.20101524237543 4.92226934991777 5.08889532508329 4.91342406859621 4.55005034944043 4.70998259820044 3.77118746982887 3.67006438877434 12.6849001907976 4.48555887003358 13.7187085359429 -9999 -9999 -9999 -9999 -9999 -9999 -9999 -9999 -9999 -9999 -9999 -9999 -9999 -9999 -9999 -9999 -9999 -9999 -9999 -9999 -9999 -9999 -9999 -9999 -9999 -9999
3.72504856996238 4.44940539170057 5.28253526752815 4.59774315007962 4.68774986406788 4.85521255503409 5.12989439931698 6.80870488798246 5.80010375566781 7.19694101950154 7.31718903314322 6.79483931185678 7.0469298295211 7.21654407540336 7.00389873120002 6.79089479451068 6.27093568979762 6.38353373040445 6.19455549027771 5.88867609971203 5.505197295174 6.21893977932632 5.87090015790558 5.39656767807901 4.82783999526873 4.67436241125688 4.83931495482102 4.78385265031829 3.76975309988484 4.30011138669215 10.1895365789533 10.7272584126331 10.7949997587129 -9999 -9999 13.6052278061397 13.6049996959046 -9999 -9999 -9999 -9999 -9999 -9999 -9999 -9999 -9999 -9999 -9999 -9999 -9999 -9999 -9999 -9999 -9999 -9999 -9999 -9999 -9999 -9999 -9999 -9999 -9999
4.39848525868729 4.55339721264318 4.41636707065627 6.77547531761229 4.82258063880727 4.56009093904868 5.0707266391255 6.87062185723335 6.57384388547923 4.49482710659504 6.98668629187159 6.73889888403937 5.46015807893127 5.64017150690779 5.78719442617148 7.26029235869646 5.4572893390432 5.24787132721394 5.02195806102827 5.35329751810059 5.43261817600578 6.19688634143677 5.10488257341785 4.22373118717223 4.10812096968293 4.30525121232495 3.90769167616963 3.65667693596333 4.3578447769396 2.33968626568094 4.07025360316038 1.50990325305611 5.14973651687615 16.8728619912872 -9999 -9999 -9999 -9999 -9999 -9999 -9999 -9999 -9999 -9999 -9999 -9999 -9999 -9999 -9999 -9999 -9999 -9999 -9999 -9999 -9999 -9999 -9999 -9999 -9999 -9999 -9999 -9999
5.79329049843363 5.8119373077061 5.63084810227156 4.01482545032299 3.82167729185894 9.01071439592756 7.82077241432853 5.28253526752815 3.75469221547246 6.77906124247238 6.87014373391867 7.97652108408511 6.95620593056083 5.65379802137613 6.81970172422007 8.51895198458806 4.82975248852745 6.18786176387221 5.05681325066835 5.07287819404155 5.21631518844515 3.88808862026781 3.60207525342703 3.59605089966208 3.57668690541759 3.67699717683718 3.63850825000554 4.39728995040059 4.19934689812362 2.45013275137171 4.77483661067007 15.3658272643224 4.6644925799753 4.72647785255685 17.7005243277934 4.99999988824129 -9999 -9999 -9999 -9999 -9999 -9999 -9999 -9999 -9999 -9999 -9999 -9999 -9999 -9999 -9999 -9999 -9999 -9999 -9999 -9999 -9999 -9999 -9999 -9999 -9999 -9999
-9999 -9999 -9999 -9999 7.15999983996153 14.6963769287337 7.57101274782326 6.93028481657218 6.4967977284853 5.4135410557501 7.76064840750769 7.55959755368531 7.09629606176168 7.12904750881717 6.92154199024662 6.67937253136188 5.9021830833517 5.49530014256015 5.37091977741303 4.63510848712176 5.02052369108424 3.69674366973341 3.56822412274778 3.3421674195677 4.01646473025903 4.58293840315725 12.7240369747207 -9999 -9999 -9999 -9999 -9999 -9999 -9999 -9999 -9999 -9999 -9999 -9999 -9999 -9999 -9999 -9999 -9999 -9999 -9999 -9999 -9999 -9999 -9999 -9999 -9999 -9999 -9999 -9999 -9999 -9999 -9999 -9999 -9999 -9999 -9999
-9999 -9999 -9999 -9999 -9999 15.5329343182352 7.03653064742684 4.5450300546363 4.69277015887201 7.88352609938011 7.91054006665945 7.14936774969101 6.8211360941641 6.88018432352692 5.2701040613465 5.45836511650123 5.36082796030678 5.53665780927986 4.94019897421822 4.57156589860097 4.14842676511034 4.41450238972902 5.38700521178544 5.59020762052387 14.7114007097358 -9999 -9999 -9999 -9999 -9999 -9999 -9999 -9999 -9999 -9999 -9999 -9999 -9999 -9999 -9999 -9999 -9999 -9999 -9999 -9999 -9999 -9999 -9999 -9999 -9999 -9999 -9999 -9999 -9999 -9999 -9999 -9999 -9999 -9999 -9999 -9999 -9999
