EcologicalScience/Bass/data/rs_data_bass/sst_526.asc
NCOLS 226 
NROWS 124 
XLLCORNER -9.41648524995501 
YLLCORNER 47.587301625531 
CELLSIZE 0.0833 
NODATA_value -9999 
[rows 81 to 107 of 124, columns 62 to 123 of 226]
11.6702627516352 -9999 -9999 -9999 -9999 -9999 -9999 -9999 -9999 -9999 -9999 -9999 -9999 -9999 -9999 -9999 -9999 -9999 -9999 -9999 -9999 -9999 -9999 -9999 -9999 -9999 -9999 -9999 -9999 -9999 -9999 -9999 -9999 -9999 -9999 -9999 -9999 -9999 -9999 -9999 -9999 -9999 -9999 -9999 -9999 -9999 -9999 -9999 -9999 -9999 -9999 -9999 -9999 -9999 -9999 -9999 -9999 -9999 -9999 -9999 -9999 -9999
15.7999996468425 -9999 -9999 -9999 -9999 -9999 -9999 -9999 -9999 -9999 -9999 -9999 -9999 -9999 -9999 -9999 -9999 -9999 -9999 -9999 -9999 -9999 -9999 -9999 -9999 -9999 -9999 -9999 -9999 -9999 -9999 -9999 -9999 -9999 -9999 -9999 -9999 -9999 -9999 -9999 -9999 -9999 -9999 -9999 -9999 -9999 -9999 -9999 -9999 -9999 -9999 -9999 -9999 -9999 -9999 -9999 -9999 -9999 -9999 -9999 -9999 -9999
-9999 -9999 -9999 -9999 -9999 -9999 -9999 -9999 -9999 -9999 -9999 -9999 -9999 -9999 -9999 -9999 -9999 -9999 -9999 -9999 -9999 -9999 -9999 -9999 -9999 -9999 -9999 -9999 -9999 -9999 -9999 -9999 -9999 -9999 -9999 -9999 -9999 -9999 -9999 -9999 -9999 -9999 -9999 -9999 -9999 -9999 -9999 -9999 -9999 -9999 -9999 -9999 -9999 -9999 -9999 -9999 -9999 -9999 -9999 -9999 -9999 -9999
-9999 -9999 -9999 -9999 -9999 -9999 -9999 -9999 -9999 -9999 -9999 -9999 -9999 -9999 -9999 -9999 -9999 -9999 -9999 -9999 -9999 -9999 -9999 -9999 -9999 -9999 -9999 -9999 -9999 -9999 -9999 -9999 -9999 11.3199997469783 11.209999749437 11.1449997508898 -9999 -9999 -9999 -9999 -9999 -9999 -9999 -9999 -9999 -9999 -9999 -9999 -9999 -9999 -9999 -9999 -9999 -9999 -9999 -9999 17.2699996139854 11.9970122248866 11.7866260133451 11.5755943353288 11.6806619337294 11.1919003752992
-9999 -9999 -9999 -9999 -9999 -9999 -9999 -9999 -9999 -9999 -9999 -9999 -9999 -9999 -9999 -9999 -9999 -9999 -9999 -9999 -9999 -9999 -9999 -9999 -9999 -9999 -9999 -9999 -9999 -9999 -9999 -9999 -9999 16.7499996256083 12.3906750560272 12.4792474000715 12.4902920486405 12.2662434633821 12.0786995931994 12.8074312432669 17.7443476324092 -9999 11.423551121261 12.3738212091848 12.5280159781687 12.6789834147785 12.1235236539505 11.7462843586691 11.5755943353288 11.3622318061534 12.0883815903217 11.9101611247752 11.189999749884 -9999 11.9585711103864 12.1740851944778 11.9083681623451 11.8925900929607 11.7921841968782 13.3398693664931 13.375011430122 10.586954851402
-9999 -9999 -9999 -9999 -9999 -9999 -9999 -9999 -9999 -9999 -9999 -9999 14.2657551653683 14.492564912769 13.3398693664931 12.7575151692145 11.4167378640268 11.3507056191031 12.0596941914409 -9999 -9999 -9999 -9999 -9999 -9999 11.894999734126 -9999 12.7747276085429 12.4763786601834 11.5002899132669 12.1364329834469 12.1952421511523 12.4749442902394 12.3558915848844 16.5699996296316 -9999 12.8182368301786 12.0281380526721 11.8509933645837 11.981521029491 11.821230188245 12.061128561385 11.8101138211787 12.1393017233349 13.3147678924724 12.1644031973556 12.3286385559477 12.2877590125427 12.2490310240537 12.262657538522 12.0783410007134 11.9958647289313 11.9721976248547 11.3303170748986 11.4500869652256 11.8323465553112 11.3170491529163 10.3649861025624 10.2441404347774 13.2244025859982 12.9411145220511 12.5308847180568
-9999 -9999 -9999 -9999 -9999 -9999 -9999 -9999 -9999 16.4989331503929 12.331103879289 12.1831396547495 12.6714529725723 12.579653296154 12.5143894637004 12.5316019030288 12.4240241572261 11.6874751909636 11.184728525579 11.7677999078296 11.7398296939209 12.2031311858445 11.943510225974 9.45989866787568 11.5411694566719 11.5698568555526 -9999 12.0087740584277 11.824457520619 11.7082735551521 11.9054994224571 11.9212774918415 11.7649311679415 11.6437269076705 11.9179374589718 16.3849996337667 15.8799996450543 11.6960814106278 12.3064058218151 12.5316019030288 12.2346873246133 12.0317239775322 11.8438215148635 11.5634021908045 11.663808086887 11.3080843407661 12.0697347810492 11.8359324801713 11.903347867541 11.8703573588282 11.6767174163833 11.6774346013553 11.5368663468398 11.4092074218206 11.3009124910459 11.0126041322947 12.0568254515529 12.2863246425986 12.7238074755296 12.9339426723309 12.8471632907167 12.6944028916769
-9999 -9999 -9999 -9999 -9999 -9999 -9999 -9999 14.7849996695295 11.9297044152627 12.3924680184573 12.5767845562659 12.7051606662571 12.0668660411611 11.8280434454791 11.8280434454791 11.70397044532 11.0348368664272 11.4271370461211 11.4794915490784 11.3941465374082 11.4450666704215 11.5311288670637 11.6107363989577 11.5160679826513 9.92965482454747 11.5562303410843 11.6494643874466 11.6688283816911 11.4902493236586 11.4457838553935 11.3654591385275 11.3826715778559 11.5160679826513 11.6595049770549 11.7211828846484 11.6286660232581 11.8316293703392 12.1758781569079 12.1701406771317 12.1314126886427 11.6049989191815 11.2865687916055 11.5189367225394 11.6071504740976 11.8251747055911 11.9327524513938 11.9901272491552 11.6587877920829 12.062562931329 11.8947416478768 11.9521164456382 11.5598162659444 11.3898434275761 11.3676106934436 11.8746604686603 11.983672584407 11.5626850058325 11.5949583295733 12.9174474179745 13.1347544644959 12.6936857067049
-9999 -9999 -9999 -9999 -9999 -9999 -9999 -9999 11.9399243011139 12.2418591743335 12.1852015615441 11.6401409828104 11.6587877920829 11.5612506358884 11.3934293524362 11.424268306233 11.4766228091903 11.4909665086307 11.5533616011962 11.6315347631462 11.5533616011962 11.4802087340504 11.4716025143862 11.4084902368486 11.4859462138265 11.4694509594701 11.4959868034348 11.4981383583508 11.4343088958412 11.3109530806541 11.304498415906 11.2715079071932 11.3166905604303 11.2966093812138 11.3812372079119 11.4163792715408 11.4500869652256 11.4429151155055 11.4292886010371 10.9566637044773 11.1001006988809 11.225608068984 11.2499923580326 11.2858516066335 11.3683278784156 11.7183141447604 11.78214360727 11.7262031794526 11.3281655199826 11.6057161041535 11.5569475260563 11.7254859944806 11.6975157805718 11.704687630292 11.702536075376 11.78214360727 11.7577593182214 11.7663655378856 11.6128879538737 12.4046601629816 12.2354045095854 12.3996398681775
-9999 9.40499978978187 -9999 -9999 -9999 -9999 -9999 9.59999978542328 12.4098597540287 11.7663655378856 11.5677053006366 11.346812329255 11.6903439308517 11.4515213351697 11.3123874505982 11.1101412884891 11.144566167146 11.3547013639472 11.3719138032757 11.5017242832109 11.4694509594701 11.463713479694 11.4170964565128 11.3962980923243 11.2980437511578 11.2485579880886 11.3159733754583 11.3088015257381 11.2822656817734 11.1883144504391 11.1797082307748 11.184728525579 11.1911831903271 11.2456892482005 11.2585985776968 11.1603442365304 11.1345255775377 11.2012237799354 11.2026581498794 11.1488692769781 11.0111697623506 11.1094241035171 11.106555363629 11.2872859765776 11.3425092194229 11.422833936289 11.383388762828 11.3231452251785 11.424268306233 11.6049989191815 11.6028473642655 11.6136051388457 11.6846064510755 11.7068391852081 11.7505874685012 11.8079622662626 11.942793041002 11.944227410946 11.8739432836883 12.0596941914409 12.0453504920006 12.4577318509109
11.5913724047132 11.6408581677824 12.0991393649019 11.5153507976793 12.9830120054164 -9999 16.1899624452926 11.3726309882477 11.3633075836115 11.4407635605894 11.4902493236586 11.5469069364481 11.3310342598706 11.4056214969605 11.2083956296556 10.9358653402887 11.1689504561946 11.1660817163065 11.1818597856909 11.2205877741799 11.2801141268574 11.2234565140679 9.96479688817635 11.2421033233404 11.3001953060739 11.2944578262977 11.2851344216615 11.306649970822 11.3166905604303 11.2356486585923 11.2363658435643 11.1323740226217 11.2349314736202 11.2356486585923 11.2421033233404 11.1897488203831 11.1947691151872 11.1567583116703 11.3539841789752 11.304498415906 11.2442548782565 11.1373943174258 11.1653645313345 11.2464064331725 11.3238624101505 11.3948637223803 11.5110476878472 11.4737540693022 11.4522385201417 11.5526444162242 11.5296944971196 11.546189751476 11.5225226473995 11.6795861562714 11.6860408210196 11.6021301792935 11.7355265840888 11.901196312625 11.9958647289313 11.86390269408 11.6795861562714 11.7649311679415
12.3616290646605 12.5244300533086 12.3931852034293 11.3339029997587 11.7075563701801 11.2342142886482 11.2621845025569 11.2313455487601 11.3955809073523 11.6121707689017 11.4622791097499 11.3188421153463 11.2349314736202 11.2865687916055 11.2585985776968 11.2048097047955 11.1589098665863 11.186162895523 11.2521439129487 11.2406689533964 11.2715079071932 11.2327799187042 11.2399517684244 11.2815484968014 11.3281655199826 10.905026386492 10.8799249124713 11.4006012021564 11.4049043119885 11.2499923580326 11.2205877741799 11.3281655199826 11.3080843407661 11.3367717396468 11.3668935084715 11.3740653581917 11.385540317744 11.3998840171844 11.4350260808133 11.4959868034348 11.5705740405247 11.5655537457205 11.3138218205422 10.2552568018436 11.3260139650665 11.3360545546748 11.4486525952816 11.464430664666 11.4070558669046 11.5261085722595 11.5189367225394 11.543321011588 11.4536728900857 11.5096133179031 11.5619678208604 11.6344035030343 11.5383007167839 11.5526444162242 11.5705740405247 11.5913724047132 11.4830774739385 11.505310208071
12.7747276085429 12.6736045274884 12.3049714518711 11.2363658435643 11.2607501326129 11.146717722062 11.3891262426041 11.3991668322124 10.9781792536378 11.0749992248602 11.7900326419622 11.7140110349283 11.6365550579503 11.383388762828 11.0721304849721 10.9910885831341 11.0706961150281 10.0200201310217 9.62485121143982 11.2872859765776 11.2865687916055 11.3260139650665 11.3030640459619 11.3095187107101 11.3131046355702 11.3073671557941 11.3704794333316 11.425702676177 11.4522385201417 11.4027527570724 11.4084902368486 11.4135105316527 11.4364604507573 11.4737540693022 11.4572588149458 11.4759056242183 11.4873805837706 11.4687337744981 11.4421979305334 11.4457838553935 11.4780571791343 11.5096133179031 11.6401409828104 11.5999786243774 11.5218054624274 11.4967039884068 11.3575701038353 11.2973265661858 11.2220221441239 11.3812372079119 11.4586931848899 11.5540787861682 11.6014129943214 11.6394237978384 11.8122653760947 11.8861354282126 11.5590990809724 11.5311288670637 11.5992614394054 11.6609393469989 11.8997619426809 11.8352152951993
11.9083681623451 11.9851069543511 12.2002624459565 11.9779351046309 12.1550797927193 12.3250526310876 11.8373668501154 11.742698433809 11.664525271859 11.5497756763361 11.4830774739385 11.3962980923243 11.3762169131078 11.3970152772963 11.3295998899266 11.2542954678647 11.3188421153463 11.2865687916055 11.146717722062 11.0922116641887 11.0140385022387 11.1761223059148 11.2980437511578 11.3425092194229 11.2550126528367 11.4938352485187 11.545472566504 11.5684224856086 11.5777458902448 11.4794915490784 11.4873805837706 11.4995727282949 11.5641193757765 11.5899380347691 11.5978270694613 11.5081789479591 11.5146336127073 11.4493697802536 11.3984496472403 11.384823132772 11.384823132772 11.3267311500385 11.3754997281358 11.4924008785747 11.4751884392463 11.5612506358884 11.5253913872875 11.5182195375673 11.6071504740976 11.4622791097499 11.545472566504 11.6408581677824 11.904065052513 12.0001678387634 11.7513046534732 11.8266090755351 11.7211828846484 11.824457520619 11.7627796130255 11.9212774918415 11.8502761796117 11.8509933645837
11.8180028558709 12.3974883132614 12.2246467350051 11.9198431218974 11.5777458902448 11.0771507797763 8.83021026244387 12.222495180089 10.9753105137497 11.6100192139857 11.5469069364481 11.4020355721004 11.3489638841711 11.3518326240592 11.5318460520357 12.2346873246133 11.4694509594701 11.5332804219797 11.5705740405247 11.5662709306926 11.5189367225394 11.2679219823331 11.2880031615496 11.3711966183037 11.5504928613082 11.6602221620269 11.6544846822508 11.6838892661035 11.6286660232581 11.5562303410843 11.5275429422036 11.5519272312522 11.6982329655439 11.744849988725 11.7484359135851 11.6265144683421 11.5928067746572 11.662373716943 11.5928067746572 11.3260139650665 11.3245795951225 11.3618732136674 11.2550126528367 11.2435376932845 11.1244849879295 11.1667989012785 11.5002899132669 11.5512100462802 11.4888149537146 11.30593278585 11.4407635605894 11.6702627516352 11.7864467171021 12.0145115382038 11.5397350867279 11.8352152951993 11.9241462317295 11.9650257751346 12.0252693127841 12.060411376413 12.2016968159005 12.1579485326074
12.2640919084661 12.3566087698564 12.6865138569847 12.0302896075882 12.1156346192583 12.4297616370022 11.8725089137442 10.866298398003 11.6788689712994 11.4823602889664 11.6049989191815 11.3690450633876 11.3582872888073 11.3798028379679 11.3754997281358 8.7398449559696 11.3719138032757 11.3618732136674 11.4665822195821 11.5497756763361 11.5010070982389 11.4543900750577 11.3102358956821 11.2908719014376 11.3475295142271 11.4880977687426 11.5648365607485 11.7677999078296 11.7348093991168 11.662373716943 11.665242456831 11.6394237978384 11.8180028558709 11.8818323183805 11.821588780731 11.744132803753 11.6910611158237 11.6530503123067 11.703253260348 11.4407635605894 11.4888149537146 11.5225226473995 11.422833936289 11.4952696184628 11.4880977687426 11.5619678208604 11.2557298378088 12.2296670298092 11.3364131471608 12.0367442723364 12.0295724226162 11.8409527749754 10.4051484609954 11.3661763234995 11.7513046534732 11.9793694745749 12.0726035209373 12.1952421511523 12.2683950182982 12.3214667062275 12.4950254694559 12.8864819021238
12.8342539612204 12.860072620213 12.8019806374796 12.3931852034293 12.2103030355647 11.2098299995996 12.0037537636235 12.2397076194175 11.6924954857677 11.0298165716231 11.3876918726601 9.27486494509503 11.4586931848899 11.4515213351697 11.3360545546748 11.4156620865688 11.4020355721004 11.2872859765776 11.2162846643478 11.2320627337322 11.2829828667454 11.2980437511578 11.2557298378088 11.3267311500385 11.4522385201417 11.6379894278944 11.4931180635467 11.5096133179031 11.5648365607485 11.5590990809724 11.4687337744981 11.6774346013553 11.8452558848076 12.0094912433997 11.9714804398827 11.8352152951993 11.7333750291727 11.744849988725 11.7513046534732 11.6666768267751 11.663808086887 11.6508987573907 11.5512100462802 11.1524552018382 11.3525498090312 11.4472182253376 11.7749717575498 11.8703573588282 12.3738212091848 12.4957426544279 10.4352702298202 12.1450392031111 10.3198034493253 11.7534562083893 12.2067171107046 12.340830700472 12.2620300016715 17.1499996166676 -9999 -9999 -9999 -9999
12.81991026178 12.8342539612204 12.5681783366017 12.7187871807255 11.7233344395645 10.9602496293373 12.3150120414793 12.2346873246133 10.9652699241415 11.6523331273347 11.5626850058325 11.7728202026337 11.5949583295733 11.4213995663449 11.5490584913641 11.6114535839297 11.4859462138265 11.3525498090312 10.4947965824977 11.3783684680238 11.3245795951225 11.2801141268574 11.2915890864097 11.4056214969605 11.6200598035939 11.6838892661035 11.7369609540328 11.7498702835292 11.5225226473995 11.5791802601889 11.5576647110283 11.6100192139857 11.78214360727 11.6107363989577 11.7269203644246 12.1737266019918 11.7111422950402 11.662373716943 11.6896267458797 11.7011017054319 11.6659596418031 11.7204656996764 11.9678945150226 11.8954588328488 12.0797753706574 12.0496536018327 11.9148228270933 12.3939023884013 12.4634693306871 12.3652149895206 12.1450392031111 12.780465088319 12.141453278251 12.9447004469112 16.0417224848643 13.8649996900931 -9999 -9999 -9999 -9999 -9999 -9999
12.817041521892 11.7799920523539 11.9592882953584 12.4484084462747 11.7061220002361 12.5115207238123 12.0051881335676 12.3551743999124 12.3774071340449 11.224890884012 11.8180028558709 11.7749717575498 11.4622791097499 11.5698568555526 11.4895321386866 11.2987609361298 11.5275429422036 11.5074617629871 11.5397350867279 11.4845118438825 11.3927121674642 11.3704794333316 12.0353099023923 11.4888149537146 11.5899380347691 11.6559190521948 11.5877864798531 11.5598162659444 12.0345927174203 16.1749996384606 -9999 16.7249996261671 16.7249996261671 -9999 -9999 16.8099996242672 11.7936185668223 11.6379894278944 11.6344035030343 11.6724143065512 11.624362913426 11.6989501505159 11.8058107113466 12.2418591743335 12.4505600011908 12.4821161399595 12.2813043477945 12.2411419893615 12.0984221799299 12.2124545904808 12.2397076194175 12.6097750649787 12.0747550758533 -9999 -9999 -9999 -9999 -9999 -9999 -9999 -9999 -9999
12.2877590125427 12.5939969955944 12.4376506716944 11.8911557230167 12.4749442902394 12.4498428162187 12.2698293882422 12.1349986135028 12.2863246425986 12.2074342956766 12.1758781569079 12.1773125268519 11.782860792242 11.8294778154232 11.5619678208604 11.4773399941623 11.5375835318118 11.5590990809724 11.6193426186219 11.5576647110283 11.5246742023155 11.8151341159828 11.7183141447604 11.7075563701801 11.6358378729783 11.6910611158237 11.6329691330902 11.8431043298915 11.8388012200594 11.3449997464195 -9999 -9999 -9999 -9999 16.3799996338785 12.3401135155 12.0776238157414 11.862468324136 11.6372722429223 11.6107363989577 11.705404815264 11.8725089137442 11.0018463577144 11.1667989012785 11.3428678119089 12.6147953597829 12.539490937721 12.8500320306048 12.4003570531495 13.0400860481896 12.9210333428346 13.7192602166906 12.1848429690581 -9999 -9999 -9999 -9999 -9999 -9999 -9999 -9999 -9999
12.0166630931199 12.5430768625811 12.4878536197357 11.8395184050314 12.0403301971965 12.2325357696973 12.3924680184573 12.3759727641009 12.2246467350051 12.380275873933 12.1636860123836 12.1737266019918 11.7950529367663 11.5311288670637 11.4529557051137 11.4500869652256 11.3367717396468 11.5253913872875 11.3697622483596 11.2700735372491 11.2801141268574 11.2421033233404 11.5605334509164 11.742698433809 11.6580706071109 11.6788689712994 12.1113315094262 12.0797753706574 12.9346598573029 12.7799997143447 -9999 -9999 -9999 -9999 -9999 17.1549996165559 12.4228288489394 12.1134830643423 11.7584765031934 11.8466902547516 11.822305965703 11.7319406592287 11.8739432836883 11.6860408210196 11.8911557230167 12.7747276085429 10.8333078892902 12.740302729886 13.1261482448317 13.0716421869583 13.3621021006256 12.7897884929553 13.0049439845607 19.2699995692819 -9999 -9999 -9999 -9999 -9999 -9999 -9999 -9999
11.9951475439593 10.3707235823385 11.1194646931253 11.3726309882477 11.3080843407661 10.2480849521235 12.0797753706574 12.0016022087075 12.1127658793703 12.0740378908813 11.4726782918442 12.1464735730551 12.0948362550698 12.4096804577857 11.6042817342095 11.7097079250962 11.1553239417262 11.2327799187042 11.1531723868102 11.3798028379679 11.2607501326129 11.3188421153463 11.2234565140679 11.6781517863274 13.1598559385166 13.0350657533854 12.0310067925602 13.694875927642 12.3666493594646 12.2569200587459 15.5699996519834 24.7149994475767 -9999 -9999 -9999 -9999 12.6838746162876 12.3205702250125 13.0529380028881 11.9291665265337 11.9184087519534 12.0912503302097 12.3895992785692 12.1952421511523 12.0790581856854 12.7097028377466 10.6999114844948 13.2681508692913 12.9239020827226 13.2229682160541 12.8500320306048 12.1952421511523 14.1701902678469 9.86999977938831 -9999 -9999 -9999 -9999 -9999 -9999 -9999 -9999
11.1252021729015 9.60907314205542 9.76613665092736 10.7235785885714 10.2086397786625 10.4029969060794 11.5655537457205 11.9557023704983 11.9485305207781 12.3300729258917 11.4920422860887 12.2497482090257 11.1818597856909 11.4608447398059 11.6587877920829 11.5576647110283 11.4608447398059 11.2707907222211 11.2378002135083 11.623645728454 11.2356486585923 11.2277596239001 13.2200994761661 13.2523727999069 13.0321970134974 12.8292336664163 12.5574205620214 13.1196935800835 13.2502212449908 13.7802209393121 16.4899996314198 -9999 -9999 -9999 -9999 -9999 -9999 -9999 -9999 -9999 -9999 -9999 -9999 -9999 -9999 -9999 13.2215338461101 13.3468021545559 13.2523727999069 14.1402477952652 14.1553086796775 14.1549996836111 -9999 -9999 -9999 -9999 -9999 -9999 -9999 -9999 -9999 -9999
11.4952696184628 9.84502699784935 11.1122928434052 9.59903255244717 9.36164432670921 10.6934568197466 11.6351206880063 11.9076509773731 11.9951475439593 12.2784356079064 12.3573259548284 12.4950254694559 10.8082064152695 11.0233619068749 11.0369884213433 11.1811426007189 11.3152561904863 11.1001006988809 10.9724417738616 11.2198705892079 11.7670827228576 11.7584765031934 11.6810205262154 12.2683950182982 17.6949373624949 16.804999624379 12.2648090934381 12.2698293882422 13.2122104414739 13.4223456382751 13.1426434991881 17.2049996154383 16.2876166929111 -9999 -9999 -9999 -9999 -9999 -9999 -9999 -9999 -9999 -9999 -9999 -9999 -9999 -9999 -9999 -9999 -9999 -9999 -9999 -9999 -9999 -9999 -9999 -9999 -9999 -9999 -9999 -9999 -9999
12.1149174342863 11.6347620955203 10.7673268718645 11.5885036648251 9.01811272511259 9.20099489297718 10.9989776178263 11.9184087519534 12.0080568734556 12.3300729258917 12.5466627874412 11.7373195465188 12.0647144862451 12.2698293882422 11.9700460699387 11.3948637223803 11.4622791097499 11.584917739965 11.5232398323715 12.3601946947165 12.2770012379624 12.2153233303688 11.942793041002 11.7577593182214 11.9112369022332 13.0902889962308 13.5299233840778 12.0761894457974 12.7646870189346 12.9949033949524 13.8777580955066 14.2155522173271 7.71999982744455 -9999 -9999 -9999 -9999 -9999 -9999 -9999 -9999 -9999 -9999 -9999 -9999 -9999 -9999 -9999 -9999 -9999 -9999 -9999 -9999 -9999 -9999 -9999 -9999 -9999 -9999 -9999 -9999 -9999
10.4711294784211 10.9781792536378 12.1615344574675 12.1113315094262 11.7340922141448 10.5973540334962 10.3025910099968 11.4307229709812 12.4046601629816 12.3695180993527 12.4943082844839 12.0998565498739 11.8043763414025 12.50004576426 11.7197485147044 12.1773125268519 10.7372051030397 11.1295052827336 11.7961287142243 12.3723868392408 11.861751139164 12.1285439487547 11.5612506358884 11.6688283816911 12.779030718375 12.8851740942337 12.1844843765721 13.8999908296391 14.2334818416275 14.0513168587349 14.0498824887909 14.2177037722431 -9999 -9999 -9999 -9999 -9999 -9999 -9999 -9999 -9999 -9999 -9999 -9999 -9999 -9999 -9999 -9999 -9999 -9999 -9999 -9999 -9999 -9999 -9999 -9999 -9999 -9999 -9999 -9999 -9999 -9999
10.7135379989631 11.744849988725 12.5688955215737 12.4276100820862 12.4441053364426 11.5218054624274 11.4328745258972 11.86390269408 12.4971770243719 12.7352824350819 12.4555802959949 12.2067171107046 12.6485030534677 12.9568925914355 12.1742047253065 11.7878810870461 11.7731787951197 11.7233344395645 12.1349986135028 11.7082735551521 12.1773125268519 12.7840510131791 12.9038209035061 12.9827112504281 12.9059724584222 12.9633472561836 11.8854182432406 12.820627446752 13.5700857425109 13.1204107650556 13.9021423845552 14.1545914947055 13.4619415626264 13.3949997005984 -9999 -9999 -9999 -9999 -9999 -9999 -9999 -9999 -9999 -9999 -9999 -9999 -9999 -9999 -9999 -9999 -9999 -9999 -9999 -9999 -9999 -9999 -9999 -9999 -9999 -9999 -9999 -9999
