EcologicalScience/Bass/data/rs_data_bass/sst_541.asc
NCOLS 226 
NROWS 124 
XLLCORNER -9.41648524995501 
YLLCORNER 47.587301625531 
CELLSIZE 0.0833 
NODATA_value -9999 
[rows 27 to 53 of 124, columns 62 to 123 of 226]
-9999 -9999 -9999 -9999 -9999 -9999 -9999 -9999 -9999 -9999 -9999 -9999 -9999 -9999 -9999 -9999 -9999 -9999 -9999 -9999 -9999 -9999 -9999 -9999 -9999 -9999 -9999 -9999 12.5299997199327 10.9049997562543 12.063997301273 11.9686116999947 12.3487197351642 12.6018860302866 12.6822107471526 12.7424542848021 12.8313852213323 12.9762565856799 13.3592333607376 13.4065675688908 13.2652821294032 12.8722647647373 12.8321024063043 12.8808709844016 12.7883541230112 12.8557695103809 12.8866084641777 13.2516556149349 13.3864863896742 13.4187597134151 13.4797204360366 14.6688131196424 13.8713034307584 14.0398418991826 13.9774468066171 14.5669728536159 14.5607572505251 13.9602343672886 13.8899502400309 13.5392467887141 13.8447675867938 13.8426160318777
-9999 -9999 -9999 -9999 -9999 -9999 -9999 -9999 -9999 -9999 -9999 -9999 -9999 -9999 -9999 -9999 -9999 -9999 -9999 -9999 -9999 -9999 -9999 -9999 -9999 -9999 -9999 -9999 -9999 -9999 9.78499978128821 12.1952421511523 12.5925626256503 12.57821892621 12.7474745796062 12.8830225393176 13.0816827765666 13.2509384299628 13.4625079967082 13.5220343493856 13.1526840887964 13.0264595337212 12.9755394007079 13.0694906320423 13.1957151871175 13.1928464472294 13.2000182969496 13.4653767365962 13.5736716673709 13.617419950664 13.8282723324373 13.8784752804786 13.8799096504226 14.1373790553771 14.4362061270513 14.0749839628115 14.4833012735471 14.4278389690444 13.9925076910295 13.9874873962253 13.8899502400309 13.8282723324373
-9999 -9999 -9999 -9999 -9999 -9999 -9999 -9999 -9999 -9999 -9999 -9999 -9999 -9999 -9999 -9999 -9999 -9999 -9999 -9999 -9999 -9999 -9999 -9999 -9999 -9999 -9999 -9999 -9999 -9999 -9999 12.0699997302145 13.0063783545047 13.1534012737684 12.9726706608199 13.2595446496271 13.3943754243664 13.5277718291618 13.5155796846375 13.6052278061397 13.2731711640954 13.0795312216505 13.1462294240482 13.255241539795 13.377162985038 13.4008300891146 13.3864863896742 13.4904782106169 13.6626026039012 13.615268395748 13.7587053901516 13.9817499164492 14.1216009859927 14.0678121130913 14.2298959167674 13.9853358413093 14.0649433732033 14.4830622118898 14.0843073674478 13.4840235458687 13.8791924654506 13.8397472919896
-9999 -9999 -9999 -9999 -9999 -9999 -9999 -9999 -9999 -9999 -9999 -9999 -9999 -9999 -9999 -9999 -9999 -9999 -9999 -9999 -9999 -9999 -9999 -9999 -9999 -9999 -9999 -9999 -9999 -9999 -9999 12.4699997212738 12.7933744178154 12.9712362908758 13.337000626605 13.7020477773622 13.736472656019 13.6310464651324 13.7264320664108 13.7579882051796 13.5643482627347 13.4861751007847 13.4381237076595 13.4998016152531 13.4725485863164 13.5241859043017 13.6288949102163 13.7615741300397 13.7809381242841 13.9286782285199 13.9917905060574 14.1409649802372 14.2098147375509 14.1789757837541 13.9322641533799 14.8276695909444 14.5803603064269 13.9659718470648 13.8605456561781 13.8619800261222 13.7838068641722 13.892818979919
-9999 -9999 -9999 -9999 -9999 -9999 -9999 -9999 -9999 -9999 -9999 -9999 -9999 -9999 -9999 -9999 -9999 -9999 -9999 -9999 -9999 -9999 -9999 -9999 -9999 -9999 -9999 -9999 -9999 -9999 -9999 12.2299997266382 12.4202727281417 13.2021698518656 13.3879207596183 13.9423047429882 13.9200720088556 13.6783806732856 13.5959044015035 13.5607623378746 13.6747947484255 13.6389354998246 13.6253089853562 13.5944700315595 13.7077852571383 13.7393413959071 13.8756065405905 13.934415708296 14.0305184945464 14.1954710381106 14.1294900206849 14.1151463212445 14.254280205816 14.1897335583344 15.0066072414629 14.3446455122903 13.9975279858336 13.9645374771208 13.9444562979043 13.9308297834359 13.8648487660103 13.854808176402
-9999 -9999 -9999 -9999 -9999 -9999 -9999 -9999 -9999 -9999 -9999 -9999 -9999 -9999 -9999 -9999 -9999 -9999 -9999 -9999 -9999 -9999 -9999 -9999 -9999 -9999 -9999 -9999 -9999 -9999 -9999 -9999 12.4224242830577 13.5571764130145 13.735038286075 14.1839960785583 14.1768242288381 14.055619968567 13.695593112614 13.6819665981457 13.775200644508 13.7924130838364 13.8404644769616 13.8648487660103 13.8820612053387 13.8999908296391 13.9415875580162 14.0742667778395 14.1553086796775 14.1660664542578 14.1495711999014 14.2069459976628 14.3152409284376 14.2851191596128 14.2227240670472 13.9917905060574 14.0642261882313 14.0247810147703 13.9595171823166 13.9215063787997 13.7694631647319 13.7701803497039
-9999 -9999 -9999 -9999 -9999 -9999 -9999 -9999 -9999 -9999 -9999 -9999 -9999 -9999 -9999 -9999 -9999 -9999 -9999 -9999 -9999 -9999 -9999 -9999 -9999 -9999 -9999 -9999 -9999 -9999 -9999 -9999 10.5699997637421 13.5098422048613 13.7522507254034 14.0190435349941 14.0097201303579 13.9372844481841 13.8189489278011 13.7486648005433 13.8024536734447 13.9265266736038 13.9953764309175 13.9975279858336 14.0592058934271 14.1094088414684 14.1058229166083 14.1108432114124 14.1875820034184 14.2671895353124 14.2772301249206 14.3138065584935 14.3467970672064 14.3073518937454 14.2205725121312 14.1610461594537 14.1596117895097 14.1058229166083 14.0233466448262 13.9121829741634 13.8311410723254 13.4854579158127
-9999 -9999 -9999 -9999 -9999 -9999 -9999 -9999 -9999 -9999 -9999 -9999 -9999 -9999 -9999 -9999 -9999 -9999 -9999 -9999 -9999 -9999 -9999 -9999 -9999 -9999 -9999 -9999 -9999 -9999 -9999 -9999 -9999 10.1499997731298 13.8598284712061 13.9236579337157 13.9437391129322 13.8892330550589 13.8311410723254 13.8297067023814 13.7680287947878 13.9709921418689 14.0570543385111 14.0620746333152 14.0957823270001 14.1761070438661 14.1545914947055 14.2162694022991 14.171803934034 14.2098147375509 14.1682180091739 14.3109378186055 14.3066347087733 14.2714926451445 14.2090975525789 14.1517227548175 14.1158635062166 14.0319528644904 14.0742667778395 14.0061342054978 13.8677175058983 13.6798150432296
-9999 -9999 -9999 -9999 -9999 -9999 -9999 14.0694855446927 15.2333572234493 15.0363704178017 14.1190509949811 12.0650332351215 12.7799997143447 6.08499986398965 8.41999981179833 -9999 -9999 -9999 -9999 -9999 -9999 -9999 -9999 -9999 -9999 -9999 -9999 -9999 -9999 -9999 -9999 -9999 -9999 -9999 13.4001129041426 13.8978392747231 14.1538743097335 14.0957823270001 13.9831842863932 14.0061342054978 14.0563371535391 13.8856471301988 13.8763237255625 13.8906674250029 14.0893276622519 14.1510055698454 14.0728324078955 14.0850245524198 14.1108432114124 14.1180150611326 14.1761070438661 14.2377849514596 14.2844019746408 14.2901394544169 14.1653492692858 14.0771355177276 13.9645374771208 13.9078798643313 13.8426160318777 13.8698690608144 13.9415875580162 13.5600451529026
-9999 -9999 -9999 -9999 13.5399996973574 14.468131724745 13.894970534835 15.168281225155 15.7958693031687 15.3901219052495 14.098571379669 20.5203253063373 20.5199995413423 -9999 -9999 -9999 -9999 -9999 -9999 -9999 -9999 -9999 -9999 -9999 -9999 -9999 -9999 -9999 -9999 -9999 -9999 -9999 -9999 -9999 14.01402324019 14.1266212807968 14.1294900206849 14.1244697258808 14.1101260264404 14.2908566393889 14.1108432114124 13.697027482558 13.6991790374741 13.7493819855154 13.8777580955066 13.9788811765611 13.9523453325965 13.935132893268 14.0893276622519 14.0993682518601 14.1072572865523 14.1703695640899 14.2313302867115 14.2026428878307 14.0749839628115 14.0957823270001 14.012588870246 13.9236579337157 13.8483535116538 13.8067567832768 13.8411816619337 13.6496932744049
15.4509033316281 15.4352447930723 15.2052674787119 15.5248929145746 15.4950102074072 15.6782509677578 15.4899899126031 15.8177434448153 15.7051454042085 13.202767506009 13.0949997073039 -9999 -9999 -9999 -9999 -9999 -9999 -9999 -9999 -9999 -9999 -9999 -9999 -9999 -9999 -9999 -9999 -9999 -9999 -9999 -9999 -9999 -9999 -9999 11.0399997532368 14.1804101536982 14.2076631826349 14.3259987030178 14.4048890499398 14.6551866051741 14.3762016510591 14.0219122748822 14.0326700494625 13.9537797025405 13.9085970493034 13.9889217661694 13.9078798643313 13.9136173441075 13.9781639915891 14.0405590841547 14.0470137489028 14.1603289744817 14.1553086796775 14.1165806911886 13.9301125984639 14.094347957056 13.8677175058983 14.3303018128499 13.1691793431528 13.2014526668936 13.8232520376332 13.6331980200484
15.7302468782291 15.5900372161996 15.1550645306706 15.2439954672009 15.3099764846265 15.7890560459346 15.170125415083 15.9597460692748 15.6621143058874 11.8449997352436 -9999 -9999 -9999 -9999 -9999 -9999 -9999 -9999 -9999 -9999 -9999 -9999 -9999 -9999 -9999 -9999 -9999 -9999 -9999 -9999 -9999 -9999 -9999 -9999 -9999 14.135227500461 14.2772301249206 14.373332911171 14.4407482985407 14.4687185124494 14.2349162115715 14.132358760573 14.0269325696863 14.0090029453859 13.8748893556185 13.7895443439484 13.7938474537805 13.8476363266818 13.8612628411502 13.8820612053387 13.9501937776804 14.0800042576157 14.1180150611326 14.1172978761606 14.214835032355 14.1373790553771 13.9609515522607 13.8648487660103 13.4747001412325 13.537095233798 13.4381237076595 13.1684621581808
15.5491576727945 15.5559709300287 15.1651051202789 15.2031159237958 16.0185552369803 16.0106662022881 16.1125064683147 15.8184606297873 13.8599996902049 -9999 -9999 -9999 -9999 -9999 -9999 -9999 -9999 -9999 -9999 -9999 -9999 -9999 -9999 -9999 -9999 -9999 -9999 -9999 -9999 -9999 -9999 -9999 -9999 -9999 -9999 -9999 14.3001800440252 14.2765129399486 14.1682180091739 14.1495711999014 14.1266212807968 14.0011139106937 13.7594225751236 13.774483459536 13.7379070259631 13.6037934361957 13.6052278061397 13.735038286075 13.6747947484255 13.7687459797598 13.6790978582576 13.7787865693681 13.7974333786406 13.6855525230058 13.8497878815979 14.6680959346704 13.6425214246847 13.3950926093385 13.4876094707288 13.5485701933503 13.8497878815979 13.0737937418744
15.4745704357047 15.5434201930184 14.9427777789533 15.7029938492924 15.5050507970154 15.5323038259521 15.9898678380996 15.885158832185 12.7897884929553 -9999 -9999 -9999 -9999 -9999 -9999 -9999 -9999 -9999 -9999 -9999 -9999 -9999 -9999 -9999 -9999 -9999 -9999 -9999 -9999 -9999 -9999 -9999 -9999 -9999 -9999 -9999 -9999 -9999 -9999 13.1449997061864 13.2640684317583 13.8053224133328 13.6482589044608 13.5213171644136 13.5564592280425 13.4409924475476 13.4782860660926 13.4374065226875 13.5686513725668 13.8497878815979 13.4747001412325 13.2767570889555 13.4338205978274 13.5399639736861 14.6971419260371 14.533623752417 14.6747896610759 14.5544221166056 13.376445800066 13.4668111065403 12.9124271231703 13.0479750828817
15.4788735455368 15.2181768082082 15.3164311493747 15.9525742195547 16.1074861735106 16.1562547516078 16.2996917460114 15.6642658608034 14.3099996801466 -9999 -9999 -9999 -9999 -9999 -9999 -9999 -9999 -9999 -9999 -9999 -9999 -9999 -9999 -9999 -9999 -9999 -9999 -9999 -9999 -9999 -9999 -9999 -9999 -9999 -9999 -9999 -9999 -9999 -9999 -9999 -9999 -9999 -9999 12.5777775816118 13.415890973527 13.2724539791234 13.2875148635358 13.298272638116 13.4001129041426 14.4991988737602 13.4646595516242 12.0647144862451 13.3685567653738 13.3040101178922 13.3664052104577 13.2746055340394 14.2610934630502 14.4748145847116 12.58180485107 12.7338480651379 12.9748222157359 13.1239966899157
15.6434674966149 15.7037110342644 15.8837244622409 15.5946989185177 16.1956999250688 15.327188923955 15.3200170742348 16.6267280932516 15.4046449009329 14.3499996792525 -9999 -9999 -9999 -9999 -9999 16.1899624452926 -9999 -9999 -9999 -9999 -9999 -9999 -9999 -9999 -9999 -9999 -9999 -9999 -9999 -9999 -9999 -9999 -9999 -9999 -9999 -9999 -9999 -9999 -9999 -9999 -9999 -9999 -9999 -9999 12.4549997216091 12.9647816261277 12.9260536376387 13.0429547880776 13.0501266377978 13.0716421869583 12.9597613313235 13.3248084820807 12.7560807992704 12.7890713079832 14.2836847896688 14.1667836392298 13.9914319135714 14.3032878455706 14.3817000691779 12.2016968159005 11.9234290467575 13.7249976964667
15.6850642249919 15.7402874678373 15.8507339535281 15.6119113578461 15.6266136497725 15.6943876296282 14.7555925012566 16.2537919078022 16.4402600005269 16.405117936898 13.8849996896461 -9999 -9999 -9999 -9999 -9999 -9999 -9999 -9999 -9999 -9999 -9999 -9999 -9999 -9999 -9999 -9999 -9999 -9999 -9999 -9999 -9999 -9999 -9999 -9999 -9999 -9999 -9999 -9999 -9999 -9999 -9999 -9999 -9999 -9999 12.1949997274205 12.7209387356415 12.8163243369199 13.1820886726491 13.0365001233295 12.8471632907167 12.8349711461924 12.9074068283662 12.9023865335621 14.1983397779986 12.50004576426 13.6582994940691 11.9535508155823 11.9306008964777 12.0826441105455 12.2540513188578 12.8701132098213
15.5086367218755 15.8521683234721 14.8172704088502 14.6150242467411 15.5480818953365 15.6011535832658 15.1227912069298 15.128528686706 15.6728720804676 16.285348046571 15.2310861377046 15.1591469682037 6.49499985482544 -9999 11.1054980703198 10.5949997631833 21.0099995303899 21.0099995303899 -9999 -9999 -9999 -9999 -9999 -9999 -9999 -9999 -9999 -9999 -9999 -9999 -9999 -9999 -9999 -9999 -9999 -9999 -9999 -9999 -9999 -9999 -9999 -9999 -9999 -9999 -9999 8.8399998024106 12.7599997147918 12.7240943495184 13.2652821294032 13.1548356437124 12.2648090934381 12.9748222157359 12.2146061453968 12.1357157984748 11.9951475439593 12.7073122211732 12.6513717933558 12.5947141805664 12.5086519839242 11.8488418096676 12.2856074576266 13.4309518579394
13.9552140724845 14.9743339177221 15.1213568369858 15.2863093805499 15.407155048335 14.7763908654451 14.9399090390652 15.12996305665 15.2777031608857 15.3092592996545 15.2031159237958 15.766823311802 15.3649996565655 16.0020599826239 20.3101901095361 20.4048585258424 15.8693807628006 11.3999997451901 -9999 -9999 -9999 -9999 -9999 -9999 -9999 -9999 -9999 -9999 -9999 -9999 -9999 -9999 -9999 -9999 -9999 -9999 -9999 -9999 -9999 -9999 -9999 -9999 -9999 -9999 -9999 -9999 -9999 -9999 13.9793592998758 14.0914792171679 13.4847407308407 13.2229682160541 12.9210333428346 12.6298562441953 12.6958372616209 12.739585544914 12.3537400299683 12.26194035355 12.0647144862451 11.941358671058 13.2100588865578 13.2939695282839
13.7414929508232 13.6353495749645 14.9176763049327 14.8703420967795 14.7598956110887 14.6451460155658 15.3099764846265 15.2282173978165 15.3451185482554 15.2812890857458 15.9633319941349 15.9575945143588 15.8887447570451 15.9081087512895 16.4015320120379 16.7149418448098 16.0549996411428 -9999 -9999 -9999 -9999 -9999 -9999 -9999 -9999 -9999 -9999 -9999 -9999 -9999 -9999 -9999 -9999 -9999 -9999 -9999 -9999 -9999 -9999 -9999 -9999 -9999 -9999 -9999 -9999 -9999 -9999 -9999 13.7544022803195 13.7264320664108 13.4589220718481 13.2674336843193 12.9640644411556 12.7905056779273 12.7173528107814 12.7266762154177 12.6140781748109 12.5466627874412 12.3193151513115 12.0683004111052 13.3470412162133 13.3549302509055
14.8846857962199 13.577257592231 13.4876094707288 14.9151661575306 15.1489684584085 15.4301049674395 15.569238852011 15.7768639014103 15.9837717658374 15.9934537629597 16.1333048325032 16.2208013990894 16.5449690064415 16.2695699771866 16.5571611509658 16.1150166157167 15.8999996446073 -9999 -9999 -9999 -9999 -9999 -9999 -9999 -9999 -9999 -9999 -9999 -9999 -9999 -9999 -9999 -9999 -9999 -9999 -9999 -9999 -9999 -9999 -9999 -9999 -9999 -9999 -9999 -9999 -9999 -9999 -9999 13.7708975346759 13.6432386096567 13.4689626614563 13.3047273028642 13.096743660979 12.9497207417153 12.5617236718535 12.5129550937563 12.5351878278889 12.5602893019095 12.2906277524307 13.6396526847966 13.4596392568201 13.5191656094976
14.6824396341108 14.8452406227589 13.7565538352355 14.6013977322727 15.0442594524939 15.3612552101258 15.6721548954956 15.8102130026091 16.0228583468124 16.046884043375 15.9730139912572 16.1587648990098 16.3398541044444 16.2996917460114 15.8833658697549 6.69999985024333 -9999 -9999 -9999 -9999 -9999 -9999 -9999 -9999 -9999 -9999 -9999 -9999 -9999 -9999 -9999 -9999 -9999 -9999 -9999 -9999 -9999 -9999 -9999 -9999 -9999 -9999 -9999 -9999 -9999 -9999 -9999 -9999 12.7303577649407 13.6898556328379 13.8347269971855 13.6238746154122 13.3305459618568 13.0953092910349 12.6728873425163 11.8968932027929 12.1220892840065 12.0890987752937 13.6597338640131 13.8397472919896 13.7221289565787 13.7902615289204
14.9585558483377 15.1192052820697 15.0259712357074 15.3874324616045 14.2650379803963 15.2931226377841 15.5057679819874 15.767181904288 15.8503753610421 15.9819788034074 16.2240287314635 16.3585009137169 15.5946989185177 16.6998809603974 15.548400644213 -9999 -9999 -9999 -9999 -9999 -9999 -9999 -9999 -9999 -9999 -9999 -9999 -9999 -9999 -9999 -9999 -9999 -9999 -9999 -9999 -9999 -9999 -9999 -9999 -9999 -9999 -9999 -9999 -9999 -9999 -9999 -9999 -9999 -9999 -9999 13.9982451708056 13.8390301070176 13.5435498985462 13.375011430122 13.2100588865578 13.2925351583399 13.1326029095799 13.016418944113 13.3262428520247 13.6532791992649 13.8849299452268 14.0319528644904
15.6721548954956 15.5337381958961 14.5813165530562 14.8646046170034 14.8954435708001 16.5550095960498 16.9014099375345 16.6546983071603 16.8196508507244 16.7149418448098 16.842600769829 15.5703146294691 15.6449018665589 15.9076306279749 14.1999996826053 14.2749996809289 -9999 -9999 -9999 -9999 -9999 -9999 -9999 -9999 -9999 -9999 -9999 -9999 -9999 -9999 -9999 -9999 -9999 -9999 -9999 -9999 -9999 -9999 -9999 -9999 -9999 -9999 -9999 -9999 -9999 -9999 -9999 6.86972391832529 6.23999986052513 -9999 11.5949583295733 12.9682241139933 13.6618854189292 13.5299233840778 13.4438611874357 13.3470412162133 13.2487868750468 13.1993011119775 13.3735770601779 13.7264320664108 13.8591112862341 13.932981338352
16.1899624452926 16.0902737341821 15.4132511205971 14.9506668136455 14.8832514262758 14.8581499522552 14.89185764594 15.1859034844674 15.3580278777517 15.5100710918196 15.6527909012511 15.7302468782291 16.7909634518437 16.6697591915727 13.071772584226 -9999 -9999 -9999 -9999 -9999 -9999 -9999 -9999 -9999 -9999 -9999 -9999 -9999 -9999 -9999 -9999 -9999 -9999 -9999 -9999 -9999 -9999 -9999 -9999 -9999 -9999 -9999 -9999 -9999 -9999 -9999 -9999 -9999 7.74154820543682 15.2217627330683 15.009475981351 14.969313622918 14.9133731951006 13.7924130838364 13.8569597313181 13.7881099740043 13.6123996558599 13.5657826326787 13.5299233840778 13.8426160318777 14.0032654656097 14.0333872344345
15.4971617623232 15.6405987567268 15.5358897508122 15.087649143301 15.8916134969331 14.811532929074 15.0517898947001 15.1034272126853 15.2275002128445 15.4448072593659 15.6348612769507 16.5076753878966 15.9862819132395 15.8908963119611 14.8599996678531 -9999 -9999 -9999 -9999 -9999 -9999 -9999 -9999 -9999 -9999 -9999 -9999 -9999 -9999 -9999 -9999 -9999 -9999 -9999 -9999 -9999 -9999 -9999 -9999 -9999 -9999 -9999 -9999 -9999 -9999 -9999 -9999 -9999 -9999 -9999 13.7849996918812 14.8703420967795 15.0797601086088 14.8359172181226 14.6566209751181 14.3367564775981 14.0097201303579 13.9308297834359 13.8856471301988 14.3166752983816 14.2822504197247 14.1789757837541
15.5559709300287 15.3938871263526 15.8507339535281 15.8779869824648 15.8722495026886 16.1949827400967 16.3104495205916 16.4746848791838 16.6102328388952 15.5552537450567 15.7058625891805 15.7718436066061 15.8421277338639 15.818938753102 13.6399996951222 -9999 -9999 -9999 -9999 -9999 -9999 -9999 -9999 -9999 -9999 -9999 -9999 -9999 -9999 -9999 -9999 -9999 -9999 -9999 -9999 -9999 -9999 -9999 -9999 -9999 -9999 -9999 -9999 -9999 -9999 -9999 -9999 -9999 -9999 -9999 -9999 -9999 12.6699997168034 14.6200445415452 14.372615726199 14.2399365063757 14.610721136909 14.9879604321904 14.9922635420226 14.8344828481786 14.6795708942227 14.4823450269178
