EcologicalScience/Bass/data/rs_data_bass/sst_253.asc
NCOLS 226 
NROWS 124 
XLLCORNER -9.41648524995501 
YLLCORNER 47.587301625531 
CELLSIZE 0.0833 
NODATA_value -9999 
[rows 81 to 107 of 124, columns 62 to 123 of 226]
16.1649309405376 -9999 -9999 -9999 -9999 -9999 -9999 -9999 -9999 -9999 -9999 -9999 -9999 -9999 -9999 -9999 -9999 -9999 -9999 -9999 -9999 -9999 -9999 -9999 -9999 -9999 -9999 -9999 -9999 -9999 -9999 -9999 -9999 -9999 -9999 -9999 -9999 -9999 -9999 -9999 -9999 -9999 -9999 -9999 -9999 -9999 -9999 -9999 -9999 -9999 -9999 -9999 -9999 -9999 -9999 -9999 -9999 -9999 -9999 -9999 -9999 -9999
14.9387982592938 -9999 -9999 -9999 -9999 -9999 -9999 -9999 -9999 -9999 -9999 -9999 -9999 -9999 -9999 -9999 -9999 -9999 -9999 -9999 -9999 -9999 -9999 -9999 -9999 -9999 -9999 -9999 -9999 -9999 -9999 -9999 -9999 -9999 -9999 -9999 -9999 -9999 -9999 -9999 -9999 -9999 -9999 -9999 -9999 -9999 -9999 -9999 -9999 -9999 -9999 -9999 -9999 -9999 -9999 -9999 -9999 -9999 -9999 -9999 -9999 -9999
-9999 -9999 -9999 -9999 -9999 -9999 -9999 -9999 -9999 -9999 -9999 -9999 -9999 -9999 -9999 -9999 -9999 -9999 -9999 -9999 -9999 -9999 -9999 -9999 -9999 -9999 -9999 -9999 -9999 -9999 -9999 -9999 -9999 -9999 -9999 -9999 -9999 -9999 -9999 -9999 -9999 -9999 -9999 -9999 -9999 -9999 -9999 -9999 -9999 -9999 -9999 -9999 -9999 -9999 -9999 -9999 -9999 -9999 -9999 -9999 15.5361752136726 -9999
-9999 -9999 -9999 -9999 -9999 -9999 -9999 -9999 -9999 -9999 -9999 -9999 -9999 -9999 -9999 -9999 -9999 -9999 -9999 -9999 -9999 -9999 -9999 -9999 -9999 -9999 -9999 -9999 -9999 -9999 -9999 -9999 -9999 11.3199997469783 11.209999749437 11.1449997508898 -9999 -9999 -9999 -9999 -9999 -9999 -9999 -9999 -9999 -9999 -9999 -9999 -9999 -9999 -9999 -9999 -9999 -9999 -9999 -9999 17.2699996139854 12.6241839630529 16.7701650876552 16.3484603241086 16.2659840523265 15.9310586703941
-9999 -9999 -9999 -9999 -9999 -9999 -9999 -9999 -9999 -9999 -9999 -9999 -9999 -9999 -9999 -9999 -9999 -9999 -9999 -9999 -9999 -9999 -9999 -9999 -9999 -9999 -9999 -9999 -9999 -9999 -9999 -9999 -9999 16.2051931893036 17.5365967610851 17.5934934355319 18.2999206329696 18.0453199679032 19.5047913859598 16.989145565778 18.268035784422 -9999 16.1586453681812 16.205740514677 17.3171381596476 17.2915585623123 17.5501037447248 16.7421948737465 16.7443464286625 17.5891903256997 17.239921244327 17.0713827759027 17.0678796031548 -9999 17.1352122384124 16.9537644404918 16.7020325153135 16.1211126879789 15.5832239589654 15.4792321380228 15.1127506173216 15.0525070796721
-9999 -9999 -9999 -9999 -9999 -9999 -9999 -9999 -9999 -9999 -9999 -9999 14.6384522891603 16.4603411797434 15.5990020283498 16.6382030528039 16.6704763765447 15.7069383666385 14.3219714335596 -9999 -9999 -9999 -9999 -9999 -9999 11.894999734126 10.809509078261 15.9900634340011 16.9283043739852 16.8476210646331 17.2456587241031 17.3582567647099 17.8176854577847 17.6327951719984 17.3699996117502 12.7961674300977 16.7746474937303 17.1760917818174 17.0728171458468 17.3568223947659 17.8825189792551 17.4773094700649 17.0692312209867 17.2922757472843 16.443128740415 16.6166875036433 16.32407603506 16.0113833872601 15.767540496774 15.9224524507299 15.9152806010097 16.2695699771866 16.8174992958084 16.4682302144356 15.7402874678373 15.7309640632011 15.5416272305883 15.3608966176398 15.3781090569682 15.3135624094866 15.0259712357074 15.1486098659225
-9999 -9999 -9999 -9999 -9999 -9999 -9999 -9999 -9999 15.3491224352184 16.8849146831781 16.5055238329805 16.4302194109187 16.3011261159554 15.3788262419403 16.1325876475312 15.725226583425 14.9779198425822 15.685781409964 15.8403347714338 15.701416042354 15.0295101320447 15.7849919977598 15.0435422675218 15.2927640452981 14.969313622918 -9999 17.6938993316144 16.8540757293813 16.603778174147 16.7350230240263 16.123981427867 15.9583116993308 16.044015303487 15.4822033329069 15.5549996523187 14.5986373440711 16.3886226825416 16.3305306998082 16.8382976599969 16.4316537808627 16.2996917460114 15.1450239410624 15.4699087333865 15.6291237971745 15.8428449188359 15.127811501734 15.3236029990949 15.128528686706 15.5215460513718 15.844996473752 15.8112887800671 15.6305581671186 15.1371349063702 15.0424664900638 14.9420605939813 15.0919522531331 15.3981902361847 15.566011519637 15.6104769879021 15.4053620859049 15.1048615826294
-9999 -9999 -9999 -9999 -9999 -9999 -9999 -9999 13.2722864539918 16.8347117351368 16.6869716309011 16.3161870003678 16.1476485319436 15.2368236174807 15.5932645485736 14.4048890499398 15.6929532596841 15.5624255947769 15.1435895711184 15.1622363803908 15.3773918719962 15.2572633891832 14.8947263858281 15.5602740398608 15.2389751723967 15.4734946582466 16.5464033763856 16.3090151506476 16.167012526188 16.2968230061233 16.3570665437728 16.1476485319436 15.367351282388 16.0156864970922 16.6719107464887 16.2745902719907 16.1139408382587 15.9626148091629 15.726660953369 15.6420331266709 15.7381359129213 15.4168370454572 14.9779198425822 15.5050507970154 15.0202337559313 15.0747398138046 14.7971892296337 14.6286507612094 14.7369456919841 15.0768913687207 15.2081362186 15.0553758195601 15.1184880970977 14.8854029811919 14.931302819401 14.9148075650446 15.131397426594 15.4311807448976 15.6441846815869 15.7524796123616 15.7869044910185 15.4971617623232
-9999 -9999 -9999 -9999 -9999 -9999 -9999 -9999 14.49381998647 16.5930203995667 16.3979460871778 16.7027497002855 15.0015869466588 14.3948484603316 14.3697469863109 14.3998687551357 15.1758628948592 14.8997466806322 15.0173650160432 15.0632648542523 14.772804940585 14.3353221076541 14.8251594435424 15.4985961322673 15.2626422764733 15.1564989006147 15.1400036462583 15.8500167685561 15.4024933460169 15.4964445773512 14.9033326054923 16.1641437863 15.9547257744707 15.3881496465765 15.8213293696754 15.9045228264295 15.9590288843028 15.3802606118843 15.7582170921378 15.4225745252334 15.3329264037311 15.287743750494 14.8775139464997 14.65016631037 15.1055787676014 15.3200170742348 14.8775139464997 15.2647938313894 14.9879604321904 14.9556871084496 14.9391918540932 14.691763038747 14.9499496286735 15.0546586345881 15.1149021722376 14.4988402812742 15.1206396520138 15.4584337738343 15.7245093984529 15.7890560459346 15.4856868027709 15.2841578256339
11.7438170373452 9.40499978978187 -9999 -9999 -9999 -9999 -9999 -9999 15.847660303648 16.1548203816637 16.3305306998082 15.8966337917373 14.9363231142052 14.5827509230003 14.4500717031769 15.2346720625646 14.3052003388293 15.5215460513718 14.9470808887854 15.0137790911831 14.6358226109296 14.5626697437838 14.5676900385879 14.5221487928648 14.493461393984 14.4784005095717 14.5260933102109 14.7849970851094 14.971465177834 14.5999633623287 14.5608767813537 14.6842325965408 14.7182988827117 15.6578111960553 15.1149021722376 14.7950376747176 14.9800713974983 14.9743339177221 14.8653218019754 14.8308969233185 14.689611483831 14.7477034665644 14.7498550214805 14.9377574841492 14.9212622297928 14.6092867669649 15.0159306460992 14.9786370275542 14.8265938134864 15.1579332705587 15.1055787676014 15.0274056056514 14.9843745073304 14.9822229524143 15.050355524756 15.0152134611271 15.3601794326678 15.44982755417 15.6692861556076 15.9045228264295 15.8299355893396 15.7589342771098
16.2939542662352 16.203588959761 16.3190557402559 15.7022766643204 15.7051454042085 -9999 16.1899624452926 15.5574052999727 14.9642933281139 14.4723044373095 16.2473372430541 16.2301248037256 16.1211126879789 14.5676900385879 14.4206671193242 14.4823450269178 14.4350108187646 14.3403424024582 14.5425885645673 14.4794762870297 14.5117496107705 14.3546861018986 14.2786644948646 14.0498824887909 13.85588395386 13.8379543295596 13.8003021185286 14.0857417373918 14.3611407666467 14.053468413651 14.2022842953447 13.9853358413093 14.0082857604139 14.1287728357129 14.252487243386 14.7900173799135 14.1689351941459 14.2388607289176 14.3769188360311 14.6200445415452 14.3977172002196 14.1097674339544 14.8603015071712 14.4801934720017 14.5813165530562 14.8065126342699 15.1163365421817 15.2124393284321 15.087649143301 14.932020004373 14.7792596053332 15.1715597850271 15.1127506173216 14.9807885824703 15.1658223052509 15.1579332705587 14.6268577987794 15.60617387807 15.7969450806268 16.126850167755 15.4720602883026 16.3133182604797
16.9265114115551 16.7680135327391 16.4603411797434 15.6312753520906 14.6774193393067 14.8703420967795 14.5798821831122 14.7039551832713 14.4077577898279 15.7223578435369 16.6209906134754 16.5664845556021 15.9410992600024 15.8973509767093 14.3030487839133 14.4400311135687 14.2399365063757 14.4034546799958 14.5576494489796 14.3202612232417 14.5052949460223 13.5994903263636 13.5403225661721 13.6227988379542 14.9499496286735 13.6349909824785 13.8232520376332 13.8591112862341 13.6991790374741 14.0599230783992 13.8375957370736 13.0852687014267 13.3298287768848 12.8801537994295 11.7699514627457 13.9534211100545 13.9501937776804 15.2396923573688 13.8784752804786 13.8261207775213 13.8842127602547 13.9960936158895 13.8626972110942 13.893894757377 14.7498550214805 14.7928861198016 14.8452406227589 15.127811501734 14.8222907036543 14.6329538710415 14.8588671372272 15.0202337559313 14.7828455301933 15.0008697616868 15.0467695998959 15.1801660046913 15.3659169124439 15.7374187279493 16.0207067918964 16.3183385552838 16.7135074748658 16.8490554345772
16.96021910524 16.8361461050808 16.7515182783827 16.2100436245091 16.2251045089215 15.806985670235 15.4842524328269 14.9858088772744 15.6269722422585 15.6047395081259 15.4928586524911 15.4139683055691 14.7871486400254 14.7426831717603 14.4629810326733 14.2750785700046 14.5397198246792 14.3496658070944 13.6496932744049 13.5252616817597 13.6314050576184 13.8447675867938 13.6288949102163 13.7310937687289 13.5779747772031 13.6891384478658 13.0702078170143 14.4852137668058 13.5611209303606 13.7583467976656 12.8378398860805 13.0752281118184 12.9698019209318 13.2624133895151 12.7596667241305 13.4359721527435 13.7705389421899 13.8049638208468 13.8275551474653 13.9552140724845 13.7999435260426 13.9946592459455 13.9236579337157 14.8251594435424 13.9584414048586 14.7649159058928 14.850978102535 14.8681905418634 14.9090700852685 14.9018982355483 14.9786370275542 14.9972838368267 14.8380687730387 15.0152134611271 15.0690023340285 15.4146854905412 15.5810724040493 15.9611804392189 16.1411938671954 16.4373912606388 16.8540757293813 17.2671742732637
17.003250203561 17.0921811400913 17.0764030707069 17.160313712433 16.8971068277024 16.4732505092397 16.3004089309834 16.4603411797434 16.0228583468124 16.0228583468124 15.8736838726327 15.6506393463351 15.1270943167619 14.6243476513773 14.2865535295568 14.212683477439 14.4400311135687 14.2098147375509 13.3420209214091 13.2408978403546 13.3040101178922 13.5320749389939 13.4883266557008 13.4682454764843 13.5281304216478 14.97003080789 13.7544022803195 13.8422574393917 12.8105868571438 14.0176091650501 12.779747903347 13.9365672632121 13.137623204384 13.8903088325169 14.0211950899102 13.9910733210854 13.9767296216451 13.9587999973446 14.0649433732033 13.8695104683284 13.9010666070972 13.8637729885522 13.8605456561781 13.93585007824 13.9491180002224 14.8947263858281 14.7663502758369 14.9198278598487 15.0589617444202 15.0811944785528 14.7563096862286 14.531113605015 14.7591784261167 15.1586504555307 15.2791375308298 15.4326151148416 15.9066743813455 16.2129123643972 16.3441572142765 16.56218144577 16.7429120587185 17.0513015966862
17.1459700129926 17.1832636315376 17.0871608452871 17.0893124002032 17.1509903077967 16.8232367755845 16.8555100993253 16.7816400472075 16.8397320299409 16.1964171100408 16.1784874857403 16.0816675145179 15.7962278956547 15.3257545540109 14.2714926451445 14.0362559743226 13.8713034307584 13.9308297834359 13.2896664184518 12.9253364526667 13.5112765748054 13.5277718291618 13.5184484245256 13.5575350055005 13.5629138927907 13.8447675867938 13.8680760983843 13.8411816619337 13.9426633354742 12.5602893019095 13.7099368120544 14.012947462732 13.8239692226052 13.9150517140515 13.8598284712061 14.7950376747176 14.0599230783992 14.1847132635303 14.0800042576157 14.1825617086142 14.3303018128499 14.0107959078159 15.1249427618459 14.9886776171625 14.4801934720017 14.811532929074 15.0008697616868 15.0661335941404 15.1041443976574 15.2705313111655 15.2124393284321 15.3573106927797 15.4706259183586 15.688650149852 15.8299355893396 16.0293130115606 16.167012526188 16.6726279314607 16.7300027292222 16.8978240126744 16.6697591915727 17.2212744350545
17.2614367934875 17.2549821287394 17.2456587241031 17.2442243541591 17.0878780302592 17.1007873597555 16.9128848970868 16.7515182783827 16.0077974624 16.1153752082027 16.2645496823825 16.0881221792661 15.8887447570451 15.566728704609 14.6272163912654 13.7085024421103 13.7249976964667 13.7644428699277 13.734679693589 13.5256202742457 13.5241859043017 13.5381710112561 13.2753227190115 13.6403698697686 13.7249976964667 13.8885158700868 13.7508163554594 13.8666417284403 13.9433805204462 13.9150517140515 13.974219474243 15.688650149852 13.9200720088556 14.5827509230003 15.0747398138046 14.5963774374686 14.7053895532154 15.3544419528916 14.5382854547352 15.0532242646441 14.5863368478604 14.4636982176453 15.0015869466588 14.6867427439429 14.4959715413861 14.7025208133273 14.7347941370681 15.1909237792715 15.250450131949 14.7484206515364 15.6119113578461 16.0278786416166 15.887310387101 16.4567552548833 16.3405712894164 16.3864711276256 16.9881893191487 18.0058747944422 19.1799065936357 18.0316934534349 17.9786217655055 17.9850764302537
17.4285408919677 17.3281349958852 17.5059968689457 17.3331552906893 17.1954557760619 16.9781487295404 16.9659565850161 16.8562272842973 16.0221411618404 15.7008422943763 15.7087313290685 15.8715323177166 16.0364848612808 15.8435621038079 15.5036164270714 14.8459578077309 14.693197408691 13.8487121041398 13.8451261792798 13.6349909824785 13.9365672632121 13.8652073584963 13.5162968696095 13.5829950720072 13.6479003119748 14.1524399397895 14.5361338998191 14.6143070617691 14.5798821831122 14.4952543564141 14.254997390788 15.3350779586472 15.448393184226 15.1041443976574 15.3142795944586 15.0424664900638 15.0037385015748 15.2038331087679 15.089800698217 15.527283531148 15.2009643688798 14.9083529002964 14.5440229345113 14.4651325875893 14.6236304664053 14.7928861198016 15.647053421475 15.9138462310657 15.4003417911008 15.5624255947769 16.2516403528862 16.5177159775048 16.1440626070835 16.3118838905357 15.8665120229125 15.9124118611217 18.7101504369639 18.1699995938689 -9999 -9999 -9999 -9999
17.3238318860531 17.2614367934875 17.3847926086746 17.1925870361738 16.9415722959675 16.5105441277847 16.5069582029246 15.3092592996545 15.527283531148 15.3852809066884 15.4598681437783 15.5423444155604 15.6700033405796 15.9188665258698 16.7178105846979 15.8636432830244 15.2124393284321 13.9530625175685 14.6236304664053 14.1696523791179 14.8065126342699 13.656506531639 13.5044633175712 13.6665471212473 14.3582720267586 14.3675954313949 14.5813165530562 14.6637928248383 14.569841593504 14.7032379982993 15.6800439301878 14.9477980737574 15.2734000510536 15.2325205076486 15.4318979298696 15.9360789651982 15.2468642070889 15.1213568369858 14.9420605939813 15.089083513245 14.9226965997368 14.8373515880667 15.168691045139 15.0768913687207 15.2447126521729 15.765388941858 16.4567552548833 16.4538865149952 17.0391094521619 16.9745628046803 16.7522354633547 16.7486495384946 16.6783654112369 17.6817071870901 15.7530961397937 15.0949996626005 -9999 -9999 -9999 -9999 -9999 -9999
17.4557939209044 17.2162541402504 17.2901241923682 16.522019087337 16.2186498441733 15.8363902540877 15.8586229882203 15.6054566930979 15.4376354096457 14.8940092008561 14.7154301428236 14.7383800619282 14.9858088772744 15.687215779908 16.9810174694285 15.808420040179 14.6042664721608 14.8201391487382 14.7448347266763 15.1493270508945 14.9879604321904 14.3568376568146 14.2478255410679 14.5418713795952 14.6680959346704 14.7484206515364 14.7462690966204 14.8057954492979 15.5351725658402 15.6749996496364 16.1099996399134 14.3185194883096 16.7567415500657 16.3599996343255 -9999 17.5999996066093 15.8112887800671 15.52800071612 15.3329264037311 15.008758796379 14.6788537092507 15.1105990624055 15.5975676584058 15.9095431212336 16.2545090927742 15.9482711097226 16.3577837287448 17.3080538166687 17.7225867304951 17.7541428692639 17.4457533312961 17.4163487474434 17.59994810028 17.344999612309 -9999 -9999 -9999 -9999 -9999 -9999 -9999 -9999
17.5232093082741 17.0778374406509 17.7849818230607 17.041261007078 16.5880001047626 16.3585009137169 15.8521683234721 15.368785652332 15.1851862994954 14.691763038747 14.8079470042139 14.4644154026173 14.7534409463406 15.048921154812 15.5416272305883 16.0831018844619 15.3558763228357 14.33209477528 14.1108432114124 14.7900173799135 14.8230078886263 14.7749564955011 14.4880825066939 14.9772026576102 14.8832514262758 14.8452406227589 15.1270943167619 15.4419385194778 14.8075884117279 13.0799997076392 -9999 -9999 -9999 -9999 16.3799996338785 16.4542052638717 16.4416943704709 16.7500839084387 16.1347392024472 16.5901516596787 16.7357402089983 16.6331827579997 17.0097048683092 17.3044678918086 17.3790551288985 17.878933054395 16.9523300705478 17.5038453140296 18.3393658064306 18.5408947835676 18.4067811938003 19.2164830272086 17.6510475295363 -9999 -9999 -9999 -9999 -9999 -9999 -9999 -9999 -9999
15.6958219995722 17.2262947298586 17.2198400651105 17.0104220532812 17.7283242102712 17.0842921053991 16.1806390406564 16.1433454221115 15.5939817335457 15.8995025316253 15.6750236353837 15.7467421325855 16.0128177572042 15.7323984331451 16.004928722512 16.1949827400967 15.647770606447 15.9554429594427 14.0258567922283 14.0871761073358 13.7701803497039 14.0337458269205 14.2349162115715 14.7132785879076 15.3874324616045 15.566011519637 17.4285408919677 15.6248206873424 15.7209234735928 16.3149996353313 -9999 -9999 -9999 -9999 -9999 16.389999633655 16.1074861735106 17.3374584005214 17.0620593712665 17.0362407122739 17.2843867125921 17.4557939209044 17.9671468059532 17.7247382854111 18.0431684129871 18.3659016503952 18.3436689162627 18.6161992056295 19.0400555240922 19.5334787848406 19.5298928599805 19.3886074204929 19.0156712350436 14.3218837906606 9.13960513465532 21.820358470262 -9999 -9999 -9999 -9999 -9999 -9999
16.2982573760673 16.4940488734283 16.4904629485682 15.9346445952542 15.8672292078845 16.884197498206 16.5915860296227 16.6661732667126 15.9540085894987 16.3097323356196 16.2487716129981 16.8124790010042 17.2040619957261 16.6224249834195 16.681951336097 16.7106387349777 17.1660511922091 17.039826637134 15.7574999071658 14.2026428878307 13.9394360031001 13.9423047429882 14.5899227727205 16.164860971272 16.0881221792661 16.48400828382 16.4223303762265 16.0644550751895 16.0257270867005 16.1103549133986 15.2509785638121 24.7149994475767 -9999 -9999 -9999 -9999 15.8485027113929 17.1861323714256 16.564512296929 17.0885952152312 17.5418561175466 17.4909359845333 18.4139530435205 18.1227759448811 18.0137638291344 17.6960508865304 17.8703268347308 18.1041291356087 19.3864558655769 19.4101229696535 19.5040742009878 19.8476058025844 17.5425733025186 9.86999977938831 -9999 -9999 -9999 -9999 -9999 -9999 -9999 -9999
15.4046449009329 15.649204976391 15.7223578435369 16.1103549133986 15.8908963119611 16.4266334860586 16.0995971388184 16.2824793066829 15.3042390048504 15.6241035023704 15.7998138205148 16.485442653764 16.9415722959675 16.3319650697522 16.7694479026832 17.2155369552784 16.1713156360202 16.6209906134754 16.2867824165151 16.522736272309 16.1541031966917 16.047242635861 15.8643604679964 16.3541978038847 16.1519516417757 15.9554429594427 16.6582842320204 16.5471205613576 16.5320596769452 16.8712881687097 15.1650153171079 -9999 -9999 -9999 -9999 -9999 -9999 -9999 -9999 -9999 -9999 -9999 -9999 -9999 -9999 -9999 17.7921536727808 17.8681752798147 19.1899471832439 20.1201360919513 17.255776430375 17.0049996199086 -9999 -9999 -9999 -9999 -9999 -9999 -9999 -9999 -9999 -9999
15.5602740398608 15.327188923955 15.3192998892628 15.5208288663998 15.2124393284321 15.9984740577638 14.7046723682433 14.6767021543346 14.7900173799135 15.1199224670418 15.6843470400199 14.9477980737574 15.9690694739111 16.8368632900529 16.2007202198729 16.8081758911721 16.3936429773457 15.2138736983761 16.0967283989303 16.1942655551247 16.324793220032 15.92603837559 15.8227637396194 16.5399487116374 11.7064086095515 16.3549996344373 17.6415448286571 16.4237647461705 16.6561326771043 16.8483382496051 18.4153874134645 14.3819826942896 20.4615161386319 -9999 -9999 -9999 -9999 -9999 -9999 -9999 -9999 -9999 -9999 -9999 -9999 -9999 -9999 -9999 -9999 -9999 -9999 -9999 -9999 -9999 -9999 -9999 -9999 -9999 -9999 -9999 -9999 -9999
15.5129398317076 15.1945097041316 14.9155247500166 15.049638339784 14.9825815449003 15.0969725479372 13.9286782285199 14.4428998534568 14.1273384657688 15.0202337559313 15.1536301607266 15.2160252532922 15.686498594936 15.3766746870242 15.447675999254 15.2511673169211 14.9205450448208 14.8151188539341 15.088366328273 15.4806665079668 15.8170262598433 15.7904904158786 16.2401653933339 16.5973235093988 15.5789208491333 15.608325432986 15.647770606447 16.2982573760673 17.0348063423298 17.0591906313784 17.8021942623891 18.9604479921982 10.3099997695535 -9999 -9999 -9999 -9999 -9999 -9999 -9999 -9999 -9999 -9999 -9999 -9999 -9999 -9999 -9999 -9999 -9999 -9999 -9999 -9999 -9999 -9999 -9999 -9999 -9999 -9999 -9999 -9999 -9999
15.2153080683202 15.1629535653628 14.7771080504172 13.9717093268409 13.098178030923 13.6575823090971 13.8999908296391 13.6288949102163 13.694875927642 14.7437589492183 16.0156864970922 16.1132236532867 16.1713156360202 15.5401928606443 14.6810052641667 14.411343714688 14.4328592638485 15.1837519295514 15.2540360568091 15.5301522710361 16.3183385552838 16.0350504913367 16.2961058211513 15.9181493408978 16.0142521271482 16.3549149888568 16.3204901101999 17.2549821287394 17.6852931119502 18.0216528638266 18.3816797197796 18.6219366854057 19.9901234268909 -9999 -9999 -9999 -9999 -9999 -9999 -9999 -9999 -9999 -9999 -9999 -9999 -9999 -9999 -9999 -9999 -9999 -9999 -9999 -9999 -9999 -9999 -9999 -9999 -9999 -9999 -9999 -9999 -9999
15.0998412878253 14.691045853775 14.7627643509768 13.8196661127731 13.8526566214859 13.8834955752827 15.9023712715134 14.9467222962994 15.2540360568091 15.7861873060465 16.1003143237904 16.2631153124385 16.6948606655933 16.3785820929334 15.5373241207562 15.2597735365853 15.2726828660816 15.2698141261935 15.5086367218755 15.5832239589654 15.8579058032483 15.8241981095634 15.8098544101231 16.0658894451335 16.5291909370571 16.24590287311 15.9941709479317 17.319528776221 17.8129520369694 18.316415887326 18.7746970844455 19.6102175768465 14.255409573392 -9999 -9999 -9999 -9999 -9999 -9999 -9999 -9999 -9999 -9999 -9999 -9999 -9999 -9999 -9999 -9999 -9999 -9999 -9999 -9999 -9999 -9999 -9999 -9999 -9999 -9999 -9999 -9999 -9999
