EcologicalScience/Bass/data/rs_data_bass/sst_158.asc
NCOLS 226 
NROWS 124 
XLLCORNER -9.41648524995501 
YLLCORNER 47.587301625531 
CELLSIZE 0.0833 
NODATA_value -9999 
[rows 0 to 26 of 124, columns 0 to 61 of 226]
-9999.000000000000000 -9999 -9999 -9999 -9999 -9999 -9999 -9999 -9999 -9999 -9999 -9999 -9999 -9999 -9999 -9999 -9999 -9999 -9999 -9999 -9999 -9999 -9999 -9999 -9999 -9999 -9999 -9999 -9999 -9999 -9999 -9999 -9999 -9999 -9999 -9999 -9999 -9999 -9999 -9999 -9999 -9999 -9999 -9999 -9999 -9999 -9999 -9999 -9999 -9999 -9999 -9999 -9999 -9999 -9999 -9999 -9999 -9999 -9999 -9999 -9999 -9999
-9999 -9999 -9999 -9999 -9999 -9999 -9999 -9999 -9999 -9999 -9999 -9999 -9999 -9999 -9999 -9999 -9999 -9999 -9999 -9999 -9999 -9999 -9999 -9999 -9999 -9999 -9999 -9999 -9999 -9999 -9999 -9999 -9999 -9999 -9999 -9999 -9999 -9999 -9999 -9999 -9999 -9999 -9999 -9999 -9999 -9999 -9999 -9999 -9999 -9999 -9999 -9999 -9999 -9999 -9999 -9999 -9999 -9999 -9999 -9999 -9999 -9999
-9999 -9999 -9999 -9999 -9999 -9999 -9999 -9999 -9999 -9999 -9999 -9999 -9999 -9999 -9999 -9999 -9999 -9999 -9999 -9999 -9999 -9999 -9999 -9999 -9999 -9999 -9999 -9999 -9999 -9999 -9999 -9999 -9999 -9999 -9999 -9999 -9999 -9999 -9999 -9999 -9999 -9999 -9999 -9999 -9999 -9999 -9999 -9999 -9999 -9999 -9999 -9999 -9999 -9999 -9999 -9999 -9999 -9999 -9999 -9999 -9999 -9999
-9999 -9999 -9999 -9999 -9999 -9999 -9999 -9999 -9999 -9999 -9999 -9999 -9999 -9999 -9999 -9999 -9999 -9999 -9999 -9999 -9999 -9999 -9999 -9999 -9999 -9999 -9999 -9999 -9999 -9999 -9999 -9999 -9999 -9999 -9999 -9999 -9999 -9999 -9999 -9999 -9999 -9999 -9999 -9999 -9999 -9999 -9999 -9999 -9999 -9999 -9999 -9999 -9999 -9999 -9999 -9999 -9999 -9999 -9999 -9999 -9999 -9999
-9999 -9999 -9999 -9999 -9999 -9999 -9999 -9999 -9999 -9999 -9999 -9999 -9999 -9999 -9999 -9999 -9999 -9999 -9999 -9999 -9999 -9999 -9999 -9999 -9999 -9999 -9999 -9999 -9999 -9999 -9999 -9999 -9999 -9999 -9999 -9999 -9999 -9999 -9999 -9999 -9999 -9999 -9999 -9999 -9999 -9999 -9999 -9999 -9999 -9999 -9999 -9999 -9999 -9999 -9999 -9999 -9999 -9999 -9999 -9999 -9999 -9999
-9999 -9999 -9999 -9999 -9999 13.2416150253266 13.2638477594592 13.2918179733679 13.3520615110174 16.0099490173161 15.2031159237958 13.6582994940691 13.2896664184518 13.6375011298805 12.5904110707343 11.4766228091903 12.6463514985517 11.6487472024746 11.3661763234995 13.7400585808791 11.2040925198235 13.4876094707288 15.3501388430595 13.5076906499453 11.6100192139857 10.1397900213487 11.6523331273347 11.3554185489193 12.0001678387634 11.224890884012 11.0090182074346 10.8067720453255 10.2323068827391 12.3288912769417 12.3249997245148 7.22210308944174 10.1044180064012 12.2299997266382 9.98499977681786 10.1214141457528 9.62915432127193 13.8397472919896 9.69362128153443 9.59499978553504 -9999 -9999 -9999 -9999 -9999 -9999 -9999 -9999 -9999 -9999 -9999 -9999 -9999 -9999 -9999 -9999 -9999 -9999
-9999 -9999 -9999 -9999 -9999 12.7718588686548 12.5129550937563 13.9473250377923 12.938245782163 13.8770409105346 15.3766746870242 14.0678121130913 13.4065675688908 13.5564592280425 13.5385296037421 14.3109378186055 14.0735495928675 13.6425214246847 12.7230902905576 12.5911282557063 11.1553239417262 15.4024933460169 11.4285714160651 12.0532395266928 11.9635914051905 10.6253242474049 10.7192754787393 10.7522659874521 10.9401684501208 13.2351603605784 14.3848078707233 11.2571642077528 11.4902493236586 11.0183416120708 10.907177941408 11.384823132772 12.0099997315556 -9999 10.3900552906406 9.40359964757226 10.0361567928921 13.0752281118184 9.85972928977571 10.9025162390899 10.5812173716258 10.9724187658149 10.9449997553602 -9999 -9999 -9999 -9999 -9999 -9999 -9999 -9999 -9999 -9999 -9999 -9999 -9999 -9999 -9999
-9999 -9999 -9999 -9999 -9999 11.5167851676233 12.4175694924779 12.3078401917592 14.3353221076541 14.0800042576157 15.36806846736 15.0984069178812 15.8148747049272 14.9334543743171 13.9085970493034 13.9860530262813 14.649449125398 14.7125614029355 14.2377849514596 13.0938749210909 12.4527115561068 11.3166905604303 11.3554185489193 11.2801141268574 12.2889026934351 10.6088289930485 10.4259468251839 10.50985746691 11.2205877741799 11.0800195196643 11.4572588149458 11.2600329476409 14.7950376747176 12.5201269434765 11.8301950003952 12.6021811789983 8.24181661276931 12.3099997248501 12.0549997305498 11.1119334300813 9.58935055532493 9.29100160696544 12.4699239954352 13.9602343672886 9.55098115932196 12.1599997282028 -9999 -9999 -9999 -9999 -9999 -9999 -9999 -9999 -9999 -9999 -9999 -9999 -9999 -9999 -9999 -9999
-9999 -9999 -9999 -9999 -9999 12.380993058905 11.4364604507573 12.9031037185341 13.0802484066226 14.054902783595 14.9148075650446 15.964766364079 16.1132236532867 15.0309915305115 14.1574602345936 14.850260917563 14.7641987209208 13.375728615094 13.3456068462692 12.4849848798476 12.3931852034293 13.1828058576211 12.6291390592232 13.3435897635354 10.7601550221443 10.1390728363767 12.0934018851258 11.1223334330134 11.4300057860091 13.3613849156536 12.4441053364426 12.0102084283717 11.625080098398 12.5251472382806 13.2703024242073 12.9239020827226 13.1219796071819 9.38660360026125 13.3308098413092 12.9436266555168 9.1898785259109 10.9931721902149 10.6701325847757 8.27165436310073 10.2324454785858 10.4090525176218 9.33499979134649 -9999 -9999 -9999 -9999 -9999 -9999 -9999 -9999 -9999 -9999 -9999 -9999 -9999 -9999 -9999
-9999 -9999 -9999 -9999 -9999 13.2265541409142 13.4825891759247 13.6676228987053 13.2760399039835 13.8777580955066 14.0003967257217 15.6018707682379 15.2052674787119 15.8536026934162 15.3135624094866 15.4412213345058 11.7168797748163 13.3958097943105 14.5676900385879 13.7235633265227 13.9136173441075 13.8175145578571 13.7149571068585 13.097460845951 11.1646473463625 10.3972594263032 10.5206152414903 11.2026581498794 11.4866633987986 12.3264870010316 12.0675832261331 12.0152287231758 12.739585544914 12.9303567474708 12.0388958272524 12.1565141626634 12.9152958630584 10.907177941408 11.9560609629843 11.026230646763 11.9459008425474 12.372037379745 11.4302992326092 11.2676829206757 10.6654866058379 12.8223210677774 12.0949997296557 -9999 -9999 -9999 -9999 -9999 -9999 -9999 -9999 -9999 -9999 -9999 -9999 -9999 -9999 -9999
-9999 -9999 -9999 -9999 -9999 13.2294228808023 13.1125217303634 13.1849574125372 13.8626972110942 14.0176091650501 13.8411816619337 14.3209784082137 14.450788888149 15.5789208491333 15.4175542304292 14.6229132814333 13.8182317428291 12.8751335046254 12.5760673712939 11.0549180456437 14.7799767903052 14.4299905239604 12.741019914858 11.0843226294965 10.8935514269397 10.8964201668277 12.1565141626634 14.4099093447439 11.1553239417262 12.1966765210964 11.9872585092671 12.3444166253321 13.494781320449 12.860789805185 10.706366149243 10.4424420795403 10.4402905246243 10.4503311142325 11.0463118259795 13.3850520197302 10.8494445511606 14.6802880791947 11.8383230967447 12.1813915163802 12.9070341087292 12.039999730885 -9999 -9999 -9999 -9999 -9999 -9999 -9999 -9999 -9999 -9999 -9999 -9999 -9999 -9999 -9999 -9999
-9999 -9999 -9999 -9999 -9999 12.939680152107 13.0321970134974 13.4302346729673 13.255241539795 13.3054444878362 13.8418988469057 14.5827509230003 14.5892055877484 14.2413708763197 14.572710333392 13.5700857425109 14.2643207954243 15.1328317965381 13.2997070080601 10.9996948027983 10.8548234384507 10.7522659874521 10.5414136056788 10.2079225936905 10.2086397786625 11.0893429243006 14.6580553450622 14.9384746691212 14.2270271768793 12.7876369380392 13.5449842684902 12.3910336485133 12.060411376413 13.7013305923901 13.7077852571383 10.985351103358 11.0513321207836 10.9774620686658 9.13501387555152 12.2655262784101 14.3123721885495 13.3312631468289 12.1141205620952 12.999038303333 12.6405572445456 12.9689253337807 12.2549997260794 -9999 -9999 -9999 -9999 -9999 -9999 -9999 -9999 -9999 -9999 -9999 -9999 -9999 -9999 -9999
-9999 -9999 -9999 -9999 -9999 13.178502747789 13.0092470943928 13.3118991525844 13.4288003030233 13.5062562800013 13.3434552913532 13.5191656094976 13.4639423666522 13.5908841066994 14.8660389869474 13.4596392568201 13.3126163375564 13.1476637939923 13.1447950541042 12.0037537636235 10.7816705713049 10.6826990451664 10.6791131203063 12.0855128504336 12.2726981281303 12.7962431577034 11.7663655378856 11.3898434275761 14.2621692405082 12.0489364168607 13.1985839270055 14.5805993680842 11.4873805837706 11.5476241214201 11.3661763234995 11.224890884012 11.0742820398882 12.2715825070627 12.2593853820872 11.8703573588282 13.615268395748 12.7555429105414 14.8947263858281 15.0596789293922 11.3018651830909 12.1299997288734 -9999 -9999 -9999 -9999 -9999 -9999 -9999 -9999 -9999 -9999 -9999 -9999 -9999 -9999 -9999 -9999
-9999 -9999 -9999 -9999 -9999 13.1196935800835 12.2074342956766 13.13618883444 13.3699911353178 13.7171086617745 13.5263374592178 13.6704916385934 13.0515610077418 13.8655659509823 14.4859309517778 13.3864863896742 13.3025757479481 13.1749168229289 10.8182470048778 10.9738761438057 10.8619952881709 10.9351481553167 10.8978545367718 13.6841181530617 13.5700857425109 13.6382183148526 11.4099246067926 11.5153507976793 11.5289773121476 13.3441724763252 14.4048890499398 15.8600573581643 15.1615191954188 12.6140781748109 11.3496810691431 15.0252540507354 14.453657628037 11.6982329655439 11.5311288670637 11.3425092194229 13.4402752625756 15.9002197165973 8.14279312380989 13.3243697250543 11.8749997345731 -9999 -9999 -9999 -9999 -9999 -9999 -9999 -9999 -9999 -9999 -9999 -9999 -9999 -9999 -9999 -9999 -9999
-9999 -9999 -9999 -9999 -9999 12.4964598393999 14.3912625354715 13.6633197888732 14.052751228679 13.3628192855977 13.4187597134151 13.3599505457096 13.5600451529026 13.5249030892737 13.257393094711 13.2688680542633 14.6135898767971 11.8653370640241 11.0448774560355 11.3511154390872 11.1151615832932 11.3912777975202 12.380275873933 13.5306405690499 13.5198827944696 13.4847407308407 13.3147678924724 13.8634143960662 12.6922513367608 13.6202886905521 14.09219640214 11.6028473642655 13.4625079967082 13.2452009501867 11.5497756763361 15.6628314908594 11.7075563701801 11.6702627516352 12.6043027817952 12.2684667641763 12.6517122088452 12.145472151761 12.3689353182441 13.0260326833035 12.6388707078596 11.7874791964989 -9999 -9999 -9999 -9999 -9999 -9999 -9999 -9999 -9999 -9999 -9999 -9999 -9999 -9999 -9999 -9999
-9999 -9999 -9999 -9999 -9999 12.1271095788106 13.099612400867 14.2413708763197 15.7646717568859 15.5954161034897 13.255241539795 14.3274330729619 14.5691244085319 14.0204779049382 11.6996673354879 14.57199314842 13.1096529904753 14.6451460155658 13.3721426902339 12.5524002672173 13.0250251637772 13.2860804935917 13.1562700136565 13.5062562800013 14.0592058934271 14.0778527026996 14.2047944427468 13.2824945687316 13.1526840887964 13.5973387714475 13.8225348526612 14.3109378186055 14.0298013095744 12.50004576426 12.5341120504308 11.7348093991168 11.6049989191815 11.5935239596292 11.9758313620463 12.3107601591452 11.8414906637045 12.6646733779926 12.1739633389424 -9999 -9999 -9999 -9999 13.2249997043982 13.2249997043982 -9999 -9999 -9999 -9999 -9999 -9999 -9999 -9999 -9999 -9999 -9999 -9999 -9999
-9999 -9999 -9999 -9999 -9999 12.5251472382806 12.4656208856031 12.500762949232 12.3917508334853 12.8636585450731 14.0498824887909 14.2047944427468 13.7795037543401 13.6217230604962 13.2523727999069 14.492385616526 14.0592058934271 11.584917739965 15.2963499701582 13.7257148814388 13.2308572507463 13.2416150253266 13.3068788577802 13.5959044015035 13.2652821294032 13.8024536734447 13.7264320664108 13.1003295858391 13.1949980021454 12.8801537994295 12.498611394316 12.3849375762511 11.9058580149431 13.2208166611381 13.3886379445903 11.9388485236559 11.7301476967987 12.4231725000718 9.26091243745759 -9999 -9999 -9999 -9999 -9999 -9999 -9999 -9999 -9999 -9999 -9999 -9999 -9999 -9999 -9999 -9999 -9999 -9999 -9999 -9999 -9999 -9999 -9999
-9999 -9999 -9999 -9999 -9999 12.5531174521893 12.6750388974324 13.2875148635358 13.1799371177331 12.6499374234118 13.4445783724077 13.0286110886373 13.4761345111765 13.3599505457096 13.3549302509055 13.4381237076595 13.0917233661748 13.1060670656152 13.1247138748877 13.0350657533854 13.0745109268464 13.2430493952706 13.3577989907935 14.0233466448262 13.4596392568201 13.0953092910349 12.8787194294855 11.0083010224625 12.263016131008 11.1646473463625 14.2901394544169 13.0823999615386 14.2234412520193 14.6838740040548 12.3906750560272 13.9810327314772 12.2956480472349 12.6951200766489 12.8676030624192 12.5663645752938 11.6199997402728 -9999 -9999 -9999 -9999 -9999 -9999 -9999 -9999 -9999 -9999 -9999 -9999 -9999 -9999 -9999 -9999 -9999 -9999 -9999 -9999 -9999
-9999 -9999 -9999 -9999 -9999 12.6944028916769 12.462034960743 13.0917233661748 13.2832117537037 12.2533341338858 13.4668111065403 12.660695197992 13.494781320449 13.6095309159718 14.052751228679 13.4080019388348 13.6324808350764 13.6819665981457 13.0953092910349 13.5571764130145 14.2284615468234 13.2200994761661 13.7701803497039 13.458204886876 13.693441557698 13.5959044015035 12.3652149895206 11.0039979126304 11.064958635252 12.4684896254912 13.8756065405905 13.3398693664931 14.1553086796775 13.0408032331616 13.1096529904753 11.742698433809 11.744849988725 14.8796655014157 11.5160027840175 9.53299338488865 13.999522640328 14.0299996864051 10.34992521815 12.921597665645 9.62987150624394 12.6799997165799 -9999 -9999 -9999 -9999 -9999 -9999 -9999 -9999 -9999 -9999 -9999 -9999 -9999 -9999 -9999 -9999
-9999 -9999 -9999 -9999 -9999 12.4283272670582 13.0243079788052 12.6807763772085 12.7754447935149 12.5688955215737 12.4928739145398 13.0300454585813 13.6654713437892 14.2385021364316 14.1115603963844 13.9301125984639 13.3692739503458 13.1261482448317 13.217230736278 13.378597354982 13.3735770601779 13.217230736278 14.0642261882313 14.134510315489 13.3025757479481 13.2538071698509 14.5103152408265 12.5179753885604 13.7221289565787 13.4510330371559 13.6037934361957 13.3671223954298 12.7743690160569 13.975295251701 13.0451063429937 11.9345454138238 11.8717917287722 10.6425366867334 12.3221838911995 12.8801537994295 11.784295162186 10.8297219644301 10.4424420795403 10.5607775999233 9.9547562985681 12.5875806330066 13.4549996992573 -9999 -9999 -9999 -9999 -9999 -9999 -9999 -9999 -9999 -9999 -9999 -9999 -9999 -9999 -9999
-9999 -9999 -9999 -9999 -9999 12.4168523075059 12.6033204002306 12.8830225393176 12.8328195912763 12.8077181172557 12.6951200766489 12.9074068283662 12.9611957012676 12.7159184408374 14.0061342054978 12.7022919263691 12.7732932385989 13.1627246784046 13.0623187823221 12.2820215327665 13.2602618345991 13.377162985038 13.893536164891 13.8777580955066 13.5951872165315 13.6088137309998 13.2810601987876 13.8103427081369 13.3427381063811 13.3032929329202 13.3226569271646 13.0874202563427 13.8576769162901 11.6451612776145 13.2753227190115 13.8397472919896 13.894970534835 13.972426511813 14.5899227727205 10.6446882416494 11.6860408210196 10.3276924840175 10.270317686256 10.230155327823 10.2753379810601 10.2918332354166 -9999 -9999 -9999 -9999 -9999 -9999 -9999 -9999 -9999 -9999 -9999 -9999 -9999 -9999 -9999 -9999
-9999 -9999 -9999 -9999 -9999 12.7632526489906 12.8428601808846 12.8529007704929 12.6355937239714 12.738868359942 12.9805596955121 12.7919400478713 12.6363109089434 13.0214392389171 12.619098469615 12.7725760536268 12.7073122211732 12.6427655736916 12.8005462675355 12.7761619784869 13.5012359851971 13.6776634883136 13.7436445057392 13.8512222515419 13.6611682339571 13.3341318867169 13.577257592231 12.9683675509878 13.0013580597006 13.3427381063811 13.3477584011853 13.9387188181281 11.5956755145453 13.2602618345991 13.5686513725668 13.5148624996655 13.1125217303634 11.5798974451609 12.5212027209345 12.8661686924752 15.3250373690389 10.1799523797818 10.2502365070395 10.3427533684298 9.69728689361364 10.0903042582795 10.2100741486065 -9999 -9999 8.68685010928727 8.68499980587512 -9999 -9999 -9999 10.9150669761002 -9999 -9999 -9999 -9999 -9999 -9999 -9999
-9999 -9999 -9999 -9999 -9999 12.6721701575443 13.018570499029 12.7905056779273 12.8113040421158 13.415890973527 13.21794792125 13.175634007901 13.3269600369968 13.0616015973501 13.3742942451499 12.8529007704929 12.8901943890378 13.0357829383574 13.5413983436301 13.3699911353178 13.4424268174917 13.4596392568201 13.4503158521838 13.7500991704874 14.2729270150885 13.5973387714475 13.4431440024637 12.8758506895974 13.3312631468289 12.8636585450731 13.3922238694504 12.7897884929553 13.2064729616977 13.2631305744871 12.6363109089434 12.7180699957535 12.3924680184573 12.9131443081424 11.5074617629871 13.3599505457096 15.5301522710361 11.5308419930749 8.97216859622056 9.43981748865917 9.76111635612324 10.3147831545211 11.2048097047955 7.42481907368347 8.58595499059884 9.06476560754236 9.06499979738146 -9999 -9999 9.92499977815896 9.9299997780472 -9999 -9999 -9999 -9999 -9999 -9999 -9999
-9999 -9999 -9999 -9999 -9999 12.8851740942337 13.2014526668936 13.3520615110174 13.057298487518 13.4288003030233 13.1985839270055 13.4108706787229 13.2853633086197 13.1247138748877 13.9516281476244 13.4703970314004 13.7128055519424 13.1304513546638 13.7952818237245 13.9143345290795 13.5263374592178 14.41206089966 13.8892330550589 13.9172032689676 13.7407757658511 13.9817499164492 12.9497207417153 12.7976775276475 12.8937803138979 12.9031037185341 12.7847681981511 11.5296944971196 12.7051606662571 13.2251197709702 11.3152561904863 11.1208990630694 10.905026386492 11.1201818780974 12.0467848619446 14.1976225930266 11.4283323544078 11.9817600911483 9.98487806739286 10.1562852757052 9.89020965108648 9.27448855014518 8.04999982006848 8.11780652357265 9.84000670304522 10.4868768122956 7.44187971693589 7.82961048258284 7.82499982509762 9.93474472076299 9.81648604162703 -9999 -9999 -9999 -9999 -9999 -9999 -9999
-9999 -9999 -9999 -9999 -9999 12.5222784983926 12.8163243369199 13.2057557767257 13.4596392568201 13.5672170026228 13.2961210832 13.6367839449085 13.5736716673709 14.1287728357129 14.4020203100517 13.415173788555 14.5748618883081 14.2578661306761 13.9501937776804 13.813211448025 14.1115603963844 13.5901669217274 13.3448896612972 13.3133335225284 13.5091250198893 13.1584215685725 12.9597613313235 12.8299508513883 12.8550523254089 12.4502014087047 12.9726706608199 12.2371974720154 11.7677999078296 11.1646473463625 10.6497085364535 10.8562578083947 9.67003386467695 11.0950804040767 7.87581113871024 9.98631243733689 10.4897762876935 13.0809258150553 9.9626453332603 10.0350810154341 10.5299386461265 9.47356253572798 9.48999978788197 10.1265818305107 8.21127963159233 13.4002739474434 8.78463913401356 9.54277036056124 9.91239115772104 10.5257097278433 10.3974648057023 -9999 -9999 -9999 -9999 -9999 -9999 -9999
-9999 -9999 -9999 -9999 -9999 12.658543643076 14.0312356795184 13.8103427081369 13.3821832798421 13.6776634883136 14.1366618704051 13.4438611874357 14.131641575601 14.8552812123671 14.0434278240427 14.0778527026996 13.1218451349996 13.8641315810382 13.5550248580985 13.337000626605 13.9559312574565 14.6049836571328 13.2459181351587 13.0687734470703 14.1553086796775 13.2724539791234 13.0221564238891 11.3740653581917 11.5497756763361 11.8581652143039 11.4866633987986 11.2550126528367 11.2048097047955 11.1947691151872 11.1901074128691 10.9401684501208 8.69466230273247 8.27930150934347 7.8349998248741 10.0415356801823 10.2552568018436 9.3451490723528 14.3353221076541 13.3606677306816 10.7099520741031 13.5458104342162 8.51889221917372 8.44499981123954 10.0905091682715 13.7486648005433 14.3919797204435 13.9573656274006 10.0714183873497 7.97550507204141 10.5252769438084 10.5249997647479 -9999 -9999 -9999 -9999 -9999 -9999
-9999 -9999 -9999 -9999 -9999 12.8650929150172 12.8485976606607 13.1412091292441 13.9394360031001 13.3936582393944 13.2344431756064 14.0434278240427 14.0828729975037 13.8254035925493 15.2863093805499 14.9772026576102 14.5877712178044 14.092913587112 13.1311685396358 13.7099368120544 14.9865260622464 14.0792870726436 13.2645649444312 12.9152958630584 13.2502212449908 13.1347544644959 11.224890884012 10.9301278605126 12.261581761064 11.8083208587486 8.30021056812257 11.4400463756174 11.184728525579 11.2862101991195 11.7160191528499 11.4774680629073 10.905026386492 13.417325343471 -9999 9.53520308993757 10.268883316312 10.6396679468453 11.1553239417262 10.8949857968837 10.8849452072755 10.9251075657085 -9999 12.6460825541872 13.1102805273258 13.2753227190115 14.1854304485023 14.2385021364316 14.3783532059751 14.4601122927852 11.3649997459725 -9999 -9999 -9999 -9999 -9999 -9999 -9999
