EcologicalScience/Bass/data/rs_data_bass/sst_293.asc
NCOLS 226 
NROWS 124 
XLLCORNER -9.41648524995501 
YLLCORNER 47.587301625531 
CELLSIZE 0.0833 
NODATA_value -9999 
[rows 54 to 80 of 124, columns 0 to 61 of 226]
-9999 -9999 -9999 -9999 -9999 -9999 -9999 -9999 -9999 -9999 -9999 -9999 -9999 -9999 -9999 -9999 -9999 -9999 -9999 -9999 -9999 -9999 -9999 -9999 -9999 -9999 -9999 -9999 -9999 -9999 -9999 -9999 -9999 -9999 -9999 -9999 -9999 -9999 13.8259414812783 9.80988493422046 9.71808525780216 10.3355815187097 10.4725638483651 8.96217229729518 9.47854547714815 9.22681355196983 9.00090028578416 9.06903285812587 8.79865412367508 8.75347147043794 8.91340371919796 9.17517623398453 9.05970945348963 9.00520339561626 9.17087312415242 9.15222631487995 9.2139042224735 9.49002043670043 12.0219853605438 -9999 -9999 13.5282765148828
-9999 -9999 -9999 -9999 -9999 -9999 -9999 -9999 -9999 -9999 -9999 -9999 -9999 -9999 -9999 -9999 -9999 -9999 -9999 -9999 -9999 -9999 -9999 -9999 -9999 -9999 -9999 -9999 -9999 -9999 -9999 -9999 -9999 -9999 -9999 -9999 -9999 -9999 13.3749997010455 9.64134646579623 10.2050538538024 10.2272865879349 10.3922391314991 10.4374217847362 9.31861322838813 9.31215856363997 9.08911403734237 9.00233465572819 8.92487867875025 8.94782859785482 9.07692189281806 9.12712484085932 9.15366068482399 9.21533859241754 9.26195561559871 9.23972288146615 9.26052124565467 9.84502699784935 6.43115043228552 13.6649996945634 -9999 14.339999679476
-9999 -9999 -9999 -9999 -9999 -9999 -9999 -9999 -9999 -9999 -9999 -9999 -9999 -9999 -9999 -9999 -9999 -9999 -9999 -9999 -9999 -9999 -9999 -9999 -9999 -9999 -9999 -9999 -9999 -9999 -9999 -9999 -9999 -9999 -9999 -9999 -9999 -9999 -9999 11.1433708588593 10.191427339334 10.1964476341382 10.0946073681116 9.72167118266225 9.50149539625272 9.00233465572819 8.97508162679151 8.88758506020531 8.93563645333052 8.99587999098003 9.04177982918918 9.14075135532767 9.3573412168771 9.35088655212894 9.41041290480644 9.41113008977845 9.44268622854725 9.58899196283892 10.0652027842589 6.46847996249964 -9999 -9999
-9999 -9999 -9999 -9999 -9999 -9999 -9999 -9999 -9999 -9999 -9999 -9999 -9999 -9999 -9999 -9999 -9999 -9999 -9999 -9999 -9999 -9999 -9999 -9999 -9999 -9999 -9999 -9999 -9999 -9999 -9999 -9999 -9999 -9999 -9999 -9999 -9999 -9999 -9999 -9999 10.2588427267037 9.97196873789653 9.61265906691551 8.9786675516516 9.07477033790201 8.94782859785482 8.75705739529803 8.85244299657643 8.88184758042917 9.00018310081214 9.11995299113914 9.21605577738956 9.43192845396698 9.42547378921881 9.54667804948986 9.59401225764304 9.60261847730726 9.75537887634709 9.96909999800846 10.149830610957 12.0074293366051 -9999
-9999 -9999 -9999 -9999 -9999 -9999 -9999 -9999 -9999 -9999 -9999 -9999 -9999 -9999 -9999 -9999 -9999 -9999 -9999 -9999 -9999 -9999 -9999 -9999 -9999 -9999 -9999 -9999 -9999 -9999 -9999 -9999 -9999 -9999 -9999 -9999 -9999 -9999 -9999 -9999 9.93969541415572 9.85793632734567 9.38387706084177 9.16728719929233 8.99014251120389 8.97293007187545 8.93922237819061 8.98942532623187 9.03891108930111 9.04823449393734 9.0625781933777 9.1579637946561 9.21175266755745 9.27271339017898 9.39750357531011 9.46993925748393 9.81490522902459 9.91961423493922 9.94758444884792 10.269600501284 11.2198705892079 16.4699996318668
-9999 -9999 -9999 -9999 -9999 -9999 -9999 -9999 -9999 -9999 -9999 -9999 -9999 -9999 -9999 -9999 -9999 -9999 -9999 -9999 -9999 -9999 -9999 -9999 -9999 -9999 -9999 -9999 -9999 -9999 -9999 -9999 -9999 -9999 -9999 -9999 -9999 -9999 -9999 6.10499986354262 11.7677999078296 9.54596086451784 9.47639392223209 9.39893794525415 9.10776084661484 8.95858637243509 9.04321419913322 9.20960111264139 9.15150912990794 9.20314644789323 9.08481092751026 9.07261878298596 9.28633990464732 9.3372600376606 9.4527268181555 9.55169834429398 9.81992552382872 10.1003448478878 10.1354869115166 11.6106339439617 -9999 -9999
-9999 -9999 -9999 -9999 -9999 -9999 -9999 -9999 -9999 -9999 -9999 -9999 -9999 -9999 -9999 -9999 -9999 -9999 -9999 -9999 -9999 -9999 -9999 -9999 -9999 -9999 -9999 -9999 -9999 -9999 -9999 -9999 -9999 -9999 -9999 -9999 -9999 -9999 -9999 11.195055989176 10.230155327823 9.60620440216735 9.58253729809076 9.40682697994635 9.11923580616713 9.09556870209053 9.02098146500066 8.99946591584012 9.10130618186668 9.06616411823779 9.07548752287403 9.12927639577538 9.4606158528477 9.47209081239998 9.54094056971371 9.75896480120718 9.73027740232646 14.1849996829405 8.39206839467374 11.265053242445 11.2291939938441 11.3496810691431
-9999 -9999 -9999 -9999 -9999 -9999 -9999 -9999 -9999 -9999 -9999 -9999 -9999 -9999 -9999 -9999 -9999 -9999 -9999 -9999 -9999 -9999 -9999 -9999 -9999 -9999 -9999 -9999 -9999 -9999 -9999 -9999 -9999 -9999 -9999 -9999 -9999 -9999 -9999 10.18999296939 9.98989836219698 10.1333353566006 9.73673206707463 9.46850488753989 9.03819390432909 9.06975004309788 9.06186100840569 9.00376902567223 9.33582566771656 9.01596117019653 9.28275397978723 9.14433728018776 9.17445904901251 9.29924923414364 9.45918148290366 9.54524367954582 9.80199589952826 9.86008788226172 10.6948911896907 11.0542008606717 11.1101412884891 11.224890884012
-9999 -9999 -9999 -9999 -9999 -9999 -9999 -9999 -9999 -9999 -9999 -9999 -9999 -9999 -9999 -9999 -9999 -9999 -9999 -9999 -9999 -9999 -9999 -9999 -9999 -9999 -9999 -9999 -9999 -9999 -9999 -9999 -9999 -9999 -9999 -9999 -9999 -9999 14.0360828607086 10.468977923505 9.87443158170208 9.59257788769901 9.29996641911566 9.25334939593449 9.11995299113914 9.06903285812587 9.04966886388138 9.12569047091529 9.1421857252717 9.06831567315385 9.12784202583134 9.2576525057666 9.34012877754867 9.36307869665325 9.57321389345452 9.7238227375783 9.6442152056843 10.5801415941678 10.4897762876935 10.7357707330957 10.905743571464 11.1725363810547
-9999 -9999 -9999 -9999 -9999 -9999 -9999 -9999 -9999 -9999 -9999 -9999 -9999 -9999 -9999 -9999 -9999 -9999 -9999 -9999 -9999 -9999 -9999 -9999 -9999 -9999 -9999 -9999 -9999 -9999 -9999 -9999 -9999 -9999 -9999 -9999 -9999 -9999 10.2997222701088 10.031495090574 9.62628558138385 9.39104891056195 9.29853204917163 9.12425610097125 9.0783562627621 8.99229406611994 8.99444562103599 9.03604234941304 9.04034545924515 9.04034545924515 9.24904628610238 9.273430575151 9.38459424581379 9.53161716507748 9.66142764501274 9.22609636699781 9.93539230432361 10.1799523797818 10.4266640101559 10.8039033054374 10.946623114869 11.2148502944037
-9999 -9999 -9999 -9999 -9999 -9999 -9999 -9999 -9999 -9999 -9999 -9999 -9999 -9999 -9999 -9999 -9999 -9999 -9999 -9999 -9999 -9999 -9999 -9999 -9999 -9999 -9999 -9999 -9999 -9999 -9999 -9999 -9999 -9999 -9999 -9999 -9999 15.6354467340707 10.2803582758643 9.83283485332504 9.64780113054439 9.29853204917163 9.45702992798761 9.06401256332174 8.95571763254702 9.00233465572819 9.09700307203457 9.12784202583134 9.1342966905795 8.95284889265895 9.21964170224965 9.37885676603764 9.57177952351049 9.72453992255032 9.93754385923967 10.0279091657139 10.1462446860969 10.4460280044004 10.4775841431692 10.7429425828159 10.9308450454846 10.9243903807364
-9999 -9999 -9999 -9999 -9999 -9999 -9999 -9999 -9999 -9999 -9999 -9999 -9999 -9999 -9999 -9999 -9999 -9999 -9999 -9999 -9999 -9999 -9999 -9999 -9999 -9999 -9999 -9999 -9999 -9999 -9999 -9999 -9999 -9999 -9999 -9999 -9999 10.5122139318181 10.0766777438112 9.88734091119841 9.51942502055317 9.36379588162526 9.18880274845287 9.11995299113914 9.21533859241754 9.1221045460552 9.11134677147493 9.19095430336893 9.36666462151334 9.2497634710744 9.2060151877813 9.24904628610238 9.2060151877813 9.76039917115122 9.95332192862406 10.0752433738671 10.4259468251839 10.2193975532427 10.5371104958467 10.4575029639527 10.9437543749809 11.0721304849721
-9999 -9999 -9999 -9999 -9999 -9999 -9999 -9999 -9999 -9999 -9999 -9999 -9999 -9999 -9999 -9999 -9999 -9999 -9999 -9999 -9999 -9999 -9999 -9999 -9999 -9999 -9999 -9999 -9999 -9999 -9999 -9999 -9999 -9999 -9999 7.26609406399249 11.1911831903271 9.11995299113914 9.49073762167245 9.3652302515693 9.32435070816427 9.34873499721289 9.24474317627028 9.07763907779008 9.15079194493592 9.06688130320981 9.10202336683869 9.1658528293483 9.24044006643817 9.18665119353682 9.30068360408768 9.1859340085648 9.61767936171964 9.79697560472414 9.8034302694723 9.9626453332603 10.2100741486065 10.2029022988863 10.469695108477 10.7422253978439 10.8928342419676 10.9889370282181
-9999 -9999 -9999 -9999 -9999 -9999 -9999 -9999 -9999 -9999 -9999 -9999 -9999 -9999 -9999 -9999 -9999 -9999 -9999 -9999 -9999 -9999 -9999 -9999 -9999 -9999 -9999 -9999 -9999 -9999 -9999 -9999 -9999 -9999 -9999 16.0673579667429 10.8272835355252 9.49504073150456 9.68222600920126 9.64851831551641 9.85650195740163 9.30857263877988 9.52946561016142 9.26984465029091 9.29494612431154 9.16298408946022 9.32721944805235 9.44053467363119 9.09987181192264 9.4606158528477 9.50508132111281 9.42403941927478 9.55600145412609 9.63274024613202 9.83498640824109 9.96623125812039 10.2150944434106 10.5550401201472 10.6590319410898 10.8067720453255 10.7013458544388 10.9208044558764
-9999 -9999 -9999 -9999 -9999 -9999 -9999 -9999 -9999 -9999 -9999 -9999 -9999 -9999 -9999 -9999 -9999 -9999 -9999 -9999 -9999 -9999 -9999 -9999 -9999 -9999 23.8449994670227 23.8449994670227 -9999 8.45843422915513 11.1854542775844 11.2129856134765 11.386257502716 10.1927554596526 14.8943045123152 13.1101652654553 10.109668252524 9.61409343685955 9.97268592286855 9.81562241399661 9.47711110720411 9.33439129777253 9.36594743654132 9.22394481208175 9.77832879545167 9.24904628610238 9.28920864453539 9.40610979497433 9.29781486419961 9.52587968530133 9.59186070272699 9.48284858698025 9.59329507267103 9.79697560472414 9.89307839097455 10.0680715241469 10.1691946052015 10.4037140910514 10.6246070624329 10.6310617271811 10.6446882416494 11.6186254336499
-9999 -9999 -9999 -9999 -9999 -9999 -9999 -9999 -9999 -9999 -9999 -9999 -9999 -9999 -9999 -9999 -9999 -9999 -9999 -9999 -9999 -9999 11.563691205644 14.9519218873465 11.3905606125481 11.9559713148628 10.7780846464448 10.3198034493253 10.3327127788216 10.3212378192693 8.0348521284759 10.469695108477 10.5356761259027 9.67792289936915 9.9267860846594 9.79052093997598 9.8113193041645 9.65282142534852 9.65066987043247 9.48284858698025 9.40969571983442 9.28849145956337 9.23685414157808 9.21533859241754 9.3092898237519 9.24617754621431 9.22896510688588 9.33367411280051 9.39176609553397 9.46922207251191 9.63058869121596 9.50795006100088 9.65712453518063 9.64564957562834 9.90813927538693 10.0336466454901 10.4173406055197 10.3284096689895 10.4897762876935 15.4099996555597 -9999 -9999
-9999 -9999 -9999 -9999 -9999 -9999 -9999 -9999 -9999 -9999 -9999 -9999 -9999 -9999 -9999 -9999 -9999 -9999 -9999 -9999 -9999 14.4307077089325 10.7615893920884 10.7730643516406 10.5736869294196 10.3126315996051 10.2000335589983 10.230155327823 10.3241065591574 10.2437818422914 8.48524429090321 9.90957364533097 9.83570359321311 9.59903255244717 9.82853174349293 8.90766623942181 8.78717916412279 9.73673206707463 9.56891078362241 9.63704335596412 9.25406658090651 9.7159337028861 9.96909999800846 9.41256445972249 9.20888392766938 9.1063264766708 9.40252387011424 9.38244269089773 9.37025054637343 9.48571732686833 9.25263221096247 9.51512191072106 9.85076447762549 9.68366037914529 10.0903042582795 14.7095763627817 15.1399996615946 -9999 -9999 -9999 -9999 -9999
-9999 -9999 -9999 -9999 -9999 -9999 -9999 -9999 -9999 -9999 -9999 -9999 -9999 -9999 -9999 -9999 -9999 6.88018432352692 13.3397259294987 13.6783806732856 13.1387967797928 11.1388286873698 10.98606828833 10.9251075657085 11.1094241035171 10.9717245888896 10.3219550042413 10.8913998720236 10.4324014899321 10.1806695647538 10.307611304801 10.149830610957 10.0537278247066 10.5062715420499 9.93037200951949 9.87801750656217 9.60118410736322 10.0608996744268 9.72525710752234 9.63919491088018 9.39176609553397 9.49073762167245 9.65282142534852 9.89451276091859 9.36020995676517 9.11780143622309 9.48715169681236 9.60477003222331 9.45631274301559 9.21964170224965 9.63489180104807 11.0930882235989 13.4399996995926 -9999 -9999 -9999 -9999 -9999 -9999 -9999 -9999 -9999
-9999 -9999 -9999 -9999 -9999 -9999 -9999 -9999 -9999 -9999 -9999 -9999 -9999 -9999 -9999 -9999 -9999 11.782502199756 10.6597491260618 10.8175298199058 10.8949857968837 11.0965147740208 11.3998840171844 11.3360545546748 11.4149449015968 11.1216162480414 10.9996948027983 10.9258247506805 10.8562578083947 11.7011017054319 10.229438142851 10.4445936344564 10.1247291369364 10.6647694208659 10.5901821837761 10.5198980565183 9.88662372622639 9.87012847186998 9.64851831551641 10.1254463219084 10.0802636686713 9.76039917115122 9.79912715964019 10.1376384664327 9.56675922870636 9.33941159257665 9.7754600555636 9.61911373166367 9.76470228098333 11.4899233304895 11.4358388904482 14.0849996851757 -9999 -9999 -9999 -9999 -9999 -9999 -9999 -9999 -9999 -9999
-9999 -9999 -9999 -9999 -9999 -9999 -9999 -9999 -9999 -9999 -9999 -9999 -9999 13.336334669131 11.2227393290959 11.2299111788161 11.2485579880886 11.2378002135083 10.986785473302 11.025513461791 10.9803308085538 11.1962034851313 11.0233619068749 11.5655537457205 12.0675832261331 11.4386120056733 11.6602221620269 11.343226404395 11.1395458723418 11.5562303410843 11.1804254157469 11.266487612389 10.8311563343741 10.5277870912105 10.5198980565183 10.2179631832987 9.95260474365205 10.388653206639 10.0042420616373 10.1046479577199 10.3678548424505 10.1856898595579 9.71234777802601 9.70159000344574 9.22322762710974 9.37455365620553 9.3293710029684 9.55743582407013 9.55169834429398 9.73242895724252 10.3147831545211 10.2050538538024 15.954999643378 -9999 -9999 -9999 -9999 -9999 -9999 22.9139199049478 -9999 -9999
-9999 -9999 -9999 -9999 -9999 -9999 -9999 -9999 -9999 -9999 18.9588745556223 10.9401684501208 10.9337137853727 10.9394512651488 11.0735648549162 11.1481520920061 11.105838178657 11.0800195196643 10.9401684501208 10.8340250742622 10.8512375135906 10.8992889067158 10.8691671378911 11.6688283816911 11.2987609361298 12.0467848619446 11.3231452251785 11.3367717396468 11.984389769379 11.3001953060739 11.4421979305334 11.2349314736202 10.8060548603535 10.7135379989631 10.4209265303798 10.2488021370955 9.44985807826743 10.2925504203886 10.0860011484474 10.9530777796172 9.77761161047965 9.96838281303644 9.77474287059158 9.38029113598168 9.19956052303314 9.26410717051476 9.3888973556459 9.36236151168123 9.28347116475925 9.69178847549483 10.5440867496654 15.4625575874234 7.32605350919639 -9999 -9999 -9999 17.3715759141903 10.7185582937673 10.706366149243 11.7667753578696 11.7295201599482 17.7899996023625
-9999 -9999 -9999 -9999 -9999 -9999 -9999 20.6365324068033 12.5475454766375 11.027127127978 10.8103579701856 11.1029694387689 11.0326853115112 11.2277596239001 11.346095144283 11.6171910637058 11.6308175781742 11.1252021729015 11.4701681444421 11.2227393290959 11.4020355721004 12.0381786422804 11.6186254336499 11.944227410946 11.3166905604303 11.9851069543511 11.3245795951225 11.7462843586691 11.5978270694613 11.744132803753 11.8847010582685 11.1101412884891 11.6939298557118 11.3719138032757 10.2552568018436 10.2452162122354 10.4216437153518 10.9760276987217 10.5930509236641 10.1613055705093 9.90240179561079 9.72884303238243 9.71521651791409 9.53735464485362 9.71091340808198 9.62485121143982 9.15868097962812 9.36236151168123 9.40395824005827 9.62843713629991 9.57321389345452 9.73816643701866 12.4065891432512 9.01732830404944 10.1792351948097 10.1541337207891 10.3391674435697 10.4976653223857 10.4754325882532 10.6927396347746 10.3664204725064 17.9979213969961
-9999 -9999 -9999 -9999 -9999 10.7701956117526 11.1997894099914 11.386257502716 10.9372997102328 10.9996948027983 11.0585039705038 10.986785473302 11.1797082307748 11.7972044916824 11.4945524334908 11.3310342598706 10.8404797390103 11.0068666525185 11.5691396705806 11.8316293703392 11.5175023525953 11.625080098398 11.8050935263745 11.1416974272579 11.4350260808133 11.8273262605071 11.6788689712994 11.4027527570724 11.3826715778559 11.3496810691431 11.2729422771372 10.9523605946451 11.0420087161474 11.067110190168 11.0204931669869 10.4861903628334 10.5744041143917 10.6489913514815 10.3757438771427 10.7450941377319 9.47997984709218 10.1003448478878 9.58110292814672 9.66429638490081 9.83426922326908 9.68366037914529 9.68079163925722 9.81633959896863 9.96766562806442 10.1017792178318 10.0135654662736 9.91602831007913 10.0350810154341 10.0329294605181 10.230155327823 10.2825098307803 9.99707021191716 10.0981932929717 10.0802636686713 10.1297494317405 10.3821985418908 10.3954664638732
-9999 -9999 -9999 -9999 -9999 11.4443494854495 11.504593023099 11.9334696363658 11.265053242445 11.2291939938441 11.1524552018382 11.1352427625097 11.0879085543565 11.3977324622683 11.1001006988809 11.3224280402064 10.9351481553167 11.107989733573 11.542603826616 11.4027527570724 11.46586503461 11.4328745258972 11.1280709127896 11.267204797361 11.4414807455614 11.4049043119885 11.0577867855318 11.1223334330134 11.0513321207836 11.1495864619501 10.9028748315759 10.9889370282181 11.0097353924066 11.3697622483596 10.8490859586746 10.7350535481237 10.8182470048778 10.6518600913696 10.5952024785802 10.6195867676288 10.3025910099968 10.2882473105565 10.3341471487656 9.74820702662691 9.85721914237365 9.90813927538693 9.72740866243839 10.030777905602 9.79338967986405 10.0085451714694 10.1326181716286 9.94184696907178 9.96407970320433 9.87586595164612 10.390804761555 9.97555466275662 9.80486463941634 9.88518935628235 10.2107913335785 9.80127871455625 9.75753043126315 10.3348643337376
-9999 -9999 -9999 -9999 -9999 11.5275429422036 11.4880977687426 11.4465010403655 11.6516159423627 11.5956755145453 11.344660774339 11.0742820398882 11.0226447219029 10.7673268718645 10.9100466812961 10.7687612418085 11.1194646931253 10.9509262247011 10.9989776178263 11.2198705892079 11.1732535660267 11.4823602889664 11.4500869652256 11.0534836756997 11.4601275548339 11.066393005196 11.0685445601121 11.1252021729015 11.0075838374905 11.1983550400473 10.868449952919 10.8447828488424 11.0463118259795 11.0685445601121 10.7379222880118 10.6956083746627 10.7214270336553 10.9021576466039 10.5198980565183 10.6619006809779 10.6999114844948 10.7278816984035 10.7522659874521 10.1756492699496 10.0652027842589 10.1562852757052 10.0408184952103 9.93037200951949 10.0652027842589 9.98702962230891 9.97196873789653 9.9468672638759 9.90742209041491 9.80127871455625 9.62915432127193 9.79840997466817 9.60692158713937 9.77043976075947 9.69083222886547 9.90957364533097 9.84430981287733 9.87730032159016
-9999 -9999 -9999 -9999 -9999 11.5332804219797 11.3425092194229 11.2456892482005 11.0090182074346 11.6659596418031 11.186880080495 11.0326853115112 11.0004119877703 10.8863795772195 11.0448774560355 11.1997894099914 10.9322794154286 11.1947691151872 11.5081789479591 11.2055268897675 11.2492751730606 11.2299111788161 11.6301003932022 11.0793023346923 11.1675160862505 10.9351481553167 11.1366771324538 10.9136326061562 11.026230646763 11.1008178838529 10.7329019932076 10.8734702477232 10.706366149243 11.1151615832932 11.1216162480414 11.0943632191047 10.8842280223034 10.4424420795403 10.8232672996819 10.7802362013608 10.8211157447658 10.8576921783388 10.9444715599529 10.6834162301384 10.4962309524417 10.3592486227863 10.0852839634754 9.9188970499672 10.1362040964887 9.92965482454747 9.96336251823232 10.0458387900144 9.96049377834424 9.94973600376397 10.1232947669923 9.81275367410854 9.81705678394064 9.79840997466817 9.8392895180732 10.1154057323001 9.9705343679525 9.91459394013509
-9999 -9999 -9999 -9999 -9999 11.8323465553112 11.5139164277352 11.6451612776145 11.3561357338913 11.2126987394877 11.6523331273347 11.2987609361298 11.2370830285363 11.1352427625097 11.0420087161474 10.8548234384507 10.945188744925 10.948057484813 10.9200872709043 11.1962034851313 11.1911831903271 11.0226447219029 10.8297219644301 11.2858516066335 11.0240790918469 11.1402630573139 10.8325907043181 11.1266365428455 10.8913998720236 11.025513461791 10.6977599295788 10.8067720453255 10.907177941408 10.6310617271811 10.9839167334139 11.0039979126304 10.5801415941678 10.4575029639527 10.5206152414903 10.7386394729838 10.8648640280589 10.7400738429278 10.8024689354934 10.8390453690663 10.8455000338145 10.8383281840943 10.7594378371723 10.5851618889719 10.5543229351752 10.4424420795403 10.3671376574785 10.188558599446 10.1204260271043 9.90240179561079 9.95045318873599 10.1526993508451 9.84430981287733 10.0271919807419 10.1189916571602 10.1232947669923 10.4646748136729 10.3334299637936
