EcologicalScience/Bass/data/rs_data_bass/sst_19.asc
NCOLS 226 
NROWS 124 
XLLCORNER -9.41648524995501 
YLLCORNER 47.587301625531 
CELLSIZE 0.0833 
NODATA_value -9999 
[rows 0 to 26 of 124, columns 62 to 123 of 226]
-9999 -9999 -9999 -9999 -9999 -9999 -9999 -9999 -9999 -9999 -9999 -9999 -9999 -9999 -9999 -9999 -9999 -9999 -9999 -9999 -9999 -9999 -9999 -9999 -9999 -9999 -9999 -9999 -9999 -9999 -9999 -9999 -9999 -9999 -9999 -9999 -9999 -9999 -9999 -9999 -9999 -9999 -9999 -9999 -9999 -9999 -9999 -9999 -9999 -9999 -9999 -9999 -9999 -9999 -9999 -9999 -9999 -9999 -9999 -9999 -9999 -9999
-9999 -9999 -9999 -9999 -9999 -9999 -9999 -9999 -9999 -9999 -9999 -9999 -9999 -9999 -9999 -9999 -9999 -9999 -9999 -9999 -9999 -9999 -9999 -9999 -9999 -9999 -9999 -9999 -9999 -9999 -9999 -9999 -9999 -9999 -9999 -9999 -9999 -9999 -9999 -9999 -9999 -9999 -9999 -9999 -9999 -9999 -9999 -9999 -9999 -9999 -9999 -9999 -9999 -9999 -9999 -9999 -9999 -9999 -9999 -9999 -9999 -9999
-9999 -9999 -9999 -9999 -9999 -9999 -9999 -9999 -9999 -9999 -9999 -9999 -9999 -9999 -9999 -9999 -9999 -9999 -9999 -9999 -9999 -9999 -9999 -9999 -9999 -9999 -9999 -9999 -9999 -9999 -9999 -9999 -9999 -9999 -9999 -9999 -9999 -9999 -9999 -9999 -9999 -9999 -9999 -9999 -9999 -9999 -9999 -9999 -9999 -9999 -9999 -9999 -9999 -9999 -9999 -9999 -9999 -9999 -9999 -9999 -9999 -9999
-9999 -9999 -9999 -9999 -9999 -9999 -9999 -9999 -9999 -9999 -9999 -9999 -9999 -9999 -9999 -9999 -9999 -9999 -9999 -9999 -9999 -9999 -9999 -9999 -9999 -9999 -9999 -9999 -9999 -9999 -9999 -9999 -9999 -9999 -9999 -9999 -9999 -9999 -9999 -9999 -9999 -9999 -9999 -9999 -9999 -9999 -9999 -9999 -9999 -9999 -9999 -9999 -9999 -9999 -9999 -9999 -9999 -9999 -9999 -9999 -9999 -9999
-9999 -9999 -9999 -9999 -9999 -9999 -9999 -9999 -9999 -9999 -9999 -9999 -9999 -9999 -9999 -9999 -9999 -9999 -9999 -9999 -9999 -9999 -9999 -9999 -9999 -9999 -9999 -9999 -9999 -9999 -9999 -9999 -9999 -9999 -9999 -9999 -9999 -9999 -9999 -9999 -9999 -9999 -9999 -9999 -9999 -9999 -9999 -9999 -9999 -9999 -9999 -9999 -9999 -9999 -9999 -9999 -9999 -9999 -9999 -9999 -9999 -9999
-9999 -9999 -9999 -9999 -9999 -9999 -9999 -9999 -9999 -9999 -9999 -9999 -9999 -9999 -9999 -9999 -9999 -9999 -9999 -9999 -9999 -9999 -9999 -9999 -9999 -9999 -9999 -9999 11.7199997380376 10.1772219947436 10.1959997721016 9.94999977760017 9.96999977715313 10.0849997745827 10.0999997742474 10.0899997744709 9.95999977737665 10.0424997755326 11.5499997418374 11.5049997428432 11.4749997435138 11.2949997475371 11.6099997404963 11.1649997504428 8.84999980218709 10.1499997731298 9.65499978419393 9.06499979738146 9.12499979604036 10.7449997598305 10.9849997544661 10.8599997572601 10.9299997556955 10.879999756813 10.8399997577071 10.6499997619539 11.0849997522309 10.9799997545779 11.2199997492135 11.2149997493252 11.209999749437 11.1999997496605
-9999 -9999 -9999 -9999 -9999 -9999 -9999 -9999 -9999 -9999 -9999 -9999 -9999 -9999 -9999 -9999 -9999 -9999 -9999 -9999 -9999 -9999 -9999 -9999 -9999 -9999 -9999 11.6899997387081 10.5799997635186 10.6849997611716 10.6749997613952 10.3949997676536 10.4249997669831 10.3649997683242 9.41999978944659 9.93999977782369 9.67999978363514 9.39499979000539 9.30999979190528 9.34499979112297 9.39999978989363 9.84249978000298 9.99999977648258 10.1724997726269 9.96499977726489 9.78999978117645 8.8399998024106 9.0699997972697 8.46999981068075 8.73999980464578 10.7449997598305 11.0349997533485 10.9899997543544 11.0999997518957 11.0849997522309 10.6349997622892 11.2049997495487 11.2149997493252 11.2049997495487 11.1949997497723 11.1099997516721 11.189999749884
-9999 -9999 -9999 -9999 -9999 -9999 -9999 -9999 -9999 -9999 -9999 -9999 -9999 -9999 -9999 -9999 -9999 -9999 -9999 -9999 -9999 -9999 -9999 -9999 -9999 -9999 8.58184191344404 10.5399997644126 10.194999772124 10.0949997743592 10.504999765195 10.4799997657537 10.2199997715652 10.2499997708946 10.2599997706711 10.0249997759238 9.64999978430569 9.69499978329986 9.73499978240579 9.72499978262931 9.46999978832901 9.48499978799373 11.5149997426197 10.1899997722358 10.0249997759238 9.8449997799471 10.0149997761473 8.80999980308115 8.7549998043105 10.8149997582659 10.9799997545779 10.8349997578189 9.20999979414046 9.86999977938831 10.9349997555837 11.1049997517839 11.0899997521192 10.8349997578189 11.1099997516721 11.0699997525662 11.1949997497723 11.2899997476488
-9999 -9999 -9999 -9999 -9999 -9999 -9999 -9999 -9999 -9999 -9999 -9999 -9999 -9999 -9999 -9999 -9999 -9999 -9999 -9999 -9999 -9999 -9999 -9999 -9999 -9999 10.4112497672904 10.7999997586012 10.2299997713417 9.86499977950007 10.0049997763708 10.3999997675419 10.4049997674301 10.2699997704476 10.194999772124 9.62499978486449 9.10999979637563 9.614999785088 9.56499978620559 9.614999785088 9.5899997856468 9.39999978989363 9.51999978721142 11.2899997476488 11.5199997425079 10.1299997735769 11.5699997413903 11.5149997426197 10.0949997743592 9.23499979358166 9.65499978419393 10.1799997724593 10.9799997545779 11.2049997495487 10.9849997544661 10.7649997593835 11.2999997474253 11.2999997474253 11.1549997506663 11.0699997525662 10.9449997553602 11.31499974709
-9999 -9999 -9999 -9999 -9999 -9999 -9999 -9999 -9999 -9999 -9999 -9999 -9999 -9999 -9999 -9999 -9999 -9999 -9999 -9999 -9999 -9999 -9999 -9999 -9999 11.3799997456372 10.216874771635 10.5149997649714 10.3949997676536 10.3699997682124 10.3999997675419 10.3699997682124 10.3999997675419 10.339999768883 10.2199997715652 9.28999979235232 9.99499977659434 9.31999979168177 9.51999978721142 9.68999978341162 9.614999785088 9.74999978207052 9.59999978542328 9.78999978117645 9.86999977938831 10.6699997615069 11.3649997459725 11.7799997366965 11.1449997508898 10.8399997577071 10.2749997703359 9.66999978385866 9.73499978240579 10.3149997694418 10.8499997574836 9.34499979112297 11.2399997487664 11.2449997486547 11.2449997486547 11.2449997486547 9.90999977849424 10.8849997567013
-9999 -9999 -9999 -9999 -9999 -9999 -9999 -9999 -9999 -9999 -9999 -9999 -9999 -9999 -9999 -9999 -9999 -9999 -9999 -9999 -9999 -9999 -9999 -9999 7.45946411898227 11.0199997536838 10.9149997560307 10.7899997588247 10.6149997627363 10.2799997702241 10.2949997698888 10.2549997707829 9.33999979123473 9.21999979391694 9.08999979682267 10.0649997750297 10.2249997714534 10.3799997679889 10.3549997685477 10.8499997574836 9.68499978352338 9.11999979615211 9.48499978799373 9.91999977827072 9.87499977927655 10.0349997757003 10.7049997607246 10.3649997683242 10.7849997589365 11.1749997502193 11.2849997477606 11.4199997447431 10.0049997763708 9.89499977882951 10.0899997744709 9.53999978676438 6.50999985449016 6.70499985013157 8.77499980386347 9.00999979861081 10.3499997686595 10.8149997582659
-9999 -9999 -9999 -9999 -9999 -9999 -9999 -9999 -9999 -9999 -9999 -9999 -9999 -9999 -9999 -9999 -9999 -9999 -9999 -9999 -9999 -9999 -9999 -9999 11.5721425984853 10.7349997600541 10.3749997681007 10.3549997685477 10.504999765195 10.5099997650832 10.4099997673184 10.4399997666478 10.6449997620657 10.8849997567013 10.9699997548014 10.8899997565895 10.7049997607246 10.5799997635186 10.5649997638538 11.4449997441843 11.5799997411668 9.19499979447573 9.21999979391694 9.65999978408217 10.3849997678772 10.4549997663125 10.3649997683242 10.2099997717887 10.7949997587129 11.8249997356907 11.7399997375906 11.604999740608 10.6749997613952 9.61999978497624 9.99499977659434 11.4149997448549 10.9249997558072 10.9249997558072 10.7449997598305 10.7849997589365 9.04749979777262 9.614999785088
-9999 -9999 -9999 -9999 -9999 -9999 -9999 -9999 -9999 -9999 -9999 -9999 -9999 -9999 -9999 -9999 -9999 -9999 -9999 -9999 -9999 -9999 -9999 7.16055539550467 11.8499997351319 11.7449997374788 12.039999730885 11.3899997454137 12.2849997254089 10.2399997711182 10.6349997622892 11.1049997517839 11.0699997525662 10.9899997543544 10.9299997556955 10.7949997587129 10.6449997620657 10.5999997630715 10.2499997708946 9.90999977849424 9.62499978486449 8.54499980900437 9.85999977961183 10.3649997683242 10.5299997646362 10.0349997757003 10.1999997720122 10.5349997645244 10.5899997632951 10.7599997594953 11.4049997450784 11.7299997378141 11.6149997403845 11.1299997512251 10.2799997702241 10.6549997618422 10.8349997578189 10.9399997554719 11.1199997514486 11.1849997499958 11.0499997530133 11.0499997530133
-9999 -9999 -9999 -9999 -9999 -9999 -9999 -9999 -9999 -9999 -9999 -9999 -9999 -9999 -9999 -9999 -9999 -9999 -9999 -9999 -9999 -9999 8.80846134157708 10.6999997608364 11.8249997356907 10.9999997541308 11.5949997408316 10.7099997606128 10.1899997722358 10.0849997745827 10.8824997567572 11.9199997335672 11.7749997368082 11.189999749884 11.2049997495487 10.9949997542426 10.7399997599423 10.6849997611716 10.6599997617304 10.5999997630715 10.5499997641891 9.51999978721142 9.14499979559332 8.73499980475754 9.55499978642911 10.2899997700006 10.1049997741356 10.6049997629598 10.4049997674301 10.5799997635186 10.7799997590482 10.9799997545779 11.7199997380376 11.5149997426197 11.0199997536838 11.0999997518957 10.5549997640774 10.5699997637421 10.9949997542426 10.9049997562543 9.00499979872257 9.14499979559332
-9999 -9999 -9999 -9999 -9999 -9999 -9999 -9999 -9999 -9999 -9999 -9999 -9999 -9999 -9999 -9999 -9999 -9999 -9999 -9999 -9999 10.3874997678213 10.6349997622892 10.9549997551367 10.9749997546896 10.2199997715652 10.1349997734651 10.3149997694418 10.3099997695535 9.87999977916479 11.0349997533485 12.0949997296557 11.8849997343495 11.3399997465312 11.2549997484311 11.1199997514486 10.9049997562543 10.6549997618422 10.5749997636303 10.6849997611716 10.6649997616187 10.6599997617304 10.6749997613952 10.3999997675419 10.1549997730181 9.8449997799471 9.85999977961183 10.359999768436 10.339999768883 10.5399997644126 10.5849997634068 10.5099997650832 10.5799997635186 11.1949997497723 11.1749997502193 10.9799997545779 11.2799997478724 10.6549997618422 8.69499980565161 11.0716664191956 11.1566664172957 11.1666664170722
-9999 -9999 -9999 -9999 -9999 -9999 -9999 -9999 -9999 -9999 -9999 -9999 -9999 -9999 -9999 -9999 -9999 -9999 -9999 -9999 11.1149997515604 10.2899997700006 10.464999766089 10.4349997667596 10.2249997714534 10.3549997685477 10.5299997646362 10.7199997603893 10.6049997629598 10.1349997734651 9.9899997767061 11.3199997469783 11.7999997362494 11.4849997432902 11.31499974709 11.1399997510016 10.9449997553602 10.8149997582659 10.6149997627363 10.6049997629598 10.8249997580424 10.8949997564778 10.8449997575954 10.8249997580424 10.7049997607246 10.4999997653067 10.2749997703359 9.8449997799471 9.87499977927655 10.0399997755885 10.5099997650832 10.3949997676536 10.4049997674301 10.4499997664243 10.4349997667596 10.3649997683242 9.96999977715313 9.97499977704138 10.5849997634068 10.8899997565895 10.9899997543544 10.1649997727945
-9999 -9999 -9999 -9999 -9999 -9999 -9999 -9999 -9999 -9999 -9999 -9999 -9999 -9999 -9999 -9999 -9999 -9999 -9999 10.432368187871 10.6599997617304 10.5599997639656 10.484999765642 10.484999765642 10.5399997644126 10.6599997617304 10.754999759607 10.8449997575954 10.9149997560307 10.1449997732416 10.049999775365 10.5249997647479 11.1499997507781 11.064999752678 11.334999746643 11.2749997479841 11.1449997508898 10.8649997571483 10.7349997600541 10.7249997602776 10.8549997573718 10.8549997573718 10.8399997577071 10.8549997573718 10.879999756813 10.8649997571483 10.2599997706711 10.339999768883 10.0399997755885 9.55999978631735 9.54999978654087 9.39499979000539 10.8899997565895 11.5149997426197 11.1599997505546 10.3499997686595 10.2399997711182 9.50999978743494 9.68999978341162 10.3899997677654 10.5749997636303 9.71749978279695
-9999 -9999 -9999 -9999 -9999 -9999 -9999 -9999 -9999 -9999 -9999 -9999 -9999 -9999 -9999 -9999 -9999 11.1799997501075 11.1799997501075 11.7949997363612 11.3849997455254 10.7699997592717 10.9099997561425 11.0499997530133 11.1749997502193 10.7449997598305 11.8099997360259 11.024999753572 10.9649997549132 11.0399997532368 11.2249997491017 10.9549997551367 10.4049997674301 10.0399997755885 11.0299997534603 11.2249997491017 11.0099997539073 10.4599997662008 10.6149997627363 10.5349997645244 10.6349997622892 10.6549997618422 10.6449997620657 10.7599997594953 10.8899997565895 10.9499997552484 10.8549997573718 10.6699997615069 10.5499997641891 10.6999997608364 10.6224997625686 10.5749997636303 11.8599997349083 11.9699997324497 12.0499997306615 12.1149997292086 10.359999768436 7.79499982576817 7.79499982576817 10.4799997657537 10.5299997646362 10.5549997640774
-9999 -9999 -9999 -9999 -9999 -9999 -9999 -9999 -9999 -9999 -9999 -9999 -9999 -9999 -9999 -9999 -9999 11.0199997536838 10.9849997544661 10.9299997556955 11.0199997536838 10.31999976933 10.4299997668713 11.31499974709 11.354999746196 11.3499997463077 11.2899997476488 11.0299997534603 11.0399997532368 11.0849997522309 11.0199997536838 10.919999755919 10.8249997580424 11.044999753125 11.0049997540191 10.4549997663125 11.0749997524545 10.879999756813 10.8049997584894 10.7049997607246 10.6549997618422 10.7499997597188 10.7349997600541 10.6999997608364 10.7499997597188 10.8299997579306 10.8749997569248 10.8649997571483 10.8749997569248 10.8249997580424 10.77499975916 10.7949997587129 11.0699997525662 12.0199997313321 11.9449997330084 12.1049997294322 12.5699997190386 12.8849997119978 12.0549997305498 10.2699997704476 10.2099997717887 10.2899997700006
-9999 -9999 -9999 -9999 -9999 -9999 -9999 -9999 -9999 -9999 -9999 -9999 -9999 -9999 -9999 -9999 -9999 -9999 13.1599997058511 11.2329409253948 10.8699997570366 10.8037497585174 10.77499975916 11.1649997504428 11.2249997491017 11.354999746196 11.4499997440726 10.9699997548014 10.5549997640774 10.6899997610599 10.0799997746944 11.2449997486547 10.9299997556955 10.6599997617304 11.0049997540191 10.8499997574836 10.8099997583777 10.8149997582659 10.879999756813 10.8949997564778 10.7799997590482 10.7899997588247 10.7899997588247 10.7599997594953 10.8299997579306 10.8599997572601 10.8549997573718 10.8899997565895 10.9349997555837 10.9149997560307 10.8899997565895 10.8299997579306 10.7349997600541 10.6699997615069 10.7099997606128 10.6849997611716 10.6499997619539 12.6749997166917 12.6599997170269 12.8149997135624 10.0949997743592 9.71999978274107
-9999 -9999 -9999 -9999 -9999 -9999 -9999 -9999 -9999 -9999 -9999 -9999 -9999 -9999 10.6249997625127 10.6249997625127 10.8254164246997 10.8637497571763 10.6687497615349 10.6437497620936 10.8299997579306 10.962499754969 11.6599997393787 11.6549997394904 12.039999730885 11.6349997399375 11.5299997422844 11.2449997486547 11.0199997536838 10.8499997574836 10.7449997598305 10.9799997545779 11.0599997527897 11.5499997418374 10.7849997589365 11.1799997501075 10.899999756366 10.7949997587129 10.6699997615069 10.3699997682124 10.8599997572601 10.6649997616187 10.9149997560307 10.8899997565895 10.8399997577071 10.8749997569248 10.879999756813 10.9649997549132 10.9899997543544 10.9599997550249 10.9099997561425 10.8449997575954 10.8149997582659 10.7449997598305 10.6749997613952 11.8599997349083 13.2899997029454 10.7999997586012 11.2299997489899 11.0849997522309 10.484999765642 10.7799997590482
-9999 -9999 -9999 -9999 -9999 -9999 -9999 -9999 -9999 -9999 -9999 -9999 -9999 10.8533330907424 10.8366664244483 11.499999742955 11.251249748515 12.1099997293204 12.1099997293204 11.2587497483473 11.4499997440726 11.8424997352995 11.9749997323379 11.9749997323379 11.9799997322261 11.7099997382611 11.3249997468665 11.0949997520074 11.1949997497723 10.8699997570366 10.9849997544661 11.2949997475371 10.9699997548014 10.6799997612834 10.7799997590482 10.9449997553602 10.7499997597188 10.9799997545779 11.0499997530133 10.7649997593835 10.9849997544661 10.8299997579306 10.7849997589365 10.9449997553602 10.9099997561425 10.9049997562543 10.8749997569248 10.9499997552484 10.9499997552484 10.9049997562543 10.9049997562543 10.919999755919 11.6899997387081 11.4749997435138 11.8049997361377 12.3449997240677 12.5499997194856 11.2899997476488 10.7999997586012 10.7599997594953 10.4349997667596 10.9449997553602
-9999 -9999 -9999 -9999 -9999 -9999 -9999 -9999 -9999 -9999 12.369999723509 12.204999727197 10.4466664331655 10.5599997639656 10.5599997639656 11.8212497357745 11.728749737842 11.3262497468386 10.7712497592438 11.1537497506943 11.8174997358583 11.8849997343495 11.9449997330084 11.9949997318909 12.3899997230619 12.3899997230619 11.5249997423962 11.6199997402728 11.5499997418374 11.5399997420609 11.5649997415021 10.9399997554719 10.9349997555837 10.7199997603893 10.7299997601658 10.5649997638538 10.7299997601658 10.8849997567013 11.0699997525662 11.0149997537956 10.8399997577071 10.9049997562543 10.9449997553602 10.9449997553602 10.8399997577071 10.8699997570366 10.9249997558072 10.9399997554719 10.9049997562543 10.899999756366 10.8299997579306 10.8199997581542 10.8399997577071 11.3099997472018 11.9749997323379 12.1799997277558 11.4149997448549 10.4149997672066 11.3699997458607 11.0099997539073 11.1299997512251 10.4199997670949
-9999 -9999 -9999 -9999 -9999 -9999 -9999 -9999 -9999 -9999 12.7599997147918 12.8799997121096 12.369999723509 10.8836108678434 11.7024997384287 11.7041664050582 11.8749997345731 -9999 -9999 9.22999979369342 9.17499979492277 12.4399997219443 11.2399997487664 11.2399997487664 11.7249997379258 12.9024997116067 12.7374997152947 11.6549997394904 11.6599997393787 11.6649997392669 11.6699997391552 11.6299997400492 11.479999743402 11.4549997439608 11.5449997419491 11.3449997464195 11.1599997505546 10.9149997560307 10.8699997570366 10.8949997564778 10.9749997546896 11.0549997529015 10.9899997543544 10.9799997545779 10.9799997545779 11.0549997529015 11.0349997533485 10.8899997565895 10.919999755919 10.8899997565895 10.9299997556955 10.899999756366 10.9499997552484 10.8449997575954 10.7799997590482 11.8399997353554 11.9449997330084 11.749999737367 11.2249997491017 11.7949997363612 11.8049997361377 11.2699997480959
-9999 -9999 -9999 -9999 -9999 -9999 -9999 -9999 -9999 -9999 -9999 -9999 -9999 -9999 -9999 -9999 -9999 -9999 -9999 -9999 -9999 -9999 -9999 -9999 12.8999997116625 11.5894441854002 12.4149997225031 12.1074997293763 11.7549997372553 11.9849997321144 12.0249997312203 11.6699997391552 11.1449997508898 11.789999736473 11.5649997415021 11.3499997463077 11.2499997485429 11.1849997499958 11.1149997515604 11.0899997521192 11.0799997523427 11.1399997510016 11.1099997516721 10.9999997541308 10.9799997545779 10.9949997542426 11.044999753125 11.0199997536838 10.9699997548014 10.9599997550249 10.9699997548014 10.9599997550249 10.8899997565895 10.9049997562543 11.1449997508898 11.5299997422844 11.8599997349083 11.9749997323379 12.1149997292086 12.4599997214973 12.5949997184798 12.2999997250736
-9999 -9999 -9999 -9999 -9999 -9999 -9999 -9999 -9999 -9999 -9999 -9999 -9999 -9999 -9999 -9999 -9999 -9999 -9999 -9999 -9999 -9999 -9999 -9999 -9999 10.6396679468453 12.4572219437816 12.0774997300468 11.7399997375906 11.7399997375906 11.8299997355789 11.3799997456372 10.4399997666478 10.919999755919 11.7149997381493 11.4199997447431 11.1199997514486 11.1399997510016 11.1249997513369 11.1049997517839 11.2399997487664 11.334999746643 10.5499997641891 11.1849997499958 11.064999752678 11.0699997525662 11.0749997524545 10.8899997565895 10.9099997561425 10.9449997553602 10.9299997556955 10.8899997565895 10.9649997549132 11.1199997514486 11.2949997475371 11.749999737367 11.9849997321144 12.2349997265264 12.3649997236207 12.9149997113273 13.1299997065216 13.0449997084215
-9999 -9999 -9999 -9999 -9999 -9999 -9999 -9999 -9999 -9999 -9999 -9999 -9999 -9999 -9999 -9999 -9999 -9999 -9999 -9999 -9999 -9999 -9999 -9999 -9999 -9999 -9999 11.6149997403845 11.4812497433741 11.7824997366406 11.644999739714 11.5149997426197 11.4449997441843 11.5049997428432 11.4949997430667 10.7299997601658 10.8949997564778 11.1799997501075 11.5899997409433 11.4949997430667 11.4699997436255 11.2599997483194 11.5049997428432 11.4849997432902 11.189999749884 11.2399997487664 11.2399997487664 11.2199997492135 11.2399997487664 11.2349997488782 11.1449997508898 11.0699997525662 11.2599997483194 11.2599997483194 11.4349997444078 11.8999997340143 12.4399997219443 12.9649997102097 12.9599997103214 12.7149997157976 13.1099997069687 12.514999720268
