EcologicalScience/Bass/data/rs_data_bass/sst_104.asc
NCOLS 226 
NROWS 124 
XLLCORNER -9.41648524995501 
YLLCORNER 47.587301625531 
CELLSIZE 0.0833 
NODATA_value -9999 
[rows 54 to 80 of 124, columns 124 to 185 of 226]
6.28833319277813 5.99999986588955 5.36499988008291 5.55499987583607 5.72499987203628 5.66999987326562 5.61499987449497 5.59999987483025 5.54999987594783 5.57499987538904 5.53499987628311 5.50499987695366 5.45999987795949 5.40999987907708 5.4249998787418 5.41999987885356 5.32499988097697 5.34499988052994 5.37499987985939 5.39499987941235 5.18999988399446 5.09166655285905 4.92999988980591 4.91833322340002 4.98833322183539 5.63599987402558 5.12833321870615 5.0983332193767 5.32999988086522 5.32999988086522 5.52799987643957 6.10749986348674 4.71999989449978 4.72499989438802 4.75166656045864 5.34499988052994 5.34499988052994 4.99499988835305 5.54499987605959 4.7099998947233 5.16899988446385 6.06249986449257 5.44999987818301 5.44999987818301 5.01999988779426 5.04499988723546 5.08499988634139 5.09499988611788 4.78833322630574 5.37999987974763 6.77416651525224 6.48499985504895 13.7920686572405 7.26999983750284 7.26999983750284 7.27999983727932 9.73214263961251 13.8911996895075 15.2447996592522 10.5849997634068 10.5683330971127 16.5470685956614
4.91999989002943 5.51499987673014 5.50499987695366 5.50499987695366 5.53999987617135 5.61499987449497 5.68499987293035 5.69499987270683 5.61999987438321 5.65999987348914 5.43999987840652 5.44499987829477 5.41999987885356 5.48999987728894 5.45124987815507 5.20499988365918 5.23499988298863 5.24999988265336 5.2549998825416 5.8269998697564 5.17333321770032 5.11666655230025 5.05833322027077 5.03499988745898 4.99833322161188 4.98166655531774 5.08833321960022 5.40999987907708 5.41499987896532 5.17999988421798 5.92249986762181 5.88749986840412 4.59374989732169 5.63999987393618 5.55499987583607 5.38999987952411 5.15374988480471 5.22624988318421 4.96374988905154 4.89833322384705 5.77833320417752 5.88749986840412 5.8787498685997 5.70999987237155 5.42999987863004 5.52499987650663 5.57999987527728 5.84166653609524 5.29833321490635 5.73499987181276 6.53999985381961 7.97409073085609 8.1563634540547 8.16499981749803 8.35999981313944 8.53499980922788 10.4715906750326 16.2489658321877 -9999 -9999 -9999 -9999
6.02499986533076 5.89999986812472 5.66999987326562 5.28999988175929 5.36999987997115 6.16999986208975 6.16999986208975 5.80999987013638 5.83499986957759 5.89499986823648 5.67999987304211 5.44999987818301 5.56499987561256 5.39999987930059 5.27499988209456 5.30499988142401 5.30999988131225 5.35999988019466 5.31499988120049 5.25999988242984 5.32333321434756 5.13166655196498 4.98666655520598 4.93499988969415 5.00333322150012 5.66999987326562 5.66999987326562 5.10499988589436 5.73499987181276 5.73499987181276 5.91249986784533 5.96249986672774 4.43999990075827 6.6868748505367 5.14124988508411 5.21624988340773 5.20874988357536 5.08999988622963 5.13666655185322 5.46499987784773 4.96333322239419 5.49333321054776 5.72499987203628 5.72499987203628 5.72499987203628 5.48399987742305 5.35499988030642 6.89562484587077 8.82454525730149 7.39999983459711 7.50999983213842 7.59499983023852 7.5799998305738 10.4579997662455 10.89261880415 -9999 -9999 -9999 -9999 -9999 -9999 -9999
4.14499990735203 5.66166654011855 5.68999987281859 6.57249985309318 5.55999987572432 5.57499987538904 5.60499987471849 5.62999987415969 5.77999987080693 5.83499986957759 5.67499987315387 5.61499987449497 5.60999987460673 5.51499987673014 5.41499987896532 5.43999987840652 5.36999987997115 5.34499988052994 5.27499988209456 5.99071415181139 5.56499987561256 5.85249986918643 5.42249987879768 4.95166655598829 5.69999987259507 5.63999987393618 5.73499987181276 5.95499986689538 5.85499986913055 5.72999987192452 5.9824998662807 5.99499986600131 6.6537498512771 6.48124985513277 5.72999987192452 5.72999987192452 4.82749989209697 5.16124988463707 5.18999988399446 5.80999987013638 5.80999987013638 5.34499988052994 5.92874986748211 5.38999987952411 5.31999988108873 6.11999986320734 6.11999986320734 10.6416664288069 7.00999984331429 7.07499984186143 7.38499983493239 7.69999982789159 7.604999830015 7.38833316819121 10.3840473869461 -9999 -9999 -9999 -9999 -9999 -9999 -9999
6.22749986080453 6.19499986153096 5.49666654380659 5.39833321267118 5.42999987863004 5.54999987594783 5.63999987393618 5.73499987181276 5.67499987315387 5.5099998768419 6.19199986159802 6.1169998632744 6.07799986414611 6.05999986454844 5.03999988734722 5.05999988690019 5.01499988790601 5.06999988667667 5.22499988321215 5.25999988242984 5.18999988399446 5.25999988242984 5.25999988242984 5.51499987673014 5.739999871701 5.81499987002462 5.9449998671189 6.04499986488372 5.4849998774007 5.47374987765215 4.53999989852309 5.19749988382682 5.39499987941235 5.90624986798503 5.72249987209216 5.64999987371266 5.40833321244766 5.64999987371266 5.64999987371266 4.96124988910742 5.77166653765986 5.95624986686744 5.35199988037348 6.0549998646602 6.0549998646602 6.53333318730195 10.9331247556256 7.47624983289279 6.078333197472 7.2049998389557 7.22499983850867 7.64999982900918 7.65499982889742 7.73666649373869 15.2549996590242 -9999 -9999 -9999 -9999 -9999 -9999 -9999
8.35249981330708 8.77468730387045 7.40433316783359 6.20249986136332 5.65999987348914 5.66499987337738 5.75499987136573 5.76499987114221 5.74999987147748 5.64999987371266 5.66499987337738 5.39499987941235 5.36499988008291 5.2799998819828 5.23999988287687 5.25999988242984 5.21499988343567 5.23499988298863 5.22499988321215 5.14999988488853 5.45099987816066 5.41799987889826 5.31999988108873 5.53999987617135 5.73499987181276 5.75999987125397 5.5099998768419 5.52124987659045 5.5037498769816 5.42999987863004 5.89999986812472 5.90999986790121 5.81499987002462 5.83999986946583 5.83499986957759 5.31499988120049 6.18624986172654 6.04124986496754 6.01374986558221 5.87666653531293 5.51249987678602 5.59999987483025 5.49499987717718 6.00499986577779 6.15499986242503 6.22499986086041 13.4964811798116 5.62999987415969 6.4299998562783 8.00666648770372 7.88499982375652 7.88499982375652 7.43999983370304 5.7149998722598 9.51857121581478 -9999 23.7447889405303 -9999 -9999 -9999 -9999 -9999
-9999 -9999 -9999 -9999 -9999 10.3738634044897 6.35499985795468 5.87499986868352 5.86499986890703 5.7149998722598 5.64999987371266 5.51999987661839 5.44499987829477 5.35499988030642 5.35999988019466 5.29999988153577 5.22499988321215 5.19999988377094 5.1099998857826 4.99999988824129 5.45999987795949 5.4849998774007 5.60999987460673 5.65999987348914 5.73499987181276 5.86499986890703 5.80999987013638 5.79499987047166 5.88999986834824 5.83499986957759 5.76499987114221 5.76499987114221 5.88499986846 5.9449998671189 5.78499987069517 5.77999987080693 5.35374988033436 5.68374987295829 5.65599987357855 5.98999986611307 5.88999986834824 5.59999987483025 5.88999986834824 5.97499986644834 5.95499986689538 7.89099982362241 -9999 17.8572409801699 18.4350693863817 9.7913634175096 7.27333317076166 8.07499981950969 8.07999981939793 8.14499981794506 5.37499987985939 5.37499987985939 -9999 -9999 -9999 -9999 -9999 -9999
-9999 -9999 -9999 -9999 -9999 -9999 -9999 12.039814545704 5.81499987002462 5.75499987136573 5.6549998736009 5.43999987840652 5.44499987829477 5.38499987963587 5.32999988086522 5.30499988142401 4.98999988846481 5.21499988343567 5.0499998871237 5.34999988041818 5.49499987717718 5.60499987471849 5.69499987270683 5.81999986991286 5.81999986991286 5.50299987699836 5.77499987091869 5.79499987047166 5.79499987047166 5.76999987103045 5.80499987024814 5.81999986991286 5.60624987469055 5.5887498750817 5.37999987974763 5.40499987918884 5.73499987181276 5.73499987181276 5.2799998819828 5.52999987639487 5.56499987561256 5.61499987449497 5.66499987337738 5.8249998698011 6.00999986566603 12.2274997266941 -9999 -9999 -9999 -9999 -9999 -9999 -9999 -9999 -9999 -9999 -9999 -9999 -9999 -9999 -9999 -9999
-9999 -9999 -9999 -9999 -9999 -9999 -9999 -9999 17.9447165800364 8.2099998164922 5.96399986669421 5.98099986631423 5.57499987538904 5.57499987538904 5.17499988432974 5.17999988421798 5.17499988432974 5.1949998838827 5.54499987605959 5.57499987538904 5.62499987427145 5.53999987617135 5.84999986924231 5.89999986812472 3.43999992311001 5.61499987449497 5.67999987304211 5.7149998722598 5.66499987337738 5.76499987114221 6.08999986387789 5.54374987608753 5.48624987737276 5.46624987781979 5.39749987935647 5.6549998736009 5.55999987572432 5.24999988265336 4.99124988843687 5.37999987974763 5.65999987348914 5.61499987449497 5.95999986678362 5.95999986678362 6.34062485827599 16.7924996246584 -9999 -9999 -9999 -9999 -9999 -9999 -9999 -9999 -9999 -9999 -9999 -9999 -9999 -9999 -9999 -9999
-9999 -9999 -9999 -9999 -9999 -9999 -9999 -9999 -9999 4.47888878877792 4.52277767668582 5.9159998677671 5.26499988231808 5.15999988466501 5.03499988745898 5.36499988008291 5.11999988555908 5.11499988567084 5.22499988321215 5.57999987527728 5.31499988120049 6.0818748640595 6.08749986393377 5.4849998774007 5.51999987661839 5.48999987728894 5.5699998755008 5.6549998736009 5.3399998806417 5.3399998806417 6.17999986186624 6.17999986186624 5.48624987737276 5.63999987393618 5.62999987415969 5.55999987572432 5.59999987483025 5.02374988771044 5.61999987438321 5.63499987404794 5.66499987337738 5.739999871701 5.96499986667186 5.98999986611307 5.60999987460673 -9999 -9999 -9999 -9999 -9999 -9999 -9999 -9999 -9999 -9999 -9999 -9999 -9999 -9999 -9999 -9999 -9999
-9999 -9999 -9999 -9999 -9999 -9999 -9999 -9999 -9999 8.80285694609795 7.22909074750814 5.78499987069517 5.73499987181276 5.59999987483025 5.54499987605959 5.44499987829477 5.49499987717718 5.37999987974763 5.52999987639487 5.52999987639487 5.30999988131225 5.32999988086522 5.45999987795949 5.4849998774007 5.38999987952411 5.37999987974763 5.38499987963587 6.01249986561015 5.85699986908585 5.51166654347132 5.49249987723306 5.9449998671189 5.84999986924231 5.61499987449497 5.5699998755008 5.46999987773597 5.49999987706542 5.49499987717718 5.5099998768419 5.49999987706542 5.58999987505376 5.59999987483025 6.09999986365438 6.09999986365438 5.42909078774127 -9999 20.7403120364179 20.7403120364179 -9999 -9999 -9999 -9999 -9999 -9999 -9999 -9999 -9999 -9999 -9999 -9999 -9999 -9999
-9999 -9999 -9999 -9999 -9999 -9999 -9999 -9999 -9999 8.77615364999152 6.42499985639006 6.03499986510724 5.39499987941235 5.15999988466501 5.53499987628311 5.46499987784773 5.6549998736009 5.62999987415969 5.68999987281859 5.64999987371266 5.33499988075346 5.40499987918884 5.41499987896532 5.43999987840652 5.53999987617135 5.53499987628311 5.43499987851828 5.88999986834824 5.90999986790121 5.91999986767769 5.90999986790121 5.86999986879528 5.73499987181276 5.71999987214804 5.08124988642521 5.57499987538904 5.80999987013638 5.57999987527728 6.89749984582886 5.79499987047166 6.15999986231327 6.2599998600781 6.31999985873699 6.06833319769551 6.14249986270443 -9999 -9999 -9999 -9999 -9999 -9999 -9999 -9999 -9999 -9999 -9999 -9999 -9999 -9999 -9999 -9999 -9999
-9999 -9999 -9999 -9999 -9999 -9999 -9999 -9999 -9999 6.55874985340051 6.18714271884944 5.06499988678843 5.01999988779426 5.0249998876825 5.04499988723546 5.0499998871237 6.99249984370545 5.83999986946583 5.74999987147748 5.15999988466501 5.45999987795949 5.45499987807125 5.4249998787418 5.45999987795949 5.59999987483025 5.8249998698011 5.83999986946583 5.84999986924231 5.88499986846 5.88499986846 5.83499986957759 5.74499987158924 5.18374988413416 5.10249988595024 5.45499987807125 5.51499987673014 5.36999987997115 5.4849998774007 5.47499987762421 5.90499986801296 6.10999986343086 6.44999985583127 6.52999985404313 6.54999985359609 -9999 -9999 -9999 -9999 -9999 -9999 -9999 -9999 -9999 -9999 -9999 -9999 -9999 -9999 -9999 -9999 -9999 -9999
-9999 -9999 -9999 -9999 -9999 -9999 -9999 -9999 11.2165906583806 7.35749983554706 6.36357128633452 6.33142842991012 5.74499987158924 5.77999987080693 5.91999986767769 5.95999986678362 5.89499986823648 5.90999986790121 5.66499987337738 5.47499987762421 5.53499987628311 5.44999987818301 5.44999987818301 5.70999987237155 5.65999987348914 5.68499987293035 5.76999987103045 5.72499987203628 5.7999998703599 5.76499987114221 5.64499987382442 5.46499987784773 5.4849998774007 5.45499987807125 5.32499988097697 5.32999988086522 5.3399998806417 5.41999987885356 5.77999987080693 5.89499986823648 6.03999986499548 6.07499986421317 5.18285702701126 -9999 -9999 -9999 -9999 -9999 -9999 -9999 -9999 -9999 -9999 -9999 -9999 -9999 -9999 -9999 -9999 -9999 -9999 -9999
-9999 -9999 -9999 -9999 -9999 -9999 -9999 -9999 7.36055539103432 6.31899985875934 6.21399986110628 5.69499987270683 5.7999998703599 5.86499986890703 5.80999987013638 5.86499986890703 5.91499986778945 5.88999986834824 5.91499986778945 5.65999987348914 5.51499987673014 5.86999986879528 5.90499986801296 5.80499987024814 5.68499987293035 5.59999987483025 5.594999874942 5.57499987538904 5.62499987427145 5.53999987617135 5.03249988751486 5.34499988052994 5.38499987963587 5.30999988131225 5.27499988209456 5.2799998819828 5.63499987404794 5.66999987326562 5.82999986968935 6.09499986376613 6.37499985750765 6.43499985616654 8.08681800106371 -9999 -9999 -9999 -9999 -9999 -9999 -9999 -9999 -9999 -9999 -9999 -9999 -9999 -9999 -9999 -9999 -9999 -9999 -9999
-9999 -9999 -9999 -9999 -9999 -9999 -9999 15.3717853706995 5.71928558644972 5.77714272801365 6.42666652301947 5.84499986935407 5.86499986890703 5.92499986756593 5.99999986588955 6.01999986544251 5.9699998665601 5.97999986633658 6.01499986555427 5.97499986644834 5.66999987326562 5.52999987639487 5.54999987594783 5.60499987471849 5.74499987158924 5.60499987471849 5.43999987840652 5.61999987438321 5.64999987371266 5.52999987639487 5.44999987818301 5.41999987885356 5.36999987997115 5.3399998806417 5.30999988131225 5.26999988220632 5.23499988298863 5.39999987930059 5.51999987661839 6.7933331814905 6.7933331814905 13.1825997053459 -9999 -9999 -9999 -9999 -9999 -9999 -9999 -9999 -9999 -9999 -9999 -9999 -9999 -9999 -9999 -9999 -9999 -9999 -9999 -9999
-9999 -9999 -9999 3.8400372271426 -9999 7.12622535759493 5.79249987052754 5.8581248690607 6.03299986515194 5.67499987315387 5.8249998698011 5.86499986890703 5.93499986734241 6.10999986343086 6.13499986287206 6.14999986253679 6.18499986175448 6.10499986354262 6.00499986577779 5.96499986667186 5.70499987248331 5.68499987293035 5.58499987516552 5.64999987371266 5.86499986890703 5.86499986890703 5.73499987181276 5.75999987125397 5.68999987281859 5.594999874942 4.6383332296585 4.80624989257194 5.25999988242984 5.20999988354743 5.52499987650663 5.22999988310039 5.22499988321215 4.35416656934346 7.29124983702786 6.79687484807801 13.2949997028336 -9999 -9999 -9999 -9999 -9999 -9999 -9999 -9999 -9999 -9999 -9999 -9999 -9999 -9999 -9999 -9999 -9999 -9999 -9999 -9999 -9999
-9999 -9999 3.88019958557561 -9999 6.42499985639006 5.86166653564821 5.44099987838417 4.83083322535579 5.0616665535296 4.91499989014119 5.96499986667186 5.98999986611307 6.03499986510724 6.15499986242503 6.18999986164272 6.15999986231327 6.25499986018986 6.01499986555427 5.85499986913055 5.80499987024814 5.82999986968935 5.97499986644834 5.98499986622483 6.02499986533076 5.61499987449497 5.77499987091869 5.77999987080693 5.72999987192452 5.60999987460673 5.45499987807125 5.28499988187104 5.31999988108873 5.28999988175929 5.36999987997115 5.43499987851828 4.96249988907948 7.33499983604997 8.5218179913407 17.9958329310951 -9999 -9999 -9999 -9999 -9999 -9999 -9999 -9999 -9999 -9999 -9999 -9999 -9999 -9999 -9999 -9999 -9999 -9999 -9999 -9999 -9999 -9999 -9999
16.7749996250495 16.7749996250495 -9999 12.5823074110712 6.60799985229969 5.97499986644834 5.83499986957759 5.33499988075346 5.84999986924231 5.85249986918643 5.86749986885116 5.77199987098575 5.93399986736476 5.35124988039024 5.41624987893738 5.99499986600131 6.15499986242503 6.09999986365438 6.03999986499548 5.92999986745417 5.97999986633658 4.99333322172364 6.20333319467803 5.40499987918884 5.85499986913055 5.83999986946583 5.8249998698011 5.59999987483025 5.54999987594783 5.49499987717718 5.47999987751245 5.47999987751245 5.57499987538904 6.13999986276031 4.47249990003183 4.51249989913777 6.55333318685492 8.039999820292 -9999 -9999 -9999 -9999 -9999 -9999 -9999 -9999 -9999 -9999 -9999 -9999 -9999 -9999 -9999 -9999 -9999 -9999 -9999 -9999 -9999 -9999 -9999 -9999
15.7892853613677 15.6674996498041 7.54333316472669 7.53833316483845 6.49999985471368 6.57833318629612 6.37499985750765 6.13999986276031 6.06999986432493 5.55499987583607 5.55499987583607 5.77599987089634 5.32499988097697 5.24999988265336 5.98499986622483 5.98499986622483 6.32499985862523 6.21499986108392 6.13499986287206 6.30749985901639 5.06666655341784 5.11333321904143 4.80999989248812 5.40249987924471 5.9699998665601 5.90499986801296 5.80499987024814 5.7149998722598 5.72499987203628 5.76499987114221 5.70499987248331 5.62999987415969 5.60999987460673 7.95999982208014 9.1549997953698 5.43166654525946 10.7582497595344 6.66437485103961 11.5185092995193 13.2399997040629 -9999 -9999 -9999 -9999 -9999 -9999 -9999 -9999 -9999 -9999 -9999 -9999 -9999 -9999 -9999 -9999 -9999 -9999 -9999 -9999 -9999 -9999
13.8491996904463 7.48999983258545 7.38999983482063 7.04999984242022 6.43999985605478 6.49499985482544 6.67499985080212 6.54499985370785 5.97124986653216 5.19999988377094 5.18999988399446 4.77999989315867 4.95499988924712 6.50999985449016 5.98499986622483 5.97833319970717 5.98499986622483 5.96499986667186 5.10499988589436 4.71999989449978 4.74749989388511 5.05749988695607 4.662499895785 4.6499998960644 5.7999998703599 5.74499987158924 5.76499987114221 5.67499987315387 5.84999986924231 5.92999986745417 5.86999986879528 6.06499986443669 5.38749987957999 7.45124983345158 17.3940621112124 15.0364282353382 14.9482139515957 12.6623167901459 12.5939631331371 -9999 -9999 -9999 -9999 -9999 -9999 -9999 -9999 -9999 -9999 -9999 -9999 -9999 -9999 -9999 -9999 -9999 -9999 -9999 -9999 -9999 -9999 -9999
7.74166649362693 6.26899985987693 5.89099986832589 7.29499983694404 7.32499983627349 7.32999983616173 7.31999983638525 7.10999984107912 6.18499986175448 6.24249986046925 6.15999986231327 5.99499986600131 5.81999986991286 5.49999987706542 5.99749986594543 5.34999988041818 5.34999988041818 6.12999986298382 5.47666654425363 6.12666652972499 5.31749988114461 4.93249988975003 5.45249987812713 5.19999988377094 5.0249998876825 4.71999989449978 5.31333321457108 6.06499986443669 6.21999986097217 6.21999986097217 6.26999985985458 6.63999985158443 6.59499985259026 9.12230748840823 7.23166650502632 7.25833317109694 15.9581703750144 -9999 -9999 -9999 -9999 -9999 -9999 -9999 -9999 -9999 -9999 -9999 -9999 -9999 -9999 -9999 -9999 -9999 -9999 -9999 -9999 -9999 -9999 -9999 -9999 -9999
6.00799986571073 5.06999988667667 5.12333321881791 6.99999984353781 6.86999984644353 7.28499983716756 7.49999983236194 7.2649998376146 7.25999983772635 6.83499984722584 6.78999984823167 6.2599998600781 6.11999986320734 5.64999987371266 5.14999988488853 5.95999986678362 6.22749986080453 5.82833320305993 5.94833320037772 5.72833320529511 5.62999987415969 5.47666654425363 5.31833321445932 6.00499986577779 6.1149998633191 4.68166656202326 4.69333322842916 6.32499985862523 6.30999985896051 6.30999985896051 6.40374985686503 6.423749856418 -9999 -9999 -9999 13.6052278061397 -9999 -9999 -9999 -9999 -9999 -9999 -9999 -9999 -9999 -9999 -9999 -9999 -9999 -9999 -9999 -9999 -9999 -9999 -9999 -9999 -9999 -9999 -9999 -9999 -9999 -9999
7.89999982342124 7.92499982286245 7.95499982219189 5.65666654023031 6.7199998497963 6.7199998497963 6.89999984577298 6.94499984476715 7.0599998421967 7.09499984141439 7.10499984119087 6.55999985337257 6.15499986242503 4.9649998890236 5.51999987661839 5.43999987840652 5.3399998806417 6.00499986577779 6.00499986577779 5.90166653475414 6.24749986035749 6.73499984946102 6.73499984946102 6.53249985398725 6.44499985594302 5.89499986823648 5.74833320484807 5.75333320473631 5.84999986924231 6.70999985001981 6.78249984839931 9.24214265056487 13.8179996911436 14.0212959828959 -9999 -9999 -9999 -9999 -9999 -9999 -9999 -9999 -9999 -9999 -9999 -9999 -9999 -9999 -9999 -9999 -9999 -9999 -9999 -9999 -9999 -9999 -9999 -9999 -9999 -9999 -9999 -9999
8.09499981906265 8.09499981906265 5.36499988008291 5.56666654224197 9.10352920828497 15.2877582789816 6.59699985254556 6.90499984566122 7.22499983850867 7.19499983917922 7.05499984230846 6.41999985650182 6.68499985057861 5.65999987348914 5.55999987572432 5.30999988131225 5.28249988192692 6.8899998459965 6.8899998459965 6.01166653229545 6.11333319668968 6.14666652927796 6.22333319423099 6.13833319613089 6.09166653050731 6.04499986488372 6.12499986309558 5.594999874942 5.594999874942 6.73999984934926 6.63749985164031 9.34499979112297 7.04812484246213 6.73166651620219 14.6557139581335 4.99999988824129 -9999 -9999 -9999 -9999 -9999 -9999 -9999 -9999 -9999 -9999 -9999 -9999 -9999 -9999 -9999 -9999 -9999 -9999 -9999 -9999 -9999 -9999 -9999 -9999 -9999 -9999
-9999 -9999 -9999 -9999 7.15999983996153 7.11749984091148 6.58166651955495 6.62833318517854 6.74999984912574 6.55749985342845 6.61749985208735 6.23499986063689 6.15999986231327 6.44499985594302 6.62999985180795 6.15666652905444 6.67999985069036 6.68999985046685 6.75999984890223 6.16166652894268 6.12166652983675 6.2483331936722 6.31333319221934 6.31333319221934 6.26833319322516 6.8774998462759 6.91249984549358 -9999 -9999 -9999 -9999 -9999 -9999 -9999 -9999 -9999 -9999 -9999 -9999 -9999 -9999 -9999 -9999 -9999 -9999 -9999 -9999 -9999 -9999 -9999 -9999 -9999 -9999 -9999 -9999 -9999 -9999 -9999 -9999 -9999 -9999 -9999
-9999 -9999 -9999 -9999 -9999 5.49249987723306 5.49374987720512 6.65499985124916 6.61999985203147 6.92499984521419 7.00999984331429 6.56833318651964 6.54833318696668 6.58833318607261 7.03999984264374 7.07499984186143 7.18499983940274 6.00166653251896 6.06999986432493 6.12833319635441 6.37833319076647 6.37333319087823 6.8049998478964 6.89499984588474 14.7141068139712 -9999 -9999 -9999 -9999 -9999 -9999 -9999 -9999 -9999 -9999 -9999 -9999 -9999 -9999 -9999 -9999 -9999 -9999 -9999 -9999 -9999 -9999 -9999 -9999 -9999 -9999 -9999 -9999 -9999 -9999 -9999 -9999 -9999 -9999 -9999 -9999 -9999
