EcologicalScience/Bass/data/rs_data_bass/sst_256.asc
NCOLS 226 
NROWS 124 
XLLCORNER -9.41648524995501 
YLLCORNER 47.587301625531 
CELLSIZE 0.0833 
NODATA_value -9999 
[rows 0 to 26 of 124, columns 62 to 123 of 226]
-9999 -9999 -9999 -9999 -9999 -9999 -9999 -9999 -9999 -9999 -9999 -9999 -9999 -9999 -9999 -9999 -9999 -9999 -9999 -9999 -9999 -9999 -9999 -9999 -9999 -9999 -9999 -9999 -9999 -9999 -9999 -9999 -9999 -9999 -9999 -9999 -9999 -9999 -9999 -9999 -9999 -9999 -9999 -9999 -9999 -9999 -9999 -9999 -9999 -9999 -9999 -9999 -9999 -9999 -9999 -9999 -9999 -9999 -9999 -9999 -9999 -9999
-9999 -9999 -9999 -9999 -9999 -9999 -9999 -9999 -9999 -9999 -9999 -9999 -9999 -9999 -9999 -9999 -9999 -9999 -9999 -9999 -9999 -9999 -9999 -9999 -9999 -9999 -9999 -9999 -9999 -9999 -9999 -9999 -9999 -9999 -9999 -9999 -9999 -9999 -9999 -9999 -9999 -9999 -9999 -9999 -9999 -9999 -9999 -9999 -9999 -9999 -9999 -9999 -9999 -9999 -9999 -9999 -9999 -9999 -9999 -9999 -9999 -9999
-9999 -9999 -9999 -9999 -9999 -9999 -9999 -9999 -9999 -9999 -9999 -9999 -9999 -9999 -9999 -9999 -9999 -9999 -9999 -9999 -9999 -9999 -9999 -9999 -9999 -9999 -9999 -9999 -9999 -9999 -9999 -9999 -9999 -9999 -9999 -9999 -9999 -9999 -9999 -9999 -9999 -9999 -9999 -9999 -9999 -9999 -9999 -9999 -9999 -9999 -9999 -9999 -9999 -9999 -9999 -9999 -9999 -9999 -9999 -9999 -9999 -9999
-9999 -9999 -9999 -9999 -9999 -9999 -9999 -9999 -9999 -9999 -9999 -9999 -9999 -9999 -9999 -9999 -9999 -9999 -9999 -9999 -9999 -9999 -9999 -9999 -9999 -9999 -9999 -9999 -9999 -9999 -9999 -9999 -9999 -9999 -9999 -9999 -9999 -9999 -9999 -9999 -9999 -9999 -9999 -9999 -9999 -9999 -9999 -9999 -9999 -9999 -9999 -9999 -9999 -9999 -9999 -9999 -9999 -9999 -9999 -9999 -9999 -9999
-9999 -9999 -9999 -9999 -9999 -9999 -9999 -9999 -9999 -9999 -9999 -9999 -9999 -9999 -9999 -9999 -9999 -9999 -9999 -9999 -9999 -9999 -9999 -9999 -9999 -9999 -9999 -9999 -9999 -9999 -9999 -9999 -9999 -9999 -9999 -9999 -9999 -9999 -9999 -9999 -9999 -9999 -9999 -9999 -9999 -9999 -9999 -9999 -9999 -9999 -9999 -9999 -9999 -9999 -9999 -9999 -9999 -9999 -9999 -9999 -9999 -9999
-9999 -9999 -9999 -9999 -9999 -9999 -9999 -9999 -9999 -9999 -9999 -9999 -9999 -9999 -9999 -9999 -9999 -9999 -9999 -9999 -9999 -9999 -9999 -9999 -9999 -9999 -9999 -9999 11.6799997389317 12.0579963657929 11.6272316533141 14.0723542845808 12.7101809610613 13.6150293340907 13.1096529904753 13.1476637939923 13.1412091292441 13.1677449732088 13.1139561003074 13.2860804935917 13.3585161757655 13.3678395804018 13.376445800066 13.5923184766434 13.5614795228466 13.5837122569792 13.6618854189292 13.932981338352 13.8282723324373 14.0713980379514 14.1058229166083 13.8598284712061 14.3403424024582 14.4371623736806 14.5648212986998 14.6028321022168 14.5210730154067 14.4730216222815 14.4565263679251 14.531830789987 14.4945371714421 14.7928861198016
-9999 -9999 -9999 -9999 -9999 -9999 -9999 -9999 -9999 -9999 -9999 -9999 -9999 -9999 -9999 -9999 -9999 -9999 -9999 -9999 -9999 -9999 -9999 -9999 -9999 -9999 -9999 12.6157277002465 12.7535706518684 12.8433383041993 12.6630858145654 13.8072349065915 13.3477584011853 13.1146732852794 13.1878261524253 13.2315744357184 13.21794792125 13.0888546262868 12.9246192676947 13.0020752446726 13.1584215685725 13.3613849156536 13.3721426902339 13.3477584011853 13.5994903263636 13.813928632997 13.7572710202076 13.6984618525021 13.9530625175685 13.8906674250029 14.1380962403491 14.1043885466643 14.1954710381106 14.4794762870297 14.4177983794361 14.5239417552948 14.5246589402668 14.6838740040548 14.610721136909 14.5669728536159 14.4350108187646 14.732642582152
-9999 -9999 -9999 -9999 -9999 -9999 -9999 -9999 -9999 -9999 -9999 -9999 -9999 -9999 -9999 -9999 -9999 -9999 -9999 -9999 -9999 -9999 -9999 -9999 -9999 -9999 12.3921492695808 13.4871313474141 13.4163690968417 13.7333648544736 12.7252418454736 13.6131168408319 12.50004576426 13.1003295858391 13.2294228808023 13.1799371177331 13.4438611874357 13.2480696900748 13.2738883490674 12.9195989728905 13.4223456382751 13.5033875401132 13.4718314013444 13.5966215864755 13.258827464655 13.7486648005433 13.6991790374741 13.9695577719249 13.9050111244433 13.7006134074181 14.1538743097335 14.2765129399486 14.4407482985407 14.4852137668058 14.6716818595305 14.7520065763965 14.6028321022168 14.569841593504 14.6013977322727 14.6351054259576 14.692480223719 14.5935086975805
-9999 -9999 -9999 -9999 -9999 -9999 -9999 -9999 -9999 -9999 -9999 -9999 -9999 -9999 -9999 -9999 -9999 -9999 -9999 -9999 -9999 -9999 -9999 -9999 -9999 11.6028669238556 12.9174474179745 13.4135003569536 13.3960488559678 13.8246864075772 13.7546413419768 13.6102481009439 13.8170364345424 13.0702078170143 13.1498153489083 13.0400860481896 13.2136448114179 13.3197881872766 13.4488814822398 13.6002075113356 13.4345377827995 13.4065675688908 13.3742942451499 13.3814660948701 13.2889492334798 13.6109652859159 13.9136173441075 14.3145237434655 14.1954710381106 14.0871761073358 14.3267158879898 14.3769188360311 14.4249702291563 14.5189214604907 14.5970946224406 14.5017090211622 14.5511947842315 14.5755790732801 14.6229132814333 14.7362285070121 14.7190160676837 14.7147129578516
-9999 -9999 -9999 -9999 -9999 -9999 -9999 -9999 -9999 -9999 -9999 -9999 -9999 -9999 -9999 -9999 -9999 -9999 -9999 -9999 -9999 -9999 -9999 -9999 -9999 13.2235260265879 13.378597354982 12.8464461057447 12.7725760536268 12.5301675330848 13.3319803318009 13.8330535655841 12.5172582035884 13.1806543027051 13.0773796667345 13.2753227190115 13.1971495570615 13.0214392389171 12.9303567474708 13.1605731234886 13.3671223954298 13.3226569271646 13.3484755861573 13.4302346729673 13.258110279683 13.6245918003842 14.0290841246024 14.1237525409088 14.0484481188469 14.3675954313949 14.2248756219633 14.5239417552948 14.5060121309943 14.5468916743994 14.5662556686439 14.7577440561727 14.7254707324319 14.689611483831 14.6975005185232 14.4844965818338 14.5676900385879 14.612155506853
-9999 -9999 -9999 -9999 -9999 -9999 -9999 -9999 -9999 -9999 -9999 -9999 -9999 -9999 -9999 -9999 -9999 -9999 -9999 -9999 -9999 -9999 -9999 -9999 13.1094736942323 13.1634418633766 13.1831644501071 12.7625354640186 12.7417370998301 12.8514664005488 13.0651875222102 12.5997344753705 12.4548631110229 13.0243079788052 12.9303567474708 12.8901943890378 13.0551469326019 12.9927518400364 13.0350657533854 13.2911007883959 13.3176366323605 13.7117297744844 13.4675282915123 13.8411816619337 13.5550248580985 13.5543076731265 13.8497878815979 13.8569597313181 13.8698690608144 13.9824671014212 14.1510055698454 14.4163640094921 14.4809106569737 14.3919797204435 14.5777306281962 14.653035050258 14.5569322640076 14.7276222873479 14.6637928248383 14.6150242467411 14.5691244085319 14.6996520734392
-9999 -9999 -9999 -9999 -9999 -9999 -9999 -9999 -9999 -9999 -9999 -9999 -9999 -9999 -9999 -9999 -9999 -9999 -9999 -9999 -9999 -9999 -9999 -9999 12.7458609134192 12.8127384120598 12.5896938857622 12.7668385738507 12.9260536376387 13.1591387535445 12.936811412219 12.5997344753705 12.7453230246902 13.0243079788052 13.1132389153354 13.5686513725668 12.9346598573029 12.9977721348405 12.9432660769671 12.9267708226107 13.0716421869583 13.3534958809614 13.175634007901 13.3183538173325 13.5643482627347 13.6683400836773 13.6998962224461 14.0384075292386 14.1452680900693 14.0678121130913 14.132358760573 13.8763237255625 13.8074739682488 14.4278389690444 14.211966292467 14.254280205816 14.5985289923847 14.5849024779163 14.533265159931 14.692480223719 14.692480223719 14.65016631037
-9999 -9999 -9999 -9999 -9999 -9999 -9999 -9999 -9999 -9999 -9999 -9999 -9999 -9999 -9999 -9999 -9999 -9999 -9999 -9999 -9999 -9999 -9999 13.1599997058511 12.9486449642573 12.6671498627402 12.697988816537 12.7030091113411 12.657826458104 12.6750388974324 12.8500320306048 12.7926572328433 12.65997801302 12.8120212270878 13.0278939036652 12.7940916027874 13.3872035746463 13.4990844302811 13.1089358055033 12.9217505278066 12.7524948744103 12.9568925914355 13.0121158342808 13.4345377827995 13.6123996558599 13.577257592231 14.0706808529794 14.2227240670472 14.055619968567 13.8770409105346 13.9301125984639 14.0190435349941 13.8612628411502 14.1452680900693 14.3475142521784 14.2406536913477 14.4099093447439 14.6723990445025 14.6365397959016 14.729773842264 14.7520065763965 14.6996520734392
-9999 -9999 -9999 -9999 -9999 -9999 -9999 -9999 -9999 -9999 -9999 -9999 -9999 -9999 -9999 -9999 -9999 -9999 -9999 -9999 -9999 11.1599272685234 12.6658947890392 13.1254310598597 13.3825418723281 13.4922711730469 12.9203161578625 13.1297341696918 12.7281105853617 13.2903836034238 12.5100863538682 12.8450117358007 12.5186925735325 13.0042267995887 12.9848628053442 13.6998962224461 13.6052278061397 12.6800591922365 12.9231848977506 12.9360942272469 13.1749168229289 13.218665106222 13.3197881872766 13.694875927642 14.0190435349941 13.7414929508232 13.656865124125 14.1266212807968 13.7070680721663 13.5729544823989 13.9939420609735 14.0893276622519 14.2212896971032 14.3554032868706 14.4472029632889 14.5583666339517 14.5633869287558 14.6975005185232 14.6229132814333 14.611438321881 14.7032379982993 14.65016631037
-9999 -9999 -9999 -9999 -9999 -9999 -9999 -9999 -9999 -9999 -9999 -9999 -9999 -9999 -9999 -9999 -9999 -9999 -9999 -9999 12.9104590341774 12.779747903347 13.0501266377978 13.6733603784814 12.459883405827 12.0898159602657 12.8891186115798 13.3714255052619 13.4370479302015 13.2025284443516 13.099612400867 13.0422376031056 13.5535904881544 13.3993957191706 13.4596392568201 13.2452009501867 12.5480971573852 13.3291115919128 12.9088411983103 12.9877315452322 13.337000626605 13.9616687372327 13.8182317428291 13.7579882051796 13.7049165172502 13.7443616907112 13.9874873962253 14.2958769341931 13.7522507254034 13.9114657891914 14.1008026218042 14.373332911171 14.4285561540164 14.4206671193242 14.4407482985407 14.9176763049327 14.9571214783937 14.8251594435424 14.9829401373863 14.6637928248383 14.889706091024 14.8538468424231
-9999 -9999 -9999 -9999 -9999 -9999 -9999 -9999 -9999 -9999 -9999 -9999 -9999 -9999 -9999 -9999 -9999 -9999 -9999 -9999 9.46872316122703 13.0157017591409 13.3818246873561 13.0752281118184 12.1550797927193 13.216513551306 12.6922513367608 12.1973937060684 13.2003768894356 13.2667164993472 13.5593279679306 14.2243974986486 13.5033875401132 12.4900051746517 12.6972716315649 13.4632251816802 12.9698019209318 12.7991118975915 13.2516556149349 13.2236854010262 13.5586107829586 13.8003021185286 13.8017364884727 13.9659718470648 13.7723319046199 13.7852412341163 14.0599230783992 13.9150517140515 14.2083803676069 14.3783532059751 14.3697469863109 14.3532517319545 14.4206671193242 14.4414654835127 14.5576494489796 14.7763908654451 14.7849970851094 14.6860255589709 14.8796655014157 14.8660389869474 14.8732108366676 14.8832514262758
-9999 -9999 -9999 -9999 -9999 -9999 -9999 -9999 -9999 -9999 -9999 -9999 -9999 -9999 -9999 -9999 -9999 -9999 12.9856715458445 13.0726667369184 13.2853633086197 13.0651875222102 13.0673390771262 13.0343485684134 12.9009521636181 12.7116153310053 12.9138614931144 12.2934964923188 12.1098971394822 12.3702352843247 13.2789086438715 13.3090304126963 13.5327921239659 12.6635639378801 12.8873256491497 13.4022644590586 12.8127384120598 13.4244971931912 12.9590441463515 13.6353495749645 13.6504104593769 13.7902615289204 13.8791924654506 13.8218176676892 13.7981505636126 14.1839960785583 14.4163640094921 14.3876766106114 14.4307077089325 14.2435224312358 14.3410595874302 14.3546861018986 14.4436170384288 14.5139011656865 14.6300851311535 14.5081636859104 14.6150242467411 14.5081636859104 14.6365397959016 14.6960661485791 14.8767967615277 14.6960661485791
-9999 -9999 -9999 -9999 -9999 -9999 -9999 -9999 -9999 -9999 -9999 -9999 -9999 -9999 -9999 -9999 9.62296045105904 14.3506698660553 13.7599006984383 13.9552140724845 13.8024536734447 12.8610288668424 12.7747276085429 12.5251472382806 12.819193076808 13.0013580597006 12.857203880325 13.1247138748877 13.2050385917537 13.0910061812028 13.45605333196 13.4725485863164 13.4617908117361 14.4149296395481 12.8421429959126 13.2100588865578 12.8543351404369 13.7228461415507 13.7063508871943 13.6317636501044 13.5829950720072 13.6418042397127 14.132358760573 14.0376903442666 14.1244697258808 14.2757957549766 14.3805047608912 14.5346995298751 14.4099093447439 14.0219122748822 14.5533463391475 14.3561204718426 14.3597063967027 13.8648487660103 13.9681234019808 14.2341990265995 14.3360392926261 14.0305184945464 14.3611407666467 14.6286507612094 14.3905453504995 14.6645100098103
-9999 -9999 -9999 -9999 -9999 -9999 -9999 -9999 -9999 -9999 9.68607785657906 9.46876473716744 8.77381540645841 -9999 -9999 -9999 8.89254431799054 12.9761848671827 13.8246864075772 14.612155506853 14.0800042576157 13.9968108008616 12.6951200766489 12.9934690250084 13.1225623199716 12.9949033949524 12.9870143602602 12.9906002851203 13.0278939036652 13.1161076552235 13.5076906499453 13.6389354998246 13.7429273207672 13.5865809968673 14.652317865286 12.7697073137388 12.4577318509109 13.3434552913532 13.2444837652147 13.8060395983048 14.093630772084 12.8234961866401 14.2736442000605 14.2872707145289 14.3267158879898 14.3281502579339 14.2736442000605 14.5167699055746 14.6078523970209 14.5232245703228 14.530396420043 14.2585833156481 14.5397198246792 13.7873927890323 14.17395548895 14.0240638297983 14.3073518937454 14.4780419170856 14.5841852929443 14.5476088593714 14.5511947842315 14.7763908654451
-9999 -9999 -9999 -9999 -9999 -9999 -9999 -9999 -9999 -9999 -9999 -9999 -9999 -9999 -9999 -9999 -9999 11.6349997399375 12.4380993371746 14.2432833695784 13.4452955573797 14.5583666339517 13.5786919621751 13.2789086438715 13.4338205978274 13.3972441642545 13.1412091292441 13.494781320449 13.3326975167729 13.2236854010262 13.3800317249261 13.6575823090971 14.095065142028 14.0735495928675 14.491668431554 14.5935086975805 14.4801934720017 14.0986510668881 14.0262153847143 13.6030762512237 14.5676900385879 14.214835032355 14.2679067202844 13.9064454943873 14.2385021364316 14.3353221076541 14.4170811944641 14.6788537092507 14.6630756398663 14.7190160676837 14.4357280037366 14.3747672811151 14.5153355356306 14.569841593504 14.414212454576 14.4156468245201 14.6616412699223 14.6221960964613 14.6286507612094 14.6688131196424 14.7154301428236 14.4823450269178
-9999 -9999 -9999 -9999 -9999 -9999 -9999 -9999 -9999 -9999 -9999 -9999 -9999 -9999 13.7207402256783 14.7437589492183 12.9604785162956 12.7627403740106 12.9203161578625 12.9167302330025 13.7895443439484 13.7479476155713 13.4868922857568 13.7228461415507 13.8067567832768 13.3513443260454 13.5966215864755 13.7120883669704 13.6396526847966 13.3420209214091 14.2420880612917 13.7049165172502 13.7644428699277 13.8383129220456 13.973860881757 13.8698690608144 14.0046998355538 14.0498824887909 14.0678121130913 14.7125614029355 14.214835032355 14.0785698876716 14.1531571247615 14.3503829920664 14.3797875759192 14.3432111423463 14.4500717031769 14.2650379803963 13.5923184766434 14.8803826863877 14.971465177834 14.6264992062934 14.6064180270769 14.771370570641 14.3898281655274 13.6604510489851 14.3403424024582 14.6580553450622 14.7168645127676 14.8014923394658 14.8925748309121 15.0231024958193
-9999 -9999 -9999 -9999 -9999 -9999 -9999 -9999 -9999 -9999 -9999 -9999 9.03709236384088 14.0369731592946 14.1151463212445 14.3353221076541 14.1675008242019 13.8777580955066 13.7422101357952 14.0298013095744 14.9650105130859 14.1022369917482 13.9559312574565 14.054902783595 14.0462965639308 14.3202612232417 13.7587053901516 13.8784752804786 14.0592058934271 14.1545914947055 14.1495711999014 14.5017090211622 14.4601122927852 14.0635090032592 14.0362559743226 14.1122775813565 14.0176091650501 13.9136173441075 14.1710867490619 14.0893276622519 14.0197607199661 14.1101260264404 14.1904507433064 14.1366618704051 14.3654438764788 14.4063234198838 14.7333597671241 14.2872707145289 13.6210058755241 13.9559312574565 14.3173924833536 14.5139011656865 14.5927915126085 14.532547974959 14.769936200697 14.650883495342 14.5418713795952 14.7577440561727 14.8179875938222 15.1493270508945 15.0374461952597 14.9628589581698
-9999 -9999 -9999 -9999 -9999 -9999 -9999 -9999 -9999 -9999 11.0207663803095 14.452633078077 14.4066820123699 13.8648487660103 14.1535157172475 13.9200720088556 14.2800988648087 14.2047944427468 14.4249702291563 11.889243229758 14.5100761791691 13.5533514264971 13.7814162475988 14.5648212986998 14.6164586166851 14.8473921776749 14.6978591110092 13.2846461236477 13.3420209214091 14.0800042576157 14.4307077089325 13.8325754422694 14.2564317607321 14.6939145936631 14.7276222873479 13.8598284712061 13.7952818237245 13.933698523324 13.9401531880721 14.0613574483432 14.2019257028587 14.2327646566555 14.1151463212445 14.7125614029355 14.9370402991772 14.7240363624878 13.6898556328379 15.1084475074895 13.7787865693681 14.6623584548943 15.0682851490565 14.6415600907058 14.8925748309121 14.7928861198016 14.8767967615277 14.8452406227589 14.891140460968 14.8732108366676 14.9133731951006 14.7548753162846 14.8531296574511 14.9119388251565
-9999 -9999 -9999 -9999 -9999 -9999 -9999 -9999 -9999 -9999 10.6499997619539 10.8601834524521 11.0013556522072 14.1499297923874 13.9040070654824 13.7472304305993 14.089999685064 -9999 -9999 9.22999979369342 7.57594467351189 9.88894117802209 12.2908070486737 14.2951597492211 13.6102481009439 14.4601122927852 14.4651325875893 14.4601122927852 13.8246864075772 14.3116550035775 14.5497604142874 14.7096926630475 14.1502883848734 14.5877712178044 13.6253089853562 13.735038286075 13.8297067023814 14.5605181888677 14.0635090032592 14.1990569629706 14.2750785700046 14.4206671193242 14.4852137668058 14.2428052462637 14.6143070617691 14.7096926630475 14.6336710560136 14.6451460155658 14.0075685754418 14.7096926630475 14.8710592817515 14.9269997095689 15.2160252532922 15.0166478310712 15.049638339784 15.0847804034129 15.1658223052509 14.8667561719194 14.9965666518547 14.8983123106882 14.7563096862286 14.6967833335511
-9999 -9999 -9999 -9999 -9999 -9999 -9999 -9999 -9999 -9999 -9999 -9999 -9999 -9999 -9999 -9999 -9999 -9999 -9999 -9999 -9999 -9999 -9999 -9999 11.5599997416139 12.2418591743335 14.0046998355538 14.0807214425877 14.4228186742403 14.1710867490619 14.6351054259576 14.6408429057337 14.157603671588 14.4701528823934 14.1294900206849 14.1180150611326 13.7077852571383 13.973860881757 14.0613574483432 14.1682180091739 13.9652546620928 14.331018997822 14.4421826684847 14.451506073121 14.5411541946232 14.5483260443434 14.4766075471416 14.6451460155658 14.6401257207617 14.6989348884672 14.4285561540164 15.1163365421817 15.0317087154835 15.1170537271537 15.1772972648032 14.9850916923024 15.0044556865469 15.1034272126853 15.131397426594 15.0166478310712 15.1378520913422 15.0245368657634
-9999 -9999 -9999 -9999 -9999 -9999 -9999 -9999 -9999 -9999 -9999 -9999 -9999 -9999 -9999 -9999 -9999 -9999 -9999 -9999 -9999 -9999 -9999 -9999 -9999 10.6396679468453 14.610003951937 14.2650379803963 14.0699636680074 13.4749392028898 13.7436445057392 13.8720206157304 14.1445509050973 14.0419934540987 14.052751228679 13.9078798643313 13.8411816619337 13.6525620142929 13.9215063787997 14.2722098301165 14.5927915126085 14.6243476513773 14.5461744894274 14.849543732591 14.5433057495393 14.5992461773567 14.5827509230003 14.7921689348295 14.9356059292331 14.9485152587295 14.7455519116484 14.9277168945409 15.1471754959784 15.0962553629652 15.2260658429004 15.129245871678 15.0711538889445 15.2231971030124 15.1213568369858 15.1672566751949 15.2432782822289 15.130680241622
-9999 -9999 -9999 -9999 -9999 -9999 -9999 -9999 -9999 -9999 -9999 -9999 -9999 -9999 -9999 -9999 -9999 -9999 -9999 -9999 -9999 -9999 -9999 -9999 -9999 -9999 10.1124065951444 13.7888271589763 12.4324510806473 13.1822679688921 12.7498651961796 13.3420209214091 13.2351603605784 13.813211448025 13.9480422227643 13.496932875365 13.4847407308407 13.4696798464283 13.5650654477067 14.6630756398663 14.6365397959016 14.9578386633657 15.0066072414629 15.0568101895042 15.091235068161 14.809381374158 15.1105990624055 14.8172704088502 14.6982177034952 15.3178655193187 15.0381633802317 14.9965666518547 15.0632648542523 15.1572160855867 15.0718710739166 15.008041611407 15.1443067560904 15.0955381779931 15.2361064325087 15.370220022276 15.2805719007738 15.2131565134041
