EcologicalScience/Bass/data/rs_data_bass/sst_212.asc
NCOLS 226 
NROWS 124 
XLLCORNER -9.41648524995501 
YLLCORNER 47.587301625531 
CELLSIZE 0.0833 
NODATA_value -9999 
[rows 54 to 80 of 124, columns 0 to 61 of 226]
-9999 -9999 -9999 -9999 -9999 -9999 -9999 -9999 -9999 -9999 -9999 -9999 -9999 -9999 -9999 -9999 -9999 -9999 -9999 -9999 -9999 -9999 -9999 -9999 -9999 -9999 -9999 -9999 -9999 -9999 -9999 -9999 -9999 -9999 -9999 -9999 -9999 -9999 13.5225189338262 15.5767692942172 14.9850916923024 14.7383800619282 15.170125415083 14.1133533588145 14.0577715234831 14.0964995119721 14.135227500461 13.6898556328379 13.4431440024637 13.4374065226875 13.4919125805609 14.0964995119721 13.5127109447494 14.9901119871065 15.0367290102877 15.1450239410624 15.1758628948592 15.1823175596073 14.2602225955842 11.8630186177374 -9999 13.0510416669
-9999 -9999 -9999 -9999 -9999 -9999 -9999 -9999 -9999 -9999 -9999 -9999 -9999 -9999 -9999 -9999 -9999 -9999 -9999 -9999 -9999 -9999 -9999 -9999 -9999 -9999 -9999 -9999 -9999 -9999 -9999 -9999 -9999 -9999 -9999 -9999 -9999 -9999 13.1899997051805 15.3920941639226 15.0575273744762 15.3903012014925 15.5233390138019 15.5016441683983 14.1911679282784 14.2055116277188 14.9097872702405 13.4302346729673 14.9348887442611 13.5048219100572 13.8610835449072 13.7800416430691 15.1586504555307 15.1421552011743 15.1435895711184 15.2977843401022 15.3149967794307 14.3912625354715 6.04795945755717 13.6649996945634 -9999 15.5349996527657
-9999 -9999 -9999 -9999 -9999 -9999 -9999 -9999 -9999 -9999 -9999 -9999 -9999 -9999 -9999 -9999 -9999 -9999 -9999 -9999 -9999 -9999 -9999 -9999 -9999 -9999 -9999 -9999 -9999 -9999 -9999 -9999 -9999 -9999 -9999 -9999 -9999 -9999 -9999 14.3519966582535 15.2647938313894 14.569841593504 14.4974059113301 14.2800988648087 15.2052674787119 15.3623309875838 14.1452680900693 14.5992461773567 13.495139912935 14.1617633444257 14.2578661306761 14.7475241703214 14.6408429057337 15.0173650160432 15.0797601086088 15.2673039787915 15.5150913866237 15.7646717568859 16.3778649079613 6.14121176666933 -9999 -9999
-9999 -9999 -9999 -9999 -9999 -9999 -9999 -9999 -9999 -9999 -9999 -9999 -9999 -9999 -9999 -9999 -9999 -9999 -9999 -9999 -9999 -9999 -9999 -9999 -9999 -9999 -9999 -9999 -9999 -9999 -9999 -9999 -9999 -9999 -9999 -9999 -9999 -9999 -9999 13.8199996910989 14.7484206515364 14.9922635420226 14.7548753162846 14.373332911171 14.3675954313949 14.331736182794 14.3568376568146 14.3647266915068 14.1524399397895 14.0346423081355 15.2076580952853 14.9560457009356 15.0399563426618 15.4734946582466 15.0865733658429 15.2357478400227 15.6596041584853 15.8109301875811 16.2319177661557 16.5410244890954 17.1829050390515 -9999
-9999 -9999 -9999 -9999 -9999 -9999 -9999 -9999 -9999 -9999 -9999 -9999 -9999 -9999 -9999 -9999 -9999 -9999 -9999 -9999 -9999 -9999 -9999 -9999 -9999 -9999 -9999 -9999 -9999 -9999 -9999 -9999 -9999 -9999 -9999 -9999 -9999 -9999 -9999 -9999 14.4638416546397 14.7594653001055 14.9990767992567 14.4005859401077 12.9506769883446 14.49023406161 14.3668782464229 14.4852137668058 14.5060121309943 14.3690298013389 14.3403424024582 14.8742866141256 15.8041169303469 15.0521484871861 14.4149296395481 15.2554704267532 15.6449018665589 16.1508758643176 15.9561601444148 16.3323236622382 17.039826637134 10.8499997574836
-9999 -9999 -9999 -9999 -9999 -9999 -9999 -9999 -9999 -9999 -9999 -9999 -9999 -9999 -9999 -9999 -9999 -9999 -9999 -9999 -9999 -9999 -9999 -9999 -9999 -9999 -9999 -9999 -9999 -9999 -9999 -9999 -9999 -9999 -9999 -9999 -9999 -9999 -9999 -9999 13.5228949713521 14.3177510758396 14.5246589402668 14.2193174384302 13.7228461415507 13.5382905420847 14.3898281655274 13.8922810911899 14.413495269604 14.4421826684847 14.4034546799958 14.4619052552152 14.4221014892682 14.7459105041344 14.5834681079723 14.8344828481786 15.3727301696781 16.1013901012484 16.9114505271427 15.2793168270728 -9999 -9999
-9999 -9999 -9999 -9999 -9999 -9999 -9999 -9999 -9999 -9999 -9999 -9999 -9999 -9999 -9999 -9999 -9999 -9999 -9999 -9999 -9999 -9999 -9999 -9999 -9999 -9999 -9999 -9999 -9999 -9999 -9999 -9999 -9999 -9999 -9999 -9999 -9999 -9999 -9999 14.5199460104507 15.7221785472939 15.5163464603247 13.7163914768025 12.4903637671378 13.6514862368349 14.0168919800781 14.0398418991826 13.9390774106141 13.9717093268409 14.2506942809559 14.253742317087 14.7900173799135 14.3202612232417 15.2669453863055 15.0976897329092 15.3820535743143 15.4699087333865 14.7999996691942 11.0093507881335 17.5504623372108 17.6436963835731 17.6135746147484
-9999 -9999 -9999 -9999 -9999 -9999 -9999 -9999 -9999 -9999 -9999 -9999 -9999 -9999 -9999 -9999 -9999 -9999 -9999 -9999 -9999 -9999 -9999 -9999 -9999 -9999 -9999 -9999 -9999 -9999 -9999 -9999 -9999 -9999 -9999 -9999 -9999 -9999 -9999 15.2521713758819 15.3083628184395 15.4032105309889 15.008041611407 12.6829279321246 13.6862697079778 13.6712088235654 14.1395306102931 14.0800042576157 13.8820612053387 14.0990096593741 14.4576021453831 13.9301125984639 13.7902615289204 14.7598956110887 14.6738334144466 15.5007476871833 16.5449690064415 16.7723166425712 17.4823297648691 17.5813012910075 17.5949278054759 17.5411389325745
-9999 -9999 -9999 -9999 -9999 -9999 -9999 -9999 -9999 -9999 -9999 -9999 -9999 -9999 -9999 -9999 -9999 -9999 -9999 -9999 -9999 -9999 -9999 -9999 -9999 -9999 -9999 -9999 -9999 -9999 -9999 -9999 -9999 -9999 -9999 -9999 -9999 -9999 14.7405316168442 15.1341227294877 14.9728995477781 15.1067740758881 13.9071626793593 13.9544968875125 14.0914792171679 13.9501937776804 13.894970534835 14.1151463212445 14.3102206336334 14.2205725121312 14.9356059292331 14.8760795765556 14.6609240849502 14.3797875759192 15.3142795944586 15.4964445773512 16.2702871621586 16.6633045268245 16.7558213882148 17.1043732846156 17.2313150246628 17.3424786953256
-9999 -9999 -9999 -9999 -9999 -9999 -9999 -9999 -9999 -9999 -9999 -9999 -9999 -9999 -9999 -9999 -9999 -9999 -9999 -9999 -9999 -9999 -9999 -9999 -9999 -9999 -9999 -9999 -9999 -9999 -9999 -9999 -9999 -9999 -9999 -9999 -9999 -9999 15.685602113721 14.8780518352287 14.4328592638485 14.3039452651283 14.1649906767998 14.0563371535391 13.8107013006229 14.2804574572947 13.9426633354742 14.2177037722431 14.1251869108528 14.2220068820752 14.7355113220401 14.7620471660048 14.8402203279547 15.2604907215573 15.3142795944586 15.3723715771921 15.369502837304 15.5466475253925 15.8944822368212 16.8705709837377 17.2248603599146 17.400570678059
-9999 -9999 -9999 -9999 -9999 -9999 -9999 -9999 -9999 -9999 -9999 -9999 -9999 -9999 -9999 -9999 -9999 -9999 -9999 -9999 -9999 -9999 -9999 -9999 -9999 -9999 -9999 -9999 -9999 -9999 -9999 -9999 -9999 -9999 -9999 -9999 -9999 14.3914059724659 15.4849696177989 15.0352946403436 14.929509856971 14.8043610793538 14.2800988648087 14.3471556596924 13.6794564507436 13.9555726649705 14.3675954313949 14.2194967346732 14.4188741568942 14.7656330908649 14.7398144318722 14.9205450448208 14.7993407845497 14.848826547619 15.091235068161 15.406796455849 15.6362956468947 15.8557542483322 16.0235755317844 16.5779595151544 17.0577562614344 17.3145084814169
-9999 -9999 -9999 -9999 -9999 -9999 -9999 -9999 -9999 -9999 -9999 -9999 -9999 -9999 -9999 -9999 -9999 -9999 -9999 -9999 -9999 -9999 -9999 -9999 -9999 -9999 -9999 -9999 -9999 -9999 -9999 -9999 -9999 -9999 -9999 -9999 -9999 15.2817672090605 15.0023041316308 14.8925748309121 14.2040772577748 13.9172032689676 14.2155522173271 14.0703222604934 13.9516281476244 13.7515335404314 14.1029541767202 12.9249778601807 14.6544694202021 15.3427876970964 14.7598956110887 14.9391918540932 15.0847804034129 15.1421552011743 15.1909237792715 15.3322092187591 15.6771751902997 16.0250099017285 16.2530747228302 16.4624927346595 16.9279457814991 17.1531418627128
-9999 -9999 -9999 -9999 -9999 -9999 -9999 -9999 -9999 -9999 -9999 -9999 -9999 -9999 -9999 -9999 -9999 -9999 -9999 -9999 -9999 -9999 -9999 -9999 -9999 -9999 -9999 -9999 -9999 -9999 -9999 -9999 -9999 -9999 -9999 8.38381078650258 14.6046250646468 15.2834406406619 14.9083529002964 14.8172704088502 13.9308297834359 14.0735495928675 14.4228186742403 14.3371150700841 14.2736442000605 14.4378795586526 14.9097872702405 14.7369456919841 15.8045950536616 14.6232718739193 15.1149021722376 15.0582445594482 15.2167424382642 15.2855921955779 15.2432782822289 15.4132511205971 15.7137516238727 15.966200734023 16.2186498441733 16.4983519832604 16.8160649258643 17.2105166604742
-9999 -9999 -9999 -9999 -9999 -9999 -9999 -9999 -9999 -9999 -9999 -9999 -9999 -9999 -9999 -9999 -9999 -9999 -9999 -9999 -9999 -9999 -9999 -9999 -9999 -9999 -9999 -9999 -9999 -9999 -9999 -9999 -9999 -9999 -9999 14.2667691165357 16.004570130026 15.6583490847843 14.7491378365085 14.6605654924642 14.491668431554 14.6010391397867 14.4477408520179 14.6888942988589 15.0869319583289 15.3221686291508 14.8825342413038 14.931302819401 14.9843745073304 15.0266884206794 14.9800713974983 15.1249427618459 15.1851862994954 15.2798547158018 15.287743750494 15.3946043113247 15.5846583289094 15.9016540865414 16.1340220174752 16.5076753878966 16.8454695097171 17.123020093888
-9999 -9999 -9999 -9999 -9999 -9999 -9999 -9999 -9999 -9999 -9999 -9999 -9999 -9999 -9999 -9999 -9999 -9999 -9999 -9999 -9999 -9999 -9999 -9999 -9999 -9999 -9999 -9999 6.54203874677541 9.14479023911745 12.841249703155 14.3008972289972 14.4740973997395 11.8552154323692 14.371488721243 14.7742770571066 13.6890487997443 14.6343882409856 14.7230801158585 14.6728771678172 14.812250114046 14.679092770908 14.5165308439173 15.6621143058874 15.8485823986121 15.3228858141229 15.7955107106827 15.209570588544 15.1801660046913 15.008041611407 15.1593676405028 15.1636707503349 15.3551591378637 15.2224799180403 15.2411267273128 15.766823311802 15.5251319762319 16.005645907484 16.2953886361793 16.5564439659938 16.7536698332988 16.9394207410514
-9999 -9999 -9999 -9999 -9999 -9999 -9999 -9999 -9999 -9999 -9999 -9999 -9999 -9999 -9999 -9999 -9999 -9999 -9999 -9999 -9999 -9999 12.1681195194833 14.0827295605093 14.1979094670154 14.118158498127 15.1959440740757 15.4304635599256 15.7026352568064 14.9387137307785 15.6915188897401 15.607608248014 14.8151188539341 14.6955282598501 14.692838816205 14.8014923394658 14.6484928787686 14.6057008421049 14.3658024689648 14.7888220716268 14.4066820123699 15.1894894093275 15.7485350950155 15.7571413146798 15.9206594882999 15.6524323087651 15.8665120229125 15.4010589760728 15.3228858141229 14.9721823628061 15.1794488197193 15.1536301607266 15.52800071612 15.3788262419403 15.368785652332 15.3551591378637 15.5100710918196 16.6166875036433 16.2502059829421 14.1449996838346 -9999 -9999
-9999 -9999 -9999 -9999 -9999 -9999 -9999 -9999 -9999 -9999 -9999 -9999 -9999 -9999 -9999 -9999 -9999 -9999 -9999 -9999 -9999 12.3459944322705 15.1138263947796 14.9560457009356 14.8965193482582 14.9521011835895 14.7839213076513 15.3314920337871 15.446958814282 15.7148274013307 14.1302072056569 15.0826288484968 14.7907345648855 14.7071825156454 14.2881671957439 14.6065973233199 14.5438436382683 14.6444288305938 14.5339823449031 14.6061789654195 14.7211676225998 15.5749763317872 16.1777703007683 16.442411555443 16.2380138384178 16.00421153754 15.3641239500139 15.8112887800671 14.1789757837541 14.4819864344317 15.047845377354 15.28989530541 15.170842600055 15.2597735365853 15.8399761789478 15.8654362454545 15.3049996579066 -9999 -9999 -9999 -9999 -9999
-9999 -9999 -9999 -9999 -9999 -9999 -9999 -9999 -9999 -9999 -9999 -9999 -9999 -9999 -9999 -9999 -9999 6.88018432352692 14.7596266667242 14.040798145812 14.6035492871888 15.1105990624055 15.5642185572069 15.4810251004528 15.3608966176398 14.5935086975805 15.5552537450567 15.6147800977342 15.7367015429772 14.2306131017394 14.4995574662462 15.088724920759 14.9521011835895 14.9187520823907 14.653035050258 14.412419492146 14.7652744983789 14.5221487928648 15.0553758195601 15.2683797562495 15.1970198515337 15.9586702918168 15.5753349242732 15.9436094074044 16.6554154921323 15.9748069536872 16.0027771675959 15.4548478489742 15.7711264216341 14.4443342234008 15.1557817156427 15.2982624634169 13.634999695234 -9999 -9999 -9999 -9999 -9999 -9999 -9999 -9999 -9999
-9999 -9999 -9999 -9999 -9999 -9999 -9999 -9999 -9999 -9999 -9999 -9999 -9999 6.30122405959463 -9999 -9999 8.07499981950969 13.7881099740043 13.9377147591673 15.2802133082878 14.7419659867883 15.3705786147621 14.7376628769562 14.5433057495393 15.487121172715 14.7541581313126 15.1242255768739 15.0180822010152 14.8165532238781 15.4268776350655 15.5946989185177 15.5150913866237 14.9406262240373 14.8728522441816 15.1500442358665 15.1661808977369 15.4989547247533 15.6918774822261 16.283555084141 16.2552262777463 15.9525742195547 15.7937177482527 15.3400982534513 16.3577837287448 16.8712881687097 15.2346720625646 15.9138462310657 14.5863368478604 15.1751457098871 15.8801385373808 16.3090151506476 14.0799996852875 -9999 -9999 -9999 -9999 -9999 -9999 -9999 -9999 -9999 -9999
-9999 -9999 -9999 -9999 -9999 -9999 -9999 -9999 -9999 -9999 -9999 -9999 -9999 14.0637697977945 14.7835627151653 14.8402203279547 13.4252143781632 13.665041032806 14.9904705795925 15.6194418000523 15.4225745252334 15.1149021722376 15.5050507970154 14.7182988827117 14.4048890499398 15.4903485050891 14.652317865286 14.4013031250797 15.4734946582466 15.2655110163614 15.2375408024527 15.7847529361024 15.4053620859049 15.5143742016517 15.2357478400227 15.9776756935753 15.5147327941377 15.6918774822261 16.1110720983706 16.2075334771071 16.6188390585594 16.6919919257052 16.6754966713488 15.6800439301878 16.2136295493692 15.6893673348241 15.4577165888622 15.0030213166028 15.2174596232362 15.4627368836664 15.4767219906207 15.8657948379405 13.8799996897578 -9999 -9999 -9999 -9999 -9999 -9999 19.6333826514427 19.3499995674938 -9999
-9999 -9999 -9999 -9999 -9999 -9999 -9999 -9999 -9999 -9999 17.2492796012557 14.8151188539341 14.9664448830299 15.0453352299519 15.1457411260344 15.0546586345881 15.051431302214 14.7649159058928 15.1407208312303 14.8222907036543 16.4402600005269 16.4287850409746 15.0632648542523 14.4235358592123 15.9167149709538 16.1419110521674 16.0027771675959 15.648846383905 15.7209234735928 15.3730887621641 15.6405987567268 15.6535080862232 15.7323984331451 15.5896786237136 15.6900845197961 15.9149220085237 15.5452131554484 15.4935758374631 15.884441647213 16.2172154742293 16.7077699950896 15.8500167685561 16.8311258102767 16.8167821108364 15.7309640632011 16.0099490173161 15.3644825424999 14.9886776171625 15.0998412878253 15.6642658608034 14.8147602614481 14.1579981233226 7.74584228953306 -9999 -9999 -9999 15.6692209569737 16.3448743992485 17.3403271404095 17.9793389504775 18.0685089486651 17.7899996023625
-9999 -9999 -9999 -9999 -9999 -9999 -9999 18.4595403328108 15.1249427618459 15.0173650160432 15.0460524149239 15.6348612769507 15.8234809245914 15.965483549051 16.1361735723913 14.8050782643259 15.5656529271509 15.4677571784705 16.0429395260289 16.2480544280261 16.4689473994076 16.4567552548833 16.4517349600792 15.5430616005324 16.126132982783 16.0242927167565 15.9310586703941 15.9748069536872 15.8500167685561 15.6696447480936 15.5946989185177 15.7395702828653 15.6154972827062 16.6353343129158 15.9289071154781 16.1447797920555 15.567445889581 15.2303689527325 15.8091372251511 16.3678243183531 16.4861598387361 16.8253883305006 16.7802056772634 16.6324655730277 16.5578783359379 17.2087236980442 16.6550568996463 16.3065050032455 16.1013901012484 15.5319452334661 16.0332575289067 15.8539612859022 15.9088259362616 12.8662514445873 16.4008148270659 16.484366876306 17.0846506978851 17.319170183735 14.9047669754364 17.1323434985243 17.1714300794993 16.0036598567923
-9999 -9999 -9999 -9999 -9999 14.5246589402668 16.9989470937289 16.9659565850161 14.8402203279547 14.7369456919841 16.1770531157963 16.2179326592013 16.32407603506 16.2473372430541 16.9078646022826 16.9595019202679 15.3408154384233 15.3989074211568 16.8928037178703 17.1000701747835 16.6633045268245 16.5973235093988 16.6683248216286 16.7715994575992 16.7407605038024 15.4835352478549 15.4756462131627 15.6506393463351 16.2387310233898 16.6174046886154 16.6059297290631 15.0266884206794 15.9497054796666 16.3792992779054 15.7546311672777 16.4754020641558 15.1012756577693 15.2239142879844 16.0085146473721 16.1168095781468 16.1290017226711 16.7701650876552 16.445997480303 16.4287850409746 16.205740514677 16.4603411797434 16.5729392203502 16.7730338275433 16.5474791538436 16.525605012197 15.525849161204 15.3716543922201 16.0694753699936 16.3825266102795 17.0326547874138 16.681951336097 16.5431760440115 17.0950498799793 17.4199346723035 16.7802056772634 16.7852259720676 16.880611573346
-9999 -9999 -9999 -9999 -9999 15.2188939931802 16.9250770416111 16.9867549492046 16.3183385552838 17.0168767180294 14.4895168766379 16.841166399885 16.5263221971691 16.7945493767038 17.0477156718262 17.079988995567 16.0658894451335 15.76610612683 17.1029389146715 16.9767143595964 16.762276052963 16.6539811221883 16.641788977664 16.764427607879 16.2021545898169 16.6181218735874 17.0211798278615 17.0125736081973 15.250450131949 16.4165928964503 16.604495359119 16.4596239947714 16.3577837287448 16.1498000868596 16.5428174515255 15.1550645306706 15.167973860167 15.2382579874247 15.9776756935753 15.8586229882203 16.3714102432132 16.5786767001264 16.642506162636 15.9059571963735 16.0171208670363 16.5019379081205 17.0337305648718 16.8892177930102 16.7178105846979 15.7904904158786 17.0179524954874 16.1325876475312 16.8662678739056 16.8182164807804 17.2592852385715 16.7816400472075 17.161030897405 17.2635883484036 16.1476485319436 14.3446455122903 17.3812066838145 15.6327097220346
-9999 -9999 -9999 -9999 -9999 16.4710989543237 16.7730338275433 17.0082704983652 17.0613421862945 17.0097048683092 16.8684194288217 16.1691640811041 15.8328043292277 16.2107608094811 16.6116672088392 16.5937375845388 16.6597186019644 16.6582842320204 16.7429120587185 16.0135349421762 15.6205175775103 15.1199224670418 16.0436567110009 16.5535752261057 16.5313424919732 17.0986358048394 17.0993529898115 16.7923978217877 16.8555100993253 16.8935209028423 16.4990691682324 16.2516403528862 16.2272560638376 16.603778174147 16.5944547695108 16.3577837287448 16.2007202198729 16.3735617981292 16.3197729252279 16.4510177751072 16.443845925387 16.3699758732691 16.2480544280261 16.126132982783 16.7794884922914 16.963087845128 17.042695377022 16.7601244980469 16.5772423301823 16.921132524265 17.3421201028395 16.324793220032 16.1125064683147 17.3356654380914 17.2298806547187 17.1861323714256 17.1402325332165 15.1772972648032 15.6613971209154 16.4467146652751 17.6365245338529 17.7476882045157
-9999 -9999 -9999 -9999 -9999 16.5069582029246 17.2305978396907 17.1732230419293 17.2506790189072 17.2865382675081 17.0871608452871 17.1036560996436 17.1065248395316 16.9817346544005 16.2817621217109 17.120868538972 16.7063356251456 17.1323434985243 17.1495559378527 17.159596527461 16.7723166425712 16.1928311851807 16.5449690064415 16.6554154921323 16.0515457456931 16.5743735902943 16.8913693479262 16.5930203995667 16.723548064474 16.7163762147538 16.6891231858172 16.4754020641558 16.4402600005269 16.3498946940526 16.2946714512073 16.2136295493692 16.5499893012457 16.5126956827007 16.4811395439319 16.0623035202734 16.4151585265063 16.5743735902943 16.5600298908539 16.841883584857 16.8469038796611 16.7816400472075 16.7787713073194 16.8225195906125 16.40224919701 16.5098269428127 16.6281624631956 16.0931424740702 16.8096102611162 17.3837168312166 17.2872554524802 17.3955503832549 16.5130542751867 16.8225195906125 17.6702322275378 17.7441022796556 16.4531693300232 16.2315591736697
-9999 -9999 -9999 -9999 -9999 17.0233313827775 17.20191044081 17.2054963656701 17.281517972704 17.3553880248219 17.2227088049985 17.2513962038793 16.5600298908539 16.4560380699113 17.1108279493637 17.1330606834963 17.0957670649514 17.1395153482445 17.0921811400913 17.0986358048394 16.2803277517669 15.9410992600024 13.8347269971855 14.3353221076541 16.4890285786241 17.1280403886922 17.1581621575169 17.1567277875729 16.6001922492869 16.7321542841382 16.5793938850984 16.525605012197 15.9575945143588 15.806985670235 16.3785820929334 16.4983519832604 16.4954832433723 16.3506118790247 16.4495834051631 16.2688527922146 15.925679783104 15.7557069447357 15.8112887800671 16.1680883036461 16.0483184133191 15.7503280574456 16.8002868564799 15.8389004014898 16.882763128262 16.7586901281029 16.5851313648745 16.5901516596787 17.159955119947 16.8691366137937 17.4364299266599 16.5284737520851 15.9102603062056 17.6422620136291 18.5753196622245 17.3080538166687 15.4907070975751 16.3090151506476
