EcologicalScience/Bass/data/rs_data_bass/sst_490.asc
NCOLS 226 
NROWS 124 
XLLCORNER -9.41648524995501 
YLLCORNER 47.587301625531 
CELLSIZE 0.0833 
NODATA_value -9999 
[rows 0 to 26 of 124, columns 0 to 61 of 226]
-9999.000000000000000 -9999 -9999 -9999 -9999 -9999 -9999 -9999 -9999 -9999 -9999 -9999 -9999 -9999 -9999 -9999 -9999 -9999 -9999 -9999 -9999 -9999 -9999 -9999 -9999 -9999 -9999 -9999 -9999 -9999 -9999 -9999 -9999 -9999 -9999 -9999 -9999 -9999 -9999 -9999 -9999 -9999 -9999 -9999 -9999 -9999 -9999 -9999 -9999 -9999 -9999 -9999 -9999 -9999 -9999 -9999 -9999 -9999 -9999 -9999 -9999 -9999
-9999 -9999 -9999 -9999 -9999 -9999 -9999 -9999 -9999 -9999 -9999 -9999 -9999 -9999 -9999 -9999 -9999 -9999 -9999 -9999 -9999 -9999 -9999 -9999 -9999 -9999 -9999 -9999 -9999 -9999 -9999 -9999 -9999 -9999 -9999 -9999 -9999 -9999 -9999 -9999 -9999 -9999 -9999 -9999 -9999 -9999 -9999 -9999 -9999 -9999 -9999 -9999 -9999 -9999 -9999 -9999 -9999 -9999 -9999 -9999 -9999 -9999
-9999 -9999 -9999 -9999 -9999 -9999 -9999 -9999 -9999 -9999 -9999 -9999 -9999 -9999 -9999 -9999 -9999 -9999 -9999 -9999 -9999 -9999 -9999 -9999 -9999 -9999 -9999 -9999 -9999 -9999 -9999 -9999 -9999 -9999 -9999 -9999 -9999 -9999 -9999 -9999 -9999 -9999 -9999 -9999 -9999 -9999 -9999 -9999 -9999 -9999 -9999 -9999 -9999 -9999 -9999 -9999 -9999 -9999 -9999 -9999 -9999 -9999
-9999 -9999 -9999 -9999 -9999 -9999 -9999 -9999 -9999 -9999 -9999 -9999 -9999 -9999 -9999 -9999 -9999 -9999 -9999 -9999 -9999 -9999 -9999 -9999 -9999 -9999 -9999 -9999 -9999 -9999 -9999 -9999 -9999 -9999 -9999 -9999 -9999 -9999 -9999 -9999 -9999 -9999 -9999 -9999 -9999 -9999 -9999 -9999 -9999 -9999 -9999 -9999 -9999 -9999 -9999 -9999 -9999 -9999 -9999 -9999 -9999 -9999
-9999 -9999 -9999 -9999 -9999 -9999 -9999 -9999 -9999 -9999 -9999 -9999 -9999 -9999 -9999 -9999 -9999 -9999 -9999 -9999 -9999 -9999 -9999 -9999 -9999 -9999 -9999 -9999 -9999 -9999 -9999 -9999 -9999 -9999 -9999 -9999 -9999 -9999 -9999 -9999 -9999 -9999 -9999 -9999 -9999 -9999 -9999 -9999 -9999 -9999 -9999 -9999 -9999 -9999 -9999 -9999 -9999 -9999 -9999 -9999 -9999 -9999
-9999 -9999 -9999 -9999 -9999 14.9348887442611 14.7641987209208 14.891140460968 15.0266884206794 14.9054841604084 14.8165532238781 14.8739280216396 14.9736167327501 14.8466749927029 14.7233191775158 14.6308023161255 14.6480147554539 14.1660664542578 14.0649433732033 14.3762016510591 14.5935086975805 14.6465803855099 14.5425885645673 14.6745505994186 10.6743210207205 10.8299997579306 10.9267696134214 13.5959044015035 13.7135227369145 13.8906674250029 13.9207891938277 13.2017862412992 13.2799997031689 -9999 12.3249997245148 -9999 -9999 12.2299997266382 12.5849997187033 12.97984251054 13.2269639608982 15.7886974534485 12.9549997104332 -9999 -9999 -9999 -9999 -9999 -9999 -9999 -9999 -9999 -9999 -9999 -9999 -9999 -9999 -9999 -9999 -9999 -9999 -9999
-9999 -9999 -9999 -9999 -9999 14.8251594435424 14.8452406227589 14.8151188539341 14.8029267094098 14.7455519116484 14.7613299810328 14.7634815359488 14.9126560101286 14.9886776171625 15.050355524756 14.929868449457 14.8567155823112 14.6286507612094 14.5669728536159 14.5217902003787 14.5382854547352 14.4887996916659 14.5533463391475 14.5533463391475 13.904999689199 11.594792825349 15.2218651880643 14.0064927979838 13.3176366323605 13.575823222287 13.6977446675301 14.5346995298751 13.1798474696116 13.0224332321239 13.2967501928246 13.4999996982515 12.0099997315556 -9999 -9999 10.8486761386905 12.6799997165799 15.7557069447357 16.2286904337816 12.090129728691 12.8660140055204 -9999 -9999 -9999 -9999 -9999 -9999 -9999 -9999 -9999 -9999 -9999 -9999 -9999 -9999 -9999 -9999 -9999
-9999 -9999 -9999 -9999 -9999 14.5985289923847 14.6200445415452 14.6551866051741 14.652317865286 14.5009918361902 14.6559037901461 14.7247535474598 14.852412472479 14.9872432472184 14.7437589492183 14.7563096862286 14.9205450448208 14.7139957728796 14.612155506853 14.5131839807145 14.530396420043 14.4063234198838 14.5461744894274 14.8337656632066 13.344999701716 10.5795040964149 13.8024536734447 13.7665944248438 13.5729544823989 13.9889217661694 14.5827509230003 14.410626529716 14.5913571426645 14.5849024779163 14.254997390788 13.614999695681 -9999 12.3099997248501 12.0549997305498 -9999 11.8399997353554 12.300002384565 13.0484873578618 14.4089530981146 11.0749997524545 6.09499986376613 -9999 -9999 -9999 -9999 -9999 -9999 -9999 -9999 -9999 -9999 -9999 -9999 -9999 -9999 -9999 -9999
-9999 -9999 -9999 -9999 -9999 14.7075411081314 14.7190160676837 14.7577440561727 14.7355113220401 14.8022095244378 14.9155247500166 15.0144962761551 15.0338602703996 14.9592730333097 14.649449125398 14.7182988827117 14.7269051023759 14.6071352120489 14.5633869287558 14.5942258825526 14.6609240849502 14.5074465009384 14.3511001770385 11.0725730033591 10.8549997573718 14.1015198067762 14.133075945545 14.055619968567 14.0864589223638 14.2040772577748 14.4780419170856 14.5870540328324 14.4737388072535 14.4701528823934 14.214835032355 14.49023406161 14.675411221385 14.8049996690825 -9999 -9999 -9999 -9999 -9999 12.8499997127801 12.6947849434844 -9999 9.33499979134649 -9999 -9999 -9999 -9999 -9999 -9999 -9999 -9999 -9999 -9999 -9999 -9999 -9999 -9999 -9999
-9999 -9999 -9999 -9999 -9999 14.8050782643259 14.8352000331506 14.7871486400254 14.8280281834304 14.9241309696808 14.9929807269946 15.0281227906235 15.050355524756 15.0331430854276 14.9248481546529 14.81009855913 14.8631702470593 14.6702474895865 14.6264992062934 14.7118442179635 14.7355113220401 14.5619525588118 14.4723044373095 14.531113605015 13.3766848617233 14.133075945545 14.1804101536982 14.2887050844729 14.2428052462637 14.2750785700046 14.373332911171 14.4048890499398 14.3747672811151 14.5849024779163 14.5834681079723 14.5174870905466 14.4801934720017 14.5497604142874 14.6487319404259 14.5598010038957 14.6590912789106 13.3149997023866 13.0485898128578 16.1367712265346 10.9011796670966 11.9799997322261 12.0949997296557 -9999 -9999 -9999 -9999 -9999 -9999 -9999 -9999 -9999 -9999 -9999 -9999 -9999 -9999 -9999
-9999 -9999 -9999 -9999 -9999 14.8753623915836 14.9764854726382 14.6738334144466 14.174672673922 14.9578386633657 14.4149296395481 14.5511947842315 15.050355524756 14.809381374158 14.7505722064525 14.6573381600901 14.932020004373 14.7677846457809 14.7527237613685 14.7333597671241 14.6415600907058 14.6064180270769 14.5504775992595 14.4837793968618 14.9026154205203 14.3826563158073 14.2557145757601 14.5476088593714 14.7032379982993 14.5870540328324 14.5203558304347 14.7591784261167 14.6372569808736 14.5239417552948 14.7061067381874 14.5397198246792 14.5511947842315 14.2947294382378 14.6336710560136 14.5662556686439 14.850260917563 14.8631702470593 14.8151188539341 12.9549141501333 13.0399997085333 12.039999730885 -9999 -9999 -9999 -9999 -9999 -9999 -9999 -9999 -9999 -9999 -9999 -9999 -9999 -9999 -9999 -9999
-9999 -9999 -9999 -9999 -9999 14.6006805473007 14.9226965997368 14.8732108366676 14.6064180270769 15.0460524149239 15.0245368657634 15.0252540507354 15.1493270508945 15.0539414496161 15.2647938313894 14.7835627151653 14.6236304664053 14.6300851311535 14.7849970851094 14.8222907036543 14.3518173620105 14.3152409284376 14.4672841425054 14.412778084632 14.4486373332329 14.6781365242787 14.8445234377868 14.9126560101286 14.9571214783937 14.8846857962199 14.8294625533745 14.8395031429827 14.8294625533745 14.7139957728796 14.7914517498575 14.848826547619 14.7118442179635 14.7376628769562 14.5870540328324 14.7075411081314 14.610003951937 15.1062959525734 17.344773687236 15.1099996622652 -9999 -9999 12.2549997260794 -9999 -9999 -9999 -9999 -9999 -9999 -9999 -9999 -9999 -9999 -9999 -9999 -9999 -9999 -9999
-9999 -9999 -9999 -9999 -9999 14.810815744102 14.8818170563318 15.0862147733569 14.9908291720785 15.0044556865469 15.1005584727973 14.8767967615277 14.7620471660048 14.7814111602493 14.2671895353124 14.7333597671241 14.612155506853 14.7842799001373 14.7591784261167 14.6630756398663 14.3095034486614 14.3360392926261 14.3984343851916 14.7563096862286 14.9269997095689 14.932020004373 14.8925748309121 14.9858088772744 14.9492324437015 14.9119388251565 14.8746452066116 14.8409375129268 14.809381374158 14.729773842264 14.7455519116484 14.9743339177221 14.6171758016571 14.5813165530562 14.4041718649678 14.1823226469569 14.3274330729619 14.4586779228412 14.7082582931034 14.9391918540932 6.56999985314906 12.1299997288734 -9999 -9999 -9999 -9999 -9999 -9999 -9999 -9999 -9999 -9999 -9999 -9999 -9999 -9999 -9999 -9999
-9999 -9999 -9999 -9999 -9999 14.9671620680019 14.9736167327501 14.7434003567323 15.0137790911831 15.0854975883849 15.1579332705587 14.9449293338694 14.531830789987 15.2425610972568 14.8165532238781 14.7025208133273 14.653035050258 14.6989348884672 14.73192539718 14.6802880791947 14.649449125398 14.2341990265995 14.5289620500989 14.969313622918 14.9470808887854 14.9599902182817 15.048921154812 15.008758796379 14.9779198425822 14.9671620680019 14.8839686112478 14.8531296574511 14.8280281834304 14.811532929074 14.7598956110887 14.7025208133273 14.2800988648087 14.5117496107705 14.3876766106114 14.49381998647 14.5863368478604 14.573427518364 9.8964252541773 13.1649997057393 11.8749997345731 -9999 -9999 -9999 -9999 -9999 -9999 -9999 -9999 -9999 -9999 -9999 -9999 -9999 -9999 -9999 -9999 -9999
-9999 -9999 -9999 -9999 -9999 15.0381633802317 14.9721823628061 14.9764854726382 15.1335489815101 15.2540360568091 15.0288399755955 15.2153080683202 15.1514786058106 15.0690023340285 15.2318033226766 14.5554978940636 14.5174870905466 14.6673787496984 14.7598956110887 14.7771080504172 14.7620471660048 14.8610186921433 14.9599902182817 14.9965666518547 14.9872432472184 14.9564042934217 14.9893948021345 14.9850916923024 14.9076357153244 14.7498550214805 14.573427518364 14.6057008421049 14.7290566572919 14.8043610793538 14.8330484782346 14.8258766285144 14.3084276712034 14.5067293159664 11.2645625369378 14.4072796665132 13.2799997031689 -9999 6.64999985136092 7.48499983269721 7.57499983068556 7.51499983202666 -9999 -9999 -9999 -9999 -9999 -9999 -9999 -9999 -9999 -9999 -9999 -9999 -9999 -9999 -9999 -9999
-9999 -9999 -9999 -9999 -9999 14.932020004373 15.0166478310712 15.1091646924615 15.1643879353069 15.2669453863055 15.288460935466 15.4835352478549 15.4749290281907 15.4993133172393 15.4541306640022 15.3178655193187 15.3831293517724 15.1070131375454 14.6264992062934 14.8782311314717 14.9836573223583 15.0539414496161 15.2067018486559 15.1213568369858 14.9356059292331 14.8172704088502 14.7161473277956 14.5648212986998 14.5669728536159 14.6659443797544 14.6716818595305 14.6372569808736 14.6135898767971 14.6702474895865 11.2700735372491 14.5619525588118 14.6551866051741 14.4794762870297 14.4299905239604 14.3186475570546 14.0116326236166 12.6899997163564 -9999 -9999 -9999 -9999 -9999 13.2249997043982 13.2249997043982 -9999 -9999 -9999 -9999 -9999 -9999 -9999 -9999 -9999 -9999 -9999 -9999 -9999
-9999 -9999 -9999 -9999 -9999 15.0869319583289 15.2411267273128 15.1500442358665 15.0274056056514 15.1392864612862 15.5150913866237 15.5079195369035 15.4218573402613 15.3659169124439 15.4103823807091 15.4942930224352 15.3587450627238 15.288460935466 14.8624530620873 14.8538468424231 14.9822229524143 15.2569047966972 15.3056733747944 15.2805719007738 14.7735221255571 14.6781365242787 14.5346995298751 14.4608294777572 14.5074465009384 14.7053895532154 14.8273109984584 14.7197332526557 14.5339823449031 14.491668431554 14.6164586166851 14.4586779228412 14.7548753162846 12.5400426184687 12.3612192446765 -9999 -9999 -9999 -9999 -9999 -9999 -9999 -9999 -9999 -9999 -9999 -9999 -9999 -9999 -9999 -9999 -9999 -9999 -9999 -9999 -9999 -9999 -9999
-9999 -9999 -9999 -9999 -9999 14.9542527385056 15.2267830278724 15.2626422764733 15.2841578256339 15.2676625712775 15.3078249297105 15.3042390048504 15.4039277159609 15.4519791090861 15.5165257565677 15.4813836929388 15.4340494847856 15.3895840165205 15.2963499701582 14.9585558483377 15.1149021722376 15.1873378544115 15.170842600055 15.3601794326678 14.7434003567323 14.5476088593714 14.5067293159664 14.294442564249 14.4723044373095 14.5275276801549 14.5913571426645 14.4644154026173 14.6329538710415 14.5841852929443 14.5562150790356 14.8043610793538 14.8531296574511 14.958077725023 14.8854029811919 10.4795727015007 11.6199997402728 -9999 -9999 -9999 -9999 -9999 -9999 -9999 -9999 -9999 -9999 -9999 -9999 -9999 -9999 -9999 -9999 -9999 -9999 -9999 -9999 -9999
-9999 -9999 -9999 -9999 -9999 14.8050782643259 14.9162419349886 15.2683797562495 15.3444013632834 15.2339548775926 15.408230825793 15.4024933460169 15.3938871263526 15.370220022276 15.4168370454572 15.4627368836664 15.4713431033306 15.4154026755132 15.249732946977 15.330057663843 15.0202337559313 14.6989348884672 15.2081362186 15.4024933460169 14.7168645127676 14.5805993680842 14.3597063967027 14.4407482985407 14.569841593504 14.6429944606498 14.7096926630475 14.6767021543346 14.6343882409856 14.7369456919841 14.6329538710415 14.6308023161255 14.7548753162846 14.8402203279547 14.7732830638997 -9999 -9999 -9999 10.1249997736886 12.5749997189268 14.0656605581753 13.21999970451 -9999 -9999 -9999 -9999 -9999 -9999 -9999 -9999 -9999 -9999 -9999 -9999 -9999 -9999 -9999 -9999
-9999 -9999 -9999 -9999 -9999 14.6408429057337 14.6250648363493 14.7993407845497 15.1636707503349 15.4110995656811 15.4799493229948 15.4154026755132 15.5007476871833 15.4656056235544 15.4290291899815 15.4132511205971 15.4907070975751 15.4397869645618 15.3838465367444 15.3594622476958 15.3831293517724 15.327906108927 15.3953214962967 15.5129398317076 14.9521011835895 14.7018036283553 14.2607348705642 14.2012085178867 14.7771080504172 14.8438062528148 14.7986235995777 14.6666615647264 14.6838740040548 14.8617358771153 14.7175816977397 14.5827509230003 14.2901394544169 14.7247535474598 14.7792596053332 14.3102206336334 14.4809106569737 14.3274330729619 14.5791649981402 14.1911679282784 14.2578661306761 13.1490114712474 -9999 -9999 -9999 -9999 -9999 -9999 -9999 -9999 -9999 -9999 -9999 -9999 -9999 -9999 -9999 -9999
-9999 -9999 -9999 -9999 -9999 14.8631702470593 14.7828455301933 14.7161473277956 14.9657276980579 15.1507614208385 15.2748344209976 15.4419385194778 15.3781090569682 15.4555650339462 15.5028992420994 15.4734946582466 15.5007476871833 15.5229804213159 15.3063905597664 15.2339548775926 15.127811501734 15.2554704267532 15.488555542659 15.3594622476958 15.4304635599256 15.5925473636016 15.010193166323 14.8789483164437 14.7979064146057 14.810815744102 14.7010864433832 14.5791649981402 14.6559037901461 14.7685018307529 14.7570268712007 14.5633869287558 14.6853083739989 14.8782311314717 14.6802880791947 14.4005859401077 14.0864589223638 14.1302072056569 14.0305184945464 13.973143696785 14.2573282419471 12.8266959349768 -9999 -9999 -9999 -9999 -9999 -9999 -9999 -9999 -9999 -9999 -9999 -9999 -9999 -9999 -9999 -9999
-9999 -9999 -9999 -9999 -9999 15.0044556865469 14.8732108366676 14.9564042934217 15.0417493050918 15.2275002128445 15.2647938313894 15.2798547158018 15.1887722243555 15.1184880970977 15.128528686706 15.1206396520138 15.0202337559313 14.8000579695217 14.9549699234776 15.2913296753541 15.3078249297105 15.4347666697577 15.7008422943763 15.5409100456163 15.5079195369035 15.5430616005324 15.4290291899815 14.7498550214805 14.7548753162846 14.9750511026941 14.9112216401845 14.5339823449031 14.6207617265172 14.6881771138869 14.7799767903052 14.7634815359488 14.9155247500166 14.9255653396249 14.8997466806322 14.5669728536159 14.1251869108528 13.9810327314772 14.4680013274774 13.1608420678531 13.7393413959071 13.1150831052634 13.9541622011922 -9999 -9999 -9999 -9999 -9999 -9999 -9999 10.9150669761002 -9999 -9999 -9999 -9999 -9999 -9999 -9999
-9999 -9999 -9999 -9999 -9999 15.0783257386647 14.9980010217987 15.0962553629652 15.2009643688798 15.2447126521729 15.3049561898224 15.3565935078077 15.330057663843 15.407513640821 15.3121280395426 15.2734000510536 15.1428723861463 15.5631427797489 15.208853403572 15.5222632363439 15.5444959704764 15.6377300168388 15.3092592996545 15.4656056235544 15.7610858320259 15.1564989006147 14.8445234377868 14.4264045991004 14.4981230963022 14.5167699055746 13.7171086617745 13.9423047429882 14.6200445415452 14.6315195010975 14.6351054259576 14.5662556686439 14.4400311135687 14.5942258825526 14.1282349469839 14.7735221255571 14.8796655014157 14.8839686112478 14.2932950682938 13.6582994940691 13.6391347178724 12.9808465695009 11.2048097047955 -9999 11.4151839632541 -9999 -9999 -9999 -9999 -9999 -9999 -9999 -9999 -9999 -9999 -9999 -9999 -9999
-9999 -9999 -9999 -9999 -9999 15.2368236174807 15.0984069178812 15.1113162473775 15.1866206694394 15.1751457098871 15.2246314729564 15.3063905597664 15.5236976062879 15.5581224849448 15.6384472018108 15.5193944964558 15.6850642249919 15.6958219995722 15.7990966355428 15.6599627509713 15.6563768261112 15.6513565313071 15.6664174157195 15.5932645485736 15.647770606447 15.1105990624055 14.5504775992595 14.4149296395481 14.4084749747999 14.4163640094921 14.4221014892682 14.5189214604907 14.6021149172448 14.49381998647 14.334604922682 14.4400311135687 14.5612353738397 14.6429944606498 14.5095980558544 14.610003951937 14.9026154205203 12.4423840925097 13.6884212628938 13.5102007973474 13.6291459249565 12.76499971468 8.95499979984015 14.1370716903891 13.5321773939899 14.2649996811524 -9999 -9999 -9999 13.1016045813449 13.5208988065133 -9999 -9999 -9999 -9999 -9999 -9999 -9999
-9999 -9999 -9999 -9999 -9999 15.2834406406619 15.2963499701582 15.2196111781523 15.1529129757546 15.1471754959784 15.2067018486559 15.3365123285912 15.2188939931802 15.6226691324264 15.4440900743939 15.5452131554484 15.5380413057283 15.4849696177989 15.6147800977342 15.446958814282 15.6018707682379 15.5860926988535 15.7230750285089 15.6606799359433 15.6972563695163 15.6649830457754 15.2712484961376 14.3353221076541 14.3288674429059 14.2980284891091 14.3123721885495 14.3532517319545 14.1861476334743 14.1366618704051 13.9925076910295 14.2320474716835 14.4077577898279 14.5547807090916 12.9954612054862 -9999 -9999 11.9477886052899 13.6315245884471 13.4080019388348 14.4364451887086 13.5299996975809 -9999 13.5949996961281 13.3139344072347 11.9063532140904 9.99999977648258 9.99999977648258 14.4475615557749 15.5817895890214 12.006692717425 -9999 -9999 -9999 -9999 -9999 -9999 -9999
-9999 -9999 -9999 -9999 -9999 15.3910183864646 14.8237250735983 15.0288399755955 15.448393184226 15.4426557044499 15.3386638835073 15.4562822189182 15.3221686291508 15.4232917102054 15.4835352478549 15.5330210109241 15.4849696177989 15.5072023519315 15.6033051381819 15.5731833693571 15.6298409821466 15.5638599647209 15.6836298550479 15.7567827221937 15.7847529361024 15.5760521092452 14.8402203279547 14.3905453504995 14.3037659688853 14.2212896971032 14.211966292467 13.8254035925493 13.8060395983048 13.7400585808791 14.332453367766 13.8765286355545 15.1572941948411 6.10999986343086 7.8349998248741 -9999 13.6318353686016 13.9430219279602 14.0090029453859 14.3439283273183 14.3704641712829 13.4399996995926 -9999 -9999 15.6628314908594 15.5473647103645 15.8830072772689 16.045091080945 15.5416272305883 13.9265266736038 13.6299996953458 -9999 -9999 -9999 -9999 -9999 -9999 -9999
-9999 -9999 -9999 -9999 -9999 15.4691915484145 14.810815744102 15.3149967794307 15.4670399934985 15.5466475253925 15.4806665079668 15.4125339356251 15.5251319762319 15.4763633981347 15.4734946582466 15.52800071612 15.4139683055691 15.446958814282 15.568880259525 15.6585283810273 15.6800439301878 15.6621143058874 15.7955107106827 15.8335215141997 15.5939817335457 14.9047669754364 14.6322366860695 14.2729270150885 14.2506942809559 14.1753898588941 14.1969054080546 14.0283669396304 14.0886104772799 14.2693410902284 14.610003951937 14.1653860480023 15.1113162473775 15.1765800798312 -9999 8.68999980576336 13.9107486042194 14.3848078707233 14.5110324257985 14.3403424024582 14.3962828302756 14.5927915126085 -9999 14.6803905341907 16.7715994575992 15.4146854905412 16.1741843759082 15.8629260980524 16.3283791448921 16.3771477229893 13.9099996890873 -9999 -9999 -9999 -9999 -9999 -9999 -9999
