EcologicalScience/Bass/data/rs_data_bass/sst_332.asc
NCOLS 226 
NROWS 124 
XLLCORNER -9.41648524995501 
YLLCORNER 47.587301625531 
CELLSIZE 0.0833 
NODATA_value -9999 
[rows 54 to 80 of 124, columns 124 to 185 of 226]
5.45083467429504 5.49601732753217 5.53402813104913 5.5089266570285 5.5447859056294 5.57777641434222 5.59857477853075 5.60718099819496 5.62439343752339 5.61507003288716 5.53115939116105 5.51825006166473 5.46948148356751 5.47450177837163 5.41784416558221 5.40421765111387 5.2779930960387 5.25432599196211 5.18332467973232 5.17184972018003 5.12021240219474 5.05996886454523 5.07144382409751 5.03271583560854 5.08578752353787 5.13383891666308 5.18332467973232 5.22061829827726 5.20484022889286 5.26006347173825 5.24285103240982 5.23926510754973 5.41856135055423 5.22061829827726 5.51107821194455 5.53259376110509 5.8675191430375 5.65021209651604 5.57490767445415 5.51753287669271 5.59929196350276 5.67746512545273 5.63156528724357 5.63013091729954 5.59642322361469 5.53402813104913 5.47019866853952 5.43147068005055 5.6523636514321 5.70256659947336 5.68965726997703 4.13982054544613 4.27579881614074 6.42190312640741 6.10419018380344 6.15152439195663 6.03534042648971 6.07155826757662 4.52296282472805 10.3674962499645 16.5113733729086 17.5318085649774
5.41497542569414 5.44796593440697 5.43577378988266 5.48741110786796 5.52613909635693 5.55052338540554 5.54693746054545 5.56414989987388 5.55769523512572 5.45226904423907 5.45944089395925 5.48310799803585 5.44581437949091 5.43649097485468 5.51538132177666 5.38700521178544 4.30405590403825 5.14101076638326 5.1826074947603 5.44366282457486 5.08722189348191 5.09511092817411 5.011200286448 5.05781730962917 5.08220159867778 5.19193089939654 5.23209325782955 5.29305398045108 5.26436658157036 5.25289162201807 5.27440717117861 5.31026641977951 5.30094301514328 5.57992796925828 5.36046936782077 5.39274269156158 5.43792534479871 5.50318917725235 5.50462354719639 5.63443402713165 5.58996855886653 5.56630145478994 5.54191716574132 5.62654499243945 5.60216070339084 5.5648670848459 5.56128115998581 5.57132174959406 5.77500228164718 5.82018493488431 9.01165806036443 4.22315743919462 4.59648807637859 6.49147006869316 6.60478529427201 8.27810823125765 8.62551723395967 15.7322329289208 -9999 -9999 -9999 -9999
5.38126773200929 5.37122714240104 5.35688344296068 5.42358164535835 5.48310799803585 5.53833124088123 5.52183598652482 5.55052338540554 5.55554368020967 5.50534073216841 5.43649097485468 5.36692403256893 5.36190373776481 5.37266151234508 5.26006347173825 5.23281044280156 5.22205266822129 5.14961698604748 5.12021240219474 5.12236395711079 5.08435315359384 5.10156559292227 5.16109194559976 5.11519210739061 5.14316232129931 5.17687001498416 5.23137607285753 5.29018524056301 5.28014465095475 5.28086183592677 5.3138523446396 5.31528671458364 5.40206609619781 5.41712698061019 5.43433941993862 5.49386577261612 5.51825006166473 5.5727561195381 5.52829065127298 5.59857477853075 5.60574662825093 5.73483992321417 5.61004973808303 5.72049622377381 5.69969785958529 5.70758689427748 5.64734335662797 7.55538137536496 4.33513391949236 6.67506942152977 4.71659663738683 5.22372609982267 6.70160526549444 8.37955730548128 18.2533484338492 -9999 -9999 -9999 -9999 -9999 -9999 -9999
5.34325692849234 5.31026641977951 5.35616625798866 5.41138950083405 5.42716757021844 5.48741110786796 5.55195775534958 5.5928372987546 5.62654499243945 5.53833124088123 5.4730674084276 5.36118655279279 5.35544907301664 5.34612566838041 5.26723532145843 5.18619341962039 5.13383891666308 5.13742484152317 5.13097017677501 5.14172795135528 5.09367655823007 5.08507033856586 5.15033417101949 5.18691060459241 5.13168736174703 5.25145725207403 5.29879146022722 5.34469129843637 5.34899440826848 5.39059113664553 5.39776298636571 5.46374400379136 5.46159244887531 5.50749228708446 5.52757346630096 5.54980620043352 5.62295906757936 5.78934598108754 5.87469099275768 5.59570603864267 5.82520522968844 5.68678853008896 5.82879115454853 5.78576005622745 5.71977903880179 5.78217413136736 5.38688568095677 3.94001281224191 6.34014403959736 6.2698599123396 4.99255347717553 6.5925931497477 6.83500167028978 4.440201517893 14.6349996728823 -9999 -9999 -9999 -9999 -9999 -9999 -9999
5.37624743720517 5.41210668580607 5.39130832161754 5.39202550658956 5.3418225585483 5.46732992865145 5.69396037980914 5.76352732209489 5.7004150445573 5.58207952417433 5.47952207317576 5.30668049491942 5.32532730419189 5.32102419435978 5.26651813648641 5.22348703816533 5.10515151778236 5.13312173169106 5.12523269699886 5.15678883576766 5.09797966806218 5.10013122297823 5.11160618253052 5.19623400922865 5.25002288213 5.33823663368821 5.46804711362347 5.49458295758814 5.52040161658078 5.49888606742024 5.49601732753217 5.60431225830689 5.66240424104035 5.62367625255138 5.69180882489309 5.90552994655445 5.86465040314943 5.71762748388574 5.76711324695498 5.77500228164718 5.61291847797111 5.64375743176788 5.93636890035123 6.01812798716128 6.16371653648093 6.34926253424159 13.0038030084688 6.21750540938228 6.6485335775651 6.50653095310554 6.39895320730284 6.54310738667846 6.5925931497477 9.36272010416724 15.2549996590242 -9999 -9999 -9999 -9999 -9999 -9999 -9999
6.46559164428618 6.63116176379845 6.62988676829264 6.57645648787729 5.33967100363225 5.29018524056301 5.7362742931582 6.00091554783285 5.6365855820477 5.62224188260734 5.49099703272805 5.26508376654238 5.24571977229789 5.25862910179421 5.21488081850111 5.16539505543187 5.09797966806218 5.07646411890164 5.11590929236263 5.07646411890164 5.06785789923742 5.11304055247456 5.12308114208281 5.22276985319331 5.22205266822129 5.34397411346436 5.64949491154402 5.63515121210366 5.66168705606833 5.69467756478116 5.76137576717883 5.78432568628341 5.81157871522009 5.8596301083453 5.83381144935265 5.76926480187103 5.74846643768251 5.82950833952054 5.83309426438063 5.67029327573255 5.61435284791514 5.7879116111435 6.04753257101402 5.9593188194558 6.12857447285205 17.6274667532804 9.40790275740437 10.9420809433796 9.36092714173719 6.79483931185678 6.78981901705265 6.7561113233678 6.78264716733247 7.44317452656105 13.5449996972457 -9999 23.7447889405303 -9999 -9999 -9999 -9999 -9999
-9999 -9999 -9999 -9999 -9999 12.6599997170269 6.53342538955621 5.85532699851319 6.07048249011859 5.64877772657201 5.52613909635693 5.26651813648641 5.14818261610344 5.15248572593555 5.11017181258649 5.14818261610344 5.05064545990899 5.05207982985303 5.02841272577643 5.03415020555258 4.99398784711957 5.08005004376173 5.11304055247456 5.2701040613465 5.36333810770884 5.65451520634815 5.88401439739391 5.88042847253382 5.84456922393292 5.85389262856916 5.94067201018333 5.93636890035123 5.96003600442782 5.95214696973562 5.94067201018333 5.84241766901687 5.78289131633937 5.72193059371784 5.85891292337328 5.71404155902565 5.77787102153525 5.93493453040719 5.67459638556466 6.10992766357958 6.13144321274012 11.5899497661789 -9999 11.4256838028883 8.55116676261687 15.1849996605888 6.31671599717811 5.28659931570292 7.30475782696158 8.52516758767888 5.37499987985939 5.37499987985939 9.78049052320421 -9999 -9999 -9999 -9999 -9999
-9999 -9999 -9999 -9999 -9999 -9999 -9999 14.1232146521797 6.58721426245756 5.66025268612429 5.40421765111387 5.34325692849234 5.30739767989144 5.23998229252174 5.16180913057178 5.08220159867778 5.011200286448 4.99972532689571 5.00904873153195 4.98968473728746 5.03630176046863 5.05279701482505 5.26866969140247 5.3855708418414 5.57705922937021 5.87325662281364 6.10490736877546 6.15869624167681 6.20889918971807 6.17160557117313 6.126422917936 6.06474501034245 6.10777610866353 6.07621996989474 5.94497512001544 5.93350016046315 5.83811455918476 5.76281013712287 5.78719442617148 5.79723501577973 5.88688313728198 5.91270179627463 5.70184941450134 5.79651783080772 3.98878139033914 17.1799996159971 -9999 -9999 -9999 -9999 -9999 -9999 -9999 -9999 -9999 -9999 -9999 -9999 -9999 -9999 -9999 -9999
-9999 -9999 -9999 -9999 -9999 -9999 -9999 -9999 9.11999979615211 14.2969053503794 5.42716757021844 5.33608507877216 5.32604448916391 5.26508376654238 5.19910274911672 5.07789848884568 4.96028015343472 5.05781730962917 5.09152500331402 5.06068604951724 5.15248572593555 5.31887263944373 5.4852595529519 5.62152469763532 5.89405498700216 6.14220098732039 6.23328347876668 6.31934567540884 6.29854731122032 6.34875025926158 6.2698599123396 6.23686940362677 6.20172733999789 6.15726187173277 5.9392376402393 5.90266120666638 5.93852045526728 5.8438520389609 5.7879116111435 5.79866938572377 5.76496169203892 5.76281013712287 5.87755973264575 5.98011718364432 10.3496942602777 -9999 -9999 -9999 -9999 -9999 -9999 -9999 -9999 -9999 -9999 -9999 -9999 -9999 -9999 -9999 -9999 -9999
-9999 -9999 -9999 -9999 -9999 -9999 -9999 -9999 -9999 14.3999996781349 5.33178196894005 5.36262092273682 5.35329751810059 5.31600389955565 5.23281044280156 5.170415350236 5.13742484152317 5.170415350236 5.32676167413592 5.39632861642167 5.47593614831567 5.5569780501537 5.98872340330854 6.00450147269294 6.23758658859879 6.35018462920561 6.39393291249871 6.48716695886105 6.47569199930876 6.4211859414354 6.38030639803037 6.34516433440149 6.30356760602444 6.22826318396255 6.13646350754425 6.03247168660164 6.03318887157366 6.08052307972685 6.06115908548236 5.90839868644252 5.7879116111435 5.80297249555588 5.7800225764513 6.01023895246908 16.0580435031006 -9999 -9999 -9999 -9999 -9999 -9999 -9999 -9999 -9999 -9999 -9999 -9999 -9999 -9999 -9999 -9999 -9999
-9999 -9999 -9999 -9999 -9999 -9999 -9999 -9999 -9999 15.2499996591359 5.37481306726113 5.41784416558221 5.40636920602992 5.32030700938776 5.25002288213 5.19766837917268 5.21990111330524 5.25862910179421 5.41282387077808 5.82448804471642 6.03964353632182 6.15869624167681 6.25121310306713 6.38317513791844 6.52015746757388 6.53450116701424 6.57322915550321 6.53163242712617 6.52230902248994 6.43839838076383 6.45847955998033 6.35448773903772 6.37241736333817 6.30500197596848 6.27201146725565 6.17519149603322 6.12857447285205 5.94210638012737 5.93565171537921 5.90624713152647 5.79293190594763 5.73412273824215 5.80584123544395 5.17749755183468 10.5043053439419 2.34585652949192 11.1069848157081 -9999 -9999 -9999 -9999 -9999 -9999 -9999 -9999 -9999 -9999 -9999 -9999 -9999 -9999 -9999
-9999 -9999 -9999 -9999 -9999 -9999 -9999 -9999 -9999 8.16073210035996 5.50534073216841 5.5010376223363 5.45585496909916 5.38270210195333 5.25217443704605 5.23639636766165 5.30452894000337 5.35831781290472 5.59498885367066 5.81444745510817 6.34516433440149 6.61912899371237 6.72096925973892 6.78551590722054 6.75969724822789 6.72168644471094 6.72240362968296 6.67363505158573 6.67004912672564 6.59904781449586 6.54956205142662 6.52732931729406 6.4254890512675 6.50868250802159 6.50366221321747 6.44413586053997 6.20674763480201 5.88401439739391 6.02171391202137 5.97437970386818 5.76854761689901 5.79866938572377 5.78504287125543 15.4416994578205 16.6499996278435 -9999 -9999 -9999 -9999 -9999 -9999 -9999 -9999 -9999 -9999 -9999 -9999 -9999 -9999 -9999 -9999 -9999
-9999 -9999 -9999 -9999 -9999 -9999 -9999 -9999 -9999 6.30045980447903 5.36764121754095 5.43505660491064 5.35258033312857 5.33680226374418 5.25719473185018 5.32030700938776 5.58638263400644 5.67818231042475 5.89907528180629 6.01525924727321 6.24906154815108 6.96194341033697 6.99206517916173 6.92464979179204 6.9748527398333 6.93182164151222 6.90672016749159 6.80416271649301 6.77117220778018 6.67435223655775 6.6643116469495 6.62199773360044 6.51370280282572 6.51011687796563 6.56749167572707 6.46565140970051 5.97581407381222 5.46230963384733 5.43362223496661 5.37839899212122 5.50247199228033 5.72121340874583 4.68818017505109 4.73486339992199 -9999 -9999 -9999 -9999 -9999 -9999 -9999 -9999 -9999 -9999 -9999 -9999 -9999 -9999 -9999 -9999 -9999 -9999
-9999 -9999 -9999 -9999 -9999 -9999 -9999 -9999 14.5861749028667 5.50749228708446 5.45298622921109 5.40206609619781 5.42573320027441 5.38843958172947 5.4852595529519 6.04753257101402 6.09916988899931 6.24260688340291 6.47569199930876 7.14984587300569 7.2380596245639 7.19359415629879 7.10179447988048 6.93397319642827 6.78192998236045 6.78551590722054 6.77332376269624 6.66933194175363 6.67865534638986 6.63418987812474 6.66933194175363 6.64925076253712 6.49792473344132 6.48573258891702 6.43266090098768 5.96577348420396 5.19659260171466 5.34469129843637 5.12523269699886 5.45083467429504 5.28014465095475 5.46015807893127 13.687290317361 -9999 -9999 -9999 -9999 -9999 -9999 -9999 -9999 -9999 -9999 -9999 -9999 -9999 -9999 -9999 -9999 -9999 -9999 -9999
-9999 -9999 -9999 -9999 -9999 -9999 -9999 -9999 8.96284729491591 5.59714040858671 5.55124057037756 5.64017150690779 5.60646381322294 5.71117281913757 5.84887233376503 5.88975187717006 6.70892055220902 6.76902065286413 7.14697713311762 7.28826257260516 7.25312050897628 7.23590806964785 6.93540756637231 6.78838464710861 6.67865534638986 6.64996794750914 6.6126743289642 6.55171360634267 6.5725119705312 6.56318856589496 6.60119936941192 6.50007628835738 6.45991392992437 6.46565140970051 6.3336893748492 5.87827691761777 5.57813500682823 5.52219457901083 5.66025268612429 5.85819573840126 4.89250617357902 5.62343719089404 16.2099996376783 -9999 -9999 -9999 -9999 -9999 -9999 -9999 -9999 -9999 -9999 -9999 -9999 -9999 -9999 -9999 -9999 -9999 -9999 -9999
-9999 -9999 -9999 -9999 -9999 -9999 -9999 5.57956631187923 6.29320826753974 5.96290474431589 5.88114565750584 6.30930508580059 6.61195714399219 6.35735647892579 6.41114535182714 6.5488448664546 6.90528579754755 7.26100954366848 7.22801903495565 7.30619219690561 7.26029235869646 7.12617876892909 6.86512343911454 6.7998596066609 6.62486647348851 6.5725119705312 6.45489363512024 6.42333749635145 6.45632800506428 6.39465009747073 6.36524551361799 6.33225500490516 6.31002227077261 6.24332406837493 6.01382487732917 5.77356791170314 5.73483992321417 6.24762717820704 6.19670704519376 5.94282356509939 4.68120555119822 11.0790328360074 -9999 -9999 -9999 -9999 -9999 -9999 -9999 -9999 -9999 -9999 -9999 -9999 -9999 -9999 -9999 -9999 -9999 -9999 -9999 -9999
-9999 -9999 -9999 3.8400372271426 -9999 7.79069234230447 6.50007628835738 6.29496138636023 6.57968382025138 6.26053650770336 6.42692342121154 6.6126743289642 6.71092867013067 6.80201116157696 6.87301247380674 6.89165928307921 7.07525863591582 7.24164554942399 7.27607042808086 7.16132083255798 7.11326943943277 6.98991362424567 6.77117220778018 6.74176762392744 6.56175419595093 6.44198430562392 6.24045532848686 6.26053650770336 6.18594927061349 6.19527267524973 6.16443372145295 6.17662586597726 6.33010344998911 6.42333749635145 6.67004912672564 5.88258002744988 6.06976530514657 6.16084779659286 6.2261116290465 15.1410253343469 13.2949997028336 -9999 -9999 -9999 -9999 -9999 -9999 -9999 -9999 -9999 -9999 -9999 -9999 -9999 -9999 -9999 -9999 -9999 -9999 -9999 -9999 -9999
-9999 -9999 3.88019958557561 -9999 11.7070782468654 6.96266059530899 7.11255225446075 6.92751853168011 6.34875025926158 6.2261116290465 6.98145084157586 6.53378398204222 6.59402751969174 6.87229528883472 7.02864161273465 7.10322884982452 7.12617876892909 7.24379710434005 7.11685536429286 7.10107729490846 6.97628710977733 6.81420330610126 6.71666614990681 6.51728872768581 6.43911556573585 6.32723471010104 6.16084779659286 6.1027558138594 6.10203862888739 6.05757316062227 6.05111849587411 6.18021179083735 6.36309395870194 6.51513717276976 6.94975126581267 5.1424451363273 6.01741080218926 17.8077043420522 16.8387074799809 -9999 -9999 -9999 -9999 -9999 -9999 -9999 -9999 -9999 -9999 -9999 -9999 -9999 -9999 -9999 -9999 -9999 -9999 -9999 -9999 -9999 -9999 -9999
16.7749996250495 16.7749996250495 -9999 16.5349996304139 6.33862998243421 6.40971098188311 6.59044159483165 6.3975188373588 6.2261116290465 6.21965696429834 6.28276924183592 6.43768119579181 6.78049561241642 6.95477156061679 7.04872279195115 7.09605700010434 7.20650348579511 7.14123965334147 7.13406780362129 7.06234930641949 6.94903408084065 6.70160526549444 6.61554306885228 6.48716695886105 6.39249854255468 6.2103335596621 6.16013061162084 6.11494795838371 6.05111849587411 6.01382487732917 5.9872890333645 5.98513747844845 6.11136203352362 6.17734305094928 6.17375712608919 6.09988707397133 8.9191411989741 12.8869018580299 -9999 -9999 -9999 -9999 -9999 -9999 -9999 -9999 -9999 -9999 -9999 -9999 -9999 -9999 -9999 -9999 -9999 -9999 -9999 -9999 -9999 -9999 -9999 -9999
16.662635154184 14.3623665009625 4.42425610534847 5.73670460414141 6.25479902792722 6.18738364055753 6.22898036893457 6.33942685462534 6.46493422472849 6.36022521881387 6.36022521881387 6.4692373345606 6.7518082135357 6.83141574542969 6.95620593056083 7.07023834111169 7.18570512160659 7.15701772272587 7.10394603479654 7.02362131793052 6.96194341033697 6.74893947364762 6.59761344455183 6.58829003991559 6.48071229411289 6.29998168116435 6.2340006637387 6.15080720698461 6.09773551905528 6.04609820106998 6.03677479643375 6.06115908548236 6.14148380234838 6.33512374479324 6.6126743289642 9.46173645436647 16.1350977949332 12.9399997107685 5.91179553526454 13.2399997040629 -9999 -9999 -9999 -9999 -9999 -9999 -9999 -9999 -9999 -9999 -9999 -9999 -9999 -9999 -9999 -9999 -9999 -9999 -9999 -9999 -9999 -9999
4.63324380619451 6.3855059890775 5.76639606198296 6.01167332241312 6.35090181417763 6.3136081956327 6.22754599899054 6.13574632257223 6.41688283160329 6.40827661193907 6.33799248468131 6.4929044386372 6.62271491857246 6.66502883192152 6.82854700554162 7.00927761849016 7.20004882104695 7.10753195965663 7.09175389027223 7.01429791329429 6.77475813264027 6.66216009203345 6.60478529427201 6.51441998779774 6.42262031137943 6.32364878524095 6.16156498156488 6.13502913760021 6.10203862888739 5.99015777325258 5.9392376402393 6.00737021258101 6.28492079675198 12.1976545006037 12.653104461474 17.0201773112339 13.5364150171235 17.2207745788619 13.2670212260092 -9999 -9999 -9999 -9999 -9999 -9999 -9999 -9999 -9999 -9999 -9999 -9999 -9999 -9999 -9999 -9999 -9999 -9999 -9999 -9999 -9999 -9999 -9999
5.66240424104035 5.62511062249541 5.53474531602114 6.046815386042 6.24906154815108 6.23256629379466 6.25336465798318 6.33010344998911 6.34659870434552 6.36883143847808 6.45561082009226 6.51370280282572 6.8077486413531 6.843607889954 6.95405437564477 7.122592844069 7.10681477468461 7.18140201177448 7.02075257804245 6.95262000570074 6.7001708955504 6.61339151393622 6.56605730578303 6.39608446741477 6.23328347876668 6.14076661737636 6.02601702185348 5.99589525302872 5.97581407381222 5.92417675582692 6.05111849587411 6.05255286581814 6.32006286038086 8.67805671222651 6.52818993926048 14.0572474267728 12.8549997126684 11.6221184856359 -9999 -9999 -9999 -9999 -9999 -9999 -9999 -9999 -9999 -9999 -9999 -9999 -9999 -9999 -9999 -9999 -9999 -9999 -9999 -9999 -9999 -9999 -9999 -9999
6.71107210712507 6.71910457881168 6.78695027716458 6.06761375023052 6.33297218987718 6.36094240378588 6.34301277948543 6.46278266981244 6.43839838076383 6.47067170450464 6.59761344455183 6.85508284950629 6.86153751425445 7.05374308675528 7.10538040474057 7.13119906373322 6.98274177452549 6.94975126581267 6.91604357212782 6.81707204598933 6.73387858923525 6.64566483767703 6.46565140970051 6.33010344998911 6.09128085430712 6.04824975598603 5.98513747844845 5.98442029347643 5.93493453040719 5.76998198684305 8.54620501352474 15.9691719289071 17.8049996020272 -9999 -9999 13.6052278061397 -9999 -9999 -9999 -9999 -9999 -9999 -9999 -9999 -9999 -9999 -9999 -9999 -9999 -9999 -9999 -9999 -9999 -9999 -9999 -9999 -9999 -9999 -9999 -9999 -9999 -9999
6.70447400538251 6.83801384717226 6.74081137729809 6.41473127668723 7.13863985781791 6.46995451953262 6.54167301673442 6.54741049651057 6.57968382025138 6.46780296461657 6.6126743289642 7.03653064742684 7.16275520250201 7.12833032384515 7.122592844069 6.97772147972137 6.88520461833104 6.87588121369481 6.79699086677283 6.63562424806878 6.58183537516743 6.48142947908491 6.34516433440149 6.17590868100524 6.00593584263697 5.97724844375625 5.99230932816863 5.98155155358836 6.14004943240434 6.3336893748492 6.40971098188311 9.09369298754833 13.2423322102986 15.9304610162508 -9999 -9999 -9999 -9999 -9999 -9999 -9999 -9999 -9999 -9999 -9999 -9999 -9999 -9999 -9999 -9999 -9999 -9999 -9999 -9999 -9999 -9999 -9999 -9999 -9999 -9999 -9999 -9999
7.00583513062447 6.75252539850771 6.74535354878753 6.923215421848 6.63737736688927 13.2955889782207 12.9646161219033 7.38651691377163 7.42969144908711 6.60980558907613 6.54597612656653 7.01860102312639 7.10609758971259 7.1742301620543 7.08816796541214 6.98561051441357 6.85293129459023 6.72383799962699 6.56175419595093 6.48214666405693 6.35735647892579 6.2899410915561 6.22037414927036 6.06617938028648 6.03390605654567 6.08410900458694 6.03964353632182 6.18164616078138 6.37385173328221 6.66904506776482 6.65122302121017 13.2863611311895 13.354680795263 13.3897916769366 16.8124311886728 4.99999988824129 -9999 -9999 -9999 -9999 -9999 -9999 -9999 -9999 -9999 -9999 -9999 -9999 -9999 -9999 -9999 -9999 -9999 -9999 -9999 -9999 -9999 -9999 -9999 -9999 -9999 -9999
-9999 -9999 -9999 -9999 7.15999983996153 9.75126701584086 7.28109072288498 7.12503127297387 6.21965696429834 6.32149723032489 6.82998137548566 7.07525863591582 7.19072541641071 7.07382426597178 7.11255225446075 6.81420330610126 6.67148349666968 6.63347269315273 6.64566483767703 6.43552964087576 6.28420361177996 6.20889918971807 6.24690999323502 6.29137546150014 6.14363535726443 6.2418896984309 13.3434241093979 -9999 -9999 -9999 -9999 -9999 -9999 -9999 -9999 -9999 -9999 -9999 -9999 -9999 -9999 -9999 -9999 -9999 -9999 -9999 -9999 -9999 -9999 -9999 -9999 -9999 -9999 -9999 -9999 -9999 -9999 -9999 -9999 -9999 -9999 -9999
-9999 -9999 -9999 -9999 -9999 15.004183911189 6.57992288190871 6.26770835742354 6.59115877980366 6.86153751425445 7.002822953742 7.01716665318236 7.08601641049609 7.03007598267868 7.05159153183922 6.8156376760453 6.75682850833982 6.73172703431919 6.65427105734125 6.52230902248994 6.63921017292887 6.48358103400096 6.38891261769459 6.44987334031612 14.2715978161949 -9999 -9999 -9999 -9999 -9999 -9999 -9999 -9999 -9999 -9999 -9999 -9999 -9999 -9999 -9999 -9999 -9999 -9999 -9999 -9999 -9999 -9999 -9999 -9999 -9999 -9999 -9999 -9999 -9999 -9999 -9999 -9999 -9999 -9999 -9999 -9999 -9999
