EcologicalScience/Bass/data/rs_data_bass/sst_266.asc
NCOLS 226 
NROWS 124 
XLLCORNER -9.41648524995501 
YLLCORNER 47.587301625531 
CELLSIZE 0.0833 
NODATA_value -9999 
[rows 27 to 53 of 124, columns 62 to 123 of 226]
-9999 -9999 -9999 -9999 -9999 -9999 -9999 -9999 -9999 -9999 -9999 -9999 -9999 -9999 -9999 -9999 -9999 -9999 -9999 -9999 -9999 -9999 -9999 -9999 -9999 -9999 -9999 -9999 12.5299997199327 12.5131385596794 11.9492477057502 12.1328470585868 12.0934018851258 11.9098025322892 10.6977599295788 11.2983306251466 11.5877864798531 11.5411694566719 11.3324686298147 11.4450666704215 11.5347147919238 11.5680638931226 11.7000259279739 11.4723196993582 11.4038285345305 10.8311563343741 11.4361018582713 11.5788216677029 11.2126987394877 11.5243156098295 11.6118121764157 11.7147282199003 11.7620624280535 11.8065278963186 11.9546265930403 11.7301476967987 12.2285912523512 12.0966292174999 12.0998565498739 11.7767647199798 11.9415977327153 11.9625156277325
-9999 -9999 -9999 -9999 -9999 -9999 -9999 -9999 -9999 -9999 -9999 -9999 -9999 -9999 -9999 -9999 -9999 -9999 -9999 -9999 -9999 -9999 -9999 -9999 -9999 -9999 -9999 -9999 -9999 -9999 9.78499978128821 10.6737342330161 11.903347867541 12.0747550758533 11.0610141179059 11.7498702835292 11.3943258336512 10.6712240856141 10.6739135292592 11.1563997191843 11.5648365607485 11.4723196993582 11.3335444072727 11.4056214969605 11.2173604418058 11.5131992427632 11.8402355900034 11.9108783097472 11.8922315004747 12.0478606394026 11.4924008785747 11.5917309971992 11.5232398323715 11.6259765796131 11.7063012964791 11.6336863180622 11.9239669354865 11.9985541725764 11.6462370550726 11.9197235910688 11.9478133358061 11.9510406681802
-9999 -9999 -9999 -9999 -9999 -9999 -9999 -9999 -9999 -9999 -9999 -9999 -9999 -9999 -9999 -9999 -9999 -9999 -9999 -9999 -9999 -9999 -9999 -9999 -9999 -9999 -9999 -9999 -9999 -9999 -9999 12.5349997198209 11.9098025322892 12.1249580238946 11.8022247864865 11.8746604686603 10.5623912661104 10.8250602621119 11.6756416389253 10.7838221262209 11.6702627516352 11.8000732315704 11.9076509773731 12.18018126674 11.4486525952816 11.8947416478768 11.4127933466807 11.9402828935999 11.8592409917619 11.8850596507546 11.9544472967973 11.941000078572 11.7507667647442 12.0727828171803 12.0406887896825 11.8405941824894 12.1701406771317 11.9506820756942 12.18018126674 12.5023766154191 12.0647144862451 11.9390278198989
-9999 -9999 -9999 -9999 -9999 -9999 -9999 -9999 -9999 -9999 -9999 -9999 -9999 -9999 -9999 -9999 -9999 -9999 -9999 -9999 -9999 -9999 -9999 -9999 -9999 -9999 -9999 -9999 -9999 -9999 -9999 12.6495944219034 11.8326539202992 11.7391125089489 11.7534562083893 11.7477187286131 11.625080098398 11.5218054624274 11.7348093991168 11.3547013639472 11.2374416210223 11.3317514448427 11.821230188245 11.6767174163833 11.2883617540356 11.821588780731 11.4393291906454 11.8135204497958 12.1651203823276 11.9786522896029 11.8696401738562 12.0546738966368 12.1841257840861 12.1346400210168 11.8844141842797 12.3852961687371 12.0975256987149 12.2549478000728 12.2540513188578 12.219985032687 12.2400662119035 11.864440582809
-9999 -9999 -9999 -9999 -9999 -9999 -9999 -9999 -9999 -9999 -9999 -9999 -9999 -9999 -9999 -9999 -9999 -9999 -9999 -9999 -9999 -9999 -9999 -9999 -9999 -9999 -9999 -9999 -9999 -9999 -9999 11.624999740161 11.6624454354402 11.9851069543511 11.8509933645837 11.7606280581094 11.7885982720181 11.742698433809 11.6781517863274 11.6996673354879 11.7326578442007 11.6093020290136 11.6351206880063 11.984031176893 11.9980162838474 12.0139736494748 11.9499648907222 12.0821062218165 12.223033068818 11.705046222778 11.784295162186 12.1263923938386 12.1848429690581 12.1735473057488 12.3401135155 12.18018126674 12.341547885444 12.3341967394808 12.2931378998328 12.040778437804 12.0647144862451 12.0070707441191
-9999 -9999 -9999 -9999 -9999 -9999 -9999 -9999 -9999 -9999 -9999 -9999 -9999 -9999 -9999 -9999 -9999 -9999 -9999 -9999 -9999 -9999 -9999 -9999 -9999 -9999 -9999 -9999 -9999 -9999 -9999 -9999 11.6939298557118 12.2475966541097 12.0424817521125 11.8058107113466 11.6996673354879 11.7627796130255 11.744132803753 11.705404815264 11.704687630292 11.784295162186 11.9090853473172 11.8710745438002 12.1658375672996 11.9635914051905 12.1131244718563 12.10380106722 11.9155400120653 11.9467375583481 11.8789635784924 12.1622516424395 12.3679044331657 12.380275873933 12.1389431308489 12.1706785658607 12.4032257930376 12.5864665533882 12.2762840529904 12.3110675241333 11.6426511302125 11.8968932027929
-9999 -9999 -9999 -9999 -9999 -9999 -9999 -9999 -9999 -9999 -9999 -9999 -9999 -9999 -9999 -9999 -9999 -9999 -9999 -9999 -9999 -9999 -9999 -9999 -9999 -9999 -9999 -9999 -9999 -9999 -9999 -9999 11.3159514527735 11.9108783097472 11.9650257751346 12.0252693127841 11.9901272491552 11.862468324136 11.8847010582685 11.8022247864865 11.6688283816911 11.6100192139857 11.7498702835292 11.9879756942391 12.0898159602657 12.0202490179799 12.2002624459565 12.2676778333262 12.1601000875235 12.2533341338858 12.2070757031906 12.3202116325265 12.405616409611 12.6805373155512 12.8450117358007 12.8880428341217 12.8116626346018 13.0261009412352 12.5316019030288 12.3379619605839 12.395097696688 12.3315072958358
-9999 -9999 -9999 -9999 -9999 -9999 -9999 -9999 -9999 -9999 -9999 -9999 -9999 -9999 -9999 -9999 -9999 -9999 -9999 -9999 -9999 -9999 -9999 -9999 -9999 -9999 -9999 -9999 -9999 -9999 -9999 -9999 -9999 8.53750603175996 12.2052827407606 12.0941190700978 11.86390269408 11.7943357517943 11.8768120235763 11.6516159423627 11.7147282199003 11.6279488382861 11.7383953239769 11.980803844519 12.0826441105455 12.1177861741744 12.0076982809696 12.380275873933 12.5602893019095 12.1844843765721 12.3117847091053 12.4562974809669 12.3601946947165 12.5264023119817 12.9848628053442 12.8148899669759 12.9936483212514 12.9239020827226 13.2520142074209 12.6922513367608 12.8500320306048 12.4849848798476
-9999 -9999 -9999 -9999 -9999 -9999 -9999 14.8995192805192 13.2397708353986 11.879895918956 12.0367442723364 8.43826566414323 23.2047978751772 8.34317717852745 8.41999981179833 -9999 -9999 -9999 -9999 -9999 -9999 -9999 -9999 -9999 -9999 -9999 -9999 -9999 -9999 -9999 -9999 -9999 -9999 11.0899997521192 11.9436536629684 11.8251747055911 11.9399243011139 11.8940244629048 11.741981248837 11.6752830464393 11.6774346013553 12.0647144862451 11.7262031794526 11.8158513009548 11.8373668501154 12.3049714518711 12.4743705422617 11.3093394144671 12.2526169489138 12.5251472382806 12.5319604955148 12.42007963988 12.5226370908786 12.5495315273292 12.7526741706533 12.8530800667359 12.9158337517874 12.936811412219 12.4849848798476 12.5502487123013 12.6714529725723 12.7675557588227
-9999 -9999 -9999 -9999 15.1949996603653 15.6515159057453 14.0210157936672 13.0250251637772 12.9203161578625 11.8712794537922 14.5461888331268 14.9413434090093 -9999 -9999 -9999 -9999 -9999 -9999 -9999 -9999 -9999 -9999 -9999 -9999 -9999 -9999 -9999 -9999 -9999 -9999 -9999 -9999 -9999 -9999 11.8241706466302 12.0948362550698 11.9972990988754 12.1550797927193 11.7950529367663 11.4224753438029 10.3458014045609 11.9133884571493 11.8936658704188 12.1877117089462 12.5569424387068 11.9605433690595 12.0855128504336 12.5914868481923 12.2848902726546 12.2095858505927 12.3225424836855 12.2587130211759 12.4781716226134 12.379917281447 12.5939969955944 12.7664799813647 12.6339800577844 12.579473999911 12.740302729886 13.1218451349996 12.8227790016681 13.2032456293236
14.5598010038957 13.8598284712061 14.2449568011798 13.6183761972934 12.5504638677929 13.2429059582762 13.0999709933531 12.8024587607943 12.4272514896002 16.2154239997349 -9999 -9999 -9999 -9999 -9999 -9999 -9999 -9999 -9999 -9999 -9999 -9999 -9999 -9999 -9999 -9999 -9999 -9999 -9999 -9999 -9999 -9999 -9999 -9999 10.5449997643009 12.3055093406001 11.7505874685012 11.8380840350874 12.1758781569079 12.1181447666604 11.3496810691431 12.222495180089 12.2006210384425 12.0001678387634 12.3763313565869 11.981162437005 11.4350260808133 11.4601275548339 12.4638279231731 12.6275253930362 12.2587130211759 12.4387264491525 12.3639599158196 12.5102297908626 12.5972243279684 12.7035470000701 12.6624881604221 12.102725289762 12.8464461057447 12.9310739324428 12.7400337855215 13.2000182969496
14.5841852929443 14.4880825066939 14.4816278419457 14.5920743276365 14.4773247321136 14.3826563158073 14.2349162115715 13.1688207506668 13.0422376031056 16.2699996363372 -9999 -9999 -9999 -9999 -9999 -9999 -9999 -9999 -9999 -9999 -9999 -9999 -9999 -9999 -9999 -9999 -9999 -9999 -9999 -9999 -9999 -9999 -9999 -9999 -9999 12.3476439577062 12.539670233964 12.459524813341 12.4654415893601 12.7352824350819 11.1897488203831 12.2698293882422 12.5552690071054 12.4136249751318 11.6100192139857 11.9958647289313 12.0467848619446 11.9098025322892 12.0948362550698 12.0948362550698 12.3930059071863 12.2502860977547 12.4928739145398 12.6761146748904 12.5602893019095 12.5360843091039 12.022400572896 11.9098025322892 12.7758033860009 12.5602893019095 13.3574403983075 13.297196860658
14.5361338998191 14.3116550035775 14.4837793968618 14.3862422406673 14.2815332347527 14.1911679282784 13.8318582572974 13.7192602166906 7.07610904985863 -9999 -9999 -9999 -9999 -9999 -9999 -9999 -9999 -9999 -9999 -9999 -9999 -9999 -9999 -9999 -9999 -9999 -9999 -9999 -9999 -9999 -9999 -9999 -9999 -9999 -9999 -9999 12.3682271664031 12.2648090934381 12.7725760536268 12.779030718375 12.5222784983926 12.3526642525103 12.5179753885604 12.5871837383602 12.5832392210141 12.2339701396413 12.2798699778505 12.4765579564264 12.1873531164601 12.1773125268519 12.3964125358034 12.499687171774 12.4638279231731 12.0051881335676 12.6316492066253 12.5674611516297 12.6323663915973 12.7567979842424 12.9077654208522 13.2358775455505 13.378238762496 13.5155796846375
14.3984343851916 14.4314248939045 14.4048890499398 14.2693410902284 14.3589892117307 14.0305184945464 13.8691518758424 13.7436445057392 12.7897884929553 -9999 -9999 -9999 -9999 -9999 -9999 -9999 -9999 -9999 -9999 -9999 -9999 -9999 -9999 -9999 -9999 -9999 -9999 -9999 -9999 -9999 -9999 -9999 -9999 -9999 -9999 -9999 -9999 -9999 -9999 -9999 9.63072639073059 13.2095161519844 12.820268854266 11.8190786333289 12.1522110528313 12.0984221799299 12.578398222453 11.3353373697028 12.2052827407606 12.5882595158182 12.6829279321246 12.7173528107814 12.7076708136592 12.6370280939154 12.5864665533882 12.6327249840833 11.8552964744158 12.9429074844811 13.0648289297242 13.3040101178922 13.5618381153326 13.7310937687289
14.3145237434655 14.4020203100517 13.9585609356873 14.374050096143 14.2234412520193 13.7909787138924 13.7644428699277 13.599633763358 15.9299996439368 -9999 -9999 -9999 -9999 -9999 -9999 -9999 -9999 -9999 -9999 -9999 -9999 -9999 -9999 -9999 -9999 -9999 -9999 -9999 -9999 -9999 -9999 -9999 -9999 -9999 -9999 -9999 -9999 -9999 -9999 -9999 -9999 -9999 -9999 11.7532987775417 12.2103030355647 12.1844843765721 11.8359324801713 12.1665547522716 12.063280116301 12.1142002493143 12.7854853831232 12.8740577271674 12.6395382413175 12.578936111182 12.5667439666577 12.3774071340449 12.4419537815265 13.0278939036652 13.1993011119775 13.4191183059011 13.5973387714475 13.9283196360338
13.8698690608144 13.8279137399513 13.9451734828763 13.1534012737684 14.4099093447439 13.8282723324373 14.2671895353124 14.1682180091739 14.1251869108528 14.4199996776879 11.3099997472018 -9999 -9999 -9999 -9999 16.1899624452926 -9999 -9999 -9999 -9999 -9999 -9999 -9999 -9999 -9999 -9999 -9999 -9999 -9999 -9999 -9999 -9999 -9999 -9999 -9999 -9999 -9999 -9999 -9999 -9999 -9999 -9999 -9999 -9999 7.05694998589179 11.701818890404 12.3465681802481 12.3293557409197 12.1306955036707 11.8603167692199 12.142170463223 11.6365550579503 12.541642492637 12.3759727641009 12.341547885444 12.2024140008725 12.6848404253833 13.0397274557035 13.37608720758 13.6382183148526 14.1251869108528 14.09398936457
14.1701305024326 13.5076906499453 12.7948087877594 13.8992736446671 13.7622913150117 12.6162297297269 14.2506942809559 14.3195440382697 14.2994628590532 13.8526566214859 15.8449996458367 -9999 -9999 -9999 -9999 -9999 -9999 -9999 -9999 -9999 -9999 -9999 -9999 -9999 -9999 -9999 -9999 -9999 -9999 -9999 -9999 -9999 -9999 -9999 -9999 -9999 -9999 -9999 -9999 -9999 -9999 -9999 -9999 -9999 -9999 11.7899311855487 12.4347819318064 12.4319131919183 12.3279213709757 12.2253639199771 12.2655262784101 12.1199377290905 12.0367442723364 12.3272041860037 12.5947141805664 12.6176640996709 12.7198629581835 13.0852687014267 13.4603564417921 13.7859584190883 14.2094561450649 14.1710867490619
14.0294427170884 13.1196935800835 13.0472578979097 13.0343485684134 13.3843348347582 14.4479201482609 14.0018310956657 13.9390056921169 14.1165806911886 13.9501937776804 13.8080118569778 14.9883999971733 14.8453810544657 -9999 8.43874839229509 -9999 21.5728112985628 14.1478686144394 -9999 -9999 -9999 -9999 -9999 -9999 -9999 -9999 -9999 -9999 -9999 -9999 -9999 -9999 -9999 -9999 -9999 -9999 -9999 -9999 -9999 -9999 -9999 -9999 -9999 -9999 -9999 8.8399998024106 9.0699997972697 12.5151962967939 12.4433881514706 12.420438232366 12.502197319176 12.4943082844839 12.5301675330848 12.5509658972733 12.5559861920774 12.4419537815265 13.096026476007 13.2699438317213 13.4829477684107 13.6611682339571 14.4152882320341 14.3622165441047
9.78263190528378 14.3288674429059 14.1997741479427 13.7063508871943 13.2724539791234 13.0436719730496 12.97984251054 12.5932798106223 14.3138065584935 14.0893276622519 13.973860881757 13.6823251906317 14.359999679029 13.217230736278 13.3133335225284 13.1096529904753 13.2896664184518 8.68350638502435 -9999 -9999 -9999 -9999 -9999 -9999 -9999 -9999 -9999 -9999 -9999 -9999 -9999 -9999 -9999 -9999 -9999 -9999 -9999 -9999 -9999 -9999 -9999 -9999 -9999 -9999 -9999 -9999 -9999 -9999 12.3985640907194 12.5036316891201 12.4354991167784 12.858638250269 12.7539292443544 12.4785302150995 12.5832392210141 12.6234015794471 12.380275873933 13.6765877108555 13.8637729885522 13.7881099740043 14.5174870905466 13.0049439845607
14.5260933102109 13.175634007901 14.6451460155658 14.6286507612094 14.570558778476 14.0269325696863 12.5122379087843 12.6499374234118 14.2374263589736 14.1994155554567 13.7472304305993 14.0871761073358 13.7321695461869 13.9272438585758 13.8799096504226 13.5173726470675 16.2699996363372 10.2710019728348 -9999 -9999 -9999 -9999 -9999 -9999 -9999 -9999 -9999 -9999 -9999 -9999 -9999 -9999 -9999 -9999 -9999 -9999 -9999 -9999 -9999 -9999 -9999 -9999 -9999 -9999 -9999 -9999 -9999 -9999 12.6944028916769 13.018570499029 12.5430768625811 12.6162297297269 12.8313852213323 12.898800608702 12.697988816537 12.7661213888787 13.6780220807996 11.4773399941623 12.4448225214146 14.093630772084 14.4436170384288 14.6472975704819
13.5112765748054 13.3613849156536 14.0751273998059 14.4249702291563 14.2241584369913 14.4048890499398 9.55026397434995 14.0789284801576 11.0699789300561 14.2298959167674 13.972426511813 14.1517227548175 14.1445509050973 14.0613574483432 13.5801263321191 14.1493841081696 19.5480914286454 19.7249995591119 -9999 -9999 -9999 -9999 -9999 -9999 -9999 -9999 -9999 -9999 -9999 -9999 -9999 -9999 -9999 -9999 -9999 -9999 -9999 -9999 -9999 -9999 -9999 -9999 -9999 -9999 -9999 -9999 -9999 -9999 13.1713308980688 13.0408032331616 12.9977721348405 13.1347544644959 13.3549302509055 13.3240912971087 13.2287056958303 13.2502212449908 12.2447279142216 12.8378398860805 12.9289223775268 14.0961409194861 14.0454000827158 14.222293756064
12.9174474179745 14.5849024779163 14.6386913508177 14.0972166969441 14.8301797383465 14.1276970582549 14.2270271768793 14.6049836571328 14.09219640214 14.0412762691267 13.9860530262813 13.9516281476244 14.0807214425877 13.8239692226052 13.4156378494192 6.69999985024333 -9999 -9999 -9999 -9999 -9999 -9999 -9999 -9999 -9999 -9999 -9999 -9999 -9999 -9999 -9999 -9999 -9999 -9999 -9999 -9999 -9999 -9999 -9999 -9999 -9999 -9999 -9999 -9999 -9999 -9999 -9999 -9999 13.1799371177331 13.2624133895151 13.0207220539451 12.9282051925547 13.455336146988 13.3477584011853 13.2903836034238 12.3501541051082 12.6384624638595 12.9317911174148 13.7232047340367 14.2047944427468 14.0589190194383 14.1013763697818
14.7548753162846 14.6580553450622 14.9126560101286 14.332453367766 12.4806817700155 12.3200323362835 13.9222235637717 11.6552018672228 14.1531571247615 14.1696523791179 13.6597338640131 13.6697744536214 13.7866756040603 13.7285836213268 13.6328183338868 -9999 -9999 -9999 -9999 -9999 -9999 -9999 -9999 -9999 -9999 -9999 -9999 -9999 -9999 -9999 -9999 -9999 -9999 -9999 -9999 -9999 -9999 -9999 -9999 -9999 -9999 -9999 -9999 -9999 -9999 -9999 -9999 -9999 -9999 13.1648762333207 12.9461348168552 12.9934690250084 12.976973770652 13.3011413780041 13.2487868750468 13.0042267995887 12.6965544465929 12.4663380705751 13.3441724763252 14.1825617086142 14.3389080325142 14.1423993501812
14.7376628769562 14.8438062528148 14.9205450448208 14.9585558483377 14.4708700673655 14.8294625533745 14.1144291362725 13.9573656274006 13.0257423487492 14.530396420043 13.6009246963076 13.2502212449908 13.4029816440307 13.6446729796007 14.6788768442498 17.8514724192822 -9999 -9999 -9999 -9999 -9999 -9999 -9999 -9999 -9999 -9999 -9999 -9999 -9999 -9999 -9999 -9999 -9999 -9999 -9999 -9999 -9999 -9999 -9999 -9999 -9999 -9999 -9999 -9999 -9999 -9999 5.34275296067416 3.9712820770219 2.46499994490296 -9999 11.5949583295733 12.9805596955121 12.9497207417153 13.3405865514651 13.3068788577802 12.7818994582631 12.6750388974324 13.0271767186932 13.3032929329202 14.1502883848734 14.1015198067762 14.334604922682
14.9614245882258 14.9112216401845 14.8617358771153 14.7857142700814 14.8129672990181 14.3769188360311 14.5282448651269 13.5048219100572 12.0152287231758 14.411343714688 13.1419263142161 13.6496932744049 13.4230628232472 13.2896664184518 15.2742292961775 -9999 -9999 -9999 -9999 -9999 -9999 -9999 -9999 -9999 -9999 -9999 -9999 -9999 -9999 -9999 -9999 -9999 -9999 -9999 -9999 -9999 -9999 -9999 -9999 -9999 -9999 -9999 -9999 -9999 -9999 -9999 -9999 -9999 11.1832258523043 13.4402752625756 13.4051331989467 12.0972567543504 13.4001129041426 13.3190710023046 13.0006408747286 12.9203161578625 12.7639698339626 13.0630359672941 13.3291115919128 13.6927243727259 13.773766274564 13.9136173441075
14.6802880791947 14.7627643509768 14.7735221255571 14.8445234377868 14.7871486400254 14.9341715592891 14.7010864433832 14.0276497546583 14.4959715413861 14.5103152408265 11.9513992606662 13.5399639736861 13.3943754243664 13.8634143960662 -9999 -9999 -9999 -9999 -9999 -9999 -9999 -9999 -9999 -9999 -9999 -9999 -9999 -9999 -9999 -9999 -9999 -9999 -9999 -9999 -9999 -9999 -9999 -9999 -9999 -9999 -9999 -9999 -9999 -9999 -9999 -9999 -9999 -9999 -9999 -9999 13.4797204360366 13.375728615094 13.0099642793648 13.3326975167729 12.8672444699332 12.9439832619391 13.1648762333207 13.257393094711 13.4008300891146 13.4818719909526 13.8677175058983 13.9387188181281
14.9578386633657 14.7075411081314 14.691045853775 14.7530106353574 14.4475615557749 14.8968779407442 14.5999633623287 13.8361613671295 13.4983672453091 13.5449842684902 13.7249976964667 13.0451063429937 13.334849071689 13.3398693664931 9.93819776318474 -9999 -9999 -9999 -9999 -9999 -9999 -9999 -9999 -9999 -9999 -9999 -9999 -9999 -9999 -9999 -9999 -9999 -9999 -9999 -9999 -9999 -9999 -9999 -9999 -9999 -9999 -9999 -9999 -9999 -9999 -9999 -9999 -9999 -9999 -9999 -9999 -9999 11.7349997377023 12.7917607516283 13.1698965281248 13.2602618345991 13.2129276264459 13.2136448114179 13.1820886726491 13.6181371356361 13.4209112683311 13.7823724942282
