EcologicalScience/Bass/data/rs_data_bass/sst_292.asc
NCOLS 226 
NROWS 124 
XLLCORNER -9.41648524995501 
YLLCORNER 47.587301625531 
CELLSIZE 0.0833 
NODATA_value -9999 
[rows 54 to 80 of 124, columns 0 to 61 of 226]
-9999 -9999 -9999 -9999 -9999 -9999 -9999 -9999 -9999 -9999 -9999 -9999 -9999 -9999 -9999 -9999 -9999 -9999 -9999 -9999 -9999 -9999 -9999 -9999 -9999 -9999 -9999 -9999 -9999 -9999 -9999 -9999 -9999 -9999 -9999 -9999 -9999 -9999 13.8262552497035 9.37410541559802 9.69872126355767 9.32530695479363 9.49288917658851 9.01309243030846 7.15486616780981 9.00520339561626 9.193823043257 9.04966886388138 8.53592536225915 8.45321002881974 9.02528457483277 9.04823449393734 8.92798648029566 8.81682280963287 9.11493269633502 8.82447278266773 8.75490584038198 8.87850071722642 11.9875793551757 -9999 -9999 13.4068863177672
-9999 -9999 -9999 -9999 -9999 -9999 -9999 -9999 -9999 -9999 -9999 -9999 -9999 -9999 -9999 -9999 -9999 -9999 -9999 -9999 -9999 -9999 -9999 -9999 -9999 -9999 -9999 -9999 -9999 -9999 -9999 -9999 -9999 -9999 -9999 -9999 -9999 -9999 13.3749997010455 9.10827312159485 9.96742656640708 9.95308286696672 9.4649189626798 10.1039307727478 8.97006133198738 9.05970945348963 8.43504134286195 7.76949368882924 7.75514998938888 8.83809929713607 8.93993956316262 8.87850071722642 8.90384125290439 8.97890661330894 9.23972288146615 8.85076956497505 8.76336862305179 9.26797996936366 6.4264196795111 13.6649996945634 -9999 14.339999679476
-9999 -9999 -9999 -9999 -9999 -9999 -9999 -9999 -9999 -9999 -9999 -9999 -9999 -9999 -9999 -9999 -9999 -9999 -9999 -9999 -9999 -9999 -9999 -9999 -9999 -9999 -9999 -9999 -9999 -9999 -9999 -9999 -9999 -9999 -9999 -9999 -9999 -9999 -9999 10.5404573590495 9.93969541415572 9.55600145412609 9.96718750474975 8.99731436092407 8.835230557248 8.83236181735992 8.84527114685625 8.0427411631681 8.11517684534192 8.55098624667153 8.62509536044672 8.70542007731274 8.87921790219843 8.90933967102319 8.90001626638696 8.96384572889656 8.99564092932269 9.66644793981686 9.76075776363723 6.46443961440297 -9999 -9999
-9999 -9999 -9999 -9999 -9999 -9999 -9999 -9999 -9999 -9999 -9999 -9999 -9999 -9999 -9999 -9999 -9999 -9999 -9999 -9999 -9999 -9999 -9999 -9999 -9999 -9999 -9999 -9999 -9999 -9999 -9999 -9999 -9999 -9999 -9999 -9999 -9999 -9999 -9999 -9999 9.74533828673884 9.26841028034687 9.31000700872391 8.93420208338648 8.46516311168671 8.32244330225512 8.80343535682186 8.37838373007253 8.11230810545385 8.51034576492384 8.62294380553067 8.69681385764852 9.00424714898691 9.00687682721764 9.11230301810429 9.16728719929233 9.13788261543959 9.33988971589133 9.58970914781094 10.2244178480469 11.1716398998396 -9999
-9999 -9999 -9999 -9999 -9999 -9999 -9999 -9999 -9999 -9999 -9999 -9999 -9999 -9999 -9999 -9999 -9999 -9999 -9999 -9999 -9999 -9999 -9999 -9999 -9999 -9999 -9999 -9999 -9999 -9999 -9999 -9999 -9999 -9999 -9999 -9999 -9999 -9999 -9999 -9999 9.5086672459729 9.51368754077703 8.70470289234072 9.08767966739833 8.57489241240546 8.41065705381334 8.21056244662032 8.17255164310336 8.08792381640524 8.44723348738626 8.55552841816097 8.77642138954252 8.59497359162197 8.58995329681784 8.92272712383419 9.06975004309788 9.31000700872391 9.79984434461221 10.3850672817789 10.4252296402119 10.3685720274225 16.4699996318668
-9999 -9999 -9999 -9999 -9999 -9999 -9999 -9999 -9999 -9999 -9999 -9999 -9999 -9999 -9999 -9999 -9999 -9999 -9999 -9999 -9999 -9999 -9999 -9999 -9999 -9999 -9999 -9999 -9999 -9999 -9999 -9999 -9999 -9999 -9999 -9999 -9999 -9999 -9999 6.10499986354262 11.2514267279766 9.97985777258873 9.31502730352804 7.95954770641401 8.5605487129651 7.93229467747733 8.50532547011971 8.56772056268528 8.61935788067058 8.7039857073687 8.21629992639646 8.61577195581049 8.85889766132459 8.98225347651169 8.96360666723922 9.09485151711851 8.92057556891814 9.75466169137508 9.86223943717778 10.8902728670676 -9999 -9999
-9999 -9999 -9999 -9999 -9999 -9999 -9999 -9999 -9999 -9999 -9999 -9999 -9999 -9999 -9999 -9999 -9999 -9999 -9999 -9999 -9999 -9999 -9999 -9999 -9999 -9999 -9999 -9999 -9999 -9999 -9999 -9999 -9999 -9999 -9999 -9999 -9999 -9999 -9999 10.707800519187 9.98846399225295 9.49719228642061 9.51081880088896 9.55384989921004 9.04464856907725 8.93946143984795 7.45464948611334 8.92989897355437 8.70757163222879 8.39129305956885 8.42284919833764 8.61362040089443 9.02361114323139 8.86606951104477 9.03030486963689 8.96073792735115 9.18019652878866 14.1849996829405 8.31148523277276 10.2624286515638 11.0549180456437 10.6769615653902
-9999 -9999 -9999 -9999 -9999 -9999 -9999 -9999 -9999 -9999 -9999 -9999 -9999 -9999 -9999 -9999 -9999 -9999 -9999 -9999 -9999 -9999 -9999 -9999 -9999 -9999 -9999 -9999 -9999 -9999 -9999 -9999 -9999 -9999 -9999 -9999 -9999 -9999 -9999 9.4247566042468 9.3853114307858 9.53592027490959 8.88256476540118 9.04464856907725 8.21988585125655 8.96025980403647 8.38985868962482 8.82136498112231 8.65306557435542 8.56198308290914 7.46469007572159 7.57226782152429 8.84479302354157 8.34252448147163 8.96002074237913 9.10274055181071 9.0625781933777 9.57509650400607 10.6642152324785 10.3920000698417 10.0953245530836 10.7443769527599
-9999 -9999 -9999 -9999 -9999 -9999 -9999 -9999 -9999 -9999 -9999 -9999 -9999 -9999 -9999 -9999 -9999 -9999 -9999 -9999 -9999 -9999 -9999 -9999 -9999 -9999 -9999 -9999 -9999 -9999 -9999 -9999 -9999 -9999 -9999 -9999 -9999 -9999 13.9003865178996 9.96694844309241 9.36020995676517 9.28347116475925 9.27988523989916 9.05755789857358 6.84504225989804 8.59999388642609 6.25981932273135 8.47018340649083 8.50675984006375 8.4529709671624 8.81514937803149 8.88471632031724 8.7678151698783 8.6960966726765 8.88471632031724 8.92057556891814 8.97436444181949 8.84025085205212 10.149830610957 10.1663258653134 9.70015563350171 9.94901881879196
-9999 -9999 -9999 -9999 -9999 -9999 -9999 -9999 -9999 -9999 -9999 -9999 -9999 -9999 -9999 -9999 -9999 -9999 -9999 -9999 -9999 -9999 -9999 -9999 -9999 -9999 -9999 -9999 -9999 -9999 -9999 -9999 -9999 -9999 -9999 -9999 -9999 -9999 10.270317686256 10.0953245530836 10.0372325703502 9.12497328594327 8.88113039545715 8.71617785189301 8.7902869656682 8.70470289234072 8.71115755708888 8.69753104262054 8.6602374240756 8.57560959737748 8.6960966726765 8.44866785733029 8.72263251664117 8.81371500808746 8.72980436636135 8.88471632031724 9.05325478874147 9.11493269633502 9.05970945348963 9.74103517690673 9.78119753533974 10.0953245530836
-9999 -9999 -9999 -9999 -9999 -9999 -9999 -9999 -9999 -9999 -9999 -9999 -9999 -9999 -9999 -9999 -9999 -9999 -9999 -9999 -9999 -9999 -9999 -9999 -9999 -9999 -9999 -9999 -9999 -9999 -9999 -9999 -9999 -9999 -9999 -9999 -9999 15.6160681033982 9.4448377834633 9.38029113598168 9.90670490544289 8.87467573070899 8.78431042423472 8.67027801368386 8.76494642999023 8.75131991552189 8.71044037211686 8.64445935469121 8.60644855117425 8.65306557435542 8.64302498474717 8.56628619274125 8.88113039545715 8.8194524878636 8.80008849361911 8.78646197915077 8.7914822739549 8.93061615852639 9.08839685237035 9.42332223430276 10.0544450096786 10.2306334511377
-9999 -9999 -9999 -9999 -9999 -9999 -9999 -9999 -9999 -9999 -9999 -9999 -9999 -9999 -9999 -9999 -9999 -9999 -9999 -9999 -9999 -9999 -9999 -9999 -9999 -9999 -9999 -9999 -9999 -9999 -9999 -9999 -9999 -9999 -9999 -9999 -9999 10.0829274985673 9.6083559570834 9.17625201144256 9.29709767922759 8.93993956316262 8.9428083030507 8.83881648210809 8.73554184613749 8.68318734318018 8.68247015820816 8.70470289234072 8.61720632575452 8.55122530832887 8.60644855117425 8.69466230273247 8.73625903110951 8.74271369585767 8.73052155133337 8.65019683446735 8.59855951648206 9.66071046004072 9.1063264766708 9.86128319054842 9.62987150624394 10.1376384664327
-9999 -9999 -9999 -9999 -9999 -9999 -9999 -9999 -9999 -9999 -9999 -9999 -9999 -9999 -9999 -9999 -9999 -9999 -9999 -9999 -9999 -9999 -9999 -9999 -9999 -9999 -9999 -9999 -9999 -9999 -9999 -9999 -9999 -9999 -9999 7.23268608940042 10.7213373855338 9.98989836219698 9.53448590496555 9.38602861575782 9.2418744363822 9.10417492175475 9.14075135532767 8.67242956859991 8.69466230273247 8.65163120441139 8.73912777099758 8.66382334893569 8.60931729106233 8.52038635453209 8.57058930257335 8.62150943558663 8.66669208882377 8.67386393854395 8.84025085205212 8.78933071903884 8.9069490544498 9.88518935628235 9.96479688817635 9.65640735020861 9.5086672459729 10.1268806918524
-9999 -9999 -9999 -9999 -9999 -9999 -9999 -9999 -9999 -9999 -9999 -9999 -9999 -9999 -9999 -9999 -9999 -9999 -9999 -9999 -9999 -9999 -9999 -9999 -9999 -9999 -9999 -9999 -9999 -9999 -9999 -9999 -9999 -9999 -9999 16.0608179228314 10.1440931311809 10.0673543391749 9.65282142534852 9.15868097962812 8.97364725684747 8.81730093294755 8.4250007532537 8.6602374240756 8.75849176524207 8.75705739529803 8.77642138954252 8.66525771887973 8.46014281688258 8.52110353950411 8.57560959737748 8.63155002519488 8.6681264587678 8.82590715261176 8.86965543590486 8.96432385221124 9.12569047091529 9.45559555804357 9.41901912447065 9.37455365620553 9.58970914781094 10.109668252524
-9999 -9999 -9999 -9999 -9999 -9999 -9999 -9999 -9999 -9999 -9999 -9999 -9999 -9999 -9999 -9999 -9999 -9999 -9999 -9999 -9999 -9999 -9999 -9999 -9999 -9999 23.8449994670227 23.8449994670227 -9999 8.38445870865903 11.2058961964186 10.6487044774927 11.0470290109515 10.2191732484778 14.9103778931586 13.1239198486687 9.50508132111281 9.78908657003194 9.28705708961934 8.85746329138055 8.7993713086471 8.74701680568978 8.63011565525085 8.68247015820816 8.63513595005497 8.64445935469121 8.65808586915955 8.67744986340404 8.63370158011094 8.63585313502699 8.62509536044672 8.67171238362789 8.74343088082969 8.89762564981356 8.96790977707133 9.03030486963689 9.14146854029968 9.29566330928355 9.38387706084177 9.86008788226172 9.91483300179243 10.8944479081547
-9999 -9999 -9999 -9999 -9999 -9999 -9999 -9999 -9999 -9999 -9999 -9999 -9999 -9999 -9999 -9999 -9999 -9999 -9999 -9999 -9999 -9999 11.5803363195468 13.3179952248465 10.9523605946451 11.2982230474008 10.4912106576376 10.1299884933978 10.0233669942245 10.0049592466094 8.43599758949131 10.0730918189511 10.1015401561745 9.61911373166367 9.57106233853847 9.68150882422924 9.34012877754867 9.17589341895655 9.02887049969286 8.81012908322737 8.62581254541874 8.62150943558663 8.67888423334807 8.71402629697695 8.73339029122144 8.74558243574575 8.59353922167793 8.67816704837605 8.58565018698573 8.66167179401964 8.70613726228476 8.72048096172512 8.71689503686503 8.74916836060584 8.9270302336663 9.04464856907725 9.24330880632624 9.1299935807474 10.0334510495886 15.4099996555597 -9999 -9999
-9999 -9999 -9999 -9999 -9999 -9999 -9999 -9999 -9999 -9999 -9999 -9999 -9999 -9999 -9999 -9999 -9999 -9999 -9999 -9999 -9999 14.3991515701637 10.9182943084743 11.1101412884891 9.91638690256514 9.81454663653858 9.82494581863284 9.90562912798487 9.8353450007271 10.028626350686 8.79721975373104 9.64230271242559 9.16513564437628 9.65640735020861 9.53448590496555 9.41758475452662 9.17517623398453 8.96432385221124 8.84527114685625 8.81228063814342 8.83594774222001 8.77211827971041 8.73625903110951 8.7635120600462 8.79219945892692 8.81730093294755 8.66238897899166 8.82805870752782 8.76924953982234 8.77355264965445 8.76279487507418 8.79506819881499 8.91985838394612 9.07477033790201 9.33223974285647 14.7494285871728 15.1399996615946 -9999 -9999 -9999 -9999 -9999
-9999 -9999 -9999 -9999 -9999 -9999 -9999 -9999 -9999 -9999 -9999 -9999 -9999 -9999 -9999 -9999 -9999 6.88018432352692 12.8034150074236 12.9712362908758 12.4564278782345 10.734575424809 10.6083508697338 11.2083956296556 11.2801141268574 11.4931180635467 11.3353373697028 11.3001953060739 10.1866461061873 9.73027740232646 10.0467950366437 9.59472944261506 9.73242895724252 9.59114351775497 9.52731405524537 9.02528457483277 9.17445904901251 9.26123843062669 9.00807213550434 8.75275428546593 8.8194524878636 8.86678669601679 8.98297066148371 8.92774741863832 8.875392915681 8.58780174190179 8.83307900233194 8.88471632031724 8.91985838394612 8.96790977707133 9.34730062726885 10.8919576825574 13.4399996995926 -9999 -9999 -9999 -9999 -9999 -9999 -9999 -9999 -9999
-9999 -9999 -9999 -9999 -9999 -9999 -9999 -9999 -9999 -9999 -9999 -9999 -9999 -9999 -9999 -9999 -9999 10.6547288312577 10.7099520741031 11.1363185399678 10.5449995305389 10.6513819680549 11.1352427625097 11.267204797361 11.4522385201417 11.5942411446013 10.9401684501208 11.226325253956 11.1087069185451 9.33510848274454 9.39893794525415 9.42977689905092 10.1605883855373 9.69513533869758 8.86606951104477 8.88543350528926 8.76422924501821 8.99946591584012 9.12138736108318 9.15222631487995 9.37240210128948 8.94854578282684 9.06401256332174 8.83809929713607 8.78144168434665 8.5046082851477 8.83451337227598 9.01739554014057 8.99803154589608 11.0174288311973 11.0948413424194 14.0849996851757 -9999 -9999 -9999 -9999 -9999 -9999 -9999 -9999 -9999 -9999
-9999 -9999 -9999 -9999 -9999 -9999 -9999 -9999 -9999 -9999 -9999 -9999 -9999 12.81734888688 10.8368938141502 10.7794293682673 10.815617326647 10.6705069006421 10.4130374956876 10.5650807097554 10.5607775999233 10.9351481553167 11.1416974272579 11.1438489821739 11.1130100283772 11.2033753348514 9.96479688817635 10.707800519187 10.8734702477232 10.6518600913696 10.2731864261441 10.506988727022 10.0035248766653 10.270317686256 10.2882473105565 8.90121157467365 8.90408031456172 9.74103517690673 9.70732748322189 9.78478346019983 9.8751487666741 9.79195530992001 9.40754416491836 9.33223974285647 8.79004790401086 8.73482466116548 8.73625903110951 8.89188817003742 9.12569047091529 9.39750357531011 9.6958525236696 9.86161190032726 15.954999643378 -9999 -9999 -9999 -9999 -9999 -9999 22.873419445028 -9999 -9999
-9999 -9999 -9999 -9999 -9999 -9999 -9999 -9999 -9999 -9999 18.9377684450746 10.5621402513701 10.3229590632021 10.8214743372519 10.66620379081 9.831400483381 10.2050538538024 10.6482741665095 10.7508316175081 10.8232672996819 10.8691671378911 10.8390453690663 10.9258247506805 10.8842280223034 10.9272591206245 11.0900601092726 9.88518935628235 10.3377330736257 10.7766502765007 10.7006286694668 10.6511429063976 10.8426312939264 10.8096407852136 10.6002227733843 10.3556626979262 10.2552568018436 9.91459394013509 10.1383556514047 10.0738090039231 10.0042420616373 9.90885646035895 9.54811241943389 9.49217199161649 9.1859340085648 8.82949307747185 8.7635120600462 8.80080567859113 8.99946591584012 9.19597459817305 9.2375713265501 10.1904493598267 15.4573430550226 7.33123608673141 -9999 -9999 -9999 17.400599950915 10.2906379271299 10.0051385428524 10.7575936472443 10.7311090307776 17.7899996023625
-9999 -9999 -9999 -9999 -9999 -9999 -9999 20.6400977672198 12.0082775457547 9.99993895180523 10.1333353566006 10.2997222701088 10.6525772763416 10.2107913335785 10.1821039346978 9.95834222342819 10.8433484788984 11.0018463577144 10.8132267100736 10.8153782649897 10.8727530627511 10.7988830106333 10.9523605946451 10.9021576466039 10.7807143246755 11.1789910458028 10.0895870733075 10.2760551660322 10.1261635068804 10.7537003573962 10.7580034672283 10.8017517505214 10.7615893920884 10.4897762876935 10.3362987036817 10.2423474723473 10.2179631832987 10.231589697767 10.1060823276639 10.0250404258259 9.88232061639428 9.70159000344574 9.24761191615835 9.01954709505662 8.93850519321859 8.9707785169594 9.05253760376945 9.05970945348963 9.08839685237035 9.14362009521574 9.16513564437628 9.34228033246472 12.5019005529807 8.78803082127706 9.74964139657095 9.83032470592298 9.52874842518941 10.0275505732279 9.77187413070351 9.99993895180523 9.63317055711523 17.9475621394097
-9999 -9999 -9999 -9999 -9999 10.5451788267819 10.1046479577199 11.0233619068749 10.6342890595552 10.0372325703502 10.3553041054402 10.390446169069 10.5657978947274 10.428815565072 10.7321848082356 10.9394512651488 11.0714133000001 10.8347422592342 9.98487806739286 10.905026386492 10.7845393111929 10.1390728363767 11.5301726204343 9.74031799193472 10.3255409291014 10.18999296939 9.9748374777846 10.3628345476463 10.9243903807364 10.6798303052783 10.7831049412489 10.7744987215847 10.8426312939264 10.4826044379734 10.3664204725064 10.269600501284 10.2444990272634 10.269600501284 10.2050538538024 10.1197088421322 10.1218603970483 9.70087281847373 9.88447217131034 9.95260474365205 9.41184727475047 9.44196904357523 9.30570389889181 9.34443188738078 9.36164432670921 9.3573412168771 8.94424267299473 9.11062958650291 9.25693532079458 9.19167148834094 9.38244269089773 9.62843713629991 9.66537216235884 9.63525039353408 9.81490522902459 9.69513533869758 9.70230718841776 9.36020995676517
-9999 -9999 -9999 -9999 -9999 10.6411023167893 10.2050538538024 10.3527939580381 11.0434430860914 11.1130100283772 11.024796276819 11.1302224677056 10.8921170569956 10.6174352127127 11.3532669940032 11.3109530806541 11.1624957914464 10.4589373338968 10.4653919986449 10.4869075478055 10.5399792357348 10.1053651426919 10.2954191602767 10.5335245709866 10.3470564782619 10.5550401201472 10.2057710387744 10.1347697265446 10.5600604149513 10.6066774381325 10.6367992069572 10.6913052648306 10.7192754787393 10.6898708948866 10.5406964207068 10.5048371721059 10.4524826691486 10.4338358598761 10.1591540155932 9.97412029281259 9.98057495756075 9.9547562985681 9.51942502055317 9.57393107842654 9.49934384133667 9.57464826339856 9.4527268181555 9.3214819682762 9.31072419369593 9.34371470240876 9.03245642455295 9.21820733230561 9.18521682359278 9.32721944805235 9.54380930960178 9.53341012750752 9.41328164469451 9.30498671391979 9.08265937259421 8.85638751392253 9.22932369937189 9.13357950560749
-9999 -9999 -9999 -9999 -9999 10.6167180277407 11.1137272133492 11.3001953060739 11.2313455487601 11.1381115023978 11.1933347452432 10.5937681086361 10.9172185310163 10.74796287762 10.9559465195052 10.7529831724241 10.2645802064799 10.4216437153518 10.3513595880941 10.2868129406124 10.6812646752223 10.3169347094372 10.4202093454078 10.468260738533 10.4424420795403 10.4331186749041 10.4151890506037 10.5163121316582 10.668355345726 10.5765556693077 10.627475802321 10.6877193399705 10.6532944613136 10.6446882416494 10.5830103340559 10.5693838195875 10.467543553561 10.4022797211073 10.2430646573193 10.1598712005652 10.2093569636345 10.1691946052015 9.79123812494799 9.18521682359278 9.37096773134544 9.37025054637343 9.43551437882707 9.41113008977845 9.37670521112159 9.33654285268858 9.40826134989038 9.31431011855602 9.22824792191386 9.25621813582256 9.39176609553397 9.58253729809076 8.75777458027005 8.92846460361034 8.94137393310666 9.35590684693307 9.36272010416724 8.92989897355437
-9999 -9999 -9999 -9999 -9999 11.265770427417 11.1983550400473 11.3095187107101 11.2750938320532 11.226325253956 11.1201818780974 10.6898708948866 10.946623114869 10.9423200050369 10.9545121495612 10.5392620507628 10.5256355362944 10.2158116283827 10.6540116462857 9.7596819861792 11.0075838374905 10.4388561546803 10.5536057502031 10.5371104958467 10.4194921604358 10.4209265303798 10.7235785885714 10.6367992069572 10.428815565072 10.5779900392517 10.4912106576376 10.5801415941678 10.4603717038408 10.4775841431692 10.4962309524417 10.4194921604358 10.2846613856964 10.4187749754637 10.4919278426096 10.3190862643532 10.4044312760234 10.4388561546803 10.0544450096786 10.0551621946506 9.80629900936037 9.92033141991124 9.64995268546045 10.0816980386153 10.0078279864974 9.62269965652376 9.50149539625272 8.97723318170756 9.12784202583134 9.1221045460552 9.40467542503029 8.59282203670591 9.2497634710744 9.12640765588731 8.30021056812257 9.59150211024098 9.59365366515703 9.50543991359882
-9999 -9999 -9999 -9999 -9999 11.1761223059148 11.0850398144685 10.9889370282181 10.7680440568365 10.6497085364535 10.6877193399705 11.0599383404478 11.0957975890487 10.8978545367718 10.7601550221443 10.3979766112752 10.7372051030397 10.6927396347746 10.6984771145508 10.4438764494844 10.6432538717054 10.5371104958467 10.5629291548394 10.5414136056788 10.4725638483651 10.4058656459674 10.4718466633931 10.4488967442885 10.4783013281412 10.4625232587568 10.4402905246243 10.5019684322178 10.5514541952871 10.550019825343 10.5148777617142 10.3929563164711 10.3757438771427 10.3463392932899 10.4840388079174 10.549302640371 10.3986937962472 10.4854731778614 10.5995055884123 10.0738090039231 10.3994109812193 10.0458387900144 10.390087576583 10.589464998804 10.429532750044 9.70087281847373 9.58468885300681 9.45200963318348 9.32506789313629 9.32435070816427 9.3652302515693 8.99014251120389 9.18378245364875 9.4527268181555 9.56245611887425 9.58253729809076 9.98200932750478 9.78801079257391
