EcologicalScience/Bass/data/rs_data_bass/sst_478.asc
NCOLS 226 
NROWS 124 
XLLCORNER -9.41648524995501 
YLLCORNER 47.587301625531 
CELLSIZE 0.0833 
NODATA_value -9999 
[rows 54 to 80 of 124, columns 0 to 61 of 226]
-9999 -9999 -9999 -9999 -9999 -9999 -9999 -9999 -9999 -9999 -9999 -9999 -9999 -9999 -9999 -9999 -9999 -9999 -9999 -9999 -9999 -9999 -9999 -9999 -9999 -9999 -9999 -9999 -9999 -9999 -9999 -9999 -9999 -9999 -9999 -9999 -9999 -9999 13.3011413780041 11.1922589677852 10.9125568286981 10.8085650077555 10.2954191602767 9.98487806739286 9.88070695020724 9.96533477690537 10.7386394729838 10.2810754608363 10.5041199871339 9.23972288146615 10.149830610957 10.2584841342177 10.4388561546803 9.99922176683322 9.56245611887425 10.0196615385357 9.60548721719533 10.1580782381352 11.422936391285 15.1399996615946 -9999 15.7996345242718
-9999 -9999 -9999 -9999 -9999 -9999 -9999 -9999 -9999 -9999 -9999 -9999 -9999 -9999 -9999 -9999 -9999 -9999 -9999 -9999 -9999 -9999 -9999 -9999 -9999 -9999 -9999 -9999 -9999 -9999 -9999 -9999 -9999 -9999 -9999 -9999 -9999 -9999 15.4899996537715 10.7511902099941 10.7162274426082 10.191068746848 10.3720145152882 9.9307306020055 10.1609469780233 10.4159062355757 10.1630985329393 10.2459333972074 10.5130847992841 10.3581728453282 9.82781455852091 9.27988523989916 9.24474317627028 10.2728278336581 10.228720957879 10.2785653134342 10.4187749754637 10.2872227605964 -9999 13.6649996945634 -9999 16.7249996261671
-9999 -9999 -9999 -9999 -9999 -9999 -9999 -9999 -9999 -9999 -9999 -9999 -9999 -9999 -9999 -9999 -9999 -9999 -9999 -9999 -9999 -9999 -9999 -9999 -9999 -9999 -9999 -9999 -9999 -9999 -9999 -9999 -9999 -9999 -9999 -9999 -9999 -9999 -9999 11.6677714775218 10.4359874147922 10.4049691647524 10.3009773438098 9.64995268546045 10.1442724274239 10.149830610957 9.35016936715692 10.148037648527 10.108951067552 10.0992690704297 9.60979032702744 9.69011504389346 9.40467542503029 10.351000995608 10.2480849521235 10.1258049143944 10.3936735014431 10.5109332443681 11.3609511187034 15.6999996490777 -9999 -9999
-9999 -9999 -9999 -9999 -9999 -9999 -9999 -9999 -9999 -9999 -9999 -9999 -9999 -9999 -9999 -9999 -9999 -9999 -9999 -9999 -9999 -9999 -9999 -9999 -9999 -9999 -9999 -9999 -9999 -9999 -9999 -9999 -9999 -9999 -9999 -9999 -9999 -9999 -9999 -9999 10.1598712005652 10.0786858617328 10.085857711453 10.148575537256 9.85237814381253 10.0280884619569 9.39033172558993 9.49719228642061 10.0153584287036 10.19178593182 10.347773663234 9.98344369744882 10.3843500968069 9.5603045639582 10.1247291369364 10.228720957879 10.6246070624329 10.9010818691459 10.7813119788188 10.6977599295788 11.6057161041535 -9999
-9999 -9999 -9999 -9999 -9999 -9999 -9999 -9999 -9999 -9999 -9999 -9999 -9999 -9999 -9999 -9999 -9999 -9999 -9999 -9999 -9999 -9999 -9999 -9999 -9999 -9999 -9999 -9999 -9999 -9999 -9999 -9999 -9999 -9999 -9999 -9999 -9999 -9999 -9999 -9999 10.1170193984872 10.3395260360558 9.74964139657095 9.61983091663569 9.35214162582997 9.62987150624394 9.60477003222331 9.58540603797883 9.40969571983442 9.21964170224965 9.60620440216735 9.7317117722705 9.60763877211139 9.82494581863284 10.6328546896111 10.9258247506805 10.7644581319764 10.7178411087953 11.0703375225421 11.1252021729015 11.2984023436438 16.0049996422604
-9999 -9999 -9999 -9999 -9999 -9999 -9999 -9999 -9999 -9999 -9999 -9999 -9999 -9999 -9999 -9999 -9999 -9999 -9999 -9999 -9999 -9999 -9999 -9999 -9999 -9999 -9999 -9999 -9999 -9999 -9999 -9999 -9999 -9999 -9999 -9999 -9999 -9999 -9999 7.42999983392656 12.5626591305127 10.3282303727465 10.2839442007244 10.1225775820203 10.1577196456492 9.99133273214102 9.81275367410854 9.8034302694723 9.73099458729848 9.71449933294207 9.71808525780216 9.70589311327785 9.75609606131911 9.81777396891266 10.308328489773 10.8573335858528 10.4998168773018 10.8544648459647 10.7011067927815 11.9602697063728 -9999 -9999
-9999 -9999 -9999 -9999 -9999 -9999 -9999 -9999 -9999 -9999 -9999 -9999 -9999 -9999 -9999 -9999 -9999 -9999 -9999 -9999 -9999 -9999 -9999 -9999 -9999 -9999 -9999 -9999 -9999 -9999 -9999 -9999 -9999 -9999 -9999 -9999 -9999 -9999 -9999 14.3016144139692 10.868987841648 10.7253715510014 10.6095461780205 10.5134433917701 9.87873469153419 9.93180637946352 9.89020965108648 9.87801750656217 9.50723287602887 9.63058869121596 9.67075104964897 9.66071046004072 10.2244178480469 9.77043976075947 9.7876522000879 10.5521713802591 10.7038560018409 14.649999672547 9.79029681967222 12.2752082755323 12.0575426365249 11.8563722518738
-9999 -9999 -9999 -9999 -9999 -9999 -9999 -9999 -9999 -9999 -9999 -9999 -9999 -9999 -9999 -9999 -9999 -9999 -9999 -9999 -9999 -9999 -9999 -9999 -9999 -9999 -9999 -9999 -9999 -9999 -9999 -9999 -9999 -9999 -9999 -9999 -9999 -9999 -9999 10.4480002630735 10.2201147382148 10.3334299637936 10.2617114665918 10.3190862643532 9.90527053549886 9.85076447762549 9.81275367410854 9.31950970960315 9.62843713629991 9.61122469697148 9.57034515356645 9.58612322295085 10.2452162122354 9.28490553470328 10.3818399494048 10.508423096966 10.708159111673 11.2370830285363 11.4744712542742 11.8011490090284 11.3747825431637 11.7735373876058
-9999 -9999 -9999 -9999 -9999 -9999 -9999 -9999 -9999 -9999 -9999 -9999 -9999 -9999 -9999 -9999 -9999 -9999 -9999 -9999 -9999 -9999 -9999 -9999 -9999 -9999 -9999 -9999 -9999 -9999 -9999 -9999 -9999 -9999 -9999 -9999 -9999 -9999 11.4791962376193 11.0800195196643 10.4775841431692 10.308328489773 10.2337412526831 10.18999296939 10.2434232498053 9.79123812494799 9.65784172015265 9.70015563350171 9.67864008434117 9.73816643701866 11.4168573948555 9.97125155292451 9.80486463941634 10.5532471577171 10.1376384664327 10.8429898864124 11.0133213172667 11.1958448926453 10.8648640280589 11.8556550669018 11.4450666704215 11.4493697802536
-9999 -9999 -9999 -9999 -9999 -9999 -9999 -9999 -9999 -9999 -9999 -9999 -9999 -9999 -9999 -9999 -9999 -9999 -9999 -9999 -9999 -9999 -9999 -9999 -9999 -9999 -9999 -9999 -9999 -9999 -9999 -9999 -9999 -9999 -9999 -9999 -9999 -9999 10.4597441669903 11.0843226294965 10.2066675199894 10.3660618800204 10.15180286963 9.86618395452388 9.87371439673007 9.83785514812917 9.8392895180732 9.83355203829706 9.831400483381 9.80056152958423 9.91029083030298 10.028626350686 10.0867183334194 10.2072054087184 10.1326181716286 10.1247291369364 10.2201147382148 10.5141605767421 10.6891537099145 11.1352427625097 11.3647419535555 11.5390179017559
-9999 -9999 -9999 -9999 -9999 -9999 -9999 -9999 -9999 -9999 -9999 -9999 -9999 -9999 -9999 -9999 -9999 -9999 -9999 -9999 -9999 -9999 -9999 -9999 -9999 -9999 -9999 -9999 -9999 -9999 -9999 -9999 -9999 -9999 -9999 -9999 -9999 12.0550136158341 11.104762401199 10.5285042761825 10.5372897920897 10.109488956281 10.4241538627539 10.389191095368 10.2475470633944 9.59114351775497 9.89594713086262 9.69226659880951 8.78861353406683 9.80845056427643 9.6521042403765 9.97340310784057 9.97698903270066 10.1570024606772 10.2029022988863 10.3441877383739 10.388653206639 10.5779900392517 10.6396679468453 10.945188744925 11.1639301613905 10.906460756436
-9999 -9999 -9999 -9999 -9999 -9999 -9999 -9999 -9999 -9999 -9999 -9999 -9999 -9999 -9999 -9999 -9999 -9999 -9999 -9999 -9999 -9999 -9999 -9999 -9999 -9999 -9999 -9999 -9999 -9999 -9999 -9999 -9999 -9999 -9999 -9999 -9999 11.3190214115893 10.8628917693859 10.7666096868925 10.6111598442076 10.3047425649129 9.07979063270614 9.06903285812587 8.8553117364645 8.89260535500944 9.88590654125437 9.83355203829706 9.73386332718655 9.76972257578745 9.77330850064754 9.63345743110403 10.0788292987272 10.2172459983267 10.4087343858555 10.4775841431692 10.5980712184682 10.7049317792989 10.8490859586746 10.8605609182268 11.2162846643478 11.4594103698619
-9999 -9999 -9999 -9999 -9999 -9999 -9999 -9999 -9999 -9999 -9999 -9999 -9999 -9999 -9999 -9999 -9999 -9999 -9999 -9999 -9999 -9999 -9999 -9999 -9999 -9999 -9999 -9999 -9999 -9999 -9999 -9999 -9999 -9999 -9999 8.65091401943937 11.4988043158249 11.1547860529972 10.2644009102369 10.5130847992841 10.510036763153 10.4865489553194 9.45487837307155 9.1859340085648 9.27056183526292 9.4168675695546 9.65138705540448 9.52372813038528 9.35805840184912 9.79195530992001 9.43264563893899 9.89666431583464 9.97770621767268 10.0157170211896 10.3556626979262 10.5055543570779 10.5765556693077 10.8110751551576 10.868449952919 10.7909939759411 11.7175969597884 11.5203710924834
-9999 -9999 -9999 -9999 -9999 -9999 -9999 -9999 -9999 -9999 -9999 -9999 -9999 -9999 -9999 -9999 -9999 -9999 -9999 -9999 -9999 -9999 -9999 -9999 -9999 -9999 -9999 -9999 -9999 -9999 -9999 18.2438147009279 -9999 -9999 -9999 11.4751884392463 11.1201818780974 11.0061494675465 10.9516434096731 9.97196873789653 9.92033141991124 9.99276710208505 10.2249557367759 9.98846399225295 10.1541337207891 10.0479903449304 9.75753043126315 9.76972257578745 9.91387675516307 9.84287544293329 9.94041259912774 10.0401013102382 10.1397900213487 10.0652027842589 9.8192083388567 10.1663258653134 10.468977923505 10.7049317792989 10.9315622304566 10.9781792536378 9.91244238521904 11.3941465374082
-9999 -9999 -9999 -9999 -9999 -9999 -9999 -9999 -9999 -9999 -9999 -9999 -9999 -9999 -9999 -9999 -9999 -9999 -9999 -9999 -9999 -9999 -9999 -9999 -9999 -9999 -9999 -9999 -9999 15.2233830398569 7.28185368562117 10.9000060916878 11.3566736226203 7.0985981369805 10.7902767909691 9.32628159078125 11.0000533952843 10.7511902099941 7.71140170609578 7.78025146340951 9.72597429249436 9.90455335052684 9.90240179561079 9.23111666180193 9.74820702662691 10.2373271775432 10.1828211196698 10.1577196456492 10.1469618710689 10.2323068827391 10.2495193220675 10.1024964028038 10.1993163740262 10.5822931490839 10.588747813832 10.5112918368541 10.5952024785802 10.5536057502031 10.1950132641941 10.2889644955285 11.7136524424423 12.5312433105428
-9999 -9999 -9999 -9999 -9999 -9999 -9999 -9999 -9999 -9999 -9999 -9999 -9999 -9999 -9999 -9999 -9999 -9999 -9999 -9999 -9999 -9999 14.0434543864491 11.64143191576 11.9087267548312 11.8923032189719 11.8349284212105 11.6585009180941 9.30104219657369 10.2649387989659 9.85865351231769 10.6346476520412 10.6647694208659 10.7590792446863 10.5650807097554 9.40467542503029 9.89738150080666 9.82996611343697 6.05972471553832 9.30068360408768 9.56317330384627 9.4448377834633 8.4888302157633 9.24115725141019 9.32076478330418 10.2115085185505 10.2516708769836 10.2021851139143 10.2014679289423 10.2150944434106 10.2846613856964 10.2925504203886 10.4539170390926 10.430249935016 10.6188695826568 10.6705069006421 10.8139438950457 10.8404797390103 10.4073000159115 13.9349996885285 -9999 -9999
-9999 -9999 -9999 -9999 -9999 -9999 -9999 -9999 -9999 -9999 -9999 -9999 -9999 -9999 -9999 -9999 -9999 -9999 -9999 -9999 -9999 15.4677047015213 10.6506306314176 11.980445252033 12.0173802780919 11.6671071377583 11.2109057770576 11.2173604418058 11.7527390234172 10.6070360306185 11.5684224856086 11.4680165895261 10.8576921783388 10.2409131024033 10.6303445422091 10.3768196546007 9.88662372622639 9.97806481015868 10.3226721892133 9.54022338474169 9.40324105508626 7.57800530130044 8.00329598970711 9.95117037370801 8.61290321592242 9.82996611343697 10.268883316312 10.2860957556404 10.1211432120763 10.3047425649129 10.307611304801 10.3843500968069 10.2753379810601 10.3535111430101 10.4324014899321 10.6303445422091 15.9299996439368 -9999 -9999 -9999 -9999 -9999
-9999 -9999 -9999 -9999 -9999 -9999 -9999 -9999 -9999 -9999 -9999 -9999 -9999 -9999 -9999 -9999 -9999 6.88018432352692 16.800645448966 12.4251511621821 11.6311761706602 11.9938924702583 10.6575975711457 11.1395458723418 9.97364216949791 10.6855677850544 11.4027527570724 10.9100466812961 10.8165735732764 11.5547959711403 11.4737540693022 11.3747825431637 11.424268306233 11.5727255954407 11.2428205083124 10.1813867497258 10.706724741729 10.3965422413312 10.7329019932076 10.7924283458851 10.907177941408 10.6654866058379 9.53520308993757 10.0759605588391 10.0773949287832 10.3857844667509 10.3807641719468 10.2803582758643 10.2502365070395 10.3018738250248 10.1713461601175 10.3972594263032 14.4499996770173 -9999 -9999 -9999 -9999 -9999 -9999 -9999 -9999 -9999
-9999 -9999 -9999 -9999 -9999 -9999 -9999 -9999 -9999 -9999 -9999 -9999 -9999 -9999 -9999 -9999 -9999 12.3346150973812 11.5606768879108 11.4398670793744 11.3774719868088 12.0697347810492 10.5848032964859 11.0323267190251 11.0807367046364 11.0929288491607 10.8203985597938 10.9157841610722 11.3679692859296 11.7168797748163 11.5727255954407 11.5999786243774 11.4601275548339 10.9749519212637 11.7677999078296 10.4406491171103 10.788842421025 10.7529831724241 10.945905929897 10.8598437332548 11.1503036469221 10.3348643337376 10.4926450275816 10.3068941198289 10.3018738250248 10.3456221083179 10.1756492699496 10.3140659695491 10.2739036111161 10.3398846285418 10.985351103358 15.8899996448308 -9999 -9999 -9999 -9999 -9999 -9999 -9999 -9999 -9999 -9999
-9999 -9999 -9999 -9999 -9999 -9999 -9999 -9999 -9999 -9999 -9999 -9999 -9999 14.1106190911087 11.3031665009579 10.0503211960895 10.0748847813811 11.7230475655757 10.8985717217438 11.0879085543565 11.9349040063098 11.3765755055938 10.6578366328031 11.147076314548 11.2590767010115 10.865222620545 11.8072450812906 10.7816705713049 11.4049043119885 11.5383007167839 10.7902767909691 10.5622119698673 10.8182470048778 11.3869746876881 11.6552018672228 10.2620700590778 9.78980375500396 10.7895596059971 10.9308450454846 10.9096880888101 11.0635242653079 10.6640522358939 10.4646748136729 10.390087576583 10.3664204725064 10.4116031257436 10.3119144146331 10.4058656459674 10.2803582758643 10.4575029639527 10.7293160683475 11.4906079161447 14.5399996750057 -9999 -9999 -9999 -9999 -9999 -9999 23.6515548941679 -9999 -9999
-9999 -9999 -9999 -9999 -9999 -9999 -9999 -9999 -9999 -9999 -9999 13.7624347520061 10.0815546016209 11.1718191960827 9.03317360952497 8.90013579721563 9.22251044213772 11.6833155181259 11.0957975890487 11.4551072600298 10.8514765752479 10.6360820219852 10.2201147382148 11.0587430321611 11.8162098934408 11.2779625719413 10.7931455308571 10.9136326061562 10.7551347273402 11.1797082307748 10.5536057502031 10.3574556603562 10.9272591206245 10.309762859717 10.2452162122354 11.5347147919238 9.74031799193472 9.70876185316592 11.305215600878 11.0455946410075 11.1302224677056 10.8304391494021 10.389370391611 10.4589373338968 10.3513595880941 10.3979766112752 10.4087343858555 10.3212378192693 10.388653206639 10.2896816805005 10.6335718745831 12.3185531422787 10.1802711286582 -9999 -9999 -9999 13.602696565062 12.7114360347623 12.6122852123808 12.6000930678565 14.7751955571584 17.7899996023625
-9999 -9999 -9999 -9999 -9999 -9999 -9999 19.9769407297605 12.0061102285316 10.9487746697851 10.8153782649897 10.5562951938482 10.3002601588378 10.827749705757 9.78783149633091 9.8192083388567 9.61086610448547 9.4208120869007 9.93359934189357 10.2764137585182 10.3284096689895 10.231231105281 10.1139713623561 10.2150944434106 11.5347147919238 11.5648365607485 11.422833936289 11.5598162659444 11.2621845025569 11.4572588149458 10.7379222880118 11.5153507976793 11.5153507976793 10.3348643337376 9.8751487666741 10.7354121406097 10.3248237441294 11.2550126528367 11.2349314736202 9.97985777258873 10.9408856350929 11.3525498090312 10.7952970857732 10.3621173626743 10.5005340622738 10.6568803861737 10.6195867676288 10.5657978947274 10.5693838195875 10.6081118080765 10.7257301434875 10.6590319410898 10.5751212993637 12.7575775331251 10.7372051030397 10.9165013460442 11.2234565140679 11.2618259100709 11.0749992248602 11.0900601092726 11.9969405063894 14.6892959224433
-9999 -9999 -9999 -9999 -9999 9.53496402828023 9.53496402828023 9.52755311690271 10.6482741665095 12.2154667673632 12.498969986802 11.1108584734611 10.865760509274 10.6332132820971 10.8971373517998 10.7852564961649 10.0006561367773 9.63094728370197 9.72346414509229 10.1060823276639 10.2778481284622 10.4230780852959 10.227645180421 10.070223079063 11.4802087340504 11.4823602889664 11.4873805837706 11.505310208071 11.3647419535555 10.7504730250221 10.8810006899294 10.7612307996023 10.6364406144712 10.18999296939 10.1727805300616 10.1648914953694 9.96121096331626 10.6253242474049 11.3934293524362 10.6023743283004 11.3496810691431 11.1696676411666 10.7544175423682 10.626758617349 10.546433900483 10.5349589409307 10.7293160683475 10.6604663110338 10.6547288312577 10.7207098486833 10.6095461780205 10.7264473284595 10.8024689354934 10.7572862822562 10.866298398003 11.1632129764184 11.2026581498794 10.9788964386098 10.9552293345332 10.9494918547571 10.8297219644301 10.66978971567
-9999 -9999 -9999 -9999 -9999 9.89953305572271 9.97770621767268 10.9537949645892 10.8031861204654 11.0348368664272 11.1886730429251 9.90096742566675 10.8792077274993 11.2686391673051 10.9243903807364 10.6547288312577 10.905743571464 10.149472018471 10.3040253799409 10.1985991890542 10.109668252524 10.4245124552399 10.4575029639527 10.9498504472431 10.6149250653107 10.2552568018436 10.9939573230222 10.7680440568365 10.668713938212 11.4601275548339 10.7587206522003 10.6073946231045 10.6375163919292 10.8720358777791 10.2272865879349 10.1526993508451 10.8376109991223 10.7601550221443 11.5748771503568 11.5698568555526 11.3647419535555 11.3798028379679 11.0764335948043 10.9688558490016 11.0692617450841 10.9717245888896 10.708517704159 10.5514541952871 10.5507370103151 10.6805474902503 10.8024689354934 10.7407910278998 10.5313730160706 10.4761497732252 10.4388561546803 10.8756218026392 10.9731589588337 11.0083010224625 11.1818597856909 11.066393005196 11.7717444251757 11.9546265930403
-9999 -9999 -9999 -9999 -9999 10.788842421025 10.3065355273429 9.46635333262384 10.7587206522003 11.0836054445244 11.2392345834523 9.86463005375117 9.9945600645151 11.5397350867279 10.0809808536433 10.2373271775432 10.3208792267833 10.3689306199085 10.4653919986449 10.5840861115139 11.5347147919238 10.9498504472431 10.5955610710662 10.7924283458851 10.6601077185478 11.3919949824922 10.8139438950457 11.5246742023155 10.9007232766598 11.4099246067926 10.9035920165479 10.5306558310986 10.6654866058379 10.8555406234227 10.7895596059971 10.1405072063208 10.4417248945683 10.8347422592342 10.7723471666686 11.3719138032757 11.3410748494789 11.306649970822 10.7257301434875 11.065675820224 11.0965147740208 10.6353648370132 11.3790856529959 11.0068666525185 10.8691671378911 10.9337137853727 10.628192987293 10.707800519187 10.1168401022442 10.4711294784211 10.946623114869 10.6805474902503 10.907177941408 10.8311563343741 10.6174352127127 10.1749320849776 10.311197229661 10.4029969060794
-9999 -9999 -9999 -9999 -9999 10.2756965735462 10.2907574579585 11.1130100283772 11.0628070803359 11.0448774560355 11.2987609361298 10.8698843228631 11.1535309792962 11.1151615832932 11.4314401559532 10.4359874147922 10.4453108194284 10.2344584376551 10.7750366103137 10.3728751372546 10.9193700859323 10.7156895538792 10.6812646752223 10.7192754787393 10.5249183513224 10.9279763055965 10.8946272043977 10.7723471666686 10.8472929962445 11.5232398323715 11.5397350867279 10.7795190163888 10.6719412705861 10.4069414234255 10.586596258916 10.586596258916 10.1139713623561 10.1290322467685 10.0279091657139 10.629627357237 10.589464998804 11.0843226294965 11.265053242445 11.1144443983212 11.1244849879295 11.0362712363712 11.025513461791 11.1008178838529 11.0498977508396 11.0542008606717 10.8627124731429 10.6253242474049 10.4101687557995 10.7214270336553 10.9007232766598 10.6303445422091 10.5636463398114 9.46635333262384 10.2358928075992 10.1555680907331 10.1806695647538 10.3929563164711
-9999 -9999 -9999 -9999 -9999 10.4517654841766 10.4392147471663 10.4722052558791 9.68820255063474 9.70469780499116 11.3105944881681 11.0498977508396 11.1176717306953 11.3428678119089 11.0398571612313 10.6425366867334 10.946981707355 11.4701681444421 9.37527084117755 10.1154057323001 10.7676854643505 10.7651753169484 10.6877193399705 10.6834162301384 11.4902493236586 10.3147831545211 11.2682805748191 11.3252967800945 11.5648365607485 10.8297219644301 10.7909939759411 10.9778206611518 10.6959669671487 10.4722052558791 10.58623766643 10.5170293166302 11.2801141268574 9.93252356443554 10.6497085364535 9.94615007890388 11.2901547164656 11.3252967800945 11.2449720632285 11.144566167146 11.0477461959235 11.0054322825745 10.9817651784979 10.9731589588337 11.0850398144685 10.945188744925 11.0147556872107 10.9537949645892 10.7723471666686 10.6160008427687 10.348490848206 10.468260738533 10.3398846285418 10.1032135877758 10.2853785706684 10.3628345476463 10.5693838195875 10.3692892123945
