EcologicalScience/Bass/data/rs_data_bass/sst_162.asc
NCOLS 226 
NROWS 124 
XLLCORNER -9.41648524995501 
YLLCORNER 47.587301625531 
CELLSIZE 0.0833 
NODATA_value -9999 
[rows 0 to 26 of 124, columns 62 to 123 of 226]
-9999 -9999 -9999 -9999 -9999 -9999 -9999 -9999 -9999 -9999 -9999 -9999 -9999 -9999 -9999 -9999 -9999 -9999 -9999 -9999 -9999 -9999 -9999 -9999 -9999 -9999 -9999 -9999 -9999 -9999 -9999 -9999 -9999 -9999 -9999 -9999 -9999 -9999 -9999 -9999 -9999 -9999 -9999 -9999 -9999 -9999 -9999 -9999 -9999 -9999 -9999 -9999 -9999 -9999 -9999 -9999 -9999 -9999 -9999 -9999 -9999 -9999
-9999 -9999 -9999 -9999 -9999 -9999 -9999 -9999 -9999 -9999 -9999 -9999 -9999 -9999 -9999 -9999 -9999 -9999 -9999 -9999 -9999 -9999 -9999 -9999 -9999 -9999 -9999 -9999 -9999 -9999 -9999 -9999 -9999 -9999 -9999 -9999 -9999 -9999 -9999 -9999 -9999 -9999 -9999 -9999 -9999 -9999 -9999 -9999 -9999 -9999 -9999 -9999 -9999 -9999 -9999 -9999 -9999 -9999 -9999 -9999 -9999 -9999
-9999 -9999 -9999 -9999 -9999 -9999 -9999 -9999 -9999 -9999 -9999 -9999 -9999 -9999 -9999 -9999 -9999 -9999 -9999 -9999 -9999 -9999 -9999 -9999 -9999 -9999 -9999 -9999 -9999 -9999 -9999 -9999 -9999 -9999 -9999 -9999 -9999 -9999 -9999 -9999 -9999 -9999 -9999 -9999 -9999 -9999 -9999 -9999 -9999 -9999 -9999 -9999 -9999 -9999 -9999 -9999 -9999 -9999 -9999 -9999 -9999 -9999
-9999 -9999 -9999 -9999 -9999 -9999 -9999 -9999 -9999 -9999 -9999 -9999 -9999 -9999 -9999 -9999 -9999 -9999 -9999 -9999 -9999 -9999 -9999 -9999 -9999 -9999 -9999 -9999 -9999 -9999 -9999 -9999 -9999 -9999 -9999 -9999 -9999 -9999 -9999 -9999 -9999 -9999 -9999 -9999 -9999 -9999 -9999 -9999 -9999 -9999 -9999 -9999 -9999 -9999 -9999 -9999 -9999 -9999 -9999 -9999 -9999 -9999
-9999 -9999 -9999 -9999 -9999 -9999 -9999 -9999 -9999 -9999 -9999 -9999 -9999 -9999 -9999 -9999 -9999 -9999 -9999 -9999 -9999 -9999 -9999 -9999 -9999 -9999 -9999 -9999 -9999 -9999 -9999 -9999 -9999 -9999 -9999 -9999 -9999 -9999 -9999 -9999 -9999 -9999 -9999 -9999 -9999 -9999 -9999 -9999 -9999 -9999 -9999 -9999 -9999 -9999 -9999 -9999 -9999 -9999 -9999 -9999 -9999 -9999
-9999 -9999 -9999 -9999 -9999 -9999 -9999 -9999 -9999 -9999 -9999 -9999 -9999 -9999 -9999 -9999 -9999 -9999 -9999 -9999 -9999 -9999 -9999 -9999 -9999 -9999 -9999 -9999 10.484999765642 8.5523728042841 11.9851069543511 11.8925900929607 12.1299783186987 12.3763313565869 12.5972243279684 13.4725485863164 13.7809381242841 13.5700857425109 13.8182317428291 13.8906674250029 13.9129001591355 13.9372844481841 13.813928632997 13.696310297586 13.3829004648142 13.256675909739 12.9992065047845 13.0809655915946 13.4596392568201 13.5392467887141 13.4230628232472 13.4001129041426 13.8856471301988 13.8598284712061 13.8454847717658 13.774483459536 13.7285836213268 13.4539017770439 13.93585007824 13.8698690608144 13.9767296216451 14.1416821652092
-9999 -9999 -9999 -9999 -9999 -9999 -9999 -9999 -9999 -9999 -9999 -9999 -9999 -9999 -9999 -9999 -9999 -9999 -9999 -9999 -9999 -9999 -9999 -9999 -9999 -9999 -9999 7.21783500835299 11.0103091403842 8.89021473843604 12.1550797927193 12.3322244808078 12.2877590125427 14.2700582752004 13.1469466090202 13.4223456382751 13.6468245345168 14.1094088414684 14.1596117895097 13.7845240491442 13.6912900027819 13.4990844302811 13.9566484424286 13.4754173262045 13.4711142163724 13.6217230604962 12.9705191059038 12.7460402096622 13.0673390771262 13.4539017770439 13.6790978582576 13.7888271589763 13.7931302688085 13.6102481009439 13.4861751007847 13.655430754181 13.458204886876 13.655430754181 13.8254035925493 13.8211004827172 13.3621021006256 13.613834025804
-9999 -9999 -9999 -9999 -9999 -9999 -9999 -9999 -9999 -9999 -9999 -9999 -9999 -9999 -9999 -9999 -9999 -9999 -9999 -9999 -9999 -9999 -9999 -9999 -9999 -9999 7.68062795093283 11.3030640459619 8.99492374435067 11.3274483350106 12.5100863538682 12.6628467529081 12.8837397242896 13.2896664184518 13.7443616907112 13.6410870547406 13.7924130838364 13.9516281476244 14.0168919800781 13.8404644769616 13.8096255231649 13.53422649391 13.7708975346759 13.8117770780809 13.6396526847966 13.5822778870352 13.3958097943105 13.375728615094 13.4280831180513 13.5241859043017 13.6080965460278 13.7300179912709 13.7967161936685 13.9803155465052 13.9430219279602 13.8992736446671 13.7278664363548 13.932981338352 13.9114657891914 13.8999908296391 13.9408703730442 14.1158635062166
-9999 -9999 -9999 -9999 -9999 -9999 -9999 -9999 -9999 -9999 -9999 -9999 -9999 -9999 -9999 -9999 -9999 -9999 -9999 -9999 -9999 -9999 -9999 -9999 -9999 6.32151999810178 7.71086381736677 11.9181218779646 13.5338679014239 12.7234488830436 12.8299508513883 13.3649708405137 13.3090304126963 13.7429273207672 13.8340098122135 13.8569597313181 13.6690572686493 13.5621967078187 13.854808176402 13.7414929508232 13.6052278061397 13.6611682339571 13.6253089853562 13.5779747772031 13.5951872165315 13.6977446675301 13.6647541588172 13.7479476155713 13.8777580955066 13.8662831359543 13.9831842863932 13.8870815001428 13.9602343672886 14.012588870246 14.0412762691267 14.1373790553771 14.093630772084 14.0190435349941 13.9494765927084 14.0219122748822 14.0699636680074 13.9939420609735
-9999 -9999 -9999 -9999 -9999 -9999 -9999 -9999 -9999 -9999 -9999 -9999 -9999 -9999 -9999 -9999 -9999 -9999 -9999 -9999 -9999 -9999 -9999 -9999 -9999 8.75944801187143 12.4951689064503 12.6904583743308 12.6951200766489 12.8134555970319 13.0852687014267 12.8636585450731 12.7983947126195 13.3090304126963 13.9566484424286 13.8074739682488 13.8734549856745 14.0355387893505 13.9444562979043 13.8684346908703 13.617419950664 13.5715201124549 13.6984618525021 13.7838068641722 13.8218176676892 13.9946592459455 13.9064454943873 13.854808176402 14.1431165351532 13.9028595695272 13.9552140724845 14.1122775813565 14.0341044194065 14.0355387893505 14.1359446854331 14.1560258646496 14.2377849514596 14.1689351941459 14.0326700494625 14.0190435349941 13.8010193035007 13.8246864075772
-9999 -9999 -9999 -9999 -9999 -9999 -9999 -9999 -9999 -9999 -9999 -9999 -9999 -9999 -9999 -9999 -9999 -9999 -9999 -9999 -9999 -9999 -9999 -9999 6.80651918140107 12.5145329006948 12.8543351404369 12.9751808082219 12.1502029349096 12.4498428162187 12.7051606662571 12.740302729886 12.7030091113411 13.017136129085 13.0845515164547 13.2086245166138 13.4309518579394 13.8361613671295 13.8870815001428 13.8074739682488 13.8770409105346 13.7149571068585 13.6984618525021 13.776635014452 13.8806268353947 13.3692739503458 13.4517502221279 13.4625079967082 13.656865124125 13.6504104593769 13.7070680721663 13.8612628411502 13.8526566214859 13.8741721706465 13.4366893377155 13.5335093089379 13.5672170026228 13.8110598931089 13.8505050665699 14.053468413651 14.052751228679 14.0298013095744
-9999 -9999 -9999 -9999 -9999 -9999 -9999 -9999 -9999 -9999 -9999 -9999 -9999 -9999 -9999 -9999 -9999 -9999 -9999 -9999 -9999 -9999 -9999 -9999 12.5353312648833 12.4818292659707 11.9761421422008 12.0286161759868 12.2315795230679 11.9975381605327 12.0683004111052 11.8070657850476 11.8470488472376 12.2924207148608 13.1333200945519 13.5012359851971 13.5406811586581 13.6790978582576 13.6912900027819 14.0362559743226 14.0699636680074 13.9652546620928 13.9874873962253 13.9501937776804 13.8325754422694 13.9501937776804 13.653996384237 13.6418042397127 13.7558366502635 13.8117770780809 13.7565538352355 13.856242546346 13.9681234019808 13.6755119333975 13.7493819855154 13.7902615289204 13.7407757658511 13.5908841066994 13.6654713437892 13.7716147196479 13.9430219279602 13.9623859222047
-9999 -9999 -9999 -9999 -9999 -9999 -9999 -9999 -9999 -9999 -9999 -9999 -9999 -9999 -9999 -9999 -9999 -9999 -9999 -9999 -9999 -9999 -9999 6.46499985549599 12.2949308622628 11.7603889964521 11.5325632370077 11.9894100641832 11.9578539254144 12.0069810959976 12.2504653939977 12.4402803499252 11.8208715957589 14.9951322819106 13.4696798464283 13.8885158700868 13.6640369738452 13.4668111065403 13.415173788555 13.5421155286022 13.4323862278834 13.5937528465874 14.1395306102931 14.1058229166083 14.0283669396304 14.0713980379514 13.892818979919 13.7995849335566 13.7687459797598 14.0298013095744 13.8856471301988 13.895687719807 13.9674062170088 13.9129001591355 13.6991790374741 13.5679341875948 13.8834955752827 13.574388852343 13.5808435170911 13.6654713437892 13.8074739682488 13.8426160318777
-9999 -9999 -9999 -9999 -9999 -9999 -9999 -9999 -9999 -9999 -9999 -9999 -9999 -9999 -9999 -9999 -9999 -9999 -9999 -9999 -9999 6.1729351837617 8.32985421363264 13.3638950630557 13.0798898141365 12.5882595158182 12.4813989549875 12.5731986314058 12.6965544465929 14.2650379803963 13.0551469326019 12.9592832080089 12.8493148456328 13.5478530083783 13.3183538173325 13.6030762512237 13.5664998176508 13.536378048826 13.6719260085374 13.7092196270823 13.7500991704874 13.6984618525021 13.8720206157304 13.9587999973446 13.8390301070176 14.3826563158073 14.0341044194065 14.1438337201253 14.055619968567 13.8103427081369 13.9552140724845 14.1094088414684 14.2679067202844 14.174672673922 14.1703695640899 13.9602343672886 13.575823222287 13.6783806732856 13.654713569209 13.656865124125 13.5392467887141 13.6862697079778
-9999 -9999 -9999 -9999 -9999 -9999 -9999 -9999 -9999 -9999 -9999 -9999 -9999 -9999 -9999 -9999 -9999 -9999 -9999 -9999 6.42984051064829 10.6639497808979 13.2261955484282 13.4463713348377 13.0307626435533 12.5251472382806 12.4448225214146 12.3601946947165 12.4182866774499 12.4168523075059 12.6485030534677 13.6080965460278 13.2717367941514 13.4044160139747 13.5564592280425 13.6704916385934 13.7214117716067 13.7658772398718 13.7293008062989 13.6927243727259 13.537095233798 13.5571764130145 13.4374065226875 13.417325343471 13.5406811586581 13.7128055519424 14.2679067202844 14.133793130517 14.0828729975037 14.0233466448262 13.9774468066171 13.9874873962253 14.0613574483432 14.1933194831945 14.1624805293977 14.0269325696863 13.855525361374 13.5880153668113 13.6719260085374 13.4029816440307 13.2079073316418 13.2315744357184
-9999 -9999 -9999 -9999 -9999 -9999 -9999 -9999 -9999 -9999 -9999 -9999 -9999 -9999 -9999 -9999 -9999 -9999 -9999 -9999 10.3639474408051 11.3582872888073 12.1617735191248 12.7080294061452 12.8294727280736 12.9074068283662 11.5861130482517 11.6408581677824 12.5825220360421 12.6628467529081 12.9332254873589 13.3642536555417 13.7049165172502 13.7113711819984 13.5428327135742 13.6023590662517 13.6073793610558 13.6303292801604 13.8074739682488 13.8046052283607 13.7780693843961 13.4876094707288 13.5650654477067 13.6202886905521 13.6453901645727 13.7020477773622 14.0685292980634 14.1660664542578 14.1280556507409 14.1072572865523 14.1854304485023 14.0018310956657 14.0893276622519 14.0599230783992 13.8741721706465 13.773766274564 13.8505050665699 13.9093142342754 13.8741721706465 13.5550248580985 13.6525620142929 13.8978392747231
-9999 -9999 -9999 -9999 -9999 -9999 -9999 -9999 -9999 -9999 -9999 -9999 -9999 -9999 -9999 -9999 -9999 -9999 6.76271811826155 11.7351679916028 12.6047547701746 13.3011413780041 13.8203832977451 12.9755394007079 13.0766624817625 12.6850794870406 12.4247413421981 12.3279213709757 13.1082186205313 13.0831171465106 12.6033204002306 13.6346323899925 13.6905728178099 13.6733603784814 13.5571764130145 13.5162968696095 13.5872981818393 13.5306405690499 13.6339152050205 13.7314523612149 13.8211004827172 13.7995849335566 13.8289895174094 13.736472656019 13.853373806458 13.9795983615331 13.7615741300397 13.8325754422694 13.8741721706465 13.9989623557776 14.1438337201253 14.1380962403491 13.9989623557776 14.1588946045376 13.9709921418689 13.7680287947878 13.974578066729 13.8081911532208 13.653996384237 13.5801263321191 13.6446729796007 13.8454847717658
-9999 -9999 -9999 -9999 -9999 -9999 -9999 -9999 -9999 -9999 -9999 -9999 -9999 -9999 -9999 -9999 7.51155944176329 12.1305162074277 11.4601275548339 12.9647816261277 13.016418944113 13.1749168229289 12.9977721348405 12.0274208677001 12.6857966720127 12.7747276085429 12.5459456024691 12.9533066665754 13.4187597134151 13.1189763951115 13.4080019388348 13.5392467887141 13.4539017770439 13.4424268174917 13.4818719909526 13.4539017770439 13.4682454764843 13.4868922857568 13.6834009680897 13.7974333786406 13.8103427081369 13.776635014452 13.7171086617745 13.7185430317186 13.7414929508232 13.7601397600956 14.1553086796775 14.1043885466643 13.9781639915891 13.9975279858336 13.9674062170088 13.9860530262813 13.9523453325965 13.9602343672886 14.3231299631298 13.9050111244433 13.9623859222047 13.7436445057392 13.7314523612149 13.693441557698 13.7020477773622 13.6762291183695
-9999 -9999 -9999 -9999 -9999 -9999 -9999 -9999 -9999 -9999 8.41997201278961 6.79616044206839 8.4612552284347 -9999 -9999 -9999 6.82957155550165 11.9133884571493 11.9951475439593 12.0188146480359 12.9023865335621 12.9647816261277 13.8777580955066 13.5643482627347 13.2667164993472 13.0243079788052 13.096026476007 12.9819940654561 12.9167302330025 12.9690847359598 13.1871089674532 13.5105593898334 13.4818719909526 13.6023590662517 13.6525620142929 13.6432386096567 13.6740775634535 13.5980559564196 13.6346323899925 13.8089083381929 13.8060395983048 13.8698690608144 13.8827783903107 13.8612628411502 13.8404644769616 13.8906674250029 13.655430754181 13.9968108008616 13.893536164891 14.0785698876716 13.9688405869529 13.9853358413093 14.0054170205258 14.0333872344345 14.1796929687262 14.1639148993418 14.2428052462637 14.1395306102931 14.1122775813565 13.8978392747231 13.8849299452268 13.7716147196479
-9999 -9999 -9999 -9999 -9999 -9999 -9999 -9999 -9999 -9999 -9999 -9999 -9999 -9999 -9999 -9999 -9999 7.21499983873218 7.89105654158629 11.8344981102273 11.8169270784128 13.7823724942282 13.2875148635358 13.4854579158127 13.0752281118184 13.1290169847198 12.978408140596 13.2251197709702 13.1634418633766 13.1282997997478 13.2322916206904 13.3843348347582 13.7099368120544 13.5607623378746 13.6905728178099 13.7436445057392 13.7601397600956 13.7859584190883 13.7658772398718 13.8017364884727 13.854808176402 13.8820612053387 13.9286782285199 13.933698523324 13.9272438585758 13.9050111244433 13.8304238873534 13.7916958988644 13.896404904779 13.9121829741634 14.1309243906289 14.1036713616922 14.2628864254802 14.2033600728028 14.1581774195656 14.135227500461 14.0254981997423 14.3926969054155 14.1581774195656 14.1696523791179 14.1502883848734 14.1997741479427
-9999 -9999 -9999 -9999 -9999 -9999 -9999 -9999 -9999 -9999 -9999 -9999 -9999 -9999 7.31847009180701 12.2726981281303 11.8788611234964 10.8053376753815 10.8698843228631 13.1096529904753 13.3649708405137 13.3032929329202 13.0616015973501 12.661412382964 13.1612903084606 13.179219932761 13.0415204181336 13.0070955394767 13.0006408747286 12.8701132098213 13.3197881872766 13.415890973527 13.5327921239659 13.5872981818393 13.5808435170911 13.6123996558599 13.7056337022223 13.8239692226052 13.8526566214859 13.894253349863 13.9839014713652 13.9652546620928 13.9587999973446 13.9494765927084 13.9494765927084 14.0384075292386 13.9186376389116 14.0749839628115 14.17395548895 14.1115603963844 14.0505996737629 14.134510315489 14.0828729975037 14.2636036104523 14.1531571247615 14.2800988648087 14.135227500461 14.1051057316363 13.9774468066171 13.9164860839956 13.9021423845552 13.9544968875125
-9999 -9999 -9999 -9999 -9999 -9999 -9999 -9999 -9999 -9999 -9999 -9999 11.3323639353138 12.9052552734502 13.257393094711 13.576540407259 13.7314523612149 14.0513168587349 13.6826837831177 13.5987731413916 13.3843348347582 13.4811548059806 13.1928464472294 13.7300179912709 13.3240912971087 13.2337259906344 13.0809655915946 13.1168248401955 13.0644703372382 13.3126163375564 13.494781320449 13.4660939215682 13.5119937597774 13.4610736267641 13.5162968696095 13.6375011298805 13.8024536734447 14.1201666160487 14.0584887084551 14.1416821652092 14.0283669396304 14.054902783595 14.095065142028 14.0441450090148 14.0298013095744 14.0491653038189 14.0341044194065 13.9623859222047 13.9681234019808 13.9638202921487 14.1753898588941 14.0713980379514 14.1366618704051 14.2571489457041 14.2765129399486 14.1524399397895 14.1309243906289 14.0441450090148 14.1273384657688 13.9258094886318 13.7493819855154 14.135227500461
-9999 -9999 -9999 -9999 -9999 -9999 -9999 -9999 -9999 -9999 11.4300057860091 14.1684570708312 13.7271492513828 13.5076906499453 13.5435498985462 13.9473250377923 14.1510055698454 14.1223181709647 14.2428052462637 13.179117477765 13.9839014713652 13.417325343471 13.4517502221279 13.694875927642 13.8634143960662 13.5851466269232 13.6396526847966 13.2946867132559 13.5679341875948 13.6769463033415 13.2351603605784 13.5521561182104 13.5019531701691 13.616702765692 13.4797204360366 13.8211004827172 13.9494765927084 14.0835901824757 14.0871761073358 14.2413708763197 14.1639148993418 14.0484481188469 14.0419934540987 14.1115603963844 14.0685292980634 14.1122775813565 14.0412762691267 14.0814386275597 14.0032654656097 14.0326700494625 14.0778527026996 14.211249107495 14.3001800440252 14.3432111423463 14.1101260264404 14.1610461594537 14.1015198067762 14.1423993501812 14.1266212807968 14.2621692405082 13.8268379624933 14.133793130517
-9999 -9999 -9999 -9999 -9999 -9999 -9999 -9999 -9999 -9999 13.0049997093156 9.80940681090578 9.9084381024586 13.4101534937508 13.5650654477067 12.6106971599428 11.0599997527897 -9999 -9999 9.22999979369342 8.63609176629033 8.50383335956045 12.2856074576266 11.8800393559504 12.5125965012703 14.2800988648087 14.1897335583344 13.3147678924724 12.3734626166988 13.9100314192474 13.9659718470648 13.2846461236477 14.5103152408265 14.6652271947823 13.6877040779218 13.8189489278011 14.0111545003019 14.0792870726436 14.3855250556953 14.4407482985407 14.4457685933448 14.2442396162078 14.174672673922 14.1646320843138 14.214835032355 14.2686239052564 14.2155522173271 14.133075945545 14.1567430496216 14.1302072056569 14.1094088414684 14.2593005006202 14.3281502579339 14.5074465009384 14.5088808708824 14.3102206336334 13.7479476155713 14.4665669575334 14.0599230783992 14.1804101536982 14.1122775813565 14.0247810147703
-9999 -9999 -9999 -9999 -9999 -9999 -9999 -9999 -9999 -9999 -9999 -9999 -9999 -9999 -9999 -9999 -9999 -9999 -9999 -9999 -9999 -9999 -9999 -9999 11.3877753561866 12.1831934436224 13.5399639736861 13.496932875365 13.1835230425932 12.9299981549848 12.5610064868815 13.3943754243664 13.5457014534622 13.5012359851971 14.0305184945464 13.8440504018217 14.2664723503403 14.0699636680074 14.531113605015 14.49381998647 14.5684072235599 14.4687185124494 14.5203558304347 14.572710333392 14.374050096143 14.3173924833536 14.3668782464229 14.3962828302756 14.41206089966 14.2456739861518 14.2227240670472 14.2836847896688 14.5045777610503 14.3575548417866 14.5533463391475 14.2155522173271 14.4636982176453 14.5167699055746 14.4572435528971 14.1553086796775 14.1438337201253 14.1961882230826
-9999 -9999 -9999 -9999 -9999 -9999 -9999 -9999 -9999 -9999 -9999 -9999 -9999 -9999 -9999 -9999 -9999 -9999 -9999 -9999 -9999 -9999 -9999 -9999 -9999 10.6396679468453 10.2348446141785 13.4388408926316 12.7273934003897 12.841569247935 12.1878312397748 13.5543076731265 13.298272638116 13.8232520376332 14.0728324078955 14.0369731592946 14.0046998355538 14.5024262061343 14.4486373332329 14.2399365063757 14.2478255410679 14.3891109805554 14.3970000152476 14.7491378365085 14.7261879174039 15.0001525767148 14.450788888149 14.3604235816747 14.5189214604907 14.374050096143 14.3561204718426 14.4213843042962 14.4278389690444 14.4615466627292 14.7053895532154 14.3869594256394 14.3417767724022 14.33388773771 14.5354167148471 14.4687185124494 14.3152409284376 14.2987456740811
-9999 -9999 -9999 -9999 -9999 -9999 -9999 -9999 -9999 -9999 -9999 -9999 -9999 -9999 -9999 -9999 -9999 -9999 -9999 -9999 -9999 -9999 -9999 -9999 -9999 -9999 -9999 10.4101687557995 10.4847559928894 13.056581302546 11.0599383404478 13.3448896612972 13.5959044015035 13.8999908296391 13.9136173441075 13.4990844302811 13.8756065405905 13.8469191417098 13.9537797025405 14.1302072056569 14.4486373332329 14.3130893735215 14.5375682697631 15.5459303404205 14.9241309696808 14.8954435708001 15.1055787676014 14.4873653217219 14.5798821831122 14.5196386454627 14.4880825066939 14.4816278419457 14.2557145757601 14.2765129399486 14.4572435528971 14.5052949460223 14.6300851311535 14.6709646745585 14.4859309517778 14.5605181888677 14.6989348884672 14.693197408691
