EcologicalScience/Bass/data/rs_data_bass/sst_533.asc
NCOLS 226 
NROWS 124 
XLLCORNER -9.41648524995501 
YLLCORNER 47.587301625531 
CELLSIZE 0.0833 
NODATA_value -9999 
[rows 0 to 26 of 124, columns 0 to 61 of 226]
-9999.000000000000000 -9999 -9999 -9999 -9999 -9999 -9999 -9999 -9999 -9999 -9999 -9999 -9999 -9999 -9999 -9999 -9999 -9999 -9999 -9999 -9999 -9999 -9999 -9999 -9999 -9999 -9999 -9999 -9999 -9999 -9999 -9999 -9999 -9999 -9999 -9999 -9999 -9999 -9999 -9999 -9999 -9999 -9999 -9999 -9999 -9999 -9999 -9999 -9999 -9999 -9999 -9999 -9999 -9999 -9999 -9999 -9999 -9999 -9999 -9999 -9999 -9999
-9999 -9999 -9999 -9999 -9999 -9999 -9999 -9999 -9999 -9999 -9999 -9999 -9999 -9999 -9999 -9999 -9999 -9999 -9999 -9999 -9999 -9999 -9999 -9999 -9999 -9999 -9999 -9999 -9999 -9999 -9999 -9999 -9999 -9999 -9999 -9999 -9999 -9999 -9999 -9999 -9999 -9999 -9999 -9999 -9999 -9999 -9999 -9999 -9999 -9999 -9999 -9999 -9999 -9999 -9999 -9999 -9999 -9999 -9999 -9999 -9999 -9999
-9999 -9999 -9999 -9999 -9999 -9999 -9999 -9999 -9999 -9999 -9999 -9999 -9999 -9999 -9999 -9999 -9999 -9999 -9999 -9999 -9999 -9999 -9999 -9999 -9999 -9999 -9999 -9999 -9999 -9999 -9999 -9999 -9999 -9999 -9999 -9999 -9999 -9999 -9999 -9999 -9999 -9999 -9999 -9999 -9999 -9999 -9999 -9999 -9999 -9999 -9999 -9999 -9999 -9999 -9999 -9999 -9999 -9999 -9999 -9999 -9999 -9999
-9999 -9999 -9999 -9999 -9999 -9999 -9999 -9999 -9999 -9999 -9999 -9999 -9999 -9999 -9999 -9999 -9999 -9999 -9999 -9999 -9999 -9999 -9999 -9999 -9999 -9999 -9999 -9999 -9999 -9999 -9999 -9999 -9999 -9999 -9999 -9999 -9999 -9999 -9999 -9999 -9999 -9999 -9999 -9999 -9999 -9999 -9999 -9999 -9999 -9999 -9999 -9999 -9999 -9999 -9999 -9999 -9999 -9999 -9999 -9999 -9999 -9999
-9999 -9999 -9999 -9999 -9999 -9999 -9999 -9999 -9999 -9999 -9999 -9999 -9999 -9999 -9999 -9999 -9999 -9999 -9999 -9999 -9999 -9999 -9999 -9999 -9999 -9999 -9999 -9999 -9999 -9999 -9999 -9999 -9999 -9999 -9999 -9999 -9999 -9999 -9999 -9999 -9999 -9999 -9999 -9999 -9999 -9999 -9999 -9999 -9999 -9999 -9999 -9999 -9999 -9999 -9999 -9999 -9999 -9999 -9999 -9999 -9999 -9999
-9999 -9999 -9999 -9999 -9999 12.2949308622628 12.3286385559477 12.301385527011 12.2741324980743 12.3107089316472 12.0396130122244 11.9972990988754 12.1142002493143 12.3752555791289 12.3860133537091 12.2762840529904 12.3049714518711 12.2805871628225 12.3035370819271 12.3336588507518 12.4491256312467 12.3329416657798 12.4735099202953 12.5674611516297 11.251296330709 11.0549997529015 10.6511770580629 11.4199651964009 12.6047547701746 12.5380565677769 12.3601946947165 8.59524943199582 7.08999984152615 -9999 12.3249997245148 -9999 -9999 12.2299997266382 -9999 11.8560136593878 11.8897213530727 11.8796807634644 11.0849997522309 -9999 -9999 -9999 -9999 -9999 -9999 -9999 -9999 -9999 -9999 -9999 -9999 -9999 -9999 -9999 -9999 -9999 -9999 -9999
-9999 -9999 -9999 -9999 -9999 12.2970824171789 12.3207495212555 12.26194035355 12.3135776715353 12.2848902726546 12.1572313476354 12.1543626077473 12.2856074576266 12.3709524692968 12.3716696542688 12.3766899490729 12.3322244808078 12.3953367583454 12.4935910995118 12.3530228449963 12.2848902726546 12.2296670298092 12.5581377469935 12.73815117497 13.2649997035041 12.5749997189268 11.5913724047132 11.7226172545925 12.4089632728137 12.4627521457151 12.3250526310876 10.7718348916886 11.4521360651457 12.5714347440422 11.6095069390056 11.0499997530133 12.0099997315556 -9999 -9999 10.5596710859665 10.8499997574836 12.2533341338858 11.6344035030343 9.70499978307635 12.5053191831719 12.4049997227266 -9999 -9999 -9999 -9999 -9999 -9999 -9999 -9999 -9999 -9999 -9999 -9999 -9999 -9999 -9999 -9999
-9999 -9999 -9999 -9999 -9999 12.4111148277298 12.4039429780096 12.3336588507518 12.1916562262923 12.2655262784101 12.2770012379624 12.3092745617032 12.2669606483541 12.2289498448372 12.4125491976738 12.4118320127018 12.3243354461156 12.3185979663394 12.2970824171789 12.0123599832878 12.0847956654616 12.1844843765721 12.4792474000715 13.1835230425932 11.2849997477606 11.8849997343495 11.5397350867279 12.6886654119007 12.6664326777682 12.578936111182 12.7087465911172 12.9317911174148 14.372615726199 12.1973937060684 11.3750899081518 11.7049997383729 -9999 12.3099997248501 12.0549997305498 -9999 12.5099997203797 12.2346873246133 12.1701406771317 12.1457563880831 11.2549997484311 -9999 -9999 -9999 -9999 -9999 -9999 -9999 -9999 -9999 -9999 -9999 -9999 -9999 -9999 -9999 -9999 -9999
-9999 -9999 -9999 -9999 -9999 12.4276100820862 12.4025086080655 12.3501541051082 12.4025086080655 12.4297616370022 12.4068117178977 12.0467848619446 12.2181920702569 12.341547885444 12.381710243877 12.4433881514706 12.4670552555472 12.4763786601834 12.5380565677769 12.3200323362835 11.8947416478768 12.0833612955175 12.1091799545102 8.1806797394529 13.1149997068569 10.8519546985626 12.2181920702569 12.4864192497917 12.8227790016681 12.9260536376387 12.7926572328433 13.0106814643368 13.7214117716067 14.5533463391475 14.9054841604084 11.7504850135052 13.2814905097708 12.8599997125566 -9999 -9999 -9999 -9999 -9999 -9999 -9999 -9999 9.33499979134649 -9999 -9999 -9999 -9999 -9999 -9999 -9999 -9999 -9999 -9999 -9999 -9999 -9999 -9999 -9999
-9999 -9999 -9999 -9999 -9999 12.302102711983 12.2884761975147 12.5509658972733 12.4699239954352 12.5301675330848 12.3982054982334 12.1730094170198 12.2346873246133 12.3716696542688 12.2504653939977 12.3092745617032 12.3487197351642 12.1263923938386 12.3064058218151 12.1385845383629 11.8280434454791 12.0431989370845 12.2009796309285 12.4398022266105 7.71251008287072 11.6752830464393 11.9944303589873 12.3365275906399 12.900234978646 13.1505325338803 12.9970549498685 13.0422376031056 13.2279885108583 13.2373119154945 12.4555802959949 12.5301675330848 12.5577791545074 12.6926099292468 13.9401531880721 12.4836700407322 12.8432187733706 13.4199997000396 -9999 12.2497482090257 12.8803157444232 12.784999714233 12.0949997296557 -9999 -9999 -9999 -9999 -9999 -9999 -9999 -9999 -9999 -9999 -9999 -9999 -9999 -9999 -9999
-9999 -9999 -9999 -9999 -9999 12.1744437869638 12.5122379087843 12.5459456024691 12.5122379087843 12.658543643076 12.5201269434765 12.4362163017504 12.4957426544279 12.500762949232 12.5215613134205 12.4663380705751 12.2368388795294 11.9076509773731 11.7936185668223 11.8890041681007 11.8165684859268 11.9284493415616 12.2142475529108 11.1029694387689 9.0904459522904 11.611692645587 12.0898159602657 12.4498428162187 13.1419263142161 13.2688680542633 12.8815881693736 12.9109927532263 12.7876369380392 12.9841456203721 12.3765704182442 12.2097651468357 11.4315995303914 12.3109479933046 14.1603289744817 11.8481246246956 11.8653370640241 14.5784478131682 12.2813043477945 12.3150120414793 12.7349997153506 12.039999730885 -9999 -9999 -9999 -9999 -9999 -9999 -9999 -9999 -9999 -9999 -9999 -9999 -9999 -9999 -9999 -9999
-9999 -9999 -9999 -9999 -9999 12.3379619605839 12.3781243190169 12.5839564059861 12.6406140187755 12.5115207238123 12.618381284643 12.4935910995118 12.2762840529904 12.3752555791289 12.4362163017504 12.3903164635412 12.301385527011 12.1593829025514 11.8868526131846 11.6609393469989 11.5626850058325 11.9090853473172 7.3296937967579 11.7147282199003 11.7595522806514 12.6047547701746 12.660695197992 12.741019914858 12.979125325568 13.0823999615386 13.098178030923 12.9884487302043 12.778313533403 13.1225623199716 13.375728615094 13.375011430122 12.3187004213354 10.6173248765632 12.0348317790776 12.1500594979152 12.2913449374028 13.6080965460278 12.4426709664986 13.0699997078627 -9999 -9999 12.2549997260794 -9999 -9999 -9999 -9999 -9999 -9999 -9999 -9999 -9999 -9999 -9999 -9999 -9999 -9999 -9999
-9999 -9999 -9999 -9999 -9999 12.5653095967136 12.6112094349228 12.6721701575443 12.6965544465929 12.7123325159773 12.5445112325251 12.4785302150995 12.339396330528 12.3107089316472 12.3515884750523 12.2977996021509 12.3472853652202 11.8036591564305 11.3618732136674 11.3841059478 11.227042438928 11.3496810691431 11.8158513009548 11.9069337924011 12.7948087877594 12.7818994582631 12.5423596776091 12.4505600011908 12.900234978646 12.9152958630584 12.4921567295678 12.6628467529081 12.9482863717712 13.2495040600188 13.4488814822398 13.5299233840778 12.0152287231758 12.009730305057 12.1884801214162 11.8911557230167 11.943510225974 12.1156346192583 12.9576097764075 13.0888546262868 -9999 12.1299997288734 -9999 -9999 -9999 -9999 -9999 -9999 -9999 -9999 -9999 -9999 -9999 -9999 -9999 -9999 -9999 -9999
-9999 -9999 -9999 -9999 -9999 12.578936111182 12.6485030534677 12.6234015794471 12.6829279321246 12.538773752749 12.382427428849 12.4527115561068 12.4455397063866 12.2755668680184 12.4161351225339 12.3695180993527 12.0417645671405 11.7742545725778 11.1330912075937 11.0599383404478 11.265053242445 11.6592181030661 11.8739432836883 12.0747550758533 12.6302148366813 12.7058778512292 12.73815117497 12.5524002672173 12.4462568913586 12.5488143423572 12.461317775771 12.540208122693 12.6026032152586 12.182332821656 12.2554856888019 12.1690648996737 12.4724341428373 12.4659794780891 12.4021500155795 11.9786522896029 12.1651203823276 12.5595721169375 12.9907681369223 12.929999710992 11.8749997345731 -9999 -9999 -9999 -9999 -9999 -9999 -9999 -9999 -9999 -9999 -9999 -9999 -9999 -9999 -9999 -9999 -9999
-9999 -9999 -9999 -9999 -9999 12.5215613134205 12.6822107471526 12.6370280939154 12.5660267816857 12.5631580417976 12.6312906141393 12.6886654119007 12.5366221978329 12.4656208856031 12.4376506716944 12.5975829204544 12.1715750470757 12.063280116301 11.8732260987163 11.5885036648251 11.6301003932022 10.9896542131901 12.5753501863219 12.7209387356415 12.7740104235709 12.7202215506695 12.9299981549848 12.4849848798476 12.2899105674587 12.2547685038298 12.3444166253321 12.4498428162187 12.5316019030288 12.5767845562659 12.5366221978329 12.6793420072645 12.5434354550671 12.4702825879212 9.62341684149578 11.0691313478164 10.5849997634068 -9999 -9999 -9999 -9999 -9999 -9999 -9999 -9999 -9999 -9999 -9999 -9999 -9999 -9999 -9999 -9999 -9999 -9999 -9999 -9999 -9999
-9999 -9999 -9999 -9999 -9999 12.579653296154 12.7080294061452 12.8148899669759 12.7546464293264 12.6786248222925 12.7560807992704 12.6850794870406 12.6241187644191 12.5674611516297 12.5839564059861 12.6814935621805 12.498611394316 12.2576372437179 12.3064058218151 12.6671498627402 11.9851069543511 11.5813318151049 12.6140781748109 12.9898831001483 12.2425763593055 12.2698293882422 12.2052827407606 12.779389310861 12.2820215327665 12.4900051746517 12.4111148277298 12.3695180993527 12.4484084462747 12.5165410186164 10.6765005179082 12.1500594979152 12.1629688274115 12.1349986135028 12.7605689890953 12.1928515345789 10.8899655020796 10.5249997647479 -9999 -9999 -9999 -9999 -9999 13.2249997043982 13.2249997043982 -9999 -9999 -9999 -9999 -9999 -9999 -9999 -9999 -9999 -9999 -9999 -9999 -9999
-9999 -9999 -9999 -9999 -9999 12.6793420072645 12.7460402096622 12.8435773658566 12.9074068283662 12.7912228628993 12.8062837473117 12.7560807992704 12.6786248222925 12.7704244987108 12.7575151692145 12.7130497009493 12.3702352843247 12.499328579288 12.6714529725723 12.5108035388403 12.2490310240537 12.2103030355647 12.2547685038298 12.259788798634 12.1055940296501 12.0475020469166 12.4742271052673 12.5125965012703 12.4971770243719 12.6528061632998 12.699064593995 12.3062265255721 11.8050935263745 11.982955399435 11.9714804398827 12.0396130122244 12.0926847001538 12.3350932206959 -9999 -9999 -9999 -9999 -9999 -9999 -9999 -9999 -9999 -9999 -9999 -9999 -9999 -9999 -9999 -9999 -9999 -9999 -9999 -9999 -9999 -9999 -9999 -9999
-9999 -9999 -9999 -9999 -9999 12.7245246605016 12.8299508513883 12.9124271231703 12.8708303947933 12.820627446752 12.7998290825635 12.7732932385989 12.7352824350819 12.6879482269287 12.7173528107814 12.7481917645782 12.4874950272497 12.5380565677769 12.4311960069463 12.3315072958358 12.0826441105455 11.9965819139034 12.459883405827 12.3078401917592 11.6121707689017 11.7799920523539 12.339037738042 12.4878536197357 12.380993058905 12.1299783186987 12.0697347810492 12.2569200587459 11.9198431218974 12.0439161220565 12.1357157984748 12.3200323362835 12.4469740763307 12.7302621402778 12.9849563512101 12.8649997124448 11.6199997402728 -9999 -9999 -9999 -9999 -9999 -9999 -9999 -9999 -9999 -9999 -9999 -9999 -9999 -9999 -9999 -9999 -9999 -9999 -9999 -9999 -9999
-9999 -9999 -9999 -9999 -9999 12.7596667241305 12.8356883311644 12.9088411983103 12.9124271231703 12.938962967135 12.9712362908758 12.8830225393176 12.8435773658566 12.6642811228521 12.6549577182159 12.7352824350819 12.7897884929553 12.8457289207727 12.50004576426 12.260505983606 12.0073396884836 12.7905056779273 12.8385570710525 12.3078401917592 12.0001678387634 12.4433881514706 12.4028672005516 12.3056886368431 12.0690175960772 12.0869472203776 12.0016022087075 12.2709051657002 11.3697622483596 11.8043763414025 11.9047822374851 11.9908444341272 12.4362163017504 12.7345652501099 12.860072620213 12.6049997182563 -9999 -9999 -9999 13.0149997090921 11.6549969572308 12.2449997263029 -9999 -9999 -9999 -9999 -9999 -9999 -9999 -9999 -9999 -9999 -9999 -9999 -9999 -9999 -9999 -9999
-9999 -9999 -9999 -9999 -9999 12.7969603426754 12.817758706864 12.9267708226107 12.9303567474708 12.9755394007079 12.8966490537859 12.7431714697741 12.737433989998 12.6814935621805 12.7983947126195 12.8765678745694 13.0128330192529 12.9604785162956 12.5280159781687 12.0489364168607 11.8488418096676 11.6501815724187 12.9059724584222 12.7582323541865 12.4692068104632 11.9284493415616 12.2927793073468 12.3892406860832 12.5893352932762 11.8000732315704 11.944227410946 12.1554383852053 12.0751136683393 12.1066698071081 12.063638708787 12.0876644053496 11.6731314915232 10.9208492799371 11.8388012200594 11.8373668501154 12.220522921416 11.6996673354879 11.8373668501154 11.745387877454 11.5712912254967 13.0117611823716 13.1249997066334 -9999 -9999 -9999 -9999 -9999 -9999 -9999 -9999 -9999 -9999 -9999 -9999 -9999 -9999 -9999
-9999 -9999 -9999 -9999 -9999 12.9016693485901 13.0085299094208 12.979125325568 12.9540238515474 13.017136129085 12.9554582214914 12.8858912792057 12.8930631289259 12.9052552734502 13.0157017591409 13.1605731234886 13.0780968517065 12.9698019209318 12.4398022266105 11.861751139164 11.7921841968782 13.0271767186932 13.0372173083015 12.9518722966313 12.5961485505104 12.6226843944751 12.7030091113411 12.779389310861 12.7818994582631 12.0295724226162 11.8287606304511 11.3496810691431 12.3325830732938 11.4350260808133 12.1934491887223 11.584917739965 11.8474074397236 11.8208715957589 11.982955399435 11.5519272312522 11.6602221620269 10.9200872709043 11.5818697038339 11.5686017818516 11.0036393201444 9.73063599481247 -9999 -9999 -9999 -9999 -9999 -9999 -9999 -9999 -9999 -9999 -9999 -9999 -9999 -9999 -9999 -9999
-9999 -9999 -9999 -9999 -9999 13.0314798285253 13.1132389153354 13.1211279500276 13.1039155106992 13.0479750828817 13.0902889962308 13.1161076552235 13.0221564238891 13.0257423487492 13.056581302546 13.0085299094208 13.0673390771262 12.8098696721718 12.221060810145 11.9478133358061 12.3042542668991 12.860072620213 13.0300454585813 12.8693960248493 12.5581377469935 12.3336588507518 12.6026032152586 12.50004576426 12.5140308712143 12.5775017412379 11.3152561904863 11.2299111788161 11.7764061274938 12.1952421511523 12.0948362550698 12.1152760267723 11.8746604686603 11.8144169310108 12.0697347810492 12.021683387924 11.4027527570724 11.105120993685 11.2550126528367 11.1903635503591 9.78185955223699 11.5988311284222 13.461977903468 -9999 -9999 -9999 -9999 -9999 -9999 -9999 10.9150669761002 -9999 -9999 -9999 -9999 -9999 -9999 -9999
-9999 -9999 -9999 -9999 -9999 13.0709250019863 13.0264595337212 13.1297341696918 13.1397747593001 13.1247138748877 13.1663106032647 13.1577043836005 13.1082186205313 13.0759452967905 13.0049439845607 13.0429547880776 13.0558641175739 12.8772850595415 12.5846735909581 12.5545518221334 12.8672444699332 12.9095583832823 13.1795785252471 12.7503433194943 12.5351878278889 12.0546738966368 12.8905529815238 12.6689428251702 12.6373866864014 12.3573259548284 10.9552293345332 11.7111422950402 11.8560136593878 11.7591936881654 11.5763115203008 11.5777458902448 11.7957701217383 11.8273262605071 12.1715750470757 12.1622516424395 12.0804925556295 11.9549851855263 11.817944705738 11.1677209962425 10.2064882237464 11.2014286899274 11.2048097047955 -9999 11.4110721027479 11.2149997493252 -9999 -9999 -9999 -9999 -9999 -9999 -9999 -9999 -9999 -9999 -9999 -9999
-9999 -9999 -9999 -9999 -9999 13.1942808171734 13.1921292622574 13.1440778691322 13.2380291004665 13.2229682160541 13.2100588865578 13.2114932565019 13.2308572507463 13.21794792125 13.1075014355592 13.0558641175739 13.0795312216505 13.0451063429937 12.5452284174971 12.9500793342013 12.5739158163778 12.6800591922365 13.1580629760865 12.9217505278066 13.1139561003074 13.057298487518 12.6427655736916 12.3831446138211 12.500404356746 12.3250526310876 12.0654316712171 11.544755381532 11.704687630292 11.8574480293319 11.5110476878472 11.6014129943214 11.744132803753 11.94207585603 12.0675832261331 12.0690175960772 12.0969878099859 12.1751609719358 11.4013183871284 11.3970152772963 11.4450666704215 13.0499997083098 -9999 12.3652149895206 12.3867305386811 11.4299997445196 -9999 -9999 -9999 11.8583411275989 13.023819682654 -9999 -9999 -9999 -9999 -9999 -9999 -9999
-9999 -9999 -9999 -9999 -9999 13.2789086438715 13.2846461236477 13.2050385917537 13.2652821294032 13.2330088056624 13.3549302509055 13.3219397421926 13.2659993143752 13.1921292622574 13.1706137130968 13.2387462854385 13.2107760715298 13.1928464472294 12.8059251548257 12.9264122301247 13.0160603516269 12.9016693485901 13.0702078170143 12.8690374323633 13.0350657533854 13.1684621581808 12.9540238515474 11.8129825610667 11.904065052513 11.8509933645837 11.7900326419622 11.8366496651433 11.5698568555526 11.3238624101505 11.4135105316527 11.5669881156646 11.8796807634644 11.8775292085484 13.2363811009564 -9999 12.9599997103214 12.7389672820071 11.4586931848899 11.4335917108692 12.5256403029489 13.074999707751 -9999 12.4199997223914 10.7440781256882 12.0150238131838 -9999 -9999 14.0814898550577 12.5259399164076 11.7750770784198 11.6999997384846 -9999 -9999 -9999 -9999 -9999 -9999
-9999 -9999 -9999 -9999 -9999 13.3556474358775 13.3319803318009 13.2645649444312 13.3900723145343 13.4323862278834 13.455336146988 13.4316690429114 13.2803430138156 13.1053498806432 12.7503433194943 12.7675557588227 12.8070009322837 13.0526367851999 13.0440305655356 13.0780968517065 13.2624133895151 13.3212225572206 13.3456068462692 13.2408978403546 13.218665106222 13.1620074934326 12.3336588507518 11.8746604686603 11.6465956475586 11.4672994045541 11.7484359135851 11.5949583295733 11.5971098844893 11.3805200229399 11.4278542310931 10.189275784418 19.7104672544202 20.2399995476007 7.8349998248741 -9999 11.4751884392463 11.4543900750577 11.7556077633053 11.8653370640241 11.9750663647428 12.0449997307733 -9999 -9999 13.3398693664931 13.6489760894328 13.9968108008616 12.5651440924893 14.2327646566555 14.3152409284376 12.5249997200444 -9999 -9999 -9999 -9999 -9999 -9999 -9999
-9999 -9999 -9999 -9999 -9999 13.5571764130145 13.575106037315 13.6030762512237 13.6317636501044 13.576540407259 13.5413983436301 13.6396526847966 13.456770516932 13.3671223954298 13.3126163375564 12.8916287589818 12.8156071519479 12.8772850595415 12.9898831001483 12.9873729527462 13.534943678882 13.5069734649733 13.4201940833591 13.5026703551412 13.5249030892737 13.334849071689 11.7087516784668 11.6136051388457 11.8391598125454 11.6351206880063 11.4723196993582 11.490488385316 11.6200598035939 11.5562303410843 11.5153507976793 10.4049435510034 11.9879756942391 12.0883815903217 -9999 -9999 11.7534562083893 11.9571367404424 11.9951475439593 11.8775292085484 12.7065950362012 13.0838343314826 -9999 13.0278939036652 13.1239966899157 12.8525145939695 14.0068513904698 13.6446729796007 13.6102481009439 13.9813913239632 12.6749997166917 -9999 -9999 -9999 -9999 -9999 -9999 -9999
