EcologicalScience/Bass/data/rs_data_bass/sst_349.asc
NCOLS 226 
NROWS 124 
XLLCORNER -9.41648524995501 
YLLCORNER 47.587301625531 
CELLSIZE 0.0833 
NODATA_value -9999 
[rows 0 to 26 of 124, columns 0 to 61 of 226]
-9999.000000000000000 -9999 -9999 -9999 -9999 -9999 -9999 -9999 -9999 -9999 -9999 -9999 -9999 -9999 -9999 -9999 -9999 -9999 -9999 -9999 -9999 -9999 -9999 -9999 -9999 -9999 -9999 -9999 -9999 -9999 -9999 -9999 -9999 -9999 -9999 -9999 -9999 -9999 -9999 -9999 -9999 -9999 -9999 -9999 -9999 -9999 -9999 -9999 -9999 -9999 -9999 -9999 -9999 -9999 -9999 -9999 -9999 -9999 -9999 -9999 -9999 -9999
-9999 -9999 -9999 -9999 -9999 -9999 -9999 -9999 -9999 -9999 -9999 -9999 -9999 -9999 -9999 -9999 -9999 -9999 -9999 -9999 -9999 -9999 -9999 -9999 -9999 -9999 -9999 -9999 -9999 -9999 -9999 -9999 -9999 -9999 -9999 -9999 -9999 -9999 -9999 -9999 -9999 -9999 -9999 -9999 -9999 -9999 -9999 -9999 -9999 -9999 -9999 -9999 -9999 -9999 -9999 -9999 -9999 -9999 -9999 -9999 -9999 -9999
-9999 -9999 -9999 -9999 -9999 -9999 -9999 -9999 -9999 -9999 -9999 -9999 -9999 -9999 -9999 -9999 -9999 -9999 -9999 -9999 -9999 -9999 -9999 -9999 -9999 -9999 -9999 -9999 -9999 -9999 -9999 -9999 -9999 -9999 -9999 -9999 -9999 -9999 -9999 -9999 -9999 -9999 -9999 -9999 -9999 -9999 -9999 -9999 -9999 -9999 -9999 -9999 -9999 -9999 -9999 -9999 -9999 -9999 -9999 -9999 -9999 -9999
-9999 -9999 -9999 -9999 -9999 -9999 -9999 -9999 -9999 -9999 -9999 -9999 -9999 -9999 -9999 -9999 -9999 -9999 -9999 -9999 -9999 -9999 -9999 -9999 -9999 -9999 -9999 -9999 -9999 -9999 -9999 -9999 -9999 -9999 -9999 -9999 -9999 -9999 -9999 -9999 -9999 -9999 -9999 -9999 -9999 -9999 -9999 -9999 -9999 -9999 -9999 -9999 -9999 -9999 -9999 -9999 -9999 -9999 -9999 -9999 -9999 -9999
-9999 -9999 -9999 -9999 -9999 -9999 -9999 -9999 -9999 -9999 -9999 -9999 -9999 -9999 -9999 -9999 -9999 -9999 -9999 -9999 -9999 -9999 -9999 -9999 -9999 -9999 -9999 -9999 -9999 -9999 -9999 -9999 -9999 -9999 -9999 -9999 -9999 -9999 -9999 -9999 -9999 -9999 -9999 -9999 -9999 -9999 -9999 -9999 -9999 -9999 -9999 -9999 -9999 -9999 -9999 -9999 -9999 -9999 -9999 -9999 -9999 -9999
-9999 -9999 -9999 -9999 -9999 14.0620746333152 14.0011139106937 13.298272638116 13.8885158700868 14.0054170205258 14.0627918182872 13.8254035925493 13.8598284712061 13.8354441821575 13.8648487660103 13.5614795228466 13.5026703551412 13.3506271410733 13.4754173262045 13.4747001412325 13.9279610435478 14.1804101536982 14.2392193214037 14.4636982176453 13.2167091472074 10.0087588010356 10.2044263169519 13.3585161757655 13.1985839270055 12.6678670477122 12.5753501863219 11.0853266884573 10.6320688379928 10.5173345017247 12.3249997245148 7.90517300882034 8.60299514962421 12.2299997266382 9.34999979101121 13.9485544977444 13.7522507254034 13.0024338371586 12.5401184745715 12.8799997121096 -9999 -9999 -9999 -9999 -9999 -9999 -9999 -9999 -9999 -9999 -9999 -9999 -9999 -9999 -9999 -9999 -9999 -9999
-9999 -9999 -9999 -9999 -9999 13.6927243727259 13.8038880433887 13.6826837831177 14.0039826505817 14.1165806911886 13.8634143960662 13.9250923036598 13.8641315810382 13.976012436673 13.8038880433887 13.4058503839187 13.695593112614 13.4876094707288 13.5593279679306 13.5736716673709 14.2377849514596 13.8375957370736 14.8696249118075 14.5454573044553 10.8595995851792 10.5558030828834 13.5148624996655 13.4675282915123 13.4474471122958 13.4675282915123 13.6023590662517 13.8469191417098 9.68341092350285 12.1478601306677 10.0291780314337 10.6635029027238 12.0099997315556 -9999 13.2149997046217 9.8458545189709 10.0076762742918 13.6148201551405 13.7551194652915 10.4955137674697 10.1430555018596 11.2766579056624 -9999 -9999 -9999 -9999 -9999 -9999 -9999 -9999 -9999 -9999 -9999 -9999 -9999 -9999 -9999 -9999
-9999 -9999 -9999 -9999 -9999 13.736472656019 13.856242546346 14.093630772084 13.8490706966259 13.774483459536 13.9129001591355 13.972426511813 13.9516281476244 13.8999908296391 13.9666890320368 14.0032654656097 13.8046052283607 13.7852412341163 13.7206945866346 13.6518448293209 14.0061342054978 13.495498505421 13.6439557946287 14.1897335583344 12.0511601783933 10.661835482344 13.5449842684902 13.415890973527 13.3922238694504 13.4668111065403 13.9537797025405 13.7701803497039 13.855525361374 14.095065142028 14.2557145757601 10.9017990541179 10.3938364980277 12.3099997248501 12.0549997305498 7.59693898456171 7.57864279905334 10.6195104713552 12.7051606662571 13.7551194652915 9.43816185952164 9.75499978195876 -9999 -9999 -9999 -9999 -9999 -9999 -9999 -9999 -9999 -9999 -9999 -9999 -9999 -9999 -9999 -9999
-9999 -9999 -9999 -9999 -9999 14.1954710381106 13.972426511813 14.0462965639308 14.0118716852739 13.6045106211677 13.8225348526612 13.8626972110942 13.8727378007025 13.8655659509823 13.8813440203667 13.9480422227643 13.7314523612149 13.8175145578571 13.7149571068585 13.8089083381929 13.7529679103754 13.4295174879953 13.6446729796007 10.7842341260985 9.94581907045526 13.6898556328379 13.9150517140515 14.4572435528971 14.2098147375509 15.0697195190005 13.0307626435533 13.8081911532208 13.896404904779 14.093630772084 14.1904507433064 13.7264320664108 13.3880606981494 10.5922842776596 9.88911098474637 12.6821344508789 9.92478876307066 10.1042546627352 8.02543160504138 9.71999978274107 6.87213591439649 9.46794138506188 9.33499979134649 -9999 -9999 -9999 -9999 -9999 -9999 -9999 -9999 -9999 -9999 -9999 -9999 -9999 -9999 -9999
-9999 -9999 -9999 -9999 -9999 14.1115603963844 13.974578066729 13.9846186563373 14.0312356795184 13.8490706966259 13.8791924654506 13.8913846099749 14.0427106390707 14.0606402633712 13.9989623557776 13.9846186563373 13.9035767544992 13.9279610435478 13.8583941012621 13.45605333196 13.4933469505049 13.6030762512237 13.5084078349173 13.5507217482664 13.0631953417324 14.2901394544169 14.2248756219633 14.3819391308352 13.9064454943873 14.2463911711238 15.2002471839078 14.3668782464229 13.5234687193297 13.8325754422694 14.0649433732033 13.3556474358775 13.8203832977451 13.3499099561013 14.5346995298751 14.2320474716835 12.8213446317241 10.0019208500612 11.7579983798787 10.838879864842 11.4024180707522 12.9265666418358 12.0949997296557 -9999 -9999 -9999 -9999 -9999 -9999 -9999 -9999 -9999 -9999 -9999 -9999 -9999 -9999 -9999
-9999 -9999 -9999 -9999 -9999 13.6260261703283 13.9243751186877 13.815363002941 14.0118716852739 14.0161747951061 13.9853358413093 14.0900448472239 14.1359446854331 14.1581774195656 14.1639148993418 14.214835032355 14.1244697258808 13.85409099143 13.7120883669704 13.8971220897511 13.5980559564196 13.3950926093385 13.6812494131736 11.8115481911227 13.5202413869556 12.8550523254089 13.3491927711293 14.3252815180458 14.8717764667235 13.9193548238836 14.1710867490619 13.05801567249 12.8450117358007 12.9052552734502 13.7798623468261 12.8147465299815 13.7859584190883 13.5600451529026 14.5877712178044 14.4572435528971 13.6782611424569 14.73192539718 14.8825342413038 11.6082979700528 9.86746794697378 12.039999730885 -9999 -9999 -9999 -9999 -9999 -9999 -9999 -9999 -9999 -9999 -9999 -9999 -9999 -9999 -9999 -9999
-9999 -9999 -9999 -9999 -9999 13.0393688632175 13.7787865693681 13.8426160318777 13.8770409105346 14.1825617086142 14.1603289744817 13.8655659509823 13.9509109626524 13.1024811407551 13.9695577719249 14.1072572865523 13.9042939394712 13.9057283094153 13.4058503839187 13.2272713258862 13.3126163375564 13.3104647826403 13.4402752625756 12.740123433643 13.8182317428291 14.3008972289972 13.7687459797598 14.0434278240427 13.694875927642 14.3582720267586 14.053468413651 13.1706137130968 13.1469466090202 13.7235633265227 14.2227240670472 14.5031433911063 14.6351054259576 13.7318109537009 13.5568178205285 14.7333597671241 14.6702474895865 14.6623584548943 13.3213450034353 9.18379771290347 9.7600634675473 9.87473894669009 12.2549997260794 -9999 -9999 -9999 -9999 -9999 -9999 -9999 -9999 -9999 -9999 -9999 -9999 -9999 -9999 -9999
-9999 -9999 -9999 -9999 -9999 13.5801263321191 13.4779274736065 13.3850520197302 13.4775688811205 14.1151463212445 13.336283441633 13.375011430122 13.5227515343577 13.5880153668113 14.0563371535391 13.7529679103754 13.8978392747231 13.5901669217274 12.9927518400364 13.3197881872766 13.2738883490674 12.3752555791289 13.2028870368376 14.3095034486614 14.2370677664876 13.93585007824 13.6425214246847 14.7520065763965 13.9509109626524 14.7778252353892 14.573427518364 13.5442670835182 14.0032654656097 14.094347957056 14.0333872344345 13.8662831359543 13.773766274564 13.5521561182104 13.6118617671309 14.6250648363493 14.0993682518601 15.5975676584058 14.2327646566555 14.054902783595 9.97499977704138 12.1299997288734 -9999 -9999 -9999 -9999 -9999 -9999 -9999 -9999 -9999 -9999 -9999 -9999 -9999 -9999 -9999 -9999
-9999 -9999 -9999 -9999 -9999 13.3283944069408 13.5091250198893 13.3592333607376 13.4481642972678 13.3219397421926 13.9860530262813 13.7622913150117 13.5901669217274 14.2098147375509 14.1015198067762 14.0434278240427 14.1976225930266 13.6920071877539 12.860789805185 12.4398022266105 12.9497207417153 12.9611957012676 13.6798150432296 14.1639148993418 14.1854304485023 14.0792870726436 13.5543076731265 13.7665944248438 13.2667164993472 14.5877712178044 14.5641041137278 13.7823724942282 14.5841852929443 14.1675008242019 14.493102801498 13.8469191417098 13.7156742918305 13.4366893377155 14.054902783595 14.3367564775981 14.4256874141283 14.1474196449853 10.8602820129599 9.90191858587787 11.8749997345731 -9999 -9999 -9999 -9999 -9999 -9999 -9999 -9999 -9999 -9999 -9999 -9999 -9999 -9999 -9999 -9999 -9999
-9999 -9999 -9999 -9999 -9999 13.4452955573797 13.4488814822398 13.5786919621751 13.4811548059806 13.5234687193297 14.0262153847143 14.3891109805554 14.1653492692858 13.9552140724845 13.9960936158895 13.6719260085374 13.7522507254034 13.4431440024637 13.5951872165315 14.0649433732033 13.4259315631352 13.6288949102163 14.5590838189237 14.5741447033361 14.2033600728028 13.9925076910295 13.7020477773622 14.2463911711238 14.254280205816 14.3023315989412 14.7591784261167 14.4593951078132 14.8029267094098 14.2191381421871 14.4278389690444 14.5490432293154 13.7916958988644 13.654713569209 10.5222625257229 8.51378825278953 8.51029795259237 9.3008147024159 9.20311560122777 11.6179706125885 9.76668598409742 11.9990539287494 -9999 -9999 -9999 -9999 -9999 -9999 -9999 -9999 -9999 -9999 -9999 -9999 -9999 -9999 -9999 -9999
-9999 -9999 -9999 -9999 -9999 13.6600924564991 13.7949232312385 13.2896664184518 13.334849071689 13.4366893377155 13.496932875365 13.9713507343549 14.214835032355 14.532547974959 13.8203832977451 13.5306405690499 13.9035767544992 14.0384075292386 14.410626529716 14.4436170384288 13.9846186563373 14.3647266915068 14.6408429057337 14.4335764488205 14.4314248939045 13.8110598931089 13.8418988469057 13.6123996558599 14.0039826505817 14.2614520555362 13.7579882051796 13.6123996558599 14.3876766106114 13.8325754422694 9.56340219266713 13.3624094656136 13.5270546441898 13.5908841066994 13.4192976021441 12.9543824440334 12.8012634525076 9.35090197546167 12.0925926550237 -9999 -9999 -9999 -9999 13.2249997043982 13.2249997043982 -9999 -9999 -9999 -9999 -9999 -9999 -9999 -9999 -9999 -9999 -9999 -9999 -9999
-9999 -9999 -9999 -9999 -9999 13.6808908206876 13.7540436878335 13.6744361559395 13.8322168497834 14.0498824887909 13.9480422227643 13.5700857425109 13.7099368120544 14.1036713616922 14.1216009859927 14.0319528644904 14.5203558304347 13.9301125984639 14.5124667957425 14.5590838189237 14.4866481367499 14.6164586166851 14.5418713795952 14.1667836392298 13.9982451708056 13.7959990086965 13.4825891759247 13.3219397421926 13.3427381063811 13.6095309159718 13.9207891938277 12.4268331316998 14.9391918540932 13.8318582572974 14.3195440382697 13.2753227190115 13.4617908117361 12.7602046128595 10.5541609901815 -9999 -9999 -9999 -9999 -9999 -9999 -9999 -9999 -9999 -9999 -9999 -9999 -9999 -9999 -9999 -9999 -9999 -9999 -9999 -9999 -9999 -9999 -9999
-9999 -9999 -9999 -9999 -9999 13.8053224133328 14.0211950899102 14.054185598623 13.9903561361134 14.7900173799135 14.5511947842315 14.5210730154067 14.6351054259576 14.5282448651269 14.6831568190828 14.7261879174039 14.3833735007793 14.7434003567323 14.8323312932625 14.6831568190828 14.812250114046 14.4393139285967 14.6860255589709 13.5500045632944 13.3463240312412 13.5535904881544 13.1498153489083 13.3176366323605 13.4653767365962 13.893536164891 13.177785562817 14.293008194305 14.054902783595 13.7723319046199 14.0599230783992 14.211249107495 14.1897335583344 15.3200170742348 15.1550645306706 9.76621294720098 11.6199997402728 -9999 -9999 -9999 -9999 -9999 -9999 -9999 -9999 -9999 -9999 -9999 -9999 -9999 -9999 -9999 -9999 -9999 -9999 -9999 -9999 -9999
-9999 -9999 -9999 -9999 -9999 12.8227790016681 13.9401531880721 13.496932875365 13.5898083292414 15.4971617623232 14.5920743276365 14.6673787496984 14.769936200697 14.7096926630475 14.7147129578516 14.8538468424231 14.6064180270769 14.4558091829531 14.0577715234831 14.7649159058928 14.6594897150062 14.4787591020577 14.4357280037366 14.4859309517778 14.332453367766 13.6102481009439 13.3936582393944 13.1670277882367 13.816080187913 14.3941312753595 13.7228461415507 14.5045777610503 13.2889492334798 14.7950376747176 13.77591782948 13.8476363266818 14.7763908654451 13.8211004827172 15.2647938313894 10.1915646726266 9.99649036023766 9.80499978084117 11.4146308059886 7.54811927977739 12.9084826058242 11.8499997351319 -9999 -9999 -9999 -9999 -9999 -9999 -9999 -9999 -9999 -9999 -9999 -9999 -9999 -9999 -9999 -9999
-9999 -9999 -9999 -9999 -9999 13.8375957370736 13.5041047250852 14.253563020844 14.8875545361079 15.7116000689566 15.6771751902997 14.3503829920664 13.6869868929498 14.3790703909472 14.0713980379514 15.0560930045322 14.9872432472184 14.7598956110887 13.7285836213268 13.9064454943873 14.772087755613 14.73192539718 14.493102801498 14.5899227727205 14.850978102535 14.4823450269178 13.3448896612972 14.6200445415452 14.7907345648855 14.5963774374686 14.7441175417043 14.2585833156481 14.2385021364316 14.9556871084496 14.2951597492211 13.255600132281 13.0451063429937 12.0134683600627 14.9750511026941 13.5213171644136 13.4503158521838 13.774483459536 16.6747794863768 13.7013305923901 12.6555314661935 11.9298837115057 11.5049997428432 -9999 -9999 -9999 -9999 -9999 -9999 -9999 -9999 -9999 -9999 -9999 -9999 -9999 -9999 -9999
-9999 -9999 -9999 -9999 -9999 13.6841181530617 13.7859584190883 14.9650105130859 15.0797601086088 14.6164586166851 15.6391643867828 14.5024262061343 14.4708700673655 14.3762016510591 14.1775414138101 14.372615726199 14.2521286509 14.2349162115715 14.1180150611326 14.8703420967795 14.4629810326733 14.5899227727205 14.6752677843906 15.4175542304292 15.6212347624823 14.1961882230826 15.128528686706 14.2485427260399 14.612155506853 15.3092592996545 15.2949156002142 14.2779473098926 14.174672673922 14.7735221255571 13.4431440024637 13.8899502400309 14.1660664542578 15.7897732309066 14.3898281655274 14.7828455301933 13.4495986672118 13.0501266377978 13.0049439845607 13.0056611695327 12.0718265705509 9.69553377479315 -9999 -9999 -9999 -9999 -9999 -9999 -9999 -9999 -9999 -9999 -9999 -9999 -9999 -9999 -9999 -9999
-9999 -9999 -9999 -9999 -9999 14.3783532059751 15.1772972648032 15.4971617623232 14.968596437946 15.0596789293922 15.4770805831067 15.2282173978165 15.5918301786296 14.6616412699223 15.0740226288326 14.9069185303524 13.455336146988 13.4603564417921 13.8347269971855 14.4644154026173 13.5098422048613 14.9119388251565 15.168691045139 15.6563768261112 14.7132785879076 14.133793130517 14.4199499343522 14.8868373511359 14.2829676046968 15.0424664900638 15.3730887621641 13.9566484424286 14.5676900385879 14.1703695640899 13.5779747772031 13.1993011119775 13.85409099143 13.1440778691322 14.2829676046968 14.3848078707233 15.2153080683202 15.089800698217 15.4448072593659 12.2196916388348 11.6100192139857 12.3715800061473 11.0509287042369 -9999 -9999 8.97549144677552 -9999 -9999 -9999 -9999 10.9150669761002 -9999 -9999 -9999 -9999 -9999 -9999 -9999
-9999 -9999 -9999 -9999 -9999 14.094347957056 15.3601794326678 15.5968504734337 15.0862147733569 14.6300851311535 15.6578111960553 14.9026154205203 15.9554429594427 15.4512619241141 15.5043336120434 15.6549424561672 15.726660953369 15.7453077626415 15.7876216759905 15.5832239589654 15.2848750106059 15.4985961322673 15.6621143058874 15.7417218377814 16.5428174515255 15.7309640632011 15.6628314908594 14.3001800440252 14.6853083739989 14.4622638477013 14.9047669754364 14.332453367766 14.4751731771976 14.2722098301165 14.1259040958248 13.6224402454682 13.0910061812028 13.2502212449908 17.1502731228247 16.7802056772634 13.8806268353947 15.1923581492156 10.3302407795563 11.177986986842 12.7922986403573 12.3554433442769 11.2048097047955 9.93750167188837 9.46606645863503 9.07161472402513 -9999 -9999 -9999 9.81485400152659 9.38249444651427 9.79499978106469 -9999 -9999 -9999 -9999 -9999 -9999
-9999 -9999 -9999 -9999 -9999 13.7199774016626 15.3723715771921 14.8983123106882 15.6025879532099 13.9638202921487 15.1105990624055 14.692480223719 15.0776085536927 15.9339274102822 15.5889614387415 15.8249152945355 15.765388941858 15.6527909012511 15.7955107106827 15.8779869824648 15.7402874678373 15.6126285428181 15.7402874678373 15.7582170921378 15.7094485140406 15.8665120229125 14.8947263858281 16.1325876475312 15.328623293899 15.4110995656811 15.2820062707178 14.8387859580107 14.2951597492211 12.4476912613027 12.6800591922365 12.5961485505104 12.9690847359598 13.1110873604193 13.1835230425932 13.1964323720895 13.8469191417098 11.8501327426173 11.9110319922412 12.8241109166161 13.211428057868 9.15175327798352 8.95999979972839 10.2914507367648 13.6104074753821 9.62317777983844 8.57553330110386 8.76427870605077 -9999 10.7262792382317 12.5517322045036 -9999 -9999 -9999 -9999 -9999 -9999 -9999
-9999 -9999 -9999 -9999 -9999 13.6712088235654 14.0470137489028 15.4849696177989 14.2392193214037 15.6613971209154 14.3683126163669 14.7627643509768 15.1005584727973 15.7933591557667 15.8571886182763 15.8700979477726 15.8614917281084 15.8901791269891 15.8170262598433 15.8543198783882 15.6427503116429 15.8005310054868 15.4519791090861 15.3243201840669 15.1027100277133 15.1615191954188 15.1213568369858 15.3723715771921 13.3491927711293 12.4527115561068 13.5205999794416 12.5602893019095 12.3386791455559 12.8059251548257 12.2877590125427 12.9898831001483 13.9100314192474 13.0902889962308 11.2569251460955 9.65517135057598 9.63999978452921 9.3534585258217 11.6925467132657 11.6569948296528 12.0475020469166 6.77201412057342 8.17499981727451 11.5899997409433 10.5988840281032 7.49747356196827 9.54124793470172 9.18926052609459 14.977043283172 12.0083915597759 12.0065692985437 -9999 -9999 -9999 -9999 -9999 -9999 -9999
-9999 -9999 -9999 -9999 -9999 15.7001251094043 15.0159306460992 15.3824121668003 14.0713980379514 13.774483459536 14.1230353559367 14.4228186742403 15.3078249297105 15.8980681616813 15.9511398496106 15.9762413236313 15.925321190618 15.9389477050863 15.9360789651982 15.9683522889391 15.6011535832658 15.5337381958961 14.8473921776749 15.1414380162023 14.8832514262758 14.7197332526557 13.8067567832768 12.8442945508286 12.6649983078241 12.1658375672996 12.3386791455559 12.1665547522716 12.022400572896 12.6413312037475 12.502197319176 12.2768219417194 9.27695994779107 10.0203150276126 7.8349998248741 9.43409526813775 12.1960549607873 12.5904110707343 13.9437391129322 13.2659993143752 14.4814485457027 11.0521256020293 9.60062283216773 -9999 12.1888899414002 15.3515732130036 14.8724936516955 14.6246664002538 14.5428276262246 15.064460162539 10.1226538782939 9.87999977916479 -9999 -9999 -9999 -9999 -9999 -9999
-9999 -9999 -9999 -9999 -9999 16.0149693121202 13.6898556328379 14.8839686112478 14.5210730154067 15.8012481904589 15.3357951436192 16.2129123643972 16.2150639193133 16.1956999250688 16.1591234914958 15.9956053178757 15.9023712715134 16.0744956647977 16.0917081041262 16.0744956647977 15.8944822368212 15.925321190618 15.2619250915013 14.3805047608912 14.5684072235599 13.6532791992649 12.859714027727 12.4971770243719 12.7202215506695 12.2676778333262 12.1321298736148 11.9965819139034 11.9700460699387 12.5237128683366 12.1149174342863 10.8791001497535 13.3921214144544 13.1577043836005 -9999 9.29352192720398 13.2692266467493 13.2753227190115 14.5648212986998 13.4058503839187 13.1067842505872 14.4844965818338 -9999 14.4751731771976 14.4350108187646 14.3801860120147 16.1827905955724 16.3850367576815 16.5126956827007 16.1325876475312 12.4999997206032 -9999 -9999 -9999 -9999 -9999 -9999 -9999
