EcologicalScience/Bass/data/rs_data_bass/sst_60.asc
NCOLS 226 
NROWS 124 
XLLCORNER -9.41648524995501 
YLLCORNER 47.587301625531 
CELLSIZE 0.0833 
NODATA_value -9999 
[rows 0 to 26 of 124, columns 0 to 61 of 226]
-9999.000000000000000 -9999 -9999 -9999 -9999 -9999 -9999 -9999 -9999 -9999 -9999 -9999 -9999 -9999 -9999 -9999 -9999 -9999 -9999 -9999 -9999 -9999 -9999 -9999 -9999 -9999 -9999 -9999 -9999 -9999 -9999 -9999 -9999 -9999 -9999 -9999 -9999 -9999 -9999 -9999 -9999 -9999 -9999 -9999 -9999 -9999 -9999 -9999 -9999 -9999 -9999 -9999 -9999 -9999 -9999 -9999 -9999 -9999 -9999 -9999 -9999 -9999
-9999 -9999 -9999 -9999 -9999 -9999 -9999 -9999 -9999 -9999 -9999 -9999 -9999 -9999 -9999 -9999 -9999 -9999 -9999 -9999 -9999 -9999 -9999 -9999 -9999 -9999 -9999 -9999 -9999 -9999 -9999 -9999 -9999 -9999 -9999 -9999 -9999 -9999 -9999 -9999 -9999 -9999 -9999 -9999 -9999 -9999 -9999 -9999 -9999 -9999 -9999 -9999 -9999 -9999 -9999 -9999 -9999 -9999 -9999 -9999 -9999 -9999
-9999 -9999 -9999 -9999 -9999 -9999 -9999 -9999 -9999 -9999 -9999 -9999 -9999 -9999 -9999 -9999 -9999 -9999 -9999 -9999 -9999 -9999 -9999 -9999 -9999 -9999 -9999 -9999 -9999 -9999 -9999 -9999 -9999 -9999 -9999 -9999 -9999 -9999 -9999 -9999 -9999 -9999 -9999 -9999 -9999 -9999 -9999 -9999 -9999 -9999 -9999 -9999 -9999 -9999 -9999 -9999 -9999 -9999 -9999 -9999 -9999 -9999
-9999 -9999 -9999 -9999 -9999 -9999 -9999 -9999 -9999 -9999 -9999 -9999 -9999 -9999 -9999 -9999 -9999 -9999 -9999 -9999 -9999 -9999 -9999 -9999 -9999 -9999 -9999 -9999 -9999 -9999 -9999 -9999 -9999 -9999 -9999 -9999 -9999 -9999 -9999 -9999 -9999 -9999 -9999 -9999 -9999 -9999 -9999 -9999 -9999 -9999 -9999 -9999 -9999 -9999 -9999 -9999 -9999 -9999 -9999 -9999 -9999 -9999
-9999 -9999 -9999 -9999 -9999 -9999 -9999 -9999 -9999 -9999 -9999 -9999 -9999 -9999 -9999 -9999 -9999 -9999 -9999 -9999 -9999 -9999 -9999 -9999 -9999 -9999 -9999 -9999 -9999 -9999 -9999 -9999 -9999 -9999 -9999 -9999 -9999 -9999 -9999 -9999 -9999 -9999 -9999 -9999 -9999 -9999 -9999 -9999 -9999 -9999 -9999 -9999 -9999 -9999 -9999 -9999 -9999 -9999 -9999 -9999 -9999 -9999
-9999 -9999 -9999 -9999 -9999 9.3849997902289 9.3849997902289 10.271666437077 10.0062497763429 8.64499980676919 9.09999979659915 8.92999980039895 8.88499980140477 8.88999980129302 8.96499979961663 9.12499979604036 8.86833313511064 8.75249980436638 8.80999980308115 8.49499981012195 8.55124980886467 8.39562481234316 8.67062480619643 8.78874980355613 11.1939997497946 9.82681796217168 6.92499984521419 7.5074998321943 7.39285697761391 8.02299982067198 8.32099981401116 8.96499979961663 11.0813633886759 12.3831815413961 12.3249997245148 6.87162742400141 11.150587986059 12.2299997266382 11.106249751756 9.69794095970471 8.75149980438873 10.4562497662846 10.4570830995993 13.0637497080024 -9999 -9999 -9999 -9999 -9999 -9999 -9999 -9999 -9999 -9999 -9999 -9999 -9999 -9999 -9999 -9999 -9999 -9999
-9999 -9999 -9999 -9999 -9999 8.25999981537461 9.96499977726489 9.8324997802265 9.73999978229403 9.55624978640117 9.41499978955835 9.17999979481101 8.99999979883432 8.79999980330467 8.80499980319291 8.97999979928136 9.0574997975491 8.84833313555767 8.5849998081103 8.52999980933964 8.52999980933964 8.47166647731016 8.79749980336055 10.5114283364798 9.96874977718107 8.15218731778441 6.39749985700473 8.19624981679954 8.34249981353059 8.45199981108308 8.15999981760979 8.13199981823564 7.66199982874095 12.1458820814596 11.9694114971687 12.5470267465791 12.0099997315556 -9999 11.1169660436513 12.5365214589173 10.9503445828269 8.60299980770797 8.60649980762973 9.58218728582142 9.52614264421697 12.8852561222485 -9999 -9999 -9999 -9999 -9999 -9999 -9999 -9999 -9999 -9999 -9999 -9999 -9999 -9999 -9999 -9999
-9999 -9999 -9999 -9999 -9999 9.91666644501189 9.9299997780472 9.92166644490013 9.35749979084358 8.42499981168658 8.83499980252236 9.20499979425222 9.21999979391694 8.81999980285764 9.13999979570508 9.08374979696237 8.91374980076216 8.85374980210327 8.79499980341643 8.73749980470166 8.54285695190941 8.5957140935851 8.67874980601482 8.94461518468765 10.6575859686809 10.0318179575896 8.36666647965709 8.39333314572771 8.87999980151653 8.84071408810892 8.64833314002802 8.44999981112778 8.73999980464578 8.75999980419874 8.69499980565161 9.6642854982721 12.3099997248501 12.3099997248501 12.0549997305498 11.8244115004097 11.7457997374609 13.2246150890222 9.81241357377891 9.83724115943087 10.2577938883675 12.1549997283146 -9999 -9999 -9999 -9999 -9999 -9999 -9999 -9999 -9999 -9999 -9999 -9999 -9999 -9999 -9999 -9999
-9999 -9999 -9999 -9999 -9999 9.82333311376472 9.74166644892345 9.42999978922307 9.47249978827313 9.08499979693443 9.01999979838729 8.0649998197332 8.1249998183921 8.46499981079251 8.51499980967492 8.89249980123714 8.4399998113513 8.47299981061369 8.3674998129718 7.99928553548775 8.00499982107431 8.29666648122172 8.17666648390392 8.76499980408698 9.03609354802757 8.56799980849028 8.06099981982261 8.2762498150114 8.73999980464578 8.6699998062104 8.73499980475754 9.10999979637563 8.98999979905784 8.86999980174005 8.77999980375171 8.87999980151653 9.30916645859058 11.8649997347966 11.6499997396022 11.6499997396022 12.5649997191504 12.5649997191504 12.2149997269735 12.2149997269735 11.5699997413903 11.5699997413903 9.33499979134649 -9999 -9999 -9999 -9999 -9999 -9999 -9999 -9999 -9999 -9999 -9999 -9999 -9999 -9999 -9999
-9999 -9999 -9999 -9999 -9999 9.90124977868982 10.0224997759797 9.48499978799373 9.31749979173765 8.94499980006367 8.90499980095774 8.57999980822206 8.20499981660396 9.03749979799613 9.03999979794025 8.62499980721623 8.62499980721623 8.56499980855733 8.39374981238507 8.25999981537461 8.34142838498311 8.39124981244095 8.38599981255829 8.55949980868027 7.50464268940102 8.50999980978668 7.48699983265251 8.57699980828911 8.72999980486929 8.79999980330467 9.03499979805201 9.14999979548156 9.31999979168177 9.2999997921288 9.14499979559332 8.94999979995191 8.93999980017543 8.98999979905784 9.2999997921288 9.2999997921288 8.54214266621109 12.9455711392154 10.8249997580424 7.0027776212535 13.1249997066334 13.0599997080863 12.0949997296557 -9999 -9999 -9999 -9999 -9999 -9999 -9999 -9999 -9999 -9999 -9999 -9999 -9999 -9999 -9999
-9999 -9999 -9999 -9999 -9999 9.81749978056177 9.49999978765845 9.50749978749081 9.50999978743494 9.17999979481101 9.16999979503453 7.94999982230365 6.8299998473376 7.58999983035028 8.47999981045723 8.32999981380999 8.54499980900437 8.91999980062246 8.87499980162829 8.99499979894608 7.5799998305738 7.5799998305738 7.94699982237071 7.94571410811373 8.96476170438386 8.49999981001019 8.59499980788678 8.45499981101602 8.97999979928136 8.86499980185181 8.97499979939312 9.11999979615211 9.16499979514629 8.95999979972839 9.45499978866428 7.79299982581288 8.03666648703317 8.64785694956247 8.68714266297008 9.13499979581684 9.19999979436398 8.96791646621811 6.86749984649941 7.96217373507502 12.1799997277558 12.039999730885 -9999 -9999 -9999 -9999 -9999 -9999 -9999 -9999 -9999 -9999 -9999 -9999 -9999 -9999 -9999 -9999
-9999 -9999 -9999 -9999 -9999 10.0574997751974 9.84666644657652 9.80166644758234 9.82437478040811 9.17499979492277 9.05499979760498 8.30499981436878 8.49499981012195 8.11999981850386 7.63499982934445 7.89999982342124 8.21999981626868 8.78499980363995 8.87999980151653 8.22999981604517 8.22999981604517 8.60499980766326 8.38642838397729 9.27038440817537 8.43833314472189 8.45999981090426 8.49499981012195 8.57249980838969 8.62749980716035 8.96999979950488 8.96499979961663 9.01999979838729 9.0449997978285 9.01499979849905 8.95499979984015 8.9249998005107 8.90999980084598 9.56653824770966 9.16999979503453 9.12499979604036 9.08999979682267 9.09999979659915 9.06499979738146 12.2635711544592 12.3199997246265 12.4499997217208 12.2549997260794 -9999 -9999 -9999 -9999 -9999 -9999 -9999 -9999 -9999 -9999 -9999 -9999 -9999 -9999 -9999
-9999 -9999 -9999 -9999 -9999 9.50999978743494 9.22499979380518 9.38999979011714 8.88499980140477 9.27999979257584 8.46999981068075 8.71499980520457 8.62499980721623 8.61499980743974 7.99999982118607 7.80499982554466 7.97499982174486 7.75499982666224 8.74499980453402 8.67499980609864 8.58999980799854 8.61499980743974 8.64999980665743 8.73499980475754 8.82499980274588 8.90999980084598 8.93499980028719 8.34999981336296 8.90999980084598 9.11999979615211 9.04999979771674 9.01999979838729 8.93499980028719 8.9249998005107 9.01999979838729 9.02999979816377 8.96499979961663 8.94499980006367 8.81999980285764 8.82999980263412 8.9249998005107 8.96999979950488 6.49249985488132 10.4980432436113 11.9649997325614 12.1299997288734 -9999 -9999 -9999 -9999 -9999 -9999 -9999 -9999 -9999 -9999 -9999 -9999 -9999 -9999 -9999 -9999
-9999 -9999 -9999 -9999 -9999 9.17999979481101 8.98999979905784 9.03499979805201 9.3849997902289 9.33499979134649 9.08499979693443 8.58999980799854 8.67999980598688 9.01999979838729 8.96999979950488 8.86999980174005 8.82999980263412 8.69499980565161 8.69499980565161 8.41499981191009 8.45499981101602 8.5178569524682 8.63999980688095 8.78499980363995 9.09499979671091 9.11999979615211 8.92999980039895 8.74999980442226 9.18499979469925 9.16999979503453 9.12499979604036 9.05499979760498 9.0449997978285 9.09999979659915 9.07999979704618 8.92999980039895 8.8399998024106 8.74999980442226 8.79999980330467 8.8149998029694 8.80999980308115 8.80999980308115 9.67964264078598 11.8749997345731 11.8749997345731 -9999 -9999 -9999 -9999 -9999 -9999 -9999 -9999 -9999 -9999 -9999 -9999 -9999 -9999 -9999 -9999 -9999
-9999 -9999 -9999 -9999 -9999 9.34499979112297 9.00999979861081 9.08999979682267 8.57499980833381 8.3549998132512 8.86499980185181 8.87999980151653 8.89499980118126 8.88999980129302 8.94999979995191 8.8999998010695 8.91499980073422 8.92999980039895 8.76499980408698 8.56499980855733 8.62499980721623 8.74999980442226 8.76999980397522 8.82999980263412 9.12499979604036 9.12499979604036 9.08999979682267 9.10499979648739 9.07499979715794 9.0449997978285 8.87499980162829 8.89499980118126 8.94999979995191 8.99499979894608 9.07999979704618 8.99499979894608 8.67999980598688 8.73499980475754 9.21954524847255 11.5146549150412 11.5312497422565 11.2999997474253 11.604999740608 11.5999997407198 11.6649997392669 11.6899997387081 -9999 -9999 -9999 -9999 -9999 -9999 -9999 -9999 -9999 -9999 -9999 -9999 -9999 -9999 -9999 -9999
-9999 -9999 -9999 -9999 -9999 9.94999977760017 9.69333311667045 9.51666645395259 8.50999980978668 8.61999980732799 8.6099998075515 8.57999980822206 8.91999980062246 8.99499979894608 8.97999979928136 9.02999979816377 8.97499979939312 8.97999979928136 8.88499980140477 8.72999980486929 8.79999980330467 8.83499980252236 9.06499979738146 9.13999979570508 9.06499979738146 9.17999979481101 9.14999979548156 8.9849997991696 8.86499980185181 8.79999980330467 8.85499980207533 8.8399998024106 8.88499980140477 8.84999980218709 8.63999980688095 8.60499980766326 8.60499980766326 8.77999980375171 8.82999980263412 9.19785693726901 12.0302775088801 12.0474997307174 11.1849997499958 -9999 -9999 -9999 -9999 13.2249997043982 13.2249997043982 -9999 -9999 -9999 -9999 -9999 -9999 -9999 -9999 -9999 -9999 -9999 -9999 -9999
-9999 -9999 -9999 -9999 -9999 10.0374997756444 9.81499978061765 9.72499978262931 9.42499978933483 8.94499980006367 8.99999979883432 9.1299997959286 9.15999979525805 9.0699997972697 9.06499979738146 8.88499980140477 8.95499979984015 9.08999979682267 9.11499979626387 8.86999980174005 8.94499980006367 8.99999979883432 9.09999979659915 9.23999979346991 9.25999979302287 9.20999979414046 9.10499979648739 8.76999980397522 8.63499980699271 8.76999980397522 8.67999980598688 8.93999980017543 8.49999981001019 8.52999980933964 8.57999980822206 8.61499980743974 8.63499980699271 9.6478258713108 13.8649996900931 -9999 -9999 -9999 -9999 -9999 -9999 -9999 -9999 -9999 -9999 -9999 -9999 -9999 -9999 -9999 -9999 -9999 -9999 -9999 -9999 -9999 -9999 -9999
-9999 -9999 -9999 -9999 -9999 10.0649997750297 10.029999775812 9.97999977692962 9.86999977938831 9.75499978195876 9.66999978385866 9.48999978788197 9.30999979190528 8.73999980464578 8.92999980039895 8.80999980308115 8.82499980274588 9.02499979827553 9.09999979659915 9.05499979760498 9.07999979704618 9.09499979671091 9.2149997940287 9.13499979581684 9.04999979771674 8.95999979972839 8.81999980285764 8.64499980676919 8.51499980967492 8.51499980967492 8.63499980699271 8.57499980833381 8.51999980956316 8.64499980676919 8.5849998081103 8.88499980140477 8.77999980375171 8.8766664682577 8.74449980454519 9.78735272241208 11.6199997402728 -9999 -9999 -9999 -9999 -9999 -9999 -9999 -9999 -9999 -9999 -9999 -9999 -9999 -9999 -9999 -9999 -9999 -9999 -9999 -9999 -9999
-9999 -9999 -9999 -9999 -9999 10.194999772124 9.96666644389431 10.0199997760355 9.88499977905303 9.81499978061765 9.70999978296459 9.50499978754669 9.27499979268759 9.09499979671091 8.95499979984015 8.88499980140477 8.81999980285764 8.93499980028719 8.89499980118126 8.95999979972839 8.99499979894608 9.02499979827553 9.33249979140237 9.30499979201704 8.88999980129302 8.88499980140477 8.32999981380999 8.26499981526285 8.40499981213361 8.69999980553985 8.73499980475754 8.53999980911613 8.70499980542809 8.72499980498105 8.32499981392175 7.95999982208014 7.894999823533 7.77499982621521 7.77499982621521 12.5749997189268 11.334999746643 -9999 -9999 9.62710504797532 8.44999981112778 8.44999981112778 -9999 -9999 -9999 -9999 -9999 -9999 -9999 -9999 -9999 -9999 -9999 -9999 -9999 -9999 -9999 -9999
-9999 -9999 -9999 -9999 -9999 9.64249978447333 9.65999978408217 9.86499977950007 9.98499977681786 9.88499977905303 9.76999978162348 9.64999978430569 9.53999978676438 9.59999978542328 8.89499980118126 8.72499980498105 8.60499980766326 9.07499979715794 8.93999980017543 8.88499980140477 8.8149998029694 8.7549998043105 9.60333311868211 9.50833312080552 9.33333312471708 8.24499981570989 8.30499981436878 8.39499981235713 8.36999981291592 8.67999980598688 8.72499980498105 8.68999980576336 8.79999980330467 8.72999980486929 8.37499981280416 8.2949998145923 8.32999981380999 8.38818163069134 9.3849997902289 6.40999985672534 6.44499985594302 6.49999985471368 6.43499985616654 8.08499981928617 8.08499981928617 6.39999985694885 -9999 -9999 -9999 -9999 -9999 -9999 -9999 -9999 -9999 -9999 -9999 -9999 -9999 -9999 -9999 -9999
-9999 -9999 -9999 -9999 -9999 9.91249977843836 9.32999979145825 9.16499979514629 9.30499979201704 9.79999978095293 9.65999978408217 9.66499978397042 9.6749997837469 9.49999978765845 9.49999978765845 9.33999979123473 9.67833311700573 9.10999979637563 9.1549997953698 9.0699997972697 8.79499980341643 9.68833311678221 9.54999978654087 8.88499980140477 8.92999980039895 8.45499981101602 8.61499980743974 8.90499980095774 8.65999980643392 8.55499980878085 8.64999980665743 8.69499980565161 8.57499980833381 8.52999980933964 8.28999981470406 8.30499981436878 8.30499981436878 8.22499981615692 6.60499985236675 6.54499985370785 8.24416648239518 8.4399998113513 8.54499980900437 7.77374982624315 9.11176450221854 13.5030431764443 -9999 -9999 -9999 -9999 -9999 -9999 -9999 -9999 -9999 -9999 -9999 -9999 -9999 -9999 -9999 -9999
-9999 -9999 -9999 -9999 -9999 10.0099997762591 10.0183331094061 9.50499978754669 9.30999979190528 9.20499979425222 9.43999978899956 9.3599997907877 9.03499979805201 8.71999980509281 6.16499986220151 8.95999979972839 9.20499979425222 9.04999979771674 9.01499979849905 9.47999978810549 9.42499978933483 8.94999979995191 8.8999998010695 8.91999980062246 8.8999998010695 8.88999980129302 8.88999980129302 8.8999998010695 8.87999980151653 8.96499979961663 8.97499979939312 8.56499980855733 8.45999981090426 8.39499981235713 8.34999981336296 8.30999981425703 8.3549998132512 8.33499981369823 8.32999981380999 8.39285695526217 8.40083314556008 8.43499981146306 8.44916647781307 8.62357123581959 9.96714263435985 9.3869997901842 9.0063331320261 -9999 -9999 -9999 -9999 -9999 -9999 -9999 10.9150669761002 -9999 -9999 -9999 -9999 -9999 -9999 -9999
-9999 -9999 -9999 -9999 -9999 10.0583331085121 10.078333108065 9.92166644490013 8.90249980101362 8.92249980056658 9.48499978799373 9.07999979704618 9.06499979738146 9.00499979872257 8.90499980095774 9.28999979235232 9.05499979760498 9.03999979794025 9.53833312013497 9.46249978849664 9.3724997905083 8.97999979928136 8.97499979939312 8.90999980084598 8.91999980062246 8.99499979894608 8.96499979961663 9.00499979872257 9.15999979525805 9.13499979581684 9.03999979794025 8.74999980442226 8.37499981280416 8.0649998197332 7.99999982118607 8.03499982040375 7.91999982297421 7.93499982263893 8.29624981456436 7.79499982576817 7.77499982621521 7.65499982889742 8.33499981369823 9.63999978452921 9.22147038211936 9.41499978955835 11.2048097047955 -9999 -9999 -9999 -9999 -9999 -9999 -9999 -9999 -9999 -9999 -9999 -9999 -9999 -9999 -9999
-9999 -9999 -9999 -9999 -9999 10.1583331062769 9.99666644322375 9.97666644367079 9.94499977771193 9.9174997783266 9.09249979676679 9.73833311566462 9.61333311845859 9.68833311678221 9.43499978911132 9.2999997921288 9.759999781847 9.02499979827553 8.97999979928136 8.93499980028719 8.90999980084598 9.00999979861081 9.36999979056418 9.36999979056418 9.33999979123473 9.36999979056418 9.33499979134649 9.33499979134649 9.12499979604036 9.25499979313463 8.07999981939793 8.19999981671572 8.07499981950969 7.97499982174486 7.98499982152134 7.98833315478017 8.15333315109213 8.3549998132512 7.83999982476234 7.83999982476234 8.9483331333225 9.81699978057295 9.20656229421729 9.18249979475513 9.14749979553744 11.269193296501 -9999 8.54964893170747 8.54964893170747 16.1617853530417 -9999 -9999 -9999 10.6136108738784 10.7956942031419 -9999 -9999 -9999 -9999 -9999 -9999 -9999
-9999 -9999 -9999 -9999 -9999 10.2249997714534 10.0899997744709 10.0866664412121 9.96499977726489 9.48499978799373 9.53499978687614 9.61999978497624 7.55749983107671 7.71499982755631 9.90166644534717 9.63499978464097 9.73166644914697 9.86166644624124 8.89499980118126 8.88499980140477 8.87499980162829 9.64999978430569 9.55749978637323 9.24499979335815 9.23999979346991 9.32499979157001 9.47999978810549 7.95999982208014 7.93499982263893 8.00999982096255 8.07999981939793 7.96499982196838 7.8099998254329 8.04999982006848 8.08999981917441 7.99999982118607 7.91666648971538 8.9366664669166 7.09499984141439 -9999 -9999 10.0896151590949 8.6664283777188 8.673571234702 8.21666648300985 12.4499997217208 -9999 14.6689419798159 14.6689419798159 -9999 -9999 -9999 9.89681796060706 9.73083311583226 9.74916644875581 -9999 -9999 -9999 -9999 -9999 -9999 -9999
-9999 -9999 -9999 -9999 -9999 6.07499986421317 9.98499977681786 9.99999977648258 9.45999978855252 9.45999978855252 9.79166644780586 9.79999978095293 9.77999978139997 9.90833311186483 9.88499977905303 9.6999997831881 9.43499978911132 9.38999979011714 9.82499978039414 9.89666644545893 9.77999978139997 9.7233331159999 8.92999980039895 8.94999979995191 9.17999979481101 9.41499978955835 8.16999981738627 8.04999982006848 7.85999982431531 7.78499982599169 7.78499982599169 7.70499982777983 7.75499982666224 7.88499982375652 8.60785695045654 7.74499982688576 11.7973681573609 -9999 7.8349998248741 -9999 12.2561761966413 8.34666648010413 8.3066664809982 8.40583314544832 8.44499981123954 8.42062481178436 7.32999983616173 -9999 11.4115786922998 8.89090889218179 8.89899980109185 10.9644734391354 10.7349997600541 10.6938232903862 9.98041644358697 -9999 -9999 -9999 -9999 -9999 -9999 -9999
-9999 -9999 -9999 -9999 -9999 10.1533331063886 9.43999978899956 9.51999978721142 9.60999978519976 9.90666644523541 10.0349997757003 10.0566664418826 9.99333310996493 9.80999978072941 9.79249978112057 9.51499978732318 8.86249980190769 8.44249981129542 8.37249981286004 9.62624978483655 9.44749978883192 8.94499980006367 5.35999988019466 9.19166646121691 9.12333312941094 8.69333313902219 7.90999982319772 7.88499982375652 7.78499982599169 7.70999982766807 7.60999982990324 7.73999982699752 7.78999982587993 7.82999982498586 8.31785695693855 8.07849981943145 8.60388869657699 8.76863616764207 -9999 12.6499997172505 8.31874981406145 8.29124981467612 8.25166648222754 8.27499981503934 8.51699980963022 9.00499979872257 -9999 8.28749981475994 8.80299980323762 8.91066646749775 10.0829997746274 10.0816664413239 9.21333312739929 9.24055534901304 11.344705628779 -9999 -9999 -9999 -9999 -9999 -9999 -9999
