EcologicalScience/Bass/data/rs_data_bass/sst_143.asc
NCOLS 226 
NROWS 124 
XLLCORNER -9.41648524995501 
YLLCORNER 47.587301625531 
CELLSIZE 0.0833 
NODATA_value -9999 
[rows 27 to 53 of 124, columns 62 to 123 of 226]
-9999 -9999 -9999 -9999 -9999 -9999 -9999 -9999 -9999 -9999 -9999 -9999 -9999 -9999 -9999 -9999 -9999 -9999 -9999 -9999 -9999 -9999 -9999 -9999 -9999 -9999 -9999 -9999 12.5299997199327 8.98206249075398 7.28467664774507 7.36571854958311 7.6282082493417 7.90575883351266 7.9430524520576 7.80678730737418 7.67984556732699 7.74439221480861 7.80104982759804 7.94950711680576 8.07286293199286 8.14816735405475 8.12450024997815 7.96098207635805 8.21486555645242 8.24713888019323 8.19263282231987 8.13454083958641 8.09868159098551 8.17972349282354 8.14099550433457 8.18474378762767 8.21199681656435 8.26291694957763 7.91006194334477 8.26435131952167 7.13980528339744 8.21056244662032 8.26148257963359 8.28658405365422 8.2815637588501 7.73435162520036
-9999 -9999 -9999 -9999 -9999 -9999 -9999 -9999 -9999 -9999 -9999 -9999 -9999 -9999 -9999 -9999 -9999 -9999 -9999 -9999 -9999 -9999 -9999 -9999 -9999 -9999 -9999 -9999 -9999 -9999 9.78499978128821 8.18342608213425 7.74152347492054 7.98464918043464 8.03987242328003 8.04058960825205 7.92225408786908 7.88782920921221 8.0147709492594 8.1660969783552 8.13597520953044 8.19335000729188 8.17972349282354 8.16466260841116 8.14888453902677 8.13525802455842 7.98464918043464 8.0943784811534 8.05565049266443 8.05995360249653 8.06497389730066 8.11302529042587 8.19693593215197 8.26506850449368 8.28012938890606 8.1940671922639 8.18761252751574 7.83762626117095 8.28730123862624 8.30809960281476 8.29590745829046 8.12880335981026
-9999 -9999 -9999 -9999 -9999 -9999 -9999 -9999 -9999 -9999 -9999 -9999 -9999 -9999 -9999 -9999 -9999 -9999 -9999 -9999 -9999 -9999 -9999 -9999 -9999 -9999 -9999 -9999 -9999 -9999 -9999 12.1449997285381 7.57083345158026 7.85483870049939 8.01190220937133 8.09796440601349 8.0664082672447 8.01261939434335 7.91293068323284 7.9789117006585 8.17972349282354 8.17040008818731 7.51776176365092 8.17183445813134 8.16824853327125 8.13956113439053 7.95739615149796 7.53210546309128 7.78455457324162 7.86272773519158 8.01333657931536 8.09653003606945 8.15892512863502 8.20410778187215 8.17111727315933 8.08577226148918 8.1660969783552 7.27965635294095 8.20267341192812 8.16753134829924 8.20697652176023 8.28371531376615
-9999 -9999 -9999 -9999 -9999 -9999 -9999 -9999 -9999 -9999 -9999 -9999 -9999 -9999 -9999 -9999 -9999 -9999 -9999 -9999 -9999 -9999 -9999 -9999 -9999 -9999 -9999 -9999 -9999 -9999 -9999 12.4241628773883 7.45966978091747 7.16060364758596 7.96098207635805 8.01118502439931 8.02911464869976 8.06855982216075 8.17111727315933 8.23207799578086 8.25574509985745 8.16896571824327 8.13238928467035 8.17255164310336 8.11732840025797 8.09868159098551 8.06067078746855 7.93444623239338 7.64685505861416 8.0585192325525 8.12736898986623 7.89356668898836 7.99038666021079 8.19478437723592 8.09079255629331 7.93874934222549 7.80965604726225 7.77594835357741 7.958830521442 7.99971006484702 8.13525802455842 8.21988585125655
-9999 -9999 -9999 -9999 -9999 -9999 -9999 -9999 -9999 -9999 -9999 -9999 -9999 -9999 -9999 -9999 -9999 -9999 -9999 -9999 -9999 -9999 -9999 -9999 -9999 -9999 -9999 -9999 -9999 -9999 -9999 12.5749997189268 5.16969816526398 7.64542068867013 7.89786979882047 7.16849268227816 8.07214574702084 7.60023803543299 8.24642169522122 8.23566392064095 8.23422955069691 8.23136081080884 8.20912807667628 7.62175358459353 8.15605638874695 8.12378306500614 8.17183445813134 8.08290352160111 8.07286293199286 8.06999419210479 8.12521743495017 8.18259223271161 8.27797783399001 8.28801842359826 8.32889796700329 8.21199681656435 7.95667896652594 7.99182103015482 8.09796440601349 7.6045411452651 7.85914181033149 7.99755850993097
-9999 -9999 -9999 -9999 -9999 -9999 -9999 -9999 -9999 -9999 -9999 -9999 -9999 -9999 -9999 -9999 -9999 -9999 -9999 -9999 -9999 -9999 -9999 -9999 -9999 -9999 -9999 -9999 -9999 -9999 -9999 -9999 9.00801272567121 7.45393230114132 7.82184819178656 8.05349893774837 8.10513625573367 8.12593461992219 8.12808617483824 8.14099550433457 8.09868159098551 8.16035949857906 8.13310646964237 7.96241644630209 8.02696309378371 8.158207943663 8.1503189089708 8.10943936556578 8.07644885685295 7.94520400697365 8.02983183367178 8.06497389730066 8.24785606516525 8.30809960281476 8.19908748706803 8.20769370673224 8.2299264408648 8.18402660265565 8.17757193790749 7.9631336312741 7.77092805877328 7.8993041687645
-9999 -9999 -9999 -9999 -9999 -9999 -9999 -9999 -9999 -9999 -9999 -9999 -9999 -9999 -9999 -9999 -9999 -9999 -9999 -9999 -9999 -9999 -9999 -9999 -9999 -9999 -9999 -9999 -9999 -9999 -9999 -9999 8.32829173446376 2.73987548006698 7.43098238203675 7.1663411273621 7.95165867172182 6.20459607988596 7.50700398907065 8.14745016908273 8.15892512863502 8.19335000729188 8.17972349282354 8.18259223271161 8.15247046388686 8.12593461992219 8.12378306500614 8.17900630785152 8.20052185701206 8.16968290321529 8.12378306500614 8.13454083958641 8.12880335981026 8.10585344070569 8.13454083958641 8.1381267644465 8.16035949857906 8.11947995517403 8.14745016908273 8.11517684534192 8.09653003606945 8.09294411120936
-9999 -9999 -9999 -9999 -9999 -9999 -9999 -9999 -9999 -9999 -9999 -9999 -9999 -9999 -9999 -9999 -9999 -9999 -9999 -9999 -9999 -9999 -9999 -9999 -9999 -9999 -9999 -9999 -9999 -9999 -9999 -9999 -9999 8.5735352076864 7.4252449022606 7.4768822202459 7.58517715102062 7.73793755006045 8.07716604182497 8.14745016908273 8.16824853327125 7.99110384518281 8.17040008818731 8.15103609394282 8.1818750477396 8.20697652176023 8.20410778187215 8.18761252751574 8.08362070657313 8.09796440601349 8.10872218059376 8.04704427300021 8.06282234238461 8.00975065445527 8.04417553311214 8.03556931344792 8.09079255629331 8.05565049266443 8.08218633662909 7.90791038842872 8.07716604182497 8.12736898986623
-9999 -9999 -9999 -9999 -9999 -9999 -9999 6.03247168660164 6.09486677916721 6.68511001113802 8.0467573990114 8.86668580465207 9.9227540100586 8.41369347623132 8.41999981179833 -9999 -9999 -9999 -9999 -9999 -9999 -9999 -9999 -9999 -9999 -9999 -9999 -9999 -9999 -9999 -9999 -9999 -9999 -9999 7.08099611569196 7.25814080378041 7.39368876349181 7.57011626660824 7.77451398363337 7.93874934222549 8.11804558522999 8.09294411120936 8.05421612272039 8.12019714014605 8.04202397819608 8.0068819145672 8.00186161976308 8.02050842903554 8.06282234238461 8.05923641752452 8.03126620361581 7.96887111105025 7.93874934222549 7.88998076412827 7.71642200089991 7.92440564278513 7.89213231904432 7.94592119194567 7.98608355037868 7.74510939978063 7.88496046932414 7.97245703591034
-9999 -9999 -9999 -9999 8.7202516110407 10.1739334983396 7.22499667449544 6.58398693008348 6.22109133424237 4.59523300267756 8.3130355229163 13.2454153848346 19.9649995537475 -9999 -9999 -9999 -9999 -9999 -9999 -9999 -9999 -9999 -9999 -9999 -9999 -9999 -9999 -9999 -9999 -9999 -9999 -9999 -9999 -9999 6.90313424263149 7.15343179786578 7.34061707556248 7.64542068867013 7.82399974670261 7.94018371216953 7.95309304166585 7.9789117006585 7.95667896652594 7.39655750337988 7.99325540009886 7.98393199546263 7.99971006484702 8.00257880473509 8.00401317467913 8.02911464869976 7.958830521442 7.92153690289706 7.91006194334477 7.92368845781311 7.7357859951444 7.73148288531229 7.81754508195445 7.92440564278513 7.8634449201636 7.87276832479984 7.83117159642279 7.91006194334477
7.52923672320321 7.75514998938888 7.26746420841664 7.15271461289376 6.9949339190498 7.04728842200711 6.90958890737966 6.67578660650179 6.47497481433675 7.93488251853814 3.81499991472811 -9999 -9999 -9999 -9999 -9999 -9999 -9999 -9999 -9999 -9999 -9999 -9999 -9999 -9999 -9999 -9999 -9999 -9999 -9999 -9999 -9999 -9999 -9999 12.8399997130036 6.94473097100854 7.2100894106552 7.26316109858453 7.42954801209271 7.55505538219586 7.60023803543299 7.58302559610456 7.62892543431371 7.61458173487335 7.83188878139481 7.96600237116218 7.92942593758926 7.96600237116218 8.02481153886765 8.01333657931536 7.97819451568648 8.00616472959518 8.01046783942729 7.82615130161867 7.78527175821364 7.98966947523877 8.00903346948326 7.98393199546263 8.00473035965115 7.958830521442 7.97030548099428 7.9071932034567
7.92942593758926 7.93372904742137 7.5923490007408 7.42237616237253 7.40659809298813 7.19215978635475 6.98919643927366 6.72312081465498 6.79555649682879 12.8949997117743 -9999 -9999 -9999 -9999 -9999 -9999 -9999 -9999 -9999 -9999 -9999 -9999 -9999 -9999 -9999 -9999 -9999 -9999 -9999 -9999 -9999 -9999 -9999 -9999 -9999 6.83979784479016 6.83428448531777 7.07382426597178 7.1584520926699 7.42739645717666 7.47544785030186 7.61888484470546 7.73937192000449 7.70781578123569 7.54501479258761 7.58374278107658 7.59091463079676 7.70207830145955 7.78957486804575 7.72287666564807 7.83906063111499 7.82543411664665 8.01692250417545 7.97317422088236 8.05421612272039 8.01405376428738 7.97389140585437 7.98393199546263 8.01835687411949 8.00042724981904 7.93444623239338 7.81324197212234
8.23064362583682 8.19765311712399 7.96026489138603 7.85196996061131 7.7637562090531 7.26531265350059 6.83428448531777 7.01142917340621 8.9435408204335 -9999 -9999 -9999 -9999 -9999 -9999 -9999 -9999 -9999 -9999 -9999 -9999 -9999 -9999 -9999 -9999 -9999 -9999 -9999 -9999 -9999 -9999 -9999 -9999 -9999 -9999 -9999 6.2899410915561 6.59761344455183 7.13263343367726 6.88879054319113 7.56151004694402 7.45034637628123 7.58661152096465 7.81109041720629 7.81037323223427 7.82184819178656 7.80965604726225 7.82543411664665 7.6762596424669 7.67697682743892 7.63753165397793 7.63107698922977 7.79531234782189 7.879222989548 8.01046783942729 7.9868007353507 8.00975065445527 8.00903346948326 7.94663837691769 7.94090089714155 7.88065735949203 7.75658435933292
8.32746359705925 8.09581285109743 7.94592119194567 7.83619189122692 7.64900661353022 7.37575913919136 7.17996764183044 7.25527206389233 12.7897884929553 -9999 -9999 -9999 -9999 -9999 -9999 -9999 -9999 -9999 -9999 -9999 -9999 -9999 -9999 -9999 -9999 -9999 -9999 -9999 -9999 -9999 -9999 -9999 -9999 -9999 -9999 -9999 -9999 -9999 -9999 13.8599996902049 12.2488257870136 7.6203192146495 7.54788353247568 7.66048157308251 7.75658435933292 7.78312020329759 7.80822167731822 7.82399974670261 7.84121218603104 7.62677387939766 7.69347208179533 7.65402690833434 7.85483870049939 7.98751792032272 7.95381022663787 7.94592119194567 7.95739615149796 7.88639483926818 7.97747733071446 7.41090120282024 7.84766685077921 7.82471693167463
7.92870875261724 7.85770744038746 7.8433637409471 7.77881709346548 7.78025146340951 7.16203801752999 7.0465712370351 7.46827600058168 11.0218788695543 12.8599997125566 -9999 -9999 -9999 -9999 -9999 -9999 -9999 -9999 -9999 -9999 -9999 -9999 -9999 -9999 -9999 -9999 -9999 -9999 -9999 -9999 -9999 -9999 -9999 -9999 -9999 -9999 -9999 -9999 -9999 -9999 -9999 -9999 -9999 6.89322284431546 7.67769401241094 7.64111757883802 7.67697682743892 7.79746390273795 7.7558671743609 7.57083345158026 7.50628680409864 7.51561020873487 7.78670612815768 7.76949368882924 7.80176701257005 7.75084687955678 7.98106325557455 7.92153690289706 7.89858698379248 7.87491987971589 7.70494704134762 7.39082002360374
7.5486007174477 7.6325113591738 7.74869532464072 7.71068452112377 7.32340463623405 7.10968351457268 7.2739188731648 7.32412182120606 7.57226782152429 12.9494305053189 -9999 -9999 -9999 -9999 -9999 16.1899624452926 -9999 -9999 -9999 -9999 -9999 -9999 -9999 -9999 -9999 -9999 -9999 -9999 -9999 -9999 -9999 -9999 -9999 -9999 -9999 -9999 -9999 -9999 -9999 -9999 -9999 -9999 -9999 -9999 9.66065322795318 7.56222723191604 7.48979154974222 7.64470350369811 7.80176701257005 7.82973722647876 7.75514998938888 7.57083345158026 7.56222723191604 7.57800530130044 7.59306618571281 7.43169956700876 7.46469007572159 7.35496077500284 7.68127993727103 7.63753165397793 7.67482527252287 7.36858728947118
7.48620562488213 7.50126650929451 7.49624621449038 7.60812707012519 7.60095522040501 7.65115816844627 7.48548843991011 7.41663868259639 7.59736929554492 7.59091463079676 14.4199996776879 -9999 21.6399995163083 -9999 -9999 10.6899997610599 -9999 -9999 -9999 -9999 -9999 -9999 -9999 -9999 -9999 -9999 -9999 -9999 -9999 -9999 -9999 -9999 -9999 -9999 -9999 -9999 -9999 -9999 -9999 -9999 -9999 -9999 -9999 -9999 -9999 11.8947714184933 7.4051637230441 7.38651691377163 7.58517715102062 7.67267371760681 7.7436750298366 7.62318795453757 7.58302559610456 7.60382396029308 7.83404033631086 7.70853296620771 7.85699025541544 7.88496046932414 7.91221349826083 7.88424328435212 7.60238959034905 7.60382396029308
7.38723409874365 7.45178074622527 7.42094179242849 7.38579972879961 7.45608385605738 7.53640857292339 7.50987272895873 7.41161838779226 7.40803246293217 7.41161838779226 7.68056275229901 7.60023803543299 9.02834369965336 -9999 -9999 -9999 21.4525925137848 15.9011877726763 -9999 -9999 -9999 -9999 -9999 -9999 -9999 -9999 -9999 -9999 -9999 -9999 -9999 -9999 -9999 -9999 -9999 -9999 -9999 -9999 -9999 -9999 -9999 -9999 -9999 -9999 -9999 8.8399998024106 13.1299997065216 7.97536516640685 7.42381053231657 7.34922329522669 7.42381053231657 7.50772117404267 7.46755881560966 7.55003508739173 7.75012969458476 7.09892573999241 7.58230841113254 7.21869563031942 7.61673328978941 7.84981840569526 7.81467634206638 7.83762626117095
7.281807907857 7.41018401784822 7.42309334734455 7.40444653807208 7.36858728947118 7.38436535885558 7.33846552064642 7.29902034718543 7.42954801209271 7.41663868259639 7.55362101225182 7.202200375963 19.539999563247 6.59474470466375 7.12546158395708 6.84125994294882 7.15267439017242 18.2382949534482 -9999 -9999 -9999 -9999 -9999 -9999 -9999 -9999 -9999 -9999 -9999 -9999 -9999 -9999 -9999 -9999 -9999 -9999 -9999 -9999 -9999 -9999 -9999 -9999 -9999 -9999 -9999 -9999 -9999 -9999 7.3931508747628 7.10071870242245 7.20363474590704 7.32699056109414 7.30834375182167 7.42811364214867 7.69132052687928 7.61027862504125 7.78742331312969 7.66335031297058 7.70853296620771 7.08577734883875 7.80248419754207 7.30547501193359
7.89213231904432 7.59952085046098 7.4252449022606 7.38723409874365 7.31192967668176 7.28395946277305 7.30690938187763 7.23232214478776 7.23303932975978 7.33201085589826 7.2380596245639 7.23160495981574 7.46612444566563 7.5486007174477 7.05517745669931 7.26387828355655 8.57356091183093 -9999 -9999 -9999 -9999 -9999 -9999 -9999 -9999 -9999 -9999 -9999 -9999 -9999 -9999 -9999 -9999 -9999 -9999 -9999 -9999 -9999 -9999 -9999 -9999 -9999 -9999 -9999 -9999 -9999 -9999 -9999 7.35998106980696 7.3413342605345 7.30404064198956 7.15558335278183 7.28467664774507 7.46971037052572 7.7042298563756 7.79029205301777 7.86774802999571 7.9150822381489 7.86559647507966 7.80535293743014 7.13263343367726 7.45608385605738
8.29232153343037 8.02337716892362 7.6561784632504 7.34994048019871 7.16562394239008 7.17566453199834 7.09103670530021 7.18283638171852 7.26674702344462 7.34707174031064 7.36571854958311 7.45034637628123 7.46827600058168 7.38866846868768 7.09175389027223 12.3026534855185 9.5765238058533 -9999 -9999 -9999 -9999 -9999 -9999 -9999 -9999 -9999 -9999 -9999 -9999 -9999 -9999 -9999 -9999 -9999 -9999 -9999 -9999 -9999 -9999 -9999 -9999 -9999 -9999 -9999 -9999 -9999 -9999 -9999 7.26531265350059 7.42739645717666 7.47186192544177 7.51058991393074 7.5486007174477 7.54358042264357 7.65904720313847 7.77523116860539 7.83475752128288 7.88352609938011 7.62175358459353 7.8196966368705 6.9153263871558 7.16849268227816
8.44436474749818 8.09868159098551 7.80320138251409 7.74941250961274 7.59306618571281 7.640400393866 7.53210546309128 7.5249336133711 7.52421642839909 7.37432476924732 7.27750479802489 7.23734243959188 7.1541489828378 7.01931820809841 7.04011657228693 6.69999985024333 -9999 -9999 -9999 -9999 -9999 -9999 -9999 -9999 -9999 -9999 -9999 -9999 -9999 -9999 -9999 -9999 -9999 -9999 -9999 -9999 -9999 -9999 -9999 -9999 -9999 -9999 -9999 -9999 -9999 -9999 -9999 -9999 14.6599200236378 7.14984587300569 7.1462599481456 7.19646289618686 7.25240332400426 7.2459486592561 7.69777519162744 7.80535293743014 7.80248419754207 7.59378337068483 7.80965604726225 7.57011626660824 7.77523116860539 7.75012969458476
8.35758536588401 8.24713888019323 7.91579942312092 7.83404033631086 7.68845178699121 7.54429760761559 7.5127414688468 7.48692280985415 7.45536667108536 7.26961576333269 7.20722067076713 7.08171330066398 7.04513686709106 7.082430485636 6.82496108068153 -9999 -9999 -9999 -9999 -9999 -9999 -9999 -9999 -9999 -9999 -9999 -9999 -9999 -9999 -9999 -9999 -9999 -9999 -9999 -9999 -9999 -9999 -9999 -9999 -9999 -9999 -9999 -9999 -9999 -9999 -9999 -9999 -9999 -9999 8.23943153702255 7.03151035262272 7.02864161273465 7.22013000026345 7.50915554398671 7.59091463079676 7.76017028419301 7.71283607603982 7.5127414688468 6.93755912128836 7.76519057899714 7.56007567699999 7.44783622887917
8.1223486950621 8.16394542343915 7.98823510529473 7.8993041687645 7.78455457324162 7.6920377118513 7.58876307588071 7.59952085046098 7.53353983303532 7.38436535885558 6.96266059530899 6.8995483177714 6.75969724822789 6.73746451409534 10.1736861221958 9.56898997835815 -9999 -9999 -9999 -9999 -9999 -9999 -9999 -9999 -9999 -9999 -9999 -9999 -9999 -9999 -9999 -9999 -9999 -9999 -9999 -9999 -9999 -9999 -9999 -9999 -9999 -9999 -9999 -9999 -9999 -9999 6.99693811980076 5.31110655074673 12.6549997171387 -9999 11.5949583295733 7.62763092907456 7.20506911585107 7.54501479258761 6.95620593056083 7.45966978091747 7.62533950945362 7.36284980969504 7.64255194878206 7.34527877788059 7.41807305254042 7.76160465413705
8.20482496684417 8.16394542343915 8.08218633662909 8.01763968914747 7.8914151340723 7.84408092591912 7.80607012240216 7.61816765973344 7.58015685621649 7.47042755549774 7.31121249170974 6.84647662984207 6.92608416173607 6.82280952576548 9.26330270649244 -9999 -9999 -9999 -9999 -9999 -9999 -9999 -9999 -9999 -9999 -9999 -9999 -9999 -9999 -9999 -9999 -9999 -9999 -9999 -9999 -9999 -9999 -9999 -9999 -9999 -9999 -9999 -9999 -9999 -9999 -9999 -9999 10.7599997594953 5.18475904967636 8.73110311426332 6.97876967314201 7.60646320099011 9.19248660726589 6.26818648073822 7.03437909251079 7.05732901161537 7.31408123159781 7.20841597905383 7.3097781217657 6.6284523983486 6.6564226122573 6.36524551361799
8.46588029665872 8.30236212303862 8.04919582791626 7.8634449201636 7.92368845781311 7.89069794910029 7.64613787364215 7.51847894862294 7.47186192544177 7.3334452258423 7.09533981513232 6.64709920762107 6.54239020170644 6.67865534638986 13.4599996991456 -9999 -9999 -9999 -9999 -9999 -9999 -9999 -9999 -9999 -9999 -9999 -9999 -9999 -9999 -9999 -9999 -9999 -9999 -9999 -9999 -9999 -9999 -9999 -9999 -9999 -9999 -9999 -9999 -9999 -9999 -9999 -9999 -9999 -9999 -9999 9.89797675687199 7.61195205664262 5.43218786502257 6.00521865766495 6.6564226122573 6.69299904583022 6.94473097100854 7.06521804630756 6.8952452079393 6.89811394782737 7.09127576695755 7.08697265712544
8.52110353950411 8.28586686868221 8.11517684534192 8.22418896108866 8.01548813423142 8.00042724981904 7.79100923798978 7.68127993727103 7.37073884438723 7.32125308131799 7.11326943943277 7.05446027172729 6.76902065286413 6.76902065286413 13.0649052380073 -9999 -9999 -9999 -9999 -9999 -9999 -9999 -9999 -9999 -9999 -9999 -9999 -9999 -9999 -9999 -9999 -9999 -9999 -9999 -9999 -9999 -9999 -9999 -9999 -9999 -9999 -9999 -9999 -9999 -9999 -9999 -9999 -9999 -9999 -9999 -9999 -9999 8.51808248285917 5.25719473185018 5.71404155902565 6.01741080218926 5.90481276158243 6.32006286038086 6.485015403945 6.67435223655775 6.32006286038086 6.8727734121494
