EcologicalScience/Bass/data/rs_data_bass/sst_470.asc
NCOLS 226 
NROWS 124 
XLLCORNER -9.41648524995501 
YLLCORNER 47.587301625531 
CELLSIZE 0.0833 
NODATA_value -9999 
[rows 54 to 80 of 124, columns 0 to 61 of 226]
-9999 -9999 -9999 -9999 -9999 -9999 -9999 -9999 -9999 -9999 -9999 -9999 -9999 -9999 -9999 -9999 -9999 -9999 -9999 -9999 -9999 -9999 -9999 -9999 -9999 -9999 -9999 -9999 -9999 -9999 -9999 -9999 -9999 -9999 -9999 -9999 -9999 -9999 10.0963491030437 9.06097831920936 7.23488351968782 7.10340814606752 6.99780265893787 7.27822198299691 7.36715291952714 8.0147709492594 8.05565049266443 8.24283577036113 8.15964231360704 8.05206456780434 8.33391826180741 8.33033233694732 8.33176670689136 7.91006194334477 7.97245703591034 7.93086030753329 7.94018371216953 7.86631366005167 9.93610948929563 15.1399996615946 -9999 15.528538604849
-9999 -9999 -9999 -9999 -9999 -9999 -9999 -9999 -9999 -9999 -9999 -9999 -9999 -9999 -9999 -9999 -9999 -9999 -9999 -9999 -9999 -9999 -9999 -9999 -9999 -9999 -9999 -9999 -9999 -9999 -9999 -9999 -9999 -9999 -9999 -9999 -9999 -9999 15.4899996537715 9.64400426892783 7.31981871137396 7.24021117947996 7.18086412304547 7.27302239194978 7.18191428675449 7.48859624145553 8.10800499562174 7.5564897521399 7.72431103559211 7.9430524520576 7.49624621449038 7.63538009906188 7.58661152096465 7.18642230657861 7.87491987971589 7.77021087380126 8.66637333994731 10.2895792255045 -9999 13.6649996945634 -9999 16.7249996261671
-9999 -9999 -9999 -9999 -9999 -9999 -9999 -9999 -9999 -9999 -9999 -9999 -9999 -9999 -9999 -9999 -9999 -9999 -9999 -9999 -9999 -9999 -9999 -9999 -9999 -9999 -9999 -9999 -9999 -9999 -9999 -9999 -9999 -9999 -9999 -9999 -9999 -9999 -9999 7.90579658009014 6.75811944128945 6.97001174127217 7.14287893327751 7.84992086069126 7.0666524162516 8.0585192325525 7.97460859082639 7.75443280441687 7.94663837691769 7.85985899530351 8.30809960281476 7.46755881560966 7.26889857836068 7.77594835357741 6.74535354878753 8.05098879034631 8.37608873816207 7.9471762656467 10.5993751911446 15.6999996490777 -9999 -9999
-9999 -9999 -9999 -9999 -9999 -9999 -9999 -9999 -9999 -9999 -9999 -9999 -9999 -9999 -9999 -9999 -9999 -9999 -9999 -9999 -9999 -9999 -9999 -9999 -9999 -9999 -9999 -9999 -9999 -9999 -9999 -9999 -9999 -9999 -9999 -9999 -9999 -9999 -9999 -9999 8.28393046925776 7.57621233887039 7.06706223623561 7.67841119738296 7.70996733615175 7.7278969604522 8.00329598970711 7.98321481049061 6.81474119483028 8.51249731983989 7.84981840569526 7.66084016556852 8.34180729649961 8.15247046388686 6.25479902792722 7.8713339548558 8.04991301288828 7.93372904742137 7.65330972336233 7.6325113591738 10.0218341871274 -9999
-9999 -9999 -9999 -9999 -9999 -9999 -9999 -9999 -9999 -9999 -9999 -9999 -9999 -9999 -9999 -9999 -9999 -9999 -9999 -9999 -9999 -9999 -9999 -9999 -9999 -9999 -9999 -9999 -9999 -9999 -9999 -9999 -9999 -9999 -9999 -9999 -9999 -9999 -9999 -9999 7.91493880115449 6.93182164151222 7.51991331856698 7.36213262472302 7.4768822202459 7.69275489682332 7.33189132506959 7.56509597180411 8.46946622151881 7.84945981320925 7.59183672576078 8.34969633119181 8.09939877595752 7.77021087380126 7.87348550977185 7.92225408786908 7.89786979882047 7.84838403575122 7.76017028419301 7.68486586213112 7.47975096013397 16.0049996422604
-9999 -9999 -9999 -9999 -9999 -9999 -9999 -9999 -9999 -9999 -9999 -9999 -9999 -9999 -9999 -9999 -9999 -9999 -9999 -9999 -9999 -9999 -9999 -9999 -9999 -9999 -9999 -9999 -9999 -9999 -9999 -9999 -9999 -9999 -9999 -9999 -9999 -9999 -9999 7.42999983392656 9.82538236600711 8.62061295437161 7.47508925781585 7.27033294830471 7.28467664774507 7.31192967668176 7.51489302376285 7.53999449778348 8.53269802988507 7.98178044054657 8.20769370673224 8.29949338315055 7.50126650929451 7.58302559610456 7.7278969604522 7.7558671743609 7.80104982759804 7.68845178699121 7.65402690833434 7.69490645173937 -9999 -9999
-9999 -9999 -9999 -9999 -9999 -9999 -9999 -9999 -9999 -9999 -9999 -9999 -9999 -9999 -9999 -9999 -9999 -9999 -9999 -9999 -9999 -9999 -9999 -9999 -9999 -9999 -9999 -9999 -9999 -9999 -9999 -9999 -9999 -9999 -9999 -9999 -9999 -9999 -9999 12.4289010150358 8.52530419434022 7.80104982759804 7.11470380937681 7.34850611025468 7.5048524341546 7.46755881560966 7.4051637230441 7.29973753215745 7.50987272895873 7.62964261928573 8.26291694957763 8.45583970705047 7.87778861960396 7.90862757340074 7.97819451568648 7.85842462535948 7.63896602392197 14.649999672547 10.5492322025613 9.43141617898696 9.95348130306229 8.97149570193142
-9999 -9999 -9999 -9999 -9999 -9999 -9999 -9999 -9999 -9999 -9999 -9999 -9999 -9999 -9999 -9999 -9999 -9999 -9999 -9999 -9999 -9999 -9999 -9999 -9999 -9999 -9999 -9999 -9999 -9999 -9999 -9999 -9999 -9999 -9999 -9999 -9999 -9999 -9999 7.82507552416064 7.5048524341546 7.6124301799573 7.36500136461109 7.54716634750366 7.42381053231657 7.51919613359496 7.1104006995447 6.8794671385549 7.59450055565685 8.53688160888851 8.25717946980149 8.18761252751574 8.10441907076165 7.95452741160989 8.05636767763644 8.00473035965115 7.59736929554492 7.58015685621649 7.40014342823997 7.25814080378041 7.22515029506758 9.33930913758065
-9999 -9999 -9999 -9999 -9999 -9999 -9999 -9999 -9999 -9999 -9999 -9999 -9999 -9999 -9999 -9999 -9999 -9999 -9999 -9999 -9999 -9999 -9999 -9999 -9999 -9999 -9999 -9999 -9999 -9999 -9999 -9999 -9999 -9999 -9999 -9999 -9999 -9999 9.41100352772457 7.2301705898717 7.32268745126203 7.3097781217657 7.55218664230779 7.64398631872609 7.83977781608701 7.8634449201636 7.86129336524755 7.80607012240216 7.7357859951444 8.27295753918588 7.91579942312092 7.91364786820486 7.96169926133007 7.56437878683209 7.79746390273795 7.77236242871732 7.61601610481739 7.27965635294095 7.22658466501161 7.20004882104695 7.17279579211026 7.3097781217657
-9999 -9999 -9999 -9999 -9999 -9999 -9999 -9999 -9999 -9999 -9999 -9999 -9999 -9999 -9999 -9999 -9999 -9999 -9999 -9999 -9999 -9999 -9999 -9999 -9999 -9999 -9999 -9999 -9999 -9999 -9999 -9999 -9999 -9999 -9999 -9999 -9999 -9999 8.56136835293312 7.4489120063372 7.75801872927696 7.87348550977185 7.95739615149796 8.10298470081761 8.11589403031394 8.11374247539788 8.16322823846713 8.17900630785152 8.1223486950621 8.12019714014605 8.19765311712399 8.21916866628453 8.14673298411071 7.23734243959188 7.81180760217831 7.71570481592789 7.49839776940644 7.42165897740051 7.37862787907943 7.24164554942399 7.15343179786578 6.93469038140029
-9999 -9999 -9999 -9999 -9999 -9999 -9999 -9999 -9999 -9999 -9999 -9999 -9999 -9999 -9999 -9999 -9999 -9999 -9999 -9999 -9999 -9999 -9999 -9999 -9999 -9999 -9999 -9999 -9999 -9999 -9999 -9999 -9999 -9999 -9999 -9999 -9999 9.71925540170387 8.25108339753933 8.04345834814012 7.96528518619016 7.85842462535948 8.21199681656435 8.13167209969833 8.10800499562174 8.22347177611664 8.26148257963359 8.01620531920344 7.68558304710314 7.94233526708558 8.21127963159233 8.20912807667628 8.07429730193689 7.97819451568648 7.87276832479984 7.64183476381004 7.53067109314725 7.49911495437846 7.33631396573037 7.30762656684965 7.24666584422812 7.79531234782189
-9999 -9999 -9999 -9999 -9999 -9999 -9999 -9999 -9999 -9999 -9999 -9999 -9999 -9999 -9999 -9999 -9999 -9999 -9999 -9999 -9999 -9999 -9999 -9999 -9999 -9999 -9999 -9999 -9999 -9999 -9999 -9999 -9999 -9999 -9999 -9999 -9999 8.48900951200631 7.69347208179533 7.68486586213112 7.66191594302654 7.76590776396915 8.22275459114462 8.52755820425227 8.60573136620224 8.48380992095917 8.35901973582804 8.19550156220794 8.25215917499736 8.21916866628453 8.19478437723592 7.95524459658191 8.05206456780434 8.01763968914747 7.86487929010764 7.82471693167463 7.60812707012519 7.46971037052572 7.38221380393952 8.357406069641 7.28324227780104 8.3213675247971
-9999 -9999 -9999 -9999 -9999 -9999 -9999 -9999 -9999 -9999 -9999 -9999 -9999 -9999 -9999 -9999 -9999 -9999 -9999 -9999 -9999 -9999 -9999 -9999 -9999 -9999 -9999 -9999 -9999 -9999 -9999 -9999 -9999 -9999 -9999 6.87885240857889 8.25507914238343 6.74965665861964 7.18140201177448 7.78670612815768 7.55792412208393 8.00975065445527 8.4450819324702 8.60214544134215 8.60357981128618 8.61935788067058 8.51464887475595 8.42858667811379 8.28514968371019 8.16179386852309 8.12378306500614 8.0348521284759 7.99540695501491 7.94735556188971 7.87348550977185 7.79029205301777 7.65474409330636 7.47975096013397 8.38663135725074 8.48416851344518 8.38340402487665 8.47986540361308
-9999 -9999 -9999 -9999 -9999 -9999 -9999 -9999 -9999 -9999 -9999 -9999 -9999 -9999 -9999 -9999 -9999 -9999 -9999 -9999 -9999 -9999 -9999 -9999 -9999 -9999 -9999 -9999 -9999 -9999 -9999 18.3063385190012 -9999 -9999 -9999 11.450326026883 9.23326821671799 7.62533950945362 6.91891231201589 7.90002135373652 7.93803215725347 8.14888453902677 8.33104952191934 8.51751761464402 8.60142825637013 8.48667866084725 8.52827538922429 8.46014281688258 8.16179386852309 8.15533920377493 7.88854639418423 8.02409435389563 8.01405376428738 7.81395915709436 7.76303902408108 7.6640674979426 7.67769401241094 8.68677326804027 8.52755820425227 6.94975126581267 8.40420238906518 7.96922970353626
-9999 -9999 -9999 -9999 -9999 -9999 -9999 -9999 -9999 -9999 -9999 -9999 -9999 -9999 -9999 -9999 -9999 -9999 -9999 -9999 -9999 -9999 -9999 -9999 -9999 -9999 -9999 -9999 -9999 13.2499024961144 7.51501509780064 8.67852564086206 8.52188048989046 6.28529267044117 8.63872187491506 5.60000914847478 8.62868128530681 7.22228155517951 7.06952115613967 7.80104982759804 6.59187596477568 7.44819482136518 8.61792351072654 8.59497359162197 8.60214544134215 8.39989927923307 8.39631335437298 8.39918209426105 8.21916866628453 8.0305490186438 7.97173985093832 8.01333657931536 7.88567765429616 7.75801872927696 7.67410808755085 7.67123934766278 7.40731527796015 8.6401562448591 7.39225439354777 7.33989989059046 8.16968290321529 8.02086702152155
-9999 -9999 -9999 -9999 -9999 -9999 -9999 -9999 -9999 -9999 -9999 -9999 -9999 -9999 -9999 -9999 -9999 -9999 -9999 -9999 -9999 -9999 12.0820863000117 9.03399324949299 9.12282173102722 7.88782920921221 9.07979063270614 8.92057556891814 8.75741598778404 7.38508254382759 7.37647632416338 7.33774833567441 7.5923490007408 7.59880366548896 7.51776176365092 6.92464979179204 7.85985899530351 8.04489271808416 8.13095491472632 8.25000762008131 8.41280860872939 8.19621874717996 8.56700337771326 8.51106294989586 8.40707112895325 8.20769370673224 8.14171268930659 8.07573167188093 8.14816735405475 8.07573167188093 7.99182103015482 7.85699025541544 7.80893886229023 7.76734213391319 7.54501479258761 7.56007567699999 7.6203192146495 8.86391795612872 8.57991270720959 13.9349996885285 -9999 -9999
-9999 -9999 -9999 -9999 -9999 -9999 -9999 -9999 -9999 -9999 -9999 -9999 -9999 -9999 -9999 -9999 -9999 -9999 -9999 -9999 -9999 15.0355745174059 9.15437786979601 7.81252478715032 8.96575822215527 7.93731497228146 7.90002135373652 7.64470350369811 7.43958860170096 7.35209203511477 7.3456373703666 7.5127414688468 7.66478468291461 7.66693623783067 7.56509597180411 7.63107698922977 7.41018401784822 7.89069794910029 8.01835687411949 8.0348521284759 8.58349863206968 8.62796410033479 8.57704396732152 8.44364756252617 8.2937559033744 8.17685475293547 8.04560990305617 7.9430524520576 7.93803215725347 7.8914151340723 7.86272773519158 7.84694966580719 7.80176701257005 7.72000792576 9.39116844139062 9.68818996844225 15.9299996439368 -9999 -9999 -9999 -9999 -9999
-9999 -9999 -9999 -9999 -9999 -9999 -9999 -9999 -9999 -9999 -9999 -9999 -9999 -9999 -9999 -9999 -9999 6.88018432352692 16.1838663730305 11.7052340569374 9.49360636156052 9.47239817738799 8.17972349282354 8.11230810545385 8.12521743495017 7.74008910497651 7.82902004150674 7.52636798331514 7.64613787364215 7.70494704134762 7.71713918587193 7.54644916253164 7.58948026085272 7.59450055565685 7.66693623783067 7.41663868259639 7.29830316221341 7.73865473503247 7.72215948067605 9.38423565332778 9.40467542503029 8.53688160888851 8.54979093838483 8.52325509442016 8.46516311168671 8.09509566612542 7.94018371216953 7.87491987971589 7.93229467747733 7.94018371216953 7.85985899530351 9.68827085396541 14.4499996770173 -9999 -9999 -9999 -9999 -9999 -9999 -9999 -9999 -9999
-9999 -9999 -9999 -9999 -9999 -9999 -9999 -9999 -9999 -9999 -9999 -9999 -9999 -9999 -9999 -9999 -9999 9.27013152427971 9.28613499465532 7.18785667652264 7.82471693167463 7.9071932034567 7.96098207635805 7.96815392607823 7.78025146340951 9.0625781933777 8.21486555645242 8.79506819881499 7.87994017452002 7.15199742792174 7.14554276317358 7.5966521105729 7.64183476381004 7.49768058443442 7.6203192146495 7.85699025541544 7.81395915709436 7.65546127827838 7.94090089714155 8.10011596092954 8.20267341192812 8.40635394398123 8.31670582247898 8.23422955069691 8.14673298411071 7.97245703591034 7.88496046932414 7.91006194334477 7.97532577579841 8.37305607028039 8.57284331248541 15.8899996448308 -9999 -9999 -9999 -9999 -9999 -9999 -9999 -9999 -9999 -9999
-9999 -9999 -9999 -9999 -9999 -9999 -9999 -9999 -9999 -9999 -9999 -9999 -9999 10.0481248171127 8.37766654510051 8.2019562269561 8.08505507651716 8.16968290321529 9.29548401304055 7.87994017452002 7.80391856748611 7.91006194334477 8.09366129618138 8.04919582791626 8.24283577036113 7.68916897196323 7.98823510529473 7.66693623783067 7.84766685077921 7.90217290865257 8.1022675158456 7.47473066532984 8.09653003606945 7.9150822381489 8.88077180297114 7.96743674110621 7.59019744582474 7.56007567699999 7.75730154430494 8.34395885141566 8.27510909410194 8.21056244662032 8.08218633662909 7.88065735949203 7.96026489138603 7.90504164854065 7.91866816300899 7.77021087380126 7.74152347492054 7.78240301832557 8.7635120600462 8.52325509442016 14.5399996750057 -9999 -9999 -9999 -9999 -9999 -9999 23.8826933651497 -9999 -9999
-9999 -9999 -9999 -9999 -9999 -9999 -9999 -9999 -9999 -9999 -9999 9.18698587985709 8.98058004491031 9.11851862119511 8.1940671922639 7.97389140585437 8.02481153886765 7.78742331312969 7.6762596424669 8.61003447603434 8.22849207092077 7.9430524520576 7.86918239993975 8.13740957947448 8.07644885685295 7.68558304710314 7.68916897196323 7.67841119738296 7.48979154974222 7.54931790241972 7.46038696588948 7.72287666564807 7.87994017452002 7.38579972879961 8.99265265860595 9.04213842167519 9.3214819682762 7.87491987971589 9.48679310432635 8.26363413454965 8.07286293199286 8.11230810545385 7.92942593758926 8.08720663143322 8.10728781064972 7.94233526708558 7.83260596636683 7.94807274686173 8.11517684534192 8.97759177419357 8.75454724789597 10.3977524909715 9.78183503309265 -9999 -9999 -9999 7.95364147723269 7.63968320889398 8.77355264965445 9.46617403638083 11.4799696723931 17.7899996023625
-9999 -9999 -9999 -9999 -9999 -9999 -9999 20.0054636130921 11.1422097022379 9.66310107661411 8.68247015820816 9.21892451727763 8.05995360249653 8.12808617483824 8.17685475293547 8.02194279897958 7.83117159642279 7.8871120242402 7.79100923798978 8.11661121528596 7.92368845781311 8.09581285109743 8.02911464869976 8.03843805333599 8.08505507651716 7.80893886229023 8.21629992639646 8.18761252751574 7.59163181576878 7.67267371760681 7.57800530130044 7.60597551520914 7.67052216269076 7.560792861972 9.15401927731 9.00412761815824 7.68988615693524 7.74510939978063 8.21056244662032 8.31025115773082 8.2815637588501 8.50389110017568 8.48811303079128 8.49743643542752 8.2299264408648 8.07644885685295 7.99540695501491 7.72502822056413 8.00616472959518 8.06138797244057 8.64983824198134 8.67852564086206 8.9069490544498 11.6532374040386 6.53736990690231 8.56007058965042 7.81109041720629 7.71498763095587 7.65761283319443 8.5763267823495 8.30714335618541 11.3613281530887
-9999 -9999 -9999 -9999 -9999 9.04034545924515 9.03532516444102 9.00376902567223 8.73410747619346 9.08983122231439 9.0625781933777 9.14720602007583 8.52970975916833 8.06712545221671 8.21414837148041 8.1503189089708 8.01763968914747 8.19908748706803 7.95667896652594 8.02911464869976 8.3253120421432 8.25287635996938 8.01835687411949 8.0664082672447 8.09079255629331 7.95596178155392 7.73076570034027 8.17757193790749 8.27224035421386 7.64470350369811 7.65904720313847 7.72144229570404 7.69418926676735 7.70279548643157 7.84479811089113 7.66765342280269 8.01333657931536 8.0585192325525 8.20697652176023 8.31814019242302 8.34109011152759 8.60573136620224 8.54261908866465 8.5447706435807 8.36977751040831 8.38627276476473 8.15749075869098 7.8275856715627 7.98751792032272 7.91651660809293 8.6042969962582 8.10011596092954 8.59748373902403 8.74629962071776 8.84933519503102 7.82184819178656 7.62103639962152 7.7716452437453 7.70351267140359 7.74654376972467 8.34682759130374 8.49241614062339
-9999 -9999 -9999 -9999 -9999 9.20816674269736 9.06329537834972 9.00018310081214 7.99755850993097 7.70566422631964 9.15652942471206 9.2576525057666 8.73912777099758 8.50102236028761 8.48739584581926 8.22490614606068 8.19693593215197 8.2578966547735 8.21916866628453 8.3253120421432 8.71044037211686 8.80080567859113 7.90934475837275 8.16107668355107 8.02839746372774 8.16322823846713 8.10872218059376 8.02839746372774 8.10513625573367 8.16968290321529 7.64470350369811 7.76232183910906 8.23709829058498 8.19048126740381 7.91006194334477 7.98895229026675 8.07573167188093 8.16322823846713 8.37408062024042 8.4730521463789 8.44651630241424 8.41567734861746 8.41926327347755 8.46014281688258 8.5605487129651 8.48596147587523 8.75741598778404 8.73410747619346 9.0943392421385 9.21830978730161 8.45619829953648 8.58959470433183 8.66884364373982 9.08576717413962 8.43862726772204 7.66980497771874 8.36368143814616 7.04513686709106 8.05995360249653 7.68127993727103 7.4252449022606 7.77523116860539
-9999 -9999 -9999 -9999 -9999 9.29996641911566 9.06903285812587 9.07979063270614 9.2296822918579 9.16872156923637 9.22394481208175 9.36020995676517 8.65163120441139 8.82662433758378 8.21271400153637 8.47161777643487 8.65378275932744 8.77929012943059 8.55122530832887 8.49456769553944 8.32459485717118 8.79506819881499 8.23924984550104 8.20625933678821 8.44866785733029 8.25431072991341 8.26937161432579 8.34324166644365 8.42284919833764 8.40993986884132 7.97532577579841 7.9868007353507 8.20769370673224 8.02839746372774 8.12019714014605 8.078600411769 8.19550156220794 8.23996703047305 8.71402629697695 8.34395885141566 8.39846490928903 8.37910091504455 8.44006163766608 9.6079973645974 8.43504134286195 9.38746298570186 8.86535232607275 8.79327523638494 8.03987242328003 8.2177342963405 8.3253120421432 8.76638079993427 8.89798424229957 8.82267982023768 8.71223333454691 8.65163120441139 6.79483931185678 6.81778923096135 8.65414135181345 8.7914822739549 8.30307930801064 7.80965604726225
-9999 -9999 -9999 -9999 -9999 9.45774711295962 9.14433728018776 8.74486525077373 8.62366099050269 8.92200993886217 8.57776115229353 9.45774711295962 9.37957395100966 9.3853114307858 8.73912777099758 8.77929012943059 8.65306557435542 8.54548782855272 8.54692219849676 8.4013336491771 8.31455426756293 8.5246894643642 8.35686818091199 8.46803185157478 8.7118747420609 8.64517653966323 8.67027801368386 8.61720632575452 8.63943905988708 8.60860010609031 8.4092226838693 8.80797752831131 8.90838342439383 8.15533920377493 8.12521743495017 9.49790947139263 8.02337716892362 8.21988585125655 8.24785606516525 8.34252448147163 8.38483839482069 9.68115023174323 9.66573075484484 9.57500685588457 9.57572404085658 9.42009490192868 9.02456738986075 9.00592058058828 8.51966916956007 8.36906032543629 8.93778800824657 9.0184713175986 8.97328866436146 7.40014342823997 7.44747763639316 7.71355326101184 7.53353983303532 7.39368876349181 8.61075166100636 8.67744986340404 8.5246894643642 8.29303871840239
-9999 -9999 -9999 -9999 -9999 8.74199651088566 8.73482466116548 8.95715200249106 8.52110353950411 8.47018340649083 8.49743643542752 9.26482435548678 9.11062958650291 8.97006133198738 8.93993956316262 8.37408062024042 8.46731466660276 8.08290352160111 8.62079225061461 8.6042969962582 8.67458112351596 8.51966916956007 8.6602374240756 8.5684377476573 8.71330911200494 8.73482466116548 8.3532822560519 8.4450819324702 8.80510878842324 9.73501082314178 8.40491957403719 8.65019683446735 8.7914822739549 9.38208409841172 9.25514235836454 9.52910701767541 9.53412731247954 8.35758536588401 8.30021056812257 8.14314705925062 8.31025115773082 8.79506819881499 9.65246283286251 9.54183705092873 9.47011855372693 9.26984465029091 9.52922654850408 9.25012206356041 9.09628588706255 9.28060242487118 8.09007537132129 9.19274726579897 7.85770744038746 7.8512527756393 7.85770744038746 7.86631366005167 7.77092805877328 8.17757193790749 8.43504134286195 8.34252448147163 8.20482496684417 8.38985868962482
