EcologicalScience/Bass/data/rs_data_bass/sst_41.asc
NCOLS 226 
NROWS 124 
XLLCORNER -9.41648524995501 
YLLCORNER 47.587301625531 
CELLSIZE 0.0833 
NODATA_value -9999 
[rows 27 to 53 of 124, columns 62 to 123 of 226]
-9999 -9999 -9999 -9999 -9999 -9999 -9999 -9999 -9999 -9999 -9999 -9999 -9999 -9999 -9999 -9999 -9999 -9999 -9999 -9999 -9999 -9999 -9999 -9999 -9999 -9999 -9999 -9999 12.5299997199327 9.77999978139997 9.77999978139997 9.47499978821725 9.17999979481101 10.0249997759238 9.9899997767061 9.93999977782369 10.0449997754768 10.069999774918 10.0599997751415 9.76499978173524 10.2583331040417 10.0549997752532 10.1616664395357 9.92499977815896 9.91999977827072 9.92499977815896 9.85999977961183 9.83999978005886 9.8449997799471 9.82999978028238 9.77999978139997 9.58499978575855 9.48999978788197 9.45499978866428 8.38999981246889 9.03833313131084 8.98166646591077 9.42999978922307 8.71499980520457 6.32999985851347 6.72999984957278 7.19999983906746
-9999 -9999 -9999 -9999 -9999 -9999 -9999 -9999 -9999 -9999 -9999 -9999 -9999 -9999 -9999 -9999 -9999 -9999 -9999 -9999 -9999 -9999 -9999 -9999 -9999 -9999 -9999 -9999 -9999 -9999 9.78499978128821 9.22999979369342 9.83999978005886 10.2049997719005 10.2899997700006 10.2749997703359 10.049999775365 10.0999997742474 10.0949997743592 10.0849997745827 10.3216664359594 10.2316664379711 9.96999977715313 9.92499977815896 9.80999978072941 9.70999978296459 9.68999978341162 9.68499978352338 9.26999979279935 9.29749979218468 9.38999979011714 9.33999979123473 9.40999978967011 9.64333311778804 9.34499979112297 9.34499979112297 8.79333313678702 9.37499979045242 9.14499979559332 6.30499985907227 6.37999985739589 6.61999985203147
-9999 -9999 -9999 -9999 -9999 -9999 -9999 -9999 -9999 -9999 -9999 -9999 -9999 -9999 -9999 -9999 -9999 -9999 -9999 -9999 -9999 -9999 -9999 -9999 -9999 -9999 -9999 -9999 -9999 -9999 -9999 8.70833313868692 10.2099997717887 10.2449997710064 10.3049997696653 10.3949997676536 10.2649997705594 10.1899997722358 10.0549997752532 10.069999774918 10.0049997763708 9.94499977771193 10.029999775812 10.1049997741356 10.4499997664243 10.2333331046005 10.0149997761473 10.0149997761473 9.57499978598207 9.51499978732318 9.43999978899956 9.26999979279935 9.21999979391694 9.19499979447573 9.13499979581684 9.07499979715794 9.29499979224056 9.28999979235232 9.27499979268759 9.07499979715794 5.23499988298863 5.26999988220632
-9999 -9999 -9999 -9999 -9999 -9999 -9999 -9999 -9999 -9999 -9999 -9999 -9999 -9999 -9999 -9999 -9999 -9999 -9999 -9999 -9999 -9999 -9999 -9999 -9999 -9999 -9999 -9999 -9999 -9999 -9999 10.0759997747838 9.01999979838729 10.4049997674301 10.3899997677654 10.3449997687712 10.3449997687712 10.2349997712299 10.0399997755885 10.0799997746944 10.0449997754768 10.0349997757003 9.97499977704138 10.4633330994596 10.3849997678772 10.4349997667596 10.3066664362947 10.1333331068357 9.33499979134649 9.54499978665262 9.46499978844076 9.31999979168177 9.26999979279935 9.3599997907877 9.37499979045242 9.31499979179353 9.29499979224056 9.27499979268759 9.23999979346991 9.10999979637563 9.49499978777021 4.24499990511686
-9999 -9999 -9999 -9999 -9999 -9999 -9999 -9999 -9999 -9999 -9999 -9999 -9999 -9999 -9999 -9999 -9999 -9999 -9999 -9999 -9999 -9999 -9999 -9999 -9999 -9999 -9999 -9999 -9999 -9999 -9999 6.53268853322831 8.78333313701054 10.3249997692183 10.4599997662008 10.4599997662008 10.5349997645244 10.3899997677654 10.4199997670949 10.2199997715652 10.1149997739121 10.0099997762591 9.99499977659434 9.65499978419393 9.91499977838248 10.029999775812 10.1016664408768 9.76499978173524 9.6749997837469 9.6749997837469 9.99499977659434 9.98499977681786 9.79999978095293 9.41499978955835 9.36999979056418 9.33999979123473 9.34499979112297 9.37499979045242 9.2999997921288 9.11499979626387 7.69999982789159 4.76499989349395
-9999 -9999 -9999 -9999 -9999 -9999 -9999 -9999 -9999 -9999 -9999 -9999 -9999 -9999 -9999 -9999 -9999 -9999 -9999 -9999 -9999 -9999 -9999 -9999 -9999 -9999 -9999 -9999 -9999 -9999 -9999 -9999 6.50666652123133 10.2749997703359 10.2599997706711 10.4349997667596 10.6849997611716 10.6449997620657 10.4049997674301 10.1999997720122 10.0999997742474 10.069999774918 10.0199997760355 10.0199997760355 10.0349997757003 10.0349997757003 10.2399997711182 10.2616664373005 10.0449997754768 10.1399997733533 10.2249997714534 10.0099997762591 9.93999977782369 9.46499978844076 9.36499979067594 9.14499979559332 8.77499980386347 9.25666645976404 9.60333311868211 8.96999979950488 8.96999979950488 4.6499998960644
-9999 -9999 -9999 -9999 -9999 -9999 -9999 -9999 -9999 -9999 -9999 -9999 -9999 -9999 -9999 -9999 -9999 -9999 -9999 -9999 -9999 -9999 -9999 -9999 -9999 -9999 -9999 -9999 -9999 -9999 -9999 -9999 6.09833319702496 10.2649997705594 10.3849997678772 10.6249997625127 10.5949997631833 10.4299997668713 10.4799997657537 10.3099997695535 10.4199997670949 10.1599997729063 10.0199997760355 10.0249997759238 10.0549997752532 9.85499977972358 10.0999997742474 10.0899997744709 10.1649997727945 10.5124997650273 9.5299997869879 9.77499978151172 9.66999978385866 9.3599997907877 9.27499979268759 9.39999978989363 9.68999978341162 9.40333312315246 9.45833312192311 9.37499979045242 9.55166645317028 9.63166645138214
-9999 -9999 -9999 -9999 -9999 -9999 -9999 -9999 -9999 -9999 -9999 -9999 -9999 -9999 -9999 -9999 -9999 -9999 -9999 -9999 -9999 -9999 -9999 -9999 -9999 -9999 -9999 -9999 -9999 -9999 -9999 -9999 -9999 8.56833314181616 10.2949997698888 10.484999765642 10.5649997638538 10.4449997665361 10.3999997675419 10.5549997640774 10.4799997657537 10.4049997674301 10.3466664354006 10.069999774918 10.0749997748062 10.4249997669831 10.0849997745827 9.93999977782369 9.89999977871776 9.904999778606 9.83499978017062 9.73499978240579 9.64999978430569 9.38999979011714 9.37999979034066 9.40999978967011 9.36999979056418 9.61333311845859 9.22999979369342 9.23499979358166 9.50499978754669 9.5899997856468
-9999 -9999 -9999 -9999 -9999 -9999 -9999 10.1133331072827 9.38799979016185 9.32199979163706 9.2999997921288 9.1549997953698 -9999 -9999 8.41999981179833 -9999 -9999 -9999 -9999 -9999 -9999 -9999 -9999 -9999 -9999 -9999 -9999 -9999 -9999 -9999 -9999 -9999 -9999 -9999 8.43833314472189 10.5999997630715 10.5099997650832 10.4799997657537 10.4749997658655 10.4449997665361 10.3299997691065 10.049999775365 10.049999775365 9.93499977793545 9.87499977927655 9.84999977983534 10.4449997665361 10.1633331061651 10.1133331072827 10.174999772571 9.80999978072941 9.97999977692962 9.63499978464097 9.51499978732318 9.47499978821725 9.49499978777021 9.4449997888878 9.42499978933483 9.36499979067594 9.28499979246408 9.26499979291111 9.2999997921288
-9999 -9999 -9999 -9999 9.69392835475238 9.42124978941865 9.76749978167936 8.60166647440443 8.58833314136912 9.7787497814279 8.97124979947694 9.94833311097076 -9999 -9999 -9999 -9999 -9999 -9999 -9999 -9999 -9999 -9999 -9999 -9999 -9999 -9999 -9999 -9999 -9999 -9999 -9999 -9999 -9999 -9999 9.6874997834675 10.0066664430002 10.4099997673184 10.4899997655302 10.5199997648597 10.5249997647479 10.3749997681007 10.2049997719005 10.0199997760355 10.0899997744709 9.92499977815896 9.8199997805059 9.80499978084117 9.79999978095293 10.271666437077 9.59999978542328 10.1499997731298 10.174999772571 10.0099997762591 9.74999978207052 9.5299997869879 9.53999978676438 9.50499978754669 9.46999978832901 9.41499978955835 9.31999979168177 9.31499979179353 9.47499978821725
8.383571241184 8.50428552420012 10.3724997681566 10.7387497599702 10.8037497585174 10.8349997578189 6.2849998595193 6.2849998595193 8.6333331403633 8.13333315153917 10.3123074618097 -9999 -9999 -9999 -9999 -9999 -9999 -9999 -9999 -9999 -9999 -9999 -9999 -9999 -9999 -9999 -9999 -9999 -9999 -9999 -9999 -9999 -9999 -9999 10.9775859615284 10.0899997744709 10.1199997738004 10.2549997707829 10.4149997672066 10.4899997655302 10.5149997649714 10.4999997653067 10.3299997691065 9.95499977748841 9.83499978017062 9.90999977849424 9.88999977894127 9.85999977961183 9.83499978017062 9.86999977938831 9.84999977983534 9.8449997799471 9.99999977648258 10.0349997757003 9.74999978207052 9.55499978642911 9.57999978587031 9.96499977726489 9.60499978531152 9.65999978408217 9.9299997780472 9.91499977838248
10.7983330919718 10.851666424113 10.921249755891 10.962499754969 10.8887497566175 10.9174997559749 10.8599997572601 8.66833313958099 8.3316664804394 9.61999978497624 -9999 -9999 -9999 -9999 -9999 -9999 -9999 -9999 -9999 -9999 -9999 -9999 -9999 -9999 -9999 -9999 -9999 -9999 -9999 -9999 -9999 -9999 -9999 -9999 -9999 9.73999978229403 10.1399997733533 10.174999772571 10.1849997723475 10.2899997700006 10.3549997685477 10.3699997682124 10.339999768883 10.029999775812 10.0199997760355 9.93999977782369 9.97499977704138 9.904999778606 9.88499977905303 9.79999978095293 9.77999978139997 9.83499978017062 9.76999978162348 9.65499978419393 9.57999978587031 9.53999978676438 9.57999978587031 9.79499978106469 9.37999979034066 9.96999977715313 10.0099997762591 9.82499978039414
10.8433330909659 10.9383330888425 10.4099997673184 11.1724997502752 11.147499750834 11.107499751728 9.32666645819942 9.05833313086381 7.87799982391298 -9999 -9999 -9999 -9999 -9999 -9999 -9999 -9999 -9999 -9999 -9999 -9999 -9999 -9999 -9999 -9999 -9999 -9999 -9999 -9999 -9999 -9999 -9999 -9999 -9999 -9999 -9999 6.33899985831231 9.23833312684049 7.17666650625567 9.40249978983775 9.54666645328204 10.2066664385299 10.0649997750297 10.0649997750297 9.95999977737665 9.94666644434134 9.51999978721142 9.55999978631735 9.85999977961183 9.85999977961183 9.82499978039414 9.81499978061765 9.75499978195876 9.67999978363514 9.62999978475273 9.56499978620559 9.62999978475273 9.86999977938831 9.69499978329986 9.54499978665262 9.57999978587031 9.86499977950007
10.7233330936482 10.6066664295892 10.5699997637421 10.359999768436 10.2516664375241 9.86999977938831 9.29833312549939 9.38833312348773 12.7897884929553 -9999 -9999 -9999 -9999 -9999 -9999 -9999 -9999 -9999 -9999 -9999 -9999 -9999 -9999 -9999 -9999 -9999 -9999 -9999 -9999 -9999 -9999 -9999 -9999 -9999 -9999 -9999 -9999 -9999 -9999 -9999 9.99394714503892 10.359999768436 10.0824997746386 9.07749979710206 9.08249979699031 9.67999978363514 9.87499977927655 9.97999977692962 9.95999977737665 7.1387498404365 9.71999978274107 9.78499978128821 9.77999978139997 9.70999978296459 9.6999997831881 9.6999997831881 9.62999978475273 9.56999978609383 9.47499978821725 9.4449997888878 9.77999978139997 9.37499979045242
10.6966664275775 10.7466664264599 10.6233330958833 11.1099997516721 10.9274997557513 9.01999979838729 9.29499979224056 9.29499979224056 10.8543747573858 -9999 -9999 -9999 -9999 -9999 -9999 -9999 -9999 -9999 -9999 -9999 -9999 -9999 -9999 -9999 -9999 -9999 -9999 -9999 -9999 -9999 -9999 -9999 -9999 -9999 -9999 -9999 -9999 -9999 -9999 -9999 -9999 -9999 -9999 3.66999991796911 9.759999781847 9.8199997805059 9.87999977916479 10.0149997761473 9.98499977681786 9.904999778606 9.86499977950007 10.049999775365 9.8449997799471 9.64999978430569 9.65999978408217 9.6999997831881 9.70499978307635 9.64499978441745 9.56999978609383 9.44999978877604 9.41499978955835 9.45499978866428
10.8133330916365 10.5116664317126 11.0174997537397 10.3899997677654 6.81499984767288 6.81499984767288 9.39499979000539 9.39499979000539 9.88333311242362 10.3579997684807 -9999 -9999 -9999 -9999 -9999 16.1899624452926 -9999 -9999 -9999 -9999 -9999 -9999 -9999 -9999 -9999 -9999 -9999 -9999 -9999 -9999 -9999 -9999 -9999 -9999 -9999 -9999 -9999 -9999 -9999 -9999 -9999 -9999 -9999 -9999 10.0222219982081 9.76999978162348 9.84999977983534 9.87499977927655 9.94499977771193 9.86999977938831 9.77999978139997 9.9899997767061 8.79833313667526 9.6999997831881 9.71499978285283 9.70999978296459 9.71999978274107 9.6749997837469 10.6516664285834 10.6149997627363 9.33999979123473 9.27999979257584
7.89999982342124 7.89999982342124 10.166666439424 10.9449997553602 10.2299997713417 10.4049997674301 10.4516664330537 8.98999979905784 9.35499979089946 9.14499979559332 10.6456247620517 -9999 -9999 -9999 -9999 -9999 -9999 -9999 -9999 -9999 -9999 -9999 -9999 -9999 -9999 -9999 -9999 -9999 -9999 -9999 -9999 -9999 -9999 -9999 -9999 -9999 -9999 -9999 -9999 -9999 -9999 -9999 -9999 -9999 -9999 10.1630766959145 10.1474997731857 10.359999768436 10.359999768436 10.0724997748621 10.0324997757562 10.1174997738563 10.2699997704476 9.77999978139997 8.75833313756933 7.73249982716516 9.88499977905303 10.3649997683242 10.3699997682124 10.3849997678772 9.9774997769855 10.6699997615069
10.5166664316008 10.4833330990126 10.5933330965539 10.0683331082885 10.1483331065004 10.2933331032594 9.96499977726489 9.86499977950007 11.1624997504987 11.0224997536279 10.5549997640774 11.4736839540695 -9999 -9999 -9999 -9999 20.0982253572213 20.0982253572213 -9999 -9999 -9999 -9999 -9999 -9999 -9999 -9999 -9999 -9999 -9999 -9999 -9999 -9999 -9999 -9999 -9999 -9999 -9999 -9999 -9999 -9999 -9999 -9999 -9999 -9999 -9999 8.8399998024106 13.2973167759525 10.2419997710735 9.61333311845859 9.77749978145584 10.0424997755326 7.30833316997935 9.23249979363754 9.52249978715554 8.51166647641609 10.1024997741915 9.72833311588814 10.3859997678548 10.6399997621775 10.6912497610319 10.0799997746944 9.90999977849424
10.5749997636303 10.5949997631833 10.6516664285834 10.5316664312656 10.388333101136 10.4416664332772 10.3516664352889 10.1083331073945 11.2224997491576 10.9174997559749 10.8199997581542 10.359999768436 11.398420797857 10.2249997714534 9.366249790648 9.40624978975393 9.44124978897162 11.8149997359142 -9999 -9999 -9999 -9999 -9999 -9999 -9999 -9999 -9999 -9999 -9999 -9999 -9999 -9999 -9999 -9999 -9999 -9999 -9999 -9999 -9999 -9999 -9999 -9999 -9999 -9999 -9999 -9999 -9999 -9999 13.1109719291692 10.5837497634348 10.0899997744709 10.2399997711182 10.2749997703359 10.3649997683242 9.98166644355903 9.904999778606 9.89833311208834 10.174999772571 10.174999772571 8.98999979905784 9.02666646490495 10.2174997716211
11.3333330800136 11.1349997511134 10.9783330879485 11.2316664156194 11.1799997501075 11.1099997516721 10.9666664215426 10.8083330917483 11.043749753153 10.8749997569248 10.9249997558072 10.919999755919 10.504999765195 9.98749977676198 10.2662497705314 10.2437497710343 10.3919228446455 -9999 -9999 -9999 -9999 -9999 -9999 -9999 -9999 -9999 -9999 -9999 -9999 -9999 -9999 -9999 -9999 -9999 -9999 -9999 -9999 -9999 -9999 -9999 -9999 -9999 -9999 -9999 -9999 -9999 -9999 -9999 9.28999979235232 9.28999979235232 9.84999977983534 9.99999977648258 10.0999997742474 10.1999997720122 10.4499997664243 10.0866664412121 9.94333311108251 10.0274997758679 10.3099997695535 10.4574997662567 10.5149997649714 10.464999766089
11.2899997476488 10.9249997558072 10.9249997558072 11.9099997337908 11.708749738289 11.7012497384567 11.0766664190839 10.9899997543544 10.8049997584894 10.7112497605849 10.7912497587968 10.7974997586571 10.7049997607246 10.5074997651391 10.4412497666199 10.3174997693859 10.5776920712625 -9999 -9999 -9999 -9999 -9999 -9999 -9999 -9999 -9999 -9999 -9999 -9999 -9999 -9999 -9999 -9999 -9999 -9999 -9999 -9999 -9999 -9999 -9999 -9999 -9999 -9999 -9999 -9999 -9999 -9999 -9999 10.1707140583811 10.1158331072268 10.0049997763708 10.0749997748062 10.1249997736886 10.339999768883 10.4399997666478 10.4999997653067 10.0633331084003 10.1249997736886 10.3349997689947 10.4399997666478 10.214999771677 10.2199997715652
11.6399997398257 11.4883330765491 11.2483330819135 11.5499997418374 11.4849997432902 11.5287497423124 10.2216664381946 9.50749978749081 9.23249979363754 10.6116664294774 9.91166644512365 9.77499978151172 9.60833311857035 10.2566664374123 9.65624978416599 6.69999985024333 -9999 -9999 -9999 -9999 -9999 -9999 -9999 -9999 -9999 -9999 -9999 -9999 -9999 -9999 -9999 -9999 -9999 -9999 -9999 -9999 -9999 -9999 -9999 -9999 -9999 -9999 -9999 -9999 -9999 -9999 -9999 -9999 11.7956448976371 9.31499979179353 10.0749997748062 10.2299997713417 10.5649997638538 10.3849997678772 10.2899997700006 10.0999997742474 9.77499978151172 9.66999978385866 9.62499978486449 10.382499767933 10.3466664354006 10.4133331005772
12.2237497267779 12.0674997302704 11.9662497325335 11.5099997427315 11.4887497432064 11.583749741083 11.0039997540414 9.68333311689397 9.64833311767628 9.88499977905303 9.72499978262931 9.55166645317028 9.49833312102904 9.9899997767061 9.81428549491933 -9999 -9999 -9999 -9999 -9999 -9999 -9999 -9999 -9999 -9999 -9999 -9999 -9999 -9999 -9999 -9999 -9999 -9999 -9999 -9999 -9999 -9999 -9999 -9999 -9999 -9999 -9999 -9999 -9999 -9999 -9999 -9999 -9999 -9999 8.87749980157241 8.68999980576336 10.0149997761473 10.0149997761473 10.5599997639656 10.6149997627363 10.5349997645244 10.4299997668713 10.1399997733533 10.1449997732416 10.2274997713976 10.5216664314891 10.4424997665919
11.479999743402 11.4399997442961 11.4449997441843 11.4399997442961 11.4249997446314 11.2649997482076 10.4137497672345 10.3087497695815 10.3083331029241 10.3616664350654 10.0066664430002 9.62333311823507 9.32249979162589 9.12749979598448 9.01499979849905 10.4185291788924 -9999 -9999 -9999 -9999 -9999 -9999 -9999 -9999 -9999 -9999 -9999 -9999 -9999 -9999 -9999 -9999 -9999 -9999 -9999 -9999 -9999 -9999 -9999 -9999 -9999 -9999 -9999 -9999 -9999 -9999 11.6605316542604 7.37999983504415 7.18571412510106 -9999 11.5949583295733 8.87999980151653 8.90333313432833 10.3999997675419 10.4099997673184 10.5299997646362 10.4499997664243 10.3649997683242 10.3449997687712 10.1316664402063 8.537499809172 9.04333313119908
12.3999997228384 12.391249723034 11.3849997455254 11.3849997455254 11.3862497454975 11.4062497450504 11.2712497480679 10.4316664335007 10.8249997580424 10.7399997599423 9.76999978162348 9.53249978693202 9.4324997891672 9.39249979006127 10.8293330912789 -9999 -9999 -9999 -9999 -9999 -9999 -9999 -9999 -9999 -9999 -9999 -9999 -9999 -9999 -9999 -9999 -9999 -9999 -9999 -9999 -9999 -9999 -9999 -9999 -9999 -9999 -9999 -9999 -9999 -9999 -9999 -9999 -9999 -9999 9.44363615255464 9.63749978458509 7.50999983213842 8.46333314416309 9.23499979358166 9.74999978207052 9.82999978028238 10.3299997691065 10.3449997687712 10.214999771677 10.2249997714534 10.3049997696653 10.0799997746944
10.8199997581542 10.6799997612834 10.8049997584894 10.6699997615069 9.99166644333551 11.5924997408874 10.0999997742474 10.5774997635745 10.4749997658655 10.359999768436 9.71999978274107 9.14499979559332 8.9849997991696 8.82999980263412 14.7785290814388 -9999 -9999 -9999 -9999 -9999 -9999 -9999 -9999 -9999 -9999 -9999 -9999 -9999 -9999 -9999 -9999 -9999 -9999 -9999 -9999 -9999 -9999 -9999 -9999 -9999 -9999 -9999 -9999 -9999 -9999 -9999 -9999 -9999 -9999 -9999 9.61624978506006 8.07333315288027 8.06999981962144 8.15166648446272 8.38333314595123 8.49166647686313 10.4199997670949 10.3799997679889 10.2749997703359 10.1899997722358 10.2249997714534 10.194999772124
11.1049997517839 10.7249997602776 10.5799997635186 10.4549997663125 10.31999976933 10.3133331028124 10.6699997615069 10.6749997613952 10.3624997683801 10.0474997754209 9.60999978519976 9.40999978967011 9.1299997959286 9.18999979458749 9.33249979140237 -9999 -9999 -9999 -9999 -9999 -9999 -9999 -9999 -9999 -9999 -9999 -9999 -9999 -9999 -9999 -9999 -9999 -9999 -9999 -9999 -9999 -9999 -9999 -9999 -9999 -9999 -9999 -9999 -9999 -9999 -9999 -9999 -9999 -9999 -9999 -9999 -9999 9.48833312125256 8.25666648211578 8.3549998132512 8.69166647239278 8.12249981844798 8.4274998116307 10.049999775365 10.0049997763708 9.84999977983534 9.82499978039414
