EcologicalScience/Bass/data/rs_data_bass/sst_373.asc
NCOLS 226 
NROWS 124 
XLLCORNER -9.41648524995501 
YLLCORNER 47.587301625531 
CELLSIZE 0.0833 
NODATA_value -9999 
[rows 54 to 80 of 124, columns 124 to 185 of 226]
6.43529057921842 6.55147454468533 6.18379771569744 6.12714010290802 5.98549607093446 6.03032013168558 6.12570573296398 6.00163273280486 5.58996855886653 5.83930986747146 5.82831303123385 5.55984679004177 5.79723501577973 5.57132174959406 5.68391979020089 5.69467756478116 5.50605791714042 5.60502944327891 4.20687734032981 5.92632831074297 5.95740632619709 5.72228918620385 5.55865148175508 5.58399201743305 5.5065360404551 6.18893754133023 6.55111595219932 5.29018524056301 5.31528671458364 5.33034759899601 5.47521896334365 5.07861567381769 5.28552353824489 5.3776818071492 5.89979246677831 7.16463781305356 4.20293282298371 5.18726919707842 5.94174778764136 5.3457670758944 6.42477186629549 7.11757254926488 7.08816796541214 6.93397319642827 6.83141574542969 6.19527267524973 6.11996825318784 5.67029327573255 5.96935940906405 5.91628772113472 6.04251227620989 2.59526025320936 14.6749091919046 3.45204015728086 10.4261858868413 4.23305459180847 3.10097811347805 4.75326682062929 4.078255877585 17.7103945859708 17.8744942609196 17.8412130015424
6.13000884279609 5.82914974703453 5.91628772113472 6.20937731303275 5.98944058828056 5.64877772657201 5.20340585894883 5.50390636222437 5.31887263944373 5.50749228708446 5.39561143144965 5.04777672002092 4.91007720539346 5.24571977229789 5.00115969683975 5.05996886454523 5.14818261610344 5.21631518844515 5.62224188260734 5.90983305638656 4.24919125367887 5.26412751991302 4.36896114400588 5.6724448306486 5.61507003288716 5.60000914847478 5.60216070339084 6.07729574735276 5.41999572049826 5.53259376110509 5.63013091729954 5.67531357053667 5.70973844919354 5.63013091729954 4.86417736718431 4.62535477150232 6.06044190051034 6.34516433440149 6.14363535726443 6.42979216109961 6.65355387236923 7.22371592512354 6.75109102856368 6.85795158939436 6.16013061162084 5.83524581929669 5.76352732209489 5.66670735087246 5.97151096398011 3.35432370484341 4.89755037454888 4.60536921694875 4.38060344671831 3.46032762806863 1.69493697583675 10.3606829927303 17.4962937781478 16.4447286145833 -9999 -9999 -9999 -9999
5.92369863251224 6.02673420682549 4.61029388708994 5.04490798013285 4.76448865607381 5.14961698604748 5.11447492241859 5.6153090945445 4.47187718749046 4.59595018764958 4.87923825159669 5.97939999867231 4.64973906055093 4.64185002585873 4.7164372629486 4.94235052913427 5.28086183592677 5.93995482521132 6.23782565025613 6.2832473651506 5.14316232129931 6.22969755390659 5.78360850131139 5.83524581929669 5.87469099275768 5.80225531058386 6.27918331697583 5.62009032769129 5.59498885367066 5.49027984775603 5.70973844919354 5.70902126422152 5.84528640890494 5.84528640890494 5.87253943784162 5.98513747844845 6.06761375023052 6.31432538060471 6.42477186629549 6.53521835198626 6.98345895949751 7.03366190753877 6.86655780905858 6.84719381481409 5.31421093712561 5.2023300814908 5.64017150690779 3.75168003858998 3.80218579806387 3.90115732420236 2.79115420556627 2.621002070955 2.85749381547794 3.2091535134241 2.75169015881654 -9999 -9999 -9999 -9999 -9999 -9999 -9999
5.2779930960387 5.26472517405637 5.53438672353514 3.3896450647153 3.86083559133112 4.13121432578191 4.46613970771432 4.47833185223863 4.68918423401192 5.5928372987546 5.70997751085088 5.94999541481957 4.5249488754198 6.00450147269294 6.09988707397133 5.95358133967966 6.14172286400571 6.24762717820704 6.20531326485798 6.73029266437516 6.56247138092294 6.66000853711739 6.39034698763862 6.2698599123396 6.31862849043682 6.23758658859879 6.00019836286083 7.39751375000924 6.0984527040273 6.03032013168558 5.9313486055471 5.95358133967966 6.0030671027489 6.61482588388026 6.32078004535288 6.35161899914965 6.32436597021297 6.59833062952384 6.97198399994522 6.75826287828386 7.28539383271709 6.93038727156818 6.55745108611882 5.66276283352636 5.68105105031282 5.42465742281638 5.89979246677831 3.48856877852231 4.65189061546698 2.55484175728634 2.77286598877981 2.37536621803883 4.54000975983217 4.31658554737292 18.9949995754287 -9999 -9999 -9999 -9999 -9999 -9999 -9999
5.16431927797385 5.07933285878971 5.49530014256015 2.75780510436743 3.42335275840014 3.5173039897345 4.93087556958199 5.16969816526398 5.33967100363225 5.48741110786796 5.63443402713165 5.85819573840126 5.46015807893127 5.74488051282242 5.77571946661919 5.46230963384733 6.17877742089331 6.50366221321747 6.50151065830141 6.63132113823667 6.7876674621366 6.87014373391867 6.27488020714372 6.36022521881387 6.50222784327343 6.43481245590374 7.1702856447082 6.29854731122032 6.31719412049279 6.37098299339414 6.39178135758266 6.31432538060471 6.28276924183592 6.64207891281694 6.68726156605408 7.0229041329585 6.82065797084942 6.6485335775651 7.25742361880839 7.3535264050588 7.22371592512354 6.61339151393622 6.68224127124995 5.68069245782681 5.15499587333761 8.96353494874202 3.47297299365164 3.67237531812862 3.15895056538284 3.71524704201147 2.77501754369587 3.4613635619171 4.56654560379684 15.8652210899629 15.2549996590242 -9999 -9999 -9999 -9999 -9999 -9999 -9999
5.85313325624584 5.97617266629823 5.25432599196211 2.99519333010539 3.75971251027659 3.6844080882147 4.22301400220022 4.3219855283387 4.38222906598821 4.21082185767591 4.57515182346106 4.55005034944043 5.6007263334468 5.84887233376503 6.00593584263697 6.14052755571902 6.79268775694072 6.98991362424567 6.9669637051411 7.03653064742684 6.5011520658154 7.49122591968626 7.67243465594947 7.6549831549637 7.70446891803294 7.00891902600415 7.28897975757718 7.37540054670535 6.48716695886105 6.61697743879631 6.55314797628671 6.47282325942069 6.50222784327343 6.82711263559759 7.02864161273465 6.78910183208063 7.17351297708228 7.43098238203675 7.08171330066398 7.4051637230441 6.44270149059594 6.15869624167681 6.1425595798064 5.53582109347917 6.28492079675198 2.6127406517581 5.65172615367919 2.9240265136513 2.40279854321852 2.43507186695933 4.44964445335791 4.53283791011199 4.47833185223863 2.42919095018879 17.5999996066093 -9999 23.7447889405303 -9999 -9999 -9999 -9999 -9999
-9999 -9999 -9999 -9999 -9999 13.2249997043982 5.2579119168222 3.26485487958416 5.50928524951451 5.39465518482029 4.08029419276863 4.42884608916938 4.10969877662137 6.39967039227486 6.59976499946788 6.52517776237801 6.62486647348851 7.0666524162516 7.08888515038416 7.11398662440479 6.54669331153855 7.50772117404267 7.58948026085272 7.18498793663457 7.77738272352144 7.26124860532582 5.38270210195333 5.44007689971477 5.62439343752339 6.0188451721333 6.76471754303202 7.64972379850224 7.67554245749488 7.07741019083187 6.57538071041927 6.66216009203345 7.65546127827838 7.61171299498528 7.42452771728858 7.32125308131799 6.21105074463412 5.19479963928461 5.21990111330524 5.63479261961766 6.02458265190944 10.5066554327189 -9999 18.0517412752108 7.71983716743333 18.3349995901808 3.15584276383743 4.38940091570839 4.47187718749046 3.49531031725928 5.37499987985939 5.37499987985939 10.3314615199342 -9999 -9999 -9999 -9999 -9999
-9999 -9999 -9999 -9999 -9999 -9999 -9999 6.60319154988974 4.33028438301491 5.24320962489583 5.35473188804463 5.31743826949969 5.15894039068371 6.35018462920561 6.40469068707898 6.20172733999789 6.88018432352692 7.3097781217657 7.37073884438723 7.50915554398671 7.54716634750366 7.52421642839909 7.3535264050588 7.54214605269954 7.66048157308251 6.69801934063435 6.99708547396585 7.25168613903224 7.53856012783945 7.25168613903224 6.9389934912324 7.9789117006585 7.86918239993975 6.83787041017786 7.53210546309128 7.52278205845505 7.70853296620771 7.51991331856698 7.16849268227816 6.4132969067432 7.31479841656983 5.08865626342595 5.10586870275438 5.36943417997099 5.45885818116949 16.0299996417016 -9999 -9999 -9999 -9999 -9999 -9999 -9999 -9999 -9999 -9999 -9999 -9999 -9999 -9999 -9999 -9999
-9999 -9999 -9999 -9999 -9999 -9999 -9999 -9999 12.9699997100979 6.67408801051543 5.30237738508731 6.36524551361799 6.31002227077261 6.3853266928345 5.19551682425663 6.71021148515865 6.9949339190498 7.43385112192482 7.72000792576 7.79889827268198 8.33535263175145 8.4092226838693 8.38268683990464 7.92153690289706 7.89428387396038 6.78910183208063 7.8433637409471 7.30404064198956 7.01716665318236 8.09079255629331 8.00903346948326 7.95596178155392 7.95452741160989 3.86011840635911 6.44772178540006 7.44962919130921 7.20076600601897 7.11326943943277 6.86655780905858 4.89358195103705 5.11806084727868 5.0549485697411 5.08507033856586 4.62714773393236 3.99877416761592 7.66999982856214 -9999 -9999 -9999 -9999 -9999 -9999 -9999 -9999 -9999 -9999 -9999 -9999 -9999 -9999 -9999 -9999
-9999 -9999 -9999 -9999 -9999 -9999 -9999 -9999 -9999 13.509999698028 5.12069052550942 5.2129683252424 5.27153843129054 5.28373057581484 5.31456952961162 5.64268165430985 6.29328795475885 7.54716634750366 7.86272773519158 8.05672627012245 5.96505629923195 8.08146915165707 8.38412120984867 8.45751313865185 6.55243079131469 6.62988676829264 8.16777040995657 8.25646228482947 8.26506850449368 8.08720663143322 8.04202397819608 7.9710226659663 7.89571824390441 7.36428417963907 7.71498763095587 6.26555680250749 6.88377024838701 7.00856043351814 4.66013824264519 4.99578080954961 5.06857508420944 5.8584348000586 5.90170496003702 4.453230378218 16.0523645062191 -9999 -9999 -9999 -9999 -9999 -9999 -9999 -9999 -9999 -9999 -9999 -9999 -9999 -9999 -9999 -9999 -9999
-9999 -9999 -9999 -9999 -9999 -9999 -9999 -9999 -9999 15.8349996460602 5.22109642159194 5.16659036371857 5.56797488639131 5.57968890760094 5.90409557661042 5.91485335119069 3.00021362490952 6.67980284234509 7.35257015842944 7.97747733071446 7.96743674110621 8.15175327891484 8.43336791126058 8.36045410577208 4.75803399132565 4.84553055791184 4.72360911266878 6.21391948452219 7.39512313343585 8.00616472959518 7.93731497228146 7.88352609938011 7.76805931888521 7.20793785573915 6.90098268771544 6.70088808052242 6.71451459499076 6.90887172240764 6.12929165782407 6.03055919334292 4.88892024871893 6.00139367114753 5.98035624530166 6.00330616440624 9.22492561140098 3.3178554672792 9.99418858846672 -9999 -9999 -9999 -9999 -9999 -9999 -9999 -9999 -9999 -9999 -9999 -9999 -9999 -9999 -9999
-9999 -9999 -9999 -9999 -9999 -9999 -9999 -9999 -9999 7.92136998118679 5.35616625798866 5.39561143144965 5.57203893456608 5.78313037799671 6.20925778220408 6.87038279557601 6.71523177996278 7.66000344976783 7.520630503539 8.1940671922639 8.00078584230505 8.1460157991387 8.37408062024042 8.24666075687855 4.67986082937568 4.65404217038304 4.37864314112812 7.8752784722019 7.79387797787786 7.82399974670261 7.76088746916503 7.67195653263479 7.20291756093502 7.02577287284657 6.73387858923525 6.73746451409534 6.60478529427201 5.130611584289 5.20842615375295 5.05602434719913 5.0309228731785 4.51490828581154 6.00067648617551 13.3918928610018 17.5449996078387 -9999 -9999 -9999 -9999 -9999 -9999 -9999 -9999 -9999 -9999 -9999 -9999 -9999 -9999 -9999 -9999 -9999
-9999 -9999 -9999 -9999 -9999 -9999 -9999 -9999 -9999 5.4439018862322 5.53498437767848 5.84241766901687 6.09701833408326 6.70626696781255 6.50581376813352 6.58757285494357 6.90169987268746 7.78670612815768 8.65378275932744 8.6121860309504 8.17577897547744 8.2059007443022 8.19370859977789 8.07668791851029 8.08481601485983 7.89822839130647 7.94783368520439 7.79531234782189 7.74080628994852 7.70638141129166 7.80033264262602 7.04334390466101 6.31217382568866 6.72598955454305 6.63418987812474 5.56522567733191 5.05674153217115 1.88499099342152 1.82976775057614 5.09618670563214 5.16396068548784 6.34516433440149 5.33751944871619 7.14680500872433 -9999 -9999 -9999 -9999 -9999 -9999 -9999 -9999 -9999 -9999 -9999 -9999 -9999 -9999 -9999 -9999 -9999 -9999
-9999 -9999 -9999 -9999 -9999 -9999 -9999 -9999 7.4944930956699 6.38030639803037 6.58972440985963 6.23041473887861 6.56785026821308 6.74750510370359 6.16264075902291 7.68486586213112 8.18115786276758 8.32100893231109 8.71761222183704 8.75992613518611 8.72980436636135 8.57847833726555 8.50675984006375 8.28730123862624 8.0585192325525 5.8158818250522 3.81350138317794 7.25240332400426 7.57513656141236 7.56509597180411 7.0150150982663 7.55505538219586 5.90983305638656 6.70590837532654 6.58829003991559 6.02243109699339 4.91222876030952 4.68380534672178 6.80990019626915 4.52423169044778 5.51968443160877 6.42262031137943 11.1730041103842 -9999 -9999 -9999 -9999 -9999 -9999 -9999 -9999 -9999 -9999 -9999 -9999 -9999 -9999 -9999 -9999 -9999 -9999 -9999
-9999 -9999 -9999 -9999 -9999 -9999 -9999 -9999 8.20367123449788 5.41246527829207 7.00999480346218 6.85508284950629 7.17996764183044 7.03724783239886 7.76017028419301 8.13286740798503 8.0585192325525 8.43504134286195 8.69466230273247 7.51704457867891 8.72406688658521 8.63513595005497 8.25861383974552 8.22418896108866 8.11517684534192 8.00903346948326 7.87994017452002 7.65976438811049 6.95799889299087 6.87086091889068 6.70770133775659 6.40325631713495 6.0586489380803 6.74033325398341 6.49505599355325 4.74369029188529 5.21201207861304 4.05877864360809 5.85939104668796 4.98394725751132 5.54263435071334 7.07346567348577 17.9149995995685 -9999 -9999 -9999 -9999 -9999 -9999 -9999 -9999 -9999 -9999 -9999 -9999 -9999 -9999 -9999 -9999 -9999 -9999 -9999
-9999 -9999 -9999 -9999 -9999 -9999 -9999 5.96157458073531 7.28019424166996 5.61937314271927 6.43983275070786 6.82806888222694 6.87779370695353 7.63466291408986 8.11159092048183 8.12975960643962 8.16514073172584 8.78717916412279 7.98106325557455 7.99373352341354 7.90121666202322 7.89595730556175 8.34467603638768 7.6762596424669 8.08146915165707 7.81395915709436 7.7278969604522 7.62749106436968 7.33846552064642 7.31479841656983 7.21152378059924 7.13478498859331 6.26950131985359 5.87899410258979 6.49505599355325 4.60419781482778 6.12427136301994 5.13527328660712 5.97031565569341 6.43296826597569 10.3927172548138 10.9045846220535 -9999 -9999 -9999 -9999 -9999 -9999 -9999 -9999 -9999 -9999 -9999 -9999 -9999 -9999 -9999 -9999 -9999 -9999 -9999 -9999
-9999 -9999 -9999 3.8400372271426 -9999 6.53421106972219 5.18762778956443 5.86548711895011 6.13144321274012 6.26555680250749 6.62916958332062 7.23758150124922 7.08745078044012 8.41496016364545 8.07047231541947 8.19789217878133 8.23159987246618 8.08469648403116 8.1156549686566 8.03222245024517 7.64685505861416 7.53784294286743 8.13740957947448 8.11230810545385 7.95596178155392 7.84981840569526 7.52134768851101 7.39799187332392 7.27033294830471 6.41544846165925 7.03724783239886 7.2301705898717 7.01716665318236 5.79508346086368 6.1969461068511 7.05517745669931 4.52710043033585 5.15033417101949 4.85521255503409 15.7944149001249 13.2949997028336 -9999 -9999 -9999 -9999 -9999 -9999 -9999 -9999 -9999 -9999 -9999 -9999 -9999 -9999 -9999 -9999 -9999 -9999 -9999 -9999 -9999
-9999 -9999 3.88019958557561 -9999 6.21463666949421 6.30482267972548 5.4773705182597 6.43696401081979 6.61219620564952 6.69550919323228 7.18068482680246 7.59210993908346 7.86631366005167 8.38842431968078 8.6243781754747 8.94495985796675 8.81514937803149 8.72980436636135 8.20434684352949 8.40491957403719 8.27821689564735 8.5447706435807 8.40491957403719 8.31527145253494 8.2299264408648 7.9789117006585 7.74224065989256 7.70853296620771 7.51991331856698 7.40014342823997 7.08027893071994 7.02505568787456 6.00234991777688 5.98011718364432 5.25611895439215 4.76843317341991 3.50396434925497 7.40035164323185 15.1533394100623 -9999 -9999 -9999 -9999 -9999 -9999 -9999 -9999 -9999 -9999 -9999 -9999 -9999 -9999 -9999 -9999 -9999 -9999 -9999 -9999 -9999 -9999 -9999
16.7749996250495 16.7749996250495 -9999 18.5799995847046 6.15762046421878 5.51107821194455 6.78807728212061 6.54753002733923 7.01214635837823 6.94401378603652 7.22120577772148 7.38866846868768 7.99576554750092 8.86535232607275 8.86535232607275 8.92631304869428 8.89977720472962 8.93778800824657 9.01380961528048 9.02098146500066 8.94209111807868 8.43002104805782 8.47233496140689 8.40348520409316 8.34826196124777 7.94950711680576 7.8275856715627 7.70494704134762 7.53999449778348 7.56724752672017 7.25025176908821 5.90301979915239 5.96756644663401 5.91090883384459 6.2698599123396 5.51968443160877 4.71280651402776 10.9527960283782 -9999 -9999 -9999 -9999 -9999 -9999 -9999 -9999 -9999 -9999 -9999 -9999 -9999 -9999 -9999 -9999 -9999 -9999 -9999 -9999 -9999 -9999 -9999 -9999
15.846610139939 15.187222179416 6.78056081105024 6.50850321177859 5.8529363819398 5.74380473536439 6.67435223655775 6.47389903687872 7.01752524566837 7.11291084694676 7.49911495437846 7.69813378411345 9.28275397978723 8.31431520590559 8.15928372112103 9.21533859241754 9.06759848818183 9.21677296236157 9.13644824549556 9.03245642455295 9.00233465572819 8.72980436636135 8.39487898442894 8.19263282231987 8.14529861416668 7.15163883543573 7.14697713311762 6.85866877436638 6.0149006547872 7.23519088467583 6.96983244502917 5.2701040613465 5.53940701833926 5.68779258904979 6.54551973612979 9.52362567538928 14.9686706294948 19.1699995715171 8.49391896913294 13.2399997040629 -9999 -9999 -9999 -9999 -9999 -9999 -9999 -9999 -9999 -9999 -9999 -9999 -9999 -9999 -9999 -9999 -9999 -9999 -9999 -9999 -9999 -9999
7.49723923983625 5.422625398729 5.56917019467801 5.90576900821179 6.01908423379064 6.97031056834385 7.02254554047249 6.98381755198352 7.16849268227816 7.25168613903224 7.47305723372847 8.96002074237913 9.34730062726885 9.30498671391979 9.28490553470328 9.05468915868551 9.11780143622309 9.09700307203457 9.09485151711851 9.0424970141612 7.77594835357741 8.20649839844555 7.45680104102939 7.65295113087632 7.39404735597782 6.95297859818675 6.8755226212088 6.6761451989878 7.13478498859331 5.210219116183 5.04024627781473 4.78743857517838 5.28695790818892 16.3162689643646 7.25664123520255 13.8770614015338 12.4988435466768 17.0855580455391 13.3823679626676 -9999 -9999 -9999 -9999 -9999 -9999 -9999 -9999 -9999 -9999 -9999 -9999 -9999 -9999 -9999 -9999 -9999 -9999 -9999 -9999 -9999 -9999 -9999
5.23185419617221 5.13043228804599 5.29520553536713 7.11408907940079 7.10415094478854 7.67841119738296 7.69490645173937 7.06760866288096 7.5048524341546 7.05804619658738 7.87743002711795 7.95237585669383 8.20410778187215 8.09545425861143 9.27988523989916 8.42213201336563 7.49194310465828 7.72682118299417 9.08983122231439 7.89356668898836 8.25180058251135 8.30021056812257 7.7479781396687 6.82496108068153 6.99816125142388 6.7959150893148 6.93469038140029 6.37958921305835 6.14363535726443 5.66240424104035 5.04239783273079 4.63862269348465 4.04013183433563 7.53093188768253 5.19112406630302 7.79268266959116 -9999 12.0733413443257 -9999 -9999 -9999 -9999 -9999 -9999 -9999 -9999 -9999 -9999 -9999 -9999 -9999 -9999 -9999 -9999 -9999 -9999 -9999 -9999 -9999 -9999 -9999 -9999
6.41831720154732 6.73961606901139 6.9153263871558 7.12689595390111 7.13299202616327 7.5048524341546 7.34778892528266 7.39655750337988 8.4462772407569 8.38412120984867 8.39954068674706 8.64589372463524 8.56234167539515 8.34897914621979 8.3414487040136 8.32280189474113 7.63538009906188 8.15964231360704 8.32602922711521 8.34467603638768 7.95273444917984 6.93469038140029 7.35818810737692 6.98632769938558 6.56964323064312 6.36309395870194 6.34372996445745 6.12570573296398 5.89871668932028 4.97964414767921 8.98436020736699 17.0013748617761 -9999 -9999 -9999 13.6052278061397 -9999 -9999 -9999 -9999 -9999 -9999 -9999 -9999 -9999 -9999 -9999 -9999 -9999 -9999 -9999 -9999 -9999 -9999 -9999 -9999 -9999 -9999 -9999 -9999 -9999 -9999
5.94521418167278 6.53772849938832 4.31481367861852 7.21808878149694 7.17160048382357 7.44245734158903 7.25527206389233 4.87995543656871 8.04453412559815 8.07393870945089 8.35148929362185 8.66669208882377 8.57202367251739 8.51393168978393 8.3851969873067 8.38663135725074 8.12199010257609 8.21271400153637 7.84551529586315 7.16490675741807 7.0386822023429 7.30332345701754 7.11972410418093 6.81276893615723 6.20531326485798 6.09163944679312 5.90266120666638 4.72504348261282 5.6247520300094 5.59570603864267 5.65989409363829 5.62374797104858 14.0437351890307 15.0683866973711 -9999 -9999 -9999 -9999 -9999 -9999 -9999 -9999 -9999 -9999 -9999 -9999 -9999 -9999 -9999 -9999 -9999 -9999 -9999 -9999 -9999 -9999 -9999 -9999 -9999 -9999 -9999 -9999
5.66599016590044 5.59427166869864 5.63515121210366 9.06664224155247 8.42951479984228 7.10939664058387 7.48620562488213 7.07023834111169 7.14912868803367 8.55720184976235 8.7717596872244 8.53186131408438 8.61935788067058 8.49528488051146 8.30272071552463 7.63896602392197 7.31981871137396 6.61482588388026 6.50437939818949 7.34994048019871 6.99780265893787 6.76256598811597 6.7876674621366 6.16515090642497 5.59355448372662 5.31528671458364 5.28731650067493 5.95752585702576 5.44402141706087 5.46051667141728 6.49068116522394 5.82955052687184 5.83908486826455 6.87516402872279 14.7649580932441 4.99999988824129 -9999 -9999 -9999 -9999 -9999 -9999 -9999 -9999 -9999 -9999 -9999 -9999 -9999 -9999 -9999 -9999 -9999 -9999 -9999 -9999 -9999 -9999 -9999 -9999 -9999 -9999
-9999 -9999 -9999 -9999 7.15999983996153 15.3088660046699 6.13000884279609 7.31264686165377 8.07095043873414 8.39344461448491 8.73661762359552 8.61864069569856 8.55983152799308 8.4730521463789 8.3891415046528 7.36284980969504 8.01979124406353 6.99923702888191 6.90887172240764 7.14482557820156 6.82280952576548 6.88054291601293 5.33034759899601 6.21248511457816 6.01611986923963 6.73495436669327 9.50296562544536 -9999 -9999 -9999 -9999 -9999 -9999 -9999 -9999 -9999 -9999 -9999 -9999 -9999 -9999 -9999 -9999 -9999 -9999 -9999 -9999 -9999 -9999 -9999 -9999 -9999 -9999 -9999 -9999 -9999 -9999 -9999 -9999 -9999 -9999 -9999
-9999 -9999 -9999 -9999 -9999 13.3681818732293 8.0080772228539 7.48369547748007 8.43324838043191 8.57094789505936 8.60860010609031 8.59031188930385 8.2937559033744 8.86535232607275 8.79506819881499 7.63824883894995 7.26029235869646 7.04513686709106 7.02505568787456 7.28862116509117 6.95656452304684 6.88699758076109 6.76722769043408 7.281807907857 14.0912786298431 -9999 -9999 -9999 -9999 -9999 -9999 -9999 -9999 -9999 -9999 -9999 -9999 -9999 -9999 -9999 -9999 -9999 -9999 -9999 -9999 -9999 -9999 -9999 -9999 -9999 -9999 -9999 -9999 -9999 -9999 -9999 -9999 -9999 -9999 -9999 -9999 -9999
