EcologicalScience/Bass/data/rs_data_bass/sst_326.asc
NCOLS 226 
NROWS 124 
XLLCORNER -9.41648524995501 
YLLCORNER 47.587301625531 
CELLSIZE 0.0833 
NODATA_value -9999 
[rows 0 to 26 of 124, columns 0 to 61 of 226]
-9999.000000000000000 -9999 -9999 -9999 -9999 -9999 -9999 -9999 -9999 -9999 -9999 -9999 -9999 -9999 -9999 -9999 -9999 -9999 -9999 -9999 -9999 -9999 -9999 -9999 -9999 -9999 -9999 -9999 -9999 -9999 -9999 -9999 -9999 -9999 -9999 -9999 -9999 -9999 -9999 -9999 -9999 -9999 -9999 -9999 -9999 -9999 -9999 -9999 -9999 -9999 -9999 -9999 -9999 -9999 -9999 -9999 -9999 -9999 -9999 -9999 -9999 -9999
-9999 -9999 -9999 -9999 -9999 -9999 -9999 -9999 -9999 -9999 -9999 -9999 -9999 -9999 -9999 -9999 -9999 -9999 -9999 -9999 -9999 -9999 -9999 -9999 -9999 -9999 -9999 -9999 -9999 -9999 -9999 -9999 -9999 -9999 -9999 -9999 -9999 -9999 -9999 -9999 -9999 -9999 -9999 -9999 -9999 -9999 -9999 -9999 -9999 -9999 -9999 -9999 -9999 -9999 -9999 -9999 -9999 -9999 -9999 -9999 -9999 -9999
-9999 -9999 -9999 -9999 -9999 -9999 -9999 -9999 -9999 -9999 -9999 -9999 -9999 -9999 -9999 -9999 -9999 -9999 -9999 -9999 -9999 -9999 -9999 -9999 -9999 -9999 -9999 -9999 -9999 -9999 -9999 -9999 -9999 -9999 -9999 -9999 -9999 -9999 -9999 -9999 -9999 -9999 -9999 -9999 -9999 -9999 -9999 -9999 -9999 -9999 -9999 -9999 -9999 -9999 -9999 -9999 -9999 -9999 -9999 -9999 -9999 -9999
-9999 -9999 -9999 -9999 -9999 -9999 -9999 -9999 -9999 -9999 -9999 -9999 -9999 -9999 -9999 -9999 -9999 -9999 -9999 -9999 -9999 -9999 -9999 -9999 -9999 -9999 -9999 -9999 -9999 -9999 -9999 -9999 -9999 -9999 -9999 -9999 -9999 -9999 -9999 -9999 -9999 -9999 -9999 -9999 -9999 -9999 -9999 -9999 -9999 -9999 -9999 -9999 -9999 -9999 -9999 -9999 -9999 -9999 -9999 -9999 -9999 -9999
-9999 -9999 -9999 -9999 -9999 -9999 -9999 -9999 -9999 -9999 -9999 -9999 -9999 -9999 -9999 -9999 -9999 -9999 -9999 -9999 -9999 -9999 -9999 -9999 -9999 -9999 -9999 -9999 -9999 -9999 -9999 -9999 -9999 -9999 -9999 -9999 -9999 -9999 -9999 -9999 -9999 -9999 -9999 -9999 -9999 -9999 -9999 -9999 -9999 -9999 -9999 -9999 -9999 -9999 -9999 -9999 -9999 -9999 -9999 -9999 -9999 -9999
-9999 -9999 -9999 -9999 -9999 8.8192731916206 8.95751059497707 8.90336312958971 9.04859308642335 9.23524047539104 9.35859629057813 9.48276889976114 9.26817121868953 8.35901973582804 8.57525100489147 8.54333627363667 8.42930386308581 7.81611071201041 7.5485110693262 7.48955248808488 7.19957069773227 7.3070289127063 7.11482334020548 6.06201970744878 9.8063968073111 9.89990723918637 8.7105707693845 8.00645160358399 7.36834822781384 4.58691365700215 7.8871120242402 8.00270536678898 11.2833538244896 10.8298670130761 12.3249997245148 7.82291851591087 10.3904873190264 12.2299997266382 9.34999979101121 10.4259468251839 8.60748448502272 10.7470066309907 11.6434195426825 12.8799997121096 -9999 -9999 -9999 -9999 -9999 -9999 -9999 -9999 -9999 -9999 -9999 -9999 -9999 -9999 -9999 -9999 -9999 -9999
-9999 -9999 -9999 -9999 -9999 9.12963498826139 6.86584062408656 6.86655780905858 9.43623156379908 9.51081880088896 8.66866434749682 8.39936139050405 8.32047104358207 8.32029174733907 6.12785728788003 6.1701712012291 8.57101961355656 6.61482588388026 7.94329151371494 7.3097781217657 6.91317483223975 6.86273282254115 6.79579555848613 6.4570451900363 10.0494916521385 7.7540953056065 7.44078390998766 7.66621905285865 7.58924119919538 5.5169591287151 7.61716360077262 7.22914603991168 5.49311133128192 5.41014638021588 11.5077393829762 10.3672312033444 12.0099997315556 -9999 13.2149997046217 10.2008144937456 10.2884863722138 7.40075815821599 6.9949339190498 10.9419614125509 10.5465454625897 11.4351176363416 -9999 -9999 -9999 -9999 -9999 -9999 -9999 -9999 -9999 -9999 -9999 -9999 -9999 -9999 -9999 -9999
-9999 -9999 -9999 -9999 -9999 9.17517623398453 6.84145633503795 5.59785759355873 7.5048524341546 9.47209081239998 8.02050842903554 8.09653003606945 7.9946897700429 8.19944607955404 8.42786949314177 8.28783912735526 8.19711522839498 6.55314797628671 6.5409558317624 6.20029297005385 7.73662271094508 7.41577806062996 6.77643156424165 10.9699316264596 12.0797888582151 11.3993894068588 8.13315129370312 7.7558671743609 7.49720246111974 7.55457725888118 7.27284309570678 7.66980497771874 7.2459486592561 6.91986855864525 6.3298473124991 11.3698364399085 10.9210753924213 12.3099997248501 12.0549997305498 9.50719130008846 10.5944215438329 11.1367640639655 6.94960782881826 8.51731270465202 10.115596981626 9.75499978195876 -9999 -9999 -9999 -9999 -9999 -9999 -9999 -9999 -9999 -9999 -9999 -9999 -9999 -9999 -9999 -9999
-9999 -9999 -9999 -9999 -9999 9.50024032255169 9.4369487487711 9.35411388450302 5.26006347173825 7.31408123159781 7.28611101768911 5.91772209107876 5.85102388868108 5.76496169203892 6.18738364055753 8.32853937451728 7.68056275229901 7.85842462535948 7.91400646069087 6.00234991777688 7.20184178347699 7.66248969100416 7.19036682392471 9.56389048881829 9.70590922979408 8.06353952735662 7.87061676988378 7.83776969816536 7.63681446900591 7.69951692655949 7.03987751062959 7.3854411363136 7.46182133583352 7.04322437383235 6.1505203329958 8.09394817017019 10.8640830933116 10.4470975992294 10.0055157507953 12.7926877513528 10.0233358122692 10.7548956656829 9.67970027082154 9.71999978274107 10.0556562554091 9.87572896125821 9.33499979134649 -9999 -9999 -9999 -9999 -9999 -9999 -9999 -9999 -9999 -9999 -9999 -9999 -9999 -9999 -9999
-9999 -9999 -9999 -9999 -9999 5.52972502121702 7.49266028963029 7.47831659018993 7.34492018539459 7.46253852080554 7.80033264262602 7.52974899818322 5.97653125878423 5.98944058828056 6.29280983144417 6.67291786661372 6.49218725366518 6.77260657772422 8.03327432153747 5.46015807893127 5.52972502121702 7.35603655246086 7.01680806069635 6.75898006325588 7.08171330066398 7.93253373913467 7.56673525174015 7.09777824403718 6.78149967137724 7.65345316035673 7.43994719418697 7.58661152096465 7.30439923447557 7.44747763639316 8.00975065445527 7.78025146340951 7.46407534574558 6.7678014384117 6.97987303463742 6.71236304007471 10.6269976790063 10.6185435894877 9.23616047086744 10.8888897246215 10.6920224498026 12.9118324466633 12.0949997296557 -9999 -9999 -9999 -9999 -9999 -9999 -9999 -9999 -9999 -9999 -9999 -9999 -9999 -9999 -9999
-9999 -9999 -9999 -9999 -9999 8.68103578826413 7.67482527252287 7.73076570034027 6.3774376581423 9.63683844597212 7.31814527977258 8.28012938890606 6.06402782537043 6.2540818429552 6.18666645558551 6.60263373935595 6.49147006869316 6.72096925973892 6.74535354878753 7.8768323729746 5.29305398045108 7.59557633311488 7.22156437020749 6.83500167028978 7.23495182301849 7.45417136279866 7.37408570758998 7.53700622706674 7.62921230830252 7.54200261570513 7.63380229212344 7.55562913017347 7.45565354507417 6.51599779473618 9.4451166887302 9.41358900968251 6.98216802654788 7.43134097452275 7.02505568787456 7.14482557820156 10.0806066701796 9.2914946716337 8.33304739434139 11.8924466559663 10.6426482488401 12.039999730885 -9999 -9999 -9999 -9999 -9999 -9999 -9999 -9999 -9999 -9999 -9999 -9999 -9999 -9999 -9999 -9999
-9999 -9999 -9999 -9999 -9999 8.44723348738626 8.31025115773082 9.29339222353883 6.68726156605408 7.39719500113279 7.31981871137396 7.93444623239338 8.17757193790749 7.93874934222549 7.02505568787456 6.31647693552077 6.1744743110612 7.16490675741807 7.50987272895873 7.6325113591738 7.95524459658191 7.30081330961548 7.58282068611256 7.83906063111499 7.96643268214539 7.93133843084797 7.89686573985964 7.6164464158006 7.63549962989055 7.5090121069923 6.81147800320759 6.10834985664114 7.50227056825534 7.7679158818908 7.90834069941193 8.24713888019323 10.6575079230242 10.2671469737482 9.83157977962401 7.0508743468672 7.06521804630756 7.00038452483714 11.6372953779214 9.77185819325969 10.2461087090895 10.3844457214698 12.2549997260794 -9999 -9999 -9999 -9999 -9999 -9999 -9999 -9999 -9999 -9999 -9999 -9999 -9999 -9999 -9999
-9999 -9999 -9999 -9999 -9999 8.11589403031394 8.08218633662909 7.18283638171852 6.52015746757388 8.41017893049866 7.18785667652264 7.16992705222219 6.52517776237801 7.4449674889911 7.44329405738972 8.79463788783178 7.74697408070788 7.5249336133711 7.64900661353022 7.92010253295302 7.84981840569526 7.50126650929451 7.10753195965663 7.22562841838226 8.46516311168671 8.41998045844957 8.45469221109524 8.32359079821035 6.02117602329236 7.75644092233852 8.27510909410194 8.48524429090321 7.87994017452002 7.06187118310481 7.92440564278513 7.74654376972467 7.26244391361251 8.45147139858454 11.33857798328 7.51650668994989 6.88827826821112 5.50534073216841 8.99503240874037 12.514450936698 10.0358810431927 12.1299997288734 -9999 -9999 -9999 -9999 -9999 -9999 -9999 -9999 -9999 -9999 -9999 -9999 -9999 -9999 -9999 -9999
-9999 -9999 -9999 -9999 -9999 9.3812132309457 8.04489271808416 7.97532577579841 8.63764609745704 7.95452741160989 8.32029174733907 7.22515029506758 7.21170307684224 7.81754508195445 7.35854669986293 8.20052185701206 7.32232885877602 7.19305626756977 6.93253882648423 6.93863489874639 7.5329251030593 7.66734605781468 8.27415284747258 8.9349192683585 5.62260047509335 6.16758933532983 6.23600878166035 5.24342478038743 8.25267144997737 7.65374003434554 6.65800041919574 6.7864721538499 7.78025146340951 7.91579942312092 8.0664082672447 8.08218633662909 7.30475782696158 7.27320168819278 7.27033294830471 7.18498793663457 8.19137774861883 8.54903156606152 11.0834829983097 10.6392057609744 11.8749997345731 -9999 -9999 -9999 -9999 -9999 -9999 -9999 -9999 -9999 -9999 -9999 -9999 -9999 -9999 -9999 -9999 -9999
-9999 -9999 -9999 -9999 -9999 9.60046692239121 7.94520400697365 7.87276832479984 8.7595675427001 8.4261960615404 8.22045959923416 6.74284340138547 7.24666584422812 8.74527507075774 8.0068819145672 8.40978049440309 8.55286458826491 8.25040605617687 7.40172123517841 7.90575883351266 8.27623609905796 7.32101401966065 7.82160913012922 7.90910569671541 6.66048666043207 6.83930478012189 8.32725868706724 7.39010283863172 7.94333932604641 8.37981810001656 8.35758536588401 7.94520400697365 7.94735556188971 7.86129336524755 8.18976408243179 8.26506850449368 7.35496077500284 8.37823004757852 10.5048371721059 11.4701681444421 10.1629252803899 11.5899380347691 9.88493955028086 11.7903818798616 9.96287902274556 11.9735763431904 -9999 -9999 -9999 -9999 -9999 -9999 -9999 -9999 -9999 -9999 -9999 -9999 -9999 -9999 -9999 -9999
-9999 -9999 -9999 -9999 -9999 9.66501356987283 8.87467573070899 8.78330636527389 8.48768271980807 8.48424023194239 8.41955014746636 8.24111452642828 8.52978944638744 8.58292488409206 8.66484789889572 8.71515330193298 8.61874315069456 8.3256194071312 7.46167789883912 8.29918601816254 8.14472486618906 8.1818750477396 7.985605427064 7.46971037052572 6.58427380407229 6.90815453743562 8.59043142013252 7.42094179242849 8.31168552767485 8.40778831392527 8.48739584581926 7.79531234782189 8.3253120421432 8.19837030209601 11.3330203105624 7.38795128371567 7.77021087380126 7.76845051068813 9.55848401749077 12.4177129294723 11.7127070622519 9.85756564747249 12.1627195385175 -9999 -9999 -9999 -9999 13.2249997043982 13.2249997043982 -9999 -9999 -9999 -9999 -9999 -9999 -9999 -9999 -9999 -9999 -9999 -9999 -9999
-9999 -9999 -9999 -9999 -9999 9.59168140648399 8.50042470614426 9.24020100478083 8.60460436124621 7.17361543207829 8.13697926849127 7.54257636368275 8.7276528114453 8.64270623587072 7.92376814503223 7.95688387651795 7.58876307588071 7.33129367092624 7.53769950587302 7.26703389743343 7.82543411664665 7.45931118843146 7.33416241081432 7.70552078932524 8.37049469538033 7.3814966189675 7.27463605813682 7.19120353972539 7.18140201177448 7.07382426597178 7.06224685142349 7.31479841656983 7.56294441688806 7.66765342280269 7.45895259594545 7.41090120282024 7.6469854558818 11.7899401019658 10.7757194619626 -9999 -9999 -9999 -9999 -9999 -9999 -9999 -9999 -9999 -9999 -9999 -9999 -9999 -9999 -9999 -9999 -9999 -9999 -9999 -9999 -9999 -9999 -9999
-9999 -9999 -9999 -9999 -9999 9.01787366345525 8.91383403018117 8.73339029122144 9.00003966381773 8.56628619274125 8.63282502070069 8.29080747626722 7.91667598253116 6.91644200822338 7.74697408070788 8.0640176506713 7.96361175458878 8.09222692623734 8.62150943558663 9.1978187881011 7.34189207106829 7.99253821512684 7.83590501723811 7.67554245749488 7.36954353610054 7.20793785573915 6.96242153365165 6.97843866469339 7.55362101225182 8.08403052655714 8.09007537132129 7.83045441145077 7.43026519706473 7.29686879226938 7.3334452258423 7.30690938187763 7.19359415629879 8.37986292407732 11.4006753937052 9.82439785708119 11.6199997402728 -9999 -9999 -9999 -9999 -9999 -9999 -9999 -9999 -9999 -9999 -9999 -9999 -9999 -9999 -9999 -9999 -9999 -9999 -9999 -9999 -9999
-9999 -9999 -9999 -9999 -9999 9.1662114218343 9.40204574679956 9.33391317445785 8.93549301633611 9.31029388271272 8.57130648754537 8.54815165844879 8.19797186600044 9.33188115037046 8.36977751040831 7.92010253295302 8.28048798139207 8.29805901320651 8.3654744005762 8.47066152980551 8.29781995154917 8.54405345860869 8.21462649479508 7.95739615149796 7.38508254382759 8.05163425682113 8.08003478171304 7.64207382546738 7.67673776578158 8.07358011696488 7.87563706468791 7.72574540553614 7.54429760761559 7.32914211601019 7.48692280985415 7.49624621449038 7.55792412208393 7.51991331856698 12.2920852573739 10.0051724637632 10.1742580094848 9.80499978084117 11.9505459675973 8.19518735765673 8.49577794517973 11.8499997351319 -9999 -9999 -9999 -9999 -9999 -9999 -9999 -9999 -9999 -9999 -9999 -9999 -9999 -9999 -9999 -9999
-9999 -9999 -9999 -9999 -9999 9.33869440760463 9.30355234397575 9.25621813582256 8.94878484448418 8.92798648029566 9.18033996578306 9.0334126711823 8.5885189268738 8.83010780744787 9.30104219657369 7.65560471527278 8.20105974574108 8.19191563734785 8.62796410033479 8.4474725490436 8.22060303622857 9.11600847379304 7.95381022663787 8.01351587555837 7.13209554494824 7.70207830145955 8.07386699095368 7.19096447806805 7.54238511435688 8.14027831936255 7.77236242871732 8.00473035965115 7.71570481592789 7.76590776396915 7.76519057899714 7.83475752128288 9.89869633992203 10.2548202544694 6.99278236413375 7.002822953742 7.11757254926488 6.92967008659616 7.002822953742 6.93469038140029 6.81492049107328 12.540208122693 11.5049997428432 -9999 -9999 -9999 -9999 -9999 -9999 -9999 -9999 -9999 -9999 -9999 -9999 -9999 -9999 -9999
-9999 -9999 -9999 -9999 -9999 9.83814202211797 9.89140495937318 9.52544937431812 8.77252809969442 9.21117891957983 8.94266486605629 8.50652077840641 8.556450513125 8.66218406899965 8.70357588738469 8.57154554920271 8.55696278810501 8.36810407880694 8.52899257419631 8.48954740073532 9.25819039449561 9.08153236763818 8.31491286004893 8.05995360249653 8.4211279544048 8.2882574852556 8.20458590518683 8.21027557263151 7.90551977185532 8.31240271264687 7.98378855846822 7.99612413998693 7.85699025541544 7.84981840569526 7.80678730737418 7.82184819178656 7.49481184454635 7.19861445110291 7.19933163607493 7.10681477468461 7.17781608691439 7.34850611025468 7.20722067076713 6.79770805174485 6.83285011537373 11.5069039524533 -9999 -9999 -9999 -9999 -9999 -9999 -9999 -9999 -9999 -9999 -9999 -9999 -9999 -9999 -9999 -9999
-9999 -9999 -9999 -9999 -9999 9.78998305124696 9.63233042614801 9.62284309351817 8.51635218906449 8.49077686068735 9.17273780507967 8.95858637243509 8.83666492719203 9.3068992071785 8.62581254541874 8.15342671051621 8.50269579188898 9.11292457841337 8.07573167188093 8.79255805141293 9.29661955591291 9.15335331983598 8.78297850928668 8.65163120441139 8.6720197486159 8.36236659903079 8.36906032543629 8.60913799481932 8.17506179050542 8.14027831936255 8.07931759674102 8.10298470081761 7.95022430177778 7.92942593758926 7.69490645173937 7.80033264262602 7.23232214478776 7.44174015661702 6.40971098188311 7.57991779455915 7.63538009906188 7.35383377004681 7.60501926857978 10.229438142851 10.3667011101042 6.8952452079393 10.1760520724682 -9999 -9999 8.94073358938165 -9999 -9999 -9999 -9999 10.9150669761002 -9999 -9999 -9999 -9999 -9999 -9999 -9999
-9999 -9999 -9999 -9999 -9999 9.98817711826414 9.30498671391979 9.5802423061803 9.37742239609361 8.85244299657643 8.89009520760737 9.16979734669439 9.11636706627905 9.27247432852164 9.14812811503985 8.36404003063217 8.12127291760407 9.08710591942072 8.13956113439053 9.38507236912847 9.04201889084652 9.08122500265017 9.05923133017495 8.81740338794355 8.50986764160916 8.44316943921149 8.44579911744222 6.57365946648642 8.18689534254372 8.16035949857906 8.17542038299143 8.15175327891484 8.0226599839516 7.99038666021079 7.96169926133007 7.71826619082796 7.55085472735975 9.89953305572271 11.1483727643051 7.59019744582474 7.55553350551054 7.91788577940315 11.7235075531784 8.17609538061216 7.42268352736054 11.3342217486352 11.2048097047955 9.66860476815183 9.36008444939507 9.07078996130731 -9999 -9999 -9999 9.73817035606223 9.4994457364693 9.79499978106469 -9999 -9999 -9999 -9999 -9999 -9999
-9999 -9999 -9999 -9999 -9999 9.57436138940975 9.29467717994703 8.61935788067058 9.62078716326505 9.11899674450979 9.00627917307429 8.80674806835928 8.69896541256458 9.10393586009741 8.59353922167793 8.6121860309504 8.90910060936585 8.83738211216405 8.84025085205212 9.08767966739833 8.36188847571611 9.2351807099767 8.49026458570734 8.53473005397245 8.05995360249653 8.52397227939218 8.41304767038673 7.9907452526968 8.17972349282354 8.18259223271161 8.12736898986623 8.05278175277635 8.05708486260846 8.13310646964237 8.05421612272039 7.92512282775715 7.54429760761559 7.41520431265235 7.44197921827435 7.62964261928573 7.76748557090759 10.242825595662 8.15868606697768 10.8938272673135 13.200931077823 9.60470483358949 8.95999979972839 10.3988174488286 9.92422470975933 9.65855623247164 8.54970952819882 8.65172703516196 -9999 10.2364138394164 10.3147045589078 -9999 -9999 -9999 -9999 -9999 -9999 -9999
-9999 -9999 -9999 -9999 -9999 9.32255774573423 9.76312447404489 8.39792702056002 8.9867358825868 9.2576525057666 9.18808556348085 9.53878901479766 9.25478376587853 9.52827030187473 8.92129275389016 8.54955187672749 8.72430594824255 8.5246894643642 8.80104474024847 8.79184086644091 8.59282203670591 8.74307228834368 8.55983152799308 8.15462201880291 8.47054199897684 7.98249762551859 8.46731466660276 8.35471662599593 8.31527145253494 8.1940671922639 8.12593461992219 8.15964231360704 8.17111727315933 8.12521743495017 8.23853266052902 7.68080181395635 7.12761313887313 11.146717722062 10.849775291803 8.7663350221701 10.0372068032254 9.74919514814392 10.6399939400144 7.33688771370798 10.865581213031 9.69011504389346 8.17499981727451 11.5899997409433 10.6950643033046 9.87602532608435 9.35760713939482 9.12725277115163 10.2045573411294 10.7532905374121 11.8128027889345 -9999 -9999 -9999 -9999 -9999 -9999 -9999
-9999 -9999 -9999 -9999 -9999 9.12067017611116 9.15581223974004 8.89810377312824 8.90312406793237 8.51201919652522 8.19382813060656 8.48524429090321 8.47520370129496 9.03783531184308 9.03508610278368 8.91842401400208 8.75299334712327 8.54381439695135 8.50436922349036 8.67458112351596 8.7118747420609 8.50173954525962 8.46014281688258 8.48452710593119 8.41531875613146 8.37408062024042 8.2736747241579 8.17613756796345 8.078600411769 7.91149631328881 8.03987242328003 7.59521774062887 8.00473035965115 8.07716604182497 7.75494507939688 11.1406216497999 9.20684033608244 9.81066418509851 7.8349998248741 9.42927798776604 10.905743571464 7.31575466319919 8.11015655053779 8.01548813423142 7.9272743826732 10.3858166997834 9.3564213491956 -9999 10.98709283829 9.21892451727763 8.06645045459599 9.87203177044956 9.88100577727892 9.96838281303644 11.8130912254564 9.87999977916479 -9999 -9999 -9999 -9999 -9999 -9999
-9999 -9999 -9999 -9999 -9999 9.92033141991124 8.26745912106708 8.41233048541471 8.65419257931145 7.56103192362934 8.17518132133409 8.14780876156874 8.10083314590156 8.26112398714758 9.13836073875427 8.43934445269406 8.51393168978393 8.60071107139811 8.30809960281476 8.83021026244387 8.36356190731749 8.45010222727433 8.67816704837605 8.45799126196653 7.69849237659946 8.21343118650839 8.1022675158456 8.03270057355985 8.08935818634927 8.0585192325525 7.72861414542422 8.05134738283232 8.14171268930659 8.08003478171304 10.5833176990439 9.35805840184912 6.32472456269898 11.2834131777287 -9999 9.73344895364717 7.8200828133939 7.86272773519158 8.02696309378371 8.09007537132129 8.69412441400345 11.5863026488765 -9999 9.49245089688338 7.91416014318487 8.2577532177791 8.47185683809221 9.77904598042369 8.60023294808343 6.70221999547045 12.4999997206032 -9999 -9999 -9999 -9999 -9999 -9999 -9999
