EcologicalScience/Bass/data/rs_data_bass/sst_157.asc
NCOLS 226 
NROWS 124 
XLLCORNER -9.41648524995501 
YLLCORNER 47.587301625531 
CELLSIZE 0.0833 
NODATA_value -9999 
[rows 27 to 53 of 124, columns 62 to 123 of 226]
-9999 -9999 -9999 -9999 -9999 -9999 -9999 -9999 -9999 -9999 -9999 -9999 -9999 -9999 -9999 -9999 -9999 -9999 -9999 -9999 -9999 -9999 -9999 -9999 -9999 -9999 -9999 -9999 12.5299997199327 10.21983799934 8.79901271616109 8.45763266948052 11.1660817163065 10.628192987293 11.0298165716231 10.9996948027983 10.9394512651488 10.7809533863328 10.6396679468453 10.9996948027983 10.9588152593933 11.1624957914464 11.3367717396468 10.8949857968837 10.9595324443653 11.1660817163065 11.2105471845716 11.1173131382093 11.4837946589105 11.5813318151049 11.3525498090312 11.5210882774554 11.2894375314936 11.4006012021564 11.2715079071932 11.424268306233 12.0080568734556 11.8603167692199 11.4063386819325 11.1330912075937 11.4744712542742 11.6422925377265
-9999 -9999 -9999 -9999 -9999 -9999 -9999 -9999 -9999 -9999 -9999 -9999 -9999 -9999 -9999 -9999 -9999 -9999 -9999 -9999 -9999 -9999 -9999 -9999 -9999 -9999 -9999 -9999 -9999 -9999 9.78499978128821 8.89133035950363 10.5117699601687 10.3362987036817 10.3233893741854 10.4108859407715 10.5120090218261 10.7228614035994 10.6411023167893 10.6963255596347 11.2155674793757 11.0699789300561 11.4716025143862 11.3668935084715 11.3590044737794 11.4300057860091 11.226325253956 11.3668935084715 11.0922116641887 11.2148502944037 11.3353373697028 10.7364879180677 10.8569749933667 10.4180577904917 10.9236731957644 11.3611560286954 11.267204797361 11.5540787861682 11.4551072600298 11.0083010224625 11.506027393043 11.7011017054319
-9999 -9999 -9999 -9999 -9999 -9999 -9999 -9999 -9999 -9999 -9999 -9999 -9999 -9999 -9999 -9999 -9999 -9999 -9999 -9999 -9999 -9999 -9999 -9999 -9999 -9999 -9999 -9999 -9999 -9999 -9999 12.1449997285381 10.6513819680549 10.4402905246243 11.0384227912873 10.6848506000824 10.6497085364535 10.5600604149513 10.5657978947274 10.6360820219852 11.2234565140679 11.5246742023155 11.4694509594701 11.3690450633876 10.9925229530782 11.3123874505982 10.7967314557172 11.0197759820148 11.5067445780151 11.982955399435 12.0295724226162 12.0596941914409 11.4034699420445 11.4931180635467 9.23828851152211 12.1249580238946 11.1897488203831 11.305215600878 11.1273537278175 11.3539841789752 11.4665822195821 11.6358378729783
-9999 -9999 -9999 -9999 -9999 -9999 -9999 -9999 -9999 -9999 -9999 -9999 -9999 -9999 -9999 -9999 -9999 -9999 -9999 -9999 -9999 -9999 -9999 -9999 -9999 -9999 -9999 -9999 -9999 -9999 -9999 11.565930657275 9.7954387797841 10.2466505821794 10.7648167244624 9.07979063270614 10.8576921783388 10.549302640371 10.5622119698673 11.0104525773786 11.2994781211019 11.0154728721827 11.0635242653079 11.3267311500385 11.4307229709812 11.2327799187042 11.3252967800945 10.8218329297379 10.9286934905685 10.268883316312 11.105120993685 11.1883144504391 11.7161625898443 12.1063112146221 11.6559190521948 11.6967985955998 11.2026581498794 12.1651203823276 12.1536454227753 11.982238214463 12.0819269255735 11.86390269408
-9999 -9999 -9999 -9999 -9999 -9999 -9999 -9999 -9999 -9999 -9999 -9999 -9999 -9999 -9999 -9999 -9999 -9999 -9999 -9999 -9999 -9999 -9999 -9999 -9999 -9999 -9999 -9999 -9999 -9999 -9999 12.5749997189268 9.72249082263027 9.77976316539571 9.87730032159016 11.1634520380758 11.6128879538737 11.1089459802024 10.389370391611 10.6116977329366 10.6411023167893 11.1890316354111 11.0075838374905 11.0140385022387 11.7548905783333 11.2191534042358 9.82781455852091 7.85985899530351 9.90455335052684 12.3085573767312 12.3092745617032 12.3465681802481 12.3128604865633 12.3924680184573 12.3429822553881 12.1787468967959 12.2798699778505 12.2346873246133 12.219626440201 12.222495180089 12.0116427983157 12.18018126674
-9999 -9999 -9999 -9999 -9999 -9999 -9999 -9999 -9999 -9999 -9999 -9999 -9999 -9999 -9999 -9999 -9999 -9999 -9999 -9999 -9999 -9999 -9999 -9999 -9999 -9999 -9999 -9999 -9999 -9999 -9999 -9999 11.4104488676174 9.72525710752234 10.6428952792194 10.1448103161529 10.3284096689895 10.5507370103151 10.4768669581972 10.4338358598761 11.2485579880886 11.3998840171844 11.3690450633876 12.0367442723364 11.2951750112697 12.1278267637827 12.0761894457974 12.1084627695382 11.6114535839297 12.2153233303688 12.3264870010316 12.3329416657798 12.4878536197357 12.5265816082247 12.420438232366 12.2447279142216 12.2590716136619 12.1930905962363 12.1938077812083 12.2311013997532 12.2719809431583 12.2497482090257
-9999 -9999 -9999 -9999 -9999 -9999 -9999 -9999 -9999 -9999 -9999 -9999 -9999 -9999 -9999 -9999 -9999 -9999 -9999 -9999 -9999 -9999 -9999 -9999 -9999 -9999 -9999 -9999 -9999 -9999 -9999 -9999 8.73263954019559 11.2048097047955 10.626579321106 10.5568330825772 10.8091028964845 10.7350535481237 10.3563798828982 9.86367380712181 12.4116527164588 12.2540513188578 11.743415618781 12.1206549140625 11.9399243011139 12.1055940296501 12.2454450991936 12.221060810145 12.0926847001538 12.1364329834469 12.2239295500331 12.1615344574675 12.2447279142216 12.5194097585045 12.4168523075059 12.3207495212555 12.2583544286899 12.262657538522 12.3085573767312 12.3157292264514 12.0123599832878 12.2368388795294
-9999 -9999 -9999 -9999 -9999 -9999 -9999 -9999 -9999 -9999 -9999 -9999 -9999 -9999 -9999 -9999 -9999 -9999 -9999 -9999 -9999 -9999 -9999 -9999 -9999 -9999 -9999 -9999 -9999 -9999 -9999 -9999 -9999 8.56943432587363 10.748859358835 10.5109332443681 10.1627399404533 10.2358928075992 10.2423474723473 12.5029145041481 12.6228636907181 12.9941862099804 12.9081240133382 12.5208441284485 11.8294778154232 12.6865138569847 11.5469069364481 12.1758781569079 11.9356211912818 12.2275154748932 12.2275154748932 11.8976103877649 12.3121433015913 12.2124545904808 12.3185979663394 12.1113315094262 11.8696401738562 11.9607226653025 11.2492751730606 11.6874751909636 12.0955534400418 12.220343625173
-9999 -9999 -9999 -9999 -9999 -9999 -9999 12.4517553094774 13.5822778870352 13.5550248580985 13.5636310777627 8.81792253662667 11.7653502639545 8.40566723096421 8.41999981179833 -9999 -9999 -9999 -9999 -9999 -9999 -9999 -9999 -9999 -9999 -9999 -9999 -9999 -9999 -9999 -9999 -9999 -9999 -9999 10.9612536882982 11.2637623094954 11.1640735983849 10.1749320849776 11.3550599564333 11.7174176635453 12.4658599472605 10.6066774381325 12.2382732494734 12.8414258109406 13.0644703372382 12.9604785162956 12.3939023884013 12.1278267637827 12.0532395266928 12.1601000875235 12.0288552376442 12.5143894637004 12.6026032152586 12.4864192497917 12.5351878278889 12.4254585271701 12.3293557409197 11.9743491797708 12.42187260231 12.0288552376442 11.6989501505159 11.3697622483596
-9999 -9999 -9999 -9999 8.5631922749699 12.5359498369216 13.9623859222047 13.4142175419256 13.85409099143 13.4847407308407 13.5446973945014 18.1968534134794 19.9649995537475 -9999 -9999 -9999 -9999 -9999 -9999 -9999 -9999 -9999 -9999 -9999 -9999 -9999 -9999 -9999 -9999 -9999 -9999 -9999 -9999 -9999 11.0930722861551 11.0570696005598 11.1827204076573 10.8627124731429 10.8752632101532 10.987502658274 13.0422376031056 11.9621570352465 12.020966202952 12.3207495212555 12.539490937721 12.3644978045486 12.0180974630639 12.0905331452377 12.1701406771317 12.2899105674587 12.4398022266105 12.5423596776091 12.6657154927962 12.6011688453145 12.57821892621 12.4441053364426 12.4505600011908 12.3974883132614 12.2454450991936 12.1887874864042 12.3558915848844 11.9291665265337
12.5925626256503 13.0532344393432 13.5093640815467 12.900234978646 13.2315744357184 13.4818719909526 13.5507217482664 13.6984618525021 13.8053224133328 6.45592726941438 3.81499991472811 -9999 -9999 -9999 -9999 -9999 -9999 -9999 -9999 -9999 -9999 -9999 -9999 -9999 -9999 -9999 -9999 -9999 -9999 -9999 -9999 -9999 -9999 -9999 12.8399997130036 11.383388762828 10.8799249124713 10.913919480145 10.9437543749809 11.1807840082329 11.3407162569929 12.380275873933 12.4003570531495 12.4390850416385 12.0955534400418 11.9621570352465 11.9736319947988 11.7577593182214 12.3709524692968 12.3401135155 12.4103976427577 12.5237128683366 11.7649311679415 12.4756614752114 12.5516830822453 12.4964598393999 12.4720755503513 12.3573259548284 12.462034960743 12.3716696542688 12.0905331452377 11.6422925377265
12.7022919263691 12.6829279321246 12.7646870189346 12.7682729437947 12.8148899669759 13.0006408747286 13.3398693664931 13.457487701904 13.893536164891 12.8949997117743 -9999 -9999 -9999 -9999 -9999 -9999 -9999 -9999 -9999 -9999 -9999 -9999 -9999 -9999 -9999 -9999 -9999 -9999 -9999 -9999 -9999 -9999 -9999 -9999 -9999 11.4553313803335 11.8634723830968 10.8896069095936 10.9172185310163 11.1280709127896 11.0843226294965 11.8502761796117 12.101290919818 12.0977049949579 11.8603167692199 11.9184087519534 11.9291665265337 12.0769066307694 12.0797753706574 12.2533341338858 12.3178807813674 12.2734153131023 12.4247413421981 12.4326303768903 12.4340647468343 12.4735099202953 12.4670552555472 12.5065004290082 12.1149174342863 11.3869746876881 12.3372447756119 12.6822107471526
12.4369334867224 12.4684896254912 12.5215613134205 12.6972716315649 12.8952146838419 13.1892605223693 13.5550248580985 13.6518448293209 8.73098761077457 -9999 -9999 -9999 -9999 -9999 -9999 -9999 -9999 -9999 -9999 -9999 -9999 -9999 -9999 -9999 -9999 -9999 -9999 -9999 -9999 -9999 -9999 -9999 -9999 -9999 -9999 -9999 9.47247331105173 11.0699789300561 11.0212103519589 10.6242484699469 10.175888331607 10.1304666167125 11.9851069543511 11.8086794512346 11.7226172545925 11.9463789658621 12.0023193936795 12.2576372437179 12.302819896955 12.3939023884013 12.4025086080655 12.4950254694559 12.4770958451554 12.4828333249316 12.5258644232526 12.5366221978329 12.5653095967136 12.0066225035116 12.7195043656975 12.7517776894383 11.2865687916055 9.85363321751356
12.1192205441184 12.3953367583454 12.5244300533086 12.6312906141393 13.0207220539451 13.336283441633 13.5557420430705 13.6367839449085 12.7897884929553 -9999 -9999 -9999 -9999 -9999 -9999 -9999 -9999 -9999 -9999 -9999 -9999 -9999 -9999 -9999 -9999 -9999 -9999 -9999 -9999 -9999 -9999 -9999 -9999 -9999 -9999 -9999 -9999 -9999 -9999 13.8599996902049 13.6314076677372 10.8547209834547 11.2736594621092 10.3281227950007 10.9799722160678 11.584917739965 11.9528336306103 12.0962706250139 12.261223168578 12.2662434633821 12.3494369201362 12.3652149895206 12.3530228449963 12.4627521457151 12.7159184408374 12.6750388974324 12.6771904523484 12.6822107471526 12.6320077991113 12.6320077991113 12.5222784983926 11.2980437511578
12.1557969776914 12.222495180089 12.5151066486724 12.859355435241 12.977690955624 13.3111819676124 13.4123050486669 13.457487701904 11.8260886354675 12.8599997125566 -9999 -9999 -9999 -9999 -9999 -9999 -9999 -9999 -9999 -9999 -9999 -9999 -9999 -9999 -9999 -9999 -9999 -9999 -9999 -9999 -9999 -9999 -9999 -9999 -9999 -9999 -9999 -9999 -9999 -9999 -9999 -9999 -9999 7.68390651080491 10.2820795197971 10.5736869294196 10.6418195017613 11.1099022268318 11.3954016111093 12.1263923938386 12.3214667062275 12.4785302150995 12.5079347989522 12.5186925735325 12.6248359493911 12.4971770243719 12.6685842326842 12.6743217124604 12.5739158163778 10.8827936523594 12.2504653939977 12.2511825789697
12.2124545904808 12.2949308622628 12.4111148277298 12.6126438048668 12.9461348168552 13.1031983257271 13.2229682160541 13.6640369738452 13.7163914768025 12.7329331040461 -9999 -9999 -9999 -9999 -9999 16.1899624452926 -9999 -9999 -9999 -9999 -9999 -9999 -9999 -9999 -9999 -9999 -9999 -9999 -9999 -9999 -9999 -9999 -9999 -9999 -9999 -9999 -9999 -9999 -9999 -9999 -9999 -9999 -9999 -9999 9.36429676137709 11.183703975619 10.3054597498849 10.3463392932899 10.9121982362121 10.7450941377319 10.9803308085538 12.1185033591464 11.8517105495557 11.6293832082301 12.5043488740921 12.5057832440361 12.4139835676178 12.3250526310876 12.0582598214969 11.5275429422036 11.9399243011139 10.7034974093549
12.2511825789697 12.299951157067 12.3429822553881 12.5667439666577 12.7596667241305 12.897366238758 13.2789086438715 13.4036988290027 13.5643482627347 13.2229682160541 14.4199996776879 -9999 21.6399995163083 -9999 -9999 10.6899997610599 -9999 -9999 -9999 -9999 -9999 -9999 -9999 -9999 -9999 -9999 -9999 -9999 -9999 -9999 -9999 -9999 -9999 -9999 -9999 -9999 -9999 -9999 -9999 -9999 -9999 -9999 -9999 -9999 -9999 11.8828383838492 10.3159784628078 10.5120090218261 10.7852564961649 11.0083010224625 11.30593278585 10.5112918368541 10.2380443625152 9.69656970864162 9.9748374777846 10.2889644955285 11.4601275548339 11.3762169131078 12.1177861741744 10.7902767909691 10.7293160683475 10.1132541773841
12.061128561385 12.3157292264514 12.3207495212555 12.6234015794471 12.5703298915178 12.8364055161364 12.8729819497094 13.2516556149349 13.1971495570615 13.3068788577802 13.2050385917537 13.0221564238891 9.69044551239623 -9999 -9999 -9999 21.4662759527026 11.5971119685099 -9999 -9999 -9999 -9999 -9999 -9999 -9999 -9999 -9999 -9999 -9999 -9999 -9999 -9999 -9999 -9999 -9999 -9999 -9999 -9999 -9999 -9999 -9999 -9999 -9999 -9999 -9999 8.8399998024106 13.1299997065216 11.3945508942124 10.6719412705861 11.067110190168 11.3181249303743 10.6088289930485 11.3747825431637 11.1510208318941 9.80845056427643 9.47997984709218 9.74103517690673 9.97340310784057 9.45989866787568 9.64134646579623 10.2337412526831 10.070223079063
11.9700460699387 11.9076509773731 12.063280116301 12.2361216945574 12.1844843765721 12.2970824171789 12.5947141805664 12.9181646029465 13.1347544644959 13.3664052104577 13.6841181530617 12.9884487302043 19.539999563247 14.0835901824757 13.9975279858336 14.2800988648087 14.0240638297983 18.3510614382819 -9999 -9999 -9999 -9999 -9999 -9999 -9999 -9999 -9999 -9999 -9999 -9999 -9999 -9999 -9999 -9999 -9999 -9999 -9999 -9999 -9999 -9999 -9999 -9999 -9999 -9999 -9999 -9999 -9999 -9999 11.0577867855318 11.662373716943 11.7470015436411 11.4421979305334 11.5583818960004 11.1338083925657 11.3353373697028 10.5772728542797 9.57608263334259 10.5062715420499 9.56389048881829 9.37527084117755 9.81777396891266 9.85435040248558
11.7728202026337 12.5767845562659 11.8904385380447 11.9951475439593 12.0353099023923 12.3243354461156 12.6104922499508 12.8285164814442 12.9181646029465 13.2028870368376 13.0307626435533 12.7273934003897 13.0221564238891 13.7995849335566 13.773766274564 13.8877986851148 8.36979284744917 -9999 -9999 -9999 -9999 -9999 -9999 -9999 -9999 -9999 -9999 -9999 -9999 -9999 -9999 -9999 -9999 -9999 -9999 -9999 -9999 -9999 -9999 -9999 -9999 -9999 -9999 -9999 -9999 -9999 -9999 -9999 11.2130573319737 11.4751884392463 11.6372722429223 10.3087588007562 11.3798028379679 10.7951177895302 9.64493239065632 9.63489180104807 9.64349802071229 9.76470228098333 9.60979032702744 9.77259131567553 9.75537887634709 9.82996611343697
12.1909390413202 11.503875838127 11.1495864619501 12.2805871628225 11.984389769379 12.4857020648196 12.8844569092616 12.9231848977506 12.9332254873589 13.0874202563427 13.3190710023046 13.5048219100572 13.3083132277243 13.7866756040603 13.5464186384343 15.43694001974 9.24119074777349 -9999 -9999 -9999 -9999 -9999 -9999 -9999 -9999 -9999 -9999 -9999 -9999 -9999 -9999 -9999 -9999 -9999 -9999 -9999 -9999 -9999 -9999 -9999 -9999 -9999 -9999 -9999 -9999 -9999 -9999 -9999 10.8864820322155 10.175075521972 10.2118671110366 9.88016906147823 9.8751487666741 10.7608722071163 9.56173893390223 10.4614474812988 9.55026397434995 10.5146387000568 10.5497807636857 10.8551820309367 11.1660817163065 11.2378002135083
11.5691396705806 13.1075014355592 11.6473128325306 11.8122653760947 11.8789635784924 12.581087666098 12.5968657354824 12.2942136772908 12.8866084641777 12.7438886547461 13.2896664184518 13.5557420430705 13.6037934361957 13.5672170026228 13.407715064846 6.69999985024333 -9999 -9999 -9999 -9999 -9999 -9999 -9999 -9999 -9999 -9999 -9999 -9999 -9999 -9999 -9999 -9999 -9999 -9999 -9999 -9999 -9999 -9999 -9999 -9999 -9999 -9999 -9999 -9999 -9999 -9999 -9999 -9999 14.7998456817353 10.5753262093557 10.884801770281 9.95619066851214 9.83498640824109 11.0298165716231 10.7656534402631 10.6090680547059 10.521810549777 10.5148777617142 10.4858317703474 10.9121982362121 10.8114337476436 10.8343836667482
12.063280116301 10.746528507676 11.4077730518766 11.5296944971196 11.0886257393286 12.1199377290905 12.2031311858445 12.2562028737739 12.9418317070231 13.1254310598597 13.2244025859982 13.5650654477067 13.5837122569792 13.7278664363548 13.8347269971855 -9999 -9999 -9999 -9999 -9999 -9999 -9999 -9999 -9999 -9999 -9999 -9999 -9999 -9999 -9999 -9999 -9999 -9999 -9999 -9999 -9999 -9999 -9999 -9999 -9999 -9999 -9999 -9999 -9999 -9999 -9999 -9999 -9999 -9999 9.25003241543891 9.96254287826429 10.4106251462363 10.8859014539048 9.6599932750687 10.7300332533196 10.7284554463811 10.406439393945 10.0329294605181 10.0408184952103 10.5675908571575 10.9842753258999 10.629268764751
11.4092074218206 11.5705740405247 11.2349314736202 11.6960814106278 12.023117757868 11.9377727461979 12.3257698160596 12.580370481126 13.1239966899157 13.1326029095799 13.3420209214091 13.4101534937508 13.9064454943873 13.7450788756832 14.6215813664853 10.8534727860708 -9999 -9999 -9999 -9999 -9999 -9999 -9999 -9999 -9999 -9999 -9999 -9999 -9999 -9999 -9999 -9999 -9999 -9999 -9999 -9999 -9999 -9999 -9999 -9999 -9999 -9999 -9999 -9999 -9999 -9999 6.39081468573771 8.60499369023102 12.6549997171387 -9999 11.5949583295733 11.6739921134897 10.5057934187353 11.2464064331725 10.7466480385046 10.5303689571097 10.500247188285 10.3013000770472 11.3615146211814 10.0644855992869 9.96981718298048 10.1247291369364
11.4493697802536 11.62579728337 11.7348093991168 12.0195318330079 12.2490310240537 12.2841730876826 12.3142948565073 12.6685842326842 12.8765678745694 12.9884487302043 13.1871089674532 13.9401531880721 13.7888271589763 15.6965391845442 13.7901818417013 -9999 -9999 -9999 -9999 -9999 -9999 -9999 -9999 -9999 -9999 -9999 -9999 -9999 -9999 -9999 -9999 -9999 -9999 -9999 -9999 -9999 -9999 -9999 -9999 -9999 -9999 -9999 -9999 -9999 -9999 -9999 -9999 10.7599997594953 7.62462232448161 13.3670120592802 12.5615802348591 13.3581145521812 12.2899557677447 12.1249580238946 10.851835167734 10.6461226115935 10.8760521136224 10.0903042582795 10.0501418998465 10.4632404437289 10.5708181895316 11.0394985687453
11.4515213351697 11.4787743641064 11.6501815724187 11.8007904165424 12.2016968159005 12.2712637581863 12.3099917466752 12.6847208945546 12.7661213888787 12.8450117358007 12.9074068283662 14.1664250467438 13.615268395748 13.4657353290822 13.4599996991456 -9999 -9999 -9999 -9999 -9999 -9999 -9999 -9999 -9999 -9999 -9999 -9999 -9999 -9999 -9999 -9999 -9999 -9999 -9999 -9999 -9999 -9999 -9999 -9999 -9999 -9999 -9999 -9999 -9999 -9999 -9999 -9999 -9999 -9999 -9999 14.3639306132682 13.0221564238891 13.0461104019545 10.9210652504116 11.424268306233 11.3690450633876 12.1952421511523 10.8729921244085 10.2150944434106 10.3226721892133 10.3319955938496 10.1935788942501
11.584917739965 11.384823132772 11.4895321386866 11.7082735551521 11.8753776536323 12.1995452609845 12.5100863538682 12.6563920881599 12.7119739234913 13.0454649354797 13.2036042218097 13.7708975346759 13.1670277882367 13.4833063608967 15.275628306963 -9999 -9999 -9999 -9999 -9999 -9999 -9999 -9999 -9999 -9999 -9999 -9999 -9999 -9999 -9999 -9999 -9999 -9999 -9999 -9999 -9999 -9999 -9999 -9999 -9999 -9999 -9999 -9999 -9999 -9999 -9999 -9999 -9999 -9999 -9999 -9999 -9999 8.41084560405146 12.1475493505131 11.7742545725778 11.8933072779328 12.0130771682598 11.544755381532 11.7999935443513 12.3224912561875 10.5349589409307 11.2786797569133
