EcologicalScience/Bass/data/rs_data_bass/sst_227.asc
NCOLS 226 
NROWS 124 
XLLCORNER -9.41648524995501 
YLLCORNER 47.587301625531 
CELLSIZE 0.0833 
NODATA_value -9999 
[rows 0 to 26 of 124, columns 0 to 61 of 226]
-9999.000000000000000 -9999 -9999 -9999 -9999 -9999 -9999 -9999 -9999 -9999 -9999 -9999 -9999 -9999 -9999 -9999 -9999 -9999 -9999 -9999 -9999 -9999 -9999 -9999 -9999 -9999 -9999 -9999 -9999 -9999 -9999 -9999 -9999 -9999 -9999 -9999 -9999 -9999 -9999 -9999 -9999 -9999 -9999 -9999 -9999 -9999 -9999 -9999 -9999 -9999 -9999 -9999 -9999 -9999 -9999 -9999 -9999 -9999 -9999 -9999 -9999 -9999
-9999 -9999 -9999 -9999 -9999 -9999 -9999 -9999 -9999 -9999 -9999 -9999 -9999 -9999 -9999 -9999 -9999 -9999 -9999 -9999 -9999 -9999 -9999 -9999 -9999 -9999 -9999 -9999 -9999 -9999 -9999 -9999 -9999 -9999 -9999 -9999 -9999 -9999 -9999 -9999 -9999 -9999 -9999 -9999 -9999 -9999 -9999 -9999 -9999 -9999 -9999 -9999 -9999 -9999 -9999 -9999 -9999 -9999 -9999 -9999 -9999 -9999
-9999 -9999 -9999 -9999 -9999 -9999 -9999 -9999 -9999 -9999 -9999 -9999 -9999 -9999 -9999 -9999 -9999 -9999 -9999 -9999 -9999 -9999 -9999 -9999 -9999 -9999 -9999 -9999 -9999 -9999 -9999 -9999 -9999 -9999 -9999 -9999 -9999 -9999 -9999 -9999 -9999 -9999 -9999 -9999 -9999 -9999 -9999 -9999 -9999 -9999 -9999 -9999 -9999 -9999 -9999 -9999 -9999 -9999 -9999 -9999 -9999 -9999
-9999 -9999 -9999 -9999 -9999 -9999 -9999 -9999 -9999 -9999 -9999 -9999 -9999 -9999 -9999 -9999 -9999 -9999 -9999 -9999 -9999 -9999 -9999 -9999 -9999 -9999 -9999 -9999 -9999 -9999 -9999 -9999 -9999 -9999 -9999 -9999 -9999 -9999 -9999 -9999 -9999 -9999 -9999 -9999 -9999 -9999 -9999 -9999 -9999 -9999 -9999 -9999 -9999 -9999 -9999 -9999 -9999 -9999 -9999 -9999 -9999 -9999
-9999 -9999 -9999 -9999 -9999 -9999 -9999 -9999 -9999 -9999 -9999 -9999 -9999 -9999 -9999 -9999 -9999 -9999 -9999 -9999 -9999 -9999 -9999 -9999 -9999 -9999 -9999 -9999 -9999 -9999 -9999 -9999 -9999 -9999 -9999 -9999 -9999 -9999 -9999 -9999 -9999 -9999 -9999 -9999 -9999 -9999 -9999 -9999 -9999 -9999 -9999 -9999 -9999 -9999 -9999 -9999 -9999 -9999 -9999 -9999 -9999 -9999
-9999 -9999 -9999 -9999 -9999 8.90479749953374 8.39989927923307 8.32818078203127 8.44006163766608 9.14003417035565 9.18951993342489 9.15652942471206 9.19238867331296 9.10058899689466 9.05253760376945 9.50149539625272 10.3474978228601 9.16728719929233 9.12688577920198 8.41735078021884 9.32237844949123 9.32712979993084 8.62318286718801 8.83967710407451 11.7654313100931 11.414822455382 9.54535125729162 10.0529081847386 9.94112978409976 10.002927222522 9.89558853837661 11.970342836134 11.7022919273004 12.3005789721593 12.3249997245148 7.46886656817013 10.2065822807919 12.2299997266382 7.894999823533 12.0194855630097 10.2008941809647 9.66501356987283 12.7160208958334 12.5699997190386 -9999 -9999 -9999 -9999 -9999 -9999 -9999 -9999 -9999 -9999 -9999 -9999 -9999 -9999 -9999 -9999 -9999 -9999
-9999 -9999 -9999 -9999 -9999 9.07405315292999 9.11851862119511 8.99659717595205 9.33223974285647 10.1121066814289 9.13716543046758 8.95141452271491 9.0582750835456 9.11062958650291 9.37383647123352 9.49719228642061 9.10489210672677 10.0194822422927 10.1101164931315 9.68982816990465 9.73807678889716 9.18177433572709 8.26745912106708 7.86028930628672 13.6736978772918 6.16203391020043 9.84771644149441 10.117844161205 10.0583178085275 10.0426831761375 9.93983885115012 9.85096007352695 9.94360334043182 12.1964822834998 13.8487309774286 10.9668835903285 12.0099997315556 -9999 9.60672734954278 9.9330166291038 12.0115656816521 10.0028076916933 11.265463062429 12.0018304039259 12.0733533052262 11.6761930230705 -9999 -9999 -9999 -9999 -9999 -9999 -9999 -9999 -9999 -9999 -9999 -9999 -9999 -9999 -9999 -9999
-9999 -9999 -9999 -9999 -9999 9.48428295692429 9.46707051759586 9.46922207251191 9.45989866787568 9.58636228460819 10.1181310351938 8.77355264965445 8.52827538922429 9.04106264421716 9.17517623398453 9.08767966739833 9.26362904720008 9.36068808007985 9.26004312233999 9.17900122050196 8.91173028759658 8.7981760003604 9.31052859779447 8.66582391754185 12.2030166539697 10.207191346268 9.884233109653 9.87610501330346 9.85721914237365 9.41471601463854 10.18999296939 9.28490553470328 9.83857233310118 9.81992552382872 11.0274995124827 13.1992779769785 11.833441206058 12.3099997248501 12.0549997305498 8.77917059860192 10.1076661111438 9.72687077370938 9.53018279513344 9.57608263334259 11.8354108911008 9.80999978072941 -9999 -9999 -9999 -9999 -9999 -9999 -9999 -9999 -9999 -9999 -9999 -9999 -9999 -9999 -9999 -9999
-9999 -9999 -9999 -9999 -9999 9.63274024613202 9.85219884756953 9.75394450640306 9.40969571983442 10.0438306720927 9.42977689905092 9.04966886388138 8.68605608306825 9.04393138410524 9.26841028034687 9.25980406068265 9.33391317445785 9.21677296236157 9.30642108386382 9.25358845759183 8.79004790401086 9.02295372367371 8.49645845592022 11.9484550276232 10.504501468502 10.3393586928956 9.80486463941634 9.81490522902459 10.1849726745859 9.82183801708743 9.2375713265501 9.43408000888303 9.82494581863284 9.15222631487995 9.14003417035565 10.1300363057293 12.2603416287166 9.82216363555174 11.988120698851 12.7828611381119 9.53352965833619 12.353416139981 9.09162418474443 6.29999985918403 11.0273227238795 11.0172578658909 9.33499979134649 -9999 -9999 -9999 -9999 -9999 -9999 -9999 -9999 -9999 -9999 -9999 -9999 -9999 -9999 -9999
-9999 -9999 -9999 -9999 -9999 8.36906032543629 9.81490522902459 9.29817345668562 8.90157016715966 9.23972288146615 9.56593958873834 8.23494673566893 8.29734182823449 9.27988523989916 9.27988523989916 9.06688130320981 10.2790673429146 6.38030639803037 9.33319598948583 9.19812615308911 8.7398449559696 9.58621287107235 9.8512767526055 10.0737668165718 10.4586158371852 10.0752433738671 9.78191472031176 9.92965482454747 10.1003448478878 9.43479719385505 9.64995268546045 9.94973600376397 9.99491865700111 9.96981718298048 10.1969855228672 9.31000700872391 9.16657001432031 9.25908687571064 9.12353891599923 6.61004465073347 12.4221199074728 13.0787821323422 10.540955077582 12.8248870908283 12.7354345652275 12.8484113457036 12.0949997296557 -9999 -9999 -9999 -9999 -9999 -9999 -9999 -9999 -9999 -9999 -9999 -9999 -9999 -9999 -9999
-9999 -9999 -9999 -9999 -9999 9.99993895180523 9.67907039532438 9.52487562634051 9.33188115037046 9.50346765492577 8.52397227939218 8.52970975916833 10.4354909021192 10.1168401022442 10.197451693099 10.2728995521553 7.54501479258761 10.151264980901 10.0168645171449 9.63202306116 9.50257117371075 9.26894816907588 10.0796116823331 9.89142886553891 10.0200201310217 10.0164342061616 9.91315957019106 9.85578477242962 10.0652027842589 10.0422528651543 9.58779665455222 8.79793693870306 9.25980406068265 9.80988493422046 9.75944292452186 9.37921535852365 9.15652942471206 9.91253203334054 9.78388697898481 8.05966672850773 8.3532822560519 9.02385020488873 9.50508132111281 12.5940194076247 12.6351373335347 12.039999730885 -9999 -9999 -9999 -9999 -9999 -9999 -9999 -9999 -9999 -9999 -9999 -9999 -9999 -9999 -9999 -9999
-9999 -9999 -9999 -9999 -9999 9.80845056427643 9.9535609902814 9.85219884756953 9.35554825444706 9.26231420808472 9.82476652238984 9.31144137866795 9.64493239065632 10.3860713407397 10.4676538897105 10.2073488457128 10.1073732606135 10.0950376790948 8.57991270720959 8.6200750656426 8.97245194856077 9.24008147395216 9.93682667426765 11.8258671600468 9.79338967986405 9.98631243733689 10.0056764315814 10.0020905067213 9.9267860846594 9.92965482454747 8.31885737739503 9.03747671935707 8.92989897355437 9.5366374598816 8.35471662599593 9.53735464485362 9.0546267947749 12.2993823551926 9.5047227286268 9.46133303781971 9.45344400312752 9.16441845940426 12.6013122823089 12.0494294815289 12.6554304083111 13.5888867851106 12.2549997260794 -9999 -9999 -9999 -9999 -9999 -9999 -9999 -9999 -9999 -9999 -9999 -9999 -9999 -9999 -9999
-9999 -9999 -9999 -9999 -9999 9.85004729265347 9.87730032159016 9.99384287954308 10.0917386282235 9.30857263877988 9.38674580072984 10.2333109416999 9.98738821479492 10.0802636686713 9.42117067938671 9.3451490723528 10.0061067425646 9.34156314749271 9.77277061191853 9.39535202039406 9.54739523446187 9.61265906691551 9.87371439673007 9.98631243733689 10.0121310963295 10.0881527033634 10.0989104779437 9.90957364533097 9.69513533869758 9.71234777802601 8.99157688114792 9.82924892846495 9.75466169137508 9.29996641911566 9.85291603254154 10.1543130170321 10.1261635068804 10.0353499597986 7.97277578478679 9.59562592383008 9.70212789217476 9.07477033790201 7.93962590163574 9.78872797754593 10.781907411347 12.1299997288734 -9999 -9999 -9999 -9999 -9999 -9999 -9999 -9999 -9999 -9999 -9999 -9999 -9999 -9999 -9999 -9999
-9999 -9999 -9999 -9999 -9999 10.2295484790005 10.5796634708531 9.08767966739833 9.12712484085932 10.3310393472202 10.3064458792214 10.0390972512774 9.57464826339856 9.74533828673884 9.96192814828828 9.90742209041491 9.95188755868003 9.85291603254154 9.83211766835302 9.68652911903337 9.72453992255032 9.88805809617043 10.0623340443708 10.071657449007 9.95977659337223 9.94830163381994 8.57991270720959 9.81992552382872 9.77474287059158 9.82279426371679 9.90096742566675 9.79912715964019 9.68509474908933 10.0011940255063 9.85219884756953 9.45631274301559 9.84825433022343 9.3865067390725 9.48571732686833 9.42977689905092 9.63354707922554 9.7981367613455 12.7323912831635 13.4384037575839 11.8749997345731 -9999 -9999 -9999 -9999 -9999 -9999 -9999 -9999 -9999 -9999 -9999 -9999 -9999 -9999 -9999 -9999 -9999
-9999 -9999 -9999 -9999 -9999 9.05110323382542 9.47209081239998 9.40395824005827 9.63489180104807 9.84000670304522 9.85435040248558 9.9346751193516 9.94041259912774 9.94256415404379 9.97770621767268 10.0465559749864 9.8550675874576 10.0028076916933 9.91244238521904 9.86582536203787 9.89809868577868 10.0056764315814 10.0623340443708 10.0795464836992 9.93180637946352 9.32291633822024 9.15079194493592 9.81633959896863 9.78478346019983 9.75035858154297 9.86008788226172 10.1341549965686 10.231051809038 9.99297201207706 10.2011093364563 10.2480849521235 9.4649189626798 9.17517623398453 12.4921784624457 11.1133022148473 12.6254297477013 10.4379447321116 12.9679302597997 12.5324999433416 13.0815131199065 11.8639119531758 -9999 -9999 -9999 -9999 -9999 -9999 -9999 -9999 -9999 -9999 -9999 -9999 -9999 -9999 -9999 -9999
-9999 -9999 -9999 -9999 -9999 7.91364786820486 7.92081971792504 9.58397166803479 9.53089998010546 9.68509474908933 9.86080506723374 9.90670490544289 9.98918117722496 9.98057495756075 10.0537278247066 10.0121310963295 10.0157170211896 10.0200201310217 9.92104860488325 9.92606889968738 10.0494247148745 10.110385437496 10.0279091657139 10.0730918189511 10.0587481195107 9.91315957019106 9.87228002678603 9.42403941927478 9.55026397434995 10.2475470633944 10.0055739765854 9.94579148641787 10.0765752888152 10.8817367481901 12.127678380685 9.47997984709218 9.58970914781094 9.27486494509503 9.87878250386566 9.03157373535662 10.7903564781882 11.8339335178025 12.3299508518539 -9999 -9999 -9999 -9999 13.2249997043982 13.2249997043982 -9999 -9999 -9999 -9999 -9999 -9999 -9999 -9999 -9999 -9999 -9999 -9999 -9999
-9999 -9999 -9999 -9999 -9999 10.109668252524 9.93682667426765 9.80127871455625 9.84359262790531 9.59974973741919 9.46922207251191 10.0257576107979 10.0099795414135 10.0063936165534 9.91817986499518 10.0494247148745 10.0652027842589 9.97770621767268 9.92535171471536 9.98200932750478 10.0888698883355 10.1225775820203 10.0946073681116 9.65066987043247 9.64995268546045 9.85004729265347 9.39965513022617 10.2295576736797 9.80725525598973 9.64078865526244 8.7717596872244 11.2829828667454 10.2722899449291 9.7474898416549 9.52229376044124 9.55815300904214 7.78168583335355 12.3218623944879 11.3482018751383 -9999 -9999 -9999 -9999 -9999 -9999 -9999 -9999 -9999 -9999 -9999 -9999 -9999 -9999 -9999 -9999 -9999 -9999 -9999 -9999 -9999 -9999 -9999
-9999 -9999 -9999 -9999 -9999 9.97555466275662 9.90025024069473 10.0573137495667 10.0723746339791 9.8909268360585 9.56962796859443 9.62341684149578 9.88016906147823 9.89738150080666 10.111102622468 10.068788709119 10.0573137495667 10.0415356801823 9.86223943717778 9.87228002678603 10.0343638304621 10.0881527033634 9.98129214253277 9.59114351775497 9.93108919449151 9.57177952351049 10.0038834691513 8.64517653966323 10.1051858464489 9.41049727950903 9.56353189633228 9.94130908034276 9.92033141991124 9.98989836219698 9.61050751199946 9.58970914781094 9.63489180104807 9.2497634710744 10.7721264943695 12.445790690789 11.6199997402728 -9999 -9999 -9999 -9999 -9999 -9999 -9999 -9999 -9999 -9999 -9999 -9999 -9999 -9999 -9999 -9999 -9999 -9999 -9999 -9999 -9999
-9999 -9999 -9999 -9999 -9999 9.87658313661814 9.64851831551641 9.93682667426765 10.0989104779437 10.10823388258 10.0429700501263 9.9031189805828 9.77115694573149 9.97340310784057 10.0035248766653 10.0128482813016 10.0974761079997 9.99922176683322 9.90025024069473 9.98631243733689 10.0544450096786 10.1182744721882 10.1935788942501 10.0759605588391 9.77043976075947 9.51010161591694 9.44985807826743 8.99516280600801 9.70983763062395 10.0481337819248 10.1602297930513 9.66214482998475 9.7876522000879 9.77402568561956 9.69513533869758 9.74820702662691 9.5961638125591 9.38141814093771 12.2812301562457 9.72692407799784 12.4598794867834 -9999 13.3019356796398 10.9803934320069 9.53998432308435 12.0949997296557 -9999 -9999 -9999 -9999 -9999 -9999 -9999 -9999 -9999 -9999 -9999 -9999 -9999 -9999 -9999 -9999
-9999 -9999 -9999 -9999 -9999 9.8672597319819 9.62771995132789 9.70947903813794 9.91387675516307 10.1024964028038 10.1032135877758 10.1132541773841 10.1254463219084 10.1075166976079 10.1562852757052 10.148396241013 10.110385437496 10.0652027842589 10.0838495935313 10.0329294605181 9.98344369744882 10.0759605588391 10.1003448478878 10.0078279864974 9.94615007890388 9.74318673182279 9.67720571439713 9.70302437338978 9.68581193406135 9.67720571439713 9.68939785892144 9.74246954685077 9.75035858154297 9.79625841975212 9.69656970864162 9.65497298026457 10.6904159554653 10.2327658811212 9.61983091663569 9.85879694931209 9.71019622310996 9.43766593374312 10.1699117901735 9.82494581863284 9.98989836219698 11.1689026438631 11.4849997432902 -9999 -9999 -9999 -9999 -9999 -9999 -9999 -9999 -9999 -9999 -9999 -9999 -9999 -9999 -9999
-9999 -9999 -9999 -9999 -9999 9.70876185316592 9.66142764501274 9.74246954685077 10.1275978768244 10.1354869115166 10.1204260271043 10.1354869115166 10.1197088421322 10.1691946052015 10.2502365070395 10.1993163740262 10.1935788942501 10.1763664549217 10.1433759462088 10.1354869115166 10.1268806918524 10.1476790560409 10.071657449007 9.99993895180523 9.92320015979931 9.85076447762549 9.83283485332504 9.69943844852969 9.76326791103929 9.71665088785812 9.74390391679481 9.80845056427643 9.77115694573149 9.79410686483607 9.7955412347801 9.80773337930441 9.80773337930441 9.5882747778669 9.69728689361364 9.75035858154297 9.77474287059158 9.74103517690673 9.88088624645025 10.1638157179113 11.1277123203035 10.296375406906 -9999 -9999 -9999 -9999 -9999 -9999 -9999 -9999 -9999 -9999 -9999 -9999 -9999 -9999 -9999 -9999
-9999 -9999 -9999 -9999 -9999 9.96336251823232 9.90383616555482 10.0594653044827 10.0608996744268 10.0451216050424 10.1132541773841 10.1577196456492 10.1570024606772 10.1871242295019 10.2344584376551 10.2473677671514 10.1713461601175 10.1871242295019 10.2416302873753 10.2179631832987 10.2158116283827 10.1326181716286 10.0623340443708 10.0236060558818 10.0479903449304 10.0637684143148 9.86367380712181 9.87299721175805 9.68366037914529 9.91746268002316 9.88232061639428 9.90527053549886 9.89738150080666 9.81633959896863 9.64134646579623 9.85004729265347 9.91387675516307 9.82351144868881 9.89236120600253 9.78980375500396 10.0601824894547 9.92033141991124 9.90842614937574 9.81347085908055 10.9468621765263 9.97791112766468 11.5550828451291 -9999 -9999 8.79112368146889 -9999 -9999 -9999 -9999 10.9150669761002 -9999 -9999 -9999 -9999 -9999 -9999 -9999
-9999 -9999 -9999 -9999 -9999 9.92033141991124 9.92320015979931 10.0537278247066 10.1146885473281 10.0946073681116 10.1433759462088 10.1362040964887 10.1799523797818 10.2029022988863 10.2358928075992 10.2846613856964 10.2373271775432 10.2660145764239 10.2143772584386 10.2186803682707 10.2330240677111 10.1684774202295 10.1634571254253 10.1613055705093 10.1691946052015 10.1304666167125 10.0802636686713 10.0967589230277 10.0207373159938 10.1154057323001 9.93826104421169 9.8672597319819 9.87012847186998 9.82064270880073 9.92750326963142 9.72095399769023 9.98487806739286 9.84610277530737 9.96108056604862 9.54524367954582 10.1146885473281 10.4796091360314 8.71643750559025 10.7350535481237 10.8202790289652 12.514092697505 11.2048097047955 8.43463792631519 8.90390101831872 9.06723989569582 -9999 -9999 -9999 9.84913415550331 9.75745596943545 -9999 -9999 -9999 -9999 -9999 -9999 -9999
-9999 -9999 -9999 -9999 -9999 9.92965482454747 9.87228002678603 9.92320015979931 10.1347697265446 10.1397900213487 10.1605883855373 10.1605883855373 10.230872512795 10.2932676053606 10.3578142528422 10.3327127788216 10.3241065591574 10.3355815187097 10.3025910099968 10.3068941198289 10.3570970678702 10.2064882237464 10.187841414474 10.2409131024033 10.2150944434106 10.2566911717877 10.2115085185505 10.1849726745859 9.93826104421169 9.89307839097455 9.83857233310118 9.86582536203787 9.85937069728971 9.94973600376397 10.0594653044827 10.0652027842589 9.74031799193472 8.14027831936255 9.40252387011424 9.52731405524537 10.2862152864691 8.27373448957223 10.270317686256 10.7551688790055 11.882639151474 9.94131798157468 -9999 12.900234978646 10.6179133360274 10.1466737170108 7.89688124656174 8.16726549524926 -9999 7.89215683818866 11.223919925896 -9999 -9999 -9999 -9999 -9999 -9999 -9999
-9999 -9999 -9999 -9999 -9999 10.1598712005652 10.1526993508451 10.1010620328598 10.1806695647538 10.2208319231868 10.1821039346978 10.1849726745859 10.230155327823 10.311197229661 10.3915219465271 10.3470564782619 10.3413189984858 10.3155003394932 10.3319955938496 10.3513595880941 10.3520767730661 10.3721579522826 10.3327127788216 10.2609942816198 10.2437818422914 10.2330240677111 10.0472731599584 9.82924892846495 9.8988158707507 9.85219884756953 9.9748374777846 9.8751487666741 9.9267860846594 10.1469618710689 10.0903042582795 10.0601824894547 9.52623827778734 10.7600446859948 9.09726070158762 6.16931057926267 12.1404612439484 12.4160558770208 12.1914171646349 10.2251350330189 9.73714188705864 8.3379673686286 -9999 9.13395822022232 13.1558397026733 11.7490292280013 9.10423468716908 9.37211135062515 8.74105865361456 9.40063310973346 10.9787643345298 -9999 -9999 -9999 -9999 -9999 -9999 -9999
-9999 -9999 -9999 -9999 -9999 10.149113425985 10.1871242295019 10.1978820040822 10.2000335589983 10.2122257035226 10.1971648191102 10.2122257035226 10.34992521815 10.3406018135138 10.3778954320587 10.3721579522826 10.348490848206 10.3276924840175 10.2466505821794 10.2925504203886 10.3449049233459 10.1835383046418 10.0895870733075 9.92033141991124 9.7474898416549 9.85578477242962 9.87658313661814 9.95188755868003 10.0608996744268 10.1146885473281 10.2502365070395 10.1390728363767 10.2846613856964 10.2122257035226 10.4192530987784 13.0868969051469 8.90502113785835 8.90825403688572 7.8349998248741 9.79007269936847 7.998992879875 10.4065828309394 10.2674489463679 10.4897762876935 10.2812058581039 9.351435885299 8.56425416865386 -9999 10.5736869294196 11.4764793721959 9.42427848093212 12.9825575679341 8.28029489313037 15.0925260011107 12.7548472411186 -9999 -9999 -9999 -9999 -9999 -9999 -9999
-9999 -9999 -9999 -9999 -9999 10.0501418998465 10.3126315996051 10.2423474723473 9.58899196283892 7.01644946821034 10.1957304491661 10.0813394461293 10.2021851139143 10.3047425649129 10.3169347094372 10.3635517326184 10.3147831545211 10.2609942816198 10.2473677671514 10.228003772907 10.0530106397346 9.9748374777846 9.96694844309241 9.85435040248558 9.83498640824109 10.0006561367773 10.0271919807419 10.0838495935313 10.1677602352574 10.3348643337376 10.3449049233459 10.4216437153518 10.5005340622738 10.4424420795403 9.53018279513344 8.82985166995786 8.5374394194223 10.7274513874203 -9999 11.0671559679322 10.2753379810601 10.3319955938496 10.3542283279821 10.3511802918511 10.390087576583 12.5526692115818 -9999 7.41944222385064 12.6286197183814 10.8125095251016 9.51891274557316 9.38064972846769 8.9467528203968 8.66430147225037 12.7299997154623 -9999 -9999 -9999 -9999 -9999 -9999 -9999
