EcologicalScience/Bass/data/rs_data_bass/sst_477.asc
NCOLS 226 
NROWS 124 
XLLCORNER -9.41648524995501 
YLLCORNER 47.587301625531 
CELLSIZE 0.0833 
NODATA_value -9999 
[rows 54 to 80 of 124, columns 0 to 61 of 226]
-9999 -9999 -9999 -9999 -9999 -9999 -9999 -9999 -9999 -9999 -9999 -9999 -9999 -9999 -9999 -9999 -9999 -9999 -9999 -9999 -9999 -9999 -9999 -9999 -9999 -9999 -9999 -9999 -9999 -9999 -9999 -9999 -9999 -9999 -9999 -9999 -9999 -9999 12.900542343634 10.6547288312577 10.5758384843357 10.2731864261441 10.1218603970483 9.95690785348415 9.57751700328663 9.71449933294207 10.2624286515638 9.70804466819391 10.1333353566006 10.1168401022442 9.81562241399661 10.1017792178318 10.4947965824977 9.54882960440591 9.45057526323944 9.57536544837058 9.54165775468573 9.751792951487 11.2370830285363 15.1399996615946 -9999 15.765747534344
-9999 -9999 -9999 -9999 -9999 -9999 -9999 -9999 -9999 -9999 -9999 -9999 -9999 -9999 -9999 -9999 -9999 -9999 -9999 -9999 -9999 -9999 -9999 -9999 -9999 -9999 -9999 -9999 -9999 -9999 -9999 -9999 -9999 -9999 -9999 -9999 -9999 -9999 15.4899996537715 10.1699117901735 10.4065828309394 10.1656086803414 9.79697560472414 9.61337625188753 9.83785514812917 9.97196873789653 9.72597429249436 9.65282142534852 10.0867183334194 10.0035248766653 9.53592027490959 9.2856227196753 9.81562241399661 9.99491865700111 9.81705678394064 9.93180637946352 10.0214545009658 9.96817790304444 -9999 13.6649996945634 -9999 16.7249996261671
-9999 -9999 -9999 -9999 -9999 -9999 -9999 -9999 -9999 -9999 -9999 -9999 -9999 -9999 -9999 -9999 -9999 -9999 -9999 -9999 -9999 -9999 -9999 -9999 -9999 -9999 -9999 -9999 -9999 -9999 -9999 -9999 -9999 -9999 -9999 -9999 -9999 -9999 -9999 11.1975246153429 10.0422528651543 10.0931729981676 10.0465559749864 9.87658313661814 9.88590654125437 9.77689442550763 9.85004729265347 9.85578477242962 9.77187413070351 9.66357919992879 10.2064882237464 10.0343638304621 10.0917386282235 10.0013733217493 9.81490522902459 9.64278083574027 10.0558793796226 10.2351756226271 10.8305416043981 15.6999996490777 -9999 -9999
-9999 -9999 -9999 -9999 -9999 -9999 -9999 -9999 -9999 -9999 -9999 -9999 -9999 -9999 -9999 -9999 -9999 -9999 -9999 -9999 -9999 -9999 -9999 -9999 -9999 -9999 -9999 -9999 -9999 -9999 -9999 -9999 -9999 -9999 -9999 -9999 -9999 -9999 -9999 -9999 9.67003386467695 9.55456708418205 9.59759818250313 9.78478346019983 9.49934384133667 9.81633959896863 9.93180637946352 9.71808525780216 9.78550064517185 9.87299721175805 10.3642689175904 9.4168675695546 10.1763664549217 10.0250404258259 9.58970914781094 9.76541946595535 10.3814813569188 10.9021576466039 10.0881527033634 9.70661029824987 11.3339029997587 -9999
-9999 -9999 -9999 -9999 -9999 -9999 -9999 -9999 -9999 -9999 -9999 -9999 -9999 -9999 -9999 -9999 -9999 -9999 -9999 -9999 -9999 -9999 -9999 -9999 -9999 -9999 -9999 -9999 -9999 -9999 -9999 -9999 -9999 -9999 -9999 -9999 -9999 -9999 -9999 -9999 9.70015563350171 10.0250404258259 9.73744925204664 9.28849145956337 8.78215886931866 9.46993925748393 9.83713796315715 9.74103517690673 9.65640735020861 9.74031799193472 9.98200932750478 10.1806695647538 11.263618872501 10.5356761259027 10.6332132820971 11.1553239417262 10.6238898774609 10.5758384843357 11.1259193578735 11.1503036469221 10.8318735193461 16.0049996422604
-9999 -9999 -9999 -9999 -9999 -9999 -9999 -9999 -9999 -9999 -9999 -9999 -9999 -9999 -9999 -9999 -9999 -9999 -9999 -9999 -9999 -9999 -9999 -9999 -9999 -9999 -9999 -9999 -9999 -9999 -9999 -9999 -9999 -9999 -9999 -9999 -9999 -9999 -9999 7.42999983392656 12.2204995349495 9.93324074940756 9.82351144868881 9.75609606131911 9.75394450640306 9.46707051759586 9.23039947682992 9.83642077818513 10.0938901831396 9.91817986499518 10.3248237441294 10.6798303052783 11.7871639020741 9.54667804948986 9.96407970320433 10.8727530627511 10.0745261888951 10.7257301434875 10.255495863501 11.4270992995436 -9999 -9999
-9999 -9999 -9999 -9999 -9999 -9999 -9999 -9999 -9999 -9999 -9999 -9999 -9999 -9999 -9999 -9999 -9999 -9999 -9999 -9999 -9999 -9999 -9999 -9999 -9999 -9999 -9999 -9999 -9999 -9999 -9999 -9999 -9999 -9999 -9999 -9999 -9999 -9999 -9999 14.0675252391025 10.2552568018436 10.1720633450896 10.188558599446 9.91674549505115 9.54309212462977 9.79912715964019 9.57608263334259 9.42977689905092 9.71951962774619 10.2086397786625 10.6210211375728 10.5643635247834 10.0386669402942 10.1304666167125 10.1756492699496 10.2086397786625 10.2652973914519 14.649999672547 9.88516374253335 12.0647144862451 11.8201544107869 10.906460756436
-9999 -9999 -9999 -9999 -9999 -9999 -9999 -9999 -9999 -9999 -9999 -9999 -9999 -9999 -9999 -9999 -9999 -9999 -9999 -9999 -9999 -9999 -9999 -9999 -9999 -9999 -9999 -9999 -9999 -9999 -9999 -9999 -9999 -9999 -9999 -9999 -9999 -9999 -9999 9.95332192862406 9.94758444884792 10.0745261888951 9.83857233310118 9.751792951487 9.46276740776375 8.87826165556908 9.11995299113914 9.12927639577538 10.4531998541206 10.7701956117526 10.6927396347746 10.1620227554813 10.1677602352574 10.1125369924121 9.99778739688918 10.1455275011249 10.1197088421322 10.8160954499617 10.7185582937673 11.3123874505982 11.4027527570724 11.2514267279766
-9999 -9999 -9999 -9999 -9999 -9999 -9999 -9999 -9999 -9999 -9999 -9999 -9999 -9999 -9999 -9999 -9999 -9999 -9999 -9999 -9999 -9999 -9999 -9999 -9999 -9999 -9999 -9999 -9999 -9999 -9999 -9999 -9999 -9999 -9999 -9999 -9999 -9999 11.2206721488825 11.0549180456437 9.83713796315715 10.2265694029629 9.65353861032054 9.60763877211139 9.19669178314507 9.47065644245595 9.77330850064754 10.0350810154341 10.7372051030397 9.36451306659728 10.0178685761057 11.4041871270165 11.7857295321301 10.1749320849776 10.4818872530013 10.4524826691486 10.788125236053 10.8562578083947 11.8775292085484 11.6917783007957 11.7061220002361 11.3245795951225
-9999 -9999 -9999 -9999 -9999 -9999 -9999 -9999 -9999 -9999 -9999 -9999 -9999 -9999 -9999 -9999 -9999 -9999 -9999 -9999 -9999 -9999 -9999 -9999 -9999 -9999 -9999 -9999 -9999 -9999 -9999 -9999 -9999 -9999 -9999 -9999 -9999 -9999 9.97376170032658 10.7594378371723 9.67505415948108 9.94543289393187 9.70589311327785 9.69226659880951 9.68724630400538 9.52874842518941 9.44340341351926 9.68581193406135 9.11493269633502 11.5949583295733 9.64134646579623 10.4646748136729 11.4099246067926 10.1125369924121 10.8741874326952 11.146717722062 11.2822656817734 11.4479354103096 11.6709799366072 9.51010161591694 11.2600329476409 11.145283352118
-9999 -9999 -9999 -9999 -9999 -9999 -9999 -9999 -9999 -9999 -9999 -9999 -9999 -9999 -9999 -9999 -9999 -9999 -9999 -9999 -9999 -9999 -9999 -9999 -9999 -9999 -9999 -9999 -9999 -9999 -9999 -9999 -9999 -9999 -9999 -9999 -9999 11.7630438390678 10.6097852396779 9.94112978409976 10.0157170211896 9.6442152056843 9.80271308450028 10.0673543391749 9.95977659337223 9.00950650544837 12.1500594979152 9.52516250032932 9.60190129233524 10.707800519187 11.9248634167016 10.1132541773841 10.1548509057611 10.0895870733075 10.6547288312577 11.3955809073523 11.6853236360475 11.8416699599475 11.8438215148635 11.6788689712994 11.1818597856909 11.263618872501
-9999 -9999 -9999 -9999 -9999 -9999 -9999 -9999 -9999 -9999 -9999 -9999 -9999 -9999 -9999 -9999 -9999 -9999 -9999 -9999 -9999 -9999 -9999 -9999 -9999 -9999 -9999 -9999 -9999 -9999 -9999 -9999 -9999 -9999 -9999 -9999 -9999 10.9652699241415 10.4008453511633 10.3147831545211 10.1304666167125 9.88447217131034 9.40395824005827 9.11923580616713 9.03532516444102 9.57393107842654 9.40610979497433 9.63847772590816 9.77617724053562 9.98344369744882 10.6497085364535 10.3857844667509 10.6619006809779 10.2947019753046 10.4560685940087 11.1302224677056 11.4802087340504 11.5375835318118 11.4837946589105 11.4292886010371 11.6724143065512 10.5998641808983
-9999 -9999 -9999 -9999 -9999 -9999 -9999 -9999 -9999 -9999 -9999 -9999 -9999 -9999 -9999 -9999 -9999 -9999 -9999 -9999 -9999 -9999 -9999 -9999 -9999 -9999 -9999 -9999 -9999 -9999 -9999 -9999 -9999 -9999 -9999 8.42940631808181 11.0933386691447 10.6834162301384 9.66286201495677 10.0121310963295 10.0652027842589 10.1218603970483 9.90813927538693 9.09772025700659 9.20816674269736 9.19525741320103 9.37240210128948 9.58899196283892 10.0530106397346 11.1919003752992 9.51799065060914 11.4278542310931 11.3238624101505 11.5110476878472 10.2165288133547 11.2865687916055 11.0470290109515 11.1295052827336 11.3224280402064 11.3123874505982 11.9098025322892 11.7534562083893
-9999 -9999 -9999 -9999 -9999 -9999 -9999 -9999 -9999 -9999 -9999 -9999 -9999 -9999 -9999 -9999 -9999 -9999 -9999 -9999 -9999 -9999 -9999 -9999 -9999 -9999 -9999 -9999 -9999 -9999 -9999 18.251630178187 -9999 -9999 -9999 11.4720806377009 10.8849452072755 10.3951078713872 9.63130587618798 9.43981748865917 9.81490522902459 9.75824761623517 9.75896480120718 10.0336466454901 9.26984465029091 9.21749014733359 9.03819390432909 8.75634021032602 9.44842370832339 11.2550126528367 10.8046204904094 11.2105471845716 11.6874751909636 11.1911831903271 11.7685170928016 11.4350260808133 11.2951750112697 10.6339304670691 11.0298165716231 10.5848032964859 10.031136498088 11.6702627516352
-9999 -9999 -9999 -9999 -9999 -9999 -9999 -9999 -9999 -9999 -9999 -9999 -9999 -9999 -9999 -9999 -9999 -9999 -9999 -9999 -9999 -9999 -9999 -9999 -9999 -9999 -9999 -9999 -9999 14.9766979718891 7.31099886214361 11.2449720632285 11.0023244810291 6.99693495366308 10.5213324264623 8.86049753549294 10.7099520741031 10.4453108194284 10.2724692411721 10.4022797211073 10.3449049233459 10.3535111430101 9.51297035580501 9.64636676060036 9.50292976619676 6.8636890691705 6.77475813264027 9.40754416491836 9.7159337028861 10.7630237620324 10.9731589588337 11.0972319589928 11.0757164098322 10.5198980565183 9.90849786787294 10.1240119519643 10.4488967442885 10.2513122844975 10.1828211196698 10.1846140820999 11.9399243011139 12.1048768446781
-9999 -9999 -9999 -9999 -9999 -9999 -9999 -9999 -9999 -9999 -9999 -9999 -9999 -9999 -9999 -9999 -9999 -9999 -9999 -9999 -9999 -9999 13.7982833756444 11.2882900355384 11.5002899132669 11.359578221757 11.3065065338276 11.1243415509351 8.31527145253494 10.1749320849776 8.90479749953374 9.90813927538693 9.9346751193516 10.0178685761057 9.85865351231769 9.79338967986405 9.33080537291244 9.2497634710744 9.9031189805828 9.08122500265017 10.0616168593988 10.6124149179086 8.81012908322737 10.9200872709043 5.5849482640624 9.70732748322189 9.34156314749271 9.74318673182279 9.14362009521574 11.0047150976025 10.8648640280589 10.6977599295788 10.3190862643532 10.3215964117553 10.4395733396523 10.6626178659499 10.1926226476207 10.3002003934234 10.1462446860969 13.9349996885285 -9999 -9999
-9999 -9999 -9999 -9999 -9999 -9999 -9999 -9999 -9999 -9999 -9999 -9999 -9999 -9999 -9999 -9999 -9999 -9999 -9999 -9999 -9999 15.4136884285069 9.88426726131833 11.5153507976793 11.3353373697028 11.2290505568497 11.0439809748204 10.9417821163079 10.3449049233459 10.6346476520412 10.7113864440471 9.96766562806442 10.0479903449304 9.95690785348415 9.87730032159016 10.0035248766653 9.20816674269736 9.29996641911566 10.2129428884946 11.1101412884891 10.7042145943269 5.89477217197418 5.74488051282242 9.4290597140789 9.4290597140789 9.54739523446187 10.5722525594756 9.50508132111281 10.2122257035226 10.1387142438907 10.2663731689099 10.3922391314991 10.5198980565183 10.2893230880145 10.5062715420499 10.5125752204882 15.9299996439368 -9999 -9999 -9999 -9999 -9999
-9999 -9999 -9999 -9999 -9999 -9999 -9999 -9999 -9999 -9999 -9999 -9999 -9999 -9999 -9999 -9999 -9999 6.88018432352692 16.723548064474 12.3351615240265 11.2198705892079 11.6315347631462 11.7799920523539 10.3692892123945 9.68198694754392 10.6188695826568 11.1381115023978 10.8598437332548 10.8048595520668 10.907177941408 12.3530228449963 11.2593157626688 10.4180577904917 10.6525772763416 10.0781121137552 9.84144107298926 10.9939573230222 10.2753379810601 10.8813592824154 10.9537949645892 10.2416302873753 10.1570024606772 10.5249183513224 10.1763664549217 9.67433697450906 9.63847772590816 9.89020965108648 10.1075166976079 9.54488508705981 10.1075166976079 10.4632404437289 10.308635854761 14.4499996770173 -9999 -9999 -9999 -9999 -9999 -9999 -9999 -9999 -9999
-9999 -9999 -9999 -9999 -9999 -9999 -9999 -9999 -9999 -9999 -9999 -9999 -9999 -9999 -9999 -9999 -9999 11.8938650884666 11.0503280618228 10.9351481553167 10.8411969239824 10.7802362013608 10.7701956117526 10.8548234384507 10.9946745079942 11.0283822016791 10.6152836577967 12.0252693127841 11.4386120056733 12.182332821656 11.3676106934436 10.6654866058379 10.3614001777023 11.1115756584331 10.1562852757052 10.1971648191102 11.1395458723418 11.0355540513992 11.107272548601 10.8856623922475 10.309762859717 10.9996948027983 11.0570696005598 11.1388286873698 10.1555680907331 9.73099458729848 9.77617724053562 9.0665227107238 10.0255185491405 10.1077557592653 10.5918556153774 15.8899996448308 -9999 -9999 -9999 -9999 -9999 -9999 -9999 -9999 -9999 -9999
-9999 -9999 -9999 -9999 -9999 -9999 -9999 -9999 -9999 -9999 -9999 -9999 -9999 13.6028073068592 10.7736790816167 9.06472974829376 9.06975004309788 11.1523117648438 10.5378276808187 10.5944852936082 10.6310617271811 10.6102633629926 10.6925005731173 11.8122653760947 11.0759554714896 10.7902767909691 12.2440107292496 10.3599658077583 10.2731864261441 10.1842554896139 11.5813318151049 9.88375498633832 10.5320902010426 11.5698568555526 10.1813867497258 10.0946073681116 11.0226447219029 11.1273537278175 11.2528610979207 10.8404797390103 11.1001006988809 11.224890884012 11.1947691151872 9.58970914781094 10.8584093633108 10.3929563164711 10.1742149000056 10.111102622468 10.1670430502854 10.1448103161529 11.6924954857677 11.7548905783333 14.5399996750057 -9999 -9999 -9999 -9999 -9999 -9999 23.6804472030407 -9999 -9999
-9999 -9999 -9999 -9999 -9999 -9999 -9999 -9999 -9999 -9999 -9999 13.1905036429875 9.32650226308033 10.6748100104742 9.08409374253824 8.68031860329211 9.49504073150456 11.1536026977934 10.2523880619556 10.3750266921706 10.3821985418908 10.2523880619556 10.0099795414135 10.9435153133236 12.0274208677001 11.9800866595469 10.3226721892133 10.2179631832987 9.9389782291837 9.63847772590816 10.0816980386153 10.0458387900144 10.3155003394932 11.3116702656262 10.9810479935259 9.91531112510711 11.0879085543565 11.1818597856909 11.2772453869693 11.1990722250193 11.0126041322947 11.0907772942446 11.305215600878 10.2523880619556 10.469695108477 9.63417461607605 10.1964476341382 10.2444990272634 10.3398846285418 10.0563575029373 10.3986937962472 12.0784530608653 10.1304666167125 -9999 -9999 -9999 12.8965646790834 12.3903164635412 12.2246467350051 11.5151715014363 14.3632923215628 17.7899996023625
-9999 -9999 -9999 -9999 -9999 -9999 -9999 19.9805060901769 11.8981226627449 10.495035644155 10.3147831545211 9.78478346019983 9.35232092207298 9.9547562985681 8.52110353950411 8.6839045281522 8.95643481751904 8.91268653422594 9.44985807826743 10.0099795414135 10.0974761079997 9.990615547169 9.76828820584342 9.84502699784935 9.87228002678603 10.3743095071986 10.2330240677111 10.0680715241469 10.0006561367773 9.54811241943389 10.0773949287832 10.1168401022442 10.1405072063208 12.5688955215737 11.5232398323715 10.6160008427687 11.187597265467 11.1345255775377 11.2306283637881 10.5550401201472 10.8498031436466 9.83713796315715 10.7056489642709 10.905026386492 10.7938627158292 9.42977689905092 9.50651569105685 9.80127871455625 11.0448774560355 10.3850672817789 10.5672322646715 10.6210211375728 10.3794322569988 12.6195350169893 10.2896816805005 10.4783013281412 10.8318735193461 10.6611834960058 11.3733481732197 12.021683387924 11.8115481911227 14.2732999512739
-9999 -9999 -9999 -9999 -9999 9.86247849883512 9.82518488029018 9.83116142172366 9.05468915868551 12.0001678387634 12.2547685038298 10.3126315996051 10.0049592466094 9.97627184772864 9.8629566221498 9.76685383589938 9.75753043126315 9.03317360952497 9.23828851152211 9.46276740776375 10.1813867497258 10.0630512293428 9.72023681271821 9.36020995676517 10.7551347273402 11.2126987394877 10.1132541773841 10.0745261888951 9.93108919449151 10.109668252524 10.2086397786625 10.151264980901 10.0056764315814 10.1333353566006 10.1046479577199 10.0336466454901 10.0099795414135 11.225608068984 11.3410748494789 10.0816980386153 10.1232947669923 10.1577196456492 10.6253242474049 11.2478408031166 11.0463118259795 10.9243903807364 10.3678548424505 10.3735923222266 10.8182470048778 10.8211157447658 10.3463392932899 10.8347422592342 10.6963255596347 9.91674549505115 10.3592486227863 11.6150395087898 12.183050006628 12.181615636684 10.9688558490016 11.7685170928016 11.8897213530727 10.3370158886537
-9999 -9999 -9999 -9999 -9999 10.4359874147922 10.1993163740262 9.25478376587853 9.26912746531889 12.140018908307 12.2103030355647 9.97125155292451 10.7006286694668 10.1347697265446 9.94830163381994 10.0214545009658 9.98918117722496 9.84789573773742 9.89953305572271 9.63489180104807 9.37240210128948 9.82566300360486 9.77115694573149 10.7264473284595 10.2896816805005 10.2380443625152 10.745811322704 10.1720633450896 9.96407970320433 10.109668252524 10.1620227554813 10.4280983801 10.1677602352574 10.4897762876935 10.5815759641118 10.1778008248657 11.0054322825745 11.5590990809724 10.0013733217493 10.1197088421322 10.2029022988863 10.1211432120763 10.0752433738671 11.2930234563537 10.4453108194284 11.065675820224 10.9796136235818 10.9918057681061 11.2894375314936 11.4809259190224 10.986785473302 11.027665016707 11.2091128146276 11.5383007167839 10.6848506000824 11.3346201847307 10.4395733396523 11.2808313118294 11.06782737514 11.5928067746572 11.7498702835292 12.0926847001538
-9999 -9999 -9999 -9999 -9999 10.3671376574785 10.3276924840175 9.73386332718655 12.2052827407606 12.3451338103041 12.2848902726546 9.81466616736725 9.77402568561956 9.91387675516307 9.95619066851214 10.0157170211896 10.1448103161529 10.1734977150336 10.1182744721882 10.1046479577199 10.3707235823385 10.6518600913696 9.97555466275662 10.4854731778614 10.1075166976079 10.1182744721882 10.1433759462088 10.1455275011249 10.2502365070395 10.3728751372546 10.5005340622738 10.6540116462857 10.1247291369364 10.1620227554813 10.1548509057611 10.0644855992869 10.0903042582795 10.0623340443708 10.1197088421322 10.0867183334194 10.7185582937673 10.7443769527599 9.58468885300681 11.3647419535555 11.3726309882477 11.3884090576321 11.065675820224 10.7780846464448 10.9265419356525 11.2098299995996 11.0900601092726 11.4421979305334 11.2772453869693 11.383388762828 10.1440931311809 9.34012877754867 10.985351103358 8.36475721560419 11.8423871449195 11.3138218205422 11.7089907401241 11.6214941735379
-9999 -9999 -9999 -9999 -9999 10.3155003394932 10.2667317613959 10.1397900213487 10.1175572872162 9.6800744542852 12.3099917466752 11.2851344216615 11.8280434454791 11.8897213530727 12.2698293882422 10.1218603970483 10.1003448478878 9.54094056971371 10.6414609092753 9.94112978409976 10.8899655020796 10.2416302873753 10.2323068827391 10.3757438771427 10.3018738250248 10.2631458365358 10.1993163740262 9.90455335052684 10.1175572872162 10.3678548424505 10.0723746339791 10.3657032875344 10.1749320849776 10.1067995126359 10.0458387900144 10.0860011484474 10.1326181716286 10.1935788942501 10.2107913335785 10.0587481195107 10.2373271775432 10.2323068827391 11.1237678029574 11.4278542310931 11.9298837115057 11.2134159244597 10.9667042940855 10.9315622304566 11.5999786243774 10.0135654662736 11.742698433809 10.9903713981621 10.2968535302207 10.2480849521235 10.8562578083947 10.9494918547571 11.6344035030343 10.6540116462857 10.4969481374137 11.1438489821739 11.2119815545157 11.1173131382093
-9999 -9999 -9999 -9999 -9999 10.3126315996051 10.2509536920115 10.3241065591574 8.92105369223282 8.89093192340806 12.1636860123836 12.1249580238946 11.8796807634644 12.2081514806487 11.7254859944806 10.6511429063976 11.1725363810547 12.1299783186987 7.97532577579841 9.22035888722166 10.2997222701088 10.3219550042413 10.7852564961649 10.3054597498849 10.3212378192693 10.3176518944092 10.4567857789807 10.2251350330189 10.0530106397346 10.0659199692309 10.0680715241469 10.5457167155109 10.2014679289423 10.1340525415726 10.1311838016845 10.0193029460497 10.228720957879 10.3241065591574 10.2014679289423 10.2014679289423 10.1161229172722 10.1727805300616 10.229438142851 10.2179631832987 9.91746268002316 11.2162846643478 11.2736594621092 11.3819543928839 9.87012847186998 11.2040925198235 11.6932126707397 12.0596941914409 10.2581255417317 10.2409131024033 10.7056489642709 11.0850398144685 10.5306558310986 10.4116031257436 10.2982879001647 10.2947019753046 10.9021576466039 10.7802362013608
