EcologicalScience/Bass/data/rs_data_bass/sst_509.asc
NCOLS 226 
NROWS 124 
XLLCORNER -9.41648524995501 
YLLCORNER 47.587301625531 
CELLSIZE 0.0833 
NODATA_value -9999 
[rows 0 to 26 of 124, columns 62 to 123 of 226]
-9999 -9999 -9999 -9999 -9999 -9999 -9999 -9999 -9999 -9999 -9999 -9999 -9999 -9999 -9999 -9999 -9999 -9999 -9999 -9999 -9999 -9999 -9999 -9999 -9999 -9999 -9999 -9999 -9999 -9999 -9999 -9999 -9999 -9999 -9999 -9999 -9999 -9999 -9999 -9999 -9999 -9999 -9999 -9999 -9999 -9999 -9999 -9999 -9999 -9999 -9999 -9999 -9999 -9999 -9999 -9999 -9999 -9999 -9999 -9999 -9999 -9999
-9999 -9999 -9999 -9999 -9999 -9999 -9999 -9999 -9999 -9999 -9999 -9999 -9999 -9999 -9999 -9999 -9999 -9999 -9999 -9999 -9999 -9999 -9999 -9999 -9999 -9999 -9999 -9999 -9999 -9999 -9999 -9999 -9999 -9999 -9999 -9999 -9999 -9999 -9999 -9999 -9999 -9999 -9999 -9999 -9999 -9999 -9999 -9999 -9999 -9999 -9999 -9999 -9999 -9999 -9999 -9999 -9999 -9999 -9999 -9999 -9999 -9999
-9999 -9999 -9999 -9999 -9999 -9999 -9999 -9999 -9999 -9999 -9999 -9999 -9999 -9999 -9999 -9999 -9999 -9999 -9999 -9999 -9999 -9999 -9999 -9999 -9999 -9999 -9999 -9999 -9999 -9999 -9999 -9999 -9999 -9999 -9999 -9999 -9999 -9999 -9999 -9999 -9999 -9999 -9999 -9999 -9999 -9999 -9999 -9999 -9999 -9999 -9999 -9999 -9999 -9999 -9999 -9999 -9999 -9999 -9999 -9999 -9999 -9999
-9999 -9999 -9999 -9999 -9999 -9999 -9999 -9999 -9999 -9999 -9999 -9999 -9999 -9999 -9999 -9999 -9999 -9999 -9999 -9999 -9999 -9999 -9999 -9999 -9999 -9999 -9999 -9999 -9999 -9999 -9999 -9999 -9999 -9999 -9999 -9999 -9999 -9999 -9999 -9999 -9999 -9999 -9999 -9999 -9999 -9999 -9999 -9999 -9999 -9999 -9999 -9999 -9999 -9999 -9999 -9999 -9999 -9999 -9999 -9999 -9999 -9999
-9999 -9999 -9999 -9999 -9999 -9999 -9999 -9999 -9999 -9999 -9999 -9999 -9999 -9999 -9999 -9999 -9999 -9999 -9999 -9999 -9999 -9999 -9999 -9999 -9999 -9999 -9999 -9999 -9999 -9999 -9999 -9999 -9999 -9999 -9999 -9999 -9999 -9999 -9999 -9999 -9999 -9999 -9999 -9999 -9999 -9999 -9999 -9999 -9999 -9999 -9999 -9999 -9999 -9999 -9999 -9999 -9999 -9999 -9999 -9999 -9999 -9999
-9999 -9999 -9999 -9999 -9999 -9999 -9999 -9999 -9999 -9999 -9999 -9999 -9999 -9999 -9999 -9999 -9999 -9999 -9999 -9999 -9999 -9999 -9999 -9999 -9999 -9999 -9999 -9999 9.78999978117645 8.40927049620077 7.61027862504125 7.85483870049939 8.56772056268528 8.43073823302984 8.73841058602557 8.7635120600462 8.3253120421432 8.44006163766608 8.64517653966323 8.91842401400208 8.44221319258213 8.30307930801064 8.19693593215197 8.06497389730066 8.19263282231987 8.19335000729188 8.04489271808416 8.85029144166037 8.81443219305947 8.75347147043794 8.79219945892692 8.84096803702414 8.92774741863832 8.83666492719203 8.62150943558663 8.45583970705047 8.54835656844079 8.73912777099758 8.75131991552189 8.68462171312422 8.56270026788116 8.19335000729188
-9999 -9999 -9999 -9999 -9999 -9999 -9999 -9999 -9999 -9999 -9999 -9999 -9999 -9999 -9999 -9999 -9999 -9999 -9999 -9999 -9999 -9999 -9999 -9999 -9999 -9999 -9999 11.9858052660343 7.39010283863172 8.12521743495017 7.91364786820486 8.03843805333599 8.20625933678821 8.30881678778678 8.54548782855272 8.41496016364545 8.4013336491771 8.4171117185615 8.48954740073532 8.66167179401964 8.51249731983989 8.58206426212564 8.4730521463789 8.11517684534192 8.01620531920344 7.8075044923462 8.88758506020531 8.32172611728311 8.6243781754747 8.2657856894657 8.44938504230231 8.77713857451454 8.88615069026127 8.94209111807868 8.88543350528926 8.81012908322737 8.75131991552189 8.57560959737748 8.72478407155722 8.71330911200494 8.7678151698783 8.44436474749818
-9999 -9999 -9999 -9999 -9999 -9999 -9999 -9999 -9999 -9999 -9999 -9999 -9999 -9999 -9999 -9999 -9999 -9999 -9999 -9999 -9999 -9999 -9999 -9999 -9999 -9999 7.79782249522395 6.10741751617752 7.55146945733577 7.9229712728411 7.85627307044342 8.1302377297543 8.19335000729188 8.36404003063217 8.37910091504455 8.48667866084725 8.54190190369263 8.58995329681784 8.46731466660276 8.44866785733029 8.36404003063217 8.62079225061461 8.42213201336563 8.41496016364545 8.10370188578963 8.48524429090321 7.81324197212234 7.89428387396038 8.63370158011094 8.20554215181619 7.97747733071446 8.22132022120059 8.55050812335685 8.83881648210809 8.39487898442894 8.78933071903884 8.79721975373104 8.73410747619346 8.7319559212774 8.75418865540996 8.7477339906618 8.73052155133337
-9999 -9999 -9999 -9999 -9999 -9999 -9999 -9999 -9999 -9999 -9999 -9999 -9999 -9999 -9999 -9999 -9999 -9999 -9999 -9999 -9999 -9999 -9999 -9999 -9999 -9999 6.21893977932632 7.25025176908821 8.02194279897958 8.05565049266443 8.26004820968956 8.07429730193689 8.17470319801942 8.47520370129496 8.57560959737748 8.62868128530681 8.67888423334807 8.62724691536278 8.61792351072654 8.64445935469121 8.59138766676188 8.58134707715362 8.58062989218161 8.47376933135092 8.84455396188423 8.14314705925062 8.59282203670591 8.33033233694732 8.51751761464402 8.08003478171304 8.11804558522999 8.07573167188093 8.63011565525085 8.75920895021409 8.19478437723592 8.69681385764852 8.67386393854395 8.70685444725677 8.70255133742467 8.66310616396368 8.6839045281522 8.61720632575452
-9999 -9999 -9999 -9999 -9999 -9999 -9999 -9999 -9999 -9999 -9999 -9999 -9999 -9999 -9999 -9999 -9999 -9999 -9999 -9999 -9999 -9999 -9999 -9999 -9999 -9999 7.4252449022606 7.05015716189519 7.69777519162744 7.93444623239338 8.13310646964237 8.06784263718873 8.32746359705925 8.60501418123022 8.70326852239668 8.70828881720081 8.75490584038198 8.67960141832009 8.71115755708888 8.72334970161319 8.71546066692099 8.68103578826413 8.63800468994305 8.64517653966323 8.6480452795513 8.59569077659398 8.99014251120389 8.99014251120389 7.88280891440809 7.97317422088236 8.4450819324702 8.80510878842324 8.23566392064095 8.47663807123899 8.64517653966323 8.80726034333929 8.80295723350719 8.73410747619346 8.73697621608153 8.70685444725677 8.59999388642609 8.69107637787238
-9999 -9999 -9999 -9999 -9999 -9999 -9999 -9999 -9999 -9999 -9999 -9999 -9999 -9999 -9999 -9999 -9999 -9999 -9999 -9999 -9999 -9999 -9999 -9999 7.88116963447205 7.34922329522669 7.4252449022606 8.08003478171304 8.50532547011971 8.1818750477396 8.36690877052024 8.49241614062339 8.5605487129651 8.60501418123022 8.69466230273247 8.68462171312422 8.67529830848798 8.65521712927148 8.64589372463524 8.68605608306825 8.64732809457928 8.66310616396368 8.69107637787238 8.65449994429946 8.65952023910359 8.58062989218161 8.53975034877658 8.23136081080884 7.97604296077043 8.02696309378371 8.01261939434335 8.67601549346 8.7118747420609 8.57704396732152 8.61720632575452 8.77068390976638 8.77857294445857 8.7993713086471 8.80152286356315 8.7477339906618 8.65234838938341 8.6602374240756
-9999 -9999 -9999 -9999 -9999 -9999 -9999 -9999 -9999 -9999 -9999 -9999 -9999 -9999 -9999 -9999 -9999 -9999 -9999 -9999 -9999 -9999 -9999 -9999 7.93851028056815 7.83332315133885 7.61171299498528 7.81252478715032 7.89284950401634 8.31885737739503 8.22347177611664 8.29805901320651 8.32029174733907 8.44866785733029 8.44436474749818 8.53186131408438 8.65449994429946 8.68820763798431 8.63155002519488 8.60573136620224 8.6121860309504 8.66167179401964 8.84813988674432 8.82160404277965 8.66095460904762 8.47592088626698 8.37981810001656 8.81730093294755 7.87187184358481 7.85842462535948 8.57274085748941 8.24713888019323 8.3453932213597 8.31670582247898 8.17685475293547 8.16251105349511 8.74558243574575 8.77355264965445 8.73697621608153 8.70326852239668 8.62509536044672 8.64230779977515
-9999 -9999 -9999 -9999 -9999 -9999 -9999 -9999 -9999 -9999 -9999 -9999 -9999 -9999 -9999 -9999 -9999 -9999 -9999 -9999 -9999 -9999 -9999 7.74499982688576 7.85842462535948 7.81324197212234 7.8555558854714 7.8512527756393 8.16896571824327 8.1940671922639 8.317423007451 8.26076539466158 8.33320107683539 8.29303871840239 8.34037292655557 8.4013336491771 8.56556900776923 8.59067048178986 8.48739584581926 8.56700337771326 8.56485182279721 8.51536605972797 8.28084657387808 8.42069764342159 8.43647571280599 8.44436474749818 8.43791008275002 8.39918209426105 8.42643512319773 8.17900630785152 8.1022675158456 8.41424297867343 8.56772056268528 8.29949338315055 8.32172611728311 8.55911434302106 8.78431042423472 8.64947964949533 8.72693562647328 8.68964200792834 8.64661090960726 8.57919552223757
-9999 -9999 -9999 -9999 -9999 -9999 -9999 -9999 -9999 -9999 -9999 -9999 -9999 -9999 -9999 -9999 -9999 -9999 -9999 -9999 -9999 11.3458924615735 7.94993742778897 8.43002104805782 7.8634449201636 8.03270057355985 8.1739860130474 8.26291694957763 8.26506850449368 8.31096834270284 8.20052185701206 8.32029174733907 8.30666523287073 8.33320107683539 8.16753134829924 8.35901973582804 8.27295753918588 8.30236212303862 8.26291694957763 8.30738241784275 8.39129305956885 8.41209142375737 8.42141482839361 8.44651630241424 8.40850549889728 8.44938504230231 8.46301155677065 8.40420238906518 8.44077882263809 8.48452710593119 8.49313332559541 8.24355295533314 8.04704427300021 8.16107668355107 8.16681416332722 8.27582627907395 8.35973692080006 8.755623025354 8.5763267823495 8.67386393854395 8.61433758586645 8.55481123318896
-9999 -9999 -9999 -9999 -9999 -9999 -9999 -9999 -9999 -9999 -9999 -9999 -9999 -9999 -9999 -9999 -9999 -9999 -9999 -9999 -9999 7.86057618027553 7.17494734702632 7.39799187332392 8.37623217515647 8.25000762008131 8.08720663143322 8.26219976460561 8.3532822560519 8.41639453358948 8.40420238906518 8.31025115773082 8.2815637588501 8.15247046388686 8.46014281688258 8.46372874174267 8.28586686868221 8.25646228482947 8.30666523287073 8.22347177611664 8.41065705381334 8.33104952191934 8.22849207092077 8.29590745829046 8.37981810001656 8.4529709671624 8.33893855661154 8.29949338315055 8.40850549889728 8.47018340649083 8.61290321592242 8.49815362039953 8.32244330225512 8.42858667811379 8.42284919833764 8.4250007532537 8.4092226838693 8.37264625029638 8.66740927379578 8.64947964949533 8.59999388642609 8.56270026788116
-9999 -9999 -9999 -9999 -9999 -9999 -9999 -9999 -9999 -9999 -9999 -9999 -9999 -9999 -9999 -9999 -9999 -9999 -9999 -9999 9.04999979771674 7.64972379850224 7.75299843447283 7.31408123159781 7.79889827268198 7.93301186244935 8.317423007451 8.30451367795467 8.50819421000779 8.40778831392527 8.15462201880291 8.17685475293547 8.25072480505332 8.5842158170417 8.5605487129651 8.55050812335685 8.39057587459683 8.25215917499736 8.5046082851477 8.48596147587523 8.39416179945692 8.39846490928903 8.27510909410194 8.14147362764925 7.96528518619016 7.49122591968626 8.28801842359826 8.35184788610786 8.41424297867343 8.43073823302984 8.47592088626698 8.41926327347755 8.43360697291791 8.44938504230231 8.40276801912114 8.50173954525962 8.35758536588401 8.41352579370141 8.42284919833764 8.64589372463524 8.58349863206968 8.13095491472632
-9999 -9999 -9999 -9999 -9999 -9999 -9999 -9999 -9999 -9999 -9999 -9999 -9999 -9999 -9999 -9999 -9999 -9999 -9999 7.03151035262272 7.80391856748611 7.52851953823119 7.5686818966642 7.68558304710314 7.87850580457598 8.03126620361581 8.63083284022287 8.76422924501821 8.87969602551311 8.73339029122144 8.85746329138055 8.32100893231109 8.21988585125655 8.55911434302106 8.53616442391649 8.50102236028761 8.35113070113584 8.32100893231109 8.29016997851431 8.34467603638768 8.40061646420509 8.3253120421432 8.30307930801064 8.38196965493262 8.28371531376615 8.18044067779556 8.437192897778 8.40993986884132 8.37049469538033 8.45081941224635 8.63441876508296 8.67806459338005 8.53759879386052 8.24857325013727 8.29590745829046 8.16824853327125 8.1144596603699 8.24713888019323 8.68964200792834 8.45368815213442 8.54620501352474 8.50317391520366
-9999 -9999 -9999 -9999 -9999 -9999 -9999 -9999 -9999 -9999 -9999 -9999 -9999 -9999 -9999 -9999 7.36215703953058 9.35987894831655 7.90504164854065 7.69705800665542 7.61960202967748 7.43887141672894 7.75371561944485 8.47735525621101 8.44006163766608 8.62222662055865 8.32172611728311 8.77355264965445 8.6401562448591 8.84025085205212 8.58349863206968 8.90766623942181 8.42571793822572 8.24068421544507 8.3654744005762 8.53186131408438 8.37551499018446 8.21558274142444 8.13525802455842 8.22634051600471 8.31096834270284 8.41137423878536 8.23638110561296 8.34467603638768 8.25072480505332 8.29016997851431 8.4171117185615 8.50317391520366 8.47233496140689 8.44221319258213 8.54979093838483 8.31383708259091 8.17470319801942 8.32889796700329 8.31527145253494 8.42643512319773 8.36404003063217 8.61792351072654 8.60071107139811 8.40276801912114 8.58708455692977 8.30881678778678
-9999 -9999 -9999 -9999 -9999 -9999 -9999 -9999 -9999 -9999 -9999 -9999 -9999 -9999 -9999 -9999 7.96266669807956 5.60865311471647 6.41831720154732 7.74654376972467 7.98106325557455 7.96887111105025 8.19765311712399 7.80176701257005 8.27582627907395 8.4608600018546 8.47950681112707 8.72263251664117 8.45368815213442 8.09079255629331 8.09079255629331 8.44866785733029 8.20123904198408 8.18474378762767 8.15247046388686 8.2736747241579 8.17111727315933 8.34324166644365 8.21486555645242 8.15533920377493 8.20482496684417 8.34109011152759 7.8993041687645 8.03341775853187 7.95954770641401 8.18689534254372 8.59282203670591 8.72334970161319 8.55983152799308 8.74271369585767 8.4450819324702 8.20941495066509 8.62294380553067 8.58493300201371 8.4250007532537 8.47950681112707 8.50675984006375 8.43073823302984 8.11087373550981 8.50102236028761 8.3812524699606 8.41854608850554
-9999 -9999 -9999 -9999 -9999 -9999 -9999 -9999 -9999 -9999 -9999 -9999 -9999 -9999 -9999 -9999 -9999 5.93499986734241 5.9934584540897 6.84312976663932 7.92010253295302 7.93157749250531 7.86129336524755 8.1818750477396 8.37623217515647 8.19191563734785 8.56270026788116 8.4250007532537 8.29877619817853 8.39487898442894 8.18976408243179 7.96169926133007 8.04991301288828 8.04202397819608 8.08146915165707 8.10800499562174 8.02624590881169 8.20554215181619 8.14458142919466 8.17255164310336 8.19765311712399 8.22132022120059 7.99755850993097 8.15533920377493 7.95954770641401 7.93372904742137 8.11517684534192 8.31025115773082 8.65019683446735 8.72693562647328 8.69251074781641 8.83738211216405 8.82160404277965 8.67601549346 8.53831597883254 8.6559343142435 8.61577195581049 8.65736868418753 8.58780174190179 8.5885189268738 8.5526596782729 8.48165836604312
-9999 -9999 -9999 -9999 -9999 -9999 -9999 -9999 -9999 -9999 -9999 -9999 -9999 -9999 6.62860793243892 11.7129699599689 7.76636072289885 7.985605427064 7.20028788270429 8.21988585125655 8.19908748706803 8.12019714014605 8.09581285109743 8.18115786276758 7.93659778730944 8.07358011696488 8.30523086292669 8.29805901320651 8.34467603638768 8.17685475293547 8.06353952735662 8.03700368339196 8.02839746372774 8.05923641752452 8.04202397819608 8.1065706256777 8.09581285109743 8.13884394941851 8.15533920377493 8.22562333103269 8.23853266052902 8.19478437723592 8.02696309378371 8.22920925589278 8.09150974126533 8.15247046388686 8.2535935449414 8.1940671922639 8.58134707715362 8.69251074781641 8.60931729106233 8.7398449559696 8.75777458027005 8.70828881720081 8.82232122775167 8.63800468994305 8.82518996763974 8.87180699082091 8.91196934925392 8.80941189825535 8.77713857451454 8.75634021032602
-9999 -9999 -9999 -9999 -9999 -9999 -9999 -9999 -9999 -9999 -9999 -9999 -9999 7.85483870049939 7.62964261928573 7.6282082493417 8.05493330769241 8.23494673566893 7.97173985093832 7.80893886229023 8.13740957947448 8.10083314590156 7.90073853870854 7.80893886229023 7.61529891984537 7.94520400697365 8.27941220393404 8.37049469538033 8.41352579370141 8.21486555645242 8.00831628451124 8.15103609394282 8.03987242328003 8.08577226148918 8.08433789154515 8.09222692623734 8.08362070657313 8.04991301288828 8.0147709492594 7.94448682200164 8.0585192325525 8.11159092048183 7.82256537675858 7.93229467747733 8.05636767763644 8.0707113770768 8.08433789154515 8.07716604182497 8.39344461448491 8.51608324469998 8.75275428546593 8.955000447575 8.955000447575 9.00018310081214 8.98870814125985 8.93993956316262 8.955000447575 8.94782859785482 8.94998015277088 8.89977720472962 8.8632007711567 8.84240240696818
-9999 -9999 -9999 -9999 -9999 -9999 -9999 -9999 -9999 -9999 9.55845183611382 6.18379771569744 7.72717977548018 7.59593492560089 7.74654376972467 7.3771935091354 7.77021087380126 7.13756408035988 6.36363184743095 7.39870905829594 6.85207067262381 8.22275459114462 8.17326882807538 8.01979124406353 7.32770774606615 8.08218633662909 8.37838373007253 8.52540664933622 8.48596147587523 8.16179386852309 8.33463544677943 8.31311989761889 8.2220374061726 8.28228094382212 8.18044067779556 8.13167209969833 8.08218633662909 8.0664082672447 8.09939877595752 8.2457045102492 8.37694936012849 8.53688160888851 8.0348521284759 8.20625933678821 7.83475752128288 7.86989958491176 7.92081971792504 7.49122591968626 8.1424298742786 8.10800499562174 8.48022399609908 8.81228063814342 8.55863621970639 8.93993956316262 5.44079408468679 8.99014251120389 9.01380961528048 8.9786675516516 8.97006133198738 8.98010192159563 8.93778800824657 8.9428083030507
-9999 -9999 -9999 -9999 -9999 -9999 -9999 -9999 -9999 -9999 11.3899997454137 11.3991429260466 9.5417772855144 7.72156182653271 7.75072734872811 6.07378154098988 10.7399997599423 -9999 -9999 9.22999979369342 9.63999978452921 9.66164713934581 7.67984556732699 8.29519027331844 7.52134768851101 7.56653034174815 7.69371114345267 7.87491987971589 8.58349863206968 8.47520370129496 8.60931729106233 8.67242956859991 8.58206426212564 8.4250007532537 8.19263282231987 8.21414837148041 8.16107668355107 8.13167209969833 8.12593461992219 8.14673298411071 8.0305490186438 7.91030100500211 8.36475721560419 8.17326882807538 8.07716604182497 8.00975065445527 8.12736898986623 7.87778861960396 7.82184819178656 8.11015655053779 8.73267310624942 8.89403972495347 8.50909069122281 9.02026428002864 9.05755789857358 8.87037262087688 8.94998015277088 9.01094087539241 9.01237524533644 9.01596117019653 8.81084626819938 8.69824822759256
-9999 -9999 -9999 -9999 -9999 -9999 -9999 -9999 -9999 -9999 -9999 -9999 -9999 -9999 -9999 -9999 -9999 -9999 -9999 -9999 -9999 -9999 -9999 -9999 -9999 8.55983152799308 8.28514968371019 8.49241614062339 8.47520370129496 8.20841089170426 8.35113070113584 8.40563675900921 8.57058930257335 8.755623025354 8.46157718682662 8.27080598426983 8.24427014030516 8.26937161432579 8.11732840025797 8.12736898986623 8.12736898986623 8.10011596092954 8.31527145253494 8.3253120421432 8.32100893231109 7.69060334190726 8.03772086836398 7.9229712728411 7.86201055021957 8.70111696748063 8.88184758042917 9.1500747599639 9.21175266755745 9.12640765588731 9.06472974829376 9.09485151711851 8.95284889265895 8.80654315836728 9.0224158349447 9.04895167890936 8.72908718138933 8.94567704293877
-9999 -9999 -9999 -9999 -9999 -9999 -9999 -9999 -9999 -9999 -9999 -9999 -9999 -9999 -9999 -9999 -9999 -9999 -9999 -9999 -9999 -9999 -9999 -9999 -9999 10.6396679468453 8.53473005397245 8.88471632031724 8.55337686324492 8.43862726772204 8.13095491472632 8.13167209969833 8.317423007451 8.19119845237583 8.19693593215197 8.41854608850554 8.13238928467035 8.07429730193689 7.81754508195445 8.07788322679698 8.06784263718873 8.36762595549226 8.26506850449368 8.79076508898288 9.13985487411264 8.98225347651169 8.75992613518611 8.33176670689136 8.07931759674102 7.98106325557455 8.85172581160441 8.8474227017723 9.2296822918579 8.30379649298266 7.98249762551859 9.11349832639098 9.12497328594327 9.14146854029968 9.1063264766708 9.08552811248228 9.0984374419786 9.07118441304192
-9999 -9999 -9999 -9999 -9999 -9999 -9999 -9999 -9999 -9999 -9999 -9999 -9999 -9999 -9999 -9999 -9999 -9999 -9999 -9999 -9999 -9999 -9999 -9999 -9999 -9999 -9999 8.38566591594225 7.78718425147235 7.33487959578633 8.16322823846713 8.27080598426983 8.16035949857906 8.15318764885888 8.1940671922639 8.21558274142444 8.19191563734785 8.13525802455842 8.0068819145672 8.11230810545385 8.76996672479436 8.76638079993427 8.91483808914199 8.92535680206493 7.98034607060254 7.93014312256128 8.28491062205285 8.40993986884132 8.18402660265565 8.14888453902677 8.5447706435807 8.59497359162197 8.66382334893569 8.92487867875025 9.18019652878866 8.51775667630136 9.12497328594327 9.14720602007583 9.09987181192264 9.08696248242632 9.0625781933777 9.05110323382542
