EcologicalScience/Bass/data/rs_data_bass/sst_465.asc
NCOLS 226 
NROWS 124 
XLLCORNER -9.41648524995501 
YLLCORNER 47.587301625531 
CELLSIZE 0.0833 
NODATA_value -9999 
[rows 27 to 53 of 124, columns 62 to 123 of 226]
-9999 -9999 -9999 -9999 -9999 -9999 -9999 -9999 -9999 -9999 -9999 -9999 -9999 -9999 -9999 -9999 -9999 -9999 -9999 -9999 -9999 -9999 -9999 -9999 -9999 -9999 -9999 -9999 12.5299997199327 6.24786623986438 7.14924821886234 7.0148358020233 7.11219366197474 7.1104006995447 7.24218343815301 7.37629702792037 7.44371241529007 7.50969343271572 7.45626315230038 7.4530358199263 7.42076249618549 7.39386805973481 7.4343292452395 7.46277758246288 7.43923000921495 7.281807907857 6.34851119760424 7.64446444204077 6.83500167028978 6.89596239291131 7.85029652900994 7.7850326965563 7.45201980788261 7.98225856386125 8.04441459476948 6.77332376269624 8.12521743495017 7.01716665318236 6.93038727156818 7.85340433055535 7.96169926133007 7.21869563031942
-9999 -9999 -9999 -9999 -9999 -9999 -9999 -9999 -9999 -9999 -9999 -9999 -9999 -9999 -9999 -9999 -9999 -9999 -9999 -9999 -9999 -9999 -9999 -9999 -9999 -9999 -9999 -9999 -9999 -9999 9.78499978128821 8.73361096352052 6.9724621232599 7.17566453199834 7.03342284588143 7.27774385968223 7.39512313343585 7.46469007572159 7.41000472160522 7.39225439354777 7.44998778379522 7.37773139786441 7.39870905829594 7.44676045142114 7.45895259594545 7.43689915805589 7.41090120282024 7.43779563927092 7.06234930641949 7.03509627748281 7.67602058080956 7.72335478896275 7.10179447988048 7.05422121006995 7.50078838597983 6.84217352000996 6.78264716733247 7.89595730556175 7.88567765429616 7.61529891984537 7.8673894375097 7.04872279195115
-9999 -9999 -9999 -9999 -9999 -9999 -9999 -9999 -9999 -9999 -9999 -9999 -9999 -9999 -9999 -9999 -9999 -9999 -9999 -9999 -9999 -9999 -9999 -9999 -9999 -9999 -9999 -9999 -9999 -9999 -9999 12.5849997187033 6.95381531398743 7.04489780543372 7.12856938550249 7.16012552427128 7.17016611387953 7.13980528339744 7.31067460298073 7.27409816940781 7.33296710252762 7.42363123607356 7.50054932432249 7.46253852080554 7.45751822600141 5.33967100363225 5.5849482640624 6.39034698763862 7.47239981417079 7.35316781257279 7.51345865381882 7.40372935310006 7.35639514494687 7.67888932069764 7.89332762733102 6.4491561553441 7.23997211782262 6.76400035806 6.66502883192152 7.84013640857302 7.31587419402786 7.09498122264631
-9999 -9999 -9999 -9999 -9999 -9999 -9999 -9999 -9999 -9999 -9999 -9999 -9999 -9999 -9999 -9999 -9999 -9999 -9999 -9999 -9999 -9999 -9999 -9999 -9999 -9999 -9999 -9999 -9999 -9999 -9999 11.914999733679 6.8995483177714 7.31582296652986 7.12599947268609 7.13101976749022 7.23303932975978 7.34258933423553 7.3933301710058 7.39082002360374 7.53138827811927 7.42219686612953 6.77475813264027 6.23471784871072 7.23853774787858 7.45877329970244 7.19455040292814 7.44191945286002 7.4331339369528 7.51005202520173 7.55099133402109 7.52296135469805 7.51399654254783 7.61027862504125 7.64201406005304 6.22467725910246 6.63849298795685 6.72742392448708 7.11111788451672 6.94078645366244 7.23052918235771 7.07274848851375
-9999 -9999 -9999 -9999 -9999 -9999 -9999 -9999 -9999 -9999 -9999 -9999 -9999 -9999 -9999 -9999 -9999 -9999 -9999 -9999 -9999 -9999 -9999 -9999 -9999 -9999 -9999 -9999 -9999 -9999 -9999 11.4499997440726 6.92928758794442 6.97437461651862 7.38262362392353 7.17172001465224 6.71738333487883 6.64494765270501 6.7797784274444 7.32430111744907 7.40946683287621 7.4211210886715 7.14243496162817 7.1104006995447 6.99684641230851 7.20363474590704 7.21056753396988 7.48022908344865 7.34420300042257 7.29919964342844 7.37826928659342 7.44012649042998 7.56127098528668 7.4969633994624 7.63538009906188 7.44245734158903 7.05183059349656 7.20793785573915 6.85077973967418 6.88090150849894 7.0307931676507 7.20255896844901
-9999 -9999 -9999 -9999 -9999 -9999 -9999 -9999 -9999 -9999 -9999 -9999 -9999 -9999 -9999 -9999 -9999 -9999 -9999 -9999 -9999 -9999 -9999 -9999 -9999 -9999 -9999 -9999 -9999 -9999 -9999 -9999 7.10172928124666 7.17269333711426 6.67506942152977 6.83858759514987 6.76400035806 7.27911846421193 7.27409816940781 7.17279579211026 7.2447533509694 7.32818586938083 7.60382396029308 7.57190922903828 7.66586046037264 7.05302590178326 6.19431642862037 7.26925717084669 7.13173695246223 7.11111788451672 7.33649326197337 7.46594514942262 7.51130709890276 7.61314736492932 7.55828271456994 7.41932812624145 6.58159631351009 7.30099260585848 6.47999510914087 6.6643116469495 6.58542130002752 6.62773521337658
-9999 -9999 -9999 -9999 -9999 -9999 -9999 -9999 -9999 -9999 -9999 -9999 -9999 -9999 -9999 -9999 -9999 -9999 -9999 -9999 -9999 -9999 -9999 -9999 -9999 -9999 -9999 -9999 -9999 -9999 -9999 8.16999981738627 8.417305890912 7.42596208723262 6.47354044439271 6.65929135214537 6.72527236957103 7.18713949155062 7.25670643383637 7.24905646080151 7.22825809661299 7.31336404662579 7.600596627919 7.60203099786304 7.56007567699999 7.65653705573641 7.53246405557729 7.56258582440205 7.55971708451398 7.31623278651386 7.46002837340347 7.43546478811186 7.35926388483495 7.37898647156544 5.95692820288241 6.03175450162962 5.97103284066543 5.69252600986511 6.75395976845175 6.6761451989878 6.74320199387148 6.57430493296124
-9999 -9999 -9999 -9999 -9999 -9999 -9999 -9999 -9999 -9999 -9999 -9999 -9999 -9999 -9999 -9999 -9999 -9999 -9999 -9999 -9999 -9999 -9999 -9999 -9999 -9999 -9999 -9999 -9999 -9999 -9999 -9999 -9999 8.54846132579626 6.68654438108206 6.60263373935595 6.91305530141108 7.11362803191878 7.20166248723399 7.33057648595423 7.32304604374804 6.11996825318784 7.68056275229901 7.68881037947722 7.65044098347425 7.4331339369528 7.49230169714428 7.10484251601156 7.6282082493417 7.59414196317084 7.56330300937407 7.33631396573037 7.36177403223701 7.49230169714428 7.13430686527863 7.41520431265235 7.3188624647446 6.1756696193479 6.77368235518225 6.61841180874035 6.77260657772422 6.76400035806
-9999 -9999 -9999 -9999 -9999 -9999 -9999 15.0315826170269 13.9014946045805 12.7339915021323 9.00192483574418 4.91747217932716 6.17575277122871 13.3806988737373 8.41999981179833 -9999 -9999 -9999 -9999 -9999 -9999 -9999 -9999 -9999 -9999 -9999 -9999 -9999 -9999 -9999 -9999 -9999 -9999 -9999 6.58757285494357 7.21439252048731 6.97700429474935 7.0615125906188 7.16885127476417 7.20327615342103 7.22712255374063 7.17829421022907 7.63107698922977 7.5525452347938 7.39476454094984 7.30380158033222 7.09175389027223 7.17064423719421 7.4969633994624 7.02003539307043 7.02003539307043 7.01393932080828 6.63132113823667 7.31318475038279 6.62295398022979 7.21271908888593 7.1608427092433 6.75503554590978 6.8235267107375 6.79950101417489 6.62235632608645 6.70554978284054
-9999 -9999 -9999 -9999 15.4149996554479 14.8373515880667 6.74802307062782 12.6177437868901 6.06860677557639 10.1951436614618 10.5956622125366 20.2195218211752 -9999 -9999 -9999 -9999 -9999 -9999 -9999 -9999 -9999 -9999 -9999 -9999 -9999 -9999 -9999 -9999 -9999 -9999 -9999 -9999 -9999 -9999 6.43552964087576 6.54812768148258 6.68726156605408 7.27284309570678 7.35460218251683 7.4532151161693 7.35065766517073 7.19120353972539 7.25431581726298 7.47186192544177 7.25993376621045 7.5249336133711 7.5564897521399 7.22622607252561 7.20273826469202 6.86064103303943 5.8730175611563 7.19700078491587 7.37450406549033 7.45464948611334 5.77691477490589 7.17602312448435 7.15863138891291 6.74630979541689 6.80679239472374 6.96337778028101 6.76471754303202 6.71845911233686
7.16792917980014 12.2601606723232 15.9971332336857 7.08082736628678 6.43686155582379 4.78361358866096 6.46493422472849 6.25254501801516 6.17344976110118 14.6383997154349 14.3849996784702 -9999 -9999 -9999 -9999 -9999 -9999 -9999 -9999 -9999 -9999 -9999 -9999 -9999 -9999 -9999 -9999 -9999 -9999 -9999 -9999 -9999 -9999 -9999 13.9199996888638 6.37241736333817 6.43768119579181 5.79508346086368 7.34539830870926 7.57549515389837 7.53138827811927 7.21319721220061 7.28826257260516 7.32364369789138 7.3984699966386 7.43552455352619 7.60131381289102 7.74905391712673 6.94240011984948 5.98250780021772 7.202200375963 7.18301567796152 7.1145245131338 7.29919964342844 6.73495436669327 7.14912868803367 7.0721508343704 7.33416241081432 7.38484348217025 7.16490675741807 7.03366190753877 6.82496108068153
6.56626221577504 6.53462069784291 6.26089510018937 6.23471784871072 6.49039429123513 6.65447596733325 6.35389008489437 5.84492781641893 6.44494867017493 15.4899996537715 -9999 -9999 -9999 -9999 -9999 -9999 -9999 -9999 -9999 -9999 -9999 -9999 -9999 -9999 -9999 -9999 -9999 -9999 -9999 -9999 -9999 -9999 -9999 -9999 -9999 7.50528274513781 6.47784355422482 7.13007205877719 7.27212591073476 7.28001494542696 7.41090120282024 7.24355804268271 7.3097781217657 7.41831211419776 7.33703115070239 7.53461561049335 7.27200637990609 7.36739198118448 7.15223648957908 7.25144707737491 7.39799187332392 7.21773938369006 7.23710337793455 7.27487511979416 6.66323586949147 6.97007150668651 6.98321989784017 7.42763551883399 7.45871353428811 7.27320168819278 6.90062409522943 6.79232916445471
6.96337778028101 5.2646056432277 6.81766970013268 6.61494541470893 6.68522954196669 6.65630308142863 6.60630931233754 9.87065006094053 9.92371243477932 -9999 -9999 -9999 -9999 -9999 -9999 -9999 -9999 -9999 -9999 -9999 -9999 -9999 -9999 -9999 -9999 -9999 -9999 -9999 -9999 -9999 -9999 -9999 -9999 -9999 -9999 -9999 6.98769376599895 6.25981932273135 6.88817581321512 6.91833856403828 7.27858057548292 7.32412182120606 7.31049530673772 7.38245286559686 7.42094179242849 7.40731527796015 7.27846104465425 7.3267514994368 7.3243608828634 7.37958412570879 7.40755433961749 7.38364817388356 7.38579972879961 7.29902034718543 7.09390544518828 7.09079764364287 7.2246721717529 6.74893947364762 6.74284340138547 6.85077973967418 6.90958890737966 6.91998808947392
5.35807875124738 5.3497115932405 6.77655109507032 6.74965665861964 6.74642932624556 6.96803948259912 7.01393932080828 7.91449161523077 12.7897884929553 -9999 -9999 -9999 -9999 -9999 -9999 -9999 -9999 -9999 -9999 -9999 -9999 -9999 -9999 -9999 -9999 -9999 -9999 -9999 -9999 -9999 -9999 -9999 -9999 -9999 -9999 -9999 -9999 -9999 -9999 14.6949996715412 8.53501692796126 6.31206348953912 7.38213411672041 7.23562119565904 7.51030303994194 7.54946133941412 7.3681091661565 7.30882187513635 7.38006224902347 7.34348581545055 7.34754986362532 7.3893856536597 7.37838881742209 7.37838881742209 7.28013447625563 7.32125308131799 6.64279609778896 6.73244421929121 6.69048889842816 6.65785698220134 6.8156376760453 6.61159855150618
7.19168166304007 6.56031982600689 7.11446474771947 7.18976916978136 7.24905646080151 6.78802605462261 7.56526147602842 9.84991689538583 15.9949996424839 -9999 -9999 -9999 -9999 -9999 -9999 -9999 -9999 -9999 -9999 -9999 -9999 -9999 -9999 -9999 -9999 -9999 -9999 -9999 -9999 -9999 -9999 -9999 -9999 -9999 -9999 -9999 -9999 -9999 -9999 -9999 -9999 -9999 -9999 11.5637028072598 7.42811364214867 7.54724603472278 7.25096895406023 7.37289039930329 7.3681091661565 7.32483900617808 7.37265133764595 7.3401389522478 7.37886694073677 7.3960793800652 7.22945340489969 6.86655780905858 6.93433178891428 6.71164585510269 6.70447400538251 6.65821557468735 7.56007567699999 6.68905452848412
7.23142566357274 7.53798637986183 4.98155664093792 7.41581904262836 7.48036569010999 7.61816765973344 7.05912197404541 6.77762687252834 9.36678415234201 16.0049996422604 -9999 -9999 -9999 -9999 -9999 16.1899624452926 16.1899996381253 -9999 -9999 -9999 -9999 -9999 -9999 -9999 -9999 -9999 -9999 -9999 -9999 -9999 -9999 -9999 -9999 -9999 -9999 -9999 -9999 -9999 -9999 -9999 -9999 -9999 -9999 -9999 14.1549996836111 7.86267650769358 7.31551560154185 7.16538488073274 7.20100506767631 7.26937670167536 7.35137485014275 7.26196579029784 7.36284980969504 7.15893021598458 7.29280474409461 6.70196385798045 6.82137515582144 6.82065797084942 6.87014373391867 6.86727499403059 6.73280281177722 6.83930478012189
6.92644275422208 7.47493557532185 5.24643695726991 7.82095171057153 7.72144229570404 7.5247901763767 7.37153571657836 7.09476606715471 6.72301835965897 6.86446142221729 15.2049996601418 -9999 -9999 -9999 -9999 -9999 -9999 -9999 -9999 -9999 -9999 -9999 -9999 -9999 -9999 -9999 -9999 -9999 -9999 -9999 -9999 -9999 -9999 -9999 -9999 -9999 -9999 -9999 -9999 -9999 -9999 -9999 -9999 -9999 -9999 11.6849997388199 7.24307991936803 7.24910427313298 7.12952563213184 7.24021117947996 7.25694549549371 7.30834375182167 7.21200190391392 7.35735139157623 7.40492466138676 7.40755433961749 7.46564632235095 6.90636157500558 6.89452802296728 6.86584062408656 6.88663898827508 6.84970396221615
8.05923641752452 7.90647601848468 7.64613787364215 7.5923490007408 7.17996764183044 7.14267402328551 7.60149310913403 7.7810881792102 6.80900371505413 6.644230467733 6.29022796554491 14.8511736984365 -9999 -9999 17.5692422323543 -9999 26.52499940712 25.3438315510682 -9999 -9999 -9999 -9999 -9999 -9999 -9999 -9999 -9999 -9999 -9999 -9999 -9999 -9999 -9999 -9999 -9999 -9999 -9999 -9999 -9999 -9999 -9999 -9999 -9999 -9999 -9999 8.8399998024106 11.3599997460842 7.81467634206638 6.01382487732917 7.01477603660896 7.1438693315722 7.34252956882119 7.28778444929048 7.31169061502442 7.31432029325515 7.41831211419776 7.47903377516195 7.46253852080554 6.90707875997759 6.92500838427804 6.9113818698097 6.9271599391941
8.22132022120059 8.0943784811534 7.97532577579841 7.89356668898836 7.55218664230779 7.61673328978941 7.88890498667024 7.11506240186282 6.87026326474734 6.66084525291808 6.52532119937241 7.27633937244536 15.7249996485189 17.3037507068366 6.01912101250715 6.17375712608919 8.99074645644348 13.6036668741418 -9999 -9999 -9999 -9999 -9999 -9999 -9999 -9999 -9999 -9999 -9999 -9999 -9999 -9999 -9999 -9999 -9999 -9999 -9999 -9999 -9999 -9999 -9999 -9999 -9999 -9999 -9999 -9999 -9999 -9999 6.61745556211099 6.57236853353679 6.79326150491834 7.08619570673909 7.03772595571354 7.13096000207588 7.24355804268271 7.23829868622124 7.30475782696158 7.454410424456 7.32173120463267 6.92429119930603 6.74714651121758 6.75395976845175
8.36619158554822 8.26004820968956 8.22562333103269 8.03843805333599 7.54250464518555 7.26244391361251 7.14984587300569 7.29704808851238 6.73567155166529 6.68726156605408 6.67306130360812 7.18307544337586 7.32847274336964 6.21105074463412 6.08482618955895 8.32368642287329 14.1049996847287 -9999 -9999 -9999 -9999 -9999 -9999 -9999 -9999 -9999 -9999 -9999 -9999 -9999 -9999 -9999 -9999 -9999 -9999 -9999 -9999 -9999 -9999 -9999 -9999 -9999 -9999 -9999 -9999 -9999 -9999 -9999 6.71746302209795 6.80528972144904 6.81123211121719 6.65474918065593 6.77798546501435 6.98059021960944 6.94736064923927 7.06617429293692 6.62163914111443 7.31192967668176 7.84766685077921 7.8473082582932 6.83679463271983 6.91209905478172
8.38698994973674 8.41998045844957 8.22634051600471 8.18832971248776 8.14027831936255 7.20506911585107 7.33236944838427 7.28144931537099 7.67004403937608 7.30404064198956 6.54023864679039 5.29438589539911 6.38403575988486 5.85837503464427 5.84743796382099 5.39618980642709 14.0599996857345 -9999 -9999 -9999 -9999 -9999 -9999 -9999 -9999 -9999 -9999 -9999 -9999 -9999 -9999 -9999 -9999 -9999 -9999 -9999 -9999 -9999 -9999 -9999 -9999 -9999 -9999 -9999 -9999 -9999 -9999 -9999 6.85609886154998 6.40397350210696 6.63332925615832 6.66588945388794 6.63275550818071 6.71021148515865 6.90994749986567 6.98106834292412 6.62092195614241 6.70590837532654 6.97736288723536 6.72455518459901 6.44664600794204 6.5327082045842
8.75992613518611 8.65736868418753 8.27797783399001 8.18976408243179 8.18044067779556 7.58575089899823 7.51094850641675 7.520630503539 7.59421368166804 6.70351775875315 6.61141925526317 6.45112841401715 6.46722921663895 6.43983275070786 9.19286679662764 6.69999985024333 -9999 -9999 -9999 -9999 -9999 -9999 -9999 -9999 -9999 -9999 -9999 -9999 -9999 -9999 -9999 -9999 -9999 -9999 -9999 -9999 -9999 -9999 -9999 -9999 -9999 -9999 -9999 -9999 -9999 -9999 -9999 -9999 6.43301949347369 6.7162563299228 6.29653919329867 6.43301949347369 6.61464658763725 6.48232596029993 6.75951795198489 6.98847925430164 7.44676045142114 7.00210576876998 6.97054963000119 6.62916958332062 6.62379069603048 6.55816827109084
8.68982130417135 8.49725713918451 8.33248389186338 8.22849207092077 8.04345834814012 7.86989958491176 7.84963910945226 7.77379679866135 7.73076570034027 7.67755057541653 7.31694997148588 6.43068864231464 6.57093416359276 6.39780571134761 10.5919751462061 -9999 -9999 -9999 -9999 -9999 -9999 -9999 -9999 -9999 -9999 -9999 -9999 -9999 -9999 -9999 -9999 -9999 -9999 -9999 -9999 -9999 -9999 -9999 -9999 -9999 -9999 -9999 -9999 -9999 -9999 -9999 -9999 -9999 -9999 -9999 6.77168448276019 6.40702153823804 6.5287636872381 6.61392940266524 6.75378047220875 7.44353311904706 7.4291894196067 6.89219717180822 6.8144423677586 6.57215337804519 6.53163242712617 6.58542130002752
8.76829329319298 8.45637759577949 8.26435131952167 8.11356317915488 8.23021331485361 8.01512954174541 7.90844827715773 8.19048126740381 7.74564728850964 7.74668720671907 7.10968351457268 6.26483961753547 6.49559388228226 6.37213048934936 13.3373831252567 10.5128855812363 -9999 -9999 -9999 -9999 -9999 -9999 -9999 -9999 -9999 -9999 -9999 -9999 -9999 -9999 -9999 -9999 -9999 -9999 -9999 -9999 -9999 -9999 -9999 -9999 -9999 -9999 -9999 -9999 -9999 -9999 5.96603427873924 5.96073688974138 4.07999990880489 -9999 11.5949583295733 6.60729544167407 6.59582048212178 7.15450757532381 7.20435193087906 6.86476484662853 7.3097781217657 6.84163563128095 6.88711711158976 6.53593553695828 6.50760673056357 6.46816155710258
8.54524876689538 8.47317167720757 8.4050630110316 8.5248329013586 8.65449994429946 7.98178044054657 8.1421430002898 8.53921246004757 7.73399303271435 7.76074403217062 7.22801903495565 6.80717489337549 6.52822579850908 6.85484378784895 8.55799179263008 -9999 -9999 -9999 -9999 -9999 -9999 -9999 -9999 -9999 -9999 -9999 -9999 -9999 -9999 -9999 -9999 -9999 -9999 -9999 -9999 -9999 -9999 -9999 -9999 -9999 -9999 -9999 -9999 -9999 -9999 -9999 -9999 -9999 6.00299291120007 6.38594142281051 6.33799248468131 6.57571539673954 6.10117800692096 6.3695486234501 7.11936551169492 6.30189417442307 6.41234066011384 6.61315245227888 6.74607073375955 6.7931658802554 6.41903438651934 6.43947415822186
8.50998717243783 8.44042023015209 8.4488112943247 8.64625231712125 8.37235937630758 8.43360697291791 7.97532577579841 8.01835687411949 7.9631336312741 7.8512527756393 7.38737753573805 7.24379710434005 7.14657869702205 5.67136905319057 18.0099995974451 -9999 -9999 -9999 -9999 -9999 -9999 -9999 -9999 -9999 -9999 -9999 -9999 -9999 -9999 -9999 -9999 -9999 -9999 -9999 -9999 -9999 -9999 -9999 -9999 -9999 -9999 -9999 -9999 -9999 -9999 -9999 -9999 -9999 -9999 -9999 7.10408947179094 6.0430501649389 6.68644875641912 6.57932522776537 5.34469129843637 6.08428830082994 6.1147686621407 6.43122653104365 6.79794711340219 6.21786400186829 6.39572587492876 6.46170689235441
8.24391154781915 8.38268683990464 8.49869150912855 7.29854222387075 8.51249731983989 8.41864854350154 7.55950192902237 7.31408123159781 7.17996764183044 7.49481184454635 8.14745016908273 7.71908583079598 6.64984841668047 6.37779625062831 15.533086209558 -9999 -9999 -9999 -9999 -9999 -9999 -9999 -9999 -9999 -9999 -9999 -9999 -9999 -9999 -9999 -9999 -9999 -9999 -9999 -9999 -9999 -9999 -9999 -9999 -9999 -9999 -9999 -9999 -9999 -9999 -9999 -9999 -9999 -9999 -9999 -9999 -9999 15.1299996618181 6.48678078233766 4.92226934991777 4.8476821128279 5.98477888596244 6.21965696429834 6.44700460042804 6.09486677916721 6.0586489380803 6.24942014063708
