EcologicalScience/Bass/data/rs_data_bass/sst_387.asc
NCOLS 226 
NROWS 124 
XLLCORNER -9.41648524995501 
YLLCORNER 47.587301625531 
CELLSIZE 0.0833 
NODATA_value -9999 
[rows 27 to 53 of 124, columns 62 to 123 of 226]
-9999 -9999 -9999 -9999 -9999 -9999 -9999 -9999 -9999 -9999 -9999 -9999 -9999 -9999 -9999 -9999 -9999 -9999 -9999 -9999 -9999 -9999 -9999 -9999 -9999 -9999 -9999 -9999 12.5299997199327 6.81970172422007 6.05805128393695 6.75706756999716 8.16896571824327 9.28179773315787 8.37895747805014 9.98846399225295 8.05833993630949 9.07285784464329 7.94878993183374 8.04130679322407 8.68444241688121 8.43073823302984 7.27105013327673 7.45034637628123 7.39584031840786 7.45034637628123 7.7479781396687 7.90862757340074 7.80607012240216 7.75730154430494 7.73937192000449 7.83977781608701 7.73291725525633 8.19693593215197 8.17040008818731 7.96385081624612 7.94878993183374 7.9868007353507 8.03987242328003 7.95381022663787 8.01620531920344 7.98249762551859
-9999 -9999 -9999 -9999 -9999 -9999 -9999 -9999 -9999 -9999 -9999 -9999 -9999 -9999 -9999 -9999 -9999 -9999 -9999 -9999 -9999 -9999 -9999 -9999 -9999 -9999 -9999 -9999 -9999 -9999 9.78499978128821 5.84359891485313 8.52803632756695 8.98978391871788 7.79871897643898 7.64470350369811 7.99038666021079 8.00712097622454 8.08899959386326 7.97245703591034 7.87348550977185 7.9946897700429 8.07142856204882 8.13597520953044 7.51991331856698 7.37002165941522 7.47401348035783 7.51202428387478 7.65187535341829 7.70566422631964 8.11302529042587 8.19837030209601 8.34826196124777 8.5089113949798 8.11159092048183 8.01692250417545 8.05134738283232 8.20410778187215 8.12736898986623 7.998992879875 8.05708486260846 8.00401317467913
-9999 -9999 -9999 -9999 -9999 -9999 -9999 -9999 -9999 -9999 -9999 -9999 -9999 -9999 -9999 -9999 -9999 -9999 -9999 -9999 -9999 -9999 -9999 -9999 -9999 -9999 -9999 -9999 -9999 -9999 -9999 12.0549997305498 8.35012664217502 8.04728333465755 8.42428356828168 7.80947675101925 7.88424328435212 9.11564988130704 7.98500777292065 7.98805580905173 7.96600237116218 8.04776145797223 8.14673298411071 8.12019714014605 7.90934475837275 8.22347177611664 7.82686848659068 7.57011626660824 7.520630503539 8.04130679322407 7.96815392607823 8.02983183367178 8.06138797244057 7.94520400697365 7.93014312256128 7.97962888563052 8.00042724981904 7.99971006484702 8.02409435389563 8.05493330769241 8.08075196668506 8.02839746372774
-9999 -9999 -9999 -9999 -9999 -9999 -9999 -9999 -9999 -9999 -9999 -9999 -9999 -9999 -9999 -9999 -9999 -9999 -9999 -9999 -9999 -9999 -9999 -9999 -9999 -9999 -9999 -9999 -9999 -9999 -9999 9.05210729278624 9.77719639812743 8.06730474845972 8.01620531920344 8.18904689745978 7.61171299498528 7.94484541448765 8.04525131057017 7.78885768307373 7.95667896652594 8.03126620361581 8.19478437723592 8.27439190912992 8.33535263175145 8.2299264408648 8.32746359705925 7.56222723191604 7.63179417420179 7.78312020329759 7.83834344614297 7.91866816300899 7.90289009362459 8.1223486950621 7.94520400697365 7.99827569490299 8.04489271808416 8.06712545221671 8.20697652176023 8.10155033087358 8.09079255629331 8.03843805333599
-9999 -9999 -9999 -9999 -9999 -9999 -9999 -9999 -9999 -9999 -9999 -9999 -9999 -9999 -9999 -9999 -9999 -9999 -9999 -9999 -9999 -9999 -9999 -9999 -9999 -9999 -9999 -9999 -9999 -9999 -9999 11.1399997510016 9.56508579710498 8.2696584883146 8.22476270906627 8.13238928467035 7.82902004150674 7.9430524520576 7.82184819178656 7.81682789698243 8.22705770097673 7.83690907619894 8.23709829058498 8.26004820968956 8.23709829058498 7.9868007353507 8.32172611728311 7.6762596424669 8.08935818634927 8.51823479961604 8.31311989761889 8.06138797244057 8.12306588003412 8.0506301978603 8.14816735405475 8.1861781575717 8.14888453902677 8.17470319801942 8.17255164310336 8.14171268930659 8.10441907076165 8.08720663143322
-9999 -9999 -9999 -9999 -9999 -9999 -9999 -9999 -9999 -9999 -9999 -9999 -9999 -9999 -9999 -9999 -9999 -9999 -9999 -9999 -9999 -9999 -9999 -9999 -9999 -9999 -9999 -9999 -9999 -9999 -9999 -9999 12.5561481370711 8.2232327144593 8.17589850630611 7.79423657036386 7.23734243959188 7.52780235325918 7.54788353247568 8.03198338858783 8.21199681656435 8.22849207092077 8.25502791488543 8.24211858538911 8.35973692080006 8.25933102471754 7.54716634750366 7.63322854414582 7.94592119194567 8.03126620361581 8.10370188578963 8.06353952735662 7.96169926133007 8.0068819145672 8.03270057355985 8.1223486950621 8.13597520953044 8.1144596603699 8.17040008818731 8.15892512863502 8.11087373550981 8.16968290321529
-9999 -9999 -9999 -9999 -9999 -9999 -9999 -9999 -9999 -9999 -9999 -9999 -9999 -9999 -9999 -9999 -9999 -9999 -9999 -9999 -9999 -9999 -9999 -9999 -9999 -9999 -9999 -9999 -9999 -9999 -9999 -9999 9.55345842269693 10.0991060738452 8.24259670870379 8.04632708802819 7.97747733071446 7.35998106980696 7.32985930098221 7.43169956700876 7.2301705898717 8.33678700169548 8.43217260297388 8.57345804246143 8.53114412911236 8.40635394398123 8.50317391520366 7.53999449778348 8.1818750477396 8.21056244662032 8.09653003606945 7.92081971792504 7.84910122072324 7.9351634173654 8.23924984550104 8.2578966547735 8.07716604182497 8.08577226148918 8.15390483383089 8.10800499562174 8.09222692623734 8.16753134829924
-9999 -9999 -9999 -9999 -9999 -9999 -9999 -9999 -9999 -9999 -9999 -9999 -9999 -9999 -9999 -9999 -9999 -9999 -9999 -9999 -9999 -9999 -9999 -9999 -9999 -9999 -9999 -9999 -9999 -9999 -9999 -9999 -9999 8.50206269609249 8.48141930438578 8.29519027331844 9.3853114307858 7.80535293743014 8.07501448690891 8.16394542343915 8.26506850449368 8.46803185157478 8.54548782855272 8.54548782855272 8.50675984006375 8.43073823302984 8.42069764342159 8.12593461992219 8.18402660265565 7.82686848659068 7.78168583335355 7.78240301832557 8.08505507651716 7.87491987971589 7.98608355037868 8.19837030209601 8.14673298411071 8.14529861416668 8.19119845237583 8.16896571824327 8.6200750656426 8.13310646964237
-9999 -9999 -9999 -9999 -9999 -9999 -9999 12.4812555179931 13.0320992155466 11.3263725575525 14.078693540253 8.01681170478087 12.0774691287866 8.27380748729031 8.41999981179833 -9999 -9999 -9999 -9999 -9999 -9999 -9999 -9999 -9999 -9999 -9999 -9999 -9999 -9999 -9999 -9999 -9999 -9999 -9999 8.24785606516525 8.17661569127813 8.13860488776118 8.03700368339196 7.99684132495895 7.40588090801612 7.29471723735332 8.41998045844957 8.51536605972797 8.52540664933622 8.52540664933622 8.45799126196653 8.0068819145672 7.65259253839031 8.61792351072654 8.73769340105355 8.65378275932744 8.39416179945692 8.72406688658521 8.82447278266773 8.80654315836728 7.66765342280269 7.75156406452879 8.05278175277635 8.06784263718873 7.94878993183374 8.21558274142444 8.16394542343915
-9999 -9999 -9999 -9999 16.079999640584 16.7361386450939 10.80995953409 14.4842575201765 9.76201283733826 10.9214319927269 15.81659594886 19.9108024548246 -9999 -9999 -9999 -9999 -9999 -9999 -9999 -9999 -9999 -9999 -9999 -9999 -9999 -9999 -9999 -9999 -9999 -9999 -9999 -9999 -9999 -9999 8.73649809276685 8.28622546116821 8.02237310996279 8.26506850449368 8.06353952735662 8.43575852783397 8.44651630241424 8.4328897879459 8.4092226838693 8.38268683990464 8.42571793822572 8.4092226838693 8.45153659721836 8.48022399609908 8.61505477083847 8.65306557435542 8.72908718138933 8.76494642999023 7.6482894285582 7.53784294286743 7.56366160186008 7.38508254382759 7.86631366005167 8.12091432511806 8.17470319801942 8.12019714014605 8.22418896108866 8.15605638874695
8.89024889010138 11.2931668933481 9.69021605586135 10.7927869383711 9.79864903632551 9.94615007890388 9.93037200951949 9.93969541415572 9.77976316539571 15.2565298369193 -9999 -9999 -9999 -9999 -9999 -9999 -9999 -9999 -9999 -9999 -9999 -9999 -9999 -9999 -9999 -9999 -9999 -9999 -9999 -9999 -9999 -9999 -9999 -9999 11.5099997427315 8.64995777281001 8.79994505662471 8.88543350528926 8.84268928095698 8.46731466660276 8.58134707715362 8.50317391520366 8.5763267823495 8.5246894643642 8.59855951648206 8.61505477083847 8.61792351072654 8.57919552223757 8.62868128530681 8.5605487129651 8.70757163222879 8.77498701959848 7.65330972336233 7.64900661353022 7.69490645173937 7.82041382184252 7.77594835357741 8.02696309378371 8.1424298742786 8.11230810545385 8.12593461992219 8.17040008818731
9.59257788769901 9.89361627970356 9.6970478319563 9.79123812494799 10.3092847364023 9.68318225583062 9.74940233491361 9.84526605950668 11.8280434454791 14.1599996834993 -9999 -9999 -9999 -9999 -9999 -9999 -9999 -9999 -9999 -9999 -9999 -9999 -9999 -9999 -9999 -9999 -9999 -9999 -9999 -9999 -9999 -9999 -9999 -9999 -9999 11.5395301767359 11.5676028456406 10.2361318692565 8.80023193061352 8.57991270720959 8.58995329681784 8.53473005397245 8.58708455692977 8.55767997307703 8.6322672101669 8.6121860309504 8.60573136620224 8.56126589793712 8.52899257419631 8.6121860309504 8.70613726228476 7.68343149218708 8.16537979338318 7.8433637409471 7.76805931888521 7.87276832479984 7.86918239993975 7.96169926133007 8.06784263718873 8.19335000729188 8.11589403031394 8.25717946980149
9.41901912447065 9.8617613138631 9.42619097419083 10.1161229172722 10.1197088421322 9.5884540741099 9.94471570895985 11.312674324587 8.31945854715099 -9999 -9999 -9999 -9999 -9999 -9999 -9999 -9999 -9999 -9999 -9999 -9999 -9999 -9999 -9999 -9999 -9999 -9999 -9999 -9999 -9999 -9999 -9999 -9999 -9999 -9999 -9999 10.8800593846536 11.5465995714601 10.9894151515327 10.6647694208659 9.1634622127749 10.1078752900939 8.41472110198811 8.60071107139811 8.22155928285792 8.48022399609908 8.51464887475595 8.47376933135092 7.82113100681454 8.56987211760134 8.61003447603434 8.68749045301229 7.91436505317688 7.58087404118851 7.53067109314725 7.55864130705595 7.86918239993975 7.67195653263479 8.0506301978603 8.25574509985745 8.32818078203127 8.31025115773082
9.70732748322189 9.81275367410854 9.86008788226172 8.60501418123022 10.0608996744268 9.50608538007364 10.3408886875026 11.4832209109329 12.7897884929553 -9999 -9999 -9999 -9999 -9999 -9999 -9999 -9999 -9999 -9999 -9999 -9999 -9999 -9999 -9999 -9999 -9999 -9999 -9999 -9999 -9999 -9999 -9999 -9999 -9999 -9999 -9999 -9999 -9999 -9999 -9999 4.53399974976666 11.5675857698079 8.51823479961604 8.65421307031065 8.51931057707407 8.55158390081488 8.53688160888851 8.43934445269406 8.54979093838483 8.15772982034832 7.57011626660824 7.97676014574245 7.53497420297936 7.51489302376285 7.85985899530351 8.22275459114462 8.23136081080884 8.09939877595752 8.17470319801942 8.1739860130474 8.27295753918588 8.23924984550104
9.50651569105685 8.69466230273247 8.99014251120389 8.88256476540118 10.0415356801823 9.2296822918579 11.8694011121988 11.6728924298659 14.0649996856228 -9999 -9999 -9999 -9999 -9999 -9999 -9999 -9999 -9999 -9999 -9999 -9999 -9999 -9999 -9999 -9999 -9999 -9999 -9999 -9999 -9999 -9999 -9999 -9999 -9999 -9999 -9999 -9999 -9999 -9999 -9999 -9999 -9999 -9999 10.7299559519453 8.58648690278642 8.57166508003138 8.50281532271765 8.59389781416394 8.50030517531559 8.03987242328003 7.87348550977185 7.91866816300899 7.83475752128288 8.23996703047305 7.61816765973344 8.10800499562174 8.11302529042587 8.05349893774837 8.18115786276758 8.19621874717996 8.19765311712399 8.24140140041709
9.13268302439246 8.23494673566893 8.37981810001656 10.787408051081 10.6807267864933 10.3804055794608 10.4191335679498 10.0451216050424 9.84000670304522 14.9449996659532 -9999 -9999 -9999 -9999 -9999 16.1899624452926 -9999 -9999 -9999 -9999 -9999 -9999 -9999 -9999 -9999 -9999 -9999 -9999 -9999 -9999 -9999 -9999 -9999 -9999 -9999 -9999 -9999 -9999 -9999 -9999 -9999 -9999 -9999 -9999 4.49558338191269 9.77962869321345 8.47556229378097 8.49062317819335 8.19908748706803 8.38340402487665 8.35866114334203 8.2019562269561 8.0147709492594 8.16018020233605 8.20339059690014 8.30236212303862 8.26291694957763 8.24713888019323 8.237815475557 8.19048126740381 8.31240271264687 8.2535935449414
11.9786522896029 10.7709127967246 10.6169570893981 9.04034545924515 10.8087443039985 10.4078379046405 9.21031829761341 9.79428616107907 9.81777396891266 11.0769117181189 15.7999996468425 -9999 -9999 -9999 -9999 -9999 -9999 -9999 -9999 -9999 -9999 -9999 -9999 -9999 -9999 -9999 -9999 -9999 -9999 -9999 -9999 -9999 -9999 -9999 -9999 -9999 -9999 -9999 -9999 -9999 -9999 -9999 -9999 -9999 -9999 7.17999983951449 8.81514937803149 8.91985838394612 8.23996703047305 8.25431072991341 8.47592088626698 8.56521041528322 8.65019683446735 8.45189518970437 8.40061646420509 8.36690877052024 8.36690877052024 8.35471662599593 8.31527145253494 8.38555557979271 8.27224035421386 8.50675984006375
11.8531449194998 11.3073671557941 11.4075937556336 8.87252417579293 9.35016936715692 10.9365825252607 9.80486463941634 9.77187413070351 9.83498640824109 9.28526412718929 10.2208319231868 17.0658408920281 -9999 -9999 15.2819775833189 -9999 20.6440226381778 20.955464168872 -9999 -9999 -9999 -9999 -9999 -9999 -9999 -9999 -9999 -9999 -9999 -9999 -9999 -9999 -9999 -9999 -9999 -9999 -9999 -9999 -9999 -9999 -9999 -9999 -9999 -9999 -9999 8.8399998024106 11.5749997412786 11.2711851739557 5.88497064402327 8.52009948054329 7.83475752128288 8.47448651632294 8.42012389544398 8.59282203670591 8.62509536044672 8.58314003958367 8.39846490928903 8.36619158554822 8.3212958062999 8.36719564450905 8.02313810726628 8.50245673023164
9.39176609553397 9.47352518234402 9.36164432670921 9.32506789313629 9.17230749409646 10.8481297120452 9.67505415948108 9.30283515900373 9.36379588162526 9.41184727475047 9.57895137323067 9.67290260456502 17.4599996097386 11.2617860664614 11.6763588238973 16.0467185391507 11.6924954857677 11.6751617578043 -9999 -9999 -9999 -9999 -9999 -9999 -9999 -9999 -9999 -9999 -9999 -9999 -9999 -9999 -9999 -9999 -9999 -9999 -9999 -9999 -9999 -9999 -9999 -9999 -9999 -9999 -9999 -9999 -9999 -9999 8.25735876604449 9.52265235292725 8.77254859069362 8.89332253998145 8.77283546468243 8.8273415225558 8.45770438797772 8.2937559033744 8.27152316924185 8.2457045102492 8.34754477627575 8.35453732975293 8.15486108046025 8.51178013486788
9.33510848274454 9.38029113598168 8.65521712927148 8.42715230816975 8.32746359705925 9.01811272511259 9.18306526867673 9.32004759833217 9.4448377834633 10.4056265843101 9.75537887634709 9.84574418282136 9.86152225220576 10.3040253799409 11.1139065095922 12.5351878278889 15.6399996504188 18.7435357263953 -9999 -9999 -9999 -9999 -9999 -9999 -9999 -9999 -9999 -9999 -9999 -9999 -9999 -9999 -9999 -9999 -9999 -9999 -9999 -9999 -9999 -9999 -9999 -9999 -9999 -9999 -9999 -9999 -9999 -9999 8.62193974656984 9.2139042224735 9.19023711839691 8.83279212834313 9.00520339561626 8.62509536044672 8.38304543239065 8.23996703047305 8.32172611728311 8.35973692080006 8.44020507466048 7.81862085941248 8.26829583686776 8.41047775757033
9.40467542503029 9.1342966905795 9.10847803158686 8.92559586372226 8.81730093294755 8.92559586372226 9.16154971951619 9.26410717051476 9.56245611887425 9.74103517690673 9.97985777258873 9.83857233310118 9.91602831007913 10.2172459983267 11.2162846643478 13.8977740760893 14.1976001809962 -9999 -9999 -9999 -9999 -9999 -9999 -9999 -9999 -9999 -9999 -9999 -9999 -9999 -9999 -9999 -9999 -9999 -9999 -9999 -9999 -9999 -9999 -9999 -9999 -9999 -9999 -9999 -9999 -9999 -9999 -9999 9.0224158349447 8.85065003414638 8.77319405716844 8.42117576673627 9.08265937259421 8.45440533710644 8.28514968371019 8.36457791936118 8.19478437723592 8.49869150912855 8.41818749601953 8.33571122423746 8.35848184709903 8.32674641208723
9.2497634710744 9.27629931503907 9.32076478330418 9.45846429793164 10.8010345655493 9.03245642455295 9.19525741320103 9.28920864453539 9.38029113598168 10.0365153853782 9.41973630944267 9.93754385923967 10.1247291369364 10.6446882416494 10.6203039526008 6.69999985024333 -9999 -9999 -9999 -9999 -9999 -9999 -9999 -9999 -9999 -9999 -9999 -9999 -9999 -9999 -9999 -9999 -9999 -9999 -9999 -9999 -9999 -9999 -9999 -9999 -9999 -9999 -9999 -9999 -9999 -9999 -9999 -9999 11.8829160645604 10.4885468277415 8.86144765233621 9.02614519679919 8.94036987414584 9.00247809272259 8.24498732527718 9.11995299113914 8.33535263175145 8.15964231360704 8.5246894643642 8.45727407699451 8.436834305292 8.45064011600334
9.33510848274454 9.11278114141896 9.23111666180193 9.24474317627028 10.7009872619528 9.57177952351049 9.62987150624394 9.93969541415572 10.2165288133547 10.6113391404506 10.9405270426068 10.1297494317405 11.0147556872107 12.2578763053752 14.2424978812757 -9999 -9999 -9999 -9999 -9999 -9999 -9999 -9999 -9999 -9999 -9999 -9999 -9999 -9999 -9999 -9999 -9999 -9999 -9999 -9999 -9999 -9999 -9999 -9999 -9999 -9999 -9999 -9999 -9999 -9999 -9999 -9999 -9999 -9999 12.8162072454959 9.03825910296291 10.0945049131156 8.71273536402732 8.90336312958971 8.27644100904997 8.97561951552052 8.80492949218024 8.77988778357394 8.23494673566893 8.85853906883858 9.12951545743272 8.82920620348304
9.18521682359278 9.15366068482399 9.1701559391804 9.2217932571657 9.20027770800516 7.46791740809567 9.31789604341611 9.78263190528378 9.06472974829376 9.96945859049447 10.2323068827391 10.3370158886537 10.8949857968837 13.0113986493088 11.9825642076321 15.0922812370652 -9999 -9999 -9999 -9999 -9999 -9999 -9999 -9999 -9999 -9999 -9999 -9999 -9999 -9999 -9999 -9999 -9999 -9999 -9999 -9999 -9999 -9999 -9999 -9999 -9999 -9999 -9999 -9999 -9999 -9999 6.32747377175838 6.81395132219218 7.10499984119087 -9999 11.5949583295733 9.15383998106699 9.18398736364075 9.04464856907725 8.55313780158758 8.96522033342626 9.24474317627028 8.52970975916833 8.66788739711046 8.86768317723181 8.37623217515647 8.84670551680028
9.26267280057073 9.17589341895655 9.16011534957215 9.15294349985197 9.32721944805235 9.17876215884462 10.0733308806084 10.4625232587568 9.72346414509229 9.1299935807474 9.03532516444102 10.8422727014404 11.1897488203831 10.9803308085538 12.0004752037515 -9999 -9999 -9999 -9999 -9999 -9999 -9999 -9999 -9999 -9999 -9999 -9999 -9999 -9999 -9999 -9999 -9999 -9999 -9999 -9999 -9999 -9999 -9999 -9999 -9999 -9999 -9999 -9999 -9999 -9999 -9999 -9999 -9999 8.43865950075449 13.7742878636345 11.6314323081502 10.0860459725081 12.1003346731886 9.13250372814946 8.72191533166915 8.71703847385943 8.57584865903482 8.73858988226857 7.58374278107658 8.93671223078854 8.60047200974077 8.6456546629779
9.19884333806112 9.22107607219368 9.16441845940426 9.19454022822902 9.15366068482399 9.2856227196753 9.68509474908933 10.0816980386153 10.3922391314991 9.90025024069473 9.42977689905092 10.8792077274993 11.2750938320532 13.6033836162117 14.4899996761233 -9999 -9999 -9999 -9999 -9999 -9999 -9999 -9999 -9999 -9999 -9999 -9999 -9999 -9999 -9999 -9999 -9999 -9999 -9999 -9999 -9999 -9999 -9999 -9999 -9999 -9999 -9999 -9999 -9999 -9999 -9999 -9999 -9999 -9999 -9999 14.1486920699357 11.9863620280521 10.9436519199849 9.42346567129716 9.84215825796127 10.1323312976398 9.34251939412206 9.4156722612679 8.93659269995987 9.03401032532565 9.08265937259421 8.89021473843604
9.50006102630869 9.20673237275332 9.22824792191386 9.33008818794042 9.17517623398453 9.13501387555152 10.2600978004048 10.1915707763284 10.1042893652339 10.469695108477 10.9932401380502 11.1510208318941 11.3152561904863 10.7883642977104 16.7567722626721 -9999 -9999 -9999 -9999 -9999 -9999 -9999 -9999 -9999 -9999 -9999 -9999 -9999 -9999 -9999 -9999 -9999 -9999 -9999 -9999 -9999 -9999 -9999 -9999 -9999 -9999 -9999 -9999 -9999 -9999 -9999 -9999 -9999 -9999 -9999 -9999 -9999 14.5099996756762 11.9848678926937 9.9828699494712 10.1544205947779 10.5807153421454 9.95929847005755 10.1292713084258 9.39857935276814 9.19585506734438 9.46205022279173
