EcologicalScience/Bass/data/rs_data_bass/sst_471.asc
NCOLS 226 
NROWS 124 
XLLCORNER -9.41648524995501 
YLLCORNER 47.587301625531 
CELLSIZE 0.0833 
NODATA_value -9999 
[rows 81 to 107 of 124, columns 62 to 123 of 226]
14.6170518437607 -9999 -9999 -9999 -9999 -9999 -9999 -9999 -9999 -9999 -9999 -9999 -9999 -9999 -9999 -9999 -9999 -9999 -9999 -9999 -9999 -9999 -9999 -9999 -9999 -9999 -9999 -9999 -9999 -9999 -9999 -9999 -9999 -9999 -9999 -9999 -9999 -9999 -9999 -9999 -9999 -9999 -9999 -9999 -9999 -9999 -9999 -9999 -9999 -9999 -9999 -9999 -9999 -9999 -9999 -9999 -9999 -9999 -9999 -9999 -9999 -9999
12.3424595612559 -9999 -9999 -9999 -9999 -9999 -9999 -9999 -9999 -9999 -9999 -9999 -9999 -9999 -9999 -9999 -9999 -9999 -9999 -9999 -9999 -9999 -9999 -9999 -9999 -9999 -9999 -9999 -9999 -9999 -9999 -9999 -9999 -9999 -9999 -9999 -9999 -9999 -9999 -9999 -9999 -9999 -9999 -9999 -9999 -9999 -9999 -9999 -9999 -9999 -9999 -9999 -9999 -9999 -9999 -9999 -9999 -9999 -9999 -9999 -9999 -9999
-9999 -9999 -9999 -9999 -9999 -9999 -9999 -9999 -9999 -9999 -9999 -9999 -9999 -9999 -9999 -9999 -9999 -9999 -9999 -9999 -9999 -9999 -9999 -9999 -9999 -9999 -9999 -9999 -9999 -9999 -9999 -9999 -9999 -9999 -9999 -9999 -9999 -9999 -9999 -9999 -9999 -9999 -9999 -9999 -9999 -9999 -9999 -9999 -9999 -9999 -9999 -9999 -9999 -9999 -9999 -9999 -9999 -9999 -9999 -9999 -9999 -9999
-9999 -9999 -9999 -9999 -9999 -9999 -9999 -9999 -9999 -9999 -9999 -9999 -9999 -9999 -9999 -9999 -9999 -9999 -9999 -9999 -9999 -9999 -9999 -9999 -9999 -9999 -9999 -9999 -9999 -9999 -9999 -9999 -9999 11.3199997469783 11.209999749437 11.1449997508898 -9999 -9999 -9999 -9999 -9999 -9999 -9999 -9999 -9999 -9999 -9999 -9999 -9999 -9999 -9999 -9999 -9999 -9999 -9999 -9999 17.2699996139854 13.8144803137447 8.10920030390844 9.02528457483277 8.66382334893569 8.81586656300351
-9999 -9999 -9999 -9999 -9999 -9999 -9999 -9999 -9999 -9999 -9999 -9999 -9999 -9999 -9999 -9999 -9999 -9999 -9999 -9999 -9999 -9999 -9999 -9999 -9999 -9999 -9999 -9999 -9999 -9999 -9999 -9999 -9999 16.4349996326491 10.3801494419708 10.8731327489128 10.2424499273433 10.1869035572029 10.0802636686713 11.296185590094 11.6376308354083 -9999 10.018824822735 6.81994078587741 6.34014403959736 8.92416149377823 8.01548813423142 8.30594804789871 7.68486586213112 7.66765342280269 8.72502313321456 6.79483931185678 10.3215964117553 -9999 8.09509566612542 8.14386424422264 8.60931729106233 9.64851831551641 9.5165562806651 8.9865565863438 9.58540603797883 9.63274024613202
-9999 -9999 -9999 -9999 -9999 -9999 -9999 -9999 -9999 -9999 -9999 -9999 13.8287205730448 9.66487013287842 9.74306720099412 9.25980406068265 8.88471632031724 9.23004088434391 11.1813690801837 -9999 -9999 -9999 -9999 -9999 -9999 11.894999734126 -9999 12.7800498759668 8.19478437723592 8.26363413454965 8.17326882807538 10.1926226476207 10.2674489463679 10.6070993116454 18.2749995915219 13.5179455204293 9.47448142897338 7.83977781608701 7.13980528339744 7.43026519706473 9.0889945065137 9.53807182982564 9.01811272511259 8.64947964949533 9.02600175980479 8.04919582791626 9.0267189447768 8.70613726228476 8.75275428546593 8.9987487308681 8.02983183367178 8.37121188035235 7.87491987971589 8.93850519321859 8.87395854573697 8.61935788067058 8.70542007731274 8.99372843606398 9.78191472031176 9.55600145412609 9.51512191072106 9.88590654125437
-9999 -9999 -9999 -9999 -9999 -9999 -9999 -9999 -9999 16.7307813871918 11.2716734114175 9.36272010416724 7.32770774606615 9.14110994781367 9.30426952894777 9.02456738986075 8.87682728562504 9.04572434653528 9.34706156561151 9.46979582048953 9.69489627704024 8.16301905951696 9.15638598771766 9.77211319236085 9.33104443456978 9.77517318157479 -9999 9.71210871636868 9.13752402295358 9.13178654317744 7.4847712549381 6.54023864679039 8.29901525983587 8.64775840556249 11.886073064302 18.0149995973334 13.6167807205803 7.84408092591912 8.8911709850654 8.74056214094162 8.9428083030507 9.62198247155175 8.77929012943059 9.14362009521574 8.39774772431701 8.62150943558663 8.84311959194019 9.04536575404927 9.13142795069143 9.3092898237519 10.0099795414135 8.74988554557785 9.99707021191716 9.25048065604642 8.69322793278843 9.67146823462099 9.67433697450906 9.31933041336015 10.0730918189511 10.1390728363767 9.80773337930441 10.0006561367773
-9999 -9999 -9999 -9999 -9999 -9999 -9999 -9999 15.54807221524 9.38818017067388 9.49575791647658 9.36630602902733 8.80224004853517 8.83021026244387 9.18234808370471 9.11959439865313 8.86057109292597 9.01643929351121 9.31545761451125 9.00484480313025 9.21648608837277 9.23111666180193 8.07142856204882 9.34192173997872 9.31215856363997 9.29387034685351 9.16119112703018 9.07620470784605 8.57417522743344 8.57991270720959 8.29232153343037 8.10513625573367 7.9946897700429 8.79829553118907 8.79721975373104 8.97687458922155 5.9951780680567 8.9309747510124 7.39010283863172 8.99731436092407 8.77426983462647 9.71521651791409 8.34467603638768 8.54190190369263 8.91627245908603 8.11159092048183 9.24617754621431 9.14505446515977 10.070940264035 9.68150882422924 9.88447217131034 10.2638630215079 10.148396241013 9.66429638490081 9.54739523446187 9.70445874333382 9.6879634889774 9.83857233310118 10.1376384664327 9.88375498633832 10.0996276629157 10.8160954499617
-9999 -9999 -9999 -9999 -9999 -9999 -9999 -9999 9.25263221096247 9.39355905796401 9.38567002327181 9.27701650001109 8.97723318170756 9.0066377655603 9.14828179753385 9.07943204022013 9.29996641911566 8.9124474725686 9.02205724245869 8.98942532623187 8.9388637857046 7.91866816300899 7.42739645717666 7.24164554942399 9.26303139305674 8.40778831392527 8.95858637243509 8.74845117563382 8.10513625573367 9.1741004565265 9.14577165013179 7.05230871681124 7.18498793663457 6.93182164151222 6.843607889954 8.94890437531285 7.13980528339744 8.90336312958971 8.85387736652046 9.0464415315073 9.54380930960178 9.79840997466817 8.69251074781641 8.8911709850654 9.15294349985197 8.64661090960726 9.09915462695062 9.22753073694184 9.28131960984319 9.28203679481521 9.68939785892144 9.61767936171964 9.85148166259751 10.2939847903326 9.90813927538693 9.66071046004072 9.96551407314837 9.87156284181401 9.98487806739286 9.95332192862406 10.1648914953694 10.0788292987272
12.5445112325251 9.40499978978187 -9999 -9999 -9999 -9999 -9999 -9999 13.093483729288 8.33678700169548 9.2497634710744 9.17965864005964 8.89260535500944 9.39965513022617 9.55528426915407 9.03102205460891 8.9057537461631 9.08481092751026 8.88148898794316 9.02420879737474 9.04608293902129 8.04489271808416 7.75012969458476 7.80822167731822 7.68988615693524 8.53975034877658 9.32399211567827 9.09485151711851 8.76494642999023 9.23470258666202 8.55983152799308 7.79029205301777 7.43026519706473 7.49122591968626 7.23160495981574 6.92464979179204 7.33989989059046 7.15343179786578 8.91555527411401 9.21820733230561 9.46958066499792 9.89666431583464 9.2497634710744 9.16370127443224 9.06329537834972 9.29996641911566 9.38602861575782 9.49432354653254 9.58899196283892 9.53807182982564 9.37742239609361 10.3169347094372 9.65855890512466 10.0644855992869 10.5966368485242 10.2939847903326 10.4094515708275 10.1964476341382 10.6303445422091 10.0881527033634 9.97698903270066 9.83355203829706
9.37670521112159 9.42977689905092 8.48022399609908 9.52745749223977 12.7677151332609 -9999 16.1899624452926 8.88471632031724 9.39660709409509 8.64732809457928 9.22502058953978 7.81180760217831 8.31598863750696 8.96719259209931 9.10130618186668 9.12784202583134 8.92093416140415 9.25801109825261 8.97902614413761 9.00914791296236 9.12676624837331 8.11159092048183 8.09222692623734 9.04464856907725 9.62987150624394 8.10011596092954 9.55528426915407 9.53807182982564 9.88124483893625 9.8231528562028 8.49528488051146 9.47460095980205 7.67410808755085 7.89213231904432 7.80033264262602 9.73995939944871 8.02768027875572 7.71570481592789 10.0298216589727 10.1307056783698 9.94112978409976 7.94520400697365 9.32219915324822 9.38172550592571 9.273430575151 9.40467542503029 9.63130587618798 9.72095399769023 9.90168461063877 9.01954709505662 9.90670490544289 10.1362040964887 9.7474898416549 9.93539230432361 10.5952024785802 10.3807641719468 10.150547795929 9.92248297482729 10.8247016696259 10.4123203107156 10.0981932929717 9.5603045639582
8.86086991999764 8.73267310624942 8.73482466116548 8.98081910656765 8.53975034877658 10.4180577904917 9.30447443893978 8.16466260841116 9.26733450288884 8.41137423878536 9.32506789313629 8.10370188578963 8.20339059690014 8.85578985977918 8.72454500989988 8.9510559302289 8.90874201687984 9.07620470784605 8.98058004491031 8.98990344954655 9.40524917300791 9.48155765403062 7.85412151552737 7.83332315133885 9.24617754621431 9.65640735020861 9.68294319417328 9.68581193406135 9.97627184772864 10.0343638304621 8.47520370129496 8.16968290321529 8.05565049266443 8.10155033087358 10.121621335391 10.3986937962472 7.89715261384845 7.94807274686173 9.94435711647384 8.73697621608153 8.73554184613749 8.94998015277088 9.27558213006705 10.1699117901735 9.26984465029091 9.88662372622639 9.82853174349293 9.66573075484484 10.1763664549217 10.5177465016022 10.4101687557995 10.1821039346978 10.151264980901 9.76613665092736 9.95332192862406 10.0938901831396 10.1060823276639 10.4725638483651 9.82351144868881 10.6511429063976 10.5973540334962 9.3810083209537
8.87969602551311 8.83451337227598 9.61104540072847 7.91723379306495 7.90002135373652 7.79029205301777 8.39201024454087 9.15545364725403 8.69251074781641 7.92512282775715 8.35256507107988 8.06138797244057 8.20482496684417 8.78670104080811 9.16872156923637 9.2497634710744 9.6800744542852 9.29028442199342 9.72525710752234 9.55026397434995 9.49934384133667 8.98870814125985 8.31240271264687 8.73841058602557 9.26984465029091 9.67003386467695 9.62628558138385 9.64851831551641 10.0895870733075 8.97723318170756 8.55481123318896 8.5684377476573 10.3068941198289 10.1860484520439 10.3621173626743 10.2631458365358 10.2686442546546 7.99182103015482 8.56987211760134 8.73554184613749 8.91770682903007 9.17159030912444 9.45487837307155 9.79984434461221 9.88877528114244 9.81347085908055 9.96049377834424 10.230872512795 10.3126315996051 10.5062715420499 10.3649861025624 9.93610948929563 10.0644855992869 9.46922207251191 9.7037415583618 9.40969571983442 9.91531112510711 10.1426587612368 10.2667317613959 10.5356761259027 10.3348643337376 9.55384989921004
8.94926296779886 8.95302818890195 8.94388408050872 7.97245703591034 7.98895229026675 9.98451947490685 8.86965543590486 7.57513656141236 8.37981810001656 8.82016967283562 9.58271659433376 9.66573075484484 9.40324105508626 9.80701619433239 9.5961638125591 9.6879634889774 9.68868067394942 9.59472944261506 9.75035858154297 9.25478376587853 8.99014251120389 9.39535202039406 9.21103548258543 9.29638049425557 9.24761191615835 9.33223974285647 9.67505415948108 9.84000670304522 9.70947903813794 9.88769950368442 8.41998045844957 8.75131991552189 10.1283150617965 10.1154057323001 10.0440458275843 10.0046006541234 7.77523116860539 10.2054124462884 8.17470319801942 8.76207769010216 8.97221288690343 9.29781486419961 9.18808556348085 9.45846429793164 9.67075104964897 9.90598772047088 10.108951067552 10.1189916571602 10.2839442007244 9.79482404980808 10.3427533684298 10.3850672817789 10.0630512293428 9.92391734477133 9.82566300360486 9.72453992255032 10.4130374956876 9.94041259912774 9.88518935628235 10.307611304801 9.46205022279173 9.44196904357523
10.2509536920115 10.1064409201499 8.11159092048183 9.15987628791481 10.0809808536433 10.0763191513252 8.6200750656426 7.46971037052572 8.58493300201371 9.2139042224735 9.88393428258132 9.84466840536334 9.97161014541052 9.06508834077977 9.92033141991124 9.4716126890853 9.88518935628235 10.0350810154341 9.65264212910552 8.78000731440261 8.89188817003742 9.33582566771656 9.58325448306277 9.46635333262384 9.48284858698025 9.87945187650621 9.87371439673007 9.90168461063877 9.82135989377275 8.75634021032602 9.85470899497159 9.8751487666741 9.92248297482729 10.0332880530041 10.0114139113575 9.9070634979289 9.94328133901581 9.93288215692155 7.53784294286743 9.03030486963689 9.04966886388138 9.01667835516855 9.30642108386382 9.43049408402294 9.40467542503029 9.42619097419083 10.0343638304621 10.0996276629157 10.1921445243061 10.1283150617965 10.0860011484474 10.2588427267037 10.1849726745859 9.77689442550763 9.5244453153573 9.59042633278295 10.1075166976079 9.89236120600253 10.1706289751455 9.60979032702744 9.36092714173719 9.71378214797005
10.110385437496 9.22430340456776 9.29207738442346 7.95524459658191 10.1534165358171 10.2404827914201 9.79711904171854 9.84753714525141 9.68760489649139 9.40945665817708 9.33582566771656 9.70565405162051 9.6241340264678 9.44985807826743 10.2652973914519 10.0372325703502 9.45009713992476 9.51816994685214 9.59365366515703 9.02385020488873 8.92559586372226 9.17445904901251 9.78980375500396 9.61767936171964 9.59401225764304 9.9188970499672 9.97555466275662 9.97985777258873 9.95332192862406 9.80450604693033 9.80809197179042 9.88088624645025 9.98416088242084 9.92929623206146 9.91244238521904 7.94520400697365 8.1223486950621 9.78370768274181 8.52970975916833 8.7993713086471 8.84383677691221 9.00161747075617 8.87826165556908 8.94854578282684 8.94998015277088 8.85602892143652 10.0142826512456 10.0637684143148 10.1211432120763 10.191427339334 9.86080506723374 10.1290322467685 10.1476790560409 10.1032135877758 9.6162449917756 9.71736807283014 10.1598712005652 10.0013733217493 9.93610948929563 8.29877619817853 8.35973692080006 8.91152110864641
10.2021851139143 9.71019622310996 9.33152255788445 9.78980375500396 10.215333505068 9.51978361303918 9.62377543398179 10.3882228956558 10.1197088421322 10.0802636686713 9.42690815916285 10.3649861025624 9.76380579976831 8.96480197552592 9.66501356987283 9.22920416854322 9.34634438063949 9.85721914237365 9.41113008977845 9.20816674269736 8.69466230273247 9.18378245364875 9.55313271423802 9.86821597861126 9.85076447762549 9.97985777258873 10.0494247148745 9.78621783014387 9.88483076379634 9.74318673182279 8.45512252207845 8.4809411810711 9.83749655564316 9.80271308450028 9.66824090224691 7.09964292496443 8.31240271264687 8.48667866084725 8.65952023910359 8.51536605972797 8.64159061480314 8.93635363830253 8.75131991552189 8.46301155677065 8.31096834270284 8.58134707715362 9.83283485332504 9.99491865700111 9.99993895180523 9.9705343679525 10.0573137495667 10.1340525415726 10.1770836398937 10.0630512293428 9.98057495756075 10.1017792178318 8.94663328956813 17.6799996048212 -9999 -9999 -9999 -9999
10.2363709309138 10.4003672278486 9.67397838202305 9.68509474908933 9.64959409297444 10.3114362913184 10.2966144685633 9.99276710208505 10.0405794335529 9.42941830656491 9.70417186934501 10.1476790560409 8.69000060041435 10.348670144449 10.1699117901735 9.84753714525141 9.40324105508626 9.94973600376397 10.0659199692309 9.10776084661484 9.03102205460891 9.72167118266225 9.59472944261506 9.85058518138248 9.77904598042369 9.64493239065632 9.59472944261506 9.87897375319153 9.81777396891266 9.16513564437628 9.81562241399661 8.29232153343037 9.70445874333382 9.60620440216735 9.42654956667684 7.2301705898717 8.59497359162197 8.58134707715362 8.61720632575452 8.46014281688258 8.7398449559696 9.05970945348963 7.76805931888521 7.8914151340723 7.76303902408108 9.20529800280929 9.43551437882707 9.54022338474169 9.96049377834424 9.97842340264469 10.0996276629157 10.1699117901735 10.1304666167125 9.85004729265347 18.8961648004206 17.8949996000156 -9999 -9999 -9999 -9999 -9999 -9999
10.7902767909691 10.280836399179 10.376700123772 9.6280785438139 10.336537765339 10.3013957017101 10.202663237229 10.2502365070395 10.3348643337376 10.3630736093037 10.0252197220689 10.1024964028038 9.82207707874477 9.71234777802601 9.78358815191314 9.25944546819665 9.33833581511863 9.32972959545441 9.3293710029684 9.33080537291244 9.38315987586975 9.58970914781094 9.6757713444531 9.65425579529256 9.56173893390223 9.54596086451784 9.45989866787568 9.34730062726885 9.29996641911566 16.8199996240437 17.8049996020272 11.7988779232837 17.634999605827 -9999 -9999 17.19999961555 8.61003447603434 8.7477339906618 8.70685444725677 8.46444592671469 8.60573136620224 9.30785545380786 9.47495955228806 8.34611040633172 8.46803185157478 8.53759879386052 9.44519637594931 9.29602190176956 8.83164463238791 10.0451216050424 10.1017792178318 8.59031188930385 8.44257178506814 17.4649996096268 -9999 -9999 -9999 -9999 -9999 -9999 -9999 -9999
10.8447828488424 10.3759829388 10.3305612239055 10.2734254878014 10.3248237441294 10.5048371721059 10.0200201310217 10.0944280718686 10.1767250474077 10.4553514090367 9.96164127429947 10.0467950366437 10.0515762697905 9.9468672638759 9.82422863366082 9.8751487666741 8.99587999098003 9.59257788769901 9.50795006100088 9.49217199161649 9.52372813038528 9.4606158528477 9.66286201495677 9.29422893933952 9.29207738442346 9.22824792191386 9.46205022279173 9.04572434653528 9.87419252004474 -9999 -9999 -9999 -9999 -9999 16.3799996338785 8.42356638330966 8.53975034877658 8.54405345860869 8.80654315836728 8.48237555101514 8.83236181735992 9.3451490723528 6.49003569874913 8.2299264408648 8.10513625573367 8.34467603638768 9.35949277179316 9.08803825988434 8.78897212655284 10.1742149000056 8.57776115229353 8.59533218410797 10.3183690793812 -9999 -9999 -9999 -9999 -9999 -9999 -9999 -9999 -9999
9.94220556155778 10.4600131113548 9.95439770608209 10.2136600734666 10.2813145224936 10.4907325343229 10.0089037639555 10.0989104779437 10.149830610957 10.148396241013 10.0075889248401 10.1476790560409 10.0670674651861 8.19813124043867 9.75035858154297 9.52468437701464 9.62437308812514 9.7037415583618 9.49934384133667 11.7380556047796 9.40467542503029 9.56532485876232 9.57106233853847 9.69083222886547 9.31861322838813 9.28777427459136 9.29494612431154 9.31717885844409 9.3691747689154 15.8149996465072 -9999 -9999 -9999 -9999 -9999 14.3849996784702 8.43217260297388 8.48954740073532 8.55767997307703 8.83594774222001 9.48966184421442 6.67722097644582 9.22394481208175 9.29889064165764 8.34682759130374 8.33033233694732 8.88184758042917 8.88543350528926 9.21533859241754 8.28765983111225 8.97149570193142 8.87216558330692 10.3783735553734 18.1849995935336 -9999 -9999 -9999 -9999 -9999 -9999 -9999 -9999
10.1552094982471 10.0856425559614 10.188917191932 10.24210841069 9.82040364714339 9.95164849702269 10.3193253260106 9.93144778697751 10.2394787324592 10.1307056783698 9.49432354653254 9.30247656651773 9.28382975724526 9.51751252729446 9.56628110539168 10.0841364675201 9.89164402103052 9.65497298026457 9.4806970320642 9.43766593374312 9.60692158713937 9.64923550048843 9.74892421159893 9.70302437338978 9.37885676603764 9.53592027490959 9.24761191615835 9.22035888722166 9.04632200067863 9.18464307561517 18.8584398743697 24.7149994475767 -9999 -9999 -9999 -9999 8.2815637588501 8.47233496140689 8.80224004853517 9.43752249674872 9.3092898237519 8.93420208338648 8.90013579721563 8.51393168978393 9.14792320504785 8.50819421000779 9.04536575404927 9.11206395644695 8.83558914973401 8.80905330576934 9.11313973390497 9.91330300718546 17.7986952690408 9.86999977938831 -9999 -9999 -9999 -9999 -9999 -9999 -9999 -9999
10.2913551121019 10.4381389697082 10.7149723689072 10.6547288312577 10.427381195128 10.4130374956876 10.3241065591574 10.2306334511377 10.2158116283827 10.1653696186841 9.35590684693307 9.87730032159016 9.69226659880951 9.79697560472414 9.38411612249911 9.4566713355016 9.41901912447065 9.46635333262384 9.48284858698025 9.49288917658851 9.53878901479766 9.42619097419083 9.472807997372 9.28992582950741 9.33510848274454 9.41113008977845 9.21318703750148 9.23613695660606 8.25000762008131 8.33033233694732 18.4260351865638 18.7249995814636 -9999 -9999 -9999 -9999 -9999 -9999 -9999 -9999 -9999 -9999 -9999 -9999 -9999 -9999 11.0884464430856 9.7035981213674 8.29877619817853 10.2635044290219 18.4835642564835 -9999 -9999 -9999 -9999 -9999 -9999 -9999 -9999 -9999 -9999 -9999
10.7922490496421 10.8182470048778 10.4854731778614 10.5231253888924 10.4169820130337 10.6163594352547 10.3707235823385 10.0377106936648 10.1544923132751 10.2686442546546 10.0408184952103 9.87323627341539 9.66501356987283 9.62987150624394 9.58397166803479 9.62700276635587 9.56747641367838 9.32363352319226 9.26841028034687 9.20458081783727 9.13214513566345 9.53556168242358 9.42977689905092 10.1715055345558 16.6410717926919 17.0449996190146 8.77905106777325 8.83164463238791 9.25478376587853 7.9946897700429 10.1232947669923 18.4891447657976 18.3786060698996 -9999 -9999 -9999 -9999 -9999 -9999 -9999 -9999 -9999 -9999 -9999 -9999 -9999 -9999 -9999 -9999 -9999 -9999 -9999 -9999 -9999 -9999 -9999 -9999 -9999 -9999 -9999 -9999 -9999
10.8318735193461 10.6077532155905 10.5751212993637 10.6927396347746 10.6988357070368 10.6056016606744 10.708517704159 10.3969008338172 10.4037140910514 10.0781121137552 9.77187413070351 9.62198247155175 9.90813927538693 9.95834222342819 9.72167118266225 9.79625841975212 9.51727346563712 9.62485121143982 9.17517623398453 9.00592058058828 9.17374186404049 9.52372813038528 9.28418834973127 9.61481062183157 9.27486494509503 9.15366068482399 8.81801811791956 9.20529800280929 9.25585954333656 7.6999267465435 8.37264625029638 10.1832992429845 -9999 -9999 -9999 -9999 -9999 -9999 -9999 -9999 -9999 -9999 -9999 -9999 -9999 -9999 -9999 -9999 -9999 -9999 -9999 -9999 -9999 -9999 -9999 -9999 -9999 -9999 -9999 -9999 -9999 -9999
10.7676854643505 10.6515014988836 10.7289574758615 10.7146137764212 10.5525299727451 10.5403378282208 10.4876247327775 10.2211905156728 10.0924558131956 10.029343535658 9.9786026988877 10.1405072063208 10.0522934547625 9.94830163381994 9.2574732095236 9.4649189626798 9.53735464485362 9.51010161591694 9.22394481208175 9.17374186404049 9.46563614765182 9.70445874333382 9.68868067394942 9.78621783014387 9.14362009521574 8.97113710944541 9.10489210672677 9.1299935807474 8.09509566612542 7.96026489138603 9.48170109102503 11.5250327948015 22.6454240656458 -9999 -9999 -9999 -9999 -9999 -9999 -9999 -9999 -9999 -9999 -9999 -9999 -9999 -9999 -9999 -9999 -9999 -9999 -9999 -9999 -9999 -9999 -9999 -9999 -9999 -9999 -9999 -9999 -9999
10.2864543481264 10.6558046087157 10.6070360306185 11.0457380780019 10.1799523797818 10.4428006720264 9.60082551487722 9.08265937259421 10.0530106397346 10.0078279864974 9.90957364533097 10.1699117901735 10.1713461601175 9.65282142534852 9.37598802614957 9.16011534957215 8.79811623494606 9.52659687027335 9.35016936715692 9.52659687027335 9.81060211919248 10.1648914953694 9.39965513022617 9.05110323382542 9.03711812687106 9.03891108930111 8.91860331024509 9.1619800304994 8.55839715804905 9.34744406426325 9.50135195925832 14.4943937344477 13.6217977552715 -9999 -9999 -9999 -9999 -9999 -9999 -9999 -9999 -9999 -9999 -9999 -9999 -9999 -9999 -9999 -9999 -9999 -9999 -9999 -9999 -9999 -9999 -9999 -9999 -9999 -9999 -9999 -9999 -9999
