EcologicalScience/Bass/data/rs_data_bass/sst_29.asc
NCOLS 226 
NROWS 124 
XLLCORNER -9.41648524995501 
YLLCORNER 47.587301625531 
CELLSIZE 0.0833 
NODATA_value -9999 
[rows 0 to 26 of 124, columns 62 to 123 of 226]
-9999 -9999 -9999 -9999 -9999 -9999 -9999 -9999 -9999 -9999 -9999 -9999 -9999 -9999 -9999 -9999 -9999 -9999 -9999 -9999 -9999 -9999 -9999 -9999 -9999 -9999 -9999 -9999 -9999 -9999 -9999 -9999 -9999 -9999 -9999 -9999 -9999 -9999 -9999 -9999 -9999 -9999 -9999 -9999 -9999 -9999 -9999 -9999 -9999 -9999 -9999 -9999 -9999 -9999 -9999 -9999 -9999 -9999 -9999 -9999 -9999 -9999
-9999 -9999 -9999 -9999 -9999 -9999 -9999 -9999 -9999 -9999 -9999 -9999 -9999 -9999 -9999 -9999 -9999 -9999 -9999 -9999 -9999 -9999 -9999 -9999 -9999 -9999 -9999 -9999 -9999 -9999 -9999 -9999 -9999 -9999 -9999 -9999 -9999 -9999 -9999 -9999 -9999 -9999 -9999 -9999 -9999 -9999 -9999 -9999 -9999 -9999 -9999 -9999 -9999 -9999 -9999 -9999 -9999 -9999 -9999 -9999 -9999 -9999
-9999 -9999 -9999 -9999 -9999 -9999 -9999 -9999 -9999 -9999 -9999 -9999 -9999 -9999 -9999 -9999 -9999 -9999 -9999 -9999 -9999 -9999 -9999 -9999 -9999 -9999 -9999 -9999 -9999 -9999 -9999 -9999 -9999 -9999 -9999 -9999 -9999 -9999 -9999 -9999 -9999 -9999 -9999 -9999 -9999 -9999 -9999 -9999 -9999 -9999 -9999 -9999 -9999 -9999 -9999 -9999 -9999 -9999 -9999 -9999 -9999 -9999
-9999 -9999 -9999 -9999 -9999 -9999 -9999 -9999 -9999 -9999 -9999 -9999 -9999 -9999 -9999 -9999 -9999 -9999 -9999 -9999 -9999 -9999 -9999 -9999 -9999 -9999 -9999 -9999 -9999 -9999 -9999 -9999 -9999 -9999 -9999 -9999 -9999 -9999 -9999 -9999 -9999 -9999 -9999 -9999 -9999 -9999 -9999 -9999 -9999 -9999 -9999 -9999 -9999 -9999 -9999 -9999 -9999 -9999 -9999 -9999 -9999 -9999
-9999 -9999 -9999 -9999 -9999 -9999 -9999 -9999 -9999 -9999 -9999 -9999 -9999 -9999 -9999 -9999 -9999 -9999 -9999 -9999 -9999 -9999 -9999 -9999 -9999 -9999 -9999 -9999 -9999 -9999 -9999 -9999 -9999 -9999 -9999 -9999 -9999 -9999 -9999 -9999 -9999 -9999 -9999 -9999 -9999 -9999 -9999 -9999 -9999 -9999 -9999 -9999 -9999 -9999 -9999 -9999 -9999 -9999 -9999 -9999 -9999 -9999
-9999 -9999 -9999 -9999 -9999 -9999 -9999 -9999 -9999 -9999 -9999 -9999 -9999 -9999 -9999 -9999 -9999 -9999 -9999 -9999 -9999 -9999 -9999 -9999 -9999 -9999 -9999 -9999 11.7199997380376 13.2216663711394 14.5949996737763 14.8799996674061 15.1849996605888 15.2449996592477 15.1449996614829 15.1149996621534 15.2049996601418 15.2649996588007 15.2499996591359 15.2249996596947 15.3699996564537 15.3849996561185 15.3849996561185 15.5499996524304 15.5599996522069 15.519999653101 15.6199996508658 15.6999996490777 15.8449996458367 15.8899996448308 16.0349996415898 16.1049996400252 16.1499996390194 16.1949996380135 16.1499996390194 16.1749996384606 16.1649996386841 16.1599996387959 16.1499996390194 16.1349996393546 16.0749996406958 15.7224996485747
-9999 -9999 -9999 -9999 -9999 -9999 -9999 -9999 -9999 -9999 -9999 -9999 -9999 -9999 -9999 -9999 -9999 -9999 -9999 -9999 -9999 -9999 -9999 -9999 -9999 -9999 -9999 11.6899997387081 13.4033330337455 13.489999698475 13.904999689199 14.1199996843934 14.5349996751174 14.5499996747822 14.8399996683002 14.7049996713176 14.4699996765703 14.0383330195521 14.1216663510228 15.5499996524304 15.4949996536598 15.7299996484071 15.7499996479601 15.7449996480718 15.7349996482953 15.7449996480718 15.8349996460602 15.934999643825 16.079999640584 16.3299996349961 16.4249996328726 16.4199996329844 16.3349996348843 16.389999633655 16.3849996337667 16.3599996343255 16.3249996351078 16.2349996371195 16.2699996363372 16.369999634102 16.7549996254966 17.1249996172264
-9999 -9999 -9999 -9999 -9999 -9999 -9999 -9999 -9999 -9999 -9999 -9999 -9999 -9999 -9999 -9999 -9999 -9999 -9999 -9999 -9999 -9999 -9999 -9999 -9999 -9999 13.5683330300575 12.8299997132272 13.034999708645 13.4849996985868 13.6799996942282 13.7249996932223 14.0449996860698 14.0649996856228 13.7949996916577 13.7649996923283 13.9499996881932 14.1199996843934 14.0349996862933 14.4399996772408 15.4549996545538 15.8299996461719 15.9749996429309 15.9799996428192 16.0649996409193 16.1099996399134 16.0499996412545 16.059999641031 16.1999996379018 16.4299996327609 16.5099996309727 16.349999634549 16.4599996320903 16.4249996328726 16.4399996325374 16.4049996333197 16.3799996338785 16.3549996344373 16.2399996370077 16.1149996398017 16.1549996389076 16.2749996362254
-9999 -9999 -9999 -9999 -9999 -9999 -9999 -9999 -9999 -9999 -9999 -9999 -9999 -9999 -9999 -9999 -9999 -9999 -9999 -9999 -9999 -9999 -9999 -9999 -9999 -9999 12.4099997226149 12.6649997169152 13.6749996943399 13.7149996934459 13.489999698475 13.4949996983632 13.799999691546 13.8049996914342 13.7349996929988 14.4699996765703 14.7849996695295 14.2249996820465 14.4149996777996 14.4299996774644 15.1399996615946 15.8599996455014 15.8749996451661 15.9899996425956 16.0899996403605 16.1299996394664 16.1749996384606 16.2299996372312 16.2599996365607 16.3049996355549 16.3549996344373 16.1949996380135 16.2949996357784 15.7599996477365 15.5449996525422 16.4299996327609 16.4399996325374 16.4099996332079 16.4349996326491 16.5249996306375 16.5249996306375 16.5649996297434
-9999 -9999 -9999 -9999 -9999 -9999 -9999 -9999 -9999 -9999 -9999 -9999 -9999 -9999 -9999 -9999 -9999 -9999 -9999 -9999 -9999 -9999 -9999 -9999 -9999 11.1811699628473 12.4849997209385 12.5349997198209 13.034999708645 13.7299996931106 13.7449996927753 13.7099996935576 13.7949996916577 14.049999685958 13.9924996872433 13.9299996886402 13.9849996874109 14.649999672547 15.3299996573478 15.1799996607006 15.1649996610358 15.7099996488541 15.9099996443838 16.0249996418133 16.1199996396899 16.1849996382371 16.1899996381253 16.2649996364489 16.2849996360019 16.3149996353313 16.3449996346608 16.3999996334314 16.4349996326491 16.4199996329844 16.5599996298552 16.7399996258318 16.7199996262789 16.7049996266142 16.7549996254966 16.7049996266142 16.7549996254966 16.8699996229261
-9999 -9999 -9999 -9999 -9999 -9999 -9999 -9999 -9999 -9999 -9999 -9999 -9999 -9999 -9999 -9999 -9999 -9999 -9999 -9999 -9999 -9999 -9999 -9999 10.3362497689668 13.1749997055158 12.7949997140095 12.6899997163564 12.5999997183681 13.2549997037277 13.2949997028336 13.6499996948987 13.8899996895343 14.2949996804819 15.5849996516481 15.4899996537715 15.3499996569008 15.3949996558949 15.5849996516481 15.7199996486306 15.7849996471778 15.7399996481836 16.0249996418133 15.8649996453896 15.9449996436015 16.0199996419251 16.1399996392429 16.1599996387959 16.059999641031 16.244999636896 16.3299996349961 16.3399996347725 16.3599996343255 16.5499996300787 16.6249996284023 16.7499996256083 16.7049996266142 16.7499996256083 16.784999624826 16.7099996265024 16.7399996258318 16.7999996244907
-9999 -9999 -9999 -9999 -9999 -9999 -9999 -9999 -9999 -9999 -9999 -9999 -9999 -9999 -9999 -9999 -9999 -9999 -9999 -9999 -9999 -9999 -9999 -9999 14.2583330146347 12.7699997145683 12.7699997145683 13.074999707751 13.9899996872991 14.359999679029 14.3199996799231 13.4574996992014 14.7999996691942 15.3799996562302 15.5799996517599 15.6299996506423 15.5449996525422 15.4249996552244 15.4049996556714 15.4299996551126 15.5399996526539 15.7149996487424 15.8549996456131 15.9449996436015 15.5999996513128 16.0499996412545 15.9249996440485 15.9849996427074 16.0849996404722 16.1449996391311 16.3949996335432 16.4849996315315 16.4849996315315 16.5299996305257 16.5599996298552 16.6199996285141 16.6699996273965 16.7299996260554 16.7449996257201 16.7399996258318 16.8499996233732 16.9349996214733
-9999 -9999 -9999 -9999 -9999 -9999 -9999 -9999 -9999 -9999 -9999 -9999 -9999 -9999 -9999 -9999 -9999 -9999 -9999 -9999 -9999 -9999 -9999 10.4883330989008 13.4824996986426 14.1349996840581 14.1799996830523 14.4699996765703 14.6549996724352 14.5799996741116 14.8549996679649 15.1049996623769 15.6149996509776 15.7949996469542 15.7399996481836 15.6999996490777 15.6699996497482 15.5399996526539 15.5099996533245 15.5299996528774 15.5349996527657 15.5699996519834 15.809999646619 16.0499996412545 16.1449996391311 16.1999996379018 16.0749996406958 16.0949996402487 16.3449996346608 16.4599996320903 16.5299996305257 16.5749996295199 16.6449996279553 16.6849996270612 16.6649996275082 16.6649996275082 16.6949996268377 16.764999625273 16.8499996233732 16.7899996247143 16.784999624826 16.6699996273965
-9999 -9999 -9999 -9999 -9999 -9999 -9999 -9999 -9999 -9999 -9999 -9999 -9999 -9999 -9999 -9999 -9999 -9999 -9999 -9999 -9999 -9999 13.9011108003971 14.069999685511 12.8099997136742 12.8249997133389 13.4549996992573 14.0299996864051 13.9499996881932 14.8799996674061 15.354999656789 15.7249996485189 16.0249996418133 15.9449996436015 15.8699996452779 15.8899996448308 15.9249996440485 15.8699996452779 15.7999996468425 15.8549996456131 15.9949996424839 16.099999640137 16.1699996385723 16.2199996374547 16.244999636896 16.2599996365607 16.2549996366724 16.3149996353313 16.4199996329844 16.514999630861 16.4449996324256 15.9649996431544 16.5849996292964 16.6549996277317 16.6949996268377 16.804999624379 16.7949996246025 16.784999624826 16.8499996233732 16.9399996213615 17.0599996186793 17.0599996186793
-9999 -9999 -9999 -9999 -9999 -9999 -9999 -9999 -9999 -9999 -9999 -9999 -9999 -9999 -9999 -9999 -9999 -9999 -9999 -9999 -9999 15.2199996598065 15.189999660477 15.2349996594712 15.044999663718 15.5049996534362 14.9499996658415 15.1149996621534 15.3049996579066 15.4749996541068 15.3949996558949 15.3799996562302 15.0949996626005 15.5449996525422 15.8999996446073 16.0199996419251 16.1199996396899 16.1749996384606 16.1399996392429 16.2149996375665 16.2749996362254 16.2899996358901 16.2349996371195 16.2499996367842 16.3449996346608 16.4199996329844 16.5099996309727 16.6249996284023 16.6549996277317 16.6249996284023 16.5449996301904 16.5549996299669 16.6199996285141 16.6849996270612 16.784999624826 16.8549996232614 16.8799996227026 16.909999622032 16.9449996212497 16.9449996212497 16.8699996229261 16.8949996223673
-9999 -9999 -9999 -9999 -9999 -9999 -9999 -9999 -9999 -9999 -9999 -9999 -9999 -9999 -9999 -9999 -9999 -9999 -9999 -9999 14.4874996761791 15.3249996574596 15.3899996560067 15.4299996551126 15.2849996583536 15.2999996580184 15.66499964986 15.8349996460602 15.5149996532127 14.7299996707588 14.7249996708706 14.5999996736646 15.5949996514246 15.8249996462837 16.0149996420369 16.059999641031 16.1199996396899 16.2699996363372 16.3649996342137 16.4099996332079 16.4049996333197 16.3749996339902 16.3549996344373 16.3599996343255 16.3649996342137 16.494999631308 16.5949996290728 16.6499996278435 16.6649996275082 16.6949996268377 16.7949996246025 16.7999996244907 16.8199996240437 16.8299996238202 16.8549996232614 16.9749996205792 17.0399996191263 17.0599996186793 17.0399996191263 17.0649996185675 16.9949996201321 16.9949996201321
-9999 -9999 -9999 -9999 -9999 -9999 -9999 -9999 -9999 -9999 -9999 -9999 -9999 -9999 -9999 -9999 -9999 -9999 -9999 14.7616663367177 15.4749996541068 15.6199996508658 15.4549996545538 15.4399996548891 15.624999650754 15.624999650754 15.5899996515363 15.2949996581301 15.3149996576831 14.8299996685237 14.8149996688589 14.5899996738881 14.794999669306 15.8649996453896 16.2599996365607 15.9249996440485 16.0749996406958 16.1349996393546 16.244999636896 16.3249996351078 16.4599996320903 16.4299996327609 16.3949996335432 16.3649996342137 16.369999634102 16.5299996305257 16.6249996284023 16.6199996285141 16.6149996286258 16.639999628067 16.7099996265024 16.7749996250495 16.8549996232614 16.9149996219203 16.929999621585 16.9949996201321 16.9899996202439 16.9849996203557 17.0399996191263 17.1149996174499 17.1899996157736 17.219999615103
-9999 -9999 -9999 -9999 -9999 -9999 -9999 -9999 -9999 -9999 -9999 -9999 -9999 -9999 -9999 -9999 -9999 16.0299996417016 16.0299996417016 15.8399996459484 15.7099996488541 15.3249996574596 15.354999656789 15.3449996570125 15.4649996543303 15.5099996533245 15.5749996518716 15.5349996527657 15.5099996533245 15.3899996560067 14.899999666959 14.6199996732175 14.7349996706471 14.9949996648356 15.5449996525422 15.6799996495247 15.8299996461719 16.0049996422604 16.2499996367842 16.4349996326491 16.4549996322021 16.4399996325374 16.4099996332079 16.4399996325374 16.4649996319786 16.4399996325374 16.4749996317551 16.5249996306375 16.5099996309727 16.5099996309727 16.5899996291846 16.7599996253848 16.8649996230379 16.8399996235967 16.9449996212497 17.0599996186793 17.0699996184558 17.0799996182323 17.1349996170029 17.1799996159971 17.1949996156618 17.239999614656
-9999 -9999 -9999 -9999 -9999 -9999 -9999 -9999 -9999 -9999 -9999 -9999 -9999 -9999 -9999 -9999 -9999 15.4783329873656 16.0849996404722 16.1349996393546 15.644999650307 15.5699996519834 15.5149996532127 15.8049996467307 15.9849996427074 15.8999996446073 15.9599996432662 15.8899996448308 15.7099996488541 15.5599996522069 15.7349996482953 15.084999662824 14.7249996708706 15.5799996517599 15.8049996467307 15.9249996440485 16.0049996422604 16.2199996374547 16.4199996329844 16.5099996309727 16.4799996316433 16.5699996296316 16.6149996286258 16.6849996270612 16.7199996262789 16.5749996295199 16.5749996295199 16.5999996289611 16.5649996297434 16.3599996343255 16.6249996284023 16.7499996256083 16.804999624379 16.8549996232614 16.9549996210262 17.0249996194616 17.0599996186793 17.1099996175617 17.1349996170029 17.2549996143207 17.2949996134266 17.3249996127561
-9999 -9999 -9999 -9999 -9999 -9999 -9999 -9999 -9999 -9999 -9999 -9999 -9999 -9999 -9999 -9999 -9999 -9999 13.1599997058511 15.1083329956358 15.914999644272 15.8249996462837 15.5649996520951 16.5099996309727 16.1049996400252 16.2899996358901 16.4599996320903 16.1349996393546 15.789999647066 15.7849996471778 15.7999996468425 15.7399996481836 15.7449996480718 15.7599996477365 15.9099996443838 15.8849996449426 15.934999643825 16.6749996272847 16.7599996253848 16.7449996257201 16.6449996279553 16.9349996214733 16.7499996256083 16.9699996206909 16.9549996210262 16.8749996228144 16.6449996279553 16.5099996309727 16.6649996275082 16.7149996263906 16.7949996246025 16.7899996247143 16.8649996230379 16.9549996210262 17.0099996197969 17.0099996197969 17.0399996191263 17.0699996184558 17.1599996164441 17.2249996149912 17.2949996134266 17.2799996137619
-9999 -9999 -9999 -9999 -9999 -9999 -9999 -9999 -9999 -9999 -9999 -9999 -9999 -9999 10.6249997625127 15.3568178385665 15.3295829906904 15.0499996636063 15.2449996592477 15.9399996437132 16.1499996390194 16.0749996406958 16.3399996347725 16.3199996352196 15.6549996500835 15.8449996458367 15.9499996434897 16.3549996344373 15.9599996432662 16.1049996400252 16.1899996381253 16.0449996413663 15.9649996431544 16.0849996404722 16.099999640137 16.0399996414781 16.0249996418133 16.5899996291846 16.7199996262789 16.7249996261671 16.65999962762 17.0849996181205 17.0649996185675 15.9399996437132 16.4999996311963 16.9849996203557 16.949999621138 16.8649996230379 16.8549996232614 16.8599996231496 16.8649996230379 16.9699996206909 17.0699996184558 17.1349996170029 17.1549996165559 17.1349996170029 17.0899996180087 17.0999996177852 17.1149996174499 17.1749996161088 17.2849996136501 17.3299996126443
-9999 -9999 -9999 -9999 -9999 -9999 -9999 -9999 -9999 -9999 -9999 -9999 -9999 16.4099996332079 16.5799996294081 16.949999621138 17.0099996197969 16.9899996202439 16.3349996348843 15.6849996494129 16.1899996381253 16.6149996286258 16.5549996299669 16.5249996306375 16.5049996310845 15.354999656789 15.8749996451661 15.8799996450543 15.9999996423721 16.1099996399134 15.9849996427074 16.0199996419251 16.1799996383488 16.1649996386841 16.1649996386841 16.0749996406958 16.1449996391311 16.3399996347725 16.369999634102 16.5249996306375 16.5549996299669 16.65999962762 16.514999630861 16.9899996202439 15.8349996460602 15.8449996458367 16.3099996354431 16.9449996212497 16.9849996203557 17.0649996185675 17.1249996172264 17.1649996163324 17.2099996153265 17.2349996147677 17.2349996147677 17.1899996157736 17.1699996162206 17.1499996166676 17.1499996166676 17.1349996170029 17.2649996140972 17.3749996116385
-9999 -9999 -9999 -9999 -9999 -9999 -9999 -9999 -9999 -9999 12.369999723509 12.204999727197 15.9649996431544 16.0749996406958 16.6249996284023 17.2899996135384 16.8749996228144 15.5574996522628 15.1999996602535 15.5649996520951 15.4449996547773 15.3299996573478 15.1999996602535 15.4349996550009 15.8299996461719 15.624999650754 15.6999996490777 15.7599996477365 15.914999644272 16.0149996420369 15.9599996432662 16.0049996422604 16.0499996412545 16.1999996379018 16.2849996360019 16.2599996365607 16.2999996356666 16.3799996338785 16.4199996329844 16.514999630861 16.7399996258318 16.8549996232614 17.0449996190146 17.0249996194616 17.1399996168911 16.7499996256083 16.4699996318668 16.7749996250495 17.1299996171147 17.2099996153265 17.219999615103 17.2599996142089 17.2949996134266 17.3499996121973 17.2949996134266 17.2349996147677 17.1849996158853 17.1949996156618 17.3099996130913 17.3999996110797 17.4099996108562 17.3899996113032
-9999 -9999 -9999 -9999 -9999 -9999 -9999 -9999 -9999 -9999 12.7599997147918 12.8799997121096 12.369999723509 15.3599996566772 15.4549996545538 15.5224996530451 15.553999652341 -9999 -9999 9.22999979369342 9.17499979492277 15.624999650754 15.2649996588007 15.3999996557832 15.1249996619299 15.5899996515363 15.5749996518716 15.5299996528774 15.354999656789 15.5349996527657 15.9099996443838 15.934999643825 15.8999996446073 16.0399996414781 16.0949996402487 15.9899996425956 16.1299996394664 16.3799996338785 16.5599996298552 16.7549996254966 16.8949996223673 16.949999621138 17.0049996199086 16.8749996228144 16.8649996230379 16.8799996227026 16.909999622032 16.9749996205792 17.0849996181205 17.2099996153265 17.2849996136501 17.3549996120855 17.3899996113032 17.3949996111915 17.4399996101856 17.4549996098503 17.4199996106327 17.4249996105209 17.4499996099621 17.5349996080622 17.5399996079504 17.5249996082857
-9999 -9999 -9999 -9999 -9999 -9999 -9999 -9999 -9999 -9999 -9999 -9999 -9999 -9999 -9999 -9999 -9999 -9999 -9999 -9999 -9999 -9999 -9999 -9999 12.8999997116625 15.0124996644445 15.8899996448308 15.5349996527657 15.5999996513128 15.6299996506423 15.4599996544421 15.4599996544421 15.3299996573478 15.4249996552244 15.4649996543303 15.7499996479601 16.0399996414781 16.2999996356666 16.6349996281788 16.8149996241555 16.929999621585 16.9799996204674 16.9999996200204 17.0099996197969 17.0849996181205 17.1949996156618 17.2499996144325 17.2149996152148 17.2299996148795 17.2649996140972 17.3499996121973 17.3899996113032 17.4249996105209 17.5549996076152 17.5549996076152 17.5349996080622 17.5549996076152 17.5399996079504 17.6849996047094 17.674999604933 17.6849996047094 17.6799996048212
-9999 -9999 -9999 -9999 -9999 -9999 -9999 -9999 -9999 -9999 -9999 -9999 -9999 -9999 -9999 -9999 -9999 -9999 -9999 -9999 -9999 -9999 -9999 -9999 -9999 10.6396679468453 15.1866663272182 14.0749996853992 14.089999685064 14.7299996707588 15.3849996561185 15.644999650307 15.5399996526539 15.2549996590242 15.1449996614829 14.9849996650591 15.3649996565655 16.0849996404722 16.5049996310845 16.8849996225908 16.949999621138 16.909999622032 16.929999621585 17.074999618344 17.2299996148795 17.2649996140972 17.344999612309 17.3749996116385 17.3399996124208 17.3599996119738 17.3699996117502 17.4999996088445 17.5849996069446 17.674999604933 17.6199996061623 17.6199996061623 17.6999996043742 17.7599996030331 17.7949996022508 17.799999602139 17.8049996020272 17.8249996015802
-9999 -9999 -9999 -9999 -9999 -9999 -9999 -9999 -9999 -9999 -9999 -9999 -9999 -9999 -9999 -9999 -9999 -9999 -9999 -9999 -9999 -9999 -9999 -9999 -9999 -9999 -9999 15.0737496630754 14.5099996756762 14.5449996748939 14.8599996678531 14.8599996678531 15.3649996565655 15.1249996619299 15.20999966003 14.8799996674061 14.939999666065 15.8249996462837 16.6799996271729 16.9149996219203 16.8649996230379 16.9049996221438 16.9549996210262 17.0649996185675 17.1949996156618 17.3299996126443 17.364999611862 17.4849996091798 17.4249996105209 17.4999996088445 17.5899996068329 17.5799996070564 17.6049996064976 17.6049996064976 17.6699996050447 17.7699996028095 17.8149996018037 17.8649996006861 17.8749996004626 17.8299996014684 17.8499996010214 17.7849996024743
