EcologicalScience/Bass/data/rs_data_bass/sst_214.asc
NCOLS 226 
NROWS 124 
XLLCORNER -9.41648524995501 
YLLCORNER 47.587301625531 
CELLSIZE 0.0833 
NODATA_value -9999 
[rows 27 to 53 of 124, columns 62 to 123 of 226]
-9999 -9999 -9999 -9999 -9999 -9999 -9999 -9999 -9999 -9999 -9999 -9999 -9999 -9999 -9999 -9999 -9999 -9999 -9999 -9999 -9999 -9999 -9999 -9999 -9999 -9999 -9999 -9999 12.5299997199327 8.86940095091479 13.8454847717658 13.9717093268409 13.9559312574565 14.0381684675813 13.7579882051796 14.0857417373918 13.9659718470648 14.9678792529739 15.1651051202789 15.1536301607266 15.2303689527325 15.3028046349064 15.3257545540109 15.2805719007738 15.3006530799903 14.7032379982993 14.7111270329915 15.1364177213982 15.2934812302701 15.0984069178812 14.8667561719194 15.9819788034074 16.2358622835018 15.5710318144411 15.6255378723145 16.5951719544828 16.6367686828598 16.5119784977287 16.4395428155549 15.9568773293868 16.5901516596787 16.6095156539232
-9999 -9999 -9999 -9999 -9999 -9999 -9999 -9999 -9999 -9999 -9999 -9999 -9999 -9999 -9999 -9999 -9999 -9999 -9999 -9999 -9999 -9999 -9999 -9999 -9999 -9999 -9999 -9999 -9999 -9999 9.78499978128821 12.8957724943757 13.5162968696095 13.8465605492238 13.8107013006229 14.1151463212445 14.9549699234776 14.4823450269178 14.9384746691212 14.8402203279547 15.1902065942995 15.208853403572 15.2569047966972 15.2346720625646 15.2791375308298 15.2368236174807 15.1880550393835 14.9026154205203 15.1177709121257 15.1457411260344 15.1529129757546 15.0976897329092 15.2461470221169 15.4634540686384 15.4161198604852 16.1311532775871 16.3706930582412 16.3212072951719 16.2588122026064 16.3986632721499 16.1368907573633 16.2480544280261
-9999 -9999 -9999 -9999 -9999 -9999 -9999 -9999 -9999 -9999 -9999 -9999 -9999 -9999 -9999 -9999 -9999 -9999 -9999 -9999 -9999 -9999 -9999 -9999 -9999 -9999 -9999 -9999 -9999 -9999 -9999 10.3449997687712 12.5145687599434 13.7441823944682 13.8528000584804 13.7937040167861 13.6303292801604 14.732642582152 14.1782585987821 14.9011810505763 14.5468916743994 14.6831568190828 14.214835032355 14.6021149172448 14.7025208133273 14.731208212208 14.7857142700814 15.2067018486559 15.1521957907826 15.010910351295 15.0381633802317 15.1550645306706 15.328623293899 15.4720602883026 15.4770805831067 16.1218298729509 15.7424390227534 16.5707876654342 16.2552262777463 15.9712210288271 16.2702871621586 16.3319650697522
-9999 -9999 -9999 -9999 -9999 -9999 -9999 -9999 -9999 -9999 -9999 -9999 -9999 -9999 -9999 -9999 -9999 -9999 -9999 -9999 -9999 -9999 -9999 -9999 -9999 -9999 -9999 -9999 -9999 -9999 -9999 10.3696047737822 13.3802110211691 13.2373119154945 13.3398693664931 13.2889492334798 13.3147678924724 13.6303292801604 13.7249976964667 14.3367564775981 14.7950376747176 14.1667836392298 14.7491378365085 14.5598010038957 14.5669728536159 14.6401257207617 14.611438321881 14.8610186921433 14.8050782643259 14.7685018307529 15.1722769699991 15.4060792708769 15.5444959704764 15.5925473636016 15.3824121668003 16.0895565492101 16.1361735723913 15.9138462310657 15.5839411439374 16.2982573760673 15.8335215141997 15.7768639014103
-9999 -9999 -9999 -9999 -9999 -9999 -9999 -9999 -9999 -9999 -9999 -9999 -9999 -9999 -9999 -9999 -9999 -9999 -9999 -9999 -9999 -9999 -9999 -9999 -9999 -9999 -9999 -9999 -9999 -9999 -9999 9.09499979671091 13.0905280578882 14.1847132635303 14.1201666160487 13.8415402544197 13.7052751097362 13.8313801339827 14.7175816977397 14.4672841425054 14.7584612411447 14.2026428878307 14.1875820034184 15.010193166323 14.9549699234776 14.8567155823112 15.1227912069298 14.8703420967795 15.2655110163614 14.9513839986175 15.1270943167619 15.3200170742348 15.2167424382642 15.4598681437783 15.608325432986 15.5516678201966 15.5552537450567 15.3522903979756 15.3264717389829 15.4914242825471 15.6520737162791 15.5631427797489
-9999 -9999 -9999 -9999 -9999 -9999 -9999 -9999 -9999 -9999 -9999 -9999 -9999 -9999 -9999 -9999 -9999 -9999 -9999 -9999 -9999 -9999 -9999 -9999 -9999 -9999 -9999 -9999 -9999 -9999 -9999 -9999 13.1963299170935 13.0752281118184 13.4252143781632 13.9134380478645 13.6699178906158 13.826598900836 14.2026428878307 14.3188268532977 14.3919797204435 14.2793816798367 14.1359446854331 14.3195440382697 14.3008972289972 14.5067293159664 14.7541581313126 15.3630481725559 15.3164311493747 15.1945097041316 15.1729941549711 15.2368236174807 14.97003080789 15.0403149351478 15.1830347445793 15.9999084277079 15.5466475253925 15.4792321380228 16.2121951794252 16.0744956647977 16.0809503295459 16.2903683413751
-9999 -9999 -9999 -9999 -9999 -9999 -9999 -9999 -9999 -9999 -9999 -9999 -9999 -9999 -9999 -9999 -9999 -9999 -9999 -9999 -9999 -9999 -9999 -9999 -9999 -9999 -9999 -9999 -9999 -9999 -9999 -9999 10.3789127492466 14.2636036104523 13.574030259857 13.733962508617 14.2168431502767 14.5447401194833 14.4658497725613 14.0324309878051 14.2901394544169 14.8065126342699 14.6853083739989 15.2396923573688 14.214835032355 14.810815744102 14.9614245882258 15.3859980916604 15.3343607736751 15.2138736983761 15.0568101895042 15.0073244264349 15.2009643688798 14.9585558483377 15.1199224670418 15.010193166323 16.4897457635961 16.5442518214695 16.0945768440142 16.3979460871778 16.5342112318613 16.2394482083619
-9999 -9999 -9999 -9999 -9999 -9999 -9999 -9999 -9999 -9999 -9999 -9999 -9999 -9999 -9999 -9999 -9999 -9999 -9999 -9999 -9999 -9999 -9999 -9999 -9999 -9999 -9999 -9999 -9999 -9999 -9999 -9999 -9999 8.55273787849309 14.772804940585 14.7240363624878 13.6198583795689 13.9623859222047 14.4014465620741 14.1816054619849 14.4101484064013 14.5999633623287 14.732642582152 14.7763908654451 14.731208212208 14.6394085357897 14.8065126342699 14.8086641891859 15.8787041674368 15.4806665079668 15.4103823807091 15.2712484961376 15.5021820571274 16.4718161392957 16.0350504913367 16.3699758732691 15.8765526125208 15.6628314908594 16.1225470579229 15.9604632542469 15.9145634160377 15.9554429594427
-9999 -9999 -9999 -9999 -9999 -9999 -9999 12.6743448474595 12.6491814716845 16.6311746400781 15.9820505219046 8.61938637395184 19.2673492976734 8.37298894666242 8.41999981179833 -9999 -9999 -9999 -9999 -9999 -9999 -9999 -9999 -9999 -9999 -9999 -9999 -9999 -9999 -9999 -9999 -9999 -9999 6.39499985706061 14.812250114046 14.9148075650446 14.8086641891859 14.811532929074 14.8947263858281 14.6793318325654 14.6166976783425 14.7046723682433 14.7175816977397 14.2377849514596 14.213400662411 14.8251594435424 15.3071077447385 15.0761741837487 15.526566346176 15.2805719007738 15.2447126521729 15.6563768261112 15.727378138341 15.8536026934162 15.646336236503 16.6087984689511 16.4983519832604 15.608325432986 15.7775810863823 16.1454969770275 16.1605578614399 16.086687809322
-9999 -9999 -9999 -9999 7.92373640668165 11.7698797442485 8.53370104944738 16.5611773868091 16.6260109082796 16.6554154921323 15.0980881690048 8.41367378425119 5.9699998665601 -9999 -9999 -9999 -9999 -9999 -9999 -9999 -9999 -9999 -9999 -9999 -9999 -9999 -9999 -9999 -9999 -9999 -9999 -9999 -9999 -9999 14.8452406227589 15.0073244264349 13.9247337111738 14.0832315899897 14.6200445415452 14.6339101176709 15.0051728715189 15.1254208851606 14.3496658070944 15.3099764846265 15.2447126521729 15.4347666697577 15.5531021901406 15.6420331266709 15.9375133351423 15.7883388609625 16.0142521271482 15.7202062886208 16.0601519653574 16.4323709658347 15.9303414854221 16.3161870003678 16.2294076187536 15.3816949818283 15.4110995656811 15.8442792887799 15.7790154563263 15.7947935257107
15.8166676673573 16.0332575289067 15.8640735940076 15.8234809245914 15.9913022080436 15.9749503906816 15.9195837108418 16.1711721990258 16.3896267415024 6.2801840401926 7.12499984074384 -9999 -9999 -9999 -9999 -9999 -9999 -9999 -9999 -9999 -9999 -9999 -9999 -9999 -9999 -9999 -9999 -9999 -9999 -9999 -9999 -9999 -9999 -9999 10.7099997606128 13.6912900027819 13.7128055519424 14.6755068460479 14.9697917462327 14.8641264936887 14.9097872702405 14.7627643509768 15.28989530541 15.5215460513718 15.5351725658402 15.2353892475367 15.7173375487328 15.6535080862232 15.9547257744707 15.8579058032483 16.1110720983706 15.808420040179 16.2645496823825 16.4338053357787 16.0020599826239 16.5442518214695 16.2193670291454 16.1476485319436 15.7775810863823 15.329340478871 15.3781090569682 16.2946714512073
12.540208122693 15.8292184043676 15.7488936875015 15.9450437773485 15.7245093984529 16.5048066480085 16.1196783180349 16.4122897866182 16.3408581634052 15.7799996472895 -9999 -9999 -9999 -9999 -9999 -9999 -9999 -9999 -9999 -9999 -9999 -9999 -9999 -9999 -9999 -9999 -9999 -9999 -9999 -9999 -9999 -9999 -9999 -9999 -9999 13.765231773397 14.1796929687262 14.4629810326733 14.9071575920098 14.7670674608089 14.8796655014157 14.6591311225202 14.915046626702 14.8775139464997 14.8538468424231 14.9047669754364 15.6248206873424 15.5064851669595 15.7983794505708 15.8155918898992 15.6635486758314 15.7209234735928 15.6750236353837 15.6807611151598 16.4008148270659 15.3651997274719 16.3097323356196 16.0529801156372 15.9791100635193 15.9748069536872 14.969313622918 15.4598681437783
15.4387111871038 15.5459303404205 16.1526688267477 16.2996917460114 16.3807336478494 16.4330881508067 16.524887827225 16.6389202377759 7.86559240002037 -9999 -9999 -9999 -9999 -9999 -9999 -9999 -9999 -9999 -9999 -9999 -9999 -9999 -9999 -9999 -9999 -9999 -9999 -9999 -9999 -9999 -9999 -9999 -9999 -9999 -9999 -9999 14.922409725748 14.4699138207361 14.7269051023759 14.5404370096512 14.6964247410651 14.6713232670445 14.73192539718 14.9262825245969 15.2619250915013 15.3530075829476 15.4866908617318 15.3429669933394 15.6556596411392 15.9755241386592 15.9611804392189 15.6334269070067 15.9360789651982 15.487121172715 15.5036164270714 15.6628314908594 15.7130344389006 15.7926419707946 15.6535080862232 16.0551316705532 15.9948881329037 15.688650149852
15.1984542214777 16.2523575378582 16.2645496823825 15.7402874678373 16.1290017226711 16.2595293875784 16.4237647461705 16.5872829197906 12.7897884929553 -9999 -9999 -9999 -9999 -9999 -9999 -9999 -9999 -9999 -9999 -9999 -9999 -9999 -9999 -9999 -9999 -9999 -9999 -9999 -9999 -9999 -9999 -9999 -9999 -9999 -9999 -9999 -9999 -9999 -9999 -9999 11.8210551951118 13.6502055493849 14.5866954403464 14.2411318146624 14.2504552192986 15.2401704806834 14.9427777789533 15.8143965816125 15.4799493229948 15.0937452155631 16.484725468792 16.1290017226711 16.1125064683147 16.0737784798257 16.0034943525679 14.97003080789 16.2824793066829 14.9126560101286 15.0467695998959 14.9671620680019 15.8442792887799 15.407513640821
15.5201116814278 15.7051454042085 15.5652943346649 15.4161198604852 15.4899899126031 16.2401653933339 16.6597186019644 16.7178105846979 14.2649996811524 -9999 -9999 -9999 -9999 -9999 -9999 -9999 -9999 -9999 -9999 -9999 -9999 -9999 -9999 -9999 -9999 -9999 -9999 -9999 -9999 -9999 -9999 -9999 -9999 -9999 -9999 -9999 -9999 -9999 -9999 -9999 -9999 -9999 -9999 11.6481604147702 14.0780917643569 14.771370570641 14.5346995298751 14.7082582931034 14.6282921687234 14.6189687640872 14.691404446261 16.4101382317021 15.927472745534 16.0257270867005 15.2999358950183 15.7051454042085 16.1297189076431 16.2358622835018 15.6219519474544 15.3537247679196 15.7840357511304 15.7625202019699
15.4828180628829 15.5767692942172 15.7295296932571 15.9898678380996 16.4402600005269 16.3377025495283 16.4703817693517 16.5119784977287 16.5485549313016 11.8514793988641 -9999 -9999 -9999 -9999 -9999 16.1899624452926 -9999 -9999 -9999 -9999 -9999 -9999 -9999 -9999 -9999 -9999 -9999 -9999 -9999 -9999 -9999 -9999 -9999 -9999 -9999 -9999 -9999 -9999 -9999 -9999 -9999 -9999 -9999 -9999 8.15770257603156 13.3690348886885 14.6300851311535 14.9076357153244 15.1443067560904 15.9583116993308 16.0558488555253 16.073300356511 16.083819069434 15.8744010576047 16.0386364161968 15.8894619420171 15.9604632542469 15.5107882767916 14.9549699234776 15.0568101895042 15.5753349242732 15.3372295135632
15.6592455659993 15.7955107106827 15.9403820750304 15.9812616184354 16.1526688267477 16.4603411797434 16.4158757114783 16.3434400293045 16.5083925728686 16.5514236711897 15.3249996574596 -9999 -9999 -9999 -9999 6.50773361713554 -9999 -9999 -9999 -9999 -9999 -9999 -9999 -9999 -9999 -9999 -9999 -9999 -9999 -9999 -9999 -9999 -9999 -9999 -9999 -9999 -9999 -9999 -9999 -9999 -9999 -9999 -9999 -9999 -9999 11.8342538856553 13.3074526057579 13.8863643151708 14.4762489546556 14.6336710560136 16.0931424740702 16.0214239768684 15.9748069536872 15.6362956468947 15.7496108724736 15.606891063042 15.8744010576047 15.8220465546474 15.9346445952542 14.7548753162846 14.7914517498575 15.1500442358665
15.0431836750358 15.3996246061288 15.7295296932571 15.9095431212336 15.448393184226 16.0164036820643 16.2014374048449 16.4739676942118 16.5535752261057 16.5263221971691 16.5542924110778 16.7802056772634 12.3861457499922 -9999 8.91598558509722 6.11999986320734 21.521987096868 12.0317419071565 -9999 -9999 -9999 -9999 -9999 -9999 -9999 -9999 -9999 -9999 -9999 -9999 -9999 -9999 -9999 -9999 -9999 -9999 -9999 -9999 -9999 -9999 -9999 -9999 -9999 -9999 -9999 8.8399998024106 12.3599997237325 13.1744095457536 13.8416119729169 14.1170588145033 13.8163670619018 14.1653492692858 14.5339823449031 15.7775810863823 15.7998138205148 15.1335489815101 15.0317087154835 15.8622089130804 15.6793267452158 15.60617387807 15.0819116635248 14.9248481546529
15.0367290102877 15.0596789293922 15.6018707682379 16.045091080945 16.2566606476903 16.1024658787064 16.5005035381764 16.0407879711129 15.8543198783882 16.3965117172338 16.4746848791838 16.6353343129158 14.524999675341 17.0699484059587 16.9989470937289 17.0735343308188 17.0154423480853 10.9425710197771 -9999 -9999 -9999 -9999 -9999 -9999 -9999 -9999 -9999 -9999 -9999 -9999 -9999 -9999 -9999 -9999 -9999 -9999 -9999 -9999 -9999 -9999 -9999 -9999 -9999 -9999 -9999 -9999 -9999 -9999 13.7045579247642 13.3453677846119 13.6419476767071 13.4712576533668 13.2301400657743 14.4601122927852 14.8574327672832 14.9248481546529 15.4548478489742 15.168691045139 15.3221686291508 15.0173650160432 14.9434949639253 14.7218848075718
14.7828455301933 14.7928861198016 15.2985015250742 15.1184880970977 14.9521011835895 15.3565935078077 15.686498594936 14.8050782643259 16.3491775090806 16.2157811042853 15.8937650518492 15.8285012193955 13.5700857425109 16.6805169661529 15.9432508149184 16.8275398854166 7.54016572818057 7.39999983459711 -9999 -9999 -9999 -9999 -9999 -9999 -9999 -9999 -9999 -9999 -9999 -9999 -9999 -9999 -9999 -9999 -9999 -9999 -9999 -9999 -9999 -9999 -9999 -9999 -9999 -9999 -9999 -9999 -9999 -9999 14.4857260417858 14.053365958655 14.0025482806377 13.8225348526612 13.9100314192474 13.1670277882367 14.8538468424231 15.0403149351478 14.1502883848734 14.8323312932625 15.0568101895042 15.2375408024527 15.3451185482554 15.2561876117252
14.6666615647264 14.1761070438661 14.3044831538573 15.04820396984 15.2805719007738 15.5308694560081 14.3582720267586 16.0551316705532 14.572710333392 16.4065523068421 16.7314370991662 16.2975401910953 16.4624927346595 16.5585955209099 16.7551042032428 15.7000226544083 7.87590615416286 7.61499982979149 -9999 -9999 -9999 -9999 -9999 -9999 -9999 -9999 -9999 -9999 -9999 -9999 -9999 -9999 -9999 -9999 -9999 -9999 -9999 -9999 -9999 -9999 -9999 -9999 -9999 -9999 -9999 -9999 -9999 -9999 14.4489959257189 13.8435125130927 14.0115643202859 14.0161747951061 12.7352824350819 12.619815654587 13.733783212374 12.6314340511337 12.9895962261595 14.8947263858281 13.9371410111897 15.1980956289917 14.9169591199607 13.8641315810382
14.6322366860695 14.0699636680074 14.5418713795952 14.5382854547352 13.9322641533799 15.1055787676014 15.6305581671186 15.6936704446562 14.7620471660048 16.2157811042853 16.1799218556844 16.6396374227479 16.6260109082796 16.7149418448098 16.7945493767038 6.69999985024333 -9999 -9999 -9999 -9999 -9999 -9999 -9999 -9999 -9999 -9999 -9999 -9999 -9999 -9999 -9999 -9999 -9999 -9999 -9999 -9999 -9999 -9999 -9999 -9999 -9999 -9999 -9999 -9999 -9999 -9999 -9999 -9999 14.8423718828708 14.5562150790356 14.2711852801565 14.0812593313167 13.9292161172489 13.8214590752032 13.7585260939086 14.174672673922 13.5894497367553 13.4735048329458 13.5198827944696 15.0259712357074 14.2090975525789 14.2040772577748
14.7347941370681 14.7340769520961 14.8258766285144 14.8775139464997 15.1364177213982 15.1443067560904 15.370220022276 14.7046723682433 15.0388805652037 15.5107882767916 16.3472650158219 16.4768364340998 16.6131015787832 16.7921587601304 16.7852259720676 -9999 -9999 -9999 -9999 -9999 -9999 -9999 -9999 -9999 -9999 -9999 -9999 -9999 -9999 -9999 -9999 -9999 -9999 -9999 -9999 -9999 -9999 -9999 -9999 -9999 -9999 -9999 -9999 -9999 -9999 -9999 -9999 -9999 -9999 13.2608355825767 13.4511354921519 13.2953142501065 13.7676702023018 13.8639522847952 13.069968755357 13.0604062890634 13.1072623739019 13.309508536011 13.5461795767769 13.5223929418717 12.7524948744103 13.0257423487492
14.8724936516955 14.8445234377868 14.8136844839901 14.7971892296337 14.8803826863877 15.1916409642436 15.2655110163614 15.5896786237136 15.4922849045135 15.5072023519315 15.7510452424176 16.3140354454517 16.4524521450512 15.8521683234721 16.7529526483268 16.0831527889008 -9999 -9999 -9999 -9999 -9999 -9999 -9999 -9999 -9999 -9999 -9999 -9999 -9999 -9999 -9999 -9999 -9999 -9999 -9999 -9999 -9999 -9999 -9999 -9999 -9999 -9999 -9999 -9999 -9999 -9999 5.20789117253058 15.0840632184409 13.4349996997043 -9999 11.5949583295733 13.6947455303743 12.6431241661776 14.0832315899897 13.6873454854358 12.5778603337239 13.9295747097349 13.50816877326 12.4014328306075 14.2284615468234 13.0852687014267 13.3391521815211
15.0302743455395 14.9807885824703 14.9528183685616 14.9657276980579 14.9772026576102 14.9076357153244 15.3250373690389 15.3274279856123 15.44982755417 15.2436368747149 15.7187719186768 16.0716269249097 16.1483657169156 16.5095400688238 16.1232642428949 -9999 -9999 -9999 -9999 -9999 -9999 -9999 -9999 -9999 -9999 -9999 -9999 -9999 -9999 -9999 -9999 -9999 -9999 -9999 -9999 -9999 -9999 -9999 -9999 -9999 -9999 -9999 -9999 -9999 -9999 -9999 -9999 -9999 13.2418540869839 16.4498907701511 16.8320222914917 20.808777102083 15.0584238556912 15.7603686470538 13.0188095606863 14.3276123692049 13.8415402544197 11.9399243011139 13.8684346908703 14.2073045901489 13.494781320449 14.5748618883081
15.0231024958193 15.1658223052509 15.0790429236367 15.0345774553716 15.0740226288326 15.0331430854276 15.089800698217 15.1001998803113 15.3365123285912 15.3436841783114 16.0007690496743 16.5797524775844 16.5096476465696 16.9648808075581 11.024999753572 -9999 -9999 -9999 -9999 -9999 -9999 -9999 -9999 -9999 -9999 -9999 -9999 -9999 -9999 -9999 -9999 -9999 -9999 -9999 -9999 -9999 -9999 -9999 -9999 -9999 -9999 -9999 -9999 -9999 -9999 -9999 -9999 -9999 -9999 -9999 14.1220312969759 16.7893497856567 15.0444746079855 16.4204656952992 14.7010864433832 14.4629810326733 14.1653492692858 14.9655484018149 13.9599953056313 13.9186376389116 13.6217230604962 14.1538743097335
15.3121280395426 15.1937925191596 15.1988128139637 15.2590563516133 15.2439954672009 15.2769859759137 15.3221686291508 15.9385891126003 16.405655825627 15.5880649575265 16.0151127491146 16.0671803780831 16.7606026213616 16.9107333421707 13.1425956868567 -9999 -9999 -9999 -9999 -9999 -9999 -9999 -9999 -9999 -9999 -9999 -9999 -9999 -9999 -9999 -9999 -9999 -9999 -9999 -9999 -9999 -9999 -9999 -9999 -9999 -9999 -9999 -9999 -9999 -9999 -9999 -9999 -9999 -9999 -9999 -9999 7.88999982364476 7.9742383117629 15.2855025474564 14.4457685933448 17.1339571647113 15.3250373690389 15.1235083919019 15.1249427618459 14.8366344030946 14.3833735007793 14.1653492692858
