EcologicalScience/Bass/data/rs_data_bass/sst_278.asc
NCOLS 226 
NROWS 124 
XLLCORNER -9.41648524995501 
YLLCORNER 47.587301625531 
CELLSIZE 0.0833 
NODATA_value -9999 
[rows 54 to 80 of 124, columns 0 to 61 of 226]
-9999 -9999 -9999 -9999 -9999 -9999 -9999 -9999 -9999 -9999 -9999 -9999 -9999 -9999 -9999 -9999 -9999 -9999 -9999 -9999 -9999 -9999 -9999 -9999 -9999 -9999 -9999 -9999 -9999 -9999 -9999 -9999 -9999 -9999 -9999 -9999 -9999 -9999 13.8306480076571 6.06785281188786 6.09587083812803 6.11882075723261 8.88659203485944 7.29866175469942 8.17374695139006 8.17291023558937 8.41603594110347 8.82447278266773 8.62366099050269 8.556604195619 8.69322793278843 9.09879603446461 9.13322091312148 8.62796410033479 7.54107027524151 7.25957517372444 7.63724477998912 8.66409918930955 11.5058952800219 -9999 -9999 11.7074235581482
-9999 -9999 -9999 -9999 -9999 -9999 -9999 -9999 -9999 -9999 -9999 -9999 -9999 -9999 -9999 -9999 -9999 -9999 -9999 -9999 -9999 -9999 -9999 -9999 -9999 -9999 -9999 -9999 -9999 -9999 -9999 -9999 -9999 -9999 -9999 -9999 -9999 -9999 13.3749997010455 6.03534042648971 6.32508315518498 6.30471510197967 6.60960067908413 6.85346918331925 8.04656614968553 8.59497359162197 8.60537277371623 9.15348138858099 8.80654315836728 8.90425961080473 9.16011534957215 9.24115725141019 8.80826440230012 9.07297737547196 7.58732870593667 7.07439801394939 9.44589246724568 9.46276740776375 6.36018914066916 13.6649996945634 -9999 14.339999679476
-9999 -9999 -9999 -9999 -9999 -9999 -9999 -9999 -9999 -9999 -9999 -9999 -9999 -9999 -9999 -9999 -9999 -9999 -9999 -9999 -9999 -9999 -9999 -9999 -9999 -9999 -9999 -9999 -9999 -9999 -9999 -9999 -9999 -9999 -9999 -9999 -9999 -9999 -9999 7.03063379321247 6.10849329363555 6.4014633547049 6.64889217005111 7.68450726964511 7.71713918587193 8.39918209426105 8.48739584581926 8.40671253646724 8.71259192703292 8.58493300201371 8.73374888370745 8.79291664389893 8.91591386660002 8.81486250404268 8.74558243574575 7.5048524341546 7.40645465599373 8.40587582066655 6.99583040026482 6.40787474104958 -9999 -9999
-9999 -9999 -9999 -9999 -9999 -9999 -9999 -9999 -9999 -9999 -9999 -9999 -9999 -9999 -9999 -9999 -9999 -9999 -9999 -9999 -9999 -9999 -9999 -9999 -9999 -9999 -9999 -9999 -9999 -9999 -9999 -9999 -9999 -9999 -9999 -9999 -9999 -9999 -9999 -9999 6.1027558138594 7.20542770833708 7.17996764183044 7.96528518619016 7.65330972336233 7.48799858731218 7.89858698379248 7.77021087380126 8.14816735405475 8.36493651184719 8.4052781665232 9.18306526867673 8.70613726228476 8.82949307747185 7.97998747811653 7.87778861960396 7.71025421014056 7.85770744038746 6.50358252599835 6.40423429664224 12.4335069363005 -9999
-9999 -9999 -9999 -9999 -9999 -9999 -9999 -9999 -9999 -9999 -9999 -9999 -9999 -9999 -9999 -9999 -9999 -9999 -9999 -9999 -9999 -9999 -9999 -9999 -9999 -9999 -9999 -9999 -9999 -9999 -9999 -9999 -9999 -9999 -9999 -9999 -9999 -9999 -9999 -9999 8.2695371185501 6.61626025382429 7.39464501012117 7.40827152458951 7.43050425872207 8.26315601123497 7.54142886772752 7.36105684726499 8.50962857995182 8.41944256972056 8.78010976939861 9.48248999449424 9.01882991008461 8.97902614413761 8.48129977355711 8.09079255629331 8.27905361144803 8.39631335437298 8.10131126921624 6.122199495323 8.92171462740311 16.4699996318668
-9999 -9999 -9999 -9999 -9999 -9999 -9999 -9999 -9999 -9999 -9999 -9999 -9999 -9999 -9999 -9999 -9999 -9999 -9999 -9999 -9999 -9999 -9999 -9999 -9999 -9999 -9999 -9999 -9999 -9999 -9999 -9999 -9999 -9999 -9999 -9999 -9999 -9999 -9999 6.10499986354262 7.13765372848138 6.19610939105041 6.72993407188915 6.76615191297606 7.52565079834312 7.79818108770996 8.39033681293949 8.1290424214676 8.94895560281085 9.05110323382542 8.86822106596082 9.04931027139537 9.58486814924981 8.85065003414638 8.53186131408438 7.63824883894995 7.97030548099428 8.08127355575562 7.7479781396687 12.2770012379624 -9999 -9999
-9999 -9999 -9999 -9999 -9999 -9999 -9999 -9999 -9999 -9999 -9999 -9999 -9999 -9999 -9999 -9999 -9999 -9999 -9999 -9999 -9999 -9999 -9999 -9999 -9999 -9999 -9999 -9999 -9999 -9999 -9999 -9999 -9999 -9999 -9999 -9999 -9999 -9999 -9999 6.41945274441969 6.29185358481482 6.30093792779371 6.32412690855563 8.49169895565137 8.45266360217439 7.76124606165104 7.99361399258487 8.2417599929031 8.58325957041234 8.70452359609772 9.08965192607138 8.64661090960726 8.95249030017294 9.48915981473401 9.34887843420729 8.84845863562077 9.01143738806534 14.1849996829405 8.59016996730352 8.23566392064095 5.55955991605297 5.30424206601456
-9999 -9999 -9999 -9999 -9999 -9999 -9999 -9999 -9999 -9999 -9999 -9999 -9999 -9999 -9999 -9999 -9999 -9999 -9999 -9999 -9999 -9999 -9999 -9999 -9999 -9999 -9999 -9999 -9999 -9999 -9999 -9999 -9999 -9999 -9999 -9999 -9999 -9999 -9999 6.65889291604981 6.54442222579382 6.71319975587539 6.52529729320668 7.04882524694715 8.06234421906993 7.8433637409471 7.79387797787786 7.93193608499132 8.37431968189776 8.44185460009612 8.6641819414217 8.99139758490492 9.01488539273851 9.49862665636465 8.96699699619785 8.82492917310447 8.36152988323011 8.77233895200949 10.2347518315073 6.97759108245373 4.98502303496934 4.82516250470653
-9999 -9999 -9999 -9999 -9999 -9999 -9999 -9999 -9999 -9999 -9999 -9999 -9999 -9999 -9999 -9999 -9999 -9999 -9999 -9999 -9999 -9999 -9999 -9999 -9999 -9999 -9999 -9999 -9999 -9999 -9999 -9999 -9999 -9999 -9999 -9999 -9999 -9999 12.0006377185727 6.43251746399328 6.81402400985826 7.1517583662644 8.32005268568173 8.52741476725787 8.49958799034357 8.11625262279995 8.14099550433457 8.24821465765126 8.42930386308581 8.79614397627302 8.70326852239668 8.75795387651306 9.34658344229683 7.92655719770119 7.97460859082639 8.67859735935926 8.16753134829924 8.28335672128014 8.15175327891484 5.08614611602388 5.37696462217718 5.4372081598267
-9999 -9999 -9999 -9999 -9999 -9999 -9999 -9999 -9999 -9999 -9999 -9999 -9999 -9999 -9999 -9999 -9999 -9999 -9999 -9999 -9999 -9999 -9999 -9999 -9999 -9999 -9999 -9999 -9999 -9999 -9999 -9999 -9999 -9999 -9999 -9999 -9999 -9999 6.27248959057033 6.69419435411692 6.58362833759747 7.47759940521792 7.66101946181152 8.62742621160578 8.58445487869903 8.57525100489147 8.58314003958367 8.64661090960726 8.65163120441139 8.69394511776045 9.06006804597564 5.72479933360592 9.40575120248832 8.59401734499261 5.58996855886653 8.03987242328003 8.41155353502836 7.43217769032344 7.24400201433205 6.94222082360648 5.09463280485943 4.78313546534628
-9999 -9999 -9999 -9999 -9999 -9999 -9999 -9999 -9999 -9999 -9999 -9999 -9999 -9999 -9999 -9999 -9999 -9999 -9999 -9999 -9999 -9999 -9999 -9999 -9999 -9999 -9999 -9999 -9999 -9999 -9999 -9999 -9999 -9999 -9999 -9999 -9999 15.3447672739834 5.63352124625817 6.57423321446404 5.54000467248261 6.03206186661763 8.56748150102794 8.55648466479033 8.60501418123022 8.75669880281202 8.82698293006979 8.98368784645572 9.06401256332174 9.29303363105282 8.86140780872665 8.70219274493866 9.45738852047361 9.33582566771656 8.620218502637 7.83404033631086 7.29256568243727 8.26757865189575 6.83830072116107 7.39404735597782 5.68535416014493 4.99757377197966
-9999 -9999 -9999 -9999 -9999 -9999 -9999 -9999 -9999 -9999 -9999 -9999 -9999 -9999 -9999 -9999 -9999 -9999 -9999 -9999 -9999 -9999 -9999 -9999 -9999 -9999 -9999 -9999 -9999 -9999 -9999 -9999 -9999 -9999 -9999 -9999 -9999 6.17590868100524 7.04427624512464 7.49266028963029 8.547798757907 8.69800916593522 8.86296170949936 8.55803856556304 8.72191533166915 8.8671452885028 9.0570797752589 9.28968676785007 9.17493717232719 9.32315539987758 9.52157657546923 9.37484053019434 9.34600969431922 9.22652667798102 9.01468617469072 8.80526816286147 6.89381083799526 7.25096895406023 6.84217352000996 6.10419018380344 5.94688761327416 5.28265479835682
-9999 -9999 -9999 -9999 -9999 -9999 -9999 -9999 -9999 -9999 -9999 -9999 -9999 -9999 -9999 -9999 -9999 -9999 -9999 -9999 -9999 -9999 -9999 -9999 -9999 -9999 -9999 -9999 -9999 -9999 -9999 -9999 -9999 -9999 -9999 6.76497444511155 5.69412912921432 6.60524168470874 7.0784859682899 7.23997211782262 8.63465782674029 8.08720663143322 9.12855921080336 9.01643929351121 9.05923133017495 9.22107607219368 9.19501835154369 9.68222600920126 9.48105562455021 9.44698933837935 9.08767966739833 9.20960111264139 9.27594072255306 8.82088685780764 9.18521682359278 9.33343505114317 7.28897975757718 6.12355417804793 6.15367594687268 5.97055471735075 5.88305815076455 5.86536758812144
-9999 -9999 -9999 -9999 -9999 -9999 -9999 -9999 -9999 -9999 -9999 -9999 -9999 -9999 -9999 -9999 -9999 -9999 -9999 -9999 -9999 -9999 -9999 -9999 -9999 -9999 -9999 -9999 -9999 -9999 -9999 -9999 -9999 -9999 -9999 15.9692573080704 9.87614485691302 9.07553875037203 7.84073406271636 8.60931729106233 9.20290738623589 9.01643929351121 8.99803154589608 9.03436891781166 8.835409853491 9.14099041698501 8.79202016268391 8.94065674813464 9.22609636699781 9.00233465572819 8.95679341000505 8.70255133742467 9.39941606856883 9.0146702372469 8.60967588354833 8.97579881176353 8.04962613889947 6.13904537344351 6.16347747482359 5.99852493125945 5.44115267717279 6.08291369630024
-9999 -9999 -9999 -9999 -9999 -9999 -9999 -9999 -9999 -9999 -9999 -9999 -9999 -9999 -9999 -9999 -9999 -9999 -9999 -9999 -9999 -9999 -9999 -9999 -9999 -9999 23.8449994670227 23.8449994670227 -9999 8.88290628205453 11.4920830600975 9.60786525157623 9.24327105974877 10.5890222920312 15.1354052249671 13.3164840136555 9.3454052098428 8.40079576044809 8.69724416863173 4.90649128053337 9.03986733593047 9.26578060211614 9.19645272148773 9.10465304506943 8.89595221821219 9.01117993704975 5.8797112875618 5.92776268068701 6.06474501034245 8.80869471328333 6.96983244502917 8.77068390976638 9.18270667619072 8.70219274493866 8.37874232255854 8.37013610289432 7.77738272352144 7.44604326644912 6.92010762030259 6.68224127124995 6.47679536080418 7.65359659735113
-9999 -9999 -9999 -9999 -9999 -9999 -9999 -9999 -9999 -9999 -9999 -9999 -9999 -9999 -9999 -9999 -9999 -9999 -9999 -9999 -9999 -9999 11.813367914186 6.55745108611882 7.01453697495162 7.29285255642608 7.20530817750841 7.76877650385723 9.60791461248524 9.11364176338538 7.92440564278513 7.84169030934572 8.50790733601898 7.6282082493417 7.90265103196725 8.40886409138329 8.54811750678346 8.8182571795769 8.74127932591364 5.81516464008018 7.05517745669931 6.21535385446623 9.07142347469926 9.32889287965372 8.98320972314104 8.88399913534522 8.84706410928629 5.73412273824215 8.81765952543356 8.8194524878636 7.00497450865805 6.84145633503795 6.81994078587741 8.83272040984593 8.03829461634159 7.87864924157038 7.81625414900482 7.68701741704717 7.54111011885107 15.4099996555597 -9999 -9999
-9999 -9999 -9999 -9999 -9999 -9999 -9999 -9999 -9999 -9999 -9999 -9999 -9999 -9999 -9999 -9999 -9999 -9999 -9999 -9999 -9999 13.9573656274006 7.31515700905584 7.43576361518353 8.36929938709363 6.96887619839981 6.25228888052516 6.53055664966814 7.86368398182094 8.22825300926343 8.47353026969358 8.50699890172109 8.26076539466158 8.70255133742467 8.63836328242905 8.59676655405201 8.76040425850078 9.00843072799034 8.994804213522 5.18977934448048 7.3097781217657 6.33010344998911 9.25263221096247 5.33034759899601 5.06785789923742 6.12857447285205 8.95607622503303 5.01478621130809 8.62545395293273 6.30500197596848 8.47843103366904 8.14350565173663 8.92487867875025 5.28516494575888 8.28283875435591 15.3073597286475 15.1399996615946 -9999 -9999 -9999 -9999 -9999
-9999 -9999 -9999 -9999 -9999 -9999 -9999 -9999 -9999 -9999 -9999 -9999 -9999 -9999 -9999 -9999 -9999 6.88018432352692 8.64767109608763 11.9549851855263 8.15247046388686 7.66084016556852 8.06569108227268 8.41902421182021 7.93193608499132 7.83906063111499 7.3854411363136 7.74582658475265 7.99325540009886 8.92129275389016 8.84359771525487 9.15688801719807 9.08528905082494 8.94747000536881 6.86512343911454 9.20888392766938 9.31933041336015 9.05970945348963 9.18880274845287 9.5536108375527 9.42595191253349 5.89764091186225 5.89979246677831 5.49530014256015 9.20637378026731 5.80799279036 6.43481245590374 8.69717245013453 6.53019805718213 6.19742423016578 6.40110476221889 8.6954591749236 13.4399996995926 -9999 -9999 -9999 -9999 -9999 -9999 -9999 -9999 -9999
-9999 -9999 -9999 -9999 -9999 -9999 -9999 -9999 -9999 -9999 -9999 -9999 -9999 -9999 -9999 -9999 -9999 7.547405409161 7.87982983837047 7.9576352131553 6.8991897252854 7.39619891089387 6.81922360090539 8.57776115229353 8.66214991733432 8.85602892143652 7.16311379498802 9.21677296236157 9.37957395100966 8.41998045844957 7.87635424965993 7.9351634173654 7.80535293743014 8.90145063633099 9.0917437155731 6.38030639803037 6.21320229955018 5.84528640890494 9.25442517339252 4.90218817070127 4.64758750563487 9.48452201858163 6.18738364055753 6.52015746757388 6.33010344998911 8.91304512671195 8.74845117563382 8.91139560127631 6.52015746757388 6.61984617868438 5.17758719995618 14.0849996851757 -9999 -9999 -9999 -9999 -9999 -9999 -9999 -9999 -9999 -9999
-9999 -9999 -9999 -9999 -9999 -9999 -9999 -9999 -9999 -9999 -9999 -9999 -9999 7.39619891089387 7.388190345373 7.4370784542989 7.25240332400426 6.98991362424567 8.34993539284915 8.49576300382614 8.4687490365468 8.63704844331369 8.72263251664117 8.97006133198738 8.63824375160038 9.09503081336152 9.25048065604642 9.29638049425557 8.89427878661081 9.14816226670519 9.65353861032054 7.91006194334477 6.59474470466375 7.33631396573037 8.10513625573367 6.64279609778896 5.94497512001544 6.06761375023052 6.06976530514657 5.19981993408874 5.23998229252174 6.28707235166803 6.02529983688146 6.55529953120276 7.202200375963 7.35496077500284 8.80510878842324 8.53437146148644 6.80272834654897 6.66574601689354 8.0624637498986 5.73268836829811 15.954999643378 -9999 -9999 -9999 -9999 -9999 -9999 22.3064130061506 -9999 -9999
-9999 -9999 -9999 -9999 -9999 -9999 -9999 -9999 -9999 -9999 18.6422828974063 8.09174880292267 7.14654682213441 6.45178583357483 7.42906988877803 8.42159412463661 8.42954292474315 8.48906927742064 8.55409404821694 8.5842158170417 8.63298439513892 8.87156792916358 8.2535935449414 8.64947964949533 8.81299782311544 8.82327747438103 8.6243781754747 8.7106794337742 9.37885676603764 9.01165806036443 9.65748312766664 7.92655719770119 8.02839746372774 8.04058960825205 7.9150822381489 9.46205022279173 6.57107760058716 6.37241736333817 6.34516433440149 6.48142947908491 5.69180882489309 6.15152439195663 6.11996825318784 9.01739554014057 7.40014342823997 8.50508640846238 7.88818780169822 7.93444623239338 7.4689931855537 8.1515142172575 8.17154758414254 15.3843396014126 7.4037921722217 -9999 -9999 -9999 17.8069364650612 6.42011016397737 6.62271491857246 7.90970335085876 7.55572475483641 17.7899996023625
-9999 -9999 -9999 -9999 -9999 -9999 -9999 20.6900128130501 9.3371575826646 7.17566453199834 7.40075815821599 8.00568660628051 7.48763999482617 8.72062439871952 8.44741278362926 8.51321450481191 8.7780948211439 8.88089133379981 8.88399913534522 8.75227616215125 9.0184713175986 8.97615740424953 8.95751059497707 8.90527562284842 8.87754447059706 8.37694936012849 9.38746298570186 9.04584387736395 8.09342223452404 8.71474348194897 8.84359771525487 9.32482883147895 8.44878738815896 9.33116396539845 7.75514998938888 9.64493239065632 6.9748527398333 6.64996794750914 6.73316140426323 6.87659839866683 6.27990050194785 6.08339181961492 9.31230200063437 6.83930478012189 7.06593523127958 8.10406047827564 8.12414165749215 7.83117159642279 7.84479811089113 7.81360056460835 7.53067109314725 8.22777488594875 13.8362602891946 6.87712685075147 7.89906510710716 7.88675343175419 7.64777715357819 6.60263373935595 6.20674763480201 6.54705190402456 6.56240618228912 17.2425325331995
-9999 -9999 -9999 -9999 -9999 6.20997496717609 7.73793755006045 5.94174778764136 7.31838434142992 8.24785606516525 8.72263251664117 8.83695180118084 8.84491255437024 8.93539739167318 8.84025085205212 8.52540664933622 8.7768995128572 9.02743612974882 5.87469099275768 8.79172133561224 9.09509057877585 9.03030486963689 9.01703694765456 8.57560959737748 8.5046082851477 8.30845819530077 8.49349191808142 8.35304319439456 8.19119845237583 8.49600206548348 8.92989897355437 9.48260952532291 8.97675505839288 9.02385020488873 8.00975065445527 9.27988523989916 9.84646136779338 7.33487959578633 6.94688252592459 7.13191624870524 7.04370249714702 6.29352701641619 6.07693715486676 7.01429791329429 7.24666584422812 7.32340463623405 6.31217382568866 8.35012664217502 7.9312189000193 7.33810692816041 7.66227453551255 7.84594560684636 7.82328256173059 6.82245093327947 6.76651050546207 6.96875666757114 7.10932492208667 7.05661182664335 6.85759299690835 6.68152408627793 6.21009449800476 6.55506046954542
-9999 -9999 -9999 -9999 -9999 6.52589494735003 8.67788017438725 8.58478956501931 6.52051606005989 8.62882472230121 8.55997496498749 7.41807305254042 8.91039154231548 8.53365427651443 8.1381267644465 8.15498061128892 8.7477339906618 8.58314003958367 8.45763266948052 8.60668761283159 8.77594326622784 8.90408031456172 8.72956530470401 8.68462171312422 8.49600206548348 7.97604296077043 8.49815362039953 9.06281725503504 8.83451337227598 9.05648212111555 9.32004759833217 9.1859340085648 9.53914760728367 9.70015563350171 8.04202397819608 7.93372904742137 8.09007537132129 7.59808648051694 7.29902034718543 7.20363474590704 7.26746420841664 6.88592180330306 7.14482557820156 6.68511001113802 6.95979185542092 7.34276863047853 8.16753134829924 8.33033233694732 8.27195348022506 7.46074555837549 6.57968382025138 7.52278205845505 7.70781578123569 7.76196324662305 7.54358042264357 7.43399455891922 7.80786308483221 6.46206548484042 7.48333688499406 6.70196385798045 6.90421002008952 6.42046875646338
-9999 -9999 -9999 -9999 -9999 8.63119143270887 8.67278816108592 8.4569872030057 8.23351236572489 7.43205815949477 8.06820122967474 8.2338709582109 8.24929043510929 8.13884394941851 8.23136081080884 8.95643481751904 8.68964200792834 9.15079194493592 8.51859339210205 8.86499373358674 9.07596564618871 9.25119784101844 7.48979154974222 8.62198755890131 6.76973783783615 7.98249762551859 8.31634722999297 9.12329985434189 9.41500288862735 9.11654636252206 8.7079302247148 8.77032531728037 9.24653613870032 9.32678913706914 9.33998534055427 9.32855136300038 7.97030548099428 7.92799156764522 7.87778861960396 7.46397289074957 7.06880397116765 7.01573228323832 7.12833032384515 7.1025116648525 6.93469038140029 6.93397319642827 9.05791649105959 8.62882472230121 8.62079225061461 7.81563258869573 8.61003447603434 8.41998045844957 8.41101564629935 8.27295753918588 8.05098879034631 7.94018371216953 7.9749671833124 7.92139346590266 7.70207830145955 6.75790428579785 6.54023864679039 6.42369608883746
-9999 -9999 -9999 -9999 -9999 8.28419343708083 8.49839268205687 8.22375865010545 8.23451642468572 7.82184819178656 7.15665913023986 7.38902706117369 7.5245750208851 7.00999480346218 6.61159855150618 8.01620531920344 6.99837640691549 8.90228735213168 8.98823001794517 7.97432171683758 9.15975675708614 8.99982450832613 8.68199203489348 8.86176640121266 9.19191054999828 8.32459485717118 8.22825300926343 8.85124768828973 8.67063660616986 8.636211727513 8.63549454254098 8.75275428546593 8.76996672479436 8.58206426212564 9.4131382077001 8.90730764693581 8.8592562538106 7.92368845781311 7.69490645173937 9.16836297675036 7.12904750881717 7.28109072288498 7.20148319099098 7.61601610481739 7.44174015661702 7.53927731281146 7.69777519162744 8.06497389730066 9.07154300552793 9.04428997659124 8.85853906883858 8.65091401943937 8.84132662951015 8.83379618730396 8.35041351616383 8.23602251312695 8.01010924694128 7.998992879875 8.12557602743618 7.64972379850224 7.55720693711191 7.32734915358014
-9999 -9999 -9999 -9999 -9999 8.41185236210003 8.46181624848396 8.48739584581926 8.40898362221196 8.45583970705047 8.14845422804356 8.5337738073431 7.11201436573174 5.86590547685046 5.96003600442782 8.71740731184504 7.54401073362678 9.02552363649011 8.87348042242229 8.88937802263536 7.27051224454772 7.97622225701343 8.42769019689877 9.1818101949757 9.40850041154772 8.91985838394612 8.51715902215801 8.24068421544507 8.28012938890606 8.50926998746581 8.61648914078251 8.6519897968974 8.47018340649083 8.56377604533918 8.69788963510655 8.68031860329211 8.86140780872665 9.04428997659124 8.64983824198134 8.61541336332448 8.66167179401964 7.79029205301777 7.66191594302654 7.7042298563756 7.99540695501491 7.92225408786908 7.55792412208393 9.1898785259109 9.18700978602283 9.16405986691825 8.93850519321859 8.76602220744826 8.62401958298869 8.66238897899166 8.42679371568374 8.48954740073532 8.58672596444376 8.5207449470181 8.28801842359826 7.87994017452002 7.64075898635201 7.65259253839031
