EcologicalScience/Bass/data/rs_data_bass/sst_299.asc
NCOLS 226 
NROWS 124 
XLLCORNER -9.41648524995501 
YLLCORNER 47.587301625531 
CELLSIZE 0.0833 
NODATA_value -9999 
[rows 27 to 53 of 124, columns 62 to 123 of 226]
-9999 -9999 -9999 -9999 -9999 -9999 -9999 -9999 -9999 -9999 -9999 -9999 -9999 -9999 -9999 -9999 -9999 -9999 -9999 -9999 -9999 -9999 -9999 -9999 -9999 -9999 -9999 -9999 12.5299997199327 10.5683080421295 12.2397076194175 12.1063112146221 11.7591936881654 12.7238074755296 12.5975829204544 12.7503433194943 12.8098696721718 13.0716421869583 13.2423322102986 13.1964323720895 13.1060670656152 13.9258094886318 14.3862422406673 15.8141575199552 15.9396648900583 14.0090029453859 13.7135227369145 13.9874873962253 14.0728324078955 14.1287728357129 14.3023315989412 14.5504775992595 13.4596392568201 14.7161473277956 14.7096926630475 15.5401928606443 14.8448820302729 14.09219640214 15.170125415083 16.0501113757491 15.7689748667181 15.0725882588886
-9999 -9999 -9999 -9999 -9999 -9999 -9999 -9999 -9999 -9999 -9999 -9999 -9999 -9999 -9999 -9999 -9999 -9999 -9999 -9999 -9999 -9999 -9999 -9999 -9999 -9999 -9999 -9999 -9999 -9999 9.78499978128821 11.8402355900034 12.1565141626634 12.9554582214914 12.936811412219 12.9224677127786 13.217230736278 13.4209112683311 13.6331980200484 12.8127384120598 14.1603289744817 14.4579607378691 14.4959715413861 14.092913587112 13.6296120951883 14.7527237613685 14.0627918182872 14.1545914947055 13.9932248760015 13.9014251995832 13.8433332168497 13.6446729796007 13.6446729796007 9.84502699784935 14.6171758016571 14.4450514083728 14.3066347087733 15.0148548686411 13.9293954134919 15.5222632363439 14.213400662411 14.2363505815156
-9999 -9999 -9999 -9999 -9999 -9999 -9999 -9999 -9999 -9999 -9999 -9999 -9999 -9999 -9999 -9999 -9999 -9999 -9999 -9999 -9999 -9999 -9999 -9999 -9999 -9999 -9999 -9999 -9999 -9999 -9999 12.184999727644 12.7108981460333 12.7539292443544 12.9296395624988 12.860789805185 12.6384624638595 12.4792474000715 13.4790032510646 13.2925351583399 14.0627918182872 14.2055116277188 14.6379741658457 14.1165806911886 13.7838068641722 14.1990569629706 14.4794762870297 14.3833735007793 13.7967161936685 13.8189489278011 13.9129001591355 14.0584887084551 14.5045777610503 14.6451460155658 15.6319925370626 15.6298409821466 13.4531845920719 14.0635090032592 14.1251869108528 14.2661137578543 14.1072572865523 14.3697469863109
-9999 -9999 -9999 -9999 -9999 -9999 -9999 -9999 -9999 -9999 -9999 -9999 -9999 -9999 -9999 -9999 -9999 -9999 -9999 -9999 -9999 -9999 -9999 -9999 -9999 -9999 -9999 -9999 -9999 -9999 -9999 11.024796276819 12.1299783186987 12.5179753885604 12.5466627874412 12.5703298915178 12.936811412219 12.7862025680952 12.1192205441184 14.0276497546583 14.5655384836718 13.7321695461869 13.8089083381929 14.5060121309943 14.1610461594537 14.4837793968618 14.5397198246792 13.8340098122135 13.976012436673 13.9631031071767 14.0800042576157 14.5368510847911 14.5691244085319 14.5110324257985 15.2762687909417 15.7503280574456 16.4201788213104 15.0948209930211 14.5598010038957 14.5425885645673 14.6559037901461 14.3625751365907
-9999 -9999 -9999 -9999 -9999 -9999 -9999 -9999 -9999 -9999 -9999 -9999 -9999 -9999 -9999 -9999 -9999 -9999 -9999 -9999 -9999 -9999 -9999 -9999 -9999 -9999 -9999 -9999 -9999 -9999 -9999 12.0249997312203 11.3934293524362 12.3099917466752 11.9585711103864 11.546189751476 11.6903439308517 12.738868359942 13.5177312395535 13.059450042434 13.5227515343577 13.9250923036598 14.9033326054923 14.2492599110119 14.6759849693626 14.7003692584112 14.3690298013389 14.1244697258808 14.2320474716835 14.1789757837541 14.3087862636894 14.4292733389884 15.3221686291508 15.4318979298696 15.487121172715 15.0395977501757 14.3066347087733 14.2757957549766 14.8854029811919 14.6788537092507 14.372615726199 14.7426831717603
-9999 -9999 -9999 -9999 -9999 -9999 -9999 -9999 -9999 -9999 -9999 -9999 -9999 -9999 -9999 -9999 -9999 -9999 -9999 -9999 -9999 -9999 -9999 -9999 -9999 -9999 -9999 -9999 -9999 -9999 -9999 -9999 11.6200598035939 13.096026476007 12.2590716136619 12.0776238157414 12.0690175960772 12.142170463223 12.4025086080655 12.3759727641009 13.972426511813 14.1617633444257 14.8459578077309 15.5774864791892 14.2413708763197 14.3618579516187 14.293725379277 14.3762016510591 14.2370677664876 14.5354167148471 14.2671895353124 14.8244422585703 14.9356059292331 15.1765800798312 15.2554704267532 14.3826563158073 14.2492599110119 15.1321146115661 14.5569322640076 14.1997741479427 14.2879878995009 14.4292733389884
-9999 -9999 -9999 -9999 -9999 -9999 -9999 -9999 -9999 -9999 -9999 -9999 -9999 -9999 -9999 -9999 -9999 -9999 -9999 -9999 -9999 -9999 -9999 -9999 -9999 -9999 -9999 -9999 -9999 -9999 -9999 -9999 10.8352715354799 12.142887648195 12.700140371453 12.0403301971965 12.1235236539505 12.9597613313235 12.3623462496325 12.4476912613027 13.2086245166138 13.8254035925493 17.1653340072371 14.1029541767202 14.9764854726382 15.6836298550479 14.7620471660048 14.0025482806377 14.2420880612917 14.1761070438661 14.2786644948646 14.610721136909 15.0044556865469 15.0274056056514 14.9678792529739 15.1529129757546 14.8043610793538 14.1660664542578 14.1431165351532 14.2270271768793 14.2779473098926 14.0699636680074
-9999 -9999 -9999 -9999 -9999 -9999 -9999 -9999 -9999 -9999 -9999 -9999 -9999 -9999 -9999 -9999 -9999 -9999 -9999 -9999 -9999 -9999 -9999 -9999 -9999 -9999 -9999 -9999 -9999 -9999 -9999 -9999 -9999 8.52783966748701 12.4405194115825 11.9370555612259 12.3214667062275 12.4046601629816 13.177785562817 15.1270943167619 15.6004363982938 14.5167699055746 15.5115054617636 14.2055116277188 14.2198553271592 14.7477034665644 15.0589617444202 14.2471083560959 14.2743613850325 14.4644154026173 14.41206089966 14.3769188360311 14.6537522352301 15.1357005364262 14.5684072235599 15.1335489815101 14.9893948021345 14.2385021364316 14.1273384657688 14.3955656453036 14.2198553271592 13.9903561361134
-9999 -9999 -9999 -9999 -9999 -9999 -9999 16.3328221932553 17.59994810028 14.864735014271 17.2248603599146 8.32332367522622 20.1700718534343 8.32425817182641 8.41999981179833 -9999 -9999 -9999 -9999 -9999 -9999 -9999 -9999 -9999 -9999 -9999 -9999 -9999 -9999 -9999 -9999 -9999 -9999 -9999 11.9944303589873 11.743415618781 12.0001678387634 13.176351192873 14.1825617086142 14.3052003388293 15.5602740398608 12.0051881335676 14.6150242467411 15.9231696357019 14.1954710381106 14.1904507433064 14.5160527206026 14.2772301249206 14.1388134253211 14.4350108187646 14.374050096143 14.6308023161255 14.6458632005379 14.8445234377868 15.1988128139637 15.0603961143643 14.7104098480195 14.8000579695217 14.1624805293977 14.0484481188469 14.6688131196424 14.094347957056
-9999 -9999 -9999 -9999 16.2849996360019 16.1616734825075 16.4764778416138 16.524887827225 16.6295968331397 17.0276344926096 11.3118423900194 22.1621191381341 23.9099994655699 -9999 -9999 -9999 -9999 -9999 -9999 -9999 -9999 -9999 -9999 -9999 -9999 -9999 -9999 -9999 -9999 -9999 -9999 -9999 -9999 -9999 11.4450666704215 11.8481246246956 12.5151066486724 12.223212365061 15.2145908833481 15.5739005543292 15.5100710918196 17.5088656088337 14.1151463212445 14.453657628037 14.9427777789533 14.3001800440252 14.2435224312358 14.3898281655274 14.2657551653683 14.2392193214037 14.6408429057337 14.7089754780754 14.4278389690444 15.1543473456986 15.2719656811096 14.8423718828708 15.2375408024527 14.5189214604907 15.2361064325087 14.7469862815924 14.730491027236 14.7283394723199
15.5380413057283 15.5351725658402 12.7344935316127 14.7881526989862 16.6948606655933 16.0171208670363 15.844996473752 16.4610583647154 16.7479323535226 15.9539074098761 -9999 -9999 -9999 -9999 -9999 -9999 -9999 -9999 -9999 -9999 -9999 -9999 -9999 -9999 -9999 -9999 -9999 -9999 -9999 -9999 -9999 -9999 -9999 -9999 13.489999698475 11.8301950003952 12.7754447935149 16.2982573760673 13.0070955394767 16.045091080945 16.1304360926151 15.6248206873424 16.0429395260289 15.0252540507354 14.4859309517778 14.3898281655274 14.3503829920664 14.4070406048559 14.8294625533745 14.3747672811151 14.5017090211622 14.5447401194833 14.4156468245201 14.3546861018986 15.0166478310712 14.6788537092507 14.8975951257162 15.2217627330683 14.9033326054923 14.7484206515364 14.9427777789533 14.4608294777572
14.8552812123671 15.8550370633602 15.9203008958139 14.5203558304347 15.3752403170802 15.6764580053277 14.7347941370681 16.6374858678319 17.4751579151489 16.7749996250495 -9999 -9999 -9999 -9999 -9999 -9999 -9999 -9999 -9999 -9999 -9999 -9999 -9999 -9999 -9999 -9999 -9999 -9999 -9999 -9999 -9999 -9999 -9999 -9999 -9999 11.2973265661858 13.2695852392353 15.6527909012511 15.8643604679964 15.9841303583235 15.9783928785473 16.5478377463296 17.2549821287394 15.6735892654397 14.4737388072535 14.2593005006202 14.2829676046968 14.3597063967027 14.5038605760783 14.3876766106114 14.4414654835127 14.6458632005379 14.7434003567323 14.5519119692035 14.9578386633657 14.8932920158841 15.5057679819874 14.7190160676837 14.6386913508177 14.6437116456218 14.2499770959839 14.8552812123671
14.132358760573 13.853373806458 13.9136173441075 13.8763237255625 13.9423047429882 13.9867702112533 15.5990020283498 16.3886226825416 7.2776419069166 -9999 -9999 -9999 -9999 -9999 -9999 -9999 -9999 -9999 -9999 -9999 -9999 -9999 -9999 -9999 -9999 -9999 -9999 -9999 -9999 -9999 -9999 -9999 -9999 -9999 -9999 -9999 14.2564317607321 16.0149693121202 16.0701925549656 16.3541978038847 15.0044556865469 16.3004089309834 16.2337107285857 15.9124118611217 14.4651325875893 15.4197057853453 14.4163640094921 14.2040772577748 14.652317865286 14.2872707145289 14.4034546799958 14.7792596053332 14.6193273565732 15.2045502937399 14.9183934899047 15.8815729073249 14.6817224491388 14.4708700673655 14.8179875938222 14.6573381600901 14.6214789114892 14.41206089966
13.8024536734447 13.7450788756832 13.7257148814388 13.9803155465052 14.1703695640899 16.1211126879789 16.0343333063647 16.2372966534458 12.7897884929553 -9999 -9999 -9999 -9999 -9999 -9999 -9999 -9999 -9999 -9999 -9999 -9999 -9999 -9999 -9999 -9999 -9999 -9999 -9999 -9999 -9999 -9999 -9999 -9999 -9999 -9999 -9999 -9999 -9999 -9999 -9999 8.24071003410407 13.925286137436 15.1098818774335 12.858817546512 14.4299905239604 14.0466551564168 14.3252815180458 14.413495269604 14.5167699055746 14.6602068999782 14.6745505994186 15.2640766464174 15.1041443976574 14.7527237613685 14.9513839986175 14.8079470042139 14.8574327672832 14.3948484603316 14.770653385669 14.7018036283553 14.6264992062934 14.3432111423463
13.5840708494652 13.5600451529026 13.5026703551412 13.5227515343577 13.7565538352355 16.2086092545651 16.0171208670363 16.0816675145179 16.0249996418133 -9999 -9999 -9999 -9999 -9999 -9999 -9999 -9999 -9999 -9999 -9999 -9999 -9999 -9999 -9999 -9999 -9999 -9999 -9999 -9999 -9999 -9999 -9999 -9999 -9999 -9999 -9999 -9999 -9999 -9999 -9999 -9999 -9999 -9999 12.9121745932506 12.4926348528825 14.332453367766 14.0893276622519 13.7995849335566 14.7814111602493 14.3912625354715 14.6200445415452 15.1443067560904 15.4519791090861 14.5017090211622 15.008041611407 15.0761741837487 14.8990294956602 14.5411541946232 14.3661610614508 14.4249702291563 14.3912625354715 14.2313302867115
13.77591782948 13.6647541588172 13.3513443260454 14.4285561540164 13.9702749568969 15.3142795944586 15.7775810863823 15.8973509767093 16.0809503295459 15.1699996609241 -9999 -9999 -9999 -9999 -9999 16.1899624452926 -9999 -9999 -9999 -9999 -9999 -9999 -9999 -9999 -9999 -9999 -9999 -9999 -9999 -9999 -9999 -9999 -9999 -9999 -9999 -9999 -9999 -9999 -9999 -9999 -9999 -9999 -9999 -9999 6.35839545753385 13.4461920385947 14.4601122927852 14.1796929687262 13.3893551295623 15.2439954672009 15.1622363803908 14.4185155644082 14.4859309517778 15.2239142879844 14.4995574662462 14.5684072235599 14.8703420967795 14.8402203279547 14.0412762691267 13.5105593898334 13.4295174879953 14.0054170205258
14.0097201303579 14.4859309517778 14.0893276622519 14.0814386275597 12.5272987931967 14.6035492871888 15.6248206873424 15.8012481904589 16.0701925549656 15.8406933639199 15.6599996499717 -9999 -9999 -9999 -9999 -9999 -9999 -9999 -9999 -9999 -9999 -9999 -9999 -9999 -9999 -9999 -9999 -9999 -9999 -9999 -9999 -9999 -9999 -9999 -9999 -9999 -9999 -9999 -9999 -9999 -9999 -9999 -9999 -9999 -9999 11.7618033181733 13.0372173083015 12.3863002276979 13.7630084999837 13.9480422227643 14.0606402633712 14.1388134253211 14.0964995119721 14.1689351941459 16.1103549133986 14.6286507612094 14.6021149172448 14.4593951078132 14.1502883848734 12.940397337079 13.6303292801604 13.973860881757
13.9021423845552 14.0201193124522 14.6351054259576 13.8677175058983 14.968596437946 15.4756462131627 15.2805719007738 15.8306527743116 16.0436567110009 16.2996917460114 16.3326822547242 13.0752281118184 16.4060496130739 -9999 10.3050836262107 -9999 21.6050651188691 16.0044855838301 -9999 -9999 -9999 -9999 -9999 -9999 -9999 -9999 -9999 -9999 -9999 -9999 -9999 -9999 -9999 -9999 -9999 -9999 -9999 -9999 -9999 -9999 -9999 -9999 -9999 -9999 -9999 8.8399998024106 13.4949996983632 12.7491001988761 12.7241660680156 12.8019806374796 12.7279312891187 12.6169469146989 13.7651600548998 13.7931302688085 14.8832514262758 17.7146976958029 15.008758796379 14.7957548596896 14.2241584369913 13.7823724942282 13.7371898409911 13.6375011298805
13.6100090392865 13.217230736278 16.0952940289862 15.9138462310657 15.8019653754309 15.5918301786296 15.7861873060465 16.1519516417757 15.9296243004501 16.2595293875784 16.0974455839023 17.4170659324154 16.079999640584 18.9052247493528 17.2176885101944 18.9253059285693 18.0503402627073 9.49941239578252 -9999 -9999 -9999 -9999 -9999 -9999 -9999 -9999 -9999 -9999 -9999 -9999 -9999 -9999 -9999 -9999 -9999 -9999 -9999 -9999 -9999 -9999 -9999 -9999 -9999 -9999 -9999 -9999 -9999 -9999 13.6647541588172 13.5428327135742 12.9533066665754 12.6929685217328 13.0938749210909 12.2031311858445 13.4087191238068 13.6794564507436 14.8861201661639 13.6525620142929 14.1172978761606 14.1158635062166 13.7099368120544 13.6518448293209
14.132358760573 13.3681981728878 13.6658299362753 13.5234687193297 15.9116946761496 16.4754020641558 16.402966381982 15.8005310054868 15.68793296488 15.9375133351423 15.7804498262703 15.7202062886208 15.2210455480963 17.2614367934875 17.5734122563154 17.6601916379295 14.9849996650591 12.5816929965331 -9999 -9999 -9999 -9999 -9999 -9999 -9999 -9999 -9999 -9999 -9999 -9999 -9999 -9999 -9999 -9999 -9999 -9999 -9999 -9999 -9999 -9999 -9999 -9999 -9999 -9999 -9999 -9999 -9999 -9999 12.6721701575443 13.1247138748877 12.6420483887196 12.5631580417976 12.2432935442775 14.3001800440252 15.5351725658402 14.3188268532977 14.2564317607321 14.1897335583344 15.0309915305115 14.6537522352301 14.0448621939868 14.0814386275597
12.7256004379597 12.6545991257299 12.9583269613795 15.3372295135632 14.769219015725 16.7285683592781 16.1870937054045 15.8593401731923 15.926755560562 16.0106662022881 16.1741843759082 15.9231696357019 15.4240088951774 15.5165257565677 16.7582120047882 14.2516505275853 18.0888665429229 -9999 -9999 -9999 -9999 -9999 -9999 -9999 -9999 -9999 -9999 -9999 -9999 -9999 -9999 -9999 -9999 -9999 -9999 -9999 -9999 -9999 -9999 -9999 -9999 -9999 -9999 -9999 -9999 -9999 -9999 -9999 13.7293008062989 13.058732857462 12.1852015615441 12.140018908307 13.0488715640968 12.8753128008684 14.3403424024582 14.3797875759192 15.4899899126031 9.75035858154297 11.7161625898443 13.7515335404314 13.7802209393121 13.4101534937508
15.1615191954188 15.5990020283498 15.4297463749535 14.1223181709647 14.9750511026941 16.3513290639967 15.0811944785528 15.5143742016517 15.6628314908594 16.2946714512073 16.641788977664 16.5564439659938 16.6532639372163 16.5987578793429 17.9599749562331 6.69999985024333 -9999 -9999 -9999 -9999 -9999 -9999 -9999 -9999 -9999 -9999 -9999 -9999 -9999 -9999 -9999 -9999 -9999 -9999 -9999 -9999 -9999 -9999 -9999 -9999 -9999 -9999 -9999 -9999 -9999 -9999 -9999 -9999 12.2290601809867 13.3441724763252 13.2122104414739 13.4402752625756 12.5638752267696 12.5330362729728 13.4700384389143 12.4900051746517 13.5015945776831 13.6733603784814 13.5220343493856 12.1514938678592 12.4268928971142 12.6226843944751
12.9285637850408 15.5452131554484 15.7625202019699 16.6410717926919 15.1084475074895 15.3580278777517 15.3795434269123 15.329340478871 15.5925473636016 15.9317758553661 16.3936429773457 16.6152531336993 17.1796777066775 18.1012603957206 15.4146854905412 -9999 -9999 -9999 -9999 -9999 -9999 -9999 -9999 -9999 -9999 -9999 -9999 -9999 -9999 -9999 -9999 -9999 -9999 -9999 -9999 -9999 -9999 -9999 -9999 -9999 -9999 -9999 -9999 -9999 -9999 -9999 -9999 -9999 -9999 12.8680038422565 13.6697744536214 12.8615069901571 12.3311487033498 12.3071230067872 13.0070955394767 12.5882595158182 13.3484755861573 12.7528534668963 12.7693487212528 13.2710196091793 12.8457289207727 12.7765205709729
15.4046449009329 14.9148075650446 14.7634815359488 14.4665669575334 14.8940092008561 15.3601794326678 15.0395977501757 15.8700979477726 15.3135624094866 15.7187719186768 17.0885952152312 17.639393273741 17.5956449904479 18.5667134425603 19.5650349236093 13.9134133740696 -9999 -9999 -9999 -9999 -9999 -9999 -9999 -9999 -9999 -9999 -9999 -9999 -9999 -9999 -9999 -9999 -9999 -9999 -9999 -9999 -9999 -9999 -9999 -9999 -9999 -9999 -9999 -9999 -9999 -9999 5.42833832622682 5.39130832161754 12.7349997153506 -9999 11.5949583295733 12.9364289135672 14.0210157936672 13.6109652859159 11.6096606214996 12.0019608011935 12.6528061632998 12.4763786601834 12.3594775097445 13.0780968517065 13.1889019298833 12.6445585361216
13.6927243727259 14.371181356255 14.2851191596128 14.1811273386702 14.4034546799958 14.9965666518547 14.9248481546529 15.6721548954956 14.9532964918762 15.5825067739934 16.2387310233898 17.081423365511 17.6422620136291 18.1299477946013 16.2986159685533 -9999 -9999 -9999 -9999 -9999 -9999 -9999 -9999 -9999 -9999 -9999 -9999 -9999 -9999 -9999 -9999 -9999 -9999 -9999 -9999 -9999 -9999 -9999 -9999 -9999 -9999 -9999 -9999 -9999 -9999 -9999 -9999 -9999 11.0431282243964 15.9630246291469 14.8748245028546 15.6158558751922 11.3549682234717 15.7947935257107 12.1550797927193 11.6200598035939 11.6046403266955 12.7352824350819 12.0399716047104 13.0386516782455 12.3250526310876 13.2468743817881
13.5715201124549 13.5643482627347 14.0792870726436 13.6626026039012 14.0692464830354 14.8445234377868 15.3386638835073 15.4118167506531 15.1113162473775 15.486403987743 15.6241035023704 17.5669575915672 17.8660237248987 18.1199072049931 16.0399996414781 -9999 -9999 -9999 -9999 -9999 -9999 -9999 -9999 -9999 -9999 -9999 -9999 -9999 -9999 -9999 -9999 -9999 -9999 -9999 -9999 -9999 -9999 -9999 -9999 -9999 -9999 -9999 -9999 -9999 -9999 -9999 -9999 -9999 -9999 -9999 13.4693451601081 15.0558539428748 15.9142048235517 15.2396923573688 14.73013243475 16.6416694468353 13.2703024242073 14.9951322819106 13.8748893556185 13.1993011119775 13.3326975167729 13.2150791813619
13.5901669217274 13.3205053722486 13.3441724763252 13.8103427081369 15.0790429236367 15.2934812302701 15.0596789293922 15.6348612769507 14.9348887442611 16.1333048325032 16.0630207052454 16.442411555443 17.5784325511195 17.8997314185835 15.3195867632516 -9999 -9999 -9999 -9999 -9999 -9999 -9999 -9999 -9999 -9999 -9999 -9999 -9999 -9999 -9999 -9999 -9999 -9999 -9999 -9999 -9999 -9999 -9999 -9999 -9999 -9999 -9999 -9999 -9999 -9999 -9999 -9999 -9999 -9999 -9999 -9999 -9999 14.2049996824935 15.767540496774 15.6678517856635 15.9375133351423 15.8622089130804 16.0924252890982 15.1423344974173 12.9848628053442 13.7135227369145 13.8777580955066
