EcologicalScience/Bass/data/rs_data_bass/sst_9.asc
NCOLS 226 
NROWS 124 
XLLCORNER -9.41648524995501 
YLLCORNER 47.587301625531 
CELLSIZE 0.0833 
NODATA_value -9999 
[rows 27 to 53 of 124, columns 62 to 123 of 226]
-9999 -9999 -9999 -9999 -9999 -9999 -9999 -9999 -9999 -9999 -9999 -9999 -9999 -9999 -9999 -9999 -9999 -9999 -9999 -9999 -9999 -9999 -9999 -9999 -9999 -9999 -9999 -9999 12.5299997199327 4.50049989940599 4.85999989137053 4.84999989159405 4.85999989137053 4.98999988846481 5.09499988611788 5.09999988600612 6.06833319769551 5.69499987270683 5.69499987270683 6.41166652335475 6.33166652514289 6.36333319110175 6.17833319523682 6.64499985147268 6.38999985717237 6.38999985717237 5.7149998722598 5.98499986622483 6.6537498512771 6.64666651810209 6.51999985426664 6.40499985683709 6.44999985583127 6.53333318730195 6.74333318260809 6.62833318517854 6.34166652491937 6.4183331898724 5.83499986957759 5.76249987119809 6.17666652860741 6.08833319724848
-9999 -9999 -9999 -9999 -9999 -9999 -9999 -9999 -9999 -9999 -9999 -9999 -9999 -9999 -9999 -9999 -9999 -9999 -9999 -9999 -9999 -9999 -9999 -9999 -9999 -9999 -9999 -9999 -9999 -9999 9.78499978128821 5.36549988007173 5.15333321814736 5.52499987650663 5.52499987650663 5.50124987703748 5.46874987776391 5.82874986971729 6.24124986049719 6.22749986080453 6.18624986172654 6.52999985404313 6.56999985314906 6.7199998497963 6.81499984767288 6.77833318182578 6.52499985415488 6.63999985158443 6.52499985415488 5.69749987265095 5.54999987594783 6.32166652536641 6.28833319277813 6.33999985828996 6.40833319009592 6.56499985326082 6.30333319244285 6.18999986164272 6.11333319668968 6.2116665278251 6.078333197472 6.13833319613089
-9999 -9999 -9999 -9999 -9999 -9999 -9999 -9999 -9999 -9999 -9999 -9999 -9999 -9999 -9999 -9999 -9999 -9999 -9999 -9999 -9999 -9999 -9999 -9999 -9999 -9999 -9999 -9999 -9999 -9999 -9999 4.16949990680441 4.85499989148229 4.85499989148229 5.53499987628311 5.51499987673014 5.5099998768419 6.34624985815026 6.39874985697679 6.39624985703267 6.25833319344868 6.49333318819602 6.78333318171402 6.7199998497963 6.5266665207843 5.23249988304451 5.37749987980351 5.50499987695366 5.24749988270923 6.72999984957278 6.11999986320734 6.81999984756112 6.71499984990805 6.53499985393137 6.53499985393137 6.03166653184841 6.43333318953713 6.58833318607261 6.16999986208975 6.08999986387789 6.08166653073082 6.15999986231327
-9999 -9999 -9999 -9999 -9999 -9999 -9999 -9999 -9999 -9999 -9999 -9999 -9999 -9999 -9999 -9999 -9999 -9999 -9999 -9999 -9999 -9999 -9999 -9999 -9999 -9999 -9999 -9999 -9999 -9999 -9999 4.05699990931898 4.85999989137053 4.85999989137053 5.5099998768419 5.81149987010285 6.18499986175448 6.5212498542387 6.74333318260809 6.53333318730195 6.68333318394919 6.76666651541988 6.75333318238457 6.78833318160226 6.64333318484326 6.54999985359609 6.58666651944319 6.2966665259252 6.16999986208975 5.80833320350697 5.46833321110656 6.03666653173665 6.12499986309558 6.11249986337498 6.03333319847782 6.31499985884875 6.3816665240253 6.38666652391354 6.22333319423099 6.15999986231327 6.21833319434275 6.1516665291662
-9999 -9999 -9999 -9999 -9999 -9999 -9999 -9999 -9999 -9999 -9999 -9999 -9999 -9999 -9999 -9999 -9999 -9999 -9999 -9999 -9999 -9999 -9999 -9999 -9999 -9999 -9999 -9999 -9999 -9999 -9999 5.06099045291578 5.82714272689606 5.70357130108667 5.79099987056106 6.13399986289442 4.96999988891184 4.7099998947233 4.7099998947233 6.71666651653747 6.57833318629612 6.63833318495502 6.69999985024333 6.64499985147268 6.64499985147268 6.60499985236675 6.5999998524785 5.89999986812472 5.38166654637704 5.13333321859439 6.38666652391354 6.81833318093171 6.46833318875482 6.59499985259026 5.82999986968935 6.38799985721707 6.48899985495955 6.4666665221254 6.38666652391354 6.38666652391354 6.30333319244285 6.10499986354262
-9999 -9999 -9999 -9999 -9999 -9999 -9999 -9999 -9999 -9999 -9999 -9999 -9999 -9999 -9999 -9999 -9999 -9999 -9999 -9999 -9999 -9999 -9999 -9999 -9999 -9999 -9999 -9999 -9999 -9999 -9999 -9999 11.9849997321144 5.63699987400323 5.75999987125397 6.52166652089606 6.47333318864306 4.9649998890236 4.97499988880008 5.02999988757074 4.99999988824129 5.09499988611788 6.58666651944319 6.45833318897833 6.49999985471368 6.57333318640788 6.55833318674316 6.69499985035509 7.15499984007329 6.77499984856695 6.82666651407878 6.83333318059643 6.89499984588474 6.91666651206712 6.92749984515831 6.32166652536641 6.57333318640788 6.88499984610826 6.88499984610826 6.4899998549372 5.48249987745658 5.38249987969175
-9999 -9999 -9999 -9999 -9999 -9999 -9999 -9999 -9999 -9999 -9999 -9999 -9999 -9999 -9999 -9999 -9999 -9999 -9999 -9999 -9999 -9999 -9999 -9999 -9999 -9999 -9999 -9999 -9999 -9999 -9999 -9999 11.9699997324497 6.21999986097217 6.17666652860741 6.27333319311341 6.51666652100782 4.7349998941645 4.88999989069998 4.98499988857657 5.07499988656491 6.43166652290771 6.53166652067254 6.58333318618437 5.23499988298863 5.22249988326803 6.70874985004775 6.62999985180795 6.82166651419054 6.34999985806644 6.34999985806644 7.13124984060414 6.8299998473376 6.90624984563328 6.78999984823167 6.78999984823167 6.59499985259026 6.58999985270202 6.33666652503113 6.31999985873699 6.33666652503113 6.23499986063689
-9999 -9999 -9999 -9999 -9999 -9999 -9999 -9999 -9999 -9999 -9999 -9999 -9999 -9999 -9999 -9999 -9999 -9999 -9999 -9999 -9999 -9999 -9999 -9999 -9999 -9999 -9999 -9999 -9999 -9999 -9999 -9999 -9999 7.72035697029371 6.41666652324299 6.3333331917723 6.28333319288989 6.37666652413706 6.13666652950148 6.1633331955721 6.33499985840172 6.42333318976064 6.55333318685492 4.91999989002943 5.93499986734241 5.93499986734241 6.19833319478979 6.32333319199582 6.40999985672534 6.45999985560775 6.48499985504895 6.79499984811991 6.79999984800816 7.21999983862042 7.19999983906746 7.0537498423364 6.92999984510243 6.92999984510243 6.56833318651964 6.48499985504895 6.49833318808426 6.45333318909009
-9999 -9999 -9999 -9999 -9999 -9999 -9999 13.8149996912107 13.7849996918812 5.84555542489721 6.56055540891571 6.52611096524116 -9999 -9999 8.41999981179833 -9999 -9999 -9999 -9999 -9999 -9999 -9999 -9999 -9999 -9999 -9999 -9999 -9999 -9999 -9999 -9999 -9999 -9999 -9999 11.9949997318909 6.49499985482544 6.39499985706061 6.42166652313123 6.42833318964889 6.2366665272663 6.31666652547816 6.36666652436058 6.17666652860741 6.4783331885313 6.67999985069036 6.73999984934926 7.09833317467322 6.88833317936709 6.73499984946102 6.9562498445157 6.8783331795906 6.95499984454364 6.89999984577298 6.85999984666705 5.85749986907467 5.76749987108633 6.8416665137435 6.83999984711409 6.69999985024333 6.81166651441405 6.75333318238457 6.53499985393137
-9999 -9999 -9999 -9999 14.9649996655062 15.7149996487424 7.94874982233159 7.06999984197319 6.80833318115522 6.74222207152181 6.99590893453834 6.72277762751198 -9999 -9999 -9999 -9999 -9999 -9999 -9999 -9999 -9999 -9999 -9999 -9999 -9999 -9999 -9999 -9999 -9999 -9999 -9999 -9999 -9999 -9999 6.02249986538664 5.95999986678362 6.30166652581344 6.32166652536641 6.01166653229545 5.61999987438321 5.79166653721283 5.70166653922449 6.09666653039555 6.48166652179013 6.44499985594302 6.47166652201364 6.37833319076647 6.58333318618437 6.86499984655529 6.86499984655529 7.00999984331429 6.75166651575516 6.74999984912574 6.74999984912574 6.97666651072602 6.85166651351998 6.8299998473376 7.11666650759677 6.90999984554946 6.77666651519636 6.79999984800816 6.77999984845519
7.2005553946106 7.50954528669403 7.40714269158031 6.83772711989216 6.80833318115522 5.63999987393618 5.51499987673014 4.92299988996237 6.28333319288989 6.45666652234892 16.6699996273965 -9999 -9999 -9999 -9999 -9999 -9999 -9999 -9999 -9999 -9999 -9999 -9999 -9999 -9999 -9999 -9999 -9999 -9999 -9999 -9999 -9999 -9999 -9999 12.7799997143447 6.30299985911697 6.17833319523682 6.30999985896051 4.59999989718199 4.57999989762902 6.60833318562557 5.7937498704996 5.92999986745417 6.40499985683709 6.23999986052513 6.17166652871917 6.82333318081995 6.37999985739589 6.36499985773116 6.70999985001981 6.70999985001981 6.96166651106129 6.61666651877264 6.82666651407878 7.06833317534377 7.12833317400267 6.81499984767288 6.90833317892005 6.9016665124024 6.85833318003764 6.84833318026115 6.94499984476715
6.65333318461974 6.44416652262832 6.55999985337257 6.08999986387789 6.16499986220151 6.21499986108392 5.27499988209456 5.09166655285905 4.96299988906831 6.68785699337189 -9999 -9999 -9999 -9999 -9999 -9999 -9999 -9999 -9999 -9999 -9999 -9999 -9999 -9999 -9999 -9999 -9999 -9999 -9999 -9999 -9999 -9999 -9999 -9999 -9999 6.22949986075982 6.18999986164272 6.10166653028379 5.10249988595024 6.11999986320734 6.26333319333692 6.50499985460192 5.72999987192452 5.89499986823648 6.07999986410141 6.31999985873699 6.23499986063689 6.35999985784292 6.43999985605478 6.94666651139657 6.93499984499067 6.95499984454364 7.06999984197319 6.48499985504895 6.75333318238457 6.88666651273767 6.87666651296119 6.86833317981412 7.15374984010123 6.81499984767288 7.00999984331429 6.94666651139657
5.84249986940995 6.46999985538423 5.14999988488853 5.83999986946583 5.71999987214804 5.55999987572432 5.99166653274248 5.97499986644834 7.18999983929098 -9999 -9999 -9999 -9999 -9999 -9999 -9999 -9999 -9999 -9999 -9999 -9999 -9999 -9999 -9999 -9999 -9999 -9999 -9999 -9999 -9999 -9999 -9999 -9999 -9999 -9999 -9999 14.2299996819347 5.94166653386007 5.05249988706782 5.36499988008291 6.34833319143703 5.98499986622483 5.98499986622483 5.87999986857176 5.99499986600131 6.07999986410141 6.06999986432493 6.12999986298382 6.55999985337257 6.55999985337257 6.80999984778464 6.80999984778464 6.73166651620219 6.55666652011375 7.01666650983195 6.92999984510243 6.90499984566122 6.89833317914357 6.8899998459965 6.85666651340822 6.79499984811991 6.67666651743154
6.09999986365438 5.44499987829477 5.33499988075346 5.24999988265336 5.24499988276511 6.01699986550957 6.2869998594746 6.5709998531267 12.7897884929553 -9999 -9999 -9999 -9999 -9999 -9999 -9999 -9999 -9999 -9999 -9999 -9999 -9999 -9999 -9999 -9999 -9999 -9999 -9999 -9999 -9999 -9999 -9999 -9999 -9999 -9999 -9999 -9999 -9999 -9999 -9999 13.5999996960163 13.4749996988103 5.67999987304211 5.77999987080693 5.91499986778945 6.14499986264855 6.1999998614192 6.28999985940754 6.60999985225499 6.77999984845519 6.72499984968454 6.63999985158443 6.83999984711409 6.8783331795906 6.77499984856695 6.77499984856695 6.86999984644353 6.89499984588474 6.8899998459965 6.82666651407878 6.78999984823167 6.7449998492375
6.09499986376613 5.09499988611788 5.17999988421798 5.06499988678843 4.99999988824129 6.3449998581782 6.62599985189736 6.73399984948337 7.27833317064991 -9999 -9999 -9999 -9999 -9999 -9999 -9999 -9999 -9999 -9999 -9999 -9999 -9999 -9999 -9999 -9999 -9999 -9999 -9999 -9999 -9999 -9999 -9999 -9999 -9999 -9999 -9999 -9999 -9999 -9999 -9999 -9999 -9999 -9999 3.66999991796911 5.95999986678362 5.90499986801296 6.24999986030161 6.56999985314906 6.5999998524785 6.66999985091388 6.68999985046685 6.81666651430229 6.81166651441405 6.81666651430229 6.69999985024333 6.78999984823167 6.87499984633178 6.83833318048467 6.80999984778464 6.11999986320734 6.11999986320734 6.74333318260809
6.29499985929579 5.38499987963587 6.09999986365438 6.09999986365438 5.43249987857416 5.4974998771213 6.66999985091388 6.88399984613061 6.77099984865636 7.38249983498827 -9999 -9999 -9999 -9999 -9999 16.1899624452926 -9999 -9999 -9999 -9999 -9999 -9999 -9999 -9999 -9999 -9999 -9999 -9999 -9999 -9999 -9999 -9999 -9999 -9999 -9999 -9999 -9999 -9999 -9999 -9999 -9999 -9999 -9999 -9999 5.81590896091339 5.97499986644834 5.86499986890703 5.84499986935407 6.54999985359609 6.61999985203147 6.64999985136092 6.6599998511374 6.72166651642571 6.68499985057861 6.60999985225499 6.68999985046685 6.83499984722584 6.76499984879047 6.97833317735543 6.73166651620219 6.68999985046685 6.69499985035509
5.60999987460673 5.11999988555908 5.87499986868352 6.10499986354262 6.2849998595193 6.35999985784292 6.40499985683709 6.35499985795468 6.18999986164272 6.86799984648824 14.0299996864051 -9999 -9999 -9999 -9999 -9999 -9999 -9999 -9999 -9999 -9999 -9999 -9999 -9999 -9999 -9999 -9999 -9999 -9999 -9999 -9999 -9999 -9999 -9999 -9999 -9999 -9999 -9999 -9999 -9999 -9999 -9999 -9999 -9999 -9999 13.5699996966869 7.07699984181672 6.18999986164272 6.30999985896051 6.41499985661358 6.46999985538423 6.61999985203147 6.64166651821385 6.66833318428447 6.63999985158443 6.4299998562783 6.4299998562783 6.8783331795906 6.5212498542387 7.00333317679663 6.99999984353781 6.20999986119568
5.23499988298863 5.1949998838827 5.40499987918884 5.90999986790121 6.04999986477196 6.00499986577779 5.91499986778945 5.85999986901879 5.86999986879528 5.87499986868352 7.05333317567905 15.769999647513 -9999 -9999 -9999 -9999 19.954999553971 19.954999553971 -9999 -9999 -9999 -9999 -9999 -9999 -9999 -9999 -9999 -9999 -9999 -9999 -9999 -9999 -9999 -9999 -9999 -9999 -9999 -9999 -9999 -9999 -9999 -9999 -9999 -9999 -9999 8.8399998024106 13.0599997080863 6.56181803515012 6.44722207811558 6.85874984669499 7.14374984032474 7.04499984253198 6.77624984853901 6.57999985292554 6.50999985449016 6.50999985449016 6.59666651921968 6.57166651977847 6.83999984711409 6.64499985147268 6.64499985147268 6.15999986231327
5.71249987231568 5.7274998719804 6.17999986186624 6.00999986566603 5.9699998665601 5.90999986790121 5.68499987293035 5.72999987192452 5.79499987047166 5.77499987091869 5.77499987091869 7.08999984152615 16.3799996338785 15.4949996536598 15.7099996488541 14.6799996718764 7.54833316461494 5.42124987882562 -9999 -9999 -9999 -9999 -9999 -9999 -9999 -9999 -9999 -9999 -9999 -9999 -9999 -9999 -9999 -9999 -9999 -9999 -9999 -9999 -9999 -9999 -9999 -9999 -9999 -9999 -9999 -9999 -9999 -9999 13.6099996957928 6.66399985104799 5.82749986974522 6.27999985963106 6.36833319098999 6.41666652324299 6.46333318886658 6.4783331885313 6.48666652167837 6.51333318774899 6.68499985057861 6.83833318048467 7.26874983753078 7.26874983753078
6.61999985203147 6.54999985359609 6.39999985694885 6.2599998600781 6.08499986398965 6.0549998646602 6.09499986376613 5.99499986600131 5.83999986946583 5.79499987047166 5.72499987203628 5.63499987404794 5.40499987918884 5.29499988164753 5.29999988153577 6.63333318506678 15.624999650754 -9999 -9999 -9999 -9999 -9999 -9999 -9999 -9999 -9999 -9999 -9999 -9999 -9999 -9999 -9999 -9999 -9999 -9999 -9999 -9999 -9999 -9999 -9999 -9999 -9999 -9999 -9999 -9999 -9999 -9999 -9999 6.15285700533007 6.44499985594302 6.52749985409901 6.16499986220151 6.19666652816037 6.2483331936722 6.32666652525465 6.34666652480761 6.42166652313123 6.45999985560775 6.45249985577539 6.49499985482544 6.39499985706061 6.39499985706061
7.19499983917922 6.77999984845519 6.92499984521419 6.45499985571951 6.34999985806644 6.2849998595193 6.21499986108392 6.10999986343086 5.97499986644834 5.83499986957759 5.55499987583607 5.52499987650663 5.41499987896532 5.3399998806417 5.37999987974763 7.12333317411443 7.17687483958434 -9999 -9999 -9999 -9999 -9999 -9999 -9999 -9999 -9999 -9999 -9999 -9999 -9999 -9999 -9999 -9999 -9999 -9999 -9999 -9999 -9999 -9999 -9999 -9999 -9999 -9999 -9999 -9999 -9999 -9999 -9999 6.24499986041337 6.29249985935166 6.51624985435046 6.13499986287206 6.15833319568386 4.52999989874661 4.52999989874661 6.32499985862523 6.33666652503113 6.34833319143703 6.14749986259267 6.23749986058101 6.26749985991046 6.31749985879287
6.94499984476715 6.70499985013157 6.67499985080212 6.54999985359609 6.46999985538423 6.38999985717237 6.2849998595193 6.13499986287206 5.98999986611307 6.15999986231327 6.23499986063689 5.13999988511205 5.32999988086522 5.24499988276511 6.51166652111958 6.69999985024333 -9999 -9999 -9999 -9999 -9999 -9999 -9999 -9999 -9999 -9999 -9999 -9999 -9999 -9999 -9999 -9999 -9999 -9999 -9999 -9999 -9999 -9999 -9999 -9999 -9999 -9999 -9999 -9999 -9999 -9999 -9999 -9999 7.8287498250138 6.08833319724848 5.90999986790121 5.3399998806417 5.50499987695366 5.65999987348914 6.25333319356044 6.35166652469585 6.31999985873699 6.3816665240253 6.53999985381961 6.57333318640788 6.41666652324299 6.39166652380178
7.3749998351559 7.3499998357147 7.1449998402968 7.36499983537942 6.52499985415488 6.64499985147268 6.39499985706061 6.18999986164272 6.15999986231327 7.00899984333664 5.70499987248331 5.60499987471849 5.35499988030642 6.08833319724848 7.20722206112825 -9999 -9999 -9999 -9999 -9999 -9999 -9999 -9999 -9999 -9999 -9999 -9999 -9999 -9999 -9999 -9999 -9999 -9999 -9999 -9999 -9999 -9999 -9999 -9999 -9999 -9999 -9999 -9999 -9999 -9999 -9999 -9999 -9999 -9999 7.54260852706173 6.46124985557981 6.30624985904433 5.97833319970717 6.04666653151313 6.29499985929579 6.21833319434275 6.30333319244285 6.42166652313123 6.64499985147268 6.64166651821385 6.29999985918403 6.16499986220151
6.70499985013157 6.76499984879047 6.76499984879047 6.6599998511374 6.60999985225499 6.4299998562783 6.54999985359609 6.54333318707844 6.54499985370785 6.06499986443669 5.77499987091869 5.54499987605959 5.80499987024814 5.89499986823648 6.13749986281618 15.5899996515363 -9999 -9999 -9999 -9999 -9999 -9999 -9999 -9999 -9999 -9999 -9999 -9999 -9999 -9999 -9999 -9999 -9999 -9999 -9999 -9999 -9999 -9999 -9999 -9999 -9999 -9999 -9999 -9999 -9999 -9999 11.6649997392669 8.56499980855733 7.58499983046204 -9999 11.5949583295733 6.37374985753559 6.51624985435046 5.64499987382442 5.67874987307005 6.00749986572191 6.20166652804861 6.25833319344868 6.40166652357827 6.12833319635441 6.05833319791903 6.08166653073082
6.85499984677881 6.63499985169619 6.66999985091388 6.47499985527247 6.33999985828996 6.2849998595193 6.21999986097217 6.09999986365438 6.05999986454844 5.72999987192452 5.57999987527728 5.41499987896532 5.34999988041818 5.74833320484807 15.334999657236 -9999 -9999 -9999 -9999 -9999 -9999 -9999 -9999 -9999 -9999 -9999 -9999 -9999 -9999 -9999 -9999 -9999 -9999 -9999 -9999 -9999 -9999 -9999 -9999 -9999 -9999 -9999 -9999 -9999 -9999 -9999 -9999 -9999 -9999 15.5849996516481 5.6728570160589 5.6728570160589 6.03499986510724 5.77333320428928 6.13999986276031 6.08166653073082 6.15499986242503 6.10666653017203 6.11166653006027 6.20666652793686 6.31999985873699 6.34999985806644
6.52999985404313 6.50499985460192 6.45499985571951 6.43499985616654 6.32499985862523 6.17499986197799 6.10499986354262 6.01999986544251 5.89499986823648 5.99833319926014 5.89833320149531 5.62499987427145 5.54499987605959 5.51333321010073 15.5049996534362 -9999 -9999 -9999 -9999 -9999 -9999 -9999 -9999 -9999 -9999 -9999 -9999 -9999 -9999 -9999 -9999 -9999 -9999 -9999 -9999 -9999 -9999 -9999 -9999 -9999 -9999 -9999 -9999 -9999 -9999 -9999 -9999 -9999 -9999 -9999 5.86299986895174 5.67428558745554 5.85428558343223 5.72999987192452 5.90666653464238 6.0183331988131 6.029999865219 6.11666652994851 5.07499988656491 6.93999984487891 6.18666652838389 6.12333319646617
6.49499985482544 6.37999985739589 6.20499986130744 6.1149998633191 6.06499986443669 6.06999986432493 5.98999986611307 6.0549998646602 5.85999986901879 5.85999986901879 5.58666654179494 5.44999987818301 5.42999987863004 5.45666654470066 6.70749985007569 -9999 -9999 -9999 -9999 -9999 -9999 -9999 -9999 -9999 -9999 -9999 -9999 -9999 -9999 -9999 -9999 -9999 -9999 -9999 -9999 -9999 -9999 -9999 -9999 -9999 -9999 -9999 -9999 -9999 -9999 -9999 -9999 -9999 -9999 -9999 -9999 -9999 8.10142839034753 5.11999988555908 5.11999988555908 5.06999988667667 5.05999988690019 5.97499986644834 5.08499988634139 5.15999988466501 5.22499988321215 6.078333197472
