EcologicalScience/Bass/data/rs_data_bass/sst_344.asc
NCOLS 226 
NROWS 124 
XLLCORNER -9.41648524995501 
YLLCORNER 47.587301625531 
CELLSIZE 0.0833 
NODATA_value -9999 
[rows 81 to 107 of 124, columns 62 to 123 of 226]
12.3259880897468 -9999 -9999 -9999 -9999 -9999 -9999 -9999 -9999 -9999 -9999 -9999 -9999 -9999 -9999 -9999 -9999 -9999 -9999 -9999 -9999 -9999 -9999 -9999 -9999 -9999 -9999 -9999 -9999 -9999 -9999 -9999 -9999 -9999 -9999 -9999 -9999 -9999 -9999 -9999 -9999 -9999 -9999 -9999 -9999 -9999 -9999 -9999 -9999 -9999 -9999 -9999 -9999 -9999 -9999 -9999 -9999 -9999 -9999 -9999 -9999 -9999
14.9006070468801 -9999 -9999 -9999 -9999 -9999 -9999 -9999 -9999 -9999 -9999 -9999 -9999 -9999 -9999 -9999 -9999 -9999 -9999 -9999 -9999 -9999 -9999 -9999 -9999 -9999 -9999 -9999 -9999 -9999 -9999 -9999 -9999 -9999 -9999 -9999 -9999 -9999 -9999 -9999 -9999 -9999 -9999 -9999 -9999 -9999 -9999 -9999 -9999 -9999 -9999 -9999 -9999 -9999 -9999 -9999 -9999 -9999 -9999 -9999 -9999 -9999
-9999 -9999 -9999 -9999 -9999 -9999 -9999 -9999 -9999 -9999 -9999 -9999 -9999 -9999 -9999 -9999 -9999 -9999 -9999 -9999 -9999 -9999 -9999 -9999 -9999 -9999 -9999 -9999 -9999 -9999 -9999 -9999 -9999 -9999 -9999 -9999 -9999 -9999 -9999 -9999 -9999 -9999 -9999 -9999 -9999 -9999 -9999 -9999 -9999 -9999 -9999 -9999 -9999 -9999 -9999 -9999 -9999 -9999 -9999 -9999 15.1869981141305 -9999
-9999 -9999 -9999 -9999 -9999 -9999 -9999 -9999 -9999 -9999 -9999 -9999 -9999 -9999 -9999 -9999 -9999 -9999 -9999 -9999 -9999 -9999 -9999 -9999 -9999 -9999 -9999 -9999 -9999 -9999 -9999 -9999 -9999 11.3199997469783 11.209999749437 11.1449997508898 -9999 -9999 -9999 -9999 -9999 -9999 -9999 -9999 -9999 -9999 -9999 -9999 -9999 -9999 -9999 -9999 -9999 -9999 -9999 -9999 17.2699996139854 15.304812752828 15.6788964342326 13.6826837831177 13.6891384478658 13.4689626614563
-9999 -9999 -9999 -9999 -9999 -9999 -9999 -9999 -9999 -9999 -9999 -9999 -9999 -9999 -9999 -9999 -9999 -9999 -9999 -9999 -9999 -9999 -9999 -9999 -9999 -9999 -9999 -9999 -9999 -9999 -9999 -9999 -9999 17.3507451957925 16.3706930582412 15.9399517640471 16.0282884616006 16.0708072849416 14.4104309338145 15.749806468375 16.561431661481 -9999 14.3446455122903 15.3938871263526 16.0948159056716 14.8481093626469 14.6881771138869 13.9874873962253 15.2630008689594 13.5650654477067 13.894970534835 13.9566484424286 16.3322949748393 -9999 14.2195138105058 14.532547974959 14.891140460968 13.77591782948 13.4036988290027 12.939680152107 13.0257423487492 12.8012634525076
-9999 -9999 -9999 -9999 -9999 -9999 -9999 -9999 -9999 -9999 -9999 13.6949996938929 14.5777306281962 14.5748618883081 14.5791649981402 14.73192539718 14.8373515880667 14.3898281655274 14.2743613850325 -9999 -9999 -9999 -9999 -9999 -9999 11.894999734126 10.2180141699752 16.484623013796 15.5631427797489 15.5556123375427 14.1051057316363 15.5045726737007 15.4460025676526 14.4149296395481 17.3249996127561 12.8753696508967 13.0956522925433 15.3551591378637 15.4283120050095 15.3996246061288 15.0967932516942 15.0401356389048 14.9187520823907 15.0431836750358 13.0501266377978 13.5643482627347 13.4854579158127 13.2244025859982 13.2932523433119 13.1720480830409 13.417325343471 13.5277718291618 13.5284890141338 13.6855525230058 13.9186376389116 13.8713034307584 13.814645817969 13.0515610077418 13.0128330192529 12.8858912792057 12.9906002851203 12.9533066665754
-9999 -9999 -9999 -9999 -9999 -9999 -9999 -9999 -9999 15.5060149595937 14.9065599378664 14.3869594256394 14.5777306281962 14.6272163912654 14.611438321881 14.09219640214 14.5755790732801 14.0821558125317 14.6272163912654 14.1259040958248 15.2939593535848 14.4802824251765 13.9552140724845 13.6826837831177 13.574388852343 13.1548356437124 5.87999986857176 14.1151463212445 14.9474394812714 14.7835627151653 14.5637455212418 15.4387111871038 15.1643879353069 13.9907147285994 17.206388473806 17.4149996107444 13.805035539344 14.9675206604879 13.9301125984639 14.0699636680074 14.2047944427468 15.4960859848652 13.5249030892737 13.455336146988 13.2731711640954 13.0121158342808 13.3047273028642 13.0823999615386 13.1921292622574 12.8909115740098 13.2803430138156 13.0601672274061 13.0522781927139 13.017136129085 12.9490035567433 13.0235907938331 13.0644703372382 12.9418317070231 12.9317911174148 12.9490035567433 13.0042267995887 13.0408032331616
-9999 -9999 -9999 -9999 -9999 -9999 -9999 -9999 14.2222704185495 14.2600176855922 14.1782585987821 14.2628864254802 14.3554032868706 14.251411465928 14.1897335583344 14.4077577898279 14.2019257028587 13.6582994940691 13.53781241877 13.6518448293209 13.7393413959071 13.7264320664108 13.4933469505049 13.3692739503458 13.3958097943105 12.2927793073468 14.5078050934244 14.0484481188469 13.815363002941 13.8763237255625 13.0953092910349 12.9959791724104 13.9652546620928 13.5550248580985 13.458204886876 13.5256202742457 13.7443616907112 13.8677175058983 13.8605456561781 13.6891384478658 13.9028595695272 14.2722098301165 13.8175145578571 13.3083132277243 13.2631305744871 13.8598284712061 12.4756614752114 12.6721701575443 12.9052552734502 12.9662159960717 12.9059724584222 13.0006408747286 12.9554582214914 13.0443891580217 12.9934690250084 12.9870143602602 13.0128330192529 13.0228736088611 12.9755394007079 12.9597613313235 13.0659047071822 13.1204107650556
-9999 -9999 -9999 -9999 -9999 -9999 -9999 -9999 13.4603564417921 16.4084648001008 14.2349162115715 14.6756263768766 13.0953092910349 14.212683477439 13.5901669217274 14.0197607199661 13.7601397600956 14.0477309338748 14.1775414138101 14.3417767724022 13.6726431935094 13.4840235458687 13.6683400836773 13.6920071877539 13.0400860481896 13.2265541409142 13.1089358055033 13.6353495749645 13.4632251816802 13.0443891580217 13.2530899848789 13.0271767186932 13.5141453146935 13.0945921060629 13.338434996549 13.4001129041426 13.5550248580985 13.8124942630529 14.8742866141256 14.2105319225229 13.9415875580162 13.935132893268 13.1447950541042 12.9504379266873 12.737433989998 12.7682729437947 12.6262703193352 12.6398968338035 12.7654042039067 12.7675557588227 12.8234961866401 12.8464461057447 12.8751335046254 12.8765678745694 12.8313852213323 12.8665272849612 12.9497207417153 12.9346598573029 12.9712362908758 13.0321970134974 13.1577043836005 13.335566256661
12.7871129664053 9.40499978978187 -9999 -9999 -9999 -9999 -9999 -9999 11.5928067746572 14.6978591110092 13.3448896612972 13.1075014355592 13.5270546441898 12.81991026178 13.3420209214091 13.5973387714475 13.9548554799985 12.65997801302 12.5581377469935 12.4512771861628 12.8564866953529 13.0307626435533 13.0264595337212 12.9152958630584 13.9831842863932 13.7135227369145 13.1404919442721 12.9325083023869 12.8392742560245 12.8959318688139 13.0845515164547 12.8758506895974 12.8328195912763 12.8708303947933 13.0063783545047 13.1942808171734 13.2645649444312 13.335566256661 13.4288003030233 13.4452955573797 13.377162985038 13.1734824529849 12.6958372616209 12.6054719551466 12.4369334867224 12.6011688453145 12.7159184408374 12.779747903347 12.820627446752 12.8299508513883 12.819193076808 12.7854853831232 12.8299508513883 12.8808709844016 12.8615069901571 12.8894772040658 12.9898831001483 13.0006408747286 12.9898831001483 13.0802484066226 13.1942808171734 13.2401806553826
13.096026476007 13.0659047071822 13.3499099561013 13.6267433553003 13.8297067023814 -9999 16.1899624452926 13.3527786959894 13.3162022624165 13.0443891580217 13.0049439845607 12.9870143602602 13.2322916206904 13.1598559385166 13.019287684001 12.5875423308462 12.7754447935149 12.6083406950347 12.4247413421981 12.4082460878417 12.5186925735325 12.7948087877594 13.6722846010234 13.775200644508 13.1003295858391 13.7540436878335 12.5452284174971 12.5975829204544 12.6528061632998 12.6556749031879 12.6169469146989 12.7553636142984 12.7209387356415 12.7288277703337 12.7654042039067 12.697988816537 12.7567979842424 12.8077181172557 12.8830225393176 12.8378398860805 12.7854853831232 12.7424542848021 12.5846735909581 12.2088686656207 12.1981108910404 12.502197319176 12.6972716315649 12.7883541230112 12.7833338282071 12.8744163196534 12.7697073137388 12.9425488919951 12.938245782163 12.8880428341217 12.9224677127786 12.9654988110997 13.0422376031056 13.0938749210909 13.0479750828817 13.0895718112588 13.4689626614563 13.6231574304402
13.4503158521838 13.3692739503458 13.2430493952706 13.417325343471 13.4639423666522 13.338434996549 12.8263649265282 12.8858912792057 12.857921065297 12.7123325159773 12.7969603426754 12.8385570710525 12.9762565856799 13.0429547880776 12.7532120593823 12.4749442902394 12.4118320127018 12.4060945329256 12.3666493594646 12.379558688961 12.4419537815265 13.5543076731265 13.5614795228466 12.419003862422 12.5122379087843 12.5624408568256 12.5552690071054 12.5459456024691 12.4627521457151 12.4118320127018 12.4943082844839 12.581087666098 12.580370481126 12.6011688453145 12.6456343135796 12.5617236718535 12.5380565677769 12.6011688453145 12.6341593540274 12.6355937239714 12.6549577182159 12.6413312037475 12.4103976427577 12.4763786601834 12.538773752749 12.778313533403 12.858638250269 12.8966490537859 12.8909115740098 12.8880428341217 12.8937803138979 12.8901943890378 12.9260536376387 12.899517793674 12.8478804756887 12.8851740942337 13.0666218921542 13.0759452967905 13.1189763951115 13.2036042218097 13.8304238873534 13.6102481009439
13.3864863896742 13.2609790195711 12.9927518400364 12.9282051925547 12.5272987931967 12.6026032152586 12.6693014176562 12.6843623020686 12.7725760536268 12.818475891836 12.8263649265282 13.016418944113 12.8923459439538 12.898800608702 12.897366238758 12.6434827586636 12.4161351225339 12.262657538522 12.2877590125427 12.2318185847253 13.6367839449085 13.4409924475476 13.4492400747258 13.3463240312412 12.4297616370022 12.3759727641009 12.3401135155 12.2346873246133 12.3458509952761 12.420438232366 12.4082460878417 12.4032257930376 12.3644978045486 12.4484084462747 12.6327249840833 12.5617236718535 12.6061891401187 12.6972716315649 12.7553636142984 12.8263649265282 12.7553636142984 12.8371227011085 12.7058778512292 12.8019806374796 12.7338480651379 12.7754447935149 12.9016693485901 12.9296395624988 12.9719534758478 13.1290169847198 12.977690955624 12.580370481126 12.7747276085429 12.8751335046254 12.9152958630584 12.9518722966313 13.1433606841601 13.0823999615386 13.2258369559422 13.4811548059806 13.7708975346759 14.2872707145289
13.6396526847966 13.6396526847966 13.5399639736861 13.535660863854 13.2595446496271 12.9038209035061 12.5115207238123 12.8622241751291 12.7905056779273 12.9124271231703 13.0759452967905 13.0307626435533 13.0422376031056 12.8794366144575 12.8844569092616 12.7661213888787 12.7230902905576 12.5667439666577 12.1880703014322 12.2110202205367 12.2856074576266 12.3207495212555 12.2576372437179 12.2246467350051 12.382427428849 12.3594775097445 12.1866359314881 12.2002624459565 12.5050660590641 12.5882595158182 12.5480971573852 12.5896938857622 12.7316965102218 12.7840510131791 12.6355937239714 12.6750388974324 12.7230902905576 12.7761619784869 12.7818994582631 12.820627446752 12.8234961866401 12.8901943890378 12.818475891836 12.778313533403 12.619098469615 12.8407086259685 12.8622241751291 12.9117099381983 13.2100588865578 12.9906002851203 13.1670277882367 13.3965269792825 13.6102481009439 13.7658772398718 14.2363505815156 13.376445800066 13.4682454764843 13.7916958988644 13.735755471047 13.7830896792002 15.2361064325087 14.4593951078132
14.9241309696808 14.7613299810328 13.4632251816802 14.7968306371477 12.7180699957535 13.3147678924724 13.2079073316418 12.8701132098213 12.8105868571438 13.096743660979 13.178502747789 13.0773796667345 13.1820886726491 13.2459181351587 12.7359996200539 12.419721047394 12.5861079609022 12.50004576426 12.3630634346046 12.4555802959949 12.4971770243719 12.4584490358829 12.3264870010316 12.2655262784101 12.2956480472349 12.4921567295678 12.5222784983926 12.539490937721 12.581087666098 12.5925626256503 12.6298562441953 12.6649983078241 12.5337534579448 13.6744361559395 12.5753501863219 12.777596348431 12.9088411983103 12.9325083023869 12.9518722966313 12.9195989728905 12.8643757300451 12.8220618166961 12.8407086259685 12.9239020827226 12.7101809610613 12.8392742560245 13.5327921239659 13.9566484424286 14.2671895353124 13.6927243727259 13.057298487518 13.1261482448317 13.8770409105346 14.6480147554539 14.7871486400254 14.2521286509 14.2636036104523 14.4493545182049 14.5633869287558 14.8875545361079 14.8653218019754 15.2447126521729
13.456770516932 13.6382183148526 13.3707083202899 13.2667164993472 13.3621021006256 13.3061616728082 13.1046326956712 13.098178030923 13.2430493952706 13.1577043836005 13.0508438227698 13.1949980021454 13.1670277882367 13.0508438227698 12.9855799903162 12.9009521636181 12.6219672095031 12.8055665623397 12.3279213709757 12.4276100820862 12.6972716315649 12.9145786780864 12.9762565856799 12.8120212270878 12.3465681802481 12.4290444520302 12.4907223596238 12.4770958451554 12.659260828048 12.6714529725723 12.6671498627402 12.6348765389994 13.6866283004638 13.7608569450676 12.4684896254912 12.6226843944751 12.9762565856799 13.1555528286844 13.2416150253266 13.1075014355592 13.0867030713707 13.3205053722486 13.4940641354769 13.6977446675301 13.5076906499453 13.4890438406728 13.4058503839187 13.217230736278 14.4228186742403 15.0152134611271 15.0697195190005 13.7228461415507 13.8010193035007 14.2169865872711 14.1309243906289 14.3066347087733 15.1113162473775 15.3329264037311 15.3336435887031 15.3056733747944 16.2301248037256 16.8547929143533
13.7013305923901 13.6080965460278 13.6611682339571 12.9346598573029 13.6891384478658 13.1655934182927 13.1584215685725 13.2193822911941 13.0759452967905 12.8643757300451 12.8507492155768 12.9203161578625 13.0063783545047 12.9425488919951 13.2695852392353 12.8550523254089 12.6133609898388 12.7811822732911 12.6097750649787 12.7216559206136 12.8356883311644 13.0314798285253 13.8246864075772 13.8447675867938 13.8246864075772 12.5610064868815 12.8521835855208 12.8285164814442 12.9124271231703 12.9683675509878 12.89808342373 12.9152958630584 13.5119937597774 12.3573259548284 12.900234978646 14.1990569629706 13.4452955573797 13.6188543206081 13.5650654477067 13.972426511813 13.7873927890323 14.4500717031769 13.1304513546638 13.5084078349173 14.0362559743226 13.9301125984639 13.5327921239659 14.2869121220428 13.255958724767 15.0474867848679 15.010910351295 14.6989348884672 14.0871761073358 14.4959715413861 14.6186101716012 14.8344828481786 15.207419033628 15.4249996552244 -9999 -9999 -9999 -9999
13.0637531522661 13.3004241930321 13.3613849156536 13.5170140545815 13.4725485863164 13.5944700315595 13.455336146988 13.4237800082192 13.3312631468289 13.1175420251675 13.1892605223693 13.1541184587404 13.1447950541042 13.098895215895 13.2408978403546 12.5280159781687 12.8478804756887 12.5925626256503 12.5143894637004 12.7725760536268 12.9941862099804 13.9559312574565 13.9286782285199 14.0850245524198 14.1933194831945 12.9640644411556 13.0809655915946 13.0859858863987 13.0113986493088 13.7712561271619 14.3783532059751 14.5411541946232 14.0391247142106 14.3224127781577 14.252845835872 14.4149296395481 14.4572435528971 14.3044831538573 14.7419659867883 14.3001800440252 14.2707754601724 14.2506942809559 13.3219397421926 13.9824671014212 13.4244971931912 13.7422101357952 13.2251197709702 13.3319803318009 13.2208166611381 14.9277168945409 15.0840632184409 14.0326700494625 14.8323312932625 14.9004638656043 15.7151859938167 15.3799996562302 -9999 -9999 -9999 -9999 -9999 -9999
13.376445800066 13.3068788577802 13.2423322102986 13.6418042397127 13.7472304305993 13.3678395804018 13.2667164993472 13.4833063608967 13.3965269792825 13.4108706787229 13.5292061991058 13.4008300891146 13.1935636322014 13.3929410544224 13.3857692047022 12.7711416836828 12.9848628053442 12.7245246605016 13.0895718112588 12.7582323541865 14.0864589223638 13.9925076910295 14.0054170205258 14.2901394544169 14.293008194305 13.7587053901516 13.1182592101395 13.1828058576211 14.2722098301165 15.5499996524304 14.8349996684119 11.541576507602 14.9857356951344 15.2449996592477 -9999 16.9949996201321 13.6331980200484 13.5449842684902 13.4036988290027 13.9839014713652 12.6707357876003 13.5736716673709 13.5234687193297 13.4919125805609 13.7156742918305 13.7701803497039 14.2227240670472 14.0376903442666 14.1467024600133 15.0682851490565 15.4290291899815 15.0431836750358 14.9126560101286 14.6699996720999 -9999 -9999 -9999 -9999 -9999 -9999 -9999 -9999
12.8442945508286 12.9827112504281 12.7833338282071 13.336283441633 13.6210058755241 13.6339152050205 13.6045106211677 13.5901669217274 13.5664998176508 13.6468245345168 13.5148624996655 13.5112765748054 13.4610736267641 13.6095309159718 13.6647541588172 13.4646595516242 13.0537125626579 12.6305734291673 13.5550248580985 14.3374736625701 14.2105319225229 14.2506942809559 14.373332911171 14.6229132814333 14.5390026397072 14.0470137489028 14.1373790553771 13.7959990086965 14.531113605015 14.8899996671826 -9999 -9999 -9999 -9999 16.3799996338785 15.808420040179 14.5583666339517 14.1115603963844 13.4610736267641 13.5184484245256 13.6504104593769 13.6245918003842 13.7536850953475 13.5112765748054 13.4266487481073 13.6511276443489 14.292291009333 14.4149296395481 14.8631702470593 15.5774864791892 15.2855921955779 15.3802606118843 16.840987103642 -9999 -9999 -9999 -9999 -9999 -9999 -9999 -9999 -9999
12.7876369380392 13.1964323720895 13.5091250198893 13.9172032689676 13.5944700315595 13.5916012916714 13.5478530083783 13.6676228987053 13.9795983615331 13.6016418812796 13.5385296037421 13.5571764130145 13.9207891938277 13.5435498985462 13.7909787138924 13.6590166790411 13.4689626614563 13.6260261703283 14.1259040958248 14.4199499343522 14.3001800440252 14.3173924833536 14.4393139285967 14.7957548596896 14.172521119006 13.6762291183695 13.7902615289204 13.258110279683 13.0902889962308 14.5149996755645 -9999 -9999 -9999 -9999 -9999 15.229999659583 14.9850916923024 14.0326700494625 14.2499770959839 14.3747672811151 14.2600176855922 13.617419950664 13.7795037543401 14.2980284891091 14.3776360210031 14.8653218019754 15.0274056056514 15.7618030169979 15.9956053178757 16.3785820929334 16.3814508328214 16.0271614566445 15.6018707682379 14.1409039432183 8.66096485341931 21.2050911369231 -9999 -9999 -9999 -9999 -9999 -9999
13.7020477773622 14.0362559743226 14.0039826505817 13.8748893556185 13.6231574304402 13.6410870547406 13.9925076910295 14.1187322461046 13.8913846099749 13.9430219279602 14.0183263500221 14.0427106390707 14.0828729975037 13.8469191417098 13.6367839449085 13.5413983436301 13.455336146988 12.9095583832823 12.9533066665754 13.2674336843193 13.177068377845 13.5313577540219 14.2177037722431 14.7089754780754 14.6013977322727 14.9126560101286 15.0776085536927 15.1816003746353 15.0747398138046 14.7398144318722 16.7746486151069 24.7149994475767 -9999 -9999 -9999 -9999 16.3630908975378 16.0534104266204 16.057761348784 15.6931923213415 15.8139184582978 15.9673960423097 15.9712210288271 16.1641437863 15.7159031787887 16.0680410000496 15.6205175775103 15.5014648721553 15.5229804213159 15.6140629127622 16.9024857149925 15.6226691324264 17.5416170558892 9.86999977938831 -9999 -9999 -9999 -9999 -9999 -9999 -9999 -9999
13.3656880254857 13.734321101103 13.9494765927084 13.8275551474653 13.7959990086965 13.7637256849557 13.7486648005433 14.3252815180458 14.1897335583344 14.1158635062166 13.9968108008616 13.8813440203667 13.8641315810382 13.6518448293209 13.6375011298805 13.7773521994241 13.6088137309998 13.0214392389171 12.8349711461924 13.735396878561 12.9963377648965 13.3405865514651 14.1467024600133 14.9779198425822 15.1457411260344 15.2999358950183 15.5495162652805 15.2239142879844 15.0941038080491 15.0776085536927 16.5262667305046 -9999 -9999 -9999 -9999 -9999 -9999 -9999 -9999 -9999 -9999 -9999 -9999 -9999 -9999 -9999 15.0431836750358 14.9635761431418 16.6733451164328 17.9377422221005 18.2597290016806 17.8449996011332 -9999 -9999 -9999 -9999 -9999 -9999 -9999 -9999 -9999 -9999
13.7457960606553 13.9480422227643 13.7981505636126 13.617419950664 13.7658772398718 13.7264320664108 13.7500991704874 13.7063508871943 13.9975279858336 13.4617908117361 13.8777580955066 13.6231574304402 13.8218176676892 13.9573656274006 13.8505050665699 13.8053224133328 13.8304238873534 13.5586107829586 13.9315469684079 13.8820612053387 13.8906674250029 14.0046998355538 14.1796929687262 14.9226965997368 10.6368977702646 11.9749997323379 15.5430616005324 15.4727774732746 13.935132893268 15.1400036462583 16.3014847084414 16.0964402562493 19.9275393276475 -9999 -9999 -9999 -9999 -9999 -9999 -9999 -9999 -9999 -9999 -9999 -9999 -9999 -9999 -9999 -9999 -9999 -9999 -9999 -9999 -9999 -9999 -9999 -9999 -9999 -9999 -9999 -9999 -9999
13.5966215864755 13.7723319046199 13.9638202921487 13.932981338352 13.5406811586581 13.1476637939923 13.0429547880776 13.3520615110174 13.5292061991058 13.8218176676892 13.7400585808791 13.8670003209263 14.1696523791179 14.0391247142106 13.5457014534622 13.9666890320368 13.7608569450676 13.7959990086965 13.6611682339571 13.8670003209263 14.1294900206849 13.9953764309175 14.3819391308352 14.6221960964613 14.6759849693626 14.4228186742403 14.3955656453036 14.8997466806322 14.6157414317131 15.0948209930211 15.4397869645618 16.2086092545651 -9999 -9999 -9999 -9999 -9999 -9999 -9999 -9999 -9999 -9999 -9999 -9999 -9999 -9999 -9999 -9999 -9999 -9999 -9999 -9999 -9999 -9999 -9999 -9999 -9999 -9999 -9999 -9999 -9999 -9999
13.5191656094976 13.4252143781632 13.3556474358775 13.2000182969496 13.1462294240482 13.1182592101395 13.2645649444312 13.1921292622574 13.6927243727259 13.7479476155713 13.9860530262813 14.1524399397895 14.1208838010207 13.9028595695272 14.1574602345936 13.5543076731265 13.5413983436301 14.292291009333 14.3833735007793 14.3675954313949 14.4809106569737 14.4371623736806 14.4715872523375 14.4751731771976 14.8617358771153 14.6092867669649 14.7075411081314 14.8323312932625 14.8961607557721 14.6006805473007 15.5932645485736 15.5021820571274 17.9499343666248 -9999 -9999 -9999 -9999 -9999 -9999 -9999 -9999 -9999 -9999 -9999 -9999 -9999 -9999 -9999 -9999 -9999 -9999 -9999 -9999 -9999 -9999 -9999 -9999 -9999 -9999 -9999 -9999 -9999
13.1218451349996 13.3126163375564 13.2308572507463 13.4108706787229 13.7465132456273 13.6317636501044 13.6023590662517 13.4244971931912 13.6776634883136 13.854808176402 14.2220068820752 14.2607348705642 14.1696523791179 14.4601122927852 14.5820337380283 14.4751731771976 14.5095980558544 14.371898541227 13.4990844302811 13.697027482558 14.3116550035775 14.0075685754418 13.9050111244433 14.2901394544169 14.7685018307529 14.9363231142052 14.7369456919841 14.5346995298751 14.5906399576925 14.6465803855099 15.0295571605675 15.367351282388 13.9909202364701 -9999 -9999 -9999 -9999 -9999 -9999 -9999 -9999 -9999 -9999 -9999 -9999 -9999 -9999 -9999 -9999 -9999 -9999 -9999 -9999 -9999 -9999 -9999 -9999 -9999 -9999 -9999 -9999 -9999
