EcologicalScience/Bass/data/rs_data_bass/sst_279.asc
NCOLS 226 
NROWS 124 
XLLCORNER -9.41648524995501 
YLLCORNER 47.587301625531 
CELLSIZE 0.0833 
NODATA_value -9999 
[rows 27 to 53 of 124, columns 62 to 123 of 226]
-9999 -9999 -9999 -9999 -9999 -9999 -9999 -9999 -9999 -9999 -9999 -9999 -9999 -9999 -9999 -9999 -9999 -9999 -9999 -9999 -9999 -9999 -9999 -9999 -9999 -9999 -9999 -9999 12.5299997199327 11.7351763309629 6.09924160749651 6.06976530514657 6.50366221321747 6.59976499946788 7.06450086133555 7.13621935853735 7.16562394239008 7.20722067076713 7.21941281529143 7.22371592512354 7.25312050897628 7.24021117947996 7.25670643383637 7.25527206389233 7.25742361880839 7.17351297708228 7.20578630082309 7.24379710434005 7.22873621992767 7.23734243959188 7.18785667652264 7.08601641049609 7.11757254926488 7.34760962903965 7.09677418507636 6.84418163793161 7.06844537868164 7.17611277260585 7.15522476029582 7.11398662440479 6.92572556925006 7.188812923152
-9999 -9999 -9999 -9999 -9999 -9999 -9999 -9999 -9999 -9999 -9999 -9999 -9999 -9999 -9999 -9999 -9999 -9999 -9999 -9999 -9999 -9999 -9999 -9999 -9999 -9999 -9999 -9999 -9999 -9999 9.78499978128821 3.83663059852552 6.21893977932632 6.48860132880509 6.61367838792503 7.06593523127958 7.01644946821034 7.16275520250201 7.19072541641071 7.20578630082309 7.18785667652264 7.21152378059924 7.25957517372444 7.25742361880839 7.27248450322077 7.20076600601897 7.25814080378041 7.2739188731648 7.22873621992767 7.19359415629879 7.14554276317358 7.14697713311762 7.24021117947996 7.16777549730614 7.07023834111169 7.16732725669863 7.11604853119934 7.1583624445484 7.06423191697104 7.05595984030515 6.98731382872211 6.97126681497321
-9999 -9999 -9999 -9999 -9999 -9999 -9999 -9999 -9999 -9999 -9999 -9999 -9999 -9999 -9999 -9999 -9999 -9999 -9999 -9999 -9999 -9999 -9999 -9999 -9999 -9999 -9999 -9999 -9999 -9999 -9999 12.184999727644 5.80942716030404 5.98011718364432 6.34186528353021 6.36524551361799 7.09533981513232 6.96266059530899 6.84145633503795 7.03939938731492 7.06808678619564 7.20937222568318 7.23375651473179 7.27678761305287 7.26746420841664 7.2459486592561 7.25168613903224 7.22084718523547 7.25598924886435 7.20722067076713 7.14482557820156 7.15486616780981 7.20506911585107 7.22228155517951 7.20578630082309 7.16490675741807 7.1900082314387 7.04513686709106 7.09749137004837 6.98991362424567 6.9949339190498 6.96983244502917
-9999 -9999 -9999 -9999 -9999 -9999 -9999 -9999 -9999 -9999 -9999 -9999 -9999 -9999 -9999 -9999 -9999 -9999 -9999 -9999 -9999 -9999 -9999 -9999 -9999 -9999 -9999 -9999 -9999 -9999 -9999 12.009522425355 6.00019836286083 5.9750968888402 6.15797905670479 6.20961637469009 6.43409527093172 6.35018462920561 6.39321572752669 6.71164585510269 7.06378367636353 7.14410839322954 7.27033294830471 7.25168613903224 7.202200375963 7.20363474590704 7.19072541641071 7.25025176908821 7.20076600601897 7.21726126037538 7.2739188731648 7.26316109858453 7.27822198299691 7.20578630082309 7.2380596245639 7.1900082314387 7.04728842200711 6.98489332944155 7.02649005781859 7.02505568787456 6.94186223112047 6.95477156061679
-9999 -9999 -9999 -9999 -9999 -9999 -9999 -9999 -9999 -9999 -9999 -9999 -9999 -9999 -9999 -9999 -9999 -9999 -9999 -9999 -9999 -9999 -9999 -9999 -9999 -9999 -9999 -9999 -9999 -9999 -9999 12.0249997312203 5.91485335119069 5.91270179627463 6.08195744967088 6.2619708776474 6.41975157149136 6.61984617868438 6.53378398204222 6.843607889954 6.6165291981888 6.91174046229571 7.08135470817797 7.02649005781859 7.07597582088783 7.07741019083187 7.0946226301603 7.27535324310884 7.27248450322077 7.32914211601019 7.29400005238131 7.26818139338866 7.27535324310884 7.30404064198956 7.23734243959188 7.14841150306165 7.11900691920891 6.96552933519706 6.84002196509391 6.99995421385393 6.68941312097013 6.53593553695828
-9999 -9999 -9999 -9999 -9999 -9999 -9999 -9999 -9999 -9999 -9999 -9999 -9999 -9999 -9999 -9999 -9999 -9999 -9999 -9999 -9999 -9999 -9999 -9999 -9999 -9999 -9999 -9999 -9999 -9999 -9999 -9999 5.96003600442782 6.24533218629658 6.4052644350566 6.43165684202686 6.47368388138711 6.61453900989145 6.90241705765948 6.99851984390989 6.99995421385393 7.02362131793052 7.11542099434882 7.0508743468672 7.10609758971259 7.32232885877602 7.48288049455732 7.34348581545055 7.30117190210149 7.26818139338866 7.23447369970381 7.27176731824875 7.33487959578633 7.29184849746525 7.23375651473179 7.18355356669053 7.18427075166255 7.11613817932084 7.01358072832227 6.75467695342377 6.61649931548163 6.71021148515865
-9999 -9999 -9999 -9999 -9999 -9999 -9999 -9999 -9999 -9999 -9999 -9999 -9999 -9999 -9999 -9999 -9999 -9999 -9999 -9999 -9999 -9999 -9999 -9999 -9999 -9999 -9999 -9999 -9999 -9999 -9999 -9999 11.126592697476 6.18297807572942 6.20846887873486 6.37428204426542 6.46866358658299 6.53019805718213 6.47798699121922 7.00497450865805 6.96911526005715 7.03653064742684 7.12546158395708 7.03939938731492 7.01860102312639 6.98202458955348 6.95979185542092 7.18642230657861 7.20291756093502 7.20937222568318 7.2100894106552 7.26100954366848 7.28826257260516 7.32985930098221 7.33272804087028 7.28682820266113 7.21726126037538 7.14195683831349 7.05015716189519 5.39178644493222 7.21510970545933 6.53808709187433
-9999 -9999 -9999 -9999 -9999 -9999 -9999 -9999 -9999 -9999 -9999 -9999 -9999 -9999 -9999 -9999 -9999 -9999 -9999 -9999 -9999 -9999 -9999 -9999 -9999 -9999 -9999 -9999 -9999 -9999 -9999 -9999 -9999 8.53369807007668 6.18953519547358 6.20932950070128 6.38417919687927 6.48415478197858 6.49347818661481 6.34752079930955 6.843607889954 6.86799217900261 6.91174046229571 6.96194341033697 7.01860102312639 7.04083375725895 7.14769431808963 7.19287697132677 7.21726126037538 7.2380596245639 7.28467664774507 7.26818139338866 7.26244391361251 7.20650348579511 7.36356699466705 7.31551560154185 7.25670643383637 7.20578630082309 7.16275520250201 7.01644946821034 6.94759971089661 6.7439191788435
-9999 -9999 -9999 -9999 -9999 -9999 -9999 15.464153761294 6.37907693807834 7.4985933653079 6.89830519715324 8.39298548669107 22.0092997453997 8.33572423649371 8.41999981179833 -9999 -9999 -9999 -9999 -9999 -9999 -9999 -9999 -9999 -9999 -9999 -9999 -9999 -9999 -9999 -9999 -9999 -9999 -9999 5.89491560896859 6.12168949712068 6.16041748560965 6.270003349334 6.44270149059594 7.39655750337988 6.66574601689354 6.74607073375955 6.84719381481409 6.89811394782737 6.93971067620441 7.02003539307043 7.17279579211026 7.29471723735332 7.35998106980696 7.25885798875242 7.39512313343585 7.30619219690561 7.29184849746525 7.22443311009556 7.31694997148588 7.30619219690561 7.23734243959188 7.23519088467583 7.23519088467583 7.10896632960066 6.55984170269221 4.63334626119052
-9999 -9999 -9999 -9999 16.2849996360019 15.8524870723486 14.9883190246765 11.1226092733873 4.00847324057083 3.67683780239895 13.2720523555391 17.785891423513 23.9099994655699 -9999 -9999 -9999 -9999 -9999 -9999 -9999 -9999 -9999 -9999 -9999 -9999 -9999 -9999 -9999 -9999 -9999 -9999 -9999 -9999 -9999 6.03544288148571 6.17002776423469 6.25924557475373 6.33885310664773 6.39880977030843 6.51112093692645 6.5169813626978 6.9389934912324 6.64484519770901 7.57099282601848 7.41331355227157 7.16885127476417 6.99995421385393 7.082430485636 7.23949399450794 7.22658466501161 7.25527206389233 7.71457781097187 7.22515029506758 5.32221950264648 7.36815697848797 7.09206125526024 7.13949791840943 6.16538996808231 6.23567409534007 7.12976469378918 7.11972410418093 6.12498854799196
6.52352272013489 6.82449701981729 5.09009063336998 5.48609626875259 5.33680226374418 5.36190373776481 4.77678325559412 4.2981391280191 4.50687581412494 16.1124023128208 -9999 -9999 -9999 -9999 -9999 -9999 -9999 -9999 -9999 -9999 -9999 -9999 -9999 -9999 -9999 -9999 -9999 -9999 -9999 -9999 -9999 -9999 -9999 -9999 13.489999698475 6.30242011006922 6.00751364957541 6.41085847783834 6.45059052528813 6.52015746757388 6.31504256557673 6.57968382025138 6.79770805174485 7.07597582088783 7.42224576510489 7.30284533370286 7.58055529231206 7.06163212144747 7.02003539307043 7.13478498859331 7.32985930098221 7.18450981331989 6.92649398172008 7.188812923152 6.96727107012911 6.82864946053763 7.34492018539459 7.33487959578633 7.26531265350059 7.62964261928573 6.7573066316545 6.76471754303202
5.55506555689499 5.27440717117861 5.31839451612905 4.51275673089549 5.635390273761 5.46015807893127 4.96683727317889 5.21129489364102 5.61591761512682 16.7749996250495 -9999 -9999 -9999 -9999 -9999 -9999 -9999 -9999 -9999 -9999 -9999 -9999 -9999 -9999 -9999 -9999 -9999 -9999 -9999 -9999 -9999 -9999 -9999 -9999 -9999 11.1643912088725 6.01418346981518 5.99046513824058 6.20746481977403 6.53521835198626 6.47569199930876 6.65068513248116 6.66144290706143 7.39883945556358 6.91197952395305 6.87349059712142 7.36604454275221 6.69248677085021 7.37921466678381 6.75703341833183 6.7919705719687 6.732013908308 7.24738302920014 7.38130102306604 5.44581437949091 7.42237616237253 7.35998106980696 7.175425470341 7.39512313343585 7.17853327188641 7.14482557820156 7.09964292496443
4.96099733840674 4.94019897421822 4.48693807190284 4.59738455759361 4.57156589860097 4.45466474816203 3.75254066055641 4.58662678301334 7.04086539777242 -9999 -9999 -9999 -9999 -9999 -9999 -9999 -9999 -9999 -9999 -9999 -9999 -9999 -9999 -9999 -9999 -9999 -9999 -9999 -9999 -9999 -9999 -9999 -9999 -9999 -9999 -9999 11.7606280581094 6.9789765534224 7.14841150306165 5.98677675838449 6.10619830172509 6.50007628835738 5.12625724695889 7.2400155835785 7.30104150483385 7.24829581007361 6.75283276349572 6.44872584436089 6.43460754591173 7.38606052333489 7.35434604502682 7.39942624326795 7.25755401607603 7.1817932035774 7.22013000026345 7.18498793663457 6.79248284694872 7.36284980969504 7.1383709134534 7.20506911585107 5.73914303304628 6.01812798716128
4.67986082937568 4.66551712993532 4.82616656366736 4.67627490451559 4.55793938413262 4.32485426822677 4.10898159164935 6.36805448809173 12.7897884929553 -9999 -9999 -9999 -9999 -9999 -9999 -9999 -9999 -9999 -9999 -9999 -9999 -9999 -9999 -9999 -9999 -9999 -9999 -9999 -9999 -9999 -9999 -9999 -9999 -9999 -9999 -9999 -9999 -9999 -9999 -9999 9.08314418963529 13.4914861462532 6.97778667835519 6.19332603032568 4.90485200059733 6.83285011537373 6.64638202264905 6.43165684202686 7.15597454458475 7.36436386685818 6.963275325285 7.19697517116687 6.69443341577426 7.12996028969064 6.90272442264749 4.56989246699959 7.0319884759374 7.08529922552407 7.15875945765791 5.98360065350841 6.15992570162884 6.06904812017456
5.52398754144087 4.51992858061567 5.08507033856586 4.57515182346106 4.55793938413262 4.26030762074515 4.82664468698204 8.82887834749584 16.0249996418133 -9999 -9999 -9999 -9999 -9999 -9999 -9999 -9999 -9999 -9999 -9999 -9999 -9999 -9999 -9999 -9999 -9999 -9999 -9999 -9999 -9999 -9999 -9999 -9999 -9999 -9999 -9999 -9999 -9999 -9999 -9999 -9999 -9999 -9999 12.3763750873779 8.01172291312832 6.9360595527105 6.60119936941192 6.59085141481566 6.05931489555431 6.04220491122188 5.86700686805749 6.72568218955504 7.27499465062283 6.8738600560464 6.85795158939436 7.07143364939839 6.49126515870116 6.7998596066609 6.13902488244431 5.99333387812866 6.49505599355325 6.82854700554162
5.47402365505695 5.38270210195333 4.54216131474823 4.49626147653908 4.62033447669819 4.62535477150232 4.86035238066688 4.95573798194528 6.7198934822809 15.1699996609241 -9999 -9999 -9999 -9999 -9999 16.1899624452926 -9999 -9999 -9999 -9999 -9999 -9999 -9999 -9999 -9999 -9999 -9999 -9999 -9999 -9999 -9999 -9999 -9999 -9999 -9999 -9999 -9999 -9999 -9999 -9999 -9999 -9999 -9999 -9999 6.78176183835684 8.60573136620224 3.75164417934138 7.20506911585107 7.45034637628123 7.70509047834203 6.98847925430164 6.99063080921769 7.162396610016 7.00425732368603 7.16713799955323 7.3913416126743 6.80990019626915 7.17884063687442 7.4689931855537 6.73244421929121 6.47497481433675 5.58945628388652
5.30166020011529 5.35138502484187 5.25839004013687 5.20531835220754 5.10204371623695 5.12953580683097 5.06642352929339 5.12332020374015 5.1199733405374 8.75654512031802 15.6599996499717 -9999 -9999 -9999 -9999 -9999 -9999 -9999 -9999 -9999 -9999 -9999 -9999 -9999 -9999 -9999 -9999 -9999 -9999 -9999 -9999 -9999 -9999 -9999 -9999 -9999 -9999 -9999 -9999 -9999 -9999 -9999 -9999 -9999 -9999 11.778850510522 7.97928916643325 5.81760306898505 4.53194142889697 7.16060364758596 7.18342316942289 7.18994303280488 6.88699758076109 6.96722449967638 7.0666524162516 6.94114504614845 7.52988870954141 6.77475813264027 4.87268113185252 4.82903530355543 6.0348281515097 5.8833996674179
6.36022521881387 5.3509069015272 5.41138950083405 5.46230963384733 5.45896277064458 5.42501601530239 5.36405529268086 4.99470503209159 4.97438479121774 4.68990141898394 5.48368174601346 13.4202634883564 15.4601898805841 -9999 9.17397136323154 -9999 21.5855173489865 14.8792631781387 -9999 -9999 -9999 -9999 -9999 -9999 -9999 -9999 -9999 -9999 -9999 -9999 -9999 -9999 -9999 -9999 -9999 -9999 -9999 -9999 -9999 -9999 -9999 -9999 -9999 -9999 -9999 8.8399998024106 13.4949996983632 9.07089753905311 5.38085791202528 5.39561143144965 5.56517444983391 7.08529922552407 7.17243719962426 6.87982573104091 6.99959562136792 7.45165034895763 7.33566197939217 7.39205879764631 7.34615895943716 6.80703145638108 7.56581315677613 7.49015014222823
6.28850672161207 5.99661243800074 5.88114565750584 5.77667571324855 5.75802890397608 5.81803337996826 5.7240821486339 4.26676228549331 3.96626178221777 5.11041087424383 5.31672108452767 7.0805926991452 16.079999640584 11.9547726862753 5.82174970209599 4.05662708869204 4.31988520092065 9.00492390441393 -9999 -9999 -9999 -9999 -9999 -9999 -9999 -9999 -9999 -9999 -9999 -9999 -9999 -9999 -9999 -9999 -9999 -9999 -9999 -9999 -9999 -9999 -9999 -9999 -9999 -9999 -9999 -9999 -9999 -9999 6.46629310151758 4.9777316544205 5.39509915646964 5.32911813904398 5.40022190626977 6.94616534095258 7.11793114175089 6.91519598988816 7.30886534089223 7.10746676102281 7.28500264091417 7.51704457867891 5.2778906410427 5.55009307442233
5.74774925271049 6.65713979722932 6.38915167935193 6.42070781812072 6.232805355452 5.88085878351703 5.84480828559026 5.58996855886653 5.10395620949566 5.00809248490259 4.97677540779114 4.94211146747693 4.87015390861779 5.88018941087648 4.39739240539659 4.48633122308036 14.9849996650591 11.1812741942917 -9999 -9999 -9999 -9999 -9999 -9999 -9999 -9999 -9999 -9999 -9999 -9999 -9999 -9999 -9999 -9999 -9999 -9999 -9999 -9999 -9999 -9999 -9999 -9999 -9999 -9999 -9999 -9999 -9999 -9999 6.6284523983486 4.92621386726387 6.74691831599921 6.90026550274342 6.18781395154074 6.26067994469777 6.75525070140138 6.74736166670918 5.57648548139259 5.59181274879458 5.63527074293233 7.54175486089662 5.25265256036073 4.69092596894396
7.04179000388831 6.90504673589021 7.13813185179606 6.68200220959261 6.48668883554637 5.90122683672234 5.4864548612386 5.34612566838041 5.07765942718834 4.81540878908709 4.83238216675818 5.09702342143282 5.05184076819569 4.56797997374088 4.3180410109926 7.93918588959976 18.9732452615426 -9999 -9999 -9999 -9999 -9999 -9999 -9999 -9999 -9999 -9999 -9999 -9999 -9999 -9999 -9999 -9999 -9999 -9999 -9999 -9999 -9999 -9999 -9999 -9999 -9999 -9999 -9999 -9999 -9999 -9999 -9999 7.42424084329978 7.00246436125599 6.81570287467912 6.2063173238188 6.33168125692755 6.30069886613637 6.71150241810828 4.98445953249133 7.2617267286405 7.31088649854064 6.68647918244824 7.44855341385119 7.61171299498528 4.88036525655272
6.75754569331184 8.06497389730066 7.44795575970784 6.80918301129714 6.38221889128909 6.09080273099244 5.50701416376978 5.11184524418786 4.78624326689169 4.55196284269914 4.23209834517911 4.21034373436123 4.52351450547576 4.42968280497007 4.29625124404864 6.69999985024333 -9999 -9999 -9999 -9999 -9999 -9999 -9999 -9999 -9999 -9999 -9999 -9999 -9999 -9999 -9999 -9999 -9999 -9999 -9999 -9999 -9999 -9999 -9999 -9999 -9999 -9999 -9999 -9999 -9999 -9999 -9999 -9999 10.4548836797071 6.77404094766825 6.88631299510598 5.48956266278401 7.01807943405584 7.04604964796454 7.24738302920014 7.14423879049718 5.89376811301336 5.8276436585933 7.158778085839 7.25132754654624 7.36177403223701 4.95075183880649
6.57466352544725 6.56534012081102 6.30500197596848 6.06665750360116 6.03964353632182 6.1555884401314 5.8316598944366 5.50677510211244 5.02291430765763 3.30358286807314 3.97725861845538 4.44103823369369 4.39322590222582 4.29222235199995 4.24250455849859 -9999 -9999 -9999 -9999 -9999 -9999 -9999 -9999 -9999 -9999 -9999 -9999 -9999 -9999 -9999 -9999 -9999 -9999 -9999 -9999 -9999 -9999 -9999 -9999 -9999 -9999 -9999 -9999 -9999 -9999 -9999 -9999 -9999 -9999 7.83884969435851 4.85718481370714 6.78623309219256 6.17510184791172 6.95705351280048 6.31619006153196 7.06195811461657 7.12754794023931 7.14945468120277 6.13359476765618 5.91241492228582 7.26061835186556 7.35632994631305
7.09127576695755 7.4847712549381 6.63808316797284 6.02637561433949 6.22754599899054 6.08004495641217 6.08984648436308 5.82209742814302 5.23472293606028 4.4733115574345 2.60217596543953 4.67280851048417 4.34672840987332 4.1784768154379 14.1522548597967 16.062114787386 -9999 -9999 -9999 -9999 -9999 -9999 -9999 -9999 -9999 -9999 -9999 -9999 -9999 -9999 -9999 -9999 -9999 -9999 -9999 -9999 -9999 -9999 -9999 -9999 -9999 -9999 -9999 -9999 -9999 -9999 5.37646840771006 4.53068635519594 12.7349997153506 -9999 11.5949583295733 7.51976988157257 6.87496843282133 6.8886601459235 6.89478881750256 6.12082887515426 5.6801904283464 6.43606752960477 5.57734610335901 7.18577032024041 7.02381691383198 7.07760578673333
7.00102999131195 6.48393962648697 6.66538742440753 6.62371897753328 6.27523879962973 6.67291786661372 4.77094332082197 4.76233710115775 5.92632831074297 5.71069469582289 4.95502079697326 4.76795505010523 5.93457593792118 4.19420707249083 14.6749091919046 -9999 -9999 -9999 -9999 -9999 -9999 -9999 -9999 -9999 -9999 -9999 -9999 -9999 -9999 -9999 -9999 -9999 -9999 -9999 -9999 -9999 -9999 -9999 -9999 -9999 -9999 -9999 -9999 -9999 -9999 -9999 -9999 -9999 8.82965050831937 8.78090379561763 8.41745143775877 10.9060017580539 9.35952612923372 6.54036904405802 3.98431093734689 3.9858648381196 5.81229590019211 5.71074250815436 5.66799828382209 6.966637711972 7.02577287284657 6.79448071937077
7.34229050716385 7.17387156956829 7.04298531217501 6.70289619844407 7.05541651835665 6.95357625233009 6.13957130908966 4.60025329748169 4.8119663012214 5.68917914666235 4.99948626523837 6.14937283704057 4.31863866513595 4.04959867596626 16.0399996414781 -9999 -9999 -9999 -9999 -9999 -9999 -9999 -9999 -9999 -9999 -9999 -9999 -9999 -9999 -9999 -9999 -9999 -9999 -9999 -9999 -9999 -9999 -9999 -9999 -9999 -9999 -9999 -9999 -9999 -9999 -9999 -9999 -9999 -9999 -9999 10.35572789656 8.36940004463357 6.19396870257333 8.24502716888674 3.431002731435 3.64295479683206 4.05877864360809 5.72795494748279 3.39423504853621 5.69137851390988 5.21470152225811 6.06947843115777
7.44344347092556 6.56892604567111 7.10624102670699 6.01418346981518 6.87349059712142 6.30237229773775 6.16115516158087 4.55320596331731 5.60670287488028 5.47163303848356 4.72408723598346 4.70520136505365 4.27799818338826 4.15810876223259 11.7691499030711 -9999 -9999 -9999 -9999 -9999 -9999 -9999 -9999 -9999 -9999 -9999 -9999 -9999 -9999 -9999 -9999 -9999 -9999 -9999 -9999 -9999 -9999 -9999 -9999 -9999 -9999 -9999 -9999 -9999 -9999 -9999 -9999 -9999 -9999 -9999 -9999 -9999 14.2049996824935 8.08234571106732 3.38075197106227 4.50744956210256 4.36358225671574 3.89944404899143 4.27811771421693 4.96788231413811 4.6725096834125 3.13303628172725
