EcologicalScience/Bass/data/rs_data_bass/sst_552.asc
NCOLS 226 
NROWS 124 
XLLCORNER -9.41648524995501 
YLLCORNER 47.587301625531 
CELLSIZE 0.0833 
NODATA_value -9999 
[rows 27 to 53 of 124, columns 62 to 123 of 226]
-9999 -9999 -9999 -9999 -9999 -9999 -9999 -9999 -9999 -9999 -9999 -9999 -9999 -9999 -9999 -9999 -9999 -9999 -9999 -9999 -9999 -9999 -9999 -9999 -9999 -9999 -9999 -9999 12.5299997199327 10.9049997562543 10.2249997714534 9.77999978139997 10.069999774918 10.4049997674301 10.3699997682124 10.7049997607246 10.8449997575954 11.1199997514486 11.3249997468665 11.6949997385964 12.0549997305498 12.184999727644 12.0149997314438 11.8699997346848 11.8499997351319 11.9549997327849 12.0949997296557 12.1799997277558 12.3099997248501 12.1949997274205 12.1999997273088 12.2499997261912 12.1299997288734 12.4699997212738 12.6599997170269 12.6799997165799 12.7899997141212 12.5249997200444 12.1399997286499 12.329999724403 12.5349997198209 12.494999720715
-9999 -9999 -9999 -9999 -9999 -9999 -9999 -9999 -9999 -9999 -9999 -9999 -9999 -9999 -9999 -9999 -9999 -9999 -9999 -9999 -9999 -9999 -9999 -9999 -9999 -9999 -9999 -9999 -9999 -9999 9.78499978128821 9.39999978989363 9.6749997837469 9.73999978229403 10.0849997745827 10.6499997619539 10.7849997589365 10.9399997554719 11.0749997524545 11.2699997480959 11.6749997390434 11.7599997371435 11.8549997350201 11.7999997362494 11.9849997321144 12.0049997316673 11.7549997372553 12.0049997316673 12.039999730885 11.9449997330084 12.2799997255206 12.3049997249618 12.0149997314438 12.3199997246265 12.6849997164682 12.8549997126684 13.0649997079745 12.9199997112155 12.7249997155741 12.9199997112155 13.074999707751 13.074999707751
-9999 -9999 -9999 -9999 -9999 -9999 -9999 -9999 -9999 -9999 -9999 -9999 -9999 -9999 -9999 -9999 -9999 -9999 -9999 -9999 -9999 -9999 -9999 -9999 -9999 -9999 -9999 -9999 -9999 -9999 -9999 12.0699997302145 10.0649997750297 10.1299997735769 10.3649997683242 10.5449997643009 10.7199997603893 11.2249997491017 11.1099997516721 11.1149997515604 11.4099997449666 11.6549997394904 11.8749997345731 11.9299997333437 12.2549997260794 12.1749997278675 11.9899997320026 12.0999997295439 12.0299997311085 12.0849997298792 12.4449997218326 12.3749997233972 12.1999997273088 12.2549997260794 12.7399997152388 13.0199997089803 13.1049997070804 13.0249997088686 12.9199997112155 13.1949997050688 13.0849997075275 13.2599997036159
-9999 -9999 -9999 -9999 -9999 -9999 -9999 -9999 -9999 -9999 -9999 -9999 -9999 -9999 -9999 -9999 -9999 -9999 -9999 -9999 -9999 -9999 -9999 -9999 -9999 -9999 -9999 -9999 -9999 -9999 -9999 12.4699997212738 10.5649997638538 10.1299997735769 10.1249997736886 10.194999772124 10.6199997626245 11.0699997525662 11.31499974709 11.6099997404963 11.7149997381493 11.8249997356907 11.914999733679 12.3849997231737 12.1299997288734 11.9049997339025 12.0899997297674 12.1449997285381 12.2199997268617 12.3849997231737 12.4449997218326 12.3449997240677 12.2849997254089 12.2799997255206 12.9499997105449 13.2649997035041 13.364999701269 13.3799997009337 13.2999997027218 13.4949996983632 13.4599996991456 13.4599996991456
-9999 -9999 -9999 -9999 -9999 -9999 -9999 -9999 -9999 -9999 -9999 -9999 -9999 -9999 -9999 -9999 -9999 -9999 -9999 -9999 -9999 -9999 -9999 -9999 -9999 -9999 -9999 -9999 -9999 -9999 -9999 12.2299997266382 10.4949997654185 9.904999778606 9.87999977916479 9.99499977659434 10.6199997626245 11.2449997486547 11.6899997387081 10.0903042582795 12.1099997293204 12.1299997288734 12.2999997250736 12.3849997231737 12.2949997251853 12.3649997236207 12.4149997225031 12.4599997214973 12.2199997268617 12.0749997301027 12.2899997252971 12.4399997219443 12.6149997180328 12.8099997136742 13.3049997026101 13.5199996978045 13.6049996959046 13.5999996960163 13.4599996991456 13.5999996960163 13.4399996995926 13.3499997016042
-9999 -9999 -9999 -9999 -9999 -9999 -9999 -9999 -9999 -9999 -9999 -9999 -9999 -9999 -9999 -9999 -9999 -9999 -9999 -9999 -9999 -9999 -9999 -9999 -9999 -9999 -9999 -9999 -9999 -9999 -9999 -9999 12.1449997285381 9.58499978575855 9.83499978017062 9.83499978017062 10.2799997702241 10.9549997551367 8.87754447059706 9.92535171471536 11.9549997327849 12.0699997302145 11.9249997334555 9.98487806739286 12.0899997297674 12.4199997223914 12.2949997251853 12.184999727644 12.1299997288734 12.369999723509 12.4199997223914 12.5649997191504 12.9399997107685 13.1399997062981 9.38029113598168 13.9649996878579 13.7499996926636 13.7149996934459 13.7899996917695 13.6899996940047 13.5799996964633 13.344999701716
-9999 -9999 -9999 -9999 -9999 -9999 -9999 -9999 -9999 -9999 -9999 -9999 -9999 -9999 -9999 -9999 -9999 -9999 -9999 -9999 -9999 -9999 -9999 -9999 -9999 -9999 -9999 -9999 -9999 -9999 -9999 -9999 10.5699997637421 10.4499997664243 10.214999771677 10.4449997665361 10.7349997600541 10.7699997592717 11.0699997525662 11.789999736473 11.8599997349083 11.934999733232 12.1499997284263 12.0849997298792 12.1599997282028 12.3099997248501 12.4349997220561 12.4449997218326 12.5399997197092 12.784999714233 12.8299997132272 12.929999710992 13.0399997085333 13.199999704957 9.81992552382872 13.8049996914342 9.80486463941634 13.7349996929988 13.6249996954575 13.5999996960163 13.5849996963516 13.2899997029454
-9999 -9999 -9999 -9999 -9999 -9999 -9999 -9999 -9999 -9999 -9999 -9999 -9999 -9999 -9999 -9999 -9999 -9999 -9999 -9999 -9999 -9999 -9999 -9999 -9999 -9999 -9999 -9999 -9999 -9999 -9999 -9999 -9999 10.1499997731298 10.2549997707829 9.94999977760017 10.4199997670949 10.7149997605011 11.3599997460842 11.4649997437373 11.8899997342378 11.624999740161 11.5549997417256 11.7549997372553 11.9849997321144 12.3249997245148 12.4699997212738 12.6949997162446 12.7249997155741 9.85865351231769 9.82781455852091 9.88375498633832 9.84502699784935 9.88518935628235 9.90240179561079 14.1499996837229 14.1299996841699 13.6649996945634 13.469999698922 8.10011596092954 13.2799997031689 13.3149997023866
-9999 -9999 -9999 -9999 -9999 -9999 -9999 13.9799996875226 14.3349996795878 14.1449996838346 13.5449996972457 13.364999701269 12.7799997143447 6.08499986398965 8.41999981179833 -9999 -9999 -9999 -9999 -9999 -9999 -9999 -9999 -9999 -9999 -9999 -9999 -9999 -9999 -9999 -9999 -9999 -9999 -9999 10.2299997713417 10.4349997667596 11.334999746643 11.76999973692 11.4899997431785 9.77474287059158 9.89522994589061 11.6549997394904 11.4899997431785 11.6149997403845 10.1189916571602 10.0852839634754 9.90598772047088 9.97196873789653 10.0028076916933 9.95977659337223 9.76470228098333 13.1449997061864 13.054999708198 13.0049997093156 13.3349997019395 13.7449996927753 13.8549996903166 13.4799996986985 8.2098452616483 8.23279518075287 8.23638110561296 13.4799996986985
-9999 -9999 -9999 -9999 13.5399996973574 13.1099997069687 13.2099997047335 13.9699996877462 13.1699997056276 13.0799997076392 13.5849996963516 15.4399996548891 20.5199995413423 -9999 -9999 -9999 -9999 -9999 -9999 -9999 -9999 -9999 -9999 -9999 -9999 -9999 -9999 -9999 -9999 -9999 -9999 -9999 -9999 -9999 12.0699997302145 9.7596819861792 10.8499997574836 9.39822076028213 9.33869440760463 9.92248297482729 9.97268592286855 9.86510817706585 9.76398509601131 9.92104860488325 9.86008788226172 12.369999723509 12.369999723509 12.4049997227266 12.3849997231737 12.4899997208267 12.8399997130036 13.1299997065216 13.0249997088686 13.0099997092038 13.1949997050688 13.3899997007102 7.98464918043464 8.08003478171304 8.15749075869098 8.17183445813134 13.1599997058511 13.179999705404
13.8749996898696 14.4999996758997 13.3599997013807 13.1249997066334 14.3949996782467 14.359999679029 14.089999685064 13.9699996877462 13.654999694787 13.8949996894225 13.0949997073039 -9999 -9999 -9999 -9999 -9999 -9999 -9999 -9999 -9999 -9999 -9999 -9999 -9999 -9999 -9999 -9999 -9999 -9999 -9999 -9999 -9999 -9999 -9999 11.0399997532368 9.82996611343697 9.99778739688918 10.070223079063 10.0135654662736 9.78980375500396 12.184999727644 12.1699997279793 12.1349997287616 12.2749997256324 12.2199997268617 12.2449997263029 12.2849997254089 12.4799997210503 12.7299997154623 12.8799997121096 12.7599997147918 12.6899997163564 13.0149997090921 12.9499997105449 8.09509566612542 7.94018371216953 13.3349997019395 13.4799996986985 13.3049997026101 13.3799997009337 12.8999997116625 13.1249997066334
13.4349996997043 13.6949996938929 13.6999996937811 13.6749996943399 13.8449996905401 14.089999685064 13.7849996918812 13.8249996909872 14.2599996812642 11.8449997352436 -9999 -9999 -9999 -9999 -9999 -9999 -9999 -9999 -9999 -9999 -9999 -9999 -9999 -9999 -9999 -9999 -9999 -9999 -9999 -9999 -9999 -9999 -9999 -9999 -9999 11.5449997419491 11.7399997375906 11.8899997342378 11.7199997380376 11.8599997349083 11.9549997327849 9.98487806739286 11.9049997339025 11.8199997358024 9.57966855820268 12.2149997269735 12.1299997288734 12.4349997220561 12.6349997175857 12.7399997152388 12.9349997108802 12.7899997141212 12.6449997173622 12.6349997175857 12.5449997195974 12.7249997155741 12.8499997127801 13.0199997089803 13.1249997066334 13.1699997056276 13.1349997064099 13.1299997065216
13.614999695681 13.5849996963516 10.070223079063 13.7399996928871 13.9549996880814 13.8949996894225 13.9699996877462 14.1049996847287 13.8599996902049 -9999 -9999 -9999 -9999 -9999 -9999 -9999 -9999 -9999 -9999 -9999 -9999 -9999 -9999 -9999 -9999 -9999 -9999 -9999 -9999 -9999 -9999 -9999 -9999 -9999 -9999 -9999 12.2099997270852 12.1899997275323 11.9699997324497 11.6999997384846 12.0549997305498 12.0199997313321 11.7149997381493 11.5649997415021 11.749999737367 11.9749997323379 12.0949997296557 12.2849997254089 12.4549997216091 12.4849997209385 12.7199997156858 12.6499997172505 12.4249997222796 12.204999727197 12.184999727644 12.3249997245148 12.7699997145683 12.7299997154623 12.9499997105449 13.0199997089803 12.9899997096509 13.3049997026101
13.2999997027218 13.6049996959046 13.7249996932223 13.9849996874109 14.3299996796995 14.2249996820465 13.7049996936694 13.904999689199 12.7897884929553 -9999 -9999 -9999 -9999 -9999 -9999 -9999 -9999 -9999 -9999 -9999 -9999 -9999 -9999 -9999 -9999 -9999 -9999 -9999 -9999 -9999 -9999 -9999 -9999 -9999 -9999 -9999 -9999 -9999 -9999 13.1449997061864 13.1449997061864 12.0249997312203 11.9849997321144 11.8649997347966 9.46993925748393 11.914999733679 11.8749997345731 11.8349997354671 11.9099997337908 12.0749997301027 12.079999729991 12.3449997240677 12.4399997219443 12.2349997265264 12.22499972675 12.4199997223914 12.784999714233 12.6449997173622 12.7549997149035 12.8099997136742 12.9799997098744 13.1499997060746
13.489999698475 13.6249996954575 13.799999691546 14.1249996842816 14.4049996780232 14.5499996747822 14.4399996772408 14.2949996804819 14.3099996801466 -9999 -9999 -9999 -9999 -9999 -9999 -9999 -9999 -9999 -9999 -9999 -9999 -9999 -9999 -9999 -9999 -9999 -9999 -9999 -9999 -9999 -9999 -9999 -9999 -9999 -9999 -9999 -9999 -9999 -9999 -9999 -9999 -9999 -9999 11.3399997465312 12.8549997126684 11.5199997425079 11.2149997493252 11.2899997476488 11.5999997407198 11.7599997371435 11.6599997393787 11.5699997413903 11.8549997350201 11.9999997317791 11.894999734126 11.9299997333437 12.0499997306615 12.1299997288734 12.1449997285381 12.3649997236207 12.7149997157976 12.7599997147918
10.307611304801 10.3542283279821 10.4732810333371 10.7250129585154 10.7027802243829 13.8249996909872 13.9949996871874 14.069999685511 14.2599996812642 14.3499996792525 -9999 -9999 -9999 -9999 -9999 16.1899624452926 -9999 -9999 -9999 -9999 -9999 -9999 -9999 -9999 -9999 -9999 -9999 -9999 -9999 -9999 -9999 -9999 -9999 -9999 -9999 -9999 -9999 -9999 -9999 -9999 -9999 -9999 -9999 -9999 12.4549997216091 11.8999997340143 11.044999753125 11.1549997506663 11.0699997525662 11.2899997476488 11.4849997432902 11.2649997482076 11.3849997455254 11.209999749437 11.7249997379258 11.624999740161 11.9449997330084 11.8549997350201 11.7949997363612 11.8149997359142 11.7999997362494 12.1499997284263
10.1699117901735 10.3155003394932 10.2021851139143 10.2480849521235 10.2387615474872 10.588747813832 9.64995268546045 13.4849996985868 13.9499996881932 14.21499968227 13.8849996896461 -9999 -9999 -9999 -9999 -9999 -9999 -9999 -9999 -9999 -9999 -9999 -9999 -9999 -9999 -9999 -9999 -9999 -9999 -9999 -9999 -9999 -9999 -9999 -9999 -9999 -9999 -9999 -9999 -9999 -9999 -9999 -9999 -9999 -9999 12.1949997274205 11.7949997363612 11.1849997499958 10.7649997593835 10.6949997609481 10.6549997618422 10.629999762401 10.8749997569248 11.31499974709 11.7549997372553 11.5749997412786 11.6899997387081 11.9199997335672 11.7349997377023 11.6749997390434 11.7749997368082 11.9849997321144
13.7649996923283 9.9188970499672 13.8999996893108 10.7802362013608 10.7400738429278 10.6798303052783 13.8849996896461 13.8699996899813 13.7149996934459 14.0299996864051 14.1549996836111 12.0449997307733 6.49499985482544 -9999 10.5949997631833 10.5949997631833 21.0099995303899 21.0099995303899 -9999 -9999 -9999 -9999 -9999 -9999 -9999 -9999 -9999 -9999 -9999 -9999 -9999 -9999 -9999 -9999 -9999 -9999 -9999 -9999 -9999 -9999 -9999 -9999 -9999 -9999 -9999 8.8399998024106 12.7599997147918 11.189999749884 10.9999997541308 10.9099997561425 10.5299997646362 10.6399997621775 10.6449997620657 10.9999997541308 11.4049997450784 11.1799997501075 11.3799997456372 11.8199997358024 11.6349997399375 11.6499997396022 11.7649997370318 11.749999737367
13.509999698028 8.27510909410194 13.9849996874109 13.7899996917695 13.654999694787 13.7349996929988 13.7899996917695 13.6299996953458 13.9699996877462 14.0999996848404 14.4349996773526 14.3649996789172 15.3649996565655 15.1749996608123 15.8549996456131 15.9599996432662 14.9899996649474 11.3999997451901 -9999 -9999 -9999 -9999 -9999 -9999 -9999 -9999 -9999 -9999 -9999 -9999 -9999 -9999 -9999 -9999 -9999 -9999 -9999 -9999 -9999 -9999 -9999 -9999 -9999 -9999 -9999 -9999 -9999 -9999 13.199999704957 12.5499997194856 11.7849997365847 11.0499997530133 11.0049997540191 11.1749997502193 11.31499974709 11.3299997467548 11.3299997467548 11.8049997361377 11.8599997349083 11.6499997396022 11.6649997392669 11.6949997385964
13.2849997030571 13.5349996974692 13.7249996932223 10.8598437332548 11.1359599474818 13.9099996890873 13.7249996932223 13.9299996886402 13.924999688752 14.1099996846169 14.234999681823 14.0199996866286 14.3249996798113 14.794999669306 14.6899996716529 14.9949996648356 16.0549996411428 -9999 -9999 -9999 -9999 -9999 -9999 -9999 -9999 -9999 -9999 -9999 -9999 -9999 -9999 -9999 -9999 -9999 -9999 -9999 -9999 -9999 -9999 -9999 -9999 -9999 -9999 -9999 -9999 -9999 -9999 -9999 11.6999997384846 11.6649997392669 11.2349997488782 11.0899997521192 11.024999753572 11.1299997512251 11.0199997536838 10.9399997554719 11.2699997480959 11.7099997382611 11.7299997378141 11.6649997392669 11.5399997420609 11.5799997411668
13.1399997062981 13.3399997018278 13.3799997009337 13.4099997002631 13.4949996983632 13.8299996908754 14.1999996826053 14.2749996809289 14.2949996804819 14.2699996810406 14.6649996722117 14.629999672994 14.4999996758997 14.3649996789172 14.8399996683002 14.9249996664003 15.8999996446073 -9999 -9999 -9999 -9999 -9999 -9999 -9999 -9999 -9999 -9999 -9999 -9999 -9999 -9999 -9999 -9999 -9999 -9999 -9999 -9999 -9999 -9999 -9999 -9999 -9999 -9999 -9999 -9999 -9999 -9999 -9999 12.6599997170269 11.9099997337908 11.644999739714 11.1599997505546 10.8899997565895 11.024999753572 11.0549997529015 10.9099997561425 11.334999746643 11.6149997403845 11.7299997378141 11.5499997418374 11.4199997447431 11.6499997396022
12.8699997123331 13.2149997046217 13.3199997022748 11.0147556872107 10.9251075657085 10.8634296581149 10.7135379989631 10.9014404616319 14.6449996726587 14.6599996723235 14.5449996748939 14.4699996765703 14.2299996819347 14.5149996755645 14.8449996681884 6.69999985024333 -9999 -9999 -9999 -9999 -9999 -9999 -9999 -9999 -9999 -9999 -9999 -9999 -9999 -9999 -9999 -9999 -9999 -9999 -9999 -9999 -9999 -9999 -9999 -9999 -9999 -9999 -9999 -9999 -9999 -9999 -9999 -9999 11.1099997516721 11.7449997374788 11.3599997460842 11.2149997493252 11.1199997514486 11.2549997484311 11.31499974709 10.9999997541308 11.2499997485429 11.4649997437373 11.6849997388199 11.5199997425079 11.6149997403845 11.934999733232
11.1151615832932 11.5246742023155 13.3349997019395 11.3927121674642 10.8648640280589 13.779999691993 10.5851618889719 14.2649996811524 14.379999678582 14.6049996735528 14.3649996789172 14.1799996830523 14.2599996812642 14.3749996786937 14.774999669753 -9999 -9999 -9999 -9999 -9999 -9999 -9999 -9999 -9999 -9999 -9999 -9999 -9999 -9999 -9999 -9999 -9999 -9999 -9999 -9999 -9999 -9999 -9999 -9999 -9999 -9999 -9999 -9999 -9999 -9999 -9999 -9999 -9999 -9999 -9999 13.0249997088686 11.6949997385964 11.5449997419491 11.5449997419491 11.4549997439608 11.3249997468665 10.9699997548014 11.479999743402 11.7199997380376 11.8749997345731 11.8899997342378 11.9899997320026
11.6602221620269 11.0147556872107 11.3188421153463 11.306649970822 11.2951750112697 13.7649996923283 13.8449996905401 14.1549996836111 14.3099996801466 14.1399996839464 13.8199996910989 13.9499996881932 13.944999688305 13.9949996871874 14.1999996826053 14.2749996809289 -9999 -9999 -9999 -9999 -9999 -9999 -9999 -9999 -9999 -9999 -9999 -9999 -9999 -9999 -9999 -9999 -9999 -9999 -9999 -9999 -9999 -9999 -9999 -9999 -9999 -9999 -9999 -9999 -9999 -9999 -9999 6.23999986052513 6.23999986052513 -9999 11.5949583295733 12.2849997254089 11.8699997346848 11.4199997447431 11.4049997450784 11.4199997447431 11.3849997455254 11.5799997411668 11.8649997347966 12.1049997294322 12.1649997280911 8.83092744741589
13.2549997037277 11.0950804040767 10.9258247506805 11.2564470227808 10.6446882416494 13.9599996879697 10.7400738429278 14.0799996852875 14.2899996805936 14.2049996824935 14.2049996824935 13.9299996886402 13.8199996910989 14.1099996846169 13.2349997041747 -9999 -9999 -9999 -9999 -9999 -9999 -9999 -9999 -9999 -9999 -9999 -9999 -9999 -9999 -9999 -9999 -9999 -9999 -9999 -9999 -9999 -9999 -9999 -9999 -9999 -9999 -9999 -9999 -9999 -9999 -9999 -9999 -9999 7.96999982185662 12.6249997178093 13.3899997007102 13.8749996898696 13.3499997016042 12.6049997182563 11.789999736473 11.5099997427315 11.5099997427315 11.8699997346848 11.9049997339025 11.8849997343495 12.039999730885 8.80510878842324
11.3202764852904 11.067110190168 11.0032807276584 10.7902767909691 10.7400738429278 13.7549996925518 10.430249935016 14.0349996862933 14.0999996848404 14.2899996805936 14.4349996773526 14.6999996714294 14.629999672994 14.6249996731058 14.8599996678531 -9999 -9999 -9999 -9999 -9999 -9999 -9999 -9999 -9999 -9999 -9999 -9999 -9999 -9999 -9999 -9999 -9999 -9999 -9999 -9999 -9999 -9999 -9999 -9999 -9999 -9999 -9999 -9999 -9999 -9999 -9999 -9999 -9999 -9999 -9999 13.7849996918812 13.924999688752 14.089999685064 13.3349997019395 12.8549997126684 12.2799997255206 12.0849997298792 11.9849997321144 12.1449997285381 12.039999730885 12.2499997261912 12.2749997256324
11.2700735372491 11.144566167146 11.066393005196 10.9903713981621 13.4449996994808 10.9272591206245 10.7422253978439 14.1349996840581 14.2099996823817 14.1449996838346 14.1199996843934 14.2749996809289 14.4549996769056 14.1099996846169 13.6399996951222 -9999 -9999 -9999 -9999 -9999 -9999 -9999 -9999 -9999 -9999 -9999 -9999 -9999 -9999 -9999 -9999 -9999 -9999 -9999 -9999 -9999 -9999 -9999 -9999 -9999 -9999 -9999 -9999 -9999 -9999 -9999 -9999 -9999 -9999 -9999 -9999 -9999 12.6699997168034 13.8549996903166 13.4549996992573 13.2249997043982 13.489999698475 13.5399996973574 12.929999710992 12.4349997220561 12.2699997257441 8.67888423334807
