EcologicalScience/Bass/data/rs_data_bass/sst_393.asc
NCOLS 226 
NROWS 124 
XLLCORNER -9.41648524995501 
YLLCORNER 47.587301625531 
CELLSIZE 0.0833 
NODATA_value -9999 
[rows 81 to 107 of 124, columns 62 to 123 of 226]
14.3384299091995 -9999 -9999 -9999 -9999 -9999 -9999 -9999 -9999 -9999 -9999 -9999 -9999 -9999 -9999 -9999 -9999 -9999 -9999 -9999 -9999 -9999 -9999 -9999 -9999 -9999 -9999 -9999 -9999 -9999 -9999 -9999 -9999 -9999 -9999 -9999 -9999 -9999 -9999 -9999 -9999 -9999 -9999 -9999 -9999 -9999 -9999 -9999 -9999 -9999 -9999 -9999 -9999 -9999 -9999 -9999 -9999 -9999 -9999 -9999 -9999 -9999
14.8800425478881 -9999 -9999 -9999 -9999 -9999 -9999 -9999 -9999 -9999 -9999 -9999 -9999 -9999 -9999 -9999 -9999 -9999 -9999 -9999 -9999 -9999 -9999 -9999 -9999 -9999 -9999 -9999 -9999 -9999 -9999 -9999 -9999 -9999 -9999 -9999 -9999 -9999 -9999 -9999 -9999 -9999 -9999 -9999 -9999 -9999 -9999 -9999 -9999 -9999 -9999 -9999 -9999 -9999 -9999 -9999 -9999 -9999 -9999 -9999 -9999 -9999
-9999 -9999 -9999 -9999 -9999 -9999 -9999 -9999 -9999 -9999 -9999 -9999 -9999 -9999 -9999 -9999 -9999 -9999 -9999 -9999 -9999 -9999 -9999 -9999 -9999 -9999 -9999 -9999 -9999 -9999 -9999 -9999 -9999 -9999 -9999 -9999 -9999 -9999 -9999 -9999 -9999 -9999 -9999 -9999 -9999 -9999 -9999 -9999 -9999 -9999 -9999 -9999 -9999 -9999 -9999 -9999 -9999 -9999 -9999 -9999 14.9989796759156 -9999
-9999 -9999 -9999 -9999 -9999 -9999 -9999 -9999 -9999 -9999 -9999 -9999 -9999 -9999 -9999 -9999 -9999 -9999 -9999 -9999 -9999 -9999 -9999 -9999 -9999 -9999 -9999 -9999 -9999 -9999 -9999 -9999 -9999 11.3199997469783 11.209999749437 11.1449997508898 -9999 -9999 -9999 -9999 -9999 -9999 -9999 -9999 -9999 -9999 -9999 -9999 -9999 -9999 -9999 -9999 -9999 -9999 -9999 -9999 17.2699996139854 15.7018497685037 15.3623309875838 15.4749290281907 15.1579332705587 15.0137790911831
-9999 -9999 -9999 -9999 -9999 -9999 -9999 -9999 -9999 -9999 -9999 -9999 -9999 -9999 -9999 -9999 -9999 -9999 -9999 -9999 -9999 -9999 -9999 -9999 -9999 -9999 -9999 -9999 -9999 -9999 -9999 -9999 -9999 17.9675808915942 15.7302468782291 16.045091080945 16.0214239768684 15.330057663843 16.0250099017285 16.6252937233075 15.1825050056796 15.8349996460602 15.725943768397 16.362804023549 15.9547257744707 16.5801110700704 16.2408825783059 16.1419110521674 16.1598406764679 15.9497054796666 16.1325876475312 16.2401653933339 15.9303414854221 -9999 16.6770614385605 15.0439008600079 15.2124393284321 15.1213568369858 14.5798821831122 14.2241584369913 13.9674062170088 13.9064454943873
-9999 -9999 -9999 -9999 -9999 -9999 -9999 -9999 -9999 -9999 -9999 -9999 11.0787196219026 15.4939344299491 14.4080446638167 14.6143070617691 11.3647419535555 14.5312570420094 15.1159779496957 -9999 -9999 -9999 -9999 -9999 -9999 11.894999734126 9.8995169116675 14.6074938045349 15.0352946403436 15.2863093805499 15.4950102074072 15.6176488376223 15.9224524507299 13.3699911353178 15.5649996520951 13.1232926241809 17.7615678430918 15.6524323087651 15.4921414675191 15.7847529361024 16.0493941907771 15.9590288843028 15.4039277159609 15.2985015250742 15.3845637217164 15.3565935078077 15.1113162473775 15.1105990624055 14.8538468424231 15.0374461952597 14.9650105130859 15.1643879353069 15.1493270508945 15.1213568369858 14.848826547619 14.5942258825526 14.3848078707233 13.9523453325965 13.8311410723254 13.7866756040603 13.9172032689676 13.8763237255625
-9999 -9999 -9999 -9999 -9999 -9999 -9999 -9999 -9999 16.2360615015496 15.2201234531323 15.9963225028478 13.3850520197302 14.0362559743226 14.2714926451445 14.4149296395481 14.4228186742403 14.2808160497807 14.7376628769562 14.3898281655274 14.3202612232417 16.03007467312 14.3704641712829 15.0205923484173 14.3274330729619 14.8585597722392 -9999 14.9449293338694 14.8316141082905 14.7986235995777 14.9499496286735 14.9499496286735 14.8230078886263 14.732642582152 17.9964140565135 16.514999630861 13.7469030200686 15.0274056056514 15.4240088951774 15.7438733926974 15.4412213345058 15.5875270687975 15.0259712357074 14.7871486400254 14.6802880791947 14.4629810326733 14.1997741479427 14.1861476334743 14.1653492692858 14.1309243906289 14.2851191596128 14.2951597492211 14.1710867490619 13.9810327314772 13.8734549856745 13.8770409105346 13.8390301070176 13.7665944248438 13.7522507254034 13.9172032689676 13.7680287947878 14.0176091650501
-9999 -9999 -9999 -9999 -9999 -9999 -9999 -9999 14.7338002456191 14.2177037722431 13.1003295858391 14.0850245524198 13.4001129041426 14.4013031250797 14.5397198246792 13.896404904779 14.3991515701637 14.1947538531385 14.3446455122903 14.1847132635303 14.3173924833536 14.3575548417866 14.3073518937454 14.2607348705642 14.410626529716 14.4249702291563 14.1302072056569 14.6308023161255 14.5576494489796 14.5246589402668 14.5397198246792 14.6996520734392 14.7455519116484 14.7190160676837 14.9140903800726 15.0152134611271 14.9743339177221 14.9485152587295 15.3372295135632 15.44624162931 15.0862147733569 15.1909237792715 14.3776360210031 14.1072572865523 14.2370677664876 14.2040772577748 14.1689351941459 14.0835901824757 14.1000854368322 14.0204779049382 13.6841181530617 13.9093142342754 13.7522507254034 13.7773521994241 13.697027482558 13.7085024421103 13.894970534835 13.8375957370736 13.7414929508232 13.6927243727259 13.7924130838364 14.0326700494625
-9999 -9999 -9999 -9999 -9999 -9999 -9999 -9999 13.9098521230044 14.2074838863919 14.1908093357924 14.1287728357129 14.1617633444257 14.4486373332329 14.2664723503403 14.1603289744817 14.0792870726436 14.1416821652092 14.2829676046968 14.2069459976628 14.2435224312358 14.2212896971032 14.1997741479427 14.2169865872711 14.1588946045376 13.8289895174094 14.3475142521784 14.3030487839133 14.2844019746408 14.2564317607321 14.1653492692858 14.0563371535391 14.3209784082137 14.3252815180458 14.5103152408265 14.769219015725 14.7197332526557 14.6767021543346 14.8818170563318 14.7082582931034 14.6300851311535 14.6401257207617 14.1409649802372 13.9896389511414 14.0226294598542 13.7479476155713 14.0412762691267 14.0685292980634 13.8684346908703 13.8583941012621 13.7156742918305 13.5514389332384 13.6504104593769 13.6382183148526 13.6418042397127 13.5908841066994 13.6855525230058 13.7852412341163 13.8182317428291 13.5664998176508 14.1538743097335 14.1940366681665
13.7550542666577 9.40499978978187 -9999 -9999 -9999 -9999 -9999 -9999 13.4076433463488 14.0197607199661 13.9150517140515 13.9674062170088 14.0247810147703 14.0477309338748 13.9695577719249 13.9444562979043 13.8677175058983 13.6303292801604 13.8734549856745 13.9064454943873 13.9960936158895 13.9968108008616 14.0771355177276 13.9609515522607 13.8225348526612 13.8282723324373 13.8483535116538 13.8849299452268 13.5521561182104 14.132358760573 13.9645374771208 14.1839960785583 14.3554032868706 14.1237525409088 14.2621692405082 14.2557145757601 14.3654438764788 14.3776360210031 14.2370677664876 13.7694631647319 14.214835032355 13.8999908296391 13.7694631647319 13.696310297586 13.6676228987053 13.6726431935094 13.8010193035007 13.7708975346759 13.7214117716067 13.7092196270823 13.7694631647319 13.3276772219688 13.696310297586 13.5736716673709 13.7056337022223 13.4610736267641 13.53781241877 13.6898556328379 13.8576769162901 13.9494765927084 14.0341044194065 14.3561204718426
14.7778252353892 14.7053895532154 14.5884884027764 14.612155506853 13.2480696900748 -9999 16.1899624452926 13.5905255142134 13.3599505457096 13.6798150432296 13.9946592459455 13.9451734828763 13.893536164891 13.9903561361134 13.9580828123726 13.8784752804786 13.7149571068585 13.4797204360366 13.6288949102163 13.6418042397127 13.615268395748 13.6604510489851 13.5966215864755 13.6511276443489 13.5614795228466 13.5614795228466 13.5399639736861 13.5951872165315 13.6468245345168 13.6367839449085 13.7063508871943 13.6532791992649 13.8677175058983 13.7708975346759 13.7070680721663 13.8311410723254 13.7873927890323 13.5829950720072 13.6877040779218 13.4445783724077 13.2365947305225 13.2459181351587 13.5478530083783 13.5399639736861 13.5557420430705 13.6719260085374 13.7515335404314 13.774483459536 13.8117770780809 13.8311410723254 13.7393413959071 13.7802209393121 13.773766274564 13.8010193035007 13.7264320664108 13.7450788756832 13.6410870547406 13.3269600369968 13.6375011298805 14.052034043707 13.4101534937508 14.1137119513005
14.7419659867883 14.5963774374686 14.4723044373095 14.5289620500989 14.0861003298778 13.3219397421926 13.4739829562604 13.5119937597774 13.6002075113356 13.7371898409911 13.8246864075772 14.0097201303579 13.9681234019808 13.8992736446671 13.8691518758424 13.8505050665699 13.7974333786406 13.5829950720072 13.4768516961485 13.4474471122958 13.5198827944696 13.4632251816802 13.4481642972678 13.5241859043017 13.497650060337 13.5105593898334 13.5794091471471 13.5170140545815 13.5664998176508 13.6511276443489 13.5091250198893 13.5686513725668 13.5657826326787 13.5413983436301 13.5457014534622 13.4029816440307 13.3872035746463 12.9346598573029 13.3836176497862 13.3649708405137 13.7457960606553 13.6998962224461 13.6869868929498 13.537095233798 13.4782860660926 13.7845240491442 13.8662831359543 13.9035767544992 13.8677175058983 13.8117770780809 13.8261207775213 13.813928632997 13.8756065405905 13.8311410723254 13.8182317428291 13.8763237255625 13.5170140545815 13.9193548238836 14.2334818416275 14.172521119006 14.4357280037366 15.1120334323496
14.3568376568146 14.6214789114892 14.5691244085319 14.5404370096512 14.1839960785583 13.6977446675301 13.7587053901516 13.5664998176508 14.0398418991826 13.9164860839956 13.8763237255625 13.7142399218865 13.854808176402 13.4531845920719 13.7988677485846 13.8038880433887 13.7163914768025 13.5148624996655 13.5557420430705 13.5930356616154 13.3499099561013 13.5241859043017 13.5428327135742 13.5284890141338 13.5256202742457 13.5277718291618 13.5543076731265 13.5987731413916 13.5887325517833 13.5880153668113 13.5679341875948 13.6260261703283 13.6181371356361 13.5959044015035 13.4668111065403 13.3678395804018 13.7163914768025 13.5327921239659 13.7393413959071 13.6396526847966 13.3154850774445 13.6188543206081 13.4625079967082 13.6296120951883 13.4252143781632 13.7802209393121 13.8476363266818 13.7701803497039 13.8017364884727 13.7680287947878 13.7809381242841 13.8713034307584 14.0656605581753 14.1101260264404 14.0757011477835 14.1617633444257 14.0427106390707 14.2255928069353 14.3840906857513 14.7641987209208 14.7111270329915 14.6559037901461
14.2908566393889 14.3503829920664 14.5110324257985 14.6064180270769 14.5476088593714 14.3876766106114 14.0613574483432 14.2743613850325 14.1825617086142 14.1495711999014 14.0111545003019 13.7716147196479 13.735038286075 13.7723319046199 13.8390301070176 13.8397472919896 13.7249976964667 13.6669057137333 13.6712088235654 13.6898556328379 13.6238746154122 13.6274605402723 13.6475417194888 13.6181371356361 13.6202886905521 13.5908841066994 13.5578935979865 13.6095309159718 13.7995849335566 13.6317636501044 13.813211448025 13.8598284712061 13.5141453146935 13.735038286075 13.653996384237 13.6683400836773 13.5119937597774 13.7658772398718 13.7852412341163 13.656865124125 13.2308572507463 13.5062562800013 13.3972441642545 13.4123050486669 13.8053224133328 13.8397472919896 13.7809381242841 13.8232520376332 13.7924130838364 13.893536164891 13.694875927642 14.0269325696863 14.4636982176453 14.3797875759192 14.4400311135687 14.3625751365907 14.6013977322727 14.4636982176453 14.6429944606498 14.9886776171625 15.3974730512127 15.0431836750358
14.0398418991826 14.2521286509 14.3919797204435 14.3697469863109 14.332453367766 14.3790703909472 14.3640095065348 14.4357280037366 14.3374736625701 14.0412762691267 13.8727378007025 13.7135227369145 13.7300179912709 13.6274605402723 13.7214117716067 13.7830896792002 13.7120883669704 13.6661885287613 13.6267433553003 13.6826837831177 13.6891384478658 13.6109652859159 13.6346323899925 13.7063508871943 13.7006134074181 13.8261207775213 13.8505050665699 13.8978392747231 13.8354441821575 13.6403698697686 13.8519394365139 14.0649433732033 14.094347957056 14.3059175238013 14.0907620321959 13.5091250198893 13.2882320485078 13.775200644508 13.8203832977451 13.2760399039835 13.2279885108583 13.5155796846375 13.8974806822371 13.6511276443489 13.894970534835 13.9322641533799 13.8906674250029 13.8605456561781 13.8469191417098 13.7687459797598 13.8053224133328 14.769219015725 14.6738334144466 14.7785424203612 14.8215735186823 14.9212622297928 14.8689077268355 14.9370402991772 15.1156193572097 13.0350657533854 15.5373241207562 15.4505447391421
13.6303292801604 14.0204779049382 14.0800042576157 14.2334818416275 14.1452680900693 14.1459852750413 13.9631031071767 14.0742667778395 14.0075685754418 13.774483459536 13.6712088235654 13.5119937597774 13.5241859043017 13.5686513725668 13.5959044015035 13.656147939153 13.6382183148526 13.7967161936685 13.7092196270823 13.6783806732856 13.6755119333975 13.7163914768025 13.7379070259631 13.6518448293209 13.7551194652915 13.9501937776804 13.7651600548998 13.9946592459455 14.1000854368322 14.1445509050973 14.0355387893505 14.0168919800781 14.4421826684847 14.2757957549766 14.3095034486614 14.1976225930266 14.0742667778395 13.9509109626524 14.1897335583344 13.1347544644959 13.854808176402 13.932981338352 14.2073045901489 14.0348216043785 14.0470137489028 14.1151463212445 13.9609515522607 14.0082857604139 13.972426511813 14.2743613850325 14.7792596053332 14.8538468424231 15.1400036462583 14.7849970851094 14.9893948021345 15.0704367039725 15.6786095602438 15.6427503116429 15.4046449009329 15.8930478668772 16.0615863353014 16.3563493588008
13.7658772398718 13.8203832977451 13.9372844481841 14.0176091650501 14.0039826505817 13.975295251701 13.9666890320368 13.9501937776804 13.8368785521016 13.8232520376332 13.8397472919896 13.8053224133328 13.455336146988 13.4660939215682 13.5256202742457 13.5672170026228 13.5700857425109 13.5959044015035 13.6066621760838 13.656865124125 13.7379070259631 13.8110598931089 13.6927243727259 13.8067567832768 13.9365672632121 14.1904507433064 14.1911679282784 14.1904507433064 14.2908566393889 14.0986510668881 13.9717093268409 14.293725379277 14.4974059113301 14.611438321881 14.5999633623287 14.4443342234008 14.1696523791179 14.1940366681665 14.1818445236422 14.0405590841547 14.3934140903875 13.8698690608144 14.174672673922 14.0384075292386 14.1000854368322 14.1158635062166 14.0742667778395 14.1015198067762 14.1567430496216 14.7355113220401 14.7204504376277 15.4706259183586 14.971465177834 15.6341440919787 15.6836298550479 15.3859980916604 19.0688576725684 18.794999579899 -9999 -9999 -9999 -9999
13.8332926272415 13.8598284712061 13.8340098122135 13.8670003209263 13.5399639736861 13.9695577719249 13.9882045811974 13.9186376389116 13.9035767544992 13.85409099143 13.6661885287613 13.8397472919896 13.334849071689 13.6410870547406 13.654713569209 13.6217230604962 13.6726431935094 13.7587053901516 13.7909787138924 13.85409099143 13.8512222515419 13.9652546620928 13.8110598931089 14.1165806911886 14.1022369917482 14.3446455122903 14.2765129399486 14.1531571247615 14.2958769341931 13.2789086438715 14.1409649802372 14.3202612232417 14.4278389690444 14.7613299810328 14.9126560101286 14.7061067381874 14.1997741479427 14.5372096772771 14.4339350413065 14.2273857693654 13.8999908296391 13.8397472919896 14.3980757927056 14.2869121220428 14.1459852750413 14.1811273386702 14.3044831538573 14.1789757837541 14.3704641712829 14.2650379803963 15.7159031787887 15.8643604679964 15.8736838726327 15.7230750285089 13.5837513761595 11.4699997436255 -9999 -9999 -9999 -9999 -9999 -9999
13.7888271589763 13.7687459797598 13.9466078528203 13.8734549856745 13.9803155465052 13.9007080146112 13.9437391129322 14.0240638297983 14.0470137489028 13.8985564596951 13.7852412341163 13.7328867311589 13.8799096504226 13.6446729796007 13.7594225751236 13.733603916131 13.77591782948 14.0190435349941 14.1423993501812 13.895687719807 13.8777580955066 14.0713980379514 14.2047944427468 14.3016144139692 14.3295846278779 14.3905453504995 14.4005859401077 14.493102801498 14.8423718828708 15.374999656342 -9999 14.4205739784187 16.9849996203557 13.0449997084215 -9999 16.3049996355549 14.6756263768766 14.6247062438633 14.5020676136483 14.3087862636894 14.2872707145289 14.254280205816 14.3783532059751 14.5741447033361 14.5196386454627 14.4823450269178 15.0632648542523 14.8423718828708 14.8452406227589 15.2647938313894 16.2788933818229 16.6324655730277 16.4696645843796 -9999 -9999 -9999 -9999 -9999 -9999 -9999 -9999 -9999
14.0061342054978 13.6869868929498 13.9652546620928 13.8347269971855 14.0097201303579 14.0197607199661 14.0498824887909 14.0670949281193 14.0326700494625 13.9200720088556 13.8598284712061 13.9107486042194 13.972426511813 14.0341044194065 14.0075685754418 13.8433332168497 13.8634143960662 14.0713980379514 14.1983397779986 14.2901394544169 14.3238471481018 14.3898281655274 14.5131839807145 14.3704641712829 14.4177983794361 14.49023406161 14.5504775992595 14.5662556686439 14.610003951937 -9999 -9999 -9999 -9999 -9999 16.3799996338785 14.842085008882 15.1022319043986 14.2019257028587 14.1990569629706 14.5748618883081 14.41206089966 14.4665669575334 14.4084749747999 14.5762962582521 14.6967833335511 14.7857142700814 14.9750511026941 15.0467695998959 14.9994353917427 15.5323038259521 15.7876216759905 15.9346445952542 17.2922757472843 -9999 -9999 -9999 -9999 -9999 -9999 -9999 -9999 -9999
13.694875927642 13.534943678882 13.6131168408319 13.7895443439484 13.6245918003842 13.7515335404314 14.0792870726436 14.055619968567 14.0369731592946 13.9423047429882 13.8777580955066 13.9695577719249 13.972426511813 14.1101260264404 14.1933194831945 14.173238303978 14.1043885466643 14.1445509050973 14.2757957549766 13.694875927642 13.4123050486669 14.57199314842 14.4041718649678 14.7139957728796 14.6322366860695 14.6221960964613 14.7046723682433 14.9815057674423 15.5574052999727 13.6099996957928 -9999 -9999 -9999 -9999 -9999 17.3799996115267 15.2067018486559 15.925321190618 15.2913296753541 15.1794488197193 15.088366328273 15.1213568369858 14.9463637038134 14.7419659867883 14.7498550214805 14.7907345648855 14.7107684405055 15.4261604500934 15.6900845197961 16.0515457456931 16.3581423212308 16.2104022169951 17.2148197703063 14.081423036582 20.6549995383248 20.8737933420483 -9999 -9999 -9999 -9999 -9999 -9999
13.8591112862341 13.7873927890323 13.7902615289204 13.6604510489851 13.9494765927084 13.9982451708056 13.9996795407496 13.9638202921487 13.9172032689676 13.9480422227643 14.1309243906289 14.053468413651 14.1158635062166 14.2679067202844 14.4048890499398 14.4629810326733 14.1051057316363 14.2212896971032 14.1782585987821 14.1560258646496 14.254280205816 14.3080690787174 14.4981230963022 15.0152134611271 15.3164311493747 15.6319925370626 16.2760246419348 15.7001251094043 15.6592455659993 15.5958464144729 17.5950863350348 24.7149994475767 -9999 -9999 -9999 -9999 16.0032894425759 16.4079866767861 15.7202062886208 15.4950102074072 15.3099764846265 15.3793641306693 15.1561403081287 15.725226583425 15.7082532057539 15.4372768171597 16.0169415707933 15.4154026755132 15.5789208491333 15.2203283631243 16.5768837376963 16.497395736631 17.1064531210344 9.86999977938831 -9999 -9999 -9999 -9999 -9999 -9999 -9999 -9999
13.9917905060574 13.8375957370736 14.0362559743226 13.9028595695272 13.9265266736038 13.8397472919896 13.8297067023814 13.8598284712061 13.933698523324 13.9265266736038 14.1287728357129 14.1868648184463 14.3188268532977 14.4228186742403 14.5404370096512 14.5067293159664 14.4371623736806 14.1574602345936 14.1402477952652 14.1230353559367 14.2671895353124 14.211966292467 15.368785652332 15.6413159416988 15.9884334681556 15.887310387101 15.8779869824648 16.1454969770275 16.0242927167565 16.2961058211513 17.2592482607952 -9999 -9999 -9999 -9999 -9999 -9999 -9999 -9999 -9999 -9999 -9999 -9999 -9999 -9999 -9999 15.7094485140406 15.728453915799 15.5366069357842 16.1716230010082 15.4690028155272 14.6949996715412 -9999 -9999 -9999 -9999 -9999 -9999 -9999 -9999 -9999 -9999
13.8103427081369 13.8870815001428 13.8497878815979 13.7823724942282 13.8670003209263 13.8203832977451 13.7429273207672 13.9659718470648 13.9896389511414 14.0462965639308 14.212683477439 14.252845835872 14.3087862636894 14.3876766106114 14.4421826684847 14.4766075471416 14.4651325875893 14.452940443065 14.414212454576 14.4758903621696 14.65016631037 14.6057008421049 15.249732946977 15.0178431393579 10.8646145724165 13.6699996944517 15.1866206694394 15.8148747049272 16.1469313469715 16.2781761968508 16.1146580232307 17.0196097126892 19.6400133525021 -9999 -9999 -9999 -9999 -9999 -9999 -9999 -9999 -9999 -9999 -9999 -9999 -9999 -9999 -9999 -9999 -9999 -9999 -9999 -9999 -9999 -9999 -9999 -9999 -9999 -9999 -9999 -9999 -9999
13.694875927642 13.8870815001428 13.8784752804786 13.8641315810382 13.8275551474653 13.6862697079778 13.7142399218865 14.1029541767202 14.0742667778395 14.1008026218042 14.5103152408265 14.4156468245201 14.4041718649678 14.4543748130091 14.491668431554 14.4816278419457 14.4780419170856 14.5468916743994 14.5375682697631 14.4099093447439 14.8825342413038 14.9607074032538 15.1055787676014 15.2059846636839 15.3250373690389 15.1737113399431 15.4964445773512 15.5997192133218 15.7732779765502 16.2681356072426 17.0140079781413 16.7455417369492 -9999 -9999 -9999 -9999 -9999 -9999 -9999 -9999 -9999 -9999 -9999 -9999 -9999 -9999 -9999 -9999 -9999 -9999 -9999 -9999 -9999 -9999 -9999 -9999 -9999 -9999 -9999 -9999 -9999 -9999
13.773766274564 13.9243751186877 13.9566484424286 14.0090029453859 13.8189489278011 13.8110598931089 13.814645817969 13.9085970493034 13.8046052283607 14.333170552738 14.4048890499398 14.6329538710415 14.5669728536159 14.5167699055746 14.5160527206026 14.4809106569737 14.4486373332329 14.7563096862286 14.7986235995777 14.8029267094098 14.9592730333097 15.0840632184409 15.1787316347472 15.1780144497752 15.6104769879021 15.7782982713543 15.5136570166796 16.0902737341821 16.4130069715902 16.6159703186713 17.8151035918854 17.0979186198674 21.2467947055474 28.5299993623048 -9999 -9999 -9999 -9999 -9999 -9999 -9999 -9999 -9999 -9999 -9999 -9999 -9999 -9999 -9999 -9999 -9999 -9999 -9999 -9999 -9999 -9999 -9999 -9999 -9999 -9999 -9999 -9999
13.9200720088556 13.9265266736038 13.9523453325965 13.8605456561781 13.8340098122135 13.8770409105346 14.0893276622519 14.2779473098926 14.4163640094921 14.5404370096512 14.9047669754364 15.0446180449799 14.809381374158 14.850978102535 14.9356059292331 14.6752677843906 14.9542527385056 14.8803826863877 14.8868373511359 14.9477980737574 15.0639820392244 15.2038331087679 15.2949156002142 15.609042617958 15.9834131733514 15.8249152945355 15.5652943346649 16.6123843938112 16.6991637754254 16.4954832433723 17.6078371349722 17.0897905235179 13.8485029012045 -9999 -9999 -9999 -9999 -9999 -9999 -9999 -9999 -9999 -9999 -9999 -9999 -9999 -9999 -9999 -9999 -9999 -9999 -9999 -9999 -9999 -9999 -9999 -9999 -9999 -9999 -9999 -9999 -9999
