EcologicalScience/Bass/data/rs_data_bass/sst_25.asc
NCOLS 226 
NROWS 124 
XLLCORNER -9.41648524995501 
YLLCORNER 47.587301625531 
CELLSIZE 0.0833 
NODATA_value -9999 
[rows 0 to 26 of 124, columns 62 to 123 of 226]
-9999 -9999 -9999 -9999 -9999 -9999 -9999 -9999 -9999 -9999 -9999 -9999 -9999 -9999 -9999 -9999 -9999 -9999 -9999 -9999 -9999 -9999 -9999 -9999 -9999 -9999 -9999 -9999 -9999 -9999 -9999 -9999 -9999 -9999 -9999 -9999 -9999 -9999 -9999 -9999 -9999 -9999 -9999 -9999 -9999 -9999 -9999 -9999 -9999 -9999 -9999 -9999 -9999 -9999 -9999 -9999 -9999 -9999 -9999 -9999 -9999 -9999
-9999 -9999 -9999 -9999 -9999 -9999 -9999 -9999 -9999 -9999 -9999 -9999 -9999 -9999 -9999 -9999 -9999 -9999 -9999 -9999 -9999 -9999 -9999 -9999 -9999 -9999 -9999 -9999 -9999 -9999 -9999 -9999 -9999 -9999 -9999 -9999 -9999 -9999 -9999 -9999 -9999 -9999 -9999 -9999 -9999 -9999 -9999 -9999 -9999 -9999 -9999 -9999 -9999 -9999 -9999 -9999 -9999 -9999 -9999 -9999 -9999 -9999
-9999 -9999 -9999 -9999 -9999 -9999 -9999 -9999 -9999 -9999 -9999 -9999 -9999 -9999 -9999 -9999 -9999 -9999 -9999 -9999 -9999 -9999 -9999 -9999 -9999 -9999 -9999 -9999 -9999 -9999 -9999 -9999 -9999 -9999 -9999 -9999 -9999 -9999 -9999 -9999 -9999 -9999 -9999 -9999 -9999 -9999 -9999 -9999 -9999 -9999 -9999 -9999 -9999 -9999 -9999 -9999 -9999 -9999 -9999 -9999 -9999 -9999
-9999 -9999 -9999 -9999 -9999 -9999 -9999 -9999 -9999 -9999 -9999 -9999 -9999 -9999 -9999 -9999 -9999 -9999 -9999 -9999 -9999 -9999 -9999 -9999 -9999 -9999 -9999 -9999 -9999 -9999 -9999 -9999 -9999 -9999 -9999 -9999 -9999 -9999 -9999 -9999 -9999 -9999 -9999 -9999 -9999 -9999 -9999 -9999 -9999 -9999 -9999 -9999 -9999 -9999 -9999 -9999 -9999 -9999 -9999 -9999 -9999 -9999
-9999 -9999 -9999 -9999 -9999 -9999 -9999 -9999 -9999 -9999 -9999 -9999 -9999 -9999 -9999 -9999 -9999 -9999 -9999 -9999 -9999 -9999 -9999 -9999 -9999 -9999 -9999 -9999 -9999 -9999 -9999 -9999 -9999 -9999 -9999 -9999 -9999 -9999 -9999 -9999 -9999 -9999 -9999 -9999 -9999 -9999 -9999 -9999 -9999 -9999 -9999 -9999 -9999 -9999 -9999 -9999 -9999 -9999 -9999 -9999 -9999 -9999
-9999 -9999 -9999 -9999 -9999 -9999 -9999 -9999 -9999 -9999 -9999 -9999 -9999 -9999 -9999 -9999 -9999 -9999 -9999 -9999 -9999 -9999 -9999 -9999 -9999 -9999 -9999 -9999 11.7199997380376 12.2905552808402 12.4999997206032 12.4999997206032 12.0099997315556 12.3449997240677 12.557499719318 12.8049997137859 12.7749997144565 12.7699997145683 12.7999997138977 12.9199997112155 13.0099997092038 12.9799997098744 12.8399997130036 12.7599997147918 13.1699997056276 13.1749997055158 13.1699997056276 13.1699997056276 13.2949997028336 13.3349997019395 13.364999701269 13.3399997018278 13.2799997031689 13.1749997055158 13.1699997056276 13.2599997036159 13.1399997062981 13.5549996970221 13.5899996962398 13.6049996959046 13.6599996946752 13.6424996950664
-9999 -9999 -9999 -9999 -9999 -9999 -9999 -9999 -9999 -9999 -9999 -9999 -9999 -9999 -9999 -9999 -9999 -9999 -9999 -9999 -9999 -9999 -9999 -9999 -9999 -9999 -9999 11.6899997387081 12.4249997222796 12.2349997265264 12.101249729516 12.0449997307733 13.0199997089803 13.0199997089803 12.2699997257441 12.2699997257441 12.6424997174181 12.9149997113273 12.9499997105449 12.9549997104332 12.8299997132272 12.8749997122213 13.0049997093156 12.9649997102097 12.9449997106567 13.1899997051805 13.2949997028336 13.324999702163 13.2899997029454 13.2699997033924 13.3349997019395 13.3299997020513 13.2749997032806 13.2449997039512 13.3599997013807 13.3699997011572 13.2949997028336 13.5199996978045 13.4299996998161 13.7949996916577 13.7149996934459 13.75999969244
-9999 -9999 -9999 -9999 -9999 -9999 -9999 -9999 -9999 -9999 -9999 -9999 -9999 -9999 -9999 -9999 -9999 -9999 -9999 -9999 -9999 -9999 -9999 -9999 -9999 -9999 11.3892102717471 12.1974997273646 12.2949997251853 12.5399997197092 12.0199997313321 12.108333062691 12.1616663948322 12.5124997203238 12.1174997291528 12.6524997171946 12.6249997178093 12.6249997178093 12.8149997135624 12.8149997135624 12.8249997133389 12.9499997105449 12.9849997097626 13.0499997083098 13.1299997065216 13.2249997043982 13.3199997022748 13.3199997022748 13.2999997027218 13.0699997078627 12.9649997102097 12.9649997102097 13.2599997036159 13.4849996985868 13.4649996990338 13.4349996997043 13.4849996985868 13.5549996970221 13.489999698475 13.5774996965192 13.8499996904284 13.8499996904284
-9999 -9999 -9999 -9999 -9999 -9999 -9999 -9999 -9999 -9999 -9999 -9999 -9999 -9999 -9999 -9999 -9999 -9999 -9999 -9999 -9999 -9999 -9999 -9999 -9999 -9999 12.0999997295439 12.1099997293204 12.76499971468 12.76499971468 12.6499997172505 12.6749997166917 12.7599997147918 12.6749997166917 12.7249997155741 12.7949997140095 12.8649997124448 12.8649997124448 12.9824997098185 12.9649997102097 12.9549997104332 12.9499997105449 13.0049997093156 13.0999997071922 13.1899997051805 13.2849997030571 13.2849997030571 13.3199997022748 13.2949997028336 13.3149997023866 13.3199997022748 13.1049997070804 13.5999996960163 13.5849996963516 13.469999698922 13.6649996945634 13.6799996942282 13.5499996971339 13.6049996959046 13.7299996931106 13.9399996884167 13.9799996875226
-9999 -9999 -9999 -9999 -9999 -9999 -9999 -9999 -9999 -9999 -9999 -9999 -9999 -9999 -9999 -9999 -9999 -9999 -9999 -9999 -9999 -9999 -9999 -9999 -9999 11.2947869815844 12.4299997221678 12.3174997246824 12.9249997111037 12.9049997115508 12.8049997137859 12.8349997131154 12.8149997135624 12.8399997130036 12.827499713283 12.8024997138418 12.8549997126684 12.76499971468 12.8099997136742 12.7799997143447 12.8999997116625 13.0999997071922 13.0599997080863 13.1249997066334 13.2449997039512 13.3049997026101 13.324999702163 13.3549997014925 13.4449996994808 13.4999996982515 13.489999698475 13.5199996978045 13.1849997052923 13.7049996936694 13.1849997052923 13.3099997024983 13.5199996978045 13.5599996969104 13.4999996982515 13.3749997010455 13.2949997028336 13.0399997085333
-9999 -9999 -9999 -9999 -9999 -9999 -9999 -9999 -9999 -9999 -9999 -9999 -9999 -9999 -9999 -9999 -9999 -9999 -9999 -9999 -9999 -9999 -9999 -9999 9.18553550897299 12.6499997172505 12.7099997159094 12.8299997132272 12.7049997160211 12.7899997141212 12.7899997141212 12.7499997150153 12.7149997157976 12.7149997157976 12.8149997135624 12.8599997125566 12.9449997106567 12.9749997099862 12.9199997112155 12.9249997111037 12.9749997099862 13.0449997084215 13.1149997068569 13.1499997060746 13.1699997056276 13.344999701716 13.4199997000396 13.4999996982515 13.5199996978045 13.5799996964633 13.6249996954575 13.7949996916577 13.8499996904284 13.5849996963516 13.2699997033924 13.5349996974692 13.469999698922 13.4749996988103 13.6249996954575 13.3499997016042 13.2549997037277 13.1949997050688
-9999 -9999 -9999 -9999 -9999 -9999 -9999 -9999 -9999 -9999 -9999 -9999 -9999 -9999 -9999 -9999 -9999 -9999 -9999 -9999 -9999 -9999 -9999 -9999 13.8092854056241 12.2099997270852 12.4999997206032 12.5699997190386 13.0449997084215 12.9749997099862 12.6949997162446 12.5866663853327 12.8149997135624 12.8974997117184 12.7699997145683 12.9549997104332 13.0949997073039 13.054999708198 13.0399997085333 12.9899997096509 13.0299997087568 12.9349997108802 13.1549997059628 13.3349997019395 13.4599996991456 13.4849996985868 13.5149996979162 13.5149996979162 13.5149996979162 13.654999694787 13.7449996927753 13.8849996896461 13.8549996903166 13.6949996938929 13.9849996874109 13.8949996894225 13.5699996966869 14.0949996849522 14.1049996847287 13.654999694787 14.1049996847287 13.9499996881932
-9999 -9999 -9999 -9999 -9999 -9999 -9999 -9999 -9999 -9999 -9999 -9999 -9999 -9999 -9999 -9999 -9999 -9999 -9999 -9999 -9999 -9999 -9999 9.15722201754236 12.6749997166917 12.6749997166917 12.4549997216091 13.0299997087568 13.0299997087568 12.8349997131154 12.6699997168034 12.7099997159094 12.7749997144565 12.6349997175857 12.7349997153506 13.0249997088686 13.2799997031689 13.3099997024983 13.2699997033924 13.2899997029454 13.1299997065216 13.1099997069687 13.1599997058511 13.3349997019395 13.4199997000396 13.4799996986985 13.5799996964633 13.5849996963516 13.6199996955693 13.6749996943399 13.8149996912107 13.8249996909872 13.9599996879697 14.0199996866286 14.0149996867403 14.0249996865168 14.0649996856228 14.0049996869639 13.8499996904284 14.1649996833876 13.5399996973574 13.4749996988103
-9999 -9999 -9999 -9999 -9999 -9999 -9999 -9999 -9999 -9999 -9999 -9999 -9999 -9999 -9999 -9999 -9999 -9999 -9999 -9999 -9999 -9999 11.8055552916808 12.6133330514034 12.6066663848857 12.3199997246265 12.3999997228384 12.4899997208267 12.909999711439 12.909999711439 12.8149997135624 12.8199997134507 12.7499997150153 12.9249997111037 12.9899997096509 12.9599997103214 13.0699997078627 13.1499997060746 13.4299996998161 13.469999698922 13.5049996981397 13.4499996993691 13.3999997004867 13.469999698922 13.5299996975809 13.4949996983632 13.6049996959046 13.779999691993 13.7849996918812 13.8199996910989 13.8649996900931 13.9949996871874 14.0149996867403 14.0649996856228 14.0599996857345 14.0749996853992 14.0799996852875 13.8699996899813 13.3549997014925 13.4349996997043 13.3549997014925 13.3499997016042
-9999 -9999 -9999 -9999 -9999 -9999 -9999 -9999 -9999 -9999 -9999 -9999 -9999 -9999 -9999 -9999 -9999 -9999 -9999 -9999 -9999 12.6249997178093 12.6274997177534 12.9366663775096 12.7049997160211 11.9049997339025 11.9049997339025 13.1049997070804 13.2499997038394 12.9899997096509 12.9449997106567 13.1349997064099 12.9749997099862 12.9699997100979 13.2549997037277 13.2599997036159 13.3699997011572 13.469999698922 13.4999996982515 13.5549996970221 13.6449996950105 13.6499996948987 13.6449996950105 13.654999694787 13.6499996948987 13.6099996957928 13.634999695234 13.6299996953458 13.8349996907637 13.5949996961281 13.7849996918812 14.0049996869639 14.0149996867403 14.1149996845052 14.1699996832758 14.1549996836111 14.1599996834993 14.194999682717 13.944999688305 13.9399996884167 13.489999698475 13.4349996997043
-9999 -9999 -9999 -9999 -9999 -9999 -9999 -9999 -9999 -9999 -9999 -9999 -9999 -9999 -9999 -9999 -9999 -9999 -9999 -9999 13.1507139917729 13.0766663743804 13.0199997089803 12.0049997316673 11.9599997326732 11.914999733679 11.8899997342378 13.2666663701336 12.6899997163564 12.7299997154623 12.7799997143447 13.0099997092038 13.1699997056276 13.3049997026101 13.3899997007102 13.4949996983632 13.6199996955693 13.7399996928871 13.779999691993 13.8149996912107 13.7449996927753 13.7749996921048 13.7249996932223 13.779999691993 13.6499996948987 13.6299996953458 13.6599996946752 13.5749996965751 13.634999695234 13.8699996899813 14.1049996847287 14.0399996861815 14.1399996839464 14.1399996839464 14.1649996833876 14.1999996826053 14.2549996813759 14.2499996814877 14.2249996820465 13.4199997000396 13.4649996990338 13.3999997004867
-9999 -9999 -9999 -9999 -9999 -9999 -9999 -9999 -9999 -9999 -9999 -9999 -9999 -9999 -9999 -9999 -9999 -9999 -9999 13.3518418068262 12.9949997095391 13.026666375498 12.3849997231737 13.0099997092038 13.0099997092038 12.2299997266382 12.039999730885 12.0349997309968 13.1899997051805 13.1899997051805 13.2899997029454 13.2349997041747 13.3599997013807 13.5399996973574 13.654999694787 13.7849996918812 13.8199996910989 13.8249996909872 13.7899996917695 13.7749996921048 13.8399996906519 13.8049996914342 13.8249996909872 13.8649996900931 13.904999689199 13.9699996877462 14.0149996867403 14.0749996853992 13.75999969244 14.0349996862933 14.1299996841699 14.1249996842816 14.1699996832758 14.1749996831641 14.1749996831641 14.2549996813759 14.2699996810406 14.2499996814877 14.2799996808171 14.3774996786378 14.3624996789731 14.359999679029
-9999 -9999 -9999 -9999 -9999 -9999 -9999 -9999 -9999 -9999 -9999 -9999 -9999 -9999 -9999 -9999 -9999 13.8849996896461 13.8849996896461 13.7183330267047 13.179999705404 13.344999701716 12.7499997150153 12.3649997236207 12.3349997242913 12.22499972675 12.2299997266382 12.7199997156858 13.3949997005984 13.4449996994808 13.4949996983632 13.4999996982515 13.5299996975809 13.7199996933341 13.7699996922165 13.8199996910989 13.8349996907637 13.8449996905401 13.8699996899813 13.8249996909872 13.9199996888638 13.9399996884167 13.9299996886402 13.9399996884167 13.9999996870756 13.8949996894225 14.1049996847287 14.1149996845052 14.1649996833876 14.1899996828288 14.234999681823 14.2449996815994 14.2849996807054 14.3049996802583 14.3049996802583 14.2999996803701 14.3724996787496 14.3724996787496 14.3949996782467 14.4724996765144 14.4924996760674 14.4499996770173
-9999 -9999 -9999 -9999 -9999 -9999 -9999 -9999 -9999 -9999 -9999 -9999 -9999 -9999 -9999 -9999 -9999 13.8316663575048 14.1849996829405 13.9024996892549 13.7549996925518 13.4299996998161 12.4799997210503 13.0949997073039 13.324999702163 13.3099997024983 12.3599997237325 12.7799997143447 13.6049996959046 13.5899996962398 13.6499996948987 13.6699996944517 13.6799996942282 13.7049996936694 13.7849996918812 13.8749996898696 13.9549996880814 13.9949996871874 14.0199996866286 14.0199996866286 14.0199996866286 13.9199996888638 13.9349996885285 13.8649996900931 13.8499996904284 14.0049996869639 14.194999682717 14.2399996817112 14.3499996792525 14.3349996795878 14.379999678582 14.3699996788055 14.3299996796995 14.3749996786937 14.3949996782467 14.3324996796437 14.3774996786378 14.3849996784702 14.3224996798672 14.4349996773526 14.4124996778555 14.3774996786378
-9999 -9999 -9999 -9999 -9999 -9999 -9999 -9999 -9999 -9999 -9999 -9999 -9999 -9999 -9999 -9999 -9999 -9999 13.1599997058511 13.3183330356454 13.5883330296104 13.3399997018278 13.4749996988103 13.2249997043982 13.3499997016042 13.6399996951222 13.5399996973574 13.4149997001514 13.5949996961281 13.5699996966869 13.7699996922165 13.7699996922165 13.7649996923283 13.8749996898696 13.8549996903166 13.9899996872991 14.0149996867403 14.0399996861815 14.0199996866286 14.0749996853992 14.0849996851757 13.8799996897578 13.9899996872991 14.0149996867403 14.069999685511 14.2199996821582 14.2449996815994 14.2799996808171 14.3199996799231 14.359999679029 14.3849996784702 14.4299996774644 14.4199996776879 14.1724996832199 14.25749968132 14.2899996805936 14.277499680873 14.2324996818788 14.2624996812083 14.277499680873 14.3674996788613 14.3024996803142
-9999 -9999 -9999 -9999 -9999 -9999 -9999 -9999 -9999 -9999 -9999 -9999 -9999 -9999 10.6249997625127 13.464090608145 13.5279163642942 13.0299997087568 13.0299997087568 12.938333044139 13.6999996937811 13.7049996936694 13.7149996934459 13.6899996940047 13.9799996875226 13.8149996912107 13.5699996966869 13.7199996933341 13.9549996880814 14.0199996866286 13.8699996899813 13.5549996970221 12.4249997222796 13.6049996959046 13.8499996904284 14.089999685064 14.1849996829405 14.1699996832758 14.1049996847287 14.089999685064 14.0999996848404 14.2449996815994 14.2849996807054 14.21499968227 14.2549996813759 14.2849996807054 14.3099996801466 14.3149996800348 14.4299996774644 14.4049996780232 14.4049996780232 14.4399996772408 14.4999996758997 14.4549996769056 14.4399996772408 14.2174996822141 14.2399996817112 14.2449996815994 14.2199996821582 14.2274996819906 14.2199996821582 14.2424996816553
-9999 -9999 -9999 -9999 -9999 -9999 -9999 -9999 -9999 -9999 -9999 -9999 -9999 13.7199996933341 13.7949996916577 13.6999996937811 13.4799996986985 13.634999695234 13.7049996936694 13.6299996953458 13.5399996973574 13.6249996954575 13.469999698922 14.007499686908 13.4049997003749 13.4049997003749 13.4299996998161 13.5899996962398 13.8649996900931 13.75999969244 13.5049996981397 13.469999698922 13.654999694787 13.6499996948987 14.0249996865168 14.1099996846169 14.0799996852875 14.21499968227 14.2399996817112 14.1149996845052 14.2249996820465 14.3099996801466 14.3199996799231 14.3549996791407 14.2049996824935 14.1299996841699 14.3549996791407 14.4499996770173 14.4649996766821 14.4899996761233 14.4549996769056 14.4499996770173 14.2849996807054 14.1849996829405 14.2699996810406 14.1624996834435 14.1824996829964 14.2049996824935 14.1824996829964 14.1849996829405 14.2599996812642 14.3199996799231
-9999 -9999 -9999 -9999 -9999 -9999 -9999 -9999 -9999 -9999 12.369999723509 12.204999727197 13.2799997031689 13.2049997048452 13.7549996925518 13.7949996916577 13.5749996965751 13.7674996922724 13.5799996964633 13.5849996963516 13.5999996960163 14.1499996837229 14.2249996820465 14.4499996770173 13.2399997040629 13.4999996982515 13.4299996998161 13.5449996972457 13.8349996907637 13.8749996898696 13.634999695234 13.489999698475 13.9549996880814 14.1699996832758 14.2649996811524 13.924999688752 13.9399996884167 14.1699996832758 14.1499996837229 14.049999685958 14.3049996802583 14.0999996848404 14.1099996846169 14.1349996840581 14.2299996819347 14.1199996843934 14.089999685064 14.4599996767938 14.3199996799231 14.089999685064 14.2049996824935 14.2899996805936 14.3649996789172 12.7549997149035 13.1849997052923 12.8099997136742 14.2724996809848 14.3099996801466 14.2824996807612 14.1599996834993 14.1599996834993 14.2274996819906
-9999 -9999 -9999 -9999 -9999 -9999 -9999 -9999 -9999 -9999 12.7599997147918 12.8799997121096 12.369999723509 13.4949996983632 13.2899997029454 13.6899996940047 13.8499996904284 -9999 -9999 9.22999979369342 9.17499979492277 12.4399997219443 14.2274996819906 14.25749968132 14.0924996850081 14.1374996840023 14.1674996833317 12.2099997270852 12.2949997251853 12.2549997260794 12.1649997280911 14.0599996857345 14.2649996811524 14.2649996811524 14.234999681823 14.2499996814877 14.1649996833876 14.1549996836111 14.1299996841699 14.1999996826053 14.2649996811524 14.2499996814877 14.2799996808171 14.3099996801466 14.3349996795878 13.7649996923283 13.5299996975809 14.3849996784702 14.359999679029 14.3199996799231 14.0449996860698 13.7149996934459 13.7049996936694 13.4599996991456 13.4599996991456 13.5599996969104 13.4849996985868 13.5999996960163 14.4599996767938 14.3424996794201 14.3199996799231 14.359999679029
-9999 -9999 -9999 -9999 -9999 -9999 -9999 -9999 -9999 -9999 -9999 -9999 -9999 -9999 -9999 -9999 -9999 -9999 -9999 -9999 -9999 -9999 -9999 -9999 12.8999997116625 14.3927774560741 14.2799996808171 14.3624996789731 13.4949996983632 13.4949996983632 12.2199997268617 12.2699997257441 12.3449997240677 13.8299996908754 14.1049996847287 13.3399997018278 13.3849997008219 13.7449996927753 14.1399996839464 14.1849996829405 14.2099996823817 14.234999681823 14.2599996812642 14.3349996795878 13.904999689199 12.9049997115508 13.8999996893108 14.3249996798113 14.3499996792525 13.324999702163 12.7099997159094 13.6849996941164 13.5699996966869 12.8549997126684 13.0499997083098 13.0099997092038 13.3949997005984 13.4349996997043 13.469999698922 13.4499996993691 13.4499996993691 13.5649996967986
-9999 -9999 -9999 -9999 -9999 -9999 -9999 -9999 -9999 -9999 -9999 -9999 -9999 -9999 -9999 -9999 -9999 -9999 -9999 -9999 -9999 -9999 -9999 -9999 -9999 10.6396679468453 14.4919996760786 13.842499690596 13.8049996914342 13.8874996895902 14.1649996833876 14.1999996826053 14.2749996809289 13.7099996935576 12.0349997309968 13.6999996937811 13.6649996945634 12.8449997128919 13.3849997008219 13.5349996974692 13.6949996938929 14.1749996831641 14.1299996841699 14.1249996842816 13.5199996978045 14.234999681823 14.3549996791407 14.2549996813759 13.2799997031689 13.6799996942282 13.779999691993 13.8099996913224 13.3399997018278 13.9299996886402 12.9549997104332 12.9649997102097 13.1099997069687 13.3199997022748 13.6199996955693 13.6249996954575 13.5999996960163 13.4399996995926
-9999 -9999 -9999 -9999 -9999 -9999 -9999 -9999 -9999 -9999 -9999 -9999 -9999 -9999 -9999 -9999 -9999 -9999 -9999 -9999 -9999 -9999 -9999 -9999 -9999 -9999 -9999 14.1649996833876 14.1474996837787 13.6624996946193 13.572499696631 13.3974997005425 13.2974997027777 14.1433330172052 13.5799996964633 13.5749996965751 14.0024996870197 14.2224996821024 12.9649997102097 13.3499997016042 13.2999997027218 13.3799997009337 13.6649996945634 13.6899996940047 14.3649996789172 14.1049996847287 14.1699996832758 14.1799996830523 14.0399996861815 13.8349996907637 13.7499996926636 13.0599997080863 13.1299997065216 13.2049997048452 13.2099997047335 13.8199996910989 13.8999996893108 13.6749996943399 13.5449996972457 13.6849996941164 13.654999694787 13.5899996962398
