EcologicalScience/Bass/data/rs_data_bass/sst_134.asc
NCOLS 226 
NROWS 124 
XLLCORNER -9.41648524995501 
YLLCORNER 47.587301625531 
CELLSIZE 0.0833 
NODATA_value -9999 
[rows 27 to 53 of 124, columns 62 to 123 of 226]
-9999 -9999 -9999 -9999 -9999 -9999 -9999 -9999 -9999 -9999 -9999 -9999 -9999 -9999 -9999 -9999 -9999 -9999 -9999 -9999 -9999 -9999 -9999 -9999 -9999 -9999 -9999 -9999 12.5299997199327 8.78999980352819 9.93999977782369 9.78999978117645 9.70499978307635 9.86499977950007 10.0649997750297 10.214999771677 10.3549997685477 10.3799997679889 10.3749997681007 10.1999997720122 10.1449997732416 10.2299997713417 10.1799997724593 10.1299997735769 9.68499978352338 9.30499979201704 9.76499978173524 9.95499977748841 9.85499977972358 10.2049997719005 9.60999978519976 9.60999978519976 9.3849997902289 9.2274997937493 9.23999979346991 9.34624979109503 9.60499978531152 9.41499978955835 9.31999979168177 9.33999979123473 9.41749978950247 9.50749978749081
-9999 -9999 -9999 -9999 -9999 -9999 -9999 -9999 -9999 -9999 -9999 -9999 -9999 -9999 -9999 -9999 -9999 -9999 -9999 -9999 -9999 -9999 -9999 -9999 -9999 -9999 -9999 -9999 -9999 -9999 9.78499978128821 9.98499977681786 10.0749997748062 10.0249997759238 10.029999775812 10.0799997746944 10.1149997739121 9.97499977704138 10.2899997700006 10.0899997744709 10.2649997705594 10.2549997707829 10.3249997692183 10.194999772124 9.36499979067594 9.55499978642911 9.14999979548156 9.5299997869879 9.34249979117885 9.58499978575855 9.58499978575855 9.50249978760257 9.5174997872673 9.51499978732318 9.6709997838363 9.51199978739023 9.49499978777021 9.56499978620559 9.27249979274347 9.25999979302287 9.49499978777021 9.40499978978187
-9999 -9999 -9999 -9999 -9999 -9999 -9999 -9999 -9999 -9999 -9999 -9999 -9999 -9999 -9999 -9999 -9999 -9999 -9999 -9999 -9999 -9999 -9999 -9999 -9999 -9999 -9999 -9999 -9999 -9999 -9999 13.1099997069687 10.0549997752532 9.904999778606 9.87999977916479 10.0749997748062 10.0899997744709 10.1449997732416 9.82499978039414 10.2949997698888 9.97999977692962 10.3749997681007 9.45999978855252 10.0749997748062 9.13499979581684 9.01499979849905 9.28999979235232 9.52499978709966 9.41499978955835 9.48249978804961 9.4449997888878 9.43499978911132 9.40749978972599 9.44833312214663 9.35499979089946 9.28249979251996 9.28999979235232 9.37749979039654 9.54749978659675 9.55249978648499 9.53749978682026 9.5899997856468
-9999 -9999 -9999 -9999 -9999 -9999 -9999 -9999 -9999 -9999 -9999 -9999 -9999 -9999 -9999 -9999 -9999 -9999 -9999 -9999 -9999 -9999 -9999 -9999 -9999 -9999 -9999 -9999 -9999 -9999 -9999 12.9758835903183 10.2199997715652 10.1649997727945 10.2099997717887 10.2449997710064 10.3149997694418 10.2549997707829 10.1899997722358 10.31999976933 9.9899997767061 9.98499977681786 10.2299997713417 10.214999771677 9.43999978899956 9.62999978475273 10.2449997710064 8.72499980498105 9.73999978229403 9.45249978872016 9.41749978950247 9.35249979095533 9.24999979324639 9.43499978911132 9.37749979039654 9.34499979112297 9.31749979173765 9.28999979235232 9.33999979123473 9.57499978598207 9.614999785088 9.69249978335574
-9999 -9999 -9999 -9999 -9999 -9999 -9999 -9999 -9999 -9999 -9999 -9999 -9999 -9999 -9999 -9999 -9999 -9999 -9999 -9999 -9999 -9999 -9999 -9999 -9999 -9999 -9999 -9999 -9999 -9999 -9999 10.0385712041919 10.0749997748062 10.029999775812 10.1649997727945 10.0399997755885 9.87499977927655 10.359999768436 10.2049997719005 10.1649997727945 10.1499997731298 9.32499979157001 10.339999768883 10.2499997708946 10.3349997689947 9.8449997799471 10.3049997696653 9.64499978441745 9.759999781847 9.71749978279695 9.49499978777021 9.53999978676438 8.9249998005107 8.88499980140477 8.91499980073422 9.36999979056418 9.40249978983775 9.35749979084358 9.50749978749081 9.4324997891672 9.48499978799373 9.64499978441745
-9999 -9999 -9999 -9999 -9999 -9999 -9999 -9999 -9999 -9999 -9999 -9999 -9999 -9999 -9999 -9999 -9999 -9999 -9999 -9999 -9999 -9999 -9999 -9999 -9999 -9999 -9999 -9999 -9999 -9999 -9999 -9999 10.1099997740239 10.2099997717887 10.2699997704476 10.3899997677654 10.049999775365 9.99999977648258 10.3099997695535 9.94999977760017 10.1649997727945 9.94499977771193 9.07999979704618 10.4149997672066 9.88499977905303 10.4949997654185 10.2949997698888 10.2949997698888 9.50999978743494 9.30499979201704 9.17499979492277 9.21749979397282 9.22249979386106 8.94999979995191 8.94499980006367 9.3724997905083 9.27499979268759 9.41249978961423 9.14999979548156 9.44749978883192 9.71749978279695 9.53499978687614
-9999 -9999 -9999 -9999 -9999 -9999 -9999 -9999 -9999 -9999 -9999 -9999 -9999 -9999 -9999 -9999 -9999 -9999 -9999 -9999 -9999 -9999 -9999 -9999 -9999 -9999 -9999 -9999 -9999 -9999 -9999 -9999 10.0449997754768 10.0849997745827 9.95999977737665 10.1899997722358 10.1799997724593 10.4299997668713 10.4299997668713 10.3099997695535 9.70999978296459 9.614999785088 9.23499979358166 9.44999978877604 10.0599997751415 10.4549997663125 10.3849997678772 9.43999978899956 9.40999978967011 9.34499979112297 9.33249979140237 9.25999979302287 9.2024997943081 9.14749979553744 9.04749979777262 8.77999980375171 9.34999979101121 9.18499979469925 9.47749978816137 9.60999978519976 9.72249978268519 9.51999978721142
-9999 -9999 -9999 -9999 -9999 -9999 -9999 -9999 -9999 -9999 -9999 -9999 -9999 -9999 -9999 -9999 -9999 -9999 -9999 -9999 -9999 -9999 -9999 -9999 -9999 -9999 -9999 -9999 -9999 -9999 -9999 -9999 -9999 9.81499978061765 9.81499978061765 9.79499978106469 10.2349997712299 9.55999978631735 9.78499978128821 10.3749997681007 9.86999977938831 9.93999977782369 10.2549997707829 10.3149997694418 10.3549997685477 9.95249977754429 9.54999978654087 9.56249978626147 9.82499978039414 9.84249978000298 9.79249978112057 9.66999978385866 9.23749979352579 9.34999979101121 9.23749979352579 9.40749978972599 9.28249979251996 9.48749978793785 9.54999978654087 9.52499978709966 9.07749979710206 9.40749978972599
-9999 -9999 -9999 -9999 -9999 -9999 -9999 8.49499981012195 8.49499981012195 8.79504189454019 8.67990755010396 8.89803361981125 8.73822784683983 8.4188532053316 8.41999981179833 -9999 -9999 -9999 -9999 -9999 -9999 -9999 -9999 -9999 -9999 -9999 -9999 -9999 -9999 -9999 -9999 -9999 -9999 -9999 9.47999978810549 9.57499978598207 10.2049997719005 9.51999978721142 9.33999979123473 9.14499979559332 9.25499979313463 9.03499979805201 9.50999978743494 10.31999976933 10.3249997692183 10.4149997672066 10.4499997664243 10.0774997747503 9.87249977933243 9.78999978117645 9.759999781847 9.71499978285283 9.48499978799373 9.77999978139997 9.59999978542328 9.21749979397282 9.09499979671091 9.19499979447573 9.56999978609383 9.67999978363514 9.09499979671091 9.52249978715554
-9999 -9999 -9999 -9999 8.91772707340053 8.52166647619257 8.46833314405133 7.98999982140958 7.91249982314184 8.20402797444591 8.66857755423657 10.0623480807059 -9999 -9999 -9999 -9999 -9999 -9999 -9999 -9999 -9999 -9999 -9999 -9999 -9999 -9999 -9999 -9999 -9999 -9999 -9999 -9999 -9999 -9999 9.86749977944419 10.3616664350654 10.0249997759238 10.1699997726828 10.214999771677 9.95499977748841 9.13499979581684 9.01499979849905 9.04999979771674 9.87499977927655 10.3699997682124 10.4249997669831 10.5199997648597 10.5299997646362 9.96499977726489 9.90749977855012 9.88499977905303 9.66249978402629 9.8199997805059 9.6999997831881 9.55499978642911 9.53999978676438 9.15249979542568 8.99249979900196 9.20749979419634 9.46999978832901 9.60499978531152 9.71249978290871
10.0516446236935 9.52499978709966 9.52499978709966 9.32999979145825 9.41999978944659 8.5249998094514 8.39999981224537 8.27499981503934 8.84499980229884 8.85833313533415 -9999 -9999 -9999 -9999 -9999 -9999 -9999 -9999 -9999 -9999 -9999 -9999 -9999 -9999 -9999 -9999 -9999 -9999 -9999 -9999 -9999 -9999 -9999 -9999 9.04999979771674 9.60999978519976 9.97999977692962 10.2449997710064 10.194999772124 10.3449997687712 9.41499978955835 10.029999775812 10.2499997708946 10.1349997734651 10.0749997748062 10.3799997679889 10.4999997653067 10.5449997643009 9.73749978234991 9.59499978553504 9.71999978274107 9.9299997780472 9.904999778606 9.73749978234991 9.81749978056177 9.46249978849664 9.44249978894368 9.34999979101121 9.38249979028478 9.58749978570268 9.62999978475273 9.80999978072941
10.4699997659773 10.4149997672066 9.73499978240579 9.56999978609383 9.64999978430569 9.27499979268759 8.64499980676919 8.28999981470406 8.94666646669308 8.9366664669166 -9999 -9999 -9999 -9999 -9999 -9999 -9999 -9999 -9999 -9999 -9999 -9999 -9999 -9999 -9999 -9999 -9999 -9999 -9999 -9999 -9999 -9999 -9999 -9999 -9999 9.21249979408458 9.27999979257584 9.23499979358166 9.24499979335815 9.36999979056418 9.48499978799373 9.70499978307635 10.214999771677 10.1499997731298 10.4949997654185 10.5799997635186 10.5599997639656 10.5599997639656 9.87749977922067 9.9299997780472 9.94249977776781 9.80249978089705 9.79999978095293 9.8324997802265 9.76999978162348 9.61249978514388 9.69249978335574 9.72249978268519 8.92999980039895 8.95499979984015 9.01999979838729 9.06499979738146
10.9699997548014 10.8649997571483 10.1349997734651 10.1349997734651 10.1099997740239 9.75499978195876 9.64999978430569 9.09499979671091 9.34999979101121 -9999 -9999 -9999 -9999 -9999 -9999 -9999 -9999 -9999 -9999 -9999 -9999 -9999 -9999 -9999 -9999 -9999 -9999 -9999 -9999 -9999 -9999 -9999 -9999 -9999 -9999 -9999 9.56570381880738 9.30999979190528 9.27499979268759 9.26999979279935 9.49999978765845 9.72999978251755 10.1299997735769 10.3249997692183 10.4449997665361 10.484999765642 10.3749997681007 10.359999768436 9.9299997780472 9.91999977827072 9.84749977989122 9.76499978173524 9.87999977916479 9.88749977899715 9.94999977760017 9.76249978179112 9.90749977855012 9.14499979559332 9.24999979324639 9.16499979514629 9.23499979358166 9.27999979257584
10.9899997543544 10.9149997560307 10.4349997667596 10.2699997704476 10.5399997644126 11.0799997523427 9.41833312281718 9.38999979011714 12.7897884929553 -9999 -9999 -9999 -9999 -9999 -9999 -9999 -9999 -9999 -9999 -9999 -9999 -9999 -9999 -9999 -9999 -9999 -9999 -9999 -9999 -9999 -9999 -9999 -9999 -9999 -9999 -9999 -9999 -9999 -9999 14.919999666512 11.3600231494056 10.3262497691903 9.85999977961183 9.83999978005886 9.86999977938831 9.85999977961183 9.72999978251755 9.59999978542328 9.59999978542328 10.0349997757003 9.93999977782369 9.9174997783266 9.9899997767061 9.96749977720901 9.98749977676198 9.93749977787957 9.93749977787957 9.76499978173524 9.91249977843836 9.86999977938831 9.92749977810308 9.96499977726489
10.9499997552484 10.8949997564778 10.899999756366 10.6199997626245 10.9299997556955 11.2049997495487 9.13249979587272 9.39999978989363 10.5048868771816 -9999 -9999 -9999 -9999 -9999 -9999 -9999 -9999 -9999 -9999 -9999 -9999 -9999 -9999 -9999 -9999 -9999 -9999 -9999 -9999 -9999 -9999 -9999 -9999 -9999 -9999 -9999 -9999 -9999 -9999 -9999 -9999 -9999 -9999 7.91422259615501 9.91499977838248 9.86499977950007 9.82999978028238 9.80999978072941 9.73499978240579 9.97249977709725 10.0899997744709 10.092499774415 10.1974997720681 10.0899997744709 9.81499978061765 9.77999978139997 9.76999978162348 9.78999978117645 9.92249977821484 9.93499977793545 10.049999775365 10.0449997754768
10.8249997580424 10.7899997588247 10.9749997546896 10.8249997580424 10.8899997565895 10.879999756813 9.3724997905083 9.23749979352579 9.787016381789 13.0886074061371 -9999 -9999 -9999 -9999 -9999 16.1899624452926 -9999 -9999 -9999 -9999 -9999 -9999 -9999 -9999 -9999 -9999 -9999 -9999 -9999 -9999 -9999 -9999 -9999 -9999 -9999 -9999 -9999 -9999 -9999 -9999 -9999 -9999 -9999 -9999 10.3749997681007 9.79999978095293 10.237499771174 10.402499767486 10.2999997697771 10.1249997736886 10.1399997733533 10.1149997739121 9.89499977882951 9.9174997783266 10.0824997746386 9.71999978274107 9.71999978274107 10.0799997746944 10.0799997746944 9.72499978262931 9.88499977905303 9.9299997780472
10.8399997577071 10.8949997564778 10.8499997574836 10.8899997565895 10.9049997562543 10.7999997586012 10.6549997618422 10.5249997647479 9.65624978416599 11.8464784353273 16.6999996267259 -9999 -9999 -9999 -9999 -9999 -9999 -9999 -9999 -9999 -9999 -9999 -9999 -9999 -9999 -9999 -9999 -9999 -9999 -9999 -9999 -9999 -9999 -9999 -9999 -9999 -9999 -9999 -9999 -9999 -9999 -9999 -9999 -9999 -9999 11.9024426550502 10.1824997724034 10.2724997703917 10.4074997673742 10.1549997730181 10.1099997740239 10.3324997690506 10.1999997720122 10.1399997733533 9.94499977771193 9.96999977715313 10.0199997760355 9.99499977659434 9.98499977681786 9.96499977726489 9.95499977748841 9.95999977737665
11.2649997482076 11.1849997499958 11.0149997537956 10.8349997578189 10.7449997598305 10.7899997588247 10.7599997594953 10.6249997625127 9.96999977715313 9.86499977950007 9.88999977894127 9.54499978665262 8.64999980665743 -9999 -9999 -9999 21.4437960173376 18.6680936467834 -9999 -9999 -9999 -9999 -9999 -9999 -9999 -9999 -9999 -9999 -9999 -9999 -9999 -9999 -9999 -9999 -9999 -9999 -9999 -9999 -9999 -9999 -9999 -9999 -9999 -9999 -9999 8.8399998024106 14.6649996722117 8.95249979989603 9.76999978162348 9.76499978173524 9.76499978173524 10.0099997762591 10.0199997760355 10.1049997741356 10.1099997740239 10.1849997723475 10.2649997705594 10.0899997744709 10.0949997743592 10.214999771677 10.1449997732416 10.0899997744709
11.3049997473136 11.2399997487664 11.1599997505546 11.0499997530133 10.9749997546896 10.9149997560307 10.8299997579306 10.6899997610599 10.4449997665361 8.73499980475754 8.73499980475754 9.86499977950007 9.67571406944522 9.13749979576096 9.03666646468143 8.98999979905784 9.01333313186963 17.7819971610182 -9999 -9999 -9999 -9999 -9999 -9999 -9999 -9999 -9999 -9999 -9999 -9999 -9999 -9999 -9999 -9999 -9999 -9999 -9999 -9999 -9999 -9999 -9999 -9999 -9999 -9999 -9999 -9999 -9999 -9999 9.32142372143322 10.0024997764267 9.71499978285283 9.87999977916479 9.88499977905303 10.0649997750297 10.2099997717887 10.1649997727945 10.1899997722358 10.1199997738004 10.1699997726828 10.0899997744709 10.4924997654743 10.7099997606128
11.4499997440726 11.3949997453019 11.2349997488782 11.1599997505546 11.1249997513369 11.0549997529015 10.919999755919 10.7449997598305 10.8199997581542 9.66999978385866 9.61999978497624 9.46999978832901 8.33999981358647 8.24999981559813 8.51499980967492 9.32166645831118 9.3599997907877 -9999 -9999 -9999 -9999 -9999 -9999 -9999 -9999 -9999 -9999 -9999 -9999 -9999 -9999 -9999 -9999 -9999 -9999 -9999 -9999 -9999 -9999 -9999 -9999 -9999 -9999 -9999 -9999 -9999 -9999 -9999 9.52666645372907 10.0749997748062 10.0399997755885 9.91999977827072 9.904999778606 10.0749997748062 10.1899997722358 10.1449997732416 10.1549997730181 10.1349997734651 10.1249997736886 10.1399997733533 10.3424997688271 10.5949997631833
11.5549997417256 11.479999743402 11.3749997457489 11.354999746196 11.2149997493252 11.0699997525662 10.9249997558072 10.919999755919 10.8549997573718 8.80499980319291 9.37999979034066 9.49999978765845 9.34999979101121 8.34499981347471 8.17499981727451 10.2877549992333 9.79209505747603 -9999 -9999 -9999 -9999 -9999 -9999 -9999 -9999 -9999 -9999 -9999 -9999 -9999 -9999 -9999 -9999 -9999 -9999 -9999 -9999 -9999 -9999 -9999 -9999 -9999 -9999 -9999 -9999 -9999 -9999 -9999 10.1877731604036 9.95999977737665 10.0399997755885 10.1649997727945 10.1699997726828 10.1499997731298 10.1049997741356 10.1549997730181 10.1149997739121 10.1299997735769 10.2049997719005 10.2924997699447 10.3424997688271 10.5999997630715
11.4849997432902 11.4949997430667 11.2699997480959 11.1349997511134 11.1349997511134 10.6949997609481 10.6949997609481 10.6749997613952 10.7649997593835 8.32999981380999 8.64499980676919 8.56499980855733 9.24999979324639 9.13999979570508 10.6283879211793 6.69999985024333 -9999 -9999 -9999 -9999 -9999 -9999 -9999 -9999 -9999 -9999 -9999 -9999 -9999 -9999 -9999 -9999 -9999 -9999 -9999 -9999 -9999 -9999 -9999 -9999 -9999 -9999 -9999 -9999 -9999 -9999 -9999 -9999 14.5699678148609 10.4503149433061 10.1899997722358 10.1449997732416 10.1149997739121 10.1399997733533 10.1199997738004 10.1899997722358 10.2299997713417 10.1649997727945 10.2299997713417 10.5099997650832 10.3449997687712 10.194999772124
11.5099997427315 11.5999997407198 11.5249997423962 11.4949997430667 11.2899997476488 11.0799997523427 11.1999997496605 11.1099997516721 11.0299997534603 10.8949997564778 10.5399997644126 9.71499978285283 9.28999979235232 9.20499979425222 9.10999979637563 -9999 -9999 -9999 -9999 -9999 -9999 -9999 -9999 -9999 -9999 -9999 -9999 -9999 -9999 -9999 -9999 -9999 -9999 -9999 -9999 -9999 -9999 -9999 -9999 -9999 -9999 -9999 -9999 -9999 -9999 -9999 -9999 -9999 -9999 11.9550636108033 10.1305945590721 10.1499997731298 10.1599997729063 10.174999772571 10.2049997719005 10.214999771677 10.2049997719005 10.2249997714534 10.1299997735769 10.1149997739121 10.194999772124 10.2499997708946
11.8399997353554 11.7299997378141 11.5799997411668 11.5699997413903 11.5049997428432 11.4549997439608 11.2249997491017 11.1749997502193 11.0949997520074 10.9999997541308 10.7249997602776 10.0649997750297 10.0999997742474 11.5018659090856 8.94748822720721 8.78166647038112 -9999 -9999 -9999 -9999 -9999 -9999 -9999 -9999 -9999 -9999 -9999 -9999 -9999 -9999 -9999 -9999 -9999 -9999 -9999 -9999 -9999 -9999 -9999 -9999 -9999 -9999 -9999 -9999 -9999 -9999 6.95749984448776 6.87499984633178 6.84749984694645 -9999 11.5949583295733 10.2262628813817 9.46749978838488 9.75499978195876 10.1149997739121 10.1099997740239 10.0049997763708 10.1049997741356 10.1899997722358 10.1499997731298 10.1974997720681 10.2824997701682
11.8149997359142 11.76999973692 11.6949997385964 11.5849997410551 11.604999740608 11.3299997467548 11.2599997483194 11.1199997514486 10.9399997554719 10.6599997617304 10.3699997682124 10.2749997703359 10.2199997715652 10.1699997726828 12.1733221970277 -9999 -9999 -9999 -9999 -9999 -9999 -9999 -9999 -9999 -9999 -9999 -9999 -9999 -9999 -9999 -9999 -9999 -9999 -9999 -9999 -9999 -9999 -9999 -9999 -9999 -9999 -9999 -9999 -9999 -9999 -9999 -9999 10.9799997545779 8.81999980285764 8.59999980777502 8.20499981660396 8.01749982079491 8.27999981492758 8.90499980095774 9.30499979201704 10.0449997754768 10.0549997752532 10.0749997748062 10.1549997730181 10.1849997723475 10.1399997733533 10.1549997730181
11.4449997441843 11.5249997423962 11.5699997413903 10.504999765195 11.4699997436255 11.4099997449666 11.3399997465312 11.1799997501075 10.9799997545779 10.7899997588247 10.4699997659773 10.1599997729063 9.46499978844076 9.46499978844076 17.2049996154383 -9999 -9999 -9999 -9999 -9999 -9999 -9999 -9999 -9999 -9999 -9999 -9999 -9999 -9999 -9999 -9999 -9999 -9999 -9999 -9999 -9999 -9999 -9999 -9999 -9999 -9999 -9999 -9999 -9999 -9999 -9999 -9999 -9999 -9999 -9999 8.57833314159264 8.58874980802648 8.55499980878085 8.64749980671331 9.05249979766086 9.78999978117645 9.78999978117645 9.43749978905544 9.96999977715313 9.80499978084117 9.95499977748841 9.95499977748841
10.7949997587129 10.8299997579306 11.0849997522309 11.3299997467548 11.3249997468665 11.3049997473136 11.2049997495487 11.0899997521192 10.8599997572601 10.4099997673184 10.1249997736886 9.904999778606 10.1374997734092 10.8306035444606 11.6437261222501 -9999 -9999 -9999 -9999 -9999 -9999 -9999 -9999 -9999 -9999 -9999 -9999 -9999 -9999 -9999 -9999 -9999 -9999 -9999 -9999 -9999 -9999 -9999 -9999 -9999 -9999 -9999 -9999 -9999 -9999 -9999 -9999 -9999 -9999 -9999 -9999 -9999 8.58702047637842 9.11999979615211 9.25999979302287 9.37999979034066 9.11999979615211 9.11999979615211 9.33999979123473 9.60499978531152 9.85999977961183 10.1349997734651
