EcologicalScience/Bass/data/rs_data_bass/sst_229.asc
NCOLS 226 
NROWS 124 
XLLCORNER -9.41648524995501 
YLLCORNER 47.587301625531 
CELLSIZE 0.0833 
NODATA_value -9999 
[rows 54 to 80 of 124, columns 124 to 185 of 226]
7.28730632597581 7.16705831233412 7.27893916796893 7.27427746565081 7.3137226391118 7.21977140777744 7.18749808403663 7.28682820266113 7.28826257260516 7.32627337612212 7.35245062760077 7.32842493103817 7.31157108419575 7.35854669986293 7.41986601497047 7.34994048019871 7.3732489917893 7.15486616780981 7.17638171697035 7.2301705898717 7.17279579211026 7.47975096013397 7.33989989059046 7.4051637230441 7.76519057899714 7.53999449778348 7.7558671743609 6.55529953120276 7.65904720313847 7.66729483031668 7.56760611920618 7.63789024646394 7.6242637319956 7.58983885333873 7.54393901512958 7.68701741704717 7.69096193439327 7.63502150657587 7.23590806964785 7.50664539658464 7.56103192362934 7.51011179061607 7.40301216812804 5.68176823528484 7.07095552608371 6.97867772635072 6.74726604204625 6.63060395326465 6.44772178540006 5.55375071777962 6.62220264359244 13.1551430087004 4.48642579692283 4.91641233931296 3.60006713550538 4.10443942015991 4.10553910378367 4.9552598586306 4.97964414767921 5.03773613041267 17.6463519063073 16.449709967217
6.69550919323228 6.82209234079346 7.08386485558003 7.11793114175089 7.09605700010434 7.00856043351814 7.0666524162516 7.11613817932084 7.16132083255798 7.19323556381278 7.16132083255798 7.19897304358892 7.27858057548292 5.17973875487223 7.31659137899987 7.36715291952714 5.93493453040719 7.08171330066398 7.01716665318236 5.75492110243067 7.64577928115614 7.66370890545659 7.49983213935047 7.82256537675858 7.96026489138603 7.60812707012519 7.92512282775715 7.68881037947722 5.57490767445415 7.77845850097947 7.39010283863172 7.7795342784375 7.08027893071994 7.54178746021353 7.65689564822242 8.02481153886765 7.65044098347425 7.39368876349181 7.10107729490846 7.30368204950355 7.28324227780104 6.68546860362403 6.14686268963851 5.67423779307865 5.55626086518168 6.684392826166 6.28814812912606 6.53808709187433 7.07513910508715 10.2161050222348 6.0724075655698 6.23464954538005 6.03017669469118 4.89119133446366 5.0600883953739 10.3964444433805 14.490060947996 17.7711688404996 -9999 -9999 -9999 -9999
6.61482588388026 6.63956876541488 6.8991897252854 6.86117892176844 6.94652393343858 6.95297859818675 6.87874995358288 6.99636828899384 7.08135470817797 7.09426403767429 7.13657795102336 7.13478498859331 7.21977140777744 7.26065095118247 7.28360087028705 5.8797112875618 5.84170048404485 7.28826257260516 7.16741690482013 7.44353311904706 7.63394572911784 7.65833001816645 8.26004820968956 8.04489271808416 8.37479780521244 8.1424298742786 8.37264625029638 7.50772117404267 7.23662525461987 7.83619189122692 7.73040710785426 7.78276161081158 6.5050965831615 6.51513717276976 6.38030639803037 6.28133487189189 6.34516433440149 6.3136081956327 7.38412629719824 7.35687326826155 5.03988768532872 6.94831689586863 6.90456861257553 7.17960904934444 6.69706309400499 6.59211502643302 7.08038138571594 18.6975566688552 15.0584424035784 4.49587028473616 5.93829397580243 5.99410229059868 4.97257475295503 10.586596258916 15.0135997949401 -9999 -9999 -9999 -9999 -9999 -9999 -9999
5.73268836829811 6.20710622728802 6.01693267887458 6.08124026469886 6.46672718715854 6.69048889842816 6.34659870434552 6.43170465435833 7.08135470817797 7.01931820809841 7.13406780362129 7.07561722840182 7.14554276317358 7.18857386149466 7.25563065637834 7.27822198299691 7.23124636732973 7.34276863047853 7.35639514494687 7.41950742248446 7.49624621449038 7.66191594302654 7.79316079290584 8.63370158011094 8.6401562448591 8.40778831392527 8.02194279897958 8.76494642999023 8.51536605972797 7.66980497771874 7.68199712224305 6.21965696429834 6.21965696429834 6.3853266928345 6.42620623623952 6.31504256557673 6.48716695886105 7.58756776759401 7.38747316040099 7.39679656503722 7.46397289074957 7.45931118843146 6.83858759514987 7.09390544518828 3.97486800188199 6.53952146181837 7.75887935124338 10.3441518791253 4.61716690973844 4.48167871544138 4.15982203744352 3.16000243667513 2.91687673116103 9.12712484085932 15.7999996468425 -9999 -9999 -9999 -9999 -9999 -9999 -9999
5.35042877821252 5.73268836829811 5.9593188194558 5.88917812919244 5.91026336736977 5.99790337095037 6.1598915499635 5.93158766720444 6.38484856951982 6.87623980618082 7.02720724279061 7.11004210705869 7.15665913023986 7.24810021417215 7.24307991936803 6.15009002201259 7.3535264050588 7.30045471712947 7.36715291952714 7.4291894196067 7.55218664230779 7.86918239993975 8.5246894643642 8.75920895021409 8.69753104262054 8.74916836060584 8.71832940680906 8.04704427300021 8.27654346404597 8.15533920377493 7.61529891984537 6.76113161817193 7.22228155517951 8.32220424059778 5.82018493488431 6.42477186629549 6.53521835198626 7.62653481774032 7.62127546127886 7.62940355762839 7.67004403937608 6.93492944305763 6.86631874740124 3.96984770707786 3.21088671043981 3.75971251027659 2.55484175728634 2.3698080345057 5.18631295044906 4.5570172891686 4.16738093937082 2.44774213479832 2.72875911300071 18.0119887963287 15.2549996590242 -9999 -9999 -9999 -9999 -9999 -9999 -9999
12.5475848824052 6.62391022685915 7.13964590895921 6.63777580298483 6.74672272009775 6.90277565014549 5.79336221693084 6.05054474789649 6.19871516311541 6.17423524940386 6.95046845078468 7.04728842200711 7.14195683831349 7.18283638171852 6.64996794750914 6.67578660650179 6.56820886069909 7.48297829250805 7.5288781307172 8.0707113770768 8.02983183367178 8.40778831392527 8.91842401400208 8.73912777099758 8.84885707171634 8.73123873630539 9.14864039001986 9.13644824549556 8.95284889265895 8.88399913534522 8.39487898442894 7.76662494894117 7.88998076412827 8.0226599839516 4.10467848181725 7.76662494894117 6.61482588388026 7.88735108589754 7.74271878320724 6.50007628835738 7.2896969425492 7.25527206389233 7.06258836807683 6.89046397479251 6.50688954559155 15.981282712111 5.52337281146486 2.51467939885333 4.30007154308259 4.29657668933006 2.66074607148767 2.50965910404921 2.79653309285641 5.867608791159 17.1299996171147 -9999 23.7447889405303 -9999 -9999 -9999 -9999 -9999
-9999 -9999 -9999 -9999 12.4499997217208 13.9499996881932 5.96111178188585 5.8475814008154 6.00550553165376 6.10347299883142 6.31719412049279 6.92106386693195 7.10394603479654 6.47999510914087 6.56318856589496 6.78121279738843 6.77475813264027 6.74965665861964 8.48667866084725 8.53975034877658 8.76709798490629 8.98727377131581 9.05253760376945 9.08767966739833 9.11564988130704 9.01094087539241 9.18951993342489 9.32650226308033 9.20099489297718 9.29566330928355 9.06975004309788 8.06784263718873 7.80965604726225 8.56198308290914 8.55313780158758 8.16370636178181 7.99588507832959 7.89476199727505 7.6057364535518 7.67004403937608 4.41521957470104 4.29473249940202 7.1663411273621 6.9961292273365 6.5685674531851 14.3113965063344 -9999 18.5741841193521 19.9880653927103 16.1249996395782 2.58998382091522 2.66313668806106 2.58687601936981 8.42317193157505 5.37499987985939 5.37499987985939 1.04999997653067 -9999 -9999 -9999 -9999 -9999
-9999 -9999 -9999 -9999 -9999 -9999 -9999 5.46358462935314 5.44597375392914 6.15592995678474 6.78515731473453 6.85364847956225 6.87444684375077 5.72479933360592 6.57107760058716 6.93971067620441 7.61494032735936 8.57345804246143 8.59927670145407 8.73052155133337 8.95428326260298 8.89188817003742 9.12353891599923 9.1859340085648 9.21175266755745 9.23111666180193 9.21605577738956 9.36092714173719 9.36666462151334 9.27629931503907 9.04464856907725 8.79674163041636 8.88686787523329 8.5337738073431 8.47090059146285 8.28634499199688 7.78312020329759 7.66526280622929 7.45919165760279 7.09151482861489 7.15701772272587 7.08410391723737 7.05230871681124 6.89691863954067 13.7122676632134 15.0199996642768 -9999 -9999 -9999 -9999 -9999 -9999 -9999 -9999 -9999 -9999 -9999 -9999 -9999 -9999 -9999 -9999
-9999 -9999 -9999 -9999 -9999 -9999 -9999 -9999 -9999 13.761425746942 6.24977873312309 6.67291786661372 6.73638873663731 5.82735678460449 6.40755942696705 7.18427075166255 8.34348072810099 7.63896602392197 8.77498701959848 8.95356607763097 9.01524398522452 9.06759848818183 9.24904628610238 9.25693532079458 9.35232092207298 9.43479719385505 9.42117067938671 9.45200963318348 9.33439129777253 9.22681355196983 9.12497328594327 8.94782859785482 8.8553117364645 8.51058482658118 8.22729676263407 7.9509414867498 7.74415315315127 7.6707612243481 7.28085166122764 7.08649453381076 7.00473544700071 6.84910630807281 5.30381175503135 6.10956907109357 12.8992971213749 13.1299997065216 -9999 -9999 -9999 -9999 -9999 -9999 -9999 -9999 -9999 -9999 -9999 -9999 -9999 -9999 -9999 -9999
-9999 -9999 -9999 -9999 -9999 -9999 -9999 -9999 -9999 14.6749996719882 5.53474531602114 6.43230230850168 6.58434552256949 6.75431836093776 6.59761344455183 7.7917264229618 8.17111727315933 8.56485182279721 8.18330941768363 9.07692189281806 9.10489210672677 9.16441845940426 9.2856227196753 9.38315987586975 9.47137362742797 9.50006102630869 9.46922207251191 9.4247566042468 9.32076478330418 9.13357950560749 9.03891108930111 8.97508162679151 8.88471632031724 8.30881678778678 8.19502343889326 7.62318795453757 7.51202428387478 7.64398631872609 7.0150150982663 6.83285011537373 6.95596686890349 5.98191014607437 6.47389903687872 6.24655140074901 7.06441121321404 6.83499984722584 -9999 -9999 -9999 -9999 -9999 -9999 -9999 -9999 -9999 -9999 -9999 -9999 -9999 -9999 -9999 -9999
-9999 -9999 -9999 -9999 -9999 -9999 -9999 -9999 -9999 14.3249996798113 6.82520014233887 6.4491561553441 6.47389903687872 6.48286384902894 8.09007537132129 8.21056244662032 7.87994017452002 7.90647601848468 8.73697621608153 9.2017120779492 9.23613695660606 9.3214819682762 9.28275397978723 9.47926266212016 9.04177982918918 9.36307869665325 9.4885860667564 9.4010895001702 9.22681355196983 9.07477033790201 9.01524398522452 8.93993956316262 8.51703949132934 8.20458590518683 7.80989510891959 7.71785637084395 7.7278969604522 7.41209651110694 6.94234035443515 6.49756614095531 6.71929582813755 6.49900051089935 6.30607775342651 6.55919282105086 13.7183568671545 -9999 13.9025460695095 -9999 -9999 -9999 -9999 -9999 -9999 -9999 -9999 -9999 -9999 -9999 -9999 -9999 -9999 -9999
-9999 -9999 -9999 -9999 -9999 -9999 -9999 -9999 -9999 8.76205644852669 5.85628324514255 6.31611834303476 6.54669331153855 7.41018401784822 8.33965574158356 8.35686818091199 8.66310616396368 8.77068390976638 8.8553117364645 9.20673237275332 9.32219915324822 9.46563614765182 9.56675922870636 9.55456708418205 9.55026397434995 9.1221045460552 9.03030486963689 9.10847803158686 9.22753073694184 9.11636706627905 9.02528457483277 8.90838342439383 8.59497359162197 8.51895198458806 8.50030517531559 7.67482527252287 7.39906765078194 7.16275520250201 6.97628710977733 6.81205175118521 6.67363505158573 6.35807366389781 6.26304665510543 7.69911393690854 15.2049996601418 -9999 -9999 -9999 -9999 -9999 -9999 -9999 -9999 -9999 -9999 -9999 -9999 -9999 -9999 -9999 -9999 -9999
-9999 -9999 -9999 -9999 -9999 -9999 -9999 -9999 -9999 6.04251227620989 5.7800225764513 6.19670704519376 7.44030578667298 7.39512313343585 8.26076539466158 8.49313332559541 8.59210485173389 8.65952023910359 9.05182041879743 9.30283515900373 9.4649189626798 9.57177952351049 9.61983091663569 9.51727346563712 9.45416118809953 9.38961454061791 9.30857263877988 9.18091371376067 9.12712484085932 9.03532516444102 8.98727377131581 8.92774741863832 8.50532547011971 7.70877202786505 8.31527145253494 7.69466739008203 7.30332345701754 7.1939527487848 7.0107119884342 6.94580674846657 6.78157138987444 5.42214727541432 6.25479902792722 13.3513443260454 -9999 -9999 -9999 -9999 -9999 -9999 -9999 -9999 -9999 -9999 -9999 -9999 -9999 -9999 -9999 -9999 -9999 -9999
-9999 -9999 -9999 -9999 -9999 -9999 -9999 -9999 5.94999541481957 7.27320168819278 7.13406780362129 6.96481215022504 7.38508254382759 7.58804589090869 8.12378306500614 8.48237555101514 8.56413463782519 8.64087342983112 9.03604234941304 9.16011534957215 9.41113008977845 9.55313271423802 9.58970914781094 9.4649189626798 9.41830193949863 9.30570389889181 9.21892451727763 9.00090028578416 8.94854578282684 8.81658374797553 8.88973661512136 8.75992613518611 7.85818556370214 7.72431103559211 7.70040486985818 7.68390961550176 7.32053589634597 7.26531265350059 6.08482618955895 6.85795158939436 6.62379069603048 6.41580705414526 13.4266763321446 -9999 -9999 -9999 -9999 -9999 -9999 -9999 -9999 -9999 -9999 -9999 -9999 -9999 -9999 -9999 -9999 -9999 -9999 -9999
-9999 -9999 -9999 -9999 -9999 -9999 -9999 -9999 6.31504256557673 6.72491377708502 7.67482527252287 7.47759940521792 7.76734213391319 7.95452741160989 8.0348521284759 8.21056244662032 8.43504134286195 8.87467573070899 9.09628588706255 9.27916805492714 9.45846429793164 9.57464826339856 9.47567673726007 9.41113008977845 9.35160373710096 9.27845086995512 9.18091371376067 8.84885707171634 8.7914822739549 8.57417522743344 8.72478407155722 7.94783368520439 7.74391409149393 7.60023803543299 7.25347910146229 7.61529891984537 7.37575913919136 7.15271461289376 6.09486677916721 6.97987303463742 6.10849329363555 13.6318188181792 17.1499996166676 -9999 -9999 -9999 -9999 -9999 -9999 -9999 -9999 -9999 -9999 -9999 -9999 -9999 -9999 -9999 -9999 -9999 -9999 -9999
-9999 -9999 -9999 -9999 -9999 -9999 -9999 7.46228875150301 6.22682881401852 6.40971098188311 7.55720693711191 7.31694997148588 7.35926388483495 7.96671955613419 8.15462201880291 8.21414837148041 9.29781486419961 9.10489210672677 9.13071076571941 9.30426952894777 9.43981748865917 9.472807997372 9.34801781224087 9.28418834973127 9.25980406068265 9.09628588706255 8.9428083030507 8.73052155133337 8.65378275932744 8.67242956859991 8.33941667992622 7.88974170247093 7.76519057899714 7.54883977910504 7.52565079834312 7.38436535885558 7.27678761305287 7.26423687604256 6.88520461833104 6.56139560346492 12.0602918455843 11.5172807881356 -9999 -9999 -9999 -9999 -9999 -9999 -9999 -9999 -9999 -9999 -9999 -9999 -9999 -9999 -9999 -9999 -9999 -9999 -9999 -9999
-9999 -9999 -9999 3.8400372271426 -9999 11.1011014220976 6.39911871152715 6.55816827109084 6.64243750530295 7.68127993727103 7.3176671564579 7.54501479258761 7.74080628994852 8.17183445813134 8.48022399609908 9.14003417035565 9.37025054637343 9.13071076571941 9.20314644789323 9.29566330928355 9.37670521112159 9.36953336140141 9.23828851152211 9.16943875420839 9.11493269633502 8.92774741863832 8.81299782311544 8.64589372463524 8.53831597883254 8.41496016364545 7.95165867172182 7.80320138251409 7.78288114164025 7.18833479983732 7.19718008115888 7.20040741353296 6.9034928351175 6.6761451989878 6.79125338699669 13.4995832544655 13.2949997028336 -9999 -9999 -9999 -9999 -9999 -9999 -9999 -9999 -9999 -9999 -9999 -9999 -9999 -9999 -9999 -9999 -9999 -9999 -9999 -9999 -9999
-9999 -9999 3.88019958557561 -9999 7.07780862692744 7.27024330018321 7.20100506767631 6.86082032928243 6.46039205323905 7.2739188731648 7.31551560154185 7.55792412208393 7.92368845781311 8.49815362039953 8.72550125652924 9.18449963862076 9.17947934381664 9.23326821671799 9.19095430336893 9.22035888722166 9.32865381799638 8.79004790401086 9.180435590446 8.96504103718325 8.80797752831131 8.74056214094162 8.68175297323614 8.45225378219038 8.34395885141566 8.15892512863502 7.84192937100306 7.64219335629605 7.38986377697438 7.21821750700474 7.62874613807071 7.11470380937681 6.5807595977094 7.03548746928573 5.81516464008018 -9999 -9999 -9999 -9999 -9999 -9999 -9999 -9999 -9999 -9999 -9999 -9999 -9999 -9999 -9999 -9999 -9999 -9999 -9999 -9999 -9999 -9999 -9999
16.7749996250495 16.7749996250495 -9999 17.4799996092916 7.12155691022053 7.0744518028223 7.42094179242849 7.23196355230175 5.84026611410081 7.55613115965389 7.69849237659946 7.94161808211356 8.20697652176023 8.31670582247898 8.91555527411401 8.95858637243509 9.1342966905795 9.09987181192264 8.95930355740711 9.10202336683869 9.24689473118633 9.01022369042039 8.8553117364645 8.74199651088566 8.76566361496225 8.58995329681784 8.45368815213442 8.32029174733907 7.91006194334477 7.57621233887039 7.58930096460972 7.06067587481812 6.50330362073146 6.53593553695828 7.60507903399412 7.63125628547277 7.39163966357176 16.957596897686 -9999 -9999 -9999 -9999 -9999 -9999 -9999 -9999 -9999 -9999 -9999 -9999 -9999 -9999 -9999 -9999 -9999 -9999 -9999 -9999 -9999 -9999 -9999 -9999
6.55745108611882 15.7944129785827 7.07326645543799 5.97330392641015 5.90158542920835 7.08768984209746 6.74535354878753 6.98955503175966 5.7599413972348 7.5328226480633 7.61063721752726 7.95847192895599 8.4013336491771 8.87180699082091 9.25119784101844 9.20816674269736 9.38818017067388 9.40969571983442 9.08481092751026 9.04034545924515 8.3930860219989 8.83809929713607 8.69753104262054 8.52970975916833 8.47735525621101 8.3375041866675 8.14960172399879 8.20482496684417 7.72000792576 7.49463254830334 6.49039429123513 7.14948728051968 7.20058670977596 6.01741080218926 7.18368803887279 10.4806577930493 15.4374622960318 7.24499983806163 0.192914532785046 13.2399997040629 -9999 -9999 -9999 -9999 -9999 -9999 -9999 -9999 -9999 -9999 -9999 -9999 -9999 -9999 -9999 -9999 -9999 -9999 -9999 -9999 -9999 -9999
4.87995543656871 4.8397930781357 5.53474531602114 5.86465040314943 6.31002227077261 6.51011687796563 6.40720083448105 7.00031280633993 7.50664539658464 7.77343820617534 8.0746558944229 8.72621844150126 9.76972257578745 9.55671863909811 9.47137362742797 9.37957395100966 9.38172550592571 9.3731192862615 9.03532516444102 8.98942532623187 8.80224004853517 8.73052155133337 8.58062989218161 8.22418896108866 7.95022430177778 7.74869532464072 7.6203192146495 7.49481184454635 7.33631396573037 7.09223201358691 7.09892573999241 7.388190345373 5.92695584759349 15.8615382985611 14.5384033481552 16.2633448116295 17.3547664547788 1.59477014141157 12.977247716843 12.9549997104332 -9999 -9999 -9999 -9999 -9999 -9999 -9999 -9999 -9999 -9999 -9999 -9999 -9999 -9999 -9999 -9999 -9999 -9999 -9999 -9999 -9999 -9999
7.96975380024658 7.23311901697889 6.14506972720847 6.65713979722932 7.27535324310884 6.73710592160933 6.91568497964181 8.10011596092954 8.4450819324702 9.07979063270614 8.86535232607275 9.2178487398196 9.80845056427643 9.62054810160771 9.49288917658851 9.44985807826743 9.35949277179316 9.09054840728641 9.00233465572819 8.92487867875025 8.73769340105355 8.58995329681784 8.48022399609908 7.89571824390441 7.31981871137396 6.9748527398333 6.63992735790089 6.74296293221414 6.49505599355325 6.86125064026564 6.5500401747413 5.53115939116105 5.37234276346862 12.598031161062 7.01049131613511 13.7264872344855 13.6649996945634 -9999 -9999 -9999 -9999 -9999 -9999 -9999 -9999 -9999 -9999 -9999 -9999 -9999 -9999 -9999 -9999 -9999 -9999 -9999 -9999 -9999 -9999 -9999 -9999 -9999
6.27488020714372 7.06521804630756 7.09533981513232 6.88879054319113 7.02182835550047 7.56509597180411 7.77056946628727 8.22920925589278 8.58493300201371 9.03747671935707 9.06975004309788 9.74031799193472 9.80629900936037 9.71951962774619 9.55169834429398 9.5007782112807 9.18449963862076 8.96073792735115 8.8474227017723 8.77642138954252 8.27726064901799 8.2535935449414 7.59521774062887 7.31838434142992 6.34588151937351 6.37528610322624 6.55529953120276 6.37958921305835 6.77762687252834 5.84672077884898 11.4999313207809 10.7218869384378 -9999 -9999 -9999 13.6052278061397 -9999 -9999 -9999 -9999 -9999 -9999 -9999 -9999 -9999 -9999 -9999 -9999 -9999 -9999 -9999 -9999 -9999 -9999 -9999 -9999 -9999 -9999 -9999 -9999 -9999 -9999
5.59498885367066 5.86178166326135 6.29998168116435 8.24618263356388 8.94699188205414 5.76998198684305 8.52970975916833 8.40993986884132 8.31957456236705 8.17111727315933 8.79793693870306 9.91459394013509 9.86152225220576 9.59401225764304 9.5244453153573 9.09556870209053 9.19525741320103 9.05684071360156 8.82016967283562 8.16968290321529 7.97460859082639 8.1503189089708 7.04597358289175 6.88520461833104 6.32221441529691 6.23710846528411 5.84528640890494 6.60526341758668 5.72671182686463 5.58949043555185 5.65929643949494 4.61495558940805 7.49726222653408 16.6149742284324 -9999 -9999 -9999 -9999 -9999 -9999 -9999 -9999 -9999 -9999 -9999 -9999 -9999 -9999 -9999 -9999 -9999 -9999 -9999 -9999 -9999 -9999 -9999 -9999 -9999 -9999 -9999 -9999
5.62224188260734 5.62009032769129 5.76281013712287 8.21432766772341 8.50086298584938 10.5812362449146 8.9002553280443 8.59282203670591 8.6681264587678 8.65736868418753 8.74701680568978 9.84287544293329 9.6162449917756 9.48500014189631 9.28418834973127 9.37455365620553 9.2655415404588 8.06497389730066 8.17040008818731 7.67195653263479 7.58517715102062 6.2899410915561 6.42899528890848 5.79723501577973 5.82161930482835 5.69754630466923 5.56654051644728 5.70782595593482 5.77285072673112 5.62845748569816 7.06240053391749 14.9905826397444 7.01460527828229 7.21152378059924 17.4997035708162 4.99999988824129 -9999 -9999 -9999 -9999 -9999 -9999 -9999 -9999 -9999 -9999 -9999 -9999 -9999 -9999 -9999 -9999 -9999 -9999 -9999 -9999 -9999 -9999 -9999 -9999 -9999 -9999
-9999 -9999 -9999 -9999 7.15999983996153 14.8576718289405 7.78025146340951 8.72836999641731 8.64589372463524 8.74916836060584 10.0128482813016 9.69011504389346 9.59472944261506 9.4369487487711 9.40395824005827 9.28275397978723 8.34467603638768 8.30021056812257 8.18689534254372 6.83914540568367 6.6321180104278 6.28492079675198 6.14004943240434 5.61004973808303 5.29616178199649 5.967310309144 12.7474458922073 -9999 -9999 -9999 -9999 -9999 -9999 -9999 -9999 -9999 -9999 -9999 -9999 -9999 -9999 -9999 -9999 -9999 -9999 -9999 -9999 -9999 -9999 -9999 -9999 -9999 -9999 -9999 -9999 -9999 -9999 -9999 -9999 -9999 -9999 -9999
-9999 -9999 -9999 -9999 -9999 15.4683167403717 9.22251044213772 10.0953245530836 10.0171513911337 9.99276710208505 9.78478346019983 9.43192845396698 9.27845086995512 9.14146854029968 8.95858637243509 8.60931729106233 8.52182072447613 8.30881678778678 8.26148257963359 6.99995421385393 6.92967008659616 6.87014373391867 7.1584520926699 7.80272325919941 14.7245947965421 -9999 -9999 -9999 -9999 -9999 -9999 -9999 -9999 -9999 -9999 -9999 -9999 -9999 -9999 -9999 -9999 -9999 -9999 -9999 -9999 -9999 -9999 -9999 -9999 -9999 -9999 -9999 -9999 -9999 -9999 -9999 -9999 -9999 -9999 -9999 -9999 -9999
