EcologicalScience/Bass/data/rs_data_bass/sst_76.asc
NCOLS 226 
NROWS 124 
XLLCORNER -9.41648524995501 
YLLCORNER 47.587301625531 
CELLSIZE 0.0833 
NODATA_value -9999 
[rows 54 to 80 of 124, columns 124 to 185 of 226]
14.8149996688589 14.9049996668473 14.6899996716529 14.7899996694177 14.8749996675178 14.8699996676296 14.8199996687472 14.9499996658415 15.0299996640533 15.1949996603653 15.2599996589124 15.3699996564537 15.4199996553361 15.4649996543303 15.4949996536598 15.4899996537715 15.6399996504188 15.7999996468425 15.7999996468425 15.8949996447191 15.8799996450543 15.8149996465072 16.0499996412545 16.1499996390194 16.4499996323138 16.6099996287376 16.7549996254966 16.7049996266142 16.639999628067 16.5049996310845 16.5399996303022 16.4049996333197 16.3999996334314 16.4249996328726 16.4749996317551 16.5099996309727 16.5399996303022 16.5799996294081 16.6249996284023 16.6449996279553 16.6799996271729 16.784999624826 16.909999622032 16.949999621138 17.0149996196851 17.0299996193498 17.1349996170029 17.3149996129796 17.3899996113032 17.4749996094033 17.4999996088445 17.634999605827 18.3299995902926 17.8899996001273 16.5549996299669 18.8699995782226 19.1449995720759 18.1149995950982 18.1933329266806 18.3099995907396 18.4687495871913 18.4574995874427
15.1449996614829 14.9699996653944 14.7499996703118 14.7349996706471 14.8799996674061 14.9299996662885 14.9149996666238 15.0049996646121 15.0949996626005 15.1949996603653 15.3399996571243 15.4749996541068 15.499999653548 15.5649996520951 15.6549996500835 15.7099996488541 15.7599996477365 15.8199996463954 15.9249996440485 15.9899996425956 15.9649996431544 16.0849996404722 16.2699996363372 16.4899996314198 16.4549996322021 16.5599996298552 16.7399996258318 16.784999624826 16.7199996262789 16.1849996382371 16.3949996335432 16.494999631308 16.4399996325374 16.4449996324256 16.4899996314198 16.4999996311963 16.5049996310845 16.4749996317551 16.6549996277317 16.7199996262789 16.7999996244907 16.9249996216968 16.9699996206909 17.0999996177852 17.2299996148795 17.3499996121973 17.5199996083975 17.4949996089563 17.5249996082857 17.7149996040389 17.8249996015802 18.0399995967746 17.7499996032566 16.5749996295199 16.5699996296316 17.0049996199086 23.2933328126868 26.6896335497817 -9999 -9999 -9999 -9999
15.2849996583536 15.2149996599182 15.2599996589124 15.1949996603653 14.939999666065 15.0099996645004 15.1049996623769 15.1199996620417 15.229999659583 15.3299996573478 15.4499996546656 15.5599996522069 15.6149996509776 15.6699996497482 15.6949996491894 15.7149996487424 15.8349996460602 15.934999643825 16.0399996414781 16.0899996403605 16.1099996399134 16.1549996389076 16.3399996347725 16.4249996328726 16.4899996314198 16.5249996306375 16.6699996273965 16.7099996265024 16.5349996304139 15.9599996432662 16.4899996314198 16.4849996315315 16.494999631308 16.4899996314198 16.4749996317551 16.4749996317551 16.5199996307492 16.5699996296316 16.6249996284023 16.7349996259436 16.8299996238202 16.8899996224791 17.0399996191263 17.1599996164441 17.3799996115267 17.6249996060506 17.6999996043742 17.8149996018037 18.9799995757639 18.6949995821342 18.4799995869398 18.4699995871633 18.4299995880574 17.6299996059388 16.784999624826 -9999 -9999 -9999 -9999 -9999 -9999 -9999
15.9749996429309 15.8449996458367 15.5449996525422 15.5099996533245 15.4049996556714 15.8749996451661 15.334999657236 15.229999659583 15.1749996608123 15.3899996560067 15.4249996552244 15.3899996560067 15.2649996588007 15.5349996527657 15.5949996514246 15.4299996551126 15.7599996477365 15.9799996428192 15.9199996441603 16.1049996400252 16.1949996380135 16.2799996361136 16.4149996330962 16.514999630861 16.6349996281788 16.5099996309727 16.5899996291846 16.6149996286258 16.369999634102 16.2299996372312 16.4149996330962 16.4749996317551 16.4599996320903 16.4149996330962 16.5249996306375 16.5549996299669 16.6049996288493 16.6849996270612 16.7299996260554 16.8499996233732 16.949999621138 17.054999618791 17.2049996154383 17.364999611862 17.5549996076152 17.8049996020272 17.819999601692 18.3199995905161 18.379999589175 18.5149995861575 18.5999995842576 18.7199995815754 18.5449995854869 17.964999598451 17.4849996091798 -9999 -9999 -9999 -9999 -9999 -9999 -9999
16.079999640584 15.9199996441603 15.8499996457249 15.8049996467307 15.4149996554479 15.8699996452779 15.6599996499717 15.4649996543303 15.5549996523187 15.4249996552244 15.4749996541068 15.6599996499717 15.5249996529892 15.4949996536598 15.5949996514246 15.7499996479601 16.0049996422604 16.0249996418133 16.0899996403605 16.1699996385723 16.2199996374547 16.3099996354431 16.389999633655 16.4549996322021 16.389999633655 16.4449996324256 16.4549996322021 16.5099996309727 16.5249996306375 16.4899996314198 16.4049996333197 16.4249996328726 16.4499996323138 16.4799996316433 16.5049996310845 16.5649996297434 16.6299996282905 16.7149996263906 16.7999996244907 16.8499996233732 16.9899996202439 17.1799996159971 17.3999996110797 17.6399996057153 17.8399996012449 17.9999995976686 18.2049995930865 18.1999995931983 18.3949995888397 18.6549995830283 18.7999995797873 18.669999582693 18.8299995791167 19.0399995744228 15.2549996590242 -9999 -9999 -9999 -9999 -9999 -9999 -9999
15.9999996423721 17.239999614656 16.6749996272847 16.4049996333197 16.0699996408075 15.9849996427074 16.0249996418133 16.0249996418133 15.8499996457249 15.8999996446073 15.789999647066 15.7299996484071 15.6949996491894 15.6149996509776 15.5949996514246 15.6899996493012 15.769999647513 15.9699996430427 16.2149996375665 16.20499963779 16.2799996361136 16.3599996343255 16.3799996338785 16.3849996337667 16.4249996328726 16.3749996339902 16.4099996332079 16.4899996314198 16.4549996322021 16.4399996325374 16.4049996333197 16.4399996325374 16.4349996326491 16.494999631308 16.5499996300787 16.5549996299669 16.6449996279553 16.6799996271729 16.7449996257201 16.9549996210262 17.1449996167794 17.3949996111915 17.529999608174 17.6949996044859 17.7849996024743 17.9049995997921 18.4199995882809 18.7299995813519 18.6399995833635 18.6899995822459 18.7149995816872 18.9699995759875 19.2849995689467 19.1199995726347 19.1849995711818 -9999 23.7447889405303 -9999 -9999 -9999 -9999 -9999
-9999 -9999 -9999 -9999 -9999 16.6349996281788 16.5599996298552 16.2324996371754 15.6499996501952 15.8249996462837 15.8599996455014 15.809999646619 15.7999996468425 16.0099996421486 16.0899996403605 15.809999646619 16.2149996375665 16.4199996329844 16.3149996353313 16.2299996372312 16.2949996357784 16.3199996352196 16.2999996356666 16.1799996383488 16.1549996389076 16.3049996355549 16.4849996315315 16.3649996342137 16.4199996329844 16.4699996318668 16.4399996325374 16.494999631308 16.514999630861 16.5849996292964 16.6299996282905 16.65999962762 16.7449996257201 16.784999624826 16.8199996240437 16.9649996208027 17.2649996140972 17.5549996076152 17.5949996067211 17.6449996056035 17.6399996057153 17.634999605827 -9999 19.5928567049227 18.214999592863 18.8899995777756 19.7599995583296 19.9699995536357 19.3649995671585 18.8349995790049 5.37499987985939 5.37499987985939 -9999 -9999 -9999 -9999 -9999 -9999
-9999 -9999 -9999 -9999 -9999 -9999 -9999 15.8933329780897 16.5324996304698 16.3274996350519 15.5049996534362 15.7449996480718 15.9399996437132 15.5249996529892 16.0299996417016 15.5749996518716 15.8649996453896 16.244999636896 16.1999996379018 16.2299996372312 16.0949996402487 16.2099996376783 16.3199996352196 16.1549996389076 16.1899996381253 16.2849996360019 16.4599996320903 16.4749996317551 16.5499996300787 16.5399996303022 16.4099996332079 16.5849996292964 16.5799996294081 16.5899996291846 16.7049996266142 16.7749996250495 16.8199996240437 16.8499996233732 16.9249996216968 17.19999961555 17.5249996082857 17.799999602139 17.9549995986745 17.9149995995685 17.8049996020272 17.9049995997921 -9999 -9999 -9999 -9999 -9999 -9999 -9999 -9999 -9999 -9999 -9999 -9999 -9999 -9999 -9999 -9999
-9999 -9999 -9999 -9999 -9999 -9999 -9999 -9999 14.5741506176386 16.3099996354431 16.4299996327609 15.8799996450543 15.8799996450543 16.0899996403605 16.0249996418133 16.0099996421486 16.1599996387959 16.5349996304139 16.494999631308 16.1949996380135 16.2999996356666 16.3199996352196 16.2999996356666 16.2549996366724 16.1949996380135 16.3749996339902 16.3999996334314 16.4849996315315 16.6249996284023 16.3749996339902 16.5899996291846 16.6649996275082 16.6799996271729 16.784999624826 16.8699996229261 16.8549996232614 16.8949996223673 16.9799996204674 17.074999618344 17.3299996126443 17.5449996078387 17.8699996005744 18.1199995949864 18.089999595657 18.0349995968863 15.7749996474013 -9999 -9999 -9999 -9999 -9999 -9999 -9999 -9999 -9999 -9999 -9999 -9999 -9999 -9999 -9999 -9999
-9999 -9999 -9999 -9999 -9999 -9999 -9999 -9999 -9999 16.6737496273126 16.6874996270053 16.1349996393546 15.9999996423721 16.3049996355549 16.2799996361136 16.1099996399134 16.4599996320903 16.7449996257201 16.7499996256083 15.4499996546656 15.5399996526539 15.8599996455014 16.1649996386841 16.2799996361136 16.2899996358901 16.5549996299669 16.5899996291846 16.6149996286258 16.6749996272847 16.7099996265024 16.7399996258318 16.7149996263906 16.7799996249378 16.8349996237084 16.8749996228144 16.8849996225908 16.9349996214733 17.0299996193498 17.2849996136501 17.4699996095151 17.6949996044859 18.0799995958805 18.1449995944276 18.254999591969 18.3049995908514 -9999 -9999 -9999 -9999 -9999 -9999 -9999 -9999 -9999 -9999 -9999 -9999 -9999 -9999 -9999 -9999 -9999
-9999 -9999 -9999 -9999 -9999 -9999 -9999 -9999 -9999 16.7299996260554 16.7624996253289 16.6424996280111 16.5199996307492 16.5549996299669 16.6199996285141 16.2849996360019 16.639999628067 16.7999996244907 16.7699996251613 16.5749996295199 16.2399996370077 16.3999996334314 16.4499996323138 16.2349996371195 16.6799996271729 16.6949996268377 16.7499996256083 16.7049996266142 16.7449996257201 16.804999624379 16.7499996256083 16.7699996251613 16.8649996230379 16.9699996206909 17.0099996197969 16.9899996202439 17.1199996173382 17.2849996136501 17.4149996107444 17.509999608621 17.6999996043742 18.0299995969981 18.0099995974451 18.1749995937571 18.1199995949864 -9999 24.8239994451404 24.8239994451404 -9999 -9999 -9999 -9999 -9999 -9999 -9999 -9999 -9999 -9999 -9999 -9999 -9999 -9999
-9999 -9999 -9999 -9999 -9999 -9999 -9999 -9999 -9999 17.2333329481383 17.1699996162206 17.1399996168911 16.9849996203557 16.8849996225908 16.5799996294081 16.6749996272847 16.6749996272847 16.6049996288493 16.6049996288493 16.5349996304139 16.4099996332079 16.5699996296316 16.5449996301904 16.4549996322021 16.7099996265024 16.8499996233732 16.8699996229261 16.8799996227026 16.8899996224791 16.9549996210262 16.9449996212497 16.9549996210262 17.0249996194616 17.0799996182323 17.1049996176735 17.1849996158853 17.3349996125326 17.489999609068 17.5999996066093 17.7149996040389 17.8449996011332 17.9599995985627 18.2249995926395 18.3649995895103 18.1999995931983 -9999 -9999 -9999 -9999 -9999 -9999 -9999 -9999 -9999 -9999 -9999 -9999 -9999 -9999 -9999 -9999 -9999
-9999 -9999 -9999 -9999 -9999 -9999 -9999 -9999 -9999 17.2599996142089 17.1899996157736 17.0599996186793 16.9549996210262 16.9149996219203 16.8999996222556 16.9349996214733 17.094999617897 16.4399996325374 16.3799996338785 16.5249996306375 16.6249996284023 16.7899996247143 16.9349996214733 16.5499996300787 16.514999630861 16.8299996238202 16.949999621138 16.9349996214733 16.9899996202439 16.9999996200204 17.0399996191263 17.0649996185675 17.1449996167794 17.219999615103 17.3199996128678 17.4199996106327 17.4749996094033 17.489999609068 17.5199996083975 17.5999996066093 17.819999601692 17.9599995985627 18.359999589622 18.8449995787814 -9999 -9999 -9999 -9999 -9999 -9999 -9999 -9999 -9999 -9999 -9999 -9999 -9999 -9999 -9999 -9999 -9999 -9999
-9999 -9999 -9999 -9999 -9999 -9999 -9999 -9999 17.1849996158853 17.2349996147677 17.0999996177852 17.0099996197969 17.0049996199086 17.0199996195734 16.8999996222556 16.8799996227026 16.8949996223673 16.8499996233732 16.7249996261671 16.6649996275082 16.7099996265024 16.8849996225908 16.949999621138 17.0499996189028 17.0049996199086 16.949999621138 17.0299996193498 17.0349996192381 17.1449996167794 17.1899996157736 17.2299996148795 17.2899996135384 17.364999611862 17.3899996113032 17.4699996095151 17.5449996078387 17.6199996061623 17.6949996044859 17.8099996019155 17.9399995990098 18.0249995971099 18.10999959521 18.1799995936453 -9999 -9999 -9999 -9999 -9999 -9999 -9999 -9999 -9999 -9999 -9999 -9999 -9999 -9999 -9999 -9999 -9999 -9999 -9999
-9999 -9999 -9999 -9999 -9999 -9999 -9999 -9999 17.3049996132031 17.2499996144325 17.1799996159971 17.0849996181205 17.0299996193498 17.0149996196851 16.8349996237084 16.7699996251613 16.9399996213615 16.9699996206909 16.8449996234849 16.7799996249378 17.0049996199086 17.0649996185675 17.1099996175617 17.2099996153265 17.1899996157736 17.1049996176735 17.094999617897 17.1699996162206 17.2149996152148 17.2899996135384 17.3999996110797 17.5249996082857 17.5149996085092 17.4849996091798 17.5399996079504 17.5949996067211 17.6099996063858 17.6799996048212 17.7499996032566 17.9699995983392 18.3499995898455 18.5549995852634 18.6849995823577 -9999 -9999 -9999 -9999 -9999 -9999 -9999 -9999 -9999 -9999 -9999 -9999 -9999 -9999 -9999 -9999 -9999 -9999 -9999
-9999 -9999 -9999 -9999 -9999 -9999 -9999 16.3620308842801 17.2749996138737 17.1499996166676 16.9249996216968 16.9599996209145 16.929999621585 16.7699996251613 16.8549996232614 16.8749996228144 16.9599996209145 17.1299996171147 16.8349996237084 16.8299996238202 16.9849996203557 17.1699996162206 17.2499996144325 17.2799996137619 17.2349996147677 17.2549996143207 17.3249996127561 17.3749996116385 17.4649996096268 17.5499996077269 17.5649996073917 17.5549996076152 17.5199996083975 17.6449996056035 17.8149996018037 17.924999599345 18.0199995972216 18.0999995954335 18.1999995931983 18.359999589622 18.3649995895103 18.2399995923042 -9999 -9999 -9999 -9999 -9999 -9999 -9999 -9999 -9999 -9999 -9999 -9999 -9999 -9999 -9999 -9999 -9999 -9999 -9999 -9999
-9999 -9999 -9999 3.8400372271426 -9999 8.33318916698285 17.5899996068329 17.5549996076152 17.5199996083975 17.4049996109679 17.2899996135384 17.2449996145442 17.2299996148795 17.2549996143207 17.2799996137619 17.1249996172264 17.074999618344 17.0599996186793 17.0999996177852 17.0249996194616 16.9699996206909 17.0399996191263 17.0199996195734 16.9149996219203 17.4299996104091 17.4799996092916 17.5499996077269 17.6249996060506 17.7049996042624 17.7549996031448 17.7399996034801 17.7449996033683 17.6699996050447 17.6999996043742 17.8049996020272 18.0199995972216 18.0449995966628 18.4649995872751 18.5749995848164 18.5449995854869 13.2949997028336 -9999 -9999 -9999 -9999 -9999 -9999 -9999 -9999 -9999 -9999 -9999 -9999 -9999 -9999 -9999 -9999 -9999 -9999 -9999 -9999 -9999
-9999 -9999 3.88019958557561 -9999 17.5499996077269 17.6099996063858 17.5999996066093 17.7149996040389 17.6849996047094 17.6199996061623 17.779999602586 17.5049996087328 17.3999996110797 17.4199996106327 17.3899996113032 17.3099996130913 17.3899996113032 17.3199996128678 17.2149996152148 17.2299996148795 17.0999996177852 17.4949996089563 17.4099996108562 17.344999612309 17.6099996063858 17.6599996052682 17.7849996024743 17.8799996003509 17.9349995991215 17.9599995985627 17.9899995978922 17.9499995987862 17.8449996011332 17.9799995981157 18.234999592416 18.669999582693 19.064999573864 18.9699995759875 18.4309429842627 -9999 -9999 -9999 -9999 -9999 -9999 -9999 -9999 -9999 -9999 -9999 -9999 -9999 -9999 -9999 -9999 -9999 -9999 -9999 -9999 -9999 -9999 -9999
16.7749996250495 16.7749996250495 -9999 17.7018746043323 17.7699996028095 17.7499996032566 17.6849996047094 17.6649996051565 17.7549996031448 18.0149995973334 17.9699995983392 17.7699996028095 17.6399996057153 17.5349996080622 17.4049996109679 17.3299996126443 17.1099996175617 17.1799996159971 17.1949996156618 17.3199996128678 17.5399996079504 17.5149996085092 17.6599996052682 17.7399996034801 17.7549996031448 17.8349996013567 17.9399995990098 17.9799995981157 18.0499995965511 18.0599995963275 18.1049995953217 18.0999995954335 18.1349995946512 18.1749995937571 18.2599995918572 18.234999592416 18.2399995923042 19.2624995694496 -9999 -9999 -9999 -9999 -9999 -9999 -9999 -9999 -9999 -9999 -9999 -9999 -9999 -9999 -9999 -9999 -9999 -9999 -9999 -9999 -9999 -9999 -9999 -9999
18.6549995830283 19.1199995726347 17.7149996040389 17.8699996005744 17.8699996005744 17.8799996003509 17.7749996026978 17.7299996037036 17.674999604933 17.8349996013567 17.8599996007979 17.7749996026978 17.6999996043742 17.6899996045977 17.5999996066093 17.5749996071681 17.2349996147677 17.1249996172264 17.4749996094033 17.4849996091798 17.4199996106327 17.634999605827 17.7449996033683 17.8749996004626 17.9749995982274 18.069999596104 18.1049995953217 18.0999995954335 18.1049995953217 18.1599995940924 18.1949995933101 18.2199995927513 18.1399995945394 18.1949995933101 18.6649995828047 18.9949995754287 3.9289360823942 3.9289360823942 13.2399997040629 13.2399997040629 -9999 -9999 -9999 -9999 -9999 -9999 -9999 -9999 -9999 -9999 -9999 -9999 -9999 -9999 -9999 -9999 -9999 -9999 -9999 -9999 -9999 -9999
17.7949996022508 17.674999604933 17.799999602139 17.8549996009097 17.7649996029213 17.8399996012449 17.924999599345 17.819999601692 17.7649996029213 17.8149996018037 17.8549996009097 17.8349996013567 17.8049996020272 17.7849996024743 17.5199996083975 17.3499996121973 17.1849996158853 17.4149996107444 17.6449996056035 17.6049996064976 17.9849995980039 17.9049995997921 17.9899995978922 18.0249995971099 18.1549995942041 18.1849995935336 18.254999591969 18.2849995912984 18.3099995907396 18.3299995902926 18.2749995915219 18.3249995904043 18.4349995879456 18.7299995813519 12.5432605892015 12.8649997124448 11.0042497540358 8.82426809544516 8.78835346210157 -9999 -9999 -9999 -9999 -9999 -9999 -9999 -9999 -9999 -9999 -9999 -9999 -9999 -9999 -9999 -9999 -9999 -9999 -9999 -9999 -9999 -9999 -9999
19.0483329075699 17.6199996061623 17.7949996022508 17.8999995999038 17.924999599345 17.8649996006861 17.8849996002391 17.9699995983392 17.8999995999038 17.9299995992333 17.9699995983392 18.0099995974451 17.944999598898 17.9099995996803 17.6499996054918 17.7749996026978 17.7399996034801 17.7049996042624 17.7749996026978 17.924999599345 17.819999601692 18.1449995944276 18.10999959521 18.1649995939806 18.2299995925277 18.2899995911866 18.359999589622 18.3349995901808 18.3299995902926 18.3299995902926 18.3749995892867 18.4099995885044 18.3349995901808 18.5099995862693 19.0049995752051 18.9449995765463 14.1192853986951 -9999 -9999 -9999 -9999 -9999 -9999 -9999 -9999 -9999 -9999 -9999 -9999 -9999 -9999 -9999 -9999 -9999 -9999 -9999 -9999 -9999 -9999 -9999 -9999 -9999
17.9899995978922 18.0299995969981 18.0149995973334 17.9799995981157 18.1449995944276 18.1499995943159 18.1349995946512 18.1049995953217 18.0799995958805 17.9849995980039 18.0649995962158 18.1599995940924 18.10999959521 17.8999995999038 17.6699996050447 17.4649996096268 17.2749996138737 17.5799996070564 17.9549995986745 17.9799995981157 17.8699996005744 18.0799995958805 18.2599995918572 18.2899995911866 18.3349995901808 18.4349995879456 18.399999588728 18.3049995908514 18.1649995939806 18.2649995917454 18.3199995905161 18.3549995897338 -9999 -9999 -9999 13.6052278061397 -9999 -9999 -9999 -9999 -9999 -9999 -9999 -9999 -9999 -9999 -9999 -9999 -9999 -9999 -9999 -9999 -9999 -9999 -9999 -9999 -9999 -9999 -9999 -9999 -9999 -9999
18.0049995975569 17.9949995977804 17.9199995994568 17.9349995991215 18.3149995906278 18.1749995937571 17.9099995996803 18.0949995955452 18.1299995947629 18.0249995971099 17.9999995976686 17.9599995985627 17.9499995987862 17.9999995976686 17.8849996002391 17.634999605827 17.6999996043742 17.8599996007979 17.9299995992333 18.0549995964393 18.1449995944276 18.3199995905161 18.4699995871633 18.4749995870516 18.4699995871633 18.1699995938689 18.2999995909631 18.379999589175 18.2799995914102 18.3549995897338 18.5149995861575 18.6249995836988 19.0599995739758 19.064999573864 -9999 -9999 -9999 -9999 -9999 -9999 -9999 -9999 -9999 -9999 -9999 -9999 -9999 -9999 -9999 -9999 -9999 -9999 -9999 -9999 -9999 -9999 -9999 -9999 -9999 -9999 -9999 -9999
17.8799996003509 17.9149995995685 17.9549995986745 17.7699996028095 18.9099995773286 18.9449995765463 17.9299995992333 17.9349995991215 17.819999601692 17.7549996031448 17.8449996011332 17.9399995990098 17.9849995980039 18.0649995962158 18.2499995920807 18.3899995889515 18.1849995935336 18.10999959521 18.234999592416 18.3049995908514 18.4049995886162 18.4399995878339 18.4599995873868 18.4549995874986 18.4499995876104 18.524999585934 18.6099995840341 18.7299995813519 18.8349995790049 18.7049995819107 18.6449995832518 18.9349995767698 18.1589995941147 19.2649995693937 19.2649995693937 4.99999988824129 -9999 -9999 -9999 -9999 -9999 -9999 -9999 -9999 -9999 -9999 -9999 -9999 -9999 -9999 -9999 -9999 -9999 -9999 -9999 -9999 -9999 -9999 -9999 -9999 -9999 -9999
-9999 -9999 -9999 -9999 7.15999983996153 17.7549996031448 17.7849996024743 17.8749996004626 17.7699996028095 17.8649996006861 17.9949995977804 18.0749995959923 18.1999995931983 18.2599995918572 18.3499995898455 18.4799995869398 18.4149995883927 18.4049995886162 18.4549995874986 18.4699995871633 18.5899995844811 18.6099995840341 18.5999995842576 18.64999958314 18.6649995828047 18.6749995825812 18.6249995836988 -9999 -9999 -9999 -9999 -9999 -9999 -9999 -9999 -9999 -9999 -9999 -9999 -9999 -9999 -9999 -9999 -9999 -9999 -9999 -9999 -9999 -9999 -9999 -9999 -9999 -9999 -9999 -9999 -9999 -9999 -9999 -9999 -9999 -9999 -9999
-9999 -9999 -9999 -9999 -9999 17.8849996002391 17.9549995986745 17.9799995981157 17.8999995999038 18.0549995964393 18.1649995939806 18.2499995920807 18.4299995880574 18.5549995852634 18.4149995883927 18.4149995883927 18.399999588728 18.5649995850399 18.4599995873868 18.6249995836988 18.5749995848164 18.4249995881692 18.6549995830283 18.8199995793402 18.9149995772168 -9999 -9999 -9999 -9999 -9999 -9999 -9999 -9999 -9999 -9999 -9999 -9999 -9999 -9999 -9999 -9999 -9999 -9999 -9999 -9999 -9999 -9999 -9999 -9999 -9999 -9999 -9999 -9999 -9999 -9999 -9999 -9999 -9999 -9999 -9999 -9999 -9999
