EcologicalScience/Bass/data/rs_data_bass/sst_127.asc
NCOLS 226 
NROWS 124 
XLLCORNER -9.41648524995501 
YLLCORNER 47.587301625531 
CELLSIZE 0.0833 
NODATA_value -9999 
[rows 54 to 80 of 124, columns 124 to 185 of 226]
15.8199996463954 15.3599996566772 15.4349996550009 15.4449996547773 15.3949996558949 15.4549996545538 15.5549996523187 15.4049996556714 15.3449996570125 15.2149996599182 15.334999657236 15.6349996505305 15.8549996456131 15.8749996451661 15.8299996461719 16.1049996400252 16.2999996356666 16.5349996304139 16.5699996296316 16.5049996310845 16.3199996352196 16.3549996344373 16.7899996247143 17.1049996176735 17.3149996129796 17.4499996099621 17.4999996088445 17.5049996087328 17.529999608174 17.5599996075034 17.5449996078387 17.4449996100739 17.3949996111915 17.1924996157177 17.7449996033683 17.6949996044859 17.7199996039271 17.6449996056035 17.4799996092916 17.4999996088445 17.4199996106327 17.4099996108562 17.8399996012449 17.779999602586 17.7249996038154 17.4999996088445 17.3316662792737 17.3349996125326 17.3349996125326 16.369999634102 16.8099996242672 16.7949996246025 15.8712496452499 16.7299996260554 16.6099996287376 17.2499996144325 17.0099996197969 16.3799996338785 16.14833297239 15.9387496437412 13.8716663566108 15.3862496560905
16.1499996390194 16.0549996411428 16.0199996419251 15.6699996497482 15.5849996516481 15.7199996486306 15.7499996479601 15.6549996500835 15.3899996560067 15.4499996546656 15.6199996508658 15.7549996478483 15.8199996463954 15.9299996439368 15.9499996434897 16.0199996419251 16.1449996391311 16.2849996360019 16.3799996338785 16.4299996327609 16.2149996375665 16.1299996394664 16.4699996318668 16.9449996212497 17.19999961555 17.3999996110797 17.5149996085092 17.5449996078387 17.5249996082857 17.529999608174 17.5399996079504 17.2216662817324 16.9949996201321 17.1799996159971 17.5399996079504 17.65499960538 17.5749996071681 17.6099996063858 17.6699996050447 17.6599996052682 17.6199996061623 17.6199996061623 17.7249996038154 17.7449996033683 18.1799995936453 18.0449995966628 18.0249995971099 17.6449996056035 17.6399996057153 17.5349996080622 16.7899996247143 16.7599996253848 16.7449996257201 16.6049996288493 14.8399996683002 14.8399996683002 15.5655552076383 16.9104147171532 -9999 -9999 -9999 -9999
16.1649996386841 16.0199996419251 16.0349996415898 15.9199996441603 15.8499996457249 15.6999996490777 15.7399996481836 15.6849996494129 15.8849996449426 15.7249996485189 15.6299996506423 15.7149996487424 15.7199996486306 15.8249996462837 15.9449996436015 16.1149996398017 16.1849996382371 16.2349996371195 16.3449996346608 16.369999634102 16.3749996339902 16.4299996327609 16.9349996214733 17.2149996152148 17.4399996101856 17.4999996088445 17.4849996091798 17.364999611862 16.9549996210262 16.7899996247143 17.3249996127561 17.4499996099621 17.4399996101856 17.3899996113032 17.4149996107444 17.5649996073917 17.6399996057153 17.6599996052682 17.6499996054918 17.5249996082857 17.5799996070564 17.7199996039271 17.8499996010214 18.0499995965511 18.0349995968863 18.0299995969981 17.7949996022508 17.3749996116385 17.4849996091798 17.3349996125326 16.7199996262789 16.2999996356666 16.3299996349961 16.4699996318668 16.4199996329844 -9999 -9999 -9999 -9999 -9999 -9999 -9999
16.0149996420369 15.9649996431544 16.0049996422604 16.0749996406958 15.6949996491894 15.6799996495247 16.0349996415898 16.0849996404722 15.9199996441603 15.934999643825 15.9449996436015 15.8999996446073 15.8149996465072 15.8799996450543 16.1249996395782 16.244999636896 16.3599996343255 16.4449996324256 16.4649996319786 16.6099996287376 16.8549996232614 16.9599996209145 17.2099996153265 17.2999996133149 17.4799996092916 17.5699996072799 17.3599996119738 17.0849996181205 16.8999996222556 16.7749996250495 17.0249996194616 17.5749996071681 17.5499996077269 17.4349996102974 17.3799996115267 17.1949996156618 17.5999996066093 17.7349996035919 17.6449996056035 17.5399996079504 17.8399996012449 17.9099995996803 18.0549995964393 18.1999995931983 18.214999592863 18.0999995954335 18.0249995971099 17.4799996092916 17.5699996072799 17.4049996109679 17.2749996138737 17.054999618791 16.4349996326491 16.4249996328726 17.1749996161088 -9999 -9999 -9999 -9999 -9999 -9999 -9999
16.4499996323138 15.934999643825 16.0499996412545 16.0399996414781 15.7649996476248 15.9949996424839 15.9449996436015 15.9399996437132 15.8749996451661 15.7799996472895 15.8499996457249 15.9799996428192 15.9849996427074 16.1649996386841 16.2849996360019 16.4549996322021 16.514999630861 16.4199996329844 16.6949996268377 16.6499996278435 17.0349996192381 17.19999961555 17.3199996128678 17.509999608621 17.5599996075034 17.4999996088445 17.4399996101856 17.4349996102974 17.4699996095151 17.4449996100739 17.634999605827 17.6149996062741 17.5599996075034 17.6299996059388 17.1949996156618 17.3299996126443 17.4349996102974 17.5499996077269 17.7099996041507 17.2049996154383 17.8599996007979 17.9399995990098 18.0199995972216 18.0549995964393 18.0099995974451 17.9699995983392 17.529999608174 17.1899996157736 17.1499996166676 17.2549996143207 17.239999614656 16.4499996323138 15.644999650307 15.3699996564537 15.2549996590242 -9999 -9999 -9999 -9999 -9999 -9999 -9999
16.0849996404722 15.3399996571243 15.5949996514246 15.7949996469542 15.8499996457249 15.8299996461719 15.9099996443838 15.9499996434897 15.9799996428192 16.059999641031 15.7349996482953 15.8899996448308 15.8449996458367 15.9399996437132 16.1799996383488 16.5399996303022 16.6349996281788 16.7599996253848 17.1299996171147 17.1649996163324 17.2849996136501 17.2999996133149 17.219999615103 17.4349996102974 16.8199996240437 17.2299996148795 17.5999996066093 17.4599996097386 17.4499996099621 17.3124996130355 17.344999612309 17.3599996119738 17.2449996145442 17.7399996034801 17.7749996026978 17.5199996083975 17.2799996137619 17.2799996137619 17.8749996004626 17.9049995997921 17.924999599345 18.0199995972216 18.0799995958805 17.8149996018037 17.9049995997921 17.5149996085092 17.1299996171147 17.0199996195734 17.2799996137619 16.3399996347725 16.1649996386841 16.4799996316433 16.7499996256083 16.9599996209145 16.9699996206909 -9999 23.7447889405303 -9999 -9999 -9999 -9999 -9999
-9999 -9999 -9999 -9999 -9999 15.9049996444955 15.9499996434897 16.0649996409193 16.0649996409193 16.1049996400252 16.1499996390194 16.2899996358901 16.349999634549 16.3999996334314 16.494999631308 16.099999640137 17.2899996135384 17.4149996107444 17.6099996063858 17.489999609068 17.4149996107444 17.1849996158853 17.3299996126443 16.8549996232614 16.7949996246025 16.7099996265024 17.2549996143207 17.2099996153265 17.2149996152148 17.2299996148795 17.1599996164441 17.1199996173382 17.219999615103 17.634999605827 17.65499960538 17.7549996031448 17.799999602139 17.7449996033683 17.7899996023625 17.9049995997921 17.9399995990098 17.8399996012449 17.7249996038154 18.0249995971099 17.6599996052682 17.7149996040389 -9999 16.7149996263906 18.6881496489281 15.6499996501952 15.6899996493012 16.1199996396899 16.3399996347725 17.384999611415 5.37499987985939 5.37499987985939 -9999 -9999 -9999 -9999 -9999 -9999
-9999 -9999 -9999 -9999 -9999 -9999 -9999 15.8349996460602 16.0099996421486 16.1299996394664 16.2299996372312 16.3449996346608 16.4799996316433 16.6549996277317 16.7049996266142 16.7399996258318 16.929999621585 17.3949996111915 17.6299996059388 17.7049996042624 17.6499996054918 17.6249996060506 17.6049996064976 17.5749996071681 17.1549996165559 17.3683329451208 17.5599996075034 17.3399996124208 17.2599996142089 18.0449995966628 17.9549995986745 17.9549995986745 17.9799995981157 17.7549996031448 17.8449996011332 17.6099996063858 17.6249996060506 17.634999605827 17.8599996007979 18.0649995962158 18.0599995963275 17.9049995997921 17.7199996039271 17.6449996056035 17.779999602586 17.944999598898 -9999 -9999 -9999 -9999 -9999 -9999 -9999 -9999 -9999 -9999 -9999 -9999 -9999 -9999 -9999 -9999
-9999 -9999 -9999 -9999 -9999 -9999 -9999 -9999 15.872499645222 15.8024996467866 16.7249996261671 16.8749996228144 16.8699996229261 16.9599996209145 17.094999617897 17.1699996162206 17.4799996092916 17.6849996047094 17.7099996041507 17.7549996031448 17.7949996022508 17.8249996015802 17.819999601692 17.7899996023625 17.9099995996803 17.944999598898 17.674999604933 17.7049996042624 17.5974996066652 17.9999995976686 18.0849995957687 18.0399995967746 18.0249995971099 17.9799995981157 18.0049995975569 17.8099996019155 17.7449996033683 17.8299996014684 17.6149996062741 17.8749996004626 18.2099995929748 18.2049995930865 18.0499995965511 17.8599996007979 17.7599996030331 17.8099996019155 -9999 -9999 -9999 -9999 -9999 -9999 -9999 -9999 -9999 -9999 -9999 -9999 -9999 -9999 -9999 -9999
-9999 -9999 -9999 -9999 -9999 -9999 -9999 -9999 -9999 17.0899996180087 17.3399996124208 17.6249996060506 17.3949996111915 17.3399996124208 17.4199996106327 17.4749996094033 17.6399996057153 17.6699996050447 17.7399996034801 17.8599996007979 17.9299995992333 17.9749995982274 18.0149995973334 17.9149995995685 17.9199995994568 17.8899996001273 17.7449996033683 17.7299996037036 17.9849995980039 18.0499995965511 18.0499995965511 18.0549995964393 18.0099995974451 17.9749995982274 17.9749995982274 17.9899995978922 18.0349995968863 18.0799995958805 18.0099995974451 18.0399995967746 18.1749995937571 18.1849995935336 18.0999995954335 18.0149995973334 17.9599995985627 -9999 -9999 -9999 -9999 -9999 -9999 -9999 -9999 -9999 -9999 -9999 -9999 -9999 -9999 -9999 -9999 -9999
-9999 -9999 -9999 -9999 -9999 -9999 -9999 -9999 -9999 17.0649996185675 17.2699996139854 17.3999996110797 17.5199996083975 17.5549996076152 17.6249996060506 17.6899996045977 17.6999996043742 17.6199996061623 17.7249996038154 17.8499996010214 17.9349995991215 17.8899996001273 17.964999598451 18.0499995965511 17.9799995981157 18.0999995954335 18.1799995936453 18.0649995962158 18.0099995974451 18.0749995959923 18.0449995966628 17.9799995981157 17.9899995978922 18.0149995973334 18.0799995958805 18.0749995959923 18.0949995955452 18.0849995957687 17.9549995986745 18.1149995950982 18.234999592416 18.1549995942041 18.069999596104 18.10999959521 18.0949995955452 -9999 18.7732100692447 19.9949995530769 -9999 -9999 -9999 -9999 -9999 -9999 -9999 -9999 -9999 -9999 -9999 -9999 -9999 -9999
-9999 -9999 -9999 -9999 -9999 -9999 -9999 -9999 -9999 16.1399996392429 17.1549996165559 17.8049996020272 17.9049995997921 17.9799995981157 17.9849995980039 17.9499995987862 17.9349995991215 17.9299995992333 17.8449996011332 17.6299996059388 17.8499996010214 18.0349995968863 18.0099995974451 17.9549995986745 17.9199995994568 17.8899996001273 17.8149996018037 17.7749996026978 17.964999598451 18.0299995969981 18.0999995954335 18.0849995957687 18.089999595657 18.0349995968863 17.9699995983392 18.0199995972216 18.0599995963275 18.1749995937571 18.1749995937571 18.0999995954335 18.0099995974451 18.0199995972216 18.1799995936453 16.9374996214174 17.7899996023625 -9999 -9999 -9999 -9999 -9999 -9999 -9999 -9999 -9999 -9999 -9999 -9999 -9999 -9999 -9999 -9999 -9999
-9999 -9999 -9999 -9999 -9999 -9999 -9999 -9999 -9999 17.6399996057153 17.8399996012449 17.9499995987862 17.9799995981157 18.0099995974451 17.9499995987862 17.9099995996803 17.944999598898 17.8399996012449 17.7249996038154 17.529999608174 17.8849996002391 17.7749996026978 17.9149995995685 17.9599995985627 17.9699995983392 17.9199995994568 17.8299996014684 17.7499996032566 17.6799996048212 18.2099995929748 18.0449995966628 18.0999995954335 18.1249995948747 18.1549995942041 18.2249995926395 18.1249995948747 18.1399995945394 18.1449995944276 18.2299995925277 17.9849995980039 17.7499996032566 18.0349995968863 17.1324996170588 17.3009996132925 -9999 -9999 -9999 -9999 -9999 -9999 -9999 -9999 -9999 -9999 -9999 -9999 -9999 -9999 -9999 -9999 -9999 -9999
-9999 -9999 -9999 -9999 -9999 -9999 -9999 -9999 15.9642853574561 17.9349995991215 18.0449995966628 17.9799995981157 18.0299995969981 18.0199995972216 17.9399995990098 17.9849995980039 17.924999599345 17.799999602139 17.7749996026978 17.8149996018037 17.8899996001273 17.8599996007979 17.8749996004626 17.9399995990098 17.9799995981157 17.9199995994568 17.8899996001273 18.0249995971099 18.1249995948747 18.1649995939806 18.1499995943159 18.1749995937571 18.1449995944276 18.2799995914102 18.2699995916337 18.1949995933101 18.2049995930865 18.2249995926395 18.1299995947629 17.4174996106885 17.2599996142089 16.8637496230658 16.8249996239319 -9999 -9999 -9999 -9999 -9999 -9999 -9999 -9999 -9999 -9999 -9999 -9999 -9999 -9999 -9999 -9999 -9999 -9999 -9999
-9999 -9999 -9999 -9999 -9999 -9999 -9999 -9999 17.8249996015802 17.964999598451 18.0799995958805 18.0149995973334 18.069999596104 18.0149995973334 17.9149995995685 17.9099995996803 17.964999598451 17.8499996010214 17.7849996024743 17.819999601692 17.7849996024743 17.779999602586 17.819999601692 17.9149995995685 17.8699996005744 17.8399996012449 17.9399995990098 18.0499995965511 18.069999596104 18.1699995938689 18.1199995949864 18.2049995930865 18.3399995900691 18.254999591969 17.9549995986745 17.9299995992333 18.1799995936453 18.2299995925277 18.1899995934218 18.1899995934218 17.3974996111356 17.3549996120855 16.7839996248484 -9999 -9999 -9999 -9999 -9999 -9999 -9999 -9999 -9999 -9999 -9999 -9999 -9999 -9999 -9999 -9999 -9999 -9999 -9999
-9999 -9999 -9999 -9999 -9999 -9999 -9999 17.4499996099621 18.0049995975569 18.1199995949864 18.1449995944276 18.0549995964393 18.0649995962158 18.0549995964393 18.0199995972216 17.8899996001273 17.8349996013567 17.8249996015802 17.7949996022508 17.6949996044859 17.7599996030331 17.819999601692 17.9199995994568 18.0099995974451 18.0499995965511 17.9549995986745 17.7649996029213 17.8549996009097 17.9949995977804 18.0949995955452 18.1399995945394 18.2849995912984 18.2949995910749 18.2749995915219 18.0799995958805 18.0949995955452 18.0749995959923 17.9949995977804 17.7733329360684 17.7116662707801 17.2849996136501 17.0089996198192 -9999 -9999 -9999 -9999 -9999 -9999 -9999 -9999 -9999 -9999 -9999 -9999 -9999 -9999 -9999 -9999 -9999 -9999 -9999 -9999
-9999 -9999 -9999 3.8400372271426 -9999 6.13479079988342 17.9699995983392 18.1599995940924 18.0249995971099 17.9499995987862 17.9549995986745 17.8549996009097 17.9299995992333 17.8899996001273 17.944999598898 17.8899996001273 17.8149996018037 17.8799996003509 17.7899996023625 17.6449996056035 17.6299996059388 17.6049996064976 17.6649996051565 17.9499995987862 18.0349995968863 17.9999995976686 17.7099996041507 17.5899996068329 17.9149995995685 18.0949995955452 18.1299995947629 18.3049995908514 18.3649995895103 18.0149995973334 18.0849995957687 18.1299995947629 18.1399995945394 17.8083329352861 17.7749996026978 17.6612496052403 13.2949997028336 -9999 -9999 -9999 -9999 -9999 -9999 -9999 -9999 -9999 -9999 -9999 -9999 -9999 -9999 -9999 -9999 -9999 -9999 -9999 -9999 -9999
-9999 -9999 3.88019958557561 -9999 18.0849995957687 17.924999599345 18.0199995972216 17.7949996022508 17.7899996023625 17.9199995994568 17.6799996048212 17.7449996033683 17.7499996032566 17.6999996043742 17.634999605827 17.6699996050447 17.6799996048212 17.6049996064976 17.6699996050447 17.6299996059388 17.6149996062741 17.6049996064976 17.6099996063858 17.7399996034801 17.8349996013567 17.9699995983392 17.9999995976686 17.944999598898 17.8183329350625 17.8449996011332 17.6087496064138 17.1983329489206 17.2449996145442 18.069999596104 18.1049995953217 18.0399995967746 18.0649995962158 17.868332933945 17.0629996186122 -9999 -9999 -9999 -9999 -9999 -9999 -9999 -9999 -9999 -9999 -9999 -9999 -9999 -9999 -9999 -9999 -9999 -9999 -9999 -9999 -9999 -9999 -9999
16.7749996250495 16.7749996250495 -9999 17.7199996039271 17.7599996030331 17.6899996045977 17.5249996082857 17.239999614656 17.3049996132031 17.4549996098503 17.6299996059388 17.6249996060506 17.4949996089563 17.529999608174 17.5749996071681 17.6649996051565 17.6249996060506 17.6199996061623 17.5799996070564 17.5599996075034 17.5649996073917 17.6699996050447 17.7149996040389 17.5899996068329 17.2499996144325 17.6949996044859 17.9949995977804 17.7499996032566 17.8299996014684 17.8224996016361 17.8799996003509 17.9624995985068 17.9599995985627 18.214999592863 18.0649995962158 17.7699996028095 17.4249996105209 17.384999611415 -9999 -9999 -9999 -9999 -9999 -9999 -9999 -9999 -9999 -9999 -9999 -9999 -9999 -9999 -9999 -9999 -9999 -9999 -9999 -9999 -9999 -9999 -9999 -9999
15.8149996465072 15.6349996505305 17.0569996187463 16.929999621585 17.6899996045977 17.6599996052682 17.3699996117502 17.1699996162206 17.19999961555 17.3599996119738 17.4149996107444 17.4599996097386 17.4499996099621 17.5349996080622 17.5849996069446 17.5999996066093 17.6299996059388 17.5899996068329 17.5849996069446 17.3249996127561 17.3349996125326 17.8049996020272 17.924999599345 17.5149996085092 17.4999996088445 17.8449996011332 17.9399995990098 17.9749995982274 17.8849996002391 18.3249995904043 18.254999591969 18.2299995925277 17.9199995994568 18.2249995926395 18.1599995940924 17.8599996007979 18.10999959521 18.4949995866045 9.43459986244022 13.2399997040629 -9999 -9999 -9999 -9999 -9999 -9999 -9999 -9999 -9999 -9999 -9999 -9999 -9999 -9999 -9999 -9999 -9999 -9999 -9999 -9999 -9999 -9999
16.804999624379 17.2849996136501 17.5199996083975 17.4549996098503 17.3149996129796 17.1799996159971 17.2549996143207 17.2549996143207 17.2349996147677 17.4099996108562 17.4849996091798 17.5349996080622 17.4999996088445 17.5449996078387 17.6149996062741 17.5999996066093 17.6099996063858 17.5899996068329 17.5999996066093 17.6799996048212 17.5849996069446 17.6099996063858 17.5349996080622 17.7149996040389 17.8299996014684 18.1849995935336 18.1499995943159 18.2699995916337 18.254999591969 18.2799995914102 18.1799995936453 18.2649995917454 18.2649995917454 17.3624996119179 19.0122196153449 17.6649996051565 17.4699996095151 15.8149996465072 15.7199996486306 -9999 -9999 -9999 -9999 -9999 -9999 -9999 -9999 -9999 -9999 -9999 -9999 -9999 -9999 -9999 -9999 -9999 -9999 -9999 -9999 -9999 -9999 -9999
16.4999996311963 16.9599996209145 17.2149996152148 17.3049996132031 17.4049996109679 17.4949996089563 17.5549996076152 17.5849996069446 17.4599996097386 17.4649996096268 17.5649996073917 17.5549996076152 17.5849996069446 17.5999996066093 17.5999996066093 17.6899996045977 17.6499996054918 17.5799996070564 17.6649996051565 17.7099996041507 17.7249996038154 17.634999605827 17.9899995978922 18.0799995958805 18.0549995964393 18.1249995948747 18.2699995916337 18.3899995889515 18.3349995901808 18.2799995914102 18.3049995908514 18.2699995916337 17.5224996083416 16.6649996275082 17.2299996148795 17.7499996032566 17.7549996031448 -9999 -9999 -9999 -9999 -9999 -9999 -9999 -9999 -9999 -9999 -9999 -9999 -9999 -9999 -9999 -9999 -9999 -9999 -9999 -9999 -9999 -9999 -9999 -9999 -9999
16.6699996273965 16.8899996224791 17.2949996134266 17.3299996126443 17.4399996101856 17.6599996052682 17.8899996001273 17.944999598898 17.6449996056035 17.634999605827 17.6649996051565 17.6049996064976 17.4249996105209 17.3699996117502 17.6649996051565 17.5949996067211 17.4849996091798 17.6149996062741 17.7249996038154 17.6699996050447 17.6499996054918 17.7249996038154 18.0099995974451 17.9199995994568 18.1999995931983 18.2999995909631 18.2499995920807 17.9049995997921 18.2299995925277 18.2399995923042 18.2799995914102 16.6619996275753 -9999 -9999 -9999 13.6052278061397 -9999 -9999 -9999 -9999 -9999 -9999 -9999 -9999 -9999 -9999 -9999 -9999 -9999 -9999 -9999 -9999 -9999 -9999 -9999 -9999 -9999 -9999 -9999 -9999 -9999 -9999
16.8699996229261 16.6849996270612 16.8599996231496 16.9849996203557 17.1149996174499 17.1199996173382 17.2449996145442 17.6049996064976 17.5799996070564 17.5549996076152 17.5749996071681 17.6149996062741 17.5799996070564 17.6099996063858 17.65499960538 17.634999605827 17.6399996057153 17.5949996067211 17.6199996061623 17.5849996069446 17.6299996059388 17.9049995997921 17.9949995977804 17.5399996079504 17.4149996107444 17.2616662808384 17.3524996121414 18.1649995939806 18.0799995958805 18.0499995965511 17.467499609571 17.613749606302 17.7324996036477 17.6924996045418 -9999 -9999 -9999 -9999 -9999 -9999 -9999 -9999 -9999 -9999 -9999 -9999 -9999 -9999 -9999 -9999 -9999 -9999 -9999 -9999 -9999 -9999 -9999 -9999 -9999 -9999 -9999 -9999
16.5449996301904 16.2399996370077 16.0399996414781 15.9399996437132 17.1799996159971 17.1849996158853 17.0999996177852 17.3799996115267 17.489999609068 17.5849996069446 17.6099996063858 17.5849996069446 17.5949996067211 17.5849996069446 17.5499996077269 17.5399996079504 17.5349996080622 17.5349996080622 17.5849996069446 17.5599996075034 17.7449996033683 18.0499995965511 17.924999599345 17.3249996127561 17.0799996182323 16.5749996295199 18.2399995923042 18.2399995923042 17.1683329495912 17.0887496180367 17.1512496166397 16.5356246304 17.7199996039271 17.8237496016081 18.4088746629528 4.99999988824129 -9999 -9999 -9999 -9999 -9999 -9999 -9999 -9999 -9999 -9999 -9999 -9999 -9999 -9999 -9999 -9999 -9999 -9999 -9999 -9999 -9999 -9999 -9999 -9999 -9999 -9999
-9999 -9999 -9999 -9999 7.15999983996153 17.1799996159971 17.2999996133149 17.4749996094033 17.5699996072799 17.6049996064976 17.5799996070564 17.5749996071681 17.6399996057153 17.5699996072799 17.6099996063858 17.7049996042624 17.5799996070564 17.5849996069446 17.5899996068329 17.5949996067211 17.6099996063858 17.9599995985627 18.0849995957687 17.6299996059388 17.4774996093474 16.5799996294081 16.5299996305257 -9999 -9999 -9999 -9999 -9999 -9999 -9999 -9999 -9999 -9999 -9999 -9999 -9999 -9999 -9999 -9999 -9999 -9999 -9999 -9999 -9999 -9999 -9999 -9999 -9999 -9999 -9999 -9999 -9999 -9999 -9999 -9999 -9999 -9999 -9999
-9999 -9999 -9999 -9999 -9999 17.5549996076152 17.6849996047094 17.6999996043742 17.65499960538 17.5949996067211 17.7249996038154 17.6499996054918 17.5999996066093 17.6649996051565 17.7749996026978 17.6849996047094 17.5549996076152 17.4999996088445 17.5049996087328 17.3799996115267 17.1949996156618 17.0649996185675 17.7649996029213 16.9999996200204 16.9449996212497 -9999 -9999 -9999 -9999 -9999 -9999 -9999 -9999 -9999 -9999 -9999 -9999 -9999 -9999 -9999 -9999 -9999 -9999 -9999 -9999 -9999 -9999 -9999 -9999 -9999 -9999 -9999 -9999 -9999 -9999 -9999 -9999 -9999 -9999 -9999 -9999 -9999
