EcologicalScience/Bass/data/rs_data_bass/sst_108.asc
NCOLS 226 
NROWS 124 
XLLCORNER -9.41648524995501 
YLLCORNER 47.587301625531 
CELLSIZE 0.0833 
NODATA_value -9999 
[rows 81 to 107 of 124, columns 62 to 123 of 226]
12.2914997252636 -9999 -9999 -9999 -9999 -9999 -9999 -9999 -9999 -9999 -9999 -9999 -9999 -9999 -9999 -9999 -9999 -9999 -9999 -9999 -9999 -9999 -9999 -9999 -9999 -9999 -9999 -9999 -9999 -9999 -9999 -9999 -9999 -9999 -9999 -9999 -9999 -9999 -9999 -9999 -9999 -9999 -9999 -9999 -9999 -9999 -9999 -9999 -9999 -9999 -9999 -9999 -9999 -9999 -9999 -9999 -9999 -9999 -9999 -9999 -9999 -9999
10.8707140427349 -9999 -9999 -9999 -9999 -9999 -9999 -9999 -9999 -9999 -9999 -9999 -9999 -9999 -9999 -9999 -9999 -9999 -9999 -9999 -9999 -9999 -9999 -9999 -9999 -9999 -9999 -9999 -9999 -9999 -9999 -9999 -9999 -9999 -9999 -9999 -9999 -9999 -9999 -9999 -9999 -9999 -9999 -9999 -9999 -9999 -9999 -9999 -9999 -9999 -9999 -9999 -9999 -9999 -9999 -9999 -9999 -9999 -9999 -9999 -9999 -9999
-9999 -9999 -9999 -9999 -9999 -9999 -9999 -9999 -9999 -9999 -9999 -9999 -9999 -9999 -9999 -9999 -9999 -9999 -9999 -9999 -9999 -9999 -9999 -9999 -9999 -9999 -9999 -9999 -9999 -9999 -9999 -9999 -9999 -9999 -9999 -9999 -9999 -9999 -9999 -9999 -9999 -9999 -9999 -9999 -9999 -9999 -9999 -9999 -9999 -9999 -9999 -9999 -9999 -9999 -9999 -9999 -9999 -9999 -9999 -9999 15.768749647541 -9999
-9999 -9999 -9999 -9999 -9999 -9999 -9999 -9999 -9999 -9999 -9999 -9999 -9999 -9999 -9999 -9999 -9999 -9999 -9999 -9999 -9999 -9999 -9999 -9999 -9999 -9999 -9999 -9999 -9999 -9999 -9999 -9999 -9999 11.3199997469783 11.209999749437 11.1449997508898 -9999 -9999 -9999 -9999 -9999 -9999 -9999 -9999 -9999 -9999 -9999 -9999 -9999 -9999 -9999 -9999 -9999 -9999 -9999 -9999 17.2699996139854 17.1074386420092 10.0761108858925 10.0774997747503 10.0074997763149 10.9066664228837
-9999 -9999 -9999 -9999 -9999 -9999 -9999 -9999 -9999 -9999 -9999 -9999 -9999 -9999 -9999 -9999 -9999 -9999 -9999 -9999 -9999 -9999 -9999 -9999 -9999 -9999 -9999 -9999 -9999 -9999 -9999 -9999 -9999 16.0284996417351 16.0284996417351 13.916499688942 13.5132496979553 11.6102938581368 12.0213633676652 14.8593100126961 10.7761997591332 -9999 16.3881030819732 11.5538458955976 11.5846151256791 11.3714283172573 11.1528568935714 11.8966664007554 11.9409997330979 11.8436664019401 10.8213633944873 12.4841663876238 16.4551217657037 -9999 10.1574997729622 10.1274997736327 10.0449997754768 9.89499977882951 9.83333311354121 9.48749978793785 10.678333094654 10.6516664285834
-9999 -9999 -9999 -9999 -9999 -9999 -9999 -9999 -9999 -9999 -9999 -9999 12.9699997100979 11.485908834179 12.2979997251183 11.4929997431114 10.737999759987 12.8824997120537 12.4226313012799 -9999 -9999 -9999 -9999 -9999 -9999 11.894999734126 11.7520009650899 17.6051424636373 9.68863614707847 9.3818179721182 9.56444423066245 9.49611089885649 9.42944423367994 9.19833312773456 14.1925996827707 -9999 16.2671871364 10.194999772124 10.1424997732975 10.1499997731298 10.9416664221014 11.024999753572 9.95749977743253 9.84749977989122 10.3124997694977 10.2424997710623 9.65833311745276 9.95999977737665 9.94666644434134 9.84166644668827 9.759999781847 9.7474997821264 9.95499977748841 10.368333101583 10.1599997729063 10.0533331086238 8.8399998024106 7.99999982118607 7.93499982263893 10.311666436183 10.4349997667596 10.5033330985655
-9999 -9999 -9999 -9999 -9999 -9999 -9999 -9999 16.6500808231942 10.1977775498397 12.5999997183681 12.557499719318 12.7524997149594 12.1919997274876 12.1749997278675 12.150999728404 10.5449997643009 10.4329997668043 10.3789997680113 10.3389997689053 11.4624997437932 10.717272487723 10.7122724878348 10.4574997662567 10.422499767039 12.6052628761452 14.3746871787007 9.38666645685832 8.81999980285764 8.81999980285764 9.35333312427004 9.45499978866428 9.45499978866428 9.86166644624124 9.904999778606 11.9905711605613 9.36142836218434 9.79249978112057 9.83749978011474 9.82749978033826 9.9174997783266 9.93749977787957 9.68249978357926 9.3366664579759 9.14499979559332 9.21999979391694 9.21999979391694 9.79749978100881 9.67833311700572 9.55999978631735 9.58833311901738 9.5416664533938 9.4324997891672 9.76666644836465 8.33499981369823 8.33499981369823 7.65499982889742 7.65499982889742 9.28499979246408 10.5699997637421 10.5349997645244 10.5983330964421
-9999 -9999 -9999 -9999 -9999 -9999 -9999 -9999 12.1802938453963 13.0339997086674 13.1239997066557 13.3269997021183 12.4724997212179 12.8199997134507 12.4739997211844 11.9219997335225 12.0809997299686 12.0179997313768 9.95099977757782 9.80374978086911 9.54999978654087 10.3609088593247 9.89499977882951 9.89666644545893 9.73833311566462 9.28999979235232 9.28999979235232 8.69199980571866 9.20583312756692 9.83749978011474 9.35499979089946 9.39499979000539 9.36999979056418 9.27999979257584 9.30499979201704 9.20666646088163 9.41249978961423 9.47749978816137 9.56249978626147 9.67749978369102 9.82749978033826 9.759999781847 9.47749978816137 9.32999979145825 9.23499979358166 10.049999775365 10.0949997743592 10.1574997729622 10.1416664399828 10.1699997726828 10.1833331057181 10.1066664407651 8.46499981079251 9.96999977715313 9.93333311130603 9.93833311119427 9.96833311052372 11.2133330826958 12.3899997230619 12.3899997230619 10.6449997620657 9.84999977983534
-9999 -9999 -9999 -9999 -9999 -9999 -9999 -9999 13.711666360187 11.8624997348525 10.8249997580424 10.8249997580424 12.7424997151829 11.8649997347966 11.3499997463077 12.0419997308403 11.024999753572 10.8124997583218 8.41199981197715 8.46499981079251 8.40999981202185 8.38249981263652 8.73249980481341 9.56499978620559 9.38749979017302 9.3124997918494 9.30999979190528 8.78249980369583 7.27833317064991 9.11249979631975 9.70166644981752 9.29749979218468 9.18999979458749 9.11999979615211 9.07499979715794 9.20749979419634 9.89833311208834 9.91999977827072 9.92833311141779 9.3599997907877 9.43499978911132 9.37499979045242 9.22999979369342 11.1666664170722 10.3566664351771 9.80333311421176 10.2033331052711 10.1149997739121 10.1966664387534 9.0449997978285 8.99999979883432 9.46499978844076 9.08499979693443 9.03499979805201 9.05499979760498 9.05499979760498 10.9816664212073 11.4299997445196 10.9266664224366 10.8783330901836 10.547499764245 10.5424997643568
10.0814224251065 9.40499978978187 -9999 -9999 -9999 -9999 -9999 -9999 17.134677036365 11.957499732729 8.23499981593341 12.4674997213297 12.4849997209385 12.3774997233413 11.8999997340143 11.5287497423124 11.6974997385405 11.7674997369759 9.39899978991598 9.33699979130179 11.2349997488782 11.2283330823605 10.8599997572601 8.95099979992956 8.87599980160594 9.00749979866669 8.20166648334513 9.32749979151413 9.53999978676438 8.54099980909377 9.856666446353 9.83833311342945 9.11499979626387 9.0449997978285 9.01999979838729 9.21999979391694 9.27249979274347 9.45249978872016 9.28799979239702 9.90833311186483 9.904999778606 9.80999978072941 8.94999979995191 8.95999979972839 10.1983331053828 10.3174997693859 11.1599997505546 11.1224997513928 10.9774997546338 11.5074997427873 10.0199997760355 9.80499978084117 9.11999979615211 8.96999979950488 8.87999980151653 11.6199997402728 12.7249997155741 11.7299997378141 11.3499997463077 11.8749997345731 12.2649997258559 12.2449997263029
9.9416664444531 9.34299979116768 9.33599979132414 10.4666664327184 10.7174997604452 -9999 16.1899624452926 10.5149997649714 11.5924997408874 11.8599997349083 11.7374997376464 11.0566664195309 11.3687497458886 11.7162497381214 12.0337497310247 11.9449997330084 11.5774997412227 11.4737497435417 11.397499745246 9.58099978584796 10.8866664233307 10.7216664270187 10.5683330971127 10.1233331070592 9.94666644434134 9.88833311231186 9.39599978998303 10.0662497750018 9.23249979363754 9.32249979162589 9.35499979089946 9.47749978816137 9.54749978659675 9.28999979235232 9.23999979346991 8.91499980073422 8.92249980056658 9.27499979268759 8.9849997991696 9.64666645104686 9.73666644903521 9.75166644869993 9.68666645015279 9.69833311655869 10.1849997723475 9.99166644333551 9.27249979274347 11.3849997455254 11.3924997453578 11.4424997442402 9.5299997869879 9.65499978419393 11.5474997418933 11.4774997434579 11.5199997425079 9.40999978967011 9.36499979067594 9.32499979157001 10.2799997702241 11.1499997507781 10.3633331016948 10.4524997663684
7.80499982554466 7.749999826774 8.926999800466 8.96699979957193 8.96699979957193 9.91833311164131 9.89099977891892 10.5833330967774 10.6799997612834 11.292499747593 11.2374997488223 11.5949997408316 9.79899978097528 11.1349997511134 10.2199997715652 10.0779997747391 10.3799997679889 10.3799997679889 10.4449997665361 10.3366664356242 9.31299979183823 10.6174997626804 10.5799997635186 10.2249997714534 10.0333331090709 9.84166644668827 9.92833311141779 9.94999977760017 9.93999977782369 9.57249978603795 9.77499978151172 9.83749978011474 9.08499979693443 9.12499979604036 9.12499979604036 9.73166644914697 9.53249978693202 8.89749980112538 9.00249979877844 9.10499979648739 9.10749979643151 9.69333311667045 9.69499978329986 8.2949998145923 8.13249981822446 9.51249978737906 9.55999978631735 11.479999743402 10.5249997647479 10.3649997683242 10.2549997707829 10.1149997739121 11.0849997522309 8.86999980174005 8.86999980174005 10.7249997602776 9.25499979313463 9.26499979291111 11.3049997473136 11.3049997473136 11.3999997451901 10.9399997554719
11.0849997522309 11.0849997522309 12.1574997282587 8.94624980003573 9.79499978106469 9.79499978106469 9.93999977782369 9.96499977726489 10.0649997750297 10.9074997561984 11.1099997516721 11.1124997516163 11.0549997529015 8.64499980676919 8.64499980676919 10.4699997659773 10.5099997650832 10.4299997668713 9.90899977851659 9.79299978110939 9.41899978946894 9.45499978866428 9.24249979341403 9.29249979229644 10.029999775812 9.40749978972599 9.99666644322375 10.0383331089591 9.78499978128821 9.78499978128821 9.41499978955835 9.50249978760257 9.65833311745276 10.339999768883 10.1299997735769 9.32749979151413 9.50499978754669 9.46749978838488 9.54749978659675 9.45499978866428 9.03749979799613 9.71333311622342 9.69833311655869 8.28999981470406 8.26499981526285 8.23749981587753 10.8899997565895 10.5399997644126 10.6349997622892 10.7199997603893 10.3624997683801 10.2274997713976 9.24499979335815 9.64499978441745 8.88999980129302 9.88999977894127 10.0799997746944 10.2349997712299 10.2349997712299 6.08999986387789 6.08999986387789 9.30999979190528
11.7549997372553 10.7649997593835 10.8499997574836 10.919999755919 10.8224997580983 10.9649997549132 11.0049997540191 10.0549997752532 10.0099997762591 10.1849997723475 10.7083330939834 10.6699997615069 11.2399997487664 11.2249997491017 9.58499978575855 10.3316664357359 9.93499977793545 10.029999775812 10.029999775812 9.68599978350103 9.44999978877604 9.47599978819489 9.99999977648258 9.93124977801926 8.92999980039895 8.5849998081103 9.10249979654327 9.5424997867085 9.86249977955595 10.0149997761473 10.2283331047123 10.1333331068357 9.95499977748841 9.68499978352338 9.68499978352338 10.0999997742474 12.9649997102097 12.9949997095391 13.0799997076392 9.72499978262931 9.6749997837469 9.74999978207052 9.62999978475273 9.65749978413805 9.65833311745276 9.63333311801155 10.5324997645803 10.6699997615069 10.6699997615069 10.4674997660331 10.4349997667596 10.194999772124 7.77999982610345 8.31999981403351 8.55999980866909 9.08499979693443 7.78999982587993 9.11999979615211 10.5849997634068 10.6549997618422 10.2299997713417 10.0049997763708
11.2349997488782 11.1624997504987 11.169999750331 11.1024997518398 10.8474997575395 10.9149997560307 10.9149997560307 10.0624997750856 10.1149997739121 10.1149997739121 10.5916664299245 10.6333330956598 10.5366664311538 9.62499978486449 10.3216664359594 10.3899997677654 10.5183330982303 9.84374977997504 9.82874978031032 9.26999979279935 9.20749979419634 9.87499977927655 10.029999775812 9.95999977737665 9.95999977737665 9.95999977737665 9.71099978294223 9.30166645875821 9.51374978735112 10.1924997721799 10.1612497728784 9.38749979017302 9.04249979788437 9.48999978788197 10.2049997719005 10.1249997736886 10.1449997732416 9.95166644422958 9.44666645551721 9.85166644646476 10.2849997701123 10.2849997701123 9.71749978279695 9.66249978402629 10.069999774918 10.069999774918 9.87999977916479 10.2799997702241 10.2224997715093 9.27499979268759 8.84499980229884 8.32499981392175 8.19499981682748 7.81999982520938 8.50499980989844 10.0249997759238 11.0399997532368 10.8649997571483 10.8699997570366 10.9499997552484 10.629999762401 9.74999978207052
11.6499997396022 10.7999997586012 10.7774997591041 10.7187497604173 10.3949997676536 10.3949997676536 9.98499977681786 9.87249977933243 10.0724997748621 10.4349997667596 10.402499767486 10.2649997705594 10.4799997657537 9.61249978514388 10.4599997662008 10.3999997675419 10.3616664350654 9.83999978005886 9.7909997811541 9.59099978562444 9.65799978412688 9.6769997837022 9.64666645104686 9.60833311857035 9.57799978591502 9.71249978290871 9.6874997834675 9.42749978927895 9.40333312315246 9.51874978723936 9.50249978760257 9.46499978844076 9.02249979833141 9.35749979084358 9.33249979140237 13.634999695234 13.634999695234 9.69499978329986 9.5783331192409 9.82749978033826 9.64749978436157 14.3549996791407 14.3549996791407 9.69249978335574 9.67249978380278 9.82333311376472 6.98499984387308 6.98499984387308 10.0399997755885 10.4399997666478 10.7099997606128 9.65499978419393 9.79999978095293 12.2649997258559 11.8349997354671 11.5499997418374 11.6949997385964 11.789999736473 11.1749997502193 11.3849997455254 11.1999997496605 11.4349997444078
11.6349997399375 11.6349997399375 10.5599997639656 10.4624997661449 10.1249997736886 10.1799997724593 10.2549997707829 10.2099997717887 10.4449997665361 10.6699997615069 10.6199997626245 10.7599997594953 10.7362497600261 10.1174997738563 10.6799997612834 10.1916664388652 10.2566664374123 10.2749997703359 9.65999978408217 9.57799978591502 9.59999978542328 9.57099978607148 9.63499978464097 9.57999978587031 8.14124981802888 8.9124998007901 10.0649997750297 9.86699977945536 10.3324997690506 9.58499978575855 5.84499986935407 5.93499986734241 9.55499978642911 9.40749978972599 9.42499978933483 9.29749979218468 9.19749979441985 9.2999997921288 9.73249978246167 9.74166644892345 9.73166644914697 9.70499978307635 9.60166645205269 9.76499978173524 10.0099997762591 9.40249978983775 9.85499977972358 9.70749978302047 10.0899997744709 10.0249997759238 10.1399997733533 10.3649997683242 11.934999733232 12.6049997182563 12.7799997143447 11.9299997333437 11.749999737367 14.939999666065 -9999 -9999 -9999 -9999
10.359999768436 11.4199997447431 11.5199997425079 10.7099997606128 10.1399997733533 10.2899997700006 10.2349997712299 10.0366664423297 10.3699997682124 10.3349997689947 10.5624997639097 10.3499997686595 9.7724997815676 9.83374978019856 7.55499983113259 7.55499983113259 9.53249978693202 9.77199978157878 9.68999978341162 9.63999978452921 9.58399978578091 9.93499977793545 9.8816664457942 9.82166644713531 10.257499770727 10.1499997731298 10.0899997744709 10.0429997755215 9.81249978067353 9.45666645529369 5.86499986890703 5.86499986890703 9.59499978553504 9.70999978296459 9.75499978195876 9.90749977855012 8.90499980095774 8.9849997991696 9.23499979358166 9.05999979749322 9.01249979855493 9.33166645808766 9.8683331127589 11.0749997524545 11.0949997520074 9.94249977776781 9.77666644814114 9.65499978419393 9.64499978441745 9.95999977737665 10.899999756366 12.0199997313321 12.4249997222796 12.6049997182563 10.4624997661449 12.7135997158289 -9999 -9999 -9999 -9999 -9999 -9999
11.209999749437 10.9916664209838 10.6899997610599 10.5349997645244 10.9616664216543 10.1899997722358 10.4049997674301 10.3174997693859 10.2524997708388 10.5349997645244 10.7049997607246 10.1166664405415 12.0149997314438 12.0149997314438 9.73124978248961 9.69499978329986 9.59999978542328 12.8449997128919 12.8449997128919 9.48699978794903 9.17499979492277 9.17499979492277 10.118333107171 9.99833310985317 10.1599997729063 10.2216664381946 10.2666664371888 10.265999770537 10.3279997691512 12.0294997311197 14.90547136495 15.109264368164 15.109264368164 -9999 -9999 15.6330299536048 9.77999978139997 9.4574997886084 9.00499979872257 9.00499979872257 9.01999979838729 9.0699997972697 9.6999997831881 9.14499979559332 9.99499977659434 9.68166645026455 10.0899997744709 10.3699997682124 10.3749997681007 10.5549997640774 12.1999997273088 12.4699997212738 12.7399997152388 -9999 -9999 -9999 -9999 -9999 -9999 -9999 -9999 -9999
10.9349997555837 10.9399997554719 10.6133330961068 10.8149997582659 10.2649997705594 10.2699997704476 10.6049997629598 10.7649997593835 10.4149997672066 10.4149997672066 10.2533331041535 10.2316664379711 9.66499978397042 9.48499978799373 12.8249997133389 12.8249997133389 10.1274997736327 9.46999978832901 9.6874997834675 9.80749978078529 9.20499979425222 9.20499979425222 10.1639997728169 10.0483331087356 9.37499979045242 9.57999978587031 9.76999978162348 9.78666644791762 10.5774997635745 13.3549997014925 -9999 -9999 -9999 -9999 16.3799996338785 11.147499750834 10.1474997731857 9.51166645406435 9.41333312292894 9.36166645741711 9.35499979089946 9.6999997831881 9.72999978251755 9.89499977882951 10.2249997714534 11.1599997505546 10.504999765195 10.2199997715652 10.6549997618422 11.2549997484311 12.6449997173622 13.1149997068569 12.0007140174774 -9999 -9999 -9999 -9999 -9999 -9999 -9999 -9999 -9999
12.0199997313321 10.5574997640215 10.5924997632392 11.4424997442402 11.2949997475371 11.354999746196 10.7599997594953 10.0283331091826 10.3799997679889 10.5983330964421 7.80699982549995 8.12749981833622 9.68999978341162 9.62099978495389 13.7399996928871 13.7499996926636 13.904999689199 13.944999688305 9.40249978983775 9.99299977663904 10.5461536104289 10.1049997741356 10.1699997726828 10.8962497564498 10.823333091413 10.4909997655079 10.6549997618422 10.7033330940952 10.553333097448 16.636110739265 -9999 -9999 -9999 -9999 -9999 16.4993544699204 10.4133331005772 10.1299997735769 10.2949997698888 10.2949997698888 9.92833311141779 10.3899997677654 9.87499977927655 10.6549997618422 10.4899997655302 11.1149997515604 10.77499975916 10.6149997627363 11.4449997441843 12.1799997277558 12.5099997203797 13.5199996978045 14.0399996861815 16.7639996252954 13.355199701488 -9999 -9999 -9999 -9999 -9999 -9999 -9999
10.8083330917483 11.4499997440726 11.7199997380376 11.9749997323379 11.9749997323379 11.5099997427315 11.846666401873 11.6499997396022 11.2399997487664 10.0083331096297 10.2866664367417 13.3099997024983 14.2199996821582 14.1649996833876 14.2549996813759 14.1999996826053 14.1699996832758 13.9199996888638 14.4299996774644 9.91099977847189 10.8249997580424 10.8633330905189 9.92099977824837 10.588749763323 11.4574997439049 11.0312497534323 12.682499716524 11.562499741558 10.4287497668993 11.5059997428209 21.2967852382655 24.7149994475767 -9999 -9999 -9999 -9999 13.9555552436246 11.6735711676468 11.6735711676468 10.31999976933 11.4233330780019 10.2337497712579 11.0374997532926 11.5874997409992 11.3824997455813 11.6749997390434 11.3899997454137 11.3649997459725 11.9099997337908 12.4199997223914 12.2349997265264 11.9249997334555 13.4199997000396 9.86999977938831 -9999 -9999 -9999 -9999 -9999 -9999 -9999 -9999
11.7249997379258 11.7399997375906 11.7549997372553 12.3149997247383 12.1199997290969 11.8199997358024 12.0783330633615 12.3916663896913 11.7099997382611 11.7099997382611 11.4333330777784 13.3049997026101 13.2699997033924 13.4549996992573 13.1299997065216 13.1399997062981 14.089999685064 13.8499996904284 14.6249996731058 14.4599996767938 14.3049996802583 13.4149997001514 10.9449997553602 10.9499997552484 10.6179997626692 10.7149997605011 10.7299997601658 10.8299997579306 10.8299997579306 10.9949997542426 11.8299997355789 -9999 -9999 -9999 -9999 -9999 -9999 -9999 -9999 -9999 -9999 -9999 -9999 -9999 -9999 -9999 11.8483330685024 11.4849997432902 12.2449997263029 12.6249997178093 13.3919997006655 -9999 -9999 -9999 -9999 -9999 -9999 -9999 -9999 -9999 -9999 -9999
11.7549997372553 11.7099997382611 11.6349997399375 11.894999734126 11.6849997388199 11.1249997513369 11.4899997431785 11.894999734126 12.4599997214973 12.1049997294322 11.5799997411668 13.1599997058511 13.1099997069687 13.0449997084215 12.6999997161329 12.6299997176975 12.8399997130036 13.0999997071922 14.7249996708706 14.774999669753 14.8099996689707 13.799999691546 13.7949996916577 10.2783331035947 15.2706663253407 12.1359674706755 10.9969997541979 11.1949997497723 10.9174997559749 10.9849997544661 11.5074997427873 10.3894442122223 19.1657537028558 -9999 -9999 -9999 -9999 -9999 -9999 -9999 -9999 -9999 -9999 -9999 -9999 -9999 -9999 -9999 -9999 -9999 -9999 -9999 -9999 -9999 -9999 -9999 -9999 -9999 -9999 -9999 -9999 -9999
11.9899997320026 11.8349997354671 11.7749997368082 10.6499997619539 11.3699997458607 11.3699997458607 11.1149997515604 10.7016664274658 12.2799997255206 12.5099997203797 12.9349997108802 12.9649997102097 12.6249997178093 12.6799997165799 12.5999997183681 12.4049997227266 12.3049997249618 12.3549997238442 11.9699997324497 13.9349996885285 14.069999685511 13.8549996903166 12.0349997309968 10.3489997686818 10.6766664280246 10.7216664270187 11.0283330868309 11.0283330868309 11.1799997501075 11.1799997501075 12.3416663908089 12.8949997117743 -9999 -9999 -9999 -9999 -9999 -9999 -9999 -9999 -9999 -9999 -9999 -9999 -9999 -9999 -9999 -9999 -9999 -9999 -9999 -9999 -9999 -9999 -9999 -9999 -9999 -9999 -9999 -9999 -9999 -9999
12.6549997171387 12.5799997188151 12.2349997265264 12.0199997313321 12.0549997305498 12.1699997279793 11.2249997491017 12.3249997245148 12.3249997245148 12.1549997283146 12.349999723956 12.4799997210503 12.6799997165799 12.6849997164682 12.4099997226149 12.4099997226149 10.0599997751415 10.1524997730739 10.1699997726828 10.1519997730851 11.7949997363612 11.5849997410551 11.7799997366965 10.5974997631274 10.4269997669384 10.8179997581989 10.9849997544661 11.5816664077962 11.7349997377023 11.7799997366965 11.9999997317791 11.5499997418374 22.8715619887807 -9999 -9999 -9999 -9999 -9999 -9999 -9999 -9999 -9999 -9999 -9999 -9999 -9999 -9999 -9999 -9999 -9999 -9999 -9999 -9999 -9999 -9999 -9999 -9999 -9999 -9999 -9999 -9999 -9999
12.7299997154623 12.3649997236207 12.2299997266382 12.1699997279793 11.7949997363612 11.8049997361377 11.8249997356907 10.4824997656979 11.8999997340143 11.8849997343495 11.8649997347966 11.6849997388199 11.9699997324497 11.2549997484311 9.13999979570508 8.94499980006367 10.2649997705594 10.0962497743312 10.1024997741915 12.8549997126684 12.8549997126684 12.011666398185 11.6516664062316 11.5416664086903 9.74899978209287 11.0949997520074 10.9299997556955 11.6849997388199 11.9999997317791 12.1299997288734 12.2549997260794 11.4183330781137 11.4507140297709 -9999 -9999 -9999 -9999 -9999 -9999 -9999 -9999 -9999 -9999 -9999 -9999 -9999 -9999 -9999 -9999 -9999 -9999 -9999 -9999 -9999 -9999 -9999 -9999 -9999 -9999 -9999 -9999 -9999
