EcologicalScience/Bass/data/rs_data_bass/sst_502.asc
NCOLS 226 
NROWS 124 
XLLCORNER -9.41648524995501 
YLLCORNER 47.587301625531 
CELLSIZE 0.0833 
NODATA_value -9999 
[rows 54 to 80 of 124, columns 124 to 185 of 226]
11.7068391852081 11.7340922141448 11.7082735551521 11.6136051388457 11.6372722429223 11.6451612776145 11.7118594800122 11.8018661940005 11.8330637402833 11.9499648907222 12.0439161220565 12.1149174342863 12.1084627695382 12.2160405153409 12.2798699778505 12.3142948565073 12.1070283995941 12.5775017412379 12.5337534579448 12.5904110707343 12.7238074755296 12.6750388974324 13.1082186205313 13.6023590662517 12.7694682520814 12.7888322463259 13.3556474358775 11.4725587610155 12.3829055521637 13.6253089853562 13.6396526847966 13.827316085808 13.882300266996 13.7845240491442 13.8791924654506 14.1796929687262 14.2392193214037 14.2614520555362 14.2506942809559 14.2822504197247 14.2750785700046 14.2822504197247 14.2284615468234 13.9666890320368 13.7773521994241 13.6324808350764 13.4395580776036 13.338434996549 13.0601672274061 12.9920346550643 13.138340389356 12.3677763644207 10.0451216050424 9.16908016172238 9.94005400664173 10.5992665267549 10.8320528155891 12.3772876032162 9.7317117722705 13.7025259006768 13.8040075742174 8.83345828284599
11.7283547343686 11.701818890404 11.7749717575498 11.6681111967191 12.2280533636222 12.1342814285308 11.7097079250962 11.9664601450786 11.9707632549107 12.0812097406015 12.0998565498739 12.1314126886427 12.2031311858445 12.2648090934381 12.3178807813674 12.339396330528 12.4175694924779 12.6112094349228 12.5688955215737 12.6255531343631 13.2254783634562 13.3413037364371 13.7639647466131 13.7374289026484 11.9800866595469 11.9248634167016 11.9198431218974 13.988682704512 13.3061616728082 13.457129109418 12.7986337742768 13.2239244626835 13.6984618525021 13.5865809968673 13.6410870547406 13.9602343672886 13.9250923036598 14.2786644948646 14.2693410902284 14.2456739861518 14.2643207954243 14.2377849514596 14.174672673922 13.9781639915891 13.6855525230058 13.5277718291618 13.337717811577 13.0630359672941 12.9497207417153 10.0673543391749 11.635598811321 10.9563051119912 9.85757773485966 8.95284889265895 8.60124896012712 11.4743915670551 13.7244000423234 18.0599995963275 -9999 -9999 -9999 -9999
11.7391125089489 11.6401409828104 12.0378200497944 11.983493288164 12.0064432072686 12.0955534400418 11.7799920523539 11.8696401738562 11.981521029491 12.0718863359652 12.1378673533909 12.183050006628 12.2375560645014 12.2640919084661 12.3716696542688 12.4692068104632 12.5108035388403 12.7187871807255 13.2907421959098 12.9999236897565 13.2351603605784 13.020004868973 13.9389578797854 14.055619968567 14.0800042576157 14.2145959706977 13.7706106606871 14.0747449011542 14.0962604503147 14.0768964560702 12.8409476876259 13.0766624817625 13.5399639736861 13.7020477773622 13.6984618525021 13.7386242109351 13.7386242109351 13.9430219279602 14.2026428878307 14.2083803676069 14.1825617086142 14.172521119006 13.9552140724845 13.7300179912709 13.5048219100572 13.3420209214091 13.016418944113 10.5313730160706 9.51619768817909 9.40252387011424 10.2803582758643 9.80163730704226 8.63047424773686 9.78645689180121 11.5951177040115 -9999 -9999 -9999 -9999 -9999 -9999 -9999
11.7520218384452 11.7170590710593 11.7516632459592 11.9399243011139 11.7871639020741 12.0688382998342 11.7878810870461 11.9306008964777 12.0353099023923 12.1629688274115 12.2146061453968 12.2052827407606 12.3164464114234 12.3494369201362 12.3917508334853 12.4892879896797 12.7094637760893 12.8708303947933 13.4876094707288 13.2652821294032 13.417325343471 13.4058503839187 13.8081911532208 14.2968331808224 14.4036937416531 14.3757235277444 13.3212225572206 13.4359721527435 14.3193049766123 14.4017812483944 14.3207393465564 14.0833511208184 13.9313676721649 13.7171086617745 13.615268395748 13.6665471212473 13.6721053047804 13.6798150432296 13.8411816619337 14.1481368299574 14.1488540149294 14.0505996737629 13.8906674250029 13.5313577540219 13.4044160139747 13.0716421869583 12.8923459439538 8.9828682064877 10.1867144095179 9.75932339369319 9.55212865527719 9.53896831104066 8.82232122775167 9.97937964927405 16.5549996299669 -9999 -9999 -9999 -9999 -9999 -9999 -9999
11.7174176635453 11.9141056421213 11.8811151334085 11.6602221620269 11.6731314915232 11.7577593182214 11.8825495033525 12.0023193936795 12.0783410007134 12.2275154748932 12.2483138390817 12.4154179375619 12.4799645850435 12.3766899490729 12.3616290646605 12.6104922499508 12.9461348168552 13.0400860481896 13.056581302546 13.2391048779245 13.9652546620928 14.2800988648087 14.4713481906801 14.4727825606242 14.5246589402668 14.5292011117563 14.4914293698967 13.5951872165315 13.693441557698 13.7070680721663 13.7658772398718 14.0197607199661 13.9674062170088 13.8799096504226 13.8899502400309 13.8361613671295 13.816797372885 13.8383129220456 13.9631031071767 13.9717093268409 14.0319528644904 13.9078798643313 13.7515335404314 13.5507217482664 13.1569871986285 12.7134082934354 10.6148533468135 10.7298539570766 10.2939847903326 11.1201818780974 11.146717722062 10.309762859717 10.8347422592342 15.3925079244834 15.2549996590242 -9999 -9999 -9999 -9999 -9999 -9999 -9999
11.1390677490272 11.757615881227 11.4607013028115 11.8703573588282 11.6702627516352 11.8129825610667 11.9363383762538 12.0905331452377 12.2024140008725 12.2784356079064 12.3250526310876 12.5853907759301 12.7108981460333 12.8249305565841 12.7338480651379 12.7524948744103 13.1397747593001 13.1849574125372 13.1749168229289 13.5467772309203 13.5492873783223 14.3625751365907 14.5490432293154 14.4280780307017 14.5292011117563 14.5715150251053 14.5545416474342 14.5260933102109 13.5851466269232 13.7637256849557 13.9501937776804 13.9939420609735 14.054902783595 14.132358760573 14.0592058934271 13.9372844481841 13.8239692226052 13.7321695461869 13.6414456472266 13.1733031567419 13.9946592459455 13.7522507254034 13.5851466269232 13.4539017770439 12.6398968338035 12.2418591743335 12.0471434544306 11.4479354103096 11.8419090216048 11.730386758456 10.4137546806596 10.307611304801 9.86869410192594 10.3449049233459 17.384999611415 6.27499985974282 23.7447889405303 -9999 -9999 -9999 -9999 -9999
-9999 -9999 -9999 -9999 -9999 14.8749996675178 11.9227118617855 12.0410473821685 12.2174748852849 12.3494369201362 12.3723868392408 12.4892879896797 12.6542405332439 12.7998290825635 12.9095583832823 12.8557695103809 13.097460845951 13.2624133895151 14.0850245524198 13.6946368659846 14.2497380343266 14.1421602885239 14.5258542485535 14.4852137668058 14.4560482446104 14.1897335583344 14.5605181888677 14.2234412520193 14.1499297923874 14.2227240670472 14.3611407666467 14.0771355177276 14.0979338819161 14.0957823270001 14.0305184945464 13.9896389511414 13.8648487660103 13.5880153668113 13.5299233840778 13.7523531803994 13.5259788667317 13.2846461236477 12.9748222157359 13.3599505457096 13.2753227190115 7.09824155427173 6.93999984487891 19.1103037921013 13.7427744780682 17.8449996011332 10.4252296402119 10.4453108194284 10.3951078713872 8.08003478171304 5.37499987985939 5.37499987985939 -9999 -9999 -9999 -9999 -9999 -9999
-9999 -9999 -9999 -9999 -9999 -9999 -9999 11.582766185049 12.1527489415603 12.1751609719358 12.3056886368431 12.5301675330848 12.6112094349228 12.7532120593823 12.817758706864 12.81991026178 13.7651600548998 13.3197881872766 14.1081537677674 14.2040772577748 14.5052949460223 14.1423993501812 14.572710333392 14.6336710560136 14.6551866051741 14.2358724582009 14.0617160408292 14.2442396162078 14.1965468155686 14.2901394544169 14.2341990265995 14.1660664542578 13.9874873962253 14.0757011477835 13.894253349863 13.9322641533799 13.933698523324 13.9394360031001 13.7931302688085 13.0895718112588 13.4001129041426 13.4374065226875 12.2077928881627 12.9690847359598 12.8399914409965 15.8349996460602 -9999 -9999 -9999 -9999 -9999 -9999 -9999 -9999 -9999 -9999 -9999 -9999 -9999 -9999 -9999 -9999
-9999 -9999 -9999 -9999 -9999 -9999 -9999 -9999 11.4349997444078 12.0403301971965 12.4548631110229 12.541642492637 12.619098469615 12.7948087877594 12.5308847180568 13.2538071698509 13.574388852343 13.7400585808791 13.4001129041426 14.3358002309687 14.5060121309943 14.4321420788765 14.8504999792203 14.5652994220145 14.744595665019 14.7151910811663 14.0649433732033 14.3037659688853 14.2682653127704 14.1560258646496 14.1158635062166 14.2008499254007 14.1922437057365 14.1251869108528 13.8297067023814 13.8999908296391 13.8390301070176 13.7995849335566 13.7386242109351 13.5406811586581 13.4517502221279 13.3613849156536 13.295403898228 12.8507492155768 6.80540149053559 6.50999985449016 -9999 -9999 -9999 -9999 -9999 -9999 -9999 -9999 -9999 -9999 -9999 -9999 -9999 -9999 -9999 -9999
-9999 -9999 -9999 -9999 -9999 -9999 -9999 -9999 -9999 14.8549996679649 12.380993058905 12.6857966720127 12.7560807992704 12.857203880325 12.9339426723309 13.1455122390762 13.2803430138156 13.3298287768848 13.8275551474653 14.7792596053332 14.372615726199 14.6695303046145 14.8148797922768 14.825637566857 14.0470137489028 14.7199723143131 14.6661834414117 14.4081163823139 14.2879878995009 14.3597063967027 14.2958769341931 14.1051057316363 13.5076906499453 13.455336146988 13.4503158521838 13.415173788555 13.5392467887141 13.5421155286022 13.4144566035829 13.1655934182927 13.018570499029 13.1677449732088 13.1118045453914 12.900234978646 15.4949996536598 16.0349996415898 -9999 -9999 -9999 -9999 -9999 -9999 -9999 -9999 -9999 -9999 -9999 -9999 -9999 -9999 -9999 -9999
-9999 -9999 -9999 -9999 -9999 -9999 -9999 -9999 -9999 15.0249996641651 12.3333002582658 12.6427655736916 12.5251472382806 12.9681882547447 13.0250251637772 13.7010915307328 13.6894970403519 13.0304040510673 13.1802957102191 14.2994628590532 14.3518173620105 14.7618081043474 14.690328668803 14.78404083848 14.4837793968618 14.5296792350709 14.6451460155658 14.6200445415452 14.4299905239604 14.3840906857513 14.4299905239604 14.4077577898279 14.2722098301165 14.0853831449058 13.8314996648114 13.3312631468289 13.5048219100572 13.4790032510646 13.2236854010262 13.0070955394767 13.056581302546 13.0895718112588 13.0035096146166 12.8701132098213 14.3199996799231 5.47499987762421 6.49295167836589 6.1149998633191 -9999 -9999 -9999 -9999 -9999 -9999 -9999 -9999 -9999 -9999 -9999 -9999 -9999 -9999
-9999 -9999 -9999 -9999 -9999 -9999 -9999 -9999 -9999 12.639999717474 12.3860133537091 12.5527588597033 13.0702078170143 13.0752281118184 13.4001129041426 13.8770409105346 13.7921740221791 13.9518672092818 13.9568277386716 14.7125614029355 14.6812443258241 14.7199723143131 14.8112938674167 14.533265159931 14.5024262061343 14.5346995298751 14.5533463391475 14.5562150790356 14.4873653217219 14.5110324257985 14.3489486221224 14.2055116277188 13.8469191417098 13.7120883669704 13.3850520197302 12.5988379941555 12.8787194294855 12.5201269434765 12.6305734291673 12.7546464293264 12.4864192497917 13.0537125626579 12.817758706864 11.8709642076507 15.789999647066 -9999 -9999 -9999 -9999 -9999 -9999 -9999 -9999 -9999 -9999 -9999 -9999 -9999 -9999 -9999 -9999 -9999
-9999 -9999 -9999 -9999 -9999 -9999 -9999 -9999 -9999 12.8362262198934 13.0287903848803 12.97804954811 13.3083132277243 13.21615495882 13.3129749300424 13.6097102122148 14.1770035250811 13.9639995883917 13.933339930838 13.8820612053387 14.3147628051229 14.6728771678172 14.7756736804731 14.5372096772771 14.65016631037 14.5791649981402 14.4773247321136 14.4436170384288 14.5282448651269 14.4450514083728 14.3647266915068 14.1208838010207 13.8497878815979 13.3061616728082 12.9762565856799 13.1584215685725 13.0852687014267 12.9561754064634 12.9694433284458 12.9547410365194 12.0568254515529 12.2583544286899 12.7863460050896 11.0221426924225 -9999 -9999 -9999 -9999 -9999 -9999 -9999 -9999 -9999 -9999 -9999 -9999 -9999 -9999 -9999 -9999 -9999 -9999
-9999 -9999 -9999 -9999 -9999 -9999 -9999 -9999 17.3395905720599 13.0676976696122 13.3454275500262 12.6797005997505 13.1634418633766 13.3337732942309 13.1064256581012 14.1698316753609 14.413495269604 14.4213843042962 14.5870540328324 14.6281726378947 14.3790703909472 14.492385616526 14.4332178563345 14.1108432114124 14.3460798822343 14.569841593504 14.5268104951829 14.360662643332 14.2951597492211 14.3410595874302 14.2349162115715 13.9466078528203 13.6597338640131 13.4668111065403 13.0063783545047 13.1971495570615 12.2165186386555 13.0513219460845 11.2829828667454 11.2198705892079 13.3961171592985 11.9716853498747 12.5753501863219 -9999 -9999 -9999 -9999 -9999 -9999 -9999 -9999 -9999 -9999 -9999 -9999 -9999 -9999 -9999 -9999 -9999 -9999 -9999
-9999 -9999 -9999 -9999 -9999 -9999 -9999 -9999 12.7161575024948 13.4998016152531 13.5905255142134 13.5488092550077 14.1027151150629 14.1623012331547 14.3616786553757 14.4896961728809 14.6885357063729 14.7776459391462 14.8986709031742 14.6731162294745 14.292649601819 14.5350581223611 14.4464857783169 14.3322143061087 12.8270821115002 12.8927045364399 14.5024262061343 14.1947538531385 14.1592531970236 14.1201666160487 14.2234412520193 13.6719260085374 13.3922238694504 13.1347544644959 12.9016693485901 13.0651875222102 12.606428201776 12.5441526400391 10.4947965824977 11.3324686298147 12.0123599832878 11.2224319641079 15.7949996469542 -9999 -9999 -9999 -9999 -9999 -9999 -9999 -9999 -9999 -9999 -9999 -9999 -9999 -9999 -9999 -9999 -9999 -9999 -9999
-9999 -9999 -9999 -9999 -9999 -9999 -9999 7.16350303640446 12.7238074755296 13.6070207685698 13.9824671014212 14.120405677706 13.4747001412325 14.2740027925465 13.8760846639052 14.4801934720017 14.8359172181226 14.8430890678428 14.7498550214805 14.5718497114256 14.3937726828735 14.2682653127704 14.0847854907624 14.2567903532181 12.9533066665754 13.7823724942282 13.8175145578571 13.854808176402 13.7450788756832 13.7823724942282 13.1602145310026 13.8849299452268 13.4305932654534 13.1734824529849 13.138340389356 12.42187260231 12.6481444609817 11.5296944971196 11.2550126528367 11.1976378550753 11.5798974451609 16.2799996361136 -9999 -9999 -9999 -9999 -9999 -9999 -9999 -9999 -9999 -9999 -9999 -9999 -9999 -9999 -9999 -9999 -9999 -9999 -9999 -9999
-9999 -9999 -9999 3.8400372271426 3.83999991416931 10.2899798360507 11.9359797837678 12.1142002493143 12.7152012558654 13.179219932761 13.4615517500788 14.2392193214037 14.413495269604 14.1502883848734 14.6458632005379 14.8667561719194 15.0001525767148 14.8466749927029 14.7082582931034 14.8036438943818 14.5978118074127 13.8748893556185 14.1603289744817 12.4781716226134 14.2375458898023 14.344406450633 14.0516754512209 14.0893276622519 14.0029068731237 13.8261207775213 13.5731935440563 13.5069734649733 12.6915341517888 12.5893352932762 13.0221564238891 12.7747276085429 12.4003570531495 12.3652149895206 13.4467299273238 17.8502015826948 13.2949997028336 -9999 -9999 -9999 -9999 -9999 -9999 -9999 -9999 -9999 -9999 -9999 -9999 -9999 -9999 -9999 -9999 -9999 -9999 -9999 -9999 -9999
-9999 -9999 3.88019958557561 3.87999991327524 12.1669133447576 9.61875513917767 12.9692640322028 11.782502199756 13.415173788555 13.2703024242073 13.9993209482636 14.4574826145545 13.9372844481841 14.8767967615277 15.008758796379 14.932020004373 14.969313622918 13.7798623468261 12.5066797252512 14.3836808657673 14.3596039417067 12.5240714608226 13.4775688811205 12.5186925735325 14.1287728357129 14.133793130517 14.1770632904954 14.0656605581753 13.8311410723254 14.1039104233496 12.9346598573029 12.9411145220511 12.777596348431 13.4302346729673 11.2851344216615 12.2648090934381 12.6398968338035 12.2848902726546 13.124868345497 -9999 -9999 -9999 -9999 -9999 -9999 -9999 -9999 -9999 -9999 -9999 -9999 -9999 -9999 -9999 -9999 -9999 -9999 -9999 -9999 -9999 -9999 -9999
16.7749996250495 16.7749996250495 -9999 18.64999958314 11.7178838337772 11.9151097010821 12.6529854595428 13.0146259816829 13.5634517815197 14.1947538531385 14.3353221076541 14.4228186742403 14.9728995477781 15.0453352299519 15.0553758195601 15.049638339784 15.0023041316308 14.7412488018163 14.9105044552125 13.495857097907 13.0772362297401 13.7027649623342 14.2012085178867 13.6798150432296 14.2471083560959 12.4050187554676 14.0100787228439 12.9812768804841 13.37788017001 13.2602618345991 13.138340389356 12.8048493773676 12.7173528107814 12.7173528107814 11.2320627337322 11.8058107113466 11.4551072600298 11.6071504740976 -9999 -9999 -9999 -9999 -9999 -9999 -9999 -9999 -9999 -9999 -9999 -9999 -9999 -9999 -9999 -9999 -9999 -9999 -9999 -9999 -9999 -9999 -9999 -9999
10.6427322826348 15.9772453825921 12.181077747955 12.3209288174985 12.4229483797681 12.7596667241305 12.7040848887991 13.9480422227643 14.1151463212445 14.652317865286 14.4672841425054 14.8459578077309 14.8631702470593 15.1012756577693 15.1859034844674 15.1120334323496 14.8947263858281 14.8144016689621 14.729773842264 14.6365397959016 14.5399588863365 14.5543025857769 14.3635313832201 12.1461149805691 12.1669133447576 13.6977446675301 13.8860057226848 13.456770516932 13.5155796846375 12.9640644411556 13.2229682160541 12.2375560645014 12.3372447756119 11.6924954857677 11.6774346013553 17.7923585827728 6.1878513698871 6.10499986354262 11.368216973523 13.2399997040629 -9999 -9999 -9999 -9999 -9999 -9999 -9999 -9999 -9999 -9999 -9999 -9999 -9999 -9999 -9999 -9999 -9999 -9999 -9999 -9999 -9999 -9999
10.741443014238 12.0019608011935 12.0363856798504 13.018929091515 13.3599505457096 13.6704916385934 13.9057283094153 13.8440504018217 14.373332911171 14.7735221255571 14.8631702470593 13.9451734828763 15.1177709121257 15.0532242646441 15.0202337559313 14.9542527385056 14.8352000331506 14.6688131196424 14.6853083739989 13.5654240401927 13.9057283094153 13.7178258467466 12.6102531882934 12.1932340332307 13.5939919082448 13.3215811497066 13.457487701904 13.415173788555 13.3599505457096 12.4885708047077 12.2095858505927 12.102725289762 12.2540513188578 17.3489599224801 8.07668303970095 9.85802486870024 18.6691299439112 7.7558671743609 12.6149997180328 -9999 -9999 -9999 -9999 -9999 -9999 -9999 -9999 -9999 -9999 -9999 -9999 -9999 -9999 -9999 -9999 -9999 -9999 -9999 -9999 -9999 -9999 -9999
11.5335194836371 12.8127384120598 13.0501266377978 12.8242133716121 13.3950926093385 13.5029094167985 14.1897335583344 14.3826563158073 14.4773247321136 14.8158360389061 14.7896587874275 13.8444089943077 15.1437688673614 14.849902325077 14.5146183506586 14.8050782643259 14.6207617265172 14.5052949460223 14.0637480649166 14.1185888091102 14.4223405509256 14.2294177934527 13.9948385421885 13.4995625535958 13.3405865514651 13.0702078170143 12.818475891836 12.2440107292496 11.8832666883245 12.3759727641009 12.4964598393999 10.6540116462857 12.2002624459565 12.2059999257326 12.0252693127841 12.1093592507532 20.1849995488301 9.99499977659434 9.99499977659434 -9999 -9999 -9999 -9999 -9999 -9999 -9999 -9999 -9999 -9999 -9999 -9999 -9999 -9999 -9999 -9999 -9999 -9999 -9999 -9999 -9999 -9999 -9999
13.1089358055033 13.2000182969496 12.9124271231703 13.1220244312426 13.3262428520247 13.5819192945492 13.773407682078 14.4970473188441 13.8571390275611 15.1118541361066 14.8151188539341 12.1595621987944 15.2610286102863 14.7383800619282 15.0716917776735 13.2272713258862 14.8928617049009 14.8423718828708 14.2822504197247 14.1183736536186 13.3977820529835 13.0911854774458 12.4554607651662 12.8130970045459 13.4144566035829 12.4297616370022 12.4763786601834 12.2834559027106 12.1536454227753 12.1500594979152 11.9513992606662 11.544755381532 11.5449997419491 -9999 -9999 13.6052278061397 -9999 -9999 -9999 -9999 -9999 -9999 -9999 -9999 -9999 -9999 -9999 -9999 -9999 -9999 -9999 -9999 -9999 -9999 -9999 -9999 -9999 -9999 -9999 -9999 -9999 -9999
12.7116153310053 12.5918454406783 12.700140371453 12.6957348066249 13.2871562710498 13.1738410454709 13.2659993143752 14.0898655509809 13.5586107829586 14.0667363356333 13.9492972964654 15.3142795944586 14.7674260532949 14.5447401194833 13.9975279858336 14.7810525677633 14.8796655014157 14.8710592817515 13.2173741732724 13.1447950541042 13.4856969774701 13.4838442496257 13.2538071698509 13.9320250917226 11.0047150976025 11.6587877920829 12.3494369201362 12.0044709485956 12.0876644053496 12.0066225035116 11.8481246246956 11.8043763414025 11.7732505136169 14.1765654507554 -9999 -9999 -9999 -9999 -9999 -9999 -9999 -9999 -9999 -9999 -9999 -9999 -9999 -9999 -9999 -9999 -9999 -9999 -9999 -9999 -9999 -9999 -9999 -9999 -9999 -9999 -9999 -9999
12.0449918995146 12.0037537636235 12.3134182970971 12.5326378368773 14.6255864254199 14.4137062063605 13.3029343404341 13.9105693079764 13.6253089853562 14.346558005549 14.8459578077309 14.8438062528148 14.8638874320313 14.4550919979811 14.3008972289972 14.6620715809055 14.9535355535336 14.8024485860951 14.254638798302 13.7943853425095 13.4384823001456 13.944296923466 13.1247138748877 11.8552964744158 12.1299783186987 12.2798699778505 12.299951157067 11.9621570352465 12.2425763593055 11.3704794333316 11.8029419714585 11.2159586711787 12.0203287051991 12.540208122693 13.2025284443516 4.99999988824129 -9999 -9999 -9999 -9999 -9999 -9999 -9999 -9999 -9999 -9999 -9999 -9999 -9999 -9999 -9999 -9999 -9999 -9999 -9999 -9999 -9999 -9999 -9999 -9999 -9999 -9999
-9999 -9999 -9999 -9999 7.15999983996153 16.3562212900558 13.1248573118821 13.3144092999864 14.410985122202 14.7010864433832 14.7677846457809 14.7663502758369 14.9891557404771 14.2800988648087 14.2750785700046 14.3480521409074 13.178912567773 13.2887101718225 14.3596039417067 13.0599281657487 12.9974135423545 12.9583269613795 12.8916287589818 12.3142948565073 12.259788798634 12.262657538522 12.7530988196499 -9999 -9999 -9999 -9999 -9999 -9999 -9999 -9999 -9999 -9999 -9999 -9999 -9999 -9999 -9999 -9999 -9999 -9999 -9999 -9999 -9999 -9999 -9999 -9999 -9999 -9999 -9999 -9999 -9999 -9999 -9999 -9999 -9999 -9999 -9999
-9999 -9999 -9999 -9999 -9999 13.1479711589803 13.3850520197302 14.9071575920098 15.0395977501757 15.4258018576074 14.729415249778 14.8588671372272 14.426978347078 14.4629810326733 14.4199499343522 13.6037934361957 13.2811319172848 13.0049439845607 12.8944974988699 13.1311685396358 13.1282997997478 13.097460845951 12.9698019209318 12.58180485107 16.5199996307492 -9999 -9999 -9999 -9999 -9999 -9999 -9999 -9999 -9999 -9999 -9999 -9999 -9999 -9999 -9999 -9999 -9999 -9999 -9999 -9999 -9999 -9999 -9999 -9999 -9999 -9999 -9999 -9999 -9999 -9999 -9999 -9999 -9999 -9999 -9999 -9999 -9999
