EcologicalScience/Bass/data/rs_data_bass/sst_210.asc
NCOLS 226 
NROWS 124 
XLLCORNER -9.41648524995501 
YLLCORNER 47.587301625531 
CELLSIZE 0.0833 
NODATA_value -9999 
[rows 54 to 80 of 124, columns 0 to 61 of 226]
-9999 -9999 -9999 -9999 -9999 -9999 -9999 -9999 -9999 -9999 -9999 -9999 -9999 -9999 -9999 -9999 -9999 -9999 -9999 -9999 -9999 -9999 -9999 -9999 -9999 -9999 -9999 -9999 -9999 -9999 -9999 -9999 -9999 -9999 -9999 -9999 -9999 -9999 13.2484767410048 15.4558040956035 16.045091080945 15.6850642249919 14.3001800440252 13.5449842684902 15.7130344389006 15.9446851848625 15.7209234735928 15.7137516238727 13.9620273297187 14.0176091650501 13.1053498806432 13.1103701754473 13.1326029095799 13.2437665802427 14.0871761073358 14.2836847896688 14.2019257028587 14.1890163733624 13.7470255206073 11.889560960045 -9999 12.6277541503118
-9999 -9999 -9999 -9999 -9999 -9999 -9999 -9999 -9999 -9999 -9999 -9999 -9999 -9999 -9999 -9999 -9999 -9999 -9999 -9999 -9999 -9999 -9999 -9999 -9999 -9999 -9999 -9999 -9999 -9999 -9999 -9999 -9999 -9999 -9999 -9999 -9999 -9999 13.1899997051805 14.930585634429 15.1851862994954 14.928792671999 13.2624133895151 12.939680152107 13.1985839270055 15.3372295135632 15.567445889581 15.5201116814278 15.5301522710361 13.2452009501867 13.2244025859982 13.2322916206904 13.8849299452268 14.3163167058956 14.052751228679 14.3604235816747 14.9112216401845 13.8978392747231 6.03849795200832 13.6649996945634 -9999 15.5349996527657
-9999 -9999 -9999 -9999 -9999 -9999 -9999 -9999 -9999 -9999 -9999 -9999 -9999 -9999 -9999 -9999 -9999 -9999 -9999 -9999 -9999 -9999 -9999 -9999 -9999 -9999 -9999 -9999 -9999 -9999 -9999 -9999 -9999 -9999 -9999 -9999 -9999 -9999 -9999 14.1228560596937 14.8273109984584 14.1786171912681 14.7182988827117 14.6261406138074 13.5833536644932 13.1935636322014 13.4309518579394 13.4266487481073 14.9018982355483 13.7888271589763 13.0938749210909 14.0570543385111 13.7873927890323 15.368785652332 13.6676228987053 14.2428052462637 14.3977172002196 14.7039551832713 16.2324556548847 6.13313107047599 -9999 -9999
-9999 -9999 -9999 -9999 -9999 -9999 -9999 -9999 -9999 -9999 -9999 -9999 -9999 -9999 -9999 -9999 -9999 -9999 -9999 -9999 -9999 -9999 -9999 -9999 -9999 -9999 -9999 -9999 -9999 -9999 -9999 -9999 -9999 -9999 -9999 -9999 -9999 -9999 -9999 13.8199996910989 14.373332911171 14.1897335583344 14.4576021453831 13.8218176676892 13.6195715055801 13.6604510489851 13.3936582393944 13.4047746064607 13.4302346729673 13.3197881872766 16.2473372430541 13.9451734828763 17.3252662559971 13.894253349863 13.7909787138924 14.5060121309943 16.0228583468124 15.9052400114015 15.0474867848679 16.523812049767 16.9950025763828 -9999
-9999 -9999 -9999 -9999 -9999 -9999 -9999 -9999 -9999 -9999 -9999 -9999 -9999 -9999 -9999 -9999 -9999 -9999 -9999 -9999 -9999 -9999 -9999 -9999 -9999 -9999 -9999 -9999 -9999 -9999 -9999 -9999 -9999 -9999 -9999 -9999 -9999 -9999 -9999 -9999 14.2391168664076 14.1897335583344 14.4199499343522 13.9501937776804 13.7838068641722 13.5471358234063 13.3205053722486 12.8148899669759 12.7123325159773 12.3501541051082 14.4586779228412 14.0713980379514 16.1641437863 13.7486648005433 16.3900570524856 14.9843745073304 14.1015198067762 14.3417767724022 15.2647938313894 16.522019087337 13.1275826147757 10.8499997574836
-9999 -9999 -9999 -9999 -9999 -9999 -9999 -9999 -9999 -9999 -9999 -9999 -9999 -9999 -9999 -9999 -9999 -9999 -9999 -9999 -9999 -9999 -9999 -9999 -9999 -9999 -9999 -9999 -9999 -9999 -9999 -9999 -9999 -9999 -9999 -9999 -9999 -9999 -9999 -9999 13.0119723972864 14.5999633623287 14.4809106569737 14.7046723682433 14.5067293159664 13.3420209214091 12.7919400478713 12.6700186026283 15.4247260801494 12.6298562441953 12.5237128683366 13.8738135781605 15.9052400114015 15.8801385373808 13.8777580955066 13.9401531880721 14.1452680900693 13.7149571068585 14.7147129578516 14.8799344457802 -9999 -9999
-9999 -9999 -9999 -9999 -9999 -9999 -9999 -9999 -9999 -9999 -9999 -9999 -9999 -9999 -9999 -9999 -9999 -9999 -9999 -9999 -9999 -9999 -9999 -9999 -9999 -9999 -9999 -9999 -9999 -9999 -9999 -9999 -9999 -9999 -9999 -9999 -9999 -9999 -9999 14.5398222796752 14.6652271947823 14.7491378365085 14.4099093447439 14.8603015071712 14.4830622118898 14.6802880791947 13.5639896702487 13.4625079967082 13.6421628321987 15.0202337559313 13.9293954134919 14.1051057316363 14.7778252353892 15.8026825604029 14.095065142028 14.093630772084 15.2637180539314 14.7999996691942 11.0826592978556 17.9936826499179 18.1277962396853 17.3109225565568
-9999 -9999 -9999 -9999 -9999 -9999 -9999 -9999 -9999 -9999 -9999 -9999 -9999 -9999 -9999 -9999 -9999 -9999 -9999 -9999 -9999 -9999 -9999 -9999 -9999 -9999 -9999 -9999 -9999 -9999 -9999 -9999 -9999 -9999 -9999 -9999 -9999 -9999 -9999 14.6975005185232 14.7197332526557 14.7390972469002 14.7928861198016 14.65016631037 14.5533463391475 14.6401257207617 15.0252540507354 14.8251594435424 16.6597186019644 13.734321101103 13.5880153668113 12.9949033949524 13.6353495749645 13.6676228987053 14.851336695021 13.9250923036598 15.4932889634743 16.8590960241854 16.7715994575992 17.6099886898883 17.1947385910898 15.4247260801494
-9999 -9999 -9999 -9999 -9999 -9999 -9999 -9999 -9999 -9999 -9999 -9999 -9999 -9999 -9999 -9999 -9999 -9999 -9999 -9999 -9999 -9999 -9999 -9999 -9999 -9999 -9999 -9999 -9999 -9999 -9999 -9999 -9999 -9999 -9999 -9999 -9999 -9999 14.5821771750227 14.8366344030946 14.5160527206026 14.3783532059751 14.4170811944641 14.3123721885495 13.4847407308407 13.8655659509823 15.5100710918196 16.1053346185945 13.6816080056597 13.7551194652915 14.2779473098926 14.1761070438661 13.2200994761661 13.4646595516242 13.4288003030233 14.1000854368322 14.1216009859927 13.7206945866346 16.0759300347418 18.31785025727 18.277687898837 16.7751853824593
-9999 -9999 -9999 -9999 -9999 -9999 -9999 -9999 -9999 -9999 -9999 -9999 -9999 -9999 -9999 -9999 -9999 -9999 -9999 -9999 -9999 -9999 -9999 -9999 -9999 -9999 -9999 -9999 -9999 -9999 -9999 -9999 -9999 -9999 -9999 -9999 -9999 -9999 15.607608248014 14.8940092008561 14.4687185124494 13.8411816619337 13.7500991704874 13.7823724942282 13.5119937597774 14.0233466448262 14.9958494668826 14.6630756398663 13.4460127423517 13.5413983436301 15.0051728715189 15.7725607915781 15.7001251094043 13.6331980200484 13.9114657891914 13.7393413959071 13.3965269792825 16.7199621396139 15.8550370633602 18.3056581127457 17.322397516109 17.7785271583125
-9999 -9999 -9999 -9999 -9999 -9999 -9999 -9999 -9999 -9999 -9999 -9999 -9999 -9999 -9999 -9999 -9999 -9999 -9999 -9999 -9999 -9999 -9999 -9999 -9999 -9999 -9999 -9999 -9999 -9999 -9999 -9999 -9999 -9999 -9999 -9999 -9999 14.3520325175021 15.289178120438 15.0360118253157 14.7333597671241 13.9932248760015 13.617419950664 13.4130222336389 14.09219640214 13.3169194473885 13.4316690429114 14.0326700494625 14.0878932923079 14.6042664721608 14.1273384657688 14.3001800440252 14.4766075471416 14.5203558304347 14.2349162115715 13.6747947484255 15.3415326233953 16.0676824075636 15.7151859938167 17.8717612046748 17.5461592273787 17.0118564232253
-9999 -9999 -9999 -9999 -9999 -9999 -9999 -9999 -9999 -9999 -9999 -9999 -9999 -9999 -9999 -9999 -9999 -9999 -9999 -9999 -9999 -9999 -9999 -9999 -9999 -9999 -9999 -9999 -9999 -9999 -9999 -9999 -9999 -9999 -9999 -9999 -9999 14.7649159058928 14.9262825245969 14.9793542125262 14.6673787496984 14.5884884027764 13.9896389511414 13.7479476155713 13.8390301070176 14.8997466806322 13.6267433553003 14.7154301428236 13.9121829741634 14.4393139285967 14.2987456740811 14.0061342054978 14.1603289744817 14.6559037901461 14.6544694202021 14.7390972469002 15.9948881329037 15.7051454042085 17.28008360276 15.804834115319 18.0395824881271 16.9265114115551
-9999 -9999 -9999 -9999 -9999 -9999 -9999 -9999 -9999 -9999 -9999 -9999 -9999 -9999 -9999 -9999 -9999 -9999 -9999 -9999 -9999 -9999 -9999 -9999 -9999 -9999 -9999 -9999 -9999 -9999 -9999 -9999 -9999 -9999 -9999 8.71949617042026 14.3419919278938 15.1174123196397 14.4658497725613 14.5755790732801 14.4278389690444 14.7383800619282 14.1653492692858 13.8748893556185 14.1961882230826 14.2578661306761 14.0333872344345 13.7228461415507 13.8354441821575 13.9466078528203 14.0563371535391 14.054185598623 14.3604235816747 14.5354167148471 15.1672566751949 15.0955381779931 16.2939542662352 16.0960112139583 15.8378246240318 16.0967283989303 17.2693258281797 16.960936290212
-9999 -9999 -9999 -9999 -9999 -9999 -9999 -9999 -9999 -9999 -9999 -9999 -9999 -9999 -9999 -9999 -9999 -9999 -9999 -9999 -9999 -9999 -9999 -9999 -9999 -9999 -9999 -9999 -9999 -9999 -9999 -9999 -9999 -9999 -9999 13.7453509113623 15.6664174157195 14.8086641891859 14.6982177034952 14.2083803676069 14.2815332347527 14.0735495928675 14.1825617086142 14.6716818595305 15.0575273744762 15.2023987388238 13.975295251701 14.2227240670472 14.1022369917482 14.1467024600133 14.2994628590532 14.291573824361 14.4436170384288 15.2604907215573 15.2231971030124 15.5724661843851 16.0701925549656 15.9855647282675 16.3498946940526 16.9136020820588 17.4077425277792 17.4077425277792
-9999 -9999 -9999 -9999 -9999 -9999 -9999 -9999 -9999 -9999 -9999 -9999 -9999 -9999 -9999 -9999 -9999 -9999 -9999 -9999 -9999 -9999 -9999 -9999 -9999 -9999 -9999 -9999 6.55935432086699 9.10998789468584 12.8821335408234 14.3683126163669 14.5780892206822 11.801966360658 14.2182160472231 14.9174875720453 13.2266437890357 14.5497604142874 14.570558778476 14.5992461773567 14.4622638477013 14.4314248939045 14.5791649981402 14.8352000331506 14.7893001949415 15.1134678022936 15.0675679640844 14.5956602524966 14.2750785700046 14.3640095065348 14.3948484603316 14.4658497725613 14.1517227548175 14.9169591199607 15.3494216580875 15.6047395081259 16.0644550751895 16.0673238150775 17.1545762326568 17.9033173434436 17.5174718284979 17.9900967250578
-9999 -9999 -9999 -9999 -9999 -9999 -9999 -9999 -9999 -9999 -9999 -9999 -9999 -9999 -9999 -9999 -9999 -9999 -9999 -9999 -9999 -9999 12.088968378026 14.0078554494306 14.039268151205 13.9764427476563 15.3415326233953 15.3730887621641 15.4010589760728 14.3109378186055 15.0123447212391 15.3103350771125 14.530755012529 14.4434377421858 14.1068986940663 14.2385021364316 14.4457685933448 14.5849024779163 14.2055116277188 14.5684072235599 14.5633869287558 14.6315195010975 14.4034546799958 14.6616412699223 14.7046723682433 15.2640766464174 15.1665394902229 14.5009918361902 15.249732946977 14.8172704088502 14.4199499343522 14.4450514083728 15.1902065942995 15.4627368836664 15.1823175596073 15.9375133351423 15.806985670235 14.5519119692035 17.5296639730223 14.1449996838346 -9999 -9999
-9999 -9999 -9999 -9999 -9999 -9999 -9999 -9999 -9999 -9999 -9999 -9999 -9999 -9999 -9999 -9999 -9999 -9999 -9999 -9999 -9999 12.8630130785983 15.1510004824959 15.5882442537695 15.5502334502526 15.4971617623232 15.3917355714366 15.3999831986148 15.1084475074895 15.368785652332 15.1672566751949 14.7849970851094 14.3399838099722 14.291573824361 14.0446828977438 14.1092295452254 14.0988303631311 14.1122775813565 14.3417767724022 14.3833735007793 15.1478926809505 14.9858088772744 16.285348046571 16.2251045089215 15.9948881329037 15.4297463749535 15.5760521092452 15.6750236353837 15.4792321380228 15.5602740398608 15.5652943346649 15.5050507970154 14.5433057495393 14.7950376747176 14.6853083739989 15.5036164270714 15.3049996579066 -9999 -9999 -9999 -9999 -9999
-9999 -9999 -9999 -9999 -9999 -9999 -9999 -9999 -9999 -9999 -9999 -9999 -9999 -9999 -9999 -9999 -9999 6.88018432352692 14.5816751455422 13.6098496648483 14.6458632005379 14.5473697977141 15.3094983613119 15.2959913776722 15.0054119331762 14.8552812123671 15.3178655193187 15.3562349153217 15.4960859848652 15.4412213345058 15.2346720625646 15.1450239410624 14.7749564955011 15.4297463749535 14.331736182794 14.2593005006202 14.2410122838337 14.0287255321164 14.6824396341108 16.2968230061233 16.1017486937344 16.1462141619995 16.2509231679142 15.966917918995 15.9511398496106 15.6549424561672 15.7840357511304 15.0930280305911 14.812250114046 14.9044083829504 14.9850916923024 14.6336710560136 13.634999695234 -9999 -9999 -9999 -9999 -9999 -9999 -9999 -9999 -9999
-9999 -9999 -9999 -9999 -9999 -9999 -9999 -9999 -9999 -9999 -9999 -9999 -9999 6.32135525723572 -9999 -9999 8.07499981950969 13.7077852571383 13.6387920628302 15.3750012554228 16.3498946940526 15.0202337559313 15.156737962272 15.3467919798568 15.315235841088 15.4426557044499 14.850978102535 14.732642582152 14.9449293338694 15.5652943346649 15.4293877824675 15.1948682966176 14.4593951078132 14.7046723682433 14.5644627062138 14.5691244085319 14.6541108277161 14.9883190246765 16.2903683413751 16.5958891394548 16.4546036999673 16.442411555443 16.4746848791838 16.7300027292222 16.6303140181117 13.7300179912709 15.5100710918196 13.9401531880721 14.7333597671241 15.0053521677619 15.3852809066884 14.0799996852875 -9999 -9999 -9999 -9999 -9999 -9999 -9999 -9999 -9999 -9999
-9999 -9999 -9999 -9999 -9999 -9999 -9999 -9999 -9999 -9999 -9999 -9999 -9999 13.9707639466505 11.9449445959181 13.8114184855949 16.0149693121202 13.2955473352224 15.6025879532099 15.4648884385824 15.3365123285912 15.8277840344235 15.6248206873424 15.3329264037311 15.3903012014925 15.3482263498008 15.4422971119639 15.3182241118047 15.170125415083 15.4146854905412 15.4537720715161 14.7986235995777 15.0779671461787 15.3379466985352 14.7993407845497 15.5011062796693 15.8349558841437 15.087649143301 15.526924938662 15.9999084277079 16.8856318681501 16.4761192491278 16.6066469140351 16.4689473994076 16.4574724398553 14.0298013095744 14.649449125398 15.4426557044499 14.4730216222815 13.6798150432296 15.9898678380996 16.5299081220292 13.8799996897578 -9999 -9999 -9999 -9999 -9999 -9999 19.552381731603 19.3499995674938 -9999
-9999 -9999 -9999 -9999 -9999 -9999 -9999 -9999 -9999 -9999 17.2070673801603 15.2808672122329 15.6449018665589 15.8586229882203 14.4626224401873 16.0493941907771 16.1949827400967 16.1756187458523 16.3039948558435 15.7567827221937 15.3551591378637 15.4627368836664 15.5430616005324 15.5100710918196 15.6922360747121 15.7933591557667 16.0174794595223 15.1514786058106 15.2296517677605 15.1780144497752 15.6176488376223 15.6337854994927 15.6588869735133 15.4179128229152 15.3938871263526 15.2511673169211 15.6352198694367 14.8947263858281 15.008758796379 16.1770531157963 16.5722220353782 16.8261055154726 16.9437238508835 16.96021910524 15.5774864791892 15.2913296753541 15.4046449009329 15.4950102074072 15.2719656811096 14.7641987209208 14.4798348795157 13.9489387039794 7.7562074446031 -9999 -9999 -9999 15.4428513003513 16.5442518214695 16.8605303941295 17.7806787132286 17.282235157676 17.7899996023625
-9999 -9999 -9999 -9999 -9999 -9999 -9999 18.3570805528559 14.9867651239038 15.6176488376223 15.0766523070633 15.7431562077254 15.7560655372217 15.7080141440965 15.9611804392189 16.1368907573633 16.0551316705532 16.3384197345003 16.3118838905357 16.3190557402559 15.8736838726327 16.0802331445739 15.7847529361024 15.8127231500112 15.9217352657579 16.0576418179553 15.5251319762319 15.5473647103645 15.1521957907826 15.3250373690389 15.3400982534513 15.2748344209976 14.9650105130859 15.2307275452185 15.1909237792715 15.2999358950183 15.4971617623232 16.0752128497697 16.0895565492101 15.5315866409801 16.3025604858994 16.1426282371394 17.001098648645 16.9315317063592 16.4754020641558 16.3886226825416 16.3541978038847 16.286065231543 15.9468367397785 16.047242635861 15.9977568727918 15.5602740398608 15.209570588544 13.3468757119889 16.0902737341821 16.1906796302646 16.2071748846211 16.9387035560794 16.3326822547242 16.48400828382 16.7378917639144 16.4241509226939
-9999 -9999 -9999 -9999 -9999 15.1347442897968 14.9509058753029 14.8837295495905 15.5602740398608 15.6635486758314 15.8442792887799 15.9891506531276 16.0250099017285 15.9748069536872 15.5330210109241 16.1168095781468 16.0422223410569 16.2896511564031 16.2681356072426 16.2530747228302 16.3699758732691 16.0909909191541 15.9152806010097 15.7582170921378 15.7732779765502 16.0601519653574 15.9217352657579 15.9575945143588 15.9898678380996 15.5782036641613 15.3659169124439 15.1062959525734 14.7355113220401 14.7598956110887 14.1775414138101 15.4799493229948 15.7245093984529 15.8708151327446 16.1311532775871 16.1641437863 16.2372966534458 16.1777703007683 16.1921140002087 16.1304360926151 16.5162816075608 16.7357402089983 16.8677022438496 16.6116672088392 16.4122897866182 16.2810449367389 15.8507339535281 15.4039277159609 15.6040223231539 15.7826013811864 16.0967283989303 16.3219244801439 16.3972289022058 16.3556321738288 16.4933316884562 16.5614642607979 16.5162816075608 16.6805169661529
-9999 -9999 -9999 -9999 -9999 15.2673039787915 15.9877162831835 15.9073915663175 15.9353617802262 15.8277840344235 15.9848475432955 15.7116000689566 15.6040223231539 16.0917081041262 16.2107608094811 16.2236701389775 16.086687809322 15.8277840344235 16.1799218556844 16.0343333063647 16.2236701389775 16.0006256126799 16.0536973006092 16.1713156360202 15.9898678380996 16.1756187458523 16.0902737341821 16.047242635861 16.0673238150775 15.9791100635193 15.5301522710361 15.3795434269123 15.2683797562495 14.9262825245969 15.0797601086088 15.6305581671186 15.8622089130804 16.0099490173161 16.0221411618404 16.0651722601615 16.2236701389775 16.2631153124385 15.9575945143588 16.163426601328 16.444563110359 16.4732505092397 17.0218970128335 16.9853205792606 16.24590287311 16.2896511564031 16.2530747228302 15.9532914045267 15.7912076008506 15.8399761789478 16.1835077805445 16.0192724219523 15.9497054796666 15.9984740577638 16.2631153124385 16.3341166246682 16.2788933818229 16.3427228443325
-9999 -9999 -9999 -9999 -9999 15.9869990982115 15.9776756935753 16.0228583468124 16.0630207052454 15.924604005646 16.1089205434546 16.2968230061233 16.2100436245091 15.5459303404205 15.7037110342644 16.3140354454517 16.1591234914958 16.084536254406 16.2147053268272 15.8249152945355 16.0099490173161 16.0006256126799 15.9719382137991 16.1383251273073 16.0637378902175 16.0601519653574 16.0744956647977 15.9834131733514 15.8385418090038 15.9683522889391 15.5875270687975 15.3594622476958 15.2583391666412 15.2626422764733 15.4505447391421 15.9532914045267 16.0192724219523 16.1146580232307 16.1849421504885 16.1949827400967 16.3879054975696 16.4130069715902 16.0343333063647 16.2638324974105 16.1397594972514 16.5026550930925 16.5076753878966 16.8368632900529 16.3039948558435 16.3663899484091 16.5012207231484 16.524170642253 16.4675130294636 16.1677297111601 16.1117892833427 15.9683522889391 15.808420040179 15.9281899305061 15.9862819132395 16.2086092545651 16.2164982892573 16.2867824165151
-9999 -9999 -9999 -9999 -9999 16.2272560638376 16.0651722601615 15.9002197165973 15.8299355893396 15.7603686470538 15.7474593175575 15.9705038438551 15.4849696177989 15.6915188897401 15.9446851848625 15.5875270687975 16.2179326592013 16.0142521271482 16.204306144733 16.0235755317844 16.0020599826239 16.0221411618404 15.9762413236313 16.1160923931748 16.164860971272 16.2545090927742 16.1433454221115 16.0142521271482 15.9604632542469 15.9382305201143 15.5810724040493 15.0324259004556 15.2188939931802 15.4139683055691 15.569597444497 15.6341440919787 15.5423444155604 15.8177434448153 16.0981627688743 16.0486770058051 16.2100436245091 16.2932370812632 15.807702855207 16.3154698153958 15.8901791269891 16.0888393642381 16.4596239947714 16.4754020641558 16.4323709658347 16.7751853824593 16.6389202377759 16.7300027292222 16.6927091106772 16.2573778326623 16.643223347608 16.0680410000496 16.0522629306652 15.9941709479317 16.1548203816637 16.2509231679142 16.0902737341821 16.0716269249097
-9999 -9999 -9999 -9999 -9999 16.08597062435 15.8937650518492 16.0199896069244 16.1727500059642 15.9410992600024 15.8729666876607 15.9583116993308 15.8019653754309 16.0221411618404 16.0479598208331 15.808420040179 16.2595293875784 16.0974455839023 16.1160923931748 15.9826959883794 16.1756187458523 16.1125064683147 16.0666066301055 15.9375133351423 16.1297189076431 16.1899624452926 16.2222357690334 16.1275673527271 15.7531967973337 16.0709097399376 15.9131290460937 16.0006256126799 15.8959166067652 16.2272560638376 15.8392589939758 15.6721548954956 15.6922360747121 15.7402874678373 15.7876216759905 16.0995971388184 15.1070131375454 16.0737784798257 15.9590288843028 16.5306253070012 16.2796105667949 16.3276619599201 15.9948881329037 16.2925198962912 16.3118838905357 16.762276052963 16.7127902898937 16.8877834230661 16.6059297290631 16.6876888158731 16.7414776887745 16.166295341216 16.0960112139583 15.9977568727918 16.0350504913367 16.3018433009274 16.1304360926151 16.2164982892573
