EcologicalScience/Bass/data/rs_data_bass/sst_52.asc
NCOLS 226 
NROWS 124 
XLLCORNER -9.41648524995501 
YLLCORNER 47.587301625531 
CELLSIZE 0.0833 
NODATA_value -9999 
[rows 0 to 26 of 124, columns 0 to 61 of 226]
-9999.000000000000000 -9999 -9999 -9999 -9999 -9999 -9999 -9999 -9999 -9999 -9999 -9999 -9999 -9999 -9999 -9999 -9999 -9999 -9999 -9999 -9999 -9999 -9999 -9999 -9999 -9999 -9999 -9999 -9999 -9999 -9999 -9999 -9999 -9999 -9999 -9999 -9999 -9999 -9999 -9999 -9999 -9999 -9999 -9999 -9999 -9999 -9999 -9999 -9999 -9999 -9999 -9999 -9999 -9999 -9999 -9999 -9999 -9999 -9999 -9999 -9999 -9999
-9999 -9999 -9999 -9999 -9999 -9999 -9999 -9999 -9999 -9999 -9999 -9999 -9999 -9999 -9999 -9999 -9999 -9999 -9999 -9999 -9999 -9999 -9999 -9999 -9999 -9999 -9999 -9999 -9999 -9999 -9999 -9999 -9999 -9999 -9999 -9999 -9999 -9999 -9999 -9999 -9999 -9999 -9999 -9999 -9999 -9999 -9999 -9999 -9999 -9999 -9999 -9999 -9999 -9999 -9999 -9999 -9999 -9999 -9999 -9999 -9999 -9999
-9999 -9999 -9999 -9999 -9999 -9999 -9999 -9999 -9999 -9999 -9999 -9999 -9999 -9999 -9999 -9999 -9999 -9999 -9999 -9999 -9999 -9999 -9999 -9999 -9999 -9999 -9999 -9999 -9999 -9999 -9999 -9999 -9999 -9999 -9999 -9999 -9999 -9999 -9999 -9999 -9999 -9999 -9999 -9999 -9999 -9999 -9999 -9999 -9999 -9999 -9999 -9999 -9999 -9999 -9999 -9999 -9999 -9999 -9999 -9999 -9999 -9999
-9999 -9999 -9999 -9999 -9999 -9999 -9999 -9999 -9999 -9999 -9999 -9999 -9999 -9999 -9999 -9999 -9999 -9999 -9999 -9999 -9999 -9999 -9999 -9999 -9999 -9999 -9999 -9999 -9999 -9999 -9999 -9999 -9999 -9999 -9999 -9999 -9999 -9999 -9999 -9999 -9999 -9999 -9999 -9999 -9999 -9999 -9999 -9999 -9999 -9999 -9999 -9999 -9999 -9999 -9999 -9999 -9999 -9999 -9999 -9999 -9999 -9999
-9999 -9999 -9999 -9999 -9999 -9999 -9999 -9999 -9999 -9999 -9999 -9999 -9999 -9999 -9999 -9999 -9999 -9999 -9999 -9999 -9999 -9999 -9999 -9999 -9999 -9999 -9999 -9999 -9999 -9999 -9999 -9999 -9999 -9999 -9999 -9999 -9999 -9999 -9999 -9999 -9999 -9999 -9999 -9999 -9999 -9999 -9999 -9999 -9999 -9999 -9999 -9999 -9999 -9999 -9999 -9999 -9999 -9999 -9999 -9999 -9999 -9999
-9999 -9999 -9999 -9999 -9999 9.02999979816377 9.11499979626387 9.09999979659915 9.11499979626387 9.06874979729764 9.05999979749322 8.67499980609864 8.68499980587512 8.69499980565161 8.6099998075515 8.49499981012195 8.3799998126924 8.5062498098705 8.32124981400557 8.1974998167716 7.71599982753396 7.74499982688576 7.64999982900918 7.56499983090907 11.5793330745151 10.7262118814626 8.20749981654808 8.30499981436878 8.40249981218949 8.37749981274828 8.32874981383793 8.34999981336296 11.6959088294852 12.5637875979653 12.3249997245148 6.84301716559812 10.2870585935957 12.2299997266382 10.1712497726548 8.14692289482516 8.09999981895089 9.3062497919891 9.31374979182146 13.5467496972065 -9999 -9999 -9999 -9999 -9999 -9999 -9999 -9999 -9999 -9999 -9999 -9999 -9999 -9999 -9999 -9999 -9999 -9999
-9999 -9999 -9999 -9999 -9999 9.10499979648739 9.07499979715794 8.9849997991696 8.95999979972839 8.91999980062246 9.1237497960683 8.73499980475754 8.74999980442226 8.78999980352819 8.76999980397522 8.69499980565161 8.55124980886467 7.94999982230365 7.94999982230365 7.58999983035028 8.16444426195489 8.35642838464784 8.31785695693855 9.22190455577913 8.92041646727982 8.0359998203814 8.18999981693923 8.25749981543049 8.39999981224537 8.4524998110719 8.47499981056899 8.42249981174245 8.73999980464578 12.0105879668366 11.8929409106426 13.0886483560946 12.0099997315556 -9999 11.45764019334 12.561738849658 11.2262066456264 7.96916648854191 7.96916648854191 11.0946872520144 10.6609997617081 13.0934612457999 -9999 -9999 -9999 -9999 -9999 -9999 -9999 -9999 -9999 -9999 -9999 -9999 -9999 -9999 -9999 -9999
-9999 -9999 -9999 -9999 -9999 9.11499979626387 9.09999979659915 9.0699997972697 9.03999979794025 8.87999980151653 8.80499980319291 8.78999980352819 8.80999980308115 8.80499980319291 8.79499980341643 8.74499980453402 8.8722220239126 8.18499981705099 8.18499981705099 7.28499983716756 7.5219998318702 7.27899983730167 7.25399983786046 7.6215382911838 10.6810342440189 10.651211883139 8.30499981436878 8.34999981336296 8.51749980961904 8.49999981001019 8.45499981101602 8.32499981392175 8.31499981414527 7.91999982297421 8.05999981984496 8.02999982051551 12.3099997248501 12.3099997248501 12.0549997305498 11.2079409259536 11.1153997515515 13.6687176431983 10.4882756276377 10.5048273514057 11.4142644507537 12.1549997283146 -9999 -9999 -9999 -9999 -9999 -9999 -9999 -9999 -9999 -9999 -9999 -9999 -9999 -9999 -9999 -9999
-9999 -9999 -9999 -9999 -9999 9.30999979190528 9.19999979436398 9.11499979626387 8.97499979939312 8.93499980028719 8.94999979995191 8.9249998005107 8.93499980028719 8.86999980174005 8.76499980408698 8.68999980576336 8.50999980978668 8.24499981570989 8.27999981492758 8.25124981557019 8.13499981816858 8.09374981909059 6.06099986452609 6.75999984890223 9.65484353419743 8.44166647798071 8.40249981218949 8.39999981224537 8.21374981640838 8.07999981939793 8.12999981828034 8.08999981917441 8.33499981369823 8.33624981367029 8.05999981984496 8.22999981604517 8.2477270883762 11.8649997347966 11.6499997396022 11.6499997396022 12.5649997191504 12.5649997191504 12.2149997269735 12.2149997269735 11.5699997413903 11.5699997413903 9.33499979134649 -9999 -9999 -9999 -9999 -9999 -9999 -9999 -9999 -9999 -9999 -9999 -9999 -9999 -9999 -9999
-9999 -9999 -9999 -9999 -9999 9.55999978631735 9.30499979201704 9.05499979760498 8.88499980140477 8.91999980062246 8.96999979950488 8.9249998005107 8.95499979984015 8.88999980129302 8.8149998029694 8.73999980464578 8.58999980799854 7.75499982666224 8.12999981828034 8.13499981816858 7.62999982945621 8.11749981855974 8.19399981684983 8.11549981860444 6.4103569995745 7.97499982174486 8.31999981403351 7.31999983638525 8.01999982073903 8.43499981146306 8.24499981570989 8.14499981794506 8.25749981543049 8.039999820292 8.0649998197332 8.00999982096255 7.76499982643872 8.32499981392175 8.05499981995672 7.92749982280657 7.90249982336536 13.4129997001961 10.8249997580424 8.59685165969724 13.1249997066334 13.0599997080863 12.0949997296557 -9999 -9999 -9999 -9999 -9999 -9999 -9999 -9999 -9999 -9999 -9999 -9999 -9999 -9999 -9999
-9999 -9999 -9999 -9999 -9999 9.46499978844076 9.36999979056418 9.31727251901545 8.85499980207533 8.85499980207533 8.90999980084598 9.05499979760498 8.95999979972839 8.68499980587512 8.78499980363995 8.71499980520457 8.55499980878085 8.4399998113513 8.33499981369823 8.17999981716275 7.87499982398003 7.50499983225018 7.2649998376146 8.82761885030639 8.22380933999306 8.31590890503404 8.37499981280416 8.57499980833381 8.50999980978668 8.46999981068075 8.38499981258065 8.39999981224537 8.21749981632456 8.27249981509522 7.99999982118607 7.99999982118607 8.35999981313944 8.26499981526285 8.20624981657602 7.92499982286245 7.92499982286245 7.89249982358888 7.4474998335354 9.54130413456132 12.1799997277558 12.039999730885 -9999 -9999 -9999 -9999 -9999 -9999 -9999 -9999 -9999 -9999 -9999 -9999 -9999 -9999 -9999 -9999
-9999 -9999 -9999 -9999 -9999 9.52499978709966 8.99363616261293 9.26499979291111 9.13699979577214 8.77399980388582 8.8399998024106 8.91499980073422 8.99499979894608 9.05499979760498 8.61499980743974 8.56499980855733 8.54999980889261 8.39499981235713 8.43499981146306 8.05499981995672 7.74499982688576 7.73499982710928 8.18249981710687 10.3519228455396 8.38999981246889 8.49499981012195 8.18999981693923 8.16999981738627 8.16999981738627 8.2099998164922 8.18999981693923 8.02999982051551 8.08499981928617 8.15499981772155 8.37499981280416 7.92499982286245 7.95999982208014 8.19299981687218 8.14249981800094 8.08749981923029 7.97249982180074 7.84499982465059 7.84499982465059 12.0821425870859 12.3199997246265 12.4499997217208 12.2549997260794 -9999 -9999 -9999 -9999 -9999 -9999 -9999 -9999 -9999 -9999 -9999 -9999 -9999 -9999 -9999
-9999 -9999 -9999 -9999 -9999 9.38187479029875 8.69999980553985 9.48249978804961 9.11499979626387 9.06499979738146 8.75833313756933 8.7066664720575 9.06499979738146 9.01999979838729 9.02499979827553 8.51499980967492 8.65999980643392 8.49499981012195 8.44999981112778 8.13999981805682 8.29999981448054 8.24749981565401 8.33249981375411 9.03999979794025 9.03999979794025 8.32999981380999 8.38999981246889 8.39499981235713 8.2949998145923 8.18499981705099 8.28624981478788 7.84499982465059 7.82999982498586 7.81999982520938 7.19999983906746 7.31499983649701 7.1449998402968 7.0599998421967 8.06749981967732 7.95499982219189 7.64499982912093 7.63749982928857 8.02999982051551 8.86152154105999 11.9649997325614 12.1299997288734 -9999 -9999 -9999 -9999 -9999 -9999 -9999 -9999 -9999 -9999 -9999 -9999 -9999 -9999 -9999 -9999
-9999 -9999 -9999 -9999 -9999 9.13499979581684 8.58249980816618 8.55999980866909 9.11499979626387 8.88416646809007 8.70874980534427 9.05499979760498 9.3849997902289 9.0449997978285 8.86499980185181 8.36499981302768 8.53499980922788 8.47499981056899 8.2949998145923 8.22999981604517 8.30499981436878 8.89499980118126 8.34499981347471 8.24499981570989 8.1499998178333 8.20499981660396 8.33499981369823 8.65499980654567 8.59499980788678 8.57799980826676 8.45399981103838 8.13499981816858 8.44999981112778 8.53499980922788 7.30499983672053 7.36499983537942 7.84499982465059 8.04999982006848 8.02999982051551 7.96999982185662 7.90499982330948 8.29888870339427 8.39107124101637 11.8749997345731 11.8749997345731 -9999 -9999 -9999 -9999 -9999 -9999 -9999 -9999 -9999 -9999 -9999 -9999 -9999 -9999 -9999 -9999 -9999
-9999 -9999 -9999 -9999 -9999 8.93249980034307 8.14499981794506 8.25499981548637 9.2999997921288 9.2999997921288 8.80916646976645 8.55999980866909 8.62749980716035 8.90999980084598 8.90999980084598 8.70999980531633 8.44999981112778 8.17999981716275 8.25499981548637 8.32999981380999 8.30499981436878 8.30499981436878 8.85999980196357 8.76999980397522 8.64249980682507 5.59999987483025 6.81999984756112 8.6099998075515 8.6099998075515 8.59899980779737 8.8149998029694 8.78999980352819 8.72499980498105 8.50999980978668 8.19999981671572 8.18499981705099 8.03249982045963 7.59999983012676 7.59999983012676 11.8056893912947 11.8162497358862 11.2999997474253 11.604999740608 11.5999997407198 11.6649997392669 11.6899997387081 -9999 -9999 -9999 -9999 -9999 -9999 -9999 -9999 -9999 -9999 -9999 -9999 -9999 -9999 -9999 -9999
-9999 -9999 -9999 -9999 -9999 9.85142835123198 8.44499981123954 8.90583313427245 8.91749980067834 9.24999979324639 9.22499979380518 8.8158331362841 8.9849997991696 8.90999980084598 8.86499980185181 8.37499981280416 8.35999981313944 8.31499981414527 8.34999981336296 8.40499981213361 8.37499981280416 8.37499981280416 8.89749980112538 9.07499979715794 7.9799998216331 7.95499982219189 7.75499982666224 7.90999982319772 7.39499983470887 7.58499983046204 8.21999981626868 8.72499980498105 8.71499980520457 7.88999982364476 8.02374982065521 7.63999982923269 7.65499982889742 7.67499982845038 7.48999983258545 7.3749998351559 12.7391663819241 12.7474997150712 11.1849997499958 -9999 -9999 -9999 -9999 13.2249997043982 13.2249997043982 -9999 -9999 -9999 -9999 -9999 -9999 -9999 -9999 -9999 -9999 -9999 -9999 -9999
-9999 -9999 -9999 -9999 -9999 9.96499977726489 9.77499978151172 9.6999997831881 9.34999979101121 9.50999978743494 9.53499978687614 8.92999980039895 9.08499979693443 8.80499980319291 8.78999980352819 8.65499980654567 8.49999981001019 8.57499980833381 8.52999980933964 8.57499980833381 8.48499981034547 8.48499981034547 8.49499981012195 7.65999982878566 7.68499982822686 7.45499983336776 7.69499982800335 7.66999982856214 7.6649998286739 7.82499982509762 8.20499981660396 7.64749982906505 7.62749982951209 8.07374981953762 8.10124981892295 7.98499982152134 7.92249982291833 10.5486954163922 13.8649996900931 -9999 -9999 -9999 -9999 -9999 -9999 -9999 -9999 -9999 -9999 -9999 -9999 -9999 -9999 -9999 -9999 -9999 -9999 -9999 -9999 -9999 -9999 -9999
-9999 -9999 -9999 -9999 -9999 9.69499978329986 8.76583313740169 9.35333312427004 8.78499980363995 9.16499979514629 9.14999979548156 9.59499978553504 9.6999997831881 8.90499980095774 8.90499980095774 8.75999980419874 8.75999980419874 8.33499981369823 8.38499981258065 8.46499981079251 8.48999981023371 8.46999981068075 8.52999980933964 9.30999979190528 8.68499980587512 8.07499981950969 8.039999820292 8.07999981939793 7.80499982554466 7.64299982916564 8.00624982104637 8.71999980509281 8.06999981962144 8.03499982040375 7.93999982252717 7.88999982364476 7.77999982610345 7.51124983211048 7.37541650181326 7.47266649963955 11.6199997402728 -9999 -9999 -9999 -9999 -9999 -9999 -9999 -9999 -9999 -9999 -9999 -9999 -9999 -9999 -9999 -9999 -9999 -9999 -9999 -9999 -9999
-9999 -9999 -9999 -9999 -9999 9.3849997902289 9.65499978419393 9.57999978587031 9.32499979157001 9.38999979011714 9.23999979346991 9.30999979190528 9.34999979101121 8.8999998010695 9.13749979576096 9.10249979654327 8.04499982018024 8.01999982073903 8.1499998178333 8.44999981112778 8.61999980732799 8.6699998062104 8.39499981235713 7.93999982252717 8.32499981392175 8.32999981380999 8.33499981369823 8.4399998113513 8.38499981258065 8.13499981816858 8.1374998181127 8.12999981828034 8.09499981906265 7.84249982470647 7.56249983096495 7.89999982342124 7.75999982655048 7.81999982520938 7.8099998254329 12.5749997189268 11.334999746643 -9999 -9999 8.62078928099455 7.46499983314425 7.46499983314425 -9999 -9999 -9999 -9999 -9999 -9999 -9999 -9999 -9999 -9999 -9999 -9999 -9999 -9999 -9999 -9999
-9999 -9999 -9999 -9999 -9999 9.62416645154978 8.85249980213121 9.31999979168177 9.28999979235232 9.30999979190528 9.38999979011714 9.32999979145825 9.26999979279935 9.18999979458749 9.19749979441985 8.70999980531633 8.78999980352819 8.96999979950488 9.02999979816377 8.66499980632216 8.5849998081103 8.47999981045723 8.23999981582165 8.17999981716275 8.24388870462361 8.26227254259654 8.52999980933964 8.52999980933964 8.37499981280416 8.49999981001019 8.45999981090426 8.80499980319291 8.09749981900677 8.05999981984496 8.06999981962144 7.87999982386827 7.49999983236194 8.4209089026871 8.38499981258065 7.80749982548878 8.01249982090667 7.89999982342124 7.87999982386827 7.92249982291833 7.80249982560053 7.98222204380565 -9999 -9999 -9999 -9999 -9999 -9999 -9999 -9999 -9999 -9999 -9999 -9999 -9999 -9999 -9999 -9999
-9999 -9999 -9999 -9999 -9999 9.30499979201704 9.0449997978285 9.16499979514629 9.72699978258461 9.58749978570268 9.49999978765845 9.49999978765845 9.32999979145825 9.11499979626387 9.13749979576096 8.5849998081103 8.89499980118126 8.77999980375171 9.08999979682267 9.07999979704618 8.81249980302528 8.56499980855733 8.56499980855733 8.92611091159698 8.50499980989844 8.50499980989844 8.55999980866909 8.67999980598688 8.58999980799854 8.5849998081103 8.41499981191009 8.22999981604517 8.1249998183921 7.51499983202666 8.12999981828034 8.05499981995672 7.87999982386827 7.88999982364476 7.89749982347712 7.91499982308596 7.95499982219189 7.84499982465059 7.65999982878566 7.55499983113259 7.50999983213842 13.4786953509016 -9999 -9999 -9999 -9999 -9999 -9999 -9999 -9999 -9999 -9999 -9999 -9999 -9999 -9999 -9999 -9999
-9999 -9999 -9999 -9999 -9999 9.55499978642911 9.57333311935266 10.0199997760355 9.51916645389671 9.57999978587031 9.23499979358166 9.23499979358166 9.12499979604036 9.13499979581684 9.22999979369342 8.85499980207533 8.73499980475754 9.0699997972697 8.62999980710447 8.77999980375171 9.36499979067594 9.36499979067594 9.33499979134649 9.00499979872257 9.0449997978285 8.70499980542809 8.72999980486929 8.67499980609864 8.6099998075515 8.6099998075515 7.86999982409179 7.75499982666224 7.93399982266128 8.01499982085079 8.01999982073903 7.63499982934445 7.91499982308596 6.89499984588474 7.54999983124435 7.62499982956797 7.72999982722104 7.82999982498586 7.64499982912093 7.53499983157963 8.24523791094266 7.2649998376146 7.2649998376146 -9999 -9999 -9999 -9999 -9999 -9999 -9999 10.9150669761002 -9999 -9999 -9999 -9999 -9999 -9999 -9999
-9999 -9999 -9999 -9999 -9999 9.59749978547916 9.54833311991145 9.2964283636372 9.25571407883295 9.09833312996974 9.09666646334032 8.56999980844557 8.95499979984015 8.98999979905784 9.0449997978285 8.62999980710447 8.59999980777502 8.5849998081103 8.3549998132512 9.46999978832901 9.46999978832901 9.07124979724176 8.99999979883432 9.10999979637563 8.99999979883432 8.31499981414527 8.68499980587512 8.8149998029694 8.42499981168658 8.34499981347471 8.14499981794506 8.08999981917441 8.08499981928617 8.20499981660396 8.0649998197332 8.0649998197332 7.81249982537702 7.75249982671812 7.48999983258545 7.46499983314425 7.64499982912093 7.76499982643872 7.53199983164668 8.19555537237061 7.40499983448535 7.32499983627349 11.2048097047955 -9999 -9999 -9999 -9999 -9999 -9999 -9999 -9999 -9999 -9999 -9999 -9999 -9999 -9999 -9999
-9999 -9999 -9999 -9999 -9999 10.0999997742474 10.1158331072268 9.05083313103144 9.01416646518434 8.98416646585489 9.0735712257613 9.05687479756307 9.00928551291249 9.07999979704618 8.20249981665984 8.49249981017783 8.53999980911613 8.54499980900437 8.82999980263412 8.98999979905784 8.74999980442226 8.46999981068075 8.35999981313944 8.51499980967492 8.69499980565161 9.13999979570508 8.7549998043105 8.72999980486929 8.85999980196357 8.48499981034547 8.10999981872737 8.14499981794506 8.11499981861562 8.09499981906265 7.97499982174486 8.00999982096255 7.95499982219189 7.9799998216331 8.02499982062727 7.97499982174486 7.749999826774 7.33499983604997 7.55999983102083 7.55999983102083 7.97749982168898 11.0240320116582 -9999 8.54192963363439 8.54192963363439 16.5703567724808 -9999 -9999 -9999 10.3728701385186 10.5760645784213 -9999 -9999 -9999 -9999 -9999 -9999 -9999
-9999 -9999 -9999 -9999 -9999 9.70874978299253 9.50499978754669 9.52299978714436 9.31499979179353 9.28499979246408 9.43499978911132 8.98999979905784 9.03499979805201 9.1549997953698 9.22499979380518 8.42399981170893 8.48599981032312 8.98999979905784 8.9249998005107 8.8999998010695 8.8999998010695 8.74499980453402 8.69999980553985 8.54999980889261 9.19499979447573 9.19499979447573 9.12499979604036 8.78999980352819 8.25999981537461 7.33999983593822 7.13999984040856 7.61499982979149 7.83999982476234 7.99499982129782 7.98499982152134 7.99999982118607 7.94999982230365 7.88999982364476 7.76999982632697 -9999 -9999 8.37884596656435 8.19166648356865 7.70499982777983 7.70499982777983 12.0663633666594 -9999 15.4266342705725 15.4266342705725 -9999 -9999 -9999 7.05136347875338 7.27416650407637 7.36583316869413 -9999 -9999 -9999 -9999 -9999 -9999 -9999
-9999 -9999 -9999 -9999 -9999 9.73999978229403 9.68333311689397 9.67249978380278 9.20499979425222 9.20499979425222 9.14499979559332 9.03999979794025 9.0699997972697 9.1299997959286 9.10999979637563 9.10499979648739 9.12249979609624 9.08499979693443 9.01999979838729 9.13999979570508 9.17499979492277 8.79999980330467 8.75249980436638 8.73749980470166 8.49999981001019 8.49999981001019 8.27499981503934 7.15999983996153 7.36499983537942 7.58999983035028 7.53499983157963 7.05499984230846 8.30999981425703 8.29999981448054 7.90249982336536 8.11833315187444 12.4015786701715 -9999 7.8349998248741 -9999 11.7902938541134 7.99999982118607 7.99499982129782 7.83999982476234 7.85999982431531 7.91999982297421 7.32999983616173 -9999 11.8410523669108 8.13454527272419 8.17499981727451 8.17499981727451 7.65499982889742 7.56676453675198 7.63208316274298 -9999 -9999 -9999 -9999 -9999 -9999 -9999
-9999 -9999 -9999 -9999 -9999 8.27249981509522 8.537499809172 9.11214265347059 9.34749979106709 9.45499978866428 9.44749978883192 9.45499978866428 9.45499978866428 9.30999979190528 9.15166646211098 9.04999979771674 8.79666647004584 8.43833314472189 9.09999979659915 9.09999979659915 8.71749980514869 8.44299981128424 8.2949998145923 8.3549998132512 8.18199981711805 8.16999981738627 8.50999980978668 8.51499980967492 8.41999981179833 8.31999981403351 8.19999981671572 7.78999982587993 8.35999981313944 8.30499981436878 8.20499981660396 7.98249982157722 7.99499982129782 8.3831816308031 -9999 12.6499997172505 8.18499981705099 7.86499982420355 7.86499982420355 7.75999982655048 7.71499982755631 7.86849982412532 -9999 7.7697220485554 7.82699982505292 8.79599980339408 8.18699981700629 8.17499981727451 8.10499981883913 7.94999982230365 8.45294098753263 -9999 -9999 -9999 -9999 -9999 -9999 -9999
