EcologicalScience/Bass/data/rs_data_bass/sst_10.asc
NCOLS 226 
NROWS 124 
XLLCORNER -9.41648524995501 
YLLCORNER 47.587301625531 
CELLSIZE 0.0833 
NODATA_value -9999 
[rows 54 to 80 of 124, columns 0 to 61 of 226]
-9999 -9999 -9999 -9999 -9999 -9999 -9999 -9999 -9999 -9999 -9999 -9999 -9999 -9999 -9999 -9999 -9999 -9999 -9999 -9999 -9999 -9999 -9999 -9999 -9999 -9999 -9999 -9999 -9999 -9999 -9999 -9999 -9999 -9999 -9999 -9999 -9999 -9999 9.00999979861081 9.11863615981896 7.37249983521178 7.4349998338148 7.4949998324737 7.46499983314425 7.45999983325601 8.28499981481582 8.75999980419874 8.75999980419874 8.38499981258065 8.42999981157482 8.56749980850145 8.40499981213361 8.37499981280416 8.09499981906265 7.91499982308596 3.77499991562217 3.77499991562217 7.37749983510002 7.38749983487651 8.16723665955329 -9999 7.23624983825721
-9999 -9999 -9999 -9999 -9999 -9999 -9999 -9999 -9999 -9999 -9999 -9999 -9999 -9999 -9999 -9999 -9999 -9999 -9999 -9999 -9999 -9999 -9999 -9999 -9999 -9999 -9999 -9999 -9999 -9999 -9999 -9999 -9999 -9999 -9999 -9999 -9999 -9999 13.1299997065216 7.18499983940274 7.31249983655289 7.25999983772635 7.25999983772635 8.1374998181127 8.26499981526285 8.43749981140718 8.46749981073663 8.41999981179833 8.63749980693683 8.52749980939552 8.57999980822206 8.33749981364235 8.17499981727451 7.99499982129782 7.55999983102083 7.52999983169138 7.51749983197078 14.2649996811524 -9999 13.6649996945634 -9999 13.8799996897578
-9999 -9999 -9999 -9999 -9999 -9999 -9999 -9999 -9999 -9999 -9999 -9999 -9999 -9999 -9999 -9999 -9999 -9999 -9999 -9999 -9999 -9999 -9999 -9999 -9999 -9999 -9999 -9999 -9999 -9999 -9999 -9999 -9999 -9999 -9999 -9999 -9999 -9999 -9999 7.45999983325601 7.33499983604997 7.24499983806163 7.37999983504415 8.04749982012436 8.16749981744215 8.49749981006607 8.46749981073663 8.4399998113513 8.36249981308356 8.35249981330708 8.31749981408939 8.31249981420115 8.06749981967732 7.86749982414767 7.9074998232536 7.85999982431531 7.83249982492998 7.66999982856214 7.82749982504174 8.82166646948705 -9999 -9999
-9999 -9999 -9999 -9999 -9999 -9999 -9999 -9999 -9999 -9999 -9999 -9999 -9999 -9999 -9999 -9999 -9999 -9999 -9999 -9999 -9999 -9999 -9999 -9999 -9999 -9999 -9999 -9999 -9999 -9999 -9999 -9999 -9999 -9999 -9999 -9999 -9999 -9999 -9999 -9999 7.19499983917922 7.19499983917922 8.08499981928617 8.17499981727451 8.38124981266446 8.57999980822206 8.57999980822206 8.36999981291592 8.30999981425703 8.41249981196597 8.37249981286004 8.34999981336296 8.32999981380999 8.26249981531873 8.09499981906265 8.06749981967732 7.91999982297421 7.6774998283945 7.40874983440153 7.79499982576817 7.79499982576817 -9999
-9999 -9999 -9999 -9999 -9999 -9999 -9999 -9999 -9999 -9999 -9999 -9999 -9999 -9999 -9999 -9999 -9999 -9999 -9999 -9999 -9999 -9999 -9999 -9999 -9999 -9999 -9999 -9999 -9999 -9999 -9999 -9999 -9999 -9999 -9999 -9999 -9999 -9999 -9999 -9999 7.44999983347952 7.46749983308837 7.31999983638525 7.31999983638525 8.02999982051551 8.12999981828034 8.19249981688336 8.0524998200126 8.13999981805682 8.25499981548637 8.37499981280416 8.38749981252477 8.4524998110719 8.18249981710687 8.15999981760979 8.02749982057139 7.89999982342124 7.73249982716516 7.58749983040616 7.52249983185902 7.56785697370235 8.28361326022496
-9999 -9999 -9999 -9999 -9999 -9999 -9999 -9999 -9999 -9999 -9999 -9999 -9999 -9999 -9999 -9999 -9999 -9999 -9999 -9999 -9999 -9999 -9999 -9999 -9999 -9999 -9999 -9999 -9999 -9999 -9999 -9999 -9999 -9999 -9999 -9999 -9999 -9999 -9999 -9999 7.38166650167356 7.30499983672053 7.27999983727932 7.25249983789399 8.29249981464818 8.21499981638044 7.83249982492998 7.78999982587993 8.05499981995672 8.15499981772155 8.2949998145923 8.39499981235713 8.26249981531873 8.15999981760979 8.039999820292 7.78249982604757 7.61999982967973 7.39749983465299 7.31749983644113 6.6909998504445 -9999 -9999
-9999 -9999 -9999 -9999 -9999 -9999 -9999 -9999 -9999 -9999 -9999 -9999 -9999 -9999 -9999 -9999 -9999 -9999 -9999 -9999 -9999 -9999 -9999 -9999 -9999 -9999 -9999 -9999 -9999 -9999 -9999 -9999 -9999 -9999 -9999 -9999 -9999 -9999 -9999 9.07499979715794 7.48749983264133 6.96499984432012 6.96999984420836 7.35249983565882 6.95499984454364 6.95499984454364 7.70999982766807 7.46499983314425 8.2949998145923 8.37749981274828 8.26249981531873 8.23999981582165 8.14749981788918 7.97499982174486 7.88999982364476 7.98999982140958 7.87249982403591 14.1799996830523 7.11749984091148 7.23333317165573 8.18666648368041 8.16666648412744
-9999 -9999 -9999 -9999 -9999 -9999 -9999 -9999 -9999 -9999 -9999 -9999 -9999 -9999 -9999 -9999 -9999 -9999 -9999 -9999 -9999 -9999 -9999 -9999 -9999 -9999 -9999 -9999 -9999 -9999 -9999 -9999 -9999 -9999 -9999 -9999 -9999 -9999 -9999 7.66249982872978 7.62999982945621 6.99499984364957 7.00999984331429 7.53749983152375 7.66749982861802 7.79499982576817 8.05499981995672 7.96499982196838 7.96499982196838 7.96499982196838 8.09999981895089 8.24749981565401 8.11249981867149 8.09249981911853 8.08499981928617 7.93499982263893 7.37749983510002 7.3624998354353 7.23666650491456 7.26249983767048 7.17749983957037 6.83749984716997
-9999 -9999 -9999 -9999 -9999 -9999 -9999 -9999 -9999 -9999 -9999 -9999 -9999 -9999 -9999 -9999 -9999 -9999 -9999 -9999 -9999 -9999 -9999 -9999 -9999 -9999 -9999 -9999 -9999 -9999 -9999 -9999 -9999 -9999 -9999 -9999 -9999 -9999 9.13840888664973 7.76749982638285 7.75499982666224 7.72749982727692 7.71249982761219 7.62249982962385 7.67999982833862 7.83249982492998 7.92749982280657 7.97499982174486 8.0524998200126 8.10749981878325 8.20249981665984 8.15999981760979 7.93999982252717 7.87249982403591 8.09999981895089 7.92999982275069 7.75999982655048 7.39124983479269 7.33999983593822 7.30749983666465 7.27249983744696 7.23749983822927
-9999 -9999 -9999 -9999 -9999 -9999 -9999 -9999 -9999 -9999 -9999 -9999 -9999 -9999 -9999 -9999 -9999 -9999 -9999 -9999 -9999 -9999 -9999 -9999 -9999 -9999 -9999 -9999 -9999 -9999 -9999 -9999 -9999 -9999 -9999 -9999 -9999 -9999 8.05624981992878 7.8349998248741 7.83999982476234 7.76999982632697 7.79749982571229 7.84749982459471 7.92749982280657 8.14249981800094 7.89999982342124 8.10249981889501 8.25999981537461 8.24249981576577 8.13999981805682 8.10999981872737 7.90999982319772 7.88749982370064 7.99749982124195 7.95749982213601 7.90499982330948 7.71999982744455 7.46249983320013 7.33499983604997 7.24749983800575 7.08749984158203
-9999 -9999 -9999 -9999 -9999 -9999 -9999 -9999 -9999 -9999 -9999 -9999 -9999 -9999 -9999 -9999 -9999 -9999 -9999 -9999 -9999 -9999 -9999 -9999 -9999 -9999 -9999 -9999 -9999 -9999 -9999 -9999 -9999 -9999 -9999 -9999 -9999 11.8699997346848 8.38499981258065 8.06999981962144 7.94749982235953 7.89249982358888 7.9074998232536 8.07499981950969 8.17499981727451 8.02749982057139 8.01999982073903 8.13249981822446 8.32249981397763 8.24249981576577 8.19499981682748 8.1974998167716 8.14249981800094 7.96499982196838 7.90999982319772 7.93499982263893 7.94749982235953 7.86249982425943 7.55749983107671 7.44249983364716 7.30749983666465 7.09499984141439
-9999 -9999 -9999 -9999 -9999 -9999 -9999 -9999 -9999 -9999 -9999 -9999 -9999 -9999 -9999 -9999 -9999 -9999 -9999 -9999 -9999 -9999 -9999 -9999 -9999 -9999 -9999 -9999 -9999 -9999 -9999 -9999 -9999 -9999 -9999 -9999 -9999 8.56499980855733 8.14749981788918 8.09749981900677 8.00749982101843 8.05999981984496 8.15249981777743 8.27499981503934 8.25999981537461 8.01999982073903 8.01249982090667 8.01499982085079 8.01499982085079 8.35249981330708 7.91499982308596 7.91499982308596 8.09749981900677 8.05499981995672 8.15749981766567 7.96249982202426 7.87249982403591 7.64749982906505 7.51749983197078 7.4349998338148 7.35749983554706 7.20249983901158
-9999 -9999 -9999 -9999 -9999 -9999 -9999 -9999 -9999 -9999 -9999 -9999 -9999 -9999 -9999 -9999 -9999 -9999 -9999 -9999 -9999 -9999 -9999 -9999 -9999 -9999 -9999 -9999 -9999 -9999 -9999 -9999 -9999 -9999 -9999 11.2499997485429 8.61499980743974 8.27999981492758 8.06999981962144 8.20499981660396 8.1974998167716 8.21499981638044 8.26749981520697 8.38749981252477 8.33249981375411 8.25749981543049 8.2224998162128 8.35749981319532 8.4399998113513 8.39749981230125 8.23749981587753 8.04249982023612 8.09249981911853 8.11499981861562 8.09249981911853 8.01749982079491 8.06749981967732 7.71999982744455 7.57749983062968 7.45499983336776 7.29249983699992 7.18999983929098
-9999 -9999 -9999 -9999 -9999 -9999 -9999 -9999 -9999 -9999 -9999 -9999 -9999 -9999 -9999 -9999 -9999 -9999 -9999 -9999 -9999 -9999 -9999 -9999 -9999 -9999 -9999 -9999 -9999 -9999 -9999 -9999 -9999 -9999 -9999 8.19038443231525 8.76249980414286 8.28166648155699 8.29999981448054 8.28999981470406 8.35999981313944 8.37249981286004 8.40749981207773 8.19999981671572 8.48999981023371 8.48999981023371 8.25499981548637 8.21499981638044 8.21499981638044 8.23499981593341 8.23499981593341 8.28749981475994 8.25999981537461 8.21499981638044 8.14499981794506 8.03249982045963 7.91499982308596 7.65999982878566 7.48749983264133 7.38749983487651 7.24249983811751 7.24249983811751
-9999 -9999 -9999 -9999 -9999 -9999 -9999 -9999 -9999 -9999 -9999 -9999 -9999 -9999 -9999 -9999 -9999 -9999 -9999 -9999 -9999 -9999 -9999 -9999 -9999 -9999 -9999 -9999 -9999 9.42346132783076 9.42346132783076 9.33428550564817 9.33142836285489 9.96781227720203 13.3699997011572 12.0099997315556 13.4749996988103 8.37333314617475 8.4274998116307 8.48249981040135 8.30499981436878 8.30499981436878 8.6099998075515 8.61999980732799 8.37499981280416 8.41499981191009 8.39999981224537 8.23999981582165 8.039999820292 7.96499982196838 8.35249981330708 8.27749981498346 8.1974998167716 8.13249981822446 7.96999982185662 7.88749982370064 7.76499982643872 7.45499983336776 7.47999983280897 7.38499983493239 7.21999983862042 9.27772706535391
-9999 -9999 -9999 -9999 -9999 -9999 -9999 -9999 -9999 -9999 -9999 -9999 -9999 -9999 -9999 -9999 -9999 -9999 -9999 -9999 -9999 -9999 -9999 9.10374979651533 8.4669998107478 8.50374980992638 8.55874980869703 8.51999980956316 8.55099980887026 8.51833314293375 8.72666647161047 8.78333313701054 8.47166647731016 8.68124980595894 8.22499981615692 8.34749981341884 8.45749981096014 8.31749981408939 8.44999981112778 8.61999980732799 8.66249980637804 8.41999981179833 8.44499981123954 8.38499981258065 8.21499981638044 7.09499984141439 6.61999985203147 6.52999985404313 8.07999981939793 7.93999982252717 8.31249981420115 8.17249981733039 7.97499982174486 7.83749982481822 7.94749982235953 7.89999982342124 7.53999983146787 7.43583316712951 8.08199981935322 15.8449996458367 -9999 -9999
-9999 -9999 -9999 -9999 -9999 -9999 -9999 -9999 -9999 -9999 -9999 -9999 -9999 -9999 -9999 -9999 -9999 -9999 -9999 -9999 -9999 15.9899996425956 8.65999980643392 8.26499981526285 8.71999980509281 8.68499980587512 8.8149998029694 8.63399980701506 8.54499980900437 8.54499980900437 8.88799980133772 8.34999981336296 8.56499980855733 8.6216664739574 8.75249980436638 8.78749980358407 8.69749980559573 8.48999981023371 8.66499980632216 8.66499980632216 8.76999980397522 8.63999980688095 8.5249998094514 8.52999980933964 8.50999980978668 8.70999980531633 8.10999981872737 8.09499981906265 8.30249981442466 8.32749981386587 8.35249981330708 8.06249981978908 7.94749982235953 7.85999982431531 7.79249982582405 7.7866664926211 14.3549996791407 -9999 -9999 -9999 -9999 -9999
-9999 -9999 -9999 -9999 -9999 -9999 -9999 -9999 -9999 -9999 -9999 -9999 -9999 -9999 -9999 -9999 -9999 6.88018432352692 15.7349996482953 13.4399996995926 8.66499980632216 8.71333313857516 8.69249980570748 8.23499981593341 8.23499981593341 8.87999980151653 8.87999980151653 8.99399979896844 8.93299980033189 8.75374980433844 8.70249980548397 8.31499981414527 8.5249998094514 8.48999981023371 8.43499981146306 8.27999981492758 8.23499981593341 8.32999981380999 8.68499980587512 8.73499980475754 8.77999980375171 8.77999980375171 8.34999981336296 8.55499980878085 8.36499981302768 8.36499981302768 8.70499980542809 8.51749980961904 8.33249981375411 8.17999981716275 8.12749981833622 8.19333315019806 8.18571410274931 -9999 -9999 -9999 -9999 -9999 -9999 -9999 -9999 -9999
-9999 -9999 -9999 -9999 -9999 -9999 -9999 -9999 -9999 -9999 -9999 -9999 -9999 8.33447502134569 -9999 -9999 9.89499977882951 9.67249978380278 8.60333314103385 8.74499980453402 9.12166646278153 9.10499979648739 9.00499979872257 8.95499979984015 9.10499979648739 9.09249979676679 8.93749980023131 8.70999980531633 8.68666647250454 8.53999980911613 8.4399998113513 8.47999981045723 7.95499982219189 8.32499981392175 8.36499981302768 8.5849998081103 8.62499980721623 8.70499980542809 8.70499980542809 8.96999979950488 8.94499980006367 8.70999980531633 8.96499979961663 8.64499980676919 8.54499980900437 8.94999979995191 8.69749980559573 8.46749981073663 8.52833314271023 8.77749980380759 8.77749980380759 9.16833312840511 -9999 -9999 -9999 -9999 -9999 -9999 -9999 -9999 -9999 -9999
-9999 -9999 -9999 -9999 -9999 -9999 -9999 -9999 -9999 -9999 -9999 -9999 -9999 9.80499978084117 8.93299980033189 8.92099980060011 8.92999980039895 8.8109998030588 8.86749980179593 8.99249979900196 9.07749979710206 9.08499979693443 8.38999981246889 8.39499981235713 8.32999981380999 8.23999981582165 8.8999998010695 8.82999980263412 8.68999980576336 8.58999980799854 8.56999980844557 8.45999981090426 8.50499980989844 8.65499980654567 8.68999980576336 8.74999980442226 8.78499980363995 8.74999980442226 8.76499980408698 8.87999980151653 9.0699997972697 9.03499979805201 8.23499981593341 8.23499981593341 8.93999980017543 8.86499980185181 8.84249980235472 8.61166647418092 8.24749981565401 8.24499981570989 8.54999980889261 8.66624980629422 14.9949996648356 -9999 -9999 -9999 -9999 -9999 -9999 21.5199995189905 20.2149995481595 18.1949995933101
-9999 -9999 -9999 -9999 -9999 -9999 -9999 -9999 -9999 -9999 -9999 9.3849997902289 9.19999979436398 9.2149997940287 9.23499979358166 9.18999979458749 8.9849997991696 9.10749979643151 9.27499979268759 9.33749979129061 7.60999982990324 7.60999982990324 8.61999980732799 8.93499980028719 9.01249979855493 8.86749980179593 8.87749980157241 8.75999980419874 8.95749979978427 8.91749980067834 8.54999980889261 8.54999980889261 8.52999980933964 8.64999980665743 8.69999980553985 8.8399998024106 8.91499980073422 8.83499980252236 8.83499980252236 8.5849998081103 8.86499980185181 9.13999979570508 8.19999981671572 8.98249979922548 8.82999980263412 8.79999980330467 8.75999980419874 8.45499981101602 8.52374980947934 8.74642837593066 8.76857123257858 10.0674997749738 -9999 -9999 -9999 -9999 8.96562479960267 7.94166648915658 7.73312482715119 8.20083315003042 16.8449996234849 17.7899996023625
-9999 -9999 -9999 -9999 -9999 -9999 -9999 -9999 9.93156227801228 9.17166646166394 9.11999979615211 9.1299997959286 9.28666645909349 9.12499979604036 9.1299997959286 9.2874997924082 9.18999979458749 9.14499979559332 9.36999979056418 8.7549998043105 8.68999980576336 8.64499980676919 8.69499980565161 8.98249979922548 8.97999979928136 8.94499980006367 8.90499980095774 8.90499980095774 9.07749979710206 9.17249979497865 8.86499980185181 9.00249979877844 8.57999980822206 8.46499981079251 8.65999980643392 8.64999980665743 8.80499980319291 9.01499979849905 9.00999979861081 9.06499979738146 9.15999979525805 9.14999979548156 9.22499979380518 8.95749979978427 8.94249980011955 8.61499980743974 8.2949998145923 8.3674998129718 8.34749981341884 8.29999981448054 7.93833315589776 7.88499982375652 8.76857123257858 9.18772706736556 8.51928552386484 7.88833315701534 7.4224998340942 7.46499983314425 7.56249983096495 7.52749983174726 7.53499983157963 8.62699980717152
-9999 -9999 -9999 -9999 -9999 9.81249978067353 9.55999978631735 9.53799978680909 9.52699978705496 9.23333312695225 9.3966664566348 9.43749978905544 9.1549997953698 9.03499979805201 8.85499980207533 9.41749978950247 9.43499978911132 9.24499979335815 9.33499979134649 9.02249979833141 8.61499980743974 8.70999980531633 8.60499980766326 8.48499981034547 5.98499986622483 5.98499986622483 8.30999981425703 8.32999981380999 8.2099998164922 8.24499981570989 8.32999981380999 8.94499980006367 9.07499979715794 8.73999980464578 8.72499980498105 8.8149998029694 8.94499980006367 9.02499979827553 9.05499979760498 9.04999979771674 9.14999979548156 8.52999980933964 8.95499979984015 8.95499979984015 9.10499979648739 8.6699998062104 8.23749981587753 8.01749982079491 8.08999981917441 8.15499981772155 8.28166648155699 8.27666648166875 8.02333315399786 7.73999982699752 7.58749983040616 7.45249983342364 7.59749983018264 7.51249983208254 7.57499983068556 7.55499983113259 7.51499983202666 7.60083316344147
-9999 -9999 -9999 -9999 -9999 9.63499978464097 9.50999978743494 9.4449997888878 9.60999978519976 9.46499978844076 9.36499979067594 9.28999979235232 9.28999979235232 9.07999979704618 8.87999980151653 8.87999980151653 8.67999980598688 8.76499980408698 8.82999980263412 8.80499980319291 8.73499980475754 8.74499980453402 8.72499980498105 8.63499980699271 8.5249998094514 8.55499980878085 8.76999980397522 9.10499979648739 8.50999980978668 8.50499980989844 8.55999980866909 8.8399998024106 8.79999980330467 8.78999980352819 8.77999980375171 8.94499980006367 8.97499979939312 9.08499979693443 9.08999979682267 9.11999979615211 9.03999979794025 9.02499979827553 8.96999979950488 8.96999979950488 8.90999980084598 9.04249979788437 9.16249979520217 8.5124998097308 8.24499981570989 8.21666648300985 8.32499981392175 8.37333314617475 7.94749982235953 8.18333315042158 7.72749982727692 7.77749982615933 7.88499982375652 7.84499982465059 7.75999982655048 7.6774998283945 7.63499982934445 7.74166649362693
-9999 -9999 -9999 -9999 -9999 9.71999978274107 9.64999978430569 9.54999978654087 9.81749978056177 9.63249978469685 9.19999979436398 9.32999979145825 9.45999978855252 9.40999978967011 9.20499979425222 9.17499979492277 9.25999979302287 8.96999979950488 8.93999980017543 8.91499980073422 8.8999998010695 8.82499980274588 8.85499980207533 8.80499980319291 8.67999980598688 8.64999980665743 8.74999980442226 8.76999980397522 8.78999980352819 8.75999980419874 8.85999980196357 8.8149998029694 8.89499980118126 8.9249998005107 8.9849997991696 8.97499979939312 9.01999979838729 9.00999979861081 8.98999979905784 9.02499979827553 8.99999979883432 8.96499979961663 8.93999980017543 8.21499981638044 8.21499981638044 9.09999979659915 9.01499979849905 8.62249980727211 8.49499981012195 8.25999981537461 8.22999981604517 8.24749981565401 8.1499998178333 8.20499981660396 8.07749981945381 8.20499981660396 8.15749981766567 8.08749981923029 7.97499982174486 7.83999982476234 7.80499982554466 7.9799998216331
-9999 -9999 -9999 -9999 -9999 9.8449997799471 9.83499978017062 9.47999978810549 9.11999979615211 9.00499979872257 9.01999979838729 9.30999979190528 9.37999979034066 9.39499979000539 9.40499978978187 9.12499979604036 9.1299997959286 9.05999979749322 9.02999979816377 9.01499979849905 8.99999979883432 8.93499980028719 8.85499980207533 8.87499980162829 8.79499980341643 8.85999980196357 8.8399998024106 8.8149998029694 8.82499980274588 8.84999980218709 8.86999980174005 8.97499979939312 8.96499979961663 9.01499979849905 9.08499979693443 9.0699997972697 9.09499979671091 9.10499979648739 9.08499979693443 9.09999979659915 9.06499979738146 8.91499980073422 8.93499980028719 8.3799998126924 8.35999981313944 8.77499980386347 8.70499980542809 8.5974998078309 8.36499981302768 8.27999981492758 8.42249981174245 8.31999981403351 8.27249981509522 8.27333314840992 8.31333314751585 8.32749981386587 8.31749981408939 8.27499981503934 8.15749981766567 8.00499982107431 8.14333315131565 7.75499982666224
-9999 -9999 -9999 -9999 -9999 9.85999977961183 9.85499977972358 9.63499978464097 9.62999978475273 9.10499979648739 9.08499979693443 9.10499979648739 9.22999979369342 9.37999979034066 9.20999979414046 8.95499979984015 9.12499979604036 9.10499979648739 9.01499979849905 9.01999979838729 9.0699997972697 9.00999979861081 8.96999979950488 8.97499979939312 8.96999979950488 8.98999979905784 9.01499979849905 8.98999979905784 8.89499980118126 8.87999980151653 9.2999997921288 9.0699997972697 9.04999979771674 9.10999979637563 9.10999979637563 9.18499979469925 9.23499979358166 9.21999979391694 9.16499979514629 9.17749979486689 8.77999980375171 8.77999980375171 9.02249979833141 8.84749980224296 8.8149998029694 8.69249980570748 8.62749980716035 8.57999980822206 8.4399998113513 8.43499981146306 8.56249980861321 8.1249998183921 8.28999981470406 8.34166648021589 8.3066664809982 8.29333314796289 8.24249981576577 8.18499981705099 8.17499981727451 8.12249981844798 7.90999982319772 7.89749982347712
