EcologicalScience/Bass/data/rs_data_bass/sst_318.asc
NCOLS 226 
NROWS 124 
XLLCORNER -9.41648524995501 
YLLCORNER 47.587301625531 
CELLSIZE 0.0833 
NODATA_value -9999 
[rows 27 to 53 of 124, columns 62 to 123 of 226]
-9999 -9999 -9999 -9999 -9999 -9999 -9999 -9999 -9999 -9999 -9999 -9999 -9999 -9999 -9999 -9999 -9999 -9999 -9999 -9999 -9999 -9999 -9999 -9999 -9999 -9999 -9999 -9999 12.5299997199327 9.62126528657973 10.1893499759668 8.26506850449368 6.83906571846455 7.66597999120131 8.92900249233935 7.13872950593941 8.87467573070899 8.90384125290439 8.87897884054109 8.98476362391375 9.29243597690947 9.39750357531011 9.33941159257665 9.12174595356919 9.13214513566345 8.9228705608286 8.88084352146834 8.19478437723592 8.09222692623734 8.23279518075287 8.85818047635257 8.43188572898507 8.51787620713003 7.92928250059485 8.05321206375956 8.08691975744441 8.06138797244057 8.11302529042587 7.97532577579841 7.7716452437453 7.70279548643157 7.61171299498528
-9999 -9999 -9999 -9999 -9999 -9999 -9999 -9999 -9999 -9999 -9999 -9999 -9999 -9999 -9999 -9999 -9999 -9999 -9999 -9999 -9999 -9999 -9999 -9999 -9999 -9999 -9999 -9999 -9999 -9999 9.78499978128821 12.0467673696282 7.41568243596703 8.1424298742786 8.47807244118303 8.76838891785592 8.84842676073313 8.98942532623187 9.26864934200421 9.25956499902532 9.08672342076898 9.12798546282574 9.1662114218343 9.03783531184308 9.1819894912187 9.14075135532767 9.3853114307858 9.36594743654132 9.28275397978723 8.70886256517842 8.93807488223538 8.89977720472962 8.79664600575343 8.86951199891046 8.5444837695919 8.02323373192921 8.41890468099155 8.3930860219989 8.32351907971315 7.90948819536716 7.8275856715627 7.49839776940644
-9999 -9999 -9999 -9999 -9999 -9999 -9999 -9999 -9999 -9999 -9999 -9999 -9999 -9999 -9999 -9999 -9999 -9999 -9999 -9999 -9999 -9999 -9999 -9999 -9999 -9999 -9999 -9999 -9999 -9999 -9999 12.184999727644 9.19525741320103 9.15509505476803 8.91340371919796 8.96528009884059 8.61385946255177 8.89819939779118 9.3175374509301 9.2801243015565 9.09580776374787 9.03723765769973 8.92071900591254 8.74056214094162 9.22131513385102 9.22322762710974 9.63417461607605 9.60190129233524 9.48284858698025 8.67845392236486 8.75383006292395 8.24068421544507 8.25223886221647 8.48691772250459 8.44890691898763 8.33965574158356 8.46731466660276 8.35937832831405 8.38447980233468 7.8595721213147 7.80434887846932 8.57959395833313
-9999 -9999 -9999 -9999 -9999 -9999 -9999 -9999 -9999 -9999 -9999 -9999 -9999 -9999 -9999 -9999 -9999 -9999 -9999 -9999 -9999 -9999 -9999 -9999 -9999 -9999 -9999 -9999 -9999 -9999 -9999 9.55468118179124 9.74103517690673 8.8830770403812 8.69017989665736 8.93742941576056 8.9616941739805 9.24653613870032 9.38351846835576 8.5447706435807 8.95978168072179 9.01404867693782 9.08481092751026 9.08457186585292 9.06186100840569 9.63489180104807 8.75825270358473 8.68414358980954 8.6389609365724 9.22035888722166 9.15724660968408 8.60095013305545 8.5605487129651 8.58278144709766 7.18498793663457 8.36141035240144 7.39010283863172 7.6203192146495 8.4490264498163 7.97260047290474 7.09031952032819 7.25025176908821
-9999 -9999 -9999 -9999 -9999 -9999 -9999 -9999 -9999 -9999 -9999 -9999 -9999 -9999 -9999 -9999 -9999 -9999 -9999 -9999 -9999 -9999 -9999 -9999 -9999 -9999 -9999 -9999 -9999 -9999 -9999 12.0249997312203 12.3403254110599 8.89762564981356 9.32506789313629 9.36738180648535 9.56532485876232 8.76207769010216 9.45559555804357 9.43874171120115 9.04177982918918 9.10919521655887 9.12676624837331 8.96647540712729 8.97221288690343 8.92774741863832 8.29016997851431 8.85053050331771 8.71522160526365 8.7638706525322 8.55050812335685 8.65521712927148 8.61194696929306 8.63752656662837 8.31527145253494 7.55505538219586 7.74869532464072 7.67482527252287 8.02839746372774 8.1302377297543 7.87563706468791 8.56987211760134
-9999 -9999 -9999 -9999 -9999 -9999 -9999 -9999 -9999 -9999 -9999 -9999 -9999 -9999 -9999 -9999 -9999 -9999 -9999 -9999 -9999 -9999 -9999 -9999 -9999 -9999 -9999 -9999 -9999 -9999 -9999 -9999 10.347952959477 8.8273415225558 9.11780143622309 9.53018279513344 8.60023294808343 8.85617235843092 9.15509505476803 8.87013355921954 8.99970497749746 9.06138288509101 8.90121157467365 9.1221045460552 9.4448377834633 9.21749014733359 8.7717596872244 9.25980406068265 6.75419883010909 8.93584136332252 9.17546310797334 8.33893855661154 8.62222662055865 8.51536605972797 8.40832620265428 7.79029205301777 7.72359385062009 7.71355326101184 7.63466291408986 7.62533950945362 7.82902004150674 7.51489302376285
-9999 -9999 -9999 -9999 -9999 -9999 -9999 -9999 -9999 -9999 -9999 -9999 -9999 -9999 -9999 -9999 -9999 -9999 -9999 -9999 -9999 -9999 -9999 -9999 -9999 -9999 -9999 -9999 -9999 -9999 -9999 -9999 10.5585164315836 9.69165186883349 8.96002074237913 8.65258745104074 8.75024413806386 8.79004790401086 8.80152286356315 8.85387736652046 8.92105369223282 9.04034545924515 9.0692719197832 9.92033141991124 9.87012847186998 6.5208746525459 9.39678639033809 9.4846415494103 8.99813400089208 9.03378833950098 8.45404674462043 5.78576005622745 7.87707143463194 8.38173059327528 7.7716452437453 7.86296679684892 8.03533025179058 8.84025085205212 7.79579047113657 7.46469007572159 7.57155063655227 7.84121218603104
-9999 -9999 -9999 -9999 -9999 -9999 -9999 -9999 -9999 -9999 -9999 -9999 -9999 -9999 -9999 -9999 -9999 -9999 -9999 -9999 -9999 -9999 -9999 -9999 -9999 -9999 -9999 -9999 -9999 -9999 -9999 -9999 -9999 8.52227418502683 8.95407835261098 9.02149373998067 8.14027831936255 8.17255164310336 8.79721975373104 8.94209111807868 8.9404176864773 8.99157688114792 9.07787813944742 9.77976316539571 8.74486525077373 9.09365620883182 9.05935086100362 8.57058930257335 8.88136945711449 8.82566809095442 8.915196681628 8.95249030017294 8.98520190361887 7.99660226330161 8.25526697654277 7.93964582344051 7.9296649992466 8.09772534435615 8.45010222727433 7.88639483926818 7.56892095832154 7.5564897521399
-9999 -9999 -9999 -9999 -9999 -9999 -9999 11.1643111659068 10.6678772224113 8.35561310721096 8.4290887075942 8.25714495433461 18.4228053560672 8.31336541039248 8.41999981179833 -9999 -9999 -9999 -9999 -9999 -9999 -9999 -9999 -9999 -9999 -9999 -9999 -9999 -9999 -9999 -9999 -9999 -9999 -9999 8.90735887443381 9.06104136843767 8.46683654328808 8.65258745104074 9.85004729265347 9.95117037370801 9.90025024069473 8.98918626457453 9.01835178676993 8.99850966921076 8.94543798128143 8.93300677509978 9.80988493422046 9.11672565876506 9.0224158349447 8.94029815564863 8.8671452885028 9.32506789313629 8.48632006836124 8.3253120421432 8.57202367251739 8.50496687763371 7.81180760217831 7.9801070089452 8.00712097622454 8.0597145408392 7.79057892700657 8.3455366583541
-9999 -9999 -9999 -9999 16.2849996360019 16.1418921788787 13.3747888554755 10.1127852487485 6.62235632608645 8.60801331838593 10.0438981718548 9.34018394562344 23.9099994655699 -9999 -9999 -9999 -9999 -9999 -9999 -9999 -9999 -9999 -9999 -9999 -9999 -9999 -9999 -9999 -9999 -9999 -9999 -9999 -9999 -9999 8.74190088622272 8.76822498986231 8.99731436092407 9.69226659880951 9.96981718298048 10.0401013102382 8.95987730538473 8.90802483190782 9.05468915868551 8.99181594280526 8.97030039364472 9.03938921261579 9.0413017058745 8.90264594461769 9.07907344773412 8.97651599673554 9.55026397434995 9.49934384133667 8.7118747420609 8.70864740968682 8.68557795975357 8.96002074237913 8.93993956316262 8.7276528114453 8.50030517531559 8.52205978613347 8.30714335618541 8.349409457203
8.51592387026176 8.88806318351999 11.207210715354 9.43121126899496 9.18019652878866 7.36249121720903 6.08482618955895 5.99183120485395 7.29140025685774 15.8033372520786 -9999 -9999 -9999 -9999 -9999 -9999 -9999 -9999 -9999 -9999 -9999 -9999 -9999 -9999 -9999 -9999 -9999 -9999 -9999 -9999 -9999 -9999 -9999 -9999 13.489999698475 8.74980585835874 8.95192679769493 8.97805282167558 9.04909511590376 9.09571213908493 9.11622362928465 8.97257147938944 8.87228511413559 8.91459902748466 8.95284889265895 8.97974332910962 9.00878932047635 8.78215886931866 9.01691741682589 8.93754894658923 8.99301125109196 8.82638527592644 8.78144168434665 8.58242285461165 7.31981871137396 8.77283546468243 8.66047648573294 8.3891415046528 8.36236659903079 9.00520339561626 8.28263953630812 8.50632952908054
8.43073823302984 8.30738241784275 8.36977751040831 8.91053497930989 9.04823449393734 7.7359652913874 7.87276832479984 8.15103609394282 8.39610844438097 16.7749996250495 -9999 -9999 -9999 -9999 -9999 -9999 -9999 -9999 -9999 -9999 -9999 -9999 -9999 -9999 -9999 -9999 -9999 -9999 -9999 -9999 -9999 -9999 -9999 -9999 -9999 8.2496490275953 8.54216269822791 8.66915100872783 8.83929460542277 8.43312884960324 9.03977171126753 8.27893408061936 8.78263699263334 8.90001626638696 8.95428326260298 8.83307900233194 9.37742239609361 9.36881617642939 9.39965513022617 9.3853114307858 8.97818942833692 8.92846460361034 8.84503208519891 8.72072002338246 8.63991718320176 8.55911434302106 8.50054423697293 8.73482466116548 9.0224158349447 9.0267189447768 8.92774741863832 8.54907375341281
8.7914822739549 8.99444562103599 8.73482466116548 8.2736747241579 8.32029174733907 7.95309304166585 7.72933133039623 7.92512282775715 7.50257959060357 -9999 -9999 -9999 -9999 -9999 -9999 -9999 -9999 -9999 -9999 -9999 -9999 -9999 -9999 -9999 -9999 -9999 -9999 -9999 -9999 -9999 -9999 -9999 -9999 -9999 -9999 -9999 13.9883596482183 8.38354746187106 7.43671986181289 8.81491031637415 7.88424328435212 8.87854852955788 7.97293515922502 8.9630329192616 8.17470319801942 8.26004820968956 8.8832819503732 8.78789634909481 8.74988554557785 8.42643512319773 8.46014281688258 8.8328399406746 8.49839268205687 8.82327747438103 8.66740927379578 8.58660643361509 8.45344909047708 8.40324614243582 8.31192458933219 8.72478407155722 8.20147810364142 7.98847416695207
8.8395336670801 8.5246894643642 8.35973692080006 7.99325540009886 8.45942563191056 8.25717946980149 8.04991301288828 9.2777336849831 12.7897884929553 -9999 -9999 -9999 -9999 -9999 -9999 -9999 -9999 -9999 -9999 -9999 -9999 -9999 -9999 -9999 -9999 -9999 -9999 -9999 -9999 -9999 -9999 -9999 -9999 -9999 -9999 -9999 -9999 -9999 -9999 -9999 7.4403975863494 8.43401679290193 9.23255103174597 9.12621205998585 7.85519729298539 7.90217290865257 8.60286262631416 8.66848505125381 8.76470736833289 8.3733634352684 8.43898586020805 8.89666940318421 8.88901943014935 9.32004759833217 9.31000700872391 9.20529800280929 9.01524398522452 8.92774741863832 8.89475690992549 8.33606981672347 8.30857772612944 8.89260535500944
9.02528457483277 8.43073823302984 8.43504134286195 7.92942593758926 8.19908748706803 8.50604265509173 8.52325509442016 8.45909094559029 16.0249996418133 -9999 -9999 -9999 -9999 -9999 -9999 -9999 -9999 -9999 -9999 -9999 -9999 -9999 -9999 -9999 -9999 -9999 -9999 -9999 -9999 -9999 -9999 -9999 -9999 -9999 -9999 -9999 -9999 -9999 -9999 -9999 -9999 -9999 -9999 12.2162627416702 8.92559586372226 7.38627785211429 7.50556961912662 8.49026458570734 8.65975930076092 8.90910060936585 8.6456546629779 8.9695832086727 8.97603787342086 9.60261847730726 9.23111666180193 9.38746298570186 9.26338998554274 9.05325478874147 9.23326821671799 9.15222631487995 9.03389079449698 8.39954068674706
8.29232153343037 8.42571793822572 8.53401286900043 8.46444592671469 8.22418896108866 8.1739860130474 8.37551499018446 8.40420238906518 8.43002104805782 15.1699996609241 -9999 -9999 -9999 -9999 -9999 16.1899624452926 -9999 -9999 -9999 -9999 -9999 -9999 -9999 -9999 -9999 -9999 -9999 -9999 -9999 -9999 -9999 -9999 -9999 -9999 -9999 -9999 -9999 -9999 -9999 -9999 -9999 -9999 -9999 -9999 5.95619739575201 8.99613612847003 9.05520143366552 9.153865594816 8.81204157648608 8.95045827608556 8.98607846302912 9.73888362199068 9.76039917115122 9.74246954685077 8.8911709850654 9.7037415583618 9.45989866787568 8.81969154952094 8.66525771887973 9.39535202039406 8.97006133198738 8.84527114685625
8.5885189268738 8.41352579370141 8.6480452795513 8.8115634531714 8.89619127986953 8.36260566068813 8.43934445269406 8.4013336491771 9.06903285812587 7.74080628994852 15.6599996499717 -9999 -9999 -9999 -9999 -9999 -9999 -9999 -9999 -9999 -9999 -9999 -9999 -9999 -9999 -9999 -9999 -9999 -9999 -9999 -9999 -9999 -9999 -9999 -9999 -9999 -9999 -9999 -9999 -9999 -9999 -9999 -9999 -9999 -9999 11.5899997409433 9.25950523361098 7.53927731281146 9.22466199705377 9.49145480664447 9.54022338474169 9.78191472031176 9.69872126355767 9.39033172558993 9.65138705540448 9.62341684149578 9.00711588887498 8.89141004672274 7.21510970545933 8.64995777281001 8.3867508880794 8.31192458933219
8.64517653966323 8.29590745829046 8.45225378219038 8.35184788610786 8.5325784990564 8.21845148131251 8.44866785733029 9.26769309537485 9.28203679481521 9.29494612431154 8.47940435613106 16.1191254879523 17.3046163589392 -9999 11.3796402760409 -9999 21.6236355002576 17.0734468692368 -9999 -9999 -9999 -9999 -9999 -9999 -9999 -9999 -9999 -9999 -9999 -9999 -9999 -9999 -9999 -9999 -9999 -9999 -9999 -9999 -9999 -9999 -9999 -9999 -9999 -9999 -9999 8.8399998024106 13.4949996983632 12.4376506716944 8.30331836966798 7.73757895757444 9.29494612431154 8.32268236391246 8.62198755890131 8.67266863025725 8.83881648210809 8.95978168072179 8.96073792735115 9.00496433395892 8.93396302172914 8.82542902929708 9.28992582950741 9.37527084117755
9.92822045460343 9.57464826339856 9.61481062183157 8.40993986884132 9.17230749409646 9.55671863909811 9.40467542503029 8.8474227017723 8.92344430880621 9.30211797403172 8.84491255437024 7.82922495149874 16.079999640584 6.81307630114523 12.125146756782 6.34588151937351 10.2844082615886 9.96917646258268 -9999 -9999 -9999 -9999 -9999 -9999 -9999 -9999 -9999 -9999 -9999 -9999 -9999 -9999 -9999 -9999 -9999 -9999 -9999 -9999 -9999 -9999 -9999 -9999 -9999 -9999 -9999 -9999 -9999 -9999 12.6791029456072 7.5249336133711 8.10418000910431 8.13525802455842 8.29447308834642 8.40611488232389 8.56198308290914 8.88113039545715 8.98081910656765 8.96456291386858 8.96551916049793 9.45774711295962 8.70804975554347 8.50962857995182
10.0764386821538 10.0049592466094 10.1046479577199 9.59712005918846 9.09987181192264 9.09772025700659 9.03962827427313 8.69537948770449 9.2217932571657 9.06903285812587 9.25334939593449 8.50998717243783 5.27374515428136 7.1328724953346 7.42213710071519 10.9735573949292 14.9849996650591 13.9120908586624 -9999 -9999 -9999 -9999 -9999 -9999 -9999 -9999 -9999 -9999 -9999 -9999 -9999 -9999 -9999 -9999 -9999 -9999 -9999 -9999 -9999 -9999 -9999 -9999 -9999 -9999 -9999 -9999 -9999 -9999 8.45497908508405 7.91077912831679 8.21725617302582 8.18832971248776 8.2657856894657 8.3320057685487 8.7118747420609 8.73530278448015 8.87754447059706 8.9069490544498 8.91173028759658 8.85483361314982 8.76255581341684 9.46348459273577
10.6497085364535 10.4130374956876 10.2832270157523 10.1488743643276 10.0467950366437 8.13597520953044 8.54763938346878 8.67099519865587 8.7276528114453 8.69394511776045 8.99229406611994 9.1299935807474 9.14003417035565 7.4081918373704 7.02075257804245 14.9780817875759 17.2487067602342 -9999 -9999 -9999 -9999 -9999 -9999 -9999 -9999 -9999 -9999 -9999 -9999 -9999 -9999 -9999 -9999 -9999 -9999 -9999 -9999 -9999 -9999 -9999 -9999 -9999 -9999 -9999 -9999 -9999 -9999 -9999 8.46659748163074 7.6723151251208 6.93971067620441 9.34012877754867 9.38029113598168 8.42428356828168 8.76685892324895 8.74295275751501 8.68557795975357 8.74845117563382 8.80032755527645 8.76996672479436 8.69657479599118 8.65497806761414
10.1562852757052 10.7823877562769 10.5646025864407 10.4230780852959 8.18259223271161 8.3812524699606 8.32100893231109 8.77140109473839 8.42858667811379 8.38412120984867 8.06784263718873 7.80176701257005 7.42165897740051 7.37193415267393 8.43379570580529 6.69999985024333 -9999 -9999 -9999 -9999 -9999 -9999 -9999 -9999 -9999 -9999 -9999 -9999 -9999 -9999 -9999 -9999 -9999 -9999 -9999 -9999 -9999 -9999 -9999 -9999 -9999 -9999 -9999 -9999 -9999 -9999 -9999 -9999 9.88862159864844 7.55505538219586 7.81754508195445 8.73482466116548 8.42834761645645 8.36977751040831 8.64517653966323 9.34730062726885 9.3652302515693 9.30498671391979 8.63370158011094 8.7079302247148 8.47974587278441 8.60405793460086
10.4564271864947 10.1064409201499 10.2404349790886 10.0756019663531 8.19837030209601 8.19263282231987 8.29016997851431 8.35399944102392 9.03532516444102 8.73410747619346 8.15605638874695 7.70709859626368 7.67984556732699 6.17719961395487 7.56997282961383 -9999 -9999 -9999 -9999 -9999 -9999 -9999 -9999 -9999 -9999 -9999 -9999 -9999 -9999 -9999 -9999 -9999 -9999 -9999 -9999 -9999 -9999 -9999 -9999 -9999 -9999 -9999 -9999 -9999 -9999 -9999 -9999 -9999 -9999 12.6244402611307 10.4800731968956 6.72670673951507 8.44221319258213 7.98847416695207 9.33654285268858 9.35232092207298 9.47997984709218 9.4089785348624 8.57274085748941 8.5325784990564 8.23590298229828 8.35854161251336
10.3678548424505 10.6255633090623 10.5340026943013 10.4352702298202 10.4058656459674 8.835230557248 8.94065674813464 8.84096803702414 8.9865565863438 8.67529830848798 8.1503189089708 7.99755850993097 6.77690968755633 4.82473219372332 10.0778938400681 14.1679416626709 -9999 -9999 -9999 -9999 -9999 -9999 -9999 -9999 -9999 -9999 -9999 -9999 -9999 -9999 -9999 -9999 -9999 -9999 -9999 -9999 -9999 -9999 -9999 -9999 -9999 -9999 -9999 -9999 -9999 -9999 5.47761474881774 6.20889918971807 12.7349997153506 -9999 11.5949583295733 9.57207483496955 9.69145378917456 8.75992613518611 8.02289904560894 8.1010722075589 8.08505507651716 8.1794844311662 9.27988523989916 9.20027770800516 8.90981779433787 8.00616472959518
10.7384004113264 10.8985717217438 10.4575029639527 10.5390229891054 9.53018279513344 10.1017792178318 9.90455335052684 8.93348489841446 7.4252449022606 8.52899257419631 8.34611040633172 7.00784324854612 6.41473127668723 8.9659175965935 10.8500900176354 -9999 -9999 -9999 -9999 -9999 -9999 -9999 -9999 -9999 -9999 -9999 -9999 -9999 -9999 -9999 -9999 -9999 -9999 -9999 -9999 -9999 -9999 -9999 -9999 -9999 -9999 -9999 -9999 -9999 -9999 -9999 -9999 -9999 12.7990651246585 12.3188474219819 4.66635384573601 12.6020239504735 12.8195393040359 9.3975879500127 8.57489241240546 7.61649422813207 7.80869980063289 7.9071932034567 7.9296649992466 9.08265937259421 8.94998015277088 8.86965543590486
10.7250129585154 10.9982604328543 10.8464562804438 10.4080172008835 10.4998168773018 10.3995902774623 9.13644824549556 8.75131991552189 8.82877589249983 7.05732901161537 7.51991331856698 8.61873034382006 7.74519904790213 13.8328145039268 16.0399996414781 -9999 -9999 -9999 -9999 -9999 -9999 -9999 -9999 -9999 -9999 -9999 -9999 -9999 -9999 -9999 -9999 -9999 -9999 -9999 -9999 -9999 -9999 -9999 -9999 -9999 -9999 -9999 -9999 -9999 -9999 -9999 -9999 -9999 -9999 -9999 8.5578634390001 8.42994932956062 7.21510970545933 7.43743704678491 8.18604776030406 7.27449262114242 7.72172916969284 7.11661630263552 7.61625516647473 8.94782859785482 8.96575822215527 8.98153629153967
10.2918332354166 10.4065828309394 10.5191808715463 10.4438764494844 10.149292722228 10.072016041493 9.81024352670647 8.41424297867343 8.41424297867343 7.6683706077747 6.37385173328221 5.10730307269841 8.69269004405942 8.42251818988902 16.423160376812 -9999 -9999 -9999 -9999 -9999 -9999 -9999 -9999 -9999 -9999 -9999 -9999 -9999 -9999 -9999 -9999 -9999 -9999 -9999 -9999 -9999 -9999 -9999 -9999 -9999 -9999 -9999 -9999 -9999 -9999 -9999 -9999 -9999 -9999 -9999 -9999 -9999 14.2049996824935 11.4946105836236 7.29338532240529 6.19838047679514 6.03964353632182 5.99685149965808 6.35998615715653 8.45727407699451 7.24917599163018 8.88615069026127
