EcologicalScience/Bass/data/rs_data_bass/sst_14.asc
NCOLS 226 
NROWS 124 
XLLCORNER -9.41648524995501 
YLLCORNER 47.587301625531 
CELLSIZE 0.0833 
NODATA_value -9999 
[rows 0 to 26 of 124, columns 62 to 123 of 226]
-9999 -9999 -9999 -9999 -9999 -9999 -9999 -9999 -9999 -9999 -9999 -9999 -9999 -9999 -9999 -9999 -9999 -9999 -9999 -9999 -9999 -9999 -9999 -9999 -9999 -9999 -9999 -9999 -9999 -9999 -9999 -9999 -9999 -9999 -9999 -9999 -9999 -9999 -9999 -9999 -9999 -9999 -9999 -9999 -9999 -9999 -9999 -9999 -9999 -9999 -9999 -9999 -9999 -9999 -9999 -9999 -9999 -9999 -9999 -9999 -9999 -9999
-9999 -9999 -9999 -9999 -9999 -9999 -9999 -9999 -9999 -9999 -9999 -9999 -9999 -9999 -9999 -9999 -9999 -9999 -9999 -9999 -9999 -9999 -9999 -9999 -9999 -9999 -9999 -9999 -9999 -9999 -9999 -9999 -9999 -9999 -9999 -9999 -9999 -9999 -9999 -9999 -9999 -9999 -9999 -9999 -9999 -9999 -9999 -9999 -9999 -9999 -9999 -9999 -9999 -9999 -9999 -9999 -9999 -9999 -9999 -9999 -9999 -9999
-9999 -9999 -9999 -9999 -9999 -9999 -9999 -9999 -9999 -9999 -9999 -9999 -9999 -9999 -9999 -9999 -9999 -9999 -9999 -9999 -9999 -9999 -9999 -9999 -9999 -9999 -9999 -9999 -9999 -9999 -9999 -9999 -9999 -9999 -9999 -9999 -9999 -9999 -9999 -9999 -9999 -9999 -9999 -9999 -9999 -9999 -9999 -9999 -9999 -9999 -9999 -9999 -9999 -9999 -9999 -9999 -9999 -9999 -9999 -9999 -9999 -9999
-9999 -9999 -9999 -9999 -9999 -9999 -9999 -9999 -9999 -9999 -9999 -9999 -9999 -9999 -9999 -9999 -9999 -9999 -9999 -9999 -9999 -9999 -9999 -9999 -9999 -9999 -9999 -9999 -9999 -9999 -9999 -9999 -9999 -9999 -9999 -9999 -9999 -9999 -9999 -9999 -9999 -9999 -9999 -9999 -9999 -9999 -9999 -9999 -9999 -9999 -9999 -9999 -9999 -9999 -9999 -9999 -9999 -9999 -9999 -9999 -9999 -9999
-9999 -9999 -9999 -9999 -9999 -9999 -9999 -9999 -9999 -9999 -9999 -9999 -9999 -9999 -9999 -9999 -9999 -9999 -9999 -9999 -9999 -9999 -9999 -9999 -9999 -9999 -9999 -9999 -9999 -9999 -9999 -9999 -9999 -9999 -9999 -9999 -9999 -9999 -9999 -9999 -9999 -9999 -9999 -9999 -9999 -9999 -9999 -9999 -9999 -9999 -9999 -9999 -9999 -9999 -9999 -9999 -9999 -9999 -9999 -9999 -9999 -9999
-9999 -9999 -9999 -9999 -9999 -9999 -9999 -9999 -9999 -9999 -9999 -9999 -9999 -9999 -9999 -9999 -9999 -9999 -9999 -9999 -9999 -9999 -9999 -9999 -9999 -9999 -9999 -9999 11.7199997380376 8.11699981857091 6.83499984722584 6.93499984499067 6.98999984376132 6.96499984432012 6.81499984767288 7.87333315735062 7.54249983141199 7.59999983012676 7.75249982671812 7.77999982610345 7.62249982962385 6.99374984367751 7.28499983716756 7.2049998389557 7.10999984107912 7.10499984119087 7.06999984197319 8.12166648513327 8.20666648323337 8.07499981950969 8.24249981576577 8.25249981554225 8.22333314952751 8.31166648088644 8.43666647809247 8.25749981543049 8.16499981749803 7.9799998216331 7.8349998248741 7.7624998264946 7.74249982694164 7.62999982945621
-9999 -9999 -9999 -9999 -9999 -9999 -9999 -9999 -9999 -9999 -9999 -9999 -9999 -9999 -9999 -9999 -9999 -9999 -9999 -9999 -9999 -9999 -9999 -9999 -9999 -9999 -9999 11.6899997387081 7.8744442684369 6.86499984655529 6.78499984834343 6.82499984744936 6.85499984677881 6.84499984700233 6.84999984689057 6.96999984420836 7.03833317601432 7.8224998251535 7.67249982850626 8.09249981911853 8.10749981878325 6.42299985643476 8.26499981526285 8.24333314908048 8.29999981448054 8.16833315075686 8.27499981503934 8.36666647965709 8.15749981766567 8.10999981872737 8.20333314997454 8.20666648323337 7.9799998216331 6.92333317858477 7.40666650111477 7.59333316360911 7.78499982599169 7.77999982610345 7.71249982761219 7.81249982537702 7.06999984197319 7.06999984197319
-9999 -9999 -9999 -9999 -9999 -9999 -9999 -9999 -9999 -9999 -9999 -9999 -9999 -9999 -9999 -9999 -9999 -9999 -9999 -9999 -9999 -9999 -9999 -9999 -9999 -9999 6.24236828152482 6.89999984577298 6.85499984677881 6.83499984722584 6.79999984800816 6.80999984778464 6.78999984823167 6.79999984800816 7.28249983722344 7.30499983672053 7.53499983157963 7.86249982425943 3.46499992255121 3.56499992031604 3.75499991606921 8.32333314729234 6.70499985013157 6.70499985013157 6.67999985069036 6.67999985069036 8.18666648368041 8.1616664842392 5.23999988287687 5.23999988287687 8.12333315176268 8.02999982051551 8.06166648647437 8.03249982045963 8.1249998183921 7.78749982593581 7.23249983834103 7.08749984158203 7.87666649060945 7.09999984130263 7.13499984052032 7.15499984007329
-9999 -9999 -9999 -9999 -9999 -9999 -9999 -9999 -9999 -9999 -9999 -9999 -9999 -9999 -9999 -9999 -9999 -9999 -9999 -9999 -9999 -9999 -9999 -9999 -9999 -9999 6.75499984901398 6.66999985091388 6.7449998492375 6.74999984912574 6.7449998492375 6.72999984957278 6.71499984990805 7.24499983806163 7.20749983889982 7.14249984035268 7.26749983755872 7.23749983822927 7.37249983521178 8.06749981967732 8.29666648122172 8.2099998164922 8.11999981850386 8.06333315310379 6.73999984934926 7.94499982241541 7.99333315466841 7.97666648837427 5.06499988678843 5.06499988678843 8.10833315209796 8.02249982068315 8.18749981699511 8.16749981744215 8.30999981425703 8.28833314807465 7.62999982945621 7.56999983079731 7.62499982956797 7.41666650089125 8.20833314986279 8.21499981638044
-9999 -9999 -9999 -9999 -9999 -9999 -9999 -9999 -9999 -9999 -9999 -9999 -9999 -9999 -9999 -9999 -9999 -9999 -9999 -9999 -9999 -9999 -9999 -9999 -9999 11.3799997456372 7.80124982562847 6.52999985404313 6.5999998524785 6.74999984912574 6.75999984890223 6.6599998511374 6.58499985281378 6.53999985381961 7.04999984242022 6.90999984554946 6.81999984756112 7.62249982962385 7.98249982157722 8.05499981995672 7.89749982347712 8.00249982113019 8.1499998178333 8.19249981688336 8.14249981800094 7.06499984208494 7.06499984208494 8.13666648479799 8.04999982006848 5.77499987091869 5.78499987069517 5.7999998703599 7.69249982805923 7.4474998335354 7.43249983387068 7.50249983230606 7.48749983264133 7.45499983336776 7.34249983588234 8.21166648312161 8.17833315053334 8.1983331500863
-9999 -9999 -9999 -9999 -9999 -9999 -9999 -9999 -9999 -9999 -9999 -9999 -9999 -9999 -9999 -9999 -9999 -9999 -9999 -9999 -9999 -9999 -9999 -9999 6.02107129398999 6.47499985527247 6.46999985538423 6.5149998543784 6.56499985326082 6.66999985091388 6.66999985091388 6.63999985158443 6.5999998524785 6.8774998462759 7.01249984325841 7.01249984325841 7.18249983945861 7.31166650323818 8.03499982040375 8.09249981911853 8.29666648122172 8.32166648066292 8.33333314706882 8.32166648066292 8.25166648222754 8.17166648401568 8.21166648312161 8.21499981638044 8.15166648446272 7.59999983012676 8.25999981537461 8.25999981537461 8.05999981984496 7.8349998248741 7.51499983202666 7.47499983292073 7.40249983454123 7.30499983672053 8.15666648435096 7.63249982940033 7.53999983146787 7.55249983118847
-9999 -9999 -9999 -9999 -9999 -9999 -9999 -9999 -9999 -9999 -9999 -9999 -9999 -9999 -9999 -9999 -9999 -9999 -9999 -9999 -9999 -9999 -9999 -9999 9.70785692586963 6.52999985404313 6.53999985381961 6.47999985516071 6.56999985314906 6.50999985449016 6.60999985225499 7.27333317076166 7.01499984320253 6.84749984694645 6.8899998459965 7.18499983940274 7.20333317232629 8.15249981777743 8.22749981610104 8.23749981587753 8.71999980509281 8.69999980553985 8.61333314081033 8.48166647708664 8.31166648088644 6.04999986477196 6.04999986477196 7.749999826774 7.17833317288508 7.57166649742673 7.62166649630914 7.69749982794747 7.61749982973561 7.5324998316355 7.35249983565882 8.11999981850386 7.47249983297661 6.97333317746719 6.9866665105025 7.69249982805923 7.58249983051792 8.0524998200126
-9999 -9999 -9999 -9999 -9999 -9999 -9999 -9999 -9999 -9999 -9999 -9999 -9999 -9999 -9999 -9999 -9999 -9999 -9999 -9999 -9999 -9999 -9999 5.49666654380659 6.52999985404313 6.46499985549599 6.46999985538423 6.54499985370785 6.60499985236675 6.58999985270202 7.7616664931799 7.79333315913876 6.90166651240239 6.91833317869653 6.76833318204929 6.91833317869653 8.0649998197332 8.09749981900677 8.18249981710687 8.51999980956316 8.47999981045723 8.5733331417044 8.57499980833381 8.5616664752985 8.47499981056899 8.46999981068075 7.41333316763242 7.36999983526766 7.35833316886177 7.03666650938491 7.08999984152615 7.78249982604757 7.28666650379698 7.2649998376146 7.3499998357147 7.98999982140958 7.65749982884154 7.68249982828274 8.12666648502151 7.69749982794747 8.03833315366258 7.54249983141199
-9999 -9999 -9999 -9999 -9999 -9999 -9999 -9999 -9999 -9999 -9999 -9999 -9999 -9999 -9999 -9999 -9999 -9999 -9999 -9999 -9999 -9999 6.55461523810831 6.53499985393137 6.5149998543784 6.50999985449016 6.46999985538423 6.45499985571951 6.42499985639006 7.51333316539725 6.93999984487891 7.10999984107912 7.13999984040856 6.7083331833904 6.61833318540206 6.68999985046685 6.71333318327864 6.85499984677881 8.20249981665984 8.71333313857516 8.8149998029694 8.69166647239278 8.41166647865126 7.76499982643872 7.76499982643872 7.40999983437359 7.3624998354353 7.37749983510002 7.56749983085319 7.5799998305738 7.70749982772395 7.78749982593581 6.38999985717237 6.43333318953713 6.19166652827213 6.25666652681927 7.84749982459471 8.22333314952751 8.20166648334513 8.05333315332731 7.98833315478017 7.96166648870955
-9999 -9999 -9999 -9999 -9999 -9999 -9999 -9999 -9999 -9999 -9999 -9999 -9999 -9999 -9999 -9999 -9999 -9999 -9999 -9999 -9999 7.44999983347952 6.66999985091388 6.58499985281378 6.56499985326082 6.51999985426664 6.39999985694885 6.36499985773116 7.48166649943839 7.57833316394438 7.62166649630914 7.15249984012917 7.09749984135851 6.45749985566363 6.41249985666946 7.04833317579081 6.94666651139657 7.0716665086026 6.73833318271985 6.60999985225499 6.60333318573733 8.81666646959881 8.49333314349254 8.39666647898654 8.54249980906025 6.69999985024333 7.62499982956797 6.88749984605238 6.88499984610826 6.88499984610826 6.98999984376132 6.98999984376132 7.37166650189708 7.77749982615933 6.23166652737806 6.1999998614192 7.72333316070338 7.81999982520938 7.60749982995912 7.62249982962385 7.70749982772395 7.70374982780777
-9999 -9999 -9999 -9999 -9999 -9999 -9999 -9999 -9999 -9999 -9999 -9999 -9999 -9999 -9999 -9999 -9999 -9999 -9999 -9999 9.41857121804995 6.51999985426664 6.49499985482544 6.49499985482544 6.52499985415488 6.55999985337257 7.4716664996619 7.43999983370304 7.42833316729714 7.59166649697969 7.62666649619738 7.28249983722344 7.24999983794987 7.43666650044421 7.25833317109694 7.05499984230846 7.12333317411443 7.39666650133828 6.6599998511374 8.02499982062727 8.04999982006848 8.64833314002802 8.69833313891043 8.71749980514869 8.69499980565161 6.77999984845519 6.82499984744936 6.87499984633178 6.92499984521419 6.93999984487891 6.87999984622002 6.87999984622002 7.91249982314184 7.81999982520938 7.36666650200884 7.37166650189708 7.32833316953232 7.74749982682988 7.60999982990324 7.54999983124435 7.6774998283945 7.35499983560294
-9999 -9999 -9999 -9999 -9999 -9999 -9999 -9999 -9999 -9999 -9999 -9999 -9999 -9999 -9999 -9999 -9999 -9999 -9999 7.99947350540836 6.54499985370785 6.52499985415488 6.60999985225499 6.65499985124916 6.64499985147268 7.50249983230606 7.65374982892536 7.4833331660678 7.50833316550901 7.69499982800335 7.51833316528549 7.34499983582646 7.23666650491456 7.00999984331429 7.06833317534377 5.26999988220632 5.26999988220632 7.37999983504415 8.99833313220491 8.99833313220491 8.96333313298722 8.70749980537221 8.63166647373388 8.15749981766567 7.14999984018505 7.48749983264133 6.86499984655529 6.94999984465539 6.94999984465539 8.5849998081103 6.95499984454364 6.95499984454364 8.70499980542809 8.72333313835164 8.71499980520457 7.82749982504174 7.83749982481822 7.75249982671812 7.78749982593581 8.29166648133347 7.73249982716516 7.27333317076166
-9999 -9999 -9999 -9999 -9999 -9999 -9999 -9999 -9999 -9999 -9999 -9999 -9999 -9999 -9999 -9999 -9999 8.44999981112778 6.64999985136092 6.68999985046685 6.73999984934926 6.74999984912574 6.77499984856695 6.79499984811991 7.51499983202666 7.62124982965179 7.75124982674606 7.2174998386763 6.96833317757895 6.93333317836126 7.69666649463276 7.45249983342364 7.26999983750284 7.34499983582646 7.79499982576817 7.66749982861802 7.41999983415008 7.54249983141199 9.07833313041677 9.09833312996973 9.08999979682267 8.9849997991696 8.79999980330467 6.8299998473376 6.8299998473376 7.39249983476475 6.91499984543771 7.41249983431771 7.4949998324737 7.5324998316355 8.69999980553985 6.96499984432012 6.91499984543771 6.86499984655529 7.82999982498586 7.49333316584428 7.4833331660678 7.87749982392415 7.81499982532114 7.71999982744455 7.37166650189708 7.4349998338148
-9999 -9999 -9999 -9999 -9999 -9999 -9999 -9999 -9999 -9999 -9999 -9999 -9999 -9999 -9999 -9999 -9999 8.00863618462939 7.89999982342124 6.56499985326082 6.77999984845519 6.81999984756112 6.82499984744936 8.01999982073903 7.75333316003283 7.59499983023852 7.51166649876783 7.43166650055597 7.48999983258545 7.42999983392656 7.58999983035028 7.64899982903153 6.68666651720802 7.86749982414767 7.86249982425943 6.82333318081995 7.40249983454123 8.65166647328685 9.02999979816377 6.78999984823167 6.8049998478964 6.91999984532595 6.98999984376132 6.8299998473376 6.82499984744936 6.90999984554946 6.92999984510243 6.94999984465539 7.24999983794987 7.2416665048028 6.86999984644353 6.66999985091388 6.6599998511374 6.86499984655529 6.87499984633178 7.72499982733279 7.90499982330948 7.9799998216331 7.95999982208014 6.97999984398484 6.93499984499067 7.04999984242022
-9999 -9999 -9999 -9999 -9999 -9999 -9999 -9999 -9999 -9999 -9999 -9999 -9999 -9999 -9999 -9999 -9999 -9999 13.1599997058511 9.14617626615526 6.59499985259026 6.59499985259026 7.98749982146546 7.63999982923269 7.59999983012676 7.59833316349735 7.4716664996619 7.35499983560294 7.06166650882612 7.10166650793205 7.15999983996153 7.4949998324737 7.9924998213537 8.01749982079491 7.23749983822927 7.39249983476475 7.42499983403832 9.06833313064029 8.90499980095774 8.88999980129302 6.76499984879047 6.89999984577298 6.87999984622002 6.87499984633178 6.92999984510243 6.91999984532595 6.93499984499067 8.2699998151511 6.60666651899616 7.01999984309077 7.21499983873218 6.72499984968454 6.82499984744936 6.81499984767288 6.8049998478964 6.80999984778464 7.86749982414767 8.06249981978908 8.25999981537461 7.33999983593822 7.12499984074384 7.26999983750284
-9999 -9999 -9999 -9999 -9999 -9999 -9999 -9999 -9999 -9999 -9999 -9999 -9999 -9999 10.6249997625127 8.25909072448584 13.9799996875226 8.25499981548637 8.41142838341849 8.42999981157482 8.15624981769361 7.6283331628268 7.63166649608562 7.59499983023852 7.44833316685011 7.51666649865607 7.46333316651483 6.50749985454604 8.06999981962144 8.45749981096014 6.87499984633178 7.04499984253198 6.83749984716997 6.98999984376132 7.77499982621521 7.81166649206231 9.13749979576096 9.24333312672873 8.70833313868692 9.1549997953698 6.92999984510243 6.91999984532595 6.88499984610826 6.91499984543771 6.90499984566122 6.88499984610826 7.44499983359128 7.36999983526766 6.92499984521419 6.90499984566122 7.46499983314425 7.46999983303249 6.69499985035509 6.81499984767288 7.24499983806163 7.45999983325601 7.43999983370304 7.31999983638525 7.15999983996153 7.08499984163791 7.15999983996153 7.20999983884394
-9999 -9999 -9999 -9999 -9999 -9999 -9999 -9999 -9999 -9999 -9999 -9999 -9999 8.59699980784208 8.91124980081804 8.9249998005107 6.56499985326082 6.56499985326082 8.64374980679713 8.67749980604276 8.28624981478788 8.16749981744215 8.17749981721863 7.64166649586211 6.68249985063449 8.98833313242843 8.98833313242843 9.82499978039414 9.85249977977946 9.10249979654327 9.1183331295227 9.16166646188746 9.09999979659915 8.94999979995191 7.89999982342124 6.47499985527247 6.47499985527247 8.30499981436878 9.19833312773456 8.34999981336296 6.83999984711409 6.88499984610826 6.95499984454364 6.92999984510243 6.92999984510243 6.93499984499067 7.03999984264374 7.99749982124195 7.70249982783571 8.93166646702836 9.04249979788437 7.45499983336776 7.19499983917922 7.01999984309077 7.16499983984977 6.85999984666705 7.51499983202666 7.4949998324737 7.34499983582646 7.15999983996153 6.97999984398484 6.96999984420836
-9999 -9999 -9999 -9999 -9999 -9999 -9999 -9999 -9999 -9999 12.369999723509 12.204999727197 7.85299982447177 7.97499982174486 8.21399981640279 10.3837497679051 10.4049997674301 12.8649997124448 7.4072220566579 8.99785694173936 8.85749980201945 9.00624979869463 8.9974997988902 8.59374980791472 8.15749981766567 7.99499982129782 7.89749982347712 9.80749978078529 9.87499977927655 9.74499978218228 9.32499979157001 9.28999979235232 9.61333311845859 9.21833312728753 8.97666646602253 7.63749982928857 7.69249982805923 7.69249982805923 6.98833317713191 7.22499983850867 7.25999983772635 7.07499984186143 7.03999984264374 7.13999984040856 7.13999984040856 9.45499978866428 9.40666645641128 7.70499982777983 6.9266665118436 7.77999982610345 8.71333313857516 6.72999984957278 6.76499984879047 6.86999984644353 6.8899998459965 6.92499984521419 7.55999983102083 7.57499983068556 7.58499983046204 7.55499983113259 7.4949998324737 7.86666649083296
-9999 -9999 -9999 -9999 -9999 -9999 -9999 -9999 -9999 -9999 12.7599997147918 12.8799997121096 12.369999723509 8.98222202145391 8.35899981316179 8.35899981316179 11.8749997345731 -9999 -9999 9.22999979369342 9.17499979492277 12.4399997219443 8.44857123973114 8.22499981615692 8.06624981970526 7.60333316338559 7.60333316338559 7.46333316651483 7.52499983180314 8.75999980419874 7.92249982291833 8.17999981716275 9.73999978229403 9.24166646009932 9.25499979313463 9.2266664604346 9.17166646166394 8.18249981710687 8.16749981744215 8.66499980632216 7.07999984174967 6.95499984454364 7.01999984309077 7.94999982230365 8.64749980671331 8.71249980526045 8.72999980486929 7.00499984342605 7.00499984342605 7.67999982833862 7.35333316897353 5.67499987315387 5.66999987326562 6.01499986555427 6.83999984711409 7.39999983459711 7.38499983493239 7.47499983292073 7.53499983157963 7.56499983090907 7.44999983347952 7.42999983392656
-9999 -9999 -9999 -9999 -9999 -9999 -9999 -9999 -9999 -9999 -9999 -9999 -9999 -9999 -9999 -9999 -9999 -9999 -9999 -9999 -9999 -9999 -9999 -9999 12.8999997116625 8.78749980358407 7.39999983459711 7.31799983642995 8.89124980126508 8.8399998024106 7.52899983171374 9.00624979869463 8.97749979933724 9.32249979162589 8.7549998043105 7.98749982146546 8.4033331455042 8.72666647161047 8.8033331365635 8.80833313645174 9.3483331243818 8.70999980531633 8.73999980464578 7.2416665048028 7.18999983929098 7.2649998376146 7.47833316617956 7.94749982235953 7.91999982297421 7.96199982203543 7.64999982900918 7.10999984107912 7.07499984186143 6.68499985057861 7.13499984052032 7.22499983850867 7.23499983828515 7.36499983537942 7.44499983359128 7.52999983169138 7.53499983157963 7.54499983135611
-9999 -9999 -9999 -9999 -9999 -9999 -9999 -9999 -9999 -9999 -9999 -9999 -9999 -9999 -9999 -9999 -9999 -9999 -9999 -9999 -9999 -9999 -9999 -9999 -9999 10.6396679468453 8.81833313622822 8.19249981688336 8.08624981925823 7.38374983496033 8.81749980291352 7.68749982817098 8.15999981760979 10.4774997658096 10.5649997638538 10.029999775812 8.82999980263412 8.73833313801636 8.84833313555767 8.66499980632216 8.51749980961904 8.68499980587512 7.19166650592039 7.24833317132046 7.43166650055597 7.53999983146787 7.63166649608562 7.69166649474452 7.54499983135611 7.50333316562076 7.37166650189708 7.42999983392656 7.50499983225018 7.56999983079731 7.5799998305738 7.5799998305738 7.42499983403832 7.33499983604997 7.53499983157963 7.58999983035028 7.61999982967973 7.62499982956797
-9999 -9999 -9999 -9999 -9999 -9999 -9999 -9999 -9999 -9999 -9999 -9999 -9999 -9999 -9999 -9999 -9999 -9999 -9999 -9999 -9999 -9999 -9999 -9999 -9999 -9999 -9999 8.3219998139888 8.39599981233478 7.85857125291867 7.81499982532114 7.66785697146718 9.39749978994951 8.73249980481341 8.69999980553985 9.17249979497865 8.84999980218709 8.39666647898654 8.26166648200403 8.58874980802648 8.00399982109666 7.27666650402049 7.24333317143222 7.47999983280897 7.42833316729714 7.84499982465059 7.82499982509762 7.8099998254329 7.44999983347952 7.52666649843256 7.54666649798552 7.53999983146787 7.50999983213842 7.53499983157963 7.5799998305738 7.5799998305738 7.59999983012676 7.61999982967973 7.61499982979149 7.65999982878566 7.66999982856214 7.62499982956797
