EcologicalScience/Bass/data/rs_data_bass/sst_24.asc
NCOLS 226 
NROWS 124 
XLLCORNER -9.41648524995501 
YLLCORNER 47.587301625531 
CELLSIZE 0.0833 
NODATA_value -9999 
[rows 0 to 26 of 124, columns 62 to 123 of 226]
-9999 -9999 -9999 -9999 -9999 -9999 -9999 -9999 -9999 -9999 -9999 -9999 -9999 -9999 -9999 -9999 -9999 -9999 -9999 -9999 -9999 -9999 -9999 -9999 -9999 -9999 -9999 -9999 -9999 -9999 -9999 -9999 -9999 -9999 -9999 -9999 -9999 -9999 -9999 -9999 -9999 -9999 -9999 -9999 -9999 -9999 -9999 -9999 -9999 -9999 -9999 -9999 -9999 -9999 -9999 -9999 -9999 -9999 -9999 -9999 -9999 -9999
-9999 -9999 -9999 -9999 -9999 -9999 -9999 -9999 -9999 -9999 -9999 -9999 -9999 -9999 -9999 -9999 -9999 -9999 -9999 -9999 -9999 -9999 -9999 -9999 -9999 -9999 -9999 -9999 -9999 -9999 -9999 -9999 -9999 -9999 -9999 -9999 -9999 -9999 -9999 -9999 -9999 -9999 -9999 -9999 -9999 -9999 -9999 -9999 -9999 -9999 -9999 -9999 -9999 -9999 -9999 -9999 -9999 -9999 -9999 -9999 -9999 -9999
-9999 -9999 -9999 -9999 -9999 -9999 -9999 -9999 -9999 -9999 -9999 -9999 -9999 -9999 -9999 -9999 -9999 -9999 -9999 -9999 -9999 -9999 -9999 -9999 -9999 -9999 -9999 -9999 -9999 -9999 -9999 -9999 -9999 -9999 -9999 -9999 -9999 -9999 -9999 -9999 -9999 -9999 -9999 -9999 -9999 -9999 -9999 -9999 -9999 -9999 -9999 -9999 -9999 -9999 -9999 -9999 -9999 -9999 -9999 -9999 -9999 -9999
-9999 -9999 -9999 -9999 -9999 -9999 -9999 -9999 -9999 -9999 -9999 -9999 -9999 -9999 -9999 -9999 -9999 -9999 -9999 -9999 -9999 -9999 -9999 -9999 -9999 -9999 -9999 -9999 -9999 -9999 -9999 -9999 -9999 -9999 -9999 -9999 -9999 -9999 -9999 -9999 -9999 -9999 -9999 -9999 -9999 -9999 -9999 -9999 -9999 -9999 -9999 -9999 -9999 -9999 -9999 -9999 -9999 -9999 -9999 -9999 -9999 -9999
-9999 -9999 -9999 -9999 -9999 -9999 -9999 -9999 -9999 -9999 -9999 -9999 -9999 -9999 -9999 -9999 -9999 -9999 -9999 -9999 -9999 -9999 -9999 -9999 -9999 -9999 -9999 -9999 -9999 -9999 -9999 -9999 -9999 -9999 -9999 -9999 -9999 -9999 -9999 -9999 -9999 -9999 -9999 -9999 -9999 -9999 -9999 -9999 -9999 -9999 -9999 -9999 -9999 -9999 -9999 -9999 -9999 -9999 -9999 -9999 -9999 -9999
-9999 -9999 -9999 -9999 -9999 -9999 -9999 -9999 -9999 -9999 -9999 -9999 -9999 -9999 -9999 -9999 -9999 -9999 -9999 -9999 -9999 -9999 -9999 -9999 -9999 -9999 -9999 -9999 11.7199997380376 11.9383330664908 11.7599997371435 11.4949997430667 11.479999743402 11.9399997331202 12.2699997257441 12.4549997216091 12.784999714233 12.619999717921 12.5299997199327 12.7249997155741 12.784999714233 12.8599997125566 12.9999997094274 13.21999970451 13.4249996999279 13.4399996995926 13.4549996992573 13.469999698922 13.5749996965751 13.6949996938929 13.7499996926636 13.5949996961281 13.5949996961281 13.654999694787 13.4349996997043 13.3149997023866 13.3099997024983 13.5049996981397 13.5599996969104 13.5049996981397 13.4549996992573 13.5949996961281
-9999 -9999 -9999 -9999 -9999 -9999 -9999 -9999 -9999 -9999 -9999 -9999 -9999 -9999 -9999 -9999 -9999 -9999 -9999 -9999 -9999 -9999 -9999 -9999 -9999 -9999 -9999 11.6899997387081 12.0099997315556 12.0049997316673 12.122499729041 11.9049997339025 12.0249997312203 12.2699997257441 12.3449997240677 12.2599997259676 12.6149997180328 13.1049997070804 13.1099997069687 13.1099997069687 13.054999708198 13.1249997066334 13.3299997020513 13.4999996982515 13.6099996957928 13.5799996964633 13.5999996960163 13.6749996943399 13.7699996922165 13.779999691993 13.7899996917695 13.6099996957928 13.1749997055158 13.324999702163 13.0999997071922 13.4299996998161 13.1749997055158 13.4349996997043 13.3499997016042 13.0649997079745 13.0149997090921 13.2799997031689
-9999 -9999 -9999 -9999 -9999 -9999 -9999 -9999 -9999 -9999 -9999 -9999 -9999 -9999 -9999 -9999 -9999 -9999 -9999 -9999 -9999 -9999 -9999 -9999 -9999 -9999 10.9213155453633 11.624999740161 11.8599997349083 12.4449997218326 11.5724997413345 11.596666407461 11.6233330735316 12.3449997240677 11.4899997431785 12.3599997237325 12.929999710992 13.4499996993691 13.2849997030571 13.4249996999279 13.489999698475 13.5899996962398 13.5299996975809 13.509999698028 13.6649996945634 13.6099996957928 13.6049996959046 13.6049996959046 13.6949996938929 13.8299996908754 13.8299996908754 13.6499996948987 13.5649996967986 13.5799996964633 13.7499996926636 13.7849996918812 13.6699996944517 13.5199996978045 13.4399996995926 13.5049996981397 13.5749996965751 13.6049996959046
-9999 -9999 -9999 -9999 -9999 -9999 -9999 -9999 -9999 -9999 -9999 -9999 -9999 -9999 -9999 -9999 -9999 -9999 -9999 -9999 -9999 -9999 -9999 -9999 -9999 -9999 11.8799997344613 11.6649997392669 11.7049997383729 12.5583330526327 11.7174997380935 11.7299997378141 12.0949997296557 12.3249997245148 12.3649997236207 12.5749997189268 12.4099997226149 12.514999720268 12.9199997112155 13.3599997013807 13.6949996938929 13.6849996941164 13.5349996974692 13.2899997029454 13.2249997043982 13.4999996982515 13.4299996998161 13.6199996955693 13.5999996960163 13.5799996964633 13.7299996931106 13.8849996896461 14.1199996843934 14.0249996865168 14.0249996865168 13.8799996897578 13.8249996909872 13.6899996940047 13.7099996935576 13.7099996935576 13.7249996932223 13.7849996918812
-9999 -9999 -9999 -9999 -9999 -9999 -9999 -9999 -9999 -9999 -9999 -9999 -9999 -9999 -9999 -9999 -9999 -9999 -9999 -9999 -9999 -9999 -9999 -9999 -9999 11.3231912362687 11.6549997394904 11.4399997442961 11.5899997409433 11.5649997415021 11.9424997330643 12.5274997199886 12.0249997312203 12.2999997250736 12.4799997210503 12.4699997212738 12.5799997188151 12.6299997176975 12.9449997106567 13.4049997003749 13.3049997026101 13.4149997001514 13.5499996971339 13.4599996991456 13.4499996993691 13.6049996959046 13.3199997022748 13.1649997057393 13.2649997035041 13.2349997041747 13.489999698475 13.9149996889755 14.2299996819347 14.1399996839464 13.9349996885285 13.9349996885285 13.9549996880814 13.9749996876344 13.9399996884167 13.8799996897578 13.8699996899813 14.1149996845052
-9999 -9999 -9999 -9999 -9999 -9999 -9999 -9999 -9999 -9999 -9999 -9999 -9999 -9999 -9999 -9999 -9999 -9999 -9999 -9999 -9999 -9999 -9999 -9999 8.89785694397454 12.4583330548679 11.5849997410551 11.7649997370318 11.8449997352436 11.8399997353554 12.2224997268058 12.4599997214973 12.4724997212179 12.4349997220561 12.6599997170269 13.2099997047335 13.179999705404 13.2549997037277 13.2699997033924 13.2799997031689 13.2899997029454 13.3199997022748 13.3849997008219 13.3749997010455 13.469999698922 13.5399996973574 13.3299997020513 13.3099997024983 13.364999701269 13.3399997018278 13.3299997020513 13.5049996981397 13.5449996972457 13.779999691993 13.924999688752 14.0199996866286 13.8949996894225 13.9549996880814 13.9749996876344 13.7099996935576 13.4799996986985 13.4799996986985
-9999 -9999 -9999 -9999 -9999 -9999 -9999 -9999 -9999 -9999 -9999 -9999 -9999 -9999 -9999 -9999 -9999 -9999 -9999 -9999 -9999 -9999 -9999 -9999 13.436428271101 11.9999997317791 12.1749997278675 12.1399997286499 12.0249997312203 12.0649997303262 12.4349997220561 12.2683330591147 12.3599997237325 12.5349997198209 12.9699997100979 13.3499997016042 13.3399997018278 13.2699997033924 13.1699997056276 13.1599997058511 13.199999704957 13.1599997058511 13.1399997062981 13.2149997046217 13.3399997018278 13.3949997005984 13.3849997008219 13.344999701716 13.3199997022748 13.4099997002631 13.5199996978045 13.5999996960163 13.7649996923283 14.0299996864051 13.9599996879697 13.8449996905401 13.9299996886402 14.069999685511 14.1399996839464 14.1699996832758 14.2049996824935 14.4349996773526
-9999 -9999 -9999 -9999 -9999 -9999 -9999 -9999 -9999 -9999 -9999 -9999 -9999 -9999 -9999 -9999 -9999 -9999 -9999 -9999 -9999 -9999 -9999 8.82444424720274 12.0774997300468 12.1174997291528 12.2299997266382 12.2299997266382 12.1749997278675 12.5399997197092 12.3824997232296 13.0099997092038 13.0099997092038 12.2549997260794 13.1749997055158 13.4349996997043 13.324999702163 13.2149997046217 13.1249997066334 13.1149997068569 13.1449997061864 13.179999705404 13.2599997036159 13.3299997020513 13.2699997033924 13.2799997031689 13.2949997028336 13.3799997009337 13.3949997005984 13.3999997004867 13.5749996965751 13.7199996933341 13.6999996937811 13.7899996917695 13.8349996907637 13.9349996885285 13.8749996898696 13.8549996903166 13.6499996948987 13.7449996927753 13.8299996908754 13.8449996905401
-9999 -9999 -9999 -9999 -9999 -9999 -9999 -9999 -9999 -9999 -9999 -9999 -9999 -9999 -9999 -9999 -9999 -9999 -9999 -9999 -9999 -9999 11.2816664145018 12.2491663928765 12.1433330619087 11.9049997339025 11.9199997335672 12.0449997307733 12.7749997144565 12.7749997144565 12.5174997202121 12.4174997224472 13.1949997050688 12.8599997125566 12.7099997159094 13.0199997089803 12.9949997095391 13.1299997065216 13.1399997062981 13.0899997074157 13.0899997074157 13.1749997055158 13.199999704957 13.21999970451 13.2399997040629 13.3049997026101 13.3149997023866 13.3799997009337 13.469999698922 13.5199996978045 13.7449996927753 13.75999969244 13.8099996913224 13.8149996912107 13.75999969244 13.8299996908754 13.7499996926636 13.8049996914342 13.8299996908754 13.7649996923283 13.7899996917695 13.779999691993
-9999 -9999 -9999 -9999 -9999 -9999 -9999 -9999 -9999 -9999 -9999 -9999 -9999 -9999 -9999 -9999 -9999 -9999 -9999 -9999 -9999 11.5499997418374 11.5499997418374 12.3633330569913 12.0899997297674 12.494999720715 12.6049997182563 12.6849997164682 12.6549997171387 12.6749997166917 13.5649996967986 13.4299996998161 13.3599997013807 13.2499997038394 12.9999997094274 13.034999708645 13.2599997036159 13.3399997018278 13.3149997023866 13.2699997033924 13.2149997046217 13.2049997048452 13.1699997056276 13.179999705404 13.1249997066334 13.2449997039512 13.3849997008219 13.4049997003749 13.3499997016042 13.4549996992573 13.5399996973574 13.634999695234 13.6749996943399 13.614999695681 13.8649996900931 13.9849996874109 13.8549996903166 13.8649996900931 13.9099996890873 13.8849996896461 13.9149996889755 13.9399996884167
-9999 -9999 -9999 -9999 -9999 -9999 -9999 -9999 -9999 -9999 -9999 -9999 -9999 -9999 -9999 -9999 -9999 -9999 -9999 -9999 12.8114282850708 12.5833330520739 12.5199997201562 11.8099997360259 11.7599997371435 11.5999997407198 11.9399997331202 12.5783330521857 12.4474997217767 12.5849997187033 13.0199997089803 13.614999695681 13.3149997023866 13.1449997061864 13.1449997061864 13.1549997059628 13.199999704957 13.2899997029454 13.3899997007102 13.4749996988103 13.4049997003749 13.3599997013807 13.2899997029454 13.2349997041747 13.2249997043982 13.2649997035041 13.3399997018278 13.4249996999279 13.5049996981397 13.5549996970221 13.5749996965751 13.509999698028 13.5699996966869 13.7949996916577 13.9749996876344 14.1149996845052 14.1899996828288 14.1649996833876 14.1249996842816 14.0199996866286 14.1599996834993 14.2749996809289
-9999 -9999 -9999 -9999 -9999 -9999 -9999 -9999 -9999 -9999 -9999 -9999 -9999 -9999 -9999 -9999 -9999 -9999 -9999 12.8652628703337 12.3749997233972 12.4733330545326 12.3524997239001 12.6649997169152 12.7324997154064 12.3349997242913 12.2224997268058 13.5349996974692 13.3099997024983 13.1849997052923 13.2349997041747 13.3199997022748 13.3949997005984 13.21999970451 13.1549997059628 13.2299997042865 13.2099997047335 13.2599997036159 13.4149997001514 13.5299996975809 13.5599996969104 13.4299996998161 13.3399997018278 13.2749997032806 13.2899997029454 13.3049997026101 13.3999997004867 13.5049996981397 13.5599996969104 13.5749996965751 13.614999695681 13.6999996937811 13.8799996897578 14.0549996858463 14.1349996840581 14.1499996837229 14.1399996839464 14.1199996843934 14.069999685511 14.0849996851757 14.1199996843934 14.1849996829405
-9999 -9999 -9999 -9999 -9999 -9999 -9999 -9999 -9999 -9999 -9999 -9999 -9999 -9999 -9999 -9999 -9999 13.4341663663896 13.2349997041747 13.0766663743804 12.6874997164123 12.7599997147918 12.0649997303262 12.1149997292086 12.1699997279793 13.6199996955693 13.4949996983632 12.9499997105449 13.1899997051805 13.469999698922 13.7449996927753 13.6399996951222 13.4349996997043 13.2949997028336 13.3499997016042 13.4349996997043 13.4849996985868 13.4099997002631 13.489999698475 13.5549996970221 13.5149996979162 13.4449996994808 13.4449996994808 13.5249996976927 13.3899997007102 13.4449996994808 13.5249996976927 13.5499996971339 13.5249996976927 13.5749996965751 13.7899996917695 13.9799996875226 14.089999685064 14.0349996862933 14.0449996860698 14.0249996865168 14.0999996848404 14.194999682717 14.1849996829405 14.2699996810406 14.3299996796995 14.2399996817112
-9999 -9999 -9999 -9999 -9999 -9999 -9999 -9999 -9999 -9999 -9999 -9999 -9999 -9999 -9999 -9999 -9999 13.2033330382158 13.9099996890873 13.8499996904284 13.4349996997043 12.76499971468 12.7949997140095 12.9949997095391 12.8849997119978 12.7149997157976 13.1249997066334 13.179999705404 13.4499996993691 13.6299996953458 13.6499996948987 13.4049997003749 13.3299997020513 13.3599997013807 13.324999702163 13.4149997001514 13.4549996992573 13.3699997011572 13.5249996976927 13.8199996910989 13.4649996990338 13.7349996929988 13.6449996950105 13.6849996941164 13.7299996931106 13.634999695234 13.6449996950105 13.6249996954575 13.6199996955693 13.7149996934459 13.8699996899813 14.0399996861815 13.9199996888638 13.9599996879697 14.0649996856228 14.0999996848404 14.1849996829405 14.1299996841699 14.0149996867403 14.194999682717 14.1449996838346 14.0249996865168
-9999 -9999 -9999 -9999 -9999 -9999 -9999 -9999 -9999 -9999 -9999 -9999 -9999 -9999 -9999 -9999 -9999 -9999 13.1599997058511 12.9666663768391 13.2166663712511 12.6449997173622 12.8149997135624 12.9199997112155 13.0899997074157 12.8499997127801 13.054999708198 13.054999708198 13.0499997083098 13.0399997085333 13.1499997060746 13.2799997031689 13.2999997027218 13.2299997042865 13.2549997037277 13.2749997032806 13.3799997009337 13.3849997008219 13.4349996997043 13.614999695681 13.7749996921048 13.8999996893108 13.9099996890873 13.8199996910989 13.8549996903166 13.8149996912107 13.7499996926636 13.6999996937811 13.6949996938929 13.779999691993 13.7899996917695 13.7049996936694 13.6849996941164 13.8049996914342 13.9849996874109 14.0799996852875 14.0799996852875 13.9749996876344 14.0049996869639 14.0149996867403 14.1849996829405 14.0399996861815
-9999 -9999 -9999 -9999 -9999 -9999 -9999 -9999 -9999 -9999 -9999 -9999 -9999 -9999 10.6249997625127 12.9909088005396 13.0774997076951 12.1774997278117 12.2774997255765 12.3666663902501 12.8574997126125 12.9874997097068 13.0149997090921 13.3899997007102 13.1299997065216 13.1849997052923 13.0599997080863 13.0149997090921 13.1299997065216 13.1049997070804 13.2499997038394 13.3949997005984 13.4299996998161 13.4099997002631 13.3499997016042 13.2449997039512 13.3099997024983 13.5049996981397 13.5449996972457 13.6499996948987 13.8249996909872 13.9199996888638 13.8349996907637 13.779999691993 13.8399996906519 13.9099996890873 13.8499996904284 13.7949996916577 13.8049996914342 13.8099996913224 13.8249996909872 13.7949996916577 13.6799996942282 13.6649996945634 13.8149996912107 13.9649996878579 14.0349996862933 14.0599996857345 14.0299996864051 13.9849996874109 13.9549996880814 14.049999685958
-9999 -9999 -9999 -9999 -9999 -9999 -9999 -9999 -9999 -9999 -9999 -9999 -9999 13.0474997083656 12.6849997164682 12.7399997152388 13.0649997079745 13.0399997085333 12.9999997094274 13.2599997036159 13.2149997046217 13.3699997011572 12.3249997245148 13.199999704957 13.3049997026101 12.9749997099862 13.3949997005984 13.489999698475 13.2249997043982 13.2299997042865 13.3199997022748 13.3549997014925 13.3849997008219 13.4299996998161 13.4449996994808 13.2599997036159 13.324999702163 13.4949996983632 13.7149996934459 13.75999969244 13.7549996925518 13.799999691546 13.8049996914342 13.779999691993 13.7949996916577 13.8649996900931 13.8299996908754 13.8099996913224 13.7899996917695 13.7249996932223 13.7699996922165 13.779999691993 13.7149996934459 13.6799996942282 13.7149996934459 13.8149996912107 13.904999689199 13.9599996879697 13.9549996880814 14.0149996867403 14.0449996860698 14.1749996831641
-9999 -9999 -9999 -9999 -9999 -9999 -9999 -9999 -9999 -9999 12.369999723509 12.204999727197 12.4499997217208 12.514999720268 12.9049997115508 12.9499997105449 13.2499997038394 13.3199997022748 13.1118747069268 13.2349997041747 13.2249997043982 13.4299996998161 13.6049996959046 14.069999685511 13.6649996945634 13.3849997008219 13.4549996992573 13.7899996917695 13.6299996953458 13.3049997026101 13.2549997037277 13.3549997014925 13.4099997002631 13.5799996964633 13.8049996914342 13.8099996913224 13.8349996907637 13.7849996918812 13.614999695681 13.5749996965751 13.5999996960163 13.4999996982515 13.5949996961281 13.6649996945634 13.6899996940047 13.7099996935576 13.7149996934459 13.7249996932223 13.7649996923283 13.8399996906519 13.7949996916577 13.8149996912107 13.7849996918812 13.8449996905401 13.8349996907637 13.8699996899813 14.0049996869639 14.0649996856228 14.0449996860698 14.069999685511 13.9999996870756 13.944999688305
-9999 -9999 -9999 -9999 -9999 -9999 -9999 -9999 -9999 -9999 12.7599997147918 12.8799997121096 12.369999723509 12.784999714233 12.7899997141212 12.7999997138977 11.8749997345731 -9999 -9999 9.22999979369342 9.17499979492277 12.4399997219443 13.2449997039512 13.3999997004867 13.5599996969104 13.5349996974692 13.3999997004867 13.344999701716 13.1399997062981 13.1349997064099 13.4649996990338 13.3599997013807 13.3849997008219 13.509999698028 13.5649996967986 13.7749996921048 13.944999688305 13.8249996909872 13.6449996950105 13.5399996973574 13.4999996982515 13.614999695681 13.5399996973574 13.8449996905401 13.7749996921048 13.7299996931106 13.6799996942282 13.6949996938929 13.654999694787 13.8149996912107 13.8749996898696 13.9499996881932 14.0299996864051 14.0999996848404 14.0999996848404 14.1099996846169 14.0549996858463 14.0749996853992 14.0299996864051 13.9299996886402 13.9599996879697 14.0399996861815
-9999 -9999 -9999 -9999 -9999 -9999 -9999 -9999 -9999 -9999 -9999 -9999 -9999 -9999 -9999 -9999 -9999 -9999 -9999 -9999 -9999 -9999 -9999 -9999 12.8999997116625 13.9255552442951 13.469999698922 13.469999698922 13.1649997057393 13.2649997035041 13.4249996999279 13.3999997004867 13.2699997033924 13.1599997058511 13.3299997020513 13.4849996985868 13.7649996923283 13.5199996978045 13.4599996991456 13.3199997022748 13.6499996948987 13.5699996966869 13.7949996916577 13.8599996902049 13.8099996913224 13.6749996943399 13.5999996960163 13.6449996950105 13.8549996903166 13.9099996890873 13.8799996897578 14.0299996864051 14.0349996862933 14.1849996829405 14.1349996840581 14.1399996839464 14.0799996852875 14.069999685511 14.0199996866286 14.0349996862933 14.0599996857345 14.0149996867403
-9999 -9999 -9999 -9999 -9999 -9999 -9999 -9999 -9999 -9999 -9999 -9999 -9999 -9999 -9999 -9999 -9999 -9999 -9999 -9999 -9999 -9999 -9999 -9999 -9999 10.6396679468453 13.9689996877685 12.8449997128919 12.8999997116625 13.0099997092038 13.0899997074157 13.4324996997602 13.6699996944517 13.0049997093156 13.0949997073039 13.1499997060746 12.9599997103214 12.9499997105449 13.4649996990338 13.634999695234 13.8999996893108 13.3499997016042 13.179999705404 13.2599997036159 13.7399996928871 13.8299996908754 13.75999969244 13.6649996945634 13.7199996933341 13.8549996903166 14.0049996869639 14.1549996836111 14.1149996845052 14.0849996851757 14.0749996853992 13.9499996881932 14.0299996864051 14.089999685064 14.0599996857345 14.0449996860698 14.2099996823817 14.1349996840581
-9999 -9999 -9999 -9999 -9999 -9999 -9999 -9999 -9999 -9999 -9999 -9999 -9999 -9999 -9999 -9999 -9999 -9999 -9999 -9999 -9999 -9999 -9999 -9999 -9999 -9999 -9999 13.7399996928871 13.6299996953458 12.5199997201562 12.3199997246265 11.9999997317791 11.8399997353554 13.5416663639868 12.8149997135624 12.7299997154623 12.9699997100979 13.344999701716 13.7349996929988 13.924999688752 13.9599996879697 13.6649996945634 13.3899997007102 13.3299997020513 13.6449996950105 13.7449996927753 13.9199996888638 13.8499996904284 13.8599996902049 13.8249996909872 13.9649996878579 14.0949996849522 14.2049996824935 14.1649996833876 14.089999685064 13.9299996886402 13.8199996910989 13.9349996885285 14.0999996848404 14.0449996860698 14.0849996851757 14.1599996834993
