EcologicalScience/Bass/data/rs_data_bass/sst_518.asc
NCOLS 226 
NROWS 124 
XLLCORNER -9.41648524995501 
YLLCORNER 47.587301625531 
CELLSIZE 0.0833 
NODATA_value -9999 
[rows 54 to 80 of 124, columns 0 to 61 of 226]
-9999 -9999 -9999 -9999 -9999 -9999 -9999 -9999 -9999 -9999 -9999 -9999 -9999 -9999 -9999 -9999 -9999 -9999 -9999 -9999 -9999 -9999 -9999 -9999 -9999 -9999 -9999 -9999 -9999 -9999 -9999 -9999 -9999 -9999 -9999 -9999 -9999 -9999 8.84311959194019 6.63562424806878 7.49875636189245 7.67661823495291 7.80212560505606 7.73112429282628 7.8473082582932 7.61924343719147 7.70458844886161 8.42141482839361 7.98536636540666 7.55003508739173 7.91364786820486 7.9789117006585 7.9351634173654 7.31336404662579 6.74750510370359 6.94401378603652 6.85866877436638 6.95477156061679 13.7149996934459 -9999 -9999 7.41013279035022
-9999 -9999 -9999 -9999 -9999 -9999 -9999 -9999 -9999 -9999 -9999 -9999 -9999 -9999 -9999 -9999 -9999 -9999 -9999 -9999 -9999 -9999 -9999 -9999 -9999 -9999 -9999 -9999 -9999 -9999 -9999 -9999 -9999 -9999 -9999 -9999 -9999 -9999 13.6499996948987 7.45680104102939 7.46289711329155 7.73614458763041 7.88424328435212 7.87814721208997 7.59701070305891 7.55290382727981 7.51991331856698 8.55983152799308 8.50245673023164 8.38483839482069 8.03700368339196 7.88496046932414 7.57728811632842 7.65044098347425 7.17351297708228 7.15558335278183 6.95046845078468 13.8355093807913 -9999 13.6649996945634 -9999 14.2749996809289
-9999 -9999 -9999 -9999 -9999 -9999 -9999 -9999 -9999 -9999 -9999 -9999 -9999 -9999 -9999 -9999 -9999 -9999 -9999 -9999 -9999 -9999 -9999 -9999 -9999 -9999 -9999 -9999 -9999 -9999 -9999 -9999 -9999 -9999 -9999 -9999 -9999 -9999 -9999 8.27155732090718 7.59019744582474 7.4890743647702 7.90396587108262 7.92978453007527 7.67876978986897 7.67661823495291 7.75766013679095 8.6322672101669 8.45010222727433 8.48237555101514 8.22132022120059 8.13884394941851 7.55935849202797 7.41879023751244 7.2459486592561 7.14482557820156 7.12833032384515 7.22658466501161 10.0577375406865 15.0349996639416 20.6549995383248 -9999
-9999 -9999 -9999 -9999 -9999 -9999 -9999 -9999 -9999 -9999 -9999 -9999 -9999 -9999 -9999 -9999 -9999 -9999 -9999 -9999 -9999 -9999 -9999 -9999 -9999 -9999 -9999 -9999 -9999 -9999 -9999 -9999 -9999 -9999 -9999 -9999 -9999 -9999 -9999 13.324999702163 8.22931171088879 7.87491987971589 8.17972349282354 7.88496046932414 7.79029205301777 7.79531234782189 7.77666553854942 8.10298470081761 8.4250007532537 8.64732809457928 8.65019683446735 7.89356668898836 7.66191594302654 7.39584031840786 7.09031952032819 7.24379710434005 7.37575913919136 7.36787010449916 7.3413342605345 7.37002165941522 9.5777082526125 -9999
-9999 -9999 -9999 -9999 -9999 -9999 -9999 -9999 -9999 -9999 -9999 -9999 -9999 -9999 -9999 -9999 -9999 -9999 -9999 -9999 -9999 -9999 -9999 -9999 -9999 -9999 -9999 -9999 -9999 -9999 -9999 -9999 -9999 -9999 -9999 -9999 -9999 -9999 -9999 -9999 6.25788844011437 7.36643573455513 7.30045471712947 7.23375651473179 7.38508254382759 7.13980528339744 7.89715261384845 8.02911464869976 8.0864894464612 8.20482496684417 8.52540664933622 8.46444592671469 8.2937559033744 8.12450024997815 7.9071932034567 7.75730154430494 7.69920956157148 7.34922329522669 7.45178074622527 7.43026519706473 7.3693044744432 13.8849996896461
-9999 -9999 -9999 -9999 -9999 -9999 -9999 -9999 -9999 -9999 -9999 -9999 -9999 -9999 -9999 -9999 -9999 -9999 -9999 -9999 -9999 -9999 -9999 -9999 -9999 -9999 -9999 -9999 -9999 -9999 -9999 -9999 -9999 -9999 -9999 -9999 -9999 -9999 -9999 14.0999996848404 13.2163940204773 7.93062124587595 7.09749137004837 7.31551560154185 7.42309334734455 7.43456830689684 7.52780235325918 7.99684132495895 8.05923641752452 8.17828912287951 8.35041351616383 8.37121188035235 8.46014281688258 8.32746359705925 8.28371531376615 7.81109041720629 7.75514998938888 7.32842493103817 7.42739645717666 9.45689332132627 -9999 -9999
-9999 -9999 -9999 -9999 -9999 -9999 -9999 -9999 -9999 -9999 -9999 -9999 -9999 -9999 -9999 -9999 -9999 -9999 -9999 -9999 -9999 -9999 -9999 -9999 -9999 -9999 -9999 -9999 -9999 -9999 -9999 -9999 -9999 -9999 -9999 -9999 -9999 -9999 -9999 10.3023758545052 7.9830713734962 7.80607012240216 6.40074616973288 7.32053589634597 7.26100954366848 7.23447369970381 7.35998106980696 7.84479811089113 8.1503189089708 8.20841089170426 8.20841089170426 8.24785606516525 8.16968290321529 8.00186161976308 7.8914151340723 7.63896602392197 7.46971037052572 13.7399996928871 8.65292213736102 7.60525833023712 7.17136142216623 7.03294472256675
-9999 -9999 -9999 -9999 -9999 -9999 -9999 -9999 -9999 -9999 -9999 -9999 -9999 -9999 -9999 -9999 -9999 -9999 -9999 -9999 -9999 -9999 -9999 -9999 -9999 -9999 -9999 -9999 -9999 -9999 -9999 -9999 -9999 -9999 -9999 -9999 -9999 -9999 -9999 6.17339853360318 7.41161838779226 7.42070273077115 7.57274594483897 7.19251837884076 6.96050904039294 7.05374308675528 7.20435193087906 7.29830316221341 7.96743674110621 8.11589403031394 8.16681416332722 8.12450024997815 8.09150974126533 7.87994017452002 7.78455457324162 7.74941250961274 7.74008910497651 7.9710226659663 6.85651721945032 7.7357859951444 7.72502822056413 7.04155094223097
-9999 -9999 -9999 -9999 -9999 -9999 -9999 -9999 -9999 -9999 -9999 -9999 -9999 -9999 -9999 -9999 -9999 -9999 -9999 -9999 -9999 -9999 -9999 -9999 -9999 -9999 -9999 -9999 -9999 -9999 -9999 -9999 -9999 -9999 -9999 -9999 -9999 -9999 11.4318263324766 6.48250525654294 7.64350819541141 7.71259701438248 7.28395946277305 7.42381053231657 6.88018432352692 7.37289039930329 7.42165897740051 7.60884425509721 7.81826226692647 8.04489271808416 8.12306588003412 8.16322823846713 8.17613756796345 8.078600411769 7.95667896652594 7.85985899530351 7.84766685077921 7.93372904742137 7.80965604726225 7.39297157851979 7.55577256716788 7.12976469378918
-9999 -9999 -9999 -9999 -9999 -9999 -9999 -9999 -9999 -9999 -9999 -9999 -9999 -9999 -9999 -9999 -9999 -9999 -9999 -9999 -9999 -9999 -9999 -9999 -9999 -9999 -9999 -9999 -9999 -9999 -9999 -9999 -9999 -9999 -9999 -9999 -9999 -9999 8.02952446868377 7.35496077500284 7.39297157851979 7.49839776940644 7.6841486771591 7.65259253839031 7.8196966368705 7.72000792576 7.81180760217831 7.92870875261724 8.00831628451124 8.13956113439053 8.21701711136848 8.24140140041709 8.18474378762767 8.12306588003412 7.94448682200164 7.99325540009886 8.1381267644465 8.16107668355107 8.01548813423142 7.56007567699999 7.47616503527388 7.51991331856698
-9999 -9999 -9999 -9999 -9999 -9999 -9999 -9999 -9999 -9999 -9999 -9999 -9999 -9999 -9999 -9999 -9999 -9999 -9999 -9999 -9999 -9999 -9999 -9999 -9999 -9999 -9999 -9999 -9999 -9999 -9999 -9999 -9999 -9999 -9999 -9999 -9999 13.0005666831797 7.58015685621649 7.4051637230441 7.3771935091354 7.61099581001326 7.82113100681454 7.90791038842872 7.94663837691769 7.90575883351266 8.03126620361581 8.05349893774837 8.14099550433457 8.23494673566893 8.2019562269561 8.20267341192812 8.09007537132129 8.09724722104147 8.13669239450246 8.17757193790749 8.1144596603699 7.94592119194567 7.8275856715627 7.77738272352144 7.23662525461987 7.06880397116765
-9999 -9999 -9999 -9999 -9999 -9999 -9999 -9999 -9999 -9999 -9999 -9999 -9999 -9999 -9999 -9999 -9999 -9999 -9999 -9999 -9999 -9999 -9999 -9999 -9999 -9999 -9999 -9999 -9999 -9999 -9999 -9999 -9999 -9999 -9999 -9999 -9999 7.58732870593667 7.57872248627245 7.5407116827555 7.39368876349181 7.48620562488213 8.02768027875572 7.79674671776593 8.08792381640524 8.01979124406353 8.0348521284759 8.0864894464612 8.237815475557 8.27797783399001 8.18474378762767 8.12808617483824 8.08146915165707 8.20769370673224 8.16251105349511 8.1381267644465 7.96600237116218 7.85699025541544 7.75801872927696 7.63538009906188 7.52565079834312 6.84432507492602
-9999 -9999 -9999 -9999 -9999 -9999 -9999 -9999 -9999 -9999 -9999 -9999 -9999 -9999 -9999 -9999 -9999 -9999 -9999 -9999 -9999 -9999 -9999 -9999 -9999 -9999 -9999 -9999 -9999 -9999 -9999 -9999 -9999 -9999 -9999 10.4399997666478 8.57154554920271 8.36604814855382 7.64685505861416 7.43456830689684 7.44676045142114 7.63322854414582 7.81395915709436 8.14171268930659 8.24857325013727 8.23494673566893 8.17828912287951 7.96958829602227 7.88998076412827 7.81395915709436 8.1381267644465 8.13167209969833 7.98106325557455 7.76017028419301 7.84049500105903 7.87635424965993 7.8914151340723 7.42381053231657 7.54286323767155 7.50843835901469 7.39368876349181 7.37575913919136
-9999 -9999 -9999 -9999 -9999 -9999 -9999 -9999 -9999 -9999 -9999 -9999 -9999 -9999 -9999 -9999 -9999 -9999 -9999 -9999 -9999 -9999 -9999 -9999 -9999 -9999 -9999 -9999 -9999 -9999 -9999 17.9311956105611 17.8449996011332 -9999 -9999 7.88691280619241 7.81109041720629 7.74941250961274 7.69705800665542 7.58087404118851 7.53569138795137 7.63107698922977 7.98751792032272 8.28443249873817 8.31168552767485 8.39918209426105 8.23853266052902 8.16107668355107 8.0943784811534 7.84623248083517 7.79602953279391 7.7121188910678 7.93229467747733 7.50628680409864 7.41376994270831 7.59808648051694 7.55433819722384 7.32770774606615 7.36787010449916 7.36356699466705 7.0107119884342 7.50628680409864
-9999 -9999 -9999 -9999 -9999 -9999 -9999 -9999 -9999 -9999 -9999 -9999 -9999 -9999 -9999 -9999 -9999 -9999 -9999 -9999 -9999 -9999 -9999 -9999 -9999 -9999 -9999 -9999 -9999 7.87236754496253 13.7849996918812 8.26650287443772 8.30523086292669 11.1651254696772 13.9099996890873 10.8841656583928 7.99755850993097 7.91077912831679 7.82543411664665 7.82184819178656 7.71713918587193 7.77021087380126 7.85268714558333 8.12306588003412 8.57489241240546 8.28730123862624 8.26076539466158 8.18474378762767 8.1818750477396 7.99253821512684 7.81180760217831 7.57513656141236 7.6045411452651 7.49481184454635 7.47257911041379 7.18427075166255 7.26459546852857 7.66872920026071 7.74546799226664 7.78312020329759 7.69634082168341 8.81290817499394
-9999 -9999 -9999 -9999 -9999 -9999 -9999 -9999 -9999 -9999 -9999 -9999 -9999 -9999 -9999 -9999 -9999 -9999 -9999 -9999 -9999 -9999 12.5174313172024 8.51034576492384 8.23279518075287 7.94520400697365 8.45225378219038 9.27002394653391 8.67984047997743 9.39535202039406 8.11015655053779 8.11804558522999 8.19263282231987 8.24857325013727 8.13525802455842 8.08218633662909 7.56724752672017 7.80965604726225 7.76017028419301 7.77379679866135 7.73937192000449 7.88137454446405 7.99612413998693 8.03126620361581 8.06138797244057 8.12665180489421 8.1223486950621 8.18474378762767 8.16824853327125 7.90647601848468 7.81467634206638 7.69562363671139 7.47473066532984 7.45106356125325 7.91687520057894 8.14350565173663 7.92344939615577 7.77487257611938 7.89183349197265 13.799999691546 -9999 -9999
-9999 -9999 -9999 -9999 -9999 -9999 -9999 -9999 -9999 -9999 -9999 -9999 -9999 -9999 -9999 -9999 -9999 -9999 -9999 -9999 -9999 10.3255735284183 8.48022399609908 8.11732840025797 8.12521743495017 8.24857325013727 8.05206456780434 8.02911464869976 7.65904720313847 7.86918239993975 7.79531234782189 7.55864130705595 7.9229712728411 7.44604326644912 7.34061707556248 7.05015716189519 7.07525863591582 7.68343149218708 8.16466260841116 7.75873591424897 7.94878993183374 7.89500105893239 7.98249762551859 7.96528518619016 7.998992879875 8.08290352160111 8.08720663143322 8.10943936556578 7.95954770641401 7.90289009362459 7.73937192000449 7.61027862504125 7.62390513950959 7.55362101225182 8.09975736844353 12.694056664449 15.2499996591359 -9999 -9999 -9999 -9999 -9999
-9999 -9999 -9999 -9999 -9999 -9999 -9999 -9999 -9999 -9999 -9999 -9999 -9999 -9999 -9999 -9999 -9999 6.88018432352692 8.91770682903007 9.63109072069637 8.10441907076165 8.51249731983989 8.66238897899166 8.39201024454087 8.14673298411071 8.1022675158456 7.88926357915625 7.91436505317688 7.73148288531229 7.68271430721506 7.6482894285582 7.83117159642279 7.96815392607823 7.8512527756393 7.51776176365092 8.33104952191934 8.29734182823449 8.2657856894657 8.30809960281476 8.31598863750696 8.31455426756293 8.18832971248776 7.95237585669383 7.84838403575122 8.06067078746855 8.16107668355107 8.00616472959518 7.82543411664665 7.95524459658191 8.04130679322407 7.85173089895397 8.76990695938002 14.4199996776879 -9999 -9999 -9999 -9999 -9999 -9999 -9999 -9999 -9999
-9999 -9999 -9999 -9999 -9999 -9999 -9999 -9999 -9999 -9999 -9999 -9999 -9999 -9999 -9999 -9999 -9999 9.02815331472084 8.32316048722714 8.55050812335685 8.56987211760134 8.51393168978393 8.158207943663 8.10800499562174 8.09796440601349 8.06282234238461 8.10441907076165 7.84479811089113 8.11947995517403 7.91938534798101 7.82399974670261 7.90575883351266 7.90073853870854 7.96815392607823 8.10872218059376 8.7197637767531 8.42786949314177 8.40348520409316 8.29232153343037 8.40061646420509 8.34395885141566 7.81897945189849 7.92081971792504 8.29519027331844 7.85985899530351 8.25646228482947 7.97245703591034 7.97532577579841 8.32029174733907 8.44723348738626 7.97260047290474 14.5899996738881 -9999 -9999 -9999 -9999 -9999 -9999 -9999 -9999 -9999 -9999
-9999 -9999 -9999 -9999 -9999 -9999 -9999 -9999 -9999 -9999 -9999 -9999 -9999 8.13981727188054 8.1818750477396 8.36834314046428 8.31240271264687 8.37766654510051 8.71832940680906 8.43504134286195 8.37264625029638 8.16896571824327 8.11159092048183 8.06569108227268 8.34897914621979 8.27295753918588 8.08864100137725 7.8433637409471 8.09007537132129 7.93086030753329 7.95022430177778 7.79674671776593 7.96456800121814 7.79674671776593 8.25287635996938 8.59425640664995 8.42571793822572 8.47807244118303 8.55767997307703 8.40993986884132 8.31885737739503 8.37981810001656 8.03700368339196 8.24211858538911 8.2894527935423 8.27224035421386 8.16394542343915 8.07644885685295 8.28586686868221 8.40850549889728 8.53114412911236 8.77713857451454 15.7099996488541 -9999 -9999 -9999 -9999 -9999 -9999 22.4958625392589 22.0349995074794 -9999
-9999 -9999 -9999 -9999 -9999 -9999 -9999 -9999 -9999 -9999 -9999 9.731622124149 9.48571732686833 8.10011596092954 8.46157718682662 8.32100893231109 8.31598863750696 8.51751761464402 8.55337686324492 8.47520370129496 8.50819421000779 8.41639453358948 8.34826196124777 8.29447308834642 8.33248389186338 8.34969633119181 8.40205083414912 8.21629992639646 8.29662464326248 8.22490614606068 8.17255164310336 8.12450024997815 8.15103609394282 7.9789117006585 8.38555557979271 8.26650287443772 8.22132022120059 8.31240271264687 8.20052185701206 8.74486525077373 7.58517715102062 8.36619158554822 8.28228094382212 8.33965574158356 8.397030539345 8.397030539345 8.37479780521244 8.31598863750696 8.24355295533314 8.37479780521244 8.91535967821255 8.94633905983602 7.02499984297901 7.02499984297901 -9999 -9999 13.2475650043537 6.68427329533733 8.01512954174541 8.73665022291243 8.33051163319033 17.7899996023625
-9999 -9999 -9999 -9999 -9999 -9999 -9999 19.8343263131026 11.5493740527518 8.56015752116218 8.86786247347482 8.55409404821694 8.77426983462647 8.83594774222001 8.96790977707133 8.66597490385175 7.44389171153307 8.13525802455842 8.5885189268738 8.43934445269406 8.33893855661154 8.30307930801064 8.37910091504455 8.59138766676188 8.47520370129496 8.51034576492384 8.39989927923307 8.15533920377493 7.97962888563052 7.95954770641401 8.24857325013727 8.28873560857028 8.2220374061726 8.28730123862624 8.37766654510051 7.72717977548018 8.10800499562174 7.71355326101184 8.33965574158356 8.7276528114453 8.6243781754747 8.70900600217283 8.63155002519488 8.48452710593119 8.48165836604312 8.2098452616483 8.30236212303862 8.27439190912992 8.26650287443772 8.26506850449368 8.19550156220794 8.12521743495017 8.9350627053529 9.15174819156528 7.87671284214593 8.22149951744359 8.21599256140845 7.56509597180411 7.57513656141236 7.61171299498528 7.33989989059046 15.6942307454156
-9999 -9999 -9999 -9999 -9999 9.67075104964897 8.92511774040759 9.79572053102311 9.80988493422046 9.75842691247817 8.47520370129496 8.17470319801942 8.84025085205212 9.24259162135422 9.41471601463854 9.07907344773412 8.70183415245265 8.97221288690343 8.79793693870306 9.20529800280929 8.89834283478558 8.66740927379578 8.66740927379578 8.48452710593119 8.52182072447613 8.24068421544507 8.14529861416668 8.07286293199286 7.94663837691769 8.23279518075287 8.19263282231987 8.21701711136848 7.87850580457598 8.55767997307703 8.8632007711567 9.01954709505662 8.96575822215527 9.04034545924515 9.12855921080336 9.03389079449698 7.86057618027553 8.74845117563382 8.67960141832009 8.5325784990564 8.41998045844957 8.36619158554822 8.22275459114462 8.18904689745978 8.18474378762767 8.17183445813134 8.11661121528596 7.23770103207789 7.83655048371293 8.02409435389563 8.00353505136445 8.18259223271161 7.3097781217657 7.50987272895873 7.53210546309128 7.45608385605738 7.16490675741807 7.00999480346218
-9999 -9999 -9999 -9999 -9999 7.9631336312741 8.36475721560419 7.54501479258761 9.60261847730726 8.55983152799308 8.02481153886765 8.92344430880621 9.10274055181071 9.45416118809953 8.88973661512136 8.50245673023164 8.57202367251739 8.56987211760134 8.7319559212774 8.62652973039076 8.30021056812257 8.3654744005762 8.40993986884132 8.46659748163074 8.44938504230231 8.31814019242302 8.23136081080884 8.03126620361581 8.03413494350389 8.25646228482947 8.83092744741589 8.4328897879459 8.44149600761011 8.36690877052024 8.72119814669713 8.82375559769571 9.10345773678273 9.14003417035565 9.03245642455295 8.44364756252617 8.64445935469121 8.26865442935377 8.72980436636135 8.47376933135092 8.37910091504455 8.04991301288828 8.29734182823449 8.15964231360704 8.15103609394282 8.15677357371897 7.80893886229023 7.6640674979426 7.87587612634525 8.56126589793712 8.6267687920481 7.35496077500284 7.4890743647702 7.45966978091747 7.4252449022606 7.38293098891154 7.33631396573037 7.21080659562722
-9999 -9999 -9999 -9999 -9999 8.75634021032602 5.95501570962369 9.38459424581379 9.33869440760463 9.07979063270614 9.64995268546045 7.65976438811049 8.79686116124503 9.39606920536608 9.22107607219368 8.46444592671469 8.54835656844079 9.04034545924515 8.58493300201371 9.00233465572819 8.69896541256458 8.61433758586645 8.37408062024042 8.38053528498858 8.34109011152759 9.01524398522452 8.43934445269406 8.317423007451 8.28012938890606 8.34897914621979 8.43934445269406 8.50604265509173 8.5325784990564 8.74629962071776 8.75275428546593 9.04536575404927 9.07333596795797 9.06975004309788 7.70279548643157 8.91985838394612 8.79506819881499 8.66740927379578 8.71761222183704 8.50962857995182 8.4608600018546 8.49241614062339 8.3654744005762 8.32746359705925 8.37551499018446 8.3733634352684 8.13238928467035 8.22586239269003 8.20506402850151 8.06210515741259 7.9150822381489 7.94878993183374 7.85914181033149 7.66693623783067 8.11661121528596 7.63538009906188 7.6999267465435 7.73435162520036
-9999 -9999 -9999 -9999 -9999 8.29303871840239 8.5526596782729 8.84168522199616 8.8553117364645 9.01094087539241 9.04142123670317 9.1780449738726 9.16083253454417 9.28131960984319 9.16441845940426 9.13357950560749 8.81801811791956 8.93420208338648 8.79650256875902 8.60501418123022 8.28514968371019 8.34754477627575 9.11349832639098 8.3891415046528 8.43504134286195 8.82375559769571 8.59784233151004 8.41496016364545 8.52899257419631 8.67673267843202 8.99946591584012 8.79219945892692 8.63800468994305 8.58923611184582 8.63011565525085 9.28777427459136 8.66489912639372 9.10847803158686 8.44042023015209 8.80224004853517 8.8474227017723 8.82088685780764 8.90264594461769 8.50532547011971 8.38196965493262 8.1660969783552 8.14171268930659 8.61505477083847 8.50245673023164 8.48022399609908 8.45010222727433 8.44006163766608 8.37121188035235 8.42428356828168 8.40205083414912 8.1940671922639 8.33248389186338 8.08577226148918 8.07358011696488 7.73004851536825 7.93157749250531 7.70494704134762
-9999 -9999 -9999 -9999 -9999 8.57704396732152 8.68820763798431 8.82805870752782 9.12640765588731 8.70183415245265 9.28992582950741 9.39391765045002 9.84502699784935 9.70015563350171 9.74031799193472 8.99157688114792 8.835230557248 9.63489180104807 8.86463514110073 8.83666492719203 8.79004790401086 7.799615457654 9.29494612431154 9.18449963862076 8.76279487507418 8.67816704837605 8.66454053390771 8.71330911200494 8.76064332015812 9.193823043257 8.84240240696818 8.90264594461769 8.7835932392627 8.80008849361911 8.88543350528926 9.05970945348963 9.22609636699781 8.88830224517733 8.96145511232316 8.90551468450576 8.81730093294755 8.69322793278843 8.72406688658521 8.73052155133337 8.3654744005762 8.20769370673224 8.13310646964237 8.06927700713277 8.41424297867343 8.49313332559541 8.56628619274125 8.49026458570734 8.48667866084725 8.47448651632294 8.47592088626698 8.40778831392527 8.24068421544507 8.46803185157478 8.39057587459683 7.89284950401634 8.05780204758048 7.77092805877328
