EcologicalScience/Bass/data/rs_data_bass/sst_360.asc
NCOLS 226 
NROWS 124 
XLLCORNER -9.41648524995501 
YLLCORNER 47.587301625531 
CELLSIZE 0.0833 
NODATA_value -9999 
[rows 54 to 80 of 124, columns 124 to 185 of 226]
12.0704519660212 12.1977522985544 12.9014302869327 12.9848628053442 12.7539292443544 12.9432660769671 13.0063783545047 13.4847407308407 13.5722372974269 13.6331980200484 13.7802209393121 13.7608569450676 13.9093142342754 13.8268379624933 13.6991790374741 13.7866756040603 13.8813440203667 14.371181356255 14.4665669575334 14.5662556686439 14.6322366860695 14.6372569808736 14.7857142700814 14.9241309696808 15.0152134611271 15.0783257386647 14.969313622918 15.1801660046913 15.2863093805499 15.3415326233953 15.5509506352246 15.5401928606443 15.6520737162791 15.7768639014103 15.806985670235 15.7790154563263 15.84786521364 15.8328043292277 15.8406933639199 15.7302468782291 15.6377300168388 15.1923581492156 15.3773918719962 15.6312753520906 15.7725607915781 15.8629260980524 15.9518570345826 15.8163090748712 15.964049179107 15.5122226467356 13.9867702112533 15.0015869466588 16.9921082227458 16.212967532472 14.0405590841547 13.0845515164547 13.3823881898341 16.3086289741242 16.2446891754651 18.4096499336883 17.5353239192879 17.4758363333657
12.5491729348432 12.445778768044 12.7862025680952 12.8803928610869 12.7192653040402 13.5421155286022 13.3545716584194 12.8701132098213 13.3427381063811 13.6633197888732 13.7974333786406 13.8483535116538 14.0097201303579 14.0240638297983 14.1603289744817 14.2506942809559 14.371181356255 14.3554032868706 14.531830789987 14.7677846457809 14.7742393105291 14.9578386633657 15.1149021722376 15.2009643688798 15.2318033226766 15.3530075829476 15.4821008779109 15.5896786237136 15.5645771496929 15.7123172539286 15.765388941858 15.8134403349832 15.806985670235 15.7897732309066 15.8736838726327 15.8528855084442 15.8399761789478 15.8959166067652 15.4734946582466 15.8973509767093 15.845713658724 15.6829126700759 16.1792046707124 16.2164982892573 16.0680410000496 15.8923306819052 15.6649830457754 15.1543473456986 13.9552140724845 13.4699189080857 12.7998290825635 12.8399914409965 15.3886277698912 13.1125217303634 13.2523727999069 13.7823724942282 17.5478467214305 16.2188153483977 -9999 -9999 -9999 -9999
12.3917508334853 12.7393464832567 13.0919624278322 13.0532344393432 13.2885906409938 13.4886852481868 13.1562700136565 13.8583941012621 13.1639199866913 13.5801263321191 13.575106037315 13.9121829741634 14.0362559743226 14.1051057316363 14.1969054080546 14.3116550035775 14.4299905239604 14.4644154026173 14.611438321881 14.6960661485791 14.8947263858281 15.1328317965381 15.3874324616045 15.447675999254 15.5208288663998 15.5545365600847 15.6750236353837 15.765388941858 15.7345499880612 15.8328043292277 15.8794213524088 15.9224524507299 15.8622089130804 15.8421277338639 15.8715323177166 15.8349558841437 15.8041169303469 15.8342386991717 15.8270668494515 16.0164036820643 16.1576891215518 15.7524796123616 15.7826013811864 15.7524796123616 15.2977843401022 15.2239142879844 14.5669728536159 13.7652497030213 16.1489036056446 12.7015747413971 12.5624408568256 13.3915066844784 12.5222784983926 16.0938596590422 12.6267668320081 -9999 -9999 -9999 -9999 -9999 -9999 -9999
13.5324335314799 13.4004714966286 13.6604510489851 12.2931378998328 13.7031235548202 13.8788338729646 13.6030762512237 13.5581326596439 13.7210531791206 13.0924405511469 13.2803430138156 13.4911953955889 14.0800042576157 14.0039826505817 14.3245643330738 14.453657628037 14.5676900385879 14.6272163912654 14.693197408691 14.8144016689621 14.9535355535336 15.2769859759137 15.6585283810273 15.7761467164382 15.8406933639199 16.0293130115606 16.1132236532867 16.1921140002087 16.0945768440142 16.1978514799848 15.9834131733514 15.9504226646386 16.1619922313839 16.1777703007683 15.9396648900583 15.8406933639199 15.9145634160377 16.1333048325032 15.9231696357019 15.9389477050863 16.4122897866182 15.8822900922969 15.649204976391 15.3329264037311 14.8667561719194 14.3618579516187 13.6647541588172 13.2681508692913 16.6723520910869 13.0551469326019 13.2344431756064 12.899517793674 13.0006408747286 12.024193535326 14.6349996728823 -9999 -9999 -9999 -9999 -9999 -9999 -9999
13.1354716494679 13.5794091471471 13.7425687282812 13.7604983525816 13.8117770780809 13.8809854278807 13.7490233930293 13.5932747232728 13.7798623468261 13.8426160318777 13.4534236537293 13.5213171644136 13.5865809968673 13.9982451708056 14.3353221076541 14.5612353738397 14.690328668803 14.7369456919841 14.8237250735983 14.9241309696808 15.010193166323 15.3852809066884 15.7804498262703 15.7725607915781 15.9590288843028 15.9461195548065 16.2021545898169 16.0300301965326 16.0422223410569 16.4474318502471 16.4797051739879 16.3097323356196 16.4710989543237 16.5083925728686 16.2014374048449 16.0687581850216 15.8607745431364 15.6269722422585 15.5107882767916 16.0013427976519 16.1225470579229 16.5478377463296 16.4624927346595 15.127811501734 14.1008026218042 13.5012359851971 11.4840815328993 13.05801567249 16.1056656270431 13.2781914588995 13.0687734470703 12.699423186481 12.7711416836828 15.2107180844992 15.2549996590242 -9999 -9999 -9999 -9999 -9999 -9999 -9999
12.9430270153098 13.178502747789 13.7085024421103 13.9017837920692 13.9835428788792 13.7166305384599 13.7969552553259 13.4345377827995 13.6967884209007 13.736472656019 13.5447452068329 13.5650654477067 14.2664723503403 14.3052003388293 13.5569373513572 14.1476587066427 14.7613299810328 14.772804940585 14.9090700852685 15.0223853108473 14.6133508151397 15.7051454042085 15.7775810863823 15.9418164449744 16.0113833872601 16.0314645664766 16.2193670291454 16.125415797811 16.2738730870187 16.4330881508067 16.4072694918141 16.3298135148361 16.3828852027655 16.4244819311425 16.3305306998082 16.166295341216 15.9317758553661 16.5177159775048 16.5155644225888 15.9432508149184 15.9238868206739 15.9798272484913 15.5827458356507 13.8748893556185 14.8251594435424 12.7323293204912 16.4395428155549 13.9702749568969 13.5901669217274 12.7108981460333 13.7601397600956 13.0680562620983 12.9984893198125 12.2045655557886 13.5449996972457 -9999 23.7447889405303 -9999 -9999 -9999 -9999 -9999
-9999 -9999 -9999 -9999 -9999 12.6599997170269 13.9561703191139 13.6116824708879 13.9042939394712 13.8316191956401 13.6403698697686 13.7431663824245 14.1445509050973 14.2800988648087 14.4228186742403 14.3374736625701 14.4056062349118 14.9642933281139 14.851695287507 15.327188923955 15.2394532957114 15.1421552011743 15.1830347445793 15.8600573581643 15.9970396878198 16.1964171100408 16.2272560638376 16.4660786595196 16.0572832254693 16.1368907573633 16.6331827579997 16.4546036999673 16.2200842141174 16.3276619599201 16.2910855263472 16.1921140002087 15.8213293696754 16.5327768619172 15.2690969412215 15.090517883189 16.1003143237904 14.5633869287558 14.7878658249974 14.851695287507 14.8050782643259 10.8501390018647 -9999 17.929236074758 7.98342947810128 15.1849996605888 13.3448896612972 13.0945921060629 13.1082186205313 12.5983001054265 5.37499987985939 5.37499987985939 10.1567633990198 -9999 -9999 -9999 -9999 -9999
-9999 -9999 -9999 -9999 -9999 -9999 -9999 9.67468122329563 13.5118742289487 13.7547608728055 14.0857417373918 14.0991291902028 14.1483758916147 14.0453403173015 13.8454847717658 14.5746228266507 15.050355524756 15.249732946977 15.4749290281907 15.1195638745558 15.4774391755927 15.3515732130036 15.3784676494543 15.2614469681866 15.7302468782291 16.7386089488864 16.7020325153135 16.7142246598378 16.485442653764 16.641788977664 16.682668521069 16.1605578614399 16.2537919078022 15.9346445952542 16.3032776708715 16.405117936898 16.4137241565622 15.7947935257107 15.2346720625646 14.5035019835923 14.1101260264404 15.3422498083673 15.0252540507354 15.2927640452981 14.0055194755218 17.1799996159971 -9999 -9999 -9999 -9999 -9999 -9999 -9999 -9999 -9999 -9999 -9999 -9999 -9999 -9999 -9999 -9999
-9999 -9999 -9999 -9999 -9999 -9999 -9999 -9999 9.11999979615211 12.2531717523827 13.8877986851148 14.0165333875921 14.2786644948646 14.2255928069353 14.1865062259603 14.4921465548687 14.6221960964613 14.928434079513 15.7878607376479 15.5222632363439 15.3498997814022 15.525849161204 15.5201116814278 15.3415326233953 15.6520737162791 15.1668980827089 16.681234151125 16.6224249834195 16.6209906134754 16.6919919257052 16.325510405004 16.7142246598378 16.442411555443 16.3541978038847 16.2645496823825 16.3520462489687 16.3821680177934 15.9697866588831 15.0152134611271 15.6391643867828 15.4806665079668 15.568163074553 14.9743339177221 15.2970671551302 5.67043914386245 -9999 -9999 -9999 -9999 -9999 -9999 -9999 -9999 -9999 -9999 -9999 -9999 -9999 -9999 -9999 -9999 -9999
-9999 -9999 -9999 -9999 -9999 -9999 -9999 -9999 -9999 14.3999996781349 14.3121331268921 14.2327646566555 14.3944898678456 14.3912625354715 14.491668431554 14.5366120231338 14.6243476513773 15.1373739680275 15.4247260801494 15.3718934538774 15.5158085715957 15.6255378723145 15.5713904069271 15.4354838547297 15.8619698514231 15.914085292723 15.844996473752 16.6905575557612 16.6984465904534 16.7027497002855 16.9387035560794 16.8397320299409 15.9203008958139 14.4608294777572 16.6891231858172 16.2208013990894 15.3200170742348 15.3451185482554 15.1715597850271 15.2540360568091 15.0288399755955 14.4385967436247 14.5856196628883 14.4723044373095 16.0541651637669 -9999 -9999 -9999 -9999 -9999 -9999 -9999 -9999 -9999 -9999 -9999 -9999 -9999 -9999 -9999 -9999 -9999
-9999 -9999 -9999 -9999 -9999 -9999 -9999 -9999 -9999 15.2499996591359 14.3970000152476 14.4746950538829 14.6221960964613 14.7902564415708 14.7175816977397 14.7477034665644 15.0374461952597 15.3785871802829 15.5755739859305 15.4781563605648 15.6237449098844 15.6248206873424 15.5473647103645 15.5828653664794 15.6423917191569 15.8299355893396 16.0017013901379 15.9511398496106 16.5836969949305 16.2996917460114 16.6224249834195 15.7833185661584 15.8098544101231 13.1799371177331 15.6979735544883 13.0551469326019 15.5172429415397 15.6900845197961 15.2604907215573 14.9879604321904 14.8237250735983 15.2052674787119 14.2076631826349 14.0484481188469 9.63058259976762 3.00966068212714 10.3470264166164 -9999 -9999 -9999 -9999 -9999 -9999 -9999 -9999 -9999 -9999 -9999 -9999 -9999 -9999 -9999
-9999 -9999 -9999 -9999 -9999 -9999 -9999 -9999 -9999 7.99726528726609 14.450788888149 14.8825342413038 14.9890362096485 15.0550172270741 15.4046449009329 15.3946043113247 15.7514038349036 15.5825067739934 15.8776283899788 15.7858287135605 15.6405987567268 15.5129398317076 16.2150639193133 15.6036637306679 15.7811670112424 15.8306527743116 15.765388941858 15.9224524507299 15.966200734023 16.2394482083619 16.3979460871778 16.0278786416166 16.7601244980469 13.0551469326019 15.6219519474544 16.0802331445739 15.8177434448153 15.4641712536104 15.3357951436192 15.4584337738343 15.3953214962967 14.8732108366676 14.3224127781577 14.1960686922539 16.6499996278435 -9999 -9999 -9999 -9999 -9999 -9999 -9999 -9999 -9999 -9999 -9999 -9999 -9999 -9999 -9999 -9999 -9999
-9999 -9999 -9999 -9999 -9999 -9999 -9999 -9999 -9999 14.1099467301974 14.6900896071456 14.8748842682689 15.5860926988535 15.6111941728741 15.8116473725531 14.8251594435424 14.3998687551357 15.9005783090834 16.3011261159554 16.2896511564031 15.8328043292277 16.2315591736697 16.3362681795843 15.7474593175575 15.8650776529685 15.9905850230716 16.0572832254693 16.1031830636784 15.7800912337843 15.9002197165973 16.4524521450512 16.0156864970922 15.9346445952542 15.3910183864646 14.9219794147648 15.8428449188359 15.846430843696 15.8155918898992 15.7202062886208 15.568163074553 15.3910183864646 15.804834115319 14.2264892881503 14.38199429891 -9999 -9999 -9999 -9999 -9999 -9999 -9999 -9999 -9999 -9999 -9999 -9999 -9999 -9999 -9999 -9999 -9999 -9999
-9999 -9999 -9999 -9999 -9999 -9999 -9999 -9999 14.7633380989544 15.9719382137991 15.6775337827858 15.7402874678373 15.7510452424176 15.8579058032483 14.65016631037 14.6358226109296 14.5999633623287 16.1515930492897 16.1627094163559 16.1039002486505 15.9748069536872 16.0536973006092 16.3298135148361 15.5846583289094 15.5502334502526 16.2337107285857 16.0536973006092 16.1426282371394 16.2172154742293 16.1275673527271 16.1562547516078 16.0587175954133 16.0092318323441 15.888027572073 15.9927365779877 15.9009369015694 15.8227637396194 15.8944822368212 15.7123172539286 15.2985015250742 13.5944700315595 14.4088335672859 14.532343064967 -9999 -9999 -9999 -9999 -9999 -9999 -9999 -9999 -9999 -9999 -9999 -9999 -9999 -9999 -9999 -9999 -9999 -9999 -9999
-9999 -9999 -9999 -9999 -9999 -9999 -9999 -9999 15.0382737163812 15.6621143058874 15.5409100456163 16.1297189076431 15.5929059560876 15.9425336299464 15.9601046617609 16.125415797811 16.2394482083619 16.3273033674341 16.0250099017285 16.1150166157167 15.6954634070862 15.581550527364 15.9174321559258 15.7170984870754 15.925321190618 15.6187246150803 16.0902737341821 16.084536254406 16.0967283989303 16.123981427867 16.1125064683147 16.0795159596018 16.1160923931748 16.083819069434 16.0529801156372 15.9109774911776 15.7460249476135 15.7869044910185 15.6169316526502 15.5251319762319 13.9380016331561 14.5762962582521 16.2099996376783 -9999 -9999 -9999 -9999 -9999 -9999 -9999 -9999 -9999 -9999 -9999 -9999 -9999 -9999 -9999 -9999 -9999 -9999 -9999
-9999 -9999 -9999 -9999 -9999 -9999 -9999 5.84045000768338 14.4418957944959 15.5620670022909 15.5606326323468 15.8249152945355 15.6750236353837 16.1799218556844 15.7209234735928 16.0580004104413 16.4696645843796 16.0780815896578 16.1928311851807 16.1483657169156 15.2049088862259 16.0115626835031 15.58011615742 16.0264442716725 15.608325432986 15.9181493408978 16.1003143237904 16.1325876475312 16.1827905955724 16.1512344568036 16.1691640811041 16.1132236532867 16.1039002486505 16.1196783180349 16.1333048325032 15.7352671730332 15.6449018665589 15.8485823986121 15.5581224849448 15.6750236353837 14.173238303978 10.9598974703804 -9999 -9999 -9999 -9999 -9999 -9999 -9999 -9999 -9999 -9999 -9999 -9999 -9999 -9999 -9999 -9999 -9999 -9999 -9999 -9999
-9999 -9999 -9999 3.8400372271426 -9999 6.89077531090439 16.4377498531248 15.804834115319 15.7302468782291 15.5997192133218 15.9446851848625 15.8299355893396 15.7180547337048 16.124698612839 16.3176213703118 16.3749961680733 16.4675130294636 16.16593674873 16.1483657169156 16.0501113757491 16.0673238150775 16.0038529450539 15.8586229882203 15.8641214063391 15.9212571424432 15.9973982803058 16.2028717747889 16.2164982892573 16.1863765204325 16.1454969770275 16.1031830636784 16.0924252890982 16.0529801156372 15.9776756935753 16.4875942086801 16.1727500059642 16.1964171100408 15.9769585086033 15.9238868206739 15.5872425987807 13.2949997028336 -9999 -9999 -9999 -9999 -9999 -9999 -9999 -9999 -9999 -9999 -9999 -9999 -9999 -9999 -9999 -9999 -9999 -9999 -9999 -9999 -9999
-9999 -9999 3.88019958557561 -9999 15.288819527952 15.406796455849 15.5889614387415 16.0250099017285 15.7553483522497 15.9156391934957 16.0077974624 15.7768639014103 15.9231696357019 16.1333048325032 16.0766472197138 16.1978514799848 16.1784874857403 16.1232642428949 16.0128177572042 16.1777703007683 16.1049760261085 15.9471953322645 15.8751182425767 15.9055986038875 16.3036362633575 16.1476485319436 16.1720328209922 16.1949827400967 16.1354563874193 16.163426601328 16.0479598208331 16.0214239768684 15.9138462310657 15.9073915663175 15.9618976241909 15.8213293696754 14.4945371714421 13.4440299368409 14.094706549542 -9999 -9999 -9999 -9999 -9999 -9999 -9999 -9999 -9999 -9999 -9999 -9999 -9999 -9999 -9999 -9999 -9999 -9999 -9999 -9999 -9999 -9999 -9999
16.7749996250495 16.7749996250495 -9999 16.5349996304139 15.488555542659 15.7302468782291 16.085253439378 16.0952940289862 15.8815729073249 15.9174321559258 15.9124118611217 15.964049179107 15.8923306819052 16.1182439480908 16.0615863353014 16.0981627688743 16.1282845376991 16.0945768440142 15.9626148091629 16.0336161213927 15.5602740398608 16.0640964827035 15.9048814189155 16.1293603151571 16.2939542662352 15.725226583425 16.1878108903766 16.2129123643972 16.1426282371394 16.1325876475312 16.1376079423353 16.1074861735106 15.9755241386592 15.8536026934162 14.7484206515364 15.3802606118843 15.7696920516901 12.0959276235055 -9999 -9999 -9999 -9999 -9999 -9999 -9999 -9999 -9999 -9999 -9999 -9999 -9999 -9999 -9999 -9999 -9999 -9999 -9999 -9999 -9999 -9999 -9999 -9999
12.9087216674816 15.4799493229948 15.529435086064 15.5717489994131 15.5229804213159 15.6506393463351 15.8586229882203 15.8299355893396 15.7574999071658 15.8715323177166 16.0278786416166 15.8335215141997 15.9611804392189 16.1225470579229 16.1462141619995 16.1153752082027 16.1799218556844 16.0766472197138 16.1218298729509 16.0415051560849 16.0257270867005 16.1863765204325 16.1462141619995 16.0831018844619 16.0960112139583 16.1132236532867 16.123981427867 15.92603837559 16.0945768440142 16.1060518035665 16.0551316705532 15.925321190618 15.8363902540877 15.1751457098871 14.4658497725613 12.7876369380392 13.0300454585813 12.9399997107685 7.67519690473564 13.2399997040629 -9999 -9999 -9999 -9999 -9999 -9999 -9999 -9999 -9999 -9999 -9999 -9999 -9999 -9999 -9999 -9999 -9999 -9999 -9999 -9999 -9999 -9999
15.2604907215573 15.3565935078077 15.4369182246737 15.5129398317076 15.6685689706355 15.7431562077254 15.6778923752718 15.68793296488 15.8414105488919 15.9102603062056 15.9389477050863 16.0350504913367 16.1519516417757 16.0730612948537 15.9525742195547 16.0293130115606 16.0737784798257 16.0364848612808 16.1160923931748 16.0357676763088 16.0429395260289 15.9590288843028 16.0673238150775 16.046525450889 16.0673238150775 16.1361735723913 16.1935483701527 16.1318704625592 16.1132236532867 15.8012481904589 15.525849161204 15.4541306640022 15.528717901092 15.5975676584058 11.9257392709152 13.1636211596197 11.9804341615437 17.1284315804951 13.3457946071417 -9999 -9999 -9999 -9999 -9999 -9999 -9999 -9999 -9999 -9999 -9999 -9999 -9999 -9999 -9999 -9999 -9999 -9999 -9999 -9999 -9999 -9999 -9999
14.9879604321904 15.1930753341876 15.3759575020522 15.526566346176 15.6664174157195 15.8363902540877 15.884441647213 15.8973509767093 15.9066743813455 15.9116946761496 15.9905850230716 15.9188665258698 16.2910855263472 16.1899624452926 16.0988799538463 16.0085146473721 16.0895565492101 16.1512344568036 16.1619922313839 16.1096377284266 16.004928722512 16.0178380520083 16.1125064683147 16.1411938671954 16.0608691503294 16.0386364161968 16.0006256126799 16.0250099017285 15.7761467164382 15.7410046528094 15.5624255947769 15.6556596411392 15.2597735365853 14.8574327672832 15.6391643867828 14.2851191596128 12.8549997126684 11.9302706818143 -9999 -9999 -9999 -9999 -9999 -9999 -9999 -9999 -9999 -9999 -9999 -9999 -9999 -9999 -9999 -9999 -9999 -9999 -9999 -9999 -9999 -9999 -9999 -9999
15.4275948200375 15.4734946582466 15.5509506352246 15.6506393463351 15.9683522889391 16.0199896069244 15.9203008958139 15.9038056414574 15.9432508149184 16.0214239768684 16.1067689885385 16.0773644046858 16.2372966534458 16.0558488555253 16.1196783180349 16.1404766822234 15.9382305201143 16.2157811042853 16.0228583468124 16.0235755317844 16.1605578614399 16.1749015608802 16.1935483701527 16.0766472197138 16.0615863353014 15.9489882946946 15.8378246240318 15.7080141440965 15.6657002307475 15.6276894272305 15.5703146294691 17.5512667473821 17.8049996020272 -9999 -9999 13.6052278061397 -9999 -9999 -9999 -9999 -9999 -9999 -9999 -9999 -9999 -9999 -9999 -9999 -9999 -9999 -9999 -9999 -9999 -9999 -9999 -9999 -9999 -9999 -9999 -9999 -9999 -9999
15.3852809066884 15.3121280395426 15.6054566930979 15.7531967973337 15.5853755138814 15.6269722422585 15.5846583289094 15.5222632363439 15.5860926988535 15.9023712715134 16.0709097399376 16.3871883125976 16.3556321738288 16.1361735723913 16.1361735723913 16.0565660404973 16.2710043471307 16.1397594972514 16.0199896069244 16.0974455839023 16.2623981274664 16.0572832254693 16.0723441098817 15.9705038438551 15.8227637396194 15.7539139823057 15.7072969591245 15.7001251094043 15.3515732130036 15.6327097220346 15.3207342592068 15.3899426090065 15.6599627509713 14.9619513701079 -9999 -9999 -9999 -9999 -9999 -9999 -9999 -9999 -9999 -9999 -9999 -9999 -9999 -9999 -9999 -9999 -9999 -9999 -9999 -9999 -9999 -9999 -9999 -9999 -9999 -9999 -9999 -9999
15.3422498083673 15.5251319762319 15.7990966355428 16.5686361105181 15.6915188897401 15.6499221613631 15.6327097220346 15.5982848433778 15.050355524756 15.2396923573688 15.447675999254 16.2824793066829 16.2372966534458 16.1806390406564 16.363521208521 15.9991912427358 16.004928722512 15.7861873060465 15.7395702828653 15.5925473636016 15.6585283810273 15.7295296932571 15.7976622655988 15.687215779908 15.6821954851039 15.649204976391 15.6814783001319 15.6678517856635 15.6104769879021 14.9176763049327 15.3408154384233 15.4677571784705 15.8148747049272 14.6802880791947 14.7598956110887 4.99999988824129 -9999 -9999 -9999 -9999 -9999 -9999 -9999 -9999 -9999 -9999 -9999 -9999 -9999 -9999 -9999 -9999 -9999 -9999 -9999 -9999 -9999 -9999 -9999 -9999 -9999 -9999
-9999 -9999 -9999 -9999 7.15999983996153 16.2000030349009 16.1297189076431 15.8396175864618 15.1844691145234 15.8435621038079 16.2918027113192 16.1125064683147 16.1698812660761 16.1397594972514 16.1232642428949 16.1964171100408 16.2874996014871 15.7574999071658 15.6735892654397 15.8227637396194 15.7797326412983 15.7374187279493 15.7589342771098 15.7080141440965 15.649204976391 15.5538193751127 15.2626422764733 -9999 -9999 -9999 -9999 -9999 -9999 -9999 -9999 -9999 -9999 -9999 -9999 -9999 -9999 -9999 -9999 -9999 -9999 -9999 -9999 -9999 -9999 -9999 -9999 -9999 -9999 -9999 -9999 -9999 -9999 -9999 -9999 -9999 -9999 -9999
-9999 -9999 -9999 -9999 -9999 14.4691790206946 16.5198675324209 16.6647388967685 16.5026550930925 15.6850642249919 15.8908963119611 16.3377025495283 16.2308419886976 16.243034133222 16.2688527922146 16.0967283989303 16.1756187458523 15.9296243004501 15.5925473636016 15.6176488376223 15.6570940110832 15.8385418090038 15.8349558841437 15.2633594614454 14.1484530060035 -9999 -9999 -9999 -9999 -9999 -9999 -9999 -9999 -9999 -9999 -9999 -9999 -9999 -9999 -9999 -9999 -9999 -9999 -9999 -9999 -9999 -9999 -9999 -9999 -9999 -9999 -9999 -9999 -9999 -9999 -9999 -9999 -9999 -9999 -9999 -9999 -9999
