EcologicalScience/Bass/data/rs_data_bass/sst_515.asc
NCOLS 226 
NROWS 124 
XLLCORNER -9.41648524995501 
YLLCORNER 47.587301625531 
CELLSIZE 0.0833 
NODATA_value -9999 
[rows 27 to 53 of 124, columns 62 to 123 of 226]
-9999 -9999 -9999 -9999 -9999 -9999 -9999 -9999 -9999 -9999 -9999 -9999 -9999 -9999 -9999 -9999 -9999 -9999 -9999 -9999 -9999 -9999 -9999 -9999 -9999 -9999 -9999 -9999 12.5299997199327 10.9049997562543 6.56605730578303 5.90588853904046 6.22419913578779 6.16479231393896 6.04896694095805 6.00019836286083 6.05829034559429 6.07980589475483 5.95645007956773 6.03462324151769 6.17160557117313 6.28778953664005 6.30285042105243 6.14363535726443 6.1701712012291 6.28922390658408 6.16730246134102 6.05327005079016 5.98442029347643 6.08339181961492 6.02458265190944 5.95071259979159 6.04609820106998 6.03175450162962 6.14435254223645 6.36667988356203 6.45274208020419 6.43696401081979 6.44270149059594 6.45632800506428 6.48429821897298 6.57753226533532
-9999 -9999 -9999 -9999 -9999 -9999 -9999 -9999 -9999 -9999 -9999 -9999 -9999 -9999 -9999 -9999 -9999 -9999 -9999 -9999 -9999 -9999 -9999 -9999 -9999 -9999 -9999 -9999 -9999 -9999 9.78499978128821 9.29695424223319 6.03701385809109 5.77500228164718 6.08518478204496 6.16323841316625 6.06259345542639 6.2698599123396 6.14004943240434 6.05685597565025 6.23973814351484 6.26483961753547 6.30285042105243 6.22969755390659 6.18881801050156 6.23758658859879 6.46601000218652 6.26770835742354 6.18810082552955 6.25264747301117 6.25121310306713 6.20818200474605 6.26842554239556 6.32436597021297 6.32723471010104 6.33727529970929 6.3774376581423 6.47497481433675 6.48142947908491 6.56390575086698 6.77655109507032 6.66718038683757
-9999 -9999 -9999 -9999 -9999 -9999 -9999 -9999 -9999 -9999 -9999 -9999 -9999 -9999 -9999 -9999 -9999 -9999 -9999 -9999 -9999 -9999 -9999 -9999 -9999 -9999 -9999 -9999 -9999 -9999 -9999 12.0699997302145 5.4415112696588 5.48167362809181 6.44714803742245 6.33064133871812 6.09128085430712 6.1701712012291 6.86010314431041 6.37719859648496 6.15511031681672 6.53330585872754 6.3975188373588 6.37528610322624 6.39465009747073 6.4491561553441 6.43768119579181 6.41425315337256 6.60980558907613 5.86034729331732 6.39967039227486 6.64279609778896 6.41114535182714 6.4132969067432 6.45776237500831 6.50366221321747 6.96337778028101 6.74427777132951 6.43983275070786 6.82065797084942 6.77655109507032 6.724196592113
-9999 -9999 -9999 -9999 -9999 -9999 -9999 -9999 -9999 -9999 -9999 -9999 -9999 -9999 -9999 -9999 -9999 -9999 -9999 -9999 -9999 -9999 -9999 -9999 -9999 -9999 -9999 -9999 -9999 -9999 -9999 12.4699997212738 5.43003631010652 5.96577348420396 6.02852716925554 6.04502242361195 6.12427136301994 6.41425315337256 6.25264747301117 6.19598986022174 6.17232275614515 6.03964353632182 6.60765403416008 6.49003569874913 6.53736990690231 6.57538071041927 6.59976499946788 6.70519119035453 6.51011687796563 6.4251304587815 6.47174748196267 6.7360301441513 6.79914242168888 6.88269447092898 6.89488661545329 6.80918301129714 6.9551301531028 6.5847041150555 6.69515060074627 6.85759299690835 6.93648334383033 6.87014373391867
-9999 -9999 -9999 -9999 -9999 -9999 -9999 -9999 -9999 -9999 -9999 -9999 -9999 -9999 -9999 -9999 -9999 -9999 -9999 -9999 -9999 -9999 -9999 -9999 -9999 -9999 -9999 -9999 -9999 -9999 -9999 12.2299997266382 7.22809075345285 6.2781075395178 6.23113192385063 6.23471784871072 5.86465040314943 6.47951698582619 6.44819990871474 6.13502913760021 6.04968412593007 6.0747855999507 6.62486647348851 6.57466352544725 6.71045054681599 6.72766298614442 6.61960711702704 6.55529953120276 6.6126743289642 6.15511031681672 6.41473127668723 6.62486647348851 6.63490706309676 6.77153080026619 6.79519790434279 7.07238989602774 6.7797784274444 6.97270118491724 6.96337778028101 6.93791771377437 6.93720052880235 6.48429821897298
-9999 -9999 -9999 -9999 -9999 -9999 -9999 -9999 -9999 -9999 -9999 -9999 -9999 -9999 -9999 -9999 -9999 -9999 -9999 -9999 -9999 -9999 -9999 -9999 -9999 -9999 -9999 -9999 -9999 -9999 -9999 -9999 11.6586682612542 6.25695058284327 5.90983305638656 6.46158736152574 5.93493453040719 6.42692342121154 6.4491561553441 6.90026550274342 6.75216680602171 6.32221441529691 6.59976499946788 6.51944028260186 6.3616595887579 6.56916510732844 6.56581824412569 6.1622821665369 6.12355417804793 6.08626055950299 6.14793846709654 7.01644946821034 7.02792442776263 6.89847254031338 6.87408825126477 6.72455518459901 6.74822228867561 6.79914242168888 6.80308693903498 6.7120044475887 6.65068513248116 6.65964994463138
-9999 -9999 -9999 -9999 -9999 -9999 -9999 -9999 -9999 -9999 -9999 -9999 -9999 -9999 -9999 -9999 -9999 -9999 -9999 -9999 -9999 -9999 -9999 -9999 -9999 -9999 -9999 -9999 -9999 -9999 -9999 -9999 10.5699997637421 6.76098818117753 5.75778984231874 5.87755973264575 5.9951780680567 6.21535385446623 6.18021179083735 6.18021179083735 6.49720754846931 6.53450116701424 6.45991392992437 6.35520492400974 6.97772147972137 6.63705861801282 6.85580003447831 7.01166823506355 6.13072602776811 6.77404094766825 6.15009002201259 6.21535385446623 6.65068513248116 6.69981230306439 6.75503554590978 6.74535354878753 6.79089479451068 6.71164585510269 4.62033447669819 6.78802605462261 6.7561113233678 6.8554414419923
-9999 -9999 -9999 -9999 -9999 -9999 -9999 -9999 -9999 -9999 -9999 -9999 -9999 -9999 -9999 -9999 -9999 -9999 -9999 -9999 -9999 -9999 -9999 -9999 -9999 -9999 -9999 -9999 -9999 -9999 -9999 -9999 -9999 10.1499997731298 5.71475874399766 5.80082094063982 5.97079377900809 6.1185338832438 6.1185338832438 6.23471784871072 6.57155572390184 6.63383128563873 6.97019103751518 6.67937253136188 6.78838464710861 6.67459129821509 6.84109774255194 6.20029297005385 6.11925106821582 6.21893977932632 6.10490736877546 6.17160557117313 6.05327005079016 6.70375682041049 6.74965665861964 6.80129397660494 6.74033325398341 6.63885158044286 6.64925076253712 6.80308693903498 6.82101656333543 6.7916119794827
-9999 -9999 -9999 -9999 -9999 -9999 -9999 12.3432691293769 8.48875052854419 6.56390575086698 11.263977464987 7.41938789165579 12.7799997143447 6.08499986398965 8.41999981179833 -9999 -9999 -9999 -9999 -9999 -9999 -9999 -9999 -9999 -9999 -9999 -9999 -9999 -9999 -9999 -9999 -9999 -9999 -9999 5.5849482640624 5.71260718908161 5.78217413136736 6.08984648436308 6.19383830530569 6.28276924183592 6.54908392811194 6.55745108611882 6.60669778753072 6.69766074814834 6.73196609597653 6.78957995539531 6.84336882829666 6.2777489470318 6.74176762392744 6.70734274527058 6.74535354878753 6.75898006325588 6.75001525110565 6.76471754303202 6.71702474239282 6.74140903144144 6.66682179435156 6.62701802840456 6.6682561642956 6.85759299690835 6.7001708955504 6.6922818608582
-9999 -9999 -9999 -9999 13.5399996973574 14.500294573023 9.78329171545804 4.89317213105304 5.37266151234508 6.38269701460376 10.1840348173148 20.4174188508871 20.5199995413423 -9999 -9999 -9999 -9999 -9999 -9999 -9999 -9999 -9999 -9999 -9999 -9999 -9999 -9999 -9999 -9999 -9999 -9999 -9999 -9999 -9999 6.71092867013067 6.52345651844516 5.45011748932302 5.82018493488431 6.1677805846557 6.29926449619234 6.32986438833177 6.52374339243397 6.68032877799124 6.70543025201187 6.73746451409534 6.46887874207459 6.45883815246634 6.46170689235441 6.88807335821912 6.84073915006593 6.85615862696432 6.73854029155336 6.73961606901139 6.70268104295246 6.83356730034575 6.70985289267264 6.83320870785974 6.81743063847534 6.76113161817193 6.58147678268142 6.53127383464016 6.69048889842816
6.31604662453756 6.64406171832781 7.42758519006403 6.30112917711958 6.77021596115083 5.76260522713086 5.2701040613465 5.17141940919682 5.29879146022722 13.9012459033402 13.0949997073039 -9999 -9999 -9999 -9999 -9999 -9999 -9999 -9999 -9999 -9999 -9999 -9999 -9999 -9999 -9999 -9999 -9999 -9999 -9999 -9999 -9999 -9999 -9999 11.0399997532368 5.38939582835883 5.44294563960284 5.70400096941739 5.87325662281364 5.84743796382099 5.86465040314943 6.53163242712617 6.64674061513506 6.43768119579181 6.45632800506428 6.51190984039567 6.46852014958858 6.89452802296728 6.9299091482535 6.99600969650783 6.97126681497321 6.91962949698791 6.78408153727651 6.60657825670205 6.55099642137066 6.66574601689354 6.72276222216897 5.92489394079894 6.37026580842212 6.62881099083461 6.71451459499076 6.69837793312036
6.67865534638986 6.54274879419245 6.42297890386544 6.30105745862238 6.26483961753547 5.17973875487223 5.45011748932302 5.38915676670149 5.36907558748499 11.8449997352436 -9999 -9999 -9999 -9999 -9999 -9999 -9999 -9999 -9999 -9999 -9999 -9999 -9999 -9999 -9999 -9999 -9999 -9999 -9999 -9999 -9999 -9999 -9999 -9999 -9999 7.54974821340293 5.22492140810937 5.7481078451965 5.77069917181507 5.83094270946458 5.66025268612429 6.43744213413447 6.53139336546883 6.36775566102006 6.40361490962096 6.4172414240893 6.49541458603926 6.89189834473655 6.89739676285535 6.88592180330306 6.87635933700949 6.86966561060399 6.90492720506154 6.46959592704661 6.44413586053997 6.85508284950629 6.37026580842212 6.34014403959736 6.65893275965936 6.65964994463138 6.61482588388026 6.61769462376833
6.1027558138594 6.36416973615997 6.53557694447227 6.21870071766898 6.38819543272257 5.71404155902565 5.7800225764513 5.6125598854851 13.8599996902049 -9999 -9999 -9999 -9999 -9999 -9999 -9999 -9999 -9999 -9999 -9999 -9999 -9999 -9999 -9999 -9999 -9999 -9999 -9999 -9999 -9999 -9999 -9999 -9999 -9999 -9999 -9999 11.4280807105579 6.16601152839139 5.85676136845723 5.63515121210366 5.55482649523765 5.91055024135858 5.98155155358836 6.53043711883947 6.56031982600689 6.4294335686136 6.40433209459297 6.43875697324984 6.90707875997759 6.604426701786 6.61446729139425 6.79089479451068 6.86189610674046 6.84898677724414 6.11709951329976 6.27272865222767 6.55996123352088 6.73351999674924 6.60012359195389 6.63956876541488 6.57502211793326 6.53916286933236
6.17590868100524 6.7159489649348 6.71702474239282 6.68200220959261 5.83632159675471 5.66419720347039 5.62331766006537 5.54779808251187 12.7897884929553 -9999 -9999 -9999 -9999 -9999 -9999 -9999 -9999 -9999 -9999 -9999 -9999 -9999 -9999 -9999 -9999 -9999 -9999 -9999 -9999 -9999 -9999 -9999 -9999 -9999 -9999 -9999 -9999 -9999 -9999 13.1449997061864 14.0393453865097 6.03488403605297 5.82735678460449 6.35831272555515 6.45178583357483 6.60191655438393 6.27416302217171 6.41580705414526 6.33679717639461 6.61052277404815 6.52697072480805 6.60980558907613 6.79125338699669 6.67291786661372 6.80344553152099 6.79507837351412 6.80870488798246 6.87086091889068 6.50473799067549 6.61984617868438 6.47138888947666 6.57143619307317
6.10658080037683 6.09486677916721 6.71917629730888 6.45740378252231 5.86488946480677 5.52518284972757 5.3485162849538 6.3574589339218 14.3099996801466 -9999 -9999 -9999 -9999 -9999 -9999 -9999 -9999 -9999 -9999 -9999 -9999 -9999 -9999 -9999 -9999 -9999 -9999 -9999 -9999 -9999 -9999 -9999 -9999 -9999 -9999 -9999 -9999 -9999 -9999 -9999 -9999 -9999 -9999 12.0981559196409 5.18045593984425 6.48955757543445 6.53402304369956 6.57824945030734 6.70351775875315 6.67901393887587 6.71738333487883 6.69156467588618 6.67315692827106 6.46959592704661 6.50832391553558 6.77428000932559 6.53199101961218 6.61948758619837 6.52589494735003 6.54382457165048 6.47569199930876 6.50366221321747
6.12737916456535 5.84122236073017 5.78026163810864 5.65523239132017 5.23926510754973 5.36692403256893 5.44724874943495 4.91987873334438 5.06886195819825 14.3499996792525 -9999 -9999 -9999 -9999 -9999 16.1899624452926 -9999 -9999 -9999 -9999 -9999 -9999 -9999 -9999 -9999 -9999 -9999 -9999 -9999 -9999 -9999 -9999 -9999 -9999 -9999 -9999 -9999 -9999 -9999 -9999 -9999 -9999 -9999 -9999 12.4549997216091 3.79521316639148 6.44485304551199 6.28731141332537 4.86489455215633 4.92226934991777 5.51753287669271 5.6208075126633 6.30213323608041 6.43624682584777 6.44987334031612 6.6166188463103 6.61626025382429 6.51836450514384 6.48429821897298 5.16467787045985 6.24260688340291 6.25479902792722
5.87516911607236 5.77715383656323 5.76591793866828 5.55267494032159 5.2980742752552 5.51860865415074 5.36190373776481 5.2541466957191 5.67330545261502 5.6606112786103 13.8849996896461 -9999 -9999 -9999 -9999 -9999 -9999 -9999 -9999 -9999 -9999 -9999 -9999 -9999 -9999 -9999 -9999 -9999 -9999 -9999 -9999 -9999 -9999 -9999 -9999 -9999 -9999 -9999 -9999 -9999 -9999 -9999 -9999 -9999 -9999 12.1949997274205 6.69827246474212 6.21296323789284 6.42046875646338 6.11172062600963 6.18021179083735 6.19598986022174 6.18092897580937 6.13359476765618 6.07263404503465 5.86034729331732 6.15080720698461 6.15869624167681 6.75682850833982 6.23615221865475 6.23328347876668 6.2182225943543
7.83308408968151 6.41365549922921 6.09964801231399 5.32102419435978 5.25360880699009 5.24034088500775 5.18583482713439 5.1826074947603 5.84170048404485 5.37337869731709 6.22078396925437 13.1047761326656 6.49499985482544 -9999 13.3167789678579 10.5949997631833 21.0099995303899 22.3163829557353 -9999 -9999 -9999 -9999 -9999 -9999 -9999 -9999 -9999 -9999 -9999 -9999 -9999 -9999 -9999 -9999 -9999 -9999 -9999 -9999 -9999 -9999 -9999 -9999 -9999 -9999 -9999 8.8399998024106 12.7599997147918 11.2869672277011 6.12809634953737 6.05613879067823 6.0547044207342 6.47760449256748 5.95501570962369 6.38843449437991 6.04824975598603 6.05685597565025 6.1622821665369 6.1622821665369 6.18451490066946 6.17519149603322 6.20172733999789 6.15582750178874
6.91460920218378 7.42859176546335 6.95453249895945 5.79317096760496 5.69085257826373 5.56032491335645 5.49745169747621 5.30907111149281 5.78905910709873 5.67861262140796 5.53747061891481 8.60250403382815 15.3649996565655 5.8589926105924 11.0094198310189 12.3200076057672 11.1284570893129 11.3999997451901 -9999 -9999 -9999 -9999 -9999 -9999 -9999 -9999 -9999 -9999 -9999 -9999 -9999 -9999 -9999 -9999 -9999 -9999 -9999 -9999 -9999 -9999 -9999 -9999 -9999 -9999 -9999 -9999 -9999 -9999 6.11187430850363 5.58996855886653 5.40995513089001 5.50569932465442 5.66670735087246 5.87325662281364 6.00521865766495 6.01812798716128 6.11996825318784 6.12283699307591 6.15367594687268 6.15869624167681 6.18738364055753 6.00880458252504
6.69515060074627 6.82878606719896 5.7161931139417 5.70256659947336 5.6523636514321 5.42573320027441 5.36094749113545 4.95346689620055 5.37337869731709 5.59785759355873 5.5011810593307 5.50089418534189 5.76496169203892 5.33345540054142 5.59642322361469 4.2622542656692 16.0549996411428 -9999 -9999 -9999 -9999 -9999 -9999 -9999 -9999 -9999 -9999 -9999 -9999 -9999 -9999 -9999 -9999 -9999 -9999 -9999 -9999 -9999 -9999 -9999 -9999 -9999 -9999 -9999 -9999 -9999 -9999 -9999 5.31241797469556 5.22253079153597 5.68929867749102 5.32030700938776 5.55482649523765 5.61722158780321 6.02601702185348 5.8316598944366 5.93852045526728 5.90266120666638 2.00476088374853 6.35735647892579 6.24834436317906 6.15511031681672
7.47006896301173 5.89931434346363 5.55733664263971 6.49111147620715 6.36273536621593 5.3776818071492 4.88497573137283 4.78277687286027 5.92059083096683 5.51107821194455 5.69309975784272 5.75563828740269 5.7161931139417 4.61196731869131 4.67938270606101 5.76735230861232 15.8999996446073 -9999 -9999 -9999 -9999 -9999 -9999 -9999 -9999 -9999 -9999 -9999 -9999 -9999 -9999 -9999 -9999 -9999 -9999 -9999 -9999 -9999 -9999 -9999 -9999 -9999 -9999 -9999 -9999 -9999 -9999 -9999 5.6590573778376 5.23998229252174 5.3485162849538 5.62224188260734 5.63048950978555 5.75420391745865 5.68894008500502 5.66814172081649 5.59785759355873 5.74990080762655 6.63466800143942 5.95501570962369 6.29352701641619 6.15511031681672
7.48763999482617 6.5409558317624 6.89548426959664 6.03749198140576 5.61004973808303 5.58255764748901 4.96279030083679 5.30524612497538 5.90660572401248 5.3193507627584 5.55554368020967 4.71524195466191 4.68822798738256 4.54694254789501 11.1729666920379 6.69999985024333 -9999 -9999 -9999 -9999 -9999 -9999 -9999 -9999 -9999 -9999 -9999 -9999 -9999 -9999 -9999 -9999 -9999 -9999 -9999 -9999 -9999 -9999 -9999 -9999 -9999 -9999 -9999 -9999 -9999 -9999 -9999 -9999 6.91732695576196 5.27333139372058 5.14531387621537 5.31409140629694 5.68463697517291 5.73053681338206 5.37983336206526 6.03354746405967 6.04717397852801 6.59904781449586 6.54836674313992 6.25049591809511 6.37887202808633 6.21858118684031
7.10968351457268 6.82280952576548 6.58721426245756 6.17160557117313 5.51657663006335 5.85054576536641 5.35712250461802 5.35688344296068 6.20961637469009 5.38657490080223 4.70042013190687 4.71237321477383 4.65332498541102 5.08614611602388 10.7309297345346 -9999 -9999 -9999 -9999 -9999 -9999 -9999 -9999 -9999 -9999 -9999 -9999 -9999 -9999 -9999 -9999 -9999 -9999 -9999 -9999 -9999 -9999 -9999 -9999 -9999 -9999 -9999 -9999 -9999 -9999 -9999 -9999 -9999 -9999 -9999 5.33070619148202 5.36835840251297 5.99732962297276 6.20913825137541 5.81875056494027 6.38126264465973 6.42214218806475 6.39321572752669 6.33105969661847 6.05255286581814 6.10526596126147 6.06761375023052
6.64745780010708 6.59331033471972 6.74081137729809 6.45740378252231 5.84277626150288 5.19097465276718 5.65834019286558 5.73149306001142 5.60885442979634 5.66599016590044 4.44032104872167 5.53259376110509 5.53259376110509 4.67484053457156 6.49935910338536 14.2749996809289 -9999 -9999 -9999 -9999 -9999 -9999 -9999 -9999 -9999 -9999 -9999 -9999 -9999 -9999 -9999 -9999 -9999 -9999 -9999 -9999 -9999 -9999 -9999 -9999 -9999 -9999 -9999 -9999 -9999 -9999 -9999 5.30975914260418 6.23999986052513 -9999 11.5949583295733 6.78903352874996 5.89333780203015 5.36525060096756 6.11100344103761 6.28539892006665 6.35472680069506 5.87038788292557 5.83668018924072 5.98657184839249 5.93780327029526 6.0188451721333
6.15116579947062 5.89094718545675 5.82759584626183 5.75659453403205 5.56032491335645 5.30787580320612 5.19766837917268 5.59164199046791 5.6074200598523 5.46613462036476 5.56235693744384 5.54012420331128 5.31672108452767 5.54729605303146 12.5511708072653 -9999 -9999 -9999 -9999 -9999 -9999 -9999 -9999 -9999 -9999 -9999 -9999 -9999 -9999 -9999 -9999 -9999 -9999 -9999 -9999 -9999 -9999 -9999 -9999 -9999 -9999 -9999 -9999 -9999 -9999 -9999 -9999 -9999 7.1467792889874 8.45067597525194 6.93971067620441 10.4548391340567 13.7725560249237 4.96769106481224 5.09152500331402 5.58972949720919 5.33082572231069 5.25241349870339 5.69180882489309 5.93636890035123 5.88831750722602 5.80906856781803
6.28492079675198 5.76352732209489 5.69802442798391 5.47402365505695 5.36477247765288 5.21009958535433 5.76460309955291 5.64590898668393 5.61148410802707 5.55733664263971 5.30452894000337 5.33751944871619 5.27333139372058 6.54175270395353 14.8599996678531 -9999 -9999 -9999 -9999 -9999 -9999 -9999 -9999 -9999 -9999 -9999 -9999 -9999 -9999 -9999 -9999 -9999 -9999 -9999 -9999 -9999 -9999 -9999 -9999 -9999 -9999 -9999 -9999 -9999 -9999 -9999 -9999 -9999 -9999 -9999 13.7849996918812 6.15285630690466 5.40636920602992 5.20053711906075 5.26986499968916 5.32281715678982 5.11411632993259 4.84672586619854 5.04012674698606 5.67854090291075 5.79078035103157 5.7201376312878
5.86321603320539 5.81133965356275 5.59068574383855 5.47808770323172 5.35807875124738 5.16969816526398 5.06857508420944 4.89525538263842 5.58602404152043 5.17077394272201 4.73412782559171 4.76185897784308 5.31994841690175 5.11524727546538 13.6399996951222 -9999 -9999 -9999 -9999 -9999 -9999 -9999 -9999 -9999 -9999 -9999 -9999 -9999 -9999 -9999 -9999 -9999 -9999 -9999 -9999 -9999 -9999 -9999 -9999 -9999 -9999 -9999 -9999 -9999 -9999 -9999 -9999 -9999 -9999 -9999 -9999 -9999 12.6699997168034 6.30242011006922 4.9434263065923 4.89382101269439 4.95812859851867 5.0202846294269 5.29484694288112 5.53797264839523 5.52542191138491 5.47342600091361
