EcologicalScience/Bass/data/rs_data_bass/sst_261.asc
NCOLS 226 
NROWS 124 
XLLCORNER -9.41648524995501 
YLLCORNER 47.587301625531 
CELLSIZE 0.0833 
NODATA_value -9999 
[rows 0 to 26 of 124, columns 0 to 61 of 226]
-9999.000000000000000 -9999 -9999 -9999 -9999 -9999 -9999 -9999 -9999 -9999 -9999 -9999 -9999 -9999 -9999 -9999 -9999 -9999 -9999 -9999 -9999 -9999 -9999 -9999 -9999 -9999 -9999 -9999 -9999 -9999 -9999 -9999 -9999 -9999 -9999 -9999 -9999 -9999 -9999 -9999 -9999 -9999 -9999 -9999 -9999 -9999 -9999 -9999 -9999 -9999 -9999 -9999 -9999 -9999 -9999 -9999 -9999 -9999 -9999 -9999 -9999 -9999
-9999 -9999 -9999 -9999 -9999 -9999 -9999 -9999 -9999 -9999 -9999 -9999 -9999 -9999 -9999 -9999 -9999 -9999 -9999 -9999 -9999 -9999 -9999 -9999 -9999 -9999 -9999 -9999 -9999 -9999 -9999 -9999 -9999 -9999 -9999 -9999 -9999 -9999 -9999 -9999 -9999 -9999 -9999 -9999 -9999 -9999 -9999 -9999 -9999 -9999 -9999 -9999 -9999 -9999 -9999 -9999 -9999 -9999 -9999 -9999 -9999 -9999
-9999 -9999 -9999 -9999 -9999 -9999 -9999 -9999 -9999 -9999 -9999 -9999 -9999 -9999 -9999 -9999 -9999 -9999 -9999 -9999 -9999 -9999 -9999 -9999 -9999 -9999 -9999 -9999 -9999 -9999 -9999 -9999 -9999 -9999 -9999 -9999 -9999 -9999 -9999 -9999 -9999 -9999 -9999 -9999 -9999 -9999 -9999 -9999 -9999 -9999 -9999 -9999 -9999 -9999 -9999 -9999 -9999 -9999 -9999 -9999 -9999 -9999
-9999 -9999 -9999 -9999 -9999 -9999 -9999 -9999 -9999 -9999 -9999 -9999 -9999 -9999 -9999 -9999 -9999 -9999 -9999 -9999 -9999 -9999 -9999 -9999 -9999 -9999 -9999 -9999 -9999 -9999 -9999 -9999 -9999 -9999 -9999 -9999 -9999 -9999 -9999 -9999 -9999 -9999 -9999 -9999 -9999 -9999 -9999 -9999 -9999 -9999 -9999 -9999 -9999 -9999 -9999 -9999 -9999 -9999 -9999 -9999 -9999 -9999
-9999 -9999 -9999 -9999 -9999 -9999 -9999 -9999 -9999 -9999 -9999 -9999 -9999 -9999 -9999 -9999 -9999 -9999 -9999 -9999 -9999 -9999 -9999 -9999 -9999 -9999 -9999 -9999 -9999 -9999 -9999 -9999 -9999 -9999 -9999 -9999 -9999 -9999 -9999 -9999 -9999 -9999 -9999 -9999 -9999 -9999 -9999 -9999 -9999 -9999 -9999 -9999 -9999 -9999 -9999 -9999 -9999 -9999 -9999 -9999 -9999 -9999
-9999 -9999 -9999 -9999 -9999 13.5019531701691 12.9346598573029 13.0063783545047 13.0099642793648 13.0522781927139 13.1075014355592 13.255241539795 13.3599505457096 13.4761345111765 13.3047273028642 13.5541642361321 13.5155796846375 13.4797204360366 13.1003295858391 13.7911836238844 13.9516281476244 13.0250251637772 13.5973387714475 13.8507441282272 11.5905574217904 11.6474501658231 11.2660657388761 13.7437879427336 13.0881374413148 13.2236854010262 13.8500269432552 11.4341823337874 11.6638558992185 12.1299057943757 12.3249997245148 7.59046016638412 10.2697415868523 12.2299997266382 12.0849997298792 13.6732579234854 13.5500045632944 13.8646097043529 13.5977951618843 13.0249997088686 -9999 -9999 -9999 -9999 -9999 -9999 -9999 -9999 -9999 -9999 -9999 -9999 -9999 -9999 -9999 -9999 -9999 -9999
-9999 -9999 -9999 -9999 -9999 12.8105868571438 12.978408140596 12.9604785162956 13.6303292801604 13.6131168408319 13.377162985038 13.1125217303634 13.2731711640954 13.3040101178922 13.1404919442721 13.0673390771262 13.255241539795 13.5373821077868 13.4080019388348 13.6848353380337 12.9052552734502 13.1125217303634 13.6009246963076 13.8501464740839 9.85392009150237 9.71357723797805 12.860072620213 12.9145786780864 13.1440778691322 13.1060670656152 13.1856745975092 13.6862697079778 8.382761352629 13.2722746828804 10.5201482373225 10.7609423665158 12.0099997315556 12.0049997316673 12.0099997315556 11.8210150327533 12.26194035355 14.0477309338748 14.0231673485832 11.823740335647 12.2863963610958 11.8829386143479 11.9449997330084 -9999 -9999 -9999 -9999 -9999 -9999 -9999 -9999 -9999 -9999 -9999 -9999 -9999 -9999 -9999
-9999 -9999 -9999 -9999 -9999 13.6425214246847 12.9052552734502 13.0831171465106 13.8297067023814 13.7565538352355 13.3420209214091 13.1899777073413 13.218665106222 13.7508163554594 12.7847681981511 13.2308572507463 13.6371425373945 13.815363002941 12.9497207417153 12.97984251054 13.7090761900879 13.4996991602571 13.693441557698 13.7102954045404 12.1606959968419 9.6440717686899 12.8505443055848 12.8622241751291 13.0250251637772 13.0350657533854 13.2846461236477 13.5413983436301 13.6834009680897 13.654713569209 13.7651600548998 13.3192898044994 12.8655232260004 12.3099997248501 12.0549997305498 9.02919791022356 11.281763652293 12.2401983249246 13.7343862997368 13.9057935080491 12.412262323685 12.6899997163564 -9999 -9999 -9999 -9999 -9999 -9999 -9999 -9999 -9999 -9999 -9999 -9999 -9999 -9999 -9999 -9999
-9999 -9999 -9999 -9999 -9999 13.3592333607376 13.2466353201307 13.5306405690499 13.6202886905521 13.7716147196479 13.7192602166906 13.1698965281248 12.9647816261277 13.6253089853562 13.7544022803195 13.6396526847966 13.7429273207672 13.5213171644136 12.9023865335621 12.8292336664163 13.415532381041 13.5037461325992 13.5908841066994 9.28418834973127 9.46706245933775 13.0141080147587 13.6387920628302 13.3248084820807 13.4946617896203 12.9253364526667 13.2459181351587 13.3441724763252 13.5829950720072 13.5779747772031 13.4911953955889 13.5396053812001 13.3461805942468 10.0367874210572 11.3072260702258 13.1051209918223 9.70174591322227 12.6040375852026 9.29358970925576 13.0099997092038 12.0534546821844 12.0923946028617 9.33499979134649 -9999 -9999 -9999 -9999 -9999 -9999 -9999 -9999 -9999 -9999 -9999 -9999 -9999 -9999 -9999
-9999 -9999 -9999 -9999 -9999 13.7249976964667 13.7988677485846 13.7673116098158 13.7034821473062 13.6740775634535 13.2624133895151 13.8060395983048 13.2652821294032 13.7429273207672 13.9573656274006 13.9595171823166 13.0551469326019 13.4510330371559 13.2000182969496 13.6518448293209 13.7328867311589 13.7407757658511 12.9447004469112 12.7697073137388 12.3150120414793 13.0104424026795 13.4135003569536 13.6900946944952 13.4747001412325 13.4065675688908 13.455336146988 13.378597354982 13.5442670835182 13.5657826326787 13.5385296037421 13.3621021006256 13.3126163375564 13.2997070080601 14.3023315989412 13.8334719234845 13.6529206067789 13.0044875941239 10.0928437985083 13.589210675098 11.3253619787283 12.8701923298716 12.0949997296557 -9999 -9999 -9999 -9999 -9999 -9999 -9999 -9999 -9999 -9999 -9999 -9999 -9999 -9999 -9999
-9999 -9999 -9999 -9999 -9999 12.6549577182159 13.6998962224461 13.7637256849557 13.8605456561781 13.7386242109351 13.7328867311589 13.8282723324373 13.5148624996655 13.5550248580985 13.6396526847966 13.9501937776804 13.8318582572974 13.4983672453091 13.255600132281 13.4696798464283 13.6525620142929 11.9399243011139 13.4367917927115 12.7352824350819 13.773049089592 12.7042641850421 13.7034821473062 13.7077852571383 13.6654713437892 13.5930356616154 13.8268379624933 13.8648487660103 13.9200720088556 13.8990345830098 13.8258817158639 13.3664052104577 13.4689626614563 13.8831369827967 13.3742942451499 13.3549302509055 14.0402004916687 13.4228237615898 13.3525396343321 13.4412923612632 13.3148396109696 12.039999730885 -9999 -9999 -9999 -9999 -9999 -9999 -9999 -9999 -9999 -9999 -9999 -9999 -9999 -9999 -9999 -9999
-9999 -9999 -9999 -9999 -9999 13.2200994761661 13.2602618345991 13.3126163375564 13.6324808350764 13.61598558072 13.7651600548998 13.7300179912709 13.7637256849557 13.6468245345168 13.6123996558599 13.6353495749645 13.8670003209263 13.6439557946287 13.5428327135742 13.7981505636126 11.9922788040712 11.9298837115057 12.6746803049464 12.5739158163778 13.7041993322782 13.3011413780041 13.5801263321191 13.5908841066994 13.6253089853562 12.8421429959126 13.8508636590559 12.5301675330848 13.8003021185286 14.0658996198326 14.1249478491955 13.4696798464283 13.3499099561013 14.1294900206849 13.8820612053387 13.8309020106681 13.3556474358775 13.6844767455477 13.6319843224035 13.3758720520884 12.8602877757046 13.3974593197461 12.2549997260794 -9999 -9999 -9999 -9999 -9999 -9999 -9999 -9999 -9999 -9999 -9999 -9999 -9999 -9999 -9999
-9999 -9999 -9999 -9999 -9999 13.3742942451499 13.2652821294032 13.5629138927907 13.1225623199716 13.6023590662517 13.3197881872766 13.8246864075772 13.8849299452268 13.6798150432296 13.5629138927907 13.3140507075004 14.0298013095744 13.892818979919 13.6532791992649 13.3979613492265 13.3534958809614 13.2473525051028 13.1828058576211 13.4637033049949 13.7725709662773 13.7192602166906 13.5959044015035 13.4374065226875 13.4359721527435 13.5105593898334 13.9057283094153 13.7658772398718 13.8687932833564 14.1359446854331 14.0235857064836 13.3499099561013 13.4682454764843 13.4739829562604 14.012947462732 13.9466078528203 13.3097475976683 13.7658772398718 13.7863170115743 14.2126182788052 10.5256963354152 12.1299997288734 -9999 -9999 -9999 -9999 -9999 -9999 -9999 -9999 -9999 -9999 -9999 -9999 -9999 -9999 -9999 -9999
-9999 -9999 -9999 -9999 -9999 13.0149845741689 13.2767570889555 13.2918179733679 13.2215338461101 13.3850520197302 13.4029816440307 13.2516556149349 14.0011139106937 13.5076906499453 13.5951872165315 13.6023590662517 13.6181371356361 13.5170140545815 13.3732184676919 13.2918179733679 13.1189763951115 12.9995650972705 13.2786695822142 13.5234687193297 13.5564592280425 13.4782860660926 13.139057574328 12.9525894816034 13.6597338640131 13.7371898409911 13.6396526847966 13.7400585808791 13.3699911353178 13.9150517140515 13.9059673710726 12.7994704900775 12.541283900151 13.3226569271646 13.653637791751 14.0326700494625 13.7995849335566 13.7303765837569 13.6206997599873 13.1342524350155 11.8749997345731 -9999 -9999 -9999 -9999 -9999 -9999 -9999 -9999 -9999 -9999 -9999 -9999 -9999 -9999 -9999 -9999 -9999
-9999 -9999 -9999 -9999 -9999 13.0350657533854 13.2997070080601 13.1749168229289 13.1146732852794 13.415173788555 13.3126163375564 13.4790032510646 13.2681508692913 13.855525361374 13.8304238873534 13.9953764309175 13.8619800261222 13.9602343672886 13.6012832887936 13.5837122569792 13.3915066844784 13.3560060283635 12.9231848977506 13.458204886876 13.497650060337 13.537095233798 13.4998016152531 13.7395804575644 13.6712088235654 13.7486648005433 13.2251197709702 14.069007421378 14.0895667239092 14.1397696719505 14.0489262421615 14.0680511747487 14.1576992962509 13.7799818776548 13.369086858614 12.2283029721173 11.6583365296286 12.0727922538246 12.0487027273754 12.2776311134596 11.487622331514 11.9015744709586 -9999 -9999 -9999 -9999 -9999 -9999 -9999 -9999 -9999 -9999 -9999 -9999 -9999 -9999 -9999 -9999
-9999 -9999 -9999 -9999 -9999 13.0379344932735 12.9870143602602 13.616702765692 13.4632251816802 13.3499099561013 13.0501266377978 13.8361613671295 13.9516281476244 13.6224402454682 13.5722372974269 14.0451012556441 13.7852412341163 14.0075685754418 13.2753227190115 13.5338679014239 13.5489287858363 13.4700384389143 13.7952818237245 13.4352549677715 13.4861751007847 13.577257592231 13.6518448293209 13.8745307631325 14.1708476874046 14.1216009859927 13.6317636501044 13.53781241877 14.0121107469313 13.933698523324 9.92555662470737 13.8041271050461 14.1132338279858 13.9944201842882 13.8077608422376 12.0516989071233 13.5801263321191 11.3419773743875 12.360904209261 -9999 -9999 -9999 -9999 13.2249997043982 13.2249997043982 -9999 -9999 -9999 -9999 -9999 -9999 -9999 -9999 -9999 -9999 -9999 -9999 -9999
-9999 -9999 -9999 -9999 -9999 13.5923184766434 13.2114932565019 13.3936582393944 13.496215690393 13.5105593898334 13.5700857425109 13.3900723145343 13.9380016331561 13.7178258467466 14.0637480649166 14.0666168048047 13.9387188181281 13.4374065226875 13.4646595516242 14.0900448472239 14.054902783595 14.1201666160487 13.5941114390735 13.7508163554594 13.5227515343577 13.8246864075772 13.1031983257271 12.4013132997788 13.8593503478914 13.6321222425904 13.4847407308407 12.8151290286332 13.908357987646 13.8560034846887 13.8887549317442 13.1297341696918 13.6767670070985 13.686429082416 12.9852726253282 -9999 -9999 -9999 -9999 -9999 -9999 -9999 -9999 -9999 -9999 -9999 -9999 -9999 -9999 -9999 -9999 -9999 -9999 -9999 -9999 -9999 -9999 -9999
-9999 -9999 -9999 -9999 -9999 13.4187597134151 13.9451734828763 13.3499099561013 13.9236579337157 13.8275551474653 13.7945646387525 13.7701803497039 13.8031708584167 13.9050111244433 14.0350606660359 13.9767296216451 13.9587999973446 13.3886379445903 13.3850520197302 13.8748893556185 13.9824671014212 13.9093142342754 14.013306055218 14.0046998355538 13.9121829741634 13.8046052283607 13.8734549856745 13.8347269971855 14.0226294598542 13.6482589044608 14.1770632904954 13.8415402544197 13.4854579158127 13.7698217572179 13.9121829741634 13.5872981818393 13.5467260034223 13.07004231279 13.7932737058029 12.1180601549502 11.6199997402728 -9999 -9999 -9999 -9999 -9999 -9999 -9999 -9999 -9999 -9999 -9999 -9999 -9999 -9999 -9999 -9999 -9999 -9999 -9999 -9999 -9999
-9999 -9999 -9999 -9999 -9999 13.13618883444 13.0049439845607 13.4280831180513 13.8985564596951 13.9365672632121 13.815363002941 13.7895443439484 13.7522507254034 13.9200720088556 13.615268395748 13.7594225751236 13.9215063787997 13.9824671014212 13.9709921418689 13.3707083202899 13.7400585808791 13.8103427081369 13.8067567832768 13.7974333786406 13.9702749568969 13.9968108008616 13.7307351762429 13.1598559385166 12.8801537994295 12.8349711461924 13.828750455752 13.5177312395535 13.7472304305993 13.8415402544197 13.8476363266818 13.5679341875948 13.4879680632148 13.8208136087283 13.8456282087602 9.82248412967483 11.6749185753879 -9999 13.4650888156221 10.0238580125331 13.1638004558627 12.2799997255206 -9999 -9999 -9999 -9999 -9999 -9999 -9999 -9999 -9999 -9999 -9999 -9999 -9999 -9999 -9999 -9999
-9999 -9999 -9999 -9999 -9999 13.0027924296446 12.9239020827226 13.1698965281248 13.5335093089379 13.7479476155713 13.4854579158127 14.012588870246 13.3448896612972 13.8089083381929 13.8569597313181 13.815363002941 13.9408703730442 13.9631031071767 13.7221289565787 13.6453901645727 13.7687459797598 13.8662831359543 13.217230736278 13.9093142342754 13.7952818237245 13.9839014713652 13.974936659215 13.7773521994241 13.9817499164492 13.8670003209263 14.0642261882313 13.4302346729673 13.3334147017449 13.7282250288408 13.6496932744049 13.5048219100572 13.4561967689544 13.4684247727273 12.9626300712116 13.5050609717146 13.6487370277755 13.5923184766434 13.5182093628682 12.9920346550643 13.178502747789 12.8038931307383 13.2649997035041 -9999 -9999 -9999 -9999 -9999 -9999 -9999 -9999 -9999 -9999 -9999 -9999 -9999 -9999 -9999
-9999 -9999 -9999 -9999 -9999 13.1949980021454 13.3900723145343 13.8713034307584 13.7802209393121 13.217230736278 13.1663106032647 13.3434552913532 13.3699911353178 13.7787865693681 13.8999908296391 13.8713034307584 13.893536164891 13.9129001591355 13.8304238873534 13.7214117716067 14.095065142028 14.2718512376305 13.7622913150117 13.7601397600956 13.5664998176508 13.9946592459455 14.015457610134 13.6496932744049 13.8275551474653 12.7747276085429 12.9748222157359 13.1196935800835 14.0176091650501 13.8042466358747 14.095065142028 13.8659245434683 13.8046052283607 13.415173788555 13.6697744536214 13.6826837831177 13.3717840977479 12.9554582214914 13.0078127244487 13.1455122390762 10.2469968094073 9.5287610073819 -9999 -9999 -9999 -9999 -9999 -9999 -9999 -9999 -9999 -9999 -9999 -9999 -9999 -9999 -9999 -9999
-9999 -9999 -9999 -9999 -9999 13.5951872165315 13.5535904881544 13.5586107829586 13.0759452967905 12.9597613313235 13.695593112614 13.7013305923901 13.8261207775213 13.975295251701 13.8426160318777 13.9035767544992 13.9666890320368 13.9114657891914 14.0219122748822 13.6346323899925 13.2703024242073 13.6088137309998 13.9193548238836 13.7587053901516 13.8892330550589 13.9889217661694 14.4701528823934 14.172879711492 13.9007080146112 13.4797204360366 13.2760399039835 12.9698019209318 13.8447675867938 13.9290368210059 13.8723792082164 13.7034821473062 13.7163914768025 13.3577989907935 13.7606178834103 13.7673116098158 13.1397747593001 13.0286110886373 13.2824945687316 13.4097231827676 13.2079073316418 13.2491454675328 13.8923169504385 -9999 -9999 8.84250486196418 -9999 -9999 -9999 -9999 10.9150669761002 -9999 -9999 -9999 -9999 -9999 -9999 -9999
-9999 -9999 -9999 -9999 -9999 13.6102481009439 13.5700857425109 13.6446729796007 13.2387462854385 13.5177312395535 13.4101534937508 13.9530625175685 13.8289895174094 13.9265266736038 13.3986785341986 14.2277443618514 14.214835032355 13.8347269971855 14.2449568011798 13.9100314192474 13.334849071689 13.4044160139747 13.4876094707288 13.4022644590586 13.4646595516242 13.3197881872766 14.2847605671268 14.2489013185259 13.8727378007025 13.4101534937508 13.4001129041426 13.5170140545815 13.6532791992649 13.3452482537832 13.098178030923 13.0619601898361 12.2590716136619 13.5387686653994 13.3520615110174 13.6178980739787 13.7681722317822 13.3900723145343 11.9052603607997 11.8667714339681 13.4076433463488 13.3591437126161 11.2048097047955 8.9086787358529 9.06057007545605 9.06845911014825 -9999 -9999 -9999 9.81102537589728 9.66884639447738 -9999 -9999 -9999 -9999 -9999 -9999 -9999
-9999 -9999 -9999 -9999 -9999 13.6131168408319 14.054902783595 13.5951872165315 13.4646595516242 13.9659718470648 13.3857692047022 13.1799371177331 13.7909787138924 13.4503158521838 13.9559312574565 13.2939695282839 14.1957100997679 13.7658772398718 13.8053224133328 13.8124942630529 13.3807489098981 13.1598559385166 14.3123721885495 14.0369731592946 13.6733603784814 13.4352549677715 13.1347544644959 14.2861949370708 14.5203558304347 14.0452207864728 13.8380738603882 12.7732932385989 14.0900448472239 13.29791404563 13.0117572417948 13.2907421959098 12.58001188864 12.0616066846997 13.5614795228466 13.6401308081113 13.4935860121623 13.298989823088 13.0806787176058 12.8932065659203 11.0027684526784 10.2699005999602 8.41999981179833 14.4799544103444 14.0858612682205 9.97903740918926 8.12108489884114 8.33364622612837 -9999 8.69725520224669 8.2449100899725 -9999 -9999 -9999 -9999 -9999 -9999 -9999
-9999 -9999 -9999 -9999 -9999 12.6126438048668 12.3451338103041 14.0197607199661 14.1502883848734 14.294442564249 14.3303018128499 13.9258094886318 13.9401531880721 13.1225623199716 13.1698965281248 13.3484755861573 13.9688405869529 13.8505050665699 13.7049165172502 14.0341044194065 13.7974333786406 13.9975279858336 14.3898281655274 14.4199499343522 14.5103152408265 14.4450514083728 14.0964995119721 14.4866481367499 14.3226518398151 14.0764183327556 13.9286782285199 13.6461073495448 13.3212225572206 12.8959318688139 13.3577989907935 13.8720206157304 13.6129734038375 13.9561703191139 9.69913439923735 5.63406780501828 11.4181314360233 11.8801110744476 12.1127658793703 11.5162114196457 12.9109927532263 8.10513625573367 7.90999982319772 9.54499978665262 13.409866619762 10.9353724097255 9.23923132772128 9.2880185051494 14.2087389600929 14.7035965907853 11.2652017835173 -9999 -9999 -9999 -9999 -9999 -9999 -9999
-9999 -9999 -9999 -9999 -9999 14.1947538531385 14.1058229166083 13.656865124125 14.2951597492211 14.2578661306761 14.01402324019 14.254997390788 13.8763237255625 13.8591112862341 13.8605456561781 13.6998962224461 13.3900723145343 13.6059449911118 13.696310297586 13.9050111244433 13.7551194652915 13.7773521994241 14.2277443618514 14.4601122927852 14.5346995298751 14.1244697258808 14.3224127781577 13.4503158521838 13.5872981818393 14.1839960785583 14.2090975525789 13.9573656274006 14.2026428878307 13.5661412251648 13.6111087229103 10.9898078956841 9.00867621603632 9.21817267364567 7.8349998248741 9.6661634044747 13.6421628321987 12.9143396164291 13.1373841427267 12.6900997818448 12.81991026178 8.0434422316239 8.6662867234048 8.57999980822206 13.6188543206081 13.6803887912072 13.8877986851148 13.62801222102 14.2496185034979 15.3738059471361 13.2171733614802 -9999 -9999 -9999 -9999 -9999 -9999 -9999
-9999 -9999 -9999 -9999 -9999 14.0986510668881 14.0850245524198 14.0907620321959 14.1101260264404 14.1445509050973 13.735038286075 13.3599505457096 13.6973860750441 13.3814660948701 13.4768516961485 13.9132587516215 13.8182317428291 13.775200644508 13.9559312574565 13.935132893268 13.8992736446671 14.0369731592946 14.3052003388293 13.6052278061397 13.5535904881544 14.2671895353124 13.2753227190115 14.135227500461 13.854808176402 14.2177037722431 14.214835032355 14.0613574483432 13.8304238873534 13.6425214246847 13.6075227980502 11.5639538715522 14.0478333888708 14.0931526487693 -9999 11.3924970119726 13.5031484784558 11.8061693038326 13.4474471122958 13.0522781927139 13.5160578079522 14.0757011477835 -9999 14.3484704988077 14.4096702830866 14.4593951078132 13.6758705258835 13.8017364884727 13.6647541588172 14.3762016510591 13.7549996925518 -9999 -9999 -9999 -9999 -9999 -9999 -9999
