EcologicalScience/Bass/data/rs_data_bass/sst_430.asc
NCOLS 226 
NROWS 124 
XLLCORNER -9.41648524995501 
YLLCORNER 47.587301625531 
CELLSIZE 0.0833 
NODATA_value -9999 
[rows 0 to 26 of 124, columns 0 to 61 of 226]
-9999.000000000000000 -9999 -9999 -9999 -9999 -9999 -9999 -9999 -9999 -9999 -9999 -9999 -9999 -9999 -9999 -9999 -9999 -9999 -9999 -9999 -9999 -9999 -9999 -9999 -9999 -9999 -9999 -9999 -9999 -9999 -9999 -9999 -9999 -9999 -9999 -9999 -9999 -9999 -9999 -9999 -9999 -9999 -9999 -9999 -9999 -9999 -9999 -9999 -9999 -9999 -9999 -9999 -9999 -9999 -9999 -9999 -9999 -9999 -9999 -9999 -9999 -9999
-9999 -9999 -9999 -9999 -9999 -9999 -9999 -9999 -9999 -9999 -9999 -9999 -9999 -9999 -9999 -9999 -9999 -9999 -9999 -9999 -9999 -9999 -9999 -9999 -9999 -9999 -9999 -9999 -9999 -9999 -9999 -9999 -9999 -9999 -9999 -9999 -9999 -9999 -9999 -9999 -9999 -9999 -9999 -9999 -9999 -9999 -9999 -9999 -9999 -9999 -9999 -9999 -9999 -9999 -9999 -9999 -9999 -9999 -9999 -9999 -9999 -9999
-9999 -9999 -9999 -9999 -9999 -9999 -9999 -9999 -9999 -9999 -9999 -9999 -9999 -9999 -9999 -9999 -9999 -9999 -9999 -9999 -9999 -9999 -9999 -9999 -9999 -9999 -9999 -9999 -9999 -9999 -9999 -9999 -9999 -9999 -9999 -9999 -9999 -9999 -9999 -9999 -9999 -9999 -9999 -9999 -9999 -9999 -9999 -9999 -9999 -9999 -9999 -9999 -9999 -9999 -9999 -9999 -9999 -9999 -9999 -9999 -9999 -9999
-9999 -9999 -9999 -9999 -9999 -9999 -9999 -9999 -9999 -9999 -9999 -9999 -9999 -9999 -9999 -9999 -9999 -9999 -9999 -9999 -9999 -9999 -9999 -9999 -9999 -9999 -9999 -9999 -9999 -9999 -9999 -9999 -9999 -9999 -9999 -9999 -9999 -9999 -9999 -9999 -9999 -9999 -9999 -9999 -9999 -9999 -9999 -9999 -9999 -9999 -9999 -9999 -9999 -9999 -9999 -9999 -9999 -9999 -9999 -9999 -9999 -9999
-9999 -9999 -9999 -9999 -9999 -9999 -9999 -9999 -9999 -9999 -9999 -9999 -9999 -9999 -9999 -9999 -9999 -9999 -9999 -9999 -9999 -9999 -9999 -9999 -9999 -9999 -9999 -9999 -9999 -9999 -9999 -9999 -9999 -9999 -9999 -9999 -9999 -9999 -9999 -9999 -9999 -9999 -9999 -9999 -9999 -9999 -9999 -9999 -9999 -9999 -9999 -9999 -9999 -9999 -9999 -9999 -9999 -9999 -9999 -9999 -9999 -9999
-9999 -9999 -9999 -9999 -9999 9.53592027490959 9.4885860667564 9.56173893390223 9.4806970320642 9.39104891056195 9.20027770800516 9.21940264059231 9.22322762710974 9.73099458729848 9.53376871999353 8.91268653422594 7.81611071201041 7.72646259050816 7.56294441688806 7.56939908163622 7.56581315677613 7.6203192146495 7.68056275229901 7.65474409330636 9.24759018328041 8.46229437179863 8.36395256905021 7.24021117947996 7.20937222568318 7.2459486592561 7.22371592512354 7.62247076956555 7.5503813146196 10.4395592772018 12.3249997245148 8.19485187515367 10.8793168643429 12.2299997266382 11.0099997539073 10.9564395841735 7.68486586213112 7.24049805346876 8.45994898310636 11.1649997504428 -9999 -9999 -9999 -9999 -9999 -9999 -9999 -9999 -9999 -9999 -9999 -9999 -9999 -9999 -9999 -9999 -9999 -9999
-9999 -9999 -9999 -9999 -9999 9.85865351231769 9.71091340808198 9.62771995132789 9.40754416491836 9.43264563893899 9.38459424581379 9.61265906691551 9.71951962774619 9.3451490723528 8.75992613518611 8.57058930257335 7.96528518619016 7.92440564278513 7.70996733615175 7.71140170609578 7.7436750298366 7.66550186788663 7.60884425509721 7.63466291408986 8.20812014103993 7.03204824135173 7.06995146712288 7.25670643383637 7.2301705898717 7.27176731824875 7.29041412752122 7.71540598885622 11.9826882128768 11.8042208073122 11.9938687081056 12.7251996581224 12.0099997315556 -9999 8.48499981034547 8.74249854036607 11.0160341473782 7.16748862331733 8.2289484613575 7.79855204545411 7.51030303994194 10.7186040715314 10.6499997619539 -9999 -9999 -9999 -9999 -9999 -9999 -9999 -9999 -9999 -9999 -9999 -9999 -9999 -9999 -9999
-9999 -9999 -9999 -9999 -9999 9.82135989377275 9.89164402103052 9.65497298026457 9.02887049969286 9.6958525236696 9.62198247155175 9.71234777802601 9.42117067938671 9.05325478874147 8.32029174733907 8.25144199002534 8.0068819145672 7.9150822381489 7.81037323223427 7.65689564822242 7.66191594302654 7.61960202967748 7.60238959034905 8.18543624208341 7.91088158331279 7.39925474251378 6.93887396040373 6.81474119483028 7.35496077500284 7.3097781217657 7.3097781217657 7.33201085589826 7.32125308131799 7.33989989059046 7.52690587204415 12.3997423231735 11.7296381180028 12.3099997248501 12.0549997305498 6.88494223358518 6.90217216523001 7.59348714210943 8.31837925408036 7.88998076412827 8.14098024507985 10.3249997692183 -9999 -9999 -9999 -9999 -9999 -9999 -9999 -9999 -9999 -9999 -9999 -9999 -9999 -9999 -9999 -9999
-9999 -9999 -9999 -9999 -9999 9.39140750304796 9.51201410917565 8.48022399609908 8.76494642999023 9.07022816641256 9.75537887634709 9.45129244821146 9.4168675695546 8.45368815213442 8.16394542343915 8.16107668355107 7.91364786820486 7.84121218603104 7.76232183910906 7.64972379850224 7.61171299498528 7.4768822202459 7.47114474046975 8.00234494007031 8.13343882365379 6.20017343922518 7.02003539307043 7.34922329522669 7.32340463623405 7.3413342605345 7.29686879226938 7.31264686165377 7.37073884438723 6.68367564119399 6.97413555486128 7.4051637230441 12.2558513125131 12.1949997274205 11.2999562444165 12.2927945666015 7.86845750330136 7.84241520598411 11.8346923478239 -9999 11.1710014711613 11.0630998088959 9.33499979134649 -9999 -9999 -9999 -9999 -9999 -9999 -9999 -9999 -9999 -9999 -9999 -9999 -9999 -9999 -9999
-9999 -9999 -9999 -9999 -9999 9.1382412079256 8.71761222183704 8.69681385764852 8.99301125109196 9.5961638125591 9.59114351775497 9.59186070272699 8.88758506020531 8.40850549889728 8.28012938890606 8.10298470081761 7.61745047476143 7.66478468291461 7.84192937100306 7.88926357915625 8.04345834814012 7.41233557276428 7.7479781396687 7.77451398363337 8.39487898442894 7.16299426415935 7.36284980969504 7.45895259594545 7.45249793119729 7.37504195421934 7.38077943399549 7.24523147428408 7.0307931676507 7.01644946821034 7.00999480346218 7.18570512160659 7.25168613903224 7.52851953823119 7.70279548643157 7.3257611011421 9.34600570995826 8.29039361683892 7.65370815945789 7.88741085131187 8.49032694961795 12.9784566335301 12.0949997296557 -9999 -9999 -9999 -9999 -9999 -9999 -9999 -9999 -9999 -9999 -9999 -9999 -9999 -9999 -9999
-9999 -9999 -9999 -9999 -9999 9.64959409297444 9.41184727475047 9.67003386467695 9.66931667970493 9.48571732686833 9.22753073694184 9.06114382343367 8.35973692080006 8.19980467204005 8.19550156220794 8.26291694957763 7.90002135373652 7.72287666564807 8.10728781064972 7.67554245749488 7.73722036508843 7.65761283319443 7.62533950945362 8.1302377297543 7.68630023207515 7.24523147428408 7.3535264050588 7.35711232991889 7.2896969425492 7.10466321976855 6.98130740458146 7.01931820809841 7.30404064198956 7.18857386149466 7.07884456077591 7.51991331856698 7.37504195421934 7.28611101768911 7.60525833023712 7.49839776940644 7.37002165941522 7.57513656141236 7.54692728584632 8.33572681521511 8.50886512498161 12.039999730885 -9999 -9999 -9999 -9999 -9999 -9999 -9999 -9999 -9999 -9999 -9999 -9999 -9999 -9999 -9999 -9999
-9999 -9999 -9999 -9999 -9999 9.34765921975486 8.69466230273247 8.46014281688258 9.2497634710744 9.33152255788445 9.21103548258543 8.75347147043794 8.63943905988708 8.17542038299143 7.97819451568648 8.02050842903554 7.86057618027553 7.71068452112377 7.82184819178656 7.75084687955678 7.74439221480861 7.69777519162744 7.89043372305796 10.233661565464 7.36284980969504 7.34635455533862 7.36428417963907 7.32699056109414 7.41161838779226 7.55290382727981 7.09677418507636 6.8593859593384 7.47975096013397 7.37360758427531 7.42094179242849 7.42022460745648 6.98220388579648 9.31000700872391 7.37504195421934 7.42237616237253 7.42452771728858 7.5765709313564 9.20765446771735 8.16268255424929 8.69277015514672 12.5588256591095 12.2549997260794 -9999 -9999 -9999 -9999 -9999 -9999 -9999 -9999 -9999 -9999 -9999 -9999 -9999 -9999 -9999
-9999 -9999 -9999 -9999 -9999 9.74175236187875 9.53018279513344 9.3652302515693 8.98225347651169 8.95571763254702 8.74916836060584 8.53616442391649 8.19263282231987 8.03126620361581 8.0864894464612 8.03843805333599 7.73937192000449 7.79244360793382 7.80678730737418 7.74582658475265 7.60095522040501 7.60095522040501 7.32985930098221 7.39870905829594 7.41376994270831 7.50843835901469 7.39010283863172 7.3814966189675 7.36069825477898 7.20506911585107 7.28826257260516 7.47903377516195 7.51417583879083 7.53640857292339 7.53425701800734 7.53712575789541 7.51704457867891 7.58948026085272 7.07131411856972 7.45106356125325 7.49839776940644 7.6640674979426 7.60143334371969 9.19081086637452 -9999 12.1299997288734 -9999 -9999 -9999 -9999 -9999 -9999 -9999 -9999 -9999 -9999 -9999 -9999 -9999 -9999 -9999 -9999
-9999 -9999 -9999 -9999 -9999 9.79410686483607 9.31717885844409 9.03891108930111 8.84096803702414 8.79363382887095 8.74486525077373 8.52899257419631 8.51966916956007 8.10728781064972 8.22705770097673 8.03198338858783 7.69562363671139 7.82973722647876 7.69849237659946 6.74607073375955 7.55003508739173 7.76949368882924 7.49194310465828 7.54142886772752 7.61888484470546 7.64613787364215 7.50341806421056 7.41018401784822 7.43169956700876 7.60167240537703 7.65330972336233 7.65187535341829 7.6561784632504 7.59306618571281 7.58159122616053 7.6045411452651 7.54573197755963 7.6124301799573 7.57943967124447 7.54931790241972 7.64255194878206 7.38620954878362 11.2432986316271 8.47722300933674 11.8749997345731 -9999 -9999 -9999 -9999 -9999 -9999 -9999 -9999 -9999 -9999 -9999 -9999 -9999 -9999 -9999 -9999 -9999
-9999 -9999 -9999 -9999 -9999 9.6599932750687 8.74916836060584 8.72048096172512 8.68533889809623 8.73123873630539 8.72836999641731 8.53975034877658 8.01405376428738 6.94544815598056 7.93014312256128 7.23519088467583 7.48046814510599 7.60597551520914 7.65833001816645 7.47831659018993 7.6841486771591 7.44747763639316 7.52780235325918 7.46827600058168 7.46612444566563 7.47831659018993 7.49911495437846 7.49337747460231 7.58661152096465 7.59378337068483 7.63896602392197 7.66550186788663 7.71785637084395 7.66048157308251 7.30117190210149 7.84049500105903 7.46827600058168 7.60525833023712 9.09234136971645 10.5608493184205 9.72416477964188 7.57616992470538 7.47659688859036 10.7698519606201 10.9569027661346 12.0887793387614 12.0999997295439 -9999 -9999 -9999 -9999 -9999 -9999 -9999 -9999 -9999 -9999 -9999 -9999 -9999 -9999 -9999
-9999 -9999 -9999 -9999 -9999 9.33008818794042 9.51906642806716 8.77785575948656 8.8553117364645 8.85889766132459 8.57919552223757 8.00903346948326 8.10083314590156 7.58517715102062 6.49649036349729 6.78695027716458 6.644230467733 7.27463605813682 7.59880366548896 7.23949399450794 7.64398631872609 7.71068452112377 7.88639483926818 7.33989989059046 7.53856012783945 7.42667927220464 7.49624621449038 7.58159122616053 7.24092836445197 7.20291756093502 7.3334452258423 7.30260627204552 7.78670612815768 8.02983183367178 8.37164731408536 7.61027862504125 7.55218664230779 7.66048157308251 6.78479872224852 8.49142311527752 10.6501018314382 7.71620607424167 11.845624065328 -9999 -9999 -9999 -9999 13.2249997043982 13.2249997043982 -9999 -9999 -9999 -9999 -9999 -9999 -9999 -9999 -9999 -9999 -9999 -9999 -9999
-9999 -9999 -9999 -9999 -9999 9.57966855820268 9.12640765588731 9.05684071360156 8.50675984006375 8.76136050513014 8.69968259753659 8.21271400153637 8.09796440601349 7.73506881017238 7.86703084502369 7.74008910497651 7.52851953823119 8.09724722104147 8.14888453902677 7.3535264050588 8.31455426756293 8.33822137163952 7.3535264050588 7.50843835901469 7.45464948611334 7.28467664774507 7.29184849746525 6.9511856357567 7.02649005781859 6.90456861257553 6.76973783783615 7.5167756343144 7.78527175821364 7.75514998938888 7.68558304710314 7.5564897521399 7.39985655425116 11.0511647776235 8.40288369411663 -9999 -9999 -9999 -9999 -9999 -9999 -9999 -9999 -9999 -9999 -9999 -9999 -9999 -9999 -9999 -9999 -9999 -9999 -9999 -9999 -9999 -9999 -9999
-9999 -9999 -9999 -9999 -9999 9.72525710752234 9.45129244821146 9.28992582950741 8.88471632031724 8.38483839482069 8.27510909410194 8.43934445269406 8.23566392064095 8.1302377297543 7.97173985093832 7.96671955613419 8.01118502439931 8.50532547011971 8.48022399609908 8.33678700169548 8.39559616940096 8.24498732527718 7.69777519162744 7.46253852080554 7.43600267684087 7.29471723735332 7.17996764183044 7.33631396573037 7.33487959578633 7.64470350369811 7.60023803543299 7.64613787364215 7.50843835901469 7.69275489682332 7.74152347492054 7.9272743826732 7.4240495939739 7.82973722647876 7.80756425776053 11.864324567593 11.6199997402728 -9999 -9999 -9999 -9999 -9999 -9999 -9999 -9999 -9999 -9999 -9999 -9999 -9999 -9999 -9999 -9999 -9999 -9999 -9999 -9999 -9999
-9999 -9999 -9999 -9999 -9999 9.9346751193516 9.77761161047965 9.51297035580501 9.38029113598168 8.64517653966323 8.28658405365422 8.29519027331844 8.30379649298266 8.38268683990464 8.30092775309458 8.53975034877658 8.20123904198408 8.61792351072654 8.46803185157478 8.34969633119181 8.26650287443772 8.40276801912114 7.81037323223427 7.78598894318566 7.64757224358618 7.01573228323832 6.96481215022504 7.15701772272587 7.50915554398671 7.55290382727981 7.58517715102062 7.46469007572159 7.37575913919136 7.59880366548896 7.68630023207515 7.82113100681454 7.68988615693524 7.76519057899714 7.6378304810496 11.3035421692766 11.3749997457489 -9999 11.2903656532221 8.27977842604741 7.39153720857576 12.3049997249618 -9999 -9999 -9999 -9999 -9999 -9999 -9999 -9999 -9999 -9999 -9999 -9999 -9999 -9999 -9999 -9999
-9999 -9999 -9999 -9999 -9999 9.83713796315715 9.79697560472414 9.68366037914529 9.34801781224087 8.61935788067058 8.84276099945419 8.93993956316262 9.18019652878866 9.04966886388138 9.03030486963689 8.93061615852639 8.83379618730396 9.03604234941304 8.3812524699606 8.43504134286195 8.17828912287951 8.4608600018546 8.2815637588501 8.56628619274125 8.04991301288828 7.59091463079676 7.56939908163622 7.50126650929451 7.53784294286743 7.56007567699999 7.58732870593667 7.61601610481739 7.59736929554492 7.52349924342707 7.3771935091354 7.74008910497651 8.39097749818117 7.89973447974771 6.55960264103487 7.54214605269954 7.39512313343585 7.40874964790419 7.39870905829594 7.32053589634597 7.50126650929451 13.0096212778564 13.2699997033924 -9999 -9999 -9999 -9999 -9999 -9999 -9999 -9999 -9999 -9999 -9999 -9999 -9999 -9999 -9999
-9999 -9999 -9999 -9999 -9999 9.77976316539571 9.5803857431747 9.50364695116878 9.85363321751356 9.75322732143104 9.14146854029968 8.86965543590486 8.35471662599593 9.18163089873269 9.13357950560749 8.7197637767531 8.87754447059706 8.78000731440261 8.74271369585767 8.60286262631416 8.56413463782519 8.67529830848798 8.68533889809623 8.57130648754537 8.66167179401964 8.73697621608153 8.59138766676188 7.56366160186008 7.83332315133885 7.58876307588071 7.64900661353022 7.56796471169218 7.60310677532107 7.15486616780981 7.29184849746525 7.4969633994624 7.51130709890276 7.60023803543299 7.51561020873487 7.47114474046975 7.41663868259639 7.41592149762437 7.29041412752122 7.13478498859331 7.88736028057666 8.32331307977438 -9999 -9999 -9999 -9999 -9999 -9999 -9999 -9999 -9999 -9999 -9999 -9999 -9999 -9999 -9999 -9999
-9999 -9999 -9999 -9999 -9999 9.87228002678603 9.60656299465336 9.74964139657095 9.84861292270944 7.69634082168341 9.35877558682114 8.91627245908603 8.90838342439383 8.23924984550104 8.79506819881499 8.71115755708888 8.89547409489751 8.88615069026127 8.62939847027883 8.4967192504555 8.46659748163074 8.65091401943937 8.69322793278843 8.71259192703292 8.72550125652924 8.63872187491506 8.63872187491506 8.38268683990464 8.39272742951289 8.57489241240546 7.6999267465435 6.98632769938558 7.19287697132677 7.10824914462864 7.75228124950081 7.75228124950081 7.78527175821364 7.83332315133885 7.75443280441687 7.55290382727981 7.61314736492932 7.47042755549774 7.39010283863172 8.62392178503796 9.33826409662142 7.27309411044698 9.31455631638224 -9999 -9999 9.09789955324959 9.10999979637563 -9999 -9999 10.9149997560307 10.9150669761002 -9999 -9999 -9999 -9999 -9999 -9999 -9999
-9999 -9999 -9999 -9999 -9999 10.0551621946506 6.37241736333817 9.81418804405257 9.26052124565467 9.71951962774619 9.71521651791409 8.4304991713725 8.15533920377493 8.10155033087358 8.57489241240546 8.67816704837605 9.00090028578416 8.77929012943059 8.54979093838483 8.36690877052024 8.97221288690343 9.14505446515977 9.19884333806112 8.95930355740711 8.83021026244387 8.8115634531714 8.75418865540996 8.62581254541874 8.73625903110951 8.61864069569856 7.44030578667298 7.37575913919136 7.39870905829594 7.83906063111499 7.85842462535948 7.77236242871732 7.80965604726225 7.18355356669053 7.79531234782189 7.9631336312741 7.92010253295302 7.91723379306495 8.95747799566016 7.41265113415197 7.24751750138239 7.06360438012052 11.2048097047955 11.7052923156606 9.8393074476975 9.0745193231618 9.07499979715794 -9999 -9999 10.9097100434521 8.51171359193233 8.55499980878085 -9999 -9999 -9999 -9999 -9999 -9999
-9999 -9999 -9999 -9999 -9999 9.98129214253277 9.9346751193516 9.95260474365205 9.4168675695546 9.80701619433239 9.68509474908933 9.73027740232646 8.01979124406353 8.68103578826413 8.78789634909481 8.80008849361911 8.2457045102492 8.73267310624942 8.60788292111829 8.78215886931866 9.12927639577538 9.3372600376606 9.39391765045002 9.08409374253824 8.8710898058489 8.83164463238791 8.78215886931866 8.75275428546593 7.91364786820486 6.94186223112047 7.13550217356533 7.06163212144747 7.08960233535618 7.78240301832557 7.75514998938888 7.77307961368933 7.79531234782189 7.85842462535948 7.91149631328881 7.94090089714155 8.1065706256777 10.8359810332768 8.45856500994414 7.17990787641611 7.35413734040534 7.59467304318177 -9999 11.5396647744757 7.01420011534356 9.13231499526209 8.70093767123763 8.61999980732799 -9999 11.136002134833 8.66517025729778 -9999 -9999 -9999 -9999 -9999 -9999 -9999
-9999 -9999 -9999 -9999 -9999 9.98057495756075 9.99276710208505 9.94543289393187 9.04177982918918 9.23972288146615 9.79840997466817 9.6399120958522 9.45487837307155 9.11278114141896 9.24115725141019 8.64876246452332 8.87467573070899 8.71689503686503 8.77355264965445 9.06975004309788 9.29136019945145 8.99731436092407 9.08481092751026 8.76709798490629 8.46516311168671 8.51608324469998 8.45655689202249 7.22658466501161 7.01286354335025 7.10753195965663 6.95333719067276 7.06378367636353 7.03509627748281 7.53497420297936 7.67841119738296 7.53856012783945 7.08501235153526 7.69264456067378 12.690800719908 7.49086732720025 -9999 10.8438183587077 6.57627719163429 6.59115877980366 7.69068302912638 9.19758109251037 8.99499979894608 8.56499980855733 6.85006255470216 11.309385624839 11.3290583420906 11.8684026782182 12.8508186205741 7.81912288889289 12.3298773299903 -9999 -9999 -9999 -9999 -9999 -9999 -9999
-9999 -9999 -9999 -9999 -9999 8.55481123318896 8.65521712927148 9.79195530992001 9.27486494509503 9.80271308450028 9.89522994589061 9.13967557786964 9.35016936715692 9.44196904357523 8.7197637767531 9.23972288146615 9.41973630944267 9.50651569105685 9.0941343321465 8.81443219305947 9.21246985252947 8.74558243574575 8.80152286356315 8.03413494350389 7.87635424965993 7.60167240537703 7.34420300042257 7.0745414509438 6.91962949698791 6.82926419051364 6.82711263559759 6.78981901705265 6.94114504614845 7.48763999482617 7.5486007174477 5.78722311357036 9.52390292815624 10.7586506034231 7.8349998248741 9.91428017170983 8.88888661811749 6.73803826207295 6.69789980980568 7.22706278832629 7.09490950414911 11.8300543758909 10.4606367504609 10.9049997562543 12.3377650862779 6.90499892355874 6.29944379243534 12.0385302035412 9.03349235840142 9.2297847468539 14.2199996821582 -9999 -9999 -9999 -9999 -9999 -9999 -9999
-9999 -9999 -9999 -9999 -9999 9.22681355196983 9.72956021735445 9.40037231519818 9.19525741320103 9.46922207251191 9.71736807283014 9.32506789313629 9.48571732686833 9.31431011855602 8.45153659721836 8.79578538378701 8.7039857073687 8.65952023910359 8.80726034333929 8.81586656300351 8.18044067779556 8.078600411769 8.09222692623734 8.07716604182497 7.56653034174815 7.13693654350936 6.86655780905858 7.12044128915295 7.12761313887313 6.90313424263149 6.85293129459023 6.93325601145625 7.1304818787612 7.33631396573037 5.73550588068818 10.6685944073834 5.68750571506098 8.21890787174925 -9999 8.92849003570154 6.66689351284876 6.76949877617881 6.66120384540409 7.07697987984866 7.86323574121343 9.70134411145534 -9999 8.34270377771463 6.86469312813133 6.81537688151002 7.97030548099428 7.98034607060254 7.86487929010764 7.66980497771874 12.5749997189268 -9999 -9999 -9999 -9999 -9999 -9999 -9999
