EcologicalScience/Bass/data/rs_data_bass/sst_54.asc
NCOLS 226 
NROWS 124 
XLLCORNER -9.41648524995501 
YLLCORNER 47.587301625531 
CELLSIZE 0.0833 
NODATA_value -9999 
[rows 81 to 107 of 124, columns 62 to 123 of 226]
8.64999980665743 -9999 -9999 -9999 -9999 -9999 -9999 -9999 -9999 -9999 -9999 -9999 -9999 -9999 -9999 -9999 -9999 -9999 -9999 -9999 -9999 -9999 -9999 -9999 -9999 -9999 -9999 -9999 -9999 -9999 -9999 -9999 -9999 -9999 -9999 -9999 -9999 -9999 -9999 -9999 -9999 -9999 -9999 -9999 -9999 -9999 -9999 -9999 -9999 -9999 -9999 -9999 -9999 -9999 -9999 -9999 -9999 -9999 -9999 -9999 -9999 -9999
9.40799978971481 -9999 -9999 -9999 -9999 -9999 -9999 -9999 -9999 -9999 -9999 -9999 -9999 -9999 -9999 -9999 -9999 -9999 -9999 -9999 -9999 -9999 -9999 -9999 -9999 -9999 -9999 -9999 -9999 -9999 -9999 -9999 -9999 -9999 -9999 -9999 -9999 -9999 -9999 -9999 -9999 -9999 -9999 -9999 -9999 -9999 -9999 -9999 -9999 -9999 -9999 -9999 -9999 -9999 -9999 -9999 -9999 -9999 -9999 -9999 -9999 -9999
-9999 -9999 -9999 -9999 -9999 -9999 -9999 -9999 -9999 -9999 -9999 -9999 -9999 -9999 -9999 -9999 -9999 -9999 -9999 -9999 -9999 -9999 -9999 -9999 -9999 -9999 -9999 -9999 -9999 -9999 -9999 -9999 -9999 -9999 -9999 -9999 -9999 -9999 -9999 -9999 -9999 -9999 -9999 -9999 -9999 -9999 -9999 -9999 -9999 -9999 -9999 -9999 -9999 -9999 -9999 -9999 -9999 -9999 -9999 -9999 15.3249996574596 -9999
-9999 -9999 -9999 -9999 -9999 -9999 -9999 -9999 -9999 -9999 -9999 -9999 -9999 -9999 -9999 -9999 -9999 -9999 -9999 -9999 -9999 -9999 -9999 -9999 -9999 -9999 -9999 -9999 -9999 -9999 -9999 -9999 -9999 11.3199997469783 11.209999749437 11.1449997508898 -9999 -9999 -9999 -9999 -9999 -9999 -9999 -9999 -9999 -9999 -9999 -9999 -9999 -9999 -9999 -9999 -9999 -9999 -9999 -9999 17.2699996139854 14.9574996656738 7.05799984224141 7.12399984076619 6.89428556018642 8.04687482013833
-9999 -9999 -9999 -9999 -9999 -9999 -9999 -9999 -9999 -9999 -9999 -9999 -9999 -9999 -9999 -9999 -9999 -9999 -9999 -9999 -9999 -9999 -9999 -9999 -9999 -9999 -9999 -9999 -9999 -9999 -9999 -9999 -9999 16.3040905446661 10.7116664272423 10.2529997708276 11.582692048799 12.0376920386289 9.95236819859986 10.3667497682851 12.847499712836 -9999 15.1501425185108 11.3926664120207 4.63499989639968 4.63499989639968 8.93099980037659 3.97499991115183 3.85499991383404 4.22999990545213 4.74499989394099 4.68499989528209 15.8999996446073 -9999 9.43678550335712 8.884090710516 2.6999999396503 2.6999999396503 4.58166656425844 6.00285700868283 4.58785704031054 6.71312484994996
-9999 -9999 -9999 -9999 -9999 -9999 -9999 -9999 -9999 -9999 -9999 -9999 -9999 9.4926920955141 8.90699980091304 7.0599998421967 7.0599998421967 6.72499984968454 9.76785692452852 -9999 -9999 -9999 -9999 -9999 -9999 11.894999734126 11.894999734126 12.7448273013378 7.5942855445402 7.5728569735906 5.22499988321215 4.93499988969415 4.60999989695847 4.52499989885837 4.50999989919364 -9999 17.2980765364348 3.74499991629273 3.74499991629273 7.87687482393812 8.26624981523491 8.23499981593341 8.57749980827793 4.51999989897013 4.64499989617616 4.91499989014119 7.96249982202426 4.83999989181757 4.70499989483505 4.74999989382923 4.76499989349395 4.76999989338219 4.7099998947233 9.07909070615741 8.07499981950969 7.92699982281774 6.13124986295588 6.20499986130744 4.83499989192933 4.80999989248812 4.90999989025295 5.45499987807125
-9999 -9999 -9999 -9999 -9999 -9999 -9999 -9999 12.955923564113 12.1049997294322 8.84499980229884 8.84374980232678 7.30999983660877 7.38999983482063 7.40999983437359 7.38499983493239 7.30499983672053 7.27499983739108 7.40499983448535 7.50166649899135 8.85499980207533 9.41038440504613 9.16363615881313 9.21363615769554 9.22499979380518 10.4802938833942 10.9743747547036 8.78666647026936 8.10714267593409 5.84499986935407 5.84499986935407 4.64499989617616 5.15999988466501 4.81499989237636 4.7949998928234 16.5808104402008 4.83833322518816 4.55999989807606 4.30999990366399 3.58999991975725 4.22499990556389 4.05499990936369 8.56374980858527 8.2842855291175 7.98416648820664 7.94166648915658 5.06999988667667 5.2799998819828 5.03999988734722 4.86999989114702 4.95499988924712 7.05166650904963 7.05833317556729 6.62499985191971 6.54499985370785 6.20249986136332 6.32374985865317 5.98999986611307 4.95999988913536 5.07499988656491 5.15499988477677 5.38999987952411
-9999 -9999 -9999 -9999 -9999 -9999 -9999 -9999 12.0374997309409 8.91833313399305 8.69928551984153 7.86999982409179 7.54999983124435 7.59499983023852 7.75999982655048 7.83999982476234 7.78999982587993 7.71499982755631 7.66999982856214 7.71499982755631 7.57749983062968 7.38499983493239 7.3499998357147 7.47499983292073 7.23499983828515 6.83499984722584 6.60999985225499 6.60999985225499 6.17499986197799 6.14999986253679 6.04499986488372 5.61999987438321 5.50499987695366 5.30499988142401 5.77999987080693 7.1307141263304 7.15428555437497 4.97999988868833 5.00999988801777 5.28499988187104 5.46499987784773 5.17999988421798 4.96999988891184 6.86499984655529 5.43499987851828 7.69499982800335 7.57249983074144 6.27999985963106 5.67833320641269 5.51499987673014 5.42999987863004 5.28499988187104 7.16249983990565 7.16749983979389 5.12999988533556 5.11999988555908 5.21499988343567 6.54249985376373 5.72499987203628 5.60499987471849 5.77999987080693 5.89999986812472
-9999 -9999 -9999 -9999 -9999 -9999 -9999 -9999 7.23999983817339 7.33999983593822 7.2899998370558 7.25499983783811 8.41166647865126 8.35999981313944 8.01499982085079 8.12999981828034 8.12999981828034 7.43999983370304 7.43999983370304 7.83999982476234 7.85666649105648 7.32499983627349 7.32499983627349 7.30999983660877 7.20999983884394 7.12499984074384 7.21499983873218 6.77499984856695 6.68999985046685 7.41999983415008 7.31749983644113 5.6549998736009 5.69499987270683 5.96499986667186 5.89999986812472 5.97999986633658 5.57999987527728 5.38999987952411 6.04499986488372 6.3699998576194 5.35499988030642 5.34999988041818 7.44374983361922 7.8349998248741 7.93999982252717 6.26499985996634 5.50499987695366 5.50499987695366 7.75333316003283 7.84499982465059 7.73499982710928 7.54249983141199 6.58999985270202 6.58999985270202 7.43249983387068 7.23249983834103 7.06749984202906 5.8249998698011 5.86499986890703 5.89499986823648 5.90999986790121 6.00499986577779
9.46232374192803 9.40499978978187 -9999 -9999 -9999 -9999 -9999 -9999 9.14083312901979 8.4524998110719 8.43666647809247 8.56499980855733 8.11999981850386 8.24999981559813 8.2949998145923 8.31999981403351 8.59499980788678 8.24999981559813 7.85166649116824 7.17749983957037 7.42499983403832 7.42499983403832 7.46749983308837 7.41999983415008 7.36499983537942 7.23499983828515 7.1449998402968 7.13499984052032 7.18999983929098 6.87499984633178 6.89999984577298 6.89999984577298 6.29499985929579 6.18999986164272 7.3624998354353 6.95333317791422 5.68999987281859 6.13999986276031 6.22499986086041 6.37999985739589 5.70499987248331 7.73499982710928 7.83249982492998 7.85249982448295 6.53499985393137 6.47999985516071 6.41999985650182 7.749999826774 7.79166649250935 6.40999985672534 6.37999985739589 7.62499982956797 6.84999984689057 6.85499984677881 6.69499985035509 6.75499984901398 6.75499984901398 6.59499985259026 6.38499985728413 6.33999985828996 6.37499985750765 6.33999985828996
9.0449997978285 9.54571407235095 9.48999978788197 9.53214264408286 9.59599978551269 -9999 16.1899624452926 9.07799979709089 8.33499981369823 8.42999981157482 8.65249980660155 8.18499981705099 8.22499981615692 8.2699998151511 8.33499981369823 8.57499980833381 8.48999981023371 8.38499981258065 8.57499980833381 8.45499981101602 7.95999982208014 8.27999981492758 8.17499981727451 8.32999981380999 8.07999981939793 7.87499982398003 7.46499983314425 7.78499982599169 7.78499982599169 6.93999984487891 8.40999981202185 6.56499985326082 6.56499985326082 7.91249982314184 7.81749982526526 7.60749982995912 7.16999983973801 7.00499984342605 6.8049998478964 7.40499983448535 6.92499984521419 6.92499984521419 8.13333315153917 7.89749982347712 7.96249982202426 7.90999982319772 7.79999982565641 7.40999983437359 7.604999830015 7.13499984052032 7.13499984052032 7.85999982431531 6.91499984543771 6.89999984577298 6.73999984934926 6.76999984867871 6.8049998478964 6.73999984934926 6.61999985203147 6.63499985169619 6.56999985314906 6.47999985516071
9.14999979548156 8.95999979972839 8.96499979961663 8.89499980118126 8.89499980118126 9.41571407525667 9.26499979291111 8.15499981772155 8.15499981772155 8.46499981079251 8.55249980883673 8.63249980704859 8.41499981191009 8.34499981347471 8.51499980967492 8.61999980732799 8.53499980922788 8.57499980833381 8.72999980486929 8.63999980688095 8.56999980844557 8.40499981213361 8.5849998081103 8.36999981291592 8.35999981313944 8.16499981749803 8.40999981202185 7.37999983504415 8.42249981174245 8.10999981872737 8.10499981883913 7.76499982643872 7.45499983336776 7.41499983426183 7.54499983135611 8.28749981475994 7.19499983917922 7.19499983917922 8.01874982076697 7.82124982518144 8.35999981313944 8.37749981274828 8.42249981174245 8.35249981330708 7.51833316528549 8.16499981749803 8.15499981772155 7.91749982303008 7.95249982224777 7.40999983437359 7.46499983314425 7.38999983482063 7.17499983962625 7.08499984163791 6.99499984364957 6.96999984420836 6.90999984554946 6.8049998478964 6.7449998492375 6.73499984946102 6.67499985080212 6.59499985259026
8.99999979883432 8.74499980453402 8.79499980341643 8.80999980308115 8.54999980889261 8.55499980878085 8.55499980878085 8.41999981179833 8.46749981073663 8.46999981068075 8.16499981749803 8.57999980822206 8.72833313823988 8.6099998075515 8.69499980565161 8.73499980475754 8.74999980442226 8.73499980475754 8.63499980699271 8.59499980788678 8.5849998081103 8.57499980833381 8.49999981001019 8.54999980889261 8.50499980989844 8.09999981895089 8.08499981928617 7.33499983604997 8.18499981705099 8.49499981012195 8.63249980704859 8.87249980168417 8.19499981682748 8.19499981682748 8.87249980168417 8.6699998062104 8.44124981132336 8.34999981336296 8.32624981389381 8.50666647652785 7.87499982398003 7.94999982230365 7.90499982330948 8.29999981448054 8.00249982113019 7.86833315746238 8.27999981492758 8.23499981593341 8.19499981682748 7.72999982722104 7.56999983079731 7.43999983370304 7.27999983727932 7.22499983850867 7.17999983951449 7.13999984040856 7.04999984242022 6.93499984499067 6.82499984744936 6.70999985001981 6.58499985281378 6.47499985527247
9.30499979201704 9.37499979045242 8.61999980732799 8.67499980609864 8.65249980660155 8.5249998094514 8.5249998094514 8.42499981168658 8.41999981179833 8.53166647596906 8.7066664720575 8.73499980475754 8.73499980475754 8.65499980654567 8.84499980229884 8.78499980363995 8.81999980285764 8.8033331365635 8.82333313611647 8.77999980375171 8.71499980520457 8.56499980855733 8.59666647451619 8.54499980900437 8.4283331449454 8.54499980900437 8.42999981157482 8.32499981392175 7.96249982202426 7.60999982990324 8.5849998081103 8.51499980967492 8.90999980084598 8.85499980207533 8.77249980391935 8.54249980906025 8.48999981023371 8.45374981104396 8.12999981828034 8.09499981906265 8.54249980906025 8.54749980894849 8.24874981562607 8.33999981358647 8.35666647988061 8.35166647999237 8.27999981492758 8.01499982085079 8.02999982051551 7.72499982733279 7.55999983102083 7.92624982283451 7.33999983593822 7.27499983739108 7.20999983884394 7.02999984286726 6.85499984677881 6.68999985046685 6.58499985281378 6.37499985750765 6.22999986074865 6.13999986276031
9.17599979490042 9.2999997921288 9.2999997921288 8.98999979905784 8.98999979905784 8.90499980095774 9.00499979872257 8.40499981213361 8.48999981023371 8.51499980967492 8.96999979950488 8.88166646814595 8.86999980174005 8.82999980263412 8.79499980341643 8.74999980442226 8.80999980308115 8.8149998029694 8.65999980643392 8.65999980643392 8.88999980129302 8.72374980500899 8.7666664707164 8.46499981079251 8.47499981056899 8.48499981034547 8.42999981157482 8.26749981520697 8.039999820292 8.47749981051311 8.58749980805442 8.72999980486929 8.56249980861321 8.42999981157482 8.48249981040135 8.45999981090426 8.25999981537461 8.14749981788918 8.12749981833622 7.82999982498586 7.82999982498586 8.10749981878325 8.10999981872737 8.20249981665984 8.2949998145923 8.13999981805682 8.09749981900677 7.90999982319772 7.91999982297421 7.79499982576817 7.68499982822686 7.59999983012676 7.49999983236194 7.31999983638525 7.16999983973801 6.93999984487891 6.62999985180795 6.49999985471368 6.35499985795468 6.27999985963106 6.14499986264855 5.97999986633658
8.86999980174005 9.63499978464097 9.61999978497624 9.50999978743494 9.27749979263172 9.17249979497865 8.68749980581924 9.22499979380518 9.20999979414046 9.13999979570508 8.82999980263412 8.76333313745757 8.99999979883432 8.62999980710447 8.65499980654567 8.85499980207533 8.8399998024106 8.99833313220491 8.97499979939312 8.91166646747539 8.91624980070628 8.88124980148859 8.56874980847351 8.59499980788678 8.54833314226319 8.75999980419874 8.31333314751585 8.33499981369823 8.60499980766326 8.47749981051311 8.62333314058681 8.2099998164922 8.09999981895089 8.12166648513327 9.32374979159795 8.0435712487836 7.6524998289533 7.60999982990324 7.60999982990324 7.56374983093701 7.62499982956797 7.82999982498586 7.86249982425943 7.9074998232536 7.29749983688816 7.35999983549118 8.06749981967732 7.91499982308596 7.87249982403591 7.65999982878566 7.56999983079731 7.56499983090907 7.44999983347952 7.17999983951449 6.94999984465539 6.71499984990805 6.54499985370785 6.56999985314906 6.49999985471368 6.31499985884875 5.99749986594543 5.91142843929785
9.64499978441745 9.66999978385866 9.07749979710206 9.18999979458749 9.30499979201704 9.45499978866428 9.45499978866428 9.33499979134649 9.25999979302287 9.14999979548156 9.14999979548156 8.91374980076216 9.17499979492277 9.11499979626387 9.10999979637563 9.15999979525805 9.13833312907567 9.1666664617757 9.13874979573302 8.95374979986809 8.54374980903231 8.4524998110719 8.30749981431291 8.20833314986279 8.0649998197332 7.76999982632697 7.41874983417802 7.22249983856454 6.91124984552152 7.34749983577058 7.32499983627349 6.83249984728172 6.7449998492375 6.68249985063449 6.20249986136332 5.50249987700954 4.19749990617856 7.17874983954243 7.18749983934686 7.25999983772635 7.39749983465299 7.53499983157963 7.70999982766807 7.03749984269962 7.12499984074384 7.12749984068796 7.60124983009882 7.90166649005065 7.58874983037822 7.52999983169138 7.45499983336776 7.37999983504415 7.15499984007329 6.87499984633178 6.5749998530373 6.52499985415488 6.56999985314906 15.9858819956289 -9999 -9999 -9999 -9999
9.66833311722924 9.59499978553504 9.6749997837469 9.33249979140237 9.40374978980981 9.53833312013497 9.60499978531152 9.37499979045242 9.43999978899956 9.44999978877604 9.44999978877604 9.32833312482884 9.12749979598448 9.23833312684049 9.19166646121691 8.99249979900196 9.22499979380518 9.13166646255801 8.64999980665743 8.64999980665743 8.46374981082045 8.38374981260858 7.96374982199632 7.92374982289039 7.81749982526526 7.59749983018264 7.51166649876783 7.32166650301466 6.64249985152856 7.19499983917922 7.1199998408556 6.66499985102564 6.55749985342845 6.2724998597987 5.65999987348914 6.31499985884875 6.54249985376373 7.31249983655289 7.38749983487651 7.39749983465299 7.2649998376146 7.47374983294867 7.51624983199872 7.65999982878566 7.18749983934686 7.21499983873218 7.53799983151257 5.22999988310039 5.45999987795949 7.07499984186143 7.06999984197319 6.85499984677881 6.67499985080212 6.60999985225499 6.49999985471368 17.1477268894457 -9999 -9999 -9999 -9999 -9999 -9999
9.28999979235232 9.59499978553504 9.51499978732318 9.42499978933483 9.32749979151413 9.52166645384083 9.62249978492036 9.50749978749081 9.53999978676438 9.53999978676438 9.15874979528598 9.15249979542568 9.1549997953698 9.1237497960683 9.0449997978285 9.25999979302287 9.2149997940287 9.06499979738146 9.01999979838729 8.6887498057913 8.55499980878085 8.78999980352819 8.78999980352819 8.66499980632216 8.57999980822206 8.6099998075515 7.86499982420355 7.86499982420355 6.90374984568916 6.49699985478073 14.0631964069745 15.9269440884495 16.6556575224539 17.3292303818923 -9999 10.1488233025679 8.54437480901834 7.33899983596057 7.356249835575 7.62749982951209 7.61999982967973 7.45999983325601 7.43874983373098 7.35749983554706 7.33249983610585 6.83499984722584 6.85499984677881 6.83999984711409 6.86999984644353 6.99499984364957 6.92999984510243 6.73499984946102 6.7449998492375 -9999 -9999 -9999 -9999 -9999 -9999 -9999 -9999 -9999
9.68499978352338 9.75499978195876 9.57249978603795 9.32499979157001 9.54999978654087 9.54999978654087 9.61299978513271 9.15374979539774 9.09999979659915 9.08374979696237 9.02249979833141 9.1299997959286 8.82499980274588 8.97999979928136 8.99999979883432 9.18999979458749 9.19999979436398 9.28499979246408 9.09999979659915 8.80999980308115 8.87333313499888 8.7549998043105 8.78499980363995 8.49874981003813 8.46374981082045 8.44499981123954 8.52199980951846 7.14249984035268 7.04374984255992 -9999 -9999 -9999 -9999 -9999 16.3799996338785 7.57583316400026 6.73999984934926 6.88833317936709 7.01499984320253 5.80999987013638 5.80999987013638 7.31749983644113 6.97999984398484 7.01499984320253 7.02499984297901 6.8899998459965 6.68499985057861 6.85499984677881 6.87999984622002 6.27499985974282 6.27499985974282 5.90899986792356 15.1594441056045 -9999 -9999 -9999 -9999 -9999 -9999 -9999 -9999 -9999
9.53999978676438 9.55499978642911 9.614999785088 9.63499978464097 9.54999978654087 9.54999978654087 9.47799978815019 9.32749979151413 9.33749979129061 8.84999980218709 8.84999980218709 8.79874980333261 8.90499980095774 8.8149998029694 8.84999980218709 8.83499980252236 8.88166646814595 8.71874980512075 8.0524998200126 8.11499981861562 9.28999979235232 8.97166646613429 9.01333313186963 8.30699981432408 8.44874981115572 6.88499984610826 6.91499984543771 6.93999984487891 8.07374981953762 10.978235048735 -9999 -9999 -9999 -9999 -9999 12.2339580598831 6.84299984704703 5.67999987304211 5.67999987304211 5.23499988298863 5.23499988298863 6.85999984666705 6.8299998473376 6.96499984432012 6.97999984398484 6.89999984577298 6.74999984912574 6.73499984946102 6.47499985527247 6.29499985929579 6.11999986320734 6.31874985876493 6.10399986356497 5.90714272510793 14.794999669306 -9999 -9999 -9999 -9999 -9999 -9999 -9999
9.96249977732077 10.3492854829612 10.1185712024037 10.278749770252 10.0999997742474 9.9962497765664 9.91624977835454 9.48599978797138 9.10499979648739 9.22499979380518 8.83666646915177 8.78999980352819 8.81166646971057 8.97499979939312 8.99499979894608 9.03999979794025 8.93499980028719 8.95499979984015 8.65249980660155 8.38499981258065 8.38499981258065 8.90499980095774 8.75749980425462 7.49749983241782 7.65499982889742 7.59124983032234 7.55499983113259 7.36499983537942 7.23999983817339 6.65437485126313 17.7849996024743 24.7149994475767 -9999 -9999 -9999 -9999 8.74192288152587 8.29999981448054 8.30374981439672 7.75499982666224 6.31999985873699 6.48499985504895 6.37499985750765 6.28124985960312 6.66499985102564 6.62999985180795 6.51999985426664 6.43999985605478 6.31499985884875 6.20999986119568 6.13499986287206 6.11999986320734 8.06624981970526 9.86999977938831 -9999 -9999 -9999 -9999 -9999 -9999 -9999 -9999
10.069999774918 9.73499978240579 9.7039997830987 10.4868747656001 10.2578569135762 10.1721426297777 9.09374979673885 9.17999979481101 9.11666646289329 8.74499980453402 8.74499980453402 8.82499980274588 8.78999980352819 8.63499980699271 8.7549998043105 8.99499979894608 8.95999979972839 8.73499980475754 8.80999980308115 8.86499980185181 8.14499981794506 8.01374982087873 7.99499982129782 7.12749984068796 7.03749984269962 7.35874983551912 7.29249983699992 7.68699982818216 6.93249984504655 6.89874984580092 7.38599983491004 -9999 -9999 -9999 -9999 -9999 -9999 -9999 -9999 -9999 -9999 -9999 -9999 -9999 -9999 -9999 8.2645831486055 8.08937481918838 5.31999988108873 5.46199987791479 8.19499981682748 -9999 -9999 -9999 -9999 -9999 -9999 -9999 -9999 -9999 -9999 -9999
9.88899977896363 9.89999977871776 9.70666644970576 9.70166644981752 9.54749978659675 9.60999978519976 9.33999979123473 9.31874979170971 9.42699978929013 9.46799978837371 9.04749979777262 8.64124980685301 8.63499980699271 8.60499980766326 8.91499980073422 8.93999980017543 8.98999979905784 8.17874981719069 8.87999980151653 8.40999981202185 8.11124981869943 7.92124982294627 7.95499982219189 7.88599982373416 9.90666644523541 17.1538885054696 7.88599982373416 7.24499983806163 7.18749983934686 7.08499984163791 6.98374984390102 7.34299983587116 18.8199995793402 -9999 -9999 -9999 -9999 -9999 -9999 -9999 -9999 -9999 -9999 -9999 -9999 -9999 -9999 -9999 -9999 -9999 -9999 -9999 -9999 -9999 -9999 -9999 -9999 -9999 -9999 -9999 -9999 -9999
10.0199997760355 9.91666644501189 9.90833311186483 9.87166644601772 9.85499977972358 9.7966664476941 9.42166645607601 8.98833313242843 8.76499980408698 8.71999980509281 8.5849998081103 8.40499981213361 8.77999980375171 8.77499980386347 8.74999980442226 8.47749981051311 8.8149998029694 8.70749980537221 8.56999980844557 8.56999980844557 7.9924998213537 7.96624982194044 7.23624983825721 7.1137498409953 7.85899982433766 7.8679998241365 7.81499982532114 8.088333152545 7.40999983437359 7.42749983398244 6.80749984784052 6.73499984946102 -9999 -9999 -9999 -9999 -9999 -9999 -9999 -9999 -9999 -9999 -9999 -9999 -9999 -9999 -9999 -9999 -9999 -9999 -9999 -9999 -9999 -9999 -9999 -9999 -9999 -9999 -9999 -9999 -9999 -9999
10.0349997757003 10.0149997761473 9.72499978262931 9.78499978128821 9.81499978061765 9.77999978139997 9.67999978363514 9.60499978531152 9.36499979067594 8.80999980308115 8.5849998081103 8.54499980900437 8.68499980587512 8.76499980408698 8.50499980989844 8.47999981045723 8.64499980676919 8.49999981001019 8.4399998113513 8.54499980900437 8.42399981170893 7.02749984292313 7.87499982398003 7.07499984186143 7.23166650502632 7.22499983850867 7.78599982596934 7.48799983263016 6.70999985001981 6.70999985001981 6.79499984811991 6.78249984839931 23.8362494672183 -9999 -9999 -9999 -9999 -9999 -9999 -9999 -9999 -9999 -9999 -9999 -9999 -9999 -9999 -9999 -9999 -9999 -9999 -9999 -9999 -9999 -9999 -9999 -9999 -9999 -9999 -9999 -9999 -9999
9.80499978084117 9.71499978285283 9.93749977787957 9.68833311678221 9.72499978262931 9.80999978072941 9.20999979414046 9.20499979425222 9.06499979738146 9.03499979805201 9.05999979749322 9.04999979771674 7.13499984052032 7.13499984052032 8.49749981006607 8.09499981906265 7.99499982129782 8.48499981034547 8.44999981112778 8.41999981179833 8.25999981537461 7.93499982263893 8.09499981906265 7.06124984216876 7.82399982511997 7.85599982440472 8.15999981760979 7.87999982386827 7.43249983387068 7.3499998357147 7.33499983604997 6.42899985630065 7.91769213071809 -9999 -9999 -9999 -9999 -9999 -9999 -9999 -9999 -9999 -9999 -9999 -9999 -9999 -9999 -9999 -9999 -9999 -9999 -9999 -9999 -9999 -9999 -9999 -9999 -9999 -9999 -9999 -9999 -9999
