EcologicalScience/Bass/data/rs_data_bass/sst_330.asc
NCOLS 226 
NROWS 124 
XLLCORNER -9.41648524995501 
YLLCORNER 47.587301625531 
CELLSIZE 0.0833 
NODATA_value -9999 
[rows 0 to 26 of 124, columns 0 to 61 of 226]
-9999.000000000000000 -9999 -9999 -9999 -9999 -9999 -9999 -9999 -9999 -9999 -9999 -9999 -9999 -9999 -9999 -9999 -9999 -9999 -9999 -9999 -9999 -9999 -9999 -9999 -9999 -9999 -9999 -9999 -9999 -9999 -9999 -9999 -9999 -9999 -9999 -9999 -9999 -9999 -9999 -9999 -9999 -9999 -9999 -9999 -9999 -9999 -9999 -9999 -9999 -9999 -9999 -9999 -9999 -9999 -9999 -9999 -9999 -9999 -9999 -9999 -9999 -9999
-9999 -9999 -9999 -9999 -9999 -9999 -9999 -9999 -9999 -9999 -9999 -9999 -9999 -9999 -9999 -9999 -9999 -9999 -9999 -9999 -9999 -9999 -9999 -9999 -9999 -9999 -9999 -9999 -9999 -9999 -9999 -9999 -9999 -9999 -9999 -9999 -9999 -9999 -9999 -9999 -9999 -9999 -9999 -9999 -9999 -9999 -9999 -9999 -9999 -9999 -9999 -9999 -9999 -9999 -9999 -9999 -9999 -9999 -9999 -9999 -9999 -9999
-9999 -9999 -9999 -9999 -9999 -9999 -9999 -9999 -9999 -9999 -9999 -9999 -9999 -9999 -9999 -9999 -9999 -9999 -9999 -9999 -9999 -9999 -9999 -9999 -9999 -9999 -9999 -9999 -9999 -9999 -9999 -9999 -9999 -9999 -9999 -9999 -9999 -9999 -9999 -9999 -9999 -9999 -9999 -9999 -9999 -9999 -9999 -9999 -9999 -9999 -9999 -9999 -9999 -9999 -9999 -9999 -9999 -9999 -9999 -9999 -9999 -9999
-9999 -9999 -9999 -9999 -9999 -9999 -9999 -9999 -9999 -9999 -9999 -9999 -9999 -9999 -9999 -9999 -9999 -9999 -9999 -9999 -9999 -9999 -9999 -9999 -9999 -9999 -9999 -9999 -9999 -9999 -9999 -9999 -9999 -9999 -9999 -9999 -9999 -9999 -9999 -9999 -9999 -9999 -9999 -9999 -9999 -9999 -9999 -9999 -9999 -9999 -9999 -9999 -9999 -9999 -9999 -9999 -9999 -9999 -9999 -9999 -9999 -9999
-9999 -9999 -9999 -9999 -9999 -9999 -9999 -9999 -9999 -9999 -9999 -9999 -9999 -9999 -9999 -9999 -9999 -9999 -9999 -9999 -9999 -9999 -9999 -9999 -9999 -9999 -9999 -9999 -9999 -9999 -9999 -9999 -9999 -9999 -9999 -9999 -9999 -9999 -9999 -9999 -9999 -9999 -9999 -9999 -9999 -9999 -9999 -9999 -9999 -9999 -9999 -9999 -9999 -9999 -9999 -9999 -9999 -9999 -9999 -9999 -9999 -9999
-9999 -9999 -9999 -9999 -9999 10.1849726745859 10.0802636686713 9.86008788226172 9.4487823008094 9.28586178133264 9.27988523989916 9.63417461607605 9.74390391679481 9.45989866787568 9.41973630944267 6.7478636961896 6.72240362968296 6.28420361177996 5.67773406981723 7.76973275048658 7.48166345339268 7.25586971803568 7.03497674665414 4.17209386918694 9.93894562986679 9.88188406902001 9.01498319068924 7.67195653263479 7.2301705898717 7.03509627748281 6.98059021960944 6.7797784274444 11.0729465920093 10.7498646265346 12.3249997245148 7.83722364511252 10.3979178256218 12.2299997266382 9.34999979101121 10.0669445191909 7.56931939441711 10.5672322646715 11.2725324571532 12.8799997121096 -9999 -9999 -9999 -9999 -9999 -9999 -9999 -9999 -9999 -9999 -9999 -9999 -9999 -9999 -9999 -9999 -9999 -9999
-9999 -9999 -9999 -9999 -9999 9.72597429249436 9.69872126355767 9.48643451184034 8.86033203126863 9.35447247698903 9.77976316539571 9.5086672459729 9.46635333262384 9.60477003222331 8.81514937803149 6.48860132880509 8.52970975916833 8.81514937803149 7.94137902045622 7.41018401784822 7.0867335954681 7.07310708099976 6.86799217900261 5.07646411890164 10.2196270524338 8.42976792395005 7.06767696621163 7.4532151161693 7.2380596245639 6.97772147972137 7.08816796541214 7.48333688499406 5.31528671458364 4.6447187657468 11.2645442724648 10.3430028240723 12.0099997315556 -9999 13.2149997046217 10.1011098451912 10.1670430502854 7.31039285174172 8.05292518977076 10.7161377944867 10.4394777149893 11.4075594223104 -9999 -9999 -9999 -9999 -9999 -9999 -9999 -9999 -9999 -9999 -9999 -9999 -9999 -9999 -9999 -9999
-9999 -9999 -9999 -9999 -9999 9.91244238521904 9.80199589952826 9.82924892846495 9.36451306659728 9.36092714173719 9.24283068301156 8.71665597520769 6.75969724822789 7.98321481049061 9.01237524533644 8.4250007532537 7.75443280441687 7.75228124950081 7.78025146340951 8.12665180489421 7.79160689213313 8.07501448690891 7.09964292496443 10.7303918458056 12.0748099573765 11.1807716429747 8.64970376979909 6.8952452079393 6.93253882648423 6.82280952576548 6.60980558907613 6.93684193631634 5.49960325239226 6.10777610866353 6.85393535355106 11.2204641215985 10.8014170642011 12.3099997248501 12.0549997305498 9.5366062779263 10.5521235679276 10.9395164637826 6.803547986517 7.77021087380126 9.97426372980699 9.75499978195876 -9999 -9999 -9999 -9999 -9999 -9999 -9999 -9999 -9999 -9999 -9999 -9999 -9999 -9999 -9999 -9999
-9999 -9999 -9999 -9999 -9999 9.68186741671525 9.43192845396698 9.84000670304522 9.39535202039406 9.69011504389346 8.60381887294352 8.84634692431428 8.59282203670591 9.14577165013179 8.68031860329211 7.94448682200164 8.22504958305508 8.86535232607275 8.12485884246416 7.96905040729325 7.26244391361251 8.0348521284759 7.94807274686173 9.58110292814672 9.72060749259139 8.59138766676188 7.96528518619016 7.80965604726225 7.361415439751 7.39092247859974 6.13072602776811 7.09533981513232 7.35639514494687 7.44604326644912 7.4051637230441 7.1900082314387 10.7113386317156 10.4723474563477 9.92541050036881 12.7734610904008 10.0431259599028 10.6411023167893 9.70346092076405 9.71999978274107 9.93271481376141 9.73931876792876 9.33499979134649 -9999 -9999 -9999 -9999 -9999 -9999 -9999 -9999 -9999 -9999 -9999 -9999 -9999 -9999 -9999
-9999 -9999 -9999 -9999 -9999 9.81490522902459 9.92965482454747 7.96026489138603 9.9346751193516 7.58589433599263 6.20961637469009 5.16467787045985 3.94474623305723 8.91340371919796 8.07028106609359 8.00802941052243 8.59999388642609 7.16275520250201 7.67984556732699 7.53999449778348 7.46469007572159 7.3334452258423 8.15247046388686 8.29662464326248 6.8274712280836 8.44412568584085 7.29789334222941 5.79364909091964 4.19504378829151 7.4847712549381 7.43169956700876 7.47759940521792 7.54142886772752 7.44747763639316 7.35065766517073 7.25527206389233 7.21367533551529 5.24478743183427 7.13980528339744 7.082430485636 10.4845169312321 10.4717162661254 9.18344149685877 10.4631507956074 10.4567857789807 12.9143949153889 12.0949997296557 -9999 -9999 -9999 -9999 -9999 -9999 -9999 -9999 -9999 -9999 -9999 -9999 -9999 -9999 -9999
-9999 -9999 -9999 -9999 -9999 9.37598802614957 9.67361978953704 10.0135654662736 9.25980406068265 5.68535416014493 5.67818231042475 8.56879634014331 6.74750510370359 7.86803490398452 8.56485182279721 8.64876246452332 7.35453046401963 7.6203192146495 7.66550186788663 7.60669270018116 7.66478468291461 7.84121218603104 7.92799156764522 8.23494673566893 8.1302377297543 8.07501448690891 6.66502883192152 7.59964038128965 7.78527175821364 7.52995390817523 7.50413524918258 7.43743704678491 7.4969633994624 7.54358042264357 9.40511370473541 9.69841389856967 7.52780235325918 5.43613238236867 7.16490675741807 7.94494321243837 9.96186578437767 9.9726410988078 9.47746969969012 11.3823847038671 10.4782057034783 12.039999730885 -9999 -9999 -9999 -9999 -9999 -9999 -9999 -9999 -9999 -9999 -9999 -9999 -9999 -9999 -9999 -9999
-9999 -9999 -9999 -9999 -9999 10.0874355183914 10.1175572872162 10.0852839634754 9.09485151711851 6.34372996445745 5.5447859056294 7.50823344902268 7.58553574350663 8.33857996412553 8.67386393854395 8.4730521463789 8.20769370673224 7.62964261928573 7.52278205845505 7.44174015661702 7.80391856748611 7.75299843447283 8.23320500073688 7.77021087380126 7.1821191967465 7.24307991936803 6.87301247380674 7.75012969458476 7.6589276723098 8.10513625573367 7.67267371760681 7.46469007572159 7.50054932432249 7.46612444566563 7.31623278651386 7.43528549186885 10.6275056850282 10.0343260838846 9.77097764948849 6.61769462376833 6.59976499946788 6.65785698220134 11.2699115922554 9.55007272502407 10.0852361511439 10.1990295000374 12.2549997260794 -9999 -9999 -9999 -9999 -9999 -9999 -9999 -9999 -9999 -9999 -9999 -9999 -9999 -9999 -9999
-9999 -9999 -9999 -9999 -9999 9.45416118809953 10.1620227554813 9.85148166259751 9.80988493422046 8.42213201336563 6.55529953120276 6.53839445686234 7.37002165941522 7.36500136461109 7.91221349826083 8.04417553311214 7.11470380937681 7.35108797615394 7.2739188731648 7.31336404662579 7.13765372848138 6.76471754303202 6.6800897163339 7.46038696588948 7.17638171697035 7.57083345158026 7.94233526708558 7.5966521105729 5.65469450259116 7.60095522040501 7.54644916253164 7.54716634750366 7.86774802999571 7.38723409874365 7.33129367092624 7.36356699466705 7.86989958491176 9.00774614233524 10.919635709996 7.40813491792817 6.16043797660885 6.70519119035453 7.91769018350169 12.0670914421523 10.0057385636713 12.1299997288734 -9999 -9999 -9999 -9999 -9999 -9999 -9999 -9999 -9999 -9999 -9999 -9999 -9999 -9999 -9999 -9999
-9999 -9999 -9999 -9999 -9999 9.41973630944267 9.87012847186998 9.57464826339856 8.87266761278734 7.42381053231657 6.83285011537373 6.99636828899384 7.06091493647546 7.19502852624282 6.99995421385393 7.21654407540336 7.3097781217657 7.39153720857576 7.26387828355655 6.60765403416008 4.48550370195881 5.62654499243945 7.30906093679368 7.61386454990134 7.99755850993097 8.01907405909151 8.05995360249653 8.63657031999901 8.22275459114462 8.18976408243179 7.84910122072324 7.51704457867891 7.39010283863172 7.96026489138603 8.02983183367178 7.09031952032819 7.24723959220573 6.81492049107328 6.81994078587741 6.71666614990681 7.79907756892499 7.26029235869646 10.9273465822065 10.4856644271873 11.8749997345731 -9999 -9999 -9999 -9999 -9999 -9999 -9999 -9999 -9999 -9999 -9999 -9999 -9999 -9999 -9999 -9999 -9999
-9999 -9999 -9999 -9999 -9999 9.19597459817305 8.75705739529803 8.48524429090321 7.83906063111499 6.80487990146503 7.35065766517073 7.38293098891154 7.35998106980696 7.34492018539459 7.12904750881717 7.46755881560966 7.8433637409471 7.25814080378041 7.17853327188641 7.02864161273465 7.23160495981574 7.55146945733577 7.38006224902347 7.32842493103817 8.14888453902677 7.92010253295302 7.59163181576878 7.84910122072324 8.72478407155722 7.45393230114132 7.48046814510599 7.41018401784822 7.42165897740051 7.39225439354777 7.41090120282024 7.27893916796893 7.33989989059046 8.33909223910554 10.3005419100768 11.0455946410075 10.0708999727445 11.0549180456437 9.75178489322889 11.7603973116402 9.86904866528289 11.9780072276355 -9999 -9999 -9999 -9999 -9999 -9999 -9999 -9999 -9999 -9999 -9999 -9999 -9999 -9999 -9999 -9999
-9999 -9999 -9999 -9999 -9999 8.7398449559696 8.67314675357193 8.49528488051146 7.53927731281146 7.74869532464072 7.67482527252287 7.77523116860539 8.0943784811534 8.16753134829924 8.07142856204882 8.15533920377493 8.09007537132129 7.60310677532107 7.52708516828716 7.37791069410741 7.00354013871402 6.00593584263697 5.66527298092842 5.33751944871619 6.67435223655775 7.20506911585107 7.16777549730614 7.39010283863172 6.78946042456664 7.29830316221341 7.70494704134762 7.28897975757718 7.91006194334477 7.57298500649631 10.9707867316185 7.04274625051767 7.13335061864927 7.24894779641181 8.61533061121232 11.9983031578362 11.1626913873479 9.76621723350849 12.1505235587795 -9999 -9999 -9999 -9999 13.2249997043982 13.2249997043982 -9999 -9999 -9999 -9999 -9999 -9999 -9999 -9999 -9999 -9999 -9999 -9999 -9999
-9999 -9999 -9999 -9999 -9999 8.53473005397245 8.68533889809623 9.04464856907725 8.05421612272039 8.54815165844879 8.16107668355107 8.19263282231987 8.15390483383089 8.02050842903554 6.50151065830141 6.44628741545603 5.04419079516083 5.23711355263367 5.5490890154615 5.48956266278401 5.73412273824215 5.20125430403277 5.04132205527276 5.98083436861634 7.22299874015152 7.76447339402512 8.05694142561406 7.95165867172182 7.98464918043464 6.95046845078468 7.1106056095367 7.23479244858027 6.75826287828386 6.74607073375955 6.9472411184106 6.96086763287894 7.16002989960834 11.4636440746967 10.7668080572039 -9999 -9999 -9999 -9999 -9999 -9999 -9999 -9999 -9999 -9999 -9999 -9999 -9999 -9999 -9999 -9999 -9999 -9999 -9999 -9999 -9999 -9999 -9999
-9999 -9999 -9999 -9999 -9999 9.13071076571941 9.10776084661484 9.06616411823779 8.37981810001656 8.49169895565137 8.33033233694732 7.75658435933292 6.98274177452549 5.20125430403277 5.45657215407118 5.83309426438063 6.35735647892579 6.58040100522339 6.27272865222767 7.77379679866135 5.9951780680567 5.52470472641289 6.53521835198626 6.15511031681672 7.7917264229618 7.78419598075561 8.06999419210479 6.61948758619837 6.8317743379157 7.31228826916777 6.91389201721177 6.52768790978007 7.2380596245639 7.08888515038416 6.96266059530899 5.74631488276646 6.41473127668723 8.09424400897115 11.2455655956191 9.68324940798155 11.6199997402728 -9999 -9999 -9999 -9999 -9999 -9999 -9999 -9999 -9999 -9999 -9999 -9999 -9999 -9999 -9999 -9999 -9999 -9999 -9999 -9999 -9999
-9999 -9999 -9999 -9999 -9999 9.14864039001986 9.1342966905795 8.86391795612872 8.53616442391649 9.71019622310996 8.64374216971919 9.17517623398453 7.16490675741807 9.00398418116383 6.06904812017456 5.79436627589166 6.22969755390659 5.82520522968844 8.43217260297388 8.68677326804027 7.082430485636 5.17400127509609 8.4383882060647 6.45489363512024 7.60740988515317 7.44532608147711 8.00975065445527 7.62892543431371 7.43779563927092 8.00473035965115 7.23052918235771 7.39404735597782 7.44030578667298 7.24164554942399 7.1900082314387 6.90241705765948 6.57968382025138 5.81683807168156 12.007894928462 10.016414822784 10.0819096669677 9.80499978084117 11.8573433307958 8.0826537788951 8.60461076468346 11.8499997351319 -9999 -9999 -9999 -9999 -9999 -9999 -9999 -9999 -9999 -9999 -9999 -9999 -9999 -9999 -9999 -9999
-9999 -9999 -9999 -9999 -9999 9.03389079449698 9.60333566227928 8.97149570193142 8.97006133198738 9.32721944805235 8.92272712383419 8.45368815213442 9.10680459998548 9.18904181011021 9.17912075133063 5.87469099275768 9.24115725141019 5.6724448306486 8.90479749953374 8.41280860872939 8.45368815213442 8.29734182823449 8.50556453177705 8.13119397638366 7.84981840569526 7.86631366005167 7.55505538219586 7.45249793119729 7.59736929554492 7.47903377516195 7.50162510178052 7.82010645685451 7.72029479974881 7.32699056109414 7.31479841656983 7.32770774606615 9.9161478409078 10.1258516873274 7.72041774574401 6.70519119035453 6.90026550274342 6.80272834654897 6.82998137548566 6.7797784274444 5.16157006891444 12.4340647468343 11.5049997428432 -9999 -9999 -9999 -9999 -9999 -9999 -9999 -9999 -9999 -9999 -9999 -9999 -9999 -9999 -9999
-9999 -9999 -9999 -9999 -9999 9.5165562806651 9.51870783558115 9.29136019945145 9.12640765588731 9.18449963862076 8.84670551680028 9.64493239065632 9.56532485876232 9.32219915324822 9.43981748865917 9.39033172558993 8.63943905988708 9.06042663846165 8.89547409489751 8.61003447603434 8.80008849361911 8.91985838394612 8.83738211216405 8.73123873630539 8.28730123862624 8.01835687411949 7.93157749250531 7.78240301832557 7.32699056109414 7.80965604726225 7.77594835357741 8.12521743495017 7.11972410418093 7.31408123159781 6.9748527398333 6.84647662984207 6.91460920218378 6.85436566453427 6.79914242168888 6.77690968755633 7.04441968211904 6.93397319642827 6.72527236957103 7.5366134829154 6.59187596477568 10.9921245169826 -9999 -9999 -9999 -9999 -9999 -9999 -9999 -9999 -9999 -9999 -9999 -9999 -9999 -9999 -9999 -9999
-9999 -9999 -9999 -9999 -9999 9.52946561016142 9.48356577195227 9.53376871999353 8.77857294445857 8.96432385221124 9.58970914781094 9.52014220552519 8.97890661330894 8.86654763435945 8.64345529573038 8.61457664752379 8.57489241240546 8.62342192884535 8.64947964949533 8.65091401943937 8.34037292655557 8.596407961566 8.73339029122144 8.96647540712729 8.30236212303862 8.73697621608153 7.70207830145955 8.50801491376478 7.61013518804684 7.69897049991414 7.61693819978141 7.0268486503046 8.08505507651716 6.98991362424567 7.07525863591582 6.92823571665213 7.07597582088783 6.89381083799526 6.96266059530899 7.1663411273621 6.83858759514987 6.75969724822789 6.7871096516028 10.0601824894547 10.1631453058723 7.46429888391867 10.0113942624542 -9999 -9999 8.9467784341458 -9999 -9999 -9999 -9999 10.9150669761002 -9999 -9999 -9999 -9999 -9999 -9999 -9999
-9999 -9999 -9999 -9999 -9999 9.6599932750687 9.11894893217832 8.73482466116548 8.68533889809623 8.69394511776045 8.60501418123022 8.45799126196653 9.05923133017495 9.03747671935707 8.4009750566911 8.68749045301229 8.7185684684664 8.74319181917235 8.50532547011971 8.93993956316262 8.7197637767531 8.70972318714485 9.31502730352804 9.32219915324822 8.77498701959848 8.48022399609908 8.51751761464402 8.38842431968078 7.83977781608701 8.84025085205212 8.70470289234072 6.84683522232808 7.32985930098221 7.16347238747403 7.48261970002204 7.01860102312639 7.16132083255798 9.6958525236696 11.0055977867988 7.20506911585107 7.50843835901469 7.98073726240546 11.3338535387262 8.48001305934261 7.2100894106552 10.7837424390018 11.2048097047955 9.71536944706253 9.37851610317593 9.07093339830171 -9999 -9999 -9999 9.73368697022622 9.48902108059188 9.79499978106469 -9999 -9999 -9999 -9999 -9999 -9999
-9999 -9999 -9999 -9999 -9999 9.38602861575782 10.1950132641941 8.89619127986953 8.76566361496225 9.12246313854121 8.37479780521244 8.34969633119181 8.86152733955532 8.62366099050269 8.71115755708888 8.73291216790676 8.60597042785957 8.99803154589608 8.84957425668836 8.86463514110073 9.19238867331296 9.23972288146615 9.45416118809953 9.29996641911566 9.06186100840569 8.73841058602557 8.5763267823495 8.33248389186338 8.05636767763644 7.50987272895873 6.23758658859879 7.29256568243727 7.83977781608701 7.13478498859331 6.9590746704489 7.0107119884342 7.10968351457268 7.08888515038416 7.2975859772414 7.23590806964785 7.2975859772414 10.2914746429306 8.47329120803624 10.3863913155734 13.20275663957 9.45859469519928 8.95999979972839 9.98156417821181 9.72566692750635 9.6388343139044 8.57608642846698 8.6713012387948 -9999 10.3311312940115 10.7037528450984 -9999 -9999 -9999 -9999 -9999 -9999 -9999
-9999 -9999 -9999 -9999 -9999 9.91244238521904 9.24775535315275 9.23169040977955 9.27500838208944 9.19109774036333 9.04942980222404 8.34467603638768 8.90073345135897 8.82877589249983 8.70470289234072 8.85029144166037 8.85602892143652 9.09269996220246 9.28347116475925 9.43981748865917 9.48643451184034 9.39248328050599 9.14935757499188 9.00807213550434 8.68605608306825 8.39846490928903 8.15462201880291 8.0348521284759 6.73100984934717 8.2098452616483 8.18474378762767 8.14529861416668 6.84181492752396 7.54967649490573 7.09749137004837 7.12187565909699 7.2975859772414 10.7214270336553 10.9205839621147 8.95908992784098 9.95222682582248 9.61806186037138 10.1538729262538 7.13621935853735 10.7192754787393 9.7876522000879 8.17499981727451 11.5899997409433 10.331228947845 9.81574194482528 9.36489180472857 9.11735949521331 10.3084939939973 10.6866947900105 11.8465013123448 -9999 -9999 -9999 -9999 -9999 -9999 -9999
-9999 -9999 -9999 -9999 -9999 10.0401013102382 10.0200201310217 9.13334044395015 10.0350810154341 8.94582047993317 9.10321867512539 8.37192906532437 8.83260087901726 8.835230557248 9.00592058058828 9.22824792191386 9.28275397978723 9.36236151168123 9.24689473118633 9.22537918202579 8.97006133198738 9.06186100840569 8.49743643542752 8.70972318714485 8.49600206548348 8.76494642999023 8.08146915165707 8.1302377297543 6.8952452079393 6.86906795646064 6.45345926517621 7.25971861071885 7.4887669997822 7.3771935091354 7.83475752128288 10.6391898235306 9.21903505116221 9.84712520118791 7.8349998248741 9.41470042366089 10.349208033178 7.02003539307043 7.13550217356533 7.50054932432249 7.24236273439601 10.5299628209009 9.39889117232119 -9999 11.1961010301353 9.26851273534287 8.41458047748379 9.05322720470408 9.87072612601332 10.0257576107979 11.3291434994899 9.87999977916479 -9999 -9999 -9999 -9999 -9999 -9999
-9999 -9999 -9999 -9999 -9999 8.8553117364645 9.04464856907725 8.93936581518501 8.87467573070899 8.64216436278075 8.54634845051914 8.26004820968956 6.76256598811597 8.68964200792834 8.81658374797553 8.70757163222879 8.84025085205212 8.83236181735992 8.75418865540996 8.77498701959848 8.94854578282684 8.92057556891814 8.67027801368386 8.08003478171304 8.35615099593997 7.68773460201919 7.49194310465828 7.41161838779226 7.8275856715627 8.23494673566893 7.4489120063372 7.95022430177778 7.38436535885558 7.46469007572159 10.2047806404797 9.32698038639501 3.68141981749795 10.6672078497708 -9999 9.63135368851945 8.31218204034779 7.19718008115888 7.09749137004837 7.34994048019871 7.3771935091354 11.320597982002 -9999 9.78235300001688 8.77929012943059 9.07515283655375 8.2463420080021 10.1634571254253 9.38818017067388 6.75306328723673 12.4999997206032 -9999 -9999 -9999 -9999 -9999 -9999 -9999
