EcologicalScience/Bass/data/rs_data_bass/sst_77.asc
NCOLS 226 
NROWS 124 
XLLCORNER -9.41648524995501 
YLLCORNER 47.587301625531 
CELLSIZE 0.0833 
NODATA_value -9999 
[rows 27 to 53 of 124, columns 62 to 123 of 226]
-9999 -9999 -9999 -9999 -9999 -9999 -9999 -9999 -9999 -9999 -9999 -9999 -9999 -9999 -9999 -9999 -9999 -9999 -9999 -9999 -9999 -9999 -9999 -9999 -9999 -9999 -9999 -9999 12.5299997199327 11.1186839620044 12.9499997105449 12.9499997105449 14.2949996804819 14.3699996788055 14.5749996742234 14.7899996694177 14.8799996674061 14.9699996653944 15.1249996619299 15.2199996598065 15.2549996590242 15.334999657236 15.3249996574596 15.3249996574596 15.2849996583536 15.1049996623769 14.9249996664003 15.1149996621534 14.9549996657297 14.9599996656179 15.1649996610358 15.022499664221 13.2499997038394 14.0049996869639 15.2649996588007 15.5249996529892 15.5149996532127 15.4649996543303 15.4199996553361 15.4249996552244 15.4149996554479 15.8499996457249
-9999 -9999 -9999 -9999 -9999 -9999 -9999 -9999 -9999 -9999 -9999 -9999 -9999 -9999 -9999 -9999 -9999 -9999 -9999 -9999 -9999 -9999 -9999 -9999 -9999 -9999 -9999 -9999 -9999 -9999 9.78499978128821 13.2756247032667 14.3949996782467 14.4799996763468 14.6849996717647 14.8499996680766 15.0099996645004 15.0949996626005 15.1299996618181 15.1799996607006 15.2649996588007 15.2949996581301 15.4099996555597 15.4399996548891 15.3849996561185 15.2849996583536 15.0999996624887 15.0199996642768 15.3149996576831 15.4199996553361 15.4199996553361 15.0674996632151 15.2649996588007 15.2899996582419 14.7399996705353 15.3049996579066 15.5399996526539 15.4599996544421 15.4749996541068 15.6499996501952 15.8399996459484 15.7999996468425
-9999 -9999 -9999 -9999 -9999 -9999 -9999 -9999 -9999 -9999 -9999 -9999 -9999 -9999 -9999 -9999 -9999 -9999 -9999 -9999 -9999 -9999 -9999 -9999 -9999 -9999 -9999 -9999 -9999 -9999 -9999 14.1849996829405 14.1849996829405 14.4999996758997 14.7449996704236 14.8699996676296 15.1449996614829 15.1949996603653 15.2649996588007 15.20999966003 15.20999966003 15.2699996586889 15.3149996576831 15.374999656342 15.3949996558949 15.4349996550009 15.3199996575713 15.1549996612594 15.1599996611476 15.3499996569008 15.5399996526539 15.5899996515363 15.6149996509776 16.059999641031 15.5599996522069 15.5899996515363 15.6349996505305 15.66499964986 15.7149996487424 15.7249996485189 15.809999646619 15.7649996476248
-9999 -9999 -9999 -9999 -9999 -9999 -9999 -9999 -9999 -9999 -9999 -9999 -9999 -9999 -9999 -9999 -9999 -9999 -9999 -9999 -9999 -9999 -9999 -9999 -9999 -9999 -9999 -9999 -9999 -9999 -9999 11.6062497405801 14.5749996742234 14.5749996742234 14.7249996708706 14.9099996667355 15.0949996626005 15.229999659583 15.2249996596947 15.2199996598065 15.3199996575713 15.3049996579066 15.2999996580184 15.3949996558949 15.5799996517599 15.5749996518716 15.5049996534362 15.5699996519834 15.5449996525422 15.6199996508658 15.5949996514246 15.6299996506423 15.644999650307 15.0799996629357 15.479999653995 15.6799996495247 15.8149996465072 15.769999647513 15.6999996490777 15.4199996553361 15.6149996509776 15.7999996468425
-9999 -9999 -9999 -9999 -9999 -9999 -9999 -9999 -9999 -9999 -9999 -9999 -9999 -9999 -9999 -9999 -9999 -9999 -9999 -9999 -9999 -9999 -9999 -9999 -9999 -9999 -9999 -9999 -9999 -9999 -9999 8.18834887357991 13.9899996872991 14.3149996800348 14.6749996719882 14.7999996691942 15.044999663718 15.2999996580184 15.2599996589124 15.334999657236 15.4149996554479 15.3999996557832 15.3849996561185 15.4049996556714 15.3049996579066 15.2749996585771 15.1299996618181 15.4849996538833 15.5049996534362 15.4899996537715 15.4699996542186 15.5749996518716 15.5349996527657 15.5349996527657 15.5399996526539 15.7299996484071 15.8049996467307 15.789999647066 15.6599996499717 15.5149996532127 15.6099996510893 15.624999650754
-9999 -9999 -9999 -9999 -9999 -9999 -9999 -9999 -9999 -9999 -9999 -9999 -9999 -9999 -9999 -9999 -9999 -9999 -9999 -9999 -9999 -9999 -9999 -9999 -9999 -9999 -9999 -9999 -9999 -9999 -9999 -9999 6.42954531083391 14.1049996847287 14.4899996761233 14.7299996707588 15.1849996605888 15.4249996552244 15.4749996541068 15.3849996561185 15.1949996603653 15.0599996633828 15.7249996485189 15.8799996450543 15.9299996439368 15.4099996555597 15.5299996528774 15.5099996533245 15.644999650307 15.6799996495247 15.6699996497482 15.6349996505305 15.5749996518716 15.6049996512011 15.7549996478483 15.5899996515363 15.6599996499717 15.6849996494129 15.7099996488541 15.7149996487424 15.8049996467307 15.6899996493012
-9999 -9999 -9999 -9999 -9999 -9999 -9999 -9999 -9999 -9999 -9999 -9999 -9999 -9999 -9999 -9999 -9999 -9999 -9999 -9999 -9999 -9999 -9999 -9999 -9999 -9999 -9999 -9999 -9999 -9999 -9999 -9999 14.5939996737987 14.0449996860698 14.2199996821582 14.5699996743351 14.8499996680766 15.2549996590242 15.334999657236 15.0899996627122 15.2649996588007 15.519999653101 15.624999650754 15.7149996487424 15.9299996439368 15.8749996451661 15.7449996480718 15.6524996501394 15.6974996491335 15.8299996461719 15.7649996476248 14.9783329985415 14.5716663409645 15.7099996488541 15.8199996463954 15.8699996452779 15.809999646619 15.6199996508658 15.5699996519834 15.624999650754 15.5749996518716 15.5699996519834
-9999 -9999 -9999 -9999 -9999 -9999 -9999 -9999 -9999 -9999 -9999 -9999 -9999 -9999 -9999 -9999 -9999 -9999 -9999 -9999 -9999 -9999 -9999 -9999 -9999 -9999 -9999 -9999 -9999 -9999 -9999 -9999 -9999 13.9599996879697 14.1499996837229 14.3649996789172 14.524999675341 14.8899996671826 14.7849996695295 14.0299996864051 14.9599996656179 15.1349996617064 15.2999996580184 15.6299996506423 15.7399996481836 15.9299996439368 15.9749996429309 16.0399996414781 15.7499996479601 15.7499996479601 12.0149997314438 15.0474996636622 14.8166663354884 13.8833330230167 15.7949996469542 15.8599996455014 15.8199996463954 15.8349996460602 15.6899996493012 15.6299996506423 15.5999996513128 13.7499996926636
-9999 -9999 -9999 -9999 -9999 -9999 -9999 16.4799996316433 16.8099996242672 16.7599996253848 16.6349996281788 16.5449996301904 9.33999979123473 -9999 8.41999981179833 -9999 -9999 -9999 -9999 -9999 -9999 -9999 -9999 -9999 -9999 -9999 -9999 -9999 -9999 -9999 -9999 -9999 -9999 -9999 15.1399996615946 14.8649996677414 14.8799996674061 14.8049996690825 14.8699996676296 14.8899996671826 14.8949996670708 14.8449996681884 15.5949996514246 15.7299996484071 15.6099996510893 15.6699996497482 15.7849996471778 15.6499996501952 14.5849996739998 14.7999996691942 15.5349996527657 15.0599996633828 15.2049996601418 14.9099996667355 15.5699996519834 15.0399996638298 15.499999653548 15.354999656789 15.2249996596947 15.5949996514246 15.9499996434897 16.1099996399134
-9999 -9999 -9999 -9999 15.5449996525422 16.6249996284023 16.5699996296316 16.4599996320903 16.5099996309727 16.5299996305257 16.2899996358901 7.48374983272515 -9999 -9999 -9999 -9999 -9999 -9999 -9999 -9999 -9999 -9999 -9999 -9999 -9999 -9999 -9999 -9999 -9999 -9999 -9999 -9999 -9999 -9999 15.189999660477 15.3499996569008 15.2799996584654 15.0299996640533 15.0199996642768 15.2149996599182 15.3199996575713 15.5299996528774 15.7349996482953 15.6949996491894 15.6149996509776 15.479999653995 15.4649996543303 15.4849996538833 15.4549996545538 15.4449996547773 15.3699996564537 15.334999657236 14.5624996745028 14.5624996745028 14.7999996691942 15.3499996569008 15.3499996569008 14.6574996723793 15.1549996612594 15.4699996542186 16.0399996414781 15.7099996488541
16.244999636896 16.3399996347725 13.0519997082651 16.4849996315315 16.4399996325374 16.4249996328726 16.5099996309727 16.494999631308 16.5299996305257 16.5099996309727 -9999 -9999 -9999 -9999 -9999 -9999 -9999 -9999 -9999 -9999 -9999 -9999 -9999 -9999 -9999 -9999 -9999 -9999 -9999 -9999 -9999 -9999 -9999 -9999 14.9754542107271 15.6499996501952 15.6399996504188 15.624999650754 15.2599996589124 15.5299996528774 15.4949996536598 15.7149996487424 15.5699996519834 15.66499964986 15.6099996510893 15.3699996564537 15.1849996605888 15.1799996607006 15.4699996542186 15.3699996564537 14.7024996713735 14.547499674838 14.6474996726029 14.5099996756762 14.8249996686354 14.7349996706471 15.6749996496364 15.6749996496364 14.6899996716529 14.6649996722117 16.3849996337667 16.3549996344373
15.1049996623769 16.1999996379018 16.2749996362254 16.2349996371195 16.4349996326491 16.4649996319786 16.4849996315315 16.4499996323138 16.4699996318668 16.494999631308 -9999 -9999 -9999 -9999 -9999 -9999 -9999 -9999 -9999 -9999 -9999 -9999 -9999 -9999 -9999 -9999 -9999 -9999 -9999 -9999 -9999 -9999 -9999 -9999 -9999 15.229999659583 15.4349996550009 15.5849996516481 15.5099996533245 15.6349996505305 15.8199996463954 15.66499964986 15.4549996545538 15.7549996478483 15.6199996508658 15.4599996544421 15.0399996638298 15.3599996566772 15.4049996556714 15.417499655392 15.0624996633269 15.0299996640533 13.779999691993 13.6424996950664 15.6149996509776 15.6149996509776 14.4449996771291 16.0899996403605 16.2849996360019 16.2649996364489 15.6899996493012 16.4449996324256
16.1449996391311 15.7549996478483 16.1149996398017 16.1049996400252 16.1299996394664 16.1599996387959 16.4199996329844 16.5249996306375 16.4699996318668 -9999 -9999 -9999 -9999 -9999 -9999 -9999 -9999 -9999 -9999 -9999 -9999 -9999 -9999 -9999 -9999 -9999 -9999 -9999 -9999 -9999 -9999 -9999 -9999 -9999 -9999 -9999 15.0554542089389 15.1149996621534 15.1649996610358 14.9499996658415 15.084999662824 15.2649996588007 15.3949996558949 15.6949996491894 15.66499964986 15.6349996505305 15.6099996510893 16.0299996417016 15.686249649385 14.7799996696413 14.6674996721558 13.9149996889755 13.7549996925518 14.1199996843934 15.8199996463954 15.8199996463954 14.4799996763468 14.7699996698648 16.3349996348843 16.349999634549 16.4699996318668 16.5549996299669
16.1149996398017 16.0099996421486 16.0299996417016 16.059999641031 16.1149996398017 16.2749996362254 16.4749996317551 16.6349996281788 12.7897884929553 -9999 -9999 -9999 -9999 -9999 -9999 -9999 -9999 -9999 -9999 -9999 -9999 -9999 -9999 -9999 -9999 -9999 -9999 -9999 -9999 -9999 -9999 -9999 -9999 -9999 -9999 -9999 -9999 -9999 -9999 10.6602497617248 14.5869996739551 13.9549996880814 13.9412496883888 14.2266663486759 15.7999996468425 15.7799996472895 15.5999996513128 16.0074996422045 16.207999637723 15.044999663718 14.5749996742234 14.6724996720441 15.3274996574037 15.1574996612035 14.2499996814877 14.8899996671826 14.9224996664561 16.3649996342137 16.3749996339902 16.3649996342137 16.3849996337667 16.4599996320903
15.7749996474013 16.0149996420369 16.0899996403605 16.1349996393546 16.1999996379018 16.4249996328726 16.2299996372312 16.3449996346608 16.4099996332079 -9999 -9999 -9999 -9999 -9999 -9999 -9999 -9999 -9999 -9999 -9999 -9999 -9999 -9999 -9999 -9999 -9999 -9999 -9999 -9999 -9999 -9999 -9999 -9999 -9999 -9999 -9999 -9999 -9999 -9999 -9999 -9999 -9999 -9999 7.3445831691691 15.1537496612873 16.1299996394664 15.7324996483512 15.4924996537156 15.0149996643886 14.3899996783584 14.2874996806495 14.5899996738881 16.0887496403884 15.4524996546097 15.5524996523745 15.4699996542186 15.3999996557832 15.3049996579066 15.1724996608682 15.5149996532127 15.934999643825 16.2599996365607
15.9449996436015 16.0749996406958 16.099999640137 16.1849996382371 16.1999996379018 16.1199996396899 16.1349996393546 16.4049996333197 16.4649996319786 16.5549996299669 -9999 -9999 -9999 -9999 -9999 16.1899624452926 -9999 -9999 -9999 -9999 -9999 -9999 -9999 -9999 -9999 -9999 -9999 -9999 -9999 -9999 -9999 -9999 -9999 -9999 -9999 -9999 -9999 -9999 -9999 -9999 -9999 -9999 -9999 -9999 13.4440906085921 15.4079996556044 14.7049996713176 14.6274996730499 14.5699996743351 14.6124996733852 14.6149996733293 14.8174996688031 14.8024996691383 15.499999653548 15.4624996543862 15.3449996570125 15.1799996607006 14.9449996659532 15.2599996589124 15.229999659583 15.1024996624328 15.022499664221
15.20999966003 15.6849996494129 15.9899996425956 16.224999637343 16.2849996360019 16.2499996367842 16.1949996380135 16.4399996325374 16.6849996270612 16.639999628067 16.4449996324256 -9999 -9999 -9999 -9999 -9999 -9999 -9999 -9999 -9999 -9999 -9999 -9999 -9999 -9999 -9999 -9999 -9999 -9999 -9999 -9999 -9999 -9999 -9999 -9999 -9999 -9999 -9999 -9999 -9999 -9999 -9999 -9999 -9999 -9999 13.9069996891543 13.8783330231284 14.2224996821024 13.9274996886961 13.8174996911548 15.3499996569008 15.8449996458367 15.8449996458367 15.5099996533245 15.5099996533245 14.8874996672384 14.6799996718764 14.9799996651709 14.9699996653944 15.0199996642768 14.5199996754527 15.8149996465072
15.8549996456131 15.9049996444955 15.9749996429309 16.0899996403605 16.1999996379018 16.2599996365607 16.3399996347725 16.4899996314198 16.6749996272847 16.7099996265024 16.6749996272847 6.02839986525476 -9999 -9999 -9999 -9999 20.6711285702223 20.6711285702223 -9999 -9999 -9999 -9999 -9999 -9999 -9999 -9999 -9999 -9999 -9999 -9999 -9999 -9999 -9999 -9999 -9999 -9999 -9999 -9999 -9999 -9999 -9999 -9999 -9999 -9999 -9999 8.8399998024106 14.1670267103693 12.8233330467095 13.5999996960163 14.0549996858463 14.4599996767938 15.7549996478483 15.7549996478483 14.3124996800907 14.5949996737763 14.4874996761791 14.484999676235 14.0649996856228 14.5699996743351 14.5624996745028 14.4499996770173 14.0199996866286
15.9049996444955 16.0349996415898 16.0849996404722 16.1149996398017 16.2199996374547 16.2999996356666 16.3599996343255 16.4749996317551 16.6749996272847 16.7099996265024 16.7149996263906 16.8399996235967 10.1804602987648 17.1949996156618 17.3699996117502 17.4299996104091 17.7549996031448 18.8105809748996 -9999 -9999 -9999 -9999 -9999 -9999 -9999 -9999 -9999 -9999 -9999 -9999 -9999 -9999 -9999 -9999 -9999 -9999 -9999 -9999 -9999 -9999 -9999 -9999 -9999 -9999 -9999 -9999 -9999 -9999 14.8449996681884 15.2999996580184 15.2599996589124 15.5549996523187 15.7749996474013 15.2349996594712 14.3299996796995 13.9724996876903 13.9999996870756 14.0749996853992 14.0399996861815 13.9374996884726 13.9399996884167 14.0149996867403
15.8399996459484 16.0049996422604 16.1549996389076 16.2099996376783 16.3049996355549 16.3549996344373 16.4749996317551 16.6149996286258 16.7949996246025 16.7949996246025 16.7299996260554 16.6499996278435 16.7199996262789 16.8599996231496 16.9999996200204 17.2749996138737 16.8833329559614 -9999 -9999 -9999 -9999 -9999 -9999 -9999 -9999 -9999 -9999 -9999 -9999 -9999 -9999 -9999 -9999 -9999 -9999 -9999 -9999 -9999 -9999 -9999 -9999 -9999 -9999 -9999 -9999 -9999 -9999 -9999 16.0199996419251 15.8149996465072 15.5149996532127 15.3999996557832 15.084999662824 15.3149996576831 15.6849996494129 15.8649996453896 15.8849996449426 13.9974996871315 13.7299996931106 12.9799997098744 13.904999689199 13.8999996893108
15.769999647513 15.9249996440485 16.2949996357784 16.4399996325374 16.369999634102 16.3999996334314 16.4699996318668 16.6949996268377 16.8799996227026 16.9999996200204 16.9999996200204 16.7299996260554 16.7149996263906 16.7699996251613 16.8799996227026 17.239999614656 8.83187480259221 -9999 -9999 -9999 -9999 -9999 -9999 -9999 -9999 -9999 -9999 -9999 -9999 -9999 -9999 -9999 -9999 -9999 -9999 -9999 -9999 -9999 -9999 -9999 -9999 -9999 -9999 -9999 -9999 -9999 -9999 -9999 13.171666372257 15.7649996476248 15.5999996513128 15.3949996558949 15.3649996565655 15.3799996562302 15.8299996461719 15.914999644272 15.2199996598065 15.1799996607006 15.18166632733 13.4049997003749 13.967499687802 12.7749997144565
15.66499964986 16.1249996395782 16.3549996344373 16.5799996294081 16.5999996289611 16.6049996288493 16.6049996288493 16.7499996256083 16.8849996225908 17.054999618791 17.0899996180087 17.0049996199086 17.0349996192381 17.1199996173382 17.0399996191263 6.69999985024333 -9999 -9999 -9999 -9999 -9999 -9999 -9999 -9999 -9999 -9999 -9999 -9999 -9999 -9999 -9999 -9999 -9999 -9999 -9999 -9999 -9999 -9999 -9999 -9999 -9999 -9999 -9999 -9999 -9999 -9999 -9999 -9999 14.476499676425 15.9099996443838 15.809999646619 15.6549996500835 15.4849996538833 15.4299996551126 15.4199996553361 15.4199996553361 15.2683329920595 15.0199996642768 14.6883330050235 14.6999996714294 14.0549996858463 14.2024996825494
15.6749996496364 15.8799996450543 16.0849996404722 16.2749996362254 16.5099996309727 16.7949996246025 16.7999996244907 16.9449996212497 17.1149996174499 17.19999961555 17.2899996135384 17.3499996121973 17.3699996117502 17.4149996107444 17.3499996121973 -9999 -9999 -9999 -9999 -9999 -9999 -9999 -9999 -9999 -9999 -9999 -9999 -9999 -9999 -9999 -9999 -9999 -9999 -9999 -9999 -9999 -9999 -9999 -9999 -9999 -9999 -9999 -9999 -9999 -9999 -9999 -9999 -9999 -9999 11.9583997327089 15.9499996434897 15.6899996493012 15.5949996514246 15.6049996512011 15.4349996550009 15.5499996524304 15.6149996509776 15.6299996506423 14.0299996864051 13.2049997048452 14.2174996822141 15.2799996584654
16.0399996414781 16.0849996404722 16.1549996389076 16.1949996380135 16.5099996309727 16.6749996272847 16.9049996221438 17.0449996190146 17.1799996159971 17.2649996140972 17.3899996113032 17.4749996094033 17.4499996099621 17.4699996095151 17.5049996087328 18.1116662618394 -9999 -9999 -9999 -9999 -9999 -9999 -9999 -9999 -9999 -9999 -9999 -9999 -9999 -9999 -9999 -9999 -9999 -9999 -9999 -9999 -9999 -9999 -9999 -9999 -9999 -9999 -9999 -9999 -9999 -9999 11.6069146341823 10.2836839806681 10.3084208222204 -9999 11.5949583295733 16.1649996386841 16.2549996366724 16.2999996356666 16.0499996412545 15.2849996583536 14.5799996741116 15.229999659583 13.364999701269 13.364999701269 13.4849996985868 15.0199996642768
15.9399996437132 16.2999996356666 16.4199996329844 16.4549996322021 16.7149996263906 16.949999621138 16.9949996201321 17.1099996175617 17.3099996130913 17.4699996095151 17.5799996070564 17.5849996069446 17.5999996066093 17.5549996076152 17.0399996191263 -9999 -9999 -9999 -9999 -9999 -9999 -9999 -9999 -9999 -9999 -9999 -9999 -9999 -9999 -9999 -9999 -9999 -9999 -9999 -9999 -9999 -9999 -9999 -9999 -9999 -9999 -9999 -9999 -9999 -9999 -9999 -9999 11.8849997343495 10.4534208189794 15.3489996569231 17.6399996057153 17.6399996057153 17.074999618344 16.8749996228144 16.3999996334314 16.079999640584 16.0499996412545 15.4833329872539 16.099999640137 16.099999640137 12.7399997152388 15.4099996555597
15.8949996447191 16.1949996380135 16.3149996353313 16.5349996304139 16.6549996277317 16.909999622032 17.1599996164441 17.3949996111915 17.5249996082857 17.5999996066093 17.7549996031448 17.9849995980039 18.069999596104 17.4849996091798 16.6899996269494 -9999 -9999 -9999 -9999 -9999 -9999 -9999 -9999 -9999 -9999 -9999 -9999 -9999 -9999 -9999 -9999 -9999 -9999 -9999 -9999 -9999 -9999 -9999 -9999 -9999 -9999 -9999 -9999 -9999 -9999 -9999 -9999 -9999 -9999 -9999 15.6633329832306 15.66499964986 17.5599996075034 17.0699996184558 16.7299996260554 16.5349996304139 16.6699996273965 16.4449996324256 15.6749996496364 15.0799996629357 14.857499667909 15.0049996646121
16.1649996386841 16.3749996339902 16.5199996307492 16.7699996251613 17.0349996192381 17.2749996138737 17.3749996116385 17.6999996043742 17.6449996056035 17.7199996039271 17.9349995991215 18.0249995971099 18.1849995935336 18.3449995899573 17.4599996097386 -9999 -9999 -9999 -9999 -9999 -9999 -9999 -9999 -9999 -9999 -9999 -9999 -9999 -9999 -9999 -9999 -9999 -9999 -9999 -9999 -9999 -9999 -9999 -9999 -9999 -9999 -9999 -9999 -9999 -9999 -9999 -9999 -9999 -9999 -9999 -9999 -9999 16.9799996204674 16.7749996250495 16.8449996234849 16.9799996204674 17.0699996184558 16.9399996213615 16.4649996319786 15.0249996641651 15.7349996482953 15.7399996481836
