EcologicalScience/Bass/data/rs_data_bass/sst_115.asc
NCOLS 226 
NROWS 124 
XLLCORNER -9.41648524995501 
YLLCORNER 47.587301625531 
CELLSIZE 0.0833 
NODATA_value -9999 
[rows 0 to 26 of 124, columns 0 to 61 of 226]
-9999.000000000000000 -9999 -9999 -9999 -9999 -9999 -9999 -9999 -9999 -9999 -9999 -9999 -9999 -9999 -9999 -9999 -9999 -9999 -9999 -9999 -9999 -9999 -9999 -9999 -9999 -9999 -9999 -9999 -9999 -9999 -9999 -9999 -9999 -9999 -9999 -9999 -9999 -9999 -9999 -9999 -9999 -9999 -9999 -9999 -9999 -9999 -9999 -9999 -9999 -9999 -9999 -9999 -9999 -9999 -9999 -9999 -9999 -9999 -9999 -9999 -9999 -9999
-9999 -9999 -9999 -9999 -9999 -9999 -9999 -9999 -9999 -9999 -9999 -9999 -9999 -9999 -9999 -9999 -9999 -9999 -9999 -9999 -9999 -9999 -9999 -9999 -9999 -9999 -9999 -9999 -9999 -9999 -9999 -9999 -9999 -9999 -9999 -9999 -9999 -9999 -9999 -9999 -9999 -9999 -9999 -9999 -9999 -9999 -9999 -9999 -9999 -9999 -9999 -9999 -9999 -9999 -9999 -9999 -9999 -9999 -9999 -9999 -9999 -9999
-9999 -9999 -9999 -9999 -9999 -9999 -9999 -9999 -9999 -9999 -9999 -9999 -9999 -9999 -9999 -9999 -9999 -9999 -9999 -9999 -9999 -9999 -9999 -9999 -9999 -9999 -9999 -9999 -9999 -9999 -9999 -9999 -9999 -9999 -9999 -9999 -9999 -9999 -9999 -9999 -9999 -9999 -9999 -9999 -9999 -9999 -9999 -9999 -9999 -9999 -9999 -9999 -9999 -9999 -9999 -9999 -9999 -9999 -9999 -9999 -9999 -9999
-9999 -9999 -9999 -9999 -9999 -9999 -9999 -9999 -9999 -9999 -9999 -9999 -9999 -9999 -9999 -9999 -9999 -9999 -9999 -9999 -9999 -9999 -9999 -9999 -9999 -9999 -9999 -9999 -9999 -9999 -9999 -9999 -9999 -9999 -9999 -9999 -9999 -9999 -9999 -9999 -9999 -9999 -9999 -9999 -9999 -9999 -9999 -9999 -9999 -9999 -9999 -9999 -9999 -9999 -9999 -9999 -9999 -9999 -9999 -9999 -9999 -9999
-9999 -9999 -9999 -9999 -9999 -9999 -9999 -9999 -9999 -9999 -9999 -9999 -9999 -9999 -9999 -9999 -9999 -9999 -9999 -9999 -9999 -9999 -9999 -9999 -9999 -9999 -9999 -9999 -9999 -9999 -9999 -9999 -9999 -9999 -9999 -9999 -9999 -9999 -9999 -9999 -9999 -9999 -9999 -9999 -9999 -9999 -9999 -9999 -9999 -9999 -9999 -9999 -9999 -9999 -9999 -9999 -9999 -9999 -9999 -9999 -9999 -9999
-9999 -9999 -9999 -9999 -9999 13.75999969244 13.7849996918812 13.7499996926636 14.1349996840581 14.21499968227 14.5599996745586 14.6199996732175 14.0449996860698 13.7399996928871 13.6249996954575 13.5149996979162 13.4499996993691 13.3799997009337 13.2349997041747 13.0799997076392 13.1749997055158 13.364999701269 13.5899996962398 13.6999996937811 13.8099996913224 8.86357123045517 12.3199997246265 12.4649997213855 12.5549997193739 12.5249997200444 12.3399997241795 12.1349997287616 11.6718515909656 12.3465351770235 12.3249997245148 7.06832295052404 11.1430545287897 12.2299997266382 13.0586203977723 11.1971426068672 9.46333312181135 12.2949997251853 12.2949997251853 11.4249997446314 -9999 -9999 -9999 -9999 -9999 -9999 -9999 -9999 -9999 -9999 -9999 -9999 -9999 -9999 -9999 -9999 -9999 -9999
-9999 -9999 -9999 -9999 -9999 13.8899996895343 13.8299996908754 13.9499996881932 14.1549996836111 13.8749996898696 14.5699996743351 14.4249996775761 14.0149996867403 13.7149996934459 13.6449996950105 13.4549996992573 13.4299996998161 13.4049997003749 13.2749997032806 13.199999704957 13.1949997050688 13.3099997024983 13.4599996991456 13.4949996983632 13.5605552524535 7.53122648805341 11.1724997502752 12.4899997208267 12.5049997204915 12.5099997203797 12.3099997248501 12.2899997252971 13.1199997067451 8.96497265286744 8.74788185591913 11.9830615084845 12.0099997315556 -9999 9.28687479242217 9.28687479242217 12.4016663894678 12.3399997241795 12.3399997241795 11.2558330817459 12.0905008775803 12.1433096640803 -9999 -9999 -9999 -9999 -9999 -9999 -9999 -9999 -9999 -9999 -9999 -9999 -9999 -9999 -9999 -9999
-9999 -9999 -9999 -9999 -9999 13.8849996896461 14.1249996842816 14.7099996712059 14.6199996732175 14.0999996848404 14.0949996849522 14.1299996841699 14.069999685511 13.8849996896461 13.6299996953458 13.3899997007102 13.2399997040629 13.2049997048452 13.1399997062981 13.1099997069687 13.1249997066334 13.1849997052923 13.0899997074157 13.0399997085333 13.3138885913003 10.9673074471693 12.5649997191504 12.639999717474 12.6449997173622 12.6349997175857 12.5749997189268 12.5399997197092 12.5199997201562 12.5099997203797 12.4849997209385 12.8119997136295 10.178843358082 12.3099997248501 12.0549997305498 11.836613548276 10.7578846837137 12.2079997271299 12.4199997223914 12.4199997223914 13.0259997088462 11.0905879874002 -9999 -9999 -9999 -9999 -9999 -9999 -9999 -9999 -9999 -9999 -9999 -9999 -9999 -9999 -9999 -9999
-9999 -9999 -9999 -9999 -9999 14.194999682717 14.3549996791407 14.6099996734411 14.3999996781349 13.8799996897578 13.8149996912107 13.799999691546 13.75999969244 13.5649996967986 13.4849996985868 13.3049997026101 13.0949997073039 12.9449997106567 12.8949997117743 12.8949997117743 13.0199997089803 13.1249997066334 13.0799997076392 13.0799997076392 7.29419338534917 11.2349997488782 12.639999717474 12.5599997192621 12.4899997208267 12.6549997171387 12.6099997181445 12.5799997188151 12.5499997194856 12.5549997193739 12.6549997171387 12.8649997124448 12.2699997257441 12.2826663921277 12.5095049052478 12.3115135034222 9.76925148301083 11.7612242782175 11.4250108474405 10.1985163022658 10.8860231297289 9.40504670827749 9.33499979134649 -9999 -9999 -9999 -9999 -9999 -9999 -9999 -9999 -9999 -9999 -9999 -9999 -9999 -9999 -9999
-9999 -9999 -9999 -9999 -9999 14.2499996814877 14.6749996719882 14.7999996691942 14.5699996743351 13.9849996874109 13.6799996942282 13.7949996916577 13.2749997032806 13.4399996995926 13.4949996983632 13.2799997031689 13.0699997078627 12.9899997096509 12.8949997117743 12.7899997141212 12.8799997121096 12.9599997103214 12.9349997108802 12.9699997100979 12.4814282924469 12.2549997260794 12.4799997210503 12.6449997173622 12.7449997151271 12.8049997137859 12.7599997147918 12.7349997153506 12.639999717474 12.4799997210503 12.4499997217208 12.4899997208267 12.5549997193739 12.2949997251853 12.2949997251853 13.3499997016042 13.3499997016042 14.3349996795878 11.1345278984459 13.5999996960163 12.505097759705 13.5736037553961 12.0949997296557 -9999 -9999 -9999 -9999 -9999 -9999 -9999 -9999 -9999 -9999 -9999 -9999 -9999 -9999 -9999
-9999 -9999 -9999 -9999 -9999 14.3999996781349 14.6049996735528 14.2749996809289 14.2299996819347 14.2049996824935 14.0599996857345 13.6399996951222 13.2849997030571 13.4449996994808 13.3749997010455 13.2499997038394 13.0499997083098 12.8499997127801 12.6299997176975 12.5199997201562 12.5249997200444 12.3899997230619 12.2749997256324 12.1749997278675 10.3742854824024 10.9883330877249 12.8249997133389 12.7949997140095 12.7699997145683 12.7149997157976 12.6449997173622 12.5199997201562 12.3999997228384 12.3999997228384 12.474999721162 12.2599997259676 12.2449997263029 12.4762497211341 13.2399997040629 13.364999701269 13.5149996979162 12.5994441628249 12.7769997144118 13.0529997082427 12.5517786725717 12.039999730885 -9999 -9999 -9999 -9999 -9999 -9999 -9999 -9999 -9999 -9999 -9999 -9999 -9999 -9999 -9999 -9999
-9999 -9999 -9999 -9999 -9999 14.3349996795878 14.1649996833876 14.089999685064 14.1449996838346 14.1099996846169 13.9499996881932 13.489999698475 13.489999698475 13.4649996990338 13.3149997023866 13.179999705404 12.9549997104332 12.6249997178093 12.0849997298792 12.1449997285381 12.1399997286499 12.1949997274205 12.3449997240677 11.9259997334331 12.8799997121096 12.7449997151271 12.8799997121096 12.9449997106567 12.8649997124448 12.7699997145683 12.6849997164682 12.5849997187033 12.7449997151271 12.8749997122213 12.8849997119978 12.9599997103214 12.9649997102097 12.7899997141212 13.3866663674513 13.5749996965751 13.2149997046217 13.0849997075275 13.0299997087568 13.0112497091759 12.4839211836761 12.715359409706 12.2549997260794 -9999 -9999 -9999 -9999 -9999 -9999 -9999 -9999 -9999 -9999 -9999 -9999 -9999 -9999 -9999
-9999 -9999 -9999 -9999 -9999 14.1149996845052 13.9649996878579 13.8499996904284 13.8349996907637 13.8349996907637 13.7899996917695 13.6599996946752 13.5399996973574 13.4599996991456 13.2349997041747 13.0249997088686 12.8149997135624 11.9999997317791 11.6799997389317 11.7049997383729 11.6499997396022 11.4649997437373 11.6916664053376 12.6649997169152 12.8199997134507 12.8449997128919 12.8449997128919 12.8749997122213 12.9549997104332 12.9699997100979 13.0149997090921 12.8999997116625 12.7399997152388 12.8199997134507 12.8799997121096 12.8749997122213 12.7049997160211 12.5799997188151 12.4549997216091 13.8049996914342 13.6249996954575 13.5749996965751 13.8949996894225 14.234999681823 11.6258968379458 12.1299997288734 -9999 -9999 -9999 -9999 -9999 -9999 -9999 -9999 -9999 -9999 -9999 -9999 -9999 -9999 -9999 -9999
-9999 -9999 -9999 -9999 -9999 14.0349996862933 13.9199996888638 13.7499996926636 13.654999694787 13.6499996948987 13.6249996954575 13.4549996992573 13.2349997041747 13.21999970451 13.0899997074157 12.7399997152388 12.5599997192621 11.7099997382611 11.6499997396022 11.6699997391552 11.7049997383729 12.6633330502858 12.5499997194856 12.8799997121096 12.9049997115508 12.9749997099862 13.0299997087568 12.9699997100979 13.0299997087568 13.1499997060746 13.1649997057393 12.9199997112155 12.8299997132272 12.8999997116625 12.8049997137859 12.7399997152388 12.7099997159094 12.4599997214973 12.4799997210503 12.7349997153506 13.7549996925518 13.8499996904284 13.8499996904284 13.2533050381156 11.8749997345731 -9999 -9999 -9999 -9999 -9999 -9999 -9999 -9999 -9999 -9999 -9999 -9999 -9999 -9999 -9999 -9999 -9999
-9999 -9999 -9999 -9999 -9999 13.7299996931106 13.6599996946752 13.6049996959046 13.5949996961281 13.3699997011572 13.2399997040629 13.1949997050688 13.2399997040629 13.1849997052923 12.7199997156858 12.6549997171387 12.5999997183681 12.3599997237325 12.2749997256324 12.1799997277558 12.4249997222796 12.6849997164682 12.8399997130036 12.929999710992 12.9699997100979 13.074999707751 13.0849997075275 12.8999997116625 12.9149997113273 13.1099997069687 13.1649997057393 13.0799997076392 13.0299997087568 13.054999708198 12.9649997102097 12.7049997160211 12.5599997192621 12.6449997173622 12.6549997171387 12.0557689613018 12.0557689613018 11.7323435905515 11.9956486155356 12.3292211318137 12.1630019391154 11.7398471887148 -9999 -9999 -9999 -9999 -9999 -9999 -9999 -9999 -9999 -9999 -9999 -9999 -9999 -9999 -9999 -9999
-9999 -9999 -9999 -9999 -9999 13.9149996889755 13.8349996907637 13.8399996906519 13.5149996979162 13.3299997020513 13.1199997067451 13.1499997060746 13.179999705404 13.0699997078627 12.6749997166917 12.4399997219443 12.5249997200444 12.5999997183681 12.619999717921 12.5749997189268 12.5899997185916 12.6099997181445 12.8699997123331 12.9849997097626 13.1149997068569 13.1699997056276 13.0699997078627 12.929999710992 12.9799997098744 13.1599997058511 13.0799997076392 12.9599997103214 13.0049997093156 13.1249997066334 13.1449997061864 12.6649997169152 12.6749997166917 12.6449997173622 12.7299997154623 12.9549997104332 12.1857140133423 11.9843330654626 11.6907197670708 -9999 -9999 -9999 -9999 13.2249997043982 13.2249997043982 -9999 -9999 -9999 -9999 -9999 -9999 -9999 -9999 -9999 -9999 -9999 -9999 -9999
-9999 -9999 -9999 -9999 -9999 13.8099996913224 13.9599996879697 13.9099996890873 13.4999996982515 13.1449997061864 12.929999710992 13.0449997084215 13.2149997046217 13.074999707751 12.9349997108802 12.9849997097626 13.0399997085333 13.034999708645 12.9349997108802 12.9649997102097 12.8549997126684 12.9199997112155 13.0149997090921 13.1399997062981 13.0949997073039 12.8749997122213 12.7549997149035 12.6099997181445 12.6799997165799 13.1049997070804 12.8449997128919 12.7099997159094 12.5299997199327 12.5399997197092 12.7599997147918 12.5249997200444 12.1949997274205 13.0839997075498 13.7665954369735 -9999 -9999 -9999 -9999 -9999 -9999 -9999 -9999 -9999 -9999 -9999 -9999 -9999 -9999 -9999 -9999 -9999 -9999 -9999 -9999 -9999 -9999 -9999
-9999 -9999 -9999 -9999 -9999 13.6799996942282 13.944999688305 13.8749996898696 13.4999996982515 13.2549997037277 13.1199997067451 13.0599997080863 13.1049997070804 13.054999708198 12.9999997094274 13.034999708645 12.9949997095391 12.9499997105449 12.929999710992 12.9199997112155 13.1449997061864 13.3349997019395 13.1699997056276 12.8849997119978 12.7899997141212 12.6349997175857 12.4899997208267 12.6249997178093 12.7099997159094 12.8049997137859 12.8949997117743 12.9049997115508 12.6699997168034 12.8149997135624 13.1599997058511 13.0599997080863 13.0799997076392 13.6999996937811 14.3149996800348 12.6415048221592 11.6199997402728 -9999 -9999 -9999 -9999 -9999 -9999 -9999 -9999 -9999 -9999 -9999 -9999 -9999 -9999 -9999 -9999 -9999 -9999 -9999 -9999 -9999
-9999 -9999 -9999 -9999 -9999 13.364999701269 13.2249997043982 13.5049996981397 13.2649997035041 13.5599996969104 13.6199996955693 13.2349997041747 13.1499997060746 13.0699997078627 13.1199997067451 13.2449997039512 13.1499997060746 12.9949997095391 13.2149997046217 13.324999702163 13.3899997007102 13.4199997000396 13.2099997047335 12.8749997122213 12.7249997155741 12.8599997125566 12.8049997137859 12.4549997216091 12.5749997189268 12.8649997124448 13.1349997064099 12.9449997106567 12.8649997124448 12.8199997134507 12.8799997121096 13.2149997046217 12.7099997159094 14.0749996853992 14.4549996769056 8.64361756832071 12.6975398627319 -9999 -9999 11.6999997384846 12.5616663858915 12.5483330528562 -9999 -9999 -9999 -9999 -9999 -9999 -9999 -9999 -9999 -9999 -9999 -9999 -9999 -9999 -9999 -9999
-9999 -9999 -9999 -9999 -9999 13.2599997036159 13.0649997079745 13.3999997004867 13.7099996935576 13.6949996938929 13.4149997001514 13.3899997007102 13.2299997042865 13.3399997018278 13.3349997019395 13.2949997028336 13.4049997003749 13.4049997003749 13.2299997042865 12.9649997102097 12.9449997106567 13.2699997033924 13.3549997014925 13.2049997048452 13.0849997075275 12.8499997127801 12.6949997162446 12.7349997153506 12.8599997125566 13.1699997056276 13.3499997016042 13.179999705404 12.8949997117743 12.4999997206032 12.4199997223914 12.1549997283146 11.1449997508898 10.1499997731298 10.069999774918 12.0249997312203 12.4049997227266 12.0024997317232 12.7449997151271 12.5199997201562 12.0612497304101 11.7988886251632 -9999 -9999 -9999 -9999 -9999 -9999 -9999 -9999 -9999 -9999 -9999 -9999 -9999 -9999 -9999 -9999
-9999 -9999 -9999 -9999 -9999 13.1899997051805 12.909999711439 13.2349997041747 13.3749997010455 13.3949997005984 13.2649997035041 13.1849997052923 13.2399997040629 13.1649997057393 13.3349997019395 13.2249997043982 13.0849997075275 13.1049997070804 13.1049997070804 13.1099997069687 13.2249997043982 13.3099997024983 13.469999698922 13.489999698475 13.3099997024983 13.179999705404 13.0049997093156 13.0699997078627 13.179999705404 13.2149997046217 13.0999997071922 13.2899997029454 13.4649996990338 13.1099997069687 12.889999711886 12.2599997259676 12.3999997228384 12.0549997305498 12.5099997203797 12.4649997213855 11.3049997473136 11.3049997473136 11.7574997371994 11.9599997326732 11.7549997372553 8.97916646596665 -9999 -9999 -9999 -9999 -9999 -9999 -9999 -9999 -9999 -9999 -9999 -9999 -9999 -9999 -9999 -9999
-9999 -9999 -9999 -9999 -9999 13.3549997014925 13.2599997036159 13.3699997011572 13.4599996991456 13.3149997023866 13.2249997043982 13.2099997047335 13.1899997051805 13.3549997014925 13.2099997047335 13.0999997071922 12.9949997095391 13.0499997083098 13.0099997092038 13.2649997035041 13.4099997002631 13.4999996982515 13.6099996957928 13.489999698475 13.2849997030571 13.1499997060746 13.1299997065216 13.1849997052923 13.2499997038394 12.9749997099862 12.9199997112155 13.1249997066334 13.034999708645 13.0799997076392 13.2599997036159 12.3649997236207 12.7949997140095 12.7499997150153 12.6749997166917 10.6549997618422 10.5299997646362 10.4049997674301 11.6116664071257 11.673333072414 11.1971426068672 11.1962497497443 11.3446151310435 -9999 -9999 -9999 -9999 -9999 -9999 -9999 10.9150669761002 -9999 -9999 -9999 -9999 -9999 -9999 -9999
-9999 -9999 -9999 -9999 -9999 14.2249996820465 13.8599996902049 13.3799997009337 13.7149996934459 13.8699996899813 13.6099996957928 13.4849996985868 13.5699996966869 13.5549996970221 13.4849996985868 13.3599997013807 13.1349997064099 13.0199997089803 13.1499997060746 13.3599997013807 13.3849997008219 13.4499996993691 13.4649996990338 13.509999698028 13.5999996960163 13.6449996950105 13.5399996973574 13.2749997032806 13.3599997013807 13.3099997024983 13.1049997070804 12.9849997097626 13.054999708198 13.0149997090921 12.7749997144565 12.1899997275323 11.1299997512251 12.4033330560972 10.2299997713417 10.194999772124 10.4399997666478 12.6899997163564 11.3164283184867 11.569285455692 10.9729997547343 10.9729997547343 11.2048097047955 -9999 12.7199997156858 12.7199997156858 -9999 -9999 -9999 -9999 -9999 -9999 -9999 -9999 -9999 -9999 -9999 -9999
-9999 -9999 -9999 -9999 -9999 14.0999996848404 14.0849996851757 13.7549996925518 13.7049996936694 13.6399996951222 13.7349996929988 13.9799996875226 13.8549996903166 13.6699996944517 13.6599996946752 13.5649996967986 13.2049997048452 13.1599997058511 13.1899997051805 13.2149997046217 13.3199997022748 13.364999701269 13.5249996976927 13.6049996959046 13.6949996938929 13.5549996970221 13.3999997004867 13.3799997009337 13.2399997040629 13.1699997056276 12.7549997149035 12.8749997122213 12.7999997138977 12.514999720268 12.1099997293204 11.5449997419491 11.3749997457489 11.0299997534603 13.7749996921048 13.7749996921048 12.5733330522974 11.7514364577209 11.7816664033259 11.0359997533262 11.2739997480065 11.1084612901681 -9999 13.6435711236138 13.6799996942282 13.5885711248432 -9999 -9999 -9999 12.2687034294768 12.3056478730955 -9999 -9999 -9999 -9999 -9999 -9999 -9999
-9999 -9999 -9999 -9999 -9999 13.7199996933341 13.5199996978045 13.3849997008219 13.3949997005984 13.4149997001514 13.4999996982515 13.4349996997043 13.2399997040629 13.4099997002631 13.4799996986985 13.469999698922 13.3949997005984 13.3949997005984 13.3999997004867 13.5149996979162 13.5699996966869 13.5349996974692 13.6699996944517 13.6199996955693 13.509999698028 13.2849997030571 13.199999704957 12.8299997132272 12.619999717921 12.474999721162 12.1899997275323 12.2749997256324 12.2599997259676 11.9499997328967 11.789999736473 11.8149997359142 11.8149997359142 12.6974997161888 12.5783330521857 -9999 -9999 11.8116664026553 12.0216663979615 11.9999997317791 12.1549997283146 12.5057140061898 -9999 13.8142854055124 14.0274996864609 14.519166342138 -9999 -9999 10.8709997570142 11.3683330792313 12.0575997304916 -9999 -9999 -9999 -9999 -9999 -9999 -9999
-9999 -9999 -9999 -9999 -9999 13.7749996921048 13.5849996963516 13.3399997018278 13.4649996990338 13.614999695681 13.4299996998161 13.4149997001514 13.5549996970221 13.3499997016042 13.3949997005984 13.4249996999279 13.344999701716 13.4149997001514 13.3899997007102 13.4749996988103 13.6599996946752 13.7449996927753 13.779999691993 13.7149996934459 13.3099997024983 13.0849997075275 12.8499997127801 12.5499997194856 12.3649997236207 12.0699997302145 11.9449997330084 11.7749997368082 11.6899997387081 11.5449997419491 11.5849997410551 10.7099997606128 7.92378215965531 7.88734558638236 7.8349998248741 -9999 12.3177269974046 13.1366663730393 13.2666663701336 12.7499997150153 12.619999717921 14.450999676995 7.95112265796739 -9999 13.9392854027184 15.2849996583536 14.8949996670708 14.1721425403708 14.42954513202 14.5240905844522 7.61010755789466 -9999 -9999 -9999 -9999 -9999 -9999 -9999
-9999 -9999 -9999 -9999 -9999 13.5349996974692 13.5549996970221 13.4749996988103 13.509999698028 13.4599996991456 13.4399996995926 13.3849997008219 13.3899997007102 13.4199997000396 13.3499997016042 13.324999702163 13.4049997003749 13.4949996983632 13.6399996951222 13.7399996928871 13.8199996910989 13.6849996941164 13.6399996951222 13.5499996971339 13.2099997047335 13.2249997043982 13.0949997073039 12.4499997217208 12.1599997282028 11.9099997337908 11.7199997380376 11.5449997419491 11.4099997449666 11.2249997491017 11.2249997491017 9.80999978072941 9.60499978531152 9.3849997902289 -9999 11.3451524814843 12.7983330472683 13.2666663701336 13.5083330313986 13.2549997037277 12.8383330463742 13.1933330384394 -9999 13.4692854132237 14.9089996667579 14.7699996698648 15.0399996638298 15.1049996623769 14.9649996655062 14.7899996694177 16.1214996396564 -9999 -9999 -9999 -9999 -9999 -9999 -9999
