EcologicalScience/Bass/data/rs_data_bass/sst_437.asc
NCOLS 226 
NROWS 124 
XLLCORNER -9.41648524995501 
YLLCORNER 47.587301625531 
CELLSIZE 0.0833 
NODATA_value -9999 
[rows 27 to 53 of 124, columns 62 to 123 of 226]
-9999 -9999 -9999 -9999 -9999 -9999 -9999 -9999 -9999 -9999 -9999 -9999 -9999 -9999 -9999 -9999 -9999 -9999 -9999 -9999 -9999 -9999 -9999 -9999 -9999 -9999 -9999 -9999 12.5299997199327 6.45314051629975 9.83104189089499 9.50131610000972 10.6425366867334 10.4897762876935 11.5347147919238 10.0200201310217 10.4252296402119 10.7501144325361 11.0685445601121 11.1008178838529 11.3661763234995 10.9753105137497 10.9817651784979 11.1969206701033 11.5712912254967 11.7756889425218 11.5605334509164 11.5354319768958 11.383388762828 11.4579759999178 11.3633075836115 11.1008178838529 10.6152836577967 11.0312509415671 10.8139438950457 11.0398571612313 11.2141331094317 11.4665822195821 11.0907772942446 11.3080843407661 11.4472182253376 11.3726309882477
-9999 -9999 -9999 -9999 -9999 -9999 -9999 -9999 -9999 -9999 -9999 -9999 -9999 -9999 -9999 -9999 -9999 -9999 -9999 -9999 -9999 -9999 -9999 -9999 -9999 -9999 -9999 -9999 -9999 -9999 9.78499978128821 8.30254141928162 10.5679494496435 11.1083483260591 11.3633075836115 10.429532750044 10.5815759641118 10.8160954499617 11.0620898953639 11.1897488203831 11.3023468609899 10.6396679468453 11.0807367046364 11.1954863001592 11.3754997281358 11.6587877920829 11.542603826616 11.5210882774554 11.622928543482 11.4708853294142 11.4120761617087 11.343943589367 11.0032807276584 11.2607501326129 10.8935514269397 11.2055268897675 10.9681386640295 11.0886257393286 11.2213049591519 11.1675160862505 11.066393005196 11.0441602710634
-9999 -9999 -9999 -9999 -9999 -9999 -9999 -9999 -9999 -9999 -9999 -9999 -9999 -9999 -9999 -9999 -9999 -9999 -9999 -9999 -9999 -9999 -9999 -9999 -9999 -9999 -9999 -9999 -9999 -9999 -9999 10.5999997630715 9.6442152056843 11.7649311679415 11.7197485147044 11.6591463845689 10.7816705713049 10.8827936523594 11.1567583116703 10.5815759641118 10.746528507676 11.1252021729015 11.0771507797763 11.2987609361298 11.2091128146276 11.462996294722 11.4672994045541 11.4393291906454 11.4371776357293 11.4515213351697 11.4328745258972 11.3231452251785 11.2385173984803 11.3224280402064 11.2593157626688 10.8784905425273 10.8017517505214 11.0147556872107 11.0161900571547 10.9150669761002 11.064958635252 10.7831049412489
-9999 -9999 -9999 -9999 -9999 -9999 -9999 -9999 -9999 -9999 -9999 -9999 -9999 -9999 -9999 -9999 -9999 -9999 -9999 -9999 -9999 -9999 -9999 -9999 -9999 -9999 -9999 -9999 -9999 -9999 -9999 10.6791391997598 11.4093867180636 11.343584996881 11.2600329476409 10.626758617349 10.4926450275816 10.5944852936082 10.5363933108747 10.4990996923298 10.6748100104742 11.1768394908868 11.3690450633876 11.5304116820917 11.2571642077528 11.46586503461 11.0800195196643 12.0718863359652 11.8717917287722 11.6795861562714 11.2349314736202 11.4601275548339 11.226325253956 11.1187475081533 11.1165959532373 11.144566167146 11.066393005196 10.9365825252607 10.7113864440471 10.66620379081 10.7587206522003 10.5457167155109
-9999 -9999 -9999 -9999 -9999 -9999 -9999 -9999 -9999 -9999 -9999 -9999 -9999 -9999 -9999 -9999 -9999 -9999 -9999 -9999 -9999 -9999 -9999 -9999 -9999 -9999 -9999 -9999 -9999 -9999 -9999 -9999 9.49288917658851 12.0152287231758 11.5307702745777 11.5196539075114 10.2000335589983 12.4032257930376 12.8670651736902 10.4151890506037 11.0800195196643 11.1746879359707 11.5971098844893 11.5074617629871 11.3245795951225 11.4701681444421 10.6547288312577 10.9573808894493 11.6516159423627 11.7111422950402 11.6853236360475 11.7527390234172 11.5655537457205 11.3339029997587 11.2801141268574 11.22417369904 11.0864741844125 11.0563524155878 11.0749992248602 10.9365825252607 10.9537949645892 10.7637409470044
-9999 -9999 -9999 -9999 -9999 -9999 -9999 -9999 -9999 -9999 -9999 -9999 -9999 -9999 -9999 -9999 -9999 -9999 -9999 -9999 -9999 -9999 -9999 -9999 -9999 -9999 -9999 -9999 -9999 -9999 -9999 -9999 11.3160228364908 10.7551347273402 10.6999114844948 10.9000060916878 11.2177190342918 12.6786248222925 12.8650929150172 11.0197759820148 12.3338381469948 11.6200598035939 11.8031212677015 11.2851344216615 10.6303445422091 10.507705911994 11.94207585603 11.1402630573139 11.027665016707 11.4888149537146 11.3633075836115 11.5361491618678 11.5354319768958 11.4486525952816 11.4020355721004 11.2091128146276 11.4056214969605 11.2851344216615 11.0126041322947 10.8892483171076 10.7981658256613 10.9372997102328
-9999 -9999 -9999 -9999 -9999 -9999 -9999 -9999 -9999 -9999 -9999 -9999 -9999 -9999 -9999 -9999 -9999 -9999 -9999 -9999 -9999 -9999 -9999 -9999 -9999 -9999 -9999 -9999 -9999 -9999 -9999 -9999 8.82515551770659 11.9483512245351 10.1526993508451 11.2033753348514 11.9148228270933 11.4902493236586 11.3303170748986 11.3303170748986 10.6898708948866 11.9616789119318 12.2934964923188 12.3458509952761 10.945188744925 10.9308450454846 11.107272548601 11.4916836936027 11.4816431039944 11.5978270694613 11.1223334330134 11.5885036648251 11.585634924937 11.6465956475586 11.584917739965 11.6501815724187 13.495139912935 11.346812329255 11.3152561904863 10.9760276987217 10.8849452072755 10.8390453690663
-9999 -9999 -9999 -9999 -9999 -9999 -9999 -9999 -9999 -9999 -9999 -9999 -9999 -9999 -9999 -9999 -9999 -9999 -9999 -9999 -9999 -9999 -9999 -9999 -9999 -9999 -9999 -9999 -9999 -9999 -9999 -9999 -9999 8.52973393394266 13.2050385917537 13.2946867132559 11.9047822374851 12.1070283995941 13.3599505457096 13.615268395748 13.615268395748 11.5275429422036 11.5160679826513 11.3547013639472 11.2485579880886 11.1725363810547 11.3202764852904 11.4142277166247 12.037222395651 12.5321397917578 13.0809655915946 13.5403225661721 13.336283441633 13.0877788488287 11.5626850058325 11.546189751476 11.5935239596292 12.6394187104888 11.4371776357293 11.1223334330134 11.2012237799354 11.226325253956
-9999 -9999 -9999 -9999 -9999 -9999 -9999 14.2510646951723 15.9323905853422 15.1995299989358 15.44982755417 7.0746848879382 7.47939939887318 10.7255466775644 8.41999981179833 -9999 -9999 -9999 -9999 -9999 -9999 -9999 -9999 -9999 -9999 -9999 -9999 -9999 -9999 -9999 -9999 -9999 -9999 -9999 11.6277695420431 13.2997070080601 13.4374065226875 11.9141056421213 12.3515884750523 13.2602618345991 13.3793145399541 12.0683004111052 11.9987334688194 11.9607226653025 11.0384227912873 10.8698843228631 11.6525721889921 11.4120761617087 12.1344607247738 12.9066896433942 12.6868724494707 12.4537873335648 13.2104174790438 13.0390102707315 13.5600451529026 13.3029343404341 13.3409451439511 13.1211279500276 12.5696127065457 12.8116626346018 11.0542008606717 13.3140507075004
-9999 -9999 -9999 -9999 16.949999621138 14.102112263927 13.4452596981311 12.8224716366801 14.8323312932625 14.9090700852685 18.2361299372152 20.1086994845365 -9999 -9999 -9999 -9999 -9999 -9999 -9999 -9999 -9999 -9999 -9999 -9999 -9999 -9999 -9999 -9999 -9999 -9999 -9999 -9999 -9999 -9999 9.54703664197586 13.1799371177331 13.2703024242073 11.9951475439593 12.8772850595415 13.2803430138156 13.4474471122958 12.7539292443544 12.3142948565073 12.7833338282071 11.6361964654643 13.2928937508259 11.2872859765776 11.2980437511578 11.2184362192638 11.2679219823331 11.2600329476409 11.4751884392463 12.8331781837624 13.0157017591409 13.1598559385166 13.1802957102191 13.2824945687316 12.3695180993527 13.3470412162133 13.0354243458714 13.1806543027051 10.9186529009603
14.0649433732033 14.1539152917319 16.9580271455367 11.785012347158 13.9415875580162 13.7400585808791 13.7572710202076 13.7400585808791 13.6224402454682 14.8602925795575 -9999 -9999 -9999 -9999 -9999 -9999 -9999 -9999 -9999 -9999 -9999 -9999 -9999 -9999 -9999 -9999 -9999 -9999 -9999 -9999 -9999 -9999 -9999 -9999 13.6449996950105 12.3833239100641 11.8940244629048 12.0917882189387 11.7588350956794 12.6524475708138 12.5265816082247 12.5484557498712 11.702536075376 11.5598162659444 12.2780770154204 12.2648090934381 12.6147953597829 13.016777536599 12.7238074755296 12.2447279142216 11.305215600878 11.4902493236586 8.66525771887973 13.2878734560218 13.1910534847993 12.9902416926343 13.1006881783251 14.2650379803963 13.6210058755241 13.9207891938277 13.416608158499 10.7952970857732
13.5621967078187 13.6633197888732 13.1993011119775 13.3699911353178 13.8250450000633 12.7453230246902 12.7998290825635 13.1519669038244 13.4015472740866 15.5899996515363 -9999 -9999 -9999 -9999 -9999 -9999 -9999 -9999 -9999 -9999 -9999 -9999 -9999 -9999 -9999 -9999 -9999 -9999 -9999 -9999 -9999 -9999 -9999 -9999 -9999 11.8463828897636 11.4371776357293 11.4995727282949 11.822664558189 12.0062639110256 12.2167577003129 12.42007963988 11.6365550579503 11.398927770555 11.8707159513142 12.3630634346046 12.6097750649787 11.6673940117471 12.8500320306048 12.1260338013526 12.8299508513883 13.4424268174917 13.0752281118184 13.0780968517065 13.1749168229289 13.5252616817597 13.0601672274061 12.3157292264514 13.0508438227698 12.9966963573825 13.2738883490674 12.9902416926343
11.9851069543511 11.8784854551777 13.4196561946301 13.3900723145343 11.0599383404478 13.9864116187673 14.1829203011002 14.1388134253211 8.75551621057093 -9999 -9999 -9999 -9999 -9999 -9999 -9999 -9999 -9999 -9999 -9999 -9999 -9999 -9999 -9999 -9999 -9999 -9999 -9999 -9999 -9999 -9999 -9999 -9999 -9999 -9999 -9999 12.2110202205367 11.4843684068881 11.981162437005 11.7188520334894 11.2300904750591 12.0460676769726 12.3566087698564 12.2106616280507 11.2901547164656 11.5128406502772 11.9392071161419 12.3971297207754 13.0734351493884 13.0720007794444 11.2130573319737 13.4836649533827 13.5396053812001 9.59472944261506 13.255958724767 13.0802484066226 12.7352824350819 12.9332254873589 12.7639698339626 13.0551469326019 12.9142200856004 13.2921765658539
13.2713782016654 13.7637256849557 13.1752754154149 13.7958197124535 14.1022369917482 14.1488540149294 11.8452558848076 14.054902783595 12.7897884929553 -9999 -9999 -9999 -9999 -9999 -9999 -9999 -9999 -9999 -9999 -9999 -9999 -9999 -9999 -9999 -9999 -9999 -9999 -9999 -9999 -9999 -9999 -9999 -9999 -9999 -9999 -9999 -9999 -9999 -9999 5.02999988757074 4.69940411986317 11.7140110349283 11.4698095519561 11.9277321565896 11.9632328127045 12.022400572896 12.2049241482746 11.7247688095085 11.2837000517175 11.7796334598679 13.2028870368376 12.8944974988699 13.6475417194888 13.2606204270851 12.9931104325224 12.8016220449936 12.3436994403601 13.0723593719304 12.4627521457151 12.2400662119035 12.9891659151763 12.7105395535473
11.0702658040449 11.098379454948 11.7654092912562 13.1548356437124 13.3606677306816 13.8006607110146 14.1269798732828 14.0190435349941 14.3049996802583 -9999 -9999 -9999 -9999 -9999 -9999 -9999 -9999 -9999 -9999 -9999 -9999 -9999 -9999 -9999 -9999 -9999 -9999 -9999 -9999 -9999 -9999 -9999 -9999 -9999 -9999 -9999 -9999 -9999 -9999 -9999 -9999 -9999 -9999 11.2644090643264 10.3018738250248 11.1316568376496 12.0668660411611 12.3189053313274 12.7905056779273 12.3304315183777 11.1983550400473 11.9072923848871 13.0633945597801 13.0372173083015 12.6693014176562 11.8025833789725 11.3966566848103 11.7000259279739 10.706007556757 12.0955534400418 11.7606280581094 11.9800866595469
12.5588549319655 13.3301873693708 13.5984145489056 13.5718787049409 13.4897610256448 13.8207418902311 13.7472304305993 14.0828729975037 13.9874873962253 14.1199996843934 -9999 -9999 -9999 -9999 -9999 16.1899624452926 -9999 -9999 -9999 -9999 -9999 -9999 -9999 -9999 -9999 -9999 -9999 -9999 -9999 -9999 -9999 -9999 -9999 -9999 -9999 -9999 -9999 -9999 -9999 -9999 -9999 -9999 -9999 -9999 8.78499980363995 10.4051484609954 11.1399044648279 11.4830774739385 11.8545792894438 11.9858241393231 10.5148777617142 11.1402630573139 10.4725638483651 12.8446531433146 11.0871913693845 11.0699789300561 10.2416302873753 10.6884365249425 11.2191534042358 11.5235984248575 9.74055705359206 11.2946968879551
13.2867976785637 13.3986785341986 13.5492873783223 13.4409924475476 13.3936582393944 13.5528733031824 11.7097079250962 13.854808176402 14.0685292980634 14.4570642566541 16.4099996332079 -9999 -9999 -9999 -9999 -9999 -9999 -9999 -9999 -9999 -9999 -9999 -9999 -9999 -9999 -9999 -9999 -9999 -9999 -9999 -9999 -9999 -9999 -9999 -9999 -9999 -9999 -9999 -9999 -9999 -9999 -9999 -9999 -9999 -9999 12.5599997192621 10.6156422502827 11.2793969418854 12.1224478764925 12.302461304469 12.4098597540287 10.4187749754637 6.3853266928345 10.0791878912132 9.74462110176682 10.468619331019 8.64553513214923 10.5051957645919 10.9907299906481 10.9598910368513 10.3107191063464 10.387936021667
12.9819940654561 13.2043214067817 13.2082659241278 13.3803903174121 13.5621967078187 13.574388852343 13.7210531791206 14.1995948516997 13.974040178 13.9908940248424 12.3023417736404 13.2448423577007 -9999 -9999 18.1097582407668 18.9549995763227 19.3599995672703 23.7685201831003 -9999 -9999 -9999 -9999 -9999 -9999 -9999 -9999 -9999 -9999 -9999 -9999 -9999 -9999 -9999 -9999 -9999 -9999 -9999 -9999 -9999 -9999 -9999 -9999 -9999 -9999 -9999 8.8399998024106 10.2349997712299 10.2323068827391 11.4110003842507 11.306649970822 9.29171879193746 9.6001083299052 9.96443829569034 10.0734504114371 9.7037415583618 9.35518966196105 8.49026458570734 11.9194845294114 10.7108485553181 9.14648883510381 10.137160343118 9.42977689905092
13.6364253524225 11.0398571612313 12.7126911084633 13.6484382007038 12.8048493773676 12.8417844034266 13.0931577361189 13.0422376031056 13.0081713169347 12.6449171286076 12.4376506716944 14.1492126074154 17.5749996071681 14.3471044321944 13.1987632232485 14.0219122748822 16.0569246329833 12.9113829862258 -9999 -9999 -9999 -9999 -9999 -9999 -9999 -9999 -9999 -9999 -9999 -9999 -9999 -9999 -9999 -9999 -9999 -9999 -9999 -9999 -9999 -9999 -9999 -9999 -9999 -9999 -9999 -9999 -9999 -9999 10.3796883944888 11.4776985866483 11.9704046624247 12.1780297118239 10.1297494317405 9.85865351231769 9.66680653230287 9.31251715612598 9.14792320504785 9.97376170032658 10.4818872530013 12.9891659151763 8.37192906532437 9.76159447943792
11.9510406681802 10.11181980744 12.4878536197357 12.8381984785665 12.8564866953529 12.7399441374 13.2670750918332 13.0626773748081 12.9525894816034 13.3097475976683 13.454618962016 13.4696798464283 12.5799401701428 14.5752204807941 14.8717764667235 14.3353221076541 16.7899996247143 22.2445827319987 -9999 -9999 -9999 -9999 -9999 -9999 -9999 -9999 -9999 -9999 -9999 -9999 -9999 -9999 -9999 -9999 -9999 -9999 -9999 -9999 -9999 -9999 -9999 -9999 -9999 -9999 -9999 -9999 -9999 -9999 10.785973681137 11.105300289928 10.0852839634754 10.2947019753046 10.34992521815 10.3298440389335 9.65318001783453 10.3556626979262 9.39176609553397 9.43945889617316 9.31825463590212 8.82196263526566 9.11744284373708 10.5299386461265
9.98200932750478 10.1247291369364 11.6093020290136 13.7592432788806 13.6303292801604 13.0472578979097 12.8130970045459 13.059450042434 13.1630832708906 13.4897610256448 13.4725485863164 13.6808908206876 13.4219870457891 13.5679341875948 14.1918851132505 13.4324413959582 17.0699996184558 -9999 -9999 -9999 -9999 -9999 -9999 -9999 -9999 -9999 -9999 -9999 -9999 -9999 -9999 -9999 -9999 -9999 -9999 -9999 -9999 -9999 -9999 -9999 -9999 -9999 -9999 -9999 -9999 -9999 -9999 -9999 11.3668935084715 11.4210409738589 11.1904660053551 10.3126315996051 10.1125369924121 10.0852839634754 9.88518935628235 9.92535171471536 10.0028076916933 9.4968336939346 9.76004057866521 10.347773663234 9.99348428705707 10.3312784088776
9.28347116475925 11.4321573409252 10.7601550221443 12.2870418275706 12.6316492066253 12.4064531254116 13.0278939036652 13.8254035925493 13.6640369738452 12.8450117358007 13.177068377845 13.13618883444 13.1225623199716 13.9860530262813 14.0008748490363 6.69999985024333 -9999 -9999 -9999 -9999 -9999 -9999 -9999 -9999 -9999 -9999 -9999 -9999 -9999 -9999 -9999 -9999 -9999 -9999 -9999 -9999 -9999 -9999 -9999 -9999 -9999 -9999 -9999 -9999 -9999 -9999 -9999 -9999 10.8401211465243 10.8340250742622 11.5694982630666 9.78657642262988 10.1039307727478 10.0006561367773 12.3918942704797 9.77330850064754 9.93252356443554 10.0193029460497 10.0078279864974 9.61983091663569 10.0770363362972 9.33797722263262
9.74533828673884 11.7470015436411 11.9065751999151 11.7398296939209 11.8667714339681 12.5147480561864 12.4810403625015 12.7912228628993 8.04776145797223 11.8251747055911 13.0293282736093 13.1318857246079 13.8576769162901 14.6193273565732 12.8122820216231 -9999 -9999 -9999 -9999 -9999 -9999 -9999 -9999 -9999 -9999 -9999 -9999 -9999 -9999 -9999 -9999 -9999 -9999 -9999 -9999 -9999 -9999 -9999 -9999 -9999 -9999 -9999 -9999 -9999 -9999 -9999 -9999 -9999 -9999 4.48499989975244 11.3303618989594 9.9228415673133 8.88136945711449 8.9108935717959 9.39248328050599 9.16764579177834 9.41758475452662 9.63023009872995 9.79338967986405 9.53089998010546 9.52229376044124 9.34299751743674
12.1210135065485 12.0195318330079 11.4170964565128 11.0398571612313 10.5399792357348 12.2805871628225 12.4268928971142 11.2851344216615 11.1087069185451 11.1208990630694 14.4708700673655 13.575106037315 14.2700582752004 12.2447279142216 15.2285868567415 10.4630970067345 -9999 -9999 -9999 -9999 -9999 -9999 -9999 -9999 -9999 -9999 -9999 -9999 -9999 -9999 -9999 -9999 -9999 -9999 -9999 -9999 -9999 -9999 -9999 -9999 -9999 -9999 -9999 -9999 -9999 -9999 8.55373545573093 9.11888484330848 8.59499980788678 -9999 11.5949583295733 10.747604285134 10.1760078624357 10.0601824894547 9.32865381799638 9.30462812143378 9.61481062183157 9.27020324277692 9.64278083574027 9.67720571439713 9.77402568561956 9.52157657546923
11.8911557230167 9.71019622310996 11.1990722250193 11.0183416120708 10.0200201310217 11.0161900571547 11.1338083925657 11.2464064331725 11.0993835139088 11.544755381532 11.6100192139857 12.1299783186987 14.3675954313949 14.9571214783937 14.3240520580938 -9999 -9999 -9999 -9999 -9999 -9999 -9999 -9999 -9999 -9999 -9999 -9999 -9999 -9999 -9999 -9999 -9999 -9999 -9999 -9999 -9999 -9999 -9999 -9999 -9999 -9999 -9999 -9999 -9999 -9999 -9999 -9999 -9999 8.4459119330558 14.7055688494584 13.1826265613781 15.5223656913399 13.8329340347555 12.7263176229317 11.0070459487615 11.1357806512387 10.6730170480441 10.1466032785829 10.6070360306185 9.81490522902459 9.86152225220576 9.91531112510711
11.2073198521975 11.0918530717026 10.5184636865743 9.96551407314837 10.1641743103974 8.67601549346 11.3575701038353 11.3547013639472 11.3898434275761 11.4149449015968 11.5282601271756 14.610362544423 15.4849696177989 14.5162917822599 14.5599996745586 -9999 -9999 -9999 -9999 -9999 -9999 -9999 -9999 -9999 -9999 -9999 -9999 -9999 -9999 -9999 -9999 -9999 -9999 -9999 -9999 -9999 -9999 -9999 -9999 -9999 -9999 -9999 -9999 -9999 -9999 -9999 -9999 -9999 -9999 -9999 15.6051493281099 13.9856944337953 12.6915341517888 12.6721701575443 12.2264396974351 11.8701780625852 12.0041123561095 11.6575583321308 10.1786973060807 10.4139339769026 10.34992521815 10.3047425649129
11.5664502269356 11.9291665265337 10.7314676232636 10.7264473284595 10.829004779458 10.6568803861737 11.5598162659444 11.62221135851 11.4959868034348 11.5985442544334 12.6348765389994 14.2277443618514 15.4950102074072 15.4627368836664 12.7812344321981 -9999 -9999 -9999 -9999 -9999 -9999 -9999 -9999 -9999 -9999 -9999 -9999 -9999 -9999 -9999 -9999 -9999 -9999 -9999 -9999 -9999 -9999 -9999 -9999 -9999 -9999 -9999 -9999 -9999 -9999 -9999 -9999 -9999 -9999 -9999 -9999 -9999 12.929999710992 13.3431325581158 12.4360370055074 12.4458982988726 12.7083879986312 12.0998565498739 12.0345927174203 11.266308316146 11.6526917198207 10.868629249162
