EcologicalScience/Bass/data/rs_data_bass/sst_417.asc
NCOLS 226 
NROWS 124 
XLLCORNER -9.41648524995501 
YLLCORNER 47.587301625531 
CELLSIZE 0.0833 
NODATA_value -9999 
[rows 0 to 26 of 124, columns 62 to 123 of 226]
-9999 -9999 -9999 -9999 -9999 -9999 -9999 -9999 -9999 -9999 -9999 -9999 -9999 -9999 -9999 -9999 -9999 -9999 -9999 -9999 -9999 -9999 -9999 -9999 -9999 -9999 -9999 -9999 -9999 -9999 -9999 -9999 -9999 -9999 -9999 -9999 -9999 -9999 -9999 -9999 -9999 -9999 -9999 -9999 -9999 -9999 -9999 -9999 -9999 -9999 -9999 -9999 -9999 -9999 -9999 -9999 -9999 -9999 -9999 -9999 -9999 -9999
-9999 -9999 -9999 -9999 -9999 -9999 -9999 -9999 -9999 -9999 -9999 -9999 -9999 -9999 -9999 -9999 -9999 -9999 -9999 -9999 -9999 -9999 -9999 -9999 -9999 -9999 -9999 -9999 -9999 -9999 -9999 -9999 -9999 -9999 -9999 -9999 -9999 -9999 -9999 -9999 -9999 -9999 -9999 -9999 -9999 -9999 -9999 -9999 -9999 -9999 -9999 -9999 -9999 -9999 -9999 -9999 -9999 -9999 -9999 -9999 -9999 -9999
-9999 -9999 -9999 -9999 -9999 -9999 -9999 -9999 -9999 -9999 -9999 -9999 -9999 -9999 -9999 -9999 -9999 -9999 -9999 -9999 -9999 -9999 -9999 -9999 -9999 -9999 -9999 -9999 -9999 -9999 -9999 -9999 -9999 -9999 -9999 -9999 -9999 -9999 -9999 -9999 -9999 -9999 -9999 -9999 -9999 -9999 -9999 -9999 -9999 -9999 -9999 -9999 -9999 -9999 -9999 -9999 -9999 -9999 -9999 -9999 -9999 -9999
-9999 -9999 -9999 -9999 -9999 -9999 -9999 -9999 -9999 -9999 -9999 -9999 -9999 -9999 -9999 -9999 -9999 -9999 -9999 -9999 -9999 -9999 -9999 -9999 -9999 -9999 -9999 -9999 -9999 -9999 -9999 -9999 -9999 -9999 -9999 -9999 -9999 -9999 -9999 -9999 -9999 -9999 -9999 -9999 -9999 -9999 -9999 -9999 -9999 -9999 -9999 -9999 -9999 -9999 -9999 -9999 -9999 -9999 -9999 -9999 -9999 -9999
-9999 -9999 -9999 -9999 -9999 -9999 -9999 -9999 -9999 -9999 -9999 -9999 -9999 -9999 -9999 -9999 -9999 -9999 -9999 -9999 -9999 -9999 -9999 -9999 -9999 -9999 -9999 -9999 -9999 -9999 -9999 -9999 -9999 -9999 -9999 -9999 -9999 -9999 -9999 -9999 -9999 -9999 -9999 -9999 -9999 -9999 -9999 -9999 -9999 -9999 -9999 -9999 -9999 -9999 -9999 -9999 -9999 -9999 -9999 -9999 -9999 -9999
-9999 -9999 -9999 -9999 -9999 -9999 -9999 -9999 -9999 -9999 -9999 -9999 -9999 -9999 -9999 -9999 -9999 -9999 -9999 -9999 -9999 -9999 -9999 -9999 -9999 -9999 -9999 -9999 7.47999983280897 10.7109931490624 6.40971098188311 6.54328668292146 6.50133136205841 7.37312946096063 7.35567795997486 6.97944272365421 7.31730856397189 6.97585679879412 7.02118288902566 7.00813012253493 7.00239264275879 7.00655231559649 7.39010283863172 7.42667927220464 7.47329629538581 7.57226782152429 7.5048524341546 6.92240858875448 7.79488203683868 7.52503606836711 7.50341806421056 7.56237066891044 7.80224513588473 7.83063370769378 7.62402467033826 7.36679432704113 5.12738425191492 5.24500258732587 6.02529983688146 5.39274269156158 5.40780357597396 7.9627750387881
-9999 -9999 -9999 -9999 -9999 -9999 -9999 -9999 -9999 -9999 -9999 -9999 -9999 -9999 -9999 -9999 -9999 -9999 -9999 -9999 -9999 -9999 -9999 -9999 -9999 -9999 -9999 6.08984648436308 6.53521835198626 6.53521835198626 6.40863520442508 6.56229208467994 7.3455477222451 7.37289039930329 7.29744254024699 6.24977873312309 6.99694203697145 7.35029907268472 7.00640887860209 6.94759971089661 6.97972959764302 6.99579454101622 7.21224096557125 7.27463605813682 7.35639514494687 7.55505538219586 7.33356475667097 6.97288048116025 7.12935487380517 7.22515029506758 7.58753361592868 7.47100130347535 7.49911495437846 7.74457151105162 7.39625013839187 7.37020095565822 7.42775504966266 5.51466413680464 4.75014495663345 6.0590075305663 6.48644977388903 7.67253028061241
-9999 -9999 -9999 -9999 -9999 -9999 -9999 -9999 -9999 -9999 -9999 -9999 -9999 -9999 -9999 -9999 -9999 -9999 -9999 -9999 -9999 -9999 -9999 -9999 -9999 -9999 6.94526885973755 6.70519119035453 6.63849298795685 6.72742392448708 6.63275550818071 6.86870936397463 6.71523177996278 7.02810372400563 3.7403485160321 6.92034668195993 6.97528305081651 7.05503401970491 6.87918026456609 6.89567551892251 6.87086091889068 7.50162510178052 7.09318826021627 7.68185368524864 7.96671955613419 7.61117510625627 7.63125628547277 7.680204159813 7.71929074078798 7.68787803901359 7.87653354590293 8.15160984192044 7.66980497771874 7.63286995165981 7.73808098705485 5.71475874399766 7.65718252221122 7.96815392607823 4.27967161498964 7.72875758241862 7.98811557446606 6.89022491313517
-9999 -9999 -9999 -9999 -9999 -9999 -9999 -9999 -9999 -9999 -9999 -9999 -9999 -9999 -9999 -9999 -9999 -9999 -9999 -9999 -9999 -9999 -9999 -9999 -9999 -9999 6.69013030594215 6.54023864679039 6.45632800506428 6.48752555134706 6.93684193631634 6.9350489738863 7.01429791329429 7.18283638171852 7.17494734702632 7.1385502096964 6.89022491313517 7.56202232192403 7.3693044744432 7.44174015661702 7.34994048019871 7.37504195421934 7.69466739008203 7.22013000026345 7.68537813711113 7.58553574350663 7.63502150657587 7.30834375182167 7.8514576856313 7.688021476008 7.74582658475265 7.81926632588729 7.47239981417079 7.77433468739036 7.76275215009227 7.72994606037225 7.75385905643925 7.44303108956665 7.62878199731931 7.60999175105244 7.55161289433017 7.6601742080945
-9999 -9999 -9999 -9999 -9999 -9999 -9999 -9999 -9999 -9999 -9999 -9999 -9999 -9999 -9999 -9999 -9999 -9999 -9999 -9999 -9999 -9999 -9999 -9999 -9999 11.3995043310227 6.94638049644418 6.7797784274444 6.71164585510269 6.99780265893787 7.16418957244605 7.23662525461987 6.91030609235168 7.19718008115888 7.0587633815594 7.22013000026345 7.13765372848138 7.28611101768911 7.31264686165377 7.39225439354777 7.39942624326795 7.82184819178656 7.50891648232937 7.55505538219586 7.46397289074957 7.39488407177851 7.62013991840649 7.57896154792979 7.96026489138603 7.62103639962152 7.80391856748611 7.47802971620113 7.63509322507307 7.70910671418533 7.59363993369043 7.99038666021079 7.87826674291864 7.10340814606752 7.58517715102062 7.64154788982123 7.55118258334696 7.61601610481739
-9999 -9999 -9999 -9999 -9999 -9999 -9999 -9999 -9999 -9999 -9999 -9999 -9999 -9999 -9999 -9999 -9999 -9999 -9999 -9999 -9999 -9999 -9999 -9999 9.30986357172951 6.85006255470216 6.93038727156818 6.97341836988926 6.87444684375077 6.94759971089661 7.15343179786578 7.17925045685843 7.26244391361251 7.22658466501161 7.3972746883519 7.33989989059046 7.37073884438723 7.3814966189675 7.47257911041379 7.47186192544177 7.281807907857 7.49337747460231 7.441022971645 7.46755881560966 7.5249336133711 7.43026519706473 7.31264686165377 7.63083792757243 7.78189074334555 7.74008910497651 7.68462680047378 7.80367950582877 7.77188430540264 7.87970111286268 7.90671508014202 7.87085583154112 7.69149982312229 7.48391063297167 7.8993041687645 7.85420120274648 7.4011474872008 7.30863062581047
-9999 -9999 -9999 -9999 -9999 -9999 -9999 -9999 -9999 -9999 -9999 -9999 -9999 -9999 -9999 -9999 -9999 -9999 -9999 -9999 -9999 -9999 -9999 -9999 7.67482527252287 6.92895290162414 7.00927761849016 7.10681477468461 7.08027893071994 7.08529922552407 7.122592844069 7.1304818787612 7.24738302920014 7.38723409874365 7.46827600058168 7.48190251505002 7.3814966189675 7.4489120063372 7.43743704678491 7.38651691377163 7.42022460745648 7.43169956700876 7.11613817932084 7.4173558675684 7.43887141672894 7.47616503527388 7.53497420297936 7.60788800846785 7.43636126932688 7.30619219690561 7.48530914366711 7.3575426409021 7.43198644099757 7.15044352714904 7.18529530162258 7.73058640409727 7.40430310107768 7.44303108956665 7.48979154974222 7.48147220406681 7.48290657401085 7.44030578667298
-9999 -9999 -9999 -9999 -9999 -9999 -9999 -9999 -9999 -9999 -9999 -9999 -9999 -9999 -9999 -9999 -9999 -9999 -9999 -9999 -9999 -9999 -9999 10.8349997578189 6.82137515582144 6.96839807508513 7.06163212144747 7.19574571121484 7.16705831233412 7.20722067076713 7.20722067076713 7.24738302920014 7.25598924886435 7.25240332400426 7.33918270561844 7.34061707556248 7.35209203511477 7.30045471712947 7.29830316221341 7.34707174031064 7.38364817388356 7.42094179242849 7.43815423175693 7.41233557276428 7.38006224902347 7.34922329522669 7.09935605097562 7.11326943943277 7.3814966189675 7.28869288358837 7.23572877340484 7.61802422273904 7.13714145350137 7.5885837796377 7.79848845269797 7.57054657759145 7.43858454274014 7.36328012067825 7.44432202251628 7.34219488250092 7.36916103744879 7.39110689759254
-9999 -9999 -9999 -9999 -9999 -9999 -9999 -9999 -9999 -9999 -9999 -9999 -9999 -9999 -9999 -9999 -9999 -9999 -9999 -9999 -9999 10.4286128823625 5.02453992692754 6.6004821844399 6.76973783783615 7.29830316221341 7.281807907857 7.27607042808086 7.29973753215745 7.26459546852857 7.24881739914417 7.22371592512354 7.2301705898717 7.23590806964785 7.25025176908821 7.40301216812804 7.29615160729736 7.28682820266113 7.37934506405145 7.34994048019871 7.40086061321199 7.23519088467583 7.34061707556248 7.35782951489091 7.09232763824984 7.40623950050212 7.08443860355765 7.43994719418697 7.07669300585985 7.50317900255322 7.55816318374127 7.15056305797771 7.36619667289779 7.14339120825753 7.51561020873487 7.54544510357082 7.45565354507417 7.41290932074189 7.42753989417106 7.36873072646558 7.2141056464985 7.16436886868905
-9999 -9999 -9999 -9999 -9999 -9999 -9999 -9999 -9999 -9999 -9999 -9999 -9999 -9999 -9999 -9999 -9999 -9999 -9999 -9999 9.54482180603287 6.42419811831787 6.76686909794807 6.87301247380674 5.11777397328988 7.29041412752122 7.3535264050588 7.29543442232534 7.26746420841664 7.23949399450794 7.2660298384726 7.2617267286405 7.26029235869646 7.20865504071116 7.2739188731648 7.29973753215745 7.25527206389233 7.28252509282902 7.14984587300569 7.2538376939483 7.25742361880839 7.24523147428408 7.20004882104695 7.07439801394939 7.12503127297387 7.1304818787612 7.51776176365092 7.41194438096136 7.07490004342981 7.0867335954681 4.09965818701312 7.13155765621923 7.2100894106552 7.14482557820156 7.16992705222219 7.44962919130921 7.37862787907943 7.50370493819937 7.64918590977322 7.58266700361855 7.39261298603378 7.31336404662579
-9999 -9999 -9999 -9999 -9999 -9999 -9999 -9999 -9999 -9999 -9999 -9999 -9999 -9999 -9999 -9999 -9999 -9999 -9999 -9999 10.9892680366667 6.0110995744355 6.86870936397463 7.01788383815438 6.94544815598056 7.10036010993645 7.1900082314387 7.20148319099098 7.27965635294095 7.2258674800396 7.19718008115888 7.22371592512354 7.28826257260516 7.23949399450794 7.3097781217657 7.32197026629001 7.361415439751 7.48871577228419 6.93684193631634 7.34205144550651 7.39368876349181 7.06364023936912 7.0187444601208 7.10710164867342 7.11025726255029 7.12517470996827 7.30762656684965 7.64291054126807 7.23268073727377 7.68357492918149 7.44475233349949 7.43198644099757 7.46942349653691 7.51317177983001 7.44425030401908 7.54942035741572 7.66854990401771 7.92358600281711 7.04190953471698 6.07287310669199 7.55505538219586 7.51489302376285
-9999 -9999 -9999 -9999 -9999 -9999 -9999 -9999 -9999 -9999 -9999 -9999 -9999 -9999 -9999 -9999 -9999 -9999 9.02397493270995 6.49720754846931 6.5847041150555 6.84145633503795 6.93540756637231 6.92249823687598 6.91030609235168 7.04872279195115 7.03437909251079 7.11255225446075 7.14984587300569 7.15773490769789 7.08960233535618 7.202200375963 7.07525863591582 7.18068482680246 7.01931820809841 7.22945340489969 7.14052246836945 7.20650348579511 7.39536219509318 7.44150109495968 7.34085613721982 7.42213710071519 7.36500136461109 7.13564561055973 7.08228704864159 7.08386485558003 7.03115176013671 7.44776451038197 7.15916927764192 7.53239233708009 7.47157505145296 7.11499068336561 7.46784568959847 7.54013793477789 7.54315011166036 7.52306893244386 7.41520431265235 7.61649422813207 7.82256537675858 4.42526016430929 7.51776176365092 7.58517715102062
-9999 -9999 -9999 -9999 -9999 -9999 -9999 -9999 -9999 -9999 -9999 -9999 -9999 -9999 -9999 -9999 7.68616595063359 8.89048248749226 6.36524551361799 3.73532822122797 5.83524581929669 6.66216009203345 6.6922818608582 6.83285011537373 6.95046845078468 6.92034668195993 6.42262031137943 7.06378367636353 7.10824914462864 7.1104006995447 7.11183506948873 7.16777549730614 6.8593859593384 7.22515029506758 7.15988646261394 7.17207860713825 7.21510970545933 4.47976622218266 4.36214788677171 7.38006224902347 7.45369323948398 7.441022971645 7.50031026266515 7.09189732726663 7.12531814696267 7.09433575617149 7.72502822056413 7.09892573999241 7.50370493819937 7.51933957058936 7.51919613359496 7.42997832307592 7.39110689759254 7.32856836803257 7.30274970903993 7.64093828259502 7.62223170790821 7.38336129989475 7.79728460649494 7.5806947449455 7.05833307057619 7.26359140956774
-9999 -9999 -9999 -9999 -9999 -9999 -9999 -9999 -9999 -9999 -9999 -9999 -9999 -9999 -9999 -9999 7.95171665688977 5.15878101624548 3.73030792642385 6.15797905670479 6.20818200474605 6.2698599123396 6.48860132880509 6.5925931497477 6.69515060074627 6.80631427140906 6.92393260682002 6.93325601145625 7.00712606357411 7.08099611569196 7.15988646261394 7.16562394239008 7.23590806964785 7.16203801752999 6.90313424263149 7.17064423719421 7.18355356669053 6.76686909794807 6.9270882206969 7.36595761124045 7.295195360668 6.88549149231985 7.7835300232816 7.76426848403311 7.83619189122692 7.11527755735442 7.12008269666694 7.08996092784218 7.2617267286405 7.52335580643266 7.41506087565795 4.37744783284143 7.34348581545055 7.36328012067825 7.27477949513122 7.29041412752122 7.14159824582748 7.09569840761833 7.45594041906297 5.4852595529519 7.29806410055608 7.12474439898506
-9999 -9999 -9999 -9999 -9999 -9999 -9999 -9999 -9999 -9999 -9999 -9999 -9999 -9999 -9999 -9999 -9999 -9999 7.49710615666062 5.90122683672234 5.93852045526728 6.49075288372114 6.47784355422482 6.45632800506428 6.57322915550321 6.56390575086698 6.77762687252834 6.9748527398333 7.01860102312639 7.06952115613967 7.16060364758596 7.2617267286405 7.1900082314387 7.1182897342369 7.11470380937681 7.09533981513232 6.73244421929121 6.79383525289595 6.96911526005715 7.05044403588399 7.38257239642553 7.47718958523391 7.51962644457817 7.89756243383246 5.39991454128176 7.80786308483221 7.01214635837823 7.51145053589717 5.6165044028312 7.80858026980422 7.50399181218818 7.42868739012629 7.34205144550651 7.4529282421805 7.36485792761669 7.30547501193359 7.47544785030186 7.47229223642498 7.7718245399883 5.87469099275768 7.50313119022176 7.5048524341546
-9999 -9999 -9999 -9999 -9999 -9999 -9999 -9999 -9999 -9999 -9999 -9999 -9999 -9999 9.08381723748879 6.25392593317868 6.13855269854969 6.41975157149136 6.23304441710934 6.71092867013067 6.71379741001874 6.67937253136188 6.58972440985963 6.47282325942069 6.46278266981244 6.5050965831615 6.56031982600689 6.74463636381552 6.75969724822789 7.202200375963 7.19861445110291 7.19072541641071 7.1462599481456 6.96409496525303 7.10466321976855 7.16150012880098 6.79627368180081 6.98632769938558 6.83285011537373 6.13015227979049 7.47606258027788 7.4731528583914 7.55351855725582 7.5127414688468 7.95565441656592 6.91819512704387 6.2103335596621 7.55907161803916 5.94569230498746 6.03820916637778 6.0310373166576 5.85030670370907 5.86967069795355 7.71929074078798 7.70297478267457 7.64954450225923 7.43636126932688 7.47014068150893 7.74582658475265 7.46555069768801 7.56724752672017 7.36586198657751
-9999 -9999 -9999 -9999 -9999 -9999 -9999 -9999 -9999 -9999 -9999 -9999 -9999 5.9750968888402 6.05111849587411 6.03032013168558 6.0826746346429 6.22396007413045 6.39034698763862 6.27703176205978 6.68511001113802 6.58972440985963 6.52302620746195 6.39178135758266 6.46278266981244 6.51657154271379 6.59689625957981 6.65785698220134 6.85723440442234 7.19072541641071 7.24738302920014 7.17925045685843 7.23232214478776 7.28611101768911 7.34904399898369 7.32412182120606 7.17243719962426 7.20686207828112 6.86168095124885 6.52374339243397 7.86283019018759 7.75730154430494 7.66639834910166 7.73560669890139 7.40331953311605 6.81994078587741 6.39249854255468 6.47999510914087 6.27488020714372 6.27990050194785 6.17519149603322 6.48214666405693 7.25312050897628 7.13227484119125 7.90561539651826 7.60740988515317 7.64111757883802 7.56366160186008 7.58589433599263 6.88606524029747 7.47736034356058 7.49959307769313
-9999 -9999 -9999 -9999 -9999 -9999 -9999 -9999 -9999 -9999 8.39750082457255 5.86615649159066 5.27321186289191 5.95429852465168 5.80153812561184 5.94856104487553 6.01669361721724 7.36249121720903 7.10000151745044 7.56832330417819 6.94124067081138 6.21965696429834 6.43624682584777 6.3975188373588 6.34014403959736 6.52517776237801 6.5208746525459 6.57824945030734 6.79053620202467 6.94544815598056 7.2301705898717 6.77547531761229 7.30834375182167 7.14841150306165 7.6084856626112 7.21726126037538 7.12474439898506 7.16544464614708 6.77045502280816 7.14841150306165 7.61942273343448 6.89208959406242 6.98102053059265 6.9351206923835 7.4689931855537 7.1839520027861 7.39655750337988 7.82154082679855 8.02140491025057 7.97353281336837 7.80002527763801 7.89733191009145 7.93383150241737 6.52517776237801 7.6521622274071 7.5048524341546 7.22317803639453 7.25419628643431 7.53306170972064 6.50782188605517 6.44657428944483 7.00825306853013
-9999 -9999 -9999 -9999 -9999 -9999 -9999 -9999 -9999 -9999 -9999 11.5059399314611 7.27956670481944 6.23586534466594 5.81014434527606 5.69969785958529 11.9199997335672 -9999 -9999 9.22999979369342 -9999 9.74429951704628 6.36022521881387 6.46278266981244 6.71110796637367 6.36237677372992 6.50796532304958 6.5208746525459 6.69730215566233 6.88950772816315 6.96983244502917 6.52374339243397 6.59976499946788 6.22754599899054 7.24379710434005 7.53425701800734 7.00497450865805 7.30224767955951 7.27356028067879 7.25025176908821 7.25204473151825 7.27607042808086 7.21510970545933 7.23483229218982 7.68522445461713 7.94376963702962 7.85627307044342 8.06411327533424 8.15204015290365 7.99875381821766 7.86283019018759 7.92512282775715 7.88834148419223 7.7822834874969 7.76713722392118 7.68529617311433 7.51752270199358 7.42725302018225 6.61597337983549 6.59331033471972 6.67177037065849 6.26145860266739
-9999 -9999 -9999 -9999 -9999 -9999 -9999 -9999 -9999 -9999 -9999 -9999 -9999 -9999 -9999 -9999 -9999 -9999 -9999 -9999 -9999 -9999 -9999 -9999 -9999 6.08301615129624 6.25981932273135 6.33512374479324 6.61396526191384 6.65599230127409 6.79770805174485 7.24523147428408 6.84504225989804 7.33296710252762 6.59015472084284 7.28772468387615 7.63925289791077 6.85759299690835 7.61924343719147 4.06021301355213 7.27069154079072 7.32734915358014 7.12617876892909 7.91149631328881 7.92891366260925 7.88872569042724 8.13095491472632 8.11775871124119 7.35496077500284 7.41018401784822 8.06382640134543 8.10126345688477 7.94753485813271 7.32186781129401 7.68952756444924 7.64291054126807 7.25312050897628 6.50007628835738 5.81393518012815 7.25025176908821 5.74067985798631 7.41544337430969
-9999 -9999 -9999 -9999 -9999 -9999 -9999 -9999 -9999 -9999 -9999 -9999 -9999 -9999 -9999 -9999 -9999 -9999 -9999 -9999 -9999 -9999 -9999 -9999 -9999 10.6396679468453 6.48200322706252 6.76514785401523 6.78305698731648 6.62462741183117 6.76686909794807 6.53808709187433 7.23112683650106 7.24200414191 7.80535293743014 7.71226232806221 7.74702189303935 7.68522445461713 7.59557633311488 7.29848245845642 7.30816445557866 7.08171330066398 7.28073213039897 7.09928433247842 7.53712575789541 7.50126650929451 7.49983213935047 7.99200032639783 7.879402285791 7.89195302280132 8.03370463252068 7.74773907801136 7.39888835453894 7.48064744134899 7.43866650673694 7.40635903133079 7.16167942504399 7.06468015757855 7.11972410418093 6.61769462376833 6.73065125686117 7.36112856576219
-9999 -9999 -9999 -9999 -9999 -9999 -9999 -9999 -9999 -9999 -9999 -9999 -9999 -9999 -9999 -9999 -9999 -9999 -9999 -9999 -9999 -9999 -9999 -9999 -9999 -9999 -9999 7.70243689394556 6.75652114335181 6.46995451953262 6.55243079131469 7.00569169363007 6.65654214308597 5.73350800826613 6.45752331335098 6.65848451905185 7.72335478896275 7.61924343719147 7.6522339459043 7.35011977644172 7.3415135567775 7.19502852624282 7.74869532464072 7.47903377516195 7.51130709890276 7.52923672320321 7.38830987620167 7.76303902408108 7.84541284086715 7.68056275229901 7.22170780720189 7.84869140073923 7.361415439751 7.34097566804849 7.39268470453098 7.42288843735254 7.09533981513232 6.75844217452686 7.35854669986293 6.67459129821509 6.7332809350919 6.67757956893183
