EcologicalScience/Bass/data/rs_data_bass/sst_84.asc
NCOLS 226 
NROWS 124 
XLLCORNER -9.41648524995501 
YLLCORNER 47.587301625531 
CELLSIZE 0.0833 
NODATA_value -9999 
[rows 81 to 107 of 124, columns 62 to 123 of 226]
14.8799996674061 -9999 -9999 -9999 -9999 -9999 -9999 -9999 -9999 -9999 -9999 -9999 -9999 -9999 -9999 -9999 -9999 -9999 -9999 -9999 -9999 -9999 -9999 -9999 -9999 -9999 -9999 -9999 -9999 -9999 -9999 -9999 -9999 -9999 -9999 -9999 -9999 -9999 -9999 -9999 -9999 -9999 -9999 -9999 -9999 -9999 -9999 -9999 -9999 -9999 -9999 -9999 -9999 -9999 -9999 -9999 -9999 -9999 -9999 -9999 -9999 -9999
14.7849996695295 -9999 -9999 -9999 -9999 -9999 -9999 -9999 -9999 -9999 -9999 -9999 -9999 -9999 -9999 -9999 -9999 -9999 -9999 -9999 -9999 -9999 -9999 -9999 -9999 -9999 -9999 -9999 -9999 -9999 -9999 -9999 -9999 -9999 -9999 -9999 -9999 -9999 -9999 -9999 -9999 -9999 -9999 -9999 -9999 -9999 -9999 -9999 -9999 -9999 -9999 -9999 -9999 -9999 -9999 -9999 -9999 -9999 -9999 -9999 -9999 -9999
-9999 -9999 -9999 -9999 -9999 -9999 -9999 -9999 -9999 -9999 -9999 -9999 -9999 -9999 -9999 -9999 -9999 -9999 -9999 -9999 -9999 -9999 -9999 -9999 -9999 -9999 -9999 -9999 -9999 -9999 -9999 -9999 -9999 -9999 -9999 -9999 -9999 -9999 -9999 -9999 -9999 -9999 -9999 -9999 -9999 -9999 -9999 -9999 -9999 -9999 -9999 -9999 -9999 -9999 -9999 -9999 -9999 -9999 -9999 -9999 15.3427496570628 -9999
-9999 -9999 -9999 -9999 -9999 -9999 -9999 -9999 -9999 -9999 -9999 -9999 -9999 -9999 -9999 -9999 -9999 -9999 -9999 -9999 -9999 -9999 -9999 -9999 -9999 -9999 -9999 -9999 -9999 -9999 -9999 -9999 -9999 11.3199997469783 11.209999749437 11.1449997508898 -9999 -9999 -9999 -9999 -9999 -9999 -9999 -9999 -9999 -9999 -9999 -9999 -9999 -9999 -9999 -9999 -9999 -9999 -9999 -9999 17.2699996139854 17.3796337578764 15.9199996441603 15.8549996456131 15.8249996462837 15.9949996424839
-9999 -9999 -9999 -9999 -9999 -9999 -9999 -9999 -9999 -9999 -9999 -9999 -9999 -9999 -9999 -9999 -9999 -9999 -9999 -9999 -9999 -9999 -9999 -9999 -9999 -9999 -9999 -9999 -9999 -9999 -9999 -9999 -9999 15.1914702486795 15.189999660477 15.189999660477 14.8166663354884 15.8807139307527 15.6609996499494 15.6369996504858 15.0577269361608 -9999 14.7199996709824 14.4349996773526 14.899999666959 15.4849996538833 15.5999996513128 15.7599996477365 15.8199996463954 15.789999647066 15.8749996451661 16.0399996414781 16.0253498009839 -9999 15.5849996516481 15.5749996518716 15.5949996514246 15.9799996428192 16.1699996385723 16.2599996365607 16.3149996353313 16.3749996339902
-9999 -9999 -9999 -9999 -9999 -9999 -9999 -9999 -9999 -9999 -9999 -9999 -9999 15.1649996610358 15.1249996619299 15.0949996626005 15.0899996627122 15.1999996602535 14.649999672547 -9999 -9999 -9999 -9999 -9999 -9999 11.894999734126 11.894999734126 15.6899996493012 15.3999996557832 15.4049996556714 15.4149996554479 15.3849996561185 15.3499996569008 15.3299996573478 15.3299996573478 -9999 16.1546871389146 15.6849996494129 15.6974996491335 15.6374996504746 15.5224996530451 14.7549996702 14.8849996672943 15.1799996607006 15.5599996522069 15.6299996506423 15.6999996490777 15.8799996450543 15.9849996427074 15.9399996437132 15.7849996471778 16.059999641031 15.8849996449426 14.939999666065 15.8549996456131 15.9399996437132 16.0649996409193 15.8449996458367 16.1499996390194 16.2349996371195 16.2499996367842 16.1999996379018
-9999 -9999 -9999 -9999 -9999 -9999 -9999 -9999 15.0082331524914 11.2244441935586 14.546249674866 14.7399996705353 15.0399996638298 15.1149996621534 15.1599996611476 15.2249996596947 15.3699996564537 15.4099996555597 15.6024996512569 15.0249996641651 15.1549996612594 15.4099996555597 15.4449996547773 15.4599996544421 15.5699996519834 15.6999996490777 12.8634372124798 15.064999663271 15.6749996496364 15.6349996505305 15.66499964986 15.6199996508658 15.5749996518716 15.5649996520951 15.5799996517599 16.9551424781659 15.7099996488541 16.0399996414781 15.9874996426515 15.7024996490218 15.7399996481836 15.7399996481836 15.6899996493012 15.7449996480718 15.7499996479601 15.8149996465072 15.9249996440485 16.0499996412545 16.1249996395782 16.1049996400252 16.1549996389076 15.8799996450543 15.9599996432662 15.6749996496364 16.224999637343 16.2999996356666 16.3249996351078 16.3849996337667 16.2799996361136 16.1999996379018 16.2649996364489 16.1649996386841
-9999 -9999 -9999 -9999 -9999 -9999 -9999 -9999 14.6133330066999 14.6399996727705 14.9499996658415 14.939999666065 14.9549996657297 15.0499996636063 15.2199996598065 15.3649996565655 15.4399996548891 15.5099996533245 15.624999650754 15.2499996591359 15.2699996586889 15.2749996585771 15.3949996558949 15.5249996529892 15.5599996522069 15.4299996551126 15.3249996574596 15.5349996527657 15.7099996488541 15.769999647513 15.7249996485189 15.7999996468425 15.8049996467307 15.7099996488541 15.7799996472895 15.7249996485189 15.6949996491894 15.9183329775309 15.8024996467866 15.7524996479042 15.0999996624887 15.6199996508658 16.0699996408075 16.0649996409193 16.1199996396899 16.0899996403605 16.0099996421486 16.1049996400252 16.2149996375665 16.1799996383488 16.1349996393546 15.9599996432662 15.7799996472895 15.7749996474013 15.6049996512011 15.3599996566772 15.5949996514246 15.5549996523187 16.3199996352196 16.3299996349961 16.3049996355549 16.1349996393546
-9999 -9999 -9999 -9999 -9999 -9999 -9999 -9999 14.0849996851757 14.7549996702 14.7799996696413 14.8049996690825 14.8849996672943 15.0799996629357 15.20999966003 15.3649996565655 15.4949996536598 15.5299996528774 15.6099996510893 15.5049996534362 15.2949996581301 15.3149996576831 15.4149996554479 15.5949996514246 15.6599996499717 15.6149996509776 15.4949996536598 15.4499996546656 15.6799996495247 15.7549996478483 15.8599996455014 15.8899996448308 15.9499996434897 15.8949996447191 15.8949996447191 15.7199996486306 15.5899996515363 16.1949996380135 15.9449996436015 15.9924996425398 15.8824996449985 16.1849996382371 16.1599996387959 16.224999637343 16.2149996375665 16.099999640137 16.079999640584 16.1899996381253 16.1499996390194 16.1099996399134 16.1499996390194 15.914999644272 15.8949996447191 15.7549996478483 15.0099996645004 15.4249996552244 15.7999996468425 15.9899996425956 16.059999641031 15.954999643378 15.769999647513 16.0199996419251
9.80626745480498 9.40499978978187 -9999 -9999 -9999 -9999 -9999 -9999 14.5449996748939 14.7149996710941 14.7799996696413 15.0516663302357 14.9449996659532 15.0599996633828 15.189999660477 15.2599996589124 15.4749996541068 15.5449996525422 15.5999996513128 15.6499996501952 15.5999996513128 15.5649996520951 15.6599996499717 15.6699996497482 15.644999650307 15.6499996501952 15.5599996522069 15.6149996509776 15.7299996484071 15.8999996446073 15.9499996434897 16.1299996394664 16.1699996385723 16.2099996376783 16.1699996385723 16.0199996419251 15.6149996509776 15.8349996460602 16.0249996418133 16.2199996374547 16.2099996376783 16.244999636896 16.1849996382371 16.1599996387959 16.1949996380135 16.2149996375665 16.2299996372312 16.2849996360019 16.099999640137 16.1099996399134 16.20499963779 16.2349996371195 15.7099996488541 15.5799996517599 15.6549996500835 15.6749996496364 15.9899996425956 16.1399996392429 16.1649996386841 16.1649996386841 16.1099996399134 16.1199996396899
14.5699996743351 14.5549996746704 14.5699996743351 14.5549996746704 14.5849996739998 -9999 16.1899624452926 14.6199996732175 14.629999672994 14.6449996726587 14.5549996746704 14.8049996690825 14.9949996648356 15.1199996620417 15.1649996610358 15.3849996561185 15.3949996558949 15.4099996555597 15.6399996504188 15.6849996494129 15.7349996482953 15.7199996486306 15.6699996497482 15.644999650307 15.66499964986 15.7649996476248 15.8849996449426 15.9099996443838 15.954999643378 15.9949996424839 15.8649996453896 15.9499996434897 16.0349996415898 16.2299996372312 16.1899996381253 16.1699996385723 16.20499963779 16.3099996354431 16.3249996351078 16.349999634549 16.3249996351078 16.244999636896 16.2349996371195 16.1949996380135 16.2499996367842 16.3649996342137 16.3149996353313 16.2799996361136 16.3099996354431 16.3049996355549 16.0549996411428 16.2349996371195 16.0949996402487 16.1099996399134 16.224999637343 16.2649996364489 16.2699996363372 16.244999636896 16.2149996375665 16.2299996372312 16.1649996386841 16.1299996394664
14.4599996767938 14.4949996760115 14.4899996761233 14.484999676235 14.379999678582 14.3999996781349 14.524999675341 14.5099996756762 14.524999675341 14.5399996750057 14.5999996736646 14.8149996688589 14.9499996658415 15.0999996624887 15.2649996588007 15.3099996577948 15.3249996574596 15.4199996553361 15.6599996499717 15.6149996509776 15.5999996513128 15.5249996529892 15.499999653548 15.5649996520951 15.6899996493012 15.7499996479601 15.8449996458367 15.9099996443838 15.9449996436015 16.0699996408075 16.1099996399134 16.059999641031 15.9449996436015 15.8599996455014 16.1449996391311 16.1349996393546 16.2799996361136 16.349999634549 16.3649996342137 16.369999634102 16.2849996360019 16.2149996375665 16.1549996389076 16.2099996376783 16.2849996360019 16.369999634102 16.3249996351078 16.2949996357784 16.369999634102 16.3549996344373 16.349999634549 16.3099996354431 16.3049996355549 16.2749996362254 16.2949996357784 16.3399996347725 16.2999996356666 16.2749996362254 16.2499996367842 16.2799996361136 16.2499996367842 16.2399996370077
14.379999678582 14.3249996798113 14.2599996812642 14.2299996819347 14.1099996846169 14.3749996786937 14.3849996784702 14.2899996805936 14.3249996798113 14.4199996776879 14.5699996743351 14.6149996733293 14.7199996709824 14.9549996657297 15.0999996624887 15.2049996601418 15.2849996583536 15.3649996565655 15.3599996566772 15.5049996534362 15.6049996512011 15.7099996488541 15.7349996482953 15.7649996476248 15.8199996463954 15.8749996451661 15.8149996465072 15.8849996449426 15.789999647066 15.9049996444955 15.9649996431544 15.8649996453896 15.5999996513128 15.4549996545538 15.4849996538833 16.079999640584 16.2799996361136 16.4624996320345 16.3999996334314 16.3099996354431 16.2999996356666 16.2349996371195 16.1499996390194 16.2299996372312 16.2749996362254 16.4199996329844 16.4249996328726 16.3749996339902 16.4099996332079 16.3949996335432 16.3799996338785 16.3399996347725 16.389999633655 16.3999996334314 16.3799996338785 16.3749996339902 16.3549996344373 16.3249996351078 16.2899996358901 16.2899996358901 16.2749996362254 16.2499996367842
14.2449996815994 14.0749996853992 13.9599996879697 13.6999996937811 14.0049996869639 14.1449996838346 14.0299996864051 14.0049996869639 14.089999685064 14.1049996847287 14.234999681823 14.3849996784702 14.5399996750057 14.8199996687472 14.9299996662885 15.0949996626005 15.2399996593595 15.1049996623769 15.0699996631593 15.374999656342 15.644999650307 15.6849996494129 15.8049996467307 15.789999647066 15.7849996471778 15.769999647513 15.7249996485189 15.5949996514246 15.6199996508658 15.8949996447191 15.8349996460602 15.7499996479601 15.5749996518716 15.5749996518716 15.3999996557832 15.7949996469542 16.0899996403605 13.7499996926636 15.2849996583536 16.3149996353313 16.3299996349961 16.3549996344373 16.3849996337667 16.3449996346608 16.3549996344373 16.4649996319786 16.4799996316433 16.4849996315315 16.4799996316433 16.4449996324256 16.4449996324256 16.3649996342137 16.4249996328726 16.369999634102 16.3649996342137 16.3849996337667 16.2799996361136 16.20499963779 16.1999996379018 16.1749996384606 16.2349996371195 16.2999996356666
14.2199996821582 13.9399996884167 13.9999996870756 14.069999685511 13.944999688305 13.9149996889755 13.654999694787 13.6399996951222 13.779999691993 13.9299996886402 14.1449996838346 14.0399996861815 13.9649996878579 14.3349996795878 14.1999996826053 13.9749996876344 14.8399996683002 14.9349996661767 15.1699996609241 15.4649996543303 15.5699996519834 15.5749996518716 15.6099996510893 15.6399996504188 15.6699996497482 15.6799996495247 15.6199996508658 15.644999650307 15.5599996522069 15.5699996519834 15.6999996490777 15.644999650307 15.5949996514246 15.499999653548 15.6199996508658 16.1999996379018 16.1949996380135 16.1699996385723 16.2599996365607 16.389999633655 16.3999996334314 16.3749996339902 16.4249996328726 16.3999996334314 16.4499996323138 16.5199996307492 16.5699996296316 16.5499996300787 16.5649996297434 16.5449996301904 16.494999631308 16.3999996334314 16.3649996342137 16.3399996347725 16.3149996353313 16.2599996365607 16.20499963779 16.1999996379018 16.1299996394664 16.1499996390194 16.3149996353313 16.2799996361136
13.5149996979162 13.4849996985868 13.6749996943399 13.7499996926636 13.7299996931106 13.8949996894225 13.3999997004867 13.3499997016042 13.6949996938929 13.944999688305 14.3099996801466 13.8149996912107 14.2849996807054 14.3849996784702 14.4799996763468 14.7249996708706 14.794999669306 14.8549996679649 15.0499996636063 15.2549996590242 15.3949996558949 15.4299996551126 15.6149996509776 15.6749996496364 15.6999996490777 15.6799996495247 15.6499996501952 15.6799996495247 15.6599996499717 15.6199996508658 15.7049996489659 15.6999996490777 15.9199996441603 15.9949996424839 15.7099996488541 16.1649996386841 16.2599996365607 16.3799996338785 16.4399996325374 16.3399996347725 16.1899996381253 16.4749996317551 16.3949996335432 16.4099996332079 16.5649996297434 16.6199996285141 16.6649996275082 16.6299996282905 16.1999996379018 16.1449996391311 16.5049996310845 16.4599996320903 16.3849996337667 16.3749996339902 16.3099996354431 16.2699996363372 16.1549996389076 16.0949996402487 16.0199996419251 16.1099996399134 16.4049996333197 16.2649996364489
13.2549997037277 13.3149997023866 13.1399997062981 13.6999996937811 13.8049996914342 13.4149997001514 13.3549997014925 13.5999996960163 13.5399996973574 13.6799996942282 13.7249996932223 13.5249996976927 13.6049996959046 13.8299996908754 14.6699996720999 14.8899996671826 14.9449996659532 14.9999996647239 15.064999663271 15.2699996586889 15.5699996519834 15.7349996482953 15.6999996490777 15.7249996485189 15.7849996471778 15.7949996469542 15.7749996474013 15.7949996469542 15.7949996469542 15.8549996456131 15.934999643825 16.0499996412545 16.2349996371195 16.3349996348843 16.4049996333197 16.4999996311963 16.3349996348843 16.4299996327609 16.5299996305257 16.514999630861 16.5549996299669 16.6299996282905 16.3799996338785 16.4299996327609 16.5649996297434 16.2749996362254 16.5849996292964 16.6449996279553 16.6449996279553 16.5699996296316 16.5199996307492 16.4649996319786 16.349999634549 16.2499996367842 16.224999637343 16.1849996382371 16.099999640137 16.6919996269047 -9999 -9999 -9999 -9999
13.0899997074157 13.9099996890873 13.75999969244 13.8699996899813 14.1299996841699 12.494999720715 13.4349996997043 13.7549996925518 13.3399997018278 13.8049996914342 14.0199996866286 14.0099996868521 13.3499997016042 13.4749996988103 14.5699996743351 14.8549996679649 14.9449996659532 15.0799996629357 15.354999656789 15.6099996510893 15.7999996468425 15.8499996457249 15.7549996478483 15.8449996458367 15.8749996451661 15.9199996441603 15.9249996440485 15.9949996424839 15.954999643378 15.954999643378 15.9649996431544 16.1499996390194 16.1849996382371 16.3199996352196 16.4249996328726 16.4449996324256 17.4249996105209 16.7349996259436 16.65999962762 16.6199996285141 16.5999996289611 16.6199996285141 16.5449996301904 16.5549996299669 16.5599996298552 16.5549996299669 16.5099996309727 16.5849996292964 16.6049996288493 16.244999636896 16.369999634102 16.3349996348843 16.0699996408075 16.3449996346608 15.6599996499717 16.224999637343 -9999 -9999 -9999 -9999 -9999 -9999
12.8299997132272 12.8849997119978 12.7699997145683 13.3399997018278 13.654999694787 12.329999724403 13.179999705404 13.9349996885285 13.5549996970221 13.6099996957928 13.8349996907637 14.3199996799231 14.7299996707588 14.8249996686354 14.9099996667355 15.2699996586889 15.2549996590242 15.3649996565655 15.5949996514246 15.8299996461719 15.9099996443838 15.8799996450543 15.8499996457249 15.9199996441603 15.9599996432662 16.0049996422604 16.0049996422604 15.9449996436015 16.079999640584 16.2349996371195 16.6828298157889 16.7010290384676 16.7010290384676 18.4599995873868 -9999 16.6548481125836 16.4649996319786 16.6999996267259 16.3649996342137 16.3949996335432 16.6299996282905 16.6049996288493 16.6099996287376 16.6199996285141 16.5349996304139 16.4849996315315 16.4649996319786 16.4749996317551 16.494999631308 16.4249996328726 16.2899996358901 16.2549996366724 16.1899996381253 -9999 -9999 -9999 -9999 -9999 -9999 -9999 -9999 -9999
13.2149997046217 13.4949996983632 13.1049997070804 12.7499997150153 12.9349997108802 11.1299997512251 12.5049997204915 13.9599996879697 13.5649996967986 13.4749996988103 13.7099996935576 13.6399996951222 14.3349996795878 14.9299996662885 15.4749996541068 15.4949996536598 15.519999653101 15.6099996510893 15.7399996481836 15.8399996459484 15.934999643825 15.9449996436015 15.934999643825 15.9649996431544 15.9849996427074 15.9499996434897 15.9049996444955 15.7649996476248 15.9299996439368 -9999 -9999 -9999 -9999 -9999 16.3799996338785 16.4849996315315 16.4249996328726 16.6749996272847 16.6849996270612 16.6449996279553 16.5849996292964 16.4849996315315 16.5799996294081 16.6199996285141 16.5649996297434 16.5649996297434 16.5249996306375 16.4549996322021 16.4549996322021 15.6849996494129 15.7649996476248 16.1299996394664 12.1287497289013 -9999 -9999 -9999 -9999 -9999 -9999 -9999 -9999 -9999
12.8699997123331 13.1499997060746 12.5099997203797 12.6999997161329 11.9999997317791 12.0499997306615 13.7449996927753 14.0599996857345 14.0599996857345 13.7149996934459 13.9199996888638 14.234999681823 14.9349996661767 14.9499996658415 15.4699996542186 16.2699996363372 15.8649996453896 15.7249996485189 15.7549996478483 15.8399996459484 16.0699996408075 15.8949996447191 15.9899996425956 16.0249996418133 16.0049996422604 15.914999644272 15.8049996467307 15.9099996443838 16.0399996414781 16.4094440776648 -9999 -9999 -9999 -9999 -9999 16.3599996343255 16.2699996363372 16.2899996358901 16.5599996298552 16.514999630861 16.4749996317551 16.4699996318668 16.4699996318668 16.4699996318668 16.4349996326491 16.3599996343255 16.3249996351078 16.4599996320903 16.494999631308 16.4199996329844 16.2099996376783 16.0049996422604 15.769999647513 16.1479996390641 14.794999669306 -9999 -9999 -9999 -9999 -9999 -9999 -9999
13.2599997036159 10.5149997649714 12.5349997198209 13.4749996988103 12.9849997097626 13.2399997040629 14.2899996805936 13.9949996871874 13.7199996933341 14.1799996830523 14.3449996793643 14.504999675788 14.9299996662885 15.1649996610358 16.2199996374547 16.3999996334314 15.9849996427074 15.7949996469542 15.7249996485189 15.9399996437132 15.934999643825 15.8549996456131 15.934999643825 16.079999640584 16.0249996418133 15.809999646619 15.789999647066 15.8549996456131 15.8399996459484 15.5599996522069 16.4710710604143 24.7149994475767 -9999 -9999 -9999 -9999 15.9724996429868 16.0249996418133 15.872499645222 16.4049996333197 16.3849996337667 16.4099996332079 16.2649996364489 16.2199996374547 16.2749996362254 16.3449996346608 16.4349996326491 16.514999630861 16.20499963779 15.6699996497482 15.3599996566772 14.7349996706471 15.9299996439368 9.86999977938831 -9999 -9999 -9999 -9999 -9999 -9999 -9999 -9999
13.3116663691277 12.6899997163564 12.9283330443626 13.3399997018278 12.9399997107685 13.2399997040629 13.4649996990338 13.9349996885285 13.3849997008219 14.5574996746145 14.774999669753 15.0499996636063 15.0099996645004 15.1249996619299 15.374999656342 15.8499996457249 16.224999637343 16.1549996389076 16.0299996417016 16.0199996419251 15.8799996450543 15.9299996439368 16.0699996408075 16.1649996386841 16.0049996422604 15.7849996471778 15.8749996451661 15.9749996429309 15.9949996424839 15.954999643378 15.8749996451661 -9999 -9999 -9999 -9999 -9999 -9999 -9999 -9999 -9999 -9999 -9999 -9999 -9999 -9999 -9999 16.5124996309169 16.4974996312521 16.4699996318668 16.1849996382371 16.1849996382371 -9999 -9999 -9999 -9999 -9999 -9999 -9999 -9999 -9999 -9999 -9999
13.3724997011013 13.2324997042306 13.5949996961281 13.6399996951222 12.8549997126684 12.6799997165799 13.3599997013807 13.1499997060746 14.4524996769615 14.3899996783584 14.3649996789172 14.5149996755645 14.7199996709824 15.0199996642768 15.2749996585771 16.3349996348843 16.4099996332079 16.3649996342137 16.2599996365607 16.244999636896 16.1399996392429 16.1199996396899 15.9999996423721 15.8999996446073 15.9999996423721 15.8199996463954 15.9049996444955 15.9399996437132 15.9599996432662 15.9999996423721 16.1049996400252 16.2424996369518 18.8465960503799 -9999 -9999 -9999 -9999 -9999 -9999 -9999 -9999 -9999 -9999 -9999 -9999 -9999 -9999 -9999 -9999 -9999 -9999 -9999 -9999 -9999 -9999 -9999 -9999 -9999 -9999 -9999 -9999 -9999
12.4424997218885 13.1649997057393 13.6399996951222 13.6449996950105 12.5299997199327 12.8049997137859 13.4749996988103 13.2599997036159 13.2849997030571 13.8999996893108 13.924999688752 14.7349996706471 15.0549996634945 15.2049996601418 15.2999996580184 16.2099996376783 16.4549996322021 16.5049996310845 16.4349996326491 16.3049996355549 16.059999641031 15.9499996434897 15.9499996434897 15.9249996440485 16.0149996420369 16.0199996419251 15.8349996460602 15.9249996440485 16.0749996406958 15.9849996427074 15.8849996449426 15.9949996424839 -9999 -9999 -9999 -9999 -9999 -9999 -9999 -9999 -9999 -9999 -9999 -9999 -9999 -9999 -9999 -9999 -9999 -9999 -9999 -9999 -9999 -9999 -9999 -9999 -9999 -9999 -9999 -9999 -9999 -9999
12.3274997244589 12.4074997226708 13.634999695234 11.7749997368082 13.5649996967986 13.8674996900372 14.1224996843375 14.2274996819906 14.567499674391 13.8949996894225 13.9149996889755 14.0749996853992 15.1449996614829 16.0899996403605 16.2549996366724 16.3999996334314 16.3549996344373 16.2749996362254 16.4149996330962 16.2849996360019 16.1299996394664 16.0149996420369 16.0099996421486 15.9899996425956 16.0849996404722 16.0699996408075 15.644999650307 15.7399996481836 15.9999996423721 15.9849996427074 15.914999644272 15.9399996437132 23.3003119791974 -9999 -9999 -9999 -9999 -9999 -9999 -9999 -9999 -9999 -9999 -9999 -9999 -9999 -9999 -9999 -9999 -9999 -9999 -9999 -9999 -9999 -9999 -9999 -9999 -9999 -9999 -9999 -9999 -9999
12.7449997151271 12.9024997116067 13.5324996975251 13.5799996964633 13.7349996929988 12.8824997120537 12.9124997113831 14.6449996726587 14.6274996730499 13.8699996899813 14.6049996735528 14.9099996667355 15.1049996623769 15.7549996478483 16.1499996390194 16.0299996417016 15.7599996477365 15.5849996516481 15.9849996427074 16.3049996355549 16.1249996395782 16.0499996412545 16.079999640584 16.0549996411428 15.3949996558949 15.4149996554479 15.3049996579066 15.5749996518716 15.7749996474013 15.8199996463954 16.0249996418133 16.0449996413663 14.5192853897544 -9999 -9999 -9999 -9999 -9999 -9999 -9999 -9999 -9999 -9999 -9999 -9999 -9999 -9999 -9999 -9999 -9999 -9999 -9999 -9999 -9999 -9999 -9999 -9999 -9999 -9999 -9999 -9999 -9999
