EcologicalScience/Bass/data/rs_data_bass/sst_156.asc
NCOLS 226 
NROWS 124 
XLLCORNER -9.41648524995501 
YLLCORNER 47.587301625531 
CELLSIZE 0.0833 
NODATA_value -9999 
[rows 54 to 80 of 124, columns 0 to 61 of 226]
-9999 -9999 -9999 -9999 -9999 -9999 -9999 -9999 -9999 -9999 -9999 -9999 -9999 -9999 -9999 -9999 -9999 -9999 -9999 -9999 -9999 -9999 -9999 -9999 -9999 -9999 -9999 -9999 -9999 -9999 -9999 -9999 -9999 -9999 -9999 -9999 -9999 -9999 11.3481442442031 11.5870180673831 11.7548905783333 11.6301003932022 11.4099246067926 11.9549851855263 11.1237678029574 11.2062440747395 10.8741874326952 11.0412915311754 11.1137272133492 10.8584093633108 10.7271645134315 10.9609668143094 11.0577867855318 11.6322519481182 11.7348093991168 11.6932126707397 11.5325632370077 11.9298837115057 14.3221976379652 12.6062042023491 -9999 14.606334400567
-9999 -9999 -9999 -9999 -9999 -9999 -9999 -9999 -9999 -9999 -9999 -9999 -9999 -9999 -9999 -9999 -9999 -9999 -9999 -9999 -9999 -9999 -9999 -9999 -9999 -9999 -9999 -9999 -9999 -9999 -9999 -9999 -9999 -9999 -9999 -9999 -9999 -9999 13.6099996957928 11.1176717306953 11.4515213351697 11.4551072600298 11.2815484968014 11.1388286873698 10.7752159065567 10.7307504382916 11.2399517684244 10.7221442186274 10.9351481553167 11.0563524155878 11.0075838374905 11.3798028379679 11.3948637223803 11.6379894278944 11.7003845204599 11.9399243011139 12.0001678387634 13.8997637506484 5.78303730218942 13.6649996945634 -9999 15.4499996546656
-9999 -9999 -9999 -9999 -9999 -9999 -9999 -9999 -9999 -9999 -9999 -9999 -9999 -9999 -9999 -9999 -9999 -9999 -9999 -9999 -9999 -9999 -9999 -9999 -9999 -9999 -9999 -9999 -9999 -9999 -9999 -9999 -9999 -9999 -9999 -9999 -9999 -9999 -9999 11.0709010250201 11.3001953060739 11.2062440747395 11.1180303231813 10.9121982362121 10.8784905425273 10.7558519123122 10.7386394729838 10.706366149243 10.9652699241415 10.7171239238232 11.1431317972019 11.5755943353288 11.6394237978384 11.346095144283 12.1364329834469 12.2547685038298 12.3171635963954 11.861033954192 12.8801537994295 5.91495227325579 18.9649995760992 -9999
-9999 -9999 -9999 -9999 -9999 -9999 -9999 -9999 -9999 -9999 -9999 -9999 -9999 -9999 -9999 -9999 -9999 -9999 -9999 -9999 -9999 -9999 -9999 -9999 -9999 -9999 -9999 -9999 -9999 -9999 -9999 -9999 -9999 -9999 -9999 -9999 -9999 -9999 -9999 15.064999663271 11.4500869652256 11.3102358956821 11.3425092194229 11.0384227912873 10.9595324443653 10.8698843228631 10.6898708948866 10.8404797390103 10.7988830106333 10.9416028200649 11.187597265467 11.6279488382861 10.9910885831341 11.4149449015968 12.0281380526721 11.2600329476409 11.8129825610667 12.3752555791289 12.4943082844839 12.8270821115002 12.7847681981511 -9999
-9999 -9999 -9999 -9999 -9999 -9999 -9999 -9999 -9999 -9999 -9999 -9999 -9999 -9999 -9999 -9999 -9999 -9999 -9999 -9999 -9999 -9999 -9999 -9999 -9999 -9999 -9999 -9999 -9999 -9999 -9999 -9999 -9999 -9999 -9999 -9999 -9999 -9999 -9999 -9999 11.5517479350092 11.7663655378856 11.2837000517175 11.2557298378088 11.3102358956821 11.184728525579 11.1173131382093 11.186880080495 11.0793023346923 11.2894375314936 11.5978270694613 11.7563249482773 11.1173131382093 11.7685170928016 11.7929013818502 11.184728525579 11.6437269076705 11.464430664666 11.9743491797708 12.4684896254912 12.6936857067049 15.9099996443838
-9999 -9999 -9999 -9999 -9999 -9999 -9999 -9999 -9999 -9999 -9999 -9999 -9999 -9999 -9999 -9999 -9999 -9999 -9999 -9999 -9999 -9999 -9999 -9999 -9999 -9999 -9999 -9999 -9999 -9999 -9999 -9999 -9999 -9999 -9999 -9999 -9999 -9999 -9999 11.4649997437373 11.1530620506606 12.3078401917592 10.9000060916878 11.6552018672228 11.4579759999178 11.3159733754583 11.0083010224625 11.2851344216615 11.265053242445 10.7400738429278 10.9939573230222 11.2162846643478 11.6932126707397 11.6150395087898 11.665242456831 11.6100192139857 11.8603167692199 11.5325632370077 12.3401135155 11.9399243011139 -9999 -9999
-9999 -9999 -9999 -9999 -9999 -9999 -9999 -9999 -9999 -9999 -9999 -9999 -9999 -9999 -9999 -9999 -9999 -9999 -9999 -9999 -9999 -9999 -9999 -9999 -9999 -9999 -9999 -9999 -9999 -9999 -9999 -9999 -9999 -9999 -9999 -9999 -9999 -9999 -9999 13.4929704293264 11.822305965703 11.9162571970373 11.5763115203008 11.6803033412434 11.4472182253376 11.3317514448427 11.3102358956821 11.1560411266983 11.2571642077528 10.6540116462857 11.3288827049546 10.9200872709043 11.266487612389 11.346095144283 11.8474074397236 11.4902493236586 11.6702627516352 13.9149996889755 13.0619890603528 13.6776634883136 13.6389354998246 13.9552140724845
-9999 -9999 -9999 -9999 -9999 -9999 -9999 -9999 -9999 -9999 -9999 -9999 -9999 -9999 -9999 -9999 -9999 -9999 -9999 -9999 -9999 -9999 -9999 -9999 -9999 -9999 -9999 -9999 -9999 -9999 -9999 -9999 -9999 -9999 -9999 -9999 -9999 -9999 -9999 11.5332804219797 11.7871639020741 11.7972044916824 11.7685170928016 11.8086794512346 11.4508041501977 11.2471236181445 11.0506149358116 10.8110751551576 10.7909939759411 11.0183416120708 11.1295052827336 11.1503036469221 11.8775292085484 11.505310208071 11.5103305028751 11.7498702835292 11.6853236360475 13.6468245345168 13.4474471122958 13.5865809968673 13.7085024421103 14.0800042576157
-9999 -9999 -9999 -9999 -9999 -9999 -9999 -9999 -9999 -9999 -9999 -9999 -9999 -9999 -9999 -9999 -9999 -9999 -9999 -9999 -9999 -9999 -9999 -9999 -9999 -9999 -9999 -9999 -9999 -9999 -9999 -9999 -9999 -9999 -9999 -9999 -9999 -9999 13.3520615110174 12.0049490719102 11.743415618781 11.5598162659444 11.5210882774554 11.6752830464393 11.4551072600298 10.7020630394109 10.9129154211842 10.7422253978439 11.5375835318118 11.5189367225394 11.5002899132669 11.5347147919238 11.6136051388457 11.4536728900857 11.4680165895261 11.6595049770549 11.5196539075114 12.740302729886 13.1727652680129 13.6073793610558 13.8368785521016 13.5621967078187
-9999 -9999 -9999 -9999 -9999 -9999 -9999 -9999 -9999 -9999 -9999 -9999 -9999 -9999 -9999 -9999 -9999 -9999 -9999 -9999 -9999 -9999 -9999 -9999 -9999 -9999 -9999 -9999 -9999 -9999 -9999 -9999 -9999 -9999 -9999 -9999 -9999 -9999 12.7897884929553 12.3150120414793 12.0747550758533 11.3274483350106 11.14600053709 11.4988555433229 11.2722250921652 10.7852564961649 10.9229560107924 11.146717722062 10.8153782649897 11.22417369904 11.5612506358884 11.4041871270165 11.4113589767367 11.5088961329311 11.5755943353288 11.7778404974379 11.8431043298915 12.5380565677769 13.3699911353178 13.6532791992649 13.7701803497039 13.8756065405905
-9999 -9999 -9999 -9999 -9999 -9999 -9999 -9999 -9999 -9999 -9999 -9999 -9999 -9999 -9999 -9999 -9999 -9999 -9999 -9999 -9999 -9999 -9999 -9999 -9999 -9999 -9999 -9999 -9999 -9999 -9999 -9999 -9999 -9999 -9999 -9999 -9999 15.2587226659388 10.7893803097541 11.8502761796117 12.2468794691376 11.7563249482773 11.3690450633876 11.107272548601 11.3224280402064 11.3568529188633 11.5705740405247 10.7981658256613 10.9767448836938 10.8842280223034 10.9251075657085 11.1330912075937 11.2141331094317 11.4565416299738 11.625080098398 11.7219000696205 11.9470961508341 12.6061891401187 12.8658100999892 13.1863917824812 13.7924130838364 13.7945646387525
-9999 -9999 -9999 -9999 -9999 -9999 -9999 -9999 -9999 -9999 -9999 -9999 -9999 -9999 -9999 -9999 -9999 -9999 -9999 -9999 -9999 -9999 -9999 -9999 -9999 -9999 -9999 -9999 -9999 -9999 -9999 -9999 -9999 -9999 -9999 -9999 -9999 13.5097973808006 12.0252693127841 12.1930905962363 12.1235236539505 12.0704519660212 11.6078676590696 11.305215600878 11.3597216587514 11.2098299995996 10.987502658274 10.9208044558764 10.9329966004007 10.7967314557172 10.8297219644301 11.2327799187042 11.543321011588 11.6480300175026 11.7484359135851 11.744132803753 12.1471907580271 12.9525894816034 13.1261482448317 13.1993011119775 13.8060395983048 14.0462965639308
-9999 -9999 -9999 -9999 -9999 -9999 -9999 -9999 -9999 -9999 -9999 -9999 -9999 -9999 -9999 -9999 -9999 -9999 -9999 -9999 -9999 -9999 -9999 -9999 -9999 -9999 -9999 -9999 -9999 -9999 -9999 -9999 -9999 -9999 -9999 15.9830576409187 13.1307202990283 11.7734178567771 12.2770012379624 12.1457563880831 12.3451338103041 12.2949308622628 12.182332821656 10.9100466812961 11.0721304849721 10.6927396347746 11.1130100283772 10.7321848082356 10.7128208139911 10.5173879091162 11.4701681444421 11.1302224677056 11.6028473642655 11.7599108731374 11.982238214463 12.0302896075882 12.0826441105455 12.5559861920774 13.4840235458687 13.3068788577802 13.5672170026228 14.1459852750413
-9999 -9999 -9999 -9999 -9999 -9999 -9999 -9999 -9999 -9999 -9999 -9999 -9999 -9999 -9999 -9999 -9999 -9999 -9999 -9999 -9999 -9999 -9999 -9999 -9999 -9999 -9999 -9999 -9999 -9999 -9999 -9999 -9999 -9999 -9999 16.0717403492491 12.3601946947165 11.9650257751346 12.6169469146989 12.4627521457151 11.7964873067103 12.3630634346046 11.7548905783333 11.6903439308517 10.9186529009603 10.98606828833 10.9494918547571 11.0391399762593 11.1316568376496 11.1711020111106 11.3080843407661 11.0699789300561 11.2951750112697 11.6824548961595 11.8918729079887 11.982955399435 11.9184087519534 11.942793041002 12.9611957012676 13.4424268174917 13.3936582393944 13.6296120951883
-9999 -9999 -9999 -9999 -9999 -9999 -9999 -9999 -9999 -9999 -9999 -9999 -9999 -9999 -9999 -9999 -9999 -9999 -9999 -9999 -9999 -9999 -9999 -9999 -9999 -9999 -9999 -9999 7.02687482133953 11.0411672793994 13.9859971578705 12.4849848798476 12.699628096473 10.3642414244543 14.1200499791788 13.5826133865349 12.0109256133437 11.9521164456382 11.4780571791343 12.5380565677769 11.944227410946 11.3948637223803 10.9523605946451 11.145283352118 10.986785473302 11.0592211554758 11.2105471845716 11.2134159244597 11.2005065949634 11.1001006988809 11.2162846643478 11.4106417917646 11.4852290288545 11.8151341159828 11.7376781390049 11.8438215148635 12.1794640817679 12.2848902726546 12.7338480651379 13.2129276264459 13.5923184766434 14.1216009859927
-9999 -9999 -9999 -9999 -9999 -9999 -9999 -9999 -9999 -9999 -9999 -9999 -9999 -9999 -9999 -9999 -9999 -9999 -9999 -9999 -9999 -9999 10.550019825343 11.0721304849721 10.8799249124713 11.4086951468406 12.5029657316461 12.1778862748295 11.6684697892051 11.971002316568 12.419721047394 12.2397076194175 12.3379619605839 12.4297616370022 12.4713583653793 12.0403301971965 12.1457563880831 11.4773399941623 11.6881923759356 11.4974211733788 11.7577593182214 10.9179357159883 11.3231452251785 10.988219843246 11.106555363629 11.2083956296556 11.2378002135083 11.186162895523 11.3611560286954 11.3776512830518 11.6508987573907 11.5153507976793 11.6344035030343 11.8753776536323 11.9564195554703 12.0948362550698 12.2497482090257 12.0948362550698 13.1302306823647 16.804999624379 -9999 -9999
-9999 -9999 -9999 -9999 -9999 -9999 -9999 -9999 -9999 -9999 -9999 -9999 -9999 -9999 -9999 -9999 -9999 -9999 -9999 -9999 -9999 12.4804111199453 10.6841334151104 11.3073671557941 12.9741050307639 12.8500320306048 12.7159184408374 12.9289223775268 11.9141056421213 11.3396404795349 12.220343625173 12.0094912433997 12.4426709664986 11.6523331273347 12.1844843765721 11.5648365607485 11.5720084104687 11.3123874505982 11.6838892661035 11.0893429243006 11.065675820224 11.0298165716231 11.0491805658676 11.1754051209427 11.22417369904 11.2880031615496 11.3962980923243 11.3984496472403 11.4529557051137 11.4041871270165 11.6057161041535 11.6795861562714 11.9736319947988 12.0697347810492 11.7957701217383 13.9499206033535 15.2499996591359 -9999 -9999 -9999 -9999 -9999
-9999 -9999 -9999 -9999 -9999 -9999 -9999 -9999 -9999 -9999 -9999 -9999 -9999 -9999 -9999 -9999 -9999 6.88018432352692 13.0675183733692 16.2102873527134 15.080253173277 12.3005488112103 13.1359497727826 13.4201940833591 13.1698965281248 13.1648762333207 11.7283547343686 13.4747001412325 11.7649311679415 11.7383953239769 11.7075563701801 11.6193426186219 11.5612506358884 11.4500869652256 11.3188421153463 11.584917739965 11.2865687916055 11.5017242832109 11.2205877741799 11.344660774339 11.1990722250193 11.1015350688249 11.1316568376496 11.1689504561946 11.1660817163065 11.4378948207013 11.6028473642655 11.6932126707397 11.7455671736971 11.6473128325306 11.6702627516352 12.1115108056692 13.9849996874109 -9999 -9999 -9999 -9999 -9999 -9999 -9999 -9999 -9999
-9999 -9999 -9999 -9999 -9999 -9999 -9999 -9999 -9999 -9999 -9999 -9999 -9999 6.86489759354542 -9999 -9999 8.45682958311603 11.186880080495 11.0850398144685 11.2216635516379 12.8698741481639 12.8139337203465 12.3035370819271 11.8531449194998 11.78214360727 12.6061891401187 11.9083681623451 11.9047822374851 12.1084627695382 12.140018908307 12.3845789837651 12.3193151513115 12.3465681802481 11.8653370640241 11.785012347158 11.4321573409252 11.3783684680238 11.184011340607 11.266487612389 11.1825769706629 11.3511154390872 11.5088961329311 11.4816431039944 11.4995727282949 11.5677053006366 11.5368663468398 11.6401409828104 11.7634967979975 11.8022247864865 11.6926747820107 12.697630224051 14.4099996779114 -9999 -9999 -9999 -9999 -9999 -9999 -9999 -9999 -9999 -9999
-9999 -9999 -9999 -9999 -9999 -9999 -9999 -9999 -9999 -9999 -9999 -9999 -9999 11.9544472967973 11.0133213172667 13.0687734470703 13.0596891040914 10.1283150617965 11.5318460520357 11.6125293613877 12.1532868302893 12.5373393828049 11.9635914051905 11.9922788040712 12.0152287231758 11.9721976248547 12.0840784804896 11.9750663647428 12.4785302150995 11.9915616190992 12.4677724405192 12.4283272670582 12.1593829025514 11.8007904165424 11.7161625898443 11.6666768267751 11.4586931848899 11.3367717396468 11.4866633987986 11.4321573409252 11.663090901915 12.3178807813674 11.8746604686603 11.9743491797708 11.5533616011962 11.4945524334908 11.5612506358884 11.6322519481182 11.7563249482773 11.8689229888842 12.1651203823276 14.2722098301165 13.2599997036159 -9999 -9999 -9999 -9999 -9999 -9999 22.2036394436621 -9999 -9999
-9999 -9999 -9999 -9999 -9999 -9999 -9999 -9999 -9999 -9999 16.0673374105825 11.6966330913755 9.84502699784935 9.94399852398783 10.828287594486 11.6749244539533 12.0926847001538 13.0300454585813 12.7424542848021 11.5698568555526 12.6348765389994 12.2784356079064 12.5029145041481 12.2432935442775 12.3264870010316 12.3451338103041 12.1163518042304 12.0016022087075 12.9023865335621 13.0838343314826 12.9812768804841 12.619098469615 12.4441053364426 12.1708578621037 11.8818323183805 11.781426422298 11.6896267458797 11.4687337744981 11.5741599653848 11.4723196993582 12.0984221799299 12.1170689892024 12.1213720990345 12.5602893019095 11.4845118438825 11.4529557051137 11.5913724047132 11.6616565319709 11.7613452430815 11.8380840350874 13.0956112636547 11.7630933814507 9.88867770643237 -9999 -9999 -9999 13.4077754593699 13.9246440630523 12.4347819318064 12.940397337079 13.2770644539435 17.7899996023625
-9999 -9999 -9999 -9999 -9999 -9999 -9999 15.5906664940744 10.5038274869323 11.0179830195848 10.2272865879349 10.0903042582795 10.1770836398937 10.1648914953694 10.7192754787393 10.8935514269397 12.3924680184573 12.3480025501922 12.3250526310876 11.5720084104687 12.10200810479 12.3709524692968 12.1242408389226 12.4577318509109 12.181615636684 12.1507766828872 12.2848902726546 12.2777184229344 12.3766899490729 13.0142673891969 12.5237128683366 12.3960539433174 12.2483138390817 12.3594775097445 11.9270149716176 12.0331583474763 12.181615636684 11.6566362371668 11.8337809252553 11.9750663647428 12.5588549319655 12.5337534579448 12.299951157067 11.7556077633053 11.6136051388457 11.5777458902448 11.7785576824099 11.8108310061507 11.8366496651433 11.4350260808133 11.3202764852904 11.184728525579 12.6540612370009 14.4112748058767 11.9589297028724 12.7594276624732 12.8741772579961 12.2296670298092 13.5249030892737 12.6467100910377 13.7369507793337 14.0250987085747
-9999 -9999 -9999 -9999 -9999 10.5397999394918 10.6497085364535 10.1942960792221 10.110385437496 10.0989104779437 10.1039307727478 10.6791131203063 11.1352427625097 11.1402630573139 11.1087069185451 11.0922116641887 12.2576372437179 12.8048493773676 12.579653296154 12.6320077991113 12.4039429780096 12.3515884750523 12.6262703193352 13.0902889962308 12.5846735909581 12.5653095967136 12.7065950362012 12.8156071519479 12.6054719551466 12.500762949232 12.7654042039067 12.3573259548284 12.261223168578 12.5882595158182 11.901196312625 12.0769066307694 12.0654316712171 12.0453504920006 12.2038483708166 12.4699239954352 12.619098469615 13.1118045453914 12.7661213888787 12.2246467350051 12.1342814285308 11.8818323183805 11.8452558848076 13.0350657533854 12.8851740942337 12.1306955036707 12.0310067925602 11.6975157805718 11.7599108731374 12.7799869650044 12.9186427262612 12.8299508513883 12.2518997639418 12.4254585271701 12.5975829204544 12.5308847180568 12.5968657354824 12.7743690160569
-9999 -9999 -9999 -9999 -9999 10.4646748136729 10.6432538717054 10.5715353745036 10.4424420795403 10.5600604149513 10.6002227733843 10.4826044379734 10.986785473302 10.9222388258204 11.4077730518766 11.0993835139088 11.8890041681007 11.8122653760947 12.0030365786515 12.4835505099036 12.4813989549875 12.4333475618623 12.5868251458742 12.42187260231 12.299233972095 12.3551743999124 12.8070009322837 12.580370481126 12.9619128862396 12.3838617987931 11.9851069543511 12.4347819318064 12.700140371453 12.498611394316 12.1952421511523 12.1873531164601 12.2404248043895 12.261223168578 12.4491256312467 12.6305734291673 12.9167302330025 13.7113711819984 12.8701132098213 12.2977996021509 13.8748893556185 12.4935910995118 13.0321970134974 12.818475891836 12.1658375672996 11.9614398502745 12.8105868571438 12.3451338103041 12.1601000875235 12.0718863359652 12.9210333428346 12.1536454227753 12.3852961687371 12.459883405827 12.5753501863219 12.1722922320478 12.024193535326 12.2748496830463
-9999 -9999 -9999 -9999 -9999 11.6501815724187 11.0843226294965 11.0204931669869 11.3547013639472 11.30593278585 11.0771507797763 11.2550126528367 11.6688283816911 12.2160405153409 11.8280434454791 11.7900326419622 11.9564195554703 12.1156346192583 12.3185979663394 12.4247413421981 12.7438886547461 12.7316965102218 12.5466627874412 12.342265070416 12.4971770243719 12.5158238336444 12.3953367583454 12.4017914230935 12.3630634346046 12.3193151513115 11.8660542489961 11.8868526131846 12.3264870010316 12.5265816082247 12.9568925914355 13.096026476007 12.8213446317241 12.657826458104 12.9052552734502 12.8679616549052 12.8916287589818 12.8823053543456 12.8091524871998 12.4433881514706 12.9253364526667 12.8923459439538 13.297555453144 12.0446333070286 11.6846064510755 12.5731986314058 13.0365001233295 11.9872585092671 11.94207585603 12.0998565498739 12.2490310240537 12.1106143244542 12.0754722608253 11.9571367404424 12.0137943532318 12.2103030355647 12.1568727551494 12.4354991167784
-9999 -9999 -9999 -9999 -9999 11.1976378550753 11.3819543928839 11.264336057473 11.8000732315704 11.8775292085484 11.6709799366072 11.0821710745804 11.62221135851 12.2562028737739 12.3472853652202 12.4125491976738 12.4247413421981 12.3401135155 12.6621295679361 12.897366238758 12.6047547701746 12.4692068104632 12.4519943711348 12.7359996200539 12.6664326777682 12.6449171286076 12.6327249840833 12.4713583653793 12.6040375852026 12.4433881514706 12.2734153131023 12.0116427983157 11.8875697981566 12.2110202205367 12.4139835676178 12.6535233482718 12.6693014176562 12.9475691867992 12.8514664005488 13.1462294240482 13.175634007901 12.9038209035061 12.658543643076 12.6779076373205 12.4778130301274 12.699423186481 13.7486648005433 12.3508712900802 12.1091799545102 12.2562028737739 13.2093417015858 12.3852961687371 12.2691122032702 12.3673665444367 12.3960539433174 11.8861354282126 12.0991393649019 12.2834559027106 12.3774071340449 12.3917508334853 12.382427428849 12.621250024531
-9999 -9999 -9999 -9999 -9999 11.5117648728192 11.3417920344509 11.54403819656 11.9951475439593 11.7663655378856 11.5117648728192 11.7333750291727 12.2934964923188 12.4233069722541 12.7625354640186 12.4118320127018 12.6348765389994 12.737433989998 13.0235907938331 12.5846735909581 12.4770958451554 12.4118320127018 12.5186925735325 12.4670552555472 12.8772850595415 12.7632526489906 12.8120212270878 12.7532120593823 12.6291390592232 12.3960539433174 11.9865413242951 11.9320352664217 12.4017914230935 12.5108035388403 12.5617236718535 12.6922513367608 12.9181646029465 13.0264595337212 12.7919400478713 13.0135502042249 13.4366893377155 12.2798699778505 12.1701406771317 12.9439832619391 12.5495315273292 12.9540238515474 12.7654042039067 12.8026978224516 12.6865138569847 12.8127384120598 12.7087465911172 12.3501541051082 12.3501541051082 12.1938077812083 12.2475966541097 12.3042542668991 12.5667439666577 12.6169469146989 12.4943082844839 12.6312906141393 12.4570146659389 12.462034960743
