EcologicalScience/Bass/data/rs_data_bass/sst_427.asc
NCOLS 226 
NROWS 124 
XLLCORNER -9.41648524995501 
YLLCORNER 47.587301625531 
CELLSIZE 0.0833 
NODATA_value -9999 
[rows 54 to 80 of 124, columns 0 to 61 of 226]
-9999 -9999 -9999 -9999 -9999 -9999 -9999 -9999 -9999 -9999 -9999 -9999 -9999 -9999 -9999 -9999 -9999 -9999 -9999 -9999 -9999 -9999 -9999 -9999 -9999 -9999 -9999 -9999 -9999 -9999 -9999 -9999 -9999 -9999 -9999 -9999 -9999 -9999 9.82608487711781 5.68356119771488 5.54119998076931 6.12828759886324 6.21320229955018 6.46780296461657 6.45561082009226 6.22682881401852 6.35466703528073 6.57107760058716 7.38579972879961 7.52421642839909 7.46827600058168 7.29238638619427 7.37611773167737 7.59754859178793 6.63974806165788 6.50581376813352 6.52159183751792 6.42979216109961 10.1543058451824 -9999 -9999 8.62993635900784
-9999 -9999 -9999 -9999 -9999 -9999 -9999 -9999 -9999 -9999 -9999 -9999 -9999 -9999 -9999 -9999 -9999 -9999 -9999 -9999 -9999 -9999 -9999 -9999 -9999 -9999 -9999 -9999 -9999 -9999 -9999 -9999 -9999 -9999 -9999 -9999 -9999 -9999 11.9399997331202 6.37435376276262 5.46732992865145 5.87648395518772 6.0747855999507 6.29567857133225 6.6087298116181 6.7998596066609 6.42710271745455 6.8873561732471 7.05697041912936 7.2100894106552 7.321790970047 7.2538376939483 7.32985930098221 6.91156116605271 6.66359446197748 6.5847041150555 6.69801934063435 7.88180485544726 -9999 13.6649996945634 -9999 13.3149997023866
-9999 -9999 -9999 -9999 -9999 -9999 -9999 -9999 -9999 -9999 -9999 -9999 -9999 -9999 -9999 -9999 -9999 -9999 -9999 -9999 -9999 -9999 -9999 -9999 -9999 -9999 -9999 -9999 -9999 -9999 -9999 -9999 -9999 -9999 -9999 -9999 -9999 -9999 -9999 9.66429638490081 6.22467725910246 5.89620654191822 6.19061097293161 6.71971418603789 6.98076951585244 6.8715781038627 7.41466642392334 7.22013000026345 7.49445325206034 7.43428143290803 7.29471723735332 7.12761313887313 7.38221380393952 7.37073884438723 7.04603334830608 6.78981901705265 6.88965116515756 6.77719656154513 8.08987977541983 14.339999679476 -9999 -9999
-9999 -9999 -9999 -9999 -9999 -9999 -9999 -9999 -9999 -9999 -9999 -9999 -9999 -9999 -9999 -9999 -9999 -9999 -9999 -9999 -9999 -9999 -9999 -9999 -9999 -9999 -9999 -9999 -9999 -9999 -9999 -9999 -9999 -9999 -9999 -9999 -9999 -9999 -9999 14.4099996779114 6.34817651128396 6.24690999323502 6.31289101066068 6.60478529427201 6.53557694447227 7.26351969107054 6.82639545062557 7.27642902056687 7.30081330961548 7.36410488339607 7.50958585496992 7.42165897740051 7.43815423175693 7.49122591968626 7.4847712549381 7.17279579211026 7.52536392435431 8.34467603638768 7.96661710113819 4.80823693936691 8.10322376247495 -9999
-9999 -9999 -9999 -9999 -9999 -9999 -9999 -9999 -9999 -9999 -9999 -9999 -9999 -9999 -9999 -9999 -9999 -9999 -9999 -9999 -9999 -9999 -9999 -9999 -9999 -9999 -9999 -9999 -9999 -9999 -9999 -9999 -9999 -9999 -9999 -9999 -9999 -9999 -9999 -9999 6.37352574011311 5.967207854148 6.26734976493753 6.29998168116435 6.37672047317028 7.05266730929725 6.67506942152977 7.23841821704991 7.31892223015893 7.30418407898396 7.31623278651386 7.7439619038254 7.77221899172291 7.71319466852583 7.80965604726225 7.18785667652264 6.49003569874913 6.19312112033367 6.42477186629549 6.3298165760003 6.16070435959846 9.08999979682267
-9999 -9999 -9999 -9999 -9999 -9999 -9999 -9999 -9999 -9999 -9999 -9999 -9999 -9999 -9999 -9999 -9999 -9999 -9999 -9999 -9999 -9999 -9999 -9999 -9999 -9999 -9999 -9999 -9999 -9999 -9999 -9999 -9999 -9999 -9999 -9999 -9999 -9999 -9999 -9999 10.0986610223013 6.00163273280486 6.09379100170918 6.28922390658408 6.45776237500831 6.4333780859597 6.62952817580663 7.01549322158098 6.7720686889952 7.37504195421934 7.08996092784218 7.44209874910302 7.91163975028321 7.05446027172729 6.8593859593384 6.76256598811597 6.52661213232204 6.0747855999507 6.0547044207342 15.7033039833344 -9999 -9999
-9999 -9999 -9999 -9999 -9999 -9999 -9999 -9999 -9999 -9999 -9999 -9999 -9999 -9999 -9999 -9999 -9999 -9999 -9999 -9999 -9999 -9999 -9999 -9999 -9999 -9999 -9999 -9999 -9999 -9999 -9999 -9999 -9999 -9999 -9999 -9999 -9999 -9999 -9999 9.78671674142875 6.53736990690231 6.06797234271653 6.05542160570621 6.06617938028648 6.45238348771818 7.0426984381862 6.74194692017045 6.88950772816315 7.06288719514851 7.08117541193496 7.35388499754481 7.70189900521655 7.7079950774787 7.68486586213112 7.441022971645 7.32770774606615 8.00554999961917 13.8549996903166 14.6285098855899 5.43541519739665 5.36889629124198 4.72468489012681
-9999 -9999 -9999 -9999 -9999 -9999 -9999 -9999 -9999 -9999 -9999 -9999 -9999 -9999 -9999 -9999 -9999 -9999 -9999 -9999 -9999 -9999 -9999 -9999 -9999 -9999 -9999 -9999 -9999 -9999 -9999 -9999 -9999 -9999 -9999 -9999 -9999 -9999 -9999 6.29065827652812 6.26017791521735 6.22324288915843 6.15941342664883 6.59151737228967 7.33559678075835 7.44217046760023 7.39584031840786 7.43083894504234 6.76633120921906 7.321790970047 7.38490324758459 7.33846552064642 7.3415135567775 7.162396610016 7.36374629091006 3.9673375596758 6.52015746757388 7.82407943392172 6.38245795294642 5.74631488276646 4.85019226022996 4.5012817713432
-9999 -9999 -9999 -9999 -9999 -9999 -9999 -9999 -9999 -9999 -9999 -9999 -9999 -9999 -9999 -9999 -9999 -9999 -9999 -9999 -9999 -9999 -9999 -9999 -9999 -9999 -9999 -9999 -9999 -9999 -9999 -9999 -9999 -9999 -9999 -9999 -9999 -9999 7.91952878497541 6.40182194719091 6.44808037788607 6.42907497612759 6.67736441344023 7.1425305862911 7.69777519162744 7.41902929916978 7.34970141854137 7.50628680409864 7.54411831137259 7.63609728403389 7.36518066085409 7.33147296716925 7.63520080281887 7.5686818966642 6.85508284950629 7.39512313343585 6.47497481433675 6.23113192385063 5.76998198684305 6.09199803927913 4.55005034944043 5.58835489267949
-9999 -9999 -9999 -9999 -9999 -9999 -9999 -9999 -9999 -9999 -9999 -9999 -9999 -9999 -9999 -9999 -9999 -9999 -9999 -9999 -9999 -9999 -9999 -9999 -9999 -9999 -9999 -9999 -9999 -9999 -9999 -9999 -9999 -9999 -9999 -9999 -9999 -9999 5.96874467908804 6.206389042316 6.82926419051364 6.60693684918806 6.89280677903444 7.72771766420919 7.70745718874969 7.78986174203455 7.92888804886024 7.68522445461713 8.06838052591775 8.04363764438313 7.68361078843009 7.53999449778348 7.41645938635338 7.27284309570678 7.23232214478776 6.02529983688146 6.0231482819654 6.78981901705265 5.42501601530239 5.33967100363225 5.06642352929339 4.86059144232422
-9999 -9999 -9999 -9999 -9999 -9999 -9999 -9999 -9999 -9999 -9999 -9999 -9999 -9999 -9999 -9999 -9999 -9999 -9999 -9999 -9999 -9999 -9999 -9999 -9999 -9999 -9999 -9999 -9999 -9999 -9999 -9999 -9999 -9999 -9999 -9999 -9999 7.89373219321267 8.38211309192702 6.61375010642223 6.61106066277716 7.62605669442564 7.87868510081898 7.84820473950822 7.85214925685432 7.93767356476746 7.6640674979426 7.73506881017238 8.118404177716 7.97012618475128 7.70602281880565 7.7397305124905 7.57101274782326 7.48172321880702 7.13406780362129 6.19527267524973 6.2020859324839 5.91987364599481 5.4852595529519 5.01980650611222 4.53176213265397 4.42597734928131
-9999 -9999 -9999 -9999 -9999 -9999 -9999 -9999 -9999 -9999 -9999 -9999 -9999 -9999 -9999 -9999 -9999 -9999 -9999 -9999 -9999 -9999 -9999 -9999 -9999 -9999 -9999 -9999 -9999 -9999 -9999 -9999 -9999 -9999 -9999 -9999 -9999 7.80645629892556 6.96940213404596 6.64595171166584 7.36026794379577 7.3374614616856 7.86143680224195 8.0186437481083 7.94190495610237 7.29507582983933 7.93329873643816 7.95649967028294 7.84479811089113 7.93946652719751 7.81811882993206 7.61852625221945 7.48064744134899 7.34420300042257 7.04621264454909 6.87337106629275 7.06127352896146 5.6803338653408 6.16801964631304 5.63013091729954 4.94808800891042 5.45854441274423
-9999 -9999 -9999 -9999 -9999 -9999 -9999 -9999 -9999 -9999 -9999 -9999 -9999 -9999 -9999 -9999 -9999 -9999 -9999 -9999 -9999 -9999 -9999 -9999 -9999 -9999 -9999 -9999 -9999 -9999 -9999 -9999 -9999 -9999 -9999 11.7427626593289 9.29407525684551 6.89624926690012 7.00181889478117 7.1663411273621 7.16885127476417 7.68888209797442 7.72302010264248 7.520630503539 7.46002837340347 7.56366160186008 8.0388683643192 8.02068772527855 7.84874262823723 7.76160465413705 6.87516402872279 6.9748527398333 7.63466291408986 7.35639514494687 6.90528579754755 6.17196416365914 4.98215429508127 4.6246375865303 5.88885539595503 5.8237708597444 5.48938336654101 5.51878795039374
-9999 -9999 -9999 -9999 -9999 -9999 -9999 -9999 -9999 -9999 -9999 -9999 -9999 -9999 -9999 -9999 -9999 -9999 -9999 -9999 -9999 -9999 -9999 -9999 -9999 -9999 -9999 -9999 -9999 -9999 -9999 20.4717418082329 18.4549995874986 -9999 -9999 11.1343368446503 6.31063700074862 6.59716520394431 6.81070702936267 7.03581346245483 7.07525863591582 7.85670338142663 8.02151248799637 7.55720693711191 7.63860743143596 7.98464918043464 7.79746390273795 7.93014312256128 7.8433637409471 7.64972379850224 7.34492018539459 7.30224767955951 7.28467664774507 7.33989989059046 6.5327082045842 6.98489332944155 5.88401439739391 5.90266120666638 5.02769554080442 5.12164677213877 5.50390636222437 5.42017501674127
-9999 -9999 -9999 -9999 -9999 -9999 -9999 -9999 -9999 -9999 -9999 -9999 -9999 -9999 -9999 -9999 -9999 -9999 -9999 -9999 -9999 -9999 -9999 -9999 -9999 -9999 -9999 -9999 11.8599997349083 9.80331702973988 8.44623715380085 7.44776451038197 8.43468275037594 6.65277175707053 9.55174957179198 9.43219739833148 8.07626956060994 6.69825840229169 7.46343500202056 7.7677724448964 8.08821069039404 8.04704427300021 8.10671406267211 8.11517684534192 7.8555558854714 7.86774802999571 7.75514998938888 7.73004851536825 7.8196966368705 7.87581636093091 7.2179784453474 5.85783714591525 7.39368876349181 6.80918301129714 7.40014342823997 6.5965376670938 6.46278266981244 5.30668049491942 5.28552353824489 5.12200536462478 6.00360499147791 5.51865988164874
-9999 -9999 -9999 -9999 -9999 -9999 -9999 -9999 -9999 -9999 -9999 -9999 -9999 -9999 -9999 -9999 -9999 -9999 -9999 -9999 -9999 -9999 15.4310479328657 8.4050988702802 8.2165389880538 7.14339120825753 6.29263053520117 6.46651203166693 7.43743704678491 6.91998808947392 7.27140872576274 7.83592294686241 7.07513910508715 6.81217128201388 7.295195360668 7.24881739914417 7.74343596817926 8.0585192325525 8.09968564994633 7.98357340297662 7.9233298653271 8.25968961720355 8.20855432869866 8.1143162233755 7.90862757340074 7.83475752128288 7.74869532464072 7.87994017452002 7.73004851536825 7.82184819178656 7.37934506405145 7.22515029506758 7.37002165941522 5.39130832161754 6.72437588835601 6.5529686800437 5.34540848340839 5.449400304351 8.13124178871512 15.3499996569008 -9999 -9999
-9999 -9999 -9999 -9999 -9999 -9999 -9999 -9999 -9999 -9999 -9999 -9999 -9999 -9999 -9999 -9999 -9999 -9999 -9999 -9999 -9999 9.78088491624938 7.71833449415863 7.65517440428957 7.74319690652192 7.89691355219111 7.48728140234016 7.28216650034301 7.66872920026071 7.56545456429012 7.84264655597508 7.89751120633446 7.76691182292998 7.34193191467784 7.24637897023931 8.02309029493481 8.02481153886765 8.15275733787566 8.13848535693251 8.26420788252726 8.10645109484904 8.11671367028196 8.26004820968956 8.19951779805124 7.8634449201636 7.58015685621649 7.73847543878946 7.73449506219476 7.82930691549555 7.65026168723125 7.4689931855537 7.38006224902347 7.23853774787858 7.12277214031201 7.36195332848001 9.91566971759312 15.4749996541068 -9999 -9999 -9999 -9999 -9999
-9999 -9999 -9999 -9999 -9999 -9999 -9999 -9999 -9999 -9999 -9999 -9999 -9999 -9999 -9999 -9999 -9999 6.88018432352692 9.0229675156924 9.19514707705149 8.5818252004683 7.49445325206034 7.49230169714428 7.51453443127684 7.63824883894995 7.65581987076439 7.61386454990134 7.71068452112377 7.41161838779226 7.90575883351266 7.70351267140359 8.03162479610182 8.35500349998474 7.67123934766278 8.0149143862538 7.83690907619894 6.86117892176844 8.14673298411071 6.92142245941795 7.95854364745319 7.77594835357741 7.65173191642389 7.87491987971589 7.80965604726225 7.83475752128288 7.91400646069087 7.71498763095587 7.51561020873487 7.48166345339268 7.32962023932487 7.65097887220327 8.55044292472303 14.2949996804819 -9999 -9999 -9999 -9999 -9999 -9999 -9999 -9999 -9999
-9999 -9999 -9999 -9999 -9999 -9999 -9999 -9999 -9999 -9999 -9999 -9999 -9999 -9999 -9999 -9999 -9999 8.48827240522951 8.73474497394636 7.69002959392965 7.46253852080554 7.57155063655227 7.69777519162744 7.80642871488817 7.67841119738296 7.44998778379522 7.76662494894117 7.86667225253768 7.92225408786908 7.98106325557455 7.49086732720025 8.41496016364545 7.80810214648955 8.47520370129496 8.46186406081542 7.50222275592387 8.21056244662032 8.44995879027993 8.01548813423142 7.65653705573641 8.11983854766004 8.01028854318429 8.04776145797223 7.90127642743755 7.79082994174678 7.60705129266717 7.7716452437453 7.2898762387922 7.22873621992767 8.08664882089943 7.22746735420794 15.7099996488541 -9999 -9999 -9999 -9999 -9999 -9999 -9999 -9999 -9999 -9999
-9999 -9999 -9999 -9999 -9999 -9999 -9999 -9999 -9999 -9999 -9999 -9999 -9999 12.401897672719 8.06763772719673 7.54501479258761 7.94233526708558 8.07931759674102 7.47652362775989 7.54322183015756 7.58732870593667 7.69526504422538 7.79710531025194 8.36475721560419 8.22490614606068 7.80427715997212 7.82937863399275 7.81611071201041 7.55971708451398 7.8157521195244 7.80893886229023 7.01358072832227 8.68533889809623 8.6960966726765 8.6480452795513 8.45770438797772 8.50016173832119 7.56653034174815 7.98859369778074 7.96528518619016 7.7239524431061 8.59497359162197 8.15533920377493 7.59593492560089 7.53138827811927 7.53067109314725 7.39584031840786 7.00999480346218 6.93469038140029 7.39799187332392 7.51417583879083 9.87222879928803 13.4199997000396 -9999 -9999 -9999 -9999 -9999 -9999 24.1648621082655 24.8649994442239 -9999
-9999 -9999 -9999 -9999 -9999 -9999 -9999 -9999 -9999 -9999 9.8449997799471 8.63480995688587 7.19461870625881 8.73189072264358 7.86631366005167 7.55469678970985 7.41376994270831 8.1503189089708 7.62533950945362 7.68307289970107 8.3253120421432 8.15533920377493 7.9349841211224 8.18474378762767 8.37981810001656 7.76196324662305 7.79746390273795 8.06820122967474 8.56485182279721 8.65521712927148 8.19105501538143 8.59855951648206 8.69968259753659 8.68175297323614 8.70972318714485 8.88973661512136 8.25980914803222 8.30121462708339 8.34596696933732 8.48703725333326 8.61648914078251 8.23136081080884 7.69454785925336 7.80033264262602 7.71355326101184 7.84221624499187 7.69017303092405 7.47867518267594 7.26387828355655 7.22572404304519 9.64070477397916 14.9581972558517 9.69717893028452 -9999 -9999 -9999 9.6096799908779 6.24422054958995 6.12965025031008 6.1065210349625 7.75775793474168 17.7899996023625
-9999 -9999 -9999 -9999 -9999 -9999 -9999 20.1587741109993 8.3465885296464 8.4490981683135 8.1661994333512 8.26664631143212 8.58722799392417 7.91532129980624 8.02983183367178 8.10370188578963 7.92512282775715 7.89679402136244 7.94018371216953 7.77092805877328 7.86416210513562 8.29016997851431 7.97066407348029 7.83870203862898 8.50245673023164 8.36690877052024 8.43504134286195 8.51966916956007 8.86535232607275 8.69681385764852 8.69322793278843 8.31641894849017 8.74199651088566 8.13346506212838 8.86965543590486 8.58120364015922 8.33822137163952 8.04130679322407 7.99002806772478 8.01118502439931 7.9789117006585 8.72693562647328 8.67027801368386 8.05306862676516 7.83726766868494 7.56670963799115 7.2936414598953 7.42273475485854 7.39817116956692 7.30744727060664 7.00999480346218 7.04872279195115 8.27860537084052 6.71958270212635 6.62142398562282 6.53844568436034 6.55117571761366 6.27488020714372 6.21589174319524 6.2340006637387 6.29496138636023 14.3216702061071
-9999 -9999 -9999 -9999 -9999 7.25192520068958 8.41657382983249 7.39010283863172 7.34420300042257 7.27284309570678 8.49361144891009 8.90515609201975 8.21988585125655 8.11560715632513 7.95632037403993 7.94950711680576 8.07429730193689 8.02337716892362 7.81826226692647 7.80391856748611 7.879222989548 7.98231832927559 8.57489241240546 8.67171238362789 8.73769340105355 8.59497359162197 7.84802544326521 7.76805931888521 8.0068819145672 8.67027801368386 8.79004790401086 8.81801811791956 8.97508162679151 8.87252417579293 8.91985838394612 7.87994017452002 8.90766623942181 8.5842158170417 8.73382060220465 8.67013457668945 8.62323067951947 7.97073579197749 7.96349222376011 7.88657413551118 8.36475721560419 7.68630023207515 7.54662845877465 7.41090120282024 7.35908458859194 7.29615160729736 7.29077272000723 7.22174366645049 7.07149341481272 6.85185551713221 6.66000853711739 6.08518478204496 6.67076631169766 6.3336893748492 6.5768150803633 6.69981230306439 6.02027954207733 7.38257239642553
-9999 -9999 -9999 -9999 -9999 7.52134768851101 7.93851028056815 8.09581285109743 8.09174880292267 8.2961465199478 8.58098848466761 7.58768729842268 8.03174432693049 8.1141727863811 8.27893408061936 8.37647123681381 8.53544723894447 8.39057587459683 8.46319085301366 8.7000411900226 8.68892482295632 8.94342303302671 8.69304863654543 8.84240240696818 8.81012908322737 7.96994688850828 7.98106325557455 8.05529190017842 8.20482496684417 7.82471693167463 8.78000731440261 8.78000731440261 8.83236181735992 9.01524398522452 8.79004790401086 8.92989897355437 8.91985838394612 8.88758506020531 8.75476240338758 8.67372050154954 8.60630511417985 7.88194829244167 8.21343118650839 7.49720246111974 7.92512282775715 7.81234549090732 7.75550858187489 7.58768729842268 7.47186192544177 7.31139178795274 7.68952756444924 7.1744094582973 7.3137226391118 6.76400035806 6.84504225989804 6.96122622536495 6.90636157500558 6.78946042456664 6.59438611217774 6.82818841305561 6.71021148515865 6.23722799611278
-9999 -9999 -9999 -9999 -9999 8.16633604001254 8.24235764704645 7.83045441145077 7.99504836252891 8.01853617036249 8.6468499712646 8.99181594280526 8.91465879289899 8.87306206452195 8.36356190731749 8.76088238181546 8.70613726228476 8.56327401585877 8.56499525979161 9.05766035356958 9.09700307203457 8.38698994973674 8.16000090609305 8.22096162871458 8.39487898442894 8.4131672012154 8.29232153343037 8.56183964591473 8.11230810545385 8.60730917314067 8.64675434660166 8.62997221825644 8.9349192683585 8.708001943212 8.11517684534192 8.70585038829595 8.48954740073532 8.47663807123899 8.85344705553725 8.65091401943937 8.67296745732892 8.57094789505936 8.56252097163815 8.55499052943196 8.21056244662032 8.27134387299884 8.08864100137725 8.02355646516662 7.6242637319956 7.64147617132403 7.61529891984537 7.59378337068483 7.39942624326795 7.41125979530625 7.49481184454635 7.30332345701754 7.24236273439601 7.33236944838427 7.04047516477294 7.03688923991285 6.67757956893183 6.49218725366518
-9999 -9999 -9999 -9999 -9999 8.118404177716 8.06210515741259 7.96636096364819 8.15318764885888 8.61915297067857 8.56933422887232 9.2338419646956 8.68576920907944 8.74988554557785 9.31115450467914 8.37594530116767 8.7890916573815 8.4013336491771 8.78335417760536 8.43486204661895 8.70308922615368 8.23243658826686 7.66119875805452 8.60692667448893 8.61189915696159 8.58737143091857 8.6443159176968 8.61003447603434 8.62667316738516 8.3213675247971 8.44393443651497 8.68820763798431 7.56007567699999 7.54501479258761 8.82031310983002 8.80812096530572 8.72750937445089 8.84921566420235 8.85746329138055 8.80510878842324 8.67870493710507 8.42733160441276 8.62240591680165 8.41245001624338 8.31132693518884 8.39595476188697 8.29841760569252 8.37838373007253 7.8236411542166 7.87276832479984 7.87169254734181 7.7716452437453 7.2167831370607 7.8516113681253 7.44209874910302 7.3933301710058 6.81778923096135 7.40372935310006 7.39117861608975 7.0107119884342 6.80810723383911 7.13478498859331
-9999 -9999 -9999 -9999 -9999 8.09653003606945 8.17183445813134 8.5605487129651 8.60089036764111 8.52325509442016 8.52917187043931 8.65772727667354 7.14582963716239 9.69011504389346 9.36809899145737 8.32997374446131 8.57435452367645 8.84509185061324 8.48572241421789 8.77929012943059 8.44962410395965 8.92000182094052 8.80582597339526 8.61385946255177 8.68720357902348 8.68189641023055 8.6400128078647 8.72980436636135 8.69767447961494 8.67357706455514 8.75418865540996 7.77021087380126 7.89356668898836 7.76447339402512 7.7637562090531 8.78251746180467 8.84268928095698 7.39512313343585 7.84264655597508 7.95237585669383 8.35973692080006 8.11775871124119 8.69824822759256 8.61917858442757 8.4531502634054 8.50604265509173 8.43522063910495 8.2098452616483 8.14027831936255 8.38161106244661 7.92691579018719 7.91579942312092 7.61470126570202 7.23375651473179 7.35711232991889 7.27320168819278 7.29471723735332 7.5048524341546 6.9988784363959 7.15343179786578 6.82639545062557 6.62630084343255
