EcologicalScience/Bass/data/rs_data_bass/sst_507.asc
NCOLS 226 
NROWS 124 
XLLCORNER -9.41648524995501 
YLLCORNER 47.587301625531 
CELLSIZE 0.0833 
NODATA_value -9999 
[rows 81 to 107 of 124, columns 62 to 123 of 226]
15.4130120589398 -9999 -9999 -9999 -9999 -9999 -9999 -9999 -9999 -9999 -9999 -9999 -9999 -9999 -9999 -9999 -9999 -9999 -9999 -9999 -9999 -9999 -9999 -9999 -9999 -9999 -9999 -9999 -9999 -9999 -9999 -9999 -9999 -9999 -9999 -9999 -9999 -9999 -9999 -9999 -9999 -9999 -9999 -9999 -9999 -9999 -9999 -9999 -9999 -9999 -9999 -9999 -9999 -9999 -9999 -9999 -9999 -9999 -9999 -9999 -9999 -9999
7.58132380125571 -9999 -9999 -9999 -9999 -9999 -9999 -9999 -9999 -9999 -9999 -9999 -9999 -9999 -9999 -9999 -9999 -9999 -9999 -9999 -9999 -9999 -9999 -9999 -9999 -9999 -9999 -9999 -9999 -9999 -9999 -9999 -9999 -9999 -9999 -9999 -9999 -9999 -9999 -9999 -9999 -9999 -9999 -9999 -9999 -9999 -9999 -9999 -9999 -9999 -9999 -9999 -9999 -9999 -9999 -9999 -9999 -9999 -9999 -9999 -9999 -9999
-9999 -9999 -9999 -9999 -9999 -9999 -9999 -9999 -9999 -9999 -9999 -9999 -9999 -9999 -9999 -9999 -9999 -9999 -9999 -9999 -9999 -9999 -9999 -9999 -9999 -9999 -9999 -9999 -9999 -9999 -9999 -9999 -9999 -9999 -9999 -9999 -9999 -9999 -9999 -9999 -9999 -9999 -9999 -9999 -9999 -9999 -9999 -9999 -9999 -9999 -9999 -9999 -9999 -9999 -9999 -9999 -9999 -9999 -9999 -9999 -9999 -9999
-9999 -9999 -9999 -9999 -9999 -9999 -9999 -9999 -9999 -9999 -9999 -9999 -9999 -9999 -9999 -9999 -9999 -9999 -9999 -9999 -9999 -9999 -9999 -9999 -9999 -9999 -9999 -9999 -9999 -9999 -9999 -9999 -9999 11.3199997469783 11.209999749437 11.1449997508898 -9999 -9999 -9999 -9999 -9999 -9999 -9999 -9999 -9999 -9999 -9999 -9999 -9999 -9999 -9999 -9999 -9999 -9999 -9999 -9999 17.2699996139854 11.1598661132157 10.2846613856964 10.2193975532427 10.5198980565183 11.4582150615752
-9999 -9999 -9999 -9999 -9999 -9999 -9999 -9999 -9999 -9999 -9999 -9999 -9999 -9999 -9999 -9999 -9999 -9999 -9999 -9999 -9999 -9999 -9999 -9999 -9999 -9999 -9999 -9999 -9999 -9999 -9999 -9999 -9999 16.7499996256083 10.4141132731456 9.44926042412408 9.51713002864271 9.47485709729205 8.32638781960122 16.1132236532867 17.9591445315286 -9999 10.7700000158511 12.8166972731054 9.74533828673884 10.1847037302214 9.26482435548678 9.2576525057666 9.85219884756953 10.5179514115942 10.8847061456181 10.588747813832 8.62186802807264 -9999 12.1373294646619 9.75466169137508 10.3047425649129 10.8203985597938 11.3396404795349 11.6530503123067 11.7061220002361 11.8560136593878
-9999 -9999 -9999 -9999 -9999 -9999 -9999 -9999 -9999 -9999 -9999 -9999 11.1258169028775 11.6022838617875 10.573830366414 11.145283352118 10.8433484788984 10.7883642977104 13.4121257524239 -9999 -9999 -9999 -9999 -9999 -9999 11.894999734126 -9999 11.7287645543526 8.10346282413229 10.0652027842589 7.79764319898095 8.61254462343641 10.0949659605976 9.50995817892253 16.5699996296316 -9999 10.5772728542797 10.2454552738927 9.54094056971371 9.55098115932196 9.19023711839691 9.20529800280929 10.3072527123149 9.93754385923967 9.91315957019106 10.6224555075169 11.0599383404478 10.9638355541974 10.2918332354166 11.2700735372491 10.9975432478823 11.3924048024762 10.6956083746627 10.4826044379734 9.87012847186998 10.5952024785802 10.8576921783388 11.6279488382861 11.7857295321301 11.943510225974 11.9470961508341 11.8911557230167
-9999 -9999 -9999 -9999 -9999 -9999 -9999 -9999 -9999 16.4596981863202 12.2114983438514 10.4711294784211 11.2686391673051 11.3697622483596 11.1904660053551 11.2872859765776 11.2327799187042 10.9043092015199 10.9390926726628 11.0289559496567 13.8777892774619 7.70527575112646 10.9753105137497 10.4101687557995 11.0552766381297 11.1959770056664 -9999 10.3884141449817 9.02887049969286 10.4202093454078 10.4202093454078 10.5299386461265 10.5863571972586 10.3430402424186 15.4927561974951 16.3849996337667 15.8799996450543 9.81633959896863 9.5603045639582 9.45559555804357 9.44842370832339 9.44770652335137 10.907177941408 10.9351481553167 10.9225974183064 11.1302224677056 10.9186529009603 11.3001953060739 12.0467848619446 12.0116427983157 12.0969878099859 11.5311288670637 11.7125766649842 11.622928543482 11.6186254336499 11.7097079250962 11.742698433809 11.7799920523539 11.8667714339681 11.8968932027929 11.9270149716176 11.8086794512346
-9999 -9999 -9999 -9999 -9999 -9999 -9999 -9999 14.7849996695295 11.0163334941491 10.6525772763416 10.7094739507884 11.6659596418031 11.5296944971196 11.4672994045541 11.4393291906454 11.4873805837706 11.3798028379679 11.0455946410075 11.3798028379679 10.9297692680266 10.4101687557995 10.6446882416494 10.8053376753815 10.8964201668277 10.9588152593933 10.8469344037585 10.6339304670691 10.8505203286186 10.7960142707452 10.7651753169484 10.7242957735434 10.747245692648 10.8763389876112 9.98918117722496 9.80952634173445 9.81956693134271 9.82602159609087 9.58468885300681 9.3853114307858 9.28777427459136 10.1749320849776 11.3245795951225 11.7548905783333 11.7921841968782 12.2533341338858 11.9779351046309 11.6666768267751 12.0571840440389 12.0109256133437 11.9542680005543 11.9879756942391 11.9743491797708 11.9607226653025 11.9306008964777 12.0109256133437 11.9341868213378 11.9313180814497 11.9234290467575 11.8689229888842 11.7677999078296 11.7685170928016
-9999 -9999 -9999 -9999 -9999 -9999 -9999 -9999 10.3800469869748 11.0448774560355 11.3550599564333 10.309762859717 11.6071504740976 11.7548905783333 11.503875838127 11.4077730518766 11.5526444162242 11.3001953060739 11.2693563522771 11.2514267279766 10.9674214790575 11.1524552018382 11.1230506179854 11.0714133000001 11.1087069185451 11.0434430860914 10.9365825252607 11.027665016707 11.3202764852904 11.3582872888073 11.0871913693845 11.1252021729015 11.105838178657 11.1632129764184 11.3683278784156 10.7049317792989 9.99312569457106 11.1947691151872 9.92786186211742 10.4220023078378 10.5030442096759 10.7917111609131 11.4877391762566 11.743057026295 11.7799920523539 11.7878810870461 10.3574556603562 11.5885036648251 11.6699041591492 11.5906552197412 11.9047822374851 12.0697347810492 12.060411376413 12.1665547522716 12.1744437869638 12.1328470585868 12.0087740584277 11.861033954192 11.9191259369254 11.8445386998355 11.6939298557118 11.6666768267751
-9999 9.40499978978187 -9999 -9999 -9999 -9999 -9999 9.59999978542328 9.78634822741151 10.9351481553167 11.4389705981594 11.5648365607485 11.6451612776145 10.9996948027983 11.741981248837 11.624721505912 11.5576647110283 11.4328745258972 11.4759056242183 11.4063386819325 11.0592211554758 11.2119815545157 11.1646473463625 11.0721304849721 10.8978545367718 11.2621845025569 11.3367717396468 11.6100192139857 11.70397044532 11.6731314915232 11.6415753527544 10.9885784357321 10.8440656638704 11.6666768267751 11.662373716943 11.701818890404 11.625080098398 10.1555680907331 10.2409131024033 11.1553239417262 11.0606555254199 11.1929761527572 12.259788798634 12.3551743999124 12.380993058905 11.9858241393231 11.8753776536323 12.7998290825635 12.8098696721718 12.6449171286076 12.4247413421981 12.3286385559477 12.1959593361244 12.1500594979152 12.0310067925602 12.0883815903217 11.9463789658621 11.8581652143039 11.9879756942391 11.8122653760947 11.5755943353288 11.584917739965
11.5163548566401 11.6763588238973 11.2299111788161 11.6368158524856 14.8063275542771 -9999 16.1899624452926 11.6405712937936 11.1338083925657 11.2033753348514 11.5798974451609 11.8043763414025 11.8990447577089 11.4500869652256 11.5619678208604 11.3640247685835 11.3181249303743 12.1249580238946 11.6752830464393 11.6315347631462 11.2442548782565 11.5806146301329 11.425702676177 11.4400463756174 11.4952696184628 11.4421979305334 11.5296944971196 11.6982329655439 12.0188146480359 12.0489364168607 11.8954588328488 11.9686116999947 11.9349040063098 11.9069337924011 11.9270149716176 11.8036591564305 11.8294778154232 11.7921841968782 11.9334696363658 12.0686590035912 11.9872585092671 11.8352152951993 11.7599108731374 12.1041596597061 12.4763786601834 11.9298837115057 12.3365275906399 12.7718588686548 12.2813043477945 12.2777184229344 12.0109256133437 12.1981108910404 12.221060810145 11.982955399435 11.9750663647428 11.8603167692199 11.7563249482773 11.7792748673819 11.9112369022332 11.6989501505159 11.6609393469989 11.5569475260563
11.3970152772963 11.6501815724187 11.4285714160651 11.3661763234995 11.4300057860091 11.465147849638 11.1610614215024 10.746528507676 11.5404522716999 11.6616565319709 11.8380840350874 11.7670827228576 11.4895321386866 11.2456892482005 11.3295998899266 11.3625903986394 11.3209936702624 11.6702627516352 11.5755943353288 11.4981383583508 11.623645728454 11.6322519481182 11.6049989191815 11.6602221620269 11.8115481911227 11.8667714339681 12.0353099023923 11.9126712721772 11.9384899311699 11.9664601450786 11.9227118617855 11.8000732315704 11.9664601450786 12.0532395266928 12.0539567116648 12.5143894637004 11.5547959711403 12.0726035209373 12.2059999257326 12.2683950182982 12.2526169489138 12.2167577003129 12.1751609719358 12.4096804577857 12.5939969955944 12.5423596776091 12.5186925735325 12.658543643076 11.7749717575498 12.1385845383629 12.10200810479 12.1127658793703 12.0890987752937 12.1249580238946 11.9399243011139 11.7344508066308 12.140018908307 12.0202490179799 11.9951475439593 11.6171910637058 11.6315347631462 11.2915890864097
11.7728202026337 11.7355265840888 11.6881923759356 11.6702627516352 11.6552018672228 11.5418866416439 11.6301003932022 11.8280434454791 11.982238214463 11.9700460699387 11.9521164456382 11.9729148098268 11.4350260808133 11.2894375314936 12.0991393649019 12.0855128504336 12.2332529546693 12.2624184768647 12.2466404074803 12.1364329834469 11.5877864798531 11.7520218384452 11.664525271859 11.7348093991168 12.0546738966368 12.0051881335676 11.8258918905631 11.8373668501154 12.1213720990345 11.8868526131846 12.0826441105455 12.0984221799299 11.9650257751346 11.8947416478768 12.2043264941312 12.5177363269031 12.5246691149659 12.540925307665 12.433108500205 12.1973937060684 12.1328470585868 12.1751609719358 12.3049714518711 11.6494643874466 12.3774071340449 12.3350932206959 12.3200323362835 12.5301675330848 12.5115207238123 12.0528809342068 12.0263450902421 11.943151633488 12.5065004290082 11.8040177489165 11.7853709396441 11.6602221620269 11.3181249303743 11.6946470406838 11.2705516605638 11.2150893560611 10.9318491044454 11.2571642077528
11.7383953239769 11.6673940117471 11.8844619966112 11.7520218384452 11.8323465553112 11.8940244629048 11.2499923580326 12.1791054892819 11.6673940117471 11.823023150675 11.9219946768135 11.941358671058 11.9392071161419 11.4508041501977 12.2913449374028 12.2540513188578 12.1039205980487 12.0804925556295 12.1142002493143 12.2705465732142 11.8144169310108 11.7333750291727 11.7742545725778 11.6946470406838 11.6967985955998 11.9614398502745 11.8438215148635 12.1866359314881 12.1235236539505 12.1332056510728 12.619815654587 12.1450392031111 12.4773349068128 11.4099246067926 11.544755381532 12.5547908837907 12.3862524153665 12.4861801881343 12.6696600101423 11.9664601450786 12.3099917466752 12.2540513188578 12.2949308622628 11.6082262515556 12.3829055521637 12.3601946947165 12.3716696542688 12.2246467350051 12.0862300354056 12.3558915848844 11.9750663647428 12.3064058218151 12.3637806195766 11.5002899132669 11.5641193757765 11.3763603501022 10.828646186972 11.5339976069517 11.2530045349151 11.1121494064108 10.4252296402119 10.0623340443708
12.247835715767 12.2275154748932 12.0922543891706 12.1348551765084 11.7599108731374 11.9148228270933 11.5748771503568 12.3280648079701 12.3444166253321 12.2425763593055 11.982238214463 12.1041596597061 12.0439161220565 12.0137943532318 11.8509933645837 11.8373668501154 12.5327972113155 12.4867778422777 12.3433408478741 11.6107363989577 11.7477187286131 11.9865413242951 11.8416699599475 11.8588823992759 11.8115481911227 11.9750663647428 12.4545045185369 12.2336115471553 12.578577518696 12.4573732584249 12.738868359942 12.7230902905576 12.5549104146194 12.5699712990317 12.5567033770494 12.4631107382011 12.4749442902394 12.4347819318064 12.4907223596238 12.5154652411584 12.5075762064662 12.3190760896541 12.0467848619446 12.0808511481155 12.2949308622628 11.9980162838474 12.1045182521921 11.983313991921 11.983313991921 11.9144642346073 10.6798303052783 11.6085848440416 11.6171910637058 11.4569002224598 11.3656982001849 10.9410051659215 11.4669408120681 10.3401715025306 9.97426372980699 9.84115419900045 10.1923835859634 9.78502252185717
12.1098971394822 11.9542680005543 12.1450392031111 12.3702352843247 12.0862300354056 12.0439161220565 12.2748496830463 12.0797753706574 12.2002624459565 12.0310067925602 12.1651203823276 12.1873531164601 12.0302896075882 11.9951475439593 12.0948362550698 12.6286609359086 12.2234514267184 12.2284119561082 12.3640674935654 12.3849375762511 11.7398296939209 12.1249580238946 12.1149174342863 12.0001678387634 11.7147282199003 11.8359324801713 11.8251747055911 12.5850321834441 12.2307428072672 12.2147495823912 12.458807628369 12.2891933824867 12.4817575474735 11.1146834599786 12.4580904433969 12.3741798016708 12.3956953508314 12.2963652322069 11.384823132772 12.2777184229344 12.2617012918927 12.3264870010316 11.8753776536323 12.0348317790776 12.0594551297836 12.1349986135028 11.8337809252553 11.8997619426809 11.8452558848076 11.7534562083893 11.7340922141448 11.6164738787338 11.2625430950429 9.84656382278938 10.8460737817921 10.690014331881 11.1711020111106 11.354440569412 10.2865738789551 9.93395793437958 10.1985991890542 11.1297443443909
12.5201269434765 12.2002624459565 12.1701406771317 12.1852015615441 12.1299783186987 12.0776238157414 12.0697347810492 11.8796807634644 12.3049714518711 12.220343625173 12.182332821656 12.2124545904808 12.2777184229344 12.2834559027106 12.2153233303688 12.7539292443544 12.02383494284 12.3919898951426 12.2447279142216 12.4935910995118 11.9241462317295 11.8689229888842 12.1213720990345 12.0059053185396 11.9370555612259 12.0353099023923 12.1622516424395 12.2257225124631 12.2637333159801 12.3490783276502 12.5359050128609 12.4860606573056 12.3533814374823 11.7272072384134 11.617621374689 12.18197422917 11.0800195196643 11.1108584734611 12.0541957733221 11.917452505324 11.7697124010883 11.6284269616008 11.9150618887506 11.9537898772396 11.9425539793447 11.8925900929607 11.6942884481978 11.7132938499562 11.4656259729527 11.3414334419649 11.0295775099657 10.82613603957 10.1319009866565 10.5387497757828 11.1351403075137 10.4009887881577 16.4500137161464 17.1499996166676 -9999 -9999 -9999 -9999
12.5325581496581 12.3934242650867 12.407050779555 12.4706411804073 12.4596443441696 12.3243354461156 12.3207495212555 12.4680115021765 12.1084627695382 12.259788798634 12.7496261345223 12.2346873246133 12.3953367583454 12.3508712900802 12.301385527011 12.3702352843247 12.0697347810492 12.6590217663907 12.5913673173636 12.4390850416385 11.3838668861426 12.4552217035089 12.154840731062 12.0519485937431 11.9800866595469 11.9718390323687 12.1321298736148 11.8058107113466 12.299951157067 11.8484832171816 12.3705938768107 12.2120959979948 11.6559190521948 11.267595989164 11.5963926995173 11.7269203644246 11.9459008425474 12.0874253436923 11.8585238067899 11.4656259729527 11.503517245641 11.8658151873387 11.7936185668223 11.8199153491296 11.8433433915488 11.6465956475586 11.5452335048467 11.3073671557941 11.2484145510942 10.9767448836938 10.3848623717869 10.8555406234227 10.3429924300872 13.9210499883629 16.8465126878582 13.8649996900931 -9999 -9999 -9999 -9999 -9999 -9999
12.7618182790466 12.6848404253833 12.6181422229856 12.5186925735325 12.5251472382806 12.7651651422493 12.5884985774755 12.8835006626323 12.8256477415562 12.8435773658566 12.0453504920006 11.7754498808645 12.4724341428373 12.7553636142984 12.5846735909581 12.4835505099036 12.50004576426 11.7902717036195 11.9248634167016 12.4775739684701 12.2447279142216 12.022400572896 12.1048768446781 11.742698433809 12.090055021923 11.9790108820889 11.9133884571493 11.7602694656234 11.6732510223519 16.1749996384606 -9999 16.7249996261671 16.7249996261671 -9999 -9999 16.8099996242672 10.8766463525992 11.1573320596479 11.3001953060739 11.3912777975202 11.5868302332237 11.4145863091107 11.9074119157158 11.6991892121732 11.303243342205 11.0761945331469 10.8734702477232 10.7329019932076 10.7682831184939 9.96503594983369 9.60094504570588 9.86510817706585 10.0212154393084 -9999 -9999 -9999 -9999 -9999 -9999 -9999 -9999 -9999
12.8827834776603 13.0300454585813 12.8574429419823 12.3099917466752 12.5983001054265 12.6298562441953 12.5964354244992 12.8636585450731 12.6157516064122 12.0403301971965 12.5873032691889 12.7233293522149 11.4315835929476 11.7101382360794 12.8175196452066 12.5172582035884 12.5473799724132 12.4857020648196 12.180898451712 12.0568254515529 12.6549577182159 12.2648090934381 11.9786522896029 11.8251747055911 11.9265846606344 11.8983275727369 11.823023150675 11.8115481911227 11.8684448655695 11.3449997464195 -9999 -9999 -9999 -9999 16.3799996338785 12.3421140841061 10.3681417164393 10.7748573140707 10.8924756494816 10.9955709892092 10.9423200050369 11.9693288849667 12.0102084283717 11.2051682972815 11.1173131382093 10.9686167873442 10.707800519187 10.5686666346155 11.0951828590727 10.7320413712412 8.97006133198738 9.64913304549243 9.38441494957078 -9999 -9999 -9999 -9999 -9999 -9999 -9999 -9999 -9999
13.0608844123781 13.0257423487492 12.9449395085685 12.8710694564506 12.4699239954352 12.4684896254912 12.8698741481639 12.8385570710525 12.9690847359598 12.5597514131805 12.3946195733733 12.2963652322069 12.8738784309244 12.938604374649 12.3920377074741 12.6348765389994 12.9235434902366 12.7923703588545 9.84416637588292 15.1212031544918 13.633260383959 12.6865138569847 12.4088198358193 11.6675733079901 11.6093020290136 11.6688283816911 11.7599108731374 11.6817377111875 11.5644779682625 12.7799997143447 -9999 -9999 -9999 -9999 -9999 17.1549996165559 9.91997282742523 10.4296761870384 11.2991195286158 10.4962309524417 10.4467451893725 10.1558549647219 10.7711518583819 10.5105746518821 10.6258023707196 10.7152114305645 10.9930352280582 10.3497817811556 10.3690023384057 10.8117923401296 9.25442517339252 10.0319254015572 10.1104750856175 19.2699995692819 -9999 -9999 -9999 -9999 -9999 -9999 -9999 -9999
13.1614696047036 13.1309892433928 12.2748496830463 12.4799645850435 12.3867305386811 12.3286385559477 13.016598240356 13.0639324485091 13.0723593719304 12.6470686835237 12.4132663826458 12.3601946947165 12.8500320306048 12.2877590125427 12.50004576426 12.8012634525076 12.7094637760893 12.8412465146976 12.459883405827 12.4046601629816 12.619098469615 11.984184859387 12.5218481874093 11.966603582073 11.5698568555526 10.9301278605126 10.6781568736769 11.1345255775377 11.2783537637442 12.3636098612499 15.5699996519834 24.7149994475767 -9999 -9999 -9999 -9999 13.7102236860432 10.3288877923042 13.7195470906794 11.8978862281387 9.61194188194349 9.87557907765731 11.1148029908072 10.257647418417 10.1799523797818 9.83833327144384 10.6450468341354 11.1591147765783 11.0389350662673 9.03891108930111 8.77498701959848 10.2941151876003 9.57500685588457 9.86999977938831 -9999 -9999 -9999 -9999 -9999 -9999 -9999 -9999
12.579653296154 13.0979389692657 13.0479750828817 12.8113040421158 12.9547410365194 12.4347819318064 12.7037262963131 12.8041321923956 12.6456343135796 12.7616389828036 12.4813989549875 12.5272987931967 12.6784813852981 12.7443189657293 12.6929685217328 12.7718588686548 12.915869611036 12.7874935010448 12.459883405827 12.5715849652188 12.6327249840833 12.1608172724955 12.544902424328 11.8500371179543 11.2611485687084 11.7471971395425 9.87945187650621 10.1264025685377 10.0857620867901 10.2357135113562 16.4899996314198 -9999 -9999 -9999 -9999 -9999 -9999 -9999 -9999 -9999 -9999 -9999 -9999 -9999 -9999 -9999 13.6378129494336 10.6343402870532 10.3440852833779 11.0879802728537 15.6505242425741 14.1549996836111 -9999 -9999 -9999 -9999 -9999 -9999 -9999 -9999 -9999 -9999
13.3461447349982 13.1366669577546 12.9203161578625 12.9511551116593 12.939680152107 13.1745582304429 13.176530489116 12.7897884929553 12.7761619784869 12.6284218742512 12.259788798634 12.0109256133437 12.0647144862451 12.5072176139802 12.6070497620851 12.7499130085111 12.4871364347637 12.8563432583585 12.4448225214146 12.5165410186164 12.2687536107842 11.8119067836087 12.1402579699643 12.151795840479 17.2943895556229 16.804999624379 10.9394512651488 10.2820317074656 11.1402630573139 11.1101412884891 9.85949022811837 17.2049996154383 18.8797134553481 -9999 -9999 -9999 -9999 -9999 -9999 -9999 -9999 -9999 -9999 -9999 -9999 -9999 -9999 -9999 -9999 -9999 -9999 -9999 -9999 -9999 -9999 -9999 -9999 -9999 -9999 -9999 -9999 -9999
13.3579782870365 13.2365947305225 13.1775465011597 13.0878983796574 13.17617189663 13.2516556149349 13.1880054486683 13.1322443170939 12.9957998761674 12.5344706429169 12.3759727641009 12.2110202205367 12.380993058905 12.6135044268332 12.4347819318064 12.4132663826458 12.4426709664986 12.500404356746 12.3793196273036 12.090055021923 11.8126239685807 11.7685170928016 11.8402355900034 11.3754997281358 11.1890316354111 10.9301278605126 11.3331858147867 11.4149449015968 11.5600118618459 11.0800195196643 10.1640547795687 10.0078279864974 7.71999982744455 -9999 -9999 -9999 -9999 -9999 -9999 -9999 -9999 -9999 -9999 -9999 -9999 -9999 -9999 -9999 -9999 -9999 -9999 -9999 -9999 -9999 -9999 -9999 -9999 -9999 -9999 -9999 -9999 -9999
13.4187597134151 13.282016445417 13.2879929868504 13.215796366334 13.3183538173325 13.1519669038244 13.1652348258067 13.1290169847198 12.9564144681208 12.8471632907167 11.9449445959181 12.4147007525899 12.2153233303688 12.140018908307 12.2777184229344 12.2906277524307 12.2153233303688 12.2691122032702 12.1973937060684 12.0697347810492 11.662373716943 11.5748771503568 11.2134159244597 11.186880080495 10.3530330196954 11.5191757841967 11.1906253797933 9.85090791461989 9.86984159788117 10.4101687557995 10.390087576583 13.7725709662773 -9999 -9999 -9999 -9999 -9999 -9999 -9999 -9999 -9999 -9999 -9999 -9999 -9999 -9999 -9999 -9999 -9999 -9999 -9999 -9999 -9999 -9999 -9999 -9999 -9999 -9999 -9999 -9999 -9999 -9999
13.3078351044096 13.2413759636693 13.2177088595927 13.3242705933517 13.2330088056624 12.9693237976171 13.1143146927934 12.9193599112332 12.3202713979408 12.7328918185085 12.6334421690553 11.7785576824099 11.6602221620269 11.8603167692199 13.1636211596197 12.0489364168607 12.1457563880831 12.1163518042304 12.062742227572 11.4403651244938 12.143604833167 11.226325253956 11.2392345834523 11.1926175602712 11.0950804040767 11.5698568555526 11.3030640459619 10.8718565815361 10.7250129585154 10.7788018314168 9.98487806739286 12.0086374517663 13.5171646109947 13.3949997005984 -9999 -9999 -9999 -9999 -9999 -9999 -9999 -9999 -9999 -9999 -9999 -9999 -9999 -9999 -9999 -9999 -9999 -9999 -9999 -9999 -9999 -9999 -9999 -9999 -9999 -9999 -9999 -9999
