EcologicalScience/Bass/data/rs_data_bass/sst_439.asc
NCOLS 226 
NROWS 124 
XLLCORNER -9.41648524995501 
YLLCORNER 47.587301625531 
CELLSIZE 0.0833 
NODATA_value -9999 
[rows 0 to 26 of 124, columns 0 to 61 of 226]
-9999.000000000000000 -9999 -9999 -9999 -9999 -9999 -9999 -9999 -9999 -9999 -9999 -9999 -9999 -9999 -9999 -9999 -9999 -9999 -9999 -9999 -9999 -9999 -9999 -9999 -9999 -9999 -9999 -9999 -9999 -9999 -9999 -9999 -9999 -9999 -9999 -9999 -9999 -9999 -9999 -9999 -9999 -9999 -9999 -9999 -9999 -9999 -9999 -9999 -9999 -9999 -9999 -9999 -9999 -9999 -9999 -9999 -9999 -9999 -9999 -9999 -9999 -9999
-9999 -9999 -9999 -9999 -9999 -9999 -9999 -9999 -9999 -9999 -9999 -9999 -9999 -9999 -9999 -9999 -9999 -9999 -9999 -9999 -9999 -9999 -9999 -9999 -9999 -9999 -9999 -9999 -9999 -9999 -9999 -9999 -9999 -9999 -9999 -9999 -9999 -9999 -9999 -9999 -9999 -9999 -9999 -9999 -9999 -9999 -9999 -9999 -9999 -9999 -9999 -9999 -9999 -9999 -9999 -9999 -9999 -9999 -9999 -9999 -9999 -9999
-9999 -9999 -9999 -9999 -9999 -9999 -9999 -9999 -9999 -9999 -9999 -9999 -9999 -9999 -9999 -9999 -9999 -9999 -9999 -9999 -9999 -9999 -9999 -9999 -9999 -9999 -9999 -9999 -9999 -9999 -9999 -9999 -9999 -9999 -9999 -9999 -9999 -9999 -9999 -9999 -9999 -9999 -9999 -9999 -9999 -9999 -9999 -9999 -9999 -9999 -9999 -9999 -9999 -9999 -9999 -9999 -9999 -9999 -9999 -9999 -9999 -9999
-9999 -9999 -9999 -9999 -9999 -9999 -9999 -9999 -9999 -9999 -9999 -9999 -9999 -9999 -9999 -9999 -9999 -9999 -9999 -9999 -9999 -9999 -9999 -9999 -9999 -9999 -9999 -9999 -9999 -9999 -9999 -9999 -9999 -9999 -9999 -9999 -9999 -9999 -9999 -9999 -9999 -9999 -9999 -9999 -9999 -9999 -9999 -9999 -9999 -9999 -9999 -9999 -9999 -9999 -9999 -9999 -9999 -9999 -9999 -9999 -9999 -9999
-9999 -9999 -9999 -9999 -9999 -9999 -9999 -9999 -9999 -9999 -9999 -9999 -9999 -9999 -9999 -9999 -9999 -9999 -9999 -9999 -9999 -9999 -9999 -9999 -9999 -9999 -9999 -9999 -9999 -9999 -9999 -9999 -9999 -9999 -9999 -9999 -9999 -9999 -9999 -9999 -9999 -9999 -9999 -9999 -9999 -9999 -9999 -9999 -9999 -9999 -9999 -9999 -9999 -9999 -9999 -9999 -9999 -9999 -9999 -9999 -9999 -9999
-9999 -9999 -9999 -9999 -9999 11.7219000696205 11.9069337924011 12.247835715767 11.8811151334085 12.42187260231 12.3200323362835 11.904065052513 12.0403301971965 12.0302896075882 11.8158513009548 11.5791802601889 11.4931180635467 11.4723196993582 11.6690674433485 9.45989866787568 11.8151341159828 12.1988280760124 11.6795861562714 11.6324910097755 9.95780433469918 11.238278336823 10.6427757483907 10.9657480474561 10.9896542131901 10.8082064152695 10.905743571464 10.3361552666873 9.62255621952936 10.4131078079398 12.3249997245148 8.21999981626868 11.1322414993116 12.2299997266382 11.0099997539073 10.6726360435277 9.6442152056843 10.3133487845771 10.0496040111175 11.1649997504428 -9999 -9999 -9999 -9999 -9999 -9999 -9999 -9999 -9999 -9999 -9999 -9999 -9999 -9999 -9999 -9999 -9999 -9999
-9999 -9999 -9999 -9999 -9999 11.4025136954151 11.3475295142271 11.6191035569645 12.1349986135028 12.4462568913586 12.4082460878417 11.8312707778532 12.380275873933 12.3702352843247 11.9521164456382 11.6353597496636 11.6892681533936 11.2829828667454 11.1526942634955 11.2887203465216 11.3898434275761 11.5748771503568 11.4181722339708 11.4089683601633 9.99796669313218 9.8270973735489 10.8335469509475 10.8244626079686 9.91746268002316 11.172775442712 11.7401882864069 11.9650257751346 12.0868487832246 11.6068480466997 11.8426895723173 12.6845732388251 12.0099997315556 -9999 8.48499981034547 10.2511329882545 10.9387184891991 9.79338967986405 12.6989450631663 10.6631916139275 10.2429212203249 10.6565980899613 10.6499997619539 -9999 -9999 -9999 -9999 -9999 -9999 -9999 -9999 -9999 -9999 -9999 -9999 -9999 -9999 -9999
-9999 -9999 -9999 -9999 -9999 11.6118121764157 11.625080098398 12.2052827407606 12.3888820935972 12.3974883132614 12.4749442902394 12.5674611516297 11.3958199690096 11.2569251460955 11.9506820756942 11.6702627516352 11.6157566937618 11.4952696184628 9.77474287059158 11.2880031615496 11.4343088958412 11.5325632370077 11.5999786243774 10.0917386282235 10.1024964028038 10.7118645673618 10.8029470588081 10.8502812669612 11.1170740765519 11.8144169310108 10.7752159065567 12.3512298825663 11.5928067746572 11.3661763234995 11.5149204866961 12.5661804641797 11.9259958140258 12.3099997248501 12.0549997305498 11.2399997487664 10.2499496330507 10.1631702514365 10.7457635103725 10.148037648527 7.91771711337218 10.3249997692183 -9999 -9999 -9999 -9999 -9999 -9999 -9999 -9999 -9999 -9999 -9999 -9999 -9999 -9999 -9999 -9999
-9999 -9999 -9999 -9999 -9999 11.6028473642655 11.293262518011 12.3752555791289 12.4971770243719 12.5036316891201 11.7986388616264 11.7900326419622 12.3551743999124 12.0431989370845 11.8832666883245 11.8337809252553 11.7685170928016 11.4493697802536 11.3217108552344 11.2349314736202 11.1947691151872 10.9444715599529 11.2600329476409 10.7631671990268 7.93160617990419 11.1806644774042 10.9334747237153 11.3226671018638 12.3763313565869 11.9597664186731 12.4250999346841 11.4665822195821 11.5985442544334 11.665242456831 12.180898451712 11.8701780625852 12.2013030672884 12.1949997274205 11.3537451173179 12.2495345794596 7.54135714923032 10.2726126781665 12.2579435414664 -9999 11.3995689920098 11.2403396337664 9.33499979134649 -9999 -9999 -9999 -9999 -9999 -9999 -9999 -9999 -9999 -9999 -9999 -9999 -9999 -9999 -9999
-9999 -9999 -9999 -9999 -9999 11.6520940656774 11.5486998988781 11.4316792176105 11.6996673354879 11.783577977214 11.6103778064717 11.6950056331698 11.940641486086 12.1385845383629 12.1529282378033 12.0905331452377 12.2447279142216 11.2590767010115 11.9087267548312 11.1789910458028 11.064958635252 11.2385173984803 11.3016296760179 11.5246742023155 10.6081118080765 11.4113589767367 11.2514267279766 11.8574480293319 12.1866359314881 12.4039429780096 12.6266289118212 11.5999786243774 11.6049989191815 12.8658100999892 13.05801567249 12.1201767907478 12.4813989549875 12.1636860123836 12.4120113089448 12.3164464114234 12.8827834776603 12.2449997263029 10.947340299841 10.9876460952684 11.607293911092 12.9842221881628 12.0949997296557 -9999 -9999 -9999 -9999 -9999 -9999 -9999 -9999 -9999 -9999 -9999 -9999 -9999 -9999 -9999
-9999 -9999 -9999 -9999 -9999 11.9729148098268 12.3049714518711 11.6212551118806 12.1751609719358 11.7250078711659 11.8570894368459 11.6760002314113 11.9198431218974 11.9463789658621 12.142887648195 12.26194035355 11.8979689802509 11.1627348531038 11.0840835678391 11.2299111788161 11.2901547164656 11.343226404395 11.4465010403655 11.585634924937 11.7106641717255 11.4536728900857 10.6920224498026 12.1624907040969 12.7521362819243 13.1806543027051 11.5196539075114 12.1636860123836 11.9389680544846 11.8256528289057 11.6516159423627 11.4653869112954 11.6543053860078 11.5413128936663 11.3618732136674 11.9331110438798 11.8289040674455 11.5201320308261 11.4656259729527 11.5506721575512 11.3711966183037 12.039999730885 -9999 -9999 -9999 -9999 -9999 -9999 -9999 -9999 -9999 -9999 -9999 -9999 -9999 -9999 -9999 -9999
-9999 -9999 -9999 -9999 -9999 12.1324884661008 12.2160405153409 12.2712637581863 12.2074342956766 12.2547685038298 12.3171635963954 12.141811870737 12.4326303768903 12.2777184229344 12.3358104056679 12.4950254694559 12.2156819228549 11.9485305207781 12.1690648996737 11.6140832621604 11.2000284716487 11.2600329476409 11.8531449194998 11.4684947128408 11.5832443083636 11.7749717575498 12.0984221799299 12.1990671376698 12.2951699239202 12.5362636053469 11.5798974451609 12.1997843226418 12.2530950722285 11.6473128325306 11.5677053006366 12.1973937060684 12.1256752088666 11.4981383583508 10.82613603957 11.4006012021564 12.1113315094262 12.30884425072 12.1462345113978 11.2498489210382 11.3966566848103 12.857057516045 12.2549997260794 -9999 -9999 -9999 -9999 -9999 -9999 -9999 -9999 -9999 -9999 -9999 -9999 -9999 -9999 -9999
-9999 -9999 -9999 -9999 -9999 13.3843348347582 12.2526169489138 12.1651203823276 11.6924954857677 12.1751609719358 12.1199377290905 12.3200323362835 12.2655262784101 11.9915616190992 11.8474074397236 12.0582598214969 11.3382061095908 11.1395458723418 11.6305785165168 10.8698843228631 10.8964201668277 10.9088513730094 11.026947831735 11.796248245053 12.2557247504592 12.3784829115029 11.505310208071 12.1751609719358 11.861751139164 12.3720282467548 12.1174275816884 11.7161625898443 11.8818323183805 11.9062166074291 11.8538621044718 12.1751609719358 12.4194819857366 11.5684224856086 11.2429639453068 11.1102847254835 11.9861827318091 11.9581407994032 12.1651203823276 11.5157093901653 -9999 12.1299997288734 -9999 -9999 -9999 -9999 -9999 -9999 -9999 -9999 -9999 -9999 -9999 -9999 -9999 -9999 -9999 -9999
-9999 -9999 -9999 -9999 -9999 12.1070283995941 12.1554383852053 12.1608172724955 12.7591886008158 12.1349986135028 12.8074790555984 12.4333475618623 12.3103503391612 12.0023193936795 12.0898159602657 11.3202764852904 11.3396404795349 11.1352427625097 10.867732767947 10.9502090397291 10.9437543749809 10.8498031436466 11.2743766470812 11.1101412884891 12.6061891401187 11.6910611158237 11.6064332891256 11.8316293703392 12.259788798634 11.9610812577885 12.2016968159005 12.2382732494734 11.9320352664217 12.0173802780919 12.2877590125427 12.0797753706574 11.8552964744158 11.3774122213945 11.5677053006366 11.5636890647933 12.419721047394 11.7897935803048 11.7654092912562 8.31892350083217 11.8749997345731 -9999 -9999 -9999 -9999 -9999 -9999 -9999 -9999 -9999 -9999 -9999 -9999 -9999 -9999 -9999 -9999 -9999
-9999 -9999 -9999 -9999 -9999 12.0054271952249 12.55216120556 12.1256752088666 12.1188619516324 12.1586657175794 12.2092272581067 12.3300729258917 12.2185506627429 12.063997301273 11.7964873067103 11.5590990809724 11.3668935084715 11.3611560286954 11.6365550579503 12.2773598304484 10.9631183692254 11.1481520920061 11.2048097047955 12.261223168578 12.5688955215737 12.1665547522716 11.7921841968782 11.9499648907222 12.4799645850435 12.6083406950347 11.9661015525926 12.0926847001538 12.1730094170198 12.062562931329 12.1486251279712 12.0668660411611 11.2349314736202 11.7443718654104 11.465147849638 11.2858516066335 11.2798750652 9.66499978397042 8.78717916412279 11.4120761617087 11.5366272851825 12.0987488287627 12.0999997295439 -9999 -9999 -9999 -9999 -9999 -9999 -9999 -9999 -9999 -9999 -9999 -9999 -9999 -9999 -9999
-9999 -9999 -9999 -9999 -9999 12.6097750649787 12.5717642614618 11.9210384301841 12.0890987752937 12.2497482090257 12.2181920702569 12.4089632728137 12.3856547612231 12.3551743999124 11.4551072600298 11.664525271859 12.2052827407606 12.0295724226162 12.2114983438514 12.6108508424368 10.9724417738616 11.2098299995996 11.785012347158 11.9298837115057 12.9296395624988 12.4816380166449 12.2536927263718 12.5651303004706 11.4314401559532 11.5928067746572 11.6537674972787 12.1342814285308 10.4356288223062 11.9485305207781 12.0910112685524 11.7591936881654 11.7086321476381 11.413032408338 11.3241014718078 11.4481744719669 11.2428205083124 10.8988585957326 11.8181831109173 -9999 -9999 -9999 -9999 13.2249997043982 13.2249997043982 -9999 -9999 -9999 -9999 -9999 -9999 -9999 -9999 -9999 -9999 -9999 -9999 -9999
-9999 -9999 -9999 -9999 -9999 11.6910611158237 13.4725485863164 12.3903164635412 12.7101809610613 12.3766899490729 12.2576372437179 12.1299783186987 12.220343625173 11.8603167692199 13.5033875401132 14.013306055218 13.1078600280453 14.1994155554567 11.584917739965 13.456411924446 12.859355435241 12.8435773658566 12.9052552734502 13.2391048779245 12.752972997725 12.247835715767 11.744132803753 11.6473128325306 11.6760002314113 11.4479354103096 11.6602221620269 11.2496337655466 10.6977599295788 11.7100665175822 11.6372722429223 11.4364604507573 11.345019366825 11.2351705352776 9.80735088065267 -9999 -9999 -9999 -9999 -9999 -9999 -9999 -9999 -9999 -9999 -9999 -9999 -9999 -9999 -9999 -9999 -9999 -9999 -9999 -9999 -9999 -9999 -9999
-9999 -9999 -9999 -9999 -9999 11.823023150675 12.578936111182 12.5753501863219 12.6915341517888 10.2552568018436 10.4417248945683 13.1713308980688 12.2834559027106 12.02383494284 13.8268379624933 12.8521835855208 12.5359050128609 12.0453504920006 12.1780297118239 12.2411419893615 12.3078401917592 12.2267982899211 12.1852015615441 11.9549851855263 11.304498415906 12.0686590035912 12.2418591743335 11.5397350867279 11.6678721350618 11.8304340620525 11.6168324712198 11.4120761617087 11.8456144772936 11.5192953150254 11.426419861149 10.8878139471635 10.390087576583 11.9535508155823 12.0403301971965 11.6896689332309 11.6199997402728 -9999 -9999 -9999 -9999 -9999 -9999 -9999 -9999 -9999 -9999 -9999 -9999 -9999 -9999 -9999 -9999 -9999 -9999 -9999 -9999 -9999
-9999 -9999 -9999 -9999 -9999 12.4498428162187 12.4441053364426 12.7697073137388 12.8113040421158 10.9910885831341 10.906460756436 10.9000060916878 11.3740653581917 11.8682058039121 12.5108035388403 12.6485030534677 12.262657538522 12.4469740763307 12.9497207417153 12.7818994582631 12.7338480651379 10.50985746691 12.2103030355647 11.9901272491552 12.1292611337267 11.7651702295989 11.2399517684244 11.3697622483596 11.83784497343 11.8821909108665 11.7011017054319 11.6838892661035 11.6537674972787 11.9430321026593 11.4974211733788 11.4063386819325 11.384823132772 12.0051881335676 12.1127658793703 11.3702403716743 11.3749997457489 -9999 11.4676790907157 8.70393229997717 10.1550302020041 12.3049997249618 -9999 -9999 -9999 -9999 -9999 -9999 -9999 -9999 -9999 -9999 -9999 -9999 -9999 -9999 -9999 -9999
-9999 -9999 -9999 -9999 -9999 12.4519943711348 12.2949308622628 12.3350932206959 12.5832392210141 11.3174077454023 11.3805200229399 11.4565416299738 11.7706686477177 11.7455671736971 12.3336588507518 12.341547885444 13.5898083292414 13.3714255052619 13.2021698518656 12.2956480472349 12.4534287410788 12.3967711282894 12.2425763593055 12.3358104056679 11.8832666883245 11.861033954192 11.0742820398882 11.7061220002361 11.9689702924807 12.2239295500331 12.3398744538426 12.5516830822453 10.9896542131901 10.9674214790575 10.8247016696259 10.7042145943269 11.0570696005598 10.974115205463 9.71306496299803 9.69513533869758 11.2851344216615 11.1617786064744 10.9963479395956 10.5822931490839 10.3750266921706 13.116263565 13.2699997033924 -9999 -9999 -9999 -9999 -9999 -9999 -9999 -9999 -9999 -9999 -9999 -9999 -9999 -9999 -9999
-9999 -9999 -9999 -9999 -9999 12.2024140008725 12.4900051746517 12.5739158163778 12.6355937239714 11.9198431218974 12.1887874864042 12.1708578621037 12.3867305386811 12.1658375672996 12.4735099202953 12.2267982899211 11.9915616190992 13.5406811586581 13.2844070619904 14.0011139106937 14.0294427170884 13.0336313834414 12.1134830643423 12.5258644232526 12.0080568734556 11.6881923759356 11.9901272491552 11.7584765031934 11.5497756763361 12.5361440745182 11.424985491205 11.4751884392463 10.8498031436466 11.9655636638636 10.4001281661913 10.6547288312577 11.3547013639472 11.8545792894438 9.85148166259751 10.0487075299025 9.82135989377275 10.7551347273402 10.2067272854038 10.2507146303542 9.40037231519818 8.92559586372226 -9999 -9999 -9999 -9999 -9999 -9999 -9999 -9999 -9999 -9999 -9999 -9999 -9999 -9999 -9999 -9999
-9999 -9999 -9999 -9999 -9999 12.3874477236532 12.4398022266105 12.4369334867224 12.5165410186164 11.7125766649842 12.1335642435588 12.6262703193352 13.1942808171734 12.6377452788875 11.8933072779328 11.9592882953584 11.8151341159828 12.299951157067 13.5690099650528 13.9681234019808 14.0394833066966 11.0864741844125 12.6391796488315 12.6126438048668 10.4947965824977 11.8086794512346 11.981521029491 11.6451612776145 10.1175572872162 10.50985746691 10.3929563164711 11.3690450633876 10.9166806422872 11.1077506719157 11.5777458902448 11.4572588149458 11.7068391852081 11.6552018672228 11.0534836756997 10.3865016517229 9.24474317627028 10.4658701219596 10.2313506361097 10.3305612239055 9.21462140744552 9.2296822918579 9.72023681271821 -9999 -9999 9.10999979637563 9.10999979637563 -9999 -9999 10.9149997560307 10.9150669761002 -9999 -9999 -9999 -9999 -9999 -9999 -9999
-9999 -9999 -9999 -9999 -9999 11.8065278963186 12.5896938857622 12.1694234921597 11.8172856708989 11.8301950003952 12.9102755682543 12.7833338282071 12.8801537994295 12.9346598573029 11.8474074397236 11.9392071161419 12.1909390413202 12.4096804577857 14.3647266915068 13.975295251701 13.8526566214859 11.0599383404478 12.8360469236504 12.4469740763307 12.6640420611948 13.9925076910295 13.976012436673 10.1670430502854 10.0644855992869 10.4101687557995 10.427381195128 10.1950132641941 10.6217383225448 10.4962309524417 10.5249183513224 10.2997222701088 11.0771507797763 11.0140385022387 10.8629515348002 10.1290322467685 12.103442474734 10.7168848621659 9.71139153139666 8.65234838938341 9.0984374419786 10.6265195556916 11.2048097047955 11.9906897471725 10.9038310782053 9.96999977715313 9.07499979715794 -9999 -9999 11.0313607147771 8.41496016364545 8.55499980878085 -9999 -9999 -9999 -9999 -9999 -9999
-9999 -9999 -9999 -9999 -9999 11.6537674972787 11.9628742202185 11.7548905783333 13.0386516782455 12.0553910816088 12.2777184229344 12.65997801302 12.3178807813674 12.2949308622628 12.2447279142216 12.2311013997532 14.5002746512182 14.6680959346704 14.8215735186823 12.7299035477918 13.8053224133328 12.9597613313235 13.0329141984694 13.0476164903957 12.6718115650583 12.5397299993783 13.3603808566928 12.7022919263691 12.3061667601578 10.5586260450073 10.4790185131133 10.4151890506037 11.1780347991735 10.5371104958467 10.467543553561 10.7400738429278 10.8863795772195 11.8000732315704 11.8574480293319 11.8882869831286 10.8343836667482 10.4001281661913 8.55983152799308 10.2641020831652 8.96145511232316 7.08794100814251 -9999 11.1685848324834 10.4524826691486 9.05468915868551 10.9435153133236 8.61999980732799 -9999 10.9507152879446 8.09007537132129 -9999 -9999 -9999 -9999 -9999 -9999 -9999
-9999 -9999 -9999 -9999 -9999 12.0259864977561 11.7534562083893 12.0338755324483 12.2318185847253 12.3709524692968 12.339396330528 12.5258644232526 12.5452284174971 14.2858363445848 13.8372371445876 13.8806268353947 12.7596667241305 12.9676503660157 12.8901943890378 12.9762565856799 13.1555528286844 13.2247611784842 12.9436246694531 12.9486449642573 14.3788910947042 12.2031311858445 12.233013893012 12.9475691867992 9.54022338474169 11.4683751820121 11.4773399941623 10.34992521815 12.2380341878161 10.5141605767421 10.7149723689072 10.8247016696259 10.4539170390926 10.6217383225448 12.8501202281094 9.63321836944669 -9999 11.009413895695 9.97498091477901 10.2712739328854 10.7440695877719 8.99516280600801 8.99499979894608 8.56499980855733 11.2264846283942 11.7329314096024 11.5277039429116 12.3290885543615 14.0338962044146 13.2615766737144 12.2813996381055 -9999 -9999 -9999 -9999 -9999 -9999 -9999
-9999 -9999 -9999 -9999 -9999 11.9528336306103 12.4111148277298 12.5667439666577 12.6621295679361 12.697988816537 12.579653296154 12.5509658972733 11.7921841968782 14.1259040958248 14.0986510668881 13.7149571068585 13.1605731234886 13.3430966988672 12.8923459439538 13.0336313834414 13.3818246873561 13.9573656274006 13.1340372795239 11.521662025433 12.5617236718535 14.1028107397258 12.2838862136938 11.3331858147867 9.5603045639582 11.2048097047955 9.60046692239121 11.3131046355702 10.3176518944092 10.4123203107156 10.3647470409051 10.3551845746115 9.75701917068904 10.8406878896242 7.8349998248741 8.62652973039076 10.2201147382148 10.4897762876935 11.1106194118038 11.7498702835292 11.067417555156 11.8882729206782 11.4864243371412 10.9049997562543 12.2385404360316 12.9674710697727 13.9561105536995 12.2544450674699 11.0137994405814 13.5075711191166 14.2199996821582 -9999 -9999 -9999 -9999 -9999 -9999 -9999
-9999 -9999 -9999 -9999 -9999 12.4297616370022 12.6363109089434 13.0350657533854 12.8421429959126 12.9353770422749 12.8378398860805 12.4132663826458 12.3099917466752 12.3551743999124 10.9803308085538 13.4696798464283 12.8618655826431 13.6475417194888 13.2064729616977 13.375370022608 14.2270271768793 14.4091921597719 14.2804574572947 13.643477671314 14.3981953235343 12.3863719461951 11.70499499528 11.5364360358566 11.408633673843 10.9225974183064 9.36738180648535 9.52014220552519 9.04464856907725 9.86582536203787 10.6253242474049 10.9700143785717 11.0412915311754 10.5892259371467 -9999 8.88793093664572 8.72478407155722 11.5865911715664 11.1305810601916 11.3666544468142 9.4448377834633 11.3233842868358 -9999 12.1352035234948 12.4149056625819 12.3059494313784 14.1009819180472 12.6427655736916 12.380275873933 11.7796334598679 12.5749997189268 -9999 -9999 -9999 -9999 -9999 -9999 -9999
