EcologicalScience/Bass/data/rs_data_bass/sst_154.asc
NCOLS 226 
NROWS 124 
XLLCORNER -9.41648524995501 
YLLCORNER 47.587301625531 
CELLSIZE 0.0833 
NODATA_value -9999 
[rows 0 to 26 of 124, columns 62 to 123 of 226]
-9999 -9999 -9999 -9999 -9999 -9999 -9999 -9999 -9999 -9999 -9999 -9999 -9999 -9999 -9999 -9999 -9999 -9999 -9999 -9999 -9999 -9999 -9999 -9999 -9999 -9999 -9999 -9999 -9999 -9999 -9999 -9999 -9999 -9999 -9999 -9999 -9999 -9999 -9999 -9999 -9999 -9999 -9999 -9999 -9999 -9999 -9999 -9999 -9999 -9999 -9999 -9999 -9999 -9999 -9999 -9999 -9999 -9999 -9999 -9999 -9999 -9999
-9999 -9999 -9999 -9999 -9999 -9999 -9999 -9999 -9999 -9999 -9999 -9999 -9999 -9999 -9999 -9999 -9999 -9999 -9999 -9999 -9999 -9999 -9999 -9999 -9999 -9999 -9999 -9999 -9999 -9999 -9999 -9999 -9999 -9999 -9999 -9999 -9999 -9999 -9999 -9999 -9999 -9999 -9999 -9999 -9999 -9999 -9999 -9999 -9999 -9999 -9999 -9999 -9999 -9999 -9999 -9999 -9999 -9999 -9999 -9999 -9999 -9999
-9999 -9999 -9999 -9999 -9999 -9999 -9999 -9999 -9999 -9999 -9999 -9999 -9999 -9999 -9999 -9999 -9999 -9999 -9999 -9999 -9999 -9999 -9999 -9999 -9999 -9999 -9999 -9999 -9999 -9999 -9999 -9999 -9999 -9999 -9999 -9999 -9999 -9999 -9999 -9999 -9999 -9999 -9999 -9999 -9999 -9999 -9999 -9999 -9999 -9999 -9999 -9999 -9999 -9999 -9999 -9999 -9999 -9999 -9999 -9999 -9999 -9999
-9999 -9999 -9999 -9999 -9999 -9999 -9999 -9999 -9999 -9999 -9999 -9999 -9999 -9999 -9999 -9999 -9999 -9999 -9999 -9999 -9999 -9999 -9999 -9999 -9999 -9999 -9999 -9999 -9999 -9999 -9999 -9999 -9999 -9999 -9999 -9999 -9999 -9999 -9999 -9999 -9999 -9999 -9999 -9999 -9999 -9999 -9999 -9999 -9999 -9999 -9999 -9999 -9999 -9999 -9999 -9999 -9999 -9999 -9999 -9999 -9999 -9999
-9999 -9999 -9999 -9999 -9999 -9999 -9999 -9999 -9999 -9999 -9999 -9999 -9999 -9999 -9999 -9999 -9999 -9999 -9999 -9999 -9999 -9999 -9999 -9999 -9999 -9999 -9999 -9999 -9999 -9999 -9999 -9999 -9999 -9999 -9999 -9999 -9999 -9999 -9999 -9999 -9999 -9999 -9999 -9999 -9999 -9999 -9999 -9999 -9999 -9999 -9999 -9999 -9999 -9999 -9999 -9999 -9999 -9999 -9999 -9999 -9999 -9999
-9999 -9999 -9999 -9999 -9999 -9999 -9999 -9999 -9999 -9999 -9999 -9999 -9999 -9999 -9999 -9999 -9999 -9999 -9999 -9999 -9999 -9999 -9999 -9999 -9999 -9999 -9999 -9999 10.484999765642 5.97175002563745 9.50364695116878 9.48535873438232 9.52157657546923 9.3888973556459 9.6757713444531 9.7435453243088 9.69441815372556 8.15964231360704 8.34969633119181 8.54369486612268 9.66644793981686 8.37838373007253 8.71832940680906 8.5842158170417 8.63370158011094 8.3891415046528 8.30738241784275 8.57274085748941 8.90981779433787 8.90479749953374 8.6480452795513 8.63083284022287 8.34395885141566 8.60501418123022 8.54907375341281 8.64445935469121 8.8710898058489 8.87897884054109 8.63155002519488 8.65736868418753 8.57345804246143 8.67816704837605
-9999 -9999 -9999 -9999 -9999 -9999 -9999 -9999 -9999 -9999 -9999 -9999 -9999 -9999 -9999 -9999 -9999 -9999 -9999 -9999 -9999 -9999 -9999 -9999 -9999 -9999 -9999 6.5059825175387 6.3195412713103 9.41615038458258 9.33008818794042 9.22215184965171 9.61481062183157 9.73709065956064 9.79123812494799 9.84000670304522 9.43802452622913 8.97269101021811 8.9920550044626 8.46827091323212 8.97006133198738 11.0011291727424 9.4247566042468 8.24355295533314 8.06855982216075 8.19478437723592 8.20841089170426 8.21414837148041 8.75920895021409 8.74701680568978 8.87826165556908 8.74486525077373 8.77642138954252 8.85602892143652 8.90766623942181 8.78646197915077 8.83451337227598 8.47950681112707 8.87467573070899 8.90479749953374 8.51464887475595 8.67314675357193
-9999 -9999 -9999 -9999 -9999 -9999 -9999 -9999 -9999 -9999 -9999 -9999 -9999 -9999 -9999 -9999 -9999 -9999 -9999 -9999 -9999 -9999 -9999 -9999 -9999 -9999 6.4998653516009 9.12712484085932 9.10991240153089 9.21426281495951 8.96396525972523 9.11457410384901 9.22286903462373 9.48428295692429 8.6200750656426 9.57787559577264 8.53281756071374 8.71259192703292 8.90168969798833 9.32004759833217 11.0326853115112 11.2915890864097 9.62987150624394 11.264694649959 8.12019714014605 8.14458142919466 8.32172611728311 8.35758536588401 8.33320107683539 8.79219945892692 8.64159061480314 8.45727407699451 8.48022399609908 8.5404675337486 8.65163120441139 8.57058930257335 8.68318734318018 8.68964200792834 8.54118471872061 8.69753104262054 8.72478407155722 8.60860010609031
-9999 -9999 -9999 -9999 -9999 -9999 -9999 -9999 -9999 -9999 -9999 -9999 -9999 -9999 -9999 -9999 -9999 -9999 -9999 -9999 -9999 -9999 -9999 -9999 -9999 6.22602724432003 9.06759848818183 9.27056183526292 9.1821431737127 9.45487837307155 8.67343362756074 8.9841659697704 9.08516951999627 9.48356577195227 9.45416118809953 9.39248328050599 8.50484734680504 8.79219945892692 8.583020508755 10.0985518854577 9.60477003222331 9.66501356987283 11.0760750023182 11.1667989012785 9.18019652878866 8.33248389186338 8.59855951648206 8.38770713470876 8.60286262631416 8.79219945892692 8.66884364373982 8.52325509442016 8.49600206548348 8.8395336670801 8.59282203670591 8.73410747619346 8.66884364373982 8.75634021032602 8.67888423334807 8.61003447603434 8.62366099050269 8.62222662055865
-9999 -9999 -9999 -9999 -9999 -9999 -9999 -9999 -9999 -9999 -9999 -9999 -9999 -9999 -9999 -9999 -9999 -9999 -9999 -9999 -9999 -9999 -9999 -9999 -9999 7.95188888009976 7.20793785573915 8.96647540712729 8.84903636795934 9.52587968530133 9.44890183163807 9.23279009340331 9.33152255788445 9.14648883510381 9.50902583845891 9.35949277179316 8.83714305050671 10.8178884123918 10.427381195128 10.946623114869 8.73267310624942 8.89977720472962 10.7214270336553 8.69968259753659 10.7017044469249 8.86248358618468 10.0540864171926 8.50604265509173 8.75777458027005 8.65880305413157 8.71689503686503 8.68964200792834 8.71044037211686 8.80654315836728 8.68533889809623 8.74845117563382 8.74127932591364 8.83021026244387 8.70972318714485 8.68533889809623 8.51966916956007 10.5729697444476
-9999 -9999 -9999 -9999 -9999 -9999 -9999 -9999 -9999 -9999 -9999 -9999 -9999 -9999 -9999 -9999 -9999 -9999 -9999 -9999 -9999 -9999 -9999 -9999 7.10762160777813 8.94782859785482 9.34156314749271 9.15318256150931 9.34467094903812 8.90360219124705 8.79076508898288 8.84204381448217 9.14648883510381 9.28275397978723 9.5244453153573 9.4487823008094 9.36774039897136 8.84503208519891 8.69251074781641 9.02074240334332 9.16537470603362 10.7508316175081 11.1585512741003 11.1011764763389 10.9810479935259 11.2001480024774 10.0340052379761 10.7601550221443 8.62294380553067 8.57991270720959 8.87897884054109 8.83092744741589 8.71474348194897 8.74343088082969 8.82160404277965 8.78502760920674 8.77785575948656 8.67171238362789 8.62150943558663 11.0377056063153 11.2528610979207 10.9387340801768
-9999 -9999 -9999 -9999 -9999 -9999 -9999 -9999 -9999 -9999 -9999 -9999 -9999 -9999 -9999 -9999 -9999 -9999 -9999 -9999 -9999 -9999 -9999 -9999 6.98412491697153 9.14075135532767 9.04966886388138 9.04727824730799 9.73218989558518 9.10776084661484 8.78144168434665 8.86822106596082 8.97328866436146 8.33535263175145 9.35196232958697 9.3849528382998 9.37527084117755 8.97460350347683 10.3517181805801 10.1713461601175 9.20816674269736 10.5543229351752 9.42977689905092 10.2990050851367 10.6884365249425 9.40395824005827 9.97519607027061 10.9670628865715 11.2862101991195 8.6200750656426 8.47663807123899 8.58278144709766 9.01667835516855 8.76494642999023 8.74199651088566 8.60357981128618 11.2213049591519 10.4765083657112 9.43085267650895 11.0305337565951 11.3134632280562 10.5173879091162
-9999 -9999 -9999 -9999 -9999 -9999 -9999 -9999 -9999 -9999 -9999 -9999 -9999 -9999 -9999 -9999 -9999 -9999 -9999 -9999 -9999 -9999 -9999 6.46499985549599 8.93276771344244 9.37001148471609 9.21151360590011 9.47806735383347 9.22896510688588 8.75490584038198 8.76183862844482 8.69035919290036 8.87252417579293 8.83044932410121 9.31179997115396 9.34371470240876 9.43264563893899 9.09676401037723 9.37347787874751 9.16776532260701 10.0630512293428 8.9987487308681 10.1412243912928 8.80726034333929 8.46516311168671 8.16753134829924 9.57464826339856 10.8458586263005 8.80224004853517 9.56138034141622 8.74845117563382 8.45799126196653 8.57991270720959 10.8709601003211 10.8028275279794 10.3456221083179 10.6009399583563 10.7960142707452 10.7838221262209 10.0949659605976 10.6328546896111 9.89020965108648
-9999 -9999 -9999 -9999 -9999 -9999 -9999 -9999 -9999 -9999 -9999 -9999 -9999 -9999 -9999 -9999 -9999 -9999 -9999 -9999 -9999 9.01381350988324 7.01214635837823 7.93473310638219 9.31215856363997 9.57446896715555 9.66142764501274 9.33474989025854 8.63728750497103 8.74319181917235 8.9309030325152 8.9746513158083 8.73530278448015 9.19454022822902 8.66561631136574 8.1302377297543 9.28849145956337 8.56987211760134 9.42547378921881 9.37742239609361 9.24940487858839 9.13752402295358 8.82985166995786 9.20744955772534 8.27403331664391 6.02745139179751 9.51512191072106 9.52229376044124 9.00520339561626 9.3451490723528 11.4199651964009 11.266846204875 10.8939100194257 10.229438142851 9.80092012207024 9.88554794876836 9.81167789665051 10.2964949377347 10.5675908571575 10.3244651516434 8.91483808914199 9.06042663846165
-9999 -9999 -9999 -9999 -9999 -9999 -9999 -9999 -9999 -9999 -9999 -9999 -9999 -9999 -9999 -9999 -9999 -9999 -9999 -9999 7.99321801955812 6.94497003266588 9.69011504389346 9.48571732686833 9.66286201495677 9.34765921975486 9.43121126899496 9.2375713265501 9.03389079449698 9.05289619625546 9.46312600024976 9.44675027672201 9.40754416491836 9.15330209233798 8.92344430880621 8.92989897355437 9.43013549153693 8.5447706435807 8.86248358618468 9.11995299113914 8.80008849361911 9.55743582407013 9.49504073150456 9.57464826339856 9.02528457483277 9.60979032702744 8.45655689202249 9.50006102630869 9.02385020488873 9.35518966196105 9.03030486963689 11.3170491529163 11.3181249303743 10.2176045908127 9.44663074589334 9.42296364181675 9.33116396539845 8.91483808914199 8.96647540712729 9.91387675516307 8.96002074237913 9.11349832639098
-9999 -9999 -9999 -9999 -9999 -9999 -9999 -9999 -9999 -9999 -9999 -9999 -9999 -9999 -9999 -9999 -9999 -9999 -9999 -9999 10.2685338222357 10.2238962589763 9.25550095085055 9.7317117722705 9.8113193041645 9.56365142716095 9.38459424581379 9.04895167890936 9.19023711839691 8.61505477083847 8.49026458570734 8.73769340105355 8.7197637767531 8.4450819324702 8.75490584038198 9.02958768466488 9.38567002327181 9.52552109281532 9.52516250032932 8.92667164118029 9.552415529266 9.3853114307858 9.56532485876232 9.24044006643817 9.28705708961934 9.57751700328663 9.02026428002864 9.48643451184034 9.3810083209537 9.38746298570186 9.09198277723044 10.7024216318969 8.92631304869428 8.44006163766608 7.98034607060254 9.66573075484484 9.07261878298596 9.0625781933777 9.02600175980479 9.73888362199068 9.37060913885944 10.5449995305389
-9999 -9999 -9999 -9999 -9999 -9999 -9999 -9999 -9999 -9999 -9999 -9999 -9999 -9999 -9999 -9999 -9999 -9999 6.09969147806987 8.83958883515487 9.82171848625876 9.80677713267505 9.76434368849732 9.74390391679481 9.18904181011021 9.1993214613758 9.07118441304192 8.20769370673224 8.0624637498986 9.4022848084569 9.02887049969286 9.16489658271894 9.38746298570186 9.57536544837058 9.54524367954582 9.81992552382872 9.85004729265347 9.00161747075617 9.65066987043247 9.6599932750687 9.68222600920126 9.53161716507748 9.58612322295085 9.57966855820268 9.6040528472513 9.58468885300681 9.2375713265501 9.04966886388138 9.273430575151 9.2856227196753 9.71055481559597 9.35518966196105 10.0386669402942 9.91925564245321 8.35973692080006 9.40467542503029 9.19167148834094 9.20099489297718 9.46958066499792 9.2655415404588 9.2935117543675 9.89558853837661
-9999 -9999 -9999 -9999 -9999 -9999 -9999 -9999 -9999 -9999 -9999 -9999 -9999 -9999 -9999 -9999 7.00699271289208 6.7282435644551 9.6241340264678 9.58516697632149 9.48697240056936 10.1589149539359 9.58875290118158 9.23422446334735 9.13740449212492 9.05205948045477 9.40156762348488 9.19167148834094 8.67147332197055 9.55432802252471 9.44220810523257 9.40563167165965 9.20924252015539 9.84000670304522 9.38136691343971 9.81490522902459 9.7994857521262 9.71019622310996 9.73529769713059 9.72740866243839 9.7675710208714 9.76470228098333 9.49432354653254 9.66573075484484 9.56389048881829 9.55743582407013 9.37742239609361 9.42977689905092 9.37025054637343 9.48500014189631 9.11457410384901 9.84395122039132 8.65019683446735 8.81514937803149 9.62126528657973 10.068788709119 9.62879572878592 9.62951291375794 10.2997222701088 9.94722585636191 9.62592698889785 10.546433900483
-9999 -9999 -9999 -9999 -9999 -9999 -9999 -9999 -9999 -9999 8.35997646197211 6.74395113041004 8.43465436221992 -9999 -9999 -9999 6.94985796300613 7.04190214334521 9.41364023718052 9.39511295873672 9.43957842700183 9.83498640824109 9.54859054274857 9.51392660243437 8.97771130502224 9.3786177043803 9.88901434279978 9.65066987043247 9.53568121325225 9.15581223974004 9.34550766483881 9.16405986691825 9.50400554365478 9.38029113598168 9.89236120600253 9.9346751193516 10.1799523797818 9.71019622310996 9.72453992255032 9.74031799193472 9.6800744542852 9.64278083574027 9.6083559570834 9.64278083574027 9.52372813038528 9.50006102630869 9.41973630944267 9.4448377834633 9.47495955228806 9.50723287602887 8.22060303622857 9.09951321943663 9.35052795964293 9.2497634710744 9.82422863366082 9.67469556699507 9.53807182982564 10.0121310963295 10.347415070748 9.92965482454747 10.4108859407715 10.3854258742649
-9999 -9999 -9999 -9999 -9999 -9999 -9999 -9999 -9999 -9999 -9999 -9999 -9999 -9999 -9999 -9999 -9999 7.21499983873218 7.5098779771234 9.17541529564187 9.5378327681683 9.25334939593449 9.36618649819866 9.25908687571064 9.95117037370801 8.81479078554548 9.84646136779338 9.80665760184638 9.82638018857688 9.43408000888303 9.41973630944267 9.62700276635587 9.20314644789323 8.60752432863228 9.61445202934556 10.0049592466094 9.84502699784935 9.77761161047965 9.72525710752234 9.73529769713059 9.72238836763427 9.65855890512466 9.68724630400538 9.59903255244717 9.56604204373434 9.58182011311874 9.51727346563712 9.51010161591694 9.50149539625272 9.54022338474169 8.39344461448491 8.03700368339196 9.52301094541326 9.52085939049721 9.46635333262384 10.3323541863356 9.82673878106289 10.1383556514047 10.3431119609158 10.307969897287 10.388294614153 10.4044312760234
-9999 -9999 -9999 -9999 -9999 -9999 -9999 -9999 -9999 -9999 -9999 -9999 -9999 -9999 7.23330458288744 8.72299110912718 8.95284889265895 7.83898647121069 9.16567353310529 9.0385524968151 9.94256415404379 9.70589311327785 9.88877528114244 9.83594265487045 9.88447217131034 9.82781455852091 8.29411449586041 8.99408702854998 9.88997058942914 9.60118410736322 9.72920162486844 9.75609606131911 9.26625872543082 9.45882289041765 9.19920193054713 9.99491865700111 9.72238836763427 9.72023681271821 9.6800744542852 9.73027740232646 9.71019622310996 9.78621783014387 9.78155612782575 9.71091340808198 9.68868067394942 9.60692158713937 9.53735464485362 9.51942502055317 9.56102174893022 9.49217199161649 8.68426312063821 8.38376261736266 8.43504134286195 9.23494164831936 9.3892559481319 9.10202336683869 9.74605547171086 8.84778129425831 8.56951352511533 9.46312600024976 10.3782540245447 10.4965895449277
-9999 -9999 -9999 -9999 -9999 -9999 -9999 -9999 -9999 -9999 -9999 -9999 11.5277061967158 8.7479132869048 9.51010161591694 9.00986509793438 10.0415356801823 10.032212275546 9.77474287059158 9.74557734839618 10.5801415941678 10.6231726924889 10.9602496293373 9.90742209041491 9.85614336491562 9.9587008159142 9.53305153502151 9.58361307554878 9.16513564437628 9.4010895001702 9.87586595164612 9.43587297131307 9.56998656108044 9.48930325172842 9.58684040792286 9.46922207251191 9.69011504389346 9.5405819772277 9.76613665092736 9.49934384133667 9.82494581863284 9.35447247698903 9.67003386467695 9.61409343685955 9.59759818250313 9.61265906691551 9.55456708418205 9.59903255244717 9.5681935986504 9.63489180104807 9.31000700872391 8.73625903110951 8.69717245013453 9.2497634710744 8.67171238362789 8.70542007731274 9.05684071360156 8.62401958298869 9.07584611536004 10.3976180187892 10.3513595880941 10.3388088510837
-9999 -9999 -9999 -9999 -9999 -9999 -9999 -9999 -9999 -9999 10.5945877486042 9.41202657099348 10.6203039526008 10.0537278247066 10.3011566400528 9.9547562985681 8.57532272338867 8.59898982746527 8.22657957766205 9.12081361310556 9.73362426552922 10.6518600913696 10.6984771145508 11.0097353924066 10.0408184952103 10.0857620867901 10.3689306199085 10.1157643247861 9.93969541415572 9.85435040248558 9.66967527219094 9.66895808721893 9.73242895724252 9.66859949473292 9.70015563350171 9.54631945700385 9.88016906147823 9.84000670304522 9.71880244277418 9.71521651791409 9.74964139657095 9.71019622310996 9.65640735020861 9.63274024613202 9.65425579529256 9.62987150624394 9.68509474908933 9.54596086451784 9.56675922870636 9.44985807826743 9.1741004565265 8.99372843606398 9.18557541607879 9.40969571983442 9.5405819772277 9.20242926292121 8.77857294445857 9.30283515900373 9.69011504389346 10.3646275100764 10.4029969060794 10.467543553561
-9999 -9999 -9999 -9999 -9999 -9999 -9999 -9999 -9999 -9999 13.0049997093156 6.61530400719494 6.7679448754061 10.5929484686681 7.40214130066202 7.56072937520221 11.0599997527897 -9999 -9999 9.22999979369342 8.72631705078212 8.37588884587492 10.6597491260618 10.7701956117526 10.310121452203 10.4571443714667 10.0842081860173 9.89630572334863 10.0067522090394 10.1128955848981 9.99527724948712 9.94435711647384 9.73709065956064 9.77366709313355 9.4649189626798 9.74462110176682 9.73529769713059 9.87012847186998 9.23326821671799 9.4010895001702 9.14075135532767 9.90849786787294 9.60692158713937 9.65569016523659 9.67075104964897 9.64923550048843 9.67003386467695 9.57034515356645 9.46850488753989 9.40754416491836 9.59580522007309 10.1261635068804 9.69943844852969 10.0544450096786 9.54775382694788 9.65712453518063 9.75107576651499 10.0906628507655 10.2545396168716 8.86965543590486 10.3657032875344 10.3674962499645
-9999 -9999 -9999 -9999 -9999 -9999 -9999 -9999 -9999 -9999 -9999 -9999 -9999 -9999 -9999 -9999 -9999 -9999 -9999 -9999 -9999 -9999 -9999 -9999 11.3724828308748 8.20231481944211 10.072016041493 9.72920162486844 9.91710408753715 10.0974761079997 9.95296333613805 9.88447217131034 9.83426922326908 9.78442486771382 9.69513533869758 9.5445264945738 9.26769309537485 9.35518966196105 9.91423534764908 9.58684040792286 9.751792951487 9.57034515356645 9.57966855820268 9.67003386467695 9.72095399769023 9.73027740232646 9.75681324629113 9.62771995132789 9.56747641367838 9.63274024613202 9.15832238714211 9.20924252015539 9.45595415052958 9.35411388450302 10.1236533594783 10.1358455040026 10.1645329028834 10.0920972207095 10.1351283190306 10.1756492699496 10.2150944434106 10.2817926458083
-9999 -9999 -9999 -9999 -9999 -9999 -9999 -9999 -9999 -9999 -9999 -9999 -9999 -9999 -9999 -9999 -9999 -9999 -9999 -9999 -9999 -9999 -9999 -9999 -9999 10.6396679468453 9.84610277530737 9.79374827235006 9.75537887634709 9.82028411631472 9.84036529553123 9.871204249328 9.3853114307858 9.41184727475047 9.43479719385505 9.7356562896166 9.73744925204664 9.68079163925722 9.61301765940152 9.65282142534852 9.65784172015265 9.70445874333382 9.66931667970493 9.63345743110403 9.71736807283014 9.73386332718655 9.77115694573149 10.189634376904 9.29924923414364 8.96073792735115 8.85280158906244 9.47424236731604 9.65425579529256 10.0042420616373 9.69728689361364 9.80916774924845 9.75322732143104 10.2061296312604 10.1559266832191 10.26995909377 10.0920972207095 9.65353861032054
-9999 -9999 -9999 -9999 -9999 -9999 -9999 -9999 -9999 -9999 -9999 -9999 -9999 -9999 -9999 -9999 -9999 -9999 -9999 -9999 -9999 -9999 -9999 -9999 -9999 -9999 -9999 8.79399242135696 9.51978361303918 9.5843302605208 9.76721242838539 9.73350473470055 9.43730734125711 9.51978361303918 9.29387034685351 9.03424938698299 9.6201895091217 9.5724967084825 9.77581864804961 9.74103517690673 9.86008788226172 9.74533828673884 9.76255072606727 9.70732748322189 9.70661029824987 9.69083222886547 9.70230718841776 9.56353189633228 9.07512893038802 9.2178487398196 9.35662403190508 9.52121798298322 9.53161716507748 9.58182011311874 9.29996641911566 9.65891749761067 9.98523665987886 9.56066315644421 9.68150882422924 10.0662785617169 9.9149525326211 9.42260504933074
