EcologicalScience/Bass/data/rs_data_bass/sst_480.asc
NCOLS 226 
NROWS 124 
XLLCORNER -9.41648524995501 
YLLCORNER 47.587301625531 
CELLSIZE 0.0833 
NODATA_value -9999 
[rows 0 to 26 of 124, columns 62 to 123 of 226]
-9999 -9999 -9999 -9999 -9999 -9999 -9999 -9999 -9999 -9999 -9999 -9999 -9999 -9999 -9999 -9999 -9999 -9999 -9999 -9999 -9999 -9999 -9999 -9999 -9999 -9999 -9999 -9999 -9999 -9999 -9999 -9999 -9999 -9999 -9999 -9999 -9999 -9999 -9999 -9999 -9999 -9999 -9999 -9999 -9999 -9999 -9999 -9999 -9999 -9999 -9999 -9999 -9999 -9999 -9999 -9999 -9999 -9999 -9999 -9999 -9999 -9999
-9999 -9999 -9999 -9999 -9999 -9999 -9999 -9999 -9999 -9999 -9999 -9999 -9999 -9999 -9999 -9999 -9999 -9999 -9999 -9999 -9999 -9999 -9999 -9999 -9999 -9999 -9999 -9999 -9999 -9999 -9999 -9999 -9999 -9999 -9999 -9999 -9999 -9999 -9999 -9999 -9999 -9999 -9999 -9999 -9999 -9999 -9999 -9999 -9999 -9999 -9999 -9999 -9999 -9999 -9999 -9999 -9999 -9999 -9999 -9999 -9999 -9999
-9999 -9999 -9999 -9999 -9999 -9999 -9999 -9999 -9999 -9999 -9999 -9999 -9999 -9999 -9999 -9999 -9999 -9999 -9999 -9999 -9999 -9999 -9999 -9999 -9999 -9999 -9999 -9999 -9999 -9999 -9999 -9999 -9999 -9999 -9999 -9999 -9999 -9999 -9999 -9999 -9999 -9999 -9999 -9999 -9999 -9999 -9999 -9999 -9999 -9999 -9999 -9999 -9999 -9999 -9999 -9999 -9999 -9999 -9999 -9999 -9999 -9999
-9999 -9999 -9999 -9999 -9999 -9999 -9999 -9999 -9999 -9999 -9999 -9999 -9999 -9999 -9999 -9999 -9999 -9999 -9999 -9999 -9999 -9999 -9999 -9999 -9999 -9999 -9999 -9999 -9999 -9999 -9999 -9999 -9999 -9999 -9999 -9999 -9999 -9999 -9999 -9999 -9999 -9999 -9999 -9999 -9999 -9999 -9999 -9999 -9999 -9999 -9999 -9999 -9999 -9999 -9999 -9999 -9999 -9999 -9999 -9999 -9999 -9999
-9999 -9999 -9999 -9999 -9999 -9999 -9999 -9999 -9999 -9999 -9999 -9999 -9999 -9999 -9999 -9999 -9999 -9999 -9999 -9999 -9999 -9999 -9999 -9999 -9999 -9999 -9999 -9999 -9999 -9999 -9999 -9999 -9999 -9999 -9999 -9999 -9999 -9999 -9999 -9999 -9999 -9999 -9999 -9999 -9999 -9999 -9999 -9999 -9999 -9999 -9999 -9999 -9999 -9999 -9999 -9999 -9999 -9999 -9999 -9999 -9999 -9999
-9999 -9999 -9999 -9999 -9999 -9999 -9999 -9999 -9999 -9999 -9999 -9999 -9999 -9999 -9999 -9999 -9999 -9999 -9999 -9999 -9999 -9999 -9999 -9999 -9999 -9999 -9999 -9999 11.3049997473136 7.43136855856014 8.70685444725677 9.44232763606124 9.19705037563108 9.36845758394338 9.75358591391705 10.3674962499645 10.8906826870516 9.78980375500396 10.7935041233432 9.49539932399057 10.5406964207068 11.3220694477204 10.3606829927303 9.89236120600253 10.3047425649129 10.3140659695491 7.49337747460231 10.4503311142325 8.98583940137178 7.77666553854942 8.06138797244057 7.122592844069 10.6303445422091 10.6253242474049 10.2860957556404 10.627834394807 10.1419415762648 8.317423007451 10.5399792357348 9.96407970320433 10.271034871228 10.7601550221443
-9999 -9999 -9999 -9999 -9999 -9999 -9999 -9999 -9999 -9999 -9999 -9999 -9999 -9999 -9999 -9999 -9999 -9999 -9999 -9999 -9999 -9999 -9999 -9999 -9999 -9999 -9999 10.0936511214823 10.3170243575587 9.81239508162253 9.21031829761341 9.56460767379031 10.0877941108774 10.3804055794608 9.98774680728093 9.44447919097729 9.86223943717778 9.06939145061187 9.11564988130704 9.73027740232646 10.3714407673106 11.585993517423 11.0889843318146 9.78980375500396 9.82673878106289 10.5019684322178 10.7701956117526 9.67828149185516 10.7235785885714 7.76017028419301 9.68150882422924 8.24929043510929 7.62605669442564 9.78836938505992 10.8863795772195 10.906460756436 10.8770561725833 10.8397625540383 10.8892483171076 10.785973681137 10.308328489773 10.626758617349
-9999 -9999 -9999 -9999 -9999 -9999 -9999 -9999 -9999 -9999 -9999 -9999 -9999 -9999 -9999 -9999 -9999 -9999 -9999 -9999 -9999 -9999 -9999 -9999 -9999 -9999 10.6733756405301 8.7638706525322 9.81884974637069 9.07692189281806 9.06975004309788 9.81418804405257 9.4925305841025 7.83332315133885 7.96098207635805 10.3750266921706 10.5761970768217 10.0146412437316 10.031136498088 9.98846399225295 10.0250404258259 10.1817453422118 10.2244178480469 10.3352229262237 10.0802636686713 10.4460280044004 10.3671376574785 10.546433900483 10.6160008427687 10.6999114844948 10.7156895538792 10.8110751551576 9.83785514812917 9.89236120600253 10.9824823634699 9.63847772590816 10.8548234384507 10.8749046176672 10.8498031436466 10.8397625540383 10.8397625540383 10.8648640280589
-9999 -9999 -9999 -9999 -9999 -9999 -9999 -9999 -9999 -9999 -9999 -9999 -9999 -9999 -9999 -9999 -9999 -9999 -9999 -9999 -9999 -9999 -9999 -9999 -9999 -9999 9.30857263877988 8.53114412911236 9.75394450640306 9.06078523094766 9.86403239960782 9.73924221447669 10.3158589319792 7.9351634173654 8.41280860872939 9.41901912447065 9.5086672459729 10.0279091657139 10.2656559839379 10.7260887359735 10.4567857789807 9.76183354109526 11.1771980833728 9.95798363094218 10.2000335589983 10.5148777617142 10.669072530698 10.8074892302975 10.8017517505214 10.7149723689072 10.7128208139911 10.8024689354934 10.8913998720236 10.9710074039176 10.3936735014431 10.9925229530782 10.8827936523594 10.8863795772195 10.9279763055965 10.9351481553167 10.9337137853727 10.9566637044773
-9999 -9999 -9999 -9999 -9999 -9999 -9999 -9999 -9999 -9999 -9999 -9999 -9999 -9999 -9999 -9999 -9999 -9999 -9999 -9999 -9999 -9999 -9999 -9999 -9999 9.67133162795965 8.8671452885028 9.69370096875355 8.77498701959848 9.20529800280929 8.86535232607275 10.1401486138348 7.94520400697365 8.1022675158456 8.07214574702084 7.48979154974222 9.97304451535456 7.53497420297936 10.3628345476463 9.8231528562028 9.95296333613805 10.6766029729042 10.1699117901735 11.0394985687453 10.2351756226271 10.586596258916 10.7544175423682 10.8483687737025 10.9516434096731 10.9494918547571 10.786690866109 10.9638355541974 9.54380930960178 9.67935726931319 11.0592211554758 11.027665016707 10.987502658274 10.9939573230222 11.0348368664272 11.0599383404478 11.0240790918469 11.0793023346923
-9999 -9999 -9999 -9999 -9999 -9999 -9999 -9999 -9999 -9999 -9999 -9999 -9999 -9999 -9999 -9999 -9999 -9999 -9999 -9999 -9999 -9999 -9999 -9999 10.9382007887874 9.39183781403117 9.80020293709822 9.49360636156052 9.61660358426161 10.0031662841793 8.25502791488543 9.80235449201427 9.87299721175805 7.58517715102062 7.65976438811049 7.54501479258761 9.82673878106289 9.91531112510711 10.0279091657139 9.64744253805839 9.93754385923967 9.95654926099814 10.2753379810601 11.0491805658676 10.3198034493253 10.5772728542797 10.5973540334962 10.7551347273402 10.8476515887305 10.6497085364535 10.9021576466039 10.9444715599529 10.2846613856964 10.7450941377319 11.0692617450841 11.0477461959235 10.8648640280589 11.0577867855318 5.04992827493697 11.146717722062 11.1581926816143 11.1954863001592
-9999 -9999 -9999 -9999 -9999 -9999 -9999 -9999 -9999 -9999 -9999 -9999 -9999 -9999 -9999 -9999 -9999 -9999 -9999 -9999 -9999 -9999 -9999 -9999 9.0795515710488 9.90347757306881 9.73350473470055 9.7754600555636 9.6919080063235 9.53412731247954 9.98595384485088 9.08803825988434 9.60656299465336 9.76004057866521 9.86869410192594 9.80020293709822 9.15724660968408 10.3065355273429 10.5901821837761 10.0888698883355 10.1982405965682 10.2925504203886 10.4137546806596 10.7142551839352 10.6253242474049 10.4747154032812 10.4438764494844 10.5163121316582 10.7501144325361 10.7300332533196 10.7701956117526 10.8526718835346 10.9502090397291 11.0176244270988 11.0513321207836 10.7450941377319 11.0836054445244 11.1094241035171 11.1495864619501 11.1431317972019 11.1954863001592 11.2069612597115
-9999 -9999 -9999 -9999 -9999 -9999 -9999 -9999 -9999 -9999 -9999 -9999 -9999 -9999 -9999 -9999 -9999 -9999 -9999 -9999 -9999 -9999 -9999 12.2149997269735 9.01488539273851 9.54775382694788 9.6359675785061 9.78980375500396 9.44017608114518 9.35554825444706 9.76972257578745 9.67648852942511 9.35877558682114 9.88949246611446 9.1063264766708 9.25334939593449 9.47997984709218 10.0404599027243 10.2498779145535 10.5130847992841 11.4400463756174 11.8660542489961 10.389728984097 10.3778954320587 10.5378276808187 10.1781594173517 10.6339304670691 10.6203039526008 10.5751212993637 10.6497085364535 10.9100466812961 10.9172185310163 11.0893429243006 11.0283822016791 11.0785851497203 11.0843226294965 11.1538895717822 11.1180303231813 9.34873499721289 10.5148777617142 11.2715079071932 11.263618872501
-9999 -9999 -9999 -9999 -9999 -9999 -9999 -9999 -9999 -9999 -9999 -9999 -9999 -9999 -9999 -9999 -9999 -9999 -9999 -9999 -9999 11.0567499855179 12.5761777074434 9.99527724948712 9.51297035580501 8.77857294445857 7.85483870049939 7.77594835357741 7.77809990849346 7.8196966368705 7.77021087380126 7.88496046932414 8.06497389730066 10.50985746691 10.8325907043181 10.229796735337 10.1609469780233 10.2097155561205 10.3187276718672 10.0842081860173 11.0513321207836 10.6977599295788 10.2545396168716 10.3391674435697 10.0770363362972 10.6748100104742 10.6525772763416 10.7651753169484 10.7400738429278 10.8053376753815 10.4101687557995 10.8913998720236 11.0498977508396 10.7271645134315 10.9014404616319 10.1835383046418 11.0477461959235 10.7963728632312 11.0369884213433 11.1667989012785 11.2234565140679 11.2040925198235
-9999 -9999 -9999 -9999 -9999 -9999 -9999 -9999 -9999 -9999 -9999 -9999 -9999 -9999 -9999 -9999 -9999 -9999 -9999 -9999 -9999 10.0267279198777 10.0526520472486 9.74246954685077 9.87335580424406 7.71140170609578 7.65976438811049 7.71140170609578 7.73506881017238 7.74654376972467 7.77236242871732 9.68294319417328 9.52133751381189 9.7687663291581 10.745811322704 10.8810006899294 10.2118671110366 10.3384502585977 10.229079550365 10.3610415852163 10.3327127788216 10.5030442096759 10.8128681175876 10.109668252524 10.348849440692 10.3746680996846 10.7436597677879 10.8964201668277 11.0549180456437 11.0434430860914 10.8878139471635 10.9702902189456 10.9925229530782 11.0298165716231 11.024796276819 11.1101412884891 11.0441602710634 11.0914944792166 11.0463118259795 10.9502090397291 11.0771507797763 11.2019409649074
-9999 -9999 -9999 -9999 -9999 -9999 -9999 -9999 -9999 -9999 -9999 -9999 -9999 -9999 -9999 -9999 -9999 -9999 -9999 -9999 12.4449997218326 10.230155327823 9.22035888722166 9.44806511583738 7.66478468291461 8.05995360249653 8.00831628451124 7.92225408786908 7.79100923798978 7.77594835357741 7.71283607603982 9.92929623206146 10.0218130934518 10.0562379721086 10.1197088421322 10.6350062445272 10.2323068827391 10.3018738250248 10.1007034403738 9.60477003222331 12.4154179375619 10.8498031436466 10.6210211375728 10.9269005281385 9.96192814828828 10.8404797390103 10.7160481463652 11.1230506179854 11.1969206701033 9.5603045639582 9.27271339017898 11.424985491205 8.10298470081761 10.5112918368541 11.3575701038353 11.1402630573139 11.0563524155878 11.0140385022387 11.2227393290959 11.1639301613905 11.3102358956821 11.2442548782565
-9999 -9999 -9999 -9999 -9999 -9999 -9999 -9999 -9999 -9999 -9999 -9999 -9999 -9999 -9999 -9999 -9999 -9999 10.8661502837153 10.5320902010426 8.44407787350938 9.42260504933074 9.04823449393734 8.11159092048183 7.998992879875 8.1302377297543 8.12091432511806 9.33654285268858 10.10823388258 9.98057495756075 9.76470228098333 9.92212438234128 10.029343535658 10.2237006630749 10.1458860936109 10.4546342240646 10.3230307816993 10.3284096689895 10.427381195128 10.6002227733843 11.0990249214228 11.2528610979207 10.8297219644301 10.7608722071163 10.7228614035994 10.6088289930485 11.4500869652256 7.81252478715032 7.78025146340951 8.10728781064972 8.28514968371019 11.4099246067926 11.1990722250193 11.5196539075114 11.4543900750577 11.3202764852904 11.1402630573139 11.1567583116703 11.2550126528367 11.4350260808133 11.4615619247779 10.9810479935259
-9999 -9999 -9999 -9999 -9999 -9999 -9999 -9999 -9999 -9999 -9999 -9999 -9999 -9999 -9999 -9999 7.46429028324783 11.1400743244265 10.4943662715144 11.186162895523 11.1173131382093 8.2098452616483 8.43504134286195 10.2050538538024 10.3585314378142 8.3253120421432 10.5005340622738 10.4413663020823 10.1552094982471 10.1146885473281 9.82243567123078 10.3696478048805 10.1268806918524 10.150906388415 10.4428006720264 10.4463865968864 10.4711294784211 9.85542617994361 10.4861903628334 11.0620898953639 11.2148502944037 10.9233146032784 11.0950804040767 11.1589098665863 11.0585039705038 10.8487273661885 8.81228063814342 9.39535202039406 11.2851344216615 10.6475569815375 9.58468885300681 11.4199651964009 9.03962827427313 8.80582597339526 11.6803033412434 11.4063386819325 10.7852564961649 11.3597216587514 11.4049043119885 11.4127933466807 11.3984496472403 11.5519272312522
-9999 -9999 -9999 -9999 -9999 -9999 -9999 -9999 -9999 -9999 -9999 -9999 -9999 -9999 -9999 -9999 7.95921505466104 11.9528336306103 10.6454054266214 10.4790185131133 11.0319681265391 10.9269005281385 8.33033233694732 10.4822458454873 11.2485579880886 10.4775841431692 11.4049043119885 11.5296944971196 11.384823132772 11.344660774339 11.224890884012 11.1122928434052 10.7823877562769 11.2811899043154 10.2875301255845 10.3147831545211 10.9896542131901 10.6156422502827 10.7705542042386 11.1560411266983 10.9896542131901 11.1151615832932 11.2080370371696 11.1707434186246 11.4551072600298 11.3869746876881 8.24498732527718 11.3102358956821 11.4400463756174 11.7699514627457 8.40276801912114 11.5347147919238 10.82613603957 10.8039033054374 10.9014404616319 10.6956083746627 10.9624011842534 10.2107913335785 11.0914944792166 11.105120993685 11.5196539075114 11.54403819656
-9999 -9999 -9999 -9999 -9999 -9999 -9999 -9999 -9999 -9999 -9999 -9999 -9999 -9999 -9999 -9999 -9999 6.0549998646602 6.03292807703838 11.1779152683448 10.7268059209455 11.2288354013581 11.5598162659444 11.8951002403628 11.0430844936054 11.3353373697028 11.3001953060739 11.426419861149 10.7626651695464 11.028023609193 11.2801141268574 10.7124622215051 11.2736594621092 11.3102358956821 11.3001953060739 11.3998840171844 11.4300057860091 11.1384700948838 11.3274483350106 11.4099246067926 11.224890884012 11.2901547164656 11.06782737514 11.3353373697028 11.265053242445 7.94592119194567 8.56485182279721 11.6100192139857 11.1775566758588 9.08983122231439 11.4701681444421 9.91387675516307 11.5547959711403 11.5605334509164 11.5892208497971 10.2817926458083 10.228003772907 10.6425366867334 10.748680062592 10.9803308085538 11.6301003932022 11.4386120056733
-9999 -9999 -9999 -9999 -9999 -9999 -9999 -9999 -9999 -9999 -9999 -9999 -9999 -9999 7.4025326046829 12.751026352801 12.3745006475794 12.4192429240793 10.5501791997813 10.7300332533196 12.2924207148608 9.00018310081214 11.6100192139857 11.5497756763361 11.4300057860091 11.4902493236586 11.4321573409252 11.4586931848899 10.867732767947 10.7755744990427 11.0079424299765 11.2109057770576 11.544755381532 11.5153507976793 11.424985491205 11.22596666147 11.3898434275761 11.0373470138293 11.4038285345305 11.1782738608308 11.3324686298147 11.3647419535555 11.4565416299738 9.3853114307858 9.3372600376606 11.2761696095113 11.2700735372491 9.89451276091859 10.0673543391749 9.83426922326908 10.8218329297379 11.6451612776145 11.7061220002361 11.6071504740976 11.2973265661858 10.9918057681061 11.1689504561946 11.184011340607 10.3384502585977 11.2349314736202 11.1280709127896 11.2571642077528
-9999 -9999 -9999 -9999 -9999 -9999 -9999 -9999 -9999 -9999 -9999 -9999 -9999 12.5820609885601 11.0572488968028 10.5718939669896 10.9430371900089 11.5010070982389 11.3016296760179 11.3702403716743 11.2535782828927 12.0582598214969 11.9657429601066 12.1626102349255 11.6171910637058 11.4974211733788 11.2750938320532 10.9028748315759 10.8336664817762 10.8039033054374 11.3245795951225 11.6121707689017 11.0344782739412 11.384823132772 11.4156620865688 11.3547013639472 10.5460753079969 11.0592211554758 11.1165959532373 11.1108584734611 11.3697622483596 11.223815106554 11.2851344216615 9.28777427459136 10.7730643516406 8.72980436636135 8.83021026244387 9.911008015275 10.4194921604358 10.0752433738671 10.5758384843357 10.1175572872162 11.8115481911227 10.8562578083947 10.7171239238232 11.0448774560355 11.5167851676233 11.4716025143862 10.9753105137497 10.4374217847362 10.8232672996819 10.9380168952048
-9999 -9999 -9999 -9999 -9999 -9999 -9999 -9999 -9999 -9999 10.2773138988402 12.7332674868272 12.0034463986355 12.102417924774 11.2923062713817 12.3588627797684 12.0075445984756 12.3514091788093 10.1844347858569 8.98392690811306 9.89254050224554 11.3523107473738 12.0840784804896 11.6626127786003 10.9756691062357 10.905384978978 10.8985717217438 11.3923535749782 11.0638828577939 10.9509262247011 11.4296471935231 10.90610216395 10.7113864440471 10.7447355452459 11.5304116820917 11.2801141268574 11.3898434275761 11.4472182253376 11.3353373697028 11.5469069364481 10.0888698883355 9.64493239065632 9.49217199161649 9.5244453153573 10.9193700859323 11.4056214969605 10.9738761438057 10.2366099925712 9.6958525236696 9.45487837307155 9.19095430336893 9.1500747599639 11.2801141268574 11.0556352306157 11.4120761617087 11.424985491205 11.5899380347691 11.6774346013553 10.9157841610722 10.2559739868157 11.6064332891256 11.6214941735379
-9999 -9999 -9999 -9999 -9999 -9999 -9999 -9999 -9999 -9999 14.6949996715412 16.438563245837 12.6325140473268 12.8485976606607 12.7083879986312 12.6330835765693 13.1449997061864 -9999 -9999 9.22999979369342 -9999 9.68770060622965 12.0473586099222 10.7838221262209 10.5955610710662 10.8795663199853 11.0079424299765 11.543321011588 11.303422638448 11.8947416478768 10.9918057681061 10.9200872709043 11.422833936289 11.3536255864892 10.549661232857 11.3798028379679 10.0601824894547 10.4847559928894 11.8097552286927 11.2080370371696 11.465147849638 9.95905940840021 9.86654254700989 10.1390728363767 10.5378276808187 10.9537949645892 11.0362712363712 11.5160679826513 11.6530503123067 11.4407635605894 11.4099246067926 11.6006958093494 11.14600053709 11.4335917108692 11.4350260808133 11.6673940117471 11.7907498269342 11.7455671736971 11.6501815724187 11.6996673354879 11.7175969597884 11.7269203644246
-9999 -9999 -9999 -9999 -9999 -9999 -9999 -9999 -9999 -9999 -9999 -9999 -9999 -9999 -9999 -9999 -9999 -9999 -9999 -9999 -9999 -9999 -9999 -9999 -9999 11.4368907617405 11.5404522716999 11.4855159028433 10.9877417199314 11.107989733573 11.8603167692199 11.5153507976793 11.1083483260591 11.5899380347691 11.5648365607485 10.8494445511606 10.6948911896907 9.64995268546045 10.7350535481237 11.5375835318118 11.6157566937618 11.6157566937618 10.589464998804 10.3757438771427 10.0207373159938 10.5256355362944 10.5751212993637 11.863185509108 11.8531449194998 11.5691396705806 11.1438489821739 11.3554185489193 11.7599108731374 11.7383953239769 11.6301003932022 11.6853236360475 11.8086794512346 11.8653370640241 11.8158513009548 11.7807092373259 10.9925229530782 11.9549851855263
-9999 -9999 -9999 -9999 -9999 -9999 -9999 -9999 -9999 -9999 -9999 -9999 -9999 -9999 -9999 -9999 -9999 -9999 -9999 -9999 -9999 -9999 -9999 -9999 -9999 10.6396679468453 10.7350535481237 10.709234889131 10.8831522448454 11.4809259190224 11.4986164816655 11.3407879754901 11.0818124820944 10.9950331004802 11.0990249214228 10.7325434007216 10.5051957645919 11.3948637223803 11.3303170748986 11.6150395087898 11.9184087519534 11.4601275548339 11.4766228091903 11.3633075836115 11.546189751476 11.6853236360475 11.7369609540328 11.8603167692199 11.3884090576321 11.7563249482773 11.5705740405247 11.7140110349283 11.6867580059916 11.6752830464393 10.4539170390926 11.7864467171021 11.9234290467575 11.8890041681007 11.9384899311699 11.9155400120653 11.6896267458797 11.8524277345277
-9999 -9999 -9999 -9999 -9999 -9999 -9999 -9999 -9999 -9999 -9999 -9999 -9999 -9999 -9999 -9999 -9999 -9999 -9999 -9999 -9999 -9999 -9999 -9999 -9999 -9999 -9999 11.1388286873698 11.4749015652575 11.4316792176105 10.5242011663504 10.2220869968878 11.423013232532 10.7871689894237 11.8151341159828 12.0252693127841 12.2547685038298 10.667638160754 10.7336191781797 11.6164738787338 11.6752830464393 11.5598162659444 11.1108584734611 9.83785514812917 11.3335444072727 11.5002899132669 11.9248634167016 11.462996294722 11.9542680005543 11.8029419714585 11.8330637402833 11.8022247864865 11.8395184050314 11.7721030176617 11.8072450812906 11.7972044916824 11.8696401738562 11.625080098398 11.5727255954407 11.8445386998355 11.6444440926425 11.7082735551521
