EcologicalScience/Bass/data/rs_data_bass/sst_66.asc
NCOLS 226 
NROWS 124 
XLLCORNER -9.41648524995501 
YLLCORNER 47.587301625531 
CELLSIZE 0.0833 
NODATA_value -9999 
[rows 27 to 53 of 124, columns 62 to 123 of 226]
-9999 -9999 -9999 -9999 -9999 -9999 -9999 -9999 -9999 -9999 -9999 -9999 -9999 -9999 -9999 -9999 -9999 -9999 -9999 -9999 -9999 -9999 -9999 -9999 -9999 -9999 -9999 -9999 12.5299997199327 9.01131558805508 9.78499978128821 9.78499978128821 10.7399997599423 10.77499975916 10.6949997609481 10.6249997625127 10.4249997669831 10.5749997636303 10.6599997617304 11.8499997351319 11.9649997325614 11.4149997448549 11.3849997455254 11.2649997482076 11.6399997398257 11.2499997485429 11.3499997463077 11.8499997351319 11.3099997472018 11.3449997464195 11.3849997455254 11.0199997536838 11.0749997524545 10.9399997554719 10.9049997562543 10.9299997556955 10.8149997582659 10.8599997572601 11.1299997512251 11.064999752678 11.044999753125 11.0799997523427
-9999 -9999 -9999 -9999 -9999 -9999 -9999 -9999 -9999 -9999 -9999 -9999 -9999 -9999 -9999 -9999 -9999 -9999 -9999 -9999 -9999 -9999 -9999 -9999 -9999 -9999 -9999 -9999 -9999 -9999 9.78499978128821 9.89999977871776 10.2049997719005 10.629999762401 10.7799997590482 10.6849997611716 10.8549997573718 10.77499975916 10.9449997553602 11.2999997474253 11.2549997484311 11.169999750331 11.4049997450784 11.1249997513369 11.1799997501075 11.2299997489899 11.4399997442961 11.5399997420609 11.6349997399375 11.644999739714 11.4049997450784 11.354999746196 11.1449997508898 11.0499997530133 11.0199997536838 10.9899997543544 10.9849997544661 10.6199997626245 10.5099997650832 10.5449997643009 10.5599997639656 10.5399997644126
-9999 -9999 -9999 -9999 -9999 -9999 -9999 -9999 -9999 -9999 -9999 -9999 -9999 -9999 -9999 -9999 -9999 -9999 -9999 -9999 -9999 -9999 -9999 -9999 -9999 -9999 -9999 -9999 -9999 -9999 -9999 11.1078568945772 10.3899997677654 10.3899997677654 10.6949997609481 10.6449997620657 10.8549997573718 11.5099997427315 10.7049997607246 10.7499997597188 10.9599997550249 11.0599997527897 11.0299997534603 10.9549997551367 11.1399997510016 11.0749997524545 11.5099997427315 11.8399997353554 11.8349997354671 11.6499997396022 11.4699997436255 11.3649997459725 11.2899997476488 11.1049997517839 11.0149997537956 10.899999756366 10.9949997542426 10.77499975916 10.7199997603893 10.6999997608364 10.5849997634068 10.6699997615069
-9999 -9999 -9999 -9999 -9999 -9999 -9999 -9999 -9999 -9999 -9999 -9999 -9999 -9999 -9999 -9999 -9999 -9999 -9999 -9999 -9999 -9999 -9999 -9999 -9999 -9999 -9999 -9999 -9999 -9999 -9999 10.0009372764616 10.4149997672066 10.7449997598305 10.9149997560307 10.7599997594953 11.5349997421727 11.5849997410551 11.4099997449666 11.3899997454137 11.6099997404963 11.4699997436255 11.31499974709 11.1599997505546 11.2999997474253 11.6899997387081 12.0299997311085 12.0299997311085 12.0199997313321 12.1599997282028 11.3449997464195 11.0549997529015 10.9799997545779 10.879999756813 11.0949997520074 11.0599997527897 11.024999753572 10.899999756366 10.8349997578189 10.7249997602776 10.6549997618422 10.6999997608364
-9999 -9999 -9999 -9999 -9999 -9999 -9999 -9999 -9999 -9999 -9999 -9999 -9999 -9999 -9999 -9999 -9999 -9999 -9999 -9999 -9999 -9999 -9999 -9999 -9999 -9999 -9999 -9999 -9999 -9999 -9999 7.68245265847248 10.7499997597188 10.8299997579306 11.0099997539073 10.8749997569248 11.334999746643 11.3999997451901 11.4649997437373 11.6299997400492 11.5999997407198 11.5799997411668 11.1399997510016 12.0849997298792 12.0949997296557 11.5699997413903 11.3499997463077 11.4349997444078 12.059999730438 12.3649997236207 11.6349997399375 11.6899997387081 11.5999997407198 11.644999739714 11.5799997411668 11.1299997512251 11.0949997520074 11.0049997540191 11.064999752678 10.9149997560307 10.8549997573718 11.0049997540191
-9999 -9999 -9999 -9999 -9999 -9999 -9999 -9999 -9999 -9999 -9999 -9999 -9999 -9999 -9999 -9999 -9999 -9999 -9999 -9999 -9999 -9999 -9999 -9999 -9999 -9999 -9999 -9999 -9999 -9999 -9999 -9999 5.95454532145099 10.7449997598305 10.7599997594953 11.2349997488782 11.3499997463077 11.1949997497723 11.0399997532368 11.7399997375906 12.0199997313321 11.189999749884 11.2149997493252 11.6949997385964 11.3749997457489 11.5149997426197 11.6749997390434 11.7949997363612 11.604999740608 11.7999997362494 11.5449997419491 11.8599997349083 11.9299997333437 11.8099997360259 11.9999997317791 11.8199997358024 11.479999743402 11.2949997475371 11.2599997483194 11.1849997499958 11.4249997446314 11.4949997430667
-9999 -9999 -9999 -9999 -9999 -9999 -9999 -9999 -9999 -9999 -9999 -9999 -9999 -9999 -9999 -9999 -9999 -9999 -9999 -9999 -9999 -9999 -9999 -9999 -9999 -9999 -9999 -9999 -9999 -9999 -9999 -9999 11.3310414133982 11.0349997533485 11.1599997505546 11.0899997521192 11.2699997480959 11.2649997482076 11.7649997370318 11.3399997465312 11.9449997330084 11.5049997428432 11.5599997416139 11.624999740161 11.3849997455254 11.3449997464195 11.2749997479841 11.4299997445196 11.6199997402728 11.9199997335672 12.0999997295439 12.0149997314438 11.8249997356907 11.9899997320026 12.0249997312203 11.9299997333437 11.7599997371435 11.624999740161 11.3799997456372 11.2799997478724 11.5399997420609 11.4849997432902
-9999 -9999 -9999 -9999 -9999 -9999 -9999 -9999 -9999 -9999 -9999 -9999 -9999 -9999 -9999 -9999 -9999 -9999 -9999 -9999 -9999 -9999 -9999 -9999 -9999 -9999 -9999 -9999 -9999 -9999 -9999 -9999 -9999 10.6349997622892 10.7849997589365 11.0599997527897 11.1599997505546 11.4249997446314 11.9299997333437 11.6299997400492 11.6899997387081 12.369999723509 12.6999997161329 12.7749997144565 12.7599997147918 12.2149997269735 11.9299997333437 12.1599997282028 12.2949997251853 12.079999729991 11.9399997331202 12.0349997309968 11.934999733232 12.0099997315556 11.7949997363612 11.8299997355789 11.8849997343495 11.9649997325614 11.9949997318909 11.5749997412786 11.5649997415021 11.5349997421727
-9999 -9999 -9999 -9999 -9999 -9999 -9999 11.4285291563172 19.2379995699972 19.2379995699972 14.7179996710271 12.5573910236683 9.33999979123473 -9999 8.41999981179833 -9999 -9999 -9999 -9999 -9999 -9999 -9999 -9999 -9999 -9999 -9999 -9999 -9999 -9999 -9999 -9999 -9999 -9999 -9999 10.5549997640774 10.7949997587129 11.0499997530133 11.4399997442961 11.4049997450784 12.0649997303262 12.1099997293204 12.6449997173622 13.1349997064099 12.8599997125566 12.9399997107685 12.9249997111037 12.8349997131154 12.079999729991 11.7549997372553 12.0499997306615 12.2799997255206 12.0449997307733 11.9649997325614 12.1549997283146 12.039999730885 11.8449997352436 11.8249997356907 11.8449997352436 11.7649997370318 11.6299997400492 11.6149997403845 13.0249997088686
-9999 -9999 -9999 -9999 13.8705879252623 13.8941173365011 16.7474996256642 13.6899996940047 13.8349996907637 14.0399996861815 14.5199996754527 6.29055541495068 -9999 -9999 -9999 -9999 -9999 -9999 -9999 -9999 -9999 -9999 -9999 -9999 -9999 -9999 -9999 -9999 -9999 -9999 -9999 -9999 -9999 -9999 11.4263633809645 11.1999997496605 11.1749997502193 11.9749997323379 11.7749997368082 12.3249997245148 12.6949997162446 12.784999714233 12.9749997099862 13.1599997058511 13.1949997050688 13.1249997066334 13.0999997071922 13.21999970451 12.889999711886 12.8849997119978 12.8099997136742 12.5949997184798 12.2899997252971 12.1949997274205 11.9549997327849 11.7049997383729 11.6849997388199 11.5949997408316 11.5749997412786 11.6349997399375 11.5399997420609 11.5299997422844
13.3049997026101 13.0049997093156 9.79874978098087 12.4141663891884 13.4249996999279 13.4149997001514 13.4549996992573 13.5799996964633 13.6099996957928 13.3399997018278 -9999 -9999 -9999 -9999 -9999 -9999 -9999 -9999 -9999 -9999 -9999 -9999 -9999 -9999 -9999 -9999 -9999 -9999 -9999 -9999 -9999 -9999 -9999 -9999 11.2491376795967 10.4787497657817 11.1449997508898 11.2249997491017 11.1649997504428 11.5349997421727 12.639999717474 12.929999710992 13.2649997035041 13.6099996957928 13.614999695681 13.4949996983632 13.4299996998161 13.4999996982515 13.3799997009337 12.9949997095391 12.8349997131154 12.6249997178093 12.4299997221678 12.5749997189268 11.5049997428432 12.039999730885 12.2849997254089 11.934999733232 11.7599997371435 11.5749997412786 12.5499997194856 12.0949997296557
13.1499997060746 13.1499997060746 12.0449997307733 12.0349997309968 12.2999997250736 13.0599997080863 13.2349997041747 13.4999996982515 13.5699996966869 13.5949996961281 -9999 -9999 -9999 -9999 -9999 -9999 -9999 -9999 -9999 -9999 -9999 -9999 -9999 -9999 -9999 -9999 -9999 -9999 -9999 -9999 -9999 -9999 -9999 -9999 -9999 13.489999698475 11.0149997537956 11.0599997527897 11.1499997507781 11.3224997469224 11.0599997527897 12.3549997238442 13.0649997079745 13.5449996972457 13.7499996926636 13.9199996888638 13.8849996896461 13.4349996997043 12.8399997130036 12.5599997192621 12.2099997270852 12.514999720268 12.5099997203797 12.3449997240677 11.8499997351319 11.7599997371435 11.8749997345731 11.8299997355789 11.6649997392669 11.5449997419491 11.3899997454137 11.1599997505546
12.3999997228384 11.7749997368082 11.7749997368082 12.0749997301027 12.2199997268617 12.8499997127801 13.0799997076392 13.3849997008219 13.4399996995926 -9999 -9999 -9999 -9999 -9999 -9999 -9999 -9999 -9999 -9999 -9999 -9999 -9999 -9999 -9999 -9999 -9999 -9999 -9999 -9999 -9999 -9999 -9999 -9999 -9999 -9999 -9999 10.3822724952108 11.5274997423403 11.0749997524545 11.0424997531809 11.6499997396022 11.9566663994143 14.089999685064 13.2949997028336 13.0949997073039 13.0099997092038 13.5849996963516 13.1899997051805 13.0999997071922 13.179999705404 12.9549997104332 12.5199997201562 12.3899997230619 12.0749997301027 12.1999997273088 11.7849997365847 11.6399997398257 11.4749997435138 11.4099997449666 11.4099997449666 11.3799997456372 11.2599997483194
13.2399997040629 13.2349997041747 12.8849997119978 12.0899997297674 12.5599997192621 12.8799997121096 13.1149997068569 13.324999702163 12.7897884929553 -9999 -9999 -9999 -9999 -9999 -9999 -9999 -9999 -9999 -9999 -9999 -9999 -9999 -9999 -9999 -9999 -9999 -9999 -9999 -9999 -9999 -9999 -9999 -9999 -9999 -9999 -9999 -9999 -9999 -9999 11.7677775147474 9.31299979183823 9.86499977950007 11.3237497468945 12.378333056656 12.514999720268 12.2149997269735 12.4199997223914 12.5999997183681 12.5999997183681 12.929999710992 12.8699997123331 12.4199997223914 12.3149997247383 11.9099997337908 11.8699997346848 11.2349997488782 11.1199997514486 11.0699997525662 11.2499997485429 11.0599997527897 11.1199997514486 10.9399997554719
11.5874997409992 11.7124997382052 11.9824997321703 12.4599997214973 12.7599997147918 12.7099997159094 12.9949997095391 13.4149997001514 13.4149997001514 -9999 -9999 -9999 -9999 -9999 -9999 -9999 -9999 -9999 -9999 -9999 -9999 -9999 -9999 -9999 -9999 -9999 -9999 -9999 -9999 -9999 -9999 -9999 -9999 -9999 -9999 -9999 -9999 -9999 -9999 -9999 -9999 -9999 -9999 6.38116652403648 11.9799997322261 11.354999746196 11.9849997321144 12.2349997265264 12.2699997257441 12.3999997228384 12.4599997214973 12.514999720268 12.2199997268617 11.1649997504428 11.1649997504428 11.0099997539073 10.9949997542426 10.8449997575954 10.8449997575954 10.8949997564778 10.8749997569248 10.7499997597188
11.7849997365847 12.0024997317232 12.4899997208267 12.5249997200444 12.4499997217208 12.4499997217208 13.1399997062981 13.3849997008219 13.4599996991456 13.6699996944517 -9999 -9999 -9999 -9999 -9999 16.1899624452926 -9999 -9999 -9999 -9999 -9999 -9999 -9999 -9999 -9999 -9999 -9999 -9999 -9999 -9999 -9999 -9999 -9999 -9999 -9999 -9999 -9999 -9999 -9999 -9999 -9999 -9999 -9999 -9999 11.0099997539073 10.5449997643009 10.9549997551367 12.1949997274205 12.3949997229502 12.4549997216091 12.6649997169152 12.2399997264147 12.8199997134507 11.1049997517839 10.8699997570366 10.7599997594953 10.3749997681007 9.95499977748841 10.0549997752532 9.97499977704138 9.98499977681786 9.99499977659434
12.7524997149594 12.4874997208826 13.7349996929988 11.9999997317791 12.3949997229502 12.494999720715 12.1899997275323 13.3199997022748 13.2799997031689 12.9749997099862 13.519117344883 -9999 -9999 -9999 -9999 -9999 -9999 -9999 -9999 -9999 -9999 -9999 -9999 -9999 -9999 -9999 -9999 -9999 -9999 -9999 -9999 -9999 -9999 -9999 -9999 -9999 -9999 -9999 -9999 -9999 -9999 -9999 -9999 -9999 -9999 11.1099997516721 11.5249997423962 11.7299997378141 12.1049997294322 12.6299997176975 11.8599997349083 10.9449997553602 11.3749997457489 11.9799997322261 10.8699997570366 10.8899997565895 10.4149997672066 10.5599997639656 10.6149997627363 10.4099997673184 10.464999766089 10.3799997679889
13.4124997002073 13.1549997059628 13.2774997032247 11.5849997410551 12.2149997269735 12.4549997216091 13.1549997059628 13.2949997028336 13.3799997009337 13.2549997037277 12.8799997121096 6.20219986137003 -9999 -9999 -9999 -9999 20.4960748106942 20.4960748106942 -9999 -9999 -9999 -9999 -9999 -9999 -9999 -9999 -9999 -9999 -9999 -9999 -9999 -9999 -9999 -9999 -9999 -9999 -9999 -9999 -9999 -9999 -9999 -9999 -9999 -9999 -9999 8.8399998024106 14.1448777326178 11.7199997380376 12.0049997316673 11.5599997416139 11.1649997504428 11.3049997473136 10.8449997575954 10.6249997625127 10.6149997627363 10.754999759607 10.2849997701123 10.2949997698888 10.3299997691065 10.3349997689947 10.4399997666478 10.5099997650832
10.879999756813 10.879999756813 12.9199997112155 11.8499997351319 11.9299997333437 12.3849997231737 13.1349997064099 13.4649996990338 13.6299996953458 13.614999695681 13.4049997003749 13.4349996997043 8.6484208593243 18.277499591466 14.7633330033471 14.7633330033471 13.6813633305613 15.6311286828751 -9999 -9999 -9999 -9999 -9999 -9999 -9999 -9999 -9999 -9999 -9999 -9999 -9999 -9999 -9999 -9999 -9999 -9999 -9999 -9999 -9999 -9999 -9999 -9999 -9999 -9999 -9999 -9999 -9999 -9999 12.9894441541077 10.6387497622054 11.2049997495487 11.3049997473136 11.4099997449666 11.0399997532368 10.3999997675419 10.2949997698888 10.2599997706711 10.2199997715652 10.2099997717887 10.2549997707829 10.3349997689947 10.8199997581542
11.7799997366965 12.0049997316673 12.2399997264147 12.2149997269735 12.0299997311085 12.1899997275323 13.3899997007102 13.6399996951222 13.8499996904284 14.0649996856228 14.1349996840581 14.2499996814877 12.9774997099303 14.089999685064 14.2749996809289 14.2749996809289 14.5358330084321 -9999 -9999 -9999 -9999 -9999 -9999 -9999 -9999 -9999 -9999 -9999 -9999 -9999 -9999 -9999 -9999 -9999 -9999 -9999 -9999 -9999 -9999 -9999 -9999 -9999 -9999 -9999 -9999 -9999 -9999 -9999 11.9549997327849 11.8649997347966 11.4149997448549 11.2899997476488 11.3299997467548 11.1249997513369 10.484999765642 10.2849997701123 10.2599997706711 10.2899997700006 10.3349997689947 10.3699997682124 10.6049997629598 10.194999772124
11.624999740161 11.7949997363612 12.0624997303821 12.3324997243471 12.1549997283146 12.2749997256324 12.7699997145683 13.6699996944517 13.9299996886402 14.2249996820465 14.379999678582 14.4399996772408 14.2499996814877 14.2499996814877 13.8199996910989 13.9149996889755 6.83277762505329 -9999 -9999 -9999 -9999 -9999 -9999 -9999 -9999 -9999 -9999 -9999 -9999 -9999 -9999 -9999 -9999 -9999 -9999 -9999 -9999 -9999 -9999 -9999 -9999 -9999 -9999 -9999 -9999 -9999 -9999 -9999 11.1569997506216 11.6749997390434 11.5249997423962 11.1449997508898 10.7599997594953 10.5799997635186 10.4699997659773 10.3249997692183 10.2799997702241 10.3499997686595 10.3699997682124 10.3449997687712 10.6149997627363 10.8849997567013
11.5574997416697 11.9674997325055 11.8199997358024 11.8199997358024 12.1649997280911 12.1799997277558 14.6649996722117 14.3649996789172 14.4899996761233 14.629999672994 14.7199996709824 14.6449996726587 14.649999672547 14.7049996713176 14.8599996678531 6.69999985024333 -9999 -9999 -9999 -9999 -9999 -9999 -9999 -9999 -9999 -9999 -9999 -9999 -9999 -9999 -9999 -9999 -9999 -9999 -9999 -9999 -9999 -9999 -9999 -9999 -9999 -9999 -9999 -9999 -9999 -9999 -9999 -9999 13.1787093828522 11.4369997443631 11.2249997491017 11.1599997505546 10.77499975916 10.5249997647479 10.339999768883 10.2549997707829 10.2599997706711 10.3099997695535 10.3749997681007 10.3499997686595 10.3999997675419 9.91999977827072
11.9224997335114 12.184999727644 12.2749997256324 11.8449997352436 11.7199997380376 13.2849997030571 13.9549996880814 15.8649996453896 15.3449996570125 16.3549996344373 16.1549996389076 16.0249996418133 15.5899996515363 15.5249996529892 15.354999656789 -9999 -9999 -9999 -9999 -9999 -9999 -9999 -9999 -9999 -9999 -9999 -9999 -9999 -9999 -9999 -9999 -9999 -9999 -9999 -9999 -9999 -9999 -9999 -9999 -9999 -9999 -9999 -9999 -9999 -9999 -9999 -9999 -9999 -9999 13.0948145221229 11.2699997480959 11.1949997497723 10.9599997550249 10.7199997603893 10.4499997664243 10.3799997679889 10.3249997692183 10.3149997694418 10.3849997678772 10.4949997654185 10.464999766089 10.4199997670949
12.039999730885 12.1899997275323 12.1899997275323 12.494999720715 12.2274997266941 12.5524997194298 16.0899996403605 16.6699996273965 16.7799996249378 16.9899996202439 16.0699996408075 15.8949996447191 15.7649996476248 15.1199996620417 15.2049996601418 14.0422219083541 -9999 -9999 -9999 -9999 -9999 -9999 -9999 -9999 -9999 -9999 -9999 -9999 -9999 -9999 -9999 -9999 -9999 -9999 -9999 -9999 -9999 -9999 -9999 -9999 -9999 -9999 -9999 -9999 -9999 -9999 11.6232976125395 8.2949998145923 8.28499981481582 -9999 11.5949583295733 9.70899978298694 11.0599997527897 10.8949997564778 10.754999759607 10.6799997612834 10.4349997667596 10.359999768436 10.3949997676536 10.5449997643009 10.6799997612834 10.7399997599423
11.8449997352436 11.9874997320585 12.0699997302145 12.3574997237884 14.8099996689707 14.9599996656179 15.8399996459484 15.8449996458367 13.2474997038953 13.5899996962398 15.8049996467307 15.0799996629357 15.0249996641651 15.2899996582419 14.0990905939517 -9999 -9999 -9999 -9999 -9999 -9999 -9999 -9999 -9999 -9999 -9999 -9999 -9999 -9999 -9999 -9999 -9999 -9999 -9999 -9999 -9999 -9999 -9999 -9999 -9999 -9999 -9999 -9999 -9999 -9999 -9999 -9999 11.8849997343495 8.48499981034547 15.3912496559788 14.0229996865615 14.0029996870086 11.8499997351319 12.9499997105449 12.6949997162446 11.0049997540191 10.6949997609481 10.6349997622892 10.7449997598305 10.7299997601658 10.6999997608364 11.2449997486547
11.8124997359701 12.0199997313321 12.142499728594 12.3049997249618 12.5249997200444 12.7149997157976 13.5599996969104 13.179999705404 12.8099997136742 13.4349996997043 14.7299996707588 14.8149996688589 14.8399996683002 14.8449996681884 17.1682349103777 -9999 -9999 -9999 -9999 -9999 -9999 -9999 -9999 -9999 -9999 -9999 -9999 -9999 -9999 -9999 -9999 -9999 -9999 -9999 -9999 -9999 -9999 -9999 -9999 -9999 -9999 -9999 -9999 -9999 -9999 -9999 -9999 -9999 -9999 -9999 14.7099996712059 14.3099996801466 13.2849997030571 12.9549997104332 12.4999997206032 12.4499997217208 12.7449997151271 12.2699997257441 11.5449997419491 11.3999997451901 11.2049997495487 11.2249997491017
12.0299997311085 12.2174997269176 12.2499997261912 12.4274997222237 12.6649997169152 12.6649997169152 12.9049997115508 12.8799997121096 13.5199996978045 13.5199996978045 13.469999698922 14.0349996862933 14.9749996652827 15.0899996627122 15.0399996638298 -9999 -9999 -9999 -9999 -9999 -9999 -9999 -9999 -9999 -9999 -9999 -9999 -9999 -9999 -9999 -9999 -9999 -9999 -9999 -9999 -9999 -9999 -9999 -9999 -9999 -9999 -9999 -9999 -9999 -9999 -9999 -9999 -9999 -9999 -9999 -9999 -9999 12.5049997204915 12.784999714233 13.1099997069687 13.2549997037277 13.2349997041747 13.034999708645 12.8699997123331 11.749999737367 11.5649997415021 10.8599997572601
