EcologicalScience/Bass/data/rs_data_bass/sst_264.asc
NCOLS 226 
NROWS 124 
XLLCORNER -9.41648524995501 
YLLCORNER 47.587301625531 
CELLSIZE 0.0833 
NODATA_value -9999 
[rows 0 to 26 of 124, columns 62 to 123 of 226]
-9999 -9999 -9999 -9999 -9999 -9999 -9999 -9999 -9999 -9999 -9999 -9999 -9999 -9999 -9999 -9999 -9999 -9999 -9999 -9999 -9999 -9999 -9999 -9999 -9999 -9999 -9999 -9999 -9999 -9999 -9999 -9999 -9999 -9999 -9999 -9999 -9999 -9999 -9999 -9999 -9999 -9999 -9999 -9999 -9999 -9999 -9999 -9999 -9999 -9999 -9999 -9999 -9999 -9999 -9999 -9999 -9999 -9999 -9999 -9999 -9999 -9999
-9999 -9999 -9999 -9999 -9999 -9999 -9999 -9999 -9999 -9999 -9999 -9999 -9999 -9999 -9999 -9999 -9999 -9999 -9999 -9999 -9999 -9999 -9999 -9999 -9999 -9999 -9999 -9999 -9999 -9999 -9999 -9999 -9999 -9999 -9999 -9999 -9999 -9999 -9999 -9999 -9999 -9999 -9999 -9999 -9999 -9999 -9999 -9999 -9999 -9999 -9999 -9999 -9999 -9999 -9999 -9999 -9999 -9999 -9999 -9999 -9999 -9999
-9999 -9999 -9999 -9999 -9999 -9999 -9999 -9999 -9999 -9999 -9999 -9999 -9999 -9999 -9999 -9999 -9999 -9999 -9999 -9999 -9999 -9999 -9999 -9999 -9999 -9999 -9999 -9999 -9999 -9999 -9999 -9999 -9999 -9999 -9999 -9999 -9999 -9999 -9999 -9999 -9999 -9999 -9999 -9999 -9999 -9999 -9999 -9999 -9999 -9999 -9999 -9999 -9999 -9999 -9999 -9999 -9999 -9999 -9999 -9999 -9999 -9999
-9999 -9999 -9999 -9999 -9999 -9999 -9999 -9999 -9999 -9999 -9999 -9999 -9999 -9999 -9999 -9999 -9999 -9999 -9999 -9999 -9999 -9999 -9999 -9999 -9999 -9999 -9999 -9999 -9999 -9999 -9999 -9999 -9999 -9999 -9999 -9999 -9999 -9999 -9999 -9999 -9999 -9999 -9999 -9999 -9999 -9999 -9999 -9999 -9999 -9999 -9999 -9999 -9999 -9999 -9999 -9999 -9999 -9999 -9999 -9999 -9999 -9999
-9999 -9999 -9999 -9999 -9999 -9999 -9999 -9999 -9999 -9999 -9999 -9999 -9999 -9999 -9999 -9999 -9999 -9999 -9999 -9999 -9999 -9999 -9999 -9999 -9999 -9999 -9999 -9999 -9999 -9999 -9999 -9999 -9999 -9999 -9999 -9999 -9999 -9999 -9999 -9999 -9999 -9999 -9999 -9999 -9999 -9999 -9999 -9999 -9999 -9999 -9999 -9999 -9999 -9999 -9999 -9999 -9999 -9999 -9999 -9999 -9999 -9999
-9999 -9999 -9999 -9999 -9999 -9999 -9999 -9999 -9999 -9999 -9999 -9999 -9999 -9999 -9999 -9999 -9999 -9999 -9999 -9999 -9999 -9999 -9999 -9999 -9999 -9999 -9999 -9999 11.6799997389317 11.8679569846361 12.7922986403573 12.9959791724104 12.8425015883986 11.6702627516352 11.94207585603 11.8868526131846 11.8703573588282 11.7964873067103 11.7125766649842 11.5347147919238 11.5296944971196 11.7348093991168 11.783577977214 11.8201544107869 11.9671773300506 11.8976103877649 11.9650257751346 12.0109256133437 12.0747550758533 12.0840784804896 12.2730567206163 12.4885708047077 12.1837671916001 12.2371974720154 12.1290818374837 12.2762840529904 11.8923032189719 12.8012634525076 11.6494643874466 12.0059053185396 12.0840784804896 12.4498428162187
-9999 -9999 -9999 -9999 -9999 -9999 -9999 -9999 -9999 -9999 -9999 -9999 -9999 -9999 -9999 -9999 -9999 -9999 -9999 -9999 -9999 -9999 -9999 -9999 -9999 -9999 -9999 12.9224677127786 12.9715948833618 13.0798898141365 13.0235907938331 12.940397337079 12.8267235190142 12.5524002672173 12.023117757868 11.8359324801713 11.6846064510755 11.5153507976793 11.5648365607485 11.386257502716 11.4278542310931 12.4953840619419 12.5678197441157 12.382427428849 12.182691414142 11.8251747055911 11.9248634167016 11.7398296939209 11.9521164456382 11.8251747055911 12.7162770333234 11.7749717575498 11.8036591564305 10.6626178659499 10.469695108477 11.9600054803304 12.0202490179799 12.2813043477945 12.2676778333262 12.462034960743 12.4821161399595 12.5280159781687
-9999 -9999 -9999 -9999 -9999 -9999 -9999 -9999 -9999 -9999 -9999 -9999 -9999 -9999 -9999 -9999 -9999 -9999 -9999 -9999 -9999 -9999 -9999 -9999 -9999 -9999 13.3260635557817 13.2088038128568 13.1724066755269 13.0637531522661 13.018211906543 12.8948560913559 12.7940916027874 12.6384624638595 12.6804177847225 12.5861079609022 12.8650929150172 11.9248634167016 12.5990172903985 11.146717722062 12.6624881604221 12.5226370908786 12.6226843944751 12.7578737617005 12.7252418454736 12.6843623020686 10.947340299841 10.6740928255022 11.4206823813729 11.6996673354879 11.7312234742567 11.9162571970373 11.6552018672228 11.4558244450018 12.1285439487547 11.3482466991991 12.1866359314881 12.3982054982334 12.4319131919183 12.2547685038298 12.378841503989 12.5760673712939
-9999 -9999 -9999 -9999 -9999 -9999 -9999 -9999 -9999 -9999 -9999 -9999 -9999 -9999 -9999 -9999 -9999 -9999 -9999 -9999 -9999 -9999 -9999 -9999 -9999 11.5340693254489 13.0447477505077 14.1223181709647 14.214835032355 12.9536652590614 12.898979904945 13.0558641175739 12.6944028916769 12.8260063340422 12.7987533051055 11.6602221620269 11.7319406592287 11.7097079250962 12.8823053543456 11.7699514627457 11.6874751909636 11.744849988725 12.5922040331643 12.7349238425959 12.7334894726519 12.5853907759301 12.5538346371613 12.4347819318064 12.0367442723364 11.5103305028751 12.0037537636235 12.061128561385 12.2748496830463 12.2389904344454 12.0596941914409 12.1522110528313 12.3193151513115 12.4763786601834 12.4276100820862 12.4412365965545 12.460600590799 12.5143894637004
-9999 -9999 -9999 -9999 -9999 -9999 -9999 -9999 -9999 -9999 -9999 -9999 -9999 -9999 -9999 -9999 -9999 -9999 -9999 -9999 -9999 -9999 -9999 -9999 -9999 13.2708403129363 13.0547883401159 13.2169916746207 13.0419985414483 13.9301125984639 12.7682729437947 11.6552018672228 12.7575151692145 11.7699514627457 12.6850794870406 12.7768791634589 11.7513046534732 12.6234015794471 12.1055940296501 11.7276375493966 11.703253260348 11.5770287052728 11.5569475260563 12.8826639468316 8.12521743495017 12.818475891836 12.9335840798449 12.0898159602657 11.6430097226985 11.5698568555526 12.1192205441184 12.221777995117 12.1285439487547 12.2138889604248 12.2167577003129 12.4433881514706 12.5265816082247 12.5179753885604 12.2475966541097 12.3644978045486 12.5272987931967 12.539490937721
-9999 -9999 -9999 -9999 -9999 -9999 -9999 -9999 -9999 -9999 -9999 -9999 -9999 -9999 -9999 -9999 -9999 -9999 -9999 -9999 -9999 -9999 -9999 -9999 12.1877117089462 13.019646276487 13.0300454585813 14.1452680900693 13.1813714876771 11.6903439308517 12.898442016216 12.9694433284458 12.8396328485105 12.7944501952734 12.7270348079037 12.7134082934354 11.7921841968782 11.7326578442007 11.6996673354879 11.4421979305334 11.3403576645069 11.4902493236586 11.5124820577912 11.5504928613082 12.939680152107 11.8897213530727 9.53520308993757 10.9537949645892 12.2942136772908 12.1873531164601 12.1687063071877 12.1529282378033 11.9384899311699 12.143604833167 12.3264870010316 12.378841503989 12.4240241572261 12.620532839559 12.2425763593055 12.4871364347637 12.459166220855 12.5947141805664
-9999 -9999 -9999 -9999 -9999 -9999 -9999 -9999 -9999 -9999 -9999 -9999 -9999 -9999 -9999 -9999 -9999 -9999 -9999 -9999 -9999 -9999 -9999 -9999 13.1938026938587 13.1057084731292 13.2694059429923 12.9364528197329 13.0293282736093 12.9041794959921 12.9095583832823 12.8518249930348 12.8048493773676 12.8109454496298 12.8521835855208 12.778313533403 12.7567979842424 12.8919873514678 12.9041794959921 11.4027527570724 11.346095144283 11.4837946589105 11.4952696184628 11.6408581677824 12.0281380526721 11.9076509773731 12.100573734846 12.2346873246133 11.9750663647428 12.0783410007134 12.3558915848844 12.3193151513115 12.0532395266928 12.2540513188578 12.3444166253321 12.419721047394 12.4068117178977 12.3673665444367 12.4584490358829 12.4699239954352 11.7756889425218 12.6169469146989
-9999 -9999 -9999 -9999 -9999 -9999 -9999 -9999 -9999 -9999 -9999 -9999 -9999 -9999 -9999 -9999 -9999 -9999 -9999 -9999 -9999 -9999 -9999 13.1599997058511 13.1964323720895 12.9292809700128 12.938604374649 12.8683202473912 12.8909115740098 12.8270821115002 12.8109454496298 12.739226952428 12.7747276085429 12.7664799813647 12.857203880325 12.8084353022277 12.9827112504281 9.99491865700111 12.9690847359598 12.9597613313235 11.6150395087898 11.7297891043127 11.6824548961595 11.7297891043127 11.9643085901625 11.9356211912818 12.1149174342863 12.1220892840065 12.1973937060684 12.5158238336444 12.5954313655384 12.618381284643 12.6370280939154 12.6649983078241 12.5452284174971 12.3480025501922 12.501480134204 12.4641865156591 12.3193151513115 12.3587603247724 11.6272316533141 11.7276375493966
-9999 -9999 -9999 -9999 -9999 -9999 -9999 -9999 -9999 -9999 -9999 -9999 -9999 -9999 -9999 -9999 -9999 -9999 -9999 -9999 -9999 10.4664927941834 13.2623109345191 13.0906475887168 12.9063310509082 12.6251945418771 12.8245719640981 12.9099169757683 12.6875896344427 12.6463514985517 12.6409726112615 12.6782662298065 12.6043961776886 12.7618182790466 12.7342066576239 12.5133136862423 12.6413312037475 12.9282051925547 12.8636585450731 12.8317438138183 11.505310208071 11.7398296939209 11.8266090755351 11.8925900929607 11.9155400120653 11.9714804398827 12.1464735730551 12.1852015615441 12.2899105674587 12.5136722787283 12.6492202384397 12.6972716315649 12.5724814464338 12.6291390592232 12.5143894637004 12.1895046713762 12.340830700472 12.2956480472349 12.540208122693 9.84000670304522 12.0152287231758 13.2789086438715
-9999 -9999 -9999 -9999 -9999 -9999 -9999 -9999 -9999 -9999 -9999 -9999 -9999 -9999 -9999 -9999 -9999 -9999 -9999 -9999 11.8858518899678 12.8450117358007 13.0368587158155 13.4797204360366 12.7550050218124 12.1854406232014 12.2308623380959 12.4545045185369 12.4534287410788 12.4950254694559 12.4458982988726 12.7152012558654 12.2773598304484 12.6266289118212 12.4810403625015 12.4043015704956 12.4498428162187 12.6298562441953 12.6115680274088 12.818475891836 12.7277519928757 11.8947416478768 11.864619879052 11.9047822374851 11.9334696363658 11.9800866595469 11.9800866595469 12.1916562262923 12.3099917466752 12.2734153131023 12.3401135155 12.2583544286899 12.4441053364426 12.5997344753705 12.4713583653793 12.3594775097445 12.2246467350051 12.103442474734 12.419721047394 12.857203880325 12.8213446317241 12.8966490537859
-9999 -9999 -9999 -9999 -9999 -9999 -9999 -9999 -9999 -9999 -9999 -9999 -9999 -9999 -9999 -9999 -9999 -9999 -9999 -9999 9.70583074936724 12.3122457565873 13.2147205888759 12.8801537994295 12.1715750470757 12.7521362819243 12.2956480472349 12.3688009143807 12.539849530207 12.5097277613822 12.4494842237327 12.4401608190965 12.618381284643 12.5667439666577 12.5843149984721 12.5699712990317 12.5262230157387 12.6255531343631 12.5470213799272 12.7826166432351 12.738868359942 11.4845118438825 11.5655537457205 11.8251747055911 11.9987334688194 11.8438215148635 11.9334696363658 12.1450392031111 12.3365275906399 12.3229010761715 12.3358104056679 12.2841730876826 12.2483138390817 12.2942136772908 12.3092745617032 12.3315072958358 13.2014526668936 13.3097475976683 13.1627246784046 12.8256477415562 12.9698019209318 12.3229010761715
-9999 -9999 -9999 -9999 -9999 -9999 -9999 -9999 -9999 -9999 -9999 -9999 -9999 -9999 -9999 -9999 -9999 -9999 12.9859156939201 13.4460127423517 13.2118518489879 12.8640171375591 12.502197319176 12.6549577182159 12.8435773658566 12.8292336664163 12.819193076808 12.6456343135796 12.7134082934354 12.7137668859214 12.6452757210936 12.6320077991113 12.5739158163778 12.5262230157387 12.5197683509905 12.0026779861655 12.1303369111847 12.2067171107046 12.2748496830463 12.8797952069435 11.6889095609076 11.7118594800122 11.663090901915 11.8065278963186 11.8976103877649 12.1256752088666 12.0388958272524 12.1256752088666 12.2648090934381 12.2124545904808 12.2131717754528 12.2963652322069 12.3688009143807 12.4390850416385 12.4749442902394 12.6004516603425 12.4570146659389 13.0823999615386 13.3305459618568 13.616702765692 12.5050660590641 13.0845515164547
-9999 -9999 -9999 -9999 -9999 -9999 -9999 -9999 -9999 -9999 -9999 -9999 -9999 -9999 -9999 -9999 9.320829981938 12.9678552760077 12.9102755682543 12.7933744178154 12.9152958630584 12.7940916027874 12.8543351404369 12.9346598573029 12.8676030624192 12.9102755682543 12.899159201188 12.7628940565046 12.658543643076 12.6553163107019 12.6449171286076 12.6108508424368 12.502197319176 12.6047547701746 12.5287331631407 12.4649037006311 12.3250526310876 12.2518997639418 11.3252967800945 11.3568529188633 11.544755381532 11.7211828846484 12.0431989370845 12.1242408389226 12.1192205441184 12.2246467350051 12.1522110528313 12.2117374055088 12.2554856888019 12.7768791634589 12.6628467529081 12.699423186481 13.0092470943928 13.1820886726491 13.1404919442721 13.1605731234886 13.0486922678538 13.1103701754473 13.1354716494679 13.2050385917537 13.337000626605 13.4488814822398
-9999 -9999 -9999 -9999 -9999 -9999 -9999 -9999 -9999 -9999 9.31797662599724 9.37031291028404 8.8004162726732 -9999 -9999 -9999 8.70149844884872 13.1017639557831 13.098895215895 13.0472578979097 13.1261482448317 13.7106539970264 13.1569871986285 12.9221091202926 12.8661686924752 12.8647343225311 12.9224677127786 12.9353770422749 12.7195043656975 12.7578737617005 12.7162770333234 12.6700186026283 12.5947141805664 11.8552964744158 12.5265816082247 12.5480971573852 12.299233972095 12.2748496830463 12.3185979663394 11.3762169131078 11.5232398323715 11.6085848440416 11.8187200408429 11.9894100641832 12.2325357696973 12.1507766828872 12.3121433015913 12.3049714518711 13.2466353201307 13.1677449732088 13.0831171465106 13.2767570889555 13.13618883444 13.3140507075004 13.2330088056624 13.2344431756064 13.3312631468289 13.4754173262045 13.3205053722486 13.4187597134151 13.4273659330793 13.4596392568201
-9999 -9999 -9999 -9999 -9999 -9999 -9999 -9999 -9999 -9999 -9999 -9999 -9999 -9999 -9999 -9999 -9999 11.6349997399375 12.1925841480807 12.9841456203721 13.0637531522661 13.7619327225257 13.2638477594592 13.3613849156536 13.1322443170939 12.7948087877594 12.819193076808 12.7359996200539 12.9888073226903 12.5509658972733 12.6126438048668 12.7897884929553 12.5624408568256 12.4039429780096 12.3659321744926 12.4039429780096 12.3214667062275 12.1601000875235 12.0424817521125 12.0102084283717 11.506027393043 11.5512100462802 12.2239295500331 12.3601946947165 12.8536179554649 12.5739158163778 12.3702352843247 12.4727927353233 13.4022644590586 13.45605333196 13.2200994761661 13.0049439845607 13.3721426902339 13.1046326956712 13.0730765569024 13.1462294240482 13.1978667420335 13.1648762333207 13.6281777252443 13.5829950720072 13.7056337022223 13.6912900027819
-9999 -9999 -9999 -9999 -9999 -9999 -9999 -9999 -9999 -9999 -9999 -9999 -9999 -9999 13.4818002724554 13.4101534937508 12.2222561184317 12.1971887960764 12.8295922589023 13.017136129085 13.2053971842397 13.05980863492 13.0379344932735 12.738868359942 13.0651875222102 13.1150318777654 12.7510605044663 12.7238074755296 12.3652149895206 12.6398968338035 12.5653095967136 12.5186925735325 12.3759727641009 12.3092745617032 12.4699239954352 12.3709524692968 12.3903164635412 11.9851069543511 12.0647144862451 12.6549577182159 12.698706001509 12.7639698339626 12.4182866774499 13.1541184587404 12.2382732494734 13.3061616728082 13.4388408926316 13.0092470943928 13.3821832798421 13.376445800066 13.0522781927139 13.3391521815211 13.3398693664931 13.1820886726491 13.494781320449 13.3621021006256 13.2853633086197 13.4495986672118 13.7142399218865 13.6324808350764 13.7192602166906 13.734321101103
-9999 -9999 -9999 -9999 -9999 -9999 -9999 -9999 -9999 -9999 -9999 -9999 8.84175010243893 12.3240166972391 13.1698965281248 13.0400860481896 13.137623204384 13.3262428520247 12.658543643076 12.9224677127786 12.7270348079037 13.2903836034238 13.1673863807227 12.899159201188 12.8475218832027 13.1419263142161 12.8285164814442 12.7560807992704 12.9203161578625 12.5753501863219 12.4240241572261 12.3336588507518 12.1220892840065 12.1084627695382 12.2798699778505 12.3931852034293 12.4175694924779 12.7750862010289 12.7152012558654 12.6958372616209 12.9497207417153 12.9353770422749 13.1397747593001 13.2150791813619 12.4240241572261 13.0228736088611 13.6202886905521 13.6389354998246 13.6862697079778 13.3585161757655 13.6877040779218 13.1641590483487 13.5249030892737 13.4682454764843 13.4775688811205 13.5299233840778 13.5543076731265 13.5786919621751 13.6418042397127 13.6116824708879 13.615268395748 13.695593112614
-9999 -9999 -9999 -9999 -9999 -9999 -9999 -9999 -9999 -9999 10.7344388181477 12.5593330552801 13.3716645669192 13.3800317249261 13.6324808350764 13.3549302509055 13.0780968517065 12.7959562837146 11.8511368015781 12.9511551116593 12.9172083563171 12.5459456024691 13.1035569182131 12.8138141895179 12.7284691778477 12.6922513367608 12.7847681981511 12.8127384120598 12.6542405332439 12.7148426633794 12.5272987931967 12.461317775771 12.2547685038298 12.6789834147785 12.2977996021509 12.6535233482718 12.7964822193608 12.6728873425163 12.9450590393972 12.5693736448884 12.8884014266077 12.9447004469112 13.1856745975092 13.3391521815211 13.4732657712884 13.497650060337 13.6080965460278 13.3240912971087 13.7701803497039 13.7651600548998 13.3685567653738 13.4811548059806 13.7106539970264 13.736472656019 13.8332926272415 13.5822778870352 13.6023590662517 13.5593279679306 13.6439557946287 13.6733603784814 13.5535904881544 13.8053224133328
-9999 -9999 -9999 -9999 -9999 -9999 -9999 -9999 -9999 -9999 10.6499997619539 10.1852746472057 10.3391296969923 12.6969847575761 12.4671986925416 12.2728774243733 14.089999685064 -9999 -9999 9.22999979369342 7.48571938902011 9.88175401474379 12.2553063925589 12.620174247073 12.8281578889582 12.7697073137388 12.820268854266 12.9210333428346 12.7553636142984 12.6452757210936 12.6370280939154 12.4297616370022 12.3099917466752 12.3501541051082 12.4398022266105 12.6076235100627 12.5165410186164 12.5896938857622 12.7546464293264 12.7123325159773 12.9597613313235 12.858638250269 13.0831171465106 13.2753227190115 13.3097475976683 13.4036988290027 13.496932875365 13.4998016152531 13.8469191417098 13.8827783903107 13.5535904881544 13.9659718470648 13.7479476155713 13.6604510489851 14.0090029453859 13.7500991704874 13.7809381242841 13.7587053901516 13.856242546346 13.9430219279602 14.0240638297983 14.2191381421871
-9999 -9999 -9999 -9999 -9999 -9999 -9999 -9999 -9999 -9999 -9999 -9999 -9999 -9999 -9999 -9999 -9999 -9999 -9999 -9999 -9999 -9999 -9999 -9999 11.5599997416139 12.8533788938075 13.0651875222102 13.0221564238891 12.740302729886 12.6176640996709 12.5437940475531 12.3953367583454 12.3501541051082 12.4950254694559 12.1299783186987 12.5283745706547 12.7065950362012 12.6649983078241 12.7152012558654 12.7338480651379 12.5459456024691 13.0350657533854 13.1010467708111 13.3420209214091 13.2717367941514 13.456770516932 13.5528733031824 13.8677175058983 13.894970534835 13.8089083381929 13.3836176497862 13.9860530262813 13.9100314192474 14.0240638297983 14.0807214425877 14.0606402633712 13.8748893556185 13.8727378007025 13.7551194652915 13.9200720088556 14.0663777431473 14.052034043707
-9999 -9999 -9999 -9999 -9999 -9999 -9999 -9999 -9999 -9999 -9999 -9999 -9999 -9999 -9999 -9999 -9999 -9999 -9999 -9999 -9999 -9999 -9999 -9999 -9999 10.6396679468453 12.6721701575443 12.6427655736916 12.9877315452322 12.8615069901571 12.5441526400391 12.5653095967136 12.4900051746517 12.2899105674587 12.261223168578 12.1163518042304 12.3652149895206 12.6169469146989 12.3207495212555 13.0494094528258 13.4331034128554 13.3197881872766 13.3463240312412 13.5198827944696 13.494781320449 13.9050111244433 13.7938474537805 13.7565538352355 13.5249030892737 13.9121829741634 13.8662831359543 13.9315469684079 14.1832788935862 13.9839014713652 13.93585007824 14.053468413651 14.1409649802372 13.9946592459455 14.0843073674478 14.1452680900693 14.0003967257217 13.9953764309175
-9999 -9999 -9999 -9999 -9999 -9999 -9999 -9999 -9999 -9999 -9999 -9999 -9999 -9999 -9999 -9999 -9999 -9999 -9999 -9999 -9999 -9999 -9999 -9999 -9999 -9999 9.88694971939549 12.6485030534677 12.8238547791261 12.8632999525871 12.6230429869611 12.6886654119007 12.3501541051082 12.4512771861628 12.0898159602657 12.5552690071054 12.7948087877594 12.8787194294855 12.5545518221334 13.2624133895151 13.3147678924724 13.3427381063811 13.455336146988 12.4487670387607 13.4646595516242 13.7235633265227 13.6231574304402 13.5987731413916 13.0752281118184 13.2107760715298 13.7701803497039 13.7866756040603 14.0599230783992 13.7694631647319 13.7013305923901 13.9781639915891 13.9846186563373 13.9580828123726 14.1961882230826 14.1588946045376 14.0864589223638 13.7457960606553
