EcologicalScience/Bass/data/rs_data_bass/sst_95.asc
NCOLS 226 
NROWS 124 
XLLCORNER -9.41648524995501 
YLLCORNER 47.587301625531 
CELLSIZE 0.0833 
NODATA_value -9999 
[rows 81 to 107 of 124, columns 62 to 123 of 226]
8.11499981861562 -9999 -9999 -9999 -9999 -9999 -9999 -9999 -9999 -9999 -9999 -9999 -9999 -9999 -9999 -9999 -9999 -9999 -9999 -9999 -9999 -9999 -9999 -9999 -9999 -9999 -9999 -9999 -9999 -9999 -9999 -9999 -9999 -9999 -9999 -9999 -9999 -9999 -9999 -9999 -9999 -9999 -9999 -9999 -9999 -9999 -9999 -9999 -9999 -9999 -9999 -9999 -9999 -9999 -9999 -9999 -9999 -9999 -9999 -9999 -9999 -9999
10.852646816248 -9999 -9999 -9999 -9999 -9999 -9999 -9999 -9999 -9999 -9999 -9999 -9999 -9999 -9999 -9999 -9999 -9999 -9999 -9999 -9999 -9999 -9999 -9999 -9999 -9999 -9999 -9999 -9999 -9999 -9999 -9999 -9999 -9999 -9999 -9999 -9999 -9999 -9999 -9999 -9999 -9999 -9999 -9999 -9999 -9999 -9999 -9999 -9999 -9999 -9999 -9999 -9999 -9999 -9999 -9999 -9999 -9999 -9999 -9999 -9999 -9999
-9999 -9999 -9999 -9999 -9999 -9999 -9999 -9999 -9999 -9999 -9999 -9999 -9999 -9999 -9999 -9999 -9999 -9999 -9999 -9999 -9999 -9999 -9999 -9999 -9999 -9999 -9999 -9999 -9999 -9999 -9999 -9999 -9999 -9999 -9999 -9999 -9999 -9999 -9999 -9999 -9999 -9999 -9999 -9999 -9999 -9999 -9999 -9999 -9999 -9999 -9999 -9999 -9999 -9999 -9999 -9999 -9999 -9999 -9999 -9999 15.5379996526986 -9999
-9999 -9999 -9999 -9999 -9999 -9999 -9999 -9999 -9999 -9999 -9999 -9999 -9999 -9999 -9999 -9999 -9999 -9999 -9999 -9999 -9999 -9999 -9999 -9999 -9999 -9999 -9999 -9999 -9999 -9999 -9999 -9999 -9999 11.3199997469783 11.209999749437 11.1449997508898 -9999 -9999 -9999 -9999 -9999 -9999 -9999 -9999 -9999 -9999 -9999 -9999 -9999 -9999 -9999 -9999 -9999 -9999 -9999 -9999 17.2699996139854 17.2548776631039 6.6233331852903 6.54333318707844 6.89749984582886 7.61599982976913
-9999 -9999 -9999 -9999 -9999 -9999 -9999 -9999 -9999 -9999 -9999 -9999 -9999 -9999 -9999 -9999 -9999 -9999 -9999 -9999 -9999 -9999 -9999 -9999 -9999 -9999 -9999 -9999 -9999 -9999 -9999 -9999 -9999 11.9096664004649 11.9096664004649 7.01999984309077 7.00999984331429 6.97999984398484 8.72704525948079 13.3351721157288 11.7888997364976 -9999 15.5498272386412 5.67999987304211 5.73499987181276 5.64749987376854 6.0666665310661 8.49499981012195 8.85999980196357 8.71499980520457 8.40499981213361 13.1612497058231 16.2223286181472 -9999 7.52321411755734 6.61549985213205 5.88099986854941 5.88099986854941 6.68099985066801 9.26999979279935 9.3849997902289 9.27499979268759
-9999 -9999 -9999 -9999 -9999 -9999 -9999 -9999 -9999 -9999 -9999 -9999 12.9699997100979 10.6231815807352 8.32285695682679 8.20749981654808 5.4249998787418 5.4249998787418 8.28999981470406 -9999 -9999 -9999 -9999 -9999 -9999 11.894999734126 11.8365002377022 16.2457139225943 7.63499982934445 6.96499984432012 7.18999983929098 7.36999983526766 7.33999983593822 5.43249987857416 8.88599980138242 -9999 16.2062496377621 6.42857128488166 7.02499984297901 7.0349998427555 6.23999986052513 7.62999982945621 8.16999981738627 8.58999980799854 8.65999980643392 8.41499981191009 8.6699998062104 9.15999979525805 9.22999979369342 8.99999979883432 8.90999980084598 8.88499980140477 7.08799984157085 7.31249983655289 7.12249984079972 7.37999983504415 7.68999982811511 7.82499982509762 7.78249982604757 7.64055538477583 9.32499979157001 9.29499979224056
-9999 -9999 -9999 -9999 -9999 -9999 -9999 -9999 15.7607466682302 10.7538886485207 8.56999980844557 8.58666647473971 8.24999981559813 9.03499979805201 9.03499979805201 8.99999979883432 8.87499980162829 8.34999981336296 8.29999981448054 8.44499981123954 8.4399998113513 8.74999980442226 8.78499980363995 8.84499980229884 8.04499982018024 8.04499982018024 13.5560934469977 8.03499982040375 7.72999982722104 7.42499983403832 7.19999983906746 6.81999984756112 7.93499982263893 7.28499983716756 7.28499983716756 14.6797139575971 6.91999984532595 7.08499984163791 7.19999983906746 4.91499989014119 4.36999990232289 7.90499982330948 8.59499980788678 8.51999980956316 8.55499980878085 8.64499980676919 9.06499979738146 9.27999979257584 9.28999979235232 9.08999979682267 9.2999997921288 9.3849997902289 9.0449997978285 9.00999979861081 9.03499979805201 9.22999979369342 9.32499979157001 9.5299997869879 9.57499978598207 9.61999978497624 9.59999978542328 9.13999979570508
-9999 -9999 -9999 -9999 -9999 -9999 -9999 -9999 7.73499982710928 8.98166646591077 8.90666646758715 8.86999980174005 8.26749981520697 9.41999978944659 9.20999979414046 9.36999979056418 9.05999979749322 8.44499981123954 9.14999979548156 8.59999980777502 8.38499981258065 8.45499981101602 8.77999980375171 8.76499980408698 8.45499981101602 8.38499981258065 8.26499981526285 8.04999982006848 8.0649998197332 8.08999981917441 8.05999981984496 8.12999981828034 8.64999980665743 8.50499980989844 7.71999982744455 7.55999983102083 7.19499983917922 7.3749998351559 7.36999983526766 8.54999980889261 8.44999981112778 8.32499981392175 8.5849998081103 7.8099998254329 7.81499982532114 7.73999982699752 8.80999980308115 9.1299997959286 9.33999979123473 9.2999997921288 9.46499978844076 9.73999978229403 9.76999978162348 9.76499978173524 9.21999979391694 9.2999997921288 9.53999978676438 9.11499979626387 9.54999978654087 9.614999785088 9.07999979704618 8.99999979883432
-9999 -9999 -9999 -9999 -9999 -9999 -9999 -9999 7.36699983533472 9.46624978841282 8.92249980056658 9.94499977771193 9.72499978262931 9.614999785088 8.54499980900437 8.23999981582165 8.3549998132512 9.53499978687614 8.91499980073422 8.43499981146306 8.05999981984496 8.40499981213361 8.54499980900437 8.79499980341643 8.44499981123954 8.51499980967492 8.5849998081103 8.65999980643392 8.76999980397522 8.6699998062104 9.05999979749322 9.05499979760498 8.87499980162829 8.90499980095774 8.82499980274588 8.32999981380999 8.14499981794506 8.04999982006848 6.8299998473376 7.1199998408556 7.74499982688576 8.36499981302768 7.604999830015 9.46833312169959 5.86999986879528 6.96999984420836 7.57499983068556 8.91499980073422 9.47999978810549 9.69499978329986 9.8199997805059 9.8199997805059 9.759999781847 9.63499978464097 9.71499978285283 9.65499978419393 9.6999997831881 9.32999979145825 9.57999978587031 9.06499979738146 9.2149997940287 9.3599997907877
9.93238014952653 9.40499978978187 -9999 -9999 -9999 -9999 -9999 -9999 15.7319351322348 9.76499978173524 9.71249978290871 9.99499977659434 10.0049997763708 9.77999978139997 9.58499978575855 9.55999978631735 9.70999978296459 9.759999781847 9.22499979380518 9.33999979123473 8.57499980833381 8.27999981492758 8.76999980397522 8.90999980084598 8.90499980095774 9.19499979447573 9.43499978911132 9.75499978195876 9.43499978911132 9.69499978329986 9.68999978341162 9.64499978441745 9.53499978687614 8.67499980609864 8.6099998075515 7.69999982789159 7.53999983146787 7.42999983392656 7.14999984018505 8.39999981224537 8.39999981224537 7.63999982923269 9.29599979221821 9.30499979201704 7.54499983135611 7.85999982431531 7.78999982587993 9.54499978665262 9.65999978408217 9.8199997805059 9.94999977760017 9.73999978229403 9.30999979190528 9.60999978519976 9.68499978352338 9.71499978285283 9.65499978419393 9.61999978497624 9.59999978542328 9.40499978978187 8.7549998043105 8.63499980699271
8.96999979950488 9.10299979653209 9.2149997940287 8.8149998029694 8.60785695045654 -9999 16.1899624452926 7.66999982856214 9.93999977782369 9.97499977704138 9.51499978732318 9.39999978989363 10.069999774918 9.28499979246408 9.5899997856468 9.64499978441745 9.81499978061765 9.96499977726489 9.88499977905303 9.72499978262931 9.31999979168177 8.80499980319291 9.18999979458749 9.56999978609383 9.62999978475273 9.72499978262931 9.94999977760017 10.029999775812 10.0249997759238 9.86499977950007 9.31499979179353 9.42999978922307 9.38999979011714 8.60499980766326 8.52999980933964 8.49499981012195 8.73999980464578 7.59499983023852 7.59499983023852 8.42583314500128 7.1449998402968 8.02999982051551 6.77999984845519 7.91999982297421 7.82999982498586 7.91499982308596 8.2949998145923 8.75999980419874 9.8449997799471 9.94999977760017 10.0849997745827 10.1599997729063 9.96499977726489 9.88499977905303 9.94499977771193 9.759999781847 9.77499978151172 9.6749997837469 9.3849997902289 9.21999979391694 8.41999981179833 8.04499982018024
9.48599978797138 9.51499978732318 9.33249979140237 9.7289997825399 8.65999980643392 8.60499980766326 8.00999982096255 8.00999982096255 8.94999979995191 8.79499980341643 8.93999980017543 9.47999978810549 9.8449997799471 9.72499978262931 9.62499978486449 9.70499978307635 9.85999977961183 9.59999978542328 9.60499978531152 9.79999978095293 9.76999978162348 9.49499978777021 9.83499978017062 9.91999977827072 10.0249997759238 10.1099997740239 10.1249997736886 10.0799997746944 9.98499977681786 9.74999978207052 9.32999979145825 9.5299997869879 9.21999979391694 8.97999979928136 8.8399998024106 7.76999982632697 8.40999981202185 8.52999980933964 7.46999983303249 7.46999983303249 8.77499980386347 8.87499980162829 8.62499980721623 9.31999979168177 9.03499979805201 8.34999981336296 9.09499979671091 9.62499978486449 9.83999978005886 9.88999977894127 9.99499977659434 10.0899997744709 10.0349997757003 9.95999977737665 9.904999778606 9.71999978274107 9.56999978609383 9.56499978620559 9.40999978967011 9.24499979335815 8.38999981246889 8.27999981492758
10.2849997701123 10.2049997719005 9.65374978422187 9.70124978316016 9.46749978838488 9.00499979872257 9.00999979861081 9.01499979849905 9.80285692374621 8.56499980855733 8.6099998075515 10.029999775812 9.96999977715313 9.99999977648258 9.89999977871776 9.79999978095293 9.88999977894127 9.79499978106469 9.84999977983534 9.83499978017062 9.87999977916479 9.83499978017062 9.91499977838248 9.95999977737665 10.2049997719005 10.1899997722358 10.049999775365 9.95499977748841 9.88499977905303 9.63999978452921 9.22999979369342 8.96999979950488 9.16499979514629 8.69499980565161 8.62499980721623 8.36999981291592 7.86999982409179 7.90499982330948 7.56999983079731 9.87785692206983 7.78999982587993 7.88999982364476 9.00499979872257 9.54999978654087 7.67999982833862 7.47999983280897 9.73999978229403 9.97999977692962 10.0749997748062 10.1199997738004 10.0549997752532 9.9899997767061 9.83999978005886 9.72999978251755 9.57499978598207 9.43499978911132 9.48999978788197 9.39999978989363 9.35499979089946 9.05999979749322 6.94999984465539 7.4949998324737
10.4199997670949 10.3049997696653 9.38999979011714 9.40249978983775 9.94799977764487 9.59499978553504 9.57999978587031 9.51999978721142 9.68999978341162 9.76874978165142 10.2599997706711 10.2449997710064 10.1299997735769 10.2449997710064 9.99499977659434 9.92499977815896 9.83999978005886 10.0649997750297 10.0149997761473 9.96499977726489 10.0899997744709 9.88499977905303 9.83999978005886 9.83499978017062 9.93499977793545 9.83499978017062 9.99499977659434 9.89999977871776 9.85499977972358 9.43499978911132 9.37999979034066 9.17999979481101 8.60499980766326 8.38499981258065 8.57499980833381 8.71999980509281 8.69999980553985 8.59499980788678 9.90357120720936 9.95714263458337 7.81999982520938 7.81999982520938 9.62499978486449 9.6999997831881 9.85499977972358 9.75499978195876 9.54999978654087 9.68499978352338 9.67999978363514 9.66499978397042 9.94999977760017 9.65499978419393 9.62999978475273 9.51999978721142 9.33499979134649 9.20999979414046 9.09499979671091 8.7549998043105 6.84499984700233 7.17999983951449 5.65999987348914 6.11999986320734
9.91999977827072 10.1199997738004 10.1199997738004 10.2406247711042 9.70999978296459 10.7199997603893 10.7449997598305 9.58499978575855 10.1599997729063 10.504999765195 10.5599997639656 10.5599997639656 9.99499977659434 10.0749997748062 10.2849997701123 10.2599997706711 9.88999977894127 9.86999977938831 10.0449997754768 10.1349997734651 10.1349997734651 10.1149997739121 10.0449997754768 9.95999977737665 9.96999977715313 9.80999978072941 9.6749997837469 9.81499978061765 9.48499978799373 8.79999980330467 8.42499981168658 7.48999983258545 7.24499983806163 8.28999981470406 8.27999981492758 8.71999980509281 8.93499980028719 8.22999981604517 8.25999981537461 9.01499979849905 9.13999979570508 8.76999980397522 8.66499980632216 9.81499978061765 9.81499978061765 10.1299997735769 10.0849997745827 9.62999978475273 9.27499979268759 9.21999979391694 9.54999978654087 9.42999978922307 9.21999979391694 9.05499979760498 8.6099998075515 8.02999982051551 8.38999981246889 6.3449998581782 5.47999987751245 5.45999987795949 6.61999985203147 5.65999987348914
10.3699997682124 10.021666442665 9.95666644411782 9.48611089908001 9.80499978084117 9.96249977732077 10.7449997598305 10.6649997616187 10.6799997612834 10.6849997611716 10.5799997635186 10.5799997635186 10.3549997685477 10.4349997667596 10.3449997687712 10.2949997698888 10.1899997722358 10.0799997746944 10.194999772124 10.2999997697771 10.3299997691065 10.359999768436 10.31999976933 10.2549997707829 10.0749997748062 9.54499978665262 9.17499979492277 9.33999979123473 9.17499979492277 10.0424997755326 9.66999978385866 9.47333312158783 9.41333312292894 6.80999984778464 6.46499985549599 6.90999984554946 7.58999983035028 9.23333312695225 5.47999987751245 8.81999980285764 8.72499980498105 8.4399998113513 9.58499978575855 9.60499978531152 9.72499978262931 9.88499977905303 9.82499978039414 9.5899997856468 9.32999979145825 8.77999980375171 8.26499981526285 8.35999981313944 8.56499980855733 8.71499980520457 8.00999982096255 7.43999983370304 7.89999982342124 7.81999982520938 5.594999874942 6.0549998646602 6.47499985527247 9.62941154947176
10.2674997705035 10.3407140545813 10.4364283381562 10.9449997553602 10.9099997561425 10.879999756813 10.4349997667596 10.5799997635186 10.5449997643009 10.754999759607 10.6049997629598 10.6049997629598 10.1599997729063 10.3299997691065 10.5199997648597 10.3749997681007 10.2699997704476 10.2549997707829 10.3549997685477 10.339999768883 10.2199997715652 10.0449997754768 9.99499977659434 9.89499977882951 8.86999980174005 8.86999980174005 9.20499979425222 9.07999979704618 8.82499980274588 8.70999980531633 7.8833331571271 9.04666646445791 9.0699997972697 8.0166664874802 8.0649998197332 8.47571409626731 8.74499980453402 7.2649998376146 5.98999986611307 6.49999985471368 9.32833312482884 9.08999979682267 9.56999978609383 9.51499978732318 9.54499978665262 9.48999978788197 9.46499978844076 9.23999979346991 9.05499979760498 8.80499980319291 8.71999980509281 8.61999980732799 8.1249998183921 8.30499981436878 8.10999981872737 7.96999982185662 7.85999982431531 15.8889996448532 -9999 -9999 -9999 -9999
10.2549997707829 10.2624997706152 10.3814283393856 10.7349997600541 10.6949997609481 10.7699997592717 10.754999759607 10.7599997594953 10.7499997597188 10.8149997582659 10.7399997599423 10.7449997598305 10.8299997579306 10.8649997571483 10.6349997622892 10.3999997675419 10.2749997703359 10.2399997711182 9.96999977715313 9.76499978173524 9.86999977938831 9.87499977927655 10.0449997754768 9.95499977748841 9.99999977648258 9.30999979190528 8.45999981090426 9.03499979805201 9.0699997972697 8.32999981380999 8.32999981380999 8.27642838643598 8.17666648390392 8.20666648323337 8.69785694844489 8.90642837235438 9.03714265514697 6.66999985091388 6.75499984901398 8.31999981403351 7.84999982453883 9.11999979615211 8.95999979972839 9.17499979492277 9.05999979749322 8.49999981001019 9.0449997978285 8.81999980285764 8.69499980565161 8.57499980833381 8.44499981123954 8.38499981258065 8.00499982107431 8.00499982107431 9.34111090232101 14.3619996789843 -9999 -9999 -9999 -9999 -9999 -9999
9.80083311426764 9.87666644590596 9.8933331122001 10.6471426191607 10.4816664323832 10.5999997630715 10.7349997600541 10.9049997562543 10.8649997571483 10.9499997552484 10.8549997573718 10.8849997567013 10.484999765642 9.17999979481101 10.9049997562543 10.4399997666478 10.1299997735769 10.0099997762591 9.60999978519976 9.46499978844076 9.48499978799373 10.1969997720793 9.5299997869879 9.66999978385866 9.18499979469925 8.93999980017543 8.79999980330467 8.79999980330467 9.22833312706401 10.0989997742698 15.8682071924877 15.9714702312451 15.9714702312451 -9999 -9999 16.1865147897183 9.03499979805201 8.63666647362212 8.65333313991626 8.70999980531633 8.75999980419874 8.97499979939312 8.98999979905784 8.99999979883432 8.89499980118126 8.67999980598688 8.45999981090426 8.45499981101602 8.27999981492758 7.4949998324737 6.60249985242262 6.56999985314906 5.85666653575996 -9999 -9999 -9999 -9999 -9999 -9999 -9999 -9999 -9999
11.0949997520074 10.6927775387756 9.16999979503453 8.59999980777502 8.89499980118126 9.77999978139997 10.8149997582659 11.0849997522309 10.8249997580424 10.7849997589365 10.7899997588247 10.7949997587129 10.3999997675419 10.0399997755885 10.8049997584894 10.1249997736886 10.0399997755885 10.0199997760355 9.94499977771193 9.83499978017062 9.87999977916479 9.86499977950007 9.83499978017062 9.47666645484666 9.96285692016993 9.31333312516411 8.92333313388129 9.14499979559332 8.97499979939312 13.3549997014925 -9999 -9999 -9999 -9999 16.3799996338785 7.16363620351661 7.68045437378301 6.68166651731978 6.69833318361392 8.72499980498105 8.82499980274588 8.91999980062246 9.05499979760498 9.1549997953698 9.06499979738146 8.53499980922788 8.26499981526285 8.05999981984496 7.9799998216331 7.94999982230365 7.9799998216331 7.15346137856921 9.66380930780655 -9999 -9999 -9999 -9999 -9999 -9999 -9999 -9999 -9999
10.919999755919 9.85499977972358 8.99499979894608 9.80499978084117 10.1149997739121 10.0199997760355 10.2249997714534 10.214999771677 10.7999997586012 10.6799997612834 10.7899997588247 10.9349997555837 10.7449997598305 9.66124978405423 9.5228569300047 8.45666647764544 10.0649997750297 10.1649997727945 9.98499977681786 9.80999978072941 9.73999978229403 9.97999977692962 9.58499978575855 9.18999979458749 9.16499979514629 9.03999979794025 8.98666646579901 9.23499979358166 9.36812479060609 16.5133329642316 -9999 -9999 -9999 -9999 -9999 16.4238706006398 8.00499982107431 5.97166653318952 8.35999981313944 8.35999981313944 8.11499981861562 8.88499980140477 8.86499980185181 8.63999980688095 8.84999980218709 8.17499981727451 8.17499981727451 7.88999982364476 7.81999982520938 7.8349998248741 7.76499982643872 7.54999983124435 7.39499983470887 13.3319997020066 14.1689996832982 -9999 -9999 -9999 -9999 -9999 -9999 -9999
9.25999979302287 9.25499979313463 7.79999982565641 9.26999979279935 9.26999979279935 9.08499979693443 10.8399997577071 10.9699997548014 11.0349997533485 10.8749997569248 10.9849997544661 10.9749997546896 10.8699997570366 10.8299997579306 10.4499997664243 10.4499997664243 10.4899997655302 10.4899997655302 10.4199997670949 10.1349997734651 10.0349997757003 10.0399997755885 9.88999977894127 9.96999977715313 8.54499980900437 8.0649998197332 8.15999981760979 7.943333155786 8.63428552129439 8.7407140903441 18.6828567252627 24.7149994475767 -9999 -9999 -9999 -9999 14.6561107835215 5.8249998698011 5.76499987114221 8.13499981816858 8.04999982006848 7.9799998216331 7.94499982241541 7.62999982945621 7.62499982956797 8.02499982062727 7.99499982129782 7.6649998286739 7.67499982845038 7.749999826774 7.38999983482063 7.53999983146787 7.52499983180314 9.86999977938831 -9999 -9999 -9999 -9999 -9999 -9999 -9999 -9999
9.28999979235232 10.9249997558072 11.4199997447431 11.3599997460842 10.3349997689947 10.8899997565895 11.0149997537956 11.1099997516721 11.1649997504428 10.8949997564778 10.7849997589365 10.8049997584894 10.8949997564778 10.2199997715652 10.1349997734651 9.60499978531152 9.34999979101121 8.68499980587512 8.61499980743974 8.95499979984015 9.904999778606 10.1099997740239 10.2049997719005 10.2899997700006 7.99999982118607 8.08499981928617 8.29999981448054 7.29666650357346 8.31357124274863 8.39785695515041 8.85874980199151 -9999 -9999 -9999 -9999 -9999 -9999 -9999 -9999 -9999 -9999 -9999 -9999 -9999 -9999 -9999 5.8483332026129 5.83699986953288 7.88999982364476 7.80499982554466 7.58999983035028 -9999 -9999 -9999 -9999 -9999 -9999 -9999 -9999 -9999 -9999 -9999
9.16499979514629 11.7849997365847 11.5949997408316 11.5299997422844 10.9999997541308 10.7149997605011 10.9099997561425 11.0999997518957 10.9549997551367 10.9449997553602 10.7249997602776 10.2499997708946 10.1299997735769 10.1849997723475 10.029999775812 9.85999977961183 9.66499978397042 9.69499978329986 8.55499980878085 9.50499978754669 10.0849997745827 10.0749997748062 9.89999977871776 9.87499977927655 15.6433329836776 8.1499998178333 8.1499998178333 8.77833313712229 8.78333313701053 4.53999989852309 4.52999989874661 4.5049998993054 18.992876641098 -9999 -9999 -9999 -9999 -9999 -9999 -9999 -9999 -9999 -9999 -9999 -9999 -9999 -9999 -9999 -9999 -9999 -9999 -9999 -9999 -9999 -9999 -9999 -9999 -9999 -9999 -9999 -9999 -9999
9.87999977916479 9.87999977916479 10.1699997726828 8.96499979961663 9.91499977838248 11.0999997518957 11.2549997484311 11.31499974709 11.2199997492135 10.8649997571483 10.7699997592717 10.6599997617304 10.5199997648597 9.54499978665262 9.74999978207052 9.79499978106469 9.56999978609383 9.56499978620559 10.1899997722358 9.76499978173524 9.91499977838248 9.96999977715313 9.70499978307635 9.37999979034066 9.33999979123473 7.38249983498827 7.32499983627349 7.31999983638525 7.44999983347952 7.53142840308803 5.55499987583607 5.55499987583607 -9999 -9999 -9999 -9999 -9999 -9999 -9999 -9999 -9999 -9999 -9999 -9999 -9999 -9999 -9999 -9999 -9999 -9999 -9999 -9999 -9999 -9999 -9999 -9999 -9999 -9999 -9999 -9999 -9999 -9999
10.2699997704476 9.92499977815896 9.54499978665262 10.3849997678772 10.6949997609481 10.9799997545779 11.1249997513369 10.4499997664243 11.0599997527897 11.0099997539073 10.5799997635186 10.049999775365 9.904999778606 9.47499978821725 9.65499978419393 10.0399997755885 9.80999978072941 9.89499977882951 9.82999978028238 9.80499978084117 9.83999978005886 9.71999978274107 9.52499978709966 9.33999979123473 9.16499979514629 9.12499979604036 6.96333317769071 6.86833317981412 6.58999985270202 5.49499987717718 5.53999987617135 5.49999987706542 23.1038015669231 -9999 -9999 -9999 -9999 -9999 -9999 -9999 -9999 -9999 -9999 -9999 -9999 -9999 -9999 -9999 -9999 -9999 -9999 -9999 -9999 -9999 -9999 -9999 -9999 -9999 -9999 -9999 -9999 -9999
10.6049997629598 10.6649997616187 10.9649997549132 10.3249997692183 9.9299997780472 10.9999997541308 11.2649997482076 10.3499997686595 10.1999997720122 10.3949997676536 10.2599997706711 9.55999978631735 9.16999979503453 9.14499979559332 9.22999979369342 9.79999978095293 9.9299997780472 9.9299997780472 9.83499978017062 9.88999977894127 9.84999977983534 9.65999978408217 9.34999979101121 9.09999979659915 8.86999980174005 8.11999981850386 8.3799998126924 8.42499981168658 7.17166650636743 6.77999984845519 5.54999987594783 5.54999987594783 8.47617628113093 -9999 -9999 -9999 -9999 -9999 -9999 -9999 -9999 -9999 -9999 -9999 -9999 -9999 -9999 -9999 -9999 -9999 -9999 -9999 -9999 -9999 -9999 -9999 -9999 -9999 -9999 -9999 -9999 -9999
