EcologicalScience/Bass/data/rs_data_bass/sst_537.asc
NCOLS 226 
NROWS 124 
XLLCORNER -9.41648524995501 
YLLCORNER 47.587301625531 
CELLSIZE 0.0833 
NODATA_value -9999 
[rows 0 to 26 of 124, columns 62 to 123 of 226]
-9999 -9999 -9999 -9999 -9999 -9999 -9999 -9999 -9999 -9999 -9999 -9999 -9999 -9999 -9999 -9999 -9999 -9999 -9999 -9999 -9999 -9999 -9999 -9999 -9999 -9999 -9999 -9999 -9999 -9999 -9999 -9999 -9999 -9999 -9999 -9999 -9999 -9999 -9999 -9999 -9999 -9999 -9999 -9999 -9999 -9999 -9999 -9999 -9999 -9999 -9999 -9999 -9999 -9999 -9999 -9999 -9999 -9999 -9999 -9999 -9999 -9999
-9999 -9999 -9999 -9999 -9999 -9999 -9999 -9999 -9999 -9999 -9999 -9999 -9999 -9999 -9999 -9999 -9999 -9999 -9999 -9999 -9999 -9999 -9999 -9999 -9999 -9999 -9999 -9999 -9999 -9999 -9999 -9999 -9999 -9999 -9999 -9999 -9999 -9999 -9999 -9999 -9999 -9999 -9999 -9999 -9999 -9999 -9999 -9999 -9999 -9999 -9999 -9999 -9999 -9999 -9999 -9999 -9999 -9999 -9999 -9999 -9999 -9999
-9999 -9999 -9999 -9999 -9999 -9999 -9999 -9999 -9999 -9999 -9999 -9999 -9999 -9999 -9999 -9999 -9999 -9999 -9999 -9999 -9999 -9999 -9999 -9999 -9999 -9999 -9999 -9999 -9999 -9999 -9999 -9999 -9999 -9999 -9999 -9999 -9999 -9999 -9999 -9999 -9999 -9999 -9999 -9999 -9999 -9999 -9999 -9999 -9999 -9999 -9999 -9999 -9999 -9999 -9999 -9999 -9999 -9999 -9999 -9999 -9999 -9999
-9999 -9999 -9999 -9999 -9999 -9999 -9999 -9999 -9999 -9999 -9999 -9999 -9999 -9999 -9999 -9999 -9999 -9999 -9999 -9999 -9999 -9999 -9999 -9999 -9999 -9999 -9999 -9999 -9999 -9999 -9999 -9999 -9999 -9999 -9999 -9999 -9999 -9999 -9999 -9999 -9999 -9999 -9999 -9999 -9999 -9999 -9999 -9999 -9999 -9999 -9999 -9999 -9999 -9999 -9999 -9999 -9999 -9999 -9999 -9999 -9999 -9999
-9999 -9999 -9999 -9999 -9999 -9999 -9999 -9999 -9999 -9999 -9999 -9999 -9999 -9999 -9999 -9999 -9999 -9999 -9999 -9999 -9999 -9999 -9999 -9999 -9999 -9999 -9999 -9999 -9999 -9999 -9999 -9999 -9999 -9999 -9999 -9999 -9999 -9999 -9999 -9999 -9999 -9999 -9999 -9999 -9999 -9999 -9999 -9999 -9999 -9999 -9999 -9999 -9999 -9999 -9999 -9999 -9999 -9999 -9999 -9999 -9999 -9999
-9999 -9999 -9999 -9999 -9999 -9999 -9999 -9999 -9999 -9999 -9999 -9999 -9999 -9999 -9999 -9999 -9999 -9999 -9999 -9999 -9999 -9999 -9999 -9999 -9999 -9999 -9999 -9999 9.78999978117645 9.74999978207052 12.2346873246133 12.3895992785692 11.8746604686603 11.1746879359707 12.8683202473912 12.4498428162187 12.2346873246133 13.4302346729673 12.8148899669759 12.8091524871998 12.7051606662571 12.6255531343631 12.7847681981511 12.8070009322837 13.0149845741689 13.1218451349996 13.1856745975092 13.3742942451499 13.3886379445903 13.3907894995064 13.3800317249261 13.0823999615386 13.21794792125 13.0630359672941 13.2545243548229 13.4524674070999 13.4323862278834 13.3111819676124 13.5062562800013 13.5170140545815 13.6439557946287 13.7967161936685
-9999 -9999 -9999 -9999 -9999 -9999 -9999 -9999 -9999 -9999 -9999 -9999 -9999 -9999 -9999 -9999 -9999 -9999 -9999 -9999 -9999 -9999 -9999 -9999 -9999 -9999 -9999 11.1110633834531 12.5410687446594 12.6058305476326 12.4003570531495 12.5176167960744 11.4522385201417 11.9621570352465 11.8746604686603 12.18018126674 12.1651203823276 12.0259864977561 12.4935910995118 12.619098469615 12.7969603426754 12.9325083023869 12.7732932385989 12.8952146838419 13.2430493952706 13.3312631468289 13.3140507075004 13.4108706787229 13.4503158521838 13.4883266557008 13.4445783724077 13.454618962016 13.4833063608967 13.4417096325196 13.375728615094 13.4732657712884 13.496215690393 13.5837122569792 13.5708029274829 13.8275551474653 13.9960936158895 14.1259040958248
-9999 -9999 -9999 -9999 -9999 -9999 -9999 -9999 -9999 -9999 -9999 -9999 -9999 -9999 -9999 -9999 -9999 -9999 -9999 -9999 -9999 -9999 -9999 -9999 -9999 -9999 11.9697915849486 12.6298562441953 12.6348765389994 12.619815654587 12.8751335046254 11.8746604686603 11.9499648907222 12.0353099023923 12.1199377290905 12.0345927174203 12.579653296154 12.3695180993527 12.5330362729728 12.9031037185341 13.0931577361189 13.37788017001 13.3936582393944 13.3111819676124 13.1189763951115 13.3126163375564 13.2408978403546 13.3147678924724 13.4359721527435 13.3656880254857 13.5686513725668 13.3298287768848 13.4660939215682 13.6109652859159 13.7070680721663 13.575823222287 13.4876094707288 13.7637256849557 13.8748893556185 13.7673116098158 13.815363002941 13.9200720088556
-9999 -9999 -9999 -9999 -9999 -9999 -9999 -9999 -9999 -9999 -9999 -9999 -9999 -9999 -9999 -9999 -9999 -9999 -9999 -9999 -9999 -9999 -9999 -9999 -9999 -9999 12.5151066486724 12.5882595158182 12.700857556425 12.6133609898388 12.5681783366017 12.5226370908786 11.7857295321301 12.1973937060684 11.8301950003952 12.0374614573084 12.6944028916769 12.6413312037475 12.859355435241 12.977690955624 12.8701132098213 13.0831171465106 13.4517502221279 12.9102755682543 13.1426434991881 13.1942808171734 13.2373119154945 13.5442670835182 13.4481642972678 13.3326975167729 13.5686513725668 13.6697744536214 13.5865809968673 13.7077852571383 13.6798150432296 13.7694631647319 13.9910733210854 14.0247810147703 14.0764183327556 14.094347957056 14.1395306102931 14.2255928069353
-9999 -9999 -9999 -9999 -9999 -9999 -9999 -9999 -9999 -9999 -9999 -9999 -9999 -9999 -9999 -9999 -9999 -9999 -9999 -9999 -9999 -9999 -9999 -9999 -9999 -9999 12.5043488740921 12.5954313655384 12.6298562441953 12.3734626166988 12.4100390502717 12.0051881335676 12.0496536018327 12.0202490179799 11.8796807634644 12.5459456024691 12.2547685038298 12.9102755682543 13.0135502042249 12.9676503660157 13.0149845741689 13.0651875222102 12.8744163196534 13.5837122569792 13.5406811586581 13.8418988469057 13.6633197888732 13.6640369738452 13.656147939153 13.7952818237245 13.9322641533799 13.9365672632121 13.9215063787997 13.9093142342754 13.9100314192474 14.0247810147703 14.1151463212445 14.094347957056 14.2772301249206 14.3503829920664 14.2621692405082 14.1997741479427
-9999 -9999 -9999 -9999 -9999 -9999 -9999 -9999 -9999 -9999 -9999 -9999 -9999 -9999 -9999 -9999 -9999 -9999 -9999 -9999 -9999 -9999 -9999 -9999 10.8345196845877 12.3637806195766 12.4096804577857 12.5846735909581 12.5115207238123 12.3049714518711 12.7651651422493 12.4900051746517 12.3114261166193 12.2755668680184 12.0991393649019 12.5316019030288 12.5602893019095 12.579653296154 13.2100588865578 12.8521835855208 11.4486525952816 11.9076509773731 13.5292061991058 13.1863917824812 13.6762291183695 13.8849299452268 13.8985564596951 13.8117770780809 13.8347269971855 13.9236579337157 13.934415708296 13.9501937776804 13.9573656274006 13.9215063787997 13.9996795407496 14.095065142028 14.2069459976628 14.3030487839133 14.3295846278779 14.3955656453036 14.3948484603316 14.4543748130091
-9999 -9999 -9999 -9999 -9999 -9999 -9999 -9999 -9999 -9999 -9999 -9999 -9999 -9999 -9999 -9999 -9999 -9999 -9999 -9999 -9999 -9999 -9999 -9999 10.9520652831861 12.5452284174971 12.4742271052673 12.5490534040146 12.4294030445162 12.5244300533086 12.4505600011908 12.3716696542688 12.4423123740125 12.5853907759301 12.0596941914409 12.7130497009493 12.9568925914355 12.4039429780096 11.7749717575498 10.6138492878526 12.740302729886 12.4354991167784 12.7761619784869 12.5531174521893 12.9360942272469 13.7651600548998 13.6116824708879 13.7063508871943 13.8318582572974 13.9702749568969 14.1151463212445 14.1302072056569 14.1359446854331 14.173238303978 14.1388134253211 14.0419934540987 14.0814386275597 14.2356333965436 14.2736442000605 14.3374736625701 14.4070406048559 14.5397198246792
-9999 -9999 -9999 -9999 -9999 -9999 -9999 -9999 -9999 -9999 -9999 -9999 -9999 -9999 -9999 -9999 -9999 -9999 -9999 -9999 -9999 -9999 -9999 7.74499982688576 12.2177139469422 12.3719087159261 12.3074815992732 12.4523529636208 12.2899105674587 12.5337534579448 12.3885235011112 12.3881649086252 12.4860606573056 12.5136722787283 12.9102755682543 13.0027924296446 13.017853314057 13.3405865514651 11.9004791276529 11.7921841968782 11.7297891043127 12.5653095967136 12.7130497009493 13.1591387535445 13.3864863896742 13.5105593898334 13.3707083202899 13.6324808350764 13.8433332168497 13.9767296216451 14.0470137489028 14.0183263500221 13.9480422227643 14.012588870246 14.0986510668881 14.1631977143697 14.2442396162078 14.3690298013389 14.4099093447439 14.4170811944641 14.4830622118898 14.5590838189237
-9999 -9999 -9999 -9999 -9999 -9999 -9999 -9999 -9999 -9999 -9999 -9999 -9999 -9999 -9999 -9999 -9999 -9999 -9999 -9999 -9999 11.6250645074204 12.8757482346014 12.4892879896797 12.4724341428373 11.6121707689017 12.2253639199771 12.1084627695382 12.3551743999124 12.4039429780096 12.259430206148 12.4810403625015 12.5194097585045 12.5452284174971 12.6441999436356 13.1146732852794 13.3233741121367 13.4990844302811 12.6750388974324 12.6700186026283 12.6750388974324 12.6736045274884 12.8306680363603 13.1462294240482 13.2846461236477 13.1397747593001 13.5629138927907 13.6618854189292 13.6102481009439 13.77591782948 13.9100314192474 13.855525361374 13.7859584190883 13.8677175058983 14.0843073674478 14.2220068820752 14.5576494489796 14.5583666339517 14.5504775992595 14.5024262061343 14.4837793968618 14.5619525588118
-9999 -9999 -9999 -9999 -9999 -9999 -9999 -9999 -9999 -9999 -9999 -9999 -9999 -9999 -9999 -9999 -9999 -9999 -9999 -9999 -9999 10.5701010045595 12.897366238758 12.6248359493911 12.6786248222925 12.580370481126 12.5825220360421 12.2289498448372 12.1615344574675 12.4853434723336 12.7962431577034 12.779030718375 12.2325357696973 12.3429822553881 12.2375560645014 12.3350932206959 13.056581302546 13.3678395804018 13.337717811577 13.3613849156536 13.3118991525844 13.5664998176508 13.1261482448317 13.0766624817625 13.0881374413148 12.9913174700923 13.4739829562604 13.4897610256448 13.4718314013444 13.6597338640131 13.7716147196479 13.8526566214859 13.8856471301988 13.8605456561781 14.1510055698454 14.2564317607321 14.5296792350709 14.5504775992595 14.5741447033361 14.4479201482609 14.3611407666467 14.3812219458632
-9999 -9999 -9999 -9999 -9999 -9999 -9999 -9999 -9999 -9999 -9999 -9999 -9999 -9999 -9999 -9999 -9999 -9999 -9999 -9999 9.04999979771674 13.2602618345991 13.219023698708 12.4677724405192 12.7245246605016 12.8848155017477 12.857562472811 12.7664799813647 12.4957426544279 12.5186925735325 12.7453230246902 12.9253364526667 13.1297341696918 12.7166356258094 12.5351878278889 13.0321970134974 12.7969603426754 12.7603839091025 12.8277992964722 12.9683675509878 13.136906019412 13.1914120772853 13.3248084820807 13.2939695282839 13.1189763951115 13.2251197709702 13.2889492334798 13.5055390950292 13.5672170026228 13.6683400836773 13.8849299452268 13.8885158700868 13.8727378007025 13.9222235637717 14.053468413651 14.3668782464229 14.5060121309943 14.5239417552948 14.4056062349118 14.2399365063757 14.2987456740811 14.4242530441843
-9999 -9999 -9999 -9999 -9999 -9999 -9999 -9999 -9999 -9999 -9999 -9999 -9999 -9999 -9999 -9999 -9999 -9999 -9999 12.8371227011085 12.7331308801658 12.818475891836 12.5703298915178 13.3893551295623 13.1731238604989 13.1064256581012 13.1713308980688 12.6915341517888 12.7668385738507 12.7524948744103 12.9350184497889 12.8073595247697 13.1928464472294 12.8285164814442 13.0017166521866 12.9152958630584 12.4462568913586 12.7869197530672 12.8564866953529 12.937528597191 13.0537125626579 13.1419263142161 13.2452009501867 13.2946867132559 13.2437665802427 13.375728615094 13.4488814822398 13.5162968696095 13.7020477773622 13.6590166790411 13.814645817969 13.8748893556185 14.0090029453859 14.013306055218 14.0792870726436 14.052751228679 14.2327646566555 14.2463911711238 14.2449568011798 14.211966292467 14.2277443618514 14.3532517319545
-9999 -9999 -9999 -9999 -9999 -9999 -9999 -9999 -9999 -9999 -9999 -9999 -9999 -9999 -9999 -9999 8.68722150864778 8.67663022343601 12.9009521636181 12.9095583832823 12.8751335046254 12.8407086259685 12.7080294061452 12.8141727820039 13.5130695372354 13.4840235458687 13.1878261524253 13.4632251816802 13.1899777073413 13.3990371266846 13.2322916206904 13.2222510310821 13.2846461236477 13.2703024242073 12.9102755682543 11.5497756763361 12.1895046713762 12.4763786601834 12.7230902905576 12.9253364526667 12.8256477415562 13.0608844123781 13.1648762333207 13.2659993143752 13.2903836034238 13.5966215864755 13.6712088235654 13.6676228987053 13.7601397600956 13.7594225751236 13.8476363266818 14.0104373153299 14.1596117895097 14.2284615468234 14.2729270150885 14.2729270150885 14.3797875759192 14.3941312753595 14.2808160497807 14.211249107495 14.4099093447439 14.4730216222815
-9999 -9999 -9999 -9999 -9999 -9999 -9999 -9999 -9999 -9999 -9999 -9999 -9999 -9999 -9999 -9999 9.05999979749322 13.9925076910295 14.3306604053359 13.6324808350764 13.2251197709702 13.0551469326019 13.7425687282812 12.8923459439538 13.6364253524225 13.8063981907908 13.297555453144 13.3219397421926 13.8390301070176 13.6826837831177 13.574388852343 13.5098422048613 13.4782860660926 11.9327524513938 12.697988816537 13.0400860481896 13.2086245166138 12.738868359942 13.3097475976683 12.8421429959126 12.9741050307639 13.3958097943105 13.4130222336389 13.335566256661 13.4503158521838 13.8211004827172 13.9078798643313 13.7995849335566 13.9301125984639 13.9602343672886 13.9939420609735 14.0606402633712 14.133793130517 14.2349162115715 14.3446455122903 14.371898541227 14.3991515701637 14.4421826684847 14.4077577898279 14.2593005006202 14.4041718649678 14.5440229345113
-9999 -9999 -9999 -9999 -9999 -9999 -9999 -9999 -9999 -9999 -9999 -9999 -9999 -9999 -9999 -9999 -9999 5.93499986734241 5.95534985262202 13.9948983076029 13.6328394275624 13.8003021185286 12.0647144862451 13.8985564596951 13.7999435260426 13.8099841156509 13.9164860839956 13.9143345290795 13.9129001591355 13.8705862457864 13.7472304305993 13.6274605402723 13.7974333786406 13.3692739503458 12.8270821115002 13.1928464472294 13.5277718291618 13.5959044015035 13.0737937418744 13.7257148814388 13.8720206157304 13.8505050665699 13.9286782285199 13.2021698518656 13.8483535116538 13.9430219279602 13.9243751186877 13.85409099143 14.052034043707 14.1588946045376 14.4005859401077 14.531830789987 14.2449568011798 14.293725379277 14.3647266915068 14.3654438764788 14.6451460155658 14.649449125398 14.729773842264 14.5949430675246 14.5569322640076 14.6372569808736
-9999 -9999 -9999 -9999 -9999 -9999 -9999 -9999 -9999 -9999 -9999 -9999 -9999 -9999 6.09499986376613 12.8679616549052 9.5699676877917 10.435396791874 12.5947141805664 12.3637806195766 12.8148899669759 13.0300454585813 13.5700857425109 12.2246467350051 14.4333373871632 13.9652546620928 13.8469191417098 13.9430219279602 13.932981338352 14.0240638297983 14.0046998355538 13.9602343672886 13.8713034307584 13.5521561182104 13.4761345111765 13.9602343672886 13.854808176402 13.7780693843961 13.9889217661694 13.9430219279602 13.9996795407496 14.0376903442666 14.0341044194065 14.133793130517 14.1366618704051 14.1223181709647 14.1180150611326 14.1237525409088 14.2894222694449 14.2313302867115 14.172521119006 14.293725379277 14.3790703909472 14.3704641712829 14.5260933102109 14.5110324257985 14.5605181888677 14.5841852929443 14.5590838189237 14.5956602524966 14.6229132814333 14.6150242467411
-9999 -9999 -9999 -9999 -9999 -9999 -9999 -9999 -9999 -9999 -9999 -9999 -9999 13.5340830569156 13.1706137130968 13.1971495570615 13.3240912971087 13.3642536555417 13.334849071689 13.2774742739275 13.0637531522661 14.0389454179676 13.7508163554594 13.9423047429882 13.9774468066171 13.8817026128527 13.8634143960662 13.8813440203667 13.9057283094153 14.0613574483432 13.9530625175685 14.0649433732033 14.0319528644904 14.0484481188469 14.0706808529794 14.0448621939868 14.0269325696863 13.4603564417921 14.0355387893505 14.1839960785583 14.1115603963844 14.1653492692858 14.4486373332329 14.3697469863109 14.4615466627292 14.3554032868706 14.4163640094921 14.5626697437838 14.6336710560136 14.5676900385879 14.6451460155658 14.5497604142874 14.5849024779163 14.5397198246792 14.6078523970209 14.7534409463406 14.7498550214805 14.7864314550534 14.6709646745585 14.6817224491388 14.7627643509768 14.7864314550534
-9999 -9999 -9999 -9999 -9999 -9999 -9999 -9999 -9999 -9999 9.40999978967011 12.2349741986021 13.0400860481896 13.1440778691322 12.9669331810437 14.039363775868 14.0176091650501 13.3599505457096 13.2703024242073 13.6151249587536 13.8177536195144 14.1657078617718 13.8497878815979 13.8232520376332 13.9803155465052 13.975295251701 14.0427106390707 14.0749839628115 14.1259040958248 14.1165806911886 14.0900448472239 13.9666890320368 14.1517227548175 14.0706808529794 14.0993682518601 14.1216009859927 14.1402477952652 14.1302072056569 14.294442564249 14.3797875759192 14.4199499343522 14.5174870905466 14.6164586166851 14.7333597671241 14.7211676225998 14.6817224491388 14.652317865286 14.6257820213214 14.573427518364 14.5985289923847 14.6085695819929 14.6164586166851 14.6544694202021 14.6795708942227 14.8230078886263 14.9621417731978 14.9477980737574 15.0008697616868 15.0238196807913 15.1206396520138 15.1550645306706 15.168691045139
-9999 -9999 -9999 -9999 -9999 -9999 -9999 -9999 -9999 -9999 11.3899997454137 10.7450941377319 11.019227546448 14.332632664009 12.6725287500303 12.3071742342852 10.7399997599423 -9999 -9999 9.22999979369342 9.63999978452921 12.8949997117743 14.0749839628115 13.7027649623342 13.7787865693681 13.7999435260426 13.8623386186082 13.9817499164492 14.0161747951061 13.9552140724845 14.1065401015803 13.8497878815979 13.8849299452268 14.0570543385111 15.2547532417811 15.2153080683202 14.850260917563 14.3819391308352 14.5117496107705 14.8631702470593 14.7448347266763 14.7333597671241 14.6788537092507 14.930585634429 14.8244422585703 14.8703420967795 14.8531296574511 14.7613299810328 14.7512893914245 14.7570268712007 14.7477034665644 14.7806939752772 14.8237250735983 14.8151188539341 14.889706091024 15.0388805652037 15.1163365421817 15.1192052820697 15.1622363803908 15.1536301607266 15.1428723861463 15.2239142879844
-9999 -9999 -9999 -9999 -9999 -9999 -9999 -9999 -9999 -9999 -9999 -9999 -9999 -9999 -9999 -9999 -9999 -9999 -9999 -9999 -9999 -9999 -9999 -9999 -9999 12.9352745872789 13.2900250109378 13.5578935979865 14.0599230783992 13.6879431395791 13.9989623557776 13.9634616996627 13.7500991704874 13.9215063787997 15.2296517677605 15.4046449009329 15.4433728894219 14.5641041137278 14.6042664721608 14.9205450448208 15.1464583110064 15.0431836750358 15.011627536267 15.0345774553716 15.0130619062111 15.0395977501757 15.049638339784 15.0252540507354 14.9521011835895 14.9628589581698 14.9757682876661 15.0424664900638 15.0596789293922 15.091235068161 15.089083513245 15.1213568369858 15.1127506173216 15.1801660046913 15.2339548775926 15.2805719007738 15.1851862994954 15.2303689527325
-9999 -9999 -9999 -9999 -9999 -9999 -9999 -9999 -9999 -9999 -9999 -9999 -9999 -9999 -9999 -9999 -9999 -9999 -9999 -9999 -9999 -9999 -9999 -9999 -9999 10.6396679468453 14.094706549542 13.8874400926288 13.9050111244433 14.0685292980634 13.5060769837582 13.9699163644109 14.8050782643259 14.2374263589736 14.3582720267586 14.1796929687262 14.3625751365907 15.0331430854276 15.0001525767148 14.9972838368267 15.167973860167 15.2203283631243 15.2511673169211 15.1937925191596 15.0926694381051 15.1643879353069 15.1880550393835 15.2196111781523 15.2052674787119 15.1213568369858 15.1184880970977 15.1149021722376 15.1521957907826 15.1120334323496 15.091235068161 15.207419033628 15.2396923573688 15.2339548775926 15.1270943167619 15.089800698217 15.0790429236367 15.0847804034129
-9999 -9999 -9999 -9999 -9999 -9999 -9999 -9999 -9999 -9999 -9999 -9999 -9999 -9999 -9999 -9999 -9999 -9999 -9999 -9999 -9999 -9999 -9999 -9999 -9999 -9999 -9999 12.3409610977396 13.2212947844528 12.1423139002174 12.6193853436038 14.7197332526557 13.7795037543401 13.9476836302783 14.2827285430394 14.5447401194833 13.9688405869529 14.1187322461046 15.1823175596073 14.7957548596896 15.1772972648032 15.2153080683202 15.2576219816692 15.1937925191596 15.1593676405028 15.1945097041316 15.2848750106059 15.3357951436192 15.407513640821 15.4383525946178 15.2863093805499 15.2418439122848 15.3601794326678 15.2188939931802 15.2447126521729 15.1149021722376 15.0309915305115 15.0826288484968 15.1084475074895 15.1529129757546 15.1816003746353 15.1500442358665
