EcologicalScience/Bass/data/rs_data_bass/sst_133.asc
NCOLS 226 
NROWS 124 
XLLCORNER -9.41648524995501 
YLLCORNER 47.587301625531 
CELLSIZE 0.0833 
NODATA_value -9999 
[rows 0 to 26 of 124, columns 62 to 123 of 226]
-9999 -9999 -9999 -9999 -9999 -9999 -9999 -9999 -9999 -9999 -9999 -9999 -9999 -9999 -9999 -9999 -9999 -9999 -9999 -9999 -9999 -9999 -9999 -9999 -9999 -9999 -9999 -9999 -9999 -9999 -9999 -9999 -9999 -9999 -9999 -9999 -9999 -9999 -9999 -9999 -9999 -9999 -9999 -9999 -9999 -9999 -9999 -9999 -9999 -9999 -9999 -9999 -9999 -9999 -9999 -9999 -9999 -9999 -9999 -9999 -9999 -9999
-9999 -9999 -9999 -9999 -9999 -9999 -9999 -9999 -9999 -9999 -9999 -9999 -9999 -9999 -9999 -9999 -9999 -9999 -9999 -9999 -9999 -9999 -9999 -9999 -9999 -9999 -9999 -9999 -9999 -9999 -9999 -9999 -9999 -9999 -9999 -9999 -9999 -9999 -9999 -9999 -9999 -9999 -9999 -9999 -9999 -9999 -9999 -9999 -9999 -9999 -9999 -9999 -9999 -9999 -9999 -9999 -9999 -9999 -9999 -9999 -9999 -9999
-9999 -9999 -9999 -9999 -9999 -9999 -9999 -9999 -9999 -9999 -9999 -9999 -9999 -9999 -9999 -9999 -9999 -9999 -9999 -9999 -9999 -9999 -9999 -9999 -9999 -9999 -9999 -9999 -9999 -9999 -9999 -9999 -9999 -9999 -9999 -9999 -9999 -9999 -9999 -9999 -9999 -9999 -9999 -9999 -9999 -9999 -9999 -9999 -9999 -9999 -9999 -9999 -9999 -9999 -9999 -9999 -9999 -9999 -9999 -9999 -9999 -9999
-9999 -9999 -9999 -9999 -9999 -9999 -9999 -9999 -9999 -9999 -9999 -9999 -9999 -9999 -9999 -9999 -9999 -9999 -9999 -9999 -9999 -9999 -9999 -9999 -9999 -9999 -9999 -9999 -9999 -9999 -9999 -9999 -9999 -9999 -9999 -9999 -9999 -9999 -9999 -9999 -9999 -9999 -9999 -9999 -9999 -9999 -9999 -9999 -9999 -9999 -9999 -9999 -9999 -9999 -9999 -9999 -9999 -9999 -9999 -9999 -9999 -9999
-9999 -9999 -9999 -9999 -9999 -9999 -9999 -9999 -9999 -9999 -9999 -9999 -9999 -9999 -9999 -9999 -9999 -9999 -9999 -9999 -9999 -9999 -9999 -9999 -9999 -9999 -9999 -9999 -9999 -9999 -9999 -9999 -9999 -9999 -9999 -9999 -9999 -9999 -9999 -9999 -9999 -9999 -9999 -9999 -9999 -9999 -9999 -9999 -9999 -9999 -9999 -9999 -9999 -9999 -9999 -9999 -9999 -9999 -9999 -9999 -9999 -9999
-9999 -9999 -9999 -9999 -9999 -9999 -9999 -9999 -9999 -9999 -9999 -9999 -9999 -9999 -9999 -9999 -9999 -9999 -9999 -9999 -9999 -9999 -9999 -9999 -9999 -9999 -9999 -9999 9.28499979246408 10.5524997641332 10.5349997645244 10.6149997627363 10.6749997613952 10.7399997599423 10.7049997607246 10.5499997641891 10.4999997653067 10.6649997616187 10.6899997610599 10.6899997610599 10.8274997579865 10.9499997552484 10.9499997552484 10.8474997575395 10.8299997579306 10.7999997586012 10.7999997586012 10.6549997618422 10.6974997608922 10.6599997617304 10.4274997669272 10.4124997672625 10.2699997704476 10.31999976933 10.3924997677095 10.3024997697212 10.2099997717887 10.1574997729622 10.2074997718446 10.1699997726828 10.7133330938717 10.5466664309303
-9999 -9999 -9999 -9999 -9999 -9999 -9999 -9999 -9999 -9999 -9999 -9999 -9999 -9999 -9999 -9999 -9999 -9999 -9999 -9999 -9999 -9999 -9999 -9999 -9999 -9999 -9999 10.7299989691625 10.4199997670949 10.6349997622892 10.6474997620098 10.6899997610599 10.7399997599423 10.8349997578189 10.8349997578189 10.9349997555837 10.9299997556955 10.9449997553602 10.919999755919 10.8899997565895 10.5124997650273 11.0549997529015 11.0724997525103 11.0299997534603 10.9599997550249 10.8983330897366 10.6733330947657 10.6349997622892 10.6449997620657 10.5399997644126 10.5399997644126 10.5749997636303 10.5849997634068 10.6649997616187 10.2533331041535 10.2258331047681 10.3208331026447 10.1559997729957 10.3499997686595 10.402499767486 10.2274997713976 10.2099997717887
-9999 -9999 -9999 -9999 -9999 -9999 -9999 -9999 -9999 -9999 -9999 -9999 -9999 -9999 -9999 -9999 -9999 -9999 -9999 -9999 -9999 -9999 -9999 -9999 -9999 -9999 10.6249997625127 9.85999977961183 9.85999977961183 9.76499978173524 9.92499977815896 9.75499978195876 10.3449997687712 10.6849997611716 10.7899997588247 10.7649997593835 10.7299997601658 10.8199997581542 10.8149997582659 10.8449997575954 11.0399997532368 11.1124997516163 11.093333085378 11.107499751728 11.0999997518957 11.0799997523427 10.9849997544661 10.9149997560307 10.7274997602217 10.7299997601658 10.7874997588806 9.35333312427004 10.4183331004654 10.8624997572042 10.5649997638538 10.5224997648038 10.3999997675419 10.4349997667596 10.4099997673184 10.6816664279128 10.5949997631833 10.7135711891044
-9999 -9999 -9999 -9999 -9999 -9999 -9999 -9999 -9999 -9999 -9999 -9999 -9999 -9999 -9999 -9999 -9999 -9999 -9999 -9999 -9999 -9999 -9999 -9999 -9999 7.17818516358901 10.5749997636303 9.85999977961183 9.8449997799471 9.79499978106469 10.7699997592717 10.1849997723475 10.9449997553602 10.5099997650832 10.8349997578189 10.8399997577071 10.7599997594953 10.8099997583777 10.8399997577071 11.0199997536838 11.0074997539632 11.0424997531809 11.0724997525103 11.0949997520074 11.0749997524545 11.0774997523986 10.9999997541308 11.1574997506104 11.1549997506663 11.0149997537956 10.9399997554719 10.5174997649156 9.77749978145584 9.64249978447333 10.3549997685477 10.4399997666478 10.5499997641891 10.4199997670949 10.464999766089 10.3449997687712 10.601666429701 10.581666430148
-9999 -9999 -9999 -9999 -9999 -9999 -9999 -9999 -9999 -9999 -9999 -9999 -9999 -9999 -9999 -9999 -9999 -9999 -9999 -9999 -9999 -9999 -9999 -9999 -9999 11.80406645351 10.6599997617304 10.6599997617304 10.8899997565895 10.7299997601658 10.8399997577071 10.7249997602776 10.0649997750297 10.1249997736886 10.3849997678772 9.80499978084117 9.83499978017062 9.88999977894127 9.84999977983534 9.95499977748841 10.1299997735769 9.92499977815896 11.0374997532926 10.9749997546896 10.9724997547455 10.8899997565895 10.8049997584894 10.9599997550249 11.1399997510016 11.1399997510016 10.9674997548573 10.77499975916 10.5249997647479 10.4899997655302 10.3999997675419 10.3999997675419 10.3999997675419 10.0674997749738 10.0833331079533 10.4916664321596 10.5983330964421 10.3329997690395
-9999 -9999 -9999 -9999 -9999 -9999 -9999 -9999 -9999 -9999 -9999 -9999 -9999 -9999 -9999 -9999 -9999 -9999 -9999 -9999 -9999 -9999 -9999 -9999 10.6169997626916 10.4799997657537 10.5199997648597 10.2299997713417 10.1649997727945 10.0599997751415 10.879999756813 10.7449997598305 10.6599997617304 10.9949997542426 10.1549997730181 9.89999977871776 9.95499977748841 9.98499977681786 10.0449997754768 10.0899997744709 10.0599997751415 10.049999775365 11.0274997535162 10.9599997550249 11.0049997540191 10.9924997542985 10.9474997553043 10.879999756813 10.879999756813 11.0374997532926 10.8824997567572 10.7624997594394 10.1549997730181 10.1699997726828 10.2399997711182 10.3549997685477 10.4199997670949 10.4549997663125 10.4183331004654 10.1799997724593 10.2299997713417 10.5099997650832
-9999 -9999 -9999 -9999 -9999 -9999 -9999 -9999 -9999 -9999 -9999 -9999 -9999 -9999 -9999 -9999 -9999 -9999 -9999 -9999 -9999 -9999 -9999 -9999 10.484999765642 10.5699997637421 10.5699997637421 10.5149997649714 10.4799997657537 10.6549997618422 10.7199997603893 10.6649997616187 11.0749997524545 11.0799997523427 9.60499978531152 9.759999781847 9.82499978039414 9.9899997767061 9.97999977692962 10.0049997763708 10.0549997752532 9.9899997767061 10.9549997551367 10.8624997572042 10.9999997541308 10.9474997553043 10.9174997559749 10.7724997592159 10.8499997574836 10.8224997580983 10.5949997631833 10.4874997655861 10.3524997686036 10.3049997696653 10.2309997713193 10.1189997738227 10.5874997633509 10.4199997670949 10.1499997731298 9.74499978218228 9.82333311376472 9.39166645674656
-9999 -9999 -9999 -9999 -9999 -9999 -9999 -9999 -9999 -9999 -9999 -9999 -9999 -9999 -9999 -9999 -9999 -9999 -9999 -9999 -9999 -9999 -9999 10.6029997630045 10.2049997719005 10.2749997703359 10.3649997683242 10.6649997616187 10.7099997606128 10.754999759607 10.7249997602776 10.1799997724593 11.0599997527897 10.4449997665361 10.0099997762591 10.3949997676536 10.4599997662008 9.85499977972358 9.89499977882951 9.90999977849424 9.91499977838248 9.87999977916479 10.9799997545779 10.5074997651391 10.4149997672066 10.6699997615069 10.5937497632112 10.7349997600541 10.8499997574836 10.5774997635745 10.5099997650832 10.5599997639656 10.4349997667596 10.464999766089 10.7966664253424 10.7779997590929 10.8329997578636 10.4883330989008 10.5449997643009 10.4599997662008 9.87299977932125 9.366249790648
-9999 -9999 -9999 -9999 -9999 -9999 -9999 -9999 -9999 -9999 -9999 -9999 -9999 -9999 -9999 -9999 -9999 -9999 -9999 -9999 -9999 8.41440666760219 10.3924997677095 10.4274997669272 10.339999768883 10.8099997583777 10.4199997670949 10.3299997691065 9.94999977760017 10.5699997637421 10.9649997549132 10.9299997556955 10.9499997552484 10.4999997653067 10.0199997760355 10.6199997626245 9.85499977972358 9.904999778606 10.0349997757003 9.98499977681786 9.82999978028238 9.77999978139997 11.0099997539073 10.7074997606687 10.5924997632392 10.6499997619539 10.7274997602217 10.7024997607805 10.8124997583218 10.5299997646362 10.4474997664802 10.5349997645244 10.4469997664914 10.2666664371888 10.2549997707829 10.6624997616746 10.6049997629598 10.4133331005772 10.3837497679051 11.4649997437373 11.4949997430667 10.8471426146903
-9999 -9999 -9999 -9999 -9999 -9999 -9999 -9999 -9999 -9999 -9999 -9999 -9999 -9999 -9999 -9999 -9999 -9999 -9999 -9999 16.7834925577976 10.5024997652508 10.5149997649714 10.5149997649714 10.6149997627363 10.8749997569248 10.8749997569248 11.064999752678 11.0774997523986 11.0324997534044 10.9549997551367 10.9549997551367 10.9299997556955 10.1349997734651 10.0599997751415 9.94999977760017 10.8949997564778 10.8949997564778 10.9949997542426 11.1549997506663 11.1549997506663 11.1999997496605 11.0774997523986 10.7399997599423 10.6449997620657 10.8899997565895 10.8249997580424 10.8924997565337 10.8149997582659 10.6399997621775 10.4824997656979 10.4449997665361 10.6524997618981 10.7924997587688 10.6549997618422 10.6824997612275 9.95166644422958 10.0683331082885 10.1149997739121 10.7949997587129 10.7674997593276 10.8971426135727
-9999 -9999 -9999 -9999 -9999 -9999 -9999 -9999 -9999 -9999 -9999 -9999 -9999 -9999 -9999 -9999 -9999 -9999 -9999 -9999 10.1999997720122 10.2249997714534 10.359999768436 10.3949997676536 10.7299997601658 10.9599997550249 10.7849997589365 10.7199997603893 11.0149997537956 11.2249997491017 10.9549997551367 10.9349997555837 11.0999997518957 10.9899997543544 10.919999755919 11.0049997540191 11.1099997516721 11.1099997516721 10.9799997545779 10.9749997546896 9.32499979157001 10.9499997552484 10.7074997606687 10.5974997631274 10.8949997564778 11.1999997496605 11.1999997496605 11.0224997536279 10.7433330932011 10.754999759607 10.5074997651391 10.6549997618422 10.3549997685477 11.0683330859368 11.0566664195309 10.9599997550249 10.9066664228837 9.98166644355903 9.98333311018845 10.6474997620098 11.1066664184133 11.0399997532368
-9999 -9999 -9999 -9999 -9999 -9999 -9999 -9999 -9999 -9999 -9999 -9999 -9999 -9999 -9999 -9999 -9999 -9999 5.82328349231959 10.4049997674301 10.3224997692741 10.3799997679889 9.61999978497624 9.59999978542328 9.76499978173524 10.8549997573718 10.9099997561425 10.7499997597188 11.0949997520074 11.1549997506663 11.1749997502193 10.8549997573718 10.4999997653067 10.7099997606128 10.8399997577071 11.024999753572 11.0549997529015 11.0199997536838 10.9099997561425 11.147499750834 10.9599997550249 11.1649997504428 11.1649997504428 11.0499997530133 11.0499997530133 10.8816664234425 11.1749997502193 11.2149997493252 11.2499997485429 11.2549997484311 11.2599997483194 10.3383331022536 10.8649997571483 10.8649997571483 11.31499974709 10.8329997578636 10.8649997571483 10.8924997565337 10.6349997622892 10.7483330930894 10.7816664256776 10.8074997584336
-9999 -9999 -9999 -9999 -9999 -9999 -9999 -9999 -9999 -9999 -9999 -9999 -9999 -9999 -9999 -9999 8.36655915003609 9.78499978128821 9.94499977771193 10.2999997697771 10.3974997675978 10.5449997643009 10.5874997633509 10.2199997715652 10.2199997715652 10.7449997598305 10.5199997648597 10.879999756813 10.9649997549132 11.0849997522309 11.1599997505546 11.1749997502193 11.209999749437 10.8649997571483 10.7149997605011 10.9349997555837 10.9099997561425 10.968333088172 10.7849997589365 10.7849997589365 10.9549997551367 10.9599997550249 10.5024997652508 10.5266664313773 10.6666664282481 10.9166664226602 10.9616664216543 11.1787497501355 11.4099997449666 11.4099997449666 10.629999762401 10.754999759607 11.334999746643 10.6409997621551 10.6229997625574 10.8699997570366 10.4583330995714 10.4966664320479 10.8774997568689 10.6869997611269 10.6816664279128 10.561666430595
-9999 -9999 -9999 -9999 -9999 -9999 -9999 -9999 -9999 -9999 8.20248814107617 7.43697547434519 8.36482708840611 -9999 -9999 -9999 8.86886343812909 9.95666644411782 10.8249997580424 10.0049997763708 9.42499978933483 10.5124997650273 10.6999997608364 10.7874997588806 10.2649997705594 10.2999997697771 10.4149997672066 10.7199997603893 10.9899997543544 11.0499997530133 11.1349997511134 11.1599997505546 11.1649997504428 10.8299997579306 10.9149997560307 10.8699997570366 10.4949997654185 10.5199997648597 11.1999997496605 11.1749997502193 10.8149997582659 10.6966664275775 11.209999749437 11.209999749437 10.9883330877249 11.2233330824723 10.8949997564778 10.81749975821 10.8216664247836 10.7599997594953 10.7399997599423 11.1599997505546 11.2349997488782 11.3249997468665 10.5885711918984 10.9466664219896 11.0219997536391 10.8966664231072 10.899999756366 10.8349997578189 10.8116664250071 10.8874997566454
-9999 -9999 -9999 -9999 -9999 -9999 -9999 -9999 -9999 -9999 -9999 -9999 -9999 -9999 -9999 -9999 -9999 -9999 10.4483330997949 10.4999997653067 10.4199997670949 10.5949997631833 10.5949997631833 10.8949997564778 10.4099997673184 10.4199997670949 10.504999765195 10.8749997569248 10.9099997561425 10.8899997565895 11.1849997499958 11.209999749437 11.169999750331 11.1199997514486 11.1949997497723 11.1249997513369 10.5199997648597 11.044999753125 10.6649997616187 10.6449997620657 10.5949997631833 10.8449997575954 11.1949997497723 11.1399997510016 11.1549997506663 11.2299997489899 10.9749997546896 10.9749997546896 10.6433330954363 10.6933330943187 11.1199997514486 11.1149997515604 11.0949997520074 11.1049997517839 10.9099997561425 11.024999753572 10.0359997756779 10.1099997740239 10.9999997541308 10.9999997541308 10.9649997549132 10.9649997549132
-9999 -9999 -9999 -9999 -9999 -9999 -9999 -9999 -9999 -9999 -9999 -9999 -9999 -9999 7.85265761568858 10.3526995588856 10.3019997697324 10.3639997683465 9.78999978117645 9.79499978106469 10.1249997736886 10.4099997673184 10.3549997685477 10.4999997653067 10.4249997669831 10.31999976933 10.2349997712299 10.3249997692183 10.77499975916 11.0299997534603 11.1399997510016 11.2849997477606 11.3299997467548 11.3449997464195 11.3399997465312 11.3399997465312 11.3249997468665 10.8599997572601 10.8899997565895 10.9799997545779 11.0049997540191 11.064999752678 11.0949997520074 10.8749997569248 11.0999997518957 11.1849997499958 11.1199997514486 11.0749997524545 11.1049997517839 10.8349997578189 11.1649997504428 11.1199997514486 11.0349997533485 10.9999997541308 11.0899997521192 11.0849997522309 11.1249997513369 11.1349997511134 11.1199997514486 11.044999753125 11.044999753125 10.9749997546896
-9999 -9999 -9999 -9999 -9999 -9999 -9999 -9999 -9999 -9999 -9999 -9999 12.0404796328959 9.40499978978187 9.74999978207052 9.92499977815896 9.88999977894127 10.0599997751415 10.1999997720122 9.96499977726489 10.1149997739121 9.87999977916479 10.1999997720122 10.4549997663125 10.5149997649714 10.5799997635186 10.339999768883 10.4599997662008 10.8449997575954 10.9049997562543 11.0499997530133 11.1349997511134 11.2149997493252 11.2299997489899 11.2399997487664 11.31499974709 11.3249997468665 11.334999746643 11.1449997508898 10.9349997555837 11.0149997537956 11.1099997516721 11.1099997516721 11.0999997518957 10.9249997558072 10.9749997546896 10.8849997567013 11.024999753572 11.0099997539073 11.0199997536838 11.064999752678 11.024999753572 11.0749997524545 11.0799997523427 11.1049997517839 11.1199997514486 11.0949997520074 11.0999997518957 11.1049997517839 10.9299997556955 10.8149997582659 10.8499997574836
-9999 -9999 -9999 -9999 -9999 -9999 -9999 -9999 -9999 -9999 12.3383916646708 9.44749978883192 9.25499979313463 9.97499977704138 9.47499978821725 9.31499979179353 8.44499981123954 8.71999980509281 8.71999980509281 9.60999978519976 9.75499978195876 9.93499977793545 10.3699997682124 10.5399997644126 10.6699997615069 10.6049997629598 10.5449997643009 10.6199997626245 11.064999752678 11.044999753125 11.0949997520074 11.1099997516721 11.0399997532368 11.2449997486547 11.1449997508898 11.1199997514486 11.0949997520074 11.209999749437 11.0549997529015 10.9249997558072 10.9099997561425 10.8649997571483 10.484999765642 10.6699997615069 10.7399997599423 10.8499997574836 10.8949997564778 10.8349997578189 10.9399997554719 11.0099997539073 11.0149997537956 10.9799997545779 10.9649997549132 11.0149997537956 10.9699997548014 10.9799997545779 10.9699997548014 10.9299997556955 10.8749997569248 10.7799997590482 10.7699997592717 10.6699997615069
-9999 -9999 -9999 -9999 -9999 -9999 -9999 -9999 -9999 -9999 13.324999702163 9.69899978321046 9.70699978303164 9.80666644747058 9.76666644836465 9.66833311722924 9.60833311857035 -9999 -9999 9.22999979369342 8.96315842257305 11.1418747509597 10.7649997593835 10.8274997579865 10.5399997644126 10.5399997644126 10.5399997644126 10.9249997558072 11.1749997502193 11.1649997504428 11.1649997504428 11.2549997484311 11.2399997487664 11.0799997523427 10.7399997599423 10.754999759607 10.8249997580424 10.9699997548014 11.1049997517839 10.6599997617304 10.5449997643009 10.5799997635186 10.504999765195 10.5749997636303 10.6249997625127 10.6899997610599 10.8049997584894 10.6149997627363 10.6249997625127 10.31999976933 10.6049997629598 10.7999997586012 10.8399997577071 10.7499997597188 10.5899997632951 10.5949997631833 10.5649997638538 10.6499997619539 10.5649997638538 10.6549997618422 10.5349997645244 10.3149997694418
-9999 -9999 -9999 -9999 -9999 -9999 -9999 -9999 -9999 -9999 -9999 -9999 -9999 -9999 -9999 -9999 -9999 -9999 -9999 -9999 -9999 -9999 -9999 -9999 11.3323399519314 10.2249997714534 10.0999997742474 10.0899997744709 10.5799997635186 10.899999756366 11.0299997534603 11.1249997513369 10.7999997586012 10.7249997602776 10.6749997613952 10.77499975916 10.8649997571483 10.8849997567013 10.9649997549132 10.9349997555837 10.6599997617304 10.3749997681007 10.2749997703359 10.4699997659773 10.4249997669831 10.4499997664243 10.4399997666478 10.4299997668713 10.2449997710064 10.504999765195 10.4899997655302 10.504999765195 10.4149997672066 10.2599997706711 10.2499997708946 10.2749997703359 10.3349997689947 10.3899997677654 10.5099997650832 10.1449997732416 10.194999772124 10.2599997706711
-9999 -9999 -9999 -9999 -9999 -9999 -9999 -9999 -9999 -9999 -9999 -9999 -9999 -9999 -9999 -9999 -9999 -9999 -9999 -9999 -9999 -9999 -9999 -9999 -9999 10.6396679468453 9.20499979425222 9.94999977760017 10.2399997711182 10.6499997619539 10.5799997635186 10.3449997687712 10.2949997698888 10.4749997658655 10.6749997613952 10.5299997646362 10.8549997573718 11.064999752678 11.0899997521192 10.9299997556955 10.4749997658655 10.0149997761473 10.1049997741356 10.31999976933 10.3499997686595 10.4149997672066 10.5649997638538 10.0199997760355 10.484999765642 10.5149997649714 10.4549997663125 10.4599997662008 10.3899997677654 10.214999771677 10.1199997738004 10.1299997735769 10.1899997722358 10.2099997717887 10.1549997730181 10.1349997734651 10.1199997738004 10.0949997743592
-9999 -9999 -9999 -9999 -9999 -9999 -9999 -9999 -9999 -9999 -9999 -9999 -9999 -9999 -9999 -9999 -9999 -9999 -9999 -9999 -9999 -9999 -9999 -9999 -9999 -9999 -9999 10.5299997646362 9.89499977882951 10.2899997700006 10.6399997621775 10.5499997641891 10.7349997600541 10.77499975916 10.6949997609481 10.4149997672066 10.6699997615069 10.7799997590482 10.6849997611716 10.6199997626245 10.6949997609481 10.1699997726828 10.1799997724593 10.2399997711182 10.0999997742474 9.95999977737665 9.86499977950007 9.83499978017062 10.0099997762591 10.3249997692183 10.1799997724593 10.1399997733533 10.1599997729063 10.0999997742474 10.1849997723475 10.1649997727945 10.0349997757003 10.0549997752532 9.85999977961183 9.80999978072941 9.87499977927655 9.95499977748841
