EcologicalScience/Bass/data/rs_data_bass/sst_263.asc
NCOLS 226 
NROWS 124 
XLLCORNER -9.41648524995501 
YLLCORNER 47.587301625531 
CELLSIZE 0.0833 
NODATA_value -9999 
[rows 0 to 26 of 124, columns 62 to 123 of 226]
-9999 -9999 -9999 -9999 -9999 -9999 -9999 -9999 -9999 -9999 -9999 -9999 -9999 -9999 -9999 -9999 -9999 -9999 -9999 -9999 -9999 -9999 -9999 -9999 -9999 -9999 -9999 -9999 -9999 -9999 -9999 -9999 -9999 -9999 -9999 -9999 -9999 -9999 -9999 -9999 -9999 -9999 -9999 -9999 -9999 -9999 -9999 -9999 -9999 -9999 -9999 -9999 -9999 -9999 -9999 -9999 -9999 -9999 -9999 -9999 -9999 -9999
-9999 -9999 -9999 -9999 -9999 -9999 -9999 -9999 -9999 -9999 -9999 -9999 -9999 -9999 -9999 -9999 -9999 -9999 -9999 -9999 -9999 -9999 -9999 -9999 -9999 -9999 -9999 -9999 -9999 -9999 -9999 -9999 -9999 -9999 -9999 -9999 -9999 -9999 -9999 -9999 -9999 -9999 -9999 -9999 -9999 -9999 -9999 -9999 -9999 -9999 -9999 -9999 -9999 -9999 -9999 -9999 -9999 -9999 -9999 -9999 -9999 -9999
-9999 -9999 -9999 -9999 -9999 -9999 -9999 -9999 -9999 -9999 -9999 -9999 -9999 -9999 -9999 -9999 -9999 -9999 -9999 -9999 -9999 -9999 -9999 -9999 -9999 -9999 -9999 -9999 -9999 -9999 -9999 -9999 -9999 -9999 -9999 -9999 -9999 -9999 -9999 -9999 -9999 -9999 -9999 -9999 -9999 -9999 -9999 -9999 -9999 -9999 -9999 -9999 -9999 -9999 -9999 -9999 -9999 -9999 -9999 -9999 -9999 -9999
-9999 -9999 -9999 -9999 -9999 -9999 -9999 -9999 -9999 -9999 -9999 -9999 -9999 -9999 -9999 -9999 -9999 -9999 -9999 -9999 -9999 -9999 -9999 -9999 -9999 -9999 -9999 -9999 -9999 -9999 -9999 -9999 -9999 -9999 -9999 -9999 -9999 -9999 -9999 -9999 -9999 -9999 -9999 -9999 -9999 -9999 -9999 -9999 -9999 -9999 -9999 -9999 -9999 -9999 -9999 -9999 -9999 -9999 -9999 -9999 -9999 -9999
-9999 -9999 -9999 -9999 -9999 -9999 -9999 -9999 -9999 -9999 -9999 -9999 -9999 -9999 -9999 -9999 -9999 -9999 -9999 -9999 -9999 -9999 -9999 -9999 -9999 -9999 -9999 -9999 -9999 -9999 -9999 -9999 -9999 -9999 -9999 -9999 -9999 -9999 -9999 -9999 -9999 -9999 -9999 -9999 -9999 -9999 -9999 -9999 -9999 -9999 -9999 -9999 -9999 -9999 -9999 -9999 -9999 -9999 -9999 -9999 -9999 -9999
-9999 -9999 -9999 -9999 -9999 -9999 -9999 -9999 -9999 -9999 -9999 -9999 -9999 -9999 -9999 -9999 -9999 -9999 -9999 -9999 -9999 -9999 -9999 -9999 -9999 -9999 -9999 -9999 11.6799997389317 11.8917119072807 13.3147678924724 13.2258369559422 13.139057574328 12.9812768804841 12.8923459439538 12.5222784983926 12.738868359942 13.2150791813619 13.2028870368376 13.1698965281248 12.4821161399595 12.4398022266105 12.6764732673764 12.8564866953529 13.0508438227698 13.0953092910349 12.1362536872039 12.9253364526667 13.3972441642545 13.1412091292441 12.6370280939154 13.0623187823221 12.5717642614618 12.5502487123013 12.3268455935176 12.5925626256503 12.2199133141898 13.8877986851148 14.2593005006202 13.7809381242841 13.4868922857568 13.4632251816802
-9999 -9999 -9999 -9999 -9999 -9999 -9999 -9999 -9999 -9999 -9999 -9999 -9999 -9999 -9999 -9999 -9999 -9999 -9999 -9999 -9999 -9999 -9999 -9999 -9999 -9999 -9999 13.4696798464283 13.3240912971087 13.3305459618568 13.2767570889555 13.2093417015858 12.9195989728905 12.6076235100627 12.6162297297269 12.9941862099804 13.1928464472294 12.8686788398772 12.9425488919951 12.3874477236532 12.1522110528313 12.5911282557063 12.7639698339626 12.4297616370022 12.0467848619446 12.1889667826472 13.3083132277243 13.0522781927139 13.1928464472294 13.3197881872766 13.4295174879953 13.337717811577 13.2638477594592 13.1146732852794 11.3236233484931 13.775200644508 13.5901669217274 12.9246192676947 13.3613849156536 13.4194768983871 13.6339152050205 14.0111545003019
-9999 -9999 -9999 -9999 -9999 -9999 -9999 -9999 -9999 -9999 -9999 -9999 -9999 -9999 -9999 -9999 -9999 -9999 -9999 -9999 -9999 -9999 -9999 -9999 -9999 -9999 13.7465132456273 13.5428327135742 13.4201940833591 13.2279885108583 13.2071901466697 13.099612400867 12.8378398860805 12.5280159781687 12.8070009322837 12.6470686835237 13.3176366323605 13.2946867132559 12.857203880325 12.7567979842424 12.936811412219 12.7044434812851 12.9411145220511 13.1885433373973 13.1397747593001 13.3147678924724 13.2064729616977 13.258827464655 13.2136448114179 13.2437665802427 13.2652821294032 13.3427381063811 13.2896664184518 13.2086245166138 13.1340372795239 13.9200720088556 13.536378048826 14.6243476513773 13.9839014713652 13.5564592280425 13.6267433553003 13.7795037543401
-9999 -9999 -9999 -9999 -9999 -9999 -9999 -9999 -9999 -9999 -9999 -9999 -9999 -9999 -9999 -9999 -9999 -9999 -9999 -9999 -9999 -9999 -9999 -9999 -9999 11.5426690252498 13.5593279679306 13.457487701904 13.4474471122958 13.2107760715298 13.137623204384 13.3219397421926 13.218665106222 13.2358775455505 13.2961210832 13.255241539795 13.2674336843193 13.2150791813619 13.3513443260454 13.1189763951115 12.8837397242896 12.7575151692145 12.7697073137388 13.0737937418744 13.1089358055033 13.0616015973501 13.0616015973501 13.098895215895 13.0752281118184 13.255241539795 13.2344431756064 13.3556474358775 13.5055390950292 13.5112765748054 13.7027649623342 13.7379070259631 13.5894497367553 13.4395580776036 13.5428327135742 13.3147678924724 13.5005188002251 13.575823222287
-9999 -9999 -9999 -9999 -9999 -9999 -9999 -9999 -9999 -9999 -9999 -9999 -9999 -9999 -9999 -9999 -9999 -9999 -9999 -9999 -9999 -9999 -9999 -9999 -9999 13.7952818237245 13.5794091471471 13.4990844302811 13.3678395804018 13.1254310598597 13.1462294240482 13.0644703372382 13.1978667420335 13.1541184587404 13.0601672274061 13.1942808171734 13.1677449732088 13.0042267995887 13.0816827765666 13.0709250019863 12.9023865335621 12.9719534758478 13.1060670656152 13.2824945687316 13.3176366323605 13.4080019388348 13.6102481009439 12.6327249840833 12.4172108999919 13.5636310777627 12.6517303858418 13.3829004648142 13.9501937776804 13.5105593898334 13.4725485863164 13.617419950664 13.815363002941 13.9903561361134 13.8591112862341 13.6532791992649 13.7077852571383 13.8031708584167
-9999 -9999 -9999 -9999 -9999 -9999 -9999 -9999 -9999 -9999 -9999 -9999 -9999 -9999 -9999 -9999 -9999 -9999 -9999 -9999 -9999 -9999 -9999 -9999 12.4831321520032 13.5442670835182 13.5700857425109 13.4123050486669 13.3628192855977 13.2638477594592 13.2050385917537 13.1871089674532 13.2351603605784 13.1641590483487 13.0350657533854 12.9970549498685 13.0780968517065 13.0788140366785 13.1326029095799 13.2287056958303 13.1268654298037 13.2387462854385 13.1125217303634 13.2767570889555 13.4216284533031 13.7651600548998 13.5801263321191 13.5227515343577 13.5700857425109 13.5980559564196 13.694875927642 13.8232520376332 14.0068513904698 14.053468413651 13.6403698697686 13.7587053901516 13.9989623557776 13.7235633265227 13.694875927642 13.5155796846375 13.654713569209 13.7300179912709
-9999 -9999 -9999 -9999 -9999 -9999 -9999 -9999 -9999 -9999 -9999 -9999 -9999 -9999 -9999 -9999 -9999 -9999 -9999 -9999 -9999 -9999 -9999 -9999 13.5586107829586 13.613834025804 13.5292061991058 13.4804376210086 13.5564592280425 13.336283441633 13.2667164993472 13.2129276264459 13.1046326956712 13.1333200945519 13.136906019412 13.0106814643368 12.9418317070231 13.1627246784046 13.2365947305225 13.4130222336389 13.3534958809614 13.458204886876 13.4316690429114 13.3699911353178 13.5901669217274 12.778313533403 13.5586107829586 13.5872981818393 13.4668111065403 13.336283441633 13.2530899848789 13.5306405690499 14.0455793789588 13.9286782285199 13.7773521994241 13.7708975346759 13.7070680721663 13.6037934361957 13.7379070259631 13.814645817969 13.8462019567378 13.8834955752827
-9999 -9999 -9999 -9999 -9999 -9999 -9999 -9999 -9999 -9999 -9999 -9999 -9999 -9999 -9999 -9999 -9999 -9999 -9999 -9999 -9999 -9999 -9999 13.1599997058511 13.5679341875948 13.5084078349173 13.454618962016 13.3319803318009 13.2932523433119 13.1799371177331 13.1426434991881 13.1031983257271 13.0501266377978 13.0494094528258 12.9662159960717 13.05801567249 13.2358775455505 13.3635364705697 13.3563646208495 13.4359721527435 13.4467299273238 13.7099368120544 13.6676228987053 12.581446258584 13.7178258467466 13.7673116098158 13.8196661127731 13.8275551474653 13.5076906499453 11.5677053006366 13.7716147196479 13.9078798643313 14.1022369917482 12.8923459439538 13.2204580686521 14.0341044194065 13.6626026039012 13.5973387714475 13.6783806732856 13.8325754422694 13.8791924654506 13.9372844481841
-9999 -9999 -9999 -9999 -9999 -9999 -9999 -9999 -9999 -9999 -9999 -9999 -9999 -9999 -9999 -9999 -9999 -9999 -9999 -9999 -9999 10.5531721034759 13.7802209393121 13.6016418812796 13.6088137309998 13.3283944069408 13.7952818237245 13.2315744357184 13.2050385917537 13.1476637939923 13.139057574328 13.1053498806432 13.0924405511469 13.0365001233295 13.0702078170143 13.1211279500276 13.0250251637772 13.4452955573797 13.3484755861573 13.5026703551412 13.6274605402723 13.6927243727259 12.6700186026283 13.7673116098158 13.7199774016626 13.7307351762429 13.7565538352355 13.653996384237 13.5263374592178 13.6382183148526 13.733603916131 13.775200644508 12.6097750649787 13.655430754181 13.4610736267641 13.5184484245256 13.415890973527 13.3420209214091 13.9638202921487 13.773766274564 13.8612628411502 13.8017364884727
-9999 -9999 -9999 -9999 -9999 -9999 -9999 -9999 -9999 -9999 -9999 -9999 -9999 -9999 -9999 -9999 -9999 -9999 -9999 -9999 12.013927782994 13.0601672274061 13.2925351583399 13.8325754422694 13.7802209393121 13.1395356976427 13.3092694743536 13.1899777073413 13.0365001233295 13.1899777073413 13.1569871986285 13.0945921060629 12.5330362729728 13.0501266377978 13.0329141984694 13.0336313834414 13.0809655915946 13.3018585629761 13.4044160139747 13.5249030892737 13.5951872165315 13.5951872165315 13.7852412341163 13.7249976964667 13.8899502400309 13.8196661127731 13.6590166790411 13.5643482627347 13.7486648005433 13.6719260085374 13.733603916131 13.4811548059806 13.6260261703283 13.7795037543401 13.6009246963076 13.4861751007847 13.6346323899925 13.6697744536214 13.656865124125 13.7135227369145 13.7665944248438 13.7967161936685
-9999 -9999 -9999 -9999 -9999 -9999 -9999 -9999 -9999 -9999 -9999 -9999 -9999 -9999 -9999 -9999 -9999 -9999 -9999 -9999 9.67619230084972 12.6494251484317 13.8777580955066 12.857562472811 12.5251472382806 13.4503158521838 13.1820886726491 13.1584215685725 13.1268654298037 13.1318857246079 12.9906002851203 13.1318857246079 13.1024811407551 13.0443891580217 13.0429547880776 13.0336313834414 13.1942808171734 13.0479750828817 13.3549302509055 13.5901669217274 13.6288949102163 13.7579882051796 13.8526566214859 13.8375957370736 13.8175145578571 13.6834009680897 13.8404644769616 13.7422101357952 13.7773521994241 13.0038682071026 13.7285836213268 13.6798150432296 14.0075685754418 13.7909787138924 13.5270546441898 13.5055390950292 13.8820612053387 13.7063508871943 13.776635014452 13.9939420609735 13.7701803497039 13.7902615289204
-9999 -9999 -9999 -9999 -9999 -9999 -9999 -9999 -9999 -9999 -9999 -9999 -9999 -9999 -9999 -9999 -9999 -9999 12.9858851754107 14.0046998355538 14.0097201303579 13.3678395804018 13.3233741121367 13.258827464655 13.2824945687316 13.2638477594592 13.1196935800835 13.1268654298037 13.1412091292441 13.178502747789 13.1505325338803 13.1863917824812 13.1075014355592 13.0415204181336 12.9626300712116 11.8897213530727 12.2397076194175 13.4696798464283 13.3628192855977 13.6274605402723 13.7271492513828 13.7522507254034 13.8677175058983 13.893536164891 14.1065401015803 13.93585007824 13.9150517140515 13.7551194652915 13.8053224133328 13.814645817969 13.894253349863 13.7450788756832 13.856242546346 13.7981505636126 13.6575823090971 13.6991790374741 13.813928632997 13.7816553092562 13.8325754422694 14.0391247142106 13.7544022803195 13.8605456561781
-9999 -9999 -9999 -9999 -9999 -9999 -9999 -9999 -9999 -9999 -9999 -9999 -9999 -9999 -9999 -9999 9.35859629057813 13.4457053773637 13.4761345111765 13.1089358055033 13.1075014355592 13.0737937418744 13.258827464655 13.1942808171734 13.2358775455505 13.2322916206904 13.1569871986285 13.1476637939923 13.1189763951115 13.1569871986285 13.1225623199716 13.139057574328 13.0902889962308 13.1347544644959 13.0745109268464 13.0013580597006 13.0716421869583 13.3893551295623 13.5543076731265 13.5887325517833 13.7407757658511 13.7199774016626 13.9279610435478 13.8921017949469 14.0670949281193 13.4474471122958 14.0699636680074 13.7694631647319 13.7723319046199 13.2663579068612 13.7414929508232 13.5177312395535 13.4288003030233 13.6403698697686 13.77591782948 13.7773521994241 13.9078798643313 13.9573656274006 13.8576769162901 14.0003967257217 14.0713980379514 13.8705862457864
-9999 -9999 -9999 -9999 -9999 -9999 -9999 -9999 -9999 -9999 9.36398927981997 9.38261938864446 8.79709116439635 -9999 -9999 -9999 8.72537918249145 13.8512222515419 13.9042939394712 13.773766274564 13.7235633265227 14.6451460155658 13.3979613492265 13.3004241930321 13.2337259906344 13.1239966899157 13.098178030923 13.139057574328 13.0888546262868 13.0953092910349 13.0730765569024 13.0314798285253 13.1326029095799 13.3972441642545 13.0135502042249 13.1218451349996 13.2251197709702 13.2724539791234 13.4732657712884 13.5170140545815 13.6496932744049 13.6776634883136 13.7981505636126 13.9975279858336 14.0900448472239 14.0800042576157 14.0749839628115 14.0412762691267 13.8053224133328 13.6654713437892 13.7422101357952 13.7967161936685 13.7974333786406 13.8863643151708 13.9085970493034 13.8619800261222 13.8727378007025 13.8662831359543 13.8913846099749 13.8591112862341 13.8569597313181 13.8512222515419
-9999 -9999 -9999 -9999 -9999 -9999 -9999 -9999 -9999 -9999 -9999 -9999 -9999 -9999 -9999 -9999 -9999 11.6349997399375 12.2232735467174 13.3807489098981 13.85409099143 14.5978118074127 13.5134281297214 13.5170140545815 13.3886379445903 13.4445783724077 13.6475417194888 13.2746055340394 13.139057574328 13.1505325338803 13.1354716494679 13.2710196091793 13.2244025859982 13.1490981639363 12.9984893198125 13.0651875222102 13.1146732852794 13.3556474358775 13.3398693664931 13.4625079967082 13.0888546262868 13.8110598931089 13.8713034307584 13.8003021185286 13.9989623557776 14.0678121130913 14.1251869108528 14.1251869108528 13.8060395983048 13.7579882051796 13.8605456561781 13.6597338640131 13.5930356616154 13.7386242109351 13.8017364884727 13.9250923036598 13.9415875580162 13.9215063787997 13.9071626793593 13.9243751186877 13.8634143960662 14.0642261882313
-9999 -9999 -9999 -9999 -9999 -9999 -9999 -9999 -9999 -9999 -9999 -9999 -9999 -9999 13.5116677666083 13.892818979919 12.3145339181647 12.2678827433182 13.0802484066226 13.4395580776036 13.6102481009439 13.415890973527 13.5521561182104 13.4510330371559 13.4610736267641 13.4445783724077 13.3872035746463 13.2753227190115 13.1698965281248 13.1720480830409 12.7940916027874 12.9583269613795 12.8277992964722 13.0300454585813 13.0013580597006 13.1311685396358 13.1082186205313 13.3068788577802 13.3599505457096 13.6102481009439 13.6396526847966 13.892818979919 13.7551194652915 13.7823724942282 13.9021423845552 14.1151463212445 14.2363505815156 13.7070680721663 13.5959044015035 13.6331980200484 13.7873927890323 13.8813440203667 13.8211004827172 13.8232520376332 13.854808176402 13.9222235637717 13.9265266736038 13.9846186563373 13.975295251701 14.0412762691267 13.9136173441075 13.8791924654506
-9999 -9999 -9999 -9999 -9999 -9999 -9999 -9999 -9999 -9999 -9999 -9999 8.86616788511417 12.5381362549961 13.9430219279602 13.9509109626524 14.1101260264404 14.0627918182872 12.7453230246902 13.3900723145343 13.2839289386757 14.1990569629706 13.8261207775213 13.2466353201307 13.2143619963899 13.7422101357952 13.3893551295623 13.4295174879953 13.3577989907935 12.9920346550643 13.0465407129377 13.0616015973501 12.9454176318832 13.0006408747286 13.0551469326019 12.4290444520302 13.1275826147757 13.1971495570615 13.5127109447494 13.2997070080601 13.4374065226875 13.6468245345168 13.696310297586 13.7852412341163 13.9573656274006 13.7049165172502 13.7694631647319 13.6884212628938 13.7242805114947 13.7321695461869 13.7809381242841 13.8526566214859 13.8763237255625 13.9544968875125 14.0011139106937 13.9824671014212 14.0118716852739 14.0749839628115 14.2155522173271 14.3288674429059 14.2033600728028 13.9846186563373
-9999 -9999 -9999 -9999 -9999 -9999 -9999 -9999 -9999 -9999 10.7702297634179 12.9585660230368 14.2277443618514 14.6049836571328 14.6351054259576 13.2921765658539 13.3212225572206 13.1037720737048 11.815564426966 13.1225623199716 13.0704468786716 12.9016693485901 13.7701803497039 13.1060670656152 13.0271767186932 13.3326975167729 13.5406811586581 13.4603564417921 13.2817773837596 13.334849071689 13.1634418633766 12.8070009322837 13.0128330192529 13.0128330192529 13.1053498806432 13.058732857462 13.3066397961229 13.1498153489083 13.4201940833591 12.9348989189602 13.654713569209 13.4797204360366 14.0369731592946 13.9501937776804 14.0477309338748 13.9788811765611 13.7328867311589 13.8297067023814 13.9014251995832 13.9014251995832 13.815363002941 13.8261207775213 13.8289895174094 13.8799096504226 13.8447675867938 13.9401531880721 14.1043885466643 14.3202612232417 14.3353221076541 14.1667836392298 14.135227500461 14.5547807090916
-9999 -9999 -9999 -9999 -9999 -9999 -9999 -9999 -9999 -9999 10.6499997619539 10.2696382478615 10.4219079413941 12.9875881082378 12.85117952656 12.8225100573036 14.089999685064 -9999 -9999 9.22999979369342 7.49699754958158 9.88265241015358 12.0743964833673 13.2803430138156 13.1254310598597 13.4417096325196 13.4646595516242 13.4610736267641 13.4481642972678 13.2695852392353 13.1856745975092 12.7725760536268 12.8428601808846 12.979125325568 13.0816827765666 13.1971495570615 13.3699911353178 13.5700857425109 13.575106037315 13.5399639736861 13.9322641533799 13.9903561361134 13.9781639915891 14.0907620321959 13.7529679103754 13.8275551474653 13.7314523612149 13.7006134074181 13.8820612053387 13.9544968875125 13.9093142342754 13.8799096504226 13.9552140724845 13.8354441821575 13.9466078528203 14.1158635062166 14.1216009859927 14.2047944427468 14.4464857783169 14.5070879084524 14.6964247410651 14.7627643509768
-9999 -9999 -9999 -9999 -9999 -9999 -9999 -9999 -9999 -9999 -9999 -9999 -9999 -9999 -9999 -9999 -9999 -9999 -9999 -9999 -9999 -9999 -9999 -9999 11.5599997416139 13.1715699597262 13.5937528465874 13.7257148814388 13.4897610256448 13.3850520197302 13.2007354819216 13.0235907938331 12.9289223775268 12.9045380884781 13.0250251637772 13.1799371177331 13.3986785341986 13.5700857425109 12.6750388974324 13.4413510400336 13.0479750828817 13.9602343672886 14.014740425162 13.6998962224461 13.6661885287613 13.4639423666522 13.5679341875948 13.7135227369145 13.8024536734447 13.7816553092562 13.6869868929498 13.5779747772031 13.8605456561781 14.0168919800781 14.012588870246 14.1266212807968 14.1266212807968 14.1502883848734 14.769936200697 14.1904507433064 14.5443815269973 14.3948484603316
-9999 -9999 -9999 -9999 -9999 -9999 -9999 -9999 -9999 -9999 -9999 -9999 -9999 -9999 -9999 -9999 -9999 -9999 -9999 -9999 -9999 -9999 -9999 -9999 -9999 10.6396679468453 13.0687734470703 13.576540407259 13.5191656094976 13.3484755861573 13.3434552913532 13.1949980021454 12.897366238758 12.8715475797653 12.9102755682543 12.5480971573852 13.1024811407551 13.5550248580985 12.5839564059861 13.9172032689676 13.8347269971855 13.6400112772826 13.5098422048613 13.338434996549 13.655430754181 13.3814660948701 13.6260261703283 13.5729544823989 13.577257592231 13.577257592231 13.3993957191706 13.5306405690499 13.7515335404314 13.8404644769616 13.8784752804786 14.0742667778395 14.8879131285939 14.5999633623287 14.3546861018986 14.254997390788 14.0498824887909 14.6082109895069
-9999 -9999 -9999 -9999 -9999 -9999 -9999 -9999 -9999 -9999 -9999 -9999 -9999 -9999 -9999 -9999 -9999 -9999 -9999 -9999 -9999 -9999 -9999 -9999 -9999 -9999 9.91513182886411 12.857921065297 13.2867976785637 13.1885433373973 13.1225623199716 13.0551469326019 12.97984251054 12.9210333428346 12.6535233482718 13.2946867132559 12.0747550758533 13.3872035746463 13.2624133895151 13.7099368120544 13.6213644680101 13.7092196270823 12.8952146838419 13.1505325338803 13.5019531701691 13.3075960427523 13.3305459618568 13.296838268172 13.4775688811205 13.337000626605 13.3879207596183 13.7371898409911 13.8261207775213 13.8311410723254 13.7214117716067 13.975295251701 14.4199499343522 14.0197607199661 14.0398418991826 14.2600176855922 14.6723990445025 14.1302072056569
