EcologicalScience/Bass/data/rs_data_bass/sst_399.asc
NCOLS 226 
NROWS 124 
XLLCORNER -9.41648524995501 
YLLCORNER 47.587301625531 
CELLSIZE 0.0833 
NODATA_value -9999 
[rows 0 to 26 of 124, columns 0 to 61 of 226]
-9999.000000000000000 -9999 -9999 -9999 -9999 -9999 -9999 -9999 -9999 -9999 -9999 -9999 -9999 -9999 -9999 -9999 -9999 -9999 -9999 -9999 -9999 -9999 -9999 -9999 -9999 -9999 -9999 -9999 -9999 -9999 -9999 -9999 -9999 -9999 -9999 -9999 -9999 -9999 -9999 -9999 -9999 -9999 -9999 -9999 -9999 -9999 -9999 -9999 -9999 -9999 -9999 -9999 -9999 -9999 -9999 -9999 -9999 -9999 -9999 -9999 -9999 -9999
-9999 -9999 -9999 -9999 -9999 -9999 -9999 -9999 -9999 -9999 -9999 -9999 -9999 -9999 -9999 -9999 -9999 -9999 -9999 -9999 -9999 -9999 -9999 -9999 -9999 -9999 -9999 -9999 -9999 -9999 -9999 -9999 -9999 -9999 -9999 -9999 -9999 -9999 -9999 -9999 -9999 -9999 -9999 -9999 -9999 -9999 -9999 -9999 -9999 -9999 -9999 -9999 -9999 -9999 -9999 -9999 -9999 -9999 -9999 -9999 -9999 -9999
-9999 -9999 -9999 -9999 -9999 -9999 -9999 -9999 -9999 -9999 -9999 -9999 -9999 -9999 -9999 -9999 -9999 -9999 -9999 -9999 -9999 -9999 -9999 -9999 -9999 -9999 -9999 -9999 -9999 -9999 -9999 -9999 -9999 -9999 -9999 -9999 -9999 -9999 -9999 -9999 -9999 -9999 -9999 -9999 -9999 -9999 -9999 -9999 -9999 -9999 -9999 -9999 -9999 -9999 -9999 -9999 -9999 -9999 -9999 -9999 -9999 -9999
-9999 -9999 -9999 -9999 -9999 -9999 -9999 -9999 -9999 -9999 -9999 -9999 -9999 -9999 -9999 -9999 -9999 -9999 -9999 -9999 -9999 -9999 -9999 -9999 -9999 -9999 -9999 -9999 -9999 -9999 -9999 -9999 -9999 -9999 -9999 -9999 -9999 -9999 -9999 -9999 -9999 -9999 -9999 -9999 -9999 -9999 -9999 -9999 -9999 -9999 -9999 -9999 -9999 -9999 -9999 -9999 -9999 -9999 -9999 -9999 -9999 -9999
-9999 -9999 -9999 -9999 -9999 -9999 -9999 -9999 -9999 -9999 -9999 -9999 -9999 -9999 -9999 -9999 -9999 -9999 -9999 -9999 -9999 -9999 -9999 -9999 -9999 -9999 -9999 -9999 -9999 -9999 -9999 -9999 -9999 -9999 -9999 -9999 -9999 -9999 -9999 -9999 -9999 -9999 -9999 -9999 -9999 -9999 -9999 -9999 -9999 -9999 -9999 -9999 -9999 -9999 -9999 -9999 -9999 -9999 -9999 -9999 -9999 -9999
-9999 -9999 -9999 -9999 -9999 14.0283669396304 14.0577715234831 13.9817499164492 13.9781639915891 13.9021423845552 13.9473250377923 14.0735495928675 13.9602343672886 14.1997741479427 14.1201666160487 14.2019257028587 14.1502883848734 14.0247810147703 14.0627918182872 14.0319528644904 13.9509109626524 13.8268379624933 14.0785698876716 14.0025482806377 13.1195142838405 11.1746879359707 11.1202693396793 14.0692464830354 14.1129947663285 14.2851191596128 14.2750785700046 11.638837010134 11.8581230269526 10.530669893549 12.3249997245148 8.08398712384091 10.0081320105617 12.2299997266382 11.8599997349083 11.7433359315619 12.8349711461924 13.3276772219688 13.327715988724 13.4849996985868 -9999 -9999 -9999 -9999 -9999 -9999 -9999 -9999 -9999 -9999 -9999 -9999 -9999 -9999 -9999 -9999 -9999 -9999
-9999 -9999 -9999 -9999 -9999 13.8490706966259 13.8239692226052 13.534943678882 13.6812494131736 13.9910733210854 13.9200720088556 13.894970534835 13.8634143960662 13.9423047429882 14.2722098301165 14.1761070438661 14.1058229166083 13.9824671014212 13.9968108008616 13.9831842863932 13.9516281476244 13.816797372885 14.015457610134 14.131641575601 11.2449914466061 10.7466768907736 13.5428327135742 13.8196661127731 13.7622913150117 13.9301125984639 14.1380962403491 14.2714926451445 11.6239129150122 12.4840603160885 12.5145968424874 12.8651351023685 12.0099997315556 -9999 11.0499997530133 10.7584517078358 11.2823436366617 13.457487701904 13.6600924564991 11.0567321017494 11.0085963339216 10.9321802302729 -9999 -9999 -9999 -9999 -9999 -9999 -9999 -9999 -9999 -9999 -9999 -9999 -9999 -9999 -9999 -9999
-9999 -9999 -9999 -9999 -9999 13.7249976964667 13.3678395804018 13.3707083202899 13.656147939153 13.8397472919896 13.9903561361134 13.6260261703283 13.9458906678483 14.0226294598542 14.1452680900693 13.8569597313181 14.1445509050973 14.0857417373918 13.9960936158895 13.576540407259 13.9229407487437 13.6712088235654 13.8074739682488 14.1899726199917 11.4278883827584 9.31465312006438 13.8526566214859 13.9867702112533 14.2055116277188 14.1796929687262 13.9702749568969 14.0427106390707 14.4809106569737 14.2076631826349 14.4486373332329 11.8264553930411 11.0532949428123 12.3099997248501 12.0549997305498 10.7295784530934 10.6980048220082 11.0555105027945 13.4359721527435 13.7827310867142 8.6374324678909 -9999 -9999 -9999 -9999 -9999 -9999 -9999 -9999 -9999 -9999 -9999 -9999 -9999 -9999 -9999 -9999 -9999
-9999 -9999 -9999 -9999 -9999 14.0326700494625 13.9150517140515 13.6747947484255 13.7701803497039 14.1452680900693 13.9810327314772 13.6403698697686 13.4230628232472 13.494781320449 13.7802209393121 14.2157912789844 13.2071901466697 13.5801263321191 13.7551194652915 13.8999908296391 13.894970534835 13.8856471301988 13.2344431756064 10.2686338606695 10.6967103905953 12.9838587463833 13.178144155303 14.2047944427468 14.2750785700046 13.577257592231 13.7034821473062 13.8361613671295 14.1947538531385 13.8361613671295 13.7988677485846 13.9577242198866 12.4437397127314 12.5049997204915 11.1146834599786 12.4418011889793 8.65544847926245 8.70805746720984 10.3768271252775 -9999 10.3837133437943 10.4526070787866 9.33499979134649 -9999 -9999 -9999 -9999 -9999 -9999 -9999 -9999 -9999 -9999 -9999 -9999 -9999 -9999 -9999
-9999 -9999 -9999 -9999 -9999 14.0972166969441 13.8074739682488 13.6439557946287 13.8992736446671 13.9975279858336 13.973143696785 14.0068513904698 14.0111545003019 13.7852412341163 14.1682180091739 14.0893276622519 14.2363505815156 13.8497878815979 13.7630084999837 13.7773521994241 13.8426160318777 13.4603564417921 13.5604037453886 13.4838801088743 12.9432660769671 13.2251197709702 13.2624133895151 14.092913587112 14.0584887084551 13.9573656274006 13.9674062170088 13.972426511813 14.0434278240427 13.9265266736038 13.7013305923901 13.6776634883136 13.3635364705697 14.1621219369117 14.6671396880411 15.3207342592068 15.4297463749535 8.9454225579487 10.1240119519643 13.1248931711307 9.91805513717396 12.9585975009063 12.0949997296557 -9999 -9999 -9999 -9999 -9999 -9999 -9999 -9999 -9999 -9999 -9999 -9999 -9999 -9999 -9999
-9999 -9999 -9999 -9999 -9999 14.0627918182872 13.9365672632121 13.9458906678483 13.3678395804018 13.934415708296 14.4099093447439 13.5134281297214 14.371898541227 14.1273384657688 13.9989623557776 13.8720206157304 14.2679067202844 14.0197607199661 13.9050111244433 13.7852412341163 13.4076433463488 13.4614322192501 13.4058503839187 13.2127483302029 13.3326975167729 13.6256675778423 13.7572710202076 13.8877986851148 14.174672673922 13.8390301070176 14.4400311135687 14.4500717031769 13.8318582572974 13.8261207775213 13.7576296126936 13.6206472830381 13.9423047429882 14.1549500871915 14.9083529002964 15.0747398138046 14.1947538531385 14.649449125398 15.4397869645618 10.2767411690489 9.02882422969466 12.039999730885 -9999 -9999 -9999 -9999 -9999 -9999 -9999 -9999 -9999 -9999 -9999 -9999 -9999 -9999 -9999 -9999
-9999 -9999 -9999 -9999 -9999 14.1560258646496 14.0427106390707 13.8447675867938 13.6367839449085 14.0484481188469 14.0900448472239 14.0276497546583 13.8017364884727 14.1431165351532 14.0900448472239 14.49381998647 13.5672170026228 13.6375011298805 13.6676228987053 13.4201940833591 13.4452955573797 13.3126163375564 11.5986979369274 13.7072832276579 13.6176590123214 13.972426511813 14.2047944427468 13.9788811765611 14.5153355356306 14.254997390788 13.6977446675301 13.8454847717658 13.7701803497039 13.8598284712061 13.8404644769616 13.8397472919896 13.9415875580162 13.2200994761661 13.8574378546327 15.2275002128445 15.2848750106059 15.4598681437783 14.0864589223638 10.2269435864266 10.1799981575459 11.5315825963317 12.2549997260794 -9999 -9999 -9999 -9999 -9999 -9999 -9999 -9999 -9999 -9999 -9999 -9999 -9999 -9999 -9999
-9999 -9999 -9999 -9999 -9999 14.0283669396304 13.9652546620928 14.0298013095744 14.1567430496216 13.8648487660103 14.1983397779986 14.1667836392298 14.2313302867115 14.172521119006 14.1072572865523 13.9451734828763 13.5865809968673 13.3477584011853 14.1251869108528 13.7902615289204 13.615268395748 13.1397747593001 13.536378048826 13.5148624996655 14.4981230963022 14.5024262061343 13.8003021185286 14.3102206336334 13.9250923036598 14.49023406161 13.814645817969 14.5052949460223 13.7594225751236 13.6324808350764 13.7859584190883 13.8454847717658 13.7508163554594 13.7608569450676 13.5826364795212 13.7249976964667 13.8246864075772 13.8476363266818 13.1324073136784 14.1976225930266 12.494999720715 12.1299997288734 -9999 -9999 -9999 -9999 -9999 -9999 -9999 -9999 -9999 -9999 -9999 -9999 -9999 -9999 -9999 -9999
-9999 -9999 -9999 -9999 -9999 14.0699636680074 13.9652546620928 14.0341044194065 14.2392193214037 14.2743613850325 14.1545914947055 14.4651325875893 14.2449568011798 14.1244697258808 14.1689351941459 14.0498824887909 14.2220068820752 14.1244697258808 13.5614795228466 13.494781320449 13.5317163465079 13.2502212449908 13.2875148635358 14.0090029453859 14.3661610614508 14.5949430675246 13.6898556328379 13.8081911532208 14.5425885645673 14.0197607199661 13.9803155465052 13.8347269971855 13.7981505636126 13.8332926272415 14.5633869287558 13.6482589044608 13.3613849156536 13.8465605492238 13.7226668453077 13.8318582572974 13.8714468677528 13.2059606867177 12.9815376750194 9.02247687196359 11.8749997345731 -9999 -9999 -9999 -9999 -9999 -9999 -9999 -9999 -9999 -9999 -9999 -9999 -9999 -9999 -9999 -9999 -9999
-9999 -9999 -9999 -9999 -9999 14.0577715234831 14.1624805293977 14.3618579516187 14.0864589223638 14.2865535295568 14.0441450090148 14.2320474716835 14.1990569629706 14.0039826505817 14.1137119513005 14.0484481188469 14.0498824887909 13.6367839449085 13.5801263321191 12.8148899669759 13.7113711819984 14.0075685754418 14.095065142028 14.5497604142874 13.4302346729673 13.3814660948701 13.9860530262813 14.1847132635303 14.2298959167674 13.8196661127731 13.8899502400309 13.8347269971855 13.7235633265227 13.7773521994241 13.8641315810382 13.8670003209263 13.8971220897511 13.7547608728055 12.0401172829079 12.9630603821948 6.81954357573906 8.23621916061928 8.13736330947629 11.1843998158001 10.8309172727168 12.0544399843123 -9999 -9999 -9999 -9999 -9999 -9999 -9999 -9999 -9999 -9999 -9999 -9999 -9999 -9999 -9999 -9999
-9999 -9999 -9999 -9999 -9999 14.2026428878307 14.1545914947055 14.2177037722431 14.292291009333 14.1165806911886 14.1287728357129 14.4020203100517 14.4414654835127 14.0434278240427 14.3195440382697 13.8999908296391 14.0699636680074 13.9552140724845 13.5822778870352 13.8985564596951 13.4747001412325 15.129245871678 14.6444288305938 14.4823450269178 14.2363505815156 13.9229407487437 13.8770409105346 13.8713034307584 14.1180150611326 14.1804101536982 14.292291009333 14.1402477952652 14.2951597492211 13.7049165172502 11.901196312625 13.6432386096567 13.653996384237 13.5449842684902 12.9485015272629 13.0357032511383 12.8328913097735 8.34183043149871 11.9401429082979 -9999 -9999 -9999 -9999 13.2249997043982 13.2249997043982 -9999 -9999 -9999 -9999 -9999 -9999 -9999 -9999 -9999 -9999 -9999 -9999 -9999
-9999 -9999 -9999 -9999 -9999 13.9100314192474 13.6998962224461 14.2743613850325 14.3439283273183 14.1036713616922 14.0835901824757 13.8791924654506 14.0850245524198 14.1180150611326 14.2471083560959 14.1553086796775 14.371181356255 14.1423993501812 14.1137119513005 14.3159581134096 13.7873927890323 14.6135898767971 13.8763237255625 13.7637256849557 14.052034043707 13.9487594077364 13.9573656274006 14.1251869108528 14.1904507433064 14.2406536913477 13.9501937776804 13.6002075113356 13.7601397600956 13.8124942630529 13.6590166790411 13.6224402454682 13.9207891938277 11.8225450273603 9.22621204199329 -9999 -9999 -9999 -9999 -9999 -9999 -9999 -9999 -9999 -9999 -9999 -9999 -9999 -9999 -9999 -9999 -9999 -9999 -9999 -9999 -9999 -9999 -9999
-9999 -9999 -9999 -9999 -9999 14.2958769341931 14.2435224312358 13.8497878815979 14.012588870246 13.972426511813 13.9573656274006 14.5666142611299 14.1201666160487 14.2198553271592 14.2858363445848 14.1151463212445 14.052751228679 14.2499770959839 14.3073518937454 14.3754844660871 14.4249702291563 14.1481368299574 14.2334818416275 14.1072572865523 14.0118716852739 13.9939420609735 13.9394360031001 14.0713980379514 14.2234412520193 13.7563147735782 13.6666666520759 13.6611682339571 13.6647541588172 13.6331980200484 13.8275551474653 13.9666890320368 14.1997741479427 14.3690298013389 14.3077104862314 12.4659161970622 11.6199997402728 -9999 -9999 -9999 -9999 -9999 -9999 -9999 -9999 -9999 -9999 -9999 -9999 -9999 -9999 -9999 -9999 -9999 -9999 -9999 -9999 -9999
-9999 -9999 -9999 -9999 -9999 13.8655659509823 14.0613574483432 14.1452680900693 14.2169865872711 14.1409649802372 14.1897335583344 14.1789757837541 14.0986510668881 14.2248756219633 14.1531571247615 14.253563020844 14.2557145757601 14.2600176855922 14.2800988648087 14.331736182794 14.1990569629706 13.7680287947878 14.133075945545 14.0914792171679 14.1086916564964 14.1302072056569 14.1502883848734 13.8497878815979 13.9652546620928 14.0735495928675 14.0592058934271 13.8447675867938 13.5213171644136 13.7601397600956 14.0699636680074 13.9982451708056 14.1653492692858 14.2600176855922 13.8084780272096 11.0738039165735 11.064999752678 11.0899997521192 10.6796193685218 6.81880397140048 11.3477826383348 11.6199997402728 -9999 -9999 -9999 -9999 -9999 -9999 -9999 -9999 -9999 -9999 -9999 -9999 -9999 -9999 -9999 -9999
-9999 -9999 -9999 -9999 -9999 14.4199499343522 14.5239417552948 14.3962828302756 14.5641041137278 14.3532517319545 14.3403424024582 14.3224127781577 14.3977172002196 14.372615726199 14.3159581134096 14.2600176855922 14.3267158879898 14.254997390788 14.1574602345936 14.0269325696863 14.1452680900693 14.3396252174862 14.3546861018986 14.0685292980634 13.8246864075772 13.7508163554594 13.5335093089379 13.854808176402 13.7637256849557 14.0785698876716 14.0972166969441 13.8877986851148 13.8648487660103 13.8849299452268 13.9803155465052 14.1789757837541 13.4769712269772 14.3800266375765 14.0369731592946 13.9521062709391 13.9372844481841 13.894970534835 13.7490233930293 13.8799096504226 13.1906948923133 12.5169608342098 12.7249997155741 -9999 -9999 -9999 -9999 -9999 -9999 -9999 -9999 -9999 -9999 -9999 -9999 -9999 -9999 -9999
-9999 -9999 -9999 -9999 -9999 14.4830622118898 14.5519119692035 14.4335764488205 14.6351054259576 14.3546861018986 14.4020203100517 14.4658497725613 14.4572435528971 14.3891109805554 14.3145237434655 14.2004913329147 14.2449568011798 14.2593005006202 14.1438337201253 14.0907620321959 14.1667836392298 14.1051057316363 14.5088808708824 14.2499770959839 14.7677846457809 14.9564042934217 14.174672673922 14.1545914947055 13.8110598931089 14.1603289744817 14.1094088414684 14.0792870726436 13.8397472919896 13.5858638118953 13.9996795407496 13.614551210776 13.6403698697686 14.0986510668881 13.8512222515419 14.172521119006 13.8684346908703 13.5428327135742 13.5019531701691 13.6030762512237 13.2109553677728 9.60618914291263 -9999 -9999 -9999 -9999 -9999 -9999 -9999 -9999 -9999 -9999 -9999 -9999 -9999 -9999 -9999 -9999
-9999 -9999 -9999 -9999 -9999 14.2004913329147 14.2492599110119 14.2220068820752 14.5117496107705 14.4307077089325 14.4350108187646 14.7290566572919 14.5447401194833 14.6293679461814 14.5547807090916 14.8144016689621 14.3704641712829 14.332453367766 13.9021423845552 14.3102206336334 14.3912625354715 14.2836847896688 14.8703420967795 15.0381633802317 14.9886776171625 14.4758903621696 13.9946592459455 13.9903561361134 13.8024536734447 14.1474196449853 13.8017364884727 14.0341044194065 13.9853358413093 13.8842127602547 13.9035767544992 13.9573656274006 13.9674062170088 14.1553086796775 13.5636310777627 13.7149571068585 13.5327921239659 13.5729544823989 13.7411343583371 12.7967810464324 12.819602896792 13.4194768983871 7.91721238455832 -9999 -9999 9.05105200632741 -9999 -9999 -9999 -9999 10.9150669761002 -9999 -9999 -9999 -9999 -9999 -9999 -9999
-9999 -9999 -9999 -9999 -9999 14.4701528823934 13.9824671014212 14.3632923215628 14.493102801498 14.3037659688853 14.7520065763965 14.6838740040548 13.575106037315 14.9965666518547 14.1553086796775 15.0403149351478 14.4959715413861 14.4199499343522 14.4005859401077 15.051072709728 14.3977172002196 14.5382854547352 14.4651325875893 14.690328668803 13.6052278061397 15.0331430854276 13.9982451708056 14.0498824887909 14.0685292980634 13.935132893268 14.0348216043785 13.6016418812796 13.7027649623342 13.8763237255625 14.014740425162 13.9114657891914 13.5327921239659 14.4299905239604 13.1964323720895 14.0620746333152 13.4051331989467 14.0993682518601 12.5349487662315 13.1480223864783 12.9841456203721 12.8104844021478 11.2048097047955 10.7222567182308 9.69646213089582 9.07340768645517 -9999 -9999 -9999 10.4906910644436 8.84497540047603 -9999 -9999 -9999 -9999 -9999 -9999 -9999
-9999 -9999 -9999 -9999 -9999 14.6394085357897 14.889706091024 14.7132785879076 14.6888942988589 14.6401257207617 14.8409375129268 14.7857142700814 14.3238471481018 14.374050096143 14.4959715413861 15.1937925191596 15.247581392061 14.5225073853508 14.5598010038957 14.5569322640076 14.7971892296337 14.850978102535 14.5942258825526 14.6386913508177 14.9026154205203 13.4359721527435 14.1158635062166 14.014740425162 13.9946592459455 13.935132893268 13.8081911532208 13.813928632997 13.8103427081369 13.7522507254034 13.776635014452 13.8971220897511 14.014740425162 13.7271492513828 13.7852412341163 14.3597063967027 13.9512695551384 12.2923011840321 13.0336313834414 13.3619228043826 12.2480747774243 9.34008338609475 -9999 12.8178290191161 12.1998827597948 9.39969287680364 8.2618411721196 8.38499981258065 8.95999979972839 11.5191048127672 10.6460526423279 -9999 -9999 -9999 -9999 -9999 -9999 -9999
-9999 -9999 -9999 -9999 -9999 14.7570268712007 14.7448347266763 14.4385967436247 14.3704641712829 15.0187993859872 15.0539414496161 14.929151264485 14.0685292980634 14.5009918361902 14.6673787496984 14.2105319225229 14.4321420788765 15.2769859759137 14.7957548596896 14.8201391487382 14.8839686112478 14.809381374158 15.6040223231539 14.8151188539341 14.0082857604139 13.53781241877 13.9509109626524 13.8827783903107 13.8318582572974 13.7508163554594 13.7300179912709 13.6066621760838 13.6855525230058 13.8060395983048 13.9050111244433 13.7902615289204 13.417683935957 13.6188543206081 12.1420335249921 9.63632617099211 -9999 10.2734337313069 12.4488865695894 13.7852412341163 13.0337417195909 9.8947996349074 10.1199997738004 -9999 11.5185781300534 9.8505056995428 10.6448346059294 10.2815957715023 10.4194921604358 13.4800790285226 12.4278008411724 12.4699997212738 -9999 -9999 -9999 -9999 -9999 -9999
-9999 -9999 -9999 -9999 -9999 14.7369456919841 15.0933866230771 15.1493270508945 15.127811501734 14.9018982355483 14.4880825066939 15.290612490382 15.0309915305115 14.9528183685616 15.2045502937399 14.8151188539341 15.0668507791124 15.4971617623232 15.2217627330683 15.1672566751949 14.9564042934217 14.8366344030946 15.5021820571274 15.1715597850271 14.7204504376277 14.3797875759192 13.4876094707288 13.4001129041426 13.5514389332384 13.7371898409911 13.736472656019 13.7952818237245 13.5062562800013 13.4983672453091 13.2724539791234 13.1595690645277 9.42939388628809 10.4760777287302 7.8349998248741 9.82395968929632 12.6743869110942 14.2248756219633 13.935132893268 13.8921017949469 14.4350108187646 11.6295238327345 10.1314956212376 -9999 12.6795388815705 16.2826227436773 16.1874522978906 11.294823450009 16.2024414638057 12.2437033642616 12.4449997218326 11.5249997423962 -9999 -9999 -9999 -9999 -9999 -9999
-9999 -9999 -9999 -9999 -9999 15.1400036462583 15.2375408024527 15.4297463749535 15.3795434269123 15.2361064325087 15.1256599468179 15.0819116635248 15.0439008600079 14.7627643509768 15.1758628948592 14.769219015725 15.6563768261112 14.49023406161 15.2698141261935 15.6169316526502 15.6900845197961 15.2016815538518 15.2224799180403 13.3097475976683 14.9779198425822 13.6776634883136 13.6726431935094 13.7063508871943 13.4266487481073 13.6052278061397 13.3427381063811 13.3821832798421 13.3413037364371 13.1035569182131 13.1476637939923 11.8257552839017 13.2272713258862 13.3326975167729 -9999 9.06819359911606 12.8502113268478 14.5131839807145 14.3704641712829 13.694875927642 14.0298013095744 13.9903561361134 -9999 13.7032430856489 16.0257270867005 14.052392636193 15.6581697885413 16.2996917460114 16.1182439480908 15.6205175775103 13.0049997093156 -9999 -9999 -9999 -9999 -9999 -9999 -9999
