EcologicalScience/Bass/data/rs_data_bass/sst_438.asc
NCOLS 226 
NROWS 124 
XLLCORNER -9.41648524995501 
YLLCORNER 47.587301625531 
CELLSIZE 0.0833 
NODATA_value -9999 
[rows 27 to 53 of 124, columns 62 to 123 of 226]
-9999 -9999 -9999 -9999 -9999 -9999 -9999 -9999 -9999 -9999 -9999 -9999 -9999 -9999 -9999 -9999 -9999 -9999 -9999 -9999 -9999 -9999 -9999 -9999 -9999 -9999 -9999 -9999 12.5299997199327 6.44580929214135 10.8196813748218 10.3850672817789 10.7587206522003 11.1524552018382 11.3245795951225 11.107989733573 10.9200872709043 11.5655537457205 11.8696401738562 12.3329416657798 11.701818890404 12.1199377290905 12.3762118257582 11.8786049860064 12.4713583653793 11.3378475171048 11.8660542489961 13.098178030923 13.0343485684134 12.9848628053442 12.9160130480304 12.5308847180568 12.5631580417976 13.0780968517065 11.6419339452405 11.8513519570697 12.2146061453968 12.3035370819271 12.0772652232554 12.2296670298092 12.3648563970346 12.4172108999919
-9999 -9999 -9999 -9999 -9999 -9999 -9999 -9999 -9999 -9999 -9999 -9999 -9999 -9999 -9999 -9999 -9999 -9999 -9999 -9999 -9999 -9999 -9999 -9999 -9999 -9999 -9999 -9999 -9999 -9999 9.78499978128821 8.62617113790475 10.8526718835346 11.3252967800945 11.2973265661858 11.7929013818502 10.7271645134315 11.1897488203831 12.5280159781687 12.2966042938642 12.1235236539505 11.6996673354879 11.9478133358061 12.4130273209885 12.460600590799 13.0496485144831 12.6967935082503 13.0895718112588 13.0106814643368 13.0910061812028 13.0365001233295 13.0092470943928 13.0357829383574 13.1727652680129 13.1089358055033 13.096743660979 7.67267371760681 12.1360743909609 12.3469267727342 12.0797753706574 12.381351651391 12.3343760357238
-9999 -9999 -9999 -9999 -9999 -9999 -9999 -9999 -9999 -9999 -9999 -9999 -9999 -9999 -9999 -9999 -9999 -9999 -9999 -9999 -9999 -9999 -9999 -9999 -9999 -9999 -9999 -9999 -9999 -9999 -9999 10.5999997630715 10.9007232766598 12.1471907580271 12.3716696542688 12.4132663826458 11.3582872888073 11.850515241269 11.744849988725 11.5648365607485 11.744849988725 11.8194372258149 11.7236930320505 12.1694234921597 13.3599505457096 12.0514465642627 13.2832117537037 13.3047273028642 13.2100588865578 13.1713308980688 13.2724539791234 13.2351603605784 13.1447950541042 13.016418944113 12.9992065047845 11.902630682569 11.8061693038326 7.83977781608701 11.9743491797708 11.6817377111875 11.6609393469989 11.7530976159032
-9999 -9999 -9999 -9999 -9999 -9999 -9999 -9999 -9999 -9999 -9999 -9999 -9999 -9999 -9999 -9999 -9999 -9999 -9999 -9999 -9999 -9999 -9999 -9999 -9999 -9999 -9999 -9999 -9999 -9999 -9999 10.7116798378993 11.5637607832905 12.0812097406015 11.6107363989577 11.2349314736202 11.2499923580326 11.2399517684244 11.4809259190224 11.5409303950146 12.275327806361 12.6953591383062 12.3613900030032 12.4646646389738 12.5382956294343 13.2251197709702 13.2394634704106 12.9274880075827 13.2365947305225 13.3047273028642 13.415173788555 13.3728598752059 13.0415204181336 13.0300454585813 13.0472578979097 11.8542206969578 11.8086794512346 13.3649708405137 11.9972990988754 11.8692815813702 11.546189751476 11.6265144683421
-9999 -9999 -9999 -9999 -9999 -9999 -9999 -9999 -9999 -9999 -9999 -9999 -9999 -9999 -9999 -9999 -9999 -9999 -9999 -9999 -9999 -9999 -9999 -9999 -9999 -9999 -9999 -9999 -9999 -9999 -9999 -9999 10.2370881158859 12.1902218563482 11.7749717575498 11.7190313297324 11.1569973733276 12.9454176318832 13.4714728088584 11.0154728721827 12.8414258109406 13.6446729796007 12.8751335046254 12.7438886547461 13.2824945687316 13.2294228808023 13.3061616728082 13.2244025859982 12.6513717933558 13.5779747772031 13.5535904881544 13.4646595516242 13.4359721527435 13.4417096325196 13.3907894995064 13.5578935979865 13.5686513725668 13.3793145399541 13.3915066844784 13.5944700315595 13.5500045632944 13.3922238694504
-9999 -9999 -9999 -9999 -9999 -9999 -9999 -9999 -9999 -9999 -9999 -9999 -9999 -9999 -9999 -9999 -9999 -9999 -9999 -9999 -9999 -9999 -9999 -9999 -9999 -9999 -9999 -9999 -9999 -9999 -9999 -9999 11.4195200471079 11.1094241035171 11.0809757662937 11.7350484607741 12.659081531805 13.2753227190115 13.3699911353178 11.4424369921908 13.0332727909554 12.4283272670582 13.1200521725696 13.2150791813619 13.2401806553826 13.3075960427523 13.1813714876771 12.0033951711375 12.3977273749188 13.9365672632121 13.8211004827172 13.7838068641722 13.814645817969 13.8282723324373 13.776635014452 13.7529679103754 13.734321101103 13.7099368120544 13.1218451349996 13.4087191238068 13.4309518579394 13.3054444878362
-9999 -9999 -9999 -9999 -9999 -9999 -9999 -9999 -9999 -9999 -9999 -9999 -9999 -9999 -9999 -9999 -9999 -9999 -9999 -9999 -9999 -9999 -9999 -9999 -9999 -9999 -9999 -9999 -9999 -9999 -9999 -9999 8.81058945960678 11.8370082576293 10.7233395269141 11.4056214969605 12.140018908307 12.8457289207727 12.860072620213 12.580908369855 13.1698965281248 12.0135552915744 13.2351603605784 13.2882320485078 13.494781320449 11.7229758470785 11.9162571970373 12.1859187465161 12.1159932117444 14.3353221076541 14.2313302867115 14.1287728357129 13.9817499164492 14.1796929687262 13.9817499164492 14.0563371535391 13.9415875580162 13.8239692226052 13.4610736267641 12.6922513367608 13.4811548059806 13.1404919442721
-9999 -9999 -9999 -9999 -9999 -9999 -9999 -9999 -9999 -9999 -9999 -9999 -9999 -9999 -9999 -9999 -9999 -9999 -9999 -9999 -9999 -9999 -9999 -9999 -9999 -9999 -9999 -9999 -9999 -9999 -9999 -9999 -9999 8.53040276936601 12.753690182697 13.9934041722445 11.9609617269598 12.1349986135028 14.4177983794361 14.6955282598501 14.8669354681624 13.2401806553826 13.5098422048613 13.3083132277243 13.3915066844784 13.4797204360366 13.9573656274006 12.1748023794498 12.3561306465417 13.3990371266846 14.3460798822343 14.2793816798367 14.2894222694449 14.3238471481018 14.4687185124494 14.3202612232417 13.9817499164492 12.4295225753449 11.7229758470785 13.8748893556185 13.9666890320368 13.8175145578571
-9999 -9999 -9999 -9999 -9999 -9999 -9999 14.2789403352385 16.0426321610409 15.7694529900327 15.9422945682891 7.04377421564423 7.38743800427491 10.8203735417134 8.41999981179833 -9999 -9999 -9999 -9999 -9999 -9999 -9999 -9999 -9999 -9999 -9999 -9999 -9999 -9999 -9999 -9999 -9999 -9999 -9999 11.7179555522744 12.7214168589562 13.0109205259942 11.9987334688194 12.2956480472349 12.9141005547717 13.3173975707032 13.6253089853562 13.5872981818393 13.2731711640954 14.5598010038957 11.8825495033525 12.5155847719871 12.2042069633026 12.9845042128582 14.2621692405082 14.1259040958248 14.211966292467 14.4393139285967 14.331736182794 14.2062288126908 14.3575548417866 14.2098147375509 13.9552140724845 13.9200720088556 13.7608569450676 13.8619800261222 13.775200644508
-9999 -9999 -9999 -9999 16.949999621138 14.8520694709707 14.1519379103091 13.6817616881537 17.0850092903711 17.1717886719853 18.3757290228497 20.1126574251308 -9999 -9999 -9999 -9999 -9999 -9999 -9999 -9999 -9999 -9999 -9999 -9999 -9999 -9999 -9999 -9999 -9999 -9999 -9999 -9999 -9999 -9999 10.3143050312065 12.7589495391585 12.9169692946598 12.2848902726546 12.8251696182415 13.2160354279913 13.309508536011 13.6740775634535 13.7249976964667 13.5335093089379 12.5861079609022 15.089800698217 12.486658311449 12.5411643693224 14.4235358592123 14.253563020844 14.2865535295568 14.4701528823934 14.689611483831 14.5920743276365 14.1990569629706 14.0649433732033 14.1861476334743 14.0749839628115 13.9222235637717 13.9458906678483 13.933698523324 13.7601397600956
15.170125415083 14.1792421667437 17.1033833673303 12.7501042578369 15.0809554168954 15.5401928606443 15.7352671730332 16.0113833872601 16.3039948558435 14.8523678344102 -9999 -9999 -9999 -9999 -9999 -9999 -9999 -9999 -9999 -9999 -9999 -9999 -9999 -9999 -9999 -9999 -9999 -9999 -9999 -9999 -9999 -9999 -9999 -9999 13.6449996950105 12.2838144951966 11.9478133358061 12.1791054892819 12.0991393649019 13.7450788756832 13.853373806458 14.0850245524198 13.1297341696918 13.1096529904753 13.2997070080601 14.0613574483432 14.6946317786351 14.5174870905466 14.1008026218042 14.1065401015803 14.3080690787174 14.7928861198016 14.6702474895865 14.8703420967795 14.533265159931 14.450788888149 14.3704641712829 14.3295846278779 14.2076631826349 14.1904507433064 14.2255928069353 13.9401531880721
14.7197332526557 14.8179875938222 13.5249030892737 13.0752281118184 14.2851191596128 15.170125415083 15.3730887621641 15.4785149530508 15.8887447570451 15.5899996515363 -9999 -9999 -9999 -9999 -9999 -9999 -9999 -9999 -9999 -9999 -9999 -9999 -9999 -9999 -9999 -9999 -9999 -9999 -9999 -9999 -9999 -9999 -9999 -9999 -9999 13.3918140494664 11.6709799366072 11.7147282199003 12.3860133537091 13.1598559385166 13.4374065226875 13.9207891938277 12.8299508513883 12.3855352303945 13.4646595516242 13.6303292801604 13.7271492513828 13.8332926272415 13.8497878815979 13.976012436673 14.135227500461 14.2255928069353 14.293725379277 14.3016144139692 15.1959440740757 15.2941984152421 15.0446180449799 14.492385616526 14.4335764488205 14.5124667957425 14.6394085357897 14.2815332347527
14.3747672811151 11.0769117181189 14.2689824977424 13.5901669217274 14.6602068999782 14.1796929687262 14.6738334144466 14.9176763049327 8.76178776426241 -9999 -9999 -9999 -9999 -9999 -9999 -9999 -9999 -9999 -9999 -9999 -9999 -9999 -9999 -9999 -9999 -9999 -9999 -9999 -9999 -9999 -9999 -9999 -9999 -9999 -9999 -9999 13.4445783724077 12.9537369775586 13.098178030923 12.6223258019891 12.0012436162215 14.1603289744817 13.9035767544992 13.8892330550589 13.5170140545815 13.4804376210086 13.4668111065403 13.4417096325196 13.3922238694504 13.4374065226875 13.61598558072 13.7838068641722 13.9781639915891 13.9853358413093 14.3001800440252 14.9011810505763 15.1615191954188 15.4139683055691 15.3515732130036 15.2038331087679 13.5270546441898 14.2212896971032
14.1926022982225 15.2934812302701 13.4252143781632 14.1219595784787 14.1524399397895 14.2958769341931 14.3202612232417 14.9047669754364 12.7897884929553 -9999 -9999 -9999 -9999 -9999 -9999 -9999 -9999 -9999 -9999 -9999 -9999 -9999 -9999 -9999 -9999 -9999 -9999 -9999 -9999 -9999 -9999 -9999 -9999 -9999 -9999 -9999 -9999 -9999 -9999 5.02999988757074 4.80871506268159 12.9176864796318 12.9647816261277 13.257393094711 13.3147678924724 13.0501266377978 13.2530899848789 13.2746055340394 13.3276772219688 13.3111819676124 13.4660939215682 13.6912900027819 13.8849299452268 13.8182317428291 13.6102481009439 13.8038880433887 14.1388134253211 15.2038331087679 15.1500442358665 15.0697195190005 15.0933866230771 15.1263771317899
11.6628040279262 11.6934995447285 12.6047547701746 12.7847681981511 13.3585161757655 13.693441557698 14.2657551653683 14.0348216043785 14.3049996802583 -9999 -9999 -9999 -9999 -9999 -9999 -9999 -9999 -9999 -9999 -9999 -9999 -9999 -9999 -9999 -9999 -9999 -9999 -9999 -9999 -9999 -9999 -9999 -9999 -9999 -9999 -9999 -9999 -9999 -9999 -9999 -9999 -9999 -9999 11.275098126574 10.8440656638704 11.8359324801713 13.2236854010262 13.2652821294032 13.0659047071822 13.0400860481896 13.0078127244487 13.2659993143752 13.3004241930321 13.376445800066 13.1534012737684 13.1734824529849 12.9741050307639 12.9647816261277 12.5653095967136 12.9949033949524 14.0283669396304 13.7945646387525
12.937528597191 13.1003295858391 13.5521561182104 13.8648487660103 13.6984618525021 13.6597338640131 13.8117770780809 14.1388134253211 14.0505996737629 14.1199996843934 -9999 -9999 -9999 -9999 -9999 16.1899624452926 -9999 -9999 -9999 -9999 -9999 -9999 -9999 -9999 -9999 -9999 -9999 -9999 -9999 -9999 -9999 -9999 -9999 -9999 -9999 -9999 -9999 -9999 -9999 -9999 -9999 -9999 -9999 -9999 8.78499980363995 10.8756218026392 11.5992614394054 12.5997344753705 12.740302729886 12.9475691867992 10.1598712005652 10.4969481374137 9.20027770800516 12.9346598573029 12.8686788398772 12.8421429959126 10.0903042582795 12.0977049949579 12.818475891836 12.1328470585868 10.0585090578534 12.3047323902138
13.53422649391 13.6059449911118 13.6403698697686 13.4876094707288 13.6640369738452 13.6253089853562 13.6726431935094 13.6884212628938 13.6826837831177 14.6254234288353 16.4099996332079 -9999 -9999 -9999 -9999 -9999 -9999 -9999 -9999 -9999 -9999 -9999 -9999 -9999 -9999 -9999 -9999 -9999 -9999 -9999 -9999 -9999 -9999 -9999 -9999 -9999 -9999 -9999 -9999 -9999 -9999 -9999 -9999 -9999 -9999 12.5599997192621 11.3790856529959 12.0647144862451 12.5717642614618 12.8156071519479 12.9744636232499 8.96647540712729 9.62054810160771 8.05493330769241 7.65259253839031 10.0953245530836 7.4051637230441 11.8495589946397 11.8660542489961 11.7398296939209 10.3002003934234 10.4747154032812
12.7489089495502 13.0623187823221 13.1584215685725 13.5435498985462 13.7622913150117 13.7400585808791 13.9982451708056 14.6060594345909 14.4654911800753 14.4862895442639 13.1212873244658 14.199833913357 -9999 -9999 18.1663138539158 18.9549995763227 19.3599995672703 23.8247813033849 -9999 -9999 -9999 -9999 -9999 -9999 -9999 -9999 -9999 -9999 -9999 -9999 -9999 -9999 -9999 -9999 -9999 -9999 -9999 -9999 -9999 -9999 -9999 -9999 -9999 -9999 -9999 8.8399998024106 10.2349997712299 10.8447828488424 11.861033954192 11.7864467171021 7.66478468291461 7.65115816844627 8.09724722104147 8.49313332559541 7.58876307588071 7.4331339369528 7.31981871137396 12.8321024063043 11.6856822285336 7.08529922552407 10.2686442546546 9.8991744632367
12.6413312037475 12.8923459439538 12.6312906141393 14.4870067292359 12.5746330013499 12.3630634346046 12.6427655736916 12.6391796488315 13.0027924296446 13.4782860660926 13.9910733210854 14.0484481188469 17.5749996071681 15.3451185482554 14.0072996310773 14.9198278598487 15.0740226288326 12.9361074107942 -9999 -9999 -9999 -9999 -9999 -9999 -9999 -9999 -9999 -9999 -9999 -9999 -9999 -9999 -9999 -9999 -9999 -9999 -9999 -9999 -9999 -9999 -9999 -9999 -9999 -9999 -9999 -9999 -9999 -9999 11.22417369904 11.8502761796117 12.7596667241305 12.9461348168552 8.65521712927148 8.74629962071776 8.1302377297543 7.45536667108536 7.70996733615175 8.59282203670591 8.92129275389016 13.0264595337212 6.7797784274444 10.1593930772506
11.4371776357293 10.9090904346667 12.5997344753705 13.1949980021454 13.2064729616977 12.1550797927193 13.0694906320423 12.5351878278889 13.0917233661748 13.5607623378746 13.7457960606553 14.0219122748822 13.8612628411502 14.610721136909 15.4333322998136 14.3905453504995 16.7899996247143 22.3146036721108 -9999 -9999 -9999 -9999 -9999 -9999 -9999 -9999 -9999 -9999 -9999 -9999 -9999 -9999 -9999 -9999 -9999 -9999 -9999 -9999 -9999 -9999 -9999 -9999 -9999 -9999 -9999 -9999 -9999 -9999 11.5117648728192 11.742339841323 11.1581926816143 10.9946745079942 11.2511876663193 11.7011017054319 8.25144199002534 8.94495985796675 8.10011596092954 9.01667835516855 8.30021056812257 8.15749075869098 9.00018310081214 10.5614947848953
11.145283352118 11.3597216587514 11.2887203465216 13.5496459708083 13.0773796667345 13.4445783724077 12.5717642614618 13.2932523433119 13.2703024242073 13.8024536734447 14.1172978761606 14.5827509230003 14.3539689169265 14.7010864433832 14.5382854547352 14.2520734828252 17.0699996184558 -9999 -9999 -9999 -9999 -9999 -9999 -9999 -9999 -9999 -9999 -9999 -9999 -9999 -9999 -9999 -9999 -9999 -9999 -9999 -9999 -9999 -9999 -9999 -9999 -9999 -9999 -9999 -9999 -9999 -9999 -9999 11.9800866595469 11.6035645492375 11.6308175781742 10.8921170569956 10.7964923940599 10.9930010763928 8.81514937803149 8.14780876156874 9.32506789313629 9.17661060392857 8.98153629153967 9.15366068482399 10.8992889067158 10.4381389697082
11.0836054445244 10.9724417738616 11.105120993685 12.4541459260508 12.0883815903217 12.1256752088666 12.7639698339626 14.0713980379514 13.3047273028642 14.3374736625701 14.7039551832713 14.7663502758369 14.8846857962199 15.2239142879844 15.3071077447385 6.69999985024333 -9999 -9999 -9999 -9999 -9999 -9999 -9999 -9999 -9999 -9999 -9999 -9999 -9999 -9999 -9999 -9999 -9999 -9999 -9999 -9999 -9999 -9999 -9999 -9999 -9999 -9999 -9999 -9999 -9999 -9999 -9999 -9999 11.7450890503824 11.7484359135851 11.941358671058 9.03532516444102 8.92559586372226 8.42356638330966 13.9131870331243 10.6798303052783 10.5308948927559 10.506988727022 10.5720134978183 10.4278593184426 10.8526718835346 9.9547562985681
10.7164067388512 12.8901943890378 13.0795312216505 12.7453230246902 11.8703573588282 12.1163518042304 12.5473799724132 12.9647816261277 13.9394360031001 14.0183263500221 14.6616412699223 14.9334543743171 15.1400036462583 15.4993133172393 13.4234540150501 -9999 -9999 -9999 -9999 -9999 -9999 -9999 -9999 -9999 -9999 -9999 -9999 -9999 -9999 -9999 -9999 -9999 -9999 -9999 -9999 -9999 -9999 -9999 -9999 -9999 -9999 -9999 -9999 -9999 -9999 -9999 -9999 -9999 -9999 4.48499989975244 11.8397873493959 9.70947903813794 9.30426952894777 9.32793663302436 8.86248358618468 8.67960141832009 8.62724691536278 8.74486525077373 10.4952747058123 10.3131097229198 10.3279315456748 10.2256131563336
13.3972441642545 13.4524674070999 12.379558688961 11.8502761796117 11.6537674972787 12.3652149895206 12.5330362729728 12.7252418454736 14.2714926451445 14.7498550214805 15.3372295135632 15.1529129757546 15.2009643688798 15.487838357687 15.3049561898224 10.3159176107496 -9999 -9999 -9999 -9999 -9999 -9999 -9999 -9999 -9999 -9999 -9999 -9999 -9999 -9999 -9999 -9999 -9999 -9999 -9999 -9999 -9999 -9999 -9999 -9999 -9999 -9999 -9999 -9999 -9999 -9999 8.59826068941038 9.13368632039055 8.59499980788678 -9999 11.5949583295733 11.4634744180366 10.8457390954718 11.7125766649842 8.8632007711567 8.75203710049391 8.72406688658521 8.89475690992549 10.4390952163376 10.5065106037073 10.5705791278742 10.4300108733587
12.6900997818448 12.3272041860037 11.3030640459619 11.3783684680238 11.3252967800945 12.6449171286076 12.7546464293264 12.8098696721718 12.9834284354001 13.4632251816802 14.0348216043785 15.2167424382642 15.3910183864646 15.5609912248328 15.249732946977 -9999 -9999 -9999 -9999 -9999 -9999 -9999 -9999 -9999 -9999 -9999 -9999 -9999 -9999 -9999 -9999 -9999 -9999 -9999 -9999 -9999 -9999 -9999 -9999 -9999 -9999 -9999 -9999 -9999 -9999 -9999 -9999 -9999 8.44605698170182 15.6208761699963 14.3170338908676 15.9173297009298 13.894970534835 13.1275826147757 12.3232596686576 12.3756141716149 11.5770287052728 10.8490859586746 11.1266365428455 10.6212601992302 10.694413066376 10.801512688864
11.4601275548339 11.1244849879295 10.600700896699 11.425344083691 11.5114062803332 12.3501541051082 12.2368388795294 13.1067842505872 13.4668111065403 13.53422649391 14.0168919800781 15.1242255768739 15.4756462131627 15.4799493229948 14.5599996745586 -9999 -9999 -9999 -9999 -9999 -9999 -9999 -9999 -9999 -9999 -9999 -9999 -9999 -9999 -9999 -9999 -9999 -9999 -9999 -9999 -9999 -9999 -9999 -9999 -9999 -9999 -9999 -9999 -9999 -9999 -9999 -9999 -9999 -9999 -9999 15.9351568702342 14.8136844839901 13.7931302688085 13.7493819855154 13.017853314057 13.0483336753678 12.9698019209318 11.9224044967975 11.3084429332521 11.2948164187837 11.2736594621092 11.1536505101249
12.02204198041 12.2246467350051 12.1973937060684 12.0898159602657 12.0049490719102 11.8560136593878 12.7123325159773 13.7823724942282 13.8834955752827 14.0283669396304 13.7465132456273 14.1051057316363 15.3056733747944 15.2418439122848 12.8795148528181 -9999 -9999 -9999 -9999 -9999 -9999 -9999 -9999 -9999 -9999 -9999 -9999 -9999 -9999 -9999 -9999 -9999 -9999 -9999 -9999 -9999 -9999 -9999 -9999 -9999 -9999 -9999 -9999 -9999 -9999 -9999 -9999 -9999 -9999 -9999 -9999 -9999 12.929999710992 13.7472304305993 13.5008773927111 13.2946867132559 13.6210058755241 13.6884212628938 13.5880153668113 11.9503234832082 12.2454450991936 11.6914197083097
