EcologicalScience/Bass/data/rs_data_bass/sst_48.asc
NCOLS 226 
NROWS 124 
XLLCORNER -9.41648524995501 
YLLCORNER 47.587301625531 
CELLSIZE 0.0833 
NODATA_value -9999 
[rows 54 to 80 of 124, columns 0 to 61 of 226]
-9999 -9999 -9999 -9999 -9999 -9999 -9999 -9999 -9999 -9999 -9999 -9999 -9999 -9999 -9999 -9999 -9999 -9999 -9999 -9999 -9999 -9999 -9999 -9999 -9999 -9999 -9999 -9999 -9999 -9999 -9999 -9999 -9999 -9999 -9999 -9999 -9999 -9999 9.73921030862747 8.91499980073422 9.02999979816377 9.34999979101121 9.76999978162348 9.85999977961183 9.88499977905303 9.94999977760017 10.0549997752532 10.2099997717887 10.0249997759238 10.0749997748062 10.0399997755885 9.9299997780472 9.63499978464097 9.50499978754669 9.55999978631735 9.1549997953698 8.85499980207533 8.77999980375171 8.76499980408698 10.9822365966331 -9999 8.9559997998178
-9999 -9999 -9999 -9999 -9999 -9999 -9999 -9999 -9999 -9999 -9999 -9999 -9999 -9999 -9999 -9999 -9999 -9999 -9999 -9999 -9999 -9999 -9999 -9999 -9999 -9999 -9999 -9999 -9999 -9999 -9999 -9999 -9999 -9999 -9999 -9999 -9999 -9999 10.9424997554161 9.01999979838729 9.24499979335815 9.45999978855252 9.77499978151172 9.84999977983534 9.90999977849424 10.0049997763708 10.1549997730181 10.2349997712299 10.2699997704476 10.2499997708946 10.3049997696653 10.6649997616187 10.4249997669831 10.4249997669831 8.68999980576336 8.78999980352819 8.9849997991696 12.4278568650729 13.6649996945634 13.6649996945634 -9999 5.71999987214804
-9999 -9999 -9999 -9999 -9999 -9999 -9999 -9999 -9999 -9999 -9999 -9999 -9999 -9999 -9999 -9999 -9999 -9999 -9999 -9999 -9999 -9999 -9999 -9999 -9999 -9999 -9999 -9999 -9999 -9999 -9999 -9999 -9999 -9999 -9999 -9999 -9999 -9999 -9999 8.3155553696884 9.42499978933483 9.48999978788197 9.759999781847 9.8449997799471 9.95499977748841 10.0749997748062 10.1599997729063 10.2199997715652 10.3449997687712 10.049999775365 10.5799997635186 10.1224997737445 10.4999997653067 9.59499978553504 9.62699978481978 9.22624979377724 7.31499983649701 7.31499983649701 8.94454525461929 12.6442854316639 -9999 -9999
-9999 -9999 -9999 -9999 -9999 -9999 -9999 -9999 -9999 -9999 -9999 -9999 -9999 -9999 -9999 -9999 -9999 -9999 -9999 -9999 -9999 -9999 -9999 -9999 -9999 -9999 -9999 -9999 -9999 -9999 -9999 -9999 -9999 -9999 -9999 -9999 -9999 -9999 -9999 12.059999730438 9.43599978908896 9.49999978765845 9.64999978430569 9.61999978497624 9.62999978475273 9.82999978028238 10.1649997727945 10.1699997726828 10.3849997678772 10.4999997653067 10.3899997677654 10.4349997667596 10.7149997605011 8.77999980375171 7.18999983929098 9.43499978911132 8.9849997991696 8.82999980263412 9.02777757599122 8.56461519318131 10.3324997690506 -9999
-9999 -9999 -9999 -9999 -9999 -9999 -9999 -9999 -9999 -9999 -9999 -9999 -9999 -9999 -9999 -9999 -9999 -9999 -9999 -9999 -9999 -9999 -9999 -9999 -9999 -9999 -9999 -9999 -9999 -9999 -9999 -9999 -9999 -9999 -9999 -9999 -9999 -9999 -9999 -9999 8.36499981302768 8.48499981034547 9.31999979168177 9.0449997978285 9.22999979369342 9.55999978631735 10.1849997723475 9.81499978061765 10.1699997726828 10.2899997700006 10.1199997738004 10.5649997638538 10.1999997720122 10.1349997734651 10.1899997722358 9.22499979380518 8.9849997991696 8.36999981291592 6.83999984711409 8.36545435847207 8.35624981322326 10.9260501759518
-9999 -9999 -9999 -9999 -9999 -9999 -9999 -9999 -9999 -9999 -9999 -9999 -9999 -9999 -9999 -9999 -9999 -9999 -9999 -9999 -9999 -9999 -9999 -9999 -9999 -9999 -9999 -9999 -9999 -9999 -9999 -9999 -9999 -9999 -9999 -9999 -9999 -9999 -9999 8.65999980643392 9.06499979738146 8.28499981481582 8.66499980632216 8.56999980844557 9.28999979235232 9.28999979235232 10.1724997726269 9.52499978709966 9.47999978810549 9.64499978441745 9.8449997799471 9.86499977950007 10.174999772571 10.0349997757003 9.61999978497624 10.0349997757003 8.27499981503934 8.93999980017543 8.90499980095774 6.60499985236675 -9999 -9999
-9999 -9999 -9999 -9999 -9999 -9999 -9999 -9999 -9999 -9999 -9999 -9999 -9999 -9999 -9999 -9999 -9999 -9999 -9999 -9999 -9999 -9999 -9999 -9999 -9999 -9999 -9999 -9999 -9999 -9999 -9999 -9999 -9999 -9999 -9999 -9999 -9999 -9999 -9999 8.31499981414527 8.56499980855733 8.88499980140477 8.87499980162829 8.86499980185181 8.8399998024106 8.87499980162829 9.68999978341162 9.36499979067594 9.64999978430569 9.85499977972358 9.56999978609383 9.71499978285283 9.21999979391694 9.79499978106469 9.18499979469925 9.82874978031032 9.82199978046119 9.88499977905303 10.2524997708388 9.02571408397385 7.41499983426183 7.41999983415008
-9999 -9999 -9999 -9999 -9999 -9999 -9999 -9999 -9999 -9999 -9999 -9999 -9999 -9999 -9999 -9999 -9999 -9999 -9999 -9999 -9999 -9999 -9999 -9999 -9999 -9999 -9999 -9999 -9999 -9999 -9999 -9999 -9999 -9999 -9999 -9999 -9999 -9999 -9999 8.85499980207533 8.91499980073422 8.95499979984015 9.17999979481101 8.97999979928136 9.18999979458749 9.71499978285283 9.78499978128821 9.58499978575855 9.87499977927655 9.97499977704138 10.0199997760355 9.88499977905303 9.33499979134649 9.83999978005886 10.0849997745827 9.03999979794025 9.28166645920525 9.76049978183582 7.2049998389557 7.2049998389557 7.76624982641079 6.09999986365438
-9999 -9999 -9999 -9999 -9999 -9999 -9999 -9999 -9999 -9999 -9999 -9999 -9999 -9999 -9999 -9999 -9999 -9999 -9999 -9999 -9999 -9999 -9999 -9999 -9999 -9999 -9999 -9999 -9999 -9999 -9999 -9999 -9999 -9999 -9999 -9999 -9999 -9999 9.67444422820376 8.8399998024106 9.3599997907877 9.39499979000539 9.51499978732318 9.60999978519976 9.54999978654087 9.6749997837469 10.0149997761473 10.1199997738004 9.86499977950007 10.0149997761473 9.88499977905303 9.45999978855252 9.07499979715794 9.16499979514629 9.03499979805201 8.87499980162829 9.23249979363754 7.94499982241541 7.77749982615933 8.06749981967732 8.08124981936999 7.62749982951209
-9999 -9999 -9999 -9999 -9999 -9999 -9999 -9999 -9999 -9999 -9999 -9999 -9999 -9999 -9999 -9999 -9999 -9999 -9999 -9999 -9999 -9999 -9999 -9999 -9999 -9999 -9999 -9999 -9999 -9999 -9999 -9999 -9999 -9999 -9999 -9999 -9999 -9999 8.66499980632216 8.6099998075515 8.77499980386347 9.19499979447573 9.56499978620559 9.63999978452921 9.82499978039414 10.0599997751415 10.2199997715652 10.2649997705594 10.1599997729063 10.0399997755885 10.0649997750297 10.0449997754768 9.83999978005886 9.58499978575855 9.47999978810549 9.53999978676438 9.31499979179353 9.08249979699031 8.31499981414527 8.27999981492758 8.73999980464578 7.71124982764013
-9999 -9999 -9999 -9999 -9999 -9999 -9999 -9999 -9999 -9999 -9999 -9999 -9999 -9999 -9999 -9999 -9999 -9999 -9999 -9999 -9999 -9999 -9999 -9999 -9999 -9999 -9999 -9999 -9999 -9999 -9999 -9999 -9999 -9999 -9999 -9999 -9999 8.37874981272034 8.55499980878085 8.9249998005107 9.22999979369342 9.65499978419393 9.78499978128821 9.64499978441745 10.0099997762591 10.1549997730181 10.3799997679889 10.2499997708946 10.1299997735769 10.2499997708946 10.214999771677 10.1799997724593 10.0799997746944 9.86499977950007 9.91499977838248 9.57666645261149 9.54999978654087 6.7449998492375 7.17499983962625 8.23499981593341 8.05624981992878 7.64749982906505
-9999 -9999 -9999 -9999 -9999 -9999 -9999 -9999 -9999 -9999 -9999 -9999 -9999 -9999 -9999 -9999 -9999 -9999 -9999 -9999 -9999 -9999 -9999 -9999 -9999 -9999 -9999 -9999 -9999 -9999 -9999 -9999 -9999 -9999 -9999 -9999 -9999 8.93499980028719 8.97499979939312 9.39499979000539 9.62999978475273 9.74499978218228 9.82999978028238 9.90999977849424 10.0649997750297 10.2649997705594 10.2949997698888 10.1299997735769 9.90999977849424 10.0099997762591 9.82499978039414 9.37499979045242 10.1249997736886 10.069999774918 9.71499978285283 9.62999978475273 7.85499982442707 8.93999980017543 8.55124980886467 8.38749981252477 8.14749981788918 7.91624982305802
-9999 -9999 -9999 -9999 -9999 -9999 -9999 -9999 -9999 -9999 -9999 -9999 -9999 -9999 -9999 -9999 -9999 -9999 -9999 -9999 -9999 -9999 -9999 -9999 -9999 -9999 -9999 -9999 -9999 -9999 -9999 -9999 -9999 -9999 -9999 11.5299997422844 8.65999980643392 8.80499980319291 8.95999979972839 9.28499979246408 9.59999978542328 9.62999978475273 10.1499997731298 10.1449997732416 10.1699997726828 10.2049997719005 10.2199997715652 9.73999978229403 9.70999978296459 9.54499978665262 9.57999978587031 10.0949997743592 9.9899997767061 9.93999977782369 9.73499978240579 9.68499978352338 8.5733331417044 8.3799998126924 8.41499981191009 8.41499981191009 8.10624981881119 7.78999982587993
-9999 -9999 -9999 -9999 -9999 -9999 -9999 -9999 -9999 -9999 -9999 -9999 -9999 -9999 -9999 -9999 -9999 -9999 -9999 -9999 -9999 -9999 -9999 -9999 -9999 -9999 -9999 -9999 -9999 -9999 -9999 -9999 -9999 -9999 -9999 11.9627775103889 8.81999980285764 8.93999980017543 9.1299997959286 9.36499979067594 9.58499978575855 9.90999977849424 9.99999977648258 10.0849997745827 10.214999771677 10.0899997744709 10.0999997742474 10.1799997724593 10.1299997735769 9.36499979067594 9.39499979000539 9.3599997907877 9.87999977916479 9.78999978117645 9.74499978218228 9.61999978497624 9.5899997856468 8.66624980629422 8.21666648300985 7.79999982565641 7.81999982520938 7.72499982733279
-9999 -9999 -9999 -9999 -9999 -9999 -9999 -9999 -9999 -9999 -9999 -9999 -9999 -9999 -9999 -9999 -9999 -9999 -9999 -9999 -9999 -9999 -9999 -9999 -9999 -9999 -9999 -9999 -9999 12.4782497210894 14.0108330201668 9.23999979346991 9.23999979346991 11.0517388834092 14.5077774535037 11.5461762125111 9.18499979469925 9.26499979291111 9.36499979067594 9.5299997869879 9.76999978162348 9.88499977905303 10.0349997757003 10.1199997738004 10.1349997734651 9.91499977838248 9.77999978139997 9.759999781847 9.68499978352338 9.57499978598207 9.45499978866428 9.42999978922307 9.81499978061765 9.72499978262931 9.51499978732318 9.22999979369342 9.11499979626387 9.11499979626387 8.46499981079251 8.39999981224537 8.41642838330673 6.58888874161575
-9999 -9999 -9999 -9999 -9999 -9999 -9999 -9999 -9999 -9999 -9999 -9999 -9999 -9999 -9999 -9999 -9999 -9999 -9999 -9999 -9999 -9999 12.1449997285381 9.48499978799373 9.36999979056418 8.56899980846793 9.3849997902289 9.3849997902289 9.17999979481101 9.36999979056418 9.30999979190528 9.36499979067594 9.22999979369342 9.17999979481101 9.23999979346991 9.29499979224056 9.28999979235232 9.34999979101121 9.53499978687614 9.77499978151172 9.904999778606 9.93499977793545 10.0399997755885 10.1499997731298 10.0799997746944 9.88999977894127 9.74999978207052 9.73999978229403 9.92499977815896 10.1099997740239 9.39499979000539 9.72499978262931 9.80499978084117 9.63499978464097 9.48999978788197 9.02499979827553 8.46499981079251 8.5849998081103 8.56333314192792 8.89416646786655 -9999 -9999
-9999 -9999 -9999 -9999 -9999 -9999 -9999 -9999 -9999 -9999 -9999 -9999 -9999 -9999 -9999 -9999 -9999 -9999 -9999 -9999 -9999 14.0149996867403 9.70499978307635 9.73999978229403 9.79499978106469 9.73999978229403 9.6999997831881 9.75499978195876 9.65499978419393 9.71999978274107 9.53499978687614 9.54499978665262 9.50499978754669 9.44999978877604 9.5299997869879 9.57499978598207 9.45499978866428 9.45999978855252 9.64499978441745 9.89999977871776 10.0149997761473 10.0049997763708 10.0849997745827 10.1099997740239 10.0349997757003 9.71499978285283 9.72999978251755 9.91499977838248 10.2899997700006 9.90999977849424 9.2999997921288 8.17999981716275 7.749999826774 9.40999978967011 9.26749979285523 9.35349979093298 12.7938458678814 -9999 -9999 -9999 -9999 -9999
-9999 -9999 -9999 -9999 -9999 -9999 -9999 -9999 -9999 -9999 -9999 -9999 -9999 -9999 -9999 -9999 -9999 6.88018432352692 16.1520926622284 10.0387497756165 10.1499997731298 9.93999977782369 9.62999978475273 9.78999978117645 9.89499977882951 9.92499977815896 9.8449997799471 9.73499978240579 9.70999978296459 9.71499978285283 9.76499978173524 9.73999978229403 9.67999978363514 9.13999979570508 9.25499979313463 9.39499979000539 9.34499979112297 9.51999978721142 9.69499978329986 10.339999768883 10.2299997713417 10.1999997720122 9.98499977681786 9.71999978274107 9.74999978207052 9.83999978005886 9.3599997907877 9.60999978519976 9.9299997780472 9.36499979067594 9.62999978475273 9.85499977972358 9.49499978777021 -9999 -9999 -9999 -9999 -9999 -9999 -9999 -9999 -9999
-9999 -9999 -9999 -9999 -9999 -9999 -9999 -9999 -9999 -9999 -9999 -9999 -9999 7.9519822661648 -9999 -9999 9.83136392946166 10.0549997752532 10.0549997752532 10.0999997742474 10.1649997727945 10.2699997704476 10.2249997714534 10.0799997746944 10.0349997757003 9.97999977692962 9.89999977871776 9.83499978017062 9.82999978028238 9.84999977983534 9.76499978173524 9.54999978654087 9.19999979436398 10.2649997705594 9.63499978464097 9.42499978933483 9.44999978877604 9.54999978654087 10.0449997754768 10.1499997731298 10.214999771677 10.3249997692183 10.1349997734651 9.82499978039414 10.3049997696653 10.2599997706711 10.2899997700006 10.069999774918 9.93999977782369 9.92499977815896 9.92499977815896 11.0787497523706 -9999 -9999 -9999 -9999 -9999 -9999 -9999 -9999 -9999 -9999
-9999 -9999 -9999 -9999 -9999 -9999 -9999 -9999 -9999 -9999 -9999 -9999 -9999 9.17249979497865 9.84999977983534 10.0949997743592 10.2299997713417 10.3349997689947 10.3149997694418 10.2249997714534 10.1899997722358 10.2049997719005 10.1799997724593 10.1299997735769 10.0449997754768 9.93999977782369 9.93499977793545 9.9299997780472 9.78499978128821 9.71499978285283 9.64499978441745 9.614999785088 9.55999978631735 9.37499979045242 9.34999979101121 9.42499978933483 9.74499978218228 10.0849997745827 10.2799997702241 10.359999768436 10.4799997657537 10.3649997683242 10.2949997698888 10.3099997695535 10.2049997719005 10.2699997704476 10.3649997683242 10.2499997708946 10.0599997751415 9.9899997767061 9.36499979067594 9.34999979101121 10.7681247593137 -9999 -9999 -9999 -9999 -9999 -9999 22.104127412911 22.162150667428 20.2812995466776
-9999 -9999 -9999 -9999 -9999 -9999 -9999 -9999 -9999 -9999 14.2099996823817 12.5631576139284 9.72499978262931 9.86499977950007 9.94499977771193 10.1049997741356 10.2349997712299 10.2649997705594 10.3549997685477 10.3149997694418 10.2749997703359 10.2899997700006 10.2649997705594 10.1199997738004 10.0399997755885 9.904999778606 9.83999978005886 9.83499978017062 9.77499978151172 9.72999978251755 9.62499978486449 9.614999785088 9.64499978441745 9.70499978307635 9.86499977950007 9.91999977827072 10.1299997735769 10.3849997678772 10.5849997634068 10.464999766089 10.3799997679889 10.2799997702241 10.3149997694418 10.3349997689947 10.2999997697771 10.339999768883 10.3049997696653 10.1499997731298 9.93999977782369 9.83499978017062 9.00833313198139 8.7488459582942 14.1849996829405 -9999 -9999 -9999 9.61999978497624 8.60571409336158 8.65624980651774 7.73399982713163 9.94842083026704 17.7899996023625
-9999 -9999 -9999 -9999 -9999 -9999 -9999 -9999 12.5412497196812 9.55833311968794 9.52833312035849 9.78999978117645 9.76499978173524 9.90999977849424 10.3899997677654 10.5249997647479 10.5799997635186 10.5849997634068 10.2999997697771 10.3649997683242 10.339999768883 10.3449997687712 10.2299997713417 10.0249997759238 9.82999978028238 9.94499977771193 9.86999977938831 9.93999977782369 9.8199997805059 9.78499978128821 9.66499978397042 9.70499978307635 9.8199997805059 9.99499977659434 10.0149997761473 10.0349997757003 10.0949997743592 10.4099997673184 10.4399997666478 10.484999765642 10.4449997665361 10.359999768436 10.3449997687712 10.2749997703359 10.3149997694418 10.3099997695535 10.4299997668713 9.38999979011714 9.46999978832901 9.64999978430569 9.71999978274107 9.64499978441745 9.43999978899956 9.48099978808314 9.38785693302219 9.05999979749322 9.33499979134649 9.23899979349226 9.20999979414046 7.81499982532114 7.81499982532114 8.10799981877208
-9999 -9999 -9999 -9999 -9999 10.3649997683242 10.2999997697771 10.1799997724593 10.2249997714534 10.3874997678213 10.2699997704476 10.359999768436 10.0749997748062 10.1149997739121 10.2299997713417 10.5699997637421 10.2499997708946 10.5699997637421 10.3149997694418 10.2099997717887 10.2849997701123 10.2949997698888 10.2249997714534 10.0749997748062 9.92499977815896 9.88499977905303 9.82999978028238 9.80499978084117 9.8449997799471 9.85499977972358 9.74999978207052 9.68999978341162 9.79499978106469 9.93499977793545 10.0949997743592 10.0049997763708 9.98499977681786 10.31999976933 10.3449997687712 10.4699997659773 10.3799997679889 10.3099997695535 10.3699997682124 10.4699997659773 10.1299997735769 10.1299997735769 10.0949997743592 10.1624997728504 9.78333311465879 9.68999978341162 9.42999978922307 9.55499978642911 9.39999978989363 9.0699997972697 9.58083311918502 9.22499979380518 9.50599978752434 9.40199978984892 9.29099979232997 8.32499981392175 8.33499981369823 8.34499981347471
-9999 -9999 -9999 -9999 -9999 10.4549997663125 10.4549997663125 10.1449997732416 10.0899997744709 10.609999762848 10.4949997654185 10.3449997687712 9.82499978039414 9.91999977827072 10.194999772124 10.31999976933 10.359999768436 10.3049997696653 10.2549997707829 10.339999768883 10.3149997694418 10.2899997700006 10.2549997707829 10.1349997734651 10.0649997750297 9.96499977726489 9.86999977938831 9.82999978028238 9.82499978039414 9.71499978285283 9.77999978139997 9.89499977882951 9.93499977793545 9.99999977648258 9.9299997780472 9.97999977692962 10.1799997724593 10.214999771677 10.2699997704476 10.194999772124 10.0849997745827 10.6508330952687 10.7991664252865 10.7049997607246 10.4749997658655 10.2449997710064 10.4887497655582 10.1591664395916 9.76249978179112 9.37999979034066 9.47499978821725 9.46999978832901 9.46499978844076 9.42999978922307 9.17499979492277 9.26999979279935 9.3849997902289 8.90499980095774 8.72499980498105 8.59999980777502 8.42999981157482 8.2699998151511
-9999 -9999 -9999 -9999 -9999 10.3649997683242 10.3549997685477 10.3149997694418 10.5749997636303 10.2749997703359 10.3149997694418 9.95999977737665 9.8199997805059 10.0349997757003 10.3249997692183 10.3849997678772 10.5149997649714 10.4399997666478 10.4149997672066 10.4249997669831 10.3999997675419 10.3899997677654 10.3699997682124 10.2399997711182 9.93999977782369 9.78499978128821 9.80999978072941 9.85499977972358 9.85999977961183 9.82499978039414 9.84999977983534 10.0199997760355 9.97499977704138 9.80999978072941 9.86999977938831 10.2249997714534 10.2299997713417 10.069999774918 10.1849997723475 10.1199997738004 10.2199997715652 10.472777543693 10.4774997658096 10.4608330995155 10.6962497609202 9.43999978899956 9.43999978899956 10.3849997678772 10.4349997667596 9.91499977838248 9.57999978587031 9.54499978665262 9.47499978821725 9.56999978609383 9.37499979045242 9.49499978777021 9.43999978899956 9.58249978581443 8.8999998010695 8.8399998024106 8.57999980822206 8.53499980922788
-9999 -9999 -9999 -9999 -9999 10.194999772124 10.1599997729063 10.069999774918 10.1099997740239 10.2599997706711 10.2749997703359 10.2799997702241 10.3549997685477 10.2799997702241 10.3649997683242 10.3849997678772 10.3649997683242 10.4399997666478 10.31999976933 10.3799997679889 10.3849997678772 10.3149997694418 10.1599997729063 10.194999772124 9.89499977882951 9.82499978039414 10.0649997750297 10.0149997761473 9.9899997767061 9.95999977737665 10.0949997743592 10.1999997720122 10.0599997751415 10.1299997735769 10.1849997723475 10.0749997748062 10.1049997741356 10.2499997708946 10.0799997746944 9.54999978654087 10.6549997618422 10.7883330921953 10.6558330951569 10.7716664259012 10.706666427354 9.57499978598207 9.49999978765845 9.47999978810549 10.5216664314891 10.4158331005213 10.26333310393 10.3587497684639 10.3624997683801 9.88499977905303 9.56999978609383 9.614999785088 9.614999785088 9.60999978519976 9.82666644702355 8.73999980464578 8.64999980665743 8.48499981034547
-9999 -9999 -9999 -9999 -9999 9.14833312885215 10.0149997761473 10.0649997750297 9.96499977726489 10.5549997640774 10.6949997609481 10.5849997634068 10.6649997616187 10.6749997613952 10.609999762848 10.464999766089 10.5449997643009 10.4949997654185 10.4099997673184 10.3849997678772 10.3099997695535 10.2649997705594 10.2399997711182 10.1249997736886 10.1099997740239 10.1099997740239 10.1149997739121 10.1899997722358 10.0599997751415 10.2549997707829 10.2999997697771 10.3099997695535 10.3149997694418 10.3799997679889 9.85999977961183 9.89999977871776 10.1049997741356 10.194999772124 10.1899997722358 10.0849997745827 10.8383330910777 10.7133330938717 10.7108330939276 9.79499978106469 9.78999978117645 9.77499978151172 10.712499760557 10.7837497589644 10.2033331052711 10.5558330973921 10.0149997761473 10.0149997761473 10.2249997714534 10.2699997704476 9.68499978352338 9.45999978855252 8.25999981537461 9.54999978654087 9.98749977676198 9.91083311180895 9.8199997805059 9.16833312840511
