EcologicalScience/Bass/data/rs_data_bass/sst_475.asc
NCOLS 226 
NROWS 124 
XLLCORNER -9.41648524995501 
YLLCORNER 47.587301625531 
CELLSIZE 0.0833 
NODATA_value -9999 
[rows 0 to 26 of 124, columns 0 to 61 of 226]
-9999.000000000000000 -9999 -9999 -9999 -9999 -9999 -9999 -9999 -9999 -9999 -9999 -9999 -9999 -9999 -9999 -9999 -9999 -9999 -9999 -9999 -9999 -9999 -9999 -9999 -9999 -9999 -9999 -9999 -9999 -9999 -9999 -9999 -9999 -9999 -9999 -9999 -9999 -9999 -9999 -9999 -9999 -9999 -9999 -9999 -9999 -9999 -9999 -9999 -9999 -9999 -9999 -9999 -9999 -9999 -9999 -9999 -9999 -9999 -9999 -9999 -9999 -9999
-9999 -9999 -9999 -9999 -9999 -9999 -9999 -9999 -9999 -9999 -9999 -9999 -9999 -9999 -9999 -9999 -9999 -9999 -9999 -9999 -9999 -9999 -9999 -9999 -9999 -9999 -9999 -9999 -9999 -9999 -9999 -9999 -9999 -9999 -9999 -9999 -9999 -9999 -9999 -9999 -9999 -9999 -9999 -9999 -9999 -9999 -9999 -9999 -9999 -9999 -9999 -9999 -9999 -9999 -9999 -9999 -9999 -9999 -9999 -9999 -9999 -9999
-9999 -9999 -9999 -9999 -9999 -9999 -9999 -9999 -9999 -9999 -9999 -9999 -9999 -9999 -9999 -9999 -9999 -9999 -9999 -9999 -9999 -9999 -9999 -9999 -9999 -9999 -9999 -9999 -9999 -9999 -9999 -9999 -9999 -9999 -9999 -9999 -9999 -9999 -9999 -9999 -9999 -9999 -9999 -9999 -9999 -9999 -9999 -9999 -9999 -9999 -9999 -9999 -9999 -9999 -9999 -9999 -9999 -9999 -9999 -9999 -9999 -9999
-9999 -9999 -9999 -9999 -9999 -9999 -9999 -9999 -9999 -9999 -9999 -9999 -9999 -9999 -9999 -9999 -9999 -9999 -9999 -9999 -9999 -9999 -9999 -9999 -9999 -9999 -9999 -9999 -9999 -9999 -9999 -9999 -9999 -9999 -9999 -9999 -9999 -9999 -9999 -9999 -9999 -9999 -9999 -9999 -9999 -9999 -9999 -9999 -9999 -9999 -9999 -9999 -9999 -9999 -9999 -9999 -9999 -9999 -9999 -9999 -9999 -9999
-9999 -9999 -9999 -9999 -9999 -9999 -9999 -9999 -9999 -9999 -9999 -9999 -9999 -9999 -9999 -9999 -9999 -9999 -9999 -9999 -9999 -9999 -9999 -9999 -9999 -9999 -9999 -9999 -9999 -9999 -9999 -9999 -9999 -9999 -9999 -9999 -9999 -9999 -9999 -9999 -9999 -9999 -9999 -9999 -9999 -9999 -9999 -9999 -9999 -9999 -9999 -9999 -9999 -9999 -9999 -9999 -9999 -9999 -9999 -9999 -9999 -9999
-9999 -9999 -9999 -9999 -9999 9.28131960984319 9.29183832276613 9.14959663664922 9.29518518596888 9.42248551850207 8.70255133742467 9.31072419369593 9.37168491631746 9.26338998554274 9.21605577738956 8.84527114685625 8.48524429090321 8.69968259753659 7.69347208179533 7.75514998938888 8.84209504198017 8.11015655053779 9.19023711839691 9.27845086995512 10.7885001281975 10.8439062894322 10.9647121136077 8.92979651855837 8.93898331653327 7.74510939978063 8.51464887475595 12.96611592375 13.2799997031689 -9999 12.3249997245148 -9999 -9999 12.2299997266382 12.5849997187033 7.9582727109082 7.95330819715746 8.10872218059376 12.9549997104332 -9999 -9999 -9999 -9999 -9999 -9999 -9999 -9999 -9999 -9999 -9999 -9999 -9999 -9999 -9999 -9999 -9999 -9999 -9999
-9999 -9999 -9999 -9999 -9999 9.71075403364375 9.29602190176956 9.52808640829216 9.20242926292121 9.42726675164886 9.34963147842791 9.52516250032932 9.52085939049721 9.42690815916285 9.21749014733359 8.90623186947778 8.87611010065302 8.61362040089443 8.19980467204005 7.98393199546263 8.67565690097399 8.62724691536278 9.00592058058828 9.08265937259421 13.904999689199 11.2274988293648 8.76136050513014 7.60740988515317 8.94659913790279 7.83762626117095 7.85483870049939 8.56987211760134 12.9500281067033 12.5911785844762 12.8554927021461 13.4999996982515 12.0099997315556 -9999 -9999 10.9494918547571 7.16490675741807 6.73811650043353 6.87922807689756 12.123075413343 12.9918377807583 -9999 -9999 -9999 -9999 -9999 -9999 -9999 -9999 -9999 -9999 -9999 -9999 -9999 -9999 -9999 -9999 -9999
-9999 -9999 -9999 -9999 -9999 9.63548945519142 9.25203455681913 9.57715841080062 8.76996672479436 9.22251044213772 9.39893794525415 9.44627215340734 9.28275397978723 9.00233465572819 9.00161747075617 8.55122530832887 8.82447278266773 8.77211827971041 8.72621844150126 8.63011565525085 8.52899257419631 8.83994348706412 8.73625903110951 9.00807213550434 13.344999701716 11.7318928468972 8.98204856651968 8.55983152799308 8.29590745829046 8.54376658461988 8.67831048537046 7.64470350369811 8.38985868962482 7.34731080196798 10.8001314437327 13.614999695681 -9999 12.3099997248501 12.0549997305498 -9999 11.8399997353554 9.72159946416505 7.18329277215526 7.91364786820486 6.39160985682848 6.09499986376613 -9999 -9999 -9999 -9999 -9999 -9999 -9999 -9999 -9999 -9999 -9999 -9999 -9999 -9999 -9999 -9999
-9999 -9999 -9999 -9999 -9999 9.04321419913322 9.22107607219368 9.40969571983442 9.56532485876232 9.58182011311874 9.35160373710096 9.0783562627621 8.80582597339526 8.59497359162197 8.8553117364645 7.46182133583352 8.78717916412279 8.83967710407451 8.75705739529803 8.05493330769241 8.42356638330966 8.15964231360704 8.04991301288828 12.1963179286104 9.83599046720192 10.1646906835772 8.76303393673152 8.25890071373433 8.35199132310226 8.28787498660386 9.21031829761341 8.84311959194019 8.95320748514496 8.76315346756019 8.43504134286195 9.49121574498713 10.948553997486 14.8049996690825 -9999 -9999 10.0793313282076 10.5232657076912 -9999 12.8499997127801 12.3138390754036 -9999 9.33499979134649 -9999 -9999 -9999 -9999 -9999 -9999 -9999 -9999 -9999 -9999 -9999 -9999 -9999 -9999 -9999
-9999 -9999 -9999 -9999 -9999 8.94782859785482 8.95213170768693 9.27988523989916 9.26841028034687 9.22824792191386 8.92631304869428 9.04966886388138 8.98440503142774 8.81228063814342 8.73482466116548 8.61821038471535 8.72980436636135 8.79004790401086 8.67242956859991 8.64302498474717 8.68820763798431 8.68964200792834 8.85602892143652 8.80582597339526 8.81514937803149 9.2777336849831 8.59975482476875 8.9908596961759 7.9868007353507 8.28443249873817 8.40384379657917 9.46993925748393 8.74916836060584 7.43026519706473 7.50987272895873 7.42022460745648 9.02145958831534 9.08194218762219 9.20075583131984 8.20709605258889 8.09409160716459 13.3149997023866 12.6951200766489 7.77256733870932 5.14937792439014 11.9799997322261 12.0949997296557 -9999 -9999 -9999 -9999 -9999 -9999 -9999 -9999 -9999 -9999 -9999 -9999 -9999 -9999 -9999
-9999 -9999 -9999 -9999 -9999 9.64995268546045 9.60596534051001 9.72262742929161 8.84025085205212 9.23039947682992 8.63657031999901 9.00233465572819 8.91412090416998 8.94926296779886 8.94567704293877 8.89619127986953 8.76279487507418 8.74486525077373 7.84408092591912 7.73435162520036 8.68247015820816 8.81012908322737 8.87969602551311 8.88184758042917 8.70757163222879 8.60453605791554 8.93228959012777 9.12138736108318 8.79076508898288 8.25502791488543 8.77426983462647 8.24498732527718 8.69251074781641 7.41018401784822 8.62509536044672 11.8421398397567 8.59497359162197 8.52970975916833 9.3932721839752 8.69466230273247 7.5249336133711 7.55003508739173 10.1795158324075 12.795216841278 13.0399997085333 12.039999730885 -9999 -9999 -9999 -9999 -9999 -9999 -9999 -9999 -9999 -9999 -9999 -9999 -9999 -9999 -9999 -9999
-9999 -9999 -9999 -9999 -9999 9.82494581863284 9.69943844852969 9.58325448306277 7.02003539307043 9.70266578090377 9.7289625632111 8.68677326804027 8.80510878842324 8.85100862663239 8.80510878842324 8.83594774222001 8.84025085205212 8.89188817003742 8.80510878842324 8.83164463238791 7.87420269474387 8.76279487507418 11.8362238365662 12.19331471654 8.516800429672 8.62652973039076 8.75992613518611 8.75490584038198 8.38698994973674 7.80893886229023 7.69347208179533 8.05278175277635 8.12378306500614 8.7276528114453 8.57991270720959 8.29519027331844 8.48524429090321 9.84502699784935 8.33965574158356 8.47520370129496 8.43002104805782 8.53473005397245 16.9409985479899 15.1099996622652 -9999 -9999 12.2549997260794 -9999 -9999 -9999 -9999 -9999 -9999 -9999 -9999 -9999 -9999 -9999 -9999 -9999 -9999 -9999
-9999 -9999 -9999 -9999 -9999 9.85745820403099 9.60333566227928 9.59293648018502 6.85006255470216 6.85221410961822 8.67888423334807 8.71330911200494 8.81801811791956 8.7914822739549 8.7757042045705 8.79435101384297 8.87897884054109 8.77857294445857 8.5447706435807 8.26865442935377 8.31670582247898 8.42906480142847 7.63466291408986 7.50341806421056 7.73435162520036 8.01405376428738 7.41448712768033 8.1460157991387 7.93803215725347 7.71857355581596 7.63322854414582 7.40659809298813 8.18761252751574 8.79219945892692 8.47663807123899 8.47735525621101 8.04130679322407 7.69490645173937 9.39857935276814 8.15964231360704 8.57489241240546 8.82542902929708 8.97221288690343 8.97723318170756 6.56999985314906 12.1299997288734 -9999 -9999 -9999 -9999 -9999 -9999 -9999 -9999 -9999 -9999 -9999 -9999 -9999 -9999 -9999 -9999
-9999 -9999 -9999 -9999 -9999 9.93802198255435 9.7979318513535 8.97316913353279 8.93635363830253 7.31192967668176 7.05015716189519 8.57489241240546 8.30523086292669 8.69466230273247 8.7835932392627 8.8553117364645 8.82805870752782 8.76853235485032 8.72406688658521 8.62222662055865 8.75490584038198 8.04489271808416 7.39799187332392 8.04776145797223 8.16681416332722 8.437192897778 8.2535935449414 8.55194249330088 8.49241614062339 8.17828912287951 8.25717946980149 8.26722005940974 8.57274085748941 8.6042969962582 8.16824853327125 8.00329598970711 7.64900661353022 7.72502822056413 7.55505538219586 8.62892034696415 8.97053945530206 7.80320138251409 7.97080584260267 7.68572546681389 11.8749997345731 -9999 -9999 -9999 -9999 -9999 -9999 -9999 -9999 -9999 -9999 -9999 -9999 -9999 -9999 -9999 -9999 -9999
-9999 -9999 -9999 -9999 -9999 8.63728750497103 9.16513564437628 7.96169926133007 8.17470319801942 6.44772178540006 8.37106844335795 8.63800468994305 8.61409852420911 8.23494673566893 8.3654744005762 8.47233496140689 8.71474348194897 8.66382334893569 8.55696278810501 8.74522384325974 7.63753165397793 8.72621844150126 7.27965635294095 7.32483900617808 8.12019714014605 8.81012908322737 8.62079225061461 8.45440533710644 8.41639453358948 8.25933102471754 8.32459485717118 8.24427014030516 8.39918209426105 8.237815475557 8.07716604182497 8.58995329681784 8.03126620361581 7.70279548643157 11.2521951404467 11.2032216523574 13.2799997031689 -9999 7.59131492008347 8.54657194537089 8.31557166949997 7.51499983202666 -9999 -9999 -9999 -9999 -9999 -9999 -9999 -9999 -9999 -9999 -9999 -9999 -9999 -9999 -9999 -9999
-9999 -9999 -9999 -9999 -9999 9.24904628610238 8.77857294445857 8.62509536044672 8.61720632575452 8.50532547011971 8.20554215181619 7.98178044054657 8.74988554557785 7.26244391361251 7.44030578667298 8.64995777281001 8.38985868962482 8.3654744005762 8.61577195581049 7.80104982759804 7.72431103559211 7.84910122072324 8.1503189089708 7.57513656141236 7.88280891440809 8.52110353950411 8.65449994429946 8.57704396732152 8.30307930801064 8.3095339727588 7.99038666021079 8.09796440601349 7.88352609938011 8.41998045844957 9.70902607920825 7.63012074260041 8.8498133183457 8.6401562448591 8.59669483555481 11.7764592523066 11.0720681210615 12.6899997163564 -9999 -9999 -9999 -9999 -9999 13.2249997043982 13.2249997043982 -9999 -9999 -9999 -9999 -9999 -9999 -9999 -9999 -9999 -9999 -9999 -9999 -9999
-9999 -9999 -9999 -9999 -9999 9.86510817706585 8.89403972495347 8.56915493262932 8.47735525621101 8.39631335437298 8.24498732527718 8.0068819145672 7.57298500649631 7.06521804630756 8.92129275389016 6.73029266437516 8.77140109473839 7.96241644630209 8.15533920377493 8.23996703047305 8.43862726772204 8.15103609394282 8.16466260841116 8.88256476540118 8.955000447575 9.04966886388138 8.96504103718325 8.12736898986623 8.26363413454965 8.84240240696818 8.12736898986623 9.73232650224652 8.71713409852237 8.62700785370544 8.14673298411071 9.02026428002864 8.6401562448591 11.2212281179049 11.6305358269352 -9999 -9999 -9999 -9999 -9999 -9999 -9999 -9999 -9999 -9999 -9999 -9999 -9999 -9999 -9999 -9999 -9999 -9999 -9999 -9999 -9999 -9999 -9999
-9999 -9999 -9999 -9999 -9999 8.5605487129651 7.76017028419301 7.79029205301777 7.82471693167463 8.28084657387808 8.36977751040831 8.33535263175145 8.02696309378371 7.63968320889398 7.34994048019871 9.14553258847445 7.5048524341546 7.86846521496773 7.71929074078798 7.97819451568648 8.09222692623734 8.83499149559066 9.2777336849831 9.2217932571657 9.24330880632624 9.04464856907725 7.57872248627245 8.34037292655557 8.53544723894447 7.613625488244 8.25741853145882 8.4143625095021 8.38890244299546 8.72382782492787 8.64900152618065 8.59497359162197 8.69322793278843 8.59509312245063 8.67906352959108 10.8367797165411 11.6199997402728 -9999 -9999 -9999 -9999 -9999 -9999 -9999 -9999 -9999 -9999 -9999 -9999 -9999 -9999 -9999 -9999 -9999 -9999 -9999 -9999 -9999
-9999 -9999 -9999 -9999 -9999 8.58565018698573 7.85985899530351 9.32578507810831 8.84527114685625 8.35686818091199 8.36690877052024 8.59855951648206 8.38627276476473 8.21414837148041 9.31861322838813 8.08505507651716 8.21271400153637 8.11087373550981 8.0427411631681 8.6602374240756 8.73123873630539 8.98440503142774 8.97651599673554 9.24115725141019 8.93635363830253 8.81801811791956 8.23996703047305 8.23207799578086 8.2177342963405 8.25717946980149 7.21080659562722 8.80080567859113 8.72693562647328 8.74749492900446 8.04991301288828 8.43002104805782 8.68533889809623 8.67529830848798 9.89770749397576 -9999 -9999 -9999 10.4017418323783 10.4005477956962 10.7553355391324 13.21999970451 -9999 -9999 -9999 -9999 -9999 -9999 -9999 -9999 -9999 -9999 -9999 -9999 -9999 -9999 -9999 -9999
-9999 -9999 -9999 -9999 -9999 8.54763938346878 8.23351236572489 8.57489241240546 8.97221288690343 9.08194218762219 8.99157688114792 8.85961484629661 9.19310585828498 9.42439801176079 9.41925818612799 8.81897436454892 8.9191411989741 8.20267341192812 7.93372904742137 8.58565018698573 8.83809929713607 8.97508162679151 9.07333596795797 9.20027770800516 8.87324136076495 8.7678151698783 8.47233496140689 8.44221319258213 8.52062541618943 8.67673267843202 8.6960966726765 8.71474348194897 8.5447706435807 8.72550125652924 8.49098177067935 8.37694936012849 9.78370768274181 9.32143978092491 8.29067200799473 8.835230557248 8.50628171674907 9.03496657195501 9.23434399417602 8.75155897717923 8.45249284384772 13.1968894789947 -9999 -9999 -9999 -9999 -9999 -9999 -9999 -9999 -9999 -9999 -9999 -9999 -9999 -9999 -9999 -9999
-9999 -9999 -9999 -9999 -9999 9.57823418825865 9.27127902023494 7.65474409330636 8.70326852239668 8.87611010065302 9.02169864997268 8.75418865540996 8.63011565525085 8.6401562448591 8.73841058602557 8.23279518075287 8.48524429090321 8.61433758586645 8.61505477083847 8.73267310624942 8.80080567859113 9.00090028578416 9.08265937259421 9.05970945348963 8.74271369585767 8.35471662599593 8.6200750656426 8.55194249330088 8.78000731440261 8.74988554557785 8.64661090960726 8.71617785189301 8.91670277006924 8.52139041349292 8.23159987246618 8.23279518075287 8.21701711136848 8.65019683446735 9.02026428002864 8.59449546830729 8.43002104805782 8.69896541256458 8.02768027875572 8.84066067203613 11.304728939647 8.59475291932288 -9999 -9999 -9999 -9999 -9999 -9999 -9999 -9999 -9999 -9999 -9999 -9999 -9999 -9999 -9999 -9999
-9999 -9999 -9999 -9999 -9999 7.06163212144747 6.70232245046645 7.4611041508615 7.61314736492932 8.36762595549226 8.30092775309458 8.17255164310336 8.02768027875572 7.70064393151551 8.8036744184792 8.90479749953374 8.86822106596082 8.55050812335685 8.63585313502699 8.77785575948656 8.88615069026127 9.17661060392857 9.2217932571657 9.15868097962812 8.34395885141566 8.74127932591364 8.77355264965445 8.78431042423472 8.75490584038198 8.89403972495347 8.81012908322737 8.98512221639976 8.94495985796675 8.90479749953374 8.68533889809623 8.53975034877658 8.49528488051146 8.54524876689538 8.77498701959848 8.9495020294562 8.94926296779886 8.39989927923307 8.46731466660276 10.6296560446359 12.9594027388375 9.29237269588253 13.7705628483556 -9999 -9999 -9999 -9999 -9999 -9999 -9999 10.9150669761002 -9999 -9999 -9999 -9999 -9999 -9999 -9999
-9999 -9999 -9999 -9999 -9999 9.8633152146358 7.06593523127958 6.97772147972137 6.72742392448708 7.59736929554492 7.86129336524755 8.07358011696488 8.02768027875572 8.16824853327125 8.73625903110951 8.82662433758378 8.77140109473839 8.76064332015812 8.74845117563382 9.16011534957215 9.09628588706255 8.85889766132459 8.87611010065302 9.04536575404927 8.8553117364645 8.74988554557785 9.00018310081214 8.9786675516516 8.96647540712729 8.97651599673554 8.94782859785482 9.10489210672677 9.03532516444102 8.62652973039076 8.64445935469121 8.82471184432507 8.59282203670591 8.30021056812257 8.91196934925392 9.02050334168598 8.80152286356315 9.00018310081214 13.9780922730919 8.24633732051863 12.8875846326118 10.275119707373 11.2048097047955 -9999 11.4166183331981 -9999 -9999 -9999 -9999 -9999 -9999 -9999 -9999 -9999 -9999 -9999 -9999 -9999
-9999 -9999 -9999 -9999 -9999 8.26650287443772 7.30547501193359 7.12402721401304 6.75969724822789 7.14052246836945 7.28037353791296 7.70996733615175 7.64757224358618 7.78096864838153 7.92153690289706 7.84623248083517 8.83307900233194 8.68031860329211 8.51464887475595 8.38985868962482 8.91483808914199 8.65306557435542 8.78144168434665 8.84168522199616 8.79650256875902 8.82949307747185 8.85746329138055 9.03747671935707 9.13931698538363 8.9707785169594 8.83594774222001 8.86965543590486 7.6203192146495 8.37240718863904 8.64517653966323 8.61003447603434 8.49767549708486 8.10585344070569 7.60525833023712 8.5191910462454 8.78215886931866 10.2417099745944 10.3519572422374 10.8263942261599 13.5826185498969 12.76499971468 8.95499979984015 9.3257524787914 9.70113361300901 14.2649996811524 -9999 -9999 -9999 12.4501615650952 14.0303242569498 -9999 -9999 -9999 -9999 -9999 -9999 -9999
-9999 -9999 -9999 -9999 -9999 7.56007567699999 7.23303932975978 7.29471723735332 6.9748527398333 7.39942624326795 7.84408092591912 7.30332345701754 7.17207860713825 7.29830316221341 7.89428387396038 8.32316048722714 8.02983183367178 8.77713857451454 9.79509299417259 9.79123812494799 9.49958290299401 9.45774711295962 8.75992613518611 9.42499566590413 9.28131960984319 9.16441845940426 9.06329537834972 8.62652973039076 8.27080598426983 8.26363413454965 8.4608600018546 8.2578966547735 8.46588029665872 8.03843805333599 7.45178074622527 8.51034576492384 8.09581285109743 8.30682460730895 13.0289298375137 -9999 -9999 11.6717960436443 12.0618191839506 8.47848226116704 9.09832710582906 13.5299996975809 -9999 13.5949996961281 12.1462797392789 11.8684448655695 9.99999977648258 10.4868260495132 11.3669486765463 9.9695965106814 12.0874888705663 -9999 -9999 -9999 -9999 -9999 -9999 -9999
-9999 -9999 -9999 -9999 -9999 7.62533950945362 7.28037353791296 7.95739615149796 8.75705739529803 8.81371500808746 8.79219945892692 8.61003447603434 8.4328897879459 7.66765342280269 7.81467634206638 7.85770744038746 9.91559799909592 9.78263190528378 9.71392558496445 9.69413127973676 9.36064026774839 9.03030486963689 8.41998045844957 8.93420208338648 9.18234808370471 9.34371470240876 8.56485182279721 8.37121188035235 8.32818078203127 8.2657856894657 8.32100893231109 8.34252448147163 8.26865442935377 8.26148257963359 8.36188847571611 8.21242712754756 13.5689780112669 6.10999986343086 7.8349998248741 -9999 12.2465607202612 9.05002745636739 8.52779726590961 8.67290769191459 8.58588924864307 13.4399996995926 -9999 -9999 14.6322366860695 12.4731237437719 8.59999388642609 11.9341868213378 10.1371005777037 14.4193271158239 13.6299996953458 -9999 -9999 -9999 -9999 -9999 -9999 -9999
-9999 -9999 -9999 -9999 -9999 7.46612444566563 8.25717946980149 7.96098207635805 8.39344461448491 8.85029144166037 9.46778770256788 8.65019683446735 8.68892482295632 8.29877619817853 8.5325784990564 9.74497969425283 9.73350473470055 9.52788780322298 8.16968290321529 8.25215917499736 8.62222662055865 8.76709798490629 8.7398449559696 8.69322793278843 8.97006133198738 9.11564988130704 9.16943875420839 7.82113100681454 8.60716573614627 8.37766654510051 8.18761252751574 8.2535935449414 8.28514968371019 8.21056244662032 7.1025116648525 13.681562032264 8.41137423878536 9.69477674621157 -9999 8.72569454042241 8.76885110372677 8.66477959556505 8.38340402487665 7.89751120633446 8.24335735943168 9.36958117373288 -9999 12.0066798783094 7.94018371216953 8.17900630785152 10.2586220544047 9.5894700861536 10.071657449007 9.24272201862186 13.9099996890873 -9999 -9999 -9999 -9999 -9999 -9999 -9999
