EcologicalScience/Bass/data/rs_data_bass/sst_488.asc
NCOLS 226 
NROWS 124 
XLLCORNER -9.41648524995501 
YLLCORNER 47.587301625531 
CELLSIZE 0.0833 
NODATA_value -9999 
[rows 0 to 26 of 124, columns 62 to 123 of 226]
-9999 -9999 -9999 -9999 -9999 -9999 -9999 -9999 -9999 -9999 -9999 -9999 -9999 -9999 -9999 -9999 -9999 -9999 -9999 -9999 -9999 -9999 -9999 -9999 -9999 -9999 -9999 -9999 -9999 -9999 -9999 -9999 -9999 -9999 -9999 -9999 -9999 -9999 -9999 -9999 -9999 -9999 -9999 -9999 -9999 -9999 -9999 -9999 -9999 -9999 -9999 -9999 -9999 -9999 -9999 -9999 -9999 -9999 -9999 -9999 -9999 -9999
-9999 -9999 -9999 -9999 -9999 -9999 -9999 -9999 -9999 -9999 -9999 -9999 -9999 -9999 -9999 -9999 -9999 -9999 -9999 -9999 -9999 -9999 -9999 -9999 -9999 -9999 -9999 -9999 -9999 -9999 -9999 -9999 -9999 -9999 -9999 -9999 -9999 -9999 -9999 -9999 -9999 -9999 -9999 -9999 -9999 -9999 -9999 -9999 -9999 -9999 -9999 -9999 -9999 -9999 -9999 -9999 -9999 -9999 -9999 -9999 -9999 -9999
-9999 -9999 -9999 -9999 -9999 -9999 -9999 -9999 -9999 -9999 -9999 -9999 -9999 -9999 -9999 -9999 -9999 -9999 -9999 -9999 -9999 -9999 -9999 -9999 -9999 -9999 -9999 -9999 -9999 -9999 -9999 -9999 -9999 -9999 -9999 -9999 -9999 -9999 -9999 -9999 -9999 -9999 -9999 -9999 -9999 -9999 -9999 -9999 -9999 -9999 -9999 -9999 -9999 -9999 -9999 -9999 -9999 -9999 -9999 -9999 -9999 -9999
-9999 -9999 -9999 -9999 -9999 -9999 -9999 -9999 -9999 -9999 -9999 -9999 -9999 -9999 -9999 -9999 -9999 -9999 -9999 -9999 -9999 -9999 -9999 -9999 -9999 -9999 -9999 -9999 -9999 -9999 -9999 -9999 -9999 -9999 -9999 -9999 -9999 -9999 -9999 -9999 -9999 -9999 -9999 -9999 -9999 -9999 -9999 -9999 -9999 -9999 -9999 -9999 -9999 -9999 -9999 -9999 -9999 -9999 -9999 -9999 -9999 -9999
-9999 -9999 -9999 -9999 -9999 -9999 -9999 -9999 -9999 -9999 -9999 -9999 -9999 -9999 -9999 -9999 -9999 -9999 -9999 -9999 -9999 -9999 -9999 -9999 -9999 -9999 -9999 -9999 -9999 -9999 -9999 -9999 -9999 -9999 -9999 -9999 -9999 -9999 -9999 -9999 -9999 -9999 -9999 -9999 -9999 -9999 -9999 -9999 -9999 -9999 -9999 -9999 -9999 -9999 -9999 -9999 -9999 -9999 -9999 -9999 -9999 -9999
-9999 -9999 -9999 -9999 -9999 -9999 -9999 -9999 -9999 -9999 -9999 -9999 -9999 -9999 -9999 -9999 -9999 -9999 -9999 -9999 -9999 -9999 -9999 -9999 -9999 -9999 -9999 -9999 11.3049997473136 11.2148502944037 12.6398968338035 12.5742744088639 13.6712088235654 17.2227088049985 15.36806846736 14.8366344030946 15.0066072414629 14.9994353917427 13.1634418633766 13.4323862278834 11.3496810691431 15.4397869645618 14.4758903621696 14.452223258093 14.8373515880667 15.089800698217 14.8846857962199 15.0439008600079 15.0632648542523 15.1073717300314 15.0209509409033 15.1923581492156 15.130680241622 15.4634540686384 15.7327570256311 17.2549821287394 17.2241431749426 16.40224919701 15.487838357687 15.6420331266709 15.7833185661584 15.9705038438551
-9999 -9999 -9999 -9999 -9999 -9999 -9999 -9999 -9999 -9999 -9999 -9999 -9999 -9999 -9999 -9999 -9999 -9999 -9999 -9999 -9999 -9999 -9999 -9999 -9999 -9999 -9999 14.0079783954258 12.8349711461924 12.737433989998 12.7281105853617 13.8705862457864 14.7226019925438 14.7075411081314 16.0522629306652 15.8571886182763 14.8251594435424 15.1600848254748 15.4914242825471 15.8249152945355 14.9002248039469 13.974936659215 14.6074938045349 14.6982177034952 14.8036438943818 15.0202337559313 15.0428250825498 15.2719656811096 15.3332849962171 15.3576692852657 15.5455717479344 15.406796455849 15.5186773114838 15.4207815628033 15.6287652046885 17.2643055333756 17.3030335218646 15.4189886003733 19.073046032805 15.5000305022113 15.8141575199552 17.1825464465655
-9999 -9999 -9999 -9999 -9999 -9999 -9999 -9999 -9999 -9999 -9999 -9999 -9999 -9999 -9999 -9999 -9999 -9999 -9999 -9999 -9999 -9999 -9999 -9999 -9999 -9999 12.951633234974 13.5198827944696 13.4087191238068 13.1548356437124 13.9975279858336 14.6279335762374 15.1579332705587 15.5409100456163 15.3479872881435 15.0991241028532 15.4426557044499 14.6838740040548 15.1937925191596 15.8198949997313 16.1949827400967 15.2447126521729 15.2941984152421 15.1209982444998 15.3089007071685 15.3024460424203 15.3164311493747 15.4731360657606 15.3207342592068 15.3867152766325 15.3361537361052 15.5717489994131 15.36986142979 15.7614444245119 15.9156391934957 17.3302865508012 17.4091768977232 20.7197027285583 18.7051301421598 19.6173894265667 15.5201116814278 20.3352915835567
-9999 -9999 -9999 -9999 -9999 -9999 -9999 -9999 -9999 -9999 -9999 -9999 -9999 -9999 -9999 -9999 -9999 -9999 -9999 -9999 -9999 -9999 -9999 -9999 -9999 -9999 13.8409426002763 14.2234412520193 14.2284615468234 15.1435895711184 13.4797204360366 14.730491027236 14.9140903800726 15.2296517677605 14.7261879174039 12.220343625173 15.0589617444202 14.9958494668826 15.5050507970154 17.2176885101944 18.0876338812523 16.3176213703118 16.1168095781468 15.3117694470566 15.4806665079668 15.3601794326678 15.287385158008 15.3831293517724 15.5254905687179 15.8571886182763 16.2996917460114 15.8191778147593 15.9848475432955 15.8654362454545 15.8815729073249 17.4952390943654 17.8050630022772 20.6142765376717 20.0233161207289 19.8956571957096 20.8064821101725 16.9401379260235
-9999 -9999 -9999 -9999 -9999 -9999 -9999 -9999 -9999 -9999 -9999 -9999 -9999 -9999 -9999 -9999 -9999 -9999 -9999 -9999 -9999 -9999 -9999 -9999 -9999 11.3651005460415 14.3525345469825 14.6422772756778 11.9449445959181 12.0697347810492 14.4256874141283 14.8172704088502 14.929868449457 12.1235236539505 13.3491927711293 14.5232245703228 14.8545640273951 16.1899624452926 15.8012481904589 16.9946439838968 17.9097720081918 17.3776207589544 17.997268574778 17.7534256842919 17.2363353194669 15.529076493578 15.6212347624823 15.3619723950978 15.5767692942172 15.9016540865414 15.8392589939758 15.8191778147593 15.8536026934162 16.0816675145179 16.2114779944532 16.3090151506476 16.9128848970868 18.716605101712 20.2979979650117 20.1961576989852 16.4546036999673 17.4299752619117
-9999 -9999 -9999 -9999 -9999 -9999 -9999 -9999 -9999 -9999 -9999 -9999 -9999 -9999 -9999 -9999 -9999 -9999 -9999 -9999 -9999 -9999 -9999 -9999 13.5979364255909 13.1100115829613 12.6965544465929 15.2131565134041 15.1715597850271 13.9430219279602 14.2679067202844 14.7986235995777 15.0331430854276 12.4297616370022 15.0367290102877 15.0797601086088 16.0651722601615 16.2982573760673 16.0802331445739 16.7278511743061 17.1875667413697 16.7665791627951 17.0362407122739 18.2676473092288 18.4677419164218 16.3699758732691 15.964766364079 15.5387584907003 15.847148028668 15.9220938582439 15.9152806010097 16.00421153754 15.9991912427358 16.5596712983679 16.1978514799848 16.9774315445684 16.7852259720676 16.9853205792606 19.0128024951555 19.7766044903547 17.7677693837322 17.7362132449634
-9999 -9999 -9999 -9999 -9999 -9999 -9999 -9999 -9999 -9999 -9999 -9999 -9999 -9999 -9999 -9999 -9999 -9999 -9999 -9999 -9999 -9999 -9999 -9999 12.1199377290905 12.9170888254885 14.2822504197247 15.7797326412983 14.7333597671241 14.132358760573 14.2162694022991 13.8053224133328 14.2994628590532 14.89185764594 15.7983794505708 16.1863765204325 16.0400707861409 16.2136295493692 16.2294076187536 16.4416943704709 16.8712881687097 16.7651447928511 17.8495284705423 17.7663350137882 17.0606250013225 16.4316537808627 16.642506162636 16.0250099017285 15.964049179107 16.0217825693544 15.8213293696754 16.0895565492101 16.127208760241 16.1551789741497 16.1372493498493 16.1336634249892 18.0546433725394 16.8526413594373 16.8949552727863 19.5313272299245 21.0087282722816 21.1335184574127
-9999 -9999 -9999 -9999 -9999 -9999 -9999 -9999 -9999 -9999 -9999 -9999 -9999 -9999 -9999 -9999 -9999 -9999 -9999 -9999 -9999 -9999 -9999 12.2149997269735 14.0993682518601 14.4852137668058 14.4895168766379 14.0678121130913 14.1287728357129 13.9250923036598 13.9315469684079 14.7613299810328 15.3092592996545 15.0862147733569 15.7316812481731 16.5069582029246 16.6001922492869 16.6109500238672 16.4524521450512 16.0185552369803 16.7443464286625 17.161748082377 17.4364299266599 17.2901241923682 17.3388927704655 18.3910031244159 16.6783654112369 18.2439802051522 17.5927762505598 18.6118960957974 18.7911923388019 18.8378093619831 16.0608691503294 16.1487243094016 19.0565507784486 19.2752921949141 19.9221930396743 19.7400280567817 18.0453199679032 21.0854670642875 16.7759025674313 17.359691134654
-9999 -9999 -9999 -9999 -9999 -9999 -9999 -9999 -9999 -9999 -9999 -9999 -9999 -9999 -9999 -9999 -9999 -9999 -9999 -9999 -9999 11.1365134271884 13.7321695461869 14.1961882230826 14.5160527206026 14.1094088414684 14.1309243906289 14.054902783595 14.5375682697631 14.4048890499398 14.8344828481786 14.4672841425054 15.8636432830244 15.9540085894987 15.7503280574456 16.8741569085978 16.7895290818997 17.0118564232253 17.1387981632724 17.0591906313784 16.4144413415343 16.9716940647922 16.9652394000441 17.5777153661475 17.2054963656701 18.5000152401626 18.1622211183421 18.435468592681 18.2475661300123 18.4964293153025 18.4512466620654 17.1144138742238 17.5425733025186 18.9819635413587 19.1834925184958 19.5184179004282 19.7163609527051 19.4230322991498 19.2824640446343 17.6422620136291 16.8662678739056 17.320963146165
-9999 -9999 -9999 -9999 -9999 -9999 -9999 -9999 -9999 -9999 -9999 -9999 -9999 -9999 -9999 -9999 -9999 -9999 -9999 -9999 -9999 13.6435254836455 14.8789483164437 14.0800042576157 13.0953092910349 14.331736182794 14.3030487839133 14.33388773771 14.73192539718 14.3769188360311 14.3697469863109 15.7926419707946 15.687215779908 16.08597062435 15.9934537629597 16.7443464286625 17.0269173076376 17.4055909728631 17.4708548053168 17.3783379439265 17.3697317242622 17.7290413952433 17.6924649616703 17.7828302681446 18.1629383033141 17.8810846093111 18.1858882224187 18.436902962625 18.7252113213763 17.6487166783772 17.7032227362506 17.7139805108309 17.4880672446452 18.9798119864427 19.0823694374412 18.3307595867664 19.2057252526283 19.3283638828434 19.1232489808463 18.6936551826075 18.6907864427194 18.593966471497
-9999 -9999 -9999 -9999 -9999 -9999 -9999 -9999 -9999 -9999 -9999 -9999 -9999 -9999 -9999 -9999 -9999 -9999 -9999 -9999 12.4449997218326 14.0341044194065 15.8700979477726 15.2848750106059 15.8607745431364 15.4448072593659 17.2255775448866 16.7049012552015 15.3128452245146 15.1823175596073 14.6415600907058 15.0568101895042 15.6449018665589 15.8019653754309 16.1992858499289 16.3821680177934 17.7756584184244 17.3718832791783 17.6659291177057 17.7053742911667 17.2721945680678 17.6558885280974 17.7835474531166 17.8617206150666 17.9456312567927 17.3625598745421 17.7146976958029 17.8237098115496 18.8370921770111 18.4670247314498 17.4428845914081 17.3704489092343 18.2152928062715 16.9645222150721 16.5851313648745 17.9850764302537 19.3548997268081 18.198080366943 18.9360637031496 18.6133304657415 18.6986754774116 18.3845484596677
-9999 -9999 -9999 -9999 -9999 -9999 -9999 -9999 -9999 -9999 -9999 -9999 -9999 -9999 -9999 -9999 -9999 -9999 11.1000773124144 14.1000854368322 15.5803552190773 16.0328989364207 16.3183385552838 15.9210180807859 17.4228034121916 19.0149540500715 17.7735068635084 15.728095323313 15.6778923752718 15.4691915484145 16.2595293875784 16.0895565492101 16.3671071333811 15.9841303583235 16.1225470579229 17.1043732846156 17.040543822106 17.7878505629487 17.8165379618295 17.5748466262594 17.3374584005214 17.4285408919677 17.7620319039561 17.798608337529 17.1933042211458 17.1524246777408 17.0491500417702 16.5707876654342 16.4883113936521 15.6786095602438 17.0111392382532 17.6429791986011 17.1775261517614 17.2198400651105 17.4981078342535 17.7900021178648 17.4364299266599 18.1658070432022 18.2927487832494 17.8574175052345 17.99798575975 18.0948057309724
-9999 -9999 -9999 -9999 -9999 -9999 -9999 -9999 -9999 -9999 -9999 -9999 -9999 -9999 -9999 -9999 7.43611559532583 14.0314747411758 16.1053346185945 15.8959166067652 16.3384197345003 15.7947935257107 16.1713156360202 17.2901241923682 17.5526138921268 18.5674306275323 18.0123294591904 16.325510405004 16.7285683592781 16.7328714691103 17.0778374406509 16.3133182604797 17.2671742732637 16.4940488734283 16.2724387170747 16.3721274281852 16.2337107285857 17.3525192849338 17.8839533491991 17.8588518751785 17.7010711813346 17.1309091285802 17.3109225565568 17.5856044008397 17.2449415391311 16.762276052963 15.6348612769507 16.0823846994899 16.4230475611985 16.3757133530453 17.5153202735819 17.1588793424889 17.1179997990839 17.2693258281797 17.5102999787778 16.4273506710306 17.6680806726217 17.241355614271 17.039826637134 17.3030335218646 17.4242377821356 17.5791497360915
-9999 -9999 -9999 -9999 -9999 -9999 -9999 -9999 -9999 -9999 -9999 -9999 -9999 -9999 -9999 -9999 7.9601672321558 14.0467746872455 18.0302590834908 15.9812616184354 16.0192724219523 15.3322092187591 14.8796655014157 15.2569047966972 16.6769310412928 17.5253608631901 17.6020996551961 17.9771873955615 16.7343058390543 17.2033448107541 16.8002868564799 16.7759025674313 16.5715048504062 17.3568223947659 17.3137912964448 16.6597186019644 17.2090822905302 17.6702322275378 17.3439130652696 17.8975798636675 17.8896908289753 17.1574449725449 16.364955578465 15.6298409821466 17.0936155100353 16.0250099017285 15.6657002307475 16.1376079423353 15.6556596411392 16.7300027292222 16.6389202377759 17.1115451343358 17.9850764302537 17.1158482441679 16.9924924289808 18.4426404424012 17.6895962217823 17.2865382675081 16.96021910524 16.8906521629542 17.2714773830958 17.3353068456054
-9999 -9999 -9999 -9999 -9999 -9999 -9999 -9999 -9999 -9999 -9999 -9999 -9999 -9999 -9999 -9999 -9999 6.0549998646602 6.02203990519047 14.3224127781577 14.8581499522552 15.0137790911831 15.0044556865469 15.569597444497 15.7087313290685 16.5607470758259 17.441450221464 18.2332224305719 16.5413830815814 16.8354289201088 16.1318704625592 16.7665791627951 15.9970396878198 16.5320596769452 17.4708548053168 16.2143467343412 16.2394482083619 15.5617084098049 16.6195562435314 18.1414227541536 17.7161320657469 17.3374584005214 17.1237372788601 17.239921244327 15.6750236353837 15.7424390227534 15.7976622655988 15.6104769879021 16.6123843938112 15.7797326412983 16.4409771854989 17.1187169840559 17.1294747586362 17.0921811400913 16.682668521069 17.59994810028 18.1328165344894 17.758445979096 17.6228980193846 18.4469435522333 17.1674855621532 18.4067811938003
-9999 -9999 -9999 -9999 -9999 -9999 -9999 -9999 -9999 -9999 -9999 -9999 -9999 -9999 7.18903614337421 15.3730887621641 15.2949156002142 15.3149967794307 15.2798547158018 14.211966292467 15.3773918719962 15.5574052999727 15.7553483522497 14.931302819401 17.2097994755022 17.2334665795788 17.0369578972459 15.2228385105263 15.1396450537723 16.603060989175 16.364238393493 16.6295968331397 16.3061464107595 16.2358622835018 16.0960112139583 16.4065523068421 16.4689473994076 16.3749961680733 16.0515457456931 15.5179601265118 16.3957945322618 17.0850092903711 16.7787713073194 15.7302468782291 15.9303414854221 17.0649281111546 16.1469313469715 16.0085146473721 15.7424390227534 16.4574724398553 15.6821954851039 15.3953214962967 17.1846980014816 17.0118564232253 17.0548875215463 17.9599749562331 18.0747245517559 17.6444135685451 17.3697317242622 18.1679585981183 18.1808679276146 16.1103549133986
-9999 -9999 -9999 -9999 -9999 -9999 -9999 -9999 -9999 -9999 -9999 -9999 -9999 15.6147800977342 15.2303689527325 15.6190832075663 15.3781090569682 15.5609912248328 14.6422772756778 14.7821283452213 15.1500442358665 15.2676625712775 15.3501388430595 15.8521683234721 16.364955578465 16.7013153303415 16.9946439838968 17.800042707473 18.1091494304128 16.9164708219469 17.0649281111546 17.0914639551193 16.7357402089983 16.3749961680733 16.1835077805445 16.2545090927742 15.9188665258698 16.2889339714311 15.7001251094043 15.8744010576047 15.1041443976574 15.1608020104468 16.8648335039616 16.9394207410514 16.9695425098762 16.9673909549601 16.6948606655933 15.7804498262703 15.9561601444148 15.8536026934162 16.283196491655 15.8328043292277 17.0649281111546 17.0140079781413 17.1502731228247 17.8502456555143 17.840205065906 16.9803002844565 18.4397717025131 18.1399883842096 18.2059694016352 18.1292306096293
-9999 -9999 -9999 -9999 -9999 -9999 -9999 -9999 -9999 -9999 10.0507419933945 16.1003143237904 15.2153080683202 15.5495162652805 15.7818841962144 15.7854701210745 16.5932594612241 14.9488738512155 14.211249107495 15.0015869466588 14.7548753162846 15.9439679998904 15.0797601086088 15.3755989095662 16.1548203816637 16.7802056772634 17.5404217476025 17.9061860833317 18.1069978754967 18.1909085172229 17.4952390943654 17.2972960420884 16.8261055154726 16.9803002844565 16.5765251452103 16.56218144577 16.2265388788655 16.284630861599 16.1196783180349 15.7194891036488 16.166295341216 15.4663228085265 16.9085817872547 16.9738456197083 16.8289742553607 16.9014099375345 15.9626148091629 16.4510177751072 15.9690694739111 16.4696645843796 16.0235755317844 16.2086092545651 15.7302468782291 17.0993529898115 17.480178209953 16.8397320299409 16.7923978217877 19.7859278949909 16.9666737699881 17.4651173255406 17.3324381057173 16.523453457281
-9999 -9999 -9999 -9999 -9999 -9999 -9999 -9999 -9999 -9999 14.6949996715412 17.0649281111546 16.9150364520028 16.0422223410569 16.08597062435 16.5777802189114 13.1449997061864 -9999 -9999 9.22999979369342 -9999 9.68051344295135 15.4591509588063 16.4402600005269 16.1325876475312 16.1971342950128 16.6676076366566 17.003250203561 18.1736960778944 18.2870113034733 16.7127902898937 16.5291909370571 17.0290688625537 16.8153477408923 17.1581621575169 15.8650776529685 16.5406658966094 16.9989470937289 15.9913022080436 17.0283516775817 16.565050185658 15.5150913866237 16.9329660763033 16.961653475184 16.1440626070835 16.7393261338584 16.1584063065238 16.0558488555253 16.4008148270659 16.1333048325032 16.1576891215518 16.0902737341821 16.4151585265063 17.0591906313784 17.1882839263417 17.2779320478439 17.480178209953 17.5303811579943 17.5533310770988 17.4486220711842 17.1660511922091 17.0928983250633
-9999 -9999 -9999 -9999 -9999 -9999 -9999 -9999 -9999 -9999 -9999 -9999 -9999 -9999 -9999 -9999 -9999 -9999 -9999 -9999 -9999 -9999 -9999 -9999 -9999 14.2349162115715 16.1526688267477 15.965483549051 16.3972289022058 16.5162816075608 16.3039948558435 16.3463087691925 16.4646442895755 16.8131961859763 16.4933316884562 16.9889065041207 16.6783654112369 16.6805169661529 15.8607745431364 16.6217077984475 16.5707876654342 17.0756858857349 16.1498000868596 15.4828180628829 17.1839808165096 17.20191044081 17.081423365511 16.1498000868596 16.2172154742293 16.2401653933339 16.2172154742293 16.7802056772634 16.7759025674313 16.7335886540823 16.9107333421707 17.3051850767806 17.3180944062769 17.5296639730223 16.8899349779822 17.8344675861299 18.0596636673436 17.4149143774994
-9999 -9999 -9999 -9999 -9999 -9999 -9999 -9999 -9999 -9999 -9999 -9999 -9999 -9999 -9999 -9999 -9999 -9999 -9999 -9999 -9999 -9999 -9999 -9999 -9999 10.6396679468453 16.1978514799848 15.725943768397 16.8339945501648 16.2329935436137 16.0307473815046 17.0039673885331 17.2169713252224 16.8311258102767 16.6754966713488 16.2918027113192 16.7343058390543 17.3898129034787 17.6064027650282 17.8330332161859 17.9528031065129 16.2731559020467 16.7464979835786 17.3568223947659 16.801721226424 17.1237372788601 16.9953611688688 16.4976347982883 16.2788933818229 16.1340220174752 16.1548203816637 16.164860971272 17.0548875215463 16.6267280932516 16.8863490531221 17.4235205971636 17.3776207589544 17.6128574297763 17.4981078342535 16.8110446310602 16.8748740935698 17.4285408919677
-9999 -9999 -9999 -9999 -9999 -9999 -9999 -9999 -9999 -9999 -9999 -9999 -9999 -9999 -9999 -9999 -9999 -9999 -9999 -9999 -9999 -9999 -9999 -9999 -9999 -9999 -9999 14.1351623018272 16.0436567110009 16.004928722512 15.9540085894987 16.9960783538409 16.9372691861354 16.5399487116374 16.1942655551247 17.0054017584771 17.1187169840559 17.3955503832549 17.7433850946836 18.1062806905247 17.8710440197028 18.0288247135468 17.560502926819 16.1297189076431 16.5048066480085 16.4725333242677 16.3699758732691 16.8712881687097 15.8650776529685 15.9360789651982 16.1749015608802 17.3381755854934 15.9697866588831 17.039826637134 17.1079592094757 17.5346842678264 16.8361461050808 16.7400433188304 17.2270119148307 17.3539536548778 17.3051850767806 17.4156315624714
