EcologicalScience/Bass/data/rs_data_bass/sst_396.asc
NCOLS 226 
NROWS 124 
XLLCORNER -9.41648524995501 
YLLCORNER 47.587301625531 
CELLSIZE 0.0833 
NODATA_value -9999 
[rows 54 to 80 of 124, columns 124 to 185 of 226]
14.2069459976628 14.2743613850325 14.254280205816 14.6437116456218 13.9380016331561 13.9874873962253 13.9308297834359 14.371898541227 14.2879878995009 14.3410595874302 14.6257820213214 14.6300851311535 14.6351054259576 14.6781365242787 14.6465803855099 15.0360118253157 15.0317087154835 15.4835352478549 15.6190832075663 15.7359843580052 15.5351725658402 15.9238868206739 16.1756187458523 15.9188665258698 15.846430843696 15.9102603062056 16.0960112139583 15.7022766643204 15.0926694381051 16.0917081041262 15.9138462310657 15.9956053178757 15.1772972648032 15.3451185482554 15.7202062886208 15.8514511385001 16.285348046571 16.8598132091574 15.7926419707946 15.7761467164382 15.9073915663175 16.1555375666358 16.3448743992485 17.002533018589 17.36184268957 17.7397991698235 17.0326547874138 17.4895016145892 17.3761863890104 17.7548600542359 17.7491225744598 18.0725729968399 17.7333445050754 20.347483728081 18.5824915119447 18.3006378179416 17.797891152557 18.2396770953201 18.195211627055 18.6205023154616 17.520340568386 18.2286005718634
14.3238471481018 14.5009918361902 14.9133731951006 14.2019257028587 14.5060121309943 14.5275276801549 14.1008026218042 14.6451460155658 14.3489486221224 14.5569322640076 14.7785424203612 14.8007751544937 14.9226965997368 15.0037385015748 15.1672566751949 13.7493819855154 15.1801660046913 15.4448072593659 15.4010589760728 16.365672763437 16.2889339714311 16.3319650697522 15.1823175596073 15.7818841962144 15.68793296488 15.7524796123616 15.5574052999727 15.7947935257107 15.3372295135632 15.5380413057283 15.6721548954956 15.4146854905412 15.2124393284321 15.6707205255516 15.6162144676782 16.0716269249097 15.6355784619227 16.0615863353014 16.3685415033251 16.3520462489687 16.4072694918141 16.4467146652751 16.7084871800616 17.1933042211458 17.2470930940472 17.4629657706246 17.598513730336 17.5217749383301 17.6329386089928 18.0983916558325 18.2870113034733 18.1815851125866 18.4074983787723 18.7761314543895 19.2143314722925 18.875102980528 19.6926938486286 16.8444213162964 -9999 -9999 -9999 -9999
14.8301797383465 14.890423275996 15.12996305665 15.0690023340285 14.9757682876661 14.6171758016571 14.3381908475421 14.3152409284376 14.5174870905466 14.7864314550534 15.0525070796721 14.9728995477781 16.2473372430541 15.0847804034129 15.1629535653628 15.5301522710361 15.0568101895042 15.5193944964558 15.5423444155604 15.5832239589654 15.4763633981347 15.7101656990126 15.60617387807 15.6671346006915 15.4024933460169 15.5409100456163 15.6255378723145 15.5007476871833 15.7453077626415 16.2315591736697 16.2667012372985 15.6743064504117 15.8801385373808 16.163426601328 15.5480818953365 15.608325432986 15.6678517856635 15.9289071154781 15.7912076008506 16.4553208849393 16.5033722780645 16.5392315266654 17.2133854003623 17.4844813197851 17.2901241923682 17.7505569444038 17.5777153661475 15.9847171460278 18.317133072298 19.1060365415178 18.2676473092288 18.2712332340889 18.6004211362451 18.4985808702186 16.3851562885102 -9999 -9999 -9999 -9999 -9999 -9999 -9999
16.8899349779822 15.2798547158018 15.3092592996545 15.3874324616045 15.2275002128445 13.9602343672886 14.5999633623287 14.6788537092507 14.8151188539341 15.0274056056514 15.0697195190005 15.051072709728 15.4605853287503 15.2038331087679 15.3924527564086 15.2690969412215 15.529435086064 15.7008422943763 15.6441846815869 15.6033051381819 16.4660786595196 15.7531967973337 15.925321190618 15.5774864791892 15.5423444155604 15.6169316526502 15.7381359129213 15.6642658608034 15.6915188897401 15.7517624273896 15.7625202019699 15.9030884564854 15.8442792887799 16.3470259541646 15.7044282192364 15.6542252711952 15.8292184043676 16.1333048325032 16.1756187458523 16.5270393821411 16.3613696536049 16.6360514978878 17.2047791806981 17.4866328747012 17.3941160133108 17.7555772392079 18.0912198061123 19.5872676577419 19.5600146288052 18.9848322812468 19.0163884200156 19.4610431026667 18.8772545354441 20.2642902713269 18.9949995754287 -9999 -9999 -9999 -9999 -9999 -9999 -9999
17.0563218914904 16.4158757114783 15.646336236503 15.5767692942172 15.2977843401022 15.3106936695985 15.0862147733569 14.9212622297928 14.8854029811919 15.0833460334688 15.2612079065293 15.1851862994954 15.4175542304292 15.566011519637 15.1830347445793 15.3250373690389 15.5430616005324 15.4777977680787 15.3393810684793 15.7696920516901 15.8148747049272 15.7022766643204 15.8134403349832 16.364955578465 16.0185552369803 15.607608248014 15.6800439301878 15.6291237971745 16.0909909191541 15.7589342771098 15.725226583425 16.0723441098817 15.526566346176 15.6413159416988 16.2609637575224 16.2602465725504 16.1060518035665 16.1756187458523 16.2903683413751 16.2702871621586 16.4904629485682 16.7170933997259 16.921491116751 17.4715719902888 17.6350901639089 17.0254829376936 18.5717337373644 18.8026672983542 18.6828974080272 19.1705831889994 19.0300149344839 19.950163253583 20.3037354447879 17.0231879457831 15.2549996590242 -9999 -9999 -9999 -9999 -9999 -9999 -9999
17.0599078163505 16.8963896427304 16.5894344747066 15.4608243904077 15.4844914944842 15.5767692942172 15.3243201840669 15.2511673169211 15.2762687909417 14.9980010217987 15.3759575020522 15.3960386812687 15.4806665079668 15.2468642070889 15.4383525946178 15.4268776350655 15.5351725658402 15.7245093984529 15.806985670235 15.6829126700759 16.3197729252279 15.6377300168388 15.60617387807 15.5767692942172 15.5724661843851 15.7869044910185 16.044373895973 15.9188665258698 16.0615863353014 15.7976622655988 15.8342386991717 16.1017486937344 16.1605578614399 15.9913022080436 16.0551316705532 16.3090151506476 16.1196783180349 16.2530747228302 16.2939542662352 16.2918027113192 16.7672963477671 17.0168767180294 17.1352122384124 17.3001647819765 17.4550767359324 17.8499146470657 18.7876064139418 19.0228430847637 18.3113955925219 19.3434247672558 19.4753868021071 19.592287952546 19.5600146288052 20.0950346179307 17.5999996066093 -9999 23.7447889405303 -9999 -9999 -9999 -9999 -9999
-9999 -9999 -9999 -9999 -9999 13.2249997043982 15.8547296983722 15.5201116814278 15.4383525946178 15.5581224849448 15.5366069357842 15.5444959704764 15.4656056235544 15.4605853287503 15.4842524328269 15.9116946761496 16.1354563874193 16.3800164628774 15.6205175775103 15.647053421475 15.805551300291 15.5380413057283 15.4677571784705 15.4663228085265 15.3501388430595 15.5122226467356 15.3250373690389 15.7833185661584 15.7761467164382 16.1003143237904 16.1232642428949 16.0293130115606 16.364238393493 15.8349558841437 16.1397594972514 16.2925198962912 16.6511123823002 16.3577837287448 16.2602465725504 16.3671071333811 16.7902462668717 17.1402325332165 17.3324381057173 17.2865382675081 17.4823297648691 9.89895373346088 -9999 18.2684812452428 7.25348154086696 18.3349995901808 17.7950224126689 17.999420129694 18.3587298006751 20.0118411611766 5.37499987985939 5.37499987985939 10.6405428107828 -9999 -9999 -9999 -9999 -9999
-9999 -9999 -9999 -9999 -9999 -9999 -9999 10.5462546042399 16.3057878182735 15.6979735544883 15.6341440919787 15.7618030169979 15.7969450806268 15.7567827221937 14.9528183685616 16.4775536190718 15.6104769879021 15.5817895890214 15.6183660225943 15.7531967973337 15.6549424561672 15.5215460513718 15.4756462131627 15.4785149530508 15.3508560280316 15.4405041495338 15.9138462310657 15.9913022080436 16.2394482083619 15.5201116814278 16.0192724219523 16.0214239768684 15.8521683234721 16.1010315087624 16.4531693300232 16.3355509946123 16.5607470758259 16.4538865149952 16.8060243362561 16.7823572321795 16.9387035560794 17.1022217296995 16.3836023877375 15.8206121847034 17.0254829376936 16.0299996417016 -9999 -9999 -9999 -9999 -9999 -9999 -9999 -9999 -9999 -9999 -9999 -9999 -9999 -9999 -9999 -9999
-9999 -9999 -9999 -9999 -9999 -9999 -9999 -9999 12.9699997100979 16.206816292135 15.5552537450567 15.7309640632011 15.5954161034897 15.7410046528094 16.1103549133986 16.6310312030837 16.6073640990071 15.8708151327446 16.126132982783 16.0400707861409 15.6657002307475 16.3907742374577 15.4175542304292 15.3788262419403 15.3444013632834 15.7883388609625 15.808420040179 15.7080141440965 15.8550370633602 16.8139133709483 16.3886226825416 16.4201788213104 15.7818841962144 16.3491775090806 16.3197729252279 16.24590287311 16.5923032145947 16.2982573760673 16.8648335039616 16.7407605038024 16.8088930761442 16.9365520011634 16.4087038617581 17.1344950534403 8.41674777394883 7.66999982856214 -9999 -9999 -9999 -9999 -9999 -9999 -9999 -9999 -9999 -9999 -9999 -9999 -9999 -9999 -9999 -9999
-9999 -9999 -9999 -9999 -9999 -9999 -9999 -9999 -9999 13.509999698028 15.9124118611217 15.8285012193955 16.0106662022881 16.0637378902175 16.2136295493692 16.5284737520851 15.7854701210745 16.0601519653574 15.9303414854221 15.8184606297873 15.8901791269891 16.1684468961321 15.8500167685561 15.447675999254 15.4641712536104 15.4699087333865 15.6965391845442 16.2724387170747 15.8385418090038 15.9382305201143 15.7331156181172 16.1454969770275 16.5198675324209 16.1404766822234 16.4495834051631 16.3950773472898 16.722830879502 16.5865657348186 16.8361461050808 17.0914639551193 17.4694204353727 17.4658345105127 17.557634186931 17.6903134067543 16.0491787274808 -9999 -9999 -9999 -9999 -9999 -9999 -9999 -9999 -9999 -9999 -9999 -9999 -9999 -9999 -9999 -9999 -9999
-9999 -9999 -9999 -9999 -9999 -9999 -9999 -9999 -9999 15.8349996460602 16.0995971388184 15.9683522889391 16.0924252890982 16.0931424740702 16.3850367576815 16.7694479026832 16.1763359308243 16.4302194109187 17.079988995567 15.5444959704764 15.2325205076486 15.7779396788683 15.3400982534513 15.2734000510536 15.6621143058874 15.6441846815869 16.2251045089215 16.2753074569628 16.046525450889 16.1089205434546 16.1096377284266 16.4639271046035 16.5557267810218 16.2208013990894 16.4065523068421 16.5758079602383 16.7106387349777 16.9767143595964 16.8382976599969 17.1653340072371 17.3754692040384 17.3381755854934 17.8172551468015 17.760597534012 8.50722478582923 3.8631231640867 9.36993704635572 -9999 -9999 -9999 -9999 -9999 -9999 -9999 -9999 -9999 -9999 -9999 -9999 -9999 -9999 -9999
-9999 -9999 -9999 -9999 -9999 -9999 -9999 -9999 -9999 7.78709367043112 16.6073640990071 16.3039948558435 16.3068635957316 16.3957945322618 16.6797997811809 16.5069582029246 15.8901791269891 15.7897732309066 16.0752128497697 16.2200842141174 15.2081362186 16.2753074569628 15.3264717389829 16.1196783180349 15.7234336209949 16.1985686649568 15.6951048146002 16.2753074569628 16.2946714512073 16.2208013990894 16.2595293875784 16.2609637575224 16.4144413415343 16.7206793245859 16.5105441277847 16.5772423301823 16.5048066480085 17.0254829376936 17.1043732846156 17.5447248574346 17.4486220711842 18.6448866045102 17.8488112855703 18.2102725114673 17.5449996078387 -9999 -9999 -9999 -9999 -9999 -9999 -9999 -9999 -9999 -9999 -9999 -9999 -9999 -9999 -9999 -9999 -9999
-9999 -9999 -9999 -9999 -9999 -9999 -9999 -9999 -9999 16.8096102611162 16.6554154921323 16.6102328388952 16.5191503474489 16.3585009137169 16.8490554345772 16.40224919701 16.9946439838968 16.5829798099585 15.5946989185177 15.8736838726327 15.3874324616045 15.3207342592068 15.448393184226 16.1799218556844 15.9403820750304 15.8328043292277 16.3319650697522 16.0386364161968 16.1074861735106 16.3398541044444 16.0730612948537 16.2932370812632 16.5299081220292 16.3455915842205 16.4373912606388 16.6726279314607 16.7809228622355 17.0319376024418 17.1674855621532 17.3482161751017 17.5260780481622 17.9047517133877 17.5913418806158 17.0014811472967 -9999 -9999 -9999 -9999 -9999 -9999 -9999 -9999 -9999 -9999 -9999 -9999 -9999 -9999 -9999 -9999 -9999 -9999
-9999 -9999 -9999 -9999 -9999 -9999 -9999 -9999 17.0699484059587 16.9788659145124 16.7142246598378 16.7321542841382 16.5951719544828 16.4725333242677 16.7974181165919 16.4976347982883 16.3886226825416 15.8944822368212 16.6740623014048 15.9152806010097 14.8373515880667 15.1098818774335 15.5825067739934 15.609042617958 16.2372966534458 15.7739951615222 15.7510452424176 16.08597062435 16.1419110521674 16.205740514677 16.2760246419348 16.405117936898 16.2358622835018 16.4789879890159 16.6654560817406 16.7149418448098 17.0319376024418 17.2270119148307 17.1775261517614 17.3231147010811 17.6099886898883 17.7627490889281 18.3422345463187 -9999 -9999 -9999 -9999 -9999 -9999 -9999 -9999 -9999 -9999 -9999 -9999 -9999 -9999 -9999 -9999 -9999 -9999 -9999
-9999 -9999 -9999 -9999 -9999 -9999 -9999 -9999 17.6325800165068 17.2105166604742 16.9028443074785 17.2205572500825 16.4954832433723 16.1110720983706 17.2506790189072 16.9243598566391 15.804834115319 15.6829126700759 15.4039277159609 15.3996246061288 15.5810724040493 15.4182714154013 15.6800439301878 15.6778923752718 15.7187719186768 15.8313699592836 16.4409771854989 15.9948881329037 16.0795159596018 16.3333994396962 16.3448743992485 16.4015320120379 16.6109500238672 16.7034668852575 16.5614642607979 16.8074587062001 17.0455641169101 17.318811591249 17.440733036492 18.0001373146661 17.7864161930047 17.9305703723803 17.9149995995685 -9999 -9999 -9999 -9999 -9999 -9999 -9999 -9999 -9999 -9999 -9999 -9999 -9999 -9999 -9999 -9999 -9999 -9999 -9999
-9999 -9999 -9999 -9999 -9999 -9999 -9999 6.17587190228873 17.9499343666248 17.0972014348954 16.8519241744652 16.7493667234667 16.6998809603974 16.2394482083619 15.9583116993308 17.2772148628719 16.0164036820643 15.6377300168388 15.3329264037311 15.050355524756 15.1098818774335 15.8191778147593 15.806268485263 15.9862819132395 16.760841683019 15.9726553987712 15.8191778147593 16.4947660584003 16.404400751926 16.3678243183531 16.4510177751072 16.7802056772634 16.8619647640735 16.7536698332988 17.0484328567982 17.2241431749426 17.5332498978823 17.3568223947659 17.5762809962034 18.3142643324099 17.7900021178648 10.8067234288598 -9999 -9999 -9999 -9999 -9999 -9999 -9999 -9999 -9999 -9999 -9999 -9999 -9999 -9999 -9999 -9999 -9999 -9999 -9999 -9999
-9999 -9999 -9999 3.8400372271426 -9999 7.20384426061796 17.5174718284979 17.318811591249 17.2363353194669 16.9136020820588 16.9996642787009 16.6912747407332 16.6080812839791 16.1383251273073 15.7947935257107 15.5186773114838 17.3015991519205 15.4197057853453 16.3993804571219 15.4139683055691 15.4605853287503 15.6219519474544 16.3398541044444 16.3448743992485 16.1390423122793 16.3398541044444 16.2939542662352 16.205740514677 16.2322763586417 16.2695699771866 16.7751853824593 16.9889065041207 17.0792718105949 17.3145084814169 17.7419507247396 17.8430738057941 17.8237098115496 18.3142643324099 18.1464430489577 16.1609505101955 13.2949997028336 -9999 -9999 -9999 -9999 -9999 -9999 -9999 -9999 -9999 -9999 -9999 -9999 -9999 -9999 -9999 -9999 -9999 -9999 -9999 -9999 -9999
-9999 -9999 3.88019958557561 -9999 17.4500564411283 17.4271065220237 17.2980132270604 17.2126682153903 16.9795830994844 17.2535477587953 17.0247657527216 16.3513290639967 16.3355509946123 15.8693807628006 16.0666066301055 15.4777977680787 15.766823311802 15.4526962940581 15.527283531148 15.7417218377814 16.7687307177112 16.1691640811041 15.9210180807859 15.8744010576047 15.9446851848625 16.2358622835018 16.4581896248274 16.4359568906948 16.5119784977287 16.684102891013 16.7802056772634 16.882763128262 17.5712607013993 18.0453199679032 18.4268623730168 18.5918149165809 18.8299203272909 17.5225846632985 19.3961863211432 -9999 -9999 -9999 -9999 -9999 -9999 -9999 -9999 -9999 -9999 -9999 -9999 -9999 -9999 -9999 -9999 -9999 -9999 -9999 -9999 -9999 -9999 -9999
16.7749996250495 16.7749996250495 -9999 18.5799995847046 18.0661183320917 18.2031006617472 17.240638429299 16.7888118969277 16.6331827579997 16.4926145034842 16.4639271046035 16.0594347803853 15.8837244622409 15.7072969591245 15.5502334502526 16.1010315087624 18.0897854361683 15.5990020283498 17.3087710016407 15.5839411439374 16.0436567110009 16.0077974624 16.3369853645563 16.9831690243445 16.1010315087624 16.3484603241086 16.4309365958907 16.5550095960498 16.8347117351368 16.8677022438496 17.4213690422475 17.2693258281797 17.6214636494406 18.0116122742184 18.6929379976355 19.1390270502307 17.9779045805335 9.05525266116352 -9999 -9999 -9999 -9999 -9999 -9999 -9999 -9999 -9999 -9999 -9999 -9999 -9999 -9999 -9999 -9999 -9999 -9999 -9999 -9999 -9999 -9999 -9999 -9999
18.5215307893232 16.7952665616758 18.9446699228138 17.2972960420884 17.7785271583125 18.1256446847692 17.8064973722212 16.8555100993253 16.325510405004 16.0006256126799 16.0235755317844 15.7037110342644 15.8428449188359 15.5201116814278 15.2547532417811 16.044373895973 17.0513015966862 16.5894344747066 16.6604357869364 15.7883388609625 15.8708151327446 16.0974455839023 16.0902737341821 15.8349558841437 16.0637378902175 16.2208013990894 16.5822626249865 16.7407605038024 16.8490554345772 17.400570678059 17.7519913143478 17.4765922850929 17.7907193028368 19.1053193565458 19.5220038252883 18.7276702412803 16.6951156646945 19.1699995715171 9.94242723691277 13.2399997040629 -9999 -9999 -9999 -9999 -9999 -9999 -9999 -9999 -9999 -9999 -9999 -9999 -9999 -9999 -9999 -9999 -9999 -9999 -9999 -9999 -9999 -9999
19.1985534029081 18.0876338812523 17.8129520369694 17.8208410716616 17.4909359845333 17.0369578972459 16.7931150067598 16.8863490531221 16.2380138384178 16.8218024056405 18.0015716846101 15.688650149852 15.5401928606443 16.801721226424 15.2705313111655 15.4914242825471 16.2580950176343 15.7087313290685 16.1139408382587 16.2251045089215 16.0106662022881 16.0271614566445 16.2308419886976 16.4130069715902 16.3398541044444 16.6905575557612 16.7837916021235 16.9580675503239 17.0885952152312 17.5095827938057 17.559068556875 17.720435175579 18.075441736728 17.3801805576238 17.1543410900431 17.5899075106718 13.5989721291295 17.0097048683092 13.4470746685979 -9999 -9999 -9999 -9999 -9999 -9999 -9999 -9999 -9999 -9999 -9999 -9999 -9999 -9999 -9999 -9999 -9999 -9999 -9999 -9999 -9999 -9999 -9999
17.639393273741 17.7864161930047 17.559785741847 17.079988995567 16.9896236890927 16.6503951973282 17.1825464465655 16.1971342950128 16.1010315087624 15.9073915663175 15.6126285428181 15.4720602883026 15.290612490382 16.0393536011688 15.2310861377046 15.4562822189182 15.845713658724 16.6310312030837 16.7665791627951 16.601626619231 15.8787041674368 16.8734397236258 16.8397320299409 16.5793938850984 16.8325601802208 17.0491500417702 16.8533585444093 17.1897182962857 17.6659291177057 17.6279183141887 17.8631549850106 18.1113009853289 17.5712607013993 18.2203131010756 18.4839981091209 18.4839981091209 -9999 12.3264663626152 -9999 -9999 -9999 -9999 -9999 -9999 -9999 -9999 -9999 -9999 -9999 -9999 -9999 -9999 -9999 -9999 -9999 -9999 -9999 -9999 -9999 -9999 -9999 -9999
17.3424786953256 17.2614367934875 17.2069307356142 17.1294747586362 16.9738456197083 15.9482711097226 16.40224919701 15.8363902540877 15.6664174157195 16.7565385731868 16.4524521450512 15.407513640821 15.2296517677605 15.2619250915013 15.2676625712775 15.7216406585649 15.7431562077254 15.9403820750304 16.2767418269068 16.3169041853398 16.4689473994076 17.2678914582357 17.599230915308 17.2133854003623 17.8093661121093 17.7670521987602 17.9233985226601 18.1127353552729 18.1371196443215 18.0202184938826 17.079988995567 16.0284892180117 -9999 -9999 -9999 13.6052278061397 -9999 -9999 -9999 -9999 -9999 -9999 -9999 -9999 -9999 -9999 -9999 -9999 -9999 -9999 -9999 -9999 -9999 -9999 -9999 -9999 -9999 -9999 -9999 -9999 -9999 -9999
17.6422620136291 17.4550767359324 17.4758751001209 16.7794884922914 16.6188390585594 15.8822900922969 16.4230475611985 16.2494887979701 16.7092043650337 15.888027572073 15.7230750285089 15.2977843401022 15.7187719186768 15.2855921955779 16.9114505271427 17.5224921233021 16.4546036999673 16.3126010755077 16.5585955209099 16.5349284168333 16.5048066480085 16.8304086253047 16.5686361105181 16.8110446310602 17.7082430310547 17.5927762505598 18.0431684129871 17.7505569444038 17.798608337529 17.916943857912 17.7326273201033 18.0108950892463 19.0450758188963 15.2566953532983 -9999 -9999 -9999 -9999 -9999 -9999 -9999 -9999 -9999 -9999 -9999 -9999 -9999 -9999 -9999 -9999 -9999 -9999 -9999 -9999 -9999 -9999 -9999 -9999 -9999 -9999 -9999 -9999
18.0281075285748 17.6164433546364 17.5963621754199 17.1029389146715 16.6934262956493 16.5205847173929 16.9049958623946 16.6224249834195 16.3455915842205 15.8779869824648 15.5473647103645 15.3594622476958 15.2820062707178 15.3845637217164 15.8320871442556 16.1827905955724 16.3355509946123 16.6195562435314 16.8935209028423 16.9810174694285 16.7307199141942 17.2356181344949 17.4765922850929 17.4471877012402 17.8559831352904 17.7835474531166 17.7534256842919 18.2052522166632 18.2468489450403 18.1686757830903 18.527746392414 17.8579753157683 18.6699880785309 19.0300149344839 18.3124166694312 4.99999988824129 -9999 -9999 -9999 -9999 -9999 -9999 -9999 -9999 -9999 -9999 -9999 -9999 -9999 -9999 -9999 -9999 -9999 -9999 -9999 -9999 -9999 -9999 -9999 -9999 -9999 -9999
-9999 -9999 -9999 -9999 7.15999983996153 16.124698612839 16.5944547695108 16.6367686828598 16.2028717747889 15.7080141440965 15.4419385194778 15.2576219816692 15.4297463749535 16.1368907573633 16.0572832254693 16.3563493588008 16.9716940647922 16.6927091106772 17.1459700129926 16.8318429952487 17.6157261696644 17.7046571061946 17.3955503832549 18.3780937949196 18.39602341922 18.0474715228193 17.7548600542359 -9999 -9999 -9999 -9999 -9999 -9999 -9999 -9999 -9999 -9999 -9999 -9999 -9999 -9999 -9999 -9999 -9999 -9999 -9999 -9999 -9999 -9999 -9999 -9999 -9999 -9999 -9999 -9999 -9999 -9999 -9999 -9999 -9999 -9999 -9999
-9999 -9999 -9999 -9999 -9999 13.7209553811699 16.7106387349777 16.2674184222706 15.8263496644795 15.3981902361847 15.5624255947769 15.7194891036488 16.2394482083619 16.1792046707124 16.1591234914958 16.4122897866182 16.8971068277024 16.6532639372163 16.6518295672722 17.6508682332933 17.4579454758205 17.799325522501 17.4443189613521 18.4397717025131 13.9901239643287 -9999 -9999 -9999 -9999 -9999 -9999 -9999 -9999 -9999 -9999 -9999 -9999 -9999 -9999 -9999 -9999 -9999 -9999 -9999 -9999 -9999 -9999 -9999 -9999 -9999 -9999 -9999 -9999 -9999 -9999 -9999 -9999 -9999 -9999 -9999 -9999 -9999
