EcologicalScience/Bass/data/rs_data_bass/sst_336.asc
NCOLS 226 
NROWS 124 
XLLCORNER -9.41648524995501 
YLLCORNER 47.587301625531 
CELLSIZE 0.0833 
NODATA_value -9999 
[rows 54 to 80 of 124, columns 124 to 185 of 226]
8.7039857073687 8.6960966726765 8.56341745285317 8.56772056268528 8.53688160888851 8.62079225061461 8.4608600018546 8.32172611728311 8.51178013486788 8.60214544134215 8.4450819324702 8.38340402487665 8.27797783399001 8.2736747241579 8.11015655053779 8.12593461992219 8.13525802455842 7.69849237659946 7.64255194878206 7.72933133039623 8.43217260297388 9.25908687571064 9.25048065604642 10.7429425828159 10.6253242474049 10.4022797211073 9.29207738442346 10.0250404258259 9.9985045818612 9.94471570895985 8.33678700169548 9.88518935628235 7.99504836252891 8.57525100489147 8.62688832287677 8.1460157991387 6.7001708955504 7.27535324310884 6.5208746525459 6.8156376760453 6.64351328276098 6.51585435774177 6.45059052528813 6.6800897163339 8.64553513214923 8.30523086292669 8.57489241240546 8.29232153343037 8.54405345860869 10.3960043526022 10.3285889652325 9.09987181192264 9.09987181192264 12.3360972796567 11.7975630841684 13.0886155646294 12.7390117969364 14.650524902856 8.11528718149146 14.4454100008588 16.1412162792258 17.4976343529127
8.74701680568978 8.72478407155722 8.60142825637013 8.54118471872061 8.56485182279721 8.60573136620224 8.52755820425227 8.47592088626698 8.41639453358948 8.56270026788116 8.30809960281476 8.25861383974552 7.88280891440809 7.83117159642279 7.8993041687645 7.73004851536825 7.61099581001326 7.69132052687928 8.97293007187545 9.29422893933952 7.48979154974222 10.7651753169484 10.0773949287832 9.77761161047965 8.03413494350389 7.50019073183648 9.82924892846495 8.02445294638164 7.86989958491176 8.11768699274398 4.17998290387914 4.77524643065408 7.44855341385119 5.78145694639534 8.79399242135696 6.39465009747073 6.75539413839579 6.74750510370359 6.91676075709984 6.92034668195993 6.5287636872381 6.52517776237801 8.91985838394612 6.3057191609405 6.35735647892579 8.93707082327455 8.9908596961759 9.36307869665325 10.8027558094822 11.4993336666375 12.0944059440866 10.03006072063 13.6324808350764 11.1450442904606 11.1155201757792 10.7327063973062 11.2737016494605 15.8017447031318 -9999 -9999 -9999 -9999
8.67171238362789 8.71689503686503 8.62868128530681 8.58565018698573 8.58923611184582 8.62079225061461 8.57991270720959 8.53042694414034 8.49241614062339 8.27439190912992 8.24211858538911 8.10728781064972 8.0068819145672 7.81467634206638 7.62964261928573 7.53138827811927 7.47329629538581 7.58517715102062 9.96479688817635 10.4202093454078 7.07525863591582 9.78263190528378 9.73027740232646 9.61481062183157 4.44247260363773 7.02003539307043 8.14565720665269 9.67003386467695 9.6599932750687 6.81492049107328 4.21512496750802 8.27690205653198 10.1003448478878 7.24702443671413 8.92387461978942 9.23972288146615 8.94352548802271 7.18355356669053 8.2177342963405 7.44532608147711 7.122592844069 7.04298531217501 7.04513686709106 7.4689931855537 7.81109041720629 7.77021087380126 9.54309212462977 9.7330157449469 9.23661507992074 13.3408734254539 10.2682458185591 11.9289274648763 11.7577593182214 10.8430224857293 18.1926865382993 -9999 -9999 -9999 -9999 -9999 -9999 -9999
8.76064332015812 8.69394511776045 8.69968259753659 8.61577195581049 8.60860010609031 8.53042694414034 8.59999388642609 8.64302498474717 8.73625903110951 8.98297066148371 9.01811272511259 8.02768027875572 8.01261939434335 7.88782920921221 7.68630023207515 7.55935849202797 7.51130709890276 8.31139865368605 8.24527419926599 9.87730032159016 7.95285398000851 8.38985868962482 6.66753897932358 6.12211980810389 7.03007598267868 4.79532760987058 6.9949339190498 8.12987913726829 9.21031829761341 7.90480258688331 7.94831180851907 8.40611488232389 8.67888423334807 8.70864740968682 6.35735647892579 6.21535385446623 7.13263343367726 8.73518325365148 7.98034607060254 7.89284950401634 7.34635455533862 6.8593859593384 6.79555649682879 9.07190159801394 8.25000762008131 9.87084565684199 10.3837524426635 9.29996641911566 12.3752555791289 14.0699636680074 14.0778527026996 12.4025086080655 13.7300179912709 12.0418840979692 14.6349996728823 -9999 -9999 -9999 -9999 -9999 -9999 -9999
9.21892451727763 8.71330911200494 8.69537948770449 9.12784202583134 8.65449994429946 8.79435101384297 8.65163120441139 8.58349863206968 9.02026428002864 8.14099550433457 8.57130648754537 8.34969633119181 8.71044037211686 8.30523086292669 7.74008910497651 7.55505538219586 8.38584245378152 9.62126528657973 9.93754385923967 8.31527145253494 9.393200465478 8.73625903110951 7.18498793663457 9.88518935628235 8.05314034526236 4.76161991618574 5.62009032769129 5.91341898124665 6.15009002201259 5.79866938572377 5.55267494032159 9.32004759833217 10.2652973914519 7.7133141993545 6.31504256557673 8.96324807475321 8.96611681464128 7.61529891984537 7.34276863047853 7.91364786820486 9.16499220738188 9.11278114141896 5.94999541481957 9.35626543941908 10.4998168773018 10.1298518867365 13.4608454315457 11.5246742023155 13.0752281118184 13.4711142163724 13.5808435170911 12.0453504920006 12.0353099023923 11.9727217215651 15.2549996590242 -9999 -9999 -9999 -9999 -9999 -9999 -9999
9.48900442465674 9.8119568019174 9.94615007890388 9.7794045729097 8.68964200792834 8.51464887475595 8.87395854573697 8.61003447603434 8.58493300201371 8.53616442391649 8.14673298411071 7.92655719770119 7.65474409330636 8.28873560857028 8.44938504230231 8.63513595005497 7.36213262472302 7.89284950401634 10.1046479577199 8.35471662599593 9.12353891599923 7.17136142216623 5.85460981354117 7.68529617311433 7.32699056109414 4.93733023433015 6.18021179083735 6.18738364055753 6.69156467588618 6.31934567540884 6.69371623080224 6.47927792416885 6.38174076797441 8.00329598970711 9.39965513022617 8.36762595549226 6.82065797084942 7.07310708099976 6.67004912672564 9.25966062368825 9.21978513924405 5.05996886454523 9.68566849706695 9.70646686125547 10.7633106360212 17.5574482500864 13.0664067366626 15.9002197165973 13.0443891580217 13.1548356437124 15.5990020283498 13.0343485684134 13.0931577361189 12.4003570531495 13.5449996972457 -9999 23.7447889405303 -9999 -9999 -9999 -9999 -9999
-9999 -9999 -9999 -9999 -9999 12.6599997170269 9.40646838746034 9.04034545924515 8.83379618730396 8.79721975373104 8.33822137163952 8.29877619817853 8.02768027875572 7.97532577579841 8.21629992639646 8.57776115229353 8.86965543590486 9.11708425125107 8.96575822215527 10.4553514090367 7.64255194878206 6.52517776237801 7.19108400889672 5.48023925814778 5.37337869731709 8.65234838938341 7.6841486771591 7.96600237116218 6.31217382568866 8.41352579370141 7.26818139338866 8.15892512863502 8.66669208882377 8.47233496140689 7.84121218603104 8.2657856894657 7.36715291952714 9.62987150624394 8.33248389186338 9.43881342969835 9.34773093825206 9.94471570895985 9.4567430539988 10.3137790955603 11.2429639453068 11.484262514134 -9999 12.3325830732938 8.4700614362575 15.1849996605888 13.0472578979097 13.5141453146935 12.1651203823276 12.2777184229344 5.37499987985939 5.37499987985939 9.83424379117787 -9999 -9999 -9999 -9999 -9999
-9999 -9999 -9999 -9999 -9999 -9999 -9999 13.8165284285205 9.78155612782575 8.6322672101669 8.59999388642609 8.12593461992219 8.04632708802819 8.06282234238461 7.89213231904432 9.26984465029091 10.1921445243061 8.09868159098551 8.98153629153967 8.15964231360704 6.76543472800404 6.96768089011312 5.4572893390432 5.94856104487553 5.58996855886653 8.42356638330966 7.98464918043464 8.14888453902677 6.76973783783615 7.87348550977185 8.44723348738626 8.41639453358948 8.47161777643487 9.39750357531011 7.4051637230441 9.46993925748393 7.4744916036725 5.86034729331732 9.7596819861792 8.77642138954252 9.10360117377713 10.0637684143148 10.0343638304621 8.79530726047233 9.33439129777253 17.1799996159971 -9999 -9999 -9999 -9999 -9999 -9999 -9999 -9999 -9999 -9999 -9999 -9999 -9999 -9999 -9999 -9999
-9999 -9999 -9999 -9999 -9999 -9999 -9999 -9999 9.11999979615211 14.0049434078084 8.51895198458806 8.35543381096795 8.21199681656435 8.38842431968078 8.58206426212564 8.45368815213442 8.29805901320651 7.87994017452002 7.19718008115888 8.00975065445527 7.18427075166255 7.04083375725895 7.0666524162516 8.28658405365422 8.50604265509173 7.9272743826732 8.4328897879459 8.91985838394612 8.76422924501821 8.34324166644365 8.8911709850654 8.3453932213597 9.0862452974543 7.88782920921221 7.5249336133711 8.46731466660276 8.39846490928903 9.67505415948108 9.85363321751356 8.81012908322737 9.18736837850884 10.1067995126359 6.78455966059119 10.34992521815 9.68122924364693 -9999 -9999 -9999 -9999 -9999 -9999 -9999 -9999 -9999 -9999 -9999 -9999 -9999 -9999 -9999 -9999 -9999
-9999 -9999 -9999 -9999 -9999 -9999 -9999 -9999 -9999 14.3999996781349 8.27941220393404 8.50245673023164 8.48237555101514 8.73554184613749 8.71474348194897 8.52325509442016 8.16179386852309 7.13406780362129 8.16035949857906 7.49050873471424 8.19478437723592 7.60525833023712 7.54142886772752 8.75275428546593 8.34037292655557 8.9786675516516 9.05325478874147 8.95356607763097 8.81730093294755 9.25191502599046 8.91053497930989 9.24259162135422 8.45583970705047 8.82662433758378 7.46182133583352 7.78455457324162 8.04345834814012 8.42571793822572 9.81490522902459 10.1003448478878 10.2753379810601 10.2652973914519 10.0903042582795 10.0121310963295 16.0574894546243 -9999 -9999 -9999 -9999 -9999 -9999 -9999 -9999 -9999 -9999 -9999 -9999 -9999 -9999 -9999 -9999 -9999
-9999 -9999 -9999 -9999 -9999 -9999 -9999 -9999 -9999 15.2499996591359 9.41227758573368 8.55624560313299 8.78431042423472 8.8194524878636 8.28658405365422 8.10800499562174 6.92680134670809 7.2301705898717 8.20697652176023 7.2258674800396 8.00975065445527 7.06808678619564 7.28754538763314 9.08337655756623 8.73625903110951 8.95643481751904 9.00376902567223 9.01237524533644 8.7118747420609 9.26052124565467 8.99301125109196 9.22824792191386 9.28131960984319 8.72119814669713 7.99827569490299 9.3853114307858 9.44125185860321 10.0501418998465 10.4797356980853 7.93731497228146 6.04179509123787 6.61554306885228 6.25001779478043 9.15608118410455 10.3794878090599 2.44068569415409 10.9984193301235 -9999 -9999 -9999 -9999 -9999 -9999 -9999 -9999 -9999 -9999 -9999 -9999 -9999 -9999 -9999
-9999 -9999 -9999 -9999 -9999 -9999 -9999 -9999 -9999 8.13737969848941 9.09485151711851 9.1342966905795 9.09915462695062 8.91196934925392 7.17638171697035 7.98608355037868 8.39918209426105 7.37073884438723 7.43887141672894 8.03843805333599 7.9946897700429 7.3255561911501 9.30785545380786 9.37527084117755 9.04608293902129 8.66597490385175 9.30785545380786 9.04751730896533 8.69824822759256 8.96862696204334 8.73841058602557 7.96528518619016 7.53497420297936 9.24330880632624 8.83505126100499 9.16298408946022 9.92750326963142 10.1397900213487 8.33857996412553 9.54022338474169 9.31956947501749 6.16515090642497 6.56031982600689 15.1709860370494 16.6499996278435 -9999 -9999 -9999 -9999 -9999 -9999 -9999 -9999 -9999 -9999 -9999 -9999 -9999 -9999 -9999 -9999 -9999
-9999 -9999 -9999 -9999 -9999 -9999 -9999 -9999 -9999 9.41782381618395 8.84025085205212 9.09915462695062 9.04464856907725 8.57345804246143 7.71427044598386 7.85627307044342 8.09294411120936 7.33272804087028 7.15630053775385 7.75012969458476 8.58349863206968 7.75730154430494 8.08362070657313 9.09198277723044 8.29734182823449 9.04608293902129 8.36188847571611 8.47592088626698 9.2060151877813 9.23326821671799 9.28777427459136 8.65736868418753 9.32506789313629 9.4649189626798 8.69251074781641 9.75896480120718 10.0666371542029 8.61146884597838 10.0171513911337 10.50985746691 10.3700063973665 7.12904750881717 6.86153751425445 6.69333005427884 -9999 -9999 -9999 -9999 -9999 -9999 -9999 -9999 -9999 -9999 -9999 -9999 -9999 -9999 -9999 -9999 -9999 -9999
-9999 -9999 -9999 -9999 -9999 -9999 -9999 -9999 14.9158949100022 8.79411195218563 8.78646197915077 8.28801842359826 8.45153659721836 8.24283577036113 7.4768822202459 8.09294411120936 7.39799187332392 7.68056275229901 7.28037353791296 7.92799156764522 8.82088685780764 8.01692250417545 8.53688160888851 8.94209111807868 8.15103609394282 8.98368784645572 8.41280860872939 9.21246985252947 8.66238897899166 8.10083314590156 9.22466199705377 9.1299935807474 9.33152255788445 9.41973630944267 9.4247566042468 9.57106233853847 9.74175236187875 9.6800744542852 11.0549180456437 10.6324960971251 10.5787072242238 10.7066052109003 13.6088413150372 -9999 -9999 -9999 -9999 -9999 -9999 -9999 -9999 -9999 -9999 -9999 -9999 -9999 -9999 -9999 -9999 -9999 -9999 -9999
-9999 -9999 -9999 -9999 -9999 -9999 -9999 -9999 11.2575017065632 8.71295051951893 8.47090059146285 7.5966521105729 7.49983213935047 7.79531234782189 6.75969724822789 7.10466321976855 7.0107119884342 8.37694936012849 8.64230779977515 6.52230902248994 8.40491957403719 8.22849207092077 8.94352548802271 8.98583940137178 9.39535202039406 9.22896510688588 8.51249731983989 9.12282173102722 9.05110323382542 8.71259192703292 8.08075196668506 9.00018310081214 7.86129336524755 9.33510848274454 9.36666462151334 7.09390544518828 8.62050537662581 9.85004729265347 9.65497298026457 10.1548509057611 9.29092988846824 10.1197088421322 16.2099996376783 -9999 -9999 -9999 -9999 -9999 -9999 -9999 -9999 -9999 -9999 -9999 -9999 -9999 -9999 -9999 -9999 -9999 -9999 -9999
-9999 -9999 -9999 -9999 -9999 -9999 -9999 5.61683541127982 9.48484076745808 8.5526596782729 8.29805901320651 7.96528518619016 8.38268683990464 7.57298500649631 7.82543411664665 7.78025146340951 7.98751792032272 7.57800530130044 7.52636798331514 7.73004851536825 8.57704396732152 9.23398540169001 8.23924984550104 8.79435101384297 9.22681355196983 8.98225347651169 8.78072449937463 8.50245673023164 7.26746420841664 8.84527114685625 9.01022369042039 7.5564897521399 9.18880274845287 9.12855921080336 8.74988554557785 8.88643756425008 11.3403576645069 11.1524552018382 8.41782890353352 9.17345499005169 9.56631098809885 11.0620134980607 -9999 -9999 -9999 -9999 -9999 -9999 -9999 -9999 -9999 -9999 -9999 -9999 -9999 -9999 -9999 -9999 -9999 -9999 -9999 -9999
-9999 -9999 -9999 3.8400372271426 -9999 7.66213276639018 9.81002837121487 8.89475690992549 9.18683048977982 8.61003447603434 8.50030517531559 8.56413463782519 7.63609728403389 7.85770744038746 8.19980467204005 7.84623248083517 8.08864100137725 8.92129275389016 7.77881709346548 8.44866785733029 9.21246985252947 8.85316018154845 8.89834283478558 8.65449994429946 8.58565018698573 9.16083253454417 8.96073792735115 8.93778800824657 8.91268653422594 8.69466230273247 7.77809990849346 7.18785667652264 8.47950681112707 8.53903316380456 8.93520614234731 8.88471632031724 11.1603442365304 11.4049043119885 9.58540603797883 15.2047706578374 13.2949997028336 -9999 -9999 -9999 -9999 -9999 -9999 -9999 -9999 -9999 -9999 -9999 -9999 -9999 -9999 -9999 -9999 -9999 -9999 -9999 -9999 -9999
-9999 -9999 3.88019958557561 -9999 12.4779325609561 9.95941800088622 9.2497634710744 9.35662403190508 8.7398449559696 8.72693562647328 8.86678669601679 9.05755789857358 9.04608293902129 8.1424298742786 8.48739584581926 8.08003478171304 7.85914181033149 7.8196966368705 8.11302529042587 8.5885189268738 8.48739584581926 8.96217229729518 9.15294349985197 9.00950650544837 8.57560959737748 8.48596147587523 9.09915462695062 9.08445233502425 8.94998015277088 8.01620531920344 6.95405437564477 6.66000853711739 9.05684071360156 9.10274055181071 8.3812524699606 6.92034668195993 9.33367411280051 17.4135674691373 16.4458267219764 -9999 -9999 -9999 -9999 -9999 -9999 -9999 -9999 -9999 -9999 -9999 -9999 -9999 -9999 -9999 -9999 -9999 -9999 -9999 -9999 -9999 -9999 -9999
16.7749996250495 16.7749996250495 -9999 16.5349996304139 9.8094864981249 9.84430981287733 9.69384440574795 9.06688130320981 8.88758506020531 8.88399913534522 9.14003417035565 9.22394481208175 8.68892482295632 8.20123904198408 8.26937161432579 8.94567704293877 8.51536605972797 8.15175327891484 8.8474227017723 8.5246894643642 9.38172550592571 8.80869471328333 8.46301155677065 9.33367411280051 8.96360666723922 8.87180699082091 9.15581223974004 8.75849176524207 8.62079225061461 8.95729543948546 7.24810021417215 7.14482557820156 7.50413524918258 7.39368876349181 10.03006072063 9.96838281303644 12.0718863359652 13.8485817068722 -9999 -9999 -9999 -9999 -9999 -9999 -9999 -9999 -9999 -9999 -9999 -9999 -9999 -9999 -9999 -9999 -9999 -9999 -9999 -9999 -9999 -9999 -9999 -9999
16.5151181741618 14.854903060291 10.6626178659499 10.6324960971251 9.90479241218418 10.2592730376869 10.1321878606454 9.05899226851761 9.12855921080336 9.16872156923637 9.44268622854725 9.58970914781094 8.64302498474717 8.2736747241579 8.44579911744222 8.98368784645572 8.83451337227598 9.27988523989916 8.92344430880621 8.61362040089443 9.16298408946022 9.09772025700659 8.66238897899166 8.28586686868221 8.47735525621101 9.06616411823779 8.59712514653802 8.47090059146285 8.64302498474717 9.36738180648535 9.45918148290366 8.10298470081761 8.0427411631681 7.15988646261394 9.86869410192594 13.0334969112591 15.9865380507295 12.9399997107685 6.16371001661755 13.2399997040629 -9999 -9999 -9999 -9999 -9999 -9999 -9999 -9999 -9999 -9999 -9999 -9999 -9999 -9999 -9999 -9999 -9999 -9999 -9999 -9999 -9999 -9999
8.60644855117425 10.8749046176672 10.7034974093549 10.2896816805005 10.4116031257436 10.0372325703502 9.97627184772864 9.76972257578745 9.76685383589938 9.53089998010546 9.48141421703622 9.45846429793164 9.20529800280929 8.44579911744222 8.98297066148371 8.49313332559541 8.68318734318018 8.72693562647328 8.79219945892692 9.56747641367838 8.83236181735992 9.15509505476803 9.45344400312752 9.22466199705377 9.20888392766938 9.37957395100966 9.31502730352804 8.89977720472962 9.05899226851761 9.61265906691551 8.54190190369263 9.03030486963689 8.46014281688258 13.1876305565238 12.5491951485371 16.9905028190584 13.314132037755 17.2075827219523 13.278274566171 -9999 -9999 -9999 -9999 -9999 -9999 -9999 -9999 -9999 -9999 -9999 -9999 -9999 -9999 -9999 -9999 -9999 -9999 -9999 -9999 -9999 -9999 -9999
10.5507370103151 10.6999114844948 10.7242957735434 10.1928617092781 9.8672597319819 9.59688099753112 9.58684040792286 9.72310555260628 9.75753043126315 9.44340341351926 9.31000700872391 9.28060242487118 8.64661090960726 8.90121157467365 9.30642108386382 8.72263251664117 9.38674580072984 8.5046082851477 9.05612352862954 9.12712484085932 9.21964170224965 9.53735464485362 9.58540603797883 8.96647540712729 9.43264563893899 9.29136019945145 9.17230749409646 8.9191411989741 9.34801781224087 9.5366374598816 8.81228063814342 8.516800429672 8.74988554557785 11.8919280760635 8.15533920377493 14.2808988018929 12.8549997126684 11.6661402279471 -9999 -9999 -9999 -9999 -9999 -9999 -9999 -9999 -9999 -9999 -9999 -9999 -9999 -9999 -9999 -9999 -9999 -9999 -9999 -9999 -9999 -9999 -9999 -9999
10.5901821837761 10.2774895359762 10.2896816805005 9.90844664037494 9.81111439417249 9.26410717051476 9.313592933584 9.30857263877988 9.45200963318348 9.28849145956337 9.22394481208175 9.33152255788445 9.22251044213772 8.77211827971041 8.80654315836728 9.0503860488534 8.96647540712729 9.36236151168123 9.41758475452662 9.66716512478888 9.49719228642061 9.26912746531889 9.62987150624394 9.60907314205542 9.74533828673884 9.85937069728971 9.80127871455625 10.0508590848185 9.89809868577868 8.77498701959848 11.4837946589105 16.3029703058835 17.8049996020272 -9999 -9999 13.6052278061397 -9999 -9999 -9999 -9999 -9999 -9999 -9999 -9999 -9999 -9999 -9999 -9999 -9999 -9999 -9999 -9999 -9999 -9999 -9999 -9999 -9999 -9999 -9999 -9999 -9999 -9999
10.4367045997642 11.1244849879295 10.4520045458339 9.39535202039406 10.6051534200669 9.41184727475047 9.42332223430276 9.78478346019983 9.64851831551641 9.79625841975212 9.77904598042369 8.96575822215527 8.89834283478558 9.16011534957215 9.62485121143982 9.70302437338978 9.81275367410854 9.83857233310118 9.99276710208505 9.97770621767268 9.9389782291837 9.74246954685077 9.34730062726885 9.95905940840021 9.97842340264469 9.69011504389346 9.58325448306277 10.0903042582795 11.0348368664272 11.0800195196643 11.4450666704215 12.0893194475928 13.9853358413093 15.2787789383437 -9999 -9999 -9999 -9999 -9999 -9999 -9999 -9999 -9999 -9999 -9999 -9999 -9999 -9999 -9999 -9999 -9999 -9999 -9999 -9999 -9999 -9999 -9999 -9999 -9999 -9999 -9999 -9999
12.1701406771317 11.0929288491607 11.9951475439593 10.9251075657085 8.46603967109695 12.7131422409457 12.824489211986 9.3372600376606 9.73099458729848 9.83355203829706 9.30857263877988 9.34730062726885 9.38387706084177 9.16728719929233 8.8990600197576 9.93682667426765 9.94615007890388 10.1197088421322 9.75251013645902 9.6599932750687 10.0616168593988 10.0106967263855 10.0530106397346 10.707800519187 10.5041199871339 10.2889644955285 10.9609668143094 11.1911831903271 11.2514267279766 11.3353373697028 11.1372150211828 14.0697765762756 14.1420875306282 14.2272142686112 17.1809686396271 4.99999988824129 -9999 -9999 -9999 -9999 -9999 -9999 -9999 -9999 -9999 -9999 -9999 -9999 -9999 -9999 -9999 -9999 -9999 -9999 -9999 -9999 -9999 -9999 -9999 -9999 -9999 -9999
-9999 -9999 -9999 -9999 7.15999983996153 11.9557979951613 10.4998168773018 9.71951962774619 9.88447217131034 9.39750357531011 8.95715200249106 9.64923550048843 9.75251013645902 9.10776084661484 8.89977720472962 10.0652027842589 10.1225775820203 10.2803582758643 10.4116031257436 9.27988523989916 9.89236120600253 10.4194921604358 10.1993163740262 11.3604388437234 11.2707907222211 11.2600329476409 14.0130877815308 -9999 -9999 -9999 -9999 -9999 -9999 -9999 -9999 -9999 -9999 -9999 -9999 -9999 -9999 -9999 -9999 -9999 -9999 -9999 -9999 -9999 -9999 -9999 -9999 -9999 -9999 -9999 -9999 -9999 -9999 -9999 -9999 -9999 -9999 -9999
-9999 -9999 -9999 -9999 -9999 14.9277546411184 9.27414776012301 9.45918148290366 9.4290597140789 9.03389079449698 8.92918178858235 9.10058899689466 9.45200963318348 9.78908657003194 9.78621783014387 9.84215825796127 9.62915432127193 9.87873469153419 9.82638018857688 10.9301278605126 10.350642403122 10.8885311321355 11.2865687916055 10.8964201668277 14.2540057004533 -9999 -9999 -9999 -9999 -9999 -9999 -9999 -9999 -9999 -9999 -9999 -9999 -9999 -9999 -9999 -9999 -9999 -9999 -9999 -9999 -9999 -9999 -9999 -9999 -9999 -9999 -9999 -9999 -9999 -9999 -9999 -9999 -9999 -9999 -9999 -9999 -9999
