EcologicalScience/Bass/data/rs_data_bass/sst_281.asc
NCOLS 226 
NROWS 124 
XLLCORNER -9.41648524995501 
YLLCORNER 47.587301625531 
CELLSIZE 0.0833 
NODATA_value -9999 
[rows 81 to 107 of 124, columns 62 to 123 of 226]
15.5997192133218 -9999 -9999 -9999 -9999 -9999 -9999 -9999 -9999 -9999 -9999 -9999 -9999 -9999 -9999 -9999 -9999 -9999 -9999 -9999 -9999 -9999 -9999 -9999 -9999 -9999 -9999 -9999 -9999 -9999 -9999 -9999 -9999 -9999 -9999 -9999 -9999 -9999 -9999 -9999 -9999 -9999 -9999 -9999 -9999 -9999 -9999 -9999 -9999 -9999 -9999 -9999 -9999 -9999 -9999 -9999 -9999 -9999 -9999 -9999 -9999 -9999
14.9270471170127 -9999 -9999 -9999 -9999 -9999 -9999 -9999 -9999 -9999 -9999 -9999 -9999 -9999 -9999 -9999 -9999 -9999 -9999 -9999 -9999 -9999 -9999 -9999 -9999 -9999 -9999 -9999 -9999 -9999 -9999 -9999 -9999 -9999 -9999 -9999 -9999 -9999 -9999 -9999 -9999 -9999 -9999 -9999 -9999 -9999 -9999 -9999 -9999 -9999 -9999 -9999 -9999 -9999 -9999 -9999 -9999 -9999 -9999 -9999 -9999 -9999
-9999 -9999 -9999 -9999 -9999 -9999 -9999 -9999 -9999 -9999 -9999 -9999 -9999 -9999 -9999 -9999 -9999 -9999 -9999 -9999 -9999 -9999 -9999 -9999 -9999 -9999 -9999 -9999 -9999 -9999 -9999 -9999 -9999 -9999 -9999 -9999 -9999 -9999 -9999 -9999 -9999 -9999 -9999 -9999 -9999 -9999 -9999 -9999 -9999 -9999 -9999 -9999 -9999 -9999 -9999 -9999 -9999 -9999 -9999 -9999 15.4287361061212 -9999
-9999 -9999 -9999 -9999 -9999 -9999 -9999 -9999 -9999 -9999 -9999 -9999 -9999 -9999 -9999 -9999 -9999 -9999 -9999 -9999 -9999 -9999 -9999 -9999 -9999 -9999 -9999 -9999 -9999 -9999 -9999 -9999 -9999 11.3199997469783 11.209999749437 11.1449997508898 -9999 -9999 -9999 -9999 -9999 -9999 -9999 -9999 -9999 -9999 -9999 -9999 -9999 -9999 -9999 -9999 -9999 -9999 -9999 -9999 17.2699996139854 13.3277644471681 5.228311737068 5.47414318588562 5.64268165430985 5.35652485047467
-9999 -9999 -9999 -9999 -9999 -9999 -9999 -9999 -9999 -9999 -9999 -9999 -9999 -9999 -9999 -9999 -9999 -9999 -9999 -9999 -9999 -9999 -9999 -9999 -9999 -9999 -9999 -9999 -9999 -9999 -9999 -9999 -9999 16.5576707297617 14.4616747314742 5.29509229563471 13.1951414391398 4.97067933552898 7.37652755166138 16.1654162112503 18.3343373617972 -9999 6.88815773292171 7.32751215016469 5.16568192942068 7.07016662261449 6.40971098188311 6.41473127668723 6.08339181961492 7.71498763095587 7.43256018897519 8.09133044502232 15.7870479280129 -9999 14.6930242950771 4.21153904264793 4.38904232322238 5.39274269156158 5.81552323256619 5.83381144935265 6.5847041150555 6.68582719611004
-9999 -9999 -9999 -9999 -9999 -9999 -9999 -9999 -9999 -9999 -9999 -9999 14.0748046665685 15.6041247781499 8.26686146692373 6.61511275786907 8.49055145969614 8.14071966396072 14.7487344199617 -9999 -9999 -9999 -9999 -9999 -9999 11.894999734126 10.6275106449423 16.3958969872578 5.33508101981133 5.2300851399079 4.99829095695168 7.792612357339 16.2216082321829 5.23146572097903 13.8849996896461 12.8122573190351 14.1536135151982 12.8792644900642 5.19336526934057 5.1266670669429 5.04275642521679 7.564052793663 5.92955564311706 6.03283027908765 6.05721456813626 6.24475843831897 6.30500197596848 6.36237677372992 6.20531326485798 7.08960233535618 6.50151065830141 6.3853266928345 6.82089703250676 5.38790169300046 5.65308083640411 5.568657919698 5.58617772401444 6.40720083448105 6.46672718715854 6.34516433440149 6.86261329171248 6.65355387236923
-9999 -9999 -9999 -9999 -9999 -9999 -9999 -9999 -9999 15.3973970581031 8.48610491286963 7.24021117947996 6.94616534095258 6.87516402872279 7.002822953742 7.5923490007408 7.17494734702632 7.1900082314387 7.04800560697913 7.75115424454478 13.7866014125115 14.3637385699898 8.08405101755634 7.36442761663348 5.52494378807023 13.9768038131939 -9999 5.61406597392634 5.48167362809181 5.78880809235852 5.53779335215222 5.77159565303009 5.7997451631818 5.94110232116654 13.549048316665 16.1199996396899 14.2410767788851 5.51591921050567 5.24500258732587 5.31277656718157 5.32747885910794 5.74631488276646 6.27631457708776 6.24404125334695 6.31217382568866 6.49720754846931 6.66072572208941 6.55529953120276 6.95010985829867 6.40469068707898 6.55888545606285 6.62988676829264 6.46493422472849 6.92464979179204 7.34384440793656 6.67650379147381 6.70124667300843 6.76543472800404 6.84109774255194 7.1064561821986 6.87767417612486 6.92070527444594
-9999 -9999 -9999 -9999 -9999 -9999 -9999 -9999 13.5645892123172 7.34061707556248 7.2179784453474 7.24379710434005 7.24021117947996 7.22013000026345 7.25240332400426 7.11972410418093 6.79699086677283 6.78695027716458 6.78264716733247 6.81061738124117 6.19957578508183 6.55630359016359 6.66502883192152 6.02649514516816 6.61984617868438 5.90194402169436 5.96631137293298 6.2899410915561 6.24977873312309 5.83847315167077 6.20387889491394 6.15188298444264 5.93314156797715 6.05972471553832 5.9750968888402 5.92489394079894 6.02027954207733 5.47808770323172 5.84349344647489 6.41473127668723 6.11566514335573 5.76137576717883 6.42764060618356 6.62020477117039 6.29496138636023 6.89775535534136 6.94831689586863 7.20650348579511 7.2896969425492 7.4291894196067 6.9949339190498 6.71523177996278 7.23232214478776 7.24021117947996 7.13980528339744 7.31157108419575 7.32304604374804 7.15307320537977 7.20793785573915 3.41976683354005 6.90241705765948 6.83392589283176
-9999 -9999 -9999 -9999 -9999 -9999 -9999 -9999 8.75098241671153 7.55935849202797 7.5127414688468 7.45249793119729 7.35998106980696 7.29830316221341 7.24738302920014 7.50987272895873 6.59617907460779 6.69730215566233 6.73172703431919 6.86426281714812 6.75826287828386 6.8278298205696 6.88520461833104 6.76973783783615 6.72222433343995 6.50007628835738 6.58398693008348 7.20363474590704 6.95477156061679 6.95477156061679 6.81994078587741 6.34695729683153 6.1622821665369 6.56031982600689 5.9154270991683 5.9951780680567 5.47342600091361 5.43469801242463 6.35233618412167 6.56964323064312 6.47497481433675 6.34229559451342 6.56820886069909 7.00820184103213 7.28324227780104 7.002822953742 7.16992705222219 7.22515029506758 7.29256568243727 7.46469007572159 7.51489302376285 7.41879023751244 7.37289039930329 7.60740988515317 7.50413524918258 7.42452771728858 7.33918270561844 7.13335061864927 7.18391215917654 7.01931820809841 3.45490889716893 3.61484114592895
12.0648311693637 9.40499978978187 -9999 -9999 -9999 -9999 -9999 -9999 15.4639118462801 7.65474409330636 7.68630023207515 7.53999449778348 7.41400900436565 7.90504164854065 7.98823510529473 8.08864100137725 7.92584001272917 6.82539139166474 7.38508254382759 7.17494734702632 7.2100894106552 7.14482557820156 6.82496108068153 7.08128298968077 7.37575913919136 7.81467634206638 7.68522445461713 7.45464948611334 7.22515029506758 7.10573899722658 6.8873561732471 6.48609118140303 6.74033325398341 6.69515060074627 6.73674732912332 6.01325112935156 6.24863123716787 5.57311471202411 6.30600603492931 5.88006988004781 6.44198430562392 6.94222082360648 7.65976438811049 7.51632739370689 7.36284980969504 7.38006224902347 7.37575913919136 7.4173558675684 7.31838434142992 8.05098879034631 8.09330270369537 8.03807946084999 7.86487929010764 7.5966521105729 7.50449384166859 7.43743704678491 7.22407451760955 7.17351297708228 7.03688923991285 4.69994200859219 6.80236975406297 6.86942654894665
7.94998524012044 8.3162276991643 8.18474378762767 7.79029205301777 14.9108118202005 -9999 16.1899624452926 8.11661121528596 7.89213231904432 7.80965604726225 7.63609728403389 7.42691833386198 7.49361653625965 7.88496046932414 7.86989958491176 7.78598894318566 7.83045441145077 7.96743674110621 7.89500105893239 7.86416210513562 8.09796440601349 7.89786979882047 7.94376963702962 8.05995360249653 8.0348521284759 7.52421642839909 7.96241644630209 7.51489302376285 7.87312691728584 7.86989958491176 7.70996733615175 7.75837732176296 7.65725424070843 7.88782920921221 7.80678730737418 7.72861414542422 7.72502822056413 7.94348276304081 7.9777163923718 7.98273668717593 7.99492883170024 8.18581956508569 8.1621524610091 8.10083314590156 8.07286293199286 6.26483961753547 7.5048524341546 7.62964261928573 7.59521774062887 8.11625262279995 7.97676014574245 8.04130679322407 7.61063721752726 7.53927731281146 7.47867518267594 7.40623950050212 7.18857386149466 6.44772178540006 7.21546829794534 6.95692311553285 6.82029937836342 6.27631457708776
8.70470289234072 8.40778831392527 8.34252448147163 8.955000447575 8.27008879929781 8.13310646964237 8.05995360249653 7.9071932034567 7.97245703591034 7.49600715283304 7.53640857292339 7.45034637628123 7.46421195240691 7.8196966368705 7.77523116860539 7.83475752128288 7.91293068323284 8.08218633662909 8.04704427300021 8.04489271808416 8.10441907076165 8.23351236572489 8.18689534254372 7.9469969694037 8.11338388291188 8.01190220937133 8.18474378762767 8.24642169522122 8.2098452616483 8.1262932124082 8.12557602743618 8.12987913726829 8.08290352160111 8.13740957947448 8.15498061128892 8.13669239450246 8.12952054478228 8.13991972687654 8.1940671922639 8.21988585125655 8.27726064901799 5.29520553536713 8.20482496684417 8.19944607955404 8.16717275581323 8.06676685973071 8.06174656492658 8.05744345509447 7.99397258507088 8.04919582791626 7.91651660809293 7.8354747062549 7.67697682743892 7.59557633311488 7.5564897521399 7.38077943399549 6.81922360090539 6.46517328638583 6.95477156061679 6.23830377357081 6.75288399099372 6.33010344998911
8.49958799034357 8.51321450481191 9.19740896811709 9.16083253454417 9.17589341895655 9.05755789857358 9.0625781933777 8.55481123318896 8.39487898442894 7.55290382727981 7.58135216450319 7.58111310284585 7.59258806239814 7.77523116860539 7.66645811451599 7.92488376609981 8.1503189089708 8.14816735405475 8.13095491472632 8.11876277020201 8.18761252751574 8.46458936370909 8.10370188578963 8.25335448328406 8.25825524725951 8.32495344965719 8.36009551328607 8.36296425317414 8.2578966547735 8.25215917499736 8.27833642647602 8.29805901320651 8.24929043510929 8.22167881368659 8.25933102471754 8.25036621256731 8.21916866628453 8.22562333103269 8.24068421544507 8.30881678778678 8.28909420105629 8.20374918938614 5.85532699851319 8.24283577036113 6.44987334031612 8.14278846676461 8.0147709492594 7.93444623239338 7.8315301889088 7.8831675068941 7.85699025541544 7.74833673215471 7.73363444022834 7.5686818966642 7.4571596335154 7.41628009011038 6.89620145456865 6.65953041380271 6.69515060074627 6.60263373935595 6.64996794750914 5.53307188441977
9.06186100840569 8.77355264965445 8.75992613518611 9.06042663846165 9.3494521821849 9.35088655212894 9.29996641911566 9.0424970141612 8.9865565863438 8.85746329138055 8.83021026244387 8.2059724627994 7.16538488073274 7.66191594302654 8.32100893231109 8.45010222727433 8.29734182823449 8.20410778187215 8.17470319801942 8.10513625573367 8.49313332559541 8.13884394941851 8.14494002168067 7.97658084949944 8.20805229921825 8.32997374446131 8.40563675900921 8.34682759130374 8.33929714909755 8.34216588898562 8.36045410577208 8.38555557979271 8.27690205653198 8.30021056812257 8.29949338315055 8.20697652176023 8.15282905637287 8.19621874717996 7.97867263900116 8.80510878842324 8.2898113860283 8.14852594654076 8.23745688307099 8.18653675005771 7.96385081624612 7.93408763990737 7.82579270913266 7.81503493455239 7.74116488243453 6.09773551905528 6.07406841497868 7.73650318011642 7.640400393866 7.3255561911501 7.31802574894391 7.25025176908821 6.79029714036733 6.43887650407851 6.74714651121758 6.40486998332199 6.70933492574841 5.55410931026563
8.79363382887095 9.22896510688588 9.56389048881829 9.11995299113914 9.50579850608483 9.43910030368716 9.35877558682114 9.19525741320103 9.12927639577538 8.99229406611994 8.84957425668836 8.02825402673334 8.51536605972797 7.34898423356935 8.60860010609031 8.65449994429946 8.65019683446735 7.05603807866573 8.13908301107585 8.40635394398123 7.48692280985415 8.6921521553304 8.79004790401086 8.8391750745941 7.87491987971589 8.57178461086005 8.46372874174267 8.38842431968078 7.18319497420453 8.3253120421432 8.30379649298266 7.99773780617397 8.1739860130474 8.16286964598112 8.09975736844353 7.89284950401634 7.91615801560692 7.67590104998089 7.60489973775111 7.64685505861416 7.58015685621649 7.95273444917984 7.90289009362459 7.71247748355381 7.72861414542422 7.64900661353022 7.75730154430494 7.7038712638896 7.70566422631964 6.49720754846931 6.88807335821912 7.10466321976855 7.33093507844023 7.46755881560966 7.89978229207918 7.29471723735332 6.37779625062831 5.70773033127189 5.60660725021735 5.34124881057069 5.27135913504753 5.52273246773984
8.90006407871842 9.59257788769901 9.59472944261506 9.62771995132789 9.59831536747515 9.53018279513344 9.41471601463854 9.2655415404588 9.07979063270614 9.31933041336015 9.26841028034687 7.69885096908547 7.77343820617534 8.9548570105806 7.49179966766387 8.65019683446735 8.87646869313903 8.62485629878938 8.03867711499333 8.27845595730469 8.28514968371019 8.39655241603032 8.58278144709766 8.80869471328333 9.1567684863694 9.09437339380383 8.69705291930586 6.22073274175636 8.67505924683064 8.6188797573559 8.57656584400684 8.15713216620497 8.03951383079402 7.95416881912388 7.80140842008404 7.37432476924732 7.18678089906462 7.08565781801008 7.00354013871402 6.92088457068894 7.46253852080554 7.26853998587467 7.48799858731218 7.44281593407504 7.31408123159781 7.44389171153307 7.25168613903224 7.47365488787182 7.70494704134762 7.21248002722859 6.95262000570074 6.65678120474331 7.12522252229974 6.65914791515097 6.22109133424237 6.09594255662523 5.68894008500502 5.52004302409478 5.72713018476497 7.01056855143979 7.02198203799448 9.46710826417333
7.31312498496845 6.6403576688841 9.36020995676517 9.61122469697148 9.65784172015265 9.62485121143982 8.80525222541764 9.33510848274454 8.12521743495017 9.00305184070021 8.50484734680504 7.8754577684449 8.02893535245676 8.13902324566152 8.00132373103406 7.66865748176351 9.04321419913322 8.97902614413761 8.64732809457928 8.41567734861746 8.02505060052499 7.82041382184252 8.77092297142372 8.62844222364947 8.73052155133337 8.93850519321859 7.76576432697475 8.53196376908038 8.26889349101111 7.63394572911784 8.01313166932336 7.94502471073065 7.8831675068941 7.74582658475265 8.05216702280034 7.82166889554355 7.01860102312639 6.90994749986567 6.8633304766845 6.63741721049882 6.65570542728528 6.82316811825149 7.18821526900865 7.33368428749964 7.24896083613858 7.17910701986402 7.13568146980833 6.62371897753328 6.86117892176844 2.96507156128064 6.47138888947666 6.27559739211574 6.21087144839112 6.3457380823791 6.11423077341169 5.82879115454853 17.532959147218 18.3049995908514 -9999 -9999 -9999 -9999
7.33115023393184 9.51153598586097 9.49504073150456 9.61983091663569 9.71019622310996 9.1500747599639 9.23513289764523 8.77211827971041 9.19568772418424 9.04058452090248 9.03389079449698 8.77297890167683 9.11392863737419 9.04866480492055 8.98512221639976 8.28687092764303 9.13573106052354 9.51464378740638 8.70864740968682 7.76949368882924 7.82184819178656 8.70159509079531 8.57058930257335 8.96121605066583 8.4649582016947 8.79478132482618 6.99684641230851 7.58241086612855 7.88096472448004 8.11620139530195 8.16056440857106 8.1421225092906 6.22869349494576 6.87623980618082 8.51844573637251 7.83863032013178 6.35879084886983 6.22862177644856 6.18917660298757 6.48644977388903 6.68797875102609 6.75162891729269 6.88502532208804 6.78426083351951 6.53647342568729 7.18869339232333 6.88118838248774 6.78479872224852 5.90481276158243 6.4173131425865 6.51398967681453 6.3017029250972 6.09701833408326 5.9817906152457 15.0865207722783 -9999 -9999 -9999 -9999 -9999 -9999 -9999
8.08075196668506 7.08070924170315 6.75754569331184 8.67601549346 8.89834283478558 8.90049438970163 9.29853204917163 9.29379862835631 9.35762809086591 9.04417044576257 8.95667387917638 8.45469221109524 9.03771578101441 8.63155002519488 8.58959470433183 8.6639667859301 9.40061137685552 8.8076189358253 8.84885707171634 8.71689503686503 9.07118441304192 7.26244391361251 8.97125664027408 8.84240240696818 8.73267310624942 8.65306557435542 8.2099886986427 7.97346109487116 9.1578613396601 15.6549996500835 13.2599997036159 14.4681925768033 15.466017623432 14.5399996750057 -9999 16.4749996317551 7.78150653711054 6.3815614717314 6.42692342121154 6.47945722041186 6.39895320730284 6.70537048659753 6.58781191660091 6.63992735790089 6.51101335918065 6.59342986554839 6.48178807157092 6.13574632257223 4.89752646838315 6.30751212337054 6.74714651121758 5.30811486486346 6.59507069783285 -9999 -9999 -9999 -9999 -9999 -9999 -9999 -9999 -9999
7.80219732355326 9.8270973735489 9.76255072606727 9.7305164639838 9.32721944805235 9.25205846298486 9.20278785540722 9.24904628610238 9.16312752645463 9.10847803158686 8.81658374797553 8.77140109473839 8.69000060041435 8.56485182279721 8.72836999641731 8.67601549346 8.78215886931866 8.71115755708888 8.78144168434665 9.16657001432031 9.12186548439786 8.54883469175547 9.0570797752589 9.08724935641512 8.47981417611507 8.57745378730553 8.13322600047104 8.01749625215307 8.76602220744826 -9999 -9999 -9999 -9999 -9999 16.3799996338785 10.345933927871 7.17548523575533 7.42051148144528 6.46403774351347 6.06259345542639 6.31701482424978 6.35143970290665 6.61841180874035 6.33541061878204 6.29309670543298 6.28004393894225 6.90492720506154 6.07657856238075 5.89011046965607 6.43938451010035 4.99685658700764 7.92710887844889 6.87482102721444 -9999 -9999 -9999 -9999 -9999 -9999 -9999 -9999 -9999
9.9705343679525 9.88279873970896 9.7979318513535 9.69656970864162 9.16513564437628 9.664009510912 9.35985136427917 9.17876215884462 9.18406932763755 8.32789390804246 8.8312143214047 8.89308347832412 8.5286339817103 8.61397899338044 8.85220393491909 8.93707082327455 8.85005238000304 7.74496596278623 7.58704183194786 13.8410754123082 13.415173788555 8.94687235122547 9.33812065962702 9.0783562627621 8.73733480856754 8.89949033074081 8.64840387203731 8.59210485173389 8.57525100489147 15.8449996458367 -9999 -9999 -9999 -9999 -9999 18.4799995869398 7.31838434142992 7.4622994591482 6.92269383277744 7.21510970545933 6.53982882680638 6.50540394814951 6.33819739467331 6.32694783611223 6.67255927412771 6.6524268674132 6.18451490066946 6.56718431073906 6.00127414031886 5.05112358322367 5.63429059013724 6.51092371105915 9.96932647747331 14.2661976837553 8.99233120196732 21.6310454446193 -9999 -9999 -9999 -9999 -9999 -9999
9.48822747427039 9.38555049244314 9.7397442439571 9.49551885481924 9.51392660243437 9.24904628610238 9.51691487315111 9.7529882597737 9.71186965471134 9.64971362380311 7.62347482852638 9.28920864453539 9.21605577738956 8.32703328607604 9.09222183888778 9.10871709324419 8.93300677509978 8.65736868418753 9.10680459998548 9.20577612612396 9.1646575210616 9.24928534775972 8.96384572889656 8.9231574348174 8.5526596782729 5.78862879611552 8.14422283670865 8.48596147587523 9.23541977163404 8.79324765234756 15.7198001180567 24.7149994475767 -9999 -9999 -9999 -9999 14.8863180102941 7.39321064017713 7.2341663347158 7.74920157285626 7.09892573999241 7.55660008828944 6.03046356867999 5.21129489364102 6.04708433040651 6.14955213328358 6.47138888947666 6.78614344407106 6.56955358252162 5.32867416739464 6.15017967013409 5.69252600986511 11.6519112538218 9.86999977938831 -9999 -9999 -9999 -9999 -9999 -9999 -9999 -9999
9.53592027490959 9.61767936171964 9.46659239428118 9.50053914962336 9.4369487487711 9.59358194665983 9.44519637594931 9.83283485332504 9.69346190709621 9.59735912084579 8.83264869134873 8.56377604533918 8.62696004137397 8.89762564981356 8.59784233151004 8.78574479417875 8.69490136438981 8.7757042045705 9.20458081783727 9.11780143622309 8.662628040649 9.12975451909006 8.74940742226318 8.4053498850204 8.04812005045824 6.00034179985523 6.8196539118886 6.80416271649301 8.05722829960287 5.752195799537 15.5838619058454 -9999 -9999 -9999 -9999 -9999 -9999 -9999 -9999 -9999 -9999 -9999 -9999 -9999 -9999 -9999 9.01532367244363 6.25955037836684 6.90636157500558 7.37283523122852 9.28203679481521 21.2299995254725 -9999 -9999 -9999 -9999 -9999 -9999 -9999 -9999 -9999 -9999
9.81791740590706 9.51129692420363 9.27534306840971 9.38507236912847 9.76484571797773 9.58798790387809 9.51856439858675 9.72334461426362 9.7159337028861 9.31158481566235 9.22466199705377 8.5763267823495 8.61548508182168 8.82160404277965 8.76523330397904 8.92200993886217 8.69777010427788 8.29289528140798 8.99277218943462 9.00400808732957 8.50843327166513 8.82327747438103 8.31831948866602 8.02167857293726 11.3773283513094 15.5549996523187 11.9117389317136 6.91174046229571 7.91235693525523 7.8393475051038 8.60121731961365 14.9095080979695 20.2972155814059 -9999 -9999 -9999 -9999 -9999 -9999 -9999 -9999 -9999 -9999 -9999 -9999 -9999 -9999 -9999 -9999 -9999 -9999 -9999 -9999 -9999 -9999 -9999 -9999 -9999 -9999 -9999 -9999 -9999
9.35002593016252 9.52702718125656 9.19640490915626 8.9868434603326 9.63489180104807 9.75800855457783 9.37785270707682 9.68868067394942 9.06951098144054 8.93228959012777 8.65258745104074 8.30630664038472 8.38376261736266 8.59956357544288 8.71689503686503 8.6002807604149 9.04273607581854 8.34276354312897 8.83331806398928 8.75490584038198 8.71952471509576 8.98942532623187 8.98454846842214 6.8796105755493 6.72283394066617 6.55630359016359 6.85723440442234 6.71781364586204 6.91317483223975 5.97968687266111 8.15666323756942 14.2622489277273 -9999 -9999 -9999 -9999 -9999 -9999 -9999 -9999 -9999 -9999 -9999 -9999 -9999 -9999 -9999 -9999 -9999 -9999 -9999 -9999 -9999 -9999 -9999 -9999 -9999 -9999 -9999 -9999 -9999 -9999
9.671826827107 9.57751700328663 9.64529098314233 9.65066987043247 9.84287544293329 9.52611874695867 9.52827030187473 9.18665119353682 9.08576717413962 9.04656106233597 8.49456769553944 8.67936235666275 8.30140587640926 8.42356638330966 8.31574957584962 8.49839268205687 8.77307452633977 8.67123426031321 8.26757865189575 8.73219498293474 8.36284472234547 6.6842493891716 8.96918477257714 7.39971311725676 6.66187321804464 6.72039551176131 6.32633822888602 5.51982786860317 5.75449079144746 5.99589525302872 5.4531296662055 11.518972581788 19.362372946809 -9999 -9999 -9999 -9999 -9999 -9999 -9999 -9999 -9999 -9999 -9999 -9999 -9999 -9999 -9999 -9999 -9999 -9999 -9999 -9999 -9999 -9999 -9999 -9999 -9999 -9999 -9999 -9999 -9999
9.47997984709218 9.23374634003267 9.87156284181401 9.06831567315385 9.04417044576257 9.05492822034284 9.01572210853919 8.63752656662837 9.22585730534047 8.45583970705047 8.14936266234145 8.30021056812257 8.21056244662032 8.28491062205285 8.131433038041 7.87754955794662 8.05899735586718 8.11852370854467 8.61481570918113 8.65856399247423 8.70016072085127 8.7757042045705 8.62055318895727 8.53805518429726 7.00246436125599 6.65312356138602 8.20876948419027 8.08864100137725 5.57616274815518 6.29955137018114 9.16692860680632 16.1519516417757 14.1740282389545 -9999 -9999 -9999 -9999 -9999 -9999 -9999 -9999 -9999 -9999 -9999 -9999 -9999 -9999 -9999 -9999 -9999 -9999 -9999 -9999 -9999 -9999 -9999 -9999 -9999 -9999 -9999 -9999 -9999
