EcologicalScience/Bass/data/rs_data_bass/sst_201.asc
NCOLS 226 
NROWS 124 
XLLCORNER -9.41648524995501 
YLLCORNER 47.587301625531 
CELLSIZE 0.0833 
NODATA_value -9999 
[rows 81 to 107 of 124, columns 62 to 123 of 226]
14.3157079326054 -9999 -9999 -9999 -9999 -9999 -9999 -9999 -9999 -9999 -9999 -9999 -9999 -9999 -9999 -9999 -9999 -9999 -9999 -9999 -9999 -9999 -9999 -9999 -9999 -9999 -9999 -9999 -9999 -9999 -9999 -9999 -9999 -9999 -9999 -9999 -9999 -9999 -9999 -9999 -9999 -9999 -9999 -9999 -9999 -9999 -9999 -9999 -9999 -9999 -9999 -9999 -9999 -9999 -9999 -9999 -9999 -9999 -9999 -9999 -9999 -9999
14.9606218092445 -9999 -9999 -9999 -9999 -9999 -9999 -9999 -9999 -9999 -9999 -9999 -9999 -9999 -9999 -9999 -9999 -9999 -9999 -9999 -9999 -9999 -9999 -9999 -9999 -9999 -9999 -9999 -9999 -9999 -9999 -9999 -9999 -9999 -9999 -9999 -9999 -9999 -9999 -9999 -9999 -9999 -9999 -9999 -9999 -9999 -9999 -9999 -9999 -9999 -9999 -9999 -9999 -9999 -9999 -9999 -9999 -9999 -9999 -9999 -9999 -9999
-9999 -9999 -9999 -9999 -9999 -9999 -9999 -9999 -9999 -9999 -9999 -9999 -9999 -9999 -9999 -9999 -9999 -9999 -9999 -9999 -9999 -9999 -9999 -9999 -9999 -9999 -9999 -9999 -9999 -9999 -9999 -9999 -9999 -9999 -9999 -9999 -9999 -9999 -9999 -9999 -9999 -9999 -9999 -9999 -9999 -9999 -9999 -9999 -9999 -9999 -9999 -9999 -9999 -9999 -9999 -9999 -9999 -9999 -9999 -9999 15.7357049848395 -9999
-9999 -9999 -9999 -9999 -9999 -9999 -9999 -9999 -9999 -9999 -9999 -9999 -9999 -9999 -9999 -9999 -9999 -9999 -9999 -9999 -9999 -9999 -9999 -9999 -9999 -9999 -9999 -9999 -9999 -9999 -9999 -9999 -9999 11.3199997469783 11.209999749437 11.1449997508898 -9999 -9999 -9999 -9999 -9999 -9999 -9999 -9999 -9999 -9999 -9999 -9999 -9999 -9999 -9999 -9999 -9999 -9999 -9999 -9999 17.2699996139854 12.4038405230136 11.7201071071904 11.6344035030343 11.6799447487574 11.4088488293346
-9999 -9999 -9999 -9999 -9999 -9999 -9999 -9999 -9999 -9999 -9999 -9999 -9999 -9999 -9999 -9999 -9999 -9999 -9999 -9999 -9999 -9999 -9999 -9999 -9999 -9999 -9999 -9999 -9999 -9999 -9999 -9999 -9999 13.0755013251411 15.567958164561 12.3956236323342 10.4797356980853 10.7178411087953 12.2899105674587 11.8715526671149 16.8849269998339 -9999 12.1120486943983 12.3448947486468 12.1238822464366 13.7873927890323 11.6255582217127 11.7238125628792 12.0672246336471 11.9216360843275 12.1788903337903 11.6217332351953 12.9545847269742 -9999 12.1948835586663 11.6525124235777 11.7930806780932 11.5612506358884 11.4970625808928 11.4170964565128 11.0509735282976 10.9649113316555
-9999 -9999 -9999 -9999 -9999 -9999 -9999 -9999 -9999 -9999 -9999 -9999 13.9436632219142 10.9706488114316 11.5734427804127 11.385181725258 11.7116204183549 11.1759430096718 15.3269933280535 -9999 -9999 -9999 -9999 -9999 -9999 11.894999734126 11.14750616871 11.7249481057515 12.2273361786501 11.9259391941596 11.7599108731374 13.4897610256448 13.9496453421136 14.4757638001157 16.1299996394664 12.7662862077853 12.0758308533113 10.7501144325361 12.3225424836855 9.51512191072106 12.4032257930376 12.4562974809669 11.9164962586947 11.4185308264568 11.8739432836883 11.6907025233377 11.3088015257381 11.1728949735407 11.1312982451636 12.1175471125171 11.9564195554703 10.4947965824977 10.6838943534531 11.3276276312536 11.2155674793757 11.3704794333316 11.1983550400473 10.5787072242238 10.4897762876935 10.8078478227835 10.9136326061562 11.0151142796967
-9999 -9999 -9999 -9999 -9999 -9999 -9999 -9999 23.0122405471673 13.681513639216 12.6288402321516 11.8065278963186 12.1134830643423 12.1679891222157 11.9929959890433 14.3697469863109 11.0685445601121 10.8976752405288 11.5547959711403 12.5092154864022 14.4992885218817 15.7150342906315 12.8735966796854 10.8801042087143 12.2569200587459 15.5942082130105 -9999 11.8598386459053 12.5674611516297 12.5602893019095 11.546189751476 11.2272815005854 11.2452111248858 11.0448774560355 11.3256553725805 17.8549996009097 15.2626783937021 11.4852290288545 12.2131717754528 8.30021056812257 8.97651599673554 11.8344981102273 11.0219275369309 11.1589098665863 11.1517380168661 10.1799523797818 10.9559465195052 10.7223832802847 9.50006102630869 10.6758857879322 10.9025162390899 10.8478906503879 10.800795503892 10.5263527212664 10.4779427356552 10.5546815276612 10.1727805300616 10.5371104958467 10.5991469959263 10.550019825343 10.8971373517998 10.9788964386098
-9999 -9999 -9999 -9999 -9999 -9999 -9999 -9999 12.7294384742445 11.7803506448399 11.6828134886455 11.4712439219002 12.3709524692968 12.2877590125427 12.657826458104 11.983672584407 11.2184362192638 10.9215216408484 10.6611834960058 10.3936735014431 10.5536057502031 10.706366149243 10.6948911896907 10.7393566579558 10.7988830106333 10.9107638662681 10.8784905425273 10.8784905425273 11.505310208071 11.5798974451609 10.284422324039 10.7174825163092 12.1601000875235 12.220343625173 12.0998565498739 11.3145390055142 11.2141331094317 11.5516881695949 11.2600329476409 8.82016967283562 11.4310815634672 11.0412915311754 7.81467634206638 10.7106692590751 10.7307504382916 6.62988676829264 10.9710074039176 10.7633823545184 10.7293160683475 10.5980712184682 10.7099520741031 10.706724741729 10.7314676232636 10.707441926701 10.3728751372546 10.6213797300588 10.7232199960854 10.7727057591546 10.9340723778587 10.8458586263005 10.9573808894493 11.0889843318146
-9999 -9999 -9999 -9999 -9999 -9999 -9999 -9999 13.1750705054229 11.7219000696205 11.2528610979207 11.30593278585 11.2141331094317 14.174672673922 11.0556352306157 12.8399914409965 10.9753105137497 10.3463392932899 12.0475020469166 11.1151615832932 10.4876247327775 10.7752159065567 10.9530777796172 10.786690866109 10.547868270427 10.8763389876112 10.988219843246 10.7996001956053 10.7293160683475 10.390087576583 11.2349314736202 10.4510482992046 10.4026383135933 12.0697347810492 9.44161045108922 10.9681386640295 10.7827463487629 10.6088289930485 10.2437818422914 10.9820042401552 10.191427339334 10.2538224318996 10.1975234115962 10.8899655020796 10.4119617182296 10.150547795929 10.6898708948866 10.1598712005652 11.0391399762593 10.9157841610722 11.1226920254994 11.1825769706629 11.105838178657 10.9692144414876 10.7271645134315 10.7364879180677 11.0226447219029 11.064958635252 10.9344309703447 11.0068666525185 11.0452360485215 11.0298165716231
11.1476479350251 9.40499978978187 -9999 -9999 -9999 -9999 -9999 14.2599996812642 13.7828028052114 13.5464186384343 13.2401806553826 10.8103579701856 11.7161625898443 14.2700582752004 11.0316095340531 10.8630710656289 10.9129154211842 11.1330912075937 10.9012013999745 11.8330637402833 10.905026386492 9.50221258122474 9.76290931855328 10.1598712005652 10.4051484609954 10.974115205463 10.8172907582484 11.0032807276584 10.8849452072755 10.5399792357348 10.4854731778614 10.3305612239055 10.826853224542 10.7661315635778 10.7183192321099 10.42989134253 10.3933149089571 10.3922391314991 10.2975707151927 10.3524353655521 10.2670903538819 10.2362514000852 8.87682728562504 8.80510878842324 8.78717916412279 10.6922615114599 10.1075166976079 10.8293633719441 10.109668252524 11.1503036469221 11.1334498000797 11.1969206701033 11.0911358867306 11.0850398144685 10.9702902189456 11.0075838374905 11.0298165716231 11.1255607653875 11.1944105227012 11.304498415906 11.2629016875289 11.2367244360503
11.5286187196616 11.7206091366708 11.9101611247752 11.6272316533141 15.4461864612352 -9999 16.1899624452926 10.9127719841897 11.1936933377292 15.4548478489742 14.5246589402668 10.6540116462857 10.626041432377 14.3052003388293 14.0649433732033 10.7023021010682 11.0749992248602 11.265053242445 11.2521439129487 10.7238176502287 10.430249935016 10.3800469869748 10.4166234205477 10.5277870912105 10.6891537099145 10.788125236053 10.8218329297379 10.6726584555581 10.6712240856141 10.3972594263032 10.4618060737848 10.7572862822562 10.6640522358939 10.589464998804 10.3825571343768 10.8039033054374 10.8239844846539 10.921999764163 10.6865240316838 10.1828211196698 10.4732810333371 10.626758617349 9.33008818794042 10.2531052469276 9.65497298026457 11.0558742922731 10.3545869204681 10.5227667964064 10.6152836577967 10.8715577544644 11.0513321207836 11.1879558579531 11.2166432568338 11.0846812219825 11.0965147740208 10.9677800715435 11.2808313118294 11.0011291727424 11.1947691151872 11.3826715778559 11.5261085722595 11.4766228091903
11.86390269408 11.4913251011167 11.3392818870489 11.3263725575525 11.0316095340531 11.357331042178 12.0317239775322 10.7135379989631 11.2083956296556 12.4347819318064 10.188558599446 10.1835383046418 10.1985991890542 10.905026386492 10.7744987215847 11.7570421332493 9.60369425476529 10.3449049233459 10.5521713802591 10.5349589409307 11.1603442365304 11.542603826616 10.6611834960058 12.619815654587 9.75466169137508 10.3865016517229 10.3312784088776 10.2452162122354 10.6279539256357 10.1171986947302 10.5557573051192 10.5428479756229 10.6855677850544 10.8333078892902 10.6124149179086 10.3951078713872 10.4481795593165 10.5736869294196 10.5654393022414 10.5521713802591 10.627834394807 10.5030442096759 11.2700735372491 9.74533828673884 9.7876522000879 9.71019622310996 10.6543702387717 7.82471693167463 10.8720358777791 10.8440656638704 10.8146610800177 12.0202490179799 10.8616366956849 11.1022522537969 11.8847010582685 12.0109256133437 12.1206549140625 11.9600054803304 11.4672994045541 11.4909665086307 13.4747001412325 12.2848902726546
11.6731314915232 11.7387539164629 11.4712439219002 11.0212103519589 11.0757164098322 11.1327326151077 11.3235038176645 12.8399914409965 10.2936261978466 10.3370158886537 10.6199453601148 10.1254463219084 10.0791878912132 10.8397625540383 10.1738563075196 10.6145664728247 9.34371470240876 10.4496139292605 10.6310617271811 10.6406241934747 10.4962309524417 9.95977659337223 10.733141054865 12.6298562441953 10.8182470048778 12.3601946947165 10.4263054176699 10.2742622036021 10.6396679468453 10.6999114844948 10.2548982093576 10.4029969060794 10.1691946052015 10.7902767909691 10.387218836695 10.4503311142325 10.5037613946479 10.6407437243033 10.6766029729042 10.6489913514815 10.6027329207864 10.667638160754 10.7433011753019 10.6525772763416 10.8160954499617 10.709234889131 10.7788018314168 7.29328286740929 7.2739188731648 11.8947416478768 11.9650257751346 11.9399243011139 11.9262977866456 11.94207585603 11.9578539254144 11.980803844519 12.1142002493143 12.2848902726546 12.5904110707343 12.6355937239714 12.7747276085429 13.3183538173325
11.30593278585 11.6125293613877 11.5336390144657 11.2926648638677 11.2880031615496 11.3794442454819 11.6175496561918 11.0592211554758 11.0843226294965 11.2296721171588 9.49324776907451 10.9595324443653 11.1390677490272 8.68533889809623 10.6085899313912 11.0185806737281 9.1662114218343 10.5952024785802 10.4347921065055 10.3233893741854 10.2964949377347 10.469695108477 10.8462172187865 11.025513461791 10.8361766291782 11.1338083925657 11.1603442365304 10.868449952919 10.9265419356525 10.3997695737053 10.7661315635778 10.8615171648562 10.3958250563592 10.0659199692309 10.7049317792989 10.3158589319792 10.7027802243829 10.66978971567 10.7450941377319 10.7741401290987 10.7174825163092 10.5589846374933 10.74616991519 10.627475802321 10.5686666346155 10.4947965824977 10.7289574758615 10.7996001956053 11.7871639020741 11.8488418096676 11.9643085901625 11.9994506537914 12.0051881335676 12.0159459081478 12.219626440201 12.062562931329 12.4785302150995 12.8378398860805 12.7618182790466 12.8457289207727 12.7324136951938 12.9927518400364
11.8803979484364 11.688431437593 11.5935239596292 11.5221640549134 11.5555131561123 11.2320627337322 11.1599856440444 11.2629016875289 11.2453306557145 10.66978971567 11.595436452888 11.2860906682909 11.1180303231813 10.9521215329878 10.8203985597938 10.5371104958467 11.4601275548339 10.4033554985654 10.4987410998438 10.4811700680293 10.4098101633135 10.2502365070395 10.7142551839352 10.1211432120763 10.2401959174313 10.5202566490043 11.0212103519589 10.8476515887305 11.2435376932845 11.1603442365304 11.1632129764184 10.788842421025 10.8325907043181 10.3947492789011 10.4765083657112 10.4083757933695 10.6475569815375 10.6203039526008 10.7296746608336 10.5349589409307 10.6977599295788 10.4047898685094 11.107989733573 10.6367992069572 10.6353648370132 10.5435651605949 10.8573335858528 10.7651753169484 11.8373668501154 11.8968932027929 11.9327524513938 12.0403301971965 12.0561082665808 12.3157292264514 12.4405194115825 12.6908169668168 12.6226843944751 12.780465088319 13.336283441633 13.3111819676124 12.9762565856799 13.0243079788052
11.94207585603 12.168228183873 12.3004292803816 11.7656483529136 11.2621845025569 11.2783211644273 11.6182668411639 11.4834360664245 11.1944105227012 11.2460478406865 11.3207546086051 10.709234889131 10.4098101633135 10.7106692590751 10.5536057502031 10.9851120417006 10.6644108283799 10.4255882326979 10.2825098307803 10.3664204725064 10.2201147382148 10.3796883944888 10.3915219465271 10.3470564782619 10.4338358598761 10.9014404616319 10.5299386461265 11.024796276819 11.1359599474818 11.147434907034 11.3532669940032 11.4135105316527 11.0993835139088 11.0513321207836 10.868449952919 11.1055991169997 10.905743571464 10.9243903807364 10.8749046176672 10.6898708948866 11.0446383943781 10.4553514090367 10.7242957735434 10.7314676232636 10.6816232677083 10.8021103430074 10.7780846464448 7.41233557276428 10.7956556782592 11.8330637402833 11.4866633987986 11.3948637223803 12.498611394316 12.5194097585045 12.6456343135796 12.8034150074236 12.8851740942337 11.4303643784951 11.3841059478 11.4687337744981 11.9313180814497 12.2849554712884
11.4854680905119 11.9625156277325 11.8689229888842 11.6361964654643 12.1055940296501 11.8197958183009 12.1116901019122 11.3131046355702 12.048458293546 11.8397574666888 11.5428428882733 10.8035447129514 10.50985746691 10.6004618350416 10.6685944073834 10.6385921693873 10.5654393022414 10.3226721892133 8.98512221639976 10.2832270157523 10.3416775909718 10.3323541863356 10.3362987036817 10.3997695737053 10.3172933019232 10.8074892302975 10.814900141675 10.6217383225448 10.6766029729042 11.064958635252 11.4199651964009 11.3209936702624 11.3654591385275 11.4056214969605 11.4049043119885 11.2844172366895 11.1589098665863 11.1252021729015 11.2019409649074 10.7594378371723 11.1624957914464 11.0974710206501 11.2612282559276 11.0366298288573 10.9731589588337 10.865581213031 11.0129627247807 11.0394985687453 10.8487273661885 10.7902767909691 11.0025635426864 11.0018463577144 11.1987136325333 11.2220221441239 11.4561830374878 11.6071504740976 13.5164296816414 15.9899996425956 -9999 -9999 -9999 -9999
12.2730567206163 12.100573734846 12.0027975169942 12.3350932206959 11.9389680544846 12.1536454227753 11.5121234653052 11.5354319768958 10.9265419356525 10.8182470048778 11.5289773121476 10.7669682793785 10.6848506000824 10.8844670839608 11.5899380347691 10.7920697533991 10.5908993687481 10.3452635158319 9.11995299113914 10.3215964117553 10.2832270157523 10.2455748047214 10.191427339334 10.0175099836197 11.0308923490811 10.6724193939008 10.8775342958979 10.7264473284595 10.669072530698 11.1794691691175 11.3006734293886 11.1904660053551 11.3683278784156 11.4866633987986 11.5590990809724 11.5999786243774 11.8595995842479 11.344660774339 11.186880080495 11.1696676411666 11.2621845025569 11.3135827588849 11.3131046355702 10.9351481553167 10.9702902189456 10.944830152439 11.0993835139088 10.8519546985626 11.1334498000797 11.1589098665863 11.6200598035939 11.4041871270165 11.5379421242978 12.0475020469166 14.0398418991826 17.7749996026978 -9999 -9999 -9999 -9999 -9999 -9999
10.8060548603535 12.1748023794498 11.7789162748959 11.1140858058352 11.2600329476409 10.5281456836965 10.708876296645 10.787408051081 10.6246070624329 10.8153782649897 12.155557916034 11.1348841700237 11.3564943263773 12.2085100731347 12.0520442184061 11.8311512470245 10.628551579779 10.9817651784979 10.8411969239824 10.8856623922475 10.8957029818557 10.9265419356525 10.9110029279254 11.4802087340504 10.9090904346667 10.815617326647 11.0746406323742 11.1155201757792 11.511334561836 13.7899996917695 15.3499996569008 11.7099230805878 12.6980540151708 16.4649996319786 -9999 14.8099996689707 11.5583818960004 11.5791802601889 11.0807367046364 10.8333078892902 11.2418642616831 11.3539841789752 11.4343088958412 11.0685445601121 11.0886257393286 11.1836527481209 11.1624957914464 11.1201818780974 13.7787865693681 11.0853984069545 11.2331385111902 11.5870692948811 11.144924759632 14.8499996680766 -9999 -9999 -9999 -9999 -9999 -9999 -9999 -9999
12.3652149895206 12.6520889783278 11.1685918637086 11.0983077364508 10.9143497911282 11.383388762828 11.3242210026365 11.1363185399678 11.012843193952 11.6788689712994 12.3921094259713 11.3823129853699 12.1665547522716 11.8370082576293 12.422589787282 12.699781778967 10.068788709119 10.7838221262209 11.2618259100709 10.946623114869 11.4429151155055 11.0948413424194 11.371435679961 11.3317514448427 11.187238672981 10.9996948027983 11.1087069185451 10.1017792178318 11.8000732315704 -9999 -9999 -9999 -9999 -9999 16.3799996338785 12.0934018851258 12.1584266559221 11.6425315993838 10.9301278605126 11.0685445601121 11.0197759820148 11.184728525579 11.422833936289 11.5139164277352 10.2150944434106 11.5999786243774 11.7627796130255 11.6903439308517 11.2306283637881 11.3787270605098 11.6269925916567 11.6719361832365 14.1859683372313 -9999 -9999 -9999 -9999 -9999 -9999 -9999 -9999 -9999
11.9255806016736 11.8477660322096 11.8294778154232 11.7326578442007 11.7161625898443 11.3690450633876 11.6353597496636 11.9262977866456 12.0185755863786 11.9506820756942 12.5748720630072 11.8344981102273 12.0699738427065 12.0302896075882 12.4785302150995 12.937528597191 11.081214827951 11.3759778514504 11.3903215508908 12.7614385928849 11.4529005370389 11.105479586171 11.3040681049228 11.3486052916851 12.2908668140881 10.227645180421 11.5698568555526 11.2019409649074 11.794813875109 7.35499983560294 -9999 -9999 -9999 -9999 -9999 14.7699996698648 12.0030365786515 11.8289996921085 12.061845746357 11.7699514627457 11.305215600878 11.4500869652256 11.5641193757765 11.570813102182 12.2949308622628 12.6549577182159 10.2753379810601 11.7713858326897 11.8670104956254 11.903347867541 11.9346649446525 12.0650730787311 13.4474471122958 14.790578655109 9.41311386679018 22.1719398035985 -9999 -9999 -9999 -9999 -9999 -9999
12.4089632728137 12.061128561385 10.4374217847362 11.4002426096704 11.4454252629075 11.9158986045513 11.5673467081506 11.544755381532 11.744491396239 12.1966765210964 11.9736319947988 11.8825495033525 12.0471434544306 12.6391796488315 12.7202215506695 12.5574205620214 12.4075289028697 11.967416391708 11.1773176142015 11.1660817163065 11.7881201487035 11.7986388616264 11.5650756224059 12.2375560645014 12.3702352843247 12.6449171286076 12.1217306915205 12.6061891401187 12.3289971484337 12.3986836215481 14.3803099630723 24.7149994475767 -9999 -9999 -9999 -9999 12.1416923399083 12.2327748313546 12.0666269795038 12.1504693178992 12.034353655763 11.6028473642655 12.1192205441184 12.4842676948756 13.1297341696918 12.65997801302 12.0271818060428 11.891394784674 11.6881923759356 12.0728425825946 12.1543626077473 12.490435485635 14.7761377413374 9.86999977938831 -9999 -9999 -9999 -9999 -9999 -9999 -9999 -9999
12.0188146480359 12.1278267637827 11.4748298467603 10.6002227733843 11.5311288670637 11.7914670119062 13.5930356616154 11.9919202115852 11.7312234742567 12.4003570531495 12.2067171107046 11.8513519570697 11.8337809252553 12.7218949822709 12.462034960743 11.6387066128664 11.9901272491552 11.4747103159316 11.2330189803615 11.1711020111106 12.459883405827 12.6922513367608 12.7646870189346 12.8070009322837 12.6951200766489 11.94207585603 11.7510655918159 12.5777408028953 12.9999236897565 12.2743715597317 14.3871573665955 -9999 -9999 -9999 -9999 -9999 -9999 -9999 -9999 -9999 -9999 -9999 -9999 -9999 -9999 -9999 12.8950353875989 12.3723868392408 12.8418561219238 12.0697347810492 18.5614540860988 -9999 -9999 -9999 -9999 -9999 -9999 -9999 -9999 -9999 -9999 -9999
12.1371501684189 12.1349986135028 12.18018126674 11.2528610979207 10.8992889067158 13.9602343672886 10.905384978978 14.012588870246 14.6300851311535 11.147434907034 12.8952146838419 12.1210135065485 11.8076036737766 12.060769968899 11.6526917198207 11.2919476788957 12.8952146838419 11.6699041591492 11.5065055163577 12.062204338843 12.0012436162215 11.9858241393231 11.9521164456382 12.2523778872564 12.3175576605725 15.3149996576831 12.4962207777426 12.3236182611436 13.1326029095799 13.1247138748877 12.7962431577034 13.402292658884 20.4024896061999 -9999 -9999 -9999 -9999 -9999 -9999 -9999 -9999 -9999 -9999 -9999 -9999 -9999 -9999 -9999 -9999 -9999 -9999 -9999 -9999 -9999 -9999 -9999 -9999 -9999 -9999 -9999 -9999 -9999
12.2174748852849 12.3056886368431 12.3379619605839 12.8220618166961 13.7249976964667 13.7551194652915 10.9487746697851 12.9687261434738 13.534943678882 13.5098422048613 11.4402854372747 11.6508987573907 13.2946867132559 11.6100192139857 13.1598559385166 12.9425488919951 11.3295998899266 11.7376781390049 13.7465132456273 13.7049165172502 13.5829950720072 14.412778084632 11.9955061364453 13.1799371177331 12.4928739145398 12.4473326688167 12.1926124729216 12.8751335046254 12.3594775097445 12.9848628053442 13.334849071689 14.3449323862791 14.8627973108739 -9999 -9999 -9999 -9999 -9999 -9999 -9999 -9999 -9999 -9999 -9999 -9999 -9999 -9999 -9999 -9999 -9999 -9999 -9999 -9999 -9999 -9999 -9999 -9999 -9999 -9999 -9999 -9999 -9999
12.2934964923188 12.2848902726546 12.2741324980743 12.1084627695382 13.5048219100572 13.2452009501867 13.4603564417921 11.1094241035171 13.2896664184518 12.5886181083042 13.1749168229289 11.4051433736458 10.5812173716258 10.6185109901708 10.7250129585154 10.5675908571575 10.6235312849749 10.8763389876112 14.0835901824757 14.054902783595 14.4629810326733 15.2690969412215 15.1098818774335 12.328160432633 11.8459730697796 11.7957701217383 11.8585238067899 13.3448896612972 13.9150517140515 13.7128055519424 14.3109378186055 14.57199314842 21.155945747043 -9999 -9999 -9999 -9999 -9999 -9999 -9999 -9999 -9999 -9999 -9999 -9999 -9999 -9999 -9999 -9999 -9999 -9999 -9999 -9999 -9999 -9999 -9999 -9999 -9999 -9999 -9999 -9999 -9999
12.4692068104632 12.3874477236532 12.103442474734 12.2296670298092 10.5288628686685 10.5026856171899 13.455336146988 11.2083956296556 11.2825047434308 11.0200150436722 11.0226447219029 11.4087292985059 11.6724143065512 10.7770088689867 10.7605136146303 11.1277123203035 10.6895123024005 10.8024689354934 13.6998962224461 13.455336146988 13.4302346729673 14.6250648363493 14.054902783595 12.2480747774243 11.8649784715381 11.8764534310903 12.2272764132358 13.6597338640131 13.7787865693681 14.0046998355538 14.4844965818338 14.6422772756778 14.4065463373473 -9999 -9999 -9999 -9999 -9999 -9999 -9999 -9999 -9999 -9999 -9999 -9999 -9999 -9999 -9999 -9999 -9999 -9999 -9999 -9999 -9999 -9999 -9999 -9999 -9999 -9999 -9999 -9999 -9999
