EcologicalScience/Bass/data/rs_data_bass/sst_486.asc
NCOLS 226 
NROWS 124 
XLLCORNER -9.41648524995501 
YLLCORNER 47.587301625531 
CELLSIZE 0.0833 
NODATA_value -9999 
[rows 54 to 80 of 124, columns 0 to 61 of 226]
-9999 -9999 -9999 -9999 -9999 -9999 -9999 -9999 -9999 -9999 -9999 -9999 -9999 -9999 -9999 -9999 -9999 -9999 -9999 -9999 -9999 -9999 -9999 -9999 -9999 -9999 -9999 -9999 -9999 -9999 -9999 -9999 -9999 -9999 -9999 -9999 -9999 -9999 16.0934612229466 16.1469313469715 15.1407208312303 14.7226019925438 14.8681905418634 15.3508560280316 15.4749290281907 15.3207342592068 15.1722769699991 15.8564714333043 15.209570588544 15.4921414675191 14.2901394544169 13.6697744536214 13.6281777252443 13.9616687372327 14.2263099919073 14.2793816798367 14.4866481367499 14.3948484603316 12.9097632932743 15.1399996615946 -9999 16.0707304436946
-9999 -9999 -9999 -9999 -9999 -9999 -9999 -9999 -9999 -9999 -9999 -9999 -9999 -9999 -9999 -9999 -9999 -9999 -9999 -9999 -9999 -9999 -9999 -9999 -9999 -9999 -9999 -9999 -9999 -9999 -9999 -9999 -9999 -9999 -9999 -9999 -9999 -9999 15.4899996537715 16.4923754418269 15.7402874678373 14.8839686112478 14.8961607557721 14.4063234198838 15.1586504555307 15.247581392061 15.2518845018931 15.3128452245146 14.9234137847088 14.8014923394658 14.6264992062934 13.9860530262813 14.1868648184463 14.212683477439 14.3776360210031 14.4407482985407 14.1000854368322 12.8395816210125 -9999 13.6649996945634 -9999 16.7249996261671
-9999 -9999 -9999 -9999 -9999 -9999 -9999 -9999 -9999 -9999 -9999 -9999 -9999 -9999 -9999 -9999 -9999 -9999 -9999 -9999 -9999 -9999 -9999 -9999 -9999 -9999 -9999 -9999 -9999 -9999 -9999 -9999 -9999 -9999 -9999 -9999 -9999 -9999 -9999 15.4297463749535 15.128528686706 14.7455519116484 14.1266212807968 13.9093142342754 13.5865809968673 14.2105319225229 14.5447401194833 14.610003951937 14.2865535295568 15.3042390048504 14.1459852750413 14.3381908475421 14.4472029632889 14.5246589402668 14.5246589402668 14.65016631037 14.8072298192419 15.4412213345058 16.4201788213104 15.6999996490777 -9999 -9999
-9999 -9999 -9999 -9999 -9999 -9999 -9999 -9999 -9999 -9999 -9999 -9999 -9999 -9999 -9999 -9999 -9999 -9999 -9999 -9999 -9999 -9999 -9999 -9999 -9999 -9999 -9999 -9999 -9999 -9999 -9999 -9999 -9999 -9999 -9999 -9999 -9999 -9999 -9999 -9999 14.1302072056569 14.4299905239604 14.1696523791179 13.9193548238836 13.7379070259631 13.5593279679306 13.5026703551412 13.6647541588172 13.7587053901516 13.8232520376332 14.0025482806377 14.1223181709647 14.0821558125317 14.4005859401077 14.3446455122903 14.5655384836718 14.6745505994186 14.8545640273951 15.6678517856635 16.1627094163559 16.5177159775048 -9999
-9999 -9999 -9999 -9999 -9999 -9999 -9999 -9999 -9999 -9999 -9999 -9999 -9999 -9999 -9999 -9999 -9999 -9999 -9999 -9999 -9999 -9999 -9999 -9999 -9999 -9999 -9999 -9999 -9999 -9999 -9999 -9999 -9999 -9999 -9999 -9999 -9999 -9999 -9999 -9999 15.9065150069073 14.7993407845497 14.1280556507409 14.211249107495 13.656865124125 13.6504104593769 13.4266487481073 13.5600451529026 13.378597354982 13.8239692226052 14.3704641712829 14.2162694022991 13.9071626793593 14.0814386275597 14.1639148993418 14.4615466627292 14.6788537092507 14.8352000331506 15.2798547158018 15.885876017157 16.403683566954 16.0049996422604
-9999 -9999 -9999 -9999 -9999 -9999 -9999 -9999 -9999 -9999 -9999 -9999 -9999 -9999 -9999 -9999 -9999 -9999 -9999 -9999 -9999 -9999 -9999 -9999 -9999 -9999 -9999 -9999 -9999 -9999 -9999 -9999 -9999 -9999 -9999 -9999 -9999 -9999 -9999 7.42999983392656 15.2999358950183 15.008041611407 14.850260917563 14.3625751365907 14.0678121130913 14.2815332347527 13.7924130838364 13.535660863854 13.8053224133328 13.5951872165315 13.6324808350764 14.4479201482609 14.5755790732801 14.3439283273183 14.3518173620105 14.3604235816747 14.6623584548943 15.0596789293922 15.1636707503349 16.2256329610061 -9999 -9999
-9999 -9999 -9999 -9999 -9999 -9999 -9999 -9999 -9999 -9999 -9999 -9999 -9999 -9999 -9999 -9999 -9999 -9999 -9999 -9999 -9999 -9999 -9999 -9999 -9999 -9999 -9999 -9999 -9999 -9999 -9999 -9999 -9999 -9999 -9999 -9999 -9999 -9999 -9999 16.1743278129026 15.4526962940581 15.2777031608857 15.3429669933394 14.573427518364 14.1029541767202 13.9932248760015 14.2908566393889 14.0219122748822 13.9258094886318 13.6575823090971 14.0814386275597 14.1423993501812 14.1259040958248 14.4486373332329 14.7907345648855 14.4945371714421 14.6322366860695 14.649999672547 9.03136143678317 17.2341837645508 17.5913418806158 17.6451307535172
-9999 -9999 -9999 -9999 -9999 -9999 -9999 -9999 -9999 -9999 -9999 -9999 -9999 -9999 -9999 -9999 -9999 -9999 -9999 -9999 -9999 -9999 -9999 -9999 -9999 -9999 -9999 -9999 -9999 -9999 -9999 -9999 -9999 -9999 -9999 -9999 -9999 -9999 -9999 15.7847529361024 15.4118167506531 15.8134403349832 15.3608966176398 14.8803826863877 14.0843073674478 14.0778527026996 14.0298013095744 13.8390301070176 13.5973387714475 13.7622913150117 13.8440504018217 14.1459852750413 14.2722098301165 14.291573824361 14.6315195010975 14.5447401194833 15.249015762005 16.8483382496051 16.7780541223474 17.1940214061178 17.5354014527984 17.7376476149075
-9999 -9999 -9999 -9999 -9999 -9999 -9999 -9999 -9999 -9999 -9999 -9999 -9999 -9999 -9999 -9999 -9999 -9999 -9999 -9999 -9999 -9999 -9999 -9999 -9999 -9999 -9999 -9999 -9999 -9999 -9999 -9999 -9999 -9999 -9999 -9999 -9999 -9999 15.1977370365057 15.726660953369 14.9671620680019 15.2267830278724 14.5540635241196 14.7634815359488 14.3805047608912 14.1122775813565 14.0398418991826 13.973143696785 13.6704916385934 13.615268395748 14.1588946045376 14.5260933102109 14.4859309517778 14.4500717031769 14.6171758016571 14.7383800619282 14.6946317786351 15.2160252532922 16.8397320299409 17.1179997990839 17.3740348340943 17.4765922850929
-9999 -9999 -9999 -9999 -9999 -9999 -9999 -9999 -9999 -9999 -9999 -9999 -9999 -9999 -9999 -9999 -9999 -9999 -9999 -9999 -9999 -9999 -9999 -9999 -9999 -9999 -9999 -9999 -9999 -9999 -9999 -9999 -9999 -9999 -9999 -9999 -9999 -9999 15.7352671730332 16.0842971927486 15.2396923573688 14.8438062528148 14.4005859401077 14.2571489457041 14.2012085178867 14.0986510668881 13.9839014713652 14.0606402633712 14.652317865286 13.8232520376332 14.0233466448262 14.2449568011798 14.3059175238013 14.2492599110119 14.6343882409856 14.729773842264 14.8438062528148 15.2188939931802 15.4964445773512 16.7959837466478 17.1395153482445 17.4586626607925
-9999 -9999 -9999 -9999 -9999 -9999 -9999 -9999 -9999 -9999 -9999 -9999 -9999 -9999 -9999 -9999 -9999 -9999 -9999 -9999 -9999 -9999 -9999 -9999 -9999 -9999 -9999 -9999 -9999 -9999 -9999 -9999 -9999 -9999 -9999 -9999 -9999 14.2784688989632 15.1755043023732 15.2052674787119 14.9736167327501 14.1660664542578 14.7362285070121 14.4959715413861 14.3554032868706 14.17395548895 14.2320474716835 14.2679067202844 14.2255928069353 14.054185598623 14.0441450090148 14.4213843042962 14.5239417552948 14.4636982176453 14.5146183506586 14.8782311314717 14.9564042934217 15.6771751902997 15.8923306819052 16.4008148270659 16.9358348161913 17.2298806547187
-9999 -9999 -9999 -9999 -9999 -9999 -9999 -9999 -9999 -9999 -9999 -9999 -9999 -9999 -9999 -9999 -9999 -9999 -9999 -9999 -9999 -9999 -9999 -9999 -9999 -9999 -9999 -9999 -9999 -9999 -9999 -9999 -9999 -9999 -9999 -9999 -9999 15.6700033405796 14.8681905418634 14.5476088593714 14.0728324078955 14.0735495928675 14.0054170205258 14.0398418991826 14.2298959167674 13.8677175058983 14.3245643330738 14.2277443618514 14.0039826505817 14.1452680900693 13.9387188181281 14.2808160497807 14.5554978940636 14.7340769520961 14.9399090390652 14.9399090390652 15.5093539068475 15.5882442537695 16.0350504913367 16.3298135148361 16.682668521069 17.1287575736642
-9999 -9999 -9999 -9999 -9999 -9999 -9999 -9999 -9999 -9999 -9999 -9999 -9999 -9999 -9999 -9999 -9999 -9999 -9999 -9999 -9999 -9999 -9999 -9999 -9999 -9999 -9999 -9999 -9999 -9999 -9999 -9999 -9999 -9999 -9999 10.4229756302999 15.8277840344235 15.4684743634425 15.0467695998959 14.811532929074 14.374050096143 14.3668782464229 14.1036713616922 14.3152409284376 13.9401531880721 14.1402477952652 14.2012085178867 14.4271217840724 14.3446455122903 13.9365672632121 13.9466078528203 14.1617633444257 14.692480223719 14.6143070617691 14.7412488018163 14.7828455301933 15.5602740398608 16.1404766822234 16.4173100814223 16.5499893012457 16.8375804750249 17.3331552906893
-9999 -9999 -9999 -9999 -9999 -9999 -9999 -9999 -9999 -9999 -9999 -9999 -9999 -9999 -9999 -9999 -9999 -9999 -9999 -9999 -9999 -9999 -9999 -9999 -9999 -9999 -9999 -9999 -9999 -9999 -9999 18.1812908828545 -9999 -9999 -9999 11.5000508516096 15.9238868206739 15.5502334502526 15.0266884206794 14.7591784261167 15.0926694381051 14.7584612411447 14.9972838368267 14.5217902003787 14.3561204718426 13.9810327314772 13.976012436673 14.2887050844729 14.4472029632889 14.8810998713598 14.6035492871888 14.6028321022168 14.8043610793538 14.7448347266763 15.2332376926206 15.169408230111 15.2533188718371 15.7359843580052 16.2014374048449 16.5944547695108 16.6590014169924 17.0355235273018
-9999 -9999 -9999 -9999 -9999 -9999 -9999 -9999 -9999 -9999 -9999 -9999 -9999 -9999 -9999 -9999 -9999 -9999 -9999 -9999 -9999 -9999 -9999 -9999 -9999 -9999 -9999 -9999 -9999 16.8846278091893 7.0486922734417 15.7302468782291 15.725943768397 7.91190360351983 12.6380321528763 14.0999829818362 14.5217902003787 14.5791649981402 14.8875545361079 14.7390972469002 14.9958494668826 14.8825342413038 14.4156468245201 14.5397198246792 14.5461744894274 14.5863368478604 14.8079470042139 14.5906399576925 13.9265266736038 14.8086641891859 14.5755790732801 14.5755790732801 14.8144016689621 14.8696249118075 14.9069185303524 15.3946043113247 15.5229804213159 15.7488936875015 15.8241981095634 15.6018707682379 16.7421948737465 16.5449690064415
-9999 -9999 -9999 -9999 -9999 -9999 -9999 -9999 -9999 -9999 -9999 -9999 -9999 -9999 -9999 -9999 -9999 -9999 -9999 -9999 -9999 -9999 15.5955953997327 14.7132785879076 14.929868449457 15.7352671730332 15.5000305022113 15.3149967794307 15.0697195190005 15.3903012014925 15.0603961143643 15.1464583110064 15.9597460692748 15.0733054438606 14.8696249118075 14.6795708942227 14.5447401194833 14.374050096143 14.5483260443434 14.5562150790356 14.7756736804731 15.1270943167619 14.6989348884672 14.8438062528148 15.1916409642436 15.0862147733569 14.8646046170034 14.9033326054923 14.8940092008561 14.3001800440252 14.8531296574511 14.8846857962199 14.6723990445025 14.9879604321904 15.1156193572097 15.6183660225943 15.5201116814278 15.8263496644795 15.9303414854221 13.9349996885285 -9999 -9999
-9999 -9999 -9999 -9999 -9999 -9999 -9999 -9999 -9999 -9999 -9999 -9999 -9999 -9999 -9999 -9999 -9999 -9999 -9999 -9999 -9999 15.8998348856368 15.1041443976574 15.5115054617636 16.3922086074017 16.322641665116 16.3025604858994 15.5480818953365 15.008041611407 14.9772026576102 14.9750511026941 14.8968779407442 14.7950376747176 14.5504775992595 14.4321420788765 14.4443342234008 14.2736442000605 15.0195165709592 14.8294625533745 15.3329264037311 14.9736167327501 15.8923306819052 15.8507339535281 16.2086092545651 16.2071748846211 16.2129123643972 15.0862147733569 14.6609240849502 14.3001800440252 14.6329538710415 14.5225073853508 14.4880825066939 14.6214789114892 14.7283394723199 15.3924527564086 15.6201589850243 15.9299996439368 -9999 -9999 -9999 -9999 -9999
-9999 -9999 -9999 -9999 -9999 -9999 -9999 -9999 -9999 -9999 -9999 -9999 -9999 -9999 -9999 -9999 -9999 6.88018432352692 17.279366417788 17.4666168941185 14.371898541227 16.5012207231484 16.3592180986889 16.1921140002087 16.5707876654342 16.7142246598378 16.086687809322 16.2301248037256 15.6764580053277 15.765388941858 15.7352671730332 15.6133457277901 15.1113162473775 15.1034272126853 15.1579332705587 14.7290566572919 14.8395031429827 14.7161473277956 15.3967558662407 15.7202062886208 15.8385418090038 16.4474318502471 16.1074861735106 16.1612750464119 16.4875942086801 15.8629260980524 15.1909237792715 14.5139011656865 14.5009918361902 14.4816278419457 14.7283394723199 14.8832514262758 14.4499996770173 -9999 -9999 -9999 -9999 -9999 -9999 -9999 -9999 -9999
-9999 -9999 -9999 -9999 -9999 -9999 -9999 -9999 -9999 -9999 -9999 -9999 -9999 -9999 -9999 -9999 -9999 15.0345774553716 14.8230078886263 14.9750511026941 15.5150913866237 15.7876216759905 16.0902737341821 15.844996473752 16.3943601623178 16.8985411976464 16.8856318681501 16.4079866767861 16.6145359487273 16.3965117172338 16.4524521450512 16.4574724398553 14.7355113220401 15.091235068161 15.3931699413806 15.0288399755955 14.7498550214805 15.5344553808682 15.7919247858226 15.7216406585649 16.2028717747889 16.5349284168333 16.5808282550424 16.1863765204325 15.9877162831835 15.6004363982938 15.1902065942995 14.7161473277956 14.7512893914245 16.2100436245091 16.0529801156372 15.8899996448308 -9999 -9999 -9999 -9999 -9999 -9999 -9999 -9999 -9999 -9999
-9999 -9999 -9999 -9999 -9999 -9999 -9999 -9999 -9999 -9999 -9999 -9999 -9999 17.1903330262617 16.6970122205094 17.0513015966862 14.3546861018986 14.7197332526557 15.6657002307475 15.8320871442556 16.7013153303415 16.7873775269836 17.0964842499234 17.4751579151489 17.6028168401681 16.4789879890159 17.0226141978055 17.3338724756613 17.2341837645508 16.8368632900529 16.8963896427304 16.7558213882148 16.5994750643149 16.2502059829421 15.8112887800671 15.9991912427358 15.7101656990126 15.9095431212336 16.0572832254693 16.2523575378582 16.7981353015639 17.000381463673 16.9150364520028 15.7223578435369 15.2468642070889 15.1184880970977 14.9743339177221 14.7993407845497 14.9872432472184 15.1887722243555 15.9841303583235 16.1168095781468 14.5399996750057 -9999 -9999 -9999 -9999 -9999 -9999 23.4204164231861 -9999 -9999
-9999 -9999 -9999 -9999 -9999 -9999 -9999 -9999 -9999 -9999 -9999 17.1921456915756 16.7063356251456 16.8261055154726 14.7663502758369 17.0340891573578 16.8332773651928 16.7708822726272 15.6348612769507 17.3503677300178 17.1474043829367 17.4364299266599 17.5970793603919 17.7139805108309 17.6114230598323 17.4163487474434 17.4665516954847 17.4199346723035 17.1832636315376 17.1839808165096 17.1050904695876 17.002533018589 16.8110446310602 16.5428174515255 16.5607470758259 16.6668904516846 16.1117892833427 15.688650149852 15.6728720804676 16.5844141799025 16.9537644404918 17.119434169028 16.5442518214695 15.9798272484913 15.370220022276 14.9578386633657 15.2941984152421 15.0976897329092 14.8380687730387 15.0618304843083 15.0718710739166 14.2393537935859 10.5787072242238 -9999 -9999 -9999 18.323157426063 17.4349955567159 17.5698263314553 17.5533310770988 18.0962401009165 17.7899996023625
-9999 -9999 -9999 -9999 -9999 -9999 -9999 19.9484178464289 14.3403424024582 14.8402203279547 15.5968504734337 17.0577562614344 16.9315317063592 16.7981353015639 16.5822626249865 16.8633991340175 17.1861323714256 16.9903408740647 17.4048737878911 17.3926816433668 17.5303811579943 17.5382701926865 17.4938047244214 17.4242377821356 17.5016937591136 17.640827643685 17.5102999787778 17.4557939209044 17.3955503832549 17.280800787732 17.1581621575169 17.0979186198674 16.8784600184299 16.8540757293813 16.7658619778231 16.7701650876552 16.3197729252279 15.7782982713543 16.2566606476903 16.5758079602383 17.1387981632724 17.1488387528807 16.7049012552015 16.2509231679142 16.3104495205916 15.7072969591245 15.727378138341 15.5531021901406 15.4290291899815 15.1378520913422 15.2404095423408 15.2375408024527 15.2841578256339 16.0044505991973 16.1985686649568 16.365672763437 16.3965117172338 16.5514236711897 16.8992583826184 17.1904354812577 17.3769035739824 18.0172636917979
-9999 -9999 -9999 -9999 -9999 16.7300027292222 14.1796929687262 14.5619525588118 15.1715597850271 16.3950773472898 17.5059968689457 17.1323434985243 17.0577562614344 17.1832636315376 17.3267006259412 17.3044678918086 17.4593798457645 17.3482161751017 17.4357127416879 17.3926816433668 17.1940214061178 17.319528776221 17.3797723138705 17.4364299266599 17.4550767359324 17.2908413773403 17.4436017763801 17.3288521808572 17.2320322096348 17.239204059355 17.2069307356142 17.1725058569573 16.9179051918909 16.3126010755077 16.4933316884562 16.642506162636 15.9984740577638 15.6951048146002 15.9332102253102 17.3460646201856 17.2119510304183 17.1122623193078 17.0147251631133 16.9580675503239 16.7005981453694 16.1964171100408 15.9181493408978 15.9884334681556 15.9360789651982 16.0164036820643 16.0623035202734 15.9633319941349 15.7037110342644 16.0759300347418 16.5428174515255 16.5177159775048 16.5076753878966 16.4818567289039 16.3807336478494 16.6145359487273 16.9028443074785 16.8289742553607
-9999 -9999 -9999 -9999 -9999 17.1502731228247 15.967635103967 17.0914639551193 17.1165654291399 17.1839808165096 16.7945493767038 17.3410443253815 17.4306924468838 17.440733036492 17.3553880248219 17.3711660942063 17.2922757472843 17.1373637933284 17.5540482620709 17.6551713431254 17.3941160133108 17.0878780302592 17.3302865508012 17.4687032504007 17.2621539784595 17.1567277875729 17.1789605217054 17.1359294233844 16.8705709837377 16.8504898045212 16.8920865328982 16.8246711455286 16.3283791448921 16.1426282371394 16.1311532775871 15.3013702649623 16.0085146473721 16.6231421683915 17.4436017763801 17.2707601981238 17.2083651055582 16.9458754057996 16.9673909549601 16.9831690243445 16.9666737699881 17.1108279493637 16.8282570703886 16.8691366137937 16.9494613306597 16.5083925728686 16.3047120408155 16.3570665437728 16.4130069715902 16.48400828382 16.4079866767861 16.3785820929334 16.445280295331 16.4754020641558 16.6382030528039 16.4660786595196 16.6496780123562 16.5564439659938
-9999 -9999 -9999 -9999 -9999 16.9745628046803 16.7206793245859 17.5920590655878 17.2915585623123 17.0742515157908 17.4600970307365 17.2298806547187 17.4091768977232 17.5095827938057 17.5267952331342 17.4902187995613 17.521057753358 17.4378642966039 17.4550767359324 17.2779320478439 17.3431958802976 17.1330606834963 17.2944273022003 17.3496505450457 17.1495559378527 16.9171880069189 17.1854151864536 17.1588793424889 16.7493667234667 16.4990691682324 16.604495359119 16.563615815714 16.2788933818229 15.9310586703941 15.6348612769507 16.602343804203 17.0649281111546 17.1452528280206 17.1954557760619 17.2119510304183 17.1258888337761 17.0233313827775 16.8540757293813 16.7034668852575 16.7020325153135 16.9932096139528 17.199758885894 17.2714773830958 17.0089876833372 16.8325601802208 16.8189336657524 16.4940488734283 16.5700704804622 16.4553208849393 16.6109500238672 16.0608691503294 16.1892452603206 16.1490829018876 16.0300301965326 16.0809503295459 16.3377025495283 16.0752128497697
-9999 -9999 -9999 -9999 -9999 17.1101107643917 17.3647114294581 17.3424786953256 17.320245961193 17.3704489092343 17.3883785335347 17.3654286144301 17.4995422041975 17.5138859036379 17.6888790368102 17.5927762505598 17.4314096318558 17.4923703544773 17.5949278054759 17.3761863890104 17.4436017763801 17.3353068456054 17.5440076724626 17.3345896606334 17.1768089667894 17.1395153482445 16.9853205792606 16.5923032145947 16.7888118969277 16.4567552548833 16.2817621217109 16.2918027113192 16.6131015787832 16.641788977664 16.326227589976 17.082140550483 17.1316263135523 17.3180944062769 17.1481215679087 17.2212744350545 17.2564164986834 17.0340891573578 16.9982299087569 16.6080812839791 16.7249824344181 16.8691366137937 17.1129795042798 17.0054017584771 17.1832636315376 17.0728171458468 16.9487441456877 16.5750907752663 16.6260109082796 16.3412884743884 16.3735617981292 16.0716269249097 15.6800439301878 15.5523850051686 15.4641712536104 16.0436567110009 15.9296243004501 15.7912076008506
-9999 -9999 -9999 -9999 -9999 17.0921811400913 17.2693258281797 17.1753745968454 17.20191044081 17.2729117530398 17.2549821287394 17.4271065220237 17.5074312388897 17.3941160133108 17.399136308115 17.2506790189072 17.2607196085155 17.2836695276201 17.6673634876497 17.4765922850929 17.4665516954847 17.3080538166687 17.4830469498411 17.5138859036379 17.3403271404095 17.4084597127512 17.36184268957 17.2169713252224 16.7981353015639 16.722830879502 16.6511123823002 16.3333994396962 16.4194616363384 16.4675130294636 16.8375804750249 17.003250203561 17.1488387528807 17.2198400651105 17.2585680535994 17.2693258281797 17.2313150246628 17.1258888337761 17.1086763944477 16.8382976599969 16.9171880069189 17.0756858857349 17.0111392382532 17.2155369552784 17.0297860475257 16.922925486695 16.803155596368 16.9028443074785 16.8849146831781 16.2681356072426 16.045091080945 15.7445905776694 15.3444013632834 15.5050507970154 15.6126285428181 15.5495162652805 15.5595568548888 15.7445905776694
