EcologicalScience/Bass/data/rs_data_bass/sst_42.asc
NCOLS 226 
NROWS 124 
XLLCORNER -9.41648524995501 
YLLCORNER 47.587301625531 
CELLSIZE 0.0833 
NODATA_value -9999 
[rows 27 to 53 of 124, columns 62 to 123 of 226]
-9999 -9999 -9999 -9999 -9999 -9999 -9999 -9999 -9999 -9999 -9999 -9999 -9999 -9999 -9999 -9999 -9999 -9999 -9999 -9999 -9999 -9999 -9999 -9999 -9999 -9999 -9999 -9999 12.5299997199327 7.8099998254329 7.86249982425943 7.84999982453883 8.88499980140477 8.88499980140477 8.38999981246889 8.19999981671572 8.18749981699511 8.10249981889501 8.24749981565401 9.75499978195876 9.71999978274107 9.4449997888878 9.59999978542328 9.68499978352338 9.79999978095293 9.45999978855252 9.44999978877604 8.93999980017543 8.76499980408698 8.96499979961663 8.58999980799854 8.39999981224537 9.26499979291111 6.63999985158443 6.63999985158443 8.54666647563378 8.26333314863344 9.614999785088 9.27999979257584 9.08499979693443 9.08499979693443 8.00499982107431
-9999 -9999 -9999 -9999 -9999 -9999 -9999 -9999 -9999 -9999 -9999 -9999 -9999 -9999 -9999 -9999 -9999 -9999 -9999 -9999 -9999 -9999 -9999 -9999 -9999 -9999 -9999 -9999 -9999 -9999 9.78499978128821 7.94749982235953 8.71999980509281 8.50749980984256 8.4399998113513 8.29749981453642 8.00499982107431 8.00999982096255 9.64999978430569 9.78499978128821 9.80499978084117 9.70999978296459 9.72999978251755 9.93999977782369 9.85499977972358 9.55999978631735 9.51999978721142 9.51499978732318 8.36499981302768 8.41999981179833 8.57999980822206 8.9849997991696 9.3849997902289 9.3849997902289 9.18999979458749 8.60499980766326 7.88666649038593 8.42249981174245 8.97499979939312 8.97499979939312 7.46749983308837 7.84749982459471
-9999 -9999 -9999 -9999 -9999 -9999 -9999 -9999 -9999 -9999 -9999 -9999 -9999 -9999 -9999 -9999 -9999 -9999 -9999 -9999 -9999 -9999 -9999 -9999 -9999 -9999 -9999 -9999 -9999 -9999 -9999 7.64499982912093 8.29999981448054 8.43499981146306 8.22999981604517 8.26749981520697 8.17749981721863 9.03999979794025 9.03999979794025 8.55499980878085 8.45749981096014 8.32749981386587 9.9899997767061 10.049999775365 10.0649997750297 9.74999978207052 9.56999978609383 9.47499978821725 9.42999978922307 7.87249982403591 9.57499978598207 9.44999978877604 9.24499979335815 9.17999979481101 9.0449997978285 8.75999980419874 8.85499980207533 9.04749979777262 8.70999980531633 8.18999981693923 6.26499985996634 6.28249985957518
-9999 -9999 -9999 -9999 -9999 -9999 -9999 -9999 -9999 -9999 -9999 -9999 -9999 -9999 -9999 -9999 -9999 -9999 -9999 -9999 -9999 -9999 -9999 -9999 -9999 -9999 -9999 -9999 -9999 -9999 -9999 9.75649978192523 7.44499983359128 8.08499981928617 8.05999981984496 8.14499981794506 8.16999981738627 8.38749981252477 8.77499980386347 8.79999980330467 9.43999978899956 10.049999775365 10.0549997752532 9.99999977648258 9.86999977938831 9.97999977692962 9.84999977983534 9.76999978162348 9.27249979274347 9.75499978195876 9.26999979279935 9.47499978821725 9.23749979352579 9.27999979257584 8.99499979894608 8.99499979894608 9.17999979481101 8.0649998197332 8.87499980162829 8.24999981559813 8.57999980822206 7.93499982263893
-9999 -9999 -9999 -9999 -9999 -9999 -9999 -9999 -9999 -9999 -9999 -9999 -9999 -9999 -9999 -9999 -9999 -9999 -9999 -9999 -9999 -9999 -9999 -9999 -9999 -9999 -9999 -9999 -9999 -9999 -9999 6.57867909823808 6.80666651452581 8.55499980878085 8.55499980878085 10.29166643663 8.09749981900677 7.97749982168898 9.55999978631735 9.33999979123473 8.97499979939312 9.30499979201704 9.91499977838248 10.0649997750297 10.0049997763708 10.0049997763708 9.60499978531152 9.65999978408217 9.55499978642911 9.96499977726489 9.70499978307635 9.56249978626147 9.50499978754669 9.29499979224056 9.28999979235232 9.25499979313463 9.19499979447573 9.19499979447573 8.85249980213121 9.10999979637563 5.58999987505376 5.58999987505376
-9999 -9999 -9999 -9999 -9999 -9999 -9999 -9999 -9999 -9999 -9999 -9999 -9999 -9999 -9999 -9999 -9999 -9999 -9999 -9999 -9999 -9999 -9999 -9999 -9999 -9999 -9999 -9999 -9999 -9999 -9999 -9999 5.36583321339761 7.23249983834103 7.87499982398003 7.96499982196838 8.07749981945381 7.95999982208014 9.20999979414046 9.62999978475273 9.82499978039414 9.67999978363514 9.86999977938831 9.86499977950007 9.93999977782369 10.1399997733533 9.77999978139997 9.83499978017062 9.93999977782369 9.89499977882951 9.79999978095293 9.41999978944659 9.3849997902289 9.41499978955835 9.43999978899956 9.5299997869879 7.604999830015 8.58333314148088 9.24666645998756 8.98749979911372 8.99499979894608 7.1199998408556
-9999 -9999 -9999 -9999 -9999 -9999 -9999 -9999 -9999 -9999 -9999 -9999 -9999 -9999 -9999 -9999 -9999 -9999 -9999 -9999 -9999 -9999 -9999 -9999 -9999 -9999 -9999 -9999 -9999 -9999 -9999 -9999 4.87416655772055 7.20249983901158 7.92749982280657 7.99749982124195 8.039999820292 7.86999982409179 9.09499979671091 9.34999979101121 9.94999977760017 9.73499978240579 9.78499978128821 10.069999774918 9.85499977972358 9.49999978765845 10.0349997757003 10.0599997751415 9.78999978117645 9.94499977771193 9.71499978285283 9.51499978732318 9.54499978665262 9.62999978475273 9.94999977760017 9.57999978587031 9.58499978575855 8.99166646568725 9.12666646266977 9.13499979581684 9.24833312661698 9.33333312471708
-9999 -9999 -9999 -9999 -9999 -9999 -9999 -9999 -9999 -9999 -9999 -9999 -9999 -9999 -9999 -9999 -9999 -9999 -9999 -9999 -9999 -9999 -9999 -9999 -9999 -9999 -9999 -9999 -9999 -9999 -9999 -9999 -9999 6.48166652179013 7.38999983482063 7.81999982520938 10.359999768436 10.2799997702241 10.2449997710064 10.0799997746944 10.0149997761473 10.0099997762591 9.82499978039414 9.72999978251755 9.904999778606 10.029999775812 9.65249978424981 9.95999977737665 9.73499978240579 10.1249997736886 10.1249997736886 9.24499979335815 9.36499979067594 8.39999981224537 9.61999978497624 9.61999978497624 8.47499981056899 9.18666646132866 9.04249979788437 9.06499979738146 9.23999979346991 9.26749979285523
-9999 -9999 -9999 -9999 -9999 -9999 -9999 9.61722200726055 9.12699979599565 9.02799979820847 8.99499979894608 8.91999980062246 -9999 -9999 8.41999981179833 -9999 -9999 -9999 -9999 -9999 -9999 -9999 -9999 -9999 -9999 -9999 -9999 -9999 -9999 -9999 -9999 -9999 -9999 -9999 6.2366665272663 9.53499978687614 9.89499977882951 10.0949997743592 10.1449997732416 10.1249997736886 10.2599997706711 10.2249997714534 10.2949997698888 10.0099997762591 9.80999978072941 10.029999775812 10.1449997732416 9.77499978151172 9.6999997831881 9.77999978139997 9.76999978162348 9.20999979414046 8.70999980531633 8.79499980341643 6.84999984689057 8.972499799449 9.44999978877604 9.44999978877604 8.67499980609864 9.01999979838729 9.01999979838729 9.07999979704618
-9999 -9999 -9999 -9999 9.2257140795035 8.98333313254019 9.45666645529369 6.94833317802598 6.94166651150833 9.35249979095533 8.78249980369583 9.45055534431918 -9999 -9999 -9999 -9999 -9999 -9999 -9999 -9999 -9999 -9999 -9999 -9999 -9999 -9999 -9999 -9999 -9999 -9999 -9999 -9999 -9999 -9999 9.31374979182146 9.39833312326421 9.9899997767061 10.1299997735769 10.0849997745827 10.194999772124 10.2199997715652 10.0549997752532 10.0849997745827 9.34999979101121 9.9299997780472 10.1449997732416 9.80499978084117 10.1299997735769 10.0199997760355 9.84999977983534 8.73999980464578 8.72999980486929 8.58999980799854 9.59249978559092 9.46749978838488 9.07499979715794 9.07499979715794 9.03999979794025 8.56499980855733 9.0449997978285 9.59999978542328 9.16749979509041
7.51928554621658 7.57214268789228 9.83999978005886 10.1474997731857 10.1824997724034 10.2699997704476 7.24833317132046 7.1683331731086 7.06666650871436 6.80166651463757 9.67653824525097 -9999 -9999 -9999 -9999 -9999 -9999 -9999 -9999 -9999 -9999 -9999 -9999 -9999 -9999 -9999 -9999 -9999 -9999 -9999 -9999 -9999 -9999 -9999 10.9884480302511 8.97999979928136 8.97999979928136 9.78749978123233 9.23999979346991 9.49499978777021 10.0099997762591 9.94999977760017 10.1149997739121 10.1549997730181 10.1049997741356 10.0749997748062 9.74249978223816 9.74499978218228 9.5299997869879 8.91499980073422 8.80499980319291 9.05499979760498 8.49499981012195 8.24999981559813 8.50499980989844 8.8149998029694 9.06499979738146 8.59999980777502 8.7549998043105 9.39999978989363 9.52499978709966 9.29499979224056
9.711666449594 10.0033331097414 10.2174997716211 10.2049997719005 10.2274997713976 10.2399997711182 10.2749997703359 6.85666651340822 6.71333318327864 9.32499979157001 -9999 -9999 -9999 -9999 -9999 -9999 -9999 -9999 -9999 -9999 -9999 -9999 -9999 -9999 -9999 -9999 -9999 -9999 -9999 -9999 -9999 -9999 -9999 -9999 -9999 9.32999979145825 9.32999979145825 9.62499978486449 9.4449997888878 9.59999978542328 9.67999978363514 9.66999978385866 9.86999977938831 9.89499977882951 9.80499978084117 9.36999979056418 9.47749978816137 9.12499979604036 9.34999979101121 9.19749979441985 9.63499978464097 9.18499979469925 8.95499979984015 8.55999980866909 7.95999982208014 8.65499980654567 8.78999980352819 8.62499980721623 8.64999980665743 9.78499978128821 9.78999978117645 9.66499978397042
9.66166645071159 10.1316664402063 9.08499979693443 10.6149997627363 10.5449997643009 10.5199997648597 7.44333316696187 7.35166650234411 6.81399984769523 -9999 -9999 -9999 -9999 -9999 -9999 -9999 -9999 -9999 -9999 -9999 -9999 -9999 -9999 -9999 -9999 -9999 -9999 -9999 -9999 -9999 -9999 -9999 -9999 -9999 -9999 -9999 5.4269998786971 8.96916646619017 6.38333319065471 8.82499980274588 8.82499980274588 9.74499978218228 9.54499978665262 9.5299997869879 9.40999978967011 9.40999978967011 8.58999980799854 8.77499980386347 9.34999979101121 7.73999982699752 8.55999980866909 9.19499979447573 9.20999979414046 8.94999979995191 8.5249998094514 8.63499980699271 8.68499980587512 6.72999984957278 6.80749984784052 6.7324998495169 9.51333312069376 9.67333311711749
9.44166645562897 9.41833312281718 9.46999978832901 9.04999979771674 8.93833313354602 8.67499980609864 7.556666497762 7.60666649664442 12.7897884929553 -9999 -9999 -9999 -9999 -9999 -9999 -9999 -9999 -9999 -9999 -9999 -9999 -9999 -9999 -9999 -9999 -9999 -9999 -9999 -9999 -9999 -9999 -9999 -9999 -9999 -9999 -9999 -9999 -9999 -9999 -9999 9.54131557620866 10.0199997760355 9.60374978533946 8.34499981347471 8.34499981347471 9.45499978866428 9.45499978866428 9.14999979548156 9.14999979548156 5.7999998703599 9.41999978944659 9.41999978944659 6.63749985164031 6.59749985253438 6.67499985080212 6.66749985096976 6.66249985108152 9.53833312013497 9.57499978598207 9.55749978637323 9.72249978268519 9.3483331243818
9.44833312214663 9.50833312080552 9.25666645976404 10.4449997665361 10.4449997665361 8.13249981822446 7.90999982319772 7.64749982906505 10.2862497700844 -9999 -9999 -9999 -9999 -9999 -9999 -9999 -9999 -9999 -9999 -9999 -9999 -9999 -9999 -9999 -9999 -9999 -9999 -9999 -9999 -9999 -9999 -9999 -9999 -9999 -9999 -9999 -9999 -9999 -9999 -9999 -9999 -9999 -9999 3.66999991796911 8.48499981034547 8.50749980984256 8.35999981313944 8.54999980889261 8.79499980341643 5.72499987203628 9.11999979615211 9.53499978687614 8.93499980028719 8.95999979972839 8.78999980352819 8.94999979995191 9.62333311823507 9.60333311868211 9.63499978464097 8.23499981593341 7.56499983090907 7.63999982923269
9.53166645361732 9.31333312516411 10.5199997648597 9.1299997959286 7.31999983638525 7.25249983789399 8.33499981369823 8.56499980855733 8.29166648133348 9.9319997780025 -9999 -9999 -9999 -9999 -9999 16.1899624452926 -9999 -9999 -9999 -9999 -9999 -9999 -9999 -9999 -9999 -9999 -9999 -9999 -9999 -9999 -9999 -9999 -9999 -9999 -9999 -9999 -9999 -9999 -9999 -9999 -9999 -9999 -9999 -9999 9.62194422937723 8.24499981570989 8.68999980576336 9.08999979682267 9.50999978743494 9.34499979112297 9.22499979380518 9.20499979425222 6.80666651452581 9.26499979291111 9.26499979291111 7.06749984202906 7.07749984180555 9.56499978620559 10.0633331084003 10.1449997732416 9.52249978715554 7.42499983403832
8.01999982073903 7.9674998219125 8.96833313287546 10.4699997659773 8.95499979984015 9.24499979335815 9.24833312661698 8.17499981727451 9.42666645596425 9.14333312896391 10.1487497731578 -9999 -9999 -9999 -9999 -9999 -9999 -9999 -9999 -9999 -9999 -9999 -9999 -9999 -9999 -9999 -9999 -9999 -9999 -9999 -9999 -9999 -9999 -9999 -9999 -9999 -9999 -9999 -9999 -9999 -9999 -9999 -9999 -9999 -9999 9.69961516781209 9.68624978349544 8.82999980263412 9.22499979380518 9.09499979671091 9.0699997972697 9.23499979358166 9.93999977782369 9.23999979346991 6.63666651832561 6.08624986396171 7.6524998289533 9.00999979861081 7.1324998405762 8.8399998024106 8.84499980229884 10.0849997745827
9.35833312415828 9.30166645875822 9.2516664598758 8.71166647194574 8.78166647038112 9.03166646479319 8.34499981347471 8.09499981906265 10.6999997608364 10.4249997669831 10.0933331077298 10.9160523875862 -9999 -9999 -9999 -9999 20.1141393353602 20.1141393353602 -9999 -9999 -9999 -9999 -9999 -9999 -9999 -9999 -9999 -9999 -9999 -9999 -9999 -9999 -9999 -9999 -9999 -9999 -9999 -9999 -9999 -9999 -9999 -9999 -9999 -9999 -9999 8.8399998024106 13.3312192142191 9.77749978145584 8.71999980509281 8.49499981012195 8.91499980073422 5.81166653676579 9.20999979414046 9.20999979414046 6.2483331936722 9.54499978665262 8.90999980084598 9.94899977762252 10.1099997740239 10.1224997737445 8.48999981023371 8.48999981023371
9.37499979045242 9.46499978844076 9.54333312002321 9.27833312594642 9.15666646199922 9.20833312751104 9.11333312963446 8.56666647518675 10.7349997600541 10.3949997676536 10.2649997705594 9.90666644523541 10.8452629154842 9.63999978452921 9.07749979710206 9.08749979687855 9.13249979587272 10.7616664261247 -9999 -9999 -9999 -9999 -9999 -9999 -9999 -9999 -9999 -9999 -9999 -9999 -9999 -9999 -9999 -9999 -9999 -9999 -9999 -9999 -9999 -9999 -9999 -9999 -9999 -9999 -9999 -9999 -9999 -9999 13.1061108181667 10.0224997759797 9.62916645143802 9.92874977807514 9.52499978709966 9.52499978709966 9.20999979414046 9.11499979626387 9.09999979659915 9.17499979492277 9.78666644791762 6.60999985225499 6.61333318551381 9.03999979794025
10.5516664308185 10.359999768436 9.81166644735883 10.2583331040417 10.2699997704476 10.2349997712299 10.0833331079533 9.96666644389431 10.5174997649156 10.3499997686595 10.3749997681007 10.3449997687712 10.0199997760355 9.66166645071159 9.69249978335574 9.67249978380278 9.73961516691802 -9999 -9999 -9999 -9999 -9999 -9999 -9999 -9999 -9999 -9999 -9999 -9999 -9999 -9999 -9999 -9999 -9999 -9999 -9999 -9999 -9999 -9999 -9999 -9999 -9999 -9999 -9999 -9999 -9999 -9999 -9999 8.9124998007901 8.91999980062246 9.24299979340285 9.37299979049712 9.58874978567474 9.66374978399836 9.90999977849424 9.31999979168177 9.13999979570508 8.84999980218709 9.26999979279935 9.54999978654087 8.29999981448054 9.72499978262931
10.4874997655861 10.3649997683242 10.9783330879485 11.6149997403845 11.3174997470342 11.2224997491576 10.0683331082885 10.0249997759238 10.3849997678772 10.1174997738563 10.1474997731857 10.1349997734651 10.0849997745827 9.93999977782369 9.82749978033826 9.74499978218228 9.92846131654313 -9999 -9999 -9999 -9999 -9999 -9999 -9999 -9999 -9999 -9999 -9999 -9999 -9999 -9999 -9999 -9999 -9999 -9999 -9999 -9999 -9999 -9999 -9999 -9999 -9999 -9999 -9999 -9999 -9999 -9999 -9999 9.67642835514354 9.47666645484666 9.43699978906661 9.18499979469925 9.18499979469925 9.39249979006127 9.96499977726489 9.96499977726489 9.24499979335815 8.85499980207533 9.27999979257584 9.45999978855252 8.77999980375171 8.56499980855733
10.8149997582659 10.6716664281363 10.5216664314891 11.3949997453019 11.2949997475371 11.2824997478165 8.7433331379046 8.36374981305562 8.16374981752597 9.99833310985317 8.5733331417044 8.37499981280416 8.12166648513327 9.6383331178998 9.1549997953698 6.69999985024333 -9999 -9999 -9999 -9999 -9999 -9999 -9999 -9999 -9999 -9999 -9999 -9999 -9999 -9999 -9999 -9999 -9999 -9999 -9999 -9999 -9999 -9999 -9999 -9999 -9999 -9999 -9999 -9999 -9999 -9999 -9999 -9999 11.8509674770457 7.86999982409179 8.29249981464818 8.68999980576336 9.51999978721142 9.87499977927655 8.72999980486929 8.93749980023131 9.65999978408217 9.52499978709966 9.28999979235232 9.47499978821725 9.2033331276228 9.36166645741711
11.9324997332878 11.7749997368082 11.7024997384287 11.3699997458607 11.2874997477047 11.2674997481517 10.6959997609258 8.49166647686313 8.42166647842775 8.70999980531633 8.49999981001019 8.32333314729234 8.26666648189227 9.3849997902289 9.26142836441951 -9999 -9999 -9999 -9999 -9999 -9999 -9999 -9999 -9999 -9999 -9999 -9999 -9999 -9999 -9999 -9999 -9999 -9999 -9999 -9999 -9999 -9999 -9999 -9999 -9999 -9999 -9999 -9999 -9999 -9999 -9999 -9999 -9999 -9999 7.63624982931651 6.5999998524785 6.5999998524785 9.59499978553504 9.59499978553504 9.03749979799613 9.16499979514629 9.34499979112297 9.30499979201704 9.33999979123473 9.4512497887481 9.47833312147607 9.31999979168177
11.4483330774431 11.3733330791195 11.3499997463077 11.31499974709 11.2516664151723 11.1349997511134 10.5374997644685 10.2074997718446 9.27666645931701 9.30333312538763 8.8033331365635 8.35666647988061 7.894999823533 7.64999982900918 7.55999983102083 9.82147036870832 -9999 -9999 -9999 -9999 -9999 -9999 -9999 -9999 -9999 -9999 -9999 -9999 -9999 -9999 -9999 -9999 -9999 -9999 -9999 -9999 -9999 -9999 -9999 -9999 -9999 -9999 -9999 -9999 -9999 -9999 11.6590422925916 6.95999984443188 6.78642841974007 -9999 11.5949583295733 7.12999984063208 7.05666650893788 9.59749978547916 9.72999978251755 9.55999978631735 9.55999978631735 8.84499980229884 8.78249980369583 8.72333313835164 6.69874985027127 6.93666651162008
12.0899997297674 12.0324997310527 11.2949997475371 11.2599997483194 11.2624997482635 11.2174997492693 11.1024997518398 9.2633331262817 10.0799997746944 10.0799997746944 8.3799998126924 8.25999981537461 8.24999981559813 8.25999981537461 10.4616664328302 -9999 -9999 -9999 -9999 -9999 -9999 -9999 -9999 -9999 -9999 -9999 -9999 -9999 -9999 -9999 -9999 -9999 -9999 -9999 -9999 -9999 -9999 -9999 -9999 -9999 -9999 -9999 -9999 -9999 -9999 -9999 -9999 -9999 -9999 8.80136343963783 8.97124979947694 5.77999987080693 6.39666652369003 7.95499982219189 8.84999980218709 8.84999980218709 7.65999982878566 8.8999998010695 8.18749981699511 8.85249980213121 9.72999978251755 6.8299998473376
10.9366664222131 10.8299997579306 10.9116664227719 8.44749981118366 8.10833315209796 11.31499974709 8.56999980844557 9.59499978553504 9.48499978799373 9.44999978877604 8.59999980777502 7.749999826774 7.70999982766807 7.54499983135611 14.8741173145964 -9999 -9999 -9999 -9999 -9999 -9999 -9999 -9999 -9999 -9999 -9999 -9999 -9999 -9999 -9999 -9999 -9999 -9999 -9999 -9999 -9999 -9999 -9999 -9999 -9999 -9999 -9999 -9999 -9999 -9999 -9999 -9999 -9999 -9999 -9999 8.96187479968648 5.99166653274248 5.95999986678362 6.04833319814255 6.39166652380178 6.4783331885313 5.92499986756593 5.92499986756593 8.62249980727211 7.42749983398244 6.35499985795468 6.91499984543771
10.6874997611158 10.4974997653626 10.6833330945422 8.38499981258065 8.40499981213361 8.63166647373388 9.904999778606 9.93499977793545 9.56999978609383 9.09999979659915 8.48499981034547 8.38999981246889 8.02499982062727 8.3549998132512 8.72499980498105 -9999 -9999 -9999 -9999 -9999 -9999 -9999 -9999 -9999 -9999 -9999 -9999 -9999 -9999 -9999 -9999 -9999 -9999 -9999 -9999 -9999 -9999 -9999 -9999 -9999 -9999 -9999 -9999 -9999 -9999 -9999 -9999 -9999 -9999 -9999 -9999 -9999 9.00166646546374 6.27333319311341 6.41999985650182 7.01333317657312 5.81499987002462 6.37999985739589 7.04999984242022 5.9699998665601 6.32499985862523 6.20999986119568
