EcologicalScience/Bass/data/rs_data_bass/sst_106.asc
NCOLS 226 
NROWS 124 
XLLCORNER -9.41648524995501 
YLLCORNER 47.587301625531 
CELLSIZE 0.0833 
NODATA_value -9999 
[rows 0 to 26 of 124, columns 62 to 123 of 226]
-9999 -9999 -9999 -9999 -9999 -9999 -9999 -9999 -9999 -9999 -9999 -9999 -9999 -9999 -9999 -9999 -9999 -9999 -9999 -9999 -9999 -9999 -9999 -9999 -9999 -9999 -9999 -9999 -9999 -9999 -9999 -9999 -9999 -9999 -9999 -9999 -9999 -9999 -9999 -9999 -9999 -9999 -9999 -9999 -9999 -9999 -9999 -9999 -9999 -9999 -9999 -9999 -9999 -9999 -9999 -9999 -9999 -9999 -9999 -9999 -9999 -9999
-9999 -9999 -9999 -9999 -9999 -9999 -9999 -9999 -9999 -9999 -9999 -9999 -9999 -9999 -9999 -9999 -9999 -9999 -9999 -9999 -9999 -9999 -9999 -9999 -9999 -9999 -9999 -9999 -9999 -9999 -9999 -9999 -9999 -9999 -9999 -9999 -9999 -9999 -9999 -9999 -9999 -9999 -9999 -9999 -9999 -9999 -9999 -9999 -9999 -9999 -9999 -9999 -9999 -9999 -9999 -9999 -9999 -9999 -9999 -9999 -9999 -9999
-9999 -9999 -9999 -9999 -9999 -9999 -9999 -9999 -9999 -9999 -9999 -9999 -9999 -9999 -9999 -9999 -9999 -9999 -9999 -9999 -9999 -9999 -9999 -9999 -9999 -9999 -9999 -9999 -9999 -9999 -9999 -9999 -9999 -9999 -9999 -9999 -9999 -9999 -9999 -9999 -9999 -9999 -9999 -9999 -9999 -9999 -9999 -9999 -9999 -9999 -9999 -9999 -9999 -9999 -9999 -9999 -9999 -9999 -9999 -9999 -9999 -9999
-9999 -9999 -9999 -9999 -9999 -9999 -9999 -9999 -9999 -9999 -9999 -9999 -9999 -9999 -9999 -9999 -9999 -9999 -9999 -9999 -9999 -9999 -9999 -9999 -9999 -9999 -9999 -9999 -9999 -9999 -9999 -9999 -9999 -9999 -9999 -9999 -9999 -9999 -9999 -9999 -9999 -9999 -9999 -9999 -9999 -9999 -9999 -9999 -9999 -9999 -9999 -9999 -9999 -9999 -9999 -9999 -9999 -9999 -9999 -9999 -9999 -9999
-9999 -9999 -9999 -9999 -9999 -9999 -9999 -9999 -9999 -9999 -9999 -9999 -9999 -9999 -9999 -9999 -9999 -9999 -9999 -9999 -9999 -9999 -9999 -9999 -9999 -9999 -9999 -9999 -9999 -9999 -9999 -9999 -9999 -9999 -9999 -9999 -9999 -9999 -9999 -9999 -9999 -9999 -9999 -9999 -9999 -9999 -9999 -9999 -9999 -9999 -9999 -9999 -9999 -9999 -9999 -9999 -9999 -9999 -9999 -9999 -9999 -9999
-9999 -9999 -9999 -9999 -9999 -9999 -9999 -9999 -9999 -9999 -9999 -9999 -9999 -9999 -9999 -9999 -9999 -9999 -9999 -9999 -9999 -9999 -9999 -9999 -9999 -9999 -9999 -9999 7.02285698588405 7.22812483843882 7.22812483843882 6.3699998576194 6.39999985694885 6.38999985717237 6.41499985661358 6.39499985706061 6.38999985717237 6.39499985706061 6.47999985516071 6.47999985516071 6.34999985806644 6.32999985851347 6.29499985929579 6.17499986197799 5.9449998671189 6.23999986052513 6.32999985851347 6.2599998600781 6.33499985840172 6.31999985873699 6.39499985706061 6.07999986410141 6.07499986421317 6.4299998562783 6.45999985560775 6.15499986242503 6.19499986153096 6.15499986242503 6.16499986220151 6.22999986074865 6.32999985851347 6.40499985683709
-9999 -9999 -9999 -9999 -9999 -9999 -9999 -9999 -9999 -9999 -9999 -9999 -9999 -9999 -9999 -9999 -9999 -9999 -9999 -9999 -9999 -9999 -9999 -9999 -9999 -9999 -9999 8.23521720723289 6.96499984432012 8.26954526970671 6.94166651150833 6.94687484472524 6.67888873960409 6.66777762874133 7.99818163940852 6.60874985228293 6.50124985468574 6.46249985555187 6.39499985706061 6.4899998549372 6.50999985449016 6.52999985404313 6.55999985337257 6.21499986108392 6.21499986108392 5.31499988120049 5.8249998698011 6.15499986242503 6.16999986208975 6.08999986387789 5.91499986778945 6.07499986421317 6.21999986097217 6.13999986276031 6.24999986030161 6.09999986365438 6.22499986086041 6.35999985784292 6.45999985560775 6.43499985616654 6.45999985560775 6.4899998549372
-9999 -9999 -9999 -9999 -9999 -9999 -9999 -9999 -9999 -9999 -9999 -9999 -9999 -9999 -9999 -9999 -9999 -9999 -9999 -9999 -9999 -9999 -9999 -9999 -9999 -9999 7.3436361994933 7.17222206191056 7.02749984292313 7.00071412923613 6.72416651636983 6.21999986097217 6.13499986287206 6.17249986203387 6.18499986175448 6.27749985968694 6.56999985314906 6.83499984722584 6.77124984865077 6.68874985049479 6.63999985158443 6.73499984946102 6.7199998497963 6.54999985359609 6.64499985147268 6.54749985365197 6.61999985203147 6.62499985191971 6.4899998549372 6.39999985694885 6.11999986320734 6.16999986208975 6.86999984644353 6.45999985560775 6.49499985482544 6.4299998562783 6.42499985639006 6.44499985594302 6.45499985571951 6.45499985571951 6.41499985661358 6.44499985594302
-9999 -9999 -9999 -9999 -9999 -9999 -9999 -9999 -9999 -9999 -9999 -9999 -9999 -9999 -9999 -9999 -9999 -9999 -9999 -9999 -9999 -9999 -9999 -9999 -9999 8.40238820264911 7.25181801972741 7.70214268498655 7.83357125347746 7.26999983750284 6.25499986018986 6.45499985571951 6.48499985504895 6.58499985281378 6.08499986398965 6.21499986108392 6.20999986119568 6.11999986320734 6.18499986175448 6.19499986153096 6.56499985326082 6.56499985326082 6.69999985024333 6.66499985102564 6.56999985314906 6.72499984968454 6.69249985041097 6.63999985158443 6.59499985259026 6.33999985828996 5.8249998698011 6.31499985884875 6.62499985191971 6.41499985661358 6.4299998562783 6.4299998562783 6.5999998524785 6.3449998581782 6.27999985963106 6.24999986030161 6.50999985449016 6.25499986018986
-9999 -9999 -9999 -9999 -9999 -9999 -9999 -9999 -9999 -9999 -9999 -9999 -9999 -9999 -9999 -9999 -9999 -9999 -9999 -9999 -9999 -9999 -9999 -9999 -9999 8.32179981399327 6.86499984655529 6.59833318584909 6.57333318640788 5.93249986739829 5.85749986907467 6.09999986365438 6.07499986421317 6.38749985722825 6.26999985985458 6.26999985985458 6.19499986153096 6.22999986074865 6.1999998614192 6.21499986108392 6.17999986186624 6.31499985884875 6.54999985359609 6.5999998524785 6.59499985259026 6.62999985180795 6.61999985203147 6.60499985236675 6.61999985203147 6.67999985069036 6.73999984934926 6.79499984811991 6.61999985203147 6.44499985594302 6.33999985828996 6.36499985773116 6.31999985873699 6.85999984666705 6.39499985706061 6.39999985694885 6.39499985706061 6.86499984655529
-9999 -9999 -9999 -9999 -9999 -9999 -9999 -9999 -9999 -9999 -9999 -9999 -9999 -9999 -9999 -9999 -9999 -9999 -9999 -9999 -9999 -9999 -9999 -9999 7.17090893062678 7.68999982811511 7.17714269672121 6.68499985057861 6.36249985778704 6.5212498542387 6.47499985527247 6.22499986086041 6.12249986315146 6.3699998576194 6.12499986309558 6.2599998600781 6.29999985918403 6.27499985974282 6.33499985840172 6.24499986041337 6.22499986086041 6.27999985963106 6.53499985393137 6.69499985035509 6.65499985124916 6.61999985203147 6.38499985728413 6.54999985359609 6.52999985404313 6.54999985359609 6.51999985426664 6.38999985717237 6.38999985717237 6.32999985851347 6.45499985571951 6.18499986175448 6.23499986063689 6.2599998600781 6.29499985929579 6.26499985996634 6.25499986018986 6.24999986030161
-9999 -9999 -9999 -9999 -9999 -9999 -9999 -9999 -9999 -9999 -9999 -9999 -9999 -9999 -9999 -9999 -9999 -9999 -9999 -9999 -9999 -9999 -9999 -9999 6.32499985862523 6.55999985337257 6.28333319288989 6.43749985611066 6.54374985373579 6.5087498545181 6.1999998614192 6.39499985706061 6.45499985571951 6.39999985694885 6.20499986130744 6.23999986052513 6.32999985851347 6.30999985896051 6.32499985862523 6.35499985795468 6.24999986030161 6.22999986074865 6.29999985918403 6.3449998581782 6.52999985404313 6.57999985292554 6.21499986108392 6.31999985873699 6.34999985806644 6.32999985851347 6.34999985806644 6.14499986264855 6.07499986421317 6.21999986097217 6.29999985918403 6.31499985884875 6.5149998543784 6.92499984521419 6.89999984577298 6.23499986063689 6.17999986186624 6.16999986208975
-9999 -9999 -9999 -9999 -9999 -9999 -9999 -9999 -9999 -9999 -9999 -9999 -9999 -9999 -9999 -9999 -9999 -9999 -9999 -9999 -9999 -9999 -9999 7.0474998424761 6.28799985945225 6.08499986398965 6.13999986276031 6.67749985074624 7.15374984010123 6.40624985680915 6.59124985267408 6.99874984356575 6.22999986074865 6.23999986052513 6.25499986018986 6.32499985862523 6.31999985873699 6.4299998562783 6.42499985639006 6.45499985571951 6.47999985516071 6.46499985549599 6.4299998562783 6.40999985672534 6.43499985616654 6.3699998576194 6.33499985840172 6.32999985851347 6.35499985795468 6.36499985773116 6.44999985583127 6.45999985560775 6.7199998497963 6.12999986298382 6.07499986421317 6.00499986577779 6.18999986164272 6.6599998511374 6.83499984722584 6.44499985594302 6.19499986153096 6.13999986276031
-9999 -9999 -9999 -9999 -9999 -9999 -9999 -9999 -9999 -9999 -9999 -9999 -9999 -9999 -9999 -9999 -9999 -9999 -9999 -9999 -9999 7.81499982532114 6.8919998459518 7.47874983283691 6.69749985029921 6.68499985057861 6.49999985471368 6.77499984856695 6.41499985661358 6.40749985678121 6.64999985136092 6.2849998595193 6.14499986264855 6.14999986253679 6.43499985616654 6.38999985717237 6.30999985896051 6.60999985225499 6.49499985482544 6.46499985549599 6.49499985482544 6.49499985482544 6.45999985560775 6.43499985616654 6.43999985605478 6.36499985773116 6.41999985650182 6.37999985739589 6.38999985717237 6.37999985739589 6.36499985773116 6.47499985527247 6.78999984823167 6.31499985884875 6.24499986041337 6.72499984968454 6.00999986566603 6.50499985460192 6.06999986432493 6.08499986398965 6.08999986387789 6.04499986488372
-9999 -9999 -9999 -9999 -9999 -9999 -9999 -9999 -9999 -9999 -9999 -9999 -9999 -9999 -9999 -9999 -9999 -9999 -9999 -9999 8.06313935465851 8.16357124610139 6.98499984387308 6.6474998514168 6.70499985013157 6.8049998478964 6.29499985929579 6.29499985929579 6.3449998581782 6.43249985622242 6.20999986119568 6.21499986108392 6.19499986153096 6.44499985594302 6.7199998497963 6.70999985001981 6.40999985672534 6.46499985549599 6.43999985605478 6.44999985583127 6.45999985560775 6.40499985683709 6.44999985583127 6.46499985549599 6.44999985583127 6.46499985549599 6.42499985639006 6.40499985683709 6.39499985706061 6.38999985717237 6.41999985650182 6.48499985504895 6.48499985504895 6.66499985102564 6.55999985337257 6.78999984823167 6.73499984946102 6.20999986119568 6.16999986208975 6.06999986432493 6.04999986477196 6.19499986153096
-9999 -9999 -9999 -9999 -9999 -9999 -9999 -9999 -9999 -9999 -9999 -9999 -9999 -9999 -9999 -9999 -9999 -9999 -9999 -9999 6.35954531239854 7.09124984149821 6.30499985907227 6.30499985907227 6.22999986074865 6.22999986074865 6.15499986242503 6.21999986097217 6.14499986264855 6.10999986343086 6.21499986108392 6.22499986086041 6.17999986186624 6.14499986264855 6.65749985119328 6.35499985795468 6.35499985795468 6.43999985605478 6.39499985706061 6.4299998562783 6.36499985773116 6.41999985650182 6.43999985605478 6.47999985516071 6.49499985482544 6.47499985527247 6.45999985560775 6.45499985571951 6.48499985504895 6.4299998562783 6.4299998562783 6.54499985370785 6.72499984968454 6.54499985370785 6.46499985549599 6.85999984666705 6.85999984666705 6.1999998614192 6.18499986175448 6.15999986231327 6.19499986153096 6.59499985259026
-9999 -9999 -9999 -9999 -9999 -9999 -9999 -9999 -9999 -9999 -9999 -9999 -9999 -9999 -9999 -9999 -9999 -9999 7.97767941593129 8.88447348562707 6.84999984689057 6.65499985124916 6.50499985460192 6.45999985560775 6.5999998524785 6.32499985862523 6.32499985862523 6.53999985381961 6.38499985728413 6.38999985717237 6.32499985862523 6.38499985728413 6.36499985773116 6.39499985706061 6.43999985605478 6.35999985784292 6.3449998581782 6.49999985471368 6.47499985527247 6.49499985482544 6.45999985560775 6.48499985504895 6.43999985605478 6.4299998562783 6.47499985527247 6.49499985482544 6.47499985527247 6.46499985549599 6.46999985538423 6.47999985516071 6.47999985516071 6.47499985527247 6.45999985560775 6.45999985560775 6.70499985013157 6.87999984622002 6.92499984521419 6.29499985929579 6.24999986030161 6.18999986164272 6.18499986175448 6.13999986276031
-9999 -9999 -9999 -9999 -9999 -9999 -9999 -9999 -9999 -9999 -9999 -9999 -9999 -9999 -9999 -9999 10.1145731406498 6.76222207107478 7.09999984130263 7.09999984130263 6.99749984359369 6.37499985750765 6.47999985516071 6.54499985370785 6.72749984962866 6.47499985527247 6.47499985527247 6.34999985806644 6.38999985717237 6.43499985616654 6.40499985683709 6.45999985560775 6.45499985571951 6.45999985560775 6.47999985516071 6.84249984705821 6.40999985672534 6.55499985348433 6.55499985348433 6.51999985426664 6.44499985594302 6.5149998543784 6.61499985214323 6.50999985449016 6.45999985560775 6.44999985583127 6.41499985661358 6.43499985616654 6.46499985549599 6.46499985549599 6.46999985538423 6.4899998549372 6.5149998543784 6.50999985449016 6.50499985460192 6.50999985449016 6.43999985605478 6.45499985571951 6.34999985806644 6.23999986052513 6.23499986063689 6.24499986041337
-9999 -9999 -9999 -9999 -9999 -9999 -9999 -9999 -9999 -9999 8.04499982018024 8.69441841031576 8.83639515132838 -9999 -9999 -9999 8.21360446757442 9.01499979849905 7.45249983342364 6.81499984767288 6.21499986108392 6.36499985773116 6.50499985460192 6.65499985124916 6.94249984482303 6.29999985918403 6.30999985896051 6.35499985795468 6.41499985661358 6.37499985750765 6.35999985784292 6.35999985784292 6.46999985538423 6.43499985616654 6.44999985583127 6.51999985426664 6.49499985482544 6.48499985504895 6.43499985616654 6.45999985560775 6.53999985381961 6.64999985136092 6.39999985694885 6.44499985594302 6.48499985504895 6.42499985639006 6.43999985605478 6.43999985605478 6.44999985583127 6.4299998562783 6.44499985594302 6.49499985482544 6.58999985270202 6.77999984845519 7.00999984331429 6.52999985404313 6.51999985426664 6.53499985393137 6.48499985504895 6.47499985527247 6.39999985694885 6.24999986030161
-9999 -9999 -9999 -9999 -9999 -9999 -9999 -9999 -9999 -9999 -9999 -9999 -9999 -9999 -9999 -9999 -9999 -9999 12.8718515641435 6.85999984666705 6.8299998473376 6.73499984946102 6.70499985013157 6.64999985136092 7.38999983482063 7.05499984230846 6.80999984778464 6.27999985963106 6.27999985963106 6.3449998581782 6.30999985896051 6.37499985750765 6.47999985516071 6.4899998549372 6.4899998549372 6.98249984392896 6.96499984432012 6.5999998524785 6.56499985326082 6.53499985393137 6.52999985404313 6.50999985449016 6.52499985415488 6.55499985348433 6.47499985527247 6.46999985538423 6.47499985527247 6.47999985516071 6.47499985527247 6.45499985571951 6.50499985460192 6.47499985527247 6.84999984689057 6.66999985091388 6.54499985370785 6.51999985426664 6.47999985516071 6.4899998549372 6.50999985449016 6.48499985504895 6.44499985594302 6.33999985828996
-9999 -9999 -9999 -9999 -9999 -9999 -9999 -9999 -9999 -9999 -9999 -9999 -9999 -9999 8.64896865786148 6.54166652044902 6.49833318808426 7.49749983241782 7.11399984098971 7.09399984143674 6.84499984700233 6.80999984778464 6.69999985024333 7.24749983800575 7.56499983090907 7.29749983688816 6.99249984370545 6.22999986074865 6.18999986164272 6.14499986264855 6.90999984554946 6.21499986108392 6.33499985840172 6.42499985639006 6.93999984487891 7.03249984281138 7.04999984242022 7.0599998421967 7.04999984242022 6.51999985426664 6.53999985381961 6.53499985393137 6.54999985359609 6.60499985236675 6.60499985236675 6.61499985214323 6.54999985359609 6.47999985516071 6.47499985527247 6.4899998549372 6.47999985516071 6.46999985538423 6.43999985605478 6.35999985784292 6.38999985717237 6.38499985728413 6.38499985728413 6.41999985650182 6.38999985717237 6.33999985828996 6.31999985873699 6.40999985672534
-9999 -9999 -9999 -9999 -9999 -9999 -9999 -9999 -9999 -9999 -9999 -9999 10.2999997697771 8.31499981414527 6.89499984588474 6.98499984387308 6.13499986287206 7.39124983479269 6.16999986208975 6.1999998614192 6.29499985929579 6.33999985828996 6.34999985806644 6.43999985605478 6.45999985560775 6.20999986119568 6.20999986119568 6.91749984538183 6.07999986410141 6.09999986365438 6.24499986041337 6.22999986074865 6.17499986197799 6.16499986220151 6.27999985963106 6.30499985907227 6.3449998581782 6.42499985639006 6.49499985482544 7.09999984130263 7.10999984107912 6.56499985326082 6.52499985415488 6.5999998524785 6.5999998524785 6.55999985337257 6.58499985281378 6.52999985404313 6.5149998543784 6.50499985460192 6.47999985516071 6.40499985683709 6.41999985650182 6.40999985672534 6.3699998576194 6.32999985851347 6.37999985739589 6.39999985694885 6.37499985750765 6.35999985784292 6.32999985851347 6.35499985795468
-9999 -9999 -9999 -9999 -9999 -9999 -9999 -9999 -9999 -9999 8.68299980591983 8.53352922102546 7.36749983532354 7.23749983822927 7.16499983984977 6.29999985918403 6.20499986130744 10.0013634128157 10.0061361399818 7.78735276711557 6.38999985717237 6.3699998576194 6.37499985750765 6.3699998576194 6.3699998576194 6.33499985840172 6.26999985985458 6.37499985750765 6.25499986018986 6.17999986186624 6.18499986175448 6.26499985996634 6.35499985795468 6.32999985851347 6.32499985862523 6.36499985773116 6.36499985773116 7.12499984074384 7.14749984024093 6.50499985460192 6.52499985415488 6.53999985381961 7.38499983493239 7.33249983610585 6.58999985270202 6.56999985314906 6.53999985381961 6.53499985393137 6.52999985404313 6.53499985393137 6.51999985426664 6.54499985370785 6.5149998543784 6.4899998549372 6.43499985616654 6.38499985728413 6.38999985717237 6.43999985605478 6.40999985672534 6.38999985717237 6.39499985706061 6.37499985750765
-9999 -9999 -9999 -9999 -9999 -9999 -9999 -9999 -9999 -9999 10.3240473882872 8.71236822631602 8.74136344097893 9.18090888569978 9.18090888569978 8.63136344343762 7.78181800788099 -9999 -9999 9.22999979369342 9.19788711835486 9.66562478395645 6.9874998438172 7.05249984236434 6.40999985672534 6.40999985672534 6.39499985706061 6.44499985594302 6.37499985750765 6.33499985840172 6.39499985706061 6.39999985694885 6.41999985650182 6.42499985639006 7.15749984001741 6.54499985370785 6.46999985538423 6.49999985471368 6.50499985460192 6.50499985460192 7.15749984001741 6.94249984482303 6.45499985571951 7.32749983621761 7.43249983387068 6.44499985594302 6.41499985661358 6.41999985650182 6.37499985750765 6.44999985583127 6.50999985449016 6.58499985281378 6.58999985270202 6.54499985370785 6.53999985381961 6.54499985370785 6.54999985359609 6.5149998543784 6.47499985527247 6.47999985516071 6.45999985560775 6.43499985616654
-9999 -9999 -9999 -9999 -9999 -9999 -9999 -9999 -9999 -9999 -9999 -9999 -9999 -9999 -9999 -9999 -9999 -9999 -9999 -9999 -9999 -9999 -9999 -9999 11.280727679004 9.06874979729764 6.3699998576194 6.3699998576194 6.96749984426424 7.21499983873218 7.40499983448535 7.4349998338148 7.47749983286485 7.20249983901158 6.43499985616654 6.41499985661358 6.45499985571951 6.4899998549372 6.4899998549372 6.59499985259026 6.59499985259026 7.0474998424761 7.25999983772635 6.5999998524785 6.5999998524785 7.41999983415008 6.35499985795468 6.35499985795468 6.2599998600781 6.33499985840172 6.34999985806644 6.40499985683709 6.46499985549599 6.49999985471368 6.54999985359609 6.5999998524785 6.60999985225499 6.60499985236675 6.61999985203147 6.53499985393137 6.51999985426664 6.49499985482544
-9999 -9999 -9999 -9999 -9999 -9999 -9999 -9999 -9999 -9999 -9999 -9999 -9999 -9999 -9999 -9999 -9999 -9999 -9999 -9999 -9999 -9999 -9999 -9999 -9999 10.6396679468453 8.5124998097308 6.76499984879047 6.88249984616414 6.80249984795228 6.89999984577298 7.24999983794987 8.07999981939793 7.6649998286739 7.40749983442947 7.27499983739108 7.16499983984977 7.18999983929098 6.47999985516071 6.47999985516071 6.56999985314906 6.58499985281378 6.5999998524785 7.07499984186143 7.36499983537942 6.38499985728413 6.37999985739589 6.12999986298382 7.33999983593822 6.37499985750765 6.40999985672534 6.39999985694885 6.41499985661358 6.43999985605478 6.43999985605478 6.45999985560775 6.45999985560775 6.49999985471368 6.55999985337257 6.55999985337257 6.56499985326082 6.52999985404313
-9999 -9999 -9999 -9999 -9999 -9999 -9999 -9999 -9999 -9999 -9999 -9999 -9999 -9999 -9999 -9999 -9999 -9999 -9999 -9999 -9999 -9999 -9999 -9999 -9999 -9999 -9999 7.49617630303563 7.39549983469769 7.33499983604997 7.14333317366739 7.14999984018505 7.1324998405762 7.10249984124675 7.02249984303489 7.29499983694404 6.69499985035509 6.67999985069036 6.67499985080212 7.19999983906746 7.21999983862042 7.45833316662659 7.48166649943838 6.13999986276031 6.09499986376613 7.29749983688816 7.33749983599409 7.60833316327383 7.5683331641679 7.556666497762 6.36499985773116 6.37999985739589 7.53999983146787 6.42499985639006 6.37999985739589 6.38499985728413 6.35499985795468 6.31499985884875 6.08499986398965 5.97499986644834 6.35499985795468 6.4899998549372
