EcologicalScience/Bass/data/rs_data_bass/sst_529.asc
NCOLS 226 
NROWS 124 
XLLCORNER -9.41648524995501 
YLLCORNER 47.587301625531 
CELLSIZE 0.0833 
NODATA_value -9999 
[rows 0 to 26 of 124, columns 0 to 61 of 226]
-9999.000000000000000 -9999 -9999 -9999 -9999 -9999 -9999 -9999 -9999 -9999 -9999 -9999 -9999 -9999 -9999 -9999 -9999 -9999 -9999 -9999 -9999 -9999 -9999 -9999 -9999 -9999 -9999 -9999 -9999 -9999 -9999 -9999 -9999 -9999 -9999 -9999 -9999 -9999 -9999 -9999 -9999 -9999 -9999 -9999 -9999 -9999 -9999 -9999 -9999 -9999 -9999 -9999 -9999 -9999 -9999 -9999 -9999 -9999 -9999 -9999 -9999 -9999
-9999 -9999 -9999 -9999 -9999 -9999 -9999 -9999 -9999 -9999 -9999 -9999 -9999 -9999 -9999 -9999 -9999 -9999 -9999 -9999 -9999 -9999 -9999 -9999 -9999 -9999 -9999 -9999 -9999 -9999 -9999 -9999 -9999 -9999 -9999 -9999 -9999 -9999 -9999 -9999 -9999 -9999 -9999 -9999 -9999 -9999 -9999 -9999 -9999 -9999 -9999 -9999 -9999 -9999 -9999 -9999 -9999 -9999 -9999 -9999 -9999 -9999
-9999 -9999 -9999 -9999 -9999 -9999 -9999 -9999 -9999 -9999 -9999 -9999 -9999 -9999 -9999 -9999 -9999 -9999 -9999 -9999 -9999 -9999 -9999 -9999 -9999 -9999 -9999 -9999 -9999 -9999 -9999 -9999 -9999 -9999 -9999 -9999 -9999 -9999 -9999 -9999 -9999 -9999 -9999 -9999 -9999 -9999 -9999 -9999 -9999 -9999 -9999 -9999 -9999 -9999 -9999 -9999 -9999 -9999 -9999 -9999 -9999 -9999
-9999 -9999 -9999 -9999 -9999 -9999 -9999 -9999 -9999 -9999 -9999 -9999 -9999 -9999 -9999 -9999 -9999 -9999 -9999 -9999 -9999 -9999 -9999 -9999 -9999 -9999 -9999 -9999 -9999 -9999 -9999 -9999 -9999 -9999 -9999 -9999 -9999 -9999 -9999 -9999 -9999 -9999 -9999 -9999 -9999 -9999 -9999 -9999 -9999 -9999 -9999 -9999 -9999 -9999 -9999 -9999 -9999 -9999 -9999 -9999 -9999 -9999
-9999 -9999 -9999 -9999 -9999 -9999 -9999 -9999 -9999 -9999 -9999 -9999 -9999 -9999 -9999 -9999 -9999 -9999 -9999 -9999 -9999 -9999 -9999 -9999 -9999 -9999 -9999 -9999 -9999 -9999 -9999 -9999 -9999 -9999 -9999 -9999 -9999 -9999 -9999 -9999 -9999 -9999 -9999 -9999 -9999 -9999 -9999 -9999 -9999 -9999 -9999 -9999 -9999 -9999 -9999 -9999 -9999 -9999 -9999 -9999 -9999 -9999
-9999 -9999 -9999 -9999 -9999 10.148037648527 9.72597429249436 9.71449933294207 9.8192083388567 9.82494581863284 9.99993895180523 9.61767936171964 10.0099795414135 9.6678823097609 9.51512191072106 9.71091340808198 9.71306496299803 9.68868067394942 9.48643451184034 9.50795006100088 9.94471570895985 10.0544450096786 10.308328489773 11.267204797361 10.5525299727451 11.0549997529015 10.6768135748404 9.91029083030298 9.96766562806442 10.4343737486051 10.0169123294763 8.16526945723364 7.08999984152615 -9999 12.3249997245148 -9999 -9999 12.2299997266382 -9999 9.44914089329541 11.8831232513301 9.98702962230891 11.0849997522309 -9999 -9999 -9999 -9999 -9999 -9999 -9999 -9999 -9999 -9999 -9999 -9999 -9999 -9999 -9999 -9999 -9999 -9999 -9999
-9999 -9999 -9999 -9999 -9999 9.92750326963142 9.8751487666741 9.91459394013509 9.90240179561079 9.89522994589061 9.97125155292451 10.0451216050424 10.3366572961677 9.67505415948108 9.65282142534852 9.60763877211139 9.68079163925722 9.193823043257 9.51081880088896 9.82422863366082 9.85363321751356 10.2997222701088 9.80845056427643 9.48284858698025 13.2649997035041 12.5749997189268 9.97459841612726 9.78908657003194 9.88518935628235 10.2619505282491 10.0618559210561 9.48704924181636 9.76654647091138 12.6295848769085 10.1181720171922 11.0499997530133 12.0099997315556 -9999 -9999 10.5865552769176 10.8499997574836 12.0406375621845 10.3492677985923 9.70499978307635 12.538872189902 12.4049997227266 -9999 -9999 -9999 -9999 -9999 -9999 -9999 -9999 -9999 -9999 -9999 -9999 -9999 -9999 -9999 -9999
-9999 -9999 -9999 -9999 -9999 9.83785514812917 9.96121096331626 9.91961423493922 9.83570359321311 9.88518935628235 9.87658313661814 9.86367380712181 9.94973600376397 10.2742622036021 10.0379497553222 8.50532547011971 10.1128955848981 9.52157657546923 9.64493239065632 9.45200963318348 9.54667804948986 10.0616168593988 10.2237006630749 10.7938627158292 11.2849997477606 11.8849997343495 10.0949659605976 10.5274284987245 10.4137546806596 10.4098101633135 10.390446169069 10.2323068827391 10.4847559928894 9.60477003222331 9.61573271679559 11.7049997383729 -9999 12.3099997248501 12.0549997305498 -9999 12.5099997203797 12.1253883348778 9.52721160024937 10.6991464871913 11.2549997484311 -9999 -9999 -9999 -9999 -9999 -9999 -9999 -9999 -9999 -9999 -9999 -9999 -9999 -9999 -9999 -9999 -9999
-9999 -9999 -9999 -9999 -9999 9.70804466819391 9.96479688817635 9.9346751193516 10.2089983711485 9.94471570895985 9.84681996027939 10.1448103161529 9.54524367954582 9.51727346563712 10.2351756226271 10.1573610531632 10.0067522090394 9.77474287059158 9.63345743110403 9.68939785892144 9.7754600555636 9.92463452974334 9.89236120600253 7.35074922069907 13.1149997068569 9.39917700691149 10.1113416841254 9.86654254700989 9.80916774924845 9.64564957562834 10.5385448657908 10.510216059396 10.510216059396 10.4496139292605 9.72023681271821 10.0821078585993 13.4111575527117 12.8599997125566 -9999 -9999 -9999 -9999 -9999 -9999 -9999 -9999 9.33499979134649 -9999 -9999 -9999 -9999 -9999 -9999 -9999 -9999 -9999 -9999 -9999 -9999 -9999 -9999 -9999
-9999 -9999 -9999 -9999 -9999 9.7955412347801 9.89522994589061 9.92033141991124 9.58899196283892 9.59974973741919 9.60692158713937 9.6800744542852 9.68724630400538 9.61696217674762 9.56891078362241 9.52731405524537 10.1942960792221 9.41901912447065 9.36666462151334 9.53878901479766 9.57464826339856 9.7876522000879 9.85435040248558 10.2029022988863 7.81754508195445 9.60638369841035 9.71880244277418 9.80199589952826 9.86869410192594 10.0264747957699 9.60477003222331 10.4535584466066 10.5320902010426 10.50985746691 9.50508132111281 9.50436413614079 9.4649189626798 10.547330381698 9.94095048785675 9.67278307373635 10.546792492969 13.4199997000396 -9999 12.2077689819969 12.7604764490989 12.784999714233 12.0949997296557 -9999 -9999 -9999 -9999 -9999 -9999 -9999 -9999 -9999 -9999 -9999 -9999 -9999 -9999 -9999
-9999 -9999 -9999 -9999 -9999 9.62269965652376 9.98487806739286 10.5948438860942 9.5961638125591 9.9827265124768 10.0401013102382 9.91817986499518 10.4804528830573 9.79984434461221 9.71019622310996 9.61481062183157 9.66644793981686 9.67003386467695 9.67864008434117 9.61696217674762 9.56962796859443 9.60763877211139 9.77474287059158 10.2799996833783 8.66286710230634 10.4313257124741 7.64972379850224 9.9827265124768 9.99635302694514 10.0013733217493 9.75466169137508 9.73601488210261 9.7596819861792 9.64349802071229 10.6835357609671 10.2895023842575 10.26816613134 10.0411770876963 10.4539170390926 10.466826368589 11.3702403716743 12.1790337707847 11.0597590442048 12.3978776422462 12.7349997153506 12.039999730885 -9999 -9999 -9999 -9999 -9999 -9999 -9999 -9999 -9999 -9999 -9999 -9999 -9999 -9999 -9999 -9999
-9999 -9999 -9999 -9999 -9999 10.4628818512429 9.73027740232646 10.308328489773 9.81968646217138 10.0816980386153 10.1146885473281 10.1390728363767 10.1691946052015 10.1849726745859 9.64995268546045 9.58397166803479 9.47065644245595 9.52301094541326 9.67864008434117 9.79840997466817 9.79052093997598 9.71234777802601 7.73506881017238 9.79898372264579 10.0139240587596 10.0953245530836 9.99491865700111 9.89738150080666 9.99348428705707 9.99922176683322 9.90813927538693 9.81347085908055 9.8988158707507 9.72525710752234 9.66931667970493 9.75035858154297 10.1446054061609 9.30498671391979 9.36666462151334 9.75466169137508 9.60261847730726 9.7159337028861 12.3563218958676 13.0699997078627 -9999 -9999 12.2549997260794 -9999 -9999 -9999 -9999 -9999 -9999 -9999 -9999 -9999 -9999 -9999 -9999 -9999 -9999 -9999
-9999 -9999 -9999 -9999 -9999 10.6470788582228 10.6035218242556 9.80988493422046 9.79984434461221 9.97985777258873 10.0236060558818 10.2631458365358 10.2272865879349 9.96479688817635 9.93180637946352 9.47567673726007 9.67146823462099 9.70804466819391 9.77832879545167 9.79482404980808 9.92176578985527 10.0063936165534 9.90240179561079 9.35590684693307 9.74031799193472 9.91029083030298 9.89738150080666 9.82064270880073 9.80916774924845 9.76828820584342 9.81203648913652 9.86223943717778 9.86797691695392 9.55958737898618 9.71736807283014 9.83426922326908 9.74318673182279 9.72740866243839 10.0127458263056 9.80199589952826 10.3413189984858 11.4066972744185 10.2652973914519 11.1950764801752 -9999 12.1299997288734 -9999 -9999 -9999 -9999 -9999 -9999 -9999 -9999 -9999 -9999 -9999 -9999 -9999 -9999 -9999 -9999
-9999 -9999 -9999 -9999 -9999 9.7754600555636 9.88375498633832 9.88734091119841 9.78621783014387 9.96479688817635 10.2456943355501 10.4209265303798 10.0616168593988 9.3494521821849 9.53305153502151 9.80414745444432 9.76039917115122 9.84144107298926 9.82924892846495 9.84359262790531 9.83857233310118 9.8392895180732 9.89738150080666 10.0200201310217 10.1067995126359 10.0831324085593 10.029343535658 10.0479903449304 9.93108919449151 9.96623125812039 10.0451216050424 9.98200932750478 9.98559525236487 9.92391734477133 9.92391734477133 9.91029083030298 9.90885646035895 9.9389782291837 9.85363321751356 9.82064270880073 9.79984434461221 10.0049592466094 13.0106662050821 12.929999710992 11.8749997345731 -9999 -9999 -9999 -9999 -9999 -9999 -9999 -9999 -9999 -9999 -9999 -9999 -9999 -9999 -9999 -9999 -9999
-9999 -9999 -9999 -9999 -9999 10.4453108194284 9.8751487666741 9.7159337028861 9.88805809617043 9.95690785348415 9.88016906147823 10.0149998362176 9.27486494509503 9.79482404980808 10.0106967263855 10.0515762697905 10.0429700501263 10.0185857610777 9.87586595164612 9.67648852942511 9.74820702662691 9.83498640824109 10.0006561367773 10.1340525415726 10.1706289751455 10.2452162122354 10.1957304491661 10.1225775820203 10.0673543391749 10.0831324085593 10.0745261888951 10.0730918189511 9.97985777258873 9.99707021191716 10.0200201310217 10.030777905602 9.93324074940756 9.77761161047965 9.9255907763727 9.501756190788 10.5849997634068 -9999 -9999 -9999 -9999 -9999 -9999 -9999 -9999 -9999 -9999 -9999 -9999 -9999 -9999 -9999 -9999 -9999 -9999 -9999 -9999 -9999
-9999 -9999 -9999 -9999 -9999 10.2201147382148 9.88518935628235 9.62485121143982 9.77689442550763 7.38006224902347 9.28777427459136 9.44770652335137 9.62771995132789 9.99563584197313 9.99133273214102 9.92750326963142 9.93610948929563 9.97125155292451 9.84646136779338 9.73242895724252 9.89020965108648 10.0135654662736 10.26816613134 10.3570970678702 10.4223609003238 10.2480849521235 10.1448103161529 10.1821039346978 10.0953245530836 10.0028076916933 10.0802636686713 10.1397900213487 10.1648914953694 10.109668252524 9.35954399929116 10.6038086982444 10.4053875226527 10.706904037972 12.5916834956846 9.72477898420766 10.1699117901735 10.5249997647479 -9999 -9999 -9999 -9999 -9999 13.2249997043982 13.2249997043982 -9999 -9999 -9999 -9999 -9999 -9999 -9999 -9999 -9999 -9999 -9999 -9999 -9999
-9999 -9999 -9999 -9999 -9999 9.80486463941634 9.55528426915407 9.59257788769901 9.41973630944267 6.59976499946788 7.85734884790145 9.4247566042468 9.91817986499518 10.0816980386153 10.1706289751455 10.0479903449304 9.93037200951949 9.96049377834424 9.99276710208505 10.0573137495667 10.230155327823 10.3362987036817 10.4230780852959 10.3233893741854 10.2007507439703 10.1591540155932 10.0565965645947 9.93682667426765 10.032212275546 10.1570024606772 10.7425839903299 10.1987784852972 10.2150944434106 10.0888698883355 9.96838281303644 9.73386332718655 9.76613665092736 12.2693034525961 -9999 -9999 -9999 -9999 -9999 -9999 -9999 -9999 -9999 -9999 -9999 -9999 -9999 -9999 -9999 -9999 -9999 -9999 -9999 -9999 -9999 -9999 -9999 -9999
-9999 -9999 -9999 -9999 -9999 10.2875301255845 6.61984617868438 10.230155327823 10.1916664009914 9.46993925748393 9.23398540169001 10.3472955399193 10.0357982004061 10.0745261888951 10.1311838016845 10.0824152235873 9.94973600376397 10.1024964028038 10.2717520562001 10.1469618710689 10.2107913335785 10.34992521815 10.309045674745 10.1362040964887 10.18999296939 10.1734977150336 10.0608996744268 10.1770836398937 9.62509027309716 10.3253018674441 10.0623340443708 10.0128482813016 9.97268592286855 9.71234777802601 9.8751487666741 10.0813394461293 10.2172459983267 10.7651753169484 11.8649005166498 12.8649997124448 11.6199997402728 -9999 -9999 -9999 -9999 -9999 -9999 -9999 -9999 -9999 -9999 -9999 -9999 -9999 -9999 -9999 -9999 -9999 -9999 -9999 -9999 -9999
-9999 -9999 -9999 -9999 -9999 10.2574083567597 10.3284096689895 10.3556626979262 10.4015625361353 9.22466199705377 9.08337655756623 9.98631243733689 10.0551621946506 9.89594713086262 10.1189916571602 10.1942960792221 10.0271919807419 9.84502699784935 10.191427339334 10.0479903449304 9.96336251823232 9.90527053549886 10.0013733217493 10.4101687557995 10.2430646573193 10.1799523797818 10.1591540155932 10.0537278247066 10.1476790560409 10.1139713623561 9.99922176683322 9.99778739688918 10.0207373159938 9.88805809617043 9.84933010768145 9.96336251823232 10.1290322467685 10.2158116283827 11.8522228245357 12.6049997182563 -9999 -9999 -9999 13.0149997090921 10.0501418998465 12.2449997263029 -9999 -9999 -9999 -9999 -9999 -9999 -9999 -9999 -9999 -9999 -9999 -9999 -9999 -9999 -9999 -9999
-9999 -9999 -9999 -9999 -9999 9.55815300904214 10.4725638483651 10.3642689175904 9.61552780680358 10.4646748136729 9.4649189626798 10.1526993508451 9.97842340264469 10.0099795414135 10.028626350686 10.1189916571602 10.2136600734666 10.2774895359762 10.0752433738671 10.1534165358171 10.2574083567597 10.1749320849776 10.586596258916 10.5263527212664 10.5127262067981 10.2868129406124 10.2143772584386 10.2029022988863 10.1971648191102 10.1957304491661 10.0903042582795 10.0336466454901 10.0006561367773 10.0336466454901 10.0128482813016 9.87299721175805 10.7998392572626 9.67456109481282 10.4590476700463 10.0193029460497 9.87371439673007 10.2002128552413 10.2258522179909 9.43981748865917 10.2215491081588 13.0245286511042 13.1249997066334 -9999 -9999 -9999 -9999 -9999 -9999 -9999 -9999 -9999 -9999 -9999 -9999 -9999 -9999 -9999
-9999 -9999 -9999 -9999 -9999 10.5263527212664 10.4402905246243 10.5751212993637 10.5041199871339 10.5385448657908 10.3011566400528 10.1985991890542 10.1985991890542 10.1684774202295 10.2767723510042 10.2853785706684 10.3936735014431 10.6116977329366 9.78980375500396 10.3362987036817 10.3671376574785 10.6002227733843 10.7436597677879 10.6956083746627 10.5944852936082 10.5148777617142 10.5184636865743 10.5923337386921 10.4073000159115 10.2516708769836 10.2186803682707 10.0515762697905 9.9626453332603 9.88877528114244 9.8751487666741 9.7876522000879 9.84646136779338 9.74031799193472 9.72095399769023 9.5323343500495 9.72489851503633 9.92200485151261 9.59974973741919 9.63740194845013 9.32721944805235 9.28978239251301 -9999 -9999 -9999 -9999 -9999 -9999 -9999 -9999 -9999 -9999 -9999 -9999 -9999 -9999 -9999 -9999
-9999 -9999 -9999 -9999 -9999 10.6231726924889 10.7343363631517 10.4833216229454 10.1706289751455 10.0401013102382 10.2014679289423 10.188558599446 10.4216437153518 10.2617114665918 10.3341471487656 10.2860957556404 10.2437818422914 10.3628345476463 10.4159062355757 10.3829157268628 10.4402905246243 10.7400738429278 10.8153782649897 10.8361766291782 10.8175298199058 10.7960142707452 10.7945799008012 10.7508316175081 10.6597491260618 10.5514541952871 10.2932676053606 10.0874355183914 10.032212275546 10.1627399404533 10.0063936165534 9.92822045460343 9.88232061639428 9.8988158707507 9.89020965108648 9.92535171471536 9.68258460168727 9.6399120958522 9.62951291375794 9.49043025668444 9.03675953438506 9.69262519129552 13.486299828606 -9999 -9999 -9999 -9999 -9999 -9999 -9999 10.9150669761002 -9999 -9999 -9999 -9999 -9999 -9999 -9999
-9999 -9999 -9999 -9999 -9999 10.8440656638704 10.7945799008012 10.7321848082356 10.5392620507628 10.1469618710689 10.2875301255845 10.311197229661 10.3958250563592 10.2000335589983 10.3986937962472 10.5830103340559 10.5414136056788 10.4610888888128 10.547151085455 10.5944852936082 10.7006286694668 10.6740928255022 10.6497085364535 10.7407910278998 10.6927396347746 10.6791131203063 10.6633350509219 10.4833216229454 10.3728751372546 10.3255409291014 10.3764610621147 10.3757438771427 10.109668252524 10.0946073681116 10.1541337207891 10.0881527033634 9.96121096331626 10.2724692411721 10.5410550131928 10.3223135967273 10.2516708769836 9.7955412347801 11.9898364984909 10.3867199254101 8.82590715261176 9.95296333613805 11.2048097047955 -9999 11.4114546013996 11.2149997493252 -9999 -9999 -9999 -9999 -9999 -9999 -9999 -9999 -9999 -9999 -9999 -9999
-9999 -9999 -9999 -9999 -9999 10.7952970857732 10.7845393111929 10.7701956117526 9.74103517690673 10.3585314378142 10.3377330736257 10.3850672817789 10.390087576583 10.427381195128 10.5134433917701 10.3449049233459 10.5127262067981 10.5794244091958 10.666920975782 10.6963255596347 10.6575975711457 10.6418195017613 10.6475569815375 10.6497085364535 10.6403851318173 10.3276924840175 10.1347697265446 10.6497085364535 10.3291268539615 10.3190862643532 10.2373271775432 10.2796410908923 10.2846613856964 9.89809868577868 9.80558182438836 9.69872126355767 9.81562241399661 9.29494612431154 10.8648640280589 9.9346751193516 10.109668252524 9.94098634710535 10.2450249629095 11.1116951892618 11.1430457350053 13.0499997083098 -9999 12.4761635046918 10.7798263813768 11.4299997445196 -9999 -9999 -9999 12.003672572872 13.0608691531233 -9999 -9999 -9999 -9999 -9999 -9999 -9999
-9999 -9999 -9999 -9999 -9999 10.9021576466039 10.9243903807364 10.8827936523594 10.2645802064799 10.3198034493253 10.4990996923298 10.5643635247834 10.5636463398114 10.5292214611545 10.6898708948866 10.5550401201472 10.5923337386921 10.6253242474049 10.6848506000824 10.6705069006421 10.5808587791398 10.5586260450073 10.629627357237 10.5987884034403 10.5435651605949 10.5105746518821 10.8365352216642 10.4998168773018 10.4338358598761 10.0078279864974 10.1770836398937 10.0135654662736 9.97985777258873 9.86510817706585 9.8751487666741 9.65138705540448 10.0821283495985 10.2836573267356 13.2078768131323 -9999 12.9599997103214 12.6653692655683 10.2475112041458 9.7596819861792 12.4297168129415 13.074999707751 -9999 12.4199997223914 9.15503528935369 12.0049149202449 -9999 -9999 14.0271887071763 11.0070176388284 11.7966227192575 11.6999997384846 -9999 -9999 -9999 -9999 -9999 -9999
-9999 -9999 -9999 -9999 -9999 11.0083010224625 10.9552293345332 10.905026386492 10.5622119698673 10.4847559928894 10.6819818601944 10.4840388079174 10.5729697444476 10.5959196635522 10.6511429063976 10.6210211375728 10.6583147561178 10.6396679468453 10.5801415941678 10.6009399583563 10.6905880798586 10.6733756405301 10.6310617271811 10.5141605767421 10.5421307906508 10.5808587791398 10.5034028021619 10.4137546806596 10.1935788942501 9.9748374777846 9.74246954685077 9.8550675874576 9.75609606131911 9.67361978953704 9.46778770256788 9.17230749409646 19.2869162721338 20.2399995476007 7.8349998248741 -9999 11.1992156620137 9.30744563382385 9.97268592286855 9.97985777258873 10.1840164279565 12.0449997307733 -9999 -9999 13.12989354413 11.8373668501154 11.3272434250186 10.9405546266442 14.0834597852081 13.8785230928101 12.5249997200444 -9999 -9999 -9999 -9999 -9999 -9999 -9999
-9999 -9999 -9999 -9999 -9999 11.0154728721827 11.0950804040767 10.9896542131901 10.6826990451664 10.4144718656316 10.5593432299793 10.6382335769013 10.7307504382916 10.7336191781797 10.8519546985626 10.3599658077583 10.7250129585154 10.7996001956053 10.7537003573962 10.6317789121531 10.5744041143917 10.6411023167893 10.5679494496435 10.5593432299793 10.5787072242238 10.6073946231045 10.6109805479646 10.4618060737848 10.3140659695491 10.0809808536433 9.85721914237365 9.73744925204664 9.83211766835302 9.91459394013509 9.9346751193516 8.10513625573367 10.4589373338968 9.99592271596193 -9999 -9999 10.2122257035226 10.0336466454901 10.0565965645947 9.72256766387727 7.72215948067605 12.353567905575 -9999 10.1390728363767 10.9589177143893 11.81579613288 10.7991220722906 10.5593432299793 10.1889889104292 13.0735546802171 12.6749997166917 -9999 -9999 -9999 -9999 -9999 -9999 -9999
