EcologicalScience/Bass/data/rs_data_bass/sst_425.asc
NCOLS 226 
NROWS 124 
XLLCORNER -9.41648524995501 
YLLCORNER 47.587301625531 
CELLSIZE 0.0833 
NODATA_value -9999 
[rows 54 to 80 of 124, columns 0 to 61 of 226]
-9999 -9999 -9999 -9999 -9999 -9999 -9999 -9999 -9999 -9999 -9999 -9999 -9999 -9999 -9999 -9999 -9999 -9999 -9999 -9999 -9999 -9999 -9999 -9999 -9999 -9999 -9999 -9999 -9999 -9999 -9999 -9999 -9999 -9999 -9999 -9999 -9999 -9999 9.42133942879189 5.98119296110235 6.06737468857318 6.20937731303275 6.38771730940789 5.93206579051912 5.9790414061863 5.69467756478116 5.73968092177529 6.16801964631304 7.23949399450794 7.2975859772414 7.20291756093502 6.65947064838838 7.17315438459627 7.38275169266853 6.97646640602034 6.6430351594463 6.43696401081979 6.39058604929596 10.2387041726895 -9999 -9999 7.95276006292884
-9999 -9999 -9999 -9999 -9999 -9999 -9999 -9999 -9999 -9999 -9999 -9999 -9999 -9999 -9999 -9999 -9999 -9999 -9999 -9999 -9999 -9999 -9999 -9999 -9999 -9999 -9999 -9999 -9999 -9999 -9999 -9999 -9999 -9999 -9999 -9999 -9999 -9999 11.9399997331202 6.46744437213056 6.16945401625708 6.07980589475483 6.56749167572707 6.56916510732844 7.25993376621045 7.24164554942399 5.56253623368684 7.39763328083791 6.98991362424567 7.11876785755157 7.13496428483631 7.14482557820156 7.00664794025943 6.96283989155199 6.84432507492602 6.96385590359569 6.52446057740599 7.5807306041941 -9999 13.6649996945634 -9999 13.3149997023866
-9999 -9999 -9999 -9999 -9999 -9999 -9999 -9999 -9999 -9999 -9999 -9999 -9999 -9999 -9999 -9999 -9999 -9999 -9999 -9999 -9999 -9999 -9999 -9999 -9999 -9999 -9999 -9999 -9999 -9999 -9999 -9999 -9999 -9999 -9999 -9999 -9999 -9999 -9999 9.41041290480644 6.40397350210696 6.15511031681672 6.88377024838701 7.30673008563463 7.5806947449455 7.35065766517073 7.9270950864302 7.87611518800259 7.95130007923581 7.73349100323394 7.68343149218708 7.4823806383647 7.37504195421934 7.20530817750841 7.25580995262135 7.09749137004837 7.09218420125544 6.92120730392635 7.68603943753988 14.339999679476 -9999 -9999
-9999 -9999 -9999 -9999 -9999 -9999 -9999 -9999 -9999 -9999 -9999 -9999 -9999 -9999 -9999 -9999 -9999 -9999 -9999 -9999 -9999 -9999 -9999 -9999 -9999 -9999 -9999 -9999 -9999 -9999 -9999 -9999 -9999 -9999 -9999 -9999 -9999 -9999 -9999 14.4099996779114 6.92651447271928 6.51585435774177 6.80236975406297 7.04226812720299 6.7931658802554 7.72897273791023 7.31623278651386 7.80786308483221 7.8035599750001 7.79692601400893 7.76432995703071 7.22036906192079 7.24451428931206 7.5686818966642 7.57011626660824 7.43815423175693 7.67539902050048 8.07358011696488 7.38467272384358 5.56414989987388 7.18905198480934 -9999
-9999 -9999 -9999 -9999 -9999 -9999 -9999 -9999 -9999 -9999 -9999 -9999 -9999 -9999 -9999 -9999 -9999 -9999 -9999 -9999 -9999 -9999 -9999 -9999 -9999 -9999 -9999 -9999 -9999 -9999 -9999 -9999 -9999 -9999 -9999 -9999 -9999 -9999 -9999 -9999 6.81713724462315 6.66000853711739 6.53258867375553 6.65319527988322 6.48358103400096 7.5525452347938 7.22777997329831 7.67374949506484 7.77612764982041 7.73908504601568 7.8555558854714 8.01563157122582 8.05306862676516 7.7798928709235 7.78718425147235 7.73004851536825 7.13550217356533 6.88161869347095 6.54239020170644 6.57595445839688 6.43151340503246 9.08999979682267
-9999 -9999 -9999 -9999 -9999 -9999 -9999 -9999 -9999 -9999 -9999 -9999 -9999 -9999 -9999 -9999 -9999 -9999 -9999 -9999 -9999 -9999 -9999 -9999 -9999 -9999 -9999 -9999 -9999 -9999 -9999 -9999 -9999 -9999 -9999 -9999 -9999 -9999 -9999 -9999 9.83754332857611 6.27703176205978 6.51633248105645 6.37672047317028 6.21750540938228 5.96577348420396 6.09092226182111 7.22013000026345 6.60030288819689 6.54501987993717 6.36345255118795 6.39572587492876 8.07544479789212 7.7625609007664 7.87491987971589 7.40444653807208 7.4622994591482 6.80822676466778 5.83627036925671 15.5271090807494 -9999 -9999
-9999 -9999 -9999 -9999 -9999 -9999 -9999 -9999 -9999 -9999 -9999 -9999 -9999 -9999 -9999 -9999 -9999 -9999 -9999 -9999 -9999 -9999 -9999 -9999 -9999 -9999 -9999 -9999 -9999 -9999 -9999 -9999 -9999 -9999 -9999 -9999 -9999 -9999 -9999 9.54586731865192 5.46159244887531 5.60445569530129 6.40182194719091 6.35412914655171 6.68403423367999 7.42940457509831 6.3535912578227 6.5050965831615 6.69102678715717 6.71720403863583 6.71057007764466 7.23106707108673 7.43438901065383 7.97245703591034 7.66335031297058 7.5166859861929 7.83588452623891 13.8549996903166 14.8182437313122 5.78181553888135 5.89638583816122 5.28373057581484
-9999 -9999 -9999 -9999 -9999 -9999 -9999 -9999 -9999 -9999 -9999 -9999 -9999 -9999 -9999 -9999 -9999 -9999 -9999 -9999 -9999 -9999 -9999 -9999 -9999 -9999 -9999 -9999 -9999 -9999 -9999 -9999 -9999 -9999 -9999 -9999 -9999 -9999 -9999 6.50103253498673 6.55529953120276 6.42477186629549 6.53306679707021 6.64960935502313 7.547405409161 7.74424877781421 7.75156406452879 7.74181034890935 5.96774574287701 6.36470762488898 6.50957898923662 6.5007934733294 6.38371302664746 7.70243689394556 7.85465940425638 6.15260016941465 6.97819960303605 7.70040486985818 6.60765403416008 6.05040131090209 5.45657215407118 5.0628376044333
-9999 -9999 -9999 -9999 -9999 -9999 -9999 -9999 -9999 -9999 -9999 -9999 -9999 -9999 -9999 -9999 -9999 -9999 -9999 -9999 -9999 -9999 -9999 -9999 -9999 -9999 -9999 -9999 -9999 -9999 -9999 -9999 -9999 -9999 -9999 -9999 -9999 -9999 7.08816796541214 6.33171711617615 6.71666614990681 6.56247138092294 6.99608141500503 7.38752097273245 7.83834344614297 7.09964292496443 7.24021117947996 7.78025146340951 7.09480192640331 7.50700398907065 6.55798897484783 6.57735296909232 7.55164875357877 7.8196966368705 7.23303932975978 7.8555558854714 6.82173374830745 6.39393291249871 3.46279793186113 6.39895320730284 5.92322050919756 6.22485655534547
-9999 -9999 -9999 -9999 -9999 -9999 -9999 -9999 -9999 -9999 -9999 -9999 -9999 -9999 -9999 -9999 -9999 -9999 -9999 -9999 -9999 -9999 -9999 -9999 -9999 -9999 -9999 -9999 -9999 -9999 -9999 -9999 -9999 -9999 -9999 -9999 -9999 -9999 6.07714206485876 6.58362833759747 7.1663411273621 6.70327869709581 7.00841699652374 7.96116137260105 7.98070466308855 8.00989409144968 8.35525451472495 7.59844507300295 8.35059281240683 8.38394191360567 8.04112749698106 7.69442832842469 7.33147296716925 7.13155765621923 7.29148990497924 6.98776206932962 7.10968351457268 6.93289741897024 6.62737662089057 6.32843001838773 6.14698222046718 5.17471846006811
-9999 -9999 -9999 -9999 -9999 -9999 -9999 -9999 -9999 -9999 -9999 -9999 -9999 -9999 -9999 -9999 -9999 -9999 -9999 -9999 -9999 -9999 -9999 -9999 -9999 -9999 -9999 -9999 -9999 -9999 -9999 -9999 -9999 -9999 -9999 -9999 -9999 7.06830745849472 7.74482252579182 7.29435864486732 7.32358393247705 7.81348103377968 7.84605318459217 7.879402285791 8.0906132600503 8.16071809106506 7.13478498859331 8.32841984368861 8.44759207987227 8.43593782407697 8.06963559961878 7.998634287389 7.88693272799719 7.7438543260796 7.38042084150948 7.28348133945838 6.78587449970655 6.445211637998 6.6083712191321 6.29735200293362 5.17220831266604 5.04562516510487
-9999 -9999 -9999 -9999 -9999 -9999 -9999 -9999 -9999 -9999 -9999 -9999 -9999 -9999 -9999 -9999 -9999 -9999 -9999 -9999 -9999 -9999 -9999 -9999 -9999 -9999 -9999 -9999 -9999 -9999 -9999 -9999 -9999 -9999 -9999 -9999 -9999 7.06621107165344 7.15787834469229 6.95778373749927 7.46124758785591 7.56638690475374 7.94491713298485 8.17986692981794 8.2020996639505 7.43624173849821 8.19062470439821 8.15551850001793 8.2019562269561 8.25933102471754 8.17929318184033 8.03736227587797 7.71767707460094 7.65689564822242 7.39548172592185 7.2498931766022 7.49947354686446 6.83069856045768 6.78192998236045 6.44102805899456 5.95166884642094 6.02763068804052
-9999 -9999 -9999 -9999 -9999 -9999 -9999 -9999 -9999 -9999 -9999 -9999 -9999 -9999 -9999 -9999 -9999 -9999 -9999 -9999 -9999 -9999 -9999 -9999 -9999 -9999 -9999 -9999 -9999 -9999 -9999 -9999 -9999 -9999 -9999 11.6759467101447 9.1181600287091 7.05316933877766 7.17193517014384 7.36571854958311 7.29208755912259 7.65675221122801 7.71900386679918 7.45704010268673 7.56653034174815 7.73961098166183 8.46430248972029 8.437013601535 8.07609026436694 7.98393199546263 7.55684834462591 7.43241675198078 7.60705129266717 7.55433819722384 7.18498793663457 6.47246466693468 5.41712698061019 5.33608507877216 6.50384150946047 6.43875697324984 6.12158191937488 6.10078355518635
-9999 -9999 -9999 -9999 -9999 -9999 -9999 -9999 -9999 -9999 -9999 -9999 -9999 -9999 -9999 -9999 -9999 -9999 -9999 -9999 -9999 -9999 -9999 -9999 -9999 -9999 -9999 -9999 -9999 -9999 -9999 20.6398175766752 18.4549995874986 -9999 -9999 10.6580505300754 6.19650213520176 6.51164089603117 6.94141399051296 7.34181238384917 7.43026519706473 7.84178593400866 7.96758017810062 7.4981587077491 7.75060781789944 8.38591417227872 8.19980467204005 7.46469007572159 8.25933102471754 8.17135633481666 7.81216619466431 7.57190922903828 7.30224767955951 6.92213964438997 6.89201787556522 6.49111147620715 6.34480574191548 6.53521835198626 5.69754630466923 5.73878444056027 6.20101015502587 6.23238699755166
-9999 -9999 -9999 -9999 -9999 -9999 -9999 -9999 -9999 -9999 -9999 -9999 -9999 -9999 -9999 -9999 -9999 -9999 -9999 -9999 -9999 -9999 -9999 -9999 -9999 -9999 -9999 -9999 11.8599997349083 9.55856822139437 8.48712099146926 7.65388347133994 7.9032486861106 6.70560733472101 10.0428163676323 9.80722537328256 7.3773728053784 6.82687357394025 7.54985579114873 8.00386973768473 8.12607805691659 8.04991301288828 8.1543351448141 8.14063691184856 7.62940355762839 7.42022460745648 7.43528549186885 8.15964231360704 8.25335448328406 8.40689183271024 7.8473082582932 6.37098299339414 6.09594255662523 7.10860773711465 7.44460889650509 7.07490004342981 7.02027445472777 5.95645007956773 5.95322274719365 5.76675465446897 6.68457212240901 5.42624547525442
-9999 -9999 -9999 -9999 -9999 -9999 -9999 -9999 -9999 -9999 -9999 -9999 -9999 -9999 -9999 -9999 -9999 -9999 -9999 -9999 -9999 -9999 15.5188101235156 8.04686497675721 7.79865921102464 7.38006224902347 6.51746802392881 7.12947781980038 7.67482527252287 7.60215052869171 7.62940355762839 7.4409333235235 7.25706502632238 7.12366862152703 7.39512313343585 7.3468326786533 7.53210546309128 8.24498732527718 8.20783714372665 7.94376963702962 7.61183252581395 8.41687265690416 8.32215642826632 8.31053803171963 7.97676014574245 8.21964678959921 7.79100923798978 7.71427044598386 8.21008432330564 8.33248389186338 7.91436505317688 7.79507328616455 6.85472425702028 6.01274909987114 7.39243368979078 7.25114825030323 5.93887904775329 5.87947222590446 7.28037353791296 15.3499996569008 -9999 -9999
-9999 -9999 -9999 -9999 -9999 -9999 -9999 -9999 -9999 -9999 -9999 -9999 -9999 -9999 -9999 -9999 -9999 -9999 -9999 -9999 -9999 9.97526043302451 7.86989958491176 7.90991850635037 8.19263282231987 8.25502791488543 8.1022675158456 7.57920060958713 8.25000762008131 7.7357859951444 7.86559647507966 7.98488824209198 8.15333108585328 7.50807976652868 7.88123110746965 8.29504683632404 8.30307930801064 8.50905483197421 8.09491636988241 8.45469221109524 8.0703527845908 8.05667504262445 8.37228765781038 8.36963407341391 8.14529861416668 7.94376963702962 7.55451749346685 7.75342874545604 8.20711995875463 8.02427365013864 7.9351634173654 6.92500838427804 7.89500105893239 7.81019393599126 7.69580293295439 10.1517431042157 15.4749996541068 -9999 -9999 -9999 -9999 -9999
-9999 -9999 -9999 -9999 -9999 -9999 -9999 -9999 -9999 -9999 -9999 -9999 -9999 -9999 -9999 -9999 -9999 6.88018432352692 8.79225462700169 8.99830738626994 8.28108563553542 7.27654855139554 8.11374247539788 8.30236212303862 8.28012938890606 7.85292620724067 8.31025115773082 7.60896378592588 7.06736960122362 7.59473961731419 7.79555140947923 6.71021148515865 8.48323617298156 8.42356638330966 8.3852687058039 8.32602922711521 6.66670226352289 8.48380992095917 6.69395529245958 7.90633258149028 7.94376963702962 7.67582933148369 7.8874706167262 8.2031515352428 8.0001881881617 8.04238257068209 7.67482527252287 7.79387797787786 7.83977781608701 7.77523116860539 8.00347528595012 8.38236084673554 14.2949996804819 -9999 -9999 -9999 -9999 -9999 -9999 -9999 -9999 -9999
-9999 -9999 -9999 -9999 -9999 -9999 -9999 -9999 -9999 -9999 -9999 -9999 -9999 -9999 -9999 -9999 -9999 8.13175178691745 8.39878365816548 8.15964231360704 8.19980467204005 7.35543889831752 7.57489749975502 7.84479811089113 7.82256537675858 8.317423007451 8.36977751040831 7.96958829602227 8.10537531739101 8.15605638874695 7.693233020138 8.10609250236303 7.76483198651113 7.72861414542422 8.7277962484397 5.95501570962369 8.6839045281522 8.80252692252398 8.04560990305617 7.41329181939363 8.16071809106506 8.47323144262191 8.39487898442894 8.34987562743481 8.18492308387067 7.96922970353626 7.99540695501491 7.79513305157889 7.72072511073202 8.03007089532912 6.44077060797897 15.7099996488541 -9999 -9999 -9999 -9999 -9999 -9999 -9999 -9999 -9999 -9999
-9999 -9999 -9999 -9999 -9999 -9999 -9999 -9999 -9999 -9999 -9999 -9999 -9999 12.2953824231712 7.48979154974222 7.81109041720629 7.42997832307592 7.5048524341546 8.40993986884132 8.28012938890606 8.45512252207845 8.09724722104147 8.06855982216075 8.19263282231987 8.28514968371019 8.31025115773082 8.08505507651716 8.02768027875572 8.03246151190251 8.26004820968956 8.22060303622857 7.48692280985415 8.35937832831405 8.52253790944815 6.60980558907613 8.74974210858345 8.77383952364326 7.96074301470071 8.10585344070569 8.17422507470474 8.02875605621375 8.63274533348158 8.3800571616739 7.58679081720766 7.85077465232462 7.63986250513699 7.44054484833032 6.34612058103085 7.38101849565282 7.51847894862294 7.65761283319443 9.76721242838539 13.4199997000396 -9999 -9999 -9999 -9999 -9999 -9999 24.0092688285862 24.8649994442239 -9999
-9999 -9999 -9999 -9999 -9999 -9999 -9999 -9999 -9999 -9999 9.8449997799471 8.41665532812476 7.6999267465435 8.54711779439822 8.01835687411949 8.33965574158356 8.33176670689136 8.45225378219038 8.00975065445527 8.28730123862624 8.25502791488543 8.44364756252617 8.22275459114462 8.21988585125655 7.98608355037868 7.83475752128288 7.89500105893239 7.68773460201919 8.40181177249178 8.67171238362789 8.22662738999352 8.42356638330966 8.50030517531559 8.61326180840842 8.89439831743948 9.0105822829064 8.10011596092954 8.78803978608921 8.83336587632075 8.85746329138055 8.98512221639976 8.33893855661154 7.97938982397318 7.98201950220391 7.9922991534695 8.25301979696378 8.16122012054548 7.79005299136043 7.55218664230779 7.43772392077372 9.81056437261501 14.9232833874412 9.72612852582167 -9999 -9999 -9999 8.33242872378861 6.39231924631167 6.3297448575031 6.24888225190807 6.80598827823997 17.7899996023625
-9999 -9999 -9999 -9999 -9999 -9999 -9999 20.1659048318322 7.88998076412827 8.16882228124887 7.63466291408986 7.93444623239338 8.27224035421386 8.37623217515647 8.47018340649083 8.34754477627575 8.47735525621101 8.02983183367178 8.4687490365468 8.44006163766608 8.46014281688258 8.37981810001656 8.22060303622857 7.83475752128288 8.30336618199945 8.22261115415022 8.17771537490189 7.9629543350311 8.84766176342964 8.35973692080006 8.32148705562577 8.3215826802887 8.12210963340476 8.46420686505735 8.98583940137178 8.83910335609689 8.62127037392929 8.16466260841116 8.14338612090796 8.15414389548823 8.10418000910431 7.8555558854714 7.80607012240216 8.41510360063985 7.92691579018719 7.78078935213853 7.41628009011038 7.6601229805965 7.62659458315466 7.46630374190863 7.48811811814085 7.44604326644912 7.82301361736609 7.1090619542636 6.9550584346056 6.96947385254316 6.91586427588481 6.59904781449586 6.50384150946047 6.44628741545603 6.52015746757388 14.2950772412154
-9999 -9999 -9999 -9999 -9999 8.33535263175145 8.1302377297543 8.1302377297543 8.00186161976308 7.88496046932414 7.97030548099428 8.59766303526703 8.34252448147163 7.88696858724579 8.56485182279721 8.59497359162197 8.63728750497103 7.86989958491176 7.65510268579237 8.00090537313372 8.25000762008131 8.23996703047305 7.04155094223097 7.10561946639791 8.71366770449094 8.37981810001656 7.55129016109277 7.97986794728786 8.1010722075589 8.1369314561598 8.20339059690014 8.1672922866419 9.08086641016416 8.98870814125985 8.99982450832613 8.3162276991643 8.48524429090321 8.93802706990391 9.08466749051586 9.04278388815001 8.9867000233382 8.34022948956117 8.23100221832283 8.1221693988191 8.03819899167866 6.96481215022504 7.81664860073943 7.62892543431371 7.54662845877465 7.47831659018993 7.50951413647272 7.48028884886298 7.37235251057427 7.19718008115888 7.08458204055205 6.55529953120276 7.16024505509995 6.83033996797167 6.91783653455786 7.05230871681124 6.52900274889544 6.96445355773903
-9999 -9999 -9999 -9999 -9999 8.38698994973674 8.34109011152759 8.54190190369263 8.59855951648206 8.50030517531559 8.29519027331844 7.51178522221744 8.14203143818304 7.83447064729407 8.7398449559696 8.65808586915955 8.57489241240546 8.34091081528459 8.25897243223153 8.60250403382815 8.71928565343842 8.91514545413 8.51841409585904 8.61405071187764 7.6839693809161 8.00998971611261 8.13884394941851 8.19454531557858 8.13215022301301 8.43647571280599 8.93348489841446 8.94388408050872 8.99552139849402 9.18270667619072 9.16226690448821 9.17661060392857 9.19454022822902 8.47711619455367 9.08581498647109 8.86420483011752 8.72507094554603 8.18574784658849 8.34109011152759 6.69730215566233 8.18474378762767 8.14189198554959 8.04453412559815 7.83081300393678 7.70315407891758 7.49391536333133 7.9272743826732 7.4530358199263 7.63143558171578 7.1702856447082 7.32699056109414 7.36033966229297 7.20327615342103 7.09569840761833 6.89273506053723 7.15163883543573 7.10287025733851 6.59761344455183
-9999 -9999 -9999 -9999 -9999 8.69035919290036 8.9069490544498 8.59784233151004 8.48237555101514 7.85985899530351 8.59999388642609 8.77156046917662 8.79004790401086 8.1302377297543 9.1500747599639 9.00520339561626 8.71020131045952 8.73798027504236 8.26148257963359 9.08450356252225 9.13859980041161 8.24785606516525 7.97191914718132 8.22299365280196 8.50389110017568 8.52803632756695 8.69107637787238 8.76953641381115 8.58098848466761 8.95758231347427 9.04866480492055 9.09155246624723 9.22322762710974 9.13343606861308 8.85029144166037 8.94481642097235 8.77379171131179 8.68605608306825 9.09356058416888 8.64517653966323 8.6840838243952 8.6003524789121 8.58080918842461 8.52092424326111 8.32065033982508 8.52200002071913 8.25502791488543 8.15874583239201 7.84587388834916 4.66479994496331 7.77666553854942 7.64972379850224 7.58517715102062 6.58972440985963 7.64864802104421 7.60645363852382 7.37360758427531 7.60860519343987 7.38317005056888 7.77475304529071 7.08816796541214 6.95620593056083
-9999 -9999 -9999 -9999 -9999 8.91985838394612 8.98081910656765 8.93276771344244 9.05397197371349 8.7478364456578 9.04034545924515 9.04966886388138 8.13525802455842 8.17470319801942 9.16513564437628 7.56007567699999 9.2375713265501 9.13859980041161 9.1500747599639 8.65210932772607 8.86511326441541 8.28180282050744 7.29435864486732 8.6121860309504 8.72033752473071 8.77441327162087 8.91082185329869 8.99444562103599 9.0027649667114 8.60501418123022 8.99243750311434 9.12855921080336 8.57094789505936 8.62294380553067 9.27959836591035 9.22150638317689 9.08581498647109 9.15150912990794 9.11278114141896 8.72000283841044 8.67117449489888 8.56825845141429 8.56682408147026 8.41496016364545 8.43611712031998 8.55588701064698 8.41245001624338 8.55767997307703 8.05098879034631 8.12306588003412 7.82376068504527 6.80631427140906 6.52015746757388 7.91101818997413 7.68271430721506 7.70351267140359 6.87851089192554 7.66860966943204 7.62270983122289 7.41902929916978 7.40109967486933 7.19120353972539
-9999 -9999 -9999 -9999 -9999 9.14648883510381 9.10919521655887 9.05468915868551 9.06903285812587 9.08983122231439 9.06329537834972 9.1701559391804 5.50032043736428 9.73362426552922 9.19023711839691 9.17732778890058 7.33201085589826 8.37479780521244 8.21988585125655 9.12927639577538 7.98249762551859 9.28318429077044 9.14146854029968 8.53975034877658 9.00219121873379 9.07233190899715 9.02987455865368 9.18665119353682 9.1024536778219 9.12196110906079 9.17302467906848 8.67242956859991 8.77893153694458 8.73052155133337 8.73339029122144 9.24952440941706 9.23628039360046 8.47233496140689 8.61146884597838 8.62473676796071 8.74964648392051 8.45426190011203 8.77881200611591 8.73643832735252 8.44346826628316 8.61362040089443 8.5445913473377 8.49337238725275 8.11768699274398 8.21677804971114 7.7267016521655 7.84431998757645 7.58481855853461 6.47497481433675 6.79890336003155 6.83870712597854 7.43648080015555 7.68247524555773 7.10394603479654 7.33679208904505 7.21152378059924 7.05302590178326
