EcologicalScience/Bass/data/rs_data_bass/sst_420.asc
NCOLS 226 
NROWS 124 
XLLCORNER -9.41648524995501 
YLLCORNER 47.587301625531 
CELLSIZE 0.0833 
NODATA_value -9999 
[rows 0 to 26 of 124, columns 62 to 123 of 226]
-9999 -9999 -9999 -9999 -9999 -9999 -9999 -9999 -9999 -9999 -9999 -9999 -9999 -9999 -9999 -9999 -9999 -9999 -9999 -9999 -9999 -9999 -9999 -9999 -9999 -9999 -9999 -9999 -9999 -9999 -9999 -9999 -9999 -9999 -9999 -9999 -9999 -9999 -9999 -9999 -9999 -9999 -9999 -9999 -9999 -9999 -9999 -9999 -9999 -9999 -9999 -9999 -9999 -9999 -9999 -9999 -9999 -9999 -9999 -9999 -9999 -9999
-9999 -9999 -9999 -9999 -9999 -9999 -9999 -9999 -9999 -9999 -9999 -9999 -9999 -9999 -9999 -9999 -9999 -9999 -9999 -9999 -9999 -9999 -9999 -9999 -9999 -9999 -9999 -9999 -9999 -9999 -9999 -9999 -9999 -9999 -9999 -9999 -9999 -9999 -9999 -9999 -9999 -9999 -9999 -9999 -9999 -9999 -9999 -9999 -9999 -9999 -9999 -9999 -9999 -9999 -9999 -9999 -9999 -9999 -9999 -9999 -9999 -9999
-9999 -9999 -9999 -9999 -9999 -9999 -9999 -9999 -9999 -9999 -9999 -9999 -9999 -9999 -9999 -9999 -9999 -9999 -9999 -9999 -9999 -9999 -9999 -9999 -9999 -9999 -9999 -9999 -9999 -9999 -9999 -9999 -9999 -9999 -9999 -9999 -9999 -9999 -9999 -9999 -9999 -9999 -9999 -9999 -9999 -9999 -9999 -9999 -9999 -9999 -9999 -9999 -9999 -9999 -9999 -9999 -9999 -9999 -9999 -9999 -9999 -9999
-9999 -9999 -9999 -9999 -9999 -9999 -9999 -9999 -9999 -9999 -9999 -9999 -9999 -9999 -9999 -9999 -9999 -9999 -9999 -9999 -9999 -9999 -9999 -9999 -9999 -9999 -9999 -9999 -9999 -9999 -9999 -9999 -9999 -9999 -9999 -9999 -9999 -9999 -9999 -9999 -9999 -9999 -9999 -9999 -9999 -9999 -9999 -9999 -9999 -9999 -9999 -9999 -9999 -9999 -9999 -9999 -9999 -9999 -9999 -9999 -9999 -9999
-9999 -9999 -9999 -9999 -9999 -9999 -9999 -9999 -9999 -9999 -9999 -9999 -9999 -9999 -9999 -9999 -9999 -9999 -9999 -9999 -9999 -9999 -9999 -9999 -9999 -9999 -9999 -9999 -9999 -9999 -9999 -9999 -9999 -9999 -9999 -9999 -9999 -9999 -9999 -9999 -9999 -9999 -9999 -9999 -9999 -9999 -9999 -9999 -9999 -9999 -9999 -9999 -9999 -9999 -9999 -9999 -9999 -9999 -9999 -9999 -9999 -9999
-9999 -9999 -9999 -9999 -9999 -9999 -9999 -9999 -9999 -9999 -9999 -9999 -9999 -9999 -9999 -9999 -9999 -9999 -9999 -9999 -9999 -9999 -9999 -9999 -9999 -9999 -9999 -9999 7.47999983280897 10.5833573590423 5.60502944327891 6.02745139179751 6.14578691218048 6.21607103943825 6.38102358300239 6.35592210898176 6.34301277948543 6.33727529970929 6.34731588931754 6.33082063496113 6.32293160026893 6.40755942696705 6.42046875646338 6.47354044439271 6.59402751969174 6.62916958332062 6.49505599355325 6.41975157149136 6.48860132880509 6.60478529427201 6.76866206037812 6.81205175118521 6.7876674621366 6.92787712416612 6.92859430913813 5.73483992321417 6.86189610674046 6.98041092336643 6.8873561732471 6.90205846517347 6.95405437564477 2.44009216176346
-9999 -9999 -9999 -9999 -9999 -9999 -9999 -9999 -9999 -9999 -9999 -9999 -9999 -9999 -9999 -9999 -9999 -9999 -9999 -9999 -9999 -9999 -9999 -9999 -9999 -9999 -9999 5.61381495918613 5.25360880699009 5.30022583017126 5.48023925814778 5.95501570962369 6.16299935150892 6.15080720698461 6.19885860010982 6.2777489470318 6.34588151937351 6.3136081956327 6.25766776781529 6.246192808263 6.3136081956327 6.31719412049279 6.35950803384185 6.34516433440149 6.4570451900363 6.53952146181837 6.50366221321747 6.52159183751792 6.55314797628671 6.61052277404815 6.63849298795685 6.76041443319991 6.81241034367122 6.67506942152977 6.96983244502917 4.78528702026233 6.85723440442234 6.95441296813078 5.9951780680567 7.00605028611608 7.02075257804245 6.93397319642827
-9999 -9999 -9999 -9999 -9999 -9999 -9999 -9999 -9999 -9999 -9999 -9999 -9999 -9999 -9999 -9999 -9999 -9999 -9999 -9999 -9999 -9999 -9999 -9999 -9999 -9999 5.71901702976902 5.59785759355873 5.52757346630096 5.50749228708446 6.02171391202137 6.02529983688146 6.28133487189189 6.24977873312309 6.2540818429552 6.28922390658408 6.29496138636023 6.30715353088453 6.20316170994192 6.23686940362677 6.24260688340291 6.28348642680794 6.29496138636023 6.35879084886983 6.42333749635145 6.52732931729406 6.56820886069909 6.57896663527936 6.60335092432797 6.61769462376833 6.66216009203345 6.73531295917928 6.66359446197748 6.6363414330408 6.62701802840456 6.69156467588618 6.36596269859001 6.43050934607163 6.42477186629549 6.41257972177118 6.87265388132073 6.77762687252834
-9999 -9999 -9999 -9999 -9999 -9999 -9999 -9999 -9999 -9999 -9999 -9999 -9999 -9999 -9999 -9999 -9999 -9999 -9999 -9999 -9999 -9999 -9999 -9999 -9999 -9999 5.83022552449256 5.78360850131139 5.77858820650727 5.91413616621867 6.01669361721724 6.08841211441904 6.19885860010982 6.25695058284327 6.246192808263 6.2182225943543 6.22539444407448 6.13646350754425 6.14148380234838 6.22467725910246 6.23973814351484 6.25264747301117 6.23830377357081 6.29854731122032 6.32508315518498 6.41831720154732 6.48644977388903 6.58398693008348 6.64566483767703 6.71092867013067 6.67937253136188 6.71021148515865 6.74965665861964 6.76615191297606 6.75754569331184 6.69658497069031 6.69443341577426 6.61769462376833 6.70303963543847 6.4929044386372 6.56390575086698 6.41975157149136
-9999 -9999 -9999 -9999 -9999 -9999 -9999 -9999 -9999 -9999 -9999 -9999 -9999 -9999 -9999 -9999 -9999 -9999 -9999 -9999 -9999 -9999 -9999 -9999 -9999 11.2880664425765 5.85532699851319 5.85460981354117 5.88616595230997 6.12929165782407 6.14148380234838 6.21535385446623 6.20674763480201 6.2540818429552 6.11638232832775 6.14578691218048 6.1744743110612 6.18164616078138 6.1622821665369 6.24045532848686 6.2340006637387 6.30356760602444 6.27416302217171 6.39178135758266 6.41114535182714 6.49218725366518 6.49935910338536 6.49218725366518 6.58255256013945 6.64494765270501 6.64781639259309 6.63060395326465 6.7159489649348 6.78121279738843 6.73387858923525 6.72240362968296 6.7159489649348 6.73746451409534 6.33799248468131 6.52302620746195 6.61984617868438 6.67076631169766
-9999 -9999 -9999 -9999 -9999 -9999 -9999 -9999 -9999 -9999 -9999 -9999 -9999 -9999 -9999 -9999 -9999 -9999 -9999 -9999 -9999 -9999 -9999 -9999 9.66392344871536 5.67172764567658 5.90481276158243 5.88401439739391 5.96792503912002 5.88186284247786 6.08052307972685 6.23686940362677 6.26483961753547 6.22539444407448 6.22037414927036 6.20459607988596 6.21391948452219 6.20029297005385 6.246192808263 6.25981932273135 6.31575975054875 6.33799248468131 6.37385173328221 6.43194371601567 6.48429821897298 6.5366527219303 6.55888545606285 6.57322915550321 6.61697743879631 6.644230467733 6.61769462376833 6.66216009203345 6.70734274527058 6.70949430018663 6.72670673951507 6.7561113233678 6.74893947364762 6.80631427140906 6.74320199387148 6.69730215566233 6.70232245046645 6.69801934063435
-9999 -9999 -9999 -9999 -9999 -9999 -9999 -9999 -9999 -9999 -9999 -9999 -9999 -9999 -9999 -9999 -9999 -9999 -9999 -9999 -9999 -9999 -9999 -9999 6.60478529427201 5.58423107909039 5.64304024679586 6.17375712608919 6.27272865222767 6.25121310306713 6.26340524759144 6.2899410915561 6.2698599123396 6.21105074463412 6.27918331697583 6.27416302217171 6.30500197596848 6.34229559451342 6.33512374479324 6.33870966965333 6.33584092976525 6.36883143847808 6.39967039227486 6.42405468132347 6.41688283160329 6.49003569874913 6.54956205142662 6.56534012081102 6.60263373935595 6.66574601689354 6.66861475678161 6.64709920762107 6.67722097644582 6.6722006816417 6.70734274527058 6.77619250258431 6.47497481433675 6.48142947908491 6.78981901705265 6.62558365846053 6.58900722488761 6.68224127124995
-9999 -9999 -9999 -9999 -9999 -9999 -9999 -9999 -9999 -9999 -9999 -9999 -9999 -9999 -9999 -9999 -9999 -9999 -9999 -9999 -9999 -9999 -9999 10.8349997578189 6.02816857676953 5.87755973264575 6.02243109699339 6.2540818429552 6.27201146725565 6.31575975054875 6.29639575630426 6.22252570418641 6.21678822441027 6.25910213775933 6.34731588931754 6.34803307428956 6.34803307428956 6.36811425350606 6.39967039227486 6.45489363512024 6.43050934607163 6.46995451953262 6.45632800506428 6.43552964087576 6.42907497612759 6.51011687796563 6.57179478555918 6.5925931497477 6.62916958332062 6.68511001113802 6.66718038683757 6.65355387236923 6.58040100522339 6.60478529427201 6.70447400538251 6.76615191297606 6.72885829443112 6.72885829443112 6.68367564119399 6.55171360634267 6.55314797628671 6.53450116701424
-9999 -9999 -9999 -9999 -9999 -9999 -9999 -9999 -9999 -9999 -9999 -9999 -9999 -9999 -9999 -9999 -9999 -9999 -9999 -9999 -9999 10.458524172989 3.15935697020031 4.98466444248334 3.97271644696593 5.7400395142613 5.29269538796507 5.42089220171329 6.25623339787126 6.19598986022174 6.21607103943825 6.16371653648093 6.16299935150892 6.20172733999789 6.19312112033367 6.32723471010104 6.37887202808633 6.41186253679916 6.52159183751792 6.48214666405693 6.50222784327343 6.50581376813352 6.53808709187433 6.52948087221012 6.55745108611882 6.57322915550321 6.60119936941192 6.64638202264905 6.60191655438393 6.67435223655775 6.69084749091417 6.73459577420726 6.76615191297606 6.78838464710861 6.75826287828386 6.74033325398341 6.7518082135357 6.76184880314395 6.76256598811597 6.69658497069031 6.72312081465498 6.71236304007471
-9999 -9999 -9999 -9999 -9999 -9999 -9999 -9999 -9999 -9999 -9999 -9999 -9999 -9999 -9999 -9999 -9999 -9999 -9999 -9999 9.72112274709541 5.69976957808249 5.38485365686938 5.04060487030074 5.15176854096353 6.30715353088453 5.42358164535835 6.34922838257626 5.56271552992985 5.58996855886653 5.92991423560306 6.1027558138594 6.01597643224522 6.01597643224522 6.03390605654567 6.10562455374748 6.27559739211574 6.31647693552077 6.37528610322624 6.45561082009226 6.52374339243397 6.57179478555918 6.59689625957981 6.60191655438393 6.61554306885228 6.63777580298483 6.6205633636564 6.67004912672564 6.6800897163339 6.76973783783615 6.77762687252834 6.79555649682879 6.77619250258431 6.79627368180081 6.78336435230449 6.75467695342377 6.76041443319991 6.76113161817193 6.74535354878753 6.74965665861964 6.76471754303202 6.78336435230449
-9999 -9999 -9999 -9999 -9999 -9999 -9999 -9999 -9999 -9999 -9999 -9999 -9999 -9999 -9999 -9999 -9999 -9999 -9999 -9999 10.9962192140878 4.92628558576107 5.84941022249404 6.09379100170918 6.09612185286824 6.09020507684909 5.48759040411096 6.06582078780048 6.04552445309237 5.4852595529519 5.60502944327891 6.10221792513039 5.89979246677831 5.9112674263306 5.85747855342925 5.88329721242189 6.22539444407448 6.29639575630426 6.34301277948543 6.43481245590374 6.54167301673442 6.57609789539129 6.47569199930876 6.61697743879631 6.65068513248116 6.68582719611004 6.67506942152977 6.70590837532654 6.69730215566233 6.7439191788435 6.7518082135357 6.77906124247238 6.79268775694072 6.77690968755633 6.81205175118521 6.79268775694072 6.60980558907613 6.80416271649301 6.81635486101732 6.63921017292887 6.71379741001874 6.69515060074627
-9999 -9999 -9999 -9999 -9999 -9999 -9999 -9999 -9999 -9999 -9999 -9999 -9999 -9999 -9999 -9999 -9999 -9999 9.11169756847211 5.71655170642771 5.71278648532461 5.53761405590922 5.61004973808303 5.85317544359714 6.00234991777688 6.05613879067823 5.62797936238348 6.01741080218926 6.24762717820704 6.25623339787126 5.49027984775603 5.55769523512572 5.51681569172069 5.87182225286961 5.85389262856916 5.8675191430375 6.20961637469009 6.3179113054648 6.31145664071664 6.41688283160329 5.52542191138491 6.65427105734125 6.67291786661372 6.68295845622197 6.62916958332062 6.67076631169766 6.70447400538251 6.72455518459901 6.7202520747669 6.76328317308798 6.75898006325588 6.75395976845175 6.71308022504672 6.73387858923525 6.75324258347973 6.6083712191321 6.48429821897298 6.36452832864597 6.57036041561514 6.70232245046645 6.68726156605408 6.64351328276098
-9999 -9999 -9999 -9999 -9999 -9999 -9999 -9999 -9999 -9999 -9999 -9999 -9999 -9999 -9999 -9999 7.67560044266284 8.84934475749731 3.12801598692313 4.71715444792062 4.80967130931094 5.82735678460449 5.59319589124061 5.59534744615667 5.98226873856038 5.97151096398011 5.95573289459571 5.29305398045108 5.86465040314943 5.95017471106257 5.47019866853952 5.53617968596518 5.5010376223363 5.64304024679586 5.79866938572377 5.82592241466045 5.92202520091087 6.10992766357958 6.55243079131469 6.57107760058716 6.61912899371237 6.61984617868438 6.69084749091417 6.71021148515865 6.73244421929121 6.71738333487883 6.74176762392744 6.73029266437516 6.75969724822789 6.72455518459901 6.74678791873157 6.74320199387148 6.67793816141784 6.69586778571829 6.44843897037208 6.51155124790967 6.60980558907613 6.59689625957981 6.43768119579181 6.48860132880509 6.47138888947666 6.41616564663127
-9999 -9999 -9999 -9999 -9999 -9999 -9999 -9999 -9999 -9999 -9999 -9999 -9999 -9999 -9999 -9999 7.9520737234503 3.75142503948882 4.45376826694701 5.00187688181177 5.01048310147598 5.19408245431259 5.74631488276646 6.10921047860757 6.06115908548236 4.93015838460997 6.15511031681672 5.28014465095475 5.78719442617148 6.03620104845613 5.87755973264575 6.16407512896694 5.2980742752552 5.5490890154615 5.59498885367066 5.64088869187981 5.81373027013615 6.12140262313187 6.26699117245153 6.44054993567988 6.47425762936473 6.63849298795685 6.81133456621319 6.7281411094591 6.7797784274444 6.72240362968296 6.69299904583022 6.71379741001874 6.75969724822789 6.75467695342377 6.7001708955504 6.66718038683757 6.6800897163339 6.56031982600689 6.67506942152977 6.67722097644582 6.68726156605408 6.32508315518498 6.47425762936473 6.35520492400974 6.2777489470318 6.42190312640741
-9999 -9999 -9999 -9999 -9999 -9999 -9999 -9999 -9999 -9999 -9999 -9999 -9999 -9999 -9999 -9999 -9999 -9999 7.40503796075043 5.38987395167351 5.42358164535835 5.55769523512572 5.65523239132017 6.18188522243872 5.77500228164718 5.39184621034656 4.96655552193988 5.37248221610207 5.83524581929669 5.75348673248664 5.75061799259856 5.74703206773847 5.61004973808303 5.38987395167351 5.43649097485468 5.53187657613307 5.61291847797111 6.27488020714372 6.45489363512024 6.47640918428078 6.43122653104365 6.38450705286648 6.50000456986018 6.6564226122573 6.67722097644582 6.74607073375955 6.68941312097013 6.65498824231327 6.67291786661372 6.68080690130591 6.73029266437516 6.70877711521462 6.63992735790089 6.66072572208941 6.64279609778896 6.6363414330408 6.69371623080224 6.6800897163339 6.47354044439271 6.14291817229241 6.21535385446623 6.36739706853405
-9999 -9999 -9999 -9999 -9999 -9999 -9999 -9999 -9999 -9999 -9999 -9999 -9999 -9999 9.00375606449803 5.03923286426731 4.91899524461073 7.13859739291825 5.59881384018809 5.86967069795355 5.64232306182384 5.64017150690779 5.82592241466045 6.02027954207733 5.81683807168156 4.66390346374828 4.54377498093527 4.6049149997998 5.2460783647839 5.86034729331732 5.83452863432467 5.72479933360592 5.71045563416556 5.36046936782077 6.00019836286083 5.76998198684305 5.76281013712287 5.91987364599481 6.13359476765618 4.53498946502805 6.33205009491316 6.43352152295411 6.45684028004429 6.46708577964455 6.6631163386628 6.36847284599207 6.62486647348851 6.41616564663127 6.41760001657531 6.47784355422482 6.55027923639864 6.5366527219303 6.32866908004507 6.47640918428078 6.47138888947666 6.68726156605408 6.65283668739721 6.62128054862842 6.15152439195663 6.01167332241312 6.0590075305663 5.83883174415678
-9999 -9999 -9999 -9999 -9999 -9999 -9999 -9999 -9999 -9999 -9999 -9999 -9999 5.17615283001214 5.08005004376173 5.04992827493697 5.40887935343198 5.87612536270171 5.74990080762655 6.11494795838371 5.6365855820477 5.86393321817741 6.10849329363555 5.94497512001544 6.21535385446623 4.32150740502402 5.81564276339486 5.79723501577973 5.8239501559874 5.65128787397407 5.79006316605955 5.93565171537921 6.03964353632182 6.22037414927036 6.05327005079016 6.05040131090209 6.03964353632182 6.07191686006263 6.29280983144417 6.04179509123787 6.38030639803037 6.45202489523217 6.61076183570549 6.61434776056558 6.20521080986198 5.10515151778236 6.32418667396996 6.7202520747669 6.6083712191321 6.62558365846053 6.61697743879631 6.58972440985963 6.50366221321747 6.4692373345606 6.44341867556795 6.00402334937826 6.03390605654567 6.68467970015481 6.27488020714372 6.2698599123396 6.11494795838371 5.92130801593885
-9999 -9999 -9999 -9999 -9999 -9999 -9999 -9999 -9999 -9999 8.55498759014929 6.42706685820594 4.90051473909989 4.95382548868656 4.85413677757606 4.93302712449804 4.73364970227703 6.55321317492053 6.41277531767264 6.74926546681672 6.3722261140123 5.98513747844845 5.9750968888402 6.32221441529691 6.37026580842212 6.34731588931754 5.01502527296543 4.82096697262023 5.78468427876942 6.12929165782407 5.77894679899327 6.14040802489035 6.35018462920561 6.39034698763862 6.13718069251627 5.96792503912002 5.90266120666638 5.91700490610674 6.38102358300239 6.28850672161207 6.46421703975648 6.50007628835738 6.56964323064312 6.54525894159451 6.3975188373588 5.99222964094952 6.3336893748492 6.72670673951507 6.66718038683757 6.6800897163339 6.60908840410411 6.51800591265783 6.46636859467253 6.36381114367396 6.67327645909972 6.56713308324106 6.53055664966814 6.7162358389236 6.23615221865475 5.91413616621867 6.11996825318784 6.2103335596621
-9999 -9999 -9999 -9999 -9999 -9999 -9999 -9999 -9999 -9999 -9999 11.7408267559552 6.42929909643135 6.7677297199145 4.57013152865693 4.74512466182932 11.9199997335672 -9999 -9999 9.22999979369342 -9999 9.74160433081691 6.02482171356678 6.35305336909369 6.3136081956327 6.26699117245153 5.50641650962643 5.15368103422225 5.28695790818892 5.28175831714179 5.83004622824956 6.11423077341169 6.01669361721724 6.28276924183592 5.75492110243067 5.8438520389609 5.80082094063982 5.82735678460449 5.97939999867231 6.53736990690231 6.55529953120276 6.58398693008348 6.485015403945 6.56031982600689 5.80010375566781 6.67267880495638 6.72078996349592 6.50688954559155 6.63992735790089 6.66502883192152 6.53019805718213 6.44987334031612 6.49433880858123 6.44700460042804 6.47999510914087 6.47103029699065 6.24475843831897 6.30141605110839 6.24906154815108 6.15511031681672 6.10347299883142 6.09343240922317
-9999 -9999 -9999 -9999 -9999 -9999 -9999 -9999 -9999 -9999 -9999 -9999 -9999 -9999 -9999 -9999 -9999 -9999 -9999 -9999 -9999 -9999 -9999 -9999 -9999 4.61002067376726 5.8198263423983 5.90804009395652 5.30754111688584 5.29061555154622 5.13832132273819 5.79603970749304 6.14865565206856 6.27272865222767 6.35090181417763 6.06617938028648 5.87469099275768 5.86536758812144 5.90839868644252 6.05040131090209 6.65140231745318 6.52589494735003 6.4570451900363 6.50581376813352 6.52302620746195 6.58183537516743 6.50007628835738 6.74463636381552 6.66646320186555 6.69801934063435 6.67506942152977 6.60550247924402 6.56103701097891 6.55243079131469 6.50868250802159 6.38102358300239 6.36309395870194 6.35448773903772 6.36094240378588 6.35807366389781 6.14220098732039 6.01956235710531
-9999 -9999 -9999 -9999 -9999 -9999 -9999 -9999 -9999 -9999 -9999 -9999 -9999 -9999 -9999 -9999 -9999 -9999 -9999 -9999 -9999 -9999 -9999 -9999 -9999 10.6396679468453 5.16051819762215 5.99833368193358 6.15172930194863 5.55673898849636 5.96864222409204 6.34121981705539 6.43983275070786 6.33799248468131 6.1902523804456 5.90696431649849 5.81516464008018 5.88186284247786 5.86178166326135 5.9392376402393 5.92847986565903 6.20961637469009 6.5366527219303 6.55386516125873 6.63705861801282 6.59761344455183 6.63203832320869 6.62988676829264 6.75395976845175 6.77547531761229 6.71092867013067 6.67291786661372 6.62199773360044 6.59904781449586 6.56892604567111 6.41401409171522 6.39608446741477 6.40038757724687 6.30500197596848 6.29567857133225 6.15654468676075 6.31432538060471
-9999 -9999 -9999 -9999 -9999 -9999 -9999 -9999 -9999 -9999 -9999 -9999 -9999 -9999 -9999 -9999 -9999 -9999 -9999 -9999 -9999 -9999 -9999 -9999 -9999 -9999 -9999 6.54113512800541 5.95952372944781 5.66670735087246 6.44234289810993 5.51394695183262 5.0604469878599 4.38140942602019 4.90888189710677 5.2742278749356 6.90456861257553 5.88258002744988 5.92130801593885 5.9112674263306 5.95645007956773 5.95501570962369 6.1465040971525 6.47282325942069 6.57753226533532 6.63132113823667 6.65785698220134 6.59617907460779 6.62988676829264 6.69586778571829 6.55888545606285 6.61052277404815 6.56318856589496 6.59474470466375 6.56749167572707 6.45274208020419 6.37456891825423 6.3179113054648 6.25981932273135 6.22396007413045 6.24260688340291 6.24834436317906
