EcologicalScience/Bass/data/rs_data_bass/sst_521.asc
NCOLS 226 
NROWS 124 
XLLCORNER -9.41648524995501 
YLLCORNER 47.587301625531 
CELLSIZE 0.0833 
NODATA_value -9999 
[rows 0 to 26 of 124, columns 0 to 61 of 226]
-9999.000000000000000 -9999 -9999 -9999 -9999 -9999 -9999 -9999 -9999 -9999 -9999 -9999 -9999 -9999 -9999 -9999 -9999 -9999 -9999 -9999 -9999 -9999 -9999 -9999 -9999 -9999 -9999 -9999 -9999 -9999 -9999 -9999 -9999 -9999 -9999 -9999 -9999 -9999 -9999 -9999 -9999 -9999 -9999 -9999 -9999 -9999 -9999 -9999 -9999 -9999 -9999 -9999 -9999 -9999 -9999 -9999 -9999 -9999 -9999 -9999 -9999 -9999
-9999 -9999 -9999 -9999 -9999 -9999 -9999 -9999 -9999 -9999 -9999 -9999 -9999 -9999 -9999 -9999 -9999 -9999 -9999 -9999 -9999 -9999 -9999 -9999 -9999 -9999 -9999 -9999 -9999 -9999 -9999 -9999 -9999 -9999 -9999 -9999 -9999 -9999 -9999 -9999 -9999 -9999 -9999 -9999 -9999 -9999 -9999 -9999 -9999 -9999 -9999 -9999 -9999 -9999 -9999 -9999 -9999 -9999 -9999 -9999 -9999 -9999
-9999 -9999 -9999 -9999 -9999 -9999 -9999 -9999 -9999 -9999 -9999 -9999 -9999 -9999 -9999 -9999 -9999 -9999 -9999 -9999 -9999 -9999 -9999 -9999 -9999 -9999 -9999 -9999 -9999 -9999 -9999 -9999 -9999 -9999 -9999 -9999 -9999 -9999 -9999 -9999 -9999 -9999 -9999 -9999 -9999 -9999 -9999 -9999 -9999 -9999 -9999 -9999 -9999 -9999 -9999 -9999 -9999 -9999 -9999 -9999 -9999 -9999
-9999 -9999 -9999 -9999 -9999 -9999 -9999 -9999 -9999 -9999 -9999 -9999 -9999 -9999 -9999 -9999 -9999 -9999 -9999 -9999 -9999 -9999 -9999 -9999 -9999 -9999 -9999 -9999 -9999 -9999 -9999 -9999 -9999 -9999 -9999 -9999 -9999 -9999 -9999 -9999 -9999 -9999 -9999 -9999 -9999 -9999 -9999 -9999 -9999 -9999 -9999 -9999 -9999 -9999 -9999 -9999 -9999 -9999 -9999 -9999 -9999 -9999
-9999 -9999 -9999 -9999 -9999 -9999 -9999 -9999 -9999 -9999 -9999 -9999 -9999 -9999 -9999 -9999 -9999 -9999 -9999 -9999 -9999 -9999 -9999 -9999 -9999 -9999 -9999 -9999 -9999 -9999 -9999 -9999 -9999 -9999 -9999 -9999 -9999 -9999 -9999 -9999 -9999 -9999 -9999 -9999 -9999 -9999 -9999 -9999 -9999 -9999 -9999 -9999 -9999 -9999 -9999 -9999 -9999 -9999 -9999 -9999 -9999 -9999
-9999 -9999 -9999 -9999 -9999 8.63943905988708 10.0374118665932 9.78316979401279 10.0415356801823 10.0115932076005 9.93037200951949 8.2098452616483 8.14529861416668 8.00903346948326 8.11159092048183 7.78742331312969 7.49983213935047 7.78527175821364 7.84623248083517 7.7838373882696 7.92870875261724 7.70566422631964 7.86129336524755 8.317423007451 10.4383508652681 11.0549997529015 10.7280866083955 7.48118533007801 7.67482527252287 7.70351267140359 7.41018401784822 7.30530950770928 7.08999984152615 -9999 12.3249997245148 -9999 -9999 12.2299997266382 -9999 9.64886256430298 11.869927047845 6.95354210066476 11.0849997522309 -9999 -9999 -9999 -9999 -9999 -9999 -9999 -9999 -9999 -9999 -9999 -9999 -9999 -9999 -9999 -9999 -9999 -9999 -9999
-9999 -9999 -9999 -9999 -9999 9.1701559391804 8.98727377131581 8.75490584038198 8.94495985796675 10.0962210342987 8.60501418123022 9.83839303685818 8.14816735405475 8.22275459114462 8.2098452616483 9.51350824453402 7.78814049810171 7.98106325557455 8.05636767763644 8.00401317467913 7.97173985093832 7.83475752128288 7.90360727859661 8.04543060681317 13.2649997035041 12.586394834891 8.42930386308581 7.51847894862294 7.4252449022606 9.76326791103929 8.00222021224909 7.93372904742137 10.198285420629 12.7458851426412 10.530345050944 11.0499997530133 12.0099997315556 -9999 -9999 10.6403236588197 10.8499997574836 8.45553234206247 7.1424947270425 8.98737622631182 12.6059782033622 12.4049997227266 -9999 -9999 -9999 -9999 -9999 -9999 -9999 -9999 -9999 -9999 -9999 -9999 -9999 -9999 -9999 -9999
-9999 -9999 -9999 -9999 -9999 10.1455275011249 9.26697591040283 9.16513564437628 8.92487867875025 8.78144168434665 9.96551407314837 9.78263190528378 8.05780204758048 8.16896571824327 8.25000762008131 8.25215917499736 7.98751792032272 7.92225408786908 7.99612413998693 8.05278175277635 8.02194279897958 7.7479781396687 7.96528518619016 7.97550507204141 11.2849997477606 11.8849997343495 8.08362070657313 7.16490675741807 8.04991301288828 8.14529861416668 8.02481153886765 7.84515670337714 7.90012380873252 6.99547180777881 7.04872279195115 11.7049997383729 -9999 12.3099997248501 12.0549997305498 -9999 12.5099997203797 11.9067903554067 7.45058543793857 7.80592668540776 11.2549997484311 -9999 -9999 -9999 -9999 -9999 -9999 -9999 -9999 -9999 -9999 -9999 -9999 -9999 -9999 -9999 -9999 -9999
-9999 -9999 -9999 -9999 -9999 9.4448377834633 9.22035888722166 10.1268806918524 10.2084604824195 8.87467573070899 8.40491957403719 8.48022399609908 9.26267280057073 8.93384349090047 9.15652942471206 8.30021056812257 8.05493330769241 7.90217290865257 8.02409435389563 7.98393199546263 7.69275489682332 7.75658435933292 7.77021087380126 8.1142002530396 13.1149997068569 8.43002104805782 9.15635012846906 9.16800438426435 8.15749075869098 8.08003478171304 8.46516311168671 8.37766654510051 8.28012938890606 7.40157779818401 7.32770774606615 7.76519057899714 13.6704916385934 12.8599997125566 -9999 -9999 -9999 -9999 -9999 -9999 -9999 -9999 9.33499979134649 -9999 -9999 -9999 -9999 -9999 -9999 -9999 -9999 -9999 -9999 -9999 -9999 -9999 -9999 -9999
-9999 -9999 -9999 -9999 -9999 9.3652302515693 9.89164402103052 9.71790596155915 9.29781486419961 9.990794843412 10.0867183334194 9.37627490013838 9.28992582950741 9.64780113054439 8.81586656300351 8.85985390795395 7.79531234782189 7.93372904742137 7.90934475837275 7.84766685077921 7.83690907619894 7.23519088467583 7.122592844069 8.20446637435816 7.23160495981574 8.21522414893843 7.43528549186885 5.25815097847953 8.33535263175145 7.42309334734455 8.7516785080079 8.45512252207845 7.70996733615175 7.31318475038279 7.87491987971589 7.8634449201636 7.8354747062549 7.84479811089113 8.33266318810638 7.96528518619016 8.3134784901049 13.4199997000396 -9999 12.1238105279393 12.5207978584503 12.784999714233 12.0949997296557 -9999 -9999 -9999 -9999 -9999 -9999 -9999 -9999 -9999 -9999 -9999 -9999 -9999 -9999 -9999
-9999 -9999 -9999 -9999 -9999 9.0582750835456 9.75800855457783 10.0433286426123 8.74486525077373 8.49026458570734 8.61003447603434 8.81514937803149 9.10776084661484 6.82962278299965 6.64817498507909 8.74151838757098 9.17302467906848 7.81109041720629 7.6640674979426 7.61386454990134 7.71857355581596 7.40014342823997 7.07525863591582 8.30263106740313 8.29447308834642 8.28514968371019 8.7796487219166 8.48524429090321 8.32100893231109 8.55893504677806 7.70996733615175 7.59019744582474 6.90600298251957 7.88998076412827 8.0348521284759 7.47455136908684 7.84981840569526 8.35525451472495 7.95381022663787 7.0983878512634 10.3800469869748 7.25706502632238 8.61666843702551 12.56360884378 12.7349997153506 12.039999730885 -9999 -9999 -9999 -9999 -9999 -9999 -9999 -9999 -9999 -9999 -9999 -9999 -9999 -9999 -9999 -9999
-9999 -9999 -9999 -9999 -9999 9.13501387555152 9.06831567315385 8.89762564981356 8.87395854573697 9.25334939593449 8.8273415225558 8.84813988674432 8.78072449937463 8.92344430880621 8.86033203126863 8.98225347651169 9.0543305661995 8.14027831936255 7.98249762551859 7.46971037052572 8.55481123318896 8.45619829953648 10.0086755687371 8.22720113797113 9.08857614861336 8.43647571280599 8.67027801368386 8.46014281688258 8.64230779977515 8.91483808914199 7.71283607603982 7.74510939978063 7.74941250961274 7.83834344614297 7.87491987971589 7.59521774062887 8.61911881901324 8.33922543060035 8.43880656396504 8.31814019242302 8.66095460904762 8.85746329138055 12.1836237546057 13.0699997078627 -9999 -9999 12.2549997260794 -9999 -9999 -9999 -9999 -9999 -9999 -9999 -9999 -9999 -9999 -9999 -9999 -9999 -9999 -9999
-9999 -9999 -9999 -9999 -9999 9.21031829761341 9.16011534957215 8.95930355740711 8.81873530289158 8.88758506020531 8.77355264965445 8.66167179401964 8.67386393854395 8.67529830848798 8.83021026244387 9.29315316188149 8.0864894464612 8.07286293199286 7.88567765429616 7.87061676988378 7.82328256173059 5.263410334941 7.6325113591738 7.70494704134762 8.18976408243179 8.91196934925392 8.46659748163074 8.90408031456172 8.35041351616383 7.80535293743014 8.89714752649888 8.79745881538838 9.22035888722166 10.2927297166316 10.3526146617951 7.94878993183374 8.09366129618138 7.95309304166585 7.69897049991414 7.5724471177673 8.27457120537292 8.62509536044672 7.83816414989997 10.0980997471058 -9999 12.1299997288734 -9999 -9999 -9999 -9999 -9999 -9999 -9999 -9999 -9999 -9999 -9999 -9999 -9999 -9999 -9999 -9999
-9999 -9999 -9999 -9999 -9999 9.12569047091529 8.75347147043794 8.70470289234072 9.04446927283425 7.86989958491176 9.00161747075617 8.77283546468243 8.61577195581049 8.11804558522999 8.08290352160111 7.87276832479984 8.02050842903554 7.84838403575122 7.84264655597508 7.76734213391319 7.97711873822846 7.79531234782189 7.85985899530351 7.66621905285865 9.04895167890936 8.87395854573697 8.8990600197576 9.04751730896533 8.9908596961759 9.04464856907725 8.85029144166037 8.80510878842324 9.08265937259421 9.79578029643744 7.94233526708558 7.51776176365092 7.47903377516195 7.28252509282902 7.25742361880839 9.13160724693444 9.42242575308774 7.09165143527623 13.0504623414017 12.929999710992 11.8749997345731 -9999 -9999 -9999 -9999 -9999 -9999 -9999 -9999 -9999 -9999 -9999 -9999 -9999 -9999 -9999 -9999 -9999
-9999 -9999 -9999 -9999 -9999 9.15366068482399 8.96217229729518 9.2655415404588 9.16513564437628 7.9150822381489 8.59282203670591 7.9150822381489 7.97962888563052 8.02839746372774 7.98823510529473 7.81109041720629 7.89284950401634 7.9150822381489 7.69562363671139 7.69562363671139 7.81324197212234 7.78240301832557 7.91938534798101 8.75347147043794 8.94065674813464 8.91985838394612 8.97006133198738 9.06186100840569 9.13573106052354 9.06975004309788 8.59784233151004 8.98583940137178 8.92487867875025 9.52707499358803 7.98966947523877 9.52319024165627 9.31682026595809 8.52798851523548 10.5299386461265 8.05230362946168 10.5849997634068 -9999 -9999 -9999 -9999 -9999 -9999 -9999 -9999 -9999 -9999 -9999 -9999 -9999 -9999 -9999 -9999 -9999 -9999 -9999 -9999 -9999
-9999 -9999 -9999 -9999 -9999 9.19023711839691 9.01667835516855 8.87754447059706 9.10489210672677 8.29447308834642 8.21558274142444 8.1065706256777 8.06999419210479 7.98249762551859 8.03987242328003 7.83404033631086 8.54261908866465 8.5686170439003 7.90217290865257 7.11422568606213 7.70781578123569 8.29662464326248 8.5089113949798 8.79219945892692 8.75060273054987 8.7914822739549 8.60573136620224 8.82590715261176 9.03173923958093 9.24115725141019 9.22466199705377 9.21175266755745 9.09126559225842 8.33734481222928 9.275270310514 9.07494963414501 8.73805199353956 8.52110353950411 12.2539125088632 9.829478427656 8.19390781782568 10.5249997647479 -9999 -9999 -9999 -9999 -9999 13.2249997043982 13.2249997043982 -9999 -9999 -9999 -9999 -9999 -9999 -9999 -9999 -9999 -9999 -9999 -9999 -9999
-9999 -9999 -9999 -9999 -9999 9.0066377655603 8.89977720472962 8.90551468450576 9.43246634269599 8.74486525077373 8.49600206548348 8.22275459114462 7.92010253295302 7.93014312256128 7.96743674110621 7.92368845781311 7.86631366005167 8.1223486950621 8.24660099146422 7.82973722647876 7.79029205301777 7.93444623239338 8.8273415225558 8.5763267823495 8.85746329138055 8.61003447603434 8.63585313502699 8.70111696748063 8.66956082871184 8.955000447575 8.8312860399019 8.30207524904981 7.83475752128288 8.86069062375464 7.4252449022606 8.49779502791353 8.4688386846683 12.1377239163965 -9999 -9999 -9999 -9999 -9999 -9999 -9999 -9999 -9999 -9999 -9999 -9999 -9999 -9999 -9999 -9999 -9999 -9999 -9999 -9999 -9999 -9999 -9999 -9999
-9999 -9999 -9999 -9999 -9999 9.08767966739833 9.03245642455295 9.30211797403172 9.13214513566345 8.54979093838483 8.62868128530681 8.97508162679151 8.54405345860869 7.98751792032272 8.12521743495017 8.0147709492594 8.00759909953922 8.10155033087358 8.27726064901799 8.79004790401086 8.38053528498858 8.76207769010216 8.98870814125985 9.00950650544837 8.87611010065302 8.51895198458806 8.77355264965445 8.7835932392627 6.63737736688927 8.42051834717859 9.45595415052958 7.99492883170024 8.22155928285792 8.32638781960122 6.63992735790089 8.15354624134488 7.82031136684652 8.11759734462248 9.62478884752921 9.74134487041738 11.6199997402728 -9999 -9999 -9999 -9999 -9999 -9999 -9999 -9999 -9999 -9999 -9999 -9999 -9999 -9999 -9999 -9999 -9999 -9999 -9999 -9999 -9999
-9999 -9999 -9999 -9999 -9999 9.28633990464732 9.07190159801394 9.09485151711851 9.53592027490959 8.85387736652046 8.59855951648206 8.42213201336563 8.45942563191056 8.07501448690891 7.88854639418423 7.94592119194567 7.8555558854714 8.09939877595752 8.80797752831131 8.77068390976638 8.91985838394612 9.01237524533644 9.06042663846165 8.79004790401086 8.85459455149248 8.85244299657643 8.74486525077373 8.76638079993427 8.76638079993427 8.87467573070899 9.01022369042039 8.93993956316262 8.31025115773082 6.81456189858727 6.44843897037208 6.80165256909095 8.72502313321456 8.07798568179299 8.62530027043873 12.6049997182563 -9999 -9999 -9999 13.0149997090921 7.62988168094307 12.2449997263029 -9999 -9999 -9999 -9999 -9999 -9999 -9999 -9999 -9999 -9999 -9999 -9999 -9999 -9999 -9999 -9999
-9999 -9999 -9999 -9999 -9999 9.16513564437628 9.14720602007583 9.0503860488534 9.1221045460552 8.95284889265895 8.53688160888851 8.87467573070899 8.43504134286195 8.88901943014935 7.97819451568648 7.83977781608701 8.01979124406353 8.10513625573367 8.86678669601679 8.89762564981356 8.93133334349841 8.92918178858235 9.04393138410524 9.42403941927478 9.46420177770779 9.39033172558993 8.68031860329211 8.76853235485032 8.7276528114453 8.79004790401086 9.11278114141896 6.60514388675801 8.53401286900043 6.74714651121758 6.91353342472576 8.31527145253494 8.813396259211 8.06180633034091 8.38296268027849 8.55983152799308 8.04453412559815 8.74988554557785 8.48685795709025 8.82052826532163 8.67153308738489 13.0500635885695 13.1249997066334 -9999 -9999 -9999 -9999 -9999 -9999 -9999 -9999 -9999 -9999 -9999 -9999 -9999 -9999 -9999
-9999 -9999 -9999 -9999 -9999 9.21605577738956 9.16657001432031 8.96790977707133 9.06329537834972 9.08839685237035 9.02026428002864 9.16011534957215 9.01524398522452 8.51034576492384 9.14003417035565 9.40467542503029 9.35447247698903 9.21533859241754 8.97006133198738 9.00807213550434 9.00018310081214 9.11206395644695 9.62126528657973 9.56747641367838 9.41973630944267 9.44125185860321 9.37455365620553 9.33439129777253 9.38244269089773 9.47137362742797 9.48500014189631 9.43264563893899 9.48500014189631 8.37981810001656 8.36762595549226 8.37479780521244 7.55075227236375 7.85340433055535 7.61314736492932 7.82615130161867 8.12808617483824 7.18355356669053 8.31025115773082 7.57782600505743 8.87875236107625 10.149830610957 -9999 -9999 -9999 -9999 -9999 -9999 -9999 -9999 -9999 -9999 -9999 -9999 -9999 -9999 -9999 -9999
-9999 -9999 -9999 -9999 -9999 9.18736837850884 9.2296822918579 9.07477033790201 9.10058899689466 9.17159030912444 8.92272712383419 8.91698964405805 8.52110353950411 9.04177982918918 9.09987181192264 9.20816674269736 9.23255103174597 8.98512221639976 8.99587999098003 8.98081910656765 9.23111666180193 9.59114351775497 9.58468885300681 9.57895137323067 9.60477003222331 9.50364695116878 9.38315987586975 9.23613695660606 8.93922237819061 9.13501387555152 9.58325448306277 9.4806970320642 9.07477033790201 9.08983122231439 8.23279518075287 8.0427411631681 8.06067078746855 8.31240271264687 8.53903316380456 8.05923641752452 7.75299843447283 8.08792381640524 8.50604265509173 8.18653675005771 9.61147415261392 7.64936520601623 13.534943678882 -9999 -9999 -9999 -9999 -9999 -9999 -9999 10.9150669761002 -9999 -9999 -9999 -9999 -9999 -9999 -9999
-9999 -9999 -9999 -9999 -9999 9.32076478330418 9.18521682359278 9.03173923958093 9.14146854029968 9.08983122231439 9.26984465029091 8.49743643542752 8.7477339906618 8.89547409489751 8.83809929713607 8.92846460361034 9.13214513566345 9.00878932047635 9.14075135532767 9.42260504933074 9.54596086451784 9.68294319417328 9.67433697450906 9.66357919992879 9.65569016523659 9.68509474908933 9.64636676060036 9.49504073150456 9.35590684693307 9.49575791647658 9.19812615308911 9.3092898237519 9.12067017611116 8.93778800824657 8.93205052847043 8.37264625029638 8.63513595005497 8.58995329681784 8.83809929713607 8.31025115773082 8.68677326804027 8.53186131408438 12.3336200839966 10.0347380139258 8.76570136153972 7.89607683639042 11.2048097047955 -9999 11.4122195987031 11.2149997493252 -9999 -9999 -9999 -9999 -9999 -9999 -9999 -9999 -9999 -9999 -9999 -9999
-9999 -9999 -9999 -9999 -9999 9.37598802614957 9.64062928082421 9.7037415583618 8.98010192159563 9.18521682359278 9.64995268546045 9.46133303781971 9.35375529201701 9.17947934381664 9.30211797403172 9.17876215884462 9.29136019945145 9.30283515900373 9.5445264945738 9.58325448306277 9.60620440216735 9.64206365076825 9.82781455852091 9.65353861032054 9.76183354109526 9.69011504389346 9.68437756411731 9.50723287602887 9.3652302515693 9.15581223974004 9.034607979469 8.86822106596082 8.94926296779886 8.83021026244387 8.62294380553067 8.33033233694732 8.18044067779556 7.87276832479984 7.90360727859661 7.92655719770119 7.32483900617808 8.01098942849785 7.93243811447173 10.5410550131928 10.5390038641728 13.0499997083098 -9999 12.6980605350342 8.58469394035637 11.4299997445196 -9999 -9999 -9999 12.2943354634182 13.1349680940621 -9999 -9999 -9999 -9999 -9999 -9999 -9999
-9999 -9999 -9999 -9999 -9999 9.69083222886547 9.48786888178438 9.56604204373434 9.38244269089773 9.75609606131911 9.38818017067388 9.67218541959301 9.34873499721289 9.26841028034687 9.35088655212894 9.31287574861199 9.41113008977845 9.55313271423802 9.49504073150456 9.56245611887425 9.59186070272699 9.84215825796127 9.79912715964019 9.64493239065632 9.6958525236696 9.48930325172842 9.33223974285647 9.36594743654132 9.06186100840569 8.36762595549226 7.97532577579841 8.48022399609908 8.32172611728311 8.65880305413157 8.55911434302106 8.56413463782519 6.89637221289532 6.26699117245153 13.1508682374842 -9999 12.9599997103214 12.5181732326907 7.82514724265784 8.33158741064835 12.2378698329267 13.074999707751 -9999 12.4199997223914 9.92065741308033 11.9846971343671 -9999 -9999 13.9185864114136 7.96917308367004 11.8397140009329 11.6999997384846 -9999 -9999 -9999 -9999 -9999 -9999
-9999 -9999 -9999 -9999 -9999 9.44412059849128 9.54596086451784 9.5086672459729 9.48500014189631 9.63919491088018 9.6879634889774 9.66214482998475 9.77402568561956 9.72884303238243 9.71521651791409 9.62341684149578 9.13644824549556 9.61194188194349 9.77474287059158 9.78478346019983 9.85865351231769 9.96192814828828 9.4089785348624 9.30283515900373 9.07907344773412 9.21749014733359 9.07548752287403 9.42260504933074 8.55194249330088 8.18402660265565 8.04130679322407 8.2299264408648 8.42786949314177 8.47950681112707 8.58780174190179 7.94466611824464 18.4398143075609 20.2399995476007 7.8349998248741 -9999 10.6472701075487 8.22586239269003 8.09563355485443 6.92034668195993 8.26202046836261 12.0449997307733 -9999 -9999 12.7099418994039 8.10316399706062 8.49653995421249 9.53890854562633 11.6325127426535 13.0050874215551 12.5249997200444 -9999 -9999 -9999 -9999 -9999 -9999 -9999
-9999 -9999 -9999 -9999 -9999 9.4527268181555 9.41901912447065 9.33080537291244 9.38818017067388 9.49217199161649 9.77976316539571 9.78693501511589 9.60763877211139 9.41041290480644 9.59831536747515 9.93610948929563 10.0164342061616 10.0128482813016 10.0099795414135 10.0329294605181 10.0365153853782 10.0974761079997 9.71521651791409 9.42619097419083 9.25621813582256 9.16513564437628 9.273430575151 8.89260535500944 8.516800429672 8.50245673023164 8.42858667811379 8.43360697291791 8.52397227939218 8.57919552223757 7.99293665122241 8.85635491460562 7.74142101992454 7.97274390989915 -9999 -9999 8.47878962615505 8.21223587822169 7.98895229026675 7.90557953726966 8.09355884118538 10.8930350537598 -9999 8.2616618758766 9.52874842518941 7.33649326197337 9.53910776367411 9.03374735750258 9.11464582234621 8.88346124661621 12.6749997166917 -9999 -9999 -9999 -9999 -9999 -9999 -9999
