EcologicalScience/Bass/data/rs_data_bass/sst_367.asc
NCOLS 226 
NROWS 124 
XLLCORNER -9.41648524995501 
YLLCORNER 47.587301625531 
CELLSIZE 0.0833 
NODATA_value -9999 
[rows 0 to 26 of 124, columns 0 to 61 of 226]
-9999.000000000000000 -9999 -9999 -9999 -9999 -9999 -9999 -9999 -9999 -9999 -9999 -9999 -9999 -9999 -9999 -9999 -9999 -9999 -9999 -9999 -9999 -9999 -9999 -9999 -9999 -9999 -9999 -9999 -9999 -9999 -9999 -9999 -9999 -9999 -9999 -9999 -9999 -9999 -9999 -9999 -9999 -9999 -9999 -9999 -9999 -9999 -9999 -9999 -9999 -9999 -9999 -9999 -9999 -9999 -9999 -9999 -9999 -9999 -9999 -9999 -9999 -9999
-9999 -9999 -9999 -9999 -9999 -9999 -9999 -9999 -9999 -9999 -9999 -9999 -9999 -9999 -9999 -9999 -9999 -9999 -9999 -9999 -9999 -9999 -9999 -9999 -9999 -9999 -9999 -9999 -9999 -9999 -9999 -9999 -9999 -9999 -9999 -9999 -9999 -9999 -9999 -9999 -9999 -9999 -9999 -9999 -9999 -9999 -9999 -9999 -9999 -9999 -9999 -9999 -9999 -9999 -9999 -9999 -9999 -9999 -9999 -9999 -9999 -9999
-9999 -9999 -9999 -9999 -9999 -9999 -9999 -9999 -9999 -9999 -9999 -9999 -9999 -9999 -9999 -9999 -9999 -9999 -9999 -9999 -9999 -9999 -9999 -9999 -9999 -9999 -9999 -9999 -9999 -9999 -9999 -9999 -9999 -9999 -9999 -9999 -9999 -9999 -9999 -9999 -9999 -9999 -9999 -9999 -9999 -9999 -9999 -9999 -9999 -9999 -9999 -9999 -9999 -9999 -9999 -9999 -9999 -9999 -9999 -9999 -9999 -9999
-9999 -9999 -9999 -9999 -9999 -9999 -9999 -9999 -9999 -9999 -9999 -9999 -9999 -9999 -9999 -9999 -9999 -9999 -9999 -9999 -9999 -9999 -9999 -9999 -9999 -9999 -9999 -9999 -9999 -9999 -9999 -9999 -9999 -9999 -9999 -9999 -9999 -9999 -9999 -9999 -9999 -9999 -9999 -9999 -9999 -9999 -9999 -9999 -9999 -9999 -9999 -9999 -9999 -9999 -9999 -9999 -9999 -9999 -9999 -9999 -9999 -9999
-9999 -9999 -9999 -9999 -9999 -9999 -9999 -9999 -9999 -9999 -9999 -9999 -9999 -9999 -9999 -9999 -9999 -9999 -9999 -9999 -9999 -9999 -9999 -9999 -9999 -9999 -9999 -9999 -9999 -9999 -9999 -9999 -9999 -9999 -9999 -9999 -9999 -9999 -9999 -9999 -9999 -9999 -9999 -9999 -9999 -9999 -9999 -9999 -9999 -9999 -9999 -9999 -9999 -9999 -9999 -9999 -9999 -9999 -9999 -9999 -9999 -9999
-9999 -9999 -9999 -9999 -9999 10.6713265406101 10.8853037997615 10.8942686119117 11.1613801703788 10.9634769617114 9.70182906510308 11.1994706611149 11.1563484916863 10.9977823095396 10.9794087135898 11.1755963702686 10.8863795772195 11.0513321207836 10.9088731058873 7.3576502186479 11.0384227912873 10.8365628057016 10.6609227014706 9.38047043222468 10.1658094921336 10.4740439960733 11.6747092984617 10.149113425985 9.19740896811709 9.19740896811709 10.9943671430062 11.9696874774527 11.121524692513 10.5365611626767 12.3249997245148 7.96954609022774 9.10884441956169 12.2299997266382 9.34999979101121 12.0246015888446 9.52556093642488 10.6888894838722 11.045704977157 12.8799997121096 -9999 -9999 -9999 -9999 -9999 -9999 -9999 -9999 -9999 -9999 -9999 -9999 -9999 -9999 -9999 -9999 -9999 -9999
-9999 -9999 -9999 -9999 -9999 10.7950580241159 11.1391360523578 11.1877566399053 10.4627623204142 11.0529457869707 11.3047374775633 11.1732535660267 11.0997421063948 8.67673267843202 10.8198862848138 11.0446725460435 10.7664901560638 9.97349275596207 10.9928417019546 7.94520400697365 10.7831049412489 10.7199926637113 10.8913102239021 10.7829256450059 11.1927701528184 10.8104190072045 11.1240546769463 10.6823404526804 10.4387366238516 10.8389258382376 10.9989776178263 11.4013183871284 10.5045565345082 13.1858301315995 13.0521226586235 11.6745506022125 12.0099997315556 -9999 13.2149997046217 12.6390051984329 10.5347244766129 9.04739777813666 9.22840729635209 10.7576604657199 10.2067781495862 11.1526459425222 -9999 -9999 -9999 -9999 -9999 -9999 -9999 -9999 -9999 -9999 -9999 -9999 -9999 -9999 -9999 -9999
-9999 -9999 -9999 -9999 -9999 11.0108623973626 10.0775144596118 11.0862692744205 10.9410649313359 10.6597491260618 10.7809533863328 10.3262581140734 11.0936460341327 11.1385896257125 11.0849202836398 11.1944617501992 10.4460280044004 9.59931942643598 11.0919726025313 10.6789338240633 7.80152795091271 8.07573167188093 10.8373241251335 10.4485524955019 12.0287551246197 10.8325046421215 11.2151690432802 11.1767598036677 10.3065355273429 11.0261111159343 11.0094963307492 11.0312509415671 10.7931455308571 10.3527939580381 11.1434337698217 11.2346753361302 10.3551342458415 12.3099997248501 12.0549997305498 9.09803581839427 9.33660660246387 11.3182622636668 11.5178980408558 10.7202317253686 9.14989927853458 9.75499978195876 -9999 -9999 -9999 -9999 -9999 -9999 -9999 -9999 -9999 -9999 -9999 -9999 -9999 -9999 -9999 -9999
-9999 -9999 -9999 -9999 -9999 9.82512511487585 9.86984159788117 9.87479017418809 10.5210634820978 11.0498977508396 11.1603442365304 10.4883419177495 10.3936735014431 10.4858317703474 10.9912081139628 10.0319732138887 9.54251837665215 8.96719259209931 9.42862940309569 10.9017592105083 10.8487672097981 10.8016492955254 10.5509419203071 10.8811914306134 10.4115479576688 10.8831124012358 10.9321897673071 10.8747850868385 10.6547288312577 10.5399792357348 10.6721803322434 11.0111697623506 10.9725613046903 9.9228415673133 11.0599383404478 10.3925977239851 12.9903903773236 10.7059086346919 10.4137241621502 12.5956144765951 9.4678262608997 9.60162367234607 8.87193399232638 9.71999978274107 8.33806199720129 9.82242103480278 9.33499979134649 -9999 -9999 -9999 -9999 -9999 -9999 -9999 -9999 -9999 -9999 -9999 -9999 -9999 -9999 -9999
-9999 -9999 -9999 -9999 -9999 10.2774895359762 10.8352033067162 10.7753183615527 10.7551347273402 10.7185582937673 11.0950804040767 10.9929793435149 11.1253814691445 11.0823503708234 10.5616996948873 11.1293259864906 9.47825860315934 9.09305855468847 8.76942883606534 11.0221665985882 10.9472606126219 10.6975550195867 10.7019605844149 9.53226915141568 10.5066512282116 11.1049616192468 10.5901821837761 10.6984771145508 10.7214270336553 10.6303445422091 10.5851618889719 10.4442862694684 10.2721106486861 10.7271645134315 10.8103579701856 10.7303918458056 9.83594265487045 10.6101267563312 9.78924025252594 10.5975227829014 11.0859291238338 9.62158146490072 12.6740029635839 7.41400900436565 11.0244253190748 12.9380977511012 12.0949997296557 -9999 -9999 -9999 -9999 -9999 -9999 -9999 -9999 -9999 -9999 -9999 -9999 -9999 -9999 -9999
-9999 -9999 -9999 -9999 -9999 11.0479374452494 10.9669092040775 10.5365889067762 11.0341196814552 10.9395707959775 10.9521215329878 11.0710547075141 11.0632852036506 11.0900601092726 10.4705019415705 11.2001992299754 11.1911831903271 10.9561258157482 10.5968324444257 10.1580456388183 10.4180577904917 10.7447355452459 10.7045333432034 10.2069364643539 9.72310555260628 10.3209688749048 9.99599443445913 11.0039979126304 10.6446882416494 10.6246070624329 10.5650807097554 10.6710447893711 10.851835167734 10.5014903089032 10.427739787614 10.8974062961643 9.83254797933623 11.5257032068406 10.2459333972074 10.8720871052771 11.794651313182 10.6171483387239 9.45586450240808 12.7676454069442 9.5655562087533 12.039999730885 -9999 -9999 -9999 -9999 -9999 -9999 -9999 -9999 -9999 -9999 -9999 -9999 -9999 -9999 -9999 -9999
-9999 -9999 -9999 -9999 -9999 11.4051911859773 10.7365903730637 10.6422293217454 10.9543926187325 11.0912554175593 11.1462395987473 11.2484623634256 11.1921693196637 10.2873149700928 10.4477014360018 11.178433235269 11.0613727103919 11.1302224677056 10.2825098307803 10.7775826169644 10.3652550469269 10.124227107456 10.5082796599716 10.6215590263018 10.056022816617 10.7723471666686 11.0965147740208 11.1947691151872 10.7400738429278 11.2121010853443 11.0574281930458 10.6069164997898 10.282270769123 10.9808686972829 10.5840861115139 9.02592207258567 10.7178411087953 12.1424095248803 11.544755381532 9.93001341703348 9.8948713534046 10.3918293115151 12.0842534036535 9.95286415098235 10.1649220138788 10.4712026605611 12.2549997260794 -9999 -9999 -9999 -9999 -9999 -9999 -9999 -9999 -9999 -9999 -9999 -9999 -9999 -9999 -9999
-9999 -9999 -9999 -9999 -9999 11.1746879359707 11.4549023500378 11.520944840461 11.245958192565 10.7108485553181 10.1384034637362 11.1100217576604 11.0661974092945 11.0328157087788 11.105120993685 11.1151615832932 11.2098299995996 11.1503036469221 10.8047101385309 10.2263004585984 10.2827787751448 10.0662785617169 11.1248435804155 11.1252021729015 9.98953976971097 10.9803308085538 11.1137272133492 11.1201818780974 10.985351103358 11.0553278656277 11.0111697623506 10.8882237671475 10.7357707330957 10.7205903178547 9.96139025955927 10.7902767909691 10.9043092015199 10.6647694208659 12.6865138569847 10.3686744824185 9.05953015724663 10.4370631922502 10.6041672907304 13.8908915453067 9.97499977704138 12.1299997288734 -9999 -9999 -9999 -9999 -9999 -9999 -9999 -9999 -9999 -9999 -9999 -9999 -9999 -9999 -9999 -9999
-9999 -9999 -9999 -9999 -9999 11.2624406400469 11.391564671509 11.1764808984008 11.0182519639493 11.0232722587534 11.1809035390615 11.2083956296556 11.2250104148407 11.2614673175849 11.1804254157469 11.2455867932045 10.7422253978439 10.4151890506037 10.0837983660333 10.0182271685917 9.85255744005553 9.94005400664173 10.4143822175101 10.7205903178547 10.7599757259013 9.13708574324846 9.1154108196497 10.8498031436466 10.8297219644301 10.625650240574 10.9859886011109 11.052288367413 10.6976164925843 8.97759177419357 10.8957029818557 10.8031861204654 10.8913998720236 9.95937815727666 9.10154524352401 9.45518573805956 9.07668283116072 8.7517681561294 11.8923111876938 9.58531956886873 11.8749997345731 -9999 -9999 -9999 -9999 -9999 -9999 -9999 -9999 -9999 -9999 -9999 -9999 -9999 -9999 -9999 -9999 -9999
-9999 -9999 -9999 -9999 -9999 10.7999075605933 10.1959695108235 9.79840997466817 10.688346876821 10.5633773954469 10.8789387831348 11.1553239417262 11.2342142886482 11.2079175063409 11.3295998899266 11.1259193578735 9.98344369744882 9.98828469600994 10.4632404437289 9.86905269441195 9.93037200951949 10.5783486317378 10.4790185131133 10.8618757573422 10.2747104442096 10.2745311479666 11.0585039705038 10.9287831386901 10.4160855318187 9.84885198436677 10.7151158059016 10.7776543354616 10.2600380349904 10.7014483094348 10.1258561418924 10.1799523797818 10.5618533773813 7.77495532823153 11.0686902383095 5.27871028101072 5.20723084546626 8.91756030736912 8.81944477619724 11.4830400555921 10.2273018471897 12.018992908752 -9999 -9999 -9999 -9999 -9999 -9999 -9999 -9999 -9999 -9999 -9999 -9999 -9999 -9999 -9999 -9999
-9999 -9999 -9999 -9999 -9999 10.3305612239055 11.1524039743402 10.3786126170307 10.4854731778614 11.2437767549418 11.2454501865432 11.145283352118 11.0444210655987 11.103295431938 11.2180263992798 11.1933347452432 11.1531723868102 10.0978347004857 10.5952024785802 10.135008788202 10.0862402101047 10.1645329028834 10.3658825837774 10.4998168773018 10.867732767947 10.347773663234 11.0770312489476 11.0564719464164 11.1240068646148 10.907536533894 10.1359650348313 10.3885735194199 10.2874504383653 10.5165511933155 10.5008392473683 11.0355540513992 10.1792351948097 9.22322762710974 8.83514090912649 7.23864233735367 9.03030486963689 8.98763621963501 12.0377107462024 -9999 -9999 -9999 -9999 13.2249997043982 13.2249997043982 -9999 -9999 -9999 -9999 -9999 -9999 -9999 -9999 -9999 -9999 -9999 -9999 -9999
-9999 -9999 -9999 -9999 -9999 10.426843306399 10.3743095071986 10.1213225083193 11.1302224677056 11.1675160862505 11.2299111788161 11.2148502944037 11.2376977585123 11.1878021754591 10.6343607780524 10.8688981935265 11.1988032806548 10.3970203646459 10.3841259765031 10.4328049064789 11.1947691151872 10.5104850037606 11.2126987394877 11.2700735372491 11.197040200932 10.6203039526008 11.2578216273105 11.2412905137055 10.9296497371979 9.45045573241077 10.3755482812412 10.0659851678647 10.347773663234 10.7816705713049 10.8003173805773 9.86188084469177 9.6599932750687 13.0724003539288 10.0760993688337 -9999 -9999 -9999 -9999 -9999 -9999 -9999 -9999 -9999 -9999 -9999 -9999 -9999 -9999 -9999 -9999 -9999 -9999 -9999 -9999 -9999 -9999 -9999
-9999 -9999 -9999 -9999 -9999 10.188558599446 10.2046952613164 11.4300057860091 11.462996294722 11.3582872888073 11.386257502716 11.3360545546748 10.9655089857988 10.6411023167893 11.0516907132696 10.3764610621147 10.7295850127121 9.66268271871377 9.04034545924515 9.10381632926874 10.7573887372522 10.6339304670691 11.2313455487601 11.4099246067926 9.57070374605246 11.2449720632285 11.027665016707 10.9100466812961 10.4412766539608 11.1231940549798 10.667330795766 10.8814617374114 10.8333078892902 11.1540091026109 11.0053127517458 10.6199453601148 9.94717462886391 9.16718474429633 13.725325552454 11.0684072268195 11.6199997402728 -9999 -9999 -9999 -9999 -9999 -9999 -9999 -9999 -9999 -9999 -9999 -9999 -9999 -9999 -9999 -9999 -9999 -9999 -9999 -9999 -9999
-9999 -9999 -9999 -9999 -9999 10.4800942905713 10.510216059396 10.5729697444476 10.6507843139116 10.6357234294992 11.3303170748986 11.2750938320532 10.7300332533196 10.7551347273402 10.7924283458851 11.065675820224 11.0782777847323 11.0283822016791 10.4558892977657 11.0160705263261 10.3047425649129 10.230155327823 11.0636267203039 10.7372703016736 11.0950804040767 11.1115756584331 10.9968260629103 10.0881527033634 9.87443158170208 11.1503036469221 11.0857569994405 11.0821710745804 10.8501105086346 11.0749992248602 10.6597491260618 10.4145913964603 10.1929812401067 9.19341322327299 7.2538376939483 10.5552232312039 10.4892422137782 9.80499978084117 10.9952189403817 7.04171817535007 11.4089564070804 11.8499997351319 -9999 -9999 -9999 -9999 -9999 -9999 -9999 -9999 -9999 -9999 -9999 -9999 -9999 -9999 -9999 -9999
-9999 -9999 -9999 -9999 -9999 11.265053242445 10.4478209668305 10.3282303727465 10.150906388415 10.6066774381325 10.5575502675492 10.4922864350956 11.1116308265079 11.0506701038864 10.8498031436466 10.1942064311006 11.1302224677056 11.2951750112697 9.8073747868184 10.6549977756222 10.4021900729858 11.0131420210237 11.041411062004 11.2711493147071 10.570190652681 10.0389060019515 10.2785327141173 9.88626513374038 9.96228674077429 10.1258049143944 11.1101412884891 10.2434232498053 11.0900601092726 10.8032885754614 11.1402630573139 10.3114021396531 8.83323837677017 10.8581703016534 10.9402879809495 10.1786375406664 9.94889928796329 10.3654642258771 10.350283810636 10.7948872657892 10.6248119724249 11.5648190684321 11.5049997428432 -9999 -9999 -9999 -9999 -9999 -9999 -9999 -9999 -9999 -9999 -9999 -9999 -9999 -9999 -9999
-9999 -9999 -9999 -9999 -9999 11.2105471845716 11.2557298378088 11.1503036469221 10.7349983800489 10.4443545727991 10.5100965285674 10.5643635247834 10.7651753169484 10.5231253888924 10.9599422643493 10.5558469532407 10.6945325972047 11.0900601092726 10.2663731689099 10.3804952275823 11.107784823581 11.0829907145484 10.5571020269417 10.2201147382148 10.2170667020837 10.5274797262225 9.84502699784935 9.90025024069473 10.9866420363076 10.9539384015836 10.9949135696515 10.9227169491351 10.9815261168405 11.2478408031166 11.1632129764184 10.9147083836142 10.549712460355 10.8216280197459 11.2700735372491 11.0549180456437 11.0477461959235 11.0398571612313 10.7513097408228 10.4772255506832 9.78570555516386 9.84155263509601 -9999 -9999 -9999 -9999 -9999 -9999 -9999 -9999 -9999 -9999 -9999 -9999 -9999 -9999 -9999 -9999
-9999 -9999 -9999 -9999 -9999 10.6073946231045 10.5722525594756 10.5134433917701 10.4197312220931 10.6063188456465 10.5919751462061 10.7135379989631 10.8150196725037 10.0603617856978 9.45774711295962 9.4247566042468 10.5739558737841 10.2538224318996 10.4938403358683 10.6250851857476 10.1713461601175 10.2504414170315 10.3047425649129 10.8199887398098 10.7333502338151 10.626041432377 10.8735727027192 10.4210460612085 10.3902310135774 10.1297494317405 11.01212600898 10.9239122574218 10.6188695826568 10.5903017146047 10.6555655470584 10.4765595932092 10.7691710617925 10.8068745003215 10.7915916300844 10.509037826942 10.5313730160706 9.92391734477133 9.72525710752234 10.2745183410921 9.592398591456 9.70159000344574 8.90192875964567 -9999 -9999 9.0026932482142 -9999 -9999 -9999 -9999 10.9150669761002 -9999 -9999 -9999 -9999 -9999 -9999 -9999
-9999 -9999 -9999 -9999 -9999 10.0603617856978 10.5449995305389 11.1001006988809 10.8049790828954 10.5995055884123 10.747245692648 10.5105746518821 10.4687388618477 11.2098299995996 9.15509505476803 11.0746406323742 10.1215018045623 9.59293648018502 10.6568803861737 10.175888331607 8.91878260648809 8.67637408594601 8.18279714270362 9.69329114876954 11.2428205083124 11.2048097047955 11.0185806737281 10.9139399711442 11.0092231174266 11.1893902278971 10.3147831545211 11.0536032065284 11.171341072768 9.49504073150456 8.06019266415387 10.6066774381325 10.3786126170307 10.9530777796172 10.2814340533223 9.61433249851689 10.3291268539615 10.5643635247834 10.7554246531799 8.63513595005497 10.3738996872146 10.3149880645131 11.2048097047955 10.1479427269865 9.54900890064891 9.07226019049995 -9999 -9999 -9999 10.0581553441767 9.18898758994051 9.79499978106469 -9999 -9999 -9999 -9999 -9999 -9999
-9999 -9999 -9999 -9999 -9999 10.9573808894493 10.3835304568389 10.3861430592369 10.5621095148713 10.8024689354934 10.7551347273402 10.8573335858528 10.2785653134342 10.2448576197494 10.7400738429278 10.5858790739439 11.1257998270448 11.1972280350913 10.4788989822846 10.5198980565183 9.4249615142388 9.73621979209461 11.542603826616 11.5576647110283 9.51491700072906 11.3625903986394 10.2263644929709 10.3657032875344 11.0547131356517 9.04440950741991 10.1579587073065 10.0855230251327 11.0233619068749 8.09748628269881 9.10776084661484 8.71115755708888 10.7028997552115 10.0958368280636 10.2231883880948 10.1401998413328 10.2670391263839 12.2194057679019 10.626758617349 8.31401637883391 8.20500426308718 9.4898678441532 8.95999979972839 9.7754600555636 9.02735644252971 9.67569585129815 8.37063202867284 8.85236262239853 -9999 11.0116964450644 12.6908344591332 -9999 -9999 -9999 -9999 -9999 -9999 -9999
-9999 -9999 -9999 -9999 -9999 10.1525456683511 10.1548509057611 10.1240119519643 10.1297494317405 10.7905841559571 11.200626125792 10.6174352127127 10.2005714477273 10.0271919807419 10.3223135967273 9.67487486323807 11.2185557500925 11.1542481642682 10.7925478767138 9.29862169729313 11.0348368664272 10.4112445332576 10.3929563164711 10.3740704455413 9.52516250032932 10.8731116552372 10.3279315456748 11.2027776807081 11.1106194118038 10.9977481578743 10.1534165358171 11.0520493057556 10.0773949287832 10.4633599745575 10.6449273033068 10.576794730965 10.2821000107963 8.25670134648681 11.5755641624982 9.95812859386206 9.63999978452921 9.68464959979635 11.5160679826513 11.0423673086334 11.6822893919352 8.27847674527489 8.17499981727451 11.5899997409433 12.4769613729732 8.3445651314951 9.93853913634369 9.45046844845638 8.74540313950274 10.241032633232 12.15821265389 -9999 -9999 -9999 -9999 -9999 -9999 -9999
-9999 -9999 -9999 -9999 -9999 11.2080646212069 10.2735450186301 9.78980375500396 11.1605832981877 11.1715433557088 11.0636836397462 10.3771782470867 10.5120090218261 10.3446180493571 11.0828882595524 11.0522286019986 10.4674539054395 10.7109382034396 10.4194921604358 10.2118158835386 11.3597216587514 9.78498837019184 9.45764465796362 9.78585923765786 10.8099396122852 9.69534024868959 10.5256355362944 10.7774699164688 10.4224804311525 9.93969541415572 11.1194646931253 11.1373943174258 11.3716931309766 11.3405967261642 10.5972345026676 12.601617085922 9.33183616565 10.1843896000149 7.8349998248741 9.5964232198894 12.2680088417748 9.66142764501274 11.1560411266983 11.2471236181445 11.3102358956821 11.2828455334529 9.79173703623288 -9999 12.6640570025484 9.90260670560279 9.88734091119841 10.37081323046 10.2707958095707 10.8187459161627 10.7535630241036 9.87999977916479 -9999 -9999 -9999 -9999 -9999 -9999
-9999 -9999 -9999 -9999 -9999 8.90945920185186 9.15401927731 11.4138691241387 10.8238410476595 11.5135578352492 10.3552144573187 10.9234682857724 10.6028046392836 10.2789239059202 9.90007094445173 11.3744239506777 11.5290968429763 10.6423317767414 10.1958200972877 9.3172685065656 10.4606107654981 10.4320428974461 11.2550126528367 10.4018015977927 9.97937964927405 10.0679519933183 10.3605634619016 10.7259692051448 11.0081814916339 10.8400016156957 11.3425092194229 11.3647419535555 10.4861903628334 10.3137586045611 8.74020354845561 8.56323815661017 11.1962412317087 11.537752281217 -9999 9.21240372909233 7.63131605088711 11.0850398144685 11.2722250921652 11.2822656817734 10.550224735335 9.84888186707394 -9999 10.7199926637113 10.7735424749553 10.68192209478 9.58274220808276 10.415786704747 10.1477815110369 10.4310866508167 12.4999997206032 -9999 -9999 -9999 -9999 -9999 -9999 -9999
