EcologicalScience/Bass/data/rs_data_bass/sst_72.asc
NCOLS 226 
NROWS 124 
XLLCORNER -9.41648524995501 
YLLCORNER 47.587301625531 
CELLSIZE 0.0833 
NODATA_value -9999 
[rows 0 to 26 of 124, columns 62 to 123 of 226]
-9999 -9999 -9999 -9999 -9999 -9999 -9999 -9999 -9999 -9999 -9999 -9999 -9999 -9999 -9999 -9999 -9999 -9999 -9999 -9999 -9999 -9999 -9999 -9999 -9999 -9999 -9999 -9999 -9999 -9999 -9999 -9999 -9999 -9999 -9999 -9999 -9999 -9999 -9999 -9999 -9999 -9999 -9999 -9999 -9999 -9999 -9999 -9999 -9999 -9999 -9999 -9999 -9999 -9999 -9999 -9999 -9999 -9999 -9999 -9999 -9999 -9999
-9999 -9999 -9999 -9999 -9999 -9999 -9999 -9999 -9999 -9999 -9999 -9999 -9999 -9999 -9999 -9999 -9999 -9999 -9999 -9999 -9999 -9999 -9999 -9999 -9999 -9999 -9999 -9999 -9999 -9999 -9999 -9999 -9999 -9999 -9999 -9999 -9999 -9999 -9999 -9999 -9999 -9999 -9999 -9999 -9999 -9999 -9999 -9999 -9999 -9999 -9999 -9999 -9999 -9999 -9999 -9999 -9999 -9999 -9999 -9999 -9999 -9999
-9999 -9999 -9999 -9999 -9999 -9999 -9999 -9999 -9999 -9999 -9999 -9999 -9999 -9999 -9999 -9999 -9999 -9999 -9999 -9999 -9999 -9999 -9999 -9999 -9999 -9999 -9999 -9999 -9999 -9999 -9999 -9999 -9999 -9999 -9999 -9999 -9999 -9999 -9999 -9999 -9999 -9999 -9999 -9999 -9999 -9999 -9999 -9999 -9999 -9999 -9999 -9999 -9999 -9999 -9999 -9999 -9999 -9999 -9999 -9999 -9999 -9999
-9999 -9999 -9999 -9999 -9999 -9999 -9999 -9999 -9999 -9999 -9999 -9999 -9999 -9999 -9999 -9999 -9999 -9999 -9999 -9999 -9999 -9999 -9999 -9999 -9999 -9999 -9999 -9999 -9999 -9999 -9999 -9999 -9999 -9999 -9999 -9999 -9999 -9999 -9999 -9999 -9999 -9999 -9999 -9999 -9999 -9999 -9999 -9999 -9999 -9999 -9999 -9999 -9999 -9999 -9999 -9999 -9999 -9999 -9999 -9999 -9999 -9999
-9999 -9999 -9999 -9999 -9999 -9999 -9999 -9999 -9999 -9999 -9999 -9999 -9999 -9999 -9999 -9999 -9999 -9999 -9999 -9999 -9999 -9999 -9999 -9999 -9999 -9999 -9999 -9999 -9999 -9999 -9999 -9999 -9999 -9999 -9999 -9999 -9999 -9999 -9999 -9999 -9999 -9999 -9999 -9999 -9999 -9999 -9999 -9999 -9999 -9999 -9999 -9999 -9999 -9999 -9999 -9999 -9999 -9999 -9999 -9999 -9999 -9999
-9999 -9999 -9999 -9999 -9999 -9999 -9999 -9999 -9999 -9999 -9999 -9999 -9999 -9999 -9999 -9999 -9999 -9999 -9999 -9999 -9999 -9999 -9999 -9999 -9999 -9999 -9999 -9999 8.35327850181426 11.9706247324357 12.2909997252747 12.0249997312203 12.4437497218605 12.4774997211061 12.3587497237604 11.3899997454137 12.6299997176975 12.6149997180328 12.8199997134507 12.9499997105449 13.1249997066334 13.1149997068569 13.0849997075275 13.2299997042865 13.3699997011572 13.3599997013807 13.2999997027218 13.2499997038394 13.1499997060746 13.1849997052923 13.3199997022748 13.4749996988103 13.5899996962398 13.7249996932223 13.6599996946752 13.6599996946752 13.7049996936694 13.75999969244 13.8049996914342 13.8999996893108 13.9299996886402 14.1499996837229
-9999 -9999 -9999 -9999 -9999 -9999 -9999 -9999 -9999 -9999 -9999 -9999 -9999 -9999 -9999 -9999 -9999 -9999 -9999 -9999 -9999 -9999 -9999 -9999 -9999 -9999 -9999 8.25885227441666 12.2065381887011 12.2119228039653 12.1399997286499 12.0783330633615 12.6366663842152 12.5883330519622 13.0874997074716 12.8524997127242 12.9433330440273 13.2474997038953 12.784999714233 12.3649997236207 12.184999727644 12.5899997185916 13.0899997074157 13.1649997057393 13.2399997040629 13.179999705404 13.1099997069687 13.2249997043982 13.4099997002631 13.3999997004867 13.4149997001514 13.4849996985868 13.4949996983632 13.469999698922 13.5149996979162 13.654999694787 13.7149996934459 13.8299996908754 13.9599996879697 14.1199996843934 14.1399996839464 14.1799996830523
-9999 -9999 -9999 -9999 -9999 -9999 -9999 -9999 -9999 -9999 -9999 -9999 -9999 -9999 -9999 -9999 -9999 -9999 -9999 -9999 -9999 -9999 -9999 -9999 -9999 -9999 10.0883331078415 12.075714015801 12.5064282918881 12.9592854246231 13.0121425662988 12.6974997161888 12.0169997313991 12.2039997272193 12.2149997269735 13.012499709148 12.9524997104891 13.3599997013807 12.3599997237325 12.2949997251853 12.0349997309968 12.6033330516269 12.8449997128919 12.8449997128919 13.2849997030571 13.2599997036159 13.3499997016042 13.3399997018278 13.2849997030571 13.2549997037277 13.2799997031689 13.3799997009337 13.5799996964633 13.6499996948987 13.6849996941164 13.6699996944517 13.6299996953458 13.6449996950105 13.8299996908754 14.0599996857345 14.0999996848404 14.089999685064
-9999 -9999 -9999 -9999 -9999 -9999 -9999 -9999 -9999 -9999 -9999 -9999 -9999 -9999 -9999 -9999 -9999 -9999 -9999 -9999 -9999 -9999 -9999 -9999 -9999 9.94397721479888 10.3662497682963 12.3899997230619 12.3899997230619 13.1564282773595 12.7449997151271 12.577499718871 12.4099997226149 12.1939997274429 12.5399997197092 12.5399997197092 12.5299997199327 12.4799997210503 12.5199997201562 12.5999997183681 12.5699997190386 12.7799997143447 12.8099997136742 12.9649997102097 13.199999704957 14.3374996795319 14.4749996764585 13.614999695681 13.5899996962398 13.5399996973574 13.6449996950105 13.6999996937811 13.7699996922165 13.7949996916577 13.6749996943399 13.5699996966869 13.7049996936694 13.8549996903166 14.8399996683002 14.9549996657297 14.9524996657856 14.9649996655062
-9999 -9999 -9999 -9999 -9999 -9999 -9999 -9999 -9999 -9999 -9999 -9999 -9999 -9999 -9999 -9999 -9999 -9999 -9999 -9999 -9999 -9999 -9999 -9999 -9999 10.0833331079533 12.0199997313321 12.7899997141212 13.6366663618634 13.663333027934 13.558333030281 13.5633330301692 13.3174997023307 12.3339997243136 12.2562497260515 11.9874997320585 13.0683330412333 13.3583330347513 13.3399997018278 14.0424996861257 11.9499997328967 12.6049997182563 12.6049997182563 12.784999714233 12.8449997128919 12.8549997126684 14.6799996718764 14.7074996712618 14.7824996695854 14.7774996696971 14.7574996701442 14.7524996702559 14.7299996707588 14.7724996698089 14.8299996685237 14.8624996677972 14.8724996675737 14.8749996675178 14.8899996671826 14.8549996679649 14.837499668356 14.8349996684119
-9999 -9999 -9999 -9999 -9999 -9999 -9999 -9999 -9999 -9999 -9999 -9999 -9999 -9999 -9999 -9999 -9999 -9999 -9999 -9999 -9999 -9999 -9999 -9999 9.22428550810686 13.0029997093603 12.5619997192174 12.6649997169152 12.6499997172505 12.7149997157976 12.6599997170269 12.6049997182563 13.2074997047894 12.0689997302368 14.4683330099409 13.7849996918812 13.5449996972457 13.6449996950105 14.339999679476 14.3166663466642 14.1766663497935 14.3016663469995 14.3549996791407 14.069999685511 14.2499996814877 13.364999701269 13.3099997024983 13.3099997024983 13.6949996938929 13.6999996937811 13.7049996936694 14.8549996679649 14.899999666959 14.8349996684119 14.857499667909 14.8449996681884 14.8424996682443 14.8424996682443 14.8324996684678 14.8524996680208 14.8824996673502 14.857499667909
-9999 -9999 -9999 -9999 -9999 -9999 -9999 -9999 -9999 -9999 -9999 -9999 -9999 -9999 -9999 -9999 -9999 -9999 -9999 -9999 -9999 -9999 -9999 -9999 13.344999701716 13.344999701716 12.6069997182116 13.3809997009113 12.5399997197092 12.5949997184798 12.8699997123331 14.1749996831641 12.8749997122213 13.0649997079745 13.0499997083098 13.0399997085333 13.1749997055158 13.2399997040629 13.0249997088686 14.428333010835 12.7074997159652 14.5316663418586 14.1174996844493 14.0099996868521 14.0474996860139 14.2174996822141 14.2624996812083 13.4999996982515 13.5799996964633 13.75999969244 13.8749996898696 14.1699996832758 14.339999679476 14.3049996802583 14.2999996803701 14.3449996793643 14.7724996698089 14.7499996703118 14.8199996687472 14.8649996677414 14.8874996672384 14.9024996669032
-9999 -9999 -9999 -9999 -9999 -9999 -9999 -9999 -9999 -9999 -9999 -9999 -9999 -9999 -9999 -9999 -9999 -9999 -9999 -9999 -9999 -9999 -9999 9.91299977842718 12.6799997165799 12.9149997113273 13.2299997042865 12.6174997179769 13.489999698475 13.1616663724805 13.2949997028336 13.2449997039512 13.1099997069687 14.2899996805936 13.7149996934459 13.2049997048452 13.1749997055158 13.2249997043982 12.8074997137301 12.6774997166358 12.881666378739 13.9024996892549 13.8599996902049 13.8599996902049 13.8699996899813 12.929999710992 13.9899996872991 15.1399996615946 14.4299996774644 14.5799996741116 13.9199996888638 14.0149996867403 14.4249996775761 14.3999996781349 14.1449996838346 13.9599996879697 13.924999688752 14.7599996700883 14.7699996698648 14.6899996716529 14.8174996688031 14.8624996677972
-9999 -9999 -9999 -9999 -9999 -9999 -9999 -9999 -9999 -9999 -9999 -9999 -9999 -9999 -9999 -9999 -9999 -9999 -9999 -9999 -9999 -9999 11.76999973692 11.7474997374229 12.0139997314662 12.0309997310862 13.4766663654397 13.6716663610811 13.5924996961839 13.5824996964075 13.6374996951781 13.1099997069687 13.2149997046217 13.2799997031689 13.8524996903725 13.179999705404 13.1899997051805 13.2299997042865 13.1899997051805 13.0466663750509 13.0083330425744 13.1899997051805 13.3349997019395 13.4199997000396 13.7624996923842 14.8349996684119 14.8549996679649 15.0599996633828 15.0599996633828 15.2399996593595 13.8699996899813 13.7149996934459 13.6649996945634 13.6399996951222 13.614999695681 14.8324996684678 14.6699996720999 14.7374996705912 14.7524996702559 14.7199996709824 14.8549996679649 14.9099996667355
-9999 -9999 -9999 -9999 -9999 -9999 -9999 -9999 -9999 -9999 -9999 -9999 -9999 -9999 -9999 -9999 -9999 -9999 -9999 -9999 10.2059300044378 12.1149997292086 12.1149997292086 13.3539997015148 13.4739996988326 12.8099997136742 12.8099997136742 13.1549997059628 13.2449997039512 13.5149996979162 13.7449996927753 13.8249996909872 14.3849996784702 14.166666350017 14.2133330156406 13.3783330343043 13.2549997037277 13.2849997030571 13.4099997002631 13.4949996983632 13.5299996975809 13.4949996983632 13.5199996978045 13.5149996979162 14.1649996833876 14.919999666512 14.919999666512 14.9649996655062 15.0249996641651 15.0049996646121 14.9849996650591 13.779999691993 13.6099996957928 13.3299997020513 13.2049997048452 13.199999704957 14.692499671597 14.7299996707588 14.8324996684678 14.8749996675178 14.9224996664561 14.9874996650033
-9999 -9999 -9999 -9999 -9999 -9999 -9999 -9999 -9999 -9999 -9999 -9999 -9999 -9999 -9999 -9999 -9999 -9999 -9999 -9999 12.0699997302145 14.1224996843375 13.71749969339 13.2783330365395 12.6099997181445 12.6099997181445 13.3624997013249 13.1199997067451 13.1199997067451 13.7699996922165 13.8749996898696 13.8549996903166 13.7299996931106 13.7449996927753 13.8049996914342 13.8299996908754 13.7899996917695 13.5699996966869 13.2749997032806 13.4499996993691 13.5499996971339 13.904999689199 14.2449996815994 14.2399996817112 14.3949996782467 14.6399996727705 14.3649996789172 14.504999675788 14.8649996677414 15.044999663718 15.0549996634945 14.5374996750616 14.8949996670708 13.3749997010455 13.3799997009337 14.732499670703 14.6449996726587 13.6949996938929 13.6949996938929 14.857499667909 14.8724996675737 14.8499996680766
-9999 -9999 -9999 -9999 -9999 -9999 -9999 -9999 -9999 -9999 -9999 -9999 -9999 -9999 -9999 -9999 -9999 -9999 10.6906224308497 12.1349997287616 12.9939997095615 12.6599997170269 14.2274996819906 13.9724996876903 13.5349996974692 13.3849997008219 13.2649997035041 13.1349997064099 13.7249996932223 13.904999689199 13.8749996898696 13.8949996894225 13.9599996879697 13.8899996895343 13.8599996902049 13.75999969244 13.7249996932223 13.6749996943399 13.6399996951222 13.6099996957928 13.6299996953458 13.7649996923283 13.75999969244 13.9749996876344 14.3199996799231 14.4299996774644 14.2049996824935 14.1999996826053 14.3049996802583 14.6549996724352 14.7224996709265 14.6249996731058 14.6399996727705 14.7899996694177 14.8424996682443 13.8399996906519 13.8099996913224 13.7199996933341 13.6099996957928 14.8974996670149 14.9274996663444 14.9124996666797
-9999 -9999 -9999 -9999 -9999 -9999 -9999 -9999 -9999 -9999 -9999 -9999 -9999 -9999 -9999 -9999 12.3157759436449 12.8037497138139 12.9649997102097 13.4199997000396 12.7399997152388 12.7349997153506 12.9649997102097 13.0949997073039 15.1574996612035 13.199999704957 13.6049996959046 13.344999701716 13.4099997002631 13.7749996921048 13.6599996946752 13.5049996981397 13.5749996965751 13.7049996936694 13.779999691993 13.7099996935576 13.6799996942282 13.8299996908754 13.6399996951222 13.8449996905401 14.0149996867403 13.9549996880814 13.8249996909872 13.8799996897578 14.1899996828288 14.4799996763468 14.2399996817112 14.0999996848404 13.8999996893108 13.4099997002631 13.4949996983632 13.7749996921048 14.8549996679649 14.8974996670149 14.8424996682443 14.7924996693619 14.7999996691942 14.8399996683002 14.9299996662885 14.9649996655062 14.6399996727705 14.6399996727705
-9999 -9999 -9999 -9999 -9999 -9999 -9999 -9999 -9999 -9999 -9999 11.8927904318498 11.9043020594995 -9999 -9999 -9999 11.7756974112113 15.2919996581972 15.155999661237 18.3224995904602 14.6249996731058 14.6249996731058 13.3499997016042 14.0049996869639 13.2699997033924 13.2949997028336 14.152499683667 13.4199997000396 13.5049996981397 13.509999698028 13.469999698922 13.3349997019395 13.3349997019395 13.5399996973574 13.614999695681 13.6049996959046 13.8999996893108 14.1099996846169 14.3049996802583 14.5449996748939 14.1049996847287 13.7449996927753 13.9899996872991 14.4499996770173 14.7149996710941 14.7449996704236 14.1499996837229 14.0649996856228 14.1249996842816 13.2899997029454 13.3849997008219 13.2699997033924 15.0424996637739 14.9174996665679 14.919999666512 14.8049996690825 14.7199996709824 14.7674996699207 14.8249996686354 13.4349996997043 13.7399996928871 14.7399996705353
-9999 -9999 -9999 -9999 -9999 -9999 -9999 -9999 -9999 -9999 -9999 -9999 -9999 -9999 -9999 -9999 -9999 -9999 12.1049997294322 13.1949997050688 14.339999679476 14.1983330159759 14.2449996815994 14.2449996815994 14.7774996696971 14.9874996650033 12.8249997133389 13.1699997056276 13.4349996997043 13.5499996971339 13.6199996955693 13.5199996978045 13.4349996997043 13.5249996976927 13.6799996942282 13.8449996905401 13.8999996893108 14.0449996860698 14.1549996836111 14.4749996764585 14.1399996839464 13.2799997031689 13.6949996938929 14.919999666512 14.8899996671826 14.7499996703118 14.484999676235 14.194999682717 14.0449996860698 14.5349996751174 15.0749996630475 15.1799996607006 13.4749996988103 13.5349996974692 13.6299996953458 14.9449996659532 14.8399996683002 14.8474996681325 14.8249996686354 14.7874996694736 14.194999682717 14.7249996708706
-9999 -9999 -9999 -9999 -9999 -9999 -9999 -9999 -9999 -9999 -9999 -9999 -9999 -9999 9.65173071096809 13.0385711371366 12.8709997123107 12.4199997223914 13.2699997033924 12.5799997188151 12.5799997188151 14.5499996747822 14.5499996747822 14.6066663401822 14.3499996792525 13.6799996942282 13.4749996988103 13.2349997041747 13.2399997040629 13.3949997005984 13.5049996981397 13.6449996950105 13.7349996929988 13.9099996890873 13.6849996941164 13.9949996871874 14.1699996832758 14.2849996807054 14.3849996784702 14.5949996737763 14.5749996742234 14.4999996758997 15.1349996617064 15.1149996621534 15.1099996622652 14.9299996662885 14.9999996647239 15.1849996605888 15.189999660477 15.1449996614829 15.0549996634945 14.9799996651709 15.0749996630475 14.8249996686354 15.1224996619858 14.8124996689148 14.9874996650033 15.0724996631034 15.002499664668 14.3999996781349 14.3749996786937 14.4299996774644
-9999 -9999 -9999 -9999 -9999 -9999 -9999 -9999 -9999 -9999 -9999 -9999 -9999 11.4624997437932 13.6924996939488 13.4999996982515 13.3699997011572 13.7899996917695 13.973333021005 13.7399996928871 13.7324996930547 14.9224996664561 14.6849996717647 15.0749996630475 15.4349996550009 13.654999694787 13.8749996898696 13.8349996907637 15.7149996487424 15.3474996569566 13.7199996933341 13.9349996885285 14.089999685064 14.1199996843934 14.2249996820465 14.3999996781349 14.4649996766821 14.3499996792525 14.4149996777996 14.5599996745586 14.3249996798113 14.0649996856228 14.1849996829405 15.3299996573478 15.374999656342 15.3099996577948 15.3399996571243 15.2999996580184 15.229999659583 15.2799996584654 15.2349996594712 15.1499996613711 15.044999663718 15.084999662824 15.3599996566772 13.5049996981397 13.6749996943399 14.0849996851757 14.1599996834993 14.2249996820465 14.3499996792525 14.4149996777996
-9999 -9999 -9999 -9999 -9999 -9999 -9999 -9999 -9999 -9999 10.3133331028124 12.9937497095671 13.0474997083656 13.3387497018557 13.3912497006822 14.1049996847287 13.3387497018557 13.828333024246 13.924999688752 13.779999691993 13.8999996893108 13.5949996961281 13.8449996905401 14.2174996822141 14.4699996765703 14.2616663478936 14.7674996699207 14.8549996679649 14.2999996803701 14.4799996763468 13.8899996895343 14.1549996836111 14.2649996811524 14.339999679476 14.379999678582 14.6149996733293 14.5149996755645 14.3449996793643 14.7399996705353 14.9599996656179 14.8099996689707 14.6249996731058 14.5199996754527 14.6749996719882 14.6249996731058 14.5449996748939 15.1599996611476 15.1549996612594 15.3149996576831 15.3949996558949 15.4349996550009 14.6049996735528 14.6349996728823 14.5849996739998 14.4399996772408 14.4649996766821 15.272499658633 14.4599996767938 14.4599996767938 13.9849996874109 15.0549996634945 14.9099996667355
-9999 -9999 -9999 -9999 -9999 -9999 -9999 -9999 -9999 -9999 10.9635711835165 10.832894494708 12.8656663790966 12.8523330460613 13.7024996937253 13.9968746871455 12.7236108267162 -9999 -9999 9.22999979369342 9.18591528763653 13.8933330227931 14.3199996799231 14.5383330083763 14.3974996781908 14.4899996761233 15.0199996642768 15.0399996638298 14.919999666512 14.6899996716529 14.6349996728823 14.6999996714294 14.5799996741116 14.5799996741116 14.8049996690825 14.8399996683002 14.629999672994 14.7999996691942 15.1349996617064 14.9299996662885 15.0899996627122 15.1449996614829 14.9149996666238 14.6849996717647 14.4999996758997 14.5149996755645 14.524999675341 15.6949996491894 15.6299996506423 15.5049996534362 15.1049996623769 14.8949996670708 14.7399996705353 14.6949996715412 14.6749996719882 14.6449996726587 14.6799996718764 14.6099996734411 14.5399996750057 15.189999660477 14.2949996804819 14.2949996804819
-9999 -9999 -9999 -9999 -9999 -9999 -9999 -9999 -9999 -9999 -9999 -9999 -9999 -9999 -9999 -9999 -9999 -9999 -9999 -9999 -9999 -9999 -9999 -9999 11.2157344464289 13.7604758829056 15.374999656342 15.1549996612594 14.8599996678531 14.8749996675178 14.8599996678531 14.7599996700883 14.7299996707588 14.7849996695295 15.3899996560067 15.4249996552244 15.064999663271 14.9149996666238 14.9649996655062 14.9499996658415 14.9899996649474 15.1649996610358 15.3449996570125 15.1249996619299 14.8699996676296 15.1599996611476 15.5699996519834 15.624999650754 15.6199996508658 15.5499996524304 15.6549996500835 15.1324996617623 14.7549996702 14.7499996703118 14.7399996705353 14.7449996704236 14.7199996709824 14.6549996724352 14.5899996738881 14.5099996756762 14.4099996779114 14.2099996823817
-9999 -9999 -9999 -9999 -9999 -9999 -9999 -9999 -9999 -9999 -9999 -9999 -9999 -9999 -9999 -9999 -9999 -9999 -9999 -9999 -9999 -9999 -9999 -9999 -9999 10.6396679468453 14.3879996784031 15.044999663718 14.8849996672943 14.8599996678531 14.8649996677414 14.7449996704236 14.6649996722117 14.899999666959 15.1349996617064 15.6049996512011 15.6849996494129 15.5699996519834 15.0899996627122 14.9499996658415 14.8649996677414 13.9099996890873 14.2549996813759 14.8649996677414 15.3399996571243 14.9449996659532 15.0549996634945 15.6049996512011 15.2899996582419 15.6349996505305 15.6949996491894 15.769999647513 14.8299996685237 15.6349996505305 14.6149996733293 14.6249996731058 14.7099996712059 14.6999996714294 14.6849996717647 14.6249996731058 14.5099996756762 14.2949996804819
-9999 -9999 -9999 -9999 -9999 -9999 -9999 -9999 -9999 -9999 -9999 -9999 -9999 -9999 -9999 -9999 -9999 -9999 -9999 -9999 -9999 -9999 -9999 -9999 -9999 -9999 -9999 13.5533330303927 14.8049996690825 14.9799996651709 15.0799996629357 14.8499996680766 14.6999996714294 14.7399996705353 14.8349996684119 15.5099996533245 15.6199996508658 15.6199996508658 15.4299996551126 15.3799996562302 15.2399996593595 14.9949996648356 15.3199996575713 15.4049996556714 14.8449996681884 15.1349996617064 14.9349996661767 14.9049996668473 14.8649996677414 15.6074996511452 15.5974996513687 15.5699996519834 15.562499652151 15.6274996506982 15.5399996526539 15.6224996508099 14.5299996752292 14.5349996751174 14.6099996734411 14.6949996715412 14.5849996739998 14.2849996807054
