EcologicalScience/Bass/data/rs_data_bass/sst_142.asc
NCOLS 226 
NROWS 124 
XLLCORNER -9.41648524995501 
YLLCORNER 47.587301625531 
CELLSIZE 0.0833 
NODATA_value -9999 
[rows 81 to 107 of 124, columns 62 to 123 of 226]
15.5325036104769 -9999 -9999 -9999 -9999 -9999 -9999 -9999 -9999 -9999 -9999 -9999 -9999 -9999 -9999 -9999 -9999 -9999 -9999 -9999 -9999 -9999 -9999 -9999 -9999 -9999 -9999 -9999 -9999 -9999 -9999 -9999 -9999 -9999 -9999 -9999 -9999 -9999 -9999 -9999 -9999 -9999 -9999 -9999 -9999 -9999 -9999 -9999 -9999 -9999 -9999 -9999 -9999 -9999 -9999 -9999 -9999 -9999 -9999 -9999 -9999 -9999
14.9853831447655 -9999 -9999 -9999 -9999 -9999 -9999 -9999 -9999 -9999 -9999 -9999 -9999 -9999 -9999 -9999 -9999 -9999 -9999 -9999 -9999 -9999 -9999 -9999 -9999 -9999 -9999 -9999 -9999 -9999 -9999 -9999 -9999 -9999 -9999 -9999 -9999 -9999 -9999 -9999 -9999 -9999 -9999 -9999 -9999 -9999 -9999 -9999 -9999 -9999 -9999 -9999 -9999 -9999 -9999 -9999 -9999 -9999 -9999 -9999 -9999 -9999
-9999 -9999 -9999 -9999 -9999 -9999 -9999 -9999 -9999 -9999 -9999 -9999 -9999 -9999 -9999 -9999 -9999 -9999 -9999 -9999 -9999 -9999 -9999 -9999 -9999 -9999 -9999 -9999 -9999 -9999 -9999 -9999 -9999 -9999 -9999 -9999 -9999 -9999 -9999 -9999 -9999 -9999 -9999 -9999 -9999 -9999 -9999 -9999 -9999 -9999 -9999 -9999 -9999 -9999 -9999 -9999 -9999 -9999 -9999 -9999 15.9620945328942 -9999
-9999 -9999 -9999 -9999 -9999 -9999 -9999 -9999 -9999 -9999 -9999 -9999 -9999 -9999 -9999 -9999 -9999 -9999 -9999 -9999 -9999 -9999 -9999 -9999 -9999 -9999 -9999 -9999 -9999 -9999 -9999 -9999 -9999 11.3199997469783 11.209999749437 11.1449997508898 -9999 -9999 -9999 -9999 -9999 -9999 -9999 -9999 -9999 -9999 -9999 -9999 -9999 -9999 -9999 -9999 -9999 -9999 -9999 -9999 17.2699996139854 17.5958162343866 8.44221319258213 8.61003447603434 8.38770713470876 8.34826196124777
-9999 -9999 -9999 -9999 -9999 -9999 -9999 -9999 -9999 -9999 -9999 -9999 -9999 -9999 -9999 -9999 -9999 -9999 -9999 -9999 -9999 -9999 -9999 -9999 -9999 -9999 -9999 -9999 -9999 -9999 -9999 -9999 9.78999978117645 15.3199343155138 9.66194095127284 7.83818489871919 8.14299830221571 12.0692724701366 8.75239569297992 10.0521978300996 9.3602238563742 -9999 11.0224235295318 9.08151187663898 7.48979154974222 7.2605314203538 8.1302377297543 8.39129305956885 8.56556900776923 8.69107637787238 8.52970975916833 9.06982584146317 17.0639653823902 -9999 13.0863045785809 8.50245673023164 8.35758536588401 8.66238897899166 8.67960141832009 8.91053497930989 9.75394450640306 9.69154941383749
-9999 -9999 -9999 -9999 -9999 -9999 -9999 -9999 -9999 -9999 -9999 -9999 13.1111103639843 12.2559554924956 10.3821985418908 10.4435178569984 10.2771309434902 10.2215491081588 14.6723782103509 -9999 -9999 -9999 -9999 -9999 -9999 11.894999734126 11.5310028674886 11.0618462157681 9.61696217674762 9.39463483542204 8.16753134829924 8.81459245396157 12.8289544168131 13.7055290652508 15.6699996497482 17.9849995980039 8.25455936904558 8.97257147938944 8.23996703047305 8.21701711136848 7.85985899530351 8.11446937200214 9.05970945348963 8.83451337227598 8.1302377297543 8.75418865540996 8.85746329138055 8.9270302336663 8.94065674813464 8.94567704293877 8.86176640121266 8.70039978250861 8.57345804246143 8.32244330225512 9.20744955772534 9.38244269089773 8.95213170768693 9.26195561559871 9.38746298570186 9.5882747778669 9.71378214797005 9.88447217131034
-9999 -9999 -9999 -9999 -9999 -9999 -9999 -9999 18.9760316900231 10.6799442768502 11.5562901064986 10.50806450448 10.5141605767421 10.4252296402119 10.4481795593165 10.3147831545211 10.4248710477259 10.4453108194284 10.3452635158319 10.3857844667509 11.2605110709555 12.9631381749545 9.40792246266372 9.92535171471536 9.87263861927204 9.33459985880957 -9999 9.56926937610842 9.54882960440591 9.30283515900373 8.25717946980149 9.01237524533644 9.28849145956337 9.05612352862954 9.22035888722166 9.21999979391694 12.0368765412758 8.68533889809623 8.4013336491771 7.96026489138603 7.93803215725347 9.82781455852091 9.58253729809076 9.42619097419083 9.24546036124229 9.42332223430276 9.57536544837058 9.60477003222331 9.56389048881829 9.39893794525415 9.46348459273577 9.18163089873269 9.12497328594327 9.8830378013663 9.89236120600253 9.79912715964019 9.52229376044124 9.57536544837058 9.90670490544289 9.77115694573149 9.68939785892144 9.78550064517185
-9999 -9999 -9999 -9999 -9999 -9999 -9999 -9999 12.1135148049158 10.5145191692282 10.7020630394109 10.7049317792989 10.6052430681884 10.5995055884123 10.4861903628334 10.589464998804 10.3635517326184 10.4517654841766 10.2753379810601 10.3513595880941 10.0971175155137 9.92965482454747 10.0250404258259 9.97985777258873 9.4448377834633 9.92929623206146 9.70266578090377 9.63776054093614 9.60261847730726 9.61050751199946 9.3853114307858 8.6917935628444 8.9471114128828 9.10345773678273 9.04823449393734 8.80582597339526 8.84240240696818 9.07405315292999 9.16083253454417 9.08194218762219 9.82135989377275 9.99563584197313 9.94112978409976 9.77187413070351 9.6521042403765 9.91172520024702 9.95619066851214 10.0723746339791 10.0271919807419 9.82279426371679 10.0730918189511 9.90957364533097 10.1577196456492 10.2574083567597 9.90240179561079 10.1232947669923 9.75251013645902 10.0874355183914 10.0214545009658 9.8270973735489 9.7159337028861 9.82638018857688
-9999 -9999 -9999 -9999 -9999 -9999 -9999 -9999 10.6174352127127 10.7963728632312 10.8164540424477 10.6758857879322 10.708876296645 10.3750266921706 10.4252296402119 10.5822931490839 10.3219550042413 10.3269752990454 10.230155327823 10.0967589230277 9.96909999800846 10.0680715241469 10.1336939490866 9.86152225220576 9.62628558138385 9.59831536747515 10.0472731599584 9.78478346019983 9.75896480120718 9.71091340808198 9.48213140200824 9.14505446515977 9.07548752287403 9.20744955772534 9.26697591040283 9.07620470784605 9.02958768466488 9.11780143622309 9.73673206707463 9.84933010768145 9.8034302694723 9.85219884756953 9.94758444884792 9.98774680728093 10.1534165358171 10.230872512795 10.3176518944092 10.3312784088776 10.031495090574 10.2344584376551 10.1383556514047 10.1799523797818 10.1670430502854 10.1957304491661 10.1225775820203 10.1304666167125 10.1842554896139 9.7596819861792 10.0594653044827 10.1813867497258 10.0673543391749 10.0164342061616
10.4712252997004 9.40499978978187 -9999 -9999 -9999 -9999 -9999 -9999 9.98738059374903 10.7400738429278 10.8157368574757 10.8584093633108 10.9182943084743 10.6303445422091 10.6626178659499 10.6547288312577 10.8024689354934 10.6515014988836 10.1146885473281 10.1139713623561 10.1462446860969 10.1756492699496 10.2545396168716 10.1225775820203 10.308687082259 10.0652027842589 10.109668252524 9.96838281303644 9.911008015275 9.94399852398783 9.83642077818513 9.52731405524537 9.25334939593449 9.24904628610238 9.29924923414364 9.35016936715692 9.1342966905795 9.60548721719533 10.1835383046418 10.0106967263855 10.1340525415726 10.1813867497258 10.2330240677111 10.2143772584386 10.2903988654725 10.3413189984858 10.4711294784211 10.4460280044004 10.3857844667509 10.2401959174313 10.4603717038408 10.3943906864151 10.3068941198289 10.2251350330189 10.1247291369364 10.1648914953694 10.2961363452487 10.1828211196698 10.1799523797818 10.1713461601175 9.97125155292451 9.85004729265347
10.6860459083691 10.4758540807026 10.43798730243 10.5659771909704 11.6571808229866 -9999 16.1899624452926 10.7285988833755 10.9423200050369 10.9638355541974 11.0143970947247 10.3204550487655 10.8408383314963 10.2432703562081 10.9688558490016 11.0047150976025 11.3012710835319 10.7350535481237 10.4101687557995 10.3198034493253 10.2803582758643 10.3319955938496 10.3635517326184 10.390087576583 10.427381195128 10.4517654841766 10.3434705534019 10.4051484609954 9.9031189805828 9.98200932750478 10.2652973914519 10.2366099925712 10.1691946052015 9.98918117722496 9.90527053549886 10.0444044200704 10.0228888709098 10.2523880619556 10.3362987036817 10.4388561546803 10.2918332354166 10.2158116283827 10.2990050851367 10.2201147382148 10.2896816805005 10.3054597498849 10.4338358598761 10.4739982183091 10.4904934726655 10.4904934726655 10.3542283279821 10.3556626979262 10.269600501284 10.270317686256 10.2244178480469 10.2373271775432 10.2932676053606 10.2430646573193 10.2079225936905 10.1010620328598 10.0444044200704 9.92606889968738
11.0785851497203 10.889858543252 10.7752159065567 10.7350535481237 10.8021103430074 10.8315149268601 11.0326853115112 10.8067720453255 10.9190114934463 11.0086596149486 10.9932401380502 11.0072252450045 11.0147556872107 11.0936460341327 11.0771507797763 10.5776314467657 11.4095660143066 10.2846613856964 10.3843500968069 10.3190862643532 10.4395733396523 10.5349589409307 10.5586260450073 10.550019825343 10.5657978947274 10.5693838195875 10.5808587791398 10.5758384843357 9.99778739688918 9.98918117722496 10.6081118080765 10.6353648370132 10.6719412705861 10.6898708948866 10.4940793975256 10.5385448657908 10.4869075478055 10.4926450275816 10.429532750044 10.4123203107156 10.3241065591574 10.4280983801 10.2796410908923 10.2172459983267 10.1297494317405 10.3614001777023 10.4747154032812 10.4531998541206 10.4402905246243 10.4216437153518 10.3649861025624 10.3155003394932 10.2251350330189 10.3269752990454 10.2982879001647 10.2990050851367 9.99635302694514 9.86869410192594 9.82494581863284 9.76183354109526 9.6757713444531 9.53089998010546
11.3224280402064 11.1954863001592 11.2327799187042 11.184728525579 10.9910885831341 11.2166432568338 11.0914944792166 11.064958635252 11.1893902278971 11.0470290109515 11.1381115023978 10.8329492968041 11.0689031525981 11.2235998545657 10.906819348922 10.9247489732224 10.9365825252607 10.4883419177495 10.467543553561 10.4589373338968 10.4926450275816 10.5285042761825 10.6920224498026 10.707083334215 10.7386394729838 10.7737815366127 10.7651753169484 10.7156895538792 10.8110751551576 10.7164067388512 10.7766502765007 10.7221442186274 10.6855677850544 10.3520767730661 10.668355345726 10.5550401201472 10.548585455399 10.1440931311809 9.73386332718655 9.77689442550763 9.75107576651499 9.71378214797005 10.1656086803414 10.9616376907215 10.5285042761825 11.0660301212532 10.4790185131133 10.3535111430101 10.2502365070395 10.3986937962472 10.4166234205477 10.230872512795 10.2990050851367 10.2136600734666 10.2064882237464 10.1806695647538 9.74677265668288 9.65066987043247 9.69441815372556 9.5086672459729 9.3652302515693 9.23039947682992
11.4719611068722 11.3264920883812 11.3621122753248 11.2865687916055 11.3159733754583 11.3511154390872 11.2765282019973 11.1804254157469 11.1940519302152 11.3177663378883 11.3919949824922 10.8842259695133 10.9091255892223 10.5475584618747 10.9935987305362 11.0047150976025 11.0208517594729 11.1538895717822 10.9971846553963 11.06782737514 11.1822183781769 10.5198980565183 10.7128208139911 10.7171239238232 10.8046204904094 10.9710074039176 11.0183416120708 10.8368938141502 10.8648640280589 10.8878139471635 10.8139438950457 10.8619952881709 10.8634296581149 10.8698843228631 11.0106692423578 10.829004779458 10.6934568197466 10.7343363631517 10.0802636686713 11.179388459151 9.77976316539571 9.9626453332603 10.627296506078 9.98832055525854 10.5449995305389 10.4797356980853 10.6513222026406 10.9173978272593 10.2903988654725 10.2674489463679 10.3262581140734 10.2588427267037 10.4352702298202 10.0049592466094 10.0852839634754 9.20443738084287 8.68863794896752 9.34353540616576 9.08373515005223 9.26984465029091 9.14505446515977 9.06759848818183
11.4362213891 11.3532669940032 11.4221167513169 11.3927121674642 11.2980437511578 11.4292886010371 11.4565416299738 11.3016296760179 11.4339503033552 11.3676106934436 10.5440432839096 11.0284784089774 11.4668124634773 10.7422955210786 11.0147556872107 10.7716079692223 11.1348841700237 11.1409802422859 10.9049240908186 11.0502563433256 11.1553239417262 10.5048371721059 10.6446882416494 10.5901821837761 10.5306558310986 10.5442823455669 10.4768669581972 10.5249183513224 10.9337137853727 10.829004779458 10.9035920165479 10.7752159065567 11.1850402583368 10.7651753169484 11.2464692541398 10.8548234384507 10.787408051081 10.7630237620324 11.3995254246984 11.1983550400473 11.1929761527572 11.1732535660267 10.387218836695 10.3233893741854 10.4352702298202 10.429532750044 10.3047425649129 10.2245971442899 10.2807723178218 10.2195510948077 9.95045318873599 10.0250404258259 9.96766562806442 9.37419506371953 9.71019622310996 9.29906993790064 8.93976026691962 8.87947285680899 8.66840157393987 8.21303327661008 7.45284967813641 7.53814724863817
11.5151117360219 11.4612033322919 11.6458784625866 11.8043763414025 11.4522385201417 11.4548681983724 11.5537201936822 11.5397350867279 10.8978545367718 11.0077747739851 10.8235063613392 11.4221167513169 11.3299584824126 11.2887203465216 11.4465170438246 11.7927818510216 10.9998585407933 9.88070695020724 11.0316705991115 10.9935233089297 11.0935066827224 11.0258075121258 11.2395931759384 10.5736869294196 10.5550401201472 10.4374217847362 10.308328489773 10.3542283279821 10.8221598105239 10.3331909021363 10.66620379081 9.20652766406004 10.3119144146331 10.0099795414135 10.0472731599584 10.0444044200704 10.1390728363767 11.1320154301357 11.1624957914464 11.2704321297351 11.0093767999206 10.1275978768244 10.3434705534019 10.509140281938 9.96479688817635 9.64564957562834 10.3735923222266 10.1376384664327 9.9667691468494 10.2402492440971 9.51010161591694 9.62700276635587 9.27199620520696 9.41417812590953 9.49413512713675 9.51984022266697 8.51881875687589 8.72345553555836 9.21890594757029 8.08939733281732 9.912760858805 7.76608890783973
11.5906552197412 11.6584291995969 11.7111422950402 11.7681585003156 11.7140110349283 11.7269203644246 11.704329037806 11.7405468788929 11.6006958093494 11.6121707689017 11.5300530896056 11.4776985866483 10.4854731778614 10.9519537383846 11.165964658993 11.7234118231996 11.624362913426 11.5806146301329 11.4788272348656 11.1256846760267 10.7939801613208 11.0201345745008 10.4861903628334 11.2891632402316 10.5134433917701 10.1734977150336 10.2602770966478 10.1598712005652 10.4909894917426 10.2652973914519 10.5414136056788 10.4664677761029 10.3162175244652 9.25980406068265 9.44555496843532 9.86223943717778 10.0953245530836 9.90329827682581 9.09987181192264 9.97149061458185 10.7103106665891 10.5718939669896 10.2038709835282 10.7103106665891 10.2494731349871 9.96742656640708 8.57489241240546 9.93252356443554 9.86582536203787 9.48930325172842 9.02528457483277 9.21892451727763 9.05182041879743 8.90479749953374 9.06975004309788 9.41152930104484 11.6045814735027 17.1199996173382 -9999 -9999 -9999 -9999
11.8649784715381 11.8309121853672 11.741622656351 11.8197958183009 11.7703100552317 11.8201544107869 11.8294778154232 11.7599108731374 11.6907025233377 11.6702627516352 11.6595049770549 11.584917739965 11.343943589367 11.2679219823331 11.1144062820046 11.6711592328502 10.6605805644233 10.7755350699382 9.74605547171086 9.6280785438139 10.0053178390954 11.0445188635495 11.3267311500385 11.6501094491866 11.5811326884163 10.5414136056788 10.3552133858736 10.5241734737065 10.7026210718064 10.4380955842013 10.1538613483842 10.1645329028834 9.25263221096247 9.07979063270614 9.67113992509743 9.52991537035753 9.48374506819528 9.52516250032932 9.35160373710096 10.1079731072698 10.1889309301706 9.96718750474975 9.32829522551037 9.35985136427917 9.80838310186352 9.9633124514616 8.36762595549226 9.50508132111281 9.52014220552519 9.0224158349447 8.55289873993024 8.84813988674432 9.08481092751026 8.39215524162033 14.5255641897755 17.9999995976686 -9999 -9999 -9999 -9999 -9999 -9999
11.8291192229372 11.8918729079887 11.8854182432406 11.8807565409224 11.822305965703 11.7685170928016 11.5730841879267 11.7620624280535 11.8517105495557 11.8144169310108 11.7613452430815 11.6503608686617 11.7193899222184 11.4744712542742 11.1940519302152 10.7698697781722 10.8350913537932 10.9566637044773 9.72256766387727 9.7437246205518 9.4927098803455 10.7205468443572 10.5261245795991 10.5035434004385 10.4702788736322 10.5221164540521 10.66978971567 9.92555968330375 13.0831436825295 16.2599996365607 16.2099996376783 13.8339372790442 14.0695505644163 16.6299996282905 -9999 17.344999612309 9.5453732725 9.67025310575264 9.35949277179316 9.4144769529812 9.50723287602887 9.05970945348963 8.98010192159563 9.3779899585726 9.02994627715088 9.07190159801394 9.26482435548678 9.393200465478 9.28992582950741 8.8474227017723 8.94495985796675 8.83307900233194 8.79972990113311 14.3949996782467 -9999 -9999 -9999 -9999 -9999 -9999 -9999 -9999
12.0353099023923 11.9589297028724 11.9083681623451 11.7219000696205 11.6580706071109 11.7288328576833 11.8251747055911 11.7749717575498 11.6011820763039 11.2698287311941 11.5544373786543 10.7581294599921 11.7675863185897 11.6538367230445 11.2891454489902 11.287547855638 10.4175199017627 11.1596926974598 9.90742209041491 9.57966855820268 10.6364974962198 9.58773688913789 9.5285691289464 10.3945442476413 9.50203328498174 10.3806577997748 10.6748100104742 10.3310305164713 10.2827626115953 -9999 -9999 -9999 -9999 -9999 16.3799996338785 8.62802514164812 9.14633847837104 8.73671927848565 9.07692189281806 9.68509474908933 8.70506148482673 9.57942949654534 8.91483808914199 9.24259162135422 9.2060151877813 9.00627917307429 9.23470258666202 9.34156314749271 9.04034545924515 9.1701559391804 9.05970945348963 8.18044067779556 8.89260535500944 -9999 -9999 -9999 -9999 -9999 -9999 -9999 -9999 -9999
11.9482914591208 11.8739432836883 11.6133660771884 12.0048295410816 11.8653370640241 11.9194845294114 11.7154454048723 11.3949368895963 11.1568625781685 11.6179082486778 11.4468596328516 11.3511154390872 11.3251155045194 10.8668655648828 11.0754773481749 10.3846525656991 10.8844346377688 10.9031141280817 10.3256877546664 10.2572281467211 8.1940671922639 9.36953336140141 10.6116719537725 10.1744070915505 9.46348459273577 9.552236233023 10.4993485179148 10.3802080430711 10.2752749978875 16.1999996379018 -9999 -9999 -9999 -9999 -9999 18.0749995959923 8.8134639611817 8.7055284047965 9.06903285812587 9.46850488753989 9.06795708066784 9.25388728466351 8.56987211760134 8.67529830848798 9.06975004309788 9.62987150624394 8.98225347651169 8.55481123318896 8.57274085748941 8.53042694414034 8.596407961566 8.71330911200494 7.63753165397793 10.3949457179182 9.72344108209704 -9999 -9999 -9999 -9999 -9999 -9999 -9999
11.1749269976281 11.8000732315704 11.451043211855 11.5198929691687 11.822305965703 11.2052878281102 11.4866633987986 11.1817461809143 11.1361399620771 11.5196539075114 11.266487612389 11.1499952109531 11.2432860830799 10.8340456529986 11.0979990212557 11.0898923636414 11.0082753412426 11.0083102609497 10.7876992286959 11.2189529285921 10.1015999215888 10.1327974678716 10.9319426253438 10.8093376099797 10.057055393979 9.93968197014183 9.44109497759491 9.73334778814266 9.45459586061123 10.4873710786077 13.3924359737713 24.7149994475767 -9999 -9999 -9999 -9999 8.70547209866345 8.71065446600551 8.76996672479436 10.3809005079869 8.61307827010751 8.65412307211331 8.11230810545385 8.38770713470876 8.78000731440261 8.9349192683585 8.80008849361911 8.91340371919796 8.40993986884132 8.34754477627575 8.63513595005497 7.680204159813 9.29847781142841 9.86999977938831 -9999 -9999 -9999 -9999 -9999 -9999 -9999 -9999
11.5258695106022 11.8713136054575 11.8254137672484 11.9944303589873 11.7013407670893 12.0914893918671 12.0747550758533 11.3603342704785 11.3346013174547 10.9791292199865 10.6343702565879 10.453313552402 11.0782087848056 10.8397625540383 10.8949857968837 10.8717914298177 11.3547013639472 11.2571642077528 11.2883394553016 11.4701681444421 11.5103305028751 10.9165650814772 10.7564893957227 8.69771033886354 8.99033876173198 8.62581254541874 9.81992552382872 9.62449261895381 9.61409343685955 9.16513564437628 13.5045877688987 -9999 -9999 -9999 -9999 -9999 -9999 -9999 -9999 -9999 -9999 -9999 -9999 -9999 -9999 -9999 7.76232183910906 8.21486555645242 8.41998045844957 8.25791020411998 9.00426363599776 19.3399995677173 -9999 -9999 -9999 -9999 -9999 -9999 -9999 -9999 -9999 -9999
12.2891933824867 12.0019608011935 12.2174748852849 12.0883815903217 11.7785576824099 12.0068615651689 12.0030365786515 11.1911914138123 10.3126315996051 10.5210862478241 11.145283352118 11.0534836756997 10.9918057681061 11.0728476699442 10.9645527391694 11.1538895717822 10.8964201668277 11.1384128274707 11.5648365607485 10.2000335589983 10.9879471915774 10.9227104190116 11.2048097047955 10.0505513665266 13.0109767761541 16.0649996409193 8.95392467011698 9.58215063880198 9.40933712734841 9.15509505476803 9.5863990633247 12.2907212725584 19.61789371053 -9999 -9999 -9999 -9999 -9999 -9999 -9999 -9999 -9999 -9999 -9999 -9999 -9999 -9999 -9999 -9999 -9999 -9999 -9999 -9999 -9999 -9999 -9999 -9999 -9999 -9999 -9999 -9999 -9999
11.9782936971169 11.715923528187 12.2501068015117 11.8278043838218 11.8603210512549 11.7794861575589 11.5950166922063 11.1603442365304 11.4330538221402 10.9152227463201 11.1789910458028 11.0197759820148 10.3605991734192 11.1746879359707 10.3979709548876 10.8906826870516 11.1222485658946 10.7290535641368 9.81096071167849 9.81490522902459 10.9324420096042 10.7494763744374 10.3620543761645 9.31986830208916 9.80665760184638 9.92682795521493 9.93667683796957 9.00090028578416 8.85674610640854 8.76422924501821 8.48115567676723 10.8964680953484 19.7949995575473 -9999 -9999 -9999 -9999 -9999 -9999 -9999 -9999 -9999 -9999 -9999 -9999 -9999 -9999 -9999 -9999 -9999 -9999 -9999 -9999 -9999 -9999 -9999 -9999 -9999 -9999 -9999 -9999 -9999
11.6903439308517 12.1349986135028 12.0977049949579 12.061128561385 11.9152236344293 11.8420761400834 11.7649311679415 10.4304889966734 11.5648365607485 11.4873805837706 10.8743647608906 10.6127180745825 10.6269257471172 11.2026581498794 11.1947691151872 10.4666005436331 10.3544910123572 11.1101412884891 10.8583408046203 10.8968601738258 10.7851495863094 9.23972288146615 10.2415735671297 9.28633990464732 9.96600362464475 9.19023711839691 9.87945187650621 8.49098177067935 9.27422564523295 9.09812171695133 8.72533664852381 7.40095623787492 20.9874150021933 -9999 -9999 -9999 -9999 -9999 -9999 -9999 -9999 -9999 -9999 -9999 -9999 -9999 -9999 -9999 -9999 -9999 -9999 -9999 -9999 -9999 -9999 -9999 -9999 -9999 -9999 -9999 -9999 -9999
12.1098971394822 12.1852015615441 11.8108310061507 12.2052827407606 12.1098971394822 11.8194388214499 11.505310208071 11.665242456831 11.5476241214201 11.5648365607485 10.3792067654431 10.5085450423261 9.60487567130476 9.60189190730453 9.82915967758745 10.1978591870517 10.2509389929473 10.4701756641269 10.7029428185585 10.810613035302 10.7182044134631 10.3146119284599 9.13477481389418 8.94998015277088 9.11349832639098 9.11780143622309 9.96049377834424 9.06186100840569 9.58294333331287 9.28992582950741 10.0145145248971 13.3644495310829 14.578028434912 -9999 -9999 -9999 -9999 -9999 -9999 -9999 -9999 -9999 -9999 -9999 -9999 -9999 -9999 -9999 -9999 -9999 -9999 -9999 -9999 -9999 -9999 -9999 -9999 -9999 -9999 -9999 -9999 -9999
