EcologicalScience/Bass/data/rs_data_bass/sst_155.asc
NCOLS 226 
NROWS 124 
XLLCORNER -9.41648524995501 
YLLCORNER 47.587301625531 
CELLSIZE 0.0833 
NODATA_value -9999 
[rows 27 to 53 of 124, columns 62 to 123 of 226]
-9999 -9999 -9999 -9999 -9999 -9999 -9999 -9999 -9999 -9999 -9999 -9999 -9999 -9999 -9999 -9999 -9999 -9999 -9999 -9999 -9999 -9999 -9999 -9999 -9999 -9999 -9999 -9999 12.5299997199327 10.0430129266848 9.06682613513504 9.46993925748393 9.61767936171964 9.78263190528378 9.70732748322189 9.5165562806651 9.53807182982564 9.60620440216735 9.69298378378153 9.69513533869758 9.76183354109526 9.99993895180523 10.0350810154341 10.0558793796226 9.60763877211139 9.56891078362241 9.81705678394064 9.33223974285647 10.0953245530836 9.75322732143104 9.66071046004072 9.89953305572271 9.54882960440591 9.66501356987283 9.41543319961056 9.83068329840899 9.59688099753112 9.63632617099211 9.84430981287733 9.55313271423802 9.91674549505115 9.97268592286855
-9999 -9999 -9999 -9999 -9999 -9999 -9999 -9999 -9999 -9999 -9999 -9999 -9999 -9999 -9999 -9999 -9999 -9999 -9999 -9999 -9999 -9999 -9999 -9999 -9999 -9999 -9999 -9999 -9999 -9999 9.78499978128821 8.25080449227244 9.46922207251191 9.58182011311874 9.61122469697148 9.60620440216735 9.58899196283892 9.72095399769023 9.72597429249436 9.54811241943389 9.84574418282136 9.94041259912774 9.95977659337223 9.61409343685955 10.0429700501263 9.85363321751356 9.87658313661814 9.90957364533097 9.33510848274454 10.2000335589983 9.65712453518063 9.47567673726007 9.80845056427643 9.8471785527654 9.51870783558115 9.98057495756075 10.1225775820203 9.55098115932196 9.43981748865917 10.1060823276639 9.96838281303644 9.99276710208505
-9999 -9999 -9999 -9999 -9999 -9999 -9999 -9999 -9999 -9999 -9999 -9999 -9999 -9999 -9999 -9999 -9999 -9999 -9999 -9999 -9999 -9999 -9999 -9999 -9999 -9999 -9999 -9999 -9999 -9999 -9999 12.1449997285381 9.50221258122474 9.61696217674762 9.57966855820268 9.64493239065632 9.52874842518941 9.65784172015265 9.59544662758708 9.39248328050599 9.83211766835302 9.55671863909811 9.31717885844409 9.33439129777253 9.95403911359608 10.0049592466094 9.82494581863284 10.0264747957699 9.86080506723374 9.18665119353682 10.0099795414135 10.2158116283827 10.0049592466094 10.1778008248657 10.1462446860969 9.7675710208714 9.23828851152211 9.57536544837058 9.98989836219698 10.4417248945683 10.5184636865743 9.96981718298048
-9999 -9999 -9999 -9999 -9999 -9999 -9999 -9999 -9999 -9999 -9999 -9999 -9999 -9999 -9999 -9999 -9999 -9999 -9999 -9999 -9999 -9999 -9999 -9999 -9999 -9999 -9999 -9999 -9999 -9999 -9999 11.6885352601483 9.20027770800516 9.48571732686833 9.75681324629113 9.74462110176682 9.7238227375783 9.77761161047965 9.46778770256788 9.52516250032932 9.79769278969616 9.66931667970493 9.81562241399661 10.1211432120763 10.2244178480469 10.0644855992869 9.66501356987283 10.2724692411721 10.3527939580381 9.78693501511589 10.0558793796226 10.0989104779437 10.1426587612368 10.0601824894547 10.6984771145508 9.98774680728093 10.2265694029629 10.5270699062385 9.99635302694514 9.82781455852091 10.0494247148745 10.0099795414135
-9999 -9999 -9999 -9999 -9999 -9999 -9999 -9999 -9999 -9999 -9999 -9999 -9999 -9999 -9999 -9999 -9999 -9999 -9999 -9999 -9999 -9999 -9999 -9999 -9999 -9999 -9999 -9999 -9999 -9999 -9999 12.5749997189268 9.0984374419786 9.83426922326908 9.85148166259751 9.87084565684199 9.57751700328663 9.91315957019106 9.82853174349293 9.69800407858565 9.76039917115122 9.54094056971371 9.96121096331626 10.0910214432515 9.33510848274454 10.0365153853782 10.0451216050424 10.3119144146331 10.2057710387744 10.4228390236385 10.3449049233459 10.2519099386409 10.3262581140734 9.39750357531011 9.44340341351926 9.56317330384627 9.57464826339856 10.3535111430101 10.2739036111161 9.83498640824109 9.71378214797005 9.70517592830583
-9999 -9999 -9999 -9999 -9999 -9999 -9999 -9999 -9999 -9999 -9999 -9999 -9999 -9999 -9999 -9999 -9999 -9999 -9999 -9999 -9999 -9999 -9999 -9999 -9999 -9999 -9999 -9999 -9999 -9999 -9999 -9999 11.0672437044822 7.94018371216953 9.11923580616713 9.36738180648535 9.57321389345452 9.22681355196983 9.37455365620553 9.36594743654132 9.74031799193472 9.8672597319819 10.0121310963295 10.0644855992869 10.1785180098377 10.3542283279821 10.3714407673106 10.7271645134315 10.6487522898242 10.4524826691486 10.3570970678702 10.1046479577199 10.2406740407459 10.3637907942757 10.3891313299537 10.1197088421322 10.2107913335785 10.1526993508451 9.4290597140789 10.1302275550552 9.76470228098333 9.57464826339856
-9999 -9999 -9999 -9999 -9999 -9999 -9999 -9999 -9999 -9999 -9999 -9999 -9999 -9999 -9999 -9999 -9999 -9999 -9999 -9999 -9999 -9999 -9999 -9999 -9999 -9999 -9999 -9999 -9999 -9999 -9999 -9999 8.67487556794819 9.94129528832407 9.66931667970493 9.56460767379031 9.76685383589938 9.15150912990794 9.27629931503907 9.81418804405257 9.80916774924845 9.88877528114244 9.95188755868003 10.0917386282235 10.188558599446 9.79052093997598 10.2323068827391 10.6963255596347 10.8572140550241 10.6188695826568 11.0422477778047 10.6272367406636 10.4967090757564 10.4283374417573 9.60477003222331 9.73027740232646 9.69154941383749 10.0164342061616 9.90527053549886 9.99993895180523 9.91459394013509 10.0271919807419
-9999 -9999 -9999 -9999 -9999 -9999 -9999 -9999 -9999 -9999 -9999 -9999 -9999 -9999 -9999 -9999 -9999 -9999 -9999 -9999 -9999 -9999 -9999 -9999 -9999 -9999 -9999 -9999 -9999 -9999 -9999 -9999 -9999 8.5700201661326 9.54022338474169 9.62126528657973 9.62269965652376 9.5724967084825 9.49002043670043 9.53878901479766 9.80916774924845 9.84502699784935 9.75394450640306 9.81705678394064 9.61481062183157 11.2686391673051 10.3007980475668 10.468260738533 10.6489913514815 10.9172185310163 10.6181523976848 10.3348643337376 10.5253964746371 10.2906379271299 9.58468885300681 9.4369487487711 9.69298378378153 10.3860235284083 9.93610948929563 9.84072388801724 9.89379557594657 9.87658313661814
-9999 -9999 -9999 -9999 -9999 -9999 -9999 12.4732340799215 12.3359697801061 11.7823826689273 12.2952894547489 8.82488871777316 11.5021222276836 8.40681383743094 8.41999981179833 -9999 -9999 -9999 -9999 -9999 -9999 -9999 -9999 -9999 -9999 -9999 -9999 -9999 -9999 -9999 -9999 -9999 -9999 -9999 9.25119784101844 9.30642108386382 9.47352518234402 9.53305153502151 9.38387706084177 9.62485121143982 9.82064270880073 9.8830378013663 9.82996611343697 9.7317117722705 9.76685383589938 11.6584291995969 11.2033753348514 10.5202566490043 10.6041672907304 10.5660369563848 10.414710927289 10.4852341162041 10.3986937962472 9.96981718298048 10.0056764315814 10.3152612778358 10.3513595880941 10.6984771145508 10.3095237980597 10.042013803497 10.360443931073 9.84861292270944
-9999 -9999 -9999 -9999 8.58562932298001 12.2423340407245 11.9998604737754 12.5520416747313 12.3121433015913 11.5642389066052 12.7320761963835 17.489505123673 19.9649995537475 -9999 -9999 -9999 -9999 -9999 -9999 -9999 -9999 -9999 -9999 -9999 -9999 -9999 -9999 -9999 -9999 -9999 -9999 -9999 -9999 -9999 9.11995299113914 9.00018310081214 8.98440503142774 10.0275505732279 9.52014220552519 9.68939785892144 9.93610948929563 10.0522934547625 9.92535171471536 9.75035858154297 10.7948189624585 11.6669158884324 11.6100192139857 10.8501617361326 10.7508316175081 10.5971149718389 10.4718466633931 10.0585090578534 10.1524602891877 10.3047425649129 10.1414634529501 9.95499536022544 10.5234839813784 10.6353648370132 10.3458014045609 7.28467664774507 10.467364257318 10.3653446950484
11.8692303538722 11.5265866955742 12.6176640996709 11.505310208071 11.5555131561123 11.663090901915 11.8976103877649 11.9485305207781 12.0962706250139 6.66720659071778 3.81499991472811 -9999 -9999 -9999 -9999 -9999 -9999 -9999 -9999 -9999 -9999 -9999 -9999 -9999 -9999 -9999 -9999 -9999 -9999 -9999 -9999 -9999 -9999 -9999 12.8399997130036 10.7275231059175 10.1383556514047 10.4067262679338 10.4663482452743 10.7565690972842 10.854345315136 9.4609744453337 10.3775368395727 11.5966317611746 10.7952970857732 10.9286934905685 11.2205877741799 11.2961312578991 10.228720957879 10.3798079253174 10.2676880080253 10.2600380349904 9.9839218207635 10.16393524874 10.4802138214 10.4025187827647 10.4194921604358 10.6125942141516 10.3432912571589 10.5738662256626 10.3703649898525 10.2043366688304
11.8775292085484 11.8144169310108 11.8667714339681 11.4873805837706 11.6394237978384 11.7226172545925 11.8588823992759 11.8854182432406 11.9578539254144 12.8949997117743 -9999 -9999 -9999 -9999 -9999 -9999 -9999 -9999 -9999 -9999 -9999 -9999 -9999 -9999 -9999 -9999 -9999 -9999 -9999 -9999 -9999 -9999 -9999 -9999 -9999 10.7959694466845 10.6003662103787 10.2189194299281 10.3348643337376 10.5495417020284 9.64780113054439 9.34132408583537 10.9143497911282 11.3212327319197 11.0965147740208 10.9788964386098 10.774737783242 9.49002043670043 10.4297718117014 10.2803582758643 10.3088066130877 10.1321400483139 10.0329294605181 10.2784457826056 10.4822458454873 10.4207472341368 10.3942113901721 10.48379974626 9.85219884756953 10.548944047885 10.3781344937161 10.0958026763983
11.1517380168661 11.3016296760179 11.2091128146276 11.344660774339 11.5375835318118 11.7319406592287 11.6681111967191 12.5294503481127 8.76135235501156 -9999 -9999 -9999 -9999 -9999 -9999 -9999 -9999 -9999 -9999 -9999 -9999 -9999 -9999 -9999 -9999 -9999 -9999 -9999 -9999 -9999 -9999 -9999 -9999 -9999 -9999 -9999 9.01782585112378 10.428815565072 10.3331909021363 10.2511927536689 9.44770652335137 9.55098115932196 10.8566164008807 10.7379222880118 10.7730643516406 9.69513533869758 9.7596819861792 10.2578864800744 10.360443931073 10.335103395395 10.3394065052271 10.5167902549729 10.0250404258259 9.89164402103052 10.110564733739 10.1600504968083 10.0149998362176 9.47997984709218 9.74605547171086 10.0338259417331 9.42977689905092 9.43981748865917
10.9803308085538 10.9215216408484 10.9408856350929 11.1029694387689 11.5784630752169 11.6372722429223 11.9198431218974 12.0643558937591 12.7897884929553 -9999 -9999 -9999 -9999 -9999 -9999 -9999 -9999 -9999 -9999 -9999 -9999 -9999 -9999 -9999 -9999 -9999 -9999 -9999 -9999 -9999 -9999 -9999 -9999 -9999 -9999 -9999 -9999 -9999 -9999 13.8599996902049 13.433895970491 9.57464826339856 9.21246985252947 9.94744101185352 10.5849228273146 10.3214768809266 10.2966144685633 10.4673044919036 10.5103355902247 9.29996641911566 9.45487837307155 9.5724967084825 9.68150882422924 9.72023681271821 9.53520308993757 9.4527268181555 9.26841028034687 9.40395824005827 9.46205022279173 9.21605577738956 9.02313301991671 9.41543319961056
10.8612781031989 10.8505203286186 10.9659871091135 11.2973265661858 11.383388762828 11.701818890404 12.1199377290905 11.9919202115852 11.7112015260513 12.8599997125566 -9999 -9999 -9999 -9999 -9999 -9999 -9999 -9999 -9999 -9999 -9999 -9999 -9999 -9999 -9999 -9999 -9999 -9999 -9999 -9999 -9999 -9999 -9999 -9999 -9999 -9999 -9999 -9999 -9999 -9999 -9999 -9999 -9999 7.5448098825956 9.88102968344465 9.59257788769901 10.0279091657139 10.0652027842589 9.47424236731604 9.40969571983442 9.9985045818612 9.38029113598168 9.4806970320642 9.66142764501274 9.37025054637343 9.51297035580501 9.35160373710096 9.20314644789323 9.01165806036443 8.90838342439383 9.42690815916285 9.4089785348624
10.945188744925 10.6188695826568 10.82613603957 11.6996673354879 11.8603167692199 11.7939771593083 12.0898159602657 12.1995452609845 11.7315820667427 12.763861304228 -9999 -9999 -9999 -9999 -9999 16.1899624452926 -9999 -9999 -9999 -9999 -9999 -9999 -9999 -9999 -9999 -9999 -9999 -9999 -9999 -9999 -9999 -9999 -9999 -9999 -9999 -9999 -9999 -9999 -9999 -9999 -9999 -9999 -9999 -9999 9.40663339945939 9.8751487666741 9.82638018857688 9.7596819861792 9.40467542503029 9.17302467906848 9.36307869665325 9.23613695660606 9.29924923414364 9.29996641911566 9.20242926292121 9.17445904901251 9.16298408946022 9.18449963862076 9.21749014733359 9.37455365620553 9.04608293902129 9.30570389889181
11.3231452251785 10.8325907043181 11.2198705892079 11.0147556872107 10.1770836398937 11.7097079250962 11.8689229888842 12.2655262784101 12.1220892840065 11.9884060052224 14.4199996776879 -9999 21.6399995163083 -9999 -9999 10.6899997610599 -9999 -9999 -9999 -9999 -9999 -9999 -9999 -9999 -9999 -9999 -9999 -9999 -9999 -9999 -9999 -9999 -9999 -9999 -9999 -9999 -9999 -9999 -9999 -9999 -9999 -9999 -9999 -9999 -9999 11.8845431030841 9.77474287059158 9.66859949473292 9.33797722263262 9.19669178314507 9.03675953438506 9.09915462695062 9.30713826883584 9.34228033246472 8.92989897355437 8.96647540712729 8.92057556891814 9.00592058058828 9.02385020488873 9.393200465478 8.72550125652924 8.83092744741589
11.3934293524362 11.1087069185451 11.0728476699442 10.7429425828159 10.2452162122354 11.6903439308517 9.09700307203457 12.2748496830463 12.3315072958358 12.2719809431583 11.9248634167016 12.0249107202981 9.59585953914725 -9999 -9999 -9999 21.4643211757143 12.2119799405336 -9999 -9999 -9999 -9999 -9999 -9999 -9999 -9999 -9999 -9999 -9999 -9999 -9999 -9999 -9999 -9999 -9999 -9999 -9999 -9999 -9999 -9999 -9999 -9999 -9999 -9999 -9999 8.8399998024106 13.1299997065216 10.9060957902402 9.28633990464732 9.17517623398453 9.13859980041161 10.0016123834066 8.67242956859991 9.04464856907725 9.03389079449698 9.0503860488534 8.49026458570734 9.10058899689466 9.01596117019653 9.26536224421579 9.0424970141612 9.4649189626798
11.0714133000001 11.3116702656262 11.4049043119885 11.3869746876881 10.7752159065567 11.6415753527544 12.6714529725723 10.7687612418085 12.3329416657798 12.4900051746517 12.7618182790466 12.0152287231758 19.539999563247 13.4449369648937 12.7089856527746 13.2619830785319 12.6814935621805 18.5481769694374 -9999 -9999 -9999 -9999 -9999 -9999 -9999 -9999 -9999 -9999 -9999 -9999 -9999 -9999 -9999 -9999 -9999 -9999 -9999 -9999 -9999 -9999 -9999 -9999 -9999 -9999 -9999 -9999 -9999 -9999 9.56604204373434 10.2115085185505 9.52301094541326 9.36881617642939 9.23613695660606 9.14146854029968 9.06903285812587 9.21103548258543 9.17445904901251 9.03675953438506 9.2497634710744 9.29476682806853 9.27468564885203 9.36020995676517
11.0319681265391 11.0341196814552 11.4070558669046 11.5720084104687 11.5691396705806 11.7599108731374 11.7721030176617 11.8925900929607 12.0733207059093 12.3781243190169 12.4677724405192 12.4089632728137 12.9597613313235 13.0816827765666 13.4280831180513 12.5898134165909 8.39890257093228 -9999 -9999 -9999 -9999 -9999 -9999 -9999 -9999 -9999 -9999 -9999 -9999 -9999 -9999 -9999 -9999 -9999 -9999 -9999 -9999 -9999 -9999 -9999 -9999 -9999 -9999 -9999 -9999 -9999 -9999 -9999 10.1713461601175 9.8988158707507 9.66286201495677 9.57751700328663 9.58755759289488 9.3092898237519 8.92487867875025 9.24330880632624 9.1780449738726 9.21749014733359 9.1658528293483 9.12138736108318 9.47209081239998 9.30606249137782
11.9331110438798 11.2198705892079 11.7749717575498 11.4278542310931 11.4350260808133 11.2923062713817 11.741981248837 11.78214360727 11.8674886189401 12.0941190700978 12.5194097585045 12.6915341517888 12.7481917645782 13.0623187823221 13.257393094711 14.9891848005655 9.28909547035632 -9999 -9999 -9999 -9999 -9999 -9999 -9999 -9999 -9999 -9999 -9999 -9999 -9999 -9999 -9999 -9999 -9999 -9999 -9999 -9999 -9999 -9999 -9999 -9999 -9999 -9999 -9999 -9999 -9999 -9999 -9999 9.99819721687319 9.04966886388138 9.48356577195227 9.44196904357523 9.2655415404588 9.44125185860321 9.28992582950741 9.40772346116137 9.24259162135422 9.20314644789323 9.2017120779492 9.15150912990794 9.19310585828498 9.46707051759586
10.6152836577967 10.5686666346155 11.0075838374905 11.1302224677056 11.3353373697028 11.5246742023155 11.8976103877649 11.8352152951993 11.8136997460388 12.7847681981511 12.7560807992704 12.8435773658566 12.9597613313235 12.9999236897565 13.5500045632944 6.69999985024333 -9999 -9999 -9999 -9999 -9999 -9999 -9999 -9999 -9999 -9999 -9999 -9999 -9999 -9999 -9999 -9999 -9999 -9999 -9999 -9999 -9999 -9999 -9999 -9999 -9999 -9999 -9999 -9999 -9999 -9999 -9999 -9999 14.7798563020071 9.63694090096812 9.91129488926381 9.4168675695546 9.34084596252069 9.06544693326578 9.38794110901654 9.01022369042039 9.15509505476803 9.20242926292121 9.14577165013179 9.27127902023494 9.27629931503907 8.80510878842324
10.4761497732252 10.5026856171899 11.2331385111902 11.0950804040767 11.2851344216615 11.5196539075114 11.2385173984803 11.4278542310931 11.8775292085484 12.4828333249316 12.7137668859214 12.9439832619391 12.8134555970319 13.0400860481896 12.6401175061026 -9999 -9999 -9999 -9999 -9999 -9999 -9999 -9999 -9999 -9999 -9999 -9999 -9999 -9999 -9999 -9999 -9999 -9999 -9999 -9999 -9999 -9999 -9999 -9999 -9999 -9999 -9999 -9999 -9999 -9999 -9999 -9999 -9999 -9999 8.56673443334876 9.13859980041161 9.45494357170537 9.72995865345001 8.41998045844957 10.1051260810345 8.45512252207845 8.2815637588501 9.16800438426435 9.75011951988563 9.38567002327181 9.48105562455021 9.26285209681373
10.5822931490839 10.627475802321 11.2826242742594 11.5067445780151 11.3607974362094 10.9903713981621 11.1008178838529 11.7527390234172 11.5081789479591 11.8452558848076 12.7632526489906 12.8830225393176 12.9676503660157 12.9898831001483 13.3329024267649 10.6699752421118 -9999 -9999 -9999 -9999 -9999 -9999 -9999 -9999 -9999 -9999 -9999 -9999 -9999 -9999 -9999 -9999 -9999 -9999 -9999 -9999 -9999 -9999 -9999 -9999 -9999 -9999 -9999 -9999 -9999 -9999 6.47740374774672 8.1344383845904 12.6549997171387 -9999 11.5949583295733 10.9033529548906 9.49950321577489 10.1633136884309 9.51189457834698 9.3731192862615 9.97866246430203 9.80845056427643 10.2337412526831 9.27845086995512 9.40682697994635 9.44555496843532
11.3256553725805 10.9774620686658 11.2750938320532 11.2134159244597 11.1596270515583 10.7551347273402 10.9996948027983 11.1567583116703 11.2887203465216 11.6164738787338 12.0510879717767 12.9475691867992 13.1885433373973 13.8375957370736 11.8501168051735 -9999 -9999 -9999 -9999 -9999 -9999 -9999 -9999 -9999 -9999 -9999 -9999 -9999 -9999 -9999 -9999 -9999 -9999 -9999 -9999 -9999 -9999 -9999 -9999 -9999 -9999 -9999 -9999 -9999 -9999 -9999 -9999 10.7599997594953 7.27607042808086 12.4641313475843 11.9258674756624 12.5364500734396 11.8474601733906 10.5834884573705 9.94658038988709 10.1601102622226 9.54954678937793 9.67170729627833 9.98033589590341 9.55313271423802 9.84670042945072 10.0114139113575
11.1292662210763 10.8983326600865 10.8533890685067 10.8792077274993 11.1277123203035 10.7099520741031 10.8576921783388 11.107989733573 11.1997894099914 11.3102358956821 12.1134830643423 13.0752281118184 13.575106037315 12.5014084157068 13.4599996991456 -9999 -9999 -9999 -9999 -9999 -9999 -9999 -9999 -9999 -9999 -9999 -9999 -9999 -9999 -9999 -9999 -9999 -9999 -9999 -9999 -9999 -9999 -9999 -9999 -9999 -9999 -9999 -9999 -9999 -9999 -9999 -9999 -9999 -9999 -9999 13.7259372052116 12.0711691509932 12.5030579411425 9.90161941200495 10.7415082128718 10.8122704634443 11.4558244450018 9.92176578985527 9.93940854016691 10.044882543385 10.0346028921194 10.3876969600096
10.6473179198802 10.7728252899833 9.43945889617316 9.28275397978723 11.3263725575525 10.7902767909691 10.9996948027983 11.2456892482005 11.2593157626688 11.5999786243774 12.0290942993015 12.4799645850435 12.9274880075827 12.6938650029479 14.9598107256836 -9999 -9999 -9999 -9999 -9999 -9999 -9999 -9999 -9999 -9999 -9999 -9999 -9999 -9999 -9999 -9999 -9999 -9999 -9999 -9999 -9999 -9999 -9999 -9999 -9999 -9999 -9999 -9999 -9999 -9999 -9999 -9999 -9999 -9999 -9999 -9999 -9999 8.42616515816685 11.0796609271783 10.8593656099401 11.1598661132157 11.1558020650409 10.3790907403454 11.287604725454 11.3262530267239 10.7938627158292 10.8775342958979
