EcologicalScience/Bass/data/rs_data_bass/sst_304.asc
NCOLS 226 
NROWS 124 
XLLCORNER -9.41648524995501 
YLLCORNER 47.587301625531 
CELLSIZE 0.0833 
NODATA_value -9999 
[rows 0 to 26 of 124, columns 62 to 123 of 226]
-9999 -9999 -9999 -9999 -9999 -9999 -9999 -9999 -9999 -9999 -9999 -9999 -9999 -9999 -9999 -9999 -9999 -9999 -9999 -9999 -9999 -9999 -9999 -9999 -9999 -9999 -9999 -9999 -9999 -9999 -9999 -9999 -9999 -9999 -9999 -9999 -9999 -9999 -9999 -9999 -9999 -9999 -9999 -9999 -9999 -9999 -9999 -9999 -9999 -9999 -9999 -9999 -9999 -9999 -9999 -9999 -9999 -9999 -9999 -9999 -9999 -9999
-9999 -9999 -9999 -9999 -9999 -9999 -9999 -9999 -9999 -9999 -9999 -9999 -9999 -9999 -9999 -9999 -9999 -9999 -9999 -9999 -9999 -9999 -9999 -9999 -9999 -9999 -9999 -9999 -9999 -9999 -9999 -9999 -9999 -9999 -9999 -9999 -9999 -9999 -9999 -9999 -9999 -9999 -9999 -9999 -9999 -9999 -9999 -9999 -9999 -9999 -9999 -9999 -9999 -9999 -9999 -9999 -9999 -9999 -9999 -9999 -9999 -9999
-9999 -9999 -9999 -9999 -9999 -9999 -9999 -9999 -9999 -9999 -9999 -9999 -9999 -9999 -9999 -9999 -9999 -9999 -9999 -9999 -9999 -9999 -9999 -9999 -9999 -9999 -9999 -9999 -9999 -9999 -9999 -9999 -9999 -9999 -9999 -9999 -9999 -9999 -9999 -9999 -9999 -9999 -9999 -9999 -9999 -9999 -9999 -9999 -9999 -9999 -9999 -9999 -9999 -9999 -9999 -9999 -9999 -9999 -9999 -9999 -9999 -9999
-9999 -9999 -9999 -9999 -9999 -9999 -9999 -9999 -9999 -9999 -9999 -9999 -9999 -9999 -9999 -9999 -9999 -9999 -9999 -9999 -9999 -9999 -9999 -9999 -9999 -9999 -9999 -9999 -9999 -9999 -9999 -9999 -9999 -9999 -9999 -9999 -9999 -9999 -9999 -9999 -9999 -9999 -9999 -9999 -9999 -9999 -9999 -9999 -9999 -9999 -9999 -9999 -9999 -9999 -9999 -9999 -9999 -9999 -9999 -9999 -9999 -9999
-9999 -9999 -9999 -9999 -9999 -9999 -9999 -9999 -9999 -9999 -9999 -9999 -9999 -9999 -9999 -9999 -9999 -9999 -9999 -9999 -9999 -9999 -9999 -9999 -9999 -9999 -9999 -9999 -9999 -9999 -9999 -9999 -9999 -9999 -9999 -9999 -9999 -9999 -9999 -9999 -9999 -9999 -9999 -9999 -9999 -9999 -9999 -9999 -9999 -9999 -9999 -9999 -9999 -9999 -9999 -9999 -9999 -9999 -9999 -9999 -9999 -9999
-9999 -9999 -9999 -9999 -9999 -9999 -9999 -9999 -9999 -9999 -9999 -9999 -9999 -9999 -9999 -9999 -9999 -9999 -9999 -9999 -9999 -9999 -9999 -9999 -9999 -9999 -9999 -9999 10.9649997549132 10.5061468142287 13.2435275185853 13.2595446496271 13.5012359851971 13.4474471122958 13.5887325517833 13.7163914768025 13.8246864075772 13.8978392747231 13.9487594077364 13.9236579337157 13.8361613671295 13.7529679103754 13.9587999973446 14.0376903442666 14.0419934540987 13.9573656274006 14.3919797204435 14.332453367766 14.0713980379514 13.7816553092562 13.7493819855154 14.254638798302 14.3747672811151 14.3611407666467 14.3704641712829 14.5088808708824 14.6659443797544 14.8308969233185 15.0352946403436 15.0130619062111 15.0603961143643 15.1091646924615
-9999 -9999 -9999 -9999 -9999 -9999 -9999 -9999 -9999 -9999 -9999 -9999 -9999 -9999 -9999 -9999 -9999 -9999 -9999 -9999 -9999 -9999 -9999 -9999 -9999 -9999 -9999 12.7890876076417 12.8708303947933 12.6811349696945 13.3735770601779 13.6496932744049 13.6410870547406 13.494781320449 13.7694631647319 13.8469191417098 13.8175145578571 13.8641315810382 13.7587053901516 13.8089083381929 13.8598284712061 14.0161747951061 13.9595171823166 13.9623859222047 13.814645817969 14.3962828302756 14.4249702291563 14.5346995298751 14.1054643241223 14.213042069925 13.9315469684079 13.6030762512237 14.3259987030178 14.3001800440252 14.1402477952652 14.1800515612122 14.7907345648855 15.0754569987766 15.2181768082082 15.2468642070889 15.2805719007738 15.4971617623232
-9999 -9999 -9999 -9999 -9999 -9999 -9999 -9999 -9999 -9999 -9999 -9999 -9999 -9999 -9999 -9999 -9999 -9999 -9999 -9999 -9999 -9999 -9999 -9999 -9999 -9999 12.666002366785 12.9647816261277 13.2327697440051 13.2688680542633 13.9014251995832 13.9537797025405 13.8103427081369 13.4919125805609 13.7723319046199 13.9250923036598 13.7838068641722 13.8282723324373 13.8870815001428 13.8863643151708 13.892818979919 13.9587999973446 13.9889217661694 14.015457610134 13.9688405869529 14.4063234198838 14.17395548895 14.1660664542578 14.1463438675273 14.2216482895892 14.1588946045376 13.9587999973446 14.2585833156481 14.2973113041371 14.4852137668058 14.9850916923024 15.2576219816692 15.2590563516133 15.1966612590477 15.2447126521729 15.5050507970154 15.5753349242732
-9999 -9999 -9999 -9999 -9999 -9999 -9999 -9999 -9999 -9999 -9999 -9999 -9999 -9999 -9999 -9999 -9999 -9999 -9999 -9999 -9999 -9999 -9999 -9999 -9999 11.1900813334156 13.5048219100572 13.6590166790411 13.8124942630529 13.6898556328379 13.7371898409911 14.0699636680074 13.7149571068585 13.8784752804786 13.735755471047 13.813211448025 13.8591112862341 13.9516281476244 13.8318582572974 13.9007080146112 13.7400585808791 13.893536164891 13.9107486042194 13.9867702112533 13.9996795407496 14.3862422406673 14.292291009333 14.3367564775981 14.7018036283553 14.4852137668058 14.372615726199 14.3697469863109 14.6881771138869 14.769936200697 14.6415600907058 14.4651325875893 14.6397671282757 14.4199499343522 14.889706091024 14.6645100098103 15.7725607915781 15.9023712715134
-9999 -9999 -9999 -9999 -9999 -9999 -9999 -9999 -9999 -9999 -9999 -9999 -9999 -9999 -9999 -9999 -9999 -9999 -9999 -9999 -9999 -9999 -9999 -9999 -9999 12.2506446902407 13.2602618345991 13.2846461236477 13.6052278061397 13.616702765692 13.8418988469057 13.4463713348377 13.4384823001456 13.4646595516242 13.5700857425109 13.5005188002251 13.297555453144 13.3907894995064 13.6331980200484 13.6306878726464 13.9243751186877 14.0319528644904 14.211966292467 14.254997390788 14.3209784082137 14.7455519116484 14.9929807269946 14.4651325875893 14.254997390788 14.3955656453036 14.6300851311535 14.7197332526557 14.8588671372272 14.8603015071712 14.7362285070121 14.6652271947823 14.5052949460223 14.6652271947823 14.9094286777545 15.0449766374659 15.2561876117252 15.1446653485764
-9999 -9999 -9999 -9999 -9999 -9999 -9999 -9999 -9999 -9999 -9999 -9999 -9999 -9999 -9999 -9999 -9999 -9999 -9999 -9999 -9999 -9999 -9999 -9999 11.745054898717 12.993229963351 13.5256202742457 13.0938749210909 12.6893825968727 12.8163243369199 13.4452955573797 13.2691071159206 12.9325083023869 12.9737464382779 13.6260261703283 13.534943678882 13.5959044015035 13.5507217482664 13.7544022803195 14.1581774195656 14.0046998355538 14.2636036104523 14.1904507433064 14.1703695640899 14.3934140903875 14.371181356255 14.3561204718426 14.3374736625701 14.3037659688853 14.6343882409856 14.8072298192419 14.8638874320313 14.9599902182817 15.0152134611271 15.1127506173216 14.9277168945409 14.7842799001373 15.1780144497752 15.2346720625646 15.249015762005 15.210287773516 15.0962553629652
-9999 -9999 -9999 -9999 -9999 -9999 -9999 -9999 -9999 -9999 -9999 -9999 -9999 -9999 -9999 -9999 -9999 -9999 -9999 -9999 -9999 -9999 -9999 -9999 13.4130222336389 13.3946144860238 13.0271767186932 13.0321970134974 12.4570146659389 12.2260811049491 12.0561082665808 13.1141951619647 13.2413759636693 13.1326029095799 13.603315312881 13.6798150432296 13.9200720088556 14.1574602345936 14.1158635062166 14.0219122748822 14.2098147375509 14.0807214425877 14.3087862636894 13.9968108008616 14.4601122927852 14.2600176855922 14.4687185124494 14.5167699055746 14.2098147375509 14.8696249118075 14.8559983973391 15.0374461952597 15.0568101895042 15.3651997274719 15.2418439122848 15.0259712357074 15.0962553629652 15.2231971030124 15.3881496465765 15.3824121668003 15.409665195737 15.4369182246737
-9999 -9999 -9999 -9999 -9999 -9999 -9999 -9999 -9999 -9999 -9999 -9999 -9999 -9999 -9999 -9999 -9999 -9999 -9999 -9999 -9999 -9999 -9999 13.4149997001514 13.3183538173325 12.299951157067 12.5351878278889 12.8471632907167 12.5717642614618 12.9805596955121 13.5550248580985 13.0757062351331 12.5502487123013 13.534943678882 13.7400585808791 13.2946867132559 13.7450788756832 14.0011139106937 14.0211950899102 14.3582720267586 14.3611407666467 14.4005859401077 14.2033600728028 14.531830789987 14.5203558304347 14.4708700673655 14.7147129578516 14.7290566572919 14.7218848075718 14.3173924833536 15.1995299989358 15.2977843401022 15.4175542304292 15.3960386812687 15.2067018486559 15.3214514441788 15.1873378544115 15.2282173978165 15.2805719007738 15.6212347624823 15.5186773114838 15.5000305022113
-9999 -9999 -9999 -9999 -9999 -9999 -9999 -9999 -9999 -9999 -9999 -9999 -9999 -9999 -9999 -9999 -9999 -9999 -9999 -9999 -9999 10.5887147129872 13.1393444483168 13.1326029095799 12.7407808532007 13.2394634704106 12.4921567295678 12.7108981460333 12.8213446317241 13.334849071689 12.6721701575443 12.7560807992704 13.0257423487492 12.9188817879185 13.2631305744871 13.3929410544224 13.773407682078 13.9925076910295 14.1631977143697 14.2851191596128 14.3059175238013 14.533265159931 14.573427518364 14.4242530441843 14.6996520734392 14.5935086975805 14.8057954492979 14.7512893914245 15.1235083919019 15.288460935466 15.6104769879021 15.4247260801494 15.7159031787887 15.5122226467356 15.4247260801494 15.3651997274719 15.4161198604852 15.2662282013334 15.1902065942995 15.6355784619227 15.6578111960553 15.6994079244323
-9999 -9999 -9999 -9999 -9999 -9999 -9999 -9999 -9999 -9999 -9999 -9999 -9999 -9999 -9999 -9999 -9999 -9999 -9999 -9999 10.5164056775241 13.290813914407 13.5067344033159 13.1801761793904 12.7242855988443 12.68603573367 11.8997619426809 13.3118991525844 12.7818994582631 12.7869197530672 12.7080294061452 12.7245246605016 12.7611010940745 13.1089358055033 13.3463240312412 13.496932875365 14.2449568011798 14.2607348705642 14.2822504197247 14.6336710560136 14.5397198246792 14.372615726199 14.5189214604907 14.5067293159664 14.5296792350709 14.6049836571328 14.7806939752772 15.0281227906235 15.0144962761551 15.0697195190005 15.1421552011743 14.9850916923024 15.7567827221937 15.647053421475 15.5574052999727 15.3931699413806 15.5344553808682 15.5165257565677 15.608325432986 15.6721548954956 15.8019653754309 15.8335215141997
-9999 -9999 -9999 -9999 -9999 -9999 -9999 -9999 -9999 -9999 -9999 -9999 -9999 -9999 -9999 -9999 -9999 -9999 -9999 -9999 10.7274403538053 13.7969552553259 13.5820388253778 13.4156519118696 13.348953709472 12.1701406771317 11.8725089137442 11.8316293703392 12.5251472382806 12.7173528107814 13.244722826872 13.3310240851715 13.4770907578059 13.0673390771262 13.7827310867142 13.8610237794928 14.4235358592123 14.3030487839133 14.334604922682 14.5511947842315 14.6186101716012 14.569841593504 14.5648212986998 14.5636259904131 14.5103152408265 14.371181356255 14.848826547619 15.3114108545706 15.3752403170802 15.3802606118843 15.5337381958961 15.5990020283498 15.5064851669595 15.4275948200375 15.6348612769507 15.728095323313 15.6298409821466 15.5652943346649 15.6198003925383 15.6908017047681 15.8378246240318 15.9697866588831
-9999 -9999 -9999 -9999 -9999 -9999 -9999 -9999 -9999 -9999 -9999 -9999 -9999 -9999 -9999 -9999 -9999 -9999 12.987136434298 13.1737693269737 13.8595894095488 13.5927965999581 13.3826614031568 13.2899054801092 13.3403474898078 12.101290919818 11.8187200408429 12.4139835676178 12.0948362550698 13.136906019412 13.3300678385422 13.5064953416586 13.020004868973 13.1799371177331 14.3403424024582 14.4830622118898 14.6465803855099 14.7921689348295 14.7670674608089 14.6673787496984 14.7857142700814 14.7817697527353 14.8484679551329 14.8875545361079 14.5346995298751 14.8954435708001 15.0223853108473 15.2540360568091 15.4275948200375 15.2533188718371 15.368785652332 15.3903012014925 15.5043336120434 15.7381359129213 15.7990966355428 15.7438733926974 15.7237922134809 15.76610612683 15.6004363982938 15.9461195548065 15.7933591557667 16.0666066301055
-9999 -9999 -9999 -9999 -9999 -9999 -9999 -9999 -9999 -9999 -9999 -9999 -9999 -9999 -9999 -9999 8.08413341753185 10.6749534474686 14.2365896431729 13.017853314057 13.2401806553826 13.5234687193297 13.4643009591382 13.4836649533827 12.2397076194175 12.3264870010316 12.2540513188578 12.6312906141393 12.8407086259685 12.9181646029465 12.9884487302043 13.1426434991881 13.4424268174917 14.0226294598542 14.5110324257985 14.5633869287558 14.5468916743994 14.7154301428236 14.6193273565732 14.6329538710415 14.7846384926233 14.8373515880667 14.8646046170034 14.49023406161 14.8369929955807 14.6967833335511 15.131397426594 15.4985961322673 15.5401928606443 15.4727774732746 15.3537247679196 15.4060792708769 15.5301522710361 15.3745231321082 15.6908017047681 15.6929532596841 15.7460249476135 15.6922360747121 15.6657002307475 15.804834115319 15.8887447570451 15.964049179107
-9999 -9999 -9999 -9999 -9999 -9999 -9999 -9999 -9999 -9999 7.47747047308811 8.87805377586704 8.93342060374712 -9999 -9999 -9999 7.93826714977622 14.7240363624878 14.7957548596896 14.3206198157277 14.1366618704051 13.5048219100572 13.4051331989467 12.619815654587 12.4125491976738 12.4935910995118 12.4935910995118 12.5696127065457 12.9439832619391 12.9310739324428 13.4001129041426 13.4983672453091 13.098895215895 13.8397472919896 14.4966887263581 14.4945371714421 14.5260933102109 14.6351054259576 14.5361338998191 14.6010391397867 14.7021622208413 14.3023315989412 14.1065401015803 14.9571214783937 14.9639347356278 14.889706091024 14.2951597492211 15.0819116635248 15.5717489994131 15.4663228085265 15.4691915484145 15.4340494847856 15.6391643867828 15.6018707682379 15.6778923752718 15.607608248014 15.6750236353837 15.6721548954956 15.6233863173984 15.5774864791892 15.9030884564854 15.9798272484913
-9999 -9999 -9999 -9999 -9999 -9999 -9999 -9999 -9999 -9999 -9999 -9999 -9999 -9999 -9999 -9999 -9999 -9999 10.9650082026114 13.4497421042062 13.746991368942 13.6109652859159 13.9114657891914 13.7285836213268 12.8335367762484 12.7295449553058 12.3329416657798 12.6241187644191 13.9143345290795 14.0749839628115 13.9301125984639 14.6802880791947 14.6616412699223 14.5935086975805 13.8799096504226 14.4809106569737 13.7486648005433 14.4228186742403 14.4464857783169 14.6989348884672 14.4816278419457 14.4837793968618 14.2750785700046 14.9617831807118 14.7068239231594 15.1088060999755 14.8029267094098 14.8165532238781 15.1758628948592 15.2784203458577 15.1859034844674 15.3106936695985 15.4849696177989 15.7130344389006 15.7359843580052 15.8643604679964 15.6312753520906 15.8012481904589 15.7768639014103 15.8779869824648 15.6405987567268 15.5064851669595
-9999 -9999 -9999 -9999 -9999 -9999 -9999 -9999 -9999 -9999 -9999 -9999 -9999 -9999 12.2871005063411 12.5826941604353 13.0414552194998 13.7389110849239 13.5151015613228 12.8631804217584 14.8129672990181 13.761096006725 13.5853856885806 13.1598559385166 13.1232795049436 12.4347819318064 12.6456343135796 14.1129947663285 13.0895718112588 13.614551210776 13.4825891759247 14.612872691825 14.5798821831122 14.5124667957425 14.4880825066939 14.4708700673655 14.452940443065 14.4414654835127 14.6795708942227 14.7548753162846 14.3919797204435 14.2291787317954 15.0123447212391 14.9528183685616 14.5562150790356 15.3465529181994 15.4003417911008 15.3651997274719 15.5229804213159 15.28989530541 15.1952268891037 15.3616138026118 15.4964445773512 15.5617084098049 15.7410046528094 15.9045228264295 15.7632373869419 15.8285012193955 15.7883388609625 15.6004363982938 15.6269722422585 15.6169316526502
-9999 -9999 -9999 -9999 -9999 -9999 -9999 -9999 -9999 -9999 -9999 -9999 7.86503879542917 14.0894710992463 13.5961434631608 13.6324808350764 13.6012832887936 14.2779473098926 13.8046052283607 14.5199972379487 13.4775688811205 15.5150913866237 12.9576097764075 12.9217505278066 12.6076235100627 12.7589495391585 14.3532517319545 13.3190710023046 13.6109652859159 13.5421155286022 14.1631977143697 14.1259040958248 14.4708700673655 14.3819391308352 14.3855250556953 14.414212454576 14.4895168766379 14.5088808708824 14.7950376747176 14.5411541946232 14.4486373332329 14.2700582752004 14.9850916923024 14.9148075650446 15.1019928427413 15.2698141261935 15.3824121668003 15.5028992420994 15.5495162652805 15.5638599647209 15.5903958086856 15.6922360747121 15.2231971030124 15.6341440919787 15.6642658608034 15.7646717568859 15.7381359129213 15.7589342771098 15.7567827221937 15.3795434269123 15.5201116814278 15.2999358950183
-9999 -9999 -9999 -9999 -9999 -9999 -9999 -9999 -9999 -9999 9.79834167133751 14.5422299720813 14.3164362367243 14.1770632904954 14.0309966178611 13.6967884209007 13.5471358234063 13.813570040511 14.4222807855112 14.0807214425877 13.9301125984639 13.0142673891969 13.2781914588995 13.6375011298805 13.8046052283607 13.5399639736861 13.2473525051028 13.6654713437892 13.1871089674532 13.6755119333975 14.1538743097335 14.0039826505817 14.1108432114124 14.1524399397895 14.3016144139692 14.2872707145289 14.4443342234008 14.6781365242787 14.212683477439 14.2800988648087 14.1051057316363 14.49381998647 14.8581499522552 14.9119388251565 15.1012756577693 15.2511673169211 15.3056733747944 15.4182714154013 15.4598681437783 15.5315866409801 15.7947935257107 15.7101656990126 15.5882442537695 15.5803552190773 15.6384472018108 15.6951048146002 15.5860926988535 15.7826013811864 15.7051454042085 15.8328043292277 15.6255378723145 16.0666066301055
-9999 -9999 -9999 -9999 -9999 -9999 -9999 -9999 -9999 -9999 9.94499977771193 9.84140692132392 12.6084539347671 14.4436170384288 14.3611407666467 14.372820636191 14.7299996707588 -9999 -9999 9.22999979369342 7.03459296656119 9.84581819835228 14.6623584548943 13.5672170026228 13.8426160318777 13.7780693843961 13.6704916385934 13.3248084820807 13.0838343314826 13.5213171644136 13.8117770780809 13.9616687372327 13.9401531880721 14.3812219458632 14.4608294777572 14.3805047608912 14.0800042576157 14.2449568011798 14.4644154026173 13.9265266736038 14.1882991883904 14.1947538531385 14.213400662411 14.2327646566555 15.0833460334688 15.2447126521729 15.1027100277133 15.4763633981347 15.5100710918196 15.5860926988535 15.6334269070067 15.6370128318667 15.6649830457754 15.7596514620818 15.7345499880612 15.7933591557667 15.1321146115661 15.5925473636016 15.7603686470538 15.8622089130804 15.9690694739111 16.0479598208331
-9999 -9999 -9999 -9999 -9999 -9999 -9999 -9999 -9999 -9999 -9999 -9999 -9999 -9999 -9999 -9999 -9999 -9999 -9999 -9999 -9999 -9999 -9999 -9999 -9999 13.6128777791746 13.736472656019 13.8325754422694 14.1208838010207 13.8648487660103 13.2143619963899 13.8440504018217 13.8067567832768 14.2844019746408 14.373332911171 14.0792870726436 14.2463911711238 14.6193273565732 14.8703420967795 14.5440229345113 14.8079470042139 15.0166478310712 14.653035050258 15.1622363803908 15.1765800798312 15.1737113399431 15.3630481725559 15.1364177213982 15.5968504734337 15.6119113578461 15.6549424561672 15.7237922134809 15.8249152945355 15.8098544101231 15.7058625891805 15.8349558841437 15.3121280395426 15.1156193572097 15.9389477050863 16.0171208670363 16.047242635861 16.1612750464119
-9999 -9999 -9999 -9999 -9999 -9999 -9999 -9999 -9999 -9999 -9999 -9999 -9999 -9999 -9999 -9999 -9999 -9999 -9999 -9999 -9999 -9999 -9999 -9999 -9999 10.6396679468453 13.8347269971855 13.6131168408319 13.4194768983871 13.5263374592178 13.7206945866346 13.7859584190883 13.1447950541042 14.0312356795184 13.8978392747231 14.0090029453859 14.1187322461046 14.6264992062934 14.7943204897456 14.8208563337103 15.0152134611271 14.9836573223583 15.0410321201198 15.1027100277133 15.1902065942995 15.3508560280316 15.4519791090861 15.3465529181994 15.5538193751127 15.5997192133218 15.2461470221169 15.489272727631 15.5853755138814 15.7302468782291 15.6606799359433 15.9339274102822 16.046525450889 16.1117892833427 16.0501113757491 15.9970396878198 16.1225470579229 16.1454969770275
-9999 -9999 -9999 -9999 -9999 -9999 -9999 -9999 -9999 -9999 -9999 -9999 -9999 -9999 -9999 -9999 -9999 -9999 -9999 -9999 -9999 -9999 -9999 -9999 -9999 -9999 8.9849997991696 12.97984251054 13.3649708405137 13.6095309159718 13.6331980200484 13.4926297655329 13.9552140724845 13.2703024242073 13.178502747789 14.2012085178867 14.0376903442666 14.213400662411 14.6257820213214 14.8667561719194 15.0051728715189 15.050355524756 15.0991241028532 15.0811944785528 15.0819116635248 15.1227912069298 15.1894894093275 15.4727774732746 15.407513640821 15.4132511205971 15.5588396699168 15.60617387807 15.3350779586472 15.7194891036488 15.8026825604029 16.046525450889 16.1225470579229 16.2014374048449 16.2208013990894 16.0967283989303 16.1541031966917 16.1125064683147
