EcologicalScience/Bass/data/rs_data_bass/sst_75.asc
NCOLS 226 
NROWS 124 
XLLCORNER -9.41648524995501 
YLLCORNER 47.587301625531 
CELLSIZE 0.0833 
NODATA_value -9999 
[rows 0 to 26 of 124, columns 0 to 61 of 226]
-9999.000000000000000 -9999 -9999 -9999 -9999 -9999 -9999 -9999 -9999 -9999 -9999 -9999 -9999 -9999 -9999 -9999 -9999 -9999 -9999 -9999 -9999 -9999 -9999 -9999 -9999 -9999 -9999 -9999 -9999 -9999 -9999 -9999 -9999 -9999 -9999 -9999 -9999 -9999 -9999 -9999 -9999 -9999 -9999 -9999 -9999 -9999 -9999 -9999 -9999 -9999 -9999 -9999 -9999 -9999 -9999 -9999 -9999 -9999 -9999 -9999 -9999 -9999
-9999 -9999 -9999 -9999 -9999 -9999 -9999 -9999 -9999 -9999 -9999 -9999 -9999 -9999 -9999 -9999 -9999 -9999 -9999 -9999 -9999 -9999 -9999 -9999 -9999 -9999 -9999 -9999 -9999 -9999 -9999 -9999 -9999 -9999 -9999 -9999 -9999 -9999 -9999 -9999 -9999 -9999 -9999 -9999 -9999 -9999 -9999 -9999 -9999 -9999 -9999 -9999 -9999 -9999 -9999 -9999 -9999 -9999 -9999 -9999 -9999 -9999
-9999 -9999 -9999 -9999 -9999 -9999 -9999 -9999 -9999 -9999 -9999 -9999 -9999 -9999 -9999 -9999 -9999 -9999 -9999 -9999 -9999 -9999 -9999 -9999 -9999 -9999 -9999 -9999 -9999 -9999 -9999 -9999 -9999 -9999 -9999 -9999 -9999 -9999 -9999 -9999 -9999 -9999 -9999 -9999 -9999 -9999 -9999 -9999 -9999 -9999 -9999 -9999 -9999 -9999 -9999 -9999 -9999 -9999 -9999 -9999 -9999 -9999
-9999 -9999 -9999 -9999 -9999 -9999 -9999 -9999 -9999 -9999 -9999 -9999 -9999 -9999 -9999 -9999 -9999 -9999 -9999 -9999 -9999 -9999 -9999 -9999 -9999 -9999 -9999 -9999 -9999 -9999 -9999 -9999 -9999 -9999 -9999 -9999 -9999 -9999 -9999 -9999 -9999 -9999 -9999 -9999 -9999 -9999 -9999 -9999 -9999 -9999 -9999 -9999 -9999 -9999 -9999 -9999 -9999 -9999 -9999 -9999 -9999 -9999
-9999 -9999 -9999 -9999 -9999 -9999 -9999 -9999 -9999 -9999 -9999 -9999 -9999 -9999 -9999 -9999 -9999 -9999 -9999 -9999 -9999 -9999 -9999 -9999 -9999 -9999 -9999 -9999 -9999 -9999 -9999 -9999 -9999 -9999 -9999 -9999 -9999 -9999 -9999 -9999 -9999 -9999 -9999 -9999 -9999 -9999 -9999 -9999 -9999 -9999 -9999 -9999 -9999 -9999 -9999 -9999 -9999 -9999 -9999 -9999 -9999 -9999
-9999 -9999 -9999 -9999 -9999 14.1599996834993 14.3149996800348 14.4699996765703 14.5599996745586 14.5749996742234 14.6549996724352 14.6599996723235 14.6449996726587 14.5699996743351 14.4149996777996 14.4649996766821 14.1749996831641 14.1099996846169 14.2949996804819 14.3549996791407 14.2399996817112 14.4099996779114 14.6149996733293 14.5399996750057 14.6599996723235 11.0559612913415 13.7499996926636 13.7499996926636 13.9099996890873 13.8549996903166 13.6949996938929 13.5399996973574 11.7413790479045 12.3629481073321 12.3249997245148 6.92527165850758 12.1092280379884 12.2299997266382 12.3620686892035 13.117499706801 13.0929997073486 13.654999694787 13.6724996943958 13.0006247094134 -9999 -9999 -9999 -9999 -9999 -9999 -9999 -9999 -9999 -9999 -9999 -9999 -9999 -9999 -9999 -9999 -9999 -9999
-9999 -9999 -9999 -9999 -9999 14.2299996819347 14.2499996814877 14.3499996792525 14.3449996793643 14.359999679029 14.4999996758997 14.5199996754527 14.5299996752292 14.5149996755645 14.4449996771291 14.2399996817112 14.2099996823817 14.3549996791407 14.4899996761233 14.4649996766821 14.339999679476 14.4149996777996 14.629999672994 14.6349996728823 15.6049996512011 10.7929997587577 13.7899996917695 13.8449996905401 13.9099996890873 13.9849996874109 13.8899996895343 13.9099996890873 14.0599996857345 13.4349996997043 12.1474997284822 12.1699997279793 12.0099997315556 -9999 10.4782020129849 12.3454759145333 13.128999706544 13.5549996970221 13.5749996965751 13.5966663627575 13.601428267413 12.5773806712546 -9999 -9999 -9999 -9999 -9999 -9999 -9999 -9999 -9999 -9999 -9999 -9999 -9999 -9999 -9999 -9999
-9999 -9999 -9999 -9999 -9999 14.3349996795878 14.3899996783584 14.3349996795878 14.4749996764585 14.4449996771291 14.5149996755645 14.5649996744469 14.5749996742234 14.4399996772408 14.3149996800348 14.379999678582 14.4449996771291 14.4149996777996 14.3949996782467 14.379999678582 14.3299996796995 14.359999679029 14.6799996718764 15.2749996585771 15.5899996515363 12.3816663899148 12.929999710992 13.7099996935576 13.4849996985868 13.2549997037277 13.9299996886402 13.6849996941164 13.7249996932223 13.779999691993 13.9599996879697 14.0449996860698 12.0732045729869 12.3099997248501 12.0549997305498 12.5107345884572 12.4175424917986 13.4116663668926 13.4383330329632 13.5233330310633 13.6939996939152 11.5591664082992 -9999 -9999 -9999 -9999 -9999 -9999 -9999 -9999 -9999 -9999 -9999 -9999 -9999 -9999 -9999 -9999
-9999 -9999 -9999 -9999 -9999 14.4549996769056 14.504999675788 14.3249996798113 14.0799996852875 14.359999679029 14.5499996747822 14.4999996758997 14.4449996771291 14.3499996792525 14.2699996810406 14.3499996792525 14.4349996773526 14.4299996774644 14.3149996800348 14.2499996814877 14.1849996829405 14.2949996804819 14.6749996719882 15.1849996605888 12.0049997316673 12.908749711467 13.1449997061864 13.2249997043982 13.5749996965751 13.8249996909872 14.1049996847287 14.0399996861815 13.8549996903166 13.6849996941164 14.5449996748939 14.4749996764585 13.7149996934459 13.5699996966869 11.7455003135628 11.7235012689155 12.254361026246 12.4756913368245 12.1272231848031 11.9909460131171 11.4940023400946 11.3039283187661 9.33499979134649 -9999 -9999 -9999 -9999 -9999 -9999 -9999 -9999 -9999 -9999 -9999 -9999 -9999 -9999 -9999
-9999 -9999 -9999 -9999 -9999 14.4399996772408 14.484999676235 14.5949996737763 14.5349996751174 14.3999996781349 14.3449996793643 14.4499996770173 14.5599996745586 14.4399996772408 14.2799996808171 14.3699996788055 14.5199996754527 14.4199996776879 14.3099996801466 14.2699996810406 14.1799996830523 14.1749996831641 14.3049996802583 14.2799996808171 14.7649996699765 12.7933330473801 13.0799997076392 13.3149997023866 13.8749996898696 14.0849996851757 14.089999685064 13.7299996931106 13.944999688305 13.7649996923283 13.7349996929988 13.8599996902049 15.3949996558949 14.6999996714294 14.049999685958 13.9099996890873 13.6749996943399 14.6362496728543 10.8593917736428 14.374166345379 13.8824996897019 13.8849996896461 12.0949997296557 -9999 -9999 -9999 -9999 -9999 -9999 -9999 -9999 -9999 -9999 -9999 -9999 -9999 -9999 -9999
-9999 -9999 -9999 -9999 -9999 14.3999996781349 14.4399996772408 14.4599996767938 14.4349996773526 14.3099996801466 14.1299996841699 14.2299996819347 14.6099996734411 14.6049996735528 14.5299996752292 14.4799996763468 14.504999675788 14.4999996758997 14.3899996783584 14.379999678582 14.3499996792525 14.2449996815994 14.2599996812642 14.1499996837229 13.7559996925294 13.5349996974692 13.7749996921048 13.8049996914342 13.944999688305 14.2499996814877 14.1999996826053 13.7149996934459 13.1749997055158 15.0049996646121 15.0049996646121 13.7974996916018 14.0949996849522 13.8449996905401 13.5799996964633 14.1824996829964 12.3799997232854 12.3799997232854 13.1599997058511 13.1479997061193 12.221308499402 12.039999730885 -9999 -9999 -9999 -9999 -9999 -9999 -9999 -9999 -9999 -9999 -9999 -9999 -9999 -9999 -9999 -9999
-9999 -9999 -9999 -9999 -9999 14.4699996765703 14.4099996779114 14.2699996810406 14.2549996813759 14.3699996788055 14.5449996748939 14.6199996732175 14.6199996732175 14.6349996728823 14.649999672547 14.5499996747822 14.6049996735528 14.5299996752292 14.359999679029 14.1799996830523 14.089999685064 14.1049996847287 14.3049996802583 13.6699996944517 13.4649996990338 13.5649996967986 14.3649996789172 14.4649996766821 14.4649996766821 14.3449996793643 14.2449996815994 13.9549996880814 13.9299996886402 15.3199996575713 15.3799996562302 15.4249996552244 15.3999996557832 13.6774996942841 13.0199997089803 13.2749997032806 13.6399996951222 13.2349997041747 13.2099997047335 13.2274997043423 12.3382132200765 12.4794841314969 12.2549997260794 -9999 -9999 -9999 -9999 -9999 -9999 -9999 -9999 -9999 -9999 -9999 -9999 -9999 -9999 -9999
-9999 -9999 -9999 -9999 -9999 14.7299996707588 14.4099996779114 14.3249996798113 14.2249996820465 14.0449996860698 14.0149996867403 14.3449996793643 14.6249996731058 14.6399996727705 14.629999672994 14.6899996716529 14.7349996706471 14.5599996745586 14.2449996815994 13.9749996876344 13.4949996983632 13.3349997019395 13.8049996914342 14.0549996858463 14.4249996775761 14.6349996728823 14.6749996719882 14.7399996705353 14.6599996723235 14.3899996783584 14.7999996691942 14.5549996746704 14.2849996807054 14.1299996841699 15.5099996533245 15.5749996518716 15.6399996504188 14.7049996713176 14.7049996713176 12.4899997208267 13.0949997073039 13.3749997010455 13.8349996907637 14.6966663381706 11.9273216331597 12.1299997288734 -9999 -9999 -9999 -9999 -9999 -9999 -9999 -9999 -9999 -9999 -9999 -9999 -9999 -9999 -9999 -9999
-9999 -9999 -9999 -9999 -9999 14.6799996718764 14.6149996733293 14.4099996779114 14.3949996782467 14.4149996777996 14.379999678582 14.4749996764585 14.7799996696413 14.8299996685237 14.7149996710941 14.5999996736646 14.6399996727705 14.6349996728823 14.3349996795878 13.7699996922165 13.6749996943399 13.9549996880814 14.1749996831641 14.2799996808171 14.2799996808171 14.2599996812642 14.5749996742234 14.5799996741116 14.6849996717647 14.4999996758997 14.649999672547 14.7699996698648 14.9749996652827 14.4399996772408 14.6349996728823 14.794999669306 14.8899996671826 13.0249997088686 13.0249997088686 12.0199997313321 11.9199997335672 11.8299997355789 13.7383330262577 12.0348834519296 11.8749997345731 -9999 -9999 -9999 -9999 -9999 -9999 -9999 -9999 -9999 -9999 -9999 -9999 -9999 -9999 -9999 -9999 -9999
-9999 -9999 -9999 -9999 -9999 14.6649996722117 14.5899996738881 14.5349996751174 14.4349996773526 14.3849996784702 14.3999996781349 14.4599996767938 14.5799996741116 14.7299996707588 14.8799996674061 14.6899996716529 14.6699996720999 14.6699996720999 14.4549996769056 14.2099996823817 14.1349996840581 14.2899996805936 14.5199996754527 14.5399996750057 14.359999679029 14.3249996798113 14.4199996776879 14.6699996720999 14.8749996675178 14.9249996664003 14.8799996674061 14.8549996679649 15.354999656789 15.3699996564537 14.899999666959 14.6999996714294 14.1499996837229 13.5949996961281 13.5699996966869 13.2635711321075 13.0376312875336 11.3480379522171 11.6484051711555 11.6810243397302 11.7203333170279 11.6955383442644 -9999 -9999 -9999 -9999 -9999 -9999 -9999 -9999 -9999 -9999 -9999 -9999 -9999 -9999 -9999 -9999
-9999 -9999 -9999 -9999 -9999 14.6249996731058 14.5899996738881 14.5749996742234 14.5099996756762 14.5849996739998 14.6249996731058 14.524999675341 14.5699996743351 14.6449996726587 14.7399996705353 14.8849996672943 14.8599996678531 14.7799996696413 14.6599996723235 14.4649996766821 14.3149996800348 14.4299996774644 14.6799996718764 14.6949996715412 14.6149996733293 14.4499996770173 14.4749996764585 14.8049996690825 14.7149996710941 14.7799996696413 15.0549996634945 15.0749996630475 15.3249996574596 15.3699996564537 13.199999704957 13.8149996912107 13.6299996953458 13.509999698028 13.5449996972457 13.924999688752 13.9583330213403 13.9383330217873 11.2411908630041 -9999 -9999 -9999 -9999 13.2249997043982 13.2249997043982 -9999 -9999 -9999 -9999 -9999 -9999 -9999 -9999 -9999 -9999 -9999 -9999 -9999
-9999 -9999 -9999 -9999 -9999 14.6449996726587 14.5649996744469 14.5199996754527 14.5699996743351 14.5799996741116 14.7199996709824 14.7399996705353 14.6749996719882 14.7199996709824 14.7449996704236 14.9049996668473 14.919999666512 14.8849996672943 14.9449996659532 14.8049996690825 14.6549996724352 14.794999669306 14.919999666512 14.8599996678531 14.6799996718764 14.5849996739998 14.4499996770173 14.4149996777996 14.4949996760115 14.9099996667355 14.1999996826053 15.1799996607006 13.6749996943399 14.6999996714294 13.8749996898696 13.7549996925518 13.7199996933341 13.7324996930547 14.0083330202227 -9999 -9999 -9999 -9999 -9999 -9999 -9999 -9999 -9999 -9999 -9999 -9999 -9999 -9999 -9999 -9999 -9999 -9999 -9999 -9999 -9999 -9999 -9999
-9999 -9999 -9999 -9999 -9999 14.6549996724352 14.6199996732175 14.6249996731058 14.6249996731058 14.6049996735528 14.629999672994 14.7499996703118 14.6649996722117 14.7299996707588 14.794999669306 14.8349996684119 14.9749996652827 15.0799996629357 15.1349996617064 15.0899996627122 14.899999666959 14.9249996664003 14.9099996667355 14.7549996702 14.6799996718764 14.5849996739998 14.4649996766821 14.4499996770173 14.4699996765703 14.4299996774644 14.3999996781349 14.2549996813759 13.8999996893108 13.7199996933341 13.1499997060746 14.1099996846169 14.1349996840581 13.799999691546 13.9349996885285 14.250713967186 11.6199997402728 -9999 -9999 -9999 -9999 -9999 -9999 -9999 -9999 -9999 -9999 -9999 -9999 -9999 -9999 -9999 -9999 -9999 -9999 -9999 -9999 -9999
-9999 -9999 -9999 -9999 -9999 14.6449996726587 14.7199996709824 14.7999996691942 14.7449996704236 14.7549996702 14.7449996704236 14.7849996695295 14.8299996685237 14.8949996670708 14.9899996649474 14.8699996676296 14.9699996653944 15.1149996621534 15.1099996622652 15.1199996620417 15.1199996620417 15.1099996622652 15.1699996609241 15.0149996643886 14.8549996679649 14.6949996715412 14.4699996765703 14.4499996770173 14.5699996743351 14.8899996671826 14.7399996705353 14.5749996742234 14.5999996736646 14.5649996744469 14.4349996773526 14.2299996819347 14.3149996800348 14.3149996800348 13.5149996979162 12.1381794799706 11.4863930928751 -9999 -9999 13.4083330336337 13.4066663670043 13.3883330340808 -9999 -9999 -9999 -9999 -9999 -9999 -9999 -9999 -9999 -9999 -9999 -9999 -9999 -9999 -9999 -9999
-9999 -9999 -9999 -9999 -9999 14.9049996668473 14.919999666512 14.8949996670708 14.8049996690825 14.7699996698648 14.8199996687472 14.774999669753 14.8199996687472 14.9099996667355 14.9299996662885 14.9049996668473 14.939999666065 15.1199996620417 15.1399996615946 15.0899996627122 15.084999662824 15.0899996627122 15.2249996596947 15.0749996630475 14.8499996680766 14.7349996706471 14.5499996747822 14.4749996764585 14.7549996702 15.1549996612594 14.8199996687472 14.6449996726587 14.7549996702 14.5999996736646 14.3449996793643 14.1399996839464 13.9549996880814 14.376999678649 13.634999695234 13.634999695234 13.7733330254753 13.9349996885285 13.9999996870756 13.9799996875226 13.3849997008219 13.3916663673396 -9999 -9999 -9999 -9999 -9999 -9999 -9999 -9999 -9999 -9999 -9999 -9999 -9999 -9999 -9999 -9999
-9999 -9999 -9999 -9999 -9999 14.8499996680766 14.8549996679649 14.8199996687472 14.8249996686354 14.7899996694177 14.8099996689707 14.8099996689707 14.8199996687472 14.8849996672943 14.9549996657297 14.9599996656179 14.9549996657297 14.9699996653944 14.8699996676296 14.8499996680766 14.9499996658415 15.1449996614829 15.1999996602535 15.1049996623769 15.0049996646121 14.9449996659532 14.9149996666238 14.8649996677414 14.9549996657297 14.9849996650591 14.7799996696413 14.629999672994 14.5199996754527 14.4399996772408 14.3099996801466 14.0549996858463 13.9349996885285 13.9349996885285 13.9799996875226 13.6099996957928 13.2499997038394 13.2999997027218 13.4399996995926 13.4849996985868 13.4299996998161 13.548695349337 -9999 -9999 -9999 -9999 -9999 -9999 -9999 -9999 -9999 -9999 -9999 -9999 -9999 -9999 -9999 -9999
-9999 -9999 -9999 -9999 -9999 14.2499996814877 14.6199996732175 14.6799996718764 14.7549996702 14.8199996687472 14.6199996732175 14.7999996691942 14.8399996683002 14.939999666065 15.0099996645004 15.0049996646121 15.0099996645004 14.8399996683002 14.7599996700883 14.6849996717647 15.1399996615946 15.189999660477 15.2449996592477 15.2399996593595 15.0949996626005 14.9549996657297 14.9699996653944 14.9099996667355 14.8899996671826 14.8749996675178 14.8649996677414 14.6549996724352 14.7349996706471 14.8199996687472 14.3849996784702 14.3149996800348 14.2599996812642 14.2949996804819 14.2449996815994 13.8449996905401 13.6899996940047 13.5449996972457 13.5299996975809 13.6899996940047 13.5199996978045 13.3349997019395 12.2713330590477 -9999 -9999 -9999 -9999 -9999 -9999 -9999 10.9150669761002 -9999 -9999 -9999 -9999 -9999 -9999 -9999
-9999 -9999 -9999 -9999 -9999 14.7099996712059 14.6249996731058 14.6349996728823 14.7349996706471 14.7649996699765 14.8199996687472 14.8549996679649 14.9499996658415 15.0499996636063 15.0249996641651 15.044999663718 15.044999663718 14.8749996675178 14.9949996648356 15.0699996631593 15.1699996609241 15.2949996581301 15.2899996582419 15.2499996591359 15.1799996607006 15.044999663718 15.0599996633828 15.064999663271 15.0549996634945 14.9799996651709 14.8199996687472 14.7799996696413 14.7799996696413 14.4799996763468 14.2499996814877 14.3449996793643 14.1899996828288 13.944999688305 14.8899996671826 14.4449996771291 14.1649996833876 14.3049996802583 14.3649996789172 12.2573074183355 13.6749996943399 13.0787497076672 11.2048097047955 -9999 -9999 -9999 -9999 -9999 -9999 -9999 -9999 -9999 -9999 -9999 -9999 -9999 -9999 -9999
-9999 -9999 -9999 -9999 -9999 14.7149996710941 14.6849996717647 14.7399996705353 14.7799996696413 14.7649996699765 14.8099996689707 14.899999666959 15.064999663271 15.0899996627122 15.0749996630475 15.064999663271 15.044999663718 15.084999662824 15.1449996614829 15.0799996629357 15.1299996618181 15.2799996584654 15.4499996546656 15.3849996561185 15.3199996575713 15.1849996605888 15.0949996626005 15.2149996599182 15.2849996583536 15.0099996645004 14.9249996664003 15.0049996646121 14.8849996672943 14.4399996772408 14.1449996838346 14.1449996838346 14.2649996811524 14.5099996756762 14.2499996814877 13.8949996894225 13.7749996921048 13.7749996921048 13.3185711308782 13.1585711344544 12.7066663826505 11.9929997319356 -9999 8.56412261559448 8.56412261559448 15.3957139415933 -9999 -9999 -9999 11.064999752678 11.2074997494929 -9999 -9999 -9999 -9999 -9999 -9999 -9999
-9999 -9999 -9999 -9999 -9999 14.7799996696413 14.7449996704236 14.7999996691942 14.8499996680766 14.8649996677414 14.8749996675178 14.899999666959 14.9799996651709 15.0499996636063 15.1049996623769 15.1599996611476 15.1649996610358 15.1799996607006 15.1999996602535 15.2799996584654 15.3399996571243 15.4399996548891 15.5499996524304 15.5099996533245 15.4699996542186 15.5049996534362 15.0399996638298 14.8099996689707 15.0049996646121 15.4099996555597 14.6399996727705 14.1149996845052 14.359999679029 14.2999996803701 14.3099996801466 14.3499996792525 13.924999688752 12.6799997165799 14.1999996826053 -9999 -9999 12.3799997232854 13.3116663691277 13.3066663692395 13.2649997035041 13.169317887461 -9999 13.2482689346473 13.2482689346473 -9999 -9999 -9999 13.5615381584145 13.4499996993691 13.4499996993691 -9999 -9999 -9999 -9999 -9999 -9999 -9999
-9999 -9999 -9999 -9999 -9999 14.5649996744469 14.5949996737763 14.8299996685237 14.8849996672943 14.9749996652827 15.0699996631593 15.1449996614829 15.0899996627122 15.0799996629357 15.084999662824 15.1549996612594 15.229999659583 15.1499996613711 15.1749996608123 15.3149996576831 15.3799996562302 15.2849996583536 15.334999657236 15.3049996579066 15.1249996619299 15.1049996623769 14.8699996676296 14.4149996777996 14.4299996774644 14.2699996810406 14.0749996853992 14.1049996847287 14.2099996823817 14.1399996839464 13.9999996870756 13.9799996875226 10.664473445841 -9999 7.8349998248741 -9999 13.1166663734863 13.4809996986762 14.1679996833205 14.3299996796995 14.9149996666238 15.1549996612594 7.41101585639725 -9999 10.6063155524041 15.2519996590912 14.3433330127349 14.388333011729 13.904999689199 13.8999996893108 13.8622724174268 -9999 -9999 -9999 -9999 -9999 -9999 -9999
-9999 -9999 -9999 -9999 -9999 14.6649996722117 14.6099996734411 14.9699996653944 15.084999662824 14.9649996655062 15.084999662824 15.189999660477 15.1599996611476 15.1499996613711 15.1199996620417 15.0749996630475 15.1099996622652 15.1749996608123 15.1849996605888 15.3949996558949 15.4349996550009 15.3249996574596 15.0599996633828 15.1349996617064 15.0049996646121 15.0599996633828 14.7199996709824 14.4299996774644 14.3349996795878 14.194999682717 14.1549996836111 14.1749996831641 14.0749996853992 14.1349996840581 13.9999996870756 13.7849996918812 14.7549996702 14.7549996702 -9999 10.9645452094688 13.3633330346396 14.2199996821582 14.2099996823817 14.339999679476 14.4649996766821 14.4999996758997 -9999 9.25833312639346 15.9249996440485 15.6233329841246 14.9299996662885 14.8549996679649 14.7499996703118 14.8699996676296 14.4999996758997 -9999 -9999 -9999 -9999 -9999 -9999 -9999
