EcologicalScience/Bass/data/rs_data_bass/sst_91.asc
NCOLS 226 
NROWS 124 
XLLCORNER -9.41648524995501 
YLLCORNER 47.587301625531 
CELLSIZE 0.0833 
NODATA_value -9999 
[rows 0 to 26 of 124, columns 62 to 123 of 226]
-9999 -9999 -9999 -9999 -9999 -9999 -9999 -9999 -9999 -9999 -9999 -9999 -9999 -9999 -9999 -9999 -9999 -9999 -9999 -9999 -9999 -9999 -9999 -9999 -9999 -9999 -9999 -9999 -9999 -9999 -9999 -9999 -9999 -9999 -9999 -9999 -9999 -9999 -9999 -9999 -9999 -9999 -9999 -9999 -9999 -9999 -9999 -9999 -9999 -9999 -9999 -9999 -9999 -9999 -9999 -9999 -9999 -9999 -9999 -9999 -9999 -9999
-9999 -9999 -9999 -9999 -9999 -9999 -9999 -9999 -9999 -9999 -9999 -9999 -9999 -9999 -9999 -9999 -9999 -9999 -9999 -9999 -9999 -9999 -9999 -9999 -9999 -9999 -9999 -9999 -9999 -9999 -9999 -9999 -9999 -9999 -9999 -9999 -9999 -9999 -9999 -9999 -9999 -9999 -9999 -9999 -9999 -9999 -9999 -9999 -9999 -9999 -9999 -9999 -9999 -9999 -9999 -9999 -9999 -9999 -9999 -9999 -9999 -9999
-9999 -9999 -9999 -9999 -9999 -9999 -9999 -9999 -9999 -9999 -9999 -9999 -9999 -9999 -9999 -9999 -9999 -9999 -9999 -9999 -9999 -9999 -9999 -9999 -9999 -9999 -9999 -9999 -9999 -9999 -9999 -9999 -9999 -9999 -9999 -9999 -9999 -9999 -9999 -9999 -9999 -9999 -9999 -9999 -9999 -9999 -9999 -9999 -9999 -9999 -9999 -9999 -9999 -9999 -9999 -9999 -9999 -9999 -9999 -9999 -9999 -9999
-9999 -9999 -9999 -9999 -9999 -9999 -9999 -9999 -9999 -9999 -9999 -9999 -9999 -9999 -9999 -9999 -9999 -9999 -9999 -9999 -9999 -9999 -9999 -9999 -9999 -9999 -9999 -9999 -9999 -9999 -9999 -9999 -9999 -9999 -9999 -9999 -9999 -9999 -9999 -9999 -9999 -9999 -9999 -9999 -9999 -9999 -9999 -9999 -9999 -9999 -9999 -9999 -9999 -9999 -9999 -9999 -9999 -9999 -9999 -9999 -9999 -9999
-9999 -9999 -9999 -9999 -9999 -9999 -9999 -9999 -9999 -9999 -9999 -9999 -9999 -9999 -9999 -9999 -9999 -9999 -9999 -9999 -9999 -9999 -9999 -9999 -9999 -9999 -9999 -9999 -9999 -9999 -9999 -9999 -9999 -9999 -9999 -9999 -9999 -9999 -9999 -9999 -9999 -9999 -9999 -9999 -9999 -9999 -9999 -9999 -9999 -9999 -9999 -9999 -9999 -9999 -9999 -9999 -9999 -9999 -9999 -9999 -9999 -9999
-9999 -9999 -9999 -9999 -9999 -9999 -9999 -9999 -9999 -9999 -9999 -9999 -9999 -9999 -9999 -9999 -9999 -9999 -9999 -9999 -9999 -9999 -9999 -9999 -9999 -9999 -9999 -9999 6.41434411892332 7.81499982532114 7.83999982476234 7.95999982208014 8.14499981794506 8.32499981392175 8.37499981280416 8.10499981883913 8.1249998183921 8.21499981638044 8.70499980542809 8.72499980498105 8.54499980900437 8.53999980911613 8.55999980866909 8.47999981045723 8.67499980609864 8.78499980363995 8.9249998005107 8.96999979950488 9.01999979838729 8.8999998010695 8.70999980531633 8.77499980386347 8.93999980017543 9.03999979794025 9.0699997972697 9.0699997972697 9.10499979648739 9.03999979794025 8.95999979972839 9.01999979838729 9.02999979816377 8.87999980151653
-9999 -9999 -9999 -9999 -9999 -9999 -9999 -9999 -9999 -9999 -9999 -9999 -9999 -9999 -9999 -9999 -9999 -9999 -9999 -9999 -9999 -9999 -9999 -9999 -9999 -9999 -9999 6.39622936522985 4.80937489250209 8.22499981615692 8.31499981414527 8.30999981425703 8.16499981749803 8.07499981950969 7.91499982308596 7.93499982263893 7.91999982297421 8.5849998081103 8.63499980699271 8.49999981001019 8.57499980833381 8.7549998043105 8.63499980699271 8.64499980676919 8.82999980263412 9.0449997978285 9.13499979581684 9.03499979805201 8.80999980308115 8.72999980486929 8.68499980587512 8.8399998024106 8.95499979984015 8.96499979961663 8.95999979972839 9.05499979760498 9.08499979693443 8.97499979939312 9.01499979849905 9.01999979838729 8.9249998005107 8.77499980386347
-9999 -9999 -9999 -9999 -9999 -9999 -9999 -9999 -9999 -9999 -9999 -9999 -9999 -9999 -9999 -9999 -9999 -9999 -9999 -9999 -9999 -9999 -9999 -9999 -9999 -9999 5.72772714470259 5.98499986622483 8.19499981682748 8.20499981660396 8.25999981537461 8.04499982018024 7.79999982565641 6.94999984465539 6.93999984487891 7.83999982476234 7.77999982610345 7.6649998286739 6.9749998440966 8.58999980799854 8.59499980788678 8.70999980531633 8.72999980486929 8.7549998043105 8.74499980453402 8.68499980587512 8.61999980732799 8.75999980419874 9.03499979805201 8.8999998010695 8.86999980174005 8.93999980017543 9.03499979805201 9.00499979872257 8.97999979928136 8.91999980062246 8.99999979883432 9.09499979671091 9.02999979816377 9.03499979805201 9.00999979861081 8.87999980151653
-9999 -9999 -9999 -9999 -9999 -9999 -9999 -9999 -9999 -9999 -9999 -9999 -9999 -9999 -9999 -9999 -9999 -9999 -9999 -9999 -9999 -9999 -9999 -9999 -9999 9.08250100212695 5.54386351244863 6.03666653173665 7.69499982800335 7.69499982800335 7.88166649049769 7.46999983303249 7.5199998319149 7.20999983884394 7.53499983157963 7.39999983459711 7.05499984230846 7.83999982476234 7.91499982308596 8.04999982006848 8.2699998151511 8.14499981794506 8.23499981593341 8.48999981023371 8.71499980520457 8.70499980542809 8.74499980453402 9.22499979380518 9.32499979157001 9.18999979458749 9.03499979805201 9.04999979771674 9.14499979559332 9.1299997959286 8.90999980084598 8.88499980140477 9.05499979760498 9.18999979458749 9.03999979794025 9.03999979794025 9.00999979861081 8.92999980039895
-9999 -9999 -9999 -9999 -9999 -9999 -9999 -9999 -9999 -9999 -9999 -9999 -9999 -9999 -9999 -9999 -9999 -9999 -9999 -9999 -9999 -9999 -9999 -9999 -9999 9.86379977952689 7.26999983750284 7.22999983839691 7.70249982783571 8.42999981157482 8.36999981291592 8.05999981984496 7.85499982442707 7.70999982766807 7.84999982453883 8.12999981828034 8.22499981615692 8.29999981448054 8.84499980229884 8.34499981347471 8.5249998094514 8.29999981448054 8.00999982096255 8.06999981962144 8.07499981950969 8.16499981749803 8.86999980174005 9.36499979067594 9.24499979335815 9.19999979436398 9.17499979492277 9.1549997953698 9.18999979458749 9.01499979849905 9.20999979414046 9.00499979872257 9.09499979671091 9.11999979615211 9.07499979715794 8.99499979894608 9.0699997972697 9.11499979626387
-9999 -9999 -9999 -9999 -9999 -9999 -9999 -9999 -9999 -9999 -9999 -9999 -9999 -9999 -9999 -9999 -9999 -9999 -9999 -9999 -9999 -9999 -9999 -9999 5.09818170422857 5.43583321183299 7.39999983459711 7.50999983213842 8.08999981917441 8.24499981570989 8.17499981727451 8.1499998178333 8.09499981906265 8.04999982006848 7.94499982241541 8.04999982006848 8.17999981716275 7.91999982297421 8.16999981738627 8.50499980989844 8.51499980967492 8.58999980799854 8.65499980654567 7.98999982140958 7.95499982219189 8.45999981090426 8.59499980788678 8.62999980710447 9.10999979637563 9.33999979123473 9.26999979279935 9.16499979514629 9.16999979503453 9.06499979738146 9.14999979548156 9.05499979760498 9.03499979805201 8.96999979950488 8.95499979984015 8.86999980174005 8.70999980531633 8.43499981146306
-9999 -9999 -9999 -9999 -9999 -9999 -9999 -9999 -9999 -9999 -9999 -9999 -9999 -9999 -9999 -9999 -9999 -9999 -9999 -9999 -9999 -9999 -9999 -9999 5.36714273717787 7.69999982789159 7.74499982688576 7.01999984309077 8.18499981705099 8.07499981950969 7.86499982420355 7.85499982442707 7.97499982174486 8.0649998197332 8.06999981962144 8.09499981906265 8.12999981828034 8.33499981369823 8.31999981403351 8.54999980889261 8.62499980721623 8.74499980453402 8.87499980162829 8.83499980252236 8.67999980598688 8.51999980956316 8.49499981012195 8.5849998081103 8.2949998145923 7.67999982833862 8.70999980531633 8.91499980073422 8.93499980028719 8.94999979995191 8.91999980062246 8.89499980118126 8.72499980498105 8.54999980889261 8.90499980095774 8.67499980609864 8.63499980699271 7.93499982263893
-9999 -9999 -9999 -9999 -9999 -9999 -9999 -9999 -9999 -9999 -9999 -9999 -9999 -9999 -9999 -9999 -9999 -9999 -9999 -9999 -9999 -9999 -9999 7.39884598846906 6.48333318841954 7.19833317243805 6.21499986108392 5.14333321837087 7.25249983789399 7.63499982934445 7.84999982453883 7.67999982833862 7.93999982252717 7.65499982889742 8.04499982018024 8.23499981593341 8.30499981436878 8.42999981157482 8.47999981045723 8.65999980643392 8.68499980587512 8.92999980039895 8.91499980073422 8.76999980397522 8.56999980844557 8.48499981034547 7.20999983884394 6.37499985750765 7.68499982822686 8.16999981738627 8.36999981291592 8.55499980878085 8.51999980956316 8.64999980665743 8.74999980442226 8.70499980542809 8.74499980453402 8.57499980833381 8.64999980665743 8.70999980531633 7.40499983448535 7.50999983213842
-9999 -9999 -9999 -9999 -9999 -9999 -9999 -9999 -9999 -9999 -9999 -9999 -9999 -9999 -9999 -9999 -9999 -9999 -9999 -9999 -9999 -9999 6.99571412934789 7.93499982263893 7.93499982263893 6.2599998600781 6.02499986533076 7.40249983454123 7.78499982599169 7.35749983554706 7.95999982208014 8.08499981928617 8.2099998164922 8.34499981347471 8.14499981794506 8.06999981962144 8.18999981693923 8.5249998094514 8.64999980665743 8.59999980777502 8.8149998029694 8.54499980900437 8.2699998151511 8.52999980933964 8.47999981045723 8.3799998126924 7.99499982129782 6.53499985393137 7.42999983392656 7.99499982129782 8.12999981828034 8.3799998126924 8.60499980766326 8.74999980442226 8.77499980386347 8.65999980643392 8.8149998029694 8.04999982006848 5.7999998703599 5.6549998736009 5.61499987449497 7.73999982699752
-9999 -9999 -9999 -9999 -9999 -9999 -9999 -9999 -9999 -9999 -9999 -9999 -9999 -9999 -9999 -9999 -9999 -9999 -9999 -9999 9.00848817073762 6.97428555839828 7.749999826774 7.81999982520938 7.98499982152134 8.02999982051551 8.11499981861562 8.2699998151511 8.19999981671572 8.25999981537461 8.00999982096255 7.82499982509762 8.08999981917441 8.19999981671572 8.17499981727451 8.07499981950969 8.22999981604517 8.24999981559813 8.27499981503934 8.27999981492758 8.18499981705099 8.20499981660396 8.16499981749803 8.4399998113513 8.4399998113513 8.47999981045723 8.50999980978668 8.44999981112778 8.33499981369823 8.40999981202185 8.62499980721623 8.77499980386347 8.74999980442226 8.76499980408698 8.85999980196357 8.80999980308115 8.93499980028719 7.38749983487651 8.77499980386347 8.57999980822206 8.63999980688095 8.77499980386347
-9999 -9999 -9999 -9999 -9999 -9999 -9999 -9999 -9999 -9999 -9999 -9999 -9999 -9999 -9999 -9999 -9999 -9999 -9999 -9999 6.83454530178146 7.0314284142639 7.85999982431531 7.85999982431531 7.82833315835645 7.76214268364544 8.20499981660396 8.19999981671572 8.18499981705099 8.18999981693923 7.76499982643872 8.00999982096255 8.15499981772155 8.40499981213361 8.46499981079251 8.15999981760979 8.09999981895089 7.97499982174486 8.2699998151511 8.56499980855733 8.37499981280416 7.89999982342124 7.98499982152134 8.41499981191009 8.48999981023371 8.5249998094514 8.64499980676919 8.61999980732799 8.56999980844557 8.34999981336296 8.33499981369823 8.62499980721623 8.77499980386347 8.71999980509281 8.89499980118126 8.91999980062246 8.87999980151653 8.87999980151653 8.81999980285764 8.8149998029694 8.84499980229884 8.8149998029694
-9999 -9999 -9999 -9999 -9999 -9999 -9999 -9999 -9999 -9999 -9999 -9999 -9999 -9999 -9999 -9999 -9999 -9999 9.17456604016001 7.88184192909026 6.59499985259026 6.80999984778464 6.43499985616654 7.17999983951449 7.40333316785594 8.2099998164922 8.07499981950969 8.13999981805682 8.16499981749803 8.23999981582165 5.79499987047166 7.16499983984977 7.894999823533 7.22499983850867 7.10499984119087 8.11499981861562 8.039999820292 8.00999982096255 7.86999982409179 8.13999981805682 8.09999981895089 7.78499982599169 8.34499981347471 8.57999980822206 8.61999980732799 8.56999980844557 8.62999980710447 8.64499980676919 8.6699998062104 8.70999980531633 8.5249998094514 8.64499980676919 8.92999980039895 8.95499979984015 7.09999984130263 8.43499981146306 8.67499980609864 8.86499980185181 8.6699998062104 8.61499980743974 8.68499980587512 8.80499980319291
-9999 -9999 -9999 -9999 -9999 -9999 -9999 -9999 -9999 -9999 -9999 -9999 -9999 -9999 -9999 -9999 11.0856920243241 7.47388872183445 7.2899998370558 7.09499984141439 3.30499992612749 3.30499992612749 6.15499986242503 6.69999985024333 7.34499983582646 7.58999983035028 7.33999983593822 7.57499983068556 7.65499982889742 7.53499983157963 7.70499982777983 7.46999983303249 7.45999983325601 7.29214269415076 7.08249984169379 6.78666651497285 7.87499982398003 7.894999823533 7.82499982509762 7.72999982722104 7.81999982520938 7.98999982140958 8.25499981548637 8.38999981246889 8.48999981023371 8.60499980766326 8.73999980464578 8.80499980319291 8.79999980330467 8.9249998005107 8.95999979972839 8.61499980743974 8.55999980866909 8.89499980118126 9.08999979682267 9.12499979604036 8.71499980520457 8.66833313958099 8.32499981392175 8.43499981146306 8.5849998081103 8.63499980699271
-9999 -9999 -9999 -9999 -9999 -9999 -9999 -9999 -9999 -9999 -9999 10.1054648904043 10.1898834931686 -9999 -9999 -9999 9.78511606035537 6.48874985496514 3.30999992601573 3.30999992601573 6.50166652134309 6.82499984744936 6.8533331801494 6.99833317690839 7.01666650983195 7.2721426945978 7.22499983850867 7.77499982621521 7.60999982990324 6.63999985158443 8.00999982096255 8.07999981939793 6.46285699840103 7.11428555526904 7.37357126375926 7.44428554789296 7.604999830015 7.72999982722104 7.77999982610345 7.92999982275069 8.09999981895089 8.30499981436878 8.40499981213361 8.38499981258065 8.42499981168658 8.63999980688095 8.86499980185181 8.95999979972839 8.94499980006367 8.94999979995191 9.01999979838729 8.94999979995191 8.79999980330467 8.99499979894608 9.11999979615211 9.19499979447573 8.3549998132512 8.47499981056899 8.51499980967492 8.55799980871379 8.60214266486998 6.5149998543784
-9999 -9999 -9999 -9999 -9999 -9999 -9999 -9999 -9999 -9999 -9999 -9999 -9999 -9999 -9999 -9999 -9999 -9999 13.1579626688596 6.53499985393137 6.54785699650113 6.76571413448879 7.23166650502632 7.12166650748501 5.30999988131225 6.16999986208975 7.29999983683228 7.4349998338148 7.66999982856214 6.68999985046685 5.68499987293035 5.99499986600131 5.99499986600131 7.70999982766807 7.55499983113259 7.52999983169138 7.56499983090907 7.73499982710928 7.81499982532114 8.02499982062727 8.16999981738627 8.28499981481582 8.34999981336296 8.33499981369823 9.18954524914311 8.18624981702305 9.06499979738146 8.99499979894608 8.93499980028719 8.93999980017543 8.93499980028719 8.8149998029694 8.65999980643392 8.64999980665743 8.71999980509281 8.59999980777502 8.03499982040375 8.32833314718058 8.65333313991626 8.52833314271023 8.43571409716138 6.62999985180795
-9999 -9999 -9999 -9999 -9999 -9999 -9999 -9999 -9999 -9999 -9999 -9999 -9999 -9999 9.09136368129087 5.6692855875673 7.60272710279308 6.63499985169619 6.34999985806644 6.01571415125259 6.15499986242503 6.24642843181001 6.67333318417271 6.50333318797251 6.32928557281515 7.32499983627349 7.43999983370304 7.46499983314425 7.56499983090907 7.39999983459711 6.89999984577298 7.77499982621521 7.8099998254329 7.81499982532114 7.79499982576817 7.64499982912093 7.60999982990324 8.22499981615692 8.19499981682748 8.25499981548637 8.35999981313944 8.47499981056899 8.42499981168658 8.49249981017783 8.45124981109984 8.93999980017543 8.8999998010695 8.95999979972839 8.80999980308115 8.85999980196357 8.9249998005107 8.92999980039895 8.79999980330467 8.44999981112778 8.60166647440443 7.93999982252717 7.98249982157722 8.30999981425703 8.31333314751585 8.0649998197332 6.47999985516071 6.49999985471368
-9999 -9999 -9999 -9999 -9999 -9999 -9999 -9999 -9999 -9999 -9999 -9999 -9999 6.36214271493788 5.89999986812472 5.86785701170032 6.29714271639075 6.61428556644491 6.60357128097011 6.14428557695023 6.18714271884944 6.27642843113946 6.32642843002187 6.46785699828927 7.09999984130263 7.1449998402968 7.74499982688576 7.63499982934445 7.68499982822686 7.63999982923269 7.66999982856214 7.72999982722104 7.79499982576817 7.78999982587993 7.84999982453883 7.83999982476234 7.81499982532114 7.77499982621521 7.96071410777846 7.8207141109077 7.84714268174555 8.1464283893417 8.15642838911819 8.20124981668778 8.27999981492758 6.61999985203147 9.00499979872257 8.85999980196357 8.78499980363995 8.73999980464578 8.70499980542809 8.68999980576336 8.57999980822206 8.44999981112778 8.40999981202185 8.39999981224537 8.00499982107431 8.08166648602734 8.45714266811098 7.20999983884394 7.20999983884394 7.02999984286726
-9999 -9999 -9999 -9999 -9999 -9999 -9999 -9999 -9999 -9999 8.12799981832504 4.46147048851366 5.09733321939906 5.83214272678431 6.61571413784155 6.4442855702447 6.71428556420973 9.03318161627447 9.211817975918 5.94764692588326 5.70785701527659 6.22142843236881 7.78499982599169 7.62499982956797 7.46499983314425 7.38499983493239 6.663571279629 7.78999982587993 7.79999982565641 7.79999982565641 7.79999982565641 8.04499982018024 7.91499982308596 8.02499982062727 7.61999982967973 7.87499982398003 7.74499982688576 8.06999981962144 6.67083318422859 6.7449998492375 8.07944426385479 8.79833313667526 9.21749979397282 8.81571408866772 8.45833314427485 8.44416647792483 8.60166647440443 8.89388869009498 7.80499982554466 7.29999983683228 7.77499982621521 7.78499982599169 7.82999982498586 7.894999823533 8.2949998145923 8.13499981816858 8.42499981168658 7.56499983090907 6.90499984566122 6.95499984454364 6.73999984934926 6.43499985616654
-9999 -9999 -9999 -9999 -9999 -9999 -9999 -9999 -9999 -9999 10.6061902391236 9.64789452119485 10.1118179558014 4.27666657107572 5.43999987840652 6.79727257534184 3.97386354754086 -9999 -9999 9.22999979369342 9.19260542833207 9.71249978290871 5.98499986622483 7.23999983817339 7.21999983862042 7.16999983973801 7.42499983403832 7.59999983012676 7.55999983102083 7.94999982230365 7.96999982185662 7.97499982174486 7.68499982822686 7.73499982710928 7.99999982118607 8.1499998178333 8.13499981816858 8.00999982096255 7.92999982275069 7.9799998216331 8.42285695459161 8.35571409894952 9.15916646194334 9.15166646211098 8.52214266665812 8.25214267269309 8.73499980475754 8.48666647697488 8.16499981749803 6.31999985873699 6.25499986018986 6.96499984432012 8.00999982096255 7.73999982699752 6.35999985784292 8.07499981950969 7.4949998324737 7.07499984186143 6.5749998530373 6.12999986298382 6.21999986097217 6.66999985091388
-9999 -9999 -9999 -9999 -9999 -9999 -9999 -9999 -9999 -9999 -9999 -9999 -9999 -9999 -9999 -9999 -9999 -9999 -9999 -9999 -9999 -9999 -9999 -9999 11.2520541940444 6.8299998473376 6.81499984767288 6.75999984890223 8.14499981794506 5.92499986756593 7.09999984130263 8.10499981883913 7.53999983146787 7.87499982398003 8.11499981861562 8.18999981693923 8.13999981805682 8.04499982018024 8.03499982040375 8.01499982085079 8.00499982107431 8.02499982062727 7.78499982599169 7.78499982599169 8.06124981981702 8.11999981850386 8.0649998197332 6.60499985236675 6.78999984823167 6.6599998511374 6.58499985281378 6.68999985046685 6.78499984834343 6.80999984778464 6.77999984845519 6.80999984778464 7.07499984186143 7.10999984107912 7.1199998408556 7.27499983739108 7.13499984052032 7.26999983750284
-9999 -9999 -9999 -9999 -9999 -9999 -9999 -9999 -9999 -9999 -9999 -9999 -9999 -9999 -9999 -9999 -9999 -9999 -9999 -9999 -9999 -9999 -9999 -9999 -9999 10.6396679468453 7.82099982518703 5.58833320842435 7.39499983470887 5.43499987851828 5.90499986801296 6.93999984487891 7.00999984331429 8.01999982073903 8.09499981906265 7.58499983046204 7.01999984309077 6.79499984811991 8.0649998197332 8.00499982107431 8.02999982051551 7.94999982230365 7.81499982532114 7.78999982587993 8.43611092254933 8.39944425670223 6.76999984867871 6.76999984867871 6.93499984499067 6.8049998478964 6.68999985046685 6.77499984856695 6.68499985057861 6.5149998543784 6.83999984711409 7.19999983906746 7.46499983314425 7.39499983470887 7.56999983079731 7.64999982900918 7.65499982889742 7.62999982945621
-9999 -9999 -9999 -9999 -9999 -9999 -9999 -9999 -9999 -9999 -9999 -9999 -9999 -9999 -9999 -9999 -9999 -9999 -9999 -9999 -9999 -9999 -9999 -9999 -9999 -9999 -9999 5.93882339666871 4.91499989014119 5.50499987695366 5.594999874942 5.75499987136573 6.9749998440966 8.04499982018024 8.18999981693923 8.19999981671572 8.17499981727451 8.08499981928617 8.05499981995672 7.94499982241541 7.46999983303249 6.8049998478964 6.60999985225499 6.59499985259026 5.56499987561256 6.84999984689057 6.78999984823167 6.65499985124916 6.70999985001981 7.01999984309077 6.89499984588474 6.6599998511374 6.99499984364957 7.41999983415008 7.63499982934445 7.54999983124435 7.749999826774 7.70499982777983 7.8349998248741 8.00999982096255 8.61749980738387 8.7594442486556
