EcologicalScience/Bass/data/rs_data_bass/sst_500.asc
NCOLS 226 
NROWS 124 
XLLCORNER -9.41648524995501 
YLLCORNER 47.587301625531 
CELLSIZE 0.0833 
NODATA_value -9999 
[rows 54 to 80 of 124, columns 0 to 61 of 226]
-9999 -9999 -9999 -9999 -9999 -9999 -9999 -9999 -9999 -9999 -9999 -9999 -9999 -9999 -9999 -9999 -9999 -9999 -9999 -9999 -9999 -9999 -9999 -9999 -9999 -9999 -9999 -9999 -9999 -9999 -9999 -9999 -9999 -9999 -9999 -9999 -9999 -9999 13.5198827944696 13.2000182969496 13.3800317249261 13.6683400836773 14.1918851132505 14.4077577898279 14.6150242467411 14.5404370096512 14.5160527206026 14.5884884027764 14.5978118074127 14.8316141082905 14.8086641891859 14.5547807090916 15.0632648542523 15.0754569987766 15.1816003746353 15.1407208312303 14.97003080789 14.9399090390652 14.2449996815994 15.1399996615946 -9999 12.0914296264527
-9999 -9999 -9999 -9999 -9999 -9999 -9999 -9999 -9999 -9999 -9999 -9999 -9999 -9999 -9999 -9999 -9999 -9999 -9999 -9999 -9999 -9999 -9999 -9999 -9999 -9999 -9999 -9999 -9999 -9999 -9999 -9999 -9999 -9999 -9999 -9999 -9999 -9999 15.4899996537715 13.5564592280425 13.6826837831177 13.9666890320368 14.1409649802372 14.33388773771 14.5583666339517 14.809381374158 14.6092867669649 14.5131839807145 14.6867427439429 14.7677846457809 14.8796655014157 14.8380687730387 15.2404095423408 15.1787316347472 14.931302819401 14.81009855913 14.4629810326733 13.9652546620928 -9999 13.6649996945634 -9999 16.7249996261671
-9999 -9999 -9999 -9999 -9999 -9999 -9999 -9999 -9999 -9999 -9999 -9999 -9999 -9999 -9999 -9999 -9999 -9999 -9999 -9999 -9999 -9999 -9999 -9999 -9999 -9999 -9999 -9999 -9999 -9999 -9999 -9999 -9999 -9999 -9999 -9999 -9999 -9999 -9999 13.7601397600956 13.9100314192474 13.9487594077364 14.1947538531385 14.2879878995009 14.4256874141283 14.6386913508177 14.8287453684025 14.771370570641 14.8818170563318 15.0252540507354 14.7075411081314 14.5533463391475 14.5217902003787 14.8696249118075 15.1270943167619 14.9384746691212 14.849543732591 13.5700857425109 13.9763710291591 15.6999996490777 -9999 -9999
-9999 -9999 -9999 -9999 -9999 -9999 -9999 -9999 -9999 -9999 -9999 -9999 -9999 -9999 -9999 -9999 -9999 -9999 -9999 -9999 -9999 -9999 -9999 -9999 -9999 -9999 -9999 -9999 -9999 -9999 -9999 -9999 -9999 -9999 -9999 -9999 -9999 -9999 -9999 -9999 14.1768242288381 14.2557145757601 14.4547334054951 14.531113605015 14.5673314461019 14.611079729395 14.5454573044553 14.1470610524993 14.6404843132477 14.6028321022168 14.492385616526 15.1206396520138 15.1794488197193 15.090517883189 14.7003692584112 14.6888942988589 14.1553086796775 14.0283669396304 14.0097201303579 13.53422649391 12.9983238155882 -9999
-9999 -9999 -9999 -9999 -9999 -9999 -9999 -9999 -9999 -9999 -9999 -9999 -9999 -9999 -9999 -9999 -9999 -9999 -9999 -9999 -9999 -9999 -9999 -9999 -9999 -9999 -9999 -9999 -9999 -9999 -9999 -9999 -9999 -9999 -9999 -9999 -9999 -9999 -9999 -9999 13.9274829202332 14.0749839628115 14.0731910003815 13.7795037543401 13.8411816619337 13.9925076910295 13.9487594077364 14.0986510668881 14.4974059113301 14.5935086975805 14.7369456919841 14.9262825245969 14.9348887442611 14.9528183685616 14.89185764594 14.770653385669 14.7068239231594 14.6673787496984 14.2392193214037 13.9996795407496 13.4051331989467 16.0049996422604
-9999 -9999 -9999 -9999 -9999 -9999 -9999 -9999 -9999 -9999 -9999 -9999 -9999 -9999 -9999 -9999 -9999 -9999 -9999 -9999 -9999 -9999 -9999 -9999 -9999 -9999 -9999 -9999 -9999 -9999 -9999 -9999 -9999 -9999 -9999 -9999 -9999 -9999 -9999 7.42999983392656 14.2900199235883 13.7945646387525 14.211607699981 13.8246864075772 13.693441557698 13.7249976964667 14.0197607199661 14.1165806911886 14.292291009333 14.6544694202021 14.7283394723199 14.7161473277956 14.7003692584112 14.7369456919841 14.651600680314 14.6587725300342 14.5935086975805 14.0864589223638 13.9638202921487 12.3060073857196 -9999 -9999
-9999 -9999 -9999 -9999 -9999 -9999 -9999 -9999 -9999 -9999 -9999 -9999 -9999 -9999 -9999 -9999 -9999 -9999 -9999 -9999 -9999 -9999 -9999 -9999 -9999 -9999 -9999 -9999 -9999 -9999 -9999 -9999 -9999 -9999 -9999 -9999 -9999 -9999 -9999 13.4610736267641 13.6475417194888 13.8612628411502 14.2456739861518 14.2105319225229 14.3177510758396 14.5526291541755 14.5027847986203 14.3238471481018 14.5569322640076 14.3561204718426 14.3460798822343 14.4213843042962 14.4565263679251 14.5813165530562 14.6465803855099 14.5411541946232 14.452223258093 14.649999672547 7.70322451672733 12.7998290825635 12.8550523254089 12.7611010940745
-9999 -9999 -9999 -9999 -9999 -9999 -9999 -9999 -9999 -9999 -9999 -9999 -9999 -9999 -9999 -9999 -9999 -9999 -9999 -9999 -9999 -9999 -9999 -9999 -9999 -9999 -9999 -9999 -9999 -9999 -9999 -9999 -9999 -9999 -9999 -9999 -9999 -9999 -9999 14.2194967346732 14.2955183417071 14.5106738333125 14.5063707234804 14.5397198246792 14.6451460155658 14.6308023161255 14.7426831717603 14.690328668803 14.6888942988589 14.7455519116484 14.8251594435424 14.8925748309121 14.8065126342699 14.49023406161 13.8720206157304 13.8368785521016 13.8225348526612 13.4797204360366 12.5151066486724 12.4046601629816 12.8701132098213 12.9303567474708
-9999 -9999 -9999 -9999 -9999 -9999 -9999 -9999 -9999 -9999 -9999 -9999 -9999 -9999 -9999 -9999 -9999 -9999 -9999 -9999 -9999 -9999 -9999 -9999 -9999 -9999 -9999 -9999 -9999 -9999 -9999 -9999 -9999 -9999 -9999 -9999 -9999 -9999 13.6135266608159 14.1380962403491 14.4217428967822 14.6171758016571 14.6336710560136 14.7523651688825 14.7828455301933 14.769219015725 14.7785424203612 14.730491027236 15.0976897329092 15.0926694381051 15.1062959525734 15.0718710739166 14.9033326054923 14.81009855913 14.7125614029355 14.1517227548175 13.9114657891914 13.378597354982 13.2215338461101 13.3950926093385 13.2473525051028 13.1034373873845
-9999 -9999 -9999 -9999 -9999 -9999 -9999 -9999 -9999 -9999 -9999 -9999 -9999 -9999 -9999 -9999 -9999 -9999 -9999 -9999 -9999 -9999 -9999 -9999 -9999 -9999 -9999 -9999 -9999 -9999 -9999 -9999 -9999 -9999 -9999 -9999 -9999 -9999 13.8121356705669 14.0204779049382 14.4414654835127 14.5393612321932 14.7340769520961 14.729773842264 14.7979064146057 14.7921689348295 14.8208563337103 14.812250114046 14.811532929074 15.0309915305115 14.9908291720785 15.1357005364262 15.1428723861463 14.9327371893451 14.7677846457809 13.9516281476244 13.0752281118184 13.7045579247642 13.7553585269488 14.2284615468234 13.404655075632 13.1964323720895
-9999 -9999 -9999 -9999 -9999 -9999 -9999 -9999 -9999 -9999 -9999 -9999 -9999 -9999 -9999 -9999 -9999 -9999 -9999 -9999 -9999 -9999 -9999 -9999 -9999 -9999 -9999 -9999 -9999 -9999 -9999 -9999 -9999 -9999 -9999 -9999 -9999 13.4099144320935 13.7375484334771 14.0694855446927 14.241609937977 14.6702474895865 14.4385967436247 14.7477034665644 14.7670674608089 14.732642582152 14.7606127960607 14.8352000331506 14.9327371893451 14.8689077268355 15.0166478310712 14.9384746691212 14.8968779407442 14.8732108366676 14.7849970851094 13.7811771859415 13.7988677485846 13.736472656019 13.7888271589763 14.4565263679251 13.508885958232 13.4221065766178
-9999 -9999 -9999 -9999 -9999 -9999 -9999 -9999 -9999 -9999 -9999 -9999 -9999 -9999 -9999 -9999 -9999 -9999 -9999 -9999 -9999 -9999 -9999 -9999 -9999 -9999 -9999 -9999 -9999 -9999 -9999 -9999 -9999 -9999 -9999 -9999 -9999 13.6109652859159 14.6659443797544 14.6035492871888 14.6408429057337 14.6759849693626 14.4952543564141 14.7226019925438 14.7039551832713 14.6078523970209 14.7139957728796 14.9506668136455 14.9399090390652 14.8653218019754 14.8144016689621 15.0008697616868 14.8086641891859 14.5490432293154 14.1311634522863 14.5418713795952 14.0333872344345 13.7974333786406 13.8713034307584 14.5390026397072 13.7594225751236 13.8705862457864
-9999 -9999 -9999 -9999 -9999 -9999 -9999 -9999 -9999 -9999 -9999 -9999 -9999 -9999 -9999 -9999 -9999 -9999 -9999 -9999 -9999 -9999 -9999 -9999 -9999 -9999 -9999 -9999 -9999 -9999 -9999 -9999 -9999 -9999 -9999 10.0899997744709 12.8856522175483 13.9207891938277 14.5633869287558 14.4421826684847 14.4787591020577 14.692480223719 14.6623584548943 14.5390026397072 14.4687185124494 14.5956602524966 14.7943204897456 14.2757957549766 15.0044556865469 14.8739280216396 14.7842799001373 14.5576494489796 14.38600317901 14.4130171462893 14.4170811944641 14.4450514083728 14.0864589223638 14.0632699416019 13.7955208853818 14.4801934720017 14.2399365063757 13.9155298373662
-9999 -9999 -9999 -9999 -9999 -9999 -9999 -9999 -9999 -9999 -9999 -9999 -9999 -9999 -9999 -9999 -9999 -9999 -9999 -9999 -9999 -9999 -9999 -9999 -9999 -9999 -9999 -9999 -9999 -9999 -9999 18.0718742012261 -9999 -9999 -9999 11.5435600732453 13.4639423666522 13.8512222515419 14.0437864165287 14.1578188270796 14.1890163733624 14.5009918361902 14.5569322640076 14.5537049316335 14.4500717031769 14.6071352120489 14.7247535474598 14.7147129578516 14.8230078886263 14.8308969233185 14.7986235995777 14.8079470042139 14.5996047698427 14.3924578437582 14.6673787496984 14.7641987209208 14.7885830099694 14.1484954224434 13.7532069720328 14.3378322550561 14.3021523026982 14.0636882995022
-9999 -9999 -9999 -9999 -9999 -9999 -9999 -9999 -9999 -9999 -9999 -9999 -9999 -9999 -9999 -9999 -9999 -9999 -9999 -9999 -9999 -9999 -9999 -9999 -9999 -9999 -9999 -9999 -9999 12.8067447947937 6.64065980212763 13.9670476245228 13.7117297744844 9.33518816996366 13.2884711101651 13.4268878097646 13.8662831359543 14.0771355177276 14.0968581044581 14.4070406048559 14.5228659778368 14.4418240759987 14.5135425732005 14.532547974959 14.5454573044553 14.4615466627292 14.6322366860695 14.7161473277956 14.7419659867883 14.7979064146057 14.8452406227589 14.7527237613685 14.6422772756778 14.4249702291563 14.4192327493802 14.9047669754364 14.1443118434399 14.1861476334743 14.014381832676 14.2198553271592 14.1648113805568 14.0617160408292
-9999 -9999 -9999 -9999 -9999 -9999 -9999 -9999 -9999 -9999 -9999 -9999 -9999 -9999 -9999 -9999 -9999 -9999 -9999 -9999 -9999 -9999 13.298810526845 13.7576296126936 13.7249976964667 13.663606662862 13.3301873693708 13.653996384237 13.6195715055801 13.8368785521016 14.175031266408 13.9587999973446 14.0559785610531 13.2401806553826 13.2222510310821 14.174672673922 14.1685766016599 14.2872707145289 14.3141651509795 14.4640568101313 14.4396725210827 14.5519119692035 14.3797875759192 14.4472029632889 14.7627643509768 14.4715872523375 14.5081636859104 14.5942258825526 14.7046723682433 14.7448347266763 14.7878658249974 14.7928861198016 14.6243476513773 14.4206671193242 14.5899227727205 14.5748618883081 14.1413235727232 14.0412762691267 13.774483459536 13.9349996885285 -9999 -9999
-9999 -9999 -9999 -9999 -9999 -9999 -9999 -9999 -9999 -9999 -9999 -9999 -9999 -9999 -9999 -9999 -9999 -9999 -9999 -9999 -9999 13.4239234452136 13.6288949102163 13.8834955752827 13.9501937776804 13.8626972110942 13.6479003119748 13.5894497367553 13.7178258467466 13.8573183238041 13.8788338729646 13.9821085089352 14.1624805293977 14.2327646566555 14.294801156735 14.3693883938249 14.4425412609708 14.0003967257217 14.015099017648 14.2980284891091 14.3112964110915 14.3044831538573 14.4941785789561 14.5354167148471 14.1675008242019 14.4385967436247 14.611438321881 14.6078523970209 14.5820337380283 14.7477034665644 14.7620471660048 14.3643680990208 14.1120385196991 14.4852137668058 14.5970946224406 14.49023406161 15.9299996439368 -9999 -9999 -9999 -9999 -9999
-9999 -9999 -9999 -9999 -9999 -9999 -9999 -9999 -9999 -9999 -9999 -9999 -9999 -9999 -9999 -9999 -9999 6.88018432352692 12.7926572328433 13.3549302509055 13.3950926093385 13.7214117716067 13.6898556328379 13.7235633265227 13.8827783903107 13.894253349863 13.8591112862341 13.7178258467466 13.7328867311589 13.8515808440279 14.0599230783992 14.0574129309971 14.1380962403491 14.2961159958504 14.2162694022991 14.291932416847 14.2177037722431 14.3120135960635 14.1796929687262 14.2851191596128 14.1180150611326 14.3880352030974 14.6817224491388 14.6723990445025 14.7229605850298 14.09219640214 14.7376628769562 14.6049836571328 14.9248481546529 14.2194967346732 14.132000168087 14.6713232670445 14.4499996770173 -9999 -9999 -9999 -9999 -9999 -9999 -9999 -9999 -9999
-9999 -9999 -9999 -9999 -9999 -9999 -9999 -9999 -9999 -9999 -9999 -9999 -9999 -9999 -9999 -9999 -9999 13.1648762333207 13.1328419712372 14.0448621939868 13.7407757658511 13.8332926272415 13.9480422227643 14.1947538531385 14.2722098301165 14.2564317607321 13.5829950720072 13.5184484245256 13.5715201124549 13.815721595427 14.0846659599338 13.9274829202332 14.1434751276392 14.0068513904698 14.052034043707 14.0434278240427 13.6830423756037 13.7891857514624 14.1553086796775 14.1545914947055 14.2248756219633 14.1051057316363 14.2927691326477 14.6609240849502 14.6688131196424 14.5741447033361 14.4005859401077 14.7347941370681 14.7484206515364 14.5399588863365 13.9598245473046 15.8899996448308 -9999 -9999 -9999 -9999 -9999 -9999 -9999 -9999 -9999 -9999
-9999 -9999 -9999 -9999 -9999 -9999 -9999 -9999 -9999 -9999 -9999 -9999 -9999 13.3857692047022 13.2222510310821 13.1932050397154 13.4266487481073 13.4739829562604 13.6439557946287 13.7293008062989 14.1667836392298 14.211249107495 14.2958769341931 14.2722098301165 14.2757957549766 13.9638202921487 13.9250923036598 13.574747444829 13.8479949191678 14.3977172002196 14.3482314371504 13.9824671014212 13.9767296216451 14.0437864165287 14.1219595784787 13.9946592459455 14.0642261882313 13.7375484334771 14.1241111333948 14.1251869108528 14.4712286598515 14.5052949460223 14.4353694112506 14.1452680900693 14.3130893735215 14.3446455122903 14.4974059113301 14.1825617086142 14.8940092008561 14.1744336122647 14.5456963661127 13.8359223054722 14.5399996750057 -9999 -9999 -9999 -9999 -9999 -9999 23.015924098968 -9999 -9999
-9999 -9999 -9999 -9999 -9999 -9999 -9999 -9999 -9999 -9999 -9999 13.5268753479468 13.3950926093385 12.7697073137388 13.1734824529849 14.0197607199661 13.3972441642545 13.5177312395535 13.4603564417921 13.3997543116566 13.4280831180513 14.0981729435734 13.8372371445876 13.9580828123726 13.9559312574565 14.1036713616922 14.091837809654 14.2901394544169 13.7708975346759 13.8710643691011 13.9291563518345 13.973860881757 14.0036240580957 13.8992736446671 14.1008026218042 13.9370453865267 14.2169865872711 14.092913587112 14.3643680990208 14.3303018128499 14.4289147465024 14.3421353648882 13.4302346729673 14.3130893735215 14.3158146764152 14.6006805473007 14.7147129578516 14.7552339087706 14.4342936337925 14.4984816887882 14.7627643509768 14.2453153936658 11.2759703914635 -9999 -9999 -9999 13.8305263423494 14.2700582752004 14.1250434738584 13.8999908296391 13.7952818237245 17.7899996023625
-9999 -9999 -9999 -9999 -9999 -9999 -9999 19.8985028005986 13.1261482448317 11.9499648907222 13.3452482537832 13.3814660948701 13.53601945634 13.616702765692 13.9544968875125 13.894970534835 13.7529679103754 13.657223716611 13.8581550396048 13.7594225751236 13.7232047340367 13.9645374771208 13.9943006534595 13.8264793700073 13.9555726649705 14.2076631826349 14.2628864254802 13.9425438046455 13.8318582572974 13.8483535116538 13.9717093268409 13.9795983615331 14.0419934540987 14.1047471391503 13.987248334568 13.9907147285994 14.1263822191395 14.1383353020065 14.41385386209 14.4486373332329 14.3052003388293 14.5129449190572 14.3922187821008 14.7778252353892 14.8452406227589 14.6200445415452 15.1249427618459 14.9578386633657 14.6006805473007 14.6336710560136 14.531113605015 14.3934140903875 14.4955412304029 14.2011188697652 14.9463637038134 14.6888942988589 14.3396252174862 14.3506220537238 14.6562623826321 14.6659443797544 14.5250175327528 14.5134230423719
-9999 -9999 -9999 -9999 -9999 13.2010940744076 13.2939695282839 13.3004241930321 13.4761345111765 12.6922513367608 13.575464629801 13.6346323899925 13.6077379535418 13.61598558072 13.5905255142134 13.6518448293209 13.816080187913 13.7425687282812 13.7486648005433 13.8375957370736 14.0893276622519 14.015099017648 13.8336512197275 13.9376430406701 14.2040772577748 14.3274330729619 13.9519867401104 14.0488067113329 14.0283669396304 13.9430219279602 13.9501937776804 14.0881323539652 14.0889690697659 14.0351801968645 13.9100314192474 13.7010915307328 14.6451460155658 14.1000854368322 14.0599230783992 14.1309243906289 14.1208838010207 14.3362783542834 14.7885830099694 14.8387859580107 14.6225546889473 14.6975005185232 14.7810525677633 14.7673065224662 14.7598956110887 14.8674733568914 14.7979064146057 14.7824869377073 14.5172480288893 14.7273832256906 14.7947986130603 14.8359172181226 14.7532018846832 14.7964720446616 14.6169367399998 14.8438062528148 14.7491378365085 14.5235831628088
-9999 -9999 -9999 -9999 -9999 13.1562700136565 13.4614322192501 13.5639896702487 13.7192602166906 13.816080187913 13.7881099740043 13.6998962224461 13.7174672542606 13.5786919621751 13.7852412341163 13.8440504018217 13.8243278150912 13.8996322371531 13.9989623557776 13.8093864615075 13.9279610435478 13.8831369827967 14.0380489367526 14.1043885466643 14.0731910003815 14.3747672811151 14.4500717031769 14.0778527026996 13.8383129220456 14.0085248220712 14.0790480109863 14.1247087875381 14.0362559743226 13.6597338640131 13.1347544644959 13.1584215685725 13.6991790374741 13.7838068641722 13.8583941012621 14.2177037722431 14.3295846278779 14.6250648363493 14.7964720446616 14.8796655014157 14.9183934899047 14.6487319404259 14.7780642970465 14.7500940831378 14.7947986130603 14.9090700852685 14.8986709031742 14.6683349963278 14.81009855913 14.903810728807 14.9898729254492 15.3601794326678 15.3223479253938 15.3106936695985 15.1880550393835 14.9994353917427 14.9087114927825 14.8549226198811
-9999 -9999 -9999 -9999 -9999 13.6020004737657 13.8218176676892 13.896404904779 13.8103427081369 13.735038286075 13.7092196270823 13.7145985143725 13.734321101103 13.9591585898306 13.8193075202871 13.8877986851148 13.9093142342754 13.9846186563373 13.8031708584167 13.6375011298805 13.9779249299318 14.1115603963844 13.7102954045404 14.2088584909216 14.2951597492211 14.4185155644082 14.5203558304347 14.5346995298751 13.8185903353151 14.3754844660871 14.1624805293977 14.1390524869785 13.9813913239632 13.2997070080601 13.1677449732088 13.6790978582576 13.5693685575388 13.2946867132559 13.2674336843193 13.856601138832 14.5562150790356 14.7283394723199 15.1027100277133 15.1636707503349 14.6318780935835 14.5253761252388 14.0721152229235 14.0233466448262 14.9246090929955 15.0192775093019 14.9910682337359 14.9296293877997 14.9764854726382 15.1055787676014 15.0477258465253 15.0302743455395 14.9640542664565 14.7888220716268 15.1569770239294 15.3655583199579 15.301848388277 15.1211177753285
-9999 -9999 -9999 -9999 -9999 13.5686513725668 13.4625079967082 13.5855052194092 13.7113711819984 13.7393413959071 13.6651127513032 13.6479003119748 13.6532791992649 13.8093864615075 13.7461546531413 13.7328867311589 13.7633670924697 13.9423047429882 13.8236106301192 13.654713569209 14.0379294059239 13.8624581494369 13.7285836213268 13.9169642073102 14.3898281655274 14.4149296395481 14.4500717031769 14.185908571817 14.1894944966771 14.4077577898279 13.9828256939072 13.8777580955066 13.8092669306789 13.0486922678538 13.137623204384 13.2000182969496 13.3111819676124 13.3298287768848 14.1520813473035 14.5085222783964 14.4231772667263 15.0338602703996 15.0747398138046 14.5770134432241 14.7107684405055 14.6716818595305 14.6634342323523 15.0991241028532 14.8117719907314 14.8287453684025 14.823486011941 15.1051006442867 15.0003916383721 15.101753781084 15.1443067560904 15.0558539428748 14.7426831717603 14.9936979119666 15.1854253611527 15.1741894632578 15.061591422651 15.366813393659
-9999 -9999 -9999 -9999 -9999 13.6457487570588 13.5794091471471 13.7787865693681 13.7245195731521 13.6708502310794 13.655430754181 13.613834025804 13.5231101268437 13.7511749479454 13.9591585898306 14.0104373153299 13.813211448025 13.8623386186082 13.7902615289204 13.8368785521016 13.8318582572974 13.6274605402723 13.7404171733651 13.9810327314772 14.2865535295568 14.2313302867115 14.0660191506613 13.9301125984639 14.0387661217246 14.0649433732033 14.092554994626 13.9791202382185 13.7462741839699 13.776276421966 12.4046601629816 12.7948087877594 13.6475417194888 14.3374736625701 13.6798150432296 14.3477533138357 15.0051728715189 14.9341715592891 14.9635761431418 14.5397198246792 14.5925524509512 14.5813165530562 14.5896837110631 14.8151188539341 14.730491027236 14.7634815359488 14.7555925012566 14.7964720446616 14.9791151508689 14.9775612500962 14.9301075111143 14.8930529542267 14.8531296574511 14.8014923394658 15.3117694470566 15.0539414496161 15.3490630656015 15.2628215727163
