EcologicalScience/Bass/data/rs_data_bass/sst_365.asc
NCOLS 226 
NROWS 124 
XLLCORNER -9.41648524995501 
YLLCORNER 47.587301625531 
CELLSIZE 0.0833 
NODATA_value -9999 
[rows 0 to 26 of 124, columns 0 to 61 of 226]
-9999.000000000000000 -9999 -9999 -9999 -9999 -9999 -9999 -9999 -9999 -9999 -9999 -9999 -9999 -9999 -9999 -9999 -9999 -9999 -9999 -9999 -9999 -9999 -9999 -9999 -9999 -9999 -9999 -9999 -9999 -9999 -9999 -9999 -9999 -9999 -9999 -9999 -9999 -9999 -9999 -9999 -9999 -9999 -9999 -9999 -9999 -9999 -9999 -9999 -9999 -9999 -9999 -9999 -9999 -9999 -9999 -9999 -9999 -9999 -9999 -9999 -9999 -9999
-9999 -9999 -9999 -9999 -9999 -9999 -9999 -9999 -9999 -9999 -9999 -9999 -9999 -9999 -9999 -9999 -9999 -9999 -9999 -9999 -9999 -9999 -9999 -9999 -9999 -9999 -9999 -9999 -9999 -9999 -9999 -9999 -9999 -9999 -9999 -9999 -9999 -9999 -9999 -9999 -9999 -9999 -9999 -9999 -9999 -9999 -9999 -9999 -9999 -9999 -9999 -9999 -9999 -9999 -9999 -9999 -9999 -9999 -9999 -9999 -9999 -9999
-9999 -9999 -9999 -9999 -9999 -9999 -9999 -9999 -9999 -9999 -9999 -9999 -9999 -9999 -9999 -9999 -9999 -9999 -9999 -9999 -9999 -9999 -9999 -9999 -9999 -9999 -9999 -9999 -9999 -9999 -9999 -9999 -9999 -9999 -9999 -9999 -9999 -9999 -9999 -9999 -9999 -9999 -9999 -9999 -9999 -9999 -9999 -9999 -9999 -9999 -9999 -9999 -9999 -9999 -9999 -9999 -9999 -9999 -9999 -9999 -9999 -9999
-9999 -9999 -9999 -9999 -9999 -9999 -9999 -9999 -9999 -9999 -9999 -9999 -9999 -9999 -9999 -9999 -9999 -9999 -9999 -9999 -9999 -9999 -9999 -9999 -9999 -9999 -9999 -9999 -9999 -9999 -9999 -9999 -9999 -9999 -9999 -9999 -9999 -9999 -9999 -9999 -9999 -9999 -9999 -9999 -9999 -9999 -9999 -9999 -9999 -9999 -9999 -9999 -9999 -9999 -9999 -9999 -9999 -9999 -9999 -9999 -9999 -9999
-9999 -9999 -9999 -9999 -9999 -9999 -9999 -9999 -9999 -9999 -9999 -9999 -9999 -9999 -9999 -9999 -9999 -9999 -9999 -9999 -9999 -9999 -9999 -9999 -9999 -9999 -9999 -9999 -9999 -9999 -9999 -9999 -9999 -9999 -9999 -9999 -9999 -9999 -9999 -9999 -9999 -9999 -9999 -9999 -9999 -9999 -9999 -9999 -9999 -9999 -9999 -9999 -9999 -9999 -9999 -9999 -9999 -9999 -9999 -9999 -9999 -9999
-9999 -9999 -9999 -9999 -9999 11.105300289928 11.6351206880063 11.584917739965 11.6803033412434 11.6946470406838 10.0774746160023 11.7477187286131 11.8050935263745 10.8946272043977 11.7548905783333 11.8337809252553 11.3353373697028 11.5136773660779 11.6975157805718 7.31330428121146 11.5490584913641 11.4350260808133 11.5189367225394 9.97943941468839 10.0384948159009 10.4223456410691 11.7673695968464 11.1538895717822 11.2600329476409 10.3587704994716 11.8402355900034 12.0087740584277 11.0671407086775 10.5344248670153 12.3249997245148 7.96239352562692 9.05263894512419 12.2299997266382 9.34999979101121 12.06229089565 10.397817236837 11.0587304499687 10.9603047974121 12.8799997121096 -9999 -9999 -9999 -9999 -9999 -9999 -9999 -9999 -9999 -9999 -9999 -9999 -9999 -9999 -9999 -9999 -9999 -9999
-9999 -9999 -9999 -9999 -9999 10.7149723689072 11.6946470406838 11.7972044916824 11.7132938499562 11.7254859944806 11.5978270694613 11.7147282199003 11.7749717575498 8.27080598426983 11.7513046534732 11.8201544107869 11.8301950003952 10.5045981104486 11.6451612776145 11.6559190521948 11.6207769885659 11.5246742023155 11.4500869652256 11.1883144504391 11.1557512008585 10.7821283489466 11.9700460699387 12.0051881335676 11.187597265467 11.345019366825 11.1711020111106 11.7184165997564 10.4133181332854 13.229690745069 13.085718022132 11.562211968936 12.0099997315556 -9999 13.2149997046217 12.7542199950187 10.4761635652439 9.81359038990922 10.106879199855 10.841675047297 10.1996978553943 11.1664250495378 -9999 -9999 -9999 -9999 -9999 -9999 -9999 -9999 -9999 -9999 -9999 -9999 -9999 -9999 -9999 -9999
-9999 -9999 -9999 -9999 -9999 11.5612506358884 10.2584841342177 11.6315347631462 11.7398296939209 10.9301278605126 11.4049043119885 11.5103305028751 11.4149449015968 11.8337809252553 11.8531449194998 11.822305965703 11.7498702835292 11.5153507976793 11.7527390234172 11.4330538221402 11.2449720632285 11.4622791097499 11.3769340980798 10.9974571856856 12.031244575039 10.9143211037293 11.1775566758588 11.2614673175849 11.5820490000769 11.226325253956 11.665601049317 11.5225226473995 11.5322763630189 11.6327898368472 10.5826517415699 11.1976890825733 10.3114992022808 12.3099997248501 12.0549997305498 8.93124728130177 9.14127729097381 11.2406231756322 11.4823355584502 10.921999764163 9.18192845419981 9.75499978195876 -9999 -9999 -9999 -9999 -9999 -9999 -9999 -9999 -9999 -9999 -9999 -9999 -9999 -9999 -9999 -9999
-9999 -9999 -9999 -9999 -9999 10.7449148414889 10.6997680475004 11.6301003932022 10.6482741665095 10.747245692648 10.8964201668277 10.9774620686658 10.8505203286186 11.1603442365304 11.8653370640241 11.7972044916824 11.7348093991168 10.7988830106333 11.7649311679415 11.6444440926425 11.5691396705806 11.582766185049 11.2593157626688 10.8704183967784 10.359800303534 11.343943589367 11.6049989191815 10.9656285166275 11.424985491205 11.5504928613082 11.1797082307748 11.0380641988013 11.3184835228603 10.2138991351239 11.2381588059943 10.5287433378398 13.0345759685265 10.6932837061327 10.3554338091053 12.6052278070711 9.51859987225203 9.65747156016709 8.77787817151693 9.71999978274107 8.17518132133409 9.78303440705379 9.33499979134649 -9999 -9999 -9999 -9999 -9999 -9999 -9999 -9999 -9999 -9999 -9999 -9999 -9999 -9999 -9999
-9999 -9999 -9999 -9999 -9999 10.6733756405301 11.1829355631489 11.2700735372491 11.0785851497203 10.7529831724241 10.7924283458851 11.2765282019973 11.8897213530727 11.8997619426809 11.9148228270933 11.8337809252553 11.8079622662626 11.7068391852081 10.6020157358143 11.7484359135851 11.6150395087898 11.4895321386866 11.5648365607485 11.064958635252 11.148995839032 11.5822083745152 11.7602694656234 11.6946470406838 11.7520218384452 11.7104251100682 11.6892681533936 11.4413782905654 11.3471709217411 11.3971587142907 11.4212561293505 10.4615670121275 10.7802362013608 11.1717167410866 10.2782579484462 11.2434111312306 10.8620526629686 9.66384139658523 12.8333774018101 8.64422029303387 11.0831355647152 12.9368165167383 12.0949997296557 -9999 -9999 -9999 -9999 -9999 -9999 -9999 -9999 -9999 -9999 -9999 -9999 -9999 -9999 -9999
-9999 -9999 -9999 -9999 -9999 11.1709227148676 10.9356262786314 11.5246742023155 11.2207073050085 11.8796807634644 11.8502761796117 11.4224753438029 11.8502761796117 11.8258918905631 11.8746604686603 11.8122653760947 11.7807092373259 11.7348093991168 11.6602221620269 11.0434430860914 11.0520493057556 11.344660774339 11.4515213351697 10.7966418075957 10.8098798468709 10.7844496630714 10.2993636776228 11.3642638302408 11.4429151155055 11.613764513284 11.5265866955742 11.4136898278957 11.4958843484388 11.1736121585127 11.0958872371702 11.7075563701801 10.6347910890356 11.8824247755313 10.9173978272593 11.5156069351693 11.7480629773997 10.8736854032148 11.0263202948845 12.937170004705 9.59910195744446 12.039999730885 -9999 -9999 -9999 -9999 -9999 -9999 -9999 -9999 -9999 -9999 -9999 -9999 -9999 -9999 -9999 -9999
-9999 -9999 -9999 -9999 -9999 11.6702627516352 10.5672322646715 11.305574193364 11.1350037008524 11.4410026222467 11.3927121674642 11.546189751476 11.942793041002 10.6489196329843 11.8775292085484 11.8065278963186 11.6401409828104 11.027665016707 10.695130251348 11.5673467081506 10.7882148841745 10.6261131508742 11.3716269292869 11.2121608507587 11.4576174074318 11.5200124999974 10.58982359129 10.6364406144712 11.5282601271756 11.5743990270421 11.6121707689017 11.580694317352 11.1578739327379 11.3489638841711 11.3995254246984 9.26227436447516 11.230302370619 12.4101585811004 11.8976103877649 11.6913684808117 11.6473128325306 10.9538974195852 12.2217080258514 9.86741232452914 10.1199377309531 10.4049289145754 12.2549997260794 -9999 -9999 -9999 -9999 -9999 -9999 -9999 -9999 -9999 -9999 -9999 -9999 -9999 -9999 -9999
-9999 -9999 -9999 -9999 -9999 11.1893902278971 10.9828409559559 11.3300780132413 11.4953592665843 11.1271744315745 10.4621885724366 11.6422925377265 11.0724890774582 11.7477187286131 11.8416699599475 11.7986388616264 11.7068391852081 11.1201818780974 11.244523822621 10.5377380326972 10.646929444687 10.5943657627795 11.7401882864069 11.266846204875 10.2914746429306 11.4079523481196 10.5539643426891 10.4202093454078 10.7952970857732 10.9792550310958 11.186162895523 11.6989501505159 11.1610614215024 11.067468782654 10.5670529684285 11.2901547164656 11.2629016875289 11.4748810742583 12.8499016333371 11.1696676411666 10.6986564107938 11.3758583206218 11.2144917019177 13.7976126748836 9.97499977704138 12.1299997288734 -9999 -9999 -9999 -9999 -9999 -9999 -9999 -9999 -9999 -9999 -9999 -9999 -9999 -9999 -9999 -9999
-9999 -9999 -9999 -9999 -9999 11.1746879359707 10.8802835049573 11.5253913872875 11.5495067319716 11.564567616384 11.5748771503568 11.5752357428428 11.3819543928839 11.8115481911227 11.7484359135851 11.781426422298 11.5875474181958 10.6877193399705 10.5017122947278 10.546792492969 10.2964949377347 10.2161702208687 10.8237155402894 10.9785378461238 11.4466803366086 9.18840431235731 9.19621365983039 11.6831720811315 11.5363882235251 11.2685087700374 11.6691869741771 10.8447828488424 11.4149449015968 11.3260139650665 11.2048097047955 11.145283352118 11.6167129403912 10.6520194658078 11.3353373697028 11.1366771324538 11.0498977508396 10.5305661829771 11.7776412793901 9.6204972374253 11.8749997345731 -9999 -9999 -9999 -9999 -9999 -9999 -9999 -9999 -9999 -9999 -9999 -9999 -9999 -9999 -9999 -9999 -9999
-9999 -9999 -9999 -9999 -9999 11.0936460341327 10.8288454050198 10.2846613856964 11.1062864192645 10.886289929098 11.2319730856107 11.4540314825717 11.5257499797735 11.8266090755351 11.8136997460388 11.7498702835292 10.8799249124713 10.8614573994419 11.0140385022387 10.4965895449277 10.5112918368541 11.0072252450045 11.383388762828 11.3077257482801 10.7159584982437 10.7383705286193 11.1578340891283 11.6210459329304 10.8969580555568 9.68772442732006 11.3389232945628 11.3998840171844 11.3611560286954 11.2299111788161 10.8432460239024 11.1216162480414 11.2378002135083 9.21495241589414 11.0079760480221 5.63816338898614 5.5742383018136 8.96014412904098 8.86207486786729 11.4980323397028 10.1761223068461 12.0167774665295 -9999 -9999 -9999 -9999 -9999 -9999 -9999 -9999 -9999 -9999 -9999 -9999 -9999 -9999 -9999 -9999
-9999 -9999 -9999 -9999 -9999 11.1553239417262 11.4039309895265 11.4601275548339 10.9279763055965 11.6107363989577 11.4497283727396 11.8796807634644 11.8703573588282 11.8050935263745 11.7290719193406 11.7627796130255 11.7498702835292 11.2532196904067 11.2141331094317 10.982562050689 10.6732162660919 10.6213797300588 10.7649960207054 11.1334498000797 11.1284295052756 10.7938627158292 11.1560411266983 11.1488692769781 10.8838694298174 11.5494170838501 11.4206823813729 11.423551121261 11.3898434275761 10.9222388258204 10.3966795746237 10.8125095251016 10.6081118080765 11.2083956296556 9.70060387410922 8.41706689450075 11.0068666525185 9.02799908139352 12.0438087360714 -9999 -9999 -9999 -9999 13.2249997043982 13.2249997043982 -9999 -9999 -9999 -9999 -9999 -9999 -9999 -9999 -9999 -9999 -9999 -9999 -9999
-9999 -9999 -9999 -9999 -9999 11.2118022582727 11.226325253956 10.3856051705079 11.4615619247779 11.7459257661831 11.4525971126277 11.9126712721772 11.7950529367663 11.7097079250962 11.088769176323 11.3036915828125 11.7096182769747 10.9326778515242 10.8466206353332 10.9187873731425 11.0589820938185 10.9026058872114 11.1997894099914 11.1151615832932 11.2761696095113 11.5476241214201 11.2693563522771 11.2464064331725 11.0599383404478 11.3202764852904 10.7798776088748 10.5918773482554 10.7058880259283 11.4608447398059 11.4601275548339 11.2980437511578 11.1997894099914 13.2351398695792 10.1292173267613 -9999 -9999 -9999 -9999 -9999 -9999 -9999 -9999 -9999 -9999 -9999 -9999 -9999 -9999 -9999 -9999 -9999 -9999 -9999 -9999 -9999 -9999 -9999
-9999 -9999 -9999 -9999 -9999 10.6719412705861 10.7920697533991 10.8921170569956 11.1897488203831 11.7972044916824 11.7097079250962 11.7534562083893 11.7104251100682 11.6609393469989 11.6017715868074 10.6203039526008 11.1797978788964 10.5573709713062 10.5507370103151 10.5919751462061 11.2230979215819 11.3948637223803 11.3005538985599 11.3162124371156 11.4612033322919 10.9258247506805 11.4038285345305 11.0527664907277 10.9918954162276 11.3102358956821 11.3023468609899 11.5863521099091 11.5361491618678 11.5017242832109 11.4321573409252 11.4400463756174 11.3231452251785 11.2392345834523 13.8410177339401 10.9237189735286 11.6199997402728 -9999 -9999 -9999 -9999 -9999 -9999 -9999 -9999 -9999 -9999 -9999 -9999 -9999 -9999 -9999 -9999 -9999 -9999 -9999 -9999 -9999
-9999 -9999 -9999 -9999 -9999 11.6049989191815 10.9150669761002 11.4873805837706 11.2456892482005 11.5372249393258 11.6752830464393 11.6996673354879 11.6702627516352 11.6867580059916 11.7713858326897 11.1728949735407 11.6516159423627 11.6465956475586 10.748142173863 11.3539841789752 11.1542481642682 11.5081789479591 11.2399517684244 11.2373438230716 11.7297891043127 10.984992510872 10.9211630483624 11.1775566758588 11.6035645492375 11.5153507976793 11.5512100462802 11.5770287052728 11.5763115203008 11.6544846822508 11.5196539075114 11.5626850058325 11.3475295142271 11.303781230934 8.59612108757719 10.5148167246953 10.4344920078292 9.80499978084117 11.0418202587825 7.09798496473089 11.2220221441239 11.8499997351319 -9999 -9999 -9999 -9999 -9999 -9999 -9999 -9999 -9999 -9999 -9999 -9999 -9999 -9999 -9999 -9999
-9999 -9999 -9999 -9999 -9999 10.9172185310163 11.3088015257381 11.1325533188647 10.5503784178291 11.1761223059148 11.5777458902448 11.664525271859 11.624362913426 11.5605334509164 11.1402630573139 10.487355788413 10.988219843246 11.6200598035939 10.9512848171871 11.0435327342129 10.6838644707459 11.5578440072713 11.3324686298147 11.502800060669 11.0028324870509 11.8366496651433 11.4515213351697 11.3941465374082 11.4500869652256 11.3991668322124 11.465147849638 11.6451612776145 11.664525271859 11.6760002314113 11.6437269076705 11.5734427804127 10.263942708727 11.6174301253632 11.463713479694 11.5404522716999 11.8330637402833 11.6889095609076 11.7613452430815 11.5727255954407 11.3575701038353 11.505310208071 11.5049997428432 -9999 -9999 -9999 -9999 -9999 -9999 -9999 -9999 -9999 -9999 -9999 -9999 -9999 -9999 -9999
-9999 -9999 -9999 -9999 -9999 10.987502658274 10.7551347273402 10.7357707330957 10.9339344576718 11.5727255954407 11.6982329655439 11.6975157805718 10.5662760180421 11.0531250832137 11.4902493236586 10.9210734002409 10.8731116552372 10.8629515348002 10.588389221346 10.647467333416 11.6157566937618 11.584200554993 11.1156098239007 10.7020630394109 10.7718092779396 11.2399517684244 11.22417369904 11.3719138032757 11.4113589767367 11.3891262426041 11.4773399941623 11.5519272312522 11.6480300175026 11.7692342777736 11.7097079250962 11.5820490000769 11.6566362371668 11.6107363989577 11.6100192139857 11.7348093991168 11.861751139164 11.8603167692199 11.7871639020741 11.3790856529959 11.2499923580326 9.82532831728458 -9999 -9999 -9999 -9999 -9999 -9999 -9999 -9999 -9999 -9999 -9999 -9999 -9999 -9999 -9999 -9999
-9999 -9999 -9999 -9999 -9999 11.2750938320532 11.6602221620269 11.6049989191815 11.4945524334908 11.5555131561123 11.6752830464393 11.6272316533141 11.265053242445 10.3949285751441 10.2079225936905 10.9700511572883 11.0184312601923 10.6224555075169 10.8480101812165 10.9624011842534 10.7178411087953 11.4450666704215 11.0343587431125 11.2148502944037 11.325924316945 11.2528610979207 11.3547013639472 11.3561357338913 11.426419861149 11.4543900750577 11.5010070982389 11.6810205262154 11.7649311679415 11.8416699599475 11.8531449194998 11.8072450812906 11.7986388616264 11.8101138211787 11.6781517863274 11.7462843586691 11.8366496651433 11.8366496651433 11.7656483529136 11.7398296939209 10.7639202432474 10.8003173805773 9.78263190528378 -9999 -9999 8.99967082583212 -9999 -9999 -9999 -9999 10.9150669761002 -9999 -9999 -9999 -9999 -9999 -9999 -9999
-9999 -9999 -9999 -9999 -9999 10.1525200546021 11.1990722250193 10.8046204904094 11.4206823813729 11.744849988725 11.6071504740976 11.4414807455614 11.5698568555526 10.8028275279794 11.3948637223803 11.0387813837733 10.8896069095936 10.3983352037612 11.423192528775 11.5662709306926 10.5647221172694 10.190351561876 9.52516250032932 11.2944578262977 11.4615619247779 11.4221167513169 11.4694509594701 11.4006012021564 11.5598162659444 11.6121707689017 11.7068391852081 11.7885982720181 11.8811151334085 11.8811151334085 11.9234290467575 11.9004791276529 11.8474074397236 11.7649311679415 11.345019366825 11.542603826616 11.6128879538737 11.8050935263745 10.7081820005551 11.7147282199003 11.665242456831 11.5698568555526 11.2048097047955 10.1245603875312 9.53979307375848 9.07218847200275 -9999 -9999 -9999 10.03112186166 9.21048835178203 9.79499978106469 -9999 -9999 -9999 -9999 -9999 -9999
-9999 -9999 -9999 -9999 -9999 11.4039480653591 10.6468397965655 10.9731589588337 10.8125095251016 11.4730368843302 11.5949583295733 11.5318460520357 11.5476241214201 10.906819348922 11.5798974451609 11.4924008785747 11.105120993685 11.4762642167043 11.1739707509987 11.187238672981 11.0900601092726 11.5935239596292 11.1818597856909 11.3389232945628 11.3539841789752 11.5074617629871 11.4974211733788 11.5476241214201 11.6494643874466 11.6716971215792 11.783577977214 11.8660542489961 11.9126712721772 11.8918729079887 11.9721976248547 11.8703573588282 11.864619879052 11.7742545725778 11.664525271859 11.5813318151049 11.5483413063921 12.2898002313092 11.8574480293319 10.6337511708261 10.6452261303784 9.45229955902323 8.95999979972839 10.2356059336103 9.21350578637794 9.69294603720405 8.39339883672073 8.84257552058211 -9999 10.979983422083 12.8186333226835 -9999 -9999 -9999 -9999 -9999 -9999 -9999
-9999 -9999 -9999 -9999 -9999 10.2186291407727 11.1259193578735 11.1130100283772 10.4151890506037 10.9983628878503 10.9753105137497 11.3159733754583 10.6506050176686 10.4116031257436 11.3572115113493 10.3744888034416 11.6910611158237 11.4432737079915 10.9502090397291 10.7152413132717 11.3948637223803 11.4271370461211 11.4558244450018 11.4321573409252 11.4271370461211 11.4809259190224 11.5634021908045 11.663090901915 11.7262031794526 11.8007904165424 11.8129825610667 11.8825495033525 11.9564195554703 11.9765007346869 11.9650257751346 11.9090853473172 11.9549851855263 9.23733226489276 11.5401598273424 9.92446667794138 9.63999978452921 9.64785059157695 11.2600329476409 11.9671773300506 11.7795507077558 8.11109200919695 8.17499981727451 11.5899997409433 12.4120113089448 8.25044384599212 9.89439566949459 9.42144534597173 9.60853525332641 10.4901348801795 12.1413633921849 -9999 -9999 -9999 -9999 -9999 -9999 -9999
-9999 -9999 -9999 -9999 -9999 11.4908561724811 10.3330713713076 11.1693090486806 11.2134159244597 11.4622791097499 11.4034699420445 11.2438962857705 11.4300057860091 10.9840601704083 11.6308175781742 11.6091227327706 11.0675584307755 11.1396355204633 10.9609668143094 10.4646748136729 11.4751884392463 11.4343088958412 11.4106417917646 11.4493697802536 11.4493697802536 11.5253913872875 11.6057161041535 11.7276375493966 11.8409527749754 11.9392071161419 11.9757835497148 12.0023193936795 12.0661488561891 12.063280116301 12.0116427983157 12.7263176229317 9.32573880811012 10.1661590919702 7.8349998248741 9.57838678080589 12.2377215687257 11.8847010582685 11.8043763414025 11.9664601450786 12.0518051567487 11.257209985517 9.77050212467008 -9999 12.6526268670568 10.3915219465271 10.4947965824977 10.6002227733843 10.9961088779382 10.9841557950713 10.6834620079026 9.87999977916479 -9999 -9999 -9999 -9999 -9999 -9999
-9999 -9999 -9999 -9999 -9999 7.24021117947996 9.72740866243839 11.7322992517147 11.0298165716231 11.7796334598679 10.52715955436 11.4199651964009 11.529120749142 10.9430371900089 10.4046105722664 11.2632602800149 11.6021301792935 10.9939573230222 10.6413712611538 10.3939424458076 10.8849452072755 11.0567110080738 11.3227866326924 11.4285714160651 11.5332804219797 11.5712912254967 11.7233344395645 11.7735373876058 11.8445386998355 11.8667714339681 11.9707632549107 12.0403301971965 12.1134830643423 12.1349986135028 10.3832743193489 10.0546243059216 11.515728263454 11.9148228270933 -9999 9.22141686221585 11.903347867541 12.0188146480359 12.0532395266928 12.101290919818 12.0102084283717 11.0765232429258 -9999 11.2012237799354 11.1911831903271 10.5399792357348 10.4073000159115 10.9210435175337 10.9200872709043 11.0513321207836 12.4999997206032 -9999 -9999 -9999 -9999 -9999 -9999 -9999
