EcologicalScience/Bass/data/rs_data_bass/sst_208.asc
NCOLS 226 
NROWS 124 
XLLCORNER -9.41648524995501 
YLLCORNER 47.587301625531 
CELLSIZE 0.0833 
NODATA_value -9999 
[rows 54 to 80 of 124, columns 0 to 61 of 226]
-9999 -9999 -9999 -9999 -9999 -9999 -9999 -9999 -9999 -9999 -9999 -9999 -9999 -9999 -9999 -9999 -9999 -9999 -9999 -9999 -9999 -9999 -9999 -9999 -9999 -9999 -9999 -9999 -9999 -9999 -9999 -9999 -9999 -9999 -9999 -9999 -9999 -9999 12.9744345481835 14.6874599289149 13.4998016152531 13.3721426902339 13.2703024242073 13.0415204181336 13.1462294240482 13.2606204270851 12.9827112504281 12.940038744593 11.2499923580326 11.3826715778559 11.2621845025569 11.2399517684244 13.0099642793648 12.8966490537859 12.8722647647373 13.2222510310821 13.2724539791234 13.2753227190115 13.2338284456304 11.9161033023525 -9999 12.2044666337235
-9999 -9999 -9999 -9999 -9999 -9999 -9999 -9999 -9999 -9999 -9999 -9999 -9999 -9999 -9999 -9999 -9999 -9999 -9999 -9999 -9999 -9999 -9999 -9999 -9999 -9999 -9999 -9999 -9999 -9999 -9999 -9999 -9999 -9999 -9999 -9999 -9999 -9999 13.1899997051805 13.9437391129322 14.1893749658484 13.6256675778423 13.5396053812001 12.7465183329768 12.9289223775268 13.0537125626579 12.9045380884781 12.7625354640186 13.0519196002278 13.0515610077418 12.7252418454736 13.2150791813619 13.0472578979097 13.2703024242073 13.2946867132559 13.1605731234886 13.5062562800013 13.4044160139747 6.02903644645947 13.6649996945634 -9999 15.5349996527657
-9999 -9999 -9999 -9999 -9999 -9999 -9999 -9999 -9999 -9999 -9999 -9999 -9999 -9999 -9999 -9999 -9999 -9999 -9999 -9999 -9999 -9999 -9999 -9999 -9999 -9999 -9999 -9999 -9999 -9999 -9999 -9999 -9999 -9999 -9999 -9999 -9999 -9999 -9999 13.893715461134 13.8768616142916 13.495139912935 13.5249030892737 13.375728615094 13.1182592101395 12.419721047394 12.3236182611436 12.5301675330848 12.2475966541097 13.059091449948 12.9023865335621 12.7876369380392 12.9547410365194 12.9066896433942 12.5172582035884 13.1799371177331 13.3233741121367 13.3090304126963 14.8371722918237 6.12505037428265 -9999 -9999
-9999 -9999 -9999 -9999 -9999 -9999 -9999 -9999 -9999 -9999 -9999 -9999 -9999 -9999 -9999 -9999 -9999 -9999 -9999 -9999 -9999 -9999 -9999 -9999 -9999 -9999 -9999 -9999 -9999 -9999 -9999 -9999 -9999 -9999 -9999 -9999 -9999 -9999 -9999 13.8199996910989 13.7859584190883 13.6995376299601 13.3678395804018 12.4247413421981 13.1196935800835 12.6922513367608 12.5516830822453 11.8832666883245 12.4735099202953 12.3178807813674 12.3716696542688 12.5739158163778 12.8134555970319 12.9296395624988 13.0831171465106 12.8736991346814 12.9052552734502 13.3936582393944 13.1548356437124 14.8717764667235 15.2267830278724 -9999
-9999 -9999 -9999 -9999 -9999 -9999 -9999 -9999 -9999 -9999 -9999 -9999 -9999 -9999 -9999 -9999 -9999 -9999 -9999 -9999 -9999 -9999 -9999 -9999 -9999 -9999 -9999 -9999 -9999 -9999 -9999 -9999 -9999 -9999 -9999 -9999 -9999 -9999 -9999 -9999 13.7526605453874 13.2613376120571 13.5403225661721 12.9698019209318 13.3126163375564 12.5351878278889 12.5753501863219 12.698706001509 12.3200323362835 13.0049439845607 12.7453230246902 12.3465681802481 12.3587603247724 12.9217505278066 13.0845515164547 13.1849574125372 12.7725760536268 12.7826166432351 13.7214117716067 14.2754371624906 14.8663975794334 10.8499997574836
-9999 -9999 -9999 -9999 -9999 -9999 -9999 -9999 -9999 -9999 -9999 -9999 -9999 -9999 -9999 -9999 -9999 -9999 -9999 -9999 -9999 -9999 -9999 -9999 -9999 -9999 -9999 -9999 -9999 -9999 -9999 -9999 -9999 -9999 -9999 -9999 -9999 -9999 -9999 -9999 12.5010498232208 14.0021896881517 13.7812967167702 13.773766274564 13.3556474358775 13.2609790195711 13.1397747593001 12.5466627874412 12.4111148277298 12.4283272670582 12.6119266198948 12.9052552734502 11.9148228270933 12.8851740942337 12.9970549498685 13.2272713258862 13.3162022624165 13.816080187913 13.9150517140515 14.1403374433867 -9999 -9999
-9999 -9999 -9999 -9999 -9999 -9999 -9999 -9999 -9999 -9999 -9999 -9999 -9999 -9999 -9999 -9999 -9999 -9999 -9999 -9999 -9999 -9999 -9999 -9999 -9999 -9999 -9999 -9999 -9999 -9999 -9999 -9999 -9999 -9999 -9999 -9999 -9999 -9999 -9999 14.0822753433604 14.1459852750413 14.1309243906289 13.9215063787997 13.816080187913 13.2473525051028 13.1874675599393 13.0350657533854 12.3472853652202 12.220343625173 12.4978942093439 12.4649037006311 12.3200323362835 12.4003570531495 12.2899105674587 12.9497207417153 13.45605333196 13.3534958809614 14.7999996691942 11.1559678075777 15.9342860027682 15.9339274102822 15.7402874678373
-9999 -9999 -9999 -9999 -9999 -9999 -9999 -9999 -9999 -9999 -9999 -9999 -9999 -9999 -9999 -9999 -9999 -9999 -9999 -9999 -9999 -9999 -9999 -9999 -9999 -9999 -9999 -9999 -9999 -9999 -9999 -9999 -9999 -9999 -9999 -9999 -9999 -9999 -9999 14.0107959078159 14.0868175148498 13.9172032689676 13.8268379624933 13.7328867311589 12.4849848798476 12.3974883132614 12.3573259548284 12.2712637581863 12.819193076808 12.6126438048668 12.1773125268519 12.5287331631407 12.9239020827226 13.0795312216505 12.9439832619391 13.5449842684902 14.4416089205071 15.7298882857431 15.4229331177194 15.4799493229948 15.5968504734337 15.4964445773512
-9999 -9999 -9999 -9999 -9999 -9999 -9999 -9999 -9999 -9999 -9999 -9999 -9999 -9999 -9999 -9999 -9999 -9999 -9999 -9999 -9999 -9999 -9999 -9999 -9999 -9999 -9999 -9999 -9999 -9999 -9999 -9999 -9999 -9999 -9999 -9999 -9999 -9999 14.4238227332011 14.2747199775185 13.5249030892737 12.9819940654561 12.6506546083838 12.8234961866401 12.5093691688962 12.4505600011908 12.5108035388403 12.4527115561068 12.502197319176 12.3099917466752 12.4971770243719 12.4735099202953 12.9576097764075 12.8529007704929 13.0637531522661 13.096743660979 13.4108706787229 14.410626529716 15.170842600055 15.3207342592068 15.4139683055691 15.4268776350655
-9999 -9999 -9999 -9999 -9999 -9999 -9999 -9999 -9999 -9999 -9999 -9999 -9999 -9999 -9999 -9999 -9999 -9999 -9999 -9999 -9999 -9999 -9999 -9999 -9999 -9999 -9999 -9999 -9999 -9999 -9999 -9999 -9999 -9999 -9999 -9999 -9999 -9999 14.6650222847903 14.1000854368322 13.6597338640131 13.2287056958303 13.138340389356 12.7560807992704 12.5158238336444 12.2913449374028 12.4340647468343 12.42187260231 12.2024140008725 12.2468794691376 12.1335642435588 12.3121433015913 12.618381284643 13.1620074934326 13.3190710023046 13.2846461236477 13.2867976785637 14.0082857604139 14.7226019925438 14.9054841604084 14.9090700852685 15.4204229703173
-9999 -9999 -9999 -9999 -9999 -9999 -9999 -9999 -9999 -9999 -9999 -9999 -9999 -9999 -9999 -9999 -9999 -9999 -9999 -9999 -9999 -9999 -9999 -9999 -9999 -9999 -9999 -9999 -9999 -9999 -9999 -9999 -9999 -9999 -9999 -9999 -9999 14.3126590625383 14.5057252570055 14.0326700494625 13.5973387714475 13.2703024242073 13.1326029095799 13.2043214067817 12.422589787282 12.2160405153409 12.5301675330848 12.4297616370022 12.2877590125427 12.1665547522716 12.221060810145 12.3939023884013 12.4118320127018 12.7137668859214 12.8650929150172 13.6977446675301 13.7888271589763 13.9250923036598 14.5533463391475 14.8610186921433 15.088366328273 15.1787316347472
-9999 -9999 -9999 -9999 -9999 -9999 -9999 -9999 -9999 -9999 -9999 -9999 -9999 -9999 -9999 -9999 -9999 -9999 -9999 -9999 -9999 -9999 -9999 -9999 -9999 -9999 -9999 -9999 -9999 -9999 -9999 -9999 -9999 -9999 -9999 -9999 -9999 14.1696523791179 13.4861751007847 13.7328867311589 13.6360667599365 12.7697073137388 13.2122104414739 12.7073122211732 11.823740335647 12.2648090934381 12.4892879896797 12.620532839559 12.4656208856031 12.3838617987931 12.4555802959949 12.5696127065457 12.6779076373205 12.7087465911172 12.939680152107 13.1526840887964 13.9007080146112 14.1782585987821 14.5619525588118 14.732642582152 15.010193166323 15.0690023340285
-9999 -9999 -9999 -9999 -9999 -9999 -9999 -9999 -9999 -9999 -9999 -9999 -9999 -9999 -9999 -9999 -9999 -9999 -9999 -9999 -9999 -9999 -9999 -9999 -9999 -9999 -9999 -9999 -9999 -9999 -9999 -9999 -9999 -9999 -9999 9.05518155433793 14.0793587911408 14.0355387893505 13.974578066729 13.575106037315 13.2796258288436 13.5263374592178 13.3649708405137 12.5939969955944 12.5488143423572 12.0654316712171 12.2289498448372 12.4778130301274 12.3845789837651 12.4720755503513 12.6169469146989 12.8077181172557 12.899517793674 12.8034150074236 12.8851740942337 12.9891659151763 13.6102481009439 13.7909787138924 14.0979338819161 14.3467970672064 14.5978118074127 14.9886776171625
-9999 -9999 -9999 -9999 -9999 -9999 -9999 -9999 -9999 -9999 -9999 -9999 -9999 -9999 -9999 -9999 -9999 -9999 -9999 -9999 -9999 -9999 -9999 -9999 -9999 -9999 -9999 -9999 -9999 -9999 -9999 -9999 -9999 -9999 -9999 13.2239327061889 14.3926969054155 14.0584887084551 13.7300179912709 13.4252143781632 13.377162985038 13.377162985038 13.1878261524253 12.9274880075827 12.7654042039067 12.858638250269 12.6972716315649 12.7661213888787 12.2899105674587 12.5703298915178 12.7137668859214 12.7202215506695 12.7510605044663 13.0329141984694 13.1741996379569 13.2695852392353 13.3197881872766 13.5786919621751 13.9480422227643 14.1882991883904 14.4479201482609 14.4608294777572
-9999 -9999 -9999 -9999 -9999 -9999 -9999 -9999 -9999 -9999 -9999 -9999 -9999 -9999 -9999 -9999 -9999 -9999 -9999 -9999 -9999 -9999 -9999 -9999 -9999 -9999 -9999 -9999 6.57666989495856 9.07518555025423 12.9230173784918 13.7787865693681 14.1299681439996 11.7487172889467 14.0649433732033 15.0606980869841 12.7642387783271 13.2229682160541 13.1096529904753 12.8364055161364 13.3664052104577 13.2365947305225 12.9303567474708 12.581087666098 12.65997801302 13.1806543027051 12.6126438048668 12.3272041860037 12.7890713079832 12.4921567295678 12.7266762154177 12.7632526489906 12.8098696721718 13.2860804935917 13.3685567653738 13.416608158499 13.5148624996655 13.7149571068585 13.8103427081369 14.0333872344345 14.0082857604139 14.7046723682433
-9999 -9999 -9999 -9999 -9999 -9999 -9999 -9999 -9999 -9999 -9999 -9999 -9999 -9999 -9999 -9999 -9999 -9999 -9999 -9999 -9999 -9999 12.0098172365688 13.932981338352 13.8806268353947 13.8347269971855 14.053468413651 13.9301125984639 13.7228461415507 13.6831619064324 13.6052278061397 13.6403698697686 13.696310297586 13.5837122569792 13.4388408926316 13.5048219100572 13.2487868750468 12.9432660769671 12.9705191059038 12.7983947126195 12.9841456203721 13.0522781927139 12.9949033949524 13.0644703372382 13.1247138748877 13.337000626605 12.7517776894383 12.9253364526667 12.820627446752 12.9590441463515 13.0221564238891 12.9023865335621 13.1949980021454 13.0271767186932 13.45605333196 13.5557420430705 13.5335093089379 13.4646595516242 14.3303018128499 14.1449996838346 -9999 -9999
-9999 -9999 -9999 -9999 -9999 -9999 -9999 -9999 -9999 -9999 -9999 -9999 -9999 -9999 -9999 -9999 -9999 -9999 -9999 -9999 -9999 13.3800317249261 13.5220343493856 13.6453901645727 13.6532791992649 13.9301125984639 12.7747276085429 13.9544968875125 13.9258094886318 13.7852412341163 13.7873927890323 13.6998962224461 13.4495986672118 13.3542130659334 13.1297341696918 13.1031983257271 13.1247138748877 12.8780022445135 12.9425488919951 12.8148899669759 12.7438886547461 13.3915066844784 13.7041993322782 13.894970534835 14.2327646566555 13.5815607020631 13.6468245345168 13.0271767186932 13.2294228808023 13.0752281118184 13.1863917824812 13.255241539795 13.1476637939923 13.5858638118953 13.5026703551412 15.1417966086883 15.3049996579066 -9999 -9999 -9999 -9999 -9999
-9999 -9999 -9999 -9999 -9999 -9999 -9999 -9999 -9999 -9999 -9999 -9999 -9999 -9999 -9999 -9999 -9999 6.88018432352692 14.4037236243603 13.1789011838846 13.337717811577 13.0780968517065 13.7278664363548 13.7859584190883 13.5213171644136 13.6719260085374 14.0843073674478 13.9860530262813 14.1768242288381 14.1266212807968 14.1058229166083 14.1237525409088 13.8827783903107 12.936811412219 12.5882595158182 12.2497482090257 12.9934690250084 12.8442945508286 12.8091524871998 13.0393688632175 13.4861751007847 13.6468245345168 13.020004868973 14.7247535474598 14.5425885645673 14.3288674429059 13.6912900027819 13.4481642972678 13.3499099561013 13.3527786959894 13.2279885108583 13.6349909824785 13.634999695234 -9999 -9999 -9999 -9999 -9999 -9999 -9999 -9999 -9999
-9999 -9999 -9999 -9999 -9999 -9999 -9999 -9999 -9999 -9999 -9999 -9999 -9999 6.34148645487683 -9999 -9999 8.07499981950969 13.6274605402723 13.3398693664931 13.3649708405137 13.3334147017449 13.4101534937508 13.496215690393 13.8870815001428 13.8254035925493 14.3389080325142 14.4687185124494 14.1388134253211 14.2227240670472 14.1875820034184 14.3503829920664 14.2628864254802 13.7328867311589 12.0302896075882 12.8923459439538 12.8916287589818 12.5344706429169 12.8880428341217 13.4101534937508 13.8053224133328 14.2428052462637 14.1187322461046 13.7400585808791 14.1976225930266 13.6826837831177 13.7106539970264 13.5478530083783 13.6109652859159 13.5607623378746 14.0303391983034 14.8301797383465 14.0799996852875 -9999 -9999 -9999 -9999 -9999 -9999 -9999 -9999 -9999 -9999
-9999 -9999 -9999 -9999 -9999 -9999 -9999 -9999 -9999 -9999 -9999 -9999 -9999 13.8777580955066 12.619815654587 12.7826166432351 12.9884487302043 12.9260536376387 14.0211950899102 14.3245643330738 14.3482314371504 14.3396252174862 14.4091921597719 14.3044831538573 14.0398418991826 14.1165806911886 14.2306131017394 14.4658497725613 14.3840906857513 14.4593951078132 14.4550919979811 14.2908566393889 14.1266212807968 14.0391247142106 13.3800317249261 14.0369731592946 12.1235236539505 12.7689901287667 12.8787194294855 13.3929410544224 12.6520889783278 12.2748496830463 14.0807214425877 13.415890973527 13.4926297655329 13.0243079788052 13.7995849335566 13.3334147017449 13.6367839449085 13.2652821294032 13.7723319046199 13.7249976964667 13.8799996897578 -9999 -9999 -9999 -9999 -9999 -9999 19.4713808117634 19.3499995674938 -9999
-9999 -9999 -9999 -9999 -9999 -9999 -9999 -9999 -9999 -9999 17.1648551590648 14.5025949555394 15.009475981351 14.0563371535391 13.7795037543401 13.9380016331561 14.1926022982225 13.8074739682488 14.2198553271592 14.0792870726436 13.7945646387525 14.2643207954243 13.7536850953475 14.4221014892682 14.4486373332329 14.052751228679 14.493102801498 14.4730216222815 14.410626529716 14.3353221076541 14.5031433911063 13.8569597313181 13.5815607020631 13.2911007883959 13.7895443439484 13.3728598752059 12.538773752749 12.5545518221334 12.8356883311644 13.1914120772853 13.2911007883959 13.5528733031824 14.0513168587349 13.9623859222047 13.7716147196479 14.0427106390707 13.2373119154945 13.7888271589763 12.65997801302 13.694875927642 14.4500717031769 13.7398792846361 7.76657259967314 -9999 -9999 -9999 15.2164816437289 15.2188939931802 15.964766364079 15.2777031608857 16.3348338096403 17.7899996023625
-9999 -9999 -9999 -9999 -9999 -9999 -9999 18.2546207729011 13.8999908296391 13.773049089592 13.736472656019 14.2284615468234 13.6776634883136 14.0742667778395 13.7192602166906 14.3152409284376 13.4646595516242 14.4945371714421 14.2313302867115 14.3941312753595 14.5662556686439 13.9917905060574 14.0864589223638 14.3855250556953 14.2671895353124 14.3052003388293 14.3410595874302 14.293725379277 14.2255928069353 14.3102206336334 14.4988402812742 14.493102801498 14.1631977143697 14.1875820034184 13.816797372885 13.0788140366785 13.1584215685725 12.8658100999892 12.9561754064634 13.736472656019 13.9380016331561 14.5590838189237 14.610721136909 14.3977172002196 14.1811273386702 14.1416821652092 14.0362559743226 13.4596392568201 14.0900448472239 13.8003021185286 13.8239692226052 13.9157688990235 14.1151463212445 13.8274999793905 14.5246589402668 14.6150242467411 14.7125614029355 14.8667561719194 15.0051728715189 15.3236029990949 15.7101656990126 16.8446419885955
-9999 -9999 -9999 -9999 -9999 13.7988677485846 13.736472656019 13.7156742918305 13.6453901645727 13.6669057137333 13.9451734828763 14.2643207954243 14.2341990265995 14.1653492692858 14.571275963448 13.9817499164492 14.533265159931 14.3998687551357 14.4385967436247 14.5468916743994 14.09219640214 14.2026428878307 14.2291787317954 14.1940366681665 14.2076631826349 14.2392193214037 14.4228186742403 14.2614520555362 14.6207617265172 14.6049836571328 14.6013977322727 13.4352549677715 13.8476363266818 14.3819391308352 14.3926969054155 13.5442670835182 13.3542130659334 13.53422649391 13.1749168229289 13.3929410544224 14.0341044194065 14.4350108187646 13.8913846099749 14.7276222873479 14.612872691825 14.173238303978 14.1675008242019 14.0376903442666 14.2019257028587 14.1187322461046 14.0355387893505 13.9795983615331 14.3087862636894 14.5540635241196 14.4335764488205 14.4844965818338 14.6322366860695 14.5124667957425 14.5088808708824 15.0051728715189 15.2332376926206 15.1615191954188
-9999 -9999 -9999 -9999 -9999 13.7027649623342 13.6920071877539 13.8648487660103 14.0111545003019 14.254997390788 14.4149296395481 14.3647266915068 14.3683126163669 14.1796929687262 14.0197607199661 13.9903561361134 13.37788017001 14.2714926451445 14.5777306281962 14.5870540328324 14.3883937955834 14.3597063967027 14.49023406161 14.2585833156481 14.4099093447439 14.1782585987821 14.5777306281962 14.3052003388293 14.3001800440252 14.5537049316335 14.2614520555362 13.9050111244433 13.7938474537805 14.2621692405082 13.9573656274006 13.7163914768025 13.4854579158127 13.296838268172 13.4029816440307 13.8569597313181 13.9925076910295 13.9164860839956 14.6200445415452 14.6064180270769 14.7577440561727 14.6544694202021 14.7627643509768 14.4235358592123 14.2743613850325 14.3432111423463 13.3699911353178 13.1598559385166 14.569841593504 14.3883937955834 14.5526291541755 14.4887996916659 14.2212896971032 14.3647266915068 14.4895168766379 14.573427518364 14.6429944606498 15.0625476692803
-9999 -9999 -9999 -9999 -9999 13.4732657712884 13.7952818237245 13.8218176676892 13.8569597313181 14.1251869108528 14.4299905239604 14.3066347087733 14.214835032355 13.9853358413093 14.4776833245996 14.2908566393889 14.2227240670472 14.1251869108528 14.0699636680074 14.2826090122107 14.3152409284376 14.3539689169265 14.3102206336334 14.7448347266763 14.6888942988589 14.7276222873479 14.4264045991004 14.3102206336334 14.4095507522579 14.2636036104523 14.4149296395481 14.6451460155658 14.6322366860695 14.3604235816747 13.5442670835182 13.5471358234063 13.4316690429114 13.3814660948701 13.6382183148526 14.0111545003019 14.2320474716835 14.3432111423463 14.2621692405082 14.7584612411447 14.7785424203612 14.7914517498575 14.6587725300342 14.6437116456218 14.6810052641667 14.9571214783937 15.0747398138046 14.7003692584112 14.6071352120489 14.5963774374686 14.6845911890268 14.4292733389884 14.4601122927852 14.49023406161 14.3934140903875 14.5569322640076 14.8014923394658 14.9535355535336
-9999 -9999 -9999 -9999 -9999 13.7651600548998 13.653996384237 13.9193548238836 14.1696523791179 14.2980284891091 14.3460798822343 14.2198553271592 14.4651325875893 14.3575548417866 14.5160527206026 14.3511001770385 14.4859309517778 14.6343882409856 14.491668431554 14.531830789987 14.2722098301165 14.5275276801549 14.6853083739989 14.6623584548943 14.3159581134096 14.2564317607321 14.2779473098926 14.3231299631298 14.3216955931857 14.0900448472239 14.2474669485819 14.2847605671268 13.9401531880721 14.0046998355538 14.1639148993418 13.6066621760838 13.5041047250852 13.6626026039012 13.8906674250029 14.3252815180458 14.5052949460223 14.5504775992595 14.7900173799135 14.8373515880667 14.8179875938222 14.7735221255571 14.8301797383465 14.970747992862 15.0668507791124 14.6315195010975 14.7878658249974 14.8273109984584 14.849543732591 14.6831568190828 14.4995574662462 14.8352000331506 14.6386913508177 14.4579607378691 14.6587725300342 14.6394085357897 14.811532929074 14.9241309696808
-9999 -9999 -9999 -9999 -9999 14.1768242288381 14.2722098301165 14.5813165530562 14.3044831538573 14.3238471481018 14.4823450269178 14.3525345469825 14.6322366860695 14.6982177034952 14.7957548596896 14.7168645127676 14.572710333392 14.7333597671241 14.5949430675246 14.7835627151653 14.9807885824703 15.0367290102877 14.6272163912654 14.5160527206026 14.3496658070944 14.2463911711238 14.2377849514596 14.3575548417866 14.3697469863109 14.1452680900693 14.1302072056569 14.3374736625701 14.3353221076541 13.976012436673 13.9322641533799 13.9050111244433 13.973143696785 14.1000854368322 14.2420880612917 14.3130893735215 14.5813165530562 14.650883495342 14.7018036283553 14.7591784261167 14.9234137847088 14.6408429057337 14.5691244085319 14.133075945545 14.649449125398 14.5820337380283 14.6580553450622 14.7893001949415 14.6308023161255 14.8251594435424 14.7871486400254 14.7606127960607 14.6888942988589 14.5899227727205 14.7147129578516 14.6006805473007 14.9793542125262 14.9348887442611
