EcologicalScience/Bass/data/rs_data_bass/sst_464.asc
NCOLS 226 
NROWS 124 
XLLCORNER -9.41648524995501 
YLLCORNER 47.587301625531 
CELLSIZE 0.0833 
NODATA_value -9999 
[rows 54 to 80 of 124, columns 0 to 61 of 226]
-9999 -9999 -9999 -9999 -9999 -9999 -9999 -9999 -9999 -9999 -9999 -9999 -9999 -9999 -9999 -9999 -9999 -9999 -9999 -9999 -9999 -9999 -9999 -9999 -9999 -9999 -9999 -9999 -9999 -9999 -9999 -9999 -9999 -9999 -9999 -9999 -9999 -9999 7.69275489682332 7.69490645173937 8.21414837148041 8.78933071903884 10.230155327823 10.3176518944092 10.3284096689895 10.3334299637936 10.4524826691486 10.5163121316582 10.5715353745036 10.2724692411721 10.2997222701088 10.3133487845771 10.4202093454078 10.2387615474872 9.80629900936037 9.72453992255032 9.36379588162526 9.0704672280699 8.82098931280364 15.1399996615946 -9999 15.3252166652819
-9999 -9999 -9999 -9999 -9999 -9999 -9999 -9999 -9999 -9999 -9999 -9999 -9999 -9999 -9999 -9999 -9999 -9999 -9999 -9999 -9999 -9999 -9999 -9999 -9999 -9999 -9999 -9999 -9999 -9999 -9999 -9999 -9999 -9999 -9999 -9999 -9999 -9999 15.4899996537715 9.12813733729041 8.6960966726765 8.86463514110073 9.80056152958423 10.0594653044827 9.92176578985527 9.96121096331626 10.4424420795403 10.6203039526008 10.7128208139911 10.7336191781797 10.6963255596347 10.6353648370132 10.6088289930485 10.5048371721059 9.57034515356645 9.73242895724252 10.4555107834749 11.4409684705814 -9999 13.6649996945634 -9999 16.7249996261671
-9999 -9999 -9999 -9999 -9999 -9999 -9999 -9999 -9999 -9999 -9999 -9999 -9999 -9999 -9999 -9999 -9999 -9999 -9999 -9999 -9999 -9999 -9999 -9999 -9999 -9999 -9999 -9999 -9999 -9999 -9999 -9999 -9999 -9999 -9999 -9999 -9999 -9999 -9999 7.34252956882119 9.40969571983442 9.14935757499188 8.86965543590486 9.84287544293329 9.89809868577868 10.2774895359762 10.3427533684298 10.3025910099968 10.4194921604358 10.5385448657908 10.6038086982444 10.4216437153518 10.3664204725064 10.2638630215079 9.55546356539708 9.42977689905092 9.2856227196753 7.20845944480971 11.5949583295733 15.6999996490777 -9999 -9999
-9999 -9999 -9999 -9999 -9999 -9999 -9999 -9999 -9999 -9999 -9999 -9999 -9999 -9999 -9999 -9999 -9999 -9999 -9999 -9999 -9999 -9999 -9999 -9999 -9999 -9999 -9999 -9999 -9999 -9999 -9999 -9999 -9999 -9999 -9999 -9999 -9999 -9999 -9999 -9999 8.51366274541942 9.59472944261506 9.29853204917163 9.78263190528378 9.87730032159016 10.0343638304621 10.1369212814607 10.2595599116758 10.3147831545211 10.2896816805005 10.5292214611545 10.6317789121531 10.4596545188688 10.470412293449 10.3406018135138 9.62987150624394 9.39487389707938 9.35232092207298 9.26071684155613 8.78108309186064 9.09970306251746 -9999
-9999 -9999 -9999 -9999 -9999 -9999 -9999 -9999 -9999 -9999 -9999 -9999 -9999 -9999 -9999 -9999 -9999 -9999 -9999 -9999 -9999 -9999 -9999 -9999 -9999 -9999 -9999 -9999 -9999 -9999 -9999 -9999 -9999 -9999 -9999 -9999 -9999 -9999 -9999 -9999 8.01261939434335 8.66974012495484 9.60763877211139 9.54667804948986 9.69011504389346 9.79482404980808 10.0128482813016 10.1476790560409 10.2595599116758 10.2609942816198 10.3771782470867 10.4618060737848 10.1182744721882 10.2488021370955 10.2351756226271 10.0494247148745 9.68868067394942 9.43479719385505 9.39104891056195 7.6085573811084 9.28356081288075 16.0049996422604
-9999 -9999 -9999 -9999 -9999 -9999 -9999 -9999 -9999 -9999 -9999 -9999 -9999 -9999 -9999 -9999 -9999 -9999 -9999 -9999 -9999 -9999 -9999 -9999 -9999 -9999 -9999 -9999 -9999 -9999 -9999 -9999 -9999 -9999 -9999 -9999 -9999 -9999 -9999 7.42999983392656 7.77242479262793 8.77283546468243 9.42547378921881 9.5603045639582 9.5882747778669 9.02385020488873 9.83068329840899 9.99993895180523 10.1340525415726 10.3162175244652 10.5564744900912 10.8074892302975 9.6800744542852 9.88160343142226 9.96766562806442 9.69083222886547 9.5366374598816 9.57034515356645 8.96916485077236 9.61866549105616 -9999 -9999
-9999 -9999 -9999 -9999 -9999 -9999 -9999 -9999 -9999 -9999 -9999 -9999 -9999 -9999 -9999 -9999 -9999 -9999 -9999 -9999 -9999 -9999 -9999 -9999 -9999 -9999 -9999 -9999 -9999 -9999 -9999 -9999 -9999 -9999 -9999 -9999 -9999 -9999 -9999 11.0243659658358 7.56509597180411 8.38806572719477 8.93922237819061 9.273430575151 9.21103548258543 9.2375713265501 9.53878901479766 9.82781455852091 10.1985991890542 10.5708181895316 10.7307504382916 10.7300332533196 10.0759605588391 9.80199589952826 9.69083222886547 9.55026397434995 9.39463483542204 14.649999672547 11.1184337397281 8.20810352671625 8.29343715449795 8.55024732882157
-9999 -9999 -9999 -9999 -9999 -9999 -9999 -9999 -9999 -9999 -9999 -9999 -9999 -9999 -9999 -9999 -9999 -9999 -9999 -9999 -9999 -9999 -9999 -9999 -9999 -9999 -9999 -9999 -9999 -9999 -9999 -9999 -9999 -9999 -9999 -9999 -9999 -9999 -9999 8.16466260841116 9.03675953438506 9.01667835516855 8.96145511232316 9.25263221096247 9.46922207251191 9.66357919992879 9.90885646035895 10.1154057323001 10.6324960971251 10.5973540334962 10.6167180277407 10.2875301255845 9.85435040248558 9.74103517690673 9.56675922870636 9.37025054637343 8.46967113151082 7.54142886772752 8.40707112895325 6.98991362424567 6.34253465617076 8.16824853327125
-9999 -9999 -9999 -9999 -9999 -9999 -9999 -9999 -9999 -9999 -9999 -9999 -9999 -9999 -9999 -9999 -9999 -9999 -9999 -9999 -9999 -9999 -9999 -9999 -9999 -9999 -9999 -9999 -9999 -9999 -9999 -9999 -9999 -9999 -9999 -9999 -9999 -9999 7.85985899530351 8.0305490186438 9.08050781767815 8.9069490544498 9.16872156923637 9.51727346563712 9.32793663302436 10.1046479577199 10.3757438771427 10.6367992069572 10.6124149179086 10.7214270336553 10.706366149243 10.2961363452487 9.43981748865917 9.39391765045002 9.62628558138385 9.57895137323067 9.35088655212894 9.32291633822024 8.47735525621101 8.13310646964237 7.86272773519158 7.95739615149796
-9999 -9999 -9999 -9999 -9999 -9999 -9999 -9999 -9999 -9999 -9999 -9999 -9999 -9999 -9999 -9999 -9999 -9999 -9999 -9999 -9999 -9999 -9999 -9999 -9999 -9999 -9999 -9999 -9999 -9999 -9999 -9999 -9999 -9999 -9999 -9999 -9999 -9999 7.49050873471424 7.93014312256128 8.87754447059706 9.1579637946561 9.38459424581379 9.78836938505992 9.63345743110403 10.5385448657908 10.6977599295788 10.6253242474049 10.6963255596347 10.7257301434875 10.6783959353343 10.7034974093549 9.80486463941634 9.55600145412609 9.5165562806651 9.48571732686833 9.39176609553397 8.516800429672 8.41280860872939 8.03915523830801 8.21271400153637 8.19980467204005
-9999 -9999 -9999 -9999 -9999 -9999 -9999 -9999 -9999 -9999 -9999 -9999 -9999 -9999 -9999 -9999 -9999 -9999 -9999 -9999 -9999 -9999 -9999 -9999 -9999 -9999 -9999 -9999 -9999 -9999 -9999 -9999 -9999 -9999 -9999 -9999 -9999 7.96743674110621 7.81395915709436 7.87205113982782 8.27224035421386 8.91842401400208 9.43910030368716 9.83570359321311 10.4804528830573 10.7214270336553 10.7501144325361 10.7558519123122 10.7694784267806 10.8584093633108 10.7171239238232 10.3190862643532 10.388653206639 10.2853785706684 9.86080506723374 8.80636386212427 8.40205083414912 8.52755820425227 8.73912777099758 8.78431042423472 8.08935818634927 8.0864894464612
-9999 -9999 -9999 -9999 -9999 -9999 -9999 -9999 -9999 -9999 -9999 -9999 -9999 -9999 -9999 -9999 -9999 -9999 -9999 -9999 -9999 -9999 -9999 -9999 -9999 -9999 -9999 -9999 -9999 -9999 -9999 -9999 -9999 -9999 -9999 -9999 -9999 7.70925015117973 7.91436505317688 8.19048126740381 8.69466230273247 8.79363382887095 9.61767936171964 10.2394787324592 10.5406964207068 10.6446882416494 10.7415082128718 10.8849452072755 10.8591265482828 10.8698843228631 10.629627357237 10.2810754608363 10.1319009866565 10.0056764315814 10.4926450275816 10.4912106576376 9.30355234397575 8.72980436636135 8.9390789411962 8.91412090416998 8.27152316924185 8.66956082871184
-9999 -9999 -9999 -9999 -9999 -9999 -9999 -9999 -9999 -9999 -9999 -9999 -9999 -9999 -9999 -9999 -9999 -9999 -9999 -9999 -9999 -9999 -9999 -9999 -9999 -9999 -9999 -9999 -9999 -9999 -9999 -9999 -9999 -9999 -9999 5.54980620043352 8.12091432511806 7.71929074078798 8.27869501896203 8.64087342983112 9.06186100840569 9.4527268181555 9.66142764501274 10.0816980386153 10.4331186749041 10.7666096868925 10.8031861204654 10.8648640280589 10.8842280223034 10.8584093633108 10.7902767909691 10.7515488024801 10.6224555075169 10.347773663234 9.76255072606727 9.99491865700111 9.36833805311471 8.71044037211686 8.55122530832887 8.68749045301229 8.5246894643642 8.78215886931866
-9999 -9999 -9999 -9999 -9999 -9999 -9999 -9999 -9999 -9999 -9999 -9999 -9999 -9999 -9999 -9999 -9999 -9999 -9999 -9999 -9999 -9999 -9999 -9999 -9999 -9999 -9999 -9999 -9999 -9999 -9999 18.3532313825563 -9999 -9999 -9999 11.4316792176105 7.81754508195445 8.28084657387808 8.47663807123899 8.90408031456172 8.77929012943059 9.81060211919248 9.78908657003194 10.7135379989631 10.8340250742622 10.8892483171076 10.6009399583563 10.7142551839352 10.8957029818557 10.8569749933667 10.6719412705861 10.7393566579558 10.5665150796995 10.3814813569188 10.427381195128 9.52265235292725 9.40144809265621 8.95715200249106 8.84957425668836 8.93276771344244 8.59999388642609 8.37671029847115
-9999 -9999 -9999 -9999 -9999 -9999 -9999 -9999 -9999 -9999 -9999 -9999 -9999 -9999 -9999 -9999 -9999 -9999 -9999 -9999 -9999 -9999 -9999 -9999 -9999 -9999 -9999 -9999 -9999 11.7697920883074 7.68988615693524 7.81037323223427 7.20937222568318 5.67531357053667 10.0264747957699 7.6124301799573 8.73123873630539 9.13214513566345 8.71474348194897 9.37383647123352 9.6241340264678 10.0530106397346 10.3355815187097 10.5607775999233 10.8318735193461 10.8870967621915 10.9588152593933 10.9932401380502 10.8060548603535 10.7307504382916 10.3915219465271 10.6073946231045 10.1727805300616 10.0673543391749 10.0228888709098 9.50257117371075 9.16549423686229 9.02313301991671 8.97508162679151 9.03891108930111 8.70781069388613 8.39508389442095
-9999 -9999 -9999 -9999 -9999 -9999 -9999 -9999 -9999 -9999 -9999 -9999 -9999 -9999 -9999 -9999 -9999 -9999 -9999 -9999 -9999 -9999 10.6110602351837 7.17996764183044 6.76902065286413 6.80846582632512 6.39034698763862 6.41114535182714 7.1584520926699 8.03198338858783 8.52397227939218 8.1503189089708 8.19980467204005 8.36834314046428 8.34611040633172 7.5686818966642 8.59067048178986 8.84670551680028 8.92200993886217 9.64206365076825 10.0250404258259 10.1785180098377 9.96336251823232 10.4008453511633 10.3994109812193 10.4797356980853 10.4962309524417 10.5026856171899 10.309762859717 10.1648914953694 10.3406018135138 9.8830378013663 10.0903042582795 9.54524367954582 9.74390391679481 9.67075104964897 9.12772249500267 9.08875544485636 9.27235479769297 13.9349996885285 -9999 -9999
-9999 -9999 -9999 -9999 -9999 -9999 -9999 -9999 -9999 -9999 -9999 -9999 -9999 -9999 -9999 -9999 -9999 -9999 -9999 -9999 -9999 14.7114768793193 7.70853296620771 7.80104982759804 6.79842523671687 6.85364847956225 6.88377024838701 5.99948117788881 7.52636798331514 8.35113070113584 8.37981810001656 9.27845086995512 8.37910091504455 8.38985868962482 8.51751761464402 9.15437786979601 8.09222692623734 8.1302377297543 8.59855951648206 9.13931698538363 9.61481062183157 10.4022797211073 10.2667317613959 10.071657449007 10.1053651426919 10.4187749754637 10.1240119519643 10.0035248766653 9.6521042403765 9.49073762167245 9.58468885300681 9.61122469697148 9.66501356987283 9.96802422055043 9.56197799555957 8.98157403811714 15.9299996439368 -9999 -9999 -9999 -9999 -9999
-9999 -9999 -9999 -9999 -9999 -9999 -9999 -9999 -9999 -9999 -9999 -9999 -9999 -9999 -9999 -9999 -9999 6.88018432352692 15.7212820660789 11.1652962280038 7.9272743826732 9.5603045639582 7.8713339548558 7.77092805877328 7.56294441688806 7.91866816300899 6.42477186629549 6.62558365846053 6.72383799962699 8.596407961566 9.05253760376945 9.16011534957215 8.71761222183704 9.42188786435872 9.09341714717448 8.67386393854395 8.92989897355437 8.94567704293877 9.56317330384627 9.67146823462099 9.8909268360585 10.1067995126359 10.3219550042413 9.96049377834424 9.92893763957545 9.97770621767268 9.82781455852091 9.47711110720411 9.29566330928355 9.06831567315385 9.2497634710744 9.15652942471206 14.4499996770173 -9999 -9999 -9999 -9999 -9999 -9999 -9999 -9999 -9999
-9999 -9999 -9999 -9999 -9999 -9999 -9999 -9999 -9999 -9999 -9999 -9999 -9999 -9999 -9999 -9999 -9999 7.13478498859331 7.15486616780981 8.58995329681784 8.37981810001656 8.29877619817853 8.11230810545385 7.93731497228146 7.64326913375407 8.30236212303862 6.97270118491724 6.67722097644582 7.93301186244935 5.49099703272805 9.64278083574027 9.68222600920126 9.71019622310996 9.10991240153089 8.46803185157478 9.05468915868551 9.27845086995512 9.63847772590816 9.58397166803479 10.3563798828982 10.4940793975256 10.0164342061616 10.2029022988863 10.0114139113575 9.80629900936037 10.7357707330957 9.5445264945738 9.1859340085648 9.16513564437628 9.19238867331296 8.51178013486788 15.8899996448308 -9999 -9999 -9999 -9999 -9999 -9999 -9999 -9999 -9999 -9999
-9999 -9999 -9999 -9999 -9999 -9999 -9999 -9999 -9999 -9999 -9999 -9999 -9999 7.2896969425492 9.56532485876232 9.37527084117755 9.27450635260902 9.06544693326578 9.49504073150456 9.47782829217613 8.32316048722714 8.50532547011971 7.93946652719751 8.46946622151881 8.85459455149248 8.61003447603434 7.21295815054327 7.52349924342707 6.6004821844399 7.29256568243727 7.69562363671139 10.1125369924121 10.1197088421322 9.78966031800956 10.1775617632084 7.96169926133007 8.75920895021409 8.78215886931866 8.98440503142774 9.12353891599923 9.60620440216735 9.93826104421169 10.11181980744 10.0329294605181 10.1168401022442 10.0946073681116 9.94758444884792 9.0224158349447 8.9707785169594 9.29781486419961 8.91483808914199 8.51895198458806 14.5399996750057 -9999 -9999 -9999 -9999 -9999 -9999 24.0560472183861 -9999 -9999
-9999 -9999 -9999 -9999 -9999 -9999 -9999 -9999 -9999 -9999 -9999 9.34289506244074 7.56509597180411 7.43026519706473 7.2100894106552 9.01070181373507 9.87012847186998 9.86223943717778 9.68652911903337 9.46563614765182 9.34228033246472 8.50173954525962 8.72621844150126 8.79506819881499 8.51106294989586 8.29662464326248 8.89188817003742 7.55720693711191 8.12880335981026 5.86895351298153 7.39799187332392 9.86415193043649 10.18999296939 10.1496871739626 10.1955870121717 10.0918820652179 7.95596178155392 8.12736898986623 8.55983152799308 9.01954709505662 8.8632007711567 9.14146854029968 9.31072419369593 9.37813958106562 9.32865381799638 9.35805840184912 9.22824792191386 9.10776084661484 8.76422924501821 9.26841028034687 9.34730062726885 8.95715200249106 9.48300796141848 -9999 -9999 -9999 8.90838342439383 8.32459485717118 8.88758506020531 9.77492216683459 9.00855025881901 17.7899996023625
-9999 -9999 -9999 -9999 -9999 -9999 -9999 20.0268557755907 10.4942843075176 9.42375254528597 9.34084596252069 9.37168491631746 8.82662433758378 9.27916805492714 9.91746268002316 9.88662372622639 9.85004729265347 9.30104219657369 9.01739554014057 9.3092898237519 8.73841058602557 9.24546036124229 9.33223974285647 9.42045349441469 9.57895137323067 9.36809899145737 9.05970945348963 7.24021117947996 8.88399913534522 7.5765709313564 7.55864130705595 10.1079948209226 10.2014679289423 10.1799523797818 10.1426587612368 10.029164239415 10.3298440389335 9.01954709505662 9.13716543046758 9.12067017611116 9.54094056971371 9.53089998010546 9.18880274845287 9.31215856363997 9.23255103174597 8.65234838938341 8.74486525077373 8.80869471328333 8.87611010065302 8.88758506020531 8.44293037755415 8.51178013486788 8.48309273598716 10.8249823072237 8.46516311168671 8.68533889809623 8.41834117851353 8.93133334349841 9.034607979469 8.94782859785482 9.00448621064425 8.86535232607275
-9999 -9999 -9999 -9999 -9999 9.23882640025113 8.91985838394612 9.18951993342489 9.57464826339856 9.43408000888303 9.36020995676517 9.40539261000231 9.72525710752234 8.98204856651968 10.0401013102382 9.97268592286855 9.90670490544289 9.79482404980808 8.72478407155722 8.53473005397245 9.16298408946022 9.68150882422924 9.54596086451784 9.10991240153089 7.83475752128288 9.80558182438836 7.21510970545933 7.30690938187763 8.85100862663239 7.4331339369528 6.54023864679039 10.3549455129541 10.2575876530027 9.97627184772864 10.0623340443708 9.83104189089499 9.41471601463854 9.5681935986504 9.52659687027335 10.6898708948866 8.61362040089443 9.11062958650291 8.87969602551311 9.15652942471206 9.10274055181071 8.75920895021409 9.02169864997268 8.90623186947778 8.88901943014935 8.56341745285317 8.50747702503577 8.42141482839361 8.31168552767485 8.27869501896203 8.43217260297388 8.42978198640049 9.02999750464889 8.81514937803149 8.96145511232316 9.12497328594327 9.02456738986075 8.99229406611994
-9999 -9999 -9999 -9999 -9999 9.46181116113439 9.85004729265347 9.82638018857688 9.07979063270614 9.59257788769901 9.58540603797883 9.61911373166367 9.69656970864162 9.95260474365205 10.1670430502854 9.94112978409976 9.42188786435872 10.029343535658 9.91531112510711 10.2817926458083 10.2918332354166 9.94471570895985 9.53986479225568 9.19525741320103 8.70470289234072 9.90240179561079 6.86870936397463 9.98200932750478 10.3618304886855 10.1605883855373 6.06904812017456 5.60646381322294 9.41471601463854 10.7357707330957 10.2201147382148 10.0852839634754 9.29494612431154 9.59042633278295 10.1577196456492 9.59831536747515 9.37527084117755 9.0984374419786 8.46803185157478 8.90551468450576 10.8146610800177 8.8832819503732 9.11923580616713 9.19956052303314 9.01380961528048 9.11995299113914 9.20027770800516 8.80582597339526 8.43073823302984 8.5046082851477 8.63657031999901 9.35805840184912 8.63513595005497 9.50508132111281 9.05755789857358 8.65258745104074 8.52999663315713 8.58744314941578
-9999 -9999 -9999 -9999 -9999 9.58268073508516 9.5961638125591 9.59006774029694 9.64242224325426 9.60214035399258 9.99133273214102 9.95905940840021 10.0271919807419 10.0852839634754 10.0530106397346 9.91817986499518 10.1261635068804 10.2724692411721 10.2724692411721 10.3829157268628 10.2753379810601 9.33439129777253 9.75466169137508 9.09987181192264 8.82518996763974 9.91148613858968 10.0031662841793 9.5843302605208 10.6647694208659 7.34850611025468 6.0547044207342 5.69969785958529 7.99971006484702 9.96372111071832 10.3728751372546 10.3723970139399 9.68222600920126 9.61337625188753 10.348849440692 9.28777427459136 9.75251013645902 10.0723746339791 9.98989836219698 7.082430485636 7.54716634750366 7.85053559066728 8.9428083030507 9.22609636699781 9.25119784101844 9.19669178314507 9.16728719929233 8.24068421544507 8.5885189268738 8.68247015820816 9.01309243030846 9.14601071178913 8.58995329681784 9.58253729809076 10.1426587612368 9.99993895180523 9.20027770800516 9.50508132111281
-9999 -9999 -9999 -9999 -9999 9.93969541415572 9.253797636542 9.78980375500396 9.38853876315989 9.46276740776375 9.35483106947504 10.1541337207891 10.2488021370955 9.82638018857688 9.84933010768145 10.1362040964887 10.0938901831396 10.4352702298202 10.4359874147922 10.150547795929 10.3327127788216 10.1010620328598 9.32004759833217 10.4811700680293 9.84359262790531 10.4847559928894 8.51249731983989 7.58015685621649 10.4747154032812 10.347773663234 9.78048035036772 5.62152469763532 10.4503311142325 10.0967589230277 10.1931007709354 10.7135379989631 9.472807997372 9.18521682359278 10.6996425401303 9.28490553470328 9.67864008434117 9.90168461063877 10.3757438771427 8.00975065445527 8.00473035965115 8.60644855117425 8.13454083958641 8.69107637787238 8.58995329681784 8.74271369585767 8.46014281688258 8.30379649298266 8.51464887475595 9.47711110720411 9.93969541415572 9.41471601463854 10.0401013102382 10.1541337207891 10.0214545009658 9.3372600376606 9.47448142897338 9.45200963318348
-9999 -9999 -9999 -9999 -9999 9.60477003222331 9.59974973741919 10.0451216050424 9.09592729457654 9.19884333806112 9.22872604522854 9.03747671935707 10.1849726745859 10.0494247148745 10.3413189984858 10.4216437153518 10.1548509057611 9.95565277978312 10.2355342151131 10.1017792178318 9.84287544293329 10.2143772584386 10.4861903628334 10.8003173805773 10.8153782649897 10.7615893920884 10.8146610800177 10.6547288312577 8.85961484629661 8.65091401943937 8.83307900233194 9.16800438426435 10.2602770966478 10.8469344037585 8.81586656300351 5.63515121210366 10.4374217847362 9.393200465478 10.0903042582795 10.5149802167102 9.68294319417328 8.96719259209931 9.31287574861199 9.33223974285647 9.65569016523659 7.48405406996608 8.61146884597838 8.73482466116548 10.3025910099968 9.28060242487118 8.64661090960726 8.81228063814342 9.24904628610238 9.911008015275 9.79984434461221 9.51225317083299 9.24725332367234 9.77366709313355 9.42178540936272 9.64517145231366 9.8392895180732 8.1861781575717
