EcologicalScience/Bass/data/rs_data_bass/sst_240.asc
NCOLS 226 
NROWS 124 
XLLCORNER -9.41648524995501 
YLLCORNER 47.587301625531 
CELLSIZE 0.0833 
NODATA_value -9999 
[rows 81 to 107 of 124, columns 62 to 123 of 226]
16.099894508197 -9999 -9999 -9999 -9999 -9999 -9999 -9999 -9999 -9999 -9999 -9999 -9999 -9999 -9999 -9999 -9999 -9999 -9999 -9999 -9999 -9999 -9999 -9999 -9999 -9999 -9999 -9999 -9999 -9999 -9999 -9999 -9999 -9999 -9999 -9999 -9999 -9999 -9999 -9999 -9999 -9999 -9999 -9999 -9999 -9999 -9999 -9999 -9999 -9999 -9999 -9999 -9999 -9999 -9999 -9999 -9999 -9999 -9999 -9999 -9999 -9999
14.9442541467815 -9999 -9999 -9999 -9999 -9999 -9999 -9999 -9999 -9999 -9999 -9999 -9999 -9999 -9999 -9999 -9999 -9999 -9999 -9999 -9999 -9999 -9999 -9999 -9999 -9999 -9999 -9999 -9999 -9999 -9999 -9999 -9999 -9999 -9999 -9999 -9999 -9999 -9999 -9999 -9999 -9999 -9999 -9999 -9999 -9999 -9999 -9999 -9999 -9999 -9999 -9999 -9999 -9999 -9999 -9999 -9999 -9999 -9999 -9999 -9999 -9999
-9999 -9999 -9999 -9999 -9999 -9999 -9999 -9999 -9999 -9999 -9999 -9999 -9999 -9999 -9999 -9999 -9999 -9999 -9999 -9999 -9999 -9999 -9999 -9999 -9999 -9999 -9999 -9999 -9999 -9999 -9999 -9999 -9999 -9999 -9999 -9999 -9999 -9999 -9999 -9999 -9999 -9999 -9999 -9999 -9999 -9999 -9999 -9999 -9999 -9999 -9999 -9999 -9999 -9999 -9999 -9999 -9999 -9999 -9999 -9999 15.5860576564643 -9999
-9999 -9999 -9999 -9999 -9999 -9999 -9999 -9999 -9999 -9999 -9999 -9999 -9999 -9999 -9999 -9999 -9999 -9999 -9999 -9999 -9999 -9999 -9999 -9999 -9999 -9999 -9999 -9999 -9999 -9999 -9999 -9999 -9999 11.3199997469783 11.209999749437 11.1449997508898 -9999 -9999 -9999 -9999 -9999 -9999 -9999 -9999 -9999 -9999 -9999 -9999 -9999 -9999 -9999 -9999 -9999 -9999 -9999 -9999 17.2699996139854 6.45991392992437 6.69084749091417 7.23160495981574 7.70518610300496 6.92847477830946
-9999 -9999 -9999 -9999 -9999 -9999 -9999 -9999 -9999 -9999 -9999 -9999 -9999 -9999 -9999 -9999 -9999 -9999 -9999 -9999 -9999 -9999 -9999 -9999 -9999 -9999 -9999 -9999 -9999 -9999 -9999 -9999 -9999 16.0415429026624 11.7239491695405 9.90269710706985 9.46735739158466 9.23705905157008 8.34969633119181 10.2054841647856 18.0934161850892 -9999 12.8848011580482 13.2358201707527 9.85076447762549 7.76268043159507 6.48214666405693 7.40492466138676 5.51753287669271 8.79984943196177 9.94077119161375 12.5861653356999 16.0395558841097 -9999 11.7199534246964 5.9313486055471 6.03820916637778 6.73674732912332 6.7561113233678 6.63992735790089 6.88687804993242 6.94616534095258
-9999 -9999 -9999 -9999 -9999 -9999 -9999 -9999 -9999 -9999 -9999 -9999 14.4939947720712 12.9314325249288 8.94495985796675 6.38030639803037 6.76758628292009 6.17303994111717 6.15654468676075 -9999 -9999 -9999 -9999 -9999 -9999 11.894999734126 10.8940083508732 10.3366898954846 6.05159661918879 6.06211533211172 7.63968320889398 9.30498671391979 5.9710089344997 5.93820170639083 17.3699996117502 12.7886971245196 12.0267036827281 11.0166681804694 7.5899583841674 6.49469740106724 7.0150150982663 6.73029266437516 6.77475813264027 7.55911943037063 7.40014342823997 6.88161869347095 7.24523147428408 6.5925931497477 6.31504256557673 6.24260688340291 6.41257972177118 6.00737021258101 5.82233648980036 4.88856165623292 5.6286965473555 5.3339335238561 5.97796562872827 6.76041443319991 6.73889888403937 7.20076600601897 8.48452710593119 7.48261970002204
-9999 -9999 -9999 -9999 -9999 -9999 -9999 -9999 -9999 15.3267092174505 8.54174252925441 6.61482588388026 8.05636767763644 7.51345865381882 7.40157779818401 8.06138797244057 7.48692280985415 6.99206517916173 7.55505538219586 6.10992766357958 10.894686969812 15.3023343496788 7.64972379850224 6.7162358389236 6.99995421385393 8.4580464300413 -9999 7.30260627204552 6.28850672161207 7.60238959034905 6.99780265893787 6.42907497612759 5.47966551017016 7.78025146340951 12.9447004469112 15.5549996523187 14.7646476064789 5.82291023777798 6.2698599123396 6.4412671206519 6.44628741545603 6.60478529427201 6.53880427684635 6.6083712191321 6.96050904039294 7.5249336133711 6.97987303463742 6.17232275614515 6.78408153727651 6.34444714942947 6.39465009747073 6.49218725366518 5.26508376654238 4.96171452337876 5.38987395167351 5.96362192928791 4.71500289300457 6.50151065830141 7.20076600601897 7.65044098347425 7.55146945733577 7.64757224358618
-9999 -9999 -9999 -9999 -9999 -9999 -9999 -9999 13.1365744590549 7.40946683287621 7.6920377118513 8.00544754462317 7.67554245749488 7.59593492560089 7.79746390273795 8.21916866628453 7.6640674979426 7.53353983303532 7.17996764183044 7.98249762551859 7.11004210705869 5.99995930120349 7.28109072288498 7.54931790241972 7.58230841113254 7.3255561911501 6.90026550274342 7.04083375725895 7.17781608691439 6.89022491313517 7.1900082314387 6.29998168116435 6.89022491313517 6.75646991585381 6.83189386874437 6.67757956893183 6.28492079675198 6.65283668739721 6.26770835742354 6.80201116157696 6.95979185542092 6.22898036893457 6.49003569874913 6.6126743289642 7.28252509282902 6.93827630626038 6.90026550274342 6.8357188552618 6.81061738124117 6.88950772816315 6.56892604567111 5.74488051282242 5.71260718908161 5.96935940906405 5.92847986565903 5.62511062249541 7.31981871137396 7.42739645717666 8.04345834814012 7.79602953279391 8.59425640664995 8.61003447603434
-9999 -9999 -9999 -9999 -9999 -9999 -9999 -9999 9.29873695916363 9.76685383589938 9.63058869121596 9.06975004309788 8.0943784811534 8.34037292655557 8.44364756252617 7.91077912831679 7.78455457324162 7.94520400697365 7.08816796541214 7.36858728947118 8.04776145797223 8.03198338858783 7.8713339548558 7.26316109858453 7.84838403575122 8.11517684534192 8.17542038299143 7.1821191967465 7.31336404662579 7.24953458411619 7.20793785573915 7.22515029506758 6.76651050546207 6.7919705719687 6.2777489470318 5.74774925271049 6.01741080218926 6.87014373391867 6.47999510914087 7.44532608147711 7.05159153183922 6.89739676285535 6.56390575086698 6.40684224199504 7.02146976301447 6.8873561732471 7.02075257804245 6.87516402872279 7.2538376939483 7.29328286740929 6.53091524215415 5.78934598108754 5.92847986565903 5.53259376110509 6.83069856045768 6.47569199930876 6.76471754303202 7.54501479258761 7.4847712549381 8.01261939434335 8.42858667811379 8.40850549889728
11.5947747617652 9.40499978978187 -9999 -9999 -9999 -9999 -9999 -9999 15.2143347458581 9.49862665636465 9.90598772047088 10.149830610957 10.2057710387744 9.64493239065632 8.99229406611994 8.72550125652924 8.33391826180741 8.2019562269561 8.48022399609908 8.07573167188093 7.67410808755085 8.6480452795513 7.20076600601897 7.1304818787612 7.75012969458476 8.14386424422264 8.29590745829046 8.19119845237583 7.88496046932414 7.48118533007801 7.55075227236375 7.78742331312969 7.57298500649631 7.15988646261394 6.75539413839579 6.92464979179204 7.88496046932414 7.26531265350059 6.17088838620111 6.52517776237801 6.44341867556795 6.90815453743562 7.84264655597508 8.34897914621979 6.63275550818071 7.40014342823997 7.09031952032819 7.34205144550651 7.09175389027223 7.39440594846383 7.67123934766278 6.74463636381552 5.99732962297276 6.97341836988926 7.32914211601019 6.76973783783615 6.80129397660494 6.90241705765948 7.67769401241094 7.36858728947118 8.14816735405475 8.26506850449368
8.98512221639976 8.75490584038198 9.73529769713059 9.15050507094711 14.8500143852289 -9999 16.1899624452926 4.76664021098986 7.20148319099098 9.19597459817305 8.56628619274125 9.06329537834972 8.67673267843202 9.36809899145737 9.60477003222331 8.94424267299473 8.67816704837605 8.75634021032602 8.39057587459683 8.46731466660276 7.89213231904432 8.82232122775167 8.11087373550981 7.87563706468791 8.67458112351596 8.75418865540996 8.85602892143652 9.10274055181071 8.47233496140689 8.49241614062339 8.40635394398123 8.21199681656435 8.32244330225512 7.81826226692647 7.68630023207515 7.95165867172182 7.67984556732699 8.60071107139811 8.81730093294755 8.19550156220794 7.71498763095587 7.43600267684087 8.14027831936255 8.82375559769571 8.6121860309504 8.40850549889728 8.00616472959518 7.42596208723262 7.91221349826083 7.67195653263479 7.5966521105729 6.71666614990681 6.64925076253712 6.40110476221889 7.25814080378041 8.37623217515647 8.3055894554127 7.40874964790419 6.60621966421604 8.7477339906618 7.62103639962152 8.18402660265565
9.77115694573149 9.89666431583464 9.70732748322189 7.18785667652264 9.36738180648535 8.10011596092954 7.15128024294972 8.15605638874695 5.70902126422152 7.77092805877328 8.40420238906518 9.24330880632624 9.77402568561956 9.16943875420839 9.34156314749271 8.62652973039076 8.57489241240546 8.00186161976308 8.8115634531714 8.58780174190179 8.47950681112707 8.28012938890606 8.13310646964237 8.16322823846713 8.75992613518611 9.01882991008461 9.78478346019983 8.65521712927148 7.72502822056413 7.68343149218708 7.99612413998693 8.60357981128618 8.55481123318896 8.53759879386052 8.58493300201371 9.67864008434117 9.18951993342489 8.8474227017723 8.86391795612872 8.38985868962482 8.22132022120059 8.19980467204005 8.15677357371897 8.4888302157633 8.61792351072654 8.44149600761011 8.21271400153637 7.96815392607823 8.10155033087358 8.07214574702084 7.23232214478776 7.16418957244605 7.23447369970381 8.13203069218434 6.69084749091417 7.53497420297936 7.53856012783945 7.36858728947118 7.40588090801612 6.843607889954 6.78264716733247 6.84002196509391
9.8471785527654 9.81060211919248 9.3494521821849 8.80941189825535 8.98727377131581 8.68247015820816 8.48452710593119 8.08864100137725 7.87850580457598 8.0506301978603 9.3888973556459 9.28131960984319 9.60118410736322 9.34228033246472 9.28490553470328 8.89188817003742 8.46946622151881 8.73841058602557 8.70613726228476 9.06472974829376 8.76136050513014 9.08337655756623 8.49958799034357 8.34826196124777 8.64876246452332 8.84885707171634 8.4888302157633 8.27152316924185 8.01405376428738 7.9430524520576 8.21343118650839 8.17326882807538 8.44723348738626 9.21533859241754 8.9069490544498 9.01380961528048 9.40324105508626 9.21318703750148 8.94782859785482 8.54692219849676 8.36762595549226 8.67529830848798 8.30738241784275 8.39559616940096 8.04202397819608 8.05206456780434 8.11876277020201 7.70781578123569 7.9229712728411 7.4173558675684 6.7919705719687 7.42094179242849 7.26100954366848 6.91460920218378 6.95262000570074 6.65140231745318 6.77475813264027 6.68224127124995 6.61697743879631 6.08697774447501 6.9669637051411 7.45106356125325
8.95643481751904 9.00161747075617 9.11780143622309 9.39965513022617 9.49504073150456 9.74390391679481 9.54882960440591 9.47424236731604 9.28777427459136 9.33439129777253 9.20099489297718 9.59974973741919 9.28992582950741 8.95141452271491 8.69394511776045 8.09222692623734 7.89069794910029 8.33104952191934 8.65019683446735 8.81514937803149 8.67960141832009 8.59855951648206 8.36619158554822 8.23494673566893 7.97819451568648 8.30092775309458 8.10800499562174 8.19693593215197 8.25502791488543 8.35758536588401 8.06927700713277 7.75299843447283 8.46157718682662 9.48786888178438 9.39893794525415 8.50747702503577 8.88901943014935 8.77068390976638 9.00592058058828 8.54190190369263 8.66382334893569 8.61792351072654 8.37192906532437 8.21199681656435 8.67027801368386 8.47663807123899 8.25861383974552 6.89596239291131 7.10968351457268 7.27750479802489 6.54669331153855 8.06174656492658 7.23160495981574 7.24523147428408 7.29256568243727 7.26961576333269 6.87874995358288 6.55386516125873 6.31504256557673 6.14578691218048 5.8797112875618 6.25766776781529
9.67290260456502 9.74605547171086 9.28920864453539 9.41184727475047 9.28705708961934 9.82853174349293 9.38674580072984 9.13071076571941 9.10274055181071 9.22537918202579 9.35949277179316 9.54811241943389 9.2375713265501 8.86822106596082 9.37670521112159 8.78287605429068 9.02385020488873 8.72191533166915 8.13669239450246 8.12880335981026 8.19908748706803 8.45440533710644 8.53544723894447 8.24498732527718 8.38268683990464 7.91077912831679 8.10441907076165 8.18761252751574 8.47663807123899 8.53401286900043 8.33176670689136 8.17470319801942 9.65353861032054 9.47424236731604 9.63632617099211 6.64494765270501 7.59450055565685 8.40563675900921 8.57847833726555 8.22920925589278 8.4328897879459 8.10370188578963 7.83762626117095 8.36332284566015 8.06855982216075 8.33463544677943 8.67960141832009 8.0825449291151 7.06521804630756 6.74176762392744 6.87659839866683 7.24738302920014 6.66574601689354 7.2301705898717 7.33487959578633 7.58517715102062 6.04968412593007 6.21893977932632 5.93421734543517 6.08124026469886 5.53474531602114 5.8316598944366
9.61839654669166 9.6757713444531 9.48715169681236 9.54596086451784 9.22753073694184 9.37455365620553 9.33941159257665 9.25334939593449 9.12497328594327 9.23398540169001 9.58755759289488 9.6083559570834 8.20123904198408 9.193823043257 10.0773949287832 8.41998045844957 8.66669208882377 8.45942563191056 8.27654346404597 8.01261939434335 8.41137423878536 8.12450024997815 9.12712484085932 8.12378306500614 8.27654346404597 8.57130648754537 7.89571824390441 8.23566392064095 8.2894527935423 8.6042969962582 8.90049438970163 8.61720632575452 8.49600206548348 8.5763267823495 8.53759879386052 7.43456830689684 7.49839776940644 8.11015655053779 8.01190220937133 8.29949338315055 8.1022675158456 8.3296151519753 7.640400393866 7.59019744582474 8.0943784811534 8.43504134286195 8.24857325013727 8.53975034877658 7.36428417963907 6.79842523671687 7.34348581545055 6.84647662984207 6.10132144391537 7.49983213935047 7.77272102120332 7.47927283681929 6.45561082009226 7.14984587300569 6.11781669827178 6.09988707397133 5.86034729331732 9.54083811471771
10.0565965645947 9.66142764501274 9.73601488210261 9.53950619976968 9.5366374598816 9.60620440216735 9.26625872543082 8.80654315836728 8.72406688658521 9.27486494509503 9.06472974829376 9.4247566042468 9.62771995132789 8.87324136076495 9.21892451727763 8.52038635453209 9.43981748865917 8.61146884597838 8.42571793822572 8.10513625573367 9.80988493422046 9.14648883510381 8.27654346404597 8.14099550433457 8.96790977707133 8.26722005940974 8.49887080537155 8.59855951648206 8.10800499562174 8.41065705381334 8.6839045281522 8.52612383430824 8.70972318714485 8.88686787523329 7.09247107524425 6.93540756637231 6.64638202264905 8.25646228482947 7.91221349826083 8.18259223271161 8.48022399609908 8.74343088082969 7.64183476381004 7.5844599660486 7.72144229570404 7.77307961368933 7.7637562090531 6.99349954910576 6.7518082135357 7.87109489319846 6.80559708643705 7.13980528339744 5.68535416014493 6.43409527093172 5.80153812561184 6.55601671617478 14.334220716447 18.1699995938689 -9999 -9999 -9999 -9999
9.8192083388567 9.99922176683322 9.990615547169 9.8270973735489 9.81275367410854 9.38818017067388 9.02313301991671 9.13573106052354 9.15150912990794 9.06903285812587 9.34730062726885 8.89619127986953 8.81586656300351 8.95428326260298 9.09198277723044 10.148396241013 9.83785514812917 9.8113193041645 10.269600501284 9.16370127443224 8.71474348194897 8.90766623942181 8.875392915681 9.18808556348085 9.25980406068265 8.42141482839361 8.24427014030516 8.29519027331844 7.90791038842872 7.94520400697365 8.07644885685295 8.40563675900921 9.00735495053232 8.86535232607275 8.55696278810501 8.54620501352474 8.80510878842324 8.0427411631681 8.66669208882377 8.64589372463524 8.7993713086471 8.76638079993427 7.90862757340074 7.75156406452879 7.94592119194567 7.77809990849346 7.79602953279391 6.84073915006593 6.99421673407778 7.11685536429286 7.35280922008678 7.37504195421934 7.77355773700401 7.71897199191153 16.3643516332254 15.0949996626005 -9999 -9999 -9999 -9999 -9999 -9999
9.71880244277418 10.0401013102382 10.2731864261441 9.93969541415572 9.91961423493922 9.75394450640306 9.59903255244717 8.91555527411401 9.60548721719533 9.50651569105685 9.61481062183157 9.78550064517185 9.29781486419961 9.25693532079458 9.12784202583134 9.25980406068265 10.1448103161529 9.01811272511259 9.91531112510711 8.36619158554822 9.88518935628235 8.90479749953374 8.65378275932744 8.57345804246143 8.96217229729518 8.45225378219038 9.22466199705377 8.71761222183704 6.66502883192152 15.6749996496364 16.1099996399134 10.6307927828166 16.668433075964 16.3599996343255 -9999 17.5999996066093 7.41914882999845 8.48452710593119 8.54261908866465 7.91723379306495 8.15462201880291 8.70326852239668 8.34324166644365 7.56151004694402 7.58374278107658 7.48979154974222 7.54644916253164 7.03581346245483 6.76471754303202 7.42739645717666 7.42273475485854 7.80607012240216 7.4185511758551 17.344999612309 -9999 -9999 -9999 -9999 -9999 -9999 -9999 -9999
10.3348643337376 10.2000335589983 9.32650226308033 9.18234808370471 9.85076447762549 9.56245611887425 9.10919521655887 9.73027740232646 9.85148166259751 10.1225775820203 10.0573137495667 10.0164342061616 10.1362040964887 9.72884303238243 9.273430575151 9.20744955772534 9.94615007890388 9.59401225764304 10.231589697767 9.00878932047635 8.34395885141566 9.62485121143982 9.38961454061791 9.21462140744552 9.34586625732481 9.04536575404927 8.97149570193142 6.94975126581267 9.89020965108648 13.0799997076392 -9999 -9999 -9999 -9999 16.3799996338785 13.136418333631 8.25502791488543 8.62509536044672 8.6960966726765 8.76853235485032 8.5763267823495 8.69896541256458 7.84981840569526 7.38364817388356 7.36858728947118 7.80607012240216 7.70566422631964 7.43098238203675 6.87803276861086 7.10896632960066 7.54142886772752 7.8488621590659 6.87093263738789 -9999 -9999 -9999 -9999 -9999 -9999 -9999 -9999 -9999
10.1813867497258 10.3255409291014 9.76039917115122 9.29853204917163 10.2423474723473 9.31072419369593 9.9547562985681 9.63345743110403 10.1950132641941 10.0953245530836 10.0035248766653 10.2825098307803 9.78980375500396 9.46563614765182 9.10130618186668 9.06616411823779 10.0802636686713 8.596407961566 7.83762626117095 10.0250404258259 9.01070181373507 7.45966978091747 7.70279548643157 9.4010895001702 9.24474317627028 9.27845086995512 8.63800468994305 7.52421642839909 9.04966886388138 16.3149996353313 -9999 -9999 -9999 -9999 -9999 16.389999633655 7.68127993727103 6.96624652016908 8.74629962071776 8.76996672479436 8.79793693870306 8.5763267823495 8.58565018698573 7.35280922008678 7.10179447988048 7.07382426597178 7.08314767060801 8.30451367795467 7.10753195965663 7.30906093679368 7.68988615693524 7.24236273439601 8.10872218059376 14.347738054581 9.20798231768904 21.9082538035961 -9999 -9999 -9999 -9999 -9999 -9999
10.3420361834578 10.347773663234 9.87443158170208 10.3664204725064 9.36164432670921 9.9748374777846 10.0436872350983 10.0436872350983 10.6116977329366 10.4223609003238 10.4194921604358 9.65353861032054 9.57321389345452 9.55313271423802 9.34443188738078 9.33295692782849 9.04895167890936 9.64564957562834 8.90838342439383 9.30642108386382 9.20099489297718 9.46133303781971 9.29279456939548 9.4806970320642 10.1476790560409 9.59903255244717 9.6800744542852 9.8909268360585 4.91509750019759 12.9150568014011 15.0333114136272 24.7149994475767 -9999 -9999 -9999 -9999 8.49415787555543 7.97141385776922 11.2288542746468 4.96468571826283 6.13168227439746 5.54382965900004 8.83021026244387 7.40946683287621 7.23088777484372 7.03007598267868 6.67865534638986 6.15295876190066 6.78910183208063 7.42237616237253 7.41807305254042 7.45680104102939 13.5812848616893 9.86999977938831 -9999 -9999 -9999 -9999 -9999 -9999 -9999 -9999
10.2882473105565 10.2954191602767 10.2609942816198 10.4618060737848 10.7988830106333 10.7121036290191 10.468977923505 10.3649861025624 10.1534165358171 10.2731864261441 9.85578477242962 10.1548509057611 9.66859949473292 9.09054840728641 9.02887049969286 8.80080567859113 9.26912746531889 9.07763907779008 9.59114351775497 8.15318764885888 9.74964139657095 8.63370158011094 9.71234777802601 10.3721579522826 10.0164342061616 9.9547562985681 9.5882747778669 9.46850488753989 9.56460767379031 9.47495955228806 14.9705508294798 -9999 -9999 -9999 -9999 -9999 -9999 -9999 -9999 -9999 -9999 -9999 -9999 -9999 -9999 -9999 4.92513808980584 5.767830431927 5.41497542569414 7.36500136461109 17.582195844306 17.0049996199086 -9999 -9999 -9999 -9999 -9999 -9999 -9999 -9999 -9999 -9999
10.3821985418908 10.5916165537201 10.4058656459674 9.90168461063877 10.5105746518821 10.589464998804 10.3700063973665 10.1950132641941 10.2624286515638 9.9468672638759 10.0451216050424 9.8988158707507 9.92606889968738 9.33941159257665 9.43336282391101 8.92774741863832 9.22537918202579 9.04536575404927 9.83355203829706 9.53448590496555 8.7398449559696 9.26697591040283 10.0845667785034 6.88663898827508 11.8591958723067 16.3549996344373 9.50669498729985 9.62771995132789 9.4089785348624 8.84527114685625 8.40814690641128 14.1370601854382 20.537798540201 -9999 -9999 -9999 -9999 -9999 -9999 -9999 -9999 -9999 -9999 -9999 -9999 -9999 -9999 -9999 -9999 -9999 -9999 -9999 -9999 -9999 -9999 -9999 -9999 -9999 -9999 -9999 -9999 -9999
10.2645802064799 10.5507370103151 10.5944852936082 10.3054597498849 9.93180637946352 10.6131321028806 10.4589373338968 10.5822931490839 10.4517654841766 10.4252296402119 10.2423474723473 9.89594713086262 9.83355203829706 10.2351756226271 9.62628558138385 9.35375529201701 9.30355234397575 8.9191411989741 9.3810083209537 9.23111666180193 9.6442152056843 9.74677265668288 10.469695108477 9.8629566221498 9.16728719929233 9.58899196283892 9.94615007890388 9.58110292814672 8.64445935469121 9.47854547714815 8.93993956316262 12.9348989189602 10.3099997695535 -9999 -9999 -9999 -9999 -9999 -9999 -9999 -9999 -9999 -9999 -9999 -9999 -9999 -9999 -9999 -9999 -9999 -9999 -9999 -9999 -9999 -9999 -9999 -9999 -9999 -9999 -9999 -9999 -9999
10.032212275546 10.7372051030397 10.6991942995228 10.6769615653902 10.8340250742622 10.5751212993637 10.2366099925712 10.4417248945683 10.7823877562769 10.549302640371 10.708517704159 10.9430371900089 9.29422893933952 9.16083253454417 9.34156314749271 10.0049592466094 8.79578538378701 9.24259162135422 9.45416118809953 9.34586625732481 10.149830610957 9.55384989921004 10.1297494317405 10.0458387900144 9.51225317083299 9.30068360408768 8.38196965493262 9.26841028034687 8.7678151698783 9.28347116475925 9.66716512478888 13.0200360509284 20.281579006929 -9999 -9999 -9999 -9999 -9999 -9999 -9999 -9999 -9999 -9999 -9999 -9999 -9999 -9999 -9999 -9999 -9999 -9999 -9999 -9999 -9999 -9999 -9999 -9999 -9999 -9999 -9999 -9999 -9999
10.5449995305389 10.6798303052783 10.8354594442062 10.9028748315759 10.8046204904094 10.4790185131133 10.5292214611545 10.8046204904094 10.3743095071986 10.1634571254253 10.5220496114343 9.82279426371679 9.24115725141019 9.76685383589938 9.40252387011424 9.49934384133667 9.43838311871514 9.73529769713059 9.51512191072106 10.4431592645124 9.5007782112807 10.0393841252662 9.22251044213772 9.59257788769901 9.18521682359278 9.35232092207298 9.76972257578745 8.87754447059706 8.71689503686503 10.0157170211896 10.2803582758643 13.3385909063256 14.2931937643808 -9999 -9999 -9999 -9999 -9999 -9999 -9999 -9999 -9999 -9999 -9999 -9999 -9999 -9999 -9999 -9999 -9999 -9999 -9999 -9999 -9999 -9999 -9999 -9999 -9999 -9999 -9999 -9999 -9999
