EcologicalScience/Bass/data/rs_data_bass/sst_525.asc
NCOLS 226 
NROWS 124 
XLLCORNER -9.41648524995501 
YLLCORNER 47.587301625531 
CELLSIZE 0.0833 
NODATA_value -9999 
[rows 27 to 53 of 124, columns 62 to 123 of 226]
-9999 -9999 -9999 -9999 -9999 -9999 -9999 -9999 -9999 -9999 -9999 -9999 -9999 -9999 -9999 -9999 -9999 -9999 -9999 -9999 -9999 -9999 -9999 -9999 -9999 -9999 -9999 -9999 12.5299997199327 10.9049997562543 8.68722965847701 8.23136081080884 7.35496077500284 7.66299172048457 7.81658883532509 7.79770296439528 7.2526423856616 7.22491123341024 7.35639514494687 7.3535264050588 8.34276354312897 8.4159164102748 8.39989927923307 8.26363413454965 8.39272742951289 8.41209142375737 8.40993986884132 8.44866785733029 8.46229437179863 8.57202367251739 8.58349863206968 8.50030517531559 8.60142825637013 8.5447706435807 8.29016997851431 8.00186161976308 7.88460187683813 7.9351634173654 7.96420940873213 8.39487898442894 8.16035949857906 7.91221349826083
-9999 -9999 -9999 -9999 -9999 -9999 -9999 -9999 -9999 -9999 -9999 -9999 -9999 -9999 -9999 -9999 -9999 -9999 -9999 -9999 -9999 -9999 -9999 -9999 -9999 -9999 -9999 -9999 -9999 -9999 9.78499978128821 11.0368449843489 8.10334329330362 8.10178939253092 7.30547501193359 7.10036010993645 7.7345906868577 7.86440116679296 6.8952452079393 7.03724783239886 7.41233557276428 8.42033905093558 7.10968351457268 8.36475721560419 8.44328897004016 8.41280860872939 8.30379649298266 8.39487898442894 8.22024444374256 8.28837701608427 8.40491957403719 8.2535935449414 7.61529891984537 8.14314705925062 8.06318093487062 8.02911464869976 8.04238257068209 6.37170017836615 6.41114535182714 7.96205785381608 8.42356638330966 7.73004851536825
-9999 -9999 -9999 -9999 -9999 -9999 -9999 -9999 -9999 -9999 -9999 -9999 -9999 -9999 -9999 -9999 -9999 -9999 -9999 -9999 -9999 -9999 -9999 -9999 -9999 -9999 -9999 -9999 -9999 -9999 -9999 12.0699997302145 8.41037017982453 7.3058336044196 7.2778633905109 7.18678089906462 7.21869563031942 7.90934475837275 7.00999480346218 6.79483931185678 8.64517653966323 7.47903377516195 7.5048524341546 7.3535264050588 8.05995360249653 7.27535324310884 7.21510970545933 8.52217931696214 8.47376933135092 8.40814690641128 8.35758536588401 8.34790336876176 8.33535263175145 8.24319436284713 8.16394542343915 8.00078584230505 8.10083314590156 8.06855982216075 7.99684132495895 8.36906032543629 8.3493377387058 8.37587358267047
-9999 -9999 -9999 -9999 -9999 -9999 -9999 -9999 -9999 -9999 -9999 -9999 -9999 -9999 -9999 -9999 -9999 -9999 -9999 -9999 -9999 -9999 -9999 -9999 -9999 -9999 -9999 -9999 -9999 -9999 -9999 12.4699997212738 8.54142378037795 7.34456159290858 7.26100954366848 7.22766044246964 7.22264014766552 8.04776145797223 8.2165389880538 6.9949339190498 7.53497420297936 8.25741853145882 6.94975126581267 7.09533981513232 8.35794395837002 7.35639514494687 7.36500136461109 7.31479841656983 8.60608995868824 8.50496687763371 8.35794395837002 8.24104280793108 8.35005492367782 8.32746359705925 8.23243658826686 8.34467603638768 8.10513625573367 8.09366129618138 7.93695637979545 8.28192235133611 8.36260566068813 8.40169224166311
-9999 -9999 -9999 -9999 -9999 -9999 -9999 -9999 -9999 -9999 -9999 -9999 -9999 -9999 -9999 -9999 -9999 -9999 -9999 -9999 -9999 -9999 -9999 -9999 -9999 -9999 -9999 -9999 -9999 -9999 -9999 12.2299997266382 10.53933376926 7.39655750337988 7.24702443671413 7.21869563031942 7.28718679514714 7.51525161624886 7.31479841656983 7.37540054670535 7.62354654702358 8.0506301978603 8.47914821864106 8.237815475557 8.41352579370141 8.45978422439657 7.39010283863172 8.54620501352474 8.51213872735389 8.55481123318896 8.52361368690617 8.4687490365468 8.41137423878536 8.39559616940096 8.46193577931263 8.28873560857028 8.23996703047305 8.31993315485306 8.12593461992219 8.03987242328003 8.13454083958641 8.17506179050542
-9999 -9999 -9999 -9999 -9999 -9999 -9999 -9999 -9999 -9999 -9999 -9999 -9999 -9999 -9999 -9999 -9999 -9999 -9999 -9999 -9999 -9999 -9999 -9999 -9999 -9999 -9999 -9999 -9999 -9999 -9999 -9999 12.475063821068 7.34061707556248 7.94998524012044 8.17135633481666 8.19000314408913 8.7197637767531 8.22897019423544 8.35113070113584 7.46648303815164 8.20016326452605 8.23673969809897 8.17864771536551 8.3532822560519 8.35184788610786 8.33822137163952 8.46229437179863 8.52935116668232 8.56915493262932 8.59031188930385 8.42320779082365 8.51178013486788 8.31706441496499 8.36081269825809 8.32459485717118 8.35184788610786 8.29877619817853 8.35399944102392 8.2417599929031 8.24462873279117 8.36439862311818
-9999 -9999 -9999 -9999 -9999 -9999 -9999 -9999 -9999 -9999 -9999 -9999 -9999 -9999 -9999 -9999 -9999 -9999 -9999 -9999 -9999 -9999 -9999 -9999 -9999 -9999 -9999 -9999 -9999 -9999 -9999 -9999 10.5699997637421 8.26339507289231 8.13908301107585 8.15366577217355 8.13310646964237 8.22777488594875 8.3465885296464 8.2153436797671 8.18115786276758 8.09820346767083 8.26470991200767 8.40563675900921 8.42356638330966 8.39822584763169 8.44185460009612 8.38089387747459 8.5526596782729 8.51070435740985 8.4316944796592 8.45332955964841 8.63334298762493 8.58672596444376 8.35830255085602 8.39487898442894 8.48201695852913 8.38950009713881 8.37121188035235 8.43970304518007 8.43468275037594 8.2618411721196
-9999 -9999 -9999 -9999 -9999 -9999 -9999 -9999 -9999 -9999 -9999 -9999 -9999 -9999 -9999 -9999 -9999 -9999 -9999 -9999 -9999 -9999 -9999 -9999 -9999 -9999 -9999 -9999 -9999 -9999 -9999 -9999 -9999 10.1499997731298 8.15868606697768 8.28443249873817 8.18498284928501 8.40635394398123 7.28156884619966 8.04608802637085 8.14745016908273 8.39344461448491 8.11159092048183 8.31132693518884 8.50819421000779 8.53437146148644 8.58744314941578 8.51656136801466 8.63047424773686 8.62903987779282 8.61469617835246 8.64051483734511 8.66597490385175 7.38508254382759 8.60393840377219 8.55122530832887 6.54023864679039 8.44185460009612 8.51572465221398 8.44293037755415 7.77021087380126 7.49983213935047
-9999 -9999 -9999 -9999 -9999 -9999 -9999 13.9632875261695 12.0183630871276 10.5744041143917 14.1621219369117 9.20617456221953 12.7799997143447 6.08499986398965 8.41999981179833 -9999 -9999 -9999 -9999 -9999 -9999 -9999 -9999 -9999 -9999 -9999 -9999 -9999 -9999 -9999 -9999 -9999 -9999 -9999 9.14423482519175 8.38053528498858 8.22060303622857 7.84192937100306 8.14386424422264 8.02768027875572 8.21869054296985 7.56653034174815 8.11661121528596 8.14422283670865 8.76136050513014 8.80654315836728 8.77534561208449 8.80833612079732 8.78215886931866 8.77606279705651 8.68569749058224 8.66705068130977 8.715819259407 8.70972318714485 8.58098848466761 8.57596818986349 8.50640124757774 8.44257178506814 8.46050140936859 8.47125918394886 8.31921596988104 8.10513625573367
-9999 -9999 -9999 -9999 13.5399996973574 15.3356158473762 13.113324977532 10.707493154199 9.64493239065632 10.7003896078095 11.5668226114403 20.4569982568295 20.5199995413423 -9999 -9999 -9999 -9999 -9999 -9999 -9999 -9999 -9999 -9999 -9999 -9999 -9999 -9999 -9999 -9999 -9999 -9999 -9999 -9999 -9999 7.82973722647876 7.00425732368603 7.04513686709106 8.47161777643487 8.21749523468316 8.3520869477652 8.0159662575461 8.27032786095515 8.49492628802545 8.5325784990564 8.76494642999023 8.6559343142435 8.69466230273247 8.84491255437024 8.81335641560145 8.75454724789597 8.80546738090925 8.82327747438103 8.80403301096521 8.76243628258817 8.61469617835246 8.60142825637013 8.36188847571611 8.41926327347755 8.38985868962482 8.36726736300625 7.81252478715032 8.31204412016086
9.53505965294316 9.27317745104322 11.3407728768591 10.1925031167921 10.1401486138348 9.51010161591694 9.5603045639582 9.59974973741919 10.5392620507628 13.6326003659051 13.0949997073039 -9999 -9999 -9999 -9999 -9999 -9999 -9999 -9999 -9999 -9999 -9999 -9999 -9999 -9999 -9999 -9999 -9999 -9999 -9999 -9999 -9999 -9999 -9999 11.0399997532368 7.05517745669931 6.84002196509391 8.65880305413157 6.04466383112594 8.82686339924112 7.81467634206638 8.27582627907395 8.4025289574638 8.4529709671624 8.69322793278843 8.58565018698573 8.7000411900226 8.75741598778404 8.82052826532163 8.84240240696818 8.83307900233194 8.74594102823175 8.75885035772808 8.73948636348359 8.64266639226116 8.58887751935981 8.43181401048787 8.40778831392527 8.42930386308581 8.42213201336563 8.25574509985745 7.79029205301777
8.97508162679151 9.44698933837935 9.36020995676517 9.55026397434995 9.33008818794042 9.27486494509503 9.4247566042468 10.3716798289679 10.8799249124713 11.8449997352436 -9999 -9999 -9999 -9999 -9999 -9999 -9999 -9999 -9999 -9999 -9999 -9999 -9999 -9999 -9999 -9999 -9999 -9999 -9999 -9999 -9999 -9999 -9999 -9999 -9999 9.70451850874815 8.42535934573971 8.32717672307044 8.42021952010691 8.40348520409316 8.41448204033077 8.33774324832484 8.37192906532437 8.4159164102748 8.55887528136373 7.84479811089113 8.76638079993427 8.70147555996664 8.6602374240756 8.6641819414217 8.66705068130977 8.71868799929507 8.60357981128618 8.53042694414034 8.70542007731274 8.54584642103873 8.43755149026401 8.32316048722714 8.37300484278239 7.75658435933292 7.87061676988378 7.96026489138603
9.42762534413487 9.37240210128948 9.5244453153573 9.49504073150456 9.21103548258543 8.94998015277088 9.68366037914529 9.78442486771382 13.8599996902049 -9999 -9999 -9999 -9999 -9999 -9999 -9999 -9999 -9999 -9999 -9999 -9999 -9999 -9999 -9999 -9999 -9999 -9999 -9999 -9999 -9999 -9999 -9999 -9999 -9999 -9999 -9999 12.532734300353 7.93086030753329 8.20291247358546 8.35650958842598 8.6456546629779 8.69227168615907 8.5325784990564 8.48285367432982 8.45440533710644 8.5089113949798 8.43934445269406 8.59963529394008 8.67816704837605 8.68533889809623 8.74701680568978 8.73088014381938 8.73088014381938 8.49779502791353 8.68928341544233 8.60573136620224 8.43862726772204 8.39380320697092 8.36583299306221 8.25215917499736 7.79531234782189 8.1822336402256
9.20338550955057 9.05373291205615 9.08983122231439 9.26912746531889 7.98034607060254 9.6399120958522 9.66238389164209 10.2105864235865 12.7897884929553 -9999 -9999 -9999 -9999 -9999 -9999 -9999 -9999 -9999 -9999 -9999 -9999 -9999 -9999 -9999 -9999 -9999 -9999 -9999 -9999 -9999 -9999 -9999 -9999 -9999 -9999 -9999 -9999 -9999 -9999 13.1449997061864 13.7411619423745 9.45774711295962 8.86061890525743 9.00936306845397 8.4596646935679 8.38459933316335 8.56270026788116 8.47161777643487 8.43181401048787 8.48524429090321 8.64123202231713 8.52217931696214 8.50532547011971 8.54297768115066 8.37013610289432 8.50747702503577 8.3651158080902 8.20554215181619 8.22239599865861 8.19191563734785 8.25502791488543 7.20506911585107
7.74869532464072 9.08983122231439 7.69490645173937 7.50413524918258 8.90742717776448 9.94256415404379 9.94005400664173 10.1962085724808 14.3099996801466 -9999 -9999 -9999 -9999 -9999 -9999 -9999 -9999 -9999 -9999 -9999 -9999 -9999 -9999 -9999 -9999 -9999 -9999 -9999 -9999 -9999 -9999 -9999 -9999 -9999 -9999 -9999 -9999 -9999 -9999 -9999 -9999 -9999 -9999 12.2050465421171 8.64445935469121 8.89776908680797 8.46133812516928 8.4316944796592 8.49636065796949 8.47125918394886 8.44795067235827 8.45225378219038 8.44077882263809 8.48703725333326 8.45117800473236 8.24785606516525 8.11159092048183 8.21558274142444 8.22311318363063 8.10513625573367 6.67004912672564 7.39512313343585
7.86272773519158 7.78025146340951 8.79721975373104 7.63466291408986 7.77021087380126 9.20864486601204 9.34299751743674 10.1803109722678 10.0754824355245 14.3499996792525 -9999 -9999 -9999 -9999 -9999 16.1899624452926 -9999 -9999 -9999 -9999 -9999 -9999 -9999 -9999 -9999 -9999 -9999 -9999 -9999 -9999 -9999 -9999 -9999 -9999 -9999 -9999 -9999 -9999 -9999 -9999 -9999 -9999 -9999 -9999 12.4549997216091 8.36268534790725 8.68223109655082 8.67219050694257 8.57560959737748 8.73303169873543 8.55720184976235 8.49636065796949 8.47197636892088 8.50138095277362 7.42022460745648 8.38985868962482 8.31204412016086 7.34994048019871 7.19072541641071 7.00999480346218 7.02146976301447 7.52278205845505
8.82483137515374 9.44914089329541 9.03245642455295 8.92392243212089 9.00711588887498 9.08074687933549 9.11660612793639 9.00615964224562 10.7101911357604 8.65772727667354 13.8849996896461 -9999 -9999 -9999 -9999 -9999 -9999 -9999 -9999 -9999 -9999 -9999 -9999 -9999 -9999 -9999 -9999 -9999 -9999 -9999 -9999 -9999 -9999 -9999 -9999 -9999 -9999 -9999 -9999 -9999 -9999 -9999 -9999 -9999 -9999 12.1949997274205 9.72605866719695 8.74749492900446 8.89977720472962 8.91304512671195 8.65999836241826 8.61027353769168 8.61362040089443 8.59999388642609 8.51058482658118 7.24881739914417 7.1900082314387 8.25957008637488 7.39010283863172 7.02505568787456 7.18498793663457 7.28467664774507
8.81897436454892 9.32435070816427 8.915196681628 8.81048767571338 9.04680012399331 9.00448621064425 8.57023071008734 9.08146406430751 6.32508315518498 9.84395122039132 9.4568864909932 11.9085115993395 6.49499985482544 -9999 12.4662863149586 10.5949997631833 21.0099995303899 21.0099995303899 -9999 -9999 -9999 -9999 -9999 -9999 -9999 -9999 -9999 -9999 -9999 -9999 -9999 -9999 -9999 -9999 -9999 -9999 -9999 -9999 -9999 -9999 -9999 -9999 -9999 -9999 -9999 8.8399998024106 12.7599997147918 12.2591513008811 9.06186100840569 8.84813988674432 9.14433728018776 8.70470289234072 8.80439160345122 8.73876917851157 8.66836552042514 8.44245225423947 8.73841058602557 8.78502760920674 8.20841089170426 8.19454531557858 8.34921820787713 8.44890691898763
8.9589449649211 8.83845788962208 8.73769340105355 8.75347147043794 8.27510909410194 8.87897884054109 9.19525741320103 7.92655719770119 10.3382111969404 10.2870520022698 9.53412731247954 11.265053242445 15.3649996565655 10.4939997103065 12.0633948658966 12.4701218395654 12.2936068284684 11.3999997451901 -9999 -9999 -9999 -9999 -9999 -9999 -9999 -9999 -9999 -9999 -9999 -9999 -9999 -9999 -9999 -9999 -9999 -9999 -9999 -9999 -9999 -9999 -9999 -9999 -9999 -9999 -9999 -9999 -9999 -9999 9.09792516699859 9.19764802977443 9.08194218762219 9.07907344773412 9.0503860488534 9.08983122231439 8.54226049617864 8.9349192683585 8.86033203126863 8.12163151009008 8.11947995517403 8.36332284566015 8.73267310624942 8.59401734499261
8.65521712927148 8.64302498474717 8.62581254541874 8.65808586915955 9.45487837307155 8.7875377566088 9.47997984709218 9.7596819861792 9.98989836219698 9.07907344773412 9.58504744549282 9.59723959001713 9.26984465029091 9.2576525057666 9.69154941383749 9.70517592830583 16.0549996411428 -9999 -9999 -9999 -9999 -9999 -9999 -9999 -9999 -9999 -9999 -9999 -9999 -9999 -9999 -9999 -9999 -9999 -9999 -9999 -9999 -9999 -9999 -9999 -9999 -9999 -9999 -9999 -9999 -9999 -9999 -9999 9.51189457834698 9.34538813401014 9.27558213006705 8.6602374240756 9.14541305764578 9.05468915868551 8.69681385764852 8.61362040089443 8.47950681112707 8.21797335799783 8.42930386308581 8.43539993534796 7.82902004150674 7.3097781217657
8.6602374240756 8.71474348194897 8.73052155133337 8.79076508898288 8.80869471328333 8.68247015820816 8.74629962071776 8.84885707171634 8.96647540712729 9.44196904357523 10.2401959174313 10.3764610621147 10.1570024606772 10.0580309345387 10.0501418998465 10.0537278247066 15.8999996446073 -9999 -9999 -9999 -9999 -9999 -9999 -9999 -9999 -9999 -9999 -9999 -9999 -9999 -9999 -9999 -9999 -9999 -9999 -9999 -9999 -9999 -9999 -9999 -9999 -9999 -9999 -9999 -9999 -9999 -9999 -9999 9.10166477435268 8.97723318170756 8.94424267299473 9.03173923958093 8.98512221639976 9.07010863558389 8.70936459465884 8.61469617835246 8.3851969873067 8.55911434302106 8.48165836604312 8.4648045192007 8.32351907971315 8.4328897879459
8.67888423334807 8.71832940680906 8.71474348194897 8.71832940680906 8.69322793278843 8.62939847027883 9.03532516444102 8.7039857073687 8.78717916412279 10.2602770966478 9.92535171471536 10.0479903449304 10.149830610957 10.1397900213487 10.1605883855373 6.69999985024333 -9999 -9999 -9999 -9999 -9999 -9999 -9999 -9999 -9999 -9999 -9999 -9999 -9999 -9999 -9999 -9999 -9999 -9999 -9999 -9999 -9999 -9999 -9999 -9999 -9999 -9999 -9999 -9999 -9999 -9999 -9999 -9999 9.78568937805922 9.50113680376671 9.01380961528048 9.02743612974882 8.98799095628783 8.66525771887973 8.78897212655284 8.67960141832009 8.39559616940096 8.46301155677065 8.38698994973674 8.42284919833764 8.4250007532537 8.67135379114188
8.60716573614627 8.61362040089443 8.72191533166915 8.78574479417875 9.04464856907725 8.83307900233194 8.56413463782519 8.6042969962582 8.96002074237913 8.835230557248 9.21175266755745 9.48213140200824 10.3377330736257 10.9745933287777 10.1778008248657 -9999 -9999 -9999 -9999 -9999 -9999 -9999 -9999 -9999 -9999 -9999 -9999 -9999 -9999 -9999 -9999 -9999 -9999 -9999 -9999 -9999 -9999 -9999 -9999 -9999 -9999 -9999 -9999 -9999 -9999 -9999 -9999 -9999 -9999 -9999 9.54007994774729 8.9707785169594 8.94137393310666 8.91196934925392 8.83594774222001 8.73697621608153 8.41603594110347 8.52289650193416 8.58206426212564 7.12976469378918 8.50245673023164 8.63979765237309
8.57489241240546 8.73267310624942 8.68139438075013 8.96504103718325 8.34467603638768 8.48309273598716 8.39487898442894 8.71438488946296 9.03532516444102 9.25263221096247 9.86869410192594 9.97627184772864 10.148396241013 10.748680062592 10.4223609003238 14.2749996809289 -9999 -9999 -9999 -9999 -9999 -9999 -9999 -9999 -9999 -9999 -9999 -9999 -9999 -9999 -9999 -9999 -9999 -9999 -9999 -9999 -9999 -9999 -9999 -9999 -9999 -9999 -9999 -9999 -9999 -9999 -9999 5.90974559480461 6.23999986052513 -9999 11.5949583295733 7.05920166126452 8.88686787523329 8.90372172207572 8.71904659178108 8.51895198458806 8.88005461799912 8.53437146148644 7.92978453007527 8.84025085205212 8.84634692431428 8.82052826532163
8.2019562269561 8.2177342963405 8.39344461448491 8.94854578282684 8.90766623942181 9.12784202583134 8.98010192159563 9.25263221096247 9.4168675695546 9.07261878298596 9.25191502599046 9.69154941383749 9.87586595164612 10.1455275011249 10.6547288312577 -9999 -9999 -9999 -9999 -9999 -9999 -9999 -9999 -9999 -9999 -9999 -9999 -9999 -9999 -9999 -9999 -9999 -9999 -9999 -9999 -9999 -9999 -9999 -9999 -9999 -9999 -9999 -9999 -9999 -9999 -9999 -9999 -9999 7.37553656454487 11.239449738944 11.6149129467359 11.2995293485999 12.6100440093433 9.7318552092649 9.01631976268254 8.9030045371037 8.86069062375464 8.91268653422594 8.83487196476199 8.98332925396971 8.96181370480917 8.96826836955734
8.12952054478228 8.47520370129496 8.59712514653802 8.53903316380456 8.87252417579293 8.88758506020531 9.35016936715692 8.99301125109196 9.22609636699781 9.53735464485362 9.11278114141896 9.55169834429398 9.74605547171086 10.0558793796226 14.8599996678531 -9999 -9999 -9999 -9999 -9999 -9999 -9999 -9999 -9999 -9999 -9999 -9999 -9999 -9999 -9999 -9999 -9999 -9999 -9999 -9999 -9999 -9999 -9999 -9999 -9999 -9999 -9999 -9999 -9999 -9999 -9999 -9999 -9999 -9999 -9999 13.7849996918812 10.6241289391182 10.2950605677906 10.5074668503366 9.40575120248832 9.21856592479162 9.16441845940426 9.14182713278569 9.1898785259109 7.70566422631964 7.78025146340951 9.40933712734841
8.0585192325525 8.68964200792834 8.43575852783397 8.23494673566893 8.72478407155722 8.74845117563382 8.87324136076495 8.86535232607275 8.91770682903007 8.89332253998145 9.01882991008461 9.13644824549556 10.2583646033891 9.57282771693113 13.6399996951222 -9999 -9999 -9999 -9999 -9999 -9999 -9999 -9999 -9999 -9999 -9999 -9999 -9999 -9999 -9999 -9999 -9999 -9999 -9999 -9999 -9999 -9999 -9999 -9999 -9999 -9999 -9999 -9999 -9999 -9999 -9999 -9999 -9999 -9999 -9999 -9999 -9999 12.6699997168034 10.8086845385842 10.3933149089571 9.47854547714815 10.6152836577967 10.7580034672283 9.85076447762549 7.66621905285865 7.82686848659068 7.81897945189849
