EcologicalScience/Bass/data/rs_data_bass/sst_307.asc
NCOLS 226 
NROWS 124 
XLLCORNER -9.41648524995501 
YLLCORNER 47.587301625531 
CELLSIZE 0.0833 
NODATA_value -9999 
[rows 0 to 26 of 124, columns 0 to 61 of 226]
-9999.000000000000000 -9999 -9999 -9999 -9999 -9999 -9999 -9999 -9999 -9999 -9999 -9999 -9999 -9999 -9999 -9999 -9999 -9999 -9999 -9999 -9999 -9999 -9999 -9999 -9999 -9999 -9999 -9999 -9999 -9999 -9999 -9999 -9999 -9999 -9999 -9999 -9999 -9999 -9999 -9999 -9999 -9999 -9999 -9999 -9999 -9999 -9999 -9999 -9999 -9999 -9999 -9999 -9999 -9999 -9999 -9999 -9999 -9999 -9999 -9999 -9999 -9999
-9999 -9999 -9999 -9999 -9999 -9999 -9999 -9999 -9999 -9999 -9999 -9999 -9999 -9999 -9999 -9999 -9999 -9999 -9999 -9999 -9999 -9999 -9999 -9999 -9999 -9999 -9999 -9999 -9999 -9999 -9999 -9999 -9999 -9999 -9999 -9999 -9999 -9999 -9999 -9999 -9999 -9999 -9999 -9999 -9999 -9999 -9999 -9999 -9999 -9999 -9999 -9999 -9999 -9999 -9999 -9999 -9999 -9999 -9999 -9999 -9999 -9999
-9999 -9999 -9999 -9999 -9999 -9999 -9999 -9999 -9999 -9999 -9999 -9999 -9999 -9999 -9999 -9999 -9999 -9999 -9999 -9999 -9999 -9999 -9999 -9999 -9999 -9999 -9999 -9999 -9999 -9999 -9999 -9999 -9999 -9999 -9999 -9999 -9999 -9999 -9999 -9999 -9999 -9999 -9999 -9999 -9999 -9999 -9999 -9999 -9999 -9999 -9999 -9999 -9999 -9999 -9999 -9999 -9999 -9999 -9999 -9999 -9999 -9999
-9999 -9999 -9999 -9999 -9999 -9999 -9999 -9999 -9999 -9999 -9999 -9999 -9999 -9999 -9999 -9999 -9999 -9999 -9999 -9999 -9999 -9999 -9999 -9999 -9999 -9999 -9999 -9999 -9999 -9999 -9999 -9999 -9999 -9999 -9999 -9999 -9999 -9999 -9999 -9999 -9999 -9999 -9999 -9999 -9999 -9999 -9999 -9999 -9999 -9999 -9999 -9999 -9999 -9999 -9999 -9999 -9999 -9999 -9999 -9999 -9999 -9999
-9999 -9999 -9999 -9999 -9999 -9999 -9999 -9999 -9999 -9999 -9999 -9999 -9999 -9999 -9999 -9999 -9999 -9999 -9999 -9999 -9999 -9999 -9999 -9999 -9999 -9999 -9999 -9999 -9999 -9999 -9999 -9999 -9999 -9999 -9999 -9999 -9999 -9999 -9999 -9999 -9999 -9999 -9999 -9999 -9999 -9999 -9999 -9999 -9999 -9999 -9999 -9999 -9999 -9999 -9999 -9999 -9999 -9999 -9999 -9999 -9999 -9999
-9999 -9999 -9999 -9999 -9999 13.9989623557776 14.0599230783992 13.9035767544992 13.9143345290795 13.8505050665699 13.256675909739 13.8583941012621 13.7572710202076 13.8827783903107 14.0061342054978 13.8096255231649 13.7422101357952 13.6977446675301 13.7142399218865 13.5657826326787 13.2609790195711 13.6123996558599 13.5557420430705 14.5289620500989 9.17678990017157 9.98551729747661 7.26461176818702 13.1734824529849 13.2308572507463 13.5908841066994 13.5837122569792 11.9287829159672 11.9321787034161 11.2098783491483 12.3249997245148 7.75496915220305 10.3551924126986 12.2299997266382 -9999 13.0099642793648 13.2136448114179 13.1577043836005 13.4051331989467 13.4049997003749 -9999 -9999 -9999 -9999 -9999 -9999 -9999 -9999 -9999 -9999 -9999 -9999 -9999 -9999 -9999 -9999 -9999 -9999
-9999 -9999 -9999 -9999 -9999 13.9466078528203 13.7967161936685 13.9795983615331 13.7981505636126 14.0713980379514 13.655430754181 14.0441450090148 13.8110598931089 13.2480696900748 13.8010193035007 13.8196661127731 13.8418988469057 13.6826837831177 13.6884212628938 13.8784752804786 13.9451734828763 13.8670003209263 13.6253089853562 14.6551866051741 9.24134850073606 7.43173216632567 11.9399243011139 13.6590166790411 13.5808435170911 13.5829950720072 13.3011413780041 14.015457610134 6.33777826059876 6.16823480180465 10.6159456746939 10.4823160048868 12.0099997315556 -9999 -9999 10.6744115743786 10.8653421513736 13.7866756040603 13.5786919621751 11.7627437537769 11.0551172636915 11.5660191529896 -9999 -9999 -9999 -9999 -9999 -9999 -9999 -9999 -9999 -9999 -9999 -9999 -9999 -9999 -9999 -9999
-9999 -9999 -9999 -9999 -9999 13.9989623557776 14.2291787317954 14.0627918182872 14.1144291362725 14.0749839628115 13.9874873962253 14.0183263500221 14.0118716852739 13.1634418633766 13.4732657712884 13.7257148814388 13.5865809968673 13.7264320664108 13.8777580955066 13.8289895174094 13.935132893268 13.9968108008616 14.4809106569737 14.5088808708824 12.1034386371983 10.6434331679484 13.9494765927084 13.8734549856745 14.0075685754418 13.853373806458 13.9810327314772 14.0678121130913 14.095065142028 14.1251869108528 14.0484481188469 12.7265789699977 11.4894524514675 12.3099997248501 12.0549997305498 9.36747015535872 10.7953369293828 11.9861135297504 13.6525620142929 13.3993957191706 10.7869299277663 -9999 -9999 -9999 -9999 -9999 -9999 -9999 -9999 -9999 -9999 -9999 -9999 -9999 -9999 -9999 -9999 -9999
-9999 -9999 -9999 -9999 -9999 14.0993682518601 14.174672673922 14.2865535295568 14.2578661306761 14.0312356795184 14.2155522173271 14.0513168587349 13.8526566214859 13.5550248580985 13.096026476007 13.3800317249261 13.1598559385166 13.5485701933503 13.6403698697686 13.8885158700868 13.9114657891914 14.0649433732033 14.0656605581753 9.48213140200824 9.63609248150684 13.4503158521838 13.6468245345168 14.6465803855099 14.0039826505817 14.3704641712829 14.1079744715244 13.9996795407496 14.0584887084551 13.1404919442721 13.9107486042194 14.3582720267586 11.5896192858927 10.3271607779175 10.3860156903211 12.8840143908747 9.92933261100932 11.2954140729271 9.56683718359462 -9999 10.6396281032357 10.5236773795731 9.33499979134649 -9999 -9999 -9999 -9999 -9999 -9999 -9999 -9999 -9999 -9999 -9999 -9999 -9999 -9999 -9999
-9999 -9999 -9999 -9999 -9999 13.3506271410733 14.0778527026996 14.2650379803963 14.2499770959839 13.9982451708056 14.1710867490619 13.5428327135742 13.6991790374741 13.6403698697686 14.0462965639308 13.4904782106169 13.1333200945519 13.9903561361134 13.3248084820807 14.2399365063757 13.9494765927084 14.0333872344345 14.0606402633712 14.4048890499398 13.2452009501867 11.2378002135083 12.2361216945574 13.3126163375564 14.1079744715244 14.1969054080546 13.5521561182104 13.1799371177331 13.8046052283607 13.9523453325965 13.9042939394712 13.8390301070176 13.8390301070176 14.2600176855922 14.1653492692858 14.1402477952652 14.2349162115715 11.3159733754583 9.48657559740861 12.4787910096347 11.8093966362067 12.8996607202165 12.0949997296557 -9999 -9999 -9999 -9999 -9999 -9999 -9999 -9999 -9999 -9999 -9999 -9999 -9999 -9999 -9999
-9999 -9999 -9999 -9999 -9999 14.0376903442666 14.0857417373918 13.9444562979043 13.814645817969 14.2607348705642 14.0412762691267 13.576540407259 13.6088137309998 14.09219640214 14.133793130517 13.7651600548998 14.0470137489028 13.5428327135742 14.1502883848734 13.9437391129322 13.9157688990235 14.2184209572151 14.0240638297983 14.0843073674478 13.2025284443516 13.3599505457096 13.4445783724077 13.615268395748 13.9085970493034 14.2356333965436 14.0276497546583 13.7608569450676 14.1768242288381 14.3883937955834 13.775200644508 13.7013305923901 13.8024536734447 14.1972127730426 15.5853755138814 13.9853358413093 15.0847804034129 15.3573106927797 13.9917905060574 14.3152409284376 11.4237503393088 12.039999730885 -9999 -9999 -9999 -9999 -9999 -9999 -9999 -9999 -9999 -9999 -9999 -9999 -9999 -9999 -9999 -9999
-9999 -9999 -9999 -9999 -9999 13.6633197888732 14.1689351941459 13.7852412341163 14.054185598623 14.0764183327556 14.2270271768793 14.1861476334743 14.3862422406673 14.1538743097335 13.497650060337 14.1187322461046 14.0427106390707 13.4811548059806 13.5851466269232 13.6382183148526 13.8232520376332 14.054902783595 13.975295251701 11.2961312578991 13.8304238873534 13.6998962224461 13.5413983436301 13.6396526847966 14.0807214425877 13.9057283094153 14.2406536913477 14.6057008421049 14.7261879174039 14.4586779228412 14.2205725121312 14.8409375129268 14.2561448867433 13.9451734828763 14.133075945545 14.4206671193242 14.2363505815156 14.3632923215628 13.0810903194158 10.8253391673788 11.0102533593308 11.2651727732737 12.2549997260794 -9999 -9999 -9999 -9999 -9999 -9999 -9999 -9999 -9999 -9999 -9999 -9999 -9999 -9999 -9999
-9999 -9999 -9999 -9999 -9999 14.1954710381106 13.4331034128554 14.2191381421871 14.4077577898279 14.2026428878307 14.2255928069353 14.3360392926261 14.1172978761606 14.0728324078955 14.3252815180458 14.0699636680074 14.1926022982225 13.5708029274829 13.6726431935094 13.6375011298805 13.7235633265227 13.7651600548998 13.7099368120544 13.1684621581808 14.1008026218042 14.1094088414684 13.9889217661694 14.1015198067762 14.2471083560959 14.3683126163669 14.3281502579339 14.3267158879898 14.211966292467 14.2621692405082 14.2987456740811 14.211966292467 14.3102206336334 14.414212454576 14.610003951937 14.4816278419457 14.7125614029355 14.4170811944641 14.8036438943818 14.6394085357897 10.1790578209192 12.1299997288734 -9999 -9999 -9999 -9999 -9999 -9999 -9999 -9999 -9999 -9999 -9999 -9999 -9999 -9999 -9999 -9999
-9999 -9999 -9999 -9999 -9999 14.2205725121312 13.7508163554594 14.2973113041371 14.3568376568146 14.2707754601724 14.2671895353124 14.3661610614508 14.4400311135687 14.2714926451445 13.7049165172502 13.8763237255625 14.054902783595 14.0061342054978 13.8010193035007 13.8325754422694 13.6131168408319 13.4926297655329 13.4137394186109 14.2714926451445 14.2872707145289 14.2083803676069 14.2965941191651 14.3604235816747 14.3467970672064 14.41206089966 14.4070406048559 14.4350108187646 14.2693410902284 14.1488540149294 14.1961882230826 13.9021423845552 14.4342936337925 14.3790703909472 14.5375682697631 14.6616412699223 14.8366344030946 14.812250114046 11.8251309748001 11.3685270964634 11.8749997345731 -9999 -9999 -9999 -9999 -9999 -9999 -9999 -9999 -9999 -9999 -9999 -9999 -9999 -9999 -9999 -9999 -9999
-9999 -9999 -9999 -9999 -9999 14.2205725121312 13.9595171823166 13.8748893556185 14.0118716852739 14.2083803676069 14.3188268532977 14.4170811944641 14.2492599110119 14.0749839628115 13.8791924654506 13.7515335404314 13.3448896612972 14.052034043707 14.0305184945464 14.0097201303579 14.015457610134 14.0749839628115 14.3862422406673 14.453657628037 14.3819391308352 14.3231299631298 14.2987456740811 14.3840906857513 14.4264045991004 14.3926969054155 14.3647266915068 14.4665669575334 14.4443342234008 14.3575548417866 14.3353221076541 14.213400662411 14.3381908475421 14.2385021364316 11.4752396667443 13.4868922857568 10.6000454917058 13.6285551910191 10.5174241712777 11.9328085789133 10.4085732206932 11.9525296420765 -9999 -9999 -9999 -9999 -9999 -9999 -9999 -9999 -9999 -9999 -9999 -9999 -9999 -9999 -9999 -9999
-9999 -9999 -9999 -9999 -9999 14.1761070438661 14.2248756219633 14.334604922682 14.1531571247615 14.4436170384288 14.4393139285967 14.4385967436247 14.4163640094921 14.4572435528971 14.2234412520193 14.3704641712829 13.9623859222047 14.1524399397895 14.2879878995009 14.1789757837541 14.3152409284376 14.5511947842315 14.5841852929443 14.5146183506586 14.3288674429059 14.3052003388293 14.3482314371504 14.3102206336334 14.3102206336334 14.4694356974214 14.5139011656865 14.3568376568146 14.3690298013389 14.3539689169265 14.1847132635303 14.2851191596128 14.1961882230826 14.2241584369913 14.2341990265995 14.4099093447439 14.3252815180458 10.2914706138015 12.2206504422733 -9999 -9999 -9999 -9999 13.2249997043982 13.2249997043982 -9999 -9999 -9999 -9999 -9999 -9999 -9999 -9999 -9999 -9999 -9999 -9999 -9999
-9999 -9999 -9999 -9999 -9999 14.0972166969441 14.1646320843138 14.1216009859927 14.1015198067762 14.33388773771 14.3224127781577 14.4801934720017 14.4981230963022 14.4830622118898 14.5074465009384 14.5067293159664 14.4192327493802 14.2270271768793 14.2478255410679 14.2578661306761 14.4292733389884 14.4228186742403 14.5060121309943 14.3955656453036 14.3446455122903 14.3209784082137 14.2456739861518 14.1782585987821 14.2765129399486 14.1151463212445 14.4464857783169 14.452223258093 14.649449125398 14.3668782464229 12.7152012558654 14.0835901824757 14.0362559743226 12.3107089316472 10.8180486345664 -9999 -9999 -9999 -9999 -9999 -9999 -9999 -9999 -9999 -9999 -9999 -9999 -9999 -9999 -9999 -9999 -9999 -9999 -9999 -9999 -9999 -9999 -9999
-9999 -9999 -9999 -9999 -9999 14.2227240670472 14.1689351941459 14.5447401194833 14.253563020844 14.4084749747999 14.3898281655274 14.4292733389884 13.7493819855154 14.3475142521784 14.5382854547352 14.4880825066939 14.3611407666467 14.4801934720017 14.3833735007793 14.3625751365907 14.4672841425054 14.49023406161 14.4550919979811 14.2650379803963 14.4550919979811 14.2098147375509 14.251411465928 13.896404904779 13.9315469684079 14.3386689708568 14.2191381421871 14.2442396162078 14.2657551653683 14.3862422406673 14.5081636859104 14.2205725121312 14.1244697258808 14.3926969054155 14.3747672811151 10.4948529903044 11.6199997402728 -9999 -9999 -9999 -9999 -9999 -9999 -9999 -9999 -9999 -9999 -9999 -9999 -9999 -9999 -9999 -9999 -9999 -9999 -9999 -9999 -9999
-9999 -9999 -9999 -9999 -9999 14.2750785700046 14.1208838010207 14.2399365063757 14.1926022982225 14.0850245524198 14.4256874141283 14.451506073121 14.4357280037366 14.1000854368322 14.5662556686439 14.5103152408265 14.3482314371504 14.4651325875893 14.5569322640076 14.5246589402668 14.4794762870297 14.5160527206026 14.4974059113301 14.5174870905466 14.5038605760783 14.3424939573742 14.2241584369913 14.2686239052564 13.4402752625756 14.2585833156481 14.2772301249206 14.3052003388293 14.3353221076541 14.3589892117307 14.2621692405082 14.331736182794 14.2808160497807 14.2628864254802 14.2736442000605 9.9517712584143 10.6129126364411 -9999 12.3932584924046 8.72972185677445 13.8347269971855 12.1599997282028 -9999 -9999 -9999 -9999 -9999 -9999 -9999 -9999 -9999 -9999 -9999 -9999 -9999 -9999 -9999 -9999
-9999 -9999 -9999 -9999 -9999 14.2449568011798 14.1388134253211 14.213400662411 14.171803934034 14.1624805293977 14.3059175238013 14.4550919979811 14.5641041137278 14.4500717031769 14.5863368478604 14.5533463391475 14.5296792350709 14.5813165530562 14.4364451887086 14.3819391308352 14.650883495342 14.6960661485791 14.7369456919841 14.7261879174039 14.7068239231594 14.2836847896688 14.5060121309943 13.8985564596951 14.3575548417866 14.5002746512182 14.4715872523375 14.4235358592123 14.3797875759192 14.2657551653683 14.0828729975037 14.1266212807968 13.7622913150117 13.114287108756 14.6042664721608 14.4414654835127 14.4170811944641 13.4897610256448 13.8906674250029 14.0183263500221 13.853373806458 12.9298926866066 12.8849997119978 -9999 -9999 -9999 -9999 -9999 -9999 -9999 -9999 -9999 -9999 -9999 -9999 -9999 -9999 -9999
-9999 -9999 -9999 -9999 -9999 14.3467970672064 14.3367564775981 14.3611407666467 14.3568376568146 14.1804101536982 14.2298959167674 14.4780419170856 14.5468916743994 14.5755790732801 14.4723044373095 15.2346720625646 14.6429944606498 14.6537522352301 14.5741447033361 14.5339823449031 14.5569322640076 14.491668431554 14.6157414317131 14.7512893914245 14.8251594435424 14.5676900385879 14.5296792350709 14.5146183506586 14.5433057495393 14.6092867669649 14.6544694202021 14.6193273565732 14.6315195010975 14.4271217840724 14.371181356255 14.3654438764788 14.4242530441843 14.1588946045376 14.4256874141283 13.9681234019808 14.1445509050973 14.0477309338748 14.0341044194065 13.935132893268 13.8999908296391 13.7474946566416 -9999 -9999 -9999 -9999 -9999 -9999 -9999 -9999 -9999 -9999 -9999 -9999 -9999 -9999 -9999 -9999
-9999 -9999 -9999 -9999 -9999 14.3561204718426 14.3130893735215 14.3188268532977 14.1890163733624 14.2298959167674 14.5468916743994 14.5282448651269 14.5899227727205 14.4708700673655 14.6709646745585 14.9542527385056 14.689611483831 14.4809106569737 14.6035492871888 14.611438321881 14.5884884027764 14.6444288305938 14.7685018307529 14.8452406227589 14.6408429057337 14.4048890499398 14.690328668803 14.6659443797544 14.81009855913 14.7082582931034 14.6960661485791 14.6322366860695 14.7921689348295 14.5483260443434 14.6221960964613 14.2385021364316 14.3833735007793 14.6078523970209 14.4493545182049 14.1251869108528 14.2851191596128 14.2370677664876 13.8483535116538 14.1940366681665 13.9250923036598 13.932981338352 10.9581766700347 -9999 -9999 8.91202057675192 -9999 -9999 -9999 -9999 10.9150669761002 -9999 -9999 -9999 -9999 -9999 -9999 -9999
-9999 -9999 -9999 -9999 -9999 14.3819391308352 14.4988402812742 14.7347941370681 14.5791649981402 14.2887050844729 14.4278389690444 14.4593951078132 14.4773247321136 14.4450514083728 14.6279335762374 14.6838740040548 14.7677846457809 14.8007751544937 14.7907345648855 14.7864314550534 15.0073244264349 15.0539414496161 14.9334543743171 15.0245368657634 14.9140903800726 14.7111270329915 14.5798821831122 14.6150242467411 14.6458632005379 14.7448347266763 14.2650379803963 14.8825342413038 14.8222907036543 14.4844965818338 14.4221014892682 14.33388773771 14.4371623736806 14.6049836571328 14.1832788935862 14.3417767724022 14.4371623736806 14.3281502579339 13.059629338677 13.8827783903107 13.9179204539396 13.8648487660103 11.2048097047955 9.44647254332599 9.27253409393597 9.07010863558389 -9999 -9999 -9999 9.75946643878324 9.54896285188705 -9999 -9999 -9999 -9999 -9999 -9999 -9999
-9999 -9999 -9999 -9999 -9999 14.4723044373095 14.5655384836718 14.4809106569737 14.5648212986998 14.3754844660871 14.5275276801549 14.5684072235599 14.6351054259576 14.6308023161255 14.6408429057337 14.7132785879076 14.7175816977397 14.7190160676837 14.9356059292331 14.9721823628061 14.9793542125262 15.0195165709592 14.9033326054923 14.8187047787942 14.8674733568914 14.7598956110887 14.6394085357897 14.5282448651269 14.6322366860695 14.692480223719 14.5339823449031 14.7247535474598 14.9485152587295 14.689611483831 14.4959715413861 14.6336710560136 14.4493545182049 14.4565263679251 14.5038605760783 14.4593951078132 14.4751731771976 10.0117426211364 13.935132893268 13.9946592459455 13.8246864075772 10.298727990943 -9999 14.6551866051741 13.8978392747231 9.75223534566602 8.42441925192504 8.55874956790599 -9999 9.78650593008989 8.46672519950247 -9999 -9999 -9999 -9999 -9999 -9999 -9999
-9999 -9999 -9999 -9999 -9999 14.3862422406673 14.5440229345113 14.5189214604907 14.4199499343522 14.7434003567323 14.5999633623287 14.2076631826349 14.7075411081314 14.7835627151653 14.8301797383465 14.8029267094098 14.732642582152 14.6853083739989 14.7398144318722 14.8366344030946 14.8796655014157 14.9951322819106 14.8717764667235 14.9779198425822 14.9262825245969 14.8158360389061 14.7900173799135 14.5540635241196 14.5461744894274 14.6300851311535 14.6673787496984 14.7448347266763 14.5820337380283 14.7928861198016 14.7003692584112 14.6264992062934 14.6264992062934 14.6939145936631 10.5134341078223 7.85074922023341 10.4408616958894 10.3720782650635 14.6853083739989 14.0412762691267 13.9853358413093 9.22681355196983 -9999 13.0149997090921 14.1524399397895 10.1623713870649 9.32300497905948 9.17424583185867 14.2700582752004 14.371181356255 11.6527348027356 -9999 -9999 -9999 -9999 -9999 -9999 -9999
-9999 -9999 -9999 -9999 -9999 14.4063234198838 14.5246589402668 14.7147129578516 14.7448347266763 14.4393139285967 15.0023041316308 14.5440229345113 14.6867427439429 14.7677846457809 14.7512893914245 14.6860255589709 14.6723990445025 14.6967833335511 14.8545640273951 14.8014923394658 14.9255653396249 15.0274056056514 14.9334543743171 14.9872432472184 14.7591784261167 14.7182988827117 14.5899227727205 14.7061067381874 14.5511947842315 14.6487319404259 14.6652271947823 14.5770134432241 14.6422772756778 14.612155506853 14.7061067381874 14.4550919979811 9.14891543945358 9.63747435867383 7.8349998248741 9.4985214172655 11.6171910637058 14.214117847383 14.3948484603316 14.0118716852739 14.1266212807968 9.70112262447522 9.15468968934906 -9999 9.99430392702509 14.3518173620105 14.4672841425054 14.5748618883081 14.2800988648087 14.3252815180458 13.8426734066755 13.8699996899813 -9999 -9999 -9999 -9999 -9999 -9999
-9999 -9999 -9999 -9999 -9999 14.6408429057337 14.5641041137278 14.6214789114892 14.6193273565732 14.5899227727205 14.9944150969386 14.7512893914245 14.8395031429827 14.7864314550534 14.9406262240373 14.7943204897456 14.8172704088502 14.8445234377868 14.8803826863877 14.8165532238781 14.9958494668826 15.0144962761551 15.0711538889445 15.1471754959784 15.0984069178812 14.9987182067707 14.9779198425822 14.8337656632066 14.5296792350709 14.493102801498 14.4737388072535 14.4622638477013 14.4622638477013 14.4730216222815 14.4852137668058 9.5323343500495 14.5519119692035 14.5641041137278 -9999 10.2184014630038 14.2557145757601 14.530396420043 14.1122775813565 13.9458906678483 14.2456739861518 14.5827509230003 -9999 14.9133731951006 14.1380962403491 14.2083803676069 14.9054841604084 15.170842600055 14.8416546978988 14.8782311314717 14.0149996867403 -9999 -9999 -9999 -9999 -9999 -9999 -9999
