EcologicalScience/Bass/data/rs_data_bass/sst_345.asc
NCOLS 226 
NROWS 124 
XLLCORNER -9.41648524995501 
YLLCORNER 47.587301625531 
CELLSIZE 0.0833 
NODATA_value -9999 
[rows 0 to 26 of 124, columns 62 to 123 of 226]
-9999 -9999 -9999 -9999 -9999 -9999 -9999 -9999 -9999 -9999 -9999 -9999 -9999 -9999 -9999 -9999 -9999 -9999 -9999 -9999 -9999 -9999 -9999 -9999 -9999 -9999 -9999 -9999 -9999 -9999 -9999 -9999 -9999 -9999 -9999 -9999 -9999 -9999 -9999 -9999 -9999 -9999 -9999 -9999 -9999 -9999 -9999 -9999 -9999 -9999 -9999 -9999 -9999 -9999 -9999 -9999 -9999 -9999 -9999 -9999 -9999 -9999
-9999 -9999 -9999 -9999 -9999 -9999 -9999 -9999 -9999 -9999 -9999 -9999 -9999 -9999 -9999 -9999 -9999 -9999 -9999 -9999 -9999 -9999 -9999 -9999 -9999 -9999 -9999 -9999 -9999 -9999 -9999 -9999 -9999 -9999 -9999 -9999 -9999 -9999 -9999 -9999 -9999 -9999 -9999 -9999 -9999 -9999 -9999 -9999 -9999 -9999 -9999 -9999 -9999 -9999 -9999 -9999 -9999 -9999 -9999 -9999 -9999 -9999
-9999 -9999 -9999 -9999 -9999 -9999 -9999 -9999 -9999 -9999 -9999 -9999 -9999 -9999 -9999 -9999 -9999 -9999 -9999 -9999 -9999 -9999 -9999 -9999 -9999 -9999 -9999 -9999 -9999 -9999 -9999 -9999 -9999 -9999 -9999 -9999 -9999 -9999 -9999 -9999 -9999 -9999 -9999 -9999 -9999 -9999 -9999 -9999 -9999 -9999 -9999 -9999 -9999 -9999 -9999 -9999 -9999 -9999 -9999 -9999 -9999 -9999
-9999 -9999 -9999 -9999 -9999 -9999 -9999 -9999 -9999 -9999 -9999 -9999 -9999 -9999 -9999 -9999 -9999 -9999 -9999 -9999 -9999 -9999 -9999 -9999 -9999 -9999 -9999 -9999 -9999 -9999 -9999 -9999 -9999 -9999 -9999 -9999 -9999 -9999 -9999 -9999 -9999 -9999 -9999 -9999 -9999 -9999 -9999 -9999 -9999 -9999 -9999 -9999 -9999 -9999 -9999 -9999 -9999 -9999 -9999 -9999 -9999 -9999
-9999 -9999 -9999 -9999 -9999 -9999 -9999 -9999 -9999 -9999 -9999 -9999 -9999 -9999 -9999 -9999 -9999 -9999 -9999 -9999 -9999 -9999 -9999 -9999 -9999 -9999 -9999 -9999 -9999 -9999 -9999 -9999 -9999 -9999 -9999 -9999 -9999 -9999 -9999 -9999 -9999 -9999 -9999 -9999 -9999 -9999 -9999 -9999 -9999 -9999 -9999 -9999 -9999 -9999 -9999 -9999 -9999 -9999 -9999 -9999 -9999 -9999
-9999 -9999 -9999 -9999 -9999 -9999 -9999 -9999 -9999 -9999 -9999 -9999 -9999 -9999 -9999 -9999 -9999 -9999 -9999 -9999 -9999 -9999 -9999 -9999 -9999 -9999 -9999 -9999 9.68999978341162 9.78105409834534 12.8442945508286 13.3491927711293 13.4044160139747 14.214835032355 14.4708700673655 13.9415875580162 14.0721152229235 15.1536301607266 13.3405865514651 13.1304513546638 13.7328867311589 13.495498505421 13.3219397421926 13.7063508871943 14.7670674608089 13.8003021185286 13.9272438585758 14.212683477439 14.054902783595 13.8813440203667 13.816080187913 13.8289895174094 13.7924130838364 13.7572710202076 13.693441557698 13.6446729796007 13.7436445057392 13.6582994940691 13.6998962224461 13.7041993322782 13.7041993322782 13.6755119333975
-9999 -9999 -9999 -9999 -9999 -9999 -9999 -9999 -9999 -9999 -9999 -9999 -9999 -9999 -9999 -9999 -9999 -9999 -9999 -9999 -9999 -9999 -9999 -9999 -9999 -9999 -9999 10.4660195354954 12.8665272849612 12.7030091113411 12.8113040421158 13.6905728178099 13.7228461415507 14.1294900206849 13.892818979919 13.9093142342754 14.3159581134096 14.174672673922 14.451506073121 14.2657551653683 14.6308023161255 14.17395548895 13.7622913150117 13.7056337022223 14.293008194305 14.5153355356306 13.6274605402723 14.2284615468234 13.7579882051796 13.816797372885 13.9817499164492 13.9666890320368 13.9136173441075 13.9028595695272 13.8418988469057 13.7565538352355 13.7895443439484 13.7386242109351 13.7816553092562 13.7285836213268 13.7909787138924 13.217230736278
-9999 -9999 -9999 -9999 -9999 -9999 -9999 -9999 -9999 -9999 -9999 -9999 -9999 -9999 -9999 -9999 -9999 -9999 -9999 -9999 -9999 -9999 -9999 -9999 -9999 -9999 13.3699911353178 13.37788017001 12.6728873425163 12.6628467529081 12.5724814464338 13.4029816440307 13.179219932761 13.5916012916714 13.7716147196479 13.5069734649733 13.6575823090971 13.7479476155713 13.5621967078187 14.1596117895097 13.7866756040603 13.8282723324373 14.7132785879076 13.8971220897511 14.5268104951829 13.892818979919 13.3642536555417 13.9200720088556 13.338434996549 13.2667164993472 13.4001129041426 13.5299233840778 14.0283669396304 14.0061342054978 13.9889217661694 13.9810327314772 13.8899502400309 13.6425214246847 13.8196661127731 13.8254035925493 13.8727378007025 13.8576769162901
-9999 -9999 -9999 -9999 -9999 -9999 -9999 -9999 -9999 -9999 -9999 -9999 -9999 -9999 -9999 -9999 -9999 -9999 -9999 -9999 -9999 -9999 -9999 -9999 -9999 10.8374936415814 13.6339152050205 12.5861079609022 13.1039155106992 13.0458235279657 13.2200994761661 13.4517502221279 13.0271767186932 13.6984618525021 13.8117770780809 13.4739829562604 13.1598559385166 13.4388408926316 13.2853633086197 13.7601397600956 13.6704916385934 13.7436445057392 13.9186376389116 14.491668431554 13.8354441821575 14.2471083560959 13.8304238873534 14.0161747951061 14.3259987030178 14.1122775813565 14.3245643330738 14.2664723503403 14.1768242288381 14.133075945545 14.1086916564964 14.0269325696863 14.0025482806377 13.4890438406728 13.9516281476244 13.8526566214859 13.896404904779 13.9788811765611
-9999 -9999 -9999 -9999 -9999 -9999 -9999 -9999 -9999 -9999 -9999 -9999 -9999 -9999 -9999 -9999 -9999 -9999 -9999 -9999 -9999 -9999 -9999 -9999 -9999 9.68129492695688 13.2789086438715 13.4660939215682 13.5951872165315 13.0121158342808 13.1326029095799 13.4080019388348 13.1483809789643 13.2086245166138 13.0924405511469 12.8615069901571 13.4589220718481 13.7228461415507 13.5076906499453 14.2729270150885 14.8940092008561 14.4816278419457 14.7950376747176 14.7240363624878 14.4156468245201 14.0054170205258 13.7916958988644 14.1094088414684 13.6088137309998 13.8383129220456 14.1983397779986 14.4880825066939 14.4034546799958 14.3267158879898 14.2700582752004 14.17395548895 14.052751228679 13.7063508871943 13.9236579337157 13.8820612053387 14.0090029453859 14.0276497546583
-9999 -9999 -9999 -9999 -9999 -9999 -9999 -9999 -9999 -9999 -9999 -9999 -9999 -9999 -9999 -9999 -9999 -9999 -9999 -9999 -9999 -9999 -9999 -9999 13.4675282915123 13.2344431756064 13.2079073316418 13.6030762512237 13.4244971931912 13.0852687014267 13.1727652680129 12.7711416836828 13.0013580597006 13.5428327135742 13.3649708405137 13.9638202921487 13.6281777252443 14.4342936337925 14.533265159931 14.571275963448 13.9423047429882 14.6953489636071 13.8748893556185 14.2844019746408 14.5447401194833 14.4586779228412 14.4213843042962 13.9631031071767 14.1524399397895 14.7025208133273 14.5805993680842 14.6422772756778 14.5762962582521 14.4766075471416 14.4177983794361 14.3848078707233 14.4048890499398 14.1036713616922 14.1230353559367 13.9007080146112 14.2076631826349 14.2406536913477
-9999 -9999 -9999 -9999 -9999 -9999 -9999 -9999 -9999 -9999 -9999 -9999 -9999 -9999 -9999 -9999 -9999 -9999 -9999 -9999 -9999 -9999 -9999 -9999 13.3219397421926 13.2667164993472 13.2301400657743 13.3886379445903 13.3592333607376 13.5335093089379 13.4625079967082 13.2495040600188 13.2631305744871 13.5005188002251 13.775200644508 14.2205725121312 13.9537797025405 13.7135227369145 14.0011139106937 15.0840632184409 15.0008697616868 14.6085695819929 14.8631702470593 14.4737388072535 14.9105044552125 15.247581392061 13.9150517140515 15.3042390048504 14.649449125398 14.0656605581753 14.7477034665644 14.5935086975805 14.4644154026173 14.371181356255 14.4730216222815 14.5791649981402 14.5002746512182 14.2055116277188 14.2234412520193 14.3245643330738 14.3848078707233 14.3389080325142
-9999 -9999 -9999 -9999 -9999 -9999 -9999 -9999 -9999 -9999 -9999 -9999 -9999 -9999 -9999 -9999 -9999 -9999 -9999 -9999 -9999 -9999 -9999 11.0349997533485 13.0436719730496 13.018570499029 13.2287056958303 13.2308572507463 13.3169194473885 13.5435498985462 12.8823053543456 13.0924405511469 13.4990844302811 14.0197607199661 13.933698523324 14.4256874141283 14.8983123106882 15.2375408024527 14.3683126163669 15.4756462131627 15.1443067560904 15.0639820392244 14.8674733568914 14.9212622297928 14.6709646745585 15.3938871263526 15.089800698217 14.8538468424231 15.2777031608857 14.8674733568914 14.9269997095689 14.6386913508177 14.5805993680842 14.3790703909472 14.3640095065348 14.7082582931034 14.2298959167674 14.5346995298751 14.5131839807145 14.4830622118898 14.331018997822 14.410626529716
-9999 -9999 -9999 -9999 -9999 -9999 -9999 -9999 -9999 -9999 -9999 -9999 -9999 -9999 -9999 -9999 -9999 -9999 -9999 -9999 -9999 10.1033128903104 11.8286302331835 12.7474745796062 13.0085299094208 13.1957151871175 13.334849071689 13.4876094707288 13.5485701933503 13.495498505421 13.3549302509055 14.0900448472239 14.0699636680074 14.4328592638485 14.3353221076541 14.9126560101286 15.1579332705587 15.6348612769507 14.729773842264 15.5574052999727 15.0173650160432 15.6018707682379 15.6370128318667 15.8765526125208 14.5906399576925 15.2296517677605 14.8581499522552 15.287743750494 15.3472701031715 15.3651997274719 15.1184880970977 14.9621417731978 14.7068239231594 14.3926969054155 14.214117847383 14.4335764488205 14.6795708942227 14.6315195010975 14.3905453504995 14.5619525588118 14.4479201482609 14.4307077089325
-9999 -9999 -9999 -9999 -9999 -9999 -9999 -9999 -9999 -9999 -9999 -9999 -9999 -9999 -9999 -9999 -9999 -9999 -9999 -9999 9.29675467771923 12.8686788398772 12.5179753885604 13.3334147017449 13.0730765569024 13.3205053722486 13.7099368120544 13.5951872165315 13.6712088235654 13.8225348526612 13.7235633265227 14.1832788935862 14.6300851311535 14.4873653217219 14.9327371893451 15.3501388430595 14.7075411081314 15.089083513245 15.1837519295514 14.850260917563 14.8237250735983 15.5086367218755 15.5717489994131 15.6649830457754 14.850260917563 14.6229132814333 14.849543732591 15.2719656811096 15.1600848254748 15.5179601265118 15.3608966176398 15.1658223052509 15.0596789293922 14.9470808887854 14.690328668803 14.7900173799135 14.6437116456218 14.653035050258 14.5892055877484 14.4063234198838 14.491668431554 14.3374736625701
-9999 -9999 -9999 -9999 -9999 -9999 -9999 -9999 -9999 -9999 -9999 -9999 -9999 -9999 -9999 -9999 -9999 -9999 -9999 -9999 10.8224397785603 13.7371898409911 13.7041993322782 13.3075960427523 13.1871089674532 13.0723593719304 13.2925351583399 13.5901669217274 13.7371898409911 13.7895443439484 13.8971220897511 14.4264045991004 14.4436170384288 14.6021149172448 14.3640095065348 15.2282173978165 15.2318033226766 14.253563020844 14.4099093447439 15.3336435887031 15.1658223052509 15.1199224670418 15.407513640821 14.848826547619 15.4534134790301 14.8703420967795 15.4225745252334 15.2396923573688 15.4283120050095 14.932020004373 14.8782311314717 15.5946989185177 15.4132511205971 15.1830347445793 15.0646992241964 14.9126560101286 14.3073518937454 14.6810052641667 14.0061342054978 14.3948484603316 14.4672841425054 14.4801934720017
-9999 -9999 -9999 -9999 -9999 -9999 -9999 -9999 -9999 -9999 -9999 -9999 -9999 -9999 -9999 -9999 -9999 -9999 12.9883876931854 12.9855799903162 13.2911007883959 13.5614795228466 13.6712088235654 13.4424268174917 13.2114932565019 13.5270546441898 13.4187597134151 13.5944700315595 13.8591112862341 13.7981505636126 14.1560258646496 14.3525345469825 14.6838740040548 15.0811944785528 15.0596789293922 15.9461195548065 15.1507614208385 14.7849970851094 15.3343607736751 15.2590563516133 14.9872432472184 15.0797601086088 15.0811944785528 15.0941038080491 15.4240088951774 15.925321190618 15.606891063042 15.6054566930979 14.1617633444257 14.7233191775158 15.2576219816692 15.1127506173216 15.3114108545706 15.3888668315485 15.0926694381051 14.7613299810328 14.5784478131682 14.7104098480195 14.6028321022168 14.5956602524966 14.5612353738397 14.4048890499398
-9999 -9999 -9999 -9999 -9999 -9999 -9999 -9999 -9999 -9999 -9999 -9999 -9999 -9999 -9999 -9999 7.93973814193159 14.1237525409088 13.5578935979865 13.7257148814388 13.9989623557776 13.9709921418689 13.7787865693681 13.7013305923901 14.0785698876716 13.8705862457864 13.7802209393121 14.1445509050973 14.2693410902284 14.3632923215628 14.4077577898279 14.5031433911063 14.5067293159664 14.4048890499398 15.1859034844674 15.1830347445793 15.4648884385824 14.8409375129268 14.4887996916659 14.5017090211622 15.1923581492156 15.1407208312303 15.0704367039725 14.8294625533745 14.809381374158 15.36806846736 16.2000030349009 16.1913968152367 15.9332102253102 15.725226583425 15.9611804392189 15.3164311493747 15.1945097041316 14.6860255589709 14.3948484603316 14.930585634429 14.8767967615277 14.7806939752772 14.7240363624878 14.7276222873479 14.6845911890268 14.2779473098926
-9999 -9999 -9999 -9999 -9999 -9999 -9999 -9999 -9999 -9999 5.77499987091869 8.37348816308962 9.06975004309788 9.0699997972697 -9999 -9999 7.94314705943689 13.5550248580985 14.052034043707 14.2062288126908 14.1610461594537 14.1560258646496 14.0592058934271 14.0405590841547 14.1151463212445 14.1208838010207 14.0721152229235 14.0046998355538 13.9824671014212 14.3367564775981 14.1847132635303 14.1194494310766 14.7161473277956 14.610721136909 15.1400036462583 14.97003080789 14.8595843221992 15.4942930224352 15.128528686706 14.4256874141283 14.7082582931034 14.932020004373 14.691763038747 14.3640095065348 14.8531296574511 14.9126560101286 15.4928586524911 15.8342386991717 16.1964171100408 16.5901516596787 16.8296914403327 16.6288796481676 16.4165928964503 16.0988799538463 15.7187719186768 15.008758796379 14.9191106748767 14.8330484782346 14.9097872702405 14.8337656632066 14.7670674608089 14.692480223719
-9999 -9999 -9999 -9999 -9999 -9999 -9999 -9999 -9999 -9999 -9999 -9999 -9999 -9999 -9999 -9999 -9999 -9999 9.70674285850536 14.5949430675246 13.8024536734447 14.0226294598542 14.0972166969441 13.9423047429882 13.9559312574565 13.8820612053387 14.1309243906289 14.1251869108528 14.372615726199 14.5612353738397 14.2241584369913 14.1459852750413 14.4794762870297 15.5896786237136 15.1837519295514 15.1407208312303 15.0274056056514 15.1041443976574 15.8564714333043 15.5222632363439 14.9499496286735 14.9449293338694 15.2023987388238 15.3444013632834 15.6212347624823 15.4110995656811 15.6241035023704 14.213400662411 15.3716543922201 16.3484603241086 16.5342112318613 16.9996642787009 17.1481215679087 16.24590287311 16.1770531157963 15.6004363982938 14.2879878995009 14.8968779407442 15.1019928427413 14.968596437946 14.7434003567323 14.8631702470593
-9999 -9999 -9999 -9999 -9999 -9999 -9999 -9999 -9999 -9999 -9999 -9999 -9999 -9999 11.0625332460739 12.5351878278889 13.1775704073254 13.2946867132559 13.4366893377155 13.0752281118184 13.8254035925493 14.0843073674478 14.0348216043785 14.1804101536982 13.8827783903107 14.1058229166083 14.2600176855922 14.1653492692858 14.1137119513005 14.3926969054155 14.6078523970209 15.127811501734 15.1457411260344 15.1349833514541 15.1529129757546 15.1385692763142 15.1572160855867 14.9528183685616 15.0309915305115 15.0632648542523 15.1500442358665 15.2447126521729 15.1787316347472 15.5007476871833 15.7940763407387 14.6788537092507 15.0159306460992 15.9891506531276 14.3776360210031 15.6190832075663 16.1368907573633 16.3269447749481 16.3541978038847 17.1882839263417 15.3221686291508 14.7053895532154 14.7333597671241 14.7340769520961 15.0991241028532 15.0209509409033 13.61598558072 14.5956602524966
-9999 -9999 -9999 -9999 -9999 -9999 -9999 -9999 -9999 -9999 -9999 -9999 6.86390970574418 12.5852473389357 14.6286507612094 14.1761070438661 14.8667561719194 13.8096255231649 14.294442564249 14.173238303978 14.4013031250797 14.293008194305 14.2736442000605 14.134510315489 13.8770409105346 14.4027374950238 14.2750785700046 13.5514389332384 14.0735495928675 14.4221014892682 14.6178929866292 14.6487319404259 14.7749564955011 14.9592730333097 15.0704367039725 15.088366328273 15.0144962761551 15.1012756577693 15.0360118253157 15.1199224670418 14.7835627151653 14.7849970851094 14.8086641891859 14.9908291720785 15.8277840344235 15.6298409821466 16.0020599826239 14.1775414138101 14.6437116456218 14.3869594256394 15.2361064325087 14.7190160676837 15.0646992241964 15.7861873060465 15.6850642249919 15.1335489815101 15.1507614208385 15.0589617444202 14.9535355535336 15.0360118253157 14.3876766106114 14.0283669396304
-9999 -9999 -9999 -9999 -9999 -9999 -9999 -9999 -9999 -9999 11.88996041473 11.6742072689813 11.4615619247779 12.8148899669759 17.3453474352136 13.1899777073413 13.9308297834359 14.172521119006 13.9996795407496 14.1947538531385 14.3955656453036 14.2793816798367 14.2614520555362 14.1617633444257 14.2248756219633 13.8799096504226 14.2729270150885 13.9968108008616 13.8569597313181 14.1926022982225 14.254280205816 13.8985564596951 14.7039551832713 14.771370570641 14.928434079513 15.0474867848679 15.0668507791124 15.0797601086088 15.1543473456986 14.8416546978988 14.8803826863877 15.0804772935808 14.9721823628061 15.0008697616868 15.3795434269123 15.5710318144411 15.6936704446562 15.2590563516133 14.8050782643259 14.4264045991004 14.9664448830299 14.4651325875893 14.2456739861518 15.0331430854276 14.8638874320313 15.9009369015694 16.1031830636784 15.2748344209976 15.7811670112424 15.5236976062879 15.4204229703173 14.7799767903052
-9999 -9999 -9999 -9999 -9999 -9999 -9999 -9999 -9999 -9999 -9999 7.10806041174127 14.5157658466138 11.8931768806651 17.199758885894 13.2967759042614 13.8149996912107 -9999 -9999 9.22999979369342 6.59499985259026 9.80898398655099 13.9831842863932 14.4593951078132 14.6975005185232 14.1266212807968 13.5399639736861 14.0642261882313 13.6461073495448 13.7063508871943 14.0441450090148 14.1280556507409 13.8834955752827 14.8007751544937 14.7218848075718 14.8445234377868 15.0015869466588 15.0625476692803 14.9348887442611 14.9528183685616 14.9521011835895 15.0431836750358 15.2131565134041 15.3910183864646 14.9356059292331 15.4340494847856 15.366634097416 15.4935758374631 15.6176488376223 15.0467695998959 15.0682851490565 15.1550645306706 14.731208212208 15.7603686470538 15.1521957907826 15.8966337917373 16.1275673527271 15.5717489994131 15.3221686291508 15.7969450806268 14.7742393105291 14.6042664721608
-9999 -9999 -9999 -9999 -9999 -9999 -9999 -9999 -9999 -9999 -9999 -9999 -9999 -9999 -9999 -9999 -9999 -9999 -9999 -9999 -9999 -9999 -9999 -9999 -9999 13.9150517140515 14.1459852750413 13.7809381242841 13.4452955573797 14.094347957056 13.3219397421926 13.377162985038 13.7881099740043 13.4259315631352 14.5382854547352 14.5970946224406 14.7125614029355 14.7849970851094 15.0152134611271 15.2131565134041 15.4275948200375 15.366634097416 15.5581224849448 15.1113162473775 15.0324259004556 14.8373515880667 15.5753349242732 15.8320871442556 15.6606799359433 15.5868098838255 15.8751182425767 16.0601519653574 15.287743750494 13.9846186563373 15.0023041316308 15.6943876296282 16.0895565492101 16.0730612948537 15.5932645485736 15.2145908833481 15.1428723861463 14.6035492871888
-9999 -9999 -9999 -9999 -9999 -9999 -9999 -9999 -9999 -9999 -9999 -9999 -9999 -9999 -9999 -9999 -9999 -9999 -9999 -9999 -9999 -9999 -9999 -9999 -9999 10.6396679468453 14.2205725121312 14.0211950899102 13.9258094886318 14.1689351941459 14.0111545003019 13.178502747789 13.2423322102986 13.9401531880721 13.6575823090971 13.9258094886318 14.4959715413861 14.6394085357897 14.491668431554 15.1615191954188 15.3207342592068 15.1019928427413 14.8854029811919 15.0352946403436 15.3028046349064 16.0135349421762 15.9238868206739 15.3659169124439 15.2848750106059 15.5036164270714 15.5201116814278 15.4103823807091 15.5896786237136 15.6735892654397 15.8794213524088 16.0242927167565 15.1378520913422 15.0288399755955 16.0694753699936 15.3365123285912 15.2777031608857 15.0066072414629
-9999 -9999 -9999 -9999 -9999 -9999 -9999 -9999 -9999 -9999 -9999 -9999 -9999 -9999 -9999 -9999 -9999 -9999 -9999 -9999 -9999 -9999 -9999 -9999 -9999 -9999 -9999 11.7840561005287 13.3821832798421 13.4072847538628 13.6633197888732 12.4462568913586 13.3642536555417 13.2107760715298 13.1820886726491 13.7673116098158 13.5399639736861 14.3941312753595 14.6645100098103 15.1801660046913 14.891140460968 14.9133731951006 15.3802606118843 15.2009643688798 15.0352946403436 15.2332376926206 14.8165532238781 15.9332102253102 16.2236701389775 16.1347392024472 15.6377300168388 15.9769585086033 15.5495162652805 15.5932645485736 15.6563768261112 15.9597460692748 15.9626148091629 15.8299355893396 16.0013427976519 15.9977568727918 15.9920193930157 16.0121005722322
