EcologicalScience/Bass/data/rs_data_bass/sst_370.asc
NCOLS 226 
NROWS 124 
XLLCORNER -9.41648524995501 
YLLCORNER 47.587301625531 
CELLSIZE 0.0833 
NODATA_value -9999 
[rows 0 to 26 of 124, columns 62 to 123 of 226]
-9999 -9999 -9999 -9999 -9999 -9999 -9999 -9999 -9999 -9999 -9999 -9999 -9999 -9999 -9999 -9999 -9999 -9999 -9999 -9999 -9999 -9999 -9999 -9999 -9999 -9999 -9999 -9999 -9999 -9999 -9999 -9999 -9999 -9999 -9999 -9999 -9999 -9999 -9999 -9999 -9999 -9999 -9999 -9999 -9999 -9999 -9999 -9999 -9999 -9999 -9999 -9999 -9999 -9999 -9999 -9999 -9999 -9999 -9999 -9999 -9999 -9999
-9999 -9999 -9999 -9999 -9999 -9999 -9999 -9999 -9999 -9999 -9999 -9999 -9999 -9999 -9999 -9999 -9999 -9999 -9999 -9999 -9999 -9999 -9999 -9999 -9999 -9999 -9999 -9999 -9999 -9999 -9999 -9999 -9999 -9999 -9999 -9999 -9999 -9999 -9999 -9999 -9999 -9999 -9999 -9999 -9999 -9999 -9999 -9999 -9999 -9999 -9999 -9999 -9999 -9999 -9999 -9999 -9999 -9999 -9999 -9999 -9999 -9999
-9999 -9999 -9999 -9999 -9999 -9999 -9999 -9999 -9999 -9999 -9999 -9999 -9999 -9999 -9999 -9999 -9999 -9999 -9999 -9999 -9999 -9999 -9999 -9999 -9999 -9999 -9999 -9999 -9999 -9999 -9999 -9999 -9999 -9999 -9999 -9999 -9999 -9999 -9999 -9999 -9999 -9999 -9999 -9999 -9999 -9999 -9999 -9999 -9999 -9999 -9999 -9999 -9999 -9999 -9999 -9999 -9999 -9999 -9999 -9999 -9999 -9999
-9999 -9999 -9999 -9999 -9999 -9999 -9999 -9999 -9999 -9999 -9999 -9999 -9999 -9999 -9999 -9999 -9999 -9999 -9999 -9999 -9999 -9999 -9999 -9999 -9999 -9999 -9999 -9999 -9999 -9999 -9999 -9999 -9999 -9999 -9999 -9999 -9999 -9999 -9999 -9999 -9999 -9999 -9999 -9999 -9999 -9999 -9999 -9999 -9999 -9999 -9999 -9999 -9999 -9999 -9999 -9999 -9999 -9999 -9999 -9999 -9999 -9999
-9999 -9999 -9999 -9999 -9999 -9999 -9999 -9999 -9999 -9999 -9999 -9999 -9999 -9999 -9999 -9999 -9999 -9999 -9999 -9999 -9999 -9999 -9999 -9999 -9999 -9999 -9999 -9999 -9999 -9999 -9999 -9999 -9999 -9999 -9999 -9999 -9999 -9999 -9999 -9999 -9999 -9999 -9999 -9999 -9999 -9999 -9999 -9999 -9999 -9999 -9999 -9999 -9999 -9999 -9999 -9999 -9999 -9999 -9999 -9999 -9999 -9999
-9999 -9999 -9999 -9999 -9999 -9999 -9999 -9999 -9999 -9999 -9999 -9999 -9999 -9999 -9999 -9999 -9999 -9999 -9999 -9999 -9999 -9999 -9999 -9999 -9999 -9999 -9999 -9999 11.1099997516721 7.49082748359069 7.37002165941522 7.64918590977322 7.62067780713551 7.96385081624612 7.9670781486202 7.96528518619016 7.79710531025194 8.25904415072873 7.99128314142581 7.70315407891758 7.57800530130044 4.13982054544613 7.59701070305891 7.35137485014275 4.96816918812692 4.33991515263915 4.33991515263915 7.600596627919 8.15892512863502 6.90026550274342 6.99134799418971 7.05302590178326 7.14697713311762 8.46444592671469 8.48643959918991 8.48691772250459 4.10252692690119 4.83907589316368 7.47473066532984 7.66263312799856 7.25025176908821 3.88019958557561
-9999 -9999 -9999 -9999 -9999 -9999 -9999 -9999 -9999 -9999 -9999 -9999 -9999 -9999 -9999 -9999 -9999 -9999 -9999 -9999 -9999 -9999 -9999 -9999 -9999 -9999 -9999 11.2352777008481 7.84184968378395 6.78479872224852 7.40229498315603 6.96505121188238 7.58930096460972 7.48859624145553 7.68319243052974 7.74558752309531 7.9351634173654 8.04112749698106 8.01638461544644 7.76985228131525 7.77379679866135 7.71678059338592 7.61386454990134 7.46935177803971 4.45968504296616 3.90028076479211 4.40446180012077 8.08017821870744 8.16050293557346 6.82496108068153 6.77260657772422 6.64494765270501 6.97772147972137 6.43983275070786 8.47209589974955 8.38029622333124 8.45344909047708 3.90171513473615 8.54357533529401 7.84479811089113 7.92512282775715 8.53365427651443
-9999 -9999 -9999 -9999 -9999 -9999 -9999 -9999 -9999 -9999 -9999 -9999 -9999 -9999 -9999 -9999 -9999 -9999 -9999 -9999 -9999 -9999 -9999 -9999 -9999 -9999 7.90300962445326 7.64599443664774 6.81731110764667 6.91365295555443 6.72598955454305 6.88711711158976 6.43815931910649 7.61960202967748 7.68127993727103 7.88811608320102 7.4489120063372 7.58661152096465 7.54967649490573 7.91364786820486 7.68737600953318 7.8752784722019 7.9111377208028 7.54824212496169 4.26819665543735 6.21212652209215 4.61531418189406 4.60527359228581 8.00343942670152 7.75084687955678 5.58566544903442 6.75467695342377 6.54741049651057 6.9153263871558 8.58780174190179 8.67386393854395 7.86631366005167 8.02194279897958 8.48165836604312 8.70888647134416 7.61745047476143 7.2896969425492
-9999 -9999 -9999 -9999 -9999 -9999 -9999 -9999 -9999 -9999 -9999 -9999 -9999 -9999 -9999 -9999 -9999 -9999 -9999 -9999 -9999 -9999 -9999 -9999 -9999 -9999 5.58231858583167 6.34229559451342 6.8065533330664 7.73542740265839 7.02362131793052 6.94999032747 6.843607889954 7.91694691907614 7.94764243587852 8.14027831936255 8.04517959207296 7.99598070299253 7.50556961912662 7.82005522935651 7.75694295181893 7.2656712459866 7.74152347492054 7.56186863943003 7.11513412036002 7.79201329695061 3.67723623849452 4.78528702026233 4.17998290387914 4.23807488661259 7.82866144902073 8.93348489841446 9.14531525969505 8.54692219849676 8.08284835352634 8.54500970523804 6.99690617772285 8.7318662731559 8.21064213383943 8.71214368642541 8.77104250225239 7.51991331856698
-9999 -9999 -9999 -9999 -9999 -9999 -9999 -9999 -9999 -9999 -9999 -9999 -9999 -9999 -9999 -9999 -9999 -9999 -9999 -9999 -9999 -9999 -9999 -9999 -9999 11.0650215462144 6.47330138273537 4.9473708239384 7.86595506756566 7.38042084150948 7.39189580106176 7.41628009011038 7.1580935001839 7.14088106085546 7.27607042808086 7.22120577772148 7.20255896844901 8.18388316566125 8.08060852969065 8.18976408243179 8.07616198286414 7.18699605455622 6.84518569689244 6.39429150498472 7.96764165109822 6.65319527988322 3.86513870116323 8.7279396854341 4.22014526231214 3.91032135440037 8.62079225061461 8.35148929362185 8.77642138954252 8.96880625828635 8.74156619990245 8.99008734312912 7.57406078395434 8.23638110561296 8.14709157659672 8.08828240889125 8.47721181921661 7.81467634206638
-9999 -9999 -9999 -9999 -9999 -9999 -9999 -9999 -9999 -9999 -9999 -9999 -9999 -9999 -9999 -9999 -9999 -9999 -9999 -9999 -9999 -9999 -9999 -9999 12.0640624999069 6.22252570418641 7.1304818787612 5.529007836245 7.75682342099026 7.43743704678491 7.46791740809567 7.45393230114132 7.15379039035179 7.08924374287017 7.29543442232534 6.76507613551803 6.66144290706143 7.83045441145077 8.44680317640305 7.91852472601459 7.87090364387259 8.37766654510051 8.55438092220575 8.52110353950411 6.36911831246689 6.0308938796632 3.58973967190832 8.44436474749818 7.98335824748501 7.97001860700548 6.97571336179972 7.09161045327783 9.26052124565467 8.7875377566088 8.93321595404996 7.23382171336561 7.5249336133711 8.12916195229627 8.1302377297543 7.76978056281805 3.53236487414688 7.91938534798101
-9999 -9999 -9999 -9999 -9999 -9999 -9999 -9999 -9999 -9999 -9999 -9999 -9999 -9999 -9999 -9999 -9999 -9999 -9999 -9999 -9999 -9999 -9999 -9999 7.64936520601623 7.14339120825753 6.52302620746195 6.90552485920489 6.12498854799196 5.0549485697411 5.1983855641447 7.97066407348029 8.12772758235224 8.12952054478228 8.50848108399659 7.47473066532984 7.15630053775385 7.10179447988048 7.4370784542989 8.11216466845945 8.0745841759257 8.41668140757829 7.84680622881278 7.25555893788114 6.51714529069141 3.66002379916608 4.24524673633277 8.26650287443772 4.22516555711627 8.43862726772204 7.82055725883693 6.93612475134432 6.62755591713358 6.5128063216107 8.62179630957544 8.63413189109415 8.61864069569856 7.58230841113254 8.42643512319773 8.59658725780901 8.62446782359621 8.65638255485101
-9999 -9999 -9999 -9999 -9999 -9999 -9999 -9999 -9999 -9999 -9999 -9999 -9999 -9999 -9999 -9999 -9999 -9999 -9999 -9999 -9999 -9999 -9999 11.9899997320026 7.46024352889508 7.02003539307043 6.51394186448306 6.85637378245592 7.16562394239008 5.22492140810937 8.26937161432579 8.25598416151479 8.60314950030297 7.52349924342707 7.62605669442564 7.26531265350059 7.12151706661098 7.27033294830471 7.46217992831953 7.38795128371567 6.99385814159177 7.8157521195244 7.91938534798101 6.4531723911874 6.52316964445636 6.53937802482396 6.80588396042585 4.9753410378471 6.53909115083516 8.29447308834642 8.39774772431701 8.19308106292738 9.08441973570734 8.33045186777599 8.48703725333326 8.5128046848279 7.14171777665615 8.45502006708245 7.57011626660824 7.3972746883519 7.27965635294095 8.6679113032762
-9999 -9999 -9999 -9999 -9999 -9999 -9999 -9999 -9999 -9999 -9999 -9999 -9999 -9999 -9999 -9999 -9999 -9999 -9999 -9999 -9999 9.96000266254819 6.73638873663731 6.60779747115448 6.20746481977403 6.87229528883472 6.86225469922647 6.48860132880509 6.80093538411893 8.34094667453319 8.06282234238461 8.10250657750294 7.51489302376285 7.64577928115614 7.69418926676735 6.96588792768307 6.93253882648423 7.25419628643431 7.64470350369811 7.30690938187763 7.68307289970107 8.06162703409791 8.67099519865587 6.79096651300788 6.69142123889178 4.41988127701916 4.25170140108094 6.76988127483055 8.15636375373495 8.64087342983112 8.66328546020668 8.65363932233304 8.74457837678492 8.71345254899934 8.66109804604202 8.64066851983911 8.58011761720159 8.63056389585836 8.63827363430755 8.63140658820048 8.62703175987117 8.58340898394817
-9999 -9999 -9999 -9999 -9999 -9999 -9999 -9999 -9999 -9999 -9999 -9999 -9999 -9999 -9999 -9999 -9999 -9999 -9999 -9999 8.55306504369187 7.49409465957433 6.37851343560033 7.18713949155062 6.19491408276372 6.81097597372718 6.83320870785974 6.86225469922647 7.27061982229352 5.74105552630499 5.69023101795465 8.42844324111939 8.26808068137616 8.10561437904835 8.24761700350791 7.28826257260516 7.08386485558003 7.05732901161537 7.35137485014275 6.7360301441513 6.78946042456664 7.29435864486732 8.72621844150126 8.58959470433183 5.60431225830689 5.37839899212122 4.71285133808851 6.6884090620093 8.61892756968737 7.34037801390514 8.50048447155859 8.54988058650633 8.66726583680138 8.74959867158905 8.71087068310007 8.63791504182154 8.64974859385984 8.60555206995923 8.80281379651278 7.70351267140359 7.44532608147711 7.79502547383308
-9999 -9999 -9999 -9999 -9999 -9999 -9999 -9999 -9999 -9999 -9999 -9999 -9999 -9999 -9999 -9999 -9999 -9999 -9999 -9999 10.8803662570695 6.46242407732643 6.78013701993041 6.58649707748555 6.84396648244001 5.78576005622745 7.25125582804903 6.16873683128506 7.16763206031174 7.11212194347754 7.07970518274233 6.61626025382429 7.39211095655337 7.83188878139481 7.32483900617808 8.09772534435615 8.25330667095259 7.59880366548896 7.40062155155465 7.57585374638438 6.92034668195993 8.35220647859387 5.7800225764513 5.67531357053667 8.52128283574712 8.42177342087962 7.10609758971259 4.43314919900149 8.46247366804164 8.01321704848669 8.60357981128618 8.58216671712164 8.54282399865666 8.49564347299747 8.66195866800845 8.80611284738407 7.85906212311238 7.91500255092978 8.01118502439931 8.10011596092954 7.75640506308991 7.72431103559211
-9999 -9999 -9999 -9999 -9999 -9999 -9999 -9999 -9999 -9999 -9999 -9999 -9999 -9999 -9999 -9999 -9999 -9999 12.9891506559215 6.9672505791299 7.13227484119125 6.60586107173003 6.56749167572707 6.97879725717939 6.6761451989878 6.53988005430438 6.81778923096135 7.20090944301337 7.01171604739502 7.11011382555589 7.09935605097562 7.36241949871182 6.1183904462494 6.628595835343 8.3534256930463 8.02194279897958 8.14529861416668 8.23100221832283 8.25825524725951 8.28048798139207 8.33571122423746 8.34485533263069 8.4726935538929 4.96530044823885 6.75682850833982 7.26387828355655 7.05589464167133 6.923215421848 6.7718893927522 6.38747824775055 4.63969847094268 8.31903667363804 8.53073430912835 8.00085756080225 5.57179987290874 6.44198430562392 7.41771446005441 8.86822106596082 7.89936936739832 7.16275520250201 7.00138858379796 7.63302363415382
-9999 -9999 -9999 -9999 -9999 -9999 -9999 -9999 -9999 -9999 -9999 -9999 -9999 -9999 -9999 -9999 7.85169224217534 5.84360258331846 6.43581651486456 5.56307412241586 6.3136081956327 6.23089286219329 6.43481245590374 6.68905452848412 6.59223455726169 6.75037384359166 6.39070558012463 7.83421963255387 7.71032592863776 7.16318551348522 7.79118853423279 7.7954916440649 5.91150648798794 7.84282585221808 7.97962888563052 8.02750098251272 8.16950360697228 8.17129656940233 8.21110033534933 8.32620852335822 8.32065033982508 8.38465909857769 8.3613505869871 8.43665500904899 7.64470350369811 7.39512313343585 7.33416241081432 6.48860132880509 6.39823602233082 5.91198461130261 6.21535385446623 8.52334474254167 8.44812996860128 8.35229612671537 7.5089762477437 8.30207524904981 8.93911204204107 7.67951957415789 8.34261412959313 8.73953759098159 8.10199167547174 7.77441152863737
-9999 -9999 -9999 -9999 -9999 -9999 -9999 -9999 -9999 -9999 -9999 8.065826204079 7.81999982520938 -9999 -9999 -9999 7.94612261410803 7.68594163958915 6.06187627045438 6.22109133424237 6.03677479643375 6.0747855999507 6.43839838076383 6.65391246485524 6.48967710626312 6.8885514815338 7.65886790689547 7.70530563383363 6.97533086314797 7.00569169363007 7.74708165845368 7.78025146340951 7.76483198651113 7.73829614254646 7.9627750387881 7.97156055469532 8.08362070657313 7.02003539307043 6.87731558363885 7.99648273247294 8.31114763894584 8.27708135277499 8.3333803730784 8.04833520594984 7.47186192544177 7.38723409874365 7.17925045685843 7.17566453199834 5.75348673248664 5.85460981354117 6.62630084343255 8.6162842307905 8.4169324223185 6.84050008840859 6.46899827290326 7.66962568147574 7.28372040111572 7.72040636185557 8.20807988325564 7.46660256898031 6.69371623080224 8.51719162147492
-9999 -9999 -9999 -9999 -9999 -9999 -9999 -9999 -9999 -9999 -9999 -9999 -9999 -9999 -9999 -9999 -9999 -9999 8.93950789258705 7.20879847770557 6.57179478555918 6.60370951681398 6.14614550466649 6.83069856045768 6.71045054681599 6.67817722307518 7.63286995165981 7.70781578123569 7.85448010801338 7.81915874814149 7.3535264050588 7.78150653711054 7.78831979434472 7.74941250961274 7.70530563383363 7.82274467300158 7.94269385957159 8.02248068770859 6.82496108068153 8.04184468195308 8.19101915613282 8.22311318363063 8.26937161432579 6.91030609235168 7.32770774606615 8.3213162972991 4.66982023976743 7.34492018539459 5.87253943784162 5.3217413793318 4.38294625096023 8.65736868418753 7.98411129170563 7.61072686564876 6.92096141193594 7.43212987799197 8.10786155862734 7.71116264443845 7.13000375544652 7.92590521136299 7.50813099402668 7.80033264262602
-9999 -9999 -9999 -9999 -9999 -9999 -9999 -9999 -9999 -9999 -9999 -9999 -9999 -9999 10.3381089476773 5.95153223975961 6.90938399738765 7.1266090799123 6.89811394782737 7.23074433784932 7.00927761849016 7.03700877074152 7.13621935853735 7.16777549730614 7.26770327007398 7.54286323767155 7.68235571472906 7.66526280622929 7.5911536924541 7.5552944438532 7.91042053583078 7.92153690289706 7.90916546212975 7.84515670337714 7.59975991211832 7.53497420297936 7.92476423527114 7.9351634173654 7.09892573999241 7.19646289618686 8.10704874899238 8.12378306500614 8.08874345637326 8.20462005685217 8.36096638075209 4.92226934991777 6.0905636693351 7.00712606357411 7.09533981513232 7.10896632960066 6.96983244502917 8.62401958298869 8.63576348690549 8.28335672128014 7.83361002532765 7.54616228854284 6.64686014596373 9.80312290448429 8.14027831936255 8.02839746372774 8.16968290321529 8.07788322679698
-9999 -9999 -9999 -9999 -9999 -9999 -9999 -9999 -9999 -9999 -9999 -9999 6.25346513886308 7.34599596285261 6.72132785222493 6.65104372496717 6.97019103751518 6.65678120474331 7.33989989059046 6.90217799600214 7.04370249714702 7.20722067076713 7.42381053231657 7.55194758065045 7.60478020692244 7.63992227055132 7.25359863229096 7.54573197755963 7.56939908163622 7.51345865381882 7.69132052687928 7.61458173487335 7.3814966189675 7.3322499175556 7.48740093316883 7.43504643021151 7.51058991393074 6.64494765270501 8.25251776748337 8.15749075869098 8.27259894669987 8.04601972304019 8.15226555389485 8.21947603127254 8.14984078565612 6.29998168116435 6.34731588931754 6.90313424263149 8.61601101746783 8.6919984728364 4.7802667254582 4.72074037278071 4.3499557422474 8.33191014388576 8.67709127091803 5.6645557959564 8.32428749218317 8.26004820968956 7.94018371216953 8.1223486950621 8.29088716348633 8.20482496684417
-9999 -9999 -9999 -9999 -9999 -9999 -9999 -9999 -9999 -9999 7.4231381714053 6.30920263080459 7.194024467282 6.85257270210423 6.74284340138547 6.79878382920288 4.98825036734343 6.77627218980342 7.12525667396507 7.0266949678106 6.83069856045768 7.38579972879961 7.50963366730139 7.61314736492932 7.64303007209674 7.66430655959994 7.57011626660824 7.50939460564405 7.50317900255322 7.44436983484775 7.60932237841189 7.61386454990134 7.67362996423617 7.68462680047378 7.60478020692244 7.61697235144675 7.64637693529949 7.68725647870451 7.70255642477423 7.92918687593192 7.89868943878849 7.56093629896641 8.24480802903417 8.27295753918588 4.89429913600907 5.89477217197418 6.82137515582144 6.51370280282572 7.01429791329429 7.05015716189519 6.44843897037208 5.98944058828056 7.38508254382759 8.0439364714548 7.59736929554492 7.91795097803697 8.00594957410358 7.06071002648345 8.91369059318677 8.98413608706323 7.88687296258286 8.2299264408648
-9999 -9999 -9999 -9999 -9999 -9999 -9999 -9999 -9999 -9999 10.6449997620657 4.74418099739246 5.7359874191694 6.67117613168167 6.45130771026015 7.43425453847158 12.349999723956 -9999 -9999 9.22999979369342 -9999 9.7865241013063 7.19628359994385 7.63824883894995 7.55003508739173 7.560792861972 7.63179417420179 7.61075674835593 7.60047709709033 7.61338642658666 7.73841567337513 7.86918239993975 7.85077465232462 7.84312467928976 7.75347655778751 7.71522669261321 7.76160465413705 7.80941698560491 7.69490645173937 7.36069825477898 7.6349019757472 7.96624143281952 8.25861383974552 8.25192011334002 4.87995543656871 5.48310799803585 8.04489271808416 8.7674565773923 8.63752656662837 4.31839960347861 5.89477217197418 6.79483931185678 7.10179447988048 8.92613375245128 7.8552690114826 6.05613879067823 6.43983275070786 6.44485304551199 6.05072005977854 7.75689172432093 7.37186584934326 8.16968290321529
-9999 -9999 -9999 -9999 -9999 -9999 -9999 -9999 -9999 -9999 -9999 -9999 -9999 -9999 -9999 -9999 -9999 -9999 -9999 -9999 -9999 -9999 -9999 -9999 -9999 5.88882978220603 7.54836165579036 7.49528996786103 7.68773460201919 7.74224065989256 7.82328256173059 7.78144677169621 7.81874039024115 7.81204666383564 7.81587165035307 7.86248867353424 7.93396810907871 7.95691802818328 7.82017476018518 7.44532608147711 7.36284980969504 7.92081971792504 7.70614234963432 8.3107292810455 8.51231802359689 8.54638430976775 8.39870397094637 8.56915493262932 8.7717596872244 8.90461820329074 8.62150943558663 8.65187026606873 6.68511001113802 6.72168644471094 6.53880427684635 6.64709920762107 5.86249884823337 5.08650470850989 7.12885191291571 7.55495292719986 7.38877092368369 7.64470350369811
-9999 -9999 -9999 -9999 -9999 -9999 -9999 -9999 -9999 -9999 -9999 -9999 -9999 -9999 -9999 -9999 -9999 -9999 -9999 -9999 -9999 -9999 -9999 -9999 -9999 10.6396679468453 7.50019073183648 7.82668919034768 7.93014312256128 7.95004500553478 7.81921851355582 7.8141982187517 7.77547023026273 7.78240301832557 7.93157749250531 7.81921851355582 7.99827569490299 7.87898392789066 7.71307513769716 8.16753134829924 8.37288531195372 8.33678700169548 8.17972349282354 8.29805901320651 8.39033681293949 4.67986082937568 4.90505691058934 8.52731914259493 8.83505126100499 4.4453413435258 4.63467817613855 5.46015807893127 5.80727560538799 6.47138888947666 6.37815484311432 6.2820520568639 6.23973814351484 6.29280983144417 6.12857447285205 7.45034637628123 7.56939908163622 7.63671201400991
-9999 -9999 -9999 -9999 -9999 -9999 -9999 -9999 -9999 -9999 -9999 -9999 -9999 -9999 -9999 -9999 -9999 -9999 -9999 -9999 -9999 -9999 -9999 -9999 -9999 -9999 -9999 6.28420361177996 7.73775825381745 7.22252061683685 7.58613339764997 8.05493330769241 7.786228004843 7.8713339548558 7.83045441145077 7.90886663505808 7.87754955794662 7.97245703591034 5.87182225286961 8.1223486950621 8.44962410395965 8.33702606335282 8.34730571461841 8.31694488413632 8.47592088626698 5.44222845463082 6.01382487732917 5.98011718364432 4.70496230339631 8.42595699988306 8.48022399609908 8.4675537282601 6.03462324151769 6.04896694095805 6.56534012081102 4.98753318237141 5.25862910179421 6.34086122456938 6.40182194719091 5.79651783080772 6.84537694621831 5.79364909091964
