EcologicalScience/Bass/data/rs_data_bass/sst_21.asc
NCOLS 226 
NROWS 124 
XLLCORNER -9.41648524995501 
YLLCORNER 47.587301625531 
CELLSIZE 0.0833 
NODATA_value -9999 
[rows 0 to 26 of 124, columns 0 to 61 of 226]
-9999.000000000000000 -9999 -9999 -9999 -9999 -9999 -9999 -9999 -9999 -9999 -9999 -9999 -9999 -9999 -9999 -9999 -9999 -9999 -9999 -9999 -9999 -9999 -9999 -9999 -9999 -9999 -9999 -9999 -9999 -9999 -9999 -9999 -9999 -9999 -9999 -9999 -9999 -9999 -9999 -9999 -9999 -9999 -9999 -9999 -9999 -9999 -9999 -9999 -9999 -9999 -9999 -9999 -9999 -9999 -9999 -9999 -9999 -9999 -9999 -9999 -9999 -9999
-9999 -9999 -9999 -9999 -9999 -9999 -9999 -9999 -9999 -9999 -9999 -9999 -9999 -9999 -9999 -9999 -9999 -9999 -9999 -9999 -9999 -9999 -9999 -9999 -9999 -9999 -9999 -9999 -9999 -9999 -9999 -9999 -9999 -9999 -9999 -9999 -9999 -9999 -9999 -9999 -9999 -9999 -9999 -9999 -9999 -9999 -9999 -9999 -9999 -9999 -9999 -9999 -9999 -9999 -9999 -9999 -9999 -9999 -9999 -9999 -9999 -9999
-9999 -9999 -9999 -9999 -9999 -9999 -9999 -9999 -9999 -9999 -9999 -9999 -9999 -9999 -9999 -9999 -9999 -9999 -9999 -9999 -9999 -9999 -9999 -9999 -9999 -9999 -9999 -9999 -9999 -9999 -9999 -9999 -9999 -9999 -9999 -9999 -9999 -9999 -9999 -9999 -9999 -9999 -9999 -9999 -9999 -9999 -9999 -9999 -9999 -9999 -9999 -9999 -9999 -9999 -9999 -9999 -9999 -9999 -9999 -9999 -9999 -9999
-9999 -9999 -9999 -9999 -9999 -9999 -9999 -9999 -9999 -9999 -9999 -9999 -9999 -9999 -9999 -9999 -9999 -9999 -9999 -9999 -9999 -9999 -9999 -9999 -9999 -9999 -9999 -9999 -9999 -9999 -9999 -9999 -9999 -9999 -9999 -9999 -9999 -9999 -9999 -9999 -9999 -9999 -9999 -9999 -9999 -9999 -9999 -9999 -9999 -9999 -9999 -9999 -9999 -9999 -9999 -9999 -9999 -9999 -9999 -9999 -9999 -9999
-9999 -9999 -9999 -9999 -9999 -9999 -9999 -9999 -9999 -9999 -9999 -9999 -9999 -9999 -9999 -9999 -9999 -9999 -9999 -9999 -9999 -9999 -9999 -9999 -9999 -9999 -9999 -9999 -9999 -9999 -9999 -9999 -9999 -9999 -9999 -9999 -9999 -9999 -9999 -9999 -9999 -9999 -9999 -9999 -9999 -9999 -9999 -9999 -9999 -9999 -9999 -9999 -9999 -9999 -9999 -9999 -9999 -9999 -9999 -9999 -9999 -9999
-9999 -9999 -9999 -9999 -9999 11.644999739714 11.624999740161 13.0374997085892 13.0824997075833 13.0299997087568 13.0524997082539 12.9749997099862 12.8024997138418 12.3599997237325 12.1349997287616 12.2099997270852 12.3649997236207 12.4799997210503 12.2349997265264 11.9299997333437 11.9299997333437 12.6624997169711 12.577499718871 11.7099997382611 11.7099997382611 10.3810342507244 11.7149997381493 11.7399997375906 11.838333068726 11.6666664058963 11.2737497480121 11.2662497481797 8.64558804205016 8.64558804205016 12.3249997245148 6.73215241428536 6.94088219780037 12.2299997266382 8.53499980922788 11.2423074410225 10.9533330885073 11.8416664019848 12.0816663966204 14.8749996675178 -9999 -9999 -9999 -9999 -9999 -9999 -9999 -9999 -9999 -9999 -9999 -9999 -9999 -9999 -9999 -9999 -9999 -9999
-9999 -9999 -9999 -9999 -9999 9.95499977748841 9.80999978072941 9.4449997888878 9.05499979760498 13.1124997069128 12.9474997106008 12.8299997132272 12.6499997172505 12.9424997107126 12.6849997164682 12.349999723956 12.2349997265264 11.9249997334555 11.9249997334555 11.8599997349083 11.5099997427315 11.3999997451901 13.0424997084774 13.4174997000955 12.1249997289851 13.1849997052923 11.9749997323379 11.8649997347966 12.088333063138 11.8883330676084 11.8283330689495 11.7783330700671 11.6012497406919 13.2549997037277 13.5899996962398 14.3749996786937 12.0099997315556 -9999 12.6499997172505 7.97833315500369 11.0716664191956 12.0433330641439 11.789999736473 11.6457140254123 13.6399996951222 13.6399996951222 -9999 -9999 -9999 -9999 -9999 -9999 -9999 -9999 -9999 -9999 -9999 -9999 -9999 -9999 -9999 -9999
-9999 -9999 -9999 -9999 -9999 7.38499983493239 9.31999979168177 9.31999979168177 13.1324997064658 12.8499997127801 12.6899997163564 12.7674997146241 13.0574997081421 12.8774997121654 12.7674997146241 12.4849997209385 12.287499725353 12.3574997237884 12.3249997245148 11.4749997435138 11.3449997464195 11.2899997476488 11.1249997513369 11.5849997410551 13.0133330424627 11.5399997420609 11.5449997419491 11.5749997412786 12.2299997266382 12.204999727197 11.9166664003084 12.1016663961733 11.9416663997496 11.8316664022083 11.7849997365847 9.96749977720901 -9999 12.3099997248501 12.0549997305498 8.81911744993618 8.67259980615228 10.6966664275775 11.4133330782255 11.4233330780019 11.5024997428991 -9999 -9999 -9999 -9999 -9999 -9999 -9999 -9999 -9999 -9999 -9999 -9999 -9999 -9999 -9999 -9999 -9999
-9999 -9999 -9999 -9999 -9999 11.9049997339025 11.8149997359142 13.0699997078627 12.8874997119419 12.5974997184239 12.7174997157417 12.6549997171387 12.7524997149594 12.7124997158535 12.3999997228384 12.3524997239001 12.3224997245707 12.2724997256882 12.0199997313321 11.8149997359142 11.8049997361377 12.5099997203797 12.0574997304939 11.8724997346289 12.2299997266382 12.7749997144565 12.9024997116067 13.0674997079186 13.2999997027218 13.1699997056276 12.7674997146241 12.5224997201003 12.7874997141771 13.1133330402275 12.3574997237884 12.1399997286499 12.1699997279793 -9999 -9999 -9999 -9999 -9999 -9999 -9999 -9999 -9999 9.33499979134649 -9999 -9999 -9999 -9999 -9999 -9999 -9999 -9999 -9999 -9999 -9999 -9999 -9999 -9999 -9999
-9999 -9999 -9999 -9999 -9999 11.9699997324497 12.0049997316673 11.9749997323379 11.9649997325614 12.8599997125566 12.7249997155741 12.4449997218326 12.184999727644 12.329999724403 12.2149997269735 12.2899997252971 12.2549997260794 11.8174997358583 11.8799997344613 11.6699997391552 11.8824997344054 12.184999727644 12.4074997226708 12.3799997232854 12.2324997265823 11.3589997461066 11.7049997383729 12.7499997150153 12.847499712836 12.9899997096509 12.3749997233972 12.3749997233972 12.8949997117743 12.9999997094274 12.8124997136183 12.0516663972909 12.5583330526327 12.51624972024 13.1824997053482 13.4449996994808 13.4349996997043 11.8849997343495 -9999 14.1049996847287 -9999 -9999 12.0949997296557 -9999 -9999 -9999 -9999 -9999 -9999 -9999 -9999 -9999 -9999 -9999 -9999 -9999 -9999 -9999
-9999 -9999 -9999 -9999 -9999 12.0649997303262 12.0699997302145 12.0749997301027 12.1099997293204 12.0849997298792 12.0449997307733 12.3174997246824 12.4149997225031 12.2099997270852 11.9499997328967 12.4849997209385 12.4849997209385 11.9849997321144 11.8974997340702 11.4149997448549 11.5324997422285 12.3874997231178 11.5049997428432 11.9049997339025 12.1133330625792 12.0099997315556 12.1099997293204 12.4449997218326 12.5199997201562 12.682499716524 12.5524997194298 11.3499997463077 11.1299997512251 11.0549997529015 11.9874997320585 12.8574997126125 12.3416663908089 12.9874997097068 13.157499705907 13.2249997043982 13.2949997028336 12.321666391256 12.5887497186195 11.9074997338466 -9999 12.039999730885 -9999 -9999 -9999 -9999 -9999 -9999 -9999 -9999 -9999 -9999 -9999 -9999 -9999 -9999 -9999 -9999
-9999 -9999 -9999 -9999 -9999 12.0299997311085 11.9799997322261 12.0249997312203 12.1349997287616 12.1899997275323 12.2949997251853 12.3999997228384 12.4199997223914 12.4049997227266 12.3549997238442 12.1949997274205 11.9899997320026 11.9899997320026 11.0916664187486 11.0374997532926 11.2174997492693 11.4824997433461 11.9624997326173 11.4474997441284 11.5299997422844 12.4674997213297 12.4699997212738 12.5224997201003 12.7199997156858 12.5724997189827 12.3324997243471 12.3724997234531 12.8174997135065 13.074999707751 12.5249997200444 13.3624997013249 13.0799997076392 12.1774997278117 12.2383330597853 12.1299997288734 12.6499997172505 12.8599997125566 12.9799997098744 12.379705605645 -9999 -9999 12.2549997260794 -9999 -9999 -9999 -9999 -9999 -9999 -9999 -9999 -9999 -9999 -9999 -9999 -9999 -9999 -9999
-9999 -9999 -9999 -9999 -9999 12.0349997309968 12.0999997295439 12.0999997295439 12.2099997270852 12.2399997264147 12.2299997266382 12.3249997245148 12.4349997220561 12.4299997221678 12.4249997222796 12.3349997242913 12.0549997305498 11.7649997370318 11.6549997394904 11.2799997478724 11.5524997417815 11.6849997388199 11.6849997388199 11.7816664033259 11.9316663999731 12.5999997183681 12.6649997169152 12.5874997186475 12.4399997219443 12.4399997219443 12.329999724403 12.3049997249618 12.3824997232296 12.494999720715 12.6699997168034 12.2949997251853 11.9824997321703 12.0149997314438 12.0183330647027 12.1933330607911 12.1866663942734 12.3366663909207 12.5212497201283 12.6287497177254 -9999 12.1299997288734 -9999 -9999 -9999 -9999 -9999 -9999 -9999 -9999 -9999 -9999 -9999 -9999 -9999 -9999 -9999 -9999
-9999 -9999 -9999 -9999 -9999 11.8399997353554 11.9949997318909 12.1799997277558 12.1699997279793 12.1749997278675 12.204999727197 12.2749997256324 12.3349997242913 12.2799997255206 12.4249997222796 12.2899997252971 12.0649997303262 11.8249997356907 11.5999997407198 11.3883330787842 11.2816664145018 11.1524997507222 12.0866663965086 12.4199997223914 12.369999723509 12.369999723509 12.3599997237325 12.3149997247383 12.329999724403 12.3799997232854 11.7849997365847 11.8299997355789 11.8549997350201 12.3949997229502 12.3474997240119 12.2949997251853 12.122499729041 12.0383330642556 11.9849997321144 11.9999997317791 12.369999723509 12.5749997189268 12.9749997099862 -9999 11.8749997345731 -9999 -9999 -9999 -9999 -9999 -9999 -9999 -9999 -9999 -9999 -9999 -9999 -9999 -9999 -9999 -9999 -9999
-9999 -9999 -9999 -9999 -9999 11.9399997331202 12.0849997298792 12.1749997278675 12.2149997269735 12.2749997256324 12.3049997249618 12.369999723509 12.4649997213855 12.5549997193739 12.5199997201562 12.1949997274205 11.9099997337908 11.8049997361377 11.6649997392669 12.1599997282028 11.9699997324497 11.914999733679 12.2099997270852 12.2999997250736 12.3999997228384 12.474999721162 12.4549997216091 12.6624997169711 12.4924997207709 12.5349997198209 11.8749997345731 9.75499978195876 9.99999977648258 10.4799997657537 12.7774997144006 12.5974997184239 12.1999997273088 12.0449997307733 11.9849997321144 14.2999996803701 13.4549996992573 -9999 -9999 -9999 -9999 -9999 -9999 -9999 -9999 -9999 -9999 -9999 -9999 -9999 -9999 -9999 -9999 -9999 -9999 -9999 -9999 -9999
-9999 -9999 -9999 -9999 -9999 12.0699997302145 12.0299997311085 12.0849997298792 12.4799997210503 12.22499972675 12.1949997274205 12.2949997251853 12.4599997214973 12.5399997197092 12.5799997188151 12.3149997247383 12.0999997295439 11.9799997322261 12.1749997278675 12.1949997274205 12.329999724403 12.2899997252971 12.4399997219443 12.4599997214973 12.6299997176975 12.6999997161329 12.5099997203797 12.4399997219443 12.0274997311644 12.3074997249059 12.5199997201562 12.619999717921 10.5199997648597 12.7674997146241 13.0674997079186 12.4699997212738 12.0074997316115 12.0099997315556 12.1799997277558 12.2799997255206 14.5399996750057 14.5849996739998 -9999 -9999 -9999 -9999 -9999 13.2249997043982 13.2249997043982 -9999 -9999 -9999 -9999 -9999 -9999 -9999 -9999 -9999 -9999 -9999 -9999 -9999
-9999 -9999 -9999 -9999 -9999 12.1449997285381 12.0049997316673 11.8899997342378 12.3799997232854 12.2299997266382 12.4999997206032 12.4699997212738 12.4049997227266 12.514999720268 12.6149997180328 12.6049997182563 12.4649997213855 12.2749997256324 12.2499997261912 12.2949997251853 12.3999997228384 12.5249997200444 12.6699997168034 12.7099997159094 12.5849997187033 12.2499997261912 11.9399997331202 11.3049997473136 11.2349997488782 12.2324997265823 12.4899997208267 12.577499718871 12.6124997180887 12.5899997185916 11.7349997377023 11.6974997385405 11.4437497442123 11.3062497472856 -9999 -9999 -9999 -9999 -9999 -9999 -9999 -9999 -9999 -9999 -9999 -9999 -9999 -9999 -9999 -9999 -9999 -9999 -9999 -9999 -9999 -9999 -9999 -9999
-9999 -9999 -9999 -9999 -9999 12.6249997178093 12.619999717921 12.5949997184798 12.6733330500623 12.639999717474 12.5449997195974 12.5399997197092 12.4999997206032 12.5249997200444 12.5249997200444 12.3749997233972 12.5699997190386 12.6499997172505 12.6799997165799 12.639999717474 12.6449997173622 12.7799997143447 12.7699997145683 12.6749997166917 12.1349997287616 12.0299997311085 11.7949997363612 11.459999743849 11.354999746196 11.8199997358024 12.76499971468 11.8899997342378 11.8374997354113 11.8349997354671 11.7574997371994 11.7624997370876 11.832499735523 12.1212497290689 11.9837497321423 11.8419997353107 11.6199997402728 -9999 -9999 -9999 -9999 -9999 -9999 -9999 -9999 -9999 -9999 -9999 -9999 -9999 -9999 -9999 -9999 -9999 -9999 -9999 -9999 -9999
-9999 -9999 -9999 -9999 -9999 8.95499979984015 13.0049997093156 12.6799997165799 12.6949997162446 12.4499997217208 12.5499997194856 12.6549997171387 12.6449997173622 12.619999717921 12.5799997188151 12.5549997193739 12.5999997183681 12.6099997181445 12.6299997176975 12.4699997212738 11.7649997370318 12.349999723956 12.6499997172505 12.6099997181445 12.0849997298792 11.8999997340143 11.4849997432902 11.4349997444078 12.1874997275881 12.1974997273646 12.2349997265264 12.1624997281469 11.8624997348525 11.7274997378699 11.8624997348525 12.2699997257441 11.4774997434579 11.5024997428991 12.0312497310806 -9999 -9999 -9999 -9999 10.9358821085052 11.5031247428851 11.4159372448339 -9999 -9999 -9999 -9999 -9999 -9999 -9999 -9999 -9999 -9999 -9999 -9999 -9999 -9999 -9999 -9999
-9999 -9999 -9999 -9999 -9999 12.889999711886 12.5899997185916 12.22499972675 12.6499997172505 12.6499997172505 12.5049997204915 12.619999717921 12.6849997164682 11.624999740161 12.6849997164682 12.7199997156858 12.784999714233 12.7799997143447 12.7049997160211 12.6799997165799 12.22499972675 12.3849997231737 12.6699997168034 12.8049997137859 12.7499997150153 12.5624997192062 11.479999743402 11.4899997431785 12.3624997236766 12.3599997237325 12.2924997252412 12.3149997247383 11.8274997356348 11.6524997395463 11.5874997409992 11.1924997498281 11.4389997443184 11.4479997441173 11.4766664101432 11.4566664105902 11.4249997446314 11.3449997464195 11.1383330843722 11.0049997540191 10.8983330897366 11.0928568949125 -9999 -9999 -9999 -9999 -9999 -9999 -9999 -9999 -9999 -9999 -9999 -9999 -9999 -9999 -9999 -9999
-9999 -9999 -9999 -9999 -9999 13.0799997076392 12.6099997181445 12.2499997261912 13.3224997022189 13.3699997011572 12.6299997176975 12.6649997169152 12.76499971468 12.7999997138977 12.7899997141212 12.7399997152388 11.7049997383729 11.0699997525662 10.8849997567013 12.6549997171387 12.1349997287616 12.5249997200444 12.8149997135624 13.0099997092038 13.034999708645 12.6149997180328 12.4699997212738 12.4099997226149 12.349999723956 12.3724997234531 11.1099997516721 11.1099997516721 11.7349997377023 11.957499732729 11.6774997389875 12.0624997303821 11.7574997371994 11.9124997337349 11.6674997392111 11.5799997411668 11.0324997534044 11.0399997532368 10.9499997552484 11.0149997537956 11.0033330873897 10.8719997569919 -9999 -9999 -9999 -9999 -9999 -9999 -9999 -9999 -9999 -9999 -9999 -9999 -9999 -9999 -9999 -9999
-9999 -9999 -9999 -9999 -9999 12.8399997130036 12.6099997181445 12.3899997230619 12.4249997222796 12.1699997279793 12.7299997154623 12.7499997150153 12.889999711886 12.7299997154623 12.5349997198209 12.0549997305498 9.9899997767061 11.789999736473 11.8899997342378 12.039999730885 12.2299997266382 12.8149997135624 12.929999710992 13.1149997068569 13.1274997065775 12.6699997168034 12.8049997137859 12.889999711886 12.4299997221678 12.4299997221678 12.5799997188151 11.9474997329526 11.8799997344613 11.9074997338466 12.0849997298792 12.1399997286499 12.0749997301027 11.9749997323379 12.0349997309968 11.9274997333996 11.5899997409433 10.6849997611716 10.7324997601099 11.0312497534323 10.3929997676983 10.3749997681007 12.7599997147918 -9999 -9999 -9999 -9999 -9999 -9999 -9999 10.9150669761002 -9999 -9999 -9999 -9999 -9999 -9999 -9999
-9999 -9999 -9999 -9999 -9999 12.7199997156858 12.8049997137859 12.6899997163564 12.7149997157976 12.8249997133389 12.4899997208267 12.7049997160211 12.7249997155741 12.1899997275323 12.3599997237325 12.7449997151271 12.4999997206032 12.5949997184798 12.6549997171387 12.6749997166917 13.0424997084774 12.9799997098744 13.0299997087568 13.1899997051805 13.1299997065216 13.0599997080863 12.9899997096509 12.8824997120537 12.8299997132272 12.7074997159652 12.5324997198768 12.3524997239001 11.977499732282 11.7374997376464 11.5299997422844 11.292499747593 11.6374997398816 11.6924997386523 12.1124997292645 12.1524997283705 12.1724997279234 11.1999997496605 11.6269997401163 10.5074997651391 10.6624997616746 10.5599997639656 11.2048097047955 -9999 -9999 -9999 -9999 -9999 -9999 -9999 -9999 -9999 -9999 -9999 -9999 -9999 -9999 -9999
-9999 -9999 -9999 -9999 -9999 12.8449997128919 12.5949997184798 12.6849997164682 12.639999717474 12.7249997155741 12.1199997290969 12.6449997173622 12.7699997145683 12.7949997140095 12.7949997140095 12.8799997121096 12.9049997115508 12.9449997106567 12.9599997103214 12.9899997096509 12.9899997096509 12.9799997098744 13.0649997079745 13.0949997073039 13.0699997078627 12.9349997108802 12.8174997135065 12.7899997141212 12.7824997142889 11.604999740608 11.1299997512251 10.9599997550249 10.7949997587129 11.7349997377023 11.0424997531809 10.9849997544661 10.9699997548014 11.6524997395463 11.6499997396022 11.6674997392111 11.8783330678319 10.3799997679889 10.7599997594953 10.7599997594953 10.9703330881273 13.1649997057393 -9999 9.37588214337388 12.6834612549641 17.7449996033683 -9999 -9999 -9999 9.43999978899956 9.72499978262931 -9999 -9999 -9999 -9999 -9999 -9999 -9999
-9999 -9999 -9999 -9999 -9999 12.6099997181445 13.3924997006543 12.8299997132272 12.6999997161329 12.6999997161329 12.5849997187033 12.5849997187033 12.7599997147918 12.7249997155741 12.8699997123331 12.9999997094274 12.9849997097626 13.0099997092038 13.0599997080863 13.0799997076392 13.074999707751 13.0799997076392 13.2074997047894 12.9199997112155 12.8324997131713 12.6899997163564 12.011666398185 11.6416664064551 11.2799997478724 11.121666418078 11.1483330841487 11.25833308169 11.1799997501075 11.0283330868309 10.7949997587129 11.2024997496046 11.2849997477606 11.4549997439608 11.4724997435696 -9999 -9999 10.8103569012268 10.6674997615628 11.6599997393787 12.2999997250736 12.446666388462 -9999 17.6049996064976 17.6049996064976 -9999 -9999 -9999 13.4299996998161 8.98999979905784 8.98999979905784 -9999 -9999 -9999 -9999 -9999 -9999 -9999
-9999 -9999 -9999 -9999 -9999 13.2999997027218 13.2149997046217 12.9599997103214 12.8349997131154 12.76499971468 12.76499971468 12.7949997140095 12.7949997140095 12.9899997096509 13.0199997089803 13.1549997059628 13.1949997050688 13.2149997046217 13.2499997038394 13.2849997030571 13.2699997033924 13.2299997042865 13.1749997055158 12.8549997126684 12.7824997142889 11.9216664001967 11.8883330676084 11.0699997525662 10.9083330895131 10.8416664243365 10.6966664275775 10.3449997687712 10.3933331010242 10.6699997615069 10.7716664259012 10.8566664240013 13.6099996957928 -9999 7.8349998248741 -9999 11.5049997428432 12.8174997135065 12.7249997155741 12.474999721162 12.5299997199327 13.2174997045659 -9999 -9999 12.6999997161329 11.6199997402728 11.5771425983735 13.1499997060746 11.5299997422844 11.5299997422844 13.8999996893108 -9999 -9999 -9999 -9999 -9999 -9999 -9999
-9999 -9999 -9999 -9999 -9999 13.2599997036159 12.7449997151271 12.7599997147918 13.4999996982515 13.4624996990897 9.30499979201704 13.199999704957 13.199999704957 13.2449997039512 13.0299997087568 13.2399997040629 13.3399997018278 13.4049997003749 13.4199997000396 13.4499996993691 13.4449996994808 13.344999701716 13.2299997042865 13.199999704957 12.9374997108243 12.3833330565443 12.0216663979615 11.016666420425 10.83166642456 10.3916664343948 10.4983330986773 10.4549997663125 10.5899997632951 10.4499997664243 10.533333097895 11.0466664197544 10.8683330904072 10.851666424113 -9999 -9999 10.6589997617528 11.4829997433349 12.8224997133948 12.7424997151829 12.466666388015 12.9224997111596 -9999 10.6019997630268 10.6059997629374 12.0949997296557 13.6249996954575 13.6874996940605 12.6989997161552 13.9285711172436 13.8628568329981 -9999 -9999 -9999 -9999 -9999 -9999 -9999
