EcologicalScience/Bass/data/rs_data_bass/sst_371.asc
NCOLS 226 
NROWS 124 
XLLCORNER -9.41648524995501 
YLLCORNER 47.587301625531 
CELLSIZE 0.0833 
NODATA_value -9999 
[rows 0 to 26 of 124, columns 0 to 61 of 226]
-9999.000000000000000 -9999 -9999 -9999 -9999 -9999 -9999 -9999 -9999 -9999 -9999 -9999 -9999 -9999 -9999 -9999 -9999 -9999 -9999 -9999 -9999 -9999 -9999 -9999 -9999 -9999 -9999 -9999 -9999 -9999 -9999 -9999 -9999 -9999 -9999 -9999 -9999 -9999 -9999 -9999 -9999 -9999 -9999 -9999 -9999 -9999 -9999 -9999 -9999 -9999 -9999 -9999 -9999 -9999 -9999 -9999 -9999 -9999 -9999 -9999 -9999 -9999
-9999 -9999 -9999 -9999 -9999 -9999 -9999 -9999 -9999 -9999 -9999 -9999 -9999 -9999 -9999 -9999 -9999 -9999 -9999 -9999 -9999 -9999 -9999 -9999 -9999 -9999 -9999 -9999 -9999 -9999 -9999 -9999 -9999 -9999 -9999 -9999 -9999 -9999 -9999 -9999 -9999 -9999 -9999 -9999 -9999 -9999 -9999 -9999 -9999 -9999 -9999 -9999 -9999 -9999 -9999 -9999 -9999 -9999 -9999 -9999 -9999 -9999
-9999 -9999 -9999 -9999 -9999 -9999 -9999 -9999 -9999 -9999 -9999 -9999 -9999 -9999 -9999 -9999 -9999 -9999 -9999 -9999 -9999 -9999 -9999 -9999 -9999 -9999 -9999 -9999 -9999 -9999 -9999 -9999 -9999 -9999 -9999 -9999 -9999 -9999 -9999 -9999 -9999 -9999 -9999 -9999 -9999 -9999 -9999 -9999 -9999 -9999 -9999 -9999 -9999 -9999 -9999 -9999 -9999 -9999 -9999 -9999 -9999 -9999
-9999 -9999 -9999 -9999 -9999 -9999 -9999 -9999 -9999 -9999 -9999 -9999 -9999 -9999 -9999 -9999 -9999 -9999 -9999 -9999 -9999 -9999 -9999 -9999 -9999 -9999 -9999 -9999 -9999 -9999 -9999 -9999 -9999 -9999 -9999 -9999 -9999 -9999 -9999 -9999 -9999 -9999 -9999 -9999 -9999 -9999 -9999 -9999 -9999 -9999 -9999 -9999 -9999 -9999 -9999 -9999 -9999 -9999 -9999 -9999 -9999 -9999
-9999 -9999 -9999 -9999 -9999 -9999 -9999 -9999 -9999 -9999 -9999 -9999 -9999 -9999 -9999 -9999 -9999 -9999 -9999 -9999 -9999 -9999 -9999 -9999 -9999 -9999 -9999 -9999 -9999 -9999 -9999 -9999 -9999 -9999 -9999 -9999 -9999 -9999 -9999 -9999 -9999 -9999 -9999 -9999 -9999 -9999 -9999 -9999 -9999 -9999 -9999 -9999 -9999 -9999 -9999 -9999 -9999 -9999 -9999 -9999 -9999 -9999
-9999 -9999 -9999 -9999 -9999 9.19720405812508 9.85399180999957 9.92176578985527 10.1235338286497 9.50113680376671 8.95053796330467 10.1029745261185 9.85885842230969 9.82829268183559 9.78806202007192 10.61408834951 10.0085451714694 10.1266416301951 9.33158775651827 7.4463420935208 10.0171513911337 9.63963625547834 8.94489465933293 8.18253246729728 10.4204388445988 10.5774407060817 11.4893887016922 9.01997740603983 9.08785896364134 8.4607165648602 9.30263024901173 11.8915143155027 11.2302926601842 10.5408337539993 12.3249997245148 7.98385121942939 9.22125536843669 12.2299997266382 11.8599997349083 11.9492229752339 7.78104833560064 9.94920755167933 11.2165053366469 13.4849996985868 -9999 -9999 -9999 -9999 -9999 -9999 -9999 -9999 -9999 -9999 -9999 -9999 -9999 -9999 -9999 -9999 -9999 -9999
-9999 -9999 -9999 -9999 -9999 9.93634855095297 10.0281140757059 9.96886093635112 7.96169926133007 9.7078653719509 10.7185582937673 9.94543289393187 9.95941800088622 9.4885860667564 9.74492846675483 9.77300113565954 9.77342803147621 9.28822251519887 9.68820255063474 8.19729452463798 9.10776084661484 9.11062958650291 9.77375674125506 9.97214803413954 11.2668080567382 10.8670003237203 9.43207189096138 8.0703527845908 7.72443056642078 8.48321226681583 9.08839685237035 10.747245692648 10.6870333369538 13.0981089046606 12.9849319316065 11.8992278687656 12.0099997315556 -9999 11.0499997530133 12.4085756052613 10.6518462993509 7.51501255459152 7.47146348934621 10.7189948411415 10.2209387379698 11.1250877284911 -9999 -9999 -9999 -9999 -9999 -9999 -9999 -9999 -9999 -9999 -9999 -9999 -9999 -9999 -9999 -9999
-9999 -9999 -9999 -9999 -9999 9.91008592031098 9.76816867501475 9.99573829696913 9.34353540616576 9.23828851152211 9.16298408946022 9.60745947586838 10.0178685761057 10.0360372620635 9.9799773034174 9.9387733191917 9.69154941383749 8.03843805333599 9.77043976075947 9.17069382790942 8.06999419210479 8.20536285557318 9.75810417924076 9.35074311513454 12.0237762237811 10.6688717189059 9.47511892672628 9.26586028933525 6.56713308324106 8.94005909399129 9.10369679844007 9.23541977163404 8.15964231360704 8.41875099849754 10.6770370585452 11.3086478432441 10.4424043329629 12.3099997248501 12.0549997305498 9.43161289257929 9.72726522544399 11.4735404397361 11.5890230056669 10.3166956477799 9.08584092720412 -9999 -9999 -9999 -9999 -9999 -9999 -9999 -9999 -9999 -9999 -9999 -9999 -9999 -9999 -9999 -9999 -9999
-9999 -9999 -9999 -9999 -9999 9.53735464485362 9.4925305841025 9.51870783558115 9.89173366915202 10.0438306720927 9.22274950379506 9.7673917246284 9.63937420712318 9.70248648466077 9.94172743824311 9.83020517509431 6.82173374830745 6.88251517468598 6.6404652466299 9.41638944623992 9.40802228823304 9.23941551647814 9.1341942355835 10.9027374982834 10.5150432659385 9.36395525606349 9.34254927682923 9.48870559758507 9.33682972667739 8.74013182995841 9.0121361836791 9.07763907779008 8.99074016534723 8.29483168083243 8.4528685121664 5.84421063144691 12.9020191949179 10.7311584918101 10.5303048682399 12.5763878156431 9.36627903819505 9.48992789670404 9.06004563394526 -9999 8.66382334893569 9.90119429030075 9.33499979134649 -9999 -9999 -9999 -9999 -9999 -9999 -9999 -9999 -9999 -9999 -9999 -9999 -9999 -9999 -9999
-9999 -9999 -9999 -9999 -9999 9.48571732686833 10.5530422477251 9.44176413358322 9.879021565523 9.92506484072655 9.99507803143933 9.94771484611556 9.86098436347675 9.89540924213361 9.64739131056038 9.9466879676329 5.89309874037281 6.39859461481683 5.71714936057106 9.56962796859443 9.61170282028615 9.11360078138699 8.97620863174754 6.46689018374309 9.22196200657088 9.47487986506894 9.50120852226391 9.49131136965007 8.17685475293547 8.58493300201371 8.7477339906618 8.45010222727433 8.12199010257609 8.57776115229353 8.8710898058489 8.01226080185734 6.03868728969246 9.48694678682036 8.81120486068539 9.3057460862431 11.5336820455641 9.53706160153172 12.3552540871315 4.95358642702922 10.9070048277941 12.9406602198268 12.0949997296557 -9999 -9999 -9999 -9999 -9999 -9999 -9999 -9999 -9999 -9999 -9999 -9999 -9999 -9999 -9999
-9999 -9999 -9999 -9999 -9999 10.7905158526264 10.6464299765815 8.20795450126752 9.93424480836839 10.0306583747733 10.015956082847 10.0167927986477 9.89475182257593 9.85650195740163 9.65326966595603 9.97606693773663 10.0121310963295 9.39875864901114 8.47005300922319 8.38725074427202 9.1500747599639 9.28311257227324 9.21055735927075 9.02752577787032 7.54955696407706 9.39400729857152 9.3892559481319 8.59479429537896 7.93889277921989 8.70255133742467 9.21677296236157 9.1857547123218 9.03831343515776 9.06807661149651 9.09144488850143 8.92765777051682 8.48208867702633 10.8122600694592 8.9030045371037 9.58504744549282 11.8878279847465 10.1040742097422 6.31495291745523 12.4285962114227 9.49846471137097 12.039999730885 -9999 -9999 -9999 -9999 -9999 -9999 -9999 -9999 -9999 -9999 -9999 -9999 -9999 -9999 -9999 -9999
-9999 -9999 -9999 -9999 -9999 10.8750480546616 10.2837392907324 9.20089243798117 9.99288663291372 10.0317341522314 10.0369935086928 10.6915443264879 9.88223096827278 9.56410564430989 7.58804589090869 9.92224391316995 9.97641528472304 9.91961423493922 9.45726898964494 8.4289452705998 9.51933537243167 9.12045502061956 7.92010253295302 9.44035537738819 4.45968504296616 4.79317605495453 9.58641009693965 9.53089998010546 9.39224421884865 9.45117291738279 9.26590013294481 8.65936086466536 8.53106444189325 9.08391444629524 8.95320748514496 8.55321748880669 9.22896510688588 11.6069114124402 10.8390453690663 8.05954378251252 8.14007340937055 9.26769309537485 11.8093441592575 10.1237678038888 10.2548905797303 10.6037501525324 12.2549997260794 -9999 -9999 -9999 -9999 -9999 -9999 -9999 -9999 -9999 -9999 -9999 -9999 -9999 -9999 -9999
-9999 -9999 -9999 -9999 -9999 10.1591540155932 11.0409841661874 11.144566167146 10.7471560445265 9.87819680280518 9.49083324633539 10.0509786156472 9.83185687381774 9.89444756228477 9.86553848804906 10.5733795644316 10.6459177016014 10.4225264045481 9.92508277035085 9.60342531040078 9.55447743606055 9.01010415959172 9.68330178665929 9.64493239065632 9.38567002327181 9.53391215698793 9.46764426557347 9.23599351961166 9.31144137866795 8.76197523510616 8.87682728562504 8.74117687091763 8.18259223271161 8.98165582236834 8.75006484182086 9.27845086995512 8.22375865010545 8.14515517717227 12.3597383042797 8.76668816492228 8.28891490481328 8.55947293550707 9.38351846835576 14.0774492861528 12.494999720715 12.1299997288734 -9999 -9999 -9999 -9999 -9999 -9999 -9999 -9999 -9999 -9999 -9999 -9999 -9999 -9999 -9999 -9999
-9999 -9999 -9999 -9999 -9999 10.8102042876916 11.0570696005598 10.1595126080792 9.95574242790462 9.94068154349225 9.88040812313557 10.1469618710689 10.1210236812476 10.0365153853782 10.165465243347 10.1739075350176 9.9745506037958 9.87012847186998 9.24797050864436 8.96109651983716 8.96468244469725 9.38782157818787 9.59571557195159 9.56401001964696 9.38656650448684 9.03444860503078 8.95380513928831 9.31961728734896 6.88233587844297 9.33993318164721 9.55703738797456 9.43527531716973 9.26295967455953 8.18947720844299 9.29972735745832 8.27137973224744 8.1540482708253 8.57409554021433 7.1385502096964 6.09220294927114 5.79275260970462 5.19417210243409 12.1216510043014 9.51496423175558 11.8749997345731 -9999 -9999 -9999 -9999 -9999 -9999 -9999 -9999 -9999 -9999 -9999 -9999 -9999 -9999 -9999 -9999 -9999
-9999 -9999 -9999 -9999 -9999 9.05981190848564 8.93021772243083 8.82590715261176 9.85246779193403 9.91755232814467 10.1728701781831 10.1684774202295 10.0838495935313 10.2191584915854 10.2394787324592 10.1333353566006 9.67935726931319 9.66142764501274 9.37871332904324 8.86119265323505 8.88858911916614 9.43766593374312 9.41238516347948 9.70816419902258 9.39221433614148 9.34685238666134 9.69298378378153 9.5442575502093 9.45434048434254 9.33534754440188 9.46750082857907 9.53319497201592 9.10011087357998 9.29043810448742 9.06032418346565 8.43247996796189 9.2099597051274 4.89496115290631 11.1901186188843 4.55980406505987 4.47321593277156 8.83239266402539 8.73418459285712 11.4530554873707 10.3296609278768 12.0234237931971 -9999 -9999 -9999 -9999 -9999 -9999 -9999 -9999 -9999 -9999 -9999 -9999 -9999 -9999 -9999 -9999
-9999 -9999 -9999 -9999 -9999 9.97239904887974 10.6493499439675 9.67046417566016 9.80271308450028 10.1775617632084 10.1400290830061 10.1085207565688 9.3925484791398 9.69969924306497 10.1959353591582 10.0544450096786 9.95977659337223 9.74713124916889 9.13250372814946 8.43990226322785 8.91228809813038 9.25083924853243 9.56765570992138 9.6879634889774 9.39750357531011 9.45559555804357 9.62497074226849 9.63692382513545 9.71354308631271 9.62377543398179 9.4952797931619 9.40140824904665 9.31749760732055 9.43312376225367 10.7091585928574 9.48643451184034 5.42573320027441 5.25289162201807 7.10421497916104 4.8817932230595 5.07718130387366 8.90691049611797 12.0255147664643 -9999 -9999 -9999 -9999 13.2249997043982 13.2249997043982 -9999 -9999 -9999 -9999 -9999 -9999 -9999 -9999 -9999 -9999 -9999 -9999 -9999
-9999 -9999 -9999 -9999 -9999 9.17374186404049 9.05239416677505 9.81705678394064 9.8633152146358 9.17616236332105 9.83408992702607 10.1275978768244 10.1229874020043 10.1439906761849 9.99826552020386 9.99931141495472 10.1771732880152 9.3257053908892 9.45913665884291 9.46083997315145 9.80974149722606 9.72624323685886 9.04775637062266 10.0777209219523 10.1676407044288 9.84939530631527 10.2076237666188 10.7216660953127 9.63967303419486 9.25203455681913 8.17731114337221 9.0142008070834 9.35576340993866 8.83576844597701 8.81030837947037 8.45781196572352 9.21591234039515 12.7469213226278 9.96986345297867 -9999 -9999 -9999 -9999 -9999 -9999 -9999 -9999 -9999 -9999 -9999 -9999 -9999 -9999 -9999 -9999 -9999 -9999 -9999 -9999 -9999 -9999 -9999
-9999 -9999 -9999 -9999 -9999 8.9786675516516 8.93248083945364 9.70398062001914 9.64765769354999 9.7619438772448 9.29128051223233 10.1931485832669 10.1087120058946 9.6965045100078 10.1982405965682 9.88877528114244 9.82915928034345 8.79019134100527 8.15498061128892 8.89224676252343 8.73820567603356 9.11206395644695 9.7557374688331 9.9748374777846 7.95333210332319 8.5179957379587 8.53496911562979 7.7079592182301 9.34003912942717 10.7491103735752 9.39729866531811 9.47168099241597 9.48155765403062 9.46479943185113 8.83606727304868 7.35388499754481 7.19523343623483 5.0230850659843 13.4939411894817 11.3577837334014 11.6199997402728 -9999 -9999 -9999 -9999 -9999 -9999 -9999 -9999 -9999 -9999 -9999 -9999 -9999 -9999 -9999 -9999 -9999 -9999 -9999 -9999 -9999
-9999 -9999 -9999 -9999 -9999 9.8989593077451 9.77467115209438 9.59138257941231 9.61983091663569 10.0133447939745 9.59741888626013 9.27421947862022 9.81438363995403 9.47615486057475 9.82722777081653 10.022601996921 9.93160146947152 9.79195530992001 9.87138354557101 9.93694620509632 9.86467786608264 9.73386332718655 9.15919325460813 9.73712325887755 9.1701559391804 8.68844669964164 5.56666004727595 5.60682240570895 8.47858471616304 9.07925274397712 9.05307549249846 9.51182285984978 9.39770848530212 9.3095766977407 8.0931831728667 6.28408408095129 5.2248018772807 4.97267720795104 4.56927090669051 10.636036244221 10.5987426256761 11.0899997521192 10.9020163035802 6.92918459658845 11.0034600239014 11.6199997402728 -9999 -9999 -9999 -9999 -9999 -9999 -9999 -9999 -9999 -9999 -9999 -9999 -9999 -9999 -9999 -9999
-9999 -9999 -9999 -9999 -9999 9.93037200951949 9.87737204008736 9.84430981287733 9.82164676776156 9.82422863366082 9.67236471583601 9.43820382247213 10.0861666526717 10.0309434098263 9.91407235106453 9.60790771647589 9.8989593077451 10.0845667785034 9.39373835420702 9.87792785844067 9.83884127746569 9.92373804852832 9.94029306829907 10.0619754518848 9.70490698394133 9.25406658090651 9.28151520574465 5.70597322809044 8.8433347474318 9.17517623398453 8.23907054925803 7.85609377420042 8.19550156220794 9.05786526356158 8.93936581518501 7.78732085813369 5.97182971285656 9.33965065423399 9.26255326974206 9.11194442561828 7.653429254191 7.22610654169694 7.39117861608975 9.23921060648614 9.15929570960413 11.6838367891543 12.7249997155741 -9999 -9999 -9999 -9999 -9999 -9999 -9999 -9999 -9999 -9999 -9999 -9999 -9999 -9999 -9999
-9999 -9999 -9999 -9999 -9999 9.84807503398042 9.96580094713718 9.96300392574631 10.3371262248032 9.48831712239189 7.64859679354621 9.85492415046319 9.53384043849073 9.53470106045716 9.89932814573071 9.82539405924035 9.87263861927204 9.82896205447614 9.62234106403776 9.84655101591488 10.0918410832195 10.0805710336593 9.44008643302368 9.25621813582256 9.10758155037183 9.10253564181871 9.52372813038528 9.28616060840432 9.10991240153089 9.08983122231439 8.96193323563784 7.99851475656033 7.99134290684015 7.81453290507197 8.64388560671359 8.07322152447887 8.33586490673146 9.24341126132224 9.03016143264249 9.30900294976309 7.81926632588729 8.77412639763206 8.77666045119986 7.13370921113528 6.85713194942634 9.87400127071887 -9999 -9999 -9999 -9999 -9999 -9999 -9999 -9999 -9999 -9999 -9999 -9999 -9999 -9999 -9999 -9999
-9999 -9999 -9999 -9999 -9999 9.97670215871185 9.83979154755361 10.0920255022123 9.69298378378153 9.73242895724252 9.58504744549282 9.65712453518063 9.80683689808939 9.71127200056799 9.67122917296365 9.6043397212401 9.68500510096783 9.5165562806651 9.17039500083774 6.38508763117716 9.20350504037924 7.86119091025155 9.07864313675091 10.030265630622 9.54820206755539 9.37240210128948 9.91131538026301 9.24534083041362 8.63513595005497 8.74988554557785 8.91316465754062 8.05899735586718 6.3616595887579 6.24177016760223 6.31850895960815 7.81518861704639 8.71023546212486 8.80039585860712 8.19777264795266 8.0345447634879 7.92081971792504 7.75622576684691 7.7877101871185 7.34389563543456 7.24935528787319 7.50413524918258 7.14052246836945 -9999 -9999 9.00873809297835 -9999 -9999 -9999 -9999 10.9150669761002 -9999 -9999 -9999 -9999 -9999 -9999 -9999
-9999 -9999 -9999 -9999 -9999 9.87604524788912 9.26171655394137 9.95834222342819 9.88752020744141 9.73655277083162 9.64899643883109 9.64349802071229 9.73691136331763 9.76308861479629 9.7236434413353 9.91423534764908 8.58529159449972 7.98213903303258 7.24021117947996 5.83930986747146 5.62690358492546 5.648419134086 5.49806642745222 6.49095779371315 9.21462140744552 9.90125429965556 8.96265042060986 9.94061750911975 9.90803682039093 9.94579148641787 8.59302694669792 9.07465080707334 9.25597907416523 8.41173283127137 8.23064362583682 8.01907405909151 7.9390362162143 9.3293710029684 6.98668629187159 7.62013991840649 7.76160465413705 8.24068421544507 10.8499099584296 7.25616854510736 7.79121414798179 7.80525048243414 11.2048097047955 10.1947074058972 9.56744055442978 9.07240362749435 -9999 -9999 -9999 10.1122223092101 9.14598606625745 -9999 -9999 -9999 -9999 -9999 -9999 -9999
-9999 -9999 -9999 -9999 -9999 10.0642465376295 9.85691177738564 9.21211126004346 10.0613094944108 9.79912715964019 9.68168812047224 9.6996177447727 9.7596819861792 9.72938092111144 9.71683018410113 9.72238836763427 9.96635078894906 9.83580604820911 6.2671107032802 6.37456891825423 6.0947643241712 6.02161145702537 6.21879634233192 6.33541061878204 5.83678264423673 6.05829034559429 7.6842511321551 9.03747671935707 9.5047739561248 7.72922887540023 8.25431072991341 8.41731662855351 9.24474317627028 6.51926098635886 5.66903820203152 5.65164646646008 6.71582943410613 6.73900133903537 7.34051462056647 7.2579358937884 7.70443476636761 12.0786168410873 8.16537979338318 7.51614809746388 7.29256568243727 9.56500441441312 -9999 8.8551682994701 8.65505775483325 9.64119547948633 8.32509841257706 8.87193682603137 8.95999979972839 11.0751224910273 12.4352367320325 -9999 -9999 -9999 -9999 -9999 -9999 -9999
-9999 -9999 -9999 -9999 -9999 10.0203787235077 10.0435437981039 10.0494247148745 9.97770621767268 10.3750266921706 9.99623349611647 9.73475980840158 9.74892421159893 9.70445874333382 9.70565405162051 9.59831536747515 9.97400076198392 9.96228674077429 8.09927924512886 6.46538246533601 6.86483656512573 6.38209936046042 6.34516433440149 6.36488692113198 5.72121340874583 9.65748312766664 5.89925457804929 9.85494805662893 9.80725525598973 9.23716150656609 8.42366883830566 9.39104891056195 6.31934567540884 6.0775348090101 6.45178583357483 6.30619728425518 6.93632966133633 6.29543950967491 11.64637283281 10.0254524257034 -9999 9.75824761623517 11.4013183871284 8.67135379114188 11.487766760294 8.61324621743077 10.1199997738004 -9999 12.6068615010299 8.53280770250106 10.0268260700419 9.50851465342566 7.01913891185541 7.44448936567642 12.1919111773003 12.4699997212738 -9999 -9999 -9999 -9999 -9999 -9999
-9999 -9999 -9999 -9999 -9999 10.6424815186586 10.1544923132751 9.74599027307704 10.5935290469788 10.5900718476265 10.5192605587654 9.4448377834633 9.54715617280453 9.71617276454344 9.98702962230891 9.93844034045469 9.26724485476734 9.85354356939206 9.33654285268858 9.70609802326986 7.84436779990792 6.48634731889303 5.55165039036157 5.72515792609192 9.97920035303105 6.03523797149371 8.3654744005762 8.87713465061305 8.22263506031595 8.29992369413376 6.94473097100854 6.73244421929121 9.98278168055157 9.69776501692832 5.82604194548912 12.3522160119028 9.34403088072976 10.2208506161043 7.8349998248741 9.63249609805644 12.3285833878729 8.33893855661154 7.9272743826732 7.72538681305014 8.08519851351157 11.3341166293249 9.83420685935847 -9999 12.6869172735314 8.92477622375424 8.67242956859991 9.91199414461153 7.9375540339388 10.774841723093 10.8937650565058 11.5249997423962 -9999 -9999 -9999 -9999 -9999 -9999
-9999 -9999 -9999 -9999 -9999 7.3654316755943 7.62548294644803 10.2505950995255 10.4118899997324 10.9814065860119 10.011324263236 9.93047446451549 9.74007893027738 9.71473839459941 9.78227331279777 9.61158328945749 10.0865988025907 9.93908068417971 9.30471776955528 7.16392062808154 8.08338164491579 7.50162510178052 8.62380442749709 8.8765882239677 6.73579108249396 6.79997913748957 6.96636605099775 8.569633055944 9.1114663023036 8.41400391701609 9.15079194493592 7.55362101225182 8.02642520505469 6.67127858667768 5.45406200666912 5.58046585798729 10.5572671682182 10.7836111894644 -9999 9.1943774628453 6.60734666917207 8.29060028949752 8.93085522018373 7.26943646708969 7.63025734926175 7.39359911537031 -9999 8.59999388642609 8.81897436454892 9.50836841890123 7.93362659242536 8.10310423164628 8.60316999130217 8.54680266766809 13.0049997093156 -9999 -9999 -9999 -9999 -9999 -9999 -9999
