EcologicalScience/Bass/data/rs_data_bass/sst_491.asc
NCOLS 226 
NROWS 124 
XLLCORNER -9.41648524995501 
YLLCORNER 47.587301625531 
CELLSIZE 0.0833 
NODATA_value -9999 
[rows 81 to 107 of 124, columns 62 to 123 of 226]
16.987303905603 -9999 -9999 -9999 -9999 -9999 -9999 -9999 -9999 -9999 -9999 -9999 -9999 -9999 -9999 -9999 -9999 -9999 -9999 -9999 -9999 -9999 -9999 -9999 -9999 -9999 -9999 -9999 -9999 -9999 -9999 -9999 -9999 -9999 -9999 -9999 -9999 -9999 -9999 -9999 -9999 -9999 -9999 -9999 -9999 -9999 -9999 -9999 -9999 -9999 -9999 -9999 -9999 -9999 -9999 -9999 -9999 -9999 -9999 -9999 -9999 -9999
9.69738413903357 -9999 -9999 -9999 -9999 -9999 -9999 -9999 -9999 -9999 -9999 -9999 -9999 -9999 -9999 -9999 -9999 -9999 -9999 -9999 -9999 -9999 -9999 -9999 -9999 -9999 -9999 -9999 -9999 -9999 -9999 -9999 -9999 -9999 -9999 -9999 -9999 -9999 -9999 -9999 -9999 -9999 -9999 -9999 -9999 -9999 -9999 -9999 -9999 -9999 -9999 -9999 -9999 -9999 -9999 -9999 -9999 -9999 -9999 -9999 -9999 -9999
-9999 -9999 -9999 -9999 -9999 -9999 -9999 -9999 -9999 -9999 -9999 -9999 -9999 -9999 -9999 -9999 -9999 -9999 -9999 -9999 -9999 -9999 -9999 -9999 -9999 -9999 -9999 -9999 -9999 -9999 -9999 -9999 -9999 -9999 -9999 -9999 -9999 -9999 -9999 -9999 -9999 -9999 -9999 -9999 -9999 -9999 -9999 -9999 -9999 -9999 -9999 -9999 -9999 -9999 -9999 -9999 -9999 -9999 -9999 -9999 -9999 -9999
-9999 -9999 -9999 -9999 -9999 -9999 -9999 -9999 -9999 -9999 -9999 -9999 -9999 -9999 -9999 -9999 -9999 -9999 -9999 -9999 -9999 -9999 -9999 -9999 -9999 -9999 -9999 -9999 -9999 -9999 -9999 -9999 -9999 11.3199997469783 11.209999749437 11.1449997508898 -9999 -9999 -9999 -9999 -9999 -9999 -9999 -9999 -9999 -9999 -9999 -9999 -9999 -9999 -9999 -9999 -9999 -9999 -9999 -9999 17.2699996139854 18.1057428017957 19.152474268456 18.6699880785309 18.4620044366457 18.2662129392847
-9999 -9999 -9999 -9999 -9999 -9999 -9999 -9999 -9999 -9999 -9999 -9999 -9999 -9999 -9999 -9999 -9999 -9999 -9999 -9999 -9999 -9999 -9999 -9999 -9999 -9999 -9999 -9999 -9999 -9999 -9999 -9999 -9999 16.4349996326491 19.9291855931515 19.7103844112717 19.5725653658155 19.1418957901187 19.3011108539067 19.4549470304046 19.4550665612333 -9999 18.7623256436782 18.5100558297709 18.4096499336883 18.4325998527929 18.6197851304896 18.3501235810108 18.3020721878856 18.9654682870023 19.0131610876415 18.8825138919055 9.37730286526494 -9999 19.0789269495755 18.8980528996326 18.8263344024308 17.9943998348899 18.0826135864481 18.2913144133054 18.0496230777353 17.9133579330519
-9999 -9999 -9999 -9999 -9999 -9999 -9999 -9999 -9999 -9999 -9999 -9999 17.1509903077967 17.2269322276115 17.1549348251428 17.1251716488041 17.7358546524774 17.3313623282593 17.7895718068816 -9999 -9999 -9999 -9999 -9999 -9999 11.894999734126 -9999 19.5959635255276 19.4297260255553 19.4581743627787 19.5542771490291 19.6207960551837 19.0522476686165 19.0859553623013 18.2749995915219 13.6191385707494 19.0436414489523 19.3264513895847 19.3403169657104 18.4562669568695 18.4512466620654 18.2325052455999 18.0840479563922 18.0424512280151 18.1823022975586 18.3443861012347 18.4189733383246 18.1815851125866 17.9685811758973 18.2805566387251 17.840205065906 18.0704214419238 17.8459425456822 18.4268623730168 18.3357798815705 18.2654957543127 18.1048463205807 17.9076204532757 17.8337504011579 17.6953337015584 17.8337504011579 17.8488112855703
-9999 -9999 -9999 -9999 -9999 -9999 -9999 -9999 -9999 16.4266582165748 17.2217525583692 17.0781960331369 17.7233039154671 17.2901241923682 17.3876613485627 17.4622485856526 17.6874446668662 17.4220862272196 17.4651173255406 17.5863215858117 17.75988034904 7.90871722152224 17.9047517133877 18.4917676129844 18.1432157165837 18.5295222790114 -9999 19.1720175589435 18.4548325869255 19.219590828754 18.6950895525515 18.9816049488727 18.5624103327282 18.5975523963571 18.9801705789287 18.0149995973334 13.5834160284038 19.259036002215 18.8399609168991 18.6240882403217 18.2905972283334 18.3257392919622 18.5014496101066 18.3881343845278 18.3142643324099 18.2920315982774 18.2454145750962 18.1751304478385 18.117755650077 18.1256446847692 18.2052522166632 17.9463484417647 17.9908139100298 17.9054688983597 17.8516800254583 17.7462538345717 17.7426679097116 17.6953337015584 17.7347788750194 17.7519913143478 17.757728794124 17.9398937770166
-9999 -9999 -9999 -9999 -9999 -9999 -9999 -9999 15.7568598997582 19.3223873414099 18.5490228799172 17.5126905953512 18.341756423004 17.28008360276 17.1517074927688 17.1251716488041 17.2987304120325 17.4206518572755 17.4773094700649 17.4880672446452 17.5454420424066 17.8323160312138 17.8272957364097 17.8674580948427 17.8287301063538 18.4716864337679 18.4932019829284 18.0546433725394 18.1134525402449 18.2855769335292 18.3522751359269 18.3300424017943 18.39602341922 18.6685537085868 19.2430188711733 19.1282692756504 18.7754142694175 18.7065645121038 18.5659962575883 18.636997569818 18.314981517382 18.1636554882862 18.5007324251346 18.3422345463187 18.2210302860476 18.079027661588 18.0252387886867 17.9420453319326 17.9642780660652 17.8982970486395 17.8559831352904 17.8904080139473 17.9047517133877 17.9147923029959 17.8179723317735 17.7534256842919 17.7656178288162 17.680272817146 17.6343729789369 17.6723837824538 17.7692037536763 18.0460371528752
-9999 -9999 -9999 -9999 -9999 -9999 -9999 -9999 17.2076479205862 16.9982299087569 17.9788608271629 16.8397320299409 17.917302450398 16.9150364520028 16.923642671667 17.0835749204271 17.2492446489632 17.3969847531989 17.5339670828544 17.7333445050754 17.557634186931 17.7060914761387 17.7333445050754 17.8294472913258 18.0073091643862 18.0553605575114 17.9334391122684 18.0116122742184 18.2561723496765 18.198080366943 18.1256446847692 18.3035065578297 18.15791800851 18.2396770953201 18.3099612225778 18.6219366854057 18.7058473271318 18.8213141076267 18.5753196622245 18.6814630380832 18.4620044366457 18.1765648177825 18.4132358585484 17.8839533491991 17.8523972104304 17.8746299445629 17.7641834588721 17.6429791986011 17.7003539963625 17.7017883663066 17.7656178288162 17.7692037536763 17.7010711813346 17.7541428692639 17.8588518751785 17.8093661121093 17.6673634876497 18.0223700487986 17.8086489271373 17.877498684451 17.8581346902065 17.9951170198619
12.0568254515529 9.40499978978187 -9999 -9999 -9999 -9999 -9999 -9999 11.2561862282455 18.2960956464522 18.6628162288107 15.964766364079 16.9903408740647 17.3431958802976 16.8798943883739 16.8598132091574 16.6668904516846 17.1825464465655 16.6353343129158 17.320245961193 17.5942106205039 17.7849818230607 17.5913418806158 17.9484999966808 17.5074312388897 18.0560777424835 17.4335611867718 17.8129520369694 17.8947111237794 17.6831415570341 17.7096774009988 17.7778099733405 17.760597534012 18.2081209565513 18.0532090025954 18.115604095161 18.2834253786132 18.4648731765337 18.3085268526338 18.236808355432 18.1478774189018 17.8896908289753 17.7089602160268 17.7060914761387 17.6895962217823 17.6200292794965 17.5052796839736 17.4679860654287 17.3905300884508 17.6523026032373 17.5368358227424 17.479461024981 17.6630603778176 17.6071199500002 17.5863215858117 17.6142917997204 17.6917477766983 17.6974852564745 17.6479994934052 17.9900967250578 18.1005432107486 18.1507461587898
16.4191030438524 16.882404535776 15.8715323177166 17.1495559378527 16.4394403605589 -9999 16.1899624452926 16.6107109622099 17.0530945591163 17.4540009584744 17.3374584005214 17.4281822994817 17.3790551288985 16.5162816075608 16.4151585265063 16.7206793245859 16.6295968331397 16.8798943883739 17.5870387707837 16.7285683592781 17.0276344926096 16.7981353015639 16.8512069894932 16.9795830994844 17.0713827759027 17.0907467701472 16.8691366137937 17.0477156718262 17.0448469319381 17.2729117530398 17.1495559378527 17.4522079960443 17.4851985047571 17.8631549850106 17.3532364699058 17.640110458713 17.7548600542359 17.8423566208221 17.7555772392079 17.7089602160268 17.597796545364 17.4349955567159 17.4866328747012 17.4493392561562 17.4364299266599 17.4027222329751 17.4959562793374 17.4529251810163 17.4486220711842 17.6035340251401 17.6465651234612 17.6300698691048 17.6644947477616 17.5906246956438 17.7663350137882 17.8244269965217 17.7340616900474 17.8947111237794 18.0682698870078 18.0991088408045 18.2554551647045 18.355143875815
16.7837916021235 16.4639271046035 15.7245093984529 16.045808265917 16.0673238150775 15.1507614208385 15.6951048146002 15.5473647103645 15.4971617623232 16.88025298086 16.3577837287448 16.0802331445739 16.684820075985 15.4146854905412 16.5091097578406 16.6202734285034 16.4710989543237 16.6202734285034 16.604495359119 16.6159703186713 16.7522354633547 16.9372691861354 16.7902462668717 16.723548064474 16.9595019202679 16.8296914403327 16.8999755675904 16.7206793245859 16.9014099375345 17.2693258281797 17.3353068456054 17.1108279493637 17.281517972704 17.3037507068366 17.2614367934875 17.5533310770988 17.4134800075553 17.1811120766215 17.2463759090751 17.039826637134 17.3037507068366 17.3812066838145 17.3862269786187 17.3926816433668 17.4220862272196 17.4945219093934 17.4988250192255 17.4909359845333 17.5397045626305 17.6343729789369 17.6365245338529 17.7060914761387 17.6852931119502 17.7311929501593 17.75988034904 17.8638721699826 17.8681752798147 17.8982970486395 18.0646839621477 18.0998260257766 18.3816797197796 18.4971465002745
16.7429120587185 16.6174046886154 16.08597062435 15.6692861556076 15.4821008779109 15.0668507791124 14.8473921776749 15.7230750285089 15.3472701031715 16.0587175954133 16.4746848791838 15.927472745534 15.9504226646386 16.3290963298641 16.3735617981292 16.245185688138 16.3513290639967 16.3126010755077 16.3771477229893 16.6568498620763 16.641788977664 16.6460920874961 16.6941434806213 16.6489608273841 16.8153477408923 16.8117618160322 16.8397320299409 16.8999755675904 16.7916806368157 16.9537644404918 17.1237372788601 17.1947385910898 17.1352122384124 17.0685140360147 17.3102053715847 17.3345896606334 17.1710714870133 17.2578508686274 17.3532364699058 16.8060243362561 17.3711660942063 17.4063081578352 17.3797723138705 17.4027222329751 17.3783379439265 17.4278237069957 17.6300698691048 17.560502926819 17.7010711813346 17.798608337529 17.8631549850106 17.8509628404863 17.8215582566336 17.9334391122684 17.9348734822124 17.9298531874083 18.0223700487986 18.1866054073907 18.2690816791728 18.3931546793319 18.5208136043511 18.6979582924396
16.6855372609571 16.5291909370571 16.4632099196315 16.2186498441733 16.5887172897346 16.0529801156372 15.8492995835841 15.0259712357074 15.0388805652037 15.2045502937399 15.3802606118843 15.526566346176 15.7453077626415 15.7402874678373 16.0658894451335 16.1411938671954 16.1584063065238 16.243751318194 16.3749961680733 16.4596239947714 16.4381084456109 16.2889339714311 16.3879054975696 16.4338053357787 16.7077699950896 16.8045899663121 16.8648335039616 16.8849146831781 16.8131961859763 16.8626819490455 17.1244544638321 17.0527359666303 17.1359294233844 17.2054963656701 17.202627625782 17.3847926086746 17.5361186377704 17.4041566029191 17.5088656088337 17.4486220711842 17.4672688804567 17.4730063602328 17.5052796839736 17.4866328747012 17.6429791986011 17.7032227362506 17.7627490889281 17.7068086611107 17.7017883663066 17.7455366495997 17.8244269965217 17.8280129213817 17.9406109619886 18.0876338812523 18.1034119506367 18.276253528893 18.3859828296117 18.4526810320094 18.7087160670199 18.7582018300891 18.9482558476739 18.8794060903601
16.64394053258 16.7680135327391 16.9114505271427 16.9430066659115 16.9092989722267 16.4976347982883 16.166295341216 15.5487990803085 15.167973860167 15.3149967794307 15.3745231321082 15.6025879532099 15.7008422943763 15.7897732309066 16.1232642428949 16.0336161213927 16.1168095781468 16.2896511564031 16.5908688446507 16.6503951973282 16.7328714691103 16.2021545898169 16.2996917460114 16.2638324974105 16.3577837287448 16.5535752261057 16.7271339893341 16.6891231858172 16.8103274460882 17.1545762326568 17.1524246777408 16.9523300705478 17.3661457994021 17.4077425277792 17.438581481576 17.6171605396084 17.480178209953 17.7268898403272 17.5239264932461 17.5805841060355 17.6982024414465 17.6637775627896 17.7613147189841 17.7892849328928 17.6852931119502 17.7856990080327 17.9807733204216 17.9951170198619 17.9147923029959 17.9528031065129 18.0718558118679 18.198797551915 18.2511520548724 18.3651844654232 18.4784996910021 18.3651844654232 18.7976470035501 18.8521530614235 18.954710512422 19.1433301600628 19.1591082294472 19.1289864606224
16.5327768619172 16.5686361105181 16.7508010934107 16.7113559199497 17.0039673885331 16.8691366137937 16.6202734285034 16.1928311851807 15.5918301786296 15.5918301786296 15.6176488376223 15.7352671730332 15.7438733926974 15.8263496644795 15.9116946761496 16.0967283989303 15.9733725837432 15.9834131733514 16.5177159775048 16.5822626249865 16.6661732667126 16.3448743992485 16.443128740415 16.4596239947714 16.442411555443 16.5471205613576 16.8483382496051 16.9688253249042 16.9179051918909 16.682668521069 17.043412561994 17.0556047065184 16.8849146831781 17.2176885101944 17.7390819848515 17.6429791986011 18.4548325869255 17.9836420603096 18.2626270144247 18.0187841239385 18.0438855979592 17.9449140718207 17.8258613664657 17.8129520369694 17.8896908289753 17.8982970486395 17.9692983608693 17.9040345284157 17.999420129694 18.2059694016352 18.3630329105072 18.4942777603865 18.3874171995558 18.8270515874028 18.9296090384014 19.0099337552674 19.3384044724517 19.232978281565 19.1949674780481 19.4459822182544 19.2272408017889 18.9052247493528
16.4223303762265 16.5600298908539 16.8289742553607 17.0054017584771 16.1548203816637 16.5306253070012 15.9575945143588 16.1713156360202 15.4770805831067 15.6312753520906 15.6341440919787 15.845713658724 16.0730612948537 16.1096377284266 16.1354563874193 16.1354563874193 16.08597062435 16.084536254406 16.1949827400967 16.3348338096403 16.7300027292222 16.7995696715079 16.7737510125153 16.7809228622355 16.6281624631956 16.9143192670308 17.3023163368925 17.4256721520796 17.3037507068366 16.6754966713488 16.9501785156317 17.439298666548 17.7864161930047 17.8818017942831 18.1916257021949 18.4426404424012 18.4885402806103 18.3379314364865 18.4433576273732 18.4684591013938 18.3099612225778 18.1607867483981 18.1686757830903 18.1220587599091 18.1450086790137 18.3257392919622 18.2403942802921 18.3651844654232 18.4455091822892 18.5918149165809 18.6943723675795 18.9080934892409 18.8786889053881 18.9102450441569 18.9625995471142 18.9382152580656 19.3381654107943 17.6799996048212 -9999 -9999 -9999 -9999
16.1397594972514 16.8490554345772 17.001098648645 17.0570390764624 17.1380809783004 16.724265249446 16.3914914224297 16.2186498441733 15.9525742195547 15.6613971209154 15.9188665258698 16.1541031966917 16.3606524686329 16.3771477229893 16.3943601623178 16.2939542662352 16.1612750464119 16.7386089488864 16.8469038796611 16.9666737699881 16.8655506889336 16.801004041452 16.7665791627951 16.8913693479262 16.9745628046803 17.4249549671076 17.4170659324154 17.4572282908484 17.3525192849338 17.3718832791783 17.4701376203448 17.5899075106718 17.8896908289753 17.9671468059532 18.1615039333701 18.3321939567104 18.475630951114 18.5373088587075 18.5007324251346 18.515793309547 18.5236823442392 18.3608813555911 18.2977690780535 18.3106784075499 18.3185674422421 18.3996093440801 18.4706106563099 18.513641754631 18.7223425814882 19.0429242639802 18.9461042927578 18.9403668129817 18.9654682870023 18.833506252151 18.8493282308194 17.8949996000156 -9999 -9999 -9999 -9999 -9999 -9999
17.1172826141119 17.2528305738233 17.3539536548778 17.3159428513609 17.2212744350545 16.7307199141942 16.3900570524856 15.9970396878198 15.7230750285089 16.0680410000496 16.4653614745475 16.445997480303 16.4811395439319 16.5951719544828 16.7472151685506 16.7837916021235 16.5930203995667 16.6633045268245 16.7665791627951 17.0505844117142 17.0147251631133 17.0118564232253 17.2262947298586 17.481612579897 17.4156315624714 17.4737235452048 17.4981078342535 17.4694204353727 17.7649006438442 16.8199996240437 17.8049996020272 17.2590461769141 17.634999605827 -9999 -9999 17.19999961555 18.5624103327282 18.3874171995558 18.3859828296117 18.5114901997149 18.3651844654232 18.3250221069902 18.3214361821301 18.4498122921214 18.7273628762923 18.6836145929992 18.7316659861244 18.9439527378418 18.9704885818064 19.114642761182 19.0830866224132 19.0802178825252 18.9712057667784 17.4649996096268 -9999 -9999 -9999 -9999 -9999 -9999 -9999 -9999
17.4715719902888 17.3625598745421 17.480178209953 17.4464705162682 17.2901241923682 17.0147251631133 16.2265388788655 15.6743064504117 15.9131290460937 16.6912747407332 16.8863490531221 16.803155596368 16.9752799896523 16.8727225386538 17.0262001226656 17.0692312209867 17.0893124002032 17.1732230419293 17.0857264753431 17.1459700129926 17.201193255838 17.1653340072371 17.1768089667894 17.9714499157853 17.7670521987602 17.6508682332933 17.4199346723035 17.5719778863713 17.5877559557557 -9999 -9999 -9999 -9999 -9999 16.3799996338785 19.1598254144192 18.5588244078681 18.6111789108254 18.5638447026722 18.4483779221773 18.4268623730168 18.4584185117856 18.4412060724571 18.5717337373644 18.7187566566281 18.8535874313675 19.0393383391201 19.1017334316857 19.1598254144192 19.2372813913971 19.1985534029081 19.4007995650172 18.8500015065074 -9999 -9999 -9999 -9999 -9999 -9999 -9999 -9999 -9999
17.518906198442 17.5432904874906 17.2607196085155 16.644657717552 16.8662678739056 16.8755912785418 16.6503951973282 16.2100436245091 16.3914914224297 16.9731284347363 16.8447523247451 17.2994475970045 17.2707601981238 17.3001647819765 17.2944273022003 17.2908413773403 17.0556047065184 17.1402325332165 17.3001647819765 17.2664570882916 16.7300027292222 16.88204594329 17.0290688625537 17.6193120945245 18.0510574476793 17.9843592452817 17.6214636494406 17.678838447202 17.8021942623891 15.8149996465072 -9999 -9999 -9999 -9999 -9999 14.3849996784702 18.7187566566281 18.7366862809286 18.9059419343248 18.6972411074676 18.7015442172997 18.7323831710964 18.7668080497533 18.8923154198565 18.8987700846046 18.8801232753322 19.0543992235325 18.9504074025899 19.1289864606224 19.4194463742897 19.3498794320039 19.5019226460718 19.7558061261661 18.1849995935336 -9999 -9999 -9999 -9999 -9999 -9999 -9999 -9999
17.200476070866 17.2298806547187 16.8928037178703 16.5987578793429 16.482573913876 17.5296639730223 17.438581481576 17.4708548053168 16.3685415033251 17.3890957185067 17.2843867125921 17.4141971925274 17.4027222329751 17.3539536548778 17.439298666548 17.3675801693462 17.0972014348954 17.0850092903711 17.2248603599146 17.1144138742238 17.0477156718262 17.1789605217054 17.3116397415288 18.3286080318503 18.2812738236971 18.636280384846 18.0238044187427 17.9133579330519 18.0295418985188 17.8301644762978 19.1459242333658 24.7149994475767 -9999 -9999 -9999 -9999 18.953276142478 18.8241828475147 18.8048188532703 18.8786889053881 19.0206915298477 18.9453871077858 19.0120853101835 18.8162938128226 18.9618823621422 19.1734519288875 19.2207861370407 19.4115573395975 19.351313801948 19.4194463742897 19.4294869638979 19.6733298543841 19.7299874671735 9.86999977938831 -9999 -9999 -9999 -9999 -9999 -9999 -9999 -9999
17.0204626428895 16.9638050301 17.1301919436082 16.643223347608 16.7988524865359 16.5134128676727 16.6482436424121 16.3986632721499 17.3819238687865 17.9284188174643 17.8545487653464 17.7211523605511 17.6365245338529 17.6250495743006 17.5160374585539 17.4464705162682 17.2628711634316 17.1567277875729 17.1323434985243 17.0893124002032 17.2908413773403 17.3890957185067 17.4565111058764 18.2669301242568 18.3192846272141 18.3278908468783 18.3515579509549 18.3372142515145 18.4254280030727 18.4792168759741 18.7252113213763 18.7249995814636 -9999 -9999 -9999 -9999 -9999 -9999 -9999 -9999 -9999 -9999 -9999 -9999 -9999 -9999 19.2444532411173 19.4495681431144 19.4739524321631 19.4524368830025 16.909653137645 -9999 -9999 -9999 -9999 -9999 -9999 -9999 -9999 -9999 -9999 -9999
17.1423840881325 16.8447523247451 16.762276052963 16.721396509558 16.243751318194 16.7680135327391 16.4560380699113 16.4488662201911 16.921491116751 17.0620593712665 17.4120456376113 17.6279183141887 18.155049268622 18.1335337194614 17.8574175052345 17.6365245338529 17.5518967071548 17.6415448286571 17.7118289559148 17.5411389325745 17.7118289559148 17.6580400830135 17.7476882045157 17.480178209953 18.4648731765337 17.0449996190146 18.4010437140241 18.3400829914026 18.4734793961979 18.5516525581479 18.6154820206575 17.3599996119738 19.0527599435965 -9999 -9999 -9999 -9999 -9999 -9999 -9999 -9999 -9999 -9999 -9999 -9999 -9999 -9999 -9999 -9999 -9999 -9999 -9999 -9999 -9999 -9999 -9999 -9999 -9999 -9999 -9999 -9999 -9999
16.3764305380173 16.0709097399376 17.3876613485627 15.6994079244323 14.8696249118075 16.6009094342589 16.6941434806213 16.5994750643149 16.8318429952487 17.1653340072371 17.4586626607925 17.957106216345 18.0610980372876 18.1779991877265 18.0080263493583 18.0446027829312 17.7240211004391 17.7878505629487 18.1808679276146 18.1629383033141 17.7247382854111 17.8229926265776 17.9011657885276 17.956389031373 18.0489058927633 18.1923428871669 18.2138584363274 18.3106784075499 18.4082155637443 18.4992980551906 18.6047242460772 18.5401775985956 -9999 -9999 -9999 -9999 -9999 -9999 -9999 -9999 -9999 -9999 -9999 -9999 -9999 -9999 -9999 -9999 -9999 -9999 -9999 -9999 -9999 -9999 -9999 -9999 -9999 -9999 -9999 -9999 -9999 -9999
15.2117221434601 14.8653218019754 15.9023712715134 15.9059571963735 15.6506393463351 17.879650239367 17.1760917818174 17.3761863890104 17.1466871979646 16.9903408740647 18.2246162109077 18.1019775806926 18.0517746326514 18.0747245517559 18.1105838003568 18.0818964014761 18.1069978754967 18.2016662918031 18.3623157255352 18.2956175231375 18.0410168580711 18.077593291644 18.0108950892463 18.0955229159445 18.1665242281742 18.3522751359269 18.4282967429608 18.6226538703777 18.8571733562276 18.7503127953969 18.6269569802098 18.6326944599859 21.7914047545221 -9999 -9999 -9999 -9999 -9999 -9999 -9999 -9999 -9999 -9999 -9999 -9999 -9999 -9999 -9999 -9999 -9999 -9999 -9999 -9999 -9999 -9999 -9999 -9999 -9999 -9999 -9999 -9999 -9999
15.4950102074072 15.3874324616045 15.5839411439374 16.0938596590422 16.4546036999673 17.1567277875729 16.3671071333811 16.4474318502471 17.3553880248219 17.5934934355319 17.9750358406454 18.3666188353673 18.475630951114 18.4928433904424 18.3314767717384 18.2246162109077 18.0345621933229 18.3027893728577 18.1894741472788 17.9743186556734 18.076876106672 18.0560777424835 18.1779991877265 18.1923428871669 18.3336283266544 18.3823969047517 18.3307595867664 18.6226538703777 18.9023560094647 18.9841150962748 18.9568620673381 18.8284859573469 13.5636682306733 -9999 -9999 -9999 -9999 -9999 -9999 -9999 -9999 -9999 -9999 -9999 -9999 -9999 -9999 -9999 -9999 -9999 -9999 -9999 -9999 -9999 -9999 -9999 -9999 -9999 -9999 -9999 -9999 -9999
