EcologicalScience/Bass/data/rs_data_bass/sst_527.asc
NCOLS 226 
NROWS 124 
XLLCORNER -9.41648524995501 
YLLCORNER 47.587301625531 
CELLSIZE 0.0833 
NODATA_value -9999 
[rows 0 to 26 of 124, columns 62 to 123 of 226]
-9999 -9999 -9999 -9999 -9999 -9999 -9999 -9999 -9999 -9999 -9999 -9999 -9999 -9999 -9999 -9999 -9999 -9999 -9999 -9999 -9999 -9999 -9999 -9999 -9999 -9999 -9999 -9999 -9999 -9999 -9999 -9999 -9999 -9999 -9999 -9999 -9999 -9999 -9999 -9999 -9999 -9999 -9999 -9999 -9999 -9999 -9999 -9999 -9999 -9999 -9999 -9999 -9999 -9999 -9999 -9999 -9999 -9999 -9999 -9999 -9999 -9999
-9999 -9999 -9999 -9999 -9999 -9999 -9999 -9999 -9999 -9999 -9999 -9999 -9999 -9999 -9999 -9999 -9999 -9999 -9999 -9999 -9999 -9999 -9999 -9999 -9999 -9999 -9999 -9999 -9999 -9999 -9999 -9999 -9999 -9999 -9999 -9999 -9999 -9999 -9999 -9999 -9999 -9999 -9999 -9999 -9999 -9999 -9999 -9999 -9999 -9999 -9999 -9999 -9999 -9999 -9999 -9999 -9999 -9999 -9999 -9999 -9999 -9999
-9999 -9999 -9999 -9999 -9999 -9999 -9999 -9999 -9999 -9999 -9999 -9999 -9999 -9999 -9999 -9999 -9999 -9999 -9999 -9999 -9999 -9999 -9999 -9999 -9999 -9999 -9999 -9999 -9999 -9999 -9999 -9999 -9999 -9999 -9999 -9999 -9999 -9999 -9999 -9999 -9999 -9999 -9999 -9999 -9999 -9999 -9999 -9999 -9999 -9999 -9999 -9999 -9999 -9999 -9999 -9999 -9999 -9999 -9999 -9999 -9999 -9999
-9999 -9999 -9999 -9999 -9999 -9999 -9999 -9999 -9999 -9999 -9999 -9999 -9999 -9999 -9999 -9999 -9999 -9999 -9999 -9999 -9999 -9999 -9999 -9999 -9999 -9999 -9999 -9999 -9999 -9999 -9999 -9999 -9999 -9999 -9999 -9999 -9999 -9999 -9999 -9999 -9999 -9999 -9999 -9999 -9999 -9999 -9999 -9999 -9999 -9999 -9999 -9999 -9999 -9999 -9999 -9999 -9999 -9999 -9999 -9999 -9999 -9999
-9999 -9999 -9999 -9999 -9999 -9999 -9999 -9999 -9999 -9999 -9999 -9999 -9999 -9999 -9999 -9999 -9999 -9999 -9999 -9999 -9999 -9999 -9999 -9999 -9999 -9999 -9999 -9999 -9999 -9999 -9999 -9999 -9999 -9999 -9999 -9999 -9999 -9999 -9999 -9999 -9999 -9999 -9999 -9999 -9999 -9999 -9999 -9999 -9999 -9999 -9999 -9999 -9999 -9999 -9999 -9999 -9999 -9999 -9999 -9999 -9999 -9999
-9999 -9999 -9999 -9999 -9999 -9999 -9999 -9999 -9999 -9999 -9999 -9999 -9999 -9999 -9999 -9999 -9999 -9999 -9999 -9999 -9999 -9999 -9999 -9999 -9999 -9999 -9999 -9999 9.78999978117645 8.69856199601782 8.68763389000669 8.11900183185935 8.25574509985745 7.79698577942327 7.85173089895397 8.03389588184655 7.93492435570806 7.81443728040904 7.76614682562649 7.71594387758523 7.63824883894995 8.20936713833362 8.24737794185057 7.50664539658464 8.27989032724872 8.52970975916833 8.63513595005497 8.68677326804027 8.72048096172512 9.03891108930111 8.79363382887095 8.86248358618468 8.82447278266773 8.81658374797553 8.88615069026127 8.9270302336663 8.86104921624064 8.73625903110951 8.15247046388686 8.22920925589278 7.89715261384845 8.95356607763097
-9999 -9999 -9999 -9999 -9999 -9999 -9999 -9999 -9999 -9999 -9999 -9999 -9999 -9999 -9999 -9999 -9999 -9999 -9999 -9999 -9999 -9999 -9999 -9999 -9999 -9999 -9999 10.8385735368479 8.82124545029365 7.60836613178253 8.38436027150601 8.34252448147163 7.05828525824472 8.03246151190251 8.05588955432177 7.97986794728786 7.92416658112779 7.74224065989256 7.69155958853662 7.54883977910504 7.72885320708156 7.85627307044342 8.71259192703292 8.2390107838437 8.08601132314652 8.27200129255652 8.5447706435807 8.67386393854395 8.76422924501821 8.77929012943059 8.81586656300351 8.82662433758378 8.89547409489751 8.92129275389016 8.91412090416998 8.87969602551311 7.81467634206638 8.83499149559066 8.91627245908603 9.09269996220246 8.1381267644465 9.09987181192264
-9999 -9999 -9999 -9999 -9999 -9999 -9999 -9999 -9999 -9999 -9999 -9999 -9999 -9999 -9999 -9999 -9999 -9999 -9999 -9999 -9999 -9999 -9999 -9999 -9999 -9999 10.2568762517805 8.75347147043794 8.72693562647328 8.65414135181345 8.32728430081625 8.44848856108729 7.22156437020749 8.40491957403719 8.02026936737821 7.92416658112779 7.89332762733102 7.97532577579841 7.88328703772277 7.65307066170499 7.80858026980422 7.85579494712874 7.80415762914345 7.54501479258761 8.11971901683137 8.42069764342159 8.53473005397245 8.54261908866465 8.42834761645645 8.55194249330088 9.31000700872391 8.63776562828571 8.89619127986953 9.05468915868551 8.61242509260774 8.87252417579293 8.63489688839763 8.67529830848798 8.65975930076092 8.8048697267659 8.18474378762767 9.11493269633502
-9999 -9999 -9999 -9999 -9999 -9999 -9999 -9999 -9999 -9999 -9999 -9999 -9999 -9999 -9999 -9999 -9999 -9999 -9999 -9999 -9999 -9999 -9999 -9999 -9999 -9999 8.80134356732015 8.73285240249243 9.24918972309679 8.70864740968682 8.50998717243783 7.72359385062009 8.39918209426105 7.9071932034567 7.90862757340074 7.86989958491176 8.14476072543766 8.17739264166448 7.62940355762839 7.42022460745648 7.66693623783067 7.56007567699999 7.65653705573641 7.64577928115614 8.55744091141969 8.56270026788116 8.58278144709766 8.61182743846439 8.57274085748941 8.61182743846439 9.40467542503029 8.64206873811781 8.71641691355035 8.67003895202652 8.46492405002937 8.45344909047708 8.90527562284842 8.58923611184582 8.71474348194897 8.81467125471681 8.955000447575 8.2338709582109
-9999 -9999 -9999 -9999 -9999 -9999 -9999 -9999 -9999 -9999 -9999 -9999 -9999 -9999 -9999 -9999 -9999 -9999 -9999 -9999 -9999 -9999 -9999 -9999 -9999 -9999 8.74576173198875 8.56126589793712 8.67768892506137 8.55744091141969 8.70936459465884 8.30343790049665 8.26722005940974 8.06282234238461 7.90002135373652 7.93803215725347 8.05278175277635 8.39236883702688 7.6112348716706 7.75012969458476 7.8938057506457 7.80140842008404 7.89691355219111 8.1065706256777 8.4411374151241 8.65342416684143 9.55026397434995 8.61003447603434 8.55050812335685 7.75514998938888 8.58529159449972 8.55409404821694 8.60537277371623 8.66167179401964 8.02552872383967 8.77187921805307 8.56270026788116 8.61170790763572 8.63537501171231 8.72741374978796 8.21486555645242 8.22132022120059
-9999 -9999 -9999 -9999 -9999 -9999 -9999 -9999 -9999 -9999 -9999 -9999 -9999 -9999 -9999 -9999 -9999 -9999 -9999 -9999 -9999 -9999 -9999 -9999 8.54991459096621 8.96604509614408 8.63011565525085 8.7359004386235 8.53544723894447 8.39822584763169 8.12127291760407 8.19693593215197 8.03987242328003 8.19370859977789 7.97676014574245 8.02481153886765 8.16753134829924 8.40754925226793 8.47197636892088 8.44185460009612 8.35794395837002 8.16537979338318 8.44795067235827 7.98751792032272 8.37049469538033 8.42571793822572 8.61362040089443 8.66525771887973 8.47950681112707 8.76494642999023 9.4964751014486 9.47997984709218 8.75347147043794 7.89500105893239 7.76232183910906 7.62103639962152 8.05493330769241 8.71235286537558 8.69753104262054 8.54883469175547 8.17685475293547 8.21665851888247
-9999 -9999 -9999 -9999 -9999 -9999 -9999 -9999 -9999 -9999 -9999 -9999 -9999 -9999 -9999 -9999 -9999 -9999 -9999 -9999 -9999 -9999 -9999 -9999 8.68533889809623 8.87209386480972 8.73410747619346 8.67529830848798 8.26674193609506 7.71164076775312 8.3254554791376 7.75514998938888 7.81682789698243 7.78742331312969 8.09509566612542 8.23638110561296 8.14745016908273 8.16968290321529 8.4687490365468 8.48560288338922 8.45763266948052 8.34646899881773 8.41245001624338 8.4052781665232 8.5128559123259 8.56951352511533 8.60895869857632 8.62652973039076 7.66980497771874 7.62318795453757 8.60465558874421 8.63836328242905 7.74224065989256 7.44532608147711 7.97532577579841 7.97747733071446 8.91268653422594 7.80965604726225 7.75658435933292 7.79674671776593 7.88496046932414 7.86631366005167
-9999 -9999 -9999 -9999 -9999 -9999 -9999 -9999 -9999 -9999 -9999 -9999 -9999 -9999 -9999 -9999 -9999 -9999 -9999 -9999 -9999 -9999 -9999 7.74499982688576 8.99014251120389 8.20147810364142 8.45679595367983 8.588232052885 8.60931729106233 7.78001240175217 7.91316974489018 7.82973722647876 8.15964231360704 7.80033264262602 7.68773460201919 8.18546097259969 8.03700368339196 7.87420269474387 7.66191594302654 7.43169956700876 8.40240942663513 8.41245001624338 8.46121859434061 7.6203192146495 8.52433087187819 8.52970975916833 7.67482527252287 7.68199712224305 7.78096864838153 7.72502822056413 7.68271430721506 7.68701741704717 7.67769401241094 7.67912838235497 7.81252478715032 7.72717977548018 7.69347208179533 7.7479781396687 7.74224065989256 7.8196966368705 7.90647601848468 7.86774802999571
-9999 -9999 -9999 -9999 -9999 -9999 -9999 -9999 -9999 -9999 -9999 -9999 -9999 -9999 -9999 -9999 -9999 -9999 -9999 -9999 -9999 11.5253602053322 8.57733084131032 8.32918484099209 8.63111971421167 8.72478407155722 8.98741720831022 8.68519546110183 8.22329247987363 8.20948666916229 8.02301857643761 8.04704427300021 8.04525131057017 8.0864894464612 7.66478468291461 8.06138797244057 7.84479811089113 7.80607012240216 7.48979154974222 8.23422955069691 8.52445040270686 8.51106294989586 8.4927747331094 8.49994658282958 8.47233496140689 8.49169895565137 7.77021087380126 7.76734213391319 9.39965513022617 7.83260596636683 7.76877650385723 7.71427044598386 7.73435162520036 7.69347208179533 8.54190190369263 8.41352579370141 7.72287666564807 7.76160465413705 7.83762626117095 7.79029205301777 7.84192937100306 7.84479811089113
-9999 -9999 -9999 -9999 -9999 -9999 -9999 -9999 -9999 -9999 -9999 -9999 -9999 -9999 -9999 -9999 -9999 -9999 -9999 -9999 -9999 8.87064156524139 9.25478376587853 8.85316018154845 8.69358652527444 9.10991240153089 7.14841150306165 8.44974363478832 7.90480258688331 8.24373225157615 8.23691899434198 8.23010573710781 7.74439221480861 8.38053528498858 8.22777488594875 7.58517715102062 7.83762626117095 7.81682789698243 7.82256537675858 7.5844599660486 7.54501479258761 7.51130709890276 9.26482435548678 7.50915554398671 7.6325113591738 7.57083345158026 7.80104982759804 7.89500105893239 7.88854639418423 7.84981840569526 7.76303902408108 7.74654376972467 7.73435162520036 7.74224065989256 7.70853296620771 7.76017028419301 7.61673328978941 7.73076570034027 7.76232183910906 7.73435162520036 7.42022460745648 7.5923490007408
-9999 -9999 -9999 -9999 -9999 -9999 -9999 -9999 -9999 -9999 -9999 -9999 -9999 -9999 -9999 -9999 -9999 -9999 -9999 -9999 9.04999979771674 9.16226690448821 9.39463483542204 9.32004759833217 7.63992227055132 8.62903987779282 8.15103609394282 7.85914181033149 8.37981810001656 7.48763999482617 7.93181655416265 8.12952054478228 8.21737570385449 8.51966916956007 8.44006163766608 8.15318764885888 7.87707143463194 7.90862757340074 7.70351267140359 7.60884425509721 7.62247076956555 7.64326913375407 7.70351267140359 7.72072511073202 7.75156406452879 7.72072511073202 7.78670612815768 7.80391856748611 7.81037323223427 7.8512527756393 7.83906063111499 7.83117159642279 7.77809990849346 7.79316079290584 7.81826226692647 8.15964231360704 7.73937192000449 7.56222723191604 7.47186192544177 7.24307991936803 7.60238959034905 7.64470350369811
-9999 -9999 -9999 -9999 -9999 -9999 -9999 -9999 -9999 -9999 -9999 -9999 -9999 -9999 -9999 -9999 -9999 -9999 -9999 9.36809899145737 9.40252387011424 9.34658344229683 9.40610979497433 9.08481092751026 8.52229884779081 7.98966947523877 7.98464918043464 8.5258847726509 8.49145989399403 9.19023711839691 8.2535935449414 8.6917935628444 8.58493300201371 8.66238897899166 8.44723348738626 8.12378306500614 8.01907405909151 7.86559647507966 7.95237585669383 7.95954770641401 7.88567765429616 7.7716452437453 7.6920377118513 7.78312020329759 7.8555558854714 7.95524459658191 7.79818108770996 7.79746390273795 7.8433637409471 7.80535293743014 7.81180760217831 7.799615457654 7.76303902408108 8.19478437723592 7.80391856748611 7.75371561944485 7.80391856748611 8.47376933135092 9.10489210672677 9.51010161591694 7.59019744582474 9.09700307203457
-9999 -9999 -9999 -9999 -9999 -9999 -9999 -9999 -9999 -9999 -9999 -9999 -9999 -9999 -9999 -9999 7.29876399170607 8.7252621948719 9.95905940840021 9.83283485332504 9.1701559391804 9.03532516444102 9.03245642455295 8.94782859785482 9.1701559391804 7.8275856715627 8.36583299306221 8.84025085205212 8.6121860309504 8.79793693870306 8.83666492719203 8.86822106596082 8.7118747420609 8.70900600217283 8.09796440601349 8.25144199002534 8.41352579370141 8.33248389186338 8.24642169522122 7.96815392607823 7.95381022663787 7.8354747062549 7.7637562090531 7.88065735949203 7.97747733071446 7.9868007353507 7.86129336524755 7.86272773519158 7.82256537675858 8.54799797595479 7.53497420297936 7.68486586213112 7.73291725525633 7.7795342784375 7.81252478715032 7.97389140585437 9.47495955228806 7.42022460745648 9.16226690448821 7.44747763639316 9.08767966739833 8.63155002519488
-9999 -9999 -9999 -9999 -9999 -9999 -9999 -9999 -9999 -9999 -9999 -9999 -9999 -9999 -9999 -9999 7.96480909744278 9.81777396891266 9.9188970499672 9.69226659880951 9.74533828673884 9.2056565952953 9.28490553470328 9.21031829761341 8.46695607411675 8.37372202775441 8.43145541800186 8.64768668706529 8.77104250225239 8.73805199353956 8.84025085205212 8.755623025354 8.75634021032602 8.69824822759256 8.28801842359826 8.06353952735662 8.20410778187215 8.10298470081761 8.09294411120936 7.97604296077043 7.90575883351266 7.86703084502369 7.78096864838153 7.85985899530351 7.80391856748611 8.24283577036113 8.0427411631681 7.93588060233742 7.88424328435212 7.88639483926818 8.57202367251739 8.61864069569856 7.81395915709436 8.44006163766608 7.87061676988378 7.85985899530351 7.81611071201041 8.73339029122144 9.60261847730726 9.54022338474169 8.7000411900226 7.78025146340951
-9999 -9999 -9999 -9999 -9999 -9999 -9999 -9999 -9999 -9999 -9999 -9999 -9999 -9999 -9999 -9999 -9999 5.93499986734241 5.96896006743191 9.48500014189631 9.72023681271821 8.8899756767787 8.39846490928903 8.45153659721836 8.44544052495621 7.65474409330636 8.09079255629331 8.14027831936255 8.23136081080884 8.21558274142444 8.62581254541874 8.46516311168671 8.44436474749818 8.4529709671624 8.00616472959518 8.13382365461439 8.36906032543629 8.29877619817853 8.10943936556578 8.12952054478228 8.09796440601349 8.00257880473509 7.94233526708558 7.70279548643157 7.68199712224305 7.97317422088236 7.78240301832557 7.72431103559211 7.81897945189849 7.81682789698243 7.73650318011642 7.67841119738296 7.78527175821364 7.98464918043464 7.8433637409471 7.84121218603104 7.69634082168341 7.70494704134762 8.61003447603434 7.78814049810171 7.87276832479984 7.77523116860539
-9999 -9999 -9999 -9999 -9999 -9999 -9999 -9999 -9999 -9999 -9999 -9999 -9999 -9999 6.14824089449438 11.072084214974 8.92582234318711 8.66549678053707 8.54429252026603 9.58468885300681 8.88184758042917 8.4888302157633 9.70015563350171 8.50030517531559 7.93874934222549 8.0147709492594 8.23996703047305 9.77976316539571 8.21845148131251 8.22849207092077 8.02337716892362 8.07142856204882 8.16896571824327 8.1660969783552 8.13884394941851 8.24355295533314 8.44006163766608 8.44077882263809 8.22562333103269 8.39989927923307 8.17183445813134 8.13597520953044 8.01548813423142 7.75443280441687 7.87205113982782 7.97173985093832 7.92440564278513 8.01907405909151 7.97747733071446 7.76017028419301 7.62749106436968 7.77594835357741 7.76662494894117 7.83045441145077 7.87635424965993 7.88352609938011 7.83260596636683 7.60669270018116 9.41901912447065 9.23470258666202 8.51966916956007 9.2296822918579
-9999 -9999 -9999 -9999 -9999 -9999 -9999 -9999 -9999 -9999 -9999 -9999 -9999 9.74605547171086 8.90623186947778 9.69154941383749 9.58182011311874 9.95690785348415 10.6647694208659 8.91579433577135 10.1598712005652 8.47520370129496 9.44340341351926 9.8751487666741 8.43037964054383 8.04919582791626 8.05493330769241 7.95022430177778 8.02911464869976 9.18019652878866 9.27629931503907 9.17517623398453 8.955000447575 8.04417553311214 8.11087373550981 8.11517684534192 8.98010192159563 8.71689503686503 8.37981810001656 8.23638110561296 8.25861383974552 8.15892512863502 8.06927700713277 8.39487898442894 7.93301186244935 7.94448682200164 8.16179386852309 8.11876277020201 8.07501448690891 8.17972349282354 8.74450665828772 8.77821435197257 7.8713339548558 7.98106325557455 7.9710226659663 8.85674610640854 8.0147709492594 9.45487837307155 7.64470350369811 7.39225439354777 7.39225439354777 8.58995329681784
-9999 -9999 -9999 -9999 -9999 -9999 -9999 -9999 -9999 -9999 9.41752498911228 8.68103578826413 10.0551621946506 9.56747641367838 9.09772025700659 10.0401013102382 9.30211797403172 9.39163569826633 9.47531814477406 10.2652973914519 10.1146885473281 8.66131320153363 8.60680714366026 8.28228094382212 8.17470319801942 8.28658405365422 8.13310646964237 9.3451490723528 8.0506301978603 9.25478376587853 7.96815392607823 7.96528518619016 7.9071932034567 7.94520400697365 7.93731497228146 8.51895198458806 8.54907375341281 8.39989927923307 8.24427014030516 8.23638110561296 8.24785606516525 8.19621874717996 8.27224035421386 8.19478437723592 7.94520400697365 8.15390483383089 8.2098452616483 8.21988585125655 8.33606981672347 8.15605638874695 7.93659778730944 8.56987211760134 8.1022675158456 7.98895229026675 10.3047425649129 10.1648914953694 7.69275489682332 7.69705800665542 8.8632007711567 8.97185429441743 9.00807213550434 8.9388637857046
-9999 -9999 -9999 -9999 -9999 -9999 -9999 -9999 -9999 -9999 11.3899997454137 9.88401795416139 9.62999103707261 9.24445630228147 9.552415529266 9.86080506723374 10.7399997599423 -9999 -9999 9.22999979369342 9.63999978452921 9.64547602196963 9.53376871999353 9.60477003222331 8.75418865540996 8.19908748706803 8.158207943663 8.19478437723592 8.62652973039076 10.0451216050424 8.12019714014605 8.07931759674102 7.82830285653472 8.98010192159563 8.86535232607275 8.35973692080006 8.68247015820816 8.38483839482069 8.12306588003412 8.10155033087358 8.20123904198408 8.26148257963359 8.25215917499736 8.28443249873817 8.29734182823449 8.317423007451 8.33463544677943 8.23351236572489 8.03413494350389 7.98178044054657 7.97030548099428 8.00257880473509 8.00257880473509 7.87994017452002 7.91364786820486 7.73220007028431 9.00448621064425 10.3047425649129 8.8710898058489 9.04572434653528 9.82996611343697 9.00018310081214
-9999 -9999 -9999 -9999 -9999 -9999 -9999 -9999 -9999 -9999 -9999 -9999 -9999 -9999 -9999 -9999 -9999 -9999 -9999 -9999 -9999 -9999 -9999 -9999 -9999 9.62538910016883 9.6361468747491 7.94520400697365 9.43192845396698 9.92965482454747 7.83977781608701 7.91006194334477 7.85699025541544 7.76160465413705 7.95524459658191 8.86033203126863 9.00090028578416 9.46993925748393 8.18761252751574 8.05421612272039 7.85483870049939 8.32459485717118 8.32172611728311 8.31527145253494 8.31311989761889 8.317423007451 8.33535263175145 8.38555557979271 8.38698994973674 8.40420238906518 8.27510909410194 8.90049438970163 8.73267310624942 9.05791649105959 9.02456738986075 7.8713339548558 8.98225347651169 9.08767966739833 9.12569047091529 9.15688801719807 8.82196263526566 9.05325478874147
-9999 -9999 -9999 -9999 -9999 -9999 -9999 -9999 -9999 -9999 -9999 -9999 -9999 -9999 -9999 -9999 -9999 -9999 -9999 -9999 -9999 -9999 -9999 -9999 -9999 10.6396679468453 10.11002684501 8.3150323908776 8.24833418847993 9.25478376587853 8.84025085205212 8.87467573070899 7.70996733615175 7.6920377118513 8.41567734861746 8.90766623942181 8.89475690992549 5.61507003288716 8.17828912287951 8.32172611728311 9.39750357531011 8.2815637588501 6.61697743879631 6.65283668739721 7.27965635294095 7.27965635294095 8.27295753918588 8.49600206548348 8.58708455692977 8.15964231360704 7.73865473503247 7.69849237659946 8.93671223078854 9.1221045460552 9.24330880632624 9.05791649105959 8.83702351967804 9.15079194493592 9.15043335244991 9.21749014733359 9.10955380904488 9.00627917307429
-9999 -9999 -9999 -9999 -9999 -9999 -9999 -9999 -9999 -9999 -9999 -9999 -9999 -9999 -9999 -9999 -9999 -9999 -9999 -9999 -9999 -9999 -9999 -9999 -9999 -9999 -9999 8.95356607763097 8.96432385221124 8.91483808914199 8.39989927923307 8.00473035965115 7.98034607060254 8.58995329681784 9.53348184600472 6.2777489470318 5.60000914847478 5.76281013712287 8.65665149921551 8.75060273054987 8.68247015820816 8.68031860329211 8.52755820425227 7.57011626660824 8.52182072447613 8.38412120984867 8.65234838938341 8.66310616396368 8.95858637243509 7.8512527756393 7.68486586213112 8.80833612079732 8.96970273950137 8.79506819881499 8.98297066148371 8.82626574509777 8.85244299657643 9.06795708066784 9.22107607219368 9.22430340456776 9.14577165013179 9.12497328594327
