EcologicalScience/Bass/data/rs_data_bass/sst_137.asc
NCOLS 226 
NROWS 124 
XLLCORNER -9.41648524995501 
YLLCORNER 47.587301625531 
CELLSIZE 0.0833 
NODATA_value -9999 
[rows 0 to 26 of 124, columns 62 to 123 of 226]
-9999 -9999 -9999 -9999 -9999 -9999 -9999 -9999 -9999 -9999 -9999 -9999 -9999 -9999 -9999 -9999 -9999 -9999 -9999 -9999 -9999 -9999 -9999 -9999 -9999 -9999 -9999 -9999 -9999 -9999 -9999 -9999 -9999 -9999 -9999 -9999 -9999 -9999 -9999 -9999 -9999 -9999 -9999 -9999 -9999 -9999 -9999 -9999 -9999 -9999 -9999 -9999 -9999 -9999 -9999 -9999 -9999 -9999 -9999 -9999 -9999 -9999
-9999 -9999 -9999 -9999 -9999 -9999 -9999 -9999 -9999 -9999 -9999 -9999 -9999 -9999 -9999 -9999 -9999 -9999 -9999 -9999 -9999 -9999 -9999 -9999 -9999 -9999 -9999 -9999 -9999 -9999 -9999 -9999 -9999 -9999 -9999 -9999 -9999 -9999 -9999 -9999 -9999 -9999 -9999 -9999 -9999 -9999 -9999 -9999 -9999 -9999 -9999 -9999 -9999 -9999 -9999 -9999 -9999 -9999 -9999 -9999 -9999 -9999
-9999 -9999 -9999 -9999 -9999 -9999 -9999 -9999 -9999 -9999 -9999 -9999 -9999 -9999 -9999 -9999 -9999 -9999 -9999 -9999 -9999 -9999 -9999 -9999 -9999 -9999 -9999 -9999 -9999 -9999 -9999 -9999 -9999 -9999 -9999 -9999 -9999 -9999 -9999 -9999 -9999 -9999 -9999 -9999 -9999 -9999 -9999 -9999 -9999 -9999 -9999 -9999 -9999 -9999 -9999 -9999 -9999 -9999 -9999 -9999 -9999 -9999
-9999 -9999 -9999 -9999 -9999 -9999 -9999 -9999 -9999 -9999 -9999 -9999 -9999 -9999 -9999 -9999 -9999 -9999 -9999 -9999 -9999 -9999 -9999 -9999 -9999 -9999 -9999 -9999 -9999 -9999 -9999 -9999 -9999 -9999 -9999 -9999 -9999 -9999 -9999 -9999 -9999 -9999 -9999 -9999 -9999 -9999 -9999 -9999 -9999 -9999 -9999 -9999 -9999 -9999 -9999 -9999 -9999 -9999 -9999 -9999 -9999 -9999
-9999 -9999 -9999 -9999 -9999 -9999 -9999 -9999 -9999 -9999 -9999 -9999 -9999 -9999 -9999 -9999 -9999 -9999 -9999 -9999 -9999 -9999 -9999 -9999 -9999 -9999 -9999 -9999 -9999 -9999 -9999 -9999 -9999 -9999 -9999 -9999 -9999 -9999 -9999 -9999 -9999 -9999 -9999 -9999 -9999 -9999 -9999 -9999 -9999 -9999 -9999 -9999 -9999 -9999 -9999 -9999 -9999 -9999 -9999 -9999 -9999 -9999
-9999 -9999 -9999 -9999 -9999 -9999 -9999 -9999 -9999 -9999 -9999 -9999 -9999 -9999 -9999 -9999 -9999 -9999 -9999 -9999 -9999 -9999 -9999 -9999 -9999 -9999 -9999 -9999 9.28499979246408 8.01499982085079 7.68499982822686 7.85499982442707 7.94499982241541 7.80499982554466 7.81499982532114 7.83999982476234 7.78499982599169 7.81999982520938 7.93499982263893 7.94499982241541 8.0649998197332 8.21999981626868 8.37499981280416 8.5849998081103 8.61999980732799 8.70999980531633 8.70499980542809 8.72999980486929 8.38499981258065 8.42499981168658 8.56499980855733 8.63499980699271 8.6699998062104 8.8149998029694 9.80499978084117 10.0549997752532 10.0799997746944 10.069999774918 10.0449997754768 10.0249997759238 10.0249997759238 10.0199997760355
-9999 -9999 -9999 -9999 -9999 -9999 -9999 -9999 -9999 -9999 -9999 -9999 -9999 -9999 -9999 -9999 -9999 -9999 -9999 -9999 -9999 -9999 -9999 -9999 -9999 -9999 -9999 9.02999742515385 7.97499982174486 8.12999981828034 7.8349998248741 7.69499982800335 7.67499982845038 7.99999982118607 8.05999981984496 8.12999981828034 8.13499981816858 7.95499982219189 7.97499982174486 8.15499981772155 8.18499981705099 8.14499981794506 8.30999981425703 8.49999981001019 8.51499980967492 8.54499980900437 8.57499980833381 8.41499981191009 8.36499981302768 8.38499981258065 8.42499981168658 8.54499980900437 8.67999980598688 8.72999980486929 8.91499980073422 8.82499980274588 10.0899997744709 10.0849997745827 10.0349997757003 10.0199997760355 9.96499977726489 9.93499977793545
-9999 -9999 -9999 -9999 -9999 -9999 -9999 -9999 -9999 -9999 -9999 -9999 -9999 -9999 -9999 -9999 -9999 -9999 -9999 -9999 -9999 -9999 -9999 -9999 -9999 -9999 8.89253077283502 7.35499983560294 7.67999982833862 7.67999982833862 7.67999982833862 7.78499982599169 7.95499982219189 8.07499981950969 8.17999981716275 8.2099998164922 8.15499981772155 8.10499981883913 8.01499982085079 8.17499981727451 8.34999981336296 8.46499981079251 8.55499980878085 8.58999980799854 8.5249998094514 8.5849998081103 8.5849998081103 8.62499980721623 8.55999980866909 8.62499980721623 8.70499980542809 8.74499980453402 8.74499980453402 8.87499980162829 8.9849997991696 8.90999980084598 9.08499979693443 9.63999978452921 9.86499977950007 9.56499978620559 9.86499977950007 9.82999978028238
-9999 -9999 -9999 -9999 -9999 -9999 -9999 -9999 -9999 -9999 -9999 -9999 -9999 -9999 -9999 -9999 -9999 -9999 -9999 -9999 -9999 -9999 -9999 -9999 -9999 6.99682175039492 8.30749981431291 7.54999983124435 7.51499983202666 7.58999983035028 7.67999982833862 7.74499982688576 7.82999982498586 7.8349998248741 8.01999982073903 8.05999981984496 8.08499981928617 8.04999982006848 8.2099998164922 8.26499981526285 8.37499981280416 8.53999980911613 8.5249998094514 8.47999981045723 8.55499980878085 8.63499980699271 8.64999980665743 8.73999980464578 8.7549998043105 8.77999980375171 8.76499980408698 8.73499980475754 8.65499980654567 8.66499980632216 8.69499980565161 8.59999980777502 8.46999981068075 8.33499981369823 8.28999981470406 8.21999981626868 8.41999981179833 8.07499981950969
-9999 -9999 -9999 -9999 -9999 -9999 -9999 -9999 -9999 -9999 -9999 -9999 -9999 -9999 -9999 -9999 -9999 -9999 -9999 -9999 -9999 -9999 -9999 -9999 -9999 11.070318344289 7.16499983984977 7.09999984130263 7.27499983739108 7.53499983157963 7.42999983392656 7.4349998338148 7.74499982688576 7.90999982319772 8.08499981928617 8.10499981883913 8.08999981917441 8.25999981537461 8.50999980978668 8.46499981079251 8.33999981358647 8.45999981090426 8.59499980788678 8.5849998081103 8.5849998081103 8.6699998062104 8.71999980509281 8.80499980319291 8.82499980274588 8.76999980397522 8.61999980732799 8.49999981001019 8.36999981291592 8.41499981191009 8.38499981258065 8.34499981347471 8.33999981358647 8.28999981470406 8.31499981414527 8.36499981302768 8.34999981336296 8.18499981705099
-9999 -9999 -9999 -9999 -9999 -9999 -9999 -9999 -9999 -9999 -9999 -9999 -9999 -9999 -9999 -9999 -9999 -9999 -9999 -9999 -9999 -9999 -9999 -9999 7.1449998402968 7.13499984052032 7.22499983850867 7.14999984018505 7.28499983716756 7.43999983370304 7.67999982833862 8.1499998178333 8.25499981548637 8.40499981213361 8.55499980878085 8.56999980844557 8.47499981056899 8.48499981034547 8.53999980911613 8.49499981012195 8.56999980844557 8.65499980654567 8.67499980609864 8.67999980598688 8.73999980464578 8.86999980174005 8.85499980207533 8.87999980151653 8.88499980140477 8.82999980263412 8.54499980900437 8.34999981336296 8.34499981347471 8.38999981246889 8.40999981202185 8.42499981168658 8.53499980922788 8.3799998126924 8.13499981816858 7.99499982129782 7.97499982174486 7.98499982152134
-9999 -9999 -9999 -9999 -9999 -9999 -9999 -9999 -9999 -9999 -9999 -9999 -9999 -9999 -9999 -9999 -9999 -9999 -9999 -9999 -9999 -9999 -9999 -9999 7.30999983660877 7.29999983683228 7.41999983415008 7.4949998324737 7.5199998319149 7.99499982129782 8.11499981861562 8.31999981403351 8.45499981101602 8.40499981213361 8.46999981068075 8.6099998075515 8.62999980710447 8.60499980766326 8.73999980464578 8.76499980408698 8.84499980229884 8.8399998024106 8.82999980263412 8.69499980565161 8.71499980520457 8.78499980363995 8.80999980308115 8.82499980274588 8.79499980341643 8.70999980531633 8.61499980743974 8.65499980654567 8.55499980878085 8.42499981168658 8.38999981246889 8.5249998094514 8.52999980933964 8.33499981369823 7.85999982431531 7.78499982599169 7.84999982453883 7.97499982174486
-9999 -9999 -9999 -9999 -9999 -9999 -9999 -9999 -9999 -9999 -9999 -9999 -9999 -9999 -9999 -9999 -9999 -9999 -9999 -9999 -9999 -9999 -9999 7.81499982532114 7.84999982453883 7.78999982587993 7.82999982498586 7.91999982297421 7.749999826774 8.2099998164922 8.60499980766326 8.61999980732799 8.46999981068075 8.48499981034547 8.65499980654567 8.71499980520457 8.73499980475754 8.81999980285764 8.85499980207533 8.84999980218709 8.85999980196357 8.74999980442226 8.70499980542809 8.62999980710447 8.59999980777502 8.67999980598688 8.73499980475754 8.71499980520457 8.76499980408698 8.78499980363995 8.80499980319291 8.76499980408698 8.62999980710447 8.6099998075515 8.67499980609864 8.6699998062104 8.68499980587512 8.60499980766326 8.49999981001019 8.27499981503934 8.14499981794506 8.07499981950969
-9999 -9999 -9999 -9999 -9999 -9999 -9999 -9999 -9999 -9999 -9999 -9999 -9999 -9999 -9999 -9999 -9999 -9999 -9999 -9999 -9999 8.52857939946525 7.84499982465059 8.039999820292 8.19499981682748 8.45499981101602 8.45999981090426 8.19999981671572 8.0649998197332 8.2099998164922 8.62499980721623 8.67499980609864 8.52999980933964 8.76999980397522 8.8149998029694 8.75999980419874 8.61499980743974 8.63999980688095 8.6699998062104 8.82499980274588 8.80499980319291 8.71999980509281 8.70499980542809 8.67999980598688 8.81999980285764 9.01499979849905 9.11999979615211 9.11999979615211 9.02499979827553 8.86999980174005 8.76499980408698 8.58999980799854 8.46999981068075 8.57999980822206 8.7549998043105 8.69499980565161 8.54999980889261 8.4399998113513 8.40499981213361 8.47999981045723 8.16499981749803 8.13999981805682
-9999 -9999 -9999 -9999 -9999 -9999 -9999 -9999 -9999 -9999 -9999 -9999 -9999 -9999 -9999 -9999 -9999 -9999 -9999 -9999 15.1091545505139 8.01499982085079 7.91499982308596 7.98999982140958 8.16999981738627 8.50999980978668 8.31999981403351 8.3799998126924 8.40999981202185 8.54999980889261 8.91999980062246 8.94999979995191 8.78999980352819 8.71499980520457 8.55999980866909 8.60499980766326 8.59999980777502 8.55499980878085 8.63499980699271 8.76499980408698 8.76499980408698 8.71499980520457 8.76999980397522 8.93499980028719 8.97999979928136 8.99999979883432 9.03999979794025 9.11499979626387 9.0449997978285 8.73999980464578 8.40999981202185 8.14499981794506 8.16499981749803 8.21499981638044 8.15999981760979 8.27499981503934 8.3549998132512 8.22499981615692 8.30999981425703 8.9249998005107 9.89999977871776 10.0849997745827
-9999 -9999 -9999 -9999 -9999 -9999 -9999 -9999 -9999 -9999 -9999 -9999 -9999 -9999 -9999 -9999 -9999 -9999 -9999 -9999 10.0657798827756 8.1499998178333 8.15999981760979 8.09999981895089 8.18499981705099 8.32499981392175 8.58999980799854 8.78499980363995 8.79999980330467 8.85999980196357 8.76499980408698 8.57999980822206 8.60499980766326 8.34499981347471 8.47999981045723 8.55999980866909 8.5849998081103 8.65999980643392 8.67999980598688 8.57999980822206 8.59999980777502 8.64999980665743 8.78499980363995 8.84999980218709 8.88499980140477 8.90499980095774 8.85499980207533 8.87499980162829 8.82499980274588 8.68999980576336 8.53499980922788 8.31499981414527 8.23999981582165 8.15999981760979 8.08499981928617 8.05999981984496 8.02999982051551 8.01999982073903 7.81999982520938 9.26499979291111 10.0149997761473 10.029999775812
-9999 -9999 -9999 -9999 -9999 -9999 -9999 -9999 -9999 -9999 -9999 -9999 -9999 -9999 -9999 -9999 -9999 -9999 5.5041137258586 7.8099998254329 7.97499982174486 8.22999981604517 8.43499981146306 8.48499981034547 8.49499981012195 8.84999980218709 8.85999980196357 8.82499980274588 8.74999980442226 8.61499980743974 8.64499980676919 8.47499981056899 8.48999981023371 8.38499981258065 8.50999980978668 8.54499980900437 8.49999981001019 8.53999980911613 8.46999981068075 8.50499980989844 8.6699998062104 8.74999980442226 8.66499980632216 8.59999980777502 8.59499980788678 8.62999980710447 8.69499980565161 8.68499980587512 8.3799998126924 8.22999981604517 8.04499982018024 8.30499981436878 8.52999980933964 8.32499981392175 8.23499981593341 8.30499981436878 8.42999981157482 9.2149997940287 8.38499981258065 9.95999977737665 9.98499977681786 10.0599997751415
-9999 -9999 -9999 -9999 -9999 -9999 -9999 -9999 -9999 -9999 -9999 -9999 -9999 -9999 -9999 -9999 8.10759411438961 7.62999982945621 7.63499982934445 7.68999982811511 7.74499982688576 7.95999982208014 8.37499981280416 8.59499980788678 8.71999980509281 8.8399998024106 8.50999980978668 8.48999981023371 8.52999980933964 8.46499981079251 8.36499981302768 8.63499980699271 8.62999980710447 8.48499981034547 8.50999980978668 8.49999981001019 8.46999981068075 8.43499981146306 8.49499981012195 8.42999981157482 8.40499981213361 8.23999981582165 8.18999981693923 8.2699998151511 8.43499981146306 8.2949998145923 8.30999981425703 8.3799998126924 8.56999980844557 8.34999981336296 8.15999981760979 8.61499980743974 9.31999979168177 9.73499978240579 9.23999979346991 9.04999979771674 7.92499982286245 8.55999980866909 9.11499979626387 9.43499978911132 9.6749997837469 10.0599997751415
-9999 -9999 -9999 -9999 -9999 -9999 -9999 -9999 -9999 -9999 8.23248591648492 7.30497083740516 8.3781275215135 -9999 -9999 -9999 8.63297852479002 6.66999985091388 6.77999984845519 6.79999984800816 7.30999983660877 7.73499982710928 7.93999982252717 7.96999982185662 7.77999982610345 7.99999982118607 8.19999981671572 8.15499981772155 8.39999981224537 8.48499981034547 8.9249998005107 8.76999980397522 8.85999980196357 8.76999980397522 8.5249998094514 8.27999981492758 8.70999980531633 8.89499980118126 9.13499979581684 9.3599997907877 9.44999978877604 9.43499978911132 8.8999998010695 9.34499979112297 9.3599997907877 9.614999785088 9.28499979246408 9.56999978609383 9.95499977748841 9.93499977793545 9.92499977815896 9.93999977782369 10.0599997751415 10.0549997752532 9.99999977648258 8.77499980386347 10.029999775812 8.3549998132512 7.22499983850867 7.19499983917922 7.01999984309077 9.66499978397042
-9999 -9999 -9999 -9999 -9999 -9999 -9999 -9999 -9999 -9999 -9999 -9999 -9999 -9999 -9999 -9999 -9999 -9999 9.18023151655317 8.30499981436878 7.50499983225018 7.21499983873218 7.27999983727932 7.55499983113259 7.8099998254329 8.02999982051551 7.85499982442707 8.01999982073903 7.77999982610345 8.21999981626868 8.48999981023371 8.70499980542809 9.04999979771674 8.79499980341643 9.01999979838729 9.19999979436398 9.25999979302287 9.18499979469925 9.3849997902289 9.42999978922307 9.56499978620559 9.67999978363514 9.59999978542328 9.66999978385866 9.70499978307635 9.759999781847 9.8449997799471 9.90999977849424 9.93499977793545 9.904999778606 10.0199997760355 10.069999774918 10.069999774918 10.0549997752532 9.85999977961183 9.76999978162348 5.97999986633658 6.4299998562783 6.69999985024333 6.56499985326082 6.45499985571951 9.77499978151172
-9999 -9999 -9999 -9999 -9999 -9999 -9999 -9999 -9999 -9999 -9999 -9999 -9999 -9999 7.73468560944075 8.703498756894 9.52423280053527 9.37884048999033 8.85499980207533 8.84999980218709 8.84999980218709 8.5249998094514 7.89999982342124 7.66999982856214 8.01499982085079 8.33999981358647 8.45999981090426 8.29999981448054 8.61999980732799 8.54499980900437 8.53499980922788 8.85999980196357 9.07999979704618 8.72499980498105 8.3549998132512 8.50499980989844 8.86499980185181 8.9849997991696 9.18499979469925 9.07499979715794 9.07499979715794 9.81499978061765 9.82999978028238 9.8199997805059 9.82499978039414 9.89499977882951 9.89499977882951 9.88499977905303 9.91499977838248 10.0399997755885 9.96499977726489 9.96499977726489 10.0799997746944 10.0549997752532 9.99499977659434 9.81833311387648 9.88499977905303 9.94999977760017 9.95999977737665 7.29499983694404 7.02999984286726 6.72999984957278
-9999 -9999 -9999 -9999 -9999 -9999 -9999 -9999 -9999 -9999 -9999 -9999 11.9428085021949 7.1449998402968 8.25999981537461 8.50499980989844 8.26499981526285 8.53499980922788 8.49999981001019 8.42499981168658 8.09499981906265 8.04499982018024 8.04999982006848 7.70999982766807 7.47999983280897 8.66499980632216 8.76999980397522 8.72999980486929 8.6699998062104 8.55999980866909 8.74499980453402 8.92999980039895 8.95499979984015 9.20499979425222 8.68499980587512 8.99499979894608 8.96999979950488 8.94999979995191 9.01499979849905 9.45999978855252 9.79999978095293 9.90999977849424 9.77999978139997 9.56499978620559 9.53999978676438 9.77499978151172 9.9899997767061 9.95499977748841 9.95499977748841 10.0399997755885 10.0899997744709 10.0849997745827 9.64749978436157 9.72249978268519 9.73249978246167 9.70749978302047 9.70249978313223 9.74999978207052 6.95999984443188 7.23499983828515 7.47999983280897 7.39999983459711
-9999 -9999 -9999 -9999 -9999 -9999 -9999 -9999 -9999 -9999 11.961783613544 7.56993328849785 8.19999981671572 7.09499984141439 8.17499981727451 8.12999981828034 8.22999981604517 7.55641712029191 7.74255926249316 8.28499981481582 8.19999981671572 8.11999981850386 7.894999823533 8.05499981995672 8.28999981470406 6.75499984901398 8.2099998164922 8.27999981492758 8.40499981213361 8.24499981570989 8.81999980285764 9.03999979794025 8.80999980308115 9.10499979648739 9.00499979872257 9.0449997978285 8.96499979961663 8.79999980330467 8.87499980162829 9.08499979693443 9.80499978084117 9.94499977771193 10.0399997755885 9.904999778606 9.90999977849424 9.99499977659434 9.99999977648258 9.67999978363514 9.96499977726489 10.1299997735769 10.0899997744709 10.0799997746944 8.33999981358647 8.33999981358647 9.70499978307635 7.2049998389557 7.2049998389557 7.55499983113259 7.76999982632697 7.87999982386827 7.82499982509762 7.69499982800335
-9999 -9999 -9999 -9999 -9999 -9999 -9999 -9999 -9999 -9999 13.324999702163 7.24600522592664 7.88840161031112 8.10999981872737 8.12999981828034 7.40999983437359 7.15999983996153 -9999 -9999 9.22999979369342 8.91804578032716 8.72437480499502 6.79499984811991 6.8299998473376 7.32499983627349 7.86499982420355 8.15499981772155 8.039999820292 8.70999980531633 8.95499979984015 9.14499979559332 9.16499979514629 9.18999979458749 9.23499979358166 8.73499980475754 8.5249998094514 8.45999981090426 8.16999981738627 9.19999979436398 6.4899998549372 9.26499979291111 9.3599997907877 8.83499980252236 9.58499978575855 10.0599997751415 10.0349997757003 9.98499977681786 9.97999977692962 10.0599997751415 8.45999981090426 8.56499980855733 9.42999978922307 9.25999979302287 7.86999982409179 7.84999982453883 7.54999983124435 7.48999983258545 7.08999984152615 6.99499984364957 7.33499983604997 7.45999983325601 7.16999983973801
-9999 -9999 -9999 -9999 -9999 -9999 -9999 -9999 -9999 -9999 -9999 -9999 -9999 -9999 -9999 -9999 -9999 -9999 -9999 -9999 -9999 -9999 -9999 -9999 11.3399862145873 8.69624980562367 8.56499980855733 8.77999980375171 9.14499979559332 9.13999979570508 9.16499979514629 8.94999979995191 8.79999980330467 8.65999980643392 9.00999979861081 8.43499981146306 8.25999981537461 7.81499982532114 7.41499983426183 7.95499982219189 7.86499982420355 7.81999982520938 8.08999981917441 7.85499982442707 7.66999982856214 7.66999982856214 9.93499977793545 9.28499979246408 7.78499982599169 7.76999982632697 8.01999982073903 8.039999820292 7.97499982174486 8.18999981693923 8.41499981191009 8.80999980308115 9.3599997907877 9.32999979145825 9.59749978547916 9.07333313052853 9.39899978991598 9.29166645898173
-9999 -9999 -9999 -9999 -9999 -9999 -9999 -9999 -9999 -9999 -9999 -9999 -9999 -9999 -9999 -9999 -9999 -9999 -9999 -9999 -9999 -9999 -9999 -9999 -9999 10.6396679468453 8.46999981068075 8.46499981079251 9.43999978899956 9.47499978821725 9.12499979604036 8.68999980576336 8.59999980777502 8.21499981638044 8.31499981414527 9.25499979313463 8.12999981828034 8.05499981995672 8.72999980486929 9.63499978464097 8.75999980419874 7.36999983526766 6.96999984420836 6.80999984778464 6.8049998478964 7.06999984197319 7.87499982398003 8.10499981883913 7.41999983415008 7.80499982554466 7.99499982129782 8.09999981895089 9.97999977692962 9.95499977748841 8.38499981258065 8.18499981705099 9.48599978797138 9.43799978904426 9.47099978830665 9.13499979581684 9.16249979520217 9.19249979453161
-9999 -9999 -9999 -9999 -9999 -9999 -9999 -9999 -9999 -9999 -9999 -9999 -9999 -9999 -9999 -9999 -9999 -9999 -9999 -9999 -9999 -9999 -9999 -9999 -9999 -9999 -9999 8.70778853332417 8.25999981537461 8.11499981861562 7.94999982230365 7.72999982722104 8.11499981861562 8.30499981436878 8.13999981805682 8.05499981995672 8.29999981448054 8.6099998075515 8.00499982107431 6.47999985516071 6.49999985471368 6.66499985102564 7.95499982219189 7.92999982275069 7.99499982129782 9.08999979682267 6.37999985739589 6.46999985538423 6.67499985080212 6.90499984566122 6.93499984499067 8.84999980218709 9.69499978329986 7.96999982185662 8.19999981671572 8.04999982006848 8.00499982107431 9.25099979322404 9.08666646356384 9.09166646345208 9.0574997975491 9.07999979704618
