EcologicalScience/Bass/data/rs_data_bass/sst_469.asc
NCOLS 226 
NROWS 124 
XLLCORNER -9.41648524995501 
YLLCORNER 47.587301625531 
CELLSIZE 0.0833 
NODATA_value -9999 
[rows 0 to 26 of 124, columns 62 to 123 of 226]
-9999 -9999 -9999 -9999 -9999 -9999 -9999 -9999 -9999 -9999 -9999 -9999 -9999 -9999 -9999 -9999 -9999 -9999 -9999 -9999 -9999 -9999 -9999 -9999 -9999 -9999 -9999 -9999 -9999 -9999 -9999 -9999 -9999 -9999 -9999 -9999 -9999 -9999 -9999 -9999 -9999 -9999 -9999 -9999 -9999 -9999 -9999 -9999 -9999 -9999 -9999 -9999 -9999 -9999 -9999 -9999 -9999 -9999 -9999 -9999 -9999 -9999
-9999 -9999 -9999 -9999 -9999 -9999 -9999 -9999 -9999 -9999 -9999 -9999 -9999 -9999 -9999 -9999 -9999 -9999 -9999 -9999 -9999 -9999 -9999 -9999 -9999 -9999 -9999 -9999 -9999 -9999 -9999 -9999 -9999 -9999 -9999 -9999 -9999 -9999 -9999 -9999 -9999 -9999 -9999 -9999 -9999 -9999 -9999 -9999 -9999 -9999 -9999 -9999 -9999 -9999 -9999 -9999 -9999 -9999 -9999 -9999 -9999 -9999
-9999 -9999 -9999 -9999 -9999 -9999 -9999 -9999 -9999 -9999 -9999 -9999 -9999 -9999 -9999 -9999 -9999 -9999 -9999 -9999 -9999 -9999 -9999 -9999 -9999 -9999 -9999 -9999 -9999 -9999 -9999 -9999 -9999 -9999 -9999 -9999 -9999 -9999 -9999 -9999 -9999 -9999 -9999 -9999 -9999 -9999 -9999 -9999 -9999 -9999 -9999 -9999 -9999 -9999 -9999 -9999 -9999 -9999 -9999 -9999 -9999 -9999
-9999 -9999 -9999 -9999 -9999 -9999 -9999 -9999 -9999 -9999 -9999 -9999 -9999 -9999 -9999 -9999 -9999 -9999 -9999 -9999 -9999 -9999 -9999 -9999 -9999 -9999 -9999 -9999 -9999 -9999 -9999 -9999 -9999 -9999 -9999 -9999 -9999 -9999 -9999 -9999 -9999 -9999 -9999 -9999 -9999 -9999 -9999 -9999 -9999 -9999 -9999 -9999 -9999 -9999 -9999 -9999 -9999 -9999 -9999 -9999 -9999 -9999
-9999 -9999 -9999 -9999 -9999 -9999 -9999 -9999 -9999 -9999 -9999 -9999 -9999 -9999 -9999 -9999 -9999 -9999 -9999 -9999 -9999 -9999 -9999 -9999 -9999 -9999 -9999 -9999 -9999 -9999 -9999 -9999 -9999 -9999 -9999 -9999 -9999 -9999 -9999 -9999 -9999 -9999 -9999 -9999 -9999 -9999 -9999 -9999 -9999 -9999 -9999 -9999 -9999 -9999 -9999 -9999 -9999 -9999 -9999 -9999 -9999 -9999
-9999 -9999 -9999 -9999 -9999 -9999 -9999 -9999 -9999 -9999 -9999 -9999 -9999 -9999 -9999 -9999 -9999 -9999 -9999 -9999 -9999 -9999 -9999 -9999 -9999 -9999 -9999 -9999 11.3049997473136 5.92092183941545 6.54669331153855 4.41235083481297 5.5368968709372 6.29280983144417 6.46995451953262 6.1386150624603 6.74033325398341 5.15894039068371 6.94903408084065 7.25312050897628 6.41975157149136 7.29184849746525 7.29256568243727 7.28539383271709 7.36069825477898 7.44174015661702 7.46540726069361 6.95979185542092 7.60525833023712 7.55577256716788 7.02983692102134 7.02481662621722 7.25025176908821 6.95166375907138 6.76973783783615 7.02003539307043 7.30475782696158 7.55146945733577 7.54501479258761 7.54358042264357 5.92668690322898 6.33082063496113
-9999 -9999 -9999 -9999 -9999 -9999 -9999 -9999 -9999 -9999 -9999 -9999 -9999 -9999 -9999 -9999 -9999 -9999 -9999 -9999 -9999 -9999 -9999 -9999 -9999 -9999 -9999 9.42571285087615 6.26268806261942 6.37026580842212 6.59115877980366 6.65498824231327 3.3100375328213 3.07480086199939 6.22467725910246 7.3972746883519 6.1343119526282 7.16920986725017 7.29113131249323 7.30690938187763 7.44676045142114 7.47903377516195 7.43671986181289 7.37575913919136 7.42811364214867 7.25598924886435 7.34205144550651 7.44676045142114 7.6045411452651 7.47759940521792 7.50772117404267 7.2896969425492 7.09533981513232 6.9074373524636 7.55003508739173 6.88161869347095 7.44604326644912 7.47544785030186 7.54142886772752 7.54429760761559 7.55075227236375 7.4173558675684
-9999 -9999 -9999 -9999 -9999 -9999 -9999 -9999 -9999 -9999 -9999 -9999 -9999 -9999 -9999 -9999 -9999 -9999 -9999 -9999 -9999 -9999 -9999 -9999 -9999 -9999 6.63586330972612 6.23077333136462 6.16981260874309 6.45991392992437 6.69443341577426 6.80918301129714 6.86010314431041 3.02029480412602 7.24021117947996 5.83524581929669 5.54980620043352 5.52972502121702 6.70052948803641 6.70949430018663 7.27678761305287 7.33416241081432 7.31336404662579 7.36428417963907 7.50198369426653 7.61314736492932 7.55075227236375 7.54429760761559 7.49983213935047 7.45464948611334 7.46397289074957 7.5249336133711 7.45464948611334 7.28419852443039 7.23447369970381 7.19957069773227 7.29400005238131 7.32412182120606 7.48190251505002 7.52421642839909 7.4890743647702 7.41376994270831
-9999 -9999 -9999 -9999 -9999 -9999 -9999 -9999 -9999 -9999 -9999 -9999 -9999 -9999 -9999 -9999 -9999 -9999 -9999 -9999 -9999 -9999 -9999 -9999 -9999 -9999 6.20244452496991 6.17985319835134 6.59594001295045 6.4968489559833 6.52446057740599 6.9432966010645 6.95405437564477 7.0386822023429 6.80057679163292 7.30619219690561 6.51657154271379 6.25193028803915 5.37481306726113 6.53880427684635 6.88592180330306 7.03294472256675 7.06593523127958 7.12546158395708 7.17925045685843 7.4969633994624 7.4611041508615 7.46325570577756 7.44030578667298 7.43528549186885 7.40731527796015 6.85006255470216 7.31910152640194 7.2739188731648 7.30660201688962 7.36667479621246 7.3693044744432 7.36571854958311 7.42309334734455 7.42667927220464 7.34778892528266 7.30332345701754
-9999 -9999 -9999 -9999 -9999 -9999 -9999 -9999 -9999 -9999 -9999 -9999 -9999 -9999 -9999 -9999 -9999 -9999 -9999 -9999 -9999 -9999 -9999 -9999 -9999 9.70608094743719 6.21965696429834 6.67698191478848 5.6645557959564 6.59080018731765 6.69945371057838 6.69407482328825 6.75467695342377 6.75718710082583 6.65785698220134 7.16777549730614 6.98489332944155 6.7797784274444 5.20555741386488 4.90864283544943 4.50415051123127 4.6447187657468 6.79340494191274 6.93397319642827 7.06701100873761 7.40014342823997 7.33774833567441 7.36428417963907 7.16490675741807 6.90370799060911 6.08482618955895 6.12498854799196 7.31981871137396 7.17088329885155 6.98331552250311 7.16992705222219 7.2975859772414 7.33989989059046 5.47378459339961 7.38006224902347 7.29902034718543 7.35926388483495
-9999 -9999 -9999 -9999 -9999 -9999 -9999 -9999 -9999 -9999 -9999 -9999 -9999 -9999 -9999 -9999 -9999 -9999 -9999 -9999 -9999 -9999 -9999 -9999 12.3040152052417 6.23579362616874 6.23435925622471 6.31396678811871 6.03641620394774 6.68032877799124 6.59689625957981 6.67148349666968 6.66646320186555 6.78479872224852 6.64207891281694 6.82424389570951 6.78874323959462 6.8235267107375 6.85328988707624 7.15916927764192 4.40015869028866 4.49482710659504 6.71236304007471 6.77726828004234 6.92662205046508 7.02828302024864 6.73029266437516 4.9753410378471 6.96983244502917 6.92644275422208 7.07310708099976 7.08443860355765 7.31070021672973 7.03939938731492 7.23160495981574 7.25025176908821 7.34492018539459 7.22084718523547 7.28467664774507 7.37002165941522 7.53999449778348 6.29818871873431
-9999 -9999 -9999 -9999 -9999 -9999 -9999 -9999 -9999 -9999 -9999 -9999 -9999 -9999 -9999 -9999 -9999 -9999 -9999 -9999 -9999 -9999 -9999 -9999 7.73674224177375 6.18451490066946 6.27990050194785 6.36381114367396 6.33906826213934 6.4929044386372 6.51406139531173 6.59725485206582 6.65068513248116 6.6722006816417 6.67506942152977 6.66335540032014 6.78264716733247 6.95010985829867 5.76496169203892 6.65140231745318 6.9019389343448 4.66910305479541 4.51562547078356 4.96386607829481 5.20770896878093 6.7585019399412 6.77475813264027 6.77561875460669 6.6339508164674 6.99600969650783 6.87181716552004 6.88018432352692 6.57466352544725 7.05302590178326 7.1584520926699 7.25598924886435 6.81252987449989 7.2896969425492 5.52207504818216 6.45274208020419 5.58351389411837 6.27954190946184
-9999 -9999 -9999 -9999 -9999 -9999 -9999 -9999 -9999 -9999 -9999 -9999 -9999 -9999 -9999 -9999 -9999 -9999 -9999 -9999 -9999 -9999 -9999 12.2149997269735 6.09737692656927 6.22073274175636 6.2820520568639 6.30822930834256 6.44592882297002 6.41903438651934 6.4609897073824 6.55924404854886 6.63275550818071 6.55816827109084 6.57968382025138 5.66599016590044 6.62343210354447 6.64243750530295 6.57932522776537 6.48322244151495 6.49147006869316 6.44234289810993 5.11949521722272 5.27942746598274 5.57347330451012 5.82018493488431 6.77930030412972 5.73376414575614 6.97533086314797 6.91783653455786 6.83739228686318 6.87062185723335 6.87133904220536 7.10466321976855 7.18427075166255 7.20435193087906 7.04226812720299 4.34565263241529 5.92471464455593 2.04492324218154 5.09152500331402 6.32197535363957
-9999 -9999 -9999 -9999 -9999 -9999 -9999 -9999 -9999 -9999 -9999 -9999 -9999 -9999 -9999 -9999 -9999 -9999 -9999 -9999 -9999 10.9470752532209 9.87205935448695 6.30834883917123 6.19742423016578 6.27201146725565 6.32544174767099 6.27667316957377 6.36237677372992 6.45596941257827 6.49577317852527 6.52266761497594 6.52015746757388 6.5327082045842 6.56175419595093 6.52338479994796 6.55780967860483 6.55960264103487 6.55816827109084 6.51226843288168 6.51226843288168 6.55852686357684 5.51466413680464 5.58996855886653 5.82018493488431 6.75826287828386 6.5847041150555 7.36059579978298 7.10514134308323 6.96983244502917 7.06521804630756 6.66323586949147 6.88914913567714 7.12976469378918 7.08099611569196 7.09533981513232 6.99170658667572 7.02989668643568 4.85796176409349 5.79167683224659 6.126602214179 6.45955533743836
-9999 -9999 -9999 -9999 -9999 -9999 -9999 -9999 -9999 -9999 -9999 -9999 -9999 -9999 -9999 -9999 -9999 -9999 -9999 -9999 -9999 8.28603561808739 5.95405946299434 6.12976978113875 5.99398275977001 6.15726187173277 6.32795189507306 6.36703847604804 6.35305336909369 6.42907497612759 6.65140231745318 6.73531295917928 6.47891933168285 6.51011687796563 6.49756614095531 6.59689625957981 6.5366527219303 6.5567339011468 6.54346597916447 6.48250525654294 6.38640247029252 6.72132785222493 6.60657825670205 5.97724844375625 6.10634173871949 6.76364176557399 6.90026550274342 6.90994749986567 6.93002867908217 6.90707875997759 6.89703817036934 6.93791771377437 6.61410869890824 6.75324258347973 6.77690968755633 5.65738394623622 6.47820214671083 5.17579423752613 5.72695088852197 7.12617876892909 7.16777549730614 7.27033294830471
-9999 -9999 -9999 -9999 -9999 -9999 -9999 -9999 -9999 -9999 -9999 -9999 -9999 -9999 -9999 -9999 -9999 -9999 -9999 -9999 12.4449997218326 6.20435701822862 5.86943163629621 5.89740185020491 6.00474053435028 6.15367594687268 6.17698445846327 6.2300561463926 6.19706563767977 6.27703176205978 6.6126743289642 6.6004821844399 6.62343210354447 6.41186253679916 6.43230230850168 6.47569199930876 6.21535385446623 6.29496138636023 6.50007628835738 6.45812096749432 6.43768119579181 6.61602119216695 6.75252539850771 6.69192326837219 6.25479902792722 6.83105715294369 5.82090211985633 5.72336496366188 7.08099611569196 6.99923702888191 6.92680134670809 6.98632769938558 6.94401378603652 6.81755016930401 6.82017984753475 6.59163690311834 7.07992033823393 5.9829859235324 6.26448102504946 7.34994048019871 7.29615160729736 6.32173629198223
-9999 -9999 -9999 -9999 -9999 -9999 -9999 -9999 -9999 -9999 -9999 -9999 -9999 -9999 -9999 -9999 -9999 -9999 10.544500619254 5.52852971293032 5.81624041753821 5.88473158236593 5.65523239132017 6.03247168660164 6.02924435422756 6.08016448724084 6.0945081866812 6.1902523804456 6.23113192385063 6.25049591809511 6.2422482909169 6.62916958332062 6.67004912672564 6.56247138092294 6.43983275070786 6.44270149059594 6.42333749635145 6.28133487189189 6.47103029699065 6.48860132880509 6.4771263692528 6.50939969299361 6.70949430018663 6.78802605462261 6.73961606901139 6.39034698763862 5.8596301083453 5.97581407381222 5.70758689427748 6.27846613200381 6.28061768691987 6.25479902792722 6.9590746704489 6.70519119035453 7.03007598267868 7.03814431361388 6.1677805846557 5.80870997533202 5.54382965900004 7.12115847412497 7.29041412752122 7.30404064198956
-9999 -9999 -9999 -9999 -9999 -9999 -9999 -9999 -9999 -9999 -9999 -9999 -9999 -9999 -9999 -9999 7.50303047914058 5.57664401701799 5.60120445676148 5.63730276701972 5.72479933360592 5.45513778412715 5.97330392641015 5.75492110243067 6.01023895246908 6.04860834847204 5.66527298092842 6.18917660298757 6.21607103943825 6.21786400186829 6.25910213775933 5.90481276158243 6.59187596477568 6.60908840410411 6.42584764375351 6.45740378252231 5.66527298092842 6.29818871873431 6.51549576525576 6.64494765270501 6.64279609778896 5.61004973808303 6.74128950061277 6.55709249363281 6.74571214127354 6.67686238395981 5.99230932816863 6.74571214127354 6.81312752864324 6.87229528883472 5.5447859056294 5.70973844919354 6.79412212688476 6.96086763287894 7.01214635837823 6.99851984390989 6.32388784689829 7.11972410418093 7.07023834111169 7.281807907857 7.29256568243727 7.082430485636
-9999 -9999 -9999 -9999 -9999 -9999 -9999 -9999 -9999 -9999 -9999 -9999 -9999 -9999 -9999 -9999 7.95790581060573 7.81897945189849 5.44963936600834 5.47163303848356 5.98131249193102 5.61004973808303 5.61722158780321 5.95501570962369 5.96613207668997 5.83883174415678 6.04538101609796 6.11387218092568 6.17232275614515 6.18810082552955 6.19742423016578 6.24547562329099 6.45847955998033 6.39536728244275 6.37815484311432 6.38030639803037 6.41760001657531 6.46708577964455 6.53199101961218 6.51728872768581 6.57071900810115 6.66000853711739 6.48824273631908 6.67506942152977 6.71738333487883 6.61339151393622 6.20316170994192 6.27201146725565 6.35448773903772 6.3616595887579 6.33010344998911 6.87839136109687 6.80523849395104 6.89667957788333 6.84038055757992 6.94508956349455 6.41006957436912 6.31898708292283 6.6323969156947 5.91102836467326 6.15606656344607 5.82018493488431
-9999 -9999 -9999 -9999 -9999 -9999 -9999 -9999 -9999 -9999 -9999 -9999 -9999 -9999 -9999 -9999 -9999 6.0549998646602 6.04789931332925 6.14506972720847 6.06749421940185 5.8198263423983 5.97330392641015 6.01131472992711 6.0231482819654 6.06151767796837 6.09092226182111 6.10885188612156 6.17913601337932 6.23615221865475 6.23722799611278 6.19455549027771 6.22718740650453 6.46995451953262 6.34014403959736 6.38496810034849 6.39967039227486 6.51441998779774 6.60478529427201 6.53019805718213 6.56892604567111 6.62988676829264 6.6800897163339 6.60478529427201 6.36524551361799 6.61123995902017 5.47521896334365 6.2698599123396 6.43409527093172 6.51155124790967 6.45776237500831 6.31073945574462 6.87623980618082 6.85795158939436 6.86189610674046 6.86082032928243 6.93971067620441 6.47497481433675 6.94580674846657 6.77834405750036 5.94784385990351 5.93995482521132
-9999 -9999 -9999 -9999 -9999 -9999 -9999 -9999 -9999 -9999 -9999 -9999 -9999 -9999 7.69609023898234 8.65023098613269 8.26680484705752 8.43758137297118 5.65045115817338 5.50534073216841 5.74870549933985 5.7429680195637 6.04036072129384 6.06940671266057 6.04322946118191 6.05004271841608 6.08554337453097 6.11781669827178 6.18917660298757 6.27021850482561 6.25372325046919 6.28276924183592 6.26017791521735 6.07693715486676 6.60980558907613 6.6284523983486 6.54382457165048 6.60980558907613 6.61195714399219 6.66359446197748 6.59976499946788 6.50617236061953 6.73351999674924 6.73029266437516 6.41975157149136 6.74714651121758 5.68391979020089 5.60144351841882 6.18379771569744 6.13933224743232 6.22396007413045 6.09773551905528 6.89333271468058 6.77045502280816 6.84109774255194 7.05948056653142 7.06055634398945 7.11470380937681 6.79268775694072 6.67148349666968 6.12714010290802 6.02529983688146
-9999 -9999 -9999 -9999 -9999 -9999 -9999 -9999 -9999 -9999 -9999 -9999 -9999 6.02996153919958 5.35568813467398 5.30452894000337 5.38628802681342 5.58757794229314 5.63036997895688 5.72981962841004 5.701610352844 5.92369863251224 5.88592689065263 5.92668690322898 5.95393993216567 5.98083436861634 6.01059754495509 6.10239722137339 6.2103335596621 6.65498824231327 6.46278266981244 6.48214666405693 6.23866236605681 6.17877742089331 6.49553411686793 6.47999510914087 6.5768150803633 6.55027923639864 6.67506942152977 6.71810051985085 6.73638873663731 6.74463636381552 6.75431836093776 6.72132785222493 6.73495436669327 6.66538742440753 6.71702474239282 6.75252539850771 6.25910213775933 6.09988707397133 6.79734945925884 5.61507003288716 6.94975126581267 7.06736960122362 7.11183506948873 6.99134799418971 6.95728170801885 6.92680134670809 6.91281623975374 5.99230932816863 5.97868281370029 6.03964353632182
-9999 -9999 -9999 -9999 -9999 -9999 -9999 -9999 -9999 -9999 10.588850268828 8.60129164970879 7.20035618603496 5.15248572593555 5.32078513270244 5.36835840251297 5.27823215769604 5.89859715849161 7.06399461312 5.02626117086038 5.7402188105043 5.89285967871547 5.90433463826776 6.0164545555599 6.06880905851722 5.74165318044834 5.83775596669875 5.95824304199778 6.03928494383581 6.16515090642497 6.206389042316 6.1823633457534 6.16264075902291 6.32149723032489 6.5433464483358 6.55745108611882 6.5965376670938 6.58326974511147 6.68331704870798 6.66646320186555 6.73531295917928 6.7998596066609 6.00019836286083 5.89477217197418 6.72921688691713 6.75144962104969 6.74284340138547 6.80201116157696 6.84611803735606 6.04466383112594 6.8940498996526 6.97987303463742 7.0150150982663 6.90098268771544 7.0389895673309 5.33465070882812 5.9313486055471 5.94354075007141 5.94425793504342 6.99206517916173 7.32412182120606 7.38508254382759
-9999 -9999 -9999 -9999 -9999 -9999 -9999 -9999 -9999 -9999 14.6949996715412 15.5773115560253 8.00114443479106 5.44115267717279 5.11925615556538 8.61720632575452 13.1449997061864 -9999 -9999 9.22999979369342 -9999 9.69758295573732 6.17519149603322 6.01430300064385 6.13000884279609 6.0377310430631 5.92847986565903 5.89835809683427 5.91592912864871 6.06223486294039 6.41473127668723 6.30500197596848 6.40899379691109 6.47999510914087 6.58111819019541 6.6205633636564 6.63490706309676 6.65462964982726 6.74965665861964 6.73567155166529 6.79053620202467 6.72312081465498 6.72455518459901 6.86082032928243 6.85580003447831 6.85974455182441 6.87193669634871 6.90636157500558 6.91604357212782 6.93146304902621 6.91030609235168 6.92429119930603 6.62558365846053 7.01286354335025 6.00737021258101 6.75826287828386 5.9593188194558 6.36739706853405 6.22898036893457 5.93636890035123 5.89979246677831 7.09605700010434
-9999 -9999 -9999 -9999 -9999 -9999 -9999 -9999 -9999 -9999 -9999 -9999 -9999 -9999 -9999 -9999 -9999 -9999 -9999 -9999 -9999 -9999 -9999 -9999 -9999 10.6623788042925 4.62965788133442 5.94676808244549 5.9553743021097 5.96039459691383 6.09092226182111 6.49649036349729 6.54167301673442 6.48358103400096 6.4531006726902 6.51155124790967 6.61195714399219 6.70913570770063 6.73100984934717 6.75037384359166 6.54203160922043 6.50581376813352 6.57143619307317 6.60191655438393 6.02243109699339 6.91747794207186 6.90707875997759 6.9669637051411 6.9393520837184 6.85293129459023 5.89979246677831 5.97079377900809 5.88975187717006 6.93218023399822 5.87253943784162 5.93636890035123 5.99589525302872 6.00450147269294 6.01956235710531 5.97151096398011 6.30679493839853 6.29567857133225
-9999 -9999 -9999 -9999 -9999 -9999 -9999 -9999 -9999 -9999 -9999 -9999 -9999 -9999 -9999 -9999 -9999 -9999 -9999 -9999 -9999 -9999 -9999 -9999 -9999 10.6396679468453 8.46492405002937 4.16994231427088 4.07742545288056 6.02207250450738 6.0231482819654 6.20280311745591 6.28922390658408 6.43983275070786 6.50617236061953 6.4771263692528 6.57573930290528 6.65821557468735 6.70662556029856 6.64638202264905 6.66000853711739 6.63383128563873 6.1185338832438 6.02027954207733 6.17734305094928 6.246192808263 5.74488051282242 6.06617938028648 5.97653125878423 6.02099672704935 6.00378428772092 5.92632831074297 5.97796562872827 5.90266120666638 5.91843927605078 4.94235052913427 5.9514297847636 5.9313486055471 5.89620654191822 5.89262061705813 6.27237005974166 6.02027954207733
-9999 -9999 -9999 -9999 -9999 -9999 -9999 -9999 -9999 -9999 -9999 -9999 -9999 -9999 -9999 -9999 -9999 -9999 -9999 -9999 -9999 -9999 -9999 -9999 -9999 -9999 -9999 10.3471216768958 8.06238099778644 5.9234595708549 5.92991423560306 5.97402111138217 6.19850000762381 6.29029968404211 6.40469068707898 6.46063111489639 6.54992064391263 6.6363414330408 6.54597612656653 6.15726187173277 6.15367594687268 6.14937283704057 6.06187627045438 6.04968412593007 6.2899410915561 6.44341867556795 6.40110476221889 6.11566514335573 6.11494795838371 6.04609820106998 5.97724844375625 5.95214696973562 6.00521865766495 6.01167332241312 6.01956235710531 6.00665302760899 6.01669361721724 5.97653125878423 5.97724844375625 5.9951780680567 6.32149723032489 6.39070558012463
