EcologicalScience/Bass/data/rs_data_bass/sst_94.asc
NCOLS 226 
NROWS 124 
XLLCORNER -9.41648524995501 
YLLCORNER 47.587301625531 
CELLSIZE 0.0833 
NODATA_value -9999 
[rows 54 to 80 of 124, columns 124 to 185 of 226]
6.26999985985458 5.7149998722598 5.70499987248331 5.64999987371266 5.57499987538904 6.28249985957518 6.27499985974282 4.95333322261771 2.29499994870275 2.81499993707985 3.74999991618097 3.74499991629273 6.33499985840172 6.37249985756353 6.39499985706061 6.4879998549819 6.38333319065472 6.37333319087823 7.08944428598301 6.5999998524785 4.99999988824129 6.00333319914838 6.45499985571951 6.38799985721707 6.10499986354262 6.10666653017203 6.11666652994851 6.08199986405671 6.41333318998416 6.56099985335022 7.12833317400267 4.26799990460277 4.53749989857897 4.68999989517033 4.03374990983866 3.08499993104488 3.08499993104488 4.97399988882244 5.32499988097697 4.95666655587653 4.73666656079392 5.71999987214804 5.67499987315387 5.66499987337738 4.96666655565302 5.05499988701195 5.05499988701195 4.71166656135271 4.55833323144664 4.29999990388751 5.75124987144955 5.75312487140764 14.1455169252024 8.27999981492758 10.5752629215192 9.0216664650167 10.2059521528316 13.793199691698 14.4027996780723 13.7099996935576 13.6099996957928 16.8660341057734
4.86999989114702 4.86999989114702 6.22833319411923 5.68749987287447 5.81499987002462 6.10833319680144 6.24333319378396 6.29166652603696 6.29499985929579 3.91999991238117 3.91999991238117 6.43499985616654 6.48333318841954 6.43333318953713 6.39999985694885 6.37249985756353 6.10099986363202 6.24999986030161 6.39666652369003 6.43999985605478 6.38749985722825 5.78666653732459 5.92999986745417 5.9583332001542 5.99166653274248 6.05999986454844 6.21499986108392 6.38499985728413 7.18166650614391 6.95999984443188 6.2599998600781 6.20166652804861 6.1999998614192 4.2383332385992 4.43499990087003 4.22499990556389 4.18583323977267 5.03666655408839 4.98166655531774 4.93166655643533 5.57499987538904 5.71999987214804 5.71999987214804 5.78499987069517 5.63999987393618 5.45999987795949 4.7949998928234 4.65999989584088 4.50624989927746 5.79124987055548 6.46884600925617 4.20944435035603 2.05499995406717 2.05499995406717 11.1994734338828 11.2271050122125 12.0602270031602 15.9613793604636 -9999 -9999 -9999 -9999
4.55499989818782 5.89833320149531 5.97666653307776 6.029999865219 5.97166653318952 6.03333319847782 6.15833319568386 6.23333319400748 6.28833319277813 6.1516665291662 6.14833319590737 6.32833319188406 6.34666652480761 6.2849998595193 6.2849998595193 5.92199986763299 6.12099986318499 6.2019998613745 6.32599985860288 5.85999986901879 6.29749985923991 6.26749985991046 5.89166653497765 5.86833320216586 5.97666653307776 6.36249985778704 5.27499988209456 4.47833323323478 4.6499998960644 7.02899984288961 7.05799984224141 7.08399984166026 4.15749990707263 4.13499990757555 3.94833324508121 3.77499991562217 4.59249989734963 5.03333322082957 5.88999986834824 5.89499986823648 5.9449998671189 5.92999986745417 4.18833323971679 4.30499990377575 4.29299990404397 4.08666657532255 3.71777769467897 3.50299992170185 3.03045447771861 1.65849996292964 1.44333330107232 6.05214272186692 7.78882335531799 10.6479997619987 12.1807140134541 -9999 -9999 -9999 -9999 -9999 -9999 -9999
5.67166653989504 5.71999987214804 5.71999987214804 5.76249987119809 5.53249987633899 5.30749988136813 5.44499987829477 5.42749987868592 6.17999986186624 6.1883331950133 6.14666652927796 4.80999989248812 4.80999989248812 6.34799985811114 5.81099987011403 6.34666652480761 5.29999988153577 5.39999987930059 5.67799987308681 2.97624993347563 6.06099986452609 6.03699986506254 5.03299988750368 5.12299988549203 7.19833317243805 7.2166665053616 4.67499989550561 4.67499989550561 4.94199988953769 5.56299987565726 6.69333318372567 7.19916650575275 4.73333322753509 4.56249989802018 4.1899999063462 4.14399990737438 5.90999986790121 5.90499986801296 5.30666654805342 5.8249998698011 5.86999986879528 5.87999986857176 4.3349999031052 5.63499987404794 5.63499987404794 3.58333325323959 3.50222214394146 13.3999997004867 1.94874995644204 2.00124995526858 1.16666664058963 1.12499997485429 1.12374997488223 7.19343733921414 12.0792854442926 -9999 -9999 -9999 -9999 -9999 -9999 -9999
4.39249990181997 5.62499987427145 4.8674998912029 4.89749989053234 5.25749988248572 5.28749988181517 5.49249987723306 6.20599986128509 6.12999986298382 6.14833319590737 6.14166652938972 6.1729998620227 6.16999986208975 6.26333319333692 6.32749985856935 6.45749985566363 6.4424998559989 6.36499985773116 6.25499986018986 6.26749985991046 6.24999986030161 6.73333318283161 6.77928556275687 6.17666652860741 6.28999985940754 7.23571412398347 5.20499988365918 4.62999989651144 4.62999989651144 6.55999985337257 6.61499985214323 6.5149998543784 6.45499985571951 4.19499990623444 4.4074999014847 4.58624989748932 4.84499989170581 5.86999986879528 6.49999985471368 6.54499985370785 6.29999985918403 6.29999985918403 3.58399991989136 3.98166657766948 4.03499990981072 5.29090897264806 12.6435413840615 5.26333321568867 2.28777772664196 1.86374995834194 1.65124996309169 1.46374996728264 2.36999994702637 2.36999994702637 15.2549996590242 -9999 -9999 -9999 -9999 -9999 -9999 -9999
4.99333322172364 5.08749988628551 5.0616665535296 5.37499987985939 5.43499987851828 5.52374987653457 4.20499990601093 4.20499990601093 4.31999990344048 4.46999990008771 5.34499988052994 6.20499986130744 6.24999986030161 6.22333319423099 6.31833319210758 6.45249985577539 6.47249985532835 6.37249985756353 6.29249985935166 6.30749985901639 6.31749985879287 6.37249985756353 6.48249985510483 6.62999985180795 6.77999984845519 7.09333317478498 7.18999983929098 6.26999985985458 6.64499985147268 6.70999985001981 6.79999984800816 6.80999984778464 6.70999985001981 6.2849998595193 6.41499985661358 6.30499985907227 6.32499985862523 4.59666656392316 5.08874988625757 5.29833321490636 6.21499986108392 6.21499986108392 3.98999991081655 3.30083325955396 2.9066666016976 2.88299993555993 13.24833303721 2.12449995251372 1.97944440020041 1.24583330548679 2.67714279730405 1.74749996094033 1.66999996267259 2.35111105855968 2.21777772820658 -9999 23.7447889405303 -9999 -9999 -9999 -9999 -9999
-9999 -9999 -9999 -9999 -9999 6.11399986334145 4.91374989016913 5.19749988382682 5.21249988349155 5.38999987952411 4.53999989852309 4.53999989852309 5.71999987214804 6.13333319624265 6.20333319467803 6.24749986035749 6.47499985527247 6.38249985734001 6.31749985879287 6.26499985996634 6.33999985828996 6.53249985398725 6.88166651284943 6.05999986454844 5.91499986778945 6.55999985337257 6.66999985091388 6.63999985158443 6.73999984934926 6.80999984778464 6.91499984543771 6.91499984543771 6.8899998459965 6.32999985851347 6.26999985985458 6.35499985795468 6.33499985840172 6.1999998614192 5.80499987024814 5.81499987002462 5.67499987315387 4.39166656850527 4.71166656135271 4.78833322630574 4.66999989561737 4.66999989561737 -9999 18.0486202862371 18.3250344896223 9.82318159861659 1.7799999602139 1.66785710557763 1.79214281708534 2.56233327606072 5.37499987985939 5.37499987985939 -9999 -9999 -9999 -9999 -9999 -9999
-9999 -9999 -9999 -9999 -9999 -9999 -9999 12.7083330492799 5.34124988061376 5.40999987907708 5.60499987471849 5.68499987293035 5.57749987533316 6.08499986398965 6.11166653006027 6.17833319523682 6.24249986046925 6.29749985923991 5.11499988567084 5.17499988432974 5.1949998838827 6.68999985046685 3.64799991846085 6.23499986063689 6.35999985784292 6.73999984934926 6.79999984800816 6.85499984677881 6.89499984588474 6.94999984465539 7.00499984342605 6.97999984398484 6.42499985639006 5.68499987293035 6.64499985147268 6.5149998543784 6.52999985404313 5.91499986778945 5.92499986756593 5.63999987393618 5.52999987639487 5.58499987516552 5.76499987114221 5.36499988008291 5.83785701237087 9.16916646171982 -9999 -9999 -9999 -9999 -9999 -9999 -9999 -9999 -9999 -9999 -9999 -9999 -9999 -9999 -9999 -9999
-9999 -9999 -9999 -9999 -9999 -9999 -9999 -9999 16.7409430220372 5.30999988131225 5.38874987955205 5.62374987429939 5.71749987220392 6.02333319870134 6.03333319847782 6.06333319780727 6.14499986264855 6.29999985918403 5.13499988522381 5.13999988511205 6.85833318003764 6.89499984588474 6.68999985046685 6.7449998492375 6.87499984633178 6.93999984487891 6.94499984476715 7.07999984174967 7.16999983973801 7.09999984130263 7.0599998421967 6.97999984398484 6.84499984700233 6.66999985091388 6.53999985381961 6.33499985840172 6.029999865219 5.87499986868352 5.74999987147748 5.54499987605959 4.9649998890236 5.28499988187104 4.32499990332872 4.32499990332872 3.92999991215765 16.3501083301988 -9999 -9999 -9999 -9999 -9999 -9999 -9999 -9999 -9999 -9999 -9999 -9999 -9999 -9999 -9999 -9999
-9999 -9999 -9999 -9999 -9999 -9999 -9999 -9999 -9999 5.50099987704307 5.540999876149 5.64599987380207 5.69499987270683 5.75833320462455 5.93199986740947 5.87499986868352 5.98999986611307 4.98499988857657 4.98499988857657 6.31249985890463 7.01999984309077 6.90999984554946 6.8899998459965 6.97999984398484 7.03999984264374 7.19499983917922 7.29999983683228 7.38999983482063 7.30999983660877 7.18499983940274 7.06999984197319 6.99499984364957 6.79499984811991 6.35999985784292 6.26999985985458 6.18999986164272 5.92999986745417 5.81999986991286 5.62499987427145 5.34999988041818 5.15499988477677 4.93499988969415 5.0249998876825 4.1049999082461 4.11499990802258 -9999 -9999 -9999 -9999 -9999 -9999 -9999 -9999 -9999 -9999 -9999 -9999 -9999 -9999 -9999 -9999 -9999
-9999 -9999 -9999 -9999 -9999 -9999 -9999 -9999 -9999 5.59666654157142 5.54899987597018 5.54499987605959 5.52299987655133 5.58699987512082 5.63699987400323 6.06833319769551 6.00333319914838 4.75399989373982 7.00999984331429 6.9749998440966 7.00999984331429 7.02999984286726 7.07499984186143 7.2049998389557 7.2649998376146 7.41999983415008 7.52999983169138 7.46499983314425 7.33999983593822 7.19499983917922 7.08499984163791 6.99999984353781 6.86999984644353 6.66499985102564 6.49499985482544 6.16999986208975 6.03499986510724 5.75999987125397 5.64499987382442 5.41999987885356 5.2549998825416 4.67999989539385 4.60999989695847 4.16999990679324 2.48099994454533 -9999 21.9824995086528 21.9824995086528 -9999 -9999 -9999 -9999 -9999 -9999 -9999 -9999 -9999 -9999 -9999 -9999 -9999 -9999
-9999 -9999 -9999 -9999 -9999 -9999 -9999 -9999 -9999 5.82312486984301 5.64099987391382 5.66899987328798 5.78999987058342 5.98499986622483 6.44999985583127 6.66399985104799 6.83099984731525 4.49699989948422 6.15999986231327 6.43999985605478 7.13499984052032 7.2899998370558 7.39499983470887 7.40499983448535 7.44999983347952 7.44999983347952 7.46499983314425 7.41499983426183 7.32499983627349 7.24999983794987 7.16999983973801 7.02999984286726 6.52999985404313 6.34999985806644 6.30999985896051 6.07999986410141 5.7999998703599 5.60499987471849 5.53999987617135 5.52499987650663 5.32499988097697 4.98499988857657 4.57999989762902 4.57999989762902 5.45090896907178 -9999 -9999 -9999 -9999 -9999 -9999 -9999 -9999 -9999 -9999 -9999 -9999 -9999 -9999 -9999 -9999 -9999
-9999 -9999 -9999 -9999 -9999 -9999 -9999 -9999 -9999 5.74299987163395 4.91999989002943 4.91999989002943 6.22499986086041 6.22799986079335 6.47099985536188 6.66299985107034 6.90499984566122 6.61499985214323 6.56499985326082 6.57999985292554 7.23999983817339 7.53499983157963 6.57999985292554 7.47999983280897 5.51999987661839 5.51999987661839 7.29999983683228 6.23999986052513 7.17999983951449 7.13999984040856 7.04999984242022 6.90499984566122 6.72999984957278 6.45499985571951 6.55499985348433 6.6599998511374 5.57999987527728 5.40999987907708 5.47999987751245 5.36499988008291 5.28499988187104 4.62999989651144 4.66499989572912 4.44999990053475 -9999 -9999 -9999 -9999 -9999 -9999 -9999 -9999 -9999 -9999 -9999 -9999 -9999 -9999 -9999 -9999 -9999 -9999
-9999 -9999 -9999 -9999 -9999 -9999 -9999 -9999 11.359772473362 5.75799987129867 5.34499988052994 5.15999988466501 6.35666652458409 6.64999985136092 2.79099993761629 7.01499984320253 7.06999984197319 7.1449998402968 7.29999983683228 7.39499983470887 7.4949998324737 7.49999983236194 7.41499983426183 6.77999984845519 6.26999985985458 7.23999983817339 7.1449998402968 7.01999984309077 6.94499984476715 6.89999984577298 6.82499984744936 6.69499985035509 6.55499985348433 6.30999985896051 6.40499985683709 6.09499986376613 5.30999988131225 5.25999988242984 5.45999987795949 5.40499987918884 5.25999988242984 5.49499987717718 5.78999987058342 -9999 -9999 -9999 -9999 -9999 -9999 -9999 -9999 -9999 -9999 -9999 -9999 -9999 -9999 -9999 -9999 -9999 -9999 -9999
-9999 -9999 -9999 -9999 -9999 -9999 -9999 -9999 5.29249988170341 5.30749988136813 5.35499988030642 5.35499988030642 6.97833317735543 5.39249987946823 7.5316664983208 6.94499984476715 7.02499984297901 7.18499983940274 7.30999983660877 7.41999983415008 7.44999983347952 7.39999983459711 7.31499983649701 7.24499983806163 7.18499983940274 7.05499984230846 6.92499984521419 6.79499984811991 6.78499984834343 6.71499984990805 6.62499985191971 6.5149998543784 6.40999985672534 6.20499986130744 6.33499985840172 6.52999985404313 5.35499988030642 5.47999987751245 5.57499987538904 5.38499987963587 5.43499987851828 5.32999988086522 3.20249992841855 -9999 -9999 -9999 -9999 -9999 -9999 -9999 -9999 -9999 -9999 -9999 -9999 -9999 -9999 -9999 -9999 -9999 -9999 -9999
-9999 -9999 -9999 -9999 -9999 -9999 -9999 14.4682139623245 5.38999987952411 4.69999989494681 4.69999989494681 6.95999984443188 7.0116665099437 7.61299982983619 7.798333159027 7.95999982208014 7.63999982923269 7.38499983493239 6.35999985784292 6.35999985784292 6.1999998614192 7.27499983739108 7.14999984018505 7.09499984141439 6.93499984499067 6.82499984744936 6.75499984901398 6.67999985069036 6.5999998524785 6.52499985415488 6.45499985571951 6.4299998562783 6.35499985795468 6.13499986287206 5.83999986946583 5.56499987561256 5.30999988131225 5.20499988365918 5.3399998806417 5.37499987985939 5.33499988075346 13.4285996998474 -9999 -9999 -9999 -9999 -9999 -9999 -9999 -9999 -9999 -9999 -9999 -9999 -9999 -9999 -9999 -9999 -9999 -9999 -9999 -9999
-9999 -9999 -9999 3.8400372271426 -9999 7.55728386094776 5.5099998768419 5.77499987091869 5.87749986862764 4.98499988857657 4.92999988980591 5.25999988242984 5.34999988041818 7.53499983157963 7.5799998305738 7.556666497762 7.25999983772635 7.31499983649701 7.31499983649701 6.53499985393137 7.17499983962625 7.18499983940274 7.08499984163791 6.94499984476715 6.78499984834343 6.68499985057861 6.56999985314906 6.53999985381961 6.17999986186624 6.31499985884875 6.31999985873699 6.29999985918403 6.25499986018986 6.2599998600781 6.23999986052513 6.36499985773116 6.30999985896051 5.36999987997115 5.32499988097697 5.45999987795949 13.2949997028336 -9999 -9999 -9999 -9999 -9999 -9999 -9999 -9999 -9999 -9999 -9999 -9999 -9999 -9999 -9999 -9999 -9999 -9999 -9999 -9999 -9999
-9999 -9999 3.88019958557561 -9999 5.5389998761937 5.54399987608194 5.76299987118691 6.10399986356497 6.19099986162037 5.43499987851828 5.43499987851828 5.196999883838 5.09899988602847 7.63333316271504 7.80833315880348 7.4369998337701 7.2962498369161 5.46999987773597 7.30999983660877 7.26999983750284 6.33999985828996 5.92999986745417 6.94999984465539 6.80999984778464 6.68999985046685 6.57999985292554 6.43999985605478 6.32499985862523 6.17999986186624 6.09999986365438 6.07499986421317 6.12499986309558 5.96499986667186 5.53999987617135 5.36999987997115 5.60499987471849 5.65999987348914 7.24208317146016 18.1374995945953 -9999 -9999 -9999 -9999 -9999 -9999 -9999 -9999 -9999 -9999 -9999 -9999 -9999 -9999 -9999 -9999 -9999 -9999 -9999 -9999 -9999 -9999 -9999
16.7749996250495 16.7749996250495 -9999 12.5726920266707 5.42357130734516 5.53799987621605 5.73699987176806 6.29899985920638 6.38299985732883 6.60699985232204 7.06499984208494 7.15333317344387 7.51833316528549 7.61833316305031 7.71599982753396 7.76999982632697 7.02499984297901 6.31699985880405 7.2049998389557 7.16999983973801 7.10999984107912 6.98999984376132 6.81499984767288 6.66499985102564 6.50999985449016 6.32499985862523 6.21999986097217 5.45999987795949 5.94999986700714 5.79499987047166 5.58999987505376 5.50499987695366 5.85999986901879 5.17499988432974 5.15499988477677 5.11999988555908 4.1837499064859 7.53749983152375 -9999 -9999 -9999 -9999 -9999 -9999 -9999 -9999 -9999 -9999 -9999 -9999 -9999 -9999 -9999 -9999 -9999 -9999 -9999 -9999 -9999 -9999 -9999 -9999
13.8035711200376 13.5549996970221 4.27272717722438 5.51499987673014 5.52299987655133 5.29333321501811 6.18499986175448 6.15999986231327 6.03999986499548 6.3989998569712 6.6579998511821 7.08299984168261 7.13499984052032 7.68666649485628 7.45749983331189 7.37749983510002 6.29999985918403 5.12299988549203 5.23799988292158 6.95499984454364 6.85999984666705 6.73499984946102 6.63999985158443 6.4299998562783 6.2599998600781 5.77999987080693 5.76999987103045 5.739999871701 5.55499987583607 5.32999988086522 5.1099998857826 5.02999988757074 4.98499988857657 5.01999988779426 4.27071419025638 4.4978570423222 2.13468080334999 2.13468080334999 12.4245568808581 13.2399997040629 -9999 -9999 -9999 -9999 -9999 -9999 -9999 -9999 -9999 -9999 -9999 -9999 -9999 -9999 -9999 -9999 -9999 -9999 -9999 -9999 -9999 -9999
12.073199730143 5.08699988629669 5.1409998850897 5.68699987288564 5.77599987089634 6.01099986564368 6.06599986441433 7.24699983801693 6.63833318495502 6.82666651407878 6.93499984499067 3.89599991291761 3.9619999114424 7.79199982583523 7.70249982783571 6.74249984929338 5.94249986717477 6.03249986516312 4.10999990813434 4.10999990813434 6.63999985158443 6.47999985516071 6.18499986175448 5.99999986588955 5.70499987248331 5.34499988052994 5.22499988321215 5.11999988555908 5.00999988801777 4.85999989137053 4.75499989371747 4.73999989405274 3.37999992445111 6.39807678006876 15.2971871580812 13.8935711180259 13.8517854046742 11.2915851134671 11.234816822053 -9999 -9999 -9999 -9999 -9999 -9999 -9999 -9999 -9999 -9999 -9999 -9999 -9999 -9999 -9999 -9999 -9999 -9999 -9999 -9999 -9999 -9999 -9999
4.62363626029004 5.8249998698011 5.77599987089634 5.88999986834824 6.16599986217916 6.26499985996634 7.62999982945621 7.66799982860684 7.07999984174967 7.29666650357346 7.23333317165573 4.3909999018535 8.82199980281293 8.71699980515987 8.65399980656803 7.86249982425943 6.71749984985217 6.2124998611398 5.16999988444149 4.55099989827722 5.35499988030642 6.00999986566603 5.91999986767769 5.35999988019466 4.9649998890236 5.01499988790601 4.90999989025295 4.61999989673495 4.54499989841133 4.55999989807606 4.66999989561737 4.71999989449978 3.96499991137534 4.08874990860932 3.23166659443329 3.47687492228579 14.6959752812754 -9999 -9999 -9999 -9999 -9999 -9999 -9999 -9999 -9999 -9999 -9999 -9999 -9999 -9999 -9999 -9999 -9999 -9999 -9999 -9999 -9999 -9999 -9999 -9999 -9999
5.88166653520117 5.95583320021008 6.1729998620227 6.25199986025691 6.31199985891581 7.20099983904511 6.55666652011375 8.30899981427938 8.31099981423467 8.47699981052429 8.7529998043552 6.68999985046685 7.75499982666224 8.66124980640598 8.61499980743974 7.85799982436001 6.92499984521419 6.81999984756112 6.32799985855818 4.97499988880008 5.03499988745898 4.76749989343807 4.7949998928234 4.60999989695847 4.58499989751726 4.45499990042299 4.30999990366399 3.59249991970137 4.82999989204109 4.82999989204109 4.53562489862088 4.50611101039168 -9999 -9999 -9999 13.6052278061397 -9999 -9999 -9999 -9999 -9999 -9999 -9999 -9999 -9999 -9999 -9999 -9999 -9999 -9999 -9999 -9999 -9999 -9999 -9999 -9999 -9999 -9999 -9999 -9999 -9999 -9999
6.00799986571073 5.99799986593425 6.04499986488372 5.97499986644834 5.87099986877292 5.97299986649305 6.5999998524785 6.72199984975159 6.26749985991046 6.13124986295588 8.77299980390817 8.04749982012436 7.56249983096495 8.66124980640598 8.28999981470406 7.83624982484616 7.59374983026646 7.35399983562529 5.75299987141043 5.52999987639487 5.07249988662079 4.97999988868833 3.84499991405755 3.0883332643037 5.64444431828128 4.30333323714634 3.20749992830679 3.15499992948025 2.62999994121492 2.69249993981794 2.85499993618578 2.29666661533217 13.6479996949434 13.6416663617517 -9999 -9999 -9999 -9999 -9999 -9999 -9999 -9999 -9999 -9999 -9999 -9999 -9999 -9999 -9999 -9999 -9999 -9999 -9999 -9999 -9999 -9999 -9999 -9999 -9999 -9999 -9999 -9999
6.32722208079779 5.55916654240961 5.57999987527728 5.57333320875963 6.62117632259341 15.0205169056446 8.36785695582096 6.83299984727055 6.86699984651059 7.0716665086026 7.27857126588268 8.39499981235713 8.34749981341884 8.60874980757944 7.63624982931651 6.72749984962866 4.51999989897013 4.44999990053475 5.44699987825006 3.96499991137534 4.21299990583211 3.08299993108958 3.11199993044138 2.48799994438887 2.32999994792044 2.36799994707108 4.49499989952892 4.41499990131706 4.45499990042299 2.4941666109177 2.45333327849706 2.46916661147649 5.54727260328152 5.54727260328152 15.6735710782398 4.99999988824129 -9999 -9999 -9999 -9999 -9999 -9999 -9999 -9999 -9999 -9999 -9999 -9999 -9999 -9999 -9999 -9999 -9999 -9999 -9999 -9999 -9999 -9999 -9999 -9999 -9999 -9999
-9999 -9999 -9999 -9999 7.15999983996153 7.17423060887422 6.99099984373897 6.89699984584004 7.56299983095378 8.61999980732799 8.91199980080128 8.58249980816618 8.49249981017783 7.92374982289039 7.99874982121401 3.55249992059544 3.53249992104247 3.81999991461635 3.81999991461635 6.42099985647947 5.38599987961352 4.2499999050051 2.81899993699044 5.25399988256395 5.25399988256395 4.95277766707457 5.58590896605429 -9999 -9999 -9999 -9999 -9999 -9999 -9999 -9999 -9999 -9999 -9999 -9999 -9999 -9999 -9999 -9999 -9999 -9999 -9999 -9999 -9999 -9999 -9999 -9999 -9999 -9999 -9999 -9999 -9999 -9999 -9999 -9999 -9999 -9999 -9999
-9999 -9999 -9999 -9999 -9999 8.03499982040375 6.95833317780246 7.22333317187925 7.77666649284462 8.47999981045723 8.71899980511516 8.44249981129542 8.30374981439672 8.37299981284887 8.02299982067198 7.40299983453006 7.13299984056503 3.58999991975725 5.86499986890703 6.2849998595193 4.02874990995042 4.26166657141099 4.24833323837568 6.58708318610055 12.0087497315835 -9999 -9999 -9999 -9999 -9999 -9999 -9999 -9999 -9999 -9999 -9999 -9999 -9999 -9999 -9999 -9999 -9999 -9999 -9999 -9999 -9999 -9999 -9999 -9999 -9999 -9999 -9999 -9999 -9999 -9999 -9999 -9999 -9999 -9999 -9999 -9999 -9999
