EcologicalScience/Bass/data/rs_data_bass/sst_244.asc
NCOLS 226 
NROWS 124 
XLLCORNER -9.41648524995501 
YLLCORNER 47.587301625531 
CELLSIZE 0.0833 
NODATA_value -9999 
[rows 54 to 80 of 124, columns 124 to 185 of 226]
7.55290382727981 7.19359415629879 5.7800225764513 6.21248511457816 7.77738272352144 6.72312081465498 6.63777580298483 7.47831659018993 7.66693623783067 8.0585192325525 7.88567765429616 8.33678700169548 7.48979154974222 7.33487959578633 7.56007567699999 7.8075044923462 7.74654376972467 6.50007628835738 6.41473127668723 7.77881709346548 7.58087404118851 7.75873591424897 7.43169956700876 7.49266028963029 6.85054067801684 7.54716634750366 7.65474409330636 7.65259253839031 7.75730154430494 7.75514998938888 8.81514937803149 7.79531234782189 8.91985838394612 8.41567734861746 8.4013336491771 8.31311989761889 9.44985807826743 8.40491957403719 8.84813988674432 9.38244269089773 9.35805840184912 9.40324105508626 9.36236151168123 9.32506789313629 9.25478376587853 9.3451490723528 9.3451490723528 10.6647694208659 8.45488346042112 9.9547562985681 9.51153598586097 11.7335799391648 11.7893154569902 12.1981108910404 11.1916613136418 9.17919246982783 9.14189885128289 9.47124323016033 8.3532822560519 13.5611209303606 16.6551828916008 16.436420951559
7.05589464167133 7.06378367636353 7.33057648595423 5.70471815438941 6.04394664615393 5.91700490610674 7.71355326101184 6.9748527398333 7.6045411452651 7.60525833023712 7.19646289618686 7.48620562488213 7.43958860170096 7.51991331856698 7.38508254382759 6.85651721945032 7.9946897700429 7.56115145445801 8.96504103718325 8.10083314590156 7.60669270018116 7.45966978091747 7.95524459658191 7.55505538219586 6.86034220596775 7.61027862504125 7.78527175821364 7.63179417420179 7.86989958491176 7.88998076412827 8.01979124406353 7.87994017452002 8.5325784990564 8.32244330225512 8.93993956316262 8.49169895565137 8.65378275932744 8.87037262087688 8.60071107139811 9.5323343500495 8.90192875964567 9.43479719385505 9.44985807826743 9.62987150624394 9.26625872543082 10.3969008338172 10.0601824894547 10.3291268539615 8.4450819324702 9.13142795069143 11.3205029647552 11.6883289825969 11.6177648116834 21.6599322268739 13.2674336843193 9.86259802966379 15.069496944354 16.5591979562864 -9999 -9999 -9999 -9999
7.4489120063372 7.33918270561844 7.31981871137396 7.45106356125325 7.68486586213112 5.50032043736428 6.81276893615723 8.54261908866465 8.49528488051146 7.38077943399549 7.41376994270831 7.38293098891154 6.99708547396585 6.58829003991559 6.47999510914087 6.89309365302324 7.30475782696158 8.4450819324702 8.33917761826888 7.53999449778348 7.27965635294095 7.46971037052572 7.7241317393491 8.05923641752452 7.59521774062887 7.73506881017238 8.18671604630072 7.83762626117095 7.2885016342625 8.04991301288828 8.00975065445527 8.09007537132129 8.22777488594875 8.36690877052024 8.23351236572489 8.55552841816097 8.6602374240756 8.51751761464402 8.36045410577208 8.27510909410194 9.4649189626798 10.3459807008039 9.62485121143982 10.8915791682666 9.22860651439987 9.82942822470795 8.689402946271 19.1670259515382 15.5811218650819 12.1419314015657 12.5956578450032 12.9895245076623 12.6401358954608 13.9301125984639 17.4529251810163 -9999 -9999 -9999 -9999 -9999 -9999 -9999
7.16203801752999 7.13980528339744 6.66718038683757 7.25598924886435 7.12833032384515 7.09964292496443 7.49983213935047 7.60740988515317 7.79602953279391 8.87180699082091 7.90002135373652 7.35782951489091 7.2301705898717 6.65498824231327 6.59044159483165 6.26842554239556 6.72383799962699 8.65521712927148 6.7518082135357 6.64494765270501 6.39034698763862 7.62964261928573 7.38508254382759 7.39512313343585 7.57011626660824 7.70781578123569 7.78742331312969 7.88352609938011 7.89715261384845 8.02624590881169 8.13095491472632 8.20482496684417 8.36619158554822 8.3733634352684 8.44006163766608 8.40993986884132 8.44364756252617 8.56126589793712 8.44436474749818 8.43647571280599 9.90222249936778 9.93037200951949 9.33797722263262 9.72633288498037 8.93868448946159 9.73135317978449 9.69346190709621 13.4503158521838 12.4003570531495 13.1297341696918 12.6026032152586 13.0479750828817 10.9375387718901 9.34012877754867 17.239999614656 -9999 -9999 -9999 -9999 -9999 -9999 -9999
7.0745414509438 7.04872279195115 5.9033783916384 5.82735678460449 5.97796562872827 6.3853266928345 7.94807274686173 8.57847833726555 7.4847712549381 8.7477339906618 7.73865473503247 7.73004851536825 7.43743704678491 7.16849268227816 6.14506972720847 7.98464918043464 6.8357188552618 5.79149753600359 6.33010344998911 6.30643634591252 6.56103701097891 6.95620593056083 7.13478498859331 7.30260627204552 7.361415439751 7.43169956700876 7.69705800665542 7.84694966580719 7.97317422088236 7.91866816300899 8.02768027875572 8.28371531376615 8.35901973582804 8.38555557979271 8.28228094382212 8.3733634352684 8.43504134286195 8.42715230816975 8.39989927923307 8.53329568402842 10.1005241441308 10.6895123024005 11.0498977508396 11.0850398144685 11.6946470406838 9.66812137141824 11.194600365782 11.2652219918502 12.459883405827 12.8026978224516 13.4747001412325 13.7386242109351 13.7902615289204 17.7212599382969 15.2549996590242 -9999 -9999 -9999 -9999 -9999 -9999 -9999
13.5860943356363 6.71738333487883 6.90528579754755 6.33010344998911 5.9872890333645 6.17303994111717 8.58278144709766 8.57776115229353 8.61290321592242 7.61529891984537 7.6999267465435 7.6203192146495 7.34635455533862 7.4611041508615 7.00354013871402 8.25162128626835 4.50486769620329 5.54263435071334 5.51609850674868 5.89118624711409 6.07837152481079 6.88950772816315 6.95477156061679 7.15199742792174 7.23734243959188 7.24810021417215 7.52278205845505 7.62462232448161 7.73435162520036 7.81467634206638 8.00759909953922 8.16753134829924 8.23064362583682 8.39559616940096 8.29303871840239 8.17757193790749 8.26937161432579 8.29303871840239 8.40061646420509 8.41280860872939 10.9100466812961 10.9272591206245 10.9509262247011 9.07279807922896 9.59503680760307 15.4253588904188 12.2296670298092 12.3874477236532 11.6071504740976 11.6401409828104 12.5667439666577 12.4297616370022 13.6245918003842 14.0486871805042 17.3349996125326 -9999 23.7447889405303 23.7449994692579 -9999 -9999 -9999 -9999
-9999 -9999 -9999 -9999 -9999 15.5299996528774 8.6880642009899 8.6322672101669 8.66740927379578 7.79029205301777 8.60860010609031 8.54333627363667 8.60573136620224 6.74965665861964 8.11679051152896 6.52517776237801 7.67249442136381 4.9753410378471 5.1983855641447 7.75658435933292 5.65523239132017 5.88473158236593 6.37815484311432 6.88807335821912 7.02577287284657 7.72000792576 8.6917935628444 7.53999449778348 7.60167240537703 7.81252478715032 8.1065706256777 8.16035949857906 8.23136081080884 8.13525802455842 8.13597520953044 8.11517684534192 7.94878993183374 7.93731497228146 7.76519057899714 7.98464918043464 10.7113864440471 10.6303445422091 10.7802362013608 9.99240850959904 9.88332467535511 13.9150693111661 -9999 17.730595296016 20.1940930755809 16.7749996250495 12.7826166432351 13.4395580776036 12.341547885444 8.68206033822415 5.37499987985939 5.37499987985939 2.47970151009756 -9999 -9999 -9999 -9999 -9999
-9999 -9999 -9999 -9999 -9999 -9999 -9999 9.04811496310867 8.78670104080811 8.87754447059706 8.56341745285317 8.63370158011094 8.61935788067058 8.26722005940974 7.44532608147711 7.84139148227405 8.08971677883528 4.85628833249211 5.07431256398559 5.05279701482505 7.82148959930055 7.65833001816645 6.24380219168961 6.43266090098768 6.90313424263149 7.58015685621649 8.84359771525487 8.95834731077775 9.29136019945145 9.20577612612396 9.31646167347208 9.00090028578416 8.97364725684747 7.60023803543299 7.72000792576 8.01763968914747 8.35471662599593 8.84527114685625 8.27295753918588 10.7529831724241 9.82548370736185 10.6848506000824 8.78000731440261 9.96587266563438 13.4352549677715 17.0799996182323 -9999 -9999 -9999 -9999 -9999 -9999 -9999 -9999 -9999 -9999 -9999 -9999 -9999 -9999 -9999 -9999
-9999 -9999 -9999 -9999 -9999 -9999 -9999 -9999 12.7099997159094 10.9695977644899 8.77498701959848 8.71402629697695 8.63370158011094 8.60573136620224 7.07525863591582 6.16013061162084 6.09988707397133 4.87995543656871 5.14101076638326 5.20484022889286 5.40780357597396 5.84743796382099 7.97514647955541 6.03749198140576 8.4886509195203 8.72162845768034 8.18283129436895 9.12951545743272 9.21964170224965 9.35016936715692 9.18880274845287 8.80247911019251 8.9495020294562 7.62533950945362 10.0539071209496 9.91519159427844 9.9427434502868 10.6152836577967 10.5801415941678 9.19501835154369 9.31108278618194 9.26679661415983 8.47137871477753 7.67482527252287 13.0110124727854 -9999 -9999 -9999 -9999 -9999 -9999 -9999 -9999 -9999 -9999 -9999 -9999 -9999 -9999 -9999 -9999 -9999
-9999 -9999 -9999 -9999 -9999 -9999 -9999 -9999 -9999 14.5749996742234 8.96217229729518 8.80080567859113 8.73267310624942 8.61864069569856 8.78215886931866 6.77475813264027 7.97281562839635 5.43003631010652 6.07406841497868 7.78455457324162 5.72695088852197 5.67889949539676 5.77500228164718 6.06259345542639 8.39129305956885 8.56108660169411 8.71675159987062 9.02600175980479 9.17708872724324 8.64422029303387 8.08003478171304 8.6772108017467 8.7398449559696 8.51034576492384 9.61875513917767 10.390087576583 10.4947965824977 10.3198034493253 9.72430086089298 9.75699254253414 8.410417992156 8.41352579370141 8.47974587278441 7.62247076956555 9.5827763597481 16.0649996409193 -9999 -9999 -9999 -9999 -9999 -9999 -9999 -9999 -9999 -9999 -9999 -9999 -9999 -9999 -9999 -9999
-9999 -9999 -9999 -9999 -9999 -9999 -9999 -9999 -9999 15.4649996543303 7.91579942312092 8.66525771887973 8.60214544134215 8.11015655053779 7.87097536236979 7.92028182919603 7.82041382184252 7.86954099242575 7.90880686964374 7.42147968115751 7.96779533359222 4.66121402010322 5.12021240219474 5.85245825862512 7.3097781217657 7.40157779818401 7.98106325557455 8.1503189089708 9.17421998735517 9.1354919988662 9.36116620339453 8.55576747981831 8.41902421182021 9.69262519129552 10.2652973914519 9.73207036475651 9.88985105860047 9.51010161591694 10.4352702298202 10.6748100104742 8.16179386852309 8.11135185882449 8.62055318895727 6.33713186271489 13.2502911113469 0.259614906924102 13.4954254985675 -9999 -9999 -9999 -9999 -9999 -9999 -9999 -9999 -9999 -9999 -9999 -9999 -9999 -9999 -9999
-9999 -9999 -9999 -9999 -9999 -9999 -9999 -9999 -9999 8.67448494151212 8.93932483318661 9.31574448850006 9.13859980041161 8.88686787523329 7.80230490129907 7.75461210065987 6.35735647892579 6.41257972177118 7.91747285472229 7.96743674110621 7.99522765877191 8.22562333103269 8.39864420553204 8.39111376332585 7.12761313887313 6.93469038140029 8.21127963159233 8.39774772431701 9.05205948045477 9.10823896992952 9.04715871647932 7.78025146340951 9.27558213006705 8.65665149921551 10.070223079063 9.54345071711577 8.94663328956813 9.37168491631746 8.65067495778203 8.74629962071776 8.77785575948656 8.40826643723994 9.54865030816291 8.04871770460159 16.1099996399134 -9999 -9999 -9999 -9999 -9999 -9999 -9999 -9999 -9999 -9999 -9999 -9999 -9999 -9999 -9999 -9999 -9999
-9999 -9999 -9999 -9999 -9999 -9999 -9999 -9999 -9999 8.46468498837203 7.94950711680576 8.34611040633172 8.37264625029638 7.82794426404871 7.75532928563189 7.74636447348166 7.82991652272176 7.96265550795943 8.32387767219916 7.91615801560692 8.5207449470181 8.50317391520366 8.7118747420609 7.5686818966642 6.59474470466375 7.2301705898717 8.36714783217758 8.59808139316738 9.11062958650291 9.10297961346805 9.2856227196753 8.25000762008131 8.82327747438103 9.300205480773 9.37837864272296 9.21820733230561 9.05994851514697 9.29446800099686 9.89666431583464 8.86391795612872 8.7902869656682 8.81586656300351 9.90090222703293 14.4040694099718 -9999 -9999 -9999 -9999 -9999 -9999 -9999 -9999 -9999 -9999 -9999 -9999 -9999 -9999 -9999 -9999 -9999 -9999
-9999 -9999 -9999 -9999 -9999 -9999 -9999 -9999 12.6675240462039 8.31527145253494 6.41903438651934 6.7998596066609 8.37910091504455 8.55983152799308 7.79459516284987 7.31730856397189 7.49086732720025 8.07680744933896 7.93157749250531 8.09222692623734 8.24893184262328 8.35041351616383 8.68874552671332 6.28778953664005 5.60502944327891 8.91949979146011 6.69013030594215 8.34431744390167 9.28920864453539 8.90192875964567 8.02983183367178 8.45918657025322 8.34467603638768 8.74749492900446 9.57990761986002 6.86168095124885 10.4182968521491 10.3472955399193 8.18388316566125 8.77833388280123 8.86367889447138 9.34855570096988 13.938498145829 -9999 -9999 -9999 -9999 -9999 -9999 -9999 -9999 -9999 -9999 -9999 -9999 -9999 -9999 -9999 -9999 -9999 -9999 -9999
-9999 -9999 -9999 -9999 -9999 -9999 -9999 -9999 11.8285557204591 6.74965665861964 6.97843866469339 6.1744743110612 5.68176823528484 7.75156406452879 6.20029297005385 8.02409435389563 6.32006286038086 6.33153781993315 8.0703527845908 8.07250433950685 8.15390483383089 8.37957903835922 8.85746329138055 9.14397868770175 8.7757042045705 8.9589449649211 8.46564123500139 8.54548782855272 8.49863174371421 9.13573106052354 9.1382412079256 9.36487165908329 9.48105562455021 9.74713124916889 9.91997282742523 9.63943397253752 8.78144168434665 8.03246151190251 8.03987242328003 8.85196487326175 9.62969221000094 14.3219714335596 17.4099996108562 -9999 -9999 -9999 -9999 -9999 -9999 -9999 -9999 -9999 -9999 -9999 -9999 -9999 -9999 -9999 -9999 -9999 -9999 -9999
-9999 -9999 -9999 -9999 -9999 -9999 -9999 6.63304727794078 9.76260589414204 5.15965757565573 5.12021240219474 5.64734335662797 5.74990080762655 6.51370280282572 6.96481215022504 8.13740957947448 8.15569779626094 8.28084657387808 8.29877619817853 8.35148929362185 8.23530532815494 8.34718618378974 8.94137393310666 8.72574031818658 8.59545171493664 8.91358301544096 8.50604265509173 9.01309243030846 8.46348968008533 9.12676624837331 9.20242926292121 9.40037231519818 8.94376454968005 9.11349832639098 8.9191411989741 8.88519444363192 9.22776979859918 9.49414425028954 9.75513981468976 9.79888809798285 13.8156020645984 11.4534582708354 -9999 -9999 -9999 -9999 -9999 -9999 -9999 -9999 -9999 -9999 -9999 -9999 -9999 -9999 -9999 -9999 -9999 -9999 -9999 -9999
-9999 -9999 -9999 3.8400372271426 -9999 10.619003012419 9.871204249328 9.23054291382432 8.74235510337166 5.36764121754095 5.25504317693412 5.34899440826848 5.58925137389451 8.28586686868221 6.90528579754755 6.91819512704387 7.27033294830471 6.59976499946788 6.63490706309676 8.54369486612268 8.38698994973674 8.54620501352474 7.84479811089113 7.84981840569526 6.78981901705265 6.77475813264027 6.69658497069031 9.04070405173115 9.07763907779008 8.46534240792971 9.65497298026457 9.37742239609361 9.43515578634106 10.4252296402119 8.92248806217685 11.3496810691431 9.90849786787294 11.1108584734611 10.0912605049089 13.738628217555 13.2949997028336 -9999 -9999 -9999 -9999 -9999 -9999 -9999 -9999 -9999 -9999 -9999 -9999 -9999 -9999 -9999 -9999 -9999 -9999 -9999 -9999 -9999
-9999 -9999 3.88019958557561 -9999 11.9940528932126 9.92427593725733 8.7397015189752 7.72373728761449 8.91010466832668 8.16968290321529 8.19872889458202 6.24475843831897 5.75778984231874 5.96505629923195 5.86680195806548 5.82735678460449 6.00521865766495 8.63800468994305 6.25479902792722 8.3930860219989 8.34718618378974 9.00484480313025 9.08911403734237 9.14254431775771 9.03191853582393 8.56532994611189 9.37455365620553 8.65832493081689 6.90026550274342 8.54728079098277 7.14649900980294 8.36475721560419 7.28993600420654 9.17359842704609 8.32638781960122 8.03040558164939 9.12769858883694 10.3527043099166 11.2570082979763 -9999 -9999 -9999 -9999 -9999 -9999 -9999 -9999 -9999 -9999 -9999 -9999 -9999 -9999 -9999 -9999 -9999 -9999 -9999 -9999 -9999 -9999 -9999
16.7749996250495 16.7749996250495 -9999 16.3599996343255 9.56640063622035 8.68725139135495 8.70644462727276 7.80499434494413 8.39822584763169 5.81014434527606 5.76137576717883 6.49505599355325 8.48954740073532 5.87397380778566 6.04753257101402 8.32459485717118 8.49134036316536 8.78215886931866 8.69717245013453 8.78466901672073 8.66884364373982 7.84814497409388 8.0092725311406 6.19527267524973 9.34389399865177 6.51011687796563 6.92464979179204 8.72095908503979 9.42278434557375 9.31825463590212 7.51489302376285 6.62271491857246 8.49108422567536 10.8196813748218 8.2419751483947 10.6943533009617 8.92236853134818 17.29142409013 -9999 -9999 -9999 -9999 -9999 -9999 -9999 -9999 -9999 -9999 -9999 -9999 -9999 -9999 -9999 -9999 -9999 -9999 -9999 -9999 -9999 -9999 -9999 -9999
12.9665347449481 16.5902687511027 11.2113065568949 9.60477003222331 9.66716512478888 9.11708425125107 8.36045410577208 8.72119814669713 6.06833093520254 5.92847986565903 6.09988707397133 6.21750540938228 6.4692373345606 6.94473097100854 6.94114504614845 7.0386822023429 7.10968351457268 7.06019775150344 8.13788770278916 8.97041992447339 8.5976032698527 8.85638751392253 8.61696726409718 9.26805168786086 9.43856241495814 8.89738658815622 9.23846780776512 8.79196039726958 8.0348521284759 9.51297035580501 8.92750835698098 7.81611071201041 8.43776664575562 8.76222112709656 9.47352518234402 11.8136997460388 14.5219385834764 15.9649996431544 0.369676945498213 13.2399997040629 -9999 -9999 -9999 -9999 -9999 -9999 -9999 -9999 -9999 -9999 -9999 -9999 -9999 -9999 -9999 -9999 -9999 -9999 -9999 -9999 -9999 -9999
12.3994008065201 8.97508162679151 9.26984465029091 9.56891078362241 7.10466321976855 7.05517745669931 9.10202336683869 9.26984465029091 8.84383677691221 8.71725362935103 8.66525771887973 6.65283668739721 6.65211950242519 6.5050965831615 6.63992735790089 6.99995421385393 7.04011657228693 8.85710469889455 9.28920864453539 7.61529891984537 7.4969633994624 7.3176671564579 6.61984617868438 6.80990019626915 9.16107159620151 9.02767519140616 9.76416439225432 9.36666462151334 8.65258745104074 8.65187026606873 9.25980406068265 8.56126589793712 10.1211432120763 16.5355058904471 14.77271652052 17.2503347701207 17.3378204026117 11.4175446971203 13.0194477424497 -9999 -9999 -9999 -9999 -9999 -9999 -9999 -9999 -9999 -9999 -9999 -9999 -9999 -9999 -9999 -9999 -9999 -9999 -9999 -9999 -9999 -9999 -9999
8.89977720472962 9.08481092751026 9.36738180648535 9.50508132111281 9.40144809265621 8.84562973934226 8.755623025354 8.86391795612872 9.46133303781971 9.32255774573423 9.23111666180193 6.31504256557673 6.50007628835738 6.32006286038086 9.14959663664922 6.41975157149136 6.56247138092294 6.63347269315273 6.86942654894665 7.4130527577363 8.93468020670116 9.44794558500871 9.45111315196846 9.86403239960782 9.76577805844136 7.59521774062887 7.23519088467583 9.68079163925722 9.56353189633228 9.62503050768282 9.46671192510985 9.3014007890597 10.0110553188715 13.0323763097404 11.0337610889692 13.6875937417723 -9999 -9999 -9999 -9999 -9999 -9999 -9999 -9999 -9999 -9999 -9999 -9999 -9999 -9999 -9999 -9999 -9999 -9999 -9999 -9999 -9999 -9999 -9999 -9999 -9999 -9999
9.67361978953704 11.2299111788161 10.9702902189456 9.71091340808198 7.02720724279061 6.61984617868438 9.09234136971645 9.29494612431154 9.44340341351926 9.751792951487 9.11493269633502 5.92489394079894 6.17519149603322 6.15726187173277 6.21535385446623 6.32508315518498 6.11996825318784 7.25527206389233 8.91340371919796 6.70303963543847 6.97987303463742 6.08482618955895 6.19527267524973 8.41974139679223 9.39248328050599 9.67326119705103 9.37933488935232 10.0193029460497 10.0863597409334 9.82225637498777 10.587672036374 10.7487443094142 10.7949997587129 -9999 -9999 13.6052278061397 13.6049996959046 -9999 -9999 -9999 -9999 -9999 -9999 -9999 -9999 -9999 -9999 -9999 -9999 -9999 -9999 -9999 -9999 -9999 -9999 -9999 -9999 -9999 -9999 -9999 -9999 -9999
10.2896816805005 10.1799523797818 8.40205083414912 8.12019714014605 7.50341806421056 7.03653064742684 9.23183384677395 9.26661731791683 9.193823043257 9.11600847379304 5.32532730419189 4.62033447669819 5.22994170291349 8.98727377131581 8.67912329500541 5.45083467429504 5.33895381866023 9.55528426915407 9.034607979469 8.83116650907323 8.99982450832613 7.67984556732699 9.15115053742193 9.62162387906574 7.70494704134762 7.43600267684087 7.76232183910906 10.310838637175 9.05468915868551 10.6222762112739 10.7580034672283 10.016673267819 12.035070840735 17.9044130427064 -9999 -9999 -9999 -9999 -9999 -9999 -9999 -9999 -9999 -9999 -9999 -9999 -9999 -9999 -9999 -9999 -9999 -9999 -9999 -9999 -9999 -9999 -9999 -9999 -9999 -9999 -9999 -9999
9.486195450183 9.92355875228532 7.97532577579841 10.3556626979262 9.97340310784057 9.2856227196753 10.1975234115962 8.94944226404186 9.41423789132386 8.1779305303935 8.67601549346 5.369792772457 9.01811272511259 8.90049438970163 8.90336312958971 9.05970945348963 9.05791649105959 9.02098146500066 9.07297737547196 9.21928310976364 9.40144809265621 9.27916805492714 9.43479719385505 9.57297483179718 10.4800942905713 6.93469038140029 10.6023743283004 10.6731365788728 10.1616641629953 10.3700063973665 11.1053600553423 16.8668057626346 11.2844172366895 11.7463740067906 18.5038073557022 4.99999988824129 -9999 -9999 -9999 -9999 -9999 -9999 -9999 -9999 -9999 -9999 -9999 -9999 -9999 -9999 -9999 -9999 -9999 -9999 -9999 -9999 -9999 -9999 -9999 -9999 -9999 -9999
-9999 -9999 -9999 -9999 7.15999983996153 14.0511973279063 8.98727377131581 9.34299751743674 9.34765921975486 9.18951993342489 5.89620654191822 5.32389293424785 5.11519210739061 8.79219945892692 4.73508407222107 5.38485365686938 8.8391750745941 9.26123843062669 9.353396699531 9.43049408402294 9.41399882966653 9.37813958106562 9.75537887634709 10.4743568107951 10.4747154032812 10.7433011753019 12.630401304774 -9999 -9999 -9999 -9999 -9999 -9999 -9999 -9999 -9999 -9999 -9999 -9999 -9999 -9999 -9999 -9999 -9999 -9999 -9999 -9999 -9999 -9999 -9999 -9999 -9999 -9999 -9999 -9999 -9999 -9999 -9999 -9999 -9999 -9999 -9999
-9999 -9999 -9999 -9999 -9999 15.7914046296891 10.0042420616373 10.0028076916933 5.18475904967636 5.69324319483712 5.50247199228033 5.40493483608589 9.1780449738726 8.61254462343641 8.85280158906244 9.21713155484758 9.21820733230561 9.17983793630265 9.31395152607001 7.9351634173654 10.6102633629926 10.0074693940114 10.1746930233203 10.8361766291782 14.6586243625109 -9999 -9999 -9999 -9999 -9999 -9999 -9999 -9999 -9999 -9999 -9999 -9999 -9999 -9999 -9999 -9999 -9999 -9999 -9999 -9999 -9999 -9999 -9999 -9999 -9999 -9999 -9999 -9999 -9999 -9999 -9999 -9999 -9999 -9999 -9999 -9999 -9999
