EcologicalScience/Bass/data/rs_data_bass/sst_350.asc
NCOLS 226 
NROWS 124 
XLLCORNER -9.41648524995501 
YLLCORNER 47.587301625531 
CELLSIZE 0.0833 
NODATA_value -9999 
[rows 0 to 26 of 124, columns 62 to 123 of 226]
-9999 -9999 -9999 -9999 -9999 -9999 -9999 -9999 -9999 -9999 -9999 -9999 -9999 -9999 -9999 -9999 -9999 -9999 -9999 -9999 -9999 -9999 -9999 -9999 -9999 -9999 -9999 -9999 -9999 -9999 -9999 -9999 -9999 -9999 -9999 -9999 -9999 -9999 -9999 -9999 -9999 -9999 -9999 -9999 -9999 -9999 -9999 -9999 -9999 -9999 -9999 -9999 -9999 -9999 -9999 -9999 -9999 -9999 -9999 -9999 -9999 -9999
-9999 -9999 -9999 -9999 -9999 -9999 -9999 -9999 -9999 -9999 -9999 -9999 -9999 -9999 -9999 -9999 -9999 -9999 -9999 -9999 -9999 -9999 -9999 -9999 -9999 -9999 -9999 -9999 -9999 -9999 -9999 -9999 -9999 -9999 -9999 -9999 -9999 -9999 -9999 -9999 -9999 -9999 -9999 -9999 -9999 -9999 -9999 -9999 -9999 -9999 -9999 -9999 -9999 -9999 -9999 -9999 -9999 -9999 -9999 -9999 -9999 -9999
-9999 -9999 -9999 -9999 -9999 -9999 -9999 -9999 -9999 -9999 -9999 -9999 -9999 -9999 -9999 -9999 -9999 -9999 -9999 -9999 -9999 -9999 -9999 -9999 -9999 -9999 -9999 -9999 -9999 -9999 -9999 -9999 -9999 -9999 -9999 -9999 -9999 -9999 -9999 -9999 -9999 -9999 -9999 -9999 -9999 -9999 -9999 -9999 -9999 -9999 -9999 -9999 -9999 -9999 -9999 -9999 -9999 -9999 -9999 -9999 -9999 -9999
-9999 -9999 -9999 -9999 -9999 -9999 -9999 -9999 -9999 -9999 -9999 -9999 -9999 -9999 -9999 -9999 -9999 -9999 -9999 -9999 -9999 -9999 -9999 -9999 -9999 -9999 -9999 -9999 -9999 -9999 -9999 -9999 -9999 -9999 -9999 -9999 -9999 -9999 -9999 -9999 -9999 -9999 -9999 -9999 -9999 -9999 -9999 -9999 -9999 -9999 -9999 -9999 -9999 -9999 -9999 -9999 -9999 -9999 -9999 -9999 -9999 -9999
-9999 -9999 -9999 -9999 -9999 -9999 -9999 -9999 -9999 -9999 -9999 -9999 -9999 -9999 -9999 -9999 -9999 -9999 -9999 -9999 -9999 -9999 -9999 -9999 -9999 -9999 -9999 -9999 -9999 -9999 -9999 -9999 -9999 -9999 -9999 -9999 -9999 -9999 -9999 -9999 -9999 -9999 -9999 -9999 -9999 -9999 -9999 -9999 -9999 -9999 -9999 -9999 -9999 -9999 -9999 -9999 -9999 -9999 -9999 -9999 -9999 -9999
-9999 -9999 -9999 -9999 -9999 -9999 -9999 -9999 -9999 -9999 -9999 -9999 -9999 -9999 -9999 -9999 -9999 -9999 -9999 -9999 -9999 -9999 -9999 -9999 -9999 -9999 -9999 -9999 9.68999978341162 9.87199315279722 11.9196638256544 12.0637582396157 13.7866756040603 13.5306405690499 13.8799096504226 13.8839736985974 13.856242546346 13.9430219279602 14.1610461594537 14.0800042576157 14.1416821652092 14.2012085178867 13.9946592459455 13.1627246784046 13.9136173441075 14.6035492871888 14.3252815180458 14.4873653217219 14.5920743276365 14.6286507612094 14.6250648363493 14.7505722064525 14.8674733568914 14.1072572865523 14.254638798302 14.2259513994213 14.6677373421844 13.6184957281221 13.6131168408319 14.1655883309431 14.0008748490363 14.9051255679224
-9999 -9999 -9999 -9999 -9999 -9999 -9999 -9999 -9999 -9999 -9999 -9999 -9999 -9999 -9999 -9999 -9999 -9999 -9999 -9999 -9999 -9999 -9999 -9999 -9999 -9999 -9999 10.8456793300575 13.5822778870352 12.9497207417153 11.9922788040712 11.6049989191815 12.9253364526667 13.7816553092562 13.8246864075772 13.813928632997 13.8383129220456 13.9501937776804 13.9229407487437 14.0003967257217 13.9882045811974 14.3998687551357 14.293725379277 14.2700582752004 14.4527013814077 14.5425885645673 14.9370402991772 14.8595843221992 14.6193273565732 14.6358226109296 14.7613299810328 15.0460524149239 15.0309915305115 14.9377574841492 14.2711340526585 14.2858363445848 13.90979235759 14.1966663463973 14.3123721885495 14.7932447122876 14.5399588863365 14.8409375129268
-9999 -9999 -9999 -9999 -9999 -9999 -9999 -9999 -9999 -9999 -9999 -9999 -9999 -9999 -9999 -9999 -9999 -9999 -9999 -9999 -9999 -9999 -9999 -9999 -9999 -9999 13.1933245705441 13.5500045632944 13.5399639736861 13.2652821294032 12.2683950182982 12.859355435241 13.1340372795239 13.8390301070176 13.803409920074 13.6855525230058 14.0563371535391 14.331736182794 14.0749839628115 14.1022369917482 14.2155522173271 14.4565263679251 14.3123721885495 14.2578661306761 14.8588671372272 14.9994353917427 15.0697195190005 15.089800698217 15.170125415083 15.0955381779931 15.0675679640844 15.0654164091684 14.9915463570505 14.9822229524143 14.8567155823112 14.4246116366703 14.4687185124494 14.3837320932653 14.1054643241223 14.5361338998191 14.9388332616072 14.6957075560931
-9999 -9999 -9999 -9999 -9999 -9999 -9999 -9999 -9999 -9999 -9999 -9999 -9999 -9999 -9999 -9999 -9999 -9999 -9999 -9999 -9999 -9999 -9999 -9999 -9999 10.7944951425772 12.6352351314854 13.1727652680129 13.3326975167729 12.3401135155 12.5753501863219 12.2246467350051 12.65997801302 13.2043214067817 13.7515335404314 13.8003021185286 13.6195715055801 13.7888271589763 14.0462965639308 14.3044831538573 14.3116550035775 14.4859309517778 14.5676900385879 14.8215735186823 15.0159306460992 14.9908291720785 15.0180822010152 15.0826288484968 15.1600848254748 15.1005584727973 15.2798547158018 15.0474867848679 15.0352946403436 14.2553559832741 14.2997019207105 14.5472502668854 14.2009694562294 14.8000579695217 14.4629810326733 14.2908566393889 14.412778084632 14.6842325965408
-9999 -9999 -9999 -9999 -9999 -9999 -9999 -9999 -9999 -9999 -9999 -9999 -9999 -9999 -9999 -9999 -9999 -9999 -9999 -9999 -9999 -9999 -9999 -9999 -9999 9.95804025080839 13.4933469505049 13.0933967977762 12.7271543387324 12.9081240133382 12.9949033949524 11.8947416478768 13.097460845951 13.8856471301988 13.3097475976683 13.2466353201307 13.5385296037421 14.3998687551357 14.4608294777572 14.5182042755187 14.5160527206026 14.6028321022168 14.3898281655274 14.9743339177221 15.1242255768739 15.0431836750358 14.9628589581698 15.0668507791124 14.5356557765044 15.0352946403436 14.1094088414684 14.252487243386 14.3450041047763 14.5766548507381 14.4651325875893 13.6339152050205 13.7691045722459 13.962624983862 13.2602618345991 13.8680760983843 14.5208339537494 14.4554505904671
-9999 -9999 -9999 -9999 -9999 -9999 -9999 -9999 -9999 -9999 -9999 -9999 -9999 -9999 -9999 -9999 -9999 -9999 -9999 -9999 -9999 -9999 -9999 -9999 13.0431596980696 13.7655584909953 13.7149571068585 12.8873256491497 12.5710470764898 12.5079347989522 12.2497482090257 12.5911282557063 13.2487868750468 13.1225623199716 13.5851466269232 14.1646320843138 14.251411465928 14.3546861018986 14.4472029632889 14.5662556686439 14.8201391487382 14.9140903800726 14.9004638656043 14.9241309696808 14.929868449457 15.0137790911831 15.0589617444202 15.1443067560904 15.0991241028532 15.2432782822289 14.9097872702405 15.0417493050918 15.0525070796721 15.0338602703996 15.050355524756 14.4785200404003 13.9255704269744 13.9506719009951 13.4026230515447 13.7637256849557 13.0953092910349 15.1027100277133
-9999 -9999 -9999 -9999 -9999 -9999 -9999 -9999 -9999 -9999 -9999 -9999 -9999 -9999 -9999 -9999 -9999 -9999 -9999 -9999 -9999 -9999 -9999 -9999 13.0828780848533 13.9623859222047 13.9107486042194 12.5896938857622 12.737433989998 11.7785576824099 11.8918729079887 13.0429547880776 13.2638477594592 13.2645649444312 13.734321101103 13.8447675867938 14.0699636680074 14.1137119513005 14.4256874141283 14.5691244085319 14.8215735186823 14.8538468424231 14.51987770712 15.0051728715189 14.9829401373863 14.7331207054667 15.0453352299519 14.0790480109863 15.2253486579284 15.3530075829476 15.1672566751949 15.1930753341876 15.1608020104468 15.0998412878253 14.6451460155658 14.5189214604907 14.3116550035775 14.332453367766 13.6826837831177 15.1722769699991 15.2167424382642 15.2432782822289
-9999 -9999 -9999 -9999 -9999 -9999 -9999 -9999 -9999 -9999 -9999 -9999 -9999 -9999 -9999 -9999 -9999 -9999 -9999 -9999 -9999 -9999 -9999 11.0349997533485 13.9982451708056 13.9408703730442 13.8180524465861 12.7948087877594 12.4390850416385 12.7030091113411 12.700140371453 13.4123050486669 13.6898556328379 14.1416821652092 14.1416821652092 14.251411465928 14.4407482985407 14.3389080325142 14.3059175238013 14.6171758016571 14.649449125398 14.7290566572919 14.9437340255827 14.7150715503376 14.9736167327501 14.8653218019754 15.0704367039725 15.1930753341876 15.1608020104468 15.1823175596073 15.0532242646441 15.1500442358665 15.2375408024527 15.1019928427413 14.9047669754364 13.8802682429086 14.7534409463406 14.7082582931034 15.247581392061 15.3056733747944 15.3071077447385 15.3142795944586
-9999 -9999 -9999 -9999 -9999 -9999 -9999 -9999 -9999 -9999 -9999 -9999 -9999 -9999 -9999 -9999 -9999 -9999 -9999 -9999 -9999 10.0441175460815 12.8502928251401 13.1089358055033 13.775379940751 13.7423894320382 12.5753501863219 12.8292336664163 12.7969603426754 12.8536179554649 13.3513443260454 13.8046052283607 14.0384075292386 14.1560258646496 14.1244697258808 14.41206089966 14.5504775992595 14.1467024600133 14.4199499343522 14.6598483074922 14.3948484603316 14.8782311314717 14.9492324437015 14.8997466806322 15.1270943167619 15.1816003746353 15.1959440740757 15.1335489815101 15.1823175596073 15.1091646924615 15.0819116635248 14.9901119871065 14.9506668136455 14.7885830099694 14.3170338908676 15.2640766464174 15.367351282388 15.2812890857458 15.3372295135632 15.1235083919019 15.2339548775926 15.1464583110064
-9999 -9999 -9999 -9999 -9999 -9999 -9999 -9999 -9999 -9999 -9999 -9999 -9999 -9999 -9999 -9999 -9999 -9999 -9999 -9999 9.14801675091376 13.3481169936713 13.0422376031056 13.615806284477 12.0403301971965 11.9098025322892 12.7051606662571 12.6011688453145 12.7833338282071 12.9934690250084 13.735755471047 13.8813440203667 14.0914792171679 14.1574602345936 14.2306131017394 14.4005859401077 14.4235358592123 14.610003951937 14.2600176855922 14.8703420967795 14.2198553271592 14.2973113041371 14.8287453684025 15.0690023340285 14.9183934899047 15.0460524149239 15.0948209930211 15.0783257386647 15.010193166323 15.1041443976574 15.1830347445793 15.2626422764733 15.0525070796721 14.97003080789 13.8770409105346 14.9449293338694 15.3200170742348 15.1952268891037 15.1163365421817 14.8402203279547 14.3381908475421 15.0374461952597
-9999 -9999 -9999 -9999 -9999 -9999 -9999 -9999 -9999 -9999 -9999 -9999 -9999 -9999 -9999 -9999 -9999 -9999 -9999 -9999 10.8340250742622 13.8881572776008 13.8469191417098 13.7703596459469 13.5468967617489 12.2002624459565 13.8574976200471 13.7409550620941 12.5301675330848 14.172521119006 13.5134281297214 13.7293008062989 14.5540635241196 14.4751731771976 14.5009918361902 14.7426831717603 14.651600680314 14.6236304664053 14.7046723682433 14.7398144318722 14.7878658249974 14.6666615647264 14.7448347266763 14.769936200697 14.852412472479 15.3167897418607 15.1188466895837 14.7910931573715 13.5862224043813 15.0170064235572 15.0589617444202 14.8305383308325 14.89185764594 13.9197134163696 13.9627445146907 13.7153156993445 12.5617236718535 13.7921740221791 12.9203161578625 14.1997741479427 13.9764905599877 14.3833735007793
-9999 -9999 -9999 -9999 -9999 -9999 -9999 -9999 -9999 -9999 -9999 -9999 -9999 -9999 -9999 -9999 -9999 -9999 12.9885402857326 13.7813684352674 13.7423894320382 13.8845713527407 13.9792397690471 13.6556698158383 13.1426434991881 13.7622913150117 13.9145138253225 14.5040398723213 14.3912625354715 13.0465407129377 13.1842402275652 13.7694631647319 14.49023406161 14.5088808708824 14.7075411081314 15.0073244264349 15.1055787676014 14.9413434090093 14.49023406161 14.8352000331506 14.7390972469002 15.3978316436987 15.4308221524116 14.81009855913 14.6300851311535 15.367351282388 14.174672673922 15.1672566751949 14.9266411170829 14.9994353917427 14.968596437946 14.0997268443462 14.1510055698454 13.8781166879926 13.5521561182104 13.2824945687316 14.2177037722431 14.4397920519114 14.5755790732801 14.3805047608912 14.3059175238013 14.4009445325937
-9999 -9999 -9999 -9999 -9999 -9999 -9999 -9999 -9999 -9999 -9999 -9999 -9999 -9999 -9999 -9999 7.92212896198034 14.9780445704034 13.2997070080601 13.4101534937508 13.8806268353947 13.7983298598556 13.2064729616977 13.2244025859982 14.410805825959 13.9250923036598 13.455336146988 13.5112765748054 13.337000626605 13.5012359851971 13.4897610256448 13.8741721706465 14.5045777610503 14.5676900385879 14.9119388251565 14.9155247500166 15.1536301607266 15.1830347445793 15.0560930045322 15.3049561898224 15.4168370454572 15.4648884385824 15.5373241207562 15.4179128229152 15.4315393373836 15.3440427707974 14.7236777700018 15.1923581492156 15.1324732040521 15.0030213166028 14.6678568730131 14.2298959167674 14.1280556507409 13.933339930838 13.5274132366758 14.4560482446104 14.5851415395737 14.5210730154067 14.531113605015 14.5134230423719 14.5009918361902 14.5849024779163
-9999 -9999 -9999 -9999 -9999 -9999 -9999 -9999 -9999 -9999 5.77499987091869 8.3119557712875 9.0699997972697 9.0699997972697 -9999 -9999 7.94374217037111 15.1540604717098 15.1450239410624 15.2952741927002 14.2585833156481 14.5510154879885 13.0515610077418 13.3642536555417 14.5572908564936 15.0557344120461 13.4101534937508 14.9087114927825 14.8346621444216 13.2918179733679 13.5141453146935 13.9250923036598 14.3934140903875 13.9451734828763 14.8158360389061 14.9105044552125 15.1808831896633 15.2511673169211 15.048921154812 14.0201193124522 15.049279747298 14.8793069089297 14.2173451797571 14.5899227727205 14.650883495342 14.254997390788 15.0241782732774 14.7451933191624 15.2726828660816 14.503621514421 14.6264992062934 14.5186823988333 14.095065142028 14.1198080235627 14.1951124456245 14.1144291362725 14.4754122388549 14.4675232041627 13.9877264578827 14.2877488378435 14.4517451347783 14.6795708942227
-9999 -9999 -9999 -9999 -9999 -9999 -9999 -9999 -9999 -9999 -9999 -9999 -9999 -9999 -9999 -9999 -9999 -9999 9.5532958653217 14.8787690202007 14.6630756398663 13.256675909739 13.3047273028642 15.6384472018108 14.8414754016558 12.2726981281303 15.4200643778313 15.7083727365825 13.7300179912709 14.6413807944627 13.3950926093385 13.4452955573797 13.3821832798421 14.5517326729605 14.1588946045376 14.8402203279547 14.81009855913 15.1227912069298 15.1930753341876 14.6989348884672 14.0250200764276 13.9064454943873 14.5429471570533 14.6092867669649 14.6609240849502 14.2499770959839 15.3110522620846 15.3361537361052 14.8022095244378 14.6353444876149 14.5954211908393 14.8577913597692 14.1133533588145 13.0802484066226 12.8772850595415 12.8751335046254 12.9540238515474 14.596616499126 14.452940443065 14.162002406083 14.1689351941459 14.9743339177221
-9999 -9999 -9999 -9999 -9999 -9999 -9999 -9999 -9999 -9999 -9999 -9999 -9999 -9999 10.9131957753096 14.5791649981402 13.9151951510459 13.0247382897884 14.4493545182049 14.6702474895865 13.6453901645727 13.4617908117361 13.4646595516242 15.886234609643 15.370220022276 14.9791151508689 13.2946867132559 13.2401806553826 13.4402752625756 13.2896664184518 13.1863917824812 13.4510330371559 13.5600451529026 13.5528733031824 14.7075411081314 14.812250114046 14.9255653396249 14.9126560101286 15.1022319043986 15.1469364343211 14.6611631466076 13.6694158611353 14.5418713795952 14.7096926630475 14.5892055877484 14.0448621939868 14.253563020844 15.368427059846 14.5357753073331 14.8154774464201 14.8036438943818 14.9587351445807 12.5351878278889 12.820627446752 12.8500320306048 14.2467497636098 14.6071352120489 14.2567903532181 14.2564317607321 14.1930804215372 14.97003080789 15.2203283631243
-9999 -9999 -9999 -9999 -9999 -9999 -9999 -9999 -9999 -9999 -9999 -9999 6.74182079236796 15.3236029990949 14.6351054259576 14.9083529002964 14.9892155058915 15.6682103781495 13.814645817969 13.375011430122 13.5543076731265 13.4309518579394 13.4323862278834 13.4266487481073 13.2114932565019 13.018570499029 15.4340494847856 13.7400585808791 15.4390697795898 14.9772026576102 13.1978667420335 13.455336146988 13.4022644590586 13.3979613492265 13.6740775634535 13.4065675688908 13.3864863896742 13.1713308980688 14.6257820213214 14.9151661575306 13.774483459536 14.8684296035208 15.2301298910752 14.9345301517751 14.4550919979811 15.2855921955779 14.5798821831122 14.5002746512182 14.4647739951033 14.6541108277161 14.692121631233 14.7046723682433 14.7358699145261 14.0972166969441 15.28989530541 13.8820612053387 13.9143345290795 14.0070904521272 15.2153080683202 15.010193166323 15.1400036462583 14.2711340526585
-9999 -9999 -9999 -9999 -9999 -9999 -9999 -9999 -9999 -9999 12.4400014446583 15.4039277159609 15.3472701031715 14.9248481546529 14.9105044552125 14.8703420967795 14.9650105130859 14.3074953307398 14.3450041047763 14.3432111423463 13.2602618345991 13.1942808171734 13.5851466269232 13.0472578979097 12.8794366144575 13.018570499029 15.3160725568887 15.3999831986148 15.487838357687 15.7689748667181 14.6833958807401 13.655430754181 13.4460127423517 13.8720206157304 13.9172032689676 13.7429273207672 13.1964323720895 13.1067842505872 15.8813338456675 15.4143268980552 14.8187047787942 14.70586767653 14.3023315989412 14.9840159148443 14.1276970582549 14.2481841335539 14.5866954403464 14.7577440561727 14.8369929955807 14.4751731771976 13.415173788555 13.537453826284 14.9370402991772 15.3250373690389 14.7864314550534 14.6042664721608 14.2585833156481 14.4206671193242 14.5870540328324 14.7462690966204 14.8837295495905 14.8014923394658
-9999 -9999 -9999 -9999 -9999 -9999 -9999 -9999 -9999 -9999 -9999 6.63528452887151 14.7207213741727 15.8188192222733 15.210287773516 14.9522804798326 13.8149996912107 -9999 -9999 9.22999979369342 6.59499985259026 9.80449200950205 15.3081835221965 13.4452955573797 12.9425488919951 13.0694906320423 14.7251121399458 15.2698141261935 15.1525543832686 14.4833012735471 14.4099093447439 13.654713569209 13.5062562800013 13.6052278061397 13.8662831359543 13.6697744536214 13.8670003209263 13.0056611695327 12.6936857067049 15.0213095333893 15.5992410900071 14.5766548507381 15.237062679138 15.5083976602182 16.0389950086828 16.0167622745503 16.083819069434 15.2124393284321 15.0019455391448 14.7849970851094 14.7677846457809 14.6652271947823 14.8215735186823 15.6147800977342 15.2456091333879 15.2081362186 14.770653385669 14.889706091024 14.4235358592123 14.8514562258497 14.7809330369346 15.4699087333865
-9999 -9999 -9999 -9999 -9999 -9999 -9999 -9999 -9999 -9999 -9999 -9999 -9999 -9999 -9999 -9999 -9999 -9999 -9999 -9999 -9999 -9999 -9999 -9999 -9999 13.3949271051142 13.6127582483459 14.1799320303835 13.9996795407496 13.9236579337157 14.1807687461842 14.451147480635 13.6697744536214 13.4252143781632 13.975295251701 13.7823724942282 13.5299233840778 13.1189763951115 13.0149845741689 14.4303491164465 14.878470193129 13.3549302509055 15.5000305022113 16.5423393282108 15.8418886722066 16.0368434537668 16.3993804571219 16.4467146652751 13.5930356616154 15.2181768082082 15.3210928516928 14.8251594435424 14.7638401284348 15.5803552190773 15.7202062886208 14.8366344030946 14.8140430764761 14.9518621219322 14.9654886364006 14.7785424203612 14.6053422496188 14.86221400043
-9999 -9999 -9999 -9999 -9999 -9999 -9999 -9999 -9999 -9999 -9999 -9999 -9999 -9999 -9999 -9999 -9999 -9999 -9999 -9999 -9999 -9999 -9999 -9999 -9999 10.6396679468453 13.7885402849875 13.6848353380337 13.813928632997 14.1822031161282 14.211249107495 14.108452594839 13.7589444518089 13.3664052104577 14.5124667957425 13.4259315631352 13.6023590662517 13.5887325517833 13.6425214246847 13.5191656094976 16.8994974442758 15.7531967973337 16.3171432469971 15.5219046438579 13.5801263321191 15.2112440201454 16.5217800256796 16.2535528461449 15.4749290281907 15.2447126521729 15.3099764846265 15.3781090569682 14.73192539718 14.9348887442611 15.3985488286708 14.9269997095689 14.9621417731978 15.3501388430595 15.406796455849 14.4267631915864 14.929868449457 14.8576718289405
-9999 -9999 -9999 -9999 -9999 -9999 -9999 -9999 -9999 -9999 -9999 -9999 -9999 -9999 -9999 -9999 -9999 -9999 -9999 -9999 -9999 -9999 -9999 -9999 -9999 -9999 -9999 13.7199774016626 13.8698690608144 14.1151463212445 14.0235857064836 13.4507939754985 13.9372844481841 14.5759376657661 14.929151264485 12.9274880075827 13.3011413780041 13.5277718291618 13.2609790195711 13.2193822911941 16.7928759451024 16.3831242644228 15.6417940650135 16.1787265473977 16.1639047246426 16.867224120535 15.9715796213131 15.2178182157222 16.5236925189383 15.1966612590477 15.4638126611244 14.850260917563 14.7233191775158 15.6832712625619 15.6190832075663 15.2346720625646 15.2798547158018 15.3766746870242 14.9209036373068 14.9360840525478 14.8796655014157 14.6634342323523
