EcologicalScience/Bass/data/rs_data_bass/sst_473.asc
NCOLS 226 
NROWS 124 
XLLCORNER -9.41648524995501 
YLLCORNER 47.587301625531 
CELLSIZE 0.0833 
NODATA_value -9999 
[rows 54 to 80 of 124, columns 0 to 61 of 226]
-9999 -9999 -9999 -9999 -9999 -9999 -9999 -9999 -9999 -9999 -9999 -9999 -9999 -9999 -9999 -9999 -9999 -9999 -9999 -9999 -9999 -9999 -9999 -9999 -9999 -9999 -9999 -9999 -9999 -9999 -9999 -9999 -9999 -9999 -9999 -9999 -9999 -9999 11.2981462061538 9.74401425294435 8.23972796881571 8.03987242328003 6.39307229053229 7.81467634206638 8.15533920377493 8.23924984550104 7.90145572368056 7.84479811089113 7.90504164854065 8.37479780521244 8.34682759130374 8.59497359162197 8.27295753918588 8.37025563372299 8.42308825999498 8.28323719045147 8.35901973582804 7.9670781486202 10.4936695775416 15.1399996615946 -9999 15.6301995746326
-9999 -9999 -9999 -9999 -9999 -9999 -9999 -9999 -9999 -9999 -9999 -9999 -9999 -9999 -9999 -9999 -9999 -9999 -9999 -9999 -9999 -9999 -9999 -9999 -9999 -9999 -9999 -9999 -9999 -9999 -9999 -9999 -9999 -9999 -9999 -9999 -9999 -9999 15.4899996537715 9.90193773474654 7.82471693167463 7.89284950401634 7.80822167731822 7.82328256173059 8.25000762008131 7.95381022663787 7.70781578123569 8.1885687741451 8.48141930438578 8.38412120984867 8.51608324469998 8.50532547011971 7.99971006484702 8.65019683446735 8.4517756588757 8.40898362221196 8.45560064539313 9.71388460296605 -9999 13.6649996945634 -9999 16.7249996261671
-9999 -9999 -9999 -9999 -9999 -9999 -9999 -9999 -9999 -9999 -9999 -9999 -9999 -9999 -9999 -9999 -9999 -9999 -9999 -9999 -9999 -9999 -9999 -9999 -9999 -9999 -9999 -9999 -9999 -9999 -9999 -9999 -9999 -9999 -9999 -9999 -9999 -9999 -9999 9.31653716662703 7.60023803543299 7.73435162520036 7.68701741704717 7.70494704134762 7.41018401784822 7.77236242871732 7.52780235325918 8.32363861054182 8.34228541981429 8.54261908866465 7.65402690833434 7.55720693711191 7.89500105893239 8.60692667448893 8.33965574158356 8.60071107139811 8.72621844150126 8.93958097067662 10.1015836219303 15.6999996490777 -9999 -9999
-9999 -9999 -9999 -9999 -9999 -9999 -9999 -9999 -9999 -9999 -9999 -9999 -9999 -9999 -9999 -9999 -9999 -9999 -9999 -9999 -9999 -9999 -9999 -9999 -9999 -9999 -9999 -9999 -9999 -9999 -9999 -9999 -9999 -9999 -9999 -9999 -9999 -9999 -9999 -9999 8.87797478158027 7.62749106436968 7.8315301889088 8.01979124406353 7.51345865381882 7.55003508739173 7.42237616237253 8.37623217515647 8.29519027331844 8.82232122775167 8.17434460553341 6.76758628292009 9.06783754983917 8.07716604182497 8.02409435389563 8.70876694051549 8.93563645333052 9.16549423686229 9.40718557243235 9.35805840184912 10.4828997494324 -9999
-9999 -9999 -9999 -9999 -9999 -9999 -9999 -9999 -9999 -9999 -9999 -9999 -9999 -9999 -9999 -9999 -9999 -9999 -9999 -9999 -9999 -9999 -9999 -9999 -9999 -9999 -9999 -9999 -9999 -9999 -9999 -9999 -9999 -9999 -9999 -9999 -9999 -9999 -9999 -9999 8.6800317293033 8.22777488594875 8.18761252751574 7.48405406996608 7.56294441688806 7.69347208179533 7.65330972336233 8.14051738101989 8.09653003606945 7.22156437020749 6.48597165057436 9.29638049425557 8.62581254541874 8.26937161432579 8.15533920377493 8.48129977355711 8.68772951466963 8.80989002157003 8.62150943558663 8.88672443823889 8.93118990650401 16.0049996422604
-9999 -9999 -9999 -9999 -9999 -9999 -9999 -9999 -9999 -9999 -9999 -9999 -9999 -9999 -9999 -9999 -9999 -9999 -9999 -9999 -9999 -9999 -9999 -9999 -9999 -9999 -9999 -9999 -9999 -9999 -9999 -9999 -9999 -9999 -9999 -9999 -9999 -9999 -9999 7.42999983392656 10.8518611526967 7.52995390817523 7.72502822056413 7.70781578123569 7.99755850993097 8.07573167188093 8.50150048360229 8.13286740798503 8.12808617483824 8.17852818453684 8.38555557979271 8.85029144166037 9.09054840728641 9.01524398522452 8.02481153886765 8.60118919471279 6.34516433440149 8.71402629697695 8.83824273413047 9.29441767222689 -9999 -9999
-9999 -9999 -9999 -9999 -9999 -9999 -9999 -9999 -9999 -9999 -9999 -9999 -9999 -9999 -9999 -9999 -9999 -9999 -9999 -9999 -9999 -9999 -9999 -9999 -9999 -9999 -9999 -9999 -9999 -9999 -9999 -9999 -9999 -9999 -9999 -9999 -9999 -9999 -9999 13.1311685396358 9.13250372814946 8.26004820968956 8.92616961169988 7.47473066532984 7.71570481592789 7.95667896652594 7.9229712728411 7.80176701257005 8.01405376428738 8.51751761464402 8.49648018879816 8.54572689021006 8.73554184613749 9.02887049969286 8.78550573252141 8.6772108017467 8.74486525077373 14.649999672547 10.2646314339779 10.0430725051223 10.7901333539747 9.83677937067114
-9999 -9999 -9999 -9999 -9999 -9999 -9999 -9999 -9999 -9999 -9999 -9999 -9999 -9999 -9999 -9999 -9999 -9999 -9999 -9999 -9999 -9999 -9999 -9999 -9999 -9999 -9999 -9999 -9999 -9999 -9999 -9999 -9999 -9999 -9999 -9999 -9999 -9999 -9999 7.80822167731822 7.87994017452002 7.70996733615175 8.3296151519753 8.2949512116611 8.15749075869098 7.87994017452002 7.91866816300899 8.06999419210479 8.32770265871659 8.86391795612872 8.86219671219587 9.29638049425557 9.22035888722166 8.67410300020128 9.07477033790201 8.64326404640451 8.60752432863228 8.99731436092407 9.66142764501274 9.48751028929837 9.91423534764908 9.66752371727489
-9999 -9999 -9999 -9999 -9999 -9999 -9999 -9999 -9999 -9999 -9999 -9999 -9999 -9999 -9999 -9999 -9999 -9999 -9999 -9999 -9999 -9999 -9999 -9999 -9999 -9999 -9999 -9999 -9999 -9999 -9999 -9999 -9999 -9999 -9999 -9999 -9999 -9999 10.1865757939351 7.72287666564807 7.77594835357741 8.03431423974689 7.91723379306495 8.11141162423883 7.70494704134762 8.30499180126935 7.75730154430494 7.23973305616528 7.84981840569526 8.59138766676188 9.02863143803552 8.46408733422868 8.58493300201371 8.87969602551311 9.22346668876708 8.91447949665599 8.80582597339526 8.79961037030444 8.87921790219843 8.8261462142691 9.4168675695546 9.21282844501548
-9999 -9999 -9999 -9999 -9999 -9999 -9999 -9999 -9999 -9999 -9999 -9999 -9999 -9999 -9999 -9999 -9999 -9999 -9999 -9999 -9999 -9999 -9999 -9999 -9999 -9999 -9999 -9999 -9999 -9999 -9999 -9999 -9999 -9999 -9999 -9999 -9999 -9999 8.02983183367178 7.71785637084395 7.52995390817523 8.3958352310583 7.66765342280269 8.2098452616483 8.28012938890606 7.76232183910906 8.73016295884736 8.04202397819608 9.06580552575178 8.57871739892289 8.5550502948463 8.72574031818658 8.99336984357797 8.72478407155722 7.74008910497651 9.1579637946561 9.6599932750687 9.69728689361364 8.59616889990866 9.11851862119511 9.03424938698299 8.77462842711248
-9999 -9999 -9999 -9999 -9999 -9999 -9999 -9999 -9999 -9999 -9999 -9999 -9999 -9999 -9999 -9999 -9999 -9999 -9999 -9999 -9999 -9999 -9999 -9999 -9999 -9999 -9999 -9999 -9999 -9999 -9999 -9999 -9999 -9999 -9999 -9999 -9999 10.5951647320027 8.98189488402568 8.02983183367178 8.5325784990564 7.50772117404267 7.79674671776593 7.92870875261724 8.44364756252617 8.09007537132129 8.50245673023164 8.84288053028286 8.54931281507015 8.52947069751099 9.04990792553872 8.62413911381736 8.92487867875025 8.95308795431629 9.25143690267578 9.23900569649413 8.74629962071776 8.33535263175145 9.38782157818787 9.06293678586371 8.96719259209931 8.90408031456172
-9999 -9999 -9999 -9999 -9999 -9999 -9999 -9999 -9999 -9999 -9999 -9999 -9999 -9999 -9999 -9999 -9999 -9999 -9999 -9999 -9999 -9999 -9999 -9999 -9999 -9999 -9999 -9999 -9999 -9999 -9999 -9999 -9999 -9999 -9999 -9999 -9999 9.55026397434995 8.20769370673224 8.41137423878536 8.54190190369263 8.52492852602154 7.8993041687645 7.93659778730944 8.11087373550981 8.16322823846713 8.28514968371019 8.20267341192812 9.18163089873269 8.75992613518611 9.26841028034687 8.60716573614627 9.10011087357998 9.13262325897813 9.22071747970767 9.4566713355016 9.33080537291244 9.21605577738956 9.20027770800516 9.10991240153089 8.58469394035637 8.74343088082969
-9999 -9999 -9999 -9999 -9999 -9999 -9999 -9999 -9999 -9999 -9999 -9999 -9999 -9999 -9999 -9999 -9999 -9999 -9999 -9999 -9999 -9999 -9999 -9999 -9999 -9999 -9999 -9999 -9999 -9999 -9999 -9999 -9999 -9999 -9999 7.54337551265157 9.47147608242397 8.14870524278376 7.94520400697365 8.25502791488543 8.49528488051146 8.66310616396368 8.69466230273247 8.12665180489421 8.14027831936255 8.20123904198408 8.15749075869098 8.12521743495017 8.06138797244057 8.89810377312824 8.65808586915955 9.0385524968151 8.78694010246545 9.45344400312752 9.06688130320981 9.38339893752709 8.82877589249983 8.60931729106233 8.13238928467035 9.10560929169878 8.65115308109671 8.65282651269808
-9999 -9999 -9999 -9999 -9999 -9999 -9999 -9999 -9999 -9999 -9999 -9999 -9999 -9999 -9999 -9999 -9999 -9999 -9999 -9999 -9999 -9999 -9999 -9999 -9999 -9999 -9999 -9999 -9999 -9999 -9999 18.2828920872237 -9999 -9999 -9999 11.4596494315192 9.94112978409976 8.35830255085602 8.50915045663714 7.7798928709235 8.2299264408648 7.69383067428134 8.83546961890534 8.40778831392527 8.15605638874695 8.0147709492594 7.97532577579841 8.07812228845432 7.98464918043464 8.30021056812257 8.61864069569856 8.58493300201371 9.31717885844409 8.91770682903007 9.24689473118633 9.35483106947504 9.15617083222605 9.17589341895655 9.11493269633502 9.26984465029091 9.18234808370471 8.69681385764852
-9999 -9999 -9999 -9999 -9999 -9999 -9999 -9999 -9999 -9999 -9999 -9999 -9999 -9999 -9999 -9999 -9999 -9999 -9999 -9999 -9999 -9999 -9999 -9999 -9999 -9999 -9999 -9999 -9999 13.9899577000178 7.42757956823334 9.85315509419888 9.58492791466415 6.59028222039342 9.44555496843532 6.99736131433971 9.11600847379304 8.53090506745502 8.1302377297543 8.29016997851431 9.18234808370471 8.59196141473949 8.84813988674432 8.90981779433787 8.1223486950621 8.14314705925062 9.25334939593449 9.24569942289963 8.09007537132129 7.6999267465435 8.66238897899166 9.12951545743272 9.19920193054713 8.94998015277088 9.04106264421716 9.09772025700659 9.1500747599639 9.17445904901251 9.26625872543082 9.25980406068265 9.3293710029684 8.7000411900226
-9999 -9999 -9999 -9999 -9999 -9999 -9999 -9999 -9999 -9999 -9999 -9999 -9999 -9999 -9999 -9999 -9999 -9999 -9999 -9999 -9999 -9999 12.8175993324257 9.97985777258873 8.46032211312559 10.0238929298706 10.0280526027083 9.95848566042259 8.79345453262795 9.16322315111756 9.51110567487776 9.36289940041024 8.69753104262054 9.58167667612434 8.86499373358674 9.47653735922649 8.63298439513892 8.78168074600399 8.5246894643642 8.45010222727433 8.33033233694732 9.48392436443828 8.61003447603434 8.8474227017723 8.83021026244387 9.00592058058828 9.36989195388742 8.91412090416998 7.84981840569526 7.92010253295302 8.94352548802271 8.7638706525322 8.79506819881499 8.90336312958971 9.13788261543959 9.193823043257 9.28275397978723 9.08983122231439 9.41385539267212 13.9349996885285 -9999 -9999
-9999 -9999 -9999 -9999 -9999 -9999 -9999 -9999 -9999 -9999 -9999 -9999 -9999 -9999 -9999 -9999 -9999 -9999 -9999 -9999 -9999 15.1976233364492 8.1885687741451 8.2736747241579 8.2736747241579 8.76960813230835 9.78879969604313 9.34730062726885 8.17470319801942 9.06831567315385 9.10184407059569 8.77391124214046 8.68605608306825 8.98201441485435 8.91196934925392 9.2060151877813 9.21641436987557 8.88806318351999 8.86951199891046 9.01261430699378 8.36475721560419 8.60501418123022 8.82016967283562 8.93707082327455 8.95428326260298 9.19095430336893 8.89475690992549 8.85865859966725 9.11086864816025 8.58493300201371 8.77749716700055 8.65521712927148 8.83164463238791 8.89619127986953 8.87969602551311 10.0414979336048 15.9299996439368 -9999 -9999 -9999 -9999 -9999
-9999 -9999 -9999 -9999 -9999 -9999 -9999 -9999 -9999 -9999 -9999 -9999 -9999 -9999 -9999 -9999 -9999 6.88018432352692 16.4151585265063 11.9752029714042 10.2430646573193 9.99097413965501 9.87407298921607 8.18474378762767 8.15749075869098 9.06867426563986 9.44125185860321 9.1900578221539 9.1342966905795 8.73769340105355 8.77032531728037 8.74809258314781 8.75418865540996 8.93778800824657 8.48165836604312 8.07907853508368 9.40431683254428 9.46922207251191 9.48237046366557 8.79004790401086 9.41830193949863 9.53054138761945 8.755623025354 8.90718811610714 8.95882543409243 9.12282173102722 9.13788261543959 9.2537079884205 9.1898785259109 9.13537246803753 9.41632968082558 9.95414156859208 14.4499996770173 -9999 -9999 -9999 -9999 -9999 -9999 -9999 -9999 -9999
-9999 -9999 -9999 -9999 -9999 -9999 -9999 -9999 -9999 -9999 -9999 -9999 -9999 -9999 -9999 -9999 -9999 10.1308650528081 9.81329156283755 9.53753394109663 9.88267920888029 8.43647571280599 8.27797783399001 8.25502791488543 8.23709829058498 8.08075196668506 9.74868514994159 8.76243628258817 9.23279009340331 8.76889094733633 8.63406017259695 8.82805870752782 8.52146213199012 9.03771578101441 9.24713379284367 9.25119784101844 9.29207738442346 9.4314503306523 9.42762534413487 9.5205007980112 8.7197637767531 9.39487389707938 9.5366374598816 9.39487389707938 9.20744955772534 8.79100415064022 7.86631366005167 8.31025115773082 9.27952664741315 9.13532124053953 9.31205610864397 15.8899996448308 -9999 -9999 -9999 -9999 -9999 -9999 -9999 -9999 -9999 -9999
-9999 -9999 -9999 -9999 -9999 -9999 -9999 -9999 -9999 -9999 -9999 -9999 -9999 11.5715601698612 9.53771323733963 9.49504073150456 9.4688634800259 9.34550766483881 8.34969633119181 8.51034576492384 8.51966916956007 8.28371531376615 8.39559616940096 8.28801842359826 8.23351236572489 8.16968290321529 9.27056183526292 8.9112521642819 8.90766623942181 8.65127261192538 8.63406017259695 7.99146243766882 8.48990599322133 8.50102236028761 8.3055894554127 8.11374247539788 8.71402629697695 9.28538365801796 8.98679564800113 9.43431907054037 8.94998015277088 8.88973661512136 8.49050364736468 9.01524398522452 7.86894333828241 8.73625903110951 7.79865921102464 8.83857742045075 8.96886602370068 8.87252417579293 9.11182489478961 9.00137840909883 14.5399996750057 -9999 -9999 -9999 -9999 -9999 -9999 23.7960164385316 -9999 -9999
-9999 -9999 -9999 -9999 -9999 -9999 -9999 -9999 -9999 -9999 -9999 10.902779206913 9.60225988482125 9.53305153502151 9.55743582407013 9.43874171120115 9.38351846835576 9.34299751743674 8.69466230273247 8.67744986340404 8.50532547011971 8.54261908866465 8.51034576492384 8.35686818091199 8.23494673566893 8.18474378762767 9.07297737547196 8.64517653966323 8.96647540712729 9.02839237637818 8.21092103910632 8.05887782503851 8.31670582247898 8.08433789154515 8.6200750656426 8.86535232607275 8.37145094200969 8.4809411810711 8.24905137345195 9.11325926473364 8.56007058965042 8.19119845237583 8.76207769010216 8.66334522562101 8.58254238544032 8.45775220030919 8.89977720472962 8.76494642999023 8.83690398884937 9.12306079268456 9.45918148290366 11.1180527352117 9.93124856892973 -9999 -9999 -9999 10.0720371351687 9.28311257227324 9.24832910113037 8.71277122327592 12.7156793791801 17.7899996023625
-9999 -9999 -9999 -9999 -9999 -9999 -9999 19.9947675318427 11.466172399598 8.596407961566 9.06501662228256 9.57895137323067 9.35411388450302 9.33439129777253 9.30857263877988 9.36558884405531 9.10489210672677 9.2816782023292 9.23936428898014 9.0941343321465 8.39774772431701 8.55122530832887 8.52684101928025 8.49600206548348 8.46014281688258 8.81084626819938 8.70649585477076 8.89870142727159 8.27403331664391 8.397030539345 8.16645557084121 8.20052185701206 8.8990600197576 8.53544723894447 9.14362009521574 9.01524398522452 8.56078777462244 8.81514937803149 8.835230557248 8.7914822739549 9.20027770800516 9.07763907779008 8.56222214456648 8.4663584199734 8.51273638149723 8.55361592490226 8.67099519865587 8.65019683446735 8.67816704837605 9.32578507810831 8.00759909953922 8.94782859785482 9.59667608753911 12.067364952446 8.54979093838483 8.78502760920674 8.87467573070899 9.21533859241754 9.12497328594327 8.80534785008058 9.7092399764806 12.6093160665967
-9999 -9999 -9999 -9999 -9999 8.65449994429946 8.6602374240756 8.75849176524207 8.67529830848798 8.64302498474717 9.7396008069627 9.52109845215455 9.28275397978723 9.34048737003468 9.31897182087414 9.25263221096247 9.18449963862076 9.18880274845287 9.17696919641457 8.32889796700329 8.34611040633172 8.50245673023164 8.41137423878536 8.49169895565137 8.4450819324702 8.33535263175145 9.03711812687106 8.74343088082969 8.51357309729792 8.97902614413761 8.81909389537759 8.51034576492384 8.52002776204608 9.23039947682992 8.83021026244387 8.97006133198738 8.96002074237913 8.47520370129496 8.79184086644091 8.87467573070899 9.56556392041966 8.67003895202652 8.65736868418753 8.6121860309504 8.59306109836325 8.54668313683942 8.65665149921551 8.52301603276283 8.6602374240756 8.05923641752452 8.34921820787713 8.97938473662362 7.18283638171852 8.81228063814342 8.79291664389893 8.91555527411401 8.9987487308681 9.26984465029091 9.49002043670043 8.52361368690617 8.69000060041435 8.49492628802545
-9999 -9999 -9999 -9999 -9999 8.79004790401086 8.84670551680028 8.75418865540996 8.67027801368386 9.074411745416 9.36200291919522 9.13357950560749 9.14039276284166 9.13393809809349 8.05493330769241 8.31025115773082 9.28347116475925 8.86033203126863 8.78861353406683 8.7835932392627 8.6602374240756 8.59927670145407 8.57776115229353 8.57776115229353 8.44579911744222 8.53688160888851 8.90264594461769 8.99731436092407 8.27439190912992 8.52612383430824 8.61075166100636 8.79829553118907 8.65736868418753 8.70434429985471 9.33761863014661 9.30713826883584 9.37168491631746 9.03532516444102 9.30857263877988 9.42188786435872 9.40288246260025 8.97006133198738 8.89475690992549 8.59855951648206 8.65019683446735 8.59114860510454 8.7063763239421 8.12019714014605 8.11087373550981 8.21199681656435 7.97269609756768 7.50580868078396 7.32962023932487 7.09342732187361 8.98081910656765 8.99946591584012 9.07333596795797 9.13357950560749 9.53018279513344 8.47520370129496 9.49934384133667 9.58684040792286
-9999 -9999 -9999 -9999 -9999 8.86750388098881 8.8474227017723 8.75849176524207 9.41089102812111 8.77498701959848 9.4089785348624 9.17338327155448 9.26231420808472 8.33535263175145 8.33822137163952 8.45727407699451 8.51464887475595 8.45942563191056 8.45440533710644 8.70470289234072 8.67242956859991 8.57345804246143 8.63155002519488 8.56341745285317 8.54620501352474 8.50173954525962 8.76853235485032 7.07525863591582 8.37694936012849 8.58959470433183 8.59748373902403 8.70111696748063 8.3016449380666 9.27378916763701 9.32112337579019 9.43049408402294 9.47316658985801 9.14505446515977 9.08983122231439 9.37598802614957 9.48177280952223 8.7276528114453 9.40144809265621 8.8513672191184 9.02528457483277 9.31144137866795 8.97508162679151 9.18951993342489 9.19501835154369 9.313234341098 9.38172550592571 8.63657031999901 9.03126111626625 8.85674610640854 8.91985838394612 9.08839685237035 9.18521682359278 9.25478376587853 9.17732778890058 9.28992582950741 9.31000700872391 8.66740927379578
-9999 -9999 -9999 -9999 -9999 8.96719259209931 9.54811241943389 9.273430575151 9.06472974829376 9.20780815021135 9.23111666180193 8.437192897778 8.99516280600801 9.60381378559396 8.49743643542752 8.53401286900043 8.5763267823495 8.55194249330088 8.51536605972797 8.68247015820816 8.64159061480314 8.6917935628444 8.68605608306825 8.66740927379578 8.69107637787238 8.65736868418753 8.63011565525085 8.94352548802271 8.67924282583408 8.84993284917437 8.94495985796675 9.10883662407286 9.27701650001109 9.27378916763701 9.2694860578049 8.8671452885028 8.48309273598716 9.47424236731604 8.94854578282684 9.40431683254428 9.13106935820542 9.40969571983442 9.1701559391804 9.07477033790201 9.41543319961056 9.17230749409646 8.80008849361911 9.01524398522452 9.52348906872794 9.44555496843532 9.37048960803077 8.66884364373982 8.86965543590486 8.93133334349841 9.04321419913322 8.57991270720959 8.04776145797223 8.85746329138055 9.33008818794042 9.43802452622913 9.3175374509301 9.14959663664922
-9999 -9999 -9999 -9999 -9999 9.51512191072106 9.53520308993757 9.78908657003194 9.16513564437628 9.07261878298596 8.66238897899166 8.49528488051146 8.4730521463789 8.46516311168671 8.51751761464402 8.55552841816097 8.54333627363667 8.74199651088566 8.82518996763974 8.72836999641731 8.8990600197576 8.86033203126863 8.85889766132459 8.84957425668836 8.76996672479436 8.7276528114453 9.56711782119237 9.52085939049721 8.98189488402568 9.10489210672677 8.89332253998145 8.88901943014935 9.45882289041765 9.35518966196105 9.57966855820268 9.51117739337496 9.69011504389346 9.53125857259147 9.44985807826743 9.45200963318348 9.16908016172238 9.47926266212016 9.68688771151938 9.51906642806716 8.94352548802271 8.81012908322737 8.28514968371019 8.34826196124777 8.27869501896203 8.38483839482069 8.69035919290036 8.68964200792834 8.91985838394612 8.96862696204334 9.034607979469 9.01667835516855 9.26984465029091 9.44770652335137 9.4369487487711 8.36977751040831 8.98010192159563 9.19023711839691
