EcologicalScience/Bass/data/rs_data_bass/sst_152.asc
NCOLS 226 
NROWS 124 
XLLCORNER -9.41648524995501 
YLLCORNER 47.587301625531 
CELLSIZE 0.0833 
NODATA_value -9999 
[rows 27 to 53 of 124, columns 62 to 123 of 226]
-9999 -9999 -9999 -9999 -9999 -9999 -9999 -9999 -9999 -9999 -9999 -9999 -9999 -9999 -9999 -9999 -9999 -9999 -9999 -9999 -9999 -9999 -9999 -9999 -9999 -9999 -9999 -9999 12.5299997199327 9.77777531770213 8.62128876328755 7.60131381289102 7.87778861960396 7.94197667459957 8.5246894643642 8.59497359162197 8.01333657931536 7.63000121177174 8.53473005397245 8.70972318714485 8.32746359705925 8.86750388098881 8.98440503142774 9.15437786979601 9.21318703750148 9.2296822918579 8.86678669601679 9.18521682359278 8.73267310624942 8.94854578282684 8.79650256875902 9.18306526867673 9.22394481208175 9.18378245364875 9.26338998554274 9.24546036124229 9.33008818794042 9.41758475452662 9.23255103174597 9.30355234397575 9.30642108386382 9.29136019945145
-9999 -9999 -9999 -9999 -9999 -9999 -9999 -9999 -9999 -9999 -9999 -9999 -9999 -9999 -9999 -9999 -9999 -9999 -9999 -9999 -9999 -9999 -9999 -9999 -9999 -9999 -9999 -9999 -9999 -9999 9.78499978128821 7.66759337075055 8.09653003606945 8.05708486260846 8.20231481944211 8.91985838394612 8.32065033982508 8.60931729106233 8.66525771887973 8.15498061128892 8.76494642999023 9.01739554014057 8.96145511232316 8.8115634531714 8.66956082871184 9.15939816460013 9.19740896811709 8.62294380553067 9.20099489297718 9.23183384677395 9.20529800280929 9.16657001432031 9.22896510688588 9.24402599129826 9.2497634710744 9.28275397978723 9.36666462151334 9.38674580072984 9.36379588162526 9.37240210128948 9.34801781224087 9.28992582950741
-9999 -9999 -9999 -9999 -9999 -9999 -9999 -9999 -9999 -9999 -9999 -9999 -9999 -9999 -9999 -9999 -9999 -9999 -9999 -9999 -9999 -9999 -9999 -9999 -9999 -9999 -9999 -9999 -9999 -9999 -9999 12.1449997285381 7.84372233343311 8.07644885685295 8.34897914621979 8.38627276476473 8.06712545221671 8.80510878842324 8.29124575597234 8.30738241784275 8.09760581352748 9.18091371376067 8.66095460904762 8.66167179401964 8.96719259209931 8.955000447575 9.02528457483277 9.25478376587853 8.69968259753659 8.67601549346 8.63800468994305 8.9786675516516 8.9428083030507 9.2655415404588 9.24402599129826 9.39176609553397 9.36020995676517 9.3853114307858 8.72550125652924 9.35088655212894 9.33152255788445 9.32004759833217
-9999 -9999 -9999 -9999 -9999 -9999 -9999 -9999 -9999 -9999 -9999 -9999 -9999 -9999 -9999 -9999 -9999 -9999 -9999 -9999 -9999 -9999 -9999 -9999 -9999 -9999 -9999 -9999 -9999 -9999 -9999 11.8724421644583 6.19742423016578 8.2736747241579 9.59472944261506 9.2418744363822 8.76566361496225 8.87969602551311 8.97723318170756 8.51321450481191 8.96504103718325 9.11995299113914 8.36834314046428 8.6401562448591 8.72334970161319 8.99301125109196 9.50508132111281 9.31000700872391 8.91985838394612 8.71115755708888 8.75634021032602 8.59784233151004 8.5447706435807 9.19095430336893 9.26267280057073 9.33654285268858 9.37670521112159 9.40180668514222 9.35375529201701 9.31789604341611 9.33510848274454 9.29279456939548
-9999 -9999 -9999 -9999 -9999 -9999 -9999 -9999 -9999 -9999 -9999 -9999 -9999 -9999 -9999 -9999 -9999 -9999 -9999 -9999 -9999 -9999 -9999 -9999 -9999 -9999 -9999 -9999 -9999 -9999 -9999 12.5749997189268 5.8717197978736 8.75394959375262 9.34012877754867 8.7757042045705 8.75108085386455 8.40886409138329 8.39559616940096 8.74594102823175 8.45117800473236 8.75418865540996 9.28347116475925 8.81801811791956 8.68247015820816 9.69656970864162 10.2961363452487 9.29638049425557 8.68533889809623 8.94495985796675 9.22753073694184 8.92416149377823 8.90408031456172 9.19023711839691 9.18665119353682 8.96360666723922 8.57776115229353 9.36738180648535 9.31646167347208 9.34443188738078 9.29422893933952 9.27629931503907
-9999 -9999 -9999 -9999 -9999 -9999 -9999 -9999 -9999 -9999 -9999 -9999 -9999 -9999 -9999 -9999 -9999 -9999 -9999 -9999 -9999 -9999 -9999 -9999 -9999 -9999 -9999 -9999 -9999 -9999 -9999 -9999 10.5524359597794 9.1500747599639 9.33008818794042 8.66597490385175 8.58612831030041 8.49887080537155 8.05756298592314 8.71904659178108 8.65019683446735 8.35830255085602 8.87754447059706 8.42428356828168 8.8036744184792 9.29279456939548 9.51010161591694 8.92344430880621 8.96647540712729 9.03604234941304 8.68247015820816 9.17302467906848 9.26482435548678 9.1859340085648 9.22896510688588 9.25406658090651 9.23183384677395 8.65306557435542 8.88615069026127 9.32865381799638 9.28347116475925 9.313592933584
-9999 -9999 -9999 -9999 -9999 -9999 -9999 -9999 -9999 -9999 -9999 -9999 -9999 -9999 -9999 -9999 -9999 -9999 -9999 -9999 -9999 -9999 -9999 -9999 -9999 -9999 -9999 -9999 -9999 -9999 -9999 -9999 8.58822960957708 8.1409403362598 8.79112368146889 8.76566361496225 8.75944801187143 9.13931698538363 8.60608995868824 8.94065674813464 8.06784263718873 8.27510909410194 8.43504134286195 8.89762564981356 8.94854578282684 9.07405315292999 9.711630593054 9.34443188738078 9.08409374253824 9.03030486963689 9.3014007890597 9.23900569649413 9.24761191615835 9.20242926292121 9.02098146500066 9.23900569649413 9.29996641911566 9.30642108386382 9.36307869665325 9.35303810704499 9.40037231519818 9.3888973556459
-9999 -9999 -9999 -9999 -9999 -9999 -9999 -9999 -9999 -9999 -9999 -9999 -9999 -9999 -9999 -9999 -9999 -9999 -9999 -9999 -9999 -9999 -9999 -9999 -9999 -9999 -9999 -9999 -9999 -9999 -9999 -9999 -9999 8.57089892652105 8.8139540697448 8.83666492719203 8.69298887113109 9.04966886388138 8.67242956859991 8.54979093838483 7.98464918043464 9.22609636699781 9.19525741320103 9.40467542503029 8.56628619274125 8.82016967283562 9.43981748865917 9.97698903270066 10.3391674435697 9.33869440760463 9.34371470240876 9.30785545380786 8.98942532623187 9.28131960984319 9.24904628610238 9.2935117543675 9.36092714173719 9.08696248242632 9.42260504933074 9.39893794525415 9.50221258122474 9.39033172558993
-9999 -9999 -9999 -9999 -9999 -9999 -9999 10.8630434815915 10.4194124732167 7.70375173306093 10.9539384015836 8.83533798949289 11.1072801732774 8.40853374713104 8.41999981179833 -9999 -9999 -9999 -9999 -9999 -9999 -9999 -9999 -9999 -9999 -9999 -9999 -9999 -9999 -9999 -9999 -9999 -9999 -9999 8.70585038829595 8.46468498837203 8.3386994949542 8.9865565863438 8.96468244469725 8.74127932591364 8.69753104262054 8.83451337227598 8.33822137163952 8.38483839482069 8.35973692080006 8.52325509442016 8.54979093838483 8.55911434302106 9.33510848274454 9.30283515900373 9.89020965108648 9.06114382343367 9.38244269089773 9.32363352319226 9.39750357531011 9.36953336140141 9.00878932047635 8.95715200249106 9.4290597140789 9.4247566042468 9.47782829217613 9.22035888722166
-9999 -9999 -9999 -9999 8.61928489499518 11.7252339051282 9.59995464741119 10.6129271928886 10.5342417559586 7.73052663868293 11.6273160280167 16.4284826889634 19.9649995537475 -9999 -9999 -9999 -9999 -9999 -9999 -9999 -9999 -9999 -9999 -9999 -9999 -9999 -9999 -9999 -9999 -9999 -9999 -9999 -9999 -9999 9.76255072606727 8.96480197552592 9.11600847379304 9.24008147395216 8.89583268738352 8.69251074781641 8.54979093838483 8.36475721560419 8.42643512319773 8.51464887475595 8.53544723894447 9.04895167890936 8.6243781754747 8.55983152799308 9.21246985252947 9.15724660968408 9.34801781224087 9.13788261543959 9.19597459817305 9.14864039001986 9.44985807826743 9.08839685237035 9.42188786435872 9.42188786435872 9.4448377834633 9.56245611887425 9.53735464485362 9.45846429793164
10.7842319462049 9.23661507992074 11.2801141268574 7.41907711150125 8.4328897879459 9.91172520024702 9.38794110901654 10.2122257035226 9.98093355004676 6.98412557267287 3.81499991472811 -9999 -9999 -9999 -9999 -9999 -9999 -9999 -9999 -9999 -9999 -9999 -9999 -9999 -9999 -9999 -9999 -9999 -9999 -9999 -9999 -9999 -9999 -9999 12.8399997130036 9.53556168242358 8.92093416140415 8.93240912095644 8.84598833182827 9.57464826339856 9.48356577195227 8.96253088978119 8.14027831936255 8.51034576492384 8.47592088626698 8.437192897778 8.4809411810711 8.50747702503577 8.8710898058489 8.91985838394612 9.12784202583134 8.68533889809623 8.59138766676188 8.84598833182827 8.82518996763974 9.10345773678273 8.71546066692099 9.73529769713059 9.68222600920126 9.472807997372 9.60763877211139 9.51799065060914
5.85030670370907 11.8115481911227 6.62486647348851 9.61875513917767 9.52229376044124 7.79782249522395 9.37383647123352 9.59951067576185 9.56747641367838 12.8949997117743 -9999 -9999 -9999 -9999 -9999 -9999 -9999 -9999 -9999 -9999 -9999 -9999 -9999 -9999 -9999 -9999 -9999 -9999 -9999 -9999 -9999 -9999 -9999 -9999 -9999 9.80692654621089 9.02871112525463 9.12043111445382 9.0901898148004 9.71019622310996 8.62079225061461 8.70649585477076 8.27080598426983 7.96779533359222 7.85196996061131 8.46014281688258 8.38555557979271 8.40061646420509 8.61146884597838 8.49098177067935 8.47448651632294 8.55624560313299 8.43002104805782 8.61864069569856 9.39248328050599 9.37240210128948 8.9908596961759 9.32004759833217 8.33373896556441 9.51727346563712 9.43479719385505 8.4009750566911
9.68079163925722 9.74497969425283 9.8432340354193 7.75012969458476 9.2777336849831 10.1197088421322 9.87730032159016 10.0444044200704 8.80689947136705 -9999 -9999 -9999 -9999 -9999 -9999 -9999 -9999 -9999 -9999 -9999 -9999 -9999 -9999 -9999 -9999 -9999 -9999 -9999 -9999 -9999 -9999 -9999 -9999 -9999 -9999 -9999 8.33585466123186 9.4686483245343 9.12270220019855 9.27414776012301 9.43479719385505 8.74343088082969 9.03532516444102 8.5842158170417 7.8473082582932 8.56270026788116 8.47233496140689 8.30594804789871 8.51106294989586 8.56485182279721 8.49528488051146 8.6200750656426 8.53401286900043 8.63872187491506 8.30809960281476 8.39631335437298 8.44149600761011 9.08767966739833 9.16011534957215 8.90479749953374 9.3888973556459 8.7398449559696
9.57106233853847 9.36833805311471 9.85757773485966 8.73530278448015 8.62390005216002 9.30235703568906 9.27916805492714 9.53305153502151 12.7897884929553 -9999 -9999 -9999 -9999 -9999 -9999 -9999 -9999 -9999 -9999 -9999 -9999 -9999 -9999 -9999 -9999 -9999 -9999 -9999 -9999 -9999 -9999 -9999 -9999 -9999 -9999 -9999 -9999 -9999 -9999 13.8599996902049 13.1376284246217 8.76331646414474 7.99540695501491 8.14852594654076 7.78849909058772 7.75084687955678 8.42858667811379 7.61099581001326 7.47831659018993 7.31981871137396 7.79459516284987 8.07716604182497 7.85483870049939 7.68988615693524 7.96385081624612 7.9509414867498 8.66238897899166 8.26076539466158 7.91651660809293 7.96169926133007 8.85244299657643 8.89762564981356
9.71688994951546 9.36116620339453 9.49073762167245 9.45200963318348 8.86033203126863 9.831400483381 9.58612322295085 9.19884333806112 11.5388708619271 12.8599997125566 -9999 -9999 -9999 -9999 -9999 -9999 -9999 -9999 -9999 -9999 -9999 -9999 -9999 -9999 -9999 -9999 -9999 -9999 -9999 -9999 -9999 -9999 -9999 -9999 -9999 -9999 -9999 -9999 -9999 -9999 -9999 -9999 -9999 7.33616494028164 8.13991972687654 8.50496687763371 8.47161777643487 8.30881678778678 7.76160465413705 7.80104982759804 7.8433637409471 7.70207830145955 8.06999419210479 7.83260596636683 7.640400393866 7.90360727859661 8.19478437723592 8.32387767219916 7.80607012240216 8.34395885141566 7.91579942312092 8.03772086836398
9.71545557957143 9.58110292814672 9.18019652878866 9.67003386467695 9.27199620520696 9.75609606131911 9.63369649276137 9.39128797221929 10.5807283818722 12.8102536045007 -9999 -9999 -9999 -9999 -9999 16.1899624452926 -9999 -9999 -9999 -9999 -9999 -9999 -9999 -9999 -9999 -9999 -9999 -9999 -9999 -9999 -9999 -9999 -9999 -9999 -9999 -9999 -9999 -9999 -9999 -9999 -9999 -9999 -9999 -9999 9.47013835658284 9.18041168428026 8.50568406260572 7.06987974862568 6.3853266928345 7.77236242871732 7.57298500649631 7.58087404118851 7.04226812720299 6.80559708643705 7.56509597180411 6.65785698220134 6.19527267524973 7.08529922552407 7.78885768307373 7.69634082168341 7.88209172943607 7.86416210513562
10.8157368574757 9.87132378015667 8.38842431968078 9.35518966196105 9.51512191072106 9.30833357712254 9.70517592830583 9.28968676785007 9.13680683798157 9.21634265137836 14.4199996776879 -9999 21.6399995163083 -9999 -9999 10.6899997610599 -9999 -9999 -9999 -9999 -9999 -9999 -9999 -9999 -9999 -9999 -9999 -9999 -9999 -9999 -9999 -9999 -9999 -9999 -9999 -9999 -9999 -9999 -9999 -9999 -9999 -9999 -9999 -9999 -9999 11.8871001819364 9.18234808370471 7.08601641049609 8.54118471872061 8.54943234589882 7.71570481592789 7.58159122616053 6.80846582632512 7.51489302376285 7.07238989602774 7.51417583879083 7.6841486771591 7.70853296620771 7.61673328978941 7.60669270018116 7.75945309922099 7.87491987971589
11.8194372258149 9.88931316987146 10.5643635247834 9.50245164288208 9.19023711839691 9.20529800280929 9.32506789313629 11.0819320129231 11.3122081543552 7.54974821340293 7.79531234782189 10.5822931490839 9.45398057927378 -9999 -9999 -9999 21.4613890102319 13.1342818985693 -9999 -9999 -9999 -9999 -9999 -9999 -9999 -9999 -9999 -9999 -9999 -9999 -9999 -9999 -9999 -9999 -9999 -9999 -9999 -9999 -9999 -9999 -9999 -9999 -9999 -9999 -9999 8.8399998024106 13.1299997065216 10.1734131342819 8.10011596092954 8.20123904198408 8.29339731088839 7.64470350369811 7.56366160186008 7.64398631872609 7.53712575789541 7.56581315677613 7.48548843991011 7.36356699466705 7.41663868259639 7.47473066532984 7.6482894285582 7.76590776396915
9.26482435548678 9.05468915868551 10.2817926458083 11.3649810152128 11.5538397245109 9.35829746350646 11.5351929152384 10.348490848206 11.5959145762026 9.5815810514614 9.5177515889518 10.9206740586087 19.539999563247 11.6631705891341 9.53257341170684 11.7348093991168 10.667638160754 18.6945927458783 -9999 -9999 -9999 -9999 -9999 -9999 -9999 -9999 -9999 -9999 -9999 -9999 -9999 -9999 -9999 -9999 -9999 -9999 -9999 -9999 -9999 -9999 -9999 -9999 -9999 -9999 -9999 -9999 -9999 -9999 6.43266090098768 8.03521072096191 7.9948690662859 8.27044739178382 7.69132052687928 7.59736929554492 7.46612444566563 7.38221380393952 7.53210546309128 7.54142886772752 7.52421642839909 7.44819482136518 7.59593492560089 7.62892543431371
10.1200674346182 7.55505538219586 9.60620440216735 10.9028748315759 9.20027770800516 9.52731405524537 9.42858159076422 9.49432354653254 10.3800469869748 10.1055444389349 10.3936735014431 11.9786522896029 9.53571536491758 9.61576686846092 11.4099246067926 9.51344847911969 8.44256715615694 -9999 -9999 -9999 -9999 -9999 -9999 -9999 -9999 -9999 -9999 -9999 -9999 -9999 -9999 -9999 -9999 -9999 -9999 -9999 -9999 -9999 -9999 -9999 -9999 -9999 -9999 -9999 -9999 -9999 -9999 -9999 7.86434140137862 5.93995482521132 8.40240942663513 8.16788994078524 5.91270179627463 7.42811364214867 7.50628680409864 7.47903377516195 7.40659809298813 7.55433819722384 7.60884425509721 7.57585374638438 7.59593492560089 7.59880366548896
9.50041961879469 9.71198918554001 9.29817345668562 9.42117067938671 9.31036560120992 9.02994627715088 9.76326791103929 9.40443636337295 9.61875513917767 10.4890591027215 10.2550177401863 9.29829298751429 9.61983091663569 10.8322321118321 10.348081028222 14.3175519718037 9.36095255423057 -9999 -9999 -9999 -9999 -9999 -9999 -9999 -9999 -9999 -9999 -9999 -9999 -9999 -9999 -9999 -9999 -9999 -9999 -9999 -9999 -9999 -9999 -9999 -9999 -9999 -9999 -9999 -9999 -9999 -9999 -9999 6.10777610866353 6.16730246134102 6.24977873312309 5.82663959963247 5.94856104487553 7.87491987971589 6.79412212688476 7.11900691920891 7.12044128915295 7.10968351457268 7.57298500649631 7.15343179786578 7.69777519162744 7.72215948067605
6.34014403959736 7.43026519706473 9.1299935807474 7.36500136461109 8.14673298411071 9.11098817898892 9.61409343685955 9.25048065604642 9.48248999449424 10.4553514090367 9.92893763957545 9.98595384485088 10.1745734924916 11.2349314736202 11.3647419535555 6.69999985024333 -9999 -9999 -9999 -9999 -9999 -9999 -9999 -9999 -9999 -9999 -9999 -9999 -9999 -9999 -9999 -9999 -9999 -9999 -9999 -9999 -9999 -9999 -9999 -9999 -9999 -9999 -9999 -9999 -9999 -9999 -9999 -9999 14.7498722324148 8.22936293838679 7.60238959034905 5.67316201562062 5.56988737965003 5.67603075550869 7.45931118843146 6.58040100522339 7.06808678619564 6.95405437564477 6.71236304007471 7.02362131793052 7.75658435933292 6.5129856178537
9.07871485524811 9.22143466467969 9.12748343334533 9.15437786979601 8.83738211216405 9.5642490813043 9.62628558138385 9.72131259017624 9.34443188738078 9.56389048881829 10.0189443535637 10.0989104779437 10.2097155561205 10.905026386492 11.1863283997473 -9999 -9999 -9999 -9999 -9999 -9999 -9999 -9999 -9999 -9999 -9999 -9999 -9999 -9999 -9999 -9999 -9999 -9999 -9999 -9999 -9999 -9999 -9999 -9999 -9999 -9999 -9999 -9999 -9999 -9999 -9999 -9999 -9999 -9999 7.54178746021353 7.90268518363259 8.02142120990902 7.99604445276782 6.30500197596848 8.4809411810711 5.86465040314943 7.6640674979426 7.3456373703666 7.21726126037538 7.76232183910906 7.71785637084395 7.64326913375407
9.39535202039406 9.46778770256788 9.24295021384023 9.55504520749673 9.02480645151809 9.31909135170281 9.36905523808673 9.25119784101844 9.23792991903611 9.59329507267103 9.80952634173445 9.6690776180476 10.4453108194284 10.0805027303286 11.3998840171844 10.3947289261734 -9999 -9999 -9999 -9999 -9999 -9999 -9999 -9999 -9999 -9999 -9999 -9999 -9999 -9999 -9999 -9999 -9999 -9999 -9999 -9999 -9999 -9999 -9999 -9999 -9999 -9999 -9999 -9999 -9999 -9999 6.60728734076023 7.42860542612949 12.6549997171387 -9999 11.5949583295733 9.74739421699196 7.99006791133434 8.08878443837166 7.81634977366775 8.41782890353352 8.57776115229353 7.67195653263479 7.8196966368705 7.84121218603104 7.81897945189849 7.78240301832557
9.56532485876232 9.32004759833217 9.32363352319226 9.26195561559871 9.25478376587853 9.21928310976364 9.22537918202579 9.65153049239889 9.19669178314507 9.01685765141156 9.21157337131444 10.070581671549 10.5997446500696 9.97663044021465 8.94001925038174 -9999 -9999 -9999 -9999 -9999 -9999 -9999 -9999 -9999 -9999 -9999 -9999 -9999 -9999 -9999 -9999 -9999 -9999 -9999 -9999 -9999 -9999 -9999 -9999 -9999 -9999 -9999 -9999 -9999 -9999 -9999 -9999 10.7599997594953 6.75324258347973 11.2782358837259 10.8590162121333 11.3039533553272 11.1837167818594 8.44245225423947 8.12765586385503 8.74056214094162 8.37623217515647 8.30738241784275 8.29519027331844 8.09868159098551 8.10513625573367 7.91795097803697
8.96312854392454 9.47782829217613 9.54739523446187 9.29494612431154 9.43910030368716 9.56245611887425 9.18210902204737 9.60745947586838 9.32865381799638 9.30068360408768 9.55671863909811 9.78550064517185 10.6651280133519 11.0549180456437 13.4599996991456 -9999 -9999 -9999 -9999 -9999 -9999 -9999 -9999 -9999 -9999 -9999 -9999 -9999 -9999 -9999 -9999 -9999 -9999 -9999 -9999 -9999 -9999 -9999 -9999 -9999 -9999 -9999 -9999 -9999 -9999 -9999 -9999 -9999 -9999 -9999 12.7689470931267 10.7693588959519 11.3072237187997 8.37245065439492 9.20888392766938 9.48248999449424 9.13537246803753 8.15749075869098 8.14199956329539 8.20697652176023 8.18474378762767 8.14745016908273
9.35088655212894 9.273430575151 9.13501387555152 9.18091371376067 9.4010895001702 9.41615038458258 8.95978168072179 8.90981779433787 9.04572434653528 9.25836969073862 9.44985807826743 10.3954664638732 9.84741761442274 10.5643635247834 14.4860843537646 -9999 -9999 -9999 -9999 -9999 -9999 -9999 -9999 -9999 -9999 -9999 -9999 -9999 -9999 -9999 -9999 -9999 -9999 -9999 -9999 -9999 -9999 -9999 -9999 -9999 -9999 -9999 -9999 -9999 -9999 -9999 -9999 -9999 -9999 -9999 -9999 -9999 8.44914448933993 9.58416726393625 9.40359964757226 9.69836267107166 9.47029784996994 9.3888973556459 9.26590013294481 8.80833612079732 8.71402629697695 8.39918209426105
