EcologicalScience/Bass/data/rs_data_bass/sst_482.asc
NCOLS 226 
NROWS 124 
XLLCORNER -9.41648524995501 
YLLCORNER 47.587301625531 
CELLSIZE 0.0833 
NODATA_value -9999 
[rows 0 to 26 of 124, columns 0 to 61 of 226]
-9999.000000000000000 -9999 -9999 -9999 -9999 -9999 -9999 -9999 -9999 -9999 -9999 -9999 -9999 -9999 -9999 -9999 -9999 -9999 -9999 -9999 -9999 -9999 -9999 -9999 -9999 -9999 -9999 -9999 -9999 -9999 -9999 -9999 -9999 -9999 -9999 -9999 -9999 -9999 -9999 -9999 -9999 -9999 -9999 -9999 -9999 -9999 -9999 -9999 -9999 -9999 -9999 -9999 -9999 -9999 -9999 -9999 -9999 -9999 -9999 -9999 -9999 -9999
-9999 -9999 -9999 -9999 -9999 -9999 -9999 -9999 -9999 -9999 -9999 -9999 -9999 -9999 -9999 -9999 -9999 -9999 -9999 -9999 -9999 -9999 -9999 -9999 -9999 -9999 -9999 -9999 -9999 -9999 -9999 -9999 -9999 -9999 -9999 -9999 -9999 -9999 -9999 -9999 -9999 -9999 -9999 -9999 -9999 -9999 -9999 -9999 -9999 -9999 -9999 -9999 -9999 -9999 -9999 -9999 -9999 -9999 -9999 -9999 -9999 -9999
-9999 -9999 -9999 -9999 -9999 -9999 -9999 -9999 -9999 -9999 -9999 -9999 -9999 -9999 -9999 -9999 -9999 -9999 -9999 -9999 -9999 -9999 -9999 -9999 -9999 -9999 -9999 -9999 -9999 -9999 -9999 -9999 -9999 -9999 -9999 -9999 -9999 -9999 -9999 -9999 -9999 -9999 -9999 -9999 -9999 -9999 -9999 -9999 -9999 -9999 -9999 -9999 -9999 -9999 -9999 -9999 -9999 -9999 -9999 -9999 -9999 -9999
-9999 -9999 -9999 -9999 -9999 -9999 -9999 -9999 -9999 -9999 -9999 -9999 -9999 -9999 -9999 -9999 -9999 -9999 -9999 -9999 -9999 -9999 -9999 -9999 -9999 -9999 -9999 -9999 -9999 -9999 -9999 -9999 -9999 -9999 -9999 -9999 -9999 -9999 -9999 -9999 -9999 -9999 -9999 -9999 -9999 -9999 -9999 -9999 -9999 -9999 -9999 -9999 -9999 -9999 -9999 -9999 -9999 -9999 -9999 -9999 -9999 -9999
-9999 -9999 -9999 -9999 -9999 -9999 -9999 -9999 -9999 -9999 -9999 -9999 -9999 -9999 -9999 -9999 -9999 -9999 -9999 -9999 -9999 -9999 -9999 -9999 -9999 -9999 -9999 -9999 -9999 -9999 -9999 -9999 -9999 -9999 -9999 -9999 -9999 -9999 -9999 -9999 -9999 -9999 -9999 -9999 -9999 -9999 -9999 -9999 -9999 -9999 -9999 -9999 -9999 -9999 -9999 -9999 -9999 -9999 -9999 -9999 -9999 -9999
-9999 -9999 -9999 -9999 -9999 12.1522110528313 12.2016968159005 12.2526169489138 12.2963652322069 12.1873531164601 12.140018908307 12.1070283995941 12.4892879896797 12.4821161399595 12.3752555791289 12.3171635963954 12.2590716136619 12.4340647468343 12.2511825789697 12.0403301971965 11.8517105495557 12.1722922320478 12.6248359493911 13.6830423756037 10.7352165447082 10.7616850167513 10.9605843156576 12.2024140008725 12.1098971394822 11.982238214463 11.8000732315704 13.076095405273 13.2799997031689 -9999 12.3249997245148 -9999 -9999 12.2299997266382 12.5849997187033 7.25096895406023 6.58326974511147 12.0873058128636 12.9549997104332 -9999 -9999 -9999 -9999 -9999 -9999 -9999 -9999 -9999 -9999 -9999 -9999 -9999 -9999 -9999 -9999 -9999 -9999 -9999
-9999 -9999 -9999 -9999 -9999 12.1385845383629 12.2432935442775 12.1644031973556 12.2110202205367 12.3329416657798 12.4268928971142 12.3903164635412 12.4584490358829 12.6657154927962 12.6499374234118 12.5258644232526 12.5624408568256 12.4390850416385 12.2841730876826 12.1486251279712 12.0833612955175 12.4964598393999 12.5359050128609 12.6843623020686 13.904999689199 11.034902065061 11.5655537457205 11.9184087519534 11.4450666704215 11.9298837115057 11.9614398502745 11.2693563522771 12.7083367711332 12.7924307533785 13.0614128644627 13.4999996982515 12.0099997315556 -9999 -9999 10.9024445205927 6.41186253679916 8.79506819881499 11.2026581498794 12.1077007605054 12.9331200189806 -9999 -9999 -9999 -9999 -9999 -9999 -9999 -9999 -9999 -9999 -9999 -9999 -9999 -9999 -9999 -9999 -9999
-9999 -9999 -9999 -9999 -9999 11.665242456831 12.0546738966368 11.9643085901625 12.2497482090257 12.3465681802481 12.301385527011 12.4491256312467 12.4498428162187 12.4943082844839 12.6391796488315 12.5631580417976 12.4039429780096 12.4103976427577 12.3401135155 12.3229010761715 12.1959593361244 12.2131717754528 12.4441053364426 12.0647144862451 13.344999701716 11.424985491205 12.0883815903217 11.7470015436411 11.5131992427632 11.8273262605071 11.5469069364481 11.4508041501977 11.6752830464393 11.6932126707397 11.6946470406838 13.614999695681 -9999 12.3099997248501 12.0549997305498 -9999 11.8399997353554 8.93993956316262 8.98512221639976 6.07980589475483 6.09486677916721 6.09499986376613 -9999 -9999 -9999 -9999 -9999 -9999 -9999 -9999 -9999 -9999 -9999 -9999 -9999 -9999 -9999 -9999
-9999 -9999 -9999 -9999 -9999 10.828287594486 10.66620379081 12.1557969776914 12.0998565498739 12.4412365965545 11.7799920523539 12.0948362550698 12.4828333249316 12.5115207238123 11.5010070982389 11.9456617808901 12.1880703014322 11.9248634167016 11.505310208071 11.8581652143039 11.7756889425218 11.505310208071 11.9262977866456 11.7676405333914 10.2062874119543 10.3695760863833 12.0510879717767 11.8552964744158 12.0998565498739 11.9894100641832 11.4565416299738 11.3023468609899 11.2062440747395 11.3023468609899 10.9007232766598 13.5205999794416 13.4027058036568 14.8049996690825 -9999 -9999 10.5728263074532 10.4449054540094 -9999 12.8499997127801 12.4916138138413 -9999 9.33499979134649 -9999 -9999 -9999 -9999 -9999 -9999 -9999 -9999 -9999 -9999 -9999 -9999 -9999 -9999 -9999
-9999 -9999 -9999 -9999 -9999 12.3157292264514 11.9800866595469 11.9470961508341 12.3982054982334 12.2375560645014 11.861751139164 11.6573534221388 12.4268928971142 12.3781243190169 12.2461622841656 11.9650257751346 12.4742271052673 11.9922788040712 12.0991393649019 11.5641193757765 11.4622791097499 11.6996673354879 11.9248634167016 13.1024811407551 10.8593656099401 10.8053376753815 13.6303292801604 11.3905606125481 11.5648365607485 11.2478408031166 11.5605334509164 11.6745658614673 11.3582872888073 11.3317514448427 11.3805200229399 11.1402630573139 12.5502487123013 11.9709425511537 13.020004868973 12.462034960743 12.0001678387634 13.3149997023866 12.860072620213 12.1782346218159 5.13891897688154 11.9799997322261 12.0949997296557 -9999 -9999 -9999 -9999 -9999 -9999 -9999 -9999 -9999 -9999 -9999 -9999 -9999 -9999 -9999
-9999 -9999 -9999 -9999 -9999 12.261223168578 12.0051881335676 12.1443220181391 12.1177861741744 12.3974883132614 12.0769066307694 12.5351878278889 12.4125491976738 12.4634693306871 12.5846735909581 12.061128561385 12.42187260231 12.0819269255735 10.2093569636345 10.4775841431692 9.88016906147823 10.707800519187 10.2323068827391 11.5748771503568 10.5014903089032 12.1902218563482 11.8567308443598 11.5196539075114 11.624362913426 11.6279488382861 11.4809259190224 11.3869746876881 11.146717722062 10.6396679468453 11.584917739965 11.1624957914464 12.5312433105428 12.5850321834441 10.5127262067981 11.2234565140679 12.262298946036 11.622928543482 13.577436888474 12.8697422520771 13.0399997085333 12.039999730885 -9999 -9999 -9999 -9999 -9999 -9999 -9999 -9999 -9999 -9999 -9999 -9999 -9999 -9999 -9999 -9999
-9999 -9999 -9999 -9999 -9999 11.9191259369254 12.1213720990345 12.1859187465161 12.2045655557886 12.301385527011 12.3623462496325 12.3042542668991 12.538773752749 12.3279213709757 12.0675832261331 11.8825495033525 11.9750663647428 11.984389769379 11.7233344395645 11.505310208071 11.2313455487601 11.3252967800945 11.6446682129463 12.1189515997539 11.9757835497148 11.5920895896852 12.2389904344454 11.0585039705038 11.54403819656 11.0140385022387 10.7737815366127 10.984633918386 11.2557298378088 11.0097353924066 10.469695108477 11.1797082307748 13.3648274035193 12.9601199238095 12.0546738966368 10.1584368306212 10.8749046176672 10.6984771145508 17.7372173039243 15.1099996622652 -9999 -9999 12.2549997260794 -9999 -9999 -9999 -9999 -9999 -9999 -9999 -9999 -9999 -9999 -9999 -9999 -9999 -9999 -9999
-9999 -9999 -9999 -9999 -9999 12.1909390413202 12.1565141626634 12.0991393649019 12.0690175960772 12.0934018851258 12.1973937060684 12.3537400299683 12.4017914230935 12.1586657175794 12.1780297118239 12.0812097406015 11.9349040063098 12.1385845383629 11.781426422298 11.1718191960827 11.2198705892079 10.1620227554813 11.9750663647428 11.4041871270165 11.5942411446013 11.4493697802536 11.7104251100682 11.5289773121476 11.2320627337322 11.4701681444421 11.2808313118294 11.3116702656262 11.3009124910459 12.0353099023923 8.31240271264687 9.2060151877813 11.9047822374851 10.4847559928894 10.9512449735776 12.5880204541609 10.6877193399705 8.64517653966323 13.0933370323619 13.1336786870379 6.56999985314906 12.1299997288734 -9999 -9999 -9999 -9999 -9999 -9999 -9999 -9999 -9999 -9999 -9999 -9999 -9999 -9999 -9999 -9999
-9999 -9999 -9999 -9999 -9999 11.9291665265337 11.7312234742567 12.061845746357 12.2038483708166 12.2325357696973 12.3702352843247 12.4075289028697 12.4885708047077 12.4340647468343 12.1995452609845 12.0051881335676 12.1349986135028 11.744132803753 11.8000732315704 11.6085848440416 11.8151341159828 10.7644581319764 10.9695730339736 11.2299111788161 11.7297891043127 11.9535508155823 12.0675832261331 11.3102358956821 11.3260139650665 11.4386120056733 11.7391125089489 11.6975157805718 11.0699789300561 10.9365825252607 11.742698433809 11.5920895896852 9.92320015979931 10.3829157268628 11.1976378550753 11.7247688095085 10.6647694208659 10.3300831005909 7.15331504682382 7.56260362686589 11.8749997345731 -9999 -9999 -9999 -9999 -9999 -9999 -9999 -9999 -9999 -9999 -9999 -9999 -9999 -9999 -9999 -9999 -9999
-9999 -9999 -9999 -9999 -9999 11.2370830285363 11.9664601450786 12.0431989370845 12.1299783186987 12.022400572896 11.9212774918415 12.4699239954352 12.2562028737739 12.2734153131023 12.5108035388403 12.1285439487547 12.7778354100883 9.52014220552519 9.19740896811709 11.064958635252 12.565548658371 12.4374116100371 10.2753379810601 11.7900326419622 11.7412640638649 11.5634021908045 12.0991393649019 11.6867580059916 11.6351206880063 11.5368663468398 11.6702627516352 11.2005065949634 9.54596086451784 11.4522385201417 12.2311013997532 12.1450392031111 10.4051484609954 11.5332804219797 11.0373982413273 11.064446360272 13.2799997031689 -9999 6.76763631908093 7.89988792397428 7.61623292818102 7.51499983202666 -9999 -9999 -9999 -9999 -9999 -9999 -9999 -9999 -9999 -9999 -9999 -9999 -9999 -9999 -9999 -9999
-9999 -9999 -9999 -9999 -9999 11.544755381532 11.4300057860091 11.6530503123067 11.8122653760947 12.3451338103041 11.8839838732965 15.1028893239563 12.0345927174203 12.4943082844839 12.1514938678592 11.4780571791343 11.9399243011139 11.9851069543511 9.85219884756953 11.6150395087898 12.1651203823276 11.8101138211787 11.4450666704215 11.5999786243774 11.5978270694613 11.5339976069517 11.664525271859 11.1402630573139 11.6774346013553 11.4120761617087 11.0585039705038 11.3597216587514 12.1859187465161 9.79697560472414 10.7268247942342 10.9564246428199 11.1032085004263 10.6012985508423 11.1648864080198 11.7751576943944 11.7963002149785 12.6899997163564 -9999 -9999 -9999 -9999 -9999 13.2249997043982 13.2249997043982 -9999 -9999 -9999 -9999 -9999 -9999 -9999 -9999 -9999 -9999 -9999 -9999 -9999
-9999 -9999 -9999 -9999 -9999 11.7383953239769 11.0362712363712 11.5598162659444 12.2346873246133 12.3250526310876 12.0159459081478 12.740302729886 12.6097750649787 12.4455397063866 11.8847010582685 11.6171910637058 11.3798028379679 9.84502699784935 11.5727255954407 11.6415753527544 12.1701406771317 12.1543626077473 11.9635914051905 11.8122653760947 11.6803033412434 11.3740653581917 11.1359599474818 11.227042438928 11.187597265467 11.6528112506494 12.1149174342863 11.8050935263745 11.4099246067926 11.5196539075114 9.36236151168123 10.7508316175081 11.0097353924066 11.0338635439652 11.8204105482769 -9999 -9999 -9999 -9999 -9999 -9999 -9999 -9999 -9999 -9999 -9999 -9999 -9999 -9999 -9999 -9999 -9999 -9999 -9999 -9999 -9999 -9999 -9999
-9999 -9999 -9999 -9999 -9999 11.5526444162242 12.1242408389226 12.020966202952 12.5624408568256 12.6126438048668 12.4727927353233 12.5151066486724 12.5136722787283 11.3798028379679 11.8897213530727 11.8136997460388 9.61481062183157 12.0417645671405 11.9076509773731 11.8309121853672 11.6064332891256 12.1981108910404 12.222495180089 11.4737540693022 11.6788689712994 11.0936460341327 11.3310342598706 11.1560411266983 11.2815484968014 13.2272713258862 11.6810205262154 11.7276375493966 11.7412640638649 11.424985491205 11.4809259190224 10.3226721892133 11.8287606304511 11.4551072600298 12.4845750598636 10.6700831095222 11.6199997402728 -9999 -9999 -9999 -9999 -9999 -9999 -9999 -9999 -9999 -9999 -9999 -9999 -9999 -9999 -9999 -9999 -9999 -9999 -9999 -9999 -9999
-9999 -9999 -9999 -9999 -9999 11.7462843586691 11.6659596418031 11.8653370640241 12.1744437869638 11.7649311679415 11.6344035030343 11.5784630752169 11.8409527749754 12.8658100999892 11.8187200408429 13.6456292262301 11.7749717575498 10.4367045997642 10.8533890685067 11.5820490000769 10.1311838016845 8.6602374240756 9.29494612431154 12.1048768446781 11.7946943442803 9.64636676060036 10.6482741665095 11.1316568376496 11.4300057860091 11.4127933466807 10.8376109991223 10.9380168952048 11.6358378729783 11.1001006988809 11.1409802422859 11.3073671557941 11.2844172366895 11.5476241214201 11.942793041002 -9999 -9999 -9999 10.1846140820999 10.7304452531971 10.6748100104742 13.21999970451 -9999 -9999 -9999 -9999 -9999 -9999 -9999 -9999 -9999 -9999 -9999 -9999 -9999 -9999 -9999 -9999
-9999 -9999 -9999 -9999 -9999 11.7348093991168 12.1895046713762 12.2576372437179 12.4132663826458 12.3142948565073 12.6327249840833 12.7517776894383 12.7101809610613 10.9200872709043 11.7412640638649 12.3114261166193 12.0535981191788 10.2401959174313 9.41973630944267 11.8825495033525 11.9499648907222 8.16466260841116 8.18761252751574 11.8997619426809 10.3198034493253 11.8990447577089 11.9557023704983 11.9363383762538 11.2198705892079 11.2822656817734 12.6829279321246 12.7091051836032 12.2189092552289 11.3651005460415 11.0739234474022 10.5093793435954 11.9449445959181 11.123134992688 11.1173131382093 11.0599383404478 11.1201818780974 12.2726981281303 11.6903439308517 11.9162571970373 10.7852564961649 13.1745464087126 -9999 -9999 -9999 -9999 -9999 -9999 -9999 -9999 -9999 -9999 -9999 -9999 -9999 -9999 -9999 -9999
-9999 -9999 -9999 -9999 -9999 11.6014129943214 11.7470015436411 12.4788888075855 12.5574205620214 12.5645924117416 12.4727927353233 12.5839564059861 12.0575426365249 10.984633918386 12.3702352843247 12.2404248043895 11.7599108731374 13.9152907757089 12.4659794780891 11.3962980923243 11.7548905783333 11.6548432747368 10.1749320849776 12.0302896075882 7.65976438811049 7.9150822381489 12.1565141626634 12.101290919818 11.781426422298 11.2951750112697 11.0197759820148 10.906460756436 12.062562931329 11.6110949914437 12.4423123740125 10.4596545188688 11.6067918816116 11.4687337744981 11.543321011588 11.2170018493198 10.7852564961649 10.9351481553167 10.5550401201472 10.7450941377319 11.0485146083936 10.5696596599614 -9999 -9999 -9999 -9999 -9999 -9999 -9999 -9999 -9999 -9999 -9999 -9999 -9999 -9999 -9999 -9999
-9999 -9999 -9999 -9999 -9999 11.9600054803304 11.9162571970373 12.3150120414793 12.661412382964 12.502197319176 12.4971770243719 12.0726035209373 12.5947141805664 12.9314325249288 14.2475864794105 10.8587679557968 11.2295525863301 11.7900326419622 11.7068391852081 9.82135989377275 11.784295162186 10.2201147382148 10.0250404258259 12.0561082665808 12.2963652322069 12.1450392031111 12.2805871628225 12.3372447756119 12.1557969776914 11.2923062713817 11.2851344216615 10.8125095251016 10.9172185310163 11.4411221530754 11.4160206790548 12.1912976338062 10.3850672817789 11.7613452430815 10.8698843228631 11.2743766470812 10.4926450275816 10.5191808715463 10.4539170390926 10.3398846285418 13.3233741121367 9.9346751193516 13.856242546346 -9999 -9999 -9999 -9999 -9999 -9999 -9999 10.9150669761002 -9999 -9999 -9999 -9999 -9999 -9999 -9999
-9999 -9999 -9999 -9999 -9999 11.5182195375673 12.0747550758533 12.8934217214119 12.220343625173 12.7428128772881 11.982238214463 11.3762169131078 12.8751335046254 12.6420483887196 12.2264396974351 12.2974410096649 11.4006012021564 13.1645176408347 11.5626850058325 11.4802087340504 9.28777427459136 9.40252387011424 11.343943589367 12.2748496830463 12.6377452788875 11.3353373697028 11.265770427417 11.1990722250193 10.7701956117526 10.6547288312577 10.7049317792989 10.8928342419676 11.6351206880063 11.5368663468398 11.4924008785747 11.2736594621092 11.1797082307748 11.3040202925913 10.3260190524161 11.4952696184628 10.6522186838556 11.5698568555526 14.1251869108528 10.5701010045595 13.2383080057334 10.1046479577199 11.2048097047955 -9999 11.4159489605576 -9999 -9999 -9999 -9999 -9999 -9999 -9999 -9999 -9999 -9999 -9999 -9999 -9999
-9999 -9999 -9999 -9999 -9999 11.9470961508341 11.984389769379 12.2339701396413 12.0180974630639 12.5760673712939 13.0250251637772 12.9490035567433 12.8665272849612 12.6320077991113 12.5559861920774 12.3150120414793 11.8280434454791 12.4437467439566 12.6377452788875 12.2590716136619 12.422589787282 10.8899655020796 12.4426709664986 12.4462568913586 12.5624408568256 12.4419537815265 11.0850398144685 10.8641468430869 10.6303445422091 10.5299386461265 10.7199926637113 10.7637409470044 10.6253242474049 11.2202291816939 11.186162895523 11.0699789300561 11.1904660053551 11.2801141268574 11.1402630573139 10.4352702298202 11.6841283277608 9.54208806566894 11.8584640413756 10.6733756405301 13.6043313249247 12.76499971468 8.95499979984015 8.96543222898617 9.34058516798541 14.2649996811524 -9999 -9999 -9999 12.7541683060117 13.7925923800794 -9999 -9999 -9999 -9999 -9999 -9999 -9999
-9999 -9999 -9999 -9999 -9999 11.9076509773731 11.9098025322892 11.7950529367663 12.9479277792852 12.2318185847253 12.5251472382806 12.6649983078241 10.1232947669923 12.3250526310876 12.6499374234118 12.8080767097417 12.6703771951143 12.3286385559477 12.4656208856031 12.1543626077473 12.3099917466752 9.10991240153089 12.6226843944751 12.6664326777682 12.6334421690553 12.3688009143807 12.0066225035116 10.1749320849776 10.4747154032812 10.2509536920115 10.5801415941678 10.2782067209482 10.5249183513224 10.387218836695 10.1154057323001 11.4332331183832 10.7682831184939 11.7878810870461 13.0133111425675 -9999 -9999 11.8005925724122 12.6651842446687 11.0434430860914 10.9573808894493 13.5299996975809 -9999 13.5949996961281 12.6911852509916 11.8861354282126 9.99999977648258 10.1081360846292 12.9827112504281 12.1248145869002 12.0497839991003 -9999 -9999 -9999 -9999 -9999 -9999 -9999
-9999 -9999 -9999 -9999 -9999 12.4075289028697 12.6277046892792 12.2526169489138 12.5129550937563 12.3888820935972 13.4395580776036 12.5925626256503 12.661412382964 12.8665272849612 12.8285164814442 12.7575151692145 12.8091524871998 12.5050660590641 12.5775017412379 12.5351878278889 12.4907223596238 12.2311013997532 12.2368388795294 12.5115207238123 12.6427655736916 11.6491057949606 10.9236731957644 8.7835932392627 10.868091360433 10.3628345476463 10.506988727022 10.3965422413312 10.2939847903326 10.6633350509219 10.4517654841766 9.14017760735005 14.3101922302682 6.10999986343086 7.8349998248741 -9999 12.3547759638168 11.5732037187554 10.945188744925 11.2973265661858 11.4400463756174 13.4399996995926 -9999 -9999 15.1131809283048 13.3852726920293 13.3312631468289 13.2875148635358 13.0300454585813 14.5151090561657 13.6299996953458 -9999 -9999 -9999 -9999 -9999 -9999 -9999
-9999 -9999 -9999 -9999 -9999 12.8234961866401 12.7281105853617 12.4003570531495 12.2124545904808 12.7847681981511 12.7539292443544 12.857203880325 12.8959318688139 12.9827112504281 12.8794366144575 12.9877315452322 12.5868251458742 12.6026032152586 12.7195043656975 12.6398968338035 12.6248359493911 12.4889293971937 12.339396330528 9.16513564437628 9.15509505476803 10.7443769527599 10.5941267011221 10.4933622125536 8.2098452616483 10.4897762876935 10.4073000159115 7.52636798331514 7.38508254382759 10.3147831545211 10.748680062592 13.9073465729419 9.96254287826429 11.6504953408439 -9999 8.6941485744901 11.2148502944037 10.7902767909691 11.0398571612313 11.3525498090312 11.7656483529136 11.744849988725 -9999 12.1952421511523 13.3628192855977 13.1731238604989 13.3893551295623 13.5335093089379 12.7453230246902 11.5583818960004 13.9099996890873 -9999 -9999 -9999 -9999 -9999 -9999 -9999
