EcologicalScience/Bass/data/rs_data_bass/sst_327.asc
NCOLS 226 
NROWS 124 
XLLCORNER -9.41648524995501 
YLLCORNER 47.587301625531 
CELLSIZE 0.0833 
NODATA_value -9999 
[rows 81 to 107 of 124, columns 62 to 123 of 226]
13.4680329772333 -9999 -9999 -9999 -9999 -9999 -9999 -9999 -9999 -9999 -9999 -9999 -9999 -9999 -9999 -9999 -9999 -9999 -9999 -9999 -9999 -9999 -9999 -9999 -9999 -9999 -9999 -9999 -9999 -9999 -9999 -9999 -9999 -9999 -9999 -9999 -9999 -9999 -9999 -9999 -9999 -9999 -9999 -9999 -9999 -9999 -9999 -9999 -9999 -9999 -9999 -9999 -9999 -9999 -9999 -9999 -9999 -9999 -9999 -9999 -9999 -9999
14.9077416689794 -9999 -9999 -9999 -9999 -9999 -9999 -9999 -9999 -9999 -9999 -9999 -9999 -9999 -9999 -9999 -9999 -9999 -9999 -9999 -9999 -9999 -9999 -9999 -9999 -9999 -9999 -9999 -9999 -9999 -9999 -9999 -9999 -9999 -9999 -9999 -9999 -9999 -9999 -9999 -9999 -9999 -9999 -9999 -9999 -9999 -9999 -9999 -9999 -9999 -9999 -9999 -9999 -9999 -9999 -9999 -9999 -9999 -9999 -9999 -9999 -9999
-9999 -9999 -9999 -9999 -9999 -9999 -9999 -9999 -9999 -9999 -9999 -9999 -9999 -9999 -9999 -9999 -9999 -9999 -9999 -9999 -9999 -9999 -9999 -9999 -9999 -9999 -9999 -9999 -9999 -9999 -9999 -9999 -9999 -9999 -9999 -9999 -9999 -9999 -9999 -9999 -9999 -9999 -9999 -9999 -9999 -9999 -9999 -9999 -9999 -9999 -9999 -9999 -9999 -9999 -9999 -9999 -9999 -9999 -9999 -9999 15.2522290008582 -9999
-9999 -9999 -9999 -9999 -9999 -9999 -9999 -9999 -9999 -9999 -9999 -9999 -9999 -9999 -9999 -9999 -9999 -9999 -9999 -9999 -9999 -9999 -9999 -9999 -9999 -9999 -9999 -9999 -9999 -9999 -9999 -9999 -9999 11.3199997469783 11.209999749437 11.1449997508898 -9999 -9999 -9999 -9999 -9999 -9999 -9999 -9999 -9999 -9999 -9999 -9999 -9999 -9999 -9999 -9999 -9999 -9999 -9999 -9999 17.2699996139854 14.381231637552 7.10824914462864 7.04035563394427 2.97009185608476 6.31671599717811
-9999 -9999 -9999 -9999 -9999 -9999 -9999 -9999 -9999 -9999 -9999 -9999 -9999 -9999 -9999 -9999 -9999 -9999 -9999 -9999 -9999 -9999 -9999 -9999 -9999 -9999 -9999 -9999 -9999 -9999 -9999 -9999 -9999 17.1367409748001 7.06422502096169 7.21259955805726 12.3034687785964 14.0289737884528 8.8581427297751 6.56191970017524 17.0398347869632 -9999 11.120660001412 7.05183059349656 6.95644499221817 6.65541855329648 7.18369700368494 6.97533086314797 7.26770327007398 7.06999927945435 7.80209802101868 6.20340077159926 15.6351481509395 -9999 14.7396660487746 6.58805097825825 6.89213740639389 7.25718455715105 6.72670673951507 6.62988676829264 7.54228948969394 3.84505752194673
-9999 -9999 -9999 -9999 -9999 -9999 -9999 -9999 -9999 -9999 -9999 13.6949996938929 14.5132302507127 13.7865766819952 12.2545190481874 7.98973467387259 8.01763968914747 8.83958883515487 12.8451988275325 -9999 -9999 -9999 -9999 -9999 -9999 11.894999734126 10.3285132187758 16.3121912555237 7.93665295538421 6.6962980967015 6.59230627575889 6.42309843469411 7.18391215917654 7.05286039755895 17.3249996127561 12.8386907080038 13.681773509884 12.0564668590669 6.29596544532105 6.60679341219366 6.44557023048401 6.51599779473618 6.56265067716595 6.88979460215196 7.25111239105463 6.93062633322552 6.94425284769386 7.02433850290254 7.10394603479654 7.05900244321674 6.96911526005715 7.05183059349656 7.02123070135713 7.29859003620222 7.60325021231547 7.43585923984647 7.45680104102939 7.03294472256675 7.10298978816718 7.13813185179606 7.55684834462591 4.71500289300457
-9999 -9999 -9999 -9999 -9999 -9999 -9999 -9999 -9999 15.476705367128 9.19652303373989 9.0984374419786 8.61103853499517 7.77451398363337 8.27618487155996 7.87743002711795 7.54836165579036 6.60287280101329 7.10724508566782 9.20655307651032 12.2320875290898 13.9425994003798 7.10294197583571 6.9432966010645 8.17933731630015 12.9486150815501 5.87999986857176 6.74650104474276 6.72728048749268 6.65828729318455 6.57882319828495 6.58140506418422 6.58226568615064 8.21901498379053 16.2652143904053 17.4149996107444 13.8133261976205 6.36189865041524 7.06507460931316 6.63332925615832 5.41461683320813 6.62099367463961 7.1583086556755 7.04212469020858 7.42345193983056 7.75127719053999 7.62863856032491 6.98106834292412 7.5963652365841 7.44460889650509 7.08099611569196 7.12283190572634 7.01573228323832 6.93588568968698 7.82285225074738 7.84164249701425 8.05134738283232 8.11718496326357 7.9112094393 7.52152698475402 7.5647373793181 5.02626117086038
-9999 -9999 -9999 -9999 -9999 -9999 -9999 -9999 14.0448008867091 8.21486555645242 8.72291939062998 7.64972379850224 8.35633029218297 7.99343469634186 8.50245673023164 8.33965574158356 7.98362463047462 8.42428356828168 7.93311431744535 5.70471815438941 6.13000884279609 5.84528640890494 6.07980589475483 7.18312325570732 7.13679310651496 7.28768882462755 7.11972410418093 6.95548874558881 7.03896907633171 7.40889308489859 6.92221136288717 7.77264930270612 6.26428180700168 6.78164310837164 6.68998686894774 6.44772178540006 6.46393016576767 6.42348093334585 6.92020324496552 6.66660663885996 7.37948850104585 7.49911495437846 7.51804863763973 7.47128817746416 7.39182408256456 7.42596208723262 7.75529342638329 7.66980497771874 7.76562088998035 8.13783989045769 8.06081422446296 7.17709890194237 7.46158227417618 8.22777488594875 8.27869501896203 7.5765709313564 8.3772362341173 7.87248145081103 7.69275489682332 7.98106325557455 7.81682789698243 7.56151004694402
-9999 -9999 -9999 -9999 -9999 -9999 -9999 -9999 13.839986353647 8.98831694945693 7.68343149218708 8.31168552767485 7.65593940159306 8.12199010257609 8.24039734145626 8.10609250236303 7.96146019967273 8.53100069211796 7.82830285653472 7.75258861448882 7.47932064915076 7.49667652547359 7.58431652905419 5.86393321817741 7.2338999517262 7.08615984749049 7.1185766082257 7.42811364214867 7.71914730379358 8.13626208351925 7.93702809829265 8.04446240710095 8.01548813423142 7.10561946639791 6.7477919776924 7.01358072832227 6.95419781263918 6.62314522955567 6.82883387953043 6.67535629551858 6.72828454645351 7.46010009190068 8.14472486618906 8.17556381998584 8.05098879034631 8.08218633662909 8.02959277201444 8.07358011696488 7.58493808936328 7.90518508553505 7.89822839130647 7.86810662248172 7.90504164854065 7.88017923617736 7.88017923617736 8.03628649841994 8.29303871840239 7.93229467747733 7.86989958491176 7.48297829250805 7.56115145445801 7.31928082264494
12.5922115291083 9.40499978978187 -9999 -9999 -9999 -9999 -9999 -9999 12.9825678134337 9.04177982918918 9.51434955767428 8.29196294094436 8.171595396474 8.95041046375409 9.00147403376177 8.42069764342159 8.52038635453209 8.12593461992219 8.06804754718074 7.87266586980383 8.70154727846384 5.40823388695717 7.81596727501601 7.41764274155721 7.74195378590375 7.05187840582803 7.26359140956774 7.76074403217062 8.12091432511806 8.73673715442419 8.32287361323833 8.32674641208723 8.27396159814671 8.28271125480533 8.54204534068704 7.41448712768033 7.85483870049939 6.89058350562118 7.9134522723034 6.70088808052242 8.42213201336563 8.25024668173864 8.40477613704279 8.75657927198336 8.0305490186438 8.55481123318896 8.72155673918314 8.57274085748941 8.21113619459793 8.04216741519049 8.05694142561406 8.21629992639646 8.33069092943333 8.02552872383967 8.16657510166988 7.70064393151551 7.70996733615175 7.50054932432249 7.89822839130647 7.89476199727505 7.47437207284383 7.11721395677887
8.74247463420033 8.72334970161319 8.83436993528158 9.24802173614236 13.8078086545691 -9999 16.1899624452926 8.19632120217596 8.57517928639427 8.52684101928025 7.46469007572159 7.64900661353022 7.62533950945362 7.64362772624008 7.30774609767832 8.65349588533863 8.8274849595502 8.875392915681 8.94424267299473 8.83350931331515 8.7117313050665 8.65564744025469 7.83590501723811 8.22763144895434 5.28014465095475 8.15591295175254 8.33463544677943 5.47019866853952 8.51192357186228 8.62351755350828 8.97269101021811 8.72693562647328 8.74472181377933 8.92918178858235 8.63427532808855 8.5486434424296 8.6560777512379 8.31240271264687 8.68892482295632 8.7544277170673 8.58019958119839 8.72162845768034 8.75466677872464 8.73601996945217 8.7465386823751 8.81658374797553 8.76853235485032 8.33069092943333 8.46552170417272 8.18087098877877 8.11087373550981 8.12206182107329 8.30056916060857 7.72933133039623 7.60262865200639 7.84862309740856 4.04013183433563 7.67339090257883 7.45249793119729 7.24307991936803 2.899807728827 6.60227514686994
8.38985868962482 8.33965574158356 8.30523086292669 8.57776115229353 8.30523086292669 8.16968290321529 7.95237585669383 8.04489271808416 8.95165358437225 8.50288704121485 8.14529861416668 9.81444418154258 9.11048614950851 7.84192937100306 7.80893886229023 7.84408092591912 7.55362101225182 6.93540756637231 8.92466352325864 7.3097781217657 7.20148319099098 8.69251074781641 7.32985930098221 8.31283302363008 8.12048401413485 5.63873713696375 5.58136233920231 8.32904140399769 9.12898952178657 8.41980116220657 8.73281654324382 9.04656106233597 8.83193150637671 8.90073345135897 9.00496433395892 8.62115084310062 8.16561885504052 8.19645780883729 8.25311542162672 8.28084657387808 8.88371226135641 8.24259670870379 8.19263282231987 8.22514520771801 8.32124799396843 8.38340402487665 8.72234564265236 7.99935147236101 8.38447980233468 8.19220251133665 8.33391826180741 7.80893886229023 8.57274085748941 7.78742331312969 7.62916449597105 7.48094626842067 7.27224544156343 7.24523147428408 7.08553828718141 7.39488407177851 6.76507613551803 6.49398021609522
8.55409404821694 8.46229437179863 8.62724691536278 8.96097698900849 8.49026458570734 8.21486555645242 8.16466260841116 7.92010253295302 7.90504164854065 7.99612413998693 8.9189977619797 9.12542967638001 9.15609911372885 8.6200750656426 8.29590745829046 9.01495711123571 8.35973692080006 7.90289009362459 8.34467603638768 8.67529830848798 8.98999907420948 8.84111147401854 7.37504195421934 7.70494704134762 8.8234687237069 8.76136050513014 9.04823449393734 8.92129275389016 8.84007155580912 8.77857294445857 8.94448173465207 9.1698690651916 8.81873530289158 8.99286781409755 8.85272987056524 8.68677326804027 9.06143069742247 8.29208247177303 8.18163598608226 8.25837477808818 8.19454531557858 8.15486108046025 8.12736898986623 8.40157271083444 8.53520817728713 8.42930386308581 8.69251074781641 8.58529159449972 8.76867579184472 8.54089784473181 7.84503717254847 7.72263760399073 7.65307066170499 7.47616503527388 3.32509841723368 7.71164076775312 6.83978290343657 6.74559261044487 6.90815453743562 6.87420778209344 6.6934771691449 6.40253913216293
8.58278144709766 8.72693562647328 8.85746329138055 8.76494642999023 9.146201961115 9.47395549332723 9.35471153864637 9.01639148117974 7.76017028419301 7.81467634206638 8.04776145797223 9.47802388807759 8.23996703047305 8.36977751040831 9.0944212061353 8.53186131408438 8.49026458570734 8.47878962615505 8.87725759660825 7.55146945733577 8.52970975916833 9.04120608121157 9.07620470784605 9.05970945348963 9.01911678407341 9.00807213550434 8.91799370301887 8.06999419210479 8.21988585125655 7.90504164854065 8.30021056812257 8.92659992268309 8.92358774580061 8.97221288690343 4.16492201946676 9.05655383961275 5.6803338653408 8.2220374061726 8.31407614424825 8.2220374061726 8.22418896108866 8.29208247177303 8.31718394579366 8.16466260841116 8.34682759130374 8.29542933497578 8.73841058602557 8.32602922711521 8.67773673739284 7.6549831549637 8.3531388190575 7.60286771366373 7.40349029144272 7.87692799763754 7.87097536236979 6.82400483405218 6.60693684918806 6.02446312108077 6.27631457708776 6.46517328638583 6.26376384007744 6.41042816685513
9.51560003403574 8.91412090416998 9.33415223611519 8.96002074237913 9.24241232511122 9.44196904357523 9.41901912447065 9.32980131395161 9.12282173102722 8.79315570555627 9.42595191253349 8.89081239257939 8.48596147587523 8.7118747420609 8.8273415225558 9.12067017611116 8.57883692975156 8.67565690097399 8.91483808914199 8.955000447575 9.25181257099445 8.73625903110951 8.71474348194897 9.21246985252947 9.09649079705455 9.14146854029968 8.84068116303533 8.8632007711567 8.85602892143652 8.84900050871074 8.85904109831899 7.10466321976855 9.09155246624723 9.02528457483277 5.43505660491064 4.91007720539346 8.87998289950192 4.88999602617696 4.83262122841552 7.76716283767018 7.69132052687928 7.77809990849346 7.77845850097947 8.44178288159892 8.45081941224635 8.11278622876853 8.04011148493737 8.357226773398 8.56671650372446 7.46182133583352 7.31001718342304 7.30404064198956 7.30714844353497 6.99589016567916 5.86154260160401 7.72682118299417 6.58948534820229 6.43418491905322 6.17997272918001 6.50939969299361 6.43935462739319 7.12510299147107
9.56843266030774 9.85889257397503 9.84789573773742 9.53352965833619 8.05493330769241 9.20960111264139 9.91817986499518 9.29299947938749 9.27080089692026 9.47113456577063 9.69680877029896 7.03007598267868 8.78096356103197 8.72621844150126 9.3610705787316 8.75347147043794 8.91483808914199 9.15270443819463 8.79219945892692 8.75992613518611 8.81012908322737 8.67744986340404 9.24330880632624 9.23212072076276 9.09872431596741 8.98196660252288 8.99683623760939 8.5380769171752 8.78617510516196 8.80912502426654 8.80668659536168 8.75347147043794 8.93362833540887 8.92860804060474 5.41497542569414 4.9674520031549 4.80967130931094 8.44981535328552 5.42501601530239 5.67029327573255 5.51825006166473 7.72897273791023 7.66370890545659 8.00664285290986 8.00329598970711 7.95113708265126 7.90336821693927 8.05493330769241 8.23121737381443 7.3681091661565 7.3456373703666 7.22060812357813 6.9602699787356 6.76543472800404 6.55888545606285 6.86799217900261 7.39906765078194 7.4969633994624 7.46289711329155 8.1239786609076 5.80022328649648 6.28830181162006
9.59305601101369 9.3014007890597 9.16537470603362 9.26912746531889 9.44794558500871 9.72884303238243 9.77091788407415 9.75011951988563 9.78048035036772 9.658797966782 9.66357919992879 9.95024827874399 9.74093272191073 9.74708002167089 9.7156263378981 8.27008879929781 9.44949948578142 9.49097668332979 8.68103578826413 8.87344627075696 8.44149600761011 8.33391826180741 9.17971840547398 7.72502822056413 8.6200750656426 8.81347594643012 8.72750937445089 8.11374247539788 8.56399120083079 8.62724691536278 8.65019683446735 8.56951352511533 8.38182621793822 8.64316842174157 8.31426739357412 8.05478987069801 5.37624743720517 5.52972502121702 5.3497115932405 7.84503717254847 8.2894527935423 8.45182347120717 8.01931312074885 8.22246771715581 7.90743226511404 7.82304350007325 7.6841486771591 7.68080181395635 7.38615832128562 6.98321989784017 7.24762209085748 6.78216904401779 6.89165928307921 6.32364878524095 6.58303068345413 6.58685566997156 15.0596326593941 15.4249996552244 -9999 -9999 -9999 -9999
7.58015685621649 9.44937995495275 9.61648405343294 9.43121126899496 9.88488199129435 9.71198918554001 9.72788678575307 9.72908209403977 9.68031351594254 9.76183354109526 9.77880691876635 9.68700724234805 9.65162611706182 7.98966947523877 8.11517684534192 8.0864894464612 8.11732840025797 7.90289009362459 7.78025146340951 8.04130679322407 8.03413494350389 8.3733634352684 8.82016967283562 9.1259773449041 9.03417766848579 8.18626780569321 8.44818973401561 8.5751314740628 8.57991270720959 8.35572068495676 8.42471387926489 8.4730521463789 8.26808068137616 8.08735006842762 7.75486311540008 7.78527175821364 7.80563981141895 7.73736380208284 7.59292274871841 8.2538804189302 8.01147189838812 7.93851028056815 8.16638385234401 8.05493330769241 7.7771436618641 7.72837508376688 7.64326913375407 7.44819482136518 7.45512760942802 6.47999510914087 6.67004912672564 7.29561371856835 7.39483625944704 7.38675597542897 15.059248618409 15.3799996562302 -9999 -9999 -9999 -9999 -9999 -9999
9.60210620232725 9.49432354653254 9.63297930778936 9.44029561197385 9.72477898420766 9.83689890149981 9.91722361836582 9.81370992073789 9.91985329659656 7.17781608691439 7.1462599481456 7.82902004150674 9.43233827395099 9.6559770392254 4.87995543656871 5.89477217197418 7.24523147428408 7.13335061864927 7.39010283863172 8.88734599854797 7.33774833567441 7.05589464167133 8.96719259209931 8.91024810532108 8.93778800824657 6.54023864679039 8.32235365413362 8.17568932735594 11.2761696095113 15.5499996524304 14.8349996684119 8.43093206680606 14.7411463468203 15.2449996592477 -9999 16.9949996201321 7.45249793119729 6.36022521881387 7.25563065637834 8.06583451926708 7.81682789698243 8.1899075194262 8.1064271886833 8.01821343712509 7.96628924515098 7.89270606702194 7.47257911041379 7.31240779999644 7.35567795997486 6.8660796857439 6.70447400538251 7.08601641049609 7.65914965813447 14.6699996720999 -9999 -9999 -9999 -9999 -9999 -9999 -9999 -9999
9.64206365076825 9.52229376044124 9.68676818069071 9.89929399406537 9.59425131930038 9.76374603435397 9.65866136012067 9.85219884756953 9.69298378378153 7.29471723735332 9.63847772590816 9.60309660062194 5.12092958716676 9.51454816274345 9.51813408760354 9.273430575151 7.11075929203071 9.38445080881938 9.17718435190618 9.07534408587962 9.01954709505662 8.9988921678625 7.9627750387881 7.33472022134811 7.2538376939483 7.72431103559211 7.82973722647876 7.12115847412497 8.38017669250257 14.8899996671826 -9999 -9999 -9999 -9999 16.3799996338785 14.5742603783315 7.46024352889508 7.42797020515427 6.82998137548566 7.41472618933767 6.24475843831897 8.10599687770009 5.53761405590922 5.39202550658956 5.32102419435978 7.79588609579951 3.70520645240322 4.43243201402947 6.33888896589633 6.60155796189792 7.05278684012592 7.52015238022432 15.8036686897394 -9999 -9999 -9999 -9999 -9999 -9999 -9999 -9999 -9999
5.43649097485468 5.3497115932405 5.73483992321417 6.14506972720847 5.99732962297276 5.5648670848459 6.80487990146503 9.85243790922686 6.52517776237801 6.32508315518498 9.83952857973054 9.29040395282209 9.25143690267578 9.48528701588512 9.25994749767706 9.24330880632624 8.77235734136775 9.26936652697623 5.39202550658956 7.92481546276914 13.6389354998246 9.55300231697038 5.81516464008018 9.12258266936988 6.6485335775651 8.60680714366026 8.51134982388467 6.8873561732471 6.96624652016908 14.5149996755645 -9999 -9999 -9999 -9999 -9999 15.229999659583 7.34362925244495 7.27334512518719 7.26244391361251 3.15512557886541 7.88625140227377 7.33846552064642 7.90618914449587 7.89973447974771 7.67147840932012 7.84565873285756 6.19646798353642 2.36478773970157 6.59582048212178 6.3776169543853 6.42028946022037 7.13621935853735 8.29913479066454 14.174713365268 8.75038116969417 21.3200311882062 -9999 -9999 -9999 -9999 -9999 -9999
8.88471632031724 9.5870794695802 9.41615038458258 5.82233648980036 8.30738241784275 7.97317422088236 9.83881139475852 10.0757214971818 7.48548843991011 7.94018371216953 7.08745078044012 6.16515090642497 6.28635516669601 4.24022644152865 8.71510207443498 8.89356160163879 9.16513564437628 9.05798820955679 6.2698599123396 9.11278114141896 9.29088207613677 5.67029327573255 5.64232306182384 4.74512466182932 4.27465132018551 5.01478621130809 5.19336526934057 5.79078035103157 5.11232336750254 5.26508376654238 16.4900069571727 24.7149994475767 -9999 -9999 -9999 -9999 12.621429320774 8.84911019582411 7.05230871681124 8.05697452645892 7.1943113412708 6.90289518097416 7.41011229935102 8.56659355772925 8.37105819785834 8.59676655405201 2.59643848566338 6.81312752864324 6.83069856045768 6.30034027365036 6.36357208201662 7.40337076061405 8.11269428197724 9.86999977938831 -9999 -9999 -9999 -9999 -9999 -9999 -9999 -9999
8.92989897355437 9.75609606131911 7.70494704134762 8.07214574702084 7.75658435933292 7.87994017452002 7.06593523127958 7.50843835901469 7.17996764183044 7.52349924342707 7.45249793119729 6.92106386693195 6.82926419051364 4.25528732594103 4.53498946502805 6.04466383112594 9.00706807654351 9.60842767558061 9.55065516615286 9.16441845940426 9.34251939412206 5.74990080762655 5.79006316605955 4.5808893032372 5.03988768532872 5.20986052369699 5.17973875487223 4.70998259820044 5.21990111330524 5.38270210195333 16.271967015914 -9999 -9999 -9999 -9999 -9999 -9999 -9999 -9999 -9999 -9999 -9999 -9999 -9999 -9999 -9999 8.6280537484563 6.70447400538251 8.20473531872267 6.76348808307999 19.4341559844301 17.8449996011332 -9999 -9999 -9999 -9999 -9999 -9999 -9999 -9999 -9999 -9999
9.46420177770779 9.52587968530133 9.65066987043247 8.73482466116548 8.03126620361581 8.08290352160111 7.86918239993975 6.9669637051411 7.01142917340621 6.87014373391867 7.58517715102062 7.53712575789541 7.49337747460231 6.78551590722054 5.82233648980036 5.9750968888402 6.01597643224522 4.91007720539346 3.70018615759909 3.6528519494459 9.40591419907287 9.0934823458083 8.68866402842104 10.1969257574528 10.836696498483 11.9749997323379 8.21821241965517 6.64817498507909 6.80972090002615 4.85270240763202 5.20484022889286 15.7761569754436 20.0272932373919 -9999 -9999 -9999 -9999 -9999 -9999 -9999 -9999 -9999 -9999 -9999 -9999 -9999 -9999 -9999 -9999 -9999 -9999 -9999 -9999 -9999 -9999 -9999 -9999 -9999 -9999 -9999 -9999 -9999
9.21533859241754 8.8911709850654 9.17661060392857 9.35232092207298 8.66597490385175 8.81514937803149 8.53473005397245 7.17781608691439 6.91676075709984 6.90026550274342 7.05589464167133 7.18570512160659 7.57728811632842 7.54501479258761 6.58972440985963 6.6722006816417 6.88377024838701 7.46655475664884 9.16370127443224 5.62726217741147 8.90981779433787 7.33918270561844 7.00497450865805 7.02505568787456 7.82055725883693 7.79631640678272 7.81854914091527 6.3136081956327 5.67746512545273 6.69927441433538 5.42501601530239 10.1440509438296 -9999 -9999 -9999 -9999 -9999 -9999 -9999 -9999 -9999 -9999 -9999 -9999 -9999 -9999 -9999 -9999 -9999 -9999 -9999 -9999 -9999 -9999 -9999 -9999 -9999 -9999 -9999 -9999 -9999 -9999
8.39487898442894 8.90479749953374 9.48901637773961 9.20673237275332 8.68820763798431 8.42069764342159 8.40276801912114 7.2100894106552 9.3719239779748 5.42358164535835 7.12474439898506 7.49194310465828 7.75658435933292 7.74654376972467 6.65713979722932 6.75898006325588 6.91030609235168 6.90528579754755 5.63461332337465 5.90660572401248 7.202200375963 7.31408123159781 7.06736960122362 6.85221410961822 6.98991362424567 7.77680897554383 6.73029266437516 8.00323079107329 6.49003569874913 6.61428799515124 6.43289996264502 13.2894082318619 18.3310685866745 -9999 -9999 -9999 -9999 -9999 -9999 -9999 -9999 -9999 -9999 -9999 -9999 -9999 -9999 -9999 -9999 -9999 -9999 -9999 -9999 -9999 -9999 -9999 -9999 -9999 -9999 -9999 -9999 -9999
9.97239904887974 10.0312082165852 9.84918667068705 9.65741140916944 9.1926277349703 8.79196039726958 8.65808586915955 8.89375285096467 8.72872858890332 8.64173405179754 6.25766776781529 8.81467125471681 4.78528702026233 4.92011779500172 6.44341867556795 6.45991392992437 7.57155063655227 6.94616534095258 7.03222753759474 6.83141574542969 7.28611101768911 7.05517745669931 6.25193028803915 6.66000853711739 7.70609453730285 6.90313424263149 6.88233587844297 7.55075227236375 6.52679142856505 6.47999510914087 8.54205558618664 13.8081552939722 14.0403303323786 -9999 -9999 -9999 -9999 -9999 -9999 -9999 -9999 -9999 -9999 -9999 -9999 -9999 -9999 -9999 -9999 -9999 -9999 -9999 -9999 -9999 -9999 -9999 -9999 -9999 -9999 -9999 -9999 -9999
