EcologicalScience/Bass/data/rs_data_bass/sst_63.asc
NCOLS 226 
NROWS 124 
XLLCORNER -9.41648524995501 
YLLCORNER 47.587301625531 
CELLSIZE 0.0833 
NODATA_value -9999 
[rows 27 to 53 of 124, columns 62 to 123 of 226]
-9999 -9999 -9999 -9999 -9999 -9999 -9999 -9999 -9999 -9999 -9999 -9999 -9999 -9999 -9999 -9999 -9999 -9999 -9999 -9999 -9999 -9999 -9999 -9999 -9999 -9999 -9999 -9999 12.5299997199327 8.43657875879619 8.65999980643392 8.94499980006367 9.10999979637563 8.70999980531633 8.55999980866909 7.71999982744455 7.63499982934445 6.67499985080212 6.83499984722584 7.57499983068556 8.25999981537461 8.44999981112778 8.66499980632216 8.78999980352819 8.59499980788678 8.9849997991696 9.1299997959286 9.17499979492277 9.02499979827553 9.10499979648739 9.13499979581684 8.67999980598688 9.17999979481101 9.1549997953698 8.75999980419874 8.32499981392175 9.18499979469925 9.18999979458749 8.30499981436878 8.38249981263652 9.28499979246408 9.33499979134649
-9999 -9999 -9999 -9999 -9999 -9999 -9999 -9999 -9999 -9999 -9999 -9999 -9999 -9999 -9999 -9999 -9999 -9999 -9999 -9999 -9999 -9999 -9999 -9999 -9999 -9999 -9999 -9999 -9999 -9999 9.78499978128821 9.31499979179353 9.42499978933483 9.09999979659915 7.36499983537942 7.73999982699752 7.88999982364476 8.38499981258065 8.09999981895089 8.14499981794506 8.49499981012195 8.17999981716275 7.9799998216331 8.35999981313944 8.78499980363995 8.7549998043105 8.78999980352819 8.98999979905784 8.36499981302768 7.90999982319772 7.83999982476234 7.92999982275069 8.32499981392175 8.19499981682748 8.33999981358647 8.16999981738627 8.18999981693923 8.51999980956316 9.14999979548156 8.3799998126924 7.70499982777983 8.73999980464578
-9999 -9999 -9999 -9999 -9999 -9999 -9999 -9999 -9999 -9999 -9999 -9999 -9999 -9999 -9999 -9999 -9999 -9999 -9999 -9999 -9999 -9999 -9999 -9999 -9999 -9999 -9999 -9999 -9999 -9999 -9999 9.57999978587031 9.33999979123473 9.25499979313463 6.38999985717237 6.32499985862523 8.34499981347471 8.28999981470406 8.19999981671572 7.84499982465059 8.47999981045723 7.98499982152134 8.74999980442226 8.37499981280416 9.03999979794025 8.79999980330467 8.60499980766326 7.97499982174486 8.02499982062727 7.96499982196838 7.96999982185662 8.01999982073903 8.00999982096255 7.92999982275069 8.05999981984496 8.04499982018024 7.82499982509762 8.63999980688095 9.55499978642911 9.05499979760498 8.29749981453642 7.32999983616173
-9999 -9999 -9999 -9999 -9999 -9999 -9999 -9999 -9999 -9999 -9999 -9999 -9999 -9999 -9999 -9999 -9999 -9999 -9999 -9999 -9999 -9999 -9999 -9999 -9999 -9999 -9999 -9999 -9999 -9999 -9999 9.5631247862475 9.09999979659915 9.19999979436398 7.71499982755631 6.46999985538423 7.25499983783811 7.32499983627349 8.02499982062727 8.19999981671572 8.40999981202185 8.76499980408698 8.27999981492758 8.86999980174005 8.71499980520457 8.68999980576336 8.74499980453402 7.89999982342124 7.72999982722104 7.8099998254329 8.04999982006848 8.13499981816858 8.09999981895089 8.10999981872737 8.50499980989844 8.63999980688095 8.39499981235713 9.36999979056418 9.51499978732318 9.20499979425222 9.48499978799373 9.48499978799373
-9999 -9999 -9999 -9999 -9999 -9999 -9999 -9999 -9999 -9999 -9999 -9999 -9999 -9999 -9999 -9999 -9999 -9999 -9999 -9999 -9999 -9999 -9999 -9999 -9999 -9999 -9999 -9999 -9999 -9999 -9999 7.54448096344318 6.37999985739589 7.01999984309077 7.33499983604997 6.70499985013157 7.2049998389557 7.39499983470887 8.64999980665743 8.33499981369823 7.89999982342124 7.92999982275069 7.95999982208014 7.79499982576817 8.23999981582165 7.42999983392656 8.00499982107431 7.93999982252717 7.88499982375652 7.93999982252717 8.01499982085079 8.00999982096255 8.07999981939793 8.04999982006848 7.93499982263893 8.01999982073903 8.039999820292 8.16499981749803 8.47999981045723 8.54499980900437 9.12499979604036 9.20999979414046
-9999 -9999 -9999 -9999 -9999 -9999 -9999 -9999 -9999 -9999 -9999 -9999 -9999 -9999 -9999 -9999 -9999 -9999 -9999 -9999 -9999 -9999 -9999 -9999 -9999 -9999 -9999 -9999 -9999 -9999 -9999 -9999 5.8249998698011 7.35999983549118 7.61999982967973 8.29999981448054 8.56499980855733 8.64499980676919 8.86499980185181 8.14499981794506 8.04999982006848 7.95999982208014 7.85999982431531 7.19499983917922 6.85499984677881 8.64749980671331 5.62999987415969 7.78999982587993 7.90499982330948 7.77999982610345 7.90499982330948 7.98499982152134 8.07999981939793 8.29999981448054 7.34499983582646 7.99499982129782 7.78999982587993 7.69999982789159 8.05999981984496 8.36999981291592 9.1549997953698 9.31999979168177
-9999 -9999 -9999 -9999 -9999 -9999 -9999 -9999 -9999 -9999 -9999 -9999 -9999 -9999 -9999 -9999 -9999 -9999 -9999 -9999 -9999 -9999 -9999 -9999 -9999 -9999 -9999 -9999 -9999 -9999 -9999 -9999 10.3291664357918 8.32499981392175 8.2699998151511 8.82499980274588 8.76499980408698 8.70999980531633 8.04999982006848 7.95499982219189 7.98999982140958 7.62499982956797 7.60999982990324 6.87499984633178 6.35499985795468 4.83999989181757 5.0499998871237 5.68999987281859 7.39999983459711 7.05499984230846 6.2849998595193 6.0549998646602 6.09499986376613 6.53499985393137 8.01499982085079 8.04499982018024 7.94999982230365 8.17499981727451 8.3549998132512 7.73499982710928 7.67999982833862 8.45999981090426
-9999 -9999 -9999 -9999 -9999 -9999 -9999 -9999 -9999 -9999 -9999 -9999 -9999 -9999 -9999 -9999 -9999 -9999 -9999 -9999 -9999 -9999 -9999 -9999 -9999 -9999 -9999 -9999 -9999 -9999 -9999 -9999 -9999 10.3012497697491 8.33999981358647 8.57499980833381 8.5249998094514 8.39499981235713 6.64499985147268 7.40499983448535 8.02999982051551 7.99499982129782 7.8099998254329 7.8099998254329 7.44999983347952 7.06499984208494 7.77499982621521 8.16499981749803 7.15999983996153 6.4899998549372 6.8299998473376 6.41499985661358 6.48499985504895 6.8899998459965 7.39499983470887 7.16999983973801 7.47499983292073 7.72499982733279 8.05999981984496 8.04499982018024 8.54999980889261 8.59499980788678
-9999 -9999 -9999 -9999 -9999 -9999 -9999 9.71058801824556 17.9719995982945 17.9719995982945 12.818999713473 11.0541301877035 9.33999979123473 -9999 8.41999981179833 -9999 -9999 -9999 -9999 -9999 -9999 -9999 -9999 -9999 -9999 -9999 -9999 -9999 -9999 -9999 -9999 -9999 -9999 -9999 9.759999781847 9.17999979481101 8.17499981727451 8.07999981939793 8.33499981369823 8.02499982062727 7.77499982621521 7.46499983314425 8.05999981984496 8.06999981962144 7.89999982342124 7.13499984052032 6.07999986410141 7.84999982453883 7.9799998216331 7.95499982219189 7.82999982498586 7.79999982565641 7.82499982509762 7.604999830015 7.58499983046204 7.61999982967973 7.86499982420355 7.96499982196838 7.85499982442707 7.94499982241541 7.95499982219189 7.79499982576817
-9999 -9999 -9999 -9999 12.2973526663092 12.3164703129407 16.9133329552909 11.3266664134959 11.3766664123784 11.5649997415021 11.6158330736992 5.96513875555764 -9999 -9999 -9999 -9999 -9999 -9999 -9999 -9999 -9999 -9999 -9999 -9999 -9999 -9999 -9999 -9999 -9999 -9999 -9999 -9999 -9999 -9999 10.9354543010281 6.85499984677881 7.07499984186143 6.50499985460192 8.3433331468453 8.25999981537461 8.17499981727451 7.82999982498586 7.94499982241541 7.98499982152134 8.01999982073903 7.33999983593822 7.2049998389557 7.65499982889742 8.05999981984496 8.15499981772155 7.3749998351559 7.29499983694404 7.79499982576817 7.34499983582646 7.70499982777983 7.91999982297421 8.1499998178333 8.21499981638044 8.32499981392175 8.13999981805682 8.039999820292 8.39499981235713
11.2574997483753 10.214999771677 8.91149980081245 9.90666644523541 7.56499983090907 10.0349997757003 10.4399997666478 10.6149997627363 10.7149997605011 10.919999755919 -9999 -9999 -9999 -9999 -9999 -9999 -9999 -9999 -9999 -9999 -9999 -9999 -9999 -9999 -9999 -9999 -9999 -9999 -9999 -9999 -9999 -9999 -9999 -9999 11.2165514734285 7.59499983023852 7.64499982912093 7.47999983280897 7.38499983493239 7.56499983090907 8.09999981895089 7.46999983303249 7.14999984018505 8.58249980816618 9.3966664566348 5.90499986801296 6.7449998492375 7.18999983929098 7.15999983996153 7.01999984309077 7.89999982342124 7.39999983459711 7.13999984040856 7.2899998370558 7.59999983012676 7.77999982610345 7.91999982297421 8.19499981682748 8.27999981492758 8.31999981403351 8.20499981660396 8.22999981604517
8.33499981369823 9.72499978262931 9.99999977648258 9.86999977938831 9.44999978877604 8.38999981246889 9.95499977748841 9.93499977793545 9.92499977815896 11.894999734126 -9999 -9999 -9999 -9999 -9999 -9999 -9999 -9999 -9999 -9999 -9999 -9999 -9999 -9999 -9999 -9999 -9999 -9999 -9999 -9999 -9999 -9999 -9999 -9999 -9999 12.9699997100979 10.3212497693021 7.72499982733279 7.33499983604997 7.50999983213842 8.33999981358647 8.21499981638044 8.09999981895089 8.17499981727451 7.96999982185662 7.61999982967973 7.58999983035028 7.3749998351559 7.2649998376146 6.93499984499067 7.18999983929098 7.06499984208494 7.45499983336776 7.77499982621521 7.81499982532114 8.13499981816858 8.14499981794506 8.1499998178333 8.44999981112778 8.16499981749803 8.23999981582165 8.21499981638044
6.98499984387308 8.39499981235713 10.0199997760355 9.88499977905303 9.74499978218228 9.30499979201704 11.0549997529015 11.0549997529015 11.4111108560529 -9999 -9999 -9999 -9999 -9999 -9999 -9999 -9999 -9999 -9999 -9999 -9999 -9999 -9999 -9999 -9999 -9999 -9999 -9999 -9999 -9999 -9999 -9999 -9999 -9999 -9999 -9999 8.65999980643392 8.65999980643392 9.34307671424288 7.42499983403832 7.42499983403832 6.94999984465539 8.34499981347471 8.33499981369823 7.95499982219189 7.60999982990324 8.1249998183921 7.95499982219189 7.4949998324737 7.48999983258545 7.2049998389557 7.04999984242022 7.15999983996153 7.42499983403832 7.64499982912093 7.91499982308596 8.0649998197332 8.31999981403351 8.29999981448054 8.27499981503934 8.34999981336296 8.33499981369823
9.83499978017062 9.58499978575855 9.10499979648739 9.14499979559332 10.1499997731298 8.67499980609864 9.99999977648258 10.7149997605011 12.7897884929553 -9999 -9999 -9999 -9999 -9999 -9999 -9999 -9999 -9999 -9999 -9999 -9999 -9999 -9999 -9999 -9999 -9999 -9999 -9999 -9999 -9999 -9999 -9999 -9999 -9999 -9999 -9999 -9999 -9999 -9999 10.3186108804722 8.39199981242418 7.94999982230365 8.62833314047506 8.34999981336296 8.33499981369823 8.32999981380999 8.43499981146306 8.49499981012195 7.09499984141439 7.2649998376146 7.85999982431531 7.87499982398003 8.42499981168658 8.42499981168658 7.70499982777983 7.79499982576817 7.76999982632697 7.74499982688576 8.15499981772155 8.16499981749803 8.23499981593341 8.29999981448054
9.759999781847 9.80999978072941 9.39999978989363 9.1549997953698 9.30499979201704 10.7199997603893 9.16499979514629 8.3549998132512 8.37499981280416 -9999 -9999 -9999 -9999 -9999 -9999 -9999 -9999 -9999 -9999 -9999 -9999 -9999 -9999 -9999 -9999 -9999 -9999 -9999 -9999 -9999 -9999 -9999 -9999 -9999 -9999 -9999 -9999 -9999 -9999 -9999 -9999 -9999 -9999 6.1184165299094 7.39999983459711 7.39999983459711 8.10624981881119 8.04499982018024 8.38499981258065 8.67999980598688 7.81499982532114 7.94499982241541 8.16499981749803 8.29999981448054 8.18999981693923 8.15999981760979 8.27249981509522 7.71499982755631 7.71499982755631 8.38749981252477 8.34999981336296 8.32999981380999
10.1599997729063 10.1649997727945 10.5499997641891 10.1699997726828 10.3549997685477 10.9649997549132 10.7999997586012 10.4749997658655 10.4799997657537 10.3292854834082 -9999 -9999 -9999 -9999 -9999 16.1899624452926 -9999 -9999 -9999 -9999 -9999 -9999 -9999 -9999 -9999 -9999 -9999 -9999 -9999 -9999 -9999 -9999 -9999 -9999 -9999 -9999 -9999 -9999 -9999 -9999 -9999 -9999 -9999 -9999 9.20933312748869 8.78791647024142 8.38499981258065 8.27749981498346 9.23499979358166 7.96999982185662 8.49999981001019 8.39499981235713 8.21999981626868 8.01499982085079 7.92999982275069 7.97499982174486 7.92999982275069 7.82999982498586 7.88999982364476 7.98999982140958 6.96999984420836 7.3749998351559
10.3099997695535 10.3249997692183 10.5699997637421 11.0599997527897 10.9899997543544 10.899999756366 10.5949997631833 10.4249997669831 10.339999768883 10.339999768883 12.2414703146171 -9999 -9999 -9999 -9999 -9999 -9999 -9999 -9999 -9999 -9999 -9999 -9999 -9999 -9999 -9999 -9999 -9999 -9999 -9999 -9999 -9999 -9999 -9999 -9999 -9999 -9999 -9999 -9999 -9999 -9999 -9999 -9999 -9999 -9999 9.81464263776849 8.56499980855733 8.56499980855733 8.39499981235713 7.79999982565641 8.72499980498105 8.56999980844557 8.06999981962144 7.90499982330948 7.82499982509762 7.99999982118607 7.95999982208014 8.13499981816858 8.14499981794506 8.00499982107431 8.10499981883913 8.05999981984496
9.35499979089946 9.59499978553504 10.2099997717887 10.2249997714534 10.3299997691065 10.5149997649714 10.5449997643009 10.6999997608364 10.484999765642 10.4249997669831 11.3934612837978 6.24959986031055 -9999 -9999 -9999 -9999 20.4483328762775 20.4483328762775 -9999 -9999 -9999 -9999 -9999 -9999 -9999 -9999 -9999 -9999 -9999 -9999 -9999 -9999 -9999 -9999 -9999 -9999 -9999 -9999 -9999 -9999 -9999 -9999 -9999 -9999 -9999 8.8399998024106 14.043170417818 7.90499982330948 7.89999982342124 7.894999823533 8.54999980889261 8.58999980799854 8.49499981012195 7.86499982420355 7.85999982431531 8.01999982073903 8.11499981861562 8.44999981112778 8.49499981012195 7.97499982174486 7.8349998248741 7.82999982498586
9.8199997805059 9.85499977972358 9.81499978061765 9.77999978139997 10.029999775812 10.4049997674301 10.214999771677 10.2449997710064 10.0399997755885 10.0199997760355 10.6949997609481 10.7349997600541 8.23059192129509 18.58781208453 15.1407139472929 11.9549997327849 12.2624997259118 14.6798383815575 -9999 -9999 -9999 -9999 -9999 -9999 -9999 -9999 -9999 -9999 -9999 -9999 -9999 -9999 -9999 -9999 -9999 -9999 -9999 -9999 -9999 -9999 -9999 -9999 -9999 -9999 -9999 -9999 -9999 -9999 13.0040274871151 8.78999980352819 8.71499980520457 9.01499979849905 9.02499979827553 8.86499980185181 8.59999980777502 7.69499982800335 7.77499982621521 8.17249981733039 8.77999980375171 7.96999982185662 7.80499982554466 7.85999982431531
9.64499978441745 9.57499978598207 9.63499978464097 9.60999978519976 9.72999978251755 9.87999977916479 10.2849997701123 9.97499977704138 10.2599997706711 10.0249997759238 10.1999997720122 10.1149997739121 10.6216664292539 11.064999752678 11.1549997506663 11.2499997485429 11.673333072414 -9999 -9999 -9999 -9999 -9999 -9999 -9999 -9999 -9999 -9999 -9999 -9999 -9999 -9999 -9999 -9999 -9999 -9999 -9999 -9999 -9999 -9999 -9999 -9999 -9999 -9999 -9999 -9999 -9999 -9999 -9999 10.2230766945733 9.43999978899956 8.13499981816858 9.759999781847 9.18999979458749 8.68499980587512 8.3799998126924 8.31499981414527 7.79999982565641 7.78499982599169 8.2099998164922 8.02499982062727 7.35499983560294 7.77499982621521
9.46999978832901 9.54999978654087 9.72999978251755 9.8199997805059 9.86499977950007 9.9899997767061 10.2899997700006 10.2599997706711 10.6149997627363 10.6149997627363 10.3799997679889 10.1899997722358 11.354999746196 11.7549997372553 10.7349997600541 10.8449997575954 6.28756930390632 -9999 -9999 -9999 -9999 -9999 -9999 -9999 -9999 -9999 -9999 -9999 -9999 -9999 -9999 -9999 -9999 -9999 -9999 -9999 -9999 -9999 -9999 -9999 -9999 -9999 -9999 -9999 -9999 -9999 -9999 -9999 8.30499981436878 8.11499981861562 7.95499982219189 8.73499980475754 8.85499980207533 8.4399998113513 8.4274998116307 8.06999981962144 7.91999982297421 7.894999823533 8.24999981559813 8.24999981559813 7.07999984174967 7.10999984107912
9.56999978609383 9.5899997856468 9.75499978195876 9.82999978028238 9.85499977972358 10.0599997751415 10.3449997687712 10.5499997641891 10.7449997598305 10.7299997601658 10.4349997667596 10.9299997556955 11.1224997513928 11.8783330678319 12.2483330595617 6.69999985024333 -9999 -9999 -9999 -9999 -9999 -9999 -9999 -9999 -9999 -9999 -9999 -9999 -9999 -9999 -9999 -9999 -9999 -9999 -9999 -9999 -9999 -9999 -9999 -9999 -9999 -9999 -9999 -9999 -9999 -9999 -9999 -9999 13.0127416446264 9.11999979615211 9.11999979615211 8.51999980956316 7.93999982252717 7.79499982576817 7.77499982621521 7.71999982744455 7.76499982643872 7.76499982643872 8.42666647831599 8.38499981258065 8.38499981258065 8.02499982062727
9.759999781847 9.55999978631735 9.63999978452921 9.79999978095293 9.93499977793545 10.0949997743592 10.3499997686595 10.4699997659773 10.5449997643009 10.8099997583777 10.7799997590482 10.8099997583777 10.7999997586012 10.8049997584894 13.3499997016042 -9999 -9999 -9999 -9999 -9999 -9999 -9999 -9999 -9999 -9999 -9999 -9999 -9999 -9999 -9999 -9999 -9999 -9999 -9999 -9999 -9999 -9999 -9999 -9999 -9999 -9999 -9999 -9999 -9999 -9999 -9999 -9999 -9999 -9999 12.2209256527669 9.68624978349544 8.2949998145923 7.88999982364476 8.13499981816858 8.15499981772155 8.23499981593341 8.04499982018024 8.37249981286004 8.40249981218949 8.53833314248671 8.7066664720575 8.92999980039895
9.57499978598207 9.60999978519976 9.65999978408217 9.72499978262931 9.88999977894127 10.0099997762591 10.1699997726828 10.3849997678772 10.5849997634068 10.8899997565895 10.9549997551367 11.1149997515604 11.1599997505546 11.2999997474253 11.3199997469783 11.463888632651 -9999 -9999 -9999 -9999 -9999 -9999 -9999 -9999 -9999 -9999 -9999 -9999 -9999 -9999 -9999 -9999 -9999 -9999 -9999 -9999 -9999 -9999 -9999 -9999 -9999 -9999 -9999 -9999 -9999 -9999 11.627765697546 7.75263140566255 7.73315772188729 -9999 11.5949583295733 9.86458311284271 9.31499979179353 8.11999981850386 8.02999982051551 8.27999981492758 8.48999981023371 8.67499980609864 8.9849997991696 9.16499979514629 9.44999978877604 9.03499979805201
9.59499978553504 9.5899997856468 9.54499978665262 9.64499978441745 10.3099997695535 10.3849997678772 10.4099997673184 10.5599997639656 10.754999759607 10.8649997571483 11.1449997508898 11.4499997440726 11.3249997468665 10.9299997556955 11.9459088238972 -9999 -9999 -9999 -9999 -9999 -9999 -9999 -9999 -9999 -9999 -9999 -9999 -9999 -9999 -9999 -9999 -9999 -9999 -9999 -9999 -9999 -9999 -9999 -9999 -9999 -9999 -9999 -9999 -9999 -9999 -9999 -9999 11.8849997343495 7.94815771708167 13.6024996959604 10.3499997686595 10.3499997686595 9.9299997780472 9.69727251052179 8.95999979972839 8.63499980699271 9.14999979548156 9.24999979324639 9.45499978866428 9.42499978933483 9.46999978832901 9.49499978777021
9.56499978620559 9.52499978709966 9.57499978598207 9.57999978587031 9.76499978173524 10.1099997740239 10.5349997645244 10.7049997607246 10.7899997588247 11.5299997422844 11.6549997394904 11.9449997330084 11.9299997333437 11.894999734126 16.881470210905 -9999 -9999 -9999 -9999 -9999 -9999 -9999 -9999 -9999 -9999 -9999 -9999 -9999 -9999 -9999 -9999 -9999 -9999 -9999 -9999 -9999 -9999 -9999 -9999 -9999 -9999 -9999 -9999 -9999 -9999 -9999 -9999 -9999 -9999 -9999 12.0456247307593 11.7534612757512 10.0999997742474 9.57499978598207 9.83999978005886 10.8699997570366 10.2799997702241 10.3449997687712 10.069999774918 9.93999977782369 9.93499977793545 9.75499978195876
9.58499978575855 9.65499978419393 9.64999978430569 9.77499978151172 9.96999977715313 10.3349997689947 10.4699997659773 10.8699997570366 10.9499997552484 11.1749997502193 11.3599997460842 12.0249997312203 12.1349997287616 11.9699997324497 11.9049997339025 -9999 -9999 -9999 -9999 -9999 -9999 -9999 -9999 -9999 -9999 -9999 -9999 -9999 -9999 -9999 -9999 -9999 -9999 -9999 -9999 -9999 -9999 -9999 -9999 -9999 -9999 -9999 -9999 -9999 -9999 -9999 -9999 -9999 -9999 -9999 -9999 -9999 9.28999979235232 9.59999978542328 10.4299997668713 10.7099997606128 10.7299997601658 10.5699997637421 10.609999762848 10.2649997705594 9.70499978307635 9.41999978944659
