EcologicalScience/Bass/data/rs_data_bass/sst_168.asc
NCOLS 226 
NROWS 124 
XLLCORNER -9.41648524995501 
YLLCORNER 47.587301625531 
CELLSIZE 0.0833 
NODATA_value -9999 
[rows 0 to 26 of 124, columns 62 to 123 of 226]
-9999 -9999 -9999 -9999 -9999 -9999 -9999 -9999 -9999 -9999 -9999 -9999 -9999 -9999 -9999 -9999 -9999 -9999 -9999 -9999 -9999 -9999 -9999 -9999 -9999 -9999 -9999 -9999 -9999 -9999 -9999 -9999 -9999 -9999 -9999 -9999 -9999 -9999 -9999 -9999 -9999 -9999 -9999 -9999 -9999 -9999 -9999 -9999 -9999 -9999 -9999 -9999 -9999 -9999 -9999 -9999 -9999 -9999 -9999 -9999 -9999 -9999
-9999 -9999 -9999 -9999 -9999 -9999 -9999 -9999 -9999 -9999 -9999 -9999 -9999 -9999 -9999 -9999 -9999 -9999 -9999 -9999 -9999 -9999 -9999 -9999 -9999 -9999 -9999 -9999 -9999 -9999 -9999 -9999 -9999 -9999 -9999 -9999 -9999 -9999 -9999 -9999 -9999 -9999 -9999 -9999 -9999 -9999 -9999 -9999 -9999 -9999 -9999 -9999 -9999 -9999 -9999 -9999 -9999 -9999 -9999 -9999 -9999 -9999
-9999 -9999 -9999 -9999 -9999 -9999 -9999 -9999 -9999 -9999 -9999 -9999 -9999 -9999 -9999 -9999 -9999 -9999 -9999 -9999 -9999 -9999 -9999 -9999 -9999 -9999 -9999 -9999 -9999 -9999 -9999 -9999 -9999 -9999 -9999 -9999 -9999 -9999 -9999 -9999 -9999 -9999 -9999 -9999 -9999 -9999 -9999 -9999 -9999 -9999 -9999 -9999 -9999 -9999 -9999 -9999 -9999 -9999 -9999 -9999 -9999 -9999
-9999 -9999 -9999 -9999 -9999 -9999 -9999 -9999 -9999 -9999 -9999 -9999 -9999 -9999 -9999 -9999 -9999 -9999 -9999 -9999 -9999 -9999 -9999 -9999 -9999 -9999 -9999 -9999 -9999 -9999 -9999 -9999 -9999 -9999 -9999 -9999 -9999 -9999 -9999 -9999 -9999 -9999 -9999 -9999 -9999 -9999 -9999 -9999 -9999 -9999 -9999 -9999 -9999 -9999 -9999 -9999 -9999 -9999 -9999 -9999 -9999 -9999
-9999 -9999 -9999 -9999 -9999 -9999 -9999 -9999 -9999 -9999 -9999 -9999 -9999 -9999 -9999 -9999 -9999 -9999 -9999 -9999 -9999 -9999 -9999 -9999 -9999 -9999 -9999 -9999 -9999 -9999 -9999 -9999 -9999 -9999 -9999 -9999 -9999 -9999 -9999 -9999 -9999 -9999 -9999 -9999 -9999 -9999 -9999 -9999 -9999 -9999 -9999 -9999 -9999 -9999 -9999 -9999 -9999 -9999 -9999 -9999 -9999 -9999
-9999 -9999 -9999 -9999 -9999 -9999 -9999 -9999 -9999 -9999 -9999 -9999 -9999 -9999 -9999 -9999 -9999 -9999 -9999 -9999 -9999 -9999 -9999 -9999 -9999 -9999 -9999 -9999 10.484999765642 12.9152958630584 12.9583269613795 10.1455275011249 9.88160343142226 12.1120486943983 10.0422528651543 10.5141605767421 10.4632404437289 12.4570146659389 12.9533066665754 12.9504379266873 12.9231848977506 11.3805200229399 11.624362913426 11.4292886010371 11.7620624280535 11.8280434454791 12.4749442902394 12.4125491976738 11.5146336127073 11.6595049770549 12.6069063250907 12.5122379087843 13.016418944113 13.534943678882 12.1722922320478 12.7711416836828 12.9239020827226 12.8507492155768 13.7974333786406 13.4725485863164 13.9107486042194 13.9996795407496
-9999 -9999 -9999 -9999 -9999 -9999 -9999 -9999 -9999 -9999 -9999 -9999 -9999 -9999 -9999 -9999 -9999 -9999 -9999 -9999 -9999 -9999 -9999 -9999 -9999 -9999 -9999 9.31086763069034 10.7623065770604 12.0274208677001 10.6898708948866 9.98344369744882 10.2739036111161 12.9317911174148 11.0685445601121 12.1593829025514 12.0776238157414 11.9901272491552 11.8452558848076 11.4615619247779 11.5225226473995 11.9513992606662 12.2583544286899 12.6348765389994 12.817041521892 13.2896664184518 12.9203161578625 13.0350657533854 13.0400860481896 12.8399914409965 12.8801537994295 13.1268654298037 13.3312631468289 13.5428327135742 12.3250526310876 12.9475691867992 12.0575426365249 13.5205999794416 13.3692739503458 13.2344431756064 13.7723319046199 13.9846186563373
-9999 -9999 -9999 -9999 -9999 -9999 -9999 -9999 -9999 -9999 -9999 -9999 -9999 -9999 -9999 -9999 -9999 -9999 -9999 -9999 -9999 -9999 -9999 -9999 -9999 -9999 10.9533385741524 12.9447004469112 13.0207220539451 13.0479750828817 11.0140385022387 10.4130374956876 10.4790185131133 10.8203985597938 12.0919675151818 11.0965147740208 12.4742271052673 12.739585544914 12.7489089495502 12.6850794870406 12.0647144862451 12.2511825789697 12.65997801302 12.2325357696973 13.0314798285253 12.6721701575443 13.4101534937508 13.3628192855977 13.5672170026228 13.2082659241278 13.3499099561013 13.4646595516242 13.6891384478658 13.7085024421103 11.5160679826513 11.6164738787338 13.8598284712061 13.6496932744049 14.0269325696863 13.216513551306 13.4926297655329 13.9050111244433
-9999 -9999 -9999 -9999 -9999 -9999 -9999 -9999 -9999 -9999 -9999 -9999 -9999 -9999 -9999 -9999 -9999 -9999 -9999 -9999 -9999 -9999 -9999 -9999 -9999 6.73680424856554 10.8625331768999 12.5168278926052 11.9557023704983 12.5272987931967 10.307611304801 13.4115878636949 10.5801415941678 10.5901821837761 10.787408051081 10.5636463398114 12.5990172903985 12.1199377290905 12.3874477236532 12.4864192497917 12.939680152107 12.2289498448372 12.4290444520302 12.4656208856031 12.3551743999124 11.9578539254144 13.4137394186109 13.6611682339571 13.6712088235654 13.6461073495448 13.6131168408319 13.6188543206081 13.5643482627347 13.5234687193297 13.6310464651324 11.5949583295733 14.0477309338748 13.2387462854385 13.3649708405137 13.8978392747231 14.0717566304374 14.1635563068558
-9999 -9999 -9999 -9999 -9999 -9999 -9999 -9999 -9999 -9999 -9999 -9999 -9999 -9999 -9999 -9999 -9999 -9999 -9999 -9999 -9999 -9999 -9999 -9999 -9999 10.3888922682963 13.5568895390257 9.88232061639428 10.6597491260618 11.8495589946397 11.106555363629 11.4730368843302 11.066393005196 13.2408978403546 10.4051484609954 12.4448225214146 11.9621570352465 12.0890987752937 12.6667912702542 11.544755381532 10.2201147382148 12.3250526310876 12.221777995117 12.8622241751291 13.8770409105346 13.537095233798 13.7242805114947 13.8010193035007 13.8827783903107 13.8003021185286 13.8992736446671 13.9093142342754 13.8081911532208 13.8225348526612 13.6597338640131 13.9250923036598 13.9480422227643 13.77591782948 13.4998016152531 14.2700582752004 14.2471083560959 14.1302072056569
-9999 -9999 -9999 -9999 -9999 -9999 -9999 -9999 -9999 -9999 -9999 -9999 -9999 -9999 -9999 -9999 -9999 -9999 -9999 -9999 -9999 -9999 -9999 -9999 8.73062400632937 13.6771512133335 11.6896267458797 10.9236731957644 11.8768120235763 10.0838495935313 12.9540238515474 13.0608844123781 12.9289223775268 11.623645728454 10.7099520741031 12.5373393828049 12.6155125447549 12.1299783186987 12.6051133626606 12.4770958451554 9.78478346019983 13.2997070080601 13.2100588865578 13.4452955573797 13.7895443439484 11.5196539075114 14.0986510668881 14.1502883848734 14.2951597492211 14.5131839807145 14.1804101536982 13.7601397600956 13.8670003209263 13.6977446675301 14.0448621939868 13.5127109447494 13.654713569209 14.1847132635303 14.2750785700046 14.2571489457041 14.4816278419457 14.3582720267586
-9999 -9999 -9999 -9999 -9999 -9999 -9999 -9999 -9999 -9999 -9999 -9999 -9999 -9999 -9999 -9999 -9999 -9999 -9999 -9999 -9999 -9999 -9999 -9999 13.2450216539437 9.52014220552519 11.1603442365304 11.8976103877649 13.3549302509055 12.740302729886 9.66501356987283 12.7890713079832 12.7417370998301 12.6381038713735 12.4573732584249 10.50985746691 12.8127384120598 12.7449644322041 12.8708303947933 12.8234961866401 13.1189763951115 13.1985839270055 13.4108706787229 13.6073793610558 13.6575823090971 13.7823724942282 14.2800988648087 14.2499770959839 13.8612628411502 13.1397747593001 12.3451338103041 11.6552018672228 13.9451734828763 13.9308297834359 13.9186376389116 14.2184209572151 13.9250923036598 14.0434278240427 14.1302072056569 14.4837793968618 14.2026428878307 14.6401257207617
-9999 -9999 -9999 -9999 -9999 -9999 -9999 -9999 -9999 -9999 -9999 -9999 -9999 -9999 -9999 -9999 -9999 -9999 -9999 -9999 -9999 -9999 -9999 6.46499985549599 13.138340389356 12.8830225393176 13.4130222336389 10.8978545367718 8.47807244118303 10.6238898774609 9.73888362199068 12.65997801302 12.6427655736916 12.5653095967136 12.4760200676974 12.7686315362807 12.8880428341217 12.7991118975915 12.9292809700128 12.9310739324428 13.3577989907935 13.2050385917537 13.577257592231 14.01402324019 11.344660774339 12.5222784983926 13.4065675688908 13.4603564417921 12.5122379087843 13.7522507254034 13.7307351762429 13.9035767544992 12.9439832619391 12.8349711461924 13.177785562817 12.9898831001483 13.7300179912709 14.2700582752004 14.2155522173271 14.3080690787174 14.4238944516983 14.4981230963022
-9999 -9999 -9999 -9999 -9999 -9999 -9999 -9999 -9999 -9999 -9999 -9999 -9999 -9999 -9999 -9999 -9999 -9999 -9999 -9999 -9999 6.31677509107093 12.8967924907804 13.1408505367581 13.1103701754473 10.349208033178 9.53950619976968 10.2186803682707 11.3295998899266 10.6145664728247 8.22347177611664 9.31933041336015 12.4541459260508 12.3293557409197 12.221419402631 12.9959791724104 12.9550996290054 13.3147678924724 13.0881374413148 13.2724539791234 13.6310464651324 13.7027649623342 13.6998962224461 13.8734549856745 13.9882045811974 14.0592058934271 14.0821558125317 11.704687630292 14.3202612232417 13.7622913150117 13.9157688990235 13.5586107829586 13.6009246963076 13.5227515343577 13.2452009501867 13.3577989907935 13.9136173441075 13.8447675867938 13.8497878815979 14.4077577898279 14.3938922137022 14.3573157801293
-9999 -9999 -9999 -9999 -9999 -9999 -9999 -9999 -9999 -9999 -9999 -9999 -9999 -9999 -9999 -9999 -9999 -9999 -9999 -9999 6.62362550173918 9.22251044213772 13.2633098707302 13.2119713798165 13.5980559564196 8.46731466660276 9.10489210672677 8.97723318170756 8.24857325013727 12.7567979842424 12.4950254694559 12.8034150074236 12.7015747413971 12.6026032152586 12.5997344753705 12.6047547701746 12.9949033949524 12.6298562441953 12.8772850595415 12.9568925914355 13.496932875365 13.576540407259 13.9021423845552 13.9308297834359 13.9996795407496 13.9265266736038 14.0376903442666 14.0427106390707 14.1122775813565 14.054185598623 14.1122775813565 13.1534012737684 12.6413312037475 13.2703024242073 14.014740425162 14.1406063877512 14.3640095065348 14.3023315989412 11.5196539075114 14.3883937955834 14.3514587695245 14.4013031250797
-9999 -9999 -9999 -9999 -9999 -9999 -9999 -9999 -9999 -9999 -9999 -9999 -9999 -9999 -9999 -9999 -9999 -9999 -9999 -9999 10.4355076547322 12.9461348168552 13.2624133895151 13.3276772219688 13.3420209214091 13.3950926093385 13.2067120233551 13.2485478133895 13.3800317249261 8.22490614606068 11.8409527749754 12.6757560824044 12.4735099202953 12.2648090934381 12.6800591922365 13.1060670656152 12.6750388974324 12.5559861920774 12.540208122693 13.77591782948 14.1101260264404 14.0448621939868 14.1459852750413 14.0933917104267 14.1796929687262 11.9621570352465 13.7952818237245 13.9501937776804 14.4988402812742 14.3611407666467 14.331377590308 13.8680760983843 14.3539689169265 14.015099017648 12.379558688961 12.5653095967136 13.6102481009439 13.6131168408319 12.140018908307 14.1897335583344 13.337000626605 14.3912625354715
-9999 -9999 -9999 -9999 -9999 -9999 -9999 -9999 -9999 -9999 -9999 -9999 -9999 -9999 -9999 -9999 -9999 -9999 7.2599880984053 13.075084674824 13.298989823088 13.1569871986285 13.3649708405137 13.0250251637772 13.3886379445903 12.9597613313235 13.0049439845607 13.415173788555 12.9482863717712 12.8442945508286 8.19478437723592 12.6829279321246 12.1852015615441 13.2089831090998 11.9349040063098 13.2509384299628 13.1806543027051 13.1462294240482 13.9552140724845 13.9666890320368 13.9839014713652 13.7881099740043 13.7802209393121 13.9645374771208 13.4743415487465 13.8842127602547 14.254997390788 12.9253364526667 14.3381908475421 14.0581301159691 13.5155796846375 14.4073991973419 13.7400585808791 14.33209477528 14.3783532059751 14.2571489457041 10.8347422592342 12.3329416657798 13.1196935800835 12.5036316891201 13.7680287947878 14.4199499343522
-9999 -9999 -9999 -9999 -9999 -9999 -9999 -9999 -9999 -9999 -9999 -9999 -9999 -9999 -9999 -9999 8.35010804849056 12.5518623784883 14.132717353059 13.5700857425109 11.9169743820094 11.8818323183805 11.9499648907222 13.376445800066 13.3326975167729 13.2071901466697 13.0759452967905 12.97984251054 12.9066896433942 12.7747276085429 13.0673390771262 11.5648365607485 12.9507965191733 12.860789805185 13.1519669038244 13.1741996379569 11.4034699420445 11.2399517684244 12.6513717933558 13.8375957370736 13.7551194652915 13.1060670656152 14.2689824977424 13.6382183148526 13.9150517140515 14.4317834863905 14.2496185034979 14.3941312753595 14.4325006713625 14.4748145847116 14.4497131106909 13.4001129041426 14.0251396072563 14.2747199775185 13.1849574125372 14.4418240759987 14.1653492692858 12.9260536376387 12.741019914858 14.6200445415452 14.5164113130886 13.0300454585813
-9999 -9999 -9999 -9999 -9999 -9999 -9999 -9999 -9999 -9999 8.46496867590273 6.97761578930444 8.48120587809579 -9999 -9999 -9999 7.04165339722697 14.0608793250285 14.6247062438633 13.8103427081369 13.776993606938 12.0152287231758 11.5942411446013 13.2724539791234 13.7034821473062 13.3577989907935 13.3319803318009 13.1799371177331 13.0451063429937 13.6528010759503 13.3420209214091 13.3728598752059 13.0278939036652 13.4775688811205 13.4592806643341 10.8325907043181 13.6253089853562 12.8952146838419 12.4892879896797 12.26194035355 12.3702352843247 14.2478255410679 13.4187597134151 12.3107089316472 14.5537049316335 14.3650852839928 14.4475615557749 14.3152409284376 14.3001800440252 14.3270744804759 14.5146183506586 14.5239417552948 14.4891582841519 10.6948911896907 14.4457685933448 14.3926969054155 14.6092867669649 14.6243476513773 14.611796914367 14.6609240849502 14.7383800619282 14.7515284530818
-9999 -9999 -9999 -9999 -9999 -9999 -9999 -9999 -9999 -9999 -9999 -9999 -9999 -9999 -9999 -9999 -9999 7.21499983873218 8.70219274493866 14.2607348705642 13.4089581854641 13.656865124125 12.6513717933558 12.6951200766489 13.3445310688112 11.7538148008753 13.2997070080601 12.0977049949579 13.0250251637772 12.737433989998 10.8498031436466 12.2927793073468 10.4847559928894 9.9748374777846 10.1197088421322 10.3549455129541 10.2394787324592 13.2150791813619 12.1557969776914 12.5251472382806 12.7689901287667 12.8270821115002 12.661412382964 13.2946867132559 14.3073518937454 14.4680013274774 13.7379070259631 14.2105319225229 14.5662556686439 12.5846735909581 14.491309839068 14.4819864344317 10.6203039526008 10.6547288312577 14.3145237434655 14.5992461773567 12.9253364526667 14.3998687551357 14.6663029722404 14.7347941370681 14.6881771138869 14.6802880791947
-9999 -9999 -9999 -9999 -9999 -9999 -9999 -9999 -9999 -9999 -9999 -9999 -9999 -9999 7.52684350813354 13.4847407308407 13.8747869006225 13.5392467887141 12.9772128323093 13.1904080183245 12.6248359493911 12.5570619695354 13.0293282736093 13.020004868973 13.1978667420335 12.3652149895206 13.6002075113356 13.3699911353178 13.3075960427523 10.7099520741031 12.3752555791289 12.3465681802481 11.0635242653079 12.7582323541865 11.3647419535555 11.5669881156646 11.8452558848076 12.0145115382038 12.8923459439538 12.6449171286076 13.2208166611381 13.3047273028642 13.8698690608144 13.4424268174917 12.65997801302 12.7051606662571 14.4195913418662 14.5927915126085 14.5691244085319 12.7101809610613 10.3248237441294 10.9996948027983 10.8698843228631 14.6372569808736 14.4966887263581 14.5669728536159 14.3145237434655 14.5260933102109 14.6602068999782 14.6315195010975 14.3812219458632 14.3747672811151
-9999 -9999 -9999 -9999 -9999 -9999 -9999 -9999 -9999 -9999 -9999 -9999 11.1858572392623 14.0250883797583 14.5515533767175 14.3873180181254 13.2002573586069 13.4531845920719 13.2516556149349 14.3521759544965 14.3923383129295 12.9745831540786 12.7897884929553 13.4146956652403 12.5997344753705 13.8072349065915 13.5332702472806 13.2118518489879 13.2914593808819 13.0931577361189 9.26769309537485 9.71880244277418 13.5514389332384 11.2492751730606 11.6860408210196 13.4625079967082 11.5239570173435 12.9411145220511 14.2047944427468 12.342265070416 12.5108035388403 13.5449842684902 11.1574754966423 14.8662780486047 11.0850398144685 14.5515533767175 11.704687630292 14.6429944606498 14.7100512555335 10.1849726745859 11.6953642256558 14.8308969233185 11.8552964744158 11.9047822374851 14.4895168766379 10.7106692590751 10.8899655020796 14.6200445415452 14.6013977322727 14.8395031429827 14.9094286777545 14.3252815180458
-9999 -9999 -9999 -9999 -9999 -9999 -9999 -9999 -9999 -9999 11.4300057860091 13.9646171643399 14.0827295605093 13.5989524376346 13.8519394365139 13.5653045093641 13.8921017949469 13.9109876658767 14.0766573944129 14.4770378581248 14.6067049010657 13.6198105672374 13.5485701933503 12.7087465911172 13.4617908117361 14.5741447033361 11.6602221620269 13.9262876119465 13.8134505096823 11.6401409828104 11.8660542489961 11.8725089137442 11.8309121853672 13.415173788555 12.6026032152586 13.894970534835 13.9552140724845 13.5962629939895 12.3874477236532 14.810815744102 14.7376628769562 13.6654713437892 12.779030718375 14.7498550214805 14.7247535474598 13.6461073495448 14.7082582931034 14.7261879174039 14.6996520734392 12.0073396884836 11.2693563522771 11.6989501505159 14.5694830010179 12.2382732494734 14.4368037811946 12.5172582035884 14.7584612411447 12.5502487123013 15.0429446133785 14.7867900475394 14.9162419349886 14.9625003656838
-9999 -9999 -9999 -9999 -9999 -9999 -9999 -9999 -9999 -9999 13.0049997093156 13.5258593359031 13.3684969999595 14.9097872702405 15.0350077663548 13.0106814643368 11.0599997527897 -9999 -9999 9.22999979369342 8.5684228029215 8.5997917448246 13.8115380164236 13.7784279768821 13.2375509771518 10.4596545188688 13.1437192766462 14.4855723592918 12.7295449553058 10.6375163919292 11.4601275548339 11.3382061095908 13.6604510489851 12.5896938857622 13.8177536195144 13.7446007523686 11.7900326419622 11.9678945150226 11.2958921962418 10.5349589409307 12.102725289762 14.890423275996 12.5100863538682 14.0348216043785 14.848826547619 14.7003692584112 14.5153355356306 14.7434003567323 11.4034699420445 11.3704794333316 11.785012347158 14.7602542035747 14.1495711999014 14.2270271768793 14.5289620500989 13.7916958988644 14.8201391487382 13.457487701904 15.1074912608601 15.1373739680275 15.0148548686411 15.0259712357074
-9999 -9999 -9999 -9999 -9999 -9999 -9999 -9999 -9999 -9999 -9999 -9999 -9999 -9999 -9999 -9999 -9999 -9999 -9999 -9999 -9999 -9999 -9999 -9999 11.3992447501705 13.9638202921487 11.9255806016736 14.0465356255881 14.2793816798367 9.39965513022617 10.3449049233459 12.6571092731319 13.8648487660103 13.7099368120544 13.7163914768025 11.1201818780974 11.3625903986394 11.6329691330902 12.1966765210964 13.5492873783223 14.929868449457 14.8925748309121 13.6898556328379 12.700140371453 14.9097872702405 14.6049836571328 14.4708700673655 13.0522781927139 14.3647266915068 12.2583544286899 14.6996520734392 14.8251594435424 14.8258766285144 14.8603015071712 14.7412488018163 13.458204886876 14.8975951257162 15.0525070796721 14.7534409463406 14.809381374158 15.4168370454572 14.9599902182817
-9999 -9999 -9999 -9999 -9999 -9999 -9999 -9999 -9999 -9999 -9999 -9999 -9999 -9999 -9999 -9999 -9999 -9999 -9999 -9999 -9999 -9999 -9999 -9999 -9999 10.6396679468453 11.4132346912789 13.8409426002763 13.4252143781632 13.9310688450933 13.8058005366474 13.8615019028075 13.3477584011853 13.7085024421103 14.0046998355538 13.9250923036598 14.6472975704819 14.6300851311535 14.6652271947823 14.7512893914245 14.6888942988589 14.610003951937 14.929151264485 15.0015869466588 14.8796655014157 14.5002746512182 12.299951157067 13.7952818237245 14.0290841246024 14.5949430675246 14.8653218019754 13.9100314192474 14.6272163912654 14.6652271947823 14.9449293338694 14.9625003656838 15.0586031519342 15.1435895711184 14.7570268712007 15.089800698217 15.1916409642436 15.3924527564086
-9999 -9999 -9999 -9999 -9999 -9999 -9999 -9999 -9999 -9999 -9999 -9999 -9999 -9999 -9999 -9999 -9999 -9999 -9999 -9999 -9999 -9999 -9999 -9999 -9999 -9999 -9999 12.7083879986312 14.3812219458632 13.8191879894584 11.7348093991168 13.4718314013444 13.3047273028642 13.4323862278834 13.7465132456273 14.6551866051741 14.7498550214805 14.8215735186823 15.050355524756 15.2375408024527 14.5583666339517 14.3625751365907 14.2851191596128 14.1947538531385 14.3747672811151 11.5296944971196 14.7182988827117 13.0501266377978 13.0515610077418 14.8065126342699 14.2377849514596 14.850260917563 14.8265938134864 14.8287453684025 15.0001525767148 14.2248756219633 15.2583391666412 14.8280281834304 14.9076357153244 15.2569047966972 15.3852809066884 15.3171483343467
