EcologicalScience/Bass/data/rs_data_bass/sst_503.asc
NCOLS 226 
NROWS 124 
XLLCORNER -9.41648524995501 
YLLCORNER 47.587301625531 
CELLSIZE 0.0833 
NODATA_value -9999 
[rows 54 to 80 of 124, columns 0 to 61 of 226]
-9999 -9999 -9999 -9999 -9999 -9999 -9999 -9999 -9999 -9999 -9999 -9999 -9999 -9999 -9999 -9999 -9999 -9999 -9999 -9999 -9999 -9999 -9999 -9999 -9999 -9999 -9999 -9999 -9999 -9999 -9999 -9999 -9999 -9999 -9999 -9999 -9999 -9999 11.6181473103352 11.8165684859268 11.9255806016736 12.4304788219742 12.737433989998 13.6697744536214 13.7321695461869 13.7149571068585 13.8691518758424 13.8677175058983 13.8483535116538 13.8311410723254 13.7716147196479 13.4029816440307 13.6740775634535 13.3872035746463 13.0128330192529 12.8392742560245 12.2669606483541 12.4641865156591 14.2449996815994 15.1399996615946 -9999 10.708517704159
-9999 -9999 -9999 -9999 -9999 -9999 -9999 -9999 -9999 -9999 -9999 -9999 -9999 -9999 -9999 -9999 -9999 -9999 -9999 -9999 -9999 -9999 -9999 -9999 -9999 -9999 -9999 -9999 -9999 -9999 -9999 -9999 -9999 -9999 -9999 -9999 -9999 -9999 15.4899996537715 12.1371501684189 12.3099917466752 12.4032257930376 12.8313852213323 13.336283441633 13.6582994940691 13.7407757658511 13.6489760894328 13.9064454943873 13.8089083381929 13.7386242109351 13.4366893377155 13.2932523433119 13.455336146988 13.4388408926316 12.9898831001483 12.8858912792057 12.1852015615441 13.7797645488754 -9999 13.6649996945634 -9999 16.7249996261671
-9999 -9999 -9999 -9999 -9999 -9999 -9999 -9999 -9999 -9999 -9999 -9999 -9999 -9999 -9999 -9999 -9999 -9999 -9999 -9999 -9999 -9999 -9999 -9999 -9999 -9999 -9999 -9999 -9999 -9999 -9999 -9999 -9999 -9999 -9999 -9999 -9999 -9999 -9999 12.18018126674 12.7446058397181 12.7431714697741 13.0823999615386 13.5980559564196 13.4625079967082 13.7687459797598 13.8060395983048 13.5930356616154 13.9114657891914 13.8046052283607 13.5664998176508 13.2803430138156 13.2358775455505 13.2416150253266 13.0494094528258 12.9074068283662 12.8120212270878 12.2346873246133 11.6200598035939 15.6999996490777 -9999 -9999
-9999 -9999 -9999 -9999 -9999 -9999 -9999 -9999 -9999 -9999 -9999 -9999 -9999 -9999 -9999 -9999 -9999 -9999 -9999 -9999 -9999 -9999 -9999 -9999 -9999 -9999 -9999 -9999 -9999 -9999 -9999 -9999 -9999 -9999 -9999 -9999 -9999 -9999 -9999 -9999 12.8091524871998 13.3097475976683 13.2430493952706 13.2853633086197 13.5908841066994 13.5062562800013 13.8110598931089 13.4833063608967 13.6755119333975 13.7795037543401 13.5406811586581 13.1806543027051 12.7969603426754 12.7969603426754 13.179219932761 13.1204107650556 13.0157017591409 13.0300454585813 12.7426933464594 11.5928067746572 11.3596664906766 -9999
-9999 -9999 -9999 -9999 -9999 -9999 -9999 -9999 -9999 -9999 -9999 -9999 -9999 -9999 -9999 -9999 -9999 -9999 -9999 -9999 -9999 -9999 -9999 -9999 -9999 -9999 -9999 -9999 -9999 -9999 -9999 -9999 -9999 -9999 -9999 -9999 -9999 -9999 -9999 -9999 11.6573534221388 12.938962967135 12.7811822732911 13.4689626614563 13.3893551295623 13.5406811586581 13.7701803497039 13.296838268172 13.6841181530617 13.5155796846375 13.6045106211677 13.5600451529026 13.4201940833591 13.5966215864755 13.1749168229289 13.5177312395535 12.7912228628993 12.9748222157359 12.8751335046254 11.3564226078801 11.4041871270165 16.0049996422604
-9999 -9999 -9999 -9999 -9999 -9999 -9999 -9999 -9999 -9999 -9999 -9999 -9999 -9999 -9999 -9999 -9999 -9999 -9999 -9999 -9999 -9999 -9999 -9999 -9999 -9999 -9999 -9999 -9999 -9999 -9999 -9999 -9999 -9999 -9999 -9999 -9999 -9999 -9999 7.42999983392656 14.1110822730698 12.3350932206959 12.9862971752882 13.0235907938331 13.1318857246079 13.3341318867169 13.4309518579394 13.4252143781632 13.335566256661 13.4761345111765 13.6511276443489 13.8003021185286 13.5700857425109 13.1153904702514 13.3829004648142 12.700857556425 12.9870143602602 12.6234015794471 10.8580507708248 9.93332043662667 -9999 -9999
-9999 -9999 -9999 -9999 -9999 -9999 -9999 -9999 -9999 -9999 -9999 -9999 -9999 -9999 -9999 -9999 -9999 -9999 -9999 -9999 -9999 -9999 -9999 -9999 -9999 -9999 -9999 -9999 -9999 -9999 -9999 -9999 -9999 -9999 -9999 -9999 -9999 -9999 -9999 11.9982553455047 12.2447279142216 12.5724814464338 12.6047547701746 12.9360942272469 13.0888546262868 13.5421155286022 13.5413983436301 13.6288949102163 13.6991790374741 13.7163914768025 13.456770516932 13.6740775634535 13.4596392568201 13.3183538173325 12.4892879896797 12.9927518400364 12.9547410365194 14.649999672547 7.41862374814394 10.827391113271 10.2803582758643 11.0176244270988
-9999 -9999 -9999 -9999 -9999 -9999 -9999 -9999 -9999 -9999 -9999 -9999 -9999 -9999 -9999 -9999 -9999 -9999 -9999 -9999 -9999 -9999 -9999 -9999 -9999 -9999 -9999 -9999 -9999 -9999 -9999 -9999 -9999 -9999 -9999 -9999 -9999 -9999 -9999 12.7367168050259 12.8751335046254 12.8335367762484 12.9568925914355 13.0451063429937 13.3520615110174 13.5449842684902 13.4338205978274 13.4818719909526 13.6324808350764 13.6661885287613 13.7128055519424 13.8505050665699 13.7135227369145 13.4302346729673 13.2860804935917 13.1096529904753 12.1063112146221 11.1101412884891 10.8103579701856 10.7759330915287 10.7587206522003 10.8483687737025
-9999 -9999 -9999 -9999 -9999 -9999 -9999 -9999 -9999 -9999 -9999 -9999 -9999 -9999 -9999 -9999 -9999 -9999 -9999 -9999 -9999 -9999 -9999 -9999 -9999 -9999 -9999 -9999 -9999 -9999 -9999 -9999 -9999 -9999 -9999 -9999 -9999 -9999 12.9768082664277 11.9549851855263 13.0745109268464 13.1125217303634 13.2258369559422 13.2322916206904 13.2867976785637 13.2430493952706 13.5249030892737 13.6704916385934 13.7228461415507 13.7321695461869 13.5012359851971 13.6790978582576 13.4187597134151 13.1577043836005 12.9260536376387 12.2863246425986 12.1902218563482 11.7297891043127 11.4378948207013 10.8627124731429 10.9652699241415 10.8168126349337
-9999 -9999 -9999 -9999 -9999 -9999 -9999 -9999 -9999 -9999 -9999 -9999 -9999 -9999 -9999 -9999 -9999 -9999 -9999 -9999 -9999 -9999 -9999 -9999 -9999 -9999 -9999 -9999 -9999 -9999 -9999 -9999 -9999 -9999 -9999 -9999 -9999 -9999 11.4945524334908 12.3515884750523 12.7611010940745 13.0953092910349 13.1605731234886 13.3004241930321 13.4295174879953 13.1641590483487 13.5564592280425 13.6339152050205 13.7658772398718 13.6697744536214 13.7249976964667 13.5141453146935 13.4890438406728 13.1168248401955 12.6535233482718 12.5997344753705 13.0702078170143 12.4505600011908 11.1503036469221 11.1302224677056 11.0477461959235 11.0742820398882
-9999 -9999 -9999 -9999 -9999 -9999 -9999 -9999 -9999 -9999 -9999 -9999 -9999 -9999 -9999 -9999 -9999 -9999 -9999 -9999 -9999 -9999 -9999 -9999 -9999 -9999 -9999 -9999 -9999 -9999 -9999 -9999 -9999 -9999 -9999 -9999 -9999 11.5999786243774 12.3300729258917 12.2913449374028 12.5990172903985 13.0472578979097 13.376445800066 13.5786919621751 13.653996384237 13.6991790374741 13.495498505421 13.6310464651324 13.7687459797598 13.7838068641722 13.735038286075 13.6912900027819 13.7486648005433 13.2487868750468 12.7654042039067 12.2354045095854 12.1113315094262 11.6924954857677 11.546189751476 11.3647419535555 11.3733481732197 11.1395458723418
-9999 -9999 -9999 -9999 -9999 -9999 -9999 -9999 -9999 -9999 -9999 -9999 -9999 -9999 -9999 -9999 -9999 -9999 -9999 -9999 -9999 -9999 -9999 -9999 -9999 -9999 -9999 -9999 -9999 -9999 -9999 -9999 -9999 -9999 -9999 -9999 -9999 11.5705740405247 12.9547410365194 12.897366238758 13.0415204181336 13.2365947305225 13.5270546441898 13.2932523433119 13.6360667599365 13.6324808350764 13.6877040779218 13.5794091471471 13.6783806732856 13.7895443439484 13.4065675688908 13.5679341875948 13.6224402454682 13.3111819676124 12.8120212270878 13.0630359672941 12.0109256133437 11.8459730697796 11.6465956475586 11.5877864798531 11.7276375493966 11.8502761796117
-9999 -9999 -9999 -9999 -9999 -9999 -9999 -9999 -9999 -9999 -9999 -9999 -9999 -9999 -9999 -9999 -9999 -9999 -9999 -9999 -9999 -9999 -9999 -9999 -9999 -9999 -9999 -9999 -9999 -9999 -9999 -9999 -9999 -9999 -9999 10.0899997744709 10.4758628992364 12.3099917466752 12.619098469615 13.0608844123781 13.2774742739275 13.415173788555 13.654713569209 13.7041993322782 13.6733603784814 13.6798150432296 13.7658772398718 13.7594225751236 13.9250923036598 13.9071626793593 13.6927243727259 13.8827783903107 13.7235633265227 13.3305459618568 12.8127384120598 12.6908169668168 12.4749442902394 12.1636860123836 12.1486251279712 11.4952696184628 11.6451612776145 12.299951157067
-9999 -9999 -9999 -9999 -9999 -9999 -9999 -9999 -9999 -9999 -9999 -9999 -9999 -9999 -9999 -9999 -9999 -9999 -9999 -9999 -9999 -9999 -9999 -9999 -9999 -9999 -9999 -9999 -9999 -9999 -9999 18.0484277694486 -9999 -9999 -9999 10.466826368589 11.4132714699954 12.3623462496325 12.6427655736916 13.1010467708111 13.4259315631352 13.6482589044608 13.7328867311589 13.7214117716067 13.6446729796007 13.8791924654506 13.9781639915891 13.9609515522607 13.976012436673 13.7773521994241 13.5191656094976 13.7522507254034 13.4402752625756 13.8053224133328 13.2014526668936 12.7187871807255 12.5093691688962 12.2282326598652 12.1385845383629 11.9098025322892 12.1923734112643 12.2038483708166
-9999 -9999 -9999 -9999 -9999 -9999 -9999 -9999 -9999 -9999 -9999 -9999 -9999 -9999 -9999 -9999 -9999 -9999 -9999 -9999 -9999 -9999 -9999 -9999 -9999 -9999 -9999 -9999 -9999 11.0171121521188 6.55322427256033 12.1751609719358 12.326008877717 9.64017771991591 11.5127211194485 11.8393988742027 12.1461149805691 12.8457289207727 13.0314798285253 13.2215338461101 13.6669057137333 13.8490706966259 13.933698523324 13.9659718470648 13.9659718470648 13.9408703730442 13.7070680721663 13.8756065405905 13.574388852343 13.4230628232472 13.2796258288436 13.217230736278 12.779030718375 13.2437665802427 12.6176640996709 12.6133609898388 12.4433881514706 12.7044434812851 12.220343625173 12.0869472203776 12.2719809431583 12.1806593900546
-9999 -9999 -9999 -9999 -9999 -9999 -9999 -9999 -9999 -9999 -9999 -9999 -9999 -9999 -9999 -9999 -9999 -9999 -9999 -9999 -9999 -9999 10.7116255057044 11.8452558848076 11.7097079250962 11.9668904560618 11.2923062713817 11.584917739965 12.3236182611436 12.3931852034293 11.7721030176617 11.8416699599475 12.4032257930376 12.5502487123013 12.6908169668168 12.6707357876003 12.8263649265282 13.136906019412 13.2961210832 13.5607623378746 13.7371898409911 13.8340098122135 13.855525361374 13.9631031071767 14.0226294598542 14.0728324078955 14.0592058934271 13.9057283094153 13.8497878815979 13.6238746154122 13.5213171644136 13.3907894995064 13.2480696900748 13.5901669217274 12.7248832529876 12.581446258584 12.3501541051082 12.1371501684189 12.0496536018327 13.9349996885285 -9999 -9999
-9999 -9999 -9999 -9999 -9999 -9999 -9999 -9999 -9999 -9999 -9999 -9999 -9999 -9999 -9999 -9999 -9999 -9999 -9999 -9999 -9999 11.9699026329443 11.704687630292 11.8366496651433 11.9169743820094 11.8359324801713 11.5540787861682 11.3754997281358 12.3680837294087 12.0475020469166 12.4455397063866 12.5265816082247 12.9927518400364 13.0852687014267 13.1942808171734 13.2710196091793 12.9855799903162 13.3506271410733 13.4323862278834 13.7020477773622 13.8368785521016 14.0412762691267 14.0505996737629 14.1875820034184 14.0893276622519 14.0864589223638 13.7171086617745 13.8368785521016 13.7228461415507 13.6697744536214 13.0049439845607 13.3738161218353 13.1218451349996 13.0680562620983 13.1560309519991 14.1908711620831 15.9299996439368 -9999 -9999 -9999 -9999 -9999
-9999 -9999 -9999 -9999 -9999 -9999 -9999 -9999 -9999 -9999 -9999 -9999 -9999 -9999 -9999 -9999 -9999 6.88018432352692 10.6163594352547 11.6824548961595 11.7147282199003 11.8337809252553 11.8696401738562 11.8266090755351 11.8911557230167 12.6413312037475 12.8658100999892 12.619815654587 12.3895992785692 12.6635639378801 13.1928464472294 13.1067842505872 13.175634007901 13.1519669038244 13.377162985038 13.418042528443 13.4288003030233 13.5693685575388 13.5851466269232 13.6382183148526 13.7407757658511 13.8612628411502 14.0979338819161 14.0570543385111 14.0900448472239 13.8784752804786 13.8024536734447 13.6131168408319 12.9705191059038 12.5179753885604 13.1698965281248 13.137623204384 14.4499996770173 -9999 -9999 -9999 -9999 -9999 -9999 -9999 -9999 -9999
-9999 -9999 -9999 -9999 -9999 -9999 -9999 -9999 -9999 -9999 -9999 -9999 -9999 -9999 -9999 -9999 -9999 11.1933347452432 11.4902493236586 11.7771233124658 12.0424817521125 12.2669606483541 12.5509658972733 12.6714529725723 13.0723593719304 13.0737937418744 13.0680562620983 13.1075014355592 13.1684621581808 13.1591387535445 13.1541184587404 13.1892605223693 13.1139561003074 13.2946867132559 13.3900723145343 13.4388408926316 13.5306405690499 13.6511276443489 13.8074739682488 13.7128055519424 13.8662831359543 13.9129001591355 13.9186376389116 13.9968108008616 13.9035767544992 13.8282723324373 13.7924130838364 13.6202886905521 12.9602394546382 13.0049439845607 12.2797675228545 15.8899996448308 -9999 -9999 -9999 -9999 -9999 -9999 -9999 -9999 -9999 -9999
-9999 -9999 -9999 -9999 -9999 -9999 -9999 -9999 -9999 -9999 -9999 -9999 -9999 11.6577120146248 11.8703573588282 11.8251747055911 11.7871639020741 11.4572588149458 12.0747550758533 12.6420483887196 12.658543643076 12.8529007704929 12.9210333428346 12.9733878457919 12.9898831001483 12.8780022445135 12.9131443081424 13.1713308980688 13.1196935800835 13.1232795049436 13.137623204384 13.2100588865578 13.2502212449908 13.3965269792825 13.4531845920719 13.4983672453091 13.6783806732856 13.6719260085374 13.7565538352355 13.814645817969 13.7673116098158 13.856242546346 13.9250923036598 14.0412762691267 13.9380016331561 13.8289895174094 13.7708975346759 13.5607623378746 13.0601672274061 13.0709250019863 13.3183538173325 11.8120263144374 14.5399996750057 -9999 -9999 -9999 -9999 -9999 -9999 22.9292471723498 -9999 -9999
-9999 -9999 -9999 -9999 -9999 -9999 -9999 -9999 -9999 -9999 -9999 11.3876918726601 11.5920895896852 11.6889095609076 11.8653370640241 12.1235236539505 12.259788798634 12.7087465911172 12.9246192676947 13.0128330192529 13.0501266377978 13.0673390771262 13.0723593719304 12.9884487302043 12.8643757300451 12.8851740942337 12.8887600190938 12.9081240133382 13.018570499029 13.1741996379569 13.3262428520247 13.3040101178922 13.3800317249261 13.4732657712884 13.5041047250852 13.2918179733679 13.6511276443489 13.6912900027819 13.6805322282016 13.7443616907112 13.816080187913 13.8691518758424 13.8476363266818 13.8921017949469 13.93585007824 13.8598284712061 13.7931302688085 13.8211004827172 13.3613849156536 13.3090304126963 13.2064729616977 12.4490359831252 11.4253839273006 -9999 -9999 -9999 12.3168182851126 11.6114535839297 11.8897213530727 12.302819896955 11.8746604686603 17.7899996023625
-9999 -9999 -9999 -9999 -9999 -9999 -9999 19.8878067193493 10.309762859717 11.741981248837 11.3195593003184 11.6867580059916 12.142887648195 12.2124545904808 12.461317775771 12.5480971573852 12.8815881693736 12.9733878457919 12.9927518400364 13.0085299094208 13.0422376031056 13.0759452967905 13.0823999615386 13.1075014355592 12.9906002851203 13.0558641175739 13.0372173083015 12.9726706608199 13.096026476007 13.1282997997478 13.1871089674532 13.2387462854385 13.3886379445903 13.3606677306816 13.0537125626579 13.378597354982 13.5155796846375 13.5306405690499 13.6683400836773 13.6518448293209 13.5650654477067 13.8196661127731 13.7214117716067 13.8612628411502 13.8684346908703 13.7723319046199 13.7665944248438 13.5507217482664 13.4926297655329 13.255241539795 13.1598559385166 12.7300230786204 13.0354960643686 12.700140371453 12.6413312037475 12.8299508513883 12.3551743999124 11.9635914051905 12.2016968159005 12.223212365061 12.2167577003129 14.2711788767192
-9999 -9999 -9999 -9999 -9999 11.503158653155 11.7921841968782 11.8466902547516 11.8653370640241 11.8058107113466 12.0546738966368 12.2827387177385 12.7582323541865 12.8285164814442 12.7919400478713 12.8529007704929 12.8665272849612 12.7811822732911 12.8342539612204 12.8952146838419 12.9963377648965 12.9325083023869 13.0902889962308 13.0881374413148 13.0831171465106 13.0149845741689 13.0099642793648 13.019287684001 13.0616015973501 12.9877315452322 13.2746055340394 13.377162985038 13.3979613492265 13.2509384299628 13.1964323720895 13.5722372974269 13.5586107829586 13.2502212449908 13.21794792125 13.3936582393944 13.4417096325196 13.6511276443489 13.7522507254034 13.7780693843961 13.7500991704874 13.9093142342754 13.7206945866346 13.6733603784814 13.5521561182104 13.3936582393944 13.0056611695327 13.2050385917537 12.9109927532263 12.8435773658566 12.9891659151763 12.7467573946342 12.6126438048668 13.0630359672941 12.9647816261277 12.8780022445135 12.6277046892792 12.6535233482718
-9999 -9999 -9999 -9999 -9999 12.1930905962363 12.3953367583454 12.1973937060684 12.2784356079064 12.6571092731319 12.7080294061452 12.8012634525076 12.8098696721718 12.7546464293264 12.6363109089434 12.7646870189346 12.8034150074236 12.7503433194943 12.73815117497 12.8156071519479 12.9210333428346 12.9353770422749 12.9733878457919 13.0931577361189 13.1225623199716 13.1139561003074 13.1627246784046 13.1921292622574 13.1490981639363 12.9992065047845 13.2659993143752 13.0508438227698 12.9977721348405 13.1706137130968 13.3312631468289 13.4309518579394 13.2394634704106 13.2695852392353 13.0049439845607 13.0716421869583 13.295403898228 13.296838268172 13.4761345111765 13.5263374592178 13.7558366502635 13.9458906678483 13.8218176676892 13.8368785521016 13.735755471047 13.5256202742457 13.178861340275 12.9824721887708 13.4402752625756 12.9124271231703 12.8285164814442 13.4983672453091 13.4338205978274 13.3635364705697 13.256675909739 13.1067842505872 12.9332254873589 13.1885433373973
-9999 -9999 -9999 -9999 -9999 12.4641865156591 12.4892879896797 12.6384624638595 12.6076235100627 12.5466627874412 12.5896938857622 12.6829279321246 12.6900997818448 12.6485030534677 12.6434827586636 12.6793420072645 12.7345652501099 12.73815117497 12.7166356258094 12.7331308801658 12.7962431577034 12.8930631289259 12.9841456203721 13.0687734470703 12.9611957012676 12.9934690250084 13.0680562620983 13.175634007901 13.1031983257271 13.0257423487492 13.0953092910349 12.5280159781687 12.9432660769671 13.098178030923 13.1433606841601 13.4467299273238 13.0623187823221 13.3398693664931 12.8815881693736 13.2028870368376 13.2114932565019 13.2452009501867 13.53422649391 13.8741721706465 13.9035767544992 13.7673116098158 13.6834009680897 13.7536850953475 13.7838068641722 13.6410870547406 13.6798150432296 13.2150791813619 13.0694906320423 13.3398693664931 13.5708029274829 13.6023590662517 13.5578935979865 13.6109652859159 13.5320749389939 13.3097475976683 13.5801263321191 13.1512497188523
-9999 -9999 -9999 -9999 -9999 12.5057832440361 12.5459456024691 12.4928739145398 12.5466627874412 12.4885708047077 12.4376506716944 12.4570146659389 12.5911282557063 12.6384624638595 12.6104922499508 12.618381284643 12.6477858684957 12.6384624638595 12.661412382964 12.65997801302 12.5688955215737 12.7603839091025 12.9088411983103 12.9231848977506 12.8758506895974 12.9411145220511 12.8658100999892 13.1469466090202 13.2638477594592 13.2530899848789 12.8163243369199 12.5567033770494 12.7453230246902 12.8113040421158 12.7123325159773 13.0752281118184 12.9590441463515 12.9827112504281 12.9992065047845 13.059450042434 13.1605731234886 13.3255256670527 13.4804376210086 13.4531845920719 13.4359721527435 13.3950926093385 13.4381237076595 13.696310297586 13.7221289565787 13.69415874267 13.7321695461869 13.5600451529026 13.6747947484255 13.7034821473062 13.6927243727259 13.5492873783223 13.5464186384343 13.5550248580985 13.5901669217274 13.3929410544224 13.4718314013444 13.3606677306816
-9999 -9999 -9999 -9999 -9999 12.3974883132614 12.3831446138211 12.378841503989 12.4319131919183 12.3680837294087 12.3781243190169 12.4455397063866 12.5330362729728 12.5308847180568 12.5158238336444 12.5624408568256 12.6485030534677 12.6728873425163 12.6814935621805 12.65997801302 12.6061891401187 12.6657154927962 12.7689901287667 12.7130497009493 12.7818994582631 12.8550523254089 13.0558641175739 12.9683675509878 13.0372173083015 13.0106814643368 12.8722647647373 12.699423186481 12.6700186026283 12.6649983078241 12.619098469615 12.6664326777682 12.7532120593823 12.9325083023869 13.0386516782455 13.057298487518 13.1863917824812 13.2997070080601 13.4754173262045 13.4072847538628 13.3542130659334 13.4187597134151 13.5162968696095 13.5392467887141 13.5700857425109 13.6037934361957 13.6410870547406 13.6683400836773 13.5428327135742 13.6418042397127 13.5621967078187 13.5098422048613 13.7077852571383 13.7379070259631 13.6410870547406 13.574388852343 13.3649708405137 13.3864863896742
