EcologicalScience/Bass/data/rs_data_bass/sst_339.asc
NCOLS 226 
NROWS 124 
XLLCORNER -9.41648524995501 
YLLCORNER 47.587301625531 
CELLSIZE 0.0833 
NODATA_value -9999 
[rows 0 to 26 of 124, columns 0 to 61 of 226]
-9999.000000000000000 -9999 -9999 -9999 -9999 -9999 -9999 -9999 -9999 -9999 -9999 -9999 -9999 -9999 -9999 -9999 -9999 -9999 -9999 -9999 -9999 -9999 -9999 -9999 -9999 -9999 -9999 -9999 -9999 -9999 -9999 -9999 -9999 -9999 -9999 -9999 -9999 -9999 -9999 -9999 -9999 -9999 -9999 -9999 -9999 -9999 -9999 -9999 -9999 -9999 -9999 -9999 -9999 -9999 -9999 -9999 -9999 -9999 -9999 -9999 -9999 -9999
-9999 -9999 -9999 -9999 -9999 -9999 -9999 -9999 -9999 -9999 -9999 -9999 -9999 -9999 -9999 -9999 -9999 -9999 -9999 -9999 -9999 -9999 -9999 -9999 -9999 -9999 -9999 -9999 -9999 -9999 -9999 -9999 -9999 -9999 -9999 -9999 -9999 -9999 -9999 -9999 -9999 -9999 -9999 -9999 -9999 -9999 -9999 -9999 -9999 -9999 -9999 -9999 -9999 -9999 -9999 -9999 -9999 -9999 -9999 -9999 -9999 -9999
-9999 -9999 -9999 -9999 -9999 -9999 -9999 -9999 -9999 -9999 -9999 -9999 -9999 -9999 -9999 -9999 -9999 -9999 -9999 -9999 -9999 -9999 -9999 -9999 -9999 -9999 -9999 -9999 -9999 -9999 -9999 -9999 -9999 -9999 -9999 -9999 -9999 -9999 -9999 -9999 -9999 -9999 -9999 -9999 -9999 -9999 -9999 -9999 -9999 -9999 -9999 -9999 -9999 -9999 -9999 -9999 -9999 -9999 -9999 -9999 -9999 -9999
-9999 -9999 -9999 -9999 -9999 -9999 -9999 -9999 -9999 -9999 -9999 -9999 -9999 -9999 -9999 -9999 -9999 -9999 -9999 -9999 -9999 -9999 -9999 -9999 -9999 -9999 -9999 -9999 -9999 -9999 -9999 -9999 -9999 -9999 -9999 -9999 -9999 -9999 -9999 -9999 -9999 -9999 -9999 -9999 -9999 -9999 -9999 -9999 -9999 -9999 -9999 -9999 -9999 -9999 -9999 -9999 -9999 -9999 -9999 -9999 -9999 -9999
-9999 -9999 -9999 -9999 -9999 -9999 -9999 -9999 -9999 -9999 -9999 -9999 -9999 -9999 -9999 -9999 -9999 -9999 -9999 -9999 -9999 -9999 -9999 -9999 -9999 -9999 -9999 -9999 -9999 -9999 -9999 -9999 -9999 -9999 -9999 -9999 -9999 -9999 -9999 -9999 -9999 -9999 -9999 -9999 -9999 -9999 -9999 -9999 -9999 -9999 -9999 -9999 -9999 -9999 -9999 -9999 -9999 -9999 -9999 -9999 -9999 -9999
-9999 -9999 -9999 -9999 -9999 10.6418195017613 10.6468397965655 10.6633350509219 10.6246070624329 10.7364879180677 8.49528488051146 10.3936735014431 10.6995528920088 10.2602770966478 10.231231105281 9.53161716507748 9.58970914781094 9.44985807826743 9.54237493965775 9.37096773134544 9.47854547714815 9.37598802614957 9.75466169137508 10.2552568018436 10.2371804806171 9.84133193614569 9.69991113862488 9.68437756411731 9.87419252004474 9.95571254519746 7.05266730929725 9.23706929706968 10.5995303189286 10.5698592568162 12.3249997245148 7.86941018581622 10.4146364654613 12.2299997266382 9.34999979101121 9.25918933070664 9.26365078007802 10.1627399404533 10.4380365147122 12.8799997121096 -9999 -9999 -9999 -9999 -9999 -9999 -9999 -9999 -9999 -9999 -9999 -9999 -9999 -9999 -9999 -9999 -9999 -9999
-9999 -9999 -9999 -9999 -9999 10.7364879180677 10.7425839903299 10.6009399583563 10.5758384843357 10.070223079063 10.430249935016 10.7288379450329 10.3757438771427 10.5952024785802 10.2208319231868 10.1024964028038 9.98093355004676 9.96909999800846 10.231589697767 10.2662536380813 9.74103517690673 9.87801750656217 11.4382534131873 9.47735016886145 10.6024317030981 9.95003131522304 9.68965399641144 10.0539668863639 9.97220779955387 9.69800407858565 10.0216935626231 9.45631274301559 9.18485823110677 9.44698933837935 10.7173552738142 10.2884889707101 12.0099997315556 -9999 13.2149997046217 9.87677438594401 9.89379557594657 9.35928786180115 9.92857904708944 10.2080346538423 10.1985752828885 11.3455534407403 -9999 -9999 -9999 -9999 -9999 -9999 -9999 -9999 -9999 -9999 -9999 -9999 -9999 -9999 -9999 -9999
-9999 -9999 -9999 -9999 -9999 10.6898708948866 10.6464812040795 10.5170293166302 10.7128208139911 10.7537003573962 10.6626178659499 10.7049317792989 10.5908993687481 10.6411023167893 8.64230779977515 9.59974973741919 9.54022338474169 9.97519607027061 10.108951067552 9.91674549505115 9.63811913342215 10.4499725217465 9.69226659880951 10.191427339334 12.0636074304897 10.6888816742355 9.81194684101501 10.2362514000852 9.89140495937318 9.96372111071832 9.98559525236487 9.8511230701115 9.69298378378153 9.41973630944267 9.53592027490959 10.8843764054011 10.5321858257055 12.3099997248501 12.0549997305498 9.60278997806144 10.4569531221408 10.4957093633711 9.13737034045958 8.73518325365148 9.65626391321421 9.75499978195876 -9999 -9999 -9999 -9999 -9999 -9999 -9999 -9999 -9999 -9999 -9999 -9999 -9999 -9999 -9999 -9999
-9999 -9999 -9999 -9999 -9999 10.550019825343 10.3599658077583 10.6253242474049 10.8117923401296 10.7802362013608 10.7372051030397 10.7386394729838 10.50985746691 10.1677602352574 10.2817926458083 10.3155003394932 9.51799065060914 10.0114139113575 9.9389782291837 9.62126528657973 9.49862665636465 9.51512191072106 9.91459394013509 9.61983091663569 9.75367858388534 9.77904598042369 7.84910122072324 9.64636676060036 9.39033172558993 10.271034871228 10.0576723420527 9.47352518234402 8.92774741863832 9.48500014189631 10.1723024067469 9.59525103168562 10.3676635931246 10.5291596348638 9.7451736869092 12.7302011032589 10.0876537920786 10.3850672817789 9.7569223831347 9.71999978274107 9.65609657005407 9.4323958329375 9.33499979134649 -9999 -9999 -9999 -9999 -9999 -9999 -9999 -9999 -9999 -9999 -9999 -9999 -9999 -9999 -9999
-9999 -9999 -9999 -9999 -9999 10.8458586263005 10.6428952792194 10.6798303052783 10.6783959353343 10.7364879180677 10.7673268718645 10.7450941377319 10.6152836577967 10.2638630215079 10.0802636686713 9.76972257578745 9.78478346019983 9.93395793437958 9.87730032159016 9.42188786435872 9.46993925748393 9.60046692239121 9.62843713629991 9.79625841975212 9.96981718298048 9.59520756592974 9.76039917115122 9.72310555260628 9.69728689361364 9.22035888722166 10.467184961075 9.6083559570834 9.54524367954582 9.9626453332603 10.0871964567341 9.90933458367363 9.95499536022544 10.1240119519643 10.8150196725037 9.5803857431747 9.9602547166869 10.1413547885604 9.06482380533927 9.50523820532544 9.92750326963142 12.9201604700216 12.0949997296557 -9999 -9999 -9999 -9999 -9999 -9999 -9999 -9999 -9999 -9999 -9999 -9999 -9999 -9999 -9999
-9999 -9999 -9999 -9999 -9999 10.8372524066363 10.8103579701856 10.6525772763416 10.8003173805773 10.8003173805773 10.7601550221443 10.6812646752223 10.3836329118349 10.2000335589983 10.2817926458083 10.1283150617965 10.2566911717877 10.50806450448 9.79374827235006 9.53520308993757 9.59186070272699 9.77761161047965 9.79482404980808 9.62014966551214 9.50253133010119 10.1443321928382 10.9114810512401 9.76434368849732 9.5724967084825 10.098432354629 10.1342916032299 10.1919054626487 10.3035472566262 10.0673543391749 9.88267920888029 10.3392698985658 9.84574418282136 10.0723746339791 10.1039307727478 9.59090445609763 9.69469879132331 10.7303918458056 10.723435151577 10.2347453116439 10.1082099764142 12.039999730885 -9999 -9999 -9999 -9999 -9999 -9999 -9999 -9999 -9999 -9999 -9999 -9999 -9999 -9999 -9999 -9999
-9999 -9999 -9999 -9999 -9999 10.6418195017613 10.7389980654698 10.7666096868925 10.7967314557172 10.8878139471635 10.5406964207068 10.4194921604358 10.2803582758643 9.99348428705707 10.191427339334 10.0867183334194 10.190710154362 10.1379970589187 9.98021636507474 9.95726644597016 10.0401013102382 9.7754600555636 9.69656970864162 8.74455788578572 9.06472974829376 10.9530777796172 10.0522934547625 9.20529800280929 9.72669147746637 10.3348643337376 9.71019622310996 9.9665898506064 10.1254463219084 10.0390255327802 9.99886317434721 10.0167927986477 10.560000649537 10.0990539149381 9.25801109825261 9.1056744903326 10.5136824534275 10.3725165447686 10.4432980745069 9.05105542149395 9.72327289576642 9.78184300181456 12.2549997260794 -9999 -9999 -9999 -9999 -9999 -9999 -9999 -9999 -9999 -9999 -9999 -9999 -9999 -9999 -9999
-9999 -9999 -9999 -9999 -9999 10.8351008517202 10.8297219644301 10.7963728632312 10.787408051081 10.6095461780205 10.3198034493253 9.96121096331626 10.2652973914519 10.2000335589983 10.1067995126359 10.0924558131956 10.1577196456492 10.0099795414135 9.85793632734567 9.86510817706585 9.81418804405257 9.78550064517185 8.90981779433787 9.34012877754867 9.43479719385505 10.8137048333883 9.42045349441469 10.4101687557995 10.935387216974 10.0415356801823 9.93539230432361 9.75681324629113 9.73601488210261 9.56532485876232 9.60477003222331 10.1718242834322 11.0307728182524 9.88949246611446 9.97701559510703 9.72740866243839 9.13644824549556 8.90264594461769 9.42744604789186 11.0605325794247 9.93791798474815 12.1299997288734 -9999 -9999 -9999 -9999 -9999 -9999 -9999 -9999 -9999 -9999 -9999 -9999 -9999 -9999 -9999 -9999
-9999 -9999 -9999 -9999 -9999 10.8480101812165 10.8107165626716 10.7149723689072 10.7389980654698 10.74616991519 10.7698370192666 10.4001281661913 10.5708181895316 10.2760551660322 10.3829157268628 10.4811700680293 10.189275784418 10.0508590848185 10.029343535658 9.83211766835302 9.89809868577868 9.8550675874576 9.31215856363997 10.2401959174313 10.269241908798 10.7572862822562 10.6382335769013 10.1605883855373 9.97985777258873 10.0938901831396 9.8751487666741 9.70661029824987 9.66931667970493 9.58970914781094 9.76972257578745 10.3750266921706 9.93539230432361 8.955000447575 10.1788766023237 9.10489210672677 9.52516250032932 9.94256415404379 10.5760396459742 10.1401964261662 11.8749997345731 -9999 -9999 -9999 -9999 -9999 -9999 -9999 -9999 -9999 -9999 -9999 -9999 -9999 -9999 -9999 -9999 -9999
-9999 -9999 -9999 -9999 -9999 10.7852564961649 10.8569749933667 10.8835108373314 10.6959669671487 10.4861903628334 10.6740928255022 10.5277870912105 10.4474623743445 10.311197229661 10.5363933108747 10.4453108194284 10.2014679289423 9.98559525236487 10.0207373159938 9.82494581863284 9.30283515900373 9.43336282391101 9.47997984709218 9.44985807826743 10.1451689086389 10.4840388079174 10.8146610800177 10.1394314288627 10.2599185041618 10.1668039886281 10.1319009866565 10.0049592466094 9.8550675874576 10.7393566579558 10.3922391314991 9.47209081239998 8.42213201336563 9.65748312766664 9.84087757051124 10.0903042582795 9.86384303054218 9.8511230701115 9.45218691486196 11.692932033142 9.65793036099188 11.9879767176368 -9999 -9999 -9999 -9999 -9999 -9999 -9999 -9999 -9999 -9999 -9999 -9999 -9999 -9999 -9999 -9999
-9999 -9999 -9999 -9999 -9999 10.9559465195052 10.0164342061616 9.81347085908055 10.7676854643505 10.6199453601148 10.4567857789807 10.5614947848953 10.4876247327775 10.4428006720264 10.2739036111161 10.1598712005652 9.44985807826743 10.0777535212692 10.2172459983267 8.79506819881499 8.55194249330088 10.2921918279026 10.430249935016 10.3456221083179 10.4650334061589 10.5980712184682 9.4247566042468 10.2198756765574 10.0386669402942 10.0028076916933 9.93790245172568 10.1340525415726 10.787049458595 10.7250129585154 10.1557611789948 9.79625841975212 8.91591386660002 9.82028411631472 8.24484388828278 11.0546311716549 9.9251561188139 9.56068330208949 12.1230826043688 -9999 -9999 -9999 -9999 13.2249997043982 13.2249997043982 -9999 -9999 -9999 -9999 -9999 -9999 -9999 -9999 -9999 -9999 -9999 -9999 -9999
-9999 -9999 -9999 -9999 -9999 10.1598712005652 11.1151615832932 11.1646473463625 10.8996474992018 10.6930982272606 10.6131321028806 10.7099520741031 10.6615420884918 10.4962309524417 10.1792351948097 10.1684774202295 9.86008788226172 10.0551621946506 9.90742209041491 10.030777905602 10.3682134349365 10.5650807097554 10.3406018135138 10.7623065770604 9.3494521821849 10.6489913514815 9.00018310081214 10.1071581051219 9.14003417035565 10.1835383046418 9.29255550773814 8.89834283478558 9.35471153864637 9.89630572334863 9.95332192862406 9.20888392766938 9.46225513278374 10.7294780133412 10.7467573964968 -9999 -9999 -9999 -9999 -9999 -9999 -9999 -9999 -9999 -9999 -9999 -9999 -9999 -9999 -9999 -9999 -9999 -9999 -9999 -9999 -9999 -9999 -9999
-9999 -9999 -9999 -9999 -9999 10.0501418998465 10.1189916571602 9.69370096875355 10.5701010045595 10.7848979036789 10.6540116462857 10.5158340083435 10.5313730160706 10.468260738533 10.4643162211869 9.85004729265347 9.88662372622639 9.99276710208505 9.89020965108648 10.4230780852959 10.4869075478055 10.427381195128 9.8672597319819 10.3520767730661 10.0164342061616 10.2358928075992 10.2756965735462 9.80845056427643 9.84072388801724 9.87649348849664 9.58468885300681 9.99922176683322 9.81466616736725 9.50006102630869 9.84000670304522 9.45487837307155 9.42690815916285 9.52014220552519 10.8965685499254 9.36566539750738 11.6199997402728 -9999 -9999 -9999 -9999 -9999 -9999 -9999 -9999 -9999 -9999 -9999 -9999 -9999 -9999 -9999 -9999 -9999 -9999 -9999 -9999 -9999
-9999 -9999 -9999 -9999 -9999 10.7852564961649 11.2098299995996 10.9939573230222 10.7805947938468 11.1151615832932 11.184728525579 10.7651753169484 10.8447828488424 10.5851618889719 10.4887005102355 10.3241065591574 10.428456972586 6.47999510914087 9.990615547169 10.3513595880941 10.2982879001647 10.1548509057611 10.6396679468453 10.190710154362 9.57321389345452 10.270676278742 10.1279564693104 9.97376170032658 9.48500014189631 9.70732748322189 9.47424236731604 9.45989866787568 9.46993925748393 9.48141421703622 9.52085939049721 9.63704335596412 9.56747641367838 9.49217199161649 11.3684666884102 10.0417101305809 9.87412589630418 9.80499978084117 11.6476373979924 7.82945322668145 9.21820733230561 11.8499997351319 -9999 -9999 -9999 -9999 -9999 -9999 -9999 -9999 -9999 -9999 -9999 -9999 -9999 -9999 -9999 -9999
-9999 -9999 -9999 -9999 -9999 11.0839640370104 11.0377056063153 11.0975905514788 11.1381115023978 11.1187475081533 11.0850398144685 10.9441129674669 10.8727530627511 10.9172185310163 10.5611361924093 10.5557573051192 10.5980712184682 10.74796287762 10.6963255596347 10.4531998541206 10.4632404437289 10.2739036111161 10.3255409291014 10.310480044689 10.2559739868157 9.77115694573149 10.0135654662736 9.92965482454747 9.78908657003194 9.66859949473292 9.57321389345452 9.60261847730726 9.57751700328663 9.22251044213772 9.44770652335137 9.14505446515977 9.95541371812578 9.83567241125781 9.35759735436711 9.05988874973264 9.54273353214376 9.01610460719094 9.13501387555152 9.37455365620553 9.20744955772534 12.1952421511523 11.5049997428432 -9999 -9999 -9999 -9999 -9999 -9999 -9999 -9999 -9999 -9999 -9999 -9999 -9999 -9999 -9999
-9999 -9999 -9999 -9999 -9999 11.0326853115112 11.2428205083124 11.0065080600325 11.0075838374905 11.1352427625097 11.1632129764184 11.1201818780974 10.9100466812961 10.7967314557172 10.6783959353343 10.5277870912105 6.41975157149136 10.7178411087953 10.6497085364535 10.6597491260618 10.6174352127127 10.785973681137 10.6948911896907 10.746528507676 10.7042145943269 10.6009399583563 10.3649861025624 10.0386669402942 9.90957364533097 9.5681935986504 9.5007782112807 9.41758475452662 9.67433697450906 9.55528426915407 9.30283515900373 9.4010895001702 9.7596819861792 8.88256476540118 9.5244453153573 9.74772890331224 9.20529800280929 9.35411388450302 9.48643451184034 9.19915070304913 7.7795342784375 9.83387078717351 -9999 -9999 -9999 -9999 -9999 -9999 -9999 -9999 -9999 -9999 -9999 -9999 -9999 -9999 -9999 -9999
-9999 -9999 -9999 -9999 -9999 11.2535782828927 11.1087069185451 11.0484633808956 11.1431317972019 11.1022522537969 11.1402630573139 11.0448774560355 11.1825769706629 10.8874553546775 10.8537476609927 10.7404324354138 10.7508316175081 10.6231726924889 10.6425366867334 10.8003173805773 10.6339304670691 10.7737815366127 10.8440656638704 10.8483687737025 10.6755271954462 10.6575975711457 10.6059602531604 10.6468397965655 10.3829157268628 10.2566911717877 10.3865016517229 9.50364695116878 9.56604204373434 9.51583909569308 9.69872126355767 9.85255744005553 9.66644793981686 9.83606218569912 9.6123004744295 9.47376424400136 9.2497634710744 9.10811943910085 8.85507267480716 9.67935726931319 9.70514474635053 9.2351807099767 9.64091418992269 -9999 -9999 8.96037933486514 -9999 -9999 -9999 -9999 10.9150669761002 -9999 -9999 -9999 -9999 -9999 -9999 -9999
-9999 -9999 -9999 -9999 -9999 11.2048097047955 9.81992552382872 11.1797082307748 11.0893429243006 11.1130100283772 11.14600053709 11.1338083925657 11.1001006988809 10.7798776088748 10.8810006899294 10.7149723689072 10.6626178659499 10.6461226115935 10.7314676232636 10.825418854598 10.8863795772195 10.8548234384507 10.7845393111929 10.826853224542 10.7945799008012 10.8247016696259 10.0773949287832 10.0788292987272 10.270317686256 10.0989104779437 9.10489210672677 9.33295692782849 9.34299751743674 9.73207036475651 9.72597429249436 9.92427593725733 9.75788902374916 9.6399120958522 10.6843540874095 9.96384064154699 9.84526605950668 9.25406658090651 10.4571320062086 9.16382783648613 8.86355936364271 9.54516399232671 11.2048097047955 9.82058997461161 9.41998732418288 9.07125613153912 -9999 -9999 -9999 9.72359935209522 9.46556560486769 9.79499978106469 -9999 -9999 -9999 -9999 -9999 -9999
-9999 -9999 -9999 -9999 -9999 11.1696676411666 11.1553239417262 9.5724967084825 11.06782737514 10.9387340801768 11.0599383404478 11.0161900571547 10.8218329297379 10.709234889131 9.91029083030298 10.3355815187097 10.8749046176672 10.7522659874521 10.8469344037585 10.8827936523594 10.905743571464 10.9143497911282 10.8899655020796 10.9150669761002 10.8361766291782 10.7027802243829 10.4402905246243 10.4840388079174 10.2739036111161 9.69441815372556 9.98057495756075 10.0917386282235 10.1168401022442 9.66501356987283 9.80486463941634 9.79769278969616 9.79840997466817 9.46420177770779 9.66537216235884 9.64062928082421 9.60883408039808 10.4009349992848 9.18115277541801 9.24466042415812 13.2068641535006 9.1298468838213 8.95999979972839 9.04274431932396 9.27891191743713 9.59445999712811 8.63543445407035 8.71534319696868 -9999 10.5442455668504 11.5791114890272 -9999 -9999 -9999 -9999 -9999 -9999 -9999
-9999 -9999 -9999 -9999 -9999 11.0875499618705 11.0366298288573 10.9892956207041 11.0613727103919 11.0201345745008 11.1232896796428 10.945188744925 10.9222388258204 11.1001006988809 10.6730170480441 10.5589846374933 11.0836054445244 11.066393005196 11.1438489821739 11.1194646931253 11.064958635252 10.9566637044773 10.9294106755406 10.9021576466039 10.9114810512401 10.8024689354934 10.6633350509219 10.0178685761057 9.88554794876836 10.0422528651543 9.96874140552245 9.32004759833217 9.71951962774619 9.50185398873873 9.10991240153089 9.08481092751026 9.35949277179316 9.96479688817635 11.0799034703161 9.39278846560046 9.76102187666585 9.32301196288318 9.15993605332915 9.30857263877988 10.390087576583 10.0071108015254 8.17499981727451 11.5899997409433 9.51259939806086 9.68010433699237 9.38128230172952 9.09509962435208 10.5423514629499 10.5368543583567 11.922322990018 -9999 -9999 -9999 -9999 -9999 -9999 -9999
-9999 -9999 -9999 -9999 -9999 10.9692144414876 11.184011340607 11.14779349952 11.0481047884095 11.0900601092726 11.0624484878499 11.186521488009 10.9950331004802 11.0620898953639 10.8347422592342 10.9089709038381 11.0298165716231 11.2126987394877 11.0312509415671 10.8763389876112 10.786690866109 10.6956083746627 10.588747813832 10.787408051081 10.4400514629669 10.6203039526008 10.1731391225476 9.9346751193516 9.90993223781697 9.78801079257391 8.93993956316262 9.48643451184034 5.30524612497538 6.94975126581267 9.73099458729848 9.80235449201427 9.24647316009167 9.92916248738908 7.8349998248741 9.38190090442431 9.02815331472084 9.33761863014661 9.30857263877988 9.66334013827145 9.08767966739833 10.8542915934153 9.49444827435376 -9999 11.6663694617871 9.38008622598967 9.19787302898133 8.63585313502699 9.84759691066574 10.1548509057611 10.2402611160651 9.87999977916479 -9999 -9999 -9999 -9999 -9999 -9999
-9999 -9999 -9999 -9999 -9999 11.1997894099914 11.2363658435643 11.0954389965627 11.104045216227 11.1610614215024 11.0922116641887 10.7257301434875 10.9283348980825 10.788842421025 10.8982131292578 11.145283352118 10.9000060916878 11.2550126528367 10.6601077185478 10.8799249124713 10.7558519123122 10.6052430681884 10.7902767909691 10.6396679468453 10.5959196635522 10.2803582758643 9.97985777258873 9.9748374777846 9.90455335052684 9.84610277530737 9.59365366515703 9.47029784996994 9.52874842518941 9.58970914781094 9.69621111615561 9.48320717946626 9.53341012750752 9.7955412347801 -9999 9.40163934198208 9.09054840728641 9.73099458729848 9.43216751562431 9.57273577013984 10.1654293840984 10.7227624815343 -9999 9.49073762167245 9.43168939230964 10.7146137764212 8.44771161070094 9.79769278969616 9.74659336043987 10.1928617092781 12.4999997206032 -9999 -9999 -9999 -9999 -9999 -9999 -9999
