EcologicalScience/Bass/data/rs_data_bass/sst_8.asc
NCOLS 226 
NROWS 124 
XLLCORNER -9.41648524995501 
YLLCORNER 47.587301625531 
CELLSIZE 0.0833 
NODATA_value -9999 
[rows 81 to 107 of 124, columns 62 to 123 of 226]
8.14333315131565 -9999 -9999 -9999 -9999 -9999 -9999 -9999 -9999 -9999 -9999 -9999 -9999 -9999 -9999 -9999 -9999 -9999 -9999 -9999 -9999 -9999 -9999 -9999 -9999 -9999 -9999 -9999 -9999 -9999 -9999 -9999 -9999 -9999 -9999 -9999 -9999 -9999 -9999 -9999 -9999 -9999 -9999 -9999 -9999 -9999 -9999 -9999 -9999 -9999 -9999 -9999 -9999 -9999 -9999 -9999 -9999 -9999 -9999 -9999 -9999 -9999
7.61499982979149 -9999 -9999 -9999 -9999 -9999 -9999 -9999 -9999 -9999 -9999 -9999 -9999 -9999 -9999 -9999 -9999 -9999 -9999 -9999 -9999 -9999 -9999 -9999 -9999 -9999 -9999 -9999 -9999 -9999 -9999 -9999 -9999 -9999 -9999 -9999 -9999 -9999 -9999 -9999 -9999 -9999 -9999 -9999 -9999 -9999 -9999 -9999 -9999 -9999 -9999 -9999 -9999 -9999 -9999 -9999 -9999 -9999 -9999 -9999 -9999 -9999
-9999 -9999 -9999 -9999 -9999 -9999 -9999 -9999 -9999 -9999 -9999 -9999 -9999 -9999 -9999 -9999 -9999 -9999 -9999 -9999 -9999 -9999 -9999 -9999 -9999 -9999 -9999 -9999 -9999 -9999 -9999 -9999 -9999 -9999 -9999 -9999 -9999 -9999 -9999 -9999 -9999 -9999 -9999 -9999 -9999 -9999 -9999 -9999 -9999 -9999 -9999 -9999 -9999 -9999 -9999 -9999 -9999 -9999 -9999 -9999 -9999 -9999
-9999 -9999 -9999 -9999 -9999 -9999 -9999 -9999 -9999 -9999 -9999 -9999 -9999 -9999 -9999 -9999 -9999 -9999 -9999 -9999 -9999 -9999 -9999 -9999 -9999 -9999 -9999 -9999 -9999 -9999 -9999 -9999 -9999 11.3199997469783 11.209999749437 11.1449997508898 -9999 -9999 -9999 -9999 -9999 -9999 -9999 -9999 -9999 -9999 -9999 -9999 -9999 -9999 -9999 -9999 -9999 -9999 -9999 -9999 17.2699996139854 15.5599996522069 6.11999986320734 6.04499986488372 6.02499986533076 6.02499986533076
-9999 -9999 -9999 -9999 -9999 -9999 -9999 -9999 -9999 -9999 -9999 -9999 -9999 -9999 -9999 -9999 -9999 -9999 -9999 -9999 -9999 -9999 -9999 -9999 -9999 -9999 -9999 -9999 -9999 -9999 -9999 -9999 -9999 17.3699996117502 15.8799996450543 17.7449996033683 18.0849995957687 17.5149996085092 17.3899996113032 16.949999621138 15.6399996504188 -9999 17.819999601692 5.85999986901879 5.85999986901879 9.03416646473731 6.52999985404313 6.40999985672534 6.32999985851347 6.29999985918403 6.22999986074865 8.92093730060151 -9999 -9999 5.91499986778945 5.83999986946583 5.83999986946583 5.92499986756593 6.22499986086041 6.29499985929579 6.5149998543784 6.68999985046685
-9999 -9999 -9999 -9999 -9999 -9999 -9999 -9999 -9999 -9999 -9999 -9999 -9999 15.5049996534362 14.9299996662885 7.5262498317752 7.46749983308837 7.46374983317219 15.064999663271 -9999 -9999 -9999 -9999 -9999 -9999 11.894999734126 -9999 17.8599996007979 9.73461516702977 8.46499981079251 8.45999981090426 8.45899981092662 8.69772707831792 17.7399996034801 18.4599995873868 -9999 18.2949995910749 6.3469998581335 6.20499986130744 6.33499985840172 6.24999986030161 8.44045435679569 7.09499984141439 6.75499984901398 6.94499984476715 6.83499984722584 6.83499984722584 6.76999984867871 6.64999985136092 6.55999985337257 6.57999985292554 6.67999985069036 6.59499985259026 6.51999985426664 6.15499986242503 6.09499986376613 6.12999986298382 6.37999985739589 6.55499985348433 6.8049998478964 7.12499984074384 7.15999983996153
-9999 -9999 -9999 -9999 -9999 -9999 -9999 -9999 12.1349997287616 12.1349997287616 9.80124978092499 7.85499982442707 7.83999982476234 7.82499982509762 7.69299982804805 7.62399982959032 7.22499983850867 7.25999983772635 7.21999983862042 7.66071411448398 7.68071411403694 7.6811109394249 8.91199980080128 8.86999980174005 9.4324997891672 9.4449997888878 8.07781231944682 10.9299997556955 6.9678569871134 8.48099981043488 8.38999981246889 7.20999983884394 7.23833317154398 7.10428555549255 7.43821411945724 17.4399996101856 16.389999633655 5.88999986834824 5.85499986913055 5.9449998671189 6.47999985516071 7.45999983325601 7.41499983426183 7.36499983537942 7.41999983415008 7.30999983660877 7.39999983459711 7.38499983493239 7.23499983828515 7.22499983850867 7.10999984107912 7.02999984286726 6.8899998459965 6.85499984677881 6.61499985214323 6.4299998562783 6.39999985694885 6.52999985404313 6.87499984633178 7.07499984186143 7.17999983951449 7.29999983683228
-9999 -9999 -9999 -9999 -9999 -9999 -9999 -9999 8.7549998043105 7.50499983225018 7.94499982241541 8.00499982107431 8.11999981850386 8.11999981850386 8.11999981850386 8.0649998197332 8.07499981950969 8.02999982051551 7.99999982118607 8.00499982107431 7.05499984230846 7.38499983493239 6.86999984644353 6.92999984510243 6.78999984823167 7.06499984208494 6.83499984722584 6.96499984432012 6.86999984644353 6.7512498490978 7.04999984242022 7.04999984242022 7.40333316785594 7.36166650212059 5.80499987024814 5.80499987024814 5.69999987259507 5.97499986644834 6.72999984957278 7.58499983046204 7.61999982967973 7.58499983046204 7.46499983314425 7.72499982733279 7.86499982420355 7.97499982174486 7.92999982275069 7.85499982442707 7.65499982889742 7.48499983269721 7.38499983493239 7.22499983850867 7.20999983884394 7.17999983951449 6.79999984800816 6.66499985102564 6.73999984934926 6.96499984432012 7.12499984074384 7.18499983940274 7.34499983582646 7.24999983794987
-9999 -9999 -9999 -9999 -9999 -9999 -9999 -9999 7.81999982520938 8.01999982073903 8.24499981570989 8.32999981380999 8.31999981403351 8.09999981895089 8.14499981794506 8.08499981928617 8.03499982040375 7.91499982308596 8.21499981638044 7.82499982509762 7.21999983862042 7.21999983862042 7.19999983906746 7.28499983716756 7.39499983470887 7.21499983873218 7.15999983996153 7.0599998421967 7.0349998427555 7.28249983722344 7.6837498282548 7.59624983021058 7.52999983169138 6.03999986499548 5.92999986745417 6.0549998646602 6.73624984943308 7.35999983549118 7.35999983549118 7.86499982420355 7.54999983124435 7.604999830015 7.82999982498586 7.93499982263893 8.16499981749803 8.23499981593341 8.11999981850386 7.96499982196838 7.81999982520938 7.71499982755631 7.61499982979149 7.5199998319149 7.5199998319149 7.56499983090907 7.37999983504415 7.12499984074384 7.15999983996153 7.18499983940274 7.21999983862042 7.27499983739108 7.28499983716756 7.25999983772635
-9999 9.40499978978187 -9999 -9999 -9999 -9999 -9999 -9999 14.7199996709824 8.31499981414527 8.22999981604517 8.34499981347471 8.51999980956316 8.49999981001019 8.42999981157482 8.33999981358647 8.27499981503934 8.16999981738627 8.05499981995672 7.98999982140958 7.79999982565641 7.81499982532114 7.70999982766807 7.49999983236194 7.46999983303249 7.51499983202666 7.50999983213842 7.31499983649701 7.27499983739108 7.83749982481822 7.85374982445501 7.53999983146787 7.53999983146787 7.5924998302944 7.19999983906746 7.19999983906746 7.46999983303249 7.46999983303249 8.1249998183921 7.894999823533 7.894999823533 7.61999982967973 8.1249998183921 8.28999981470406 8.39499981235713 8.33499981369823 8.34499981347471 8.23499981593341 8.1499998178333 8.05499981995672 7.95499982219189 7.8349998248741 7.76999982632697 7.72499982733279 7.70499982777983 7.56499983090907 7.44999983347952 7.39499983470887 7.3499998357147 7.29499983694404 7.21999983862042 7.16999983973801
9.00499979872257 9.07499979715794 9.10499979648739 9.09499979671091 8.8399998024106 -9999 16.1899624452926 8.34499981347471 8.46999981068075 8.47499981056899 8.21499981638044 8.55499980878085 8.64999980665743 8.6699998062104 8.6699998062104 8.63999980688095 8.64499980676919 8.64999980665743 8.55499980878085 8.45999981090426 8.27999981492758 8.23999981582165 8.33999981358647 8.13999981805682 8.11999981850386 8.01999982073903 8.04499982018024 8.19999981671572 8.49499981012195 8.56499980855733 8.47999981045723 8.1499998178333 7.56499983090907 8.35124981333502 8.34499981347471 7.58999983035028 7.79499982576817 6.74249984929338 6.74249984929338 7.9799998216331 8.16499981749803 8.12999981828034 8.11999981850386 7.95499982219189 8.34999981336296 8.35999981313944 8.36499981302768 8.30999981425703 8.26499981526285 8.1499998178333 8.01999982073903 7.894999823533 7.749999826774 7.67999982833862 7.61999982967973 7.50499983225018 7.43999983370304 7.41499983426183 7.40999983437359 7.32499983627349 7.24999983794987 7.14999984018505
9.29499979224056 9.25999979302287 9.17999979481101 9.05499979760498 8.99999979883432 9.38833312348773 8.62499980721623 8.74499980453402 8.96999979950488 9.06499979738146 9.2149997940287 8.8399998024106 8.7549998043105 8.80999980308115 8.74499980453402 8.72499980498105 8.65999980643392 8.72999980486929 8.74999980442226 8.79499980341643 8.6699998062104 8.65499980654567 8.62999980710447 8.53999980911613 8.53999980911613 8.61499980743974 8.48499981034547 8.67999980598688 8.73999980464578 8.69499980565161 8.62999980710447 8.64999980665743 8.65499980654567 8.58249980816618 8.87499980162829 8.76999980397522 8.39249981241301 8.58374980813824 7.89999982342124 7.89999982342124 8.21499981638044 8.21499981638044 8.87214265883501 8.039999820292 8.32499981392175 8.38499981258065 8.35999981313944 8.29999981448054 8.19999981671572 8.10499981883913 8.05499981995672 7.98499982152134 7.85999982431531 7.69499982800335 7.46999983303249 7.29499983694404 7.27499983739108 7.32999983616173 7.32999983616173 7.23999983817339 7.13999984040856 7.01499984320253
9.42999978922307 9.37499979045242 9.34999979101121 9.28499979246408 9.17999979481101 9.05999979749322 9.02999979816377 8.9849997991696 9.09499979671091 9.0699997972697 9.08999979682267 9.0449997978285 8.78499980363995 8.79499980341643 8.76499980408698 8.74499980453402 8.73499980475754 8.92999980039895 8.9849997991696 8.80499980319291 8.72999980486929 8.69499980565161 8.67999980598688 8.62499980721623 8.58999980799854 8.47499981056899 8.52999980933964 8.78499980363995 8.7549998043105 8.64499980676919 8.61999980732799 8.01749982079491 9.07499979715794 8.42999981157482 8.27499981503934 8.45999981090426 8.64749980671331 8.69624980562367 8.84583313561355 8.63749980693683 8.58999980799854 8.58999980799854 8.72499980498105 8.72999980486929 8.64749980671331 8.41499981191009 8.32999981380999 8.27499981503934 8.1249998183921 8.04999982006848 8.02499982062727 7.92499982286245 7.84499982465059 7.63999982923269 7.43999983370304 7.35999983549118 7.19499983917922 7.01499984320253 6.8049998478964 6.89999984577298 6.76999984867871 6.60999985225499
9.48999978788197 9.49999978765845 9.43499978911132 9.40999978967011 9.1549997953698 9.10499979648739 8.99999979883432 8.99999979883432 8.96499979961663 9.01499979849905 8.86999980174005 8.04166648692141 8.59499980788678 8.77499980386347 8.83499980252236 8.78499980363995 8.72499980498105 8.8149998029694 8.86499980185181 8.86999980174005 8.66499980632216 8.62499980721623 8.67999980598688 8.61499980743974 8.54999980889261 8.39999981224537 8.40999981202185 8.74999980442226 8.3737498128321 8.6099998075515 8.59999980777502 8.27499981503934 8.48999981023371 8.4399998113513 8.60499980766326 8.65499980654567 9.21249979408458 9.08699979688972 8.80249980324879 8.61999980732799 8.42374981171452 7.48749983264133 8.17249981733039 8.23499981593341 7.2899998370558 7.2649998376146 7.92499982286245 8.23499981593341 8.00499982107431 7.98999982140958 7.71999982744455 7.66999982856214 7.55499983113259 7.40499983448535 7.35999983549118 7.15499984007329 7.06499984208494 6.91499984543771 6.74999984912574 6.69499985035509 6.55499985348433 6.44999985583127
9.72999978251755 9.77499978151172 9.72999978251755 9.68499978352338 9.57499978598207 9.32499979157001 9.20999979414046 9.17499979492277 9.19499979447573 9.01999979838729 9.12499979604036 9.15749979531392 8.64333314013978 8.84999980218709 8.77499980386347 8.82999980263412 8.97499979939312 8.94499980006367 8.88999980129302 9.03999979794025 9.05999979749322 8.63999980688095 8.6099998075515 8.87499980162829 8.60166647440443 8.46333314416309 8.04999982006848 8.48899981025606 8.77999980375171 8.74999980442226 8.75999980419874 8.27499981503934 7.8099998254329 7.77999982610345 7.8349998248741 7.749999826774 7.74499982688576 7.74499982688576 7.77999982610345 8.33199981376529 8.35999981313944 8.5229998094961 8.77666647049288 8.07333315288027 8.14333315131565 7.943333155786 7.93833315589776 7.79499982576817 7.93624982261099 7.58499983046204 7.58499983046204 7.10999984107912 7.02999984286726 6.59499985259026 6.68999985046685 6.75999984890223 6.60999985225499 6.69499985035509 6.78499984834343 6.53999985381961 6.45499985571951 6.3699998576194
9.85499977972358 9.85999977961183 9.80499978084117 9.72499978262931 9.74499978218228 9.66999978385866 9.59999978542328 9.48999978788197 9.36499979067594 9.32499979157001 9.16499979514629 8.96499979961663 9.10999979637563 8.40166647887478 8.52999980933964 8.72499980498105 8.96499979961663 9.05499979760498 9.4449997888878 9.50999978743494 9.39499979000539 8.55999980866909 9.23999979346991 9.23999979346991 8.86833313511064 8.75833313756933 9.02499979827553 8.58999980799854 8.38499981258065 8.1249998183921 8.50499980989844 7.81999982520938 7.67499982845038 7.69499982800335 7.72999982722104 7.81499982532114 7.86499982420355 7.8349998248741 7.88999982364476 8.01999982073903 8.0649998197332 8.42999981157482 8.19999981671572 8.12999981828034 8.04499982018024 7.18499983940274 7.03999984264374 6.91499984543771 7.66999982856214 6.58499985281378 6.75499984901398 6.99999984353781 6.95999984443188 6.82499984744936 6.70999985001981 6.64999985136092 6.6599998511374 6.64999985136092 7.09749984135851 7.11249984102324 8.33699981365353 8.30249981442466
9.90999977849424 9.8449997799471 9.87999977916479 9.90999977849424 9.84999977983534 9.8199997805059 9.73499978240579 9.56499978620559 9.51999978721142 9.49499978777021 9.30999979190528 9.23499979358166 9.30499979201704 9.67166645048807 9.64499978441745 9.58499978575855 9.28499979246408 9.13999979570508 9.49999978765845 9.74499978218228 9.58499978575855 8.38333314595123 8.62333314058681 9.17749979486689 9.10749979643151 9.18249979475513 8.66874980623834 7.61999982967973 8.2099998164922 8.18999981693923 8.16499981749803 7.749999826774 7.81499982532114 7.81499982532114 7.80499982554466 7.80499982554466 7.86999982409179 7.90999982319772 7.96499982196838 7.98999982140958 8.02499982062727 7.92499982286245 7.99999982118607 8.08499981928617 8.05999981984496 7.89999982342124 6.65499985124916 6.44999985583127 6.43499985616654 6.47999985516071 6.67499985080212 6.70499985013157 6.75999984890223 6.75999984890223 6.70499985013157 6.75999984890223 6.72999984957278 16.8949996223673 -9999 -9999 -9999 -9999
9.94499977771193 9.85499977972358 9.86999977938831 9.759999781847 9.78499978128821 9.64499978441745 9.67999978363514 9.63999978452921 9.61999978497624 9.54499978665262 9.37999979034066 9.32499979157001 9.46833312169959 9.50333312091728 9.07499979715794 9.11999979615211 9.13499979581684 9.54666645328204 9.67999978363514 9.67999978363514 8.91666646736364 8.40999981202185 8.43499981146306 8.49666647675137 8.57666647496323 8.65299980659038 8.41333314528068 8.50499980989844 8.86399980187416 7.92999982275069 7.57499983068556 7.71499982755631 8.00999982096255 7.47499983292073 7.62499982956797 7.73499982710928 7.77999982610345 7.76499982643872 7.72499982733279 7.78999982587993 7.85499982442707 7.54999983124435 7.67499982845038 7.78999982587993 7.48499983269721 7.28499983716756 7.19499983917922 6.37999985739589 6.2849998595193 6.27999985963106 6.44999985583127 6.56499985326082 6.69499985035509 6.80999984778464 6.83499984722584 13.8449996905401 -9999 -9999 -9999 -9999 -9999 -9999
9.67999978363514 9.67999978363514 9.59499978553504 9.79499978106469 9.96833311052372 9.90333311197658 9.45499978866428 9.5299997869879 9.48499978799373 9.39999978989363 9.18999979458749 9.18499979469925 8.62249980727211 8.64249980682507 8.39333314572771 9.15833312862863 9.71999978274107 9.56749978614971 9.2149997940287 9.2149997940287 8.85499980207533 8.94999979995191 9.03249979810789 9.03749979799613 8.21666648300985 8.08499981928617 8.08499981928617 8.43499981146306 15.4099996555597 16.3749996339902 8.13499981816858 11.209999749437 14.3149996800348 16.3599996343255 -9999 14.9649996655062 14.5849996739998 7.33499983604997 7.39499983470887 7.47499983292073 7.57499983068556 7.29999983683228 7.35499983560294 7.25499983783811 7.06999984197319 7.1449998402968 6.87999984622002 6.3449998581782 6.24499986041337 6.32999985851347 6.4899998549372 6.79499984811991 6.78999984823167 -9999 -9999 -9999 -9999 -9999 -9999 -9999 -9999 -9999
9.81666644724707 10.3669997682795 9.77499978151172 9.96999977715313 9.44999978877604 9.44999978877604 9.72374978265725 9.41999978944659 9.43999978899956 9.46999978832901 9.19499979447573 9.13999979570508 9.1549997953698 8.54249980906025 9.48666645462314 9.1666664617757 8.99999979883432 8.99999979883432 9.10999979637563 9.10999979637563 9.21666646065811 9.23799979351461 7.89166649027417 8.23499981593341 8.00833315433314 8.12666648502151 8.43499981146306 8.30499981436878 15.5099996533245 -9999 -9999 -9999 -9999 -9999 16.3799996338785 7.73428554141096 6.37499985750765 7.06999984197319 7.17999983951449 7.12999984063208 7.19499983917922 7.44999983347952 7.17999983951449 7.07999984174967 7.00999984331429 7.00499984342605 6.80999984778464 6.33999985828996 6.29999985918403 6.27499985974282 6.34999985806644 6.12499986309558 16.949999621138 -9999 -9999 -9999 -9999 -9999 -9999 -9999 -9999 -9999
9.99499977659434 9.87166644601772 10.0829997746274 10.083999774605 9.30999979190528 9.40499978978187 9.5174997872673 9.57166645272324 9.45333312203487 9.07499979715794 9.02999979816377 8.95999979972839 8.91833313399305 9.02833313153436 9.37666645708183 9.19666646110515 9.1549997953698 9.07999979704618 9.1549997953698 9.19333312784632 9.32666645819942 9.14499979559332 7.84874982456677 7.50299983229488 7.36749983532354 7.35749983554706 7.18999983929098 9.28499979246408 9.28499979246408 11.1249997513369 -9999 -9999 -9999 -9999 -9999 18.4199995882809 8.02199982069433 7.02499984297901 6.99499984364957 6.93499984499067 6.87999984622002 6.92999984510243 7.01999984309077 6.98999984376132 6.99999984353781 7.0349998427555 7.04999984242022 6.31999985873699 6.29999985918403 6.33999985828996 6.3449998581782 6.64999985136092 17.2149996152148 16.3049996355549 -9999 -9999 -9999 -9999 -9999 -9999 -9999 -9999
10.0649997750297 10.0333331090709 9.91666644501189 9.73999978229403 9.64666645104686 9.5424997867085 9.39499979000539 9.37333312382301 9.41499978955835 9.17666646155218 8.77999980375171 8.72166647172222 8.6699998062104 8.91833313399305 9.10166646322856 9.37333312382301 9.41333312292894 9.42999978922307 9.19999979436398 9.26999979279935 9.10499979648739 9.06499979738146 7.70599982775748 8.0649998197332 7.99999982118607 8.15999981760979 8.11499981861562 6.39699985701591 8.18214267425771 8.1455553734882 -9999 24.7149994475767 -9999 -9999 -9999 -9999 16.4099996332079 8.43199981153011 8.43199981153011 16.224999637343 6.76999984867871 6.72499984968454 6.83499984722584 6.79999984800816 6.95999984443188 6.95999984443188 6.65499985124916 6.60499985236675 6.62999985180795 6.49499985482544 6.58499985281378 6.49999985471368 8.93799980022013 9.86999977938831 -9999 -9999 -9999 -9999 -9999 -9999 -9999 -9999
10.1649997727945 10.0949997743592 9.85249977977946 9.88999977894127 9.77999978139997 9.72249978268519 9.42166645607601 9.3849997902289 9.30166645875821 9.03166646479318 8.87833313488712 8.6216664739574 8.68666647250454 8.86999980174005 9.10333312985798 9.02666646490494 8.95166646658132 9.45499978866428 9.33499979134649 9.36499979067594 9.65699978414923 7.18099983949214 7.01666650983194 6.20749986125156 7.48249983275309 8.78499980363995 8.71499980520457 6.28199985958636 7.62999982945621 7.39499983470887 8.43499981146306 -9999 -9999 -9999 -9999 -9999 -9999 -9999 -9999 -9999 -9999 -9999 -9999 -9999 -9999 -9999 6.76999984867871 6.69999985024333 6.68499985057861 6.64499985147268 6.54999985359609 12.2699997257441 -9999 -9999 -9999 -9999 -9999 -9999 -9999 -9999 -9999 -9999
10.3379997689277 10.2849997701123 10.7199997603893 9.86249977955595 10.1116664406533 10.0966664409886 9.48833312125256 9.42166645607601 9.34333312449356 9.27499979268759 8.35999981313944 8.63833314025154 8.5616664752985 8.53166647596906 8.80833313645174 9.00666646535198 8.84166646904002 8.78499980363995 8.76499980408698 8.90499980095774 8.89333313455184 9.41199978962541 9.23357122218502 9.71999978274107 15.6849996494129 15.3899996560067 9.16888868394825 7.64999982900918 7.62999982945621 7.54499983135611 7.44999983347952 17.819999601692 -9999 -9999 -9999 -9999 -9999 -9999 -9999 -9999 -9999 -9999 -9999 -9999 -9999 -9999 -9999 -9999 -9999 -9999 -9999 -9999 -9999 -9999 -9999 -9999 -9999 -9999 -9999 -9999 -9999 -9999
10.1049997741356 10.1719997726381 10.2816664368535 9.97499977704138 9.94999977760017 9.88833311231186 9.72249978268519 9.57999978587031 9.45666645529369 8.65166647328685 8.1133331519862 7.83166649161528 9.05833313086381 9.05499979760498 8.74666647116343 8.51999980956316 8.4766664771984 7.66333316204449 8.13666648479799 7.33166650279115 7.11499984096736 6.93499984499067 7.90499982330948 7.90499982330948 6.45833318897833 6.41499985661358 8.21214267358716 7.48499983269721 7.5199998319149 7.48499983269721 7.33999983593822 7.08499984163791 -9999 -9999 -9999 -9999 -9999 -9999 -9999 -9999 -9999 -9999 -9999 -9999 -9999 -9999 -9999 -9999 -9999 -9999 -9999 -9999 -9999 -9999 -9999 -9999 -9999 -9999 -9999 -9999 -9999 -9999
10.2799997702241 10.4969997653738 9.94749977765605 9.9299997780472 10.1533331063886 10.166666439424 10.1233331070592 9.82416644707943 8.87333313499888 8.66666647295157 8.80499980319291 8.75749980425462 8.82749980269 8.93249980034307 8.3183331474041 8.31666648077468 8.73499980475754 8.73499980475754 8.31333314751585 8.12333315176268 8.76999980397522 8.76999980397522 6.71166651664923 6.72666651631395 8.7549998043105 8.46857123928411 8.35571409894952 7.53499983157963 7.44999983347952 7.30999983660877 7.13499984052032 17.3949996111915 24.264999457635 -9999 -9999 -9999 -9999 -9999 -9999 -9999 -9999 -9999 -9999 -9999 -9999 -9999 -9999 -9999 -9999 -9999 -9999 -9999 -9999 -9999 -9999 -9999 -9999 -9999 -9999 -9999 -9999 -9999
9.9899997767061 9.96999977715313 10.0049997763708 9.89499977882951 9.89499977882951 9.84749977989122 10.0916664411003 9.47833312147607 8.59833314114561 8.6216664739574 8.6099998075515 8.54499980900437 8.16833315075686 8.1016664855803 7.87999982386827 7.28499983716756 7.10249984124675 8.5849998081103 8.5849998081103 8.57166647507499 8.47249981062487 8.2699998151511 6.77166651530812 8.33249981375411 8.14249981800094 8.18749981699511 8.39249981241301 7.10499984119087 7.16999983973801 7.05499984230846 6.78499984834343 6.46499985549599 18.2049995930865 -9999 -9999 -9999 -9999 -9999 -9999 -9999 -9999 -9999 -9999 -9999 -9999 -9999 -9999 -9999 -9999 -9999 -9999 -9999 -9999 -9999 -9999 -9999 -9999 -9999 -9999 -9999 -9999 -9999
