EcologicalScience/Bass/data/rs_data_bass/sst_185.asc
NCOLS 226 
NROWS 124 
XLLCORNER -9.41648524995501 
YLLCORNER 47.587301625531 
CELLSIZE 0.0833 
NODATA_value -9999 
[rows 0 to 26 of 124, columns 62 to 123 of 226]
-9999 -9999 -9999 -9999 -9999 -9999 -9999 -9999 -9999 -9999 -9999 -9999 -9999 -9999 -9999 -9999 -9999 -9999 -9999 -9999 -9999 -9999 -9999 -9999 -9999 -9999 -9999 -9999 -9999 -9999 -9999 -9999 -9999 -9999 -9999 -9999 -9999 -9999 -9999 -9999 -9999 -9999 -9999 -9999 -9999 -9999 -9999 -9999 -9999 -9999 -9999 -9999 -9999 -9999 -9999 -9999 -9999 -9999 -9999 -9999 -9999 -9999
-9999 -9999 -9999 -9999 -9999 -9999 -9999 -9999 -9999 -9999 -9999 -9999 -9999 -9999 -9999 -9999 -9999 -9999 -9999 -9999 -9999 -9999 -9999 -9999 -9999 -9999 -9999 -9999 -9999 -9999 -9999 -9999 -9999 -9999 -9999 -9999 -9999 -9999 -9999 -9999 -9999 -9999 -9999 -9999 -9999 -9999 -9999 -9999 -9999 -9999 -9999 -9999 -9999 -9999 -9999 -9999 -9999 -9999 -9999 -9999 -9999 -9999
-9999 -9999 -9999 -9999 -9999 -9999 -9999 -9999 -9999 -9999 -9999 -9999 -9999 -9999 -9999 -9999 -9999 -9999 -9999 -9999 -9999 -9999 -9999 -9999 -9999 -9999 -9999 -9999 -9999 -9999 -9999 -9999 -9999 -9999 -9999 -9999 -9999 -9999 -9999 -9999 -9999 -9999 -9999 -9999 -9999 -9999 -9999 -9999 -9999 -9999 -9999 -9999 -9999 -9999 -9999 -9999 -9999 -9999 -9999 -9999 -9999 -9999
-9999 -9999 -9999 -9999 -9999 -9999 -9999 -9999 -9999 -9999 -9999 -9999 -9999 -9999 -9999 -9999 -9999 -9999 -9999 -9999 -9999 -9999 -9999 -9999 -9999 -9999 -9999 -9999 -9999 -9999 -9999 -9999 -9999 -9999 -9999 -9999 -9999 -9999 -9999 -9999 -9999 -9999 -9999 -9999 -9999 -9999 -9999 -9999 -9999 -9999 -9999 -9999 -9999 -9999 -9999 -9999 -9999 -9999 -9999 -9999 -9999 -9999
-9999 -9999 -9999 -9999 -9999 -9999 -9999 -9999 -9999 -9999 -9999 -9999 -9999 -9999 -9999 -9999 -9999 -9999 -9999 -9999 -9999 -9999 -9999 -9999 -9999 -9999 -9999 -9999 -9999 -9999 -9999 -9999 -9999 -9999 -9999 -9999 -9999 -9999 -9999 -9999 -9999 -9999 -9999 -9999 -9999 -9999 -9999 -9999 -9999 -9999 -9999 -9999 -9999 -9999 -9999 -9999 -9999 -9999 -9999 -9999 -9999 -9999
-9999 -9999 -9999 -9999 -9999 -9999 -9999 -9999 -9999 -9999 -9999 -9999 -9999 -9999 -9999 -9999 -9999 -9999 -9999 -9999 -9999 -9999 -9999 -9999 -9999 -9999 -9999 -9999 13.2899997029454 11.1492402347222 7.29041412752122 6.97772147972137 6.95692311553285 7.07023834111169 7.43743704678491 7.55075227236375 7.08529922552407 7.65976438811049 8.06855982216075 7.82830285653472 7.87420269474387 7.92584001272917 8.12593461992219 7.84910122072324 7.87491987971589 7.85627307044342 7.84264655597508 8.28012938890606 8.44077882263809 8.30092775309458 8.317423007451 8.33248389186338 8.35615099593997 8.34180729649961 8.38268683990464 8.21056244662032 8.20912807667628 8.15892512863502 8.0943784811534 8.11589403031394 8.06497389730066 8.10011596092954
-9999 -9999 -9999 -9999 -9999 -9999 -9999 -9999 -9999 -9999 -9999 -9999 -9999 -9999 -9999 -9999 -9999 -9999 -9999 -9999 -9999 -9999 -9999 -9999 -9999 -9999 -9999 11.8437656303202 7.36500136461109 6.98130740458146 6.82711263559759 6.90672016749159 7.08816796541214 7.15773490769789 7.49839776940644 7.59019744582474 7.87778861960396 7.93659778730944 7.98966947523877 7.7357859951444 7.79029205301777 7.77523116860539 7.86774802999571 7.88782920921221 7.95165867172182 7.91149631328881 8.00473035965115 8.17542038299143 8.17613756796345 8.28873560857028 8.35615099593997 8.48739584581926 8.38555557979271 8.2815637588501 8.1940671922639 8.17255164310336 8.19980467204005 8.4687490365468 8.18761252751574 8.40420238906518 8.1424298742786 8.3253120421432
-9999 -9999 -9999 -9999 -9999 -9999 -9999 -9999 -9999 -9999 -9999 -9999 -9999 -9999 -9999 -9999 -9999 -9999 -9999 -9999 -9999 -9999 -9999 -9999 -9999 -9999 8.55280311526731 7.54477573093027 6.75252539850771 6.90241705765948 6.89883113279939 7.04513686709106 7.29184849746525 7.31551560154185 7.3771935091354 7.47903377516195 7.69562363671139 7.68558304710314 7.62462232448161 7.69777519162744 8.26506850449368 7.99540695501491 7.82113100681454 7.96241644630209 7.98536636540666 8.07716604182497 8.16896571824327 8.41137423878536 8.11589403031394 8.17040008818731 8.29877619817853 8.27439190912992 8.15605638874695 8.08505507651716 8.1302377297543 8.09294411120936 8.11374247539788 8.19119845237583 8.20339059690014 8.17828912287951 8.10800499562174 8.66525771887973
-9999 -9999 -9999 -9999 -9999 -9999 -9999 -9999 -9999 -9999 -9999 -9999 -9999 -9999 -9999 -9999 -9999 -9999 -9999 -9999 -9999 -9999 -9999 -9999 -9999 7.91344295821286 7.17757702525705 7.38866846868768 7.26000548470765 7.30356251867488 7.33989989059046 7.4331339369528 7.43815423175693 7.6640674979426 7.63968320889398 7.78885768307373 7.73722036508843 7.60669270018116 7.57513656141236 7.75084687955678 7.74726095469669 7.74510939978063 7.75801872927696 7.95811333646998 8.00975065445527 8.11517684534192 8.08433789154515 8.13525802455842 8.47448651632294 8.21486555645242 8.22347177611664 8.13095491472632 8.10083314590156 8.12091432511806 8.09724722104147 8.10728781064972 8.1503189089708 8.15605638874695 8.38196965493262 8.61362040089443 8.37694936012849 8.07358011696488
-9999 -9999 -9999 -9999 -9999 -9999 -9999 -9999 -9999 -9999 -9999 -9999 -9999 -9999 -9999 -9999 -9999 -9999 -9999 -9999 -9999 -9999 -9999 -9999 -9999 9.03358775859331 7.71187982941046 7.6853439854458 7.53246405557729 7.66370890545659 7.43671986181289 7.43743704678491 7.52708516828716 7.57083345158026 7.82184819178656 7.67841119738296 7.68916897196323 7.62247076956555 7.63968320889398 7.60023803543299 7.67410808755085 7.71929074078798 7.81037323223427 7.96958829602227 8.05206456780434 7.95954770641401 7.998992879875 8.03198338858783 8.12952054478228 8.21701711136848 8.11804558522999 8.02337716892362 8.1223486950621 8.08935818634927 8.11589403031394 8.11589403031394 8.39201024454087 8.16322823846713 8.44795067235827 8.33965574158356 8.02481153886765 8.03772086836398
-9999 -9999 -9999 -9999 -9999 -9999 -9999 -9999 -9999 -9999 -9999 -9999 -9999 -9999 -9999 -9999 -9999 -9999 -9999 -9999 -9999 -9999 -9999 -9999 10.4007835248726 7.37862787907943 7.12940610130318 6.91747794207186 6.87588121369481 7.00354013871402 7.24738302920014 7.42739645717666 7.49194310465828 7.50772117404267 7.54214605269954 7.58948026085272 7.60310677532107 7.62175358459353 7.67482527252287 7.68486586213112 7.6482894285582 7.69132052687928 7.78025146340951 8.5447706435807 8.24785606516525 8.2657856894657 8.09653003606945 8.07429730193689 8.19263282231987 8.16251105349511 8.17828912287951 8.17255164310336 8.10728781064972 8.11087373550981 8.13956113439053 8.06497389730066 8.12163151009008 8.09581285109743 8.32172611728311 8.46946622151881 8.05349893774837 8.01190220937133
-9999 -9999 -9999 -9999 -9999 -9999 -9999 -9999 -9999 -9999 -9999 -9999 -9999 -9999 -9999 -9999 -9999 -9999 -9999 -9999 -9999 -9999 -9999 -9999 7.69937506579579 7.8555558854714 7.25790174212307 7.3669138578698 7.03653064742684 7.13406780362129 7.14984587300569 7.37360758427531 7.58015685621649 7.43026519706473 7.54931790241972 7.47186192544177 7.57800530130044 7.64685505861416 7.63681446900591 7.63538009906188 7.59880366548896 7.94735556188971 8.09366129618138 7.80033264262602 7.81252478715032 7.91293068323284 8.00114443479106 8.29734182823449 8.12952054478228 8.05923641752452 8.15677357371897 8.1144596603699 8.61505477083847 8.41137423878536 8.00831628451124 8.02839746372774 8.07214574702084 8.04632708802819 7.96671955613419 8.04489271808416 8.04489271808416 8.00975065445527
-9999 -9999 -9999 -9999 -9999 -9999 -9999 -9999 -9999 -9999 -9999 -9999 -9999 -9999 -9999 -9999 -9999 -9999 -9999 -9999 -9999 -9999 -9999 13.344999701716 7.3335348739638 7.25431581726298 7.33547724992968 7.43958860170096 7.43265581363812 7.50592821161263 7.41018401784822 7.49983213935047 7.55720693711191 7.46971037052572 7.51417583879083 7.50270087923855 7.58804589090869 7.53353983303532 7.54429760761559 7.62247076956555 7.6841486771591 7.69705800665542 7.73220007028431 7.73506881017238 7.84049500105903 7.85627307044342 7.99612413998693 8.09366129618138 8.07931759674102 8.0068819145672 7.958830521442 7.87623471883126 7.34868540649768 7.8196966368705 7.9150822381489 7.97245703591034 7.98106325557455 8.2791731422767 7.98464918043464 8.55495467018336 8.6121860309504 8.24283577036113
-9999 -9999 -9999 -9999 -9999 -9999 -9999 -9999 -9999 -9999 -9999 -9999 -9999 -9999 -9999 -9999 -9999 -9999 -9999 -9999 -9999 6.72432149511375 7.35711232991889 7.04648158891359 6.70973336184397 7.5395163744688 7.53306170972064 7.48871577228419 7.18427075166255 7.29471723735332 7.40444653807208 7.4611041508615 7.49983213935047 7.56437878683209 7.4489120063372 7.51345865381882 7.5686818966642 7.60095522040501 7.60884425509721 7.71498763095587 7.7042298563756 7.67554245749488 7.78025146340951 7.74654376972467 8.18044067779556 7.88998076412827 8.01979124406353 7.61870554846246 7.73040710785426 7.95524459658191 7.96875158022158 8.01799828163348 8.33104952191934 7.94807274686173 8.00831628451124 8.32271224661963 8.2657856894657 8.40683206729591 6.78686062904308 8.35005492367782 8.41962186596356 8.50173954525962
-9999 -9999 -9999 -9999 -9999 -9999 -9999 -9999 -9999 -9999 -9999 -9999 -9999 -9999 -9999 -9999 -9999 -9999 -9999 -9999 7.17268297649669 5.53223516861908 5.03606269881129 6.67130420042668 6.71499271830544 7.4489120063372 7.4768822202459 7.51632739370689 7.09031952032819 7.57728811632842 7.34061707556248 7.37575913919136 7.41663868259639 7.48405406996608 7.45393230114132 7.44317452656105 7.55864130705595 7.55433819722384 7.59163181576878 7.62462232448161 7.67697682743892 7.66263312799856 7.75873591424897 7.77809990849346 7.79531234782189 7.92584001272917 7.97389140585437 8.09007537132129 7.89284950401634 8.07931759674102 8.66525771887973 8.2021355231991 7.87276832479984 8.00616472959518 7.96528518619016 8.02911464869976 8.05995360249653 8.42261013668031 8.24929043510929 7.97532577579841 7.99684132495895 8.00372630069032
-9999 -9999 -9999 -9999 -9999 -9999 -9999 -9999 -9999 -9999 -9999 -9999 -9999 -9999 -9999 -9999 -9999 -9999 -9999 -9999 10.4156289240532 7.51005202520173 6.25479902792722 7.06234930641949 6.9870448843576 7.09282966773026 7.2073402015958 7.35436312085949 7.3373897431884 7.02003539307043 7.20722067076713 7.2301705898717 7.28897975757718 7.33989989059046 7.38579972879961 7.38866846868768 7.54848118661903 7.62474185531028 7.53425701800734 7.73722036508843 7.66980497771874 7.67123934766278 7.73076570034027 7.67052216269076 7.80391856748611 7.89858698379248 7.97030548099428 7.95022430177778 7.90217290865257 8.17864771536551 7.94520400697365 8.02481153886765 7.95596178155392 8.03270057355985 8.03341775853187 8.00831628451124 8.32100893231109 7.47123438859126 8.21952725877054 7.93731497228146 7.98895229026675 8.03556931344792
-9999 -9999 -9999 -9999 -9999 -9999 -9999 -9999 -9999 -9999 -9999 -9999 -9999 -9999 -9999 -9999 -9999 -9999 8.66891970881261 7.16602237848565 6.34014403959736 6.44628741545603 7.07346567348577 6.86978514143266 7.0189596156124 7.23029012070037 7.28168837702833 7.22694325749762 7.36452324129641 7.27965635294095 7.18498793663457 7.28682820266113 7.24164554942399 7.25096895406023 7.28109072288498 7.26674702344462 7.30475782696158 7.5884044833947 7.64446444204077 7.54429760761559 7.63968320889398 7.60956144006923 7.69562363671139 7.73650318011642 7.80607012240216 7.87420269474387 7.89356668898836 7.89284950401634 7.89500105893239 7.98249762551859 7.95165867172182 7.97173985093832 7.96887111105025 7.98393199546263 6.8235267107375 8.19313485180028 8.66525771887973 8.19881854270352 8.18013331280755 8.08382561656513 8.02481153886765 8.04058960825205
-9999 -9999 -9999 -9999 -9999 -9999 -9999 -9999 -9999 -9999 -9999 -9999 -9999 -9999 -9999 -9999 10.7259957675512 11.2095061096122 6.19240393536165 6.27631457708776 6.35663929395378 6.40469068707898 6.46636859467253 7.00616981694475 7.19646289618686 7.03653064742684 7.00354013871402 6.85006255470216 7.57788577047177 7.4425768724177 7.62342701619491 7.23734243959188 7.30475782696158 7.24307991936803 7.27045247913338 7.32842493103817 7.2896969425492 7.32483900617808 7.4252449022606 7.58015685621649 7.64470350369811 7.65474409330636 8.07238480867818 7.94890946266241 7.76303902408108 7.82902004150674 7.84049500105903 7.89500105893239 7.96241644630209 7.93874934222549 7.94807274686173 7.85483870049939 7.94161808211356 7.91938534798101 7.96743674110621 8.06784263718873 8.12665180489421 7.97245703591034 8.01261939434335 8.07214574702084 8.0348521284759 8.04632708802819
-9999 -9999 -9999 -9999 -9999 -9999 -9999 -9999 -9999 -9999 8.59245922138992 7.49173927313991 8.53773271880221 -9999 -9999 -9999 7.64255194878206 6.62988676829264 5.82305367477238 6.43122653104365 6.3774376581423 6.51513717276976 6.64064454287291 6.60478529427201 7.12856938550249 7.10968351457268 7.13550217356533 7.10394603479654 7.42153944657184 7.45727916434407 7.20506911585107 7.19861445110291 7.24738302920014 7.22443311009556 7.34205144550651 7.52726446453016 7.41388947353698 7.30475782696158 7.46469007572159 7.3097781217657 7.55003508739173 7.560792861972 7.57800530130044 7.64255194878206 7.78240301832557 7.81467634206638 7.86559647507966 7.95452741160989 7.97532577579841 7.97747733071446 8.11804558522999 7.94018371216953 7.95954770641401 7.96815392607823 8.03987242328003 7.99540695501491 8.06712545221671 8.06210515741259 8.32244330225512 8.05421612272039 8.10155033087358 8.0147709492594
-9999 -9999 -9999 -9999 -9999 -9999 -9999 -9999 -9999 -9999 -9999 -9999 -9999 -9999 -9999 -9999 -9999 14.5149996755645 11.0004119877703 6.78981901705265 6.89022491313517 6.83715322520584 6.88448743335903 6.90313424263149 7.03724783239886 7.10681477468461 7.17351297708228 7.2061448933091 7.27965635294095 7.1663411273621 7.11470380937681 6.99708547396585 6.99780265893787 7.15271461289376 7.19072541641071 7.09390544518828 6.98212704454948 7.12008269666694 7.05278684012592 7.52935625403188 7.49194310465828 7.46612444566563 7.48333688499406 7.59091463079676 7.68199712224305 7.73148288531229 7.84049500105903 7.92368845781311 7.94090089714155 7.94950711680576 8.078600411769 7.94018371216953 8.0348521284759 8.0664082672447 8.04776145797223 8.08720663143322 7.84981840569526 8.17972349282354 7.94018371216953 8.00329598970711 8.05636767763644 8.04919582791626
-9999 -9999 -9999 -9999 -9999 -9999 -9999 -9999 -9999 -9999 -9999 -9999 -9999 -9999 8.11723485439206 5.63013091729954 11.57410479731 7.82319291360909 7.42461736541009 6.92034668195993 6.87372965877876 6.99780265893787 7.14052246836945 7.13406780362129 7.15199742792174 7.32125308131799 7.31192967668176 7.19359415629879 7.21152378059924 7.30547501193359 7.22228155517951 7.2258674800396 7.39010283863172 7.29184849746525 7.30404064198956 7.24236273439601 7.25670643383637 7.25025176908821 6.5980915678665 7.35782951489091 7.44245734158903 7.36428417963907 7.5048524341546 7.64326913375407 7.67267371760681 7.76232183910906 7.88280891440809 7.90934475837275 8.01261939434335 7.97173985093832 8.19621874717996 8.01979124406353 8.01620531920344 8.16322823846713 8.2457045102492 8.04632708802819 8.15533920377493 7.94520400697365 8.05349893774837 8.05636767763644 8.17542038299143 8.10872218059376
-9999 -9999 -9999 -9999 -9999 -9999 -9999 -9999 -9999 -9999 -9999 -9999 10.7707549337832 7.06314617861062 5.80512405047193 6.00234991777688 6.07263404503465 5.74655394442379 6.73029266437516 6.86297188419849 6.94688252592459 7.16347238747403 7.19933163607493 7.35926388483495 7.46038696588948 7.4532151161693 7.38436535885558 7.38795128371567 7.43958860170096 7.47042755549774 7.52780235325918 7.61529891984537 7.58302559610456 7.5686818966642 7.44174015661702 7.41376994270831 7.52923672320321 7.50843835901469 7.22515029506758 7.45393230114132 7.51058991393074 7.51632739370689 7.58374278107658 7.59593492560089 7.71570481592789 7.78814049810171 7.84838403575122 7.93659778730944 7.92512282775715 8.00975065445527 8.04632708802819 7.98895229026675 8.00616472959518 8.0226599839516 8.47735525621101 8.01261939434335 7.81467634206638 7.99755850993097 7.92584001272917 8.21414837148041 8.2815637588501 8.43360697291791
-9999 -9999 -9999 -9999 -9999 -9999 -9999 -9999 -9999 -9999 8.06927700713277 6.90611331866911 4.95023956382647 5.88258002744988 5.7599413972348 6.00019836286083 6.05730421625776 7.49891004438645 7.96489900966676 6.90784717244761 7.38400676636957 7.1663411273621 7.18498793663457 7.23949399450794 7.45464948611334 7.52636798331514 7.51345865381882 7.43169956700876 7.48763999482617 7.51847894862294 7.70351267140359 7.69849237659946 7.72717977548018 7.71283607603982 7.70996733615175 7.61314736492932 7.54931790241972 7.55362101225182 7.48261970002204 7.59593492560089 7.56007567699999 7.52278205845505 7.76519057899714 7.75084687955678 7.82830285653472 7.85699025541544 7.87276832479984 8.00186161976308 7.99827569490299 8.07644885685295 8.06067078746855 8.05923641752452 8.12880335981026 8.11517684534192 8.11732840025797 5.00054496686373 7.76888684000677 8.74076705093363 5.42645038524643 5.44038426470278 5.52777837629297 8.03980722464621
-9999 -9999 -9999 -9999 -9999 -9999 -9999 -9999 -9999 -9999 5.79499987047166 8.07331117260037 6.61649931548163 5.53474531602114 6.03193379787263 4.86489455215633 12.7399997152388 -9999 -9999 9.22999979369342 8.37669407337646 8.87167383640635 7.57710882008541 7.27033294830471 7.27535324310884 7.361415439751 7.37360758427531 7.37289039930329 7.45895259594545 7.49266028963029 7.56581315677613 7.66765342280269 7.61027862504125 7.74941250961274 7.80822167731822 7.76734213391319 7.70207830145955 7.63824883894995 7.73220007028431 7.77021087380126 7.91723379306495 7.75228124950081 7.83475752128288 7.86487929010764 7.8555558854714 7.86631366005167 7.90504164854065 8.1503189089708 8.16753134829924 8.11517684534192 8.10011596092954 8.08792381640524 8.06855982216075 8.08792381640524 8.04058960825205 7.85483870049939 8.54979093838483 7.80965604726225 8.0440451358445 5.23619145766965 5.14920716606347 5.35401470307261
-9999 -9999 -9999 -9999 -9999 -9999 -9999 -9999 -9999 -9999 -9999 -9999 -9999 -9999 -9999 -9999 -9999 -9999 -9999 -9999 -9999 -9999 -9999 -9999 11.4317413664581 6.67506942152977 7.79997405014001 7.21510970545933 7.40301216812804 7.41448712768033 7.50628680409864 7.60382396029308 7.6561784632504 7.72431103559211 7.73650318011642 7.77092805877328 7.77451398363337 7.83475752128288 7.85483870049939 7.94735556188971 7.94376963702962 7.90862757340074 7.93086030753329 7.93014312256128 7.96815392607823 7.95811333646998 8.01548813423142 8.06138797244057 8.42069764342159 8.08362070657313 8.02839746372774 8.0305490186438 8.04345834814012 8.01979124406353 8.00903346948326 7.96600237116218 7.85196996061131 7.78025146340951 7.75012969458476 7.54573197755963 7.70279548643157 5.03940956201404
-9999 -9999 -9999 -9999 -9999 -9999 -9999 -9999 -9999 -9999 -9999 -9999 -9999 -9999 -9999 -9999 -9999 -9999 -9999 -9999 -9999 -9999 -9999 -9999 -9999 10.6396679468453 6.87994526186958 7.23232214478776 7.39010283863172 7.32699056109414 7.43385112192482 7.62390513950959 7.65546127827838 7.69920956157148 7.68343149218708 7.77523116860539 7.84910122072324 7.87348550977185 7.85627307044342 7.958830521442 7.99540695501491 7.8914151340723 7.799615457654 7.87850580457598 7.88496046932414 8.15892512863502 7.95596178155392 7.95452741160989 7.93229467747733 7.98249762551859 8.04704427300021 8.04991301288828 7.99540695501491 7.97030548099428 7.96528518619016 7.84479811089113 7.90791038842872 7.80965604726225 7.86452069762163 7.71498763095587 4.76879176590592 8.65234838938341
-9999 -9999 -9999 -9999 -9999 -9999 -9999 -9999 -9999 -9999 -9999 -9999 -9999 -9999 -9999 -9999 -9999 -9999 -9999 -9999 -9999 -9999 -9999 -9999 -9999 -9999 -9999 6.65020700916648 6.48214666405693 6.73292234260589 7.55720693711191 7.5765709313564 7.66765342280269 7.66693623783067 7.65259253839031 7.74008910497651 7.74654376972467 7.78885768307373 7.82902004150674 7.82902004150674 7.81395915709436 7.83404033631086 7.87635424965993 7.88280891440809 7.86631366005167 7.83619189122692 7.81826226692647 8.00114443479106 7.98106325557455 7.91006194334477 8.00257880473509 7.9789117006585 7.94807274686173 7.88567765429616 7.92368845781311 7.879222989548 7.72359385062009 7.72861414542422 7.65474409330636 7.68486586213112 7.67769401241094 7.38866846868768
