EcologicalScience/Bass/data/rs_data_bass/sst_146.asc
NCOLS 226 
NROWS 124 
XLLCORNER -9.41648524995501 
YLLCORNER 47.587301625531 
CELLSIZE 0.0833 
NODATA_value -9999 
[rows 54 to 80 of 124, columns 124 to 185 of 226]
6.12283699307591 6.09486677916721 6.13574632257223 6.17160557117313 6.24762717820704 6.31575975054875 6.39178135758266 6.43696401081979 6.37887202808633 6.4254890512675 6.37026580842212 6.35735647892579 6.25551621289924 6.23471784871072 6.17949460586533 6.13718069251627 6.1343119526282 6.06474501034245 6.02816857676953 6.75288399099372 6.7679448754061 6.76937924535014 6.58739355870057 7.02075257804245 7.02541428036056 7.00533310114406 7.09569840761833 7.02075257804245 7.16669971984811 7.24451428931206 7.32412182120606 7.34025848307647 7.4969633994624 7.87276832479984 7.86021758778952 7.80965604726225 7.67805260489695 7.74439221480861 7.30547501193359 7.68881037947722 7.7237731468631 7.74475080729462 7.76160465413705 7.68163852975704 7.55060883536935 7.36571854958311 7.21546829794534 6.84910630807281 6.9709082224872 7.89008698533647 7.71787494502496 8.12350281211548 10.0686943028122 7.7946936709008 8.21117757856181 8.17258973562691 6.94372691204771 7.75256388241957 8.43603436820782 9.1118113317746 8.8918623881798 12.2364995788812
5.95860163448378 5.92130801593885 6.00521865766495 6.08984648436308 6.14291817229241 6.21391948452219 6.2619708776474 6.32795189507306 6.30285042105243 6.21678822441027 6.24117251345888 6.27416302217171 6.20172733999789 6.14578691218048 6.14004943240434 6.0547044207342 6.10132144391537 6.0109561374411 6.02027954207733 6.80057679163292 6.89165928307921 6.92572556925006 7.12366862152703 7.1304818787612 7.21510970545933 7.68773460201919 7.28467664774507 7.1900082314387 7.33201085589826 7.37145602935925 7.67590104998089 7.49732199194841 7.71821496332996 7.73829614254646 7.9710226659663 7.97353281336837 8.05421612272039 7.76662494894117 7.95990629890002 7.62916449597105 8.12617368157953 7.82572099063546 7.71670887488872 6.9350489738863 6.23997720517218 7.16347238747403 7.14159824582748 7.05517745669931 6.26878413488157 7.02254554047249 7.5567766261287 8.26774188369745 7.71987543035565 7.81130491719315 7.88360431251515 8.37121953050207 17.1615250927571 17.456829013429 -9999 -9999 -9999 -9999
5.83381144935265 5.86249884823337 5.83022552449256 5.98370310850441 6.02745139179751 6.04896694095805 6.0389263513498 6.12857447285205 6.12570573296398 6.05829034559429 6.0905636693351 6.02673420682549 6.04466383112594 6.08195744967088 6.07908870978281 6.04538101609796 6.08697774447501 5.95071259979159 6.08195744967088 6.04968412593007 7.04190953471698 7.07812737580389 7.28216650034301 7.32483900617808 7.38508254382759 7.48333688499406 7.46648303815164 7.2975859772414 7.56566971978173 7.46791740809567 7.57327188048512 7.65833001816645 7.90590227050707 8.27307707001455 7.78419598075561 7.99158196849748 8.57692443649285 8.24068421544507 8.02409435389563 8.14864547736943 7.81022979523987 7.76920681484044 7.56394847584888 7.75748574883411 7.77303594214698 7.04513686709106 5.90959399472922 10.1631881810608 12.4885072553796 8.38613108133099 6.59731557988562 8.09253168321 8.16618200946444 8.10694147685232 11.6635196983442 -9999 -9999 -9999 -9999 -9999 -9999 -9999
5.8517410736531 5.86034729331732 5.91270179627463 5.9471266749315 5.96505629923195 6.00521865766495 6.00521865766495 5.95645007956773 5.95788444951177 5.89907528180629 5.90409557661042 5.92489394079894 5.96649066917598 5.9872890333645 5.98657184839249 6.09916988899931 6.15009002201259 6.17662586597726 6.19598986022174 6.10203862888739 7.15988646261394 7.68988615693524 7.38579972879961 7.49660480697639 7.55864130705595 7.87491987971589 7.59163181576878 7.66707967482507 7.70236517544836 7.96385081624612 8.1899075194262 8.20138247897848 8.26635943744332 7.57513656141236 8.20052185701206 7.64972379850224 7.68504515837412 7.56527526804712 8.68358577927575 8.29303871840239 7.83820000914857 7.78555863220245 8.01931312074885 7.2991398780141 7.62095630979942 7.61861361993942 9.18857172997668 11.3189080228053 7.91738789851245 8.92144142634546 7.58136510261549 7.57581182315268 7.57602279221949 10.3016754005193 17.6699996050447 -9999 -9999 -9999 -9999 -9999 -9999 -9999
6.07801293232478 5.73986021801829 5.8754081777297 5.96362192928791 5.96218755934387 6.02243109699339 5.9313486055471 5.8754081777297 5.81731619499624 5.82448804471642 5.81803337996826 5.80297249555588 5.77356791170314 5.87684254767373 5.95071259979159 6.27846613200381 6.37958921305835 6.45202489523217 6.65355387236923 6.55888545606285 7.23203527079895 7.68457898814231 7.86649295629468 8.06612139325589 7.69777519162744 7.7198644887656 7.93631091332063 7.76590776396915 7.84895778372884 7.71412700898945 7.71269263904542 7.53981520154048 7.88625140227377 6.17519149603322 7.79846796169877 8.36834314046428 7.75328530846164 7.7798211524263 7.67296059159562 7.5765709313564 7.15522476029582 7.4529282421805 7.44436983484775 7.08984139701352 7.32424135203473 8.66235749252761 9.48895175121725 6.86268501020968 6.69988402156159 7.7041793320836 7.91672687833621 7.23351568336754 7.21693464958419 11.1551961049855 15.2549996590242 -9999 -9999 -9999 -9999 -9999 -9999 -9999
8.72191533166915 6.23059403512161 6.40436273660849 6.13000884279609 6.11019434510834 5.24309009406716 5.91485335119069 5.80799279036 5.71906185382977 5.67674794048071 5.70758689427748 5.69037445494905 5.74129458796233 5.76567887701094 5.83524581929669 6.0747855999507 6.61052277404815 6.75826287828386 6.85795158939436 6.79268775694072 7.53153171511367 7.53698232090101 8.03565896156942 7.66568116412964 8.04632708802819 7.76963712582365 8.25947446171194 7.91034881733358 8.30523086292669 8.31025115773082 7.87904369330499 8.15548264076933 7.90791038842872 6.98202458955348 6.92249823687598 7.56653034174815 7.93717153528705 7.4211210886715 7.5088686699979 8.29662464326248 8.17350788973272 7.5090121069923 7.50927507481538 7.5564897521399 8.17559967923444 14.0091520274028 12.0648905513808 8.89304616195815 8.84075235249475 7.4071403805865 7.20920183012883 4.55507064424455 7.02357040423279 7.16607149589496 17.1149996174499 -9999 23.7447889405303 -9999 -9999 -9999 -9999 -9999
-9999 -9999 -9999 -9999 -9999 10.2894652271537 7.32941598941882 5.64017150690779 5.71475874399766 5.67387920059264 5.7319711833261 5.7004150445573 5.73770866310224 5.6523636514321 5.84026611410081 6.72598955454305 6.76471754303202 6.89452802296728 7.20076600601897 7.26316109858453 8.50290497083915 8.15973196172854 7.65402690833434 8.1859988613287 7.86573991207406 7.89887385778129 7.92799156764522 7.91551254913211 8.33535263175145 8.3095339727588 7.943195889052 7.87778861960396 7.8555558854714 7.83231909237802 7.96017524326453 8.20506402850151 8.10178939253092 8.16681416332722 8.1436251825653 8.11661121528596 8.66450684038656 7.01166823506355 7.09653512341902 7.12187565909699 7.96403604471946 16.5044069862655 -9999 17.8625434435073 18.8972159527708 16.2599996365607 8.22420435989849 7.18148077636336 6.93215746276214 10.8132938925055 5.37499987985939 5.37499987985939 -9999 -9999 -9999 -9999 -9999 -9999
-9999 -9999 -9999 -9999 -9999 -9999 -9999 8.01504922006279 7.9089544063641 5.47019866853952 5.72981962841004 5.64662617165595 5.73842584807426 5.82018493488431 6.18756293680053 6.54525894159451 6.7202520747669 6.92034668195993 7.15916927764192 7.32770774606615 8.04976957589388 8.64472829905571 8.29599710641196 8.08319039558992 8.33951230458915 7.96858423706144 8.01276283133775 7.96370737925172 7.91723379306495 7.77379679866135 7.84149906001985 7.68379008467309 6.61243526730686 7.70136111648753 6.88831241987646 7.64197820080444 8.20004373369738 7.88998076412827 8.3465885296464 7.90767132677138 7.93420717073604 7.31250342465937 7.32856836803257 7.07884456077591 9.99491865700111 16.8099996242672 -9999 -9999 -9999 -9999 -9999 -9999 -9999 -9999 -9999 -9999 -9999 -9999 -9999 -9999 -9999 -9999
-9999 -9999 -9999 -9999 -9999 -9999 -9999 -9999 15.2699996586889 10.3654898670502 6.16335794399492 6.00611513887998 5.89477217197418 6.33842279566452 5.9790414061863 7.5850974638015 6.49390849759802 8.19263282231987 7.3814966189675 7.48333688499406 8.01333657931536 8.25015105707571 8.0345652544871 7.98249762551859 7.96528518619016 8.05679798861966 8.05952329151332 8.12199010257609 8.07322152447887 8.05825028818799 7.98599390225718 7.98052536684554 7.72416759859771 8.55983152799308 7.06055634398945 8.44192631859332 6.98847925430164 8.32351907971315 7.30676594488323 8.23494673566893 7.31981871137396 7.33817864665762 7.3454939333722 7.64255194878206 13.134153654178 -9999 -9999 -9999 -9999 -9999 -9999 -9999 -9999 -9999 -9999 -9999 -9999 -9999 -9999 -9999 -9999 -9999
-9999 -9999 -9999 -9999 -9999 -9999 -9999 -9999 -9999 14.5849996739998 6.11907177197281 6.61080964803696 6.09630114911124 6.44772178540006 6.166405980126 6.57466352544725 7.14887100754475 7.06557663879357 7.7357859951444 8.46319085301366 8.2098452616483 8.17757193790749 8.16910915523767 8.20668964777142 8.51034576492384 8.10800499562174 8.14271674826741 8.55062765418552 8.22476270906627 7.77475304529071 8.30021056812257 8.53735973220319 8.503412976861 8.42392497579567 7.43241675198078 7.56031473865733 7.33033742429689 7.23339792224579 7.5685837995649 7.56924121912258 7.68143926009249 7.54154839855619 7.18796549889852 7.79602953279391 15.0209090866318 -9999 -9999 -9999 -9999 -9999 -9999 -9999 -9999 -9999 -9999 -9999 -9999 -9999 -9999 -9999 -9999 -9999
-9999 -9999 -9999 -9999 -9999 -9999 -9999 -9999 -9999 14.4399996772408 6.11408733641729 6.14463941622525 6.25479902792722 6.31988356413785 6.6564226122573 6.63490706309676 7.68565476560034 7.94780380249722 7.96671955613419 7.9071932034567 8.35023421992082 8.37121188035235 8.50747702503577 8.32029174733907 8.55136874532327 8.4411374151241 8.29459261917509 8.20243435027078 8.49659971962683 8.45093894307502 8.05780204758048 8.19466484640725 8.21450696396641 8.11015655053779 7.25491347140633 7.04202906554565 7.18259732006118 7.15271461289376 8.12973311345559 8.85667012886216 7.55705638699389 7.57269574996705 6.89022491313517 4.15775016974658 16.3083207159569 -9999 17.407680646138 23.8899994660169 -9999 -9999 -9999 -9999 -9999 -9999 -9999 -9999 -9999 -9999 -9999 -9999 -9999 -9999
-9999 -9999 -9999 -9999 -9999 -9999 -9999 -9999 -9999 9.24661878734066 6.38514739659149 6.48716695886105 6.54023864679039 6.63418987812474 7.2301705898717 7.25150684278924 7.86201055021957 7.8713339548558 8.00186161976308 7.99110384518281 8.53921246004757 8.44275108131114 8.38256730907597 8.34123354852199 8.35435803350993 8.20482496684417 8.32459485717118 8.19263282231987 8.54799797595479 8.2457045102492 8.39021728211083 8.16155480686575 8.1064271886833 7.99985350184143 7.32985930098221 7.80678730737418 7.87735830862075 7.83738719951361 6.60645872587338 7.06234930641949 7.05517745669931 6.9074373524636 6.80487990146503 8.29902503263605 15.9949996424839 -9999 -9999 -9999 -9999 -9999 -9999 -9999 -9999 -9999 -9999 -9999 -9999 -9999 -9999 -9999 -9999 -9999
-9999 -9999 -9999 -9999 -9999 -9999 -9999 -9999 -9999 6.54032829491189 6.55924404854886 6.71057007764466 6.76426930242451 7.18283638171852 7.75299843447283 7.98106325557455 8.14529861416668 8.14816735405475 8.22849207092077 8.37192906532437 8.69968259753659 8.82016967283562 8.55983152799308 8.28479109122418 8.43002104805782 8.08828240889125 8.24444943654817 7.92673649394419 7.94143878587056 7.91766410404816 8.06341999652795 7.85914181033149 7.97962888563052 7.84365061493591 7.90253150113858 6.95477156061679 7.37647632416338 7.11757254926488 7.11972410418093 7.01429791329429 9.10256125556771 7.55423574222784 8.57568928459659 13.8251195895987 -9999 -9999 -9999 -9999 -9999 -9999 -9999 -9999 -9999 -9999 -9999 -9999 -9999 -9999 -9999 -9999 -9999 -9999
-9999 -9999 -9999 -9999 -9999 -9999 -9999 -9999 10.1388841034894 6.85006255470216 6.83446378156077 6.91622286837082 7.51489302376285 7.5923490007408 7.74869532464072 7.96098207635805 8.13956113439053 8.26937161432579 8.38842431968078 8.31598863750696 8.88471632031724 8.89475690992549 8.3093546765158 8.53891363297589 8.45583970705047 8.34682759130374 8.23136081080884 7.9044439943973 7.94950711680576 7.90862757340074 8.2179135925835 7.99056595645379 7.47975096013397 7.45895259594545 7.44030578667298 7.34922329522669 7.30762656684965 7.12976469378918 6.73531295917928 6.91174046229571 6.96481215022504 7.52052804854299 12.3622033469645 -9999 -9999 -9999 -9999 -9999 -9999 -9999 -9999 -9999 -9999 -9999 -9999 -9999 -9999 -9999 -9999 -9999 -9999 -9999
-9999 -9999 -9999 -9999 -9999 -9999 -9999 -9999 12.7924917039927 7.18767738027964 7.08529922552407 7.24039047572296 7.51489302376285 7.83619189122692 7.97389140585437 8.11732840025797 8.28228094382212 8.38412120984867 8.48524429090321 8.48667866084725 8.38292590156198 8.67529830848798 8.61003447603434 8.08806725339964 8.34575181384571 8.17631686420646 8.12808617483824 8.02355646516662 8.21527537643643 7.5048524341546 7.42022460745648 7.5328226480633 7.5765709313564 7.45680104102939 7.45106356125325 7.34850611025468 7.11470380937681 6.88520461833104 7.31981871137396 7.21510970545933 7.20506911585107 6.69592012814246 17.0399996191263 -9999 -9999 -9999 -9999 -9999 -9999 -9999 -9999 -9999 -9999 -9999 -9999 -9999 -9999 -9999 -9999 -9999 -9999 -9999
-9999 -9999 -9999 -9999 -9999 -9999 -9999 12.0507582385473 8.03562448152269 7.55003508739173 7.76644565269817 7.79531234782189 7.84121218603104 8.08720663143322 8.17972349282354 8.2098452616483 8.48954740073532 8.56270026788116 8.53688160888851 8.55839715804905 8.71259192703292 8.87467573070899 8.61003447603434 7.89715261384845 8.19263282231987 7.85985899530351 7.55003508739173 7.64470350369811 7.56509597180411 7.5765709313564 7.36500136461109 7.4331339369528 7.46827600058168 7.46469007572159 7.37791069410741 7.40014342823997 7.2896969425492 7.23519088467583 7.17064423719421 7.30260627204552 9.84389215405099 11.8704320505302 -9999 -9999 -9999 -9999 -9999 -9999 -9999 -9999 -9999 -9999 -9999 -9999 -9999 -9999 -9999 -9999 -9999 -9999 -9999 -9999
-9999 -9999 -9999 3.8400372271426 -9999 7.15297075038377 7.4052149505421 7.25509276764933 7.19664219242986 7.84623248083517 7.97532577579841 8.10585344070569 8.18259223271161 8.27510909410194 8.47878962615505 8.42428356828168 8.63155002519488 8.61505477083847 8.56413463782519 8.53473005397245 8.87969602551311 8.32029174733907 8.03772086836398 7.81467634206638 7.96528518619016 7.73004851536825 7.77881709346548 7.65976438811049 7.52134768851101 7.50198369426653 7.08745078044012 7.19215978635475 7.05159153183922 7.00712606357411 7.17996764183044 7.04513686709106 7.10968351457268 7.2739188731648 7.36500136461109 9.58145458791405 13.2949997028336 -9999 -9999 -9999 -9999 -9999 -9999 -9999 -9999 -9999 -9999 -9999 -9999 -9999 -9999 -9999 -9999 -9999 -9999 -9999 -9999 -9999
-9999 -9999 3.88019958557561 -9999 10.2104960221195 7.15630053775385 7.57670132862404 7.20094530226197 8.07286293199286 8.2299264408648 8.31383708259091 8.40420238906518 8.31598863750696 8.43862726772204 8.51895198458806 8.60071107139811 8.62652973039076 8.6322672101669 8.63370158011094 8.42643512319773 8.26076539466158 8.12808617483824 7.84623248083517 7.68056275229901 7.67841119738296 7.69275489682332 7.60812707012519 7.63322854414582 7.45178074622527 7.32483900617808 7.24021117947996 7.22013000026345 7.1025116648525 7.12617876892909 6.95477156061679 7.06521804630756 7.94530646196966 12.3054104698378 13.3185157003103 -9999 -9999 -9999 -9999 -9999 -9999 -9999 -9999 -9999 -9999 -9999 -9999 -9999 -9999 -9999 -9999 -9999 -9999 -9999 -9999 -9999 -9999 -9999
16.7749996250495 16.7749996250495 -9999 16.0949996402487 7.88760853691313 6.89094209810719 7.96893630968407 7.30690938187763 8.31598863750696 8.37623217515647 8.47878962615505 8.49169895565137 8.47018340649083 8.5447706435807 8.62294380553067 8.68247015820816 8.59282203670591 8.51321450481191 8.47090059146285 8.41496016364545 8.37049469538033 7.90504164854065 7.68988615693524 7.75228124950081 7.71498763095587 8.2153436797671 8.15605638874695 8.1460157991387 8.38196965493262 7.45966978091747 7.11972410418093 7.06521804630756 7.8673894375097 8.01333657931536 6.90026550274342 7.21510970545933 7.7639355052961 7.63257878116117 -9999 -9999 -9999 -9999 -9999 -9999 -9999 -9999 -9999 -9999 -9999 -9999 -9999 -9999 -9999 -9999 -9999 -9999 -9999 -9999 -9999 -9999 -9999 -9999
7.46440463319707 7.80617023597782 6.05757316062227 7.9112914032968 7.18660160282161 6.92565385075286 6.06628183528249 6.07662978987875 8.23494673566893 8.40491957403719 8.48739584581926 8.58493300201371 8.66597490385175 8.72048096172512 8.74988554557785 8.73410747619346 8.6839045281522 8.51106294989586 8.56341745285317 8.54548782855272 8.5526596782729 8.41017893049866 8.27343566250056 8.26554662780836 7.58302559610456 7.92894781427458 7.76327808573842 7.69179865019396 7.37002165941522 8.07537307939492 8.25717946980149 6.88520461833104 6.87659839866683 6.93971067620441 6.9949339190498 7.13478498859331 11.3165471234359 15.2999996580184 7.71310945789661 13.2399997040629 -9999 -9999 -9999 -9999 -9999 -9999 -9999 -9999 -9999 -9999 -9999 -9999 -9999 -9999 -9999 -9999 -9999 -9999 -9999 -9999 -9999 -9999
6.04358805366792 6.80487990146503 6.77571437926963 6.86584062408656 7.18068482680246 7.41042307950556 7.98751792032272 7.98966947523877 8.1460157991387 8.17685475293547 8.51895198458806 8.59855951648206 8.63441876508296 8.77929012943059 8.87897884054109 8.75203710049391 8.78789634909481 8.61362040089443 8.67386393854395 8.4092226838693 8.86965543590486 8.81514937803149 8.63513595005497 8.35758536588401 7.73937192000449 7.57943967124447 8.14027831936255 7.38579972879961 7.32125308131799 7.76716283767018 7.04011657228693 7.11303037777543 7.61171299498528 13.9335378591716 16.9074377389625 15.7037172252021 17.4485346101034 15.3583159405996 15.1610643972464 -9999 -9999 -9999 -9999 -9999 -9999 -9999 -9999 -9999 -9999 -9999 -9999 -9999 -9999 -9999 -9999 -9999 -9999 -9999 -9999 -9999 -9999 -9999
6.2786868043029 6.99206517916173 7.50754187779967 7.45345417782664 7.84246725973208 7.91101818997413 8.10800499562174 8.28228094382212 8.39487898442894 8.47448651632294 8.59999388642609 8.52397227939218 8.63011565525085 8.78574479417875 8.8036744184792 8.83738211216405 8.80654315836728 8.75777458027005 8.72406688658521 8.53544723894447 8.56628619274125 8.52970975916833 7.98464918043464 7.98608355037868 7.77666553854942 7.69060334190726 7.59019744582474 7.49122591968626 8.07501448690891 7.22515029506758 7.21224096557125 7.42787458049133 8.07903072275221 6.99385814159177 7.15791420394089 14.1807940128446 18.6049995841458 -9999 -9999 -9999 -9999 -9999 -9999 -9999 -9999 -9999 -9999 -9999 -9999 -9999 -9999 -9999 -9999 -9999 -9999 -9999 -9999 -9999 -9999 -9999 -9999 -9999
8.34768821327016 7.32412182120606 7.8512527756393 7.81706695863977 7.85173089895397 8.49934892868623 8.60501418123022 8.44579911744222 8.49385051056743 8.47018340649083 8.4809411810711 8.47807244118303 8.56987211760134 8.7477339906618 8.73697621608153 8.8911709850654 8.76494642999023 8.68605608306825 8.65736868418753 8.60501418123022 7.85985899530351 8.29853713652119 7.79531234782189 7.88998076412827 7.83762626117095 7.79531234782189 7.66693623783067 7.58230841113254 7.66765342280269 7.55505538219586 10.8122405807371 10.5732761523686 -9999 -9999 -9999 13.6052278061397 -9999 -9999 -9999 -9999 -9999 -9999 -9999 -9999 -9999 -9999 -9999 -9999 -9999 -9999 -9999 -9999 -9999 -9999 -9999 -9999 -9999 -9999 -9999 -9999 -9999 -9999
7.24465772630647 7.3575426409021 7.6325113591738 7.71857355581596 8.58588924864307 7.93874934222549 8.49779502791353 8.85871836508159 8.50030517531559 8.58780174190179 8.68749045301229 8.73769340105355 8.63657031999901 8.86535232607275 8.93348489841446 8.84311959194019 8.78574479417875 8.65163120441139 8.68103578826413 8.61577195581049 8.47520370129496 7.99253821512684 8.01405376428738 7.88496046932414 7.82686848659068 7.80535293743014 7.77523116860539 7.74008910497651 7.72072511073202 7.88905866916424 7.33398311457131 7.67518893877665 7.18247778923251 14.1208545771713 -9999 -9999 -9999 -9999 -9999 -9999 -9999 -9999 -9999 -9999 -9999 -9999 -9999 -9999 -9999 -9999 -9999 -9999 -9999 -9999 -9999 -9999 -9999 -9999 -9999 -9999 -9999 -9999
10.7810558413288 7.15802178168669 8.17449932579572 8.61003447603434 9.36584498154532 10.7180460187873 8.18743323127273 8.55313780158758 9.46384318522178 9.72041610896122 8.79865412367508 8.88901943014935 8.87252417579293 9.05110323382542 8.97006133198738 8.92989897355437 8.85172581160441 8.72263251664117 8.53473005397245 8.32889796700329 8.18402660265565 7.87635424965993 7.91221349826083 7.7917264229618 7.68773460201919 8.29098173975945 7.81611071201041 7.70996733615175 7.41986601497047 8.66963562487879 9.08481092751026 8.78463641740382 12.8549309399345 8.13712270548567 8.79250129193745 4.99999988824129 -9999 -9999 -9999 -9999 -9999 -9999 -9999 -9999 -9999 -9999 -9999 -9999 -9999 -9999 -9999 -9999 -9999 -9999 -9999 -9999 -9999 -9999 -9999 -9999 -9999 -9999
-9999 -9999 -9999 -9999 7.15999983996153 12.6154937721103 9.01165806036443 9.51713002864271 9.2284869835712 9.04303490289021 8.88973661512136 8.98297066148371 9.02887049969286 8.95356607763097 9.05899226851761 8.80008849361911 8.5526596782729 8.40778831392527 8.32602922711521 8.25287635996938 8.5246894643642 7.63418479077518 8.02481153886765 7.97580389911309 7.96743674110621 7.76524456543848 11.3908400717857 -9999 -9999 -9999 -9999 -9999 -9999 -9999 -9999 -9999 -9999 -9999 -9999 -9999 -9999 -9999 -9999 -9999 -9999 -9999 -9999 -9999 -9999 -9999 -9999 -9999 -9999 -9999 -9999 -9999 -9999 -9999 -9999 -9999 -9999 -9999
-9999 -9999 -9999 -9999 -9999 8.75740442028449 9.40993478149176 8.68533889809623 8.68964200792834 8.73769340105355 8.96432385221124 8.97795036667958 8.95213170768693 8.53975034877658 8.8273415225558 8.41782890353352 8.33678700169548 8.26076539466158 8.33104952191934 8.20482496684417 8.03341775853187 7.88453015834093 7.88524734331295 8.37740575056523 15.089631198181 -9999 -9999 -9999 -9999 -9999 -9999 -9999 -9999 -9999 -9999 -9999 -9999 -9999 -9999 -9999 -9999 -9999 -9999 -9999 -9999 -9999 -9999 -9999 -9999 -9999 -9999 -9999 -9999 -9999 -9999 -9999 -9999 -9999 -9999 -9999 -9999 -9999
