EcologicalScience/Bass/data/rs_data_bass/sst_516.asc
NCOLS 226 
NROWS 124 
XLLCORNER -9.41648524995501 
YLLCORNER 47.587301625531 
CELLSIZE 0.0833 
NODATA_value -9999 
[rows 81 to 107 of 124, columns 62 to 123 of 226]
13.6401308081113 -9999 -9999 -9999 -9999 -9999 -9999 -9999 -9999 -9999 -9999 -9999 -9999 -9999 -9999 -9999 -9999 -9999 -9999 -9999 -9999 -9999 -9999 -9999 -9999 -9999 -9999 -9999 -9999 -9999 -9999 -9999 -9999 -9999 -9999 -9999 -9999 -9999 -9999 -9999 -9999 -9999 -9999 -9999 -9999 -9999 -9999 -9999 -9999 -9999 -9999 -9999 -9999 -9999 -9999 -9999 -9999 -9999 -9999 -9999 -9999 -9999
15.7999996468425 -9999 -9999 -9999 -9999 -9999 -9999 -9999 -9999 -9999 -9999 -9999 -9999 -9999 -9999 -9999 -9999 -9999 -9999 -9999 -9999 -9999 -9999 -9999 -9999 -9999 -9999 -9999 -9999 -9999 -9999 -9999 -9999 -9999 -9999 -9999 -9999 -9999 -9999 -9999 -9999 -9999 -9999 -9999 -9999 -9999 -9999 -9999 -9999 -9999 -9999 -9999 -9999 -9999 -9999 -9999 -9999 -9999 -9999 -9999 -9999 -9999
-9999 -9999 -9999 -9999 -9999 -9999 -9999 -9999 -9999 -9999 -9999 -9999 -9999 -9999 -9999 -9999 -9999 -9999 -9999 -9999 -9999 -9999 -9999 -9999 -9999 -9999 -9999 -9999 -9999 -9999 -9999 -9999 -9999 -9999 -9999 -9999 -9999 -9999 -9999 -9999 -9999 -9999 -9999 -9999 -9999 -9999 -9999 -9999 -9999 -9999 -9999 -9999 -9999 -9999 -9999 -9999 -9999 -9999 -9999 -9999 -9999 -9999
-9999 -9999 -9999 -9999 -9999 -9999 -9999 -9999 -9999 -9999 -9999 -9999 -9999 -9999 -9999 -9999 -9999 -9999 -9999 -9999 -9999 -9999 -9999 -9999 -9999 -9999 -9999 -9999 -9999 -9999 -9999 -9999 -9999 11.3199997469783 11.209999749437 11.1449997508898 -9999 -9999 -9999 -9999 -9999 -9999 -9999 -9999 -9999 -9999 -9999 -9999 -9999 -9999 -9999 -9999 -9999 -9999 -9999 -9999 17.2699996139854 9.84488356085494 7.56304687188406 6.84552038321272 7.22945340489969 7.4051637230441
-9999 -9999 -9999 -9999 -9999 -9999 -9999 -9999 -9999 -9999 -9999 -9999 -9999 -9999 -9999 -9999 -9999 -9999 -9999 -9999 -9999 -9999 -9999 -9999 -9999 -9999 -9999 -9999 -9999 -9999 -9999 -9999 -9999 16.7499996256083 7.71516692719888 7.06113009196706 9.10804772060365 7.87707143463194 6.94473097100854 14.5473219853826 17.8573986319457 -9999 9.51913814656436 11.9734598704055 7.35782951489091 6.88018432352692 6.92464979179204 6.66000853711739 7.26746420841664 7.30475782696158 6.03017669469118 7.1900978795602 9.56403392581269 -9999 11.6760898795328 7.64972379850224 7.63394572911784 7.71355326101184 7.77523116860539 7.83475752128288 8.3375041866675 8.26148257963359
-9999 -9999 -9999 -9999 -9999 -9999 -9999 -9999 -9999 -9999 -9999 -9999 12.6131560798468 12.9713643596208 9.91445050314069 7.50825906277169 8.0823656328721 7.53118336812726 12.7715002761688 -9999 -9999 -9999 -9999 -9999 -9999 11.894999734126 -9999 11.3642296785755 9.18775455503223 7.83081300393678 6.99780265893787 6.86010314431041 9.4249000412412 9.39842567027413 16.5699996296316 -9999 9.25143690267578 7.75012969458476 7.02218694798648 7.07023834111169 7.0946226301603 7.26029235869646 7.5686818966642 7.5686818966642 7.5765709313564 7.63179417420179 7.50270087923855 7.33559678075835 7.48190251505002 7.56437878683209 7.62533950945362 7.70064393151551 7.73722036508843 7.63394572911784 7.99540695501491 7.70853296620771 7.94090089714155 8.4171117185615 8.26506850449368 8.30379649298266 8.51751761464402 8.18115786276758
-9999 -9999 -9999 -9999 -9999 -9999 -9999 -9999 -9999 16.478283169302 9.67348531735479 9.63085763558047 8.57399593119044 8.63542282404378 7.9351634173654 7.96564377867617 9.11269149329746 8.54010894126259 8.62724691536278 8.06497389730066 11.35906683769 9.54237493965775 8.60316999130217 5.01478621130809 8.21766909770668 9.44574370132269 -9999 7.21489454996772 6.85006255470216 7.20004882104695 7.08888515038416 7.17064423719421 7.18283638171852 7.2380596245639 13.799421005563 16.3849996337667 15.8799996450543 6.97772147972137 7.00425732368603 7.17064423719421 7.30690938187763 7.46469007572159 7.70064393151551 7.58302559610456 7.75730154430494 7.86416210513562 7.60382396029308 7.68773460201919 7.87778861960396 7.90647601848468 8.15677357371897 8.01046783942729 8.20339059690014 8.34611040633172 8.31814019242302 8.36332284566015 8.53831597883254 8.30523086292669 8.45655689202249 8.53831597883254 8.43934445269406 8.21127963159233
-9999 -9999 -9999 -9999 -9999 -9999 -9999 -9999 14.7849996695295 8.65539642551448 8.67762915964704 8.92344430880621 8.76602220744826 8.56485182279721 8.0305490186438 8.51464887475595 8.63692891248502 8.64840387203731 7.75514998938888 7.90360727859661 8.06282234238461 8.09921947971452 7.93086030753329 7.91579942312092 7.85412151552737 7.72000792576 7.60669270018116 7.44174015661702 7.47114474046975 7.41018401784822 7.38436535885558 7.33846552064642 7.28324227780104 7.20722067076713 7.17996764183044 7.14339120825753 7.19861445110291 7.20793785573915 6.94042786117643 7.09390544518828 7.34850611025468 7.37145602935925 7.56437878683209 7.61314736492932 7.69705800665542 7.70566422631964 7.84694966580719 7.86272773519158 7.92081971792504 8.2177342963405 8.24785606516525 8.2535935449414 8.22562333103269 8.48667866084725 8.72048096172512 8.51178013486788 8.62652973039076 8.70828881720081 8.66884364373982 8.24283577036113 8.11517684534192 8.23566392064095
-9999 -9999 -9999 -9999 -9999 -9999 -9999 -9999 8.86152733955532 8.77498701959848 8.82142474653665 8.76494642999023 8.47520370129496 8.41998045844957 6.36739706853405 6.30500197596848 8.05493330769241 7.97676014574245 7.86201055021957 7.93229467747733 7.94376963702962 7.98751792032272 7.99755850993097 7.98536636540666 7.9509414867498 7.93014312256128 7.88639483926818 7.60669270018116 7.66693623783067 7.91006194334477 7.92799156764522 7.49050873471424 7.57943967124447 7.40229498315603 7.30762656684965 7.25096895406023 7.20291756093502 7.37289039930329 7.09175389027223 7.46397289074957 7.63896602392197 7.54573197755963 7.67339090257883 7.94448682200164 8.04202397819608 8.09581285109743 8.04919582791626 8.15964231360704 8.31240271264687 8.57847833726555 8.74199651088566 8.6480452795513 8.73625903110951 8.63441876508296 8.77211827971041 8.61075166100636 8.69251074781641 8.48309273598716 8.26506850449368 8.23924984550104 8.12306588003412 7.79818108770996
-9999 9.40499978978187 -9999 -9999 -9999 -9999 -9999 9.59999978542328 10.7585413559573 8.76243628258817 8.46821114781778 8.77283546468243 8.63585313502699 8.78144168434665 7.63466291408986 6.91030609235168 6.39465009747073 8.35399944102392 7.98034607060254 7.9351634173654 7.91077912831679 8.05134738283232 7.8512527756393 8.14529861416668 8.19837030209601 8.22347177611664 8.24785606516525 8.3016449380666 8.28586686868221 8.18044067779556 8.01835687411949 7.89571824390441 7.85699025541544 7.76877650385723 7.69849237659946 7.46971037052572 7.19861445110291 7.49839776940644 7.71498763095587 7.67769401241094 8.29160434845835 8.45655689202249 8.30092775309458 8.53975034877658 8.49815362039953 8.41496016364545 8.66525771887973 8.75060273054987 8.78215886931866 8.87180699082091 8.79506819881499 8.64302498474717 8.77857294445857 8.61290321592242 8.68820763798431 8.7678151698783 8.7477339906618 8.54118471872061 8.43647571280599 8.26004820968956 7.82615130161867 7.6282082493417
9.07979063270614 8.70757163222879 8.96504103718325 9.4649189626798 13.9426517679747 -9999 16.1899624452926 9.39391765045002 8.89475690992549 8.86535232607275 8.87395854573697 8.50317391520366 8.68103578826413 8.28443249873817 8.39416179945692 8.66382334893569 8.65952023910359 8.7835932392627 8.81371500808746 8.79506819881499 8.61935788067058 5.91485335119069 8.77283546468243 8.78933071903884 8.85459455149248 8.85244299657643 8.61505477083847 8.58062989218161 8.78502760920674 8.78646197915077 8.89403972495347 8.75634021032602 8.47376933135092 8.3375041866675 7.8512527756393 7.83834344614297 7.86918239993975 7.69849237659946 9.10847803158686 8.99229406611994 8.79291664389893 8.44364756252617 8.80869471328333 9.02528457483277 9.02098146500066 8.83451337227598 8.955000447575 8.93778800824657 8.95069733774289 8.90623186947778 8.85961484629661 8.75992613518611 8.89188817003742 8.73841058602557 8.69824822759256 8.68318734318018 8.53688160888851 8.3654744005762 8.12736898986623 8.11087373550981 7.75228124950081 7.37934506405145
8.85029144166037 9.20458081783727 8.86104921624064 9.49504073150456 8.0226599839516 9.40969571983442 9.3653736885637 8.89762564981356 8.82518996763974 8.75060273054987 8.71546066692099 8.44938504230231 8.82949307747185 8.72980436636135 8.81443219305947 8.85029144166037 8.85961484629661 8.9349192683585 9.00018310081214 7.87205113982782 8.91268653422594 8.90551468450576 8.89977720472962 9.04680012399331 9.07620470784605 9.17087312415242 8.81228063814342 8.90336312958971 8.95643481751904 9.00305184070021 9.09556870209053 8.96647540712729 8.88830224517733 9.16513564437628 9.14792320504785 9.09772025700659 9.0267189447768 8.91268653422594 9.1063264766708 8.99157688114792 8.89619127986953 8.99229406611994 9.1579637946561 8.76064332015812 9.04536575404927 9.09341714717448 9.02456738986075 8.9987487308681 8.98583940137178 8.92200993886217 8.85459455149248 8.88256476540118 8.80439160345122 8.52970975916833 8.5404675337486 8.53329568402842 8.29877619817853 8.04058960825205 7.9351634173654 7.93157749250531 7.39082002360374 7.09533981513232
9.31646167347208 8.25502791488543 9.00090028578416 9.32004759833217 9.49217199161649 9.41973630944267 9.18880274845287 9.1701559391804 9.1299935807474 5.09009063336998 9.24904628610238 9.2497634710744 9.56532485876232 8.75490584038198 9.25621813582256 9.49002043670043 9.17374186404049 8.9865565863438 6.65498824231327 8.97149570193142 8.70542007731274 9.05970945348963 9.13644824549556 9.16657001432031 9.21246985252947 9.23972288146615 9.23326821671799 8.90981779433787 8.91412090416998 9.09126559225842 9.1221045460552 9.03819390432909 9.19884333806112 9.12067017611116 9.24689473118633 9.09772025700659 9.00376902567223 8.79865412367508 9.12282173102722 8.82662433758378 8.26363413454965 8.81730093294755 9.21820733230561 8.88615069026127 9.13931698538363 9.21031829761341 9.10560929169878 9.12569047091529 8.95141452271491 8.84240240696818 8.72191533166915 8.70542007731274 8.79506819881499 8.45225378219038 8.59927670145407 8.36619158554822 7.83404033631086 7.79746390273795 8.1424298742786 7.28611101768911 7.19072541641071 7.1584520926699
9.68868067394942 9.3853114307858 9.16872156923637 9.69728689361364 9.70159000344574 8.4529709671624 9.66357919992879 9.43479719385505 9.62341684149578 9.6083559570834 9.82996611343697 9.93610948929563 9.81992552382872 9.52014220552519 9.40969571983442 9.59472944261506 9.58468885300681 9.67003386467695 9.64995268546045 9.09521010960452 9.16011534957215 8.835230557248 9.24761191615835 9.14864039001986 9.44985807826743 8.99803154589608 9.18557541607879 8.67027801368386 8.95715200249106 9.08050781767815 9.19525741320103 9.23685414157808 9.1859340085648 9.21031829761341 9.18665119353682 9.20744955772534 9.17087312415242 8.84527114685625 8.61433758586645 8.84885707171634 8.57776115229353 9.14864039001986 9.1780449738726 8.64445935469121 8.78717916412279 9.07405315292999 8.82805870752782 8.82949307747185 8.61792351072654 8.61003447603434 8.47807244118303 8.26793724438176 8.63011565525085 8.11230810545385 8.08362070657313 8.27869501896203 8.0348521284759 7.47473066532984 7.72502822056413 7.54716634750366 7.42022460745648 7.4611041508615
9.65066987043247 9.6399120958522 9.66859949473292 9.76255072606727 10.0630512293428 9.63202306116 10.0422528651543 9.63489180104807 9.55528426915407 8.70972318714485 9.15222631487995 7.86989958491176 9.80701619433239 9.66501356987283 9.84502699784935 7.32699056109414 9.54524367954582 9.61481062183157 9.7155751104001 9.38937547896057 9.64050974999554 9.89612642710563 9.21964170224965 9.2296822918579 9.06759848818183 8.94495985796675 9.06759848818183 9.17589341895655 8.85818047635257 8.60644855117425 9.15222631487995 9.31717885844409 9.02600175980479 8.93276771344244 8.78574479417875 8.56198308290914 8.71617785189301 8.74629962071776 8.89332253998145 9.10776084661484 8.63155002519488 8.93993956316262 8.755623025354 8.73339029122144 8.92918178858235 8.93276771344244 8.74271369585767 8.63083284022287 8.6200750656426 8.25287635996938 8.02194279897958 8.16466260841116 7.4890743647702 7.49768058443442 7.42811364214867 7.61601610481739 7.66550186788663 7.29973753215745 7.31981871137396 7.16490675741807 6.89572333125398 7.43241675198078
9.75035858154297 9.95403911359608 9.96551407314837 10.032212275546 9.99563584197313 9.76972257578745 9.99993895180523 9.80558182438836 9.8550675874576 9.6678823097609 9.73888362199068 9.93826104421169 9.99204991711304 9.70230718841776 10.0135654662736 9.53520308993757 8.36690877052024 9.76972257578745 7.70494704134762 10.0250404258259 9.41256445972249 9.70015563350171 9.53520308993757 9.06975004309788 9.16728719929233 8.97651599673554 8.49994658282958 8.79327523638494 8.66238897899166 8.48524429090321 8.66740927379578 8.955000447575 8.57776115229353 8.58206426212564 8.3891415046528 8.04776145797223 8.18474378762767 8.6200750656426 8.59999388642609 8.96002074237913 8.75849176524207 8.17470319801942 8.50389110017568 8.64661090960726 8.6602374240756 8.61935788067058 8.39201024454087 8.5325784990564 8.20482496684417 7.99971006484702 8.3414487040136 8.06999419210479 7.42022460745648 7.23877680953592 7.25670643383637 7.73004851536825 5.98657184839249 7.49266028963029 7.42632067971863 7.31814527977258 7.5844599660486 9.7553366889958
10.2452162122354 10.0157170211896 9.95905940840021 10.2753379810601 10.032212275546 10.1519821658731 10.270317686256 10.2275256495923 9.2497634710744 10.028626350686 9.82924892846495 9.82781455852091 9.82171848625876 9.75035858154297 9.95977659337223 9.85004729265347 9.63525039353408 9.62126528657973 9.40646838746034 8.58923611184582 8.81514937803149 9.0267189447768 9.64493239065632 9.5681935986504 9.55671863909811 9.06210007006302 9.22035888722166 8.89081239257939 8.85638751392253 9.0385524968151 9.1701559391804 8.85602892143652 8.46516311168671 8.26793724438176 8.21414837148041 8.10298470081761 8.10872218059376 8.05708486260846 8.43002104805782 8.596407961566 8.46731466660276 8.38483839482069 8.53114412911236 8.39201024454087 8.46588029665872 8.50389110017568 8.50317391520366 8.09724722104147 7.80104982759804 7.91006194334477 7.25885798875242 7.44389171153307 7.49409465957433 7.24164554942399 7.03653064742684 7.56254598079249 14.1250434738584 17.1499996166676 -9999 -9999 -9999 -9999
9.95231786966324 9.90168461063877 10.2538224318996 10.3836329118349 10.2107913335785 10.2100741486065 10.2119866418652 10.0250404258259 9.80199589952826 9.88518935628235 9.93395793437958 10.1326181716286 10.03006072063 9.92033141991124 9.76685383589938 9.6201895091217 9.92033141991124 9.47603532974608 9.41507460712455 9.18234808370471 9.25478376587853 9.16657001432031 9.36379588162526 9.4369487487711 9.11493269633502 8.82160404277965 8.80510878842324 8.86535232607275 8.96934414701536 8.83021026244387 8.7914822739549 8.70039978250861 8.46157718682662 8.39487898442894 8.33535263175145 8.12378306500614 7.82902004150674 8.00186161976308 7.93372904742137 8.2177342963405 8.12880335981026 7.82471693167463 8.17972349282354 8.57991270720959 8.55481123318896 8.3016449380666 7.21582689043134 7.89428387396038 7.5249336133711 7.05661182664335 7.36643573455513 7.52995390817523 7.30762656684965 10.5358717218041 16.4652962759137 13.8649996900931 -9999 -9999 -9999 -9999 -9999 -9999
10.6929189310176 10.1225775820203 9.98487806739286 10.2072054087184 10.2100741486065 9.87801750656217 10.1620227554813 10.1211432120763 10.1821039346978 10.0202591926791 9.9389782291837 9.84072388801724 9.09987181192264 9.6919080063235 9.62843713629991 9.52193516795523 9.60477003222331 9.36845758394338 9.33008818794042 9.4448377834633 9.39535202039406 8.36475721560419 8.89977720472962 9.41184727475047 9.33797722263262 9.01094087539241 9.09987181192264 8.68247015820816 9.27988523989916 16.1749996384606 -9999 16.7249996261671 16.7249996261671 -9999 -9999 16.8099996242672 8.01046783942729 7.98034607060254 8.02552872383967 7.82973722647876 7.86416210513562 7.86703084502369 7.94233526708558 7.95811333646998 7.82471693167463 7.8075044923462 8.41687265690416 7.84408092591912 7.12474439898506 7.12115847412497 7.48835717979819 7.46612444566563 7.4847712549381 -9999 -9999 -9999 -9999 -9999 -9999 -9999 -9999 -9999
10.4259468251839 10.4101687557995 10.4245124552399 10.2072054087184 10.0852839634754 10.1648914953694 10.230155327823 10.2545396168716 10.0967589230277 6.11494795838371 10.1406865025638 10.0619754518848 9.82494581863284 9.55528426915407 9.59974973741919 9.3770638036076 9.55528426915407 8.16466260841116 9.54273353214376 8.88615069026127 9.01380961528048 8.92882319609635 9.00448621064425 9.19597459817305 9.18019652878866 9.22753073694184 8.99157688114792 8.8474227017723 9.09429370658472 11.3449997464195 -9999 -9999 -9999 -9999 16.3799996338785 8.06243115058169 7.81754508195445 7.99684132495895 8.0585192325525 8.12880335981026 8.09366129618138 8.06712545221671 8.05995360249653 8.0068819145672 8.20769370673224 8.3253120421432 8.2098452616483 8.30857772612944 6.97843866469339 7.01142917340621 7.02505568787456 8.59913326445967 8.83177910457016 -9999 -9999 -9999 -9999 -9999 -9999 -9999 -9999 -9999
10.4947965824977 10.4324014899321 10.5048371721059 10.4309671199881 10.1189916571602 10.2444990272634 10.2753379810601 9.97985777258873 10.2541810243856 10.2150944434106 10.3520767730661 10.2261595829789 9.50231503622074 10.34813225572 9.11899674450979 9.19669178314507 9.2497634710744 7.96528518619016 9.57428967091255 13.056863053785 12.2533653158411 9.3853114307858 10.1143299548421 9.02134005748667 9.01667835516855 9.05182041879743 9.24259162135422 8.76709798490629 8.73482466116548 12.7799997143447 -9999 -9999 -9999 -9999 -9999 17.1549996165559 7.76590776396915 7.75012969458476 7.82113100681454 7.82113100681454 7.83188878139481 7.86272773519158 7.81037323223427 7.53210546309128 7.46182133583352 7.27822198299691 7.75766013679095 7.18785667652264 6.82424389570951 7.08386485558003 7.21941281529143 7.29471723735332 7.33569923575435 19.2699995692819 -9999 -9999 -9999 -9999 -9999 -9999 -9999 -9999
10.2947019753046 10.4180577904917 10.3635517326184 10.0214545009658 9.75035858154297 10.3721579522826 10.4037140910514 10.4431592645124 10.2265694029629 9.9827265124768 9.85237814381253 9.67218541959301 9.40700627618935 9.0334126711823 9.02528457483277 9.47567673726007 8.4250007532537 9.31000700872391 9.72310555260628 7.92010253295302 9.31144137866795 9.2576525057666 9.35762809086591 8.65306557435542 8.72119814669713 8.75490584038198 8.67314675357193 8.60644855117425 8.73482466116548 10.4478038909978 15.5699996519834 24.7149994475767 -9999 -9999 -9999 -9999 13.2240583372116 7.87491987971589 13.4037848911993 7.61745047476143 7.42309334734455 7.35639514494687 7.46540726069361 7.16132083255798 7.09892573999241 7.09103670530021 7.31981871137396 7.11255225446075 6.9389934912324 7.32483900617808 7.41520431265235 7.26280250609852 7.49245537963829 9.86999977938831 -9999 -9999 -9999 -9999 -9999 -9999 -9999 -9999
10.4596545188688 10.2150944434106 10.3068941198289 10.5120090218261 10.4783013281412 10.469695108477 10.430249935016 10.2502365070395 10.1856898595579 9.95583207602613 9.42368082678877 9.37060913885944 9.2974562717136 9.2497634710744 9.55707723158412 9.69047363637947 8.66525771887973 8.37479780521244 8.98727377131581 9.39678639033809 9.27988523989916 9.47997984709218 8.28622546116821 8.1660969783552 8.35937832831405 8.11230810545385 8.05923641752452 8.0943784811534 8.25502791488543 8.08577226148918 16.4899996314198 -9999 -9999 -9999 -9999 -9999 -9999 -9999 -9999 -9999 -9999 -9999 -9999 -9999 -9999 -9999 12.5775641051485 7.30834375182167 7.43026519706473 7.2632806294132 14.9422642390968 14.1549996836111 -9999 -9999 -9999 -9999 -9999 -9999 -9999 -9999 -9999 -9999
10.3714407673106 10.66978971567 10.6160008427687 10.586596258916 10.507705911994 10.4567857789807 10.1699117901735 10.3850672817789 10.427381195128 9.72812584741041 9.38782157818787 9.36200291919522 9.33905300009064 9.3293710029684 8.86965543590486 9.53807182982564 9.46133303781971 9.29924923414364 9.08875544485636 9.2497634710744 9.19597459817305 9.06508834077977 8.33571122423746 11.83042147986 17.4841227272991 16.804999624379 8.08003478171304 8.06927700713277 8.08003478171304 8.12163151009008 7.83475752128288 17.2049996154383 17.6518781468253 -9999 -9999 -9999 -9999 -9999 -9999 -9999 -9999 -9999 -9999 -9999 -9999 -9999 -9999 -9999 -9999 -9999 -9999 -9999 -9999 -9999 -9999 -9999 -9999 -9999 -9999 -9999 -9999 -9999
10.3735923222266 10.6561632012017 10.5858790739439 10.427381195128 10.6468397965655 10.5675908571575 10.3463392932899 10.2480849521235 10.4453108194284 9.70876185316592 9.44985807826743 8.98117769905366 9.22251044213772 9.30426952894777 9.34299751743674 8.11732840025797 8.55481123318896 9.17051453166641 9.2458189537283 9.10489210672677 9.02815331472084 9.08481092751026 8.34969633119181 8.39655241603032 8.29016997851431 8.51231802359689 7.84479811089113 7.98464918043464 7.95022430177778 8.10728781064972 7.9789117006585 11.282839429751 7.71999982744455 -9999 -9999 -9999 -9999 -9999 -9999 -9999 -9999 -9999 -9999 -9999 -9999 -9999 -9999 -9999 -9999 -9999 -9999 -9999 -9999 -9999 -9999 -9999 -9999 -9999 -9999 -9999 -9999 -9999
10.1189916571602 10.6547288312577 10.3305612239055 10.1799523797818 10.4553514090367 10.6357234294992 10.4818872530013 10.1161229172722 9.77689442550763 9.56998656108044 8.81658374797553 8.9786675516516 9.19274726579897 9.32506789313629 8.40850549889728 8.70828881720081 8.9349192683585 9.04034545924515 9.21605577738956 8.81514937803149 8.82518996763974 8.91340371919796 8.69466230273247 8.53520817728713 8.45010222727433 8.34664829506073 8.03915523830801 7.73650318011642 7.88567765429616 7.79602953279391 7.59736929554492 13.9834233480506 -9999 -9999 -9999 -9999 -9999 -9999 -9999 -9999 -9999 -9999 -9999 -9999 -9999 -9999 -9999 -9999 -9999 -9999 -9999 -9999 -9999 -9999 -9999 -9999 -9999 -9999 -9999 -9999 -9999 -9999
10.3865016517229 10.4618060737848 10.5349589409307 10.4897762876935 10.8476515887305 10.6256828398909 10.4614474812988 9.9748374777846 9.61122469697148 9.4247566042468 9.43910030368716 8.8632007711567 8.74880976811983 8.80403301096521 8.91555527411401 8.596407961566 8.48022399609908 7.97532577579841 8.89977720472962 8.48739584581926 8.40276801912114 8.9349192683585 6.70519119035453 8.38555557979271 8.87168745999224 7.83188878139481 8.01692250417545 7.79244360793382 7.73435162520036 7.46971037052572 7.759632395464 12.5376125961276 13.4910063249255 13.3949997005984 -9999 -9999 -9999 -9999 -9999 -9999 -9999 -9999 -9999 -9999 -9999 -9999 -9999 -9999 -9999 -9999 -9999 -9999 -9999 -9999 -9999 -9999 -9999 -9999 -9999 -9999 -9999 -9999
