EcologicalScience/Bass/data/rs_data_bass/sst_423.asc
NCOLS 226 
NROWS 124 
XLLCORNER -9.41648524995501 
YLLCORNER 47.587301625531 
CELLSIZE 0.0833 
NODATA_value -9999 
[rows 27 to 53 of 124, columns 62 to 123 of 226]
-9999 -9999 -9999 -9999 -9999 -9999 -9999 -9999 -9999 -9999 -9999 -9999 -9999 -9999 -9999 -9999 -9999 -9999 -9999 -9999 -9999 -9999 -9999 -9999 -9999 -9999 -9999 -9999 12.5299997199327 6.55577765451744 6.35126040666364 5.3217413793318 5.34756003832445 4.84158604056574 5.76696980996057 4.88712728628889 3.71524704201147 4.02650531986728 4.15344705991447 5.95071259979159 5.89835809683427 5.9073229089845 5.40529342857189 5.0789742663037 5.08542893105187 5.23245185031556 5.20878474623896 4.78062531794421 3.78266242938116 3.84828485432081 5.42680897773243 5.56594286230393 6.26914272736758 3.64352854480967 6.51746802392881 6.40612505702302 6.33584092976525 6.29424420138821 6.15188298444264 5.54837183048949 5.76532028452493 5.87612536270171
-9999 -9999 -9999 -9999 -9999 -9999 -9999 -9999 -9999 -9999 -9999 -9999 -9999 -9999 -9999 -9999 -9999 -9999 -9999 -9999 -9999 -9999 -9999 -9999 -9999 -9999 -9999 -9999 -9999 -9999 9.78499978128821 4.14260491063161 4.68774986406788 4.39513839548454 4.20006408309564 5.09188359580003 3.98562577646226 4.42023986950517 5.67603075550869 3.59260841179639 5.70400096941739 5.6523636514321 5.64160587685183 5.26436658157036 5.17973875487223 5.28624072321691 6.48788414383307 6.40612505702302 5.34827722329646 5.58817559643649 5.3099078272935 3.70197912002914 3.72636340907775 3.54348124121316 6.24852365942206 3.57898189732805 6.36112170002889 6.34606081561651 6.17967390210833 6.07550278492272 6.05566066736355 5.80942716030404
-9999 -9999 -9999 -9999 -9999 -9999 -9999 -9999 -9999 -9999 -9999 -9999 -9999 -9999 -9999 -9999 -9999 -9999 -9999 -9999 -9999 -9999 -9999 -9999 -9999 -9999 -9999 -9999 -9999 -9999 -9999 10.5999997630715 4.01001006551087 4.80178227461874 6.00214500778488 2.94283882714808 2.81015960732475 4.42023986950517 4.50271614128724 5.62654499243945 5.40099031873979 5.50713369459845 5.60108492593281 5.33644367125817 5.85030670370907 4.28971220459789 6.47282325942069 6.40110476221889 6.34803307428956 6.35789436765481 5.37804039963521 5.39883876382373 2.40973133128136 3.77154606231488 3.53571173734963 3.63779106503353 5.5010376223363 3.42299416591413 6.01980141876265 6.13538773008622 5.67441708932165 5.68374049395788
-9999 -9999 -9999 -9999 -9999 -9999 -9999 -9999 -9999 -9999 -9999 -9999 -9999 -9999 -9999 -9999 -9999 -9999 -9999 -9999 -9999 -9999 -9999 -9999 -9999 -9999 -9999 -9999 -9999 -9999 -9999 10.2235702658072 4.29975279420614 5.66670735087246 6.09787895604968 5.98011718364432 5.75420391745865 5.43003631010652 3.94474623305723 4.75982695375569 5.2342448127456 5.11375773744658 4.86704610707238 6.31767224380746 6.29400513973087 6.34277371782809 6.29448326304555 3.59475996671245 6.36327325494494 5.34612566838041 5.31134219723754 4.11065502325073 4.75337228900753 4.85879847989418 4.6246375865303 4.43458356894553 4.71177556063049 4.58698537549935 6.02601702185348 5.86943163629621 5.74631488276646 5.98346404684708
-9999 -9999 -9999 -9999 -9999 -9999 -9999 -9999 -9999 -9999 -9999 -9999 -9999 -9999 -9999 -9999 -9999 -9999 -9999 -9999 -9999 -9999 -9999 -9999 -9999 -9999 -9999 -9999 -9999 -9999 -9999 -9999 8.75610968658501 4.055192718748 3.95406963769346 3.66504409397021 4.24560532881878 3.83501693233848 4.40697194752283 4.43063905159943 5.31851404695772 4.23699910915457 3.60766929620877 5.23998229252174 6.23382136749569 6.31815036712214 6.45453504263423 4.26030762074515 3.94402904808521 3.44486830756068 4.35425885207951 4.70137637853622 5.13921780395322 5.2539673994761 5.19587541674264 5.05602434719913 6.18188522243872 4.3019043491222 4.08890041243285 3.84756766934879 3.74285866343416 5.80488498881459
-9999 -9999 -9999 -9999 -9999 -9999 -9999 -9999 -9999 -9999 -9999 -9999 -9999 -9999 -9999 -9999 -9999 -9999 -9999 -9999 -9999 -9999 -9999 -9999 -9999 -9999 -9999 -9999 -9999 -9999 -9999 -9999 9.86706188785169 3.71022674720734 3.30501723801717 4.61065247957595 4.59128848533146 4.73938718205318 3.27991576399654 4.4015930602327 5.09367655823007 4.84481337293983 4.50988799100742 4.51490828581154 4.34350107749924 4.33095034048893 4.51777702569962 4.23879207158461 4.28469190979376 4.64687032066286 4.86740469955839 4.98968473728746 5.16109194559976 5.10335855535232 5.03450879803859 5.02554398588836 4.90075380075723 6.25025685643777 6.17901648255065 5.80631935875863 6.19186604663264 5.99069566198159
-9999 -9999 -9999 -9999 -9999 -9999 -9999 -9999 -9999 -9999 -9999 -9999 -9999 -9999 -9999 -9999 -9999 -9999 -9999 -9999 -9999 -9999 -9999 -9999 -9999 -9999 -9999 -9999 -9999 -9999 -9999 -9999 9.02908033110388 4.56947954231873 4.97032074304298 4.70962400571443 4.97103792801499 4.29222235199995 4.4335077914875 3.81278419820592 3.8002334611956 5.08865626342595 4.97032074304298 5.03128146566451 4.8157673815731 4.89358195103705 4.73831140459515 4.82329782377928 4.97856837022118 5.10694448021241 5.00008391938172 4.72360911266878 5.02877131826244 5.09224218828604 4.96852778061293 4.69348734384403 5.05172123736702 5.97796562872827 3.91605883417651 3.7840967993252 4.43996245623566 6.0310373166576
-9999 -9999 -9999 -9999 -9999 -9999 -9999 -9999 -9999 -9999 -9999 -9999 -9999 -9999 -9999 -9999 -9999 -9999 -9999 -9999 -9999 -9999 -9999 -9999 -9999 -9999 -9999 -9999 -9999 -9999 -9999 -9999 -9999 8.52037023801587 3.68153934832662 3.88414410292171 3.88342691794969 3.3896450647153 5.63443402713165 5.93636890035123 5.94658878620248 4.48371073952876 4.44641712098382 4.52674183784984 5.05602434719913 4.98789177485742 3.77979368949309 4.95418408117257 5.51000243448652 4.91366313025355 4.98107851762325 4.88031402905472 4.9394817892462 5.18081453233026 4.50271614128724 4.54036835231818 4.43314919900149 4.58196508069523 4.23879207158461 4.54467146215029 4.49016540427692 6.12451042467728
-9999 -9999 -9999 -9999 -9999 -9999 -9999 13.8608057342449 14.3890085255594 11.7780060016622 8.10970016010106 7.50743430005386 8.76685892324895 9.39797057947794 8.41999981179833 -9999 -9999 -9999 -9999 -9999 -9999 -9999 -9999 -9999 -9999 -9999 -9999 -9999 -9999 -9999 -9999 -9999 -9999 -9999 3.14472639677115 3.49220251571387 3.52806176431477 3.48431348102167 3.6367152875755 4.20902889524586 4.01897487766109 4.23484755423851 4.35569322202355 4.6565523177851 4.80931271682493 4.54251990723424 6.14196192566305 3.59475996671245 5.42214727541432 5.92955564311706 4.62499617901631 4.17998290387914 4.13444165815599 3.96482741227373 4.54036835231818 4.48191777709872 4.67089601722546 4.54754020203836 4.373622846324 4.49913021642715 4.49554429156706 6.18092897580937
-9999 -9999 -9999 -9999 16.949999621138 3.60271136531525 3.55176472763997 9.34521427098662 3.92466505384073 3.73532822122797 16.2817427383333 20.0532883162172 -9999 -9999 -9999 -9999 -9999 -9999 -9999 -9999 -9999 -9999 -9999 -9999 -9999 -9999 -9999 -9999 -9999 -9999 -9999 -9999 -9999 -9999 3.80489516351372 2.53476057806984 3.03750724345446 2.58352915616706 5.88401439739391 4.30333871906623 4.96530044823885 4.91330453776754 5.04096346278675 5.04634235007688 5.04885249747895 5.22348703816533 4.91222876030952 4.62750632641837 4.44318978860974 6.25599433621392 6.28515985840932 6.3191066137515 6.4144922150299 4.2341303692665 4.47546311235055 4.59774315007962 4.78600420523435 5.06785789923742 4.97103792801499 4.80716116190888 4.26174199068919 6.20340077159926
5.263410334941 13.7993390415662 14.9230400404276 6.98847925430164 4.79819634975865 4.64041565591469 4.57228308357298 4.31839960347861 4.24954984616488 14.9712390116188 -9999 -9999 -9999 -9999 -9999 -9999 -9999 -9999 -9999 -9999 -9999 -9999 -9999 -9999 -9999 -9999 -9999 -9999 -9999 -9999 -9999 -9999 -9999 -9999 13.6449996950105 2.16971342731267 2.51969969365746 2.26223028870299 2.23784599965438 4.7361598496791 3.17162083322182 2.59500411571935 4.44569993601181 4.34242530004121 4.28361613233574 4.40912350243889 4.36501662665978 4.42848749668337 4.27644428261556 6.15893530333415 4.1505783200264 6.24882248649374 4.44462415855378 4.86812188453041 4.87529373425059 4.83262122841552 4.81254004919901 4.85341959260404 5.05064545990899 5.00438702921383 5.10156559292227 6.30595822259784
5.20268867397681 5.0549485697411 4.85126803768799 4.84696492785588 4.86704610707238 4.82616656366736 4.76305428612977 4.79030731506646 4.16635638941079 15.5899996515363 -9999 -9999 -9999 -9999 -9999 -9999 -9999 -9999 -9999 -9999 -9999 -9999 -9999 -9999 -9999 -9999 -9999 -9999 -9999 -9999 -9999 -9999 -9999 -9999 -9999 7.40347833835986 6.42574984580278 3.84505752194673 4.74799340171739 3.59189122682437 4.95705282106064 3.87231055088341 2.83024078654125 4.25349436351098 4.26676228549331 4.45968504296616 4.44821008341387 4.47797325975262 4.82329782377928 4.43673512386158 4.54144412977621 4.38438062090427 6.10323393717408 4.44641712098382 4.53857538988814 4.68918423401192 5.02482680091634 5.20699178380892 5.18440045719035 4.75444806646556 4.59344004024751 6.18164616078138
5.40063172625378 5.48382518300787 5.40780357597396 5.34038818860427 4.81756034400314 4.87421795679256 4.55650501418859 4.80967130931094 8.66771445889026 -9999 -9999 -9999 -9999 -9999 -9999 -9999 -9999 -9999 -9999 -9999 -9999 -9999 -9999 -9999 -9999 -9999 -9999 -9999 -9999 -9999 -9999 -9999 -9999 -9999 -9999 -9999 3.82999663753435 4.85270240763202 4.1426892853342 4.46829126263037 4.3499557422474 4.45251319324598 4.32341989828274 4.5052262886893 4.53283791011199 4.27859583753161 4.53642383497208 4.76950895087793 4.81074708676897 4.38545639836229 4.26855524792336 4.6486632830929 4.73759421962313 4.75803399132565 4.84409618796781 4.94019897421822 5.08327737613581 5.07933285878971 4.73544266470708 4.20580156287178 6.05685597565025 6.21917884098366
5.37983336206526 5.44581437949091 5.42573320027441 5.51179539691657 5.02841272577643 4.99470503209159 5.23998229252174 4.78528702026233 12.7897884929553 -9999 -9999 -9999 -9999 -9999 -9999 -9999 -9999 -9999 -9999 -9999 -9999 -9999 -9999 -9999 -9999 -9999 -9999 -9999 -9999 -9999 -9999 -9999 -9999 -9999 -9999 -9999 -9999 -9999 -9999 5.02999988757074 3.16905092040543 4.59523300267756 4.02507094992325 3.92466505384073 4.36931973649189 3.63635669508949 4.7999893121887 4.91653187014163 4.63862269348465 4.56295967893675 4.60132907493971 4.63396099116653 4.66479994496331 4.7842112428043 4.84445478045382 4.88282417645678 4.79532760987058 4.81002990179695 4.59057130035944 5.95190790807828 5.95740632619709 6.14387441892177
5.50462354719639 5.54119998076931 5.6286965473555 5.4651783737354 5.22133548324928 4.82616656366736 4.93517867941409 5.04490798013285 14.3049996802583 -9999 -9999 -9999 -9999 -9999 -9999 -9999 -9999 -9999 -9999 -9999 -9999 -9999 -9999 -9999 -9999 -9999 -9999 -9999 -9999 -9999 -9999 -9999 -9999 -9999 -9999 -9999 -9999 -9999 -9999 -9999 -9999 -9999 -9999 11.1147621928597 4.02448416221887 4.60419781482778 5.09905544552021 5.2342448127456 4.93195134704001 4.55722219916061 4.54789879452437 4.48478651698679 4.50630206614733 4.48980681179091 4.83297982090153 4.77058472833596 6.02219203533605 3.93434705096297 6.02601702185348 6.06354970205575 5.91102836467326 5.81540370173752
5.43935971474275 5.50247199228033 5.63084810227156 5.51681569172069 5.21990111330524 5.21918392833322 5.01622058125213 5.08005004376173 4.93733023433015 14.1199996843934 -9999 -9999 -9999 -9999 -9999 16.1899624452926 -9999 -9999 -9999 -9999 -9999 -9999 -9999 -9999 -9999 -9999 -9999 -9999 -9999 -9999 -9999 -9999 -9999 -9999 -9999 -9999 -9999 -9999 -9999 -9999 -9999 -9999 -9999 -9999 8.78499980363995 4.8001429946827 5.55602180352435 5.58566544903442 4.39155247062445 4.58770256047137 4.50092317885719 4.58411663561128 4.55112612689845 4.7164372629486 4.97605822281912 5.35544907301664 5.54980620043352 5.54765464551747 5.52147739403881 3.43805505032651 5.69324319483712 5.80799279036
5.88258002744988 5.62295906757936 5.79078035103157 5.56558426981792 5.54191716574132 5.29090242553502 4.93302712449804 5.20412304392084 4.96530044823885 4.91007720539346 16.4099996332079 -9999 -9999 -9999 -9999 -9999 -9999 -9999 -9999 -9999 -9999 -9999 -9999 -9999 -9999 -9999 -9999 -9999 -9999 -9999 -9999 -9999 -9999 -9999 -9999 -9999 -9999 -9999 -9999 -9999 -9999 -9999 -9999 -9999 -9999 12.5599997192621 4.87314217933454 5.12021240219474 4.92657245974988 4.64579454320483 4.58770256047137 4.70388652593829 4.75265510403551 5.11590929236263 5.09762107557617 4.80536819947883 4.28720205719583 4.48442792450078 5.42250586790033 4.34278389252722 5.34230068186298 5.6657511042431
6.32221441529691 5.85604418348521 4.95095674879849 5.68105105031282 5.65953550115228 5.57634204439819 5.27655872609466 5.14387950627133 5.19408245431259 5.14029358141124 5.36292828772483 10.031136498088 -9999 -9999 17.3179796566814 18.9549995763227 19.6604546765531 22.9808644991164 -9999 -9999 -9999 -9999 -9999 -9999 -9999 -9999 -9999 -9999 -9999 -9999 -9999 -9999 -9999 -9999 -9999 -9999 -9999 -9999 -9999 -9999 -9999 -9999 -9999 -9999 -9999 8.8399998024106 10.2349997712299 9.60108518529812 4.84696492785588 4.52961057773791 4.56654560379684 4.75157932657748 4.78636279772036 4.81899471394718 4.4614780053962 4.37039551394992 3.78158665192313 3.18632312514819 3.64424572978169 4.34242530004121 5.38055054703727 5.68750571506098
6.28563798172399 6.1744743110612 6.12714010290802 6.15511031681672 5.70400096941739 5.58853418892249 5.44438000954688 5.37983336206526 5.24141666246578 4.79389323992655 4.39011810068041 5.99732962297276 17.5749996071681 7.41203360014448 8.9118134394774 2.92803106684347 8.91507715079933 12.5652410422678 -9999 -9999 -9999 -9999 -9999 -9999 -9999 -9999 -9999 -9999 -9999 -9999 -9999 -9999 -9999 -9999 -9999 -9999 -9999 -9999 -9999 -9999 -9999 -9999 -9999 -9999 -9999 -9999 -9999 -9999 4.24464908218943 5.12308114208281 4.58447522809729 4.71572007797658 4.75444806646556 4.7680745809339 5.6204489201773 3.57467878749594 3.64532150723971 3.58794670947827 5.50868759537116 3.81242560571991 3.78230383689515 5.56414989987388
6.09199803927913 6.25838495278731 5.94927822984755 5.86536758812144 5.79364909091964 5.11447492241859 5.30166020011529 5.39704580139369 5.03773613041267 4.88210699148476 4.75588243640959 4.8319040434435 4.81469160411507 4.30979338381439 1.56297494098544 1.54791405657306 16.7899996247143 21.2642895704298 -9999 -9999 -9999 -9999 -9999 -9999 -9999 -9999 -9999 -9999 -9999 -9999 -9999 -9999 -9999 -9999 -9999 -9999 -9999 -9999 -9999 -9999 -9999 -9999 -9999 -9999 -9999 -9999 -9999 -9999 4.17233293084428 4.56690419628285 5.14196701301262 4.8476821128279 5.33656320208684 4.77381206071004 4.02507094992325 4.48550370195881 4.43601793888956 3.96948911459185 4.05160679388791 3.96769615216181 5.3855708418414 5.48334705969319
6.64709920762107 6.42262031137943 6.03964353632182 5.62224188260734 5.53617968596518 5.34899440826848 5.12308114208281 5.13097017677501 4.89501632098109 4.72074037278071 4.73723562713712 4.68416393920779 4.652607800439 4.53498946502805 2.09727774513885 8.72037850672911 17.0699996184558 -9999 -9999 -9999 -9999 -9999 -9999 -9999 -9999 -9999 -9999 -9999 -9999 -9999 -9999 -9999 -9999 -9999 -9999 -9999 -9999 -9999 -9999 -9999 -9999 -9999 -9999 -9999 -9999 -9999 -9999 -9999 3.3222296773456 4.8665679837577 5.01263465639204 5.12427645036951 4.77488783816807 4.61244544200599 4.24596392130479 4.30262153409421 4.44677571346983 3.98168125911616 3.89526046998799 3.92036194400862 4.89394054352306 5.01873072865419
6.91460920218378 6.60263373935595 6.29639575630426 6.76471754303202 6.24977873312309 5.9750968888402 4.95956296846271 4.93087556958199 4.81038849428296 4.6167485518381 4.5808893032372 4.57802056334913 4.56367686390877 1.91697744317353 5.74754434271849 6.69999985024333 -9999 -9999 -9999 -9999 -9999 -9999 -9999 -9999 -9999 -9999 -9999 -9999 -9999 -9999 -9999 -9999 -9999 -9999 -9999 -9999 -9999 -9999 -9999 -9999 -9999 -9999 -9999 -9999 -9999 -9999 -9999 -9999 5.05334869557275 4.91380656724796 4.86537267547101 4.95167393377051 4.5131153233815 4.47761466726661 4.78923153760843 4.28146457741968 4.66982023976743 4.84553055791184 4.73078096238896 4.87887965911068 5.07395397149958 5.462787757162
7.09175389027223 6.58972440985963 6.23471784871072 6.35305336909369 6.07980589475483 6.01167332241312 5.98011718364432 4.80034790467471 4.73078096238896 4.71787163289264 4.58160648820922 4.53068635519594 4.49410992162302 5.59092480549589 6.96291371941676 -9999 -9999 -9999 -9999 -9999 -9999 -9999 -9999 -9999 -9999 -9999 -9999 -9999 -9999 -9999 -9999 -9999 -9999 -9999 -9999 -9999 -9999 -9999 -9999 -9999 -9999 -9999 -9999 -9999 -9999 -9999 -9999 -9999 -9999 4.48499989975244 4.81158380256966 4.46004363545217 4.4894482193049 4.71966459532268 4.88425854640082 4.23628192418255 4.18070008885115 4.75301369652152 4.38115328853019 4.9355372719001 4.84875789028592 4.89250617357902
6.8952452079393 6.57824945030734 5.53187657613307 5.59355448372662 5.87253943784162 5.63013091729954 5.25647754687816 5.4651783737354 5.20699178380892 5.02626117086038 4.62965788133442 4.47904903721064 4.40015869028866 6.95082704327069 14.1594161936082 12.5236085505225 -9999 -9999 -9999 -9999 -9999 -9999 -9999 -9999 -9999 -9999 -9999 -9999 -9999 -9999 -9999 -9999 -9999 -9999 -9999 -9999 -9999 -9999 -9999 -9999 -9999 -9999 -9999 -9999 -9999 -9999 7.93038218421862 8.91166416415945 8.59499980788678 -9999 11.5949583295733 5.13306656361629 4.68918423401192 4.51024658349343 4.98729412071407 5.13838108815253 4.04802086902782 4.07563249045052 5.33106478396803 5.20221055066213 5.1345561016351 4.91796624008566
7.05517745669931 7.12546158395708 7.13980528339744 5.88688313728198 6.05613879067823 5.94784385990351 6.01741080218926 5.69587287306786 5.24930569715798 5.02339243097231 4.72719503752887 4.38151188101619 4.43028045911342 2.12931200722232 6.54710313152256 -9999 -9999 -9999 -9999 -9999 -9999 -9999 -9999 -9999 -9999 -9999 -9999 -9999 -9999 -9999 -9999 -9999 -9999 -9999 -9999 -9999 -9999 -9999 -9999 -9999 -9999 -9999 -9999 -9999 -9999 -9999 -9999 -9999 8.44388125201143 4.75031370603863 5.21167739229277 9.99286955708106 12.9644230336417 3.47857600124553 4.22875148197636 4.82760093361139 4.90816471213475 4.84337900299579 4.8957335059531 4.96816918812692 4.96912543475628 4.97988320933655
7.11613817932084 7.30834375182167 7.02935879770666 6.66718038683757 6.29711294127628 6.32221441529691 5.70256659947336 5.25002288213 5.26938687637448 4.93302712449804 4.79030731506646 4.58590959804133 2.19259162792005 8.81682280963287 14.5599996745586 -9999 -9999 -9999 -9999 -9999 -9999 -9999 -9999 -9999 -9999 -9999 -9999 -9999 -9999 -9999 -9999 -9999 -9999 -9999 -9999 -9999 -9999 -9999 -9999 -9999 -9999 -9999 -9999 -9999 -9999 -9999 -9999 -9999 -9999 -9999 10.98504373837 5.19486483791843 3.52758364100009 3.91510258754715 4.61531418189406 3.39717550692149 4.36836348986253 4.37625252455473 4.52184107387438 4.83357747504488 4.82855718024075 4.83238216675818
7.02146976301447 7.19646289618686 6.98776206932962 6.32723471010104 6.23041473887861 5.89405498700216 5.63013091729954 5.18691060459241 5.04849390499294 4.97605822281912 4.79245886998251 4.59308144776151 4.41163364984095 7.46291820696719 12.334007751549 -9999 -9999 -9999 -9999 -9999 -9999 -9999 -9999 -9999 -9999 -9999 -9999 -9999 -9999 -9999 -9999 -9999 -9999 -9999 -9999 -9999 -9999 -9999 -9999 -9999 -9999 -9999 -9999 -9999 -9999 -9999 -9999 -9999 -9999 -9999 -9999 -9999 12.929999710992 7.68576234334614 3.91008229274303 2.59930722555146 4.00236009247601 4.01742097688839 4.25480920262635 4.51610359409824 4.3298745630309 4.39920244365931
