EcologicalScience/Bass/data/rs_data_bass/sst_290.asc
NCOLS 226 
NROWS 124 
XLLCORNER -9.41648524995501 
YLLCORNER 47.587301625531 
CELLSIZE 0.0833 
NODATA_value -9999 
[rows 54 to 80 of 124, columns 124 to 185 of 226]
7.2301705898717 7.10466321976855 7.16992705222219 7.59306618571281 7.43528549186885 6.12785728788003 7.19610430370085 7.28204696951434 7.32388275954872 5.89907528180629 6.88018432352692 7.21510970545933 7.06880397116765 7.09964292496443 7.04226812720299 7.07095552608371 7.11757254926488 7.1663411273621 7.14769431808963 7.27965635294095 7.22801903495565 7.41950742248446 7.46469007572159 7.84264655597508 7.34348581545055 6.40110476221889 5.91772209107876 7.15988646261394 6.94688252592459 6.18308053072542 6.27201146725565 6.25766776781529 6.06761375023052 7.42596208723262 7.29686879226938 7.46827600058168 7.42094179242849 7.48692280985415 7.59306618571281 7.65904720313847 7.61386454990134 7.83762626117095 7.61386454990134 7.53856012783945 7.82471693167463 7.63322854414582 7.78957486804575 7.58159122616053 7.3814966189675 7.54716634750366 8.05995360249653 8.43002104805782 8.52182072447613 10.6999114844948 9.97555466275662 9.93754385923967 9.40969571983442 12.1990775316549 17.5240460240748 15.5464924583715 19.0117779451955 17.8906377916568
7.17781608691439 6.81707204598933 6.92106386693195 6.87372965877876 7.09223201358691 7.44998778379522 7.34826704859734 7.19718008115888 5.81373027013615 5.71081422665156 6.77619250258431 7.35496077500284 7.50054932432249 7.281807907857 7.05661182664335 6.95692311553285 7.32985930098221 6.61841180874035 6.65068513248116 6.73889888403937 6.76471754303202 6.71164585510269 6.8715781038627 6.63490706309676 7.04800560697913 7.14339120825753 6.74965665861964 6.59402751969174 6.08052307972685 6.06976530514657 6.07837152481079 6.39823602233082 6.5925931497477 6.8636890691705 7.04585405206308 6.84432507492602 6.75467695342377 7.65044098347425 7.60382396029308 7.55864130705595 7.58087404118851 7.6282082493417 7.56437878683209 7.36284980969504 7.66621905285865 7.60238959034905 7.65761283319443 7.60382396029308 8.06569108227268 8.68247015820816 9.73697112873197 11.5940020829439 15.3269498622976 10.6862849700265 10.6109805479646 13.0832902601246 14.529986600059 15.0023592997056 -9999 -9999 -9999 -9999
7.44747763639316 7.41448712768033 6.88950772816315 6.66861475678161 6.5847041150555 6.82675404311158 7.11398662440479 6.54023864679039 6.47999510914087 6.43983275070786 5.77177494927309 6.7718893927522 7.4847712549381 7.18785667652264 7.0587633815594 6.93540756637231 6.79268775694072 7.3097781217657 6.56318856589496 6.4692373345606 6.34014403959736 6.8278298205696 6.42907497612759 6.73746451409534 6.79005807870999 7.14446698571555 6.95979185542092 6.41760001657531 6.33512374479324 6.34659870434552 6.4570451900363 6.31934567540884 6.75969724822789 6.81778923096135 6.85006255470216 7.02075257804245 6.82280952576548 7.50700398907065 7.67841119738296 7.69849237659946 7.5966521105729 7.77881709346548 7.64757224358618 7.60525833023712 7.67554245749488 7.79029205301777 7.14769431808963 13.3943754243664 13.464127446645 9.28741568210535 9.90025024069473 10.4926450275816 11.0519058687612 8.94495985796675 18.773225935785 -9999 -9999 -9999 -9999 -9999 -9999 -9999
7.45464948611334 7.51417583879083 7.47473066532984 7.5446562001016 7.46074555837549 7.46182133583352 7.25598924886435 7.02218694798648 6.96337778028101 6.89883113279939 6.8156376760453 6.85508284950629 6.36775566102006 7.33774833567441 7.16992705222219 6.71953488979489 6.61769462376833 6.60693684918806 6.55888545606285 6.52948087221012 6.58255256013945 6.52732931729406 6.28492079675198 6.12355417804793 6.79770805174485 6.82424389570951 6.80129397660494 6.68224127124995 6.61626025382429 6.79770805174485 6.84934536973014 7.0386822023429 6.7919705719687 7.19933163607493 7.61099581001326 7.23375651473179 7.59163181576878 7.12331002904102 7.4768822202459 7.87061676988378 7.88424328435212 7.57083345158026 7.58948026085272 7.85842462535948 7.71427044598386 7.81252478715032 7.97915076231584 9.83743327461621 10.4560685940087 10.309762859717 10.3025910099968 10.4933622125536 10.9803308085538 10.905026386492 18.2749995915219 -9999 -9999 -9999 -9999 -9999 -9999 -9999
8.86965543590486 7.61529891984537 8.02983183367178 8.20267341192812 7.162396610016 7.32017730385996 7.41018401784822 7.18570512160659 7.0150150982663 6.90098268771544 6.91747794207186 6.82424389570951 6.74033325398341 7.22658466501161 6.82854700554162 6.69658497069031 6.53378398204222 6.45274208020419 6.46349985478446 6.41975157149136 6.48214666405693 6.15511031681672 6.16371653648093 6.66789757180959 6.74607073375955 6.83787041017786 6.81635486101732 6.7518082135357 6.93325601145625 6.65140231745318 6.77762687252834 7.34276863047853 7.42022460745648 7.4890743647702 7.58732870593667 7.56724752672017 7.560792861972 7.45823541097343 7.41233557276428 7.83332315133885 7.81109041720629 7.21654407540336 7.61386454990134 7.83690907619894 8.00257880473509 7.39196751955897 11.0534524937444 9.85219884756953 10.4639576287009 10.4883419177495 10.5442823455669 10.8225501147099 10.429532750044 15.1103517572428 15.2549996590242 -9999 -9999 -9999 -9999 -9999 -9999 -9999
8.90981779433787 8.89475690992549 8.28371531376615 8.8553117364645 8.57489241240546 8.65736868418753 8.93993956316262 7.06521804630756 6.84862818475813 6.93182164151222 6.83715322520584 6.92823571665213 6.98274177452549 7.1900082314387 6.84934536973014 6.7919705719687 6.56031982600689 6.64781639259309 6.60765403416008 6.57394634047523 6.58829003991559 6.67722097644582 6.46278266981244 6.42262031137943 6.7281411094591 6.86153751425445 7.0666524162516 6.97198399994522 7.10896632960066 7.15056305797771 6.90528579754755 7.14123965334147 7.29973753215745 7.46277758246288 7.67267371760681 7.63466291408986 7.61027862504125 7.60023803543299 7.55792412208393 7.68558304710314 7.38795128371567 7.43815423175693 7.5127414688468 7.93229467747733 7.88496046932414 17.0512196326894 9.24012131756172 10.3750266921706 10.4553514090367 10.7257301434875 10.7960142707452 10.8340250742622 10.7522659874521 10.9351481553167 19.7849995577708 -9999 23.7447889405303 -9999 -9999 -9999 -9999 -9999
-9999 -9999 -9999 -9999 -9999 15.6699996497482 9.02026428002864 8.47520370129496 8.24929043510929 7.85340433055535 6.91317483223975 6.61410869890824 6.7797784274444 7.03653064742684 6.82998137548566 6.8794671385549 6.81707204598933 6.7998596066609 6.80129397660494 6.77762687252834 6.62343210354447 6.75898006325588 6.76113161817193 6.76830346789211 6.83930478012189 7.04872279195115 6.97628710977733 6.80416271649301 6.90241705765948 6.94831689586863 7.30834375182167 7.48214157670736 6.64566483767703 7.43289487529546 7.54716634750366 7.70781578123569 7.48261970002204 7.86631366005167 7.84408092591912 7.81754508195445 7.51130709890276 7.64900661353022 7.76088746916503 7.98178044054657 8.06138797244057 12.69966591265 -9999 12.7608347110849 14.6551866051741 17.674999604933 10.7902767909691 10.7278816984035 10.828287594486 11.1700262336526 5.37499987985939 5.37499987985939 7.1766755035854 -9999 -9999 -9999 -9999 -9999
-9999 -9999 -9999 -9999 -9999 -9999 -9999 14.5554978940636 7.7667843233794 8.77785575948656 7.4252449022606 6.47569199930876 6.89596239291131 6.69371623080224 6.67004912672564 6.55314797628671 6.42477186629549 6.36739706853405 6.13000884279609 6.04824975598603 6.46708577964455 6.644230467733 6.77260657772422 6.47282325942069 6.13287758268416 6.49864191841334 6.96481215022504 6.03964353632182 7.31503747822717 7.3176671564579 7.40420747641474 7.4835759466514 7.53497420297936 7.49481184454635 7.82973722647876 7.77379679866135 7.73937192000449 7.78240301832557 7.73363444022834 7.64542068867013 7.62103639962152 7.55433819722384 7.58589433599263 7.80607012240216 7.99301633844152 15.7399996481836 -9999 -9999 -9999 -9999 -9999 -9999 -9999 -9999 -9999 -9999 -9999 -9999 -9999 -9999 -9999 -9999
-9999 -9999 -9999 -9999 -9999 -9999 -9999 -9999 16.784999624826 11.9565629924648 8.1940671922639 7.47401348035783 6.4251304587815 6.34731588931754 6.52015746757388 6.66072572208941 6.47927792416885 6.38747824775055 6.08410900458694 6.1027558138594 6.04179509123787 6.10634173871949 6.18738364055753 6.325800340157 6.38819543272257 6.85580003447831 6.73244421929121 6.62271491857246 6.80487990146503 7.56366160186008 7.59163181576878 7.6762596424669 7.56724752672017 7.61386454990134 7.6999267465435 7.57370219146833 7.7436750298366 7.6482894285582 7.73076570034027 7.70136111648753 7.65761283319443 7.69777519162744 7.6640674979426 8.22586239269003 13.353606217111 13.5249996976927 -9999 -9999 -9999 -9999 -9999 -9999 -9999 -9999 -9999 -9999 -9999 -9999 -9999 -9999 -9999 -9999
-9999 -9999 -9999 -9999 -9999 -9999 -9999 -9999 -9999 15.0899996627122 8.6559343142435 8.68318734318018 8.60788292111829 8.52684101928025 7.26531265350059 6.68582719611004 6.56677449075505 6.64638202264905 6.36381114367396 6.06259345542639 6.10849329363555 6.10777610866353 6.18881801050156 6.3695486234501 6.60980558907613 6.68941312097013 6.77117220778018 6.94257941609249 7.26674702344462 7.57513656141236 7.93659778730944 7.68199712224305 7.62175358459353 7.18068482680246 7.3693044744432 7.28826257260516 7.73076570034027 7.70925015117973 7.79100923798978 7.6999267465435 7.77451398363337 7.71570481592789 7.95381022663787 8.10513625573367 16.0638610121011 -9999 -9999 -9999 -9999 -9999 -9999 -9999 -9999 -9999 -9999 -9999 -9999 -9999 -9999 -9999 -9999 -9999
-9999 -9999 -9999 -9999 -9999 -9999 -9999 -9999 -9999 13.6399996951222 8.70255133742467 8.79865412367508 8.58636737195775 8.38268683990464 7.24738302920014 6.93397319642827 6.82926419051364 6.90385142760351 6.32364878524095 6.05040131090209 6.04251227620989 6.18164616078138 6.20603044983 6.51728872768581 6.80344553152099 6.94544815598056 7.11900691920891 7.29471723735332 7.39297157851979 7.56653034174815 7.79531234782189 7.75228124950081 7.60095522040501 7.31551560154185 7.30906093679368 6.96552933519706 7.640400393866 7.48190251505002 7.54358042264357 7.56581315677613 7.59306618571281 7.82399974670261 8.22920925589278 8.1503189089708 11.8148894602034 1.3501503005391 12.2469224143455 20.5499995406717 -9999 -9999 -9999 -9999 -9999 -9999 -9999 -9999 -9999 -9999 -9999 -9999 -9999 -9999
-9999 -9999 -9999 -9999 -9999 -9999 -9999 -9999 -9999 8.40593232000076 8.89260535500944 8.45512252207845 8.01620531920344 7.96169926133007 7.32197026629001 7.5328226480633 6.65785698220134 6.71451459499076 6.32293160026893 6.6363414330408 6.44843897037208 6.57036041561514 6.59976499946788 6.89165928307921 6.97700429474935 7.05732901161537 7.21510970545933 7.38723409874365 7.17136142216623 7.31981871137396 7.18498793663457 7.07812737580389 7.37504195421934 7.4611041508615 7.55720693711191 7.64255194878206 7.63681446900591 7.59091463079676 7.76949368882924 7.69849237659946 7.77307961368933 7.90862757340074 8.21199681656435 10.0917386282235 14.3349996795878 -9999 -9999 -9999 -9999 -9999 -9999 -9999 -9999 -9999 -9999 -9999 -9999 -9999 -9999 -9999 -9999 -9999
-9999 -9999 -9999 -9999 -9999 -9999 -9999 -9999 -9999 9.0625781933777 8.83092744741589 8.82160404277965 9.06329537834972 8.89834283478558 7.11972410418093 8.06282234238461 8.12019714014605 5.58996855886653 7.06593523127958 6.82065797084942 6.81492049107328 6.57824945030734 6.64709920762107 7.39153720857576 7.59952085046098 7.57441937644035 7.34348581545055 7.42883082712069 7.42022460745648 7.41807305254042 7.24881739914417 6.93540756637231 7.19072541641071 7.19287697132677 7.29400005238131 7.37073884438723 7.50341806421056 7.41376994270831 7.5923490007408 7.53497420297936 7.70996733615175 8.16035949857906 8.14529861416668 14.3287000997458 -9999 -9999 -9999 -9999 -9999 -9999 -9999 -9999 -9999 -9999 -9999 -9999 -9999 -9999 -9999 -9999 -9999 -9999
-9999 -9999 -9999 -9999 -9999 -9999 -9999 -9999 10.0617405119802 8.38842431968078 8.4608600018546 8.68175297323614 9.03747671935707 8.19263282231987 8.64589372463524 5.83883174415678 5.74774925271049 6.65785698220134 6.13789787748829 6.59761344455183 6.47354044439271 6.63203832320869 6.76256598811597 6.79770805174485 7.20506911585107 7.42309334734455 7.22084718523547 7.4532151161693 7.34778892528266 7.23519088467583 7.11111788451672 7.14697713311762 7.29328286740929 7.39440594846383 7.4890743647702 7.33631396573037 7.38293098891154 7.51919613359496 7.77594835357741 7.8075044923462 8.0943784811534 8.19263282231987 9.08278593464809 -9999 -9999 -9999 -9999 -9999 -9999 -9999 -9999 -9999 -9999 -9999 -9999 -9999 -9999 -9999 -9999 -9999 -9999 -9999
-9999 -9999 -9999 -9999 -9999 -9999 -9999 -9999 10.018129370641 8.40420238906518 8.14314705925062 8.01118502439931 7.93157749250531 8.7398449559696 7.41090120282024 7.15199742792174 6.20746481977403 6.32221441529691 6.82137515582144 6.91174046229571 6.89381083799526 6.86584062408656 6.90600298251957 6.97556992480531 7.18355356669053 6.85364847956225 7.19789726613089 7.12833032384515 7.2538376939483 7.04800560697913 7.14123965334147 7.11972410418093 7.18498793663457 7.42022460745648 7.48405406996608 7.45178074622527 7.3972746883519 7.4689931855537 7.46971037052572 7.75084687955678 8.23064362583682 9.41660677501932 17.3349996125326 -9999 -9999 -9999 -9999 -9999 -9999 -9999 -9999 -9999 -9999 -9999 -9999 -9999 -9999 -9999 -9999 -9999 -9999 -9999
-9999 -9999 -9999 -9999 -9999 -9999 -9999 5.18824076817299 7.6325113591738 8.7757042045705 8.80726034333929 8.72550125652924 8.25574509985745 8.1223486950621 6.72527236957103 6.69873652560636 7.06378367636353 6.91389201721177 6.8235267107375 7.02075257804245 7.02792442776263 7.08458204055205 7.21295815054327 7.21224096557125 7.34922329522669 7.32125308131799 7.26531265350059 7.20865504071116 7.082430485636 7.40874964790419 7.52636798331514 7.520630503539 7.42094179242849 7.4252449022606 7.50054932432249 7.52349924342707 7.57800530130044 7.80965604726225 7.93588060233742 8.11374247539788 9.29901017248631 11.2577358844481 -9999 -9999 -9999 -9999 -9999 -9999 -9999 -9999 -9999 -9999 -9999 -9999 -9999 -9999 -9999 -9999 -9999 -9999 -9999 -9999
-9999 -9999 -9999 3.8400372271426 -9999 9.14056788940459 8.03668493451551 8.67242956859991 9.06042663846165 8.67458112351596 8.1940671922639 8.09868159098551 7.6482894285582 7.21439252048731 7.26316109858453 6.92536697676405 7.30834375182167 7.42811364214867 7.24451428931206 7.25957517372444 7.27535324310884 7.3018890870735 7.42811364214867 7.38006224902347 7.25814080378041 7.34492018539459 7.08816796541214 7.42094179242849 7.55792412208393 7.46253852080554 7.59091463079676 7.64685505861416 7.6124301799573 7.73148288531229 8.2019562269561 8.69537948770449 8.82805870752782 8.00186161976308 7.81611071201041 14.4716994376962 13.2949997028336 -9999 -9999 -9999 -9999 -9999 -9999 -9999 -9999 -9999 -9999 -9999 -9999 -9999 -9999 -9999 -9999 -9999 -9999 -9999 -9999 -9999
-9999 -9999 3.88019958557561 -9999 8.36332284566015 8.52182072447613 6.63849298795685 7.73076570034027 8.30021056812257 8.15677357371897 7.46540726069361 7.62533950945362 7.87707143463194 7.80463575245813 7.56509597180411 7.29830316221341 7.5249336133711 7.56939908163622 7.45106356125325 7.37145602935925 7.16562394239008 7.5249336133711 7.26889857836068 7.48620562488213 7.4489120063372 7.39799187332392 7.55864130705595 7.41592149762437 7.59450055565685 7.6762596424669 7.72646259050816 7.58589433599263 7.71642200089991 8.02839746372774 8.42213201336563 8.63513595005497 9.02588222897612 15.0530311763824 17.1021475381507 -9999 -9999 -9999 -9999 -9999 -9999 -9999 -9999 -9999 -9999 -9999 -9999 -9999 -9999 -9999 -9999 -9999 -9999 -9999 -9999 -9999 -9999 -9999
16.7749996250495 16.7749996250495 -9999 12.5399997197092 9.46707051759586 10.2351756226271 10.2150944434106 7.08888515038416 7.82041382184252 7.81252478715032 7.68845178699121 7.47257911041379 7.4768822202459 7.47831659018993 7.38579972879961 7.55003508739173 7.75945309922099 7.98966947523877 7.88280891440809 7.88352609938011 7.81395915709436 7.53497420297936 7.35998106980696 7.52636798331514 7.51130709890276 7.53927731281146 7.46612444566563 7.08386485558003 7.47831659018993 7.560792861972 7.92942593758926 7.80391856748611 8.04489271808416 8.23279518075287 8.1660969783552 8.03341775853187 7.83009581896476 8.37956497590879 -9999 -9999 -9999 -9999 -9999 -9999 -9999 -9999 -9999 -9999 -9999 -9999 -9999 -9999 -9999 -9999 -9999 -9999 -9999 -9999 -9999 -9999 -9999 -9999
14.984852630645 9.19073262801394 8.62124049122212 8.47233496140689 8.99731436092407 8.82303841272369 8.65880305413157 8.38770713470876 7.66478468291461 7.8914151340723 7.89428387396038 7.41807305254042 7.69347208179533 7.9071932034567 7.61960202967748 7.78527175821364 7.879222989548 8.18259223271161 7.96887111105025 7.7121188910678 7.72646259050816 7.74224065989256 7.72574540553614 7.85268714558333 7.7121188910678 7.65330972336233 7.60382396029308 7.39799187332392 7.59952085046098 7.65115816844627 7.75658435933292 7.76734213391319 9.06329537834972 7.40050202072598 6.04609820106998 9.50540731428191 17.2425128900213 17.4349996102974 3.26669348105788 13.2399997040629 -9999 -9999 -9999 -9999 -9999 -9999 -9999 -9999 -9999 -9999 -9999 -9999 -9999 -9999 -9999 -9999 -9999 -9999 -9999 -9999 -9999 -9999
9.90066006067874 8.54979093838483 8.69251074781641 10.3284096689895 9.40754416491836 9.46276740776375 8.73267310624942 8.22275459114462 7.83619189122692 8.0585192325525 8.09868159098551 8.04776145797223 8.22490614606068 8.21127963159233 8.31311989761889 8.06999419210479 7.89643542887643 8.10872218059376 8.13310646964237 8.07214574702084 7.33846552064642 7.89213231904432 7.96887111105025 7.98321481049061 7.8871120242402 7.84694966580719 7.82615130161867 7.82399974670261 7.48405406996608 7.94735556188971 8.06569108227268 8.36834314046428 8.59999388642609 12.6377452788875 13.7441522473123 17.3317594790771 15.8703863004933 17.3592890764121 13.1488611543103 -9999 -9999 -9999 -9999 -9999 -9999 -9999 -9999 -9999 -9999 -9999 -9999 -9999 -9999 -9999 -9999 -9999 -9999 -9999 -9999 -9999 -9999 -9999
9.40491448668763 9.2284869835712 10.0279091657139 9.41184727475047 8.63800468994305 8.57417522743344 8.36045410577208 8.22634051600471 8.10011596092954 8.39918209426105 8.68605608306825 8.59353922167793 8.19980467204005 8.44221319258213 8.29805901320651 8.22347177611664 8.22849207092077 8.27797783399001 8.25431072991341 7.87850580457598 8.12378306500614 8.09868159098551 7.92010253295302 7.59306618571281 7.95022430177778 8.07142856204882 8.03126620361581 8.05708486260846 8.05708486260846 8.31025115773082 8.02122561400756 8.7039857073687 8.17237234686036 14.0997932503621 9.90769103477942 9.86232908529928 -9999 11.4349997444078 11.4349997444078 -9999 -9999 -9999 -9999 -9999 -9999 -9999 -9999 -9999 -9999 -9999 -9999 -9999 -9999 -9999 -9999 -9999 -9999 -9999 -9999 -9999 -9999 -9999
9.0783562627621 9.9031189805828 9.69728689361364 9.48356577195227 8.69537948770449 8.21343118650839 8.18115786276758 8.16753134829924 8.18115786276758 8.17255164310336 8.35041351616383 8.4967192504555 8.56341745285317 8.6121860309504 8.59353922167793 8.26363413454965 8.41926327347755 8.21343118650839 8.61864069569856 8.38842431968078 8.06569108227268 8.26363413454965 8.08003478171304 8.14745016908273 8.67888423334807 8.22490614606068 8.17326882807538 8.56628619274125 9.02385020488873 9.28347116475925 8.18969888379797 12.4642889706551 -9999 -9999 -9999 13.6052278061397 -9999 -9999 -9999 -9999 -9999 -9999 -9999 -9999 -9999 -9999 -9999 -9999 -9999 -9999 -9999 -9999 -9999 -9999 -9999 -9999 -9999 -9999 -9999 -9999 -9999 -9999
9.53305153502151 9.39176609553397 9.38602861575782 8.5325784990564 8.78717916412279 7.74510939978063 7.91077912831679 8.28228094382212 8.29088716348633 8.25646228482947 8.12952054478228 8.37049469538033 8.44006163766608 8.1424298742786 8.25215917499736 8.50675984006375 8.69322793278843 8.67386393854395 8.76494642999023 8.52038635453209 8.25215917499736 8.56341745285317 8.48022399609908 8.74343088082969 8.41926327347755 8.65091401943937 9.25908687571064 9.23326821671799 9.08911403734237 8.96504103718325 8.99659717595205 9.28662677863613 14.0544062709221 9.59111233579967 -9999 -9999 -9999 -9999 -9999 -9999 -9999 -9999 -9999 -9999 -9999 -9999 -9999 -9999 -9999 -9999 -9999 -9999 -9999 -9999 -9999 -9999 -9999 -9999 -9999 -9999 -9999 -9999
10.0556403179653 9.41184727475047 10.8898407742584 10.1406175424703 8.98679564800113 9.59821291247915 8.47233496140689 8.05995360249653 8.05206456780434 8.48667866084725 8.40850549889728 8.24785606516525 8.26363413454965 8.32889796700329 8.37264625029638 8.53831597883254 8.18115786276758 8.67529830848798 8.74988554557785 8.8990600197576 8.89188817003742 8.73410747619346 8.72908718138933 9.12282173102722 9.2777336849831 9.09772025700659 9.28275397978723 9.35160373710096 9.54811241943389 9.26267280057073 9.28736445460735 14.0980442180656 9.44005655031651 10.0600928413332 12.9427879536524 4.99999988824129 -9999 -9999 -9999 -9999 -9999 -9999 -9999 -9999 -9999 -9999 -9999 -9999 -9999 -9999 -9999 -9999 -9999 -9999 -9999 -9999 -9999 -9999 -9999 -9999 -9999 -9999
-9999 -9999 -9999 -9999 7.15999983996153 8.67079028866387 8.59999388642609 8.34037292655557 8.31814019242302 8.24498732527718 8.38627276476473 8.37479780521244 8.01979124406353 8.13669239450246 8.10441907076165 8.48309273598716 8.64445935469121 8.83021026244387 9.03675953438506 9.04536575404927 9.21462140744552 9.14146854029968 9.28490553470328 9.27414776012301 9.44053467363119 8.51966916956007 14.0331747351835 -9999 -9999 -9999 -9999 -9999 -9999 -9999 -9999 -9999 -9999 -9999 -9999 -9999 -9999 -9999 -9999 -9999 -9999 -9999 -9999 -9999 -9999 -9999 -9999 -9999 -9999 -9999 -9999 -9999 -9999 -9999 -9999 -9999 -9999 -9999
-9999 -9999 -9999 -9999 -9999 15.8066912469307 8.76279487507418 8.43504134286195 8.30523086292669 8.27439190912992 8.46516311168671 8.32459485717118 8.1940671922639 8.34180729649961 8.4450819324702 8.41496016364545 8.56341745285317 8.91268653422594 8.96073792735115 9.2576525057666 9.33654285268858 9.40324105508626 10.2473677671514 8.69968259753659 14.4563150314821 -9999 -9999 -9999 -9999 -9999 -9999 -9999 -9999 -9999 -9999 -9999 -9999 -9999 -9999 -9999 -9999 -9999 -9999 -9999 -9999 -9999 -9999 -9999 -9999 -9999 -9999 -9999 -9999 -9999 -9999 -9999 -9999 -9999 -9999 -9999 -9999 -9999
