EcologicalScience/Bass/data/rs_data_bass/sst_542.asc
NCOLS 226 
NROWS 124 
XLLCORNER -9.41648524995501 
YLLCORNER 47.587301625531 
CELLSIZE 0.0833 
NODATA_value -9999 
[rows 54 to 80 of 124, columns 0 to 61 of 226]
-9999 -9999 -9999 -9999 -9999 -9999 -9999 -9999 -9999 -9999 -9999 -9999 -9999 -9999 -9999 -9999 -9999 -9999 -9999 -9999 -9999 -9999 -9999 -9999 -9999 -9999 -9999 -9999 -9999 -9999 -9999 -9999 -9999 -9999 -9999 -9999 -9999 -9999 12.4216733842622 14.1524399397895 14.3102206336334 14.3561204718426 14.0764183327556 13.8289895174094 13.8081911532208 13.8670003209263 13.9717093268409 14.0785698876716 14.0907620321959 14.1008026218042 14.1660664542578 14.2428052462637 14.2879878995009 14.413495269604 14.6537522352301 14.7025208133273 14.6860255589709 14.7821283452213 13.7149996934459 -9999 -9999 14.7733428293141
-9999 -9999 -9999 -9999 -9999 -9999 -9999 -9999 -9999 -9999 -9999 -9999 -9999 -9999 -9999 -9999 -9999 -9999 -9999 -9999 -9999 -9999 -9999 -9999 -9999 -9999 -9999 -9999 -9999 -9999 -9999 -9999 -9999 -9999 -9999 -9999 -9999 -9999 13.6499996948987 14.1574602345936 14.0627918182872 14.1115603963844 14.0348216043785 14.0470137489028 13.8849299452268 13.9487594077364 14.0391247142106 14.1251869108528 14.0878932923079 14.2822504197247 14.3023315989412 14.3424939573742 14.2736442000605 14.7462690966204 14.8043610793538 14.8050782643259 14.8014923394658 15.3260414279997 -9999 13.6649996945634 -9999 14.2749996809289
-9999 -9999 -9999 -9999 -9999 -9999 -9999 -9999 -9999 -9999 -9999 -9999 -9999 -9999 -9999 -9999 -9999 -9999 -9999 -9999 -9999 -9999 -9999 -9999 -9999 -9999 -9999 -9999 -9999 -9999 -9999 -9999 -9999 -9999 -9999 -9999 -9999 -9999 -9999 14.0298013095744 14.0685292980634 14.0807214425877 13.9774468066171 13.9616687372327 14.0204779049382 14.1366618704051 14.1567430496216 14.1409649802372 14.1768242288381 14.1703695640899 14.4680013274774 14.5052949460223 14.2844019746408 14.2377849514596 14.5497604142874 14.611438321881 14.6845911890268 14.888988906052 14.9485152587295 15.0349996639416 20.6549995383248 -9999
-9999 -9999 -9999 -9999 -9999 -9999 -9999 -9999 -9999 -9999 -9999 -9999 -9999 -9999 -9999 -9999 -9999 -9999 -9999 -9999 -9999 -9999 -9999 -9999 -9999 -9999 -9999 -9999 -9999 -9999 -9999 -9999 -9999 -9999 -9999 -9999 -9999 -9999 -9999 13.324999702163 14.095065142028 14.0398418991826 13.9286782285199 13.9107486042194 14.0563371535391 14.1129947663285 14.1675008242019 14.2076631826349 14.1904507433064 14.2298959167674 14.4228186742403 14.3575548417866 14.3934140903875 14.1911679282784 14.5913571426645 14.692480223719 14.7190160676837 14.932020004373 15.1572160855867 15.1729941549711 15.2153080683202 -9999
-9999 -9999 -9999 -9999 -9999 -9999 -9999 -9999 -9999 -9999 -9999 -9999 -9999 -9999 -9999 -9999 -9999 -9999 -9999 -9999 -9999 -9999 -9999 -9999 -9999 -9999 -9999 -9999 -9999 -9999 -9999 -9999 -9999 -9999 -9999 -9999 -9999 -9999 -9999 -9999 13.385338893719 14.1402477952652 14.1373790553771 13.9810327314772 14.0312356795184 14.0290841246024 14.2793816798367 14.4751731771976 14.4020203100517 14.3511001770385 14.4414654835127 14.4737388072535 14.5762962582521 14.8653218019754 14.6688131196424 14.731208212208 14.8660389869474 14.971465177834 15.2841578256339 15.2705313111655 15.1428723861463 13.8849996896461
-9999 -9999 -9999 -9999 -9999 -9999 -9999 -9999 -9999 -9999 -9999 -9999 -9999 -9999 -9999 -9999 -9999 -9999 -9999 -9999 -9999 -9999 -9999 -9999 -9999 -9999 -9999 -9999 -9999 -9999 -9999 -9999 -9999 -9999 -9999 -9999 -9999 -9999 -9999 14.0999996848404 14.3059175238013 13.1720480830409 14.3489486221224 14.3805047608912 14.5239417552948 14.6035492871888 14.7211676225998 14.573427518364 14.530396420043 14.4866481367499 14.5260933102109 14.493102801498 14.6975005185232 14.8868373511359 14.9650105130859 14.9485152587295 15.0044556865469 15.0073244264349 14.9671620680019 15.2534213268331 -9999 -9999
-9999 -9999 -9999 -9999 -9999 -9999 -9999 -9999 -9999 -9999 -9999 -9999 -9999 -9999 -9999 -9999 -9999 -9999 -9999 -9999 -9999 -9999 -9999 -9999 -9999 -9999 -9999 -9999 -9999 -9999 -9999 -9999 -9999 -9999 -9999 -9999 -9999 -9999 -9999 12.7001026248755 13.4323862278834 15.0439008600079 15.0446180449799 14.8724936516955 14.8545640273951 14.8674733568914 14.7175816977397 14.7032379982993 14.6465803855099 14.5569322640076 14.5970946224406 14.6745505994186 14.7419659867883 14.9564042934217 14.9406262240373 14.9183934899047 15.0453352299519 13.7399996928871 15.5475696203565 16.1365321648773 15.5803552190773 15.5789208491333
-9999 -9999 -9999 -9999 -9999 -9999 -9999 -9999 -9999 -9999 -9999 -9999 -9999 -9999 -9999 -9999 -9999 -9999 -9999 -9999 -9999 -9999 -9999 -9999 -9999 -9999 -9999 -9999 -9999 -9999 -9999 -9999 -9999 -9999 -9999 -9999 -9999 -9999 -9999 14.1119189888705 14.9463637038134 15.1651051202789 14.132358760573 14.3446455122903 14.8079470042139 14.6379741658457 14.610721136909 14.612155506853 14.6989348884672 14.6645100098103 14.6989348884672 14.8043610793538 14.8610186921433 14.8854029811919 14.8961607557721 15.0747398138046 15.1134678022936 15.1324732040521 15.5050507970154 15.8704565402586 15.5796380341053 15.5710318144411
-9999 -9999 -9999 -9999 -9999 -9999 -9999 -9999 -9999 -9999 -9999 -9999 -9999 -9999 -9999 -9999 -9999 -9999 -9999 -9999 -9999 -9999 -9999 -9999 -9999 -9999 -9999 -9999 -9999 -9999 -9999 -9999 -9999 -9999 -9999 -9999 -9999 -9999 15.010090711327 13.815363002941 15.1859034844674 15.0575273744762 15.1873378544115 15.1098818774335 14.9628589581698 14.7419659867883 14.6795708942227 14.6293679461814 14.6085695819929 14.7971892296337 14.8796655014157 14.9327371893451 14.929151264485 14.9363231142052 14.8402203279547 14.8990294956602 14.7247535474598 14.8638874320313 15.1823175596073 15.3953214962967 15.4541306640022 15.5330210109241
-9999 -9999 -9999 -9999 -9999 -9999 -9999 -9999 -9999 -9999 -9999 -9999 -9999 -9999 -9999 -9999 -9999 -9999 -9999 -9999 -9999 -9999 -9999 -9999 -9999 -9999 -9999 -9999 -9999 -9999 -9999 -9999 -9999 -9999 -9999 -9999 -9999 -9999 13.8753196666017 11.5698568555526 15.0453352299519 15.2231971030124 15.3444013632834 15.0611132993363 14.890423275996 14.6264992062934 14.5820337380283 14.5770134432241 14.6186101716012 14.7376628769562 14.8925748309121 14.9018982355483 14.931302819401 14.9076357153244 14.8244422585703 14.8022095244378 14.8344828481786 15.049638339784 15.2160252532922 15.4627368836664 15.529435086064 15.5968504734337
-9999 -9999 -9999 -9999 -9999 -9999 -9999 -9999 -9999 -9999 -9999 -9999 -9999 -9999 -9999 -9999 -9999 -9999 -9999 -9999 -9999 -9999 -9999 -9999 -9999 -9999 -9999 -9999 -9999 -9999 -9999 -9999 -9999 -9999 -9999 -9999 -9999 14.8656086759642 15.0761741837487 14.6838740040548 14.8280281834304 15.1500442358665 15.0187993859872 14.9226965997368 14.8265938134864 14.7663502758369 14.6788537092507 14.6422772756778 14.6659443797544 14.7233191775158 14.8782311314717 14.9470808887854 14.9599902182817 14.932020004373 14.8344828481786 14.9234137847088 14.9262825245969 15.0539414496161 15.2038331087679 15.2956327851862 15.4828180628829 15.6248206873424
-9999 -9999 -9999 -9999 -9999 -9999 -9999 -9999 -9999 -9999 -9999 -9999 -9999 -9999 -9999 -9999 -9999 -9999 -9999 -9999 -9999 -9999 -9999 -9999 -9999 -9999 -9999 -9999 -9999 -9999 -9999 -9999 -9999 -9999 -9999 -9999 -9999 14.9004638656043 15.1098818774335 15.169408230111 15.1127506173216 14.9449293338694 14.7964720446616 14.812250114046 14.7412488018163 14.6967833335511 14.6738334144466 14.690328668803 14.7555925012566 14.7878658249974 14.9743339177221 15.0274056056514 15.0517898947001 15.0955381779931 14.9678792529739 14.9105044552125 14.970747992862 15.1184880970977 15.2633594614454 15.3178655193187 15.4555650339462 15.7108828839846
-9999 -9999 -9999 -9999 -9999 -9999 -9999 -9999 -9999 -9999 -9999 -9999 -9999 -9999 -9999 -9999 -9999 -9999 -9999 -9999 -9999 -9999 -9999 -9999 -9999 -9999 -9999 -9999 -9999 -9999 -9999 -9999 -9999 -9999 -9999 10.4399997666478 15.3322092187591 15.1170537271537 15.1794488197193 15.0690023340285 14.9908291720785 14.9076357153244 14.8144016689621 14.7893001949415 14.7563096862286 14.6250648363493 14.5949430675246 14.6379741658457 14.7742393105291 14.8352000331506 14.9463637038134 15.0517898947001 15.1084475074895 15.0568101895042 14.9893948021345 15.0051728715189 14.9578386633657 15.1027100277133 15.2777031608857 15.3931699413806 15.6176488376223 15.8335215141997
-9999 -9999 -9999 -9999 -9999 -9999 -9999 -9999 -9999 -9999 -9999 -9999 -9999 -9999 -9999 -9999 -9999 -9999 -9999 -9999 -9999 -9999 -9999 -9999 -9999 -9999 -9999 -9999 -9999 -9999 -9999 17.8449996011332 17.8449996011332 -9999 -9999 11.9901670927648 15.0238196807913 15.0460524149239 14.9980010217987 14.8646046170034 14.891140460968 14.8452406227589 14.7390972469002 14.7032379982993 14.6444288305938 14.6286507612094 14.6178929866292 14.6336710560136 14.6989348884672 14.7548753162846 14.7527237613685 14.9004638656043 15.0317087154835 15.0295571605675 15.008758796379 15.0474867848679 15.0596789293922 15.2325205076486 15.4426557044499 15.5387584907003 15.6829126700759 15.84786521364
-9999 -9999 -9999 -9999 -9999 -9999 -9999 -9999 -9999 -9999 -9999 -9999 -9999 -9999 -9999 -9999 -9999 -9999 -9999 -9999 -9999 -9999 -9999 -9999 -9999 -9999 -9999 -9999 -9999 13.4527416248833 13.7849996918812 15.0395977501757 15.2547532417811 13.6050418692951 13.9099996890873 14.3787117984612 14.9205450448208 14.8545640273951 14.8638874320313 14.7677846457809 14.6688131196424 14.8222907036543 14.7670674608089 14.6874599289149 14.7641987209208 14.7025208133273 14.7182988827117 14.7641987209208 14.772804940585 14.7089754780754 14.7520065763965 14.9492324437015 15.1385692763142 15.1966612590477 15.1651051202789 15.2705313111655 15.4103823807091 15.4053620859049 15.6692861556076 15.6678517856635 15.8987853466533 16.1874522978906
-9999 -9999 -9999 -9999 -9999 -9999 -9999 -9999 -9999 -9999 -9999 -9999 -9999 -9999 -9999 -9999 -9999 -9999 -9999 -9999 -9999 -9999 14.805013065692 14.9356059292331 14.888988906052 14.8767967615277 14.8839686112478 14.8144016689621 14.8201391487382 14.8158360389061 14.7491378365085 14.7455519116484 14.7771080504172 14.9133731951006 14.7814111602493 14.7039551832713 14.5368510847911 14.6738334144466 14.6709646745585 14.6322366860695 14.5253761252388 14.6394085357897 14.7520065763965 14.9148075650446 15.0603961143643 15.0725882588886 14.7849970851094 14.8050782643259 14.8179875938222 14.812250114046 14.891140460968 15.0453352299519 15.2798547158018 15.366634097416 15.4813836929388 15.4813836929388 15.3967558662407 15.370220022276 15.5875270687975 13.799999691546 -9999 -9999
-9999 -9999 -9999 -9999 -9999 -9999 -9999 -9999 -9999 -9999 -9999 -9999 -9999 -9999 -9999 -9999 -9999 -9999 -9999 -9999 -9999 14.3550446943846 14.7154301428236 14.811532929074 15.0668507791124 14.9169591199607 14.9535355535336 14.888988906052 14.8832514262758 14.8646046170034 14.8057954492979 14.7276222873479 14.5476088593714 14.531113605015 14.5447401194833 14.5590838189237 14.7053895532154 14.7046723682433 14.6487319404259 14.652317865286 14.772087755613 15.1880550393835 15.2619250915013 15.3938871263526 15.4247260801494 15.3099764846265 15.1364177213982 14.9062013453804 14.9047669754364 14.9234137847088 15.0439008600079 15.1070131375454 15.207419033628 15.2913296753541 15.525849161204 15.6198003925383 15.2499996591359 -9999 -9999 -9999 -9999 -9999
-9999 -9999 -9999 -9999 -9999 -9999 -9999 -9999 -9999 -9999 -9999 -9999 -9999 -9999 -9999 -9999 -9999 6.88018432352692 13.9402428361936 15.2848750106059 15.0381633802317 15.1371349063702 15.1765800798312 15.2848750106059 15.4103823807091 14.9922635420226 15.0015869466588 15.0051728715189 15.0690023340285 15.0166478310712 14.8947263858281 14.730491027236 14.6451460155658 14.5899227727205 14.5906399576925 14.5913571426645 14.6308023161255 14.5676900385879 14.9556871084496 15.1543473456986 15.3946043113247 15.4713431033306 15.4684743634425 15.526566346176 15.4261604500934 15.287743750494 15.0776085536927 15.0195165709592 15.0245368657634 15.0023041316308 15.1658223052509 15.1543473456986 14.4199996776879 -9999 -9999 -9999 -9999 -9999 -9999 -9999 -9999 -9999
-9999 -9999 -9999 -9999 -9999 -9999 -9999 -9999 -9999 -9999 -9999 -9999 -9999 -9999 -9999 -9999 -9999 14.3597063967027 14.8473921776749 15.1493270508945 15.0231024958193 15.3852809066884 15.4024933460169 15.6341440919787 15.6520737162791 15.6262550572865 15.3831293517724 15.1378520913422 15.1055787676014 15.127811501734 14.9951322819106 14.9011810505763 14.8287453684025 14.7419659867883 14.6960661485791 14.7118442179635 14.7434003567323 14.6630756398663 15.1149021722376 15.408948010765 15.5050507970154 15.488555542659 15.449110369198 15.3393810684793 15.2009643688798 15.1407208312303 15.1765800798312 15.0611132993363 15.0517898947001 15.0723491972312 14.8624530620873 14.5899996738881 -9999 -9999 -9999 -9999 -9999 -9999 -9999 -9999 -9999 -9999
-9999 -9999 -9999 -9999 -9999 -9999 -9999 -9999 -9999 -9999 -9999 -9999 -9999 15.1751457098871 14.929868449457 15.2719656811096 15.2296517677605 15.2999358950183 15.4032105309889 15.2848750106059 16.3169041853398 16.1705984510481 15.5839411439374 15.6370128318667 15.5739005543292 15.5645771496929 15.2160252532922 14.9528183685616 14.9219794147648 14.9585558483377 15.1830347445793 14.97003080789 14.8660389869474 14.7864314550534 14.6465803855099 14.8724936516955 14.9879604321904 15.0037385015748 15.2217627330683 15.4663228085265 15.52800071612 15.5150913866237 15.4907070975751 15.1421552011743 15.0073244264349 15.051072709728 15.1945097041316 15.1478926809505 15.0783257386647 15.1392864612862 15.1887722243555 15.3465529181994 15.7099996488541 -9999 -9999 -9999 -9999 -9999 -9999 22.0349995074794 22.0349995074794 -9999
-9999 -9999 -9999 -9999 -9999 -9999 -9999 -9999 -9999 -9999 -9999 15.2065225524129 15.2554704267532 15.4856868027709 15.7159031787887 15.7323984331451 15.8887447570451 15.9360789651982 16.2537919078022 16.6159703186713 15.925321190618 15.9726553987712 15.2296517677605 15.4684743634425 15.3422498083673 15.2612079065293 15.2734000510536 15.12996305665 14.9836573223583 15.0991241028532 15.0180822010152 15.1765800798312 15.2662282013334 15.2045502937399 15.0130619062111 15.0596789293922 15.2468642070889 15.4526962940581 15.5323038259521 15.5896786237136 15.448393184226 15.5093539068475 15.4347666697577 15.1794488197193 15.3429669933394 15.4010589760728 15.3974730512127 15.1062959525734 15.2346720625646 15.0324259004556 14.9097872702405 14.5701174338778 7.02499984297901 7.02499984297901 -9999 -9999 15.9945295404177 16.0034943525679 15.8500167685561 15.9873576906975 15.6753822278697 17.7899996023625
-9999 -9999 -9999 -9999 -9999 -9999 -9999 19.7699995581061 14.2377849514596 15.1507614208385 15.4613025137223 15.5437787855044 15.7689748667181 15.9052400114015 15.9583116993308 15.8779869824648 16.3412884743884 16.1160923931748 15.9633319941349 15.4161198604852 15.4663228085265 15.5846583289094 15.6642658608034 15.6319925370626 15.5581224849448 15.4634540686384 15.3644825424999 15.2540360568091 14.9341715592891 15.1572160855867 15.2848750106059 15.2719656811096 15.170125415083 15.2067018486559 15.1514786058106 15.1758628948592 15.2196111781523 15.4304635599256 15.447675999254 15.3824121668003 15.3365123285912 15.4240088951774 15.52800071612 15.7029938492924 15.8019653754309 15.4247260801494 15.6958219995722 15.8299355893396 15.7338328030892 15.3013702649623 15.4770805831067 15.2777031608857 15.3142795944586 14.6003667788755 16.0568051021546 16.1371298190206 16.045091080945 16.0709097399376 16.0658894451335 16.1619922313839 15.9798272484913 15.4543262599036
-9999 -9999 -9999 -9999 -9999 15.6033051381819 15.5495162652805 15.6986907394603 15.3601794326678 15.5473647103645 15.7546311672777 15.8772697974928 15.8765526125208 15.9726553987712 16.0730612948537 16.1139408382587 16.0085146473721 15.8908963119611 15.806268485263 15.7359843580052 15.6427503116429 15.6370128318667 15.6305581671186 15.5545365600847 15.5767692942172 15.4935758374631 15.3888668315485 15.0668507791124 15.1199224670418 15.3042390048504 15.2834406406619 15.1894894093275 15.0603961143643 15.2698141261935 15.2726828660816 15.2246314729564 15.2239142879844 15.3049561898224 15.2590563516133 15.2784203458577 15.3228858141229 15.4534134790301 15.5373241207562 15.887310387101 15.925321190618 15.8679463928565 15.7223578435369 15.6951048146002 15.8356730691157 15.7316812481731 15.5889614387415 15.5330210109241 15.5480818953365 15.8392589939758 16.0235755317844 15.9913022080436 16.123981427867 16.2071748846211 16.2602465725504 16.5184331624769 16.2885753789451 16.0350504913367
-9999 -9999 -9999 -9999 -9999 16.0551316705532 16.0164036820643 15.6972563695163 15.8041169303469 15.9181493408978 15.8758354275487 15.9059571963735 15.846430843696 15.6649830457754 15.804834115319 15.807702855207 15.726660953369 15.8263496644795 15.6893673348241 15.5717489994131 15.568880259525 15.5853755138814 15.5903958086856 15.6040223231539 15.5545365600847 15.5222632363439 15.3960386812687 15.1930753341876 15.0374461952597 15.2468642070889 15.2217627330683 15.2353892475367 15.1062959525734 15.0044556865469 15.0360118253157 15.2404095423408 15.3400982534513 15.2662282013334 15.3372295135632 15.2992187100463 15.3365123285912 15.3816949818283 15.6284066122025 15.7295296932571 15.8557542483322 15.6893673348241 15.9898678380996 15.7826013811864 15.726660953369 15.7474593175575 15.7202062886208 15.6800439301878 15.5000305022113 15.9317758553661 16.0723441098817 16.0350504913367 16.0565660404973 16.6453749025241 16.2150639193133 16.0357676763088 15.9848475432955 15.9547257744707
-9999 -9999 -9999 -9999 -9999 15.7768639014103 15.7847529361024 16.0271614566445 15.8708151327446 15.8808557223529 15.8356730691157 15.607608248014 15.7223578435369 15.6778923752718 15.6549424561672 15.6757408203557 15.6786095602438 15.3867152766325 15.5308694560081 15.3931699413806 15.527283531148 15.6585283810273 15.68793296488 15.5982848433778 15.5330210109241 15.4634540686384 15.4627368836664 15.3243201840669 15.090517883189 15.1514786058106 15.3824121668003 15.369502837304 15.5459303404205 15.5860926988535 15.6233863173984 15.4017761610448 15.3788262419403 15.4627368836664 15.1873378544115 15.488555542659 15.3953214962967 15.4110995656811 15.5122226467356 15.408230825793 15.4204229703173 15.5115054617636 15.8378246240318 15.2834406406619 15.6298409821466 15.4397869645618 15.525849161204 15.5430616005324 15.4541306640022 15.566728704609 15.28989530541 15.9984740577638 16.1870937054045 16.405117936898 16.4958418358583 16.2272560638376 15.9862819132395 16.0099490173161
-9999 -9999 -9999 -9999 -9999 15.7137516238727 15.6714377105236 15.7646717568859 15.7424390227534 15.9296243004501 15.9597460692748 15.8012481904589 15.7510452424176 15.7761467164382 15.844996473752 15.5767692942172 15.52800071612 15.4397869645618 15.5323038259521 15.4240088951774 15.4699087333865 15.5911129936576 15.7008422943763 15.4236503026914 15.6233863173984 15.6707205255516 15.4950102074072 15.7890560459346 15.207419033628 15.2196111781523 15.207419033628 15.5538193751127 15.5911129936576 15.8356730691157 15.8614917281084 15.6664174157195 15.805551300291 15.5703146294691 15.4225745252334 15.8299355893396 15.8937650518492 15.7309640632011 15.5760521092452 15.208853403572 15.329340478871 15.3831293517724 15.5997192133218 15.2289345827885 15.2447126521729 15.1973784440197 15.2626422764733 15.3903012014925 15.5409100456163 15.488555542659 15.648487791419 15.8550370633602 16.1146580232307 16.1956999250688 16.3341166246682 16.3541978038847 16.2071748846211 16.1820734106004
-9999 -9999 -9999 -9999 -9999 15.808420040179 15.8134403349832 15.8378246240318 15.8794213524088 15.9733725837432 15.8543198783882 15.927472745534 15.8335215141997 15.8292184043676 15.9360789651982 16.006363092456 15.4161198604852 15.7524796123616 15.5609912248328 15.4003417911008 15.5014648721553 15.3795434269123 15.3487044731155 15.0051728715189 15.3350779586472 15.4448072593659 15.2777031608857 15.0955381779931 14.9198278598487 15.1091646924615 15.3063905597664 15.3451185482554 15.4275948200375 15.5645771496929 15.766823311802 15.7567827221937 15.8328043292277 15.7316812481731 15.7402874678373 15.6893673348241 15.5724661843851 15.4849696177989 15.3788262419403 15.2834406406619 15.0575273744762 15.3149967794307 15.4354838547297 15.487838357687 15.4605853287503 15.3149967794307 15.2712484961376 15.1120334323496 15.4125339356251 15.526566346176 15.4942930224352 15.4627368836664 15.5122226467356 15.6735892654397 15.9791100635193 16.2014374048449 16.0515457456931 15.9052400114015
