EcologicalScience/Bass/data/rs_data_bass/sst_136.asc
NCOLS 226 
NROWS 124 
XLLCORNER -9.41648524995501 
YLLCORNER 47.587301625531 
CELLSIZE 0.0833 
NODATA_value -9999 
[rows 0 to 26 of 124, columns 0 to 61 of 226]
-9999.000000000000000 -9999 -9999 -9999 -9999 -9999 -9999 -9999 -9999 -9999 -9999 -9999 -9999 -9999 -9999 -9999 -9999 -9999 -9999 -9999 -9999 -9999 -9999 -9999 -9999 -9999 -9999 -9999 -9999 -9999 -9999 -9999 -9999 -9999 -9999 -9999 -9999 -9999 -9999 -9999 -9999 -9999 -9999 -9999 -9999 -9999 -9999 -9999 -9999 -9999 -9999 -9999 -9999 -9999 -9999 -9999 -9999 -9999 -9999 -9999 -9999 -9999
-9999 -9999 -9999 -9999 -9999 -9999 -9999 -9999 -9999 -9999 -9999 -9999 -9999 -9999 -9999 -9999 -9999 -9999 -9999 -9999 -9999 -9999 -9999 -9999 -9999 -9999 -9999 -9999 -9999 -9999 -9999 -9999 -9999 -9999 -9999 -9999 -9999 -9999 -9999 -9999 -9999 -9999 -9999 -9999 -9999 -9999 -9999 -9999 -9999 -9999 -9999 -9999 -9999 -9999 -9999 -9999 -9999 -9999 -9999 -9999 -9999 -9999
-9999 -9999 -9999 -9999 -9999 -9999 -9999 -9999 -9999 -9999 -9999 -9999 -9999 -9999 -9999 -9999 -9999 -9999 -9999 -9999 -9999 -9999 -9999 -9999 -9999 -9999 -9999 -9999 -9999 -9999 -9999 -9999 -9999 -9999 -9999 -9999 -9999 -9999 -9999 -9999 -9999 -9999 -9999 -9999 -9999 -9999 -9999 -9999 -9999 -9999 -9999 -9999 -9999 -9999 -9999 -9999 -9999 -9999 -9999 -9999 -9999 -9999
-9999 -9999 -9999 -9999 -9999 -9999 -9999 -9999 -9999 -9999 -9999 -9999 -9999 -9999 -9999 -9999 -9999 -9999 -9999 -9999 -9999 -9999 -9999 -9999 -9999 -9999 -9999 -9999 -9999 -9999 -9999 -9999 -9999 -9999 -9999 -9999 -9999 -9999 -9999 -9999 -9999 -9999 -9999 -9999 -9999 -9999 -9999 -9999 -9999 -9999 -9999 -9999 -9999 -9999 -9999 -9999 -9999 -9999 -9999 -9999 -9999 -9999
-9999 -9999 -9999 -9999 -9999 -9999 -9999 -9999 -9999 -9999 -9999 -9999 -9999 -9999 -9999 -9999 -9999 -9999 -9999 -9999 -9999 -9999 -9999 -9999 -9999 -9999 -9999 -9999 -9999 -9999 -9999 -9999 -9999 -9999 -9999 -9999 -9999 -9999 -9999 -9999 -9999 -9999 -9999 -9999 -9999 -9999 -9999 -9999 -9999 -9999 -9999 -9999 -9999 -9999 -9999 -9999 -9999 -9999 -9999 -9999 -9999 -9999
-9999 -9999 -9999 -9999 -9999 8.99999979883432 8.99999979883432 9.57999978587031 9.89499977882951 10.4399997666478 10.3249997692183 10.0599997751415 9.78999978117645 10.0099997762591 9.75499978195876 9.91499977838248 10.1279688038863 10.2200202284148 10.1588108196156 10.4337988768239 10.5515559921041 9.67872621922288 8.99143754717495 10.4914207220461 12.2043720749379 12.2825403303141 11.6124702001689 10.0166664427767 9.1299997959286 9.1299997959286 9.43999978899956 9.43999978899956 12.5486157375778 12.3379183886115 12.3249997245148 7.14342487883268 10.6358134364605 12.2299997266382 13.2849997030571 11.2476176129282 10.33388302796 10.270739648092 10.248492417591 11.4249997446314 -9999 -9999 -9999 -9999 -9999 -9999 -9999 -9999 -9999 -9999 -9999 -9999 -9999 -9999 -9999 -9999 -9999 -9999
-9999 -9999 -9999 -9999 -9999 9.76499978173524 9.77754685375839 9.67999978363514 9.72499978262931 9.85499977972358 9.86499977950007 9.84999977983534 9.9899997767061 10.0199997760355 9.94999977760017 9.87499977927655 10.5433330976715 9.85046961391345 9.77624161436688 10.8011819227702 10.2689930491149 9.37708991712758 8.89293676774417 10.5200069416314 12.188452889918 7.8310033120991 10.4383331000184 10.4449997665361 10.626999762468 10.5609997639433 10.2024997719564 9.62337576887674 9.88955663491718 6.61229864039924 6.65861113348769 11.690898580811 12.0099997315556 -9999 11.8200131378757 11.3887008858146 11.3268747910624 10.8609997572377 10.7905553143678 11.3161940245191 10.8340089404335 11.5714792253925 -9999 -9999 -9999 -9999 -9999 -9999 -9999 -9999 -9999 -9999 -9999 -9999 -9999 -9999 -9999 -9999
-9999 -9999 -9999 -9999 -9999 10.3932542875409 9.97499977704138 9.97499977704138 10.4400433482868 8.98417322311018 11.0279045480614 10.9399997554719 9.98333311018845 10.3833331012477 10.3949997676536 10.464999766089 10.6419214160026 10.6012279093266 10.490989149455 10.8384208674543 10.3178968699649 10.5349997645244 10.6449997620657 10.0166664427767 12.3162866480473 12.5336685552029 8.84391663941954 8.86420272862805 10.4249997669831 10.4249997669831 10.3524997686036 9.91249977843836 9.92249977821484 10.3044442141222 9.99131000414491 13.5869147524899 9.18430372025689 12.3099997248501 12.0549997305498 11.4827000021809 9.88656433446911 11.3312770664925 9.49413974738369 9.48397962694677 10.8689104953133 12.0499997306615 -9999 -9999 -9999 -9999 -9999 -9999 -9999 -9999 -9999 -9999 -9999 -9999 -9999 -9999 -9999 -9999
-9999 -9999 -9999 -9999 -9999 10.4195060499012 10.3934424499515 10.1752090339083 9.88499977905303 9.88499977905303 10.6324567533447 10.1980637078173 10.6173948716605 10.3124997694977 10.408333100689 11.0299253048142 10.341717259679 10.3428187342361 10.4489729732275 10.2664584900356 9.93782470243362 9.94382158775503 9.9606596659869 6.0755282655697 9.68279588145429 7.92423361749388 8.7600247359369 9.854337381199 10.1599997729063 10.1599997729063 9.66166645071159 9.6749997837469 9.66833311722924 10.6094489863608 10.3744694334455 10.2458835113794 10.3599768066779 12.4363225584384 12.9106073158825 12.6202199265382 8.46456897281239 11.3861290724488 11.0563493703251 9.25749070406891 10.566834044287 9.89537512679446 9.33499979134649 -9999 -9999 -9999 -9999 -9999 -9999 -9999 -9999 -9999 -9999 -9999 -9999 -9999 -9999 -9999
-9999 -9999 -9999 -9999 -9999 10.6316664290304 10.6183330959951 10.7116664272423 10.2899997700006 10.243333104377 11.0024811164476 10.9378183199359 10.9529511181638 10.4518208747937 10.8889472868427 10.1399997733533 9.99999977648258 9.92499977815896 9.93999977782369 10.6564283332388 9.70499978307635 10.5099997650832 10.5099997650832 9.76615180826435 9.82065026534044 10.1183101504187 10.9851401600055 10.1999997720122 10.049999775365 9.83999978005886 9.93787658354267 9.40877816528082 9.84618891018908 9.24087021183223 9.86579112409215 10.767476209905 10.7805847181007 10.4319997668266 10.402499767486 10.5026800737833 10.0569029453327 12.1466984731198 11.2789743639675 9.29807142540812 10.077669467777 13.2066982567916 12.0949997296557 -9999 -9999 -9999 -9999 -9999 -9999 -9999 -9999 -9999 -9999 -9999 -9999 -9999 -9999 -9999
-9999 -9999 -9999 -9999 -9999 10.4786031369253 10.5332787364023 10.5730545308907 10.1816664390887 10.311666436183 10.7083330939834 10.5216664314891 10.3460731270607 10.3887330220314 9.86499977950007 9.92499977815896 9.9299997780472 10.3699997682124 10.3716664348419 10.4933330987891 10.5028279303806 10.4462650027126 9.86183920789821 9.49944768363441 9.27672915050591 10.6426841979846 10.1303100243676 10.1307881476823 10.6993843194629 10.3975051501766 9.59494981286116 10.6956158125773 9.40508661326021 10.5128081495958 10.5135407451202 10.5968412648548 10.6836839733984 10.4389997666702 10.1916664388652 10.298102699779 10.0320103033963 9.99738380922936 9.42353819753043 10.4727497346361 12.7252755134858 12.039999730885 -9999 -9999 -9999 -9999 -9999 -9999 -9999 -9999 -9999 -9999 -9999 -9999 -9999 -9999 -9999 -9999
-9999 -9999 -9999 -9999 -9999 10.3849997678772 10.5436255022069 10.3965415880084 10.5121361063211 10.2362701545935 10.2729861449334 10.4433330999066 10.436666433389 10.5119305348024 10.2761354893446 10.3639189299196 10.7767050418382 10.6399997621775 10.3999997675419 10.5254192569992 10.9099997561425 10.9099997561425 10.246438415588 10.2145284641301 10.3403044984676 9.76999978162348 9.57499978598207 9.62999978475273 9.6749997837469 10.7249997602776 10.6649997616187 10.672499761451 10.408084563704 10.1836991895107 10.3449997687712 10.83166642456 10.6499406543814 10.2309206700884 10.7138094003312 10.5345681637526 9.44833312214663 9.44833312214663 10.3030895549455 12.6166642061745 12.5604178645659 12.8391939307657 12.2549997260794 -9999 -9999 -9999 -9999 -9999 -9999 -9999 -9999 -9999 -9999 -9999 -9999 -9999 -9999 -9999
-9999 -9999 -9999 -9999 -9999 10.5733330970009 10.3549997685477 10.3549997685477 10.2179997716099 10.0133331095179 10.029999775812 10.7628558759267 10.8610051540658 10.6521174730733 10.7374490527436 10.6122786016721 10.8424997576512 10.9733330880602 10.6799997612834 10.6799997612834 10.8377386342734 10.7930837076157 10.6549997618422 10.9299997556955 10.9924997542985 9.49499978777021 9.48499978799373 9.43499978911132 10.1243451518938 10.0203046231531 9.27736207121052 9.67256455577444 9.66628918726929 10.3087268210171 10.1209087057837 9.75145599019847 10.5266997411847 10.9722365385387 10.2191558517516 10.1627057307503 10.2299956011896 10.2177869091845 10.2893537282362 9.27097295384322 11.4676488204585 12.1299997288734 -9999 -9999 -9999 -9999 -9999 -9999 -9999 -9999 -9999 -9999 -9999 -9999 -9999 -9999 -9999 -9999
-9999 -9999 -9999 -9999 -9999 10.3699997682124 10.4816664323832 10.5733330970009 10.3916664343948 10.9549997551367 10.9549997551367 10.5749997636303 10.7333330934246 10.8099997583777 10.4049997674301 10.8188347365293 9.75903835576028 10.629999762401 10.6449997620657 10.6249997625127 10.5949997631833 10.8879795445129 10.9549619344994 10.5382206947543 9.64499978441745 9.66999978385866 9.65499978419393 9.86499977950007 10.8949997564778 11.0399997532368 10.3313113028184 9.56777586555108 9.45623838121537 10.4899997655302 10.464999766089 10.1657838918036 10.1112778339302 10.171882495698 10.447135168314 10.1188762351457 10.4879781808704 10.124486672899 10.2501291679218 13.2880110480159 11.8749997345731 -9999 -9999 -9999 -9999 -9999 -9999 -9999 -9999 -9999 -9999 -9999 -9999 -9999 -9999 -9999 -9999 -9999
-9999 -9999 -9999 -9999 -9999 10.2449997710064 10.3549997685477 10.6283330957716 10.2599997706711 10.3033331030359 10.3799997679889 10.7531015564288 10.814450865678 10.9565541938646 10.8283330913012 10.8583330906307 10.7438485318174 10.6598848651629 10.6586907006955 10.1236689763609 10.0329584250227 10.8334979540668 10.987315124087 11.0171405283734 9.65089747803286 10.5084344537463 10.4223341674078 10.2300256273709 10.2024884108454 9.71500552026555 10.1394940577447 9.81639036466368 9.56125181086827 9.79014539474156 9.75060971529456 10.4324153176276 10.7399997599423 10.4423798305215 11.4741161111563 11.7651469531935 13.7952223452881 11.9341040506771 12.1779514238351 12.6695244476576 12.3954029657114 11.7631093320512 -9999 -9999 -9999 -9999 -9999 -9999 -9999 -9999 -9999 -9999 -9999 -9999 -9999 -9999 -9999 -9999
-9999 -9999 -9999 -9999 -9999 9.87999977916479 9.77499978151172 9.59499978553504 9.76999978162348 10.5581536450773 10.581666430148 10.5499997641891 10.6166664293657 10.8025758794975 10.8965541952057 10.3649997683242 10.1299997735769 9.83499978017062 10.0849997745827 10.3949997676536 10.7349997600541 10.77499975916 10.77499975916 10.4304802857805 10.5061127895024 10.5358878290281 10.423144292552 10.2250235128449 9.9031244228594 10.1466202439042 10.0609385769349 10.3375420895172 9.79741898365319 10.1037560573469 8.98060228861868 10.1112925893006 10.1174676025597 9.29944916255772 9.6479897623543 9.53918490965258 9.02982451635497 13.1466450726148 11.9267224417058 -9999 -9999 -9999 -9999 13.2249997043982 13.2249997043982 -9999 -9999 -9999 -9999 -9999 -9999 -9999 -9999 -9999 -9999 -9999 -9999 -9999
-9999 -9999 -9999 -9999 -9999 10.1469997731969 10.1166664405415 10.1904886836419 10.3487988052657 10.375040299492 10.5166664316008 10.4839997656643 10.5266664313773 10.5183330982303 10.7833330923071 10.7833330923071 10.7514831662411 10.8296073066304 10.7922257189639 10.6179471254349 9.79995957342908 10.4099997673184 10.6199997626245 10.7033330940952 10.9033330896248 10.7219997603446 9.90848595963325 9.92520281579345 9.75698063429445 10.3599646929651 10.033001932626 9.93696304866009 10.2034778297982 10.1024922671883 10.1469565916341 10.2141313375905 9.77567274889184 9.75599359050393 10.0011487806216 -9999 -9999 -9999 -9999 -9999 -9999 -9999 -9999 -9999 -9999 -9999 -9999 -9999 -9999 -9999 -9999 -9999 -9999 -9999 -9999 -9999 -9999 -9999
-9999 -9999 -9999 -9999 -9999 9.87499977927655 9.88499977905303 10.5799997635186 10.5999997630715 10.5199997648597 10.3999997675419 10.7116664272423 11.2716664147253 11.0149997537956 10.8676283970126 10.6979958314449 10.8669517359231 10.8151266165078 10.7799997590482 10.7799997590482 10.8166664248953 10.4199997670949 10.5299997646362 10.5399997644126 9.95234079123475 9.90016558452044 10.2837684378028 10.2963191748131 9.92356228560675 10.454916130074 10.3164149794935 9.6410436604172 10.0201794006086 9.83711228852293 10.5024997652508 10.4174997671507 10.4174997671507 10.1272571461741 10.1434546927921 12.6048084225273 11.6199997402728 -9999 -9999 -9999 -9999 -9999 -9999 -9999 -9999 -9999 -9999 -9999 -9999 -9999 -9999 -9999 -9999 -9999 -9999 -9999 -9999 -9999
-9999 -9999 -9999 -9999 -9999 10.5349997645244 10.6049997629598 10.3699997682124 10.6549997618422 10.6999997608364 10.5849997634068 10.0566664418826 10.2281369795091 10.628700799852 10.784611662908 10.8302442724817 10.8955325864954 10.5849997634068 10.3549997685477 10.0599997751415 10.0349997757003 10.883179724915 10.6640474844025 10.7496834878111 10.2275553388366 10.5628245710395 8.06249981978908 8.24999981559813 8.5124998097308 10.4070465782424 10.6749997613952 10.7249997602776 10.7599997594953 10.2124997717328 10.5624997639097 10.5549997640774 10.5899997632951 9.41302940482274 9.88417777719183 6.80897256470451 13.3333919169067 -9999 -9999 13.5405323488339 10.1957607991727 12.1999997273088 -9999 -9999 -9999 -9999 -9999 -9999 -9999 -9999 -9999 -9999 -9999 -9999 -9999 -9999 -9999 -9999
-9999 -9999 -9999 -9999 -9999 9.4449997888878 11.1221631770604 9.98868912737817 10.5939075332135 10.2674997705035 10.2869997700676 9.83698984113289 10.2389781744219 10.2539768015035 10.1989164649276 10.1520837715361 10.0149997761473 10.1099997740239 10.1199997738004 10.1299997735769 10.0249997759238 10.7799997590482 9.71999978274107 10.2765849452699 10.6625065661501 9.87200595305434 9.9630278958939 9.89228222951559 9.96370896836743 10.624167612521 10.5749997636303 10.5849997634068 10.7083330939834 10.7199997603893 8.92166646725188 8.90666646758715 10.412418480859 10.3065307141385 9.15166646211098 9.33499979134649 10.0116664428885 10.0083580759487 10.0430178377511 10.4221042642104 10.4143456968346 11.2239648253216 -9999 -9999 -9999 -9999 -9999 -9999 -9999 -9999 -9999 -9999 -9999 -9999 -9999 -9999 -9999 -9999
-9999 -9999 -9999 -9999 -9999 10.8118400708772 10.7900320979146 11.1510831463384 10.3616664350654 10.0433331088473 10.0433331088473 9.91817895456916 10.0340627488913 10.1395659770351 10.0682940047118 10.5083760324051 10.6249997625127 10.609999762848 10.6149997627363 10.6399997621775 10.661266713636 10.4398956296965 10.0887890309095 10.7328296409687 10.436666433389 10.4199997670949 10.4066664340595 10.5349997645244 10.5349997645244 10.2274997713976 10.2274997713976 9.85499977972358 9.85499977972358 8.77833313712229 8.79833313667526 10.7224997603334 10.0833331079533 9.71666644948224 9.52833312035849 10.7099997606128 10.7099997606128 9.4574997886084 9.43999978899956 9.80666644747058 11.3199730599299 9.53697380334294 -9999 -9999 -9999 -9999 -9999 -9999 -9999 -9999 -9999 -9999 -9999 -9999 -9999 -9999 -9999 -9999
-9999 -9999 -9999 -9999 -9999 10.7103237390984 10.4696242808132 10.5066664318244 10.3799997679889 10.1792783791316 10.1307592716184 10.4397517310248 10.8199997581542 10.7249997602776 10.5649997638538 10.5399997644126 10.4519359291797 10.2734031755743 10.4938360338565 10.6037226936314 10.7431442119414 10.7156695812009 10.6375758831855 10.5277281709714 10.4350459177047 9.82005261583254 10.583814094658 9.96641977801919 10.5349997645244 10.3849997678772 10.5874997633509 9.5899997856468 10.1199997738004 10.0799997746944 9.97999977692962 9.74999978207052 10.0149997761473 10.1033331075062 10.9549997551367 10.9549997551367 9.94249977776781 10.2499997708946 10.2499997708946 9.87333311264714 10.484999765642 10.484999765642 12.928085820434 -9999 -9999 -9999 -9999 -9999 -9999 -9999 10.9150669761002 -9999 -9999 -9999 -9999 -9999 -9999 -9999
-9999 -9999 -9999 -9999 -9999 11.0583330861603 10.9916664209838 10.5024997652508 10.4724997659214 10.6749997613952 10.7099997606128 10.7599997594953 10.8049997584894 10.6849997611716 10.8199997581542 10.8449997575954 10.8049997584894 10.8349997578189 10.6149997627363 10.0649997750297 9.96499977726489 9.93999977782369 10.5644145108527 10.3958760424284 10.4376164774876 9.99749977653846 10.0224997759797 10.2539206503425 9.6999997831881 9.78499978128821 9.80499978084117 9.69499978329986 9.46666645507018 11.1799997501075 11.0849997522309 11.1349997511134 10.6599997617304 10.6599997617304 9.79166644780586 10.0183331094061 9.90166644534717 9.81333311398824 9.76499978173524 9.25837820014832 8.19765980308875 10.4215546183599 11.2048097047955 -9999 11.6853365560528 11.8061822238378 -9999 -9999 -9999 -9999 -9999 -9999 -9999 -9999 -9999 -9999 -9999 -9999
-9999 -9999 -9999 -9999 -9999 10.9033330896248 10.6933330943187 10.5783330968892 10.5649997638538 10.629999762401 10.6849997611716 10.7699997592717 10.8099997583777 10.8399997577071 10.8649997571483 10.77499975916 10.7649997593835 9.97999977692962 10.1399997733533 10.174999772571 10.1099997740239 10.0649997750297 10.5846902074991 10.5750386527507 10.1263886420056 10.0674997749738 10.1424997732975 10.075896491413 10.2649997705594 10.0274997758679 9.78833311454703 9.73666644903521 9.81666644724707 9.86499977950007 11.2199997492135 11.1499997507781 11.1099997516721 10.0749997748062 9.9899997767061 9.78333311465879 10.0085909982611 8.61652209184443 9.52282173729812 9.94925898087344 10.4282642652591 12.5489168402193 -9999 9.56146579645574 10.086781217378 10.5953473644155 -9999 -9999 -9999 10.4727303108832 10.4508305554877 -9999 -9999 -9999 -9999 -9999 -9999 -9999
-9999 -9999 -9999 -9999 -9999 10.7649997593835 10.629999762401 10.7399997599423 10.5349997645244 10.5249997647479 10.4799997657537 10.5275795082562 10.5957391649717 9.96374837041367 10.3649997683242 9.9899997767061 10.1649997727945 10.214999771677 10.2099997717887 10.2499997708946 10.2099997717887 10.0899997744709 10.0249997759238 10.5849997634068 10.6149997627363 10.6849997611716 8.74499980453402 9.36749979062006 9.76666644836465 9.83333311354121 9.70499978307635 10.0416664422179 10.1833331057181 10.2424997710623 10.1674997727387 9.64166645115862 10.0883331078415 10.0566664418826 10.573395051476 -9999 -9999 13.29291333153 9.23999979346991 9.08999979682267 8.25999981537461 12.5200048823608 -9999 10.4430705178491 9.67098967575779 13.9267577710337 -9999 -9999 10.2922827933127 9.00378712033853 10.2121229269457 -9999 -9999 -9999 -9999 -9999 -9999 -9999
-9999 -9999 -9999 -9999 -9999 10.6899997610599 10.6949997609481 10.6949997609481 10.7049997607246 10.4199997670949 10.4199997670949 10.2738699810579 10.1777689890005 10.0149997761473 10.0199997760355 10.8899997565895 10.8899997565895 10.8399997577071 10.8299997579306 10.2249997714534 10.2749997703359 10.4699997659773 10.3499997686595 10.3499997686595 8.33148840591311 10.8283330913012 10.8279997579753 10.0933331077298 9.85999977961183 9.84666644657652 10.4049997674301 10.4299997668713 10.4499997664243 9.86499977950007 9.57166645272325 10.6374997622333 8.30025850859997 8.07876592085174 7.8349998248741 -9999 10.3032677884851 10.4349997667596 9.74999978207052 9.47999978810549 9.22499979380518 13.9742158841822 8.23467872879172 -9999 11.9351035154735 7.76358942341592 8.15293605572411 8.16072263542031 8.86292390839662 8.81717520195525 8.41523322255816 -9999 -9999 -9999 -9999 -9999 -9999 -9999
-9999 -9999 -9999 -9999 -9999 10.6549997618422 10.629999762401 10.629999762401 10.6349997622892 10.6534605938165 10.1449997732416 10.049999775365 10.7249997602776 10.3649997683242 9.98499977681786 10.7899551807903 10.1649997727945 10.5849997634068 10.6399997621775 10.5699997637421 10.4149997672066 10.4799997657537 10.2049997719005 10.1649997727945 10.1199997738004 10.0949997743592 10.4349997667596 10.4349997667596 10.6599997617304 9.31333312516411 9.17333312829336 9.76499978173524 10.214999771677 10.214999771677 10.2949997698888 10.2371992577932 10.1275394976671 9.58035618175442 -9999 10.4612237088684 9.8339520720765 10.4999997653067 10.1399997733533 9.31999979168177 9.31999979168177 10.4173250135112 -9999 7.94485044810507 9.22757390635088 9.71218912097226 9.62586500821635 8.97999979928136 8.88749980134889 8.56999980844557 14.0799996852875 -9999 -9999 -9999 -9999 -9999 -9999 -9999
