EcologicalScience/Bass/data/rs_data_bass/sst_101.asc
NCOLS 226 
NROWS 124 
XLLCORNER -9.41648524995501 
YLLCORNER 47.587301625531 
CELLSIZE 0.0833 
NODATA_value -9999 
[rows 54 to 80 of 124, columns 124 to 185 of 226]
4.96583322233831 4.70499989483505 4.79999989271164 4.99624988832511 5.02374988771044 4.83374989195727 4.8012498926837 4.80874989251606 5.32199988104403 5.3109998812899 5.25899988245219 5.55187487590592 5.53499987628311 4.74249989399686 4.58999989740551 4.56749989790842 4.65499989595264 0.664999985136092 0.639999985694885 0.574999987147748 4.60499989707023 4.57999989762902 4.06499990914017 4.06499990914017 4.59499989729375 3.98499991092831 3.98499991092831 4.64499989617616 4.46999990008771 4.57499989774078 4.51999989897013 4.5049998993054 4.46499990019947 4.35999990254641 4.42499990109354 4.53999989852309 4.52499989885837 4.32999990321696 2.90499993506819 3.44999992288649 4.18499990645796 4.01499991025776 3.74999991618097 3.66499991808087 3.79499991517514 3.83499991428107 3.65499991830438 3.58999991975725 3.67999991774559 3.75999991595745 4.59666656392316 3.43999992311001 13.898103137629 7.57299983073026 8.26157876270774 7.80249982560053 9.87428549357823 13.8617996901646 14.9921996648982 11.5224997424521 11.4808330767167 16.642758248695
4.50749989924952 4.53249989869073 4.65249989600852 4.74499989394099 4.73749989410862 4.86499989125878 4.84124989178963 4.86249989131466 4.84749989164993 4.90624989033677 4.69249989511445 4.58249989757314 4.58249989757314 4.76999989338219 1.50999996624887 4.55749989813194 4.60249989712611 0.959999978542328 0.834999981336296 0.65999998524785 4.56249989802018 4.57249989779666 4.54499989841133 4.59499989729375 3.99999991059303 4.05499990936369 4.05999990925193 4.15999990701675 4.52999989874661 4.80499989259988 4.77999989315867 4.7349998941645 4.63499989639968 4.66999989561737 4.63499989639968 4.63999989628792 4.54999989829957 4.4199999012053 3.59499991964549 2.97499993350357 3.79499991517514 3.77999991551042 3.74499991629273 3.70999991707504 3.76499991584569 3.74999991618097 3.71999991685152 3.19999992847443 3.36083325821285 4.38499990198761 4.69499989505857 6.42772712905637 6.5309089449319 6.50833318786075 9.21184189936244 9.34263137012328 10.9481815734709 16.1626898906705 -9999 -9999 -9999 -9999
4.70499989483505 4.68124989536591 4.50999989919364 4.59249989734963 4.66749989567325 4.71499989461154 4.66499989572912 4.80874989251606 4.82249989220873 4.56999989785254 4.5649998979643 4.56999989785254 4.53999989852309 4.48249989980832 4.48749989969656 4.54999989829957 4.50749989924952 4.30499990377575 1.37499996926636 1.51499996613711 4.43499990087003 4.52249989891425 4.53249989869073 4.5049998993054 4.53249989869073 4.37249990226701 4.74499989394099 4.73999989405274 4.76499989349395 4.83499989192933 4.80999989248812 4.84999989159405 4.7099998947233 4.59999989718199 3.80999991483986 4.42499990109354 4.51499989908189 4.46499990019947 3.76999991573393 3.05499993171543 3.42499992344528 3.76999991573393 3.78499991539866 3.73999991640449 3.68999991752207 3.71999991685152 4.46699990015477 4.99624988832511 6.5813634892587 5.33874988066964 5.47749987756833 7.00714270052101 7.64264688799706 10.5149997649714 11.2790473669413 -9999 -9999 -9999 -9999 -9999 -9999 -9999
4.00749991042539 4.29749990394339 1.42999996803701 1.42999996803701 4.44749990059063 4.48999989964068 4.10333324161669 1.84499995876104 1.81499995943159 1.7799999602139 4.70749989477918 4.69999989494681 4.65999989584088 4.68249989533797 4.62999989651144 4.49499989952892 4.43499990087003 4.44249990070239 1.20999997295439 1.32499997038394 1.36499996948987 4.5049998993054 4.3474999028258 4.44249990070239 4.45249990047887 4.66124989581294 4.64499989617616 4.71499989461154 4.7949998928234 4.84499989170581 4.85999989137053 4.85499989148229 4.75999989360571 4.36999990232289 3.45999992266297 3.04499993193895 2.70499993953854 3.73999991640449 3.7049999171868 3.56499992031604 3.49499992188066 3.69499991741031 3.59999991953373 3.76999991573393 3.63999991863966 4.80599989257753 4.77299989331514 11.4691664103108 4.78999989293516 5.09249988617375 5.06499988678843 5.0187498878222 3.69624991738237 6.3118748589186 10.89261880415 -9999 -9999 -9999 -9999 -9999 -9999 -9999
4.2866665708522 3.98249991098419 1.76499996054918 1.76499996054918 5.13214274243053 4.56899989787489 4.79399989284575 5.00833322138836 1.73499996121973 5.02899988759309 5.01199988797307 4.97699988875538 4.70249989489093 4.69499989505857 4.65749989589676 4.48249989980832 4.42749990103766 4.45499990042299 1.39499996881932 1.42999996803701 1.49999996647239 4.49999989941716 4.46999990008771 4.43749990081415 4.59749989723787 4.5649998979643 4.74499989394099 4.80499989259988 4.80999989248812 4.82499989215285 4.85999989137053 4.8799998909235 4.85999989137053 4.76999989338219 4.49999989941716 3.27999992668629 4.25499990489334 4.32999990321696 3.88499991316348 3.65999991819263 3.57999991998076 3.70999991707504 3.68999991752207 3.62499991897494 3.79999991506338 4.84833322496464 11.4462497441564 4.50249989936128 3.50499992165715 4.019999910146 4.78499989304692 3.81833324798693 3.80833324821045 4.57499989774078 15.2549996590242 -9999 -9999 -9999 -9999 -9999 -9999 -9999
7.02218734304188 6.89124984596856 6.12533319642146 4.3659999024123 4.39499990176409 4.49166656627009 4.82499989215285 1.3199999704957 1.3199999704957 4.98299988862127 2.98999993316829 2.98999993316829 4.98499988857657 4.69749989500269 4.53249989869073 4.60999989695847 4.54749989835545 4.69874989497475 4.48249989980832 4.49499989952892 4.48999989964068 4.51249989913777 4.51249989913777 4.32499990332872 4.36499990243465 4.77999989315867 4.83499989192933 4.84999989159405 4.82499989215285 4.85999989137053 4.88999989069998 4.92499988991767 4.94499988947064 4.87499989103526 4.89999989047647 4.78999989293516 4.65999989584088 4.12499990779907 3.81999991461635 3.40499992389232 2.99499993305653 2.56999994255602 2.84499993640929 3.26499992702156 3.73999991640449 4.70499989483505 13.4220367370311 2.59874994191341 3.6449999185279 4.99999988824129 3.83166658102224 3.62499991897494 3.63166658549259 3.00749993277714 6.23785700343017 -9999 23.7447889405303 -9999 -9999 -9999 -9999 -9999
-9999 -9999 -9999 -9999 -9999 8.68090889687565 4.81571417807468 4.81083322580283 4.60749989701435 4.68749989522621 4.80999989248812 3.42999992333353 4.23999990522861 4.65999989584088 4.77999989315867 4.93624988966621 5.04799988716841 4.99299988839775 4.95099988933653 4.29874990391545 4.29749990394339 4.37874990212731 4.50749989924952 4.54499989841133 4.6499998960644 4.72999989427626 4.82999989204109 4.82999989204109 4.82499989215285 4.86999989114702 4.92499988991767 4.95999988913536 4.94999988935888 4.93499988969415 4.91999989002943 4.84999989159405 3.80499991495162 4.08999990858138 3.95499991159886 3.63499991875142 1.89499995764345 1.30999997071922 2.4699999447912 3.51499992143363 4.07499990891665 5.86399986892939 -9999 17.91465477199 18.4020589173539 9.8009088718417 3.65583325161909 2.27249994920567 4.60899989698082 5.38124987971969 5.37499987985939 5.37499987985939 -9999 -9999 -9999 -9999 -9999 -9999
-9999 -9999 -9999 -9999 -9999 -9999 -9999 12.2403700967768 5.64999987371266 4.54166656515251 4.54249989846721 4.50999989919364 4.84833322496464 4.89833322384705 4.96399988904595 4.63374989642762 4.8683332245176 4.84666655833523 4.67999989539385 4.77999989315867 5.09299988616258 4.67166656224678 4.04999990947545 4.09499990846962 4.2749999044463 4.74499989394099 4.83999989181757 4.81499989237636 4.88499989081174 4.55999989807606 4.68999989517033 5.00999988801777 4.9649998890236 4.92499988991767 4.95999988913536 4.95499988924712 4.29499990399927 4.13999990746379 4.03999990969896 3.38499992433935 2.65999994054437 2.77999993786216 3.75999991595745 3.6449999185279 2.96499993372709 11.3099997472018 -9999 -9999 -9999 -9999 -9999 -9999 -9999 -9999 -9999 -9999 -9999 -9999 -9999 -9999 -9999 -9999
-9999 -9999 -9999 -9999 -9999 -9999 -9999 -9999 17.5835845126366 6.96499984432012 4.61249989690259 4.82749989209697 4.82999989204109 4.98099988866597 4.88699989076704 4.94599988944829 4.52249989891425 4.52749989880249 5.11899988558143 4.85499989148229 4.8674998912029 4.37374990223907 4.45499990042299 4.37999990209937 4.25999990478158 4.51499989908189 4.82999989204109 4.84499989170581 4.92999988980591 5.07999988645315 5.1099998857826 5.07499988656491 4.99499988835305 5.01999988779426 4.98499988857657 4.90999989025295 4.5049998993054 4.22499990556389 4.04999990947545 3.1599999293685 2.89999993517995 3.61999991908669 3.35999992489815 3.74999991618097 5.08624988631345 16.6597822363205 -9999 -9999 -9999 -9999 -9999 -9999 -9999 -9999 -9999 -9999 -9999 -9999 -9999 -9999 -9999 -9999
-9999 -9999 -9999 -9999 -9999 -9999 -9999 -9999 -9999 3.97285705405687 3.76999991573393 4.61833323010554 4.62833322988202 4.77599989324808 4.79799989275634 4.96599988900125 4.89199989065528 4.90199989043176 4.95799988918006 0.484999989159405 0.484999989159405 5.34874988044612 5.35999988019466 5.16999988444149 4.56999989785254 4.71999989449978 4.88999989069998 4.9649998890236 5.06999988667667 5.17499988432974 4.83499989192933 5.10499988589436 5.08499988634139 5.0249998876825 4.98499988857657 4.88999989069998 4.66499989572912 4.28499990422279 4.11999990791082 4.019999910146 3.95499991159886 3.79999991506338 3.39999992400408 2.89999993517995 2.58499994222075 -9999 -9999 -9999 -9999 -9999 -9999 -9999 -9999 -9999 -9999 -9999 -9999 -9999 -9999 -9999 -9999 -9999
-9999 -9999 -9999 -9999 -9999 -9999 -9999 -9999 -9999 7.61357125839485 6.45318167394196 4.94799988940358 5.00299988817424 4.21749990573153 4.22749990550801 4.94099988956004 4.98199988864362 4.98999988846481 5.10399988591671 5.11299988571554 5.0249998876825 5.13499988522381 5.16749988449737 5.29299988169223 4.74499989394099 4.98999988846481 5.13499988522381 5.13999988511205 5.28499988187104 5.29499988164753 5.30499988142401 5.24499988276511 5.17999988421798 5.0499998871237 4.94499988947064 4.84499989170581 4.41499990131706 4.13499990757555 4.07499990891665 3.95499991159886 3.98999991081655 3.7899999152869 3.3299999255687 3.38499992433935 2.48499994445592 -9999 21.1129682780884 21.1129682780884 -9999 -9999 -9999 -9999 -9999 -9999 -9999 -9999 -9999 -9999 -9999 -9999 -9999 -9999
-9999 -9999 -9999 -9999 -9999 -9999 -9999 -9999 -9999 7.27384599126302 5.85687486908864 4.95799988918006 4.19999990612268 4.19999990612268 4.90499989036471 4.93099988978356 5.07299988660961 5.14399988502264 5.21749988337979 5.22499988321215 5.05899988692254 5.29699988160282 5.10499988589436 5.1949998838827 5.1099998857826 5.32499988097697 5.33499988075346 5.37499987985939 5.38999987952411 5.39999987930059 5.3399998806417 5.24999988265336 5.03999988734722 4.86499989125878 4.79999989271164 4.62999989651144 4.23999990522861 4.14499990735203 3.874999913387 3.74999991618097 3.3299999255687 3.28999992646277 2.67999994009733 2.86499993596226 2.91499993484467 -9999 -9999 -9999 -9999 -9999 -9999 -9999 -9999 -9999 -9999 -9999 -9999 -9999 -9999 -9999 -9999 -9999
-9999 -9999 -9999 -9999 -9999 -9999 -9999 -9999 -9999 5.07749988650903 4.38928561617753 3.27499992679805 4.43333323424061 4.50999989919364 4.71799989454448 4.79199989289045 5.99499986600131 5.49499987717718 5.32999988086522 5.24699988272041 5.3669998800382 5.38599987961352 5.2799998819828 5.29999988153577 5.26999988220632 5.36499988008291 5.34499988052994 5.2549998825416 5.23999988287687 5.22499988321215 5.15999988466501 5.05499988701195 4.92499988991767 4.74999989382923 4.59499989729375 4.51999989897013 4.28999990411103 4.11999990791082 4.07499990891665 4.02499991003424 3.95499991159886 3.79999991506338 3.80999991483986 3.4149999236688 -9999 -9999 -9999 -9999 -9999 -9999 -9999 -9999 -9999 -9999 -9999 -9999 -9999 -9999 -9999 -9999 -9999 -9999
-9999 -9999 -9999 -9999 -9999 -9999 -9999 -9999 11.259545202875 5.3669998800382 5.01142845941441 5.05857131550355 4.89299989063293 5.00899988804013 5.19999988377094 4.77874989318661 4.85249989153817 4.84499989170581 4.76874989341013 4.78124989313073 4.85999989137053 5.67199987322092 5.2549998825416 5.25999988242984 5.21499988343567 5.23999988287687 5.29999988153577 3.22749992785975 4.95999988913536 5.00999988801777 4.95999988913536 4.8799998909235 4.80499989259988 4.66999989561737 4.49499989952892 4.43499990087003 4.30499990377575 4.15499990712851 4.13499990757555 4.13499990757555 3.69499991741031 3.28499992657453 1.64499996323138 -9999 -9999 -9999 -9999 -9999 -9999 -9999 -9999 -9999 -9999 -9999 -9999 -9999 -9999 -9999 -9999 -9999 -9999 -9999
-9999 -9999 -9999 -9999 -9999 -9999 -9999 -9999 5.06888877559039 4.31499990355223 4.31499990355223 4.70499989483505 4.59499989729375 4.78999989293516 5.28999988175929 5.40999987907708 4.8612498913426 5.26499988231808 5.097499886062 5.00749988807365 5.01624988787808 5.21499988343567 5.27499988209456 5.20999988354743 5.10499988589436 5.04499988723546 4.80999989248812 4.88999989069998 4.92499988991767 4.88499989081174 4.84499989170581 4.7949998928234 4.72999989427626 4.5649998979643 4.37499990221113 4.35999990254641 4.27999990433455 4.21999990567565 4.20999990589917 4.21999990567565 4.21499990578741 4.24499990511686 5.6677271460437 -9999 -9999 -9999 -9999 -9999 -9999 -9999 -9999 -9999 -9999 -9999 -9999 -9999 -9999 -9999 -9999 -9999 -9999 -9999
-9999 -9999 -9999 -9999 -9999 -9999 -9999 15.100713948187 4.38857133047921 4.50428561360708 4.69666656168799 5.23899988289922 4.92999988980591 5.11999988555908 5.14499988500029 5.39499987941235 5.41499987896532 4.51999989897013 4.56333323133488 5.29999988153577 5.18624988407828 5.02374988771044 5.22999988310039 5.16499988455325 5.09499988611788 4.93499988969415 4.87499989103526 4.60499989707023 4.68999989517033 4.71499989461154 4.68999989517033 4.26499990466982 4.00499991048127 4.43499990087003 4.41499990131706 4.52499989885837 4.60499989707023 4.37999990209937 3.97999991104007 4.33999990299344 4.42999990098178 13.2563997036964 -9999 -9999 -9999 -9999 -9999 -9999 -9999 -9999 -9999 -9999 -9999 -9999 -9999 -9999 -9999 -9999 -9999 -9999 -9999 -9999
-9999 -9999 -9999 3.8400372271426 -9999 7.25554290860078 3.24999992735684 3.26499992702156 3.25499992724508 3.94999991171062 4.02749990997836 3.96999991126359 4.31166657029341 5.0249998876825 4.98999988846481 5.09499988611788 5.36749988002703 5.64499987382442 5.64499987382442 5.56499987561256 5.56499987561256 5.23874988290481 5.16499988455325 5.11499988567084 5.03499988745898 5.01999988779426 4.97374988882802 4.17833323994031 4.57999989762902 4.40999990142882 4.4199999012053 4.35999990254641 4.14999990724027 4.44499990064651 4.69999989494681 4.83999989181757 4.8199998922646 4.86499989125878 4.68499989528209 3.97499991115183 13.2949997028336 -9999 -9999 -9999 -9999 -9999 -9999 -9999 -9999 -9999 -9999 -9999 -9999 -9999 -9999 -9999 -9999 -9999 -9999 -9999 -9999 -9999
-9999 -9999 3.88019958557561 -9999 4.47499989997596 3.6449999185279 3.18999992869794 3.43499992322177 3.38499992433935 2.36999994702637 4.13999990746379 4.11999990791082 4.62999989651144 4.62999989651144 4.69999989494681 5.17999988421798 5.55374987586401 5.16833321781208 5.31499988120049 5.04333322060605 4.93499988969415 4.96666655565302 5.22999988310039 5.08999988622963 5.02999988757074 4.71499989461154 3.58333325323959 2.39999994635582 4.46999990008771 4.34499990288168 4.25499990489334 4.22999990545213 4.29499990399927 4.36499990243465 4.37499990221113 4.5049998993054 4.53999989852309 6.04272713766179 18.0383329301452 -9999 -9999 -9999 -9999 -9999 -9999 -9999 -9999 -9999 -9999 -9999 -9999 -9999 -9999 -9999 -9999 -9999 -9999 -9999 -9999 -9999 -9999 -9999
16.7749996250495 16.7749996250495 -9999 12.5794227957511 4.54699989836663 3.83999991416931 3.22499992791563 3.10499993059784 2.92499993462116 2.4099999461323 4.33999990299344 3.30499992612749 3.65499991830438 4.57499989774078 4.69999989494681 5.39499987941235 5.3883332128947 5.33499988075346 5.20999988354743 5.02666655431191 5.26249988237396 4.74749989388511 4.70083322826152 5.00999988801777 4.91999989002943 4.77999989315867 4.53499989863485 4.31999990344048 4.21999990567565 4.23999990522861 4.15499990712851 4.20499990601093 3.73999991640449 3.77999991551042 4.40999990142882 4.44499990064651 3.57499992009252 3.10499993059784 -9999 -9999 -9999 -9999 -9999 -9999 -9999 -9999 -9999 -9999 -9999 -9999 -9999 -9999 -9999 -9999 -9999 -9999 -9999 -9999 -9999 -9999 -9999 -9999
15.1935710889686 15.0337496639695 4.77333322664102 4.70833322809388 3.74749991623685 3.80499991495162 4.00249991053715 4.33999990299344 4.46249990025535 4.5774998976849 4.53249989869073 3.83499991428107 3.43999992311001 4.53499989863485 4.46999990008771 5.02749988762662 4.91749989008531 4.96249988907948 5.16499988455325 5.19749988382682 4.67999989539385 4.61749989679083 5.0249998876825 4.88499989081174 4.84499989170581 3.90999991260469 3.88499991316348 4.32999990321696 4.24499990511686 4.04999990947545 4.05499990936369 4.08499990869313 4.17499990668148 3.76499991584569 3.75499991606921 4.43499990087003 7.85049982452765 5.12124988553114 11.790323573921 13.2399997040629 -9999 -9999 -9999 -9999 -9999 -9999 -9999 -9999 -9999 -9999 -9999 -9999 -9999 -9999 -9999 -9999 -9999 -9999 -9999 -9999 -9999 -9999
13.3163997023553 2.93499993439764 3.73999991640449 3.81249991478398 3.92249991232529 4.07749990886077 4.1774999066256 4.20499990601093 4.35249990271404 4.52499989885837 4.75749989366159 4.89999989047647 4.99499988835305 5.09249988617375 5.11249988572672 4.88499989081174 4.69749989500269 4.83749989187345 5.0499998871237 5.06499988678843 5.09499988611788 4.66833322898795 5.03999988734722 5.03999988734722 4.44499990064651 4.44499990064651 4.09499990846962 4.08499990869313 4.03999990969896 3.08999993093312 2.84499993640929 4.25499990489334 4.26499990466982 4.28999990411103 16.764999625273 14.6935711001445 14.6192853875192 12.2510972871422 12.1862192398119 -9999 -9999 -9999 -9999 -9999 -9999 -9999 -9999 -9999 -9999 -9999 -9999 -9999 -9999 -9999 -9999 -9999 -9999 -9999 -9999 -9999 -9999 -9999
4.47041656674507 3.64749991847202 3.76999991573393 3.93249991210178 4.06249990919605 4.12749990774319 4.29249990405515 4.4199999012053 4.50249989936128 4.88249989086762 5.11749988561496 5.11249988572672 5.17249988438562 5.24499988276511 4.9399998895824 4.9399998895824 5.01749988785014 4.95999988913536 4.42499990109354 5.03499988745898 5.02999988757074 5.01999988779426 4.66999989561737 4.4799998998642 4.4199999012053 4.42999990098178 4.19499990623444 4.15499990712851 4.07999990880489 4.02999990992248 3.77499991562217 3.54499992076308 4.2499999050051 6.74769215686963 4.04999990947545 4.04999990947545 15.5795118468927 -9999 -9999 -9999 -9999 -9999 -9999 -9999 -9999 -9999 -9999 -9999 -9999 -9999 -9999 -9999 -9999 -9999 -9999 -9999 -9999 -9999 -9999 -9999 -9999 -9999
3.81999991461635 3.85999991372228 3.86999991349876 4.09999990835786 4.23749990528449 4.42749990103766 4.69749989500269 4.8199998922646 4.92499988991767 5.14249988505617 5.26499988231808 5.33499988075346 5.34749988047406 5.3524998803623 5.24749988270923 1.28999997116625 3.2699999269098 4.74499989394099 4.7949998928234 4.80999989248812 4.78999989293516 4.5049998993054 4.06999990902841 4.34999990276992 4.31499990355223 4.08499990869313 4.08499990869313 4.15999990701675 4.11499990802258 4.1049999082461 4.1899999063462 4.16388879581872 -9999 -9999 -9999 13.6052278061397 -9999 -9999 -9999 -9999 -9999 -9999 -9999 -9999 -9999 -9999 -9999 -9999 -9999 -9999 -9999 -9999 -9999 -9999 -9999 -9999 -9999 -9999 -9999 -9999 -9999 -9999
3.874999913387 3.7049999171868 3.80999991483986 3.84499991405755 4.47214275718267 4.47499989997596 4.47499989997596 4.25999990478158 5.06999988667667 5.30249988147989 4.52999989874661 4.71999989449978 4.78499989304692 4.77499989327043 5.20999988354743 1.28499997127801 4.88499989081174 4.7099998947233 4.68999989517033 4.28499990422279 4.55999989807606 4.60999989695847 4.40699990149587 4.15499990712851 4.15499990712851 4.02999990992248 4.07499990891665 4.03499990981072 4.09499990846962 4.07999990880489 4.04999990947545 6.95571413024196 13.7669996922836 13.9074070965526 -9999 -9999 -9999 -9999 -9999 -9999 -9999 -9999 -9999 -9999 -9999 -9999 -9999 -9999 -9999 -9999 -9999 -9999 -9999 -9999 -9999 -9999 -9999 -9999 -9999 -9999 -9999 -9999
4.58124989760108 4.59624989726581 3.80499991495162 3.80499991495162 8.3588233425775 15.2075858669805 4.51499989908189 4.52499989885837 4.61499989684671 4.61499989684671 4.65999989584088 4.82499989215285 4.87499989103526 4.80499989259988 4.74999989382923 4.85999989137053 5.10499988589436 4.8799998909235 4.05499990936369 4.08499990869313 4.13499990757555 3.76499991584569 4.14499990735203 4.25499990489334 4.1899999063462 4.19499990623444 4.17999990656972 4.17999990656972 4.14999990724027 4.08499990869313 4.05499990936369 6.74999984912574 3.07499993126839 3.07499993126839 14.9610710941654 4.99999988824129 -9999 -9999 -9999 -9999 -9999 -9999 -9999 -9999 -9999 -9999 -9999 -9999 -9999 -9999 -9999 -9999 -9999 -9999 -9999 -9999 -9999 -9999 -9999 -9999 -9999 -9999
-9999 -9999 -9999 -9999 7.15999983996153 4.62999989651144 4.65499989595264 4.68499989528209 4.70499989483505 5.12999988533556 4.52999989874661 3.86499991361052 4.71499989461154 4.87499989103526 4.88999989069998 4.96999988891184 5.0249998876825 4.92499988991767 4.78999989293516 4.66999989561737 4.58499989751726 4.49999989941716 4.4199999012053 4.28499990422279 4.15999990701675 4.14999990724027 4.09999990835786 -9999 -9999 -9999 -9999 -9999 -9999 -9999 -9999 -9999 -9999 -9999 -9999 -9999 -9999 -9999 -9999 -9999 -9999 -9999 -9999 -9999 -9999 -9999 -9999 -9999 -9999 -9999 -9999 -9999 -9999 -9999 -9999 -9999 -9999 -9999
-9999 -9999 -9999 -9999 -9999 4.66999989561737 4.8799998909235 5.04499988723546 5.42999987863004 5.45499987807125 5.12999988533556 4.5649998979643 4.68999989517033 4.96999988891184 4.91999989002943 4.88999989069998 4.91999989002943 4.86999989114702 4.75499989371747 4.63999989628792 4.60499989707023 4.60999989695847 4.50999989919364 4.38499990198761 13.9024996892549 -9999 -9999 -9999 -9999 -9999 -9999 -9999 -9999 -9999 -9999 -9999 -9999 -9999 -9999 -9999 -9999 -9999 -9999 -9999 -9999 -9999 -9999 -9999 -9999 -9999 -9999 -9999 -9999 -9999 -9999 -9999 -9999 -9999 -9999 -9999 -9999 -9999
