EcologicalScience/Bass/data/rs_data_bass/sst_1.asc
NCOLS 226 
NROWS 124 
XLLCORNER -9.41648524995501 
YLLCORNER 47.587301625531 
CELLSIZE 0.0833 
NODATA_value -9999 
[rows 0 to 26 of 124, columns 62 to 123 of 226]
-9999 -9999 -9999 -9999 -9999 -9999 -9999 -9999 -9999 -9999 -9999 -9999 -9999 -9999 -9999 -9999 -9999 -9999 -9999 -9999 -9999 -9999 -9999 -9999 -9999 -9999 -9999 -9999 -9999 -9999 -9999 -9999 -9999 -9999 -9999 -9999 -9999 -9999 -9999 -9999 -9999 -9999 -9999 -9999 -9999 -9999 -9999 -9999 -9999 -9999 -9999 -9999 -9999 -9999 -9999 -9999 -9999 -9999 -9999 -9999 -9999 -9999
-9999 -9999 -9999 -9999 -9999 -9999 -9999 -9999 -9999 -9999 -9999 -9999 -9999 -9999 -9999 -9999 -9999 -9999 -9999 -9999 -9999 -9999 -9999 -9999 -9999 -9999 -9999 -9999 -9999 -9999 -9999 -9999 -9999 -9999 -9999 -9999 -9999 -9999 -9999 -9999 -9999 -9999 -9999 -9999 -9999 -9999 -9999 -9999 -9999 -9999 -9999 -9999 -9999 -9999 -9999 -9999 -9999 -9999 -9999 -9999 -9999 -9999
-9999 -9999 -9999 -9999 -9999 -9999 -9999 -9999 -9999 -9999 -9999 -9999 -9999 -9999 -9999 -9999 -9999 -9999 -9999 -9999 -9999 -9999 -9999 -9999 -9999 -9999 -9999 -9999 -9999 -9999 -9999 -9999 -9999 -9999 -9999 -9999 -9999 -9999 -9999 -9999 -9999 -9999 -9999 -9999 -9999 -9999 -9999 -9999 -9999 -9999 -9999 -9999 -9999 -9999 -9999 -9999 -9999 -9999 -9999 -9999 -9999 -9999
-9999 -9999 -9999 -9999 -9999 -9999 -9999 -9999 -9999 -9999 -9999 -9999 -9999 -9999 -9999 -9999 -9999 -9999 -9999 -9999 -9999 -9999 -9999 -9999 -9999 -9999 -9999 -9999 -9999 -9999 -9999 -9999 -9999 -9999 -9999 -9999 -9999 -9999 -9999 -9999 -9999 -9999 -9999 -9999 -9999 -9999 -9999 -9999 -9999 -9999 -9999 -9999 -9999 -9999 -9999 -9999 -9999 -9999 -9999 -9999 -9999 -9999
-9999 -9999 -9999 -9999 -9999 -9999 -9999 -9999 -9999 -9999 -9999 -9999 -9999 -9999 -9999 -9999 -9999 -9999 -9999 -9999 -9999 -9999 -9999 -9999 -9999 -9999 -9999 -9999 -9999 -9999 -9999 -9999 -9999 -9999 -9999 -9999 -9999 -9999 -9999 -9999 -9999 -9999 -9999 -9999 -9999 -9999 -9999 -9999 -9999 -9999 -9999 -9999 -9999 -9999 -9999 -9999 -9999 -9999 -9999 -9999 -9999 -9999
-9999 -9999 -9999 -9999 -9999 -9999 -9999 -9999 -9999 -9999 -9999 -9999 -9999 -9999 -9999 -9999 -9999 -9999 -9999 -9999 -9999 -9999 -9999 -9999 -9999 -9999 -9999 -9999 11.7199997380376 11.0949997520074 10.8599997572601 11.3599997460842 11.0899997521192 10.9299997556955 11.1049997517839 11.6399997398257 11.479999743402 11.4049997450784 11.4249997446314 11.5599997416139 11.5999997407198 11.5599997416139 11.6549997394904 7.30999983660877 7.25499983783811 7.19999983906746 7.2049998389557 7.22999983839691 12.3349997242913 12.7999997138977 12.9699997100979 12.9249997111037 13.034999708645 12.8549997126684 13.2099997047335 13.0499997083098 12.76499971468 12.5549997193739 12.3199997246265 12.2999997250736 12.4549997216091 12.3949997229502
-9999 -9999 -9999 -9999 -9999 -9999 -9999 -9999 -9999 -9999 -9999 -9999 -9999 -9999 -9999 -9999 -9999 -9999 -9999 -9999 -9999 -9999 -9999 -9999 -9999 -9999 -9999 11.6899997387081 12.0099997315556 11.1449997508898 10.9899997543544 11.064999752678 11.0349997533485 10.8699997570366 10.9799997545779 11.2799997478724 11.3949997453019 11.2749997479841 11.4049997450784 11.1999997496605 11.5049997428432 11.8549997350201 11.9599997326732 7.2049998389557 7.15999983996153 7.15499984007329 7.25999983772635 7.32999983616173 12.4449997218326 12.7449997151271 12.7299997154623 12.619999717921 12.4249997222796 12.7699997145683 12.9599997103214 12.8799997121096 12.7449997151271 8.35999981313944 8.35999981313944 12.5999997183681 12.5999997183681 12.8649997124448
-9999 -9999 -9999 -9999 -9999 -9999 -9999 -9999 -9999 -9999 -9999 -9999 -9999 -9999 -9999 -9999 -9999 -9999 -9999 -9999 -9999 -9999 -9999 -9999 -9999 -9999 11.4499997440726 11.4299997445196 11.0349997533485 10.8949997564778 10.8399997577071 10.6349997622892 10.9149997560307 10.8549997573718 11.0349997533485 10.8099997583777 11.0349997533485 11.5399997420609 11.3399997465312 11.4299997445196 11.6999997384846 11.934999733232 12.0249997312203 12.3349997242913 12.5299997199327 12.4999997206032 12.4999997206032 12.6349997175857 12.639999717474 12.7999997138977 12.8799997121096 12.5649997191504 12.4849997209385 12.4299997221678 12.5599997192621 12.8199997134507 12.6799997165799 12.889999711886 13.1099997069687 13.1149997068569 13.1699997056276 12.9949997095391
-9999 -9999 -9999 -9999 -9999 -9999 -9999 -9999 -9999 -9999 -9999 -9999 -9999 -9999 -9999 -9999 -9999 -9999 -9999 -9999 -9999 -9999 -9999 -9999 -9999 -9999 11.0549997529015 10.6799997612834 10.7299997601658 10.9749997546896 11.4899997431785 11.3599997460842 11.0499997530133 10.9899997543544 11.0049997540191 10.754999759607 10.9899997543544 11.0899997521192 11.3899997454137 11.6199997402728 11.8149997359142 12.0149997314438 12.0949997296557 12.2549997260794 12.3549997238442 12.6449997173622 12.5849997187033 12.5299997199327 12.5049997204915 8.68499980587512 8.68499980587512 12.6149997180328 12.6049997182563 12.5649997191504 12.5099997203797 12.4099997226149 12.6549997171387 12.8999997116625 13.0049997093156 13.2699997033924 13.4249996999279 13.344999701716
-9999 -9999 -9999 -9999 -9999 -9999 -9999 -9999 -9999 -9999 -9999 -9999 -9999 -9999 -9999 -9999 -9999 -9999 -9999 -9999 -9999 -9999 -9999 -9999 -9999 11.3799997456372 11.2799997478724 10.8649997571483 10.9549997551367 11.0899997521192 10.6999997608364 11.2699997480959 11.3599997460842 11.4749997435138 11.334999746643 11.024999753572 11.0299997534603 11.2599997483194 11.5499997418374 11.9249997334555 12.0299997311085 12.0999997295439 12.2399997264147 12.4549997216091 12.7449997151271 12.6949997162446 12.4349997220561 12.3899997230619 12.5049997204915 12.5599997192621 7.66999982856214 7.68499982822686 7.64499982912093 7.64499982912093 12.474999721162 12.6149997180328 12.7149997157976 12.929999710992 12.9749997099862 13.2899997029454 13.5599996969104 13.8549996903166
-9999 -9999 -9999 -9999 -9999 -9999 -9999 -9999 -9999 -9999 -9999 -9999 -9999 -9999 -9999 -9999 -9999 -9999 -9999 -9999 -9999 -9999 -9999 -9999 11.1149997515604 11.3899997454137 11.1849997499958 11.0699997525662 11.0349997533485 11.044999753125 10.9399997554719 10.7449997598305 11.0599997527897 11.1949997497723 11.0799997523427 11.2899997476488 11.3749997457489 11.5549997417256 11.8549997350201 12.2449997263029 12.22499972675 11.9649997325614 12.0849997298792 12.1599997282028 12.1699997279793 12.0899997297674 12.0449997307733 8.71499980520457 8.63499980699271 8.8149998029694 8.8149998029694 7.55499983113259 12.2999997250736 12.184999727644 12.6299997176975 12.8249997133389 12.7149997157976 12.889999711886 13.2299997042865 13.4499996993691 13.614999695681 13.7549996925518
-9999 -9999 -9999 -9999 -9999 -9999 -9999 -9999 -9999 -9999 -9999 -9999 -9999 -9999 -9999 -9999 -9999 -9999 -9999 -9999 -9999 -9999 -9999 -9999 12.5349997198209 11.7149997381493 11.2249997491017 10.8149997582659 10.9249997558072 11.2199997492135 11.479999743402 11.2899997476488 11.0749997524545 11.4149997448549 11.5499997418374 11.4949997430667 11.5049997428432 11.5449997419491 11.9049997339025 12.0049997316673 12.0349997309968 12.1649997280911 12.2199997268617 12.0249997312203 11.8349997354671 11.9899997320026 12.0899997297674 12.2449997263029 12.4899997208267 12.4249997222796 12.5949997184798 7.59499983023852 7.60999982990324 7.79999982565641 7.74499982688576 7.71499982755631 7.80499982554466 13.2299997042865 13.1699997056276 13.3599997013807 13.8849996896461 14.0299996864051
-9999 -9999 -9999 -9999 -9999 -9999 -9999 -9999 -9999 -9999 -9999 -9999 -9999 -9999 -9999 -9999 -9999 -9999 -9999 -9999 -9999 -9999 -9999 11.8449997352436 10.9399997554719 10.9049997562543 11.1949997497723 10.9299997556955 10.9299997556955 11.2999997474253 11.2999997474253 11.2299997489899 11.3499997463077 11.1499997507781 11.2299997489899 11.4399997442961 11.5399997420609 11.9299997333437 12.0249997312203 11.8699997346848 12.1199997290969 12.369999723509 12.5399997197092 12.4599997214973 12.0999997295439 11.9899997320026 11.9749997323379 12.2349997265264 12.4049997227266 12.3399997241795 12.4599997214973 12.8099997136742 7.604999830015 7.65499982889742 7.63999982923269 7.63499982934445 7.79999982565641 7.85499982442707 13.2099997047335 13.4799996986985 13.7199996933341 13.9199996888638
-9999 -9999 -9999 -9999 -9999 -9999 -9999 -9999 -9999 -9999 -9999 -9999 -9999 -9999 -9999 -9999 -9999 -9999 -9999 -9999 -9999 -9999 11.9649997325614 10.9749997546896 10.8299997579306 10.8549997573718 10.5449997643009 10.8299997579306 10.8099997583777 10.9249997558072 10.8399997577071 11.1049997517839 11.3799997456372 11.4149997448549 11.334999746643 11.31499974709 11.5699997413903 12.0899997297674 11.9549997327849 12.1299997288734 12.2649997258559 12.2849997254089 12.4049997227266 12.4399997219443 12.2649997258559 12.1249997289851 12.329999724403 12.4499997217208 12.4799997210503 12.6099997181445 12.4649997213855 12.4899997208267 12.7749997144565 7.58499983046204 7.58499983046204 13.2599997036159 13.4149997001514 13.7299996931106 13.904999689199 14.2949996804819 14.3049996802583 14.2849996807054
-9999 -9999 -9999 -9999 -9999 -9999 -9999 -9999 -9999 -9999 -9999 -9999 -9999 -9999 -9999 -9999 -9999 -9999 -9999 -9999 -9999 12.8399997130036 11.5999997407198 10.9899997543544 10.6999997608364 10.899999756366 11.189999749884 11.1549997506663 11.2699997480959 11.31499974709 11.2549997484311 11.2349997488782 11.5849997410551 11.8749997345731 11.8299997355789 11.789999736473 11.9899997320026 12.22499972675 11.8649997347966 11.8049997361377 11.9399997331202 12.3749997233972 12.5349997198209 12.3899997230619 12.3249997245148 12.2899997252971 12.3999997228384 12.4099997226149 12.4499997217208 12.4449997218326 12.4649997213855 12.6799997165799 12.8799997121096 13.3549997014925 13.5499996971339 7.83999982476234 7.75499982666224 13.9999996870756 14.0149996867403 14.0199996866286 14.0599996857345 14.1799996830523
-9999 -9999 -9999 -9999 -9999 -9999 -9999 -9999 -9999 -9999 -9999 -9999 -9999 -9999 -9999 -9999 -9999 -9999 -9999 -9999 12.2749997256324 11.8649997347966 10.9799997545779 10.9549997551367 11.2699997480959 11.4399997442961 11.5749997412786 11.4099997449666 11.169999750331 11.1949997497723 11.024999753572 11.1099997516721 11.5499997418374 11.9399997331202 11.8699997346848 11.8749997345731 11.9949997318909 12.4849997209385 12.4549997216091 12.2549997260794 12.4349997220561 12.3399997241795 12.1699997279793 12.619999717921 12.6799997165799 12.6649997169152 12.5349997198209 12.4299997221678 12.3749997233972 12.4499997217208 12.5599997192621 12.7499997150153 13.1599997058511 13.7399996928871 13.799999691546 7.75499982666224 7.73999982699752 7.72499982733279 13.8549996903166 13.9649996878579 14.1599996834993 13.8799996897578
-9999 -9999 -9999 -9999 -9999 -9999 -9999 -9999 -9999 -9999 -9999 -9999 -9999 -9999 -9999 -9999 -9999 -9999 -9999 12.0099997315556 11.9249997334555 11.5349997421727 11.0799997523427 11.2449997486547 11.4699997436255 11.3599997460842 11.0849997522309 10.7849997589365 10.5949997631833 10.9749997546896 11.0749997524545 11.2149997493252 11.5399997420609 11.6399997398257 11.9299997333437 12.0099997315556 12.3749997233972 12.2999997250736 12.3249997245148 12.3749997233972 12.7149997157976 12.4099997226149 12.2449997263029 12.369999723509 12.3349997242913 12.6649997169152 12.6749997166917 12.5349997198209 12.5199997201562 12.5449997195974 12.6749997166917 12.8799997121096 13.2099997047335 13.4249996999279 13.5599996969104 13.4499996993691 7.71999982744455 7.72499982733279 7.73499982710928 13.9649996878579 14.0799996852875 13.6849996941164
-9999 -9999 -9999 -9999 -9999 -9999 -9999 -9999 -9999 -9999 -9999 -9999 -9999 -9999 -9999 -9999 -9999 12.7349997153506 12.1249997289851 11.5449997419491 11.604999740608 11.2349997488782 11.0299997534603 11.2149997493252 11.209999749437 10.9499997552484 10.609999762848 11.3949997453019 11.4049997450784 11.4149997448549 11.5149997426197 11.4499997440726 11.479999743402 11.6999997384846 11.9199997335672 12.3099997248501 12.4999997206032 12.6699997168034 12.889999711886 12.7199997156858 12.6649997169152 12.6599997170269 12.3049997249618 12.1249997289851 12.2849997254089 12.22499972675 12.4049997227266 12.5649997191504 12.6149997180328 13.0599997080863 13.2999997027218 13.21999970451 13.1749997055158 13.3399997018278 13.5399996973574 13.5649996967986 13.5549996970221 13.7549996925518 13.799999691546 13.9399996884167 13.799999691546 13.7099996935576
-9999 -9999 -9999 -9999 -9999 -9999 -9999 -9999 -9999 -9999 -9999 -9999 -9999 -9999 -9999 -9999 -9999 12.9799997098744 12.2699997257441 11.6699997391552 11.7099997382611 11.6749997390434 11.6299997400492 11.6549997394904 11.934999733232 11.8799997344613 11.6999997384846 11.8449997352436 11.8049997361377 11.8099997360259 11.6999997384846 11.5499997418374 11.6649997392669 11.8899997342378 11.6899997387081 11.8699997346848 12.2449997263029 12.3649997236207 12.6349997175857 12.4649997213855 12.3099997248501 12.4499997217208 12.4099997226149 12.2599997259676 11.7749997368082 11.7949997363612 12.1399997286499 12.474999721162 12.4799997210503 12.639999717474 12.7599997147918 12.7299997154623 12.9949997095391 5.69999987259507 5.69999987259507 13.5149996979162 7.57499983068556 7.57499983068556 13.8249996909872 13.8449996905401 13.5699996966869 13.5399996973574
-9999 -9999 -9999 -9999 -9999 -9999 -9999 -9999 -9999 -9999 -9999 -9999 -9999 -9999 -9999 -9999 -9999 -9999 13.1599997058511 12.3199997246265 11.5899997409433 11.5499997418374 11.7049997383729 12.0099997315556 12.0699997302145 12.0549997305498 11.8349997354671 11.7349997377023 12.0199997313321 12.204999727197 12.4799997210503 12.1349997287616 11.8199997358024 11.8499997351319 11.9749997323379 12.1699997279793 11.8349997354671 11.7399997375906 12.0699997302145 12.4049997227266 12.6899997163564 12.5649997191504 12.8699997123331 12.6049997182563 12.3649997236207 12.3349997242913 12.7449997151271 12.8549997126684 12.8499997127801 12.7349997153506 12.8449997128919 13.199999704957 13.3699997011572 13.799999691546 13.7249996932223 13.7949996916577 7.65499982889742 7.67999982833862 7.70999982766807 14.1699996832758 13.8049996914342 13.4299996998161
-9999 -9999 -9999 -9999 -9999 -9999 -9999 -9999 -9999 -9999 -9999 -9999 -9999 -9999 10.6249997625127 11.2799997478724 13.9799996875226 12.4699997212738 11.4199997447431 11.3049997473136 11.2649997482076 11.0699997525662 11.2799997478724 11.8299997355789 11.76999973692 11.8099997360259 11.9599997326732 11.9799997322261 12.4249997222796 12.4799997210503 12.3749997233972 12.079999729991 11.6499997396022 11.8599997349083 12.3049997249618 12.0849997298792 11.894999734126 12.1349997287616 12.0099997315556 11.9849997321144 11.934999733232 12.2699997257441 12.3399997241795 12.4349997220561 12.5249997200444 12.7999997138977 4.48499989975244 4.43499990087003 4.40999990142882 13.1849997052923 13.5899996962398 6.38999985717237 6.38999985717237 14.0049996869639 14.0649996856228 13.9999996870756 14.0449996860698 14.3749996786937 14.4699996765703 14.0649996856228 13.4599996991456 13.1149997068569
-9999 -9999 -9999 -9999 -9999 -9999 -9999 -9999 -9999 -9999 -9999 -9999 -9999 11.1049997517839 11.6599997393787 11.934999733232 11.9649997325614 11.7299997378141 11.6899997387081 11.6299997400492 11.1649997504428 11.0949997520074 11.3599997460842 11.4949997430667 11.76999973692 11.914999733679 11.8149997359142 12.2599997259676 7.46999983303249 7.41999983415008 7.36499983537942 7.38999983482063 7.39999983459711 7.31999983638525 7.25499983783811 12.76499971468 12.9249997111037 13.0149997090921 12.4999997206032 12.6499997172505 12.2949997251853 12.079999729991 12.369999723509 12.7099997159094 12.889999711886 12.6349997175857 12.3599997237325 12.5749997189268 13.1049997070804 13.4549996992573 13.4749996988103 6.00499986577779 6.00499986577779 13.7199996933341 13.6799996942282 13.5999996960163 13.5499996971339 13.4649996990338 13.5799996964633 13.6199996955693 13.1199997067451 13.4049997003749
-9999 -9999 -9999 -9999 -9999 -9999 -9999 -9999 -9999 -9999 12.369999723509 12.204999727197 12.0099997315556 11.4349997444078 11.8599997349083 12.3399997241795 12.9449997106567 12.8649997124448 12.5849997187033 11.7049997383729 11.5299997422844 11.5749997412786 11.5649997415021 11.5899997409433 11.8749997345731 12.1149997292086 5.97499986644834 5.97499986644834 12.3749997233972 12.4249997222796 12.5999997183681 12.5049997204915 12.3349997242913 12.4899997208267 12.9349997108802 13.1599997058511 13.0449997084215 12.8949997117743 12.8649997124448 12.7099997159094 12.4649997213855 12.4799997210503 12.619999717921 3.9599999114871 3.9599999114871 12.889999711886 12.7299997154623 12.7099997159094 12.8199997134507 13.1049997070804 13.2799997031689 13.4349996997043 13.3549997014925 13.3699997011572 13.0249997088686 13.2699997033924 13.5799996964633 13.489999698475 13.4199997000396 13.3349997019395 12.8299997132272 12.9999997094274
-9999 -9999 -9999 -9999 -9999 -9999 -9999 -9999 -9999 -9999 12.7599997147918 12.8799997121096 12.369999723509 11.6099997404963 11.4949997430667 11.7399997375906 11.8749997345731 -9999 -9999 9.22999979369342 9.17499979492277 12.4399997219443 13.0849997075275 12.7699997145683 12.079999729991 11.8299997355789 11.8549997350201 11.9949997318909 11.8399997353554 12.1749997278675 12.6099997181445 12.3999997228384 12.5049997204915 12.8349997131154 13.0699997078627 13.1499997060746 13.0949997073039 12.9249997111037 12.7499997150153 12.7899997141212 12.8649997124448 12.76499971468 12.8199997134507 12.7799997143447 13.074999707751 13.1899997051805 13.1099997069687 13.1949997050688 13.0149997090921 12.9349997108802 5.43999987840652 5.4249998787418 5.41499987896532 13.2749997032806 13.1499997060746 13.2149997046217 13.4549996992573 13.4299996998161 13.4499996993691 13.5199996978045 13.1149997068569 13.0399997085333
-9999 -9999 -9999 -9999 -9999 -9999 -9999 -9999 -9999 -9999 -9999 -9999 -9999 -9999 -9999 -9999 -9999 -9999 -9999 -9999 -9999 -9999 -9999 -9999 12.8999997116625 11.8749997345731 12.2799997255206 12.2399997264147 12.0949997296557 12.0949997296557 12.2549997260794 12.4499997217208 12.3649997236207 12.0899997297674 12.349999723956 12.5699997190386 12.5499997194856 12.3249997245148 12.7199997156858 12.929999710992 12.9899997096509 12.76499971468 12.7949997140095 12.6749997166917 12.6749997166917 12.8849997119978 13.1099997069687 13.2149997046217 13.1149997068569 7.1199998408556 7.04499984253198 5.38999987952411 13.5649996967986 13.2799997031689 13.2449997039512 13.3749997010455 13.4449996994808 13.6449996950105 13.3549997014925 13.3549997014925 13.509999698028 13.3499997016042
-9999 -9999 -9999 -9999 -9999 -9999 -9999 -9999 -9999 -9999 -9999 -9999 -9999 -9999 -9999 -9999 -9999 -9999 -9999 -9999 -9999 -9999 -9999 -9999 -9999 10.6396679468453 12.7249997155741 11.9399997331202 12.2399997264147 12.3649997236207 12.4299997221678 12.3599997237325 12.3149997247383 12.2199997268617 12.0149997314438 11.9299997333437 11.8749997345731 12.1199997290969 12.2599997259676 13.0099997092038 12.9549997104332 12.6599997170269 12.9149997113273 12.5199997201562 12.7449997151271 12.8199997134507 12.9149997113273 7.74499982688576 7.55999983102083 6.38499985728413 7.25499983783811 7.24499983806163 13.9499996881932 13.6099996957928 13.2749997032806 13.2749997032806 13.1149997068569 12.889999711886 13.3349997019395 13.2349997041747 8.03499982040375 8.02999982051551
-9999 -9999 -9999 -9999 -9999 -9999 -9999 -9999 -9999 -9999 -9999 -9999 -9999 -9999 -9999 -9999 -9999 -9999 -9999 -9999 -9999 -9999 -9999 -9999 -9999 -9999 -9999 10.9649997549132 11.2249997491017 11.9549997327849 12.3599997237325 12.2549997260794 12.0199997313321 11.7799997366965 11.8549997350201 11.9649997325614 11.8549997350201 12.5549997193739 12.7299997154623 12.8099997136742 13.0699997078627 12.9149997113273 12.7099997159094 13.1649997057393 13.0649997079745 13.0799997076392 13.074999707751 7.85999982431531 7.86499982420355 7.77499982621521 7.64499982912093 7.3749998351559 13.2299997042865 13.5899996962398 13.4649996990338 13.4849996985868 13.3749997010455 13.1499997060746 12.8949997117743 12.6549997171387 13.0399997085333 12.9849997097626
