EcologicalScience/Bass/data/rs_data_bass/sst_443.asc
NCOLS 226 
NROWS 124 
XLLCORNER -9.41648524995501 
YLLCORNER 47.587301625531 
CELLSIZE 0.0833 
NODATA_value -9999 
[rows 81 to 107 of 124, columns 62 to 123 of 226]
11.2986989571816 -9999 -9999 -9999 -9999 -9999 -9999 -9999 -9999 -9999 -9999 -9999 -9999 -9999 -9999 -9999 -9999 -9999 -9999 -9999 -9999 -9999 -9999 -9999 -9999 -9999 -9999 -9999 -9999 -9999 -9999 -9999 -9999 -9999 -9999 -9999 -9999 -9999 -9999 -9999 -9999 -9999 -9999 -9999 -9999 -9999 -9999 -9999 -9999 -9999 -9999 -9999 -9999 -9999 -9999 -9999 -9999 -9999 -9999 -9999 -9999 -9999
14.8590583652432 -9999 -9999 -9999 -9999 -9999 -9999 -9999 -9999 -9999 -9999 -9999 -9999 -9999 -9999 -9999 -9999 -9999 -9999 -9999 -9999 -9999 -9999 -9999 -9999 -9999 -9999 -9999 -9999 -9999 -9999 -9999 -9999 -9999 -9999 -9999 -9999 -9999 -9999 -9999 -9999 -9999 -9999 -9999 -9999 -9999 -9999 -9999 -9999 -9999 -9999 -9999 -9999 -9999 -9999 -9999 -9999 -9999 -9999 -9999 -9999 -9999
-9999 -9999 -9999 -9999 -9999 -9999 -9999 -9999 -9999 -9999 -9999 -9999 -9999 -9999 -9999 -9999 -9999 -9999 -9999 -9999 -9999 -9999 -9999 -9999 -9999 -9999 -9999 -9999 -9999 -9999 -9999 -9999 -9999 -9999 -9999 -9999 -9999 -9999 -9999 -9999 -9999 -9999 -9999 -9999 -9999 -9999 -9999 -9999 -9999 -9999 -9999 -9999 -9999 -9999 -9999 -9999 -9999 -9999 -9999 -9999 14.8071241267166 -9999
-9999 -9999 -9999 -9999 -9999 -9999 -9999 -9999 -9999 -9999 -9999 -9999 -9999 -9999 -9999 -9999 -9999 -9999 -9999 -9999 -9999 -9999 -9999 -9999 -9999 -9999 -9999 -9999 -9999 -9999 -9999 -9999 -9999 11.3199997469783 11.209999749437 11.1449997508898 -9999 -9999 -9999 -9999 -9999 -9999 -9999 -9999 -9999 -9999 -9999 -9999 -9999 -9999 -9999 -9999 -9999 -9999 -9999 -9999 17.2699996139854 17.6010514617754 17.2313150246628 17.7240211004391 17.3338724756613 16.5930203995667
-9999 -9999 -9999 -9999 -9999 -9999 -9999 -9999 -9999 -9999 -9999 -9999 -9999 -9999 -9999 -9999 -9999 -9999 -9999 -9999 -9999 -9999 -9999 -9999 -9999 -9999 -9999 -9999 -9999 -9999 -9999 -9999 18.6599995829165 18.5970050709837 20.029770785477 19.6819360740483 20.069215958938 19.987456872128 19.9293648893945 19.0400555240922 23.7146671717055 23.7149994699284 18.198080366943 18.4239936331287 18.7990813734941 19.9953459068201 19.7679982706904 18.992721315939 18.4634388065897 17.8050630022772 18.0424512280151 18.1650898582302 17.8753471295349 -9999 16.9673909549601 17.4141971925274 17.7017883663066 17.1782433367334 16.4962004283443 16.3434400293045 16.283196491655 15.9891506531276
-9999 -9999 -9999 -9999 -9999 -9999 -9999 -9999 -9999 -9999 -9999 -9999 16.0254880250432 17.2636872704687 16.96021910524 15.8263496644795 17.481612579897 17.51818901347 17.4098940826952 -9999 -9999 -9999 -9999 -9999 -9999 11.894999734126 9.57451970931268 18.356219653273 18.3408001763746 18.0331278233789 17.716849250719 18.6176335755736 19.075197587721 19.112491206266 14.1849996829405 13.3762752499812 19.272423455026 19.9702444327995 18.6212195004337 18.6692708935589 19.1347239403985 18.5000152401626 17.7720724935643 17.7957395976409 17.6666463026777 17.6436963835731 17.7699209386483 17.4672688804567 17.7548600542359 17.3152256663889 17.4199346723035 16.5040894630365 16.9336832612753 17.1574449725449 16.9681081399322 16.9164708219469 16.6855372609571 16.3850367576815 15.566011519637 15.6951048146002 15.4777977680787 16.0995971388184
-9999 -9999 -9999 -9999 -9999 -9999 -9999 -9999 -9999 17.244503259426 18.2928922202438 16.8275398854166 17.2270119148307 17.2829523426481 17.1287575736642 16.8476210646331 17.4364299266599 17.3496505450457 17.4098940826952 17.3073366316967 16.8723639461678 17.0699484059587 16.7414776887745 15.7194891036488 15.8794213524088 16.8849146831781 -9999 17.6996368113905 17.7562944241799 17.7161320657469 17.1517074927688 16.8770256484859 16.7099215500057 17.0376750822179 17.5648060366511 11.4849997432902 13.6634912896274 18.2081209565513 17.7426679097116 18.2898800433613 18.4003265290521 17.9900967250578 17.5970793603919 17.1022217296995 16.7959837466478 16.4754020641558 16.7070528101176 16.3427228443325 16.563615815714 16.6668904516846 15.6735892654397 15.9152806010097 15.9984740577638 15.7689748667181 15.6664174157195 15.4505447391421 15.7904904158786 15.7883388609625 15.0948209930211 15.0654164091684 15.3730887621641 15.7983794505708
-9999 -9999 -9999 -9999 -9999 -9999 -9999 -9999 15.2557694569146 17.5432904874906 17.0348063423298 16.2946714512073 17.0039673885331 16.9939267989248 16.4323709658347 16.0709097399376 17.0720999608748 16.2415997632779 15.6126285428181 16.1842249655165 16.6181218735874 15.7747123464942 16.1189611330628 15.8894619420171 16.1885280753486 16.7909634518437 16.8117618160322 17.1474043829367 16.8483382496051 16.7314370991662 16.643223347608 16.6855372609571 16.6790825962089 16.8655506889336 17.2564164986834 17.2621539784595 17.3933988283388 17.5662404065952 17.9104891931638 17.7233039154671 17.679555632174 17.6214636494406 17.2643055333756 17.0097048683092 15.9525742195547 15.8686635778286 15.7775810863823 15.8693807628006 16.2208013990894 16.7486495384946 15.9468367397785 15.8751182425767 15.170842600055 16.126850167755 15.6370128318667 15.2518845018931 15.0862147733569 15.5595568548888 15.4369182246737 16.1031830636784 15.3953214962967 15.329340478871
-9999 -9999 -9999 -9999 -9999 -9999 -9999 -9999 17.1961729610339 17.9499343666248 16.0006256126799 16.2337107285857 16.6582842320204 16.6116672088392 16.5880001047626 15.9030884564854 15.725226583425 16.0415051560849 16.0199896069244 15.7496108724736 16.0486770058051 16.0135349421762 15.8607745431364 15.7402874678373 15.8349558841437 16.0716269249097 16.2473372430541 15.9454023698345 15.9733725837432 15.9367961501703 15.9913022080436 16.1591234914958 16.2939542662352 16.442411555443 16.7142246598378 17.0857264753431 16.9975127237849 17.1237372788601 17.1000701747835 17.161030897405 16.8203680356964 17.2535477587953 17.1545762326568 16.9308145213872 16.8913693479262 17.0477156718262 15.924604005646 15.5387584907003 15.8722495026886 15.3623309875838 15.8120059650391 15.7015594793484 15.765388941858 16.1641437863 15.8005310054868 16.1483657169156 16.0185552369803 15.5602740398608 15.4161198604852 15.6800439301878 15.6040223231539 16.1454969770275
13.2272713258862 9.40499978978187 -9999 -9999 -9999 -9999 -9999 -9999 15.9126102314331 16.405117936898 16.2164982892573 15.7739951615222 16.2509231679142 16.1189611330628 16.5786767001264 16.1318704625592 15.8543198783882 15.2224799180403 15.9783928785473 15.9740897687152 16.0694753699936 15.6678517856635 15.8579058032483 15.7295296932571 15.7510452424176 15.607608248014 15.7804498262703 15.7725607915781 15.5509506352246 15.408948010765 15.8263496644795 15.6585283810273 15.9016540865414 16.0637378902175 16.0343333063647 16.1820734106004 16.0673238150775 16.1705984510481 16.2071748846211 16.3577837287448 16.2946714512073 16.1985686649568 15.6800439301878 15.964766364079 15.9195837108418 16.2530747228302 15.5982848433778 14.8775139464997 15.1163365421817 16.1333048325032 16.323358850088 16.2086092545651 16.365672763437 15.4211401552893 15.4950102074072 15.3903012014925 15.9238868206739 15.5186773114838 15.5244147912599 16.0565660404973 16.7909634518437 16.5198675324209
16.9530472555198 16.7594073130749 16.3520462489687 16.6797997811809 16.8798943883739 -9999 16.1899624452926 16.8490554345772 15.527283531148 15.4397869645618 16.0823846994899 18.5430463384837 16.5069582029246 15.7474593175575 15.7890560459346 15.6154972827062 15.8736838726327 15.9590288843028 15.6047395081259 15.328264701413 16.0364848612808 15.3444013632834 15.287026565522 15.3601794326678 15.2310861377046 15.0360118253157 15.12996305665 15.1651051202789 14.8610186921433 14.9592730333097 15.2418439122848 15.1421552011743 15.0453352299519 15.3895840165205 15.1500442358665 15.3910183864646 15.566728704609 15.4397869645618 15.7223578435369 15.7539139823057 16.24590287311 15.7869044910185 14.8653218019754 15.4985961322673 15.5617084098049 15.1543473456986 15.7531967973337 15.6126285428181 16.1089205434546 15.5222632363439 16.246620058082 16.3169041853398 15.9310586703941 15.4225745252334 16.1390423122793 15.7159031787887 15.9970396878198 16.1383251273073 16.4345225207508 15.9410992600024 16.2028717747889 17.042695377022
16.5930203995667 16.5880001047626 16.2588122026064 15.6348612769507 15.6965391845442 15.7187719186768 15.4247260801494 15.2260658429004 15.0618304843083 15.4519791090861 16.206457699649 16.5091097578406 15.966917918995 16.3936429773457 16.0723441098817 16.1039002486505 16.0199896069244 14.8201391487382 15.9052400114015 15.6176488376223 15.4433728894219 14.8438062528148 15.1450239410624 15.0338602703996 14.8043610793538 14.8050782643259 14.9348887442611 14.9657276980579 15.2777031608857 15.3214514441788 14.8595843221992 14.8932920158841 14.9248481546529 14.9133731951006 15.0259712357074 15.2325205076486 15.927472745534 15.6248206873424 14.9650105130859 15.2963499701582 15.4727774732746 15.8285012193955 16.4703817693517 15.2124393284321 15.4154026755132 15.4405041495338 16.1139408382587 16.2573778326623 16.6145359487273 15.6743064504117 16.4108554166742 16.0737784798257 15.6578111960553 16.3749961680733 16.5657673706301 16.5141300526448 15.7567827221937 16.4338053357787 16.1598406764679 16.3986632721499 17.3288521808572 17.4851985047571
16.8770256484859 16.5779595151544 16.684102891013 15.6513565313071 15.3788262419403 15.5487990803085 15.3852809066884 16.4768364340998 16.7680135327391 16.641788977664 16.2286904337816 15.0711538889445 16.1949827400967 16.3075807807036 15.9511398496106 16.684820075985 16.4560380699113 16.4402600005269 16.1110720983706 14.8739280216396 15.2927640452981 14.8416546978988 14.9255653396249 14.9420605939813 15.2533188718371 15.2597735365853 15.3192998892628 15.3709372072481 15.0761741837487 15.2977843401022 15.4426557044499 14.9535355535336 14.9456465188414 15.1450239410624 15.0833460334688 15.0926694381051 15.1636707503349 15.0625476692803 14.8029267094098 15.0453352299519 15.0152134611271 15.9497054796666 16.3090151506476 15.7438733926974 15.4397869645618 15.1902065942995 15.4656056235544 15.3809777968563 16.5263221971691 15.9690694739111 15.9016540865414 16.4811395439319 16.6260109082796 15.8442792887799 16.2659840523265 15.9920193930157 16.7142246598378 17.0046845735051 16.8576616542414 16.8727225386538 17.1940214061178 17.8072145571932
17.6931821466424 17.7003539963625 17.3797723138705 17.7476882045157 17.2757804929279 17.2126682153903 17.1925870361738 17.3159428513609 17.1538590476848 17.0656452961266 14.9850916923024 15.2526016868651 16.3298135148361 16.3520462489687 16.0321817514487 16.4768364340998 15.7976622655988 15.6671346006915 15.1120334323496 15.1486098659225 15.4706259183586 14.8559983973391 14.9219794147648 15.287743750494 14.9434949639253 15.3903012014925 15.4232917102054 15.4706259183586 15.4613025137223 15.4670399934985 15.6836298550479 15.6649830457754 15.3221686291508 15.0969725479372 15.2805719007738 15.3106936695985 15.28989530541 15.2124393284321 15.2977843401022 15.7137516238727 15.7460249476135 16.3448743992485 15.9446851848625 15.9554429594427 16.3606524686329 17.2040619957261 16.2824793066829 16.6468092724681 15.9611804392189 16.0709097399376 15.686498594936 15.7998138205148 16.1705984510481 16.6489608273841 16.4130069715902 16.2760246419348 16.881328758318 16.9716940647922 17.0943326950073 17.3697317242622 17.2205572500825 18.038148118183
17.800042707473 17.5705435164273 17.5834528459236 17.5791497360915 17.3367412155494 17.0986358048394 16.5664845556021 17.5160374585539 17.7892849328928 17.91622667294 15.9410992600024 14.9047669754364 14.8330484782346 15.3558763228357 14.8746452066116 15.0919522531331 15.2023987388238 15.0682851490565 14.8179875938222 14.6250648363493 14.9492324437015 14.9521011835895 14.8689077268355 14.8574327672832 15.089083513245 15.1335489815101 15.4670399934985 15.4670399934985 15.5301522710361 15.3888668315485 15.5703146294691 15.2296517677605 15.7402874678373 15.4318979298696 15.6262550572865 15.9052400114015 16.0221411618404 16.6281624631956 15.6413159416988 16.3771477229893 16.4000976420939 17.2757804929279 16.4926145034842 16.9759971746244 17.1179997990839 17.3245490710251 16.1985686649568 16.1756187458523 16.9164708219469 16.762993237935 16.3326822547242 16.7601244980469 16.2580950176343 16.7988524865359 16.7479323535226 17.2076479205862 17.520340568386 17.8079317421652 17.8409222508781 17.8538315803744 18.3422345463187 18.6040070611052
17.6064027650282 17.3826410537586 17.0168767180294 17.1158482441679 17.0161595330574 16.7185277696699 16.8225195906125 16.0092318323441 16.7895290818997 16.7558213882148 14.3546861018986 15.8937650518492 14.491668431554 14.3647266915068 14.7455519116484 14.5468916743994 14.6293679461814 15.0231024958193 14.9162419349886 14.7641987209208 14.7405316168442 15.0761741837487 14.9721823628061 14.5626697437838 14.8559983973391 16.1397594972514 15.0682851490565 15.3859980916604 15.647770606447 15.1988128139637 14.9535355535336 15.0984069178812 15.4046449009329 16.1820734106004 16.08597062435 16.2365794684738 16.1311532775871 15.9884334681556 16.0336161213927 15.9540085894987 16.7450636136346 16.7651447928511 16.9193395618349 17.199041700922 17.5117343487218 17.4364299266599 17.36184268957 17.2972960420884 17.5949278054759 17.1395153482445 17.1839808165096 17.5540482620709 16.644657717552 16.9422894809395 17.6752525223419 17.719717990607 17.9800561354496 18.0905026211403 18.6513412692584 18.7818689341657 18.4024780839682 18.7965712260921
17.5777153661475 17.3625598745421 17.1251716488041 16.8067415212281 16.802438411396 16.2925198962912 16.1110720983706 15.5875270687975 17.280800787732 17.1387981632724 14.0505996737629 14.4350108187646 14.4751731771976 14.6996520734392 14.3152409284376 14.4048890499398 15.0740226288326 15.0001525767148 14.6042664721608 14.5275276801549 14.5583666339517 14.8825342413038 15.211004958488 14.851695287507 14.6401257207617 15.3185827042907 15.5961332884617 15.727378138341 15.6628314908594 15.9203008958139 15.1378520913422 15.3365123285912 15.7374187279493 16.08597062435 16.1082033584826 16.3154698153958 16.1942655551247 16.123981427867 17.6279183141887 18.0245216037147 17.281517972704 16.5091097578406 18.0130466441624 15.8579058032483 17.200476070866 17.0276344926096 17.5820184759796 16.7206793245859 17.4170659324154 16.5772423301823 18.3486892110668 18.1894741472788 17.9506515515968 17.8688924647868 18.1335337194614 17.9327219272964 17.6993977497332 17.6499996054918 -9999 -9999 -9999 -9999
17.3575395797379 17.1940214061178 17.0333719723858 16.6977294054814 16.6876888158731 16.087404994294 16.9365520011634 17.1488387528807 14.093630772084 14.1488540149294 15.1091646924615 14.652317865286 14.2700582752004 14.4852137668058 14.2808160497807 14.4013031250797 14.3095034486614 14.4672841425054 14.6996520734392 14.8925748309121 14.7964720446616 14.9549699234776 15.1471754959784 15.5581224849448 15.7151859938167 15.9066743813455 15.9884334681556 15.5351725658402 15.8593401731923 15.9913022080436 15.44624162931 15.6305581671186 16.4352397057228 16.5356456018053 16.7005981453694 16.5808282550424 16.6102328388952 16.8131961859763 17.8287301063538 17.800042707473 17.6996368113905 18.633411644958 16.4746848791838 16.5693532954901 16.2143467343412 18.2741019739769 18.9403668129817 17.9047517133877 17.9506515515968 18.5774712171406 18.0302590834908 19.4804070969112 18.0675527020358 18.3207189971581 18.1294001260772 18.9549995763227 -9999 -9999 -9999 -9999 -9999 -9999
16.9989470937289 16.2982573760673 16.9473097757436 16.5406658966094 16.3405712894164 18.474913766142 15.3852809066884 14.4565263679251 15.010193166323 14.1524399397895 14.1086916564964 14.2385021364316 14.2800988648087 14.4228186742403 14.5052949460223 14.5511947842315 14.5074465009384 14.4680013274774 14.7082582931034 14.9363231142052 15.688650149852 15.12996305665 15.0740226288326 15.9052400114015 15.967635103967 16.0121005722322 16.0658894451335 16.1576891215518 16.9638050301 16.4499996323138 13.8049996914342 13.1962889350951 15.3649996565655 -9999 -9999 17.8699996005744 17.281517972704 17.7419507247396 17.3274178109132 17.3245490710251 18.4268623730168 18.4275795579888 16.562898630742 18.0883510662243 18.0983916558325 17.8911251989193 18.63412882993 18.2002319218591 18.3608813555911 18.0912198061123 18.3988921591081 19.7149265827611 19.4237494841218 -9999 -9999 -9999 -9999 -9999 -9999 -9999 -9999 -9999
16.8074587062001 16.6697591915727 15.6355784619227 17.002533018589 14.6853083739989 14.2643207954243 14.1137119513005 14.1008026218042 14.7484206515364 14.6444288305938 14.7828455301933 14.451506073121 14.6257820213214 14.6723990445025 15.0216681258753 14.8667561719194 14.7175816977397 14.7419659867883 14.8409375129268 14.769219015725 14.8846857962199 14.8545640273951 16.0802331445739 16.1820734106004 16.1024658787064 16.0909909191541 16.2788933818229 16.3341166246682 16.9437238508835 -9999 -9999 -9999 -9999 -9999 16.3799996338785 18.794778263662 17.1244544638321 17.3955503832549 17.67812126223 20.2018951787613 19.1254005357623 19.1038849866018 19.0967131368816 17.3518020999618 18.676442743279 17.9492171816528 18.1744132628664 18.1514633437619 19.469649322331 19.1375926802866 19.9200414847583 19.0249946396798 17.6447721610311 -9999 -9999 -9999 -9999 -9999 -9999 -9999 -9999 -9999
15.4161198604852 15.1435895711184 15.4605853287503 14.0298013095744 14.1825617086142 13.9975279858336 14.0735495928675 14.5038605760783 14.729773842264 14.8531296574511 14.9169591199607 15.1342661664821 14.9535355535336 14.8782311314717 15.0790429236367 15.1952268891037 15.1270943167619 14.9334543743171 14.7046723682433 15.5809289670549 15.8249152945355 14.8552812123671 14.6939145936631 16.4797051739879 16.3039948558435 16.5822626249865 16.9458754057996 17.4773094700649 17.6128574297763 16.369999634102 -9999 -9999 -9999 -9999 -9999 16.20499963779 18.0589464823715 17.8359019560739 18.2066865866072 19.1397442352027 19.3950620852411 18.4562669568695 18.2425458352081 17.998702944722 17.8445081757382 18.9647511020303 18.6441694195382 18.9884182061069 18.6664021536708 20.4098788206466 20.1968748839572 20.3187963292003 20.388363271486 14.0432251413333 14.0349996862933 -9999 -9999 -9999 -9999 -9999 -9999 -9999
15.2289345827885 15.0173650160432 14.6989348884672 13.8497878815979 14.0613574483432 15.4691915484145 14.3589892117307 14.3826563158073 14.531830789987 14.9026154205203 14.7663502758369 14.9764854726382 14.8172704088502 15.9769585086033 15.3630481725559 15.0195165709592 15.6951048146002 15.367351282388 15.6635486758314 15.7037110342644 15.9332102253102 16.2365794684738 16.1913968152367 17.5734122563154 17.6243323893286 17.7455366495997 18.1665242281742 18.3286080318503 18.3673360203393 18.1916257021949 18.4322676819001 24.7149994475767 -9999 -9999 -9999 -9999 17.7518478773534 17.9002095418982 18.7051301421598 19.509811680764 19.5951566924341 19.509811680764 18.834940622095 18.9747916916385 18.6900692577474 18.5530869280919 18.4132358585484 18.4426404424012 18.87223424064 19.2631000503898 19.4517196980305 20.3991210460663 20.1602984503843 9.86999977938831 -9999 -9999 -9999 -9999 -9999 -9999 -9999 -9999
14.3252815180458 14.1703695640899 14.2449568011798 15.609042617958 15.9317758553661 14.3252815180458 13.975295251701 14.1251869108528 14.3288674429059 14.4242530441843 14.8057954492979 14.9901119871065 15.0833460334688 15.2346720625646 15.486403987743 15.2411267273128 15.0654164091684 15.3903012014925 16.7400433188304 16.1820734106004 16.3441572142765 16.6073640990071 16.8239539605565 17.9951170198619 18.1729788929224 18.3056581127457 17.5518967071548 17.6479994934052 18.5043183499947 19.1218146109022 18.0071885978263 -9999 -9999 -9999 -9999 -9999 -9999 -9999 -9999 -9999 -9999 -9999 -9999 -9999 -9999 -9999 19.071970255347 18.6176335755736 18.6312600900419 19.0551164085045 20.2225803032174 20.5299995411187 -9999 -9999 -9999 -9999 -9999 -9999 -9999 -9999 -9999 -9999
14.1782585987821 13.9430219279602 14.6315195010975 13.7429273207672 14.4213843042962 15.4218573402613 15.5502334502526 14.2815332347527 15.6793267452158 15.1622363803908 15.0410321201198 15.0625476692803 15.7869044910185 15.3106936695985 15.3336435887031 15.3128452245146 16.0823846994899 14.9901119871065 16.564333000686 16.6087984689511 16.8397320299409 17.0699484059587 17.1674855621532 17.4500564411283 14.0877498553135 16.4349996326491 17.8265785514377 17.6171605396084 17.638676088769 17.9628436961211 20.0340738953091 17.9616193621176 19.346619500313 -9999 -9999 -9999 -9999 -9999 -9999 -9999 -9999 -9999 -9999 -9999 -9999 -9999 -9999 -9999 -9999 -9999 -9999 -9999 -9999 -9999 -9999 -9999 -9999 -9999 -9999 -9999 -9999 -9999
14.1796929687262 15.607608248014 14.8129672990181 14.4651325875893 15.4742118432187 15.1586504555307 15.1421552011743 15.5631427797489 15.3881496465765 15.6585283810273 15.6800439301878 15.2734000510536 15.3149967794307 15.3028046349064 15.3078249297105 15.3365123285912 15.2913296753541 15.3738059471361 16.1598406764679 17.040543822106 17.1065248395316 17.1818292615935 17.6530197882093 17.9556718464009 16.9874721341766 17.8115176670253 17.8696096497588 17.9119235631078 18.1464430489577 17.5002593891695 19.6102175768465 20.5547501849942 -9999 -9999 -9999 -9999 -9999 -9999 -9999 -9999 -9999 -9999 -9999 -9999 -9999 -9999 -9999 -9999 -9999 -9999 -9999 -9999 -9999 -9999 -9999 -9999 -9999 -9999 -9999 -9999 -9999 -9999
14.2808160497807 14.3095034486614 14.3776360210031 14.3934140903875 15.1486098659225 16.3412884743884 16.4689473994076 15.089800698217 15.2361064325087 14.8796655014157 16.5571611509658 17.0089876833372 16.643223347608 16.6503951973282 15.8378246240318 15.3773918719962 17.1904354812577 17.3353068456054 17.4988250192255 17.6207464644685 17.1244544638321 19.1325723854825 17.6623431928456 18.6197851304896 18.8657795758918 18.7323831710964 18.1127353552729 19.3871730505489 19.5384990796447 19.7307046521455 20.3711508321576 20.6379436417483 23.8410511012189 -9999 -9999 -9999 -9999 -9999 -9999 -9999 -9999 -9999 -9999 -9999 -9999 -9999 -9999 -9999 -9999 -9999 -9999 -9999 -9999 -9999 -9999 -9999 -9999 -9999 -9999 -9999 -9999 -9999
14.3460798822343 14.41206089966 14.6186101716012 14.8868373511359 14.7534409463406 15.9597460692748 15.5050507970154 15.4770805831067 16.605212544091 16.7013153303415 17.1144138742238 17.1545762326568 16.961653475184 16.9394207410514 17.8029114473611 17.7347788750194 17.3295693658292 17.4600970307365 17.917661042884 17.1517074927688 18.9210028187372 18.6054414310493 18.9238715586253 18.0288247135468 18.4584185117856 18.1686757830903 18.035996563267 19.4086885997094 19.432355703786 19.5198522703722 20.150257860776 20.5698110694066 13.703179089709 -9999 -9999 -9999 -9999 -9999 -9999 -9999 -9999 -9999 -9999 -9999 -9999 -9999 -9999 -9999 -9999 -9999 -9999 -9999 -9999 -9999 -9999 -9999 -9999 -9999 -9999 -9999 -9999 -9999
