EcologicalScience/Bass/data/rs_data_bass/sst_245.asc
NCOLS 226 
NROWS 124 
XLLCORNER -9.41648524995501 
YLLCORNER 47.587301625531 
CELLSIZE 0.0833 
NODATA_value -9999 
[rows 0 to 26 of 124, columns 0 to 61 of 226]
-9999.000000000000000 -9999 -9999 -9999 -9999 -9999 -9999 -9999 -9999 -9999 -9999 -9999 -9999 -9999 -9999 -9999 -9999 -9999 -9999 -9999 -9999 -9999 -9999 -9999 -9999 -9999 -9999 -9999 -9999 -9999 -9999 -9999 -9999 -9999 -9999 -9999 -9999 -9999 -9999 -9999 -9999 -9999 -9999 -9999 -9999 -9999 -9999 -9999 -9999 -9999 -9999 -9999 -9999 -9999 -9999 -9999 -9999 -9999 -9999 -9999 -9999 -9999
-9999 -9999 -9999 -9999 -9999 -9999 -9999 -9999 -9999 -9999 -9999 -9999 -9999 -9999 -9999 -9999 -9999 -9999 -9999 -9999 -9999 -9999 -9999 -9999 -9999 -9999 -9999 -9999 -9999 -9999 -9999 -9999 -9999 -9999 -9999 -9999 -9999 -9999 -9999 -9999 -9999 -9999 -9999 -9999 -9999 -9999 -9999 -9999 -9999 -9999 -9999 -9999 -9999 -9999 -9999 -9999 -9999 -9999 -9999 -9999 -9999 -9999
-9999 -9999 -9999 -9999 -9999 -9999 -9999 -9999 -9999 -9999 -9999 -9999 -9999 -9999 -9999 -9999 -9999 -9999 -9999 -9999 -9999 -9999 -9999 -9999 -9999 -9999 -9999 -9999 -9999 -9999 -9999 -9999 -9999 -9999 -9999 -9999 -9999 -9999 -9999 -9999 -9999 -9999 -9999 -9999 -9999 -9999 -9999 -9999 -9999 -9999 -9999 -9999 -9999 -9999 -9999 -9999 -9999 -9999 -9999 -9999 -9999 -9999
-9999 -9999 -9999 -9999 -9999 -9999 -9999 -9999 -9999 -9999 -9999 -9999 -9999 -9999 -9999 -9999 -9999 -9999 -9999 -9999 -9999 -9999 -9999 -9999 -9999 -9999 -9999 -9999 -9999 -9999 -9999 -9999 -9999 -9999 -9999 -9999 -9999 -9999 -9999 -9999 -9999 -9999 -9999 -9999 -9999 -9999 -9999 -9999 -9999 -9999 -9999 -9999 -9999 -9999 -9999 -9999 -9999 -9999 -9999 -9999 -9999 -9999
-9999 -9999 -9999 -9999 -9999 -9999 -9999 -9999 -9999 -9999 -9999 -9999 -9999 -9999 -9999 -9999 -9999 -9999 -9999 -9999 -9999 -9999 -9999 -9999 -9999 -9999 -9999 -9999 -9999 -9999 -9999 -9999 -9999 -9999 -9999 -9999 -9999 -9999 -9999 -9999 -9999 -9999 -9999 -9999 -9999 -9999 -9999 -9999 -9999 -9999 -9999 -9999 -9999 -9999 -9999 -9999 -9999 -9999 -9999 -9999 -9999 -9999
-9999 -9999 -9999 -9999 -9999 9.94077119161375 10.6599881877191 9.33510848274454 9.53520308993757 9.63811913342215 9.7474898416549 9.67828149185516 9.23900569649413 9.64062928082421 9.59568568924442 8.19478437723592 8.24427014030516 8.35973692080006 8.30021056812257 8.3253120421432 8.53401286900043 8.69466230273247 8.92882319609635 8.41908397723455 12.1539002121733 12.0574551749429 7.81356470535975 8.84216334531084 8.98344878479838 9.16680907597765 8.98823001794517 11.0453226053284 11.6433759448119 12.2931931535204 12.3249997245148 7.53323964957754 10.2400195604709 12.2299997266382 12.0849997298792 10.8930424569595 9.89652087884024 8.86419379650257 12.8617119001491 13.0249997088686 -9999 -9999 -9999 -9999 -9999 -9999 -9999 -9999 -9999 -9999 -9999 -9999 -9999 -9999 -9999 -9999 -9999 -9999
-9999 -9999 -9999 -9999 -9999 9.69513533869758 10.5557573051192 9.64851831551641 9.56317330384627 9.62341684149578 9.67935726931319 9.68760489649139 9.68473615660332 9.42726675164886 9.1579637946561 9.44985807826743 8.69788963510655 8.40993986884132 8.38698994973674 8.39631335437298 8.45153659721836 8.38268683990464 9.31287574861199 8.4886867787689 13.0567078645999 10.6776135517284 8.91579433577135 8.94519891962409 9.03317360952497 9.0582750835456 9.13692636881024 8.89507565880194 9.10923912584287 12.8002623818174 13.5076529033678 10.8578558836041 12.0099997315556 12.0049997316673 11.3336191140406 11.4538970103895 12.3885736269426 8.59879857813939 12.4840115573856 12.6502308172639 12.4001940565649 11.8696941555207 11.9449997330084 -9999 -9999 -9999 -9999 -9999 -9999 -9999 -9999 -9999 -9999 -9999 -9999 -9999 -9999 -9999
-9999 -9999 -9999 -9999 -9999 9.51225317083299 9.64708394557238 9.50436413614079 10.016673267819 10.0484684682451 9.63417461607605 9.65820031263866 9.95212662033737 9.67959633097053 8.85029144166037 9.12497328594327 8.52038635453209 8.48237555101514 8.42643512319773 8.34395885141566 8.23996703047305 8.71008177963085 8.89403972495347 9.48643451184034 12.1806116001962 11.5879833541591 9.11851862119511 9.0582750835456 9.22274950379506 9.18904181011021 8.53401286900043 8.79255805141293 9.32482883147895 8.80295723350719 10.8815247866397 13.3691814103494 12.7703867521333 12.3099997248501 12.0549997305498 8.9115379988722 11.0215390617377 6.51406139531173 9.01739554014057 10.4342183585279 12.4797037905082 12.6899997163564 -9999 -9999 -9999 -9999 -9999 -9999 -9999 -9999 -9999 -9999 -9999 -9999 -9999 -9999 -9999 -9999
-9999 -9999 -9999 -9999 -9999 10.230155327823 9.59544662758708 9.70159000344574 9.64887690800242 9.63058869121596 9.1701559391804 9.01524398522452 10.0059154932387 9.5724967084825 8.57489241240546 8.46229437179863 8.3733634352684 8.35471662599593 8.28514968371019 8.44723348738626 8.31311989761889 8.26004820968956 8.87575150816701 12.6156635310648 9.76592302136123 7.55505538219586 9.42045349441469 8.58744314941578 9.10369679844007 9.39511295873672 9.09724213369191 8.8990600197576 9.24713379284367 10.4847559928894 8.7757042045705 10.027096356079 13.2895917116839 9.93578799258404 11.6276470719318 13.0460354235256 9.62258532268764 12.7182088057481 9.19854710948572 13.0099997092038 11.9653028693283 11.9504589514807 9.33499979134649 -9999 -9999 -9999 -9999 -9999 -9999 -9999 -9999 -9999 -9999 -9999 -9999 -9999 -9999 -9999
-9999 -9999 -9999 -9999 -9999 9.64170505828224 10.0891089499928 10.0752433738671 9.47531814477406 9.72884303238243 9.03102205460891 8.92272712383419 8.88758506020531 8.80510878842324 9.20709096523933 9.40180668514222 8.29805901320651 8.41424297867343 8.23566392064095 8.25072480505332 8.24068421544507 8.25717946980149 8.93850519321859 8.73898433400318 9.3369340444915 8.62366099050269 8.74594102823175 9.23996194312349 9.15318256150931 9.27319151349366 9.04488763073459 8.49169895565137 9.24785097781569 8.80726034333929 8.83021026244387 10.0451216050424 8.71366770449094 9.49767040973529 8.69502089521848 9.6521042403765 11.9008500853971 13.2631503286718 10.303719694543 13.1120218741708 13.1633983976208 12.859942454969 12.0949997296557 -9999 -9999 -9999 -9999 -9999 -9999 -9999 -9999 -9999 -9999 -9999 -9999 -9999 -9999 -9999
-9999 -9999 -9999 -9999 -9999 10.2896816805005 9.64529098314233 9.45344400312752 9.67433697450906 9.37025054637343 9.35016936715692 9.75394450640306 8.6401562448591 8.31527145253494 9.47495955228806 9.37670521112159 9.24737285450101 8.39774772431701 8.27224035421386 8.2937559033744 8.31383708259091 8.65449994429946 8.8671452885028 8.71373942298815 9.04479200607166 8.62617113790475 8.71402629697695 8.73446606867947 9.38985360227525 9.54285306297243 8.98942532623187 9.09030934562907 9.47830641549081 9.15437786979601 8.84383677691221 8.42950877307781 8.9561957558617 9.19195836232975 8.6562929067295 8.2894527935423 10.3304177869111 9.92477796673775 11.0613727103919 13.0809431795642 13.390919896774 12.039999730885 -9999 -9999 -9999 -9999 -9999 -9999 -9999 -9999 -9999 -9999 -9999 -9999 -9999 -9999 -9999 -9999
-9999 -9999 -9999 -9999 -9999 9.8511230701115 10.3449049233459 10.3750266921706 10.34992521815 9.79840997466817 9.15581223974004 8.81371500808746 8.54979093838483 8.32029174733907 9.6083559570834 9.36618649819866 9.2801243015565 7.19502852624282 8.27008879929781 8.33391826180741 8.22849207092077 9.08098594099283 9.04026577202603 11.4234521991959 8.84527114685625 8.65844446164556 8.83164463238791 8.93742941576056 9.04966886388138 9.00018310081214 9.61504968348891 9.43288470059633 9.47687204554677 9.12174595356919 9.05970945348963 9.11349832639098 9.33807076849853 11.4754110138928 10.207157596387 9.66549169318751 9.73343301620334 10.1124818243373 12.0191015220247 13.3637605908734 13.0635412567062 13.7514332887687 12.2549997260794 -9999 -9999 -9999 -9999 -9999 -9999 -9999 -9999 -9999 -9999 -9999 -9999 -9999 -9999 -9999
-9999 -9999 -9999 -9999 -9999 10.4395733396523 10.3951078713872 10.5263527212664 10.390087576583 9.89379557594657 9.84502699784935 9.63811913342215 9.71091340808198 9.15055288327858 9.24474317627028 9.11278114141896 9.21175266755745 8.81586656300351 8.82770011504181 8.73948636348359 8.2299264408648 8.71474348194897 8.91483808914199 9.07477033790201 8.93025756604038 8.83272040984593 8.91770682903007 8.83451337227598 9.11995299113914 8.90479749953374 9.2497634710744 9.08588670496829 9.22215184965171 9.11278114141896 9.05325478874147 9.14577165013179 9.43216751562431 9.55087082317242 10.1479659300298 8.45655689202249 8.69944353587925 7.11111788451672 9.02431125237074 10.3582240728262 10.6462662535007 12.1299997288734 -9999 -9999 -9999 -9999 -9999 -9999 -9999 -9999 -9999 -9999 -9999 -9999 -9999 -9999 -9999 -9999
-9999 -9999 -9999 -9999 -9999 10.5227667964064 10.230155327823 10.1362040964887 10.1455275011249 10.2947019753046 10.2409131024033 10.1448103161529 9.97985777258873 9.08744060574099 8.74235510337166 8.64732809457928 9.15318256150931 8.80905330576934 8.90360219124705 8.62031412729993 9.16495634813327 8.77450889628381 8.20661792927422 8.89188817003742 9.04715871647932 9.01380961528048 9.68509474908933 8.95141452271491 9.67505415948108 9.3652302515693 9.1421857252717 8.89475690992549 9.11529128882103 9.51512191072106 9.14039276284166 8.98297066148371 8.21952725877054 9.12832014914602 8.53341521485709 9.7183243194595 9.61218094360083 9.94813087549327 13.1878485644556 13.4681517660698 11.8749997345731 -9999 -9999 -9999 -9999 -9999 -9999 -9999 -9999 -9999 -9999 -9999 -9999 -9999 -9999 -9999 -9999 -9999
-9999 -9999 -9999 -9999 -9999 10.4847559928894 10.3678548424505 10.1440931311809 9.96479688817635 9.98344369744882 9.13573106052354 10.1297494317405 8.81586656300351 9.40467542503029 8.65485853678547 8.50138095277362 8.16466260841116 8.71761222183704 8.65306557435542 8.18868830497377 8.15856653614901 8.51608324469998 8.52899257419631 9.62485121143982 8.78574479417875 8.82518996763974 9.10489210672677 8.98332925396971 8.9628894822672 8.98404643894173 8.96432385221124 9.01775413262658 9.18342386116274 9.1461302426178 9.15222631487995 9.09234136971645 8.89368113246746 8.57302773147821 11.9316006088629 11.1066084884418 12.6322314374359 12.0486525311426 13.1241898097707 12.3975693863452 13.1957537454493 11.8838509331785 -9999 -9999 -9999 -9999 -9999 -9999 -9999 -9999 -9999 -9999 -9999 -9999 -9999 -9999 -9999 -9999
-9999 -9999 -9999 -9999 -9999 9.86654254700989 10.3714407673106 10.3635517326184 10.3047425649129 9.85363321751356 9.67146823462099 8.92021697643213 9.02145958831534 8.47807244118303 8.89714752649888 8.52002776204608 8.75275428546593 8.76470736833289 8.69968259753659 7.81252478715032 8.33893855661154 9.27486494509503 8.46444592671469 8.66203038650565 8.65378275932744 8.84706410928629 8.96073792735115 9.05361338122748 9.01345102279447 9.38746298570186 8.85495314397849 8.90013579721563 9.11636706627905 9.86654254700989 11.1314342630032 9.08098594099283 8.99707529926673 9.18019652878866 8.44343240703456 9.35890598408878 10.8964998540469 11.619830914773 12.3682668404654 -9999 -9999 -9999 -9999 13.2249997043982 13.2249997043982 -9999 -9999 -9999 -9999 -9999 -9999 -9999 -9999 -9999 -9999 -9999 -9999 -9999
-9999 -9999 -9999 -9999 -9999 9.711630593054 10.3449049233459 10.3025910099968 9.9031189805828 9.08481092751026 9.71019622310996 9.56532485876232 8.79614397627302 8.73733480856754 8.81801811791956 8.76040425850078 8.7611214434728 9.68509474908933 8.5605487129651 8.62150943558663 9.84000670304522 8.85244299657643 8.48990599322133 8.9616941739805 8.4726935538929 8.96898555452935 8.89260535500944 8.6641819414217 8.82088685780764 8.97508162679151 9.81490522902459 9.52982420264743 8.70183415245265 9.22251044213772 9.10537023004144 9.10369679844007 9.56086237449199 11.0928051965793 12.1687511312484 -9999 -9999 -9999 -9999 -9999 -9999 -9999 -9999 -9999 -9999 -9999 -9999 -9999 -9999 -9999 -9999 -9999 -9999 -9999 -9999 -9999 -9999 -9999
-9999 -9999 -9999 -9999 -9999 10.3527939580381 10.0723746339791 9.76577805844136 9.5603045639582 9.44985807826743 9.14720602007583 8.89475690992549 8.8513672191184 8.95523950923234 9.60477003222331 9.75035858154297 8.57345804246143 8.54261908866465 8.85280158906244 8.78144168434665 8.82638527592644 8.94089580979198 9.05731883691624 9.23470258666202 8.58206426212564 9.53018279513344 8.75383006292395 8.71044037211686 8.67260886484291 9.33044678042643 9.27821180829778 9.04847355559468 9.20219020126387 9.13597012218088 9.0929390238598 9.18497776193544 8.76193425310776 9.32300598634174 11.3778719553509 12.4143366339616 11.6199997402728 -9999 -9999 -9999 -9999 -9999 -9999 -9999 -9999 -9999 -9999 -9999 -9999 -9999 -9999 -9999 -9999 -9999 -9999 -9999 -9999 -9999
-9999 -9999 -9999 -9999 -9999 10.2401959174313 10.2452162122354 10.1197088421322 10.0221716859378 10.0652027842589 9.41579179209657 9.0385524968151 8.96324807475321 8.67529830848798 8.875392915681 8.49600206548348 8.52325509442016 8.59569077659398 8.69717245013453 8.81909389537759 8.96241135895252 8.9057537461631 9.76470228098333 8.60644855117425 8.88901943014935 8.82770011504181 8.97257147938944 8.7674565773923 9.06353444000706 8.64159061480314 8.47663807123899 8.63011565525085 9.14314197190106 9.0783562627621 9.20123395463452 9.19310585828498 8.94754172386602 8.21629992639646 11.5507401664709 9.77751469359154 12.0443119454564 -9999 13.5703942091655 10.4739923275796 9.58533054482388 12.2799997255206 -9999 -9999 -9999 -9999 -9999 -9999 -9999 -9999 -9999 -9999 -9999 -9999 -9999 -9999 -9999 -9999
-9999 -9999 -9999 -9999 -9999 9.94615007890388 10.2782067209482 9.92320015979931 10.2150944434106 10.108951067552 9.9748374777846 9.15043335244991 9.37025054637343 8.79650256875902 8.58636737195775 8.88184758042917 8.35901973582804 8.94495985796675 8.94388408050872 8.90838342439383 9.15629036305472 9.32052572164685 9.08767966739833 9.17051453166641 8.90730764693581 8.96396525972523 8.95392467011698 9.31168044032529 8.40850549889728 9.14601071178913 8.35650958842598 8.47233496140689 8.73805199353956 9.15939816460013 9.10895615490153 8.68438265146688 8.16586747916415 5.91020599257201 8.65521712927148 8.4183070268482 9.22519988578279 8.58385722455569 9.07297737547196 7.11642505330965 9.28574928172919 9.74543391140178 13.2649997035041 -9999 -9999 -9999 -9999 -9999 -9999 -9999 -9999 -9999 -9999 -9999 -9999 -9999 -9999 -9999
-9999 -9999 -9999 -9999 -9999 10.1376384664327 10.0788292987272 10.1297494317405 10.1476790560409 10.031495090574 9.55492567666806 9.09341714717448 8.9349192683585 8.51464887475595 8.98727377131581 8.95786918746307 9.10034993523732 9.25908687571064 9.07620470784605 9.07907344773412 9.15975675708614 9.46539708599448 9.5366374598816 9.80892868759111 8.39846490928903 8.8513672191184 8.97113710944541 9.42810346744955 9.58923102449626 9.16178878117353 9.13142795069143 8.02337716892362 8.01118502439931 7.94878993183374 8.55767997307703 9.13118888903409 9.07453127624467 8.57489241240546 8.49241614062339 8.44221319258213 8.65342416684143 8.57991270720959 8.12665180489421 8.74038284469862 9.51888713182416 9.25700887822761 -9999 -9999 -9999 -9999 -9999 -9999 -9999 -9999 -9999 -9999 -9999 -9999 -9999 -9999 -9999 -9999
-9999 -9999 -9999 -9999 -9999 9.95642973016948 9.50615709857084 10.1297494317405 10.2401959174313 9.90025024069473 9.3853114307858 9.56532485876232 9.10955380904488 9.12353891599923 9.36355681996793 9.18665119353682 9.26147749228403 9.30642108386382 9.23613695660606 8.79184086644091 9.21713155484758 9.53424684330821 9.57703887997195 8.18976408243179 8.9191411989741 10.0350810154341 9.5086672459729 9.88949246611446 9.12425610097125 8.90838342439383 9.80486463941634 7.98966947523877 7.96887111105025 7.98823510529473 7.85196996061131 7.75514998938888 7.59952085046098 7.61027862504125 9.19477928988636 8.67637408594601 8.65019683446735 8.60931729106233 8.62581254541874 8.95822777994908 9.33427176694386 9.38720986159409 12.7924420773517 -9999 -9999 8.81832548290757 -9999 -9999 -9999 -9999 10.9150669761002 -9999 -9999 -9999 -9999 -9999 -9999 -9999
-9999 -9999 -9999 -9999 -9999 9.90813927538693 9.93945635249838 10.0974761079997 9.76900539081544 9.82159895543009 9.71904150443152 9.62317777983844 9.6611885833554 9.51870783558115 9.49551885481924 9.40993478149176 9.37598802614957 9.32972959545441 9.41065196646377 9.2974562717136 9.61696217674762 9.51297035580501 9.66644793981686 8.48811303079128 10.3298440389335 8.85818047635257 9.76924445247278 9.42021443275735 10.0752433738671 9.94471570895985 9.01237524533644 8.91029591765255 7.58374278107658 7.70781578123569 7.78670612815768 7.86989958491176 8.14027831936255 9.67170729627833 9.39176609553397 8.6839045281522 9.36427400493994 8.86509153153747 8.64972504716495 9.38280128338374 9.50944419635925 9.77241820206159 11.2048097047955 8.69806893134955 8.9868434603326 9.06788536217064 -9999 -9999 -9999 9.82895891924129 9.71054501798706 -9999 -9999 -9999 -9999 -9999 -9999 -9999
-9999 -9999 -9999 -9999 -9999 10.2846613856964 10.3850672817789 9.77761161047965 9.98535619070753 9.85698008071631 9.43156986148097 9.44734793086536 10.0372325703502 10.0953245530836 9.62054810160771 9.03783531184308 9.46157209947705 9.49575791647658 9.59867395996116 9.58325448306277 9.512611763319 9.44842370832339 9.35124514461495 9.33582566771656 10.0824152235873 8.98476362391375 9.50006102630869 8.98583940137178 9.59472944261506 8.52612383430824 8.28192235133611 8.41209142375737 7.70996733615175 8.79506819881499 7.72574540553614 7.82471693167463 8.30182423430961 8.43755149026401 8.58106020316482 8.4649838154437 8.72095908503979 7.70626188046299 8.65293517708778 9.41321334136384 9.53112410040922 10.1152734854259 8.41999981179833 9.88590654125437 10.3166956477799 10.0579250834582 8.01557729776848 8.25534941159703 -9999 8.31838538386644 9.64679707158357 -9999 -9999 -9999 -9999 -9999 -9999 -9999
-9999 -9999 -9999 -9999 -9999 10.4847559928894 10.1383556514047 9.92463452974334 10.4453108194284 9.90048930235207 9.52157657546923 9.76398509601131 9.87801750656217 9.56102174893022 10.1347697265446 10.1247291369364 9.54811241943389 9.54524367954582 10.03006072063 9.68150882422924 10.1046479577199 9.34622484981082 10.7450941377319 9.09090699977241 9.22860651439987 9.41758475452662 8.5605487129651 8.35782442754135 8.17828912287951 8.24737794185057 7.98178044054657 7.09964292496443 7.07525863591582 8.2855082761962 8.28407390625216 7.74008910497651 8.33905808744021 10.7724575028182 9.41589971799042 5.17357096411288 11.7580513456351 12.2426115453596 11.981425404828 8.82279935106635 8.34912258321419 8.04172515112441 7.90999982319772 8.87501293058187 10.3991445982297 11.3182697359729 9.18760744016618 9.32759160890269 12.4375955036197 8.959223870188 11.1304076898761 -9999 -9999 -9999 -9999 -9999 -9999 -9999
-9999 -9999 -9999 -9999 -9999 10.1271197535098 9.95953753171489 10.4460280044004 9.94901881879196 10.0644855992869 9.79912715964019 9.83665983984247 9.83426922326908 9.72453992255032 9.63130587618798 10.2251350330189 9.41543319961056 9.39965513022617 9.07477033790201 10.5034028021619 10.0659199692309 9.25693532079458 7.24523147428408 9.22609636699781 8.98153629153967 8.89798424229957 8.62330239801668 8.61075166100636 8.04309975565411 8.14494002168067 8.10370188578963 8.07178715453483 8.48022399609908 8.46277249511331 7.5048524341546 12.1856861459846 8.95989735571728 9.07232860928805 7.8349998248741 9.7244736608953 9.25119784101844 8.50162001443096 8.96422139721524 9.24569942289963 8.25746634379029 8.24631488043815 8.57608772069216 8.57999980822206 10.2509536920115 9.88036987327039 9.81535818795428 16.6354367679118 8.83602742943913 15.8238395170774 12.9996081283689 -9999 -9999 -9999 -9999 -9999 -9999 -9999
-9999 -9999 -9999 -9999 -9999 10.2794020292349 10.4732810333371 10.4488967442885 9.77653583302163 9.83020517509431 9.64529098314233 10.1548509057611 10.3449049233459 10.2351756226271 9.80020293709822 9.58002715068869 8.71617785189301 9.60333566227928 9.85148166259751 9.18665119353682 8.78502760920674 9.19920193054713 9.3810083209537 8.97006133198738 8.11015655053779 8.1302377297543 7.99755850993097 7.66908779274672 7.62677387939766 7.53999449778348 7.67482527252287 8.50006611365825 8.34575181384571 8.25694040814415 8.26713041128824 6.63126991073867 6.69176958587819 9.54882960440591 -9999 11.4667958491482 8.84983505122364 8.84135922882706 8.67303641742239 8.54819106421648 8.41926327347755 9.87115942526725 -9999 9.16806958289817 9.71867879019279 9.81332742208615 7.82184819178656 9.652014592255 9.23860726039857 8.97484256513417 13.7549996925518 -9999 -9999 -9999 -9999 -9999 -9999 -9999
