EcologicalScience/Bass/data/rs_data_bass/sst_153.asc
NCOLS 226 
NROWS 124 
XLLCORNER -9.41648524995501 
YLLCORNER 47.587301625531 
CELLSIZE 0.0833 
NODATA_value -9999 
[rows 27 to 53 of 124, columns 62 to 123 of 226]
-9999 -9999 -9999 -9999 -9999 -9999 -9999 -9999 -9999 -9999 -9999 -9999 -9999 -9999 -9999 -9999 -9999 -9999 -9999 -9999 -9999 -9999 -9999 -9999 -9999 -9999 -9999 -9999 12.5299997199327 9.8661878540297 8.76980122057005 8.65521712927148 9.30570389889181 9.67505415948108 8.87754447059706 8.84598833182827 9.71736807283014 9.25191502599046 9.49934384133667 10.0357982004061 10.1046479577199 10.1225775820203 8.48165836604312 8.70542007731274 8.56341745285317 8.80941189825535 8.82662433758378 8.437192897778 9.4964751014486 8.64661090960726 9.13357950560749 9.23613695660606 9.41471601463854 9.40324105508626 9.46348459273577 9.65784172015265 8.56485182279721 8.84168522199616 9.16872156923637 9.57393107842654 9.86510817706585 9.53448590496555
-9999 -9999 -9999 -9999 -9999 -9999 -9999 -9999 -9999 -9999 -9999 -9999 -9999 -9999 -9999 -9999 -9999 -9999 -9999 -9999 -9999 -9999 -9999 -9999 -9999 -9999 -9999 -9999 -9999 -9999 9.78499978128821 7.61027862504125 9.751792951487 9.72740866243839 9.7675710208714 9.75251013645902 9.86152225220576 9.86654254700989 9.91961423493922 9.70230718841776 10.0673543391749 9.82924892846495 8.28514968371019 8.39918209426105 9.3810083209537 8.20267341192812 8.47592088626698 8.78000731440261 9.56962796859443 9.62126528657973 9.43766593374312 8.93635363830253 8.79793693870306 9.04536575404927 8.97938473662362 8.90264594461769 8.83738211216405 9.29136019945145 9.59759818250313 8.78287605429068 9.87156284181401 9.69370096875355
-9999 -9999 -9999 -9999 -9999 -9999 -9999 -9999 -9999 -9999 -9999 -9999 -9999 -9999 -9999 -9999 -9999 -9999 -9999 -9999 -9999 -9999 -9999 -9999 -9999 -9999 -9999 -9999 -9999 -9999 -9999 12.1449997285381 9.66501356987283 9.7675710208714 9.84933010768145 9.88662372622639 9.50723287602887 9.95188755868003 9.98774680728093 10.028626350686 9.57608263334259 9.6678823097609 8.49600206548348 9.26410717051476 8.60931729106233 9.09556870209053 9.29996641911566 9.70015563350171 9.80629900936037 8.88113039545715 9.51225317083299 9.56962796859443 8.76064332015812 9.51727346563712 9.63058869121596 9.38172550592571 8.84168522199616 9.18736837850884 9.24474317627028 9.57106233853847 8.65234838938341 9.31144137866795
-9999 -9999 -9999 -9999 -9999 -9999 -9999 -9999 -9999 -9999 -9999 -9999 -9999 -9999 -9999 -9999 -9999 -9999 -9999 -9999 -9999 -9999 -9999 -9999 -9999 -9999 -9999 -9999 -9999 -9999 -9999 11.8111398630217 5.7599413972348 9.88734091119841 9.89307839097455 9.85578477242962 9.86654254700989 9.96909999800846 9.4606158528477 10.0365153853782 8.99014251120389 9.59042633278295 9.13286232063547 9.31287574861199 9.94399852398783 9.65353861032054 9.67935726931319 9.6599932750687 8.94352548802271 9.33654285268858 9.73601488210261 9.47711110720411 9.7159337028861 9.66429638490081 9.20816674269736 8.93850519321859 9.14864039001986 8.88256476540118 8.90910060936585 8.86822106596082 9.3214819682762 9.46348459273577
-9999 -9999 -9999 -9999 -9999 -9999 -9999 -9999 -9999 -9999 -9999 -9999 -9999 -9999 -9999 -9999 -9999 -9999 -9999 -9999 -9999 -9999 -9999 -9999 -9999 -9999 -9999 -9999 -9999 -9999 -9999 12.5749997189268 6.9472923459086 9.89307839097455 9.92391734477133 9.88590654125437 9.85435040248558 9.9626453332603 9.78980375500396 10.0738090039231 9.29996641911566 9.42690815916285 9.46348459273577 9.50651569105685 9.65640735020861 9.62987150624394 9.61983091663569 9.57895137323067 9.69083222886547 9.81705678394064 9.71091340808198 9.46635333262384 9.61911373166367 9.19884333806112 9.64564957562834 9.03102205460891 8.52755820425227 10.1570024606772 9.93395793437958 9.11851862119511 9.04966886388138 10.2100741486065
-9999 -9999 -9999 -9999 -9999 -9999 -9999 -9999 -9999 -9999 -9999 -9999 -9999 -9999 -9999 -9999 -9999 -9999 -9999 -9999 -9999 -9999 -9999 -9999 -9999 -9999 -9999 -9999 -9999 -9999 -9999 -9999 10.724038541347 9.8392895180732 9.78621783014387 9.75753043126315 9.58612322295085 9.5323343500495 8.85244299657643 9.72525710752234 8.92057556891814 9.39391765045002 9.44770652335137 9.59257788769901 9.68150882422924 9.54309212462977 9.50938443094492 9.88375498633832 9.93539230432361 9.77259131567553 9.552415529266 9.08552811248228 9.114215511363 9.65138705540448 9.81060211919248 9.35016936715692 10.1448103161529 10.307611304801 9.14720602007583 9.18019652878866 9.3652302515693 9.27414776012301
-9999 -9999 -9999 -9999 -9999 -9999 -9999 -9999 -9999 -9999 -9999 -9999 -9999 -9999 -9999 -9999 -9999 -9999 -9999 -9999 -9999 -9999 -9999 -9999 -9999 -9999 -9999 -9999 -9999 -9999 -9999 -9999 8.61711159570078 8.74105865361456 9.84215825796127 9.91602831007913 9.91817986499518 10.0788292987272 9.59544662758708 9.63130587618798 9.28705708961934 9.39750357531011 9.19238867331296 9.34084596252069 9.33510848274454 9.64923550048843 9.79195530992001 9.58325448306277 9.88518935628235 9.68509474908933 9.57106233853847 9.9626453332603 9.46778770256788 9.4964751014486 8.92559586372226 8.8474227017723 10.1950132641941 10.2401959174313 9.74103517690673 9.4649189626798 9.17876215884462 9.6016622306779
-9999 -9999 -9999 -9999 -9999 -9999 -9999 -9999 -9999 -9999 -9999 -9999 -9999 -9999 -9999 -9999 -9999 -9999 -9999 -9999 -9999 -9999 -9999 -9999 -9999 -9999 -9999 -9999 -9999 -9999 -9999 -9999 -9999 8.57060600639157 10.0257576107979 9.82351144868881 9.85865351231769 9.6442152056843 9.54237493965775 9.32865381799638 9.42260504933074 9.47926266212016 9.51440472574905 9.18091371376067 9.27629931503907 9.53520308993757 9.71880244277418 9.86080506723374 9.76613665092736 9.85865351231769 9.14792320504785 8.86176640121266 9.23541977163404 8.79793693870306 9.05253760376945 9.32506789313629 9.45416118809953 9.69513533869758 9.5937731959857 9.12353891599923 9.23972288146615 9.39535202039406
-9999 -9999 -9999 -9999 -9999 -9999 -9999 11.3997736810348 11.0582649088465 9.06329537834972 11.2769585129805 8.83185489891964 11.2388941914128 8.40796044389767 8.41999981179833 -9999 -9999 -9999 -9999 -9999 -9999 -9999 -9999 -9999 -9999 -9999 -9999 -9999 -9999 -9999 -9999 -9999 -9999 -9999 9.41399882966653 9.48213140200824 9.26697591040283 9.89307839097455 9.72956021735445 9.75896480120718 9.84430981287733 9.70230718841776 9.64564957562834 9.66573075484484 9.62628558138385 9.65497298026457 9.58182011311874 9.68079163925722 9.51942502055317 9.27701650001109 8.95069733774289 9.20673237275332 9.35160373710096 9.70947903813794 8.36619158554822 9.13573106052354 9.45631274301559 10.0401013102382 9.43838311871514 9.23972288146615 10.0802636686713 9.42977689905092
-9999 -9999 -9999 -9999 8.60806637099013 11.8976006169936 10.3999232561993 11.4765203541943 11.2349314736202 9.00843072799034 11.9955694174723 16.7821568338666 19.9649995537475 -9999 -9999 -9999 -9999 -9999 -9999 -9999 -9999 -9999 -9999 -9999 -9999 -9999 -9999 -9999 -9999 -9999 -9999 -9999 -9999 -9999 10.0802636686713 9.38387706084177 9.58110292814672 9.79482404980808 9.831400483381 9.97268592286855 9.87945187650621 9.81418804405257 9.74820702662691 9.63560898602009 9.88734091119841 9.70230718841776 9.63632617099211 9.43910030368716 9.45416118809953 9.32578507810831 9.24689473118633 8.60931729106233 8.52397227939218 9.01524398522452 8.88256476540118 8.28012938890606 9.78908657003194 9.82638018857688 9.74515899049584 8.80319629516453 9.8473578490084 9.76075776363723
11.145898082094 9.99993895180523 11.7259641177952 8.78115481035784 10.3865016517229 11.2736594621092 10.3386893202551 11.1151615832932 10.9364032290177 6.87848591202117 3.81499991472811 -9999 -9999 -9999 -9999 -9999 -9999 -9999 -9999 -9999 -9999 -9999 -9999 -9999 -9999 -9999 -9999 -9999 -9999 -9999 -9999 -9999 -9999 -9999 12.8399997130036 10.071657449007 9.39678639033809 9.89953305572271 9.74820702662691 9.78980375500396 9.89236120600253 9.75824761623517 9.82422863366082 9.65353861032054 9.74103517690673 9.77259131567553 10.0788292987272 9.80486463941634 9.04393138410524 8.97508162679151 8.81658374797553 8.72621844150126 8.69681385764852 9.01022369042039 9.51010161591694 9.19525741320103 9.28347116475925 10.0277298694709 9.90258109185379 9.83982740680221 9.86188084469177 9.74677265668288
11.7297891043127 10.9753105137497 11.2901547164656 10.8103579701856 10.6948911896907 9.36720251024235 10.2961363452487 10.5889868754894 10.6102633629926 12.8949997117743 -9999 -9999 -9999 -9999 -9999 -9999 -9999 -9999 -9999 -9999 -9999 -9999 -9999 -9999 -9999 -9999 -9999 -9999 -9999 -9999 -9999 -9999 -9999 -9999 -9999 10.1366075130354 9.3372600376606 9.57679981831461 9.68509474908933 9.69513533869758 9.7037415583618 9.89451276091859 9.72740866243839 9.63345743110403 9.56604204373434 9.67505415948108 8.95930355740711 9.2296822918579 8.95715200249106 8.77426983462647 8.85961484629661 8.42571793822572 8.31311989761889 8.93205052847043 9.7557374688331 9.72185047890525 9.45864359417465 9.73027740232646 8.83989225956611 9.86116365971975 9.82494581863284 9.06975004309788
10.666920975782 10.5399792357348 10.8433484788984 9.87012847186998 10.3445463308599 11.1302224677056 11.1646473463625 10.8189641898498 8.79171709924855 -9999 -9999 -9999 -9999 -9999 -9999 -9999 -9999 -9999 -9999 -9999 -9999 -9999 -9999 -9999 -9999 -9999 -9999 -9999 -9999 -9999 -9999 -9999 -9999 -9999 -9999 -9999 8.56317839119583 9.7876522000879 9.54524367954582 9.60333566227928 9.48284858698025 9.53950619976968 9.72812584741041 9.66716512478888 9.41615038458258 9.52946561016142 9.34084596252069 8.99946591584012 9.0145268002525 8.96145511232316 8.83379618730396 9.75466169137508 9.31144137866795 9.32865381799638 8.90892131312285 8.98422573518474 8.96599728381261 9.21844639396295 9.35542872361839 9.28114031360019 9.40252387011424 8.97316913353279
10.2932676053606 10.6052430681884 10.7034974093549 9.78358815191314 9.60309660062194 9.98965930053964 10.0680715241469 10.4259468251839 12.7897884929553 -9999 -9999 -9999 -9999 -9999 -9999 -9999 -9999 -9999 -9999 -9999 -9999 -9999 -9999 -9999 -9999 -9999 -9999 -9999 -9999 -9999 -9999 -9999 -9999 -9999 -9999 -9999 -9999 -9999 -9999 13.8599996902049 13.2363842732448 9.03376039722934 9.58612322295085 9.56675922870636 9.70230718841776 9.58182011311874 9.52731405524537 9.95332192862406 9.90025024069473 7.97986794728786 9.85363321751356 9.82781455852091 9.78478346019983 9.79769278969616 8.4876349074766 8.72263251664117 9.00018310081214 8.70900600217283 9.16226690448821 8.86033203126863 8.94567704293877 9.10489210672677
10.4976653223857 9.96909999800846 10.0365153853782 10.0092623564415 10.5202566490043 11.0850398144685 10.4531998541206 10.2624286515638 11.5963144166352 12.8599997125566 -9999 -9999 -9999 -9999 -9999 -9999 -9999 -9999 -9999 -9999 -9999 -9999 -9999 -9999 -9999 -9999 -9999 -9999 -9999 -9999 -9999 -9999 -9999 -9999 -9999 -9999 -9999 -9999 -9999 -9999 -9999 -9999 -9999 7.40571325438629 9.47997984709218 9.57608263334259 9.45129244821146 9.24044006643817 9.71234777802601 9.16011534957215 8.5617440212518 9.72095399769023 9.75466169137508 9.75251013645902 9.4649189626798 9.55026397434995 9.83498640824109 8.61696726409718 9.63776054093614 8.53210037574172 9.55026397434995 8.49480675719678
10.828287594486 10.4869075478055 10.7730643516406 10.5012512472458 9.9827265124768 10.589464998804 10.3927172548138 10.3274534223601 10.9150017774664 12.7947895044098 -9999 -9999 -9999 -9999 -9999 16.1899624452926 -9999 -9999 -9999 -9999 -9999 -9999 -9999 -9999 -9999 -9999 -9999 -9999 -9999 -9999 -9999 -9999 -9999 -9999 -9999 -9999 -9999 -9999 -9999 -9999 -9999 -9999 -9999 -9999 9.44897003754169 9.36020995676517 9.51870783558115 9.47495955228806 9.70947903813794 9.4247566042468 9.73529769713059 9.11493269633502 9.61983091663569 9.64995268546045 9.63274024613202 9.66501356987283 9.66501356987283 7.7850326965563 8.26506850449368 9.3451490723528 9.40467542503029 8.34467603638768
8.84025085205212 11.2975656278431 8.51966916956007 10.6353648370132 9.99240850959904 9.9492578804493 10.7759330915287 10.0733308806084 10.1319009866565 10.1403637693264 14.4199996776879 -9999 21.6399995163083 -9999 -9999 10.6899997610599 -9999 -9999 -9999 -9999 -9999 -9999 -9999 -9999 -9999 -9999 -9999 -9999 -9999 -9999 -9999 -9999 -9999 -9999 -9999 -9999 -9999 -9999 -9999 -9999 -9999 -9999 -9999 -9999 -9999 11.8862478223189 9.379813012667 9.05468915868551 9.64278083574027 9.47209081239998 8.93850519321859 9.0625781933777 8.34969633119181 7.9150822381489 7.53604998043738 9.6399120958522 9.70517592830583 8.14099550433457 8.08577226148918 9.4649189626798 8.08146915165707 8.19358906894922
10.5937681086361 10.2957777527627 11.6537674972787 10.9743542671204 10.8024689354934 10.9839167334139 11.1255607653875 11.9996897154488 11.6519745348487 9.12382578998804 9.51512191072106 10.9136326061562 9.50127356589827 -9999 -9999 -9999 21.4623663987261 12.8268479125574 -9999 -9999 -9999 -9999 -9999 -9999 -9999 -9999 -9999 -9999 -9999 -9999 -9999 -9999 -9999 -9999 -9999 -9999 -9999 -9999 -9999 -9999 -9999 -9999 -9999 -9999 -9999 8.8399998024106 13.1299997065216 10.417640686268 8.82805870752782 8.95715200249106 9.22251044213772 9.3092898237519 8.32244330225512 8.94782859785482 8.6602374240756 8.06067078746855 7.82041382184252 7.94257432874292 7.9497461784631 8.07160785829183 8.11302529042587 9.5603045639582
10.5328073860146 10.2918332354166 10.10823388258 12.2150842687115 12.2679168949835 11.236843966879 12.405616409611 11.7118594800122 12.1304564420134 10.6370382686146 10.4304889966734 11.3338378011249 19.539999563247 12.4115132638253 10.798643948976 12.2438672922552 11.3389232945628 18.7452925005928 -9999 -9999 -9999 -9999 -9999 -9999 -9999 -9999 -9999 -9999 -9999 -9999 -9999 -9999 -9999 -9999 -9999 -9999 -9999 -9999 -9999 -9999 -9999 -9999 -9999 -9999 -9999 -9999 -9999 -9999 7.62641528691165 8.76064332015812 8.50424969266169 9.09485151711851 9.12497328594327 8.29016997851431 8.74988554557785 7.99182103015482 8.07955665839836 8.03987242328003 8.09939877595752 8.06371882359963 8.15551850001793 9.00735495053232
10.0149998362176 10.0461973825004 10.1347697265446 11.1259193578735 10.3449049233459 11.4278542310931 11.238278336823 11.2083956296556 11.5497756763361 10.8630710656289 11.0850398144685 12.1220892840065 10.6770640203862 10.6663233216386 11.8348567027133 10.5389034582768 8.42801229441539 -9999 -9999 -9999 -9999 -9999 -9999 -9999 -9999 -9999 -9999 -9999 -9999 -9999 -9999 -9999 -9999 -9999 -9999 -9999 -9999 -9999 -9999 -9999 -9999 -9999 -9999 -9999 -9999 -9999 -9999 -9999 8.63334298762493 9.08983122231439 9.5445264945738 8.8911709850654 8.81873530289158 8.25502791488543 8.0147709492594 8.06712545221671 8.835230557248 8.74988554557785 8.12784711318091 8.09103161795065 8.22132022120059 8.16788994078524
10.1742149000056 10.1290322467685 10.0114139113575 9.91746268002316 9.90670490544289 10.148396241013 11.0764335948043 10.8679718296044 11.0728476699442 11.3317514448427 10.9898932748474 10.5466729621403 10.6626178659499 11.6946470406838 11.1816548756989 14.541429581391 9.33700019293915 -9999 -9999 -9999 -9999 -9999 -9999 -9999 -9999 -9999 -9999 -9999 -9999 -9999 -9999 -9999 -9999 -9999 -9999 -9999 -9999 -9999 -9999 -9999 -9999 -9999 -9999 -9999 -9999 -9999 -9999 -9999 9.10991240153089 8.96504103718325 9.61481062183157 9.63058869121596 9.55528426915407 8.397030539345 7.62605669442564 7.88191243319307 7.82782473322004 7.8075044923462 8.11589403031394 7.81945757521316 8.19621874717996 8.30379649298266
10.031495090574 10.0601824894547 10.111102622468 10.0149998362176 9.47567673726007 9.6040528472513 10.6590319410898 10.4646748136729 10.7759330915287 11.5634021908045 11.584200554993 11.7262031794526 11.8653370640241 12.0962706250139 12.2346873246133 6.69999985024333 -9999 -9999 -9999 -9999 -9999 -9999 -9999 -9999 -9999 -9999 -9999 -9999 -9999 -9999 -9999 -9999 -9999 -9999 -9999 -9999 -9999 -9999 -9999 -9999 -9999 -9999 -9999 -9999 -9999 -9999 -9999 -9999 14.7598669222789 8.69855559258056 8.93778800824657 9.64493239065632 6.82687357394025 8.01979124406353 7.57011626660824 7.39034190028906 7.7637562090531 9.41471601463854 7.52349924342707 9.67003386467695 8.26315601123497 7.27702667471021
10.0637684143148 10.1017792178318 10.0393841252662 9.8550675874576 9.30857263877988 10.7027802243829 10.7551347273402 10.7673268718645 9.70015563350171 10.9688558490016 11.8868526131846 11.7706686477177 11.8301950003952 12.4584490358829 11.6709247685324 -9999 -9999 -9999 -9999 -9999 -9999 -9999 -9999 -9999 -9999 -9999 -9999 -9999 -9999 -9999 -9999 -9999 -9999 -9999 -9999 -9999 -9999 -9999 -9999 -9999 -9999 -9999 -9999 -9999 -9999 -9999 -9999 -9999 -9999 7.8834364512586 8.31465672255893 8.49926199717447 8.57401585299522 7.00999480346218 9.56532485876232 6.7281411094591 8.30523086292669 7.95309304166585 9.57034515356645 8.30343790049665 8.3055894554127 8.18313012144063
10.0257576107979 10.0063936165534 10.1125369924121 10.3566189445555 10.1782789481804 10.1723024067469 10.2636239598505 9.91315957019106 10.0149998362176 10.987502658274 11.4335917108692 11.0967538356781 11.5512100462802 11.3953418456949 12.0442234870446 10.4864776981529 -9999 -9999 -9999 -9999 -9999 -9999 -9999 -9999 -9999 -9999 -9999 -9999 -9999 -9999 -9999 -9999 -9999 -9999 -9999 -9999 -9999 -9999 -9999 -9999 -9999 -9999 -9999 -9999 -9999 -9999 6.56399280975573 7.66388307894979 12.6549997171387 -9999 11.5949583295733 10.1327137962915 8.49321301281452 8.78029418839142 8.2433138936758 9.37240210128948 9.74533828673884 9.68509474908933 8.6243781754747 8.32029174733907 8.34826196124777 8.33678700169548
10.0028076916933 10.0623340443708 9.88734091119841 10.1720633450896 10.1347697265446 10.2882473105565 10.2868129406124 10.3585314378142 9.89403463760391 9.88339639385231 10.1580782381352 11.8072450812906 12.0797753706574 11.263618872501 9.91005176864564 -9999 -9999 -9999 -9999 -9999 -9999 -9999 -9999 -9999 -9999 -9999 -9999 -9999 -9999 -9999 -9999 -9999 -9999 -9999 -9999 -9999 -9999 -9999 -9999 -9999 -9999 -9999 -9999 -9999 -9999 -9999 -9999 10.7599997594953 6.92751853168011 11.5612506358884 11.2901547164656 11.714785594698 11.4049645790365 9.127602964174 8.73396403919905 10.0601824894547 9.28992582950741 9.23470258666202 8.28012938890606 8.58349863206968 9.47997984709218 8.61577195581049
9.95977659337223 10.0730918189511 10.1376384664327 10.34992521815 9.98774680728093 9.54022338474169 10.3155003394932 10.4266640101559 10.3649861025624 9.9705343679525 10.4089734475128 11.6659596418031 12.740302729886 11.5370815023314 13.4599996991456 -9999 -9999 -9999 -9999 -9999 -9999 -9999 -9999 -9999 -9999 -9999 -9999 -9999 -9999 -9999 -9999 -9999 -9999 -9999 -9999 -9999 -9999 -9999 -9999 -9999 -9999 -9999 -9999 -9999 -9999 -9999 -9999 -9999 -9999 -9999 13.087943797155 11.1201818780974 11.9600054803304 8.88217357359827 10.7917111609131 11.3898434275761 10.7164067388512 8.74558243574575 8.74113588891923 8.82518996763974 8.67673267843202 9.45487837307155
10.1347697265446 10.1340525415726 10.2057710387744 10.2645802064799 10.1247291369364 10.9896542131901 10.0668762158602 10.0938901831396 10.4861903628334 10.5765556693077 11.0599383404478 11.7383953239769 12.0510879717767 11.2741973508382 14.6439931444043 -9999 -9999 -9999 -9999 -9999 -9999 -9999 -9999 -9999 -9999 -9999 -9999 -9999 -9999 -9999 -9999 -9999 -9999 -9999 -9999 -9999 -9999 -9999 -9999 -9999 -9999 -9999 -9999 -9999 -9999 -9999 -9999 -9999 -9999 -9999 -9999 -9999 8.44148471228224 10.0649419897236 11.0075838374905 11.5748771503568 11.0950804040767 10.8777733575553 10.7752159065567 9.95260474365205 9.71665088785812 9.51727346563712
