EcologicalScience/Bass/data/rs_data_bass/sst_248.asc
NCOLS 226 
NROWS 124 
XLLCORNER -9.41648524995501 
YLLCORNER 47.587301625531 
CELLSIZE 0.0833 
NODATA_value -9999 
[rows 81 to 107 of 124, columns 62 to 123 of 226]
16.1399169280989 -9999 -9999 -9999 -9999 -9999 -9999 -9999 -9999 -9999 -9999 -9999 -9999 -9999 -9999 -9999 -9999 -9999 -9999 -9999 -9999 -9999 -9999 -9999 -9999 -9999 -9999 -9999 -9999 -9999 -9999 -9999 -9999 -9999 -9999 -9999 -9999 -9999 -9999 -9999 -9999 -9999 -9999 -9999 -9999 -9999 -9999 -9999 -9999 -9999 -9999 -9999 -9999 -9999 -9999 -9999 -9999 -9999 -9999 -9999 -9999 -9999
14.9408966775583 -9999 -9999 -9999 -9999 -9999 -9999 -9999 -9999 -9999 -9999 -9999 -9999 -9999 -9999 -9999 -9999 -9999 -9999 -9999 -9999 -9999 -9999 -9999 -9999 -9999 -9999 -9999 -9999 -9999 -9999 -9999 -9999 -9999 -9999 -9999 -9999 -9999 -9999 -9999 -9999 -9999 -9999 -9999 -9999 -9999 -9999 -9999 -9999 -9999 -9999 -9999 -9999 -9999 -9999 -9999 -9999 -9999 -9999 -9999 -9999 -9999
-9999 -9999 -9999 -9999 -9999 -9999 -9999 -9999 -9999 -9999 -9999 -9999 -9999 -9999 -9999 -9999 -9999 -9999 -9999 -9999 -9999 -9999 -9999 -9999 -9999 -9999 -9999 -9999 -9999 -9999 -9999 -9999 -9999 -9999 -9999 -9999 -9999 -9999 -9999 -9999 -9999 -9999 -9999 -9999 -9999 -9999 -9999 -9999 -9999 -9999 -9999 -9999 -9999 -9999 -9999 -9999 -9999 -9999 -9999 -9999 15.5553607685925 -9999
-9999 -9999 -9999 -9999 -9999 -9999 -9999 -9999 -9999 -9999 -9999 -9999 -9999 -9999 -9999 -9999 -9999 -9999 -9999 -9999 -9999 -9999 -9999 -9999 -9999 -9999 -9999 -9999 -9999 -9999 -9999 -9999 -9999 11.3199997469783 11.209999749437 11.1449997508898 -9999 -9999 -9999 -9999 -9999 -9999 -9999 -9999 -9999 -9999 -9999 -9999 -9999 -9999 -9999 -9999 -9999 -9999 -9999 -9999 17.2699996139854 12.4888967978768 12.7883541230112 12.3401135155 12.3953367583454 12.2009796309285
-9999 -9999 -9999 -9999 -9999 -9999 -9999 -9999 -9999 -9999 -9999 -9999 -9999 -9999 -9999 -9999 -9999 -9999 -9999 -9999 -9999 -9999 -9999 -9999 -9999 -9999 -9999 -9999 -9999 -9999 -9999 -9999 -9999 16.1422507713647 14.5634552320865 13.4417096325196 13.9829452247359 14.172521119006 14.1603289744817 12.459883405827 18.2008744000632 -9999 13.3126163375564 13.8211004827172 13.7902615289204 13.5672170026228 13.7077852571383 13.1096529904753 12.2798699778505 13.4761345111765 13.6131168408319 13.3814660948701 16.6723704804451 -9999 13.2832117537037 12.778313533403 12.2834559027106 11.983672584407 11.8287606304511 11.70397044532 11.1883144504391 11.7799920523539
-9999 -9999 -9999 -9999 -9999 -9999 -9999 -9999 -9999 -9999 -9999 -9999 14.6068832951803 15.1030686201993 12.3401135155 12.8263649265282 13.1462294240482 13.0314798285253 11.3839956116504 -9999 -9999 -9999 -9999 -9999 -9999 11.894999734126 10.8420087984964 13.8156889961101 12.7697073137388 11.7520218384452 11.9693288849667 11.8904385380447 12.0252693127841 11.8452558848076 17.3699996117502 12.7932942356446 14.9485152587295 13.2452009501867 12.5674611516297 12.3573259548284 12.5896938857622 13.2839289386757 12.3472853652202 12.5674611516297 12.8780022445135 12.1199377290905 11.3919949824922 11.2707907222211 11.4873805837706 11.1381115023978 11.1761223059148 12.0977049949579 12.1636860123836 11.2299111788161 11.5497756763361 11.5096133179031 11.7706686477177 11.185445710551 11.3919949824922 11.3690450633876 11.9449445959181 11.0549180456437
-9999 -9999 -9999 -9999 -9999 -9999 -9999 -9999 -9999 15.3405019668461 12.7901470854413 13.6253089853562 14.3575548417866 13.972426511813 13.2466353201307 12.738868359942 12.7173528107814 13.4782860660926 13.3477584011853 12.7524948744103 12.379917281447 15.1344425234425 12.2834559027106 11.9915616190992 11.983672584407 10.66620379081 -9999 11.4378948207013 11.7771233124658 11.546189751476 11.5562303410843 11.6860408210196 11.78214360727 11.5648365607485 11.5002899132669 15.5549996523187 14.6624874449972 12.3193151513115 11.6659596418031 11.6903439308517 12.5057832440361 12.8213446317241 12.0948362550698 11.9564195554703 12.0575426365249 11.743415618781 11.4931180635467 11.5354319768958 11.0706961150281 11.3891262426041 11.4314401559532 10.9179357159883 11.1632129764184 10.9537949645892 11.3166905604303 11.4041871270165 11.3324686298147 11.5741599653848 10.9810479935259 11.4665822195821 11.1553239417262 11.1144443983212
-9999 -9999 -9999 -9999 -9999 -9999 -9999 -9999 13.2200895328622 12.6843623020686 13.3441724763252 13.497650060337 11.5956755145453 12.6434827586636 12.0396130122244 10.7214270336553 11.0147556872107 10.8039033054374 11.0441602710634 11.0011291727424 12.1565141626634 12.0546738966368 12.7173528107814 11.2750938320532 11.4837946589105 10.9423200050369 11.6494643874466 11.1639301613905 11.226325253956 11.3195593003184 11.5096133179031 11.4199651964009 11.2958921962418 11.425702676177 11.4672994045541 11.3647419535555 11.662373716943 11.7599108731374 11.8036591564305 12.3329416657798 12.2963652322069 11.9449445959181 11.7527390234172 11.7190313297324 11.5634021908045 11.6465956475586 11.5626850058325 11.3367717396468 11.4479354103096 11.4350260808133 11.3267311500385 11.0749992248602 11.1001006988809 11.343226404395 11.3116702656262 11.5547959711403 11.6329691330902 11.3331858147867 11.184011340607 11.224890884012 11.3711966183037 11.0219275369309
-9999 -9999 -9999 -9999 -9999 -9999 -9999 -9999 12.7065950362012 14.6164586166851 14.1918851132505 13.4524674070999 11.1237678029574 11.4852290288545 10.9753105137497 10.9430371900089 10.7006286694668 11.0886257393286 10.8899655020796 11.186880080495 10.9753105137497 10.9494918547571 11.2851344216615 11.1280709127896 11.0922116641887 11.0018463577144 11.2471236181445 11.0183416120708 11.024796276819 11.024796276819 11.1295052827336 11.1897488203831 11.2464064331725 11.2392345834523 11.2786797569133 11.1323740226217 11.62221135851 11.3948637223803 11.662373716943 11.7900326419622 11.6702627516352 11.9112369022332 11.6853236360475 11.6781517863274 11.6946470406838 11.8022247864865 11.6609393469989 11.2987609361298 11.7355265840888 11.3417920344509 11.385540317744 11.3353373697028 11.4823602889664 11.4185308264568 11.4723196993582 11.5010070982389 11.3912777975202 11.5612506358884 11.4608447398059 11.5325632370077 11.0972319589928 10.9810479935259
11.686493085199 9.40499978978187 -9999 -9999 -9999 -9999 -9999 -9999 15.6040735506519 10.4790185131133 10.8189641898498 10.8189641898498 10.9093294963241 11.2026581498794 10.8899655020796 11.1330912075937 10.749397247564 10.9408856350929 11.4959868034348 11.3783684680238 10.9925229530782 11.0312509415671 10.9831995484419 10.9767448836938 10.9996948027983 11.0470290109515 11.2557298378088 11.027665016707 11.263618872501 11.1137272133492 10.9968260629103 11.0405743462034 11.2205877741799 11.3188421153463 11.0628070803359 11.0728476699442 11.0506149358116 11.3123874505982 11.5210882774554 11.4959868034348 11.8158513009548 11.4967039884068 11.542603826616 11.506027393043 11.6767174163833 11.6336863180622 11.7979216766544 11.3805200229399 11.3195593003184 11.2621845025569 11.4077730518766 11.3661763234995 11.3726309882477 11.225608068984 11.3116702656262 11.6114535839297 11.4343088958412 11.6114535839297 11.4852290288545 10.4998168773018 11.6924954857677 11.5662709306926
13.0307626435533 13.5026703551412 13.6977446675301 12.1910414963162 15.3762488584471 -9999 16.1899624452926 11.1373943174258 10.7343363631517 10.7515488024801 11.3762169131078 10.8985717217438 11.4751884392463 10.9494918547571 10.7271645134315 10.9179357159883 11.2342142886482 10.7106692590751 11.2048097047955 10.9222388258204 10.8311563343741 10.8003173805773 10.9559465195052 11.1567583116703 10.7723471666686 11.0570696005598 11.1782738608308 11.1295052827336 11.2162846643478 11.1574754966423 11.0570696005598 11.1517380168661 11.024796276819 11.2593157626688 11.2177190342918 11.3166905604303 11.2858516066335 11.1653645313345 11.6207769885659 11.4092074218206 11.5189367225394 11.4271370461211 11.4135105316527 11.3073671557941 11.5978270694613 11.663090901915 11.6100192139857 11.4335917108692 11.1732535660267 11.2234565140679 11.422833936289 11.383388762828 11.4845118438825 11.3661763234995 11.3496810691431 11.6057161041535 11.6415753527544 11.821588780731 11.9126712721772 11.7211828846484 11.782860792242 11.1574754966423
12.6571092731319 12.7740104235709 12.0324411625043 11.8791428747354 11.3547013639472 11.3252967800945 10.8498031436466 10.9925229530782 11.2987609361298 11.3633075836115 11.2958921962418 11.0857569994405 10.707800519187 10.7407910278998 10.8627124731429 10.6647694208659 10.825418854598 10.6497085364535 10.8619952881709 10.9301278605126 10.9903713981621 10.9652699241415 10.825418854598 10.9129154211842 10.9968260629103 11.0470290109515 10.9760276987217 10.9918057681061 11.0126041322947 11.0577867855318 11.1711020111106 11.2069612597115 11.187597265467 11.1947691151872 11.2198705892079 11.1373943174258 10.9946745079942 11.1804254157469 11.1574754966423 11.2987609361298 11.3339029997587 11.3475295142271 11.4701681444421 11.5282601271756 11.3030640459619 11.2707907222211 10.8949857968837 11.145283352118 11.1431317972019 11.1424146122299 11.2887203465216 11.147434907034 11.3690450633876 11.6702627516352 11.5175023525953 11.6817377111875 11.7254859944806 11.8445386998355 11.8703573588282 11.9886928792112 12.2877590125427 12.3838617987931
10.9767448836938 10.5701010045595 10.4453108194284 12.1278267637827 12.0489364168607 10.9372997102328 10.4223609003238 11.0470290109515 11.2313455487601 10.8476515887305 10.8010345655493 10.8913998720236 10.7680440568365 10.8232672996819 11.1266365428455 10.9444715599529 10.9157841610722 10.8584093633108 11.0907772942446 10.7436597677879 10.8189641898498 10.866298398003 10.9251075657085 10.7917111609131 11.067110190168 10.9817651784979 10.9344309703447 10.9659871091135 10.9595324443653 11.0800195196643 11.0821710745804 10.9215216408484 10.9731589588337 11.1173131382093 11.1395458723418 11.107272548601 11.2327799187042 11.1732535660267 11.105838178657 11.4680165895261 11.5081789479591 11.4952696184628 11.4558244450018 11.4414807455614 11.3927121674642 11.5512100462802 11.1510208318941 11.3633075836115 11.1589098665863 11.4938352485187 11.3138218205422 11.1230506179854 11.1144443983212 11.6143223238178 11.783577977214 11.5124820577912 11.7362437690608 12.2067171107046 12.3185979663394 12.3193151513115 12.6743217124604 12.7740104235709
10.9372997102328 11.3590044737794 11.8180028558709 11.9607226653025 11.6186254336499 10.7415082128718 10.6934568197466 10.9573808894493 10.9000060916878 10.9308450454846 10.7960142707452 10.9674214790575 11.0283822016791 11.1015350688249 11.0520493057556 11.2521439129487 11.1302224677056 11.2299111788161 11.0577867855318 11.0491805658676 11.0455946410075 11.0764335948043 11.1797082307748 11.2040925198235 11.224890884012 11.0391399762593 11.0176244270988 11.0305337565951 11.1001006988809 11.0455946410075 11.0556352306157 11.1208990630694 11.0699789300561 11.1711020111106 11.1804254157469 11.2284768088721 11.2291939938441 11.0850398144685 11.3884090576321 11.5899380347691 11.5942411446013 11.6595049770549 11.1151615832932 11.2485579880886 11.5146336127073 11.3611560286954 11.7799920523539 11.4500869652256 11.4099246067926 11.4300057860091 11.4837946589105 11.464430664666 11.4716025143862 11.3919949824922 12.2059999257326 11.9306008964777 12.4957426544279 12.6427655736916 12.2956480472349 12.8134555970319 13.0838343314826 13.1003295858391
11.3962980923243 10.8942686119117 11.3912777975202 11.5232398323715 10.7845393111929 10.905026386492 10.8340250742622 11.3145390055142 11.2191534042358 11.0183416120708 10.7895596059971 10.8046204904094 10.82613603957 11.1029694387689 11.4135105316527 11.3711966183037 11.184011340607 11.1388286873698 11.2758110170253 11.2392345834523 11.2793969418854 11.1029694387689 11.1962034851313 11.106555363629 11.1718191960827 11.2148502944037 11.1122928434052 10.9035920165479 11.145283352118 11.1373943174258 11.2220221441239 11.1997894099914 11.1115756584331 11.2048097047955 11.3095187107101 11.3668935084715 11.3310342598706 11.3152561904863 11.0391399762593 11.3539841789752 11.5870692948811 11.703253260348 11.2621845025569 11.542603826616 11.3884090576321 11.7140110349283 11.5067445780151 11.4443494854495 11.7233344395645 11.263618872501 11.1015350688249 11.4092074218206 11.6573534221388 11.9176915669814 12.5215613134205 12.5939969955944 12.4878536197357 12.0202490179799 12.5201269434765 13.1096529904753 13.2803430138156 13.5299233840778
11.4400463756174 10.9889370282181 10.8863795772195 11.3518326240592 11.6860408210196 11.7728202026337 11.743415618781 11.1739707509987 11.1768394908868 11.1589098665863 11.1660817163065 10.8957029818557 10.8842280223034 11.226325253956 11.0542008606717 11.4049043119885 11.5354319768958 11.4823602889664 11.2019409649074 11.2966093812138 11.1818597856909 11.2363658435643 11.0836054445244 11.1273537278175 11.2119815545157 11.3590044737794 11.3841059478 11.0176244270988 10.8713186928071 11.1610614215024 11.1617786064744 11.1639301613905 11.225608068984 11.2277596239001 11.3762169131078 11.3819543928839 11.4364604507573 11.4343088958412 11.3095187107101 11.46586503461 11.6788689712994 11.5404522716999 11.2571642077528 11.504593023099 11.265053242445 12.0338755324483 11.9205603068694 11.7161625898443 11.624362913426 11.6171910637058 11.5246742023155 11.903347867541 12.2906277524307 12.180898451712 12.2856074576266 12.8356883311644 13.1878261524253 13.05801567249 12.9346598573029 13.6210058755241 13.7450788756832 13.6353495749645
11.1029694387689 11.3676106934436 10.7587206522003 11.3138218205422 10.908612311352 11.5877864798531 10.867732767947 11.2112643695436 11.0154728721827 11.0936460341327 11.3905606125481 10.9681386640295 10.827570409514 11.2958921962418 11.0900601092726 11.5906552197412 11.7656483529136 11.6795861562714 10.8354594442062 11.1187475081533 11.1130100283772 11.1409802422859 11.1259193578735 11.1782738608308 11.2464064331725 11.3209936702624 11.4386120056733 11.3252967800945 11.3733481732197 11.1402630573139 11.2134159244597 11.1273537278175 11.2019409649074 11.6136051388457 11.4536728900857 11.6716971215792 11.5275429422036 11.3109530806541 11.0434430860914 11.5196539075114 11.4486525952816 11.4694509594701 11.3812372079119 11.145283352118 10.6446882416494 11.0972319589928 12.3272041860037 11.9449445959181 11.4773399941623 11.2299111788161 12.5947141805664 12.7575151692145 12.9289223775268 12.7582323541865 13.1490981639363 13.2495040600188 14.1528753735225 18.1699995938689 -9999 -9999 -9999 -9999
10.7831049412489 11.2707907222211 11.0620898953639 11.5712912254967 10.6891537099145 11.1165959532373 11.1990722250193 11.187597265467 11.3374889246188 11.3489638841711 11.4278542310931 10.9545121495612 11.5519272312522 11.1338083925657 11.3145390055142 10.9982604328543 11.7154454048723 11.5476241214201 11.0685445601121 11.1208990630694 11.2184362192638 11.1122928434052 11.3396404795349 11.3281655199826 11.3690450633876 11.4522385201417 11.1997894099914 11.4364604507573 11.4450666704215 11.4723196993582 11.624362913426 11.3690450633876 11.6322519481182 12.5072176139802 12.5939969955944 12.3924680184573 11.5820490000769 11.4084902368486 11.1667989012785 11.4802087340504 11.4056214969605 11.8897213530727 12.2583544286899 12.2475966541097 12.0152287231758 12.260505983606 11.6078676590696 11.5490584913641 12.341547885444 12.7503433194943 12.8285164814442 13.1641590483487 13.1440778691322 13.415173788555 15.9881944064982 15.0949996626005 -9999 -9999 -9999 -9999 -9999 -9999
11.2729422771372 11.2722250921652 11.1223334330134 10.668355345726 11.0298165716231 11.2306283637881 11.5239570173435 11.5741599653848 10.8971373517998 11.0628070803359 11.2980437511578 11.3525498090312 11.4837946589105 11.1194646931253 11.0004119877703 11.5504928613082 11.6946470406838 11.4967039884068 11.9578539254144 11.147434907034 11.4364604507573 11.6480300175026 11.3181249303743 11.4967039884068 11.6709799366072 11.7154454048723 11.8760948386043 11.9377727461979 12.1862773390021 15.6749996496364 16.1099996399134 13.0656357628177 16.7227767523343 16.3599996343255 -9999 17.5999996066093 11.7936185668223 11.9980162838474 11.5763115203008 12.1550797927193 12.1048768446781 12.3752555791289 11.544755381532 12.7417370998301 12.8299508513883 13.056581302546 12.9317911174148 12.8077181172557 12.8070009322837 13.814645817969 14.3173924833536 14.332453367766 13.3721426902339 17.344999612309 -9999 -9999 -9999 -9999 -9999 -9999 -9999 -9999
11.2342142886482 11.3826715778559 11.344660774339 11.1151615832932 11.2894375314936 11.4285714160651 11.2291939938441 11.345377959311 10.9946745079942 11.2012237799354 11.703253260348 11.9650257751346 11.6128879538737 12.3264870010316 11.3417920344509 12.0130771682598 11.0542008606717 11.3410748494789 12.0833612955175 11.8653370640241 11.6071504740976 12.1242408389226 12.0374614573084 11.4759056242183 11.8710745438002 11.8043763414025 12.1593829025514 12.5136722787283 11.7415031255223 13.0799997076392 -9999 -9999 -9999 -9999 16.3799996338785 13.6270876040868 12.0453504920006 11.94207585603 11.6171910637058 12.4634693306871 12.7202215506695 11.7183141447604 12.3451338103041 12.7503433194943 13.5650654477067 13.6848353380337 13.3542130659334 13.4481642972678 13.4452955573797 14.5497604142874 14.929151264485 15.1055787676014 13.0690603210591 -9999 -9999 -9999 -9999 -9999 -9999 -9999 -9999 -9999
11.0362712363712 11.1933347452432 11.6286660232581 11.4221167513169 11.5304116820917 11.6465956475586 11.5383007167839 11.2313455487601 11.8954588328488 11.7513046534732 11.5598162659444 12.4347819318064 11.0821710745804 11.545472566504 12.0647144862451 11.8847010582685 11.7190313297324 11.6659596418031 12.0388958272524 12.1219868290105 11.0599383404478 11.1990722250193 11.3209936702624 12.1708578621037 12.1644031973556 12.3358104056679 12.4132663826458 12.4828333249316 12.579653296154 16.3149996353313 -9999 -9999 -9999 -9999 -9999 16.389999633655 12.1658375672996 11.9399243011139 12.3046128593851 13.4029816440307 13.5119937597774 13.6303292801604 12.3229010761715 12.3931852034293 13.4331034128554 13.6274605402723 13.8892330550589 13.6877040779218 14.3597063967027 14.8739280216396 14.6752677843906 14.7799767903052 16.5098269428127 14.3318277383223 9.16590405120675 21.8541643676982 -9999 -9999 -9999 -9999 -9999 -9999
11.4006012021564 11.6795861562714 11.4113589767367 11.7484359135851 11.7556077633053 11.6702627516352 10.9487746697851 11.6989501505159 10.945905929897 11.7936185668223 11.9449445959181 11.702536075376 12.0883815903217 11.7764061274938 11.7799920523539 11.4744712542742 11.106555363629 10.9372997102328 10.9294106755406 11.2585985776968 11.2700735372491 11.8388012200594 10.7436597677879 12.7352824350819 11.824457520619 11.9306008964777 13.3793145399541 13.654713569209 13.1871089674532 12.9611957012676 15.1672604291256 24.7149994475767 -9999 -9999 -9999 -9999 13.3324926067809 13.0859858863987 12.6097750649787 13.5213171644136 13.7120883669704 13.5550248580985 13.894253349863 13.5951872165315 13.534943678882 13.5098422048613 13.6331980200484 14.2399365063757 14.2829676046968 15.3565935078077 15.4060792708769 13.5315370502649 14.1861476334743 9.86999977938831 -9999 -9999 -9999 -9999 -9999 -9999 -9999 -9999
11.7520218384452 11.6932126707397 11.6566362371668 11.6731314915232 11.346095144283 11.78214360727 11.3195593003184 11.7513046534732 11.4371776357293 11.147434907034 11.1818597856909 11.462996294722 11.9320352664217 11.8940244629048 11.8545792894438 11.9965819139034 11.6365550579503 10.9824823634699 11.8251747055911 12.2052827407606 11.3360545546748 10.6396679468453 13.69415874267 12.7675557588227 12.103442474734 12.8120212270878 13.2911007883959 13.1985839270055 12.9174474179745 12.9145786780864 15.0902212834048 -9999 -9999 -9999 -9999 -9999 -9999 -9999 -9999 -9999 -9999 -9999 -9999 -9999 -9999 -9999 12.9622714787256 14.5002746512182 13.9836624097079 15.4247260801494 17.38132235881 17.0049996199086 -9999 -9999 -9999 -9999 -9999 -9999 -9999 -9999 -9999 -9999
11.8015076015145 11.6989501505159 11.6430097226985 11.4859462138265 11.4701681444421 11.4357432657853 11.3898434275761 11.7728202026337 11.4981383583508 11.4967039884068 11.6114535839297 11.9951475439593 12.0733207059093 11.6566362371668 12.4441053364426 12.6377452788875 12.6449171286076 12.1328470585868 11.3518326240592 12.2547685038298 13.5392467887141 13.0623187823221 12.5674611516297 13.3041535548866 11.7651729413804 16.3549996344373 12.2927793073468 12.6485030534677 12.5545518221334 13.1110873604193 13.4696798464283 14.2877817293467 20.4908555238508 -9999 -9999 -9999 -9999 -9999 -9999 -9999 -9999 -9999 -9999 -9999 -9999 -9999 -9999 -9999 -9999 -9999 -9999 -9999 -9999 -9999 -9999 -9999 -9999 -9999 -9999 -9999 -9999 -9999
11.5017242832109 12.4842676948756 12.2332529546693 12.2067171107046 11.8918729079887 11.904065052513 11.7097079250962 11.6422925377265 11.6279488382861 11.6616565319709 11.2865687916055 11.5906552197412 11.7591936881654 12.2031311858445 13.2502212449908 12.5610064868815 11.8294778154232 12.2059999257326 12.977690955624 13.4847407308407 13.6088137309998 13.5973387714475 13.6231574304402 13.3958097943105 12.7517776894383 12.3781243190169 12.4907223596238 12.4756614752114 12.6850794870406 13.1749168229289 13.3843348347582 13.5786919621751 10.3099997695535 -9999 -9999 -9999 -9999 -9999 -9999 -9999 -9999 -9999 -9999 -9999 -9999 -9999 -9999 -9999 -9999 -9999 -9999 -9999 -9999 -9999 -9999 -9999 -9999 -9999 -9999 -9999 -9999 -9999
11.8524277345277 11.982238214463 11.982955399435 11.785012347158 11.7132938499562 11.6932126707397 11.3884090576321 11.6014129943214 11.6781517863274 11.6207769885659 12.063280116301 11.704687630292 12.0195318330079 11.6602221620269 12.9812768804841 13.0494094528258 11.3202764852904 14.3245643330738 14.2090975525789 14.0821558125317 14.013306055218 14.2571489457041 14.0061342054978 14.3597063967027 13.6267433553003 13.5700857425109 13.6518448293209 13.2200994761661 13.0278939036652 13.9243751186877 14.6881771138869 13.8662831359543 20.1022217269056 -9999 -9999 -9999 -9999 -9999 -9999 -9999 -9999 -9999 -9999 -9999 -9999 -9999 -9999 -9999 -9999 -9999 -9999 -9999 -9999 -9999 -9999 -9999 -9999 -9999 -9999 -9999 -9999 -9999
12.1113315094262 12.2662434633821 11.9126712721772 11.7541733933613 11.8890041681007 12.2691122032702 12.0202490179799 12.0833612955175 11.9729148098268 12.1930905962363 11.7527390234172 12.2633747234941 12.2877590125427 12.3695180993527 13.2107760715298 13.3520615110174 13.2817773837596 13.9803155465052 14.6458632005379 14.5533463391475 14.691045853775 15.1041443976574 14.5002746512182 12.4161351225339 12.4498428162187 12.7546464293264 12.700140371453 12.8428601808846 13.3570818058215 13.5930356616154 14.6487319404259 14.0484481188469 14.2699419545415 -9999 -9999 -9999 -9999 -9999 -9999 -9999 -9999 -9999 -9999 -9999 -9999 -9999 -9999 -9999 -9999 -9999 -9999 -9999 -9999 -9999 -9999 -9999 -9999 -9999 -9999 -9999 -9999 -9999
