EcologicalScience/Bass/data/rs_data_bass/sst_342.asc
NCOLS 226 
NROWS 124 
XLLCORNER -9.41648524995501 
YLLCORNER 47.587301625531 
CELLSIZE 0.0833 
NODATA_value -9999 
[rows 81 to 107 of 124, columns 62 to 123 of 226]
12.2229629094186 -9999 -9999 -9999 -9999 -9999 -9999 -9999 -9999 -9999 -9999 -9999 -9999 -9999 -9999 -9999 -9999 -9999 -9999 -9999 -9999 -9999 -9999 -9999 -9999 -9999 -9999 -9999 -9999 -9999 -9999 -9999 -9999 -9999 -9999 -9999 -9999 -9999 -9999 -9999 -9999 -9999 -9999 -9999 -9999 -9999 -9999 -9999 -9999 -9999 -9999 -9999 -9999 -9999 -9999 -9999 -9999 -9999 -9999 -9999 -9999 -9999
14.9014464141859 -9999 -9999 -9999 -9999 -9999 -9999 -9999 -9999 -9999 -9999 -9999 -9999 -9999 -9999 -9999 -9999 -9999 -9999 -9999 -9999 -9999 -9999 -9999 -9999 -9999 -9999 -9999 -9999 -9999 -9999 -9999 -9999 -9999 -9999 -9999 -9999 -9999 -9999 -9999 -9999 -9999 -9999 -9999 -9999 -9999 -9999 -9999 -9999 -9999 -9999 -9999 -9999 -9999 -9999 -9999 -9999 -9999 -9999 -9999 -9999 -9999
-9999 -9999 -9999 -9999 -9999 -9999 -9999 -9999 -9999 -9999 -9999 -9999 -9999 -9999 -9999 -9999 -9999 -9999 -9999 -9999 -9999 -9999 -9999 -9999 -9999 -9999 -9999 -9999 -9999 -9999 -9999 -9999 -9999 -9999 -9999 -9999 -9999 -9999 -9999 -9999 -9999 -9999 -9999 -9999 -9999 -9999 -9999 -9999 -9999 -9999 -9999 -9999 -9999 -9999 -9999 -9999 -9999 -9999 -9999 -9999 15.1946723360985 -9999
-9999 -9999 -9999 -9999 -9999 -9999 -9999 -9999 -9999 -9999 -9999 -9999 -9999 -9999 -9999 -9999 -9999 -9999 -9999 -9999 -9999 -9999 -9999 -9999 -9999 -9999 -9999 -9999 -9999 -9999 -9999 -9999 -9999 11.3199997469783 11.209999749437 11.1449997508898 -9999 -9999 -9999 -9999 -9999 -9999 -9999 -9999 -9999 -9999 -9999 -9999 -9999 -9999 -9999 -9999 -9999 -9999 -9999 -9999 17.2699996139854 14.7247535474598 14.8796655014157 13.3040101178922 14.1431165351532 13.5292061991058
-9999 -9999 -9999 -9999 -9999 -9999 -9999 -9999 -9999 -9999 -9999 -9999 -9999 -9999 -9999 -9999 -9999 -9999 -9999 -9999 -9999 -9999 -9999 -9999 -9999 -9999 -9999 -9999 -9999 -9999 -9999 -9999 -9999 17.3255682286169 15.3020874499343 15.087649143301 14.8400154179627 14.971874997818 13.5249030892737 15.2396923573688 16.617714382126 -9999 13.9831842863932 13.8741721706465 15.1127506173216 15.2626422764733 14.9047669754364 14.9542527385056 14.4708700673655 14.094347957056 14.2815332347527 14.4393139285967 16.2502777014393 -9999 14.8947263858281 14.8079470042139 14.5805993680842 13.9129001591355 13.5700857425109 13.3979613492265 12.7352824350819 12.7890713079832
-9999 -9999 -9999 -9999 -9999 -9999 -9999 -9999 -9999 -9999 -9999 13.6949996938929 14.5701423484922 14.4821224522713 13.4895219639875 13.5502436249517 13.6379792531952 13.4585634793621 13.3868449821603 -9999 -9999 -9999 -9999 -9999 -9999 11.894999734126 10.2310140580694 16.4643369245875 14.2298959167674 14.3883937955834 14.7763908654451 14.373332911171 14.5407557585277 13.9552140724845 17.3249996127561 12.8652503458647 12.9810274248416 13.4201940833591 14.6810052641667 13.776635014452 13.3205053722486 13.816080187913 14.0749839628115 13.6073793610558 13.5162968696095 13.654713569209 14.055619968567 13.9423047429882 13.9007080146112 13.4087191238068 13.5492873783223 13.694875927642 13.5048219100572 13.8583941012621 13.9674062170088 13.8713034307584 13.8583941012621 13.2036042218097 12.6047547701746 13.0486922678538 12.7567979842424 12.7883541230112
-9999 -9999 -9999 -9999 -9999 -9999 -9999 -9999 -9999 15.5025667722448 13.4040574214887 13.0463016512804 13.6109652859159 12.7998290825635 12.9475691867992 12.8285164814442 13.4001129041426 13.2710196091793 13.2279885108583 13.0867030713707 13.5822778870352 14.4170255987299 13.8103427081369 13.3169194473885 13.4689626614563 13.4847407308407 5.87999986857176 13.9946592459455 13.9236579337157 13.8992736446671 14.2363505815156 14.2506942809559 14.4364451887086 14.252845835872 17.095662111053 17.4149996107444 13.8060109109059 14.5411541946232 13.9466078528203 13.9401531880721 14.0670949281193 14.1187322461046 13.7902615289204 13.4194768983871 13.1555528286844 13.3040101178922 13.3685567653738 13.1347544644959 13.099612400867 12.7768791634589 12.8342539612204 12.7826166432351 12.898800608702 12.778313533403 12.5516830822453 12.9490035567433 12.6850794870406 12.9490035567433 12.6642811228521 12.8686788398772 13.1476637939923 12.4570146659389
-9999 -9999 -9999 -9999 -9999 -9999 -9999 -9999 14.2013916500977 14.1553086796775 15.1450239410624 15.2210455480963 13.8218176676892 13.7020477773622 13.2824945687316 13.1569871986285 13.0780968517065 13.2502212449908 13.3312631468289 13.6676228987053 13.6783806732856 13.4998016152531 13.3936582393944 13.5457014534622 13.3140507075004 13.4244971931912 13.4388408926316 13.4761345111765 13.495498505421 13.7680287947878 13.7852412341163 13.5865809968673 13.2222510310821 13.7285836213268 13.7579882051796 13.9200720088556 13.9853358413093 14.0713980379514 14.0764183327556 13.9946592459455 14.1402477952652 14.0656605581753 13.4209112683311 13.337000626605 13.1928464472294 13.1993011119775 13.2193822911941 13.2502212449908 12.979125325568 12.8070009322837 12.7438886547461 12.619815654587 12.5861079609022 12.6779076373205 12.5932798106223 12.8277992964722 12.8306680363603 12.9518722966313 13.2416150253266 13.217230736278 13.1799371177331 13.2337259906344
-9999 -9999 -9999 -9999 -9999 -9999 -9999 -9999 12.9231848977506 16.8870662380941 16.2200842141174 15.2820062707178 14.2621692405082 15.0926694381051 15.2339548775926 15.0819116635248 13.6769463033415 13.3305459618568 13.8311410723254 13.9250923036598 13.2351603605784 13.378597354982 13.1799371177331 13.338434996549 13.2028870368376 13.3126163375564 13.019287684001 13.1627246784046 13.336283441633 13.4008300891146 13.4998016152531 13.4288003030233 12.9848628053442 13.4101534937508 13.4603564417921 13.5292061991058 13.8096255231649 13.8777580955066 14.1165806911886 13.9480422227643 14.0197607199661 13.5722372974269 13.1727652680129 13.0931577361189 13.1017639557831 13.0874202563427 13.3197881872766 13.0415204181336 12.9181646029465 12.8672444699332 12.8564866953529 12.8364055161364 12.7245246605016 12.8127384120598 13.0494094528258 13.1118045453914 12.9583269613795 12.9805596955121 13.1412091292441 13.2373119154945 13.3276772219688 13.4101534937508
12.7641833855468 9.40499978978187 -9999 -9999 -9999 -9999 -9999 -9999 11.6415753527544 15.6047395081259 13.7823724942282 13.8211004827172 14.292291009333 13.2810601987876 14.6286507612094 14.4436170384288 14.6021149172448 14.0656605581753 14.2657551653683 13.6525620142929 14.0405590841547 14.2636036104523 13.6382183148526 13.5822778870352 13.1978667420335 12.8830225393176 12.9188817879185 13.0680562620983 12.937528597191 12.1048768446781 12.9934690250084 13.215796366334 13.0716421869583 12.6298562441953 13.0709250019863 13.1512497188523 13.2939695282839 13.3118991525844 13.4739829562604 13.0730765569024 13.1404919442721 13.2122104414739 12.9949033949524 12.9819940654561 13.0092470943928 12.9949033949524 13.020004868973 12.938245782163 12.9310739324428 12.9260536376387 13.0372173083015 13.0737937418744 12.9131443081424 12.8894772040658 12.9454176318832 13.1734824529849 13.2430493952706 13.298989823088 13.298272638116 13.3836176497862 13.4187597134151 13.255958724767
12.4713583653793 12.498611394316 13.3922238694504 13.5026703551412 13.0927752374671 -9999 16.1899624452926 12.8491714086384 12.7453230246902 12.9712362908758 13.059450042434 12.8457289207727 13.3549302509055 13.4058503839187 13.3499099561013 12.780465088319 12.9303567474708 13.0443891580217 13.0544297476299 14.49023406161 13.9437391129322 13.6181371356361 12.6506546083838 13.0106814643368 12.8930631289259 12.8901943890378 12.7481917645782 12.738868359942 12.6843623020686 12.8034150074236 12.8299508513883 13.0838343314826 13.0415204181336 12.8643757300451 12.8356883311644 12.8091524871998 12.7532120593823 12.9547410365194 12.661412382964 12.9239020827226 12.7417370998301 12.8801537994295 12.8772850595415 12.8887600190938 12.8658100999892 12.8213446317241 12.8629413601011 12.8758506895974 12.8163243369199 12.9038209035061 13.0042267995887 13.0616015973501 12.9568925914355 13.0816827765666 13.1447950541042 13.1985839270055 13.2803430138156 13.3477584011853 13.4123050486669 13.4703970314004 13.5987731413916 13.3735770601779
13.2287056958303 13.854808176402 13.3563646208495 12.8342539612204 12.6929685217328 12.659260828048 12.3917508334853 12.419721047394 12.5610064868815 12.8026978224516 12.9676503660157 12.7338480651379 12.900234978646 12.7948087877594 12.8070009322837 12.6721701575443 12.897366238758 13.0637531522661 13.457487701904 13.4388408926316 12.9231848977506 12.817758706864 12.7044434812851 12.7747276085429 12.8055665623397 12.7768791634589 12.8356883311644 12.7948087877594 12.7252418454736 12.7754447935149 12.6886654119007 12.8615069901571 12.7818994582631 12.8450117358007 12.7689901287667 12.7589495391585 12.9074068283662 12.7582323541865 12.7130497009493 12.7460402096622 12.8299508513883 12.857203880325 12.9117099381983 13.0759452967905 12.89808342373 12.9898831001483 12.9533066665754 12.9181646029465 12.9059724584222 12.9576097764075 13.018570499029 12.9282051925547 12.8909115740098 13.0443891580217 13.1548356437124 13.2129276264459 13.3090304126963 13.378597354982 13.4761345111765 13.5091250198893 13.8275551474653 14.1445509050973
13.9487594077364 13.7307351762429 13.4331034128554 13.0429547880776 13.1433606841601 12.6944028916769 12.3989226832055 12.4857020648196 12.5036316891201 12.7503433194943 12.5832392210141 12.5696127065457 12.5237128683366 12.4821161399595 12.5473799724132 12.4835505099036 12.459883405827 12.6140781748109 12.6786248222925 12.5983001054265 12.5538346371613 12.4792474000715 12.6327249840833 12.7065950362012 12.7238074755296 12.8127384120598 12.7689901287667 12.5875423308462 12.5595721169375 12.618381284643 12.6649983078241 12.579653296154 12.6886654119007 12.7539292443544 12.7173528107814 12.8901943890378 12.6800591922365 12.6822107471526 12.8227790016681 12.9224677127786 12.8665272849612 12.8959318688139 12.8371227011085 12.9210333428346 12.8407086259685 12.8858912792057 12.9289223775268 12.9167302330025 12.9346598573029 13.0070955394767 13.0422376031056 12.9733878457919 12.9906002851203 13.0673390771262 13.1598559385166 13.1060670656152 13.4273659330793 12.739585544914 13.1591387535445 13.8074739682488 14.131641575601 14.2241584369913
14.5841852929443 13.9014251995832 13.8999908296391 13.8067567832768 13.6461073495448 13.1555528286844 12.5617236718535 12.3329416657798 12.2755668680184 12.4577318509109 12.4096804577857 12.378841503989 12.4871364347637 12.3566087698564 12.3910336485133 12.4441053364426 12.4455397063866 12.4283272670582 12.4541459260508 12.459883405827 12.4885708047077 12.5746330013499 12.5567033770494 12.5108035388403 12.6341593540274 12.7094637760893 12.8457289207727 12.8041321923956 12.8342539612204 12.8134555970319 12.9332254873589 12.8321024063043 12.7826166432351 12.8399914409965 12.7137668859214 12.9260536376387 12.938962967135 12.501480134204 12.9411145220511 13.0494094528258 13.0157017591409 12.8923459439538 12.8536179554649 12.8521835855208 12.7611010940745 12.7567979842424 12.8794366144575 12.9124271231703 12.8457289207727 12.9992065047845 13.0795312216505 12.9583269613795 12.9906002851203 13.0766624817625 13.3556474358775 13.2896664184518 13.5148624996655 13.61598558072 13.7163914768025 14.0161747951061 14.3826563158073 14.5225073853508
14.3030487839133 13.8698690608144 13.8763237255625 13.8196661127731 13.4495986672118 13.1297341696918 12.4921567295678 12.501480134204 12.4670552555472 12.2633747234941 12.2834559027106 12.3903164635412 12.3594775097445 12.4096804577857 12.4785302150995 12.4971770243719 12.5287331631407 12.4527115561068 12.459166220855 12.4577318509109 12.5552690071054 12.6843623020686 12.7130497009493 12.7324136951938 12.7768791634589 12.7510605044663 12.8686788398772 12.939680152107 13.0035096146166 13.0235907938331 12.9203161578625 12.9332254873589 12.8715475797653 12.8485976606607 12.6929685217328 13.0780968517065 13.017136129085 13.057298487518 13.0902889962308 13.1426434991881 13.1060670656152 13.0135502042249 12.8328195912763 13.0745109268464 12.7740104235709 12.8873256491497 12.9482863717712 13.0228736088611 13.0157017591409 12.9855799903162 13.016418944113 13.0142673891969 13.0881374413148 13.3570818058215 13.4840235458687 13.5786919621751 13.9064454943873 14.2994628590532 14.3683126163669 14.3396252174862 14.4299905239604 14.9223380072508
13.9989623557776 13.9652546620928 13.8390301070176 13.5686513725668 13.4617908117361 12.938245782163 12.6807763772085 12.5961485505104 12.4950254694559 12.5280159781687 12.5158238336444 12.460600590799 12.4749442902394 12.342265070416 12.5272987931967 12.5215613134205 12.4885708047077 12.5208441284485 12.6140781748109 12.5344706429169 12.6219672095031 12.5445112325251 12.6793420072645 12.7532120593823 12.6750388974324 12.7474745796062 12.6470686835237 12.937528597191 13.0063783545047 13.0881374413148 13.0630359672941 12.9009521636181 12.7711416836828 12.6793420072645 12.7890713079832 13.1971495570615 13.2659993143752 13.2803430138156 13.2287056958303 13.0307626435533 13.218665106222 13.0637531522661 12.8270821115002 13.017853314057 13.096743660979 12.9812768804841 13.2043214067817 13.2315744357184 13.1964323720895 13.336283441633 13.298989823088 13.5385296037421 13.4861751007847 13.6073793610558 13.9157688990235 14.1947538531385 14.41206089966 14.65016631037 14.9675206604879 15.1945097041316 15.2934812302701 15.3917355714366
13.8110598931089 13.6640369738452 13.5543076731265 13.1921292622574 13.0479750828817 12.8242133716121 12.860072620213 12.620532839559 12.5229956833646 12.5559861920774 12.5717642614618 12.4892879896797 12.340830700472 12.420438232366 12.5050660590641 12.540925307665 12.4376506716944 12.4562974809669 12.4297616370022 12.3745383941568 12.7022919263691 12.5272987931967 12.5947141805664 12.7216559206136 12.5344706429169 12.6126438048668 12.979125325568 13.1146732852794 13.218665106222 13.3269600369968 13.0867030713707 13.3047273028642 12.8019806374796 12.8077181172557 13.3434552913532 13.4359721527435 13.4252143781632 13.1010467708111 12.9633472561836 12.8500320306048 13.3197881872766 13.0515610077418 12.8744163196534 12.4921567295678 13.0458235279657 13.258827464655 13.4402752625756 13.4252143781632 13.5026703551412 13.6834009680897 13.7034821473062 13.85409099143 14.0075685754418 14.4005859401077 14.3948484603316 14.6465803855099 14.3284371319227 15.4249996552244 -9999 -9999 -9999 -9999
13.9580828123726 13.7988677485846 13.1354716494679 13.0293282736093 13.0809655915946 12.699423186481 12.5222784983926 12.5459456024691 12.3903164635412 12.5208441284485 12.5323190880008 12.5961485505104 12.501480134204 12.5129550937563 12.5531174521893 12.4340647468343 12.3917508334853 12.3300729258917 12.4182866774499 12.581087666098 12.6449171286076 12.4799645850435 12.6277046892792 12.8313852213323 12.9712362908758 12.7582323541865 13.3061616728082 13.2523727999069 13.3391521815211 13.8598284712061 13.4610736267641 13.1648762333207 13.1189763951115 13.1118045453914 13.2659993143752 13.5327921239659 13.2753227190115 13.1727652680129 13.0228736088611 13.1942808171734 13.2344431756064 13.0451063429937 13.1053498806432 13.3628192855977 13.5442670835182 13.4625079967082 13.5119937597774 13.9917905060574 13.973143696785 14.5354167148471 14.6709646745585 15.3573106927797 14.493102801498 14.9076357153244 15.050355524756 15.3799996562302 -9999 -9999 -9999 -9999 -9999 -9999
13.6834009680897 13.3793145399541 12.9726706608199 12.7065950362012 12.5688955215737 12.7618182790466 12.5079347989522 12.3903164635412 12.4778130301274 12.499328579288 12.5208441284485 12.4369334867224 12.4060945329256 12.4641865156591 12.4075289028697 12.4412365965545 12.3766899490729 12.3709524692968 12.5731986314058 12.817758706864 12.7761619784869 12.8901943890378 12.818475891836 12.9346598573029 12.9052552734502 12.5710470764898 13.0379344932735 13.2832117537037 13.5234687193297 15.5499996524304 14.8349996684119 11.1756183380966 14.9569604776857 15.2449996592477 -9999 16.9949996201321 13.6618854189292 13.334849071689 13.4123050486669 13.2071901466697 13.1993011119775 13.2236854010262 13.1863917824812 13.9064454943873 13.8433332168497 13.7400585808791 13.933698523324 14.2069459976628 14.2492599110119 15.0051728715189 15.0740226288326 15.1163365421817 15.3078249297105 14.6699996720999 -9999 -9999 -9999 -9999 -9999 -9999 -9999 -9999
13.1871089674532 13.3943754243664 13.0838343314826 12.8342539612204 12.8077181172557 12.7768791634589 12.5961485505104 12.5301675330848 12.540925307665 12.6011688453145 12.5775017412379 12.6528061632998 12.7883541230112 12.8342539612204 12.0984221799299 12.4017914230935 12.3781243190169 12.4161351225339 11.4522385201417 13.0465407129377 13.0300454585813 12.97984251054 12.9970549498685 13.1849574125372 12.8034150074236 12.7496261345223 12.8772850595415 13.2452009501867 13.3047273028642 14.8899996671826 -9999 -9999 -9999 -9999 16.3799996338785 15.2052674787119 14.3209784082137 13.69415874267 13.3334147017449 13.176351192873 13.1734824529849 13.5786919621751 13.4998016152531 13.7601397600956 14.1868648184463 14.1495711999014 14.4371623736806 14.5339823449031 14.8832514262758 15.2188939931802 14.8653218019754 14.891140460968 15.1867999656824 -9999 -9999 -9999 -9999 -9999 -9999 -9999 -9999 -9999
13.1118045453914 13.0709250019863 12.4921567295678 12.7352824350819 12.7625354640186 12.6004516603425 12.6477858684957 12.6083406950347 12.498611394316 12.6951200766489 12.740302729886 12.8270821115002 12.8557695103809 13.0135502042249 12.8507492155768 12.8041321923956 12.6736045274884 12.7252418454736 12.7048020737711 12.8313852213323 12.0647144862451 12.7700659062248 12.8772850595415 13.3162022624165 13.2703024242073 13.3441724763252 13.4223456382751 13.4682454764843 13.7192602166906 14.5149996755645 -9999 -9999 -9999 -9999 -9999 15.229999659583 14.7240363624878 14.3159581134096 13.8605456561781 13.7572710202076 13.6475417194888 13.5464186384343 13.8074739682488 14.1918851132505 14.6021149172448 14.3776360210031 14.5863368478604 14.6315195010975 15.0259712357074 15.2999358950183 15.6986907394603 15.92603837559 16.5564439659938 14.144881522283 8.67148442003988 21.2186134958976 -9999 -9999 -9999 -9999 -9999 -9999
12.5846735909581 12.6126438048668 12.3723868392408 12.6147953597829 12.6700186026283 12.6649983078241 12.7682729437947 12.6721701575443 12.9045380884781 12.779030718375 12.8909115740098 13.0451063429937 13.2631305744871 13.2200994761661 13.1225623199716 11.7348093991168 12.9698019209318 12.6750388974324 10.8949857968837 12.978408140596 12.1780297118239 12.3480025501922 12.1644031973556 13.9516281476244 13.9917905060574 14.1488540149294 14.692480223719 14.5060121309943 14.252845835872 15.2418439122848 16.7411613612323 24.7149994475767 -9999 -9999 -9999 -9999 15.6900845197961 15.3236029990949 14.49381998647 14.2951597492211 14.5354167148471 14.7505722064525 14.7376628769562 15.6592455659993 15.6570940110832 15.3386638835073 15.2439954672009 15.2461470221169 15.0969725479372 16.3097323356196 16.0744956647977 16.1454969770275 16.7350230240263 9.86999977938831 -9999 -9999 -9999 -9999 -9999 -9999 -9999 -9999
12.4498428162187 12.4584490358829 12.4964598393999 12.6571092731319 12.6714529725723 12.6850794870406 12.6513717933558 12.8701132098213 13.096743660979 13.136906019412 12.9296395624988 13.2272713258862 13.1906948923133 13.3126163375564 13.4876094707288 13.2717367941514 12.5344706429169 12.9504379266873 12.3200323362835 12.6069063250907 13.0888546262868 13.176351192873 13.6611682339571 14.1287728357129 14.1868648184463 14.3281502579339 14.5963774374686 14.7061067381874 14.7799767903052 14.9513839986175 16.4963491170234 -9999 -9999 -9999 -9999 -9999 -9999 -9999 -9999 -9999 -9999 -9999 -9999 -9999 -9999 -9999 15.5251319762319 15.5064851669595 15.9819788034074 16.3742789831012 18.397896882004 17.8449996011332 -9999 -9999 -9999 -9999 -9999 -9999 -9999 -9999 -9999 -9999
12.6520889783278 12.498611394316 12.5143894637004 12.5272987931967 12.4770958451554 12.4663380705751 12.6298562441953 12.9669331810437 13.2810601987876 13.1326029095799 13.4295174879953 13.5141453146935 13.3821832798421 13.1282997997478 12.7166356258094 12.4720755503513 12.7496261345223 13.0121158342808 12.97984251054 12.9683675509878 13.3979613492265 13.2114932565019 13.6898556328379 14.3661610614508 10.6604035029962 11.9749997323379 14.7792596053332 14.6609240849502 14.9750511026941 14.9807885824703 15.370220022276 16.0587598702722 19.9392750817351 -9999 -9999 -9999 -9999 -9999 -9999 -9999 -9999 -9999 -9999 -9999 -9999 -9999 -9999 -9999 -9999 -9999 -9999 -9999 -9999 -9999 -9999 -9999 -9999 -9999 -9999 -9999 -9999 -9999
12.5674611516297 12.7352824350819 12.6298562441953 12.6348765389994 12.7689901287667 12.4398022266105 12.8249305565841 13.3656880254857 13.3649708405137 13.4725485863164 13.6353495749645 12.8722647647373 12.9583269613795 13.3212225572206 12.4570146659389 12.4527115561068 12.6248359493911 13.1146732852794 13.0113986493088 13.5076906499453 13.5012359851971 13.6023590662517 13.5335093089379 14.1122775813565 14.3130893735215 14.4206671193242 14.4974059113301 14.8330484782346 14.9664448830299 15.1543473456986 15.6011535832658 16.3900570524856 -9999 -9999 -9999 -9999 -9999 -9999 -9999 -9999 -9999 -9999 -9999 -9999 -9999 -9999 -9999 -9999 -9999 -9999 -9999 -9999 -9999 -9999 -9999 -9999 -9999 -9999 -9999 -9999 -9999 -9999
12.7818994582631 13.0694906320423 13.1541184587404 12.9353770422749 12.5380565677769 12.3272041860037 12.341189292958 12.462393553229 13.5464186384343 12.6642811228521 12.9870143602602 13.2322916206904 12.899517793674 12.9611957012676 12.9884487302043 13.3506271410733 13.3922238694504 13.5944700315595 13.5657826326787 13.6037934361957 13.7300179912709 13.8462019567378 14.0190435349941 14.2958769341931 14.4723044373095 14.5884884027764 14.8079470042139 15.4340494847856 15.5466475253925 15.5251319762319 16.3133182604797 16.7034668852575 17.9947736866307 -9999 -9999 -9999 -9999 -9999 -9999 -9999 -9999 -9999 -9999 -9999 -9999 -9999 -9999 -9999 -9999 -9999 -9999 -9999 -9999 -9999 -9999 -9999 -9999 -9999 -9999 -9999 -9999 -9999
13.1046326956712 13.1003295858391 13.1318857246079 13.1304513546638 12.6334421690553 12.8550523254089 12.5922040331643 12.6649983078241 13.5629138927907 13.3326975167729 13.4036988290027 13.7085024421103 13.7006134074181 13.8304238873534 13.8304238873534 13.7802209393121 13.9315469684079 13.8304238873534 13.6353495749645 13.6382183148526 13.6532791992649 13.9573656274006 14.2844019746408 14.5949430675246 14.8689077268355 14.7190160676837 14.7233191775158 15.2174596232362 15.4828180628829 15.5803552190773 16.3556321738288 15.8274254419375 13.9967331889299 -9999 -9999 -9999 -9999 -9999 -9999 -9999 -9999 -9999 -9999 -9999 -9999 -9999 -9999 -9999 -9999 -9999 -9999 -9999 -9999 -9999 -9999 -9999 -9999 -9999 -9999 -9999 -9999 -9999
