EcologicalScience/Bass/data/rs_data_bass/sst_125.asc
NCOLS 226 
NROWS 124 
XLLCORNER -9.41648524995501 
YLLCORNER 47.587301625531 
CELLSIZE 0.0833 
NODATA_value -9999 
[rows 0 to 26 of 124, columns 0 to 61 of 226]
-9999.000000000000000 -9999 -9999 -9999 -9999 -9999 -9999 -9999 -9999 -9999 -9999 -9999 -9999 -9999 -9999 -9999 -9999 -9999 -9999 -9999 -9999 -9999 -9999 -9999 -9999 -9999 -9999 -9999 -9999 -9999 -9999 -9999 -9999 -9999 -9999 -9999 -9999 -9999 -9999 -9999 -9999 -9999 -9999 -9999 -9999 -9999 -9999 -9999 -9999 -9999 -9999 -9999 -9999 -9999 -9999 -9999 -9999 -9999 -9999 -9999 -9999 -9999
-9999 -9999 -9999 -9999 -9999 -9999 -9999 -9999 -9999 -9999 -9999 -9999 -9999 -9999 -9999 -9999 -9999 -9999 -9999 -9999 -9999 -9999 -9999 -9999 -9999 -9999 -9999 -9999 -9999 -9999 -9999 -9999 -9999 -9999 -9999 -9999 -9999 -9999 -9999 -9999 -9999 -9999 -9999 -9999 -9999 -9999 -9999 -9999 -9999 -9999 -9999 -9999 -9999 -9999 -9999 -9999 -9999 -9999 -9999 -9999 -9999 -9999
-9999 -9999 -9999 -9999 -9999 -9999 -9999 -9999 -9999 -9999 -9999 -9999 -9999 -9999 -9999 -9999 -9999 -9999 -9999 -9999 -9999 -9999 -9999 -9999 -9999 -9999 -9999 -9999 -9999 -9999 -9999 -9999 -9999 -9999 -9999 -9999 -9999 -9999 -9999 -9999 -9999 -9999 -9999 -9999 -9999 -9999 -9999 -9999 -9999 -9999 -9999 -9999 -9999 -9999 -9999 -9999 -9999 -9999 -9999 -9999 -9999 -9999
-9999 -9999 -9999 -9999 -9999 -9999 -9999 -9999 -9999 -9999 -9999 -9999 -9999 -9999 -9999 -9999 -9999 -9999 -9999 -9999 -9999 -9999 -9999 -9999 -9999 -9999 -9999 -9999 -9999 -9999 -9999 -9999 -9999 -9999 -9999 -9999 -9999 -9999 -9999 -9999 -9999 -9999 -9999 -9999 -9999 -9999 -9999 -9999 -9999 -9999 -9999 -9999 -9999 -9999 -9999 -9999 -9999 -9999 -9999 -9999 -9999 -9999
-9999 -9999 -9999 -9999 -9999 -9999 -9999 -9999 -9999 -9999 -9999 -9999 -9999 -9999 -9999 -9999 -9999 -9999 -9999 -9999 -9999 -9999 -9999 -9999 -9999 -9999 -9999 -9999 -9999 -9999 -9999 -9999 -9999 -9999 -9999 -9999 -9999 -9999 -9999 -9999 -9999 -9999 -9999 -9999 -9999 -9999 -9999 -9999 -9999 -9999 -9999 -9999 -9999 -9999 -9999 -9999 -9999 -9999 -9999 -9999 -9999 -9999
-9999 -9999 -9999 -9999 -9999 13.6449996950105 13.5799996964633 13.7449996927753 13.9099996890873 13.9749996876344 14.1099996846169 14.0299996864051 13.9299996886402 14.0099996868521 14.0749996853992 13.9649996878579 14.0599996857345 13.8399996906519 13.4799996986985 13.7249996932223 13.6649996945634 13.9299996886402 14.2749996809289 14.524999675341 14.8699996676296 12.4004542682828 14.049999685958 14.4299996774644 14.5449996748939 14.2399996817112 13.9649996878579 13.75999969244 13.9792589467985 12.3424319444463 12.3249997245148 7.10408577352816 10.9015111514901 12.2299997266382 13.2327583249145 13.3078568454034 13.7549996925518 13.6339996952564 13.6469996949658 11.4249997446314 -9999 -9999 -9999 -9999 -9999 -9999 -9999 -9999 -9999 -9999 -9999 -9999 -9999 -9999 -9999 -9999 -9999 -9999
-9999 -9999 -9999 -9999 -9999 13.6999996937811 13.6699996944517 13.7399996928871 13.8449996905401 14.0149996867403 13.9749996876344 13.9149996889755 13.7949996916577 13.8499996904284 14.1299996841699 14.1449996838346 13.9999996870756 13.944999688305 14.1699996832758 13.3149997023866 13.4099997002631 13.5649996967986 14.069999685511 14.1249996842816 12.7799997143447 7.6739773566466 13.9849996874109 14.2549996813759 14.089999685064 14.2299996819347 14.3349996795878 14.484999676235 14.0674996855669 7.84465169454925 7.75299103571368 11.8439363048304 12.0099997315556 -9999 11.4212497447152 11.4212497447152 13.5459996972233 14.4449996771291 14.379999678582 13.4649996990338 11.4921713837009 11.8710094551813 -9999 -9999 -9999 -9999 -9999 -9999 -9999 -9999 -9999 -9999 -9999 -9999 -9999 -9999 -9999 -9999
-9999 -9999 -9999 -9999 -9999 13.7649996923283 13.6849996941164 13.9849996874109 14.1449996838346 14.2899996805936 14.2699996810406 14.2049996824935 14.2399996817112 14.0199996866286 14.0349996862933 13.9649996878579 13.9149996889755 13.8549996903166 13.7199996933341 13.924999688752 13.3049997026101 13.3199997022748 13.3349997019395 13.6499996948987 13.8849996896461 13.178845859276 14.1149996845052 14.069999685511 13.9199996888638 13.9549996880814 14.1399996839464 14.2449996815994 14.0299996864051 13.5499996971339 15.1299996618181 13.1762497054879 9.70525305435575 12.3099997248501 12.0549997305498 11.6680832882307 10.3429702316925 13.2528568466327 12.329999724403 13.0783330410098 14.0299996864051 11.7758820897297 -9999 -9999 -9999 -9999 -9999 -9999 -9999 -9999 -9999 -9999 -9999 -9999 -9999 -9999 -9999 -9999
-9999 -9999 -9999 -9999 -9999 13.8749996898696 13.904999689199 13.7349996929988 14.1649996833876 14.2299996819347 14.2599996812642 14.359999679029 14.4499996770173 14.3849996784702 14.2249996820465 14.1099996846169 14.0849996851757 14.0749996853992 14.0399996861815 13.75999969244 12.9499997105449 13.0949997073039 13.1249997066334 14.21499968227 8.75548367526743 13.6035711245079 13.8499996904284 13.9649996878579 14.1049996847287 13.3199997022748 13.4749996988103 14.0999996848404 14.5749996742234 14.3649996789172 14.6649996722117 14.9949996648356 13.8383330240225 13.3829997008666 12.7005060531691 12.4585165620488 9.14797409720205 11.5826075135657 11.2494577630999 9.75040887455301 10.7340283271375 9.63853643138081 9.33499979134649 -9999 -9999 -9999 -9999 -9999 -9999 -9999 -9999 -9999 -9999 -9999 -9999 -9999 -9999 -9999
-9999 -9999 -9999 -9999 -9999 14.3099996801466 13.9749996876344 13.2499997038394 13.9199996888638 14.1099996846169 14.3499996792525 14.2899996805936 14.2899996805936 14.2999996803701 14.2799996808171 14.1549996836111 14.0599996857345 14.0249996865168 13.8249996909872 13.344999701716 13.1249997066334 13.3499997016042 13.4599996991456 13.4299996998161 13.3599997013807 13.5899996962398 13.7299996931106 13.8649996900931 13.5549996970221 13.5999996960163 13.6099996957928 13.9649996878579 13.9849996874109 13.8899996895343 13.9149996889755 13.9299996886402 14.1849996829405 13.8549996903166 14.4499996770173 14.1199996843934 14.0049996869639 13.3864282722186 11.2033119296467 13.1349997064099 12.1443134540436 13.3988868512987 12.0949997296557 -9999 -9999 -9999 -9999 -9999 -9999 -9999 -9999 -9999 -9999 -9999 -9999 -9999 -9999 -9999
-9999 -9999 -9999 -9999 -9999 14.4549996769056 14.379999678582 14.1799996830523 14.0799996852875 14.2199996821582 14.5549996746704 14.5949996737763 14.5849996739998 14.5699996743351 14.6549996724352 14.5649996744469 14.21499968227 13.7949996916577 13.7299996931106 13.654999694787 13.5549996970221 13.4199997000396 13.2249997043982 12.9799997098744 13.0799997076392 13.4849996985868 13.4849996985868 13.654999694787 13.8849996896461 13.9399996884167 13.9849996874109 13.9899996872991 14.0099996868521 14.1649996833876 13.944999688305 13.9549996880814 13.8449996905401 13.8249996909872 13.8099996913224 14.5649996744469 15.2949996581301 15.2699996586889 14.5749996742234 13.8099996913224 12.6343962158642 12.039999730885 -9999 -9999 -9999 -9999 -9999 -9999 -9999 -9999 -9999 -9999 -9999 -9999 -9999 -9999 -9999 -9999
-9999 -9999 -9999 -9999 -9999 14.3849996784702 14.3949996782467 14.3299996796995 14.2799996808171 14.359999679029 14.4299996774644 14.3049996802583 14.0399996861815 14.5499996747822 14.649999672547 14.5899996738881 14.4399996772408 14.2399996817112 13.8349996907637 13.7399996928871 13.75999969244 13.6499996948987 13.6049996959046 13.6699996944517 13.0149997090921 13.5499996971339 13.5299996975809 13.614999695681 13.8449996905401 13.8649996900931 13.9499996881932 14.0949996849522 15.0999996624887 15.0949996626005 15.1699996609241 14.3849996784702 13.8099996913224 13.4099997002631 15.0199996642768 15.1299996618181 15.3149996576831 15.3849996561185 15.4449996547773 12.6424997174181 12.520348174576 12.7743282292582 12.2549997260794 -9999 -9999 -9999 -9999 -9999 -9999 -9999 -9999 -9999 -9999 -9999 -9999 -9999 -9999 -9999
-9999 -9999 -9999 -9999 -9999 14.1749996831641 14.2399996817112 14.1699996832758 14.0349996862933 13.9399996884167 14.2199996821582 14.2799996808171 14.1899996828288 14.089999685064 14.1999996826053 14.4649996766821 14.3999996781349 14.2099996823817 13.9699996877462 13.6049996959046 13.6699996944517 13.5249996976927 13.4399996995926 13.3549997014925 13.4949996983632 13.779999691993 13.904999689199 14.0799996852875 14.0299996864051 14.21499968227 14.9849996650591 13.5149996979162 13.6249996954575 13.4399996995926 13.9199996888638 14.0149996867403 14.0349996862933 13.9899996872991 13.8199996910989 14.2099996823817 14.5849996739998 15.0099996645004 14.3083330135172 14.3149996800348 11.5505406391423 12.1299997288734 -9999 -9999 -9999 -9999 -9999 -9999 -9999 -9999 -9999 -9999 -9999 -9999 -9999 -9999 -9999 -9999
-9999 -9999 -9999 -9999 -9999 14.339999679476 14.2099996823817 14.21499968227 14.0749996853992 13.8149996912107 13.8399996906519 14.2299996819347 14.3849996784702 14.2799996808171 14.6149996733293 14.774999669753 14.6799996718764 14.6049996735528 14.3549996791407 13.8599996902049 13.5899996962398 13.4949996983632 13.3549997014925 13.8049996914342 13.509999698028 13.9549996880814 14.234999681823 14.2049996824935 14.1149996845052 13.9549996880814 13.8499996904284 13.8299996908754 13.799999691546 13.7949996916577 13.7349996929988 13.8699996899813 14.1599996834993 14.1349996840581 14.1299996841699 14.0149996867403 13.9949996871874 15.1199996620417 14.9949996648356 13.2698317094967 11.8749997345731 -9999 -9999 -9999 -9999 -9999 -9999 -9999 -9999 -9999 -9999 -9999 -9999 -9999 -9999 -9999 -9999 -9999
-9999 -9999 -9999 -9999 -9999 14.2849996807054 14.1449996838346 14.1049996847287 14.0599996857345 14.1149996845052 14.234999681823 14.2599996812642 14.379999678582 14.5999996736646 14.6699996720999 14.7349996706471 14.7699996698648 14.6899996716529 14.3549996791407 14.21499968227 14.2849996807054 13.8249996909872 14.1499996837229 14.1799996830523 13.5399996973574 14.1599996834993 14.359999679029 14.3149996800348 14.21499968227 14.1599996834993 14.1449996838346 14.3949996782467 14.359999679029 14.5999996736646 14.7199996709824 14.5599996745586 13.9549996880814 15.3399996571243 13.9029996892437 14.1096150692409 14.1096150692409 11.8284200001351 12.0824594766306 12.4912703298346 12.2736690946373 11.7509243998274 -9999 -9999 -9999 -9999 -9999 -9999 -9999 -9999 -9999 -9999 -9999 -9999 -9999 -9999 -9999 -9999
-9999 -9999 -9999 -9999 -9999 14.2199996821582 14.1149996845052 14.1299996841699 14.3049996802583 14.379999678582 14.4199996776879 14.3899996783584 14.3649996789172 14.3049996802583 14.649999672547 14.6199996732175 14.5899996738881 14.5849996739998 14.6649996722117 14.7449996704236 14.7399996705353 14.4949996760115 14.339999679476 14.524999675341 14.7999996691942 14.6649996722117 14.504999675788 14.5499996747822 14.8499996680766 15.0499996636063 14.5149996755645 14.2549996813759 14.3299996796995 14.379999678582 15.1049996623769 15.2799996584654 15.4199996553361 15.3949996558949 15.3899996560067 13.7216663599635 13.6392854094239 12.2809997254983 11.8031019930874 -9999 -9999 -9999 -9999 13.2249997043982 13.2249997043982 -9999 -9999 -9999 -9999 -9999 -9999 -9999 -9999 -9999 -9999 -9999 -9999 -9999
-9999 -9999 -9999 -9999 -9999 14.2699996810406 14.1699996832758 14.3099996801466 14.4549996769056 14.504999675788 14.4199996776879 14.484999676235 14.6849996717647 14.7199996709824 14.6099996734411 13.7199996933341 13.6749996943399 14.5399996750057 14.5099996756762 14.629999672994 14.7999996691942 14.8449996681884 14.5899996738881 14.5299996752292 14.5649996744469 14.6249996731058 14.6549996724352 14.6899996716529 14.6099996734411 14.7999996691942 14.291666347223 14.3512496792246 15.1949996603653 14.4699996765703 14.4399996772408 14.2749996809289 14.2949996804819 14.3949996782467 13.9038294764592 -9999 -9999 -9999 -9999 -9999 -9999 -9999 -9999 -9999 -9999 -9999 -9999 -9999 -9999 -9999 -9999 -9999 -9999 -9999 -9999 -9999 -9999 -9999
-9999 -9999 -9999 -9999 -9999 14.4249996775761 14.2949996804819 14.2649996811524 14.3249996798113 14.4649996766821 14.6849996717647 14.194999682717 14.5399996750057 14.7549996702 14.8199996687472 14.1699996832758 13.6449996950105 14.3899996783584 14.3999996781349 14.3999996781349 14.5549996746704 15.0299996640533 15.0999996624887 14.9849996650591 14.6399996727705 14.6249996731058 14.6249996731058 14.5199996754527 14.4499996770173 14.339999679476 14.2899996805936 14.1849996829405 14.9349996661767 15.0899996627122 14.2599996812642 14.2849996807054 14.4349996773526 14.7199996709824 13.9729996876791 12.624030346144 11.6199997402728 -9999 -9999 -9999 -9999 -9999 -9999 -9999 -9999 -9999 -9999 -9999 -9999 -9999 -9999 -9999 -9999 -9999 -9999 -9999 -9999 -9999
-9999 -9999 -9999 -9999 -9999 14.379999678582 14.3199996799231 14.3149996800348 14.2899996805936 14.5599996745586 14.6849996717647 14.8149996688589 14.7699996698648 14.5149996755645 14.3699996788055 14.5649996744469 14.4149996777996 13.9149996889755 14.339999679476 14.6999996714294 14.7799996696413 15.0499996636063 15.1199996620417 14.8899996671826 14.7099996712059 14.6249996731058 14.5749996742234 14.5749996742234 14.4949996760115 14.5899996738881 14.5949996737763 15.4849996538833 15.499999653548 15.4499996546656 14.8849996672943 14.359999679029 14.3249996798113 14.8449996681884 15.2199996598065 7.76997709040823 13.0003265551961 -9999 -9999 13.8499996904284 13.8649996900931 13.924999688752 -9999 -9999 -9999 -9999 -9999 -9999 -9999 -9999 -9999 -9999 -9999 -9999 -9999 -9999 -9999 -9999
-9999 -9999 -9999 -9999 -9999 14.4149996777996 14.3199996799231 14.234999681823 14.2599996812642 14.4549996769056 14.6199996732175 14.4949996760115 14.7249996708706 14.5999996736646 14.649999672547 14.6549996724352 14.7299996707588 14.4149996777996 14.2099996823817 13.9849996874109 14.3199996799231 14.9299996662885 15.0549996634945 14.7449996704236 14.7499996703118 14.7699996698648 14.7899996694177 14.7449996704236 14.6799996718764 14.7599996700883 14.2999996803701 14.7499996703118 15.3699996564537 14.9349996661767 15.0099996645004 15.3299996573478 14.1049996847287 14.1049996847287 14.2866663473348 14.1833330163111 14.9549996657297 15.084999662824 13.799999691546 13.8249996909872 13.904999689199 13.9749996876344 -9999 -9999 -9999 -9999 -9999 -9999 -9999 -9999 -9999 -9999 -9999 -9999 -9999 -9999 -9999 -9999
-9999 -9999 -9999 -9999 -9999 14.5799996741116 14.5549996746704 14.5549996746704 14.6449996726587 14.6849996717647 14.7399996705353 14.6799996718764 14.6649996722117 14.6599996723235 14.7699996698648 14.8049996690825 14.7299996707588 14.6349996728823 14.524999675341 14.1249996842816 13.9299996886402 14.0399996861815 15.0999996624887 15.1349996617064 15.064999663271 14.7149996710941 14.6949996715412 14.7149996710941 14.9049996668473 15.3149996576831 15.2699996586889 14.794999669306 14.8699996676296 14.7499996703118 15.3449996570125 15.1999996602535 15.2749996585771 14.3849996784702 14.1599996834993 13.9999996870756 14.0849996851757 14.0849996851757 14.3549996791407 14.2099996823817 13.75999969244 13.7749996921048 -9999 -9999 -9999 -9999 -9999 -9999 -9999 -9999 -9999 -9999 -9999 -9999 -9999 -9999 -9999 -9999
-9999 -9999 -9999 -9999 -9999 14.7649996699765 14.5699996743351 14.3199996799231 14.6799996718764 14.8549996679649 14.9599996656179 14.939999666065 14.939999666065 14.9249996664003 14.8699996676296 14.8399996683002 14.7999996691942 14.5449996748939 14.5749996742234 14.8649996677414 14.5499996747822 14.21499968227 14.6399996727705 14.9699996653944 15.0399996638298 15.0599996633828 15.0599996633828 14.2549996813759 14.794999669306 14.919999666512 15.3699996564537 15.2699996586889 14.8299996685237 14.7499996703118 15.3999996557832 15.3699996564537 15.4199996553361 14.899999666959 13.9099996890873 14.7999996691942 14.1049996847287 14.1549996836111 13.904999689199 14.9099996667355 13.7209996933118 13.5109996980056 13.5907689269919 -9999 -9999 -9999 -9999 -9999 -9999 -9999 10.9150669761002 -9999 -9999 -9999 -9999 -9999 -9999 -9999
-9999 -9999 -9999 -9999 -9999 14.6749996719882 14.504999675788 14.4299996774644 14.6699996720999 14.8049996690825 14.9549996657297 14.9999996647239 14.9949996648356 15.0299996640533 14.9449996659532 14.9149996666238 14.9649996655062 14.5899996738881 14.8499996680766 14.7099996712059 14.9799996651709 14.3649996789172 14.6649996722117 14.8149996688589 14.6799996718764 14.939999666065 14.939999666065 14.7649996699765 14.1249996842816 14.2599996812642 15.0499996636063 14.6599996723235 14.6599996723235 15.7749996474013 14.4449996771291 14.4399996772408 14.484999676235 15.2599996589124 14.4449996771291 14.7249996708706 15.0199996642768 15.0749996630475 15.0999996624887 13.7157139791442 14.0583330191051 14.0599996857345 11.2048097047955 -9999 12.7199997156858 12.7199997156858 -9999 -9999 -9999 -9999 -9999 -9999 -9999 -9999 -9999 -9999 -9999 -9999
-9999 -9999 -9999 -9999 -9999 14.9499996658415 14.9149996666238 14.7999996691942 14.7049996713176 14.5949996737763 14.6849996717647 14.8049996690825 14.9599996656179 15.0499996636063 15.0499996636063 14.9949996648356 14.7499996703118 14.9549996657297 14.9999996647239 15.0899996627122 15.1249996619299 14.9349996661767 14.9999996647239 14.9649996655062 14.1199996843934 14.5799996741116 15.1799996607006 14.3049996802583 14.3299996796995 14.2099996823817 13.6449996950105 13.6449996950105 15.5699996519834 15.4549996545538 15.4699996542186 15.2049996601418 15.3699996564537 15.4049996556714 15.2449996592477 15.2499996591359 15.2199996598065 10.2586200930178 11.5821425982618 11.5828568839601 13.9012496892828 13.6430766181304 -9999 13.9114282604839 14.1299996841699 14.2564282527726 -9999 -9999 -9999 12.5696293486765 12.5801849039961 -9999 -9999 -9999 -9999 -9999 -9999 -9999
-9999 -9999 -9999 -9999 -9999 14.9099996667355 14.8649996677414 14.8549996679649 14.7549996702 14.6799996718764 14.6849996717647 14.7399996705353 14.7799996696413 14.9699996653944 14.8099996689707 14.5999996736646 14.5799996741116 14.4199996776879 14.3499996792525 14.5799996741116 14.9699996653944 15.20999966003 15.3049996579066 15.1699996609241 15.3949996558949 14.8949996670708 14.2549996813759 14.2749996809289 14.4449996771291 14.7399996705353 15.1099996622652 15.2599996589124 15.479999653995 15.519999653101 15.1799996607006 15.1799996607006 15.6049996512011 15.5849996516481 14.5409996749833 -9999 -9999 14.0262496864889 14.8449996681884 14.8549996679649 14.8649996677414 13.6842854084181 -9999 14.3357139652861 14.1899996828288 14.1899996828288 -9999 -9999 13.5659996967763 14.0049996869639 14.0169996866956 -9999 -9999 -9999 -9999 -9999 -9999 -9999
-9999 -9999 -9999 -9999 -9999 14.9349996661767 14.9499996658415 14.939999666065 14.8299996685237 14.7849996695295 14.6899996716529 14.7999996691942 14.8549996679649 14.9549996657297 14.9099996667355 14.8949996670708 14.9599996656179 14.6099996734411 14.5849996739998 14.5099996756762 15.2449996592477 15.0949996626005 15.334999657236 15.3699996564537 15.3699996564537 15.3999996557832 12.7149997157976 11.9799997322261 14.1399996839464 13.3949997005984 13.4399996995926 13.509999698028 13.4149997001514 15.4199996553361 14.4249996775761 13.9399996884167 8.10305661153372 7.97849812660588 7.8349998248741 -9999 14.1823553512314 15.0149996643886 14.8599996678531 14.9099996667355 14.9299996662885 14.8224996686913 8.08614935835993 -9999 13.110713992667 15.2199996598065 15.2249996596947 15.2349996594712 14.1659996833652 14.1659996833652 7.99350073154395 -9999 -9999 -9999 -9999 -9999 -9999 -9999
-9999 -9999 -9999 -9999 -9999 14.9749996652827 15.0349996639416 14.9899996649474 14.9049996668473 14.8599996678531 14.8549996679649 14.8799996674061 14.9849996650591 15.0149996643886 14.9599996656179 15.0349996639416 15.1199996620417 15.1999996602535 15.0899996627122 15.2049996601418 15.3649996565655 15.2349996594712 15.2199996598065 15.3649996565655 15.2649996588007 14.8949996670708 14.2699996810406 14.1699996832758 14.1449996838346 14.692499671597 14.692499671597 14.7299996707588 14.7449996704236 13.3349997019395 13.1099997069687 13.469999698922 13.469999698922 14.5787496741395 -9999 10.9242340183339 14.9099996667355 15.0199996642768 15.1149996621534 14.089999685064 14.2249996820465 14.1399996839464 -9999 14.899999666959 14.5999996736646 14.3949996782467 14.9249996664003 15.1299996618181 15.1949996603653 15.3949996558949 13.8899996895343 -9999 -9999 -9999 -9999 -9999 -9999 -9999
