EcologicalScience/Bass/data/rs_data_bass/sst_432.asc
NCOLS 226 
NROWS 124 
XLLCORNER -9.41648524995501 
YLLCORNER 47.587301625531 
CELLSIZE 0.0833 
NODATA_value -9999 
[rows 54 to 80 of 124, columns 0 to 61 of 226]
-9999 -9999 -9999 -9999 -9999 -9999 -9999 -9999 -9999 -9999 -9999 -9999 -9999 -9999 -9999 -9999 -9999 -9999 -9999 -9999 -9999 -9999 -9999 -9999 -9999 -9999 -9999 -9999 -9999 -9999 -9999 -9999 -9999 -9999 -9999 -9999 -9999 -9999 10.8379484979326 9.34825687389821 9.1063264766708 8.88399913534522 8.79291664389893 8.33965574158356 5.34469129843637 5.70543533936143 7.3255561911501 8.61505477083847 7.97604296077043 8.11589403031394 6.34731588931754 8.37981810001656 8.61505477083847 6.42979216109961 8.73625903110951 8.31025115773082 6.39249854255468 7.42237616237253 9.94331002641469 -9999 -9999 10.3228770992053
-9999 -9999 -9999 -9999 -9999 -9999 -9999 -9999 -9999 -9999 -9999 -9999 -9999 -9999 -9999 -9999 -9999 -9999 -9999 -9999 -9999 -9999 -9999 -9999 -9999 -9999 -9999 -9999 -9999 -9999 -9999 -9999 -9999 -9999 -9999 -9999 -9999 -9999 11.9399997331202 8.23315377323888 8.80008849361911 8.55481123318896 8.53688160888851 8.34395885141566 8.37479780521244 4.67699208948761 7.71642200089991 6.90385142760351 7.99397258507088 7.98393199546263 8.31383708259091 6.35520492400974 8.55194249330088 8.82016967283562 8.51536605972797 8.75490584038198 9.1500747599639 8.63449048358016 -9999 13.6649996945634 -9999 13.3149997023866
-9999 -9999 -9999 -9999 -9999 -9999 -9999 -9999 -9999 -9999 -9999 -9999 -9999 -9999 -9999 -9999 -9999 -9999 -9999 -9999 -9999 -9999 -9999 -9999 -9999 -9999 -9999 -9999 -9999 -9999 -9999 -9999 -9999 -9999 -9999 -9999 -9999 -9999 -9999 10.2990050851367 8.40850549889728 8.39774772431701 7.28109072288498 7.32125308131799 6.93253882648423 6.07765433983877 6.98202458955348 7.62749106436968 7.86272773519158 7.37145602935925 8.6243781754747 8.7039857073687 8.77929012943059 8.78000731440261 8.59353922167793 9.24259162135422 8.37372202775441 7.15988646261394 9.09948062011972 14.339999679476 -9999 -9999
-9999 -9999 -9999 -9999 -9999 -9999 -9999 -9999 -9999 -9999 -9999 -9999 -9999 -9999 -9999 -9999 -9999 -9999 -9999 -9999 -9999 -9999 -9999 -9999 -9999 -9999 -9999 -9999 -9999 -9999 -9999 -9999 -9999 -9999 -9999 -9999 -9999 -9999 -9999 14.4099996779114 8.52727133026347 8.2736747241579 6.47138888947666 6.5567339011468 6.49720754846931 6.10562455374748 5.94354075007141 6.55816827109084 7.11398662440479 8.31096834270284 8.51966916956007 8.57991270720959 8.44651630241424 8.63155002519488 10.2251350330189 8.33606981672347 8.14386424422264 8.17326882807538 9.11827955953777 8.97006133198738 10.388653206639 -9999
-9999 -9999 -9999 -9999 -9999 -9999 -9999 -9999 -9999 -9999 -9999 -9999 -9999 -9999 -9999 -9999 -9999 -9999 -9999 -9999 -9999 -9999 -9999 -9999 -9999 -9999 -9999 -9999 -9999 -9999 -9999 -9999 -9999 -9999 -9999 -9999 -9999 -9999 -9999 -9999 8.80977049074136 8.64254686143249 6.65785698220134 8.43241166463122 5.81659901002422 5.27297280123457 5.67603075550869 7.26674702344462 7.1742301620543 7.90791038842872 8.37264625029638 8.55481123318896 8.47233496140689 8.46301155677065 7.78240301832557 7.83977781608701 7.92225408786908 7.42094179242849 9.67218541959301 8.98225347651169 9.82159895543009 9.08999979682267
-9999 -9999 -9999 -9999 -9999 -9999 -9999 -9999 -9999 -9999 -9999 -9999 -9999 -9999 -9999 -9999 -9999 -9999 -9999 -9999 -9999 -9999 -9999 -9999 -9999 -9999 -9999 -9999 -9999 -9999 -9999 -9999 -9999 -9999 -9999 -9999 -9999 -9999 -9999 -9999 10.7514552566142 7.02003539307043 8.66167179401964 8.8872264677193 8.60453605791554 5.35975218284875 4.30764182889834 7.00640887860209 7.10538040474057 7.72431103559211 8.37121188035235 8.25861383974552 8.33893855661154 8.37766654510051 8.37981810001656 7.90360727859661 7.84121218603104 8.18761252751574 7.94735556188971 16.1437912397968 -9999 -9999
-9999 -9999 -9999 -9999 -9999 -9999 -9999 -9999 -9999 -9999 -9999 -9999 -9999 -9999 -9999 -9999 -9999 -9999 -9999 -9999 -9999 -9999 -9999 -9999 -9999 -9999 -9999 -9999 -9999 -9999 -9999 -9999 -9999 -9999 -9999 -9999 -9999 -9999 -9999 10.3888402983708 9.22681355196983 8.82925401581451 5.12738425191492 5.62941373232752 5.77500228164718 8.16896571824327 8.16896571824327 8.22741629346274 8.45512252207845 8.3095339727588 8.06138797244057 8.34324166644365 8.57274085748941 8.3453932213597 8.04919582791626 8.21271400153637 8.32100893231109 13.8549996903166 14.1541752712843 9.32721944805235 9.39535202039406 9.55026397434995
-9999 -9999 -9999 -9999 -9999 -9999 -9999 -9999 -9999 -9999 -9999 -9999 -9999 -9999 -9999 -9999 -9999 -9999 -9999 -9999 -9999 -9999 -9999 -9999 -9999 -9999 -9999 -9999 -9999 -9999 -9999 -9999 -9999 -9999 -9999 -9999 -9999 -9999 -9999 5.94138919515535 7.03366190753877 6.39106417261064 4.42310860939324 3.83501693233848 8.02983183367178 7.67769401241094 8.11517684534192 8.10322376247495 8.54692219849676 8.52970975916833 8.19621874717996 8.3733634352684 8.62222662055865 8.41496016364545 8.65306557435542 8.49098177067935 8.78000731440261 9.53520308993757 9.27199620520696 9.5007782112807 10.070223079063 10.7673268718645
-9999 -9999 -9999 -9999 -9999 -9999 -9999 -9999 -9999 -9999 -9999 -9999 -9999 -9999 -9999 -9999 -9999 -9999 -9999 -9999 -9999 -9999 -9999 -9999 -9999 -9999 -9999 -9999 -9999 -9999 -9999 -9999 -9999 -9999 -9999 -9999 -9999 -9999 9.99793083388358 9.00376902567223 7.34707174031064 5.32532730419189 4.72504348261282 8.5444120510947 8.39452039194293 6.45776237500831 8.69777010427788 8.28012938890606 8.64947964949533 8.59353922167793 8.56987211760134 8.45727407699451 8.44077882263809 8.24140140041709 8.76709798490629 8.77642138954252 8.43504134286195 8.72119814669713 9.50292976619676 9.23828851152211 9.46778770256788 9.13716543046758
-9999 -9999 -9999 -9999 -9999 -9999 -9999 -9999 -9999 -9999 -9999 -9999 -9999 -9999 -9999 -9999 -9999 -9999 -9999 -9999 -9999 -9999 -9999 -9999 -9999 -9999 -9999 -9999 -9999 -9999 -9999 -9999 -9999 -9999 -9999 -9999 -9999 -9999 9.17643130768556 8.91967908770312 8.51321450481191 4.26030762074515 5.96505629923195 6.96552933519706 9.06042663846165 9.3175374509301 8.47400839300826 8.43767102109268 8.86104921624064 8.72406688658521 8.66310616396368 8.46229437179863 8.28514968371019 8.15892512863502 8.66454053390771 8.60071107139811 8.66669208882377 9.87299721175805 8.84455396188423 9.99276710208505 9.32435070816427 9.16298408946022
-9999 -9999 -9999 -9999 -9999 -9999 -9999 -9999 -9999 -9999 -9999 -9999 -9999 -9999 -9999 -9999 -9999 -9999 -9999 -9999 -9999 -9999 -9999 -9999 -9999 -9999 -9999 -9999 -9999 -9999 -9999 -9999 -9999 -9999 -9999 -9999 -9999 9.95729403000755 9.97533950726502 8.6200750656426 8.8632007711567 8.54309721197933 7.96636096364819 8.27008879929781 7.52923672320321 9.01811272511259 9.88554794876836 9.00018310081214 8.27008879929781 8.45010222727433 7.53999449778348 8.40993986884132 8.36260566068813 8.4171117185615 8.66884364373982 8.90910060936585 8.72621844150126 9.552415529266 9.85937069728971 9.25908687571064 9.07477033790201 9.19740896811709
-9999 -9999 -9999 -9999 -9999 -9999 -9999 -9999 -9999 -9999 -9999 -9999 -9999 -9999 -9999 -9999 -9999 -9999 -9999 -9999 -9999 -9999 -9999 -9999 -9999 -9999 -9999 -9999 -9999 -9999 -9999 -9999 -9999 -9999 -9999 -9999 -9999 9.65706936710586 9.61337625188753 8.53616442391649 8.6559343142435 7.08458204055205 8.75131991552189 8.8710898058489 6.74965665861964 8.19550156220794 8.3375041866675 8.77713857451454 8.87897884054109 8.79291664389893 8.77140109473839 8.25717946980149 8.36332284566015 8.58493300201371 8.65952023910359 9.27414776012301 9.3293710029684 9.69370096875355 10.0551621946506 9.63919491088018 9.57823418825865 9.18449963862076
-9999 -9999 -9999 -9999 -9999 -9999 -9999 -9999 -9999 -9999 -9999 -9999 -9999 -9999 -9999 -9999 -9999 -9999 -9999 -9999 -9999 -9999 -9999 -9999 -9999 -9999 -9999 -9999 -9999 -9999 -9999 -9999 -9999 -9999 -9999 11.9098025322892 9.73386332718655 9.33582566771656 8.89619127986953 8.81299782311544 8.5763267823495 8.17111727315933 8.68892482295632 8.93635363830253 8.97723318170756 8.79578538378701 8.94495985796675 9.33510848274454 8.61003447603434 9.08983122231439 8.56772056268528 9.33654285268858 8.81371500808746 9.0625781933777 9.34730062726885 9.30355234397575 10.5141605767421 9.5603045639582 9.24617754621431 9.13142795069143 10.2516708769836 9.97125155292451
-9999 -9999 -9999 -9999 -9999 -9999 -9999 -9999 -9999 -9999 -9999 -9999 -9999 -9999 -9999 -9999 -9999 -9999 -9999 -9999 -9999 -9999 -9999 -9999 -9999 -9999 -9999 -9999 -9999 -9999 -9999 20.0515523871272 18.4549995874986 -9999 -9999 12.3250526310876 10.0257576107979 9.3731192862615 9.1299935807474 8.93133334349841 8.875392915681 8.92559586372226 8.59282203670591 8.90049438970163 8.84096803702414 8.91268653422594 9.034607979469 8.80224004853517 8.50819421000779 8.48667866084725 8.59784233151004 9.03891108930111 9.11564988130704 9.41256445972249 9.21892451727763 9.05684071360156 8.71044037211686 8.74127932591364 9.54811241943389 9.20386363286525 9.14577165013179 10.1656086803414
-9999 -9999 -9999 -9999 -9999 -9999 -9999 -9999 -9999 -9999 -9999 -9999 -9999 -9999 -9999 -9999 -9999 -9999 -9999 -9999 -9999 -9999 -9999 -9999 -9999 -9999 -9999 -9999 11.8599997349083 10.4151890506037 8.34402755962982 9.54380930960178 9.76326791103929 6.52068281294433 10.2000335589983 9.89522994589061 9.82351144868881 9.78263190528378 9.29566330928355 9.41901912447065 9.19812615308911 9.08409374253824 8.955000447575 8.76853235485032 8.83164463238791 8.75920895021409 8.6917935628444 8.58565018698573 8.56198308290914 8.76064332015812 8.62724691536278 8.96073792735115 9.20673237275332 9.15724660968408 9.51081880088896 9.21462140744552 8.84025085205212 8.91555527411401 10.4539170390926 10.2122257035226 9.05719930608757 8.90867029838264
-9999 -9999 -9999 -9999 -9999 -9999 -9999 -9999 -9999 -9999 -9999 -9999 -9999 -9999 -9999 -9999 -9999 -9999 -9999 -9999 -9999 -9999 15.211642456241 9.30068360408768 9.26123843062669 9.28418834973127 9.25263221096247 9.19956052303314 9.36020995676517 9.80773337930441 9.23255103174597 9.32506789313629 9.35447247698903 9.52803124021739 9.67361978953704 9.5086672459729 9.64349802071229 9.28992582950741 9.20816674269736 8.8710898058489 8.95858637243509 8.85602892143652 8.80152286356315 8.46444592671469 8.6480452795513 8.73697621608153 8.80726034333929 8.69251074781641 8.64876246452332 8.83307900233194 8.70255133742467 8.6917935628444 8.92631304869428 9.04608293902129 9.35949277179316 9.52301094541326 8.81012908322737 8.92774741863832 10.2584124157205 15.3499996569008 -9999 -9999
-9999 -9999 -9999 -9999 -9999 -9999 -9999 -9999 -9999 -9999 -9999 -9999 -9999 -9999 -9999 -9999 -9999 -9999 -9999 -9999 -9999 9.29494612431154 9.35088655212894 9.45487837307155 9.23685414157808 9.49934384133667 9.10058899689466 7.92225408786908 8.76996672479436 9.08839685237035 8.73769340105355 8.9786675516516 8.92272712383419 8.21701711136848 9.12569047091529 9.28275397978723 9.38172550592571 9.24259162135422 9.07118441304192 8.92774741863832 8.87897884054109 8.90479749953374 8.90838342439383 8.98440503142774 8.59712514653802 8.76422924501821 8.58134707715362 8.68533889809623 8.69394511776045 8.58923611184582 9.1780449738726 9.00018310081214 8.5845744095277 8.48524429090321 8.84993284917437 9.32548625103664 15.4749996541068 -9999 -9999 -9999 -9999 -9999
-9999 -9999 -9999 -9999 -9999 -9999 -9999 -9999 -9999 -9999 -9999 -9999 -9999 -9999 -9999 -9999 -9999 6.88018432352692 9.59974973741919 9.68724630400538 9.33367411280051 9.34801781224087 9.34299751743674 9.49145480664447 9.00018310081214 9.51583909569308 9.16800438426435 8.86104921624064 8.84527114685625 9.47495955228806 9.19740896811709 9.1780449738726 9.12784202583134 8.89834283478558 8.91268653422594 9.31000700872391 9.26984465029091 9.22537918202579 9.08265937259421 8.99157688114792 9.14146854029968 8.7635120600462 8.60501418123022 8.72908718138933 8.64517653966323 8.79721975373104 8.45010222727433 8.6243781754747 8.82662433758378 8.89690846484154 9.14003417035565 8.97064811969176 14.2949996804819 -9999 -9999 -9999 -9999 -9999 -9999 -9999 -9999 -9999
-9999 -9999 -9999 -9999 -9999 -9999 -9999 -9999 -9999 -9999 -9999 -9999 -9999 -9999 -9999 -9999 -9999 9.37957395100966 9.57464826339856 9.2060151877813 9.24474317627028 9.40180668514222 9.71306496299803 9.09126559225842 9.10847803158686 9.43623156379908 9.46133303781971 8.38627276476473 8.95571763254702 9.38674580072984 9.29422893933952 9.26841028034687 9.38172550592571 9.12138736108318 9.20099489297718 9.23685414157808 9.04177982918918 9.14362009521574 9.09628588706255 9.16657001432031 9.28920864453539 8.97293007187545 8.9112521642819 8.88399913534522 8.98583940137178 8.91053497930989 8.92200993886217 8.97293007187545 9.04106264421716 9.35232092207298 9.19420921978039 15.7099996488541 -9999 -9999 -9999 -9999 -9999 -9999 -9999 -9999 -9999 -9999
-9999 -9999 -9999 -9999 -9999 -9999 -9999 -9999 -9999 -9999 -9999 -9999 -9999 12.6681857965887 9.51225317083299 9.42619097419083 9.59472944261506 9.11278114141896 9.29207738442346 9.42117067938671 9.45559555804357 9.52014220552519 9.75824761623517 9.09269996220246 8.67601549346 8.59712514653802 9.7833490902558 9.70947903813794 9.23900569649413 9.79697560472414 9.96766562806442 9.6678823097609 9.53950619976968 9.26984465029091 9.24904628610238 9.34873499721289 9.19669178314507 9.17087312415242 8.82088685780764 8.9707785169594 9.10489210672677 9.37240210128948 9.12282173102722 9.11851862119511 9.0267189447768 8.97938473662362 8.69968259753659 8.86678669601679 9.07692189281806 9.16370127443224 9.48356577195227 10.1347697265446 13.4199997000396 -9999 -9999 -9999 -9999 -9999 -9999 24.5538453074638 24.8649994442239 -9999
-9999 -9999 -9999 -9999 -9999 -9999 -9999 -9999 -9999 -9999 9.8449997799471 9.18019652878866 5.9313486055471 9.193823043257 9.13214513566345 9.39606920536608 9.02026428002864 9.52516250032932 9.51799065060914 9.30355234397575 9.29853204917163 9.93682667426765 9.89020965108648 9.55887019401416 10.0522934547625 9.37455365620553 8.40635394398123 9.91531112510711 9.96838281303644 9.97340310784057 9.94901881879196 9.79769278969616 9.43336282391101 9.273430575151 9.2655415404588 9.30426952894777 9.24904628610238 9.25908687571064 9.14648883510381 9.14146854029968 9.46635333262384 9.54237493965775 9.8909268360585 9.32506789313629 9.1701559391804 8.98081910656765 9.03675953438506 8.86463514110073 8.97293007187545 9.04966886388138 9.21605577738956 15.045481926878 9.62480494144162 -9999 -9999 -9999 12.8028081586011 9.13521878554353 8.97120882794261 9.09858087897301 10.137182075996 17.7899996023625
-9999 -9999 -9999 -9999 -9999 -9999 -9999 20.1409473089171 9.48810794344172 9.14978788597509 9.49504073150456 8.68175297323614 9.08839685237035 9.5445264945738 9.66286201495677 9.36020995676517 8.65521712927148 9.13573106052354 9.69728689361364 9.4885860667564 8.94567704293877 6.81205175118521 8.52540664933622 10.0357982004061 8.15103609394282 9.99348428705707 9.4964751014486 9.77474287059158 9.71449933294207 9.6442152056843 9.80773337930441 9.82422863366082 9.59759818250313 9.58253729809076 9.51153598586097 9.7474898416549 9.66286201495677 9.66142764501274 9.78048035036772 9.83283485332504 9.72740866243839 9.92606889968738 9.56389048881829 9.47352518234402 9.36738180648535 9.18019652878866 8.97795036667958 8.91268653422594 8.9865565863438 9.02385020488873 8.97364725684747 8.89690846484154 9.41758475452662 8.26068101995899 9.13737034045958 8.53939175629057 8.64890590151772 8.53860285282135 9.05253760376945 9.28705708961934 9.39248328050599 14.3881526183362
-9999 -9999 -9999 -9999 -9999 8.39932553125545 9.13241408002796 8.89314324373845 8.83630633470602 9.4527268181555 9.28275397978723 8.0427411631681 9.23255103174597 9.13859980041161 9.70445874333382 9.85004729265347 8.83738211216405 9.97555466275662 9.84287544293329 9.36809899145737 9.36666462151334 8.77498701959848 9.29709767922759 9.44914089329541 9.98774680728093 9.88375498633832 9.8192083388567 9.78621783014387 9.72597429249436 9.9031189805828 9.96121096331626 9.9626453332603 9.96049377834424 9.84359262790531 10.0020905067213 10.0128482813016 10.0802636686713 9.92463452974334 10.0752433738671 10.149113425985 9.75107576651499 10.4955137674697 10.5550401201472 9.51368754077703 9.58755759289488 9.73099458729848 9.46348459273577 9.25693532079458 8.99731436092407 9.36666462151334 9.00520339561626 9.01667835516855 8.99372843606398 8.79004790401086 9.0625781933777 8.75490584038198 8.59855951648206 9.32004759833217 9.09054840728641 9.05110323382542 8.75347147043794 9.02026428002864
-9999 -9999 -9999 -9999 -9999 6.95333719067276 9.03331704651937 8.90659046196379 9.35805840184912 9.41543319961056 9.22143466467969 9.58468885300681 9.46850488753989 4.93015838460997 6.22396007413045 9.28131960984319 9.89307839097455 9.73386332718655 7.81037323223427 9.01667835516855 7.65402690833434 7.85196996061131 9.33295692782849 9.66644793981686 9.87156284181401 9.83713796315715 9.93826104421169 9.91459394013509 9.93324074940756 9.93037200951949 10.2222662931308 10.2057710387744 9.91961423493922 10.1197088421322 10.1706289751455 9.84215825796127 9.8751487666741 10.1039307727478 9.99635302694514 9.97914058761671 10.6303445422091 10.3413189984858 10.2444990272634 10.0099795414135 10.1268806918524 10.1060823276639 9.78191472031176 9.75466169137508 9.60763877211139 9.61911373166367 9.35805840184912 9.26482435548678 9.16298408946022 9.05468915868551 8.99157688114792 9.31574448850006 8.86606951104477 8.94567704293877 8.93850519321859 8.77283546468243 8.65952023910359 8.83307900233194
-9999 -9999 -9999 -9999 -9999 9.54345071711577 9.58540603797883 9.74784843414091 9.44555496843532 9.44627215340734 9.63776054093614 9.73350473470055 9.36558884405531 9.9705343679525 7.09247107524425 7.76734213391319 10.1319009866565 10.0816980386153 7.5923490007408 10.11181980744 10.0781121137552 10.2129428884946 10.0185857610777 9.75394450640306 9.30211797403172 9.68437756411731 9.91459394013509 10.0479903449304 10.109668252524 10.2100741486065 9.95260474365205 10.0415356801823 10.0601824894547 10.1663258653134 10.1304666167125 10.1146885473281 10.1369212814607 10.0816980386153 10.0981932929717 10.5220496114343 10.5536057502031 10.348490848206 10.0824152235873 10.2538224318996 10.3585314378142 10.149830610957 9.94758444884792 9.64995268546045 9.74462110176682 9.88447217131034 9.72884303238243 9.31502730352804 9.18019652878866 9.30785545380786 9.4089785348624 9.01094087539241 9.00592058058828 8.97508162679151 8.90479749953374 8.83881648210809 8.54979093838483 8.98870814125985
-9999 -9999 -9999 -9999 -9999 9.82387004117481 9.74964139657095 9.88016906147823 10.2000335589983 9.92176578985527 9.9748374777846 9.88805809617043 9.76004057866521 9.97770621767268 8.18976408243179 10.0809808536433 8.84813988674432 7.8275856715627 8.84813988674432 9.97125155292451 10.1476790560409 10.0494247148745 10.0429700501263 10.0092623564415 9.94830163381994 9.92535171471536 9.98129214253277 10.1627399404533 10.2079225936905 10.3427533684298 9.86654254700989 10.3212378192693 10.4524826691486 10.3312784088776 10.1835383046418 10.2739036111161 10.2122257035226 10.0444044200704 10.0723746339791 10.348490848206 10.4861903628334 10.6109805479646 10.866298398003 10.865581213031 10.1950132641941 10.2652973914519 10.2638630215079 10.1405072063208 9.74318673182279 9.68868067394942 9.79410686483607 10.0458387900144 9.8672597319819 9.34228033246472 9.60620440216735 9.3014007890597 9.393200465478 9.28849145956337 9.22537918202579 8.88256476540118 9.18378245364875 9.37813958106562
-9999 -9999 -9999 -9999 -9999 9.75394450640306 10.0350810154341 10.0515762697905 10.1656086803414 10.0824152235873 10.0515762697905 9.81490522902459 5.26866969140247 9.29494612431154 9.35016936715692 9.77115694573149 10.2939847903326 8.50317391520366 9.77259131567553 9.36379588162526 9.96336251823232 9.93682667426765 9.98989836219698 9.74462110176682 9.74103517690673 10.2351756226271 10.3212378192693 10.2825098307803 10.108951067552 10.2566911717877 10.0200201310217 10.3671376574785 10.4144718656316 10.3542283279821 10.2602770966478 10.0895870733075 10.0931729981676 10.2193975532427 10.1526993508451 10.2222662931308 10.6984771145508 10.8777733575553 10.9710074039176 10.7909939759411 10.8046204904094 10.5170293166302 10.1075166976079 9.93754385923967 10.11181980744 10.3068941198289 10.1871242295019 10.4883419177495 9.95619066851214 9.76111635612324 9.56245611887425 9.1859340085648 9.75753043126315 9.74103517690673 9.69298378378153 8.71832940680906 9.6958525236696 9.82494581863284
