EcologicalScience/Bass/data/rs_data_bass/sst_449.asc
NCOLS 226 
NROWS 124 
XLLCORNER -9.41648524995501 
YLLCORNER 47.587301625531 
CELLSIZE 0.0833 
NODATA_value -9999 
[rows 0 to 26 of 124, columns 62 to 123 of 226]
-9999 -9999 -9999 -9999 -9999 -9999 -9999 -9999 -9999 -9999 -9999 -9999 -9999 -9999 -9999 -9999 -9999 -9999 -9999 -9999 -9999 -9999 -9999 -9999 -9999 -9999 -9999 -9999 -9999 -9999 -9999 -9999 -9999 -9999 -9999 -9999 -9999 -9999 -9999 -9999 -9999 -9999 -9999 -9999 -9999 -9999 -9999 -9999 -9999 -9999 -9999 -9999 -9999 -9999 -9999 -9999 -9999 -9999 -9999 -9999 -9999 -9999
-9999 -9999 -9999 -9999 -9999 -9999 -9999 -9999 -9999 -9999 -9999 -9999 -9999 -9999 -9999 -9999 -9999 -9999 -9999 -9999 -9999 -9999 -9999 -9999 -9999 -9999 -9999 -9999 -9999 -9999 -9999 -9999 -9999 -9999 -9999 -9999 -9999 -9999 -9999 -9999 -9999 -9999 -9999 -9999 -9999 -9999 -9999 -9999 -9999 -9999 -9999 -9999 -9999 -9999 -9999 -9999 -9999 -9999 -9999 -9999 -9999 -9999
-9999 -9999 -9999 -9999 -9999 -9999 -9999 -9999 -9999 -9999 -9999 -9999 -9999 -9999 -9999 -9999 -9999 -9999 -9999 -9999 -9999 -9999 -9999 -9999 -9999 -9999 -9999 -9999 -9999 -9999 -9999 -9999 -9999 -9999 -9999 -9999 -9999 -9999 -9999 -9999 -9999 -9999 -9999 -9999 -9999 -9999 -9999 -9999 -9999 -9999 -9999 -9999 -9999 -9999 -9999 -9999 -9999 -9999 -9999 -9999 -9999 -9999
-9999 -9999 -9999 -9999 -9999 -9999 -9999 -9999 -9999 -9999 -9999 -9999 -9999 -9999 -9999 -9999 -9999 -9999 -9999 -9999 -9999 -9999 -9999 -9999 -9999 -9999 -9999 -9999 -9999 -9999 -9999 -9999 -9999 -9999 -9999 -9999 -9999 -9999 -9999 -9999 -9999 -9999 -9999 -9999 -9999 -9999 -9999 -9999 -9999 -9999 -9999 -9999 -9999 -9999 -9999 -9999 -9999 -9999 -9999 -9999 -9999 -9999
-9999 -9999 -9999 -9999 -9999 -9999 -9999 -9999 -9999 -9999 -9999 -9999 -9999 -9999 -9999 -9999 -9999 -9999 -9999 -9999 -9999 -9999 -9999 -9999 -9999 -9999 -9999 -9999 -9999 -9999 -9999 -9999 -9999 -9999 -9999 -9999 -9999 -9999 -9999 -9999 -9999 -9999 -9999 -9999 -9999 -9999 -9999 -9999 -9999 -9999 -9999 -9999 -9999 -9999 -9999 -9999 -9999 -9999 -9999 -9999 -9999 -9999
-9999 -9999 -9999 -9999 -9999 -9999 -9999 -9999 -9999 -9999 -9999 -9999 -9999 -9999 -9999 -9999 -9999 -9999 -9999 -9999 -9999 -9999 -9999 -9999 -9999 -9999 -9999 -9999 7.47999983280897 12.3220404542051 12.6398968338035 12.5832392210141 12.5373393828049 12.5495315273292 12.3623462496325 12.3315072958358 12.2705465732142 12.4426709664986 12.4175694924779 12.4362163017504 12.5072176139802 12.4806817700155 12.3587603247724 12.0747550758533 12.2906277524307 12.299951157067 12.0998565498739 11.8904385380447 11.9901272491552 11.9090853473172 12.0532395266928 12.1206549140625 12.0145115382038 11.9356211912818 12.0969878099859 12.1651203823276 12.1837671916001 12.1629688274115 12.1665547522716 12.0518051567487 11.5734427804127 11.4314401559532
-9999 -9999 -9999 -9999 -9999 -9999 -9999 -9999 -9999 -9999 -9999 -9999 -9999 -9999 -9999 -9999 -9999 -9999 -9999 -9999 -9999 -9999 -9999 -9999 -9999 -9999 -9999 8.21127963159233 12.422231194796 13.1706137130968 12.8342539612204 12.4527115561068 12.5301675330848 12.5545518221334 12.3300729258917 12.262657538522 12.3329416657798 12.3472853652202 12.2397076194175 12.3587603247724 12.4692068104632 12.501480134204 12.5488143423572 12.0353099023923 12.2676778333262 12.3752555791289 12.1622516424395 11.6602221620269 11.7993560465984 11.9686116999947 11.8301950003952 12.063997301273 11.9944303589873 11.9069337924011 12.259788798634 12.2648090934381 12.2554856888019 12.1522110528313 12.1973937060684 13.0278939036652 11.2851344216615 11.0699789300561
-9999 -9999 -9999 -9999 -9999 -9999 -9999 -9999 -9999 -9999 -9999 -9999 -9999 -9999 -9999 -9999 -9999 -9999 -9999 -9999 -9999 -9999 -9999 -9999 -9999 -9999 8.88981630234048 12.9303567474708 12.7302621402778 12.8862498716917 12.8062837473117 12.4813989549875 12.6119266198948 12.4864192497917 12.3652149895206 12.4900051746517 12.3264870010316 12.2475966541097 12.2038483708166 12.4017914230935 12.6040375852026 12.7159184408374 12.7065950362012 12.5595721169375 12.340830700472 12.2963652322069 12.2633747234941 12.2490310240537 12.5129550937563 12.4276100820862 11.9449445959181 12.1651203823276 12.1342814285308 12.2884761975147 12.3551743999124 12.3049714518711 12.2899105674587 12.222495180089 12.6398968338035 12.3673665444367 12.3601946947165 12.9439832619391
-9999 -9999 -9999 -9999 -9999 -9999 -9999 -9999 -9999 -9999 -9999 -9999 -9999 -9999 -9999 -9999 -9999 -9999 -9999 -9999 -9999 -9999 -9999 -9999 -9999 -9999 12.9984893198125 12.9095583832823 12.7087465911172 12.737433989998 12.7044434812851 12.5301675330848 12.5545518221334 12.381710243877 12.4125491976738 12.3924680184573 12.1636860123836 12.1844843765721 12.26194035355 12.3099917466752 12.3386791455559 12.5222784983926 12.5151066486724 12.4692068104632 12.6664326777682 12.699423186481 12.8048493773676 12.9203161578625 12.2346873246133 11.9155400120653 11.8739432836883 11.8725089137442 12.1371501684189 12.180898451712 12.2590716136619 12.419721047394 12.4111148277298 12.3967711282894 12.4311960069463 12.3766899490729 12.5581377469935 12.6900997818448
-9999 -9999 -9999 -9999 -9999 -9999 -9999 -9999 -9999 -9999 -9999 -9999 -9999 -9999 -9999 -9999 -9999 -9999 -9999 -9999 -9999 -9999 -9999 -9999 -9999 9.76926152830544 13.3854106122162 12.9425488919951 12.7869197530672 12.4487670387607 12.5620822643396 12.4347819318064 12.4555802959949 12.2863246425986 12.0202490179799 12.0030365786515 11.9929959890433 12.0977049949579 12.2153233303688 12.3200323362835 12.2755668680184 12.4455397063866 12.6649983078241 12.8772850595415 12.7460402096622 12.9360942272469 12.819193076808 12.301385527011 11.9922788040712 13.056581302546 13.2200994761661 12.1550797927193 12.100573734846 12.2533341338858 12.2131717754528 12.2848902726546 12.3451338103041 13.1526840887964 14.0792870726436 12.9066896433942 13.0752281118184 12.5925626256503
-9999 -9999 -9999 -9999 -9999 -9999 -9999 -9999 -9999 -9999 -9999 -9999 -9999 -9999 -9999 -9999 -9999 -9999 -9999 -9999 -9999 -9999 -9999 -9999 14.7873141442497 12.9888073226903 12.579653296154 12.7302621402778 12.7033677038271 12.4046601629816 12.2253639199771 12.3207495212555 12.3135776715353 12.2454450991936 12.0302896075882 11.9750663647428 11.9248634167016 12.0324411625043 12.1450392031111 12.1852015615441 12.3099917466752 12.541642492637 12.661412382964 12.9597613313235 13.0429547880776 12.9454176318832 12.9231848977506 12.3451338103041 12.4125491976738 12.2899105674587 13.4696798464283 12.4046601629816 12.4548631110229 12.3307901108637 12.4003570531495 12.5215613134205 12.7166356258094 13.0078127244487 13.0078127244487 13.0336313834414 13.2129276264459 13.4015472740866
-9999 -9999 -9999 -9999 -9999 -9999 -9999 -9999 -9999 -9999 -9999 -9999 -9999 -9999 -9999 -9999 -9999 -9999 -9999 -9999 -9999 -9999 -9999 -9999 12.4308374144603 12.7083879986312 12.6574678656179 12.6370280939154 13.1003295858391 12.936811412219 12.7094637760893 12.3860133537091 12.3128604865633 12.3680837294087 12.300668342039 12.0331583474763 11.9485305207781 11.94207585603 12.0202490179799 12.0345927174203 12.3630634346046 12.3523056600243 12.5186925735325 12.6649983078241 12.2059999257326 12.4455397063866 12.4161351225339 12.3781243190169 12.3967711282894 13.2681508692913 13.6030762512237 12.4978942093439 12.8966490537859 12.5050660590641 12.5495315273292 12.6944028916769 12.6571092731319 12.7489089495502 13.296838268172 13.0465407129377 13.216513551306 13.4273659330793
-9999 -9999 -9999 -9999 -9999 -9999 -9999 -9999 -9999 -9999 -9999 -9999 -9999 -9999 -9999 -9999 -9999 -9999 -9999 -9999 -9999 -9999 -9999 10.8349997578189 12.8772850595415 12.5581377469935 12.3130397828063 12.5212027209345 12.3784829115029 12.6528061632998 12.3716696542688 12.5151066486724 12.1550797927193 12.1966765210964 12.1923734112643 12.2131717754528 12.2805871628225 12.1149174342863 11.8890041681007 12.0718863359652 12.8263649265282 12.9188817879185 12.5631580417976 12.4290444520302 12.419721047394 12.3917508334853 12.4713583653793 12.4670552555472 12.50004576426 12.4935910995118 12.4505600011908 12.7209387356415 12.658543643076 12.6169469146989 12.8715475797653 12.7646870189346 13.8967634972651 12.8909115740098 13.016418944113 13.1799371177331 13.2509384299628 13.4833063608967
-9999 -9999 -9999 -9999 -9999 -9999 -9999 -9999 -9999 -9999 -9999 -9999 -9999 -9999 -9999 -9999 -9999 -9999 -9999 -9999 -9999 10.7476666490446 12.6420483887196 12.6880506819247 12.5189316351898 12.3647368662059 12.4294030445162 12.5753501863219 12.0155873156618 12.3060472293291 12.4584490358829 12.1902218563482 12.2447279142216 12.0661488561891 12.0984221799299 12.4720755503513 12.2970824171789 12.3336588507518 12.3580431398004 12.1364329834469 12.2432935442775 12.4118320127018 12.3494369201362 12.380275873933 12.4089632728137 12.3372447756119 12.5330362729728 12.4699239954352 12.5316019030288 12.3774071340449 12.5036316891201 12.6944028916769 12.8041321923956 12.8321024063043 12.7281105853617 12.7611010940745 13.018570499029 13.0243079788052 13.1935636322014 13.2480696900748 13.2416150253266 13.5105593898334
-9999 -9999 -9999 -9999 -9999 -9999 -9999 -9999 -9999 -9999 -9999 -9999 -9999 -9999 -9999 -9999 -9999 -9999 -9999 -9999 10.9549997551367 12.7887639429952 13.1866308441386 13.0737937418744 12.1450392031111 12.924858329352 12.4297616370022 12.6011688453145 12.4900051746517 12.4627521457151 12.3917508334853 11.9076509773731 12.1335642435588 12.1744437869638 12.2002624459565 12.2748496830463 12.2770012379624 12.2569200587459 12.2562028737739 12.1930905962363 12.4046601629816 12.4003570531495 12.4261757121421 12.4491256312467 12.4735099202953 12.5581377469935 12.4132663826458 12.4132663826458 12.5767845562659 12.6829279321246 12.7862025680952 12.8356883311644 12.8557695103809 12.7905056779273 12.938245782163 14.132717353059 13.0486922678538 13.0730765569024 13.1146732852794 13.179219932761 13.1297341696918 13.4316690429114
-9999 -9999 -9999 -9999 -9999 -9999 -9999 -9999 -9999 -9999 -9999 -9999 -9999 -9999 -9999 -9999 -9999 -9999 -9999 -9999 11.6099997404963 12.5937920856023 13.1020030174404 13.0350657533854 11.8929486854468 12.4971770243719 12.4369334867224 12.4154179375619 12.0152287231758 12.3666493594646 12.2913449374028 12.1751609719358 12.0439161220565 12.1973937060684 12.2296670298092 12.2375560645014 12.021683387924 12.3185979663394 12.3135776715353 12.2131717754528 12.2762840529904 12.381710243877 12.459883405827 12.4060945329256 12.3946195733733 12.3888820935972 12.5079347989522 12.5065004290082 12.6277046892792 12.8098696721718 12.8471632907167 12.7847681981511 12.578936111182 12.7818994582631 12.738868359942 12.9755394007079 12.9425488919951 13.1462294240482 13.2043214067817 13.3312631468289 13.21794792125 13.1813714876771
-9999 -9999 -9999 -9999 -9999 -9999 -9999 -9999 -9999 -9999 -9999 -9999 -9999 -9999 -9999 -9999 -9999 -9999 9.95968304750631 12.9152958630584 12.8851740942337 12.5980610437691 12.6967935082503 12.7517776894383 12.4921567295678 12.4878536197357 12.421155417338 12.4311960069463 12.5165410186164 12.5538346371613 12.3480025501922 12.3695180993527 12.2863246425986 12.1077455845661 12.1192205441184 12.2031311858445 12.0905331452377 12.221060810145 12.2490310240537 12.4003570531495 12.5229956833646 12.4849848798476 12.5610064868815 12.419721047394 12.5545518221334 12.5115207238123 12.6097750649787 12.6176640996709 12.6736045274884 12.8564866953529 12.7539292443544 12.7094637760893 12.7768791634589 12.9339426723309 12.7646870189346 12.9332254873589 12.8901943890378 12.2899105674587 14.2997019207105 13.3696325428318 13.2215338461101 13.096743660979
-9999 -9999 -9999 -9999 -9999 -9999 -9999 -9999 -9999 -9999 -9999 -9999 -9999 -9999 -9999 -9999 7.57346719894558 13.1646371716633 13.1247138748877 12.9992065047845 12.8277992964722 12.4945473461412 12.4256975888275 12.3781243190169 12.4175694924779 12.4233069722541 12.6865138569847 12.5201269434765 12.1744437869638 12.2583544286899 12.2016968159005 12.0582598214969 12.2052827407606 12.2734153131023 12.1701406771317 12.6269875043072 12.1765953418799 12.262657538522 12.1694234921597 12.1988280760124 12.4677724405192 12.5610064868815 12.5660267816857 12.540925307665 12.4326303768903 12.4928739145398 12.5775017412379 12.4326303768903 12.7273934003897 12.2985167871229 12.65997801302 12.7324136951938 12.9059724584222 12.8098696721718 12.7252418454736 12.6133609898388 12.7897884929553 12.9583269613795 13.1526840887964 13.4029816440307 13.3513443260454 13.2100588865578
-9999 -9999 -9999 -9999 -9999 -9999 -9999 -9999 -9999 -9999 -9999 -9999 -9999 -9999 -9999 -9999 7.95552536686882 13.6719260085374 13.1336786870379 13.3245694204234 12.7828557048924 12.5464237257838 12.5703298915178 10.7795190163888 12.4950254694559 12.5437940475531 12.6506546083838 12.6248359493911 12.1608172724955 12.1500594979152 12.1837671916001 12.1644031973556 12.1737266019918 11.9176915669814 12.0403301971965 12.3731040242128 12.4247413421981 12.4433881514706 12.4426709664986 12.3257698160596 12.1471907580271 12.4527115561068 12.6140781748109 12.5480971573852 12.6822107471526 12.4763786601834 12.4154179375619 12.5272987931967 12.500762949232 12.5538346371613 12.6277046892792 12.6133609898388 12.699423186481 12.6714529725723 12.700140371453 12.8335367762484 12.9690847359598 12.9913174700923 13.0680562620983 13.1168248401955 13.1648762333207 13.1168248401955
-9999 -9999 -9999 -9999 -9999 -9999 -9999 -9999 -9999 -9999 -9999 -9999 -9999 -9999 -9999 -9999 -9999 -9999 6.51504540028518 13.3542130659334 11.6200598035939 12.9647816261277 13.0451063429937 12.5172582035884 12.6836451170966 12.6621295679361 12.5624408568256 12.5430768625811 12.0403301971965 12.1701406771317 12.1242408389226 12.2059999257326 12.1514938678592 12.2038483708166 12.1737266019918 12.3630634346046 12.7302621402778 12.4857020648196 12.5222784983926 12.3200323362835 12.4562974809669 12.8256477415562 12.7948087877594 12.6119266198948 12.8435773658566 12.5868251458742 12.580370481126 12.5875423308462 12.7144840708934 12.7768791634589 12.3465681802481 12.4864192497917 12.5760673712939 12.5559861920774 12.4706411804073 12.6377452788875 12.7869197530672 12.8636585450731 13.0422376031056 13.0099642793648 13.0809655915946 13.1469466090202
-9999 -9999 -9999 -9999 -9999 -9999 -9999 -9999 -9999 -9999 -9999 -9999 -9999 -9999 8.22983139225405 12.4043015704956 12.3723868392408 11.6466404716193 12.6741424162174 12.580370481126 13.0479750828817 12.9590441463515 12.9303567474708 12.5108035388403 12.621250024531 12.3221838911995 12.260505983606 12.2346873246133 11.9915616190992 12.1271095788106 12.1292611337267 12.0102084283717 12.0324411625043 12.1938077812083 12.2138889604248 12.3078401917592 12.419003862422 12.302102711983 12.4261757121421 12.4304788219742 12.6542405332439 12.659260828048 12.538773752749 12.5201269434765 12.4340647468343 12.3924680184573 12.5351878278889 12.6549577182159 12.6513717933558 12.6449171286076 12.4010742381215 12.5272987931967 12.5932798106223 12.6312906141393 12.6499374234118 12.6104922499508 12.7216559206136 12.9992065047845 12.9669331810437 12.9690847359598 13.0257423487492 13.1282997997478
-9999 -9999 -9999 -9999 -9999 -9999 -9999 -9999 -9999 -9999 -9999 -9999 -9999 12.6854380795266 12.5947141805664 13.4022644590586 13.1584215685725 13.4029816440307 13.3879207596183 13.1957151871175 13.3162022624165 12.9619128862396 12.6951200766489 12.6248359493911 12.5731986314058 12.0353099023923 11.9176915669814 12.2924207148608 11.6745658614673 12.103442474734 12.18018126674 12.0847956654616 12.142170463223 12.2282326598652 12.1837671916001 12.3121433015913 12.2095858505927 12.1106143244542 12.2167577003129 12.4039429780096 12.4462568913586 12.4512771861628 12.3451338103041 12.5731986314058 12.4369334867224 12.5567033770494 12.2640919084661 12.2425763593055 12.7144840708934 12.9231848977506 12.3852961687371 12.4376506716944 12.539490937721 12.6011688453145 12.6341593540274 12.65997801302 12.6678670477122 12.898800608702 12.9210333428346 12.9934690250084 13.1605731234886 13.3118991525844
-9999 -9999 -9999 -9999 -9999 -9999 -9999 -9999 -9999 -9999 10.5009438822578 13.1548356437124 13.1752754154149 12.8916287589818 12.6782662298065 13.6002075113356 13.8383129220456 13.8834955752827 12.6223258019891 11.2020844019018 13.2695852392353 13.138340389356 12.3551743999124 12.4634693306871 12.5911282557063 12.4727927353233 12.5459456024691 11.9248634167016 12.0804925556295 12.1464735730551 11.8890041681007 12.1844843765721 12.101290919818 12.101290919818 12.1263923938386 12.1550797927193 12.1306955036707 12.1758781569079 12.142887648195 12.1873531164601 12.2891933824867 12.3960539433174 12.5043488740921 12.4075289028697 12.4770958451554 12.419721047394 12.4670552555472 12.3207495212555 12.2791527928784 12.5237128683366 12.4476912613027 12.5574205620214 12.460600590799 12.6363109089434 12.6262703193352 12.7173528107814 12.7589495391585 12.8120212270878 12.7611010940745 12.9152958630584 13.2265541409142 13.6353495749645
-9999 -9999 -9999 -9999 -9999 -9999 -9999 -9999 -9999 -9999 -9999 14.0113993927314 11.881229883004 13.3653294329997 14.0615367445862 12.2605777021032 11.9199997335672 -9999 -9999 9.22999979369342 -9999 9.71555086393307 12.3250526310876 12.3250526310876 12.500404356746 12.5559861920774 13.1734824529849 12.5853907759301 11.7233344395645 12.3078401917592 12.1923734112643 12.2655262784101 12.2942136772908 12.3279213709757 12.4799645850435 12.7058778512292 12.4455397063866 12.4068117178977 12.1486251279712 12.2648090934381 12.2985167871229 12.2942136772908 12.4247413421981 12.4527115561068 12.6011688453145 12.4892879896797 12.460600590799 12.6018860302866 12.7352824350819 12.3637806195766 12.4792474000715 12.7130497009493 12.6836451170966 12.7517776894383 12.9461348168552 12.8364055161364 12.8679616549052 12.8751335046254 12.9181646029465 12.9841456203721 13.2380291004665 13.2667164993472
-9999 -9999 -9999 -9999 -9999 -9999 -9999 -9999 -9999 -9999 -9999 -9999 -9999 -9999 -9999 -9999 -9999 -9999 -9999 -9999 -9999 -9999 -9999 -9999 -9999 12.8701132098213 13.0651875222102 12.9626300712116 12.6262703193352 12.1952421511523 12.142170463223 12.3601946947165 12.3702352843247 12.3365275906399 12.3350932206959 12.4735099202953 12.6936857067049 12.3659321744926 12.0037537636235 12.1256752088666 12.4233069722541 12.342265070416 12.3480025501922 12.4362163017504 12.4670552555472 12.5638752267696 12.4849848798476 12.4835505099036 13.1354716494679 12.937528597191 12.8227790016681 12.7632526489906 12.8557695103809 12.8514664005488 13.0314798285253 13.0400860481896 13.0451063429937 13.0400860481896 13.0128330192529 13.1017639557831 13.2911007883959 13.3886379445903
-9999 -9999 -9999 -9999 -9999 -9999 -9999 -9999 -9999 -9999 -9999 -9999 -9999 -9999 -9999 -9999 -9999 -9999 -9999 -9999 -9999 -9999 -9999 -9999 -9999 10.6396679468453 13.0321970134974 12.9561754064634 12.860072620213 12.3587603247724 12.140018908307 12.3680837294087 12.2397076194175 12.4806817700155 12.2899105674587 12.1916562262923 12.700140371453 11.9492477057502 12.0546738966368 12.8959318688139 13.1103701754473 12.5244300533086 12.6348765389994 12.4405194115825 12.380275873933 12.3587603247724 12.6513717933558 13.3298287768848 13.2287056958303 13.255958724767 13.1957151871175 13.0479750828817 13.0307626435533 13.0902889962308 13.096743660979 13.2150791813619 13.4782860660926 13.5227515343577 13.4711142163724 13.4302346729673 13.415890973527 13.3972441642545
-9999 -9999 -9999 -9999 -9999 -9999 -9999 -9999 -9999 -9999 -9999 -9999 -9999 -9999 -9999 -9999 -9999 -9999 -9999 -9999 -9999 -9999 -9999 -9999 -9999 -9999 -9999 13.0902889962308 13.0938749210909 13.1433606841601 13.0465407129377 12.1529282378033 12.262657538522 12.6750388974324 12.7245246605016 12.8234961866401 13.0020752446726 12.7130497009493 12.6506546083838 13.1196935800835 12.4032257930376 12.7897884929553 13.0874202563427 13.1347544644959 13.1871089674532 13.2918179733679 13.7006134074181 14.2973113041371 13.7773521994241 13.2394634704106 13.21794792125 13.2703024242073 13.2832117537037 13.3793145399541 13.2401806553826 13.4460127423517 13.575823222287 13.5055390950292 13.496215690393 13.5263374592178 13.4782860660926 13.5105593898334
