EcologicalScience/Bass/data/rs_data_bass/sst_474.asc
NCOLS 226 
NROWS 124 
XLLCORNER -9.41648524995501 
YLLCORNER 47.587301625531 
CELLSIZE 0.0833 
NODATA_value -9999 
[rows 81 to 107 of 124, columns 62 to 123 of 226]
14.9725896530371 -9999 -9999 -9999 -9999 -9999 -9999 -9999 -9999 -9999 -9999 -9999 -9999 -9999 -9999 -9999 -9999 -9999 -9999 -9999 -9999 -9999 -9999 -9999 -9999 -9999 -9999 -9999 -9999 -9999 -9999 -9999 -9999 -9999 -9999 -9999 -9999 -9999 -9999 -9999 -9999 -9999 -9999 -9999 -9999 -9999 -9999 -9999 -9999 -9999 -9999 -9999 -9999 -9999 -9999 -9999 -9999 -9999 -9999 -9999 -9999 -9999
11.9456982479226 -9999 -9999 -9999 -9999 -9999 -9999 -9999 -9999 -9999 -9999 -9999 -9999 -9999 -9999 -9999 -9999 -9999 -9999 -9999 -9999 -9999 -9999 -9999 -9999 -9999 -9999 -9999 -9999 -9999 -9999 -9999 -9999 -9999 -9999 -9999 -9999 -9999 -9999 -9999 -9999 -9999 -9999 -9999 -9999 -9999 -9999 -9999 -9999 -9999 -9999 -9999 -9999 -9999 -9999 -9999 -9999 -9999 -9999 -9999 -9999 -9999
-9999 -9999 -9999 -9999 -9999 -9999 -9999 -9999 -9999 -9999 -9999 -9999 -9999 -9999 -9999 -9999 -9999 -9999 -9999 -9999 -9999 -9999 -9999 -9999 -9999 -9999 -9999 -9999 -9999 -9999 -9999 -9999 -9999 -9999 -9999 -9999 -9999 -9999 -9999 -9999 -9999 -9999 -9999 -9999 -9999 -9999 -9999 -9999 -9999 -9999 -9999 -9999 -9999 -9999 -9999 -9999 -9999 -9999 -9999 -9999 -9999 -9999
-9999 -9999 -9999 -9999 -9999 -9999 -9999 -9999 -9999 -9999 -9999 -9999 -9999 -9999 -9999 -9999 -9999 -9999 -9999 -9999 -9999 -9999 -9999 -9999 -9999 -9999 -9999 -9999 -9999 -9999 -9999 -9999 -9999 11.3199997469783 11.209999749437 11.1449997508898 -9999 -9999 -9999 -9999 -9999 -9999 -9999 -9999 -9999 -9999 -9999 -9999 -9999 -9999 -9999 -9999 -9999 -9999 -9999 -9999 17.2699996139854 14.3553481187958 8.96396525972523 10.441485832911 10.1711070984602 10.3042644415982
-9999 -9999 -9999 -9999 -9999 -9999 -9999 -9999 -9999 -9999 -9999 -9999 -9999 -9999 -9999 -9999 -9999 -9999 -9999 -9999 -9999 -9999 -9999 -9999 -9999 -9999 -9999 -9999 -9999 -9999 -9999 -9999 -9999 16.4349996326491 10.668918848204 11.4440541739904 10.8593314582748 10.7916559928383 10.6052430681884 11.5634673894383 13.0538918589009 -9999 10.3784930862021 9.7675710208714 10.1778008248657 10.2363709309138 10.8428703555837 10.7721081050113 9.99491865700111 10.2029022988863 9.9255907763727 9.9322845027782 10.1799523797818 -9999 9.61355554813053 10.2115085185505 9.29315316188149 8.95715200249106 8.82770011504181 8.78251746180467 10.1613055705093 10.1644133720547
-9999 -9999 -9999 -9999 -9999 -9999 -9999 -9999 -9999 -9999 -9999 -9999 14.4249702291563 11.3749259801581 10.7605733800447 10.0207373159938 9.98559525236487 10.148396241013 10.8616933155511 -9999 -9999 -9999 -9999 -9999 -9999 11.894999734126 -9999 13.8000001459088 10.1247291369364 9.99635302694514 9.79374827235006 10.4983227419434 10.509498874424 11.3562201085939 18.2749995915219 13.5331244779773 10.5602994766086 10.1876621182309 10.1035721802618 10.0228888709098 10.1852117362432 10.2717520562001 9.78442486771382 10.3927172548138 8.79219945892692 9.11780143622309 10.1699117901735 10.0989104779437 10.0544450096786 10.2100741486065 10.03006072063 10.0006561367773 9.85626289574429 8.38878291216679 9.97698903270066 9.95069225039333 10.0735699422657 8.85423595900647 8.78431042423472 8.8474227017723 8.95571763254702 9.15186772239394
-9999 -9999 -9999 -9999 -9999 -9999 -9999 -9999 -9999 16.6506205983194 11.7481600732113 10.4484186209738 10.5316120777279 10.5399792357348 9.97304451535456 9.54022338474169 8.44651630241424 8.3733634352684 8.23136081080884 10.3235328111798 10.4260663560126 8.12487378381775 9.70460218032822 10.21784365247 10.1576001148205 10.6601077185478 -9999 10.3378526044544 9.77653583302163 10.522527734749 10.0912605049089 9.49432354653254 9.6162449917756 9.96149783730507 11.9662418713915 18.0149995973334 13.6117760167538 9.85417110624257 9.313592933584 10.3915219465271 9.3573412168771 8.89475690992549 10.1935788942501 9.35232092207298 9.42977689905092 8.91340371919796 9.41113008977845 9.85004729265347 9.41973630944267 9.59186070272699 9.96479688817635 10.0678324624896 9.80988493422046 9.9626453332603 9.87156284181401 9.81347085908055 9.90001117903739 9.99491865700111 10.0231279325671 9.19238867331296 9.2935117543675 9.29960782662965
-9999 -9999 -9999 -9999 -9999 -9999 -9999 -9999 15.5793903679178 11.2786797569133 11.000172926113 9.96479688817635 10.0601824894547 9.95260474365205 9.86510817706585 9.40467542503029 8.69251074781641 7.26029235869646 10.1773705138825 6.09988707397133 9.8352732822299 9.86080506723374 10.0549231329933 6.45991392992437 10.2987660234794 10.2679270696826 10.3040253799409 9.41650897706859 10.2430646573193 10.1830601813272 10.2031413605437 6.40469068707898 10.2105522719212 10.1010620328598 10.1256853835657 8.45512252207845 8.51966916956007 8.50030517531559 10.2571692951024 10.3501642798074 7.70494704134762 10.4285765034147 8.70757163222879 8.52038635453209 8.55481123318896 9.04321419913322 8.68533889809623 9.59508803510107 9.64672535308637 9.32076478330418 10.3731141989119 9.29494612431154 10.2339803143404 9.93276262609288 9.86678160866722 9.85458946414292 9.82518488029018 10.4137546806596 9.74784843414091 9.66429638490081 9.73135317978449 9.2856227196753
-9999 -9999 -9999 -9999 -9999 -9999 -9999 -9999 10.7149723689072 11.2440158165991 10.2502365070395 9.96479688817635 9.97770621767268 9.93682667426765 9.93539230432361 9.93826104421169 9.81992552382872 9.78263190528378 9.67361978953704 9.68509474908933 9.65820031263866 9.65497298026457 10.2330240677111 10.2827488924377 9.57177952351049 9.50364695116878 9.48356577195227 9.41471601463854 9.47495955228806 10.3085675514303 10.2583646033891 10.2122257035226 10.178039886523 10.1455275011249 10.1672821119428 10.2043366688304 10.2057710387744 8.38842431968078 10.2550177401863 9.60692158713937 10.349208033178 10.1823429963551 9.73673206707463 8.67027801368386 8.61648914078251 8.69968259753659 8.95571763254702 8.81228063814342 9.40754416491836 9.45057526323944 9.44268622854725 10.348490848206 10.3936735014431 9.78980375500396 10.3317565321922 10.1562852757052 9.83713796315715 9.15652942471206 9.30498671391979 9.77223272318952 9.78836938505992 10.3556626979262
12.4713583653793 9.40499978978187 -9999 -9999 -9999 -9999 -9999 -9999 12.8178891041316 10.1968062266242 10.03006072063 10.0149998362176 10.0214545009658 10.030777905602 10.0142826512456 10.0623340443708 9.94256415404379 9.9188970499672 9.89522994589061 9.84502699784935 9.80271308450028 9.76075776363723 9.72059540520422 10.3023519483395 9.54022338474169 9.49073762167245 9.54954678937793 9.49360636156052 9.48213140200824 9.42762534413487 10.244259965606 10.2303943894804 7.61529891984537 7.48979154974222 10.4218827770092 10.0204982543364 10.1412243912928 9.93850010586902 10.1017792178318 10.1749320849776 9.81203648913652 10.4197312220931 10.5643635247834 10.5158340083435 10.5727306827903 9.82351144868881 10.6638131742366 8.84527114685625 8.56485182279721 10.6305836038664 10.5808587791398 8.00473035965115 7.80033264262602 9.67648852942511 9.76470228098333 9.86008788226172 9.94973600376397 9.88841668865643 9.86474958457984 9.76470228098333 10.1194697804749 10.2416302873753
10.3585314378142 10.3413189984858 10.3771782470867 10.3304177869111 12.3271244987845 -9999 16.1899624452926 10.3230307816993 9.9748374777846 10.0501418998465 10.1749320849776 10.0867183334194 10.0759605588391 10.0415356801823 10.2150944434106 10.1942960792221 9.94901881879196 10.1856898595579 10.1548509057611 9.86008788226172 9.89379557594657 10.2566911717877 10.0329294605181 10.5041199871339 10.2204733307008 9.55528426915407 9.5603045639582 9.59974973741919 9.59831536747515 9.55026397434995 10.5014903089032 10.5433260989375 7.61027862504125 7.36500136461109 10.5368714341894 10.363312670961 10.2736645494588 10.5897040604614 10.4381389697082 10.4919278426096 8.5246894643642 10.50985746691 8.68533889809623 10.4199702837504 10.4505701758899 10.5261136596091 10.0508590848185 10.7845393111929 10.7438988294452 9.7675710208714 10.5528885652311 9.80629900936037 10.5461948388256 10.6513819680549 10.6963255596347 10.7388785346411 9.41364023718052 10.5079449736513 8.91698964405805 10.5375886191614 10.3128706612624 10.1115807457827
10.3190862643532 10.3334299637936 10.3406018135138 10.2215491081588 10.4001281661913 10.430249935016 9.93395793437958 10.1268806918524 10.0422528651543 10.191427339334 10.268883316312 10.270317686256 10.2452162122354 10.0365153853782 9.96336251823232 9.88734091119841 9.84933010768145 10.1060823276639 9.84144107298926 9.61588639928959 10.2718954931945 10.2673055093735 9.90778068290092 10.4881028560922 10.4900153493509 10.4092125091702 10.2943433828186 9.68509474908933 9.61481062183157 10.6255633090623 10.5696228812449 8.19872889458202 10.5571916750632 9.57966855820268 10.6081118080765 10.7692393651232 10.7441378911026 10.1329767641146 10.0253990183119 9.92535171471536 9.8751487666741 10.5103355902247 10.3504033414647 7.66980497771874 7.55505538219586 7.09533981513232 10.0167927986477 9.87981046899222 9.94866022630595 9.8432340354193 9.84538559033535 9.30821404629387 9.9070634979289 10.3016347633675 9.313234341098 9.30606249137782 9.99097413965501 9.91172520024702 9.73816643701866 10.4742372799665 10.373831383884 8.64912105700932
10.5062715420499 10.3958250563592 10.468977923505 10.3757438771427 10.3829157268628 10.3341471487656 10.2767723510042 10.1577196456492 10.0802636686713 9.98846399225295 10.0028076916933 10.0903042582795 10.0723746339791 10.0185857610777 10.0106967263855 9.89738150080666 9.87801750656217 10.3449049233459 9.93873916752636 10.110385437496 10.2351756226271 10.2608149853768 10.1073374013649 9.79410686483607 10.0096209489275 10.0106967263855 9.87192143430002 10.0479903449304 10.2907574579585 10.6578366328031 9.3853114307858 10.680308428593 9.94041259912774 10.0049592466094 9.44985807826743 10.5277870912105 10.4073000159115 8.97113710944541 9.3810083209537 9.98882258473895 9.08588670496829 9.93037200951949 9.85614336491562 10.3948688097298 10.4572639022954 7.62964261928573 9.7872936076019 9.88375498633832 9.82458722614683 10.4149499889463 10.4744763416238 9.41973630944267 9.92248297482729 9.51691487315111 9.74031799193472 9.87945187650621 9.92750326963142 9.81490522902459 9.83893092558719 10.1462446860969 10.2655364531092 10.2765332893468
10.5736869294196 10.588747813832 10.5822931490839 10.5120090218261 10.5120090218261 10.4481795593165 10.4711294784211 10.3943906864151 10.3312784088776 10.2466505821794 10.2911160504445 10.1584368306212 10.0616168593988 10.03006072063 10.0623340443708 10.0200201310217 10.0974761079997 10.0623340443708 10.0078279864974 9.91029083030298 10.1064409201499 9.79876856715418 9.78155612782575 9.8629566221498 9.8991744632367 10.029702128144 9.92391734477133 10.3373744811397 10.5677103879862 8.81012908322737 10.2534638394136 10.3255409291014 10.4711294784211 9.85255744005553 9.90742209041491 10.4022797211073 8.12916195229627 10.4419639562257 10.2100741486065 9.86905269441195 9.59688099753112 9.83175907586701 8.6602374240756 10.3743095071986 9.66716512478888 10.0329294605181 9.33295692782849 9.80199589952826 10.3413189984858 10.4708904167637 10.4670654302463 9.03891108930111 9.16764579177834 10.1538946591318 9.73099458729848 8.87718587811105 10.2241787863895 9.83749655564316 9.84287544293329 10.3073722431436 10.3133487845771 10.1804305030964
10.6425366867334 10.6583147561178 10.58803062886 10.6045258832164 10.4661091836169 10.5163121316582 10.506988727022 10.5034028021619 10.3836329118349 10.3865016517229 10.4309671199881 10.3319955938496 10.3513595880941 10.2882473105565 10.2380443625152 10.2050538538024 10.190710154362 10.071657449007 10.0028076916933 9.9547562985681 9.97698903270066 9.97340310784057 9.96479688817635 10.0791878912132 10.481648191344 9.30821404629387 10.4904934726655 10.2107913335785 9.74964139657095 9.80486463941634 10.374548568856 10.2635044290219 10.2599185041618 9.86008788226172 9.91387675516307 9.81669819145463 9.02349161240272 9.50436413614079 9.67218541959301 10.4259468251839 10.2198756765574 10.310480044689 8.72119814669713 9.82243567123078 9.84933010768145 9.05074464133941 9.47209081239998 8.98619799385779 10.415428112261 9.51368754077703 9.87012847186998 9.86044647474773 9.89809868577868 10.0931729981676 10.0379497553222 10.0092623564415 10.2629067748785 10.2746207960881 10.3145440928638 9.97017577546649 10.561255723238 10.3838719734922
10.7372051030397 10.6654866058379 10.6941740047187 10.6181523976848 10.5320902010426 10.5507370103151 10.4761497732252 10.4739982183091 10.4374217847362 10.4374217847362 10.5177465016022 10.6203039526008 10.388653206639 10.3979766112752 10.4137546806596 10.1713461601175 10.2086397786625 10.1964476341382 10.0551621946506 10.0573137495667 10.0436872350983 10.0185857610777 10.0178685761057 9.9748374777846 10.4947965824977 10.2961363452487 10.2717520562001 9.73673206707463 9.91746268002316 9.79482404980808 10.4204484070651 10.4467451893725 10.1473204635549 9.81203648913652 8.96253088978119 10.2667317613959 10.0675934008323 10.3599658077583 10.3281706073321 9.82243567123078 10.2043366688304 8.49026458570734 10.2566911717877 8.66740927379578 10.2968535302207 9.89953305572271 9.9267860846594 9.94077119161375 9.80522323190235 8.85029144166037 9.87873469153419 9.37240210128948 9.49002043670043 9.98368275910616 10.0424919268116 10.1362040964887 10.6738537638448 10.7685221801512 10.6585538177751 10.1531774741597 10.7039755326696 10.4546342240646
10.7293160683475 10.7680440568365 10.7285988833755 10.6977599295788 10.5772728542797 10.5614947848953 10.5550401201472 10.5242011663504 10.4546342240646 10.5012512472458 10.5507370103151 10.5249183513224 10.5034028021619 10.467543553561 10.3692892123945 10.3054597498849 10.2380443625152 10.1871242295019 10.0558793796226 10.0487075299025 10.029343535658 10.0250404258259 9.96479688817635 9.98989836219698 8.76530502247624 10.5828310378129 10.5910786649911 10.5285042761825 9.8988158707507 9.83355203829706 10.5576697983779 10.5311339544132 10.4907325343229 10.4618060737848 10.3821985418908 10.2715129945427 10.3398846285418 10.3747876305133 10.190710154362 10.3088066130877 9.84789573773742 9.47472049063072 7.7479781396687 8.47018340649083 10.2356537459418 10.0350810154341 10.0946073681116 10.0637684143148 10.03185368306 9.80916774924845 9.90646584378555 9.92499312222935 10.2215491081588 10.1503087342717 10.1932203017641 10.1409853296354 10.5165511933155 17.6799996048212 -9999 -9999 -9999 -9999
10.7723471666686 10.7149723689072 10.7608722071163 10.7852564961649 10.6855677850544 10.5579088600352 10.5449995305389 10.507705911994 10.5184636865743 10.5320902010426 10.5378276808187 10.5736869294196 10.4840388079174 10.628910172265 10.4546342240646 10.2430646573193 10.2789239059202 10.2739036111161 10.2394787324592 10.0565965645947 10.1060823276639 9.96479688817635 9.9346751193516 10.4280983801 10.4264249484986 9.80952634173445 10.5105746518821 10.653892115457 10.5514541952871 10.6485132281668 10.6358429603279 10.5476292087696 10.5026856171899 10.2129428884946 10.1732586533763 9.92929623206146 10.0372325703502 10.5495417020284 9.78442486771382 9.89236120600253 10.0149998362176 10.0271919807419 7.62533950945362 10.2125842960086 10.3145440928638 7.98034607060254 10.1143299548421 10.1591540155932 10.030777905602 9.91961423493922 9.97447888529859 10.0458387900144 10.108951067552 10.1823429963551 18.8891393149804 17.8949996000156 -9999 -9999 -9999 -9999 -9999 -9999
10.7242957735434 10.7128208139911 10.7113864440471 10.7450941377319 10.7006286694668 10.6052430681884 10.6023743283004 10.5851618889719 10.5643635247834 10.5636463398114 10.5536057502031 10.5349589409307 10.5801415941678 10.5557573051192 10.5521713802591 10.3384502585977 10.2373271775432 10.2817926458083 10.1921445243061 10.0551621946506 10.0816980386153 9.99348428705707 9.98989836219698 10.549302640371 9.59150211024098 10.482365376316 10.4876247327775 10.5299386461265 10.46987440472 16.8199996240437 17.8049996020272 12.6179031613283 17.634999605827 -9999 -9999 17.19999961555 11.0558742922731 10.1379970589187 10.1853312670719 9.95977659337223 9.92965482454747 9.92535171471536 10.7477238159627 10.6284320489503 10.4876247327775 7.52780235325918 10.5779900392517 10.0759605588391 10.3480127248913 10.1125369924121 10.4068218925968 10.4897762876935 10.416862482205 17.4649996096268 -9999 -9999 -9999 -9999 -9999 -9999 -9999 -9999
10.7537003573962 10.7429425828159 10.7020630394109 10.7386394729838 10.7558519123122 10.7027802243829 10.6160008427687 10.6468397965655 10.628910172265 10.5858790739439 10.5414136056788 10.6224555075169 10.6145664728247 10.586596258916 10.5514541952871 10.2882473105565 10.1469618710689 10.1656086803414 10.2387615474872 10.1971648191102 10.1261635068804 10.0580309345387 9.89738150080666 9.99778739688918 10.0099795414135 10.1046479577199 10.5770337926224 10.5856400122866 10.7839416570496 -9999 -9999 -9999 -9999 -9999 16.3799996338785 10.2885341845453 10.6999114844948 11.0176244270988 9.65497298026457 9.89020965108648 10.8336664817762 11.4682556511834 10.5034028021619 10.8531500068493 10.7687612418085 10.759198775515 10.7075614575297 10.3903266382404 10.2397177941166 10.16393524874 10.5571916750632 10.6360820219852 11.1617786064744 -9999 -9999 -9999 -9999 -9999 -9999 -9999 -9999 -9999
10.8856623922475 10.7924283458851 10.7795190163888 10.7407910278998 10.708517704159 10.74796287762 10.6948911896907 10.6532944613136 10.6475569815375 10.6188695826568 10.5987884034403 10.5579088600352 10.5242011663504 10.5184636865743 10.4453108194284 10.4711294784211 10.2229834781028 10.1283150617965 10.0451216050424 11.686871245724 10.0756531938511 10.5249183513224 9.95977659337223 10.031495090574 10.1297494317405 10.1247291369364 10.030777905602 10.0974761079997 10.4639576287009 15.8149996465072 -9999 -9999 -9999 -9999 -9999 14.3849996784702 10.7391773617128 10.6835955263814 11.3272092733532 10.9327575387433 10.8856623922475 10.8304391494021 10.2391201399732 10.2982879001647 10.2384029550012 10.852910945192 10.6611834960058 10.680308428593 10.9729198971763 10.6365601452999 11.3647419535555 11.9571367404424 12.5962680813391 18.1849995935336 -9999 -9999 -9999 -9999 -9999 -9999 -9999 -9999
10.8361766291782 10.8010345655493 10.7730643516406 10.7716299816966 10.7694784267806 10.7823877562769 10.7156895538792 10.707083334215 10.7228614035994 10.6604663110338 10.6382335769013 10.5701010045595 10.468260738533 10.4797356980853 10.507705911994 10.4395733396523 10.5048371721059 10.388653206639 10.2896816805005 10.2480849521235 10.2093569636345 10.2021851139143 10.3061769348569 10.3140659695491 10.2136600734666 10.2466505821794 10.1161229172722 9.99993895180523 10.4797356980853 10.7427991458215 18.9015625282191 24.7149994475767 -9999 -9999 -9999 -9999 10.524774914328 10.8250602621119 10.7119601920247 10.7646015689708 10.7147333072498 10.6953693130054 10.2584841342177 10.3402432210278 10.5041199871339 10.7217856261414 11.1053600553423 11.1852066488937 10.8694061995484 11.0231228452176 11.0366298288573 12.3148686044849 18.2058607372455 9.86999977938831 -9999 -9999 -9999 -9999 -9999 -9999 -9999 -9999
10.8691671378911 10.7831049412489 10.7902767909691 10.8053376753815 10.8612781031989 10.8103579701856 10.7845393111929 10.748680062592 10.7278816984035 10.6991942995228 10.6403851318173 10.6210211375728 10.5528885652311 10.4065828309394 10.4001281661913 10.4202093454078 10.4625232587568 10.2502365070395 10.2839442007244 10.2165288133547 10.1835383046418 10.231589697767 10.2839442007244 10.1778008248657 10.1290322467685 10.3018738250248 10.0881527033634 10.934670032002 10.9454278065823 10.8192032515071 18.4709116067857 18.7249995814636 -9999 -9999 -9999 -9999 -9999 -9999 -9999 -9999 -9999 -9999 -9999 -9999 -9999 -9999 11.2806071915256 11.5599597029388 10.6975208679214 11.2542954678647 18.2474775886577 -9999 -9999 -9999 -9999 -9999 -9999 -9999 -9999 -9999 -9999 -9999
11.0326853115112 10.9559465195052 10.7723471666686 10.9387340801768 10.8842280223034 10.8168126349337 10.8082064152695 10.8125095251016 10.788125236053 10.7759330915287 10.6948911896907 10.6131321028806 10.5600604149513 10.3965422413312 10.4151890506037 10.388653206639 10.4324014899321 10.4352702298202 10.3219550042413 10.2416302873753 10.2222662931308 10.1261635068804 10.1254463219084 10.964233990293 16.9146420002682 17.0449996190146 9.92057048156857 11.0479852575809 10.2229834781028 11.0264697084203 11.7498702835292 18.5456653447633 18.2404455077901 -9999 -9999 -9999 -9999 -9999 -9999 -9999 -9999 -9999 -9999 -9999 -9999 -9999 -9999 -9999 -9999 -9999 -9999 -9999 -9999 -9999 -9999 -9999 -9999 -9999 -9999 -9999 -9999 -9999
11.1309396526776 11.0355540513992 10.9444715599529 11.0226447219029 10.9953916929662 10.8763389876112 10.8734702477232 10.7314676232636 10.7379222880118 10.827570409514 10.589464998804 10.427381195128 10.4101687557995 10.4245124552399 10.466826368589 10.466826368589 10.2925504203886 10.3728751372546 10.3226721892133 10.2631458365358 10.1369212814607 10.1297494317405 10.0114139113575 10.0788292987272 10.2423474723473 10.0802636686713 10.0236060558818 9.91029083030298 10.9628793075681 11.1945300535299 10.4381389697082 12.2957675780635 -9999 -9999 -9999 -9999 -9999 -9999 -9999 -9999 -9999 -9999 -9999 -9999 -9999 -9999 -9999 -9999 -9999 -9999 -9999 -9999 -9999 -9999 -9999 -9999 -9999 -9999 -9999 -9999 -9999 -9999
11.1302224677056 10.9996948027983 11.0606555254199 11.0749992248602 11.0427259011194 11.1036866237409 11.6212551118806 11.0169072421268 10.7909939759411 10.6317789121531 10.4488967442885 10.4747154032812 10.3721579522826 10.0938901831396 10.3628345476463 10.3040253799409 10.2509536920115 10.3449049233459 10.1978820040822 10.1548509057611 10.2251350330189 10.347773663234 10.3126315996051 10.1713461601175 9.94471570895985 9.9626453332603 10.0408184952103 9.9547562985681 10.9239122574218 11.0955585273914 11.4985686693341 12.1401085564285 22.5173211689772 -9999 -9999 -9999 -9999 -9999 -9999 -9999 -9999 -9999 -9999 -9999 -9999 -9999 -9999 -9999 -9999 -9999 -9999 -9999 -9999 -9999 -9999 -9999 -9999 -9999 -9999 -9999 -9999 -9999
11.1481520920061 11.1488692769781 11.1897488203831 12.0186712110415 11.7011017054319 10.9932401380502 11.1022522537969 10.9566637044773 10.5729697444476 10.5901821837761 10.4646748136729 10.0577918728814 9.36475212825462 9.95427817525342 10.2975707151927 10.1426587612368 9.83570359321311 10.2516708769836 10.0178685761057 10.1620227554813 10.2853785706684 10.1656086803414 10.1046479577199 10.2430646573193 10.3291268539615 10.1311838016845 10.0874355183914 11.1599139255472 11.2844172366895 11.2735160251148 11.3964415293187 14.2349162115715 13.6130783265817 -9999 -9999 -9999 -9999 -9999 -9999 -9999 -9999 -9999 -9999 -9999 -9999 -9999 -9999 -9999 -9999 -9999 -9999 -9999 -9999 -9999 -9999 -9999 -9999 -9999 -9999 -9999 -9999 -9999
