EcologicalScience/Bass/data/rs_data_bass/sst_174.asc
NCOLS 226 
NROWS 124 
XLLCORNER -9.41648524995501 
YLLCORNER 47.587301625531 
CELLSIZE 0.0833 
NODATA_value -9999 
[rows 54 to 80 of 124, columns 124 to 185 of 226]
13.575106037315 13.6066621760838 13.814645817969 13.9243751186877 14.0606402633712 13.9925076910295 14.1696523791179 13.9778053991031 13.9788811765611 13.9064454943873 13.7249976964667 14.1302072056569 14.1452680900693 13.2365947305225 14.1610461594537 11.983672584407 11.2234565140679 14.4292733389884 14.174672673922 13.0465407129377 14.5676900385879 14.8050782643259 15.3400982534513 15.0682851490565 15.1098818774335 10.9674214790575 10.8763389876112 11.8603167692199 14.1388134253211 15.0862147733569 15.008041611407 14.5963774374686 14.7419659867883 15.2203283631243 15.0395977501757 14.9843745073304 15.0216681258753 15.1213568369858 15.1816003746353 15.0517898947001 14.7792596053332 14.9836573223583 14.9671620680019 15.0152134611271 14.9356059292331 15.0137790911831 15.0309915305115 14.3790703909472 13.7945646387525 14.7598956110887 13.7631877962267 13.7818943709135 11.1101412884891 12.4549826418515 12.5186925735325 12.5504877739586 12.8306680363603 12.6693014176562 11.4099246067926 17.7600090745478 14.0714969600165 13.6089115289506
13.6891384478658 13.7809381242841 13.7694631647319 13.8304238873534 14.0914792171679 14.0850245524198 14.1000854368322 14.1847132635303 13.8067567832768 13.3900723145343 13.9953764309175 14.1101260264404 14.1660664542578 14.1696523791179 14.6652271947823 14.6200445415452 13.4747001412325 14.452223258093 14.491668431554 13.9659718470648 14.5619525588118 14.4593951078132 15.2282173978165 15.1486098659225 14.7247535474598 15.3723715771921 15.050355524756 12.9956205799244 12.4319131919183 13.0723593719304 12.5674611516297 15.1880550393835 14.7814111602493 14.8237250735983 14.9083529002964 14.8086641891859 14.8871959436219 15.0984069178812 15.1428723861463 15.0761741837487 15.1880550393835 15.0783257386647 15.1651051202789 15.1019928427413 14.9901119871065 14.9822229524143 14.5583666339517 14.9449293338694 12.0302896075882 14.0866871175822 13.637052889273 12.796099720709 13.7055824747243 11.0749992248602 12.8001159565523 12.420028412382 17.9660112630809 18.2620711342565 -9999 -9999 -9999 -9999
13.5801263321191 13.8648487660103 13.7242805114947 13.9580828123726 13.7924130838364 13.854808176402 14.1000854368322 13.9674062170088 13.8885158700868 14.0678121130913 14.1115603963844 14.095065142028 14.3625751365907 14.4070406048559 14.4852137668058 14.5124667957425 14.1201666160487 14.3675954313949 14.7376628769562 15.0403149351478 14.9011810505763 14.490951246582 15.2597735365853 15.330057663843 15.3444013632834 15.2949156002142 15.0618304843083 13.2444837652147 12.6635639378801 12.8844569092616 12.8364055161364 14.5748618883081 13.4445783724077 14.7247535474598 14.8387859580107 14.8463164002169 14.5002746512182 15.0417493050918 15.0596789293922 15.2174596232362 15.1342661664821 15.1091646924615 15.1443067560904 15.1227912069298 14.9592730333097 15.1062959525734 14.6680959346704 14.1896311033384 13.616088035716 11.1976378550753 13.6549825135735 13.3850520197302 13.4302346729673 12.2545294421725 11.1649231867363 -9999 -9999 -9999 -9999 -9999 -9999 -9999
13.694875927642 13.6507690518629 13.6396526847966 13.7773521994241 13.7723319046199 13.9322641533799 13.8820612053387 13.9100314192474 14.3697469863109 14.1961882230826 13.9480422227643 14.1459852750413 14.0656605581753 14.6652271947823 14.5849024779163 14.4586779228412 14.6738334144466 14.7089754780754 14.649449125398 14.6415600907058 14.4751731771976 14.7634815359488 15.1988128139637 15.1887722243555 15.2927640452981 15.2174596232362 15.2784203458577 15.0611132993363 14.8445234377868 13.7171086617745 14.8416546978988 15.011627536267 14.4694356974214 13.4904782106169 14.3238471481018 14.9772026576102 15.1966612590477 15.1952268891037 15.2023987388238 15.2023987388238 15.2131565134041 15.0783257386647 15.0166478310712 14.7649159058928 14.5777306281962 14.3123721885495 14.4697942899074 14.4274803765584 13.3848129580729 12.3436994403601 11.1603442365304 11.8581652143039 12.7985142434482 13.8204364225579 17.6699996050447 -9999 -9999 -9999 -9999 -9999 -9999 -9999
13.7544022803195 13.8462019567378 13.0415204181336 13.3628192855977 13.1691793431528 13.9272438585758 13.976012436673 14.1000854368322 14.17395548895 14.092913587112 14.0254981997423 14.1388134253211 14.2413708763197 14.3934140903875 14.5468916743994 14.7419659867883 14.7247535474598 14.6035492871888 14.5009918361902 14.931302819401 15.1830347445793 15.2561876117252 15.248298577033 15.247581392061 15.3307748488151 13.8677175058983 14.4149296395481 13.3448896612972 14.8638874320313 15.2540360568091 15.0288399755955 14.8387859580107 15.3451185482554 14.7957548596896 14.1675008242019 14.4177983794361 14.6731162294745 15.1988128139637 15.2734000510536 15.2597735365853 15.1729941549711 14.7240363624878 15.1335489815101 14.7950376747176 14.294442564249 14.3614993591327 13.4859701907927 12.7736518310849 11.4952696184628 11.5153507976793 12.459166220855 11.7383953239769 11.064958635252 18.9228283804841 15.2549996590242 -9999 -9999 -9999 -9999 -9999 -9999 -9999
13.7031235548202 13.7371898409911 13.7515335404314 13.8017364884727 13.853732398944 13.8666417284403 13.9559312574565 14.2248756219633 14.1108432114124 13.8634143960662 14.0692464830354 14.2263099919073 14.2284615468234 14.2227240670472 14.4185155644082 14.6609240849502 14.692480223719 14.8423718828708 14.9585558483377 14.8323312932625 14.7412488018163 15.2067018486559 15.1364177213982 14.4751731771976 14.8473921776749 14.0914792171679 14.2420880612917 14.6752677843906 15.207419033628 15.4218573402613 15.5308694560081 15.0517898947001 15.3938871263526 14.1954710381106 14.5411541946232 14.0283669396304 15.2160252532922 15.2231971030124 15.1608020104468 15.131397426594 15.0819116635248 14.89185764594 14.09219640214 14.2349162115715 14.1961882230826 18.0196700583157 13.9313360316515 12.8282774197869 12.858638250269 11.4300057860091 13.2925351583399 13.1526840887964 11.5755943353288 11.0585039705038 17.1149996174499 -9999 23.7447889405303 -9999 -9999 -9999 -9999 -9999
-9999 -9999 -9999 -9999 -9999 11.096006193738 13.8408230694477 14.2650379803963 14.132358760573 14.0498824887909 14.1000854368322 14.2485427260399 14.2800988648087 14.3424939573742 14.4264045991004 14.5519119692035 14.7957548596896 14.8796655014157 14.9893948021345 15.0030213166028 15.2275002128445 15.4125339356251 15.4290291899815 15.4390697795898 14.5081636859104 15.5007476871833 14.5834681079723 15.5444959704764 15.529435086064 15.6613971209154 14.8129672990181 14.9248481546529 15.4813836929388 15.2798547158018 14.2341990265995 15.2690969412215 14.252845835872 14.9972838368267 14.1194494310766 15.1199224670418 15.010910351295 14.971465177834 14.849543732591 14.9800713974983 14.2963550575078 15.7645962219514 -9999 15.4429392426946 19.232630555518 16.2599996365607 13.2803430138156 11.9714804398827 10.6647694208659 11.1947691151872 5.37499987985939 5.37499987985939 -9999 -9999 -9999 -9999 -9999 -9999
-9999 -9999 -9999 -9999 -9999 -9999 -9999 15.8046167865396 13.8013778959867 13.9154103065375 14.2055116277188 14.3030487839133 14.3267158879898 14.4421826684847 14.4608294777572 14.7462690966204 14.8029267094098 14.9535355535336 15.1235083919019 15.3874324616045 15.4548478489742 15.4397869645618 15.4656056235544 15.4706259183586 15.4734946582466 13.3147678924724 14.8674733568914 14.8287453684025 15.6391643867828 15.6843470400199 15.6262550572865 15.1823175596073 15.5767692942172 15.3967558662407 14.8660389869474 15.2411267273128 15.1543473456986 15.088366328273 15.1105990624055 15.1077303225175 14.8782311314717 15.1227912069298 15.1349833514541 15.0424664900638 14.7376628769562 16.8099996242672 -9999 -9999 -9999 -9999 -9999 -9999 -9999 -9999 -9999 -9999 -9999 -9999 -9999 -9999 -9999 -9999
-9999 -9999 -9999 -9999 -9999 -9999 -9999 -9999 15.2699996586889 13.7056337022223 14.2607348705642 14.3546861018986 14.3611407666467 14.3934140903875 14.4794762870297 14.7434003567323 14.8818170563318 14.8165532238781 15.0668507791124 15.167973860167 15.3515732130036 15.5165257565677 15.4749290281907 15.5538193751127 15.5918301786296 14.6049836571328 15.1507614208385 15.6377300168388 14.7419659867883 15.6936704446562 15.6305581671186 15.3788262419403 14.3575548417866 15.366634097416 15.3795434269123 14.8208563337103 15.2217627330683 15.1801660046913 14.5590838189237 14.6300851311535 14.0792870726436 14.6329538710415 14.7369456919841 14.9728995477781 13.2819076866739 -9999 -9999 -9999 -9999 -9999 -9999 -9999 -9999 -9999 -9999 -9999 -9999 -9999 -9999 -9999 -9999 -9999
-9999 -9999 -9999 -9999 -9999 -9999 -9999 -9999 -9999 14.5849996739998 14.3073518937454 14.4242530441843 14.3977172002196 14.3367564775981 14.4737388072535 14.6264992062934 14.848826547619 14.8789483164437 15.0797601086088 15.1235083919019 15.2561876117252 15.4512619241141 15.0596789293922 15.2318033226766 15.6951048146002 15.3745231321082 15.7912076008506 15.0969725479372 15.327188923955 15.7029938492924 14.8237250735983 15.249015762005 14.5913571426645 14.5927915126085 15.3200170742348 15.2561876117252 15.0352946403436 15.28989530541 14.9922635420226 13.9501937776804 14.5397198246792 14.0161747951061 14.4558091829531 13.7235633265227 12.1912126957975 -9999 -9999 -9999 -9999 -9999 -9999 -9999 -9999 -9999 -9999 -9999 -9999 -9999 -9999 -9999 -9999 -9999
-9999 -9999 -9999 -9999 -9999 -9999 -9999 -9999 -9999 14.4399996772408 14.4486373332329 14.4809106569737 14.3446455122903 14.5526291541755 14.7161473277956 14.7950376747176 15.1550645306706 15.1643879353069 15.3422498083673 15.5509506352246 15.4541306640022 15.5767692942172 15.6119113578461 15.2834406406619 15.3501388430595 15.5523850051686 15.5165257565677 15.3436841783114 15.408948010765 15.4993133172393 15.847148028668 15.568880259525 15.3831293517724 15.2626422764733 15.2303689527325 15.2755516059697 15.4261604500934 14.9922635420226 15.3228858141229 15.3264717389829 14.374050096143 14.0620746333152 15.2461470221169 12.9963377648965 15.4345979717826 -9999 15.3953214962967 23.8899994660169 -9999 -9999 -9999 -9999 -9999 -9999 -9999 -9999 -9999 -9999 -9999 -9999 -9999 -9999
-9999 -9999 -9999 -9999 -9999 -9999 -9999 -9999 -9999 9.08315197424679 14.5598010038957 14.4723044373095 14.6551866051741 14.6853083739989 15.0066072414629 15.2217627330683 15.2002471839078 15.6119113578461 15.726660953369 15.6893673348241 15.7445905776694 15.6549424561672 15.6427503116429 15.1521957907826 15.5588396699168 15.6212347624823 15.3537247679196 14.7168645127676 15.5251319762319 15.1134678022936 15.089083513245 15.0288399755955 15.6513565313071 15.6147800977342 15.1801660046913 15.2404095423408 15.1923581492156 14.9205450448208 15.0933866230771 15.2526016868651 15.2669453863055 14.5884884027764 15.3723715771921 14.6135898767971 15.9949996424839 -9999 -9999 -9999 -9999 -9999 -9999 -9999 -9999 -9999 -9999 -9999 -9999 -9999 -9999 -9999 -9999 -9999
-9999 -9999 -9999 -9999 -9999 -9999 -9999 -9999 -9999 14.6150242467411 14.5884884027764 14.9226965997368 14.9657276980579 15.1715597850271 15.3013702649623 15.4512619241141 15.6664174157195 15.727378138341 15.8256324795075 15.8787041674368 15.9697866588831 15.7094485140406 16.0967283989303 15.7080141440965 15.8693807628006 15.68793296488 16.1096377284266 15.6671346006915 15.9626148091629 15.4942930224352 15.4756462131627 15.2755516059697 15.529435086064 15.2934812302701 15.4799493229948 15.3630481725559 15.3910183864646 15.2597735365853 14.6795708942227 14.7269051023759 15.2920468603261 15.1622363803908 15.330057663843 18.1826608900446 -9999 -9999 -9999 -9999 -9999 -9999 -9999 -9999 -9999 -9999 -9999 -9999 -9999 -9999 -9999 -9999 -9999 -9999
-9999 -9999 -9999 -9999 -9999 -9999 -9999 -9999 13.6475417194888 14.8531296574511 15.1098818774335 15.44624162931 15.3953214962967 15.4627368836664 15.7072969591245 15.6642658608034 15.7790154563263 15.8184606297873 15.9762413236313 16.006363092456 16.1383251273073 16.1856593354605 16.2272560638376 16.0658894451335 16.0544144855812 15.964049179107 15.6692861556076 15.5172429415397 15.6642658608034 15.5072023519315 15.3487044731155 15.6814783001319 15.2081362186 15.6527909012511 15.5509506352246 15.1866206694394 15.3178655193187 15.4634540686384 15.1177709121257 15.4275948200375 14.9578386633657 15.1084475074895 15.0747398138046 -9999 -9999 -9999 -9999 -9999 -9999 -9999 -9999 -9999 -9999 -9999 -9999 -9999 -9999 -9999 -9999 -9999 -9999 -9999
-9999 -9999 -9999 -9999 -9999 -9999 -9999 -9999 14.5049363535363 15.2533188718371 15.4785149530508 15.5531021901406 15.5825067739934 15.3056733747944 15.7768639014103 15.8220465546474 15.9999084277079 16.0364848612808 16.126132982783 16.2143467343412 15.887310387101 15.804834115319 16.2717215321027 15.7496108724736 15.7998138205148 15.6936704446562 15.6506393463351 15.7316812481731 15.6714377105236 15.4362010397017 15.5918301786296 15.0740226288326 15.887310387101 15.5014648721553 15.5050507970154 15.4562822189182 15.5387584907003 15.3938871263526 14.9406262240373 15.2131565134041 15.089083513245 15.1249427618459 17.0399996191263 -9999 -9999 -9999 -9999 -9999 -9999 -9999 -9999 -9999 -9999 -9999 -9999 -9999 -9999 -9999 -9999 -9999 -9999 -9999
-9999 -9999 -9999 -9999 -9999 -9999 -9999 10.5028408212312 14.8846857962199 15.6162144676782 15.6678517856635 15.844996473752 15.8270668494515 15.9999084277079 16.0565660404973 15.9281899305061 15.7166203637607 15.7646717568859 15.924604005646 16.0250099017285 15.9769585086033 15.3400982534513 15.9855647282675 16.0694753699936 15.6979735544883 15.7388530978933 15.6154972827062 16.0501113757491 16.2494887979701 16.2487716129981 15.9805444334634 15.6341440919787 15.7610858320259 16.0092318323441 15.9590288843028 15.8198949997313 15.7101656990126 15.5645771496929 14.9929807269946 15.1672566751949 14.5550197707489 11.7512966849031 -9999 -9999 -9999 -9999 -9999 -9999 -9999 -9999 -9999 -9999 -9999 -9999 -9999 -9999 -9999 -9999 -9999 -9999 -9999 -9999
-9999 -9999 -9999 3.8400372271426 -9999 12.8687955909192 15.1414380162023 15.2569047966972 15.3910183864646 15.5739005543292 15.647770606447 15.7947935257107 14.9191106748767 15.3192998892628 15.964049179107 16.2731559020467 15.7847529361024 15.8033997453749 15.3092592996545 16.283196491655 16.3126010755077 16.3549149888568 16.4087038617581 16.3735617981292 16.3800164628774 16.2674184222706 16.284630861599 15.6951048146002 15.6190832075663 15.9683522889391 15.885876017157 15.924604005646 16.1082033584826 15.7747123464942 16.1842249655165 15.6018707682379 15.7051454042085 15.8442792887799 15.7531967973337 13.5433394500986 13.2949997028336 -9999 -9999 -9999 -9999 -9999 -9999 -9999 -9999 -9999 -9999 -9999 -9999 -9999 -9999 -9999 -9999 -9999 -9999 -9999 -9999 -9999
-9999 -9999 3.88019958557561 -9999 14.9879604321904 15.1428723861463 15.1579332705587 14.7656330908649 14.890423275996 15.250450131949 15.7367015429772 15.8521683234721 15.5028992420994 15.8091372251511 16.2243873239495 16.2107608094811 16.243751318194 16.3477431391366 16.3914914224297 16.3864711276256 16.3914914224297 16.3871883125976 16.3807336478494 16.3190557402559 16.284630861599 16.3147526304238 16.3075807807036 16.2710043471307 16.326227589976 16.1548203816637 16.1971342950128 15.8313699592836 16.0178380520083 15.9869990982115 15.6786095602438 16.1096377284266 16.1476485319436 16.1548203816637 15.3775114028249 -9999 -9999 -9999 -9999 -9999 -9999 -9999 -9999 -9999 -9999 -9999 -9999 -9999 -9999 -9999 -9999 -9999 -9999 -9999 -9999 -9999 -9999 -9999
16.7749996250495 16.7749996250495 -9999 16.0949996402487 14.8638874320313 14.7749564955011 15.289178120438 15.0216681258753 14.4099093447439 15.5946989185177 15.7395702828653 15.9561601444148 15.9525742195547 16.0178380520083 16.1469313469715 16.2143467343412 16.3326822547242 16.3764305380173 16.3922086074017 16.3606524686329 16.3606524686329 16.3032776708715 16.2667012372985 16.2021545898169 16.1433454221115 16.1361735723913 16.0766472197138 16.1053346185945 16.0938596590422 16.0128177572042 15.9920193930157 15.9281899305061 15.9167149709538 15.6527909012511 15.7589342771098 15.92603837559 15.9769585086033 13.4998016152531 -9999 -9999 -9999 -9999 -9999 -9999 -9999 -9999 -9999 -9999 -9999 -9999 -9999 -9999 -9999 -9999 -9999 -9999 -9999 -9999 -9999 -9999 -9999 -9999
15.3290217299946 13.4902826147154 14.3546861018986 14.651600680314 14.4809106569737 14.9599902182817 15.4763633981347 15.4577165888622 15.6255378723145 15.5358897508122 15.6147800977342 16.00421153754 16.1885280753486 16.1763359308243 16.3520462489687 16.3577837287448 16.32407603506 16.2645496823825 16.404400751926 16.403683566954 16.3470259541646 16.2172154742293 16.1985686649568 16.1856593354605 16.1906796302646 16.2000030349009 16.246620058082 16.1376079423353 16.1333048325032 16.004928722512 15.9934537629597 15.8600573581643 15.765388941858 15.7553483522497 14.7520065763965 14.081677689217 13.4733454585075 15.2999996580184 5.17617623014813 13.2399997040629 -9999 -9999 -9999 -9999 -9999 -9999 -9999 -9999 -9999 -9999 -9999 -9999 -9999 -9999 -9999 -9999 -9999 -9999 -9999 -9999 -9999 -9999
13.7895443439484 13.6296120951883 14.413495269604 14.1445509050973 14.6680959346704 15.0768913687207 15.0919522531331 15.2934812302701 15.4591509588063 15.5115054617636 15.4268776350655 15.9755241386592 16.1741843759082 16.2545090927742 16.123981427867 16.3348338096403 16.4352397057228 16.1921140002087 16.1139408382587 16.3147526304238 16.2164982892573 16.0687581850216 16.0988799538463 15.966200734023 16.0364848612808 16.087404994294 16.1584063065238 16.1297189076431 16.007080277428 15.9525742195547 15.7618030169979 15.6355784619227 15.2447126521729 14.1963675193256 13.8056539211358 12.8134063494799 17.4169019793915 14.6853083739989 14.337370342575 -9999 -9999 -9999 -9999 -9999 -9999 -9999 -9999 -9999 -9999 -9999 -9999 -9999 -9999 -9999 -9999 -9999 -9999 -9999 -9999 -9999 -9999 -9999
14.8036438943818 14.7871486400254 14.9169591199607 15.1220740219578 15.3537247679196 15.4161198604852 15.3931699413806 15.5028992420994 15.4433728894219 15.5193944964558 15.6370128318667 15.4541306640022 16.1211126879789 16.3011261159554 15.964049179107 16.0515457456931 16.2695699771866 16.4323709658347 16.3592180986889 16.2982573760673 16.1426282371394 15.9697866588831 15.9547257744707 15.8959166067652 16.0601519653574 15.8277840344235 15.7424390227534 15.7438733926974 15.647770606447 15.6513565313071 15.6836298550479 15.6162144676782 15.3852809066884 14.7885830099694 14.5005137128755 14.6994130117819 18.6049995841458 -9999 -9999 -9999 -9999 -9999 -9999 -9999 -9999 -9999 -9999 -9999 -9999 -9999 -9999 -9999 -9999 -9999 -9999 -9999 -9999 -9999 -9999 -9999 -9999 -9999
14.9277168945409 15.2081362186 15.2353892475367 15.4591509588063 15.6054566930979 15.6721548954956 15.6836298550479 15.2432782822289 15.728812508285 15.089800698217 15.6119113578461 15.6284066122025 16.1096377284266 16.2889339714311 16.3706930582412 16.0773644046858 16.3771477229893 16.2760246419348 16.246620058082 16.1835077805445 16.0393536011688 15.9497054796666 15.8744010576047 15.8514511385001 15.6929532596841 15.6570940110832 15.5882442537695 15.5437787855044 15.3752403170802 15.3967558662407 15.4197057853453 10.6234099115245 -9999 -9999 -9999 13.6052278061397 -9999 -9999 -9999 -9999 -9999 -9999 -9999 -9999 -9999 -9999 -9999 -9999 -9999 -9999 -9999 -9999 -9999 -9999 -9999 -9999 -9999 -9999 -9999 -9999 -9999 -9999
14.9879604321904 15.0761741837487 14.850978102535 15.0144962761551 15.2526016868651 15.2669453863055 15.5911129936576 15.7302468782291 15.5574052999727 15.5079195369035 15.5939817335457 15.8091372251511 16.125415797811 16.3039948558435 16.402966381982 16.2745902719907 16.2946714512073 16.1749015608802 16.1117892833427 16.0673238150775 16.0400707861409 15.8170262598433 15.7496108724736 15.6205175775103 15.4390697795898 15.5201116814278 15.5437787855044 15.5344553808682 15.367351282388 15.4613025137223 14.9776807809249 15.1141849872656 15.1041443976574 14.7477836963795 -9999 -9999 -9999 -9999 -9999 -9999 -9999 -9999 -9999 -9999 -9999 -9999 -9999 -9999 -9999 -9999 -9999 -9999 -9999 -9999 -9999 -9999 -9999 -9999 -9999 -9999 -9999 -9999
14.252845835872 14.7096926630475 14.6817224491388 15.0051728715189 15.7151859938167 15.6513565313071 15.7367015429772 15.8134403349832 15.645619051531 15.5631427797489 15.6198003925383 15.8973509767093 16.2580950176343 16.2329935436137 16.2552262777463 16.1820734106004 16.086687809322 15.9303414854221 15.8342386991717 15.7912076008506 15.8356730691157 15.6642658608034 15.5760521092452 15.3759575020522 15.3601794326678 15.3601794326678 15.1457411260344 15.3910183864646 14.9915463570505 14.8751233299263 15.9798272484913 14.8925748309121 15.0797601086088 14.8473921776749 14.5617134971544 4.99999988824129 -9999 -9999 -9999 -9999 -9999 -9999 -9999 -9999 -9999 -9999 -9999 -9999 -9999 -9999 -9999 -9999 -9999 -9999 -9999 -9999 -9999 -9999 -9999 -9999 -9999 -9999
-9999 -9999 -9999 -9999 7.15999983996153 15.0711538889445 15.5946989185177 15.606891063042 15.5946989185177 15.6241035023704 15.8744010576047 15.9575945143588 16.284630861599 16.3484603241086 16.3190557402559 16.1132236532867 15.9410992600024 15.8607745431364 15.8163090748712 15.6226691324264 15.5932645485736 15.3917355714366 15.2633594614454 15.1794488197193 14.9549699234776 14.8000579695217 14.0702027296647 -9999 -9999 -9999 -9999 -9999 -9999 -9999 -9999 -9999 -9999 -9999 -9999 -9999 -9999 -9999 -9999 -9999 -9999 -9999 -9999 -9999 -9999 -9999 -9999 -9999 -9999 -9999 -9999 -9999 -9999 -9999 -9999 -9999 -9999 -9999
-9999 -9999 -9999 -9999 -9999 14.1138970312933 15.7926419707946 15.7187719186768 15.8141575199552 15.9841303583235 16.2487716129981 16.1792046707124 16.2631153124385 16.2401653933339 16.1734671909362 15.9332102253102 15.8966337917373 15.8571886182763 15.7775810863823 15.5588396699168 15.2447126521729 14.9334543743171 14.9047669754364 14.7964720446616 14.9664863879896 -9999 -9999 -9999 -9999 -9999 -9999 -9999 -9999 -9999 -9999 -9999 -9999 -9999 -9999 -9999 -9999 -9999 -9999 -9999 -9999 -9999 -9999 -9999 -9999 -9999 -9999 -9999 -9999 -9999 -9999 -9999 -9999 -9999 -9999 -9999 -9999 -9999
