EcologicalScience/Bass/data/rs_data_bass/sst_395.asc
NCOLS 226 
NROWS 124 
XLLCORNER -9.41648524995501 
YLLCORNER 47.587301625531 
CELLSIZE 0.0833 
NODATA_value -9999 
[rows 0 to 26 of 124, columns 0 to 61 of 226]
-9999.000000000000000 -9999 -9999 -9999 -9999 -9999 -9999 -9999 -9999 -9999 -9999 -9999 -9999 -9999 -9999 -9999 -9999 -9999 -9999 -9999 -9999 -9999 -9999 -9999 -9999 -9999 -9999 -9999 -9999 -9999 -9999 -9999 -9999 -9999 -9999 -9999 -9999 -9999 -9999 -9999 -9999 -9999 -9999 -9999 -9999 -9999 -9999 -9999 -9999 -9999 -9999 -9999 -9999 -9999 -9999 -9999 -9999 -9999 -9999 -9999 -9999 -9999
-9999 -9999 -9999 -9999 -9999 -9999 -9999 -9999 -9999 -9999 -9999 -9999 -9999 -9999 -9999 -9999 -9999 -9999 -9999 -9999 -9999 -9999 -9999 -9999 -9999 -9999 -9999 -9999 -9999 -9999 -9999 -9999 -9999 -9999 -9999 -9999 -9999 -9999 -9999 -9999 -9999 -9999 -9999 -9999 -9999 -9999 -9999 -9999 -9999 -9999 -9999 -9999 -9999 -9999 -9999 -9999 -9999 -9999 -9999 -9999 -9999 -9999
-9999 -9999 -9999 -9999 -9999 -9999 -9999 -9999 -9999 -9999 -9999 -9999 -9999 -9999 -9999 -9999 -9999 -9999 -9999 -9999 -9999 -9999 -9999 -9999 -9999 -9999 -9999 -9999 -9999 -9999 -9999 -9999 -9999 -9999 -9999 -9999 -9999 -9999 -9999 -9999 -9999 -9999 -9999 -9999 -9999 -9999 -9999 -9999 -9999 -9999 -9999 -9999 -9999 -9999 -9999 -9999 -9999 -9999 -9999 -9999 -9999 -9999
-9999 -9999 -9999 -9999 -9999 -9999 -9999 -9999 -9999 -9999 -9999 -9999 -9999 -9999 -9999 -9999 -9999 -9999 -9999 -9999 -9999 -9999 -9999 -9999 -9999 -9999 -9999 -9999 -9999 -9999 -9999 -9999 -9999 -9999 -9999 -9999 -9999 -9999 -9999 -9999 -9999 -9999 -9999 -9999 -9999 -9999 -9999 -9999 -9999 -9999 -9999 -9999 -9999 -9999 -9999 -9999 -9999 -9999 -9999 -9999 -9999 -9999
-9999 -9999 -9999 -9999 -9999 -9999 -9999 -9999 -9999 -9999 -9999 -9999 -9999 -9999 -9999 -9999 -9999 -9999 -9999 -9999 -9999 -9999 -9999 -9999 -9999 -9999 -9999 -9999 -9999 -9999 -9999 -9999 -9999 -9999 -9999 -9999 -9999 -9999 -9999 -9999 -9999 -9999 -9999 -9999 -9999 -9999 -9999 -9999 -9999 -9999 -9999 -9999 -9999 -9999 -9999 -9999 -9999 -9999 -9999 -9999 -9999 -9999
-9999 -9999 -9999 -9999 -9999 12.381710243877 12.421155417338 12.5638752267696 12.58180485107 12.6133609898388 12.4261757121421 12.4842676948756 12.6054719551466 12.4649037006311 12.4656208856031 12.0905331452377 12.5459456024691 12.142170463223 12.1694234921597 11.8983275727369 12.3623462496325 12.2110202205367 12.6004516603425 12.8148899669759 12.5952520692954 11.5246742023155 11.4759231165347 11.9614398502745 12.2970824171789 12.3257698160596 12.3623462496325 11.4878369742073 11.8027732220533 10.5424261021099 12.3249997245148 8.06968199463927 9.89572106168666 12.2299997266382 11.8599997349083 11.3767747236416 12.7744202435549 12.6750388974324 12.8248281015881 13.4849996985868 -9999 -9999 -9999 -9999 -9999 -9999 -9999 -9999 -9999 -9999 -9999 -9999 -9999 -9999 -9999 -9999 -9999 -9999
-9999 -9999 -9999 -9999 -9999 12.4684896254912 12.7697073137388 12.660695197992 12.780465088319 12.6456343135796 12.4476912613027 12.3472853652202 12.1235236539505 12.6119266198948 11.5347147919238 11.6351206880063 12.9949033949524 12.5825220360421 11.8423871449195 12.1694234921597 12.0862300354056 12.3716696542688 12.8708303947933 12.818475891836 11.6368458086147 11.388582171246 11.8565874073654 12.3272041860037 12.3472853652202 12.5265816082247 12.5509658972733 12.6836451170966 11.577619328191 12.5717815430274 12.5817875695045 12.8831912887228 12.0099997315556 -9999 11.0499997530133 11.0185746971867 11.3167061514079 12.422589787282 11.5323839407647 10.8520390732652 10.7190223546315 10.9597384443041 -9999 -9999 -9999 -9999 -9999 -9999 -9999 -9999 -9999 -9999 -9999 -9999 -9999 -9999 -9999 -9999
-9999 -9999 -9999 -9999 -9999 12.9081240133382 12.6872310419567 12.7489089495502 12.7144840708934 12.6427655736916 12.4935910995118 12.1887874864042 12.182332821656 11.785012347158 11.6709799366072 11.8101138211787 11.7183141447604 12.4333475618623 12.0367442723364 11.8567308443598 11.703253260348 12.5280159781687 12.8901943890378 12.4073496066267 11.8816957117191 9.56180129781284 11.9800866595469 12.50004576426 12.4864192497917 12.6596911390312 12.8496017196216 12.7288277703337 12.7991118975915 12.9059724584222 12.9253364526667 11.7524828859272 10.966024855691 12.3099997248501 12.0549997305498 11.2256605459332 11.1877896809473 11.5022231944958 12.939680152107 11.9841507077217 8.70149081922136 -9999 -9999 -9999 -9999 -9999 -9999 -9999 -9999 -9999 -9999 -9999 -9999 -9999 -9999 -9999 -9999 -9999
-9999 -9999 -9999 -9999 -9999 13.0049439845607 12.8722647647373 12.6972716315649 12.6728873425163 12.422589787282 12.1328470585868 12.1206549140625 12.4125491976738 12.659260828048 11.9069337924011 12.3731040242128 12.6535233482718 12.7575151692145 12.419003862422 12.5294503481127 12.302102711983 11.9069337924011 11.8603167692199 10.5610582375211 11.0274551089103 12.579653296154 12.5351878278889 12.7926572328433 12.9267708226107 12.381710243877 12.421155417338 12.8371227011085 12.937528597191 12.9074068283662 12.9669331810437 13.1885433373973 12.4679833772757 12.5049997204915 11.0907772942446 12.4610278499313 8.75699570196711 8.81975324285187 10.1887154836586 -9999 10.2821277789728 10.3738338232886 9.33499979134649 -9999 -9999 -9999 -9999 -9999 -9999 -9999 -9999 -9999 -9999 -9999 -9999 -9999 -9999 -9999
-9999 -9999 -9999 -9999 -9999 12.7259590304457 12.5617236718535 12.5559861920774 12.5739158163778 12.4749442902394 12.4527115561068 12.3508712900802 12.6513717933558 12.3480025501922 12.502197319176 12.1457563880831 13.0673390771262 12.3910336485133 11.901913497597 11.9327524513938 12.1263923938386 12.1500594979152 12.8292336664163 13.1146732852794 12.4555802959949 12.3845789837651 12.5079347989522 12.5559861920774 12.3895992785692 12.7195043656975 12.8557695103809 13.1282997997478 12.9418317070231 12.9547410365194 12.6492202384397 13.0207220539451 13.139057574328 13.0307626435533 13.3807489098981 13.3269600369968 12.9837870278861 9.0299424213177 10.4427608284168 12.9576097764075 10.1022781291167 12.9560350321807 12.0949997296557 -9999 -9999 -9999 -9999 -9999 -9999 -9999 -9999 -9999 -9999 -9999 -9999 -9999 -9999 -9999
-9999 -9999 -9999 -9999 -9999 12.8944974988699 12.8751335046254 12.8629413601011 12.5983001054265 12.7725760536268 12.7288277703337 12.7324136951938 12.4147007525899 12.3609118796885 12.7431714697741 12.7101809610613 12.2447279142216 11.9944303589873 12.0424817521125 12.2160405153409 12.4742271052673 12.6528061632998 13.2301400657743 13.0902889962308 12.7976775276475 12.9576097764075 12.4713583653793 12.3164464114234 12.5502487123013 12.7238074755296 12.4713583653793 13.0336313834414 12.6083406950347 12.9253364526667 13.8297067023814 12.9590441463515 13.1569871986285 13.2251197709702 13.3556474358775 13.6346323899925 13.3800317249261 13.4201940833591 13.3448896612972 10.5271946340597 9.09591572707699 12.039999730885 -9999 -9999 -9999 -9999 -9999 -9999 -9999 -9999 -9999 -9999 -9999 -9999 -9999 -9999 -9999 -9999
-9999 -9999 -9999 -9999 -9999 12.7546464293264 13.1225623199716 13.1239966899157 12.7905056779273 12.3458509952761 12.7890713079832 13.2659993143752 13.1670277882367 13.1591387535445 12.540208122693 12.2124545904808 12.2956480472349 12.1636860123836 12.3630634346046 12.4175694924779 12.382427428849 13.1612903084606 11.3194056178244 12.4372920792084 12.7302621402778 12.2569200587459 12.3558915848844 12.7316965102218 12.8392742560245 12.9662159960717 13.5119937597774 12.740302729886 12.7489089495502 12.6671498627402 13.0802484066226 13.2903836034238 12.9047429984702 12.6160703552887 12.658543643076 12.9669331810437 13.6002075113356 13.1247138748877 12.8736991346814 10.493299848643 10.3718985449523 11.3990351043604 12.2549997260794 -9999 -9999 -9999 -9999 -9999 -9999 -9999 -9999 -9999 -9999 -9999 -9999 -9999 -9999 -9999
-9999 -9999 -9999 -9999 -9999 12.6771904523484 13.0859858863987 13.1727652680129 13.1447950541042 13.0063783545047 12.8392742560245 13.1232795049436 12.659260828048 12.4634693306871 12.2167577003129 12.9533066665754 13.0888546262868 12.3637806195766 12.4491256312467 12.8098696721718 12.3336588507518 13.2193822911941 11.6964912306118 12.6097750649787 13.3678395804018 13.0551469326019 12.739585544914 12.7087465911172 12.8141727820039 12.9102755682543 12.7754447935149 12.657826458104 12.9583269613795 13.3470412162133 13.0357829383574 12.9827112504281 13.3484755861573 12.7582323541865 12.5947141805664 12.8084353022277 12.857921065297 12.8055665623397 13.0020752446726 13.1290169847198 12.494999720715 12.1299997288734 -9999 -9999 -9999 -9999 -9999 -9999 -9999 -9999 -9999 -9999 -9999 -9999 -9999 -9999 -9999 -9999
-9999 -9999 -9999 -9999 -9999 13.1584215685725 13.3118991525844 13.0867030713707 12.7345652501099 12.9274880075827 12.9274880075827 13.2308572507463 13.0745109268464 13.0666218921542 12.978408140596 12.8550523254089 12.6743217124604 12.8435773658566 13.5865809968673 13.3613849156536 13.8397472919896 12.9499598033726 12.3580431398004 14.3797875759192 12.8464461057447 13.8053224133328 13.2753227190115 12.461317775771 12.659260828048 12.6520889783278 12.9267708226107 12.7281105853617 12.5301675330848 12.6406140187755 12.6355937239714 12.3336588507518 12.9568925914355 12.5830599247711 12.9253364526667 12.9898831001483 13.099612400867 13.0752281118184 13.4976899039466 9.09283220907673 11.8749997345731 -9999 -9999 -9999 -9999 -9999 -9999 -9999 -9999 -9999 -9999 -9999 -9999 -9999 -9999 -9999 -9999 -9999
-9999 -9999 -9999 -9999 -9999 12.6327249840833 12.6800591922365 12.9052552734502 13.0286110886373 13.1949980021454 13.0422376031056 12.5954313655384 12.7015747413971 12.7180699957535 12.5581377469935 12.5509658972733 12.4340647468343 12.5380565677769 12.7037262963131 13.4331034128554 13.5277718291618 13.0365001233295 12.6793420072645 12.9640644411556 14.6429944606498 14.3575548417866 12.4132663826458 12.9755394007079 12.9497207417153 13.455336146988 12.7847681981511 13.4230628232472 12.7883541230112 12.5875423308462 12.5681783366017 12.4641865156591 12.5151066486724 12.9332254873589 11.9186889023331 12.5128977189586 6.4447537429774 8.32138680396301 8.2226234928164 11.2378898616298 10.8146610800177 12.0500090998673 -9999 -9999 -9999 -9999 -9999 -9999 -9999 -9999 -9999 -9999 -9999 -9999 -9999 -9999 -9999 -9999
-9999 -9999 -9999 -9999 -9999 15.4240088951774 15.5122226467356 12.7195043656975 14.7247535474598 14.610003951937 11.9119540872052 12.939680152107 12.9081240133382 12.8557695103809 12.4649037006311 12.2698293882422 12.498611394316 12.6449171286076 12.6671498627402 12.1938077812083 13.0350657533854 13.0501266377978 13.613834025804 13.3943754243664 12.8916287589818 12.7331308801658 13.8060395983048 13.0078127244487 12.8672444699332 12.8005462675355 12.9862971752882 13.1569871986285 12.7015747413971 12.7438886547461 11.7993560465984 12.5882595158182 12.5466627874412 12.5846735909581 12.9597613313235 12.9999236897565 12.644439005293 8.42255615501574 11.952338888036 -9999 -9999 -9999 -9999 13.2249997043982 13.2249997043982 -9999 -9999 -9999 -9999 -9999 -9999 -9999 -9999 -9999 -9999 -9999 -9999 -9999
-9999 -9999 -9999 -9999 -9999 15.0474867848679 14.9348887442611 12.9547410365194 14.0405590841547 12.8701132098213 12.6657154927962 13.0616015973501 12.8543351404369 13.4711142163724 12.8120212270878 13.3298287768848 12.5746330013499 12.3465681802481 12.7876369380392 12.9741050307639 13.3140507075004 13.6676228987053 12.9138614931144 12.5308847180568 12.7467573946342 12.4448225214146 12.2382732494734 12.6556749031879 12.6779076373205 13.0070955394767 13.2107760715298 12.8672444699332 12.5968657354824 12.5194097585045 12.7137668859214 12.6370280939154 12.500762949232 11.6064332891256 9.33244795784835 -9999 -9999 -9999 -9999 -9999 -9999 -9999 -9999 -9999 -9999 -9999 -9999 -9999 -9999 -9999 -9999 -9999 -9999 -9999 -9999 -9999 -9999 -9999
-9999 -9999 -9999 -9999 -9999 12.7582323541865 12.8901943890378 12.8550523254089 13.2086245166138 13.3083132277243 13.0070955394767 12.8442945508286 13.2652821294032 13.1569871986285 12.8672444699332 12.7144840708934 12.7058778512292 12.8808709844016 12.7732932385989 13.0515610077418 12.6893825968727 12.6119266198948 12.4297616370022 12.2963652322069 12.2798699778505 12.2131717754528 12.4103976427577 12.2662434633821 12.378841503989 12.8851740942337 12.6312906141393 12.9841456203721 12.6657154927962 12.5868251458742 12.659260828048 12.8163243369199 12.9626300712116 12.9447004469112 13.7029083993286 12.5435409234453 11.6199997402728 -9999 -9999 -9999 -9999 -9999 -9999 -9999 -9999 -9999 -9999 -9999 -9999 -9999 -9999 -9999 -9999 -9999 -9999 -9999 -9999 -9999
-9999 -9999 -9999 -9999 -9999 12.6764732673764 12.7854853831232 12.3881649086252 12.2418591743335 13.178502747789 12.7919400478713 12.7116153310053 12.7983947126195 12.8493148456328 12.8055665623397 12.7718588686548 12.7747276085429 12.8414258109406 12.6972716315649 12.6621295679361 12.7510605044663 12.4735099202953 12.4469740763307 12.5617236718535 12.181615636684 12.2160405153409 12.4311960069463 12.3644978045486 12.4390850416385 12.4354991167784 12.9425488919951 13.4861751007847 12.900234978646 12.6004516603425 12.501480134204 12.6714529725723 12.7252418454736 13.0802484066226 13.3047273028642 11.0441602710634 11.064999752678 11.0899997521192 10.6008133963024 6.63029113854282 10.7475410041071 11.6199997402728 -9999 -9999 -9999 -9999 -9999 -9999 -9999 -9999 -9999 -9999 -9999 -9999 -9999 -9999 -9999 -9999
-9999 -9999 -9999 -9999 -9999 13.2724539791234 13.4876094707288 13.2387462854385 13.6762291183695 13.337717811577 13.1598559385166 13.3319803318009 12.9267708226107 12.9102755682543 12.8722647647373 12.8507492155768 12.8823053543456 12.8364055161364 12.6162297297269 12.3350932206959 12.5359050128609 12.3989226832055 12.4792474000715 12.3731040242128 12.4283272670582 12.2454450991936 12.4498428162187 12.4534287410788 12.4577318509109 12.4548631110229 12.2640919084661 12.5667439666577 12.5201269434765 12.5237128683366 12.4670552555472 12.3494369201362 12.5907696632203 12.4089632728137 12.8139678720119 12.8232912766481 13.3950926093385 12.5466627874412 13.1598559385166 13.2050385917537 12.8866084641777 12.3979431134876 12.7249997155741 -9999 -9999 -9999 -9999 -9999 -9999 -9999 -9999 -9999 -9999 -9999 -9999 -9999 -9999 -9999
-9999 -9999 -9999 -9999 -9999 12.9188817879185 13.3298287768848 13.058732857462 13.4022644590586 13.1182592101395 13.0451063429937 12.8077181172557 12.6836451170966 12.8034150074236 12.8693960248493 12.9583269613795 12.8478804756887 12.5947141805664 12.699423186481 12.6420483887196 12.5516830822453 12.3458509952761 12.3107089316472 12.3515884750523 12.5323190880008 12.4656208856031 12.2583544286899 12.2755668680184 12.4017914230935 12.380993058905 12.4419537815265 12.5480971573852 12.5229956833646 12.5100863538682 12.4562974809669 12.3881649086252 12.538773752749 13.0049439845607 13.2036042218097 13.4646595516242 13.4589220718481 14.0728324078955 12.3821405548602 11.8812944296515 12.0937092501138 9.77172153815627 -9999 -9999 -9999 -9999 -9999 -9999 -9999 -9999 -9999 -9999 -9999 -9999 -9999 -9999 -9999 -9999
-9999 -9999 -9999 -9999 -9999 12.6879482269287 12.7517776894383 12.8751335046254 13.0128330192529 13.096743660979 13.0558641175739 12.8729819497094 12.1471907580271 13.058732857462 13.0745109268464 12.9812768804841 13.0522781927139 12.9999236897565 12.9239020827226 12.6363109089434 12.5868251458742 12.541642492637 12.4562974809669 12.8643757300451 12.3343760357238 12.2339701396413 12.3185979663394 12.3207495212555 12.4297616370022 12.4075289028697 12.3472853652202 12.1601000875235 12.3551743999124 12.3480025501922 12.4017914230935 12.4900051746517 12.2791527928784 12.4527115561068 12.6872310419567 12.4878536197357 12.2648090934381 12.4699239954352 12.1907597450772 12.2949308622628 12.2162454253329 12.0029341236555 7.73690994174234 -9999 -9999 9.04500716156326 -9999 -9999 -9999 -9999 10.9150669761002 -9999 -9999 -9999 -9999 -9999 -9999 -9999
-9999 -9999 -9999 -9999 -9999 12.9619128862396 12.8493148456328 13.0608844123781 12.9411145220511 13.3427381063811 12.7474745796062 12.6069063250907 12.4821161399595 12.3121433015913 13.0479750828817 13.05801567249 13.1476637939923 13.137623204384 12.8959318688139 13.1978667420335 12.7711416836828 13.0357829383574 12.8421429959126 12.5889767007902 12.2576372437179 12.220343625173 12.381710243877 12.2805871628225 12.2554856888019 12.2734153131023 12.3903164635412 12.380275873933 12.3056886368431 12.2770012379624 12.4175694924779 12.2777184229344 12.6140781748109 12.619815654587 13.0953092910349 13.1397747593001 12.8901943890378 12.9199063378785 12.0310067925602 11.9784473796109 12.020658837964 12.063280116301 11.2048097047955 10.5954134153367 9.67803047711495 9.07326424946077 -9999 -9999 -9999 10.4366240994102 8.88797692415909 -9999 -9999 -9999 -9999 -9999 -9999 -9999
-9999 -9999 -9999 -9999 -9999 12.3401135155 13.1239966899157 12.6083406950347 12.6556749031879 12.6836451170966 12.5904110707343 12.581087666098 13.0271767186932 13.0121158342808 13.098178030923 13.494781320449 13.1075014355592 12.898800608702 12.859355435241 12.9066896433942 12.5983001054265 12.8543351404369 12.8249305565841 12.6391796488315 12.462034960743 12.3867305386811 12.3236182611436 12.3982054982334 12.3300729258917 12.3264870010316 12.3178807813674 12.3243354461156 12.3300729258917 12.1995452609845 12.2325357696973 12.340830700472 12.540925307665 12.4297616370022 13.0099642793648 12.8550523254089 12.897366238758 11.9534073785879 12.1693210371637 12.1765953418799 11.3918515454978 9.56529762388997 -9999 12.9827534377794 12.6627623782055 9.43419324861545 8.20518355933018 8.38499981258065 8.95999979972839 11.4556787668043 10.9016503694286 -9999 -9999 -9999 -9999 -9999 -9999 -9999
-9999 -9999 -9999 -9999 -9999 12.8019806374796 12.7331308801658 12.6908169668168 12.7195043656975 12.5136722787283 12.7510605044663 13.2416150253266 13.0601672274061 13.0006408747286 13.0508438227698 13.1010467708111 13.0838343314826 13.0515610077418 12.8815881693736 12.778313533403 12.8880428341217 12.2533341338858 12.3709524692968 12.5502487123013 12.5473799724132 12.6657154927962 12.3917508334853 12.2554856888019 12.1486251279712 12.142887648195 12.1235236539505 11.8079622662626 12.140018908307 12.1149174342863 12.0934018851258 12.0876644053496 12.7223731055856 12.5222784983926 12.0712248546804 9.91315957019106 -9999 10.199835714868 11.8233100246638 12.6147953597829 12.065210998918 9.98476331779733 10.1199997738004 -9999 12.1877117089462 9.66226312853684 10.5565476722312 10.0768464932163 10.5511673212983 10.6425366867334 12.3941023177621 12.4699997212738 -9999 -9999 -9999 -9999 -9999 -9999
-9999 -9999 -9999 -9999 -9999 12.8780022445135 12.8500320306048 12.9339426723309 12.9647816261277 12.5875423308462 12.9052552734502 13.1921292622574 13.1268654298037 12.9755394007079 12.9669331810437 13.0307626435533 13.177785562817 13.0494094528258 12.4441053364426 12.6571092731319 12.4584490358829 12.378841503989 12.2791527928784 12.4491256312467 12.3895992785692 12.3451338103041 11.8854182432406 11.8445386998355 12.0489364168607 11.8452558848076 11.8524277345277 11.901913497597 11.9463789658621 11.9456617808901 11.9327524513938 11.9571367404424 9.41719917120833 10.4396167126408 7.8349998248741 9.81230543350102 12.5673586966337 12.0898159602657 12.9303567474708 12.8622241751291 12.6664326777682 11.6036489239401 10.089025798112 -9999 12.7236387261244 15.6836298550479 15.1863816077821 11.1988612882629 14.3294053316349 11.5771311602688 12.4449997218326 11.5249997423962 -9999 -9999 -9999 -9999 -9999 -9999
-9999 -9999 -9999 -9999 -9999 13.3219397421926 13.5464186384343 13.0895718112588 13.5521561182104 13.0795312216505 12.8005462675355 13.1727652680129 13.098178030923 13.1562700136565 13.017853314057 12.9647816261277 12.8091524871998 12.4476912613027 12.4060945329256 12.7596667241305 12.6147953597829 12.2246467350051 12.460600590799 12.5029145041481 12.2246467350051 12.0797753706574 11.7262031794526 11.8796807634644 11.8273262605071 11.8911557230167 11.7677999078296 11.7591936881654 11.8452558848076 11.7749717575498 11.784295162186 11.9750663647428 12.0202490179799 12.1672719372436 -9999 9.08621986536309 12.141453278251 12.7876369380392 12.4842676948756 12.4075289028697 13.0745109268464 13.4123050486669 -9999 14.3697469863109 14.3747672811151 12.0378200497944 14.4799544103444 14.3934140903875 14.2033600728028 12.8880428341217 13.0049997093156 -9999 -9999 -9999 -9999 -9999 -9999 -9999
