EcologicalScience/Bass/data/rs_data_bass/sst_22.asc
NCOLS 226 
NROWS 124 
XLLCORNER -9.41648524995501 
YLLCORNER 47.587301625531 
CELLSIZE 0.0833 
NODATA_value -9999 
[rows 81 to 107 of 124, columns 62 to 123 of 226]
14.629999672994 -9999 -9999 -9999 -9999 -9999 -9999 -9999 -9999 -9999 -9999 -9999 -9999 -9999 -9999 -9999 -9999 -9999 -9999 -9999 -9999 -9999 -9999 -9999 -9999 -9999 -9999 -9999 -9999 -9999 -9999 -9999 -9999 -9999 -9999 -9999 -9999 -9999 -9999 -9999 -9999 -9999 -9999 -9999 -9999 -9999 -9999 -9999 -9999 -9999 -9999 -9999 -9999 -9999 -9999 -9999 -9999 -9999 -9999 -9999 -9999 -9999
15.8599996455014 -9999 -9999 -9999 -9999 -9999 -9999 -9999 -9999 -9999 -9999 -9999 -9999 -9999 -9999 -9999 -9999 -9999 -9999 -9999 -9999 -9999 -9999 -9999 -9999 -9999 -9999 -9999 -9999 -9999 -9999 -9999 -9999 -9999 -9999 -9999 -9999 -9999 -9999 -9999 -9999 -9999 -9999 -9999 -9999 -9999 -9999 -9999 -9999 -9999 -9999 -9999 -9999 -9999 -9999 -9999 -9999 -9999 -9999 -9999 -9999 -9999
-9999 -9999 -9999 -9999 -9999 -9999 -9999 -9999 -9999 -9999 -9999 -9999 -9999 -9999 -9999 -9999 -9999 -9999 -9999 -9999 -9999 -9999 -9999 -9999 -9999 -9999 -9999 -9999 -9999 -9999 -9999 -9999 -9999 -9999 -9999 -9999 -9999 -9999 -9999 -9999 -9999 -9999 -9999 -9999 -9999 -9999 -9999 -9999 -9999 -9999 -9999 -9999 -9999 -9999 -9999 -9999 -9999 -9999 -9999 -9999 -9999 -9999
-9999 -9999 -9999 -9999 -9999 -9999 -9999 -9999 -9999 -9999 -9999 -9999 -9999 -9999 -9999 -9999 -9999 -9999 -9999 -9999 -9999 -9999 -9999 -9999 -9999 -9999 -9999 -9999 -9999 -9999 -9999 -9999 -9999 11.3199997469783 11.209999749437 11.1449997508898 -9999 -9999 -9999 -9999 -9999 -9999 -9999 -9999 -9999 -9999 -9999 -9999 -9999 -9999 -9999 -9999 -9999 -9999 -9999 -9999 17.2699996139854 13.8699996899813 15.0249996641651 15.0249996641651 15.1699996609241 15.1024996624328
-9999 -9999 -9999 -9999 -9999 -9999 -9999 -9999 -9999 -9999 -9999 -9999 -9999 -9999 -9999 -9999 -9999 -9999 -9999 -9999 -9999 -9999 -9999 -9999 -9999 -9999 -9999 -9999 -9999 -9999 -9999 -9999 -9999 17.3699996117502 15.8799996450543 17.1599996164441 17.8259996015579 16.207142494885 16.4249996328726 16.244999636896 15.6399996504188 -9999 17.819999601692 15.8399996459484 16.2549996366724 17.4499996099621 17.0049996199086 15.064999663271 14.3549996791407 14.2499996814877 15.044999663718 15.3499996569008 -9999 -9999 15.2516663257654 15.1299996618181 15.1449996614829 15.2749996585771 15.0399996638298 14.4699996765703 13.5849996963516 13.6749996943399
-9999 -9999 -9999 -9999 -9999 -9999 -9999 -9999 -9999 -9999 -9999 -9999 -9999 14.6199996732175 14.7254996708594 15.2289996596053 14.5499996747822 14.6587496723514 13.0521425654047 -9999 -9999 -9999 -9999 -9999 -9999 11.894999734126 -9999 17.3249996127561 15.5149996532127 15.5149996532127 16.1874996381812 16.3199996352196 16.3524996344931 17.7399996034801 16.5399996303022 -9999 18.2949995910749 16.3249996351078 15.9899996425956 16.0949996402487 16.1799996383488 16.1949996380135 15.809999646619 15.5899996515363 15.4399996548891 15.8749996451661 15.3799996562302 14.3899996783584 14.4649996766821 14.4199996776879 14.484999676235 14.5799996741116 14.4899996761233 14.6449996726587 12.5749997189268 15.2149996599182 14.7149996710941 14.0549996858463 14.0249996865168 13.7699996922165 13.4399996995926 13.7099996935576
-9999 -9999 -9999 -9999 -9999 -9999 -9999 -9999 12.1349997287616 12.1349997287616 15.9499996434897 13.6649996945634 13.6649996945634 13.7949996916577 14.1099996846169 14.1399996839464 14.2099996823817 14.1099996846169 14.0749996853992 14.3583330123996 13.2921425600403 14.9749996652827 14.8499996680766 14.6949996715412 14.7149996710941 14.7299996707588 8.95937479974236 15.0599996633828 15.2699996586889 15.499999653548 15.4599996544421 15.4349996550009 15.8399996459484 16.0349996415898 15.9599996432662 17.4399996101856 14.7299996707588 14.899999666959 15.6949996491894 15.8699996452779 16.0649996409193 16.0849996404722 15.8949996447191 15.5599996522069 14.484999676235 14.4049996780232 14.5649996744469 13.8949996894225 13.7949996916577 14.0599996857345 13.9849996874109 13.9149996889755 13.8099996913224 13.5749996965751 13.5899996962398 13.5399996973574 14.1224996843375 14.692499671597 13.9999996870756 13.7899996917695 13.9749996876344 14.3849996784702
-9999 -9999 -9999 -9999 -9999 -9999 -9999 -9999 14.4174996777438 13.4549996992573 13.4549996992573 14.5749996742234 14.4499996770173 14.7449996704236 14.4049996780232 14.2999996803701 14.0249996865168 13.9399996884167 14.0349996862933 14.0449996860698 13.9899996872991 14.4449996771291 14.4249996775761 14.2649996811524 14.1999996826053 14.1799996830523 14.3299996796995 14.5599996745586 14.6399996727705 14.7449996704236 14.8499996680766 14.919999666512 14.8699996676296 14.8549996679649 15.0199996642768 15.1949996603653 15.2399996593595 15.1949996603653 15.3999996557832 15.5649996520951 15.9599996432662 15.9749996429309 15.6999996490777 15.4949996536598 14.2799996808171 14.3549996791407 14.2949996804819 14.2899996805936 14.2249996820465 13.9649996878579 13.7949996916577 13.2999997027218 13.469999698922 13.3499997016042 13.6249996954575 13.5749996965751 13.469999698922 13.8249996909872 13.8949996894225 14.2199996821582 13.9099996890873 14.234999681823
-9999 -9999 -9999 -9999 -9999 -9999 -9999 -9999 15.010999664478 14.0683330188816 13.3799997009337 14.5849996739998 14.3899996783584 14.0099996868521 14.359999679029 11.8849997343495 12.6099997181445 13.7849996918812 14.1099996846169 14.2499996814877 14.1799996830523 14.2099996823817 14.3749996786937 14.379999678582 14.524999675341 14.3699996788055 14.0749996853992 14.2199996821582 14.2449996815994 14.2999996803701 14.3699996788055 14.5099996756762 14.5849996739998 14.6449996726587 14.6399996727705 14.6999996714294 14.9449996659532 15.0349996639416 15.1099996622652 15.2999996580184 15.0799996629357 14.8399996683002 14.1899996828288 13.7449996927753 13.8549996903166 13.7549996925518 13.7349996929988 13.8849996896461 13.654999694787 13.5449996972457 13.3699997011572 13.5849996963516 13.614999695681 13.6999996937811 13.9099996890873 13.8899996895343 13.8099996913224 13.7249996932223 13.6299996953458 13.5949996961281 13.6399996951222 13.8149996912107
-9999 9.40499978978187 -9999 -9999 -9999 -9999 -9999 -9999 14.5449996748939 14.1083330179875 14.1749996831641 14.1799996830523 14.4474996770732 14.3024996803142 14.2049996824935 12.6599997170269 13.2999997027218 13.4299996998161 13.5549996970221 14.1699996832758 14.4499996770173 14.5549996746704 14.3849996784702 14.3749996786937 14.4599996767938 14.0249996865168 13.7199996933341 13.5149996979162 13.5399996973574 13.8849996896461 13.9549996880814 13.8899996895343 13.8749996898696 13.8699996899813 14.0199996866286 14.1149996845052 14.2699996810406 14.359999679029 14.3349996795878 14.5099996756762 14.4149996777996 13.6249996954575 14.1049996847287 13.509999698028 13.469999698922 13.6899996940047 13.344999701716 13.7099996935576 13.7899996917695 13.8349996907637 13.6699996944517 13.7949996916577 13.4449996994808 13.3999997004867 13.8099996913224 13.9549996880814 13.9549996880814 13.9549996880814 13.9299996886402 14.1649996833876 14.0399996861815 14.504999675788
13.6849996941164 13.6849996941164 14.6374996728264 14.6366663395117 14.5899996738881 -9999 16.1899624452926 13.4999996982515 13.2149997046217 13.074999707751 13.1649997057393 13.0899997074157 13.1299997065216 14.3474996793084 14.1399996839464 13.0799997076392 13.0099997092038 12.909999711439 12.929999710992 14.3674996788613 13.1949997050688 11.1099997516721 13.2649997035041 13.3349997019395 13.2849997030571 13.3049997026101 13.344999701716 13.4149997001514 13.4149997001514 13.5399996973574 13.5499996971339 13.5949996961281 13.5899996962398 13.5449996972457 13.6749996943399 13.6449996950105 13.7199996933341 13.7049996936694 13.6699996944517 13.489999698475 13.3399997018278 13.3799997009337 13.0399997085333 13.199999704957 13.3699997011572 13.5299996975809 13.1499997060746 13.489999698475 13.6799996942282 13.6849996941164 13.6899996940047 13.7699996922165 13.7149996934459 13.8599996902049 13.8899996895343 13.9299996886402 13.9799996875226 14.0949996849522 14.2599996812642 14.3649996789172 14.4349996773526 14.5649996744469
12.8199997134507 12.8199997134507 14.3974996781908 14.339999679476 13.6999996937811 13.6749996943399 13.5799996964633 13.3499997016042 13.3499997016042 13.3199997022748 13.3399997018278 13.4249996999279 13.5449996972457 13.3749997010455 13.2449997039512 13.1749997055158 13.1599997058511 13.3849997008219 13.4399996995926 13.5599996969104 13.3299997020513 13.1549997059628 13.0649997079745 13.0949997073039 13.2049997048452 13.3149997023866 12.9999997094274 13.0949997073039 13.179999705404 13.4249996999279 13.4249996999279 13.3499997016042 13.3399997018278 13.3049997026101 13.2999997027218 13.3999997004867 13.3499997016042 13.3549997014925 13.3899997007102 12.8949997117743 12.1449997285381 12.4649997213855 12.5099997203797 12.5349997198209 13.2849997030571 13.5849996963516 13.5699996966869 13.5799996964633 13.6099996957928 13.6449996950105 13.7849996918812 13.8099996913224 13.6599996946752 13.5999996960163 13.7849996918812 14.21499968227 14.2499996814877 14.2549996813759 14.3099996801466 14.5699996743351 14.7399996705353 14.8849996672943
13.1249997066334 12.5249997200444 13.0949997073039 13.2549997037277 13.5249996976927 13.5899996962398 13.469999698922 13.3699997011572 13.2599997036159 13.4749996988103 14.0049996869639 13.8399996906519 13.5699996966869 13.5449996972457 13.4299996998161 13.4049997003749 13.4449996994808 13.4249996999279 13.4849996985868 13.6499996948987 13.75999969244 13.8299996908754 13.75999969244 13.5699996966869 13.2599997036159 13.5199996978045 13.1599997058511 13.0799997076392 12.1449997285381 11.1299997512251 13.0149997090921 13.0099997092038 12.8049997137859 13.3149997023866 13.489999698475 13.2799997031689 13.3749997010455 13.4549996992573 13.2899997029454 13.2849997030571 13.324999702163 13.3049997026101 13.3999997004867 13.3899997007102 13.344999701716 13.3199997022748 13.3899997007102 13.4599996991456 13.6199996955693 13.5699996966869 13.5699996966869 13.7649996923283 13.8449996905401 14.089999685064 14.4049996780232 14.5399996750057 14.6199996732175 14.4399996772408 14.5899996738881 14.7299996707588 14.9849996650591 15.0499996636063
15.5849996516481 14.8199996687472 15.3149996576831 15.809999646619 14.6749996719882 14.5999996736646 14.6999996714294 14.7499996703118 15.1599996611476 15.3849996561185 13.8649996900931 14.1149996845052 14.2799996808171 13.7749996921048 13.6849996941164 13.8499996904284 13.6949996938929 13.6849996941164 13.7049996936694 13.4549996992573 13.4749996988103 13.5149996979162 13.4049997003749 13.2049997048452 13.3899997007102 13.4349996997043 13.2299997042865 13.179999705404 13.4749996988103 13.21999970451 13.1499997060746 12.9049997115508 13.2349997041747 13.4949996983632 13.4599996991456 13.3499997016042 13.4799996986985 13.4799996986985 13.509999698028 13.5449996972457 13.6299996953458 13.5999996960163 13.5649996967986 13.5649996967986 13.5849996963516 13.5949996961281 13.614999695681 13.5799996964633 13.8149996912107 13.7949996916577 13.8199996910989 14.0449996860698 14.1899996828288 14.3999996781349 14.629999672994 14.8149996688589 14.6549996724352 14.7599996700883 15.0199996642768 15.1049996623769 15.1849996605888 15.334999657236
16.6349996281788 16.7699996251613 16.5299996305257 16.3399996347725 15.354999656789 14.7849996695295 14.8499996680766 14.9999996647239 14.3999996781349 14.6149996733293 14.4549996769056 14.2299996819347 14.2649996811524 13.9699996877462 14.0749996853992 14.089999685064 13.75999969244 13.5599996969104 13.3599997013807 13.2849997030571 13.2149997046217 13.4099997002631 13.5549996970221 13.4949996983632 13.4949996983632 13.5149996979162 13.6199996955693 13.6199996955693 13.6199996955693 13.6799996942282 13.7099996935576 13.75999969244 13.634999695234 13.5849996963516 13.489999698475 13.4549996992573 13.5549996970221 13.6799996942282 13.904999689199 14.0049996869639 13.8799996897578 13.75999969244 13.7649996923283 13.7899996917695 13.7399996928871 13.7249996932223 13.8449996905401 13.8999996893108 14.0399996861815 13.4849996985868 13.8549996903166 14.6149996733293 14.6849996717647 14.8499996680766 14.8649996677414 15.1249996619299 15.3449996570125 15.5549996523187 15.7649996476248 15.7849996471778 15.934999643825 16.0199996419251
16.8599996231496 16.8799996227026 15.9199996441603 15.1299996618181 15.2749996585771 15.084999662824 15.2599996589124 15.2449996592477 15.334999657236 15.4049996556714 14.484999676235 14.4899996761233 14.2649996811524 13.9099996890873 13.9999996870756 13.7449996927753 13.4099997002631 13.2849997030571 13.7399996928871 13.8249996909872 13.8249996909872 13.3399997018278 13.3549997014925 13.4999996982515 13.5449996972457 13.5699996966869 13.5199996978045 13.5899996962398 13.75999969244 13.8749996898696 13.8899996895343 13.8349996907637 13.8849996896461 13.8399996906519 13.799999691546 13.8599996902049 13.8749996898696 13.9799996875226 14.1649996833876 14.1799996830523 14.0249996865168 13.9399996884167 13.944999688305 13.9549996880814 13.9749996876344 14.0099996868521 14.1099996846169 14.1299996841699 14.0299996864051 14.2899996805936 14.3499996792525 14.6749996719882 14.9149996666238 15.2649996588007 15.4399996548891 15.5299996528774 15.8049996467307 15.9749996429309 16.1799996383488 16.3549996344373 16.5599996298552 16.5949996290728
15.9999996423721 15.5649996520951 15.0799996629357 15.3449996570125 15.3299996573478 15.3099996577948 15.1699996609241 15.2249996596947 15.1099996622652 15.0199996642768 14.9999996647239 14.8899996671826 14.359999679029 14.1049996847287 14.049999685958 13.9799996875226 13.6399996951222 13.6499996948987 13.3699997011572 13.489999698475 13.7099996935576 13.8049996914342 13.7749996921048 13.6849996941164 13.6599996946752 13.6299996953458 13.8649996900931 14.1749996831641 14.1649996833876 14.1249996842816 14.1049996847287 14.0799996852875 13.9099996890873 13.9649996878579 14.1999996826053 14.2249996820465 14.2499996814877 14.3499996792525 14.4549996769056 14.4549996769056 14.21499968227 14.0749996853992 14.1299996841699 14.2399996817112 14.379999678582 14.3049996802583 14.3499996792525 14.3499996792525 14.2549996813759 14.4899996761233 14.7999996691942 15.0949996626005 15.5749996518716 15.8549996456131 15.9199996441603 15.934999643825 15.9949996424839 15.6692853640499 -9999 -9999 -9999 -9999
15.6299996506423 15.4249996552244 15.6399996504188 15.644999650307 15.5949996514246 15.7199996486306 15.7549996478483 15.4099996555597 15.2949996581301 15.2899996582419 15.4749996541068 15.2999996580184 15.2699996586889 14.9249996664003 14.504999675788 13.9999996870756 13.8349996907637 13.8099996913224 13.8549996903166 14.0349996862933 13.9849996874109 13.8549996903166 13.7099996935576 13.8849996896461 14.1149996845052 14.2749996809289 14.1999996826053 14.3499996792525 13.9499996881932 13.799999691546 13.7449996927753 14.0649996856228 14.1599996834993 14.2999996803701 14.4449996771291 14.4549996769056 14.5949996737763 14.649999672547 14.379999678582 14.4549996769056 14.3999996781349 14.3149996800348 14.2499996814877 14.2649996811524 14.4099996779114 14.4149996777996 14.3999996781349 14.5199996754527 14.4399996772408 14.484999676235 15.2749996585771 15.8499996457249 15.9399996437132 15.5999996513128 16.1824996382929 14.1280905933035 -9999 -9999 -9999 -9999 -9999 -9999
16.0899996403605 15.8699996452779 15.7399996481836 16.0699996408075 15.9499996434897 15.7349996482953 15.5399996526539 15.5799996517599 15.6749996496364 15.9299996439368 15.8299996461719 15.6149996509776 15.2999996580184 14.9649996655062 14.4399996772408 14.1149996845052 13.7399996928871 13.654999694787 13.6699996944517 13.8899996895343 14.0599996857345 14.1349996840581 14.1149996845052 14.2199996821582 14.3899996783584 14.4499996770173 14.3999996781349 14.4249996775761 14.3999996781349 14.8749996675178 9.54647519645571 13.6749996943399 13.6749996943399 16.3599996343255 -9999 15.2849996583536 15.1999996602535 14.8699996676296 14.3699996788055 14.3899996783584 14.4149996777996 14.3299996796995 14.3299996796995 14.6749996719882 14.5999996736646 14.6649996722117 14.7249996708706 14.6949996715412 14.9999996647239 15.1999996602535 15.789999647066 16.4049996333197 16.7349996259436 -9999 -9999 -9999 -9999 -9999 -9999 -9999 -9999 -9999
15.9699996430427 15.7199996486306 16.1299996394664 16.4449996324256 16.4599996320903 16.0649996409193 15.3049996579066 15.2149996599182 15.5549996523187 15.9099996443838 15.6349996505305 15.4849996538833 15.4449996547773 15.1949996603653 14.8349996684119 14.4599996767938 13.8499996904284 13.75999969244 13.7199996933341 13.8499996904284 13.9699996877462 13.9349996885285 13.9799996875226 14.3999996781349 14.6349996728823 14.6199996732175 14.794999669306 14.7999996691942 14.7199996709824 -9999 -9999 -9999 -9999 -9999 16.3799996338785 15.6799996495247 15.5749996518716 14.9899996649474 14.4949996760115 14.1799996830523 14.6899996716529 14.2799996808171 14.6849996717647 14.9299996662885 14.7899996694177 15.2249996596947 15.3249996574596 15.6149996509776 15.6799996495247 15.7549996478483 16.2949996357784 17.1049996176735 17.2699996139854 -9999 -9999 -9999 -9999 -9999 -9999 -9999 -9999 -9999
16.1249996395782 16.4099996332079 16.6249996284023 16.3149996353313 16.0349996415898 15.4349996550009 15.5049996534362 15.0399996638298 15.5549996523187 15.624999650754 15.6599996499717 15.4249996552244 15.4399996548891 15.3399996571243 15.2399996593595 14.8299996685237 14.2249996820465 13.8599996902049 13.8749996898696 13.8699996899813 13.7349996929988 13.6799996942282 13.8049996914342 14.1299996841699 14.9649996655062 15.4249996552244 15.7349996482953 15.6499996501952 15.3449996570125 10.8579029831134 -9999 -9999 -9999 -9999 -9999 18.4199995882809 15.6849996494129 15.9749996429309 15.6549996500835 15.1649996610358 14.8899996671826 15.3499996569008 15.4949996536598 15.4749996541068 15.4449996547773 15.6849996494129 15.8499996457249 15.7799996472895 15.7949996469542 16.3749996339902 17.1849996158853 17.344999612309 17.6849996047094 18.3399995900691 -9999 -9999 -9999 -9999 -9999 -9999 -9999 -9999
15.6499996501952 16.2349996371195 16.0649996409193 15.4499996546656 15.1999996602535 15.044999663718 15.2349996594712 15.8249996462837 15.9599996432662 15.5949996514246 15.5699996519834 15.3299996573478 15.5949996514246 15.334999657236 15.229999659583 14.9299996662885 14.7149996710941 14.0599996857345 14.0149996867403 13.9599996879697 13.8949996894225 13.9099996890873 13.9649996878579 14.1749996831641 15.624999650754 15.8049996467307 15.934999643825 16.0049996422604 16.1099996399134 16.5099996309727 -9999 24.7149994475767 -9999 -9999 -9999 -9999 16.1099996399134 16.1099996399134 16.4499996323138 16.6099996287376 16.244999636896 16.3424996347167 15.7149996487424 15.8899996448308 16.1799996383488 16.1999996379018 16.3799996338785 16.1949996380135 16.1549996389076 17.7099996041507 18.0049995975569 17.5799996070564 17.8499996010214 9.86999977938831 -9999 -9999 -9999 -9999 -9999 -9999 -9999 -9999
15.9949996424839 15.8999996446073 15.7249996485189 14.774999669753 14.7549996702 14.2599996812642 14.2899996805936 15.2699996586889 15.1799996607006 15.1149996621534 15.6549996500835 15.4949996536598 16.0899996403605 15.6299996506423 14.6699996720999 14.1599996834993 14.0949996849522 14.0349996862933 13.9799996875226 13.9349996885285 13.9299996886402 14.1349996840581 14.4799996763468 14.5449996748939 15.4899996537715 15.8049996467307 15.9199996441603 15.9999996423721 16.1949996380135 16.4499996323138 16.5649996297434 -9999 -9999 -9999 -9999 -9999 -9999 -9999 -9999 -9999 -9999 -9999 -9999 -9999 -9999 -9999 16.6649996275082 16.6699996273965 17.799999602139 18.4799995869398 18.5649995850399 12.2699997257441 -9999 -9999 -9999 -9999 -9999 -9999 -9999 -9999 -9999 -9999
15.5899996515363 15.4149996554479 15.1349996617064 14.21499968227 13.5699996966869 14.2049996824935 13.8249996909872 13.614999695681 15.1799996607006 14.0649996856228 13.9499996881932 14.1549996836111 14.4299996774644 14.7449996704236 14.4649996766821 14.4049996780232 14.524999675341 14.1999996826053 14.0949996849522 14.2899996805936 14.5399996750057 14.7049996713176 14.7999996691942 14.9599996656179 15.2049996601418 15.3899996560067 15.4099996555597 15.5499996524304 15.7949996469542 16.389999633655 16.7099996265024 17.0999996177852 -9999 -9999 -9999 -9999 -9999 -9999 -9999 -9999 -9999 -9999 -9999 -9999 -9999 -9999 -9999 -9999 -9999 -9999 -9999 -9999 -9999 -9999 -9999 -9999 -9999 -9999 -9999 -9999 -9999 -9999
15.3099996577948 15.0699996631593 13.8099996913224 14.359999679029 13.7299996931106 13.4099997002631 13.6049996959046 13.6449996950105 14.5399996750057 14.049999685958 14.0749996853992 13.9899996872991 14.1499996837229 14.4149996777996 14.4549996769056 14.4749996764585 14.4299996774644 14.5649996744469 14.6999996714294 14.7499996703118 14.8049996690825 14.8549996679649 14.9099996667355 14.9599996656179 15.0999996624887 15.2949996581301 15.4299996551126 15.6849996494129 15.809999646619 16.6099996287376 16.7699996251613 16.8149996241555 -9999 -9999 -9999 -9999 -9999 -9999 -9999 -9999 -9999 -9999 -9999 -9999 -9999 -9999 -9999 -9999 -9999 -9999 -9999 -9999 -9999 -9999 -9999 -9999 -9999 -9999 -9999 -9999 -9999 -9999
14.4799996763468 14.1099996846169 13.9949996871874 13.7399996928871 13.8899996895343 13.7899996917695 13.179999705404 12.514999720268 13.1049997070804 13.7649996923283 14.0099996868521 14.3049996802583 14.5749996742234 14.7499996703118 14.7249996708706 14.5099996756762 14.5099996756762 14.649999672547 14.899999666959 14.919999666512 14.8849996672943 15.0099996645004 15.0349996639416 15.1249996619299 15.4899996537715 15.8049996467307 15.7599996477365 15.5299996528774 16.3249996351078 16.784999624826 16.8399996235967 17.4849996091798 24.264999457635 -9999 -9999 -9999 -9999 -9999 -9999 -9999 -9999 -9999 -9999 -9999 -9999 -9999 -9999 -9999 -9999 -9999 -9999 -9999 -9999 -9999 -9999 -9999 -9999 -9999 -9999 -9999 -9999 -9999
13.9549996880814 14.0549996858463 13.8099996913224 13.6949996938929 13.7899996917695 13.9199996888638 13.9149996889755 13.8299996908754 14.6424996727146 14.0199996866286 14.0049996869639 14.7899996694177 14.8099996689707 14.9149996666238 15.20999966003 15.4199996553361 15.0149996643886 15.0349996639416 15.0749996630475 14.9549996657297 15.0149996643886 15.1349996617064 15.1649996610358 15.3949996558949 15.7649996476248 15.8249996462837 15.5899996515363 15.5499996524304 16.5199996307492 16.8949996223673 16.8149996241555 16.949999621138 17.9499995987862 -9999 -9999 -9999 -9999 -9999 -9999 -9999 -9999 -9999 -9999 -9999 -9999 -9999 -9999 -9999 -9999 -9999 -9999 -9999 -9999 -9999 -9999 -9999 -9999 -9999 -9999 -9999 -9999 -9999
