EcologicalScience/Bass/data/rs_data_bass/sst_176.asc
NCOLS 226 
NROWS 124 
XLLCORNER -9.41648524995501 
YLLCORNER 47.587301625531 
CELLSIZE 0.0833 
NODATA_value -9999 
[rows 81 to 107 of 124, columns 62 to 123 of 226]
15.0716709292732 -9999 -9999 -9999 -9999 -9999 -9999 -9999 -9999 -9999 -9999 -9999 -9999 -9999 -9999 -9999 -9999 -9999 -9999 -9999 -9999 -9999 -9999 -9999 -9999 -9999 -9999 -9999 -9999 -9999 -9999 -9999 -9999 -9999 -9999 -9999 -9999 -9999 -9999 -9999 -9999 -9999 -9999 -9999 -9999 -9999 -9999 -9999 -9999 -9999 -9999 -9999 -9999 -9999 -9999 -9999 -9999 -9999 -9999 -9999 -9999 -9999
14.971113900567 -9999 -9999 -9999 -9999 -9999 -9999 -9999 -9999 -9999 -9999 -9999 -9999 -9999 -9999 -9999 -9999 -9999 -9999 -9999 -9999 -9999 -9999 -9999 -9999 -9999 -9999 -9999 -9999 -9999 -9999 -9999 -9999 -9999 -9999 -9999 -9999 -9999 -9999 -9999 -9999 -9999 -9999 -9999 -9999 -9999 -9999 -9999 -9999 -9999 -9999 -9999 -9999 -9999 -9999 -9999 -9999 -9999 -9999 -9999 -9999 -9999
-9999 -9999 -9999 -9999 -9999 -9999 -9999 -9999 -9999 -9999 -9999 -9999 -9999 -9999 -9999 -9999 -9999 -9999 -9999 -9999 -9999 -9999 -9999 -9999 -9999 -9999 -9999 -9999 -9999 -9999 -9999 -9999 -9999 -9999 -9999 -9999 -9999 -9999 -9999 -9999 -9999 -9999 -9999 -9999 -9999 -9999 -9999 -9999 -9999 -9999 -9999 -9999 -9999 -9999 -9999 -9999 -9999 -9999 -9999 -9999 15.8316327594389 -9999
-9999 -9999 -9999 -9999 -9999 -9999 -9999 -9999 -9999 -9999 -9999 -9999 -9999 -9999 -9999 -9999 -9999 -9999 -9999 -9999 -9999 -9999 -9999 -9999 -9999 -9999 -9999 -9999 -9999 -9999 -9999 -9999 -9999 11.3199997469783 11.209999749437 11.1449997508898 -9999 -9999 -9999 -9999 -9999 -9999 -9999 -9999 -9999 -9999 -9999 -9999 -9999 -9999 -9999 -9999 -9999 -9999 -9999 -9999 17.2699996139854 14.0230156363776 14.3102206336334 14.0298013095744 13.9071626793593 14.5447401194833
-9999 -9999 -9999 -9999 -9999 -9999 -9999 -9999 -9999 -9999 -9999 -9999 -9999 -9999 -9999 -9999 -9999 -9999 -9999 -9999 -9999 -9999 -9999 -9999 -9999 -9999 -9999 -9999 -9999 -9999 -9999 -9999 9.78999978117645 10.0970332305878 13.3235534083797 14.2786644948646 13.8010193035007 13.9917253074236 14.331531272802 15.0808358860668 13.6964934644696 -9999 15.8989902566453 13.8579159779474 13.2296021770453 12.8650929150172 14.8323312932625 14.5110324257985 14.812250114046 14.0702027296647 13.7278664363548 14.1110822730698 12.3327026041225 -9999 14.5734697057153 13.3549302509055 13.9810327314772 14.3797875759192 14.3525345469825 14.4708700673655 15.0733054438606 15.209570588544
-9999 -9999 -9999 -9999 -9999 -9999 -9999 -9999 -9999 -9999 -9999 -9999 13.5908865871981 13.1168248401955 14.8930529542267 15.0872905508149 14.729773842264 15.1762727148432 15.7415479747579 -9999 -9999 -9999 -9999 -9999 -9999 11.894999734126 11.3100047698874 14.8433281295002 14.8165532238781 14.1031334729632 14.690328668803 14.3155278024264 13.5968606481329 13.9369975741953 15.6699996497482 13.1262506998277 13.9613101447467 14.3177510758396 14.1646320843138 14.0477309338748 13.9430219279602 14.09219640214 15.0388805652037 15.2590563516133 15.1199224670418 15.725226583425 15.4362010397017 15.2511673169211 15.3393810684793 15.2676625712775 15.0840632184409 14.7993407845497 14.5863368478604 14.1510055698454 14.1216009859927 14.2879878995009 14.3819391308352 14.8395031429827 14.8366344030946 14.8287453684025 15.1823175596073 15.370220022276
-9999 -9999 -9999 -9999 -9999 -9999 -9999 -9999 21.301982556852 12.3917508334853 14.6229132814333 13.8899502400309 15.0166478310712 14.9585558483377 15.0668507791124 15.1816003746353 15.1364177213982 15.0776085536927 15.1665394902229 15.1894894093275 16.2457459888974 14.5489766144972 14.729773842264 15.1134678022936 15.0948209930211 17.2357125009386 -9999 14.8308969233185 14.292291009333 14.8753623915836 15.0216681258753 15.0015869466588 14.6358226109296 15.5541779675987 14.5820138162235 9.21999979391694 15.5819288983325 14.5017090211622 14.5260933102109 14.1882991883904 14.0749839628115 14.4636982176453 15.4942930224352 15.6004363982938 15.5652943346649 15.5875270687975 15.5652943346649 15.5531021901406 15.647053421475 15.3659169124439 15.3558763228357 15.4734946582466 15.5193944964558 15.5581224849448 15.1041443976574 15.1952268891037 15.4110995656811 15.1593676405028 15.1321146115661 15.2533188718371 15.1923581492156 15.210287773516
-9999 -9999 -9999 -9999 -9999 -9999 -9999 -9999 12.4684538685967 15.0847804034129 15.0819116635248 14.9449293338694 15.3644825424999 15.3802606118843 15.3795434269123 15.3408154384233 15.3931699413806 15.3228858141229 15.3859980916604 15.2791375308298 15.1600848254748 14.7261879174039 15.0037385015748 15.0345774553716 15.0173650160432 14.9750511026941 15.0926694381051 15.0783257386647 15.0051728715189 14.8653218019754 14.8653218019754 15.0446180449799 15.1235083919019 15.1794488197193 14.8975951257162 14.8237250735983 14.8423718828708 14.8244422585703 14.7555925012566 14.332453367766 14.2772301249206 15.050355524756 15.3565935078077 15.5222632363439 15.5545365600847 15.7546311672777 15.7531967973337 15.7022766643204 15.7230750285089 15.647770606447 15.52800071612 15.7202062886208 15.5559709300287 15.5617084098049 15.3501388430595 15.3709372072481 15.4448072593659 15.0202337559313 15.1378520913422 15.0646992241964 14.9764854726382 15.1220740219578
-9999 -9999 -9999 -9999 -9999 -9999 -9999 -9999 15.5456229754324 15.3307748488151 15.3515732130036 15.4032105309889 15.44982755417 15.4340494847856 15.4240088951774 15.4168370454572 15.4376354096457 15.4053620859049 15.3608966176398 15.2289345827885 15.0804772935808 15.0532242646441 15.0654164091684 15.0410321201198 15.1364177213982 15.1572160855867 15.2138736983761 15.4146854905412 15.3867152766325 15.3487044731155 15.2023987388238 15.3207342592068 15.330057663843 15.4110995656811 15.4792321380228 15.3078249297105 15.1149021722376 14.968596437946 14.8732108366676 14.9090700852685 14.9893948021345 15.2325205076486 15.2863093805499 15.4039277159609 15.6377300168388 15.6843470400199 15.4448072593659 15.3859980916604 15.4534134790301 15.3917355714366 15.2791375308298 15.3114108545706 15.3530075829476 15.1851862994954 15.2748344209976 15.1980956289917 15.2239142879844 15.0826288484968 15.0740226288326 15.0295571605675 14.9614245882258 14.9815057674423
10.8610281742943 9.40499978978187 -9999 -9999 -9999 -9999 -9999 -9999 15.1896089401562 15.2805719007738 15.2999358950183 15.5165257565677 15.4763633981347 15.5416272305883 15.6054566930979 15.6606799359433 15.6520737162791 15.5609912248328 15.5782036641613 15.4240088951774 15.2798547158018 15.2547532417811 15.2769859759137 15.327188923955 15.4197057853453 15.5337381958961 15.4935758374631 15.6642658608034 15.5588396699168 15.5703146294691 15.1385692763142 15.5710318144411 15.5430616005324 15.5401928606443 15.5889614387415 15.4218573402613 15.3236029990949 15.2676625712775 14.9564042934217 15.0187993859872 15.1127506173216 15.2540360568091 15.369502837304 15.407513640821 15.3881496465765 15.5172429415397 15.5222632363439 15.4254432651214 15.3006530799903 15.3752403170802 15.2633594614454 15.2762687909417 14.9126560101286 15.568880259525 15.5398342681583 15.0015869466588 14.9721823628061 14.9492324437015 14.9248481546529 14.8839686112478 14.9772026576102 15.0840632184409
14.9148075650446 15.0740226288326 15.1328317965381 14.9399090390652 16.6801124002713 -9999 16.1899624452926 14.9951322819106 14.8782311314717 15.2719656811096 15.3759575020522 15.4641712536104 15.5100710918196 15.5588396699168 15.5925473636016 15.6004363982938 15.6943876296282 15.6606799359433 15.6807611151598 15.6649830457754 15.2920468603261 15.5939817335457 15.4856868027709 15.5717489994131 15.6800439301878 15.7431562077254 15.7983794505708 15.8148747049272 15.8536026934162 15.8371074390598 15.7209234735928 15.7524796123616 15.7618030169979 15.7625202019699 15.7517624273896 15.7223578435369 15.6721548954956 15.7037110342644 15.7531967973337 15.6599627509713 15.3236029990949 15.4756462131627 15.5437787855044 15.4713431033306 15.5509506352246 15.4899899126031 15.4935758374631 15.4125339356251 15.3071077447385 15.3601794326678 15.3616138026118 15.2052674787119 15.6162144676782 15.6502807538491 14.9886776171625 15.04820396984 14.931302819401 14.8581499522552 14.8653218019754 15.0015869466588 15.5900372161996 15.1213568369858
15.2153080683202 15.2231971030124 15.2698141261935 15.0288399755955 15.2296517677605 15.3895840165205 14.9076357153244 15.2468642070889 15.4110995656811 15.4699087333865 15.4684743634425 15.4856868027709 15.5064851669595 15.5394756756723 15.529435086064 15.5774864791892 15.6226691324264 15.6606799359433 15.6341440919787 15.3322092187591 15.7223578435369 15.6233863173984 15.7768639014103 15.8550370633602 15.8579058032483 15.9052400114015 15.9102603062056 15.8241981095634 15.8378246240318 15.8112887800671 15.5961332884617 15.885158832185 15.9124118611217 15.9231696357019 15.8966337917373 15.964049179107 15.9174321559258 15.8822900922969 15.8550370633602 15.8629260980524 15.8191778147593 15.7596514620818 15.7345499880612 15.7811670112424 15.6040223231539 15.5330210109241 15.3472701031715 15.4032105309889 15.3487044731155 15.3924527564086 15.9550843669567 15.7453077626415 15.5201116814278 15.0360118253157 15.04820396984 15.6151386902202 14.9743339177221 15.5699560369831 14.9018982355483 14.8739280216396 15.009475981351 14.9872432472184
15.2188939931802 15.2468642070889 15.2834406406619 15.370220022276 15.4189886003733 15.4448072593659 15.4247260801494 15.1830347445793 15.5064851669595 15.5437787855044 15.5516678201966 15.5581224849448 15.5115054617636 14.6874599289149 15.5236976062879 15.6047395081259 15.6011535832658 15.6800439301878 15.7689748667181 15.8693807628006 15.8342386991717 15.8371074390598 15.804834115319 15.8213293696754 15.76610612683 15.8328043292277 15.806985670235 15.887310387101 15.8643604679964 15.9038056414574 15.8571886182763 15.9769585086033 16.0077974624 15.9848475432955 16.0508285607211 15.9418164449744 15.9203008958139 15.9389477050863 15.8636432830244 15.7754295314662 15.8543198783882 15.7101656990126 15.6527909012511 15.5423444155604 15.6262550572865 15.5832239589654 15.4648884385824 15.4189886003733 15.4562822189182 15.3960386812687 15.1751457098871 15.2848750106059 15.1995299989358 15.0467695998959 14.9506668136455 14.8452406227589 14.8947263858281 14.8251594435424 15.0051728715189 14.850260917563 14.7964720446616 14.7104098480195
15.2432782822289 15.2404095423408 15.3063905597664 15.3895840165205 15.3816949818283 15.3594622476958 15.3903012014925 15.4605853287503 15.4369182246737 15.5021820571274 15.5079195369035 15.5545365600847 15.568163074553 15.5624255947769 15.5731833693571 15.6291237971745 15.608325432986 15.5925473636016 14.4852137668058 15.7646717568859 15.7015594793484 15.7761467164382 15.7374187279493 15.7833185661584 15.8026825604029 15.8815729073249 15.8270668494515 15.8959166067652 15.8492995835841 15.9102603062056 15.9030884564854 15.8772697974928 15.8787041674368 15.8399761789478 15.9884334681556 16.0328989364207 16.0651722601615 16.0013427976519 15.9776756935753 15.9181493408978 15.9289071154781 15.7990966355428 15.6800439301878 15.5760521092452 15.6011535832658 15.607608248014 15.5244147912599 15.4168370454572 15.4397869645618 15.4189886003733 15.089800698217 15.1622363803908 15.1988128139637 15.1235083919019 15.0525070796721 14.9248481546529 15.0302743455395 15.4781563605648 15.4200643778313 14.7857142700814 14.4572435528971 14.6028321022168
15.0388805652037 15.1270943167619 15.1636707503349 15.2719656811096 15.2949156002142 15.2626422764733 15.2734000510536 15.5588396699168 15.4333322998136 15.4555650339462 15.4713431033306 15.5193944964558 15.5767692942172 15.5581224849448 15.5423444155604 15.6205175775103 15.6814783001319 15.3802606118843 16.0095904248301 15.0575273744762 15.6965391845442 15.7331156181172 15.8363902540877 15.7754295314662 15.8213293696754 15.8220465546474 15.9281899305061 15.888027572073 15.924604005646 15.9152806010097 15.8586229882203 15.8700979477726 15.886593202129 15.9590288843028 16.0178380520083 16.0673238150775 16.0493941907771 15.9791100635193 16.0034943525679 15.6269722422585 15.6750236353837 15.8026825604029 15.7933591557667 15.6929532596841 15.6212347624823 15.6814783001319 15.4734946582466 15.4376354096457 15.4985961322673 15.1127506173216 15.4648884385824 15.2224799180403 15.0439008600079 15.5925473636016 15.1342661664821 15.1349833514541 14.5160527206026 14.5282448651269 14.5225073853508 14.6752677843906 14.1474196449853 13.9480422227643
14.9772026576102 15.0733054438606 15.1550645306706 15.2346720625646 15.2425610972568 15.3035218198784 15.3788262419403 15.3867152766325 15.4247260801494 15.4849696177989 15.4118167506531 15.4412213345058 15.3601794326678 15.4569994038902 15.4512619241141 15.6649830457754 15.2949156002142 16.0332575289067 16.0260856791865 16.0673238150775 15.9859233207535 16.0493941907771 16.1006729162764 15.566011519637 15.6305581671186 15.7151859938167 15.8500167685561 15.7747123464942 15.8951994217932 15.806985670235 15.8012481904589 15.8249152945355 15.8213293696754 15.9281899305061 16.0121005722322 16.0658894451335 15.9461195548065 15.844996473752 15.6391643867828 15.5911129936576 15.529435086064 15.6183660225943 15.6814783001319 15.6707205255516 15.5982848433778 15.5208288663998 15.3343607736751 15.2296517677605 15.1722769699991 15.2153080683202 14.8653218019754 15.5380413057283 14.9865260622464 14.5841852929443 14.5203558304347 14.5110324257985 14.4077577898279 14.3259987030178 14.1796929687262 14.0197607199661 13.6396526847966 13.5198827944696
14.9585558483377 15.0969725479372 15.1127506173216 15.1521957907826 15.1859034844674 15.2977843401022 15.367351282388 15.4168370454572 15.4347666697577 15.5523850051686 15.4978789472952 15.5072023519315 15.5997192133218 15.7015594793484 15.7732779765502 15.7564241297077 15.1249427618459 15.8661534304265 15.7008422943763 15.807702855207 15.8751182425767 16.2010788123589 16.1756187458523 15.9335688177962 15.9511398496106 16.0103076098021 15.4749290281907 15.7302468782291 15.6276894272305 15.6786095602438 15.8564714333043 15.887310387101 15.7496108724736 15.7560655372217 15.7567827221937 15.7202062886208 15.5717489994131 15.3781090569682 15.2992187100463 15.3214514441788 15.4519791090861 15.5179601265118 15.6119113578461 15.5767692942172 15.647053421475 15.6169316526502 15.2676625712775 15.0345774553716 15.0568101895042 15.1450239410624 14.6551866051741 14.9365621758625 14.5648212986998 14.4457685933448 14.3381908475421 14.2872707145289 16.2988417490075 17.1199996173382 -9999 -9999 -9999 -9999
15.0073244264349 14.9944150969386 15.1127506173216 15.1737113399431 15.2418439122848 15.2726828660816 15.3243201840669 15.370220022276 15.4914242825471 15.5014648721553 15.5366069357842 15.5968504734337 15.5925473636016 15.6621143058874 15.6291237971745 15.76789908926 15.8654362454545 15.726302360883 15.5201116814278 15.4598681437783 16.1612750464119 16.165578156244 16.045449673431 16.0511871532071 15.9898678380996 15.4032105309889 15.5710318144411 15.4663228085265 15.7302468782291 15.5387584907003 15.6040223231539 15.9109774911776 15.4627368836664 15.4734946582466 15.3236029990949 15.0926694381051 14.9506668136455 15.2016815538518 15.28989530541 15.4297463749535 15.4627368836664 15.569597444497 15.5624255947769 15.5939817335457 15.6190832075663 15.4985961322673 14.9671620680019 14.9133731951006 15.0058900564909 14.4450514083728 14.3152409284376 14.8430890678428 14.4550919979811 14.171803934034 13.7418189439923 17.9999995976686 -9999 -9999 -9999 -9999 -9999 -9999
14.8187047787942 14.9148075650446 14.9764854726382 15.0783257386647 15.1586504555307 15.2712484961376 15.3243201840669 15.3616138026118 15.3989074211568 15.4828180628829 15.5990020283498 15.6047395081259 15.8310113667976 15.7449491701555 15.7460249476135 15.7743537540082 15.9289071154781 15.9407406675164 15.8804971298669 16.084894846892 16.1584063065238 16.0630207052454 16.0271614566445 15.4297463749535 15.9633319941349 15.3716543922201 15.3723715771921 15.8819314998109 15.844996473752 16.2599996365607 16.2099996376783 15.5381516418778 15.2913296753541 16.6299996282905 -9999 17.344999612309 14.9657276980579 15.2977843401022 15.3637653575279 15.4182714154013 15.366634097416 15.4146854905412 15.4756462131627 15.4641712536104 15.3372295135632 15.1909237792715 14.8882717210799 14.7921689348295 14.8689077268355 14.5648212986998 14.4421826684847 14.3532517319545 14.3410595874302 14.3949996782467 -9999 -9999 -9999 -9999 -9999 -9999 -9999 -9999
14.652317865286 14.8581499522552 14.8538468424231 14.9112216401845 14.9779198425822 15.0123447212391 15.2999358950183 15.567087297095 15.4799493229948 15.8951994217932 15.8622089130804 15.7302468782291 15.3726106388494 15.7614444245119 15.7241508059669 15.6768165978137 16.0748542572837 15.9561601444148 15.925679783104 15.9730139912572 15.9887920606416 15.9418164449744 15.3207342592068 15.9504226646386 15.2346720625646 15.1636707503349 15.3314920337871 15.3960386812687 15.8891033495311 -9999 -9999 -9999 -9999 -9999 16.3799996338785 14.602186635742 14.8316141082905 14.9786370275542 15.2131565134041 15.1564989006147 15.0532242646441 15.089083513245 15.1945097041316 15.2791375308298 15.009475981351 14.9470808887854 14.8043610793538 14.7821283452213 14.6559037901461 14.3977172002196 14.3467970672064 14.0513168587349 13.8508360750185 -9999 -9999 -9999 -9999 -9999 -9999 -9999 -9999 -9999
14.5282448651269 14.6150242467411 14.7104098480195 14.7885830099694 14.7534409463406 14.9334543743171 15.0345774553716 14.9872432472184 15.0403149351478 15.8521683234721 16.0805917370599 16.0429395260289 16.0293130115606 16.1569719365798 16.1225470579229 15.9765999161173 15.7571413146798 15.7571413146798 15.3757782058092 14.4552354349755 15.6837732920423 15.2081362186 15.4562822189182 15.4275948200375 15.0661335941404 15.2131565134041 15.1643879353069 15.2160252532922 15.2117221434601 16.1999996379018 -9999 -9999 -9999 -9999 -9999 18.0749995959923 15.0331430854276 14.5196386454627 14.6688131196424 14.8330484782346 14.8696249118075 14.888988906052 14.8172704088502 14.8746452066116 14.8244422585703 14.7685018307529 14.7742393105291 14.7462690966204 14.7018036283553 14.610721136909 14.2341990265995 14.0168919800781 14.3267158879898 15.296895654376 9.54460844954733 22.3409692907795 -9999 -9999 -9999 -9999 -9999 -9999
14.4436170384288 14.5368510847911 14.6171758016571 14.7269051023759 14.4500717031769 14.8072298192419 15.6667760082055 15.8729666876607 15.647053421475 15.7711264216341 16.0300301965326 16.2096850320231 16.1910382227506 16.2276146563236 16.1558961591218 15.7151859938167 15.9403820750304 15.7549897597637 15.8690221703146 15.6438260891009 15.4024933460169 15.5115054617636 15.5581224849448 14.6322366860695 14.8330484782346 14.7426831717603 14.4479201482609 14.7742393105291 14.7405316168442 14.3037659688853 13.9617192896396 24.7149994475767 -9999 -9999 -9999 -9999 14.5598010038957 15.1345530404709 15.0440203908365 14.4091921597719 14.3826563158073 14.3288674429059 14.3511001770385 13.9121829741634 13.9207891938277 14.2564317607321 14.4450514083728 14.729773842264 14.7347941370681 14.2234412520193 13.4080019388348 13.0529953776859 15.1110293733887 9.86999977938831 -9999 -9999 -9999 -9999 -9999 -9999 -9999 -9999
14.3188268532977 14.4948957639281 14.1653492692858 14.6232718739193 15.2569047966972 14.929868449457 15.726660953369 15.925321190618 16.0687581850216 16.1444211995695 15.8650776529685 15.8299355893396 15.8980681616813 15.6685689706355 15.7359843580052 15.725226583425 15.9798272484913 15.4369182246737 15.5115054617636 15.5115054617636 15.5581224849448 15.5351725658402 15.4369182246737 14.5655384836718 14.6157414317131 14.6085695819929 14.611438321881 14.572710333392 14.4981230963022 14.2851191596128 14.0131871980799 -9999 -9999 -9999 -9999 -9999 -9999 -9999 -9999 -9999 -9999 -9999 -9999 -9999 -9999 -9999 14.2291787317954 14.2406536913477 13.7995849335566 13.0099642793648 19.1891837282737 19.3399995677173 -9999 -9999 -9999 -9999 -9999 -9999 -9999 -9999 -9999 -9999
14.0850245524198 14.1216009859927 14.3898281655274 14.9269997095689 15.2418439122848 14.9793542125262 14.9026154205203 15.1801660046913 16.0705511474516 16.1593625531532 16.2677770147566 15.8622089130804 16.2413607016206 16.1021072862204 15.5968504734337 15.5624255947769 15.5574052999727 15.5107882767916 15.5588396699168 15.4326151148416 15.5057679819874 15.3917355714366 15.1141849872656 15.5340455608842 12.6113793197173 16.0649996409193 14.3840906857513 14.6688131196424 14.610721136909 14.453657628037 15.0790429236367 12.9312878341697 20.0700337182042 -9999 -9999 -9999 -9999 -9999 -9999 -9999 -9999 -9999 -9999 -9999 -9999 -9999 -9999 -9999 -9999 -9999 -9999 -9999 -9999 -9999 -9999 -9999 -9999 -9999 -9999 -9999 -9999 -9999
14.0699636680074 13.9491180002224 14.2169865872711 14.4299905239604 14.4601122927852 14.97003080789 14.8574327672832 15.92424541316 15.3436841783114 16.1041393103078 16.2559434627183 15.8951994217932 16.1849421504885 16.206816292135 15.5466475253925 15.5825067739934 16.0942182515282 15.486403987743 15.489272727631 15.2934812302701 14.970747992862 14.7821283452213 14.6874599289149 14.7089754780754 14.732642582152 14.7161473277956 14.6537522352301 14.7878658249974 14.4816278419457 14.4615466627292 13.0458235279657 13.5672170026228 18.0246267908439 -9999 -9999 -9999 -9999 -9999 -9999 -9999 -9999 -9999 -9999 -9999 -9999 -9999 -9999 -9999 -9999 -9999 -9999 -9999 -9999 -9999 -9999 -9999 -9999 -9999 -9999 -9999 -9999 -9999
13.7802209393121 13.6525620142929 14.2621692405082 14.4565263679251 14.7398144318722 14.9040497904643 14.8882717210799 15.050355524756 16.0274005183019 16.126491575269 16.126491575269 15.8306527743116 15.7481765025295 15.8934064593632 15.5394756756723 15.2346720625646 15.3171483343467 15.4742118432187 15.3716543922201 15.249015762005 14.6810052641667 14.7555925012566 14.8287453684025 14.7584612411447 14.7018036283553 14.7742393105291 14.8610186921433 13.9523453325965 14.1144291362725 14.0319528644904 13.177785562817 12.9586855538655 21.7164372471161 -9999 -9999 -9999 -9999 -9999 -9999 -9999 -9999 -9999 -9999 -9999 -9999 -9999 -9999 -9999 -9999 -9999 -9999 -9999 -9999 -9999 -9999 -9999 -9999 -9999 -9999 -9999 -9999 -9999
13.5664998176508 13.9831842863932 14.1445509050973 14.2284615468234 14.6236304664053 14.8940092008561 15.008041611407 15.2748344209976 15.9730139912572 15.8514511385001 15.4899899126031 15.1579332705587 14.9850916923024 14.8237250735983 15.2203283631243 15.4821008779109 15.4433728894219 15.3236029990949 15.2941984152421 15.2920468603261 15.1902065942995 14.9133731951006 14.7842799001373 14.5892055877484 14.6013977322727 14.7828455301933 14.9908291720785 14.450788888149 14.4543748130091 14.5210730154067 12.8844569092616 14.3926969054155 14.4792082430951 -9999 -9999 -9999 -9999 -9999 -9999 -9999 -9999 -9999 -9999 -9999 -9999 -9999 -9999 -9999 -9999 -9999 -9999 -9999 -9999 -9999 -9999 -9999 -9999 -9999 -9999 -9999 -9999 -9999
