EcologicalScience/Bass/data/rs_data_bass/sst_331.asc
NCOLS 226 
NROWS 124 
XLLCORNER -9.41648524995501 
YLLCORNER 47.587301625531 
CELLSIZE 0.0833 
NODATA_value -9999 
[rows 27 to 53 of 124, columns 62 to 123 of 226]
-9999 -9999 -9999 -9999 -9999 -9999 -9999 -9999 -9999 -9999 -9999 -9999 -9999 -9999 -9999 -9999 -9999 -9999 -9999 -9999 -9999 -9999 -9999 -9999 -9999 -9999 -9999 -9999 12.5299997199327 8.97328866436146 11.5836812141512 5.50175480730832 5.49530014256015 5.31528671458364 5.73455304922536 5.75951108625159 5.887600322254 6.19742423016578 5.96864222409204 5.97222814895213 6.06833093520254 6.05255286581814 5.96218755934387 5.93206579051912 5.95286415470764 5.91341898124665 6.01956235710531 6.09773551905528 6.15511031681672 6.1543931318447 6.20387889491394 6.22826318396255 6.31647693552077 6.32866908004507 6.37026580842212 6.37313454831019 6.47138888947666 6.47497481433675 6.45632800506428 6.36667988356203 6.22898036893457 6.20818200474605
-9999 -9999 -9999 -9999 -9999 -9999 -9999 -9999 -9999 -9999 -9999 -9999 -9999 -9999 -9999 -9999 -9999 -9999 -9999 -9999 -9999 -9999 -9999 -9999 -9999 -9999 -9999 -9999 -9999 -9999 9.78499978128821 12.7664887275229 6.35202881913366 5.93493453040719 5.79508346086368 5.88473158236593 5.99015777325258 6.05255286581814 5.97007659403607 5.79723501577973 5.94569230498746 5.94282356509939 5.99230932816863 5.92561112577096 5.9155705361627 5.94425793504342 5.99661243800074 6.10490736877546 6.11709951329976 6.2540818429552 6.19885860010982 6.28133487189189 6.4132969067432 6.49864191841334 6.5725119705312 6.56031982600689 6.5847041150555 6.35090181417763 6.28420361177996 6.37098299339414 6.36452832864597 6.44341867556795
-9999 -9999 -9999 -9999 -9999 -9999 -9999 -9999 -9999 -9999 -9999 -9999 -9999 -9999 -9999 -9999 -9999 -9999 -9999 -9999 -9999 -9999 -9999 -9999 -9999 -9999 -9999 -9999 -9999 -9999 -9999 13.3849997008219 5.13527328660712 6.05255286581814 6.03318887157366 6.00593584263697 6.01310769235715 6.02386546693742 5.87612536270171 5.93995482521132 5.80870997533202 5.94927822984755 5.89262061705813 5.93708608532324 5.76424450706691 5.92417675582692 5.9872890333645 6.17590868100524 6.21176792960614 6.23184910882264 6.39967039227486 6.32938626501709 6.51872309762985 6.58183537516743 6.61410869890824 6.69945371057838 6.66502883192152 6.62916958332062 6.47784355422482 6.6205633636564 6.62630084343255 6.58542130002752
-9999 -9999 -9999 -9999 -9999 -9999 -9999 -9999 -9999 -9999 -9999 -9999 -9999 -9999 -9999 -9999 -9999 -9999 -9999 -9999 -9999 -9999 -9999 -9999 -9999 -9999 -9999 -9999 -9999 -9999 -9999 8.54881295887753 6.06641844194382 6.05255286581814 6.03534042648971 6.00378428772092 5.89979246677831 5.90839868644252 5.96075318939984 5.97294533392414 6.01669361721724 5.27368998620659 6.05757316062227 6.01310769235715 5.94138919515535 5.35903499787673 6.03175450162962 5.77500228164718 5.68320260522887 6.40469068707898 6.10419018380344 6.5366527219303 6.60550247924402 6.66502883192152 6.68080690130591 6.48573258891702 5.91987364599481 6.08984648436308 6.64351328276098 5.96505629923195 5.69826348964125 6.05829034559429
-9999 -9999 -9999 -9999 -9999 -9999 -9999 -9999 -9999 -9999 -9999 -9999 -9999 -9999 -9999 -9999 -9999 -9999 -9999 -9999 -9999 -9999 -9999 -9999 -9999 -9999 -9999 -9999 -9999 -9999 -9999 9.41499978955835 12.3278235730249 6.04251227620989 5.97437970386818 6.00234991777688 5.9471266749315 5.9392376402393 5.93278297549114 5.94425793504342 5.74990080762655 5.63730276701972 5.44366282457486 6.0188451721333 6.07263404503465 6.0668965652585 5.22348703816533 6.06546219531447 6.23973814351484 6.40684224199504 6.43266090098768 5.79221472097561 6.02027954207733 6.63203832320869 6.67363505158573 6.69156467588618 6.39249854255468 6.29639575630426 6.2340006637387 5.13957639643922 6.27918331697583 6.62486647348851
-9999 -9999 -9999 -9999 -9999 -9999 -9999 -9999 -9999 -9999 -9999 -9999 -9999 -9999 -9999 -9999 -9999 -9999 -9999 -9999 -9999 -9999 -9999 -9999 -9999 -9999 -9999 -9999 -9999 -9999 -9999 -9999 9.99133273214102 6.01741080218926 5.98083436861634 5.94425793504342 5.73914303304628 5.99804680794477 5.97868281370029 5.95645007956773 5.83596300426871 6.01597643224522 5.73699147813022 5.8954893569462 5.63299965718761 5.26078065671027 5.5569780501537 5.42860194016248 5.86106447828934 6.27631457708776 6.36381114367396 6.38389232289046 6.57036041561514 6.6004821844399 6.19598986022174 5.32819604407996 6.14578691218048 6.11709951329976 6.30930508580059 4.8161259740591 6.45130771026015 6.34516433440149
-9999 -9999 -9999 -9999 -9999 -9999 -9999 -9999 -9999 -9999 -9999 -9999 -9999 -9999 -9999 -9999 -9999 -9999 -9999 -9999 -9999 -9999 -9999 -9999 -9999 -9999 -9999 -9999 -9999 -9999 -9999 -9999 10.3691576762861 6.05685597565025 5.96649066917598 5.9750968888402 5.94927822984755 5.96649066917598 5.99948117788881 5.93780327029526 5.97868281370029 6.0905636693351 6.01741080218926 6.03462324151769 6.0547044207342 5.68678853008896 6.13789787748829 6.10562455374748 6.36309395870194 6.47497481433675 6.51872309762985 6.52302620746195 6.52015746757388 6.58398693008348 6.68080690130591 6.74607073375955 6.73172703431919 6.73316140426323 6.64781639259309 6.66287727700546 6.6922818608582 6.57968382025138
-9999 -9999 -9999 -9999 -9999 -9999 -9999 -9999 -9999 -9999 -9999 -9999 -9999 -9999 -9999 -9999 -9999 -9999 -9999 -9999 -9999 -9999 -9999 -9999 -9999 -9999 -9999 -9999 -9999 -9999 -9999 -9999 -9999 8.51846622334355 6.04466383112594 6.01310769235715 5.98657184839249 6.02171391202137 6.02243109699339 5.92059083096683 5.89835809683427 5.81301308516413 6.0310373166576 5.87110506789759 6.01525924727321 6.06044190051034 6.05398723576218 5.98011718364432 6.2899410915561 6.4412671206519 6.18451490066946 6.22324288915843 6.48142947908491 6.13359476765618 6.62343210354447 6.64781639259309 6.70375682041049 6.76184880314395 6.76543472800404 6.76543472800404 6.74033325398341 6.55960264103487
-9999 -9999 -9999 -9999 -9999 -9999 -9999 13.5409052789619 11.3547013639472 7.50922074262053 6.02529983688146 8.21186477688245 17.2273072262897 8.30591246835874 8.41999981179833 -9999 -9999 -9999 -9999 -9999 -9999 -9999 -9999 -9999 -9999 -9999 -9999 -9999 -9999 -9999 -9999 -9999 -9999 -9999 6.16084779659286 6.08124026469886 6.0310373166576 6.02099672704935 6.03318887157366 6.02745139179751 6.09630114911124 5.87755973264575 5.72910244343802 5.78934598108754 5.78719442617148 5.8438520389609 6.08052307972685 6.06904812017456 6.20961637469009 5.96218755934387 6.11781669827178 6.10705892369151 6.30715353088453 6.46565140970051 4.98968473728746 6.55099642137066 6.62343210354447 6.5768150803633 6.02673420682549 6.73531295917928 6.42835779115558 6.63347269315273
-9999 -9999 -9999 -9999 16.7299996260554 15.9723534261514 12.6964307940115 10.9249972295589 5.80572170461528 5.90445416909643 12.7921087972765 13.1101862818647 19.7799995578825 -9999 -9999 -9999 -9999 -9999 -9999 -9999 -9999 -9999 -9999 -9999 -9999 -9999 -9999 -9999 -9999 -9999 -9999 -9999 -9999 -9999 6.12140262313187 6.08554337453097 6.0747855999507 6.15654468676075 6.06833093520254 6.07908870978281 6.03032013168558 6.16156498156488 6.04538101609796 5.94067201018333 6.14220098732039 5.88473158236593 5.9750968888402 6.21750540938228 6.11781669827178 6.30500197596848 6.02386546693742 6.30715353088453 6.50724813807756 6.61984617868438 5.94425793504342 5.96935940906405 6.41114535182714 6.60191655438393 6.14004943240434 5.86608477309346 6.53450116701424 6.56031982600689
7.57621233887039 6.65877907716536 11.2639618740093 6.16326014604419 4.45143741578795 4.36734747781884 5.66096987109631 5.55482649523765 5.53833124088123 15.7003155651645 -9999 -9999 -9999 -9999 -9999 -9999 -9999 -9999 -9999 -9999 -9999 -9999 -9999 -9999 -9999 -9999 -9999 -9999 -9999 -9999 -9999 -9999 -9999 -9999 13.3399997018278 6.19096956541762 6.07048249011859 6.15941342664883 6.18666645558551 6.18881801050156 6.16945401625708 6.18881801050156 6.16945401625708 6.17375712608919 6.00593584263697 6.10634173871949 6.33727529970929 5.89190343208611 6.06331064039841 6.45059052528813 6.46421703975648 6.2182225943543 6.53521835198626 6.39178135758266 6.62486647348851 6.62988676829264 5.89046906214207 6.44054993567988 6.40612505702302 6.73029266437516 6.55529953120276 6.47999510914087
6.80990019626915 5.82269508228637 5.61471144040115 5.69037445494905 5.67029327573255 5.73842584807426 5.71691029891372 5.64160587685183 5.6803338653408 14.2649996811524 -9999 -9999 -9999 -9999 -9999 -9999 -9999 -9999 -9999 -9999 -9999 -9999 -9999 -9999 -9999 -9999 -9999 -9999 -9999 -9999 -9999 -9999 -9999 -9999 -9999 6.2698599123396 6.36739706853405 6.2777489470318 6.23328347876668 6.21678822441027 6.28276924183592 6.20603044983 6.21965696429834 6.01597643224522 6.12857447285205 6.17375712608919 5.608615368139 6.32364878524095 6.38245795294642 6.55529953120276 6.58326974511147 6.56749167572707 6.65068513248116 6.23758658859879 6.63490706309676 6.28850672161207 6.64279609778896 6.5725119705312 6.76041443319991 6.63992735790089 6.81778923096135 6.65068513248116
6.11351358843967 5.95860163448378 6.08052307972685 5.91198461130261 5.92919705063105 5.89907528180629 5.76137576717883 6.06151767796837 7.65648432154729 -9999 -9999 -9999 -9999 -9999 -9999 -9999 -9999 -9999 -9999 -9999 -9999 -9999 -9999 -9999 -9999 -9999 -9999 -9999 -9999 -9999 -9999 -9999 -9999 -9999 -9999 -9999 12.7516226224173 6.2103335596621 6.23041473887861 6.28061768691987 6.28492079675198 6.29567857133225 6.27703176205978 6.2103335596621 6.23758658859879 6.23758658859879 6.33440655982122 6.40827661193907 6.51585435774177 6.36667988356203 6.48931851377711 6.6643116469495 6.59546188963577 6.62630084343255 6.75539413839579 6.62486647348851 6.79412212688476 6.78121279738843 6.82854700554162 6.83213293040171 6.7998596066609 6.71666614990681
6.47784355422482 6.43122653104365 6.10992766357958 6.10562455374748 5.94138919515535 6.0231482819654 5.80655842041597 6.1823633457534 12.7897884929553 -9999 -9999 -9999 -9999 -9999 -9999 -9999 -9999 -9999 -9999 -9999 -9999 -9999 -9999 -9999 -9999 -9999 -9999 -9999 -9999 -9999 -9999 -9999 -9999 -9999 -9999 -9999 -9999 -9999 -9999 -9999 6.8928153852541 6.25479902792722 6.19240393536165 6.23256629379466 6.2540818429552 6.30500197596848 6.34229559451342 6.42979216109961 6.39680165238678 6.5847041150555 6.52517776237801 6.32938626501709 6.78121279738843 6.8235267107375 6.8235267107375 6.83356730034575 6.83285011537373 6.8156376760453 6.83356730034575 6.84504225989804 6.82280952576548 6.79125338699669
6.44700460042804 6.42979216109961 6.4412671206519 6.32938626501709 6.18953519547358 5.78576005622745 6.06976530514657 5.20087180538103 15.5949996514246 -9999 -9999 -9999 -9999 -9999 -9999 -9999 -9999 -9999 -9999 -9999 -9999 -9999 -9999 -9999 -9999 -9999 -9999 -9999 -9999 -9999 -9999 -9999 -9999 -9999 -9999 -9999 -9999 -9999 -9999 -9999 -9999 -9999 -9999 11.740112527431 6.29137546150014 6.35233618412167 6.28635516669601 6.34588151937351 6.485015403945 6.53808709187433 6.50939969299361 6.10562455374748 6.68224127124995 6.6564226122573 6.71523177996278 6.69801934063435 6.8156376760453 6.6564226122573 6.76041443319991 6.79627368180081 6.84073915006593 6.81492049107328
6.32651752512902 6.39895320730284 6.35090181417763 6.31289101066068 6.19383830530569 6.20531326485798 6.02171391202137 6.13574632257223 8.96942383423448 15.3599996566772 -9999 -9999 -9999 -9999 -9999 16.1899624452926 -9999 -9999 -9999 -9999 -9999 -9999 -9999 -9999 -9999 -9999 -9999 -9999 -9999 -9999 -9999 -9999 -9999 -9999 -9999 -9999 -9999 -9999 -9999 -9999 -9999 -9999 -9999 -9999 5.68100924821707 6.2698599123396 6.26842554239556 6.25193028803915 6.25838495278731 6.34372996445745 4.44462415855378 6.52302620746195 6.60191655438393 6.64279609778896 6.70877711521462 6.22252570418641 6.02601702185348 6.4929044386372 6.74463636381552 5.71045563416556 6.76902065286413 6.78910183208063
6.2619708776474 5.89764091186225 6.36524551361799 6.25264747301117 6.26627398747951 6.11996825318784 6.06187627045438 6.08984648436308 6.14004943240434 6.22467725910246 14.7149996710941 -9999 -9999 -9999 -9999 -9999 -9999 -9999 -9999 -9999 -9999 -9999 -9999 -9999 -9999 -9999 -9999 -9999 -9999 -9999 -9999 -9999 -9999 -9999 -9999 -9999 -9999 -9999 -9999 -9999 -9999 -9999 -9999 -9999 -9999 10.9849997544661 6.32006286038086 6.19527267524973 6.25121310306713 6.30356760602444 5.9155705361627 6.39106417261064 6.40182194719091 6.46421703975648 6.61841180874035 6.62414928851649 6.27631457708776 6.22180851921439 5.47808770323172 6.17949460586533 6.74893947364762 6.78623309219256
7.23985258699395 6.37815484311432 6.25587480538525 6.18415630818345 6.13718069251627 5.87720114015974 6.32508315518498 6.07263404503465 6.07263404503465 6.21607103943825 3.40112002426758 15.9701452513691 17.9194251850576 -9999 12.1148632469773 21.654999515973 21.6363415506813 17.8048414329362 -9999 -9999 -9999 -9999 -9999 -9999 -9999 -9999 -9999 -9999 -9999 -9999 -9999 -9999 -9999 -9999 -9999 -9999 -9999 -9999 -9999 -9999 -9999 -9999 -9999 -9999 -9999 8.8399998024106 12.7499997150153 12.7826166432351 6.20172733999789 6.09343240922317 6.09916988899931 6.18738364055753 6.34229559451342 6.37026580842212 6.49649036349729 6.51011687796563 6.58829003991559 6.22682881401852 6.67722097644582 6.684392826166 6.76471754303202 6.7919705719687
7.33631396573037 6.89094209810719 6.724196592113 6.62020477117039 7.13980528339744 6.70375682041049 6.45991392992437 6.11925106821582 5.87755973264575 5.76854761689901 6.26053650770336 5.44446965766838 15.1249996619299 6.46278266981244 6.59833062952384 6.77906124247238 6.88520461833104 10.2905939819723 -9999 -9999 -9999 -9999 -9999 -9999 -9999 -9999 -9999 -9999 -9999 -9999 -9999 -9999 -9999 -9999 -9999 -9999 -9999 -9999 -9999 -9999 -9999 -9999 -9999 -9999 -9999 -9999 -9999 -9999 12.299951157067 5.9750968888402 5.97222814895213 5.98226873856038 5.9471266749315 6.15797905670479 6.40684224199504 6.53163242712617 6.57394634047523 6.55458234623075 6.62414928851649 6.27703176205978 5.72981962841004 6.74463636381552
7.38293098891154 7.21510970545933 6.85006255470216 6.82998137548566 6.88448743335903 6.76686909794807 6.45991392992437 6.33082063496113 6.27201146725565 6.22898036893457 6.39895320730284 5.91485335119069 6.25479902792722 6.37600328819826 6.39465009747073 13.0481875821327 15.6149996509776 14.8223630801194 -9999 -9999 -9999 -9999 -9999 -9999 -9999 -9999 -9999 -9999 -9999 -9999 -9999 -9999 -9999 -9999 -9999 -9999 -9999 -9999 -9999 -9999 -9999 -9999 -9999 -9999 -9999 -9999 -9999 -9999 5.97222814895213 5.88616595230997 5.97939999867231 6.04394664615393 6.04896694095805 6.1027558138594 6.34301277948543 6.40827661193907 6.564622935839 6.64207891281694 6.6205633636564 6.62414928851649 6.60263373935595 6.67291786661372
7.47365488787182 7.45464948611334 7.40803246293217 6.55960264103487 6.72096925973892 6.73100984934717 6.59187596477568 6.5208746525459 6.1465040971525 6.0389263513498 6.30643634591252 6.10203862888739 6.19742423016578 6.36739706853405 6.38747824775055 13.27971836884 16.6738605931314 -9999 -9999 -9999 -9999 -9999 -9999 -9999 -9999 -9999 -9999 -9999 -9999 -9999 -9999 -9999 -9999 -9999 -9999 -9999 -9999 -9999 -9999 -9999 -9999 -9999 -9999 -9999 -9999 -9999 -9999 -9999 5.94497512001544 5.83022552449256 6.0030671027489 6.06904812017456 6.16658527636901 6.28635516669601 6.43194371601567 6.45417645014822 6.50437939818949 6.51657154271379 6.59187596477568 5.02052369108424 6.23184910882264 6.61052277404815
7.45680104102939 7.31264686165377 7.24523147428408 6.9791558496654 6.75109102856368 6.86010314431041 6.42979216109961 6.3494674442336 6.52159183751792 6.40182194719091 6.41042816685513 6.12427136301994 6.46493422472849 6.45417645014822 10.2729599466792 6.69999985024333 -9999 -9999 -9999 -9999 -9999 -9999 -9999 -9999 -9999 -9999 -9999 -9999 -9999 -9999 -9999 -9999 -9999 -9999 -9999 -9999 -9999 -9999 -9999 -9999 -9999 -9999 -9999 -9999 -9999 -9999 -9999 -9999 6.54191207839176 6.05972471553832 5.99230932816863 6.06115908548236 6.21320229955018 6.27057709731162 6.34444714942947 6.405407872051 6.48214666405693 6.52804650226608 6.0747855999507 6.23041473887861 6.15009002201259 6.1902523804456
7.53425701800734 7.32483900617808 7.39512313343585 7.26961576333269 7.04011657228693 6.65068513248116 6.2899410915561 6.80990019626915 6.7202520747669 6.51226843288168 6.50366221321747 6.15726187173277 6.37887202808633 6.50222784327343 10.0723746339791 -9999 -9999 -9999 -9999 -9999 -9999 -9999 -9999 -9999 -9999 -9999 -9999 -9999 -9999 -9999 -9999 -9999 -9999 -9999 -9999 -9999 -9999 -9999 -9999 -9999 -9999 -9999 -9999 -9999 -9999 -9999 -9999 -9999 -9999 12.5842531721814 6.00737021258101 6.00163273280486 6.1823633457534 6.2103335596621 6.28276924183592 5.9112674263306 6.09414959419519 6.29496138636023 6.06833093520254 6.28635516669601 3.90171513473615 6.33512374479324
7.33918270561844 7.41879023751244 7.31551560154185 7.01214635837823 7.12761313887313 6.34659870434552 6.37672047317028 6.88233587844297 6.73029266437516 6.25623339787126 6.40182194719091 6.34372996445745 6.48573258891702 6.46493422472849 11.5189679044947 14.3420925969771 -9999 -9999 -9999 -9999 -9999 -9999 -9999 -9999 -9999 -9999 -9999 -9999 -9999 -9999 -9999 -9999 -9999 -9999 -9999 -9999 -9999 -9999 -9999 -9999 -9999 -9999 -9999 -9999 -9999 -9999 5.51133019585364 6.76830346789211 8.31499981414527 -9999 11.5949583295733 6.06976530514657 6.02673420682549 6.11279640346766 6.24404125334695 5.36764121754095 6.22539444407448 6.2777489470318 6.32938626501709 6.28133487189189 6.25766776781529 6.23973814351484
7.50843835901469 7.31694997148588 7.41090120282024 7.2739188731648 7.23375651473179 7.18713949155062 7.13765372848138 6.60908840410411 6.5409558317624 6.61554306885228 6.55243079131469 6.46565140970051 6.49003569874913 6.35520492400974 11.7924997582659 -9999 -9999 -9999 -9999 -9999 -9999 -9999 -9999 -9999 -9999 -9999 -9999 -9999 -9999 -9999 -9999 -9999 -9999 -9999 -9999 -9999 -9999 -9999 -9999 -9999 -9999 -9999 -9999 -9999 -9999 -9999 -9999 -9999 13.3359716220799 11.6649930011886 7.86448809830472 12.2480931667826 12.9957195019895 5.89692372689024 5.77428509667516 6.0826746346429 5.65308083640411 6.17806023592129 5.88186284247786 6.21965696429834 6.25193028803915 6.22826318396255
7.14912868803367 7.58087404118851 7.50628680409864 7.40301216812804 7.46684163063765 7.51847894862294 7.27033294830471 7.10394603479654 7.00497450865805 6.83428448531777 6.80703145638108 6.54525894159451 6.59546188963577 13.5127109447494 15.0599996633828 -9999 -9999 -9999 -9999 -9999 -9999 -9999 -9999 -9999 -9999 -9999 -9999 -9999 -9999 -9999 -9999 -9999 -9999 -9999 -9999 -9999 -9999 -9999 -9999 -9999 -9999 -9999 -9999 -9999 -9999 -9999 -9999 -9999 -9999 -9999 10.428398597065 10.0890491845785 6.00019836286083 5.90050965175033 6.01167332241312 5.94210638012737 5.9471266749315 5.94282356509939 5.96649066917598 6.08124026469886 6.12857447285205 6.16371653648093
7.33201085589826 7.25240332400426 7.49911495437846 7.35137485014275 7.35424359003082 7.2538376939483 7.18498793663457 6.98274177452549 6.87516402872279 6.80990019626915 6.71021148515865 6.79053620202467 6.59331033471972 6.82998137548566 16.48601479009 -9999 -9999 -9999 -9999 -9999 -9999 -9999 -9999 -9999 -9999 -9999 -9999 -9999 -9999 -9999 -9999 -9999 -9999 -9999 -9999 -9999 -9999 -9999 -9999 -9999 -9999 -9999 -9999 -9999 -9999 -9999 -9999 -9999 -9999 -9999 -9999 -9999 14.1999996826053 12.8578435317865 5.83883174415678 5.69396037980914 5.74057740299031 5.72479933360592 5.83596300426871 5.87684254767373 5.98513747844845 6.03318887157366
