EcologicalScience/Bass/data/rs_data_bass/sst_440.asc
NCOLS 226 
NROWS 124 
XLLCORNER -9.41648524995501 
YLLCORNER 47.587301625531 
CELLSIZE 0.0833 
NODATA_value -9999 
[rows 27 to 53 of 124, columns 62 to 123 of 226]
-9999 -9999 -9999 -9999 -9999 -9999 -9999 -9999 -9999 -9999 -9999 -9999 -9999 -9999 -9999 -9999 -9999 -9999 -9999 -9999 -9999 -9999 -9999 -9999 -9999 -9999 -9999 -9999 12.5299997199327 6.43114684382454 11.5899380347691 12.2138889604248 14.4844965818338 15.3513341513462 15.6472924831323 11.9198431218974 11.9098025322892 13.5514389332384 14.5554978940636 14.8724936516955 14.930585634429 15.2834406406619 15.1651051202789 14.3453626972623 14.2714926451445 14.9427777789533 15.2669453863055 15.2647938313894 14.9800713974983 15.0969725479372 14.4687185124494 15.1945097041316 15.0517898947001 14.5103152408265 13.9846186563373 14.8724936516955 15.0725882588886 14.3762016510591 14.5533463391475 14.6623584548943 14.6300851311535 14.2277443618514
-9999 -9999 -9999 -9999 -9999 -9999 -9999 -9999 -9999 -9999 -9999 -9999 -9999 -9999 -9999 -9999 -9999 -9999 -9999 -9999 -9999 -9999 -9999 -9999 -9999 -9999 -9999 -9999 -9999 -9999 9.78499978128821 9.273430575151 12.4455397063866 14.1459852750413 13.4460127423517 12.6377452788875 13.338434996549 12.9597613313235 13.3599505457096 14.5103152408265 14.2671895353124 14.3274330729619 14.4801934720017 14.8481093626469 14.6308023161255 15.8313699592836 15.0051728715189 14.7125614029355 15.6449018665589 15.0991241028532 14.9191106748767 13.9968108008616 14.8459578077309 14.7333597671241 14.6028321022168 15.0969725479372 14.6716818595305 14.1115603963844 14.5691244085319 14.6845911890268 14.5669728536159 15.207419033628
-9999 -9999 -9999 -9999 -9999 -9999 -9999 -9999 -9999 -9999 -9999 -9999 -9999 -9999 -9999 -9999 -9999 -9999 -9999 -9999 -9999 -9999 -9999 -9999 -9999 -9999 -9999 -9999 -9999 -9999 -9999 10.5999997630715 13.4137394186109 13.5220343493856 12.421155417338 12.3831446138211 12.5115207238123 13.7859584190883 12.9210333428346 13.5313577540219 13.7414929508232 14.3568376568146 14.3073518937454 13.9107486042194 14.3173924833536 15.2382579874247 15.2375408024527 14.4859309517778 15.3537247679196 15.727378138341 13.5693685575388 14.9858088772744 14.6236304664053 14.6049836571328 14.3467970672064 14.9485152587295 15.0869319583289 14.3690298013389 14.5497604142874 14.7563096862286 14.8344828481786 14.2557145757601
-9999 -9999 -9999 -9999 -9999 -9999 -9999 -9999 -9999 -9999 -9999 -9999 -9999 -9999 -9999 -9999 -9999 -9999 -9999 -9999 -9999 -9999 -9999 -9999 -9999 -9999 -9999 -9999 -9999 -9999 -9999 10.7767611141782 11.8725089137442 12.0525223417208 12.3121433015913 12.4512771861628 12.460600590799 13.4115878636949 13.3699911353178 13.6245918003842 15.4763633981347 15.7323984331451 14.3460798822343 14.333170552738 15.1005584727973 13.1060670656152 14.4543748130091 14.8430890678428 14.7828455301933 15.3063905597664 14.4249702291563 15.1937925191596 14.9327371893451 15.090517883189 15.2038331087679 14.7907345648855 14.9427777789533 14.7419659867883 14.7979064146057 14.3833735007793 14.3417767724022 14.5103152408265
-9999 -9999 -9999 -9999 -9999 -9999 -9999 -9999 -9999 -9999 -9999 -9999 -9999 -9999 -9999 -9999 -9999 -9999 -9999 -9999 -9999 -9999 -9999 -9999 -9999 -9999 -9999 -9999 -9999 -9999 -9999 -9999 11.7254859944806 11.9184087519534 12.2633747234941 12.1177861741744 13.0709250019863 14.0298013095744 14.6802880791947 12.2160405153409 14.6243476513773 14.4299905239604 15.4311807448976 15.2167424382642 14.4235358592123 14.7814111602493 14.7469862815924 14.2449568011798 14.650883495342 15.1371349063702 14.89185764594 15.250450131949 14.6767021543346 15.0718710739166 14.7857142700814 14.5210730154067 15.1177709121257 14.6860255589709 14.6609240849502 14.89185764594 14.852412472479 14.4013031250797
-9999 -9999 -9999 -9999 -9999 -9999 -9999 -9999 -9999 -9999 -9999 -9999 -9999 -9999 -9999 -9999 -9999 -9999 -9999 -9999 -9999 -9999 -9999 -9999 -9999 -9999 -9999 -9999 -9999 -9999 -9999 -9999 11.6265144683421 11.8180028558709 11.8431043298915 13.4051331989467 15.5418065268314 15.7457858859561 12.1256752088666 12.2877590125427 14.4321420788765 14.0448621939868 15.7539139823057 14.4723044373095 14.2506942809559 14.331018997822 14.4658497725613 14.5755790732801 15.1378520913422 15.1206396520138 14.4350108187646 15.566728704609 14.9807885824703 14.8452406227589 14.7089754780754 14.652317865286 14.6272163912654 14.7347941370681 14.9592730333097 14.8344828481786 15.2963499701582 15.2547532417811
-9999 -9999 -9999 -9999 -9999 -9999 -9999 -9999 -9999 -9999 -9999 -9999 -9999 -9999 -9999 -9999 -9999 -9999 -9999 -9999 -9999 -9999 -9999 -9999 -9999 -9999 -9999 -9999 -9999 -9999 -9999 -9999 8.78145734340717 11.6143223238178 11.864619879052 11.8101138211787 11.8796807634644 15.5566881150007 13.3800317249261 15.0820909597678 13.4646595516242 13.4280831180513 15.7804498262703 15.1048615826294 14.6214789114892 14.7018036283553 14.8681905418634 14.2076631826349 15.1816003746353 14.4436170384288 14.5619525588118 15.0725882588886 14.3016144139692 14.6257820213214 15.0352946403436 14.9585558483377 14.5805993680842 14.812250114046 14.8846857962199 14.850260917563 14.7785424203612 14.7498550214805
-9999 -9999 -9999 -9999 -9999 -9999 -9999 -9999 -9999 -9999 -9999 -9999 -9999 -9999 -9999 -9999 -9999 -9999 -9999 -9999 -9999 -9999 -9999 -9999 -9999 -9999 -9999 -9999 -9999 -9999 -9999 -9999 -9999 8.53174044021269 11.8509933645837 15.3908390902216 12.0733207059093 11.9284493415616 16.5334940468892 16.8560479880543 17.3702696129913 13.4883266557008 14.3654438764788 14.6236304664053 14.6028321022168 14.49023406161 15.9109774911776 14.7096926630475 15.3078249297105 15.1328317965381 14.4299905239604 15.0797601086088 15.2970671551302 15.0166478310712 14.9793542125262 14.6795708942227 14.9872432472184 14.9958494668826 15.0568101895042 14.9664448830299 14.6272163912654 15.1450239410624
-9999 -9999 -9999 -9999 -9999 -9999 -9999 14.334691615371 16.2631153124385 16.9092989722267 16.9272285965271 6.98195287105627 7.20351521507837 11.0100272700115 8.41999981179833 -9999 -9999 -9999 -9999 -9999 -9999 -9999 -9999 -9999 -9999 -9999 -9999 -9999 -9999 -9999 -9999 -9999 -9999 -9999 11.8983275727369 11.5648365607485 12.1579485326074 12.1679891222157 12.1837671916001 12.221777995117 13.1935636322014 13.3922238694504 14.5447401194833 14.8387859580107 14.9650105130859 15.0639820392244 15.1027100277133 15.2052674787119 14.6845911890268 14.8359172181226 14.8430890678428 15.0740226288326 15.2619250915013 15.0345774553716 15.1371349063702 14.8387859580107 14.7849970851094 14.6429944606498 15.0811944785528 15.2023987388238 15.1177709121257 15.0984069178812
-9999 -9999 -9999 -9999 16.949999621138 16.3519838850581 15.5652943346649 15.4003417911008 16.8347117351368 15.9052400114015 18.6549271941185 20.1205733063192 -9999 -9999 -9999 -9999 -9999 -9999 -9999 -9999 -9999 -9999 -9999 -9999 -9999 -9999 -9999 -9999 -9999 -9999 -9999 -9999 -9999 -9999 11.8488418096676 11.9169743820094 12.2103030355647 12.5086519839242 12.7209387356415 13.0874202563427 13.0336313834414 13.1333200945519 13.8526566214859 15.0869319583289 14.4859309517778 14.7455519116484 14.8854029811919 15.0274056056514 15.5710318144411 15.7015594793484 14.9399090390652 15.5208288663998 14.9664448830299 14.7441175417043 14.3783532059751 15.1808831896633 15.3078249297105 14.4192327493802 14.452940443065 15.2762687909417 14.9542527385056 14.5296792350709
14.2901394544169 14.2298959167674 17.3940958109173 14.6802880791947 17.359691134654 16.0623035202734 16.325510405004 15.4225745252334 15.3408154384233 14.8365183441158 -9999 -9999 -9999 -9999 -9999 -9999 -9999 -9999 -9999 -9999 -9999 -9999 -9999 -9999 -9999 -9999 -9999 -9999 -9999 -9999 -9999 -9999 -9999 -9999 13.6449996950105 12.0847956654616 12.0553910816088 12.3537400299683 12.779747903347 12.978408140596 13.3226569271646 13.6834009680897 13.93585007824 14.612155506853 14.9140903800726 14.4744559922256 14.810815744102 15.0453352299519 14.8316141082905 15.051072709728 15.1328317965381 15.3544419528916 15.3458357332274 15.7087313290685 15.7194891036488 15.1134678022936 14.6243476513773 14.5017090211622 14.652317865286 14.5849024779163 14.7276222873479 14.8208563337103
14.5777306281962 17.7871333779767 17.1646168222651 14.4608294777572 13.4625079967082 14.5849024779163 14.7957548596896 14.9442121488973 15.210287773516 15.5899996515363 -9999 -9999 -9999 -9999 -9999 -9999 -9999 -9999 -9999 -9999 -9999 -9999 -9999 -9999 -9999 -9999 -9999 -9999 -9999 -9999 -9999 -9999 -9999 -9999 -9999 16.482676368872 12.1385845383629 12.1450392031111 13.5127109447494 12.9360942272469 13.6346323899925 14.7190160676837 14.4450514083728 14.491668431554 14.7584612411447 14.9542527385056 15.2325205076486 14.890423275996 15.6391643867828 15.1170537271537 14.8638874320313 15.447675999254 14.8237250735983 14.8136844839901 14.9449293338694 14.8466749927029 14.9492324437015 15.1034272126853 15.129245871678 15.048921154812 15.1464583110064 15.3372295135632
15.0654164091684 16.2358622835018 15.967635103967 14.5533463391475 16.6948606655933 16.5772423301823 15.489272727631 14.852412472479 8.77433087164536 -9999 -9999 -9999 -9999 -9999 -9999 -9999 -9999 -9999 -9999 -9999 -9999 -9999 -9999 -9999 -9999 -9999 -9999 -9999 -9999 -9999 -9999 -9999 -9999 -9999 -9999 -9999 15.9116946761496 15.8924741188996 15.3322092187591 14.4292733389884 13.5435498985462 13.2616962045431 14.1976225930266 15.1751457098871 15.2647938313894 14.7971892296337 15.3551591378637 15.3214514441788 15.1486098659225 15.1916409642436 15.3307748488151 15.3910183864646 15.1751457098871 15.1521957907826 15.2690969412215 15.1859034844674 15.2977843401022 15.1851862994954 15.3071077447385 15.211004958488 15.051072709728 14.8136844839901
18.2023834767751 18.3529923208989 14.9083529002964 14.7742393105291 16.72211369453 17.1373637933284 17.3152256663889 15.0403149351478 12.7897884929553 -9999 -9999 -9999 -9999 -9999 -9999 -9999 -9999 -9999 -9999 -9999 -9999 -9999 -9999 -9999 -9999 -9999 -9999 -9999 -9999 -9999 -9999 -9999 -9999 -9999 -9999 -9999 -9999 -9999 -9999 5.02999988757074 5.02733694831841 15.3250373690389 12.6477858684957 15.1837519295514 15.6370128318667 13.5858638118953 14.4213843042962 14.5612353738397 15.0360118253157 14.4816278419457 14.2169865872711 14.73192539718 14.8638874320313 15.0854975883849 15.0747398138046 14.9750511026941 15.2447126521729 15.0446180449799 15.2031159237958 14.6888942988589 14.3611407666467 14.7512893914245
12.8478804756887 12.8837397242896 12.6248359493911 12.9762565856799 15.3551591378637 16.0085146473721 16.085253439378 16.4483880968764 14.3049996802583 -9999 -9999 -9999 -9999 -9999 -9999 -9999 -9999 -9999 -9999 -9999 -9999 -9999 -9999 -9999 -9999 -9999 -9999 -9999 -9999 -9999 -9999 -9999 -9999 -9999 -9999 -9999 -9999 -9999 -9999 -9999 -9999 -9999 -9999 11.2964762510693 11.9284493415616 13.2444837652147 14.252845835872 15.4175542304292 14.9965666518547 14.5024262061343 14.8724936516955 14.6057008421049 15.3608966176398 14.9076357153244 15.2196111781523 15.2540360568091 14.8796655014157 14.371898541227 14.2822504197247 14.4479201482609 14.2191381421871 14.1997741479427
13.2875148635358 13.4696798464283 13.1512497188523 13.8268379624933 15.7374187279493 17.199041700922 16.2774590118788 16.3843195727095 15.9095431212336 14.1199996843934 -9999 -9999 -9999 -9999 -9999 16.1899624452926 -9999 -9999 -9999 -9999 -9999 -9999 -9999 -9999 -9999 -9999 -9999 -9999 -9999 -9999 -9999 -9999 -9999 -9999 -9999 -9999 -9999 -9999 -9999 -9999 -9999 -9999 -9999 -9999 8.78499980363995 11.8165684859268 12.5179753885604 13.4431440024637 14.1051057316363 14.0326700494625 14.2313302867115 14.6982177034952 14.89185764594 14.9463637038134 14.6975005185232 15.087649143301 14.8983123106882 14.2872707145289 14.4235358592123 14.0276497546583 13.2846461236477 12.9303567474708
13.4603564417921 13.5299233840778 13.2710196091793 13.9631031071767 16.6009094342589 17.6479994934052 17.0513015966862 16.3843195727095 15.9418164449744 14.9621417731978 16.4099996332079 -9999 -9999 -9999 -9999 -9999 -9999 -9999 -9999 -9999 -9999 -9999 -9999 -9999 -9999 -9999 -9999 -9999 -9999 -9999 -9999 -9999 -9999 -9999 -9999 -9999 -9999 -9999 -9999 -9999 -9999 -9999 -9999 -9999 -9999 12.5599997192621 12.9059724584222 13.6353495749645 13.4703970314004 13.8418988469057 14.1036713616922 13.7845240491442 14.1675008242019 14.6795708942227 14.3396252174862 14.3905453504995 14.7950376747176 14.5382854547352 14.2298959167674 13.7658772398718 13.2939695282839 12.4096804577857
12.9023865335621 13.0393688632175 15.9719382137991 15.5803552190773 15.3106936695985 16.5033722780645 17.4694204353727 15.4189886003733 15.448393184226 15.4770805831067 14.7591784261167 16.1098170246696 -9999 -9999 18.2794250802137 18.9549995763227 19.3599995672703 23.937303543954 -9999 -9999 -9999 -9999 -9999 -9999 -9999 -9999 -9999 -9999 -9999 -9999 -9999 -9999 -9999 -9999 -9999 -9999 -9999 -9999 -9999 -9999 -9999 -9999 -9999 -9999 -9999 8.8399998024106 10.2349997712299 12.0697347810492 12.7611010940745 12.7460402096622 12.6850794870406 12.9317911174148 13.6453901645727 13.9595171823166 14.3833735007793 14.5863368478604 14.6939145936631 14.6573381600901 13.6353495749645 13.5227515343577 12.4756614752114 12.18018126674
12.660695197992 12.8622241751291 16.3011261159554 16.1641437863 13.9121829741634 16.1383251273073 15.7711264216341 14.4579607378691 15.5358897508122 15.2203283631243 15.2318033226766 14.4974059113301 17.5749996071681 16.2025131823029 22.0178075279109 21.3752097929828 16.8844843721949 12.9855562599311 -9999 -9999 -9999 -9999 -9999 -9999 -9999 -9999 -9999 -9999 -9999 -9999 -9999 -9999 -9999 -9999 -9999 -9999 -9999 -9999 -9999 -9999 -9999 -9999 -9999 -9999 -9999 -9999 -9999 -9999 12.9131443081424 13.3857692047022 14.3381908475421 14.4823450269178 14.4421826684847 12.938245782163 13.6819665981457 14.0656605581753 13.1412091292441 13.3219397421926 13.5263374592178 13.1010467708111 12.1529282378033 12.938245782163
12.4118320127018 12.5036316891201 12.8234961866401 13.5578935979865 13.9064454943873 14.5131839807145 14.6566209751181 15.3745231321082 14.7943204897456 15.7761467164382 15.3537247679196 14.453657628037 14.8681905418634 15.9525742195547 17.8574175052345 15.8224051471334 16.7899996247143 22.4546455523349 -9999 -9999 -9999 -9999 -9999 -9999 -9999 -9999 -9999 -9999 -9999 -9999 -9999 -9999 -9999 -9999 -9999 -9999 -9999 -9999 -9999 -9999 -9999 -9999 -9999 -9999 -9999 -9999 -9999 -9999 12.9633472561836 13.016418944113 13.3040101178922 12.3946195733733 13.0537125626579 14.4436170384288 13.933698523324 13.5636310777627 13.9659718470648 12.9325083023869 13.3642536555417 12.5452284174971 14.9485152587295 13.1871089674532
12.4182866774499 12.1973937060684 12.6370280939154 13.1304513546638 13.6697744536214 14.9743339177221 13.8834955752827 16.5550095960498 15.9124118611217 15.2511673169211 15.3989074211568 15.0388805652037 15.1256599468179 15.2289345827885 15.9826959883794 15.8913376565593 17.0699996184558 -9999 -9999 -9999 -9999 -9999 -9999 -9999 -9999 -9999 -9999 -9999 -9999 -9999 -9999 -9999 -9999 -9999 -9999 -9999 -9999 -9999 -9999 -9999 -9999 -9999 -9999 -9999 -9999 -9999 -9999 -9999 13.0465407129377 12.9253364526667 12.9432660769671 12.0510879717767 12.1644031973556 12.8084353022277 14.5849024779163 14.2901394544169 13.5041047250852 12.0489364168607 13.215796366334 13.3118991525844 12.7108981460333 13.6661885287613
12.2870418275706 12.4354991167784 12.3623462496325 12.2311013997532 13.0723593719304 16.167012526188 14.8423718828708 13.6045106211677 15.649204976391 15.0718710739166 15.3946043113247 15.7424390227534 15.2052674787119 16.5958891394548 18.7603533850051 6.69999985024333 -9999 -9999 -9999 -9999 -9999 -9999 -9999 -9999 -9999 -9999 -9999 -9999 -9999 -9999 -9999 -9999 -9999 -9999 -9999 -9999 -9999 -9999 -9999 -9999 -9999 -9999 -9999 -9999 -9999 -9999 -9999 -9999 13.5550248580985 13.0802484066226 12.6850794870406 12.0159459081478 11.7627796130255 11.6731314915232 16.9557725584134 15.4945320840925 11.7276375493966 11.4823602889664 11.7003845204599 12.0439161220565 12.4039429780096 12.4390850416385
12.4455397063866 12.7359996200539 12.8234961866401 12.9805596955121 13.8999908296391 13.5012359851971 15.011627536267 14.7835627151653 14.5454573044553 14.8344828481786 15.4763633981347 16.4768364340998 16.5994750643149 16.4216131912544 14.645798001904 -9999 -9999 -9999 -9999 -9999 -9999 -9999 -9999 -9999 -9999 -9999 -9999 -9999 -9999 -9999 -9999 -9999 -9999 -9999 -9999 -9999 -9999 -9999 -9999 -9999 -9999 -9999 -9999 -9999 -9999 -9999 -9999 -9999 -9999 4.48499989975244 12.858638250269 12.8012634525076 11.8796807634644 11.6989501505159 11.7699514627457 10.2835138897412 10.2239875370637 11.7348093991168 11.8990447577089 11.8775292085484 11.9392071161419 11.9908444341272
12.2949308622628 15.3978316436987 13.6475417194888 13.5098422048613 13.8999908296391 13.2437665802427 16.4918973185122 16.0780815896578 13.255241539795 18.0646839621477 16.4962004283443 17.6121402448043 16.8849146831781 17.1165654291399 17.559785741847 10.0215588187799 -9999 -9999 -9999 -9999 -9999 -9999 -9999 -9999 -9999 -9999 -9999 -9999 -9999 -9999 -9999 -9999 -9999 -9999 -9999 -9999 -9999 -9999 -9999 -9999 -9999 -9999 -9999 -9999 -9999 -9999 8.68731115676928 9.1632892745547 8.59499980788678 -9999 11.5949583295733 12.8952146838419 12.1852015615441 15.0173650160432 14.5949430675246 10.3195165753365 10.317938768398 12.063997301273 12.0317239775322 12.1651203823276 12.1636860123836 12.2468794691376
12.3623462496325 14.8000579695217 15.2300103602465 14.0326700494625 13.8713034307584 15.808420040179 13.4911953955889 13.7063508871943 14.7197332526557 15.0546586345881 15.5782036641613 15.888027572073 17.3726004641503 17.6107058748603 17.0951933169737 -9999 -9999 -9999 -9999 -9999 -9999 -9999 -9999 -9999 -9999 -9999 -9999 -9999 -9999 -9999 -9999 -9999 -9999 -9999 -9999 -9999 -9999 -9999 -9999 -9999 -9999 -9999 -9999 -9999 -9999 -9999 -9999 -9999 8.44634707899387 17.4514908110723 16.5858485498466 16.7072577201096 13.8391496378463 15.7453077626415 14.9556871084496 14.8552812123671 13.3850520197302 12.2540513188578 12.1658375672996 12.2339701396413 12.3601946947165 12.5739158163778
12.5251472382806 11.1897488203831 10.7651753169484 10.6002227733843 14.0850245524198 16.1225470579229 13.7450788756832 13.776635014452 13.5500045632944 17.6900743450969 15.6248206873424 15.9425336299464 16.6640217117965 18.2346568005159 14.5599996745586 -9999 -9999 -9999 -9999 -9999 -9999 -9999 -9999 -9999 -9999 -9999 -9999 -9999 -9999 -9999 -9999 -9999 -9999 -9999 -9999 -9999 -9999 -9999 -9999 -9999 -9999 -9999 -9999 -9999 -9999 -9999 -9999 -9999 -9999 -9999 16.5951719544828 16.4696645843796 16.2193670291454 15.9468367397785 15.5602740398608 15.4046449009329 15.3400982534513 12.4520968261308 13.5679341875948 13.056581302546 13.1211279500276 12.8514664005488
12.9332254873589 13.1698965281248 13.1182592101395 10.8799249124713 14.3568376568146 14.491668431554 14.7900173799135 14.1022369917482 13.5148624996655 14.7849970851094 15.8191778147593 16.1404766822234 16.8547929143533 16.8146305559203 13.0760756940581 -9999 -9999 -9999 -9999 -9999 -9999 -9999 -9999 -9999 -9999 -9999 -9999 -9999 -9999 -9999 -9999 -9999 -9999 -9999 -9999 -9999 -9999 -9999 -9999 -9999 -9999 -9999 -9999 -9999 -9999 -9999 -9999 -9999 -9999 -9999 -9999 -9999 12.929999710992 16.205023329705 15.6305581671186 15.808420040179 15.8500167685561 15.5452131554484 13.3542130659334 13.3183538173325 13.4309518579394 13.337000626605
