EcologicalScience/Bass/data/rs_data_bass/sst_288.asc
NCOLS 226 
NROWS 124 
XLLCORNER -9.41648524995501 
YLLCORNER 47.587301625531 
CELLSIZE 0.0833 
NODATA_value -9999 
[rows 0 to 26 of 124, columns 0 to 61 of 226]
-9999.000000000000000 -9999 -9999 -9999 -9999 -9999 -9999 -9999 -9999 -9999 -9999 -9999 -9999 -9999 -9999 -9999 -9999 -9999 -9999 -9999 -9999 -9999 -9999 -9999 -9999 -9999 -9999 -9999 -9999 -9999 -9999 -9999 -9999 -9999 -9999 -9999 -9999 -9999 -9999 -9999 -9999 -9999 -9999 -9999 -9999 -9999 -9999 -9999 -9999 -9999 -9999 -9999 -9999 -9999 -9999 -9999 -9999 -9999 -9999 -9999 -9999 -9999
-9999 -9999 -9999 -9999 -9999 -9999 -9999 -9999 -9999 -9999 -9999 -9999 -9999 -9999 -9999 -9999 -9999 -9999 -9999 -9999 -9999 -9999 -9999 -9999 -9999 -9999 -9999 -9999 -9999 -9999 -9999 -9999 -9999 -9999 -9999 -9999 -9999 -9999 -9999 -9999 -9999 -9999 -9999 -9999 -9999 -9999 -9999 -9999 -9999 -9999 -9999 -9999 -9999 -9999 -9999 -9999 -9999 -9999 -9999 -9999 -9999 -9999
-9999 -9999 -9999 -9999 -9999 -9999 -9999 -9999 -9999 -9999 -9999 -9999 -9999 -9999 -9999 -9999 -9999 -9999 -9999 -9999 -9999 -9999 -9999 -9999 -9999 -9999 -9999 -9999 -9999 -9999 -9999 -9999 -9999 -9999 -9999 -9999 -9999 -9999 -9999 -9999 -9999 -9999 -9999 -9999 -9999 -9999 -9999 -9999 -9999 -9999 -9999 -9999 -9999 -9999 -9999 -9999 -9999 -9999 -9999 -9999 -9999 -9999
-9999 -9999 -9999 -9999 -9999 -9999 -9999 -9999 -9999 -9999 -9999 -9999 -9999 -9999 -9999 -9999 -9999 -9999 -9999 -9999 -9999 -9999 -9999 -9999 -9999 -9999 -9999 -9999 -9999 -9999 -9999 -9999 -9999 -9999 -9999 -9999 -9999 -9999 -9999 -9999 -9999 -9999 -9999 -9999 -9999 -9999 -9999 -9999 -9999 -9999 -9999 -9999 -9999 -9999 -9999 -9999 -9999 -9999 -9999 -9999 -9999 -9999
-9999 -9999 -9999 -9999 -9999 -9999 -9999 -9999 -9999 -9999 -9999 -9999 -9999 -9999 -9999 -9999 -9999 -9999 -9999 -9999 -9999 -9999 -9999 -9999 -9999 -9999 -9999 -9999 -9999 -9999 -9999 -9999 -9999 -9999 -9999 -9999 -9999 -9999 -9999 -9999 -9999 -9999 -9999 -9999 -9999 -9999 -9999 -9999 -9999 -9999 -9999 -9999 -9999 -9999 -9999 -9999 -9999 -9999 -9999 -9999 -9999 -9999
-9999 -9999 -9999 -9999 -9999 8.21181752032135 7.67960650566965 7.56653034174815 7.03342284588143 7.5844599660486 7.69012521859258 6.93737982504535 6.88699758076109 5.70471815438941 7.5048524341546 7.29256568243727 7.10107729490846 6.97700429474935 6.99565110402182 5.94784385990351 5.92704549571499 6.49505599355325 6.27559739211574 6.30141605110839 9.44731533154845 10.403622535523 9.58389198081568 6.70519119035453 6.86799217900261 6.3774376581423 7.00640887860209 11.7754054042771 11.8213497190736 11.5898896852205 12.3249997245148 7.68701978849523 10.3198975063708 12.2299997266382 -9999 6.92572556925006 5.50411127221638 8.41800819977652 13.5801100324607 13.4049997003749 -9999 -9999 -9999 -9999 -9999 -9999 -9999 -9999 -9999 -9999 -9999 -9999 -9999 -9999 -9999 -9999 -9999 -9999
-9999 -9999 -9999 -9999 -9999 8.63298439513892 8.38501769106369 8.38322472863365 6.75109102856368 8.10441907076165 7.06067587481812 6.69156467588618 7.48010955261998 7.92225408786908 6.40469068707898 7.5127414688468 6.98847925430164 6.30643634591252 6.26842554239556 6.12570573296398 6.14291817229241 6.31504256557673 6.13144321274012 6.24848096984039 8.43320534933358 7.26976246025879 5.98979918076657 6.36524551361799 7.37002165941522 7.34707174031064 7.28539383271709 6.16048920410685 7.1824451899156 8.53439255516209 7.58492697021642 10.5974008064292 12.0099997315556 -9999 -9999 11.1480086550117 11.4421979305334 6.70214315422345 6.68995100969914 11.240166923916 11.5636890647933 11.6969206696376 -9999 -9999 -9999 -9999 -9999 -9999 -9999 -9999 -9999 -9999 -9999 -9999 -9999 -9999 -9999 -9999
-9999 -9999 -9999 -9999 -9999 8.36164941405877 8.5246894643642 8.18474378762767 7.53736481955275 6.15009002201259 8.43235189921688 8.4807618848281 7.45249793119729 7.44765693263616 7.69938885781448 7.93175678874832 7.86846521496773 7.38412629719824 7.40229498315603 7.60812707012519 7.43887141672894 6.32651752512902 6.35592210898176 10.1448845077017 12.1270884161815 6.85786962539756 7.2301705898717 7.33487959578633 7.47329629538581 7.42165897740051 7.42739645717666 3.98992888629436 7.53975543612614 6.37528610322624 6.34516433440149 12.9713943146832 12.0578295105137 12.3099997248501 12.0549997305498 9.22774901062898 10.9962523149326 12.0910615973224 10.4777275801636 6.62719732464757 11.4582628739066 -9999 -9999 -9999 -9999 -9999 -9999 -9999 -9999 -9999 -9999 -9999 -9999 -9999 -9999 -9999 -9999 -9999
-9999 -9999 -9999 -9999 -9999 8.58529159449972 7.82830285653472 7.92942593758926 8.14075644267723 8.58804080355912 8.72358876327053 9.00717565428931 7.7718245399883 7.73668247635942 8.15731146244798 8.03252127731685 8.12450024997815 7.83308408968151 7.64781130524352 7.45058543793857 7.39799187332392 6.9511856357567 6.49147006869316 9.40037231519818 9.56627573321961 8.34874008456245 7.29113131249323 7.35137485014275 7.36715291952714 7.29328286740929 7.24523147428408 7.76782025722787 7.82184819178656 8.44173506926745 7.89428387396038 7.72879344166722 12.3151554784738 10.2072239566056 10.766515629847 12.9753410303965 9.83532940974945 11.8359324801713 9.4539740963677 -9999 11.2235999510624 11.171625797888 9.33499979134649 -9999 -9999 -9999 -9999 -9999 -9999 -9999 -9999 -9999 -9999 -9999 -9999 -9999 -9999 -9999
-9999 -9999 -9999 -9999 -9999 8.41065705381334 8.25048574339598 8.36427909228951 8.1873734658584 8.63513595005497 9.14146854029968 8.99354913982097 8.16699345957022 8.66920223622583 8.34234518522862 8.41173283127137 8.69735174637754 7.71283607603982 7.49457278288901 7.57585374638438 7.53856012783945 6.59833062952384 6.65474918065593 5.82251578604337 9.23097322480753 8.18037547916174 7.03982969829813 7.13478498859331 7.64362772624008 7.82238608051557 8.118224881473 7.89051865285728 7.75538905104622 7.45249793119729 8.26327554206364 7.84443951840512 7.77845850097947 7.85501799674239 8.02768027875572 7.68199712224305 7.59925190609647 12.0134031614289 9.73699072394978 6.73234176429521 7.33006421097421 12.8874889937697 12.0949997296557 -9999 -9999 -9999 -9999 -9999 -9999 -9999 -9999 -9999 -9999 -9999 -9999 -9999 -9999 -9999
-9999 -9999 -9999 -9999 -9999 8.66334522562101 8.63394064176828 8.32770265871659 8.92218923510518 10.0799050761852 9.75781730525196 7.94251456332859 8.40635394398123 8.77821435197257 8.65234838938341 8.55301827075891 8.0360474367626 7.66597999120131 7.56796471169218 7.62988168094307 7.41616055928171 7.58111310284585 7.12044128915295 9.54882960440591 10.2180428705178 7.72287666564807 7.25993376621045 7.4319386286661 8.12754828610923 7.44341358821839 7.58374278107658 7.84443951840512 8.80008849361911 7.46550971568961 9.00407639066023 8.02720215544105 7.66966154072434 8.26337334001437 7.50198369426653 5.5648670848459 9.75486660136708 6.16945401625708 5.0348673905246 13.9542621724308 12.2048524297774 12.039999730885 -9999 -9999 -9999 -9999 -9999 -9999 -9999 -9999 -9999 -9999 -9999 -9999 -9999 -9999 -9999 -9999
-9999 -9999 -9999 -9999 -9999 8.56413463782519 9.06998910475522 9.47758923051879 9.97232733038254 4.41019927989691 6.38676106277853 8.39595476188697 8.54190190369263 7.95046336343512 8.1235440033488 8.01429282594472 8.02218186063692 7.74463127646595 7.52373830508441 7.49672433780506 7.30810469016433 8.44702857739425 11.0410790319244 7.41520431265235 5.02482680091634 7.04011657228693 7.32340463623405 5.43505660491064 7.62605669442564 6.01023895246908 6.21391948452219 6.1902523804456 8.46068070561159 8.11481825285591 6.16515090642497 7.86502272710204 7.68034207999993 9.0145268002525 6.9452525600791 5.81516464008018 5.75850702729076 6.27631457708776 13.3950926093385 11.878820141498 11.7743980095722 12.1458998250775 12.2549997260794 -9999 -9999 -9999 -9999 -9999 -9999 -9999 -9999 -9999 -9999 -9999 -9999 -9999 -9999 -9999
-9999 -9999 -9999 -9999 -9999 9.02026428002864 9.33421200152952 9.86818182694593 9.49985611631668 8.63674961624201 8.48261461267248 9.10435421799775 8.28395437542349 8.26530756615102 8.04058960825205 8.02696309378371 7.81945757521316 7.53593044960871 7.43289487529546 7.281807907857 7.91562012687791 7.78885768307373 8.37390132399742 8.55947293550707 4.9753410378471 8.07411800569389 5.91772209107876 6.01454206230119 6.06331064039841 6.32078004535288 6.10132144391537 5.63873713696375 4.80967130931094 7.67733541992493 5.06427197437733 4.9990081419237 7.43779563927092 8.20384698733687 4.0351115395315 5.01263465639204 5.54622027557343 5.63586839707568 8.26301940457363 11.7007554782041 10.3222345986458 12.1299997288734 -9999 -9999 -9999 -9999 -9999 -9999 -9999 -9999 -9999 -9999 -9999 -9999 -9999 -9999 -9999 -9999
-9999 -9999 -9999 -9999 -9999 9.38441494957078 8.47329120803624 9.62789924757089 8.71904659178108 8.73267310624942 8.63394064176828 8.04584896471351 7.99875381821766 8.12210963340476 7.94472588365898 7.95906958309934 7.57680999301374 7.48381500830874 5.11017181258649 7.38125755731016 8.00917690647766 8.45189518970437 8.4929540293524 8.34969633119181 8.17374695139006 8.04608802637085 8.12641274323687 3.94976652786136 5.70471815438941 4.54216131474823 4.51992858061567 8.18761252751574 8.42195271712262 9.44125185860321 4.83835870819166 8.51518676348496 7.98913158650976 7.81783195594326 4.57371745351702 4.44605852849782 4.71500289300457 7.46214008470997 12.5667789512905 12.0978484319523 11.8749997345731 -9999 -9999 -9999 -9999 -9999 -9999 -9999 -9999 -9999 -9999 -9999 -9999 -9999 -9999 -9999 -9999 -9999
-9999 -9999 -9999 -9999 -9999 9.8473578490084 8.94089580979198 5.2263557780534 5.10013122297823 5.69467756478116 9.36092714173719 8.04800051962957 8.80044708610512 8.19908748706803 8.19239376066253 8.00759909953922 4.15488142985851 4.33991515263915 4.39011810068041 7.97652108408511 2.61508529493585 2.56990264169872 8.5046082851477 8.57991270720959 8.56969282135833 7.5286988344742 8.14888453902677 7.99779757158831 8.25646228482947 8.03317869687453 7.98895229026675 7.94687743857503 8.28192235133611 8.23315377323888 8.21486555645242 8.04632708802819 8.4648045192007 7.56326316576451 8.6600581278326 13.2185244817177 11.0371657030217 12.9859574560909 11.1499087922746 12.075235277965 10.8542674186409 11.9314829409626 -9999 -9999 -9999 -9999 -9999 -9999 -9999 -9999 -9999 -9999 -9999 -9999 -9999 -9999 -9999 -9999
-9999 -9999 -9999 -9999 -9999 9.62843713629991 9.60500909388065 9.35554825444706 8.71020131045952 9.67917797307018 9.31646167347208 9.10560929169878 8.91788612527307 8.10011596092954 7.91795097803697 7.90575883351266 7.91245255991817 7.97915076231584 8.0001881881617 7.90671508014202 7.8153935270384 8.15390483383089 8.62509536044672 8.42021952010691 8.4517756588757 8.52558594557922 8.12187057174742 7.96193832298741 7.99516789335757 7.25419628643431 7.12689595390111 7.04441968211904 7.73693349109963 7.78168583335355 8.64983824198134 8.4846705429256 7.96331292751711 7.65546127827838 9.13539356171318 13.435865903118 14.0912790725246 10.7253755801305 12.2785813460291 -9999 -9999 -9999 -9999 13.2249997043982 13.2249997043982 -9999 -9999 -9999 -9999 -9999 -9999 -9999 -9999 -9999 -9999 -9999 -9999 -9999
-9999 -9999 -9999 -9999 -9999 9.63154493784532 9.53735464485362 9.06114382343367 8.76512572623324 8.38746807305142 9.17141101288144 9.03962827427313 8.4328897879459 8.25251776748337 7.96456800121814 7.91627754643559 7.98154137888923 7.98799604363739 7.9296649992466 7.9284696909599 7.92584001272917 8.04178491653875 7.97938982397318 8.1290424214676 7.85878321784548 7.8874706167262 7.80822167731822 7.36715291952714 7.29507582983933 7.24092836445197 8.02972937867578 8.53720760205761 7.55344171600882 8.5524803820299 7.55964536601678 7.55017852438614 7.91651660809293 10.9195294603705 9.9698823816143 -9999 -9999 -9999 -9999 -9999 -9999 -9999 -9999 -9999 -9999 -9999 -9999 -9999 -9999 -9999 -9999 -9999 -9999 -9999 -9999 -9999 -9999 -9999
-9999 -9999 -9999 -9999 -9999 9.88752020744141 10.4216437153518 9.49127551040146 9.49145480664447 8.78933071903884 8.79411195218563 7.06043681316078 5.8198263423983 8.06975513044745 7.78312020329759 8.01166314771399 8.4809411810711 8.08888006303459 8.32459485717118 8.10274563916028 8.25144199002534 7.71427044598386 8.54787844512612 7.58374278107658 8.36708806676324 7.91819003969431 7.813002910465 7.25598924886435 8.10312813781202 7.46212870082153 7.16275520250201 7.13741466682404 8.09676909772679 8.22042373998556 6.61500518012326 3.56535538285971 7.00483107166365 8.17283851709217 14.1510230621618 11.1653081235277 11.6199997402728 -9999 -9999 -9999 -9999 -9999 -9999 -9999 -9999 -9999 -9999 -9999 -9999 -9999 -9999 -9999 -9999 -9999 -9999 -9999 -9999 -9999
-9999 -9999 -9999 -9999 -9999 10.4022797211073 9.46683145593852 10.138594713062 10.4558892977657 10.069505894091 8.16035949857906 8.48978646239266 7.50126650929451 7.95793404022697 8.65091401943937 8.30260118469596 8.20841089170426 5.60216070339084 8.18450472597033 8.48165836604312 8.36212753737345 7.61075674835593 8.43695383612067 8.49695831211284 5.97868281370029 7.05410167924128 7.18713949155062 7.40779340127483 7.21965187694877 7.61721141310409 7.59402243234217 6.24977873312309 6.44557023048401 6.27990050194785 3.56535538285971 3.43913082778454 7.28453321075067 7.19086885340512 8.24666075687855 9.89837005306539 11.0515672633974 -9999 12.8359710172118 9.26425635589217 8.24355295533314 12.1599997282028 -9999 -9999 -9999 -9999 -9999 -9999 -9999 -9999 -9999 -9999 -9999 -9999 -9999 -9999 -9999 -9999
-9999 -9999 -9999 -9999 -9999 10.4056863497244 10.069147301605 10.1431966499658 10.9399891538778 10.5414136056788 10.3291268539615 9.79392756859306 8.63929562289268 8.61379969713744 8.35166858986486 8.59927670145407 9.6666870014742 8.25837477808818 8.17302976641804 7.82591223996133 7.98703979700804 7.75514998938888 8.51201919652522 5.96314380597323 6.9389934912324 4.47169789124746 7.23303932975978 7.55816318374127 6.48429821897298 7.11422568606213 7.18690042989329 7.6165539935464 6.40971098188311 6.21391948452219 6.36237677372992 6.39178135758266 8.42141482839361 9.12058580140857 7.21357288051929 6.86125064026564 6.9191991860047 6.44252219435293 6.21768470562529 6.37600328819826 3.62631610548124 13.071501562454 12.8849997119978 -9999 -9999 -9999 -9999 -9999 -9999 -9999 -9999 -9999 -9999 -9999 -9999 -9999 -9999 -9999
-9999 -9999 -9999 -9999 -9999 10.5218703151913 10.4083757933695 9.99151202838402 10.8974959442858 9.83403016161174 10.1742149000056 8.98368784645572 8.54763938346878 7.43671986181289 9.00520339561626 9.04727824730799 7.37169509101659 9.23661507992074 8.52014729287475 9.13262325897813 8.21510461810976 8.12306588003412 8.30355743132532 8.10441907076165 8.15085679769982 7.78192489501089 6.95453249895945 7.56545456429012 7.73698130343109 6.69562872406095 6.86273282254115 7.22395498678088 6.10490736877546 6.0590075305663 6.49147006869316 6.52230902248994 6.66144290706143 5.1347353978781 7.30662250788882 7.33703115070239 6.95764030050486 6.71254233631771 6.33476515230723 7.44733419939876 8.15175327891484 12.0049742362952 -9999 -9999 -9999 -9999 -9999 -9999 -9999 -9999 -9999 -9999 -9999 -9999 -9999 -9999 -9999 -9999
-9999 -9999 -9999 -9999 -9999 9.87682219827548 9.87682219827548 9.93491418100893 11.0190587970428 9.47089550411329 10.3389881473267 8.84885707171634 8.88005461799912 7.4130527577363 9.05468915868551 9.19651248690207 9.09485151711851 7.9030693898676 7.8780276812613 6.10729798534885 6.76591285131872 8.3654744005762 7.90910569671541 7.74510939978063 7.6908424035646 7.15343179786578 7.61768953641877 8.1885687741451 8.22060303622857 7.93970558885485 7.095817938447 6.02027954207733 6.34444714942947 6.20746481977403 8.52289650193416 6.69299904583022 6.72240362968296 6.62414928851649 6.54525894159451 6.42853708739858 6.69264045334421 6.37582399195526 7.59880366548896 10.4472233126871 7.77236242871732 8.29554886580445 11.7403012676011 -9999 -9999 8.8833075641222 -9999 -9999 -9999 -9999 10.9150669761002 -9999 -9999 -9999 -9999 -9999 -9999 -9999
-9999 -9999 -9999 -9999 -9999 9.75920386286452 9.41925818612799 9.49002043670043 9.3439537640661 9.35518966196105 10.9243903807364 8.40635394398123 8.13705098698847 8.07393870945089 8.79889318533242 9.02636035229079 8.1022675158456 8.21522414893843 9.64015115750954 8.99468468269333 9.63297930778936 5.29018524056301 8.7993713086471 6.42381561966613 7.22156437020749 7.36267051345203 7.44078390998766 7.87886439706199 8.07381917862222 7.48716187151149 7.45034637628123 7.01931820809841 6.24762717820704 8.57525100489147 6.01525924727321 6.10849329363555 8.98207418026868 6.61984617868438 7.68285774420947 7.5166142676957 7.62017577765509 7.63079011524096 13.2804924273514 7.13651818560902 7.4268748681061 9.72095399769023 11.2048097047955 9.22434031850015 9.18498373847688 9.06942730986048 -9999 -9999 -9999 9.78076252150426 9.5984799673048 -9999 -9999 -9999 -9999 -9999 -9999 -9999
-9999 -9999 -9999 -9999 -9999 9.81729584559798 9.77832879545167 9.91937517328188 9.804625577759 9.73577582044527 8.93109428184107 8.41496016364545 8.49187825189438 9.6519249441335 8.19980467204005 9.5232500070706 9.10178430518135 8.64493747800589 9.59305601101369 9.32458976982161 9.28896958287805 8.42643512319773 8.36929938709363 7.78192489501089 7.50556961912662 7.72383291227743 3.4097262439318 3.4298074231483 7.36547948792577 7.08386485558003 6.66885381843895 6.98417614446953 6.32006286038086 8.00903346948326 7.22658466501161 5.95860163448378 6.80990019626915 7.69436856301036 7.59292274871841 6.33512374479324 7.49366434859112 10.4528811052442 7.84910122072324 7.96126895034686 7.85967969906051 10.530833855737 -9999 10.7294185233435 10.6898260708258 9.8459144588604 8.29912897565125 8.46577210065002 -9999 9.33659802076335 6.61874584009718 -9999 -9999 -9999 -9999 -9999 -9999 -9999
-9999 -9999 -9999 -9999 -9999 9.60261847730726 10.0228888709098 9.93204544112086 9.92582983803004 9.92057048156857 10.1672821119428 9.77330850064754 9.26817121868953 9.12927639577538 10.3305612239055 10.029164239415 9.91244238521904 9.24061936268117 8.5179957379587 9.35518966196105 9.55349130672403 9.11403621512 8.67458112351596 7.84599341917783 7.46206039749086 7.58541621267796 7.37767163245007 7.14554276317358 6.89112139435019 6.98537145275623 7.17685984028503 6.63658049469814 7.02553381118923 8.47771384869702 7.72466962807812 7.45479292310774 7.93475359738139 8.09774925052188 10.1770929238415 6.93516341829672 10.8445165885534 10.994961381983 8.0425260076765 7.63724477998912 10.7752159065567 8.7635120600462 -9999 13.0149997090921 4.34718945735533 10.4487174480455 9.28840281872414 9.22123889256571 13.4953240550224 13.8226317695493 11.4926668165368 -9999 -9999 -9999 -9999 -9999 -9999 -9999
-9999 -9999 -9999 -9999 -9999 10.0338857071474 10.2098350869492 10.1644133720547 9.54978585103527 10.1812074534828 9.62652464304119 9.94638914056122 9.66214482998475 9.38029113598168 8.7595675427001 9.94095048785675 9.85811562358867 8.54979093838483 8.64780621789396 7.92942593758926 8.17093797691632 7.88227102567907 7.70476774510462 7.21415345882997 7.6203192146495 7.40062155155465 6.95405437564477 6.90456861257553 6.87265388132073 6.66120384540409 6.58829003991559 6.89667957788333 7.49373606708832 5.77285072673112 7.77293617669493 8.45358569713842 9.09099054282471 9.46428453224916 7.8349998248741 9.56776484676495 7.44016234967858 7.98731301033071 8.05618838139344 7.74252753388137 7.80340629250609 9.01642854916706 8.95295802950252 -9999 9.00151501576017 8.18118655016646 8.76960813230835 14.8279649024035 7.33945164998295 13.7620522533543 13.5843146923557 13.8699996899813 -9999 -9999 -9999 -9999 -9999 -9999
-9999 -9999 -9999 -9999 -9999 10.2349963263841 10.3805848757038 9.7795838691527 9.78526158351451 9.5098625542596 9.52492343867198 9.8337910999544 9.8101239958778 9.11588894296438 8.94615516625345 9.77115694573149 10.2907574579585 9.88805809617043 9.89989164820872 3.497222810518 7.52690587204415 7.15940833929926 7.44508701981977 7.50915554398671 7.21248002722859 6.93373413477093 6.8727734121494 5.31600389955565 6.68726156605408 7.04513686709106 6.96003091707826 6.93636381300166 6.50760673056357 7.29873347319663 8.09485660446808 8.29351684171706 8.31909643905237 7.92512282775715 -9999 10.7033539723605 7.7001060427865 8.69753104262054 7.53009734516963 4.94306771410629 8.29088716348633 10.2677919478763 -9999 8.49162723715417 8.62903987779282 7.48683316173265 6.99616337900183 6.83889496013788 8.03614306142554 8.16179386852309 14.0149996867403 -9999 -9999 -9999 -9999 -9999 -9999 -9999
