EcologicalScience/Bass/data/rs_data_bass/sst_549.asc
NCOLS 226 
NROWS 124 
XLLCORNER -9.41648524995501 
YLLCORNER 47.587301625531 
CELLSIZE 0.0833 
NODATA_value -9999 
[rows 0 to 26 of 124, columns 0 to 61 of 226]
-9999.000000000000000 -9999 -9999 -9999 -9999 -9999 -9999 -9999 -9999 -9999 -9999 -9999 -9999 -9999 -9999 -9999 -9999 -9999 -9999 -9999 -9999 -9999 -9999 -9999 -9999 -9999 -9999 -9999 -9999 -9999 -9999 -9999 -9999 -9999 -9999 -9999 -9999 -9999 -9999 -9999 -9999 -9999 -9999 -9999 -9999 -9999 -9999 -9999 -9999 -9999 -9999 -9999 -9999 -9999 -9999 -9999 -9999 -9999 -9999 -9999 -9999 -9999
-9999 -9999 -9999 -9999 -9999 -9999 -9999 -9999 -9999 -9999 -9999 -9999 -9999 -9999 -9999 -9999 -9999 -9999 -9999 -9999 -9999 -9999 -9999 -9999 -9999 -9999 -9999 -9999 -9999 -9999 -9999 -9999 -9999 -9999 -9999 -9999 -9999 -9999 -9999 -9999 -9999 -9999 -9999 -9999 -9999 -9999 -9999 -9999 -9999 -9999 -9999 -9999 -9999 -9999 -9999 -9999 -9999 -9999 -9999 -9999 -9999 -9999
-9999 -9999 -9999 -9999 -9999 -9999 -9999 -9999 -9999 -9999 -9999 -9999 -9999 -9999 -9999 -9999 -9999 -9999 -9999 -9999 -9999 -9999 -9999 -9999 -9999 -9999 -9999 -9999 -9999 -9999 -9999 -9999 -9999 -9999 -9999 -9999 -9999 -9999 -9999 -9999 -9999 -9999 -9999 -9999 -9999 -9999 -9999 -9999 -9999 -9999 -9999 -9999 -9999 -9999 -9999 -9999 -9999 -9999 -9999 -9999 -9999 -9999
-9999 -9999 -9999 -9999 -9999 -9999 -9999 -9999 -9999 -9999 -9999 -9999 -9999 -9999 -9999 -9999 -9999 -9999 -9999 -9999 -9999 -9999 -9999 -9999 -9999 -9999 -9999 -9999 -9999 -9999 -9999 -9999 -9999 -9999 -9999 -9999 -9999 -9999 -9999 -9999 -9999 -9999 -9999 -9999 -9999 -9999 -9999 -9999 -9999 -9999 -9999 -9999 -9999 -9999 -9999 -9999 -9999 -9999 -9999 -9999 -9999 -9999
-9999 -9999 -9999 -9999 -9999 -9999 -9999 -9999 -9999 -9999 -9999 -9999 -9999 -9999 -9999 -9999 -9999 -9999 -9999 -9999 -9999 -9999 -9999 -9999 -9999 -9999 -9999 -9999 -9999 -9999 -9999 -9999 -9999 -9999 -9999 -9999 -9999 -9999 -9999 -9999 -9999 -9999 -9999 -9999 -9999 -9999 -9999 -9999 -9999 -9999 -9999 -9999 -9999 -9999 -9999 -9999 -9999 -9999 -9999 -9999 -9999 -9999
-9999 -9999 -9999 -9999 -9999 11.5599997416139 11.6949997385964 11.8699997346848 11.6299997400492 11.5099997427315 11.3699997458607 11.4649997437373 11.0999997518957 11.4893528424436 11.4081316443626 11.7014602979179 11.1299997512251 11.0499997530133 11.044999753125 11.1349997511134 11.2089693776332 10.6749997613952 10.6649997616187 11.0199997536838 11.4249997446314 11.0549997529015 10.1499997731298 10.5299997646362 10.7670878102072 11.0453555793501 11.744849988725 10.7649997593835 7.08999984152615 -9999 12.3249997245148 -9999 -9999 12.2299997266382 -9999 12.4699997212738 12.9799997098744 11.7149997381493 11.0849997522309 -9999 -9999 -9999 -9999 -9999 -9999 -9999 -9999 -9999 -9999 -9999 -9999 -9999 -9999 -9999 -9999 -9999 -9999 -9999
-9999 -9999 -9999 -9999 -9999 11.1660817163065 11.6849997388199 11.8249997356907 10.441485832911 11.5049997428432 11.5749997412786 11.4595896661049 11.4612033322919 11.7272789569106 11.2699997480959 11.7961287142243 11.5773155792616 10.8449997575954 11.0349997533485 11.3849997455254 11.2525025054347 11.064999752678 11.1949997497723 11.2799997478724 13.2649997035041 12.5749997189268 10.8749997569248 11.8477660322096 11.3238624101505 11.3898434275761 11.354999746196 11.0349997533485 11.2749997479841 13.4149997001514 12.2749997256324 11.0499997530133 12.0099997315556 -9999 -9999 10.4799997657537 10.8499997574836 11.6440137816593 11.4144667782821 9.70499978307635 12.4049997227266 12.4049997227266 -9999 -9999 -9999 -9999 -9999 -9999 -9999 -9999 -9999 -9999 -9999 -9999 -9999 -9999 -9999 -9999
-9999 -9999 -9999 -9999 -9999 11.4373210727237 11.5139164277352 11.2999997474253 11.2699997480959 10.4775841431692 11.6349997399375 11.4899997431785 11.7878810870461 11.8370082576293 11.2049531417899 11.169999750331 11.4483657212928 11.5919461526908 11.782502199756 11.0899997521192 11.3839625108056 9.47997984709218 11.3699997458607 11.4249997446314 11.2849997477606 11.8849997343495 11.2394736451097 11.4099246067926 11.145641944604 11.0126041322947 11.0699789300561 11.8101138211787 11.2217830824666 11.0084803187056 10.8399418502813 11.7049997383729 -9999 12.3099997248501 12.0549997305498 -9999 12.5099997203797 12.369999723509 12.0949997296557 11.459999743849 11.2549997484311 -9999 -9999 -9999 -9999 -9999 -9999 -9999 -9999 -9999 -9999 -9999 -9999 -9999 -9999 -9999 -9999 -9999
-9999 -9999 -9999 -9999 -9999 11.5499997418374 11.1799997501075 11.2749997479841 11.6486037654802 11.5949997408316 11.6599997393787 11.6052857931703 11.7721030176617 11.7903912344482 11.0715925962431 11.584917739965 11.8076753922738 11.0149997537956 11.3416127382079 11.2594950589119 10.9249997558072 11.2149997493252 11.5249997423962 11.5399997420609 13.1149997068569 10.8997670300305 11.2198705892079 10.8749046176672 11.7140110349283 11.2734204004519 11.5547959711403 11.2349314736202 11.3425092194229 11.3437045277096 11.3702403716743 11.4377155244583 10.8949997564778 12.8599997125566 -9999 -9999 -9999 -9999 -9999 -9999 -9999 -9999 9.33499979134649 -9999 -9999 -9999 -9999 -9999 -9999 -9999 -9999 -9999 -9999 -9999 -9999 -9999 -9999 -9999
-9999 -9999 -9999 -9999 -9999 8.17882701160852 11.5799997411668 11.5549997417256 11.5699997413903 11.8653370640241 11.009878829401 11.0430127751082 11.5049997428432 10.9754539507441 8.76530502247624 11.2899997476488 11.5749997412786 11.4947914951481 11.4748298467603 10.4098101633135 11.5624459441751 10.6974013370927 10.2613528741058 11.0116478856653 10.504999765195 8.19499981682748 11.293262518011 11.458406310901 10.7321848082356 10.1960890416522 11.5978270694613 11.5103305028751 11.4687337744981 11.4476963486522 11.8344981102273 11.0599997527897 10.6774994541192 10.8359973329352 10.2444990272634 10.1629192366963 12.6999997161329 13.4199997000396 -9999 12.494999720715 12.5599997192621 12.784999714233 12.0949997296557 -9999 -9999 -9999 -9999 -9999 -9999 -9999 -9999 -9999 -9999 -9999 -9999 -9999 -9999 -9999
-9999 -9999 -9999 -9999 -9999 11.7049997383729 11.5699997413903 11.3123874505982 9.09001051855739 12.0249997312203 11.6752830464393 9.69674900488462 11.0550614826381 8.6602374240756 8.54584642103873 8.46390803798568 11.2699997480959 11.2234565140679 11.2691172906198 11.1684723328799 11.0043565051164 11.0022049502004 10.4722052558791 11.2876445690636 11.4699997436255 11.8524277345277 10.5324487935286 10.3674962499645 10.9251075657085 11.1393068106845 11.9901272491552 11.7070782468654 11.6485081408173 11.4355042041279 10.9149997560307 11.3749997457489 11.7149997381493 11.6849997388199 9.77067882241681 10.3427533684298 10.6554460162297 11.4852290288545 10.1247291369364 12.7049997160211 12.7349997153506 12.039999730885 -9999 -9999 -9999 -9999 -9999 -9999 -9999 -9999 -9999 -9999 -9999 -9999 -9999 -9999 -9999 -9999
-9999 -9999 -9999 -9999 -9999 11.7399997375906 11.184728525579 11.1377529099118 9.06592505658045 8.72568055277225 9.76972257578745 9.86367380712181 9.38029113598168 9.46563614765182 11.0859004364349 11.00170292072 9.77043976075947 10.8772952342406 10.8495640819892 9.04213842167519 10.6794717127923 10.7813119788188 11.2699997480959 11.5499997418374 11.0841433332535 11.189999749884 11.5199997425079 11.6843673894182 11.7190313297324 11.5887427264825 11.741981248837 11.4548681983724 11.3554185489193 11.6889095609076 11.6269925916567 11.0007705802564 10.5825322107412 11.7099997382611 11.9248634167016 10.4233171469532 10.9322794154286 11.9749997323379 12.2999997250736 13.0699997078627 -9999 -9999 12.2549997260794 -9999 -9999 -9999 -9999 -9999 -9999 -9999 -9999 -9999 -9999 -9999 -9999 -9999 -9999 -9999
-9999 -9999 -9999 -9999 -9999 11.8749997345731 11.7549997372553 11.6749997390434 11.6349997399375 11.8099997360259 11.0061494675465 7.60005873918999 11.089486361295 11.1485824029893 11.1471480330452 11.0589820938185 11.1201818780974 11.0986663289368 11.117791261524 10.7199926637113 10.7289574758615 10.7823877562769 11.1536505101249 11.2834609900601 11.0408134078607 11.6924954857677 12.0141529457178 11.810352882836 11.715206343215 11.6543053860078 11.5738013728987 11.1376333790831 11.5210882774554 11.6688283816911 11.3948637223803 11.2008651874494 11.2593157626688 10.6138492878526 11.2338556961622 11.8313903086819 11.5727255954407 12.0849997298792 10.7949384932872 13.0449997084215 -9999 12.1299997288734 -9999 -9999 -9999 -9999 -9999 -9999 -9999 -9999 -9999 -9999 -9999 -9999 -9999 -9999 -9999 -9999
-9999 -9999 -9999 -9999 -9999 12.0499997306615 11.9499997328967 11.4552865562728 11.7068391852081 11.4667256565765 11.5185781300534 11.5261085722595 11.0775810907595 11.4185308264568 11.1254412345588 11.543141715345 11.4167378640268 11.1569973733276 11.2146112327464 11.1823379090056 11.0299997534603 11.9349040063098 11.3496810691431 11.502441468183 12.1149174342863 10.9376583027188 11.8361715418287 11.8029419714585 11.4852290288545 11.2729422771372 11.0996225755662 10.1458860936109 10.2990050851367 10.468260738533 11.3227866326924 12.0649997303262 10.8117923401296 11.1736121585127 10.9333551928867 11.5818099384196 11.0782265572343 10.6174352127127 12.5299997199327 12.929999710992 11.8749997345731 -9999 -9999 -9999 -9999 -9999 -9999 -9999 -9999 -9999 -9999 -9999 -9999 -9999 -9999 -9999 -9999 -9999
-9999 -9999 -9999 -9999 -9999 12.3099997248501 12.0099997315556 12.0149997314438 11.9649997325614 11.6549997394904 11.8232622123323 11.5399997420609 11.4712439219002 11.2331385111902 11.4776985866483 11.9298837115057 11.3009124910459 11.385719613987 11.4096855451353 11.4689728361554 11.304498415906 11.7563249482773 11.7436546804383 11.6614174703136 11.8442996381782 12.0001678387634 11.5049997428432 11.8384426275734 11.8900082270615 11.8319879628252 11.9610095392913 11.3349787772167 10.4653919986449 10.8297219644301 11.385540317744 9.67469556699507 9.72705006995238 10.7450941377319 12.4999997206032 10.5849997634068 10.5849997634068 -9999 -9999 -9999 -9999 -9999 -9999 -9999 -9999 -9999 -9999 -9999 -9999 -9999 -9999 -9999 -9999 -9999 -9999 -9999 -9999 -9999
-9999 -9999 -9999 -9999 -9999 11.9199997335672 12.0899997297674 12.2449997263029 12.1249997289851 11.8049997361377 11.7149997381493 10.8196813748218 11.1249631112441 11.2311064871028 11.4468596328516 11.4382534131873 11.4291093047941 11.5421257033013 11.6210160502233 11.7697124010883 11.8206922995159 11.6719361832365 11.8488418096676 11.6664377651177 11.5887427264825 10.8206376214512 12.0668660411611 11.8177637942135 11.8459730697796 11.8677754929289 10.4082562625408 10.4714880709071 10.4130374956876 11.0940046266187 11.6149997403845 9.35698262439109 9.69334237626754 9.82351144868881 10.1932920202613 12.8399997130036 10.7049997607246 10.5249997647479 -9999 -9999 -9999 -9999 -9999 13.2249997043982 13.2249997043982 -9999 -9999 -9999 -9999 -9999 -9999 -9999 -9999 -9999 -9999 -9999 -9999 -9999
-9999 -9999 -9999 -9999 -9999 11.7999997362494 11.9399997331202 12.1099997293204 12.2999997250736 11.9899997320026 11.8499997351319 11.1096631651744 11.6892681533936 11.5474448251771 11.8520691420417 11.4884563612286 11.8000732315704 11.7352875224315 11.8309121853672 11.7871639020741 10.5224082039203 11.4981383583508 11.5813318151049 11.9001205351669 11.9102806556039 11.8899997342378 11.7599108731374 12.0249997312203 11.8603167692199 11.9249997334555 9.80235449201427 11.9499997328967 11.2987609361298 11.1926175602712 10.9656285166275 11.1763613675721 11.532802298665 12.2749997256324 -9999 -9999 -9999 -9999 -9999 -9999 -9999 -9999 -9999 -9999 -9999 -9999 -9999 -9999 -9999 -9999 -9999 -9999 -9999 -9999 -9999 -9999 -9999 -9999
-9999 -9999 -9999 -9999 -9999 11.3337237035157 11.9849997321144 11.2805444378406 12.1449997285381 11.424985491205 11.9999997317791 11.5085375404451 11.5239570173435 11.5331011257367 11.9377727461979 11.4707060331712 11.8126239685807 11.8438215148635 11.6526917198207 10.2813145224936 10.7415082128718 10.5597018224653 11.4906079161447 11.8703573588282 11.9399243011139 11.6903439308517 11.7885982720181 11.78214360727 10.2764137585182 12.0099997315556 10.6072153268615 11.5849997410551 11.3561357338913 11.0979491439648 10.9909092868911 10.1523407583591 12.3099917466752 10.5634670435684 10.6925603385316 12.8649997124448 11.6199997402728 -9999 -9999 -9999 -9999 -9999 -9999 -9999 -9999 -9999 -9999 -9999 -9999 -9999 -9999 -9999 -9999 -9999 -9999 -9999 -9999 -9999
-9999 -9999 -9999 -9999 -9999 11.9449997330084 11.2462271369295 11.6189840261359 11.7520218384452 11.346453736769 11.4080121135339 11.5956755145453 11.5249610763043 11.6629474649206 11.5904161580838 11.8768120235763 11.8605558308773 11.9234290467575 10.9684972565155 11.9549851855263 10.8512375135906 10.5213324264623 11.7145489236573 11.8337809252553 11.7082735551521 11.3647419535555 11.2704321297351 11.4210409738589 10.8942686119117 11.3227866326924 10.7623065770604 10.812748586759 10.5557573051192 11.1703848261386 10.8931928344537 12.1471907580271 12.2526169489138 11.1390677490272 10.6249656549189 12.6049997182563 -9999 -9999 -9999 13.0149997090921 12.2927793073468 12.2449997263029 -9999 -9999 -9999 -9999 -9999 -9999 -9999 -9999 -9999 -9999 -9999 -9999 -9999 -9999 -9999 -9999
-9999 -9999 -9999 -9999 -9999 11.6996673354879 12.1099997293204 12.0349997309968 10.9898932748474 11.5337585452944 11.4677775278687 11.3544623022899 11.8122653760947 11.9148228270933 11.7900326419622 11.7080344934948 10.5016098397318 11.2833414592315 11.9148228270933 10.74796287762 11.6349997399375 10.2750989194028 12.369999723509 12.5699997190386 12.4649997213855 11.4751884392463 11.2453306557145 11.1495864619501 11.1297443443909 11.0888648009859 11.0061494675465 11.7885982720181 10.9731589588337 11.6726533682086 11.2559091340518 11.0843226294965 12.1999997273088 12.4049997227266 12.6899997163564 11.9599997326732 11.5751162120141 11.8524277345277 11.6549997394904 11.9137470496353 11.8812944296515 12.184999727644 13.1249997066334 -9999 -9999 -9999 -9999 -9999 -9999 -9999 -9999 -9999 -9999 -9999 -9999 -9999 -9999 -9999
-9999 -9999 -9999 -9999 -9999 12.3449997240677 9.77689442550763 11.9499997328967 9.90742209041491 9.6560487577226 11.251665789634 11.157953619957 11.7996429205872 11.4043305640109 11.7738959800918 11.5415280491579 10.3606829927303 10.5539643426891 12.039999730885 12.0349997309968 11.9099997337908 12.1649997280911 12.2949997251853 12.2599997259676 10.6142078803387 10.5320902010426 10.5263527212664 11.3506373157725 11.4493697802536 11.5026805298403 11.0825296670664 10.9502090397291 11.4959868034348 11.5329218294937 11.4468596328516 11.2401908300817 11.5423647649586 10.6030915132724 10.8035447129514 11.8352152951993 11.9098025322892 11.9641292939195 12.1629688274115 12.1049997294322 13.1149997068569 13.0599997080863 -9999 -9999 -9999 -9999 -9999 -9999 -9999 -9999 -9999 -9999 -9999 -9999 -9999 -9999 -9999 -9999
-9999 -9999 -9999 -9999 -9999 11.5014852215536 11.7310441780137 12.329999724403 11.5497756763361 11.9245048242155 11.8699997346848 12.1149997292086 12.1899997275323 12.0299997311085 12.1649997280911 12.2599997259676 10.4736396258231 10.627475802321 11.544576085289 11.7273984877393 10.3345057412516 10.6522186838556 11.1714606035966 11.7501093451865 10.9175771235023 11.4213995663449 12.140018908307 11.5888622573111 11.5225226473995 11.0237204993609 11.1384700948838 11.1771980833728 11.3511154390872 11.8725089137442 11.9126712721772 10.8304391494021 11.7510655918159 11.9894100641832 11.0011291727424 11.6799997389317 11.459999743849 11.9248634167016 12.1611758649815 11.76999973692 12.76499971468 12.5499997194856 13.3349997019395 -9999 -9999 -9999 -9999 -9999 -9999 -9999 10.9150669761002 -9999 -9999 -9999 -9999 -9999 -9999 -9999
-9999 -9999 -9999 -9999 -9999 11.6049989191815 11.6444440926425 11.8725089137442 11.6575924837962 12.1699997279793 11.0957975890487 12.2549997260794 12.2199997268617 11.5459506898187 12.2349997265264 10.7964923940599 10.9793745619245 11.3472904525697 12.0249997312203 10.3201620418113 11.4066972744185 10.7590792446863 11.3374889246188 12.2784356079064 12.2949308622628 11.1700262336526 12.1202963215765 12.1712164545897 11.4669408120681 11.5296944971196 11.6763588238973 11.7254859944806 12.0948362550698 12.0496536018327 11.9750663647428 11.8418492561905 11.267204797361 11.7199875763617 11.7749717575498 11.5250327948015 11.4499997440726 12.1676305297296 11.9999997317791 12.3399997241795 12.7499997150153 12.1599997282028 11.2048097047955 -9999 11.3749997457489 11.2149997493252 -9999 -9999 -9999 -9999 -9999 -9999 -9999 -9999 -9999 -9999 -9999 -9999
-9999 -9999 -9999 -9999 -9999 11.6540065589361 11.5863521099091 11.571530287154 10.563407278154 12.0281380526721 12.0747550758533 11.8812944296515 12.0149997314438 11.7001454588026 11.7233344395645 11.5770287052728 10.507347319508 11.583841962507 11.782860792242 11.0871913693845 10.5222886730917 10.4849950545467 11.3943855990656 11.3801614304539 11.3590044737794 12.2848902726546 12.2458036916796 11.2786797569133 12.1156346192583 11.8509933645837 12.0252693127841 12.0360270873643 12.0998565498739 12.3501541051082 12.1550797927193 11.3686864709016 11.4414807455614 11.4095660143066 11.6799997389317 11.6028473642655 11.3249997468665 12.8099997136742 10.1034526494332 11.8249356439337 12.7899997141212 13.0499997083098 -9999 11.3049997473136 11.1849997499958 11.4299997445196 -9999 -9999 -9999 11.3499997463077 11.9249997334555 -9999 -9999 -9999 -9999 -9999 -9999 -9999
-9999 -9999 -9999 -9999 -9999 11.7107837025542 11.6476714250166 11.665601049317 11.6795861562714 9.31956947501749 9.67768383771181 11.702536075376 11.9899997320026 11.8572089676745 11.8282825071365 11.8201544107869 10.987144065788 11.9951475439593 11.8735846912023 11.2191534042358 10.7761721531861 11.4282128235791 11.4888149537146 11.4945524334908 12.220343625173 11.5110476878472 11.9099997337908 11.9506820756942 12.2070757031906 12.299592564581 11.7900326419622 11.9549851855263 11.7477187286131 12.222136587603 12.0094912433997 11.984031176893 11.4749997435138 11.7199997380376 12.474999721162 -9999 12.9599997103214 12.1299997288734 11.3999997451901 11.8606753617059 12.2999997250736 13.074999707751 -9999 12.4199997223914 12.1399997286499 11.7449997374788 -9999 -9999 12.2499997261912 11.8799997344613 11.8149997359142 11.6999997384846 -9999 -9999 -9999 -9999 -9999 -9999
-9999 -9999 -9999 -9999 -9999 11.3831497011706 12.4249997222796 12.2296670298092 12.2949997251853 12.0467848619446 12.1952421511523 12.1409751549363 11.7125766649842 11.8849997343495 11.6985915580299 11.7301476967987 10.9771034761798 11.8340199869126 10.6925005731173 11.0448774560355 11.2360072510783 11.7132938499562 11.8189591025002 12.1701406771317 11.5400936792139 11.8133411535528 11.7595522806514 11.7344508066308 11.8746604686603 12.300668342039 12.4286858595442 12.6789834147785 12.263016131008 11.7903912344482 11.7099997382611 11.7749997368082 20.2399995476007 20.2399995476007 7.8349998248741 -9999 13.1199997067451 11.8634245707653 11.8581652143039 12.113244002685 10.9222388258204 12.0449997307733 -9999 -9999 12.9249997111037 10.7826268179342 9.12407680472825 12.3449997240677 11.3299997467548 12.1749997278675 12.5249997200444 -9999 -9999 -9999 -9999 -9999 -9999 -9999
-9999 -9999 -9999 -9999 -9999 11.3994058938697 12.4149997225031 12.6299997176975 12.5899997185916 12.2676778333262 12.2052827407606 12.2698293882422 12.1773125268519 12.1742047253065 11.7172383673023 11.6914197083097 12.3099917466752 11.3819543928839 11.1743293434847 11.0360321747139 11.224532291526 11.9146435308503 12.2899105674587 11.6595049770549 11.6716971215792 11.7685170928016 12.2576372437179 12.0568254515529 11.7165211823303 11.8208715957589 12.50004576426 12.0453504920006 11.8818323183805 12.1598610258661 12.3099997248501 12.2099997270852 12.0849997298792 11.4149449015968 -9999 -9999 12.6449997173622 11.4013183871284 11.5985442544334 11.9499997328967 12.3349997242913 12.8949997117743 -9999 12.784999714233 12.8349997131154 12.1599997282028 10.1433759462088 10.0894436363131 10.2706045602448 9.97254248587415 12.6749997166917 -9999 -9999 -9999 -9999 -9999 -9999 -9999
