EcologicalScience/Bass/data/rs_data_bass/sst_372.asc
NCOLS 226 
NROWS 124 
XLLCORNER -9.41648524995501 
YLLCORNER 47.587301625531 
CELLSIZE 0.0833 
NODATA_value -9999 
[rows 54 to 80 of 124, columns 0 to 61 of 226]
-9999 -9999 -9999 -9999 -9999 -9999 -9999 -9999 -9999 -9999 -9999 -9999 -9999 -9999 -9999 -9999 -9999 -9999 -9999 -9999 -9999 -9999 -9999 -9999 -9999 -9999 -9999 -9999 -9999 -9999 -9999 -9999 -9999 -9999 -9999 -9999 -9999 -9999 4.22014526231214 5.75778984231874 7.05015716189519 5.6365855820477 8.87395854573697 8.91627245908603 8.43504134286195 9.33977018506266 8.95213170768693 7.53353983303532 9.58468885300681 9.69513533869758 8.66382334893569 9.39965513022617 9.79482404980808 7.29471723735332 9.05540634365752 8.61003447603434 7.69490645173937 7.29256568243727 12.4752598516271 -9999 -9999 6.20029297005385
-9999 -9999 -9999 -9999 -9999 -9999 -9999 -9999 -9999 -9999 -9999 -9999 -9999 -9999 -9999 -9999 -9999 -9999 -9999 -9999 -9999 -9999 -9999 -9999 -9999 -9999 -9999 -9999 -9999 -9999 -9999 -9999 -9999 -9999 -9999 -9999 -9999 -9999 10.2749997703359 7.20004882104695 6.13144321274012 8.05995360249653 7.45536667108536 8.36188847571611 5.83811455918476 9.4247566042468 8.8273415225558 9.51763205812313 6.56031982600689 7.99755850993097 7.80391856748611 7.66765342280269 7.66550186788663 8.19980467204005 8.01190220937133 7.84264655597508 7.74008910497651 6.95262000570074 6.80487990146503 13.6649996945634 -9999 10.5649997638538
-9999 -9999 -9999 -9999 -9999 -9999 -9999 -9999 -9999 -9999 -9999 -9999 -9999 -9999 -9999 -9999 -9999 -9999 -9999 -9999 -9999 -9999 -9999 -9999 -9999 -9999 -9999 -9999 -9999 -9999 -9999 -9999 -9999 -9999 -9999 -9999 -9999 -9999 -9999 9.13214513566345 7.94161808211356 7.72287666564807 7.9631336312741 8.51464887475595 8.42571793822572 6.8636890691705 8.48452710593119 6.64494765270501 9.14935757499188 9.63919491088018 7.441022971645 7.93444623239338 7.05159153183922 7.55146945733577 7.99397258507088 8.54333627363667 7.66621905285865 7.07669300585985 6.83428448531777 6.7876674621366 6.98999984376132 -9999
-9999 -9999 -9999 -9999 -9999 -9999 -9999 -9999 -9999 -9999 -9999 -9999 -9999 -9999 -9999 -9999 -9999 -9999 -9999 -9999 -9999 -9999 -9999 -9999 -9999 -9999 -9999 -9999 -9999 -9999 -9999 -9999 -9999 -9999 -9999 -9999 -9999 -9999 -9999 11.0999997518957 6.64494765270501 8.89977720472962 7.88496046932414 8.51034576492384 8.78072449937463 6.99636828899384 7.05589464167133 6.71738333487883 7.88280891440809 7.86272773519158 9.28777427459136 7.66478468291461 8.11302529042587 7.54573197755963 8.73267310624942 9.05253760376945 8.516800429672 7.36643573455513 7.49911495437846 6.83285011537373 5.97222814895213 -9999
-9999 -9999 -9999 -9999 -9999 -9999 -9999 -9999 -9999 -9999 -9999 -9999 -9999 -9999 -9999 -9999 -9999 -9999 -9999 -9999 -9999 -9999 -9999 -9999 -9999 -9999 -9999 -9999 -9999 -9999 -9999 -9999 -9999 -9999 -9999 -9999 -9999 -9999 -9999 -9999 5.60216070339084 8.21558274142444 8.90479749953374 7.9351634173654 8.0348521284759 8.05708486260846 8.23709829058498 8.12880335981026 8.34897914621979 7.63466291408986 7.91436505317688 8.08864100137725 7.97245703591034 8.05565049266443 8.11015655053779 8.90838342439383 7.998992879875 7.42739645717666 6.85293129459023 6.60335092432797 6.10060425894335 13.5649996967986
-9999 -9999 -9999 -9999 -9999 -9999 -9999 -9999 -9999 -9999 -9999 -9999 -9999 -9999 -9999 -9999 -9999 -9999 -9999 -9999 -9999 -9999 -9999 -9999 -9999 -9999 -9999 -9999 -9999 -9999 -9999 -9999 -9999 -9999 -9999 -9999 -9999 -9999 -9999 11.9499997328967 7.09964292496443 8.51751761464402 8.3733634352684 7.24092836445197 7.97245703591034 8.33678700169548 6.72527236957103 8.1223486950621 7.95811333646998 8.59999388642609 9.11995299113914 8.12450024997815 8.58708455692977 8.31957456236705 8.43360697291791 8.74701680568978 8.13167209969833 6.42262031137943 6.07191686006263 5.66742453584448 -9999 -9999
-9999 -9999 -9999 -9999 -9999 -9999 -9999 -9999 -9999 -9999 -9999 -9999 -9999 -9999 -9999 -9999 -9999 -9999 -9999 -9999 -9999 -9999 -9999 -9999 -9999 -9999 -9999 -9999 -9999 -9999 -9999 -9999 -9999 -9999 -9999 -9999 -9999 -9999 -9999 13.2332846460362 8.2177342963405 8.61505477083847 7.81897945189849 7.66119875805452 8.82303841272369 7.93444623239338 8.37121188035235 8.70542007731274 8.42356638330966 7.99182103015482 8.05206456780434 8.64374216971919 8.437192897778 8.5605487129651 7.66048157308251 7.52636798331514 7.42094179242849 14.5099996756762 14.758138184851 12.3669362334535 5.72479933360592 5.20986052369699
-9999 -9999 -9999 -9999 -9999 -9999 -9999 -9999 -9999 -9999 -9999 -9999 -9999 -9999 -9999 -9999 -9999 -9999 -9999 -9999 -9999 -9999 -9999 -9999 -9999 -9999 -9999 -9999 -9999 -9999 -9999 -9999 -9999 -9999 -9999 -9999 -9999 -9999 -9999 6.0308836341636 7.14984587300569 7.64972379850224 8.88686787523329 8.66095460904762 9.4290597140789 9.76039917115122 9.72597429249436 10.0551621946506 9.7754600555636 8.61003447603434 8.64302498474717 7.99540695501491 8.04560990305617 8.14888453902677 7.29830316221341 8.06927700713277 6.81420330610126 7.3176671564579 6.37600328819826 6.42907497612759 6.17160557117313 6.04896694095805
-9999 -9999 -9999 -9999 -9999 -9999 -9999 -9999 -9999 -9999 -9999 -9999 -9999 -9999 -9999 -9999 -9999 -9999 -9999 -9999 -9999 -9999 -9999 -9999 -9999 -9999 -9999 -9999 -9999 -9999 -9999 -9999 -9999 -9999 -9999 -9999 -9999 -9999 5.51251258188859 5.56271552992985 6.79842523671687 9.09198277723044 9.43766593374312 9.49360636156052 9.82996611343697 10.1225775820203 9.9827265124768 10.0128482813016 10.0006561367773 8.77426983462647 7.92655719770119 7.43026519706473 7.65904720313847 7.29256568243727 7.99325540009886 8.03270057355985 8.58206426212564 8.75849176524207 8.20410778187215 7.16418957244605 7.41448712768033 6.81994078587741
-9999 -9999 -9999 -9999 -9999 -9999 -9999 -9999 -9999 -9999 -9999 -9999 -9999 -9999 -9999 -9999 -9999 -9999 -9999 -9999 -9999 -9999 -9999 -9999 -9999 -9999 -9999 -9999 -9999 -9999 -9999 -9999 -9999 -9999 -9999 -9999 -9999 -9999 5.67172764567658 6.3336893748492 6.50437939818949 7.28611101768911 7.85483870049939 9.64923550048843 7.67984556732699 7.95811333646998 8.7276528114453 9.91029083030298 10.0451216050424 10.029343535658 9.68509474908933 9.00448621064425 8.85889766132459 8.45583970705047 8.13884394941851 8.42428356828168 8.91412090416998 8.26865442935377 7.97532577579841 7.78598894318566 4.67986082937568 6.94114504614845
-9999 -9999 -9999 -9999 -9999 -9999 -9999 -9999 -9999 -9999 -9999 -9999 -9999 -9999 -9999 -9999 -9999 -9999 -9999 -9999 -9999 -9999 -9999 -9999 -9999 -9999 -9999 -9999 -9999 -9999 -9999 -9999 -9999 -9999 -9999 -9999 -9999 13.6536668668174 8.79811623494606 6.13144321274012 6.28348642680794 7.63107698922977 8.4687490365468 7.08027893071994 9.23792991903611 8.59102907427587 8.70757163222879 8.56987211760134 8.20912807667628 8.64589372463524 9.472807997372 8.0427411631681 8.09724722104147 7.67554245749488 7.7042298563756 8.06999419210479 8.20769370673224 8.23853266052902 8.2098452616483 7.93157749250531 7.4611041508615 6.91245764726773
-9999 -9999 -9999 -9999 -9999 -9999 -9999 -9999 -9999 -9999 -9999 -9999 -9999 -9999 -9999 -9999 -9999 -9999 -9999 -9999 -9999 -9999 -9999 -9999 -9999 -9999 -9999 -9999 -9999 -9999 -9999 -9999 -9999 -9999 -9999 -9999 -9999 8.3092079795897 8.58493300201371 6.76686909794807 8.67434206185862 8.20769370673224 7.57728811632842 6.94688252592459 8.0226599839516 7.20578630082309 7.90289009362459 9.5165562806651 9.47997984709218 9.43336282391101 9.92033141991124 8.68175297323614 8.91053497930989 8.21558274142444 8.1144596603699 7.6325113591738 6.81205175118521 6.44843897037208 6.26555680250749 7.08171330066398 6.92034668195993 6.73387858923525
-9999 -9999 -9999 -9999 -9999 -9999 -9999 -9999 -9999 -9999 -9999 -9999 -9999 -9999 -9999 -9999 -9999 -9999 -9999 -9999 -9999 -9999 -9999 -9999 -9999 -9999 -9999 -9999 -9999 -9999 -9999 -9999 -9999 -9999 -9999 9.90532405676543 10.8213044776532 7.5686818966642 7.61171299498528 8.64732809457928 8.89882095810026 9.35925371013582 9.33415223611519 8.84025085205212 9.4527268181555 9.21246985252947 7.79316079290584 7.49481184454635 9.14505446515977 8.59138766676188 7.21080659562722 9.79482404980808 9.75466169137508 8.21486555645242 8.94137393310666 8.08505507651716 6.60908840410411 6.48860132880509 6.63921017292887 6.2820520568639 6.71451459499076 6.61482588388026
-9999 -9999 -9999 -9999 -9999 -9999 -9999 -9999 -9999 -9999 -9999 -9999 -9999 -9999 -9999 -9999 -9999 -9999 -9999 -9999 -9999 -9999 -9999 -9999 -9999 -9999 -9999 -9999 -9999 -9999 -9999 21.1917492501408 23.664999471046 -9999 -9999 15.9443046377345 9.63791991537437 7.98034607060254 7.93659778730944 9.08218124927953 9.24522129958495 7.9946897700429 9.96551407314837 8.25968961720355 9.81586147565395 9.97412029281259 9.79458498815075 10.3248237441294 10.1648914953694 9.09341714717448 8.29303871840239 8.1739860130474 8.44077882263809 7.94520400697365 7.02649005781859 6.70590837532654 6.70495212869719 7.22515029506758 7.202200375963 7.19215978635475 7.02649005781859 6.8514969246462
-9999 -9999 -9999 -9999 -9999 -9999 -9999 -9999 -9999 -9999 -9999 -9999 -9999 -9999 -9999 -9999 -9999 -9999 -9999 -9999 -9999 -9999 -9999 -9999 -9999 -9999 -9999 -9999 -9999 11.9073800408281 9.57054268968215 8.44801587099209 10.8965226218237 8.10575014245869 12.1067128382064 13.8420013019017 9.35124514461495 9.27319151349366 7.78885768307373 9.33200068119913 9.2935117543675 9.75059764320031 9.70661029824987 10.5299386461265 10.3327127788216 9.91865798830986 9.41973630944267 10.2947019753046 10.4797356980853 10.0501418998465 8.83307900233194 8.955000447575 8.43002104805782 8.35543381096795 8.41424297867343 8.31455426756293 8.15964231360704 7.75012969458476 7.76232183910906 7.11111788451672 7.60525833023712 7.51991331856698
-9999 -9999 -9999 -9999 -9999 -9999 -9999 -9999 -9999 -9999 -9999 -9999 -9999 -9999 -9999 -9999 -9999 -9999 -9999 -9999 -9999 -9999 14.0725619938896 7.49882808038965 6.32815680506506 6.21320229955018 6.19484236426652 6.22704396951012 7.09769628004038 9.43653892878709 10.0053178390954 8.65187026606873 7.36619667289779 7.67673776578158 7.48979154974222 7.54023355944082 8.09963783761486 9.72740866243839 9.38602861575782 9.738405498676 10.1651305570267 10.3193253260106 9.96718750474975 9.89475182257593 10.0083061098121 10.5600604149513 9.88662372622639 10.4998168773018 8.1527095255442 8.89977720472962 8.9987487308681 8.94639422791079 8.95213170768693 8.83307900233194 9.16728719929233 9.42977689905092 7.15151930460706 7.1371756051667 7.37212839027052 13.5549996970221 -9999 -9999
-9999 -9999 -9999 -9999 -9999 -9999 -9999 -9999 -9999 -9999 -9999 -9999 -9999 -9999 -9999 -9999 -9999 -9999 -9999 -9999 -9999 13.2790398362445 8.63728750497103 7.73148288531229 7.30870234430768 9.19884333806112 7.38699503708631 7.06163212144747 7.07023834111169 6.96983244502917 7.26531265350059 6.7360301441513 8.02194279897958 7.7412844132632 7.53330077137798 9.34694203478284 8.87563197733834 9.91961423493922 10.0440458275843 10.1071581051219 9.95021412707865 10.5482985814102 10.5696706935763 8.92989897355437 9.11493269633502 9.93945635249838 9.86510817706585 8.05493330769241 7.43026519706473 9.21031829761341 9.13716543046758 9.09700307203457 8.86391795612872 8.8553117364645 9.27486494509503 12.2230976154655 13.6049996959046 -9999 -9999 -9999 -9999 -9999
-9999 -9999 -9999 -9999 -9999 -9999 -9999 -9999 -9999 -9999 -9999 -9999 -9999 -9999 -9999 -9999 -9999 6.88018432352692 6.30128157892614 5.45513778412715 6.95659712236375 9.42929877573624 9.61839654669166 8.71139661874622 7.87778861960396 9.53592027490959 7.56772565003484 7.77881709346548 8.1302377297543 7.49552902951837 7.59378337068483 7.6325113591738 8.66884364373982 8.09509566612542 8.1503189089708 9.66501356987283 8.58062989218161 10.0336466454901 10.4503311142325 10.3255409291014 8.7239234495908 8.85387736652046 10.6234117541462 9.52516250032932 9.35949277179316 8.81428875606507 8.94065674813464 8.76279487507418 8.54979093838483 10.149830610957 9.00735495053232 12.5768613975129 12.6599997170269 -9999 -9999 -9999 -9999 -9999 -9999 -9999 -9999 -9999
-9999 -9999 -9999 -9999 -9999 -9999 -9999 -9999 -9999 -9999 -9999 -9999 -9999 -9999 -9999 -9999 -9999 6.1622104480397 6.15668812375516 6.86261329171248 6.98094881209545 7.49122591968626 5.42860194016248 8.93874425487593 8.82399465935305 5.25002288213 7.55505538219586 7.43098238203675 5.34469129843637 6.45776237500831 9.97842340264469 4.66982023976743 7.99110384518281 8.71259192703292 9.10489210672677 7.64757224358618 6.94473097100854 10.083610531874 7.8196966368705 10.3241065591574 9.27988523989916 10.560538538266 9.20529800280929 9.76900539081544 9.77761161047965 9.82207707874477 9.81633959896863 9.25980406068265 9.7159337028861 9.8988158707507 11.8663052637363 14.9949996648356 -9999 -9999 -9999 -9999 -9999 -9999 -9999 -9999 -9999 -9999
-9999 -9999 -9999 -9999 -9999 -9999 -9999 -9999 -9999 -9999 -9999 -9999 -9999 12.4261757121421 10.4605604367282 9.94393332535401 9.86146708413099 9.30824163033125 6.73363952757791 6.9086326607503 7.03605252411216 7.27487511979416 8.3465885296464 8.81060720654204 8.98177535319701 8.56676431605592 5.7362742931582 6.09916988899931 6.43481245590374 5.3138523446396 5.44509719451889 10.0374716320075 10.0900651966222 8.33965574158356 8.82303841272369 8.79721975373104 10.1644133720547 6.2698599123396 6.87516402872279 9.9413688457571 9.12282173102722 9.1579637946561 9.0984374419786 10.4202093454078 9.60907314205542 9.92893763957545 9.87586595164612 9.62843713629991 9.8471785527654 9.8629566221498 9.73888362199068 11.2470103784121 14.9249996664003 -9999 -9999 -9999 -9999 -9999 -9999 22.0353596864366 21.7549995137379 -9999
-9999 -9999 -9999 -9999 -9999 -9999 -9999 -9999 -9999 -9999 20.6262572888935 10.2259174166247 9.53066091844812 9.83068329840899 8.99172031814232 10.4267944074236 9.27781337220222 9.56962796859443 9.46391490371898 9.61313719023019 8.85346754653645 9.70962247513235 8.6815139115788 8.80869471328333 8.8261462142691 10.2127038268372 8.97149570193142 9.22609636699781 7.89500105893239 5.33465070882812 5.00617999164388 5.53617968596518 6.14937283704057 5.55912960506976 5.96362192928791 8.55696278810501 8.56987211760134 8.7276528114453 6.26842554239556 5.43218786502257 10.4378999080509 10.9137919805944 10.5907200725051 8.78861353406683 9.74677265668288 8.40276801912114 9.83713796315715 9.90885646035895 9.80845056427643 10.0114139113575 9.80773337930441 9.55008467810694 10.4932928075563 -9999 -9999 -9999 12.520754480327 8.84025085205212 6.66359446197748 8.6480452795513 8.48524429090321 17.7899996023625
-9999 -9999 -9999 -9999 -9999 -9999 -9999 20.354868933904 9.69673521286593 9.3014007890597 4.80326146862353 6.99512951495126 7.57533215731382 6.95943326293491 9.12425610097125 9.3890407926403 9.28849145956337 9.46762832812965 9.58351527759805 9.66651313845068 9.77812388545967 9.81332742208615 9.5724967084825 9.658797966782 8.64924058783799 9.04034545924515 8.97436444181949 9.87251908844337 7.892610442359 8.08170821331441 10.0233669942245 4.88497573137283 5.2263557780534 5.28731650067493 7.02362131793052 8.0943784811534 8.67386393854395 8.50819421000779 5.71260718908161 5.58996855886653 8.11230810545385 7.45273699285462 10.5148777617142 9.69728689361364 10.0903042582795 9.21533859241754 9.59688099753112 9.59759818250313 9.39750357531011 9.82700772542739 9.48201187117957 9.46411212958628 11.3570521369111 13.4792752867436 9.47311536236001 8.73482466116548 8.47735525621101 8.15964231360704 8.30236212303862 8.19119845237583 8.76853235485032 13.5903636715869
-9999 -9999 -9999 -9999 -9999 9.76099682529457 10.1075166976079 9.8074465053156 9.47352518234402 10.2306334511377 5.14127156091854 9.96491641900502 8.78733853856102 9.40180668514222 9.3828411269933 9.35389872901142 9.21772920899093 9.42289192331955 9.51297035580501 9.51971189454198 9.5245887523517 9.23506117914803 8.88973661512136 9.75617574853823 9.3092898237519 9.02528457483277 8.95428326260298 9.0066377655603 7.43911047838628 7.34037801390514 7.47520878864452 8.07453636359423 8.14195175096393 8.90479749953374 8.88256476540118 8.6681264587678 8.5605487129651 5.17973875487223 7.63561916071922 7.37791069410741 7.71522669261321 7.31479841656983 10.5349589409307 10.7544175423682 9.52803124021739 10.231589697767 10.0071108015254 9.95260474365205 9.64278083574027 9.114215511363 9.04895167890936 8.81658374797553 7.71140170609578 9.05468915868551 8.75920895021409 8.72693562647328 8.60860010609031 8.53114412911236 8.28586686868221 8.22060303622857 8.16466260841116 7.26244391361251
-9999 -9999 -9999 -9999 -9999 9.00018310081214 9.65224767737091 9.83426922326908 9.61036407500506 9.72970365434885 9.40013325354084 9.57421795241535 9.448997456301 9.00934713101014 7.2699743558187 9.35335685592145 9.87068628240377 9.66692606313154 9.58397166803479 9.60381378559396 9.54046244639903 9.24474317627028 8.70470289234072 9.4144769529812 10.1235338286497 8.68247015820816 9.00807213550434 9.15868097962812 7.38723409874365 9.47495955228806 9.97985777258873 7.65785189485177 7.64781130524352 7.70088299317285 8.92989897355437 8.85029144166037 8.29519027331844 8.68964200792834 8.26148257963359 8.08816287806258 8.00281786639243 8.89810377312824 8.00879440782592 10.5973540334962 10.5041199871339 10.2674489463679 10.1340525415726 9.77402568561956 9.711630593054 9.58397166803479 8.98010192159563 8.77283546468243 8.47233496140689 9.12712484085932 8.77355264965445 8.95643481751904 8.95786918746307 8.8553117364645 8.83021026244387 8.13669239450246 8.13095491472632 7.92942593758926
-9999 -9999 -9999 -9999 -9999 9.82279426371679 9.86690113949589 9.74733046721667 10.4053533709874 9.33486942108721 9.97651090938598 9.53082029288635 9.5536108375527 9.48237046366557 9.4235612959601 9.49759072251618 9.55743582407013 10.2496627590619 10.0200201310217 9.8818424930796 9.69011504389346 9.75466169137508 9.13334044395015 9.99874364351854 9.70517592830583 10.2659348892048 9.07405315292999 9.38172550592571 9.51799065060914 9.56604204373434 9.81347085908055 11.1503036469221 10.5650807097554 7.31817943143791 8.69753104262054 8.50675984006375 8.56090730545111 9.05648212111555 8.40037740254775 8.66561631136574 9.27295245183632 9.76470228098333 9.7876522000879 9.87228002678603 10.0063936165534 9.8270973735489 9.28777427459136 9.50508132111281 9.54237493965775 9.86080506723374 9.57895137323067 9.35662403190508 9.10130618186668 8.955000447575 9.07763907779008 9.08265937259421 9.1421857252717 8.87252417579293 8.77426983462647 10.1579245556412 8.59999388642609 8.11517684534192
-9999 -9999 -9999 -9999 -9999 9.67620165543631 9.67027292633429 8.67737017618492 9.83713796315715 9.98822493059561 10.1734977150336 9.99503818782978 10.8346118619666 9.76197697808966 10.0197332570329 10.1288888097741 10.3556626979262 10.1112460594624 9.68708692956716 9.78693501511589 9.54524367954582 4.91007720539346 4.85485396254808 4.73508407222107 10.0976354824379 9.25693532079458 9.8192083388567 9.98774680728093 9.64995268546045 9.73529769713059 9.85937069728971 10.1381165897474 10.1902320310473 10.3483314737678 8.94782859785482 9.52731405524537 8.62545395293273 8.60465558874421 8.79184086644091 10.90610216395 9.20314644789323 9.94973600376397 9.97412029281259 9.7596819861792 9.6800744542852 10.0487075299025 10.0372325703502 9.33654285268858 9.95905940840021 9.57536544837058 9.59401225764304 9.70445874333382 9.52874842518941 9.38244269089773 9.35877558682114 9.44842370832339 9.15222631487995 9.10704366164282 9.02098146500066 8.41137423878536 8.29303871840239 8.3375041866675
-9999 -9999 -9999 -9999 -9999 9.70574967628345 9.90742209041491 9.7753166185692 10.0479903449304 9.61940060565248 9.97153842691332 8.14529861416668 9.95977659337223 9.67505415948108 10.2997222701088 10.1849726745859 9.97569809975102 9.73529769713059 9.29996641911566 9.79482404980808 9.34012877754867 9.34228033246472 5.31528671458364 4.90003661578521 9.54022338474169 10.296375406906 9.93252356443554 9.16011534957215 8.82590715261176 9.67505415948108 7.52995390817523 8.56987211760134 9.26697591040283 8.92272712383419 8.35830255085602 7.5328226480633 11.4770326291743 6.26740099243554 11.1972792625893 6.33137844549492 8.03664509090595 8.36762595549226 5.60502944327891 9.4247566042468 9.48500014189631 10.5514541952871 9.93754385923967 9.58970914781094 9.50651569105685 9.7675710208714 9.70804466819391 9.08983122231439 9.47567673726007 9.50795006100088 9.52587968530133 9.46563614765182 9.14003417035565 9.27199620520696 8.99516280600801 8.87754447059706 8.08792381640524 8.68892482295632
