EcologicalScience/Bass/data/rs_data_bass/sst_354.asc
NCOLS 226 
NROWS 124 
XLLCORNER -9.41648524995501 
YLLCORNER 47.587301625531 
CELLSIZE 0.0833 
NODATA_value -9999 
[rows 0 to 26 of 124, columns 62 to 123 of 226]
-9999 -9999 -9999 -9999 -9999 -9999 -9999 -9999 -9999 -9999 -9999 -9999 -9999 -9999 -9999 -9999 -9999 -9999 -9999 -9999 -9999 -9999 -9999 -9999 -9999 -9999 -9999 -9999 -9999 -9999 -9999 -9999 -9999 -9999 -9999 -9999 -9999 -9999 -9999 -9999 -9999 -9999 -9999 -9999 -9999 -9999 -9999 -9999 -9999 -9999 -9999 -9999 -9999 -9999 -9999 -9999 -9999 -9999 -9999 -9999 -9999 -9999
-9999 -9999 -9999 -9999 -9999 -9999 -9999 -9999 -9999 -9999 -9999 -9999 -9999 -9999 -9999 -9999 -9999 -9999 -9999 -9999 -9999 -9999 -9999 -9999 -9999 -9999 -9999 -9999 -9999 -9999 -9999 -9999 -9999 -9999 -9999 -9999 -9999 -9999 -9999 -9999 -9999 -9999 -9999 -9999 -9999 -9999 -9999 -9999 -9999 -9999 -9999 -9999 -9999 -9999 -9999 -9999 -9999 -9999 -9999 -9999 -9999 -9999
-9999 -9999 -9999 -9999 -9999 -9999 -9999 -9999 -9999 -9999 -9999 -9999 -9999 -9999 -9999 -9999 -9999 -9999 -9999 -9999 -9999 -9999 -9999 -9999 -9999 -9999 -9999 -9999 -9999 -9999 -9999 -9999 -9999 -9999 -9999 -9999 -9999 -9999 -9999 -9999 -9999 -9999 -9999 -9999 -9999 -9999 -9999 -9999 -9999 -9999 -9999 -9999 -9999 -9999 -9999 -9999 -9999 -9999 -9999 -9999 -9999 -9999
-9999 -9999 -9999 -9999 -9999 -9999 -9999 -9999 -9999 -9999 -9999 -9999 -9999 -9999 -9999 -9999 -9999 -9999 -9999 -9999 -9999 -9999 -9999 -9999 -9999 -9999 -9999 -9999 -9999 -9999 -9999 -9999 -9999 -9999 -9999 -9999 -9999 -9999 -9999 -9999 -9999 -9999 -9999 -9999 -9999 -9999 -9999 -9999 -9999 -9999 -9999 -9999 -9999 -9999 -9999 -9999 -9999 -9999 -9999 -9999 -9999 -9999
-9999 -9999 -9999 -9999 -9999 -9999 -9999 -9999 -9999 -9999 -9999 -9999 -9999 -9999 -9999 -9999 -9999 -9999 -9999 -9999 -9999 -9999 -9999 -9999 -9999 -9999 -9999 -9999 -9999 -9999 -9999 -9999 -9999 -9999 -9999 -9999 -9999 -9999 -9999 -9999 -9999 -9999 -9999 -9999 -9999 -9999 -9999 -9999 -9999 -9999 -9999 -9999 -9999 -9999 -9999 -9999 -9999 -9999 -9999 -9999 -9999 -9999
-9999 -9999 -9999 -9999 -9999 -9999 -9999 -9999 -9999 -9999 -9999 -9999 -9999 -9999 -9999 -9999 -9999 -9999 -9999 -9999 -9999 -9999 -9999 -9999 -9999 -9999 -9999 -9999 9.68999978341162 9.94474439635873 14.3037659688853 14.2227240670472 13.9652546620928 13.8354441821575 13.8483535116538 13.9889217661694 13.9308297834359 14.01402324019 13.9638202921487 14.0090029453859 13.9157688990235 13.8741721706465 13.8720206157304 14.0039826505817 13.8791924654506 13.9946592459455 13.9229407487437 13.6877040779218 13.9014251995832 13.8834955752827 13.7931302688085 13.7809381242841 13.7981505636126 13.8999908296391 13.9530625175685 14.0262153847143 14.1029541767202 14.2449568011798 14.1983397779986 14.1796929687262 14.2234412520193 14.172521119006
-9999 -9999 -9999 -9999 -9999 -9999 -9999 -9999 -9999 -9999 -9999 -9999 -9999 -9999 -9999 -9999 -9999 -9999 -9999 -9999 -9999 -9999 -9999 -9999 -9999 -9999 -9999 11.1494071657071 13.8842127602547 14.0283669396304 13.9143345290795 13.9989623557776 14.1804101536982 14.0606402633712 14.0828729975037 14.053468413651 14.0240638297983 14.053468413651 13.9896389511414 13.9509109626524 13.9709921418689 13.8024536734447 13.654713569209 13.6798150432296 13.8196661127731 13.8418988469057 13.9437391129322 13.7687459797598 13.7235633265227 14.0333872344345 14.0197607199661 14.0477309338748 13.7156742918305 13.9401531880721 13.7085024421103 13.9910733210854 14.0355387893505 14.1259040958248 14.1703695640899 14.251411465928 14.2105319225229 14.0635090032592
-9999 -9999 -9999 -9999 -9999 -9999 -9999 -9999 -9999 -9999 -9999 -9999 -9999 -9999 -9999 -9999 -9999 -9999 -9999 -9999 -9999 -9999 -9999 -9999 -9999 -9999 13.0166580057703 13.6920071877539 13.7830896792002 13.8777580955066 13.9272438585758 13.8856471301988 14.0843073674478 14.1653492692858 13.9279610435478 13.8017364884727 13.6998962224461 13.8720206157304 14.0032654656097 13.9867702112533 14.0685292980634 13.9910733210854 13.856242546346 13.7630084999837 13.893536164891 13.9179204539396 13.9250923036598 13.8684346908703 13.9293954134919 14.0233466448262 14.1137119513005 14.2055116277188 14.2385021364316 13.9322641533799 13.6690572686493 13.8003021185286 13.9631031071767 14.1617633444257 14.2341990265995 14.2234412520193 14.1825617086142 14.211966292467
-9999 -9999 -9999 -9999 -9999 -9999 -9999 -9999 -9999 -9999 -9999 -9999 -9999 -9999 -9999 -9999 -9999 -9999 -9999 -9999 -9999 -9999 -9999 -9999 -9999 10.7600963433739 13.9602343672886 13.8304238873534 13.9559312574565 13.9394360031001 13.9243751186877 13.9258094886318 13.8892330550589 13.9451734828763 13.7988677485846 13.6582994940691 13.7816553092562 13.9365672632121 13.8727378007025 13.9085970493034 14.1165806911886 14.0197607199661 13.9215063787997 13.9014251995832 13.9544968875125 14.1467024600133 14.2808160497807 13.9623859222047 14.0592058934271 13.9186376389116 14.1839960785583 14.3661610614508 14.4278389690444 14.3618579516187 14.1251869108528 14.0857417373918 14.1459852750413 14.2076631826349 14.2557145757601 14.2815332347527 14.2973113041371 14.3123721885495
-9999 -9999 -9999 -9999 -9999 -9999 -9999 -9999 -9999 -9999 -9999 -9999 -9999 -9999 -9999 -9999 -9999 -9999 -9999 -9999 -9999 -9999 -9999 -9999 -9999 10.1794365098896 13.7852412341163 13.8655659509823 13.8325754422694 13.8834955752827 13.8827783903107 14.0082857604139 13.9631031071767 13.8921017949469 13.8254035925493 13.7938474537805 13.7529679103754 13.9301125984639 14.0835901824757 14.1237525409088 14.0584887084551 14.0369731592946 13.9595171823166 14.1015198067762 14.131641575601 14.1710867490619 14.2069459976628 14.1302072056569 14.094347957056 14.0713980379514 14.3618579516187 14.4766075471416 14.3955656453036 14.4163640094921 14.2564317607321 14.2585833156481 14.0828729975037 14.3489486221224 14.452940443065 14.5554978940636 14.5626697437838 14.5447401194833
-9999 -9999 -9999 -9999 -9999 -9999 -9999 -9999 -9999 -9999 -9999 -9999 -9999 -9999 -9999 -9999 -9999 -9999 -9999 -9999 -9999 -9999 -9999 -9999 12.618791104627 13.187666777987 13.7952818237245 13.7988677485846 13.6712088235654 13.5170140545815 13.6719260085374 13.7515335404314 13.7414929508232 13.8490706966259 13.7544022803195 12.939321559621 13.1275826147757 14.0326700494625 14.095065142028 14.1976225930266 14.2485427260399 14.1581774195656 14.2277443618514 14.1043885466643 14.1481368299574 14.2255928069353 14.2220068820752 14.1617633444257 14.1223181709647 14.2177037722431 14.3769188360311 14.452223258093 14.491668431554 14.4457685933448 14.4185155644082 14.3919797204435 14.3919797204435 14.4493545182049 14.570558778476 14.6365397959016 14.7376628769562 14.5547807090916
-9999 -9999 -9999 -9999 -9999 -9999 -9999 -9999 -9999 -9999 -9999 -9999 -9999 -9999 -9999 -9999 -9999 -9999 -9999 -9999 -9999 -9999 -9999 -9999 12.843816427514 13.2738883490674 13.4995147412643 13.9265266736038 13.8992736446671 13.8992736446671 13.0666218921542 13.175634007901 13.6260261703283 13.4316690429114 13.8254035925493 13.8211004827172 13.9250923036598 14.0635090032592 14.0419934540987 14.0283669396304 14.1646320843138 14.2600176855922 14.3095034486614 14.2621692405082 14.2356333965436 14.3281502579339 14.3245643330738 14.1502883848734 14.2772301249206 14.1918851132505 14.1216009859927 14.292291009333 14.612872691825 14.5978118074127 14.6085695819929 14.5791649981402 14.6989348884672 14.7182988827117 14.6630756398663 14.6860255589709 14.6465803855099 14.5519119692035
-9999 -9999 -9999 -9999 -9999 -9999 -9999 -9999 -9999 -9999 -9999 -9999 -9999 -9999 -9999 -9999 -9999 -9999 -9999 -9999 -9999 -9999 -9999 11.0349997533485 13.9903561361134 12.3781243190169 13.8347269971855 13.4108706787229 13.376445800066 13.9587999973446 13.9831842863932 13.893536164891 13.8648487660103 13.9021423845552 13.935132893268 14.1022369917482 14.0735495928675 14.2040772577748 14.254997390788 14.2557145757601 14.2736442000605 14.3166752983816 14.2793816798367 14.2499770959839 14.2363505815156 14.2965941191651 14.2879878995009 14.3704641712829 14.4013031250797 14.4299905239604 14.4780419170856 14.5081636859104 14.5676900385879 14.650883495342 14.6939145936631 14.6953489636071 14.7613299810328 14.7498550214805 14.7491378365085 14.6810052641667 14.6006805473007 14.5684072235599
-9999 -9999 -9999 -9999 -9999 -9999 -9999 -9999 -9999 -9999 -9999 -9999 -9999 -9999 -9999 -9999 -9999 -9999 -9999 -9999 -9999 9.99676127069845 13.6676228987053 13.77591782948 13.7622913150117 13.4775688811205 13.6324808350764 13.775200644508 13.0806069991086 14.2851191596128 14.0699636680074 14.214117847383 14.1631977143697 14.2363505815156 14.1854304485023 14.1237525409088 14.17395548895 14.3883937955834 14.4321420788765 14.2736442000605 14.4601122927852 14.4780419170856 14.3970000152476 14.3403424024582 14.2241584369913 14.2765129399486 14.371898541227 14.3998687551357 14.451506073121 14.4823450269178 14.4995574662462 14.4694356974214 14.4723044373095 14.6580553450622 14.7204504376277 14.7591784261167 14.7806939752772 14.8230078886263 14.6308023161255 14.7534409463406 14.7218848075718 14.89185764594
-9999 -9999 -9999 -9999 -9999 -9999 -9999 -9999 -9999 -9999 -9999 -9999 -9999 -9999 -9999 -9999 -9999 -9999 -9999 -9999 9.02902640946938 13.8275551474653 13.6776634883136 13.9042939394712 13.9121829741634 13.7235633265227 13.6998962224461 13.5586107829586 13.5399639736861 13.536378048826 13.6002075113356 13.9903561361134 14.1273384657688 14.1273384657688 14.1796929687262 14.1875820034184 14.4149296395481 14.5110324257985 14.4457685933448 14.3632923215628 14.2858363445848 14.6178929866292 14.5741447033361 14.4715872523375 14.3281502579339 14.3503829920664 14.4737388072535 14.4794762870297 14.5354167148471 14.5533463391475 14.5497604142874 14.5741447033361 14.5576494489796 14.6092867669649 14.414212454576 14.7871486400254 14.7656330908649 14.573427518364 14.530396420043 14.8043610793538 14.5253761252388 14.8667561719194
-9999 -9999 -9999 -9999 -9999 -9999 -9999 -9999 -9999 -9999 -9999 -9999 -9999 -9999 -9999 -9999 -9999 -9999 -9999 -9999 10.8432933108236 14.0391247142106 13.9903561361134 14.0276497546583 13.9688405869529 13.8089083381929 13.8124942630529 13.7873927890323 13.7092196270823 13.5829950720072 13.4352549677715 13.6037934361957 13.7422101357952 13.8727378007025 14.0448621939868 14.1839960785583 14.2557145757601 14.2471083560959 14.3360392926261 14.3410595874302 14.3762016510591 14.4185155644082 14.5139011656865 14.3848078707233 14.4070406048559 14.450788888149 14.5820337380283 14.6221960964613 14.6028321022168 14.6315195010975 14.6064180270769 14.6150242467411 14.5992461773567 14.6480147554539 14.6300851311535 14.4314248939045 14.7563096862286 14.0032654656097 14.810815744102 14.8531296574511 14.9040497904643 14.7347941370681
-9999 -9999 -9999 -9999 -9999 -9999 -9999 -9999 -9999 -9999 -9999 -9999 -9999 -9999 -9999 -9999 -9999 -9999 12.9886623597704 14.3539689169265 14.2177037722431 14.1983397779986 14.1431165351532 13.9889217661694 13.9889217661694 13.8806268353947 13.9322641533799 13.1455122390762 13.2039628142957 13.1670277882367 13.0834757389966 13.7579882051796 13.9559312574565 13.8813440203667 14.0161747951061 14.1122775813565 14.1839960785583 14.2313302867115 14.1811273386702 14.3245643330738 14.3862422406673 14.4457685933448 14.5103152408265 14.5533463391475 14.5662556686439 14.6429944606498 14.5999633623287 14.6293679461814 14.6580553450622 14.65016631037 14.5827509230003 14.572710333392 14.5777306281962 14.6013977322727 14.532547974959 14.452223258093 14.5454573044553 14.7900173799135 14.5956602524966 14.8724936516955 14.8846857962199 14.9406262240373
-9999 -9999 -9999 -9999 -9999 -9999 -9999 -9999 -9999 -9999 -9999 -9999 -9999 -9999 -9999 -9999 7.90804161801934 13.1511561729864 14.4199499343522 14.4572435528971 14.6480147554539 14.2062288126908 14.2499770959839 14.1761070438661 14.0807214425877 14.1431165351532 14.1782585987821 14.1251869108528 13.933698523324 13.8060395983048 13.8526566214859 14.4056062349118 14.569841593504 14.3819391308352 14.2894222694449 14.2879878995009 14.1940366681665 14.1631977143697 14.3955656453036 14.3661610614508 14.4608294777572 14.6322366860695 14.6487319404259 14.6186101716012 14.5813165530562 14.6881771138869 14.7627643509768 14.6673787496984 14.7426831717603 14.7469862815924 14.6444288305938 14.5583666339517 14.5110324257985 14.5956602524966 14.6537522352301 14.5992461773567 14.8043610793538 14.6386913508177 14.611438321881 14.8538468424231 14.852412472479 14.8552812123671
-9999 -9999 -9999 -9999 -9999 -9999 -9999 -9999 -9999 -9999 5.77499987091869 8.2627298578458 9.0699997972697 9.0699997972697 -9999 -9999 7.9442182591185 14.5103152408265 14.5849024779163 14.2234412520193 14.5483260443434 14.2973113041371 14.1474196449853 14.2047944427468 14.2750785700046 14.1811273386702 14.214117847383 14.0678121130913 13.9293954134919 13.8849299452268 13.9265266736038 14.8739280216396 14.7921689348295 14.5124667957425 14.1918851132505 14.3955656453036 14.5382854547352 14.2162694022991 14.2341990265995 14.452940443065 14.8187047787942 14.732642582152 14.7620471660048 14.8280281834304 14.6774193393067 14.6085695819929 14.7204504376277 14.7218848075718 14.7548753162846 14.7276222873479 14.7290566572919 14.7190160676837 14.6867427439429 14.6652271947823 14.7025208133273 14.4077577898279 14.6135898767971 14.7240363624878 14.8660389869474 14.7441175417043 14.7333597671241 14.9757682876661
-9999 -9999 -9999 -9999 -9999 -9999 -9999 -9999 -9999 -9999 -9999 -9999 -9999 -9999 -9999 -9999 -9999 -9999 9.43053827077477 13.9903561361134 14.3080690787174 14.2980284891091 14.411343714688 14.4436170384288 14.5468916743994 14.3582720267586 14.1517227548175 13.9853358413093 14.0505996737629 14.055619968567 14.0233466448262 14.0211950899102 14.1388134253211 14.214835032355 14.3984343851916 14.1940366681665 14.4816278419457 14.5691244085319 14.5411541946232 14.5490432293154 14.6049836571328 14.6551866051741 14.6874599289149 14.6716818595305 14.7283394723199 14.8552812123671 14.8818170563318 14.7663502758369 14.7390972469002 14.6953489636071 14.693197408691 14.7111270329915 14.7218848075718 14.6630756398663 14.6049836571328 14.6071352120489 14.5849024779163 14.6781365242787 14.5024262061343 14.4823450269178 14.3926969054155 14.6178929866292
-9999 -9999 -9999 -9999 -9999 -9999 -9999 -9999 -9999 -9999 -9999 -9999 -9999 -9999 10.7937257986981 14.2750785700046 14.5052949460223 12.7547898663208 14.5813165530562 14.0857417373918 14.2786644948646 14.6788537092507 14.6379741658457 14.6838740040548 14.5784478131682 14.4278389690444 14.3855250556953 14.3303018128499 14.411343714688 14.1839960785583 14.1094088414684 14.1373790553771 14.2012085178867 14.1560258646496 14.2341990265995 14.1416821652092 14.0298013095744 14.3295846278779 14.493102801498 14.5583666339517 14.5985289923847 14.6451460155658 14.6602068999782 14.6580553450622 14.6408429057337 14.8409375129268 14.890423275996 14.7570268712007 14.7261879174039 14.6795708942227 14.65016631037 14.6659443797544 14.7089754780754 14.6379741658457 14.5511947842315 14.5554978940636 14.6336710560136 14.6171758016571 14.4995574662462 14.4809106569737 14.4880825066939 14.5088808708824
-9999 -9999 -9999 -9999 -9999 -9999 -9999 -9999 -9999 -9999 -9999 -9999 6.64414966166698 13.8648487660103 14.1266212807968 14.3274330729619 14.2736442000605 14.5296792350709 14.1481368299574 13.9229407487437 14.65016631037 14.5232245703228 14.5533463391475 14.6207617265172 14.372615726199 14.4988402812742 14.1129947663285 14.3812219458632 14.3754844660871 14.2327646566555 14.1926022982225 14.2851191596128 14.1832788935862 14.2428052462637 14.2722098301165 14.2478255410679 14.2994628590532 14.291573824361 14.4773247321136 14.6329538710415 14.5669728536159 14.649449125398 14.653035050258 14.651600680314 14.6738334144466 14.7477034665644 14.8222907036543 14.7161473277956 14.6394085357897 14.6566209751181 14.693197408691 14.7190160676837 14.490951246582 14.6229132814333 14.6752677843906 14.572710333392 14.5590838189237 14.6437116456218 14.6229132814333 14.5856196628883 14.7269051023759 14.5504775992595
-9999 -9999 -9999 -9999 -9999 -9999 -9999 -9999 -9999 -9999 12.8800342686009 13.8666417284403 14.8201391487382 15.0611132993363 15.209570588544 14.850978102535 14.7448347266763 14.5375682697631 14.690328668803 14.491668431554 14.2858363445848 14.0757011477835 14.015457610134 14.0814386275597 14.4264045991004 14.3647266915068 14.3819391308352 14.2872707145289 14.4299905239604 14.3231299631298 14.3589892117307 14.4070406048559 14.3360392926261 14.3052003388293 14.3008972289972 14.2428052462637 14.3403424024582 14.3044831538573 14.3876766106114 14.4694356974214 14.491668431554 14.6351054259576 14.4873653217219 14.5024262061343 14.6013977322727 14.3575548417866 14.7806939752772 14.7792596053332 14.6874599289149 14.850978102535 14.8409375129268 14.848826547619 14.8753623915836 14.8380687730387 14.9176763049327 14.6723990445025 14.6975005185232 14.7182988827117 14.7075411081314 14.6946317786351 14.5920743276365 14.6451460155658
-9999 -9999 -9999 -9999 -9999 -9999 -9999 -9999 -9999 -9999 -9999 6.2570638225757 14.8846857962199 14.8294625533745 14.9018982355483 13.9604136635317 13.8149996912107 -9999 -9999 9.22999979369342 6.59499985259026 9.8008984278629 14.2671895353124 14.1875820034184 14.2800988648087 14.1388134253211 14.2693410902284 14.4636982176453 14.610721136909 14.6322366860695 14.4371623736806 14.3525345469825 14.3252815180458 14.3381908475421 14.3762016510591 14.3926969054155 14.4364451887086 14.412778084632 14.413495269604 14.450788888149 14.4622638477013 14.5576494489796 14.6006805473007 14.5626697437838 14.5576494489796 14.4414654835127 14.5669728536159 14.6343882409856 14.6867427439429 14.6853083739989 14.5985289923847 14.7333597671241 14.8760795765556 14.7505722064525 14.6795708942227 14.6408429057337 14.8753623915836 14.7290566572919 14.8968779407442 14.7290566572919 14.7986235995777 14.8567155823112
-9999 -9999 -9999 -9999 -9999 -9999 -9999 -9999 -9999 -9999 -9999 -9999 -9999 -9999 -9999 -9999 -9999 -9999 -9999 -9999 -9999 -9999 -9999 -9999 -9999 12.8748024961768 14.5827509230003 14.135227500461 14.1911679282784 14.3145237434655 14.0821558125317 14.4185155644082 14.4421826684847 14.3977172002196 14.3374736625701 14.3059175238013 14.3632923215628 14.4299905239604 14.4687185124494 14.3919797204435 14.4314248939045 14.5741447033361 14.6250648363493 14.7512893914245 14.7907345648855 14.4880825066939 14.650883495342 14.7010864433832 14.7276222873479 14.6164586166851 14.5167699055746 14.5892055877484 14.8818170563318 14.5762962582521 14.9384746691212 14.7957548596896 14.7290566572919 14.7613299810328 14.7333597671241 14.929151264485 14.9076357153244 14.8423718828708
-9999 -9999 -9999 -9999 -9999 -9999 -9999 -9999 -9999 -9999 -9999 -9999 -9999 -9999 -9999 -9999 -9999 -9999 -9999 -9999 -9999 -9999 -9999 -9999 -9999 10.6396679468453 14.6021149172448 14.0850245524198 13.9917905060574 13.9559312574565 13.9609515522607 14.3381908475421 14.6559037901461 14.5762962582521 14.5425885645673 14.2980284891091 14.3518173620105 14.3224127781577 14.331736182794 14.5017090211622 14.452223258093 14.5590838189237 14.6867427439429 14.8395031429827 14.8746452066116 14.8603015071712 14.8846857962199 14.6021149172448 14.7147129578516 14.7742393105291 14.7218848075718 14.5970946224406 14.6143070617691 14.6673787496984 14.8352000331506 14.6286507612094 14.9578386633657 14.929868449457 14.8215735186823 14.7405316168442 14.7061067381874 14.8810998713598
-9999 -9999 -9999 -9999 -9999 -9999 -9999 -9999 -9999 -9999 -9999 -9999 -9999 -9999 -9999 -9999 -9999 -9999 -9999 -9999 -9999 -9999 -9999 -9999 -9999 -9999 -9999 14.3776360210031 13.9652546620928 14.0484481188469 14.0262153847143 14.3446455122903 14.3575548417866 14.3840906857513 14.453657628037 14.5117496107705 14.5002746512182 14.3833735007793 14.412778084632 14.4414654835127 14.4299905239604 14.653035050258 14.6057008421049 14.1553086796775 14.5906399576925 14.7971892296337 14.8481093626469 14.7641987209208 14.8359172181226 14.7864314550534 14.6795708942227 14.6444288305938 14.570558778476 14.7168645127676 14.6688131196424 14.6817224491388 14.772804940585 14.8588671372272 14.8732108366676 14.649449125398 14.6888942988589 14.9642933281139
