EcologicalScience/Bass/data/rs_data_bass/sst_192.asc
NCOLS 226 
NROWS 124 
XLLCORNER -9.41648524995501 
YLLCORNER 47.587301625531 
CELLSIZE 0.0833 
NODATA_value -9999 
[rows 27 to 53 of 124, columns 62 to 123 of 226]
-9999 -9999 -9999 -9999 -9999 -9999 -9999 -9999 -9999 -9999 -9999 -9999 -9999 -9999 -9999 -9999 -9999 -9999 -9999 -9999 -9999 -9999 -9999 -9999 -9999 -9999 -9999 -9999 12.5299997199327 9.62776622132608 5.57992796925828 5.65738394623622 6.42459257005248 6.54920345894061 6.46887874207459 6.70963773718104 6.6245795994997 6.69572434872389 6.75091173232067 7.08565781801008 7.08816796541214 7.10753195965663 6.87301247380674 7.10896632960066 7.23232214478776 7.06808678619564 6.95764030050486 7.30762656684965 7.1462599481456 7.13119906373322 7.18498793663457 7.19861445110291 7.16347238747403 7.17351297708228 7.15343179786578 7.23662525461987 6.93469038140029 7.18642230657861 7.13119906373322 7.19144260138273 7.09318826021627 7.28252509282902
-9999 -9999 -9999 -9999 -9999 -9999 -9999 -9999 -9999 -9999 -9999 -9999 -9999 -9999 -9999 -9999 -9999 -9999 -9999 -9999 -9999 -9999 -9999 -9999 -9999 -9999 -9999 -9999 -9999 -9999 9.78499978128821 6.68328946467059 5.9234595708549 6.79842523671687 6.75008696960285 6.79842523671687 6.88269447092898 6.923215421848 6.62271491857246 7.02559357660357 7.0386822023429 7.25527206389233 7.09318826021627 7.18642230657861 7.07023834111169 6.99421673407778 7.06593523127958 7.14482557820156 7.16347238747403 7.2100894106552 7.16490675741807 7.22156437020749 7.17136142216623 7.1462599481456 7.18713949155062 7.13908809842542 7.17709890194237 6.85221410961822 6.99995421385393 6.88090150849894 7.18929104646668 7.1742301620543
-9999 -9999 -9999 -9999 -9999 -9999 -9999 -9999 -9999 -9999 -9999 -9999 -9999 -9999 -9999 -9999 -9999 -9999 -9999 -9999 -9999 -9999 -9999 -9999 -9999 -9999 -9999 -9999 -9999 -9999 -9999 10.3449997687712 5.83022552449256 5.97868281370029 5.83022552449256 6.83213293040171 6.78264716733247 6.82950325217098 6.88520461833104 6.92249823687598 7.1104006995447 7.18427075166255 6.98847925430164 6.97556992480531 6.89452802296728 6.98991362424567 7.01214635837823 7.01644946821034 7.03796501737088 7.03653064742684 7.26459546852857 7.12546158395708 7.25312050897628 7.14554276317358 7.14339120825753 7.14769431808963 6.93325601145625 6.99134799418971 6.82998137548566 6.81276893615723 7.18498793663457 6.89596239291131
-9999 -9999 -9999 -9999 -9999 -9999 -9999 -9999 -9999 -9999 -9999 -9999 -9999 -9999 -9999 -9999 -9999 -9999 -9999 -9999 -9999 -9999 -9999 -9999 -9999 -9999 -9999 -9999 -9999 -9999 -9999 10.3519333360717 6.64394359374419 6.41975157149136 6.67334817759693 5.9872890333645 6.0590075305663 6.6485335775651 6.82711263559759 6.9511856357567 7.122592844069 7.05230871681124 7.17996764183044 6.79412212688476 6.98489332944155 7.09964292496443 7.14554276317358 7.19215978635475 7.2100894106552 7.20865504071116 7.04155094223097 7.04728842200711 7.19144260138273 7.22013000026345 7.23160495981574 7.36643573455513 7.11398662440479 6.76328317308798 7.01716665318236 7.03007598267868 7.01860102312639 7.15486616780981
-9999 -9999 -9999 -9999 -9999 -9999 -9999 -9999 -9999 -9999 -9999 -9999 -9999 -9999 -9999 -9999 -9999 -9999 -9999 -9999 -9999 -9999 -9999 -9999 -9999 -9999 -9999 -9999 -9999 -9999 -9999 9.09499979671091 6.84097821172327 6.70375682041049 4.17496260907501 6.59295174223371 6.69515060074627 6.71953488979489 6.94616534095258 6.55601671617478 5.88473158236593 6.54239020170644 6.35090181417763 6.7001708955504 7.07812737580389 6.80129397660494 7.19502852624282 7.24021117947996 7.29328286740929 7.13119906373322 7.14912868803367 7.02433850290254 7.05804619658738 7.23734243959188 7.1182897342369 7.36500136461109 6.8794671385549 7.27607042808086 7.12044128915295 7.16920986725017 7.02505568787456 6.9949339190498
-9999 -9999 -9999 -9999 -9999 -9999 -9999 -9999 -9999 -9999 -9999 -9999 -9999 -9999 -9999 -9999 -9999 -9999 -9999 -9999 -9999 -9999 -9999 -9999 -9999 -9999 -9999 -9999 -9999 -9999 -9999 -9999 7.1809238884598 6.57179478555918 6.71810051985085 6.61410869890824 6.61482588388026 6.83428448531777 6.70734274527058 6.28922390658408 6.41903438651934 6.58613848499954 6.06402782537043 7.13406780362129 6.92393260682002 7.16777549730614 7.13550217356533 6.96768089011312 7.27535324310884 7.38293098891154 7.24307991936803 7.55146945733577 7.11398662440479 7.4051637230441 7.02649005781859 7.18068482680246 7.24164554942399 7.62533950945362 7.16060364758596 6.85293129459023 6.94257941609249 7.14267402328551
-9999 -9999 -9999 -9999 -9999 -9999 -9999 -9999 -9999 -9999 -9999 -9999 -9999 -9999 -9999 -9999 -9999 -9999 -9999 -9999 -9999 -9999 -9999 -9999 -9999 -9999 -9999 -9999 -9999 -9999 -9999 -9999 9.74350905452518 6.52338479994796 6.64781639259309 6.73100984934717 6.68080690130591 6.84504225989804 6.86727499403059 6.67650379147381 6.58398693008348 6.36381114367396 6.48142947908491 6.74965665861964 6.47461622185074 7.08529922552407 7.21367533551529 7.2459486592561 7.26387828355655 7.43528549186885 7.26387828355655 6.98274177452549 7.25742361880839 7.03007598267868 6.48788414383307 7.56724752672017 7.15271461289376 6.9511856357567 6.9389934912324 6.9511856357567 6.8156376760453 6.91460920218378
-9999 -9999 -9999 -9999 -9999 -9999 -9999 -9999 -9999 -9999 -9999 -9999 -9999 -9999 -9999 -9999 -9999 -9999 -9999 -9999 -9999 -9999 -9999 -9999 -9999 -9999 -9999 -9999 -9999 -9999 -9999 -9999 -9999 8.55918212134172 6.59833062952384 6.67937253136188 6.67076631169766 6.88520461833104 6.80631427140906 7.01716665318236 6.95548874558881 6.42405468132347 6.26340524759144 6.61697743879631 7.08745078044012 7.122592844069 7.08027893071994 6.83607744774781 7.1742301620543 7.17494734702632 7.04513686709106 6.98847925430164 6.99278236413375 7.03437909251079 7.03939938731492 7.09533981513232 6.94401378603652 7.02720724279061 6.96050904039294 7.24451428931206 7.09318826021627 6.73387858923525
-9999 -9999 -9999 -9999 -9999 -9999 -9999 4.27532223515934 16.9125406483002 5.97533595049754 4.30749839190394 8.69601436656318 16.3718408986941 8.38560161779645 8.41999981179833 -9999 -9999 -9999 -9999 -9999 -9999 -9999 -9999 -9999 -9999 -9999 -9999 -9999 -9999 -9999 -9999 -9999 -9999 6.39499985706061 6.37241736333817 6.38281654543243 6.14506972720847 6.66168196871877 6.96768089011312 6.38102358300239 6.71953488979489 6.05972471553832 6.02816857676953 6.09988707397133 6.88377024838701 6.95333719067276 6.80703145638108 7.26889857836068 7.23590806964785 7.21869563031942 7.1584520926699 7.17136142216623 7.2100894106552 7.27320168819278 7.04441968211904 7.17638171697035 7.08529922552407 7.51489302376285 7.03724783239886 7.03222753759474 7.33201085589826 7.1304818787612
-9999 -9999 -9999 -9999 8.1705439347929 13.7762393261916 10.9699040424222 6.67319370698757 6.11996825318784 5.9750968888402 15.7064203997143 13.3008681646814 5.9699998665601 -9999 -9999 -9999 -9999 -9999 -9999 -9999 -9999 -9999 -9999 -9999 -9999 -9999 -9999 -9999 -9999 -9999 -9999 -9999 -9999 -9999 6.5088618042646 6.51441998779774 6.44341867556795 6.34265418699943 6.27248959057033 6.0826746346429 5.98083436861634 6.1823633457534 6.64351328276098 6.76973783783615 6.94114504614845 7.05015716189519 7.08027893071994 7.08960233535618 7.16132083255798 7.18068482680246 7.19574571121484 7.082430485636 7.1304818787612 7.04083375725895 7.36500136461109 7.37289039930329 7.15773490769789 7.12976469378918 7.16777549730614 7.06521804630756 7.11326943943277 6.87516402872279
5.27153843129054 5.27225561626256 11.4477919733152 6.67066385670166 6.69905527448282 5.87588630104437 2.98013244569302 5.20986052369699 3.3817560300231 4.58532584283154 7.12499984074384 -9999 -9999 -9999 -9999 -9999 -9999 -9999 -9999 -9999 -9999 -9999 -9999 -9999 -9999 -9999 -9999 -9999 -9999 -9999 -9999 -9999 -9999 -9999 10.7099997606128 6.44610811921302 6.51459928404074 6.8140077101998 6.27685246581677 6.32436597021297 5.94999541481957 6.73172703431919 6.71164585510269 6.77045502280816 6.86297188419849 6.94759971089661 6.99851984390989 6.59617907460779 7.12115847412497 7.27033294830471 7.23949399450794 7.19072541641071 7.22658466501161 7.06234930641949 7.05661182664335 7.19215978635475 7.02003539307043 6.82065797084942 7.3018890870735 6.90241705765948 7.25527206389233 7.00425732368603
5.4986470057629 5.68296354357153 5.6736401389353 5.50677510211244 5.80273343389854 4.09033478237689 5.18977934448048 5.18762778956443 3.2103488217108 15.7799996472895 -9999 -9999 -9999 -9999 -9999 -9999 -9999 -9999 -9999 -9999 -9999 -9999 -9999 -9999 -9999 -9999 -9999 -9999 -9999 -9999 -9999 -9999 -9999 -9999 -9999 7.62152710512869 6.89727723202668 6.65785698220134 6.45755746501631 6.97574922104832 6.74377574184909 6.72455518459901 6.73029266437516 6.74105043895543 6.80703145638108 6.79125338699669 6.93253882648423 7.03294472256675 7.11183506948873 7.16562394239008 7.22156437020749 7.20291756093502 6.85006255470216 7.37360758427531 7.52565079834312 7.20650348579511 6.9949339190498 7.03151035262272 7.11111788451672 7.3814966189675 7.48763999482617 6.91174046229571
7.1182897342369 6.76184880314395 7.39512313343585 5.43768628314137 5.608615368139 5.88473158236593 5.63347778050229 5.70663064764813 8.19960458662725 -9999 -9999 -9999 -9999 -9999 -9999 -9999 -9999 -9999 -9999 -9999 -9999 -9999 -9999 -9999 -9999 -9999 -9999 -9999 -9999 -9999 -9999 -9999 -9999 -9999 -9999 -9999 12.246013901068 6.59044159483165 6.15623732177275 6.51011687796563 6.77529602136929 6.56390575086698 6.74105043895543 6.71810051985085 6.77906124247238 6.81133456621319 6.79053620202467 6.97628710977733 7.01573228323832 7.18785667652264 7.361415439751 7.30260627204552 7.35998106980696 7.04370249714702 7.21367533551529 6.87588121369481 7.03796501737088 6.8715781038627 6.98274177452549 7.02505568787456 6.94616534095258 7.00784324854612
7.71229818731081 7.81915874814149 6.88233587844297 7.08314767060801 3.5452742036432 6.0109561374411 4.7601855462417 7.45438869157806 12.7897884929553 -9999 -9999 -9999 -9999 -9999 -9999 -9999 -9999 -9999 -9999 -9999 -9999 -9999 -9999 -9999 -9999 -9999 -9999 -9999 -9999 -9999 -9999 -9999 -9999 -9999 -9999 -9999 -9999 -9999 -9999 -9999 12.7477327661961 10.6846969175884 6.48716695886105 6.68511001113802 6.70590837532654 6.75682850833982 6.89739676285535 7.03581346245483 7.16849268227816 7.27965635294095 7.29471723735332 7.33631396573037 7.3176671564579 7.13693654350936 7.07023834111169 6.81994078587741 6.85293129459023 6.87731558363885 7.06163212144747 7.10753195965663 7.33201085589826 7.5249336133711
7.69042404566426 7.45966978091747 6.92130292858928 7.31838434142992 6.81420330610126 4.68344675423577 6.14865565206856 7.5253197898945 14.2649996811524 -9999 -9999 -9999 -9999 -9999 -9999 -9999 -9999 -9999 -9999 -9999 -9999 -9999 -9999 -9999 -9999 -9999 -9999 -9999 -9999 -9999 -9999 -9999 -9999 -9999 -9999 -9999 -9999 -9999 -9999 -9999 -9999 -9999 -9999 10.1180975044678 7.48112556466367 6.5768150803633 6.71379741001874 6.8636890691705 7.04226812720299 7.13980528339744 7.20578630082309 7.22013000026345 7.29615160729736 7.28611101768911 6.8995483177714 6.75754569331184 6.88592180330306 6.92608416173607 7.03939938731492 7.06378367636353 6.96409496525303 7.05732901161537
7.76877650385723 7.48943295725621 6.95226141321473 7.4489120063372 7.42906988877803 7.28395946277305 7.00354013871402 7.01334166666493 7.95439701434225 12.1916896008642 -9999 -9999 -9999 -9999 -9999 16.1899624452926 -9999 -9999 -9999 -9999 -9999 -9999 -9999 -9999 -9999 -9999 -9999 -9999 -9999 -9999 -9999 -9999 -9999 -9999 -9999 -9999 -9999 -9999 -9999 -9999 -9999 -9999 -9999 -9999 8.62340559493685 7.94133120812476 6.51657154271379 6.67650379147381 6.8794671385549 6.93325601145625 7.17279579211026 7.09964292496443 7.26459546852857 7.09031952032819 6.90887172240764 7.22945340489969 7.06378367636353 7.18283638171852 6.96266059530899 7.24236273439601 7.002822953742 7.0386822023429
7.59880366548896 7.47042755549774 7.50748211238533 7.4532151161693 5.26508376654238 4.87636951170862 5.48812829283997 5.00259406678379 7.01023386511952 7.56765734670418 15.3249996574596 -9999 -9999 -9999 -9999 8.21273606876628 -9999 -9999 -9999 -9999 -9999 -9999 -9999 -9999 -9999 -9999 -9999 -9999 -9999 -9999 -9999 -9999 -9999 -9999 -9999 -9999 -9999 -9999 -9999 -9999 -9999 -9999 -9999 -9999 -9999 11.8530057972389 6.82483068341389 6.51011687796563 6.63347269315273 6.76113161817193 6.99636828899384 6.91891231201589 7.00569169363007 6.99565110402182 6.94186223112047 6.95477156061679 6.88377024838701 6.84432507492602 6.85795158939436 7.21510970545933 6.79555649682879 6.83643604023382
7.87104708086699 7.73632388387341 7.75353632320184 7.4847712549381 7.25359863229096 6.22969755390659 6.18523208564147 5.23783073760569 5.28946805559099 5.25360880699009 7.4513394016271 15.6329146320266 11.3457000442534 -9999 14.508020248916 6.11999986320734 21.5004845499972 11.4789178011008 -9999 -9999 -9999 -9999 -9999 -9999 -9999 -9999 -9999 -9999 -9999 -9999 -9999 -9999 -9999 -9999 -9999 -9999 -9999 -9999 -9999 -9999 -9999 -9999 -9999 -9999 -9999 8.8399998024106 12.3599997237325 12.7022219571035 6.51657154271379 6.58972440985963 6.53736990690231 6.76041443319991 6.44843897037208 6.96409496525303 6.94903408084065 7.26746420841664 6.86942654894665 6.87372965877876 7.1541489828378 7.27678761305287 7.23519088467583 6.73172703431919
7.59779960652813 7.88029876700602 7.84300514846109 7.68325219594408 7.4051637230441 6.2103335596621 6.1701712012291 5.73986021801829 5.84672077884898 6.00378428772092 5.34469129843637 7.58550815946924 14.524999675341 16.0937572040462 9.42990729631856 13.0761659690895 12.162858491262 14.9015396430623 -9999 -9999 -9999 -9999 -9999 -9999 -9999 -9999 -9999 -9999 -9999 -9999 -9999 -9999 -9999 -9999 -9999 -9999 -9999 -9999 -9999 -9999 -9999 -9999 -9999 -9999 -9999 -9999 -9999 -9999 4.01887707971036 6.3535656440737 6.73244421929121 6.91819512704387 6.79627368180081 6.73316140426323 6.99206517916173 6.99063080921769 7.19215978635475 7.10322884982452 7.21582689043134 7.33487959578633 6.87014373391867 6.73316140426323
8.31294060137589 8.13113421096932 8.15569779626094 7.46985380752012 7.33272804087028 6.87229528883472 6.68869593599811 6.69156467588618 6.3616595887579 6.20459607988596 6.10347299883142 5.80512405047193 5.45011748932302 5.43505660491064 6.30428479099646 8.40239055334639 7.86037268649476 7.39999983459711 -9999 -9999 -9999 -9999 -9999 -9999 -9999 -9999 -9999 -9999 -9999 -9999 -9999 -9999 -9999 -9999 -9999 -9999 -9999 -9999 -9999 -9999 -9999 -9999 -9999 -9999 -9999 -9999 -9999 -9999 6.56572261946276 6.96644211607054 6.80487990146503 5.92238379339688 6.5925931497477 6.63921017292887 6.71379741001874 6.80201116157696 6.89811394782737 7.08314767060801 7.10179447988048 7.04298531217501 7.02075257804245 6.83930478012189
8.5725615612464 8.53293709154241 8.57399593119044 7.11470380937681 6.75969724822789 6.07382935332134 6.52517776237801 6.53736990690231 6.44987334031612 6.74553284503054 6.81725134223234 5.70328378444538 5.8797112875618 5.51968443160877 10.5034028021619 16.1132714656182 8.40285810257398 7.61499982979149 -9999 -9999 -9999 -9999 -9999 -9999 -9999 -9999 -9999 -9999 -9999 -9999 -9999 -9999 -9999 -9999 -9999 -9999 -9999 -9999 -9999 -9999 -9999 -9999 -9999 -9999 -9999 -9999 -9999 -9999 7.13155765621923 7.27874357206747 7.37465076241642 6.80574052343145 6.53414257452823 6.8238135847263 6.71523177996278 7.00081483582035 6.95477156061679 7.0150150982663 7.09031952032819 6.90313424263149 6.79555649682879 6.83285011537373
7.71498763095587 8.74145862215664 7.95990629890002 7.45622729305178 7.10968351457268 6.87874995358288 6.70232245046645 6.61482588388026 6.62343210354447 5.80010375566781 5.21990111330524 6.56282997340895 5.77858820650727 5.81803337996826 7.37974350014701 6.69999985024333 -9999 -9999 -9999 -9999 -9999 -9999 -9999 -9999 -9999 -9999 -9999 -9999 -9999 -9999 -9999 -9999 -9999 -9999 -9999 -9999 -9999 -9999 -9999 -9999 -9999 -9999 -9999 -9999 -9999 -9999 -9999 -9999 12.759296564145 6.98489332944155 6.05237356957514 6.54052552077919 6.41293831425719 5.98011718364432 7.07525863591582 6.51513717276976 6.27057709731162 7.08529922552407 7.02146976301447 7.08314767060801 6.67435223655775 6.90026550274342
8.476996663725 8.4092226838693 8.40976057259832 8.33678700169548 8.11589403031394 6.80487990146503 6.87516402872279 6.92698064295109 7.241824845667 5.81731619499624 5.50175480730832 5.69826348964125 6.05829034559429 6.02027954207733 7.52675048196688 -9999 -9999 -9999 -9999 -9999 -9999 -9999 -9999 -9999 -9999 -9999 -9999 -9999 -9999 -9999 -9999 -9999 -9999 -9999 -9999 -9999 -9999 -9999 -9999 -9999 -9999 -9999 -9999 -9999 -9999 -9999 -9999 -9999 -9999 11.7474031672254 6.18792152928654 6.27739035454579 6.80502333845943 6.62000555312261 6.56534012081102 6.39572587492876 7.06521804630756 6.62486647348851 6.82567826565355 6.7998596066609 7.02792442776263 6.81778923096135
8.71617785189301 8.74432736204471 7.39010283863172 8.51823479961604 8.31831948866602 7.89267020777334 7.32914211601019 7.38902706117369 7.4252449022606 7.27302239194978 5.2342448127456 6.41401409171522 5.32030700938776 7.11413006139919 15.8517179980246 14.0646798053524 -9999 -9999 -9999 -9999 -9999 -9999 -9999 -9999 -9999 -9999 -9999 -9999 -9999 -9999 -9999 -9999 -9999 -9999 -9999 -9999 -9999 -9999 -9999 -9999 -9999 -9999 -9999 -9999 -9999 -9999 5.15083426216215 12.2339470046422 13.4349996997043 -9999 11.5949583295733 8.83566086823121 7.35460218251683 6.77906124247238 5.85819573840126 6.66984421673364 7.19383321795613 6.68754844004288 6.98632769938558 6.83141574542969 6.88807335821912 6.84934536973014
7.8196966368705 8.67296745732892 7.67482527252287 8.53329568402842 8.14547791040968 6.70519119035453 7.04710912576411 7.27650073906407 7.66101946181152 7.52672657580115 6.63935360992327 6.62988676829264 6.29442349763121 6.11121859652922 14.5888122927638 -9999 -9999 -9999 -9999 -9999 -9999 -9999 -9999 -9999 -9999 -9999 -9999 -9999 -9999 -9999 -9999 -9999 -9999 -9999 -9999 -9999 -9999 -9999 -9999 -9999 -9999 -9999 -9999 -9999 -9999 -9999 -9999 -9999 11.9743491797708 8.19085545086747 7.2620136026293 7.37482128192026 7.67769401241094 6.47891933168285 5.69348225649446 6.83643604023382 5.45226904423907 6.77404094766825 6.85580003447831 6.89739676285535 6.79340494191274 6.68726156605408
8.75042343430687 7.30475782696158 8.32172611728311 7.99522765877191 8.03090761112981 6.88377024838701 7.96385081624612 7.71552551968489 7.03007598267868 6.81492049107328 6.76686909794807 5.30309457005933 5.26508376654238 15.5669752369431 11.024999753572 -9999 -9999 -9999 -9999 -9999 -9999 -9999 -9999 -9999 -9999 -9999 -9999 -9999 -9999 -9999 -9999 -9999 -9999 -9999 -9999 -9999 -9999 -9999 -9999 -9999 -9999 -9999 -9999 -9999 -9999 -9999 -9999 -9999 -9999 -9999 10.0536936730413 7.73568354014839 6.42387538508046 6.54005935054738 5.62618639995344 6.34034894958937 6.33450901481722 6.16132591990754 6.75252539850771 6.2899410915561 6.36596269859001 6.67506942152977
8.61397899338044 8.476817367482 8.14278846676461 7.69490645173937 7.93193608499132 8.02732168626972 7.30475782696158 7.25885798875242 6.72742392448708 6.83643604023382 5.92489394079894 4.46255378285423 6.76471754303202 6.81391643211246 15.8993232353823 -9999 -9999 -9999 -9999 -9999 -9999 -9999 -9999 -9999 -9999 -9999 -9999 -9999 -9999 -9999 -9999 -9999 -9999 -9999 -9999 -9999 -9999 -9999 -9999 -9999 -9999 -9999 -9999 -9999 -9999 -9999 -9999 -9999 -9999 -9999 -9999 7.88999982364476 8.14275340703217 11.8979833239503 5.64124728436582 4.16540014278144 6.18465833766386 6.3457790643775 5.94186731847003 6.40182194719091 6.3896298026666 6.35592210898176
