EcologicalScience/Bass/data/rs_data_bass/sst_447.asc
NCOLS 226 
NROWS 124 
XLLCORNER -9.41648524995501 
YLLCORNER 47.587301625531 
CELLSIZE 0.0833 
NODATA_value -9999 
[rows 81 to 107 of 124, columns 62 to 123 of 226]
11.7727493695501 -9999 -9999 -9999 -9999 -9999 -9999 -9999 -9999 -9999 -9999 -9999 -9999 -9999 -9999 -9999 -9999 -9999 -9999 -9999 -9999 -9999 -9999 -9999 -9999 -9999 -9999 -9999 -9999 -9999 -9999 -9999 -9999 -9999 -9999 -9999 -9999 -9999 -9999 -9999 -9999 -9999 -9999 -9999 -9999 -9999 -9999 -9999 -9999 -9999 -9999 -9999 -9999 -9999 -9999 -9999 -9999 -9999 -9999 -9999 -9999 -9999
14.8573796306316 -9999 -9999 -9999 -9999 -9999 -9999 -9999 -9999 -9999 -9999 -9999 -9999 -9999 -9999 -9999 -9999 -9999 -9999 -9999 -9999 -9999 -9999 -9999 -9999 -9999 -9999 -9999 -9999 -9999 -9999 -9999 -9999 -9999 -9999 -9999 -9999 -9999 -9999 -9999 -9999 -9999 -9999 -9999 -9999 -9999 -9999 -9999 -9999 -9999 -9999 -9999 -9999 -9999 -9999 -9999 -9999 -9999 -9999 -9999 -9999 -9999
-9999 -9999 -9999 -9999 -9999 -9999 -9999 -9999 -9999 -9999 -9999 -9999 -9999 -9999 -9999 -9999 -9999 -9999 -9999 -9999 -9999 -9999 -9999 -9999 -9999 -9999 -9999 -9999 -9999 -9999 -9999 -9999 -9999 -9999 -9999 -9999 -9999 -9999 -9999 -9999 -9999 -9999 -9999 -9999 -9999 -9999 -9999 -9999 -9999 -9999 -9999 -9999 -9999 -9999 -9999 -9999 -9999 -9999 -9999 -9999 14.7917756827807 -9999
-9999 -9999 -9999 -9999 -9999 -9999 -9999 -9999 -9999 -9999 -9999 -9999 -9999 -9999 -9999 -9999 -9999 -9999 -9999 -9999 -9999 -9999 -9999 -9999 -9999 -9999 -9999 -9999 -9999 -9999 -9999 -9999 -9999 11.3199997469783 11.209999749437 11.1449997508898 -9999 -9999 -9999 -9999 -9999 -9999 -9999 -9999 -9999 -9999 -9999 -9999 -9999 -9999 -9999 -9999 -9999 -9999 -9999 -9999 17.2699996139854 16.554944397416 18.2533036097884 16.7852259720676 17.7749412334524 17.6623431928456
-9999 -9999 -9999 -9999 -9999 -9999 -9999 -9999 -9999 -9999 -9999 -9999 -9999 -9999 -9999 -9999 -9999 -9999 -9999 -9999 -9999 -9999 -9999 -9999 -9999 -9999 -9999 -9999 -9999 -9999 -9999 -9999 18.6599995829165 18.6473590053348 18.843833715748 18.8951841597445 18.9414425904397 18.8600420961156 18.4146702284925 18.0866776346229 20.8804887689517 23.7149994699284 17.5397045626305 19.6998656983487 19.6747642243281 19.0701772929169 19.0902584721334 18.9884182061069 18.4239936331287 18.7890407838859 18.3300424017943 18.2949003381655 15.7690300347928 -9999 17.1122623193078 18.7976470035501 18.4985808702186 17.3898129034787 17.4464705162682 18.1665242281742 18.0603808523156 18.0625324072316
-9999 -9999 -9999 -9999 -9999 -9999 -9999 -9999 -9999 -9999 -9999 -9999 17.4534374559963 16.8988101420109 17.7146976958029 17.719717990607 17.6967680715024 17.6601916379295 18.155049268622 -9999 -9999 -9999 -9999 -9999 -9999 11.894999734126 9.5485199331243 18.6000625437591 19.6152378716506 19.1899471832439 19.2272408017889 19.6546830451116 17.9452726643067 19.7651295308024 14.1849996829405 13.3965138600452 17.9298531874083 18.7739798994735 18.6821802230552 18.7589190150611 18.0704214419238 18.4591356967576 18.0044404244982 19.3391216574237 19.1002990617417 18.5451978933997 18.5401775985956 18.3673360203393 17.6917477766983 18.1292306096293 18.2841425635852 18.2984862630256 18.2726676040329 18.3859828296117 17.5949278054759 18.117755650077 17.7161320657469 17.7362132449634 17.3080538166687 17.6236152043566 18.236808355432 17.9714499157853
-9999 -9999 -9999 -9999 -9999 -9999 -9999 -9999 -9999 17.3251786000561 18.2848597485572 18.1701101530343 17.9793389504775 17.7068086611107 17.8459425456822 18.2432630201802 17.6035340251401 17.8846705341712 17.7649006438442 17.0312204174697 17.0363431672699 16.1936787674204 18.2396770953201 18.1923428871669 18.1600695634261 17.4448927093297 -9999 18.5412533760536 19.271706270054 18.6678365236148 19.1103396513499 18.436902962625 18.6821802230552 17.7469710195437 15.6941669573291 11.4849997432902 13.6568183511921 17.9649952510372 18.6821802230552 18.5344401188195 18.5602587778121 18.15791800851 17.2305978396907 18.0897854361683 17.9700155458413 17.8222754416056 17.6874446668662 18.0718558118679 17.8717612046748 17.6501510483213 18.1105838003568 18.2647785693407 17.9649952510372 17.6365245338529 17.5260780481622 17.4127628225833 17.8201238866895 17.4027222329751 17.4156315624714 17.3747520190664 17.8882564590313 17.8947111237794
-9999 -9999 -9999 -9999 -9999 -9999 -9999 -9999 15.2975269938182 18.316415887326 18.1909085172229 18.2554551647045 18.3128299624659 16.6252937233075 16.8153477408923 17.3862269786187 17.719000805635 17.6157261696644 17.3137912964448 17.2614367934875 18.0187841239385 17.601023877738 17.3324381057173 18.4921262054704 18.3235877370462 18.2884456734173 17.9033173434436 18.2984862630256 18.1500289738178 18.2475661300123 18.3687703902833 18.3078096676618 18.3788109798916 18.3049409277737 18.0474715228193 18.1407055691816 18.7273628762923 18.715170731768 18.4017608989961 18.0646839621477 17.8538315803744 17.7096774009988 17.6594744529575 17.7964567826129 17.7505569444038 17.5117343487218 17.640827643685 17.400570678059 17.6171605396084 17.5963621754199 17.4134800075553 17.28008360276 17.1022217296995 16.8863490531221 17.1875667413697 17.3245490710251 17.3754692040384 17.0685140360147 17.4091768977232 17.75988034904 17.5805841060355 17.3661457994021
-9999 -9999 -9999 -9999 -9999 -9999 -9999 -9999 17.9348734822124 18.1249274997972 18.3372142515145 18.2805566387251 19.1461988999508 19.5384990796447 19.3642231314443 19.0379039691761 18.0625324072316 17.7792443432845 17.1158482441679 17.5913418806158 17.8545487653464 17.9248328926042 17.3310037357733 17.5224921233021 17.8574175052345 18.0094607193023 17.997268574778 18.0575121124275 17.9908139100298 18.0797448465601 18.1464430489577 17.6315042390488 17.7333445050754 18.2117068814114 18.2597582745366 17.7161320657469 18.0238044187427 18.4720450262539 17.9664296209812 17.9226813376881 17.8624378000386 16.3864711276256 17.640110458713 17.7778099733405 17.716849250719 17.7498397594318 17.6523026032373 17.559068556875 17.4335611867718 17.2972960420884 17.2241431749426 17.4285408919677 17.1560106026009 16.7407605038024 16.1218298729509 17.0262001226656 16.9336832612753 17.2219916200265 17.1517074927688 17.1904354812577 17.4106112676673 17.5734122563154
13.1297341696918 9.40499978978187 -9999 -9999 -9999 -9999 -9999 -9999 16.0135654606856 17.840205065906 19.0249946396798 18.0940885460004 18.7180394716561 18.7919095237739 17.8624378000386 16.8935209028423 17.718283620663 17.6659291177057 18.1098666153848 17.8710440197028 16.7056184401736 17.7519913143478 14.1036713616922 16.6066469140351 17.4844813197851 17.7433850946836 17.8445081757382 17.4758751001209 17.3625598745421 17.7089602160268 17.8581346902065 17.5267952331342 17.7943052276969 17.480178209953 17.7892849328928 17.719000805635 17.9463484417647 17.8602862451226 17.4959562793374 17.2650227183476 17.4163487474434 16.1935483701527 15.8213293696754 17.2241431749426 17.4579454758205 17.438581481576 17.6279183141887 17.6157261696644 17.4041566029191 17.3044678918086 17.1007873597555 17.2607196085155 16.9853205792606 16.6403546077199 16.8296914403327 16.7436292436905 17.1560106026009 17.3281349958852 17.2435071691871 17.5275124181062 17.7864161930047 17.9212469677441
17.5052796839736 17.2363353194669 17.1509903077967 17.0914639551193 16.2924402090721 -9999 16.1899624452926 17.3353068456054 17.559068556875 17.7103945859708 17.6315042390488 18.5624103327282 18.0833307714202 17.0161595330574 16.7314370991662 16.7135074748658 17.8703268347308 16.9430066659115 17.9499343666248 17.8717612046748 17.399853493087 16.8526413594373 13.1297341696918 14.4192327493802 17.1144138742238 16.8784600184299 17.0297860475257 16.9953611688688 17.1502731228247 16.564333000686 17.1316263135523 17.2105166604742 16.5836969949305 17.0132907931693 17.5081484238617 17.6020996551961 17.4823297648691 17.4737235452048 17.6982024414465 16.6711935615167 16.7149418448098 16.0192724219523 15.9454023698345 17.4070253428072 16.9372691861354 17.5045624990016 17.6099886898883 17.6279183141887 17.3862269786187 17.2592852385715 17.1552934176289 17.2384868743829 16.7450636136346 16.6633045268245 16.6367686828598 16.6690420066006 17.2478102790192 17.3109225565568 17.399136308115 17.59994810028 17.9700155458413 18.15791800851
17.9477828117087 17.4565111058764 17.6107058748603 16.9910580590367 17.3948331982829 17.3453474352136 17.7749412334524 17.5160374585539 17.5970793603919 17.6214636494406 17.0993529898115 17.2470930940472 17.8222754416056 16.8131961859763 16.9344004462473 16.6654560817406 16.7271339893341 17.0290688625537 17.3295693658292 17.2721945680678 15.649204976391 15.8693807628006 16.6252937233075 15.4254432651214 15.7854701210745 16.6403546077199 16.8103274460882 16.7888118969277 16.7156590297818 16.7586901281029 16.6475264574401 16.96021910524 17.1409497181885 17.1832636315376 17.201193255838 17.2234259899706 17.4314096318558 17.3381755854934 15.566011519637 16.841166399885 17.20191044081 17.4658345105127 17.3360240305774 17.4708548053168 17.5246436782181 16.6941434806213 17.1940214061178 17.4751579151489 17.2442243541591 17.0089876833372 17.0792718105949 17.3388927704655 16.7672963477671 16.7708822726272 16.8268227004446 16.7687307177112 16.962370660156 17.7770927883685 17.520340568386 17.6601916379295 18.0625324072316 18.1679585981183
17.5640888516791 17.401287863031 17.2255775448866 17.5927762505598 17.5153202735819 17.5346842678264 17.6666463026777 17.2133854003623 17.1452528280206 17.5117343487218 17.1545762326568 17.2033448107541 17.1459700129926 17.3381755854934 16.6324655730277 17.7448194646277 16.9128848970868 16.2595293875784 14.135227500461 13.932981338352 14.1180150611326 15.4318979298696 16.2150639193133 13.8856471301988 16.6518295672722 16.7500839084387 16.9365520011634 16.9049958623946 16.5686361105181 16.841166399885 16.7794884922914 17.0254829376936 17.079988995567 16.9939267989248 16.7931150067598 16.9257942265831 17.082857735455 16.8727225386538 16.8935209028423 16.7895290818997 16.4797051739879 16.8339945501648 17.3783379439265 17.0857264753431 17.2535477587953 17.2062135506421 17.6250495743006 17.2499618339352 17.3847926086746 17.2327493946068 17.2922757472843 17.2148197703063 17.1832636315376 17.4357127416879 17.4507736261003 17.3503677300178 18.1242103148252 18.1808679276146 18.2074037715793 18.4648731765337 18.3271736619063 18.6140476507135
17.2965788571164 17.3345896606334 17.119434169028 16.6288796481676 17.1323434985243 17.3310037357733 17.5088656088337 17.3769035739824 17.0348063423298 17.5389873776585 17.2255775448866 17.0226141978055 16.8354289201088 16.9487441456877 16.5535752261057 16.5765251452103 16.6726279314607 16.7357402089983 15.6807611151598 15.8593401731923 16.1139408382587 15.8586229882203 15.8636432830244 14.9843745073304 15.6054566930979 16.6898403707892 16.8103274460882 16.8913693479262 17.0362407122739 16.9795830994844 17.0075533133931 17.0326547874138 17.239921244327 17.2377696894109 17.1925870361738 17.1488387528807 16.96021910524 16.8562272842973 16.764427607879 17.239204059355 17.0075533133931 17.3367412155494 17.6264839442447 17.5038453140296 17.7821130831726 17.83805351099 17.8925595688634 17.6142917997204 17.3661457994021 17.5741294412874 17.6336557939649 17.6135746147484 17.5726950713433 17.7914364878088 17.6436963835731 17.5920590655878 18.1543320836499 18.274819158949 18.912396599073 18.4957121303305 18.7194738416001 18.9991759806871
17.478743840009 17.6035340251401 17.2922757472843 16.882763128262 17.080706180539 17.1459700129926 17.120868538972 17.2578508686274 17.3051850767806 17.3001647819765 17.3094881866127 16.9300973364152 16.523453457281 16.4983519832604 16.2000030349009 16.5700704804622 16.643223347608 16.4990691682324 15.4670399934985 15.4311807448976 16.3197729252279 16.2753074569628 16.1985686649568 16.3936429773457 16.5299081220292 16.6805169661529 16.7285683592781 16.7995696715079 17.1287575736642 17.0964842499234 17.1366466083564 17.1129795042798 17.1581621575169 17.5310983429663 17.5160374585539 17.4672688804567 17.2564164986834 16.9451582208276 16.6353343129158 16.8899349779822 17.8251441814937 18.3458204711787 17.7046571061946 18.0151981990784 17.9492171816528 17.6953337015584 17.9427625169046 17.320245961193 17.5834528459236 17.7512741293758 17.8237098115496 17.9642780660652 17.918378227856 18.0919369910844 18.0022888695821 18.4992980551906 19.0708944778889 19.0457930038683 19.0680257380009 19.0945615819655 19.1669972641394 19.2939390041865
17.9083376382478 17.280800787732 17.0627765562385 16.9300973364152 17.0979186198674 17.160313712433 17.2478102790192 17.2219916200265 17.4220862272196 17.360408319626 17.4156315624714 16.6934262956493 17.6193120945245 16.5449690064415 16.4875942086801 16.5915860296227 16.5005035381764 16.5772423301823 15.6958219995722 15.5990020283498 16.2803277517669 16.5743735902943 16.3929257923737 16.3319650697522 16.4775536190718 17.0305032324977 16.9838862093166 16.7837916021235 16.9903408740647 17.0513015966862 17.0921811400913 17.2564164986834 17.4930875394493 17.560502926819 17.7247382854111 17.6479994934052 17.559785741847 17.3890957185067 17.5368358227424 16.8985411976464 16.724265249446 17.399136308115 17.8968626786955 17.8509628404863 17.6759697073139 17.3711660942063 17.4213690422475 17.3281349958852 17.7261726553552 17.8703268347308 18.0797448465601 18.2482833149843 18.2834253786132 18.55595566798 18.9009216395207 19.192815923132 19.5428021894768 19.2085939925164 19.8848994211294 19.9143040049821 19.8827478662133 19.4201635592617
17.2872554524802 16.9451582208276 17.0039673885331 17.0046845735051 17.1423840881325 17.4120456376113 17.51818901347 17.5769981811754 17.3726004641503 17.6465651234612 17.3525192849338 16.8598132091574 16.5772423301823 16.6174046886154 16.5048066480085 16.5313424919732 16.6224249834195 16.4897457635961 15.9887920606416 16.1457360386848 16.7500839084387 16.2021545898169 15.9776756935753 16.5535752261057 16.6955778505653 17.1431012731045 17.1093935794197 17.081423365511 17.1409497181885 17.2176885101944 17.1373637933284 17.4206518572755 17.8430738057941 17.957823401317 17.9140751180239 17.9284188174643 17.6436963835731 17.6745353373699 17.5009765741415 16.8877834230661 16.9422894809395 17.6085543199442 17.6594744529575 17.8990142336115 17.3948331982829 17.83805351099 17.7849818230607 18.1701101530343 18.0273903436027 18.1485946038738 18.3393658064306 18.5315713789314 18.6190679455176 19.0701772929169 19.3878902355209 19.510528865736 18.5373088587075 17.6499996054918 -9999 -9999 -9999 -9999
17.4242377821356 17.121585723944 17.3704489092343 17.2836695276201 17.3087710016407 17.5526138921268 17.5891903256997 17.5554826320149 17.4027222329751 17.5332498978823 17.3446302502416 17.520340568386 17.1438184580766 16.605212544091 16.6898403707892 17.3790551288985 18.0037232395262 16.6317483880557 16.7371745789424 16.3950773472898 16.4897457635961 16.3714102432132 16.2638324974105 16.6195562435314 17.1144138742238 17.3331552906893 17.2571336836554 17.2922757472843 16.7511596858967 17.6566057130694 17.6049683950841 17.6702322275378 17.9312875573523 18.196645996999 18.2317880606279 18.3393658064306 17.7161320657469 17.5547654470429 17.4113284526393 17.7233039154671 17.0276344926096 17.8064973722212 18.3364970665425 18.1765648177825 18.4204077082686 18.555238483008 18.355143875815 18.3931546793319 18.4569841418415 18.4648731765337 18.8227484775707 18.8851435701363 18.9669026569463 18.2757754055783 18.952368683942 18.9549995763227 -9999 -9999 -9999 -9999 -9999 -9999
17.0082704983652 16.8999755675904 17.0348063423298 17.1416669031605 17.4593798457645 17.6444135685451 17.520340568386 17.6580400830135 17.6544541581534 17.560502926819 17.4586626607925 17.5339670828544 17.4034394179471 17.2277290998027 17.5856044008397 17.5726950713433 17.5102999787778 17.3302865508012 17.2169713252224 17.001098648645 16.9150364520028 17.043412561994 17.120151354 17.4091768977232 17.0269173076376 17.4084597127512 17.5561998169869 17.4909359845333 17.0747296391055 16.4499996323138 13.8049996914342 12.5872554568574 15.3649996565655 -9999 -9999 17.8699996005744 18.5724509223364 17.8832361642271 17.8624378000386 16.6884060008451 16.9114505271427 18.1901913322508 18.4526810320094 18.9116794141009 19.3577684666961 19.074480402749 18.63412882993 18.6800286681391 18.9109622291289 18.873668610584 19.0630054431967 19.231543911621 19.3147373683751 -9999 -9999 -9999 -9999 -9999 -9999 -9999 -9999 -9999
17.4522079960443 16.9752799896523 17.0190282729454 17.082857735455 17.3769035739824 17.1560106026009 17.0720999608748 17.4349955567159 17.6458479384892 17.6458479384892 17.5368358227424 17.5863215858117 17.4758751001209 17.4306924468838 17.6221808344126 17.5490279672667 17.4687032504007 17.3173772213049 17.0340891573578 17.0979186198674 18.2253333958797 18.1342509044334 17.7856990080327 17.59994810028 17.519623383414 17.4988250192255 17.0778374406509 17.2442243541591 17.2234259899706 -9999 -9999 -9999 -9999 -9999 16.3799996338785 19.4976195362397 18.9740745066665 18.8607592810877 18.3924374943599 18.1693929680623 18.2633441993967 18.4096499336883 18.4175389683805 19.4761039870791 19.7923825597391 19.512680420652 19.0206915298477 19.0450758188963 19.2193517670967 19.35203098692 19.5879848427139 19.3384044724517 17.9947584273759 -9999 -9999 -9999 -9999 -9999 -9999 -9999 -9999 -9999
17.0642109261826 17.1187169840559 17.0154423480853 17.0835749204271 16.9803002844565 17.4830469498411 17.719717990607 17.8057801872492 17.7627490889281 17.6035340251401 17.5239264932461 17.7957395976409 18.2870113034733 17.7283242102712 17.8660237248987 17.800042707473 17.441450221464 17.1868495563976 17.1868495563976 16.522377679823 16.3603451036449 17.3302865508012 17.719717990607 17.7770927883685 17.6078371349722 17.3159428513609 17.2356181344949 17.2908413773403 17.878215869423 16.369999634102 -9999 -9999 -9999 -9999 -9999 16.20499963779 19.4352244436741 19.3226264030673 18.0259559736587 18.5695821824484 18.3078096676618 18.6922208126634 19.0271461945958 19.071611662861 19.1354411253706 19.4395275535062 19.6202581664547 19.5442365594208 19.5628833686933 20.0010833865963 20.1057923925109 19.869121351745 19.3850214956328 14.0401693097134 14.0349996862933 -9999 -9999 -9999 -9999 -9999 -9999 -9999
16.9975127237849 16.8791772034019 17.0670796660706 16.8913693479262 16.8504898045212 17.1445356430486 17.2729117530398 17.0792718105949 17.2958616721444 17.6580400830135 17.6358073488809 17.6580400830135 17.99798575975 18.0424512280151 17.3948331982829 17.6501510483213 17.4923703544773 17.1172826141119 17.4314096318558 17.6845759269781 17.4751579151489 17.6451307535172 17.7534256842919 17.7491225744598 17.7290413952433 17.9822076903656 18.1880397773348 18.3666188353673 18.4648731765337 18.8234656625427 18.4992421896493 24.7149994475767 -9999 -9999 -9999 -9999 17.997806463507 17.8242477002786 18.4588488227688 18.7672383607365 19.1583910444751 19.4373759985901 19.5227210102603 19.6001769872382 19.5614489987493 19.6754814093001 19.8368480280042 19.7020172532648 19.7995544094592 20.3173619592562 20.2994323349558 19.8870509760454 18.7539883683785 9.86999977938831 -9999 -9999 -9999 -9999 -9999 -9999 -9999 -9999
16.6460920874961 16.4954832433723 16.5550095960498 16.7292855442502 16.8633991340175 17.0749687007628 17.3812066838145 17.8308816612698 17.5805841060355 17.7749412334524 18.1930600721389 17.759163164068 18.6864833328873 17.9377422221005 17.9664296209812 17.6214636494406 17.9305703723803 18.1478774189018 18.2102725114673 19.1167943160981 18.7833033041097 17.3094881866127 18.7187566566281 19.231543911621 19.3477278770879 19.0163884200156 19.0221258997917 19.1318552005105 19.1741691138595 19.2085939925164 18.0670238247888 -9999 -9999 -9999 -9999 -9999 -9999 -9999 -9999 -9999 -9999 -9999 -9999 -9999 -9999 -9999 19.7149265827611 20.1129642422311 20.2800683407113 21.1198919429444 20.3722575990897 20.5299995411187 -9999 -9999 -9999 -9999 -9999 -9999 -9999 -9999 -9999 -9999
16.3491775090806 16.7256996193901 17.0118564232253 16.7902462668717 17.4371471116319 17.5418561175466 18.1335337194614 18.5050355349667 18.0187841239385 18.2260505808517 17.8581346902065 17.5798669210635 17.5497451522388 17.7304757651873 17.8624378000386 18.0589464823715 17.9384594070725 17.6881618518382 18.2741019739769 19.0565507784486 18.3867000145838 18.5738852922805 17.6881618518382 18.2346568005159 14.4525101320818 16.4349996326491 18.6381450657733 18.9095278591849 19.2186345821247 19.2093111774884 19.8199941811617 18.0369801340719 19.3231479921378 -9999 -9999 -9999 -9999 -9999 -9999 -9999 -9999 -9999 -9999 -9999 -9999 -9999 -9999 -9999 -9999 -9999 -9999 -9999 -9999 -9999 -9999 -9999 -9999 -9999 -9999 -9999 -9999 -9999
16.9803002844565 16.4797051739879 16.6970122205094 16.4187444513664 16.2932370812632 16.3893398675136 17.5138859036379 18.8076875931583 18.8485671365634 18.7718283445574 18.6484725293703 19.0077822003514 18.6620990438387 18.0854823263362 18.1794335576706 18.0596636673436 17.9793389504775 18.0331278233789 18.2231818409637 18.7746970844455 18.6111789108254 18.5301370089874 18.2626270144247 17.9807733204216 18.4992980551906 18.5007324251346 19.035035229288 18.7409893907607 19.0214087148197 19.1397442352027 19.1763206687756 19.9300820743665 -9999 -9999 -9999 -9999 -9999 -9999 -9999 -9999 -9999 -9999 -9999 -9999 -9999 -9999 -9999 -9999 -9999 -9999 -9999 -9999 -9999 -9999 -9999 -9999 -9999 -9999 -9999 -9999 -9999 -9999
16.3011261159554 16.4667958444916 16.5772423301823 16.5413830815814 16.3957945322618 16.3599352836609 18.4039124539122 18.4641559915617 18.9676198419183 18.6520584542304 19.0802178825252 18.554521298036 18.4239936331287 18.3350626965985 18.357295430731 18.593249286525 18.4175389683805 18.8421124718152 18.8098391480744 18.4584185117856 18.8055360382423 19.1311380155385 19.1569566745311 19.0450758188963 19.2674031602219 19.2917874492705 19.4395275535062 19.4517196980305 19.3592028366402 19.469649322331 20.0326395253651 19.631733126007 23.6702472389942 -9999 -9999 -9999 -9999 -9999 -9999 -9999 -9999 -9999 -9999 -9999 -9999 -9999 -9999 -9999 -9999 -9999 -9999 -9999 -9999 -9999 -9999 -9999 -9999 -9999 -9999 -9999 -9999 -9999
16.5672017405741 16.7170933997259 16.9179051918909 17.0713827759027 16.9092989722267 16.5686361105181 16.5614642607979 18.355143875815 17.9700155458413 18.5200964193791 18.5122073846869 18.6606646738946 18.6456037894823 18.9303262233734 19.0292977495119 18.9769432465546 18.8908810499124 18.5810571420006 18.7840204890817 18.6248054252937 18.9712057667784 18.7517471653409 19.2552110156976 19.0414898940362 19.3584856516682 19.271706270054 18.9640339170583 19.8332621031441 19.9121524500661 19.8203527736478 19.9853053172119 18.808978526108 13.6915531847893 -9999 -9999 -9999 -9999 -9999 -9999 -9999 -9999 -9999 -9999 -9999 -9999 -9999 -9999 -9999 -9999 -9999 -9999 -9999 -9999 -9999 -9999 -9999 -9999 -9999 -9999 -9999 -9999 -9999
