EcologicalScience/Bass/data/rs_data_bass/sst_547.asc
NCOLS 226 
NROWS 124 
XLLCORNER -9.41648524995501 
YLLCORNER 47.587301625531 
CELLSIZE 0.0833 
NODATA_value -9999 
[rows 0 to 26 of 124, columns 0 to 61 of 226]
-9999.000000000000000 -9999 -9999 -9999 -9999 -9999 -9999 -9999 -9999 -9999 -9999 -9999 -9999 -9999 -9999 -9999 -9999 -9999 -9999 -9999 -9999 -9999 -9999 -9999 -9999 -9999 -9999 -9999 -9999 -9999 -9999 -9999 -9999 -9999 -9999 -9999 -9999 -9999 -9999 -9999 -9999 -9999 -9999 -9999 -9999 -9999 -9999 -9999 -9999 -9999 -9999 -9999 -9999 -9999 -9999 -9999 -9999 -9999 -9999 -9999 -9999 -9999
-9999 -9999 -9999 -9999 -9999 -9999 -9999 -9999 -9999 -9999 -9999 -9999 -9999 -9999 -9999 -9999 -9999 -9999 -9999 -9999 -9999 -9999 -9999 -9999 -9999 -9999 -9999 -9999 -9999 -9999 -9999 -9999 -9999 -9999 -9999 -9999 -9999 -9999 -9999 -9999 -9999 -9999 -9999 -9999 -9999 -9999 -9999 -9999 -9999 -9999 -9999 -9999 -9999 -9999 -9999 -9999 -9999 -9999 -9999 -9999 -9999 -9999
-9999 -9999 -9999 -9999 -9999 -9999 -9999 -9999 -9999 -9999 -9999 -9999 -9999 -9999 -9999 -9999 -9999 -9999 -9999 -9999 -9999 -9999 -9999 -9999 -9999 -9999 -9999 -9999 -9999 -9999 -9999 -9999 -9999 -9999 -9999 -9999 -9999 -9999 -9999 -9999 -9999 -9999 -9999 -9999 -9999 -9999 -9999 -9999 -9999 -9999 -9999 -9999 -9999 -9999 -9999 -9999 -9999 -9999 -9999 -9999 -9999 -9999
-9999 -9999 -9999 -9999 -9999 -9999 -9999 -9999 -9999 -9999 -9999 -9999 -9999 -9999 -9999 -9999 -9999 -9999 -9999 -9999 -9999 -9999 -9999 -9999 -9999 -9999 -9999 -9999 -9999 -9999 -9999 -9999 -9999 -9999 -9999 -9999 -9999 -9999 -9999 -9999 -9999 -9999 -9999 -9999 -9999 -9999 -9999 -9999 -9999 -9999 -9999 -9999 -9999 -9999 -9999 -9999 -9999 -9999 -9999 -9999 -9999 -9999
-9999 -9999 -9999 -9999 -9999 -9999 -9999 -9999 -9999 -9999 -9999 -9999 -9999 -9999 -9999 -9999 -9999 -9999 -9999 -9999 -9999 -9999 -9999 -9999 -9999 -9999 -9999 -9999 -9999 -9999 -9999 -9999 -9999 -9999 -9999 -9999 -9999 -9999 -9999 -9999 -9999 -9999 -9999 -9999 -9999 -9999 -9999 -9999 -9999 -9999 -9999 -9999 -9999 -9999 -9999 -9999 -9999 -9999 -9999 -9999 -9999 -9999
-9999 -9999 -9999 -9999 -9999 11.7477187286131 11.8710745438002 11.8839838732965 11.9219946768135 11.5099997427315 11.7599108731374 11.8352152951993 11.8983275727369 11.5648365607485 12.0353099023923 12.3691595068667 11.1299997512251 12.0647144862451 12.419721047394 12.339037738042 12.1476210690103 10.6749997613952 10.6649997616187 11.0199997536838 11.4249997446314 11.0549997529015 10.5614492493416 12.419721047394 12.4003570531495 12.4290444520302 12.4096804577857 10.7649997593835 7.08999984152615 -9999 12.3249997245148 -9999 -9999 12.2299997266382 -9999 12.4699997212738 12.3601946947165 11.7149997381493 11.0849997522309 -9999 -9999 -9999 -9999 -9999 -9999 -9999 -9999 -9999 -9999 -9999 -9999 -9999 -9999 -9999 -9999 -9999 -9999 -9999
-9999 -9999 -9999 -9999 -9999 11.9202017143834 12.0073396884836 11.7950529367663 12.0847956654616 12.0647144862451 12.0252693127841 12.0496536018327 11.9607226653025 12.4719560195226 11.7900326419622 12.4686091563199 12.4195776103996 10.8449997575954 11.0349997533485 12.2648090934381 11.5698568555526 11.7556077633053 11.7398296939209 11.3113116731402 13.2649997035041 12.5749997189268 12.3150120414793 12.3157292264514 12.2899105674587 12.3523056600243 12.5473799724132 12.1385845383629 11.2749997479841 13.4149997001514 12.2749997256324 11.0499997530133 12.0099997315556 -9999 -9999 10.4799997657537 10.8499997574836 12.1678456852213 11.8012685398571 9.70499978307635 12.4049997227266 12.4049997227266 -9999 -9999 -9999 -9999 -9999 -9999 -9999 -9999 -9999 -9999 -9999 -9999 -9999 -9999 -9999 -9999
-9999 -9999 -9999 -9999 -9999 12.0403301971965 12.1799422050826 11.941717263544 12.2450865067076 12.2809457553085 12.2429349517915 11.4899997431785 12.4964598393999 12.5238323991653 11.4465010403655 11.6028473642655 11.9047822374851 12.3099917466752 12.4607201216277 11.0899997521192 12.2179051962681 11.7258445869666 11.6014129943214 11.5802560376469 11.2849997477606 11.8849997343495 12.3114261166193 12.4684896254912 12.5524002672173 12.8399914409965 12.1604586800095 12.5272987931967 12.4649037006311 12.219447143958 11.9935338777723 11.7049997383729 -9999 12.3099997248501 12.0549997305498 -9999 12.5099997203797 12.369999723509 12.0949997296557 11.459999743849 11.2549997484311 -9999 -9999 -9999 -9999 -9999 -9999 -9999 -9999 -9999 -9999 -9999 -9999 -9999 -9999 -9999 -9999 -9999
-9999 -9999 -9999 -9999 -9999 11.5499997418374 11.9306008964777 11.9191259369254 12.4223029132932 11.5949997408316 11.6599997393787 12.3356669686735 12.4481693846174 12.4236655647401 11.7771233124658 12.2547685038298 12.4548631110229 10.5840861115139 12.2879383087857 12.2137096641818 10.9249997558072 11.8814737258945 11.7409054713789 11.5399997420609 13.1149997068569 12.4297616370022 12.4096804577857 12.4125491976738 12.0345927174203 12.740302729886 12.0948362550698 12.2949308622628 11.8861354282126 12.4677724405192 12.0697347810492 12.2836351989536 10.8949997564778 12.8599997125566 -9999 -9999 -9999 -9999 -9999 -9999 -9999 -9999 9.33499979134649 -9999 -9999 -9999 -9999 -9999 -9999 -9999 -9999 -9999 -9999 -9999 -9999 -9999 -9999 -9999
-9999 -9999 -9999 -9999 -9999 9.99814598937519 11.5799997411668 11.5549997417256 11.5699997413903 12.4223507256247 11.2600329476409 11.3152561904863 11.3030640459619 11.344660774339 11.3295998899266 12.3121433015913 11.5749997412786 12.4849848798476 12.2899105674587 12.1077455845661 12.1694234921597 11.9571367404424 11.7348093991168 11.9700460699387 10.504999765195 8.19499981682748 12.4498428162187 12.3451338103041 12.060411376413 12.2059999257326 12.9547410365194 12.4512771861628 12.3135776715353 12.0008850237355 12.1679891222157 12.0102084283717 12.1918355225353 12.2986960833659 12.0417645671405 11.9490684095072 12.6999997161329 13.4199997000396 -9999 12.494999720715 12.5599997192621 12.784999714233 12.0949997296557 -9999 -9999 -9999 -9999 -9999 -9999 -9999 -9999 -9999 -9999 -9999 -9999 -9999 -9999 -9999
-9999 -9999 -9999 -9999 -9999 11.7049997383729 11.744849988725 11.8101138211787 10.6608249035198 12.0249997312203 12.4445834597573 11.3525498090312 11.4084902368486 11.3611560286954 11.2600329476409 11.4551072600298 11.2699997480959 11.6924954857677 12.2282326598652 12.2906277524307 12.2407833968755 11.9786522896029 12.0726035209373 12.0847956654616 11.4699997436255 12.3049714518711 11.3235038176645 11.8968932027929 12.65997801302 12.1342814285308 12.5760673712939 12.5108035388403 12.7252418454736 11.8897213530727 12.7948087877594 11.544755381532 11.7149997381493 10.7981658256613 10.5198980565183 12.061128561385 11.5763115203008 12.5251472382806 11.9047822374851 12.7049997160211 12.7349997153506 12.039999730885 -9999 -9999 -9999 -9999 -9999 -9999 -9999 -9999 -9999 -9999 -9999 -9999 -9999 -9999 -9999 -9999
-9999 -9999 -9999 -9999 -9999 11.9349040063098 12.102725289762 11.8402355900034 11.9664601450786 10.4442350419704 10.6593905335758 11.3224280402064 11.4400463756174 11.4500869652256 11.4880977687426 11.3927121674642 12.2346873246133 11.5519272312522 11.7326578442007 11.6946470406838 12.3272041860037 12.0697347810492 11.2699997480959 11.542603826616 12.3374240718549 11.189999749884 12.7596667241305 12.7051606662571 12.6700186026283 12.1601000875235 12.5696127065457 12.7252418454736 12.220343625173 12.5093691688962 12.7811822732911 12.3254112235736 11.6071504740976 11.7099997382611 10.7501144325361 12.1852015615441 12.6693014176562 12.4498428162187 12.2999997250736 13.0699997078627 -9999 -9999 12.2549997260794 -9999 -9999 -9999 -9999 -9999 -9999 -9999 -9999 -9999 -9999 -9999 -9999 -9999 -9999 -9999
-9999 -9999 -9999 -9999 -9999 11.9944303589873 11.9549851855263 12.0801339631435 12.1669133447576 10.3628345476463 12.2676778333262 11.4515213351697 11.4902493236586 11.6035645492375 11.6021301792935 11.6150395087898 11.5648365607485 11.6451612776145 11.8674886189401 11.902630682569 12.4849848798476 11.8452558848076 11.9865413242951 12.6398968338035 11.8746604686603 12.8012634525076 12.6384624638595 12.6155125447549 12.4462568913586 12.381172355148 12.0324411625043 12.700140371453 12.7202215506695 12.4649037006311 12.6104922499508 12.5151066486724 12.0353099023923 12.0700933735352 12.180898451712 12.7152012558654 12.6434827586636 12.5430768625811 12.4527115561068 12.302819896955 -9999 12.1299997288734 -9999 -9999 -9999 -9999 -9999 -9999 -9999 -9999 -9999 -9999 -9999 -9999 -9999 -9999 -9999 -9999
-9999 -9999 -9999 -9999 -9999 9.67756430688314 11.9499997328967 12.300489045796 12.3594775097445 12.308127065748 12.302461304469 12.3174026580527 11.4450666704215 11.7348093991168 11.665242456831 12.3732833204558 12.3354518131819 11.8603167692199 12.2296670298092 12.3049714518711 11.7262031794526 12.5947141805664 12.5703298915178 12.5939969955944 12.380275873933 12.2651676859241 12.6714529725723 12.5617236718535 12.5552690071054 12.0388958272524 12.5516830822453 12.7065950362012 11.2858516066335 11.6189840261359 11.9750663647428 12.0037537636235 12.3551743999124 12.7227316980716 12.6642811228521 12.6151539522689 12.661412382964 12.5452284174971 12.5299997199327 12.929999710992 11.8749997345731 -9999 -9999 -9999 -9999 -9999 -9999 -9999 -9999 -9999 -9999 -9999 -9999 -9999 -9999 -9999 -9999 -9999
-9999 -9999 -9999 -9999 -9999 12.0926847001538 12.0099997315556 12.0149997314438 11.1201818780974 11.346095144283 11.3102358956821 11.7663655378856 11.823023150675 12.2307428072672 12.3745383941568 12.4988504559733 12.2791527928784 12.2983374908799 11.8452558848076 12.0647144862451 12.3386791455559 12.2296670298092 12.5272987931967 12.5961485505104 12.6427655736916 12.6886654119007 12.5688955215737 12.5122379087843 12.557277125027 12.379558688961 12.6196722175926 12.4659794780891 11.5583818960004 11.9108783097472 12.7238074755296 12.8751335046254 11.1018936613109 11.9926373965573 8.56580806942657 10.5849997634068 10.5849997634068 -9999 -9999 -9999 -9999 -9999 -9999 -9999 -9999 -9999 -9999 -9999 -9999 -9999 -9999 -9999 -9999 -9999 -9999 -9999 -9999 -9999
-9999 -9999 -9999 -9999 -9999 9.70804466819391 12.1697820846457 10.028984943172 10.0336466454901 11.1553239417262 11.3496810691431 10.8498031436466 10.9150669761002 11.2449720632285 12.2895519749727 12.2508239864837 12.2778977191774 12.262657538522 12.1852015615441 12.1780297118239 12.5131343899993 12.260505983606 12.461317775771 12.6786248222925 12.6047547701746 12.6814935621805 12.7044434812851 12.6936857067049 12.6951200766489 12.6153691077605 12.1672719372436 12.0202490179799 12.1371501684189 12.3971297207754 9.40885900403373 12.7324136951938 12.5265816082247 11.1194646931253 11.4693075224757 9.24633122870832 10.4869075478055 10.5249997647479 -9999 -9999 -9999 -9999 -9999 13.2249997043982 13.2249997043982 -9999 -9999 -9999 -9999 -9999 -9999 -9999 -9999 -9999 -9999 -9999 -9999 -9999
-9999 -9999 -9999 -9999 -9999 12.1636860123836 12.1981108910404 12.220343625173 12.2138889604248 12.259788798634 12.2346873246133 11.5246742023155 11.4852290288545 12.2570993549889 12.5914868481923 12.1977522985544 12.262657538522 12.1938077812083 12.4304788219742 12.461317775771 12.3221838911995 12.1134830643423 12.1981108910404 12.4803231775295 12.4849848798476 11.1714606035966 12.422589787282 12.4964598393999 12.5072176139802 11.544755381532 11.6720557140652 12.0145115382038 11.9772179196589 12.8385570710525 12.8277992964722 12.6427655736916 12.6277046892792 12.2749997256324 -9999 -9999 -9999 -9999 -9999 -9999 -9999 -9999 -9999 -9999 -9999 -9999 -9999 -9999 -9999 -9999 -9999 -9999 -9999 -9999 -9999 -9999 -9999 -9999
-9999 -9999 -9999 -9999 -9999 12.0966292174999 11.9849997321144 12.2111636575311 12.1449997285381 12.3601946947165 12.1098971394822 12.2465208766516 12.2311013997532 12.2456243954366 12.6112094349228 12.260685279849 12.3913922409993 12.4250999346841 12.501480134204 11.2758110170253 11.2446134707425 11.0986663289368 12.740302729886 12.8026978224516 12.9346598573029 12.860072620213 12.6248359493911 12.4060945329256 11.9327524513938 12.0099997315556 12.2047448520316 12.5201269434765 12.6406140187755 12.5308847180568 12.3933644996723 11.185087118065 12.7123325159773 12.2800492740935 12.3273834822467 12.8649997124448 11.6199997402728 -9999 -9999 -9999 -9999 -9999 -9999 -9999 -9999 -9999 -9999 -9999 -9999 -9999 -9999 -9999 -9999 -9999 -9999 -9999 -9999 -9999
-9999 -9999 -9999 -9999 -9999 11.1786324533168 12.0596941914409 12.3128604865633 12.3709524692968 12.2120959979948 12.3379619605839 12.4466154838447 11.845399321802 12.0528092157096 12.1349986135028 11.9650257751346 12.2397076194175 12.1199377290905 12.0302896075882 12.5473799724132 11.3607974362094 11.1287880977616 12.4514564824058 12.5839564059861 12.5846735909581 12.6427655736916 12.5229956833646 12.5244300533086 12.57821892621 12.6248359493911 12.3257698160596 12.6707357876003 12.700140371453 12.6277046892792 12.3515884750523 12.8031759457663 12.657826458104 12.700140371453 12.2752082755323 12.6049997182563 -9999 -9999 -9999 13.0149997090921 12.2777184229344 12.2449997263029 -9999 -9999 -9999 -9999 -9999 -9999 -9999 -9999 -9999 -9999 -9999 -9999 -9999 -9999 -9999 -9999
-9999 -9999 -9999 -9999 -9999 11.7240516245365 11.3772926905658 12.0349997309968 12.3601946947165 12.3609118796885 12.3852961687371 12.4240241572261 12.219626440201 11.6934517323971 11.9234290467575 11.9600054803304 12.063997301273 12.0324411625043 11.4594103698619 11.3790856529959 11.6349997399375 11.3077257482801 12.369999723509 11.9868999167811 12.4649997213855 12.659260828048 12.6248359493911 12.6872310419567 12.619098469615 12.5653095967136 12.3860133537091 12.7152012558654 12.6764732673764 12.6398968338035 12.4281479708152 12.0353099023923 12.1999997273088 12.4049997227266 12.6899997163564 12.779747903347 12.8450117358007 12.6537624099292 11.6549997394904 12.7607425015885 12.7637905377196 12.184999727644 13.1249997066334 -9999 -9999 -9999 -9999 -9999 -9999 -9999 -9999 -9999 -9999 -9999 -9999 -9999 -9999 -9999
-9999 -9999 -9999 -9999 -9999 11.7369609540328 10.9792550310958 11.2112643695436 12.140018908307 12.3444166253321 12.3852961687371 11.8297168770805 12.2176183222793 12.015659034159 12.062562931329 12.0801339631435 11.1503036469221 11.3959394998383 12.0998565498739 12.3401135155 12.3225424836855 11.9126712721772 12.4444639289286 12.3300729258917 12.459883405827 12.6700186026283 12.6169469146989 12.6334421690553 12.5552690071054 12.9203161578625 12.4315545994323 12.8751335046254 12.5100863538682 12.5577791545074 12.5176167960744 12.063997301273 12.1199377290905 12.7747276085429 11.6530503123067 12.6750388974324 12.6829279321246 12.6866931532277 12.8062837473117 12.1049997294322 13.1149997068569 13.0599997080863 -9999 -9999 -9999 -9999 -9999 -9999 -9999 -9999 -9999 -9999 -9999 -9999 -9999 -9999 -9999 -9999
-9999 -9999 -9999 -9999 -9999 11.8050935263745 12.499507875531 12.2002624459565 12.4395631649531 12.5592135244515 10.7680440568365 12.1149997292086 11.9047822374851 11.5911333430558 12.2397076194175 12.0001678387634 12.2526169489138 12.2698293882422 11.9650257751346 12.5753501863219 11.4551072600298 11.8538621044718 12.300309749553 12.4971770243719 12.6266289118212 12.4548631110229 12.4652622931171 12.4674138480332 12.498611394316 12.1360743909609 12.220343625173 12.8650929150172 12.8550523254089 12.860072620213 12.7489089495502 11.8169270784128 12.579653296154 12.0001678387634 12.3523056600243 12.3881649086252 12.3738212091848 12.7044434812851 12.7747276085429 11.76999973692 12.76499971468 12.5499997194856 13.3349997019395 -9999 -9999 -9999 -9999 -9999 -9999 -9999 10.9150669761002 -9999 -9999 -9999 -9999 -9999 -9999 -9999
-9999 -9999 -9999 -9999 -9999 11.7921841968782 12.2856074576266 12.3401135155 12.4326303768903 12.4634693306871 12.302819896955 12.0546738966368 12.2009796309285 12.1780297118239 11.9858241393231 11.5748771503568 12.2805871628225 12.4720755503513 12.4491256312467 12.4828333249316 11.7749717575498 11.8825495033525 11.7276375493966 12.4315545994323 12.6933271142188 12.4957426544279 12.859714027727 13.0070955394767 12.5925626256503 12.661412382964 12.5194097585045 12.9447004469112 12.7962431577034 12.7847681981511 12.8280383581296 12.7501640232513 12.1446806106251 12.2397076194175 12.2899105674587 12.3601946947165 12.2153233303688 13.0092470943928 11.9999997317791 12.3399997241795 12.7499997150153 12.1599997282028 11.2048097047955 -9999 11.3747825431637 11.2149997493252 -9999 -9999 -9999 -9999 -9999 -9999 -9999 -9999 -9999 -9999 -9999 -9999
-9999 -9999 -9999 -9999 -9999 12.0647144862451 11.9894100641832 11.9205603068694 12.5323190880008 12.3982054982334 12.4297616370022 12.4168523075059 12.459166220855 12.1601000875235 12.3218252987135 12.3716696542688 12.4677724405192 12.5653095967136 12.5316019030288 12.3763313565869 12.1780297118239 12.1909390413202 11.8036591564305 11.8552964744158 12.0797753706574 12.7969603426754 12.6047547701746 12.5846735909581 12.8650929150172 12.8399914409965 12.7144840708934 12.1672719372436 12.661412382964 12.7137668859214 12.7697073137388 12.7646870189346 12.900234978646 12.2336115471553 12.2472380616236 12.4491256312467 12.3601946947165 12.8099997136742 11.4490111877676 12.3551743999124 12.7899997141212 13.0499997083098 -9999 11.184728525579 11.2320627337322 11.4299997445196 -9999 -9999 -9999 11.3496810691431 11.4421979305334 -9999 -9999 -9999 -9999 -9999 -9999 -9999
-9999 -9999 -9999 -9999 -9999 12.1163518042304 12.0051881335676 12.0733207059093 12.061845746357 11.9392071161419 12.3236182611436 12.1507766828872 12.3587603247724 12.3953367583454 12.501480134204 12.3584017322864 12.1299783186987 12.2777184229344 12.5251472382806 12.6477858684957 12.4362163017504 12.460241998313 12.3454924027901 11.9592882953584 12.0353099023923 12.0862300354056 12.4469740763307 12.6850794870406 12.7625354640186 12.7618182790466 12.8364055161364 12.1249580238946 12.2547685038298 12.4003570531495 12.8772850595415 12.7449644322041 12.0847956654616 11.7199997380376 12.474999721162 -9999 12.9599997103214 12.1299997288734 11.3999997451901 12.6775490448344 12.2999997250736 13.074999707751 -9999 12.4199997223914 11.3403576645069 11.4450666704215 -9999 -9999 11.3841059478 11.4952696184628 11.6996673354879 11.6999997384846 -9999 -9999 -9999 -9999 -9999 -9999
-9999 -9999 -9999 -9999 -9999 12.4398022266105 12.1708578621037 12.3300729258917 12.4046601629816 12.2511825789697 12.1636860123836 12.262657538522 12.4046601629816 12.5036316891201 12.3243354461156 12.5567033770494 12.4785302150995 12.3695180993527 12.2970824171789 12.4326303768903 12.7453230246902 12.7603839091025 12.6355937239714 12.5380565677769 12.501480134204 12.900234978646 13.020004868973 12.65997801302 13.2452009501867 12.7976775276475 12.7919400478713 12.8643757300451 12.8313852213323 12.740302729886 11.7099997382611 11.7749997368082 20.2399995476007 20.2399995476007 7.8349998248741 -9999 13.1199997067451 12.5351878278889 12.5638752267696 12.81991026178 12.2552466271445 12.0449997307733 -9999 -9999 12.9249997111037 11.5576647110283 11.2967886774568 12.3449997240677 11.544755381532 11.4802087340504 12.5249997200444 -9999 -9999 -9999 -9999 -9999 -9999 -9999
-9999 -9999 -9999 -9999 -9999 12.2447279142216 12.299233972095 12.5437940475531 12.5653095967136 12.2956480472349 12.3343760357238 12.7101809610613 12.3709524692968 12.2798699778505 12.3343760357238 12.5674611516297 12.6097750649787 12.6814935621805 12.5445112325251 12.5602893019095 12.6137195823248 12.7964224539464 12.6061891401187 12.2379146569874 12.4864192497917 12.4975356168579 13.0558641175739 13.0784554441925 12.5502487123013 12.3852961687371 12.9317911174148 12.8744163196534 12.8070009322837 12.939680152107 12.2325357696973 12.2099997270852 12.0849997298792 12.8450117358007 -9999 -9999 12.7051606662571 12.7747276085429 12.6449171286076 13.1648762333207 11.8653370640241 11.7749717575498 -9999 11.9513992606662 12.8349997131154 12.1599997282028 11.6006958093494 11.6881923759356 11.8108310061507 11.6573534221388 12.6749997166917 -9999 -9999 -9999 -9999 -9999 -9999 -9999
