EcologicalScience/Bass/data/rs_data_bass/sst_129.asc
NCOLS 226 
NROWS 124 
XLLCORNER -9.41648524995501 
YLLCORNER 47.587301625531 
CELLSIZE 0.0833 
NODATA_value -9999 
[rows 27 to 53 of 124, columns 62 to 123 of 226]
-9999 -9999 -9999 -9999 -9999 -9999 -9999 -9999 -9999 -9999 -9999 -9999 -9999 -9999 -9999 -9999 -9999 -9999 -9999 -9999 -9999 -9999 -9999 -9999 -9999 -9999 -9999 -9999 12.5299997199327 12.5949997184798 12.7099997159094 12.6899997163564 12.6649997169152 12.6349997175857 12.6449997173622 12.6249997178093 12.6299997176975 12.7799997143447 12.5199997201562 13.054999708198 12.9899997096509 12.9549997104332 13.0399997085333 13.0699997078627 13.0049997093156 13.0449997084215 13.2249997043982 13.3699997011572 13.4299996998161 13.5549996970221 13.5199996978045 13.4399996995926 13.364999701269 13.4499996993691 13.3299997020513 13.2649997035041 13.2899997029454 13.3999997004867 13.3799997009337 13.3349997019395 13.7699996922165 13.4749996988103
-9999 -9999 -9999 -9999 -9999 -9999 -9999 -9999 -9999 -9999 -9999 -9999 -9999 -9999 -9999 -9999 -9999 -9999 -9999 -9999 -9999 -9999 -9999 -9999 -9999 -9999 -9999 -9999 -9999 -9999 9.78499978128821 12.6999997161329 12.4849997209385 12.5199997201562 12.4649997213855 12.4499997217208 12.4799997210503 12.6299997176975 12.7449997151271 12.7099997159094 12.639999717474 12.6649997169152 12.7249997155741 12.6799997165799 12.5799997188151 12.9349997108802 12.9249997111037 13.1499997060746 13.3399997018278 13.3399997018278 13.3499997016042 13.3999997004867 13.3499997016042 13.3099997024983 13.3549997014925 13.6199996955693 13.5449996972457 13.4099997002631 13.3899997007102 13.3099997024983 13.3349997019395 13.5949996961281
-9999 -9999 -9999 -9999 -9999 -9999 -9999 -9999 -9999 -9999 -9999 -9999 -9999 -9999 -9999 -9999 -9999 -9999 -9999 -9999 -9999 -9999 -9999 -9999 -9999 -9999 -9999 -9999 -9999 -9999 -9999 11.6799997389317 11.9899997320026 12.2149997269735 12.3949997229502 12.3949997229502 12.4649997213855 12.5699997190386 12.5649997191504 12.5849997187033 12.474999721162 12.3149997247383 12.2399997264147 12.1249997289851 12.1349997287616 12.5799997188151 12.8549997126684 12.9749997099862 12.9799997098744 12.8849997119978 13.1749997055158 13.1749997055158 13.2449997039512 13.2899997029454 13.4049997003749 13.4299996998161 13.1399997062981 13.4649996990338 13.4449996994808 13.2699997033924 13.7549996925518 13.799999691546
-9999 -9999 -9999 -9999 -9999 -9999 -9999 -9999 -9999 -9999 -9999 -9999 -9999 -9999 -9999 -9999 -9999 -9999 -9999 -9999 -9999 -9999 -9999 -9999 -9999 -9999 -9999 -9999 -9999 -9999 -9999 13.2823950975016 11.9749997323379 10.2499997708946 9.79999978095293 11.1099997516721 12.0299997311085 12.1649997280911 12.2149997269735 12.3749997233972 12.3949997229502 12.2799997255206 12.0199997313321 11.9049997339025 12.2499997261912 12.4549997216091 12.6349997175857 12.6149997180328 12.204999727197 12.3749997233972 12.5799997188151 12.9149997113273 13.1099997069687 13.1399997062981 13.4449996994808 13.5999996960163 13.5199996978045 13.634999695234 13.6749996943399 13.4799996986985 13.4149997001514 13.489999698475
-9999 -9999 -9999 -9999 -9999 -9999 -9999 -9999 -9999 -9999 -9999 -9999 -9999 -9999 -9999 -9999 -9999 -9999 -9999 -9999 -9999 -9999 -9999 -9999 -9999 -9999 -9999 -9999 -9999 -9999 -9999 9.58499978575855 9.44999978877604 10.31999976933 11.6849997388199 10.9149997560307 11.2899997476488 11.2649997482076 11.459999743849 11.1249997513369 11.6499997396022 11.5749997412786 11.9249997334555 12.1649997280911 12.3799997232854 12.4049997227266 12.1649997280911 12.1049997294322 12.2349997265264 12.5599997192621 13.0299997087568 13.1899997051805 13.2249997043982 13.1899997051805 13.1199997067451 13.1599997058511 13.21999970451 13.4849996985868 13.4299996998161 13.1549997059628 13.1349997064099 13.2149997046217
-9999 -9999 -9999 -9999 -9999 -9999 -9999 -9999 -9999 -9999 -9999 -9999 -9999 -9999 -9999 -9999 -9999 -9999 -9999 -9999 -9999 -9999 -9999 -9999 -9999 -9999 -9999 -9999 -9999 -9999 -9999 -9999 11.3124997471459 9.12499979604036 8.54499980900437 12.7299997154623 12.6999997161329 10.4949997654185 10.4949997654185 11.5749997412786 11.7149997381493 11.8799997344613 11.7149997381493 11.5999997407198 11.8399997353554 12.0349997309968 12.3949997229502 12.4449997218326 12.3649997236207 12.6549997171387 13.0449997084215 13.2049997048452 13.2949997028336 13.2249997043982 13.0799997076392 13.1749997055158 10.5649997638538 13.4049997003749 12.9749997099862 12.7799997143447 13.2749997032806 13.344999701716
-9999 -9999 -9999 -9999 -9999 -9999 -9999 -9999 -9999 -9999 -9999 -9999 -9999 -9999 -9999 -9999 -9999 -9999 -9999 -9999 -9999 -9999 -9999 -9999 -9999 -9999 -9999 -9999 -9999 -9999 -9999 -9999 10.7799997590482 10.7799997590482 11.9499997328967 11.9199997335672 8.24999981559813 12.8599997125566 11.1199997514486 11.5299997422844 11.6649997392669 11.4299997445196 11.4199997447431 11.354999746196 11.6349997399375 12.0149997314438 12.2449997263029 12.4499997217208 13.0399997085333 13.0999997071922 13.1849997052923 13.3699997011572 13.324999702163 13.2499997038394 14.2249996820465 13.0333330420156 13.9899996872991 13.7199996933341 13.344999701716 13.1766663721452 13.4749996988103 13.3799997009337
-9999 -9999 -9999 -9999 -9999 -9999 -9999 -9999 -9999 -9999 -9999 -9999 -9999 -9999 -9999 -9999 -9999 -9999 -9999 -9999 -9999 -9999 -9999 -9999 -9999 -9999 -9999 -9999 -9999 -9999 -9999 -9999 -9999 12.1487497284543 12.2999997250736 10.0249997759238 10.1399997733533 12.0299997311085 12.204999727197 12.1599997282028 12.0549997305498 12.039999730885 11.9049997339025 12.1299997288734 12.184999727644 12.2299997266382 12.5449997195974 12.8349997131154 12.9249997111037 13.0899997074157 13.1499997060746 13.3349997019395 13.924999688752 14.0999996848404 13.944999688305 13.344999701716 13.2499997038394 13.8199996910989 13.654999694787 13.4049997003749 13.5449996972457 13.3999997004867
-9999 -9999 -9999 -9999 -9999 -9999 -9999 14.5549996746704 13.9349996885285 13.9349996885285 12.8149997135624 12.8549997126684 8.53141285278632 8.41999981179833 8.41999981179833 -9999 -9999 -9999 -9999 -9999 -9999 -9999 -9999 -9999 -9999 -9999 -9999 -9999 -9999 -9999 -9999 -9999 -9999 -9999 12.2949997251853 12.22499972675 12.2649997258559 12.2349997265264 12.3049997249618 12.1899997275323 12.2399997264147 12.1249997289851 12.3099997248501 12.6249997178093 12.5799997188151 12.4599997214973 12.4699997212738 12.7349997153506 12.8099997136742 12.8149997135624 12.9699997100979 13.4249996999279 13.4249996999279 13.1149997068569 13.4849996985868 13.4749996988103 13.4299996998161 13.799999691546 13.1349997064099 13.179999705404 13.2399997040629 13.1249997066334
-9999 -9999 -9999 -9999 9.45636342499744 11.0912497520912 13.7166663600753 13.2599997036159 13.2599997036159 13.3899997007102 13.0449997084215 9.29663022698672 -9999 -9999 -9999 -9999 -9999 -9999 -9999 -9999 -9999 -9999 -9999 -9999 -9999 -9999 -9999 -9999 -9999 -9999 -9999 -9999 -9999 -9999 12.5283330533033 12.1899997275323 12.1949997274205 12.0299997311085 12.3199997246265 12.1299997288734 12.1449997285381 12.2499997261912 12.2999997250736 12.2899997252971 12.4349997220561 12.5699997190386 12.7449997151271 12.8749997122213 12.9249997111037 13.2849997030571 13.3899997007102 13.2099997047335 13.5649996967986 13.054999708198 13.0849997075275 13.074999707751 13.1499997060746 13.2999997027218 12.9633330435803 12.9749997099862 12.7299997154623 13.3499997016042
14.234999681823 14.3999996781349 14.1649996833876 14.0949996849522 13.9699996877462 13.8899996895343 13.9099996890873 13.5949996961281 13.614999695681 13.8849996896461 -9999 -9999 -9999 -9999 -9999 -9999 -9999 -9999 -9999 -9999 -9999 -9999 -9999 -9999 -9999 -9999 -9999 -9999 -9999 -9999 -9999 -9999 -9999 -9999 12.474999721162 12.8249997133389 12.8374997130595 11.6749997390434 12.0524997306056 12.1199997290969 12.5549997193739 12.5099997203797 12.4699997212738 12.4449997218326 12.4149997225031 12.514999720268 12.8249997133389 12.7749997144565 12.889999711886 12.6949997162446 12.6549997171387 12.5499997194856 12.6049997182563 12.7149997157976 12.9049997115508 12.8699997123331 13.0149997090921 13.0049997093156 13.0599997080863 12.909999711439 13.0949997073039 13.1549997059628
14.4699996765703 14.5399996750057 14.4599996767938 14.4299996774644 14.5749996742234 14.5899996738881 14.4349996773526 14.3499996792525 14.2249996820465 14.0349996862933 -9999 -9999 -9999 -9999 -9999 -9999 -9999 -9999 -9999 -9999 -9999 -9999 -9999 -9999 -9999 -9999 -9999 -9999 -9999 -9999 -9999 -9999 -9999 -9999 -9999 12.3959997229278 12.577499718871 11.8599997349083 11.9224997335114 12.6149997180328 12.6649997169152 12.7049997160211 12.7999997138977 12.7449997151271 12.7149997157976 12.6949997162446 12.6749997166917 13.054999708198 12.9799997098744 12.8499997127801 11.8149997359142 11.3699997458607 12.3199997246265 12.6749997166917 12.8449997128919 12.7499997150153 12.7149997157976 12.8299997132272 13.074999707751 12.5799997188151 12.8299997132272 13.2649997035041
14.7699996698648 14.9149996666238 14.8799996674061 14.7849996695295 14.6849996717647 14.7249996708706 14.7449996704236 14.5649996744469 14.5749996742234 -9999 -9999 -9999 -9999 -9999 -9999 -9999 -9999 -9999 -9999 -9999 -9999 -9999 -9999 -9999 -9999 -9999 -9999 -9999 -9999 -9999 -9999 -9999 -9999 -9999 -9999 -9999 12.3916663896913 12.5316663865621 12.0324997310527 11.957499732729 12.5899997185916 12.7249997155741 12.8299997132272 12.7749997144565 12.6749997166917 12.6924997163005 12.6699997168034 12.7749997144565 13.0424997084774 11.479999743402 11.2949997475371 11.2949997475371 13.0374997085892 13.0399997085333 13.1924997051246 12.349999723956 12.4899997208267 12.7149997157976 12.22499972675 12.9133330446978 13.199999704957 13.199999704957
14.7599996700883 14.774999669753 14.8199996687472 14.8849996672943 14.8199996687472 14.8349996684119 14.6199996732175 14.5399996750057 12.7897884929553 -9999 -9999 -9999 -9999 -9999 -9999 -9999 -9999 -9999 -9999 -9999 -9999 -9999 -9999 -9999 -9999 -9999 -9999 -9999 -9999 -9999 -9999 -9999 -9999 -9999 -9999 -9999 -9999 -9999 -9999 14.919999666512 12.3399997241795 12.3799997232854 12.8499997127801 12.557499719318 12.4549997216091 12.2199997268617 12.3774997233413 12.9799997098744 12.6724997167476 12.4374997220002 9.80999978072941 9.80999978072941 12.5099997203797 12.9649997102097 13.1874997052364 13.2324997042306 12.9333330442508 12.8499997127801 12.7533330482741 12.9199997112155 12.9199997112155 12.9183330445861
14.7049996713176 14.774999669753 14.8149996688589 14.7599996700883 14.7499996703118 14.6799996718764 14.5599996745586 14.5799996741116 14.3483330126231 -9999 -9999 -9999 -9999 -9999 -9999 -9999 -9999 -9999 -9999 -9999 -9999 -9999 -9999 -9999 -9999 -9999 -9999 -9999 -9999 -9999 -9999 -9999 -9999 -9999 -9999 -9999 -9999 -9999 -9999 -9999 -9999 -9999 -9999 8.48144468051032 12.5399997197092 12.5299997199327 12.4849997209385 12.4399997219443 12.5299997199327 12.6299997176975 12.6283330510681 12.5399997197092 9.96499977726489 9.96499977726489 12.861666379186 12.6833330498387 12.7766663810859 12.6749997166917 12.8599997125566 12.7699997145683 12.3799997232854 12.3799997232854
14.5499996747822 14.5949996737763 14.6399996727705 14.7549996702 14.7499996703118 14.8299996685237 14.8149996688589 14.6649996722117 14.2949996804819 14.2949996804819 -9999 -9999 -9999 -9999 -9999 16.1899624452926 -9999 -9999 -9999 -9999 -9999 -9999 -9999 -9999 -9999 -9999 -9999 -9999 -9999 -9999 -9999 -9999 -9999 -9999 -9999 -9999 -9999 -9999 -9999 -9999 -9999 -9999 -9999 -9999 12.9399997107685 12.9849997097626 12.8599997125566 12.5049997204915 12.6599997170269 12.7149997157976 12.7699997145683 12.2749997256324 11.1749997502193 11.0699997525662 11.1099997516721 13.0624997080304 13.0674997079186 12.537499719765 12.2774997255765 12.2799997255206 12.6699997168034 10.879999756813
14.5849996739998 14.6649996722117 14.7099996712059 14.794999669306 15.0049996646121 15.0999996624887 14.9349996661767 14.7499996703118 14.4799996763468 14.3049996802583 14.4869996761903 -9999 -9999 -9999 -9999 -9999 -9999 -9999 -9999 -9999 -9999 -9999 -9999 -9999 -9999 -9999 -9999 -9999 -9999 -9999 -9999 -9999 -9999 -9999 -9999 -9999 -9999 -9999 -9999 -9999 -9999 -9999 -9999 -9999 -9999 12.926999711059 12.9719997100532 12.6974997161888 12.9199997112155 12.9199997112155 12.0999997295439 12.1616663948322 12.9649997102097 13.1424997062422 12.1174997291528 13.0166663757215 11.7524997373112 10.2399997711182 10.2799997702241 10.4549997663125 10.3649997683242 10.5449997643009
14.4399996772408 14.5449996748939 14.5499996747822 14.7199996709824 14.9249996664003 15.0399996638298 15.0699996631593 14.8949996670708 14.6099996734411 14.3749996786937 14.1099996846169 13.8699996899813 8.64999980665743 -9999 -9999 -9999 21.4389090748669 20.2052635768428 -9999 -9999 -9999 -9999 -9999 -9999 -9999 -9999 -9999 -9999 -9999 -9999 -9999 -9999 -9999 -9999 -9999 -9999 -9999 -9999 -9999 -9999 -9999 -9999 -9999 -9999 -9999 8.8399998024106 14.6649996722117 12.9439997106791 13.3549997014925 12.9699997100979 12.6599997170269 12.6599997170269 12.6849997164682 13.3559997014701 13.1599997058511 11.4466664108137 10.8933330898484 12.8724997122772 12.9824997098185 12.7783330477153 12.571666385668 12.6774997166358
14.5349996751174 14.6649996722117 14.7499996703118 14.8349996684119 14.8899996671826 14.8549996679649 14.7199996709824 14.629999672994 14.5899996738881 14.5599996745586 14.4649996766821 14.0349996862933 14.6292853872957 13.8949996894225 14.0399996861815 14.0649996856228 14.1149996845052 17.5284983874459 -9999 -9999 -9999 -9999 -9999 -9999 -9999 -9999 -9999 -9999 -9999 -9999 -9999 -9999 -9999 -9999 -9999 -9999 -9999 -9999 -9999 -9999 -9999 -9999 -9999 -9999 -9999 -9999 -9999 -9999 13.5189996978268 13.4949996983632 13.2333330375453 13.4449996994808 13.4449996994808 13.0399997085333 12.9116663780684 11.9074997338466 12.059999730438 12.8849997119978 12.8849997119978 12.889999711886 12.7449997151271 12.8349997131154
14.3699996788055 14.4299996774644 14.5549996746704 14.774999669753 14.8599996678531 14.8249996686354 14.6449996726587 14.7149996710941 14.7549996702 14.8699996676296 14.5649996744469 14.2699996810406 14.0149996867403 13.8499996904284 13.924999688752 14.1349996840581 14.3099996801466 -9999 -9999 -9999 -9999 -9999 -9999 -9999 -9999 -9999 -9999 -9999 -9999 -9999 -9999 -9999 -9999 -9999 -9999 -9999 -9999 -9999 -9999 -9999 -9999 -9999 -9999 -9999 -9999 -9999 -9999 -9999 13.3659997012466 13.2266663710276 11.562499741558 12.9399997107685 12.9049997115508 12.8449997128919 12.7149997157976 12.0683330635851 12.142499728594 13.1749997055158 13.1199997067451 13.0999997071922 13.0699997078627 13.0449997084215
14.3199996799231 14.4149996777996 14.4599996767938 14.5699996743351 14.6799996718764 14.6749996719882 14.6949996715412 14.6749996719882 14.6749996719882 14.5949996737763 14.379999678582 14.2399996817112 14.1049996847287 14.0049996869639 14.1299996841699 14.3049996802583 13.8487496904563 -9999 -9999 -9999 -9999 -9999 -9999 -9999 -9999 -9999 -9999 -9999 -9999 -9999 -9999 -9999 -9999 -9999 -9999 -9999 -9999 -9999 -9999 -9999 -9999 -9999 -9999 -9999 -9999 -9999 -9999 -9999 13.3549997014925 13.7749996921048 13.4999996982515 13.1199997067451 12.9399997107685 12.8549997126684 12.8199997134507 12.8499997127801 12.8649997124448 12.9999997094274 13.1549997059628 13.2949997028336 13.3399997018278 13.2649997035041
14.3999996781349 14.4049996780232 14.379999678582 14.4649996766821 14.5999996736646 14.8099996689707 14.6999996714294 14.5799996741116 14.4649996766821 14.3999996781349 14.2049996824935 14.0799996852875 14.1249996842816 14.0199996866286 13.9899996872991 6.69999985024333 -9999 -9999 -9999 -9999 -9999 -9999 -9999 -9999 -9999 -9999 -9999 -9999 -9999 -9999 -9999 -9999 -9999 -9999 -9999 -9999 -9999 -9999 -9999 -9999 -9999 -9999 -9999 -9999 -9999 -9999 -9999 -9999 14.5199943655403 13.5566663636516 13.1816663720335 11.27249974804 11.2324997489341 12.9399997107685 12.9199997112155 13.0399997085333 12.9499997105449 13.2149997046217 13.5199996978045 13.5749996965751 13.654999694787 13.779999691993
14.3999996781349 14.5199996754527 14.4899996761233 14.6049996735528 14.7449996704236 14.7849996695295 14.8549996679649 14.8649996677414 14.6099996734411 14.6099996734411 14.484999676235 14.379999678582 14.1449996838346 13.9699996877462 13.8899996895343 -9999 -9999 -9999 -9999 -9999 -9999 -9999 -9999 -9999 -9999 -9999 -9999 -9999 -9999 -9999 -9999 -9999 -9999 -9999 -9999 -9999 -9999 -9999 -9999 -9999 -9999 -9999 -9999 -9999 -9999 -9999 -9999 -9999 -9999 14.0193036517927 13.6933330272635 13.5149996979162 12.9066663781802 13.1499997060746 13.1399997062981 13.1449997061864 13.1149997068569 13.6449996950105 13.8749996898696 13.904999689199 13.9349996885285 13.9199996888638
14.2949996804819 14.4749996764585 14.5799996741116 14.7049996713176 14.7499996703118 14.7649996699765 14.7449996704236 15.044999663718 14.9249996664003 14.7999996691942 14.6099996734411 14.0099996868521 14.3149996800348 14.3099996801466 13.2312497042585 13.1599997058511 -9999 -9999 -9999 -9999 -9999 -9999 -9999 -9999 -9999 -9999 -9999 -9999 -9999 -9999 -9999 -9999 -9999 -9999 -9999 -9999 -9999 -9999 -9999 -9999 -9999 -9999 -9999 -9999 -9999 -9999 7.59159557499546 7.59925514929234 7.54765940576475 -9999 11.5949583295733 11.4939997430891 13.6474996949546 13.2324997042306 12.73666638198 13.1849997052923 13.1849997052923 13.324999702163 12.7574997148477 14.0049996869639 13.9499996881932 13.9949996871874
14.3299996796995 14.4249996775761 14.4549996769056 14.6399996727705 14.7249996708706 14.7149996710941 14.6449996726587 14.6099996734411 14.4349996773526 14.2799996808171 14.2849996807054 14.1899996828288 14.0799996852875 13.904999689199 13.7899996917695 -9999 -9999 -9999 -9999 -9999 -9999 -9999 -9999 -9999 -9999 -9999 -9999 -9999 -9999 -9999 -9999 -9999 -9999 -9999 -9999 -9999 -9999 -9999 -9999 -9999 -9999 -9999 -9999 -9999 -9999 -9999 -9999 11.0193475797853 12.329999724403 13.9883330206697 14.2274996819906 14.1974996826611 13.9974996871315 14.1024996847846 14.0674996855669 13.7249996932223 13.75999969244 13.3324997019954 12.9599997103214 12.8924997118302 13.7699996922165 14.2549996813759
14.4899996761233 14.5699996743351 14.649999672547 14.6549996724352 14.6799996718764 14.6399996727705 14.629999672994 14.6249996731058 14.5849996739998 14.5499996747822 14.3899996783584 14.1249996842816 13.9649996878579 13.799999691546 17.2049996154383 -9999 -9999 -9999 -9999 -9999 -9999 -9999 -9999 -9999 -9999 -9999 -9999 -9999 -9999 -9999 -9999 -9999 -9999 -9999 -9999 -9999 -9999 -9999 -9999 -9999 -9999 -9999 -9999 -9999 -9999 -9999 -9999 -9999 -9999 -9999 14.4049996780232 14.2449996815994 13.9574996880256 14.049999685958 14.0624996856786 14.0924996850081 13.8699996899813 13.967499687802 14.3099996801466 13.993333020558 14.4349996773526 14.4199996776879
14.6949996715412 14.6799996718764 14.7599996700883 14.8549996679649 14.7649996699765 14.7049996713176 15.0374996638857 14.5149996755645 14.5299996752292 14.4949996760115 14.4299996774644 14.5099996756762 14.3999996781349 14.1549996836111 14.1099996846169 -9999 -9999 -9999 -9999 -9999 -9999 -9999 -9999 -9999 -9999 -9999 -9999 -9999 -9999 -9999 -9999 -9999 -9999 -9999 -9999 -9999 -9999 -9999 -9999 -9999 -9999 -9999 -9999 -9999 -9999 -9999 -9999 -9999 -9999 -9999 -9999 -9999 10.3466664354006 14.5749996742234 14.6199996732175 14.5999996736646 14.4299996774644 14.5399996750057 14.7149996710941 13.3099997024983 14.2899996805936 14.3449996793643
