EcologicalScience/Bass/data/rs_data_bass/sst_460.asc
NCOLS 226 
NROWS 124 
XLLCORNER -9.41648524995501 
YLLCORNER 47.587301625531 
CELLSIZE 0.0833 
NODATA_value -9999 
[rows 0 to 26 of 124, columns 62 to 123 of 226]
-9999 -9999 -9999 -9999 -9999 -9999 -9999 -9999 -9999 -9999 -9999 -9999 -9999 -9999 -9999 -9999 -9999 -9999 -9999 -9999 -9999 -9999 -9999 -9999 -9999 -9999 -9999 -9999 -9999 -9999 -9999 -9999 -9999 -9999 -9999 -9999 -9999 -9999 -9999 -9999 -9999 -9999 -9999 -9999 -9999 -9999 -9999 -9999 -9999 -9999 -9999 -9999 -9999 -9999 -9999 -9999 -9999 -9999 -9999 -9999 -9999 -9999
-9999 -9999 -9999 -9999 -9999 -9999 -9999 -9999 -9999 -9999 -9999 -9999 -9999 -9999 -9999 -9999 -9999 -9999 -9999 -9999 -9999 -9999 -9999 -9999 -9999 -9999 -9999 -9999 -9999 -9999 -9999 -9999 -9999 -9999 -9999 -9999 -9999 -9999 -9999 -9999 -9999 -9999 -9999 -9999 -9999 -9999 -9999 -9999 -9999 -9999 -9999 -9999 -9999 -9999 -9999 -9999 -9999 -9999 -9999 -9999 -9999 -9999
-9999 -9999 -9999 -9999 -9999 -9999 -9999 -9999 -9999 -9999 -9999 -9999 -9999 -9999 -9999 -9999 -9999 -9999 -9999 -9999 -9999 -9999 -9999 -9999 -9999 -9999 -9999 -9999 -9999 -9999 -9999 -9999 -9999 -9999 -9999 -9999 -9999 -9999 -9999 -9999 -9999 -9999 -9999 -9999 -9999 -9999 -9999 -9999 -9999 -9999 -9999 -9999 -9999 -9999 -9999 -9999 -9999 -9999 -9999 -9999 -9999 -9999
-9999 -9999 -9999 -9999 -9999 -9999 -9999 -9999 -9999 -9999 -9999 -9999 -9999 -9999 -9999 -9999 -9999 -9999 -9999 -9999 -9999 -9999 -9999 -9999 -9999 -9999 -9999 -9999 -9999 -9999 -9999 -9999 -9999 -9999 -9999 -9999 -9999 -9999 -9999 -9999 -9999 -9999 -9999 -9999 -9999 -9999 -9999 -9999 -9999 -9999 -9999 -9999 -9999 -9999 -9999 -9999 -9999 -9999 -9999 -9999 -9999 -9999
-9999 -9999 -9999 -9999 -9999 -9999 -9999 -9999 -9999 -9999 -9999 -9999 -9999 -9999 -9999 -9999 -9999 -9999 -9999 -9999 -9999 -9999 -9999 -9999 -9999 -9999 -9999 -9999 -9999 -9999 -9999 -9999 -9999 -9999 -9999 -9999 -9999 -9999 -9999 -9999 -9999 -9999 -9999 -9999 -9999 -9999 -9999 -9999 -9999 -9999 -9999 -9999 -9999 -9999 -9999 -9999 -9999 -9999 -9999 -9999 -9999 -9999
-9999 -9999 -9999 -9999 -9999 -9999 -9999 -9999 -9999 -9999 -9999 -9999 -9999 -9999 -9999 -9999 -9999 -9999 -9999 -9999 -9999 -9999 -9999 -9999 -9999 -9999 -9999 -9999 11.3049997473136 6.14047974338755 7.84431998757645 8.26674193609506 8.81658374797553 7.08386485558003 7.35603655246086 8.4092226838693 8.18044067779556 8.63943905988708 8.68892482295632 8.94998015277088 8.56772056268528 8.66274757147767 8.62222662055865 8.81055939421058 9.14405040619895 9.0344645424746 9.20730612073094 9.24384669505525 5.11519210739061 8.73941464498639 8.79922787165269 8.56485182279721 8.70757163222879 8.50604265509173 8.71330911200494 8.84096803702414 8.77498701959848 9.42296364181675 9.44842370832339 9.06114382343367 8.91770682903007 9.07907344773412
-9999 -9999 -9999 -9999 -9999 -9999 -9999 -9999 -9999 -9999 -9999 -9999 -9999 -9999 -9999 -9999 -9999 -9999 -9999 -9999 -9999 -9999 -9999 -9999 -9999 -9999 -9999 8.87921790219843 7.8713339548558 7.97819451568648 8.20374918938614 8.06784263718873 8.79650256875902 8.67156894663349 8.41496016364545 8.54835656844079 8.4131672012154 6.80846582632512 8.55230108578689 8.64445935469121 8.67027801368386 8.74092073342763 8.74092073342763 9.09198277723044 9.01323586730286 7.03509627748281 9.47022613147274 9.43823968172073 5.17973875487223 9.45165104069747 9.03843296598643 9.02647988311946 9.1539475588128 9.06989348009229 8.88471632031724 8.88113039545715 8.87897884054109 8.84588587683226 8.955000447575 8.68031860329211 9.04464856907725 9.17087312415242
-9999 -9999 -9999 -9999 -9999 -9999 -9999 -9999 -9999 -9999 -9999 -9999 -9999 -9999 -9999 -9999 -9999 -9999 -9999 -9999 -9999 -9999 -9999 -9999 -9999 -9999 7.7532109337238 8.13621427118778 8.5845744095277 8.03317869687453 8.22586239269003 8.54692219849676 8.17972349282354 8.38663135725074 9.11732331290841 8.54979093838483 8.61971647315659 8.6441007622052 9.01237524533644 8.68713186052628 8.79184086644091 8.73159732879139 8.80403301096521 8.78316292827949 9.07649158183485 9.33510848274454 9.32076478330418 9.33209630586207 9.03353220201097 9.03926968178712 9.08678318618331 9.04680012399331 8.66525771887973 9.07022816641256 9.29021270349622 9.18808556348085 8.84383677691221 8.91985838394612 8.8990600197576 9.05468915868551 9.13214513566345 9.16154971951619
-9999 -9999 -9999 -9999 -9999 -9999 -9999 -9999 -9999 -9999 -9999 -9999 -9999 -9999 -9999 -9999 -9999 -9999 -9999 -9999 -9999 -9999 -9999 -9999 -9999 -9999 8.68486077478155 8.20339059690014 8.08577226148918 8.19980467204005 8.33774324832484 8.24319436284713 8.29303871840239 8.48990599322133 8.51178013486788 9.13501387555152 8.57991270720959 8.82554856012575 8.79219945892692 8.64696950209327 8.72693562647328 7.9272743826732 8.35901973582804 8.60860010609031 8.60106966388412 9.41758475452662 9.42432629326358 9.40539261000231 8.52655414529145 9.29006926650181 9.16154971951619 9.35791496485472 8.6401562448591 8.58062989218161 9.25033721905202 8.63943905988708 8.91483808914199 8.90264594461769 8.88615069026127 9.08481092751026 9.19167148834094 9.14505446515977
-9999 -9999 -9999 -9999 -9999 -9999 -9999 -9999 -9999 -9999 -9999 -9999 -9999 -9999 -9999 -9999 -9999 -9999 -9999 -9999 -9999 -9999 -9999 -9999 -9999 9.7345122088279 8.84646645514295 8.32889796700329 8.35973692080006 6.45489363512024 8.3733634352684 8.49026458570734 8.28730123862624 8.27905361144803 8.56879634014331 8.38555557979271 8.81299782311544 8.75311287795193 8.78682057163678 8.33965574158356 6.84826959227212 7.87169254734181 8.55528935650364 9.54237493965775 9.55399333620444 9.55800957204774 9.45789054995403 8.91350617419396 8.64056606484311 9.47409893032163 9.22423168607056 8.33965574158356 8.50747702503577 9.31875666538253 8.76303393673152 8.77283546468243 9.37856989204884 7.25053864307702 8.21749523468316 9.42726675164886 9.13501387555152 9.19095430336893
-9999 -9999 -9999 -9999 -9999 -9999 -9999 -9999 -9999 -9999 -9999 -9999 -9999 -9999 -9999 -9999 -9999 -9999 -9999 -9999 -9999 -9999 -9999 -9999 13.4214997277953 8.42739136982709 8.28909420105629 8.26148257963359 8.37121188035235 8.00759909953922 8.53114412911236 8.43468275037594 8.30523086292669 8.29016997851431 8.45763266948052 8.40025787171908 8.28371531376615 8.61720632575452 7.90145572368056 8.67984047997743 8.57680490566418 9.37684864811599 8.48476616758853 9.5443830575794 9.58999602179974 9.41471601463854 9.47256893571466 8.98320972314104 9.35985136427917 9.22000029473566 9.60276191430166 9.42199031935473 7.53353983303532 8.76064332015812 8.82112591946498 8.51034576492384 9.44698933837935 8.98153629153967 8.47233496140689 9.01524398522452 8.92487867875025 9.1500747599639
-9999 -9999 -9999 -9999 -9999 -9999 -9999 -9999 -9999 -9999 -9999 -9999 -9999 -9999 -9999 -9999 -9999 -9999 -9999 -9999 -9999 -9999 -9999 -9999 7.26904201535508 7.45357370865531 7.560434269486 8.22705770097673 8.49600206548348 8.54118471872061 8.68318734318018 8.60788292111829 8.59497359162197 8.45261237467639 8.33857996412553 8.38017669250257 8.24391154781915 8.39523757691495 7.84479811089113 7.97783592320047 7.94878993183374 8.95595669420436 9.43551437882707 9.51784721361473 9.47229572239199 9.5406536957249 9.28203679481521 8.96504103718325 9.05268104076385 9.22089677595068 9.52243719743565 9.54237493965775 9.41232539806515 4.64256721083075 8.60214544134215 8.6322672101669 8.86893825093284 8.96145511232316 8.98942532623187 9.05182041879743 9.14003417035565 9.15079194493592
-9999 -9999 -9999 -9999 -9999 -9999 -9999 -9999 -9999 -9999 -9999 -9999 -9999 -9999 -9999 -9999 -9999 -9999 -9999 -9999 -9999 -9999 -9999 12.2149997269735 7.4449674889911 7.72431103559211 7.77415539114736 7.67052216269076 8.41806796519086 8.4888302157633 9.05311135174707 8.49887080537155 8.47448651632294 8.49289426393807 7.6999267465435 8.66477959556505 7.28467664774507 9.26099936896935 8.46121859434061 8.16968290321529 8.02768027875572 7.91436505317688 8.51249731983989 9.31594939849206 9.07620470784605 9.11827955953777 9.76470228098333 9.35232092207298 9.48308764863759 9.3730168312655 9.04450513208285 9.1222479830496 9.45487837307155 9.06347467459273 8.6200750656426 8.8553117364645 8.91196934925392 8.99803154589608 9.10847803158686 9.09772025700659 9.09054840728641 9.13931698538363
-9999 -9999 -9999 -9999 -9999 -9999 -9999 -9999 -9999 -9999 -9999 -9999 -9999 -9999 -9999 -9999 -9999 -9999 -9999 -9999 -9999 10.8573413813416 7.65959888388618 7.37116915537044 7.91603848477826 8.13633380201645 8.24092327710241 8.33057139860466 8.43073823302984 8.41974139679223 8.49074270902202 8.54572689021006 8.53305662237108 8.44053976098076 8.90862248605117 9.12748343334533 8.99683623760939 8.1022675158456 8.2180928888265 8.96838790038601 8.79387289052829 9.68509474908933 7.94018371216953 8.80195317454636 9.46721395459026 9.43551437882707 9.29028442199342 9.30247656651773 9.50364695116878 7.54501479258761 9.23562468162605 9.21185512255345 9.20867901767737 9.55719676241279 7.18982893519569 7.16562394239008 8.81012908322737 8.8632007711567 9.03389079449698 9.0267189447768 9.02528457483277 9.08194218762219
-9999 -9999 -9999 -9999 -9999 -9999 -9999 -9999 -9999 -9999 -9999 -9999 -9999 -9999 -9999 -9999 -9999 -9999 -9999 -9999 -9999 9.22370575042441 7.27642902056687 7.44281593407504 8.28765983111225 8.14099550433457 7.77021087380126 7.88496046932414 8.29877619817853 8.33726512501016 8.40731019061059 8.43193354131654 8.58039083052427 8.68844669964164 9.18999805673957 8.38698994973674 8.76518549164757 8.95452232426032 8.86559138773009 8.91627245908603 9.04751730896533 8.81658374797553 8.98177535319701 9.14971616747789 8.78933071903884 9.07118441304192 9.5961638125591 9.21557765407488 9.29422893933952 9.39391765045002 9.64134646579623 9.55420849169604 9.25242730097047 7.84025593940169 7.12474439898506 5.69008758096024 8.73482466116548 8.76494642999023 8.7678151698783 8.77857294445857 9.01165806036443 9.01524398522452
-9999 -9999 -9999 -9999 -9999 -9999 -9999 -9999 -9999 -9999 -9999 -9999 -9999 -9999 -9999 -9999 -9999 -9999 -9999 -9999 12.4449997218326 7.50521102664061 7.8555558854714 7.89356668898836 8.11266669793986 8.12127291760407 8.20231481944211 7.93659778730944 8.26219976460561 8.29901525983587 8.11374247539788 8.18868830497377 9.44125185860321 8.47341073886491 8.26865442935377 8.63943905988708 8.69251074781641 8.6693217670545 8.60357981128618 8.74343088082969 8.57871739892289 8.54835656844079 9.19687107938807 8.79019134100527 9.11242254893295 9.07190159801394 9.22657449031249 9.11182489478961 9.31502730352804 9.48715169681236 7.3733207102865 7.19875788809732 9.56377095798962 6.88353118672967 8.67960141832009 8.69000060041435 9.10489210672677 9.17302467906848 8.91627245908603 8.88256476540118 8.92416149377823 8.95428326260298
-9999 -9999 -9999 -9999 -9999 -9999 -9999 -9999 -9999 -9999 -9999 -9999 -9999 -9999 -9999 -9999 -9999 -9999 10.2813327119676 8.43217260297388 7.57633186969906 7.71809543250129 7.66442609042861 7.73722036508843 7.85340433055535 7.96636096364819 7.97568436828442 8.45775220030919 8.38053528498858 8.47197636892088 8.02337716892362 8.45583970705047 8.27206105797086 8.65760774584487 8.81443219305947 9.1064699136652 8.48476616758853 8.23494673566893 8.42189295170829 7.96922970353626 8.25526697654277 7.98070466308855 8.60250403382815 9.09065086228241 9.08819194237835 9.1500747599639 9.16370127443224 8.33535263175145 9.49991758931428 6.41975157149136 9.5563600466121 9.12515258218627 8.4250007532537 8.5605487129651 8.83021026244387 8.51751761464402 9.17159030912444 8.89224676252343 8.81108532985672 8.90192875964567 8.65521712927148 8.9428083030507
-9999 -9999 -9999 -9999 -9999 -9999 -9999 -9999 -9999 -9999 -9999 -9999 -9999 -9999 -9999 -9999 7.53472700305283 7.84143285833013 7.81634977366775 7.25168613903224 7.51776176365092 7.37432476924732 7.48979154974222 7.67303231009282 7.88017923617736 8.06903794547543 8.13932207273319 8.58636737195775 8.11876277020201 8.18689534254372 8.16466260841116 7.81491540372372 8.5842158170417 8.53867457131855 9.00400808732957 9.03221736289561 8.17828912287951 8.13669239450246 8.65145190816838 8.45476392959245 8.66669208882377 8.11063467385247 8.16442354675382 9.04859308642335 9.3173222954385 9.18127230624668 8.89848627177998 7.14554276317358 8.91985838394612 9.18019652878866 8.68964200792834 9.10991240153089 9.30498671391979 9.01022369042039 8.99014251120389 9.10919521655887 9.02528457483277 9.21562546640635 9.23416469793301 8.82518996763974 8.79291664389893 8.89188817003742
-9999 -9999 -9999 -9999 -9999 -9999 -9999 -9999 -9999 -9999 -9999 -9999 -9999 -9999 -9999 -9999 7.95683461092412 7.03007598267868 7.3693044744432 4.92011779500172 7.9272743826732 6.9949339190498 7.60525833023712 7.78921627555974 8.18091880111024 8.08577226148918 7.05015716189519 8.13920254190452 5.92776268068701 8.45201472053304 8.70709350891411 8.79745881538838 9.01476586190984 8.81389430433046 8.96528009884059 8.84909613337368 8.86272264784202 8.51440981309861 8.52325509442016 8.26219976460561 8.1885687741451 8.67458112351596 8.04403209611774 8.59569077659398 8.63633125834167 8.67362487688661 8.78191980766132 9.25514235836454 8.74199651088566 7.85842462535948 8.67242956859991 8.99731436092407 9.30283515900373 9.39965513022617 8.47394862759393 8.96557892591227 9.13859980041161 9.18163089873269 9.40270316635724 9.03227712830994 8.64302498474717 8.79435101384297
-9999 -9999 -9999 -9999 -9999 -9999 -9999 -9999 -9999 -9999 -9999 -9999 -9999 -9999 -9999 -9999 -9999 6.0549998646602 6.17746201528113 8.16968290321529 7.89715261384845 7.90396587108262 8.04094820073806 8.00795769202523 8.00903346948326 7.98703979700804 8.17709381459281 6.86010314431041 8.50711843254976 8.75634021032602 8.83642586553469 8.74199651088566 8.81514937803149 8.80026778986212 8.4304991713725 8.8541164281778 8.81706187129021 8.86941637424752 8.71241263078991 8.41998045844957 8.51823479961604 8.59832045482472 8.65037613071036 8.44594255443662 9.313592933584 8.73482466116548 7.57011626660824 8.50245673023164 9.31646167347208 9.3652302515693 9.41471601463854 7.520630503539 7.62089296262711 8.49126864466816 8.5885189268738 8.33009327528998 8.6562929067295 8.72890788514633 9.23022018058691 9.47495955228806 9.16961805045139 9.34461118362378
-9999 -9999 -9999 -9999 -9999 -9999 -9999 -9999 -9999 -9999 -9999 -9999 -9999 -9999 7.93627375795461 8.26691269442173 8.03833559833999 8.35256507107988 7.39978483575396 7.28563289437443 8.01728109666146 8.09401988866739 8.09868159098551 8.30523086292669 8.22179834451526 8.17087821150199 8.05660673929378 8.13286740798503 8.33033233694732 8.6614327323623 8.63298439513892 8.71593879023567 8.49337238725275 8.46193577931263 8.59879857813939 8.79602444544435 8.73386841453612 8.88495538197458 8.78287605429068 8.69370605610311 8.79865412367508 8.58349863206968 8.68581702141091 8.41610765960067 9.03977171126753 8.87424541972578 8.82016967283562 8.62222662055865 8.64971871115267 9.31000700872391 7.38450879584998 9.49504073150456 8.40434582605958 8.71015349812806 8.40836206190288 8.48578217963222 8.53741949761752 8.73356958746444 8.78933071903884 8.92473524175584 9.06731161419302 9.05870539452881
-9999 -9999 -9999 -9999 -9999 -9999 -9999 -9999 -9999 -9999 -9999 -9999 -9999 7.19837538944557 7.17685984028503 7.21080659562722 7.24415569682606 7.22837762744166 7.34276863047853 7.59091463079676 7.90814945008606 5.36477247765288 8.09186833375134 8.20888901501894 8.22849207092077 8.19430625392124 8.61433758586645 8.4474725490436 8.54166284203529 8.60023294808343 8.73291216790676 8.71139661874622 8.29447308834642 8.78000731440261 8.70876694051549 8.78837447240949 8.83164463238791 8.662628040649 8.85053050331771 8.82423372101039 8.54763938346878 8.63262580265291 8.68031860329211 8.87419760739431 8.77771232249215 9.04464856907725 8.85985390795395 8.91005685599521 8.99014251120389 9.26769309537485 9.4247566042468 8.74070557793602 9.41471601463854 8.15132296793163 8.17721334542148 8.10011596092954 9.05684071360156 9.02976698090788 9.29207738442346 7.54501479258761 8.40491957403719 9.1383129264228
-9999 -9999 -9999 -9999 -9999 -9999 -9999 -9999 -9999 -9999 10.8437436624544 7.66119875805452 6.83547979360446 7.14530370151624 7.06832584785298 7.93731497228146 8.43671477446333 8.07836135011166 6.90528579754755 7.19263790966943 4.91366313025355 4.56009093904868 8.03377635101788 8.11350341374055 8.29566839663312 8.5258847726509 8.59330016002059 8.5089113949798 8.53329568402842 8.49910986702889 8.42715230816975 8.63011565525085 8.31204412016086 8.86367889447138 8.87061168253422 8.82805870752782 8.73028248967603 8.8127587614581 8.7993713086471 8.80056661693379 8.66597490385175 8.7835932392627 8.96504103718325 8.89188817003742 9.05253760376945 9.05612352862954 9.16657001432031 9.25191502599046 9.09485151711851 8.11933651817963 8.41668140757829 8.63054596623406 8.58163395114243 9.41973630944267 8.28328500278294 9.4649189626798 8.80708104709629 9.05002745636739 9.10058899689466 9.19224523631856 7.2380596245639 9.0304483066313
-9999 -9999 -9999 -9999 -9999 -9999 -9999 -9999 -9999 -9999 14.6949996715412 14.8726510825431 8.84025085205212 8.05461455881596 6.6286316945916 6.98503676643595 13.1449997061864 -9999 -9999 9.22999979369342 -9999 9.70566851442541 7.59952085046098 7.44174015661702 7.41018401784822 8.46444592671469 8.64517653966323 8.61816257238388 7.83404033631086 8.62342192884535 8.7757042045705 8.27941220393404 8.65665149921551 8.79554632212967 8.38161106244661 8.8328399406746 8.88280382705852 8.75060273054987 8.70470289234072 8.92487867875025 7.78025146340951 8.84096803702414 9.01596117019653 9.03747671935707 9.06401256332174 9.00018310081214 9.11564988130704 8.35830255085602 9.21533859241754 7.3176671564579 8.59310891069472 8.58321175808087 8.55724966209382 8.60616167718545 8.6163457037881 8.97278663488105 8.92272712383419 9.15509505476803 9.32506789313629 8.56026183897629 9.16513564437628 9.40754416491836
-9999 -9999 -9999 -9999 -9999 -9999 -9999 -9999 -9999 -9999 -9999 -9999 -9999 -9999 -9999 -9999 -9999 -9999 -9999 -9999 -9999 -9999 -9999 -9999 -9999 10.7860932119656 7.49481184454635 8.59533218410797 8.55445264070295 8.51464887475595 8.6815139115788 8.48165836604312 8.21629992639646 8.76088238181546 8.80391348013654 8.8206477961503 8.91268653422594 8.89475690992549 8.86822106596082 9.11493269633502 9.04464856907725 8.93922237819061 9.05253760376945 9.07477033790201 9.09987181192264 8.47233496140689 9.1299935807474 9.12353891599923 5.23998229252174 5.51968443160877 8.3465885296464 8.33592637972906 7.72502822056413 8.88973661512136 7.45034637628123 8.79176914794371 9.1500747599639 8.85244299657643 9.04751730896533 8.51393168978393 8.5245101681212 8.8474227017723
-9999 -9999 -9999 -9999 -9999 -9999 -9999 -9999 -9999 -9999 -9999 -9999 -9999 -9999 -9999 -9999 -9999 -9999 -9999 -9999 -9999 -9999 -9999 -9999 -9999 10.6396679468453 8.7854260453023 8.10549484821968 8.12772758235224 8.50652077840641 7.92942593758926 8.09939877595752 8.69107637787238 8.42033905093558 8.73793246271089 8.81060720654204 8.84311959194019 8.77187921805307 9.1299935807474 8.84455396188423 8.92918178858235 9.00233465572819 8.85244299657643 8.45655689202249 8.91770682903007 9.03747671935707 9.09628588706255 7.01142917340621 9.09269996220246 8.24355295533314 8.59382609566674 9.10489210672677 8.23996703047305 9.18234808370471 8.2020996639505 8.95643481751904 8.76853235485032 8.80510878842324 8.66938153246883 8.65790657291654 8.07501448690891 8.04991301288828
-9999 -9999 -9999 -9999 -9999 -9999 -9999 -9999 -9999 -9999 -9999 -9999 -9999 -9999 -9999 -9999 -9999 -9999 -9999 -9999 -9999 -9999 -9999 -9999 -9999 -9999 -9999 9.87857169494964 7.83780555741396 7.73435162520036 7.80176701257005 7.69239630433731 8.15569779626094 8.70159509079531 8.20088044949807 8.26470991200767 8.74486525077373 8.97651599673554 8.95356607763097 8.84670551680028 9.00090028578416 8.82949307747185 8.76996672479436 8.33592637972906 8.84527114685625 8.93850519321859 8.9786675516516 8.42356638330966 7.68486586213112 8.54118471872061 8.4608600018546 7.52780235325918 6.74535354878753 8.13081147773191 8.38627276476473 8.82949307747185 5.95429852465168 8.73812371203676 8.47717595996801 8.43360697291791 8.49413738455623 8.89475690992549
