EcologicalScience/Bass/data/rs_data_bass/sst_448.asc
NCOLS 226 
NROWS 124 
XLLCORNER -9.41648524995501 
YLLCORNER 47.587301625531 
CELLSIZE 0.0833 
NODATA_value -9999 
[rows 0 to 26 of 124, columns 62 to 123 of 226]
-9999 -9999 -9999 -9999 -9999 -9999 -9999 -9999 -9999 -9999 -9999 -9999 -9999 -9999 -9999 -9999 -9999 -9999 -9999 -9999 -9999 -9999 -9999 -9999 -9999 -9999 -9999 -9999 -9999 -9999 -9999 -9999 -9999 -9999 -9999 -9999 -9999 -9999 -9999 -9999 -9999 -9999 -9999 -9999 -9999 -9999 -9999 -9999 -9999 -9999 -9999 -9999 -9999 -9999 -9999 -9999 -9999 -9999 -9999 -9999 -9999 -9999
-9999 -9999 -9999 -9999 -9999 -9999 -9999 -9999 -9999 -9999 -9999 -9999 -9999 -9999 -9999 -9999 -9999 -9999 -9999 -9999 -9999 -9999 -9999 -9999 -9999 -9999 -9999 -9999 -9999 -9999 -9999 -9999 -9999 -9999 -9999 -9999 -9999 -9999 -9999 -9999 -9999 -9999 -9999 -9999 -9999 -9999 -9999 -9999 -9999 -9999 -9999 -9999 -9999 -9999 -9999 -9999 -9999 -9999 -9999 -9999 -9999 -9999
-9999 -9999 -9999 -9999 -9999 -9999 -9999 -9999 -9999 -9999 -9999 -9999 -9999 -9999 -9999 -9999 -9999 -9999 -9999 -9999 -9999 -9999 -9999 -9999 -9999 -9999 -9999 -9999 -9999 -9999 -9999 -9999 -9999 -9999 -9999 -9999 -9999 -9999 -9999 -9999 -9999 -9999 -9999 -9999 -9999 -9999 -9999 -9999 -9999 -9999 -9999 -9999 -9999 -9999 -9999 -9999 -9999 -9999 -9999 -9999 -9999 -9999
-9999 -9999 -9999 -9999 -9999 -9999 -9999 -9999 -9999 -9999 -9999 -9999 -9999 -9999 -9999 -9999 -9999 -9999 -9999 -9999 -9999 -9999 -9999 -9999 -9999 -9999 -9999 -9999 -9999 -9999 -9999 -9999 -9999 -9999 -9999 -9999 -9999 -9999 -9999 -9999 -9999 -9999 -9999 -9999 -9999 -9999 -9999 -9999 -9999 -9999 -9999 -9999 -9999 -9999 -9999 -9999 -9999 -9999 -9999 -9999 -9999 -9999
-9999 -9999 -9999 -9999 -9999 -9999 -9999 -9999 -9999 -9999 -9999 -9999 -9999 -9999 -9999 -9999 -9999 -9999 -9999 -9999 -9999 -9999 -9999 -9999 -9999 -9999 -9999 -9999 -9999 -9999 -9999 -9999 -9999 -9999 -9999 -9999 -9999 -9999 -9999 -9999 -9999 -9999 -9999 -9999 -9999 -9999 -9999 -9999 -9999 -9999 -9999 -9999 -9999 -9999 -9999 -9999 -9999 -9999 -9999 -9999 -9999 -9999
-9999 -9999 -9999 -9999 -9999 -9999 -9999 -9999 -9999 -9999 -9999 -9999 -9999 -9999 -9999 -9999 -9999 -9999 -9999 -9999 -9999 -9999 -9999 -9999 -9999 -9999 -9999 -9999 7.47999983280897 11.7840082881972 13.1971495570615 13.2703024242073 12.8421429959126 13.0451063429937 12.9805596955121 13.0479750828817 12.8823053543456 13.2810601987876 13.1741996379569 13.1627246784046 13.2516556149349 13.296838268172 13.3879207596183 13.5442670835182 13.6582994940691 13.7436445057392 13.6783806732856 13.6740775634535 13.7587053901516 13.8053224133328 13.9803155465052 13.9652546620928 14.0792870726436 14.2571489457041 14.0247810147703 14.0764183327556 14.1545914947055 14.0326700494625 13.3330561092589 13.2885906409938 13.1017639557831 13.020004868973
-9999 -9999 -9999 -9999 -9999 -9999 -9999 -9999 -9999 -9999 -9999 -9999 -9999 -9999 -9999 -9999 -9999 -9999 -9999 -9999 -9999 -9999 -9999 -9999 -9999 -9999 -9999 8.15055797062814 13.1247138748877 13.2738883490674 13.1146732852794 12.9360942272469 12.9525894816034 12.9246192676947 12.8378398860805 12.7897884929553 12.9332254873589 13.0601672274061 13.0494094528258 13.179219932761 13.2064729616977 13.3606677306816 13.3972441642545 13.4660939215682 13.537095233798 13.693441557698 13.7579882051796 14.2650379803963 13.9996795407496 14.0599230783992 14.2607348705642 14.212683477439 14.2435224312358 14.2772301249206 14.4099093447439 14.4651325875893 14.3417767724022 13.7529679103754 13.617419950664 13.9964522083756 13.1430020916741 13.057298487518
-9999 -9999 -9999 -9999 -9999 -9999 -9999 -9999 -9999 -9999 -9999 -9999 -9999 -9999 -9999 -9999 -9999 -9999 -9999 -9999 -9999 -9999 -9999 -9999 -9999 -9999 8.99314406312381 13.5722372974269 13.1799371177331 12.9339426723309 12.9949033949524 12.8729819497094 12.8227790016681 12.8830225393176 12.4376506716944 12.1098971394822 12.7603839091025 12.6750388974324 12.6915341517888 12.7718588686548 13.1297341696918 13.2222510310821 13.0773796667345 13.337717811577 13.4775688811205 13.6669057137333 13.696310297586 13.6826837831177 13.7300179912709 13.8390301070176 14.1596117895097 14.7498550214805 14.9650105130859 14.8380687730387 14.7161473277956 14.8323312932625 15.0274056056514 15.2748344209976 15.3953214962967 15.409665195737 13.7992263410706 14.2410122838337
-9999 -9999 -9999 -9999 -9999 -9999 -9999 -9999 -9999 -9999 -9999 -9999 -9999 -9999 -9999 -9999 -9999 -9999 -9999 -9999 -9999 -9999 -9999 -9999 -9999 -9999 13.097460845951 13.2408978403546 13.057298487518 12.979125325568 12.7567979842424 13.0078127244487 12.7840510131791 12.7273934003897 12.4311960069463 12.5359050128609 12.5495315273292 12.6155125447549 12.7316965102218 12.6671498627402 12.6857966720127 12.8141727820039 12.9751808082219 13.0153431666549 13.5069734649733 13.6891384478658 13.6927243727259 13.7601397600956 13.8698690608144 14.7347941370681 14.4249702291563 13.3972441642545 14.7749564955011 14.9255653396249 14.9148075650446 14.9535355535336 15.0740226288326 15.1500442358665 14.7347941370681 14.0904034397099 14.1997741479427 14.3098620411474
-9999 -9999 -9999 -9999 -9999 -9999 -9999 -9999 -9999 -9999 -9999 -9999 -9999 -9999 -9999 -9999 -9999 -9999 -9999 -9999 -9999 -9999 -9999 -9999 -9999 9.77242055734886 13.2860804935917 13.2251197709702 13.0336313834414 12.502197319176 12.9038209035061 12.9490035567433 13.0300454585813 12.7446058397181 12.3200323362835 12.89808342373 12.9231848977506 12.6700186026283 12.9475691867992 12.8693960248493 13.0235907938331 12.8880428341217 13.1247138748877 13.2315744357184 13.3291115919128 13.5313577540219 13.6719260085374 13.8017364884727 13.097102253465 13.8121356705669 14.2187795497011 13.6855525230058 14.8459578077309 14.9348887442611 14.9578386633657 14.9915463570505 14.9521011835895 15.0919522531331 15.0525070796721 15.6549424561672 15.5997192133218 15.44982755417
-9999 -9999 -9999 -9999 -9999 -9999 -9999 -9999 -9999 -9999 -9999 -9999 -9999 -9999 -9999 -9999 -9999 -9999 -9999 -9999 -9999 -9999 -9999 -9999 14.9114790912001 13.4223456382751 13.1713308980688 13.1949980021454 13.0766624817625 12.6865138569847 11.3733481732197 11.78214360727 12.3472853652202 12.5667439666577 12.6287804667372 12.7363582125399 13.2071901466697 13.0035096146166 13.0078127244487 13.0451063429937 12.7905056779273 12.9066896433942 12.9145786780864 13.2875148635358 13.2760399039835 13.5227515343577 13.577616184717 13.6052278061397 13.4191183059011 13.4302346729673 14.9434949639253 14.9865260622464 15.0847804034129 15.0725882588886 15.12996305665 15.1937925191596 15.2597735365853 15.1916409642436 15.4362010397017 15.527283531148 15.6692861556076 15.5401928606443
-9999 -9999 -9999 -9999 -9999 -9999 -9999 -9999 -9999 -9999 -9999 -9999 -9999 -9999 -9999 -9999 -9999 -9999 -9999 -9999 -9999 -9999 -9999 -9999 12.7689901287667 12.8901943890378 12.8485976606607 12.8392742560245 12.9719534758478 12.7919400478713 12.6355937239714 12.102725289762 11.8165684859268 12.8249305565841 12.779747903347 12.4684896254912 13.1899777073413 13.2373119154945 13.3477584011853 13.2803430138156 13.45784629439 13.1175420251675 13.3714255052619 13.8411816619337 13.8662831359543 13.5779747772031 13.7285836213268 13.8325754422694 13.9702749568969 13.9462492603343 14.6996520734392 14.9097872702405 14.929868449457 15.0976897329092 15.0862147733569 14.9011810505763 15.3322092187591 15.2569047966972 15.4161198604852 15.2612079065293 15.2690969412215 15.4950102074072
-9999 -9999 -9999 -9999 -9999 -9999 -9999 -9999 -9999 -9999 -9999 -9999 -9999 -9999 -9999 -9999 -9999 -9999 -9999 -9999 -9999 -9999 -9999 10.8349997578189 12.6843623020686 12.6434827586636 12.4398022266105 12.8213446317241 12.5480971573852 12.3444166253321 12.1622516424395 12.2059999257326 12.2354045095854 12.1651203823276 12.8507492155768 13.2444837652147 13.2337259906344 13.4022644590586 13.2401806553826 13.5277718291618 13.6496932744049 13.5012359851971 13.5159382771235 13.7651600548998 14.174672673922 14.1101260264404 13.6453901645727 13.53422649391 13.9085970493034 14.2392193214037 14.3475142521784 14.1947538531385 13.7838068641722 14.8323312932625 14.691045853775 14.6358226109296 15.0704367039725 15.1543473456986 15.129245871678 15.2382579874247 15.5638599647209 15.6190832075663
-9999 -9999 -9999 -9999 -9999 -9999 -9999 -9999 -9999 -9999 -9999 -9999 -9999 -9999 -9999 -9999 -9999 -9999 -9999 -9999 -9999 10.7376962188358 12.6305734291673 12.6454294035876 12.3336588507518 12.3092745617032 12.4039429780096 12.461317775771 11.5275429422036 12.0704519660212 12.1780297118239 12.1228064689785 12.4964598393999 12.1378673533909 12.8894772040658 13.1548356437124 13.4273659330793 13.2911007883959 13.5607623378746 13.4897610256448 13.454977554502 14.0599230783992 14.095065142028 13.4542603695299 14.2047944427468 13.5890911442693 13.653996384237 14.1409649802372 13.9444562979043 14.0620746333152 14.1251869108528 14.2679067202844 14.3209784082137 14.7900173799135 14.6365397959016 14.649449125398 14.9033326054923 15.1242255768739 15.327188923955 14.4615466627292 15.3903012014925 15.486403987743
-9999 -9999 -9999 -9999 -9999 -9999 -9999 -9999 -9999 -9999 -9999 -9999 -9999 -9999 -9999 -9999 -9999 -9999 -9999 -9999 10.9549997551367 12.8470608357207 13.4402752625756 13.2358775455505 13.1110873604193 13.0816827765666 12.8256477415562 12.1514938678592 11.7082735551521 10.6575975711457 11.9635914051905 12.0575426365249 12.3372447756119 12.6377452788875 13.0078127244487 13.0321970134974 12.6384624638595 12.4498428162187 13.1071428430732 14.1603289744817 13.5442670835182 13.5507217482664 13.6030762512237 13.4212698608171 13.536736641312 13.6615268264432 13.9616687372327 13.6819665981457 13.6518448293209 13.6905728178099 13.8770409105346 14.1101260264404 14.2248756219633 14.2399365063757 14.4773247321136 14.5956602524966 14.8215735186823 14.9951322819106 14.5243003477808 13.9172032689676 13.8698690608144 14.8079470042139
-9999 -9999 -9999 -9999 -9999 -9999 -9999 -9999 -9999 -9999 -9999 -9999 -9999 -9999 -9999 -9999 -9999 -9999 -9999 -9999 11.6099997404963 12.8148899669759 13.2911007883959 13.1806543027051 13.13618883444 13.057298487518 12.9195989728905 12.6972716315649 12.7596667241305 12.7352824350819 12.3623462496325 12.1665547522716 12.3329416657798 12.7840510131791 13.0321970134974 12.9282051925547 13.0422376031056 13.9824671014212 13.3979613492265 13.9674062170088 14.0219122748822 14.0627918182872 13.574388852343 13.5682927800808 13.2961210832 13.61598558072 13.7859584190883 13.5392467887141 13.7257148814388 13.8332926272415 13.8648487660103 14.092913587112 13.6848353380337 13.9566484424286 14.3052003388293 14.4271217840724 14.7247535474598 14.3840906857513 14.4794762870297 13.9853358413093 13.9681234019808 15.1098818774335
-9999 -9999 -9999 -9999 -9999 -9999 -9999 -9999 -9999 -9999 -9999 -9999 -9999 -9999 -9999 -9999 -9999 -9999 9.93044216891892 13.5399639736861 12.9984893198125 12.8478804756887 12.938962967135 13.0250251637772 13.0113986493088 12.9346598573029 12.5122379087843 12.8098696721718 12.5588549319655 12.3551743999124 12.2669606483541 12.4326303768903 12.4276100820862 12.4978942093439 12.8105868571438 13.4409924475476 13.0845515164547 13.4123050486669 13.8734549856745 14.052034043707 14.0850245524198 14.0721152229235 13.8777580955066 13.8885158700868 14.0391247142106 13.8182317428291 13.8716620232444 13.7178258467466 13.9172032689676 14.0764183327556 14.2607348705642 14.2334818416275 14.2234412520193 14.3077104862314 14.5052949460223 14.5949430675246 14.532547974959 14.2499770959839 14.6441897689365 12.7202215506695 13.7049165172502 14.9198278598487
-9999 -9999 -9999 -9999 -9999 -9999 -9999 -9999 -9999 -9999 -9999 -9999 -9999 -9999 -9999 -9999 7.57698903493583 13.6676228987053 13.5327921239659 13.3699911353178 12.8765678745694 12.6628467529081 12.5954313655384 12.899517793674 12.9927518400364 12.7245246605016 12.6520889783278 12.3974883132614 12.261223168578 12.4096804577857 12.50004576426 12.6277046892792 12.7309793252498 12.8471632907167 12.5172582035884 13.2860804935917 12.7309793252498 13.4352549677715 13.6267433553003 13.9114657891914 13.9466078528203 14.1452680900693 13.9365672632121 13.9207891938277 14.0326700494625 14.0577715234831 13.8777580955066 13.6622440114152 14.3589892117307 14.0563371535391 14.0864589223638 14.0986510668881 12.3099917466752 13.8415402544197 14.094706549542 13.9677648094948 14.3252815180458 13.4503158521838 14.6010391397867 12.899517793674 12.8758506895974 14.3216955931857
-9999 -9999 -9999 -9999 -9999 -9999 -9999 -9999 -9999 -9999 -9999 -9999 -9999 -9999 -9999 -9999 7.95540634468198 14.172521119006 13.5586107829586 13.4926297655329 12.8450117358007 12.7682729437947 13.1196935800835 12.4290444520302 12.5229956833646 12.3946195733733 12.5423596776091 12.5753501863219 12.3544572149403 11.9054994224571 12.0582598214969 12.4735099202953 12.6370280939154 11.4006012021564 11.3166905604303 12.9884487302043 13.3126163375564 13.4897610256448 13.5916012916714 13.7436445057392 13.7278664363548 13.7508163554594 13.8698690608144 13.9882045811974 14.0864589223638 13.9042939394712 14.1000854368322 13.9390774106141 14.2600176855922 13.4847407308407 14.1022369917482 14.052034043707 14.1940366681665 14.1545914947055 14.2019257028587 14.4773247321136 14.1409649802372 14.0229880523402 13.4266487481073 13.0300454585813 12.897366238758 12.7646870189346
-9999 -9999 -9999 -9999 -9999 -9999 -9999 -9999 -9999 -9999 -9999 -9999 -9999 -9999 -9999 -9999 -9999 -9999 6.54573479892192 13.1125217303634 13.1598559385166 13.4359721527435 12.3250526310876 12.3544572149403 12.2296670298092 12.2440107292496 12.4562974809669 12.3903164635412 12.5423596776091 12.4290444520302 12.4943082844839 12.1636860123836 12.1672719372436 12.8916287589818 12.0274208677001 12.3264870010316 12.5136722787283 10.6088289930485 11.2887203465216 13.6912900027819 13.5234687193297 13.7429273207672 13.5923184766434 13.7436445057392 13.8189489278011 14.2090975525789 13.6654713437892 14.3216955931857 14.2614520555362 14.7527237613685 13.1146732852794 14.1897335583344 14.3511001770385 14.4579607378691 14.3747672811151 14.3457212897483 14.4966887263581 13.9462492603343 13.1161076552235 12.9762565856799 12.8650929150172 14.5849024779163
-9999 -9999 -9999 -9999 -9999 -9999 -9999 -9999 -9999 -9999 -9999 -9999 -9999 -9999 8.25651844991764 12.8399914409965 12.6097750649787 11.5947790333303 12.9841456203721 12.8909115740098 12.1149174342863 13.1010467708111 13.0149845741689 12.579653296154 12.3580431398004 12.0525223417208 12.1106143244542 12.2088686656207 12.7152012558654 12.5301675330848 12.5050660590641 12.7718588686548 12.5524002672173 12.7847681981511 12.8658100999892 12.8249305565841 12.5308847180568 11.8890041681007 13.2136448114179 13.2387462854385 13.6353495749645 13.7952818237245 13.7680287947878 13.6618854189292 13.7034821473062 13.774483459536 12.8313852213323 14.2298959167674 14.5619525588118 14.7147129578516 14.6652271947823 14.1768242288381 14.3783532059751 14.5397198246792 10.7300332533196 14.1058229166083 13.9534211100545 12.4046601629816 12.5624408568256 12.8213446317241 14.4278389690444 14.6480147554539
-9999 -9999 -9999 -9999 -9999 -9999 -9999 -9999 -9999 -9999 -9999 -9999 -9999 13.4474471122958 13.3319803318009 13.3556474358775 12.9181646029465 12.7976775276475 12.4792474000715 12.8012634525076 12.9052552734502 12.9461348168552 12.979125325568 12.7582323541865 12.2174748852849 12.9447004469112 12.538773752749 13.0099642793648 12.2311013997532 12.3250526310876 12.4010742381215 12.5029145041481 12.5710470764898 12.581087666098 12.7940916027874 12.737433989998 12.5100863538682 13.2459181351587 13.0917233661748 13.1577043836005 13.496932875365 14.0749839628115 14.0972166969441 13.9007080146112 14.0663777431473 13.6317636501044 13.7859584190883 14.4873653217219 14.5296792350709 14.852412472479 14.8703420967795 14.4020203100517 14.4601122927852 14.8194219637662 14.7347941370681 15.1149021722376 14.0265739772003 13.9042939394712 14.5221487928648 14.3851664632093 14.7534409463406 15.3400982534513
-9999 -9999 -9999 -9999 -9999 -9999 -9999 -9999 -9999 -9999 10.4202093454078 13.3047273028642 13.3262428520247 13.8476363266818 13.5048219100572 13.2043214067817 13.1196935800835 14.3946093986742 12.9547410365194 11.2973743785173 13.6747947484255 13.0436719730496 13.0644703372382 13.0831171465106 13.1971495570615 13.0443891580217 13.4338205978274 12.8765678745694 12.8070009322837 12.6119266198948 12.2640919084661 12.3838617987931 12.6420483887196 12.7252418454736 12.6047547701746 12.5057832440361 12.7051606662571 12.3888820935972 13.7967161936685 13.9817499164492 13.8791924654506 14.0757011477835 13.9939420609735 14.2255928069353 14.1839960785583 15.2404095423408 14.5942258825526 14.3073518937454 14.7792596053332 12.299951157067 12.4699239954352 15.6535080862232 15.9999084277079 15.9396648900583 15.964766364079 14.3138065584935 15.2167424382642 12.6951200766489 12.6621295679361 14.811174336588 14.5978118074127 14.7161473277956
-9999 -9999 -9999 -9999 -9999 -9999 -9999 -9999 -9999 -9999 -9999 13.9331037845667 11.5432349493913 13.7572710202076 14.5002746512182 12.2613666055724 11.9199997335672 -9999 -9999 9.22999979369342 -9999 9.71644925934286 12.7759229168296 12.8500320306048 12.7897884929553 13.4137394186109 13.4452955573797 13.2452009501867 12.4735099202953 12.741019914858 12.4656208856031 12.4053773479536 12.5918454406783 12.621250024531 12.6147953597829 12.7022919263691 12.9289223775268 12.860072620213 13.9882045811974 13.9552140724845 14.0893276622519 14.5598010038957 14.411343714688 14.5540635241196 14.8983123106882 14.7046723682433 15.5796380341053 15.5086367218755 15.5731833693571 15.5939817335457 15.9231696357019 16.0336161213927 16.0285958265886 16.0128177572042 15.9604632542469 16.0328989364207 12.9217505278066 12.8650929150172 15.4734946582466 14.492385616526 15.3149967794307 14.650883495342
-9999 -9999 -9999 -9999 -9999 -9999 -9999 -9999 -9999 -9999 -9999 -9999 -9999 -9999 -9999 -9999 -9999 -9999 -9999 -9999 -9999 -9999 -9999 -9999 -9999 12.6618537275622 13.4352549677715 12.9568925914355 12.8163243369199 12.7130497009493 12.6370280939154 12.5559861920774 12.6814935621805 12.6800591922365 12.6262703193352 12.7087465911172 12.9411145220511 13.2071901466697 13.4639423666522 13.6260261703283 14.3984343851916 14.6193273565732 14.7498550214805 15.1019928427413 14.4443342234008 13.3929410544224 13.1598559385166 15.2812890857458 15.4534134790301 15.6908017047681 15.887310387101 15.9432508149184 15.9769585086033 16.0666066301055 16.0077974624 16.1749015608802 16.3807336478494 13.1899777073413 15.6011535832658 15.6348612769507 16.364955578465 16.0988799538463
-9999 -9999 -9999 -9999 -9999 -9999 -9999 -9999 -9999 -9999 -9999 -9999 -9999 -9999 -9999 -9999 -9999 -9999 -9999 -9999 -9999 -9999 -9999 -9999 -9999 10.6396679468453 12.9796831361018 12.8851740942337 12.6434827586636 12.5574205620214 12.4017914230935 12.4527115561068 12.5667439666577 12.4354991167784 12.58180485107 12.6499374234118 13.3922238694504 13.3807489098981 13.5629138927907 14.6888942988589 14.0082857604139 14.3898281655274 14.9434949639253 14.7763908654451 14.6802880791947 12.7474745796062 15.4182714154013 15.2726828660816 15.2533188718371 15.5846583289094 15.9066743813455 15.9719382137991 16.0372020462528 16.1541031966917 16.1311532775871 16.3929257923737 16.444563110359 16.525605012197 16.0967283989303 16.0945768440142 16.1490829018876 15.8371074390598
-9999 -9999 -9999 -9999 -9999 -9999 -9999 -9999 -9999 -9999 -9999 -9999 -9999 -9999 -9999 -9999 -9999 -9999 -9999 -9999 -9999 -9999 -9999 -9999 -9999 -9999 -9999 13.0888546262868 12.8550523254089 13.1799371177331 12.8342539612204 12.3888820935972 12.3623462496325 12.5688955215737 12.6542405332439 13.1024811407551 12.9611957012676 13.1161076552235 13.9953764309175 14.0448621939868 13.7293008062989 14.3647266915068 15.5760521092452 15.5323038259521 15.2798547158018 15.4828180628829 15.6033051381819 15.7101656990126 15.847148028668 15.7696920516901 15.7022766643204 15.9798272484913 16.1720328209922 16.2286904337816 16.2961058211513 15.927472745534 16.5722220353782 16.0113833872601 15.9425336299464 16.5887172897346 15.9231696357019 15.926755560562
