EcologicalScience/Bass/data/rs_data_bass/sst_169.asc
NCOLS 226 
NROWS 124 
XLLCORNER -9.41648524995501 
YLLCORNER 47.587301625531 
CELLSIZE 0.0833 
NODATA_value -9999 
[rows 54 to 80 of 124, columns 0 to 61 of 226]
-9999 -9999 -9999 -9999 -9999 -9999 -9999 -9999 -9999 -9999 -9999 -9999 -9999 -9999 -9999 -9999 -9999 -9999 -9999 -9999 -9999 -9999 -9999 -9999 -9999 -9999 -9999 -9999 -9999 -9999 -9999 -9999 -9999 -9999 -9999 -9999 -9999 -9999 12.7501042578369 15.6249999835854 15.4978789472952 15.2820062707178 15.2196111781523 15.2310861377046 15.0761741837487 15.2848750106059 15.1894894093275 15.1213568369858 15.3831293517724 15.3200170742348 15.2432782822289 15.2296517677605 15.0919522531331 14.9599902182817 15.8041169303469 15.9023712715134 16.084536254406 16.1713156360202 14.2011405788785 12.43367897735 -9999 16.6582842320204
-9999 -9999 -9999 -9999 -9999 -9999 -9999 -9999 -9999 -9999 -9999 -9999 -9999 -9999 -9999 -9999 -9999 -9999 -9999 -9999 -9999 -9999 -9999 -9999 -9999 -9999 -9999 -9999 -9999 -9999 -9999 -9999 -9999 -9999 -9999 -9999 -9999 -9999 13.6099996957928 15.0015869466588 15.2683797562495 15.2346720625646 15.087649143301 14.6566209751181 15.2963499701582 15.2368236174807 15.2848750106059 15.329340478871 15.3895840165205 15.2526016868651 15.2712484961376 15.287743750494 15.2045502937399 15.7445905776694 15.7503280574456 15.8564714333043 15.8815729073249 15.9359992779791 5.84453708825693 13.6649996945634 -9999 15.4499996546656
-9999 -9999 -9999 -9999 -9999 -9999 -9999 -9999 -9999 -9999 -9999 -9999 -9999 -9999 -9999 -9999 -9999 -9999 -9999 -9999 -9999 -9999 -9999 -9999 -9999 -9999 -9999 -9999 -9999 -9999 -9999 -9999 -9999 -9999 -9999 -9999 -9999 -9999 -9999 15.5382068099526 15.1772972648032 15.1529129757546 15.1579332705587 15.1529129757546 15.2038331087679 15.2848750106059 15.3472701031715 15.3903012014925 14.7218848075718 15.2561876117252 15.2267830278724 15.329340478871 15.6929532596841 15.8120059650391 15.8579058032483 15.6420331266709 15.9877162831835 16.1347392024472 16.3556321738288 5.96747679851251 18.9649995760992 -9999
-9999 -9999 -9999 -9999 -9999 -9999 -9999 -9999 -9999 -9999 -9999 -9999 -9999 -9999 -9999 -9999 -9999 -9999 -9999 -9999 -9999 -9999 -9999 -9999 -9999 -9999 -9999 -9999 -9999 -9999 -9999 -9999 -9999 -9999 -9999 -9999 -9999 -9999 -9999 15.064999663271 15.2346720625646 15.290612490382 15.2318033226766 15.2920468603261 15.327188923955 15.3601794326678 15.2282173978165 15.3594622476958 15.3114108545706 14.7563096862286 15.2547532417811 15.3816949818283 15.6126285428181 15.8191778147593 16.0121005722322 15.925321190618 14.3998687551357 15.9848475432955 16.2537919078022 16.4624927346595 15.8670242978925 -9999
-9999 -9999 -9999 -9999 -9999 -9999 -9999 -9999 -9999 -9999 -9999 -9999 -9999 -9999 -9999 -9999 -9999 -9999 -9999 -9999 -9999 -9999 -9999 -9999 -9999 -9999 -9999 -9999 -9999 -9999 -9999 -9999 -9999 -9999 -9999 -9999 -9999 -9999 -9999 -9999 14.8165532238781 15.7424390227534 15.3924527564086 15.327906108927 15.2985015250742 15.3257545540109 15.4978789472952 15.3078249297105 14.9112216401845 14.9277168945409 15.2726828660816 15.2604907215573 15.0123447212391 14.3848078707233 14.9004638656043 15.8206121847034 15.8772697974928 16.2114779944532 16.2200842141174 16.4746848791838 16.477266745083 15.9099996443838
-9999 -9999 -9999 -9999 -9999 -9999 -9999 -9999 -9999 -9999 -9999 -9999 -9999 -9999 -9999 -9999 -9999 -9999 -9999 -9999 -9999 -9999 -9999 -9999 -9999 -9999 -9999 -9999 -9999 -9999 -9999 -9999 -9999 -9999 -9999 -9999 -9999 -9999 -9999 11.4649997437373 16.1053346185945 15.7345499880612 15.6126285428181 15.5480818953365 15.5509506352246 15.5007476871833 15.3773918719962 15.3816949818283 15.2224799180403 15.2619250915013 15.328623293899 15.3616138026118 14.8906623376533 14.4701528823934 15.7144688088447 15.8134403349832 15.8657948379405 16.3685415033251 16.3972289022058 16.5700704804622 -9999 -9999
-9999 -9999 -9999 -9999 -9999 -9999 -9999 -9999 -9999 -9999 -9999 -9999 -9999 -9999 -9999 -9999 -9999 -9999 -9999 -9999 -9999 -9999 -9999 -9999 -9999 -9999 -9999 -9999 -9999 -9999 -9999 -9999 -9999 -9999 -9999 -9999 -9999 -9999 -9999 15.0891731613665 16.0544144855812 16.1827905955724 16.083819069434 15.766823311802 15.6585283810273 15.3623309875838 15.3400982534513 15.3157139644027 15.4053620859049 15.4677571784705 15.4591509588063 15.4756462131627 15.4684743634425 15.608325432986 15.7402874678373 15.9755241386592 15.9977568727918 13.9149996889755 12.585483747159 15.9898678380996 16.5786767001264 16.5449690064415
-9999 -9999 -9999 -9999 -9999 -9999 -9999 -9999 -9999 -9999 -9999 -9999 -9999 -9999 -9999 -9999 -9999 -9999 -9999 -9999 -9999 -9999 -9999 -9999 -9999 -9999 -9999 -9999 -9999 -9999 -9999 -9999 -9999 -9999 -9999 -9999 -9999 -9999 -9999 15.8184606297873 15.9167149709538 15.9375133351423 15.8959166067652 15.6965391845442 15.4734946582466 15.3766746870242 15.2977843401022 15.2332376926206 15.3637653575279 15.1636707503349 15.3171483343467 15.3773918719962 15.3429669933394 15.7065797741525 15.8399761789478 15.8908963119611 15.8313699592836 16.125415797811 17.4109698601533 16.2702871621586 16.6403546077199 16.644657717552
-9999 -9999 -9999 -9999 -9999 -9999 -9999 -9999 -9999 -9999 -9999 -9999 -9999 -9999 -9999 -9999 -9999 -9999 -9999 -9999 -9999 -9999 -9999 -9999 -9999 -9999 -9999 -9999 -9999 -9999 -9999 -9999 -9999 -9999 -9999 -9999 -9999 -9999 15.0845754934209 16.0658894451335 15.768257681746 15.7811670112424 15.6377300168388 15.5990020283498 15.4283120050095 15.3773918719962 15.4161198604852 15.4146854905412 15.249732946977 15.2741172360256 15.330057663843 15.3501388430595 15.5710318144411 15.5774864791892 15.7897732309066 15.8220465546474 15.8765526125208 16.1318704625592 16.5499893012457 16.6188390585594 16.5528580411337 16.525605012197
-9999 -9999 -9999 -9999 -9999 -9999 -9999 -9999 -9999 -9999 -9999 -9999 -9999 -9999 -9999 -9999 -9999 -9999 -9999 -9999 -9999 -9999 -9999 -9999 -9999 -9999 -9999 -9999 -9999 -9999 -9999 -9999 -9999 -9999 -9999 -9999 -9999 -9999 16.2717215321027 16.1519516417757 15.9869990982115 15.8277840344235 15.4182714154013 15.4512619241141 15.4110995656811 15.3343607736751 15.4240088951774 15.3608966176398 15.3917355714366 15.1435895711184 15.2834406406619 15.4942930224352 15.6154972827062 15.4899899126031 15.8428449188359 15.8966337917373 16.1125064683147 16.3377025495283 16.2781761968508 16.324793220032 16.565050185658 16.723548064474
-9999 -9999 -9999 -9999 -9999 -9999 -9999 -9999 -9999 -9999 -9999 -9999 -9999 -9999 -9999 -9999 -9999 -9999 -9999 -9999 -9999 -9999 -9999 -9999 -9999 -9999 -9999 -9999 -9999 -9999 -9999 -9999 -9999 -9999 -9999 -9999 -9999 14.8875545361079 16.3118838905357 16.2896511564031 15.9726553987712 16.364955578465 15.4032105309889 15.330057663843 15.3157139644027 15.3049561898224 15.3859980916604 15.4828180628829 15.5423444155604 15.009475981351 15.3429669933394 15.408948010765 15.6441846815869 15.9045228264295 15.9740897687152 16.0744956647977 16.3133182604797 16.3176213703118 16.3090151506476 16.3685415033251 16.882763128262 17.1065248395316
-9999 -9999 -9999 -9999 -9999 -9999 -9999 -9999 -9999 -9999 -9999 -9999 -9999 -9999 -9999 -9999 -9999 -9999 -9999 -9999 -9999 -9999 -9999 -9999 -9999 -9999 -9999 -9999 -9999 -9999 -9999 -9999 -9999 -9999 -9999 -9999 -9999 15.6658795269905 15.7826013811864 15.7589342771098 16.2279732488096 16.4574724398553 15.6570940110832 15.3200170742348 15.6585283810273 15.5351725658402 15.2690969412215 15.3874324616045 15.3608966176398 15.3149967794307 15.3953214962967 15.8959166067652 15.7962278956547 16.0752128497697 16.1806390406564 16.2724387170747 16.4008148270659 16.5342112318613 16.6539811221883 16.9057130473666 16.9422894809395 17.0943326950073
-9999 -9999 -9999 -9999 -9999 -9999 -9999 -9999 -9999 -9999 -9999 -9999 -9999 -9999 -9999 -9999 -9999 -9999 -9999 -9999 -9999 -9999 -9999 -9999 -9999 -9999 -9999 -9999 -9999 -9999 -9999 -9999 -9999 -9999 -9999 15.6010465407327 15.9102603062056 15.8679463928565 15.7381359129213 15.7331156181172 16.2889339714311 16.3427228443325 16.3197729252279 15.4620196986943 15.3515732130036 15.4433728894219 15.3200170742348 15.3766746870242 14.930585634429 15.4620196986943 15.2676625712775 15.7008422943763 16.2136295493692 16.2315591736697 16.3893398675136 16.4632099196315 16.5528580411337 16.7027497002855 16.7005981453694 16.6331827579997 16.4538865149952 17.1925870361738
-9999 -9999 -9999 -9999 -9999 -9999 -9999 -9999 -9999 -9999 -9999 -9999 -9999 -9999 -9999 -9999 -9999 -9999 -9999 -9999 -9999 -9999 -9999 -9999 -9999 -9999 -9999 -9999 -9999 -9999 -9999 -9999 -9999 -9999 -9999 14.8054069741047 15.9597460692748 16.0787987746298 15.9045228264295 15.6915188897401 15.806268485263 15.9446851848625 16.0759300347418 15.3637653575279 15.2848750106059 15.3192998892628 15.3106936695985 15.1600848254748 14.9822229524143 15.3544419528916 15.4297463749535 15.5409100456163 15.9059571963735 16.2559434627183 16.3678243183531 16.4911801335402 16.7314370991662 16.7515182783827 16.7931150067598 16.8677022438496 16.8461866946891 17.5440076724626
-9999 -9999 -9999 -9999 -9999 -9999 -9999 -9999 -9999 -9999 -9999 -9999 -9999 -9999 -9999 -9999 -9999 -9999 -9999 -9999 -9999 -9999 -9999 -9999 -9999 -9999 -9999 -9999 6.91432358974429 9.88512492943555 13.7202522130259 16.0123396338895 15.9783928785473 10.7103603905774 14.7545167237986 15.707565903489 15.5703146294691 15.606891063042 15.5602740398608 15.5208288663998 15.5581224849448 15.5387584907003 15.2203283631243 15.209570588544 14.9779198425822 15.0008697616868 15.1349833514541 15.2160252532922 15.3723715771921 15.4426557044499 15.9088259362616 15.5466475253925 16.1117892833427 16.2301248037256 16.5399487116374 16.6475264574401 16.7773369373754 16.7995696715079 17.0706655909307 17.280800787732 17.1093935794197 17.2635883484036
-9999 -9999 -9999 -9999 -9999 -9999 -9999 -9999 -9999 -9999 -9999 -9999 -9999 -9999 -9999 -9999 -9999 -9999 -9999 -9999 -9999 -9999 10.711060450878 16.6500366048422 15.8801385373808 16.0132958805189 16.43189284252 16.3580227904022 15.4419385194778 16.3644774551503 15.7510452424176 15.8249152945355 16.324434627546 15.4835352478549 15.7044282192364 15.6793267452158 15.6377300168388 15.6714377105236 15.5703146294691 15.36806846736 15.9116946761496 15.5552537450567 15.1830347445793 15.0123447212391 15.087649143301 14.4034546799958 15.1930753341876 14.8997466806322 15.3314920337871 15.9454023698345 16.1397594972514 16.5033722780645 16.7364573939703 16.96021910524 16.5801110700704 16.7120731049217 16.9910580590367 17.0247657527216 17.7849818230607 16.804999624379 -9999 -9999
-9999 -9999 -9999 -9999 -9999 -9999 -9999 -9999 -9999 -9999 -9999 -9999 -9999 -9999 -9999 -9999 -9999 -9999 -9999 -9999 -9999 13.9879437866621 17.1549348251428 17.2478102790192 15.7474593175575 17.3632770595141 16.0149693121202 17.640827643685 16.7350230240263 15.8148747049272 16.3348338096403 16.3466673616786 15.7696920516901 15.9238868206739 15.7166203637607 15.6198003925383 15.4562822189182 15.5079195369035 15.3989074211568 15.6836298550479 15.7001251094043 15.8801385373808 15.4691915484145 15.0654164091684 15.9769585086033 15.0417493050918 14.8029267094098 15.0388805652037 15.3487044731155 15.60617387807 16.2258216938935 16.3965117172338 16.2616809424944 16.2616809424944 17.6766868922859 16.562540038256 15.2499996591359 -9999 -9999 -9999 -9999 -9999
-9999 -9999 -9999 -9999 -9999 -9999 -9999 -9999 -9999 -9999 -9999 -9999 -9999 -9999 -9999 -9999 -9999 6.88018432352692 14.8289108726268 12.9681284893304 17.079988995567 16.0551316705532 15.8299355893396 16.245185688138 16.2208013990894 16.4381084456109 16.3972289022058 16.5449690064415 16.4703817693517 16.3671071333811 16.045091080945 16.1763359308243 15.8127231500112 16.1340220174752 15.8801385373808 15.8091372251511 15.4613025137223 15.5251319762319 15.6305581671186 16.0085146473721 16.1203955030069 16.1132236532867 16.2078920695931 15.9633319941349 15.8270668494515 15.3938871263526 15.0173650160432 14.929151264485 15.1227912069298 15.0159306460992 15.7919247858226 16.3749961680733 13.9849996874109 -9999 -9999 -9999 -9999 -9999 -9999 -9999 -9999 -9999
-9999 -9999 -9999 -9999 -9999 -9999 -9999 -9999 -9999 -9999 -9999 -9999 -9999 6.73404480887827 -9999 -9999 8.29137637475961 16.843676547287 15.6248206873424 16.0601519653574 16.164860971272 16.1928311851807 16.2681356072426 16.9049958623946 16.5930203995667 16.5966063244268 16.6991637754254 16.803155596368 16.6955778505653 16.7895290818997 16.0529801156372 16.5521408561617 16.5793938850984 16.6331827579997 16.5055238329805 16.0572832254693 16.3527634339407 15.4534134790301 16.6152531336993 16.7063356251456 16.6396374227479 16.2344279135577 16.3778649079613 16.2530747228302 16.7256996193901 15.5473647103645 15.1816003746353 15.1242255768739 15.4283120050095 15.7424390227534 15.9877162831835 14.4099996779114 -9999 -9999 -9999 -9999 -9999 -9999 -9999 -9999 -9999 -9999
-9999 -9999 -9999 -9999 -9999 -9999 -9999 -9999 -9999 -9999 -9999 -9999 -9999 14.4959715413861 16.7769783448894 16.8694952062797 16.8763084635139 16.046525450889 16.2788933818229 16.2745902719907 16.3972289022058 16.6640217117965 16.2731559020467 16.7680135327391 16.8218024056405 16.841883584857 16.9745628046803 17.003250203561 16.9250770416111 16.7378917639144 16.6317483880557 16.8053071512841 16.8935209028423 16.8863490531221 16.8612475791015 17.1158482441679 17.0656452961266 17.0276344926096 17.0340891573578 17.1574449725449 16.9939267989248 16.6862544459291 16.3879054975696 16.5614642607979 16.8139133709483 16.2566606476903 15.2791375308298 15.129245871678 15.1593676405028 15.6312753520906 16.0113833872601 16.325510405004 13.2599997036159 -9999 -9999 -9999 -9999 -9999 -9999 21.4465194405692 -9999 -9999
-9999 -9999 -9999 -9999 -9999 -9999 -9999 -9999 -9999 -9999 16.3417168477031 15.8837244622409 16.0752128497697 15.847148028668 15.9848475432955 14.8387859580107 15.7417218377814 16.0508285607211 16.3836023877375 16.5564439659938 16.7113559199497 16.7665791627951 16.841883584857 16.9774315445684 17.0290688625537 16.3448743992485 17.0771202556789 16.9681081399322 17.0075533133931 16.6862544459291 16.6009094342589 17.3955503832549 16.5923032145947 16.4087038617581 16.64394053258 16.4409771854989 17.0054017584771 17.0054017584771 16.9351176312193 17.1287575736642 17.1481215679087 17.0907467701472 17.0484328567982 17.120151354 16.8275398854166 14.7685018307529 14.9908291720785 14.7606127960607 15.8285012193955 15.6821954851039 15.7883388609625 13.5362884007045 9.11295290511839 -9999 -9999 -9999 16.7325128766242 17.3783379439265 17.0871608452871 17.2097994755022 17.3015991519205 17.7899996023625
-9999 -9999 -9999 -9999 -9999 -9999 -9999 16.256655063781 14.3532517319545 16.1538641350344 14.6714427978732 17.0871608452871 16.2889339714311 16.3836023877375 16.4295022259466 16.4323709658347 15.9353617802262 15.9403820750304 16.48400828382 16.3936429773457 16.5700704804622 16.6224249834195 16.2566606476903 17.0505844117142 17.1158482441679 17.2284462847747 17.2176885101944 17.0993529898115 17.1739402269013 16.8332773651928 17.2241431749426 17.4213690422475 16.7572557581589 16.3965117172338 16.3792992779054 16.4194616363384 16.7895290818997 17.1545762326568 17.1803948916495 16.8368632900529 17.1868495563976 17.1244544638321 17.1352122384124 17.1072420245036 16.1297189076431 15.8414105488919 16.1010315087624 15.8177434448153 15.6613971209154 15.9446851848625 15.8715323177166 15.6370128318667 15.8206121847034 14.6797378664328 16.4911801335402 16.6310312030837 16.3749961680733 17.1000701747835 17.2126682153903 17.4321268168278 17.4536423659883 13.6009798643824
-9999 -9999 -9999 -9999 -9999 17.2549821287394 17.239921244327 17.719717990607 16.8221609981265 14.7799767903052 14.9427777789533 16.3348338096403 16.3972289022058 16.6604357869364 16.6554154921323 16.2817621217109 16.9064302323386 17.1359294233844 16.7429120587185 16.2982573760673 15.5531021901406 17.0441297469661 17.0269173076376 17.2155369552784 16.9494613306597 17.3324381057173 17.5927762505598 17.201193255838 17.0764030707069 17.4873500596732 17.4572282908484 17.401287863031 17.4866328747012 16.6633045268245 16.203588959761 16.5076753878966 17.0584734464064 17.1631824523211 17.1868495563976 17.1911526662298 17.1832636315376 17.1768089667894 17.1940214061178 16.9143192670308 17.0154423480853 16.9688253249042 16.8218024056405 16.8906521629542 16.8382976599969 16.7515182783827 16.2215185840614 16.1677297111601 16.1132236532867 16.5141300526448 16.9544816254638 16.9745628046803 17.0283516775817 17.0900295851752 17.3933988283388 17.4041566029191 17.2650227183476 17.2829523426481
-9999 -9999 -9999 -9999 -9999 16.8225195906125 16.9874721341766 16.165578156244 15.1902065942995 15.5358897508122 16.2702871621586 16.5600298908539 16.681234151125 17.0075533133931 16.9186223768629 17.0505844117142 17.2083651055582 16.8088930761442 17.0513015966862 17.0534531516023 16.9566331803799 17.0061189434491 17.4823297648691 17.5547654470429 18.0675527020358 17.7613147189841 17.5834528459236 17.7527084993199 17.3396099554375 17.67812126223 17.5877559557557 17.5418561175466 17.6831415570341 17.51818901347 17.1266060187481 17.202627625782 17.0785546256229 17.2069307356142 17.2757804929279 17.1667683771811 17.0878780302592 17.2643055333756 17.0857264753431 17.1058076545596 17.2040619957261 17.2363353194669 17.1294747586362 16.6138187637553 16.6625873418525 16.5485549313016 16.6303140181117 16.4280678560026 16.6475264574401 16.9659565850161 16.8146305559203 16.7723166425712 16.9881893191487 17.0484328567982 17.1775261517614 17.4966734643094 17.3489333600737 17.4479048862122
-9999 -9999 -9999 -9999 -9999 17.0254829376936 16.9932096139528 16.7464979835786 17.1882839263417 16.605212544091 16.6676076366566 16.6884060008451 17.2506790189072 17.1187169840559 16.604495359119 17.2879726374522 17.4730063602328 17.4715719902888 17.3482161751017 17.4981078342535 17.7541428692639 17.5483107822947 17.5963621754199 17.359691134654 17.0634937412106 17.91622667294 17.59994810028 17.6652119327337 18.2217474710196 17.9406109619886 17.401287863031 17.6960508865304 17.6594744529575 17.4292580769397 17.4952390943654 16.7049012552015 16.8447523247451 17.3446302502416 17.2600024235435 17.2836695276201 17.1050904695876 17.2083651055582 17.1330606834963 17.1402325332165 17.1674855621532 17.0979186198674 17.3080538166687 17.1309091285802 17.1373637933284 16.9559159954078 16.9042786774226 16.8088930761442 16.5930203995667 16.5342112318613 16.5306253070012 16.8160649258643 17.0520187816583 17.0140079781413 16.4646442895755 17.1115451343358 17.1968901460059 17.3331552906893
-9999 -9999 -9999 -9999 -9999 17.1509903077967 17.6903134067543 17.4364299266599 17.5016937591136 16.8246711455286 16.1992858499289 17.3274178109132 17.3804894988425 17.4328440017998 17.3962675682269 17.3274178109132 17.5920590655878 17.5554826320149 17.4185003023595 17.5927762505598 17.6494338633493 17.9406109619886 17.6910305917263 17.478743840009 18.1385540142655 17.957823401317 17.9004486035556 17.5332498978823 17.7125461408868 17.4192174873315 17.3166600363329 17.3690145392902 17.2843867125921 17.7519913143478 17.6322214240208 16.243034133222 17.1301919436082 17.1961729610339 17.758445979096 17.6852931119502 16.9243598566391 16.8253883305006 17.1933042211458 17.5296639730223 17.4134800075553 17.1976073309779 17.0699484059587 17.4486220711842 17.5095827938057 17.2248603599146 17.1825464465655 16.9473097757436 17.0462813018821 17.0943326950073 16.8928037178703 17.3926816433668 16.9745628046803 16.7909634518437 16.8576616542414 17.1058076545596 17.0541703365743 17.282235157676
-9999 -9999 -9999 -9999 -9999 17.5232093082741 17.5956449904479 17.2886898224242 15.0388805652037 15.1457411260344 16.2129123643972 17.4063081578352 17.0218970128335 17.5884731407277 17.2148197703063 17.1101107643917 17.2112338454463 17.6020996551961 17.401287863031 17.6336557939649 17.8882564590313 17.7856990080327 18.1751304478385 18.6413006796502 18.0761589217 18.0625324072316 17.7534256842919 17.5368358227424 17.9872279851697 17.7419507247396 17.8301644762978 17.9140751180239 17.6157261696644 17.7397991698235 17.7311929501593 17.7713553085923 17.2958616721444 17.3804894988425 16.8992583826184 17.2133854003623 17.5081484238617 17.4522079960443 17.0907467701472 17.1638996372931 17.1086763944477 16.7708822726272 16.9903408740647 16.9975127237849 17.2607196085155 17.1674855621532 17.041261007078 16.8712881687097 16.7945493767038 16.8849146831781 16.4087038617581 16.684102891013 17.0046845735051 15.846430843696 16.8332773651928 16.6805169661529 16.9265114115551 16.8935209028423
