EcologicalScience/Bass/data/rs_data_bass/sst_5.asc
NCOLS 226 
NROWS 124 
XLLCORNER -9.41648524995501 
YLLCORNER 47.587301625531 
CELLSIZE 0.0833 
NODATA_value -9999 
[rows 27 to 53 of 124, columns 62 to 123 of 226]
-9999 -9999 -9999 -9999 -9999 -9999 -9999 -9999 -9999 -9999 -9999 -9999 -9999 -9999 -9999 -9999 -9999 -9999 -9999 -9999 -9999 -9999 -9999 -9999 -9999 -9999 -9999 -9999 12.5299997199327 10.8899997565895 11.1049997517839 11.4699997436255 11.3799997456372 6.33624985837378 6.44624985591508 6.8774998462759 6.99749984359369 7.21499983873218 7.23499983828515 7.23499983828515 7.48249983275309 7.45999983325601 7.45999983325601 7.54249983141199 6.85999984666705 7.39999983459711 7.39999983459711 7.47499983292073 7.55999983102083 7.56499983090907 7.63999982923269 7.68999982811511 7.60999982990324 7.53999983146787 7.53499983157963 7.5199998319149 7.51499983202666 7.50999983213842 7.47999983280897 7.53999983146787 7.53999983146787 7.4949998324737
-9999 -9999 -9999 -9999 -9999 -9999 -9999 -9999 -9999 -9999 -9999 -9999 -9999 -9999 -9999 -9999 -9999 -9999 -9999 -9999 -9999 -9999 -9999 -9999 -9999 -9999 -9999 -9999 -9999 -9999 9.78499978128821 11.7199997380376 6.53999985381961 6.53999985381961 11.6199997402728 7.08666650826732 7.11333317433794 7.24999983794987 7.26249983767048 7.29749983688816 7.35999983549118 7.4224998340942 7.46499983314425 7.4349998338148 7.64999982900918 7.64999982900918 7.47499983292073 7.59999983012676 7.63999982923269 7.66999982856214 7.70499982777983 7.67999982833862 7.65999982878566 7.59999983012676 7.58499983046204 7.59999983012676 7.5799998305738 7.55499983113259 7.52499983180314 7.57499983068556 7.50999983213842 7.46999983303249
-9999 -9999 -9999 -9999 -9999 -9999 -9999 -9999 -9999 -9999 -9999 -9999 -9999 -9999 -9999 -9999 -9999 -9999 -9999 -9999 -9999 -9999 -9999 -9999 -9999 -9999 -9999 -9999 -9999 -9999 -9999 11.459999743849 11.5999997407198 11.8299997355789 11.8699997346848 11.5899997409433 6.98624984384514 7.19999983906746 7.29749983688816 7.33249983610585 7.23749983822927 7.61999982967973 7.61999982967973 7.31499983649701 7.43999983370304 7.8099998254329 7.65499982889742 7.60999982990324 7.62499982956797 7.68499982822686 7.71999982744455 7.72999982722104 7.72499982733279 7.67499982845038 7.58999983035028 7.59999983012676 7.61499982979149 7.47699983287603 7.51499983202666 7.52999983169138 7.57499983068556 7.71124982764013
-9999 -9999 -9999 -9999 -9999 -9999 -9999 -9999 -9999 -9999 -9999 -9999 -9999 -9999 -9999 -9999 -9999 -9999 -9999 -9999 -9999 -9999 -9999 -9999 -9999 -9999 -9999 -9999 -9999 -9999 -9999 11.7849997365847 11.6749997390434 11.8699997346848 11.9949997318909 5.85999986901879 6.75249984906986 12.4999997206032 7.20124983903952 7.32999983616173 7.31249983655289 7.39749983465299 7.53499983157963 7.56999983079731 7.68499982822686 7.71499982755631 7.70499982777983 7.70999982766807 7.71999982744455 7.71999982744455 7.71499982755631 7.67999982833862 7.67999982833862 7.6649998286739 7.63999982923269 7.53999983146787 7.49999983236194 7.49999983236194 7.17999983951449 7.17999983951449 7.66399982869625 7.8059998255223
-9999 -9999 -9999 -9999 -9999 -9999 -9999 -9999 -9999 -9999 -9999 -9999 -9999 -9999 -9999 -9999 -9999 -9999 -9999 -9999 -9999 -9999 -9999 -9999 -9999 -9999 -9999 -9999 -9999 -9999 -9999 5.01499988790601 11.6949997385964 11.9099997337908 11.8499997351319 12.329999724403 12.3749997233972 12.1899997275323 12.3099997248501 7.33499983604997 7.24499983806163 7.16499983984977 7.31999983638525 7.38499983493239 7.41999983415008 7.44499983359128 7.48999983258545 7.54499983135611 7.64499982912093 7.65999982878566 7.6649998286739 7.72499982733279 7.75999982655048 7.70999982766807 7.70499982777983 7.55249983118847 7.52999983169138 7.52999983169138 7.47499983292073 7.53374983160757 7.56599983088672 5.27666654872398
-9999 -9999 -9999 -9999 -9999 -9999 -9999 -9999 -9999 -9999 -9999 -9999 -9999 -9999 -9999 -9999 -9999 -9999 -9999 -9999 -9999 -9999 -9999 -9999 -9999 -9999 -9999 -9999 -9999 -9999 -9999 -9999 11.9849997321144 6.30999985896051 6.35999985784292 6.85499984677881 6.85499984677881 12.6149997180328 12.8849997119978 12.8299997132272 7.22499983850867 7.17499983962625 7.18499983940274 7.25499983783811 7.25499983783811 7.35999983549118 7.41499983426183 7.45499983336776 7.4949998324737 7.56499983090907 7.62499982956797 7.68499982822686 7.70999982766807 7.72499982733279 7.31666650312642 7.31333316986759 7.66874982859008 7.62499982956797 7.37749983510002 7.30249983677641 7.26999983750284 7.61249982984737
-9999 -9999 -9999 -9999 -9999 -9999 -9999 -9999 -9999 -9999 -9999 -9999 -9999 -9999 -9999 -9999 -9999 -9999 -9999 -9999 -9999 -9999 -9999 -9999 -9999 -9999 -9999 -9999 -9999 -9999 -9999 -9999 11.9699997324497 11.7599997371435 6.73499984946102 6.85999984666705 6.96999984420836 7.0349998427555 5.93999986723065 7.13499984052032 7.01499984320253 7.06499984208494 7.08999984152615 7.08499984163791 7.1449998402968 7.24999983794987 7.3749998351559 7.46499983314425 7.45999983325601 7.4949998324737 7.51499983202666 7.5799998305738 7.59499983023852 7.56999983079731 7.52999983169138 7.55624983110465 7.62249982962385 7.56874983082525 7.22999983839691 7.15333317344387 6.72999984957278 7.5779998306185
-9999 -9999 -9999 -9999 -9999 -9999 -9999 -9999 -9999 -9999 -9999 -9999 -9999 -9999 -9999 -9999 -9999 -9999 -9999 -9999 -9999 -9999 -9999 -9999 -9999 -9999 -9999 -9999 -9999 -9999 -9999 -9999 -9999 6.65607127979664 6.42749985633418 11.3749997457489 11.9499997328967 5.98333319959541 6.05666653128962 7.03999984264374 7.00999984331429 6.89999984577298 6.94999984465539 7.05499984230846 7.06999984197319 7.12999984063208 7.26999983750284 7.41999983415008 7.42999983392656 7.47999983280897 7.47499983292073 7.51499983202666 7.46999983303249 7.52499983180314 7.50499983225018 7.54999983124435 7.55499983113259 6.71666651653747 7.50874983216636 7.51124983211048 7.67899982836097 7.66999982856214
-9999 -9999 -9999 -9999 -9999 -9999 -9999 13.8149996912107 13.7849996918812 13.9499996881932 13.8849996896461 13.5299996975809 -9999 -9999 8.41999981179833 -9999 -9999 -9999 -9999 -9999 -9999 -9999 -9999 -9999 -9999 -9999 -9999 -9999 -9999 -9999 -9999 -9999 -9999 -9999 11.9949997318909 6.53499985393137 6.63999985158443 6.83999984711409 6.62166651866088 6.66333318439623 7.18999983929098 6.90833317892005 6.93999984487891 7.08499984163791 6.98999984376132 7.02999984286726 7.08999984152615 7.1199998408556 7.46999983303249 7.46999983303249 7.49999983236194 7.55999983102083 7.55999983102083 7.4949998324737 7.4949998324737 7.40499983448535 7.35499983560294 7.32499983627349 7.42499983403832 7.47499983292073 6.51166652111958 7.65499982889742
-9999 -9999 -9999 -9999 14.9649996655062 15.7149996487424 16.224999637343 14.4099996779114 14.0599996857345 14.1299996841699 13.9599996879697 12.9999997094274 -9999 -9999 -9999 -9999 -9999 -9999 -9999 -9999 -9999 -9999 -9999 -9999 -9999 -9999 -9999 -9999 -9999 -9999 -9999 -9999 -9999 -9999 11.9499997328967 12.22499972675 12.3849997231737 7.18499983940274 7.16499983984977 7.13999984040856 6.87999984622002 6.96166651106129 7.38999983482063 7.32999983616173 7.05499984230846 7.02999984286726 7.06499984208494 6.92999984510243 6.58999985270202 7.30999983660877 7.4349998338148 7.48499983269721 7.48499983269721 7.47999983280897 7.45999983325601 7.31999983638525 7.24499983806163 7.27999983727932 7.31499983649701 7.3499998357147 7.45333316673835 6.43499985616654
6.45499985571951 13.3349997019395 6.33666652503113 6.4899998549372 6.42499985639006 6.45499985571951 6.43499985616654 6.16999986208975 6.08499986398965 14.6149996733293 16.6699996273965 -9999 -9999 -9999 -9999 -9999 -9999 -9999 -9999 -9999 -9999 -9999 -9999 -9999 -9999 -9999 -9999 -9999 -9999 -9999 -9999 -9999 -9999 -9999 12.7799997143447 12.6349997175857 12.2499997261912 3.26499992702156 4.93899988960475 12.2949997251853 7.03124984283932 6.93166651173184 7.1449998402968 7.06999984197319 6.98999984376132 7.00999984331429 7.07499984186143 6.75999984890223 6.90499984566122 7.03999984264374 7.19499983917922 7.39499983470887 7.37999983504415 7.39499983470887 7.42999983392656 7.3499998357147 7.27999983727932 7.24499983806163 7.71999982744455 7.49833316573252 7.62166649630914 7.64833316237976
6.58499985281378 6.66999985091388 6.63499985169619 6.61999985203147 6.53999985381961 6.57999985292554 6.53499985393137 6.22499986086041 6.11999986320734 6.09499986376613 -9999 -9999 -9999 -9999 -9999 -9999 -9999 -9999 -9999 -9999 -9999 -9999 -9999 -9999 -9999 -9999 -9999 -9999 -9999 -9999 -9999 -9999 -9999 -9999 -9999 11.1949997497723 11.914999733679 4.34399990290403 7.11499984096736 7.11499984096736 12.6849997164682 7.03124984283932 6.97749984404072 7.00624984339811 7.38333316830297 7.39999983459711 7.28749983711168 7.22499983850867 7.23499983828515 7.3499998357147 7.31999983638525 7.33999983593822 7.35499983560294 7.38499983493239 7.42499983403832 7.41499983426183 7.79666649239759 7.62499982956797 7.64333316249152 7.44499983359128 7.45666649999718 7.27833317064991
6.62999985180795 6.63999985158443 6.48499985504895 6.50999985449016 6.58499985281378 6.48499985504895 6.37499985750765 6.32499985862523 6.29999985918403 -9999 -9999 -9999 -9999 -9999 -9999 -9999 -9999 -9999 -9999 -9999 -9999 -9999 -9999 -9999 -9999 -9999 -9999 -9999 -9999 -9999 -9999 -9999 -9999 -9999 -9999 -9999 14.2299996819347 12.4799997210503 12.8449997128919 13.1949997050688 13.2899997029454 6.85749984672293 6.8237498474773 7.00833317668488 6.80999984778464 7.29999983683228 7.30749983666465 7.10166650793205 7.29999983683228 7.46833316640307 7.30999983660877 7.36999983526766 7.35999983549118 7.31999983638525 7.38999983482063 7.77166649295638 7.73166649385045 7.74333316025635 7.77333315958579 7.63833316260328 7.68333316159745 7.53666649820904
7.08499984163791 7.08499984163791 6.5999998524785 6.62999985180795 6.50499985460192 6.32499985862523 6.35999985784292 6.35999985784292 12.7897884929553 -9999 -9999 -9999 -9999 -9999 -9999 -9999 -9999 -9999 -9999 -9999 -9999 -9999 -9999 -9999 -9999 -9999 -9999 -9999 -9999 -9999 -9999 -9999 -9999 -9999 -9999 -9999 -9999 -9999 -9999 -9999 13.5999996960163 13.4749996988103 6.56374985328875 6.75999984890223 6.75999984890223 7.38333316830297 7.33499983604997 7.39666650133828 7.42999983392656 7.4466665002207 7.44833316685011 7.50666649887959 7.19999983906746 7.19999983906746 4.76499989349395 7.76333315980931 7.74499982688576 7.61333316316207 7.6166664964209 7.67166649519155 7.55333316450318 7.49166649921487
7.13999984040856 6.62499985191971 6.75999984890223 6.58499985281378 6.50499985460192 6.37999985739589 6.4299998562783 6.46999985538423 6.13666652950148 -9999 -9999 -9999 -9999 -9999 -9999 -9999 -9999 -9999 -9999 -9999 -9999 -9999 -9999 -9999 -9999 -9999 -9999 -9999 -9999 -9999 -9999 -9999 -9999 -9999 -9999 -9999 -9999 -9999 -9999 -9999 -9999 -9999 -9999 3.66999991796911 6.93099984508008 6.86999984644353 7.04499984253198 6.77166651530812 7.12666650737325 7.19499983917922 7.19499983917922 7.43333316718539 4.49499989952892 4.54999989829957 7.46999983303249 7.32499983627349 7.00999984331429 6.98999984376132 7.54333316472669 7.52499983180314 7.38999983482063 7.46833316640307
7.40999983437359 7.07499984186143 6.66499985102564 6.76999984867871 6.69999985024333 6.67499985080212 6.18699986170977 6.09799986369908 6.08999986387789 6.08999986387789 -9999 -9999 -9999 -9999 -9999 16.1899624452926 -9999 -9999 -9999 -9999 -9999 -9999 -9999 -9999 -9999 -9999 -9999 -9999 -9999 -9999 -9999 -9999 -9999 -9999 -9999 -9999 -9999 -9999 -9999 -9999 -9999 -9999 -9999 -9999 12.5599997192621 6.77999984845519 6.81666651430229 6.86999984644353 6.86999984644353 6.70499985013157 7.23999983817339 7.43666650044421 7.51833316528549 7.6166664964209 7.32499983627349 7.17999983951449 7.06999984197319 7.02999984286726 7.05499984230846 7.13499984052032 7.21999983862042 7.19999983906746
7.79999982565641 6.31166652558992 6.78749984828755 6.99499984364957 6.92499984521419 6.8899998459965 6.55999985337257 6.47999985516071 6.44499985594302 6.31499985884875 14.0299996864051 -9999 -9999 -9999 -9999 -9999 -9999 -9999 -9999 -9999 -9999 -9999 -9999 -9999 -9999 -9999 -9999 -9999 -9999 -9999 -9999 -9999 -9999 -9999 -9999 -9999 -9999 -9999 -9999 -9999 -9999 -9999 -9999 -9999 -9999 13.5699996966869 6.73999984934926 6.73999984934926 6.8299998473376 7.0716665086026 7.1449998402968 7.29333317031463 7.34333316919704 7.53499983157963 7.6283331628268 7.44999983347952 7.31666650312642 7.06999984197319 7.11499984096736 7.17499983962625 7.18999983929098 7.24999983794987
7.52749983174726 6.35666652458409 6.37999985739589 6.76499984879047 6.76999984867871 7.10499984119087 6.97999984398484 6.8049998478964 6.62999985180795 6.50999985449016 6.37999985739589 15.769999647513 -9999 -9999 -9999 -9999 19.954999553971 19.954999553971 -9999 -9999 -9999 -9999 -9999 -9999 -9999 -9999 -9999 -9999 -9999 -9999 -9999 -9999 -9999 -9999 -9999 -9999 -9999 -9999 -9999 -9999 -9999 -9999 -9999 -9999 -9999 8.8399998024106 13.0599997080863 13.3149997023866 6.79666651474933 6.73833318271985 6.7449998492375 6.91499984543771 7.10499984119087 7.17833317288508 7.27833317064991 7.46499983314425 7.38499983493239 6.90999984554946 7.04999984242022 7.16999983973801 7.18999983929098 7.18499983940274
7.34499983582646 7.34249983588234 13.1399997062981 6.3699998576194 6.86499984655529 6.99499984364957 7.20999983884394 7.06499984208494 6.88499984610826 6.61499985214323 6.4299998562783 14.5599996745586 16.3799996338785 15.4949996536598 15.7099996488541 14.6799996718764 15.4099996555597 17.2749996138737 -9999 -9999 -9999 -9999 -9999 -9999 -9999 -9999 -9999 -9999 -9999 -9999 -9999 -9999 -9999 -9999 -9999 -9999 -9999 -9999 -9999 -9999 -9999 -9999 -9999 -9999 -9999 -9999 -9999 -9999 13.6099996957928 6.29833319255461 6.41166652335475 6.54333318707844 6.76374984881841 7.09374984144233 7.1449998402968 6.98999984376132 7.31999983638525 7.26999983750284 7.16499983984977 7.15999983996153 7.12499984074384 7.16999983973801
7.62999982945621 7.63499982934445 6.6309998517856 6.84499984700233 7.00999984331429 7.15499984007329 7.2649998376146 6.95999984443188 6.87499984633178 6.77999984845519 5.94124986720271 14.4599996767938 14.3849996784702 15.0549996634945 15.4299996551126 15.3499996569008 15.624999650754 -9999 -9999 -9999 -9999 -9999 -9999 -9999 -9999 -9999 -9999 -9999 -9999 -9999 -9999 -9999 -9999 -9999 -9999 -9999 -9999 -9999 -9999 -9999 -9999 -9999 -9999 -9999 -9999 -9999 -9999 -9999 6.09999986365438 5.51499987673014 5.62833320753028 6.47124985535629 6.23499986063689 6.41499985661358 6.65499985124916 6.70499985013157 6.73999984934926 6.90999984554946 7.05499984230846 7.09499984141439 7.08999984152615 6.95999984443188
8.04249982023612 7.90999982319772 7.78999982587993 7.35499983560294 6.77499984856695 6.77499984856695 6.79499984811991 6.84499984700233 7.01499984320253 7.13999984040856 6.67499985080212 5.86749986885116 5.89499986823648 5.74299987163395 6.27499985974282 6.26999985985458 6.36499985773116 -9999 -9999 -9999 -9999 -9999 -9999 -9999 -9999 -9999 -9999 -9999 -9999 -9999 -9999 -9999 -9999 -9999 -9999 -9999 -9999 -9999 -9999 -9999 -9999 -9999 -9999 -9999 -9999 -9999 -9999 -9999 6.18374986178242 5.97374986647628 4.97833322205891 5.34833321378877 6.57124985312112 6.40999985672534 6.4299998562783 6.56499985326082 6.69999985024333 6.72999984957278 6.83999984711409 6.9749998440966 6.9749998440966 6.9749998440966
8.58999980799854 8.14499981794506 8.48499981034547 8.47999981045723 6.75499984901398 6.85499984677881 6.85499984677881 6.97999984398484 6.99999984353781 6.79999984800816 6.72499984968454 5.92749986751005 5.87999986857176 5.86749986885116 15.7799996472895 6.69999985024333 -9999 -9999 -9999 -9999 -9999 -9999 -9999 -9999 -9999 -9999 -9999 -9999 -9999 -9999 -9999 -9999 -9999 -9999 -9999 -9999 -9999 -9999 -9999 -9999 -9999 -9999 -9999 -9999 -9999 -9999 -9999 -9999 6.29374985932373 5.08666655297081 5.26999988220632 6.22499986086041 6.24999986030161 6.32999985851347 6.26499985996634 6.38499985728413 6.52999985404313 6.65499985124916 6.7449998492375 6.7199998497963 6.81999984756112 6.97999984398484
8.67499980609864 8.68499980587512 8.61999980732799 8.54999980889261 7.34749983577058 7.35249983565882 7.32249983632937 7.46499983314425 7.23499983828515 6.8299998473376 5.79749987041578 5.78749987063929 5.79249987052754 5.95499986689538 15.1749996608123 -9999 -9999 -9999 -9999 -9999 -9999 -9999 -9999 -9999 -9999 -9999 -9999 -9999 -9999 -9999 -9999 -9999 -9999 -9999 -9999 -9999 -9999 -9999 -9999 -9999 -9999 -9999 -9999 -9999 -9999 -9999 -9999 -9999 -9999 6.21652160018035 6.0237498653587 5.49166654391835 5.82833320305993 5.30833321468284 6.24999986030161 6.23499986063689 6.10499986354262 6.61999985203147 6.61999985203147 7.14374984032474 7.16499983984977 7.19749983912334
8.71499980520457 8.67999980598688 8.65499980654567 8.55999980866909 8.40499981213361 7.25749983778223 7.33499983604997 7.38999983482063 7.38999983482063 5.55333320920666 5.91999986767769 5.84999986924231 5.84749986929819 5.65999987348914 5.65999987348914 15.5899996515363 -9999 -9999 -9999 -9999 -9999 -9999 -9999 -9999 -9999 -9999 -9999 -9999 -9999 -9999 -9999 -9999 -9999 -9999 -9999 -9999 -9999 -9999 -9999 -9999 -9999 -9999 -9999 -9999 -9999 -9999 11.6649997392669 8.56499980855733 7.58499983046204 -9999 11.5949583295733 12.4799997210503 6.3512498580385 6.41624985658564 6.51374985440634 6.68499985057861 6.78124984842725 6.86499984655529 7.05499984230846 6.84874984691851 7.07374984188937 7.08749984158203
8.54499980900437 8.6099998075515 8.61999980732799 8.48499981034547 8.45499981101602 8.46499981079251 7.89999982342124 7.89999982342124 6.88499984610826 6.83499984722584 6.61999985203147 6.34999985806644 6.16299986224621 15.1549996612594 15.334999657236 -9999 -9999 -9999 -9999 -9999 -9999 -9999 -9999 -9999 -9999 -9999 -9999 -9999 -9999 -9999 -9999 -9999 -9999 -9999 -9999 -9999 -9999 -9999 -9999 -9999 -9999 -9999 -9999 -9999 -9999 -9999 -9999 -9999 -9999 15.5849996516481 14.9849996650591 15.4949996536598 6.07499986421317 6.20749986125156 6.41499985661358 6.53374985395931 6.69124985043891 5.94833320037772 6.1516665291662 6.21499986108392 6.86999984644353 6.83499984722584
8.30499981436878 8.14499981794506 8.25499981548637 8.30499981436878 8.24999981559813 8.05499981995672 7.92499982286245 7.87999982386827 7.03999984264374 7.03999984264374 6.84374984703027 6.11799986325204 14.7499996703118 15.0299996640533 15.5049996534362 -9999 -9999 -9999 -9999 -9999 -9999 -9999 -9999 -9999 -9999 -9999 -9999 -9999 -9999 -9999 -9999 -9999 -9999 -9999 -9999 -9999 -9999 -9999 -9999 -9999 -9999 -9999 -9999 -9999 -9999 -9999 -9999 -9999 -9999 -9999 15.3149996576831 5.62374987429939 5.6424998738803 5.78999987058342 4.8683332245176 5.03499988745898 5.26999988220632 6.54624985367991 6.5874998527579 6.61249985219911 5.87999986857176 5.90999986790121
7.85499982442707 8.07499981950969 8.1499998178333 8.23999981582165 8.10499981883913 7.90999982319772 7.69999982789159 6.43999985605478 6.27749985968694 6.22749986080453 6.25749986013398 6.28999985940754 6.35499985795468 6.35499985795468 14.6399996727705 -9999 -9999 -9999 -9999 -9999 -9999 -9999 -9999 -9999 -9999 -9999 -9999 -9999 -9999 -9999 -9999 -9999 -9999 -9999 -9999 -9999 -9999 -9999 -9999 -9999 -9999 -9999 -9999 -9999 -9999 -9999 -9999 -9999 -9999 -9999 -9999 -9999 6.16428557650319 4.72333322775861 4.85666655811171 4.71333322798212 5.78999987058342 5.84333320272466 6.17874986189418 6.50999985449016 5.77333320428928 6.8049998478964
