EcologicalScience/Bass/data/rs_data_bass/sst_441.asc
NCOLS 226 
NROWS 124 
XLLCORNER -9.41648524995501 
YLLCORNER 47.587301625531 
CELLSIZE 0.0833 
NODATA_value -9999 
[rows 54 to 80 of 124, columns 0 to 61 of 226]
-9999 -9999 -9999 -9999 -9999 -9999 -9999 -9999 -9999 -9999 -9999 -9999 -9999 -9999 -9999 -9999 -9999 -9999 -9999 -9999 -9999 -9999 -9999 -9999 -9999 -9999 -9999 -9999 -9999 -9999 -9999 -9999 -9999 -9999 -9999 -9999 -9999 -9999 13.6952019208111 14.3068737704307 14.1189115423476 18.8234656625427 18.9597308072262 18.7094332519919 18.5294198240153 17.1086763944477 17.7469710195437 16.9967955388129 13.298272638116 13.2411369020119 12.8844569092616 14.1223181709647 14.4350108187646 14.7943204897456 14.3790703909472 14.6731162294745 14.769936200697 14.4500717031769 9.56351755263284 -9999 -9999 13.3701704315608
-9999 -9999 -9999 -9999 -9999 -9999 -9999 -9999 -9999 -9999 -9999 -9999 -9999 -9999 -9999 -9999 -9999 -9999 -9999 -9999 -9999 -9999 -9999 -9999 -9999 -9999 -9999 -9999 -9999 -9999 -9999 -9999 -9999 -9999 -9999 -9999 -9999 -9999 11.9399997331202 13.7929509725654 14.0828729975037 13.7522507254034 18.1600695634261 12.9996846280992 16.1799218556844 12.3523056600243 15.7402874678373 17.3252662559971 12.4931129761972 12.7212973281275 13.0039877379313 14.2650379803963 14.3116550035775 13.176351192873 14.2636036104523 14.4651325875893 14.3582720267586 12.260198618618 -9999 13.6649996945634 -9999 13.3149997023866
-9999 -9999 -9999 -9999 -9999 -9999 -9999 -9999 -9999 -9999 -9999 -9999 -9999 -9999 -9999 -9999 -9999 -9999 -9999 -9999 -9999 -9999 -9999 -9999 -9999 -9999 -9999 -9999 -9999 -9999 -9999 -9999 -9999 -9999 -9999 -9999 -9999 -9999 -9999 12.4106734831316 16.2602465725504 13.2607399579138 13.243288456928 17.3302865508012 15.3551591378637 15.1902065942995 15.4146854905412 12.3348541590385 16.4553208849393 12.4830723865889 14.5676900385879 14.5748618883081 13.7321695461869 13.935132893268 14.1273384657688 14.0298013095744 13.9011861379258 14.3728547878563 15.0046349827899 14.339999679476 -9999 -9999
-9999 -9999 -9999 -9999 -9999 -9999 -9999 -9999 -9999 -9999 -9999 -9999 -9999 -9999 -9999 -9999 -9999 -9999 -9999 -9999 -9999 -9999 -9999 -9999 -9999 -9999 -9999 -9999 -9999 -9999 -9999 -9999 -9999 -9999 -9999 -9999 -9999 -9999 -9999 14.4099996779114 13.9866677562573 13.6069012377411 13.2942085899413 12.4931129761972 12.513433217071 14.6150242467411 14.0298013095744 14.1502883848734 11.5519272312522 12.3931852034293 12.4943082844839 14.1581774195656 14.134510315489 14.3188268532977 14.3224127781577 14.3303018128499 13.4424268174917 13.4792423127219 15.0424664900638 17.9298531874083 15.8703370094299 -9999
-9999 -9999 -9999 -9999 -9999 -9999 -9999 -9999 -9999 -9999 -9999 -9999 -9999 -9999 -9999 -9999 -9999 -9999 -9999 -9999 -9999 -9999 -9999 -9999 -9999 -9999 -9999 -9999 -9999 -9999 -9999 -9999 -9999 -9999 -9999 -9999 -9999 -9999 -9999 -9999 15.6411110317068 13.5366171104833 13.5287280757912 15.2597735365853 14.4758903621696 13.8003021185286 14.1875820034184 12.6372671555728 12.5086519839242 12.5368612594903 14.4601122927852 14.3238471481018 14.3288674429059 14.4342936337925 14.4966887263581 14.4213843042962 13.2079073316418 13.2210557227954 14.6451460155658 17.520340568386 18.1851710374467 9.08999979682267
-9999 -9999 -9999 -9999 -9999 -9999 -9999 -9999 -9999 -9999 -9999 -9999 -9999 -9999 -9999 -9999 -9999 -9999 -9999 -9999 -9999 -9999 -9999 -9999 -9999 -9999 -9999 -9999 -9999 -9999 -9999 -9999 -9999 -9999 -9999 -9999 -9999 -9999 -9999 -9999 12.5988123804065 14.2674285969697 14.2761543474626 14.133075945545 13.617419950664 12.8313852213323 12.7888322463259 13.9803155465052 13.6446729796007 13.654713569209 14.212324884953 14.2248756219633 14.214835032355 14.2377849514596 14.2714926451445 14.2872707145289 14.2571489457041 13.5832341336645 17.199758885894 16.9366683014291 -9999 -9999
-9999 -9999 -9999 -9999 -9999 -9999 -9999 -9999 -9999 -9999 -9999 -9999 -9999 -9999 -9999 -9999 -9999 -9999 -9999 -9999 -9999 -9999 -9999 -9999 -9999 -9999 -9999 -9999 -9999 -9999 -9999 -9999 -9999 -9999 -9999 -9999 -9999 -9999 -9999 11.8383230967447 15.5301522710361 13.9795983615331 15.964766364079 14.5999633623287 14.8581499522552 14.9148075650446 13.7902615289204 13.8003021185286 13.7249976964667 13.3448896612972 13.6202886905521 12.5362636053469 13.0512024152558 13.9100314192474 13.3040101178922 13.894970534835 13.8748893556185 13.8549996903166 13.3003729655341 20.3058869997039 20.1818139995448 20.6946012545377
-9999 -9999 -9999 -9999 -9999 -9999 -9999 -9999 -9999 -9999 -9999 -9999 -9999 -9999 -9999 -9999 -9999 -9999 -9999 -9999 -9999 -9999 -9999 -9999 -9999 -9999 -9999 -9999 -9999 -9999 -9999 -9999 -9999 -9999 -9999 -9999 -9999 -9999 -9999 14.211249107495 14.053109821165 16.1125064683147 13.90979235759 13.6781416116282 14.6472975704819 12.8122602887452 12.5067394906655 12.488809866365 13.5464186384343 12.3750165174715 13.136368130683 13.018211906543 13.0630359672941 13.3466826237272 13.5636310777627 14.2098147375509 15.9061962580308 16.5887172897346 20.5748313642107 19.9559007333592 19.9193242997862 20.3288369188085
-9999 -9999 -9999 -9999 -9999 -9999 -9999 -9999 -9999 -9999 -9999 -9999 -9999 -9999 -9999 -9999 -9999 -9999 -9999 -9999 -9999 -9999 -9999 -9999 -9999 -9999 -9999 -9999 -9999 -9999 -9999 -9999 -9999 -9999 -9999 -9999 -9999 -9999 15.7128295289086 15.1529129757546 14.0262153847143 13.8817026128527 14.8818170563318 13.1200521725696 14.4823450269178 12.5208441284485 12.0812097406015 13.375011430122 13.4001129041426 12.4438184624538 11.9922788040712 13.2853633086197 14.0398418991826 13.9200720088556 14.5038605760783 14.3848078707233 14.0868175148498 17.0785546256229 19.5349131547846 20.1251563867554 18.6233710553497 19.2544938307256
-9999 -9999 -9999 -9999 -9999 -9999 -9999 -9999 -9999 -9999 -9999 -9999 -9999 -9999 -9999 -9999 -9999 -9999 -9999 -9999 -9999 -9999 -9999 -9999 -9999 -9999 -9999 -9999 -9999 -9999 -9999 -9999 -9999 -9999 -9999 -9999 -9999 -9999 15.7209234735928 15.1074912608601 16.1749015608802 14.8251594435424 15.0933866230771 15.089800698217 12.9048966809642 13.415173788555 12.2595497369766 12.0449918995146 13.4302346729673 12.219985032687 12.4723146120086 13.1659520107787 12.9880901377182 13.7178258467466 14.2349162115715 14.2951597492211 15.8012481904589 17.2521133888513 19.2530594607815 18.6821802230552 18.596835211385 18.8313546972349
-9999 -9999 -9999 -9999 -9999 -9999 -9999 -9999 -9999 -9999 -9999 -9999 -9999 -9999 -9999 -9999 -9999 -9999 -9999 -9999 -9999 -9999 -9999 -9999 -9999 -9999 -9999 -9999 -9999 -9999 -9999 -9999 -9999 -9999 -9999 -9999 -9999 12.6332312322989 15.447573544258 16.1397594972514 13.9189962313976 13.3524201035034 13.7852412341163 13.9609515522607 12.6244773569051 12.6345179465134 13.3248084820807 13.2846461236477 12.2081514806487 12.3752555791289 13.2375509771518 12.6775490448344 14.0688878905494 16.445280295331 14.188060126733 14.5748618883081 18.0503402627073 19.9623553981073 19.1605425993912 18.7194738416001 19.0802178825252 19.0056306454353
-9999 -9999 -9999 -9999 -9999 -9999 -9999 -9999 -9999 -9999 -9999 -9999 -9999 -9999 -9999 -9999 -9999 -9999 -9999 -9999 -9999 -9999 -9999 -9999 -9999 -9999 -9999 -9999 -9999 -9999 -9999 -9999 -9999 -9999 -9999 -9999 -9999 15.0117709732614 14.2008499254007 13.7092196270823 13.5485701933503 13.4359721527435 12.977332363138 12.9102755682543 12.5764259637799 12.4362163017504 12.4337061543483 12.3340174432378 12.3946195733733 12.42187260231 13.0035096146166 16.5098269428127 17.2047791806981 17.3245490710251 17.8552659503184 17.8351847711019 19.6955625885166 18.8442640267313 19.549974039197 19.7335733920336 19.0952787669376 19.0931272120215
-9999 -9999 -9999 -9999 -9999 -9999 -9999 -9999 -9999 -9999 -9999 -9999 -9999 -9999 -9999 -9999 -9999 -9999 -9999 -9999 -9999 -9999 -9999 -9999 -9999 -9999 -9999 -9999 -9999 -9999 -9999 -9999 -9999 -9999 -9999 9.94020438413586 15.0455145261949 15.727198842098 14.8574327672832 14.929868449457 13.575106037315 14.2700582752004 13.2398220628966 13.8677175058983 12.7187871807255 12.5380565677769 12.5079347989522 12.3329416657798 12.9580878997222 13.0687734470703 12.9436246694531 13.2595446496271 17.4063081578352 18.4247108181007 19.1863612583838 19.3348185475916 19.3850214956328 19.2351298364811 19.5341959698126 19.3993651950732 18.8872951250523 18.2181615461595
-9999 -9999 -9999 -9999 -9999 -9999 -9999 -9999 -9999 -9999 -9999 -9999 -9999 -9999 -9999 -9999 -9999 -9999 -9999 -9999 -9999 -9999 -9999 -9999 -9999 -9999 -9999 -9999 -9999 -9999 -9999 19.2952114291369 18.4549995874986 -9999 -9999 11.360199782066 14.9588247927022 15.1817796708783 14.3299432203639 13.6247710966272 13.4521088146139 12.9418317070231 14.1653492692858 14.372615726199 14.4350108187646 12.4366944250651 12.4649037006311 12.1158736809157 12.2889543208294 13.0250251637772 13.0067369469907 13.1132389153354 16.6797997811809 16.9853205792606 17.9284188174643 18.0151981990784 18.1751304478385 19.4251838540658 19.7959684845991 19.3807183858007 19.4581743627787 19.2050080676563
-9999 -9999 -9999 -9999 -9999 -9999 -9999 -9999 -9999 -9999 -9999 -9999 -9999 -9999 -9999 -9999 -9999 -9999 -9999 -9999 -9999 -9999 -9999 -9999 -9999 -9999 -9999 -9999 11.8599997349083 12.7100122116561 8.16005029012197 15.0759351220913 13.1543575203978 6.28292271351718 11.2691855939504 12.2631356618367 14.5522705616895 14.1918851132505 14.1664250467438 14.5999633623287 13.6392940923106 13.5032082438702 13.4232421194902 13.65417568048 13.0644703372382 13.8999908296391 14.0046998355538 12.7845291364938 12.3370057139546 14.4651325875893 14.6451460155658 14.7749564955011 14.7147129578516 16.0185552369803 16.2150639193133 14.5974532149266 16.9788659145124 16.445280295331 18.7861720439978 18.0725729968399 16.7873775269836 19.1024506166577
-9999 -9999 -9999 -9999 -9999 -9999 -9999 -9999 -9999 -9999 -9999 -9999 -9999 -9999 -9999 -9999 -9999 -9999 -9999 -9999 -9999 -9999 14.8167125983164 18.9998931656592 18.5200964193791 19.3147373683751 18.1636554882862 17.8323160312138 14.2205725121312 17.160313712433 14.6831568190828 17.3288521808572 14.4622638477013 12.4727927353233 13.4845972938463 15.5997192133218 13.6864490042208 14.7448347266763 14.8352000331506 15.2396923573688 14.6049836571328 14.5103152408265 14.6975005185232 14.4278389690444 14.3389080325142 14.0871761073358 13.9380016331561 14.1847132635303 14.1101260264404 14.5397198246792 13.3925824619364 13.9064454943873 14.0767769252416 14.0570543385111 16.0967283989303 14.5257347177248 14.848826547619 16.5887172897346 16.8196508507244 15.3499996569008 -9999 -9999
-9999 -9999 -9999 -9999 -9999 -9999 -9999 -9999 -9999 -9999 -9999 -9999 -9999 -9999 -9999 -9999 -9999 -9999 -9999 -9999 -9999 13.627295036048 19.5320444148965 19.151219194755 18.7833033041097 18.8284859573469 18.2389599103481 18.9489730326459 17.7025055512786 17.28008360276 17.3912472734228 17.8229926265776 17.8323160312138 16.6546983071603 17.2478102790192 12.9348391535459 13.0332727909554 13.1035569182131 13.1345751682529 14.3525345469825 15.6667760082055 14.8201391487382 14.9379965458065 15.4660837468691 15.647053421475 15.3788262419403 14.1775414138101 14.095065142028 12.9992065047845 14.6300851311535 14.7799767903052 14.8000579695217 13.9372844481841 13.9674062170088 14.4149296395481 14.2016866412014 15.4749996541068 -9999 -9999 -9999 -9999 -9999
-9999 -9999 -9999 -9999 -9999 -9999 -9999 -9999 -9999 -9999 -9999 -9999 -9999 -9999 -9999 -9999 -9999 6.88018432352692 12.1174275816884 17.9528031065129 19.073046032805 19.2939390041865 19.4280525939539 19.4058198598213 19.5162663455121 19.8497573575005 19.7694326406345 20.108661132399 19.3470106921159 19.4474165881984 19.3627887615003 20.1846827394329 20.5540330000222 19.5643177386373 19.1017334316857 18.3852656446397 18.434751407709 15.2574426854262 15.8951994217932 14.6960661485791 15.0823897868395 14.9984791451134 18.634846014902 15.673828327097 15.8043559920043 15.3221686291508 12.9253364526667 13.1734824529849 13.3047273028642 13.4750587337185 13.614909803262 13.5284890141338 14.2949996804819 -9999 -9999 -9999 -9999 -9999 -9999 -9999 -9999 -9999
-9999 -9999 -9999 -9999 -9999 -9999 -9999 -9999 -9999 -9999 -9999 -9999 -9999 -9999 -9999 -9999 -9999 19.3154545533471 18.8449812117033 18.9597308072262 19.0995818767697 19.3089998885989 19.5463881143369 19.4969023512676 19.7364421319216 20.9477675496601 20.6580248209648 20.9728690236807 20.9226660756394 20.6042359480634 20.6967528094538 20.4722739132121 20.266441826243 20.6802575550973 20.5898922486231 20.0247504906729 17.840205065906 17.7017883663066 19.6051972820424 16.3097323356196 19.1390270502307 18.7797173792496 18.2848597485572 18.7510299803689 15.844996473752 13.6728822551668 13.0501266377978 12.8485976606607 13.6091723234858 14.0575922272401 15.2404095423408 15.7099996488541 -9999 -9999 -9999 -9999 -9999 -9999 -9999 -9999 -9999 -9999
-9999 -9999 -9999 -9999 -9999 -9999 -9999 -9999 -9999 -9999 -9999 -9999 -9999 19.0902584721334 18.1901913322508 18.7431409456767 18.5351573037915 18.8851435701363 19.3089998885989 19.3599200216122 19.6216925363988 19.6008941722102 19.5420850045048 20.1975920689292 20.4464552542195 20.3410290633328 19.9738303576596 20.5196081213653 21.0696889949031 20.6379436417483 21.0574968503788 20.2348856874742 20.3030182598159 20.7555619771592 20.6508529712446 17.9147923029959 19.6525314901955 18.2561723496765 18.7417065757327 19.2172002121806 19.1555223045871 18.8901638649404 18.8012329284102 18.914548153989 14.1588946045376 13.6683400836773 13.5786919621751 13.3222983346786 13.6866283004638 13.9389578797854 14.677658400964 15.3750012554228 13.4199997000396 -9999 -9999 -9999 -9999 -9999 -9999 24.7205703224588 24.8649994442239 -9999
-9999 -9999 -9999 -9999 -9999 -9999 -9999 -9999 -9999 -9999 9.8449997799471 11.3809298429239 18.5602587778121 19.0587023333646 18.8686483157799 19.0300149344839 19.5205694553442 19.4947507963516 19.6130863167346 19.6891079237685 20.0469832248054 19.7278359122574 19.5786614380777 19.8368480280042 20.0720846988261 20.5396893005818 20.627185867168 20.6752372602932 20.706793399062 21.2303384286352 21.2289040586911 20.6228827573359 20.0563066294417 20.3976866761222 19.8748588315211 19.0601367033087 19.7249671723694 19.3025452238508 19.3484450620599 19.5822473629378 19.4287697789259 19.3269295128994 18.4784996910021 19.3484450620599 14.2489013185259 14.3037659688853 13.9778053991031 13.9426633354742 14.01402324019 13.7450788756832 14.133793130517 15.2025943347253 9.49453176152442 -9999 -9999 -9999 17.9355906671844 16.5987578793429 19.8368480280042 19.9064149702899 19.2250892468728 17.7899996023625
-9999 -9999 -9999 -9999 -9999 -9999 -9999 20.108859065169 13.3916721887027 17.5899075106718 18.2152928062715 18.5222479742952 19.073046032805 19.1591082294472 19.1634113392793 19.1196630559862 19.6188237965107 20.0154270860367 19.5772270681337 19.6589861549437 20.1818139995448 19.8985259355977 19.4423962933943 19.9049806003459 20.306604184676 19.5786614380777 19.870555721689 20.2549668666907 20.7534104222432 20.1782280746847 19.67189548444 19.8031403343193 19.990325612016 19.191381553188 19.3183232932352 18.8442640267313 19.1734519288875 19.4474165881984 19.7751701204106 19.7959684845991 19.7715841955505 19.6130863167346 19.4373759985901 19.4280525939539 20.4851832427084 20.0419629300013 19.9150211899541 15.8249152945355 15.1105990624055 14.30783001706 14.451506073121 14.5906399576925 14.4231772667263 14.0524137298686 15.1830347445793 15.4910656900611 15.7786568638403 20.2148045082577 19.6575517849997 18.8177281827666 16.8097536981106 14.5078209603486
-9999 -9999 -9999 -9999 -9999 12.679146411363 18.3623157255352 18.1277962396853 18.1880397773348 18.5265510841273 18.716605101712 18.674291188363 19.4682149523869 19.3491622470319 19.3470106921159 19.550691224169 19.2358470214531 19.7744529354386 19.6231269063428 19.1297036455944 19.392193345353 19.1956846630201 19.2645344203338 19.2229376919568 19.5779442531057 20.108661132399 19.9200414847583 20.0857112132944 20.0405285600573 19.7206640625373 18.9382152580656 19.2035736977123 19.9064149702899 19.5542771490291 19.4144260794856 19.630298756063 19.3161717383191 19.6826532590203 19.8067262591794 19.7199468775652 19.8088778140955 19.7701498256065 19.5055085709319 19.5542771490291 20.1746421498246 20.4471724391915 19.0974303218536 20.7232886534184 15.4405041495338 15.5954161034897 15.2457884296309 14.9226965997368 14.769219015725 15.2346720625646 16.4101382317021 16.166295341216 16.406193714356 16.5865657348186 18.0051576094702 16.7084871800616 15.8424863263499 16.246620058082
-9999 -9999 -9999 -9999 -9999 17.5691091464832 18.0804620315321 18.3587298006751 18.4985808702186 18.6161992056295 18.5093386447988 19.0163884200156 19.0235602697358 19.2028565127403 20.8021790003404 19.9881740571 19.1827753335238 19.5686208484694 19.4804070969112 19.3627887615003 19.8397167678922 19.4768211720511 19.1748862988316 19.2186345821247 19.2351298364811 19.8454542476684 19.7665639007464 20.0742362537421 19.7794732302427 19.7844935250469 20.0383770051412 19.4653462124988 19.2989592989907 19.4108401546255 19.7278359122574 19.9415570339188 19.6267128312029 20.2234107279219 19.8009887794033 19.591570767574 20.1423688260838 19.8389995829202 19.7880794499069 19.8217871435918 19.8798791263252 20.2234107279219 20.2348856874742 19.8031403343193 20.347483728081 20.506698791869 20.3697164622135 16.445997480303 15.6449018665589 15.7202062886208 15.8177434448153 15.3426084008534 15.3824121668003 14.8473921776749 14.772446348099 15.3827707592864 17.4048737878911 16.0300301965326
-9999 -9999 -9999 -9999 -9999 17.7842646380886 18.3845484596677 18.7876064139418 18.8851435701363 18.9425183678977 19.3412732123397 19.1691488190554 19.5707724033855 19.5542771490291 20.6910153296776 20.2879573754035 19.0895412871614 19.8963743806817 19.1375926802866 18.9360637031496 19.4588915477507 19.2372813913971 19.2071596225724 19.2638172353618 19.3405560273677 19.2487563509494 19.469649322331 19.2179173971526 19.4230322991498 19.6840876289643 19.473235247191 19.3778496459126 19.4187291893177 19.8425855077803 20.3532212078571 20.149540675804 20.0806909184903 20.188985849265 20.1151157971472 19.82824180834 19.6905422937125 19.6410565306433 19.7766044903547 19.7794732302427 19.7543717562221 19.8253730684519 19.9250617795624 19.7170781376772 19.9537491784431 20.426374075003 19.6216925363988 18.5351573037915 18.0101779042743 18.0431684129871 14.9137317875866 14.7859533317387 14.7864314550534 14.9133731951006 14.8527710649651 15.0467695998959 15.4831766553689 15.6233863173984
-9999 -9999 -9999 -9999 -9999 18.2905972283334 18.3013550029136 18.3910031244159 19.2186345821247 18.158635193482 18.4218420782126 18.5667134425603 19.3226264030673 19.0916928420775 19.9515976235271 19.1433301600628 19.6790673341602 19.5485396692529 19.5248725651763 19.5162663455121 19.590853582602 19.2616656804457 19.2573625706136 19.4409619234502 19.4445478483103 19.3728293511085 19.6030457271263 19.5227210102603 19.5592974438332 19.7436139816418 19.8103121840395 19.91000089515 19.8727072766051 20.0369426351972 20.306604184676 20.2743308609352 20.1294594965875 20.1136814272031 20.3109072945081 20.1717734099366 19.8834650511853 20.0068208663724 19.9573351033032 19.7873622649349 19.6245612762868 19.6926938486286 19.7027344382368 19.629581571091 19.3283638828434 19.1010162467137 19.1218146109022 18.7768486393616 17.7799615282565 18.1328165344894 16.3582618520595 16.5528580411337 15.1507614208385 14.5440229345113 15.0302743455395 15.5498748577666 15.3870738691185 14.2428052462637
-9999 -9999 -9999 -9999 -9999 18.4519638470374 19.8533432823606 19.2587969405577 18.8550218013115 18.1199072049931 18.5100558297709 18.994155685883 18.7603533850051 20.8423413587734 19.4897305015475 20.587740693707 19.1383098652586 19.3455763221718 19.3204748481512 19.1892299982719 19.194250293076 19.6546830451116 19.5377818946727 19.314020183403 19.4976195362397 19.5047913859598 19.4768211720511 19.593005137518 19.591570767574 19.4581743627787 19.631015941035 19.7428967966698 19.5298928599805 20.0010833865963 20.0484175947495 20.031205155421 20.0835596583784 19.7242499873973 19.9193242997862 20.1983092539012 19.6998656983487 19.7084719180129 19.9221930396743 20.0663472190499 19.6209753514268 19.0149540500715 19.3412732123397 19.4144260794856 19.6919766636565 19.0952787669376 19.4667805824429 19.35203098692 16.3369853645563 16.0123396338895 16.1347392024472 15.7897732309066 14.771729163127 14.9843745073304 14.7007278508972 15.209211996058 16.3097323356196 15.9999084277079
