EcologicalScience/Bass/data/rs_data_bass/sst_389.asc
NCOLS 226 
NROWS 124 
XLLCORNER -9.41648524995501 
YLLCORNER 47.587301625531 
CELLSIZE 0.0833 
NODATA_value -9999 
[rows 0 to 26 of 124, columns 62 to 123 of 226]
-9999 -9999 -9999 -9999 -9999 -9999 -9999 -9999 -9999 -9999 -9999 -9999 -9999 -9999 -9999 -9999 -9999 -9999 -9999 -9999 -9999 -9999 -9999 -9999 -9999 -9999 -9999 -9999 -9999 -9999 -9999 -9999 -9999 -9999 -9999 -9999 -9999 -9999 -9999 -9999 -9999 -9999 -9999 -9999 -9999 -9999 -9999 -9999 -9999 -9999 -9999 -9999 -9999 -9999 -9999 -9999 -9999 -9999 -9999 -9999 -9999 -9999
-9999 -9999 -9999 -9999 -9999 -9999 -9999 -9999 -9999 -9999 -9999 -9999 -9999 -9999 -9999 -9999 -9999 -9999 -9999 -9999 -9999 -9999 -9999 -9999 -9999 -9999 -9999 -9999 -9999 -9999 -9999 -9999 -9999 -9999 -9999 -9999 -9999 -9999 -9999 -9999 -9999 -9999 -9999 -9999 -9999 -9999 -9999 -9999 -9999 -9999 -9999 -9999 -9999 -9999 -9999 -9999 -9999 -9999 -9999 -9999 -9999 -9999
-9999 -9999 -9999 -9999 -9999 -9999 -9999 -9999 -9999 -9999 -9999 -9999 -9999 -9999 -9999 -9999 -9999 -9999 -9999 -9999 -9999 -9999 -9999 -9999 -9999 -9999 -9999 -9999 -9999 -9999 -9999 -9999 -9999 -9999 -9999 -9999 -9999 -9999 -9999 -9999 -9999 -9999 -9999 -9999 -9999 -9999 -9999 -9999 -9999 -9999 -9999 -9999 -9999 -9999 -9999 -9999 -9999 -9999 -9999 -9999 -9999 -9999
-9999 -9999 -9999 -9999 -9999 -9999 -9999 -9999 -9999 -9999 -9999 -9999 -9999 -9999 -9999 -9999 -9999 -9999 -9999 -9999 -9999 -9999 -9999 -9999 -9999 -9999 -9999 -9999 -9999 -9999 -9999 -9999 -9999 -9999 -9999 -9999 -9999 -9999 -9999 -9999 -9999 -9999 -9999 -9999 -9999 -9999 -9999 -9999 -9999 -9999 -9999 -9999 -9999 -9999 -9999 -9999 -9999 -9999 -9999 -9999 -9999 -9999
-9999 -9999 -9999 -9999 -9999 -9999 -9999 -9999 -9999 -9999 -9999 -9999 -9999 -9999 -9999 -9999 -9999 -9999 -9999 -9999 -9999 -9999 -9999 -9999 -9999 -9999 -9999 -9999 -9999 -9999 -9999 -9999 -9999 -9999 -9999 -9999 -9999 -9999 -9999 -9999 -9999 -9999 -9999 -9999 -9999 -9999 -9999 -9999 -9999 -9999 -9999 -9999 -9999 -9999 -9999 -9999 -9999 -9999 -9999 -9999 -9999 -9999
-9999 -9999 -9999 -9999 -9999 -9999 -9999 -9999 -9999 -9999 -9999 -9999 -9999 -9999 -9999 -9999 -9999 -9999 -9999 -9999 -9999 -9999 -9999 -9999 -9999 -9999 -9999 -9999 11.1099997516721 10.230155327823 9.88734091119841 10.1039307727478 10.18999296939 10.071657449007 10.3441877383739 10.6131321028806 10.946623114869 11.0534836756997 11.0334024964832 10.9043092015199 10.9896542131901 11.6028473642655 11.7111422950402 12.1142002493143 11.7154454048723 11.7964873067103 11.981521029491 11.8502761796117 11.6279488382861 12.1156346192583 12.3121433015913 12.102725289762 12.0059053185396 12.3049714518711 11.0821710745804 11.3962980923243 10.7142551839352 10.468977923505 10.4897762876935 10.8247016696259 11.0914944792166 10.6640522358939
-9999 -9999 -9999 -9999 -9999 -9999 -9999 -9999 -9999 -9999 -9999 -9999 -9999 -9999 -9999 -9999 -9999 -9999 -9999 -9999 -9999 -9999 -9999 -9999 -9999 -9999 -9999 10.5328073860146 10.4747154032812 10.2229834781028 10.5335245709866 10.429532750044 10.6755271954462 10.6002227733843 10.9681386640295 10.9265419356525 10.9903713981621 10.9014404616319 10.9939573230222 10.8942686119117 10.8505203286186 11.665242456831 11.6573534221388 11.5218054624274 11.0871913693845 11.6989501505159 11.8280434454791 11.6078676590696 12.299233972095 12.3709524692968 12.0769066307694 12.2490310240537 11.3826715778559 11.2349314736202 11.2607501326129 11.1266365428455 11.3547013639472 11.0635242653079 11.4744712542742 11.1087069185451 10.7831049412489 11.2126987394877
-9999 -9999 -9999 -9999 -9999 -9999 -9999 -9999 -9999 -9999 -9999 -9999 -9999 -9999 -9999 -9999 -9999 -9999 -9999 -9999 -9999 -9999 -9999 -9999 -9999 -9999 10.5736869294196 10.4467451893725 10.2961363452487 10.4044312760234 10.3427533684298 10.5120090218261 10.6583147561178 11.8402355900034 11.1216162480414 11.1280709127896 11.4092074218206 11.264336057473 11.1804254157469 11.0068666525185 11.1797082307748 11.6501815724187 11.4472182253376 11.2557298378088 10.7988830106333 11.4522385201417 11.8007904165424 12.1450392031111 12.1371501684189 11.8875697981566 11.7677999078296 12.0812097406015 12.0482192318887 10.7027802243829 11.7061220002361 11.1969206701033 11.1503036469221 11.4938352485187 10.8763389876112 10.4309671199881 11.0850398144685 11.0692617450841
-9999 -9999 -9999 -9999 -9999 -9999 -9999 -9999 -9999 -9999 -9999 -9999 -9999 -9999 -9999 -9999 -9999 -9999 -9999 -9999 -9999 -9999 -9999 -9999 -9999 -9999 9.9746940407902 10.7164067388512 10.9781792536378 10.8691671378911 10.6805474902503 10.6977599295788 11.5999786243774 11.2356486585923 11.2801141268574 11.1746879359707 11.1338083925657 10.9329966004007 11.0204931669869 11.1216162480414 11.4421979305334 11.3625903986394 11.0334024964832 11.0477461959235 11.0441602710634 11.8545792894438 12.1593829025514 11.8079622662626 11.8775292085484 11.1165959532373 11.0212103519589 11.1130100283772 11.3676106934436 11.8868526131846 11.3102358956821 10.984633918386 12.2712637581863 11.9521164456382 11.2621845025569 11.5289773121476 11.5755943353288 11.9270149716176
-9999 -9999 -9999 -9999 -9999 -9999 -9999 -9999 -9999 -9999 -9999 -9999 -9999 -9999 -9999 -9999 -9999 -9999 -9999 -9999 -9999 -9999 -9999 -9999 -9999 12.1166537768502 9.23219243925996 9.85972928977571 10.5048371721059 10.6052430681884 10.4517654841766 10.8957029818557 11.8337809252553 11.2019409649074 11.1151615832932 11.1388286873698 10.8397625540383 11.1768394908868 11.5383007167839 11.5526444162242 11.5002899132669 11.4429151155055 11.2334971036762 11.06424145028 11.3518326240592 12.1314126886427 11.9227118617855 11.3611560286954 11.187597265467 10.586596258916 11.064958635252 10.2982879001647 11.5820490000769 11.4113589767367 11.6573534221388 11.6903439308517 11.6874751909636 11.2736594621092 10.4625232587568 10.7400738429278 11.2334971036762 11.8983275727369
-9999 -9999 -9999 -9999 -9999 -9999 -9999 -9999 -9999 -9999 -9999 -9999 -9999 -9999 -9999 -9999 -9999 -9999 -9999 -9999 -9999 -9999 -9999 -9999 12.2195286422502 9.93216497194953 9.99563584197313 9.90491194301285 9.71521651791409 9.47746969969012 10.6647694208659 11.3547013639472 11.5167851676233 11.1732535660267 11.105120993685 10.9014404616319 10.9796136235818 11.0434430860914 11.0893429243006 10.9939573230222 11.2743766470812 11.2442548782565 11.2865687916055 11.0326853115112 11.5318460520357 11.5677053006366 11.3919949824922 11.4213995663449 10.7988830106333 10.9839167334139 10.4431592645124 10.2731864261441 10.9559465195052 11.2406689533964 11.3317514448427 11.2091128146276 11.3561357338913 11.7885982720181 11.4271370461211 11.5949583295733 10.4388561546803 10.4847559928894
-9999 -9999 -9999 -9999 -9999 -9999 -9999 -9999 -9999 -9999 -9999 -9999 -9999 -9999 -9999 -9999 -9999 -9999 -9999 -9999 -9999 -9999 -9999 -9999 6.52015746757388 6.51657154271379 10.1358455040026 9.25299080344848 9.11708425125107 9.16872156923637 9.36487165908329 8.8273415225558 11.5576647110283 11.2729422771372 11.7799920523539 11.4113589767367 11.0771507797763 11.6953642256558 11.026947831735 10.9932401380502 11.544755381532 11.3762169131078 11.1517380168661 10.9681386640295 11.0068666525185 11.8115481911227 11.5813318151049 11.4063386819325 11.9191259369254 11.4995727282949 10.4410077095963 10.2638630215079 10.2208319231868 10.3226721892133 10.6604663110338 11.0620898953639 11.265053242445 11.30593278585 11.4278542310931 11.7462843586691 11.8882869831286 11.4845118438825
-9999 -9999 -9999 -9999 -9999 -9999 -9999 -9999 -9999 -9999 -9999 -9999 -9999 -9999 -9999 -9999 -9999 -9999 -9999 -9999 -9999 -9999 -9999 11.9899997320026 6.47497481433675 9.08373515005223 8.42966245557182 9.08803825988434 8.98763236380182 8.53150272159837 8.82841730001383 8.85961484629661 9.06688130320981 11.7326578442007 12.2303842147812 11.1682332712226 11.0147556872107 11.0169072421268 11.1409802422859 11.4364604507573 11.5863521099091 11.4034699420445 11.5339976069517 11.8746604686603 11.6616565319709 12.1973937060684 11.8187200408429 12.2770012379624 11.8653370640241 11.4981383583508 12.3272041860037 10.7164067388512 10.2459333972074 10.7006286694668 10.308328489773 10.2545396168716 10.7099520741031 10.8376109991223 10.9559465195052 11.0075838374905 11.0943632191047 10.7006286694668
-9999 -9999 -9999 -9999 -9999 -9999 -9999 -9999 -9999 -9999 -9999 -9999 -9999 -9999 -9999 -9999 -9999 -9999 -9999 -9999 -9999 10.1494408365157 7.9031462311146 8.80869471328333 8.63298439513892 8.9428083030507 9.31215856363997 9.07512893038802 9.52516250032932 9.06437115580775 8.98081910656765 7.91149631328881 8.46193577931263 7.96851251856424 8.4450819324702 11.1388286873698 11.226325253956 11.2994781211019 11.823023150675 11.8818323183805 11.4307229709812 11.3475295142271 11.6896267458797 11.6867580059916 11.7240516245365 11.7742545725778 10.788842421025 11.1001006988809 11.4292886010371 11.1624957914464 11.9650257751346 11.0018463577144 11.4716025143862 11.0757164098322 10.2652973914519 10.1849726745859 10.2495193220675 10.3147831545211 10.3714407673106 10.3241065591574 10.3936735014431 10.9996948027983
-9999 -9999 -9999 -9999 -9999 -9999 -9999 -9999 -9999 -9999 -9999 -9999 -9999 -9999 -9999 -9999 -9999 -9999 -9999 -9999 7.98786092183107 7.8818386053283 8.34395885141566 8.4529709671624 8.59676655405201 8.78000731440261 9.46958066499792 9.42583238170482 9.03783531184308 9.14756461256184 8.40599535149522 8.42607653071173 7.96169926133007 8.30738241784275 8.58672596444376 12.8701132098213 11.7548905783333 11.9765007346869 12.0905331452377 11.7677999078296 11.5375835318118 11.7764061274938 11.8552964744158 12.3551743999124 11.822305965703 11.901913497597 10.8426312939264 10.6052430681884 10.9129154211842 12.6126438048668 10.6583147561178 10.8598437332548 11.3030640459619 11.4421979305334 10.7580034672283 10.1570024606772 10.3341471487656 10.4575029639527 10.3398846285418 10.3527939580381 10.3162175244652 10.3441877383739
-9999 -9999 -9999 -9999 -9999 -9999 -9999 -9999 -9999 -9999 -9999 -9999 -9999 -9999 -9999 -9999 -9999 -9999 -9999 -9999 10.9243903807364 7.69010682923433 8.94316689553671 9.19525741320103 9.73529769713059 8.96862696204334 8.34395885141566 9.20816674269736 9.39104891056195 8.42643512319773 8.41962186596356 8.31060975021683 7.78491316572763 8.22885066340677 8.09724722104147 8.64266639226116 8.94316689553671 9.27845086995512 12.382427428849 11.7233344395645 11.6702627516352 11.7290719193406 11.861033954192 11.2356486585923 10.985351103358 10.8584093633108 11.942793041002 10.5406964207068 10.5105746518821 10.7945799008012 10.5363933108747 11.6351206880063 11.1352427625097 10.8218329297379 12.2798699778505 10.4739982183091 10.4854731778614 10.4015625361353 10.3649861025624 9.04357279161923 9.19669178314507 10.1562852757052
-9999 -9999 -9999 -9999 -9999 -9999 -9999 -9999 -9999 -9999 -9999 -9999 -9999 -9999 -9999 -9999 -9999 -9999 12.9897305076011 9.27701650001109 9.31682026595809 9.57142093102448 8.61792351072654 10.3678548424505 9.57213811599649 9.34263892495073 9.39571061288007 9.83283485332504 9.80558182438836 9.50938443094492 8.46265296428464 8.25968961720355 8.60465558874421 9.36702321399935 8.99552139849402 8.11410106788389 8.82877589249983 9.24725332367234 8.88866083766334 11.7771233124658 11.5354319768958 11.4185308264568 11.2535782828927 11.3826715778559 11.3217108552344 11.1660817163065 11.6078676590696 11.3374889246188 11.2915890864097 10.4539170390926 10.6217383225448 10.3535111430101 10.5421307906508 10.5686666346155 10.5622119698673 10.4567857789807 10.7673268718645 9.17302467906848 9.16692860680632 9.30104219657369 9.8909268360585 10.2939847903326
-9999 -9999 -9999 -9999 -9999 -9999 -9999 -9999 -9999 -9999 -9999 -9999 -9999 -9999 -9999 -9999 7.78477735836059 8.43212777891313 9.81633959896863 9.24689473118633 9.43013549153693 9.04142123670317 9.32219915324822 10.0458387900144 9.65963468258269 9.74246954685077 9.00054169329815 9.94112978409976 9.82602159609087 8.95535904006101 9.35698262439109 8.42428356828168 9.20673237275332 9.0704672280699 9.12282173102722 10.2018265214283 8.77606279705651 8.64159061480314 8.54692219849676 8.74558243574575 9.46420177770779 11.1381115023978 10.9179357159883 11.1538895717822 10.6977599295788 11.544755381532 10.8648640280589 10.5751212993637 10.547151085455 10.9394512651488 10.6461226115935 10.66620379081 10.6396679468453 10.6303445422091 10.5758384843357 10.7228614035994 10.6332132820971 9.18736837850884 9.53735464485362 8.90013579721563 10.34992521815 10.3664204725064
-9999 -9999 -9999 -9999 -9999 -9999 -9999 -9999 -9999 -9999 -9999 7.83200311523093 7.81999982520938 -9999 -9999 -9999 7.94838403565809 9.71798963313922 10.2810754608363 9.39606920536608 10.0989104779437 10.0669957466889 10.3617587701883 10.4865489553194 10.308687082259 10.2635044290219 10.2376857700292 9.88662372622639 9.62162387906574 8.84921566420235 8.30881678778678 9.433004231425 8.38950009713881 8.95858637243509 9.05540634365752 9.51583909569308 9.19454022822902 9.22000029473566 9.01129946787842 9.04680012399331 9.35447247698903 9.59329507267103 12.6635639378801 10.7902767909691 10.7852564961649 10.7149723689072 11.4006012021564 10.7515488024801 10.788842421025 10.7192754787393 10.7730643516406 10.7644581319764 10.6927396347746 10.4747154032812 10.5686666346155 10.7221442186274 10.6081118080765 10.5851618889719 9.33319598948583 13.7199774016626 10.4051484609954 10.4187749754637
-9999 -9999 -9999 -9999 -9999 -9999 -9999 -9999 -9999 -9999 -9999 -9999 -9999 -9999 -9999 -9999 -9999 -9999 8.35640931848913 10.0587481195107 10.1358455040026 10.1835383046418 9.95260474365205 10.187841414474 10.4008453511633 10.3689306199085 10.4732810333371 10.3839915043209 12.7503433194943 12.7826166432351 9.23685414157808 8.98368784645572 8.86606951104477 9.90813927538693 9.56281471136026 9.39140750304796 9.66429638490081 9.2060151877813 9.45308541064151 9.35949277179316 9.35554825444706 12.7747276085429 12.7646870189346 12.7173528107814 10.7551347273402 10.6619006809779 10.6167180277407 10.9014404616319 10.7572862822562 10.7823877562769 10.7128208139911 10.8082064152695 10.7436597677879 10.6776787503622 10.5665150796995 10.6425366867334 10.1197088421322 10.0271919807419 10.3198034493253 10.3578142528422 10.4912106576376 9.49755087890662
-9999 -9999 -9999 -9999 -9999 -9999 -9999 -9999 -9999 -9999 -9999 -9999 -9999 -9999 9.83105485206919 7.59728960832581 7.74196175462566 9.88769950368442 8.85387736652046 9.15437786979601 9.03998686675914 10.1996749665122 10.7002700769808 10.546792492969 10.4266640101559 10.4384975621942 10.3416775909718 12.8227790016681 10.2957777527627 9.75537887634709 9.79697560472414 8.95141452271491 9.31036560120992 9.93324074940756 9.32255774573423 9.68975645140745 10.0203787235077 9.45559555804357 9.69226659880951 9.233626809204 9.23326821671799 9.49109621415846 9.73278754972853 12.4900051746517 8.44759207987227 9.0704672280699 10.6783959353343 10.7034974093549 10.6948911896907 10.6418195017613 10.7630237620324 10.745811322704 10.7558519123122 10.6482741665095 10.6647694208659 10.5593432299793 10.430249935016 10.0250404258259 9.28813286707737 12.0152287231758 9.45702992798761 9.5366374598816
-9999 -9999 -9999 -9999 -9999 -9999 -9999 -9999 -9999 -9999 -9999 -9999 6.17999986186624 10.4931231508963 9.7715155382175 10.4818872530013 9.47782829217613 9.9346751193516 9.77510146307759 9.33403270528652 10.4187749754637 10.2075640012044 10.1598712005652 10.5801415941678 10.3994109812193 13.1569871986285 10.4872661402915 12.7051606662571 10.0386669402942 9.70230718841776 9.77294990816154 9.99958035931922 9.48404389526695 9.76506087346934 9.93718526675366 9.53807182982564 9.25550095085055 9.82530441111885 9.17947934381664 9.29853204917163 9.6599932750687 9.55026397434995 9.38638720824383 9.22000029473566 9.16692860680632 9.09664447954856 9.39224421884865 10.5249183513224 10.5034028021619 10.5672322646715 10.6088289930485 10.8548234384507 10.8749046176672 10.7666096868925 10.7178411087953 10.5851618889719 9.43372141639702 9.37742239609361 12.1902218563482 12.220343625173 9.57428967091255 9.60477003222331
-9999 -9999 -9999 -9999 -9999 -9999 -9999 -9999 -9999 -9999 6.92762434585631 11.1948886460159 10.8458586263005 10.905384978978 10.8770561725833 10.3723970139399 10.2676880080253 10.0515762697905 10.0002975442912 10.3071331814863 10.2269279954489 10.3739509147126 10.6977599295788 13.3950926093385 10.110385437496 13.0859858863987 13.0400860481896 10.6446882416494 9.15868097962812 10.6977599295788 10.9114810512401 10.0583895270247 9.82602159609087 9.80594041687436 9.3494521821849 9.92320015979931 9.87837609904818 9.86546676955186 9.88734091119841 9.75251013645902 9.52803124021739 9.37957395100966 9.37240210128948 9.36738180648535 9.44627215340734 9.83283485332504 9.76063823280856 9.83905045641586 9.90048930235207 9.6560487577226 10.4410077095963 10.4080172008835 10.4847559928894 10.7723471666686 10.9767448836938 9.68330178665929 9.53843042231165 9.62126528657973 10.6346476520412 11.187597265467 10.6052430681884 9.6797158617992
-9999 -9999 -9999 -9999 -9999 -9999 -9999 -9999 -9999 -9999 10.6449997620657 7.59987944294699 8.62975706276484 9.2537079884205 10.8042618979234 11.9830749302637 12.349999723956 -9999 -9999 9.22999979369342 -9999 9.76945458852033 10.190710154362 10.6471983890515 10.1641743103974 13.1598559385166 9.89379557594657 9.96802422055043 10.0157170211896 9.58217870560475 10.9624011842534 10.8003173805773 10.2947019753046 9.5244453153573 8.88615069026127 9.75466169137508 10.6418195017613 9.32004759833217 9.66931667970493 9.93252356443554 9.41830193949863 9.44627215340734 9.64851831551641 9.62664417386986 10.2107913335785 9.49970243382268 9.5685521911364 9.67290260456502 9.92869857791811 9.99396241037175 10.4531998541206 10.4933622125536 10.5995055884123 10.669072530698 10.8562578083947 10.0548036021646 10.0368739778642 12.1651203823276 12.2103030355647 11.7742545725778 11.426419861149 10.5622119698673
-9999 -9999 -9999 -9999 -9999 -9999 -9999 -9999 -9999 -9999 -9999 -9999 -9999 -9999 -9999 -9999 -9999 -9999 -9999 -9999 -9999 -9999 -9999 -9999 -9999 11.0166963053703 10.8351008517202 10.5564744900912 10.3868602442089 10.5779900392517 10.4087343858555 9.48177280952223 10.5385448657908 9.96228674077429 9.99491865700111 10.8645054355729 9.34371470240876 9.49504073150456 10.5143398729851 10.0259369070409 10.6982978183078 9.76470228098333 10.589285702561 9.80988493422046 9.8353450007271 9.76398509601131 9.80056152958423 9.67648852942511 9.63130587618798 9.55456708418205 9.80809197179042 10.3449049233459 10.2652973914519 10.5973540334962 10.7099520741031 10.0246818333399 10.0569551570807 10.0038834691513 11.267204797361 11.2585985776968 11.1775566758588 10.5378276808187
-9999 -9999 -9999 -9999 -9999 -9999 -9999 -9999 -9999 -9999 -9999 -9999 -9999 -9999 -9999 -9999 -9999 -9999 -9999 -9999 -9999 -9999 -9999 -9999 -9999 10.6396679468453 10.8987766317358 10.5576697983779 10.5374690883327 10.0569551570807 9.8672597319819 10.4051484609954 10.6002227733843 9.85865351231769 10.0049592466094 9.41160821309313 10.4005379861753 10.2254936255049 9.03747671935707 9.98344369744882 9.5724967084825 10.8073099340545 10.3800469869748 10.2896816805005 9.94112978409976 9.92929623206146 9.9827265124768 10.1024964028038 10.0422528651543 9.93933682166971 9.7794045729097 10.1670430502854 10.2574083567597 10.6396679468453 10.5772728542797 10.4101687557995 10.5449995305389 10.4453108194284 10.5973540334962 10.5815759641118 10.5428479756229 10.3865016517229
-9999 -9999 -9999 -9999 -9999 -9999 -9999 -9999 -9999 -9999 -9999 -9999 -9999 -9999 -9999 -9999 -9999 -9999 -9999 -9999 -9999 -9999 -9999 -9999 -9999 -9999 -9999 11.2579610799439 10.6497085364535 10.0924558131956 8.90013579721563 10.5328073860146 10.7780846464448 10.4496139292605 10.3943906864151 9.98989836219698 10.4456694119144 8.85507267480716 9.67290260456502 10.6592710027471 9.99118929514662 10.0908780062571 8.93850519321859 10.4670654302463 10.1730195917189 10.0849253709894 10.1197088421322 9.93826104421169 10.1222189895343 10.4749544649385 9.99886317434721 10.4312061816454 10.0031662841793 10.0149998362176 10.507705911994 10.3549455129541 10.4804528830573 10.507705911994 10.6475569815375 10.6561632012017 10.586596258916 10.5155949466862
