EcologicalScience/Bass/data/rs_data_bass/sst_51.asc
NCOLS 226 
NROWS 124 
XLLCORNER -9.41648524995501 
YLLCORNER 47.587301625531 
CELLSIZE 0.0833 
NODATA_value -9999 
[rows 27 to 53 of 124, columns 62 to 123 of 226]
-9999 -9999 -9999 -9999 -9999 -9999 -9999 -9999 -9999 -9999 -9999 -9999 -9999 -9999 -9999 -9999 -9999 -9999 -9999 -9999 -9999 -9999 -9999 -9999 -9999 -9999 -9999 -9999 12.5299997199327 7.42583316735302 6.00249986583367 7.15999983996153 7.31749983644113 7.41249983431771 6.95199984461069 6.99499984364957 7.4639998331666 7.48499983269721 7.48399983271956 6.962499844376 6.81999984756112 7.04249984258786 7.04249984258786 7.25999983772635 7.22499983850867 7.38749983487651 6.70499985013157 6.32249985868111 7.52249983185902 7.55249983118847 7.57249983074144 7.55249983118847 7.36999983526766 7.31249983655289 5.97999986633658 6.12999986298382 6.14499986264855 6.03999986499548 6.029999865219 6.7199998497963 6.61999985203147 6.63999985158443
-9999 -9999 -9999 -9999 -9999 -9999 -9999 -9999 -9999 -9999 -9999 -9999 -9999 -9999 -9999 -9999 -9999 -9999 -9999 -9999 -9999 -9999 -9999 -9999 -9999 -9999 -9999 -9999 -9999 -9999 9.78499978128821 7.01599984318018 6.96499984432012 7.2049998389557 7.34749983577058 5.82999986968935 5.89499986823648 5.93999986723065 5.57999987527728 5.60499987471849 5.98499986622483 5.66499987337738 5.65999987348914 7.19999983906746 7.26749983755872 6.39749985700473 6.86749984649941 7.57499983068556 7.57249983074144 7.54749983130023 7.54749983130023 7.57749983062968 7.57249983074144 7.54999983124435 7.39749983465299 7.3749998351559 6.94499984476715 7.70249982783571 6.76499984879047 6.7449998492375 6.7449998492375 6.65499985124916
-9999 -9999 -9999 -9999 -9999 -9999 -9999 -9999 -9999 -9999 -9999 -9999 -9999 -9999 -9999 -9999 -9999 -9999 -9999 -9999 -9999 -9999 -9999 -9999 -9999 -9999 -9999 -9999 -9999 -9999 -9999 6.03642843650388 7.09399984143674 5.64499987382442 5.79499987047166 6.06999986432493 6.15499986242503 6.13499986287206 7.48249983275309 5.92499986756593 5.87499986868352 5.8249998698011 5.77499987091869 5.67999987304211 5.92499986756593 6.95999984443188 6.56499985326082 6.60249985242262 6.60249985242262 7.60249983007088 7.55749983107671 7.5199998319149 7.38749983487651 5.76499987114221 5.76499987114221 7.51249983208254 7.47749983286485 7.83874982479028 6.68999985046685 6.71499984990805 6.66499985102564 6.61499985214323
-9999 -9999 -9999 -9999 -9999 -9999 -9999 -9999 -9999 -9999 -9999 -9999 -9999 -9999 -9999 -9999 -9999 -9999 -9999 -9999 -9999 -9999 -9999 -9999 -9999 -9999 -9999 -9999 -9999 -9999 -9999 7.81187482539099 5.03499988745898 5.41499987896532 5.78499987069517 5.94999986700714 6.00999986566603 6.16499986220151 6.18499986175448 5.80999987013638 5.87999986857176 5.70999987237155 5.86499986890703 7.50249983230606 6.14749986259267 6.23249986069277 6.62749985186383 7.17499983962625 7.84833315790941 7.84499982465059 7.58999983035028 7.54249983141199 6.61999985203147 6.56499985326082 6.43499985616654 7.604999830015 7.77124982629903 6.31499985884875 6.92499984521419 7.0349998427555 6.64999985136092 6.58499985281378
-9999 -9999 -9999 -9999 -9999 -9999 -9999 -9999 -9999 -9999 -9999 -9999 -9999 -9999 -9999 -9999 -9999 -9999 -9999 -9999 -9999 -9999 -9999 -9999 -9999 -9999 -9999 -9999 -9999 -9999 -9999 6.99259418332598 5.05499988701195 4.95499988924712 4.88999989069998 5.58499987516552 5.58499987516552 7.14749984024093 7.0349998427555 7.08249984169379 6.63499985169619 7.53499983157963 7.65749982884154 7.09999984130263 6.86999984644353 6.89749984582886 6.35249985801056 7.66249982872978 7.61999982967973 7.59749983018264 6.33999985828996 6.35999985784292 6.59499985259026 6.52499985415488 6.50499985460192 6.7199998497963 6.26999985985458 6.26999985985458 6.77499984856695 7.22499983850867 6.30499985907227 6.52999985404313
-9999 -9999 -9999 -9999 -9999 -9999 -9999 -9999 -9999 -9999 -9999 -9999 -9999 -9999 -9999 -9999 -9999 -9999 -9999 -9999 -9999 -9999 -9999 -9999 -9999 -9999 -9999 -9999 -9999 -9999 -9999 -9999 4.86499989125878 4.92999988980591 5.594999874942 5.66999987326562 5.78499987069517 7.31249983655289 7.39249983476475 7.31499983649701 7.37749983510002 7.5324998316355 7.7374998270534 7.68999982811511 7.68249982828274 7.68999982811511 7.69499982800335 7.50499983225018 7.52749983174726 7.50333316562076 6.66499985102564 6.6599998511374 6.6599998511374 6.3699998576194 7.76333315980931 7.76999982632697 6.73499984946102 6.69999985024333 6.4299998562783 6.05999986454844 6.4299998562783 6.42499985639006
-9999 -9999 -9999 -9999 -9999 -9999 -9999 -9999 -9999 -9999 -9999 -9999 -9999 -9999 -9999 -9999 -9999 -9999 -9999 -9999 -9999 -9999 -9999 -9999 -9999 -9999 -9999 -9999 -9999 -9999 -9999 -9999 6.32166652536641 6.8629998466 7.00699984338135 7.30599983669817 7.50199983231723 7.54749983130023 7.61749982973561 7.77749982615933 7.77499982621521 7.72499982733279 7.69499982800335 7.6774998283945 7.57249983074144 7.4949998324737 7.15249984012917 7.42499983403832 7.42499983403832 6.78499984834343 6.72499984968454 6.67499985080212 6.59499985259026 7.8224998251535 7.85874982434325 6.67999985069036 6.67999985069036 6.62499985191971 6.53999985381961 6.45499985571951 6.44499985594302 7.50999983213842
-9999 -9999 -9999 -9999 -9999 -9999 -9999 -9999 -9999 -9999 -9999 -9999 -9999 -9999 -9999 -9999 -9999 -9999 -9999 -9999 -9999 -9999 -9999 -9999 -9999 -9999 -9999 -9999 -9999 -9999 -9999 -9999 -9999 8.9662497995887 6.84499984700233 7.00499984342605 7.40699983444065 7.54499983135611 7.49749983241782 7.74249982694164 7.70749982772395 7.69749982794747 7.68749982817098 7.52499983180314 7.02499984297901 7.05499984230846 7.31499983649701 6.92749984515831 6.75999984890223 6.73499984946102 6.74999984912574 6.75999984890223 6.78999984823167 7.81499982532114 6.57999985292554 6.58499985281378 6.73999984934926 6.67999985069036 6.50499985460192 6.45999985560775 7.64499982912093 7.6166664964209
-9999 -9999 -9999 -9999 -9999 -9999 -9999 8.06266648645202 8.05199982002378 5.73416653849805 5.22299988325685 5.04108684384467 9.33999979123473 -9999 8.41999981179833 -9999 -9999 -9999 -9999 -9999 -9999 -9999 -9999 -9999 -9999 -9999 -9999 -9999 -9999 -9999 -9999 -9999 -9999 -9999 8.65321409229987 7.71849982747808 7.48499983269721 7.52499983180314 7.58499983046204 7.18499983940274 7.39249983476475 7.52749983174726 7.06999984197319 7.08749984158203 7.02499984297901 6.54499985370785 7.67499982845038 7.67499982845038 6.73999984934926 6.65499985124916 6.71499984990805 6.69999985024333 7.48499983269721 7.48499983269721 6.52999985404313 6.53499985393137 6.47499985527247 6.44499985594302 6.38999985717237 6.39499985706061 5.95499986689538 6.41249985666946
-9999 -9999 -9999 -9999 6.00441163049682 6.00588221869925 5.77333320428928 5.26312488235999 5.0706248866627 4.99874988826923 5.05124988709576 4.6634721179855 -9999 -9999 -9999 -9999 -9999 -9999 -9999 -9999 -9999 -9999 -9999 -9999 -9999 -9999 -9999 -9999 -9999 -9999 -9999 -9999 -9999 -9999 8.97181798128242 6.9812498439569 7.32999983616173 7.53499983157963 7.22999983839691 7.23999983817339 7.23499983828515 6.83249984728172 6.54999985359609 6.8299998473376 7.40499983448535 7.42499983403832 7.42499983403832 6.91499984543771 6.84999984689057 6.93499984499067 6.98499984387308 6.98499984387308 6.94749984471127 6.69499985035509 6.64499985147268 6.45499985571951 6.41499985661358 6.43499985616654 6.29999985918403 6.44499985594302 6.82249984750524 6.22999986074865
5.85249986918643 6.34749985812232 8.58764686687466 5.99749986594543 5.92499986756593 5.73749987175688 5.56499987561256 5.22499988321215 5.22999988310039 4.93749988963827 -9999 -9999 -9999 -9999 -9999 -9999 -9999 -9999 -9999 -9999 -9999 -9999 -9999 -9999 -9999 -9999 -9999 -9999 -9999 -9999 -9999 -9999 -9999 -9999 11.0862066487557 7.16115368608958 7.34038445131423 7.13499984052032 7.17249983968213 7.22249983856454 7.25999983772635 7.34499983582646 6.53999985381961 6.51249985443428 6.9874998438172 6.87499984633178 6.89499984588474 6.83499984722584 6.81999984756112 6.76499984879047 6.67499985080212 6.85999984666705 6.78499984834343 6.72499984968454 6.7199998497963 6.54999985359609 7.34499983582646 7.34499983582646 6.46999985538423 6.39999985694885 6.29999985918403 6.52499985415488
5.93749986728653 6.18249986181036 6.25249986024573 6.04499986488372 6.06499986443669 6.00749986572191 5.73249987186864 5.63249987410381 5.55249987589195 5.47499987762421 -9999 -9999 -9999 -9999 -9999 -9999 -9999 -9999 -9999 -9999 -9999 -9999 -9999 -9999 -9999 -9999 -9999 -9999 -9999 -9999 -9999 -9999 -9999 -9999 -9999 10.8899997565895 7.54624983132817 7.35576906635498 7.10999984107912 6.46999985538423 6.52499985415488 6.5024998546578 6.5149998543784 6.6599998511374 6.67999985069036 6.67999985069036 7.23999983817339 6.99999984353781 6.78999984823167 6.74999984912574 6.84499984700233 6.78499984834343 6.7449998492375 6.64499985147268 6.58999985270202 6.65499985124916 6.25499986018986 6.06249986449257 6.75499984901398 6.70249985018745 6.75499984901398 6.6599998511374
6.53749985387549 6.96749984426424 5.9699998665601 5.63999987393618 5.57749987533316 5.43249987857416 5.5824998752214 5.34249988058582 5.65749987354502 -9999 -9999 -9999 -9999 -9999 -9999 -9999 -9999 -9999 -9999 -9999 -9999 -9999 -9999 -9999 -9999 -9999 -9999 -9999 -9999 -9999 -9999 -9999 -9999 -9999 -9999 -9999 8.77052611975293 7.38153829654822 6.00999986566603 6.23749986058101 6.35249985801056 6.4174998565577 6.50499985460192 6.56999985314906 6.76999984867871 6.76999984867871 6.86999984644353 6.89999984577298 6.90499984566122 6.88499984610826 6.75999984890223 6.68999985046685 6.61499985214323 6.46999985538423 6.09999986365438 6.49999985471368 6.49999985471368 6.77166651530812 6.38999985717237 6.57999985292554 6.75999984890223 6.64499985147268
7.33499983604997 6.45999985560775 6.35499985795468 5.59749987488613 5.23999988287687 5.3399998806417 7.50999983213842 7.50999983213842 12.7897884929553 -9999 -9999 -9999 -9999 -9999 -9999 -9999 -9999 -9999 -9999 -9999 -9999 -9999 -9999 -9999 -9999 -9999 -9999 -9999 -9999 -9999 -9999 -9999 -9999 -9999 -9999 -9999 -9999 -9999 -9999 8.60499980766326 5.46763145673628 6.14499986264855 6.27999985963106 6.02833319858958 6.8899998459965 6.70999985001981 6.85999984666705 6.8299998473376 6.81499984767288 6.77499984856695 6.40833319009592 6.32166652536641 6.56499985326082 7.21999983862042 6.37499985750765 6.34999985806644 6.35499985795468 6.3449998581782 6.67499985080212 4.03499990981072 4.03499990981072 4.15999990701675
6.94749984471127 6.7449998492375 6.25249986024573 6.29499985929579 5.90749986795709 6.08749986393377 6.48499985504895 6.7574998489581 6.77249984862283 -9999 -9999 -9999 -9999 -9999 -9999 -9999 -9999 -9999 -9999 -9999 -9999 -9999 -9999 -9999 -9999 -9999 -9999 -9999 -9999 -9999 -9999 -9999 -9999 -9999 -9999 -9999 -9999 -9999 -9999 -9999 -9999 -9999 -9999 4.98999988846481 6.73999984934926 6.73999984934926 6.02166653207193 6.53999985381961 6.44999985583127 6.10666653017203 6.38249985734001 6.37999985739589 6.2116665278251 5.38666654626528 6.27499985974282 6.30499985907227 5.1949998838827 5.11999988555908 5.56499987561256 4.6499998960644 5.28999988175929 6.76199984885752
6.79249984817579 6.57749985298142 6.62749985186383 6.47999985516071 6.38499985728413 5.62499987427145 6.29999985918403 6.68749985052273 6.72999984957278 6.73999984934926 -9999 -9999 -9999 -9999 -9999 16.1899624452926 -9999 -9999 -9999 -9999 -9999 -9999 -9999 -9999 -9999 -9999 -9999 -9999 -9999 -9999 -9999 -9999 -9999 -9999 -9999 -9999 -9999 -9999 -9999 -9999 -9999 -9999 -9999 -9999 7.16133317326506 5.5333332096537 6.54499985370785 6.56499985326082 6.53499985393137 6.53499985393137 6.56499985326082 6.62499985191971 6.59499985259026 6.45999985560775 5.59999987483025 6.28999985940754 5.44999987818301 5.08499988634139 5.38499987963587 5.53999987617135 5.64499987382442 6.09999986365438
6.52999985404313 6.18999986164272 5.90749986795709 6.01249986561015 6.55499985348433 6.62499985191971 6.62999985180795 6.66499985102564 6.81499984767288 6.90999984554946 7.13088219355354 -9999 -9999 -9999 -9999 -9999 -9999 -9999 -9999 -9999 -9999 -9999 -9999 -9999 -9999 -9999 -9999 -9999 -9999 -9999 -9999 -9999 -9999 -9999 -9999 -9999 -9999 -9999 -9999 -9999 -9999 -9999 -9999 -9999 -9999 5.52846141489079 6.44499985594302 6.46499985549599 6.4299998562783 6.4899998549372 6.52499985415488 6.2599998600781 5.99999986588955 5.33499988075346 5.89999986812472 6.029999865219 4.81499989237636 5.75499987136573 5.84999986924231 5.83499986957759 5.88999986834824 5.95999986678362
6.53999985381961 6.47999985516071 5.73749987175688 6.43999985605478 6.44499985594302 6.55999985337257 6.83499984722584 6.40499985683709 6.6599998511374 6.95749984448776 6.68499985057861 6.43919985607266 -9999 -9999 -9999 -9999 20.2573651386104 20.2573651386104 -9999 -9999 -9999 -9999 -9999 -9999 -9999 -9999 -9999 -9999 -9999 -9999 -9999 -9999 -9999 -9999 -9999 -9999 -9999 -9999 -9999 -9999 -9999 -9999 -9999 -9999 -9999 8.8399998024106 13.6363411586187 5.27099988218397 6.52999985404313 6.47499985527247 5.71999987214804 5.52999987639487 6.10999986343086 6.1999998614192 6.33499985840172 6.31499985884875 6.24999986030161 6.45499985571951 6.0549998646602 6.15999986231327 6.09499986376613 5.93499986734241
6.18999986164272 6.18499986175448 6.74749984918162 6.70499985013157 6.36749985767528 6.65499985124916 5.79249987052754 5.81999986991286 5.54999987594783 5.29999988153577 5.77249987097457 5.88599986843765 6.55927616917822 5.69249987276271 5.55499987583607 5.55249987589195 7.09916650798793 10.8746771762869 -9999 -9999 -9999 -9999 -9999 -9999 -9999 -9999 -9999 -9999 -9999 -9999 -9999 -9999 -9999 -9999 -9999 -9999 -9999 -9999 -9999 -9999 -9999 -9999 -9999 -9999 -9999 -9999 -9999 -9999 13.0623608191446 4.9712498888839 6.23499986063689 6.24499986041337 6.2599998600781 6.20499986130744 6.10499986354262 6.25499986018986 6.2599998600781 6.07499986421317 5.90999986790121 5.87499986868352 5.92499986756593 5.88499986846
8.1374998181127 7.38749983487651 6.41499985661358 6.87499984633178 6.87499984633178 6.7199998497963 6.41249985666946 5.9824998662807 5.69749987265095 5.75249987142161 6.3574998578988 6.30749985901639 6.24749986035749 6.90833317892005 5.30249988147989 5.40249987924471 4.46954535464333 -9999 -9999 -9999 -9999 -9999 -9999 -9999 -9999 -9999 -9999 -9999 -9999 -9999 -9999 -9999 -9999 -9999 -9999 -9999 -9999 -9999 -9999 -9999 -9999 -9999 -9999 -9999 -9999 -9999 -9999 -9999 4.89499989058822 5.16666655118267 5.88333320183059 6.45499985571951 6.18499986175448 6.18499986175448 6.40499985683709 6.29999985918403 6.40999985672534 6.81499984767288 5.81999986991286 5.81499987002462 5.83499986957759 5.85999986901879
5.9449998671189 5.9449998671189 6.14499986264855 5.74249987164512 6.08249986404553 5.61499987449497 6.18999986164272 5.36499988008291 5.73749987175688 5.80749987019226 6.00749986572191 5.81749986996874 5.7999998703599 5.67249987320974 5.47749987756833 5.27249988215044 4.10673601931841 -9999 -9999 -9999 -9999 -9999 -9999 -9999 -9999 -9999 -9999 -9999 -9999 -9999 -9999 -9999 -9999 -9999 -9999 -9999 -9999 -9999 -9999 -9999 -9999 -9999 -9999 -9999 -9999 -9999 -9999 -9999 5.38499987963587 5.63999987393618 6.15333319579562 6.71333318327864 6.90499984566122 6.90499984566122 6.23499986063689 6.20999986119568 6.00999986566603 5.9699998665601 6.20499986130744 5.88499986846 5.76499987114221 5.78999987058342
6.23499986063689 6.23499986063689 7.19999983906746 6.99999984353781 6.84249984705821 6.28999985940754 5.83999986946583 5.72499987203628 5.87999986857176 6.01499986555427 5.87499986868352 5.63249987410381 5.78999987058342 5.70249987253919 5.53999987617135 6.69999985024333 -9999 -9999 -9999 -9999 -9999 -9999 -9999 -9999 -9999 -9999 -9999 -9999 -9999 -9999 -9999 -9999 -9999 -9999 -9999 -9999 -9999 -9999 -9999 -9999 -9999 -9999 -9999 -9999 -9999 -9999 -9999 -9999 12.3488706917232 6.44681803772057 6.126666529725 6.8416665137435 6.93999984487891 6.76333318216105 6.75333318238457 7.0716665086026 5.86999986879528 5.83999986946583 6.44499985594302 6.44499985594302 5.70999987237155 5.65999987348914
7.53499983157963 8.29749981453642 6.84249984705821 6.82499984744936 6.2599998600781 6.17749986192212 6.99499984364957 6.89499984588474 6.87499984633178 6.02499986533076 5.9449998671189 5.739999871701 6.05749986460432 5.91499986778945 5.84249986940995 -9999 -9999 -9999 -9999 -9999 -9999 -9999 -9999 -9999 -9999 -9999 -9999 -9999 -9999 -9999 -9999 -9999 -9999 -9999 -9999 -9999 -9999 -9999 -9999 -9999 -9999 -9999 -9999 -9999 -9999 -9999 -9999 -9999 -9999 8.72537017534314 6.06833319769551 6.02166653207193 6.7449998492375 6.7449998492375 7.22499983850867 6.47999985516071 6.00999986566603 5.85999986901879 5.78499987069517 5.81499987002462 5.85999986901879 5.78499987069517
7.38499983493239 7.42499983403832 7.14999984018505 6.65499985124916 6.65499985124916 6.01499986555427 6.04499986488372 6.05749986460432 6.24499986041337 6.40749985678121 6.22249986091629 6.1999998614192 6.3449998581782 6.49499985482544 6.15999986231327 5.94749986706302 -9999 -9999 -9999 -9999 -9999 -9999 -9999 -9999 -9999 -9999 -9999 -9999 -9999 -9999 -9999 -9999 -9999 -9999 -9999 -9999 -9999 -9999 -9999 -9999 -9999 -9999 -9999 -9999 -9999 -9999 11.645638037572 5.58315776994354 5.52578935017319 -9999 11.5949583295733 5.45499987807125 5.49499987717718 5.92999986745417 5.82999986968935 5.91999986767769 5.91999986767769 6.37999985739589 6.70999985001981 6.52499985415488 5.97999986633658 5.92499986756593
7.13499984052032 7.31999983638525 6.70999985001981 6.70999985001981 6.24999986030161 6.32749985856935 6.4424998559989 6.51999985426664 6.60999985225499 6.47499985527247 6.4424998559989 6.43999985605478 6.40499985683709 6.70166651687274 7.15266650679211 -9999 -9999 -9999 -9999 -9999 -9999 -9999 -9999 -9999 -9999 -9999 -9999 -9999 -9999 -9999 -9999 -9999 -9999 -9999 -9999 -9999 -9999 -9999 -9999 -9999 -9999 -9999 -9999 -9999 -9999 -9999 -9999 11.8849997343495 5.80078934402646 6.44749985588714 6.29142843080418 6.29142843080418 6.62999985180795 5.84999986924231 5.84249986940995 5.79499987047166 5.76999987103045 5.77499987091869 5.87999986857176 6.00499986577779 5.87499986868352 5.77499987091869
7.21499983873218 7.5799998305738 6.72999984957278 6.82499984744936 6.83999984711409 6.89749984582886 6.82249984750524 6.66499985102564 6.57749985298142 6.37249985756353 6.38749985722825 6.28999985940754 6.38499985728413 6.20333319467803 15.7344114130144 -9999 -9999 -9999 -9999 -9999 -9999 -9999 -9999 -9999 -9999 -9999 -9999 -9999 -9999 -9999 -9999 -9999 -9999 -9999 -9999 -9999 -9999 -9999 -9999 -9999 -9999 -9999 -9999 -9999 -9999 -9999 -9999 -9999 -9999 -9999 6.58937485271599 5.31749988114461 5.33249988080934 5.34749988047406 5.15499988477677 5.20999988354743 5.31999988108873 5.21499988343567 5.4249998787418 5.55999987572432 5.63499987404794 5.67499987315387
7.98499982152134 8.07749981945381 7.70999982766807 7.31749983644113 6.95999984443188 6.88749984605238 6.80999984778464 6.95499984454364 6.95999984443188 6.98999984376132 6.86999984644353 6.11749986326322 6.35833319121351 6.41333318998416 6.42099985647947 -9999 -9999 -9999 -9999 -9999 -9999 -9999 -9999 -9999 -9999 -9999 -9999 -9999 -9999 -9999 -9999 -9999 -9999 -9999 -9999 -9999 -9999 -9999 -9999 -9999 -9999 -9999 -9999 -9999 -9999 -9999 -9999 -9999 -9999 -9999 -9999 -9999 4.62166656336437 4.91749989008531 4.76499989349395 4.77999989315867 4.77999989315867 5.05999988690019 5.30499988142401 5.4249998787418 5.38999987952411 5.49499987717718
