EcologicalScience/Bass/data/rs_data_bass/sst_242.asc
NCOLS 226 
NROWS 124 
XLLCORNER -9.41648524995501 
YLLCORNER 47.587301625531 
CELLSIZE 0.0833 
NODATA_value -9999 
[rows 27 to 53 of 124, columns 62 to 123 of 226]
-9999 -9999 -9999 -9999 -9999 -9999 -9999 -9999 -9999 -9999 -9999 -9999 -9999 -9999 -9999 -9999 -9999 -9999 -9999 -9999 -9999 -9999 -9999 -9999 -9999 -9999 -9999 -9999 12.5299997199327 11.4831516654873 4.73518652721707 6.99134799418971 6.19598986022174 7.09426403767429 7.122234251583 8.03987242328003 7.79531234782189 7.83404033631086 6.93218023399822 6.47927792416885 6.56892604567111 6.54920345894061 6.87086091889068 6.69013030594215 7.05195012432523 6.28047424992546 6.29137546150014 6.43624682584777 6.47999510914087 6.66000853711739 6.56127607263625 6.40971098188311 6.7876674621366 7.0150150982663 7.0150150982663 7.01716665318236 6.99780265893787 7.0107119884342 7.0107119884342 6.96768089011312 6.89309365302324 7.05230871681124
-9999 -9999 -9999 -9999 -9999 -9999 -9999 -9999 -9999 -9999 -9999 -9999 -9999 -9999 -9999 -9999 -9999 -9999 -9999 -9999 -9999 -9999 -9999 -9999 -9999 -9999 -9999 -9999 -9999 -9999 9.78499978128821 7.86421333263362 7.15665913023986 7.06199071393348 7.30655078939162 7.16024505509995 6.6166188463103 7.07095552608371 6.83500167028978 6.85077973967418 6.25300606549717 6.76615191297606 6.62916958332062 6.2777489470318 6.34516433440149 6.36524551361799 6.43122653104365 6.47497481433675 6.54167301673442 6.61697743879631 6.70232245046645 6.75969724822789 6.64996794750914 6.85221410961822 6.99851984390989 6.95835748547688 6.99636828899384 7.13263343367726 7.11972410418093 8.40993986884132 8.67529830848798 8.35256507107988
-9999 -9999 -9999 -9999 -9999 -9999 -9999 -9999 -9999 -9999 -9999 -9999 -9999 -9999 -9999 -9999 -9999 -9999 -9999 -9999 -9999 -9999 -9999 -9999 -9999 -9999 -9999 -9999 -9999 -9999 -9999 12.5349997198209 7.51513208542019 8.1503189089708 7.34994048019871 7.15343179786578 7.24917599163018 7.23088777484372 7.12474439898506 7.04406108963303 6.63741721049882 6.48214666405693 6.48680836637504 5.96649066917598 5.54263435071334 6.12714010290802 6.60908840410411 6.75969724822789 6.69515060074627 6.63992735790089 6.51872309762985 6.93253882648423 6.86010314431041 6.75109102856368 7.27248450322077 8.94065674813464 8.52755820425227 7.97389140585437 7.85699025541544 8.16466260841116 7.52565079834312 8.34682759130374
-9999 -9999 -9999 -9999 -9999 -9999 -9999 -9999 -9999 -9999 -9999 -9999 -9999 -9999 -9999 -9999 -9999 -9999 -9999 -9999 -9999 -9999 -9999 -9999 -9999 -9999 -9999 -9999 -9999 -9999 -9999 10.3920956945047 6.71092867013067 7.81706695863977 7.35603655246086 7.33165226341225 7.14948728051968 6.98955503175966 6.95979185542092 6.93755912128836 6.72491377708502 6.4132969067432 5.98155155358836 6.03856775886379 6.43505151756108 6.70040995720774 6.73985513066873 7.19048635475338 6.90911078406498 6.74678791873157 7.77092805877328 8.00903346948326 8.12378306500614 7.58804589090869 7.70136111648753 8.07358011696488 8.05565049266443 7.76662494894117 7.92010253295302 7.61673328978941 7.47831659018993 8.16824853327125
-9999 -9999 -9999 -9999 -9999 -9999 -9999 -9999 -9999 -9999 -9999 -9999 -9999 -9999 -9999 -9999 -9999 -9999 -9999 -9999 -9999 -9999 -9999 -9999 -9999 -9999 -9999 -9999 -9999 -9999 -9999 11.624999740161 8.40400317101739 7.7345906868577 7.35388499754481 7.23052918235771 7.07705159834586 7.13729513599537 6.95297859818675 6.70375682041049 6.69766074814834 5.90517135406844 5.93063142057508 6.45178583357483 6.80440177815035 6.81013925792649 6.89070303644985 6.82041890919209 6.70997242350131 6.78360341396183 8.61505477083847 8.3891415046528 8.01907405909151 7.80607012240216 7.17709890194237 7.49337747460231 7.13263343367726 7.21080659562722 7.55720693711191 8.20123904198408 7.64900661353022 7.55075227236375
-9999 -9999 -9999 -9999 -9999 -9999 -9999 -9999 -9999 -9999 -9999 -9999 -9999 -9999 -9999 -9999 -9999 -9999 -9999 -9999 -9999 -9999 -9999 -9999 -9999 -9999 -9999 -9999 -9999 -9999 -9999 -9999 8.97525238511818 7.67267371760681 6.47031311201863 6.51764732017182 7.27499465062283 7.06091493647546 6.7919705719687 6.61303292145021 5.62977232481353 6.47903886251152 6.51872309762985 6.75587226171046 6.82089703250676 6.92775759333745 6.96624652016908 6.84456413658336 6.68200220959261 6.73148797266185 6.96208684733138 8.21988585125655 8.28801842359826 8.41854608850554 8.11374247539788 7.76734213391319 7.44962919130921 6.80344553152099 7.17996764183044 8.40778831392527 7.95022430177778 7.78025146340951
-9999 -9999 -9999 -9999 -9999 -9999 -9999 -9999 -9999 -9999 -9999 -9999 -9999 -9999 -9999 -9999 -9999 -9999 -9999 -9999 -9999 -9999 -9999 -9999 -9999 -9999 -9999 -9999 -9999 -9999 -9999 -9999 11.1876083607103 5.72674597852996 7.05912197404541 7.1663411273621 7.30009612464346 7.02613146533258 6.97234259243123 6.75431836093776 7.21044800314121 6.299025434535 6.57801038865 5.85927151585929 6.67004912672564 7.13000375544652 7.13454592693597 6.82687357394025 6.30500197596848 7.04752748366445 6.85412660287693 6.43505151756108 6.78240810567513 8.35184788610786 8.34682759130374 8.53114412911236 8.50962857995182 7.2258674800396 8.53401286900043 8.15247046388686 8.97293007187545 8.95284889265895
-9999 -9999 -9999 -9999 -9999 -9999 -9999 -9999 -9999 -9999 -9999 -9999 -9999 -9999 -9999 -9999 -9999 -9999 -9999 -9999 -9999 -9999 -9999 -9999 -9999 -9999 -9999 -9999 -9999 -9999 -9999 -9999 -9999 8.54453611486756 6.84384695161134 6.76184880314395 6.56498152832501 6.17590868100524 6.18690551724285 6.02840763842687 6.1756696193479 6.12714010290802 6.31528162723407 6.11100344103761 6.16192357405089 6.80703145638108 7.0532649634406 7.37886694073677 7.11231319280341 7.05183059349656 7.01955726975575 6.75515507673845 6.41592658497393 8.34682759130374 8.33535263175145 8.53616442391649 8.74271369585767 8.7276528114453 8.60286262631416 7.66693623783067 8.13454083958641 8.27008879929781
-9999 -9999 -9999 -9999 -9999 -9999 -9999 12.889060774082 7.46286952925416 8.51641425314861 6.79842523671687 8.52185983790105 22.9525418054651 8.35693645612821 8.41999981179833 -9999 -9999 -9999 -9999 -9999 -9999 -9999 -9999 -9999 -9999 -9999 -9999 -9999 -9999 -9999 -9999 -9999 -9999 11.0899997521192 5.42880685015449 6.88879054319113 6.86512343911454 6.5768150803633 6.13526819925755 6.00760927423835 6.22252570418641 6.25575527455658 6.39895320730284 6.21535385446623 6.76782534457743 6.87994526186958 6.87898901524022 7.14602088648826 7.20387380756438 7.08027893071994 7.30045471712947 7.38006224902347 6.85479597551748 8.37479780521244 8.54190190369263 8.63872187491506 8.64517653966323 8.66884364373982 8.73339029122144 8.80152286356315 8.34109011152759 7.07382426597178
-9999 -9999 -9999 -9999 15.1949996603653 10.4944678727188 11.1657231238205 10.2667317613959 7.95802368834848 7.69476301474497 14.3238471481018 9.68987015146399 -9999 -9999 -9999 -9999 -9999 -9999 -9999 -9999 -9999 -9999 -9999 -9999 -9999 -9999 -9999 -9999 -9999 -9999 -9999 -9999 -9999 -9999 6.10658080037683 6.60239467769861 6.7147536566481 6.77882218081504 6.67698191478848 6.20435701822862 6.53937802482396 6.4625436081551 6.67578660650179 6.66359446197748 6.66000853711739 6.86703593237326 7.14267402328551 6.96074810205027 6.95429343730211 7.15725678438321 7.18833479983732 7.3097781217657 7.28658914100379 7.38962471531704 8.58062989218161 8.67242956859991 8.51966916956007 8.49743643542752 8.62509536044672 8.61433758586645 8.65521712927148 8.41639453358948
9.75709215155803 10.7387590038124 10.6321076219319 10.2681973132953 7.83466787316138 7.11805067257956 7.11016163788736 7.81270408339333 7.64757224358618 12.1547096327338 -9999 -9999 -9999 -9999 -9999 -9999 -9999 -9999 -9999 -9999 -9999 -9999 -9999 -9999 -9999 -9999 -9999 -9999 -9999 -9999 -9999 -9999 -9999 -9999 10.5449997643009 5.29520553536713 6.5342621053569 6.38939074100927 6.12953071948141 6.02888576174155 6.49386068526655 6.17662586597726 6.79699086677283 6.74439730215818 6.73842076072469 6.8381094718352 6.70638649864122 6.92799665499479 7.0745414509438 7.16299426415935 7.25718455715105 7.20315662259236 7.31910152640194 7.46373382909223 8.32602922711521 8.44149600761011 8.49743643542752 8.57560959737748 8.55983152799308 8.60644855117425 8.56556900776923 8.22490614606068
7.61745047476143 7.49266028963029 7.57513656141236 6.52517776237801 7.56760611920618 7.48297829250805 7.34097566804849 8.07358011696488 7.87826674291864 16.2699996363372 -9999 -9999 -9999 -9999 -9999 -9999 -9999 -9999 -9999 -9999 -9999 -9999 -9999 -9999 -9999 -9999 -9999 -9999 -9999 -9999 -9999 -9999 -9999 -9999 -9999 8.56319097338833 6.19706563767977 6.43839838076383 6.01788892550394 5.8395489291288 5.89883622014895 6.30141605110839 6.60119936941192 6.60000406112522 6.67315692827106 6.44150618230924 6.44963427865878 6.54262926336378 6.87468590540811 6.94425284769386 6.93492944305763 7.08888515038416 8.23996703047305 8.29662464326248 8.37766654510051 8.45225378219038 8.52827538922429 8.57991270720959 8.59425640664995 8.67027801368386 8.7757042045705 8.84527114685625
7.51847894862294 7.06916256365366 7.0867335954681 7.1982558586169 7.26136813615449 7.70602281880565 7.17255673045292 8.58493300201371 7.44048598070251 -9999 -9999 -9999 -9999 -9999 -9999 -9999 -9999 -9999 -9999 -9999 -9999 -9999 -9999 -9999 -9999 -9999 -9999 -9999 -9999 -9999 -9999 -9999 -9999 -9999 -9999 -9999 8.90189460798034 5.45821143400722 7.09214006679562 6.69562872406095 6.98513239109889 6.38102358300239 6.14363535726443 6.13718069251627 6.52709025563672 6.40230007050559 6.3549658623524 6.1811680374667 6.91508732549846 6.81659392267466 6.74415824050084 6.81659392267466 8.26004820968956 8.27510909410194 8.61146884597838 8.62939847027883 8.73410747619346 8.78646197915077 8.74343088082969 8.75992613518611 8.76279487507418 8.77355264965445
7.07490004342981 6.8156376760453 6.97377696237527 7.03437909251079 7.25025176908821 8.24771262817085 7.88453015834093 4.54144412977621 12.7897884929553 -9999 -9999 -9999 -9999 -9999 -9999 -9999 -9999 -9999 -9999 -9999 -9999 -9999 -9999 -9999 -9999 -9999 -9999 -9999 -9999 -9999 -9999 -9999 -9999 -9999 -9999 -9999 -9999 -9999 -9999 -9999 10.6416473773681 9.65461438777857 6.82639545062557 6.52254808414727 6.54191207839176 8.14529861416668 8.19263282231987 8.05995360249653 6.65188044076785 8.59784233151004 6.77260657772422 6.76423941971734 8.24283577036113 8.37981810001656 8.69466230273247 8.86965543590486 9.02313301991671 9.34012877754867 9.4649189626798 9.10704366164282 8.88543350528926 8.92344430880621
6.77439954015426 6.7717100965092 6.91245764726773 7.002822953742 7.15916927764192 7.4051637230441 6.53136348276166 5.4362703025556 15.9299996439368 -9999 -9999 -9999 -9999 -9999 -9999 -9999 -9999 -9999 -9999 -9999 -9999 -9999 -9999 -9999 -9999 -9999 -9999 -9999 -9999 -9999 -9999 -9999 -9999 -9999 -9999 -9999 -9999 -9999 -9999 -9999 -9999 -9999 -9999 11.4756142678234 7.14841150306165 8.12019714014605 8.22490614606068 8.26004820968956 8.24283577036113 8.56987211760134 6.58326974511147 6.69108655257151 6.79053620202467 8.33678700169548 8.49098177067935 8.48524429090321 8.955000447575 9.13071076571941 9.31000700872391 9.32435070816427 9.03891108930111 9.09054840728641
7.02326272544451 6.96965314878616 7.03437909251079 7.38042084150948 7.16227707918733 7.25849939626642 7.29658191828057 6.99421673407778 5.75241095502861 11.4184845963185 11.3099997472018 -9999 -9999 -9999 -9999 16.1899624452926 -9999 -9999 -9999 -9999 -9999 -9999 -9999 -9999 -9999 -9999 -9999 -9999 -9999 -9999 -9999 -9999 -9999 -9999 -9999 -9999 -9999 -9999 -9999 -9999 -9999 -9999 -9999 -9999 7.56498964287938 8.62943831388839 6.57561977207661 8.23638110561296 8.34969633119181 8.25502791488543 6.49649036349729 8.28514968371019 8.30523086292669 8.38483839482069 8.30307930801064 8.39989927923307 8.76136050513014 8.97364725684747 9.20529800280929 9.23183384677395 8.94639422791079 9.04034545924515
6.92590486549307 6.55852686357684 6.89309365302324 7.31070021672973 7.49450447955834 7.45751822600141 7.40767387044616 7.53461561049335 7.26047165493947 9.25177158899605 15.8449996458367 -9999 -9999 -9999 -9999 -9999 -9999 -9999 -9999 -9999 -9999 -9999 -9999 -9999 -9999 -9999 -9999 -9999 -9999 -9999 -9999 -9999 -9999 -9999 -9999 -9999 -9999 -9999 -9999 -9999 -9999 -9999 -9999 -9999 -9999 11.8103878163671 5.89369639451616 8.14027831936255 6.52995899552479 8.33965574158356 6.51394186448306 6.58087912853807 8.59784233151004 7.96385081624612 8.53329568402842 8.55983152799308 8.71617785189301 6.95716217719018 9.30642108386382 8.86391795612872 8.77426983462647 8.8273415225558
7.74510939978063 7.20097091601097 7.2140339280013 7.23826453455591 7.49501675453835 7.45142215373926 7.59808648051694 7.19072541641071 8.03280302855585 8.58270175987855 9.30799889080226 16.5307394046104 13.7103493754779 -9999 7.08141367672011 -9999 21.5493539747037 12.7976017276098 -9999 -9999 -9999 -9999 -9999 -9999 -9999 -9999 -9999 -9999 -9999 -9999 -9999 -9999 -9999 -9999 -9999 -9999 -9999 -9999 -9999 -9999 -9999 -9999 -9999 -9999 -9999 8.8399998024106 9.0699997972697 6.684392826166 6.99385814159177 6.95273953652941 6.47688730759546 8.52827538922429 6.42907497612759 8.3375041866675 6.71092867013067 8.99516280600801 8.62509536044672 6.72718486282974 7.02123070135713 7.09940386330709 8.94639422791079 8.62509536044672
7.29937893967144 6.32771283341572 7.54931790241972 7.89706296572695 7.10502181225456 7.62390513950959 7.65599916700739 7.25061036157422 7.82471693167463 7.77774131600745 8.02330545042641 13.0168970674276 14.359999679029 7.12598317302763 8.30385166105743 8.46736983467753 8.72381376247743 8.09012019538204 -9999 -9999 -9999 -9999 -9999 -9999 -9999 -9999 -9999 -9999 -9999 -9999 -9999 -9999 -9999 -9999 -9999 -9999 -9999 -9999 -9999 -9999 -9999 -9999 -9999 -9999 -9999 -9999 -9999 -9999 7.14279355411418 6.87600074452348 6.81061738124117 8.48667866084725 6.70734274527058 8.54118471872061 6.8235267107375 9.00018310081214 8.8553117364645 9.22251044213772 8.69968259753659 8.48524429090321 8.55983152799308 8.59497359162197
8.06210515741259 7.78078935213853 7.97942397563851 7.15558335278183 7.46971037052572 7.43767610844225 7.59258806239814 7.15630053775385 7.600596627919 7.30834375182167 7.63179417420179 2.84530167095363 6.99015268590301 7.57728811632842 7.7625609007664 8.24399429993131 16.2699996363372 8.59049941014516 -9999 -9999 -9999 -9999 -9999 -9999 -9999 -9999 -9999 -9999 -9999 -9999 -9999 -9999 -9999 -9999 -9999 -9999 -9999 -9999 -9999 -9999 -9999 -9999 -9999 -9999 -9999 -9999 -9999 -9999 6.96050904039294 6.68511001113802 6.62128054862842 6.21798353269696 8.57274085748941 6.68128502462059 8.43002104805782 8.54261908866465 8.60860010609031 8.64876246452332 8.6917935628444 8.61864069569856 8.5046082851477 8.71474348194897
7.73231960111298 7.82352162338793 8.05923641752452 8.13991972687654 8.42531950213015 7.56007567699999 7.84479811089113 8.06087569746056 7.39817116956692 7.81037323223427 7.5564897521399 7.22969246655703 7.98644214286469 7.63143558171578 6.891228972096 11.2230979215819 13.1776498791737 19.7249995591119 -9999 -9999 -9999 -9999 -9999 -9999 -9999 -9999 -9999 -9999 -9999 -9999 -9999 -9999 -9999 -9999 -9999 -9999 -9999 -9999 -9999 -9999 -9999 -9999 -9999 -9999 -9999 -9999 -9999 -9999 6.68511001113802 6.37098299339414 6.59426658134907 6.45895768329501 6.51035593962297 8.23494673566893 8.48380992095917 8.54835656844079 8.88471632031724 8.90264594461769 9.28849145956337 8.7197637767531 8.81801811791956 8.87180699082091
8.19669687049463 8.09676909772679 7.99325540009886 7.37898647156544 7.30762656684965 6.50007628835738 7.42237616237253 7.34348581545055 7.69634082168341 7.69114123063628 7.19861445110291 6.26173181599006 8.04955442040227 7.88017923617736 13.0251925069373 6.69999985024333 -9999 -9999 -9999 -9999 -9999 -9999 -9999 -9999 -9999 -9999 -9999 -9999 -9999 -9999 -9999 -9999 -9999 -9999 -9999 -9999 -9999 -9999 -9999 -9999 -9999 -9999 -9999 -9999 -9999 -9999 -9999 -9999 10.5624326421664 6.06761375023052 6.62438835017383 6.58326974511147 6.30285042105243 6.4546545734629 8.48022399609908 8.58278144709766 8.44006163766608 8.60716573614627 8.6602374240756 8.99372843606398 9.50364695116878 9.46276740776375
7.91364786820486 6.62701802840456 6.70232245046645 6.54167301673442 6.48214666405693 6.50007628835738 6.47210607444867 6.48931851377711 7.26483453018591 7.31709340848029 8.67898668834408 7.83332315133885 7.71498763095587 8.06730474845972 11.6097801523283 -9999 -9999 -9999 -9999 -9999 -9999 -9999 -9999 -9999 -9999 -9999 -9999 -9999 -9999 -9999 -9999 -9999 -9999 -9999 -9999 -9999 -9999 -9999 -9999 -9999 -9999 -9999 -9999 -9999 -9999 -9999 -9999 -9999 -9999 12.0439161220565 6.79866429837421 6.5835088067688 6.53330585872754 6.49194819200784 6.33034251164645 8.33965574158356 8.36475721560419 8.47233496140689 6.46063111489639 6.50366221321747 9.62485121143982 9.43121126899496
6.72742392448708 6.59833062952384 6.60980558907613 6.56031982600689 6.46636859467253 6.37528610322624 6.44054993567988 6.46852014958858 7.33416241081432 7.9296649992466 7.35137485014275 7.62366607785225 7.76626635645516 8.67027801368386 10.5252769438084 13.232986393632 -9999 -9999 -9999 -9999 -9999 -9999 -9999 -9999 -9999 -9999 -9999 -9999 -9999 -9999 -9999 -9999 -9999 -9999 -9999 -9999 -9999 -9999 -9999 -9999 -9999 -9999 -9999 -9999 -9999 -9999 5.28050905845405 2.93853571731597 2.46499994490296 -9999 11.5949583295733 7.08332696685102 6.59426658134907 6.37648141151294 6.59570095129311 6.49768567178398 6.41903438651934 6.39202041924 6.46995451953262 8.43934445269406 8.4250007532537 8.73482466116548
6.83285011537373 7.86129336524755 7.57704905467108 6.30858790082857 7.56921978539322 7.74815743591171 6.52589494735003 6.4132969067432 7.33954129810445 6.48716695886105 5.96864222409204 8.26722005940974 6.55601671617478 7.88803411920422 12.3770832440576 -9999 -9999 -9999 -9999 -9999 -9999 -9999 -9999 -9999 -9999 -9999 -9999 -9999 -9999 -9999 -9999 -9999 -9999 -9999 -9999 -9999 -9999 -9999 -9999 -9999 -9999 -9999 -9999 -9999 -9999 -9999 -9999 -9999 8.89233214168676 9.8832170976093 8.29955858178437 9.40185150920297 9.17876215884462 7.06569616962224 6.51728872768581 6.36213771207258 6.32149723032489 6.40325631713495 6.48453728063032 8.17470319801942 8.37766654510051 8.51178013486788
8.24307483201846 8.00712097622454 7.91795097803697 7.92321033449844 6.49505599355325 6.6564226122573 6.07406841497868 6.57609789539129 6.17949460586533 6.96875666757114 7.4966944550979 7.04513686709106 6.96983244502917 6.51226843288168 -9999 -9999 -9999 -9999 -9999 -9999 -9999 -9999 -9999 -9999 -9999 -9999 -9999 -9999 -9999 -9999 -9999 -9999 -9999 -9999 -9999 -9999 -9999 -9999 -9999 -9999 -9999 -9999 -9999 -9999 -9999 -9999 -9999 -9999 -9999 -9999 14.0901605222194 9.46666069761185 8.72939454637734 6.88469234335103 6.25336465798318 6.41186253679916 6.42931403778493 6.38867355603725 6.61291339062154 6.83930478012189 6.89046397479251 8.39989927923307
8.25000762008131 8.88156070644036 9.13106935820542 6.67004912672564 6.66718038683757 6.81994078587741 6.77906124247238 6.68869593599811 5.8797112875618 6.08841211441904 6.76615191297606 6.64351328276098 8.33248389186338 9.00499848562426 6.55797842801001 -9999 -9999 -9999 -9999 -9999 -9999 -9999 -9999 -9999 -9999 -9999 -9999 -9999 -9999 -9999 -9999 -9999 -9999 -9999 -9999 -9999 -9999 -9999 -9999 -9999 -9999 -9999 -9999 -9999 -9999 -9999 -9999 -9999 -9999 -9999 -9999 -9999 11.7349997377023 9.21285235118121 6.33129875827581 6.378632966429 6.41568752331659 6.31026133242995 6.45226395688951 6.71284116338938 6.84791099978611 7.62677387939766
