EcologicalScience/Bass/data/rs_data_bass/sst_6.asc
NCOLS 226 
NROWS 124 
XLLCORNER -9.41648524995501 
YLLCORNER 47.587301625531 
CELLSIZE 0.0833 
NODATA_value -9999 
[rows 0 to 26 of 124, columns 62 to 123 of 226]
-9999 -9999 -9999 -9999 -9999 -9999 -9999 -9999 -9999 -9999 -9999 -9999 -9999 -9999 -9999 -9999 -9999 -9999 -9999 -9999 -9999 -9999 -9999 -9999 -9999 -9999 -9999 -9999 -9999 -9999 -9999 -9999 -9999 -9999 -9999 -9999 -9999 -9999 -9999 -9999 -9999 -9999 -9999 -9999 -9999 -9999 -9999 -9999 -9999 -9999 -9999 -9999 -9999 -9999 -9999 -9999 -9999 -9999 -9999 -9999 -9999 -9999
-9999 -9999 -9999 -9999 -9999 -9999 -9999 -9999 -9999 -9999 -9999 -9999 -9999 -9999 -9999 -9999 -9999 -9999 -9999 -9999 -9999 -9999 -9999 -9999 -9999 -9999 -9999 -9999 -9999 -9999 -9999 -9999 -9999 -9999 -9999 -9999 -9999 -9999 -9999 -9999 -9999 -9999 -9999 -9999 -9999 -9999 -9999 -9999 -9999 -9999 -9999 -9999 -9999 -9999 -9999 -9999 -9999 -9999 -9999 -9999 -9999 -9999
-9999 -9999 -9999 -9999 -9999 -9999 -9999 -9999 -9999 -9999 -9999 -9999 -9999 -9999 -9999 -9999 -9999 -9999 -9999 -9999 -9999 -9999 -9999 -9999 -9999 -9999 -9999 -9999 -9999 -9999 -9999 -9999 -9999 -9999 -9999 -9999 -9999 -9999 -9999 -9999 -9999 -9999 -9999 -9999 -9999 -9999 -9999 -9999 -9999 -9999 -9999 -9999 -9999 -9999 -9999 -9999 -9999 -9999 -9999 -9999 -9999 -9999
-9999 -9999 -9999 -9999 -9999 -9999 -9999 -9999 -9999 -9999 -9999 -9999 -9999 -9999 -9999 -9999 -9999 -9999 -9999 -9999 -9999 -9999 -9999 -9999 -9999 -9999 -9999 -9999 -9999 -9999 -9999 -9999 -9999 -9999 -9999 -9999 -9999 -9999 -9999 -9999 -9999 -9999 -9999 -9999 -9999 -9999 -9999 -9999 -9999 -9999 -9999 -9999 -9999 -9999 -9999 -9999 -9999 -9999 -9999 -9999 -9999 -9999
-9999 -9999 -9999 -9999 -9999 -9999 -9999 -9999 -9999 -9999 -9999 -9999 -9999 -9999 -9999 -9999 -9999 -9999 -9999 -9999 -9999 -9999 -9999 -9999 -9999 -9999 -9999 -9999 -9999 -9999 -9999 -9999 -9999 -9999 -9999 -9999 -9999 -9999 -9999 -9999 -9999 -9999 -9999 -9999 -9999 -9999 -9999 -9999 -9999 -9999 -9999 -9999 -9999 -9999 -9999 -9999 -9999 -9999 -9999 -9999 -9999 -9999
-9999 -9999 -9999 -9999 -9999 -9999 -9999 -9999 -9999 -9999 -9999 -9999 -9999 -9999 -9999 -9999 -9999 -9999 -9999 -9999 -9999 -9999 -9999 -9999 -9999 -9999 -9999 -9999 11.7199997380376 6.27499985974282 7.13999984040856 7.2649998376146 7.12999984063208 6.81999984756112 6.65499985124916 6.61499985214323 6.75999984890223 6.75499984901398 6.91499984543771 6.7449998492375 6.96999984420836 7.09499984141439 7.1449998402968 7.18499983940274 7.34833316908528 7.48499983269721 7.40999983437359 7.23499983828515 7.44999983347952 6.82749984739348 7.57249983074144 7.68249982828274 7.53499983157963 7.3499998357147 7.06999984197319 2.90999993495643 2.97499993350357 3.05499993171543 5.45499987807125 7.25499983783811 7.80499982554466 4.84999989159405
-9999 -9999 -9999 -9999 -9999 -9999 -9999 -9999 -9999 -9999 -9999 -9999 -9999 -9999 -9999 -9999 -9999 -9999 -9999 -9999 -9999 -9999 -9999 -9999 -9999 -9999 -9999 11.6899997387081 6.24249986046925 6.28999985940754 7.15499984007329 7.15499984007329 6.71499984990805 6.46999985538423 6.7449998492375 7.09499984141439 7.33499983604997 7.04499984253198 7.10999984107912 7.1199998408556 7.19499983917922 7.30999983660877 7.3749998351559 7.49999983236194 7.70499982777983 7.69499982800335 7.63999982923269 7.68499982822686 7.35166650234411 7.33499983604997 7.59666649686794 7.45999983325601 7.53499983157963 7.50999983213842 7.52999983169138 7.53999983146787 7.54249983141199 7.63999982923269 4.1049999082461 4.1049999082461 4.09499990846962 12.8649997124448
-9999 -9999 -9999 -9999 -9999 -9999 -9999 -9999 -9999 -9999 -9999 -9999 -9999 -9999 -9999 -9999 -9999 -9999 -9999 -9999 -9999 -9999 -9999 -9999 -9999 -9999 11.4499997440726 6.0066665324072 6.40749985678121 5.51499987673014 6.46999985538423 6.81499984767288 6.00999986566603 6.21499986108392 6.35499985795468 6.58499985281378 6.91999984532595 7.15499984007329 7.2049998389557 7.2649998376146 7.29999983683228 7.40999983437359 7.54499983135611 7.64499982912093 7.74499982688576 7.6649998286739 7.60999982990324 7.62499982956797 7.22666650513808 7.21499983873218 6.42333318976064 6.40499985683709 7.61249982984737 7.51249983208254 6.79833318137874 6.81333318104347 6.8299998473376 7.68499982822686 7.68499982822686 7.47499983292073 4.18499990645796 4.1899999063462
-9999 -9999 -9999 -9999 -9999 -9999 -9999 -9999 -9999 -9999 -9999 -9999 -9999 -9999 -9999 -9999 -9999 -9999 -9999 -9999 -9999 -9999 -9999 -9999 -9999 -9999 5.34249988058582 4.72749989433214 6.40499985683709 6.52499985415488 7.10999984107912 6.99999984353781 6.40499985683709 6.55999985337257 6.39499985706061 6.32499985862523 6.47499985527247 6.78499984834343 6.89999984577298 7.07499984186143 7.40499983448535 7.43999983370304 7.43999983370304 7.2649998376146 6.78499984834343 6.79499984811991 7.39999983459711 6.87499984633178 6.72499984968454 6.73499984946102 6.73499984946102 6.96499984432012 6.8783331795906 6.89833317914357 6.7816665150846 6.78666651497285 6.81666651430229 7.65999982878566 7.65999982878566 13.2699997033924 7.68499982822686 7.68499982822686
-9999 -9999 -9999 -9999 -9999 -9999 -9999 -9999 -9999 -9999 -9999 -9999 -9999 -9999 -9999 -9999 -9999 -9999 -9999 -9999 -9999 -9999 -9999 -9999 -9999 11.3799997456372 5.40749987913296 5.29749988159165 5.38749987957999 5.50499987695366 5.62999987415969 6.93499984499067 6.92499984521419 6.47999985516071 5.99499986600131 6.72999984957278 6.75999984890223 7.20833317221453 7.22499983850867 7.21499983873218 7.43999983370304 7.43999983370304 7.25833317109694 7.5199998319149 7.54999983124435 7.10499984119087 7.22499983850867 7.1449998402968 6.68999985046685 6.68999985046685 7.19999983906746 7.09499984141439 7.51249983208254 6.8899998459965 6.8299998473376 6.62499985191971 7.91999982297421 7.19499983917922 7.3499998357147 7.36999983526766 7.55999983102083 7.604999830015
-9999 -9999 -9999 -9999 -9999 -9999 -9999 -9999 -9999 -9999 -9999 -9999 -9999 -9999 -9999 -9999 -9999 -9999 -9999 -9999 -9999 -9999 -9999 -9999 11.1149997515604 6.16999986208975 6.16999986208975 6.39749985700473 5.94249986717477 6.3574998578988 7.0349998427555 6.98499984387308 7.00999984331429 7.10499984119087 6.97999984398484 7.04999984242022 6.5149998543784 7.01499984320253 7.29499983694404 7.29499983694404 7.24499983806163 7.21499983873218 7.21499983873218 6.88499984610826 7.32499983627349 7.30999983660877 7.17999983951449 7.12999984063208 7.17999983951449 7.2649998376146 7.32999983616173 7.40999983437359 7.6649998286739 7.47999983280897 7.35666650223235 7.55499983113259 7.65999982878566 7.76499982643872 7.76499982643872 13.4499996993691 13.614999695681 13.7549996925518
-9999 -9999 -9999 -9999 -9999 -9999 -9999 -9999 -9999 -9999 -9999 -9999 -9999 -9999 -9999 -9999 -9999 -9999 -9999 -9999 -9999 -9999 -9999 -9999 6.72499984968454 6.73499984946102 6.70999985001981 6.44999985583127 6.86499984655529 6.92499984521419 6.90999984554946 7.0349998427555 7.0349998427555 7.0599998421967 7.11499984096736 6.66499985102564 6.89999984577298 7.20999983884394 6.93999984487891 6.87499984633178 7.17499983962625 7.2049998389557 6.78999984823167 6.8049998478964 6.79499984811991 6.85499984677881 6.99499984364957 7.15499984007329 7.3749998351559 7.08499984163791 6.9749998440966 7.44499983359128 5.1949998838827 5.08499988634139 4.75999989360571 7.34749983577058 7.38833316819121 7.48166649943839 7.64249982917681 7.79749982571229 7.91499982308596 7.78749982593581
-9999 -9999 -9999 -9999 -9999 -9999 -9999 -9999 -9999 -9999 -9999 -9999 -9999 -9999 -9999 -9999 -9999 -9999 -9999 -9999 -9999 -9999 -9999 11.8449997352436 6.67499985080212 6.73499984946102 6.8049998478964 6.85499984677881 6.91499984543771 6.96499984432012 7.02999984286726 7.09499984141439 7.14999984018505 7.17499983962625 7.17499983962625 7.2049998389557 7.0599998421967 6.93499984499067 6.8299998473376 6.96499984432012 7.15499984007329 7.39499983470887 7.46999983303249 7.29999983683228 7.12999984063208 6.8899998459965 6.80999984778464 6.94499984476715 7.07999984174967 7.02499984297901 7.45499983336776 7.45499983336776 6.03499986510724 5.76499987114221 6.45999985560775 7.5199998319149 7.28249983722344 7.55749983107671 7.60999982990324 7.57249983074144 7.58499983046204 7.58999983035028
-9999 -9999 -9999 -9999 -9999 -9999 -9999 -9999 -9999 -9999 -9999 -9999 -9999 -9999 -9999 -9999 -9999 -9999 -9999 -9999 -9999 -9999 5.51666654335956 6.60999985225499 6.69499985035509 6.70499985013157 6.8049998478964 6.90999984554946 6.92999984510243 6.95499984454364 7.04499984253198 7.1199998408556 7.10999984107912 7.06999984197319 6.85499984677881 7.05499984230846 6.26499985996634 6.16999986208975 6.41499985661358 6.49499985482544 6.60499985236675 6.64999985136092 6.68499985057861 6.77999984845519 6.83999984711409 6.62499985191971 6.5149998543784 7.32999983616173 7.23999983817339 7.36999983526766 7.2649998376146 7.33499983604997 7.3499998357147 5.98499986622483 5.4249998787418 7.35499983560294 7.87499982398003 7.69249982805923 7.75249982671812 7.68499982822686 7.54249983141199 7.47999983280897
-9999 -9999 -9999 -9999 -9999 -9999 -9999 -9999 -9999 -9999 -9999 -9999 -9999 -9999 -9999 -9999 -9999 -9999 -9999 -9999 -9999 5.52499987650663 6.08333319736024 6.52999985404313 6.62499985191971 6.65499985124916 6.7449998492375 6.80999984778464 6.85999984666705 6.86999984644353 6.90499984566122 6.98999984376132 7.02999984286726 7.01499984320253 7.01499984320253 7.07999984174967 6.14499986264855 5.54999987594783 6.97749984404072 7.12499984074384 6.33999985828996 6.52499985415488 6.21499986108392 5.98499986622483 6.12499986309558 7.5799998305738 7.5799998305738 7.15499984007329 7.29499983694404 7.29999983683228 7.30999983660877 7.23999983817339 7.18999983929098 7.24499983806163 7.72499982733279 7.7616664931799 7.64249982917681 7.64249982917681 7.73499982710928 7.81249982537702 7.57166649742673 7.556666497762
-9999 -9999 -9999 -9999 -9999 -9999 -9999 -9999 -9999 -9999 -9999 -9999 -9999 -9999 -9999 -9999 -9999 -9999 -9999 -9999 6.70428556443325 6.04666653151313 6.52999985404313 6.54999985359609 6.62999985180795 6.67499985080212 6.70499985013157 6.76499984879047 6.76999984867871 6.8299998473376 6.90499984566122 6.90999984554946 6.95499984454364 6.95999984443188 6.98499984387308 6.95999984443188 6.98499984387308 7.00499984342605 7.00499984342605 7.09499984141439 6.5749998530373 6.31499985884875 6.21999986097217 5.98499986622483 5.56499987561256 6.40999985672534 6.23999986052513 6.73499984946102 6.95999984443188 6.91499984543771 7.01999984309077 7.00999984331429 7.03999984264374 6.94499984476715 7.87499982398003 7.87499982398003 7.53499983157963 7.63499982934445 7.894999823533 7.894999823533 7.66999982856214 7.63999982923269
-9999 -9999 -9999 -9999 -9999 -9999 -9999 -9999 -9999 -9999 -9999 -9999 -9999 -9999 -9999 -9999 -9999 -9999 -9999 5.94999986700714 5.98499986622483 6.33499985840172 6.3699998576194 6.41999985650182 6.52999985404313 6.52499985415488 6.56499985326082 6.68499985057861 6.77999984845519 6.83499984722584 6.86499984655529 6.88499984610826 6.87999984622002 6.8899998459965 6.94499984476715 4.52749989880249 4.60249989712611 4.73249989422038 3.69166658415149 6.8774998462759 7.1199998408556 5.98999986611307 6.30999985896051 6.32499985862523 6.05999986454844 5.99999986588955 5.68499987293035 5.57499987538904 6.56999985314906 6.67999985069036 6.81999984756112 6.83499984722584 6.94499984476715 7.48499983269721 7.56999983079731 7.72499982733279 7.75999982655048 7.77499982621521 7.47499983292073 7.47499983292073 7.33499983604997 13.6849996941164
-9999 -9999 -9999 -9999 -9999 -9999 -9999 -9999 -9999 -9999 -9999 -9999 -9999 -9999 -9999 -9999 -9999 5.72666653866569 5.68999987281859 5.87499986868352 5.84999986924231 6.35499985795468 6.35999985784292 6.38999985717237 6.4299998562783 6.49499985482544 6.53999985381961 6.67499985080212 6.73499984946102 6.79499984811991 6.82499984744936 6.53999985381961 6.49499985482544 6.87999984622002 6.8899998459965 6.90499984566122 6.90499984566122 6.32999985851347 6.30249985912815 4.59999989718199 5.5699998755008 5.87999986857176 6.31999985873699 6.62499985191971 6.55499985348433 6.01999986544251 6.23999986052513 6.2849998595193 6.38499985728413 5.83499986957759 6.47499985527247 6.63999985158443 6.53499985393137 7.66999982856214 7.70499982777983 7.69999982789159 7.67499982845038 7.6649998286739 7.81999982520938 13.9399996884167 7.39249983476475 7.8349998248741
-9999 -9999 -9999 -9999 -9999 -9999 -9999 -9999 -9999 -9999 -9999 -9999 -9999 -9999 -9999 -9999 -9999 5.10833321915319 5.71666653888921 5.97499986644834 5.49499987717718 5.52499987650663 6.15499986242503 6.50499985460192 6.49499985482544 6.50499985460192 6.49999985471368 6.55999985337257 6.64499985147268 6.69499985035509 6.72499984968454 6.73999984934926 6.76999984867871 6.77499984856695 6.55499985348433 5.88999986834824 5.13499988522381 5.25999988242984 5.37499987985939 4.9399998895824 5.72999987192452 6.03499986510724 6.52499985415488 6.56999985314906 6.41499985661358 6.12999986298382 6.25499986018986 6.27999985963106 6.03999986499548 6.03499986510724 6.07999986410141 6.72499984968454 7.41999983415008 7.76999982632697 7.69499982800335 7.68999982811511 7.64499982912093 7.60999982990324 7.63999982923269 7.46749983308837 7.46499983314425 7.51749983197078
-9999 -9999 -9999 -9999 -9999 -9999 -9999 -9999 -9999 -9999 -9999 -9999 -9999 -9999 -9999 -9999 -9999 -9999 13.1599997058511 5.80735281137202 6.15499986242503 5.52999987639487 5.58499987516552 6.41499985661358 6.44999985583127 6.48499985504895 6.53499985393137 6.52999985404313 6.55499985348433 6.58999985270202 6.60999985225499 6.63999985158443 5.81499987002462 5.78499987069517 5.46499987784773 5.30999988131225 5.41499987896532 5.44499987829477 5.41499987896532 5.31999988108873 5.44999987818301 5.03499988745898 4.85999989137053 5.45499987807125 5.45499987807125 5.5099998768419 5.55499987583607 6.15999986231327 5.86999986879528 6.18499986175448 5.99499986600131 6.44999985583127 7.72999982722104 7.69999982789159 7.73499982710928 7.70999982766807 7.68999982811511 7.69999982789159 7.70999982766807 7.1199998408556 7.78999982587993 7.78999982587993
-9999 -9999 -9999 -9999 -9999 -9999 -9999 -9999 -9999 -9999 -9999 -9999 -9999 -9999 10.6249997625127 11.2799997478724 13.9799996875226 6.12499986309558 5.35999988019466 5.84499986935407 6.15999986231327 6.16999986208975 6.15499986242503 5.76499987114221 5.99999986588955 6.30499985907227 6.23999986052513 6.44499985594302 6.47499985527247 5.64999987371266 5.58999987505376 5.5699998755008 5.06499988678843 4.67499989550561 4.5049998993054 4.89999989047647 5.18999988399446 5.81499987002462 5.40499987918884 5.57499987538904 5.89499986823648 5.5099998768419 5.41499987896532 5.41499987896532 5.79499987047166 5.81499987002462 6.38499985728413 6.36499985773116 6.17999986186624 5.90499986801296 5.93499986734241 6.75999984890223 7.53499983157963 7.33999983593822 7.69499982800335 7.47499983292073 7.61999982967973 7.10666650782029 7.34833316908528 7.91499982308596 7.90499982330948 7.90999982319772
-9999 -9999 -9999 -9999 -9999 -9999 -9999 -9999 -9999 -9999 -9999 -9999 -9999 5.89833320149531 5.93499986734241 5.92999986745417 5.26499988231808 5.5699998755008 5.77999987080693 5.23999988287687 5.12499988544732 5.72999987192452 5.88999986834824 5.4849998774007 5.52499987650663 6.06999986432493 5.80999987013638 6.01999986544251 6.17999986186624 5.7149998722598 5.21999988332391 4.56999989785254 4.76499989349395 4.43999990075827 4.39999990165234 4.25999990478158 4.61499989684671 4.95499988924712 5.22999988310039 5.70999987237155 6.11999986320734 6.029999865219 5.51499987673014 5.17999988421798 5.5699998755008 5.83999986946583 5.77999987080693 5.96499986667186 5.90499986801296 5.91499986778945 5.6549998736009 5.75999987125397 7.55499983113259 7.56999983079731 6.76166651553164 7.03999984264374 7.78499982599169 7.78499982599169 7.33499983604997 7.8349998248741 7.85999982431531 5.86749986885116
-9999 -9999 -9999 -9999 -9999 -9999 -9999 -9999 -9999 -9999 12.369999723509 12.204999727197 6.11999986320734 6.00499986577779 5.93999986723065 5.97499986644834 5.99999986588955 12.8649997124448 6.01499986555427 4.88499989081174 5.57999987527728 6.02499986533076 5.48999987728894 5.53499987628311 5.56499987561256 5.48999987728894 5.74999987147748 5.69999987259507 4.96999988891184 4.47499989997596 4.54999989829957 4.28999990411103 4.17999990656972 4.73999989405274 4.24499990511686 4.164999906905 4.62999989651144 4.98999988846481 5.33499988075346 5.78499987069517 6.09499986376613 5.92499986756593 5.37499987985939 5.12999988533556 5.37499987985939 5.55499987583607 5.72999987192452 5.78499987069517 5.80999987013638 5.80499987024814 5.80999987013638 5.76999987103045 5.77499987091869 5.77499987091869 7.51499983202666 7.51499983202666 7.5199998319149 7.68999982811511 7.62999982945621 7.76999982632697 7.83999982476234 7.79499982576817
-9999 -9999 -9999 -9999 -9999 -9999 -9999 -9999 -9999 -9999 12.7599997147918 12.8799997121096 12.369999723509 5.93999986723065 5.95999986678362 5.97999986633658 11.8749997345731 -9999 -9999 9.22999979369342 9.17499979492277 12.4399997219443 6.1999998614192 6.22999986074865 5.81999986991286 6.23999986052513 5.66999987326562 5.47999987751245 4.7349998941645 4.66999989561737 4.82499989215285 4.63999989628792 4.51999989897013 4.47499989997596 4.4199999012053 6.10749986348674 4.59999989718199 4.67499989550561 5.3399998806417 5.38499987963587 5.1099998857826 5.21999988332391 5.05499988701195 5.05499988701195 5.63999987393618 5.60499987471849 5.55999987572432 5.739999871701 5.75499987136573 6.31999985873699 6.5149998543784 6.74999984912574 7.33499983604997 7.70999982766807 7.72499982733279 7.67499982845038 7.69999982789159 7.69999982789159 7.68999982811511 7.80499982554466 7.83999982476234 7.91499982308596
-9999 -9999 -9999 -9999 -9999 -9999 -9999 -9999 -9999 -9999 -9999 -9999 -9999 -9999 -9999 -9999 -9999 -9999 -9999 -9999 -9999 -9999 -9999 -9999 12.8999997116625 6.30499985907227 4.50999989919364 5.03499988745898 5.47499987762421 4.80999989248812 4.90499989036471 4.78999989293516 4.54499989841133 4.49999989941716 4.26999990455806 4.02999990992248 4.38999990187585 4.84999989159405 5.69999987259507 5.15999988466501 4.67999989539385 4.78999989293516 4.72499989438802 4.63999989628792 5.50499987695366 5.62999987415969 5.68999987281859 6.00999986566603 5.8249998698011 5.82999986968935 6.09499986376613 6.46999985538423 13.5649996967986 13.2799997031689 6.31999985873699 6.73166651620219 6.76999984867871 7.63499982934445 7.69999982789159 7.70999982766807 7.67999982833862 7.70499982777983
-9999 -9999 -9999 -9999 -9999 -9999 -9999 -9999 -9999 -9999 -9999 -9999 -9999 -9999 -9999 -9999 -9999 -9999 -9999 -9999 -9999 -9999 -9999 -9999 -9999 10.6396679468453 6.17999986186624 6.20499986130744 6.26499985996634 6.30499985907227 4.8199998922646 4.68999989517033 4.76499989349395 4.7099998947233 4.34499990288168 6.53499985393137 5.77499987091869 5.61499987449497 5.36999987997115 4.63499989639968 4.57999989762902 5.4249998787418 5.85499986913055 5.55499987583607 5.54499987605959 5.69999987259507 5.68999987281859 5.75999987125397 5.74499987158924 6.01999986544251 5.92499986756593 5.90999986790121 7.52999983169138 7.5199998319149 7.45499983336776 7.604999830015 7.60999982990324 7.70499982777983 7.67499982845038 7.69499982800335 7.74499982688576 7.39999983459711
-9999 -9999 -9999 -9999 -9999 -9999 -9999 -9999 -9999 -9999 -9999 -9999 -9999 -9999 -9999 -9999 -9999 -9999 -9999 -9999 -9999 -9999 -9999 -9999 -9999 -9999 -9999 6.19499986153096 6.15999986231327 6.18499986175448 6.1999998614192 5.74999987147748 4.73999989405274 5.44499987829477 6.5149998543784 6.72999984957278 6.8049998478964 6.8049998478964 6.93499984499067 7.0349998427555 7.07499984186143 7.12999984063208 7.25999983772635 6.93499984499067 6.23499986063689 5.4849998774007 5.90499986801296 6.1999998614192 6.23499986063689 6.23999986052513 6.17999986186624 6.06999986432493 6.98499984387308 7.604999830015 7.69999982789159 7.68499982822686 7.65499982889742 7.52999983169138 7.61499982979149 7.45999983325601 7.53499983157963 7.44249983364716
