EcologicalScience/Bass/data/rs_data_bass/sst_175.asc
NCOLS 226 
NROWS 124 
XLLCORNER -9.41648524995501 
YLLCORNER 47.587301625531 
CELLSIZE 0.0833 
NODATA_value -9999 
[rows 54 to 80 of 124, columns 0 to 61 of 226]
-9999 -9999 -9999 -9999 -9999 -9999 -9999 -9999 -9999 -9999 -9999 -9999 -9999 -9999 -9999 -9999 -9999 -9999 -9999 -9999 -9999 -9999 -9999 -9999 -9999 -9999 -9999 -9999 -9999 -9999 -9999 -9999 -9999 -9999 -9999 -9999 -9999 -9999 13.3326975167729 13.5241859043017 13.5019531701691 13.4847407308407 13.7902615289204 13.5822778870352 13.6532791992649 13.4847407308407 13.5908841066994 13.7027649623342 14.3589892117307 14.4780419170856 14.5210730154067 14.5490432293154 14.6193273565732 14.3245643330738 14.5827509230003 14.5798821831122 14.8208563337103 14.7613299810328 14.1452680900693 12.3540519504273 -9999 13.4747001412325
-9999 -9999 -9999 -9999 -9999 -9999 -9999 -9999 -9999 -9999 -9999 -9999 -9999 -9999 -9999 -9999 -9999 -9999 -9999 -9999 -9999 -9999 -9999 -9999 -9999 -9999 -9999 -9999 -9999 -9999 -9999 -9999 -9999 -9999 -9999 -9999 -9999 -9999 13.6099996957928 13.5263374592178 13.6310464651324 13.296838268172 13.0838343314826 13.6798150432296 14.0118716852739 14.0376903442666 13.7981505636126 14.0728324078955 14.2471083560959 14.6723990445025 14.5942258825526 14.6487319404259 14.6293679461814 14.5504775992595 14.5225073853508 14.5117496107705 14.2456739861518 13.4526267815381 5.87292160490347 13.6649996945634 -9999 15.4499996546656
-9999 -9999 -9999 -9999 -9999 -9999 -9999 -9999 -9999 -9999 -9999 -9999 -9999 -9999 -9999 -9999 -9999 -9999 -9999 -9999 -9999 -9999 -9999 -9999 -9999 -9999 -9999 -9999 -9999 -9999 -9999 -9999 -9999 -9999 -9999 -9999 -9999 -9999 -9999 13.2882320485078 12.8385570710525 13.2208166611381 13.5399639736861 13.3793145399541 13.4381237076595 14.1388134253211 14.1538743097335 14.1158635062166 14.3281502579339 14.294442564249 14.6472975704819 14.5655384836718 14.5805993680842 14.4464857783169 14.4321420788765 14.41206089966 14.3747672811151 13.7529679103754 14.0441450090148 5.99171888709253 18.9649995760992 -9999
-9999 -9999 -9999 -9999 -9999 -9999 -9999 -9999 -9999 -9999 -9999 -9999 -9999 -9999 -9999 -9999 -9999 -9999 -9999 -9999 -9999 -9999 -9999 -9999 -9999 -9999 -9999 -9999 -9999 -9999 -9999 -9999 -9999 -9999 -9999 -9999 -9999 -9999 -9999 15.064999663271 13.6733603784814 13.9021423845552 13.8885158700868 13.8727378007025 14.0821558125317 14.2428052462637 14.2872707145289 14.4084749747999 14.3762016510591 14.2349162115715 14.4794762870297 14.6659443797544 14.333170552738 14.4794762870297 14.4593951078132 14.3675954313949 14.3080690787174 14.3557618793566 13.1698965281248 13.6869868929498 14.1955734931066 -9999
-9999 -9999 -9999 -9999 -9999 -9999 -9999 -9999 -9999 -9999 -9999 -9999 -9999 -9999 -9999 -9999 -9999 -9999 -9999 -9999 -9999 -9999 -9999 -9999 -9999 -9999 -9999 -9999 -9999 -9999 -9999 -9999 -9999 -9999 -9999 -9999 -9999 -9999 -9999 -9999 13.9050111244433 13.9487594077364 13.7285836213268 13.9709921418689 14.3274330729619 14.3467970672064 14.3683126163669 14.3561204718426 14.3073518937454 14.1438337201253 14.2420880612917 14.5963774374686 14.5368510847911 14.492385616526 14.4952543564141 14.4945371714421 14.3023315989412 14.4718263139948 12.936811412219 12.7854853831232 13.7034821473062 15.9099996443838
-9999 -9999 -9999 -9999 -9999 -9999 -9999 -9999 -9999 -9999 -9999 -9999 -9999 -9999 -9999 -9999 -9999 -9999 -9999 -9999 -9999 -9999 -9999 -9999 -9999 -9999 -9999 -9999 -9999 -9999 -9999 -9999 -9999 -9999 -9999 -9999 -9999 -9999 -9999 11.4649997437373 13.0501266377978 13.7644428699277 13.7644428699277 14.0577715234831 14.2829676046968 14.2872707145289 14.413495269604 14.3460798822343 14.2987456740811 14.2083803676069 14.2306131017394 14.4170811944641 14.4974059113301 14.649449125398 14.5576494489796 14.4809106569737 14.4421826684847 13.3183538173325 12.8880428341217 12.9023865335621 -9999 -9999
-9999 -9999 -9999 -9999 -9999 -9999 -9999 -9999 -9999 -9999 -9999 -9999 -9999 -9999 -9999 -9999 -9999 -9999 -9999 -9999 -9999 -9999 -9999 -9999 -9999 -9999 -9999 -9999 -9999 -9999 -9999 -9999 -9999 -9999 -9999 -9999 -9999 -9999 -9999 13.4625079967082 14.1373790553771 14.0434278240427 14.1631977143697 14.1416821652092 14.4959715413861 14.5583666339517 14.5892055877484 14.5425885645673 14.3683126163669 14.2499770959839 14.1753898588941 14.294442564249 14.5361338998191 14.5418713795952 14.5619525588118 14.3647266915068 14.3769188360311 13.9149996889755 12.3655582179927 13.4366893377155 13.9638202921487 13.816797372885
-9999 -9999 -9999 -9999 -9999 -9999 -9999 -9999 -9999 -9999 -9999 -9999 -9999 -9999 -9999 -9999 -9999 -9999 -9999 -9999 -9999 -9999 -9999 -9999 -9999 -9999 -9999 -9999 -9999 -9999 -9999 -9999 -9999 -9999 -9999 -9999 -9999 -9999 -9999 14.4235358592123 14.2765129399486 14.2958769341931 14.3532517319545 14.3597063967027 14.5583666339517 14.6343882409856 14.6365397959016 14.6602068999782 14.5648212986998 14.3360392926261 14.3539689169265 14.4077577898279 14.5052949460223 14.5877712178044 14.5676900385879 14.3374736625701 14.2650379803963 14.1761070438661 14.0477309338748 13.9136173441075 13.8619800261222 13.8913846099749
-9999 -9999 -9999 -9999 -9999 -9999 -9999 -9999 -9999 -9999 -9999 -9999 -9999 -9999 -9999 -9999 -9999 -9999 -9999 -9999 -9999 -9999 -9999 -9999 -9999 -9999 -9999 -9999 -9999 -9999 -9999 -9999 -9999 -9999 -9999 -9999 -9999 -9999 13.8526566214859 13.9652546620928 14.4701528823934 14.4636982176453 14.5139011656865 14.5174870905466 14.4859309517778 14.5956602524966 14.6193273565732 14.7168645127676 14.693197408691 14.6193273565732 14.6343882409856 14.5691244085319 14.5454573044553 14.5970946224406 14.6415600907058 14.452223258093 14.3926969054155 14.41206089966 14.2227240670472 13.9623859222047 13.9007080146112 13.7931302688085
-9999 -9999 -9999 -9999 -9999 -9999 -9999 -9999 -9999 -9999 -9999 -9999 -9999 -9999 -9999 -9999 -9999 -9999 -9999 -9999 -9999 -9999 -9999 -9999 -9999 -9999 -9999 -9999 -9999 -9999 -9999 -9999 -9999 -9999 -9999 -9999 -9999 -9999 13.8691518758424 14.252845835872 14.5411541946232 14.6178929866292 14.569841593504 14.5461744894274 14.5676900385879 14.6666615647264 14.693197408691 14.7333597671241 14.7634815359488 14.7570268712007 14.7419659867883 14.7462690966204 14.6967833335511 14.7254707324319 14.5454573044553 14.3826563158073 14.5174870905466 14.5060121309943 14.4593951078132 14.1969054080546 14.0305184945464 14.015457610134
-9999 -9999 -9999 -9999 -9999 -9999 -9999 -9999 -9999 -9999 -9999 -9999 -9999 -9999 -9999 -9999 -9999 -9999 -9999 -9999 -9999 -9999 -9999 -9999 -9999 -9999 -9999 -9999 -9999 -9999 -9999 -9999 -9999 -9999 -9999 -9999 -9999 14.4601122927852 13.9896389511414 14.3546861018986 14.5892055877484 14.7283394723199 14.5598010038957 14.4601122927852 14.4565263679251 14.6465803855099 14.7469862815924 14.7233191775158 14.7484206515364 14.6867427439429 14.7132785879076 14.8050782643259 14.7878658249974 14.6379741658457 14.5368510847911 14.5863368478604 14.5038605760783 14.5074465009384 14.3876766106114 14.4314248939045 14.2062288126908 13.9810327314772
-9999 -9999 -9999 -9999 -9999 -9999 -9999 -9999 -9999 -9999 -9999 -9999 -9999 -9999 -9999 -9999 -9999 -9999 -9999 -9999 -9999 -9999 -9999 -9999 -9999 -9999 -9999 -9999 -9999 -9999 -9999 -9999 -9999 -9999 -9999 -9999 -9999 13.6998962224461 14.5447401194833 14.7096926630475 14.8624530620873 14.8445234377868 14.5970946224406 14.610003951937 14.7125614029355 14.8237250735983 14.8029267094098 14.6767021543346 14.5892055877484 14.5669728536159 14.6150242467411 14.6982177034952 14.7577440561727 14.6953489636071 14.5863368478604 14.531113605015 14.5368510847911 14.4758903621696 14.4091921597719 14.3489486221224 14.213400662411 14.1825617086142
-9999 -9999 -9999 -9999 -9999 -9999 -9999 -9999 -9999 -9999 -9999 -9999 -9999 -9999 -9999 -9999 -9999 -9999 -9999 -9999 -9999 -9999 -9999 -9999 -9999 -9999 -9999 -9999 -9999 -9999 -9999 -9999 -9999 -9999 -9999 14.5939903889797 14.0828729975037 14.2800988648087 14.6587725300342 14.7527237613685 14.7190160676837 14.7649159058928 14.730491027236 14.6867427439429 14.6559037901461 14.6372569808736 14.5884884027764 14.5476088593714 14.5174870905466 14.5849024779163 14.6028321022168 14.5296792350709 14.7921689348295 14.6767021543346 14.5217902003787 14.5110324257985 14.5081636859104 14.4608294777572 14.372615726199 14.3073518937454 14.2578661306761 14.2298959167674
-9999 -9999 -9999 -9999 -9999 -9999 -9999 -9999 -9999 -9999 -9999 -9999 -9999 -9999 -9999 -9999 -9999 -9999 -9999 -9999 -9999 -9999 -9999 -9999 -9999 -9999 -9999 -9999 -9999 -9999 -9999 -9999 -9999 -9999 -9999 12.6594102415838 14.1373790553771 14.2585833156481 14.4299905239604 14.6006805473007 14.6293679461814 14.7347941370681 14.7634815359488 14.8007751544937 14.6881771138869 14.5447401194833 14.5088808708824 14.5339823449031 14.4472029632889 14.5476088593714 14.569841593504 14.6860255589709 14.7677846457809 14.5411541946232 14.4493545182049 14.3762016510591 14.3374736625701 14.4041718649678 14.4385967436247 14.4335764488205 14.2958769341931 14.3460798822343
-9999 -9999 -9999 -9999 -9999 -9999 -9999 -9999 -9999 -9999 -9999 -9999 -9999 -9999 -9999 -9999 -9999 -9999 -9999 -9999 -9999 -9999 -9999 -9999 -9999 -9999 -9999 -9999 6.86237686746956 9.35156692175993 13.5976007000206 14.2198553271592 13.9401531880721 10.8701076057111 14.8715971704805 13.7485213635489 13.334849071689 14.5461744894274 14.0199997816235 14.6566209751181 14.6637928248383 14.6774193393067 14.6982177034952 14.7204504376277 14.6358226109296 14.5382854547352 14.4450514083728 14.3840906857513 14.4034546799958 14.5268104951829 14.5805993680842 14.5655384836718 14.693197408691 14.5074465009384 14.4472029632889 14.3690298013389 14.413495269604 14.3776360210031 14.3812219458632 14.1639148993418 14.2406536913477 14.0821558125317
-9999 -9999 -9999 -9999 -9999 -9999 -9999 -9999 -9999 -9999 -9999 -9999 -9999 -9999 -9999 -9999 -9999 -9999 -9999 -9999 -9999 -9999 10.7853868934326 13.334849071689 14.17395548895 14.1624805293977 14.2298959167674 14.1911679282784 13.6231574304402 14.2062288126908 14.1180150611326 14.1660664542578 14.4056062349118 14.372615726199 14.3482314371504 14.1768242288381 13.9623859222047 14.0097201303579 14.2248756219633 14.4773247321136 14.6465803855099 14.5669728536159 14.4837793968618 14.5354167148471 14.4844965818338 14.3647266915068 14.3087862636894 14.2714926451445 14.2636036104523 14.2879878995009 14.4715872523375 14.5633869287558 14.6716818595305 14.6967833335511 14.4758903621696 14.612155506853 14.3087862636894 14.3783532059751 14.4216233659536 16.804999624379 -9999 -9999
-9999 -9999 -9999 -9999 -9999 -9999 -9999 -9999 -9999 -9999 -9999 -9999 -9999 -9999 -9999 -9999 -9999 -9999 -9999 -9999 -9999 14.2419087650487 13.8784752804786 13.8689725795994 13.9050111244433 14.3396252174862 14.3181096683256 14.3532517319545 14.3797875759192 14.3288674429059 14.2621692405082 14.2994628590532 14.3052003388293 14.3145237434655 14.3123721885495 14.2413708763197 14.0721152229235 14.2341990265995 14.3661610614508 14.4436170384288 14.532547974959 14.4013031250797 14.3840906857513 14.4436170384288 14.4041718649678 14.4084749747999 14.2650379803963 14.3618579516187 14.4436170384288 14.2385021364316 14.4213843042962 14.2593005006202 14.1882991883904 14.2040772577748 14.3525345469825 14.3190061495407 15.2499996591359 -9999 -9999 -9999 -9999 -9999
-9999 -9999 -9999 -9999 -9999 -9999 -9999 -9999 -9999 -9999 -9999 -9999 -9999 -9999 -9999 -9999 -9999 6.88018432352692 13.1113080327184 12.5376979752909 13.6685791453347 14.532547974959 13.7936083921231 13.8637729885522 14.0086443528999 14.3554032868706 14.4472029632889 14.3259987030178 14.3862422406673 14.3173924833536 14.2564317607321 14.1302072056569 14.1854304485023 14.2800988648087 14.1596117895097 14.254997390788 14.2212896971032 14.2320474716835 14.2198553271592 14.3819391308352 14.4299905239604 14.4235358592123 14.8165532238781 14.7032379982993 14.6795708942227 14.490951246582 14.5260933102109 14.374050096143 14.4034546799958 14.3862422406673 14.5468916743994 15.0274056056514 13.9849996874109 -9999 -9999 -9999 -9999 -9999 -9999 -9999 -9999 -9999
-9999 -9999 -9999 -9999 -9999 -9999 -9999 -9999 -9999 -9999 -9999 -9999 -9999 6.67365121595497 -9999 -9999 8.21501335551819 14.2800988648087 13.7601397600956 12.4347819318064 14.0563371535391 14.3496658070944 14.6300851311535 13.9200720088556 14.4278389690444 14.493102801498 14.4945371714421 14.4321420788765 14.5009918361902 14.4285561540164 14.1933194831945 13.9466078528203 13.9960936158895 14.0627918182872 14.0570543385111 14.2040772577748 14.1940366681665 14.1201666160487 14.1302072056569 14.371181356255 14.4766075471416 14.7685018307529 15.0331430854276 14.7591784261167 14.6472975704819 14.6143070617691 14.5189214604907 14.5067293159664 14.4887996916659 14.373332911171 14.4350108187646 14.4099996779114 -9999 -9999 -9999 -9999 -9999 -9999 -9999 -9999 -9999 -9999
-9999 -9999 -9999 -9999 -9999 -9999 -9999 -9999 -9999 -9999 -9999 -9999 -9999 13.3585161757655 13.9921490985435 14.5346995298751 14.531113605015 14.6049836571328 14.1291314281989 14.1757484513801 14.1639148993418 14.1488540149294 14.490951246582 14.4823450269178 14.453657628037 14.5167699055746 14.5031433911063 14.4644154026173 14.4493545182049 14.4321420788765 14.2593005006202 14.1875820034184 14.3224127781577 14.1961882230826 14.1610461594537 14.0620746333152 14.2607348705642 14.4278389690444 14.5899227727205 14.6028321022168 14.6709646745585 14.7878658249974 14.7613299810328 14.769936200697 14.5669728536159 14.4801934720017 14.5540635241196 14.610003951937 14.6437116456218 14.6135898767971 14.3762016510591 14.5110324257985 13.2599997036159 -9999 -9999 -9999 -9999 -9999 -9999 21.0970794391416 -9999 -9999
-9999 -9999 -9999 -9999 -9999 -9999 -9999 -9999 -9999 -9999 16.4683535109895 13.8900936770253 13.5809869540855 12.7453230246902 12.8378398860805 14.5454573044553 14.5978118074127 14.5433057495393 13.9458906678483 14.2743613850325 14.2327646566555 14.611438321881 14.6257820213214 14.7376628769562 14.7469862815924 14.7369456919841 14.6960661485791 14.5978118074127 14.5849024779163 14.4543748130091 14.3295846278779 14.1782585987821 14.3173924833536 14.254997390788 14.2306131017394 14.1165806911886 14.3209784082137 14.5210730154067 14.6343882409856 14.8151188539341 14.9011810505763 14.8997466806322 14.769219015725 14.7398144318722 14.5468916743994 14.5153355356306 14.5906399576925 14.6465803855099 14.5146183506586 14.6021149172448 14.6013977322727 14.3546861018986 8.75492607374271 -9999 -9999 -9999 14.650063855374 14.4966887263581 14.7390972469002 14.6057008421049 14.3030487839133 17.7899996023625
-9999 -9999 -9999 -9999 -9999 -9999 -9999 16.5640344036456 13.8668568839319 13.4452955573797 13.3864863896742 12.1952421511523 13.7653991165571 13.7799818776548 14.6867427439429 14.5354167148471 14.6788537092507 13.9530625175685 14.6802880791947 13.1949980021454 14.3473349559354 14.8466749927029 14.8588671372272 14.9262825245969 14.9492324437015 14.8767967615277 14.8265938134864 14.4185155644082 14.5052949460223 14.1854304485023 14.1775414138101 14.0699636680074 14.3001800440252 14.3360392926261 14.493102801498 14.7147129578516 13.8583941012621 14.4450514083728 14.7075411081314 14.8086641891859 14.8402203279547 15.0044556865469 14.9599902182817 14.8323312932625 14.8237250735983 14.571275963448 14.6666615647264 14.6408429057337 14.5978118074127 14.5856196628883 14.5684072235599 14.5540635241196 14.6573381600901 14.8036438943818 14.8689077268355 15.1737113399431 14.8079470042139 14.9721823628061 15.0166478310712 14.9843745073304 14.7849970851094 11.4974211733788
-9999 -9999 -9999 -9999 -9999 14.2698789789574 14.6616412699223 13.9100314192474 13.9042939394712 13.334849071689 13.2021698518656 14.1780793025391 13.7685069181025 13.8629362727515 14.6774193393067 14.2540411441587 14.0615965100005 14.8036438943818 14.8036438943818 14.014381832676 14.0878932923079 14.8932920158841 14.7441175417043 14.8545640273951 14.8352000331506 14.8624530620873 14.9334543743171 14.0427106390707 14.1782585987821 14.2184209572151 14.4371623736806 14.133793130517 13.9903561361134 14.1302072056569 14.4970473188441 13.653996384237 14.4170811944641 14.569841593504 14.6193273565732 14.7111270329915 14.8961607557721 14.8559983973391 14.971465177834 14.9384746691212 14.8796655014157 14.5454573044553 14.6752677843906 14.7247535474598 14.7405316168442 14.7405316168442 14.6831568190828 14.689611483831 14.8316141082905 14.9241309696808 15.1184880970977 15.1478926809505 15.1600848254748 15.1163365421817 15.167973860167 15.1471754959784 15.0733054438606 14.1172978761606
-9999 -9999 -9999 -9999 -9999 14.4723044373095 14.4846758780768 14.5225073853508 14.2614520555362 14.4411068910267 14.5035019835923 14.5372096772771 14.7778252353892 14.7505722064525 14.384568809066 14.3269549496472 14.7577440561727 13.6747947484255 13.9946592459455 14.2377849514596 14.1072572865523 14.3819391308352 14.331018997822 14.929151264485 14.929151264485 14.3496658070944 14.2973113041371 14.2836847896688 14.2800988648087 14.2614520555362 14.211249107495 13.9509109626524 14.0785698876716 13.6202886905521 14.1129947663285 14.4238944516983 14.3475142521784 14.2047944427468 14.7570268712007 14.7778252353892 14.9112216401845 14.7563096862286 14.6767021543346 14.8975951257162 14.8696249118075 14.8789483164437 14.7512893914245 14.8316141082905 14.849543732591 14.889706091024 14.9255653396249 14.8617358771153 14.8265938134864 14.9356059292331 15.0840632184409 15.1615191954188 15.1529129757546 15.1636707503349 15.1887722243555 15.209570588544 15.249015762005 15.3035218198784
-9999 -9999 -9999 -9999 -9999 14.4163640094921 14.4174397869501 14.4601122927852 14.3052003388293 14.2177037722431 14.4633396251593 15.1034272126853 14.8194219637662 14.7878658249974 14.5447401194833 14.8151188539341 14.0627918182872 14.3123721885495 15.1012756577693 14.9391918540932 14.6604459616356 14.6752677843906 14.9646519205999 15.1077303225175 14.5088808708824 14.7010864433832 14.3188268532977 14.4816278419457 14.4350108187646 14.3532517319545 14.1682180091739 13.9250923036598 14.0018310956657 14.0606402633712 14.0470137489028 13.7551194652915 13.7995849335566 13.3886379445903 14.3202612232417 14.6315195010975 14.6264992062934 14.7849970851094 14.6257820213214 14.7355113220401 14.8043610793538 14.8610186921433 14.771370570641 14.889706091024 14.9248481546529 14.8947263858281 14.8445234377868 14.8954435708001 14.9191106748767 15.009475981351 15.0173650160432 15.1199224670418 15.1801660046913 15.0991241028532 15.1084475074895 15.0790429236367 15.0618304843083 15.1514786058106
-9999 -9999 -9999 -9999 -9999 14.9169591199607 14.5684072235599 14.6810052641667 14.7347941370681 14.610003951937 14.6257820213214 14.5669728536159 14.370822763769 14.9499496286735 14.9076357153244 14.9126560101286 15.1048615826294 14.8265938134864 15.0424664900638 15.0797601086088 15.2855921955779 15.3641239500139 15.4512619241141 14.7971892296337 14.5798821831122 14.850260917563 14.4235358592123 14.5856196628883 14.3625751365907 14.4256874141283 14.2607348705642 14.1969054080546 14.2621692405082 14.2098147375509 14.1660664542578 13.8648487660103 13.3642536555417 13.8426160318777 14.5447401194833 14.5748618883081 14.5526291541755 14.7828455301933 14.7857142700814 14.8344828481786 14.9219794147648 14.9886776171625 14.9965666518547 15.0302743455395 15.0259712357074 14.9678792529739 14.849543732591 15.0309915305115 15.0525070796721 15.1070131375454 15.1184880970977 15.2368236174807 15.0811944785528 14.9356059292331 15.0589617444202 15.0245368657634 15.2999358950183 15.3314920337871
-9999 -9999 -9999 -9999 -9999 14.49023406161 14.7806939752772 14.8165532238781 14.7598956110887 14.8545640273951 14.812250114046 14.5906399576925 14.9956104052253 14.9941760352813 15.0618304843083 15.0245368657634 14.6752677843906 14.9664448830299 15.2058053674409 15.036968071945 15.5158085715957 14.6953489636071 15.4699087333865 14.8473921776749 14.57199314842 14.5956602524966 14.652317865286 14.5447401194833 14.6666615647264 14.6150242467411 14.211249107495 14.0039826505817 14.3123721885495 14.7383800619282 14.3962828302756 15.0525070796721 14.8459578077309 13.9085970493034 14.8165532238781 14.8043610793538 14.374050096143 14.7914517498575 14.7677846457809 14.8983123106882 14.9542527385056 14.931302819401 14.8603015071712 14.812250114046 14.9936979119666 14.9793542125262 14.8925748309121 14.9879604321904 15.0553758195601 15.0811944785528 15.1959440740757 15.208853403572 15.3601794326678 15.211004958488 15.249732946977 15.2404095423408 15.5222632363439 15.6248206873424
