EcologicalScience/Bass/data/rs_data_bass/sst_118.asc
NCOLS 226 
NROWS 124 
XLLCORNER -9.41648524995501 
YLLCORNER 47.587301625531 
CELLSIZE 0.0833 
NODATA_value -9999 
[rows 0 to 26 of 124, columns 62 to 123 of 226]
-9999 -9999 -9999 -9999 -9999 -9999 -9999 -9999 -9999 -9999 -9999 -9999 -9999 -9999 -9999 -9999 -9999 -9999 -9999 -9999 -9999 -9999 -9999 -9999 -9999 -9999 -9999 -9999 -9999 -9999 -9999 -9999 -9999 -9999 -9999 -9999 -9999 -9999 -9999 -9999 -9999 -9999 -9999 -9999 -9999 -9999 -9999 -9999 -9999 -9999 -9999 -9999 -9999 -9999 -9999 -9999 -9999 -9999 -9999 -9999 -9999 -9999
-9999 -9999 -9999 -9999 -9999 -9999 -9999 -9999 -9999 -9999 -9999 -9999 -9999 -9999 -9999 -9999 -9999 -9999 -9999 -9999 -9999 -9999 -9999 -9999 -9999 -9999 -9999 -9999 -9999 -9999 -9999 -9999 -9999 -9999 -9999 -9999 -9999 -9999 -9999 -9999 -9999 -9999 -9999 -9999 -9999 -9999 -9999 -9999 -9999 -9999 -9999 -9999 -9999 -9999 -9999 -9999 -9999 -9999 -9999 -9999 -9999 -9999
-9999 -9999 -9999 -9999 -9999 -9999 -9999 -9999 -9999 -9999 -9999 -9999 -9999 -9999 -9999 -9999 -9999 -9999 -9999 -9999 -9999 -9999 -9999 -9999 -9999 -9999 -9999 -9999 -9999 -9999 -9999 -9999 -9999 -9999 -9999 -9999 -9999 -9999 -9999 -9999 -9999 -9999 -9999 -9999 -9999 -9999 -9999 -9999 -9999 -9999 -9999 -9999 -9999 -9999 -9999 -9999 -9999 -9999 -9999 -9999 -9999 -9999
-9999 -9999 -9999 -9999 -9999 -9999 -9999 -9999 -9999 -9999 -9999 -9999 -9999 -9999 -9999 -9999 -9999 -9999 -9999 -9999 -9999 -9999 -9999 -9999 -9999 -9999 -9999 -9999 -9999 -9999 -9999 -9999 -9999 -9999 -9999 -9999 -9999 -9999 -9999 -9999 -9999 -9999 -9999 -9999 -9999 -9999 -9999 -9999 -9999 -9999 -9999 -9999 -9999 -9999 -9999 -9999 -9999 -9999 -9999 -9999 -9999 -9999
-9999 -9999 -9999 -9999 -9999 -9999 -9999 -9999 -9999 -9999 -9999 -9999 -9999 -9999 -9999 -9999 -9999 -9999 -9999 -9999 -9999 -9999 -9999 -9999 -9999 -9999 -9999 -9999 -9999 -9999 -9999 -9999 -9999 -9999 -9999 -9999 -9999 -9999 -9999 -9999 -9999 -9999 -9999 -9999 -9999 -9999 -9999 -9999 -9999 -9999 -9999 -9999 -9999 -9999 -9999 -9999 -9999 -9999 -9999 -9999 -9999 -9999
-9999 -9999 -9999 -9999 -9999 -9999 -9999 -9999 -9999 -9999 -9999 -9999 -9999 -9999 -9999 -9999 -9999 -9999 -9999 -9999 -9999 -9999 -9999 -9999 -9999 -9999 -9999 -9999 10.954166421822 12.0099997315556 15.6099996510893 15.6899996493012 15.9299996439368 15.4249996552244 15.5749996518716 15.4849996538833 15.3499996569008 15.3299996573478 15.4099996555597 15.5699996519834 15.8749996451661 15.9699996430427 15.954999643378 15.7499996479601 15.6799996495247 15.9049996444955 16.1449996391311 16.3549996344373 16.8599996231496 16.8949996223673 16.8399996235967 17.4199996106327 17.8349996013567 17.799999602139 17.8149996018037 17.7449996033683 17.9149995995685 18.2649995917454 18.2999995909631 18.3199995905161 18.4699995871633 18.3299995902926
-9999 -9999 -9999 -9999 -9999 -9999 -9999 -9999 -9999 -9999 -9999 -9999 -9999 -9999 -9999 -9999 -9999 -9999 -9999 -9999 -9999 -9999 -9999 -9999 -9999 -9999 -9999 12.0230432095249 12.3187497246545 14.939999666065 14.939999666065 14.899999666959 14.7424996704794 15.5449996525422 15.5399996526539 15.3899996560067 15.2699996586889 15.2049996601418 15.3849996561185 15.5949996514246 15.914999644272 16.1149996398017 16.224999637343 16.2199996374547 16.389999633655 16.5049996310845 16.4049996333197 16.4849996315315 16.7399996258318 16.9749996205792 17.054999618791 17.6699996050447 17.924999599345 17.9999995976686 17.9999995976686 18.0849995957687 18.2849995912984 18.4149995883927 18.5699995849282 18.4749995870516 18.3849995890632 18.3549995897338
-9999 -9999 -9999 -9999 -9999 -9999 -9999 -9999 -9999 -9999 -9999 -9999 -9999 -9999 -9999 -9999 -9999 -9999 -9999 -9999 -9999 -9999 -9999 -9999 -9999 -9999 11.8539997350425 14.9499996658415 14.9999996647239 15.2849996583536 15.6499996501952 14.5099996756762 14.8174996688031 15.374999656342 15.5249996529892 15.4699996542186 15.2599996589124 15.3599996566772 15.5349996527657 15.8199996463954 15.9599996432662 16.0749996406958 16.1899996381253 16.1999996379018 16.4849996315315 16.7399996258318 16.9249996216968 16.8849996225908 16.949999621138 17.2649996140972 17.5199996083975 17.9099995996803 18.2049995930865 18.1899995934218 18.1049995953217 18.1049995953217 18.1599995940924 18.3399995900691 18.4549995874986 18.3649995895103 18.4099995885044 18.3949995888397
-9999 -9999 -9999 -9999 -9999 -9999 -9999 -9999 -9999 -9999 -9999 -9999 -9999 -9999 -9999 -9999 -9999 -9999 -9999 -9999 -9999 -9999 -9999 -9999 -9999 7.85829796306684 14.1499996837229 13.9999996870756 13.9183330222343 13.4812496986706 14.3024996803142 14.8149996688589 14.8149996688589 15.1799996607006 15.1649996610358 15.1749996608123 15.2949996581301 15.3399996571243 15.6549996500835 15.6799996495247 15.7049996489659 15.9049996444955 16.0949996402487 16.1999996379018 16.4149996330962 16.6249996284023 17.0299996193498 17.3699996117502 17.4399996101856 17.7149996040389 17.9199995994568 17.9799995981157 18.0749995959923 18.0399995967746 18.1799995936453 18.2749995915219 18.3149995906278 18.3399995900691 18.3099995907396 18.4049995886162 18.359999589622 18.3749995892867
-9999 -9999 -9999 -9999 -9999 -9999 -9999 -9999 -9999 -9999 -9999 -9999 -9999 -9999 -9999 -9999 -9999 -9999 -9999 -9999 -9999 -9999 -9999 -9999 -9999 10.754999759607 13.5999996960163 14.1649996833876 13.9849996874109 13.2699997033924 13.0999997071922 14.2849996807054 14.4649996766821 14.6199996732175 14.7199996709824 14.3149996800348 14.7599996700883 14.3499996792525 14.7349996706471 15.3799996562302 15.6499996501952 15.9099996443838 16.2599996365607 16.4549996322021 16.5599996298552 16.8399996235967 17.2299996148795 17.3899996113032 17.4699996095151 17.5699996072799 17.6649996051565 17.7549996031448 17.8449996011332 17.964999598451 18.089999595657 18.2049995930865 18.2499995920807 18.3049995908514 18.3549995897338 18.379999589175 18.3199995905161 18.359999589622
-9999 -9999 -9999 -9999 -9999 -9999 -9999 -9999 -9999 -9999 -9999 -9999 -9999 -9999 -9999 -9999 -9999 -9999 -9999 -9999 -9999 -9999 -9999 -9999 11.6719997391105 13.3212497022469 13.3337497019675 14.2049996824935 14.1299996841699 14.0099996868521 13.8949996894225 13.8074996913783 14.1149996845052 14.1549996836111 14.2299996819347 14.4199996776879 14.5399996750057 14.4349996773526 15.2599996589124 15.4199996553361 15.4749996541068 15.7499996479601 16.1449996391311 16.349999634549 16.6549996277317 16.9249996216968 16.9449996212497 17.0099996197969 17.1199996173382 17.3699996117502 17.2949996134266 17.6699996050447 17.5499996077269 17.5349996080622 17.7199996039271 17.8799996003509 17.8549996009097 17.9149995995685 18.0549995964393 17.9899995978922 17.8449996011332 17.7499996032566
-9999 -9999 -9999 -9999 -9999 -9999 -9999 -9999 -9999 -9999 -9999 -9999 -9999 -9999 -9999 -9999 -9999 -9999 -9999 -9999 -9999 -9999 -9999 -9999 11.8049997361377 14.4199996776879 14.3349996795878 14.2799996808171 14.2849996807054 14.0999996848404 13.9849996874109 13.5149996979162 13.6749996943399 13.944999688305 14.0849996851757 14.1349996840581 14.6549996724352 15.5649996520951 15.6099996510893 15.6499996501952 15.9299996439368 16.0549996411428 16.389999633655 16.7199996262789 16.8349996237084 16.9149996219203 17.0149996196851 17.0799996182323 17.2549996143207 17.4049996109679 17.2249996149912 17.0349996192381 17.1249996172264 17.3999996110797 17.5749996071681 17.6449996056035 17.7599996030331 17.8599996007979 17.9149995995685 17.9749995982274 17.944999598898 17.9499995987862
-9999 -9999 -9999 -9999 -9999 -9999 -9999 -9999 -9999 -9999 -9999 -9999 -9999 -9999 -9999 -9999 -9999 -9999 -9999 -9999 -9999 -9999 -9999 11.6509997395799 14.4949996760115 14.4949996760115 14.2099996823817 14.1799996830523 14.2099996823817 14.2199996821582 14.1199996843934 13.7049996936694 14.0399996861815 14.3649996789172 14.4299996774644 14.6649996722117 15.1799996607006 15.624999650754 15.7149996487424 15.9299996439368 16.1299996394664 16.6649996275082 16.8899996224791 16.9449996212497 16.9999996200204 16.9799996204674 16.9799996204674 17.1399996168911 17.2299996148795 17.1649996163324 17.3349996125326 17.4199996106327 17.4249996105209 17.489999609068 17.5749996071681 17.6149996062741 17.7449996033683 17.9099995996803 17.9349995991215 17.9599995985627 17.964999598451 18.0099995974451
-9999 -9999 -9999 -9999 -9999 -9999 -9999 -9999 -9999 -9999 -9999 -9999 -9999 -9999 -9999 -9999 -9999 -9999 -9999 -9999 -9999 7.98625892311572 13.5849996963516 13.5399996973574 13.5249996976927 13.8674996900372 14.1499996837229 14.1749996831641 14.2299996819347 14.1249996842816 13.9949996871874 13.9799996875226 14.1999996826053 14.6149996733293 14.9599996656179 15.3199996575713 15.6049996512011 16.0099996421486 16.244999636896 16.244999636896 16.3599996343255 16.7499996256083 16.8949996223673 16.9899996202439 17.0899996180087 17.1599996164441 17.2799996137619 17.4799996092916 17.4249996105209 17.3049996132031 17.2049996154383 17.3399996124208 17.489999609068 17.6099996063858 17.7299996037036 17.8099996019155 17.9199995994568 17.9299995992333 17.9499995987862 17.9699995983392 17.9849995980039 18.0099995974451
-9999 -9999 -9999 -9999 -9999 -9999 -9999 -9999 -9999 -9999 -9999 -9999 -9999 -9999 -9999 -9999 -9999 -9999 -9999 -9999 12.3289997244254 15.2949996581301 14.2849996807054 14.3549996791407 14.1649996833876 14.0549996858463 11.604999740608 14.2499996814877 14.3499996792525 14.2999996803701 14.1899996828288 14.1599996834993 14.7199996709824 14.9499996658415 15.4049996556714 16.1099996399134 16.1749996384606 16.4199996329844 16.639999628067 16.4699996318668 16.5249996306375 16.8449996234849 17.0699996184558 17.0999996177852 17.2499996144325 17.3699996117502 17.4349996102974 17.529999608174 17.489999609068 17.3699996117502 17.4049996109679 17.4599996097386 17.5749996071681 17.6449996056035 17.7349996035919 17.9599995985627 17.9999995976686 17.9199995994568 17.9399995990098 17.9599995985627 18.1249995948747 18.3749995892867
-9999 -9999 -9999 -9999 -9999 -9999 -9999 -9999 -9999 -9999 -9999 -9999 -9999 -9999 -9999 -9999 -9999 -9999 -9999 -9999 10.89961514099 13.6249996954575 13.6249996954575 13.8949996894225 13.7299996931106 14.0099996868521 14.1699996832758 14.3049996802583 14.4349996773526 14.5199996754527 14.4399996772408 14.8349996684119 15.5399996526539 15.7149996487424 16.1149996398017 16.3599996343255 16.3799996338785 16.5049996310845 16.6999996267259 16.8649996230379 16.9049996221438 16.8649996230379 17.219999615103 17.3349996125326 17.344999612309 17.4949996089563 17.4249996105209 17.3699996117502 17.5199996083975 17.5549996076152 17.6849996047094 17.5699996072799 17.7599996030331 17.8899996001273 17.9999995976686 18.0299995969981 18.0099995974451 17.9499995987862 17.9349995991215 18.0999995954335 18.3049995908514 18.5149995861575
-9999 -9999 -9999 -9999 -9999 -9999 -9999 -9999 -9999 -9999 -9999 -9999 -9999 -9999 -9999 -9999 -9999 -9999 7.02017011654831 14.2024996825494 13.634999695234 14.7199996709824 15.2899996582419 13.7374996929429 14.2899996805936 14.4249996775761 14.7249996708706 14.8049996690825 14.8449996681884 14.6699996720999 14.7049996713176 14.7299996707588 15.8299996461719 16.3149996353313 16.3599996343255 16.4749996317551 16.7149996263906 17.054999618791 17.19999961555 17.0099996197969 17.0699996184558 17.1749996161088 17.1299996171147 17.3999996110797 17.6849996047094 17.8249996015802 17.8549996009097 17.6599996052682 17.6149996062741 17.6299996059388 17.6849996047094 17.7299996037036 17.7549996031448 17.8699996005744 17.9799995981157 18.0149995973334 17.9599995985627 17.964999598451 17.9799995981157 18.1299995947629 18.2049995930865 18.1849995935336
-9999 -9999 -9999 -9999 -9999 -9999 -9999 -9999 -9999 -9999 -9999 -9999 -9999 -9999 -9999 -9999 9.33767803371037 13.3599997013807 14.1849996829405 14.3124996800907 15.2999996580184 15.2799996584654 15.1749996608123 14.9899996649474 15.0099996645004 15.1099996622652 15.0149996643886 15.0799996629357 15.0149996643886 15.0949996626005 15.4949996536598 15.3899996560067 15.4399996548891 16.0249996418133 16.5249996306375 16.7699996251613 16.9249996216968 17.1249996172264 16.8849996225908 16.909999622032 17.0249996194616 17.1599996164441 17.2799996137619 17.4499996099621 17.7499996032566 17.7399996034801 17.6399996057153 17.634999605827 17.6099996063858 17.6149996062741 17.6599996052682 17.7199996039271 17.7899996023625 17.8349996013567 17.964999598451 17.944999598898 17.9599995985627 18.089999595657 18.0499995965511 18.0849995957687 18.1599995940924 18.1649995939806
-9999 -9999 -9999 -9999 -9999 -9999 -9999 -9999 -9999 -9999 8.08999648329336 7.9319928628703 8.31495046425339 -9999 -9999 -9999 7.9518180040812 13.4233330332985 17.4299996104091 17.2899996135384 14.4824996762909 15.6599996499717 15.5349996527657 15.5549996523187 16.0049996422604 16.224999637343 16.0099996421486 16.0399996414781 15.914999644272 15.9849996427074 16.1249996395782 16.0349996415898 15.8499996457249 16.2999996356666 16.7599996253848 16.8849996225908 16.9399996213615 16.7699996251613 16.7399996258318 16.9249996216968 17.1299996171147 17.2349996147677 17.239999614656 17.4149996107444 17.0999996177852 16.7949996246025 16.9899996202439 17.509999608621 17.6949996044859 17.7749996026978 17.9399995990098 17.9149995995685 17.9049995997921 17.8099996019155 17.8099996019155 17.8699996005744 17.8449996011332 17.9149995995685 17.9799995981157 18.0449995966628 18.1649995939806 18.2049995930865
-9999 -9999 -9999 -9999 -9999 -9999 -9999 -9999 -9999 -9999 -9999 -9999 -9999 -9999 -9999 -9999 -9999 -9999 12.6429626803707 14.21499968227 14.3649996789172 15.2549996590242 15.7749996474013 16.3049996355549 16.2649996364489 16.2949996357784 16.5949996290728 16.6849996270612 16.8249996239319 16.5949996290728 16.5749996295199 16.7099996265024 16.7399996258318 16.9199996218085 16.929999621585 17.1349996170029 17.2299996148795 17.2049996154383 17.0899996180087 17.1199996173382 17.2499996144325 17.3499996121973 17.4099996108562 17.6049996064976 17.6799996048212 17.7049996042624 17.674999604933 17.8349996013567 18.0299995969981 18.2099995929748 17.9849995980039 17.8549996009097 17.8099996019155 17.7849996024743 17.8099996019155 17.8949996000156 18.0149995973334 18.1199995949864 18.0599995963275 18.10999959521 18.1899995934218 18.1949995933101
-9999 -9999 -9999 -9999 -9999 -9999 -9999 -9999 -9999 -9999 -9999 -9999 -9999 -9999 8.29505263911797 13.0849997075275 11.9183330669378 15.064999663271 15.064999663271 14.6549996724352 14.9749996652827 15.5099996533245 15.9899996425956 16.4649996319786 16.6299996282905 16.7349996259436 17.054999618791 17.0599996186793 17.1349996170029 17.3049996132031 17.2149996152148 17.1599996164441 17.239999614656 17.2049996154383 17.1949996156618 17.19999961555 17.2299996148795 17.2749996138737 17.2549996143207 17.2299996148795 17.2749996138737 17.364999611862 17.4649996096268 17.6449996056035 17.7349996035919 17.7299996037036 18.0199995972216 18.0299995969981 17.9899995978922 18.1149995950982 18.0299995969981 17.9799995981157 17.944999598898 17.8699996005744 17.924999599345 18.0099995974451 18.0749995959923 18.1299995947629 18.1549995942041 18.1799995936453 18.1999995931983 18.2099995929748
-9999 -9999 -9999 -9999 -9999 -9999 -9999 -9999 -9999 -9999 -9999 -9999 12.4067463730245 17.2549996143207 17.2549996143207 13.3574997014366 16.1799996383488 16.1999996379018 16.0749996406958 15.499999653548 15.20999966003 16.1099996399134 16.4399996325374 16.8899996224791 17.0599996186793 17.094999617897 17.239999614656 17.6599996052682 17.3699996117502 17.0399996191263 16.8199996240437 17.3049996132031 17.344999612309 17.2649996140972 17.2799996137619 17.3399996124208 17.4249996105209 17.3299996126443 17.3049996132031 17.2299996148795 17.1899996157736 17.2299996148795 17.4249996105209 17.634999605827 17.6849996047094 17.7449996033683 17.8949996000156 17.8899996001273 18.1299995947629 18.1199995949864 17.9849995980039 17.9949995977804 18.0199995972216 18.0399995967746 18.0499995965511 18.0599995963275 18.069999596104 18.1249995948747 18.1899995934218 18.1649995939806 18.1599995940924 18.1699995938689
-9999 -9999 -9999 -9999 -9999 -9999 -9999 -9999 -9999 -9999 12.396785437196 14.9074996667914 15.0483329969769 13.1249997066334 16.1649996386841 16.1399996392429 15.954999643378 17.3899996113032 17.2599996142089 16.6799996271729 16.224999637343 16.4099996332079 16.5849996292964 16.9899996202439 17.054999618791 17.4699996095151 16.9199996218085 16.639999628067 17.1949996156618 17.2299996148795 17.0649996185675 17.2699996139854 17.3399996124208 17.3249996127561 17.4099996108562 17.4599996097386 17.529999608174 17.5599996075034 17.4249996105209 17.2549996143207 17.2499996144325 17.3349996125326 17.4849996091798 17.5849996069446 17.6399996057153 17.7149996040389 17.8049996020272 17.8799996003509 18.0049995975569 18.0499995965511 17.9199995994568 18.0549995964393 18.2949995910749 18.3149995906278 18.1599995940924 17.9199995994568 17.8899996001273 17.9699995983392 18.0999995954335 18.2399995923042 18.3049995908514 18.3699995893985
-9999 -9999 -9999 -9999 -9999 -9999 -9999 -9999 -9999 -9999 12.8094997136854 13.2799997031689 13.4099997002631 13.5149996979162 13.3149997023866 13.2466663705806 12.9424997107126 -9999 -9999 9.22999979369342 9.13233083099514 12.1749997278675 15.8719996452332 15.3033329912772 16.1099996399134 15.6699996497482 15.9799996428192 16.1049996400252 16.5499996300787 17.0799996182323 17.1149996174499 17.2349996147677 17.2949996134266 17.1699996162206 17.2749996138737 17.3099996130913 17.4649996096268 17.5149996085092 17.4249996105209 17.2949996134266 17.3799996115267 17.5499996077269 17.6299996059388 17.6849996047094 17.7199996039271 17.7349996035919 17.8099996019155 17.7899996023625 17.7399996034801 17.7549996031448 17.8349996013567 18.0199995972216 18.2249995926395 18.2299995925277 18.1849995935336 18.0599995963275 17.9949995977804 18.0649995962158 18.2799995914102 18.4699995871633 18.4349995879456 18.4749995870516
-9999 -9999 -9999 -9999 -9999 -9999 -9999 -9999 -9999 -9999 -9999 -9999 -9999 -9999 -9999 -9999 -9999 -9999 -9999 -9999 -9999 -9999 -9999 -9999 11.3036664669717 15.0766663296769 14.9149996666238 15.4249996552244 16.2299996372312 16.3549996344373 16.6099996287376 17.1199996173382 17.054999618791 16.9449996212497 17.1599996164441 17.2349996147677 17.3399996124208 17.5599996075034 17.6049996064976 17.5749996071681 17.6799996048212 17.799999602139 17.7449996033683 17.8449996011332 17.9049995997921 18.0549995964393 18.0649995962158 17.9549995986745 17.8399996012449 17.8399996012449 17.8399996012449 17.9499995987862 17.9599995985627 17.9949995977804 18.1449995944276 18.3199995905161 18.2099995929748 18.3199995905161 18.4599995873868 18.5849995845929 18.399999588728 18.4349995879456
-9999 -9999 -9999 -9999 -9999 -9999 -9999 -9999 -9999 -9999 -9999 -9999 -9999 -9999 -9999 -9999 -9999 -9999 -9999 -9999 -9999 -9999 -9999 -9999 -9999 10.6396679468453 15.8679996453226 15.8949996447191 15.8899996448308 15.8849996449426 16.4649996319786 16.6499996278435 17.3349996125326 16.7549996254966 17.1799996159971 17.1949996156618 17.1899996157736 17.4349996102974 17.6799996048212 17.5749996071681 17.6949996044859 17.8399996012449 17.964999598451 17.8899996001273 17.9399995990098 18.1049995953217 18.1249995948747 18.089999595657 18.0249995971099 17.9949995977804 17.9949995977804 18.0249995971099 18.0399995967746 18.0549995964393 18.1299995947629 18.3399995900691 18.4249995881692 18.4899995867163 18.5299995858222 18.5449995854869 18.5949995843694 18.6099995840341
-9999 -9999 -9999 -9999 -9999 -9999 -9999 -9999 -9999 -9999 -9999 -9999 -9999 -9999 -9999 -9999 -9999 -9999 -9999 -9999 -9999 -9999 -9999 -9999 -9999 -9999 -9999 11.4299997445196 13.5699996966869 13.2724997033365 13.6335711238374 13.9749996876344 15.5849996516481 16.2749996362254 16.2799996361136 16.9799996204674 17.0199996195734 17.5849996069446 17.5949996067211 17.3999996110797 17.3999996110797 17.5749996071681 17.8399996012449 17.8299996014684 17.7349996035919 17.9999995976686 18.3199995905161 18.1999995931983 18.2049995930865 18.1649995939806 18.0749995959923 18.0999995954335 18.1849995935336 18.1799995936453 18.234999592416 18.3149995906278 18.4449995877221 18.5199995860457 18.504999586381 18.5599995851517 18.5299995858222 18.5549995852634
