EcologicalScience/Bass/data/rs_data_bass/sst_353.asc
NCOLS 226 
NROWS 124 
XLLCORNER -9.41648524995501 
YLLCORNER 47.587301625531 
CELLSIZE 0.0833 
NODATA_value -9999 
[rows 0 to 26 of 124, columns 62 to 123 of 226]
-9999 -9999 -9999 -9999 -9999 -9999 -9999 -9999 -9999 -9999 -9999 -9999 -9999 -9999 -9999 -9999 -9999 -9999 -9999 -9999 -9999 -9999 -9999 -9999 -9999 -9999 -9999 -9999 -9999 -9999 -9999 -9999 -9999 -9999 -9999 -9999 -9999 -9999 -9999 -9999 -9999 -9999 -9999 -9999 -9999 -9999 -9999 -9999 -9999 -9999 -9999 -9999 -9999 -9999 -9999 -9999 -9999 -9999 -9999 -9999 -9999 -9999
-9999 -9999 -9999 -9999 -9999 -9999 -9999 -9999 -9999 -9999 -9999 -9999 -9999 -9999 -9999 -9999 -9999 -9999 -9999 -9999 -9999 -9999 -9999 -9999 -9999 -9999 -9999 -9999 -9999 -9999 -9999 -9999 -9999 -9999 -9999 -9999 -9999 -9999 -9999 -9999 -9999 -9999 -9999 -9999 -9999 -9999 -9999 -9999 -9999 -9999 -9999 -9999 -9999 -9999 -9999 -9999 -9999 -9999 -9999 -9999 -9999 -9999
-9999 -9999 -9999 -9999 -9999 -9999 -9999 -9999 -9999 -9999 -9999 -9999 -9999 -9999 -9999 -9999 -9999 -9999 -9999 -9999 -9999 -9999 -9999 -9999 -9999 -9999 -9999 -9999 -9999 -9999 -9999 -9999 -9999 -9999 -9999 -9999 -9999 -9999 -9999 -9999 -9999 -9999 -9999 -9999 -9999 -9999 -9999 -9999 -9999 -9999 -9999 -9999 -9999 -9999 -9999 -9999 -9999 -9999 -9999 -9999 -9999 -9999
-9999 -9999 -9999 -9999 -9999 -9999 -9999 -9999 -9999 -9999 -9999 -9999 -9999 -9999 -9999 -9999 -9999 -9999 -9999 -9999 -9999 -9999 -9999 -9999 -9999 -9999 -9999 -9999 -9999 -9999 -9999 -9999 -9999 -9999 -9999 -9999 -9999 -9999 -9999 -9999 -9999 -9999 -9999 -9999 -9999 -9999 -9999 -9999 -9999 -9999 -9999 -9999 -9999 -9999 -9999 -9999 -9999 -9999 -9999 -9999 -9999 -9999
-9999 -9999 -9999 -9999 -9999 -9999 -9999 -9999 -9999 -9999 -9999 -9999 -9999 -9999 -9999 -9999 -9999 -9999 -9999 -9999 -9999 -9999 -9999 -9999 -9999 -9999 -9999 -9999 -9999 -9999 -9999 -9999 -9999 -9999 -9999 -9999 -9999 -9999 -9999 -9999 -9999 -9999 -9999 -9999 -9999 -9999 -9999 -9999 -9999 -9999 -9999 -9999 -9999 -9999 -9999 -9999 -9999 -9999 -9999 -9999 -9999 -9999
-9999 -9999 -9999 -9999 -9999 -9999 -9999 -9999 -9999 -9999 -9999 -9999 -9999 -9999 -9999 -9999 -9999 -9999 -9999 -9999 -9999 -9999 -9999 -9999 -9999 -9999 -9999 -9999 9.68999978341162 9.92655658546835 13.1433606841601 12.9805596955121 13.0659047071822 13.5636310777627 13.5944700315595 13.6418042397127 13.6482589044608 13.6303292801604 13.5887325517833 13.535660863854 13.5012359851971 13.4201940833591 13.4044160139747 13.4431440024637 13.8677175058983 13.7450788756832 13.9466078528203 14.0341044194065 14.0097201303579 13.972426511813 13.7665944248438 13.7716147196479 13.8053224133328 13.8332926272415 13.6532791992649 13.8332926272415 13.9415875580162 13.9788811765611 14.0620746333152 13.9559312574565 14.0778527026996 14.015457610134
-9999 -9999 -9999 -9999 -9999 -9999 -9999 -9999 -9999 -9999 -9999 -9999 -9999 -9999 -9999 -9999 -9999 -9999 -9999 -9999 -9999 -9999 -9999 -9999 -9999 -9999 -9999 11.0734752067947 13.6532791992649 13.4926297655329 13.4481642972678 13.3599505457096 13.1663106032647 13.2918179733679 13.6669057137333 13.654713569209 13.5722372974269 13.4409924475476 13.5471358234063 13.653996384237 13.5966215864755 13.5084078349173 13.5041047250852 13.458204886876 13.4374065226875 13.8777580955066 13.8885158700868 13.8834955752827 13.7063508871943 13.9874873962253 14.1058229166083 14.0039826505817 13.8404644769616 14.0427106390707 13.6418042397127 13.8117770780809 13.8770409105346 13.8999908296391 13.9566484424286 14.0821558125317 14.0843073674478 14.0477309338748
-9999 -9999 -9999 -9999 -9999 -9999 -9999 -9999 -9999 -9999 -9999 -9999 -9999 -9999 -9999 -9999 -9999 -9999 -9999 -9999 -9999 -9999 -9999 -9999 -9999 -9999 13.0608246469637 13.6977446675301 13.5055390950292 13.375011430122 14.0441450090148 13.5249030892737 13.0300454585813 13.4653767365962 13.4725485863164 13.5141453146935 13.537095233798 13.6037934361957 13.6618854189292 13.5277718291618 13.497650060337 13.4539017770439 13.4467299273238 13.5994903263636 13.4481642972678 13.535660863854 13.7020477773622 13.8003021185286 13.8863643151708 13.8203832977451 13.7486648005433 13.9530625175685 13.8626972110942 13.6468245345168 13.5306405690499 13.8999908296391 13.8340098122135 13.9215063787997 13.9215063787997 14.1094088414684 14.0792870726436 14.0857417373918
-9999 -9999 -9999 -9999 -9999 -9999 -9999 -9999 -9999 -9999 -9999 -9999 -9999 -9999 -9999 -9999 -9999 -9999 -9999 -9999 -9999 -9999 -9999 -9999 -9999 10.7686960431747 13.6102481009439 13.4775688811205 13.613834025804 14.3016144139692 14.2349162115715 12.9525894816034 13.2071901466697 13.5700857425109 13.3040101178922 13.4237800082192 13.4531845920719 13.5535904881544 13.535660863854 13.4675282915123 13.454618962016 13.5134281297214 13.2150791813619 13.5464186384343 13.6518448293209 13.7049165172502 13.8046052283607 13.6432386096567 13.6848353380337 13.7544022803195 13.8418988469057 13.9688405869529 14.01402324019 13.9645374771208 13.9408703730442 13.7142399218865 13.7221289565787 14.052034043707 14.4780419170856 14.253563020844 14.1259040958248 14.1079744715244
-9999 -9999 -9999 -9999 -9999 -9999 -9999 -9999 -9999 -9999 -9999 -9999 -9999 -9999 -9999 -9999 -9999 -9999 -9999 -9999 -9999 -9999 -9999 -9999 -9999 10.1240874451193 14.3675954313949 13.9301125984639 13.8196661127731 13.7515335404314 13.5729544823989 13.5973387714475 13.8311410723254 13.6088137309998 13.1347544644959 13.2229682160541 13.297555453144 13.3312631468289 13.3900723145343 13.3147678924724 13.3448896612972 13.4610736267641 13.5019531701691 13.5335093089379 13.5908841066994 13.6633197888732 13.6590166790411 13.6245918003842 13.614551210776 13.6912900027819 13.7809381242841 13.8447675867938 13.9014251995832 14.013306055218 13.9179204539396 14.0728324078955 14.0656605581753 14.1839960785583 14.3941312753595 14.3776360210031 14.2714926451445 14.1574602345936
-9999 -9999 -9999 -9999 -9999 -9999 -9999 -9999 -9999 -9999 -9999 -9999 -9999 -9999 -9999 -9999 -9999 -9999 -9999 -9999 -9999 -9999 -9999 -9999 12.7248832529876 13.3321397062391 13.775200644508 13.6998962224461 13.8246864075772 13.8003021185286 13.3140507075004 13.494781320449 12.976973770652 13.3886379445903 13.2322916206904 13.0895718112588 13.3656880254857 13.2351603605784 13.3205053722486 13.3599505457096 13.2997070080601 13.5012359851971 13.6045106211677 13.5887325517833 13.6920071877539 13.8490706966259 13.9186376389116 13.6037934361957 13.7995849335566 14.09219640214 13.9200720088556 14.2578661306761 14.0355387893505 13.9487594077364 14.0735495928675 14.3066347087733 14.3819391308352 14.214117847383 14.3668782464229 14.1517227548175 14.2636036104523 14.3417767724022
-9999 -9999 -9999 -9999 -9999 -9999 -9999 -9999 -9999 -9999 -9999 -9999 -9999 -9999 -9999 -9999 -9999 -9999 -9999 -9999 -9999 -9999 -9999 -9999 12.9035818418488 13.4460127423517 13.736472656019 13.6382183148526 13.7687459797598 13.7637256849557 13.4424268174917 13.6303292801604 13.5951872165315 13.13618883444 13.1433606841601 13.3520615110174 13.4897610256448 13.494781320449 13.4094363087788 13.5621967078187 13.5557420430705 13.53422649391 13.7077852571383 13.6346323899925 13.7644428699277 13.8626972110942 13.9430219279602 14.0713980379514 14.0599230783992 13.9788811765611 14.0090029453859 13.9975279858336 14.0190435349941 14.1847132635303 14.4335764488205 14.5060121309943 14.2757957549766 14.2506942809559 14.4823450269178 14.2521286509 14.3224127781577 14.2040772577748
-9999 -9999 -9999 -9999 -9999 -9999 -9999 -9999 -9999 -9999 -9999 -9999 -9999 -9999 -9999 -9999 -9999 -9999 -9999 -9999 -9999 -9999 -9999 11.0349997533485 13.6303292801604 13.1878261524253 13.1505325338803 13.7536850953475 13.5794091471471 13.3872035746463 13.3018585629761 13.2057557767257 13.2208166611381 13.1526840887964 13.0953092910349 13.3298287768848 13.4072847538628 13.458204886876 13.5249030892737 13.6210058755241 13.8390301070176 13.8225348526612 13.7967161936685 14.1029541767202 13.6288949102163 13.7429273207672 13.8677175058983 13.8985564596951 13.9989623557776 14.0003967257217 13.9896389511414 14.2463911711238 14.3919797204435 14.4880825066939 14.5031433911063 14.3690298013389 14.414212454576 14.453657628037 14.2191381421871 14.254997390788 14.2033600728028 14.4264045991004
-9999 -9999 -9999 -9999 -9999 -9999 -9999 -9999 -9999 -9999 -9999 -9999 -9999 -9999 -9999 -9999 -9999 -9999 -9999 -9999 -9999 10.0086003395442 13.463290380314 13.3800317249261 13.8275551474653 13.0415204181336 13.3283944069408 13.4754173262045 13.4761345111765 13.3147678924724 13.2394634704106 13.1985839270055 13.1713308980688 13.0816827765666 13.0601672274061 13.3993957191706 13.5041047250852 13.5937528465874 13.6733603784814 13.6769463033415 14.053468413651 13.7034821473062 13.6869868929498 13.8677175058983 13.8834955752827 13.9014251995832 14.0462965639308 14.054902783595 14.0427106390707 14.0312356795184 14.0993682518601 14.0807214425877 13.8756065405905 14.0104373153299 14.1158635062166 14.3582720267586 14.1172978761606 14.0376903442666 14.9499496286735 13.9803155465052 14.3066347087733 14.2062288126908
-9999 -9999 -9999 -9999 -9999 -9999 -9999 -9999 -9999 -9999 -9999 -9999 -9999 -9999 -9999 -9999 -9999 -9999 -9999 -9999 9.05877399483048 13.7076956090168 13.7952818237245 13.5033875401132 13.5607623378746 13.1455122390762 13.21794792125 13.0379344932735 13.1577043836005 13.5636310777627 13.2867976785637 13.6826837831177 13.0106814643368 13.2452009501867 13.2817773837596 13.2997070080601 13.4144566035829 13.5636310777627 13.6102481009439 13.6260261703283 13.6331980200484 13.6604510489851 13.7436445057392 13.8060395983048 13.9968108008616 14.1639148993418 14.2184209572151 14.0455793789588 14.0211950899102 13.9552140724845 13.8662831359543 13.9695577719249 14.0434278240427 13.9566484424286 14.0369731592946 14.0491653038189 14.1811273386702 14.4830622118898 14.8373515880667 14.772804940585 14.7821283452213 14.4221014892682
-9999 -9999 -9999 -9999 -9999 -9999 -9999 -9999 -9999 -9999 -9999 -9999 -9999 -9999 -9999 -9999 -9999 -9999 -9999 -9999 10.8409762516833 14.0013828550582 13.9781639915891 13.9451734828763 14.3102206336334 13.8526566214859 13.1620074934326 13.0078127244487 13.0243079788052 13.1182592101395 13.1419263142161 13.1404919442721 13.1698965281248 13.456770516932 13.098178030923 13.8003021185286 13.5593279679306 13.5500045632944 13.5084078349173 13.6317636501044 13.6669057137333 13.6654713437892 13.9408703730442 14.1402477952652 14.093630772084 14.1086916564964 14.0843073674478 13.8799096504226 13.973143696785 14.1431165351532 13.9322641533799 13.8784752804786 13.8892330550589 13.9093142342754 13.9085970493034 13.9631031071767 14.1588946045376 13.8999908296391 14.6537522352301 14.4959715413861 14.4586779228412 13.9100314192474
-9999 -9999 -9999 -9999 -9999 -9999 -9999 -9999 -9999 -9999 -9999 -9999 -9999 -9999 -9999 -9999 -9999 -9999 12.9886318412609 14.2108187965117 14.0699636680074 14.0642261882313 14.3998687551357 13.9925076910295 14.4773247321136 13.1189763951115 13.1060670656152 13.0157017591409 13.1605731234886 13.1404919442721 13.0522781927139 13.2107760715298 13.2229682160541 13.2079073316418 13.577257592231 13.3678395804018 13.3025757479481 13.3183538173325 13.5693685575388 13.5973387714475 13.6073793610558 13.853373806458 14.0584887084551 14.0348216043785 14.0678121130913 14.0226294598542 14.0584887084551 13.9903561361134 13.9537797025405 13.6030762512237 13.896404904779 13.7622913150117 13.7895443439484 13.8971220897511 14.055619968567 14.0046998355538 13.9322641533799 14.1000854368322 14.2478255410679 14.2471083560959 14.2083803676069 14.2191381421871
-9999 -9999 -9999 -9999 -9999 -9999 -9999 -9999 -9999 -9999 -9999 -9999 -9999 -9999 -9999 -9999 7.91156345400959 13.6078782723407 14.8846857962199 14.5375682697631 13.975295251701 14.0742667778395 14.214117847383 14.1567430496216 14.5275276801549 13.1957151871175 13.1906948923133 13.3147678924724 13.218665106222 13.0436719730496 13.0027924296446 13.2301400657743 13.2703024242073 13.3334147017449 13.3032929329202 13.3542130659334 13.4653767365962 13.4259315631352 13.9451734828763 13.894253349863 13.615268395748 13.7192602166906 13.7020477773622 13.7221289565787 13.7680287947878 13.8505050665699 13.9559312574565 13.9042939394712 13.7859584190883 13.7866756040603 13.9989623557776 14.1051057316363 13.9803155465052 13.7959990086965 13.9616687372327 13.7228461415507 13.8605456561781 13.8612628411502 14.4866481367499 14.5103152408265 14.3998687551357 14.5583666339517
-9999 -9999 -9999 -9999 -9999 -9999 -9999 -9999 -9999 -9999 5.77499987091869 8.27503633620622 9.0699997972697 9.0699997972697 -9999 -9999 7.94409923693165 14.6712515485473 14.7484206515364 14.6315195010975 14.6867427439429 14.1868648184463 14.291573824361 13.9623859222047 14.3647266915068 14.0484481188469 13.3549302509055 13.3563646208495 13.296838268172 13.1031983257271 13.1189763951115 13.175634007901 13.3843348347582 13.3004241930321 13.2244025859982 13.2487868750468 13.3793145399541 13.4309518579394 13.5664998176508 13.9867702112533 13.697027482558 13.6740775634535 13.8074739682488 13.8648487660103 13.7974333786406 13.8268379624933 13.7787865693681 13.8203832977451 13.8447675867938 13.8433332168497 13.7952818237245 13.7924130838364 14.1796929687262 14.0670949281193 14.0262153847143 13.8239692226052 14.0627918182872 13.8799096504226 14.0835901824757 14.331018997822 14.4608294777572 14.5382854547352
-9999 -9999 -9999 -9999 -9999 -9999 -9999 -9999 -9999 -9999 -9999 -9999 -9999 -9999 -9999 -9999 -9999 -9999 9.4612276694115 14.5748618883081 14.3532517319545 14.49023406161 14.3052003388293 14.3525345469825 14.1782585987821 14.5999633623287 14.5440229345113 13.5858638118953 13.4381237076595 13.255241539795 13.3032929329202 13.3742942451499 13.3133335225284 13.4087191238068 13.4911953955889 13.5621967078187 13.4374065226875 13.3843348347582 13.5514389332384 13.6446729796007 13.5901669217274 13.7056337022223 13.6590166790411 13.7952818237245 13.7228461415507 13.7594225751236 13.9315469684079 13.9042939394712 13.8512222515419 13.9179204539396 13.9035767544992 13.9193548238836 13.8289895174094 14.0635090032592 14.0498824887909 13.8598284712061 13.9315469684079 13.8408230694477 13.6898556328379 14.3446455122903 14.2994628590532 14.1036713616922
-9999 -9999 -9999 -9999 -9999 -9999 -9999 -9999 -9999 -9999 -9999 -9999 -9999 -9999 10.823593292851 14.3511001770385 14.3577699972782 12.8222769721877 14.5483260443434 14.3511001770385 13.6848353380337 14.452940443065 14.5497604142874 14.3948484603316 14.4299905239604 14.0233466448262 14.1072572865523 13.9910733210854 13.7049165172502 13.3298287768848 13.4747001412325 13.5887325517833 13.5851466269232 13.6131168408319 13.5664998176508 13.4840235458687 13.8189489278011 14.1051057316363 13.4782860660926 13.5708029274829 13.615268395748 13.7687459797598 13.7673116098158 13.8641315810382 13.8096255231649 13.7945646387525 14.1129947663285 14.2033600728028 14.3267158879898 14.1115603963844 13.9910733210854 13.9372844481841 13.8799096504226 14.0376903442666 14.0384075292386 13.8046052283607 13.5959044015035 13.4897610256448 13.536378048826 14.0735495928675 13.9272438585758 13.8246864075772
-9999 -9999 -9999 -9999 -9999 -9999 -9999 -9999 -9999 -9999 -9999 -9999 6.66856744434222 14.5210730154067 14.7027598749846 14.4048890499398 14.5002746512182 15.1297239949927 13.9150517140515 13.9688405869529 14.2499770959839 14.6774193393067 14.7835627151653 14.65016631037 14.1789757837541 14.1581774195656 14.2750785700046 14.0907620321959 13.8770409105346 13.6303292801604 13.7995849335566 13.7264320664108 13.653996384237 13.7773521994241 13.9293954134919 13.8741721706465 14.0800042576157 13.6747947484255 13.6102481009439 13.6726431935094 13.6697744536214 13.8124942630529 13.8311410723254 13.8368785521016 14.0018310956657 14.0247810147703 13.9078798643313 13.9774468066171 13.9609515522607 13.9301125984639 14.0233466448262 14.0577715234831 14.0025482806377 14.0821558125317 14.0692464830354 14.1983397779986 13.9688405869529 14.1000854368322 13.8239692226052 14.2643207954243 14.0972166969441 14.2083803676069
-9999 -9999 -9999 -9999 -9999 -9999 -9999 -9999 -9999 -9999 12.7700260626152 14.3783532059751 14.3152409284376 15.3281451705843 14.6164586166851 14.8050782643259 14.7998786732787 14.4800500350073 14.6039975277963 14.4545541092521 14.3181096683256 14.3152409284376 14.6264992062934 14.5791649981402 14.4500717031769 14.4816278419457 14.3697469863109 13.9709921418689 13.7171086617745 13.6181371356361 13.8598284712061 13.7264320664108 13.9473250377923 13.7486648005433 13.7701803497039 13.6869868929498 13.6740775634535 13.6719260085374 13.6812494131736 13.6826837831177 13.7579882051796 13.7909787138924 13.7780693843961 13.694875927642 14.6243476513773 14.1545914947055 14.6049836571328 14.0061342054978 14.0032654656097 14.0104373153299 13.7651600548998 14.095065142028 14.1488540149294 14.012588870246 14.0097201303579 14.1251869108528 14.0584887084551 13.2509384299628 13.7572710202076 13.813928632997 13.9372844481841 13.8462019567378
-9999 -9999 -9999 -9999 -9999 -9999 -9999 -9999 -9999 -9999 -9999 6.35161899914965 14.8436946907081 15.2537969951518 15.2946765385568 14.2083803676069 13.8149996912107 -9999 -9999 9.22999979369342 6.59499985259026 9.80179682327269 14.2636036104523 14.4235358592123 14.5397198246792 14.4701528823934 14.5002746512182 14.1796929687262 13.6109652859159 13.5069734649733 13.9903561361134 13.8354441821575 13.6346323899925 13.6432386096567 13.617419950664 13.5026703551412 13.9824671014212 13.6597338640131 13.6532791992649 13.8225348526612 13.6826837831177 13.7967161936685 13.9286782285199 13.8526566214859 13.8978392747231 13.9509109626524 13.9473250377923 14.1101260264404 14.2614520555362 14.3288674429059 14.1997741479427 13.9559312574565 14.054185598623 13.9279610435478 13.9272438585758 14.0226294598542 14.012588870246 13.9415875580162 13.9774468066171 13.9107486042194 13.9121829741634 13.9250923036598
-9999 -9999 -9999 -9999 -9999 -9999 -9999 -9999 -9999 -9999 -9999 -9999 -9999 -9999 -9999 -9999 -9999 -9999 -9999 -9999 -9999 -9999 -9999 -9999 -9999 13.0048336484111 14.3482314371504 13.8282723324373 13.8261207775213 13.8605456561781 13.8863643151708 14.1129947663285 13.9580828123726 13.6697744536214 13.6052278061397 13.577257592231 13.6453901645727 13.6590166790411 13.9688405869529 13.9200720088556 13.8899502400309 13.7572710202076 13.8978392747231 13.9322641533799 14.0857417373918 14.0735495928675 13.8971220897511 13.9788811765611 13.9200720088556 14.3704641712829 14.3482314371504 13.9537797025405 13.9925076910295 14.2664723503403 14.0369731592946 14.1402477952652 14.0398418991826 13.975295251701 13.9229407487437 13.9430219279602 13.9573656274006 13.9537797025405
-9999 -9999 -9999 -9999 -9999 -9999 -9999 -9999 -9999 -9999 -9999 -9999 -9999 -9999 -9999 -9999 -9999 -9999 -9999 -9999 -9999 -9999 -9999 -9999 -9999 10.6396679468453 14.3987212591805 14.2019257028587 13.7400585808791 13.8031708584167 13.8784752804786 13.9322641533799 13.7694631647319 13.9903561361134 13.8849299452268 13.9078798643313 13.9028595695272 13.8196661127731 13.7694631647319 13.935132893268 14.0025482806377 13.7572710202076 13.9401531880721 13.9430219279602 13.9451734828763 13.8842127602547 13.8626972110942 13.9193548238836 14.3769188360311 13.9229407487437 13.9587999973446 13.9573656274006 13.9817499164492 13.9989623557776 14.1065401015803 14.0735495928675 13.7895443439484 14.0448621939868 14.0993682518601 14.0563371535391 14.0505996737629 14.0204779049382
-9999 -9999 -9999 -9999 -9999 -9999 -9999 -9999 -9999 -9999 -9999 -9999 -9999 -9999 -9999 -9999 -9999 -9999 -9999 -9999 -9999 -9999 -9999 -9999 -9999 -9999 -9999 14.213221366168 13.1275826147757 13.7450788756832 13.020004868973 13.7924130838364 13.4725485863164 13.7085024421103 13.8469191417098 13.8124942630529 13.9810327314772 13.9860530262813 13.9494765927084 13.9946592459455 13.9810327314772 13.974578066729 13.9143345290795 13.9839014713652 14.0498824887909 13.9595171823166 13.9989623557776 14.5124667957425 14.3066347087733 14.2012085178867 14.4450514083728 14.1882991883904 14.1144291362725 14.0864589223638 14.1216009859927 14.0964995119721 14.173238303978 14.2047944427468 14.0900448472239 14.0800042576157 14.0757011477835 14.2657551653683
