EcologicalScience/Bass/data/rs_data_bass/sst_216.asc
NCOLS 226 
NROWS 124 
XLLCORNER -9.41648524995501 
YLLCORNER 47.587301625531 
CELLSIZE 0.0833 
NODATA_value -9999 
[rows 54 to 80 of 124, columns 0 to 61 of 226]
-9999 -9999 -9999 -9999 -9999 -9999 -9999 -9999 -9999 -9999 -9999 -9999 -9999 -9999 -9999 -9999 -9999 -9999 -9999 -9999 -9999 -9999 -9999 -9999 -9999 -9999 -9999 -9999 -9999 -9999 -9999 -9999 -9999 -9999 -9999 -9999 -9999 -9999 14.0706033194689 14.5239417552948 14.9655842610635 14.172521119006 14.2664723503403 14.6774193393067 14.9191106748767 14.9427777789533 14.9506668136455 14.9757682876661 15.2253486579284 14.7548753162846 14.5239417552948 14.5447401194833 14.691045853775 14.9040497904643 15.0044556865469 15.1242255768739 15.0984069178812 14.9858088772744 15.2866167455379 11.8099339331223 -9999 13.8976167000766
-9999 -9999 -9999 -9999 -9999 -9999 -9999 -9999 -9999 -9999 -9999 -9999 -9999 -9999 -9999 -9999 -9999 -9999 -9999 -9999 -9999 -9999 -9999 -9999 -9999 -9999 -9999 -9999 -9999 -9999 -9999 -9999 -9999 -9999 -9999 -9999 -9999 -9999 13.1899997051805 15.2644352389034 14.9617831807118 14.372615726199 14.2707754601724 14.4651325875893 14.6838740040548 14.7520065763965 14.7276222873479 14.8215735186823 14.850978102535 14.5232245703228 14.3869594256394 14.7075411081314 14.6759849693626 14.5920743276365 15.0460524149239 15.1550645306706 15.130680241622 15.3781090569682 6.06688246865486 13.6649996945634 -9999 15.5349996527657
-9999 -9999 -9999 -9999 -9999 -9999 -9999 -9999 -9999 -9999 -9999 -9999 -9999 -9999 -9999 -9999 -9999 -9999 -9999 -9999 -9999 -9999 -9999 -9999 -9999 -9999 -9999 -9999 -9999 -9999 -9999 -9999 -9999 -9999 -9999 -9999 -9999 -9999 -9999 14.810277855373 14.9574800708797 14.569841593504 14.452223258093 14.4192327493802 14.5526291541755 14.5533463391475 14.5626697437838 14.3876766106114 14.2779473098926 14.4357280037366 14.4565263679251 14.5225073853508 14.8423718828708 15.0001525767148 15.0453352299519 15.0675679640844 14.8466749927029 14.8022095244378 14.850260917563 6.15737315905602 -9999 -9999
-9999 -9999 -9999 -9999 -9999 -9999 -9999 -9999 -9999 -9999 -9999 -9999 -9999 -9999 -9999 -9999 -9999 -9999 -9999 -9999 -9999 -9999 -9999 -9999 -9999 -9999 -9999 -9999 -9999 -9999 -9999 -9999 -9999 -9999 -9999 -9999 -9999 -9999 -9999 13.8199996910989 14.9434949639253 14.3052003388293 14.3977172002196 14.4443342234008 14.5849024779163 14.5081636859104 14.4565263679251 14.4457685933448 14.5052949460223 14.5124667957425 14.6257820213214 14.8968779407442 15.1816003746353 14.9858088772744 15.0274056056514 14.929151264485 15.2196111781523 14.9936979119666 15.0008697616868 15.089800698217 14.9607074032538 -9999
-9999 -9999 -9999 -9999 -9999 -9999 -9999 -9999 -9999 -9999 -9999 -9999 -9999 -9999 -9999 -9999 -9999 -9999 -9999 -9999 -9999 -9999 -9999 -9999 -9999 -9999 -9999 -9999 -9999 -9999 -9999 -9999 -9999 -9999 -9999 -9999 -9999 -9999 -9999 -9999 14.3898281655274 14.4048890499398 14.3216955931857 14.4966887263581 14.4966887263581 14.3417767724022 14.4479201482609 14.4680013274774 14.5182042755187 14.5425885645673 14.491668431554 14.7598956110887 14.970747992862 14.9477980737574 15.0768913687207 15.0733054438606 15.3038804123644 15.3232444066089 15.0439008600079 15.1113162473775 14.97003080789 10.8499997574836
-9999 -9999 -9999 -9999 -9999 -9999 -9999 -9999 -9999 -9999 -9999 -9999 -9999 -9999 -9999 -9999 -9999 -9999 -9999 -9999 -9999 -9999 -9999 -9999 -9999 -9999 -9999 -9999 -9999 -9999 -9999 -9999 -9999 -9999 -9999 -9999 -9999 -9999 -9999 -9999 14.5447401194833 14.5246589402668 14.4644154026173 14.5167699055746 14.5863368478604 14.531113605015 14.411343714688 14.3159581134096 14.452940443065 14.533265159931 14.5239417552948 14.5210730154067 14.7742393105291 15.1070131375454 15.2171010307502 14.891140460968 15.210287773516 15.4519791090861 15.4756462131627 15.4534134790301 -9999 -9999
-9999 -9999 -9999 -9999 -9999 -9999 -9999 -9999 -9999 -9999 -9999 -9999 -9999 -9999 -9999 -9999 -9999 -9999 -9999 -9999 -9999 -9999 -9999 -9999 -9999 -9999 -9999 -9999 -9999 -9999 -9999 -9999 -9999 -9999 -9999 -9999 -9999 -9999 -9999 14.4801934720017 14.5210730154067 14.5662556686439 14.4400311135687 14.4952543564141 14.6322366860695 14.3403424024582 14.2263099919073 14.2270271768793 14.3360392926261 14.2772301249206 14.372615726199 14.4328592638485 14.8043610793538 14.9413434090093 15.1550645306706 15.0309915305115 15.0152134611271 14.7999996691942 10.8627337686892 15.4046449009329 15.8704565402586 15.5523850051686
-9999 -9999 -9999 -9999 -9999 -9999 -9999 -9999 -9999 -9999 -9999 -9999 -9999 -9999 -9999 -9999 -9999 -9999 -9999 -9999 -9999 -9999 -9999 -9999 -9999 -9999 -9999 -9999 -9999 -9999 -9999 -9999 -9999 -9999 -9999 -9999 -9999 -9999 -9999 14.5504775992595 14.572710333392 14.4687185124494 14.4837793968618 14.3281502579339 14.5246589402668 14.4658497725613 14.2887050844729 14.8857615736779 14.9262825245969 14.2499770959839 14.3432111423463 14.4615466627292 14.6888942988589 15.0725882588886 15.0392391576897 15.1952268891037 15.170125415083 15.1127506173216 16.0580004104413 15.3623309875838 15.1098818774335 15.9210180807859
-9999 -9999 -9999 -9999 -9999 -9999 -9999 -9999 -9999 -9999 -9999 -9999 -9999 -9999 -9999 -9999 -9999 -9999 -9999 -9999 -9999 -9999 -9999 -9999 -9999 -9999 -9999 -9999 -9999 -9999 -9999 -9999 -9999 -9999 -9999 -9999 -9999 -9999 15.0572405004874 14.4758903621696 14.2220068820752 14.3618579516187 14.2098147375509 14.8732108366676 14.6551866051741 14.4816278419457 14.4070406048559 14.3697469863109 14.690328668803 14.2736442000605 14.2385021364316 14.690328668803 14.6365397959016 14.7591784261167 15.2335962851066 15.088724920759 15.0948209930211 15.1199224670418 15.3544419528916 15.7618030169979 15.8650776529685 15.6327097220346
-9999 -9999 -9999 -9999 -9999 -9999 -9999 -9999 -9999 -9999 -9999 -9999 -9999 -9999 -9999 -9999 -9999 -9999 -9999 -9999 -9999 -9999 -9999 -9999 -9999 -9999 -9999 -9999 -9999 -9999 -9999 -9999 -9999 -9999 -9999 -9999 -9999 -9999 14.5655384836718 14.5002746512182 14.3654438764788 14.8879131285939 14.729773842264 14.8603015071712 14.8599429146852 14.4550919979811 14.4723044373095 14.4041718649678 14.372615726199 14.2736442000605 14.8369929955807 14.9219794147648 15.1149021722376 15.3996246061288 15.3623309875838 15.2038331087679 15.1443067560904 15.2325205076486 15.3479872881435 15.4326151148416 15.4232917102054 15.4290291899815
-9999 -9999 -9999 -9999 -9999 -9999 -9999 -9999 -9999 -9999 -9999 -9999 -9999 -9999 -9999 -9999 -9999 -9999 -9999 -9999 -9999 -9999 -9999 -9999 -9999 -9999 -9999 -9999 -9999 -9999 -9999 -9999 -9999 -9999 -9999 -9999 -9999 14.4701528823934 14.4715872523375 14.4357280037366 15.0711538889445 14.7903759723995 14.9198278598487 14.5899227727205 14.9234137847088 14.6652271947823 14.493102801498 14.410626529716 14.2980284891091 14.1646320843138 14.0348216043785 14.0749839628115 14.291573824361 14.4048890499398 15.2378993949387 15.2396923573688 15.2404095423408 15.2762687909417 15.3458357332274 15.1772972648032 15.3200170742348 15.4792321380228
-9999 -9999 -9999 -9999 -9999 -9999 -9999 -9999 -9999 -9999 -9999 -9999 -9999 -9999 -9999 -9999 -9999 -9999 -9999 -9999 -9999 -9999 -9999 -9999 -9999 -9999 -9999 -9999 -9999 -9999 -9999 -9999 -9999 -9999 -9999 -9999 -9999 14.3568376568146 14.3561204718426 14.1036713616922 14.134510315489 14.2033600728028 14.1897335583344 14.2098147375509 14.730491027236 14.9158833425026 14.569841593504 14.3597063967027 14.1904507433064 13.8734549856745 14.1517227548175 14.3948484603316 14.1302072056569 14.1588946045376 15.2949156002142 15.1127506173216 15.3788262419403 15.5394756756723 15.646336236503 15.6162144676782 16.4728919167537 16.1702398585621
-9999 -9999 -9999 -9999 -9999 -9999 -9999 -9999 -9999 -9999 -9999 -9999 -9999 -9999 -9999 -9999 -9999 -9999 -9999 -9999 -9999 -9999 -9999 -9999 -9999 -9999 -9999 -9999 -9999 -9999 -9999 -9999 -9999 -9999 -9999 7.71244001866721 15.1298913381528 15.2350306550507 14.1151463212445 14.3274330729619 14.0298013095744 14.5798821831122 13.9516281476244 14.0032654656097 13.814645817969 14.7243949549738 14.6092867669649 14.2973113041371 14.332453367766 14.2621692405082 14.1631977143697 14.292291009333 14.3611407666467 14.2600176855922 14.9105044552125 15.3608966176398 15.3379466985352 15.4211401552893 15.7316812481731 15.5774864791892 15.4132511205971 16.2903683413751
-9999 -9999 -9999 -9999 -9999 -9999 -9999 -9999 -9999 -9999 -9999 -9999 -9999 -9999 -9999 -9999 -9999 -9999 -9999 -9999 -9999 -9999 -9999 -9999 -9999 -9999 -9999 -9999 -9999 -9999 -9999 -9999 -9999 -9999 -9999 15.3096055268824 15.3598208401818 14.8158360389061 14.6634342323523 14.5002746512182 14.5468916743994 14.6472975704819 14.5877712178044 14.1502883848734 14.7071825156454 14.4099093447439 14.3948484603316 14.5956602524966 14.4651325875893 14.3683126163669 14.3173924833536 14.3252815180458 14.5139011656865 14.6695303046145 15.048921154812 15.3013702649623 15.049638339784 15.367351282388 15.4950102074072 15.4785149530508 16.1856593354605 16.0178380520083
-9999 -9999 -9999 -9999 -9999 -9999 -9999 -9999 -9999 -9999 -9999 -9999 -9999 -9999 -9999 -9999 -9999 -9999 -9999 -9999 -9999 -9999 -9999 -9999 -9999 -9999 -9999 -9999 6.50740759859226 9.21439492798067 12.7594820278182 14.3005386365112 14.3532517319545 11.9617135757917 14.5927915126085 14.4878560272291 14.5651798911858 14.532906567445 14.4411068910267 14.413495269604 14.5264519026969 14.5142597581726 14.573427518364 14.6853083739989 14.5052949460223 14.689611483831 14.6408429057337 14.6555451976601 14.6472975704819 14.5827509230003 14.4479201482609 14.334604922682 14.6989348884672 14.8588671372272 14.9564042934217 15.1084475074895 15.210287773516 15.6176488376223 16.0623035202734 16.0580004104413 16.1221884654369 16.0723441098817
-9999 -9999 -9999 -9999 -9999 -9999 -9999 -9999 -9999 -9999 -9999 -9999 -9999 -9999 -9999 -9999 -9999 -9999 -9999 -9999 -9999 -9999 12.3264218023978 14.1513641623314 14.6336710560136 14.0176091650501 14.0678121130913 14.4371623736806 14.1574602345936 14.294801156735 14.4819864344317 14.6444288305938 14.2553559832741 14.3277916654479 14.3532517319545 14.2973113041371 14.3962828302756 14.3948484603316 14.3030487839133 14.2797402723227 14.4873653217219 14.6741920069326 14.7455519116484 14.7828455301933 14.8430890678428 14.8452406227589 14.928434079513 14.7096926630475 14.8649632094894 14.490951246582 14.6365397959016 14.7161473277956 14.5770134432241 14.7971892296337 14.9076357153244 14.6802880791947 15.3451185482554 15.6348612769507 15.5476037720218 14.1449996838346 -9999 -9999
-9999 -9999 -9999 -9999 -9999 -9999 -9999 -9999 -9999 -9999 -9999 -9999 -9999 -9999 -9999 -9999 -9999 -9999 -9999 -9999 -9999 11.311957139615 14.5827509230003 14.3188268532977 14.3202612232417 14.7082582931034 14.4984816887882 14.253563020844 13.4302346729673 14.3822977233212 14.2722098301165 14.2564317607321 14.213042069925 14.1861476334743 14.2417294688057 14.2413708763197 14.2682653127704 14.6426358681638 14.4224600817543 14.5095980558544 14.7993407845497 15.0198751634452 15.0198751634452 15.1138263947796 15.3748817245942 15.3555177303497 14.1997741479427 15.1564989006147 15.0603961143643 14.8689077268355 14.7419659867883 14.7226019925438 14.772087755613 14.9097872702405 15.3605380251538 15.3899426090065 15.3049996579066 -9999 -9999 -9999 -9999 -9999
-9999 -9999 -9999 -9999 -9999 -9999 -9999 -9999 -9999 -9999 -9999 -9999 -9999 -9999 -9999 -9999 -9999 6.88018432352692 15.1155297090882 14.9026951077394 14.1474196449853 14.0516754512209 14.2643207954243 14.5892055877484 14.5196386454627 14.5375682697631 14.610721136909 14.6064180270769 14.3805047608912 14.1624805293977 14.3363978851121 14.5888469952624 14.4712286598515 14.3453626972623 14.3123721885495 14.3977172002196 14.1897335583344 13.5951872165315 14.9169591199607 14.5949430675246 15.2759101984557 15.2608493140433 15.1471754959784 15.4803079154808 15.3838465367444 15.4426557044499 14.3848078707233 14.1251869108528 15.1927167417016 15.0596789293922 15.0187993859872 14.9750511026941 13.634999695234 -9999 -9999 -9999 -9999 -9999 -9999 -9999 -9999 -9999
-9999 -9999 -9999 -9999 -9999 -9999 -9999 -9999 -9999 -9999 -9999 -9999 -9999 6.26096166431243 -9999 -9999 8.07499981950969 14.4651325875893 14.5626697437838 14.5630283362698 14.1226767634507 14.1933194831945 14.2449568011798 14.6591311225202 12.4484084462747 12.2899105674587 14.6781365242787 14.6218375039753 14.5243003477808 14.6609240849502 14.6322366860695 14.5221487928648 14.8660389869474 14.6003219548147 14.3858836481813 14.412419492146 14.8750037990976 14.8607796304859 15.2249900654424 15.1353419439401 14.054902783595 13.9451734828763 15.3594622476958 15.4648884385824 15.1873378544115 15.131038834108 15.12817009422 15.3121280395426 15.5183187189978 15.4699087333865 16.2272560638376 14.0799996852875 -9999 -9999 -9999 -9999 -9999 -9999 -9999 -9999 -9999 -9999
-9999 -9999 -9999 -9999 -9999 -9999 -9999 -9999 -9999 -9999 -9999 -9999 -9999 14.2497815000825 14.300466918014 14.1147877287585 14.1664250467438 14.6982177034952 14.2417294688057 13.6747947484255 14.0097201303579 14.2779473098926 13.9842600638513 13.7056337022223 12.5308847180568 13.1031983257271 14.9266411170829 14.9657276980579 14.8656803944614 14.7365870994981 14.7168645127676 14.89185764594 14.8301797383465 14.9334543743171 14.7659916833509 14.9560457009356 15.1249427618459 15.0259712357074 15.2468642070889 15.3842051292304 14.4974059113301 14.6135898767971 15.5323038259521 15.4656056235544 15.2389751723967 15.1837519295514 15.3085421146825 15.4537720715161 15.4376354096457 15.5100710918196 15.3149967794307 15.5100710918196 13.8799996897578 -9999 -9999 -9999 -9999 -9999 -9999 19.7953844911219 19.3499995674938 -9999
-9999 -9999 -9999 -9999 -9999 -9999 -9999 -9999 -9999 -9999 17.3337040434467 14.6573381600901 14.7663502758369 14.1631977143697 14.4378795586526 14.5583666339517 14.7860728625674 14.5361338998191 14.6691717121284 14.1847132635303 14.3898281655274 14.3001800440252 14.3001800440252 12.5502487123013 12.8141727820039 14.5540635241196 15.1084475074895 15.0137790911831 15.0958967704792 15.087649143301 15.0794015161227 14.929509856971 15.0073244264349 14.9628589581698 14.9958494668826 15.1364177213982 15.2371822099667 15.1572160855867 15.1812417821493 15.6011535832658 15.7080141440965 15.8657948379405 15.526924938662 15.4910656900611 15.5251319762319 15.5649357421789 14.9183934899047 14.9069185303524 15.4706259183586 16.21984515246 15.6667760082055 14.5761169620091 7.72511197939298 -9999 -9999 -9999 16.1219602702186 16.5883586972486 15.3200170742348 15.4268776350655 17.1829050390515 17.7899996023625
-9999 -9999 -9999 -9999 -9999 -9999 -9999 18.6644598927206 13.5249509016052 14.2037186652888 14.3751258736011 14.3959242377896 14.7408902093302 14.4862895442639 11.9069337924011 12.3573259548284 12.2468794691376 12.5165410186164 14.0025482806377 14.1675008242019 13.5779747772031 12.3903164635412 12.8679616549052 14.0484481188469 12.5036316891201 15.0998412878253 12.1177861741744 14.1875820034184 15.0471281923819 15.1209982444998 15.1138263947796 14.7197332526557 14.8567155823112 15.3433255858254 15.4329737073276 15.407513640821 15.4240088951774 15.367709874874 14.3152409284376 14.4378795586526 14.8574327672832 15.9339274102822 15.6158558751922 15.6983321469743 15.7169789562467 15.885158832185 14.9348887442611 16.2659840523265 14.9399090390652 15.5351725658402 15.249732946977 16.1882890136912 15.7797326412983 11.9050029097841 16.4275897326879 16.3681829108391 15.568880259525 15.7524796123616 15.7531967973337 15.8894619420171 16.404759344412 15.162677724989
-9999 -9999 -9999 -9999 -9999 14.8742866141256 11.7147282199003 14.4328592638485 14.3041245613713 14.6239890588913 14.6376155733597 14.6684545271564 15.0026627241168 14.1302072056569 13.3879207596183 13.3047273028642 13.9150517140515 13.1799371177331 13.4747001412325 13.0630359672941 12.8815881693736 15.0811944785528 15.1235083919019 13.9150517140515 13.3111819676124 14.7649159058928 14.6996520734392 14.6408429057337 14.2248756219633 14.9585558483377 15.0446180449799 15.1425137936603 15.2633594614454 15.3128452245146 14.1459852750413 14.1897335583344 15.5466475253925 15.1385692763142 14.332453367766 14.5985289923847 15.0252540507354 15.1149021722376 15.7123172539286 15.087649143301 14.8402203279547 15.0661335941404 15.0991241028532 15.0589617444202 15.1995299989358 16.511500374414 16.3613696536049 16.3377025495283 15.7696920516901 15.7130344389006 15.4347666697577 15.9489882946946 15.9934537629597 15.6535080862232 15.7782982713543 15.9188665258698 16.4710989543237 16.3427228443325
-9999 -9999 -9999 -9999 -9999 14.8169118163642 14.7968306371477 14.8161946313921 14.6390499433037 14.8767967615277 14.8334070707206 14.8194219637662 13.7128055519424 13.7952818237245 14.8606600996573 13.2014526668936 13.1118045453914 12.8536179554649 13.1555528286844 13.1232795049436 12.3078401917592 14.0197607199661 14.0441450090148 14.1682180091739 14.41206089966 12.5330362729728 14.732642582152 14.8613772846293 15.207777626114 15.2963499701582 15.1805245971773 15.1267357242759 15.1855448919814 14.2851191596128 14.3102206336334 15.2357478400227 15.2543946492951 14.9373988916632 15.1048615826294 15.7083727365825 15.6535080862232 15.5699560369831 14.8603015071712 14.9564042934217 14.8222907036543 15.1199224670418 15.1371349063702 14.9528183685616 16.5377971567214 16.6281624631956 15.366634097416 16.6288796481676 15.5574052999727 15.7194891036488 16.0938596590422 16.0178380520083 15.9690694739111 15.9977568727918 15.7969450806268 15.8098544101231 16.3552735813428 16.0673238150775
-9999 -9999 -9999 -9999 -9999 14.6268577987794 14.6229132814333 13.1698965281248 14.6551866051741 13.4101534937508 13.4625079967082 13.6446729796007 14.8387859580107 14.8036438943818 13.7500991704874 13.9552140724845 12.2038483708166 12.6355937239714 12.4039429780096 12.5100863538682 13.1698965281248 12.4720755503513 14.1782585987821 14.5626697437838 13.3606677306816 12.5911282557063 12.4548631110229 15.248298577033 15.3332849962171 15.4788735455368 15.4623782911804 15.4272362275515 15.566011519637 15.6237449098844 14.5002746512182 14.6028321022168 14.8007751544937 14.8638874320313 14.7376628769562 12.8550523254089 13.0214392389171 12.9862971752882 14.8136844839901 14.888988906052 15.7040696267504 15.1098818774335 15.1127506173216 16.3714102432132 16.4072694918141 16.2411216399632 16.5528580411337 15.5423444155604 16.550945547875 15.5351725658402 15.5531021901406 16.0264442716725 16.0128177572042 16.0400707861409 16.0436567110009 16.1096377284266 16.1878108903766 16.5695923571475
-9999 -9999 -9999 -9999 -9999 13.3047273028642 13.1914120772853 13.3283944069408 13.4123050486669 13.7049165172502 13.4302346729673 14.7007278508972 14.6612826774362 11.9650257751346 14.7505722064525 14.8707006892655 14.8040024868678 13.5951872165315 13.8404644769616 13.256675909739 14.015457610134 14.1158635062166 14.1373790553771 14.6021149172448 13.9229407487437 12.5703298915178 15.0352946403436 15.1113162473775 15.3515732130036 15.3598208401818 15.7133930313867 15.369144244818 15.7141102163587 15.6323511295486 15.6176488376223 14.8732108366676 14.7649159058928 14.9047669754364 14.8265938134864 14.7240363624878 13.3427381063811 14.7742393105291 15.0023041316308 15.1529129757546 14.9642933281139 15.0525070796721 15.4407432111911 16.1345001407899 16.2174545358866 16.2765027652495 15.087649143301 16.3955554706044 16.5499893012457 15.4440900743939 16.0752128497697 16.0594347803853 16.046525450889 15.967635103967 15.8285012193955 16.0271614566445 15.9188665258698 16.1799218556844
-9999 -9999 -9999 -9999 -9999 13.3413037364371 13.5213171644136 13.7242805114947 13.8289895174094 13.13618883444 13.972426511813 14.0964995119721 14.6003219548147 14.1796929687262 14.1854304485023 14.3747672811151 14.8778725389857 13.9516281476244 14.0090029453859 14.0649433732033 14.3023315989412 14.2492599110119 14.2887050844729 14.2894222694449 14.4464857783169 13.2244025859982 14.5289620500989 15.4110995656811 14.9836573223583 15.1812417821493 15.7578584996518 15.6187246150803 15.4856868027709 15.3967558662407 15.6413159416988 15.9425336299464 15.9023712715134 15.5509506352246 15.7047868117224 14.7799767903052 14.6551866051741 13.9602343672886 15.569597444497 14.0470137489028 16.0942182515282 16.1465727544855 15.8925697435625 15.833043390885 16.1486047785729 16.1734671909362 16.4115726016462 16.2363404068165 16.1598406764679 16.1910382227506 15.287743750494 15.2913296753541 15.4648884385824 15.9317758553661 16.0522629306652 15.926755560562 15.964766364079 15.9776756935753
