EcologicalScience/Bass/data/rs_data_bass/sst_492.asc
NCOLS 226 
NROWS 124 
XLLCORNER -9.41648524995501 
YLLCORNER 47.587301625531 
CELLSIZE 0.0833 
NODATA_value -9999 
[rows 0 to 26 of 124, columns 0 to 61 of 226]
-9999.000000000000000 -9999 -9999 -9999 -9999 -9999 -9999 -9999 -9999 -9999 -9999 -9999 -9999 -9999 -9999 -9999 -9999 -9999 -9999 -9999 -9999 -9999 -9999 -9999 -9999 -9999 -9999 -9999 -9999 -9999 -9999 -9999 -9999 -9999 -9999 -9999 -9999 -9999 -9999 -9999 -9999 -9999 -9999 -9999 -9999 -9999 -9999 -9999 -9999 -9999 -9999 -9999 -9999 -9999 -9999 -9999 -9999 -9999 -9999 -9999 -9999 -9999
-9999 -9999 -9999 -9999 -9999 -9999 -9999 -9999 -9999 -9999 -9999 -9999 -9999 -9999 -9999 -9999 -9999 -9999 -9999 -9999 -9999 -9999 -9999 -9999 -9999 -9999 -9999 -9999 -9999 -9999 -9999 -9999 -9999 -9999 -9999 -9999 -9999 -9999 -9999 -9999 -9999 -9999 -9999 -9999 -9999 -9999 -9999 -9999 -9999 -9999 -9999 -9999 -9999 -9999 -9999 -9999 -9999 -9999 -9999 -9999 -9999 -9999
-9999 -9999 -9999 -9999 -9999 -9999 -9999 -9999 -9999 -9999 -9999 -9999 -9999 -9999 -9999 -9999 -9999 -9999 -9999 -9999 -9999 -9999 -9999 -9999 -9999 -9999 -9999 -9999 -9999 -9999 -9999 -9999 -9999 -9999 -9999 -9999 -9999 -9999 -9999 -9999 -9999 -9999 -9999 -9999 -9999 -9999 -9999 -9999 -9999 -9999 -9999 -9999 -9999 -9999 -9999 -9999 -9999 -9999 -9999 -9999 -9999 -9999
-9999 -9999 -9999 -9999 -9999 -9999 -9999 -9999 -9999 -9999 -9999 -9999 -9999 -9999 -9999 -9999 -9999 -9999 -9999 -9999 -9999 -9999 -9999 -9999 -9999 -9999 -9999 -9999 -9999 -9999 -9999 -9999 -9999 -9999 -9999 -9999 -9999 -9999 -9999 -9999 -9999 -9999 -9999 -9999 -9999 -9999 -9999 -9999 -9999 -9999 -9999 -9999 -9999 -9999 -9999 -9999 -9999 -9999 -9999 -9999 -9999 -9999
-9999 -9999 -9999 -9999 -9999 -9999 -9999 -9999 -9999 -9999 -9999 -9999 -9999 -9999 -9999 -9999 -9999 -9999 -9999 -9999 -9999 -9999 -9999 -9999 -9999 -9999 -9999 -9999 -9999 -9999 -9999 -9999 -9999 -9999 -9999 -9999 -9999 -9999 -9999 -9999 -9999 -9999 -9999 -9999 -9999 -9999 -9999 -9999 -9999 -9999 -9999 -9999 -9999 -9999 -9999 -9999 -9999 -9999 -9999 -9999 -9999 -9999
-9999 -9999 -9999 -9999 -9999 13.9580828123726 13.8003021185286 13.7515335404314 13.7952818237245 13.8985564596951 14.0577715234831 14.173238303978 14.2012085178867 14.4299905239604 14.1839960785583 14.4550919979811 14.4185155644082 13.7881099740043 13.5091250198893 14.0620746333152 13.6862697079778 14.5425885645673 14.49381998647 14.6666615647264 10.6590971397236 10.8299997579306 10.9139513550326 13.6697744536214 13.2853633086197 13.0867030713707 12.9059724584222 13.2332089503057 13.2799997031689 -9999 12.3249997245148 -9999 -9999 12.2299997266382 12.5849997187033 12.6348765389994 12.939680152107 12.8823053543456 12.9549997104332 -9999 -9999 -9999 -9999 -9999 -9999 -9999 -9999 -9999 -9999 -9999 -9999 -9999 -9999 -9999 -9999 -9999 -9999 -9999
-9999 -9999 -9999 -9999 -9999 14.0183263500221 13.9781639915891 13.8038880433887 13.9437391129322 13.9286782285199 13.8670003209263 13.8813440203667 13.9860530262813 14.1911679282784 14.2191381421871 14.5999633623287 14.7749564955011 14.8767967615277 14.2385021364316 14.1997741479427 13.734321101103 13.7916958988644 13.9129001591355 13.6088137309998 13.904999689199 11.8517657176305 14.6259869313134 13.9197134163696 14.8352000331506 12.7926572328433 11.901913497597 13.2290642883163 13.4098845493863 13.0799338518103 13.355584524915 13.4999996982515 12.0099997315556 -9999 -9999 10.835234043215 12.6799997165799 12.899517793674 13.0149845741689 12.0857369707373 12.8492375021554 -9999 -9999 -9999 -9999 -9999 -9999 -9999 -9999 -9999 -9999 -9999 -9999 -9999 -9999 -9999 -9999 -9999
-9999 -9999 -9999 -9999 -9999 13.8031708584167 13.693441557698 13.9530625175685 14.1036713616922 14.1954710381106 14.1438337201253 14.0850245524198 14.1696523791179 14.1875820034184 14.1646320843138 14.2385021364316 14.3568376568146 14.0900448472239 14.1072572865523 13.4288003030233 13.7680287947878 14.2377849514596 14.0470137489028 13.5507217482664 13.344999701716 11.9317962047644 12.7252418454736 13.7974333786406 13.3850520197302 12.938245782163 12.7467573946342 13.1182592101395 13.7916958988644 13.9903561361134 13.7300179912709 13.614999695681 -9999 12.3099997248501 12.0549997305498 -9999 11.8399997353554 12.1238822464366 13.1347544644959 13.2387462854385 11.0749997524545 6.09499986376613 -9999 -9999 -9999 -9999 -9999 -9999 -9999 -9999 -9999 -9999 -9999 -9999 -9999 -9999 -9999 -9999
-9999 -9999 -9999 -9999 -9999 13.655430754181 13.8684346908703 13.9179204539396 14.0986510668881 14.0878932923079 14.0850245524198 14.1416821652092 14.1524399397895 14.2284615468234 14.3539689169265 14.3625751365907 13.9387188181281 13.9186376389116 13.6396526847966 13.974578066729 13.8440504018217 13.8820612053387 13.458204886876 10.881710245274 10.8549997573718 14.0082857604139 13.5442670835182 13.6733603784814 13.3341318867169 12.8643757300451 13.0063783545047 12.9439832619391 12.9145786780864 13.2466353201307 13.4223456382751 13.7472304305993 14.6105776999146 14.8049996690825 -9999 -9999 -9999 -9999 -9999 12.8499997127801 12.7455777258952 -9999 9.33499979134649 -9999 -9999 -9999 -9999 -9999 -9999 -9999 -9999 -9999 -9999 -9999 -9999 -9999 -9999 -9999
-9999 -9999 -9999 -9999 -9999 13.7881099740043 13.7321695461869 13.9781639915891 13.9939420609735 13.9896389511414 13.7773521994241 14.0197607199661 14.0046998355538 14.1789757837541 14.2083803676069 13.8218176676892 13.8713034307584 13.6317636501044 14.0003967257217 14.211249107495 14.2628864254802 13.9301125984639 13.9903561361134 13.6912900027819 13.4001129041426 13.0809655915946 12.898800608702 13.0709250019863 12.8127384120598 13.0931577361189 12.939680152107 13.059450042434 13.016418944113 13.0680562620983 13.1275826147757 13.3943754243664 14.0663777431473 14.0699636680074 14.4866481367499 14.7018036283553 14.6549475435168 13.3149997023866 13.0957191110189 15.4810251004528 12.5479667601176 11.9799997322261 12.0949997296557 -9999 -9999 -9999 -9999 -9999 -9999 -9999 -9999 -9999 -9999 -9999 -9999 -9999 -9999 -9999
-9999 -9999 -9999 -9999 -9999 13.6618854189292 13.7895443439484 13.8117770780809 13.9272438585758 13.7615741300397 13.535660863854 13.8626972110942 14.0771355177276 14.1402477952652 14.0893276622519 13.8512222515419 14.1015198067762 13.9996795407496 14.0656605581753 14.0972166969441 14.1854304485023 14.1904507433064 14.4636982176453 13.6884212628938 13.7199774016626 13.1505325338803 13.77591782948 13.2746055340394 13.9050111244433 13.337717811577 13.2043214067817 13.3413037364371 13.2308572507463 13.4338205978274 13.1182592101395 13.0752281118184 13.1713308980688 13.8254035925493 13.8827783903107 13.2423322102986 13.9552140724845 13.8297067023814 14.5569322640076 12.9762071246474 13.0399997085333 12.039999730885 -9999 -9999 -9999 -9999 -9999 -9999 -9999 -9999 -9999 -9999 -9999 -9999 -9999 -9999 -9999 -9999
-9999 -9999 -9999 -9999 -9999 13.7249976964667 13.7838068641722 13.8124942630529 13.8605456561781 13.816080187913 13.8856471301988 13.8261207775213 13.9279610435478 13.9136173441075 13.9846186563373 13.9638202921487 13.9767296216451 13.9996795407496 13.9709921418689 14.0290841246024 13.976012436673 13.8096255231649 13.6697744536214 14.4056062349118 13.3291115919128 13.6439557946287 13.8383129220456 13.7278664363548 13.5672170026228 13.5837122569792 14.5906399576925 14.3611407666467 14.2829676046968 13.7823724942282 13.2652821294032 13.3398693664931 13.3900723145343 14.0599230783992 13.8648487660103 13.6719260085374 14.6042664721608 14.3661610614508 16.2698568511754 15.1099996622652 -9999 -9999 12.2549997260794 -9999 -9999 -9999 -9999 -9999 -9999 -9999 -9999 -9999 -9999 -9999 -9999 -9999 -9999 -9999
-9999 -9999 -9999 -9999 -9999 13.7565538352355 13.8368785521016 13.7694631647319 13.8340098122135 13.9415875580162 13.93585007824 14.01402324019 13.9652546620928 13.9853358413093 14.1194494310766 13.9494765927084 14.0592058934271 13.972426511813 13.7608569450676 13.7034821473062 13.6805322282016 13.4854579158127 13.5887325517833 14.0319528644904 14.0161747951061 13.8462019567378 13.8354441821575 13.9129001591355 14.1122775813565 14.0362559743226 14.0627918182872 14.1753898588941 14.0635090032592 13.8010193035007 13.7658772398718 13.7371898409911 13.8978392747231 13.9007080146112 13.6597338640131 14.6795708942227 14.7613299810328 14.9334543743171 14.6544694202021 14.6602068999782 6.56999985314906 12.1299997288734 -9999 -9999 -9999 -9999 -9999 -9999 -9999 -9999 -9999 -9999 -9999 -9999 -9999 -9999 -9999 -9999
-9999 -9999 -9999 -9999 -9999 13.7622913150117 13.5392467887141 13.8074739682488 13.7902615289204 13.6611682339571 13.9114657891914 13.9774468066171 14.0039826505817 14.0032654656097 13.7601397600956 13.8117770780809 13.4259315631352 13.8218176676892 13.7414929508232 13.4589220718481 13.613834025804 13.5026703551412 13.8232520376332 14.013306055218 13.653996384237 13.6037934361957 13.6439557946287 13.9573656274006 13.9186376389116 14.0986510668881 14.0699636680074 14.1617633444257 14.1194494310766 13.9803155465052 13.7264320664108 13.9788811765611 13.9114657891914 13.9071626793593 14.3252815180458 14.3977172002196 14.5956602524966 14.9226965997368 10.7135379989631 13.1649997057393 11.8749997345731 -9999 -9999 -9999 -9999 -9999 -9999 -9999 -9999 -9999 -9999 -9999 -9999 -9999 -9999 -9999 -9999 -9999
-9999 -9999 -9999 -9999 -9999 13.8053224133328 13.8046052283607 13.8304238873534 13.9021423845552 13.8289895174094 13.8619800261222 13.9674062170088 13.9207891938277 13.9717093268409 13.7221289565787 13.9889217661694 14.134510315489 14.0577715234831 13.6848353380337 14.1165806911886 13.4689626614563 14.1280556507409 14.0606402633712 14.055619968567 14.1101260264404 14.173238303978 14.0441450090148 14.2012085178867 14.1804101536982 14.17395548895 14.2055116277188 14.1165806911886 13.9042939394712 13.8670003209263 13.9322641533799 13.7974333786406 13.8117770780809 13.8375957370736 11.3607408163432 14.4823450269178 13.2799997031689 -9999 6.64999985136092 7.48499983269721 7.57499983068556 7.51499983202666 -9999 -9999 -9999 -9999 -9999 -9999 -9999 -9999 -9999 -9999 -9999 -9999 -9999 -9999 -9999 -9999
-9999 -9999 -9999 -9999 -9999 13.8799096504226 13.856242546346 13.7264320664108 13.8103427081369 13.932981338352 13.6640369738452 13.9021423845552 13.976012436673 13.9401531880721 14.0749839628115 13.8870815001428 13.9121829741634 13.9172032689676 13.9315469684079 13.9882045811974 14.1588946045376 14.1416821652092 14.1452680900693 14.1122775813565 13.9509109626524 14.0713980379514 14.0964995119721 14.254997390788 14.1854304485023 14.1775414138101 14.0635090032592 13.9860530262813 13.7802209393121 13.5980559564196 11.3542232406326 14.1753898588941 14.1467024600133 14.09219640214 13.8799096504226 14.1361239816761 14.6150242467411 12.6899997163564 -9999 -9999 -9999 -9999 -9999 13.2249997043982 13.2249997043982 -9999 -9999 -9999 -9999 -9999 -9999 -9999 -9999 -9999 -9999 -9999 -9999 -9999
-9999 -9999 -9999 -9999 -9999 13.7959990086965 13.7393413959071 13.8074739682488 13.8225348526612 13.7931302688085 13.7544022803195 13.9394360031001 13.7809381242841 14.0090029453859 14.0298013095744 14.055619968567 14.0699636680074 13.9896389511414 14.052751228679 14.0721152229235 14.1043885466643 14.0857417373918 13.7708975346759 14.1825617086142 14.1610461594537 14.0233466448262 13.9989623557776 14.1502883848734 14.1438337201253 14.054902783595 14.2700582752004 13.9688405869529 14.0441450090148 13.9365672632121 14.3833735007793 14.2356333965436 13.773766274564 13.059946555107 12.5234055033486 -9999 -9999 -9999 -9999 -9999 -9999 -9999 -9999 -9999 -9999 -9999 -9999 -9999 -9999 -9999 -9999 -9999 -9999 -9999 -9999 -9999 -9999 -9999
-9999 -9999 -9999 -9999 -9999 13.6977446675301 13.7457960606553 13.7056337022223 13.7622913150117 13.7959990086965 13.8662831359543 13.8799096504226 13.8175145578571 13.9236579337157 13.9853358413093 13.8124942630529 13.7694631647319 13.7845240491442 14.0778527026996 14.0635090032592 14.0505996737629 14.0972166969441 14.0226294598542 14.2363505815156 14.0412762691267 14.0398418991826 14.1890163733624 14.2844019746408 14.1524399397895 14.0046998355538 14.6738334144466 14.731208212208 14.6637928248383 14.3640095065348 14.3618579516187 14.812250114046 15.1084475074895 14.7347941370681 14.8366344030946 10.4319450994954 11.6199997402728 -9999 -9999 -9999 -9999 -9999 -9999 -9999 -9999 -9999 -9999 -9999 -9999 -9999 -9999 -9999 -9999 -9999 -9999 -9999 -9999 -9999
-9999 -9999 -9999 -9999 -9999 13.6762291183695 13.733603916131 13.6998962224461 13.776635014452 13.7185430317186 13.5937528465874 13.7558366502635 13.8583941012621 13.9028595695272 13.932981338352 13.9659718470648 13.9437391129322 13.9243751186877 13.9882045811974 13.9114657891914 13.9258094886318 14.0190435349941 13.8799096504226 14.0828729975037 14.1373790553771 13.9968108008616 14.1251869108528 14.0118716852739 14.1832788935862 14.293725379277 14.3037659688853 14.331018997822 14.3876766106114 14.2815332347527 14.3618579516187 14.5282448651269 14.3970000152476 14.333170552738 14.0498824887909 -9999 -9999 -9999 10.1249997736886 12.5749997189268 14.4751731771976 13.21999970451 -9999 -9999 -9999 -9999 -9999 -9999 -9999 -9999 -9999 -9999 -9999 -9999 -9999 -9999 -9999 -9999
-9999 -9999 -9999 -9999 -9999 13.5851466269232 13.5471358234063 13.6389354998246 13.7013305923901 13.7515335404314 13.6984618525021 13.7888271589763 13.9265266736038 13.9143345290795 13.9659718470648 13.9380016331561 13.9444562979043 13.9315469684079 13.7866756040603 13.8971220897511 13.8289895174094 13.9322641533799 14.0168919800781 13.9501937776804 14.0979338819161 14.0792870726436 14.0183263500221 14.1172978761606 14.2047944427468 14.2306131017394 14.2786644948646 14.1129947663285 14.2341990265995 14.2306131017394 14.053468413651 14.1839960785583 14.2767520016059 14.5598010038957 14.5648212986998 14.5963774374686 13.9652546620928 14.3410595874302 14.3030487839133 14.452940443065 14.4464857783169 13.142627736881 -9999 -9999 -9999 -9999 -9999 -9999 -9999 -9999 -9999 -9999 -9999 -9999 -9999 -9999 -9999 -9999
-9999 -9999 -9999 -9999 -9999 13.613834025804 13.6331980200484 13.2222510310821 13.6016418812796 13.6403698697686 13.7594225751236 13.8089083381929 13.8282723324373 13.8619800261222 13.8877986851148 13.8985564596951 13.9674062170088 14.0190435349941 13.9121829741634 13.9315469684079 13.895687719807 13.9795983615331 13.974578066729 14.0964995119721 13.9631031071767 13.976012436673 14.054185598623 14.1000854368322 14.1366618704051 14.214117847383 14.2600176855922 14.1969054080546 14.2177037722431 14.3697469863109 14.254280205816 14.1137119513005 14.3245643330738 14.5935086975805 14.5676900385879 14.6264992062934 14.8968779407442 14.374050096143 14.3511001770385 14.2177037722431 14.3925176091725 13.3909550037307 -9999 -9999 -9999 -9999 -9999 -9999 -9999 -9999 -9999 -9999 -9999 -9999 -9999 -9999 -9999 -9999
-9999 -9999 -9999 -9999 -9999 13.7967161936685 13.7536850953475 13.9014251995832 13.9609515522607 13.8038880433887 13.7852412341163 13.8777580955066 13.8024536734447 13.9544968875125 14.0183263500221 14.0692464830354 14.0993682518601 14.0233466448262 14.014740425162 13.9222235637717 13.9896389511414 13.9480422227643 14.0283669396304 13.8806268353947 13.9229407487437 13.9272438585758 14.09219640214 14.1165806911886 14.1273384657688 14.1926022982225 14.2220068820752 14.1847132635303 14.292291009333 14.4099093447439 14.3855250556953 14.690328668803 14.2298959167674 14.3482314371504 14.2593005006202 14.2499770959839 14.131641575601 14.01402324019 13.7529679103754 13.5751956854365 13.8433332168497 13.5650654477067 13.9786421149038 -9999 -9999 -9999 -9999 -9999 -9999 -9999 10.9150669761002 -9999 -9999 -9999 -9999 -9999 -9999 -9999
-9999 -9999 -9999 -9999 -9999 13.9501937776804 13.9681234019808 14.0082857604139 13.9917905060574 13.932981338352 13.9035767544992 13.9953764309175 14.0491653038189 14.095065142028 14.0620746333152 13.9415875580162 13.9666890320368 14.0376903442666 14.094347957056 14.0771355177276 14.0513168587349 14.0843073674478 14.0276497546583 14.0613574483432 14.0663777431473 14.093630772084 14.214117847383 14.1588946045376 14.2428052462637 14.3130893735215 14.3238471481018 14.3883937955834 14.4651325875893 14.452223258093 14.4558091829531 14.2836847896688 14.3934140903875 14.3138065584935 13.6595545677701 14.2399365063757 13.9860530262813 14.2872707145289 14.3353221076541 13.7816553092562 13.7393413959071 13.6998962224461 11.2048097047955 -9999 11.4149927139282 -9999 -9999 -9999 -9999 -9999 -9999 -9999 -9999 -9999 -9999 -9999 -9999 -9999
-9999 -9999 -9999 -9999 -9999 14.0642261882313 14.0104373153299 14.0907620321959 14.0857417373918 14.055619968567 13.9831842863932 14.0376903442666 14.1072572865523 14.1524399397895 14.1022369917482 14.0376903442666 13.9874873962253 14.0219122748822 14.0606402633712 14.1366618704051 14.1302072056569 14.1969054080546 14.1653492692858 14.1115603963844 14.1108432114124 14.0893276622519 14.1409649802372 14.1517227548175 14.1997741479427 14.2643207954243 14.3066347087733 14.2686239052564 14.2872707145289 14.3252815180458 14.3919797204435 14.3231299631298 14.2965941191651 14.4185155644082 14.4636982176453 14.5009918361902 14.3661610614508 13.4487380452454 14.3353221076541 13.6597338640131 13.6353495749645 12.76499971468 8.95499979984015 13.695490657618 13.4938592254849 14.2649996811524 -9999 -9999 -9999 13.1884636501782 13.4529754131217 -9999 -9999 -9999 -9999 -9999 -9999 -9999
-9999 -9999 -9999 -9999 -9999 14.212683477439 14.1553086796775 14.1689351941459 14.1524399397895 14.211966292467 14.0914792171679 14.0886104772799 14.054902783595 14.17395548895 14.1180150611326 14.1474196449853 14.0914792171679 14.052034043707 14.1531571247615 14.2234412520193 14.211966292467 14.0470137489028 13.9860530262813 13.9573656274006 13.9530625175685 14.0964995119721 14.0993682518601 14.1495711999014 14.2879878995009 14.2241584369913 14.1423993501812 14.1818445236422 14.2413708763197 14.2693410902284 14.3389080325142 14.1459852750413 14.3252815180458 13.6202886905521 12.9909987212159 -9999 -9999 11.9845876135093 13.9652546620928 14.1043885466643 14.2277443618514 13.5299996975809 -9999 13.5949996961281 13.4696216962955 11.9114076605599 9.99999977648258 9.99999977648258 13.5249030892737 13.9050111244433 11.9959198970061 -9999 -9999 -9999 -9999 -9999 -9999 -9999
-9999 -9999 -9999 -9999 -9999 14.2743613850325 14.2298959167674 14.211966292467 14.2356333965436 14.3295846278779 14.2643207954243 14.2385021364316 14.2248756219633 14.2435224312358 14.2212896971032 14.2836847896688 14.2700582752004 14.2793816798367 14.2779473098926 14.3209784082137 14.2772301249206 14.1273384657688 14.0857417373918 13.9953764309175 14.054902783595 14.1165806911886 14.1144291362725 14.1474196449853 14.1710867490619 14.135227500461 14.1983397779986 14.251411465928 14.3252815180458 14.2621692405082 14.3783532059751 14.4553993629691 15.3690696859843 6.10999986343086 7.8349998248741 -9999 13.9922925355379 14.1108432114124 14.0233466448262 14.1452680900693 13.7493819855154 13.4399996995926 -9999 -9999 14.4591901978212 14.3291065045632 13.7486648005433 14.8316141082905 13.9674062170088 13.6048692136537 13.6299996953458 -9999 -9999 -9999 -9999 -9999 -9999 -9999
-9999 -9999 -9999 -9999 -9999 14.1201666160487 14.3188268532977 14.3926969054155 14.4264045991004 14.4579607378691 14.3116550035775 14.2449568011798 14.1423993501812 14.254280205816 14.3123721885495 14.3138065584935 14.2980284891091 14.3439283273183 14.2808160497807 14.3625751365907 14.4672841425054 14.2004913329147 13.9882045811974 14.0699636680074 14.2162694022991 14.2291787317954 14.2356333965436 14.2736442000605 14.2736442000605 14.254997390788 14.173238303978 14.254997390788 14.252845835872 14.2270271768793 14.1201666160487 14.2298959167674 14.2499770959839 14.0599230783992 -9999 8.68999980576336 13.8906674250029 13.973143696785 14.0262153847143 13.9803155465052 13.8842127602547 14.3790703909472 -9999 14.1213960760007 14.7950376747176 13.775200644508 14.8000579695217 14.6838740040548 14.8772748848423 14.4464857783169 13.9099996890873 -9999 -9999 -9999 -9999 -9999 -9999 -9999
