EcologicalScience/Bass/data/rs_data_bass/sst_517.asc
NCOLS 226 
NROWS 124 
XLLCORNER -9.41648524995501 
YLLCORNER 47.587301625531 
CELLSIZE 0.0833 
NODATA_value -9999 
[rows 81 to 107 of 124, columns 62 to 123 of 226]
13.4431440024637 -9999 -9999 -9999 -9999 -9999 -9999 -9999 -9999 -9999 -9999 -9999 -9999 -9999 -9999 -9999 -9999 -9999 -9999 -9999 -9999 -9999 -9999 -9999 -9999 -9999 -9999 -9999 -9999 -9999 -9999 -9999 -9999 -9999 -9999 -9999 -9999 -9999 -9999 -9999 -9999 -9999 -9999 -9999 -9999 -9999 -9999 -9999 -9999 -9999 -9999 -9999 -9999 -9999 -9999 -9999 -9999 -9999 -9999 -9999 -9999 -9999
15.7999996468425 -9999 -9999 -9999 -9999 -9999 -9999 -9999 -9999 -9999 -9999 -9999 -9999 -9999 -9999 -9999 -9999 -9999 -9999 -9999 -9999 -9999 -9999 -9999 -9999 -9999 -9999 -9999 -9999 -9999 -9999 -9999 -9999 -9999 -9999 -9999 -9999 -9999 -9999 -9999 -9999 -9999 -9999 -9999 -9999 -9999 -9999 -9999 -9999 -9999 -9999 -9999 -9999 -9999 -9999 -9999 -9999 -9999 -9999 -9999 -9999 -9999
-9999 -9999 -9999 -9999 -9999 -9999 -9999 -9999 -9999 -9999 -9999 -9999 -9999 -9999 -9999 -9999 -9999 -9999 -9999 -9999 -9999 -9999 -9999 -9999 -9999 -9999 -9999 -9999 -9999 -9999 -9999 -9999 -9999 -9999 -9999 -9999 -9999 -9999 -9999 -9999 -9999 -9999 -9999 -9999 -9999 -9999 -9999 -9999 -9999 -9999 -9999 -9999 -9999 -9999 -9999 -9999 -9999 -9999 -9999 -9999 -9999 -9999
-9999 -9999 -9999 -9999 -9999 -9999 -9999 -9999 -9999 -9999 -9999 -9999 -9999 -9999 -9999 -9999 -9999 -9999 -9999 -9999 -9999 -9999 -9999 -9999 -9999 -9999 -9999 -9999 -9999 -9999 -9999 -9999 -9999 11.3199997469783 11.209999749437 11.1449997508898 -9999 -9999 -9999 -9999 -9999 -9999 -9999 -9999 -9999 -9999 -9999 -9999 -9999 -9999 -9999 -9999 -9999 -9999 -9999 -9999 17.2699996139854 10.0032380026765 7.31479841656983 7.13980528339744 7.65474409330636 7.85519729298539
-9999 -9999 -9999 -9999 -9999 -9999 -9999 -9999 -9999 -9999 -9999 -9999 -9999 -9999 -9999 -9999 -9999 -9999 -9999 -9999 -9999 -9999 -9999 -9999 -9999 -9999 -9999 -9999 -9999 -9999 -9999 -9999 -9999 16.7499996256083 8.16346730012447 7.60712301116437 9.44627215340734 8.31598863750696 7.43608236405998 14.373332911171 17.8460935319921 -9999 9.67567571979016 11.8797668256611 6.69515060074627 6.7202520747669 6.8278298205696 5.0750297489576 7.36356699466705 7.62199264625087 5.84528640890494 7.29507582983933 9.74466891409829 -9999 11.6248410367407 7.15988646261394 6.93253882648423 7.99755850993097 6.81276893615723 7.37647632416338 7.89069794910029 8.19980467204005
-9999 -9999 -9999 -9999 -9999 -9999 -9999 -9999 -9999 -9999 -9999 -9999 12.778415988399 13.1234844149356 10.0223629352637 7.88926357915625 8.57489241240546 7.91313559322485 12.700319667696 -9999 -9999 -9999 -9999 -9999 -9999 11.894999734126 -9999 11.3237258034891 9.40462025695552 8.03556931344792 7.34778892528266 7.29973753215745 9.56991484258324 9.62710522135187 16.5699996296316 -9999 9.60811689542606 8.15677357371897 6.59976499946788 6.53808709187433 6.58111819019541 6.82998137548566 6.7998596066609 6.78479872224852 6.74965665861964 6.10849329363555 5.65092928148806 6.72096925973892 7.65474409330636 5.30524612497538 5.47019866853952 5.00402843672782 6.06761375023052 4.27465132018551 5.92489394079894 6.61841180874035 6.84504225989804 7.89500105893239 7.0150150982663 8.06497389730066 7.44676045142114 7.91364786820486
-9999 -9999 -9999 -9999 -9999 -9999 -9999 -9999 -9999 16.4803481674111 9.93924717354821 9.88608583749738 8.58278144709766 8.63025909224525 8.28012938890606 8.28210164757911 9.31610308098607 8.53281756071374 8.5952126532793 8.33614950394258 11.0792087888264 9.80845056427643 8.63482858506697 7.81467634206638 8.15859913546592 9.25127333417339 -9999 7.5646656608209 7.11183506948873 7.1742301620543 7.15056305797771 7.05589464167133 7.01860102312639 7.48763999482617 13.6112726509039 16.3849996337667 15.8799996450543 7.27140872576274 6.46780296461657 6.50151065830141 5.87827691761777 6.73387858923525 6.90958890737966 7.44962919130921 7.91579942312092 7.46325570577756 6.61984617868438 7.71391185349785 7.8075044923462 7.84443951840512 8.01512954174541 7.16347238747403 7.93874934222549 5.47019866853952 8.23602251312695 6.73029266437516 6.7718893927522 8.10728781064972 8.55696278810501 8.05923641752452 7.67339090257883 8.18761252751574
-9999 -9999 -9999 -9999 -9999 -9999 -9999 -9999 14.7849996695295 8.5684377476573 8.73267310624942 8.71402629697695 8.64732809457928 8.35973692080006 8.37013610289432 8.57321898080409 8.57991270720959 8.6310719018802 7.64470350369811 7.75514998938888 7.91006194334477 7.98966947523877 7.84264655597508 7.83045441145077 7.71929074078798 7.66478468291461 7.58087404118851 7.4532151161693 7.49050873471424 7.50341806421056 7.42667927220464 7.23519088467583 7.07812737580389 6.92680134670809 6.79125338699669 7.28754538763314 8.02337716892362 7.36356699466705 7.63968320889398 7.68127993727103 7.1943113412708 7.38723409874365 7.24451428931206 7.25312050897628 7.4689931855537 7.8275856715627 5.39489424647763 7.81790367444046 7.90898616588674 8.35184788610786 8.20374918938614 8.25933102471754 8.18832971248776 5.53976561082527 5.80799279036 5.4415112696588 6.46995451953262 7.41018401784822 7.67482527252287 8.5207449470181 8.40993986884132 8.42141482839361
-9999 -9999 -9999 -9999 -9999 -9999 -9999 -9999 8.7780948211439 8.68820763798431 8.77785575948656 8.68175297323614 8.63011565525085 8.15318764885888 7.14434745488688 8.43002104805782 8.3016449380666 8.05636767763644 8.00473035965115 7.96385081624612 7.95524459658191 7.97532577579841 7.73722036508843 7.81897945189849 8.02122561400756 7.67410808755085 7.62964261928573 7.69275489682332 7.64685505861416 7.70351267140359 7.79244360793382 7.47544785030186 7.43241675198078 7.44747763639316 6.92034668195993 7.36356699466705 7.4489120063372 8.02839746372774 8.05780204758048 7.64183476381004 7.9946897700429 7.65833001816645 7.17996764183044 7.22156437020749 7.36284980969504 8.08182774414308 8.08326211408712 8.27008879929781 8.3611712907441 4.90505691058934 5.02482680091634 8.56019012047909 8.58278144709766 8.52612383430824 8.63800468994305 7.11900691920891 7.57011626660824 7.44532608147711 8.32065033982508 8.41496016364545 8.1940671922639 8.21271400153637
-9999 9.40499978978187 -9999 -9999 -9999 -9999 -9999 9.59999978542328 10.9236731957644 8.63011565525085 8.18474378762767 8.46014281688258 8.66525771887973 8.30881678778678 7.9789117006585 8.80726034333929 8.68964200792834 8.80008849361911 8.04202397819608 8.05493330769241 8.01907405909151 7.98249762551859 7.96528518619016 7.92655719770119 7.95596178155392 7.96385081624612 7.97317422088236 7.98608355037868 8.1065706256777 8.28873560857028 8.33320107683539 7.69347208179533 7.54931790241972 7.44532608147711 7.5564897521399 7.49732199194841 6.79268775694072 7.58625292847864 7.84300514846109 7.86057618027553 8.23243658826686 8.31957456236705 8.37479780521244 8.49313332559541 8.49958799034357 8.57345804246143 8.63119143270887 8.71151614957489 8.74522384325974 8.78072449937463 8.73948636348359 8.64266639226116 6.27488020714372 6.27488020714372 8.66454053390771 8.71008177963085 7.69275489682332 7.5923490007408 8.53006835165434 7.95739615149796 8.0348521284759 7.84694966580719
9.3372600376606 8.9987487308681 9.22509230803698 9.5882747778669 13.8466877917188 -9999 16.1899624452926 9.10453351424076 8.83558914973401 9.03030486963689 8.7118747420609 8.69502089521848 8.75669880281202 8.37694936012849 8.49385051056743 8.75275428546593 8.70542007731274 8.85459455149248 8.70039978250861 8.90336312958971 8.91555527411401 8.68247015820816 8.67960141832009 8.92559586372226 8.57058930257335 8.8395336670801 8.78215886931866 8.73052155133337 8.82662433758378 8.38196965493262 8.40491957403719 8.42141482839361 7.18570512160659 7.96743674110621 8.13310646964237 7.9509414867498 8.03270057355985 7.99002806772478 8.73625903110951 8.77140109473839 8.66884364373982 8.47843103366904 8.77462842711248 8.90910060936585 8.88364054285921 8.81407360057347 8.85029144166037 8.89009520760737 5.44366282457486 8.8155079705175 4.48980681179091 8.74307228834368 8.82626574509777 6.57968382025138 6.00163273280486 6.17590868100524 6.81061738124117 6.98847925430164 6.98130740458146 7.77307961368933 8.01943265157752 8.00473035965115
9.19525741320103 8.78968931152485 8.63477735756896 8.94998015277088 8.95643481751904 7.69490645173937 9.23943600747734 8.87897884054109 9.04464856907725 9.11780143622309 8.71474348194897 8.66489912639372 9.09987181192264 9.05253760376945 8.88901943014935 9.3573412168771 9.3573412168771 8.75203710049391 8.79506819881499 8.94854578282684 8.84168522199616 8.84240240696818 8.97723318170756 9.26841028034687 8.51895198458806 8.5447706435807 8.72478407155722 8.75705739529803 8.86033203126863 8.73912777099758 8.58493300201371 8.72836999641731 8.82590715261176 8.70255133742467 8.69322793278843 8.9388637857046 8.89619127986953 8.82554856012575 8.93707082327455 8.89870142727159 8.8391750745941 8.89941861224361 8.94603563542478 8.77677998202853 8.94998015277088 8.99050110368989 8.95249030017294 8.94137393310666 8.95858637243509 8.89726705732755 8.90981779433787 6.59833062952384 6.80057679163292 5.9951780680567 8.67565690097399 7.1462599481456 7.77738272352144 7.91866816300899 8.1065706256777 8.11517684534192 7.92225408786908 7.54178746021353
9.01882991008461 8.66884364373982 9.22358621959575 8.81048767571338 8.98512221639976 9.36630602902733 9.08122500265017 8.98942532623187 9.36164432670921 9.25048065604642 9.46993925748393 9.79984434461221 9.65927609009668 9.77976316539571 9.73601488210261 9.57966855820268 9.5603045639582 9.45774711295962 9.5882747778669 9.43479719385505 9.22824792191386 9.09700307203457 8.78646197915077 8.84885707171634 8.755623025354 8.53688160888851 9.47926266212016 9.3853114307858 9.52157657546923 8.85316018154845 8.72191533166915 8.97508162679151 9.00807213550434 9.0145268002525 9.0464415315073 8.99229406611994 8.94747000536881 8.8434781844262 8.97508162679151 8.86391795612872 8.61003447603434 8.87288276827894 8.99014251120389 8.91196934925392 9.01667835516855 9.06795708066784 9.074411745416 9.06795708066784 8.93850519321859 8.87359995325096 8.82483137515374 7.24236273439601 8.80224004853517 6.94975126581267 6.82280952576548 8.41245001624338 7.70279548643157 7.83117159642279 7.92870875261724 7.79925686516799 8.18474378762767 7.61099581001326
9.73350473470055 9.21928310976364 8.87359995325096 9.32399211567827 9.41148868226446 8.91268653422594 9.25227361847647 9.88232061639428 9.69872126355767 9.94973600376397 9.92893763957545 9.98846399225295 10.0666371542029 10.0386669402942 9.97770621767268 9.93252356443554 9.88949246611446 9.62341684149578 9.45200963318348 9.22537918202579 9.0503860488534 9.00520339561626 9.39248328050599 8.19980467204005 8.7319559212774 9.56389048881829 9.29996641911566 9.22394481208175 9.58755759289488 9.48428295692429 8.87826165556908 9.01775413262658 8.97436444181949 8.92452008626424 8.8273415225558 8.21486555645242 8.21486555645242 8.88005461799912 8.74343088082969 8.92954038106836 8.76602220744826 9.01667835516855 9.0066377655603 8.76207769010216 8.90192875964567 9.07261878298596 8.90228735213168 8.83738211216405 8.76709798490629 6.69515060074627 6.84002196509391 7.14339120825753 7.2739188731648 6.98202458955348 6.92536697676405 6.49720754846931 8.53329568402842 7.58517715102062 6.96768089011312 7.95811333646998 8.31527145253494 7.7956709403079
9.78370768274181 9.72812584741041 9.65282142534852 9.50257117371075 9.80952634173445 10.1548509057611 9.92750326963142 10.0594653044827 10.0515762697905 10.0903042582795 10.1412243912928 10.1211432120763 10.1605883855373 10.1175572872162 9.97698903270066 9.90240179561079 9.62915432127193 9.63847772590816 9.4806970320642 9.50149539625272 9.33008818794042 9.66752371727489 9.1914324266836 8.73267310624942 8.96504103718325 9.13142795069143 9.03030486963689 9.16728719929233 9.13501387555152 8.8553117364645 9.17876215884462 9.19979958469048 9.01906897174194 8.80905330576934 8.75741598778404 8.53724020137452 8.42392497579567 8.74127932591364 8.81765952543356 8.98046051408164 8.75454724789597 8.91878260648809 8.91985838394612 8.84276099945419 8.9230857163202 8.95320748514496 7.26029235869646 7.34778892528266 8.77606279705651 8.73231451376341 8.54297768115066 6.84217352000996 6.78695027716458 7.18427075166255 7.13980528339744 7.04441968211904 8.09401988866739 7.91544083063491 7.11470380937681 7.39512313343585 6.78981901705265 7.49552902951837
9.84179966547526 10.0132068737876 10.0020905067213 10.0591067119967 10.0623340443708 10.0386669402942 10.1297494317405 10.2115085185505 10.3018738250248 10.2997222701088 10.2638630215079 10.229438142851 10.1017792178318 10.0365153853782 9.94758444884792 9.89594713086262 9.80988493422046 9.7675710208714 9.68150882422924 9.58684040792286 9.37742239609361 9.52635780861601 9.29853204917163 8.78789634909481 8.20912807667628 9.16728719929233 9.06975004309788 9.11995299113914 8.78550573252141 8.73016295884736 8.72119814669713 8.99779248423874 8.35794395837002 8.39380320697092 8.47125918394886 8.14888453902677 8.2457045102492 8.30451367795467 8.45942563191056 8.58780174190179 8.67458112351596 8.40635394398123 7.85483870049939 8.69968259753659 8.75741598778404 8.76494642999023 7.2301705898717 7.09605700010434 6.86010314431041 8.49098177067935 8.39971998299006 8.3891415046528 8.19621874717996 7.0150150982663 7.10968351457268 6.82496108068153 5.37983336206526 7.74080628994852 7.61691258603241 7.45464948611334 7.97532577579841 10.0684512103086
10.1197088421322 10.0354396079201 10.3678548424505 10.5399792357348 10.3642689175904 10.2509536920115 10.3362987036817 10.4180577904917 10.2014679289423 10.2366099925712 10.2366099925712 10.0680715241469 10.0243232408538 10.0680715241469 9.98559525236487 9.90670490544289 9.74246954685077 9.70302437338978 9.41901912447065 9.41471601463854 9.20888392766938 9.01094087539241 9.29924923414364 9.34873499721289 9.28060242487118 9.15079194493592 9.02600175980479 8.955000447575 9.01524398522452 9.03173923958093 9.00018310081214 8.93826613156125 8.49062317819335 8.3453932213597 8.31455426756293 8.15569779626094 8.05206456780434 8.00580613710918 8.21701711136848 8.22956784837879 8.49636065796949 7.64326913375407 7.68343149218708 7.6325113591738 7.56007567699999 7.5249336133711 7.31479841656983 7.0386822023429 7.06306649139151 8.4013336491771 7.95954770641401 8.10155033087358 8.12736898986623 5.99015777325258 7.08529922552407 7.29973753215745 13.8667134469375 17.1499996166676 -9999 -9999 -9999 -9999
9.73802300002426 10.5198980565183 10.5349589409307 10.6561632012017 10.5105746518821 10.4531998541206 10.3707235823385 10.269600501284 10.229438142851 10.2437818422914 10.0917386282235 10.1412243912928 10.10823388258 9.95690785348415 9.8751487666741 9.70732748322189 9.74175236187875 9.53520308993757 9.41113008977845 9.42045349441469 9.36307869665325 9.37383647123352 9.47137362742797 9.41973630944267 9.30247656651773 8.6917935628444 8.92631304869428 9.09772025700659 9.11995299113914 8.92272712383419 9.03030486963689 8.89475690992549 8.47197636892088 8.52504805685021 8.07501448690891 8.13167209969833 7.86487929010764 7.8634449201636 7.8634449201636 7.87276832479984 7.80104982759804 7.67841119738296 7.45464948611334 7.35496077500284 7.24021117947996 8.82698293006979 8.35113070113584 8.29088716348633 8.38842431968078 7.85483870049939 7.85340433055535 8.04023101576604 7.46397289074957 10.1597408032976 16.4229388968088 13.8649996900931 -9999 -9999 -9999 -9999 -9999 -9999
10.6303445422091 10.6016571433283 10.666920975782 10.6468397965655 10.509140281938 10.387936021667 10.3427533684298 10.3692892123945 10.1534165358171 10.2409131024033 10.1634571254253 10.0974761079997 9.93610948929563 9.85650195740163 9.77761161047965 9.75824761623517 9.59186070272699 9.43766593374312 9.34586625732481 9.36953336140141 9.41973630944267 9.3494521821849 9.36092714173719 9.34084596252069 9.07548752287403 9.02026428002864 9.05253760376945 8.69322793278843 9.50364695116878 16.1749996384606 -9999 16.7249996261671 16.7249996261671 -9999 -9999 16.8099996242672 8.38770713470876 7.96743674110621 8.0147709492594 7.99719991744496 7.51489302376285 8.33104952191934 8.47018340649083 8.44436474749818 8.36368143814616 8.43432415788993 8.76375112170354 8.59748373902403 8.12091432511806 8.04812005045824 8.33606981672347 8.34826196124777 8.36726736300625 -9999 -9999 -9999 -9999 -9999 -9999 -9999 -9999 -9999
10.7042145943269 10.7164067388512 10.6052430681884 10.3599658077583 10.2975707151927 10.3427533684298 10.2193975532427 10.1175572872162 10.0781121137552 10.1182744721882 10.0608996744268 10.0558793796226 9.78406627522781 9.70947903813794 9.61696217674762 9.51942502055317 9.71019622310996 9.43264563893899 9.40826134989038 9.39391765045002 9.3731192862615 9.27271339017898 9.09198277723044 9.06042663846165 9.16441845940426 9.18019652878866 9.10991240153089 8.80797752831131 9.33829597150907 11.3449997464195 -9999 -9999 -9999 -9999 16.3799996338785 8.49019938707352 8.11517684534192 8.05421612272039 8.07501448690891 8.16932431072928 8.37694936012849 8.20876948419027 8.43791008275002 8.39452039194293 8.40958127635531 8.5404675337486 8.60071107139811 8.7106794337742 8.0068819145672 8.11876277020201 8.12808617483824 8.9072359284386 9.16708549101895 -9999 -9999 -9999 -9999 -9999 -9999 -9999 -9999 -9999
10.6862849700265 10.1717047526035 10.2721106486861 10.4375652217306 10.3664204725064 10.2918332354166 10.1541337207891 10.1971648191102 10.2452162122354 10.1957304491661 10.0738090039231 9.92965482454747 9.94973600376397 10.4807397570461 9.46348459273577 9.50364695116878 9.59544662758708 9.59114351775497 9.43479719385505 12.8274919314842 12.1000436416058 9.68122195024043 10.1644611843862 9.05540634365752 9.13788261543959 9.06401256332174 9.2139042224735 9.09772025700659 8.94370478426572 12.7799997143447 -9999 -9999 -9999 -9999 -9999 17.1549996165559 8.19358906894922 7.9351634173654 7.9749671833124 8.05708486260846 8.24104280793108 8.1460157991387 8.13956113439053 7.99827569490299 7.46469007572159 7.54501479258761 7.60525833023712 7.26531265350059 7.87456128722988 8.11266669793986 8.04991301288828 7.41018401784822 7.18498793663457 19.2699995692819 -9999 -9999 -9999 -9999 -9999 -9999 -9999 -9999
10.0415356801823 10.029702128144 10.2401959174313 10.229438142851 10.2574083567597 10.3233893741854 10.4015625361353 10.3685720274225 10.309762859717 9.94830163381994 9.88232061639428 9.69298378378153 9.4527268181555 9.3652302515693 9.34299751743674 9.54667804948986 9.50938443094492 9.30642108386382 9.56891078362241 9.61481062183157 9.47997984709218 9.47997984709218 9.28390147574246 8.93348489841446 8.86391795612872 8.72406688658521 8.70183415245265 8.4450819324702 8.59569077659398 10.2349365609698 15.5699996519834 24.7149994475767 -9999 -9999 -9999 -9999 13.1700399651192 8.15290077487007 13.3687002023682 8.13212034030585 7.97066407348029 7.97819451568648 8.08577226148918 7.49266028963029 7.51561020873487 7.77809990849346 7.51130709890276 7.47473066532984 7.56509597180411 7.24021117947996 7.18570512160659 7.26674702344462 7.45034637628123 9.86999977938831 -9999 -9999 -9999 -9999 -9999 -9999 -9999 -9999
10.3951078713872 10.3047425649129 10.3943906864151 10.4639576287009 10.4445936344564 10.4847559928894 10.4395733396523 10.3155003394932 10.1383556514047 9.86654254700989 9.55384989921004 9.47352518234402 9.30498671391979 9.25980406068265 9.46850488753989 9.54882960440591 9.51870783558115 9.42977689905092 9.41543319961056 9.38961454061791 9.37527084117755 9.23972288146615 8.70470289234072 8.65234838938341 8.65808586915955 8.64517653966323 8.58780174190179 8.35471662599593 8.41998045844957 7.95567490756512 16.4899996314198 -9999 -9999 -9999 -9999 -9999 -9999 -9999 -9999 -9999 -9999 -9999 -9999 -9999 -9999 -9999 12.4597586780058 8.20159763447009 6.99995421385393 7.00999480346218 14.8635686831549 14.1549996836111 -9999 -9999 -9999 -9999 -9999 -9999 -9999 -9999 -9999 -9999
10.5406964207068 10.5966368485242 10.5600604149513 10.548585455399 10.4962309524417 10.4575029639527 10.4510482992046 10.1713461601175 10.03006072063 9.76828820584342 9.34730062726885 9.38315987586975 9.28060242487118 9.28418834973127 9.30857263877988 9.40037231519818 9.31072419369593 9.14577165013179 9.27916805492714 9.20386363286525 9.07548752287403 8.94782859785482 8.61003447603434 11.794713217569 17.5052041908187 16.804999624379 8.46200749780983 8.20721558341756 8.37766654510051 8.15007984731346 8.50401063100435 17.2049996154383 17.5154520014339 -9999 -9999 -9999 -9999 -9999 -9999 -9999 -9999 -9999 -9999 -9999 -9999 -9999 -9999 -9999 -9999 -9999 -9999 -9999 -9999 -9999 -9999 -9999 -9999 -9999 -9999 -9999 -9999 -9999
10.5758384843357 10.6124149179086 10.6109805479646 10.6611834960058 10.589464998804 10.5292214611545 10.5062715420499 10.0895870733075 9.82853174349293 9.6241340264678 9.40252387011424 8.74199651088566 9.19669178314507 9.25048065604642 9.22107607219368 9.15509505476803 9.18091371376067 9.13214513566345 9.20744955772534 9.23111666180193 8.89475690992549 8.7276528114453 8.1503189089708 8.71593879023567 8.55516982567497 8.60322121880017 8.13740957947448 8.54118471872061 8.02074749069288 8.15725169703364 8.14792829239741 11.4245073678903 7.71999982744455 -9999 -9999 -9999 -9999 -9999 -9999 -9999 -9999 -9999 -9999 -9999 -9999 -9999 -9999 -9999 -9999 -9999 -9999 -9999 -9999 -9999 -9999 -9999 -9999 -9999 -9999 -9999 -9999 -9999
10.5808587791398 10.6324960971251 10.6475569815375 10.6891537099145 10.6819818601944 10.5959196635522 10.468977923505 10.1842554896139 9.35518966196105 9.43408000888303 9.22107607219368 9.11995299113914 9.20314644789323 9.19310585828498 9.10274055181071 9.04966886388138 9.02887049969286 9.0267189447768 9.11851862119511 8.7847885475494 8.90838342439383 8.93922237819061 8.83236181735992 8.73649809276685 8.59999388642609 8.43468275037594 8.29626605077647 8.43948788968846 8.57116305055097 7.87994017452002 7.87444175640121 14.0068513904698 -9999 -9999 -9999 -9999 -9999 -9999 -9999 -9999 -9999 -9999 -9999 -9999 -9999 -9999 -9999 -9999 -9999 -9999 -9999 -9999 -9999 -9999 -9999 -9999 -9999 -9999 -9999 -9999 -9999 -9999
10.5822931490839 10.6411023167893 10.7264473284595 10.7608722071163 10.7967314557172 10.5170293166302 10.4266640101559 10.1928617092781 9.40754416491836 9.6399120958522 9.2497634710744 9.18521682359278 9.07692189281806 9.08337655756623 8.87682728562504 8.72550125652924 8.80726034333929 8.96504103718325 9.04966886388138 8.56437369948253 8.65916164661758 8.91878260648809 7.39440594846383 8.51536605972797 9.42451754258946 8.57388835344464 8.56356088984758 8.40578019600362 8.38799400869757 7.6762596424669 7.87958158203401 12.5963876121677 13.4880998486956 13.3949997005984 -9999 -9999 -9999 -9999 -9999 -9999 -9999 -9999 -9999 -9999 -9999 -9999 -9999 -9999 -9999 -9999 -9999 -9999 -9999 -9999 -9999 -9999 -9999 -9999 -9999 -9999 -9999 -9999
