EcologicalScience/Bass/data/rs_data_bass/sst_86.asc
NCOLS 226 
NROWS 124 
XLLCORNER -9.41648524995501 
YLLCORNER 47.587301625531 
CELLSIZE 0.0833 
NODATA_value -9999 
[rows 27 to 53 of 124, columns 62 to 123 of 226]
-9999 -9999 -9999 -9999 -9999 -9999 -9999 -9999 -9999 -9999 -9999 -9999 -9999 -9999 -9999 -9999 -9999 -9999 -9999 -9999 -9999 -9999 -9999 -9999 -9999 -9999 -9999 -9999 12.5299997199327 10.8199997581542 10.9949997542426 11.1749997502193 11.1949997497723 11.1549997506663 11.0849997522309 10.9349997555837 11.0049997540191 11.0399997532368 10.9249997558072 10.8099997583777 10.8949997564778 10.8699997570366 10.7849997589365 10.8099997583777 11.0299997534603 11.0999997518957 11.0349997533485 10.8149997582659 10.7649997593835 10.7849997589365 10.9099997561425 11.0799997523427 11.1399997510016 11.0399997532368 10.919999755919 10.9049997562543 10.9649997549132 10.9849997544661 10.7799997590482 10.7099997606128 10.6699997615069 10.6699997615069
-9999 -9999 -9999 -9999 -9999 -9999 -9999 -9999 -9999 -9999 -9999 -9999 -9999 -9999 -9999 -9999 -9999 -9999 -9999 -9999 -9999 -9999 -9999 -9999 -9999 -9999 -9999 -9999 -9999 -9999 9.78499978128821 11.2499997485429 11.2349997488782 11.1999997496605 11.1649997504428 11.024999753572 10.9549997551367 10.9599997550249 10.9599997550249 10.9249997558072 10.9499997552484 10.8249997580424 10.7349997600541 10.6949997609481 10.7899997588247 10.9099997561425 11.0149997537956 11.0999997518957 10.899999756366 10.7849997589365 10.7399997599423 10.9949997542426 11.2199997492135 10.8299997579306 10.4449997665361 10.8149997582659 10.9299997556955 10.9149997560307 11.0999997518957 11.0349997533485 11.1299997512251 11.1099997516721
-9999 -9999 -9999 -9999 -9999 -9999 -9999 -9999 -9999 -9999 -9999 -9999 -9999 -9999 -9999 -9999 -9999 -9999 -9999 -9999 -9999 -9999 -9999 -9999 -9999 -9999 -9999 -9999 -9999 -9999 -9999 9.904999778606 11.1849997499958 11.2149997493252 11.2199997492135 11.1349997511134 10.9049997562543 10.7599997594953 10.6499997619539 10.7049997607246 10.7299997601658 10.6749997613952 10.6649997616187 10.5949997631833 10.6899997610599 10.9449997553602 11.0299997534603 11.0949997520074 11.1399997510016 11.0349997533485 10.9549997551367 10.9299997556955 11.1799997501075 11.2249997491017 11.2199997492135 10.9399997554719 10.5349997645244 10.3049997696653 10.359999768436 10.6399997621775 11.044999753125 11.0699997525662
-9999 -9999 -9999 -9999 -9999 -9999 -9999 -9999 -9999 -9999 -9999 -9999 -9999 -9999 -9999 -9999 -9999 -9999 -9999 -9999 -9999 -9999 -9999 -9999 -9999 -9999 -9999 -9999 -9999 -9999 -9999 12.4570728922944 11.0849997522309 11.1549997506663 11.2149997493252 11.1849997499958 11.0799997523427 10.9299997556955 10.77499975916 10.6849997611716 10.5799997635186 10.609999762848 10.6249997625127 10.6599997617304 10.6899997610599 10.8649997571483 10.9999997541308 11.2749997479841 11.209999749437 11.064999752678 11.0499997530133 11.024999753572 11.0299997534603 11.0599997527897 11.2399997487664 11.2549997484311 11.024999753572 11.0749997524545 11.1599997505546 11.1649997504428 11.0549997529015 11.064999752678
-9999 -9999 -9999 -9999 -9999 -9999 -9999 -9999 -9999 -9999 -9999 -9999 -9999 -9999 -9999 -9999 -9999 -9999 -9999 -9999 -9999 -9999 -9999 -9999 -9999 -9999 -9999 -9999 -9999 -9999 -9999 8.60226395866781 10.919999755919 10.9799997545779 11.0549997529015 11.0499997530133 11.0849997522309 10.9149997560307 10.8899997565895 10.8149997582659 10.6899997610599 10.609999762848 10.5799997635186 10.629999762401 10.7049997607246 10.77499975916 10.899999756366 11.3849997455254 11.3249997468665 11.2349997488782 11.2549997484311 11.2349997488782 11.1999997496605 11.0799997523427 11.2049997495487 11.2899997476488 11.2949997475371 11.3199997469783 11.3999997451901 11.4749997435138 11.4399997442961 11.3399997465312
-9999 -9999 -9999 -9999 -9999 -9999 -9999 -9999 -9999 -9999 -9999 -9999 -9999 -9999 -9999 -9999 -9999 -9999 -9999 -9999 -9999 -9999 -9999 -9999 -9999 -9999 -9999 -9999 -9999 -9999 -9999 -9999 6.81818166578358 10.8949997564778 10.9649997549132 11.0199997536838 11.024999753572 11.0199997536838 10.9299997556955 10.8199997581542 10.7499997597188 10.629999762401 10.5849997634068 10.609999762848 10.6749997613952 10.754999759607 10.7949997587129 11.2499997485429 11.189999749884 11.2849997477606 11.3499997463077 11.3949997453019 11.3449997464195 11.3249997468665 11.3899997454137 11.3099997472018 11.1649997504428 11.3749997457489 11.4749997435138 11.5349997421727 11.3899997454137 11.2399997487664
-9999 -9999 -9999 -9999 -9999 -9999 -9999 -9999 -9999 -9999 -9999 -9999 -9999 -9999 -9999 -9999 -9999 -9999 -9999 -9999 -9999 -9999 -9999 -9999 -9999 -9999 -9999 -9999 -9999 -9999 -9999 -9999 10.2799997702241 10.9699997548014 11.0349997533485 11.0899997521192 11.0499997530133 11.0499997530133 11.0149997537956 10.8849997567013 10.7299997601658 10.629999762401 10.5849997634068 10.6749997613952 10.7599997594953 10.7449997598305 10.7799997590482 10.8299997579306 10.7899997588247 10.899999756366 11.0849997522309 11.2699997480959 11.3449997464195 11.3649997459725 11.4149997448549 11.4399997442961 11.4499997440726 11.4749997435138 11.5199997425079 11.3999997451901 11.2699997480959 11.334999746643
-9999 -9999 -9999 -9999 -9999 -9999 -9999 -9999 -9999 -9999 -9999 -9999 -9999 -9999 -9999 -9999 -9999 -9999 -9999 -9999 -9999 -9999 -9999 -9999 -9999 -9999 -9999 -9999 -9999 -9999 -9999 -9999 -9999 11.1049997517839 11.1249997513369 11.0949997520074 11.0849997522309 11.0099997539073 10.9999997541308 10.919999755919 10.8299997579306 10.8399997577071 10.7999997586012 10.8699997570366 10.8499997574836 10.8049997584894 10.7849997589365 10.7299997601658 10.6899997610599 10.6399997621775 10.7399997599423 10.77499975916 11.1799997501075 11.2699997480959 11.2399997487664 11.3799997456372 11.4549997439608 11.3799997456372 11.499999742955 11.354999746196 11.2999997474253 11.1399997510016
-9999 -9999 -9999 -9999 -9999 -9999 -9999 13.391190176874 9.49499978777021 9.50999978743494 9.54499978665262 9.42999978922307 9.33999979123473 -9999 8.41999981179833 -9999 -9999 -9999 -9999 -9999 -9999 -9999 -9999 -9999 -9999 -9999 -9999 -9999 -9999 -9999 -9999 -9999 -9999 -9999 10.9399997554719 10.899999756366 10.9899997543544 11.0149997537956 10.9599997550249 10.8699997570366 10.8949997564778 10.9449997553602 10.9549997551367 10.8649997571483 10.8649997571483 10.8199997581542 10.7049997607246 10.6199997626245 10.5949997631833 10.5449997643009 10.4149997672066 10.4149997672066 10.609999762848 10.8699997570366 10.9399997554719 11.0599997527897 11.0699997525662 11.044999753125 10.9449997553602 10.9649997549132 11.1799997501075 11.3299997467548
-9999 -9999 -9999 -9999 14.0886360487308 8.77999980375171 8.93399980030954 10.4499997664243 10.4499997664243 9.71999978274107 9.00999979861081 8.45999981090426 -9999 -9999 -9999 -9999 -9999 -9999 -9999 -9999 -9999 -9999 -9999 -9999 -9999 -9999 -9999 -9999 -9999 -9999 -9999 -9999 -9999 -9999 10.8749997569248 10.9649997549132 10.9949997542426 11.0149997537956 10.9699997548014 10.9499997552484 10.9549997551367 11.0099997539073 11.0299997534603 10.9949997542426 10.9949997542426 10.9099997561425 10.6649997616187 10.5549997640774 10.504999765195 10.4499997664243 10.3349997689947 10.2949997698888 10.3899997677654 10.5949997631833 10.6949997609481 10.7849997589365 10.8499997574836 10.9399997554719 10.919999755919 10.8449997575954 10.9799997545779 11.3799997456372
11.2399997487664 11.914999733679 12.7916663807506 11.9949997318909 11.8749997345731 11.934999733232 10.6849997611716 10.6849997611716 10.4599997662008 9.94999977760017 -9999 -9999 -9999 -9999 -9999 -9999 -9999 -9999 -9999 -9999 -9999 -9999 -9999 -9999 -9999 -9999 -9999 -9999 -9999 -9999 -9999 -9999 -9999 -9999 11.0849997522309 10.9149997560307 10.9349997555837 10.9049997562543 10.8499997574836 10.9949997542426 11.0049997540191 11.0049997540191 11.044999753125 11.044999753125 11.0199997536838 10.8449997575954 10.7149997605011 10.5949997631833 10.5699997637421 10.6049997629598 10.4199997670949 10.3699997682124 10.4949997654185 10.5999997630715 10.6349997622892 10.6349997622892 10.7249997602776 10.6599997617304 10.7149997605011 10.9449997553602 11.0299997534603 11.5599997416139
11.894999734126 11.8549997350201 11.9849997321144 12.1499997284263 12.1999997273088 11.8349997354671 12.059999730438 11.044999753125 10.9449997553602 10.4949997654185 -9999 -9999 -9999 -9999 -9999 -9999 -9999 -9999 -9999 -9999 -9999 -9999 -9999 -9999 -9999 -9999 -9999 -9999 -9999 -9999 -9999 -9999 -9999 -9999 -9999 11.3249997468665 11.0599997527897 10.8299997579306 10.7649997593835 10.919999755919 10.9849997544661 10.9699997548014 10.9049997562543 10.9549997551367 10.9999997541308 10.9349997555837 10.8699997570366 10.7949997587129 10.6549997618422 10.6749997613952 10.7249997602776 10.6999997608364 10.6699997615069 10.6449997620657 10.6049997629598 10.5749997636303 10.5549997640774 10.5599997639656 10.6199997626245 10.7449997598305 10.8199997581542 10.8849997567013
12.2649997258559 12.1299997288734 11.7849997365847 12.1599997282028 12.4049997227266 11.3499997463077 11.044999753125 10.9649997549132 11.6685711677585 -9999 -9999 -9999 -9999 -9999 -9999 -9999 -9999 -9999 -9999 -9999 -9999 -9999 -9999 -9999 -9999 -9999 -9999 -9999 -9999 -9999 -9999 -9999 -9999 -9999 -9999 -9999 11.0299997534603 10.8749997569248 10.9299997556955 11.0399997532368 11.0049997540191 10.9899997543544 10.9399997554719 10.9299997556955 10.9049997562543 10.8599997572601 10.7999997586012 10.7849997589365 10.7599997594953 10.7349997600541 10.6999997608364 10.6499997619539 10.6199997626245 10.5749997636303 10.5099997650832 10.464999766089 10.0549997752532 10.0649997750297 10.5249997647479 10.4449997665361 10.7349997600541 10.8949997564778
12.059999730438 11.8399997353554 11.6549997394904 11.4449997441843 11.4649997437373 11.5149997426197 11.5199997425079 11.5249997423962 12.7897884929553 -9999 -9999 -9999 -9999 -9999 -9999 -9999 -9999 -9999 -9999 -9999 -9999 -9999 -9999 -9999 -9999 -9999 -9999 -9999 -9999 -9999 -9999 -9999 -9999 -9999 -9999 -9999 -9999 -9999 -9999 6.75199984908104 10.9749997546896 11.0849997522309 11.1249997513369 11.0699997525662 11.0049997540191 11.0099997539073 11.0099997539073 10.899999756366 10.8149997582659 10.7599997594953 10.7349997600541 10.6499997619539 10.5499997641891 10.5249997647479 10.4699997659773 10.4099997673184 10.2099997717887 10.5699997637421 10.4349997667596 10.6649997616187 10.6749997613952 10.8599997572601
12.2099997270852 11.9599997326732 11.6999997384846 11.6649997392669 11.4899997431785 11.4149997448549 11.8349997354671 12.1949997274205 8.060769050597 -9999 -9999 -9999 -9999 -9999 -9999 -9999 -9999 -9999 -9999 -9999 -9999 -9999 -9999 -9999 -9999 -9999 -9999 -9999 -9999 -9999 -9999 -9999 -9999 -9999 -9999 -9999 -9999 -9999 -9999 -9999 -9999 -9999 -9999 8.13283315155034 11.0549997529015 11.0599997527897 11.0399997532368 10.9599997550249 10.8149997582659 10.7399997599423 10.6449997620657 10.5849997634068 10.5149997649714 10.5349997645244 10.5349997645244 10.4499997664243 10.3649997683242 10.5149997649714 10.2399997711182 10.3799997679889 10.3899997677654 10.4699997659773
11.8899997342378 11.9049997339025 11.8399997353554 11.7099997382611 11.5899997409433 11.7049997383729 12.0849997298792 12.2899997252971 12.3949997229502 9.14909070459279 -9999 -9999 -9999 -9999 -9999 16.1899624452926 -9999 -9999 -9999 -9999 -9999 -9999 -9999 -9999 -9999 -9999 -9999 -9999 -9999 -9999 -9999 -9999 -9999 -9999 -9999 -9999 -9999 -9999 -9999 -9999 -9999 -9999 -9999 -9999 11.044999753125 11.044999753125 11.044999753125 10.9949997542426 10.9099997561425 10.8299997579306 10.7299997601658 10.5749997636303 10.5149997649714 10.4799997657537 10.504999765195 10.4799997657537 10.3049997696653 10.2199997715652 10.3699997682124 10.3949997676536 10.4099997673184 10.3999997675419
11.9549997327849 12.0749997301027 11.9449997330084 11.7249997379258 11.7349997377023 11.8599997349083 11.9099997337908 12.1549997283146 12.0899997297674 11.9549997327849 16.5730765526398 -9999 -9999 -9999 -9999 -9999 -9999 -9999 -9999 -9999 -9999 -9999 -9999 -9999 -9999 -9999 -9999 -9999 -9999 -9999 -9999 -9999 -9999 -9999 -9999 -9999 -9999 -9999 -9999 -9999 -9999 -9999 -9999 -9999 -9999 11.1099997516721 11.0949997520074 11.0949997520074 11.044999753125 10.9249997558072 10.77499975916 10.7699997592717 10.6449997620657 10.5699997637421 10.4449997665361 10.339999768883 10.2599997706711 10.2799997702241 10.2849997701123 10.339999768883 10.4799997657537 10.4599997662008
12.0549997305498 12.2349997265264 12.3599997237325 11.499999742955 11.6649997392669 11.8549997350201 11.9549997327849 12.0649997303262 12.1549997283146 12.0699997302145 11.3669997459278 5.88619986843318 -9999 -9999 -9999 -9999 20.8143543734726 20.8143543734726 -9999 -9999 -9999 -9999 -9999 -9999 -9999 -9999 -9999 -9999 -9999 -9999 -9999 -9999 -9999 -9999 -9999 -9999 -9999 -9999 -9999 -9999 -9999 -9999 -9999 -9999 -9999 8.8399998024106 12.8936483604531 11.2299997489899 11.189999749884 11.169999750331 10.9599997550249 10.8149997582659 10.6849997611716 10.6349997622892 10.5349997645244 10.4999997653067 10.4399997666478 10.4699997659773 10.4199997670949 10.504999765195 10.5449997643009 10.6599997617304
12.1899997275323 12.5199997201562 12.6599997170269 12.5824997187592 12.4899997208267 12.5299997199327 12.5749997189268 12.1599997282028 12.2099997270852 12.2399997264147 12.1399997286499 11.3029997473583 11.4339471128524 12.2055552827401 10.0799997746944 10.0799997746944 10.0549997752532 20.2756972212214 -9999 -9999 -9999 -9999 -9999 -9999 -9999 -9999 -9999 -9999 -9999 -9999 -9999 -9999 -9999 -9999 -9999 -9999 -9999 -9999 -9999 -9999 -9999 -9999 -9999 -9999 -9999 -9999 -9999 -9999 11.3499997463077 11.4499997440726 11.5449997419491 11.4249997446314 11.0949997520074 10.9299997556955 10.899999756366 10.7599997594953 10.5949997631833 10.5249997647479 10.484999765642 10.5299997646362 10.6749997613952 10.6699997615069
12.7749997144565 12.6699997168034 12.8649997124448 12.3149997247383 12.2549997260794 12.4699997212738 12.6849997164682 12.4649997213855 12.4499997217208 12.1349997287616 12.0149997314438 11.0749997524545 11.172999750264 10.8299997579306 10.7499997597188 10.4349997667596 10.3299997691065 -9999 -9999 -9999 -9999 -9999 -9999 -9999 -9999 -9999 -9999 -9999 -9999 -9999 -9999 -9999 -9999 -9999 -9999 -9999 -9999 -9999 -9999 -9999 -9999 -9999 -9999 -9999 -9999 -9999 -9999 -9999 11.7749997368082 11.7449997374788 11.7599997371435 11.6649997392669 11.5399997420609 11.334999746643 11.1349997511134 10.8949997564778 10.7699997592717 10.6649997616187 10.8049997584894 10.919999755919 10.6999997608364 10.8349997578189
11.6699997391552 12.5699997190386 12.5699997190386 13.2174997045659 13.137499706354 12.5724997189827 11.9799997322261 11.934999733232 12.1499997284263 12.2274997266941 11.2424997487105 11.4749997435138 11.209999749437 10.8699997570366 10.9649997549132 9.53499978687614 10.4674997660331 -9999 -9999 -9999 -9999 -9999 -9999 -9999 -9999 -9999 -9999 -9999 -9999 -9999 -9999 -9999 -9999 -9999 -9999 -9999 -9999 -9999 -9999 -9999 -9999 -9999 -9999 -9999 -9999 -9999 -9999 -9999 11.8349997354671 11.8449997352436 11.7849997365847 11.5999997407198 11.499999742955 11.3949997453019 11.334999746643 11.2599997483194 11.0699997525662 10.7499997597188 10.8249997580424 10.9049997562543 11.0049997540191 11.044999753125
11.5399997420609 12.7674997146241 12.5749997189268 13.117499706801 12.6499997172505 12.7399997152388 12.1399997286499 12.1499997284263 12.1499997284263 11.8699997346848 11.604999740608 11.604999740608 11.9874997320585 11.0299997534603 11.3374997465871 6.69999985024333 -9999 -9999 -9999 -9999 -9999 -9999 -9999 -9999 -9999 -9999 -9999 -9999 -9999 -9999 -9999 -9999 -9999 -9999 -9999 -9999 -9999 -9999 -9999 -9999 -9999 -9999 -9999 -9999 -9999 -9999 -9999 -9999 10.5457497642841 11.894999734126 11.8099997360259 11.7399997375906 11.5949997408316 11.459999743849 11.5349997421727 11.479999743402 11.3299997467548 10.9599997550249 10.9649997549132 11.1999997496605 11.3499997463077 11.3599997460842
12.1199997290969 11.4349997444078 12.7199997156858 13.0474997083656 12.992499709595 13.1599997058511 13.1099997069687 12.5949997184798 12.0974997295998 12.0924997297116 12.2149997269735 12.204999727197 11.9424997330643 10.7866664255659 11.1499997507781 -9999 -9999 -9999 -9999 -9999 -9999 -9999 -9999 -9999 -9999 -9999 -9999 -9999 -9999 -9999 -9999 -9999 -9999 -9999 -9999 -9999 -9999 -9999 -9999 -9999 -9999 -9999 -9999 -9999 -9999 -9999 -9999 -9999 -9999 8.9991997988522 11.7849997365847 11.789999736473 11.7399997375906 11.6699997391552 11.624999740161 11.5749997412786 11.4649997437373 11.2249997491017 11.169999750331 11.1849997499958 11.3849997455254 11.6699997391552
13.1949997050688 13.1199997067451 13.1549997059628 13.1149997068569 13.1099997069687 12.329999724403 12.3349997242913 12.4866663875679 12.079999729991 12.2674997258 12.1749997278675 11.2233330824723 11.0499997530133 10.6049997629598 10.3549997685477 12.2421425835096 -9999 -9999 -9999 -9999 -9999 -9999 -9999 -9999 -9999 -9999 -9999 -9999 -9999 -9999 -9999 -9999 -9999 -9999 -9999 -9999 -9999 -9999 -9999 -9999 -9999 -9999 -9999 -9999 -9999 -9999 11.209999749437 11.2999997474253 10.8549997573718 -9999 11.5949583295733 11.7449997374788 11.6699997391552 11.6649997392669 11.6999997384846 11.6849997388199 11.624999740161 11.5699997413903 11.5249997423962 11.4099997449666 11.6699997391552 11.8149997359142
13.1924997051246 12.94785685345 12.9464282820533 13.1824997053482 13.0824997075833 12.986666376392 13.0399997085333 13.0299997087568 12.2399997264147 12.1887497275602 12.2983330584442 11.3416664131607 11.0133330871662 10.8349997578189 12.4536360852759 -9999 -9999 -9999 -9999 -9999 -9999 -9999 -9999 -9999 -9999 -9999 -9999 -9999 -9999 -9999 -9999 -9999 -9999 -9999 -9999 -9999 -9999 -9999 -9999 -9999 -9999 -9999 -9999 -9999 -9999 -9999 -9999 11.8653258217458 11.1249997513369 11.2149997493252 11.3399997465312 11.3399997465312 11.7599997371435 11.6699997391552 11.7099997382611 11.8099997360259 11.7549997372553 11.7099997382611 11.5749997412786 11.4949997430667 11.5799997411668 11.644999739714
12.9674997101538 13.2399997040629 12.9399997107685 12.8224997133948 12.9062497115228 12.7599997147918 12.6437497173902 12.682499716524 12.9674997101538 12.9024997116067 12.0637497303542 11.4674997436814 10.7849997589365 9.53749978682026 15.5571049154295 -9999 -9999 -9999 -9999 -9999 -9999 -9999 -9999 -9999 -9999 -9999 -9999 -9999 -9999 -9999 -9999 -9999 -9999 -9999 -9999 -9999 -9999 -9999 -9999 -9999 -9999 -9999 -9999 -9999 -9999 -9999 -9999 -9999 -9999 -9999 11.3299997467548 11.354999746196 11.5499997418374 11.6349997399375 11.7399997375906 11.8099997360259 11.8449997352436 11.8049997361377 11.7299997378141 11.6549997394904 11.6949997385964 11.6099997404963
13.2124997046776 13.1724997055717 13.1349997064099 13.1399997062981 13.1224997066893 13.0799997076392 11.3749997457489 11.3699997458607 11.7349997377023 11.7349997377023 11.7474997374229 11.2224997491576 10.961249754997 10.7071426178196 10.278749770252 -9999 -9999 -9999 -9999 -9999 -9999 -9999 -9999 -9999 -9999 -9999 -9999 -9999 -9999 -9999 -9999 -9999 -9999 -9999 -9999 -9999 -9999 -9999 -9999 -9999 -9999 -9999 -9999 -9999 -9999 -9999 -9999 -9999 -9999 -9999 -9999 -9999 10.3379997689277 11.7399997375906 11.6749997390434 11.7749997368082 11.8349997354671 11.8649997347966 11.9199997335672 11.9999997317791 11.934999733232 11.7449997374788
