EcologicalScience/Bass/data/rs_data_bass/sst_171.asc
NCOLS 226 
NROWS 124 
XLLCORNER -9.41648524995501 
YLLCORNER 47.587301625531 
CELLSIZE 0.0833 
NODATA_value -9999 
[rows 0 to 26 of 124, columns 62 to 123 of 226]
-9999 -9999 -9999 -9999 -9999 -9999 -9999 -9999 -9999 -9999 -9999 -9999 -9999 -9999 -9999 -9999 -9999 -9999 -9999 -9999 -9999 -9999 -9999 -9999 -9999 -9999 -9999 -9999 -9999 -9999 -9999 -9999 -9999 -9999 -9999 -9999 -9999 -9999 -9999 -9999 -9999 -9999 -9999 -9999 -9999 -9999 -9999 -9999 -9999 -9999 -9999 -9999 -9999 -9999 -9999 -9999 -9999 -9999 -9999 -9999 -9999 -9999
-9999 -9999 -9999 -9999 -9999 -9999 -9999 -9999 -9999 -9999 -9999 -9999 -9999 -9999 -9999 -9999 -9999 -9999 -9999 -9999 -9999 -9999 -9999 -9999 -9999 -9999 -9999 -9999 -9999 -9999 -9999 -9999 -9999 -9999 -9999 -9999 -9999 -9999 -9999 -9999 -9999 -9999 -9999 -9999 -9999 -9999 -9999 -9999 -9999 -9999 -9999 -9999 -9999 -9999 -9999 -9999 -9999 -9999 -9999 -9999 -9999 -9999
-9999 -9999 -9999 -9999 -9999 -9999 -9999 -9999 -9999 -9999 -9999 -9999 -9999 -9999 -9999 -9999 -9999 -9999 -9999 -9999 -9999 -9999 -9999 -9999 -9999 -9999 -9999 -9999 -9999 -9999 -9999 -9999 -9999 -9999 -9999 -9999 -9999 -9999 -9999 -9999 -9999 -9999 -9999 -9999 -9999 -9999 -9999 -9999 -9999 -9999 -9999 -9999 -9999 -9999 -9999 -9999 -9999 -9999 -9999 -9999 -9999 -9999
-9999 -9999 -9999 -9999 -9999 -9999 -9999 -9999 -9999 -9999 -9999 -9999 -9999 -9999 -9999 -9999 -9999 -9999 -9999 -9999 -9999 -9999 -9999 -9999 -9999 -9999 -9999 -9999 -9999 -9999 -9999 -9999 -9999 -9999 -9999 -9999 -9999 -9999 -9999 -9999 -9999 -9999 -9999 -9999 -9999 -9999 -9999 -9999 -9999 -9999 -9999 -9999 -9999 -9999 -9999 -9999 -9999 -9999 -9999 -9999 -9999 -9999
-9999 -9999 -9999 -9999 -9999 -9999 -9999 -9999 -9999 -9999 -9999 -9999 -9999 -9999 -9999 -9999 -9999 -9999 -9999 -9999 -9999 -9999 -9999 -9999 -9999 -9999 -9999 -9999 -9999 -9999 -9999 -9999 -9999 -9999 -9999 -9999 -9999 -9999 -9999 -9999 -9999 -9999 -9999 -9999 -9999 -9999 -9999 -9999 -9999 -9999 -9999 -9999 -9999 -9999 -9999 -9999 -9999 -9999 -9999 -9999 -9999 -9999
-9999 -9999 -9999 -9999 -9999 -9999 -9999 -9999 -9999 -9999 -9999 -9999 -9999 -9999 -9999 -9999 -9999 -9999 -9999 -9999 -9999 -9999 -9999 -9999 -9999 -9999 -9999 -9999 10.484999765642 12.3912385585053 12.2569200587459 11.3586458812933 12.5351878278889 11.5012461598963 12.2977996021509 12.3207495212555 12.301385527011 12.3372447756119 12.4433881514706 12.3982054982334 12.2841730876826 12.300668342039 12.2425763593055 12.300668342039 12.1981108910404 12.2074342956766 12.1271095788106 12.0905331452377 12.0926847001538 12.1357157984748 12.142170463223 12.1895046713762 12.1852015615441 12.1923734112643 12.2009796309285 12.1636860123836 12.1694234921597 12.339396330528 12.5093691688962 12.6822107471526 12.7517776894383 12.8113040421158
-9999 -9999 -9999 -9999 -9999 -9999 -9999 -9999 -9999 -9999 -9999 -9999 -9999 -9999 -9999 -9999 -9999 -9999 -9999 -9999 -9999 -9999 -9999 -9999 -9999 -9999 -9999 10.357383941859 12.2425763593055 12.3322244808078 12.4541459260508 12.6800591922365 12.5437940475531 12.5932798106223 12.3982054982334 12.4433881514706 12.5050660590641 12.5638752267696 12.500762949232 12.4383678566664 12.419003862422 12.3307901108637 12.2289498448372 12.2497482090257 12.2332529546693 12.1586657175794 12.1500594979152 12.0367442723364 12.1493423129432 12.1579485326074 12.1629688274115 12.1572313476354 12.1536454227753 12.1249580238946 12.1593829025514 12.2124545904808 12.2648090934381 12.6822107471526 12.7618182790466 12.8371227011085 12.8120212270878 12.9906002851203
-9999 -9999 -9999 -9999 -9999 -9999 -9999 -9999 -9999 -9999 -9999 -9999 -9999 -9999 -9999 -9999 -9999 -9999 -9999 -9999 -9999 -9999 -9999 -9999 -9999 -9999 12.5896938857622 12.5057832440361 12.4512771861628 12.5653095967136 12.7424542848021 12.6277046892792 12.6069063250907 12.4663380705751 12.579653296154 12.5072176139802 12.5516830822453 12.5086519839242 12.4813989549875 12.421155417338 12.4519943711348 12.3501541051082 12.2719809431583 12.2942136772908 12.2777184229344 12.1873531164601 12.1938077812083 12.1070283995941 12.2103030355647 12.1306955036707 12.1737266019918 12.2655262784101 12.1780297118239 12.2024140008725 12.2052827407606 12.3910336485133 12.4039429780096 12.539490937721 12.6800591922365 12.5473799724132 12.9568925914355 12.7818994582631
-9999 -9999 -9999 -9999 -9999 -9999 -9999 -9999 -9999 -9999 -9999 -9999 -9999 -9999 -9999 -9999 -9999 -9999 -9999 -9999 -9999 -9999 -9999 -9999 -9999 6.94444637379742 12.4383678566664 12.3623462496325 12.4096804577857 12.4441053364426 12.7073122211732 12.5696127065457 12.4885708047077 12.5624408568256 12.6083406950347 12.6305734291673 12.5939969955944 12.5093691688962 12.4362163017504 12.4462568913586 12.4168523075059 12.3508712900802 12.3465681802481 12.2934964923188 12.2497482090257 12.1256752088666 12.1464735730551 12.1550797927193 12.1852015615441 12.1837671916001 12.2189092552289 12.2160405153409 12.3666493594646 12.3042542668991 12.2691122032702 12.3738212091848 12.4068117178977 12.4950254694559 12.6083406950347 13.1304513546638 13.2695852392353 13.2107760715298
-9999 -9999 -9999 -9999 -9999 -9999 -9999 -9999 -9999 -9999 -9999 -9999 -9999 -9999 -9999 -9999 -9999 -9999 -9999 -9999 -9999 -9999 -9999 -9999 -9999 11.2036143965088 12.299951157067 12.3365275906399 12.3931852034293 12.4950254694559 12.578936111182 12.6061891401187 12.6011688453145 12.5961485505104 12.6226843944751 12.6090578800067 12.5753501863219 12.6047547701746 12.5480971573852 12.4527115561068 12.419003862422 12.3781243190169 12.3601946947165 12.3064058218151 12.3128604865633 12.2174748852849 12.3300729258917 12.2762840529904 12.2024140008725 12.221060810145 12.1895046713762 12.1177861741744 12.1765953418799 12.3831446138211 12.500762949232 12.4720755503513 12.5631580417976 12.6736045274884 12.8873256491497 13.0601672274061 13.2007354819216 13.3240912971087
-9999 -9999 -9999 -9999 -9999 -9999 -9999 -9999 -9999 -9999 -9999 -9999 -9999 -9999 -9999 -9999 -9999 -9999 -9999 -9999 -9999 -9999 -9999 -9999 9.69267641879352 12.7996241725715 12.1098971394822 12.2518997639418 12.6900997818448 12.6398968338035 12.422589787282 12.4505600011908 12.5975829204544 12.6040375852026 12.5380565677769 12.5645924117416 12.5904110707343 12.5287331631407 12.5595721169375 12.5129550937563 12.382427428849 12.4347819318064 12.3128604865633 12.2483138390817 12.2375560645014 12.1593829025514 12.0109256133437 12.2311013997532 12.2949308622628 12.3867305386811 12.3594775097445 12.3436994403601 12.4369334867224 12.4519943711348 12.7711416836828 12.5093691688962 12.5516830822453 12.8944974988699 13.0637531522661 13.2480696900748 13.2724539791234 13.4130222336389
-9999 -9999 -9999 -9999 -9999 -9999 -9999 -9999 -9999 -9999 -9999 -9999 -9999 -9999 -9999 -9999 -9999 -9999 -9999 -9999 -9999 -9999 -9999 -9999 12.1571416995139 12.8622241751291 12.6499374234118 12.4763786601834 12.5667439666577 12.5932798106223 12.5086519839242 12.5108035388403 12.5251472382806 12.5072176139802 12.4756614752114 12.4541459260508 12.4398022266105 12.5093691688962 12.5065004290082 12.4512771861628 12.4713583653793 12.3365275906399 12.2318185847253 12.299951157067 12.2533341338858 12.2246467350051 12.3358104056679 12.1909390413202 12.2375560645014 12.2576372437179 12.2590716136619 12.1773125268519 12.459166220855 12.7173528107814 12.5229956833646 12.6126438048668 12.4871364347637 12.7948087877594 13.3900723145343 13.6862697079778 13.4101534937508 13.4940641354769
-9999 -9999 -9999 -9999 -9999 -9999 -9999 -9999 -9999 -9999 -9999 -9999 -9999 -9999 -9999 -9999 -9999 -9999 -9999 -9999 -9999 -9999 -9999 6.46499985549599 12.9274880075827 12.6528061632998 12.5983001054265 12.6951200766489 12.5767845562659 12.5373393828049 12.6069063250907 12.5308847180568 12.6743217124604 12.4907223596238 12.3924680184573 12.3128604865633 12.3594775097445 12.3594775097445 12.380275873933 12.3874477236532 12.3573259548284 12.2059999257326 12.2253639199771 12.2848902726546 12.2518997639418 12.2662434633821 12.5215613134205 12.2253639199771 12.0769066307694 12.0016022087075 12.0568254515529 12.0855128504336 12.1608172724955 12.8213446317241 13.1290169847198 12.4118320127018 13.7916958988644 13.8978392747231 13.3016195013188 13.5801263321191 13.3915066844784 13.3714255052619
-9999 -9999 -9999 -9999 -9999 -9999 -9999 -9999 -9999 -9999 -9999 -9999 -9999 -9999 -9999 -9999 -9999 -9999 -9999 -9999 -9999 6.38869504472555 12.8399914409965 12.9719534758478 12.7747276085429 12.6757560824044 12.6886654119007 12.697988816537 12.6836451170966 12.7331308801658 12.7833338282071 12.6721701575443 12.6470686835237 12.5208441284485 12.3731040242128 12.1744437869638 12.1708578621037 12.1615344574675 12.1077455845661 11.9929959890433 11.8079622662626 12.1199377290905 12.222495180089 12.1873531164601 12.1371501684189 12.1393017233349 12.1206549140625 12.0525223417208 12.0482192318887 12.0482192318887 12.2189092552289 12.3236182611436 12.4182866774499 12.579653296154 13.0049439845607 12.8148899669759 13.1311685396358 13.3097475976683 13.2471134434454 13.3150069541298 13.4531845920719 13.3527786959894
-9999 -9999 -9999 -9999 -9999 -9999 -9999 -9999 -9999 -9999 -9999 -9999 -9999 -9999 -9999 -9999 -9999 -9999 -9999 -9999 6.72051799728462 11.3503982541151 13.0078127244487 12.9217505278066 12.9031037185341 12.4476912613027 10.8885311321355 12.8299508513883 12.7524948744103 12.7582323541865 12.6865138569847 12.6133609898388 12.6234015794471 12.6506546083838 12.539490937721 12.3372447756119 12.0876644053496 12.0826441105455 12.0381786422804 11.9478133358061 12.0066225035116 12.1586657175794 12.2798699778505 12.3315072958358 12.3142948565073 12.1285439487547 12.2691122032702 12.419003862422 12.3508712900802 12.4311960069463 12.4785302150995 12.4390850416385 12.3774071340449 12.2346873246133 12.4573732584249 13.0250251637772 13.0931577361189 13.5050609717146 13.4952594437636 13.2069510850124 13.3674809879158 13.6520838909782
-9999 -9999 -9999 -9999 -9999 -9999 -9999 -9999 -9999 -9999 -9999 -9999 -9999 -9999 -9999 -9999 -9999 -9999 -9999 -9999 10.4712877616958 12.3049714518711 12.5050660590641 12.9418317070231 12.8668858774472 12.8368836394511 12.9414731145371 12.9249778601807 12.7466139576398 12.5065004290082 12.5108035388403 12.4885708047077 12.6140781748109 12.5208441284485 12.4857020648196 12.4032257930376 12.0116427983157 11.9392071161419 12.0546738966368 11.8818323183805 12.0396130122244 12.1177861741744 12.1543626077473 12.2339701396413 12.1981108910404 12.0826441105455 12.381710243877 12.4914395445958 12.7094637760893 12.7632526489906 12.6836451170966 12.7661213888787 12.6499374234118 12.7503433194943 13.0852687014267 13.0902889962308 13.7027649623342 13.1158685935661 12.0797753706574 11.6164738787338 12.5949532422237 13.4463713348377
-9999 -9999 -9999 -9999 -9999 -9999 -9999 -9999 -9999 -9999 -9999 -9999 -9999 -9999 -9999 -9999 -9999 -9999 7.50862308847718 12.5896938857622 12.567700213287 12.5564643153921 12.5097277613822 12.6671498627402 12.6520889783278 13.0563422408886 12.8163243369199 12.8324609987903 12.619815654587 12.5093691688962 12.4727927353233 12.5165410186164 12.5194097585045 12.4168523075059 12.3709524692968 12.340830700472 12.141453278251 12.1271095788106 11.9456617808901 12.0180974630639 12.1722922320478 12.2296670298092 12.2153233303688 12.3537400299683 12.3637806195766 12.4082460878417 12.6112094349228 12.6441999436356 12.7869197530672 12.9662159960717 13.0013580597006 13.0415204181336 13.020004868973 12.9475691867992 13.3754895534366 13.4531845920719 13.4201940833591 13.5700857425109 13.6202886905521 12.939680152107 13.4302346729673 13.6303292801604
-9999 -9999 -9999 -9999 -9999 -9999 -9999 -9999 -9999 -9999 -9999 -9999 -9999 -9999 -9999 -9999 8.7693823518542 12.7625354640186 12.8930631289259 12.9999236897565 13.2122104414739 13.1010467708111 13.0953092910349 13.0802484066226 13.0266985953785 12.9939471483231 12.6241187644191 12.5480971573852 12.5932798106223 12.5423596776091 12.5136722787283 12.4010742381215 12.3881649086252 12.3092745617032 12.2275154748932 12.3078401917592 12.2834559027106 11.9886928792112 12.0202490179799 12.1213720990345 12.259788798634 12.1902218563482 12.1959593361244 12.4139835676178 12.500762949232 12.539490937721 12.6542405332439 12.7826166432351 12.7869197530672 12.8851740942337 13.1053498806432 13.3441724763252 13.5944700315595 13.5055390950292 13.2287056958303 13.5084078349173 13.6131168408319 13.6195715055801 13.5708029274829 13.6267433553003 13.6597338640131 13.7450788756832
-9999 -9999 -9999 -9999 -9999 -9999 -9999 -9999 -9999 -9999 8.4874670074593 7.06834346292246 8.49118120292633 -9999 -9999 -9999 7.14769431808963 13.0601672274061 13.0759452967905 13.0551469326019 13.1548356437124 13.1404919442721 13.0745109268464 12.9590441463515 12.5667439666577 12.4398022266105 12.4398022266105 12.6535233482718 12.5918454406783 12.4950254694559 12.7795088416897 12.539490937721 12.3401135155 12.2260811049491 12.2110202205367 12.1271095788106 12.1959593361244 12.2303842147812 12.0747550758533 12.0833612955175 11.9929959890433 12.062562931329 12.1794640817679 12.2346873246133 12.3931852034293 12.5158238336444 12.7567979842424 12.7288277703337 12.9590441463515 13.1419263142161 13.4295174879953 13.6461073495448 13.6260261703283 13.7113711819984 13.6009246963076 13.7077852571383 13.7536850953475 13.7199774016626 13.6726431935094 13.6812494131736 13.3707083202899 13.7214117716067
-9999 -9999 -9999 -9999 -9999 -9999 -9999 -9999 -9999 -9999 -9999 -9999 -9999 -9999 -9999 -9999 -9999 7.21499983873218 9.10776084661484 13.0501266377978 13.3649708405137 13.3040101178922 13.0271767186932 13.0687734470703 13.0121158342808 12.6463514985517 12.5961485505104 12.7869197530672 12.8385570710525 12.620532839559 12.6764732673764 12.6441999436356 12.5437940475531 12.3401135155 12.1773125268519 12.261223168578 12.18018126674 12.0890987752937 12.2167577003129 12.101290919818 11.9729148098268 12.0023193936795 12.1665547522716 12.1608172724955 12.4096804577857 12.5316019030288 13.0228736088611 13.0443891580217 13.1634418633766 13.5112765748054 13.6719260085374 13.6360667599365 13.6396526847966 13.6626026039012 13.6805322282016 13.6862697079778 13.7988677485846 13.9996795407496 13.8519394365139 13.7881099740043 13.7479476155713 13.7945646387525
-9999 -9999 -9999 -9999 -9999 -9999 -9999 -9999 -9999 -9999 -9999 -9999 -9999 -9999 7.63103021629681 12.8457289207727 13.1699989831208 13.0207220539451 12.1751609719358 12.8866084641777 12.6528061632998 13.0243079788052 13.0759452967905 12.9167302330025 13.0350657533854 13.0479750828817 12.9023865335621 12.89808342373 12.9525894816034 12.7481917645782 12.6642811228521 12.578936111182 12.461317775771 12.3372447756119 12.3243354461156 12.3056886368431 12.1887874864042 12.1557969776914 12.1185033591464 12.2547685038298 12.3114261166193 12.3738212091848 12.4369334867224 12.3953367583454 12.5308847180568 12.8457289207727 12.9999236897565 13.1168248401955 13.3491927711293 13.5492873783223 13.6439557946287 13.7085024421103 13.7307351762429 13.8311410723254 14.0713980379514 13.9315469684079 13.972426511813 14.0651824348606 14.2012085178867 14.1060619782656 13.854808176402 13.7099368120544
-9999 -9999 -9999 -9999 -9999 -9999 -9999 -9999 -9999 -9999 -9999 -9999 11.1126038912366 13.1401845792841 12.860789805185 12.8901943890378 13.0042267995887 12.6721701575443 12.6657154927962 13.0142673891969 13.1175420251675 13.2738883490674 13.3197881872766 13.2911007883959 13.3126163375564 13.2373119154945 13.1634418633766 12.9762565856799 12.8349711461924 12.883978785947 13.2229682160541 12.9052552734502 13.0336313834414 12.7842900748365 12.6645201845095 12.1249580238946 12.6556749031879 12.299233972095 12.4957426544279 12.380993058905 12.5323190880008 12.4132663826458 12.6434827586636 12.7919400478713 12.9009521636181 12.8356883311644 12.7238074755296 13.5578935979865 13.5041047250852 13.6238746154122 13.8196661127731 13.733603916131 13.9595171823166 13.894970534835 14.0075685754418 14.132358760573 14.3941312753595 14.1481368299574 14.5533463391475 14.0269325696863 14.1751507972367 14.0226294598542
-9999 -9999 -9999 -9999 -9999 -9999 -9999 -9999 -9999 -9999 11.4300057860091 12.9959393288009 13.2473525051028 13.2416150253266 13.1799371177331 13.0271767186932 13.0852687014267 13.0752281118184 12.2848902726546 13.1146732852794 13.0953092910349 13.3413037364371 13.3527786959894 13.3004241930321 13.2703024242073 13.1447950541042 13.2387462854385 12.9547410365194 13.3432162296958 13.3188319406472 13.2016917285509 12.9561754064634 13.5801263321191 13.4775688811205 13.1196935800835 13.0673390771262 12.1106143244542 12.3293557409197 12.6269875043072 12.3709524692968 12.5524002672173 12.5961485505104 12.7481917645782 12.9461348168552 13.1720480830409 13.4818719909526 13.3950926093385 13.5543076731265 13.6511276443489 13.8727378007025 13.9674062170088 13.7371898409911 13.7235633265227 13.7228461415507 13.6977446675301 13.7551194652915 13.8598284712061 14.4780419170856 14.5476088593714 14.3862422406673 14.3467970672064 13.4338205978274
-9999 -9999 -9999 -9999 -9999 -9999 -9999 -9999 -9999 -9999 13.0049997093156 13.3869645129889 13.283450815361 13.7522507254034 13.9996795407496 11.8036591564305 11.0599997527897 -9999 -9999 9.22999979369342 8.53458832123708 8.64777093745667 13.376445800066 13.256675909739 13.69415874267 13.1505325338803 13.0927991436329 12.9931104325224 13.1351130569819 13.6998962224461 13.1096529904753 12.8500320306048 13.4331034128554 13.1498153489083 12.9052552734502 12.9181646029465 12.5610064868815 12.620532839559 12.5437940475531 12.4892879896797 12.6965544465929 12.819193076808 12.8270821115002 12.7481917645782 13.3649708405137 13.494781320449 13.6188543206081 13.6210058755241 13.615268395748 13.6690572686493 13.7967161936685 13.8763237255625 13.8634143960662 13.8024536734447 13.7214117716067 13.6927243727259 13.6188543206081 14.0326700494625 13.9853358413093 14.5590838189237 14.2851191596128 14.572710333392
-9999 -9999 -9999 -9999 -9999 -9999 -9999 -9999 -9999 -9999 -9999 -9999 -9999 -9999 -9999 -9999 -9999 -9999 -9999 -9999 -9999 -9999 -9999 -9999 11.4049794471624 12.777237755945 13.7400585808791 13.5901669217274 13.6905728178099 13.6339152050205 13.4230628232472 13.3936582393944 13.4402752625756 13.3090304126963 13.258110279683 13.2659993143752 12.6664326777682 12.7618182790466 12.8062837473117 12.8830225393176 12.8564866953529 13.0293282736093 12.9884487302043 13.2502212449908 13.7780693843961 13.6819665981457 13.6267433553003 13.6991790374741 13.6575823090971 13.7673116098158 13.7536850953475 14.4665669575334 14.5992461773567 13.7852412341163 14.2750785700046 14.6688131196424 14.6444288305938 14.6845911890268 14.7139957728796 14.6429944606498 13.2150791813619 14.1502883848734
-9999 -9999 -9999 -9999 -9999 -9999 -9999 -9999 -9999 -9999 -9999 -9999 -9999 -9999 -9999 -9999 -9999 -9999 -9999 -9999 -9999 -9999 -9999 -9999 -9999 10.6396679468453 12.002429729829 13.2448423577007 13.7852412341163 13.6260261703283 13.5270546441898 13.5664998176508 13.4797204360366 13.3685567653738 13.3671223954298 13.0372173083015 12.8536179554649 13.0329141984694 13.1455122390762 12.9066896433942 13.1096529904753 13.6109652859159 13.8691518758424 13.8648487660103 13.9509109626524 14.1022369917482 13.8225348526612 13.7622913150117 13.7637256849557 14.5504775992595 14.4199499343522 14.6272163912654 14.7175816977397 14.7677846457809 14.7555925012566 14.8825342413038 14.9126560101286 14.1251869108528 14.1251869108528 14.0964995119721 14.0398418991826 14.0247810147703
-9999 -9999 -9999 -9999 -9999 -9999 -9999 -9999 -9999 -9999 -9999 -9999 -9999 -9999 -9999 -9999 -9999 -9999 -9999 -9999 -9999 -9999 -9999 -9999 -9999 -9999 -9999 12.2536030782503 13.8053224133328 13.6719260085374 13.6367839449085 13.5571764130145 13.5263374592178 13.3004241930321 13.0056611695327 12.7159184408374 12.8944974988699 13.1419263142161 13.4517502221279 13.6095309159718 14.1359446854331 14.1710867490619 14.1237525409088 14.054185598623 13.9552140724845 14.0384075292386 14.1237525409088 13.9064454943873 13.9265266736038 13.9781639915891 14.6989348884672 14.2650379803963 14.3647266915068 14.6630756398663 14.7484206515364 14.9198278598487 14.9664448830299 15.0646992241964 14.1072572865523 14.1646320843138 14.7921689348295 14.8144016689621
