EcologicalScience/Bass/data/rs_data_bass/sst_167.asc
NCOLS 226 
NROWS 124 
XLLCORNER -9.41648524995501 
YLLCORNER 47.587301625531 
CELLSIZE 0.0833 
NODATA_value -9999 
[rows 54 to 80 of 124, columns 0 to 61 of 226]
-9999 -9999 -9999 -9999 -9999 -9999 -9999 -9999 -9999 -9999 -9999 -9999 -9999 -9999 -9999 -9999 -9999 -9999 -9999 -9999 -9999 -9999 -9999 -9999 -9999 -9999 -9999 -9999 -9999 -9999 -9999 -9999 -9999 -9999 -9999 -9999 -9999 -9999 12.5559065048583 15.3899426090065 14.8750037990976 14.8778725389857 15.0646992241964 14.7114856254775 14.572710333392 14.5569322640076 14.6939145936631 14.6716818595305 14.5598010038957 14.5755790732801 14.4457685933448 14.5296792350709 14.6351054259576 14.73192539718 15.1349833514541 15.4204229703173 15.1823175596073 15.7295296932571 14.2197647418149 12.4602213196575 -9999 15.844996473752
-9999 -9999 -9999 -9999 -9999 -9999 -9999 -9999 -9999 -9999 -9999 -9999 -9999 -9999 -9999 -9999 -9999 -9999 -9999 -9999 -9999 -9999 -9999 -9999 -9999 -9999 -9999 -9999 -9999 -9999 -9999 -9999 -9999 -9999 -9999 -9999 -9999 -9999 13.6099996957928 15.844996473752 15.5251319762319 14.9097872702405 14.6566209751181 14.5379268622492 15.4279534125235 14.5981703998987 14.5189214604907 14.649449125398 14.6013977322727 14.4357280037366 14.4823450269178 14.532547974959 14.9944150969386 14.9219794147648 15.6201589850243 15.4767219906207 15.8252738870215 15.9550843669567 5.83507558270808 13.6649996945634 -9999 15.4499996546656
-9999 -9999 -9999 -9999 -9999 -9999 -9999 -9999 -9999 -9999 -9999 -9999 -9999 -9999 -9999 -9999 -9999 -9999 -9999 -9999 -9999 -9999 -9999 -9999 -9999 -9999 -9999 -9999 -9999 -9999 -9999 -9999 -9999 -9999 -9999 -9999 -9999 -9999 -9999 14.9647898407868 14.9209036373068 14.8147602614481 14.7405316168442 14.9578386633657 14.7649159058928 14.6243476513773 14.690328668803 14.6774193393067 14.6042664721608 14.6630756398663 14.9026154205203 15.1564989006147 15.2447126521729 15.0252540507354 15.409665195737 15.4799493229948 15.5936231410597 16.1849421504885 16.3728446131572 5.95939610231917 18.9649995760992 -9999
-9999 -9999 -9999 -9999 -9999 -9999 -9999 -9999 -9999 -9999 -9999 -9999 -9999 -9999 -9999 -9999 -9999 -9999 -9999 -9999 -9999 -9999 -9999 -9999 -9999 -9999 -9999 -9999 -9999 -9999 -9999 -9999 -9999 -9999 -9999 -9999 -9999 -9999 -9999 15.064999663271 14.9850916923024 14.6867427439429 14.6673787496984 14.651242087828 14.65016631037 14.7469862815924 14.5615939663257 14.6673787496984 14.5906399576925 14.5913571426645 14.1897335583344 14.5899227727205 14.9972838368267 15.008041611407 15.049638339784 14.9657276980579 15.3608966176398 15.4204229703173 15.9238868206739 16.5277565671131 16.6178145085994 -9999
-9999 -9999 -9999 -9999 -9999 -9999 -9999 -9999 -9999 -9999 -9999 -9999 -9999 -9999 -9999 -9999 -9999 -9999 -9999 -9999 -9999 -9999 -9999 -9999 -9999 -9999 -9999 -9999 -9999 -9999 -9999 -9999 -9999 -9999 -9999 -9999 -9999 -9999 -9999 -9999 15.0324259004556 15.2056260711979 14.7347941370681 15.2941984152421 14.8968779407442 14.6308023161255 14.7789010128472 14.6290093536954 14.7100512555335 14.5246589402668 14.6300851311535 14.6437116456218 14.6795708942227 14.7405316168442 14.610003951937 15.6735892654397 15.3142795944586 15.9497054796666 15.6111941728741 16.7432706512045 16.8709295762237 15.9099996443838
-9999 -9999 -9999 -9999 -9999 -9999 -9999 -9999 -9999 -9999 -9999 -9999 -9999 -9999 -9999 -9999 -9999 -9999 -9999 -9999 -9999 -9999 -9999 -9999 -9999 -9999 -9999 -9999 -9999 -9999 -9999 -9999 -9999 -9999 -9999 -9999 -9999 -9999 -9999 11.4649997437373 15.8318480825983 15.0632648542523 15.6144215052482 15.3935285338666 15.0184407935012 14.9420605939813 14.81009855913 14.809022781672 14.7735221255571 14.6781365242787 14.7527237613685 14.49023406161 14.8818170563318 15.1435895711184 15.0603961143643 15.4448072593659 15.3472701031715 16.4191030438524 16.4703817693517 16.8583788392134 -9999 -9999
-9999 -9999 -9999 -9999 -9999 -9999 -9999 -9999 -9999 -9999 -9999 -9999 -9999 -9999 -9999 -9999 -9999 -9999 -9999 -9999 -9999 -9999 -9999 -9999 -9999 -9999 -9999 -9999 -9999 -9999 -9999 -9999 -9999 -9999 -9999 -9999 -9999 -9999 -9999 15.1585608074092 15.4717016958166 15.2916882678401 15.3124866320286 14.849543732591 14.6358226109296 14.453299035551 14.4170811944641 14.7279808798339 14.7950376747176 14.6322366860695 14.8000579695217 14.852412472479 15.0933866230771 15.010193166323 14.9750511026941 15.6499221613631 16.007438869914 13.9149996889755 12.6587922568811 17.5310983429663 17.1671269696672 17.4583040683065
-9999 -9999 -9999 -9999 -9999 -9999 -9999 -9999 -9999 -9999 -9999 -9999 -9999 -9999 -9999 -9999 -9999 -9999 -9999 -9999 -9999 -9999 -9999 -9999 -9999 -9999 -9999 -9999 -9999 -9999 -9999 -9999 -9999 -9999 -9999 -9999 -9999 -9999 -9999 15.354681014549 15.2803328391165 15.1634316886775 15.0231024958193 14.7233191775158 14.4231772667263 14.5773720357101 14.6978591110092 14.8151188539341 14.7907345648855 14.7132785879076 14.6214789114892 14.8825342413038 15.0611132993363 15.5581224849448 15.1970198515337 15.4734946582466 16.1343806099612 16.6127429862972 16.9200567468069 17.321680331137 17.3134327039588 17.3356654380914
-9999 -9999 -9999 -9999 -9999 -9999 -9999 -9999 -9999 -9999 -9999 -9999 -9999 -9999 -9999 -9999 -9999 -9999 -9999 -9999 -9999 -9999 -9999 -9999 -9999 -9999 -9999 -9999 -9999 -9999 -9999 -9999 -9999 -9999 -9999 -9999 -9999 -9999 15.2798547158018 15.394843372982 15.0930280305911 15.088366328273 14.8452406227589 14.4353694112506 14.6161000241991 14.5691244085319 14.7548753162846 14.7125614029355 14.6573381600901 14.8050782643259 15.0797601086088 15.128528686706 15.3867152766325 15.2913296753541 15.250091539463 15.3261131464969 15.4982375397813 15.9332102253102 16.8232367755845 17.1570863800589 16.9673909549601 17.3761863890104
-9999 -9999 -9999 -9999 -9999 -9999 -9999 -9999 -9999 -9999 -9999 -9999 -9999 -9999 -9999 -9999 -9999 -9999 -9999 -9999 -9999 -9999 -9999 -9999 -9999 -9999 -9999 -9999 -9999 -9999 -9999 -9999 -9999 -9999 -9999 -9999 -9999 -9999 15.209391292301 14.8581499522552 14.7649159058928 14.5275276801549 14.6239890588913 14.5508361917455 14.6623584548943 14.7340769520961 14.771370570641 14.8165532238781 14.610003951937 14.6946317786351 15.1199224670418 15.3006530799903 15.3981902361847 15.4448072593659 15.2949156002142 15.3852809066884 15.8579058032483 16.1397594972514 16.5370799717493 16.8633991340175 17.4235205971636 17.5275124181062
-9999 -9999 -9999 -9999 -9999 -9999 -9999 -9999 -9999 -9999 -9999 -9999 -9999 -9999 -9999 -9999 -9999 -9999 -9999 -9999 -9999 -9999 -9999 -9999 -9999 -9999 -9999 -9999 -9999 -9999 -9999 -9999 -9999 -9999 -9999 -9999 -9999 15.0300352838822 15.3764356253669 15.2138736983761 15.050355524756 15.0274056056514 15.1110771857202 14.8787092547864 14.4873653217219 14.5569322640076 14.5676900385879 14.6989348884672 14.8014923394658 14.7405316168442 15.0180822010152 15.0238196807913 15.1543473456986 15.1077303225175 15.568880259525 15.5050507970154 15.647770606447 16.2982573760673 16.5743735902943 16.880611573346 17.4098940826952 17.5970793603919
-9999 -9999 -9999 -9999 -9999 -9999 -9999 -9999 -9999 -9999 -9999 -9999 -9999 -9999 -9999 -9999 -9999 -9999 -9999 -9999 -9999 -9999 -9999 -9999 -9999 -9999 -9999 -9999 -9999 -9999 -9999 -9999 -9999 -9999 -9999 -9999 -9999 14.7398144318722 14.8767967615277 15.3066296214238 15.2384970490821 14.569841593504 14.453299035551 14.7398144318722 14.7849970851094 14.5103152408265 14.6680959346704 14.7649159058928 14.7900173799135 14.772087755613 14.6652271947823 15.011627536267 15.0819116635248 15.2052674787119 15.207419033628 15.6685689706355 16.3663899484091 16.6080812839791 16.6346171279438 16.9114505271427 17.2248603599146 17.4765922850929
-9999 -9999 -9999 -9999 -9999 -9999 -9999 -9999 -9999 -9999 -9999 -9999 -9999 -9999 -9999 -9999 -9999 -9999 -9999 -9999 -9999 -9999 -9999 -9999 -9999 -9999 -9999 -9999 -9999 -9999 -9999 -9999 -9999 -9999 -9999 15.9367319246504 15.2726828660816 15.0144962761551 15.0460524149239 14.5849024779163 14.6559037901461 14.4400311135687 14.8556398048531 14.5935086975805 14.7096926630475 14.5927915126085 14.7670674608089 14.6975005185232 14.7921689348295 14.8940092008561 14.931302819401 14.9492324437015 15.0352946403436 14.9449293338694 15.4175542304292 15.7890560459346 16.2351450985298 16.3427228443325 16.8798943883739 16.7163762147538 17.3302865508012 17.7143391033169
-9999 -9999 -9999 -9999 -9999 -9999 -9999 -9999 -9999 -9999 -9999 -9999 -9999 -9999 -9999 -9999 -9999 -9999 -9999 -9999 -9999 -9999 -9999 -9999 -9999 -9999 -9999 -9999 -9999 -9999 -9999 -9999 -9999 -9999 -9999 15.5207392182783 15.2647938313894 15.2361064325087 15.3202561358921 14.7358699145261 14.5296792350709 14.7050309607293 14.4898754691239 14.7570268712007 14.7089754780754 14.6609240849502 14.6372569808736 14.6795708942227 14.8151188539341 14.8144016689621 14.8646046170034 15.0424664900638 15.3078249297105 15.3644825424999 15.5774864791892 15.8492995835841 15.9540085894987 16.4503005901352 16.7013153303415 16.9365520011634 17.3969847531989 17.640827643685
-9999 -9999 -9999 -9999 -9999 -9999 -9999 -9999 -9999 -9999 -9999 -9999 -9999 -9999 -9999 -9999 -9999 -9999 -9999 -9999 -9999 -9999 -9999 -9999 -9999 -9999 -9999 -9999 6.93163916383586 10.0629775986608 13.7611360506943 15.3859980916604 15.5753349242732 10.6571113188661 14.6275749837514 16.1825216512079 15.2932421686128 14.9599902182817 14.8653218019754 15.2592954132706 14.4005859401077 14.7258293249179 14.689611483831 14.6767021543346 14.7584612411447 14.5433057495393 14.5669728536159 14.6874599289149 14.7627643509768 14.931302819401 14.9477980737574 15.1586504555307 15.2511673169211 15.3903012014925 15.768257681746 16.044373895973 16.0278786416166 16.3771477229893 16.9136020820588 16.8361461050808 17.4299752619117 17.7344202825334
-9999 -9999 -9999 -9999 -9999 -9999 -9999 -9999 -9999 -9999 -9999 -9999 -9999 -9999 -9999 -9999 -9999 -9999 -9999 -9999 -9999 -9999 10.6862849700265 15.8274254419375 15.5215460513718 14.0592058934271 14.6422772756778 15.2533188718371 15.3436841783114 15.0001525767148 14.9076357153244 15.0776085536927 15.1744285249151 15.1077303225175 14.5346995298751 14.9466027654707 14.7796181978192 14.6799294867087 14.5863368478604 14.7046723682433 14.7096926630475 15.0639820392244 16.047242635861 16.2602465725504 16.0429395260289 15.9834131733514 15.5968504734337 15.1105990624055 14.6759849693626 14.9499496286735 15.1787316347472 15.2647938313894 15.5201116814278 15.6750236353837 15.9073915663175 16.0379192312248 16.1454969770275 16.2602465725504 17.4855570972431 16.804999624379 -9999 -9999
-9999 -9999 -9999 -9999 -9999 -9999 -9999 -9999 -9999 -9999 -9999 -9999 -9999 -9999 -9999 -9999 -9999 -9999 -9999 -9999 -9999 13.7663988289423 16.1860179279465 14.6831568190828 15.2023987388238 14.6716818595305 14.3754844660871 14.5382854547352 15.2977843401022 15.1658223052509 15.3400982534513 15.2734000510536 14.8086641891859 14.8466749927029 14.8660389869474 14.6437116456218 14.8631702470593 14.6788537092507 14.5927915126085 14.6688131196424 14.6702474895865 16.2344279135577 15.9948881329037 16.3541978038847 16.1992858499289 16.6991637754254 15.9740897687152 15.3472701031715 15.0711538889445 14.9736167327501 15.0754569987766 14.929868449457 14.848826547619 15.3350779586472 15.8822900922969 16.7310785066802 15.2499996591359 -9999 -9999 -9999 -9999 -9999
-9999 -9999 -9999 -9999 -9999 -9999 -9999 -9999 -9999 -9999 -9999 -9999 -9999 -9999 -9999 -9999 -9999 6.88018432352692 15.4014451525962 13.681488474831 15.8532441009302 15.844637881266 14.4177983794361 14.3898281655274 15.2999358950183 15.0238196807913 14.9341715592891 14.9033326054923 15.3099764846265 15.0424664900638 15.993692824617 14.3259987030178 14.1653492692858 14.848826547619 14.9255653396249 14.9262825245969 14.8316141082905 14.8359172181226 15.6517151237931 15.1066545450594 15.6900845197961 15.8134403349832 16.1641437863 16.2358622835018 16.3871883125976 16.1720328209922 15.5703146294691 15.3953214962967 15.4928586524911 15.3444013632834 15.367351282388 15.7237922134809 13.9849996874109 -9999 -9999 -9999 -9999 -9999 -9999 -9999 -9999 -9999
-9999 -9999 -9999 -9999 -9999 -9999 -9999 -9999 -9999 -9999 -9999 -9999 -9999 6.75417600651937 -9999 -9999 8.31683071450676 16.2358622835018 16.2588122026064 15.0747398138046 14.8653218019754 15.1199224670418 16.0676824075636 15.2848750106059 15.2296517677605 15.1952268891037 16.1318704625592 16.0802331445739 15.9733725837432 16.7493667234667 15.010193166323 15.9809030259494 14.254997390788 14.174672673922 15.8191778147593 15.6628314908594 15.1851862994954 14.689611483831 16.2892925639171 16.3846781651955 15.3221686291508 16.2121951794252 16.2516403528862 15.844996473752 15.7847529361024 15.6427503116429 15.6807611151598 15.5545365600847 15.568163074553 15.5997192133218 16.6457334950101 14.4099996779114 -9999 -9999 -9999 -9999 -9999 -9999 -9999 -9999 -9999 -9999
-9999 -9999 -9999 -9999 -9999 -9999 -9999 -9999 -9999 -9999 -9999 -9999 -9999 14.8751233299263 15.4225745252334 15.8697393552866 16.0687581850216 16.2484130205121 16.3455915842205 15.4433728894219 15.3587450627238 15.1550645306706 15.3651997274719 16.6536225297023 16.2329935436137 15.3472701031715 16.2724387170747 16.9551988104358 16.4348811132368 16.3882640900556 14.7677846457809 14.8724936516955 15.9938123554457 15.9102603062056 16.1103549133986 15.6169316526502 16.5679189255461 16.4940488734283 16.5270393821411 16.9573503653519 16.8167821108364 16.4503005901352 17.041261007078 16.722830879502 15.9740897687152 15.7015594793484 15.7646717568859 15.8313699592836 15.7331156181172 15.6979735544883 16.2896511564031 16.7192449546419 13.2599997036159 -9999 -9999 -9999 -9999 -9999 -9999 21.562999441045 -9999 -9999
-9999 -9999 -9999 -9999 -9999 -9999 -9999 -9999 -9999 -9999 16.2995046266076 15.3974730512127 15.0984069178812 15.9335688177962 16.1092791359406 16.4797051739879 16.5324182694312 16.5815454400145 16.5729392203502 16.6507537898142 16.7196035471279 15.8700979477726 15.4777977680787 16.5718634428922 16.6898403707892 15.5301522710361 15.8328043292277 16.442411555443 16.4104968241882 16.2111194019672 16.3319650697522 16.3047120408155 16.2200842141174 15.8571886182763 15.9052400114015 16.6525467522442 16.243751318194 16.443845925387 16.6403546077199 16.7880947119556 16.9114505271427 16.6001922492869 17.0247657527216 16.5263221971691 16.1003143237904 15.5201116814278 16.0601519653574 15.7316812481731 15.5739005543292 15.5143742016517 15.768257681746 13.2634891669732 9.23229518224362 -9999 -9999 -9999 17.3437337690266 17.6691564500798 17.4945219093934 17.399853493087 18.1615039333701 17.7899996023625
-9999 -9999 -9999 -9999 -9999 -9999 -9999 16.1541952838262 14.2324060641695 15.9083478129469 14.8625327493064 15.4910656900611 16.3398541044444 16.5385143416934 16.9336832612753 16.3448743992485 16.205023329705 16.8131961859763 16.8598132091574 16.7077699950896 16.4510177751072 16.2523575378582 16.8357875125948 16.9982299087569 15.8751182425767 15.5946989185177 16.6665318591986 15.4175542304292 16.3782235004473 16.2925198962912 16.3613696536049 16.4703817693517 16.1146580232307 16.1311532775871 16.4574724398553 16.1985686649568 15.9124118611217 16.5951719544828 16.8461866946891 16.8870662380941 16.9595019202679 17.001098648645 16.6790825962089 16.9551988104358 16.9430066659115 16.7723166425712 16.2688527922146 16.1756187458523 15.5846583289094 15.8751182425767 16.1225470579229 16.246620058082 16.4549622924533 14.6384358571165 17.3406857328955 16.4603411797434 16.2222357690334 17.0297860475257 17.4565111058764 17.5411389325745 17.6616260078736 14.3021660947169
-9999 -9999 -9999 -9999 -9999 16.1753796841949 15.808420040179 15.7460249476135 16.1431063604541 15.6986907394603 15.6599627509713 16.2731559020467 16.2767418269068 16.5399487116374 16.005645907484 16.4481490352191 16.445280295331 17.001815833617 16.962370660156 16.5478377463296 16.4926145034842 17.1531418627128 16.9196981543209 16.6353343129158 16.2150639193133 16.6503951973282 15.5559709300287 15.5487990803085 16.3290963298641 16.6195562435314 16.1526688267477 15.5925473636016 16.045091080945 16.243751318194 16.2903683413751 16.5779595151544 16.5600298908539 16.8669850588776 16.8870662380941 16.8497726195492 16.6382030528039 17.0491500417702 16.7766197524033 16.9480269607157 16.844035139773 16.684461483499 16.3936429773457 16.4316537808627 16.4797051739879 16.4352397057228 16.1017486937344 16.3749961680733 16.7651447928511 16.8074587062001 16.923642671667 16.9946439838968 17.039826637134 17.120151354 17.1574449725449 17.4084597127512 17.5382701926865 17.5848872158676
-9999 -9999 -9999 -9999 -9999 16.564691593172 16.5064800796099 16.1705984510481 16.3781039696187 16.5856094881892 16.6472873957828 15.8241981095634 15.9733725837432 16.3097323356196 16.2164982892573 16.1849421504885 15.9626148091629 17.1377223858144 17.1366466083564 16.4251991161145 16.6202734285034 16.4754020641558 16.0199896069244 16.9720526572783 17.3123569265008 17.042695377022 16.5399487116374 16.5772423301823 16.5557267810218 16.4603411797434 15.5129398317076 15.7080141440965 16.0307473815046 16.6711935615167 16.3936429773457 16.764427607879 16.681951336097 16.8648335039616 16.8712881687097 16.923642671667 16.8999755675904 17.0620593712665 16.921491116751 17.0068361284211 16.9250770416111 17.0351649348158 16.4947660584003 16.8056657437701 17.0190282729454 16.443845925387 16.5693532954901 16.56218144577 16.6927091106772 16.3843195727095 16.8153477408923 17.1466871979646 17.1291161661502 16.9774315445684 17.239921244327 17.3152256663889 17.2937101172283 17.36184268957
-9999 -9999 -9999 -9999 -9999 16.6647388967685 16.7579729431309 15.7402874678373 16.5783181076404 16.4746848791838 15.7237922134809 15.8614917281084 16.00421153754 16.1067689885385 16.2968230061233 16.3606524686329 16.285348046571 15.5946989185177 17.2148197703063 17.1846980014816 15.8751182425767 16.5887172897346 17.2779320478439 16.5930203995667 16.7859431570396 16.9100161571987 16.7967009316199 16.8318429952487 16.6862544459291 16.6898403707892 16.5750907752663 16.3398541044444 16.8892177930102 16.8648335039616 16.4158757114783 16.4409771854989 16.8755912785418 16.6998809603974 16.8153477408923 17.0262001226656 17.0620593712665 17.1431012731045 17.0864436603151 16.8519241744652 16.8153477408923 17.0071947209071 17.3256248484831 16.6001922492869 16.8382976599969 16.7845087870955 16.7715994575992 16.4409771854989 16.40224919701 16.6152531336993 16.5334940468892 16.6195562435314 16.9200567468069 16.8483382496051 16.9967955388129 17.2119510304183 17.3546708398499 17.4170659324154
-9999 -9999 -9999 -9999 -9999 16.4581896248274 16.7730338275433 16.6740623014048 16.7321542841382 16.7099215500057 16.0529801156372 16.7468565760646 16.2702871621586 16.3298135148361 16.4223303762265 17.2230673974846 16.3169041853398 16.4259163010865 16.7149418448098 17.3525192849338 16.80387278134 16.8382976599969 17.0563218914904 17.0348063423298 17.0312204174697 17.242431391729 16.7264168043621 16.9161122294609 16.7715994575992 16.6288796481676 16.6217077984475 16.5923032145947 16.6797997811809 16.2208013990894 16.4596239947714 16.5880001047626 16.6252937233075 16.6166875036433 16.7558213882148 16.9946439838968 17.0082704983652 17.0728171458468 16.8454695097171 16.7106387349777 16.8447523247451 16.7852259720676 16.7124316974077 16.8372218825389 16.9803002844565 16.9437238508835 17.0147251631133 16.8131961859763 16.7386089488864 16.803155596368 16.8698537987657 16.7278511743061 16.9365520011634 16.9523300705478 17.1925870361738 17.0498672267422 17.1452528280206 17.3073366316967
-9999 -9999 -9999 -9999 -9999 16.2100436245091 16.1698812660761 16.4589068097994 15.8700979477726 16.1490829018876 16.205023329705 16.644657717552 16.5836969949305 16.5076753878966 16.4976347982883 16.4295022259466 16.7421948737465 16.6224249834195 16.642506162636 16.7063356251456 16.8339945501648 17.1309091285802 17.1961729610339 17.161748082377 16.842600769829 16.6353343129158 16.9347590387333 16.6898403707892 16.6927091106772 16.6073640990071 16.5937375845388 16.6740623014048 16.524887827225 16.2415997632779 16.3384197345003 16.5557267810218 16.9551988104358 16.8605303941295 16.6518295672722 16.6123843938112 17.0670796660706 16.8992583826184 16.8497726195492 16.684820075985 16.4947660584003 16.3950773472898 16.8924451253843 16.7963423391338 16.7063356251456 16.9243598566391 16.8562272842973 16.9752799896523 17.0638523336966 16.6453749025241 16.6633045268245 16.4101382317021 17.0315790099557 16.9742042121943 17.0627765562385 17.0868022528011 16.7249824344181 16.6697591915727
