EcologicalScience/Bass/data/rs_data_bass/sst_351.asc
NCOLS 226 
NROWS 124 
XLLCORNER -9.41648524995501 
YLLCORNER 47.587301625531 
CELLSIZE 0.0833 
NODATA_value -9999 
[rows 54 to 80 of 124, columns 124 to 185 of 226]
14.7061067381874 15.0317087154835 14.532547974959 15.5351725658402 14.1452680900693 14.649449125398 14.6888942988589 14.8251594435424 14.9779198425822 15.2181768082082 15.0410321201198 15.0991241028532 15.0790429236367 15.3809777968563 15.3372295135632 15.2597735365853 15.4419385194778 16.2824793066829 16.8906521629542 16.9286629664712 17.0462813018821 16.7278511743061 17.241355614271 16.9358348161913 16.6855372609571 16.6876888158731 16.643223347608 16.5707876654342 16.4596239947714 16.3792992779054 16.5492721162736 16.1985686649568 16.2874996014871 16.6209906134754 16.6166875036433 16.5542924110778 16.4703817693517 16.5363627867773 16.0701925549656 16.7450636136346 16.8045899663121 16.9049958623946 16.7694479026832 17.2305978396907 17.7297585802153 18.2074037715793 18.2920315982774 18.0897854361683 17.6974852564745 17.7075258460827 16.8928037178703 17.2162541402504 17.4199346723035 17.4837641348131 19.7285530972295 18.2432630201802 17.8122348519973 18.6823595192982 18.6000625437591 18.0400606114417 17.1034967252053 17.3694810576701
14.7175816977397 14.9226965997368 14.2471083560959 15.964766364079 14.5942258825526 14.4694356974214 14.4249702291563 14.8352000331506 15.0553758195601 15.1005584727973 15.247581392061 15.2289345827885 15.0360118253157 15.1765800798312 15.3436841783114 15.3042390048504 16.1311532775871 16.5765251452103 16.7873775269836 17.0340891573578 16.6116672088392 17.0161595330574 16.7730338275433 16.8741569085978 16.8655506889336 16.841166399885 16.4868770237081 16.482573913876 16.7486495384946 16.7787713073194 16.4811395439319 16.8720053536817 16.8117618160322 16.6927091106772 16.2896511564031 16.5370799717493 16.3276619599201 16.6389202377759 16.4904629485682 16.7802056772634 16.762993237935 16.9989470937289 16.9064302323386 17.4163487474434 17.6515854182653 16.1863765204325 17.1036560996436 18.0238044187427 17.3166600363329 17.399853493087 16.2602465725504 17.7096774009988 17.7075258460827 17.8036286323331 17.3001647819765 19.7335733920336 18.1381237032823 16.062413856423 -9999 -9999 -9999 -9999
15.0417493050918 15.3795434269123 15.1916409642436 15.7194891036488 14.1115603963844 14.7620471660048 15.010193166323 14.9485152587295 14.9399090390652 15.1780144497752 15.4118167506531 15.2970671551302 15.4204229703173 15.5115054617636 15.5244147912599 15.6298409821466 15.6743064504117 16.4122897866182 16.9573503653519 17.123020093888 16.7594073130749 16.9365520011634 16.6884060008451 16.8992583826184 16.6991637754254 16.8755912785418 16.5370799717493 16.7321542841382 16.684820075985 16.7307199141942 16.6898403707892 16.8662678739056 16.7931150067598 16.8210852206685 16.3377025495283 16.6797997811809 16.7715994575992 16.8275398854166 16.841166399885 16.6934262956493 16.803155596368 16.7895290818997 17.359691134654 17.0728171458468 17.7964567826129 17.717566435691 16.9967955388129 16.9635659684427 17.4425259989221 19.2240134694148 17.5339670828544 18.2124240663834 17.6752525223419 18.0421643540263 17.9652044299874 -9999 -9999 -9999 -9999 -9999 -9999 -9999
15.169408230111 15.3587450627238 15.3365123285912 15.4268776350655 14.8739280216396 14.3776360210031 15.2834406406619 15.1062959525734 14.9822229524143 15.5028992420994 15.5523850051686 15.5724661843851 15.3874324616045 15.566011519637 15.8744010576047 15.8801385373808 16.0601519653574 16.2731559020467 16.4603411797434 16.5772423301823 16.9293801514432 17.0075533133931 16.962370660156 16.605212544091 16.7787713073194 16.6647388967685 16.5801110700704 16.8447523247451 16.6640217117965 16.6733451164328 16.3843195727095 16.0321817514487 16.6260109082796 16.7127902898937 16.8117618160322 16.8239539605565 16.4682302144356 16.1031830636784 16.5148472376168 16.6654560817406 17.0477156718262 17.2851038975641 17.4306924468838 17.6279183141887 17.8688924647868 17.0355235273018 16.9250770416111 17.4018616110086 17.239921244327 17.3267006259412 17.5834528459236 17.8272957364097 18.474913766142 16.9941658605821 14.6349996728823 -9999 -9999 -9999 -9999 -9999 -9999 -9999
16.641788977664 15.7704092366621 15.5602740398608 15.4899899126031 15.5875270687975 15.4526962940581 15.5244147912599 15.6542252711952 15.6190832075663 15.2920468603261 15.6176488376223 15.7367015429772 15.6111941728741 15.4742118432187 15.5581224849448 16.0666066301055 16.0529801156372 16.0135349421762 16.0285958265886 16.1734671909362 16.8447523247451 16.8619647640735 17.1251716488041 17.2621539784595 16.9272285965271 16.7701650876552 16.9042786774226 16.5334940468892 16.7092043650337 16.5923032145947 16.2415997632779 16.4345225207508 16.4754020641558 16.4517349600792 16.4194616363384 16.5585955209099 16.8239539605565 16.9164708219469 16.7651447928511 16.8920865328982 17.1395153482445 17.1380809783004 17.3446302502416 17.5569170019589 17.0957670649514 16.8849146831781 16.8282570703886 17.6150089846924 17.6938993316144 17.3453474352136 18.198797551915 18.0288247135468 18.7402722057886 16.5790678919293 15.2549996590242 -9999 -9999 -9999 -9999 -9999 -9999 -9999
16.4935707501136 14.3001800440252 16.2609637575224 16.1548203816637 15.4519791090861 15.5043336120434 15.5229804213159 15.7610858320259 15.8772697974928 15.5975676584058 15.2418439122848 15.528717901092 15.3630481725559 15.5093539068475 15.5767692942172 15.6097598029301 16.3341166246682 16.246620058082 16.5736564053223 16.3936429773457 16.762276052963 17.0075533133931 16.80387278134 16.4732505092397 16.405117936898 16.4381084456109 16.6941434806213 17.199758885894 16.8304086253047 16.7816400472075 16.8483382496051 16.7981353015639 16.8971068277024 16.5342112318613 16.6661732667126 16.8067415212281 16.724265249446 16.7866603420116 16.8669850588776 17.2334665795788 17.1940214061178 17.4285408919677 17.5389873776585 17.5138859036379 17.6551713431254 17.2948788631087 17.1653340072371 18.0969572858885 17.9061860833317 18.474913766142 18.4218420782126 18.514358939603 18.4261451880448 17.1050904695876 13.5449996972457 -9999 23.7447889405303 -9999 -9999 -9999 -9999 -9999
-9999 -9999 -9999 -9999 -9999 12.6599997170269 15.7101656990126 15.3142795944586 15.6391643867828 15.4526962940581 15.5990020283498 15.5710318144411 15.2346720625646 15.7603686470538 15.7438733926974 15.7990966355428 16.2372966534458 16.2071748846211 16.3699758732691 16.2028717747889 16.8397320299409 16.6640217117965 17.041261007078 16.5707876654342 16.4675130294636 16.6640217117965 16.6884060008451 16.802438411396 16.5736564053223 17.041261007078 16.8497726195492 16.9716940647922 16.760841683019 16.9064302323386 16.8060243362561 17.1466871979646 16.7938321917318 16.922208301723 16.9530472555198 17.2076479205862 17.6221808344126 17.6874446668662 17.7907193028368 17.6874446668662 17.1481215679087 11.0879353189657 -9999 15.7334553373144 8.16591646240986 15.1849996605888 18.7452925005928 18.7574846451171 17.5786716127768 18.2052522166632 5.37499987985939 5.37499987985939 10.0358185460791 -9999 -9999 -9999 -9999 -9999
-9999 -9999 -9999 -9999 -9999 -9999 -9999 11.2759544540197 15.5423444155604 16.0099490173161 15.7101656990126 15.6807611151598 15.765388941858 15.7582170921378 16.0121005722322 16.1096377284266 16.3097323356196 16.363521208521 16.524170642253 16.8361461050808 16.884197498206 16.3427228443325 16.3929257923737 16.485442653764 16.4653614745475 16.6382030528039 16.9085817872547 16.9544816254638 16.5994750643149 16.8698537987657 16.5887172897346 17.0663624810986 16.7773369373754 16.9430066659115 16.8863490531221 17.2607196085155 17.3510849149898 17.5726950713433 17.6594744529575 17.8932767538354 17.8287301063538 17.8079317421652 17.9886623551138 17.800042707473 17.6092715049163 17.1799996159971 -9999 -9999 -9999 -9999 -9999 -9999 -9999 -9999 -9999 -9999 -9999 -9999 -9999 -9999 -9999 -9999
-9999 -9999 -9999 -9999 -9999 -9999 -9999 -9999 9.11999979615211 12.9100861231673 16.0572832254693 15.8557542483322 15.92603837559 15.9568773293868 16.1333048325032 16.1899624452926 16.3828852027655 16.3556321738288 16.5334940468892 16.9516128855757 16.8096102611162 16.5406658966094 17.0527359666303 16.6654560817406 16.4015320120379 16.642506162636 16.8540757293813 16.6166875036433 16.6912747407332 17.0520187816583 17.0333719723858 16.5966063244268 16.8203680356964 17.0649281111546 16.8734397236258 17.3833582387306 17.558351371903 17.7856990080327 17.7828302681446 17.8868220890872 17.8961454937235 17.9771873955615 17.9291360024363 17.7146976958029 7.17448543128163 -9999 -9999 -9999 -9999 -9999 -9999 -9999 -9999 -9999 -9999 -9999 -9999 -9999 -9999 -9999 -9999 -9999
-9999 -9999 -9999 -9999 -9999 -9999 -9999 -9999 -9999 14.3999996781349 16.2157811042853 15.9568773293868 15.9210180807859 15.9504226646386 16.0099490173161 16.0752128497697 16.1641437863 16.4244819311425 16.284630861599 16.681951336097 16.9092989722267 16.6991637754254 16.7902462668717 16.8626819490455 16.8892177930102 16.5672017405741 16.7178105846979 16.7256996193901 16.9910580590367 17.1366466083564 17.1144138742238 16.5076753878966 17.3460646201856 16.7536698332988 17.2614367934875 17.5404217476025 17.6817071870901 17.6494338633493 18.1636554882862 18.7051301421598 18.0948057309724 18.0689870719798 18.1069978754967 18.2282021357678 16.0554117728384 -9999 -9999 -9999 -9999 -9999 -9999 -9999 -9999 -9999 -9999 -9999 -9999 -9999 -9999 -9999 -9999 -9999
-9999 -9999 -9999 -9999 -9999 -9999 -9999 -9999 -9999 15.2499996591359 16.3197729252279 15.7833185661584 16.1282845376991 16.0486770058051 16.2874996014871 16.0759300347418 16.2989745610394 16.4402600005269 16.40224919701 16.3384197345003 16.681234151125 16.363521208521 16.7350230240263 16.7400433188304 16.7916806368157 16.7988524865359 17.0140079781413 16.8196508507244 16.6468092724681 17.1911526662298 17.2614367934875 16.9480269607157 17.3424786953256 17.5461592273787 17.7025055512786 17.7089602160268 17.8007598924451 18.1837366675027 18.5746024772525 18.4684591013938 18.5889461766928 18.3350626965985 18.238242725376 17.4378642966039 9.91142205325221 2.79629506163725 10.5912987591816 -9999 -9999 -9999 -9999 -9999 -9999 -9999 -9999 -9999 -9999 -9999 -9999 -9999 -9999 -9999
-9999 -9999 -9999 -9999 -9999 -9999 -9999 -9999 -9999 8.04980819147483 16.5449690064415 16.3082979656756 16.3004089309834 16.6159703186713 16.7400433188304 16.5829798099585 16.4381084456109 16.4230475611985 16.1498000868596 16.1211126879789 16.4926145034842 16.56218144577 16.522736272309 16.6295968331397 16.9924924289808 17.0132907931693 16.7773369373754 16.8734397236258 17.1882839263417 16.9889065041207 17.318811591249 17.4091768977232 17.4500564411283 17.600665285252 17.6573228980415 17.8014770774171 18.2590410895646 19.271706270054 19.2215033220127 18.0481887077913 18.6972411074676 18.6850489629433 18.5036011650227 18.0012848106213 16.6499996278435 -9999 -9999 -9999 -9999 -9999 -9999 -9999 -9999 -9999 -9999 -9999 -9999 -9999 -9999 -9999 -9999 -9999
-9999 -9999 -9999 -9999 -9999 -9999 -9999 -9999 -9999 16.8296914403327 16.7256996193901 16.6202734285034 16.7178105846979 16.5801110700704 16.6123843938112 16.2674184222706 16.1340220174752 16.402966381982 16.4574724398553 16.3857539426535 16.4115726016462 16.1476485319436 15.9977568727918 16.8347117351368 16.7041840702295 17.0642109261826 17.1108279493637 16.9408551109955 17.2463759090751 16.9544816254638 17.3740348340943 17.1538590476848 17.5547654470429 17.6064027650282 17.6580400830135 18.0991088408045 18.47419658117 18.8033844833262 18.0424512280151 18.8385265469551 17.9556718464009 19.0228430847637 18.6699880785309 14.0375800081171 -9999 -9999 -9999 -9999 -9999 -9999 -9999 -9999 -9999 -9999 -9999 -9999 -9999 -9999 -9999 -9999 -9999 -9999
-9999 -9999 -9999 -9999 -9999 -9999 -9999 -9999 17.1256019597873 16.9057130473666 16.7034668852575 16.7343058390543 16.8296914403327 16.7486495384946 16.6482436424121 16.3111667055637 16.2681356072426 16.2172154742293 16.2107608094811 16.1218298729509 16.602343804203 16.1426282371394 16.6546983071603 16.8131961859763 16.9387035560794 16.5607470758259 16.9537644404918 17.2456587241031 17.3632770595141 17.4113284526393 17.4665516954847 17.3905300884508 17.5834528459236 17.7075258460827 17.8818017942831 17.9886623551138 18.5867946217768 18.6291085351259 18.7675252347253 18.2482833149843 18.2511520548724 18.2798394537531 17.3776207589544 -9999 -9999 -9999 -9999 -9999 -9999 -9999 -9999 -9999 -9999 -9999 -9999 -9999 -9999 -9999 -9999 -9999 -9999 -9999
-9999 -9999 -9999 -9999 -9999 -9999 -9999 -9999 17.0950498799793 16.9351176312193 16.562898630742 16.4954832433723 16.6267280932516 16.2401653933339 16.4797051739879 16.4639271046035 16.5327768619172 16.2157811042853 16.2372966534458 15.7883388609625 16.0909909191541 15.3888668315485 16.4503005901352 16.8605303941295 17.040543822106 16.8074587062001 17.0907467701472 17.3453474352136 17.4629657706246 17.1129795042798 17.3704489092343 17.320245961193 17.7749412334524 18.0123294591904 18.0539261875674 18.2332224305719 18.673574003391 18.8084047781304 18.7259285063483 18.7811517491937 18.8959013447165 17.6169214779511 16.2099996376783 -9999 -9999 -9999 -9999 -9999 -9999 -9999 -9999 -9999 -9999 -9999 -9999 -9999 -9999 -9999 -9999 -9999 -9999 -9999
-9999 -9999 -9999 -9999 -9999 -9999 -9999 5.75659453403205 17.1552934176289 16.8182164807804 16.5844141799025 16.484725468792 16.2337107285857 16.603060989175 16.3513290639967 16.045091080945 16.1863765204325 16.4008148270659 16.007080277428 15.1349833514541 15.964049179107 16.0658894451335 16.803155596368 16.6633045268245 16.9595019202679 17.2349009495229 17.3855097936466 17.4299752619117 17.557634186931 17.6042512101121 17.5942106205039 17.680272817146 17.6881618518382 17.917661042884 18.035996563267 18.1077150604688 18.7072816970758 19.0809350674972 19.4624774726108 18.8887294949964 17.2198400651105 10.9981909807605 -9999 -9999 -9999 -9999 -9999 -9999 -9999 -9999 -9999 -9999 -9999 -9999 -9999 -9999 -9999 -9999 -9999 -9999 -9999 -9999
-9999 -9999 -9999 3.8400372271426 -9999 7.18003435671156 16.96021910524 17.1897182962857 17.0147251631133 16.6009094342589 16.5026550930925 16.5822626249865 16.6224249834195 16.5363627867773 16.4983519832604 16.4201788213104 16.3312478847802 15.927472745534 15.4706259183586 16.3914914224297 15.9188665258698 16.6575670470484 16.6109500238672 17.0584734464064 17.1552934176289 17.3396099554375 17.5526138921268 17.6286354991607 17.6752525223419 17.7240211004391 17.7935880427249 17.8868220890872 17.8810846093111 18.0144810141064 18.1679585981183 18.4777825060301 18.8829920152202 18.9712057667784 19.5636005536653 15.443815620927 13.2949997028336 -9999 -9999 -9999 -9999 -9999 -9999 -9999 -9999 -9999 -9999 -9999 -9999 -9999 -9999 -9999 -9999 -9999 -9999 -9999 -9999 -9999
-9999 -9999 3.88019958557561 -9999 17.9298531874083 17.1940214061178 17.3087710016407 17.1940214061178 16.8662678739056 16.7156590297818 16.5169987925328 16.4962004283443 16.5069582029246 16.880611573346 16.8124790010042 16.7715994575992 16.6468092724681 16.3771477229893 15.7524796123616 16.5334940468892 16.684102891013 16.5062410179526 16.920773931779 16.9042786774226 17.3123569265008 16.8397320299409 17.6207464644685 17.7369304299355 17.5461592273787 17.8818017942831 17.8810846093111 17.8509628404863 17.9606921412051 18.1521805287339 18.4533982169814 18.515076124575 18.8700826857239 15.2334908167284 18.7512348903609 -9999 -9999 -9999 -9999 -9999 -9999 -9999 -9999 -9999 -9999 -9999 -9999 -9999 -9999 -9999 -9999 -9999 -9999 -9999 -9999 -9999 -9999 -9999
16.7749996250495 16.7749996250495 -9999 16.5349996304139 18.6061586160213 18.1679585981183 17.320963146165 17.1093935794197 16.8332773651928 16.7543870182708 16.5858485498466 16.6324655730277 16.6095156539232 16.7084871800616 16.4617755496874 16.80387278134 16.7558213882148 16.3943601623178 16.5442518214695 16.7343058390543 16.8612475791015 17.0484328567982 16.8067415212281 17.2829523426481 17.4371471116319 17.6444135685451 17.7311929501593 17.8351847711019 17.8839533491991 18.0238044187427 18.0230872337706 18.0030060545541 18.0618152222596 18.1801507426426 18.3372142515145 18.0797448465601 17.8875392740592 13.1561764677906 -9999 -9999 -9999 -9999 -9999 -9999 -9999 -9999 -9999 -9999 -9999 -9999 -9999 -9999 -9999 -9999 -9999 -9999 -9999 -9999 -9999 -9999 -9999 -9999
17.8574175052345 17.8947111237794 18.0037232395262 18.0704214419238 17.4378642966039 17.6501510483213 17.558351371903 17.3051850767806 16.8906521629542 17.0204626428895 16.9272285965271 16.8117618160322 16.6109500238672 16.5793938850984 16.5499893012457 16.6905575557612 15.7890560459346 15.6671346006915 16.0343333063647 16.8210852206685 16.9143192670308 17.1811120766215 17.3353068456054 17.4550767359324 17.5698263314553 17.6953337015584 17.800042707473 17.8667409098707 17.9836420603096 18.0861995113082 18.23609117046 18.1234931298532 18.0969572858885 18.4031952689402 18.634846014902 17.3492023044382 18.2269112028182 12.9399997107685 7.10838932169136 13.2399997040629 -9999 -9999 -9999 -9999 -9999 -9999 -9999 -9999 -9999 -9999 -9999 -9999 -9999 -9999 -9999 -9999 -9999 -9999 -9999 -9999 -9999 -9999
17.4055909728631 17.8315988462418 18.198080366943 17.6465651234612 17.6049683950841 17.5662404065952 17.5117343487218 17.4909359845333 17.1309091285802 17.119434169028 16.7945493767038 16.7185277696699 16.5098269428127 16.5306253070012 16.7127902898937 16.7586901281029 16.244468503166 16.2150639193133 16.5356456018053 16.7063356251456 17.1294747586362 17.2958616721444 17.4457533312961 17.6228980193846 17.7548600542359 17.8875392740592 17.8832361642271 17.9140751180239 18.0532090025954 18.0983916558325 18.0338450083509 18.0582292973995 18.0646839621477 14.8829440612878 12.1595352250234 16.8792234734001 12.4805708651229 17.1581132585416 13.3204745917777 -9999 -9999 -9999 -9999 -9999 -9999 -9999 -9999 -9999 -9999 -9999 -9999 -9999 -9999 -9999 -9999 -9999 -9999 -9999 -9999 -9999 -9999 -9999
16.8354289201088 16.9946439838968 17.6436963835731 16.8368632900529 16.96021910524 16.8856318681501 16.9387035560794 16.7895290818997 17.1703543020412 17.1545762326568 16.7070528101176 16.8253883305006 16.603060989175 16.5858485498466 16.2473372430541 16.8088930761442 16.9953611688688 16.8325601802208 16.4266334860586 16.7335886540823 17.2772148628719 17.4070253428072 17.399136308115 17.8631549850106 18.038148118183 17.7096774009988 18.0646839621477 18.077593291644 18.0101779042743 18.0044404244982 18.0560777424835 18.1744132628664 18.0826135864481 16.9523898359621 18.3838312746957 18.5484252257738 12.8549997126684 11.8312217616141 -9999 -9999 -9999 -9999 -9999 -9999 -9999 -9999 -9999 -9999 -9999 -9999 -9999 -9999 -9999 -9999 -9999 -9999 -9999 -9999 -9999 -9999 -9999 -9999
17.3647114294581 17.0541703365743 17.3833582387306 16.5435346364975 16.7586901281029 16.7077699950896 16.840449214913 17.0943326950073 17.3001647819765 17.1782433367334 17.1538590476848 16.8218024056405 16.3333994396962 16.5994750643149 16.6762138563208 16.7551042032428 17.082857735455 17.2427899842151 17.0305032324977 17.3532364699058 17.4242377821356 17.6193120945245 17.1438184580766 17.6881618518382 18.1858882224187 18.2626270144247 18.2949003381655 18.3393658064306 18.0625324072316 17.9233985226601 17.864828416612 17.5547142195449 17.8049996020272 -9999 -9999 13.6052278061397 -9999 -9999 -9999 -9999 -9999 -9999 -9999 -9999 -9999 -9999 -9999 -9999 -9999 -9999 -9999 -9999 -9999 -9999 -9999 -9999 -9999 -9999 -9999 -9999 -9999 -9999
17.7132633258589 17.4665516954847 17.3130741114728 17.5927762505598 17.1667683771811 16.9652394000441 16.8748740935698 17.4464705162682 17.1237372788601 17.0204626428895 16.8856318681501 16.684102891013 16.565050185658 16.8555100993253 16.9501785156317 17.3661457994021 17.2442243541591 16.7866603420116 16.6001922492869 17.6236152043566 17.6594744529575 17.8143864069134 17.9463484417647 18.1091494304128 17.7699209386483 17.6458479384892 17.7039399212226 18.0625324072316 18.2009491068311 18.3508407659829 18.5781884021126 18.1746523245238 17.8172551468015 14.8882653743103 -9999 -9999 -9999 -9999 -9999 -9999 -9999 -9999 -9999 -9999 -9999 -9999 -9999 -9999 -9999 -9999 -9999 -9999 -9999 -9999 -9999 -9999 -9999 -9999 -9999 -9999 -9999 -9999
18.6800286681391 18.6326944599859 17.6709494125098 17.3582567647099 17.2678914582357 17.2994475970045 17.2169713252224 17.0685140360147 17.1918698512018 16.882763128262 17.2556993137114 16.7923978217877 16.8698537987657 17.1122623193078 17.1000701747835 16.9537644404918 17.2069307356142 17.3367412155494 16.8935209028423 17.1036560996436 17.6343729789369 18.0015716846101 18.0431684129871 18.2081209565513 18.3988921591081 18.1873225923628 18.4455091822892 18.3888515694998 18.3852656446397 18.4297311129048 18.2830667861272 17.5306680319831 17.2622735092882 17.9483804658521 16.8493627995652 4.99999988824129 -9999 -9999 -9999 -9999 -9999 -9999 -9999 -9999 -9999 -9999 -9999 -9999 -9999 -9999 -9999 -9999 -9999 -9999 -9999 -9999 -9999 -9999 -9999 -9999 -9999 -9999
-9999 -9999 -9999 -9999 7.15999983996153 16.935595754534 17.281517972704 17.3546708398499 17.3051850767806 17.3267006259412 17.1158482441679 16.9387035560794 17.2219916200265 17.1144138742238 16.8519241744652 17.3482161751017 17.7096774009988 17.6723837824538 17.8688924647868 18.1048463205807 18.0897854361683 18.1277962396853 18.0998260257766 18.4103671186604 18.5846430668607 17.9599749562331 18.1868103173827 -9999 -9999 -9999 -9999 -9999 -9999 -9999 -9999 -9999 -9999 -9999 -9999 -9999 -9999 -9999 -9999 -9999 -9999 -9999 -9999 -9999 -9999 -9999 -9999 -9999 -9999 -9999 -9999 -9999 -9999 -9999 -9999 -9999 -9999 -9999
-9999 -9999 -9999 -9999 -9999 14.6411448783535 17.0871608452871 17.2112338454463 17.0276344926096 16.6984465904534 16.6704763765447 17.1825464465655 17.0046845735051 16.9939267989248 17.3388927704655 17.4593798457645 17.5870387707837 17.7634662739001 17.918378227856 17.8495284705423 17.7806787132286 18.2970518930815 18.4182561533526 18.3592079239897 14.1880352664221 -9999 -9999 -9999 -9999 -9999 -9999 -9999 -9999 -9999 -9999 -9999 -9999 -9999 -9999 -9999 -9999 -9999 -9999 -9999 -9999 -9999 -9999 -9999 -9999 -9999 -9999 -9999 -9999 -9999 -9999 -9999 -9999 -9999 -9999 -9999 -9999 -9999
