EcologicalScience/Bass/data/rs_data_bass/sst_511.asc
NCOLS 226 
NROWS 124 
XLLCORNER -9.41648524995501 
YLLCORNER 47.587301625531 
CELLSIZE 0.0833 
NODATA_value -9999 
[rows 54 to 80 of 124, columns 0 to 61 of 226]
-9999 -9999 -9999 -9999 -9999 -9999 -9999 -9999 -9999 -9999 -9999 -9999 -9999 -9999 -9999 -9999 -9999 -9999 -9999 -9999 -9999 -9999 -9999 -9999 -9999 -9999 -9999 -9999 -9999 -9999 -9999 -9999 -9999 -9999 -9999 -9999 -9999 -9999 8.04321928648278 7.91532129980624 8.23231705743819 8.91770682903007 9.59472944261506 9.64995268546045 9.6800744542852 9.81705678394064 9.84574418282136 9.8751487666741 9.72597429249436 9.76039917115122 9.6399120958522 9.50364695116878 9.3810083209537 9.47567673726007 8.83451337227598 8.85100862663239 8.90479749953374 8.36475721560419 13.7149996934459 -9999 -9999 7.2298837158829
-9999 -9999 -9999 -9999 -9999 -9999 -9999 -9999 -9999 -9999 -9999 -9999 -9999 -9999 -9999 -9999 -9999 -9999 -9999 -9999 -9999 -9999 -9999 -9999 -9999 -9999 -9999 -9999 -9999 -9999 -9999 -9999 -9999 -9999 -9999 -9999 -9999 -9999 13.6499996948987 8.5885189268738 8.50675984006375 8.80726034333929 9.53735464485362 9.31144137866795 9.7596819861792 9.7596819861792 9.64780113054439 9.78191472031176 9.88805809617043 9.96623125812039 9.85076447762549 9.62485121143982 9.72956021735445 9.86152225220576 8.80726034333929 8.65880305413157 8.55767997307703 13.8094951258972 -9999 13.6649996945634 -9999 14.2749996809289
-9999 -9999 -9999 -9999 -9999 -9999 -9999 -9999 -9999 -9999 -9999 -9999 -9999 -9999 -9999 -9999 -9999 -9999 -9999 -9999 -9999 -9999 -9999 -9999 -9999 -9999 -9999 -9999 -9999 -9999 -9999 -9999 -9999 -9999 -9999 -9999 -9999 -9999 -9999 9.41173693860093 8.41496016364545 8.62509536044672 9.1977675606031 10.0128482813016 9.77115694573149 9.95403911359608 10.0035248766653 9.98344369744882 10.0472731599584 9.99133273214102 10.0530106397346 9.92535171471536 10.0071108015254 10.1433759462088 9.67290260456502 8.84383677691221 8.78144168434665 8.68031860329211 10.7868212633766 15.0349996639416 20.6549995383248 -9999
-9999 -9999 -9999 -9999 -9999 -9999 -9999 -9999 -9999 -9999 -9999 -9999 -9999 -9999 -9999 -9999 -9999 -9999 -9999 -9999 -9999 -9999 -9999 -9999 -9999 -9999 -9999 -9999 -9999 -9999 -9999 -9999 -9999 -9999 -9999 -9999 -9999 -9999 -9999 13.324999702163 8.71402629697695 9.12497328594327 10.0257576107979 10.1584368306212 10.1942960792221 10.1842554896139 10.0845667785034 10.0738090039231 10.1448103161529 10.0193029460497 9.88232061639428 10.1175572872162 10.0049592466094 9.98487806739286 9.95117037370801 9.65282142534852 9.21103548258543 8.74701680568978 8.50675984006375 8.99265265860595 6.98991362424567 -9999
-9999 -9999 -9999 -9999 -9999 -9999 -9999 -9999 -9999 -9999 -9999 -9999 -9999 -9999 -9999 -9999 -9999 -9999 -9999 -9999 -9999 -9999 -9999 -9999 -9999 -9999 -9999 -9999 -9999 -9999 -9999 -9999 -9999 -9999 -9999 -9999 -9999 -9999 -9999 -9999 6.84504225989804 6.82496108068153 8.34503462887369 8.62294380553067 9.53520308993757 9.47926266212016 10.3011566400528 10.1146885473281 10.0401013102382 9.96121096331626 10.0415356801823 10.0759605588391 10.0408184952103 9.96909999800846 9.91817986499518 9.57393107842654 9.33869440760463 8.9628894822672 7.85268714558333 7.33201085589826 6.86512343911454 13.8849996896461
-9999 -9999 -9999 -9999 -9999 -9999 -9999 -9999 -9999 -9999 -9999 -9999 -9999 -9999 -9999 -9999 -9999 -9999 -9999 -9999 -9999 -9999 -9999 -9999 -9999 -9999 -9999 -9999 -9999 -9999 -9999 -9999 -9999 -9999 -9999 -9999 -9999 -9999 -9999 14.0999996848404 13.6339152050205 6.40469068707898 7.60238959034905 7.66908779274672 7.84910122072324 8.36762595549226 9.3092898237519 9.68509474908933 9.68294319417328 9.71091340808198 9.90670490544289 9.94399852398783 9.99922176683322 10.1003448478878 9.81060211919248 9.51583909569308 9.37527084117755 9.0862452974543 8.62509536044672 7.74688528637801 -9999 -9999
-9999 -9999 -9999 -9999 -9999 -9999 -9999 -9999 -9999 -9999 -9999 -9999 -9999 -9999 -9999 -9999 -9999 -9999 -9999 -9999 -9999 -9999 -9999 -9999 -9999 -9999 -9999 -9999 -9999 -9999 -9999 -9999 -9999 -9999 -9999 -9999 -9999 -9999 -9999 10.9698240487138 7.55720693711191 7.6683706077747 7.60023803543299 7.76519057899714 7.95381022663787 7.97532577579841 9.54667804948986 9.62556839641184 9.63847772590816 9.26984465029091 9.65497298026457 9.84359262790531 9.62987150624394 9.37383647123352 9.72310555260628 9.70159000344574 9.40252387011424 13.7399996928871 6.65968836525489 7.18785667652264 6.84002196509391 6.564622935839
-9999 -9999 -9999 -9999 -9999 -9999 -9999 -9999 -9999 -9999 -9999 -9999 -9999 -9999 -9999 -9999 -9999 -9999 -9999 -9999 -9999 -9999 -9999 -9999 -9999 -9999 -9999 -9999 -9999 -9999 -9999 -9999 -9999 -9999 -9999 -9999 -9999 -9999 -9999 7.89105654158629 7.97173985093832 7.90145572368056 7.76447339402512 8.20697652176023 8.65449994429946 9.4168675695546 9.45129244821146 9.44340341351926 9.37598802614957 9.31287574861199 9.3214819682762 9.44268622854725 9.27845086995512 8.91985838394612 10.144890003372 10.2272865879349 8.86965543590486 8.00736003788188 7.51991331856698 7.31479841656983 6.77045502280816 5.89979246677831
-9999 -9999 -9999 -9999 -9999 -9999 -9999 -9999 -9999 -9999 -9999 -9999 -9999 -9999 -9999 -9999 -9999 -9999 -9999 -9999 -9999 -9999 -9999 -9999 -9999 -9999 -9999 -9999 -9999 -9999 -9999 -9999 -9999 -9999 -9999 -9999 -9999 -9999 12.1528179016537 7.25240332400426 7.88496046932414 7.8634449201636 7.9509414867498 8.09509566612542 8.92559586372226 9.08409374253824 9.40180668514222 9.41113008977845 9.39033172558993 9.25048065604642 8.94998015277088 9.28418834973127 9.20386363286525 8.83738211216405 8.86606951104477 9.01237524533644 8.98512221639976 8.87467573070899 7.76519057899714 7.63466291408986 5.67818231042475 7.11757254926488
-9999 -9999 -9999 -9999 -9999 -9999 -9999 -9999 -9999 -9999 -9999 -9999 -9999 -9999 -9999 -9999 -9999 -9999 -9999 -9999 -9999 -9999 -9999 -9999 -9999 -9999 -9999 -9999 -9999 -9999 -9999 -9999 -9999 -9999 -9999 -9999 -9999 -9999 4.31696523353457 6.58111819019541 7.58015685621649 7.57943967124447 7.9868007353507 7.96743674110621 9.08337655756623 9.10847803158686 9.34443188738078 9.50508132111281 9.51081880088896 9.42117067938671 8.89260535500944 8.85387736652046 8.73769340105355 8.71474348194897 8.88113039545715 8.93420208338648 9.03317360952497 8.26506850449368 7.91149631328881 7.30547501193359 6.91174046229571 6.12929165782407
-9999 -9999 -9999 -9999 -9999 -9999 -9999 -9999 -9999 -9999 -9999 -9999 -9999 -9999 -9999 -9999 -9999 -9999 -9999 -9999 -9999 -9999 -9999 -9999 -9999 -9999 -9999 -9999 -9999 -9999 -9999 -9999 -9999 -9999 -9999 -9999 -9999 11.960326977042 7.72000792576 7.79459516284987 7.81395915709436 8.13525802455842 8.20841089170426 8.49241614062339 9.12425610097125 9.08050781767815 9.54094056971371 9.46922207251191 9.4649189626798 9.43479719385505 8.72836999641731 9.17087312415242 8.78861353406683 8.63800468994305 8.52540664933622 8.66382334893569 8.72406688658521 8.45153659721836 7.202200375963 7.35926388483495 7.01358072832227 6.70232245046645
-9999 -9999 -9999 -9999 -9999 -9999 -9999 -9999 -9999 -9999 -9999 -9999 -9999 -9999 -9999 -9999 -9999 -9999 -9999 -9999 -9999 -9999 -9999 -9999 -9999 -9999 -9999 -9999 -9999 -9999 -9999 -9999 -9999 -9999 -9999 -9999 -9999 5.6964705272112 7.85627307044342 7.95739615149796 8.04991301288828 8.24283577036113 8.6681264587678 8.99229406611994 9.1299935807474 9.18449963862076 9.20888392766938 9.3888973556459 9.31144137866795 9.19884333806112 9.06042663846165 8.71259192703292 8.89762564981356 8.875392915681 8.45010222727433 8.36260566068813 8.05995360249653 7.93874934222549 7.21367533551529 6.88663898827508 7.07382426597178 7.25527206389233
-9999 -9999 -9999 -9999 -9999 -9999 -9999 -9999 -9999 -9999 -9999 -9999 -9999 -9999 -9999 -9999 -9999 -9999 -9999 -9999 -9999 -9999 -9999 -9999 -9999 -9999 -9999 -9999 -9999 -9999 -9999 -9999 -9999 -9999 -9999 10.4399997666478 7.1342727136133 7.35496077500284 8.00759909953922 7.93803215725347 8.02624590881169 8.09509566612542 9.09054840728641 9.00305184070021 9.22753073694184 9.32865381799638 9.30498671391979 9.28060242487118 9.23828851152211 9.2655415404588 9.31215856363997 9.10919521655887 8.72980436636135 8.97006133198738 8.9786675516516 8.89762564981356 8.32602922711521 7.3814966189675 7.34348581545055 7.25455487892032 7.17064423719421 7.13478498859331
-9999 -9999 -9999 -9999 -9999 -9999 -9999 -9999 -9999 -9999 -9999 -9999 -9999 -9999 -9999 -9999 -9999 -9999 -9999 -9999 -9999 -9999 -9999 -9999 -9999 -9999 -9999 -9999 -9999 -9999 -9999 17.9859039513752 17.8449996011332 -9999 -9999 6.69013030594215 6.74965665861964 7.87611518800259 7.99971006484702 8.69107637787238 8.87324136076495 9.15366068482399 9.21175266755745 9.37025054637343 9.50006102630869 9.45846429793164 9.34443188738078 9.23111666180193 9.27056183526292 9.30211797403172 9.33439129777253 9.25550095085055 9.43121126899496 9.31215856363997 9.24904628610238 9.03317360952497 8.68964200792834 8.25717946980149 7.68630023207515 7.87850580457598 7.58661152096465 8.1144596603699
-9999 -9999 -9999 -9999 -9999 -9999 -9999 -9999 -9999 -9999 -9999 -9999 -9999 -9999 -9999 -9999 -9999 -9999 -9999 -9999 -9999 -9999 -9999 -9999 -9999 -9999 -9999 -9999 -9999 6.24475843831897 6.32006286038086 9.50998208508827 9.61162313306704 10.4534831864552 7.39512313343585 11.0972007770375 7.3972746883519 8.33822137163952 9.36056854925118 8.9707785169594 9.37813958106562 9.38315987586975 9.6083559570834 9.61767936171964 9.55026397434995 9.58468885300681 9.56675922870636 9.56675922870636 9.61481062183157 9.51799065060914 9.41973630944267 9.3494521821849 9.39391765045002 9.32650226308033 9.17661060392857 8.83881648210809 8.56987211760134 8.39344461448491 8.19119845237583 8.08577226148918 7.61601610481739 7.48333688499406
-9999 -9999 -9999 -9999 -9999 -9999 -9999 -9999 -9999 -9999 -9999 -9999 -9999 -9999 -9999 -9999 -9999 -9999 -9999 -9999 -9999 -9999 11.0087461717555 7.61099581001326 7.74152347492054 7.79100923798978 8.04345834814012 8.11302529042587 8.835230557248 7.54788353247568 8.65234838938341 8.3453932213597 8.33463544677943 8.33822137163952 8.12736898986623 8.37766654510051 8.88399913534522 8.67242956859991 9.25980406068265 9.23326821671799 9.37025054637343 9.5803857431747 9.71306496299803 9.76613665092736 9.90240179561079 10.1806695647538 10.2100741486065 10.1555680907331 9.80988493422046 9.71521651791409 9.66357919992879 9.56245611887425 9.47926266212016 9.52157657546923 8.70900600217283 8.6322672101669 8.46014281688258 8.44364756252617 8.26004820968956 13.799999691546 -9999 -9999
-9999 -9999 -9999 -9999 -9999 -9999 -9999 -9999 -9999 -9999 -9999 -9999 -9999 -9999 -9999 -9999 -9999 -9999 -9999 -9999 -9999 8.16753134829924 8.18474378762767 8.6042969962582 8.39774772431701 8.35113070113584 8.40778831392527 8.0305490186438 8.1940671922639 8.42715230816975 8.54620501352474 8.58565018698573 8.57345804246143 8.79435101384297 8.75418865540996 8.89260535500944 8.87682728562504 9.06903285812587 9.28633990464732 9.25048065604642 9.38746298570186 9.74246954685077 9.91387675516307 10.0178685761057 10.2373271775432 10.3205206342973 10.1842554896139 10.0752433738671 9.95762503845617 9.85076447762549 9.65640735020861 9.7396008069627 9.30857263877988 9.24546036124229 8.75275428546593 13.3925700966783 15.2499996591359 -9999 -9999 -9999 -9999 -9999
-9999 -9999 -9999 -9999 -9999 -9999 -9999 -9999 -9999 -9999 -9999 -9999 -9999 -9999 -9999 -9999 -9999 6.88018432352692 7.17351297708228 7.63753165397793 8.58493300201371 8.48739584581926 9.22394481208175 9.23398540169001 9.18378245364875 9.18808556348085 9.193823043257 8.78861353406683 8.48309273598716 8.74558243574575 8.76422924501821 8.79721975373104 8.85244299657643 8.91985838394612 8.97723318170756 8.96934414701536 8.99587999098003 9.08409374253824 9.43981748865917 9.48786888178438 9.56891078362241 9.70445874333382 10.0221716859378 10.1964476341382 10.2954191602767 10.2574083567597 10.0673543391749 9.95260474365205 9.81705678394064 9.70302437338978 9.59831536747515 8.41116932879335 14.4199996776879 -9999 -9999 -9999 -9999 -9999 -9999 -9999 -9999 -9999
-9999 -9999 -9999 -9999 -9999 -9999 -9999 -9999 -9999 -9999 -9999 -9999 -9999 -9999 -9999 -9999 -9999 9.81767151391666 7.23160495981574 8.2535935449414 8.77068390976638 9.33654285268858 9.39606920536608 9.35877558682114 9.28347116475925 9.36809899145737 9.39965513022617 9.01380961528048 9.07548752287403 8.79578538378701 9.02743612974882 9.04751730896533 9.09341714717448 9.15724660968408 9.14935757499188 9.16441845940426 9.35518966196105 9.54165775468573 9.61983091663569 9.5323343500495 9.70589311327785 9.30498671391979 9.80916774924845 10.149113425985 10.1218603970483 10.2014679289423 10.1383556514047 9.75681324629113 9.63704335596412 9.22753073694184 9.84617449380457 14.5899996738881 -9999 -9999 -9999 -9999 -9999 -9999 -9999 -9999 -9999 -9999
-9999 -9999 -9999 -9999 -9999 -9999 -9999 -9999 -9999 -9999 -9999 -9999 -9999 7.84599341917783 9.16334268194623 8.60142825637013 8.5325784990564 9.15688801719807 8.4809411810711 8.18474378762767 7.77738272352144 8.98081910656765 9.43766593374312 9.05899226851761 9.38029113598168 9.34371470240876 9.42117067938671 9.31861322838813 9.20673237275332 9.20673237275332 9.20816674269736 9.29853204917163 9.40539261000231 9.33008818794042 9.3214819682762 9.44053467363119 9.51583909569308 9.81992552382872 9.78119753533974 10.2889644955285 10.0781121137552 9.77617724053562 10.0200201310217 10.0996276629157 10.0422528651543 10.0350810154341 10.0408184952103 9.84359262790531 9.58899196283892 9.30498671391979 9.44555496843532 9.04995573787019 15.7099996488541 -9999 -9999 -9999 -9999 -9999 -9999 22.698108701368 22.0349995074794 -9999
-9999 -9999 -9999 -9999 -9999 -9999 -9999 -9999 -9999 -9999 -9999 9.11550644431263 9.0267189447768 8.94495985796675 9.04536575404927 9.27594072255306 9.41901912447065 9.25550095085055 9.49217199161649 9.22681355196983 8.33606981672347 9.14792320504785 9.04106264421716 8.83379618730396 9.19238867331296 9.56962796859443 9.50149539625272 9.25908687571064 9.3652302515693 9.67003386467695 9.65640735020861 9.65855890512466 9.41901912447065 9.37670521112159 9.37096773134544 9.47639392223209 9.86941128689796 9.93324074940756 10.230872512795 10.2660145764239 10.3047425649129 10.3004394550808 10.2803582758643 9.96336251823232 9.87730032159016 9.66214482998475 9.85435040248558 9.67218541959301 9.17087312415242 9.46635333262384 9.78980375500396 8.27510909410194 7.02499984297901 7.02499984297901 -9999 -9999 12.8132165353745 8.48739584581926 8.01405376428738 8.078600411769 9.18863724422856 17.7899996023625
-9999 -9999 -9999 -9999 -9999 -9999 -9999 19.8592838360177 11.8256910787709 8.69107637787238 8.65234838938341 9.03891108930111 9.22681355196983 9.17374186404049 9.34228033246472 9.50508132111281 9.34156314749271 9.42117067938671 8.78574479417875 8.47018340649083 9.33654285268858 9.22035888722166 8.70972318714485 9.21246985252947 9.46922207251191 9.60261847730726 9.48213140200824 9.55600145412609 9.80271308450028 9.82422863366082 9.84215825796127 9.78908657003194 9.60118410736322 9.54380930960178 9.53448590496555 9.7037415583618 9.83713796315715 10.1942960792221 10.3621173626743 10.4646748136729 10.4596545188688 10.4804528830573 10.4876247327775 10.2358928075992 9.97698903270066 9.58612322295085 9.45631274301559 9.62915432127193 9.42403941927478 8.88830224517733 8.67529830848798 9.50006102630869 9.43336282391101 7.59019744582474 7.73148288531229 7.69777519162744 7.10394603479654 8.70739233598579 8.10872218059376 7.69454785925336 7.68821272533387 15.0301398733573
-9999 -9999 -9999 -9999 -9999 9.39549545738846 9.20314644789323 9.20960111264139 9.14146854029968 8.84455396188423 9.01094087539241 9.32721944805235 9.4885860667564 9.47137362742797 9.49934384133667 9.3888973556459 9.49073762167245 9.45344400312752 9.36164432670921 9.3293710029684 9.08552811248228 9.43121126899496 9.46563614765182 9.41901912447065 9.34658344229683 9.20386363286525 9.6521042403765 9.85793632734567 9.82566300360486 9.93324074940756 9.82781455852091 9.83283485332504 9.73673206707463 9.58970914781094 9.66286201495677 9.76541946595535 9.97412029281259 10.2480849521235 10.3147831545211 10.4869075478055 10.4955137674697 10.5213324264623 10.3951078713872 10.0938901831396 10.0106967263855 9.70517592830583 9.55600145412609 9.10991240153089 8.81730093294755 8.55337686324492 8.33822137163952 8.22634051600471 8.26076539466158 8.09007537132129 7.85340433055535 7.73793755006045 7.66908779274672 7.5486007174477 7.63968320889398 7.38293098891154 6.95835748547688 6.86010314431041
-9999 -9999 -9999 -9999 -9999 9.47997984709218 9.44914089329541 9.81992552382872 9.80845056427643 9.39678639033809 9.46635333262384 9.54237493965775 9.66573075484484 9.53448590496555 9.5445264945738 9.56245611887425 9.56460767379031 9.56245611887425 9.5244453153573 9.50436413614079 9.4606158528477 9.40180668514222 9.53950619976968 9.39391765045002 9.70804466819391 9.54811241943389 9.41328164469451 9.59544662758708 9.41328164469451 9.70230718841776 9.93754385923967 9.86008788226172 9.91817986499518 9.9705343679525 9.94901881879196 9.9626453332603 10.0630512293428 10.0429700501263 10.4037140910514 10.4410077095963 10.4510482992046 10.3865016517229 10.2538224318996 10.2574083567597 10.2107913335785 10.070940264035 9.41184727475047 8.96002074237913 8.6602374240756 8.56341745285317 8.43647571280599 8.41567734861746 8.26291694957763 8.67458112351596 7.96241644630209 8.12306588003412 7.71283607603982 7.93301186244935 7.9631336312741 7.52851953823119 6.93612475134432 7.09318826021627
-9999 -9999 -9999 -9999 -9999 8.89547409489751 10.2502365070395 10.0185857610777 9.96551407314837 9.77187413070351 9.36738180648535 9.63847772590816 9.62269965652376 9.66859949473292 9.6521042403765 9.6599932750687 9.65927609009668 9.64134646579623 9.59974973741919 9.28705708961934 9.55384989921004 9.51297035580501 9.48571732686833 9.73242895724252 9.51081880088896 9.71019622310996 9.54596086451784 9.77976316539571 9.67075104964897 9.75107576651499 9.59544662758708 9.94256415404379 10.1311838016845 10.2201147382148 10.1555680907331 10.0028076916933 10.1598712005652 10.1024964028038 10.308328489773 10.3262581140734 10.2825098307803 10.3054597498849 10.1799523797818 10.2000335589983 10.149830610957 10.1125369924121 9.24761191615835 8.68964200792834 8.42643512319773 8.37981810001656 8.34754477627575 8.45942563191056 8.38770713470876 8.87826165556908 8.89834283478558 9.00735495053232 8.1503189089708 8.35399944102392 8.31168552767485 8.18259223271161 7.97389140585437 7.56366160186008
-9999 -9999 -9999 -9999 -9999 10.5349589409307 9.85076447762549 10.187841414474 10.0444044200704 9.82996611343697 9.79625841975212 9.67792289936915 9.77761161047965 9.74462110176682 9.72525710752234 9.64564957562834 9.60907314205542 9.61481062183157 9.58540603797883 9.57177952351049 9.56317330384627 9.6599932750687 9.54882960440591 9.78980375500396 9.73888362199068 9.82924892846495 9.75466169137508 10.0730918189511 10.0802636686713 10.191427339334 10.1268806918524 10.0816980386153 10.0551621946506 10.18999296939 10.2387615474872 10.2437818422914 9.95977659337223 10.1426587612368 10.2968535302207 10.3728751372546 10.349208033178 10.3133487845771 10.1856898595579 10.3047425649129 10.0730918189511 9.88232061639428 9.73601488210261 8.5246894643642 8.31383708259091 8.1818750477396 8.05421612272039 8.4250007532537 8.39344461448491 8.62150943558663 8.43504134286195 8.94998015277088 8.09724722104147 8.41280860872939 8.2177342963405 8.01548813423142 8.05923641752452 7.9509414867498
-9999 -9999 -9999 -9999 -9999 9.80271308450028 10.1699117901735 10.1691946052015 10.1161229172722 10.0924558131956 9.95260474365205 9.79123812494799 9.69943844852969 9.57536544837058 9.52516250032932 9.5366374598816 9.63058869121596 9.5724967084825 9.58182011311874 9.61409343685955 9.5681935986504 9.74820702662691 9.88662372622639 9.53376871999353 9.68079163925722 9.7317117722705 10.148396241013 10.3986937962472 10.3319955938496 10.3370158886537 10.2803582758643 10.2043366688304 10.0020905067213 10.1691946052015 10.1942960792221 10.270317686256 10.8752632101532 10.8487273661885 10.3986937962472 10.4661091836169 10.2882473105565 10.0680715241469 10.6984771145508 10.4983825073577 9.69083222886547 9.87012847186998 9.18019652878866 10.6518600913696 10.2176045908127 8.00473035965115 9.84753714525141 9.69513533869758 10.1345904303016 8.34324166644365 9.28042312862817 9.75824761623517 9.39654732868075 8.36977751040831 8.26219976460561 8.13884394941851 8.40420238906518 8.08864100137725
