EcologicalScience/Bass/data/rs_data_bass/sst_233.asc
NCOLS 226 
NROWS 124 
XLLCORNER -9.41648524995501 
YLLCORNER 47.587301625531 
CELLSIZE 0.0833 
NODATA_value -9999 
[rows 54 to 80 of 124, columns 124 to 185 of 226]
5.06857508420944 5.1345561016351 5.30381175503135 5.27440717117861 5.26723532145843 5.22850733296946 5.1424451363273 5.18547623464838 5.13742484152317 5.05207982985303 5.03773613041267 4.9473708239384 4.83764152321965 4.73006377741694 5.72390285239089 4.86991484696046 5.5357015626505 5.31851404695772 5.45836511650123 5.568811602192 5.78360850131139 5.76747183944099 5.02984709572047 4.9552598586306 5.95250556222163 5.30668049491942 5.30022583017126 5.15105135599151 5.3339335238561 5.3138523446396 5.29735709028319 5.3138523446396 5.32317574927583 5.44366282457486 5.45657215407118 5.52829065127298 5.74846643768251 5.51609850674868 5.52936642873101 5.55877101258375 5.46589555870742 5.4770119257737 5.14531387621537 5.6208075126633 4.71034119068645 4.60921810963191 4.72898799995892 4.60348062985577 3.69516586279497 4.10922065330669 6.166482821373 12.7760595234909 2.94919103690024 5.11985380970873 3.33227026695386 3.44271675264463 3.23946653157473 3.72277748421766 5.28902671099282 7.31063874373212 17.3820401690523 16.4461662297082
4.86130862729624 4.83907589316368 5.00617999164388 5.18332467973232 5.08435315359384 4.95239111874253 5.03845331538469 5.03701894544065 5.09152500331402 5.04132205527276 4.98466444248334 4.94593645399436 4.85485396254808 5.55052338540554 5.4135410557501 5.50605791714042 5.42047384381294 5.38126773200929 5.59785759355873 5.0549485697411 5.49565873504616 5.49099703272805 5.8277153770905 5.99230932816863 5.93887904775329 5.16037476062775 5.19336526934057 5.12021240219474 5.170415350236 5.07789848884568 5.11160618253052 5.13025299180299 5.12236395711079 5.44043549220078 5.26006347173825 5.47055726102553 5.74488051282242 5.57347330451012 5.56845300970599 5.52470472641289 5.46697133616544 5.28480635327287 5.50032043736428 5.50534073216841 4.30835901387036 4.2344889617525 4.57371745351702 4.43422497645952 6.05506301322021 9.14045796147548 7.47189967201925 7.68896406197122 7.52020019255579 5.25074006710202 5.38019195455126 9.14371789316647 14.6445772136915 17.4479766047094 -9999 -9999 -9999 -9999
4.75588243640959 4.7522965115495 4.90147098572925 4.90577409556136 4.9394817892462 4.90433972561732 4.93589586438611 4.96028015343472 5.01478621130809 4.95023956382647 4.96386607829481 4.9552598586306 5.19910274911672 5.10849838098511 4.81469160411507 5.62845748569816 5.76041952054948 5.99111401988193 5.79687642329372 5.92453534831293 5.92919705063105 5.81265449267812 6.04215368372388 5.86106447828934 5.64913631905802 5.77966398396529 5.59247870626859 4.98753318237141 5.86070588580333 5.81910915742628 5.80297249555588 5.81157871522009 5.67997527285479 5.62690358492546 5.63586839707568 5.61148410802707 5.60180211090483 5.56988737965003 5.52685628132895 5.48597673792392 5.41174809332006 5.21344644855708 4.82222204632126 4.40338602266274 4.14017913793214 3.86011840635911 4.95628440859062 18.8227484775707 15.1978235933127 4.7381484080106 7.71359100758931 7.82507552416064 5.55226512033758 9.34060690086335 15.6640865645604 -9999 -9999 -9999 -9999 -9999 -9999 -9999
4.59738455759361 4.79819634975865 4.8397930781357 4.83118685847148 4.88067262154073 4.8598742573522 4.90577409556136 4.9115115753375 4.93230993952602 4.90864283544943 4.93374430947006 4.91222876030952 4.83764152321965 5.16157006891444 5.06068604951724 4.72504348261282 5.92202520091087 5.15033417101949 6.26699117245153 5.82735678460449 5.51932583912276 6.007011620095 6.07048249011859 6.05255286581814 5.99625384551473 5.88006988004781 5.97724844375625 5.85927151585929 5.84492781641893 5.82054352737032 5.68535416014493 5.71511733648367 5.68069245782681 5.65451520634815 5.64304024679586 5.62511062249541 5.33500930131413 5.55482649523765 5.44438000954688 5.37266151234508 5.36262092273682 5.12738425191492 4.7522965115495 4.30728323641233 4.18679616111331 4.17496260907501 7.35610827095807 8.79087266672868 5.54544332518708 4.64185002585873 2.47140923887491 1.02867213683203 0.86658833315596 8.05421612272039 17.239999614656 -9999 -9999 -9999 -9999 -9999 -9999 -9999
4.3578447769396 4.52279732050374 4.77739798557013 4.67627490451559 4.8161259740591 4.66623431490734 4.80465101450682 4.79245886998251 4.76879176590592 4.83118685847148 4.8598742573522 4.78743857517838 4.88999602617696 4.98466444248334 5.01751151420176 4.92011779500172 6.03534042648971 6.12427136301994 6.24045532848686 6.28515985840932 6.3281909567304 6.18487349315546 6.15009002201259 6.07514419243671 6.00772880506702 5.90158542920835 6.00234991777688 5.97186955646612 5.92130801593885 5.86393321817741 5.79364909091964 5.82269508228637 5.77715383656323 5.72766807349399 5.69539474975318 5.64770194911398 5.25432599196211 5.4970931049902 5.38808098924346 5.36764121754095 5.00976591650397 4.81971189891919 4.69779045367613 4.72002318780869 3.42478712834418 5.33528820658103 4.85877738621853 4.74191842313089 4.76771598844789 2.40505255313058 2.22155565528997 2.08570033059056 0.689921768382192 17.9344611008535 15.2549996590242 -9999 -9999 -9999 -9999 -9999 -9999 -9999
12.8245207366001 4.26269823731855 5.12419676315039 4.41521957470104 4.59021270787343 4.61531418189406 4.44964445335791 4.63969847094268 4.75516525143757 4.72217474272475 4.72360911266878 4.77022613584995 4.91007720539346 4.80751975439489 5.24141666246578 5.51609850674868 6.00330616440624 6.01693267887458 6.14757987461053 6.3577150714118 6.28731141332537 6.24117251345888 6.21140933712013 6.15905483416282 6.14399394975044 6.01418346981518 5.98406170099042 5.96469770674594 5.9872890333645 5.98226873856038 5.86680195806548 5.82018493488431 5.77320931921713 5.71440015151165 5.67961668036878 5.61686299531721 5.49637592001818 5.43147068005055 5.28050324344076 5.19300667685457 4.96673481818289 4.66659290739335 4.63491723779589 3.40470594912767 2.81517990212888 15.8330363596598 3.02060216911403 3.8148805850472 2.06309192813933 1.95937332051939 1.93411816400476 0.857264928519726 1.98916211060714 5.5726664714166 17.3349996125326 -9999 23.7447889405303 23.7449994692579 -9999 -9999 -9999 -9999
-9999 -9999 -9999 -9999 -9999 15.5299996528774 4.31983397342265 4.49984740139917 4.49482710659504 4.62822351139039 4.62535477150232 4.6447187657468 4.70460371091031 4.65977965015918 3.245012762025 5.73268836829811 5.88377533573657 5.98657184839249 4.57479323097505 5.75707265734673 6.33990497794002 6.34635964268818 6.18845941801555 6.24547562329099 6.01633502473123 6.01310769235715 6.01776939467527 5.98262733104639 6.02386546693742 5.99948117788881 5.82950833952054 5.76137576717883 5.79508346086368 5.72659229603596 5.65308083640411 5.54227575822733 5.46410259627737 5.42286446038634 5.32855463656597 5.170415350236 4.67735068197362 4.26174199068919 4.60814233217388 4.67770927445963 4.07204656559043 14.2057092542895 -9999 18.3492270997958 20.0430061081424 16.7749996250495 2.3859446963761 1.29636142763775 1.19434186536819 7.5090479662409 5.37499987985939 5.37499987985939 1.35651207687221 -9999 -9999 -9999 -9999 -9999
-9999 -9999 -9999 -9999 -9999 -9999 -9999 2.58464477723464 2.87717655859888 4.57853283832914 5.13186665799003 4.63467817613855 4.62607195647433 4.72862940747291 4.92155216494575 5.89070812379941 5.86106447828934 5.8012990639545 5.97222814895213 5.7800225764513 6.34349090280011 6.15080720698461 6.10060425894335 5.89369639451616 6.21499526198022 6.3376338921953 6.11925106821582 6.18953519547358 6.10060425894335 5.93350016046315 5.8356044117827 5.82018493488431 5.73950162553228 5.68894008500502 5.52864924375899 5.47772911074571 5.36907558748499 5.15535446582362 5.14065217389725 4.71141696814448 4.61136966454796 4.39944150531664 4.46506393025629 4.36931973649189 13.6383976110956 17.0799996182323 -9999 -9999 -9999 -9999 -9999 -9999 -9999 -9999 -9999 -9999 -9999 -9999 -9999 -9999 -9999 -9999
-9999 -9999 -9999 -9999 -9999 -9999 -9999 -9999 12.7099997159094 13.0169382849548 4.61854151426814 4.62571336398832 4.58626819052733 4.66085542761721 4.80034790467471 5.0391705003567 5.75444297911599 5.59319589124061 5.94856104487553 6.02099672704935 6.15546890930273 6.55314797628671 6.13897365494631 5.58602404152043 6.11638232832775 6.46565140970051 6.28492079675198 6.33010344998911 6.25515762041323 6.09271522425115 5.93493453040719 5.89226202457212 5.80225531058386 5.74595629028045 5.52829065127298 5.34433270595036 5.34863581578247 5.10371714783832 4.90828424296342 4.51024658349343 4.41486098221503 4.32557145319879 3.90458387462422 3.31410158099607 12.9290878817511 -9999 -9999 -9999 -9999 -9999 -9999 -9999 -9999 -9999 -9999 -9999 -9999 -9999 -9999 -9999 -9999 -9999
-9999 -9999 -9999 -9999 -9999 -9999 -9999 -9999 -9999 14.5749996742234 3.95335245272145 4.38199000433087 4.10790581419133 5.23266700580716 4.85198522266001 4.96422467078082 5.41389964823611 5.41425824072212 6.1622821665369 5.66312142601237 5.91915646102279 6.29520044801757 6.38986886432394 6.39859461481683 6.35986662632786 6.40074616973288 6.52912227972411 6.54920345894061 6.38102358300239 6.09665974159725 5.89513076446019 5.81480604759417 5.76352732209489 5.55124057037756 5.38377787941135 5.30022583017126 5.1585817981977 4.95884578349069 4.61710714432411 4.39872432034463 4.32162693585269 3.73855555360205 3.89203313761391 4.22516555711627 7.52323029906256 16.0649996409193 -9999 -9999 -9999 -9999 -9999 -9999 -9999 -9999 -9999 -9999 -9999 -9999 -9999 -9999 -9999 -9999
-9999 -9999 -9999 -9999 -9999 -9999 -9999 -9999 -9999 15.4649996543303 4.19217504840344 4.35712759196758 4.29114657454193 4.35748618445359 4.22062338562682 4.73914812039584 6.10490736877546 6.25766776781529 6.34803307428956 5.44294563960284 6.32484409352764 5.79759360826574 6.37958921305835 6.28276924183592 6.79675180511549 6.92225917521864 6.5287636872381 6.56605730578303 6.40325631713495 6.06761375023052 5.93457593792118 5.73125399835408 5.74954221514054 5.33859522617422 5.1826074947603 5.04670094256289 5.00653858412988 4.74906917917542 4.60348062985577 4.22301400220022 4.07957700779662 3.83286537742242 3.63635669508949 4.40394952514076 13.5935393322725 -0.00116529589687506 13.793980583925 -9999 -9999 -9999 -9999 -9999 -9999 -9999 -9999 -9999 -9999 -9999 -9999 -9999 -9999 -9999
-9999 -9999 -9999 -9999 -9999 -9999 -9999 -9999 -9999 8.73870404665614 4.25672169588506 4.53929257486016 4.76628161850385 5.68750571506098 5.69467756478116 5.85030670370907 6.00521865766495 6.19598986022174 6.26627398747951 6.56008076434955 6.52469963906333 6.54286832502112 6.64805545425043 6.78479872224852 6.737225452438 6.77380188601092 6.76017537154257 6.68773968936875 6.34014403959736 6.16909542377107 5.93027282808907 5.84994811122306 5.52255317149684 5.26831109891646 5.12594988197088 4.98609881242737 4.83405559835956 4.50271614128724 4.30082857166417 3.97092348453589 3.8676488485653 3.63169499277137 3.51873835967854 6.95018157679588 16.1099996399134 -9999 -9999 -9999 -9999 -9999 -9999 -9999 -9999 -9999 -9999 -9999 -9999 -9999 -9999 -9999 -9999 -9999
-9999 -9999 -9999 -9999 -9999 -9999 -9999 -9999 -9999 4.57084871362895 4.28433331730776 4.92083497997373 4.93446149444208 5.54263435071334 5.69539474975318 5.88975187717006 6.02171391202137 6.15726187173277 6.25695058284327 6.83285011537373 7.26507359184325 7.08338673226535 7.14912868803367 6.87588121369481 6.68391470285133 6.68941312097013 6.56928463815711 6.77643156424165 6.27488020714372 6.07908870978281 5.98334451601841 5.85102388868108 5.40816216845997 5.17400127509609 5.04526657261886 4.90577409556136 4.54216131474823 4.17603838653304 4.04479353665374 3.89812920987606 3.77800072706304 3.50618762266822 4.04610837576911 13.6320710150924 -9999 -9999 -9999 -9999 -9999 -9999 -9999 -9999 -9999 -9999 -9999 -9999 -9999 -9999 -9999 -9999 -9999 -9999
-9999 -9999 -9999 -9999 -9999 -9999 -9999 -9999 7.74133638318871 4.57945493329316 4.81254004919901 4.70496230339631 5.28659931570292 5.48884547781199 5.76998198684305 6.0984527040273 6.12068543815985 6.25910213775933 6.30715353088453 6.3853266928345 7.25981423538178 7.33583584241569 7.21032847231254 6.92034668195993 6.72455518459901 6.57538071041927 6.82460248819552 6.78999831329565 6.33631905307993 6.09128085430712 5.98585466342047 5.70794548676349 5.40601061354391 5.07323678652756 4.99948626523837 5.47521896334365 4.13946195296012 3.83286537742242 4.03439435455948 3.8877300277818 3.96984770707786 3.87111524259672 13.5631621491271 -9999 -9999 -9999 -9999 -9999 -9999 -9999 -9999 -9999 -9999 -9999 -9999 -9999 -9999 -9999 -9999 -9999 -9999 -9999
-9999 -9999 -9999 -9999 -9999 -9999 -9999 -9999 5.62552044247942 4.69205297389999 4.79532760987058 4.95310830371454 5.11590929236263 5.63515121210366 5.83596300426871 5.95860163448378 6.2340006637387 6.33010344998911 6.3695486234501 6.34086122456938 6.2777489470318 7.3826919272542 6.88412884087302 6.55314797628671 6.30069886613637 6.47425762936473 6.42907497612759 6.34659870434552 6.29304889310151 6.13048696611077 5.9392376402393 5.55410931026563 5.26364939659834 4.95358642702922 4.63874222431332 4.37816501781344 4.02483188826591 4.08985665906221 4.10491754347458 4.08411917928606 3.93805250665173 13.8158595156139 17.4099996108562 -9999 -9999 -9999 -9999 -9999 -9999 -9999 -9999 -9999 -9999 -9999 -9999 -9999 -9999 -9999 -9999 -9999 -9999 -9999
-9999 -9999 -9999 -9999 -9999 -9999 -9999 7.24115769188641 4.36602068562061 4.68272956926376 4.69563889876008 4.81325723417103 4.90218817070127 5.35616625798866 5.51968443160877 5.66240424104035 6.07980589475483 6.16801964631304 6.34086122456938 6.34875025926158 6.34480574191548 6.13574632257223 6.63777580298483 6.59187596477568 6.46063111489639 6.57932522776537 6.3494674442336 6.29496138636023 6.18212428409606 5.58387248660438 5.58566544903442 5.24500258732587 4.96709341066889 4.83477278333157 4.6100548254326 4.16779075935483 4.08890041243285 3.70986815472133 4.00259915413335 3.95335245272145 12.5283745706547 11.5002614501889 -9999 -9999 -9999 -9999 -9999 -9999 -9999 -9999 -9999 -9999 -9999 -9999 -9999 -9999 -9999 -9999 -9999 -9999 -9999 -9999
-9999 -9999 -9999 3.8400372271426 -9999 10.9725418461833 4.31180150173604 4.35598009601235 4.58519241306931 4.70281074848026 4.75373088149354 4.82760093361139 4.87278358684853 5.20412304392084 5.25719473185018 5.50964384200051 5.77858820650727 5.97366251889616 6.22252570418641 6.34516433440149 7.30332345701754 7.00031280633993 6.66682179435156 6.57071900810115 6.64494765270501 6.40875473525375 6.19479455193505 6.12116356147453 5.99015777325258 5.87469099275768 5.41784416558221 5.39453565399162 5.16539505543187 4.96912543475628 4.47904903721064 4.19002349348739 4.1919359867461 3.71273689460941 3.74501021835022 13.5633285779561 13.2949997028336 -9999 -9999 -9999 -9999 -9999 -9999 -9999 -9999 -9999 -9999 -9999 -9999 -9999 -9999 -9999 -9999 -9999 -9999 -9999 -9999 -9999
-9999 -9999 3.88019958557561 -9999 7.51225076333963 4.7401043670252 4.48363902103156 3.82031464041211 4.70281074848026 4.77524643065408 4.78098391043022 4.89214758109301 4.91724905511364 5.05853449460119 5.0348673905246 7.37528101587668 7.13574123522267 6.01597643224522 6.08984648436308 6.1185338832438 7.36822869698517 6.79603462014347 6.41508986917324 6.39106417261064 6.30822930834256 6.23352254042402 6.17375712608919 5.91413616621867 5.61220129299909 4.71464430051856 5.09797966806218 4.94880519388244 4.68105613766238 4.58495335141197 4.42358673270792 4.40685241669416 4.33597063529305 4.2989704106003 3.67907597385752 -9999 -9999 -9999 -9999 -9999 -9999 -9999 -9999 -9999 -9999 -9999 -9999 -9999 -9999 -9999 -9999 -9999 -9999 -9999 -9999 -9999 -9999 -9999
16.7749996250495 16.7749996250495 -9999 16.3599996343255 3.49076814576983 4.67436241125688 3.83680989476852 5.4333148699786 4.64830469060689 4.77739798557013 4.9473708239384 5.10156559292227 4.96386607829481 5.09224218828604 5.24069947749376 5.32676167413592 5.48239081306383 7.59091463079676 6.0547044207342 6.09486677916721 7.09247107524425 5.92489394079894 6.4251304587815 6.22467725910246 6.20674763480201 6.16993213957176 5.79556158417836 5.70208847615868 5.47617520997301 5.15894039068371 4.58351898146793 4.41354614309967 4.28134504659101 2.75995665928349 4.05304116383195 4.17089856090024 5.0309228731785 17.0466174823378 -9999 -9999 -9999 -9999 -9999 -9999 -9999 -9999 -9999 -9999 -9999 -9999 -9999 -9999 -9999 -9999 -9999 -9999 -9999 -9999 -9999 -9999 -9999 -9999
7.3188624647446 16.006641184588 7.34846392290338 5.37212362361606 3.99351481115445 4.94258959079161 4.55005034944043 4.57515182346106 4.63467817613855 6.04860834847204 6.43624682584777 5.64949491154402 5.1783043849282 5.1983855641447 5.29305398045108 5.61793877277523 5.88329721242189 5.98657184839249 5.97294533392414 6.01812798716128 6.46636859467253 6.18128756829537 6.60287280101329 6.31313007231802 5.967207854148 4.9832300725393 5.76854761689901 5.56343271490186 5.32939135236666 4.8330993517302 4.56726278876886 4.3937040255405 4.17472354741767 3.81134982826188 3.74281383937341 8.66911685706249 15.1933226393504 15.9649996431544 -0.169504499750449 13.2399997040629 -9999 -9999 -9999 -9999 -9999 -9999 -9999 -9999 -9999 -9999 -9999 -9999 -9999 -9999 -9999 -9999 -9999 -9999 -9999 -9999 -9999 -9999
4.90989790915046 5.21308785607107 5.27871028101072 4.77978860214353 4.58734396798536 4.54000975983217 4.59881892753765 4.64185002585873 4.76735739596188 5.59929196350276 6.76830346789211 5.96003600442782 5.20986052369699 7.07478051260114 6.00737021258101 5.84815514879301 5.74774925271049 5.78073976142332 5.87110506789759 5.84600359387696 6.6083712191321 6.25862401444465 5.88903469219804 6.5488448664546 6.14124474069104 3.79162724153139 5.44414094788954 5.27655872609466 5.05064545990899 4.11310540523846 4.3101519763004 4.10157068027183 3.79485457390547 16.0412629897307 14.6008868607858 16.5265421338938 17.3502475075342 0.642730997223408 12.9885010570048 -9999 -9999 -9999 -9999 -9999 -9999 -9999 -9999 -9999 -9999 -9999 -9999 -9999 -9999 -9999 -9999 -9999 -9999 -9999 -9999 -9999 -9999 -9999
5.41701664446065 5.34092607733328 4.4890896268189 4.59021270787343 4.45825067302212 4.49841303145513 4.53857538988814 4.65475935535505 5.99702225798475 6.26166351265939 7.17243719962426 6.23328347876668 6.38174076797441 6.32723471010104 6.20387889491394 5.99589525302872 5.8237708597444 5.66742453584448 5.66240424104035 5.58207952417433 6.88807335821912 6.87922807689756 6.13239945936948 5.60144351841882 5.41210668580607 4.99566127872095 4.78887294512242 4.79652291815728 4.50654112780467 3.98490859149024 4.09176915232092 3.50690480764024 3.5251930244267 12.7138565340429 3.64391472133306 13.7161156364287 -9999 -9999 -9999 -9999 -9999 -9999 -9999 -9999 -9999 -9999 -9999 -9999 -9999 -9999 -9999 -9999 -9999 -9999 -9999 -9999 -9999 -9999 -9999 -9999 -9999 -9999
4.41474145138636 4.85150709934533 4.3499557422474 4.27680287510157 4.37649158621207 4.49410992162302 4.66910305479541 7.41424806602299 5.77631712076254 7.76614682562649 6.22969755390659 6.47282325942069 6.50868250802159 6.42907497612759 6.32364878524095 6.14363535726443 5.75492110243067 5.68248542025685 5.47091585351154 5.29950864519924 5.29133273651823 6.16156498156488 5.83913910914479 5.42190821375698 4.87613045005128 4.60933764046058 4.63587348442525 4.49554429156706 3.62918484536931 3.88504058413673 9.75273833167739 10.7290489040315 10.7949997587129 -9999 -9999 13.6052278061397 13.6049996959046 -9999 -9999 -9999 -9999 -9999 -9999 -9999 -9999 -9999 -9999 -9999 -9999 -9999 -9999 -9999 -9999 -9999 -9999 -9999 -9999 -9999 -9999 -9999 -9999 -9999
4.65714997192845 4.77333393739536 4.31495711561292 6.35233618412167 4.50988799100742 4.52279732050374 4.64902187557891 7.54525385424495 6.42241540138743 6.58757285494357 6.63490706309676 6.59402751969174 6.53593553695828 6.37385173328221 6.27344583719969 6.84217352000996 4.72088380977511 5.83883174415678 5.71726889139973 4.96530044823885 5.17701345197856 6.05282181018265 4.99990462313872 3.86585588613525 3.77305215075612 4.26771853212267 3.87135430425406 3.6181880091317 3.97271644696593 2.89478743402287 3.69588304776698 2.42001098254696 4.36722794699017 16.9588245789055 -9999 -9999 -9999 -9999 -9999 -9999 -9999 -9999 -9999 -9999 -9999 -9999 -9999 -9999 -9999 -9999 -9999 -9999 -9999 -9999 -9999 -9999 -9999 -9999 -9999 -9999 -9999 -9999
5.26920758013148 5.33805733744521 5.30381175503135 4.32946474304689 4.12318185409531 8.48720711293189 7.48602632863913 5.50008137570694 3.70233771251515 6.9949339190498 6.97270118491724 7.96982735767961 6.22467725910246 5.46948148356751 5.72001810045913 8.21235540905036 5.05380107378587 6.33679717639461 4.50142520833761 4.74082155199721 4.78277687286027 3.76114688022062 3.31534470161423 3.42234869943932 3.3778832311742 3.74417350254953 3.59978026151657 4.05375834880397 3.92215490643866 2.90160069125704 4.01231530292093 15.4909088058484 3.88112168053963 3.89812920987606 17.7674645801191 4.99999988824129 -9999 -9999 -9999 -9999 -9999 -9999 -9999 -9999 -9999 -9999 -9999 -9999 -9999 -9999 -9999 -9999 -9999 -9999 -9999 -9999 -9999 -9999 -9999 -9999 -9999 -9999
-9999 -9999 -9999 -9999 7.15999983996153 14.642611961998 7.2698847076972 6.13021375278809 6.40889134191509 4.98394725751132 6.84181492752396 7.37193415267393 6.20507420320064 6.25193028803915 6.74344105552882 6.59797203703783 6.219417902641 5.4572893390432 5.38710766678144 4.40388805214316 4.64328439580277 3.61656238986179 3.42120120348409 3.18424328872934 3.68225653329864 4.12148110116167 12.7162340022251 -9999 -9999 -9999 -9999 -9999 -9999 -9999 -9999 -9999 -9999 -9999 -9999 -9999 -9999 -9999 -9999 -9999 -9999 -9999 -9999 -9999 -9999 -9999 -9999 -9999 -9999 -9999 -9999 -9999 -9999 -9999 -9999 -9999 -9999 -9999
-9999 -9999 -9999 -9999 -9999 15.5544735108564 6.30822930834256 4.20207220101729 6.24762717820704 7.86559647507966 7.8579465020448 6.51920122094452 6.23854283522815 6.7001708955504 5.53474531602114 5.19766837917268 5.23783073760569 5.7745241583325 4.81540878908709 4.71572007797658 4.75157932657748 4.16348764952272 4.83943448564969 4.85270240763202 14.7070026808004 -9999 -9999 -9999 -9999 -9999 -9999 -9999 -9999 -9999 -9999 -9999 -9999 -9999 -9999 -9999 -9999 -9999 -9999 -9999 -9999 -9999 -9999 -9999 -9999 -9999 -9999 -9999 -9999 -9999 -9999 -9999 -9999 -9999 -9999 -9999 -9999 -9999
