EcologicalScience/Bass/data/rs_data_bass/sst_64.asc
NCOLS 226 
NROWS 124 
XLLCORNER -9.41648524995501 
YLLCORNER 47.587301625531 
CELLSIZE 0.0833 
NODATA_value -9999 
[rows 81 to 107 of 124, columns 62 to 123 of 226]
10.6466664286951 -9999 -9999 -9999 -9999 -9999 -9999 -9999 -9999 -9999 -9999 -9999 -9999 -9999 -9999 -9999 -9999 -9999 -9999 -9999 -9999 -9999 -9999 -9999 -9999 -9999 -9999 -9999 -9999 -9999 -9999 -9999 -9999 -9999 -9999 -9999 -9999 -9999 -9999 -9999 -9999 -9999 -9999 -9999 -9999 -9999 -9999 -9999 -9999 -9999 -9999 -9999 -9999 -9999 -9999 -9999 -9999 -9999 -9999 -9999 -9999 -9999
11.4949997430667 -9999 -9999 -9999 -9999 -9999 -9999 -9999 -9999 -9999 -9999 -9999 -9999 -9999 -9999 -9999 -9999 -9999 -9999 -9999 -9999 -9999 -9999 -9999 -9999 -9999 -9999 -9999 -9999 -9999 -9999 -9999 -9999 -9999 -9999 -9999 -9999 -9999 -9999 -9999 -9999 -9999 -9999 -9999 -9999 -9999 -9999 -9999 -9999 -9999 -9999 -9999 -9999 -9999 -9999 -9999 -9999 -9999 -9999 -9999 -9999 -9999
-9999 -9999 -9999 -9999 -9999 -9999 -9999 -9999 -9999 -9999 -9999 -9999 -9999 -9999 -9999 -9999 -9999 -9999 -9999 -9999 -9999 -9999 -9999 -9999 -9999 -9999 -9999 -9999 -9999 -9999 -9999 -9999 -9999 -9999 -9999 -9999 -9999 -9999 -9999 -9999 -9999 -9999 -9999 -9999 -9999 -9999 -9999 -9999 -9999 -9999 -9999 -9999 -9999 -9999 -9999 -9999 -9999 -9999 -9999 -9999 15.3249996574596 -9999
-9999 -9999 -9999 -9999 -9999 -9999 -9999 -9999 -9999 -9999 -9999 -9999 -9999 -9999 -9999 -9999 -9999 -9999 -9999 -9999 -9999 -9999 -9999 -9999 -9999 -9999 -9999 -9999 -9999 -9999 -9999 -9999 -9999 11.3199997469783 11.209999749437 11.1449997508898 -9999 -9999 -9999 -9999 -9999 -9999 -9999 -9999 -9999 -9999 -9999 -9999 -9999 -9999 -9999 -9999 -9999 -9999 -9999 -9999 17.2699996139854 13.8324996908195 12.184999727644 9.9299997780472 9.94499977771193 12.5949997184798
-9999 -9999 -9999 -9999 -9999 -9999 -9999 -9999 -9999 -9999 -9999 -9999 -9999 -9999 -9999 -9999 -9999 -9999 -9999 -9999 -9999 -9999 -9999 -9999 -9999 -9999 -9999 -9999 -9999 -9999 -9999 -9999 -9999 16.8404541690411 15.24261870692 14.2429996816441 11.209615134061 11.9896151166266 12.9128944482164 13.9192496888805 15.6912496492732 -9999 13.7958568344957 12.3149997247383 12.3149997247383 10.5949997631833 10.879999756813 11.0699997525662 11.1799997501075 10.899999756366 11.2949997475371 11.3999997451901 15.8999996446073 -9999 10.6949997609481 10.7199997603893 10.6999997608364 10.4949997654185 10.1999997720122 11.5674997414462 8.87999980151653 8.87999980151653
-9999 -9999 -9999 -9999 -9999 -9999 -9999 -9999 -9999 -9999 -9999 -9999 -9999 11.334999746643 11.4049997450784 11.5599997416139 11.6399997398257 11.8449997352436 11.9499997328967 -9999 -9999 -9999 -9999 -9999 -9999 11.894999734126 11.894999734126 15.7896548194875 12.6333330509563 11.5499997418374 11.5449997419491 11.5499997418374 11.5549997417256 12.9999997094274 13.0099997092038 -9999 18.2865380528025 11.459999743849 12.1583330615734 12.7124997158535 12.4649997213855 11.2199997492135 11.1549997506663 11.0849997522309 11.4549997439608 11.169999750331 10.8849997567013 10.8549997573718 10.7699997592717 10.77499975916 10.8899997565895 10.8749997569248 10.8099997583777 11.1449997508898 10.4249997669831 10.4599997662008 10.4599997662008 10.2049997719005 10.1349997734651 11.4449997441843 11.3049997473136 11.2199997492135
-9999 -9999 -9999 -9999 -9999 -9999 -9999 -9999 13.6400267602391 12.079999729991 11.5249997423962 11.3299997467548 11.1799997501075 11.0299997534603 11.0099997539073 11.1249997513369 11.1149997515604 11.1299997512251 11.4449997441843 11.5499997418374 11.5849997410551 11.644999739714 11.354999746196 11.3499997463077 11.4349997444078 11.5449997419491 11.604062240629 11.9199997335672 11.7099997382611 11.3399997465312 11.3299997467548 11.2749997479841 11.0149997537956 12.0699997302145 12.4092854369166 15.815945592432 11.2166664159546 11.0349997533485 11.0599997527897 11.169999750331 12.4816663876797 11.024999753572 10.9599997550249 10.7049997607246 10.6549997618422 10.7499997597188 10.6449997620657 10.4799997657537 10.2499997708946 10.3649997683242 10.4699997659773 10.5349997645244 10.4449997665361 10.5649997638538 9.67999978363514 9.8199997805059 9.88999977894127 9.12499979604036 8.7549998043105 11.3749997457489 9.28999979235232 9.31999979168177
-9999 -9999 -9999 -9999 -9999 -9999 -9999 -9999 13.0395830418759 11.2649997482076 11.4449997441843 11.4249997446314 11.3049997473136 11.1299997512251 11.1249997513369 11.0049997540191 11.1199997514486 11.2749997479841 11.2499997485429 11.1649997504428 11.2299997489899 11.2799997478724 11.2649997482076 11.4249997446314 11.6349997399375 11.5699997413903 11.5999997407198 11.6649997392669 11.6299997400492 11.4949997430667 11.2349997488782 11.3449997464195 11.6949997385964 11.7999997362494 11.7924997364171 11.7949997363612 11.9649997325614 12.0299997311085 11.5649997415021 11.4099997449666 11.2999997474253 10.6699997615069 10.6149997627363 10.7499997597188 10.6849997611716 10.6399997621775 10.6349997622892 10.5449997643009 10.3799997679889 10.6699997615069 10.464999766089 10.3749997681007 10.2299997713417 10.2649997705594 10.2299997713417 10.069999774918 10.1799997724593 9.60499978531152 10.0449997754768 11.3624997460283 11.7349997377023 9.64999978430569
-9999 -9999 -9999 -9999 -9999 -9999 -9999 -9999 12.1691663946646 11.4899997431785 11.3749997457489 11.459999743849 11.3249997468665 11.644999739714 11.7199997380376 11.6299997400492 11.6949997385964 11.4649997437373 11.2299997489899 11.0349997533485 11.1299997512251 11.1499997507781 11.1599997505546 11.2399997487664 11.2549997484311 11.1749997502193 11.1749997502193 11.1549997506663 11.2649997482076 11.2949997475371 11.334999746643 11.5349997421727 11.6849997388199 11.7599997371435 11.4574997439049 11.2116664160664 11.5349997421727 11.6999997384846 11.2649997482076 11.2499997485429 11.6949997385964 11.6399997398257 11.2999997474253 10.9799997545779 10.8949997564778 10.3499997686595 10.2199997715652 11.0699997525662 11.1999997496605 10.8499997574836 10.8049997584894 9.57499978598207 9.69499978329986 10.339999768883 10.3099997695535 10.2349997712299 10.1149997739121 10.1699997726828 10.3049997696653 10.0249997759238 9.38999979011714 9.73499978240579
9.57697164622035 9.40499978978187 -9999 -9999 -9999 -9999 -9999 -9999 10.31999976933 10.9399997554719 11.0549997529015 11.044999753125 11.0199997536838 11.0949997520074 11.2549997484311 11.3749997457489 11.4099997449666 11.2999997474253 11.1499997507781 11.1349997511134 11.1449997508898 11.0899997521192 11.0749997524545 10.9799997545779 11.0149997537956 11.0149997537956 11.0549997529015 11.1299997512251 11.1199997514486 11.1049997517839 11.1599997505546 11.2249997491017 11.2399997487664 11.1349997511134 11.024999753572 11.0849997522309 10.3799997679889 10.5999997630715 10.8449997575954 11.0349997533485 11.4249997446314 11.459999743849 11.5099997427315 11.1849997499958 11.1249997513369 11.0699997525662 11.0849997522309 11.1349997511134 11.169999750331 10.754999759607 11.2974997474812 11.2374997488223 10.5649997638538 10.5499997641891 10.4399997666478 10.1299997735769 11.3874997454695 11.4449997441843 11.499999742955 8.24499981570989 10.8349997578189 10.9149997560307
10.7199997603893 10.7099997606128 10.8399997577071 10.919999755919 11.354999746196 -9999 16.1899624452926 10.7899997588247 10.8699997570366 10.8349997578189 10.7849997589365 10.7899997588247 10.8049997584894 10.8399997577071 10.8199997581542 10.8099997583777 10.8649997571483 10.8949997564778 10.919999755919 10.879999756813 10.8649997571483 10.8449997575954 10.8749997569248 10.8849997567013 10.9149997560307 10.9599997550249 10.9899997543544 10.9599997550249 11.0399997532368 11.044999753125 11.0399997532368 11.0049997540191 10.9449997553602 10.9249997558072 10.8949997564778 10.7849997589365 10.7799997590482 10.7499997597188 10.77499975916 10.7949997587129 11.0299997534603 11.0399997532368 11.0499997530133 11.0549997529015 10.9799997545779 10.9099997561425 10.879999756813 10.9049997562543 10.7249997602776 10.6449997620657 10.7799997590482 10.8049997584894 10.8399997577071 10.8649997571483 10.8299997579306 10.8649997571483 10.7949997587129 10.7849997589365 10.4899997655302 10.5849997634068 10.5399997644126 10.9799997545779
10.6649997616187 10.7299997601658 10.7799997590482 10.8349997578189 10.8449997575954 10.8249997580424 10.754999759607 10.7949997587129 10.6649997616187 10.6599997617304 10.7399997599423 10.7849997589365 10.8049997584894 10.7999997586012 10.6749997613952 10.6699997615069 10.6999997608364 10.7599997594953 10.7349997600541 10.7349997600541 10.754999759607 10.7649997593835 10.7449997598305 10.7449997598305 10.8299997579306 10.8499997574836 10.8499997574836 10.8399997577071 10.8549997573718 10.8449997575954 10.879999756813 10.7999997586012 10.8199997581542 10.8099997583777 10.8049997584894 10.8199997581542 10.8699997570366 10.899999756366 10.9349997555837 10.9299997556955 10.9499997552484 10.9799997545779 11.0099997539073 11.024999753572 10.9999997541308 10.9249997558072 10.8449997575954 10.8249997580424 10.8899997565895 10.8849997567013 10.8599997572601 10.9899997543544 10.9349997555837 10.899999756366 10.9699997548014 11.0899997521192 10.8949997564778 10.899999756366 10.9499997552484 10.8899997565895 11.024999753572 11.0499997530133
10.6949997609481 10.7249997602776 10.7799997590482 10.7649997593835 10.7849997589365 10.7649997593835 10.7399997599423 10.7349997600541 10.6949997609481 10.7099997606128 10.7949997587129 10.7849997589365 10.7649997593835 10.6549997618422 10.5899997632951 10.609999762848 10.7049997607246 10.6899997610599 10.6499997619539 10.7049997607246 10.7149997605011 10.7099997606128 10.8049997584894 10.8049997584894 10.8399997577071 10.8399997577071 10.7999997586012 10.7899997588247 10.7649997593835 10.8099997583777 10.7799997590482 10.6949997609481 10.7249997602776 10.754999759607 10.754999759607 10.8249997580424 10.8299997579306 10.9049997562543 10.9249997558072 10.9499997552484 10.9749997546896 10.9749997546896 10.9649997549132 10.9749997546896 10.9499997552484 10.9499997552484 10.9299997556955 10.9799997545779 10.9899997543544 11.024999753572 11.0149997537956 10.8899997565895 10.9549997551367 10.9799997545779 11.0049997540191 11.0049997540191 10.9799997545779 10.9599997550249 10.9399997554719 11.1249997513369 11.0349997533485 11.1849997499958
10.9099997561425 10.9049997562543 10.9049997562543 10.8449997575954 10.8249997580424 10.7699997592717 10.7799997590482 10.8549997573718 10.8399997577071 10.9099997561425 10.919999755919 10.8049997584894 10.6699997615069 10.5699997637421 10.5649997638538 10.5999997630715 10.7349997600541 10.7799997590482 10.7799997590482 10.754999759607 10.7649997593835 10.7799997590482 10.8249997580424 10.8449997575954 10.8499997574836 10.8399997577071 10.7699997592717 10.7199997603893 10.7249997602776 10.7049997607246 10.7599997594953 10.7649997593835 10.7849997589365 10.7699997592717 10.7349997600541 10.754999759607 10.7299997601658 10.7449997598305 10.7899997588247 10.8449997575954 10.8499997574836 10.8599997572601 10.8399997577071 10.8349997578189 10.8549997573718 10.8699997570366 10.8949997564778 10.9449997553602 10.9699997548014 10.9799997545779 11.0099997539073 10.9849997544661 10.9099997561425 11.024999753572 11.0949997520074 11.0499997530133 10.9549997551367 10.2999997697771 10.2999997697771 10.5949997631833 10.7849997589365 10.9699997548014
10.8249997580424 10.77499975916 10.7399997599423 10.7499997597188 10.8049997584894 10.8699997570366 10.8849997567013 10.9049997562543 10.9799997545779 11.0049997540191 10.9899997543544 10.9099997561425 10.8649997571483 10.8599997572601 10.8449997575954 10.8649997571483 10.9049997562543 10.8449997575954 10.7949997587129 10.7499997597188 10.7649997593835 10.8399997577071 10.879999756813 10.8749997569248 10.8699997570366 10.8949997564778 10.8549997573718 10.8399997577071 10.8099997583777 10.7999997586012 10.7699997592717 10.7949997587129 10.8149997582659 10.77499975916 10.7349997600541 10.754999759607 10.7449997598305 10.8049997584894 10.7799997590482 10.8149997582659 10.8499997574836 10.8299997579306 10.8249997580424 10.77499975916 10.7949997587129 10.8499997574836 10.899999756366 10.8849997567013 10.9149997560307 10.9699997548014 11.024999753572 11.064999752678 10.8099997583777 11.0199997536838 11.1449997508898 11.189999749884 11.3949997453019 11.3599997460842 12.1749997278675 12.2674997258 9.64499978441745 9.60999978519976
10.8849997567013 10.7999997586012 10.7899997588247 10.7299997601658 10.7349997600541 10.7449997598305 10.7599997594953 10.7699997592717 10.8149997582659 10.8599997572601 10.8199997581542 10.8199997581542 10.8749997569248 10.919999755919 10.9599997550249 10.8849997567013 10.7999997586012 10.7599997594953 10.7999997586012 10.8149997582659 10.7899997588247 10.8649997571483 10.8899997565895 10.9399997554719 10.9449997553602 10.9399997554719 10.8699997570366 10.8699997570366 10.9249997558072 10.8249997580424 10.7899997588247 10.9299997556955 10.9149997560307 10.8449997575954 10.8049997584894 10.7599997594953 10.7799997590482 10.9849997544661 10.8849997567013 10.7799997590482 10.9149997560307 10.9099997561425 10.8249997580424 10.8349997578189 10.8399997577071 10.8149997582659 10.919999755919 10.8899997565895 10.9499997552484 11.0299997534603 11.354999746196 11.4949997430667 11.1999997496605 11.4449997441843 11.6499997396022 11.6149997403845 11.8749997345731 12.2099997270852 12.6374997175299 12.5599997192621 12.7674997146241 12.784999714233
11.044999753125 11.0549997529015 11.1749997502193 10.9999997541308 10.8499997574836 10.8249997580424 10.8299997579306 10.7899997588247 10.7999997586012 10.7999997586012 10.7099997606128 10.6899997610599 10.7449997598305 10.8149997582659 10.8449997575954 10.7399997599423 10.6899997610599 10.6549997618422 10.6199997626245 10.6849997611716 10.7349997600541 10.6549997618422 10.7799997590482 10.8699997570366 10.9549997551367 10.9249997558072 10.9249997558072 10.8449997575954 10.8899997565895 10.8899997565895 10.9049997562543 10.9949997542426 11.0699997525662 10.7699997592717 10.9149997560307 10.9849997544661 10.8699997570366 11.0299997534603 10.9799997545779 10.9899997543544 11.1299997512251 10.9999997541308 10.8949997564778 10.7849997589365 11.3199997469783 11.4149997448549 11.4199997447431 11.4099997449666 11.4649997437373 11.8149997359142 11.4849997432902 11.4199997447431 11.4549997439608 11.76999973692 11.9799997322261 12.0949997296557 12.0549997305498 17.5064701969352 -9999 -9999 -9999 -9999
11.0699997525662 11.064999752678 10.8849997567013 10.8449997575954 10.879999756813 10.879999756813 10.899999756366 10.8749997569248 10.9049997562543 10.9699997548014 11.0549997529015 11.0149997537956 11.0949997520074 11.1049997517839 11.0699997525662 10.9749997546896 10.8899997565895 10.629999762401 10.7499997597188 10.9349997555837 10.8249997580424 10.7249997602776 10.7499997597188 10.9599997550249 10.9249997558072 10.8949997564778 10.8849997567013 11.1349997511134 10.8949997564778 11.0699997525662 11.0949997520074 11.0999997518957 11.1149997515604 10.8849997567013 10.9699997548014 11.1649997504428 11.0149997537956 11.0999997518957 11.169999750331 11.0799997523427 11.1349997511134 11.1499997507781 10.8749997569248 11.0049997540191 11.3849997455254 11.5799997411668 11.5599997416139 11.6949997385964 11.8399997353554 12.3599997237325 11.8449997352436 11.6999997384846 12.474999721162 12.5524997194298 12.4366663886855 18.0913632319901 -9999 -9999 -9999 -9999 -9999 -9999
11.1599997505546 11.1349997511134 10.9999997541308 11.0549997529015 10.9399997554719 10.9049997562543 10.9599997550249 10.9849997544661 11.1249997513369 11.1649997504428 11.169999750331 11.4699997436255 11.1599997505546 11.1449997508898 11.0999997518957 11.0549997529015 10.9999997541308 11.0199997536838 10.9349997555837 10.9649997549132 11.2299997489899 11.2049997495487 11.0049997540191 11.1399997510016 10.919999755919 10.9499997552484 10.9099997561425 11.3949997453019 11.76999973692 11.8799997344613 15.4746717852617 16.3574996343814 17.5148680295648 17.8676919083183 -9999 13.0664702961769 11.2349997488782 11.2249997491017 11.2999997474253 11.2349997488782 11.2849997477606 11.2599997483194 10.9249997558072 11.1199997514486 11.499999742955 11.6799997389317 11.6599997393787 11.8699997346848 12.059999730438 11.1449997508898 11.6349997399375 11.3849997455254 11.1149997515604 -9999 -9999 -9999 -9999 -9999 -9999 -9999 -9999 -9999
11.1749997502193 11.1849997499958 10.9399997554719 10.9549997551367 10.9999997541308 11.024999753572 11.0699997525662 11.0999997518957 11.1399997510016 11.169999750331 11.2799997478724 11.3449997464195 11.2999997474253 11.2449997486547 11.2299997489899 11.2149997493252 11.0049997540191 10.7949997587129 10.7699997592717 11.0749997524545 11.354999746196 11.4399997442961 11.5449997419491 11.0149997537956 10.919999755919 10.9749997546896 10.9999997541308 11.3699997458607 11.7949997363612 -9999 -9999 -9999 -9999 -9999 16.3799996338785 12.6224997178651 12.4799997210503 12.1349997287616 11.2299997489899 11.2499997485429 11.3299997467548 11.3949997453019 11.1799997501075 11.2449997486547 11.6299997400492 11.8149997359142 12.0099997315556 12.4199997223914 12.9999997094274 12.6499997172505 11.479999743402 12.22499972675 15.6872218715855 -9999 -9999 -9999 -9999 -9999 -9999 -9999 -9999 -9999
11.2649997482076 11.209999749437 11.1199997514486 11.0949997520074 11.044999753125 11.044999753125 11.2349997488782 11.1849997499958 11.2199997492135 11.2549997484311 11.2449997486547 11.2199997492135 11.3949997453019 11.3599997460842 11.4299997445196 11.4849997432902 11.2349997488782 11.0749997524545 11.2499997485429 11.2299997489899 11.2449997486547 11.3249997468665 11.7799997366965 11.9749997323379 11.9649997325614 11.7649997370318 11.7749997368082 12.1499997284263 12.4649997213855 12.7399997152388 -9999 -9999 -9999 -9999 -9999 16.5110412976161 12.7983330472683 11.6299997400492 11.6949997385964 11.5349997421727 11.499999742955 11.4549997439608 11.3949997453019 11.334999746643 11.8149997359142 12.1299997288734 12.1899997275323 12.7299997154623 12.9449997106567 12.9999997094274 12.3449997240677 13.9199996888638 13.8099996913224 13.8099996913224 14.794999669306 -9999 -9999 -9999 -9999 -9999 -9999 -9999
11.2049997495487 11.2399997487664 11.2249997491017 11.1249997513369 11.1399997510016 11.1399997510016 11.1349997511134 11.1849997499958 11.1849997499958 11.2349997488782 11.334999746643 11.2149997493252 11.4399997442961 11.3849997455254 11.3799997456372 11.4099997449666 11.1999997496605 11.0999997518957 11.2149997493252 11.2149997493252 11.0949997520074 11.1349997511134 11.6649997392669 12.349999723956 12.6349997175857 12.6999997161329 12.784999714233 12.8199997134507 12.8649997124448 13.2849997030571 17.7849996024743 24.7149994475767 -9999 -9999 -9999 -9999 12.7524997149594 11.9249997334555 11.9749997323379 11.8749997345731 11.6999997384846 11.5949997408316 12.392499723006 12.0249997312203 11.9849997321144 11.9399997331202 12.0999997295439 12.7249997155741 13.1849997052923 12.7899997141212 12.1799997277558 12.0649997303262 14.2599996812642 9.86999977938831 -9999 -9999 -9999 -9999 -9999 -9999 -9999 -9999
11.2749997479841 11.2599997483194 11.3049997473136 11.2849997477606 11.31499974709 11.2899997476488 11.2249997491017 11.1449997508898 11.1449997508898 11.209999749437 11.2899997476488 11.3899997454137 11.3799997456372 11.2799997478724 11.2649997482076 11.2849997477606 11.2699997480959 11.2349997488782 11.1649997504428 11.1749997502193 11.2649997482076 11.3749997457489 12.0499997306615 12.4149997225031 12.7949997140095 12.8266663799683 12.4649997213855 12.6749997166917 12.8299997132272 13.2449997039512 13.5649996967986 -9999 -9999 -9999 -9999 -9999 -9999 -9999 -9999 -9999 -9999 -9999 -9999 -9999 -9999 -9999 13.7044441381262 14.1309996841475 12.9249997111037 12.7249997155741 12.1949997274205 -9999 -9999 -9999 -9999 -9999 -9999 -9999 -9999 -9999 -9999 -9999
11.2649997482076 11.2649997482076 11.2849997477606 11.2849997477606 11.2999997474253 11.1449997508898 11.0549997529015 11.0949997520074 11.2249997491017 11.2349997488782 11.3599997460842 11.4899997431785 11.4299997445196 11.31499974709 11.2249997491017 11.1549997506663 11.1349997511134 11.1999997496605 11.3499997463077 11.479999743402 11.3799997456372 11.4149997448549 11.7199997380376 12.7316663820917 12.6519997172058 17.7418514552906 12.7966663806389 12.7183330490564 12.929999710992 13.2099997047335 13.6299996953458 13.489999698475 18.8199995793402 -9999 -9999 -9999 -9999 -9999 -9999 -9999 -9999 -9999 -9999 -9999 -9999 -9999 -9999 -9999 -9999 -9999 -9999 -9999 -9999 -9999 -9999 -9999 -9999 -9999 -9999 -9999 -9999 -9999
11.2799997478724 11.3049997473136 11.3899997454137 11.354999746196 11.3899997454137 11.3099997472018 11.1499997507781 11.1499997507781 11.1599997505546 11.3449997464195 11.4149997448549 11.2799997478724 11.2749997479841 11.2199997492135 11.1549997506663 11.189999749884 11.3649997459725 11.3949997453019 11.2849997477606 11.6649997392669 11.4499997440726 11.2449997486547 12.2674997258 12.3124997247942 12.4474997217767 12.4999997206032 12.4883330541973 12.7699997145683 12.7099997159094 13.2249997043982 13.5949996961281 13.7349996929988 -9999 -9999 -9999 -9999 -9999 -9999 -9999 -9999 -9999 -9999 -9999 -9999 -9999 -9999 -9999 -9999 -9999 -9999 -9999 -9999 -9999 -9999 -9999 -9999 -9999 -9999 -9999 -9999 -9999 -9999
11.1599997505546 11.2949997475371 11.3699997458607 11.334999746643 11.2549997484311 11.2849997477606 11.2699997480959 11.2999997474253 11.2799997478724 11.4199997447431 11.5099997427315 11.3599997460842 11.1449997508898 11.0999997518957 11.1299997512251 11.2049997495487 11.4249997446314 11.3949997453019 11.4699997436255 11.6649997392669 11.6099997404963 12.7033330493917 12.4499997217208 12.4333330554267 12.4333330554267 12.7216663823153 13.1049997070804 13.0299997087568 13.1649997057393 13.5349996974692 13.7149996934459 14.0549996858463 23.657603637878 -9999 -9999 -9999 -9999 -9999 -9999 -9999 -9999 -9999 -9999 -9999 -9999 -9999 -9999 -9999 -9999 -9999 -9999 -9999 -9999 -9999 -9999 -9999 -9999 -9999 -9999 -9999 -9999 -9999
11.4049997450784 11.3899997454137 11.3899997454137 11.3899997454137 11.4249997446314 11.4099997449666 11.4049997450784 11.4199997447431 11.4849997432902 11.5699997413903 11.6099997404963 11.4949997430667 11.4299997445196 11.5499997418374 11.6699997391552 11.2649997482076 11.2649997482076 11.4249997446314 11.4149997448549 11.4549997439608 11.5699997413903 12.7299997154623 12.7599997147918 12.8199997134507 13.1466663728158 13.0074997092597 12.9899997096509 12.8999997116625 12.929999710992 13.074999707751 13.5349996974692 13.8449996905401 14.25749968132 -9999 -9999 -9999 -9999 -9999 -9999 -9999 -9999 -9999 -9999 -9999 -9999 -9999 -9999 -9999 -9999 -9999 -9999 -9999 -9999 -9999 -9999 -9999 -9999 -9999 -9999 -9999 -9999 -9999
