EcologicalScience/Bass/data/rs_data_bass/sst_429.asc
NCOLS 226 
NROWS 124 
XLLCORNER -9.41648524995501 
YLLCORNER 47.587301625531 
CELLSIZE 0.0833 
NODATA_value -9999 
[rows 0 to 26 of 124, columns 0 to 61 of 226]
-9999.000000000000000 -9999 -9999 -9999 -9999 -9999 -9999 -9999 -9999 -9999 -9999 -9999 -9999 -9999 -9999 -9999 -9999 -9999 -9999 -9999 -9999 -9999 -9999 -9999 -9999 -9999 -9999 -9999 -9999 -9999 -9999 -9999 -9999 -9999 -9999 -9999 -9999 -9999 -9999 -9999 -9999 -9999 -9999 -9999 -9999 -9999 -9999 -9999 -9999 -9999 -9999 -9999 -9999 -9999 -9999 -9999 -9999 -9999 -9999 -9999 -9999 -9999
-9999 -9999 -9999 -9999 -9999 -9999 -9999 -9999 -9999 -9999 -9999 -9999 -9999 -9999 -9999 -9999 -9999 -9999 -9999 -9999 -9999 -9999 -9999 -9999 -9999 -9999 -9999 -9999 -9999 -9999 -9999 -9999 -9999 -9999 -9999 -9999 -9999 -9999 -9999 -9999 -9999 -9999 -9999 -9999 -9999 -9999 -9999 -9999 -9999 -9999 -9999 -9999 -9999 -9999 -9999 -9999 -9999 -9999 -9999 -9999 -9999 -9999
-9999 -9999 -9999 -9999 -9999 -9999 -9999 -9999 -9999 -9999 -9999 -9999 -9999 -9999 -9999 -9999 -9999 -9999 -9999 -9999 -9999 -9999 -9999 -9999 -9999 -9999 -9999 -9999 -9999 -9999 -9999 -9999 -9999 -9999 -9999 -9999 -9999 -9999 -9999 -9999 -9999 -9999 -9999 -9999 -9999 -9999 -9999 -9999 -9999 -9999 -9999 -9999 -9999 -9999 -9999 -9999 -9999 -9999 -9999 -9999 -9999 -9999
-9999 -9999 -9999 -9999 -9999 -9999 -9999 -9999 -9999 -9999 -9999 -9999 -9999 -9999 -9999 -9999 -9999 -9999 -9999 -9999 -9999 -9999 -9999 -9999 -9999 -9999 -9999 -9999 -9999 -9999 -9999 -9999 -9999 -9999 -9999 -9999 -9999 -9999 -9999 -9999 -9999 -9999 -9999 -9999 -9999 -9999 -9999 -9999 -9999 -9999 -9999 -9999 -9999 -9999 -9999 -9999 -9999 -9999 -9999 -9999 -9999 -9999
-9999 -9999 -9999 -9999 -9999 -9999 -9999 -9999 -9999 -9999 -9999 -9999 -9999 -9999 -9999 -9999 -9999 -9999 -9999 -9999 -9999 -9999 -9999 -9999 -9999 -9999 -9999 -9999 -9999 -9999 -9999 -9999 -9999 -9999 -9999 -9999 -9999 -9999 -9999 -9999 -9999 -9999 -9999 -9999 -9999 -9999 -9999 -9999 -9999 -9999 -9999 -9999 -9999 -9999 -9999 -9999 -9999 -9999 -9999 -9999 -9999 -9999
-9999 -9999 -9999 -9999 -9999 9.17374186404049 8.90264594461769 9.32363352319226 9.24330880632624 8.11517684534192 8.53473005397245 8.83475243393332 8.86965543590486 8.83451337227598 8.80295723350719 7.19646289618686 7.32985930098221 7.2660298384726 7.40014342823997 6.7439191788435 6.91102327732369 6.07550278492272 6.05327005079016 5.91987364599481 9.39991592476144 8.54979093838483 8.45286601326406 6.7001708955504 6.89811394782737 6.83787041017786 6.64996794750914 7.47802971620113 7.73390647590738 10.4424983293421 12.3249997245148 8.19127559285326 10.8512141271241 12.2299997266382 11.0099997539073 10.9879733109119 7.50284431623295 6.82496108068153 8.61697372522306 11.1649997504428 -9999 -9999 -9999 -9999 -9999 -9999 -9999 -9999 -9999 -9999 -9999 -9999 -9999 -9999 -9999 -9999 -9999 -9999
-9999 -9999 -9999 -9999 -9999 9.69097566585988 9.60979032702744 8.77498701959848 8.82877589249983 9.01380961528048 8.45368815213442 8.41782890353352 8.79506819881499 8.43791008275002 8.20052185701206 7.8512527756393 7.29400005238131 7.24164554942399 7.20435193087906 7.17279579211026 7.10107729490846 6.94042786117643 6.84253211249597 6.12498854799196 8.30608373154206 7.01250495086424 6.81994078587741 6.76400035806 6.7439191788435 6.80990019626915 6.76615191297606 7.64147617132403 11.9711148161715 11.8261511140469 12.0106663898599 12.7297137047109 12.0099997315556 -9999 8.48499981034547 8.8075292877038 11.0246247760648 6.71738333487883 8.10122433770448 7.94923508112672 7.66329293817282 10.7254936250392 10.6499997619539 -9999 -9999 -9999 -9999 -9999 -9999 -9999 -9999 -9999 -9999 -9999 -9999 -9999 -9999 -9999
-9999 -9999 -9999 -9999 -9999 9.39535202039406 9.17230749409646 8.96360666723922 8.90551468450576 8.86463514110073 9.07261878298596 9.08696248242632 8.89690846484154 8.33893855661154 7.68486586213112 7.40372935310006 7.23519088467583 7.1541489828378 7.15056305797771 7.06736960122362 6.95764030050486 6.88520461833104 6.86010314431041 8.32370455858522 8.02433341555297 7.46104178695089 6.69658497069031 6.60621966421604 6.6643116469495 6.8636890691705 6.8995483177714 6.74607073375955 6.60263373935595 6.9752113323193 7.4091082403902 12.381249196395 11.7078205962224 12.3099997248501 12.0549997305498 7.00896275679513 7.02461837996479 7.70516531503476 8.04866989227012 7.72302010264248 8.15699483291246 10.3249997692183 -9999 -9999 -9999 -9999 -9999 -9999 -9999 -9999 -9999 -9999 -9999 -9999 -9999 -9999 -9999 -9999
-9999 -9999 -9999 -9999 -9999 9.23470258666202 9.50532038277015 8.93061615852639 8.95930355740711 8.92918178858235 9.26769309537485 8.43002104805782 8.70613726228476 8.25861383974552 8.0506301978603 7.32699056109414 7.2179784453474 6.94186223112047 6.87014373391867 6.87372965877876 6.87516402872279 6.84002196509391 6.54239020170644 8.07545103428318 8.21612500323255 6.35066275252029 6.78981901705265 6.63562424806878 6.74535354878753 6.67076631169766 6.89596239291131 6.5847041150555 6.47282325942069 6.63132113823667 6.91604357212782 5.65523239132017 12.2619122286492 12.1949997274205 11.2939797029831 12.2976012318395 7.89384430897753 7.87033914989461 11.7876644374192 -9999 11.1456050799559 11.0434064950214 9.33499979134649 -9999 -9999 -9999 -9999 -9999 -9999 -9999 -9999 -9999 -9999 -9999 -9999 -9999 -9999 -9999
-9999 -9999 -9999 -9999 -9999 8.97149570193142 9.09485151711851 9.04321419913322 8.94998015277088 8.85172581160441 8.04489271808416 8.17542038299143 8.70972318714485 9.04608293902129 7.73435162520036 7.25025176908821 6.9153263871558 6.79340494191274 6.84934536973014 6.72383799962699 6.73889888403937 6.78336435230449 6.56031982600689 7.66060110391118 8.50295564151653 7.12235378241166 6.59402751969174 6.61052277404815 6.79268775694072 6.85508284950629 6.8952452079393 7.07812737580389 6.90672016749159 6.9393520837184 6.83500167028978 6.74535354878753 7.03509627748281 7.25419628643431 6.20029297005385 7.17791854191039 9.54225540882908 8.31152358268117 7.733395378571 7.78419598075561 8.53638269760362 12.9778160163486 12.0949997296557 -9999 -9999 -9999 -9999 -9999 -9999 -9999 -9999 -9999 -9999 -9999 -9999 -9999 -9999 -9999
-9999 -9999 -9999 -9999 -9999 9.48500014189631 8.99014251120389 9.0503860488534 8.86893825093284 8.33965574158356 8.29662464326248 8.25431072991341 7.45034637628123 7.37862787907943 7.23877680953592 7.21654407540336 7.03437909251079 6.71881770482287 6.68152408627793 6.74105043895543 6.60263373935595 6.56534012081102 7.32268745126203 7.62767036061268 7.44704732540995 7.17494734702632 6.28492079675198 6.79914242168888 6.69156467588618 6.59689625957981 6.43481245590374 6.15224157692865 7.02756583527662 6.98489332944155 6.91030609235168 7.5048524341546 7.20255896844901 7.2617267286405 7.29184849746525 7.27427746565081 7.20105288000777 7.38909877967089 7.34659361699596 8.39834018146781 8.52563799932719 12.039999730885 -9999 -9999 -9999 -9999 -9999 -9999 -9999 -9999 -9999 -9999 -9999 -9999 -9999 -9999 -9999 -9999
-9999 -9999 -9999 -9999 -9999 8.90264594461769 8.99372843606398 9.31215856363997 9.33439129777253 9.26625872543082 9.05970945348963 7.70494704134762 8.37461850896943 7.33703115070239 7.24164554942399 7.24236273439601 7.07167271105573 6.86010314431041 6.63418987812474 7.48835717979819 7.40552231553011 7.37038025190122 8.00348472259449 10.3023519483395 7.13693654350936 7.17351297708228 7.14661854063161 7.06808678619564 7.0946226301603 6.65498824231327 6.63849298795685 6.59474470466375 6.54239020170644 7.07633441337384 7.02720724279061 7.05338449426927 7.04908138443716 9.03286624453696 7.18498793663457 7.29866175469942 7.31264686165377 7.28646961017512 9.37824203606163 8.22927161980339 8.74074525199831 12.5256887861166 12.2549997260794 -9999 -9999 -9999 -9999 -9999 -9999 -9999 -9999 -9999 -9999 -9999 -9999 -9999 -9999 -9999
-9999 -9999 -9999 -9999 -9999 8.92272712383419 8.93850519321859 9.43408000888303 9.14362009521574 9.07118441304192 8.77642138954252 8.42356638330966 7.28897975757718 7.19861445110291 7.17996764183044 7.04585405206308 7.002822953742 7.27535324310884 6.28492079675198 6.27272865222767 7.28682820266113 7.29794456972741 7.17996764183044 7.14123965334147 6.61554306885228 6.69515060074627 6.56031982600689 6.93971067620441 7.02971739019267 6.96983244502917 7.03115176013671 7.04441968211904 6.18523208564147 6.97772147972137 6.86010314431041 7.12115847412497 7.13119906373322 7.11542099434882 7.11542099434882 7.35496077500284 6.70519119035453 7.32125308131799 7.36308887135237 9.35232092207298 -9999 12.1299997288734 -9999 -9999 -9999 -9999 -9999 -9999 -9999 -9999 -9999 -9999 -9999 -9999 -9999 -9999 -9999 -9999
-9999 -9999 -9999 -9999 -9999 9.25406658090651 9.23541977163404 8.99946591584012 8.90766623942181 9.30498671391979 7.32483900617808 8.22849207092077 7.41807305254042 7.29400005238131 7.0386822023429 6.98847925430164 6.76400035806 6.21535385446623 6.27344583719969 6.2698599123396 7.38675597542897 7.44209874910302 7.23985258699395 6.32651752512902 6.4254890512675 6.69156467588618 6.32364878524095 6.56964323064312 6.33153781993315 6.17734305094928 6.37313454831019 6.75109102856368 6.73316140426323 6.71092867013067 6.37098299339414 7.27069154079072 7.12582017644309 7.10322884982452 7.14374980074354 7.19538711872883 7.27714620553888 7.16439448243805 11.252382974606 8.49481184361503 11.8749997345731 -9999 -9999 -9999 -9999 -9999 -9999 -9999 -9999 -9999 -9999 -9999 -9999 -9999 -9999 -9999 -9999 -9999
-9999 -9999 -9999 -9999 -9999 9.32865381799638 8.97723318170756 9.04464856907725 8.40671253646724 8.32172611728311 8.30594804789871 8.16681416332722 7.21224096557125 7.30547501193359 7.62282936205156 6.98202458955348 6.84647662984207 6.54741049651057 6.42979216109961 6.29280983144417 6.31862849043682 5.85604418348521 5.88114565750584 6.0389263513498 6.09773551905528 6.09988707397133 6.09916988899931 6.25695058284327 6.2698599123396 6.58972440985963 6.41616564663127 6.90098268771544 7.11111788451672 7.29973753215745 7.0666524162516 7.23268073727377 6.06976530514657 7.12689595390111 8.81484201304349 10.6205908265896 9.63046732145147 7.59746183554131 7.49791193442539 10.7832244720776 10.9528387179598 12.0876716176501 12.0999997295439 -9999 -9999 -9999 -9999 -9999 -9999 -9999 -9999 -9999 -9999 -9999 -9999 -9999 -9999 -9999
-9999 -9999 -9999 -9999 -9999 9.18163089873269 9.18880274845287 8.79004790401086 8.65485853678547 7.59019744582474 8.28012938890606 7.91544083063491 7.98249762551859 7.43528549186885 7.122592844069 7.07741019083187 6.79483931185678 6.01239050738513 6.79053620202467 6.53952146181837 7.04513686709106 7.42739645717666 6.56390575086698 5.40780357597396 5.88544876733795 6.0984527040273 6.39465009747073 6.00521865766495 6.28276924183592 6.03964353632182 5.75276954751462 6.53880427684635 6.98991362424567 7.30906093679368 8.53396164150243 7.08494063303806 7.07884456077591 7.12151706661098 6.66072572208941 8.60970346758572 10.7232084285858 7.73638750512093 11.8486730602625 -9999 -9999 -9999 -9999 13.2249997043982 13.2249997043982 -9999 -9999 -9999 -9999 -9999 -9999 -9999 -9999 -9999 -9999 -9999 -9999 -9999
-9999 -9999 -9999 -9999 -9999 9.13931698538363 9.14433728018776 9.15688801719807 7.67339090257883 7.6640674979426 7.54429760761559 8.2180928888265 8.04704427300021 6.14722128212452 7.67554245749488 6.74965665861964 7.22156437020749 7.72861414542422 6.92895290162414 6.88377024838701 6.67722097644582 7.67482527252287 7.14195683831349 7.21367533551529 7.30475782696158 7.24523147428408 6.86727499403059 6.52589494735003 6.41401409171522 6.26483961753547 6.40325631713495 7.51076921017375 7.16992705222219 4.70998259820044 4.86489455215633 5.11017181258649 7.22242499217391 11.1034953744151 8.42944267308039 -9999 -9999 -9999 -9999 -9999 -9999 -9999 -9999 -9999 -9999 -9999 -9999 -9999 -9999 -9999 -9999 -9999 -9999 -9999 -9999 -9999 -9999 -9999
-9999 -9999 -9999 -9999 -9999 9.14290291024372 9.08983122231439 9.1421857252717 7.50772117404267 7.63753165397793 7.58661152096465 7.39584031840786 6.7797784274444 7.11470380937681 7.86703084502369 7.47186192544177 7.31479841656983 7.3535264050588 7.3176671564579 7.56724752672017 7.41663868259639 7.17996764183044 7.08027893071994 6.88663898827508 6.69515060074627 6.62414928851649 6.06617938028648 6.13000884279609 6.81133456621319 6.9949339190498 5.98011718364432 7.15558335278183 5.20842615375295 5.09511092817411 6.3415784095414 6.3336893748492 7.03557440079749 7.19251837884076 7.99982959567569 11.8837307491888 11.6199997402728 -9999 -9999 -9999 -9999 -9999 -9999 -9999 -9999 -9999 -9999 -9999 -9999 -9999 -9999 -9999 -9999 -9999 -9999 -9999 -9999 -9999
-9999 -9999 -9999 -9999 -9999 9.26123843062669 9.04106264421716 9.01094087539241 8.91985838394612 8.84527114685625 8.26506850449368 7.56007567699999 8.15892512863502 7.9430524520576 7.54501479258761 7.20363474590704 7.84192937100306 7.26029235869646 7.21510970545933 6.85508284950629 6.67004912672564 6.41831720154732 6.54023864679039 6.82567826565355 6.23471784871072 6.92034668195993 5.17256690515205 4.68774986406788 5.73340555327013 5.5648670848459 4.32772300811484 4.50773643609136 6.04753257101402 5.76281013712287 5.79651783080772 7.19753867364489 7.04943997692317 7.21582689043134 7.81097088637762 11.2961312578991 11.3749997457489 -9999 11.2706641601673 8.232650217833 7.48731400165707 12.3049997249618 -9999 -9999 -9999 -9999 -9999 -9999 -9999 -9999 -9999 -9999 -9999 -9999 -9999 -9999 -9999 -9999
-9999 -9999 -9999 -9999 -9999 9.10489210672677 8.95715200249106 8.52325509442016 8.59927670145407 8.99659717595205 8.83594774222001 8.01046783942729 8.4250007532537 8.01190220937133 8.43360697291791 8.47233496140689 8.45799126196653 8.61648914078251 8.55050812335685 8.48667866084725 8.20912807667628 7.9789117006585 6.88018432352692 7.53999449778348 7.09031952032819 7.24774162168615 6.50939969299361 5.97007659403607 2.65524765336886 6.36094240378588 6.40827661193907 6.27057709731162 6.18810082552955 6.18308053072542 6.22754599899054 6.13718069251627 8.57638415714726 7.97016204399988 6.21965696429834 6.88054291601293 6.2698599123396 6.94150363863446 6.97341836988926 6.03032013168558 7.04155094223097 12.9977721348405 13.2699997033924 -9999 -9999 -9999 -9999 -9999 -9999 -9999 -9999 -9999 -9999 -9999 -9999 -9999 -9999 -9999
-9999 -9999 -9999 -9999 -9999 8.29016997851431 8.2299264408648 8.80510878842324 9.16728719929233 8.91268653422594 8.69466230273247 8.53473005397245 8.50532547011971 7.46971037052572 7.51489302376285 8.36404003063217 8.51823479961604 7.31479841656983 7.47975096013397 7.50126650929451 7.56222723191604 7.89643542887643 7.58230841113254 7.63035980425775 6.86512343911454 5.0750297489576 6.55386516125873 6.42979216109961 6.44413586053997 6.42835779115558 6.38389232289046 6.37672047317028 6.25336465798318 6.21105074463412 6.24977873312309 6.35018462920561 6.18594927061349 6.02888576174155 6.22969755390659 6.21965696429834 6.2619708776474 6.96194341033697 6.87193669634871 6.77368235518225 8.08682045490982 8.36469617858529 -9999 -9999 -9999 -9999 -9999 -9999 -9999 -9999 -9999 -9999 -9999 -9999 -9999 -9999 -9999 -9999
-9999 -9999 -9999 -9999 -9999 9.32506789313629 9.29279456939548 9.18163089873269 8.83666492719203 9.30498671391979 8.77857294445857 8.83738211216405 8.5246894643642 7.89213231904432 8.02194279897958 7.61027862504125 7.74726095469669 7.67052216269076 7.46684163063765 7.69060334190726 7.77092805877328 7.48118533007801 7.51489302376285 7.98034607060254 7.75012969458476 6.67722097644582 6.9949339190498 6.61769462376833 6.50437939818949 6.44628741545603 6.35592210898176 6.28348642680794 6.27990050194785 6.25910213775933 5.69252600986511 6.14937283704057 6.12498854799196 6.28276924183592 6.30500197596848 6.25981932273135 6.04753257101402 7.00605028611608 6.99206517916173 8.73299909941852 9.49418010953814 7.43083894504234 9.26948070567824 -9999 -9999 9.09638834205855 9.10999979637563 -9999 -9999 10.9149997560307 10.9150669761002 -9999 -9999 -9999 -9999 -9999 -9999 -9999
-9999 -9999 -9999 -9999 -9999 9.25550095085055 9.23470258666202 8.78144168434665 8.82518996763974 8.82447278266773 8.79721975373104 8.23996703047305 8.03987242328003 8.33320107683539 7.57011626660824 7.71785637084395 8.20841089170426 8.34395885141566 7.98966947523877 7.96098207635805 5.62439343752339 8.08075196668506 8.11230810545385 7.16849268227816 7.82041382184252 5.20484022889286 6.6485335775651 6.71738333487883 6.57322915550321 6.39823602233082 6.31145664071664 6.2182225943543 6.20674763480201 6.17519149603322 6.20746481977403 6.1823633457534 6.14506972720847 6.8593859593384 7.61745047476143 4.82473219372332 6.28778953664005 7.33308663335629 9.11930100480095 7.6417487016134 7.29570336668985 6.43481245590374 11.2048097047955 11.6735814899371 9.83469953425229 9.0744834639132 9.07499979715794 -9999 -9999 10.8961933021937 8.52246397285309 8.55499980878085 -9999 -9999 -9999 -9999 -9999 -9999
-9999 -9999 -9999 -9999 -9999 9.26625872543082 9.15366068482399 9.10776084661484 8.90408031456172 8.70542007731274 8.64230779977515 8.60286262631416 8.51966916956007 8.44436474749818 8.27726064901799 7.75658435933292 8.49026458570734 8.35830255085602 7.80033264262602 7.77236242871732 8.16681416332722 8.10728781064972 8.13310646964237 7.36571854958311 8.03126620361581 7.84121218603104 6.94759971089661 6.78479872224852 6.56892604567111 6.37313454831019 2.99519333010539 6.22898036893457 6.22109133424237 7.33165226341225 6.24762717820704 6.16801964631304 6.21535385446623 6.2619708776474 6.21105074463412 6.22324288915843 6.23471784871072 10.9082863181829 8.56646548898425 7.23220261395909 7.58353028182561 7.65097660263057 -9999 11.5808958791415 7.1883782655932 9.14094008821504 8.68677326804027 8.61999980732799 -9999 11.1565895622651 8.72906968907294 -9999 -9999 -9999 -9999 -9999 -9999 -9999
-9999 -9999 -9999 -9999 -9999 8.92774741863832 8.97651599673554 9.1063264766708 9.01739554014057 9.01954709505662 8.80510878842324 8.60357981128618 8.83021026244387 8.54979093838483 8.39559616940096 8.01118502439931 8.13238928467035 8.00329598970711 7.99540695501491 8.08864100137725 8.06497389730066 7.91293068323284 7.88065735949203 7.80248419754207 7.45464948611334 6.52589494735003 4.47474592737854 5.91198461130261 6.46636859467253 6.40253913216293 2.72983489045873 6.20244452496991 6.10562455374748 6.11207921849564 6.19455549027771 6.2899410915561 6.82123171882704 7.75994961189393 12.6730985523301 7.56007567699999 -9999 10.825418854598 6.22969755390659 6.28563798172399 7.91423224114502 9.22007201323286 8.99499979894608 8.56499980855733 6.50007628835738 11.2623249820875 11.306986608666 11.8172153586467 12.7193655557029 7.54429760761559 12.3352637401997 -9999 -9999 -9999 -9999 -9999 -9999 -9999
-9999 -9999 -9999 -9999 -9999 8.9869151788298 8.95177311520092 8.70470289234072 8.50747702503577 8.72478407155722 8.57417522743344 8.62509536044672 8.99372843606398 8.29232153343037 8.23494673566893 7.70996733615175 7.82615130161867 8.2098452616483 7.9430524520576 7.98034607060254 7.89213231904432 7.79531234782189 7.63179417420179 7.35424359003082 7.31336404662579 6.61052277404815 5.15894039068371 5.56630145478994 6.38676106277853 6.17160557117313 6.17877742089331 6.11638232832775 6.13359476765618 6.18164616078138 6.25193028803915 6.09922726379707 9.5208542493863 10.7495353494007 7.8349998248741 9.91136660776101 9.06653599192699 6.37528610322624 6.11279640346766 6.96433402691036 6.85737784141675 11.8235856486923 10.4500192946795 10.9049997562543 12.3487900474164 6.70504775336012 5.94497512001544 12.0145396631047 9.13397794170305 9.3572899893791 14.2199996821582 -9999 -9999 -9999 -9999 -9999 -9999 -9999
-9999 -9999 -9999 -9999 -9999 9.24115725141019 8.35973692080006 7.9351634173654 7.87348550977185 8.93025756604038 9.03353220201097 8.08003478171304 8.18474378762767 7.97030548099428 8.05636767763644 7.99253821512684 8.01261939434335 7.89571824390441 7.8634449201636 7.86774802999571 7.76877650385723 7.60525833023712 4.65475935535505 7.14769431808963 6.74607073375955 6.56677449075505 6.36811425350606 5.2980742752552 4.81325723417103 4.7401043670252 6.24117251345888 6.20316170994192 6.16084779659286 6.24404125334695 5.96853976909603 10.7059221775936 6.36022521881387 8.10481026256457 -9999 8.9329966022633 6.2418896984309 6.25121310306713 6.23184910882264 6.84948880672455 8.04375717521179 9.83969933805721 -9999 8.50819421000779 6.52747275428846 6.20531326485798 6.12283699307591 6.15009002201259 6.45991392992437 7.03222753759474 12.5749997189268 -9999 -9999 -9999 -9999 -9999 -9999 -9999
