EcologicalScience/Bass/data/rs_data_bass/sst_102.asc
NCOLS 226 
NROWS 124 
XLLCORNER -9.41648524995501 
YLLCORNER 47.587301625531 
CELLSIZE 0.0833 
NODATA_value -9999 
[rows 0 to 26 of 124, columns 62 to 123 of 226]
-9999 -9999 -9999 -9999 -9999 -9999 -9999 -9999 -9999 -9999 -9999 -9999 -9999 -9999 -9999 -9999 -9999 -9999 -9999 -9999 -9999 -9999 -9999 -9999 -9999 -9999 -9999 -9999 -9999 -9999 -9999 -9999 -9999 -9999 -9999 -9999 -9999 -9999 -9999 -9999 -9999 -9999 -9999 -9999 -9999 -9999 -9999 -9999 -9999 -9999 -9999 -9999 -9999 -9999 -9999 -9999 -9999 -9999 -9999 -9999 -9999 -9999
-9999 -9999 -9999 -9999 -9999 -9999 -9999 -9999 -9999 -9999 -9999 -9999 -9999 -9999 -9999 -9999 -9999 -9999 -9999 -9999 -9999 -9999 -9999 -9999 -9999 -9999 -9999 -9999 -9999 -9999 -9999 -9999 -9999 -9999 -9999 -9999 -9999 -9999 -9999 -9999 -9999 -9999 -9999 -9999 -9999 -9999 -9999 -9999 -9999 -9999 -9999 -9999 -9999 -9999 -9999 -9999 -9999 -9999 -9999 -9999 -9999 -9999
-9999 -9999 -9999 -9999 -9999 -9999 -9999 -9999 -9999 -9999 -9999 -9999 -9999 -9999 -9999 -9999 -9999 -9999 -9999 -9999 -9999 -9999 -9999 -9999 -9999 -9999 -9999 -9999 -9999 -9999 -9999 -9999 -9999 -9999 -9999 -9999 -9999 -9999 -9999 -9999 -9999 -9999 -9999 -9999 -9999 -9999 -9999 -9999 -9999 -9999 -9999 -9999 -9999 -9999 -9999 -9999 -9999 -9999 -9999 -9999 -9999 -9999
-9999 -9999 -9999 -9999 -9999 -9999 -9999 -9999 -9999 -9999 -9999 -9999 -9999 -9999 -9999 -9999 -9999 -9999 -9999 -9999 -9999 -9999 -9999 -9999 -9999 -9999 -9999 -9999 -9999 -9999 -9999 -9999 -9999 -9999 -9999 -9999 -9999 -9999 -9999 -9999 -9999 -9999 -9999 -9999 -9999 -9999 -9999 -9999 -9999 -9999 -9999 -9999 -9999 -9999 -9999 -9999 -9999 -9999 -9999 -9999 -9999 -9999
-9999 -9999 -9999 -9999 -9999 -9999 -9999 -9999 -9999 -9999 -9999 -9999 -9999 -9999 -9999 -9999 -9999 -9999 -9999 -9999 -9999 -9999 -9999 -9999 -9999 -9999 -9999 -9999 -9999 -9999 -9999 -9999 -9999 -9999 -9999 -9999 -9999 -9999 -9999 -9999 -9999 -9999 -9999 -9999 -9999 -9999 -9999 -9999 -9999 -9999 -9999 -9999 -9999 -9999 -9999 -9999 -9999 -9999 -9999 -9999 -9999 -9999
-9999 -9999 -9999 -9999 -9999 -9999 -9999 -9999 -9999 -9999 -9999 -9999 -9999 -9999 -9999 -9999 -9999 -9999 -9999 -9999 -9999 -9999 -9999 -9999 -9999 -9999 -9999 -9999 6.36142842923956 6.78062484844122 6.78062484844122 6.48428556935063 6.39499985706061 6.47999985516071 6.0879998639226 6.06299986448139 6.29249985935166 5.55499987583607 5.61899987440556 5.6549998736009 5.74599987156689 5.88999986834824 6.33214271560843 6.08928557817957 6.64499985147268 6.63999985158443 6.63499985169619 6.32999985851347 5.9699998665601 6.4299998562783 6.32499985862523 6.43499985616654 6.27999985963106 6.34999985806644 6.67999985069036 6.62999985180795 6.61999985203147 6.67999985069036 6.67499985080212 6.71499984990805 6.75499984901398 6.79999984800816
-9999 -9999 -9999 -9999 -9999 -9999 -9999 -9999 -9999 -9999 -9999 -9999 -9999 -9999 -9999 -9999 -9999 -9999 -9999 -9999 -9999 -9999 -9999 -9999 -9999 -9999 -9999 6.97260853980222 6.30499985907227 7.12227256807753 6.62833318517854 6.65437485126313 6.63444429615306 6.59888874139223 7.30909074572 5.71399987228215 5.63599987402558 5.71249987231568 5.69249987276271 5.59099987503141 6.24999986030161 6.24999986030161 5.71874987217598 6.43499985616654 6.14333319601913 6.21333319445451 6.24499986041337 6.26499985996634 6.29999985918403 6.24999986030161 6.34999985806644 6.33499985840172 6.30499985907227 6.37499985750765 6.54999985359609 6.60499985236675 6.57999985292554 6.65499985124916 6.67999985069036 6.70499985013157 6.72999984957278 6.74999984912574
-9999 -9999 -9999 -9999 -9999 -9999 -9999 -9999 -9999 -9999 -9999 -9999 -9999 -9999 -9999 -9999 -9999 -9999 -9999 -9999 -9999 -9999 -9999 -9999 -9999 -9999 6.91272711821578 6.58111096401182 5.85749986907467 5.93214272454913 5.90083320143943 5.72499987203628 5.74499987158924 5.70749987242743 5.70699987243861 5.74099987167865 5.70199987255037 5.55499987583607 5.59299987498671 5.60899987462908 5.62199987433851 5.48999987728894 5.82624986977316 5.98666653285424 6.10166653028379 6.14499986264855 5.13249988527969 5.13499988522381 5.93749986728653 6.40499985683709 6.40999985672534 6.35499985795468 6.35499985795468 6.45999985560775 6.54499985370785 6.58499985281378 6.64499985147268 6.6599998511374 6.66499985102564 6.72499984968454 6.76999984867871 6.61999985203147
-9999 -9999 -9999 -9999 -9999 -9999 -9999 -9999 -9999 -9999 -9999 -9999 -9999 -9999 -9999 -9999 -9999 -9999 -9999 -9999 -9999 -9999 -9999 -9999 -9999 8.5837516158432 6.79636348445307 5.66499987337738 5.66499987337738 5.61999987438321 5.76499987114221 5.6424998738803 5.64749987376854 5.69249987276271 5.58749987510964 5.50249987700954 6.2599998600781 6.10499986354262 6.07499986421317 5.61999987438321 5.61999987438321 5.63199987411499 6.29071414510586 6.4299998562783 6.41166652335475 6.13499986287206 6.13333319624265 6.62399985194206 6.27499985974282 6.27499985974282 6.4299998562783 6.50499985460192 6.55999985337257 6.58999985270202 6.63999985158443 6.64499985147268 6.62499985191971 6.62499985191971 6.66499985102564 6.63999985158443 6.62499985191971 6.64499985147268
-9999 -9999 -9999 -9999 -9999 -9999 -9999 -9999 -9999 -9999 -9999 -9999 -9999 -9999 -9999 -9999 -9999 -9999 -9999 -9999 -9999 -9999 -9999 -9999 -9999 8.73299980480224 5.80499987024814 5.67999987304211 5.67999987304211 5.73499987181276 5.84499986935407 5.72499987203628 5.66499987337738 5.58749987510964 5.52249987656251 5.52749987645075 5.96499986667186 5.96499986667186 5.96499986667186 6.029999865219 6.08999986387789 5.58799987509847 6.2849998595193 6.337857001195 6.38499985728413 6.38499985728413 6.14499986264855 6.28999985940754 6.41499985661358 6.53499985393137 6.55999985337257 6.5999998524785 6.61999985203147 6.62499985191971 6.62499985191971 6.66499985102564 6.63999985158443 6.64499985147268 6.64999985136092 6.62499985191971 6.58999985270202 6.53499985393137
-9999 -9999 -9999 -9999 -9999 -9999 -9999 -9999 -9999 -9999 -9999 -9999 -9999 -9999 -9999 -9999 -9999 -9999 -9999 -9999 -9999 -9999 -9999 -9999 6.61818167025393 7.48999983258545 5.69999987259507 5.67499987315387 5.71749987220392 5.74499987158924 5.74499987158924 5.61499987449497 5.69499987270683 5.84999986924231 5.65999987348914 5.59999987483025 5.52749987645075 5.52999987639487 5.61099987458438 5.59999987483025 5.63599987402558 6.09499986376613 6.09499986376613 5.73599987179041 5.74899987149984 6.41499985661358 6.45499985571951 6.46999985538423 6.51999985426664 6.56499985326082 6.56999985314906 6.60499985236675 6.56999985314906 6.52499985415488 6.5749998530373 6.63499985169619 6.62499985191971 6.67999985069036 6.64499985147268 6.63499985169619 6.5999998524785 6.5999998524785
-9999 -9999 -9999 -9999 -9999 -9999 -9999 -9999 -9999 -9999 -9999 -9999 -9999 -9999 -9999 -9999 -9999 -9999 -9999 -9999 -9999 -9999 -9999 -9999 5.90499986801296 5.62999987415969 5.62249987432733 5.71749987220392 5.79249987052754 5.75249987142161 5.70749987242743 5.59749987488613 5.58749987510964 5.59749987488613 5.59249987499788 5.58749987510964 5.58749987510964 5.59749987488613 5.66999987326562 5.67799987308681 5.87624986865558 6.25499986018986 6.29999985918403 6.46999985538423 6.4899998549372 6.50999985449016 6.54999985359609 6.54999985359609 6.53999985381961 6.53999985381961 6.53999985381961 6.5749998530373 6.5999998524785 6.60999985225499 6.62499985191971 6.63499985169619 6.60999985225499 6.5999998524785 6.5999998524785 6.58999985270202 6.5999998524785 6.55499985348433
-9999 -9999 -9999 -9999 -9999 -9999 -9999 -9999 -9999 -9999 -9999 -9999 -9999 -9999 -9999 -9999 -9999 -9999 -9999 -9999 -9999 -9999 -9999 6.15749986236915 6.38499985728413 5.72624987200834 5.78249987075105 5.32499988097697 5.32499988097697 5.81999986991286 5.8249998698011 5.79249987052754 5.75499987136573 5.68249987298623 5.63499987404794 5.66999987326562 5.70999987237155 5.38499987963587 5.43499987851828 5.3399998806417 5.9699998665601 6.44499985594302 6.43999985605478 6.45499985571951 6.4899998549372 6.50499985460192 6.49499985482544 6.49999985471368 6.5149998543784 6.49499985482544 6.48499985504895 6.52999985404313 6.5149998543784 6.52499985415488 6.55999985337257 6.54999985359609 6.58499985281378 6.55999985337257 6.56999985314906 6.56499985326082 6.58499985281378 6.5999998524785
-9999 -9999 -9999 -9999 -9999 -9999 -9999 -9999 -9999 -9999 -9999 -9999 -9999 -9999 -9999 -9999 -9999 -9999 -9999 -9999 -9999 7.81499982532114 6.40666652346651 6.77041651533606 5.74999987147748 5.74499987158924 5.83749986952171 5.78749987063929 5.74999987147748 5.7149998722598 5.69999987259507 5.71999987214804 5.71749987220392 5.66249987343326 5.61999987438321 5.63249987410381 5.63749987399206 5.62499987427145 5.60999987460673 6.36499985773116 6.37499985750765 6.41999985650182 6.45499985571951 6.49499985482544 6.48499985504895 6.4899998549372 6.49499985482544 6.50999985449016 6.48499985504895 6.48499985504895 6.45999985560775 6.4299998562783 6.45499985571951 6.53999985381961 6.53499985393137 6.49999985471368 6.53499985393137 6.56499985326082 6.5149998543784 6.53999985381961 6.54999985359609 6.5749998530373
-9999 -9999 -9999 -9999 -9999 -9999 -9999 -9999 -9999 -9999 -9999 -9999 -9999 -9999 -9999 -9999 -9999 -9999 -9999 -9999 8.3152323722796 7.84642839604723 5.57499987538904 5.54749987600371 5.66249987343326 5.78249987075105 5.86499986890703 5.88249986851588 5.85249986918643 5.77999987080693 5.68999987281859 5.69249987276271 5.66499987337738 5.68749987287447 5.70499987248331 5.68749987287447 5.69749987265095 6.36499985773116 6.39499985706061 6.41499985661358 6.40999985672534 6.42499985639006 6.45999985560775 6.47499985527247 6.49999985471368 6.46999985538423 6.45499985571951 6.43499985616654 6.44499985594302 6.43499985616654 6.43499985616654 6.41499985661358 6.40999985672534 6.47999985516071 6.46499985549599 6.46999985538423 6.46499985549599 6.5149998543784 6.50499985460192 6.51999985426664 6.5749998530373 6.55999985337257
-9999 -9999 -9999 -9999 -9999 -9999 -9999 -9999 -9999 -9999 -9999 -9999 -9999 -9999 -9999 -9999 -9999 -9999 -9999 -9999 5.45590896896002 5.34249988058582 5.60749987466261 5.65999987348914 5.74499987158924 5.75499987136573 5.77999987080693 5.85249986918643 5.85499986913055 5.82749986974522 5.79249987052754 5.73249987186864 5.70499987248331 5.84749986929819 5.80249987030402 6.21999986097217 6.21999986097217 6.38999985717237 6.41999985650182 6.46999985538423 6.46999985538423 6.43999985605478 6.40499985683709 6.35999985784292 6.42499985639006 6.43499985616654 6.41999985650182 6.39999985694885 6.4899998549372 6.57999985292554 6.23799986056983 6.22599986083806 6.60833318562557 6.55999985337257 6.34999985806644 6.39999985694885 6.43499985616654 6.40999985672534 6.43499985616654 6.47999985516071 6.47999985516071 6.5149998543784
-9999 -9999 -9999 -9999 -9999 -9999 -9999 -9999 -9999 -9999 -9999 -9999 -9999 -9999 -9999 -9999 -9999 -9999 8.29684918239228 8.61710507055058 4.81124989246018 5.68249987298623 5.54999987594783 5.594999874942 5.69999987259507 5.70249987253919 5.739999871701 5.8124998700805 6.00499986577779 6.00499986577779 5.75749987130985 5.75749987130985 5.81749986996874 6.34999985806644 6.1999998614192 6.01499986555427 6.37999985739589 6.42499985639006 6.44499985594302 6.44499985594302 6.45499985571951 6.39499985706061 6.39499985706061 5.92374986759387 6.48499985504895 6.50099985469133 6.49699985478073 6.42899985630065 6.23599986061454 6.21599986106157 6.36299985777587 6.55999985337257 6.55999985337257 6.67999985069036 6.72833318294336 6.76166651553164 6.76333318216105 6.74333318260809 6.4299998562783 6.45999985560775 6.47499985527247 6.41999985650182
-9999 -9999 -9999 -9999 -9999 -9999 -9999 -9999 -9999 -9999 -9999 -9999 -9999 -9999 -9999 -9999 10.3735381762963 5.19399988390505 6.0549998646602 6.029999865219 6.10999986343086 5.52124987659045 5.5099998768419 5.59249987499788 5.70499987248331 5.78499987069517 5.86499986890703 5.85499986913055 5.86749986885116 5.84249986940995 5.81499987002462 5.79499987047166 5.82999986968935 6.33499985840172 6.31999985873699 6.31499985884875 6.40499985683709 6.43499985616654 5.75499987136573 5.00599988810718 5.47374987765215 6.40499985683709 6.40499985683709 5.62499987427145 5.70249987253919 5.91999986767769 5.86499986890703 6.00999986566603 5.68999987281859 5.61124987457879 6.3179998587817 6.30699985902756 6.32499985862523 6.73833318271985 6.518999854289 6.52799985408783 6.75833318227281 6.45499985571951 6.39499985706061 6.32999985851347 6.35499985795468 6.38999985717237
-9999 -9999 -9999 -9999 -9999 -9999 -9999 -9999 -9999 -9999 8.04499982018024 9.07069747167271 9.1973253758191 -9999 -9999 -9999 8.63267422564934 6.26166652670751 5.201249883743 5.25749988248572 5.03666655408839 5.13999988511205 5.44999987818301 5.44999987818301 5.71999987214804 5.79249987052754 5.83749986952171 5.84749986929819 5.85749986907467 5.89499986823648 5.88999986834824 5.8724998687394 5.9449998671189 6.08749986393377 5.80499987024814 5.79499987047166 5.78249987075105 5.77999987080693 5.86999986879528 5.67124987323768 5.76624987111427 5.99749986594543 5.65199987366796 5.69624987267889 5.84624986932613 6.24374986044131 6.42599985636771 6.15899986233562 6.07749986415729 6.05874986457638 6.29699985925108 6.28799985945225 6.19199986159802 6.50899985451251 6.5169998543337 6.51099985446781 6.09799986369908 6.10499986354262 6.72499984968454 6.50999985449016 6.5999998524785 6.5999998524785
-9999 -9999 -9999 -9999 -9999 -9999 -9999 -9999 -9999 -9999 -9999 -9999 -9999 -9999 -9999 -9999 -9999 -9999 12.9481478587345 5.59285701784704 5.33785702354674 5.15666655140619 5.2074998836033 5.61499987449497 5.65249987365678 5.7274998719804 5.76999987103045 5.77499987091869 5.69999987259507 5.69999987259507 5.84749986929819 6.10999986343086 6.14499986264855 6.25499986018986 6.25499986018986 5.83499986957759 5.81999986991286 6.03666653173665 6.05833319791903 5.70312487252522 5.68666653955976 5.55666654246549 5.3939998794347 5.47699987757951 5.91499986778945 5.81499987002462 6.0879998639226 6.14899986255914 6.56299985330552 6.72499984968454 6.12499986309558 6.29999985918403 6.69499985035509 6.49599985480309 6.52899985406548 6.53199985399842 6.61833318540206 5.61199987456203 6.14799986258149 6.26699985992163 6.24499986041337 6.34833319143703
-9999 -9999 -9999 -9999 -9999 -9999 -9999 -9999 -9999 -9999 -9999 -9999 -9999 -9999 8.76694066410932 5.28166654861222 5.06999988667667 5.0499998871237 5.12899988535792 5.4269998786971 5.62299987431616 5.45999987795949 5.45999987795949 5.64499987382442 5.65999987348914 5.56749987555668 5.739999871701 5.739999871701 5.8124998700805 5.85999986901879 5.79499987047166 5.79499987047166 5.86999986879528 5.8249998698011 5.83999986946583 5.77499987091869 5.76749987108633 5.94666653374831 5.97499986644834 6.04166653162489 5.15583321809148 5.36099988017231 5.70599987246096 5.69899987261742 6.2019998613745 5.82999986968935 5.84999986924231 5.97699986640364 6.13399986289442 6.24299986045808 6.24299986045808 6.24399986043572 6.19899986144155 6.61833318540206 6.65166651799033 6.4879998549819 6.49599985480309 6.20299986135215 5.92499986756593 6.34624985815026 6.2483331936722 6.22833319411923
-9999 -9999 -9999 -9999 -9999 -9999 -9999 -9999 -9999 -9999 -9999 -9999 10.2999997697771 6.19499986153096 5.35333321367701 5.40999987907708 5.30999988131225 5.31999988108873 5.31999988108873 4.86999989114702 4.86999989114702 5.53249987633899 5.43999987840652 5.48999987728894 5.72999987192452 5.69749987265095 5.7149998722598 5.78999987058342 5.8249998698011 5.84999986924231 5.93999986723065 5.92749986751005 5.77249987097457 5.75499987136573 5.56333320898314 5.04833322049429 5.31833321445932 5.52499987650663 5.29666654827694 5.36749988002703 5.54749987600371 5.39749987935647 5.88499986846 5.87499986868352 5.94749986706302 5.85499986913055 5.74499987158924 6.32749985856935 6.34249985823408 6.32999985851347 6.32249985868111 6.15499986242503 6.17499986197799 6.6483331847315 6.65166651799033 6.59699985254556 6.33999985828996 6.37333319087823 6.39666652369003 6.53999985381961 6.52499985415488 6.57799985297024
-9999 -9999 -9999 -9999 -9999 -9999 -9999 -9999 -9999 -9999 8.53499980922788 7.44764689235565 5.83799986951053 5.33199988082051 4.77499989327043 4.77499989327043 5.69749987265095 9.74318160040473 9.79431796289811 7.29676454278695 4.70833322809388 5.42999987863004 5.42999987863004 5.51833320998897 5.58166654190669 5.84124986943789 5.69333320607742 5.71166653900097 5.75333320473631 5.80166653698931 5.13499988522381 4.97999988868833 5.12749988539144 5.46749987779185 5.2259998831898 5.10583321920906 5.08333321971198 5.3516665470476 5.83749986952171 5.5064284483503 5.55333320920666 5.7158332055745 5.95624986686744 6.2849998595193 6.27499985974282 6.07333319758375 5.836666536207 6.19749986147508 6.2124998611398 6.30249985912815 6.42499985639006 6.42499985639006 6.28999985940754 6.25249986024573 6.13749986281618 5.39333321278294 6.39166652380178 6.38833319054296 6.54499985370785 6.57999985292554 6.38499985728413 6.38499985728413
-9999 -9999 -9999 -9999 -9999 -9999 -9999 -9999 -9999 -9999 10.3992854818436 8.96184190495038 9.10681797826493 7.21545438417657 7.21545438417657 8.14227254527875 6.76636348512362 -9999 -9999 9.22999979369342 9.19647866768211 9.67812478367705 5.37166654660056 5.41833321222415 5.62749987421557 5.7274998719804 5.70124987256713 5.60166654145966 5.66999987326562 5.75833320462455 5.01249988796189 5.01999988779426 5.12749988539144 5.36249988013878 5.69399987272918 5.66083320680385 5.85499986913055 5.68999987281859 5.68666653955976 5.90999986790121 5.98499986622483 6.05199986472726 6.17699986193329 6.2579998601228 6.36299985777587 6.41599985659122 6.41999985650182 6.51833318763723 6.34999985806644 6.23166652737806 6.38333319065471 6.58899985272437 6.54799985364079 6.30999985896051 6.37249985756353 6.27499985974282 6.27499985974282 6.54999985359609 6.54999985359609 6.65142842275756 6.17666652860741 6.16833319546034
-9999 -9999 -9999 -9999 -9999 -9999 -9999 -9999 -9999 -9999 -9999 -9999 -9999 -9999 -9999 -9999 -9999 -9999 -9999 -9999 -9999 -9999 -9999 -9999 11.2730814163481 8.47174981064163 5.68499987293035 5.28499988187104 5.34249988058582 5.39999987930059 5.42999987863004 5.39999987930059 5.47499987762421 5.57249987544492 5.55999987572432 5.72916653860981 5.61083320792144 5.99249986605719 5.96874986658804 5.98583319953953 6.22124986094423 6.10749986348674 6.15874986234121 6.17374986200593 6.21699986103922 6.42499985639006 5.99499986600131 6.05999986454844 6.10749986348674 6.09249986382201 6.45199985578656 5.96499986667186 5.95624986686744 6.09199986383319 6.13399986289442 6.12699986305088 6.31249985890463 6.62499985191971 5.77124987100251 5.74124987167306 6.23499986063689 6.52642842555152
-9999 -9999 -9999 -9999 -9999 -9999 -9999 -9999 -9999 -9999 -9999 -9999 -9999 -9999 -9999 -9999 -9999 -9999 -9999 -9999 -9999 -9999 -9999 -9999 -9999 10.6396679468453 7.24916650463517 5.24999988265336 5.24999988265336 5.44249987835065 5.39999987930059 5.46249987790361 5.57999987527728 5.6424998738803 5.64999987371266 5.78916653726871 5.89583320155119 5.93999986723065 5.98083319965129 6.06833319769551 6.22374986088835 6.2124998611398 6.12374986312352 6.20124986139126 6.40599985681474 6.3512498580385 6.14166652938972 6.10499986354262 6.11333319668968 5.89499986823648 5.8062498702202 5.84749986929819 5.96499986667186 5.91999986767769 5.89374986826442 5.78499987069517 5.78749987063929 5.86749986885116 5.77249987097457 5.76249987119809 5.81166653676579 6.31999985873699
-9999 -9999 -9999 -9999 -9999 -9999 -9999 -9999 -9999 -9999 -9999 -9999 -9999 -9999 -9999 -9999 -9999 -9999 -9999 -9999 -9999 -9999 -9999 -9999 -9999 -9999 -9999 7.08088219467112 6.53749985387549 6.09499986376613 5.836666536207 5.44999987818301 5.41999987885356 5.46749987779185 5.55999987572432 5.55499987583607 5.58583320848023 5.89428558253816 5.87999986857176 5.81749986996874 6.20299986135215 6.29799985922873 6.32699985858053 6.21499986108392 6.29833319255461 6.35499985795468 6.31099985893816 5.85999986901879 6.09666653039555 6.00499986577779 6.20874986122362 6.22749986080453 5.79874987038784 6.24499986041337 6.06249986449257 5.83624986954965 5.83999986946583 5.83124986966141 5.90999986790121 5.90499986801296 5.90499986801296 5.91999986767769
