EcologicalScience/Bass/data/rs_data_bass/sst_113.asc
NCOLS 226 
NROWS 124 
XLLCORNER -9.41648524995501 
YLLCORNER 47.587301625531 
CELLSIZE 0.0833 
NODATA_value -9999 
[rows 0 to 26 of 124, columns 0 to 61 of 226]
-9999.000000000000000 -9999 -9999 -9999 -9999 -9999 -9999 -9999 -9999 -9999 -9999 -9999 -9999 -9999 -9999 -9999 -9999 -9999 -9999 -9999 -9999 -9999 -9999 -9999 -9999 -9999 -9999 -9999 -9999 -9999 -9999 -9999 -9999 -9999 -9999 -9999 -9999 -9999 -9999 -9999 -9999 -9999 -9999 -9999 -9999 -9999 -9999 -9999 -9999 -9999 -9999 -9999 -9999 -9999 -9999 -9999 -9999 -9999 -9999 -9999 -9999 -9999
-9999 -9999 -9999 -9999 -9999 -9999 -9999 -9999 -9999 -9999 -9999 -9999 -9999 -9999 -9999 -9999 -9999 -9999 -9999 -9999 -9999 -9999 -9999 -9999 -9999 -9999 -9999 -9999 -9999 -9999 -9999 -9999 -9999 -9999 -9999 -9999 -9999 -9999 -9999 -9999 -9999 -9999 -9999 -9999 -9999 -9999 -9999 -9999 -9999 -9999 -9999 -9999 -9999 -9999 -9999 -9999 -9999 -9999 -9999 -9999 -9999 -9999
-9999 -9999 -9999 -9999 -9999 -9999 -9999 -9999 -9999 -9999 -9999 -9999 -9999 -9999 -9999 -9999 -9999 -9999 -9999 -9999 -9999 -9999 -9999 -9999 -9999 -9999 -9999 -9999 -9999 -9999 -9999 -9999 -9999 -9999 -9999 -9999 -9999 -9999 -9999 -9999 -9999 -9999 -9999 -9999 -9999 -9999 -9999 -9999 -9999 -9999 -9999 -9999 -9999 -9999 -9999 -9999 -9999 -9999 -9999 -9999 -9999 -9999
-9999 -9999 -9999 -9999 -9999 -9999 -9999 -9999 -9999 -9999 -9999 -9999 -9999 -9999 -9999 -9999 -9999 -9999 -9999 -9999 -9999 -9999 -9999 -9999 -9999 -9999 -9999 -9999 -9999 -9999 -9999 -9999 -9999 -9999 -9999 -9999 -9999 -9999 -9999 -9999 -9999 -9999 -9999 -9999 -9999 -9999 -9999 -9999 -9999 -9999 -9999 -9999 -9999 -9999 -9999 -9999 -9999 -9999 -9999 -9999 -9999 -9999
-9999 -9999 -9999 -9999 -9999 -9999 -9999 -9999 -9999 -9999 -9999 -9999 -9999 -9999 -9999 -9999 -9999 -9999 -9999 -9999 -9999 -9999 -9999 -9999 -9999 -9999 -9999 -9999 -9999 -9999 -9999 -9999 -9999 -9999 -9999 -9999 -9999 -9999 -9999 -9999 -9999 -9999 -9999 -9999 -9999 -9999 -9999 -9999 -9999 -9999 -9999 -9999 -9999 -9999 -9999 -9999 -9999 -9999 -9999 -9999 -9999 -9999
-9999 -9999 -9999 -9999 -9999 11.9399997331202 11.5499997418374 11.5049997428432 11.7549997372553 11.9949997318909 12.1049997294322 12.0099997315556 10.8149997582659 10.4799997657537 11.0949997520074 11.5299997422844 11.5199997425079 11.5849997410551 11.8649997347966 11.9549997327849 12.0249997312203 12.0749997301027 12.3649997236207 12.8199997134507 13.2599997036159 8.75214266151722 10.8149997582659 10.8499997574836 11.0749997524545 11.3399997465312 11.8649997347966 12.1049997294322 11.2103701197991 12.3473558235389 12.3249997245148 7.06117038592322 11.1913632042497 12.2299997266382 13.0237928123438 10.77499975916 10.6249997625127 11.6599997393787 11.6849997388199 11.4249997446314 -9999 -9999 -9999 -9999 -9999 -9999 -9999 -9999 -9999 -9999 -9999 -9999 -9999 -9999 -9999 -9999 -9999 -9999
-9999 -9999 -9999 -9999 -9999 11.8999997340143 11.3499997463077 8.60499980766326 10.3499997686595 11.7949997363612 11.914999733679 11.8599997349083 11.7799997366965 11.8299997355789 11.6499997396022 11.7749997368082 11.7149997381493 11.5849997410551 11.6349997399375 11.7149997381493 11.6799997389317 11.6749997390434 12.0749997301027 12.8049997137859 13.344999701716 7.50267631433477 10.609999762848 10.8249997580424 11.1449997508898 11.5199997425079 12.1149997292086 12.4049997227266 12.1499997284263 9.18903684453107 8.94686001996022 12.0108865492153 12.0099997315556 -9999 8.85999980196357 8.85999980196357 11.9949997318909 12.7349997153506 12.8199997134507 12.8049997137859 12.2101667763562 12.1977697058601 -9999 -9999 -9999 -9999 -9999 -9999 -9999 -9999 -9999 -9999 -9999 -9999 -9999 -9999 -9999 -9999
-9999 -9999 -9999 -9999 -9999 11.0199997536838 12.3899997230619 12.7249997155741 11.3449997464195 11.6149997403845 11.7599997371435 11.7249997379258 11.9249997334555 12.0199997313321 11.9849997321144 11.9899997320026 11.914999733679 11.6999997384846 11.4049997450784 11.5399997420609 11.4499997440726 11.3049997473136 11.3999997451901 12.6449997173622 12.9749997099862 10.5249997647479 10.6199997626245 10.9149997560307 11.4649997437373 12.0149997314438 12.2199997268617 12.2699997257441 12.2849997254089 11.9999997317791 11.934999733232 11.9799997322261 10.2735614188272 12.3099997248501 12.0549997305498 11.8703196002851 10.8408675741179 11.715999738127 9.20999979414046 9.20999979414046 12.7219997156411 10.9535291669342 -9999 -9999 -9999 -9999 -9999 -9999 -9999 -9999 -9999 -9999 -9999 -9999 -9999 -9999 -9999 -9999
-9999 -9999 -9999 -9999 -9999 12.0649997303262 12.3099997248501 12.349999723956 12.2549997260794 12.2024997272529 11.5849997410551 11.789999736473 12.0699997302145 12.1749997278675 12.1399997286499 12.0049997316673 11.934999733232 11.8699997346848 11.3449997464195 11.1149997515604 10.9249997558072 10.9399997554719 11.2199997492135 11.604999740608 7.00193532736551 10.2349997712299 10.4749997658655 11.0899997521192 11.5849997410551 12.1449997285381 12.5449997195974 12.494999720715 12.514999720268 12.3749997233972 12.1249997289851 11.9299997333437 12.0649997303262 12.0903330630933 12.4713046756636 12.2821128916969 9.89350696017259 11.7969476311478 11.4601214643086 10.2881377878084 10.9164220902472 9.35834876365682 9.33499979134649 -9999 -9999 -9999 -9999 -9999 -9999 -9999 -9999 -9999 -9999 -9999 -9999 -9999 -9999 -9999
-9999 -9999 -9999 -9999 -9999 11.9249997334555 12.1199997290969 12.1649997280911 12.1499997284263 11.8899997342378 11.9499997328967 12.1599997282028 11.2499997485429 9.50499978754669 10.9749997546896 11.5599997416139 11.644999739714 11.6299997400492 11.5449997419491 11.064999752678 10.2399997711182 10.504999765195 10.5449997643009 11.1399997510016 11.8999997340143 11.479999743402 10.899999756366 11.189999749884 11.6199997402728 12.0749997301027 12.5299997199327 12.4549997216091 12.5749997189268 12.079999729991 12.1099997293204 11.8649997347966 12.5249997200444 12.5599997192621 12.9899997096509 13.3999997004867 13.8349996907637 14.3249996798113 11.1207710922057 13.5949996961281 12.5772546208372 13.6085471362156 12.0949997296557 -9999 -9999 -9999 -9999 -9999 -9999 -9999 -9999 -9999 -9999 -9999 -9999 -9999 -9999 -9999
-9999 -9999 -9999 -9999 -9999 12.1399997286499 12.0699997302145 12.079999729991 12.1049997294322 12.1499997284263 12.2749997256324 12.2799997255206 12.2349997265264 12.1199997290969 11.0049997540191 11.2149997493252 11.5249997423962 11.6199997402728 11.354999746196 10.7149997605011 10.5299997646362 10.5449997643009 10.5449997643009 11.0149997537956 10.3871426249721 11.5049997428432 11.7049997383729 11.9399997331202 12.1549997283146 12.4849997209385 12.2399997264147 12.1449997285381 12.5199997201562 12.2899997252971 12.079999729991 11.2499997485429 11.9949997318909 11.9949997318909 12.1399997286499 12.4149997225031 12.6299997176975 12.3249997245148 12.5849997187033 12.929999710992 12.5352551639132 12.039999730885 -9999 -9999 -9999 -9999 -9999 -9999 -9999 -9999 -9999 -9999 -9999 -9999 -9999 -9999 -9999 -9999
-9999 -9999 -9999 -9999 -9999 12.0849997298792 11.8549997350201 11.8699997346848 11.6599997393787 11.6399997398257 11.5799997411668 11.7249997379258 11.9499997328967 11.8149997359142 11.7599997371435 11.604999740608 11.5249997423962 11.1649997504428 11.4199997447431 10.8399997577071 10.5849997634068 10.504999765195 10.5949997631833 11.2899997476488 11.5449997419491 12.0199997313321 12.3749997233972 12.369999723509 12.6099997181445 12.7299997154623 12.5549997193739 12.5549997193739 12.4699997212738 12.639999717474 12.0899997297674 12.2899997252971 12.6699997168034 12.4599997214973 12.3199997246265 12.3349997242913 12.2649997258559 12.2349997265264 12.2299997266382 13.0849997075275 12.4766357854961 12.7035656457955 12.2549997260794 -9999 -9999 -9999 -9999 -9999 -9999 -9999 -9999 -9999 -9999 -9999 -9999 -9999 -9999 -9999
-9999 -9999 -9999 -9999 -9999 11.6349997399375 11.7099997382611 11.644999739714 11.6999997384846 11.9649997325614 11.8299997355789 11.6949997385964 11.8549997350201 11.9949997318909 11.9099997337908 11.479999743402 11.5199997425079 11.3649997459725 11.3049997473136 11.0999997518957 10.7299997601658 10.6799997612834 11.3849997455254 11.5449997419491 11.9099997337908 12.2299997266382 12.4899997208267 12.6799997165799 12.204999727197 12.3749997233972 12.5199997201562 12.8999997116625 12.9649997102097 12.8849997119978 12.8349997131154 12.3649997236207 12.3549997238442 12.3599997237325 11.6949997385964 11.7449997374788 11.7649997370318 12.184999727644 13.034999708645 13.3499997016042 11.6409680777065 12.1299997288734 -9999 -9999 -9999 -9999 -9999 -9999 -9999 -9999 -9999 -9999 -9999 -9999 -9999 -9999 -9999 -9999
-9999 -9999 -9999 -9999 -9999 11.8499997351319 12.0099997315556 12.0499997306615 11.7099997382611 11.5949997408316 11.4499997440726 11.2899997476488 11.1949997497723 11.3099997472018 11.499999742955 11.5849997410551 11.5199997425079 11.5049997428432 11.4199997447431 10.8549997573718 10.8749997569248 10.6699997615069 11.189999749884 11.7049997383729 12.2599997259676 12.474999721162 12.4699997212738 12.5699997190386 12.3049997249618 12.4849997209385 12.8849997119978 12.6849997164682 12.5849997187033 12.7349997153506 12.929999710992 12.5999997183681 11.894999734126 11.9049997339025 12.4049997227266 12.5249997200444 12.6299997176975 12.4899997208267 13.2349997041747 13.2499997038394 11.8749997345731 -9999 -9999 -9999 -9999 -9999 -9999 -9999 -9999 -9999 -9999 -9999 -9999 -9999 -9999 -9999 -9999 -9999
-9999 -9999 -9999 -9999 -9999 11.8349997354671 11.7749997368082 11.8349997354671 11.5949997408316 11.3849997455254 11.2499997485429 11.5449997419491 11.479999743402 11.9399997331202 11.5849997410551 11.5149997426197 11.4099997449666 11.2749997479841 11.2749997479841 10.9266664224366 11.0149997537956 11.3799997456372 11.7399997375906 12.0249997312203 12.349999723956 12.474999721162 12.5549997193739 12.4699997212738 12.1949997274205 12.2949997251853 12.3949997229502 12.6499997172505 12.5749997189268 12.059999730438 12.2099997270852 12.5049997204915 12.3249997245148 12.1399997286499 12.0999997295439 11.644999739714 11.644999739714 11.7131283086348 11.9782864433166 12.2968112922096 12.1408685080111 11.7376317464923 -9999 -9999 -9999 -9999 -9999 -9999 -9999 -9999 -9999 -9999 -9999 -9999 -9999 -9999 -9999 -9999
-9999 -9999 -9999 -9999 -9999 12.2549997260794 12.2399997264147 11.8499997351319 11.6099997404963 11.2449997486547 11.2549997484311 11.3599997460842 11.5049997428432 11.5349997421727 11.7049997383729 11.1749997502193 10.8549997573718 10.7449997598305 10.5749997636303 10.1349997734651 10.6349997622892 11.8249997356907 12.0849997298792 11.8049997361377 12.0749997301027 12.6099997181445 12.3349997242913 12.2749997256324 11.9799997322261 12.0949997296557 12.474999721162 12.8099997136742 12.7249997155741 12.5199997201562 12.0649997303262 12.5249997200444 12.184999727644 12.0049997316673 12.039999730885 11.9449997330084 11.894999734126 11.9249997334555 11.6682433218674 -9999 -9999 -9999 -9999 13.2249997043982 13.2249997043982 -9999 -9999 -9999 -9999 -9999 -9999 -9999 -9999 -9999 -9999 -9999 -9999 -9999
-9999 -9999 -9999 -9999 -9999 12.0749997301027 12.3749997233972 11.8049997361377 12.0499997306615 11.479999743402 10.9149997560307 10.8699997570366 11.0099997539073 11.3599997460842 11.5949997408316 11.479999743402 11.1549997506663 11.3599997460842 11.5749997412786 11.4049997450784 10.9049997562543 11.5499997418374 11.6499997396022 11.7249997379258 12.1449997285381 12.1749997278675 11.6099997404963 11.9399997331202 12.3999997228384 12.2499997261912 12.2849997254089 12.2599997259676 12.3249997245148 12.6249997178093 12.6149997180328 11.9699997324497 11.9849997321144 12.2799997255206 13.7391486290763 -9999 -9999 -9999 -9999 -9999 -9999 -9999 -9999 -9999 -9999 -9999 -9999 -9999 -9999 -9999 -9999 -9999 -9999 -9999 -9999 -9999 -9999 -9999
-9999 -9999 -9999 -9999 -9999 12.5249997200444 10.9499997552484 11.4649997437373 12.4449997218326 12.2199997268617 11.9949997318909 12.4149997225031 12.0849997298792 11.6349997399375 11.1049997517839 11.0599997527897 11.3799997456372 11.7299997378141 11.7349997377023 11.4699997436255 11.0749997524545 11.0099997539073 11.7199997380376 12.0749997301027 12.2749997256324 12.1499997284263 12.0099997315556 12.0249997312203 12.3949997229502 12.2499997261912 12.0899997297674 12.4849997209385 12.4149997225031 12.1499997284263 11.8049997361377 11.8699997346848 12.0049997316673 12.1099997293204 12.3999997228384 12.6449997173622 11.6199997402728 -9999 -9999 -9999 -9999 -9999 -9999 -9999 -9999 -9999 -9999 -9999 -9999 -9999 -9999 -9999 -9999 -9999 -9999 -9999 -9999 -9999
-9999 -9999 -9999 -9999 -9999 12.6549997171387 12.329999724403 12.2149997269735 12.474999721162 12.5799997188151 12.5699997190386 12.1749997278675 12.2749997256324 12.2199997268617 12.5699997190386 11.1799997501075 11.334999746643 11.3899997454137 11.3849997455254 11.2849997477606 10.9799997545779 11.0099997539073 11.7349997377023 12.3999997228384 12.3999997228384 12.2999997250736 12.1299997288734 12.1549997283146 12.1799997277558 12.3149997247383 12.3199997246265 12.1599997282028 12.0249997312203 12.0249997312203 12.3849997231737 12.1199997290969 12.4599997214973 12.8249997133389 11.934999733232 8.81834566390321 12.6369825242391 -9999 -9999 11.2549997484311 11.2449997486547 11.2149997493252 -9999 -9999 -9999 -9999 -9999 -9999 -9999 -9999 -9999 -9999 -9999 -9999 -9999 -9999 -9999 -9999
-9999 -9999 -9999 -9999 -9999 12.76499971468 12.5399997197092 12.4299997221678 12.514999720268 12.5599997192621 12.4599997214973 11.934999733232 11.3249997468665 12.1199997290969 11.334999746643 11.169999750331 11.2749997479841 11.2849997477606 11.2749997479841 11.2049997495487 11.064999752678 11.1999997496605 12.2999997250736 12.5299997199327 12.2949997251853 11.9049997339025 11.5499997418374 11.8099997360259 12.5949997184798 12.6899997163564 12.3599997237325 12.1449997285381 12.2349997265264 11.9999997317791 12.1199997290969 12.0199997313321 12.2699997257441 12.3799997232854 12.3149997247383 12.5799997188151 12.7949997140095 11.8349997354671 11.644999739714 11.4299997445196 11.2899997476488 11.2399997487664 -9999 -9999 -9999 -9999 -9999 -9999 -9999 -9999 -9999 -9999 -9999 -9999 -9999 -9999 -9999 -9999
-9999 -9999 -9999 -9999 -9999 9.93499977793545 12.4399997219443 12.4799997210503 12.3799997232854 12.2899997252971 12.2399997264147 12.0149997314438 11.8899997342378 11.9649997325614 11.6549997394904 11.4349997444078 13.4849996985868 13.3999997004867 12.7449997151271 13.0449997084215 12.4649997213855 12.079999729991 12.1049997294322 12.6249997178093 12.6349997175857 12.4199997223914 11.9599997326732 12.6299997176975 13.0999997071922 13.034999708645 12.8299997132272 13.0249997088686 13.324999702163 12.0349997309968 12.3599997237325 12.2999997250736 12.22499972675 12.1799997277558 12.0149997314438 11.8049997361377 11.7299997378141 11.4049997450784 11.1249997513369 11.1149997515604 11.2249997491017 8.01999982073903 -9999 -9999 -9999 -9999 -9999 -9999 -9999 -9999 -9999 -9999 -9999 -9999 -9999 -9999 -9999 -9999
-9999 -9999 -9999 -9999 -9999 12.7549997149035 12.5849997187033 12.6749997166917 12.5799997188151 12.4349997220561 12.3599997237325 12.2999997250736 11.9099997337908 12.1899997275323 12.5399997197092 12.8549997126684 12.909999711439 13.1649997057393 13.3599997013807 13.4199997000396 13.2949997028336 12.4649997213855 12.184999727644 12.7349997153506 12.7799997143447 12.7999997138977 12.1599997282028 12.6699997168034 13.0399997085333 13.1399997062981 13.0049997093156 12.5999997183681 12.0299997311085 11.9099997337908 12.3649997236207 13.0999997071922 12.5449997195974 11.7549997372553 11.8049997361377 11.8349997354671 11.6099997404963 11.2149997493252 11.1849997499958 11.0349997533485 11.1299997512251 11.0699997525662 11.0849997522309 -9999 -9999 -9999 -9999 -9999 -9999 -9999 10.9150669761002 -9999 -9999 -9999 -9999 -9999 -9999 -9999
-9999 -9999 -9999 -9999 -9999 12.7949997140095 12.9149997113273 12.8949997117743 12.8649997124448 12.9049997115508 12.9549997104332 12.9399997107685 12.9699997100979 12.9599997103214 12.7549997149035 12.9599997103214 13.1449997061864 13.4399996995926 13.21999970451 13.3049997026101 12.7799997143447 12.6649997169152 11.8849997343495 12.5449997195974 13.0149997090921 12.9799997098744 12.7049997160211 13.2399997040629 13.0099997092038 13.4049997003749 13.6449996950105 12.2599997259676 12.0149997314438 12.0249997312203 12.039999730885 12.7299997154623 11.5749997412786 11.7549997372553 12.2199997268617 12.1499997284263 11.9449997330084 11.894999734126 11.9249997334555 11.1399997510016 10.9949997542426 11.1299997512251 11.2048097047955 -9999 12.7199997156858 12.7199997156858 -9999 -9999 -9999 -9999 -9999 -9999 -9999 -9999 -9999 -9999 -9999 -9999
-9999 -9999 -9999 -9999 -9999 12.8149997135624 12.9249997111037 12.9949997095391 13.0699997078627 13.0499997083098 12.8249997133389 12.9899997096509 13.2099997047335 13.3399997018278 13.489999698475 13.5349996974692 13.5249996976927 13.5249996976927 13.5849996963516 13.3549997014925 12.8399997130036 12.7949997140095 13.3599997013807 13.4149997001514 13.3949997005984 13.3199997022748 13.1299997065216 13.1249997066334 12.9499997105449 12.6999997161329 12.7399997152388 11.5449997419491 11.5799997411668 11.5149997426197 11.5399997420609 11.5899997409433 11.5599997416139 11.6099997404963 11.8599997349083 11.9599997326732 11.9599997326732 12.0499997306615 11.064999752678 11.1349997511134 11.189999749884 11.1499997507781 -9999 13.5899996962398 13.5899996962398 13.4549996992573 -9999 -9999 -9999 12.2085182456369 12.2507404669153 -9999 -9999 -9999 -9999 -9999 -9999 -9999
-9999 -9999 -9999 -9999 -9999 12.8699997123331 12.9649997102097 13.0099997092038 13.034999708645 13.0699997078627 12.9949997095391 13.1749997055158 13.2899997029454 13.2999997027218 13.6449996950105 13.6949996938929 13.7149996934459 13.6049996959046 13.5949996961281 13.2899997029454 12.9149997113273 13.1499997060746 13.9649996878579 13.9649996878579 13.5649996967986 13.179999705404 13.7449996927753 13.1649997057393 12.0999997295439 12.0699997302145 11.4399997442961 11.31499974709 11.4099997449666 11.5649997415021 11.4249997446314 11.4899997431785 11.7199997380376 11.9499997328967 11.9699997324497 -9999 -9999 11.2049997495487 11.2449997486547 11.4849997432902 11.8699997346848 12.2699997257441 -9999 13.7099996935576 13.9949996871874 14.5849996739998 -9999 -9999 10.3319997690618 10.7049997607246 11.5911997409165 -9999 -9999 -9999 -9999 -9999 -9999 -9999
-9999 -9999 -9999 -9999 -9999 12.7349997153506 12.7149997157976 12.9199997112155 12.8549997126684 12.9549997104332 13.2949997028336 13.4249996999279 13.4649996990338 13.6799996942282 13.8349996907637 13.944999688305 13.7699996922165 12.8999997116625 12.1549997283146 12.2749997256324 12.2699997257441 12.6999997161329 13.3049997026101 13.9649996878579 13.8749996898696 12.929999710992 13.6499996948987 13.0499997083098 12.5549997193739 11.0749997524545 10.9999997541308 10.9849997544661 11.1099997516721 11.0749997524545 11.1949997497723 11.1149997515604 7.88792726927963 7.86911507833766 7.8349998248741 -9999 11.8249997356907 11.8099997360259 12.3599997237325 12.5649997191504 12.3449997240677 12.6749997166917 7.92411731788889 -9999 14.1049996847287 13.3299997020513 13.2849997030571 13.4669996989891 12.9759088008749 13.0468178901991 7.5334289231648 -9999 -9999 -9999 -9999 -9999 -9999 -9999
-9999 -9999 -9999 -9999 -9999 12.079999729991 12.3949997229502 12.7349997153506 13.1199997067451 13.2399997040629 13.3399997018278 13.4299996998161 13.5749996965751 13.75999969244 13.7299996931106 13.1899997051805 12.4649997213855 12.2399997264147 11.9049997339025 12.1149997292086 12.1649997280911 12.619999717921 13.2249997043982 13.7349996929988 13.6899996940047 13.4099997002631 14.4299996774644 12.0649997303262 11.2149997493252 11.024999753572 10.879999756813 10.8049997584894 10.7799997590482 10.7199997603893 10.8099997583777 11.0799997523427 11.3649997459725 11.6949997385964 -9999 11.4293361741143 11.5649997415021 12.1199997290969 12.6949997162446 12.4649997213855 11.6749997390434 12.7999997138977 -9999 13.1849997052923 13.3549997014925 13.4649996990338 13.4399996995926 13.1449997061864 15.7049996489659 15.7049996489659 15.2579996589571 -9999 -9999 -9999 -9999 -9999 -9999 -9999
