EcologicalScience/Bass/data/rs_data_bass/sst_400.asc
NCOLS 226 
NROWS 124 
XLLCORNER -9.41648524995501 
YLLCORNER 47.587301625531 
CELLSIZE 0.0833 
NODATA_value -9999 
[rows 27 to 53 of 124, columns 62 to 123 of 226]
-9999 -9999 -9999 -9999 -9999 -9999 -9999 -9999 -9999 -9999 -9999 -9999 -9999 -9999 -9999 -9999 -9999 -9999 -9999 -9999 -9999 -9999 -9999 -9999 -9999 -9999 -9999 -9999 12.5299997199327 6.72439581016079 13.9767296216451 13.8289895174094 13.8849299452268 13.7558366502635 13.6281777252443 14.3367564775981 14.928434079513 15.3458357332274 15.6449018665589 15.7696920516901 15.2203283631243 15.0403149351478 15.5631427797489 15.9848475432955 16.0766472197138 16.0192724219523 16.24590287311 16.1870937054045 16.4861598387361 16.5614642607979 16.6489608273841 16.5614642607979 16.6267280932516 16.5284737520851 16.5564439659938 16.5930203995667 16.6790825962089 16.2968230061233 16.681234151125 16.5499893012457 16.643223347608 16.5880001047626
-9999 -9999 -9999 -9999 -9999 -9999 -9999 -9999 -9999 -9999 -9999 -9999 -9999 -9999 -9999 -9999 -9999 -9999 -9999 -9999 -9999 -9999 -9999 -9999 -9999 -9999 -9999 -9999 -9999 -9999 9.78499978128821 5.22935107999536 13.4431440024637 13.5672170026228 13.1354716494679 14.7204504376277 14.6401257207617 14.3625751365907 14.3797875759192 14.9513839986175 14.5748618883081 14.7046723682433 15.211004958488 15.1521957907826 15.5853755138814 15.7639545719139 15.9977568727918 15.9733725837432 16.3333994396962 16.4918973185122 16.3922086074017 16.4330881508067 16.5169987925328 15.3931699413806 14.8165532238781 14.5375682697631 15.0654164091684 16.0013427976519 15.5072023519315 16.0257270867005 16.5736564053223 16.5603884833399
-9999 -9999 -9999 -9999 -9999 -9999 -9999 -9999 -9999 -9999 -9999 -9999 -9999 -9999 -9999 -9999 -9999 -9999 -9999 -9999 -9999 -9999 -9999 -9999 -9999 -9999 -9999 -9999 -9999 -9999 -9999 12.0549997305498 13.4617908117361 13.5966215864755 14.9449293338694 13.3900723145343 13.3305459618568 14.9736167327501 14.7226019925438 14.3826563158073 14.6802880791947 14.4701528823934 14.890423275996 14.6688131196424 14.6953489636071 15.4677571784705 15.7216406585649 15.9195837108418 16.0479598208331 16.1799218556844 16.3771477229893 16.5019379081205 15.9948881329037 14.6781365242787 14.9112216401845 16.243751318194 15.5875270687975 15.8837244622409 15.2389751723967 14.5863368478604 14.848826547619 16.5894344747066
-9999 -9999 -9999 -9999 -9999 -9999 -9999 -9999 -9999 -9999 -9999 -9999 -9999 -9999 -9999 -9999 -9999 -9999 -9999 -9999 -9999 -9999 -9999 -9999 -9999 -9999 -9999 -9999 -9999 -9999 -9999 9.47513558859937 13.1899777073413 12.860789805185 13.6116824708879 13.614551210776 13.6274605402723 13.534943678882 13.5148624996655 13.6468245345168 14.2478255410679 15.1023514352273 14.3001800440252 14.5153355356306 14.930227041943 15.3580278777517 11.2801141268574 15.8173848523293 15.9317758553661 16.3527634339407 16.5421002665535 16.5858485498466 16.5973235093988 15.4218573402613 14.5074465009384 15.9124118611217 15.9525742195547 15.7180547337048 15.2138736983761 15.6434674966149 16.6295968331397 16.4926145034842
-9999 -9999 -9999 -9999 -9999 -9999 -9999 -9999 -9999 -9999 -9999 -9999 -9999 -9999 -9999 -9999 -9999 -9999 -9999 -9999 -9999 -9999 -9999 -9999 -9999 -9999 -9999 -9999 -9999 -9999 -9999 11.1399997510016 12.9203161578625 13.0529953776859 13.2903836034238 13.2315744357184 13.1412091292441 13.1655934182927 13.1326029095799 13.3183538173325 13.7271492513828 13.3434552913532 14.5024262061343 14.6422772756778 14.6759849693626 14.9836573223583 15.647770606447 14.012588870246 15.210287773516 16.6188390585594 16.4911801335402 16.5693532954901 15.4663228085265 13.7199774016626 14.0749839628115 16.0235755317844 16.6324655730277 15.6750236353837 14.8237250735983 13.9387188181281 16.6625873418525 16.5449690064415
-9999 -9999 -9999 -9999 -9999 -9999 -9999 -9999 -9999 -9999 -9999 -9999 -9999 -9999 -9999 -9999 -9999 -9999 -9999 -9999 -9999 -9999 -9999 -9999 -9999 -9999 -9999 -9999 -9999 -9999 -9999 -9999 12.9097974449396 13.1096529904753 13.6740775634535 13.1232795049436 13.2380291004665 13.2208166611381 13.8469191417098 14.3597063967027 13.8490706966259 14.0735495928675 14.1610461594537 14.7677846457809 14.7943204897456 15.048921154812 15.6298409821466 15.6986907394603 15.7496108724736 15.9382305201143 16.2645496823825 16.1139408382587 16.6862544459291 12.3852961687371 16.6518295672722 15.8987853466533 16.6453749025241 16.5786767001264 16.5693532954901 15.9776756935753 16.1232642428949 16.5915860296227
-9999 -9999 -9999 -9999 -9999 -9999 -9999 -9999 -9999 -9999 -9999 -9999 -9999 -9999 -9999 -9999 -9999 -9999 -9999 -9999 -9999 -9999 -9999 -9999 -9999 -9999 -9999 -9999 -9999 -9999 -9999 -9999 9.36409966739944 12.4398022266105 12.5201269434765 13.1935636322014 13.3018585629761 13.3549302509055 13.7493819855154 13.9810327314772 13.8691518758424 14.1438337201253 14.3252815180458 14.2435224312358 14.6759849693626 15.130680241622 15.1514786058106 15.6807611151598 16.1368907573633 16.205740514677 16.1885280753486 15.9281899305061 16.1591234914958 16.124698612839 16.5277565671131 16.4151585265063 16.4155171189923 16.2996917460114 16.6468092724681 16.5069582029246 16.5169987925328 16.6995223679114
-9999 -9999 -9999 -9999 -9999 -9999 -9999 -9999 -9999 -9999 -9999 -9999 -9999 -9999 -9999 -9999 -9999 -9999 -9999 -9999 -9999 -9999 -9999 -9999 -9999 -9999 -9999 -9999 -9999 -9999 -9999 -9999 -9999 8.50498702327899 12.6277046892792 12.897366238758 13.4933469505049 13.733603916131 14.4299905239604 14.5612353738397 14.5583666339517 14.6092867669649 14.6967833335511 15.1715597850271 15.2841578256339 15.3953214962967 15.4017761610448 15.6771751902997 15.9303414854221 15.9877162831835 16.3039948558435 16.4266334860586 16.4581896248274 16.6252937233075 16.6087984689511 16.5596712983679 16.4277092635166 16.5743735902943 16.6080812839791 16.5496307087597 16.5367213792633 16.4768364340998
-9999 -9999 -9999 -9999 -9999 -9999 -9999 14.8642460245173 14.8796655014157 17.5619372967631 17.8064973722212 7.97153152732871 10.8819709990091 8.26635454525657 8.41999981179833 -9999 -9999 -9999 -9999 -9999 -9999 -9999 -9999 -9999 -9999 -9999 -9999 -9999 -9999 -9999 -9999 -9999 -9999 -9999 13.798294000607 13.7293008062989 13.5822778870352 14.3482314371504 14.5913571426645 14.2614520555362 14.49381998647 14.809381374158 15.3028046349064 15.1077303225175 14.331736182794 14.9492324437015 15.3458357332274 15.568163074553 15.8019653754309 15.8923306819052 16.0214239768684 15.7725607915781 16.2401653933339 16.5291909370571 16.442411555443 16.6292382406536 16.6855372609571 16.565408778144 16.5887172897346 16.5944547695108 16.4915387260262 16.485442653764
-9999 -9999 -9999 -9999 16.079999640584 16.0798745520879 17.3353068456054 17.3137912964448 17.6042512101121 17.7763756033964 17.8222754416056 19.9622556825497 -9999 -9999 -9999 -9999 -9999 -9999 -9999 -9999 -9999 -9999 -9999 -9999 -9999 -9999 -9999 -9999 -9999 -9999 -9999 -9999 -9999 -9999 14.2387890104204 14.5191007567337 14.5748618883081 14.6645100098103 14.7778252353892 14.9105044552125 14.7376628769562 15.0984069178812 15.0976897329092 14.731208212208 15.0625476692803 15.3451185482554 15.4053620859049 15.4261604500934 15.7567827221937 16.0773644046858 16.1526688267477 16.1734671909362 15.8191778147593 16.2172154742293 15.3551591378637 16.4485076277051 16.603060989175 16.6546983071603 16.5614642607979 16.5923032145947 16.7045426627155 16.565408778144
16.525605012197 16.3133182604797 11.5798469391769 16.7651447928511 16.7923978217877 16.721396509558 16.8992583826184 16.5930203995667 17.559068556875 15.1535081500052 -9999 -9999 -9999 -9999 -9999 -9999 -9999 -9999 -9999 -9999 -9999 -9999 -9999 -9999 -9999 -9999 -9999 -9999 -9999 -9999 -9999 -9999 -9999 -9999 11.5099997427315 14.6150242467411 14.5913571426645 14.4687185124494 14.6358226109296 14.7061067381874 14.6006805473007 14.7663502758369 14.8466749927029 15.1070131375454 15.368785652332 15.5860926988535 15.5796380341053 15.4842524328269 15.7022766643204 15.8012481904589 16.166295341216 16.0027771675959 16.0307473815046 15.9877162831835 16.2340693210717 16.3068635957316 16.5614642607979 16.3857539426535 16.5048066480085 16.5464033763856 16.6909161482472 16.4169514889363
16.3276619599201 16.5320596769452 16.5958891394548 16.6468092724681 16.7945493767038 16.6625873418525 16.1562547516078 16.8275398854166 16.5438932289835 14.1599996834993 -9999 -9999 -9999 -9999 -9999 -9999 -9999 -9999 -9999 -9999 -9999 -9999 -9999 -9999 -9999 -9999 -9999 -9999 -9999 -9999 -9999 -9999 -9999 -9999 -9999 14.6774193393067 14.6802880791947 13.8705862457864 15.0776085536927 14.2901394544169 14.2958769341931 14.9269997095689 15.0302743455395 15.0410321201198 15.089800698217 15.369502837304 15.4175542304292 15.5416272305883 15.7474593175575 15.9238868206739 15.8973509767093 15.9081087512895 16.3018433009274 16.2738730870187 15.7771029630676 16.4997863532044 16.2925198962912 16.5098269428127 16.5202261249069 16.2502059829421 16.6780068187509 15.7572608455084
16.3735617981292 15.2447126521729 16.5442518214695 16.1942655551247 16.3857539426535 16.5880001047626 16.9300973364152 16.7049012552015 8.47336327809471 -9999 -9999 -9999 -9999 -9999 -9999 -9999 -9999 -9999 -9999 -9999 -9999 -9999 -9999 -9999 -9999 -9999 -9999 -9999 -9999 -9999 -9999 -9999 -9999 -9999 -9999 -9999 13.9482812844217 13.4072847538628 14.7331207054667 15.0422274284065 15.1335489815101 14.5849024779163 15.0223853108473 14.49381998647 14.8710592817515 15.3028046349064 15.4218573402613 15.3716543922201 15.8213293696754 15.7481765025295 15.8392589939758 15.847148028668 15.9748069536872 15.7269000150263 16.6496780123562 16.2573778326623 16.2896511564031 16.3118838905357 16.484725468792 16.4782708040439 16.445997480303 16.1928311851807
15.9762413236313 16.3204901101999 16.681951336097 16.6934262956493 16.7414776887745 16.9250770416111 16.8992583826184 17.0168767180294 12.7897884929553 -9999 -9999 -9999 -9999 -9999 -9999 -9999 -9999 -9999 -9999 -9999 -9999 -9999 -9999 -9999 -9999 -9999 -9999 -9999 -9999 -9999 -9999 -9999 -9999 -9999 -9999 -9999 -9999 -9999 -9999 -9999 3.98641754867136 12.6678670477122 14.5526291541755 14.8760795765556 15.1866206694394 14.7347941370681 15.1070131375454 15.3766746870242 15.6649830457754 15.7947935257107 15.9834131733514 16.0364848612808 15.8908963119611 16.1196783180349 16.3011261159554 16.4151585265063 15.7828404428437 16.2157811042853 16.3265861824621 16.324793220032 16.684820075985 15.9862819132395
15.9848475432955 16.2337107285857 16.3011261159554 16.2344279135577 16.1182439480908 16.7249824344181 16.7902462668717 16.6148945412133 14.0649996856228 -9999 -9999 -9999 -9999 -9999 -9999 -9999 -9999 -9999 -9999 -9999 -9999 -9999 -9999 -9999 -9999 -9999 -9999 -9999 -9999 -9999 -9999 -9999 -9999 -9999 -9999 -9999 -9999 -9999 -9999 -9999 -9999 -9999 -9999 10.8689137611644 15.1593676405028 15.649204976391 15.2217627330683 14.7512893914245 16.2251045089215 15.7474593175575 15.7488936875015 16.047242635861 16.2222357690334 16.405117936898 16.3118838905357 16.4079866767861 16.3749961680733 16.3936429773457 16.5722220353782 16.6374858678319 16.9401379260235 16.8899349779822
15.5122226467356 15.6951048146002 16.3613696536049 15.6327097220346 16.5177159775048 16.8469038796611 16.7916806368157 16.8504898045212 17.201193255838 14.9449996659532 -9999 -9999 -9999 -9999 -9999 16.1899624452926 -9999 -9999 -9999 -9999 -9999 -9999 -9999 -9999 -9999 -9999 -9999 -9999 -9999 -9999 -9999 -9999 -9999 -9999 -9999 -9999 -9999 -9999 -9999 -9999 -9999 -9999 -9999 -9999 4.22039523437775 15.0801187010948 15.0632648542523 14.692480223719 15.1088060999755 15.3777504644822 15.6649830457754 15.9324930403382 16.0651722601615 16.2767418269068 16.3972289022058 15.9030884564854 15.6843470400199 16.0795159596018 15.9116946761496 16.245185688138 15.4648884385824 15.2547532417811
16.3972289022058 15.2777031608857 15.686498594936 15.886593202129 16.3090151506476 16.6252937233075 16.7780541223474 16.8899349779822 17.0505844117142 17.121585723944 15.7999996468425 -9999 -9999 -9999 -9999 -9999 -9999 -9999 -9999 -9999 -9999 -9999 -9999 -9999 -9999 -9999 -9999 -9999 -9999 -9999 -9999 -9999 -9999 -9999 -9999 -9999 -9999 -9999 -9999 -9999 -9999 -9999 -9999 -9999 -9999 7.17999983951449 12.7725760536268 15.6755017586984 14.2614520555362 15.5240561987739 14.4199499343522 15.4899899126031 15.3099764846265 15.5703146294691 15.7309640632011 15.5401928606443 15.4699087333865 15.8528855084442 15.6714377105236 15.488555542659 14.3410595874302 14.652317865286
15.9604632542469 15.649204976391 16.1454969770275 16.362804023549 16.2753074569628 16.5550095960498 16.7579729431309 16.7830744171515 16.963087845128 17.1545762326568 17.279366417788 17.2653364867729 -9999 -9999 16.0172005542554 -9999 20.2888453187022 21.6868587325713 -9999 -9999 -9999 -9999 -9999 -9999 -9999 -9999 -9999 -9999 -9999 -9999 -9999 -9999 -9999 -9999 -9999 -9999 -9999 -9999 -9999 -9999 -9999 -9999 -9999 -9999 -9999 8.8399998024106 11.5749997412786 11.4905182680232 14.3905453504995 15.2330583963776 14.0649433732033 14.8674733568914 15.1385692763142 15.0546586345881 15.4799493229948 15.2669453863055 15.2977843401022 15.368785652332 15.3824121668003 15.249732946977 14.2234412520193 14.7333597671241
15.7087313290685 15.8349558841437 15.8127231500112 16.0895565492101 16.4517349600792 16.3463087691925 16.4660786595196 16.4187444513664 17.1933042211458 17.1646168222651 17.3023163368925 17.4364299266599 17.4599996097386 18.1069978754967 18.1650898582302 18.5100558297709 18.474913766142 11.9965792771939 -9999 -9999 -9999 -9999 -9999 -9999 -9999 -9999 -9999 -9999 -9999 -9999 -9999 -9999 -9999 -9999 -9999 -9999 -9999 -9999 -9999 -9999 -9999 -9999 -9999 -9999 -9999 -9999 -9999 -9999 10.6091875855345 12.7795088416897 13.8074739682488 13.0501266377978 13.9874873962253 13.9172032689676 14.6723990445025 15.0195165709592 15.1098818774335 15.0582445594482 15.3185827042907 14.3274330729619 14.3697469863109 14.3424939573742
15.6140629127622 15.568880259525 15.2203283631243 15.2576219816692 15.8155918898992 15.7739951615222 15.9877162831835 16.8770256484859 17.1344950534403 17.2506790189072 17.3661457994021 17.2915585623123 17.1552934176289 17.3654286144301 17.8079317421652 17.7964567826129 15.6399996504188 19.6538079478522 -9999 -9999 -9999 -9999 -9999 -9999 -9999 -9999 -9999 -9999 -9999 -9999 -9999 -9999 -9999 -9999 -9999 -9999 -9999 -9999 -9999 -9999 -9999 -9999 -9999 -9999 -9999 -9999 -9999 -9999 13.9876666924683 13.3613849156536 13.0149845741689 13.7630084999837 14.1481368299574 14.2413708763197 13.2667164993472 15.0948209930211 14.3087862636894 13.0078127244487 13.7070680721663 14.1624805293977 14.4249702291563 14.4995574662462
15.3164311493747 15.0195165709592 15.2418439122848 15.4118167506531 15.647770606447 16.0658894451335 16.6884060008451 17.2607196085155 17.3969847531989 17.5368358227424 17.4199346723035 17.3561052097939 17.4192174873315 17.4715719902888 17.9219641527161 17.9671468059532 15.9449996436015 -9999 -9999 -9999 -9999 -9999 -9999 -9999 -9999 -9999 -9999 -9999 -9999 -9999 -9999 -9999 -9999 -9999 -9999 -9999 -9999 -9999 -9999 -9999 -9999 -9999 -9999 -9999 -9999 -9999 -9999 -9999 13.4847407308407 13.4840235458687 13.6841181530617 13.8813440203667 14.1201666160487 14.135227500461 12.4792474000715 12.5588549319655 12.9748222157359 13.5686513725668 13.774483459536 13.8519394365139 14.5569322640076 14.7182988827117
15.1084475074895 14.612872691825 15.0023041316308 15.6291237971745 15.8528855084442 16.1132236532867 17.1739402269013 17.3137912964448 17.3259834409691 17.4995422041975 17.4034394179471 17.5540482620709 17.6723837824538 17.6910305917263 17.9528031065129 6.69999985024333 -9999 -9999 -9999 -9999 -9999 -9999 -9999 -9999 -9999 -9999 -9999 -9999 -9999 -9999 -9999 -9999 -9999 -9999 -9999 -9999 -9999 -9999 -9999 -9999 -9999 -9999 -9999 -9999 -9999 -9999 -9999 -9999 12.0068137528375 14.291573824361 13.8978392747231 13.6640369738452 12.9984893198125 13.0070955394767 12.4362163017504 12.4684896254912 12.4813989549875 13.1239966899157 13.334849071689 13.4876094707288 14.4873653217219 14.8481093626469
14.6264992062934 14.6688131196424 14.8000579695217 14.7656330908649 15.8794213524088 16.2265388788655 16.8942380878143 17.1266060187481 16.9365520011634 17.3073366316967 17.6064027650282 17.678838447202 17.8832361642271 17.9140751180239 17.8947111237794 -9999 -9999 -9999 -9999 -9999 -9999 -9999 -9999 -9999 -9999 -9999 -9999 -9999 -9999 -9999 -9999 -9999 -9999 -9999 -9999 -9999 -9999 -9999 -9999 -9999 -9999 -9999 -9999 -9999 -9999 -9999 -9999 -9999 -9999 12.2014333601965 14.3001800440252 14.014740425162 13.1254310598597 13.2882320485078 12.8650929150172 12.6004516603425 13.0106814643368 14.2026428878307 14.0118716852739 14.2040772577748 14.2320474716835 14.4321420788765
14.4608294777572 14.7735221255571 14.8423718828708 14.8244422585703 14.9176763049327 15.3250373690389 16.1813562256284 16.4696645843796 17.1309091285802 16.9846033942886 17.5561998169869 17.5246436782181 17.8731955746189 18.1765648177825 18.274819158949 15.2664321713713 -9999 -9999 -9999 -9999 -9999 -9999 -9999 -9999 -9999 -9999 -9999 -9999 -9999 -9999 -9999 -9999 -9999 -9999 -9999 -9999 -9999 -9999 -9999 -9999 -9999 -9999 -9999 -9999 -9999 -9999 6.90630180959124 7.97509317526695 7.10499984119087 -9999 11.5949583295733 12.4519346057205 12.891070948448 13.8347269971855 12.8851740942337 13.0085299094208 13.1082186205313 13.7472304305993 13.8770409105346 14.0427106390707 14.1596117895097 14.3288674429059
14.4572435528971 14.7677846457809 14.8595843221992 14.850978102535 14.9069185303524 15.1665394902229 15.3035218198784 15.8356730691157 16.0199896069244 16.3197729252279 17.3173772213049 17.1029389146715 17.5468764123507 17.8301644762978 15.6796287178356 -9999 -9999 -9999 -9999 -9999 -9999 -9999 -9999 -9999 -9999 -9999 -9999 -9999 -9999 -9999 -9999 -9999 -9999 -9999 -9999 -9999 -9999 -9999 -9999 -9999 -9999 -9999 -9999 -9999 -9999 -9999 -9999 -9999 8.44054513315283 16.8573030617554 16.7375331714284 15.9498079346626 14.9444810932619 15.5846583289094 13.0013580597006 13.0931577361189 13.4201940833591 13.6920071877539 13.9272438585758 14.4170811944641 14.5612353738397 14.6071352120489
14.6006805473007 15.0051728715189 14.9671620680019 15.0646992241964 15.0869319583289 15.4168370454572 15.6133457277901 15.5043336120434 15.6542252711952 15.7711264216341 16.9121677121148 17.1660511922091 17.4299752619117 17.7699209386483 14.4899996761233 -9999 -9999 -9999 -9999 -9999 -9999 -9999 -9999 -9999 -9999 -9999 -9999 -9999 -9999 -9999 -9999 -9999 -9999 -9999 -9999 -9999 -9999 -9999 -9999 -9999 -9999 -9999 -9999 -9999 -9999 -9999 -9999 -9999 -9999 -9999 16.0035968075639 16.4972762058023 16.485084061278 16.0027771675959 13.5722372974269 13.375011430122 13.4539017770439 13.5600451529026 13.6611682339571 13.814645817969 15.0998412878253 15.0754569987766
15.3928113488946 14.8201391487382 15.2045502937399 15.2748344209976 15.2633594614454 15.3106936695985 15.606891063042 15.6778923752718 15.725226583425 16.1562547516078 16.1677297111601 16.3534806189127 16.7558213882148 17.3926816433668 16.1386158779717 -9999 -9999 -9999 -9999 -9999 -9999 -9999 -9999 -9999 -9999 -9999 -9999 -9999 -9999 -9999 -9999 -9999 -9999 -9999 -9999 -9999 -9999 -9999 -9999 -9999 -9999 -9999 -9999 -9999 -9999 -9999 -9999 -9999 -9999 -9999 -9999 -9999 14.5099996756762 15.806268485263 16.40404215944 16.6733451164328 16.9196981543209 17.0541703365743 16.3818094253074 15.2404095423408 15.44624162931 15.5351725658402
