EcologicalScience/Bass/data/rs_data_bass/sst_98.asc
NCOLS 226 
NROWS 124 
XLLCORNER -9.41648524995501 
YLLCORNER 47.587301625531 
CELLSIZE 0.0833 
NODATA_value -9999 
[rows 54 to 80 of 124, columns 0 to 61 of 226]
-9999 -9999 -9999 -9999 -9999 -9999 -9999 -9999 -9999 -9999 -9999 -9999 -9999 -9999 -9999 -9999 -9999 -9999 -9999 -9999 -9999 -9999 -9999 -9999 -9999 -9999 -9999 -9999 -9999 -9999 -9999 -9999 -9999 -9999 -9999 -9999 -9999 -9999 10.3528843839796 6.27153832135865 5.94699986707419 7.74749982682988 5.93499986734241 8.18333315042158 8.11666648524503 9.33499979134649 9.33499979134649 9.28499979246408 9.25999979302287 9.18999979458749 9.23499979358166 9.24499979335815 8.92249980056658 8.25499981548637 8.17999981716275 7.56999983079731 7.45999983325601 7.4474998335354 7.42749983398244 13.3759321292684 -9999 7.66285697157894
-9999 -9999 -9999 -9999 -9999 -9999 -9999 -9999 -9999 -9999 -9999 -9999 -9999 -9999 -9999 -9999 -9999 -9999 -9999 -9999 -9999 -9999 -9999 -9999 -9999 -9999 -9999 -9999 -9999 -9999 -9999 -9999 -9999 -9999 -9999 -9999 -9999 -9999 13.5549996970221 7.04249984258786 6.73833318271985 7.03642841415214 7.58166649720321 8.5249998094514 7.80499982554466 8.18749981699511 8.41499981191009 8.45499981101602 9.07499979715794 9.34999979101121 9.43499978911132 9.40999978967011 8.15999981760979 8.18499981705099 7.74249982694164 7.57749983062968 7.56749983085319 7.83071411068418 5.50865364127282 13.6649996945634 -9999 12.9137497113552
-9999 -9999 -9999 -9999 -9999 -9999 -9999 -9999 -9999 -9999 -9999 -9999 -9999 -9999 -9999 -9999 -9999 -9999 -9999 -9999 -9999 -9999 -9999 -9999 -9999 -9999 -9999 -9999 -9999 -9999 -9999 -9999 -9999 -9999 -9999 -9999 -9999 -9999 -9999 6.54099985379726 6.97166651083777 7.17999983951449 7.71499982755631 8.62249980727211 8.5849998081103 8.70166647216926 8.50499980989844 8.36999981291592 9.32499979157001 9.32499979157001 9.45999978855252 9.45999978855252 8.23249981598929 8.00749982101843 7.94749982235953 7.87749982392415 7.60166649675618 7.62499982956797 8.52874980936758 9.52888867590162 -9999 -9999
-9999 -9999 -9999 -9999 -9999 -9999 -9999 -9999 -9999 -9999 -9999 -9999 -9999 -9999 -9999 -9999 -9999 -9999 -9999 -9999 -9999 -9999 -9999 -9999 -9999 -9999 -9999 -9999 -9999 -9999 -9999 -9999 -9999 -9999 -9999 -9999 -9999 -9999 -9999 12.4896548932482 8.088333152545 8.14499981794506 8.13499981816858 8.3674998129718 8.39499981235713 4.6499998960644 8.76999980397522 8.78999980352819 8.44249981129542 8.40249981218949 9.30999979190528 9.37999979034066 8.31749981408939 7.86499982420355 8.04749982012436 7.59999983012676 5.58499987516552 6.37999985739589 6.91999984532595 6.84999984689057 6.84999984689057 -9999
-9999 -9999 -9999 -9999 -9999 -9999 -9999 -9999 -9999 -9999 -9999 -9999 -9999 -9999 -9999 -9999 -9999 -9999 -9999 -9999 -9999 -9999 -9999 -9999 -9999 -9999 -9999 -9999 -9999 -9999 -9999 -9999 -9999 -9999 -9999 -9999 -9999 -9999 -9999 -9999 8.28333314818641 8.56333314192792 8.39499981235713 4.30999990366399 4.30999990366399 4.43999990075827 4.43999990075827 8.77699980381876 8.91999980062246 8.86666646848122 8.92166646725188 8.97833313265195 8.8633331352224 8.08499981928617 9.08999979682267 8.25999981537461 7.41499983426183 7.82499982509762 7.61499982979149 6.70999985001981 6.22499986086041 14.4029408545398
-9999 -9999 -9999 -9999 -9999 -9999 -9999 -9999 -9999 -9999 -9999 -9999 -9999 -9999 -9999 -9999 -9999 -9999 -9999 -9999 -9999 -9999 -9999 -9999 -9999 -9999 -9999 -9999 -9999 -9999 -9999 -9999 -9999 -9999 -9999 -9999 -9999 -9999 -9999 10.3834780287807 7.14444428475367 8.11749981855974 7.85166649116824 8.33833314695706 8.51166647641609 8.60249980771914 8.64249980682507 8.78749980358407 8.67599980607629 8.70499980542809 8.57799980826676 8.90333313432833 9.01999979838729 9.01999979838729 8.24749981565401 8.51833314293375 8.49833314338078 8.40499981213361 7.69333316137393 7.67999982833862 -9999 -9999
-9999 -9999 -9999 -9999 -9999 -9999 -9999 -9999 -9999 -9999 -9999 -9999 -9999 -9999 -9999 -9999 -9999 -9999 -9999 -9999 -9999 -9999 -9999 -9999 -9999 -9999 -9999 -9999 -9999 -9999 -9999 -9999 -9999 -9999 -9999 -9999 -9999 -9999 -9999 13.1299997065216 7.17166650636743 7.14166650703798 3.87999991327524 3.74999991618097 8.65166647328685 3.94999991171062 3.94999991171062 7.42499983403832 7.61499982979149 8.10499981883913 8.09499981906265 7.61499982979149 8.73999980464578 8.86499980185181 8.85999980196357 8.83499980252236 9.21999979391694 11.5110866992289 13.5101108091366 7.26749983755872 5.04499988723546 5.37499987985939
-9999 -9999 -9999 -9999 -9999 -9999 -9999 -9999 -9999 -9999 -9999 -9999 -9999 -9999 -9999 -9999 -9999 -9999 -9999 -9999 -9999 -9999 -9999 -9999 -9999 -9999 -9999 -9999 -9999 -9999 -9999 -9999 -9999 -9999 -9999 -9999 -9999 -9999 -9999 8.28499981481582 7.92999982275069 7.98999982140958 7.93249982269481 8.16749981744215 8.29333314796289 6.64999985136092 6.68499985057861 6.4299998562783 6.8299998473376 7.43999983370304 7.87499982398003 7.98499982152134 7.18499983940274 7.31499983649701 6.98999984376132 7.33499983604997 6.22499986086041 6.29999985918403 6.35999985784292 7.25999983772635 5.1949998838827 5.10499988589436
-9999 -9999 -9999 -9999 -9999 -9999 -9999 -9999 -9999 -9999 -9999 -9999 -9999 -9999 -9999 -9999 -9999 -9999 -9999 -9999 -9999 -9999 -9999 -9999 -9999 -9999 -9999 -9999 -9999 -9999 -9999 -9999 -9999 -9999 -9999 -9999 -9999 -9999 12.2939997252077 8.34249981353059 5.23999988287687 5.41499987896532 8.21499981638044 8.00833315433314 8.05333315332731 8.50249980995432 7.54499983135611 7.70499982777983 6.44999985583127 8.96166646635781 9.18999979458749 9.03833313131084 9.09833312996974 9.06666646401087 7.64999982900918 7.00999984331429 6.53499985393137 8.25499981548637 4.44999990053475 5.21999988332391 5.82999986968935 5.81999986991286
-9999 -9999 -9999 -9999 -9999 -9999 -9999 -9999 -9999 -9999 -9999 -9999 -9999 -9999 -9999 -9999 -9999 -9999 -9999 -9999 -9999 -9999 -9999 -9999 -9999 -9999 -9999 -9999 -9999 -9999 -9999 -9999 -9999 -9999 -9999 -9999 -9999 -9999 3.78499991539866 3.78499991539866 7.64499982912093 7.6766664950798 7.56749983085319 8.0649998197332 8.48166647708664 6.13499986287206 5.98999986611307 5.594999874942 6.90999984554946 6.90999984554946 8.87499980162829 8.87499980162829 4.66499989572912 8.66499980632216 8.64749980671331 3.58499991986901 3.58499991986901 5.08999988622963 5.08999988622963 7.6649998286739 7.38999983482063 5.85499986913055
-9999 -9999 -9999 -9999 -9999 -9999 -9999 -9999 -9999 -9999 -9999 -9999 -9999 -9999 -9999 -9999 -9999 -9999 -9999 -9999 -9999 -9999 -9999 -9999 -9999 -9999 -9999 -9999 -9999 -9999 -9999 -9999 -9999 -9999 -9999 -9999 -9999 11.0712497525383 8.59624980785884 8.36499981302768 7.6283331628268 7.63666649597387 8.10833315209796 4.93499988969415 5.45499987807125 5.1949998838827 5.22999988310039 5.20999988354743 9.3849997902289 9.3849997902289 8.64999980665743 9.00499979872257 8.61999980732799 4.17499990668148 4.51999989897013 4.00999991036952 8.53249980928376 6.21999986097217 6.09499986376613 5.85999986901879 5.18499988410622 4.67999989539385
-9999 -9999 -9999 -9999 -9999 -9999 -9999 -9999 -9999 -9999 -9999 -9999 -9999 -9999 -9999 -9999 -9999 -9999 -9999 -9999 -9999 -9999 -9999 -9999 -9999 -9999 -9999 -9999 -9999 -9999 -9999 -9999 -9999 -9999 -9999 -9999 -9999 7.93333315600951 6.68333318394919 8.39999981224537 8.57999980822206 7.87333315735062 8.26166648200403 8.62666647384564 8.79333313678702 8.70833313868692 8.8033331365635 9.01999979838729 9.05499979760498 9.07999979704618 9.19249979453161 8.67833313935747 8.24499981570989 3.98999991081655 3.91999991238117 3.74999991618097 8.28499981481582 8.03249982045963 7.64666649575035 4.94999988935888 4.94999988935888 6.19249986158684
-9999 -9999 -9999 -9999 -9999 -9999 -9999 -9999 -9999 -9999 -9999 -9999 -9999 -9999 -9999 -9999 -9999 -9999 -9999 -9999 -9999 -9999 -9999 -9999 -9999 -9999 -9999 -9999 -9999 -9999 -9999 -9999 -9999 -9999 -9999 11.2246509119002 7.64999982900918 7.63499982934445 7.75749982660636 8.08249981934205 8.59999980777502 8.59999980777502 8.46499981079251 8.71499980520457 8.84499980229884 9.0699997972697 9.12499979604036 9.06499979738146 9.05499979760498 8.97999979928136 8.98374979919754 8.94999979995191 8.94999979995191 8.40499981213361 8.29999981448054 8.13666648479799 7.74833316014459 7.10499984119087 6.74333318260809 6.50333318797251 6.42249985644594 6.31249985890463
-9999 -9999 -9999 -9999 -9999 -9999 -9999 -9999 -9999 -9999 -9999 -9999 -9999 -9999 -9999 -9999 -9999 -9999 -9999 -9999 -9999 -9999 -9999 -9999 -9999 -9999 -9999 -9999 -9999 -9999 -9999 -9999 -9999 -9999 -9999 17.5113884974788 7.59642840163516 7.29499983694404 7.29499983694404 8.35749981319532 6.38499985728413 6.70999985001981 9.03999979794025 8.99499979894608 8.87999980151653 9.00999979861081 9.07999979704618 9.13499979581684 9.0449997978285 9.0699997972697 9.0699997972697 8.03749982034788 3.50499992165715 3.50499992165715 8.07333315288027 7.71999982744455 6.73999984934926 6.73999984934926 6.56999985314906 6.38749985722825 6.32999985851347 6.33749985834584
-9999 -9999 -9999 -9999 -9999 -9999 -9999 -9999 -9999 -9999 -9999 -9999 -9999 -9999 -9999 -9999 -9999 -9999 -9999 -9999 -9999 -9999 -9999 -9999 -9999 -9999 -9999 -9999 7.52902646999523 8.77333313723405 14.6678842875318 8.25499981548637 8.25499981548637 10.3716664348419 13.9211360524747 10.2009997719899 7.9454543678598 8.14399981796742 7.10999984107912 7.10999984107912 8.57749980827793 8.95499979984015 8.97499979939312 9.01499979849905 9.07749979710206 9.15999979525805 9.07499979715794 9.10499979648739 9.10999979637563 4.14999990724027 4.14999990724027 4.39999990165234 7.89999982342124 7.89999982342124 4.38499990198761 4.41499990131706 6.96166651106129 6.65666651787857 6.54249985376373 6.44499985594302 6.17333319534858 8.69857123414321
-9999 -9999 -9999 -9999 -9999 -9999 -9999 -9999 -9999 -9999 -9999 -9999 -9999 -9999 -9999 -9999 -9999 -9999 -9999 -9999 -9999 -9999 10.0964703625616 9.02499979827553 9.02499979827553 8.02499982062727 8.0649998197332 8.09499981906265 8.02999982051551 9.15999979525805 8.41499981191009 8.36333314639827 8.29666648122172 8.2699998151511 8.29249981464818 8.38999981246889 8.49249981017783 8.62749980716035 8.72499980498105 8.99333313231667 8.23999981582165 9.6212497849483 8.6699998062104 8.80499980319291 9.23499979358166 6.31499985884875 6.7449998492375 8.90499980095774 8.45999981090426 8.05999981984496 8.02499982062727 8.01499982085079 7.95999982208014 7.25833317109694 7.17166650636743 7.0716665086026 6.92999984510243 6.64499985147268 6.54999985359609 7.56735277203295 -9999 -9999
-9999 -9999 -9999 -9999 -9999 -9999 -9999 -9999 -9999 -9999 -9999 -9999 -9999 -9999 -9999 -9999 -9999 -9999 -9999 -9999 -9999 9.5451610769716 8.05099982004613 8.31749981408939 9.24499979335815 9.24499979335815 8.24499981570989 8.25999981537461 8.30999981425703 8.31999981403351 8.30499981436878 8.47499981056899 8.41166647865126 8.39666647898654 8.54249980906025 8.62999980710447 7.63333316271504 7.65999982878566 8.91749980067834 8.9249998005107 8.04499982018024 8.04499982018024 8.93999980017543 8.9249998005107 6.43499985616654 6.46999985538423 6.53499985393137 6.27499985974282 6.13499986287206 7.94166648915658 7.87333315735062 7.70333316115042 7.48166649943839 7.39499983470887 7.15999983996153 7.04416650921727 13.6139996957034 -9999 -9999 -9999 -9999 -9999
-9999 -9999 -9999 -9999 -9999 -9999 -9999 -9999 -9999 -9999 -9999 -9999 -9999 -9999 -9999 -9999 -9999 6.88018432352692 16.2231911267451 9.10035693944831 7.93399982266128 8.39749981230125 8.46499981079251 8.58749980805442 8.77249980391935 6.54499985370785 8.05499981995672 8.04499982018024 8.33499981369823 8.63499980699271 8.6699998062104 8.3549998132512 8.29999981448054 9.01666646512846 8.9249998005107 9.10333312985798 9.1183331295227 9.15166646211098 8.06666648636262 8.71999980509281 8.75333313768109 9.40749978972599 9.01499979849905 9.12833312929918 9.11999979615211 9.1549997953698 9.17999979481101 8.31499981414527 8.31166648088644 8.10999981872737 7.97666648837427 7.87666649060945 7.79174982584082 -9999 -9999 -9999 -9999 -9999 -9999 -9999 -9999 -9999
-9999 -9999 -9999 -9999 -9999 -9999 -9999 -9999 -9999 -9999 -9999 -9999 -9999 7.44870232513731 -9999 -9999 9.19500543578313 8.02199982069433 8.00333315444489 8.14499981794506 8.17833315053334 8.36499981302768 8.50166647663961 8.57666647496323 8.6583331398045 8.8633331352224 6.90499984566122 8.63999980688095 8.66499980632216 8.74499980453402 8.71499980520457 8.65499980654567 8.96999979950488 8.68333313924571 9.28333312583466 9.28166645920525 9.31333312516411 9.29499979224056 9.50749978749081 9.4083331230407 9.39999978989363 9.88499977905303 9.88499977905303 9.44249978894368 9.30499979201704 9.13124979590066 8.43333314483364 8.33499981369823 8.32833314718058 8.21833314963927 6.45499985571951 6.45499985571951 -9999 -9999 -9999 -9999 -9999 -9999 -9999 -9999 -9999 -9999
-9999 -9999 -9999 -9999 -9999 -9999 -9999 -9999 -9999 -9999 -9999 -9999 -9999 8.74149980461225 8.50749980984256 8.1616664842392 8.71499980520457 8.73749980470166 8.29333314796289 8.37166647954533 8.72749980492517 8.54999980889261 8.61833314069857 8.64999980665743 8.78666647026936 8.85333313544591 9.00499979872257 8.90749980090186 8.69999980553985 8.71999980509281 8.86499980185181 9.10333312985798 9.18166646144042 9.21999979391694 9.23499979358166 9.4449997888878 9.5899997856468 9.57499978598207 9.88999977894127 9.88999977894127 9.97499977704138 9.97499977704138 9.26666645954053 9.8199997805059 9.8199997805059 9.4056247897679 8.7666664707164 8.50333314326902 8.41833314516892 8.37833314606299 8.3674998129718 8.32499981392175 15.6619440943727 -9999 -9999 -9999 -9999 -9999 -9999 23.8221506303241 24.1243599258948 23.646299471464
-9999 -9999 -9999 -9999 -9999 -9999 -9999 -9999 -9999 -9999 14.8431829988138 8.95055535549505 9.01249979855493 9.02499979827553 9.08999979682267 9.01999979838729 8.97499979939312 9.00999979861081 9.04749979777262 9.11749979620799 8.86666646848122 8.97999979928136 8.64749980671331 8.71499980520457 8.72749980492517 8.53999980911613 9.03499979805201 8.97999979928136 9.03166646479318 9.15333312874039 9.19333312784632 9.26166645965228 9.27833312594642 9.4083331230407 9.48333312136432 9.61666645171742 9.35166645764063 9.00666646535198 9.9299997780472 9.904999778606 9.99999977648258 9.99999977648258 8.94285694296871 8.74999980442226 8.99249979900196 9.19999979436398 8.91499980073422 8.72499980498105 8.61499980743974 8.53499980922788 8.46999981068075 17.7024238467442 13.349603743064 -9999 -9999 -9999 7.44346137208721 6.98277762170053 7.02444428743588 4.7583332269763 5.06928560097835 17.7899996023625
-9999 -9999 -9999 -9999 -9999 -9999 -9999 14.1049996847287 8.39999981224537 8.0649998197332 8.49333314349254 9.10749979643151 9.0699997972697 9.11499979626387 9.13249979587272 9.23749979352579 9.32749979151413 9.30249979207292 9.29749979218468 8.49499981012195 8.46499981079251 8.38999981246889 9.09666646334032 8.64999980665743 8.64999980665743 8.55499980878085 9.27499979268759 9.30333312538763 8.9849997991696 8.972499799449 9.1299997959286 9.16499979514629 9.27333312605818 9.31499979179353 9.36999979056418 9.36749979062006 9.88999977894127 9.71333311622342 9.2149997940287 8.42499981168658 8.87249980168417 9.57999978587031 9.51499978732318 9.38749979017302 9.11499979626387 8.89249980123714 8.50499980989844 8.47499981056899 8.50749980984256 8.63499980699271 8.60499980766326 8.53499980922788 8.49999981001019 8.4226664784054 7.5799998305738 7.44499983359128 7.36499983537942 7.27499983739108 7.40499983448535 7.24999983794987 5.93499986734241 5.08999988622963
-9999 -9999 -9999 -9999 -9999 8.30499981436878 8.3916664790983 8.39999981224537 8.85249980213121 8.84499980229884 8.23166648267458 8.95999979972839 9.02499979827553 9.13499979581684 9.00833313198139 9.39249979006127 9.35249979095533 9.32249979162589 9.31999979168177 9.16166646188746 9.12499979604036 8.97666646602253 8.77666647049288 8.77999980375171 8.68999980576336 8.99333313231667 8.99166646568725 8.96333313298722 9.00666646535198 9.02999979816377 9.11666646289329 9.23666646021108 9.40499978978187 9.49499978777021 9.50333312091728 9.74499978218228 9.73999978229403 9.91999977827072 9.82999978028238 9.79999978095293 8.87999980151653 8.93749980023131 7.68249982828274 9.30833312527587 9.28499979246408 9.28499979246408 7.98166648826251 8.85999980196357 8.43499981146306 8.40499981213361 8.71999980509281 7.8349998248741 7.18499983940274 6.75999984890223 6.41499985661358 7.35999983549118 7.50999983213842 7.41999983415008 7.33499983604997 7.10999984107912 7.01999984309077 6.57999985292554
-9999 -9999 -9999 -9999 -9999 9.09999979659915 8.79333313678702 9.11249979631975 9.04749979777262 9.08749979687855 9.19999979436398 9.19999979436398 8.80499980319291 8.99999979883432 9.18749979464337 9.32749979151413 9.47999978810549 9.26999979279935 9.2033331276228 8.89166646792243 9.47499978821725 9.35499979089946 9.43999978899956 9.3849997902289 8.62333314058681 9.40999978967011 9.3849997902289 8.74166647127519 8.65166647328685 9.40166645652304 9.35833312415828 9.45833312192311 9.35333312427004 9.42166645607601 9.56499978620559 9.58666645238797 9.70499978307635 9.64749978436157 8.90166646769891 9.31499979179353 9.8933331122001 9.63166645138214 8.9249998005107 8.93999980017543 9.02999979816377 8.84249980235472 8.62499980721623 8.2824998148717 7.60999982990324 7.51249983208254 8.51166647641609 8.44833314449837 7.894999823533 7.88499982375652 7.85499982442707 8.31999981403351 7.63499982934445 7.72249982738867 7.22499983850867 7.22499983850867 7.44499983359128 6.66499985102564
-9999 -9999 -9999 -9999 -9999 9.2149997940287 9.3124997918494 9.23249979363754 9.39749978994951 9.55249978648499 9.53249978693202 9.17249979497865 9.32249979162589 9.4449997888878 9.37749979039654 9.26249979296699 9.39499979000539 9.54499978665262 9.51666645395259 9.59166645227621 9.57166645272324 9.53666645350556 9.46999978832901 9.45499978866428 9.46999978832901 9.43999978899956 9.42999978922307 9.37833312371125 9.21333312739929 9.03999979794025 9.5783331192409 9.40333312315246 9.35666645752887 9.50999978743494 9.49249978782609 9.03166646479318 9.28999979235232 9.65999978408217 8.88699980136007 7.44799983352423 7.92699982281774 8.0649998197332 8.04999982006848 7.95249982224777 8.07999981939793 8.39999981224537 8.34499981347471 8.08499981928617 7.64749982906505 7.60833316327383 8.28499981481582 8.24499981570989 7.99499982129782 8.01499982085079 8.45999981090426 8.42499981168658 8.38999981246889 8.33499981369823 8.31999981403351 7.62249982962385 7.48499983269721 7.35249983565882
-9999 -9999 -9999 -9999 -9999 9.3724997905083 9.40749978972599 9.50749978749081 9.53749978682026 9.43499978911132 9.19249979453161 9.32249979162589 9.14749979553744 9.20999979414046 9.48499978799373 9.28166645920525 9.28833312572291 9.48499978799373 9.50166645428787 9.57333311935266 9.63999978452921 9.50999978743494 9.46499978844076 9.43499978911132 9.37999979034066 9.68999978341162 9.80499978084117 9.45833312192311 8.94166646680484 9.55999978631735 9.28666645909349 9.10333312985798 9.27333312605818 9.34999979101121 9.18999979458749 9.88249977910891 8.77749980380759 7.89833315679183 8.02999982051551 8.17499981727451 8.78499980363995 6.96499984432012 7.69499982800335 7.76999982632697 7.39499983470887 7.40749983442947 7.40249983454123 7.78999982587993 6.80749984784052 6.88499984610826 8.53333314259847 8.40499981213361 8.37499981280416 8.55999980866909 8.54999980889261 8.37499981280416 8.3799998126924 8.33499981369823 7.59999983012676 7.76499982643872 7.67999982833862 7.77499982621521
-9999 -9999 -9999 -9999 -9999 9.38749979017302 9.16749979509041 9.30249979207292 9.43749978905544 9.49749978771433 9.37499979045242 9.39999978989363 9.41999978944659 9.27749979263172 9.10749979643151 9.6383331178998 9.63749978458509 9.47666645484666 9.52666645372907 9.24166646009932 9.1666664617757 9.66499978397042 9.57999978587031 9.60999978519976 9.59499978553504 9.70499978307635 9.71999978274107 9.74999978207052 9.59499978553504 9.55999978631735 9.75499978195876 9.62333311823507 9.65499978419393 9.68333311689397 9.40333312315246 9.30666645864646 9.26666645954053 8.9733331327637 9.3366664579759 8.77999980375171 8.01999982073903 8.04499982018024 7.71749982750043 7.75749982660636 7.40249983454123 7.3749998351559 7.87499982398003 7.95249982224777 7.7285712558244 7.85499982442707 5.73499987181276 8.65499980654567 8.72999980486929 8.77499980386347 8.55499980878085 8.55499980878085 7.70499982777983 8.22999981604517 8.22999981604517 7.23749983822927 7.6649998286739 7.61999982967973
