EcologicalScience/Bass/data/rs_data_bass/sst_294.asc
NCOLS 226 
NROWS 124 
XLLCORNER -9.41648524995501 
YLLCORNER 47.587301625531 
CELLSIZE 0.0833 
NODATA_value -9999 
[rows 54 to 80 of 124, columns 0 to 61 of 226]
-9999 -9999 -9999 -9999 -9999 -9999 -9999 -9999 -9999 -9999 -9999 -9999 -9999 -9999 -9999 -9999 -9999 -9999 -9999 -9999 -9999 -9999 -9999 -9999 -9999 -9999 -9999 -9999 -9999 -9999 -9999 -9999 -9999 -9999 -9999 -9999 -9999 -9999 13.825627712853 10.8419141089544 10.4026383135933 10.8426312939264 11.3584665850503 9.82566300360486 10.1855105633149 10.1957304491661 9.76792961335741 9.73260825348552 9.6521042403765 10.0185857610777 10.1799523797818 10.2502365070395 9.95690785348415 10.390087576583 10.3183690793812 10.2753379810601 10.508423096966 10.6497085364535 12.0563913659119 -9999 -9999 13.6496667119985
-9999 -9999 -9999 -9999 -9999 -9999 -9999 -9999 -9999 -9999 -9999 -9999 -9999 -9999 -9999 -9999 -9999 -9999 -9999 -9999 -9999 -9999 -9999 -9999 -9999 -9999 -9999 -9999 -9999 -9999 -9999 -9999 -9999 -9999 -9999 -9999 -9999 -9999 13.3749997010455 10.668176049483 11.106196771143 11.0801988159074 11.18419063685 11.0337610889692 9.90562912798487 9.61839654669166 9.43479719385505 9.32004759833217 9.313234341098 9.48751028929837 10.2201147382148 10.1677602352574 10.1677602352574 10.1548509057611 10.2882473105565 10.0974761079997 10.2158116283827 10.4557612290207 6.43588118505995 13.6649996945634 -9999 14.339999679476
-9999 -9999 -9999 -9999 -9999 -9999 -9999 -9999 -9999 -9999 -9999 -9999 -9999 -9999 -9999 -9999 -9999 -9999 -9999 -9999 -9999 -9999 -9999 -9999 -9999 -9999 -9999 -9999 -9999 -9999 -9999 -9999 -9999 -9999 -9999 -9999 -9999 -9999 -9999 11.7462843586691 11.0454153447645 11.0176244270988 10.8777733575553 9.88841668865643 10.1460653898539 9.33761863014661 9.4606158528477 9.31933041336015 9.37132632383145 9.64708394557238 9.80450604693033 10.3721579522826 10.2817926458083 10.2753379810601 10.3542283279821 10.1261635068804 10.2839442007244 10.5525299727451 11.0445188635495 6.47252031059631 -9999 -9999
-9999 -9999 -9999 -9999 -9999 -9999 -9999 -9999 -9999 -9999 -9999 -9999 -9999 -9999 -9999 -9999 -9999 -9999 -9999 -9999 -9999 -9999 -9999 -9999 -9999 -9999 -9999 -9999 -9999 -9999 -9999 -9999 -9999 -9999 -9999 -9999 -9999 -9999 -9999 -9999 11.0074045412475 10.3334299637936 10.068788709119 9.54165775468573 9.59472944261506 9.32757804053836 9.26805168786086 9.27629931503907 9.50974302343093 9.60584580968134 9.72202977514826 9.83391063078307 9.90562912798487 10.469695108477 10.4151890506037 10.5249183513224 10.2176045908127 10.5267113137525 11.0613727103919 11.425702676177 12.8432187733706 -9999
-9999 -9999 -9999 -9999 -9999 -9999 -9999 -9999 -9999 -9999 -9999 -9999 -9999 -9999 -9999 -9999 -9999 -9999 -9999 -9999 -9999 -9999 -9999 -9999 -9999 -9999 -9999 -9999 -9999 -9999 -9999 -9999 -9999 -9999 -9999 -9999 -9999 -9999 -9999 -9999 10.985888992087 10.6113391404506 10.4008453511633 9.93539230432361 9.35518966196105 9.38064972846769 9.63238165364601 9.57213811599649 9.51440472574905 9.75502028386109 9.48248999449424 9.39965513022617 9.10202336683869 9.85004729265347 10.5622119698673 10.0824152235873 10.4202093454078 10.6134906953666 10.9416028200649 11.5225226473995 12.0711691509932 16.4699996318668
-9999 -9999 -9999 -9999 -9999 -9999 -9999 -9999 -9999 -9999 -9999 -9999 -9999 -9999 -9999 -9999 -9999 -9999 -9999 -9999 -9999 -9999 -9999 -9999 -9999 -9999 -9999 -9999 -9999 -9999 -9999 -9999 -9999 -9999 -9999 -9999 -9999 -9999 -9999 6.10499986354262 12.2841730876826 10.7230406998424 9.51332894829102 9.59401225764304 9.32901241048239 9.71414074045606 9.52157657546923 9.6399120958522 9.92033141991124 9.73888362199068 9.30964841623791 9.41579179209657 9.24617754621431 8.41352579370141 9.78048035036772 10.0031662841793 10.070223079063 10.9294106755406 10.9276177131105 12.3309950208558 -9999 -9999
-9999 -9999 -9999 -9999 -9999 -9999 -9999 -9999 -9999 -9999 -9999 -9999 -9999 -9999 -9999 -9999 -9999 -9999 -9999 -9999 -9999 -9999 -9999 -9999 -9999 -9999 -9999 -9999 -9999 -9999 -9999 -9999 -9999 -9999 -9999 -9999 -9999 -9999 -9999 11.6823114591651 10.8351008517202 10.0941292447969 10.388653206639 10.0207373159938 9.82960752095096 9.66716512478888 9.6399120958522 9.5681935986504 9.50830865348689 7.64793083607219 9.47890406963415 9.72705006995238 9.76900539081544 9.88985105860047 10.1064409201499 10.1448103161529 10.2964949377347 14.1849996829405 8.47265155657471 13.0092470943928 12.580729073612 12.6173055071849
-9999 -9999 -9999 -9999 -9999 -9999 -9999 -9999 -9999 -9999 -9999 -9999 -9999 -9999 -9999 -9999 -9999 -9999 -9999 -9999 -9999 -9999 -9999 -9999 -9999 -9999 -9999 -9999 -9999 -9999 -9999 -9999 -9999 -9999 -9999 -9999 -9999 -9999 -9999 10.6868228587555 10.3606829927303 11.066751597682 8.60573136620224 9.95780433469918 9.658797966782 9.69907985604368 8.13095491472632 8.81622515548952 9.6879634889774 9.49934384133667 9.59903255244717 9.56317330384627 9.64313942822628 9.90957364533097 9.9149525326211 10.2120822665282 10.508960985695 11.7833389155567 12.1615344574675 12.3953367583454 11.8352152951993 17.6953337015584
-9999 -9999 -9999 -9999 -9999 -9999 -9999 -9999 -9999 -9999 -9999 -9999 -9999 -9999 -9999 -9999 -9999 -9999 -9999 -9999 -9999 -9999 -9999 -9999 -9999 -9999 -9999 -9999 -9999 -9999 -9999 -9999 -9999 -9999 -9999 -9999 -9999 -9999 14.1717792035177 10.3876969600096 10.5304765348556 9.31861322838813 9.89774009329267 7.98178044054657 8.35113070113584 10.0530106397346 7.36249121720903 8.60895869857632 9.31717885844409 9.59903255244717 9.66465497738682 9.70553452079184 9.85721914237365 9.92786186211742 9.9708929604385 11.1775566758588 10.6909466723446 10.867732767947 12.1397798466496 11.8968932027929 12.0184560555499 12.1511352753732
-9999 -9999 -9999 -9999 -9999 -9999 -9999 -9999 -9999 -9999 -9999 -9999 -9999 -9999 -9999 -9999 -9999 -9999 -9999 -9999 -9999 -9999 -9999 -9999 -9999 -9999 -9999 -9999 -9999 -9999 -9999 -9999 -9999 -9999 -9999 -9999 -9999 -9999 10.5299386461265 10.2857371631544 10.4130374956876 10.0013733217493 9.90544983174186 9.67612993693911 7.64470350369811 9.22502058953978 7.32734915358014 9.57177952351049 9.56317330384627 9.56604204373434 9.66608934733085 10.8541062534787 9.85040588513948 10.0461973825004 10.2136600734666 10.2495193220675 10.6773201578762 11.0308923490811 11.4511627426837 12.1260338013526 11.6946470406838 12.1604586800095
-9999 -9999 -9999 -9999 -9999 -9999 -9999 -9999 -9999 -9999 -9999 -9999 -9999 -9999 -9999 -9999 -9999 -9999 -9999 -9999 -9999 -9999 -9999 -9999 -9999 -9999 -9999 -9999 -9999 -9999 -9999 -9999 -9999 -9999 -9999 -9999 -9999 15.6548253647432 10.4159062355757 10.0601824894547 9.86654254700989 9.87174213805702 10.6385921693873 9.54596086451784 9.44412059849128 9.27319151349366 9.5165562806651 9.55277412175201 9.57500685588457 9.51548050320707 9.66286201495677 9.92176578985527 10.0752433738671 10.2179631832987 10.4209265303798 11.4956282109488 11.4041871270165 11.5293359046336 11.6720557140652 11.6982329655439 11.7394711014349 12.0901745527517
-9999 -9999 -9999 -9999 -9999 -9999 -9999 -9999 -9999 -9999 -9999 -9999 -9999 -9999 -9999 -9999 -9999 -9999 -9999 -9999 -9999 -9999 -9999 -9999 -9999 -9999 -9999 -9999 -9999 -9999 -9999 -9999 -9999 -9999 -9999 -9999 -9999 10.9415003650689 10.5194199332036 10.4280983801 10.5446409380529 10.3811227644328 9.78872797754593 9.64977338921744 10.0269529190846 9.32865381799638 9.39069031807594 9.60154269984923 9.71306496299803 9.68617052654736 9.6442152056843 9.82028411631472 9.92391734477133 10.3965422413312 10.5568330825772 10.8716772852931 11.3884090576321 11.2765282019973 11.3934293524362 11.3876918726601 11.6774346013553 11.5608920434024
-9999 -9999 -9999 -9999 -9999 -9999 -9999 -9999 -9999 -9999 -9999 -9999 -9999 -9999 -9999 -9999 -9999 -9999 -9999 -9999 -9999 -9999 -9999 -9999 -9999 -9999 -9999 -9999 -9999 -9999 -9999 -9999 -9999 -9999 -9999 7.29950203858455 11.6610289951204 10.191427339334 10.2832270157523 10.2705567479134 10.5414136056788 10.3778954320587 10.2803582758643 10.2719911178574 10.1738563075196 10.2717520562001 10.1620227554813 10.0992690704297 9.61696217674762 9.65497298026457 9.6757713444531 9.66035186755471 9.98236791999079 10.1440931311809 10.3072527123149 10.9387340801768 11.303781230934 11.2277596239001 11.2779625719413 11.5006485057529 11.6049989191815 11.9926373965573
-9999 -9999 -9999 -9999 -9999 -9999 -9999 -9999 -9999 -9999 -9999 -9999 -9999 -9999 -9999 -9999 -9999 -9999 -9999 -9999 -9999 -9999 -9999 -9999 -9999 -9999 -9999 -9999 -9999 -9999 -9999 -9999 -9999 -9999 -9999 16.0738980106544 11.5104739398696 10.3563798828982 10.4241538627539 10.188737895689 10.706366149243 10.2211905156728 10.3000808625948 10.5932899853215 10.586596258916 9.97985777258873 9.98021636507474 9.90742209041491 9.77761161047965 9.78083894285373 9.87299721175805 9.92320015979931 10.0741675964091 10.2484435446095 10.5399792357348 10.588747813832 10.9265419356525 11.2811899043154 11.3769340980798 11.4343088958412 11.7279961418826 12.0378200497944
-9999 -9999 -9999 -9999 -9999 -9999 -9999 -9999 -9999 -9999 -9999 -9999 -9999 -9999 -9999 -9999 -9999 -9999 -9999 -9999 -9999 -9999 -9999 -9999 -9999 -9999 23.8449994670227 23.8449994670227 -9999 8.53240974965122 11.1650123587502 11.7772667494602 11.7254859944806 10.1663376708274 14.8782311314717 13.096410682242 10.7142551839352 10.4420834870543 10.6846115384251 10.5703400662169 10.6150445961393 10.2248959713615 9.96240627160296 10.5316120777279 10.4750739957672 10.2061296312604 10.2921918279026 8.68820763798431 8.79004790401086 9.85148166259751 9.99276710208505 10.0949659605976 10.2552568018436 10.3976180187892 10.4872661402915 10.7737815366127 10.3657032875344 11.1761223059148 11.4213995663449 11.5296944971196 11.503875838127 12.342802959145
-9999 -9999 -9999 -9999 -9999 -9999 -9999 -9999 -9999 -9999 -9999 -9999 -9999 -9999 -9999 -9999 -9999 -9999 -9999 -9999 -9999 -9999 11.5470460917411 16.5858485498466 11.8287606304511 12.6137195823248 11.064958635252 11.6241238517687 11.3759778514504 11.3943855990656 9.81825209222734 11.3829106395133 11.3116702656262 10.6981185220648 10.4978446186287 10.1401486138348 10.5261734250234 10.4160855318187 10.2394787324592 10.0083658752264 10.1184537684312 10.6740928255022 10.6418195017613 9.65031127794646 9.67505415948108 9.61552780680358 9.56209752638824 9.57679981831461 10.4319233666174 9.80450604693033 10.1315423941705 10.189634376904 10.3617587701883 10.4001281661913 10.5991469959263 10.7791604239028 11.0714133000001 11.1553239417262 11.4974211733788 15.4099996555597 -9999 -9999
-9999 -9999 -9999 -9999 -9999 -9999 -9999 -9999 -9999 -9999 -9999 -9999 -9999 -9999 -9999 -9999 -9999 -9999 -9999 -9999 -9999 14.4622638477013 12.1756390952505 19.8382823979482 19.2989592989907 19.3341013626195 18.0747245517559 11.5759529278148 11.6069114124402 11.4178136414848 10.9806894010399 11.4168573948555 10.9437543749809 11.2521439129487 11.2553712453227 10.268883316312 9.88841668865643 10.2057710387744 10.0476317524444 10.0218130934518 9.79984434461221 9.93539230432361 10.0540864171926 9.74677265668288 9.65855890512466 9.60082551487722 9.79876856715418 9.85291603254154 9.89774009329267 9.83677937067114 9.9587008159142 10.2043366688304 10.4506897067185 10.4169820130337 10.7777260539588 14.6697241383907 15.1399996615946 -9999 -9999 -9999 -9999 -9999
-9999 -9999 -9999 -9999 -9999 -9999 -9999 -9999 -9999 -9999 -9999 -9999 -9999 -9999 -9999 -9999 -9999 6.88018432352692 13.8760368515737 14.3855250556953 13.821165681351 12.4971770243719 12.3374838372692 17.0362407122739 17.2736289380118 11.2550126528367 16.4761192491278 16.5987578793429 16.4373912606388 11.7183141447604 11.7717444251757 11.8111895986367 11.4970625808928 11.7785576824099 11.3085624640808 10.2548982093576 10.1272392843384 10.2168874058407 10.4829630304594 10.4557100015227 9.66824090224691 9.79912715964019 9.96085237083025 10.0368739778642 9.71521651791409 9.62090669409372 9.8392895180732 8.45512252207845 10.0417747418396 9.77797020296566 10.0522934547625 11.2942187646404 13.4399996995926 -9999 -9999 -9999 -9999 -9999 -9999 -9999 -9999 -9999
-9999 -9999 -9999 -9999 -9999 -9999 -9999 -9999 -9999 -9999 -9999 -9999 -9999 -9999 -9999 -9999 -9999 12.9102755682543 12.2260811049491 15.8148747049272 15.7847529361024 16.0199896069244 16.0809503295459 16.5449690064415 16.3749961680733 16.4725333242677 15.5437787855044 16.3355509946123 16.4703817693517 16.605212544091 16.7271339893341 16.4660786595196 16.3678243183531 15.925321190618 11.3887676501181 10.9372997102328 10.6895123024005 10.7181997012813 10.6310617271811 10.7117450365331 10.4765083657112 11.0152338105254 10.2896816805005 11.2079175063409 9.97591325524263 9.77474287059158 10.0942487756256 10.1694336668588 10.3138866733061 11.9624178297818 11.776836438477 14.0849996851757 -9999 -9999 -9999 -9999 -9999 -9999 -9999 -9999 -9999 -9999
-9999 -9999 -9999 -9999 -9999 -9999 -9999 -9999 -9999 -9999 -9999 -9999 -9999 13.855320451382 15.6147800977342 15.6377300168388 15.7223578435369 15.6298409821466 15.5122226467356 15.5100710918196 15.7094485140406 15.6994079244323 15.884441647213 15.9367961501703 16.1031830636784 16.1576891215518 16.2358622835018 16.2774590118788 16.2150639193133 16.2903683413751 16.3097323356196 16.1576891215518 16.2301248037256 15.4598681437783 15.3953214962967 11.0391399762593 11.0950804040767 10.787408051081 10.6902294873726 10.826853224542 10.8619952881709 9.30785545380786 10.2452162122354 10.2595599116758 10.4664677761029 9.82279426371679 9.871204249328 10.1132541773841 10.1670430502854 10.1591540155932 11.0611336487345 11.2148502944037 15.954999643378 -9999 -9999 -9999 -9999 -9999 -9999 22.9544203648676 -9999 -9999
-9999 -9999 -9999 -9999 -9999 -9999 -9999 -9999 -9999 -9999 18.9799806661701 12.195003089495 12.2064780490473 15.370220022276 15.3149967794307 15.3085421146825 15.3881496465765 15.3465529181994 15.3910183864646 15.2949156002142 15.44982755417 15.6542252711952 15.6312753520906 16.1125064683147 16.0149693121202 15.7510452424176 15.7123172539286 16.0250099017285 15.885158832185 16.0164036820643 16.0207067918964 14.4185155644082 15.4146854905412 15.1443067560904 15.1364177213982 11.2621845025569 10.6651280133519 11.0430844936054 10.9692144414876 11.2783211644273 10.626400024863 10.7615893920884 10.5302972386125 10.2907574579585 9.82602159609087 9.77079835324548 9.98810539976694 9.94184696907178 9.93539230432361 10.1460056244396 10.8977241395041 15.4677721198241 7.32087093166137 -9999 -9999 -9999 17.3425518774656 12.1579485326074 11.9506820756942 12.7759570684949 12.7279312891187 17.7899996023625
-9999 -9999 -9999 -9999 -9999 -9999 -9999 20.6329670463869 13.0868134075203 12.0543153041508 11.9934741123579 15.3852809066884 15.3838465367444 15.5193944964558 15.4821008779109 15.4362010397017 15.4921414675191 15.5050507970154 15.5459303404205 15.6850642249919 15.886593202129 15.9583116993308 16.0214239768684 15.9927365779877 15.7331156181172 15.6893673348241 15.5459303404205 15.5523850051686 15.7582170921378 15.688650149852 15.5394756756723 13.5048219100572 14.294442564249 14.6365397959016 11.0377056063153 11.104045216227 11.0778679647483 11.4163792715408 11.2159260718618 10.9649113316555 10.7719885741826 10.4765083657112 10.5934095161501 10.2925504203886 11.4199651964009 10.4592959263828 10.148037648527 10.1717047526035 10.1860484520439 10.3674962499645 10.3420361834578 10.5048371721059 12.3112777335216 9.24662578682182 10.9745933287777 11.1699067028239 11.465147849638 11.6599831003696 11.6788689712994 11.8031810331158 11.6128879538737 18.0482806545826
-9999 -9999 -9999 -9999 -9999 12.0643558937591 14.7096926630475 14.7276222873479 14.6652271947823 14.9650105130859 14.9836573223583 15.1048615826294 15.329340478871 15.446958814282 15.5394756756723 15.5896786237136 15.4899899126031 15.6233863173984 15.6807611151598 15.7180547337048 15.7517624273896 15.7926419707946 15.806268485263 15.5774864791892 15.4971617623232 15.6334269070067 15.6298409821466 15.6319925370626 15.5459303404205 15.5452131554484 15.4584337738343 15.3257545540109 15.2396923573688 15.3071077447385 11.3102358956821 11.2073198521975 11.2535782828927 11.70397044532 11.4780571791343 11.3503982541151 10.8125095251016 10.9240317882504 10.6360820219852 12.0403301971965 10.4990996923298 10.4650334061589 10.5242011663504 10.868091360433 10.8250602621119 10.9433957824949 10.9889370282181 10.8056962678675 10.7146137764212 12.4297616370022 10.4499725217465 12.4426709664986 10.746887100162 10.825418854598 10.8788491350133 11.0506149358116 11.0635242653079 11.4307229709812
-9999 -9999 -9999 -9999 -9999 14.6429944606498 14.2851191596128 14.7649159058928 14.7885830099694 14.7936033047736 14.8287453684025 15.011627536267 14.9987182067707 14.9678792529739 15.0869319583289 15.1213568369858 15.2023987388238 15.2045502937399 15.2640766464174 15.4985961322673 15.6154972827062 15.606891063042 15.4699087333865 15.4032105309889 15.3651997274719 15.4455244443379 15.5043336120434 15.4907070975751 15.366634097416 15.2992187100463 15.3035218198784 15.1400036462583 15.1902065942995 14.6293679461814 11.4622791097499 11.821230188245 11.1169545457233 11.5343561994378 11.8269676680211 11.8667714339681 11.6049989191815 11.2048097047955 12.1902218563482 11.0796609271783 12.8701132098213 9.84144107298926 11.0968733665068 11.1277123203035 10.945188744925 10.9358653402887 10.9182943084743 10.7770088689867 10.788483828539 10.7303918458056 11.0072252450045 10.667279568268 10.0132068737876 10.188558599446 10.9150669761002 10.5546815276612 10.5844447039999 10.8974959442858
-9999 -9999 -9999 -9999 -9999 12.7324136951938 12.7428128772881 12.140736093279 12.4638279231731 14.8366344030946 12.6642811228521 15.0948209930211 14.8703420967795 12.3081987842452 14.9772026576102 14.8875545361079 14.9226965997368 15.0073244264349 15.1263771317899 15.1658223052509 15.1801660046913 15.1737113399431 15.1005584727973 15.4526962940581 15.4240088951774 15.4218573402613 14.5174870905466 14.4170811944641 15.4727774732746 15.2712484961376 15.2655110163614 15.1435895711184 15.127811501734 15.2805719007738 15.1357005364262 11.9682531075086 11.7907498269342 11.9564195554703 11.6422925377265 12.0152287231758 11.9366969687399 11.9219946768135 11.2912304939236 11.0979491439648 13.5801263321191 11.3937879449222 11.4009597946424 11.3683278784156 11.3970152772963 11.2715079071932 11.1725363810547 10.8451414413285 12.1601000875235 10.7002700769808 10.5948438860942 11.8122653760947 10.3940320939291 10.1451689086389 10.3778954320587 9.1701559391804 8.68964200792834 10.6722998630721
-9999 -9999 -9999 -9999 -9999 12.859714027727 12.8256477415562 12.6961958541069 12.6814935621805 12.8493148456328 12.6857966720127 12.619098469615 12.6323663915973 12.4767372526694 14.7749564955011 14.7749564955011 14.7498550214805 14.690328668803 12.5108035388403 14.9097872702405 14.7900173799135 14.8746452066116 14.8724936516955 15.2561876117252 15.1751457098871 15.3989074211568 15.3479872881435 15.4175542304292 15.2690969412215 15.1665394902229 15.1600848254748 15.0001525767148 15.0568101895042 14.9872432472184 14.9764854726382 11.8997619426809 11.7229758470785 11.8524277345277 11.9951475439593 12.2153233303688 12.0374614573084 11.9980162838474 11.9779351046309 13.455336146988 13.4503158521838 11.7674413153436 13.9222235637717 11.4726782918442 12.4835505099036 11.3661763234995 11.3116702656262 11.3766950364225 12.1149174342863 12.5703298915178 12.5201269434765 12.3501541051082 10.5647221172694 10.507347319508 9.8751487666741 10.7454527302179 10.7504730250221 10.7454527302179
-9999 -9999 -9999 -9999 -9999 13.0558641175739 12.936811412219 12.9364528197329 11.1201818780974 12.8227790016681 12.9077654208522 12.8001876750495 12.5846735909581 12.5337534579448 12.5201269434765 12.4043015704956 12.2906277524307 12.2866832350846 12.2920621223748 12.3992812756915 14.6853083739989 14.6652271947823 14.7677846457809 14.6853083739989 14.8990294956602 15.0704367039725 15.1859034844674 15.209570588544 15.2124393284321 15.168691045139 14.9657276980579 14.9456465188414 14.9872432472184 14.9807885824703 14.9929807269946 12.2314599922393 11.9664601450786 11.8262504830491 11.8803979484364 11.9969405063894 12.0048295410816 11.9327524513938 11.9886928792112 11.9560609629843 12.020966202952 12.0912503302097 12.0306482000742 13.0852687014267 12.9282051925547 11.7972044916824 13.1498153489083 11.6261558758561 10.7902767909691 10.6902294873726 10.7049317792989 10.7838221262209 10.6428952792194 10.7264473284595 10.708159111673 10.7899181984831 11.0484633808956 11.1018936613109
