EcologicalScience/Bass/data/rs_data_bass/sst_519.asc
NCOLS 226 
NROWS 124 
XLLCORNER -9.41648524995501 
YLLCORNER 47.587301625531 
CELLSIZE 0.0833 
NODATA_value -9999 
[rows 0 to 26 of 124, columns 0 to 61 of 226]
-9999.000000000000000 -9999 -9999 -9999 -9999 -9999 -9999 -9999 -9999 -9999 -9999 -9999 -9999 -9999 -9999 -9999 -9999 -9999 -9999 -9999 -9999 -9999 -9999 -9999 -9999 -9999 -9999 -9999 -9999 -9999 -9999 -9999 -9999 -9999 -9999 -9999 -9999 -9999 -9999 -9999 -9999 -9999 -9999 -9999 -9999 -9999 -9999 -9999 -9999 -9999 -9999 -9999 -9999 -9999 -9999 -9999 -9999 -9999 -9999 -9999 -9999 -9999
-9999 -9999 -9999 -9999 -9999 -9999 -9999 -9999 -9999 -9999 -9999 -9999 -9999 -9999 -9999 -9999 -9999 -9999 -9999 -9999 -9999 -9999 -9999 -9999 -9999 -9999 -9999 -9999 -9999 -9999 -9999 -9999 -9999 -9999 -9999 -9999 -9999 -9999 -9999 -9999 -9999 -9999 -9999 -9999 -9999 -9999 -9999 -9999 -9999 -9999 -9999 -9999 -9999 -9999 -9999 -9999 -9999 -9999 -9999 -9999 -9999 -9999
-9999 -9999 -9999 -9999 -9999 -9999 -9999 -9999 -9999 -9999 -9999 -9999 -9999 -9999 -9999 -9999 -9999 -9999 -9999 -9999 -9999 -9999 -9999 -9999 -9999 -9999 -9999 -9999 -9999 -9999 -9999 -9999 -9999 -9999 -9999 -9999 -9999 -9999 -9999 -9999 -9999 -9999 -9999 -9999 -9999 -9999 -9999 -9999 -9999 -9999 -9999 -9999 -9999 -9999 -9999 -9999 -9999 -9999 -9999 -9999 -9999 -9999
-9999 -9999 -9999 -9999 -9999 -9999 -9999 -9999 -9999 -9999 -9999 -9999 -9999 -9999 -9999 -9999 -9999 -9999 -9999 -9999 -9999 -9999 -9999 -9999 -9999 -9999 -9999 -9999 -9999 -9999 -9999 -9999 -9999 -9999 -9999 -9999 -9999 -9999 -9999 -9999 -9999 -9999 -9999 -9999 -9999 -9999 -9999 -9999 -9999 -9999 -9999 -9999 -9999 -9999 -9999 -9999 -9999 -9999 -9999 -9999 -9999 -9999
-9999 -9999 -9999 -9999 -9999 -9999 -9999 -9999 -9999 -9999 -9999 -9999 -9999 -9999 -9999 -9999 -9999 -9999 -9999 -9999 -9999 -9999 -9999 -9999 -9999 -9999 -9999 -9999 -9999 -9999 -9999 -9999 -9999 -9999 -9999 -9999 -9999 -9999 -9999 -9999 -9999 -9999 -9999 -9999 -9999 -9999 -9999 -9999 -9999 -9999 -9999 -9999 -9999 -9999 -9999 -9999 -9999 -9999 -9999 -9999 -9999 -9999
-9999 -9999 -9999 -9999 -9999 8.64087342983112 9.10256125556771 8.39434109569993 9.14648883510381 9.13124865444843 8.85889766132459 8.00712097622454 7.76710307225585 8.07501448690891 7.99445070838556 7.67171747097746 7.52278205845505 7.81634977366775 7.95572271989658 7.58732870593667 7.57011626660824 7.38364817388356 6.46565140970051 7.80678730737418 10.4535747462651 11.0549997529015 10.7409048667843 7.59402243234217 7.38747316040099 7.40229498315603 7.12474439898506 7.09031952032819 7.08999984152615 -9999 12.3249997245148 -9999 -9999 12.2299997266382 -9999 9.87784538216889 11.8666279969737 6.04783993600202 11.0849997522309 -9999 -9999 -9999 -9999 -9999 -9999 -9999 -9999 -9999 -9999 -9999 -9999 -9999 -9999 -9999 -9999 -9999 -9999 -9999
-9999 -9999 -9999 -9999 -9999 8.94209111807868 8.61481570918113 8.44412568584085 8.66860458208248 9.13985487411264 8.59688608488068 8.85405666276347 8.28491062205285 8.15438295714557 8.10370188578963 8.25090410129633 7.72407197393477 7.61673328978941 7.77523116860539 7.8075044923462 7.52995390817523 7.63968320889398 7.7783389701508 7.75676365557592 13.2649997035041 12.5895504487678 8.04298022482544 7.65952532645315 7.63609728403389 8.08935818634927 7.77391632949002 7.55792412208393 10.4420386629936 12.7749602090744 10.7546326978598 11.0499997530133 12.0099997315556 -9999 -9999 10.6537657542952 10.8499997574836 7.55925603703197 6.34080145915505 9.22322762710974 12.6227547067272 12.4049997227266 -9999 -9999 -9999 -9999 -9999 -9999 -9999 -9999 -9999 -9999 -9999 -9999 -9999 -9999 -9999 -9999
-9999 -9999 -9999 -9999 -9999 9.09987181192264 8.71665597520769 8.6535436976701 8.73888870934024 8.31431520590559 8.71761222183704 9.14003417035565 8.57608772069216 7.72287666564807 8.01620531920344 8.12545649660751 7.99564601667225 7.98249762551859 7.95596178155392 7.68486586213112 7.59019744582474 7.59354430902749 7.5328226480633 7.51489302376285 11.2849997477606 11.8849997343495 7.97269609756768 7.706620472949 7.82854191819206 7.74415315315127 7.64087851718068 7.48775952565484 7.62513459946162 7.32645267236512 7.19646289618686 11.7049997383729 -9999 12.3099997248501 12.0549997305498 -9999 12.5099997203797 11.8521408605389 7.41281369607896 7.08262173496187 11.2549997484311 -9999 -9999 -9999 -9999 -9999 -9999 -9999 -9999 -9999 -9999 -9999 -9999 -9999 -9999 -9999 -9999 -9999
-9999 -9999 -9999 -9999 -9999 8.89475690992549 8.77666045119986 9.14864039001986 9.22699284821283 8.91149122593924 8.90479749953374 8.52994882082567 8.7118747420609 8.16286964598112 8.16107668355107 7.92775250598788 7.72455009724945 7.76590776396915 8.02744121709839 7.33774833567441 7.41950742248446 7.35137485014275 7.55123039567843 8.30506301112473 13.1149997068569 8.25454979157075 8.27959150017705 8.19119845237583 7.92655719770119 7.72287666564807 7.79531234782189 7.89428387396038 7.85985899530351 7.58278653444722 7.55816318374127 7.77523116860539 13.7353251600638 12.8599997125566 -9999 -9999 -9999 -9999 -9999 -9999 -9999 -9999 9.33499979134649 -9999 -9999 -9999 -9999 -9999 -9999 -9999 -9999 -9999 -9999 -9999 -9999 -9999 -9999 -9999
-9999 -9999 -9999 -9999 -9999 9.06114382343367 8.59784233151004 9.11511199257802 9.05110323382542 9.25532165460754 8.95213170768693 8.61950131766498 8.44316943921149 8.73267310624942 7.47473066532984 7.54501479258761 7.85089418315329 7.97532577579841 8.13406271627173 7.51489302376285 7.40014342823997 7.3972746883519 7.62988168094307 7.77774131600745 6.63203832320869 8.16717275581323 6.07980589475483 6.16515090642497 8.01692250417545 7.55075227236375 8.08397929905914 7.93731497228146 7.70709859626368 7.54949719866272 6.93469038140029 6.80487990146503 7.82160913012922 7.85914181033149 8.02750098251272 7.42775504966266 8.10908077307977 13.4199997000396 -9999 12.102820914425 12.4608782107882 12.784999714233 12.0949997296557 -9999 -9999 -9999 -9999 -9999 -9999 -9999 -9999 -9999 -9999 -9999 -9999 -9999 -9999 -9999
-9999 -9999 -9999 -9999 -9999 7.8141982187517 8.76494642999023 9.3612857342232 8.81323688477278 8.47400839300826 8.41926327347755 8.22036397457123 8.32124799396843 5.90086824423634 5.88509017485194 7.58589433599263 7.69562363671139 7.68056275229901 7.66263312799856 7.60525833023712 7.4051637230441 7.36284980969504 7.6494847368449 7.92377810593462 8.01333657931536 7.65689564822242 8.29841760569252 8.12521743495017 7.81037323223427 7.98052536684554 7.71379232266918 7.74510939978063 7.33487959578633 7.98799604363739 7.99373352341354 7.61332666117232 8.01142408605665 8.06634850183036 7.89643542887643 7.5247543171281 10.1324986407999 4.61136966454796 8.00589578523068 12.6050416441634 12.7349997153506 12.039999730885 -9999 -9999 -9999 -9999 -9999 -9999 -9999 -9999 -9999 -9999 -9999 -9999 -9999 -9999 -9999 -9999
-9999 -9999 -9999 -9999 -9999 7.95500553492457 8.09868159098551 8.24642169522122 8.65832493081689 8.99516280600801 8.18904689745978 8.39057587459683 8.52636289596558 7.51489302376285 8.17709381459281 8.15749075869098 8.23745688307099 7.7357859951444 7.7357859951444 7.55433819722384 8.30905584944412 8.33021280611865 10.2998961331323 7.91622973410413 8.24265647411812 7.87994017452002 8.01094596274197 7.67482527252287 8.04130679322407 6.45991392992437 7.27033294830471 7.53497420297936 7.90241197030991 7.93348998576403 7.96098207635805 7.56557409511879 8.23088268749416 8.07228918401524 8.07626956060994 7.9710226659663 7.55935849202797 7.17255673045292 12.1404492192902 13.0699997078627 -9999 -9999 12.2549997260794 -9999 -9999 -9999 -9999 -9999 -9999 -9999 -9999 -9999 -9999 -9999 -9999 -9999 -9999 -9999
-9999 -9999 -9999 -9999 -9999 8.47687713289633 8.58015176886693 8.47496463963762 8.42858667811379 8.56437369948253 7.72455009724945 8.07692698016763 8.19430625392124 7.9777163923718 7.97580389911309 8.24678028770722 7.93588060233742 8.1302377297543 7.66191594302654 7.59593492560089 7.48261970002204 7.2896969425492 7.43528549186885 7.80152795091271 7.65044098347425 8.19621874717996 7.74510939978063 7.79029205301777 8.26913255266845 7.9071932034567 7.95524459658191 7.4252449022606 8.43432415788993 8.88597139401827 8.76010543142911 8.14768923074007 7.86942146159708 7.62533950945362 8.07142856204882 7.61727117851842 7.51758246740792 8.11732840025797 7.70440915261861 10.2274424977115 -9999 12.1299997288734 -9999 -9999 -9999 -9999 -9999 -9999 -9999 -9999 -9999 -9999 -9999 -9999 -9999 -9999 -9999 -9999
-9999 -9999 -9999 -9999 -9999 8.64087342983112 8.90121157467365 8.39296649117023 7.95972700265702 7.73698130343109 8.34611040633172 8.2961465199478 7.92679625935853 7.90755179594271 7.70614234963432 7.70781578123569 7.76758119557053 6.96242153365165 7.61266924161464 7.01238542003557 7.83583329874091 7.86511835176498 7.71737824752927 7.78574988152832 8.28204188216478 8.3241167338565 8.32865890534595 8.73099967464805 6.77475813264027 6.89022491313517 7.89715261384845 8.41998045844957 8.29519027331844 8.18259223271161 8.13525802455842 8.0068819145672 7.59282712405547 7.49433372123167 7.50556961912662 8.20823159546126 8.38214895117562 6.14742619211652 13.0604113754816 12.929999710992 11.8749997345731 -9999 -9999 -9999 -9999 -9999 -9999 -9999 -9999 -9999 -9999 -9999 -9999 -9999 -9999 -9999 -9999 -9999
-9999 -9999 -9999 -9999 -9999 8.54692219849676 8.74749492900446 8.79793693870306 8.4967192504555 8.11493778368458 8.48620053753257 8.18713440420106 7.89392528147437 7.9284696909599 7.64613787364215 7.05015716189519 7.49983213935047 3.57467878749594 7.48429313162342 7.49194310465828 7.25670643383637 7.27893916796893 7.58517715102062 8.14338612090796 8.21725617302582 8.4250007532537 8.34467603638768 8.88638975191861 8.73267310624942 7.26531265350059 7.2301705898717 8.52875351253897 8.65139214275405 8.21988585125655 8.40491957403719 8.7475546944188 8.46982481400482 7.62663044240326 10.681025613565 7.75012969458476 10.5849997634068 -9999 -9999 -9999 -9999 -9999 -9999 -9999 -9999 -9999 -9999 -9999 -9999 -9999 -9999 -9999 -9999 -9999 -9999 -9999 -9999 -9999
-9999 -9999 -9999 -9999 -9999 9.35232092207298 8.4328897879459 8.33774324832484 8.62485629878938 8.32316048722714 8.22944831755012 8.12712992820889 7.97197891259566 7.59736929554492 8.18522191094235 7.39225439354777 7.5127414688468 7.5763916351134 3.91032135440037 3.53021331923082 7.6427910104394 4.79747916478664 7.37145602935925 7.37002165941522 8.10513625573367 7.32220932794735 8.29232153343037 8.70159509079531 8.59377828333527 7.15486616780981 8.56102683627978 7.3416928530205 8.55863621970639 7.96233675908297 9.53333217261926 8.23476743942592 8.20088044949807 7.75514998938888 12.1694697621579 10.0356834508106 7.61952234245837 10.5249997647479 -9999 -9999 -9999 -9999 -9999 13.2249997043982 13.2249997043982 -9999 -9999 -9999 -9999 -9999 -9999 -9999 -9999 -9999 -9999 -9999 -9999 -9999
-9999 -9999 -9999 -9999 -9999 8.03126620361581 8.71809034515172 8.70757163222879 9.20260855916422 8.3532822560519 8.09150974126533 8.16968290321529 7.79029205301777 7.38364817388356 3.29784538829699 6.77380188601092 7.58230841113254 7.52421642839909 7.08798866916914 7.52326018176973 7.3771935091354 7.68056275229901 7.61673328978941 7.86679178336635 8.85937578463927 8.64876246452332 8.43408509623259 7.91149631328881 8.12975960643962 7.21510970545933 8.4289452705998 8.02108217701316 8.05325987609103 8.27475050161593 7.66000344976783 7.97783592320047 7.97631190513493 12.1048290323466 -9999 -9999 -9999 -9999 -9999 -9999 -9999 -9999 -9999 -9999 -9999 -9999 -9999 -9999 -9999 -9999 -9999 -9999 -9999 -9999 -9999 -9999 -9999 -9999
-9999 -9999 -9999 -9999 -9999 8.63370158011094 8.65426088264212 8.78670104080811 9.21486046910286 8.41782890353352 7.64757224358618 8.74175744922832 7.78527175821364 7.7838373882696 3.52017272962257 3.85366374161094 4.37434003129601 6.8636890691705 6.85245317127556 7.57896154792979 7.57202875986695 8.47018340649083 8.64589372463524 8.69537948770449 8.6322672101669 8.26841536769643 8.50389110017568 8.44077882263809 5.99015777325258 8.38573487603571 8.26757865189575 7.75012969458476 7.5249336133711 7.92548142024316 5.73304696078412 7.77272102120332 7.27033294830471 7.66272277612006 9.06476093024906 9.78897247242276 11.6199997402728 -9999 -9999 -9999 -9999 -9999 -9999 -9999 -9999 -9999 -9999 -9999 -9999 -9999 -9999 -9999 -9999 -9999 -9999 -9999 -9999 -9999
-9999 -9999 -9999 -9999 -9999 9.09222183888778 8.26387319620699 9.00305184070021 9.33271786617115 9.00066122412682 7.70996733615175 7.67841119738296 7.6203192146495 7.87491987971589 8.06879888381809 7.4847712549381 3.15512557886541 7.41663868259639 7.59450055565685 8.21737570385449 8.33846043329686 7.52397736674175 7.48692280985415 8.18976408243179 8.68725139135495 8.23136081080884 8.20267341192812 8.14171268930659 7.93348998576403 7.61027862504125 7.74510939978063 7.63609728403389 7.69920956157148 5.63228247221559 5.70579393184744 5.96864222409204 6.8952452079393 7.63087207923776 7.81856963191448 12.6049997182563 -9999 -9999 -9999 13.0149997090921 7.41313244495541 12.2449997263029 -9999 -9999 -9999 -9999 -9999 -9999 -9999 -9999 -9999 -9999 -9999 -9999 -9999 -9999 -9999 -9999
-9999 -9999 -9999 -9999 -9999 7.84169030934572 8.38890244299546 8.08840193971992 9.2272916752845 9.08481092751026 8.0943784811534 8.18976408243179 8.43886632937938 8.00544754462317 7.64757224358618 7.63609728403389 7.70566422631964 7.80320138251409 7.9363587256521 8.06999419210479 8.21462649479508 8.32483391882852 7.87061676988378 8.5246894643642 8.33033233694732 8.7252621948719 7.9071932034567 7.80535293743014 4.79030731506646 8.7890916573815 8.11517684534192 7.85340433055535 7.81252478715032 7.4847712549381 5.58530685654841 3.74967192066833 8.31678550969809 7.79059088008944 7.86394143283654 7.65665658656508 7.40839105541818 7.43528549186885 7.58786659466568 7.67661823495291 7.67428738379385 13.0564473229358 13.1249997066334 -9999 -9999 -9999 -9999 -9999 -9999 -9999 -9999 -9999 -9999 -9999 -9999 -9999 -9999 -9999
-9999 -9999 -9999 -9999 -9999 8.80439160345122 9.35686309356242 9.15868097962812 8.94495985796675 9.07979063270614 9.10130618186668 9.06975004309788 9.0224158349447 8.3946399227716 8.88854130683467 9.06186100840569 9.04703918565065 8.99635811429471 8.46611935831606 7.72717977548018 8.92416149377823 8.70326852239668 8.28012938890606 7.55840224539861 8.54118471872061 8.33893855661154 8.64517653966323 8.6401562448591 5.94282356509939 8.76040425850078 8.18498284928501 7.72717977548018 7.59521774062887 8.48835209244862 7.76710307225585 7.80965604726225 7.41592149762437 7.51489302376285 6.98991362424567 7.00999480346218 7.54238511435688 7.20698160910979 7.57011626660824 7.3135433428688 8.91740485641027 10.364842665568 -9999 -9999 -9999 -9999 -9999 -9999 -9999 -9999 -9999 -9999 -9999 -9999 -9999 -9999 -9999 -9999
-9999 -9999 -9999 -9999 -9999 8.6972919809632 9.26936652697623 9.16848250757903 8.82518996763974 9.19095430336893 9.02958768466488 8.86750388098881 8.89977720472962 8.57991270720959 8.80821658996865 8.99062063451856 8.52110353950411 8.92774741863832 8.80415254179388 8.04489271808416 8.91173028759658 7.26818139338866 8.37981810001656 7.28013447625563 8.23996703047305 9.06425162497908 8.6200750656426 8.6602374240756 8.49982705200091 8.61385946255177 3.58973967190832 7.59521774062887 7.76590776396915 7.0587633815594 7.94878993183374 7.73865473503247 7.72215948067605 7.7625609007664 7.81993569852784 6.90098268771544 7.22562841838226 7.5328226480633 7.65785189485177 8.35937832831405 9.87309075762396 7.34468112373725 13.547104641451 -9999 -9999 -9999 -9999 -9999 -9999 -9999 10.9150669761002 -9999 -9999 -9999 -9999 -9999 -9999 -9999
-9999 -9999 -9999 -9999 -9999 9.09700307203457 9.54022338474169 9.20673237275332 9.35805840184912 8.71474348194897 8.74486525077373 8.87682728562504 8.68964200792834 8.18474378762767 6.8475524073001 6.68977171345614 8.97675505839288 8.51249731983989 8.68031860329211 8.33965574158356 9.31789604341611 8.80510878842324 8.78000731440261 8.80510878842324 9.08528905082494 9.08600623579696 7.98464918043464 8.97675505839288 8.84479302354157 8.63704844331369 8.49002552405 7.66478468291461 8.28108563553542 8.08864100137725 7.97915076231584 7.76877650385723 7.60023803543299 7.81682789698243 8.63843500092626 7.54573197755963 7.11757254926488 7.67841119738296 12.419565980373 9.94674253605468 8.84866833882896 7.38185521145351 11.2048097047955 -9999 11.412410848029 11.2149997493252 -9999 -9999 -9999 -9999 -9999 -9999 -9999 -9999 -9999 -9999 -9999 -9999
-9999 -9999 -9999 -9999 -9999 9.38029113598168 9.52803124021739 9.58684040792286 9.53329059667885 7.68271430721506 7.38902706117369 7.1383709134534 7.13263343367726 8.69968259753659 8.49528488051146 8.79004790401086 9.10489210672677 7.4729377028998 8.70255133742467 8.7477339906618 9.01524398522452 8.33965574158356 8.88471632031724 8.40850549889728 8.82016967283562 8.80008849361911 9.25167596433312 8.73506372282282 7.73506881017238 8.41424297867343 7.11972410418093 7.38508254382759 7.35998106980696 8.09509566612542 7.70255642477423 7.49768058443442 7.85985899530351 5.88042847253382 7.4847712549381 7.46708069229499 7.08529922552407 7.61914563924074 7.35429140236229 10.3983949691756 10.3879933964647 13.0499997083098 -9999 12.7535347926198 8.1887122111395 11.4299997445196 -9999 -9999 -9999 12.3670011860547 13.1534928292967 -9999 -9999 -9999 -9999 -9999 -9999 -9999
-9999 -9999 -9999 -9999 -9999 9.41471601463854 9.4089785348624 9.17302467906848 9.13716543046758 9.31909135170281 9.06783754983917 9.00520339561626 7.81216619466431 8.57489241240546 8.53401286900043 8.63585313502699 8.82518996763974 9.18019652878866 8.05816064006649 8.96814883872867 9.20697143441066 8.55983152799308 8.83738211216405 8.53831597883254 8.68533889809623 8.87969602551311 8.39224930619821 8.10274563916028 8.29064810182899 7.56724752672017 7.65307066170499 7.6841486771591 7.40994495619088 8.04991301288828 7.78025146340951 7.49983213935047 6.84842327476612 5.45991901727393 13.1366160935722 -9999 12.9599997103214 12.4813742244712 7.21955625228584 7.47921307140496 12.189908087923 13.074999707751 -9999 12.4199997223914 10.2529096510261 11.9796426878976 -9999 -9999 13.8914358374729 7.20971194488045 11.8504868213517 11.6999997384846 -9999 -9999 -9999 -9999 -9999 -9999
-9999 -9999 -9999 -9999 -9999 9.09700307203457 8.71115755708888 9.10274055181071 9.00018310081214 9.10130618186668 9.23039947682992 9.35518966196105 9.40013325354084 9.366425559856 9.50006102630869 9.32889287965372 7.99504836252891 8.34969633119181 8.29016997851431 8.70972318714485 8.72836999641731 8.36977751040831 8.60142825637013 8.38985868962482 8.54214096534997 8.42763043148443 8.18570003425702 8.32626828877255 6.12498854799196 6.13216039771214 7.55601162882522 5.50032043736428 6.9153263871558 6.7202520747669 6.74033325398341 7.70494704134762 18.2280388164177 20.2399995476007 7.8349998248741 -9999 10.5092837189324 7.2896969425492 6.88036361976992 3.37028107047081 6.98650699562859 12.0449997307733 -9999 -9999 12.6049539882224 6.06958600890357 6.19258323160466 9.63668476347812 11.0197759820148 12.7867285037413 12.5249997200444 -9999 -9999 -9999 -9999 -9999 -9999 -9999
-9999 -9999 -9999 -9999 -9999 8.67852564086206 9.05325478874147 8.98727377131581 8.8710898058489 9.3305663112551 9.4885860667564 9.1993214613758 9.02050334168598 9.13836073875427 9.2722352668643 8.62939847027883 8.50675984006375 8.48739584581926 8.64589372463524 9.26076030731201 9.1209092377685 8.63011565525085 8.37766654510051 8.4250007532537 8.53568630060181 8.29877619817853 8.09688862855546 7.94484541448765 6.79125338699669 7.11470380937681 7.55290382727981 7.72024698741734 7.31408123159781 6.49505599355325 7.65474409330636 9.22694394923747 7.4770871302379 7.54415417062119 -9999 -9999 7.46612444566563 7.15988646261394 6.71092867013067 6.45363856141921 7.63927338890997 10.527901840806 -9999 8.11732840025797 9.48141421703622 5.95698796829674 9.61289812857285 8.14701985809952 8.04976957589388 7.49104662344325 12.6749997166917 -9999 -9999 -9999 -9999 -9999 -9999 -9999
