EcologicalScience/Bass/data/rs_data_bass/sst_269.asc
NCOLS 226 
NROWS 124 
XLLCORNER -9.41648524995501 
YLLCORNER 47.587301625531 
CELLSIZE 0.0833 
NODATA_value -9999 
[rows 0 to 26 of 124, columns 0 to 61 of 226]
-9999.000000000000000 -9999 -9999 -9999 -9999 -9999 -9999 -9999 -9999 -9999 -9999 -9999 -9999 -9999 -9999 -9999 -9999 -9999 -9999 -9999 -9999 -9999 -9999 -9999 -9999 -9999 -9999 -9999 -9999 -9999 -9999 -9999 -9999 -9999 -9999 -9999 -9999 -9999 -9999 -9999 -9999 -9999 -9999 -9999 -9999 -9999 -9999 -9999 -9999 -9999 -9999 -9999 -9999 -9999 -9999 -9999 -9999 -9999 -9999 -9999 -9999 -9999
-9999 -9999 -9999 -9999 -9999 -9999 -9999 -9999 -9999 -9999 -9999 -9999 -9999 -9999 -9999 -9999 -9999 -9999 -9999 -9999 -9999 -9999 -9999 -9999 -9999 -9999 -9999 -9999 -9999 -9999 -9999 -9999 -9999 -9999 -9999 -9999 -9999 -9999 -9999 -9999 -9999 -9999 -9999 -9999 -9999 -9999 -9999 -9999 -9999 -9999 -9999 -9999 -9999 -9999 -9999 -9999 -9999 -9999 -9999 -9999 -9999 -9999
-9999 -9999 -9999 -9999 -9999 -9999 -9999 -9999 -9999 -9999 -9999 -9999 -9999 -9999 -9999 -9999 -9999 -9999 -9999 -9999 -9999 -9999 -9999 -9999 -9999 -9999 -9999 -9999 -9999 -9999 -9999 -9999 -9999 -9999 -9999 -9999 -9999 -9999 -9999 -9999 -9999 -9999 -9999 -9999 -9999 -9999 -9999 -9999 -9999 -9999 -9999 -9999 -9999 -9999 -9999 -9999 -9999 -9999 -9999 -9999 -9999 -9999
-9999 -9999 -9999 -9999 -9999 -9999 -9999 -9999 -9999 -9999 -9999 -9999 -9999 -9999 -9999 -9999 -9999 -9999 -9999 -9999 -9999 -9999 -9999 -9999 -9999 -9999 -9999 -9999 -9999 -9999 -9999 -9999 -9999 -9999 -9999 -9999 -9999 -9999 -9999 -9999 -9999 -9999 -9999 -9999 -9999 -9999 -9999 -9999 -9999 -9999 -9999 -9999 -9999 -9999 -9999 -9999 -9999 -9999 -9999 -9999 -9999 -9999
-9999 -9999 -9999 -9999 -9999 -9999 -9999 -9999 -9999 -9999 -9999 -9999 -9999 -9999 -9999 -9999 -9999 -9999 -9999 -9999 -9999 -9999 -9999 -9999 -9999 -9999 -9999 -9999 -9999 -9999 -9999 -9999 -9999 -9999 -9999 -9999 -9999 -9999 -9999 -9999 -9999 -9999 -9999 -9999 -9999 -9999 -9999 -9999 -9999 -9999 -9999 -9999 -9999 -9999 -9999 -9999 -9999 -9999 -9999 -9999 -9999 -9999
-9999 -9999 -9999 -9999 -9999 11.384823132772 11.5844396166503 11.9198431218974 11.625080098398 11.7376781390049 11.6516159423627 11.5354319768958 11.5770287052728 11.6924954857677 11.7534562083893 11.8402355900034 11.7756889425218 11.7764061274938 11.5734427804127 11.4551072600298 11.5949583295733 11.4147058399394 10.6446882416494 10.6002227733843 10.9555227283854 11.2789086457342 11.0298165716231 11.5806146301329 11.5282601271756 11.4823602889664 12.2275154748932 11.6083317199338 11.7105207347311 11.9699010212927 12.3249997245148 7.61907042478741 10.2846026000429 12.2299997266382 12.0849997298792 11.9947377239753 11.1235765536316 11.5333700701012 13.7550868659746 13.0249997088686 -9999 -9999 -9999 -9999 -9999 -9999 -9999 -9999 -9999 -9999 -9999 -9999 -9999 -9999 -9999 -9999 -9999 -9999
-9999 -9999 -9999 -9999 -9999 11.0533402387053 11.0659148818813 11.7627796130255 11.4540314825717 11.7247688095085 11.9004791276529 11.743415618781 11.7677999078296 11.785012347158 11.8732260987163 11.8803979484364 11.8703573588282 11.7993560465984 11.5885036648251 11.5569475260563 11.4335917108692 11.3152561904863 11.3417920344509 11.2520073062873 7.62506219793111 8.71218210704891 11.4434530042345 11.5540787861682 11.5669881156646 11.6014129943214 11.6544846822508 11.9628742202185 8.02711211923244 12.3478127071113 9.65045304706883 10.7124856079716 12.0099997315556 12.0049997316673 12.0099997315556 11.6216057356447 12.0190537096933 11.065675820224 11.8057352181916 10.8649437152781 12.0722608658951 11.8278221862856 11.9449997330084 -9999 -9999 -9999 -9999 -9999 -9999 -9999 -9999 -9999 -9999 -9999 -9999 -9999 -9999 -9999
-9999 -9999 -9999 -9999 -9999 11.7677999078296 11.704687630292 11.2851344216615 11.5134383044206 11.8050935263745 11.864619879052 11.8832666883245 11.9133884571493 11.823023150675 11.7620624280535 11.784295162186 11.7498702835292 11.7111422950402 11.665242456831 11.6989501505159 11.5103305028751 11.0780114017427 11.3496810691431 12.5379823762281 12.1507381951647 8.81853039289958 11.4152522665848 12.0173802780919 11.6523331273347 11.6967985955998 11.6523331273347 11.701818890404 11.7627796130255 11.7871639020741 11.9349040063098 13.2162096593687 12.6262065695599 12.3099997248501 12.0549997305498 9.08802786589924 11.1971677004825 12.1960096648943 12.0586696414809 10.5198980565183 12.129595820047 12.6899997163564 -9999 -9999 -9999 -9999 -9999 -9999 -9999 -9999 -9999 -9999 -9999 -9999 -9999 -9999 -9999 -9999
-9999 -9999 -9999 -9999 -9999 11.3403576645069 11.6552018672228 11.2209463666659 11.3288827049546 11.9399243011139 11.8732260987163 11.8466902547516 12.0037537636235 11.9004791276529 11.8882869831286 11.7656483529136 11.6602221620269 11.6171910637058 11.5942411446013 11.5942411446013 11.5347147919238 11.8201544107869 11.2190099672414 9.31861322838813 9.49645898493237 11.5230007707141 11.6566362371668 11.6953642256558 11.7140110349283 11.6681111967191 12.0016022087075 11.7262031794526 11.7355265840888 11.7290719193406 11.701818890404 11.7513046534732 13.0406916710548 10.0872871352938 11.1470155693728 13.0666676699184 9.74132620848958 12.3764508874156 9.34111100914078 13.0099997092038 11.807571798889 11.8195742162028 9.33499979134649 -9999 -9999 -9999 -9999 -9999 -9999 -9999 -9999 -9999 -9999 -9999 -9999 -9999 -9999 -9999
-9999 -9999 -9999 -9999 -9999 11.1883144504391 11.5124820577912 11.3009124910459 11.5748771503568 11.4433932388201 11.7513046534732 11.7871639020741 11.8732260987163 11.9234290467575 11.8409527749754 11.9682531075086 11.8065278963186 11.8803979484364 11.5928067746572 11.5081789479591 11.9001205351669 11.064958635252 11.5928067746572 11.0398571612313 11.2449720632285 11.2126987394877 11.6602221620269 11.8682058039121 11.7240516245365 11.6336863180622 11.6867580059916 11.6838892661035 11.6422925377265 11.6896267458797 11.4701681444421 11.5196539075114 11.8538621044718 12.0561082665808 11.8373668501154 11.8301950003952 11.361012591701 12.7108329473995 9.98740585049095 11.7920537996106 9.54361371370032 12.8753172673229 12.0949997296557 -9999 -9999 -9999 -9999 -9999 -9999 -9999 -9999 -9999 -9999 -9999 -9999 -9999 -9999 -9999
-9999 -9999 -9999 -9999 -9999 11.9901272491552 11.9273735641036 11.6731314915232 11.8036591564305 11.5669881156646 11.5669881156646 11.6157566937618 11.7290719193406 11.785012347158 11.8703573588282 11.8266090755351 11.9671773300506 12.0087740584277 11.8603167692199 11.806671333313 11.7797051783651 11.5185064115562 12.0256279052701 10.6395654918493 10.2938823353366 11.5677053006366 11.6810205262154 11.6781517863274 11.6487472024746 11.6171910637058 11.6458784625866 11.7333750291727 11.7147282199003 11.5870692948811 11.1402630573139 11.5246742023155 12.1070283995941 11.224890884012 11.3747825431637 12.221060810145 12.0302896075882 11.7792748673819 11.6186254336499 13.5932834164239 12.985954520246 12.039999730885 -9999 -9999 -9999 -9999 -9999 -9999 -9999 -9999 -9999 -9999 -9999 -9999 -9999 -9999 -9999 -9999
-9999 -9999 -9999 -9999 -9999 12.1098971394822 10.667638160754 11.5170242292807 11.7276375493966 10.5579088600352 11.3403576645069 12.1041596597061 11.9994506537914 12.0281380526721 12.0295724226162 11.6867580059916 11.8208715957589 11.8739432836883 11.8388012200594 11.7498702835292 11.5863521099091 11.2600329476409 11.06782737514 11.544755381532 11.8402355900034 11.824457520619 11.5906552197412 11.6731314915232 11.6760002314113 11.6724143065512 11.6831720811315 11.70397044532 11.7591936881654 11.7362437690608 11.7118594800122 11.7147282199003 11.6702627516352 11.7912877156632 12.0415255054832 12.0546738966368 11.9607226653025 11.4421979305334 13.7090948992611 12.9323011156172 12.5385426598135 13.0266268768813 12.2549997260794 -9999 -9999 -9999 -9999 -9999 -9999 -9999 -9999 -9999 -9999 -9999 -9999 -9999 -9999 -9999
-9999 -9999 -9999 -9999 -9999 11.54403819656 11.5684224856086 11.7344508066308 11.4206823813729 11.4665822195821 11.8847010582685 12.1371501684189 11.9671773300506 12.0919675151818 11.903347867541 11.7505874685012 11.8165684859268 11.9585711103864 11.7685170928016 11.7240516245365 11.6311761706602 11.0197759820148 11.5074617629871 11.6948861023411 11.582766185049 12.0160654389765 11.6824548961595 11.6810205262154 11.6379894278944 11.6903439308517 11.7089907401241 11.6430097226985 11.664525271859 11.5296944971196 12.1048768446781 11.5612506358884 11.544755381532 11.4500869652256 11.4371776357293 12.0553910816088 11.9227118617855 11.186162895523 11.5497756763361 11.3131046355702 10.4654113763724 12.1299997288734 -9999 -9999 -9999 -9999 -9999 -9999 -9999 -9999 -9999 -9999 -9999 -9999 -9999 -9999 -9999 -9999
-9999 -9999 -9999 -9999 -9999 11.6917783007957 11.8603167692199 11.7618233663961 11.5770287052728 11.7398296939209 11.7312234742567 11.8151341159828 12.0439161220565 12.0166630931199 12.0833612955175 11.94207585603 11.9901272491552 11.6982329655439 11.7906473719382 11.9904858416412 11.4601275548339 11.5013656907249 11.8359324801713 11.8653370640241 11.9614398502745 11.7613452430815 11.8674886189401 11.7190313297324 11.6193426186219 11.582766185049 11.6315347631462 11.6293832082301 11.6444440926425 11.9915616190992 11.8043763414025 12.4297616370022 11.4429151155055 11.6387066128664 11.7900326419622 11.2901547164656 11.7470015436411 11.1739707509987 13.3084269277808 12.8271697674412 11.8749997345731 -9999 -9999 -9999 -9999 -9999 -9999 -9999 -9999 -9999 -9999 -9999 -9999 -9999 -9999 -9999 -9999 -9999
-9999 -9999 -9999 -9999 -9999 11.7161625898443 11.7082735551521 11.7075563701801 11.8603167692199 11.6670354192611 11.6100192139857 11.7721030176617 12.0596941914409 12.0668660411611 12.2339701396413 12.2024140008725 12.1048768446781 11.6131748278625 12.2705465732142 10.3482517865486 11.505310208071 11.7333750291727 11.8717917287722 11.8925900929607 11.9463789658621 11.8990447577089 11.9219946768135 11.7699514627457 12.1206549140625 12.2294279681519 12.1445610797964 11.9537301118253 12.3451338103041 11.8251747055911 11.5999786243774 11.6322519481182 11.7713858326897 11.9600054803304 10.8266349508549 12.5217019379249 11.4742859143377 12.3433597211628 11.7823934132715 12.2176619770167 11.2999616165886 11.9104362398487 -9999 -9999 -9999 -9999 -9999 -9999 -9999 -9999 -9999 -9999 -9999 -9999 -9999 -9999 -9999 -9999
-9999 -9999 -9999 -9999 -9999 11.7972044916824 11.665242456831 11.6616565319709 11.4515213351697 11.7670827228576 11.7946943442803 11.7950529367663 11.6136051388457 12.1278267637827 12.1450392031111 12.1328470585868 12.1873531164601 12.0733207059093 11.8009338535368 11.6049989191815 11.8438215148635 11.7075563701801 11.7964873067103 11.7685170928016 11.7627796130255 11.8273262605071 11.8459730697796 11.8947416478768 11.9653126491234 12.2676778333262 11.8603167692199 11.7900326419622 11.2277596239001 11.4852290288545 8.82129667779165 11.3711966183037 11.6358378729783 11.5103305028751 11.7937210218183 12.4618224614921 14.1137786661816 11.1592805464595 12.3365122497849 -9999 -9999 -9999 -9999 13.2249997043982 13.2249997043982 -9999 -9999 -9999 -9999 -9999 -9999 -9999 -9999 -9999 -9999 -9999 -9999 -9999
-9999 -9999 -9999 -9999 -9999 11.6293832082301 11.7125766649842 11.822305965703 11.7663655378856 11.542603826616 11.8402355900034 11.6874751909636 11.7118594800122 11.9915616190992 12.1902218563482 12.1715750470757 12.1378673533909 12.2346873246133 12.0202490179799 11.665601049317 11.902630682569 12.0094912433997 11.7979216766544 11.7262031794526 11.8086794512346 11.8000732315704 11.8897213530727 11.8079622662626 11.702536075376 10.937012836244 11.5002899132669 10.7852564961649 11.623645728454 11.8811151334085 11.9241462317295 11.861751139164 12.3314048408398 12.8666069721803 9.72515465252634 -9999 -9999 -9999 -9999 -9999 -9999 -9999 -9999 -9999 -9999 -9999 -9999 -9999 -9999 -9999 -9999 -9999 -9999 -9999 -9999 -9999 -9999 -9999
-9999 -9999 -9999 -9999 -9999 11.5641193757765 11.6430097226985 11.7254859944806 11.7713858326897 11.8990447577089 11.983672584407 12.0338755324483 11.8976103877649 12.022400572896 12.0761894457974 12.1177861741744 12.0912503302097 11.9076509773731 11.9198431218974 12.2162795769982 12.0008850237355 11.6738486764953 11.6910611158237 11.4968474254012 11.7009582684375 11.8933072779328 11.9492477057502 11.903347867541 12.4810403625015 12.5908891940489 12.0374614573084 12.2016968159005 12.3458509952761 12.0467848619446 12.0338755324483 12.4692068104632 12.2705465732142 10.1885034313712 13.2706172859024 11.835763256751 11.6199997402728 -9999 -9999 -9999 -9999 -9999 -9999 -9999 -9999 -9999 -9999 -9999 -9999 -9999 -9999 -9999 -9999 -9999 -9999 -9999 -9999 -9999
-9999 -9999 -9999 -9999 -9999 11.6014129943214 11.5002899132669 11.6387066128664 11.7484359135851 11.9205603068694 11.9248634167016 11.983672584407 11.8760948386043 12.0102084283717 12.021683387924 12.0948362550698 11.9786522896029 11.9621570352465 11.5971098844893 11.6566362371668 12.075233199168 11.2378002135083 11.583483370021 11.9349040063098 10.6536530537996 11.8603167692199 12.0683004111052 12.0016022087075 12.261223168578 11.9650257751346 11.8452558848076 12.2956480472349 12.6147953597829 12.3214667062275 11.7663655378856 11.8151341159828 12.3752555791289 12.0630410546437 11.9245765427127 9.84496884771648 11.4902218903537 -9999 13.278683542019 9.79879085500988 11.9593534939922 12.2799997255206 -9999 -9999 -9999 -9999 -9999 -9999 -9999 -9999 -9999 -9999 -9999 -9999 -9999 -9999 -9999 -9999
-9999 -9999 -9999 -9999 -9999 11.4099246067926 11.5196539075114 11.6049989191815 11.6286660232581 11.6860408210196 12.2698293882422 11.8115481911227 11.8423871449195 11.5899380347691 11.7197485147044 11.8007904165424 11.9054994224571 11.7907498269342 11.741981248837 12.0847956654616 12.0546738966368 11.6095889030024 11.5798974451609 11.465147849638 10.5661564872134 12.0302896075882 12.1572313476354 11.9291665265337 12.1758781569079 12.3845789837651 12.4921567295678 12.6305734291673 12.2899105674587 12.5875423308462 12.4412365965545 12.2851293343119 11.6210160502233 11.6681111967191 11.6150395087898 11.384823132772 11.6760002314113 11.9786522896029 11.8136997460388 11.4393291906454 12.1463711180591 13.2131104383015 13.2649997035041 -9999 -9999 -9999 -9999 -9999 -9999 -9999 -9999 -9999 -9999 -9999 -9999 -9999 -9999 -9999
-9999 -9999 -9999 -9999 -9999 11.8933072779328 11.5404522716999 11.422833936289 11.6552018672228 11.5555131561123 11.7620624280535 11.8825495033525 11.54403819656 11.8983275727369 11.9779351046309 11.783577977214 11.8000732315704 11.8847010582685 11.8208715957589 11.9499648907222 12.1550797927193 9.63417461607605 11.7575800219784 11.7642139829695 12.1149174342863 12.1687063071877 12.183050006628 12.0747550758533 11.9664601450786 12.0424817521125 12.0711691509932 12.2827387177385 12.3064058218151 12.7051606662571 12.5552690071054 12.6477858684957 12.3666493594646 11.6451612776145 12.1522110528313 12.3852961687371 12.3652149895206 12.3738212091848 12.299951157067 11.2440158165991 8.92895921393587 10.2624538159488 -9999 -9999 -9999 -9999 -9999 -9999 -9999 -9999 -9999 -9999 -9999 -9999 -9999 -9999 -9999 -9999
-9999 -9999 -9999 -9999 -9999 11.9234290467575 11.7599108731374 11.4981383583508 11.6702627516352 11.7706686477177 11.8811151334085 11.9313180814497 11.1569017486647 12.0274208677001 12.0675832261331 12.1952421511523 12.1314126886427 12.0202490179799 11.94207585603 12.0080568734556 11.822305965703 11.7015320164151 11.7459974846803 12.1450392031111 12.102725289762 12.2024140008725 12.0726035209373 12.021683387924 11.9564195554703 11.8904385380447 12.0718863359652 12.2160405153409 12.540208122693 12.6097750649787 12.5911282557063 12.4778130301274 12.2648090934381 12.2949308622628 12.2009796309285 12.0797753706574 12.4562974809669 12.4340647468343 12.5251472382806 13.0725984335877 10.719011252697 11.7755864875258 12.5224258651676 -9999 -9999 8.85459455149248 -9999 -9999 -9999 -9999 10.9150669761002 -9999 -9999 -9999 -9999 -9999 -9999 -9999
-9999 -9999 -9999 -9999 -9999 11.6967985955998 11.9205603068694 11.305215600878 11.2844172366895 11.7484359135851 11.9148228270933 11.8115481911227 11.7914670119062 12.0553910816088 12.3300729258917 12.1127658793703 12.0202490179799 11.9671773300506 11.9098025322892 12.0295724226162 12.1177861741744 12.02383494284 11.861033954192 12.3049714518711 12.2774793612771 11.9845332063735 11.972627935838 11.4912533826195 11.7111422950402 11.7118594800122 11.9557023704983 12.1608172724955 12.4448225214146 12.6097750649787 12.0386567655951 10.3281706073321 12.3503931667656 12.2201045635156 12.3315072958358 12.1601000875235 12.5947141805664 12.1976327677257 13.5013555160258 11.4438713621348 12.021683387924 11.992836614605 11.2048097047955 9.00220809367431 9.09743338301778 9.06874598413706 -9999 -9999 -9999 9.80205860422527 9.64799708272254 -9999 -9999 -9999 -9999 -9999 -9999 -9999
-9999 -9999 -9999 -9999 -9999 11.4780571791343 11.8595995842479 11.9384899311699 11.8653370640241 12.140018908307 11.7929013818502 11.8337809252553 11.8660542489961 11.8925900929607 11.9671773300506 12.1328470585868 11.901913497597 12.0898159602657 12.0431989370845 12.1292611337267 12.1708578621037 12.1048768446781 12.0919675151818 12.1098971394822 12.1866359314881 12.2963652322069 12.1299783186987 12.1464735730551 12.4014328306075 12.3217057678849 12.3714305926114 12.6023641536012 12.4178085541353 12.3884039702825 12.4041820396669 12.6671498627402 12.6334421690553 12.4548631110229 12.2124545904808 12.2399466810748 12.4168523075059 12.3504994163911 12.2296670298092 12.3712598342848 12.4096804577857 10.3472141572274 8.41999981179833 13.7397102338927 12.115074318499 9.93959357205478 8.17383869937747 8.37279463339404 -9999 8.88669011143681 7.54396659916697 -9999 -9999 -9999 -9999 -9999 -9999 -9999
-9999 -9999 -9999 -9999 -9999 12.1242408389226 11.9047822374851 12.0697347810492 12.1192205441184 11.5497756763361 11.8531449194998 11.6989501505159 11.8158513009548 12.1328470585868 12.2540513188578 12.0862300354056 12.4039429780096 11.8502761796117 12.061128561385 12.0876644053496 12.0245521278121 11.9248634167016 12.1041596597061 12.0869472203776 12.1887874864042 12.4111148277298 12.5624408568256 12.5624408568256 12.2798699778505 12.3053300443571 12.4096804577857 12.7943306644447 12.4125491976738 12.5703298915178 12.6010254083201 12.3735821475275 12.4950254694559 12.2306232764386 9.84075173986081 6.01957761636004 11.2481714812174 11.6178444989026 11.1242459262721 12.2103030355647 13.0450038879977 8.30021056812257 7.90999982319772 9.54499978665262 11.6157878757171 10.7439237466018 9.2538006583888 9.26823195327275 13.4875900873512 11.5296944971196 11.3325988303379 -9999 -9999 -9999 -9999 -9999 -9999 -9999
-9999 -9999 -9999 -9999 -9999 12.4362163017504 12.1452782647684 11.7505874685012 11.78214360727 11.8172856708989 12.0302896075882 12.0252693127841 11.7548905783333 12.1794640817679 12.0133162299171 12.3114261166193 12.4003570531495 12.499328579288 12.2648090934381 11.6989501505159 11.8072450812906 11.9184087519534 12.3064058218151 12.2655262784101 12.1902218563482 12.1873531164601 12.3659321744926 12.6671498627402 12.6040375852026 12.5351878278889 12.1622516424395 12.4096804577857 12.6262703193352 12.7618182790466 12.7890713079832 10.2383346516706 9.03306564619584 9.29109470582448 7.8349998248741 9.63700827626441 12.7202215506695 12.7596667241305 12.7465183329768 12.741019914858 12.4749442902394 8.33173447385891 8.75122636965597 8.57999980822206 10.5726828704588 10.7254227784994 10.8921170569956 14.9550121108289 11.5313337770557 13.1988229886629 13.3259559780359 -9999 -9999 -9999 -9999 -9999 -9999 -9999
-9999 -9999 -9999 -9999 -9999 12.0202490179799 11.6752830464393 11.8321074936539 11.8318684319966 11.7111422950402 11.7125766649842 11.6387066128664 11.785012347158 12.459883405827 12.6528061632998 11.9729148098268 11.9499648907222 11.9765007346869 12.5155847719871 12.4103976427577 12.5710470764898 12.501480134204 12.3472853652202 11.8402355900034 12.0833612955175 12.063280116301 12.5990172903985 12.6836451170966 12.7998290825635 12.2648090934381 12.5619627335109 12.5602893019095 12.5473799724132 12.8686788398772 12.8450117358007 9.01629217864516 12.6398968338035 12.326356603764 -9999 11.1883064817172 12.4945473461412 12.222495180089 12.2755668680184 12.4842676948756 11.0784417127259 11.1667989012785 -9999 10.7172673608176 11.1775566758588 10.0200201310217 10.3025910099968 10.6396679468453 10.669072530698 10.6149250653107 13.7549996925518 -9999 -9999 -9999 -9999 -9999 -9999 -9999
