EcologicalScience/Bass/data/rs_data_bass/sst_484.asc
NCOLS 226 
NROWS 124 
XLLCORNER -9.41648524995501 
YLLCORNER 47.587301625531 
CELLSIZE 0.0833 
NODATA_value -9999 
[rows 54 to 80 of 124, columns 124 to 185 of 226]
14.1918851132505 13.3118991525844 13.5270546441898 13.5543076731265 13.614551210776 12.8105868571438 13.0293282736093 12.780465088319 12.6549577182159 14.848826547619 15.0001525767148 14.9764854726382 14.9140903800726 14.888988906052 15.0252540507354 15.0546586345881 15.0826288484968 15.0152134611271 14.9391918540932 14.9090700852685 14.850260917563 14.7663502758369 14.7168645127676 14.2973113041371 14.7663502758369 14.5110324257985 14.4472029632889 14.5540635241196 15.2346720625646 15.2669453863055 15.2956327851862 15.2224799180403 15.3228858141229 15.1615191954188 15.3365123285912 15.4821008779109 15.5129398317076 15.7044282192364 16.0658894451335 15.5767692942172 15.6750236353837 15.9798272484913 15.7083727365825 15.6499221613631 16.3735617981292 16.1203955030069 16.762276052963 16.6503951973282 16.8669850588776 16.9817346544005 16.9774315445684 17.3324381057173 18.6890651987866 17.6551713431254 17.5102999787778 19.2383571688551 18.0589464823715 18.4250694105867 18.6990340698976 17.3451681389706 17.5758028728887 10.2419406077959
14.0384075292386 14.0441450090148 13.6891384478658 13.4474471122958 14.0706808529794 13.3814660948701 13.7257148814388 14.0369731592946 14.2055116277188 14.4414654835127 14.9169591199607 14.9463637038134 14.7039551832713 14.0104373153299 14.8875545361079 14.9736167327501 14.8208563337103 14.7993407845497 14.7921689348295 14.8724936516955 14.8438062528148 14.7842799001373 14.8882717210799 14.9126560101286 14.8739280216396 15.0761741837487 14.9843745073304 15.2124393284321 15.170842600055 15.1048615826294 15.2561876117252 15.3006530799903 15.3307748488151 15.2461470221169 15.3508560280316 15.3436841783114 15.5832239589654 15.7424390227534 15.7137516238727 15.5946989185177 15.9127704536077 16.5449690064415 15.9167149709538 16.2767418269068 16.4237647461705 16.40583512187 16.7206793245859 16.9387035560794 16.9544816254638 16.9200567468069 18.1726478844738 15.568060619557 17.9621265111491 20.9221879523247 19.0245643286966 19.2101717994548 17.2282072231174 19.3932392401039 -9999 -9999 -9999 -9999
15.2655110163614 14.1653492692858 13.6496932744049 13.8182317428291 13.5944700315595 13.9917905060574 13.6869868929498 13.5786919621751 13.3721426902339 13.8677175058983 14.732642582152 14.3173924833536 14.2693410902284 14.9815057674423 14.7806939752772 14.1847132635303 14.7928861198016 14.8610186921433 14.9972838368267 14.8473921776749 14.8825342413038 14.9772026576102 14.8961607557721 14.769936200697 14.8703420967795 14.9277168945409 14.5189214604907 15.1242255768739 15.2554704267532 15.2920468603261 14.8947263858281 15.247581392061 15.089800698217 15.28989530541 16.5148472376168 14.9399090390652 15.4060792708769 15.5939817335457 15.5430616005324 15.5021820571274 16.6744208938908 16.285348046571 16.6245765383355 16.5880001047626 16.3032776708715 16.8375804750249 16.8497726195492 19.0833900468245 17.0262001226656 18.6242316773161 18.4214834857266 18.546345389355 19.5831438441528 19.4690755743533 11.163175229841 -9999 -9999 -9999 -9999 -9999 -9999 -9999
14.8187047787942 14.4952543564141 13.8003021185286 13.6482589044608 13.7536850953475 13.816797372885 13.4919125805609 13.2595446496271 13.2480696900748 12.5423596776091 14.7082582931034 14.3747672811151 15.1579332705587 15.0783257386647 15.0568101895042 14.9786370275542 14.8803826863877 14.9198278598487 14.9779198425822 15.0073244264349 14.9843745073304 14.7426831717603 14.9815057674423 14.8947263858281 15.0474867848679 15.6800439301878 14.3597063967027 15.008400203893 15.2260658429004 15.0847804034129 15.0740226288326 14.8653218019754 15.170842600055 15.1378520913422 15.2210455480963 15.2963499701582 15.4899899126031 15.5552537450567 15.6743064504117 15.8202535922173 15.9999084277079 15.8593401731923 16.1749015608802 16.5908688446507 16.2667012372985 16.243034133222 17.0491500417702 18.5196661083959 18.0607394448016 19.5277413050644 19.0820108449552 19.3948230235837 17.8072145571932 20.6436811215244 16.5549996299669 -9999 -9999 -9999 -9999 -9999 -9999 -9999
15.28989530541 14.6544694202021 15.1450239410624 14.649449125398 14.5676900385879 14.1373790553771 14.5641041137278 14.5791649981402 14.3568376568146 14.4421826684847 14.9076357153244 14.7857142700814 14.7620471660048 15.0646992241964 14.8703420967795 14.9815057674423 15.2784203458577 15.0725882588886 14.9262825245969 15.0331430854276 14.7498550214805 14.9578386633657 15.0159306460992 14.8997466806322 15.3422498083673 15.2855921955779 15.4297463749535 15.3573106927797 15.287026565522 15.3336435887031 15.6570940110832 15.4290291899815 15.4376354096457 15.9181493408978 16.7041840702295 16.5915860296227 16.8490554345772 16.3312478847802 15.8170262598433 15.9504226646386 15.5050507970154 15.9167149709538 16.4194616363384 16.6403546077199 16.7464979835786 17.0190282729454 18.1924863241613 17.4636829555966 17.6652119327337 17.5282296030782 17.4672688804567 17.8660237248987 17.999420129694 15.979957645759 15.2549996590242 -9999 -9999 -9999 -9999 -9999 -9999 -9999
15.7457380736247 15.7574999071658 15.4376354096457 15.7108828839846 15.370220022276 15.3859980916604 15.4598681437783 15.3214514441788 15.1629535653628 14.9958494668826 15.0223853108473 14.8280281834304 14.6752677843906 14.5533463391475 15.0453352299519 15.1464583110064 14.8484679551329 15.2461470221169 15.1902065942995 15.089083513245 15.0919522531331 15.3164311493747 14.3998687551357 15.3831293517724 15.1077303225175 15.3171483343467 15.1894894093275 15.2167424382642 15.2174596232362 15.4577165888622 15.5552537450567 15.885158832185 16.0666066301055 14.9972838368267 15.4849696177989 16.5765251452103 15.0589617444202 14.9262825245969 15.5559709300287 15.2561876117252 15.7897732309066 16.1117892833427 16.1433454221115 16.6231421683915 17.7735068635084 11.6311249431622 18.4533982169814 18.993438500911 18.5075456823688 18.8776131279301 18.4498122921214 18.2389599103481 18.0704214419238 17.8502456555143 17.384999611415 6.27499985974282 23.7447889405303 -9999 -9999 -9999 -9999 -9999
-9999 -9999 -9999 -9999 -9999 14.8749996675178 15.4734946582466 15.6348612769507 15.2267830278724 15.1400036462583 15.1184880970977 15.1837519295514 15.1902065942995 14.6602068999782 14.3690298013389 15.2160252532922 15.2275002128445 15.207419033628 15.211004958488 15.050355524756 14.6716818595305 15.1593676405028 15.1206396520138 15.207419033628 15.2726828660816 15.2798547158018 15.4010589760728 15.1837519295514 15.1715597850271 15.2346720625646 15.0725882588886 15.3809777968563 15.4849696177989 15.5122226467356 15.6176488376223 15.6735892654397 15.5459303404205 15.9009369015694 15.8987853466533 15.8643604679964 15.4426557044499 16.9885479116347 17.0642109261826 16.3197729252279 17.2847453050781 7.57383418847366 6.93999984487891 19.2220770699903 10.0157875639738 17.8449996011332 18.2791222687811 18.4110843036324 18.1858882224187 18.0998260257766 5.37499987985939 5.37499987985939 -9999 -9999 -9999 -9999 -9999 -9999
-9999 -9999 -9999 -9999 -9999 -9999 -9999 16.7909634518437 15.4283120050095 15.4598681437783 15.3917355714366 15.5760521092452 15.5093539068475 15.210287773516 15.369502837304 15.2726828660816 15.3831293517724 15.0589617444202 14.9728995477781 14.9901119871065 14.9535355535336 15.4636931302957 15.249732946977 15.1113162473775 15.1988128139637 15.1242255768739 15.1765800798312 15.1005584727973 15.1521957907826 14.850978102535 15.2404095423408 15.1113162473775 15.0955381779931 15.0984069178812 15.4519791090861 15.6800439301878 16.1763359308243 15.9726553987712 15.6563768261112 15.5100710918196 16.7586901281029 16.3678243183531 16.5700704804622 16.8053071512841 17.1778847442474 15.8349996460602 -9999 -9999 -9999 -9999 -9999 -9999 -9999 -9999 -9999 -9999 -9999 -9999 -9999 -9999 -9999 -9999
-9999 -9999 -9999 -9999 -9999 -9999 -9999 -9999 11.4349997444078 15.487428537703 15.526566346176 15.3623309875838 15.408948010765 15.5000305022113 15.8098544101231 15.3185827042907 15.0833460334688 15.0266884206794 15.3608966176398 14.8810998713598 13.5600451529026 14.8796655014157 14.9148075650446 15.3372295135632 14.9198278598487 14.9205450448208 14.9901119871065 14.8882717210799 14.9485152587295 15.3738059471361 15.3092592996545 15.0704367039725 15.5244147912599 15.6362956468947 15.9561601444148 16.1203955030069 16.0644550751895 16.0515457456931 16.0666066301055 15.7696920516901 15.7603686470538 15.885158832185 16.1863765204325 16.7852259720676 6.79836003808305 6.50999985449016 -9999 -9999 -9999 -9999 -9999 -9999 -9999 -9999 -9999 -9999 -9999 -9999 -9999 -9999 -9999 -9999
-9999 -9999 -9999 -9999 -9999 -9999 -9999 -9999 -9999 14.8549996679649 15.7955107106827 15.6786095602438 15.7123172539286 16.0164036820643 16.0594347803853 15.7539139823057 15.5817895890214 15.5710318144411 15.1213568369858 14.9155247500166 14.610721136909 14.1710867490619 14.7763908654451 14.9549699234776 15.2375408024527 15.2985015250742 15.1751457098871 14.769936200697 15.2013229613658 15.5100710918196 15.5652943346649 15.1988128139637 15.327906108927 15.1909237792715 16.1340220174752 15.7933591557667 15.9791100635193 15.7847529361024 16.2702871621586 16.484725468792 16.524887827225 16.7321542841382 16.7450636136346 17.51818901347 16.0369896610036 16.0349996415898 -9999 -9999 -9999 -9999 -9999 -9999 -9999 -9999 -9999 -9999 -9999 -9999 -9999 -9999 -9999 -9999
-9999 -9999 -9999 -9999 -9999 -9999 -9999 -9999 -9999 15.0249996641651 16.0013427976519 15.9152806010097 15.9088259362616 15.9217352657579 15.7316812481731 15.6147800977342 15.5251319762319 14.5476088593714 15.0001525767148 15.1027100277133 14.9334543743171 15.1514786058106 14.5641041137278 15.0797601086088 14.1868648184463 14.8423718828708 15.0847804034129 15.3307748488151 15.2461470221169 15.6628314908594 15.3899426090065 15.1572160855867 15.2038331087679 15.4792321380228 15.8127231500112 16.1318704625592 15.44624162931 16.3513290639967 16.4818567289039 16.3176213703118 16.6338999429718 16.6970122205094 16.8296914403327 16.8949552727863 14.3199996799231 5.47499987762421 6.98149636349624 6.1149998633191 -9999 -9999 -9999 -9999 -9999 -9999 -9999 -9999 -9999 -9999 -9999 -9999 -9999 -9999
-9999 -9999 -9999 -9999 -9999 -9999 -9999 -9999 -9999 12.639999717474 16.3527634339407 15.9468367397785 15.8987853466533 15.8787041674368 15.2346720625646 15.2382579874247 15.2698141261935 14.9743339177221 15.3931699413806 15.210287773516 15.1493270508945 15.1557817156427 15.1794488197193 14.9040497904643 14.8724936516955 14.8796655014157 15.964766364079 15.1550645306706 14.9850916923024 14.8352000331506 15.7051454042085 15.8206121847034 15.2569047966972 15.3745231321082 15.7998138205148 15.8923306819052 15.7553483522497 16.8074587062001 17.1072420245036 16.722830879502 16.7988524865359 17.0240485677496 16.9946439838968 17.2747047154699 15.789999647066 -9999 -9999 -9999 -9999 -9999 -9999 -9999 -9999 -9999 -9999 -9999 -9999 -9999 -9999 -9999 -9999 -9999
-9999 -9999 -9999 -9999 -9999 -9999 -9999 -9999 -9999 16.3197729252279 16.1942655551247 15.8722495026886 15.7123172539286 15.6570940110832 15.3960386812687 14.969313622918 14.9363231142052 14.7340769520961 14.6802880791947 15.1808831896633 15.6205175775103 15.1837519295514 14.6049836571328 15.1428723861463 15.449110369198 15.5215460513718 15.6018707682379 15.0697195190005 15.4268776350655 15.5638599647209 15.7302468782291 15.1737113399431 15.6821954851039 15.84786521364 16.445280295331 16.5349284168333 16.1039002486505 16.6260109082796 16.7601244980469 16.4804223589599 17.0699484059587 17.4299752619117 17.4328440017998 14.429027446998 -9999 -9999 -9999 -9999 -9999 -9999 -9999 -9999 -9999 -9999 -9999 -9999 -9999 -9999 -9999 -9999 -9999 -9999
-9999 -9999 -9999 -9999 -9999 -9999 -9999 -9999 15.4397869645618 16.1189611330628 15.8600573581643 15.8241981095634 15.7216406585649 15.647770606447 15.4354838547297 15.3243201840669 15.0704367039725 15.6140629127622 14.6616412699223 14.8208563337103 14.6975005185232 15.0288399755955 15.0023041316308 15.2052674787119 14.7347941370681 15.2680211637635 15.1665394902229 15.5602740398608 15.8177434448153 15.9102603062056 15.9884334681556 15.8622089130804 15.8363902540877 16.1619922313839 16.2695699771866 16.5284737520851 16.3190557402559 16.7020325153135 16.9143192670308 15.8342386991717 17.359691134654 16.8053071512841 16.681413447368 -9999 -9999 -9999 -9999 -9999 -9999 -9999 -9999 -9999 -9999 -9999 -9999 -9999 -9999 -9999 -9999 -9999 -9999 -9999
-9999 -9999 -9999 -9999 -9999 -9999 -9999 -9999 16.1813562256284 15.7474593175575 16.0092318323441 15.7474593175575 15.569597444497 15.4835352478549 15.3149967794307 15.0862147733569 15.0023041316308 15.0797601086088 14.9133731951006 15.008758796379 15.0754569987766 14.9829401373863 15.207419033628 15.247581392061 15.7065797741525 15.8155918898992 15.369502837304 15.4656056235544 15.5079195369035 15.8127231500112 15.6943876296282 15.9877162831835 16.0429395260289 16.2580950176343 16.4581896248274 16.8748740935698 16.4503005901352 17.001098648645 17.1409497181885 17.5131687186658 17.6465651234612 18.0991088408045 15.7949996469542 -9999 -9999 -9999 -9999 -9999 -9999 -9999 -9999 -9999 -9999 -9999 -9999 -9999 -9999 -9999 -9999 -9999 -9999 -9999
-9999 -9999 -9999 -9999 -9999 -9999 -9999 6.99579208910179 16.8999755675904 16.3190557402559 16.1784874857403 15.9188665258698 15.5222632363439 15.5581224849448 15.369502837304 15.3608966176398 15.0066072414629 14.8990294956602 14.8014923394658 14.8782311314717 15.0553758195601 14.8947263858281 15.1622363803908 15.2619250915013 15.44982755417 15.366634097416 15.4720602883026 15.9324930403382 16.124698612839 15.7037110342644 15.9461195548065 16.164860971272 16.5048066480085 16.6396374227479 16.2602465725504 17.0627765562385 17.2227088049985 16.843317954801 17.7254554703832 17.7441022796556 17.9291360024363 10.4322979940319 -9999 -9999 -9999 -9999 -9999 -9999 -9999 -9999 -9999 -9999 -9999 -9999 -9999 -9999 -9999 -9999 -9999 -9999 -9999 -9999
-9999 -9999 -9999 3.8400372271426 3.83999991416931 9.76591907795833 17.1366466083564 16.9171880069189 16.7486495384946 16.3914914224297 16.1899624452926 15.7632373869419 15.7309640632011 15.646336236503 15.5122226467356 15.2396923573688 15.1902065942995 14.7857142700814 14.7204504376277 14.8065126342699 14.651600680314 14.8681905418634 15.1091646924615 15.1966612590477 15.528717901092 15.6262550572865 15.8693807628006 15.8105715950951 15.8586229882203 15.9461195548065 16.1899624452926 16.2236701389775 16.4589068097994 16.8698537987657 16.6496780123562 17.3367412155494 17.8667409098707 18.0073091643862 17.9147923029959 17.5633476269874 13.2949997028336 -9999 -9999 -9999 -9999 -9999 -9999 -9999 -9999 -9999 -9999 -9999 -9999 -9999 -9999 -9999 -9999 -9999 -9999 -9999 -9999 -9999
-9999 -9999 3.88019958557561 3.87999991327524 17.8301644762978 17.3780988822691 17.3515630383044 16.6977294054814 16.3893398675136 16.3771477229893 16.2215185840614 16.0666066301055 15.8098544101231 15.4369182246737 15.328623293899 15.2439954672009 15.0195165709592 14.6960661485791 14.6967833335511 14.7498550214805 14.8861201661639 14.97003080789 15.1019928427413 15.2963499701582 15.4053620859049 15.68793296488 15.9030884564854 15.8177434448153 16.1132236532867 16.3728446131572 16.3154698153958 16.2315591736697 16.6367686828598 16.7113559199497 16.9860377642326 17.3740348340943 17.7749412334524 12.4255116519829 10.1231513299979 -9999 -9999 -9999 -9999 -9999 -9999 -9999 -9999 -9999 -9999 -9999 -9999 -9999 -9999 -9999 -9999 -9999 -9999 -9999 -9999 -9999 -9999 -9999
16.7749996250495 16.7749996250495 -9999 18.64999958314 17.8108004820533 17.5848872158676 16.681234151125 16.7809228622355 16.7751853824593 16.5413830815814 16.40224919701 15.8342386991717 15.2439954672009 15.1894894093275 15.1529129757546 14.9599902182817 14.8552812123671 14.8997466806322 14.9262825245969 15.0231024958193 15.1019928427413 15.2820062707178 15.3135624094866 15.3336435887031 15.6190832075663 15.7933591557667 15.9188665258698 16.0623035202734 16.2473372430541 16.3972289022058 16.5069582029246 16.5801110700704 16.5485549313016 16.7543870182708 17.2155369552784 17.6336557939649 17.2284462847747 15.8979415996274 -9999 -9999 -9999 -9999 -9999 -9999 -9999 -9999 -9999 -9999 -9999 -9999 -9999 -9999 -9999 -9999 -9999 -9999 -9999 -9999 -9999 -9999 -9999 -9999
18.587583525246 17.8216206205442 18.2981276705395 17.9341562972404 17.5899075106718 17.2470930940472 17.0556047065184 16.9250770416111 16.6962950355373 16.6805169661529 16.3922086074017 16.2301248037256 15.1945097041316 15.127811501734 15.0352946403436 15.1507614208385 15.0761741837487 15.170842600055 15.1507614208385 14.9535355535336 15.2267830278724 15.3989074211568 15.408948010765 15.3781090569682 15.8708151327446 16.0027771675959 16.1031830636784 16.0278786416166 16.4302194109187 16.644657717552 16.5858485498466 16.7809228622355 17.0233313827775 17.519623383414 18.3852656446397 19.1396645479836 6.14856210620264 6.10499986354262 12.2033308146512 13.2399997040629 -9999 -9999 -9999 -9999 -9999 -9999 -9999 -9999 -9999 -9999 -9999 -9999 -9999 -9999 -9999 -9999 -9999 -9999 -9999 -9999 -9999 -9999
18.0974354092032 18.0087435343303 18.1199072049931 17.9112063781358 17.5088656088337 17.3639942444861 16.9465925907716 16.9587847352959 16.5815454400145 16.4065523068421 16.166295341216 16.0515457456931 15.4247260801494 15.247581392061 15.1435895711184 14.9140903800726 14.9621417731978 15.0776085536927 15.1342661664821 15.4777977680787 15.8026825604029 15.6312753520906 15.8227637396194 16.0501113757491 16.3965117172338 16.4962004283443 16.4918973185122 16.7343058390543 16.761558867991 16.9508957006037 16.8096102611162 17.0075533133931 17.162465267349 16.1438501078325 8.74507016076573 8.03844690747145 17.8081597489482 12.4548631110229 12.6149997180328 -9999 -9999 -9999 -9999 -9999 -9999 -9999 -9999 -9999 -9999 -9999 -9999 -9999 -9999 -9999 -9999 -9999 -9999 -9999 -9999 -9999 -9999 -9999
18.4222006706987 17.6200292794965 17.5648060366511 17.7383647998795 17.2126682153903 16.8892177930102 16.7350230240263 16.5614642607979 16.6654560817406 16.2702871621586 16.2344279135577 16.0694753699936 15.446958814282 15.049638339784 14.9901119871065 15.1464583110064 15.1873378544115 15.1170537271537 15.2769859759137 15.7567827221937 15.8787041674368 16.0981627688743 16.1433454221115 16.5729392203502 16.7371745789424 16.9136020820588 16.9666737699881 17.0484328567982 16.9989470937289 17.1545762326568 17.160313712433 17.3245490710251 17.278649232816 18.9271706094965 17.8624378000386 17.8925595688634 20.1849995488301 11.0691244117916 9.99499977659434 -9999 -9999 -9999 -9999 -9999 -9999 -9999 -9999 -9999 -9999 -9999 -9999 -9999 -9999 -9999 -9999 -9999 -9999 -9999 -9999 -9999 -9999 -9999
17.8760643145069 17.557634186931 17.3532364699058 17.2513962038793 16.9817346544005 16.762276052963 16.6518295672722 16.4323709658347 16.2803277517669 16.2573778326623 16.0902737341821 15.7890560459346 15.6147800977342 15.5229804213159 15.0976897329092 15.1952268891037 15.4232917102054 15.5000305022113 15.3946043113247 15.8241981095634 16.1390423122793 16.3118838905357 16.605212544091 16.80387278134 17.241355614271 17.5691091464832 17.639393273741 17.4378642966039 17.4938047244214 17.7146976958029 17.4773094700649 12.3061441462172 11.5449997419491 -9999 -9999 13.6052278061397 -9999 -9999 -9999 -9999 -9999 -9999 -9999 -9999 -9999 -9999 -9999 -9999 -9999 -9999 -9999 -9999 -9999 -9999 -9999 -9999 -9999 -9999 -9999 -9999 -9999 -9999
18.3673360203393 18.0108950892463 18.0058747944422 17.6659291177057 17.6451307535172 16.9451582208276 16.7278511743061 16.5048066480085 16.4122897866182 16.4761192491278 16.2502059829421 16.045808265917 15.7029938492924 15.5860926988535 15.3508560280316 15.4792321380228 15.3451185482554 15.5817895890214 15.9862819132395 16.3398541044444 16.3728446131572 16.9107333421707 16.961653475184 17.1452528280206 17.7412335397676 17.6938993316144 17.678838447202 17.6214636494406 17.8459425456822 17.7354960599914 17.7075258460827 17.7885677479208 18.0976744708605 14.7304688462575 -9999 -9999 -9999 -9999 -9999 -9999 -9999 -9999 -9999 -9999 -9999 -9999 -9999 -9999 -9999 -9999 -9999 -9999 -9999 -9999 -9999 -9999 -9999 -9999 -9999 -9999 -9999 -9999
18.3250221069902 18.434751407709 18.2188787311316 18.1270790547132 17.8896908289753 17.4615314006805 17.0319376024418 16.6317483880557 16.5657673706301 16.3219244801439 16.1347392024472 15.8815729073249 15.5373241207562 15.3063905597664 15.327188923955 15.4706259183586 15.7008422943763 16.0185552369803 16.3993804571219 17.0986358048394 17.402005048003 17.3510849149898 17.3890957185067 17.6429791986011 17.6035340251401 17.6028168401681 17.956389031373 18.0905026211403 18.0976744708605 18.0747245517559 17.6953337015584 17.9959997090583 18.7778048859909 18.3752250550315 10.1105741703834 4.99999988824129 -9999 -9999 -9999 -9999 -9999 -9999 -9999 -9999 -9999 -9999 -9999 -9999 -9999 -9999 -9999 -9999 -9999 -9999 -9999 -9999 -9999 -9999 -9999 -9999 -9999 -9999
-9999 -9999 -9999 -9999 7.15999983996153 17.6623431928456 16.6934262956493 16.5793938850984 16.445997480303 16.1885280753486 15.967635103967 15.5136570166796 15.3788262419403 15.4634540686384 15.5344553808682 16.0759300347418 16.2086092545651 16.5564439659938 16.8892177930102 17.5067140539177 17.6444135685451 17.480178209953 17.7778099733405 18.0230872337706 18.1012603957206 17.5246436782181 17.9298531874083 -9999 -9999 -9999 -9999 -9999 -9999 -9999 -9999 -9999 -9999 -9999 -9999 -9999 -9999 -9999 -9999 -9999 -9999 -9999 -9999 -9999 -9999 -9999 -9999 -9999 -9999 -9999 -9999 -9999 -9999 -9999 -9999 -9999 -9999 -9999
-9999 -9999 -9999 -9999 -9999 13.5173009285703 16.3147526304238 16.2143467343412 15.8715323177166 15.7302468782291 15.5810724040493 15.5057679819874 15.7029938492924 15.9489882946946 15.9769585086033 16.3606524686329 16.4947660584003 16.8870662380941 16.8920865328982 17.2764976778999 17.401287863031 17.9484999966808 18.2791222687811 18.1801507426426 16.5199996307492 -9999 -9999 -9999 -9999 -9999 -9999 -9999 -9999 -9999 -9999 -9999 -9999 -9999 -9999 -9999 -9999 -9999 -9999 -9999 -9999 -9999 -9999 -9999 -9999 -9999 -9999 -9999 -9999 -9999 -9999 -9999 -9999 -9999 -9999 -9999 -9999 -9999
