EcologicalScience/Bass/data/rs_data_bass/sst_313.asc
NCOLS 226 
NROWS 124 
XLLCORNER -9.41648524995501 
YLLCORNER 47.587301625531 
CELLSIZE 0.0833 
NODATA_value -9999 
[rows 81 to 107 of 124, columns 62 to 123 of 226]
14.9198278598487 -9999 -9999 -9999 -9999 -9999 -9999 -9999 -9999 -9999 -9999 -9999 -9999 -9999 -9999 -9999 -9999 -9999 -9999 -9999 -9999 -9999 -9999 -9999 -9999 -9999 -9999 -9999 -9999 -9999 -9999 -9999 -9999 -9999 -9999 -9999 -9999 -9999 -9999 -9999 -9999 -9999 -9999 -9999 -9999 -9999 -9999 -9999 -9999 -9999 -9999 -9999 -9999 -9999 -9999 -9999 -9999 -9999 -9999 -9999 -9999 -9999
14.9136172401199 -9999 -9999 -9999 -9999 -9999 -9999 -9999 -9999 -9999 -9999 -9999 -9999 -9999 -9999 -9999 -9999 -9999 -9999 -9999 -9999 -9999 -9999 -9999 -9999 -9999 -9999 -9999 -9999 -9999 -9999 -9999 -9999 -9999 -9999 -9999 -9999 -9999 -9999 -9999 -9999 -9999 -9999 -9999 -9999 -9999 -9999 -9999 -9999 -9999 -9999 -9999 -9999 -9999 -9999 -9999 -9999 -9999 -9999 -9999 -9999 -9999
-9999 -9999 -9999 -9999 -9999 -9999 -9999 -9999 -9999 -9999 -9999 -9999 -9999 -9999 -9999 -9999 -9999 -9999 -9999 -9999 -9999 -9999 -9999 -9999 -9999 -9999 -9999 -9999 -9999 -9999 -9999 -9999 -9999 -9999 -9999 -9999 -9999 -9999 -9999 -9999 -9999 -9999 -9999 -9999 -9999 -9999 -9999 -9999 -9999 -9999 -9999 -9999 -9999 -9999 -9999 -9999 -9999 -9999 -9999 -9999 15.3059485546339 -9999
-9999 -9999 -9999 -9999 -9999 -9999 -9999 -9999 -9999 -9999 -9999 -9999 -9999 -9999 -9999 -9999 -9999 -9999 -9999 -9999 -9999 -9999 -9999 -9999 -9999 -9999 -9999 -9999 -9999 -9999 -9999 -9999 -9999 11.3199997469783 11.209999749437 11.1449997508898 -9999 -9999 -9999 -9999 -9999 -9999 -9999 -9999 -9999 -9999 -9999 -9999 -9999 -9999 -9999 -9999 -9999 -9999 -9999 -9999 17.2699996139854 14.0606111883047 14.3488220600685 14.0104373153299 14.2456739861518 14.3224127781577
-9999 -9999 -9999 -9999 -9999 -9999 -9999 -9999 -9999 -9999 -9999 -9999 -9999 -9999 -9999 -9999 -9999 -9999 -9999 -9999 -9999 -9999 -9999 -9999 -9999 -9999 -9999 -9999 -9999 -9999 -9999 -9999 -9999 16.960502204571 13.057298487518 13.6798150432296 13.5439084910322 15.6261998892117 15.0806660264681 14.6964247410651 17.4338138314779 -9999 13.5632007667795 14.1673573872074 14.2102450485341 13.255241539795 13.6998962224461 14.4737388072535 14.3102206336334 14.5038605760783 15.1012756577693 14.5052949460223 15.0610272371396 -9999 14.5949430675246 14.6946317786351 14.7914517498575 14.7039551832713 14.4758903621696 14.411343714688 14.8595843221992 14.9614245882258
-9999 -9999 -9999 -9999 -9999 -9999 -9999 -9999 -9999 -9999 -9999 -9999 14.4601122927852 13.7375208494397 14.4149296395481 14.4744559922256 14.3690298013389 14.6953489636071 14.8603015071712 -9999 -9999 -9999 -9999 -9999 -9999 11.894999734126 10.4195124354352 16.1701886310641 14.4895168766379 14.9965666518547 14.5425885645673 14.1022369917482 13.8417195506627 13.2667164993472 13.8849996896461 12.8306457635351 14.8654045540875 13.6446729796007 14.4414654835127 14.4780419170856 14.3926969054155 14.8552812123671 15.1105990624055 14.3360392926261 14.8129672990181 14.8760795765556 15.1098818774335 15.0424664900638 15.0833460334688 14.9951322819106 14.8452406227589 14.771370570641 14.8244422585703 14.9513839986175 14.9499496286735 14.8724936516955 14.9183934899047 15.0675679640844 15.2318033226766 14.9255653396249 15.0331430854276 15.3989074211568
-9999 -9999 -9999 -9999 -9999 -9999 -9999 -9999 -9999 15.4525680556856 13.5198827944696 13.6697744536214 14.4830622118898 14.9413434090093 14.8947263858281 15.0345774553716 15.0725882588886 13.9803155465052 14.9872432472184 14.9599902182817 15.1851862994954 13.4998016152531 14.6272163912654 15.0403149351478 14.7405316168442 14.5547807090916 -9999 14.7631229434628 14.5425885645673 14.8337656632066 14.5648212986998 14.1481368299574 14.1208838010207 14.4966887263581 15.4901298511342 16.1199996396899 13.8324361329583 14.9750511026941 14.5906399576925 14.6315195010975 14.334604922682 15.129245871678 15.368785652332 15.5222632363439 15.0274056056514 15.5638599647209 15.5072023519315 15.5000305022113 15.5000305022113 15.3845637217164 15.2640766464174 15.089083513245 15.2332376926206 15.2762687909417 15.3336435887031 15.3350779586472 15.4240088951774 15.3867152766325 15.3946043113247 15.447675999254 15.528717901092 15.5516678201966
-9999 -9999 -9999 -9999 -9999 -9999 -9999 -9999 13.8986495075463 14.3389080325142 14.5784478131682 14.7096926630475 14.9621417731978 15.0517898947001 15.2404095423408 15.4146854905412 15.2203283631243 15.1952268891037 15.1909237792715 15.0718710739166 14.9470808887854 14.9327371893451 14.8954435708001 14.9743339177221 14.8316141082905 14.7577440561727 14.732642582152 14.9018982355483 14.9721823628061 15.169408230111 15.4146854905412 15.3142795944586 15.330057663843 15.1966612590477 14.7469862815924 15.0216681258753 15.407513640821 15.4340494847856 15.4017761610448 15.4376354096457 15.7395702828653 15.7739951615222 15.9540085894987 15.9475539247505 15.8973509767093 15.7323984331451 15.5882442537695 15.6054566930979 15.6829126700759 15.7180547337048 15.6405987567268 15.6377300168388 15.7180547337048 15.5208288663998 15.5373241207562 15.5803552190773 15.3436841783114 15.3350779586472 15.446958814282 15.3867152766325 15.5882442537695 15.5236976062879
-9999 -9999 -9999 -9999 -9999 -9999 -9999 -9999 15.289178120438 14.9944150969386 15.0733054438606 15.1328317965381 15.248298577033 15.4347666697577 15.408948010765 15.5208288663998 15.2812890857458 15.2318033226766 15.2117221434601 15.0697195190005 14.8136844839901 14.8294625533745 14.8567155823112 15.0066072414629 14.9571214783937 14.97003080789 15.1062959525734 15.0733054438606 15.1751457098871 15.2647938313894 15.3623309875838 15.4225745252334 15.4390697795898 15.3752403170802 15.248298577033 15.1156193572097 15.2662282013334 15.4713431033306 15.6535080862232 15.6850642249919 15.8198949997313 15.7861873060465 15.8987853466533 15.9045228264295 15.8392589939758 15.8571886182763 15.7962278956547 15.8127231500112 15.728812508285 15.8894619420171 15.8930478668772 15.5588396699168 15.5115054617636 15.4562822189182 15.3322092187591 15.36806846736 15.3350779586472 15.3013702649623 15.4125339356251 15.4053620859049 15.4218573402613 15.5652943346649
12.4317044630991 9.40499978978187 -9999 -9999 -9999 -9999 -9999 -9999 15.0288399755955 15.1600848254748 15.3616138026118 15.2231971030124 15.1909237792715 15.4842524328269 15.526566346176 15.5767692942172 15.4297463749535 15.3738059471361 15.3071077447385 15.3128452245146 15.0690023340285 14.9901119871065 15.0776085536927 15.287743750494 15.2196111781523 15.2396923573688 15.2275002128445 15.2052674787119 15.3078249297105 15.2210455480963 15.5739005543292 15.1192052820697 15.1564989006147 15.2325205076486 15.0926694381051 15.290612490382 15.3530075829476 15.6506393463351 15.9360789651982 16.0544144855812 15.9152806010097 15.7754295314662 15.9102603062056 15.9812616184354 15.884441647213 15.6786095602438 15.6606799359433 15.7094485140406 15.5968504734337 15.688650149852 15.6721548954956 15.7015594793484 15.3967558662407 15.3164311493747 15.3250373690389 15.3343607736751 15.3716543922201 15.4010589760728 15.4942930224352 15.649204976391 15.5315866409801 15.4770805831067
14.5289620500989 14.5942258825526 14.6881771138869 14.5784478131682 14.4751731771976 -9999 16.1899624452926 14.7814111602493 14.9356059292331 15.131397426594 15.4161198604852 15.3444013632834 15.289178120438 15.329340478871 15.209570588544 15.36806846736 15.4426557044499 15.5215460513718 15.4448072593659 15.3400982534513 15.4534134790301 15.3802606118843 15.3544419528916 15.4806665079668 15.2985015250742 15.2963499701582 15.3429669933394 15.4254432651214 15.3465529181994 15.4792321380228 15.5172429415397 15.4656056235544 15.1894894093275 15.3329264037311 15.5387584907003 15.4010589760728 15.4534134790301 15.5911129936576 15.9482711097226 16.1010315087624 15.8636432830244 15.8249152945355 15.8586229882203 15.8127231500112 15.6922360747121 15.7797326412983 15.5767692942172 15.6728720804676 15.6771751902997 15.2160252532922 15.8098544101231 15.6140629127622 15.6786095602438 15.6728720804676 15.6262550572865 15.6398815717548 15.566728704609 15.5409100456163 15.5710318144411 15.5803552190773 15.5825067739934 15.5107882767916
14.8531296574511 14.9492324437015 14.9614245882258 14.8782311314717 14.7498550214805 14.8352000331506 15.1335489815101 15.0639820392244 15.289178120438 15.3573106927797 15.288460935466 15.248298577033 15.3063905597664 15.3307748488151 15.4024933460169 15.4182714154013 15.3157139644027 15.5100710918196 15.487838357687 15.5538193751127 15.5337381958961 15.2569047966972 15.2662282013334 15.2640766464174 15.4548478489742 15.3415326233953 15.407513640821 15.3522903979756 15.5502334502526 15.4742118432187 15.3551591378637 15.4713431033306 15.5789208491333 15.6671346006915 15.6169316526502 15.4756462131627 15.7058625891805 15.8241981095634 15.7230750285089 15.847148028668 15.7352671730332 15.7632373869419 15.7359843580052 15.7897732309066 15.8442792887799 15.8241981095634 15.9590288843028 15.9038056414574 15.8206121847034 15.527283531148 15.6578111960553 15.5631427797489 15.6513565313071 15.4577165888622 15.2153080683202 15.2741172360256 15.7531967973337 15.7159031787887 15.6707205255516 15.5215460513718 15.4856868027709 15.4770805831067
14.9169591199607 14.9442121488973 14.9965666518547 15.168691045139 15.0668507791124 15.2332376926206 15.1722769699991 15.170842600055 15.207419033628 15.2418439122848 15.2117221434601 15.2619250915013 15.3386638835073 15.3458357332274 15.4598681437783 15.5136570166796 15.4785149530508 15.5416272305883 15.569597444497 15.4993133172393 15.4412213345058 15.44982755417 15.5401928606443 15.3881496465765 15.2576219816692 15.3953214962967 15.5531021901406 15.5789208491333 15.3314920337871 15.3106936695985 15.3953214962967 15.5652943346649 15.5401928606443 15.5516678201966 15.5193944964558 15.7237922134809 15.6778923752718 15.8112887800671 15.8098544101231 15.7768639014103 15.6255378723145 15.7603686470538 15.7015594793484 15.7119586614426 15.4856868027709 15.6154972827062 16.0307473815046 15.7761467164382 14.9614245882258 15.8335215141997 15.2626422764733 15.366634097416 15.0467695998959 15.0403149351478 15.1715597850271 15.4455244443379 15.448393184226 15.5459303404205 15.529435086064 15.4713431033306 15.4577165888622 15.5179601265118
14.7993407845497 14.929151264485 15.010910351295 15.1357005364262 15.0733054438606 15.1220740219578 15.1235083919019 15.088366328273 15.0646992241964 15.0933866230771 15.0395977501757 15.2734000510536 15.3071077447385 15.3573106927797 15.3981902361847 15.3723715771921 15.4053620859049 15.5193944964558 15.5724661843851 15.5903958086856 15.5236976062879 15.4146854905412 15.4985961322673 15.6628314908594 15.4225745252334 15.6018707682379 15.5954161034897 15.5495162652805 15.6276894272305 15.7496108724736 15.7223578435369 15.6994079244323 15.6047395081259 15.5531021901406 15.5760521092452 15.9482711097226 16.0881221792661 15.9726553987712 15.9999084277079 15.9425336299464 16.0199896069244 15.645619051531 15.8191778147593 15.6972563695163 15.5803552190773 15.5606326323468 15.4817422854248 15.7388530978933 15.7689748667181 15.2780617533717 14.9026154205203 14.9449293338694 14.7950376747176 14.8552812123671 15.1658223052509 15.4828180628829 15.4785149530508 15.4971617623232 15.3824121668003 15.3207342592068 15.1098818774335 15.3128452245146
14.6759849693626 14.850260917563 14.8187047787942 14.9442121488973 14.9377574841492 14.9434949639253 15.0037385015748 14.9779198425822 15.008041611407 15.0625476692803 15.1529129757546 15.1643879353069 15.1256599468179 15.2454298371449 15.3329264037311 15.2454298371449 15.1988128139637 15.5430616005324 15.5903958086856 15.5638599647209 15.6341440919787 15.5588396699168 15.6154972827062 15.8005310054868 15.7539139823057 15.7797326412983 15.7926419707946 15.727378138341 16.045808265917 15.9905850230716 16.0013427976519 16.0085146473721 15.5323038259521 15.6441846815869 15.8241981095634 15.8170262598433 15.9375133351423 16.1827905955724 15.9410992600024 15.7696920516901 15.5997192133218 15.6269722422585 15.9497054796666 15.5050507970154 15.766464719316 15.8328043292277 15.4136097130831 15.4118167506531 15.369502837304 14.9528183685616 14.9764854726382 14.9277168945409 14.9635761431418 15.3257545540109 15.3142795944586 15.6449018665589 15.6391643867828 15.5860926988535 15.5043336120434 15.4648884385824 15.3214514441788 15.3723715771921
14.6085695819929 14.7541581313126 14.7412488018163 14.7577440561727 14.7799767903052 14.8402203279547 14.8854029811919 14.9262825245969 14.9542527385056 15.0431836750358 15.0460524149239 14.9980010217987 15.0869319583289 15.1321146115661 15.1751457098871 15.3845637217164 15.4821008779109 15.5538193751127 15.6908017047681 15.7517624273896 15.7130344389006 15.7574999071658 15.6305581671186 15.5466475253925 15.4713431033306 15.3960386812687 15.5409100456163 15.5523850051686 15.6750236353837 15.9131290460937 15.9848475432955 15.9052400114015 15.5473647103645 15.7496108724736 15.5301522710361 15.68793296488 15.8916134969331 15.8112887800671 15.9066743813455 16.0099490173161 16.0422223410569 15.9468367397785 15.5997192133218 15.9450437773485 15.3400982534513 15.1478926809505 15.167973860167 15.0955381779931 14.9800713974983 14.8732108366676 14.9671620680019 14.7276222873479 14.8545640273951 15.5150913866237 14.5766548507381 14.532906567445 15.6449018665589 15.5366069357842 15.3723715771921 15.2701727186795 14.610003951937 14.410985122202
14.3905453504995 14.6594897150062 14.6946317786351 14.8251594435424 14.7907345648855 14.8818170563318 14.8086641891859 14.8215735186823 15.0460524149239 14.9958494668826 14.9736167327501 15.049638339784 15.2188939931802 15.170125415083 15.2461470221169 15.4756462131627 15.6685689706355 15.7761467164382 15.8916134969331 15.8320871442556 15.805551300291 15.8485823986121 15.7747123464942 15.5043336120434 15.5150913866237 15.52800071612 15.4684743634425 15.9396648900583 15.9805444334634 15.9432508149184 15.5183187189978 15.2283966940595 14.1997741479427 15.8629260980524 15.3408154384233 15.248298577033 15.52800071612 15.649204976391 15.8536026934162 15.925321190618 15.68793296488 15.8320871442556 15.1729941549711 15.2239142879844 15.2239142879844 15.2016815538518 15.1658223052509 15.1349833514541 15.3752403170802 14.8947263858281 14.7789010128472 14.6455046080519 14.5433057495393 15.6391643867828 15.5208288663998 15.6147800977342 17.4509124360949 18.3049995908514 -9999 -9999 -9999 -9999
14.3826563158073 14.5368510847911 14.6824396341108 14.7742393105291 14.9406262240373 14.9470808887854 14.9664448830299 14.9764854726382 15.1859034844674 15.2081362186 15.1407208312303 15.2547532417811 15.3874324616045 15.4713431033306 15.566011519637 15.567445889581 15.5703146294691 15.5645771496929 15.6642658608034 15.6119113578461 15.7574999071658 15.7725607915781 15.7639545719139 15.5502334502526 15.5652943346649 15.44624162931 15.8328043292277 15.8213293696754 15.7610858320259 15.5448545629624 15.4627368836664 15.2547532417811 15.2511673169211 15.8127231500112 14.888988906052 14.8545640273951 15.2153080683202 15.489272727631 15.4530548865441 15.5240561987739 15.3888668315485 15.3809777968563 15.3135624094866 15.2432782822289 15.1557817156427 15.0819116635248 14.8452406227589 15.4756462131627 15.207419033628 14.9807885824703 14.7627643509768 14.8172704088502 14.5027847986203 14.5164830315858 15.0675488391519 -9999 -9999 -9999 -9999 -9999 -9999 -9999
14.1459852750413 14.3690298013389 14.6824396341108 14.7871486400254 14.8983123106882 15.089083513245 15.1995299989358 15.1091646924615 15.248298577033 15.4634540686384 15.369502837304 15.2683797562495 15.5315866409801 15.6255378723145 15.6391643867828 15.687215779908 15.7022766643204 15.6994079244323 15.7531967973337 13.8246864075772 15.8521683234721 15.7352671730332 15.5968504734337 15.5774864791892 15.4749290281907 15.6829126700759 15.1801660046913 15.6800439301878 15.5337381958961 15.6549996500835 13.2599997036159 10.2915258704286 14.5397198246792 14.5399996750057 -9999 16.4749996317551 15.5484404878225 15.7876216759905 15.0747398138046 15.327906108927 15.3056733747944 15.2267830278724 15.367351282388 15.2518845018931 15.2239142879844 15.1177709121257 15.1952268891037 15.1414380162023 15.0847804034129 14.9076357153244 15.3781090569682 15.5574052999727 15.568163074553 -9999 -9999 -9999 -9999 -9999 -9999 -9999 -9999 -9999
14.1459852750413 14.3424939573742 14.5418713795952 14.7233191775158 14.9133731951006 14.9356059292331 15.4168370454572 15.4240088951774 15.4720602883026 15.4555650339462 15.5229804213159 15.7015594793484 15.6821954851039 15.7015594793484 15.44982755417 15.5043336120434 15.646336236503 15.6965391845442 15.8091372251511 15.7151859938167 15.2117221434601 15.4720602883026 15.7933591557667 15.0725882588886 15.369502837304 15.2590563516133 15.7001251094043 15.7022766643204 15.607608248014 -9999 -9999 -9999 -9999 -9999 16.3799996338785 17.2525066838359 14.6487319404259 14.8975951257162 15.050355524756 15.1980956289917 15.4785149530508 15.3465529181994 15.3063905597664 15.3752403170802 15.3816949818283 15.3759575020522 15.2662282013334 15.1894894093275 15.1206396520138 14.8373515880667 14.5504775992595 15.4526962940581 17.2476309827762 -9999 -9999 -9999 -9999 -9999 -9999 -9999 -9999 -9999
13.932981338352 13.7830896792002 14.0254981997423 14.6322366860695 14.9083529002964 14.532547974959 14.5813165530562 15.6714377105236 15.6671346006915 15.6951048146002 16.047242635861 15.8521683234721 15.9088259362616 15.3365123285912 15.526566346176 15.4756462131627 15.5652943346649 15.7144688088447 15.6176488376223 15.1851862994954 14.569841593504 15.4677571784705 15.6786095602438 15.6915188897401 15.648487791419 15.6298409821466 15.3350779586472 15.4283120050095 15.0670300753554 15.8449996458367 -9999 -9999 -9999 -9999 -9999 18.4799995869398 14.4948957639281 14.3998687551357 14.929868449457 14.9915463570505 15.0360118253157 15.130680241622 15.1184880970977 15.3192998892628 15.249732946977 15.2432782822289 15.2224799180403 15.2188939931802 15.1521957907826 14.9105044552125 14.9836573223583 14.0814386275597 12.6873744789511 14.2025564187206 8.82401813603817 21.4146877010276 -9999 -9999 -9999 -9999 -9999 -9999
14.1079744715244 14.1904507433064 14.333170552738 14.3991515701637 14.5146183506586 14.4809106569737 15.4720602883026 15.7137516238727 15.6018707682379 15.6771751902997 15.9905850230716 15.7309640632011 15.8414105488919 15.7625202019699 15.3149967794307 15.2655110163614 15.5760521092452 15.7352671730332 15.6513565313071 15.7818841962144 15.688650149852 15.6413159416988 15.6233863173984 15.1364177213982 15.449110369198 15.3508560280316 14.970747992862 15.327188923955 15.3752403170802 14.3952070528176 16.2555961800504 24.7149994475767 -9999 -9999 -9999 -9999 13.9126610974781 13.9981256399769 15.1093559417874 14.7426831717603 13.8457238334231 14.9348887442611 14.4852137668058 14.5961383758113 14.4272652210668 15.12996305665 14.9348887442611 14.9198278598487 14.9277168945409 14.689611483831 14.095065142028 13.8024536734447 14.0610705743544 9.86999977938831 -9999 -9999 -9999 -9999 -9999 -9999 -9999 -9999
14.1667836392298 14.2844019746408 14.4256874141283 14.7893001949415 14.7735221255571 14.8478703009896 15.5502334502526 15.8830072772689 16.0752128497697 15.9948881329037 15.8220465546474 16.2927589579485 16.205740514677 16.046525450889 15.0302743455395 15.4584337738343 15.6226691324264 15.6255378723145 15.5903958086856 15.768257681746 15.7990966355428 15.7381359129213 15.2647938313894 15.2131565134041 15.1464583110064 15.1722769699991 15.170125415083 15.0553758195601 14.8753623915836 14.8961607557721 16.0625437215453 -9999 -9999 -9999 -9999 -9999 -9999 -9999 -9999 -9999 -9999 -9999 -9999 -9999 -9999 -9999 13.9693187102675 14.928434079513 15.087649143301 12.9303567474708 20.4013311466943 21.2299995254725 -9999 -9999 -9999 -9999 -9999 -9999 -9999 -9999 -9999 -9999
14.1180150611326 14.2571489457041 14.3561204718426 14.4751731771976 15.6900845197961 15.6097598029301 12.6647592461668 14.2695801518857 16.1060518035665 16.1799218556844 16.3709321198985 16.576286083553 16.2340693210717 16.2638324974105 15.5703146294691 15.5581224849448 15.6979735544883 15.9705038438551 15.8292184043676 15.6965391845442 15.6628314908594 15.646336236503 15.5487990803085 15.5810724040493 11.0012366276041 15.5549996523187 15.168691045139 15.2267830278724 14.9980010217987 14.8151188539341 15.3924527564086 15.5123942736037 20.1094435160048 -9999 -9999 -9999 -9999 -9999 -9999 -9999 -9999 -9999 -9999 -9999 -9999 -9999 -9999 -9999 -9999 -9999 -9999 -9999 -9999 -9999 -9999 -9999 -9999 -9999 -9999 -9999 -9999 -9999
14.1043885466643 14.2198553271592 14.4472029632889 14.7971892296337 15.0969725479372 15.1414380162023 15.1909237792715 15.8406933639199 16.0551316705532 16.1003143237904 16.1701203277335 16.445280295331 16.4746848791838 16.3265861824621 15.6695252172649 15.7797326412983 15.8349558841437 15.8951994217932 15.7402874678373 15.7833185661584 15.4577165888622 15.210287773516 15.3788262419403 15.1141849872656 15.1400036462583 15.2396923573688 15.2604907215573 15.1966612590477 15.0747398138046 14.9843745073304 15.5150913866237 13.5616588190896 -9999 -9999 -9999 -9999 -9999 -9999 -9999 -9999 -9999 -9999 -9999 -9999 -9999 -9999 -9999 -9999 -9999 -9999 -9999 -9999 -9999 -9999 -9999 -9999 -9999 -9999 -9999 -9999 -9999 -9999
14.1854304485023 14.4084749747999 14.5970946224406 14.7907345648855 15.0862147733569 15.1113162473775 15.2253486579284 14.968596437946 15.9145634160377 16.0228583468124 16.0501113757491 15.8033997453749 15.647053421475 15.3963972737547 16.1949827400967 16.3850367576815 16.2215185840614 15.8808557223529 15.7402874678373 15.6420331266709 15.3816949818283 15.2447126521729 15.2031159237958 15.2009643688798 15.3781090569682 15.2820062707178 15.2734000510536 14.9535355535336 14.6006805473007 14.4271217840724 13.6984618525021 14.0713980379514 18.6449438267155 -9999 -9999 -9999 -9999 -9999 -9999 -9999 -9999 -9999 -9999 -9999 -9999 -9999 -9999 -9999 -9999 -9999 -9999 -9999 -9999 -9999 -9999 -9999 -9999 -9999 -9999 -9999 -9999 -9999
13.9516281476244 14.2557145757601 14.6688131196424 14.7247535474598 14.9893948021345 15.2920468603261 15.407513640821 15.4283120050095 16.0221411618404 16.0558488555253 16.1160923931748 15.8392589939758 15.5466475253925 15.609042617958 15.5502334502526 15.7230750285089 15.7969450806268 15.7424390227534 15.6778923752718 15.4691915484145 15.6922360747121 15.6592455659993 15.5617084098049 15.0639820392244 15.1514786058106 15.287743750494 15.4125339356251 14.6064180270769 14.9262825245969 14.8402203279547 14.5390026397072 12.8839190205326 14.0810209995973 -9999 -9999 -9999 -9999 -9999 -9999 -9999 -9999 -9999 -9999 -9999 -9999 -9999 -9999 -9999 -9999 -9999 -9999 -9999 -9999 -9999 -9999 -9999 -9999 -9999 -9999 -9999 -9999 -9999
