EcologicalScience/Bass/data/rs_data_bass/sst_121.asc
NCOLS 226 
NROWS 124 
XLLCORNER -9.41648524995501 
YLLCORNER 47.587301625531 
CELLSIZE 0.0833 
NODATA_value -9999 
[rows 81 to 107 of 124, columns 62 to 123 of 226]
17.3266662793855 -9999 -9999 -9999 -9999 -9999 -9999 -9999 -9999 -9999 -9999 -9999 -9999 -9999 -9999 -9999 -9999 -9999 -9999 -9999 -9999 -9999 -9999 -9999 -9999 -9999 -9999 -9999 -9999 -9999 -9999 -9999 -9999 -9999 -9999 -9999 -9999 -9999 -9999 -9999 -9999 -9999 -9999 -9999 -9999 -9999 -9999 -9999 -9999 -9999 -9999 -9999 -9999 -9999 -9999 -9999 -9999 -9999 -9999 -9999 -9999 -9999
18.069999596104 -9999 -9999 -9999 -9999 -9999 -9999 -9999 -9999 -9999 -9999 -9999 -9999 -9999 -9999 -9999 -9999 -9999 -9999 -9999 -9999 -9999 -9999 -9999 -9999 -9999 -9999 -9999 -9999 -9999 -9999 -9999 -9999 -9999 -9999 -9999 -9999 -9999 -9999 -9999 -9999 -9999 -9999 -9999 -9999 -9999 -9999 -9999 -9999 -9999 -9999 -9999 -9999 -9999 -9999 -9999 -9999 -9999 -9999 -9999 -9999 -9999
-9999 -9999 -9999 -9999 -9999 -9999 -9999 -9999 -9999 -9999 -9999 -9999 -9999 -9999 -9999 -9999 -9999 -9999 -9999 -9999 -9999 -9999 -9999 -9999 -9999 -9999 -9999 -9999 -9999 -9999 -9999 -9999 -9999 -9999 -9999 -9999 -9999 -9999 -9999 -9999 -9999 -9999 -9999 -9999 -9999 -9999 -9999 -9999 -9999 -9999 -9999 -9999 -9999 -9999 -9999 -9999 -9999 -9999 -9999 -9999 15.9994996423833 -9999
-9999 -9999 -9999 -9999 -9999 -9999 -9999 -9999 -9999 -9999 -9999 -9999 -9999 -9999 -9999 -9999 -9999 -9999 -9999 -9999 -9999 -9999 -9999 -9999 -9999 -9999 -9999 -9999 -9999 -9999 -9999 -9999 -9999 11.3199997469783 11.209999749437 11.1449997508898 -9999 -9999 -9999 -9999 -9999 -9999 -9999 -9999 -9999 -9999 -9999 -9999 -9999 -9999 -9999 -9999 -9999 -9999 -9999 -9999 17.2699996139854 16.9599996209145 17.3099996130913 17.6899996045977 17.5649996073917 17.842499601189
-9999 -9999 -9999 -9999 -9999 -9999 -9999 -9999 -9999 -9999 -9999 -9999 -9999 -9999 -9999 -9999 -9999 -9999 -9999 -9999 -9999 -9999 -9999 -9999 -9999 -9999 -9999 -9999 -9999 -9999 -9999 -9999 -9999 18.4257138738675 18.4257138738675 18.8749995781109 18.8099995795637 18.7349995812401 18.7299995813519 18.7449995810166 9.76349978176877 -9999 18.6271424407938 18.1249995948747 17.9699995983392 17.8999995999038 17.8899996001273 17.8349996013567 17.7699996028095 17.7099996041507 17.634999605827 18.919999577105 16.6879149132603 -9999 18.3383329234396 17.1099996175617 17.0299996193498 17.0699996184558 17.2699996139854 17.2499996144325 17.219999615103 17.3049996132031
-9999 -9999 -9999 -9999 -9999 -9999 -9999 -9999 -9999 -9999 -9999 -9999 12.9699997100979 17.5833329403152 17.7524996032007 17.9099995996803 18.0199995972216 17.6112496063579 16.7783329583084 -9999 -9999 -9999 -9999 -9999 -9999 11.894999734126 11.6675016924777 18.1299995947629 18.4149995883927 18.3949995888397 18.3949995888397 18.3749995892867 18.3299995902926 19.0749995736405 19.5449995631352 -9999 18.7449995810166 18.4049995886162 18.4649995872751 18.3749995892867 17.4249996105209 17.3349996125326 17.2999996133149 17.3099996130913 17.5349996080622 17.3299996126443 17.4599996097386 17.3899996113032 17.4499996099621 17.509999608621 17.4849996091798 17.4499996099621 17.5649996073917 18.1849995935336 18.2999995909631 16.3199996352196 16.5999996289611 16.8899996224791 16.9849996203557 16.9249996216968 17.0349996192381 16.9899996202439
-9999 -9999 -9999 -9999 -9999 -9999 -9999 -9999 17.5394149781582 9.64166645115862 16.4749996317551 16.4749996317551 16.4799996316433 17.8149996018037 17.7499996032566 16.1849996382371 16.20499963779 16.1399996392429 15.8549996456131 18.10999959521 18.3483329232161 17.6049996064976 17.5249996082857 17.5699996072799 17.5499996077269 17.5199996083975 15.1932809104037 18.2099995929748 18.2499995920807 18.0099995974451 17.9049995997921 18.3249995904043 18.5749995848164 18.5499995853752 18.5399995855987 18.4024995886721 19.249999569729 18.1499995943159 18.1699995938689 17.9049995997921 18.0249995971099 17.8949996000156 17.1599996164441 16.6849996270612 16.8899996224791 17.1699996162206 17.2549996143207 17.0049996199086 16.8099996242672 17.592499606777 17.4074996109121 17.1399996168911 17.1399996168911 17.7124996040948 16.6999996267259 16.7999996244907 16.8549996232614 16.8449996234849 16.7449996257201 16.9199996218085 17.0599996186793 17.1099996175617
-9999 -9999 -9999 -9999 -9999 -9999 -9999 -9999 16.65999962762 16.4399996325374 16.2649996364489 16.349999634549 17.7349996035919 17.7199996039271 18.0349995968863 16.2549996366724 16.2649996364489 16.1599996387959 16.2649996364489 16.0399996414781 17.2999996133149 17.2149996152148 17.1249996172264 17.384999611415 17.4999996088445 17.529999608174 17.7399996034801 18.0849995957687 18.1949995933101 18.0649995962158 17.9899995978922 18.0099995974451 17.9099995996803 18.4899995867163 18.5949995843694 18.5199995860457 18.4949995866045 18.4199995882809 18.0649995962158 17.8449996011332 17.2049996154383 17.2449996145442 17.2599996142089 17.3699996117502 17.344999612309 17.19999961555 17.1799996159971 17.0349996192381 16.8349996237084 16.8449996234849 16.7049996266142 16.4899996314198 16.5299996305257 16.369999634102 16.7049996266142 16.5449996301904 16.4799996316433 16.4499996323138 16.764999625273 16.8199996240437 17.1349996170029 17.1949996156618
-9999 -9999 -9999 -9999 -9999 -9999 -9999 -9999 16.5349996304139 16.4899996314198 15.8399996459484 17.8099996019155 17.779999602586 17.7349996035919 15.8499996457249 16.0899996403605 16.4399996325374 16.1699996385723 16.4099996332079 16.4499996323138 16.9599996209145 17.0249996194616 17.0349996192381 17.1499996166676 17.3249996127561 17.4699996095151 17.4999996088445 17.5799996070564 17.7899996023625 17.7449996033683 17.7649996029213 17.8849996002391 17.924999599345 18.1849995935336 18.4849995868281 18.6449995832518 18.6649995828047 18.6749995825812 18.3349995901808 17.8299996014684 17.3199996128678 17.4849996091798 17.5149996085092 17.3749996116385 17.1749996161088 17.0799996182323 17.0649996185675 16.9649996208027 16.8399996235967 16.7199996262789 16.7899996247143 16.7099996265024 16.6749996272847 16.1249996395782 15.8749996451661 16.7049996266142 16.6849996270612 17.2249996149912 17.2849996136501 16.9249996216968 17.0599996186793 16.9649996208027
10.2304647006866 9.40499978978187 -9999 -9999 -9999 -9999 -9999 -9999 16.867499622982 17.8916662667568 17.6824996047653 16.2499996367842 16.2499996367842 14.0849996851757 14.4649996766821 15.8599996455014 16.3199996352196 16.7899996247143 17.074999618344 17.1149996174499 16.8949996223673 17.0449996190146 17.1099996175617 17.1149996174499 17.0349996192381 16.9799996204674 16.9199996218085 16.9949996201321 17.1049996176735 17.0799996182323 17.364999611862 17.5049996087328 17.6649996051565 17.7149996040389 17.7849996024743 18.0849995957687 18.254999591969 18.1899995934218 18.1699995938689 17.9199995994568 17.6599996052682 17.4949996089563 17.3199996128678 17.1899996157736 17.1699996162206 17.1599996164441 17.094999617897 16.9749996205792 16.8199996240437 16.6949996268377 16.6199996285141 16.6249996284023 16.5899996291846 16.7349996259436 16.8799996227026 16.7449996257201 16.9599996209145 17.4999996088445 17.5149996085092 17.5199996083975 17.529999608174 17.5699996072799
15.189999660477 17.3074996131472 17.2924996134825 17.1899996157736 17.3766662782679 -9999 16.1899624452926 17.5033329421033 17.6766662715624 17.8787496003788 17.8016662687684 17.467499609571 17.1024996177293 16.9849996203557 16.4674996319227 14.2449996815994 15.9799996428192 16.1399996392429 16.2899996358901 16.6449996279553 16.4299996327609 16.4449996324256 16.6999996267259 16.7199996262789 16.5599996298552 16.5649996297434 16.5499996300787 16.4799996316433 16.5049996310845 16.5999996289611 16.6999996267259 16.784999624826 16.9349996214733 16.9699996206909 16.9999996200204 17.0499996189028 17.1649996163324 17.1749996161088 17.1349996170029 17.0899996180087 16.9899996202439 17.2899996135384 17.0699996184558 16.9449996212497 16.949999621138 17.0299996193498 17.0199996195734 16.8749996228144 16.7549996254966 16.7049996266142 16.7349996259436 16.7049996266142 16.7599996253848 16.929999621585 17.1549996165559 16.5049996310845 16.6999996267259 17.4149996107444 17.5849996069446 17.5899996068329 17.7049996042624 17.7599996030331
15.2499996591359 15.809999646619 16.4699996318668 15.3499996569008 15.4299996551126 15.519999653101 15.5499996524304 15.374999656342 16.3099996354431 16.2749996362254 16.0949996402487 17.7533329365154 15.4299996551126 15.3049996579066 15.1049996623769 15.624999650754 15.7549996478483 15.9199996441603 16.1349996393546 16.099999640137 16.1349996393546 16.1949996380135 16.1599996387959 16.3099996354431 16.2849996360019 16.2349996371195 16.3099996354431 16.3249996351078 16.3299996349961 16.3249996351078 16.2599996365607 16.3099996354431 16.3599996343255 16.5249996306375 16.5049996310845 16.6949996268377 16.8399996235967 16.8849996225908 16.4299996327609 16.4349996326491 16.5599996298552 16.5249996306375 16.4399996325374 16.6799996271729 16.7799996249378 16.7699996251613 16.7699996251613 16.8199996240437 16.8149996241555 16.7799996249378 16.7599996253848 16.7099996265024 16.6749996272847 16.6949996268377 16.8949996223673 16.949999621138 17.6499996054918 17.9899995978922 17.8049996020272 17.7499996032566 17.9399995990098 18.0649995962158
16.804999624379 16.9199996218085 15.2549996590242 15.334999657236 15.4449996547773 16.4549996322021 16.4999996311963 16.4799996316433 16.4449996324256 16.3599996343255 15.5649996520951 15.4949996536598 15.7149996487424 15.7499996479601 15.7849996471778 16.0299996417016 15.4349996550009 15.374999656342 15.8199996463954 16.1149996398017 15.9999996423721 15.8399996459484 15.9649996431544 16.2749996362254 16.2949996357784 16.2649996364489 16.1599996387959 16.20499963779 16.244999636896 16.1449996391311 16.4499996323138 16.4599996320903 16.4499996323138 16.4449996324256 16.4749996317551 16.5449996301904 16.6949996268377 16.7149996263906 16.6149996286258 16.6099996287376 16.65999962762 16.5399996303022 16.494999631308 16.6099996287376 16.6699996273965 16.7149996263906 16.8299996238202 16.8449996234849 16.9749996205792 16.7949996246025 16.7599996253848 16.6999996267259 16.6999996267259 16.7799996249378 16.9599996209145 17.1649996163324 17.5599996075034 18.0349995968863 18.2399995923042 18.214999592863 18.359999589622 18.4349995879456
17.509999608621 17.0149996196851 14.9099996667355 14.3549996791407 17.5824996070005 16.369999634102 16.3999996334314 16.3049996355549 16.3199996352196 15.9249996440485 15.1999996602535 15.4499996546656 14.4949996760115 15.6999996490777 15.8449996458367 15.9699996430427 15.934999643825 15.6899996493012 15.7299996484071 15.7299996484071 15.7499996479601 16.099999640137 16.0349996415898 16.0499996412545 16.2949996357784 16.3349996348843 16.20499963779 16.349999634549 16.2149996375665 16.2899996358901 16.3399996347725 16.3449996346608 16.4049996333197 16.5049996310845 16.5399996303022 16.5299996305257 16.6699996273965 16.7149996263906 16.7199996262789 16.6499996278435 16.8099996242672 16.8199996240437 16.8599996231496 16.8949996223673 16.8699996229261 17.0049996199086 17.0799996182323 17.0299996193498 17.0399996191263 17.0599996186793 16.909999622032 16.7949996246025 16.8599996231496 16.909999622032 16.9649996208027 17.1949996156618 17.5149996085092 18.1049995953217 18.3849995890632 18.8749995781109 18.7649995805696 18.7599995806813
18.2424995922484 17.1049996176735 17.0599996186793 17.0349996192381 13.7249996932223 15.4199996553361 16.0549996411428 16.0449996413663 15.7149996487424 15.5499996524304 15.5099996533245 15.1149996621534 15.0599996633828 15.3849996561185 15.5499996524304 15.5149996532127 15.7249996485189 15.6149996509776 15.8949996447191 15.8749996451661 15.8049996467307 15.8449996458367 15.934999643825 16.0699996408075 16.2099996376783 16.2949996357784 16.2549996366724 16.1499996390194 16.20499963779 16.2699996363372 16.3299996349961 16.3999996334314 16.4849996315315 16.7149996263906 17.054999618791 17.1399996168911 17.2249996149912 17.2149996152148 17.2449996145442 17.1499996166676 17.1699996162206 17.1499996166676 17.1549996165559 17.1149996174499 17.0649996185675 17.1949996156618 17.2749996138737 17.2349996147677 17.2699996139854 17.1149996174499 16.9199996218085 16.8549996232614 16.9699996206909 17.0699996184558 17.0499996189028 17.0849996181205 17.4549996098503 18.0049995975569 17.8349996013567 18.4099995885044 18.3549995897338 17.9099995996803
17.8249996015802 17.4999996088445 17.2649996140972 17.2499996144325 17.0199996195734 15.3399996571243 16.4449996324256 15.7349996482953 15.6349996505305 15.3149996576831 15.6599996499717 15.7649996476248 15.5099996533245 15.4049996556714 15.5799996517599 15.6499996501952 15.5349996527657 15.6199996508658 15.9399996437132 16.0899996403605 16.0699996408075 16.0099996421486 15.9399996437132 16.0249996418133 16.1399996392429 16.3549996344373 16.2949996357784 16.1549996389076 16.1199996396899 16.1949996380135 16.3999996334314 16.5399996303022 16.7549996254966 17.1499996166676 17.2999996133149 17.4349996102974 17.5749996071681 17.5849996069446 17.5549996076152 17.529999608174 17.3399996124208 17.2849996136501 17.2849996136501 17.2799996137619 17.2349996147677 17.2099996153265 17.5199996083975 17.384999611415 17.1649996163324 16.9749996205792 17.0249996194616 17.0899996180087 17.5899996068329 18.069999596104 18.2049995930865 18.3749995892867 18.4149995883927 18.069999596104 18.1799995936453 19.6424995609559 19.727499559056 19.582499562297
17.7349996035919 17.6449996056035 17.364999611862 17.364999611862 17.3199996128678 17.3399996124208 16.6699996273965 15.9049996444955 16.7499996256083 16.0399996414781 15.8649996453896 16.3749996339902 16.3599996343255 15.9649996431544 15.8499996457249 15.3649996565655 15.2699996586889 15.4549996545538 15.809999646619 15.9749996429309 16.1249996395782 16.0549996411428 15.9899996425956 15.9999996423721 16.2199996374547 16.4749996317551 16.5049996310845 16.4699996318668 16.4149996330962 16.4149996330962 16.7099996265024 16.8849996225908 17.1349996170029 17.3499996121973 17.4599996097386 17.5999996066093 17.7249996038154 17.7749996026978 17.7149996040389 17.7099996041507 17.7249996038154 17.5799996070564 17.4049996109679 17.2849996136501 17.2149996152148 17.1399996168911 17.4999996088445 17.3049996132031 17.3299996126443 17.3699996117502 17.3599996119738 17.2999996133149 18.0549995964393 18.4799995869398 18.504999586381 18.4799995869398 18.4999995864928 18.9733329092463 -9999 -9999 -9999 -9999
17.7899996023625 17.6099996063858 17.5549996076152 17.4849996091798 17.2499996144325 17.0449996190146 16.9349996214733 16.9399996213615 16.7599996253848 15.7599996477365 15.4349996550009 15.6749996496364 15.769999647513 15.6849996494129 15.8199996463954 15.7449996480718 15.6849996494129 15.8499996457249 15.8649996453896 16.1199996396899 15.8249996462837 15.8549996456131 16.099999640137 16.2149996375665 16.3599996343255 16.5649996297434 16.7449996257201 16.7999996244907 16.6699996273965 16.9249996216968 16.9399996213615 17.0499996189028 17.1549996165559 17.2449996145442 17.4999996088445 17.8149996018037 17.9549995986745 17.7549996031448 17.634999605827 17.5849996069446 17.65499960538 17.5699996072799 17.4749996094033 17.6499996054918 17.7549996031448 17.8249996015802 18.0149995973334 17.6299996059388 17.7249996038154 17.8349996013567 17.7049996042624 17.6199996061623 18.5899995844811 18.524999585934 18.6049995841458 12.4599997214973 -9999 -9999 -9999 -9999 -9999 -9999
17.7699996028095 17.4199996106327 17.5599996075034 17.1649996163324 16.8299996238202 16.6049996288493 16.6049996288493 16.2849996360019 15.9099996443838 16.0199996419251 15.7049996489659 16.0049996422604 15.7799996472895 15.8749996451661 15.7449996480718 16.1299996394664 16.0499996412545 16.0749996406958 16.0249996418133 15.954999643378 15.9249996440485 16.0399996414781 16.3049996355549 16.5049996310845 16.4849996315315 16.6499996278435 16.6949996268377 16.8249996239319 16.9249996216968 16.9749996205792 13.9427355374122 15.8124996465631 15.8124996465631 -9999 -9999 18.234999592416 18.1199995949864 17.9099995996803 17.7949996022508 17.8349996013567 18.0049995975569 17.7549996031448 17.964999598451 18.0349995968863 17.9699995983392 17.8749996004626 17.8099996019155 17.9849995980039 18.0449995966628 17.9499995987862 19.3474995675497 19.3724995669909 19.3374995677732 -9999 -9999 -9999 -9999 -9999 -9999 -9999 -9999 -9999
16.7349996259436 16.6049996288493 17.2449996145442 16.8149996241555 16.514999630861 16.7249996261671 16.3199996352196 15.1499996613711 15.3799996562302 15.8399996459484 16.0349996415898 16.1999996379018 16.1099996399134 16.1349996393546 15.8949996447191 15.9749996429309 15.954999643378 16.1199996396899 16.1449996391311 16.3599996343255 16.514999630861 16.3199996352196 16.5299996305257 16.6049996288493 16.5649996297434 16.4549996322021 16.4349996326491 16.7749996250495 16.8849996225908 13.3549997014925 -9999 -9999 -9999 -9999 16.3799996338785 19.064999573864 18.0249995971099 17.9949995977804 17.9899995978922 18.1499995943159 18.3649995895103 18.4099995885044 18.4299995880574 18.3099995907396 17.8599996007979 18.6899995822459 18.7899995800108 18.0599995963275 18.4999995864928 18.3849995890632 18.3699995893985 18.2899995911866 20.0074995527975 -9999 -9999 -9999 -9999 -9999 -9999 -9999 -9999 -9999
17.2149996152148 17.054999618791 17.1449996167794 17.0249996194616 16.5499996300787 16.0699996408075 15.2049996601418 14.8599996678531 15.3199996575713 15.8999996446073 16.3249996351078 16.3149996353313 16.20499963779 15.9749996429309 16.4199996329844 16.4499996323138 16.4099996332079 16.5199996307492 15.9099996443838 15.5299996528774 15.0349996639416 16.4849996315315 16.6549996277317 16.8149996241555 16.9749996205792 16.9149996219203 16.8799996227026 16.9599996209145 17.1899996157736 16.7588885142985 -9999 -9999 -9999 -9999 -9999 18.8962495776359 19.0474995742552 19.0549995740876 18.8174995793961 18.4924995866604 18.0099995974451 17.9999995976686 18.8949995776638 19.1549995718524 19.249999569729 18.7824995801784 18.8099995795637 19.0574995740317 19.2599995695055 19.5074995639734 19.7774995579384 19.9699995536357 20.1416662164653 20.6049995394424 12.5413997196779 -9999 -9999 -9999 -9999 -9999 -9999 -9999
17.4199996106327 17.1849996158853 16.9999996200204 16.9699996206909 16.3849996337667 15.3399996571243 14.8049996690825 14.8699996676296 15.3399996571243 16.0149996420369 16.4899996314198 16.6249996284023 16.0499996412545 15.7649996476248 16.4899996314198 16.5699996296316 16.3999996334314 16.1949996380135 16.1849996382371 16.1849996382371 16.2799996361136 16.3849996337667 16.3999996334314 17.1599996164441 17.5499996077269 17.489999609068 17.6249996060506 17.7749996026978 17.7249996038154 17.6999996043742 23.9107137512682 24.7149994475767 -9999 -9999 -9999 -9999 18.8799995779991 19.2524995696731 19.2049995707348 18.9274995769374 18.9374995767139 18.5999995842576 19.0149995749816 18.8899995777756 19.064999573864 19.1174995726906 19.312499568332 19.6324995611794 19.7549995584413 18.8349995790049 19.0399995744228 19.1849995711818 19.6133328949412 9.86999977938831 -9999 -9999 -9999 -9999 -9999 -9999 -9999 -9999
16.8949996223673 16.6299996282905 16.2649996364489 15.6899996493012 15.4449996547773 15.0549996634945 14.6999996714294 14.9649996655062 15.2949996581301 15.4349996550009 15.4399996548891 15.9999996423721 16.6899996269494 16.6199996285141 16.1649996386841 16.6249996284023 16.7549996254966 16.3749996339902 16.5199996307492 16.4849996315315 16.4799996316433 16.5499996300787 16.6449996279553 17.344999612309 17.7349996035919 17.8299996014684 17.7949996022508 17.9299995992333 18.0449995966628 18.2499995920807 18.4249995881692 -9999 -9999 -9999 -9999 -9999 -9999 -9999 -9999 -9999 -9999 -9999 -9999 -9999 -9999 -9999 19.8199995569885 19.8649995559826 19.9574995539151 20.0674995514564 20.1274995501153 -9999 -9999 -9999 -9999 -9999 -9999 -9999 -9999 -9999 -9999 -9999
16.3749996339902 16.3549996344373 15.5249996529892 15.1549996612594 14.9099996667355 14.7449996704236 14.6799996718764 15.3299996573478 15.4349996550009 15.2849996583536 15.4349996550009 15.8849996449426 16.5949996290728 16.9749996205792 16.8349996237084 16.6449996279553 16.9899996202439 16.8849996225908 17.0299996193498 16.9849996203557 16.9599996209145 17.0399996191263 17.1599996164441 17.2449996145442 17.3349996125326 16.1219351235176 17.8449996011332 17.944999598898 18.1799995936453 18.3749995892867 18.4699995871633 18.5749995848164 19.3386307646136 -9999 -9999 -9999 -9999 -9999 -9999 -9999 -9999 -9999 -9999 -9999 -9999 -9999 -9999 -9999 -9999 -9999 -9999 -9999 -9999 -9999 -9999 -9999 -9999 -9999 -9999 -9999 -9999 -9999
15.2649996588007 15.0099996645004 14.9499996658415 15.1749996608123 15.0199996642768 14.9299996662885 15.189999660477 15.229999659583 15.20999966003 15.5649996520951 16.389999633655 16.1799996383488 16.0399996414781 16.3649996342137 16.8349996237084 17.1299996171147 16.9149996219203 16.949999621138 17.3149996129796 17.3549996120855 17.2649996140972 17.2299996148795 17.1049996176735 17.239999614656 17.5199996083975 17.8749996004626 17.8449996011332 17.9849995980039 18.3099995907396 18.4999995864928 18.669999582693 18.7249995814636 -9999 -9999 -9999 -9999 -9999 -9999 -9999 -9999 -9999 -9999 -9999 -9999 -9999 -9999 -9999 -9999 -9999 -9999 -9999 -9999 -9999 -9999 -9999 -9999 -9999 -9999 -9999 -9999 -9999 -9999
14.3749996786937 14.3299996796995 14.6849996717647 14.9949996648356 15.0099996645004 14.9499996658415 15.189999660477 15.4249996552244 15.4549996545538 15.8199996463954 16.9699996206909 17.4549996098503 17.364999611862 17.0999996177852 17.074999618344 17.0599996186793 17.3199996128678 17.2599996142089 17.5599996075034 17.5949996067211 17.3499996121973 17.2949996134266 17.2299996148795 17.3749996116385 17.8699996005744 17.964999598451 17.8949996000156 18.1749995937571 18.6449995832518 18.7699995804578 18.794999579899 18.7649995805696 22.6393224106384 -9999 -9999 -9999 -9999 -9999 -9999 -9999 -9999 -9999 -9999 -9999 -9999 -9999 -9999 -9999 -9999 -9999 -9999 -9999 -9999 -9999 -9999 -9999 -9999 -9999 -9999 -9999 -9999 -9999
14.2799996808171 14.4149996777996 14.649999672547 14.9799996651709 15.0049996646121 15.1699996609241 15.2949996581301 15.4699996542186 15.5449996525422 16.349999634549 17.1399996168911 17.2849996136501 17.634999605827 17.5199996083975 17.9299995992333 17.8949996000156 17.7249996038154 17.6399996057153 17.7049996042624 17.8099996019155 17.6849996047094 17.384999611415 17.3249996127561 17.5249996082857 18.0099995974451 18.234999592416 18.1199995949864 17.9799995981157 18.4949995866045 18.8049995796755 18.9299995768815 18.9049995774403 18.8649995783344 -9999 -9999 -9999 -9999 -9999 -9999 -9999 -9999 -9999 -9999 -9999 -9999 -9999 -9999 -9999 -9999 -9999 -9999 -9999 -9999 -9999 -9999 -9999 -9999 -9999 -9999 -9999 -9999 -9999
