EcologicalScience/Bass/data/rs_data_bass/sst_193.asc
NCOLS 226 
NROWS 124 
XLLCORNER -9.41648524995501 
YLLCORNER 47.587301625531 
CELLSIZE 0.0833 
NODATA_value -9999 
[rows 54 to 80 of 124, columns 124 to 185 of 226]
3.70664082234725 5.60000914847478 5.94210638012737 6.63490706309676 5.86106447828934 6.63992735790089 6.60550247924402 5.33967100363225 6.76812417164911 6.77422024391126 6.81832711969037 6.06259345542639 5.88975187717006 6.07621996989474 6.08375041210093 6.73549225542229 5.67029327573255 6.18379771569744 6.20674763480201 4.25959043577313 6.37911108974367 6.48262478737161 6.92375331057701 6.87803276861086 6.93451108515728 6.95218969471753 7.12570064561442 6.71164585510269 7.15974302561954 7.32899867901579 7.35223547210917 7.32512588016689 7.5606494249776 7.49821847316343 7.62648700540885 7.54913860617671 7.33021789346822 7.47490996157285 7.20650348579511 6.60084077692591 6.15893530333415 5.75635547237471 7.2672251467593 7.48351618123706 6.24571468494833 6.52732931729406 6.80272834654897 6.68534907279536 6.26734976493753 6.18774223304354 6.55788139710203 7.56954251863062 5.87720114015974 6.2101286496701 8.06664732890204 5.32389293424785 6.30834883917123 6.24844681817506 6.17906429488212 17.733105443418 14.5775575145822 8.12034057714045
6.47676777676679 5.86536758812144 6.27990050194785 5.82843256206252 6.58918652113061 6.55816827109084 6.59062089107465 5.44509719451889 6.73728521785233 6.81007949251216 6.75162891729269 6.69945371057838 6.37217830168083 6.70357752416749 6.1224784005899 6.07299263752066 4.92513808980584 5.78217413136736 6.28635516669601 5.63479261961766 6.57394634047523 6.68654438108206 6.98011209629476 6.65618355059996 6.70901617687196 6.97294024657458 6.7281411094591 6.94831689586863 7.21439252048731 7.41434369068593 7.69146396387368 6.80810723383911 7.72631915351376 7.01250495086424 7.19837538944557 7.71125826910138 7.24666584422812 7.34659361699596 7.31862340308726 7.19502852624282 7.00820184103213 7.37970365653746 7.09940386330709 7.03318378422409 6.51585435774177 6.81492049107328 6.66407258529216 5.9155705361627 5.73699147813022 6.47380123892799 5.64483320922591 6.27846613200381 6.22969755390659 4.35975727019832 7.39497969644144 8.08800819110783 13.736114063533 18.8084854305323 -9999 -9999 -9999 -9999
6.19264299701899 5.85927151585929 5.92561112577096 5.99015777325258 6.36691894521937 6.31097851740196 6.6205633636564 5.65738394623622 5.87253943784162 5.57992796925828 5.39991454128176 5.34469129843637 6.52933743521571 6.5406689577736 6.5327799230814 6.58097475320101 6.60550247924402 6.64691991137806 6.83446378156077 6.49505599355325 7.0268486503046 6.77236751606688 7.0083213718608 7.16108177090064 7.09677418507636 6.87014373391867 7.13478498859331 7.84953153170645 7.92024596994743 6.61984617868438 7.81521423079539 7.67697682743892 7.76131778014824 6.00916317501105 7.33822645898908 7.17446922371164 7.39894811995327 7.17136142216623 7.30738750519231 7.20363474590704 6.80595567892306 7.20172225264832 6.71720403863583 6.45238348771818 6.1224784005899 6.22826318396255 6.08410900458694 7.21116518811323 7.51680551702157 7.14482557820156 5.16410412248224 6.25671152118593 7.17795952390879 4.69358979884003 14.029241008815 -9999 -9999 -9999 -9999 -9999 -9999 -9999
4.85270240763202 2.63014617934823 6.97297012928175 6.91102327732369 6.21368042286485 6.19527267524973 5.58781700395048 5.6803338653408 6.64960935502313 6.04968412593007 6.60535904224962 5.24858851218596 5.26508376654238 5.23496199771762 6.5289429834811 6.53898357308935 6.11243781098165 6.70357752416749 6.78264716733247 6.98812066181563 7.04477827460505 7.23303932975978 7.33158054491505 7.10896632960066 7.25790174212307 7.38006224902347 7.37528101587668 7.92540970174596 7.87420269474387 7.82127444380894 7.48620562488213 7.85311745656654 8.02968839667738 6.14291817229241 6.05613879067823 7.24351023035124 7.63064667824656 5.41330199409276 6.66000853711739 5.47521896334365 6.4014633547049 7.01250495086424 5.9432538760826 6.34659870434552 6.72993407188915 6.19431642862037 6.26322595134843 11.6234963149182 7.37317727329209 7.31207311367616 5.96935940906405 5.99900305457413 4.20522781489417 10.7686018673703 15.7999996468425 -9999 -9999 -9999 -9999 -9999 -9999 -9999
4.77022613584995 6.37428204426542 6.5263730706647 6.49135053786449 4.5249488754198 6.22252570418641 5.81014434527606 6.56175419595093 5.84026611410081 6.45758307876531 6.42100664519239 6.49326303112321 5.12523269699886 6.40361490962096 5.369792772457 6.42979216109961 6.4570451900363 6.51477858028375 6.55942334479187 6.81294823240023 6.56175419595093 7.33530990676954 7.39842218430713 7.62462232448161 7.72000792576 7.84178593400866 7.11972410418093 7.70494704134762 8.10986967654899 7.5127414688468 7.41520431265235 6.85293129459023 7.79316079290584 6.18021179083735 6.31504256557673 7.11972410418093 7.30762656684965 7.32412182120606 6.74965665861964 6.71523177996278 6.7399746614974 7.04029586852994 7.05248801305424 6.97180470370222 6.29962308867835 6.95807061148807 7.94807274686173 6.5685674531851 5.95409361465967 7.21941281529143 6.94132434239145 6.08889023773372 7.11212194347754 18.5198138919659 15.2549996590242 -9999 -9999 -9999 -9999 -9999 -9999 -9999
14.3881069215946 7.08458204055205 7.0548188642133 6.66054642584641 4.37505721626803 5.95896022696979 6.47999510914087 4.85485396254808 5.67531357053667 4.9792855551932 5.70471815438941 5.87397380778566 5.52972502121702 6.40379420586396 6.33010344998911 6.34315621647984 6.45130771026015 6.48257697504014 6.26125369267538 6.32006286038086 6.33906826213934 7.29070100151002 6.96538589820266 7.91149631328881 7.91687520057894 7.96887111105025 8.06612139325589 7.77977334009483 7.75993122253567 7.9152615343919 7.80732519610319 7.86272773519158 7.77752616051584 8.02481153886765 6.9949339190498 7.71731848211493 7.35830763820559 7.75766013679095 6.9590746704489 6.98812066181563 7.07758948707487 7.02075257804245 6.66335540032014 6.97610781353433 6.99565110402182 17.3154998841723 6.74255652739666 7.87233801381663 7.24164554942399 7.20650348579511 5.99613431468606 6.03211309411563 6.02075766539201 10.1490417074878 17.1299996171147 -9999 23.7447889405303 -9999 -9999 -9999 -9999 -9999
-9999 -9999 -9999 -9999 12.4499997217208 11.6433018496345 7.53009734516963 6.07714206485876 5.70471815438941 5.62941373232752 5.53115939116105 5.48382518300787 5.64017150690779 6.05757316062227 5.58279670914635 6.22439038511366 6.22467725910246 6.27392396051437 6.17949460586533 6.47927792416885 6.5925931497477 6.77296517021023 7.75108594121411 7.77537460559979 7.75801872927696 8.14529861416668 8.22867136716377 8.13400295085739 7.78049052506685 8.03287986980285 5.69467756478116 7.87420269474387 7.88840295718983 7.64154788982123 7.77408367265016 7.38675597542897 7.69504988873377 7.34061707556248 7.02433850290254 6.88126010098495 6.90122174937278 6.85221410961822 6.80990019626915 6.13015227979049 6.96427426149603 15.2625817747382 -9999 16.3486271113114 19.4935989538208 16.1249996395782 6.03785057389177 6.02243109699339 6.11494795838371 7.98530116677284 5.37499987985939 5.37499987985939 1.04999997653067 -9999 -9999 -9999 -9999 -9999
-9999 -9999 -9999 -9999 -9999 -9999 -9999 13.5145365064964 5.32434117485536 6.21786400186829 5.58996855886653 5.3776818071492 5.48669392289594 5.49027984775603 5.44724874943495 5.71942044631578 5.9033783916384 5.95178837724961 6.15726187173277 6.34803307428956 6.85328988707624 7.34348581545055 7.52407299140468 7.96958829602227 8.03825875709299 8.18277152895462 8.27833642647602 8.21988585125655 8.09240622248035 7.73172194696963 2.98515274049714 3.01025421451777 2.76999724889174 7.47616503527388 7.63681446900591 7.60723058891017 7.54913860617671 7.24260179605335 7.22156437020749 5.00976591650397 6.78551590722054 6.87516402872279 7.02039398555644 6.86631874740124 6.14524902345147 15.0199996642768 -9999 -9999 -9999 -9999 -9999 -9999 -9999 -9999 -9999 -9999 -9999 -9999 -9999 -9999 -9999 -9999
-9999 -9999 -9999 -9999 -9999 -9999 -9999 -9999 -9999 6.28018737593666 5.02984709572047 5.20484022889286 5.74832300068811 5.95824304199778 5.83703878172673 5.89584794943221 5.97402111138217 6.06044190051034 6.1823633457534 6.86555375009775 6.88197728595696 7.62992949327454 7.27678761305287 8.09473707363941 8.06067078746855 8.34467603638768 8.24534591776319 8.1899075194262 6.29496138636023 8.28102587012108 7.78527175821364 7.75299843447283 7.7956709403079 7.63538009906188 7.71462903846987 7.64169132681563 7.4928395858733 7.43654056556989 7.26316109858453 7.19345071930438 5.19479963928461 6.73220515763387 6.82161421747878 6.87683746032417 13.3821693515819 13.1299997065216 -9999 -9999 -9999 -9999 -9999 -9999 -9999 -9999 -9999 -9999 -9999 -9999 -9999 -9999 -9999 -9999
-9999 -9999 -9999 -9999 -9999 -9999 -9999 -9999 -9999 14.6749996719882 6.11308327745646 6.19383830530569 6.26455274354666 6.3653889506124 6.22453382210806 6.43007903508842 6.49147006869316 6.42584764375351 6.44449445302598 7.24408397832885 7.66352960921358 7.94161808211356 7.91830957052298 7.9071932034567 6.84504225989804 8.30290001176763 8.28514968371019 8.18976408243179 7.97126172762364 8.26022750593256 8.19532226596493 8.13346506212838 7.63968320889398 7.64147617132403 7.85412151552737 7.82701192358509 7.50987272895873 7.39368876349181 5.69467756478116 7.14500487444457 7.02433850290254 6.00521865766495 6.97843866469339 6.46554895470451 10.2710615734457 6.83499984722584 -9999 -9999 -9999 -9999 -9999 -9999 -9999 -9999 -9999 -9999 -9999 -9999 -9999 -9999 -9999 -9999
-9999 -9999 -9999 -9999 -9999 -9999 -9999 -9999 -9999 14.3249996798113 5.72131586374183 6.14793846709654 6.26383555857465 6.31805474245921 6.25322122098878 6.45561082009226 6.50653095310554 6.63863642495126 7.22120577772148 7.54609057004564 7.64470350369811 7.89033935661428 7.66263312799856 8.2258026272757 6.8952452079393 6.82998137548566 8.23960843798704 8.04112749698106 7.79531234782189 7.32699056109414 8.10585344070569 8.16520049714018 4.69492171378806 7.8715132510988 7.55505538219586 7.40181685984135 7.3838872355409 7.3813173227245 6.93469038140029 7.09820855502039 7.06485945382155 7.06127352896146 7.4131961947307 7.93301186244935 14.8417146810929 -9999 14.8796354397702 -9999 -9999 -9999 -9999 -9999 -9999 -9999 -9999 -9999 -9999 -9999 -9999 -9999 -9999 -9999
-9999 -9999 -9999 -9999 -9999 -9999 -9999 -9999 -9999 8.97222806536167 5.86280621322138 3.07480086199939 6.52912227972411 6.38661762578413 6.56906948266551 6.86942654894665 6.81606798702851 7.01949750434142 6.03856775886379 7.52529220585711 7.36514480160549 7.61501204585656 8.06497389730066 6.57968382025138 6.7797784274444 7.27219762923196 7.94771415437572 7.82579270913266 5.61980345370248 7.70028533902951 6.14306160928682 7.43385112192482 7.00511794565246 7.10495009375736 7.18247778923251 7.58087404118851 7.56724752672017 7.36033966229297 6.32508315518498 6.18523208564147 7.14697713311762 7.20273826469202 7.68601335808635 7.60939269066405 15.2049996601418 -9999 -9999 -9999 -9999 -9999 -9999 -9999 -9999 -9999 -9999 -9999 -9999 -9999 -9999 -9999 -9999 -9999
-9999 -9999 -9999 -9999 -9999 -9999 -9999 -9999 -9999 6.46852014958858 6.38991667665541 6.41143222581595 4.44247260363773 4.47474592737854 4.72360911266878 6.819797348883 4.38007751107216 7.30135119834449 7.77910396745428 7.18666136823595 7.04011657228693 7.75658435933292 8.44687489490025 7.50843835901469 7.23949399450794 6.79957273267209 6.91475263917819 6.4970641114749 5.79694814179093 7.64972379850224 7.59450055565685 7.54788353247568 7.33440147247165 6.74105043895543 6.74535354878753 6.77733999853954 6.72885829443112 6.37528610322624 6.49505599355325 6.49147006869316 6.38747824775055 6.91891231201589 7.79330422990024 17.5272255441174 -9999 -9999 -9999 -9999 -9999 -9999 -9999 -9999 -9999 -9999 -9999 -9999 -9999 -9999 -9999 -9999 -9999 -9999
-9999 -9999 -9999 -9999 -9999 -9999 -9999 -9999 12.8516098375432 6.47009795652702 6.47626574728638 6.37485579224303 6.72401729587 4.27465132018551 6.41006957436912 6.92357401433401 7.16892299326137 7.47903377516195 5.8797112875618 7.8713339548558 7.65101473145187 7.95022430177778 7.46469007572159 7.39799187332392 7.30332345701754 7.0468581110239 6.68066346431151 6.52919399822131 6.30069886613637 7.73058640409727 6.76930752685294 7.45106356125325 6.38575700381771 6.64466077871621 6.64293953478336 6.64580827467144 6.5725119705312 6.55816827109084 6.6800897163339 6.62916958332062 6.72598955454305 6.80487990146503 8.87265073784682 -9999 -9999 -9999 -9999 -9999 -9999 -9999 -9999 -9999 -9999 -9999 -9999 -9999 -9999 -9999 -9999 -9999 -9999 -9999
-9999 -9999 -9999 -9999 -9999 -9999 -9999 -9999 8.30112334899604 6.68307798705064 6.71433529874776 6.72512893257663 4.7601855462417 6.57358774798922 6.47497481433675 6.60119936941192 6.69766074814834 5.76281013712287 6.37528610322624 8.12019714014605 7.8512527756393 8.75149921176489 7.69777519162744 8.02481153886765 8.40760901768226 8.02481153886765 7.60999175105244 7.89500105893239 7.82561341288965 7.75909450673498 7.62265006580856 7.6242637319956 6.54683674853295 6.27301552621648 6.51657154271379 6.26537750626449 6.08458712790161 6.45489363512024 6.54023864679039 6.5847041150555 6.73746451409534 8.3934868018362 17.1499996166676 -9999 -9999 -9999 -9999 -9999 -9999 -9999 -9999 -9999 -9999 -9999 -9999 -9999 -9999 -9999 -9999 -9999 -9999 -9999
-9999 -9999 -9999 -9999 -9999 -9999 -9999 9.45246828805235 5.16355086550383 4.82975248852745 5.14531387621537 6.84575944487005 5.08148441370577 7.20255896844901 7.80858026980422 7.9229712728411 5.78217413136736 8.47251425764989 6.91245764726773 8.12450024997815 8.69663456140552 7.07167271105573 8.7477339906618 8.78789634909481 8.59569077659398 7.37274696230888 8.00042724981904 7.92081971792504 7.70351267140359 7.58302559610456 7.50915554398671 6.54984892541543 6.0469588230364 6.01023895246908 6.50466627217829 6.40200124343392 6.41813790530432 6.63490706309676 6.70447400538251 6.74678791873157 15.1881222754746 11.6704548296562 -9999 -9999 -9999 -9999 -9999 -9999 -9999 -9999 -9999 -9999 -9999 -9999 -9999 -9999 -9999 -9999 -9999 -9999 -9999 -9999
-9999 -9999 -9999 3.8400372271426 -9999 12.2581376053263 8.82985166995786 6.91880985701989 6.92844062664413 7.22528069233522 6.90080339147244 6.98596910689957 7.71724164086793 8.20482496684417 8.11302529042587 7.71498763095587 7.65474409330636 7.41592149762437 6.42764060618356 7.83977781608701 8.15964231360704 8.67529830848798 8.47125918394886 8.44382685876917 8.55427334445994 8.48022399609908 7.57513656141236 8.10674992192071 7.65474409330636 7.50987272895873 7.37002165941522 6.20014953305945 7.25527206389233 6.10505080576986 5.84987639272586 7.57011626660824 7.45034637628123 7.5844599660486 7.62533950945362 12.9258753430507 13.2949997028336 -9999 -9999 -9999 -9999 -9999 -9999 -9999 -9999 -9999 -9999 -9999 -9999 -9999 -9999 -9999 -9999 -9999 -9999 -9999 -9999 -9999
-9999 -9999 3.88019958557561 -9999 8.79393059506627 6.31253241817467 6.44592882297002 6.89682301487774 5.00474562169984 6.93867474235594 5.87253943784162 8.0188691490995 8.11804558522999 7.8514320718823 8.17488249426242 7.85627307044342 7.95811333646998 7.74726095469669 8.1302377297543 8.06031219498254 8.71079896460287 8.67476041975897 7.84479811089113 7.63609728403389 8.33983503782656 7.97353281336837 7.55720693711191 7.93247397372033 7.59485914814286 7.48172321880702 7.12474439898506 7.13779716547579 7.03509627748281 7.3334452258423 7.32770774606615 7.61027862504125 7.38006224902347 13.7633670924697 15.5317435251927 -9999 -9999 -9999 -9999 -9999 -9999 -9999 -9999 -9999 -9999 -9999 -9999 -9999 -9999 -9999 -9999 -9999 -9999 -9999 -9999 -9999 -9999 -9999
16.7749996250495 16.7749996250495 -9999 17.4799996092916 6.86430379914652 6.87188546885071 6.53629412944429 7.25967762872045 4.81756034400314 5.31600389955565 5.56988737965003 7.25025176908821 8.27690205653198 7.80696660361718 8.0585192325525 8.42751090065576 7.9430524520576 8.67063660616986 8.76171909761615 8.27606534073129 8.26650287443772 8.47538299753796 8.45189518970437 8.00975065445527 8.40384379657917 8.14996031648479 8.14942242775578 8.10172962711658 7.77648624230642 7.72646259050816 7.87976087827701 7.05732901161537 7.56025497324299 6.97270118491724 6.75467695342377 6.82998137548566 6.65498824231327 6.76973783783615 -9999 -9999 -9999 -9999 -9999 -9999 -9999 -9999 -9999 -9999 -9999 -9999 -9999 -9999 -9999 -9999 -9999 -9999 -9999 -9999 -9999 -9999 -9999 -9999
15.6530299629085 13.6796822311978 6.53824646631256 7.26416515754536 6.94365519355051 6.90815453743562 4.41521957470104 7.20626442413777 7.27367981150746 7.69311348930933 7.81252478715032 7.12474439898506 8.06748404470272 7.9270950864302 8.02720215544105 8.58672596444376 8.71510207443498 8.55857645429205 8.49922939785756 8.4569154845085 8.58744314941578 8.53975034877658 8.37551499018446 8.25449002615642 8.21450696396641 7.56276512064505 7.82937863399275 7.67787330865394 7.51812035613693 7.51704457867891 7.55738623335492 7.600417331676 6.89667957788333 7.51360209081322 6.76041443319991 11.1125734810029 10.1101463758387 7.24499983806163 3.45468582560452 13.2399997040629 -9999 -9999 -9999 -9999 -9999 -9999 -9999 -9999 -9999 -9999 -9999 -9999 -9999 -9999 -9999 -9999 -9999 -9999 -9999 -9999 -9999 -9999
12.1722025839263 6.83676203340292 7.32125308131799 6.14808190409094 6.90774471745161 7.74708165845368 7.6522339459043 7.65761283319443 5.1625263155438 7.37695444747806 7.4914649813436 7.95165867172182 8.09700815938413 8.14404354046565 8.15551850001793 8.71546066692099 8.70039978250861 8.59425640664995 8.47233496140689 8.73500395740848 8.39649265061598 8.22723699721973 8.35166858986486 7.90880686964374 8.09975736844353 7.79280220041983 7.73058640409727 6.94688252592459 6.79914242168888 7.44962919130921 7.36844385247678 7.39440594846383 6.58972440985963 14.2440160780347 13.9760517344797 13.8945689112507 17.3954369799798 10.1631224391051 13.7784350911908 12.9549997104332 -9999 -9999 -9999 -9999 -9999 -9999 -9999 -9999 -9999 -9999 -9999 -9999 -9999 -9999 -9999 -9999 -9999 -9999 -9999 -9999 -9999 -9999
8.16279792748392 7.41359064646531 6.02816857676953 5.80153812561184 5.67316201562062 7.79871897643898 7.82041382184252 5.80512405047193 7.78473386948463 7.89679402136244 7.71761730918661 7.93372904742137 8.26315601123497 7.77056946628727 8.68067719577812 8.69035919290036 8.5101067032665 8.69806893134955 8.61541336332448 8.37282554653939 8.03001112991478 8.47359003510792 8.20661792927422 8.17057938443031 7.76034958043601 7.67177723639179 7.53820153535344 7.44873271009419 7.62802895309869 7.27578355409205 7.40559403402731 6.92249823687598 5.95541414571926 12.1528708630055 11.513791699914 15.447675999254 13.6649996945634 -9999 -9999 -9999 -9999 -9999 -9999 -9999 -9999 -9999 -9999 -9999 -9999 -9999 -9999 -9999 -9999 -9999 -9999 -9999 -9999 -9999 -9999 -9999 -9999 -9999
6.19527267524973 7.22959684189409 5.27512435615063 5.84313485398889 6.02745139179751 6.87731558363885 6.92967008659616 7.79728460649494 7.88657413551118 7.90145572368056 7.95381022663787 8.52935116668232 7.640400393866 8.11350341374055 8.08601132314652 8.38531651813537 8.69035919290036 8.46731466660276 8.42404450662434 8.35280413273722 7.94054230465554 7.96582307491917 8.17757193790749 7.88782920921221 7.75263984198682 7.56186863943003 7.4888950685272 6.53019805718213 7.16160770654678 6.57968382025138 8.08935818634927 10.6574292480946 -9999 -9999 -9999 13.6052278061397 -9999 -9999 -9999 -9999 -9999 -9999 -9999 -9999 -9999 -9999 -9999 -9999 -9999 -9999 -9999 -9999 -9999 -9999 -9999 -9999 -9999 -9999 -9999 -9999 -9999 -9999
7.37762382011861 7.2340433887206 6.23471784871072 6.75467695342377 6.81778923096135 6.96624652016908 7.72036651824601 7.88119524822105 7.95201726420783 7.89105654158629 7.93157749250531 3.94474623305723 8.64302498474717 8.6559343142435 8.28921373188496 8.37360249692574 8.33535263175145 8.34467603638768 8.28419343708083 8.43271049170289 8.2657856894657 8.05116808658931 7.79871897643898 7.62677387939766 7.45464948611334 6.59976499946788 6.84504225989804 6.57466352544725 7.21109346961603 6.36524551361799 7.22084718523547 12.5316019030288 11.1312982451636 15.1731998844136 -9999 -9999 -9999 -9999 -9999 -9999 -9999 -9999 -9999 -9999 -9999 -9999 -9999 -9999 -9999 -9999 -9999 -9999 -9999 -9999 -9999 -9999 -9999 -9999 -9999 -9999 -9999 -9999
6.15869624167681 7.08786060042413 6.91778530705986 6.97987303463742 6.9949339190498 7.17781608691439 7.15606147609651 7.67912838235497 7.3414776975289 7.27291481420398 8.05981016550213 8.58923611184582 8.39918209426105 8.43934445269406 8.38340402487665 8.29949338315055 8.31431520590559 8.23446861235425 8.60573136620224 5.8438520389609 8.13956113439053 7.78312020329759 8.17506179050542 7.72861414542422 6.91030609235168 6.81994078587741 6.61984617868438 7.19129916438833 7.54115992336301 7.27248450322077 7.95855468106814 12.0503396048494 9.39188562636264 12.0657390362051 15.0898544870899 4.99999988824129 -9999 -9999 -9999 -9999 -9999 -9999 -9999 -9999 -9999 -9999 -9999 -9999 -9999 -9999 -9999 -9999 -9999 -9999 -9999 -9999 -9999 -9999 -9999 -9999 -9999 -9999
-9999 -9999 -9999 -9999 7.15999983996153 7.82306188943151 8.26172164129093 7.72660602750257 7.31723684547469 7.0548905827105 9.00391246266663 8.63011565525085 8.46516311168671 8.37479780521244 8.39129305956885 8.27726064901799 8.20482496684417 8.10131126921624 7.93898840388283 5.71992247579619 5.61191441901028 7.63466291408986 7.63322854414582 7.20793785573915 8.26004820968956 6.77475813264027 12.6022446227726 -9999 -9999 -9999 -9999 -9999 -9999 -9999 -9999 -9999 -9999 -9999 -9999 -9999 -9999 -9999 -9999 -9999 -9999 -9999 -9999 -9999 -9999 -9999 -9999 -9999 -9999 -9999 -9999 -9999 -9999 -9999 -9999 -9999 -9999 -9999
-9999 -9999 -9999 -9999 -9999 14.6929058060101 7.98407543245703 7.56882533365861 7.63093355223536 9.19119336502627 7.97532577579841 9.04034545924515 9.1899502444081 8.50819421000779 8.45548111456446 8.02409435389563 8.28819771984126 7.81467634206638 7.76805931888521 7.58159122616053 7.72861414542422 7.70853296620771 7.52995390817523 7.43743704678491 14.8829238382168 -9999 -9999 -9999 -9999 -9999 -9999 -9999 -9999 -9999 -9999 -9999 -9999 -9999 -9999 -9999 -9999 -9999 -9999 -9999 -9999 -9999 -9999 -9999 -9999 -9999 -9999 -9999 -9999 -9999 -9999 -9999 -9999 -9999 -9999 -9999 -9999 -9999
