EcologicalScience/Bass/data/rs_data_bass/sst_46.asc
NCOLS 226 
NROWS 124 
XLLCORNER -9.41648524995501 
YLLCORNER 47.587301625531 
CELLSIZE 0.0833 
NODATA_value -9999 
[rows 0 to 26 of 124, columns 62 to 123 of 226]
-9999 -9999 -9999 -9999 -9999 -9999 -9999 -9999 -9999 -9999 -9999 -9999 -9999 -9999 -9999 -9999 -9999 -9999 -9999 -9999 -9999 -9999 -9999 -9999 -9999 -9999 -9999 -9999 -9999 -9999 -9999 -9999 -9999 -9999 -9999 -9999 -9999 -9999 -9999 -9999 -9999 -9999 -9999 -9999 -9999 -9999 -9999 -9999 -9999 -9999 -9999 -9999 -9999 -9999 -9999 -9999 -9999 -9999 -9999 -9999 -9999 -9999
-9999 -9999 -9999 -9999 -9999 -9999 -9999 -9999 -9999 -9999 -9999 -9999 -9999 -9999 -9999 -9999 -9999 -9999 -9999 -9999 -9999 -9999 -9999 -9999 -9999 -9999 -9999 -9999 -9999 -9999 -9999 -9999 -9999 -9999 -9999 -9999 -9999 -9999 -9999 -9999 -9999 -9999 -9999 -9999 -9999 -9999 -9999 -9999 -9999 -9999 -9999 -9999 -9999 -9999 -9999 -9999 -9999 -9999 -9999 -9999 -9999 -9999
-9999 -9999 -9999 -9999 -9999 -9999 -9999 -9999 -9999 -9999 -9999 -9999 -9999 -9999 -9999 -9999 -9999 -9999 -9999 -9999 -9999 -9999 -9999 -9999 -9999 -9999 -9999 -9999 -9999 -9999 -9999 -9999 -9999 -9999 -9999 -9999 -9999 -9999 -9999 -9999 -9999 -9999 -9999 -9999 -9999 -9999 -9999 -9999 -9999 -9999 -9999 -9999 -9999 -9999 -9999 -9999 -9999 -9999 -9999 -9999 -9999 -9999
-9999 -9999 -9999 -9999 -9999 -9999 -9999 -9999 -9999 -9999 -9999 -9999 -9999 -9999 -9999 -9999 -9999 -9999 -9999 -9999 -9999 -9999 -9999 -9999 -9999 -9999 -9999 -9999 -9999 -9999 -9999 -9999 -9999 -9999 -9999 -9999 -9999 -9999 -9999 -9999 -9999 -9999 -9999 -9999 -9999 -9999 -9999 -9999 -9999 -9999 -9999 -9999 -9999 -9999 -9999 -9999 -9999 -9999 -9999 -9999 -9999 -9999
-9999 -9999 -9999 -9999 -9999 -9999 -9999 -9999 -9999 -9999 -9999 -9999 -9999 -9999 -9999 -9999 -9999 -9999 -9999 -9999 -9999 -9999 -9999 -9999 -9999 -9999 -9999 -9999 -9999 -9999 -9999 -9999 -9999 -9999 -9999 -9999 -9999 -9999 -9999 -9999 -9999 -9999 -9999 -9999 -9999 -9999 -9999 -9999 -9999 -9999 -9999 -9999 -9999 -9999 -9999 -9999 -9999 -9999 -9999 -9999 -9999 -9999
-9999 -9999 -9999 -9999 -9999 -9999 -9999 -9999 -9999 -9999 -9999 -9999 -9999 -9999 -9999 -9999 -9999 -9999 -9999 -9999 -9999 -9999 -9999 -9999 -9999 -9999 -9999 -9999 11.0065571310335 8.0166664874802 7.87999982386827 7.9799998216331 8.28499981481582 8.40999981202185 8.34499981347471 8.41499981191009 8.59499980788678 8.8149998029694 8.78999980352819 8.77499980386347 8.95499979984015 8.72499980498105 8.5249998094514 8.55999980866909 8.76999980397522 9.1299997959286 9.11999979615211 8.92999980039895 8.88499980140477 8.74499980453402 8.93999980017543 8.66499980632216 8.62499980721623 8.57999980822206 8.33499981369823 8.28999981470406 8.40499981213361 8.4399998113513 8.47999981045723 8.50499980989844 8.56499980855733 8.58999980799854
-9999 -9999 -9999 -9999 -9999 -9999 -9999 -9999 -9999 -9999 -9999 -9999 -9999 -9999 -9999 -9999 -9999 -9999 -9999 -9999 -9999 -9999 -9999 -9999 -9999 -9999 -9999 10.8077046764618 7.69499982800335 7.749999826774 7.81999982520938 8.35999981313944 8.36999981291592 8.19499981682748 8.49999981001019 8.61499980743974 8.78499980363995 8.78999980352819 8.84499980229884 8.8399998024106 8.91999980062246 8.9849997991696 8.97999979928136 8.84499980229884 8.88499980140477 9.00999979861081 9.00999979861081 8.80999980308115 8.48499981034547 8.43499981146306 8.48499981034547 8.50499980989844 8.59999980777502 8.53999980911613 8.46499981079251 8.40499981213361 8.4399998113513 8.79499980341643 8.91499980073422 8.54499980900437 8.46999981068075 8.53499980922788
-9999 -9999 -9999 -9999 -9999 -9999 -9999 -9999 -9999 -9999 -9999 -9999 -9999 -9999 -9999 -9999 -9999 -9999 -9999 -9999 -9999 -9999 -9999 -9999 -9999 -9999 8.00428553537599 8.00499982107431 7.90999982319772 8.08499981928617 8.24499981570989 8.42999981157482 8.31999981403351 8.3549998132512 8.44999981112778 8.53499980922788 8.67999980598688 8.83499980252236 8.88999980129302 8.96499979961663 8.87999980151653 8.89499980118126 8.91499980073422 9.10499979648739 9.01999979838729 8.78499980363995 8.81999980285764 8.49499981012195 8.35999981313944 8.44999981112778 8.50999980978668 8.46499981079251 8.46999981068075 8.47999981045723 8.45499981101602 8.45499981101602 8.44499981123954 8.42499981168658 9.00999979861081 9.00999979861081 8.54499980900437 8.63999980688095
-9999 -9999 -9999 -9999 -9999 -9999 -9999 -9999 -9999 -9999 -9999 -9999 -9999 -9999 -9999 -9999 -9999 -9999 -9999 -9999 -9999 -9999 -9999 -9999 -9999 10.0799997746944 7.93999982252717 7.81999982520938 8.16499981749803 8.33499981369823 8.27999981492758 8.31499981414527 8.45999981090426 8.62499980721623 8.75999980419874 8.72999980486929 8.73499980475754 8.70999980531633 8.80499980319291 8.74999980442226 8.77999980375171 8.81999980285764 8.79499980341643 8.77499980386347 8.79499980341643 8.8149998029694 8.59999980777502 8.38999981246889 8.45499981101602 8.48999981023371 8.47499981056899 8.45499981101602 8.37499981280416 8.37499981280416 8.38999981246889 8.48499981034547 8.5249998094514 8.3799998126924 8.40499981213361 8.49999981001019 8.6699998062104 8.74499980453402
-9999 -9999 -9999 -9999 -9999 -9999 -9999 -9999 -9999 -9999 -9999 -9999 -9999 -9999 -9999 -9999 -9999 -9999 -9999 -9999 -9999 -9999 -9999 -9999 -9999 10.6982976332148 7.84499982465059 7.91499982308596 8.1499998178333 8.42999981157482 8.53999980911613 8.53499980922788 8.63999980688095 8.67499980609864 8.71499980520457 8.83499980252236 8.76499980408698 8.73499980475754 8.78999980352819 8.70999980531633 8.67999980598688 8.6699998062104 8.65999980643392 8.63999980688095 8.50499980989844 8.63499980699271 8.31999981403351 8.33499981369823 8.34499981347471 8.38499981258065 8.39499981235713 8.39999981224537 8.44499981123954 8.42999981157482 8.42499981168658 8.46999981068075 8.54499980900437 8.58999980799854 8.57999980822206 8.59499980788678 8.63999980688095 8.72999980486929
-9999 -9999 -9999 -9999 -9999 -9999 -9999 -9999 -9999 -9999 -9999 -9999 -9999 -9999 -9999 -9999 -9999 -9999 -9999 -9999 -9999 -9999 -9999 -9999 8.67374980612658 8.41166647865126 7.09499984141439 8.55999980866909 8.44999981112778 8.44499981123954 8.54999980889261 8.51999980956316 8.65999980643392 8.65999980643392 8.76499980408698 8.76499980408698 8.76499980408698 8.69999980553985 8.67499980609864 8.65999980643392 8.65999980643392 8.71499980520457 8.72999980486929 8.70499980542809 8.55999980866909 8.48999981023371 8.62999980710447 8.37499981280416 8.64499980676919 8.80999980308115 8.3549998132512 8.41499981191009 8.46999981068075 8.50499980989844 8.45499981101602 8.46499981079251 8.54499980900437 8.54999980889261 8.56999980844557 8.66499980632216 8.70499980542809 8.68999980576336
-9999 -9999 -9999 -9999 -9999 -9999 -9999 -9999 -9999 -9999 -9999 -9999 -9999 -9999 -9999 -9999 -9999 -9999 -9999 -9999 -9999 -9999 -9999 -9999 8.12666648502151 8.13999981805682 8.13999981805682 8.48999981023371 8.50499980989844 8.5249998094514 8.57499980833381 8.65499980654567 8.75999980419874 8.8399998024106 8.83499980252236 8.71499980520457 8.63499980699271 8.64499980676919 8.50999980978668 8.62999980710447 8.43499981146306 8.53499980922788 8.55499980878085 8.59499980788678 8.63499980699271 8.66499980632216 8.65999980643392 8.9849997991696 8.35999981313944 8.38999981246889 8.40999981202185 8.40499981213361 8.45499981101602 8.5249998094514 8.5249998094514 8.51499980967492 8.53499980922788 8.57999980822206 8.55499980878085 8.63999980688095 8.76499980408698 8.82999980263412
-9999 -9999 -9999 -9999 -9999 -9999 -9999 -9999 -9999 -9999 -9999 -9999 -9999 -9999 -9999 -9999 -9999 -9999 -9999 -9999 -9999 -9999 -9999 7.47749983286485 8.36999981291592 8.41999981179833 8.39499981235713 8.46999981068075 8.46999981068075 8.5249998094514 8.53499980922788 8.6699998062104 8.73499980475754 8.71999980509281 8.80499980319291 8.73499980475754 8.67499980609864 8.6099998075515 8.46999981068075 8.48999981023371 8.44499981123954 8.57999980822206 8.68499980587512 8.68499980587512 8.69499980565161 8.7549998043105 8.93499980028719 9.06749979732558 9.00749979866669 8.79249980347231 8.43499981146306 8.44499981123954 8.47499981056899 8.84999980218709 8.63499980699271 8.47999981045723 8.46999981068075 8.49499981012195 8.56999980844557 8.67999980598688 8.74999980442226 8.82999980263412
-9999 -9999 -9999 -9999 -9999 -9999 -9999 -9999 -9999 -9999 -9999 -9999 -9999 -9999 -9999 -9999 -9999 -9999 -9999 -9999 -9999 -9999 7.6766664950798 7.97499982174486 8.1249998183921 8.64999980665743 8.62499980721623 8.52999980933964 8.44499981123954 8.47999981045723 8.61999980732799 8.64999980665743 8.62999980710447 8.65499980654567 8.69499980565161 8.64999980665743 8.63499980699271 8.61999980732799 8.67999980598688 8.64999980665743 8.61499980743974 8.64499980676919 8.66499980632216 8.67499980609864 8.64999980665743 8.54499980900437 8.82499980274588 8.972499799449 9.01999979838729 8.89833313444008 8.37499981280416 8.42499981168658 8.47499981056899 8.52999980933964 8.44499981123954 8.53999980911613 8.47999981045723 8.47499981056899 8.7549998043105 8.76499980408698 8.77499980386347 8.76999980397522
-9999 -9999 -9999 -9999 -9999 -9999 -9999 -9999 -9999 -9999 -9999 -9999 -9999 -9999 -9999 -9999 -9999 -9999 -9999 -9999 10.3949997676536 7.72166649407397 8.039999820292 7.9799998216331 8.1249998183921 8.4399998113513 8.60499980766326 8.55499980878085 8.53499980922788 8.54499980900437 8.53999980911613 8.57499980833381 8.59499980788678 8.58999980799854 8.54499980900437 8.74499980453402 8.78999980352819 8.66499980632216 8.57499980833381 8.76999980397522 8.64499980676919 8.62499980721623 8.69499980565161 8.52999980933964 8.64499980676919 8.76499980408698 8.60499980766326 8.67999980598688 8.65499980654567 8.67499980609864 8.38999981246889 8.38499981258065 8.41499981191009 8.51999980956316 8.47499981056899 8.47499981056899 8.57499980833381 8.57999980822206 8.62999980710447 8.76499980408698 8.77499980386347 8.72499980498105
-9999 -9999 -9999 -9999 -9999 -9999 -9999 -9999 -9999 -9999 -9999 -9999 -9999 -9999 -9999 -9999 -9999 -9999 -9999 -9999 8.31590890503404 8.21999981626868 8.2949998145923 8.39499981235713 8.45999981090426 8.54999980889261 8.52999980933964 8.56499980855733 8.59499980788678 8.43499981146306 8.45499981101602 8.49499981012195 8.51999980956316 8.47499981056899 8.38499981258065 8.80499980319291 8.80499980319291 8.62499980721623 8.40999981202185 8.42999981157482 8.5249998094514 8.31499981414527 8.42999981157482 8.45999981090426 8.90499980095774 8.90499980095774 8.70499980542809 8.63999980688095 8.60499980766326 9.00749979866669 8.9974997988902 9.01499979849905 9.06499979738146 9.02249979833141 9.03249979810789 8.57999980822206 8.65999980643392 8.68499980587512 8.67499980609864 8.67999980598688 8.74999980442226 8.53999980911613
-9999 -9999 -9999 -9999 -9999 -9999 -9999 -9999 -9999 -9999 -9999 -9999 -9999 -9999 -9999 -9999 -9999 -9999 6.44999985583127 8.36624981299974 8.02749982057139 7.80499982554466 7.95499982219189 8.53499980922788 8.47999981045723 8.47499981056899 8.52999980933964 8.44999981112778 8.63999980688095 8.57499980833381 8.56499980855733 8.45499981101602 8.47999981045723 8.47499981056899 8.70499980542809 8.74499980453402 8.70499980542809 8.57499980833381 8.36999981291592 8.44999981112778 8.3799998126924 8.5849998081103 8.59499980788678 8.25499981548637 8.38499981258065 8.8149998029694 8.8149998029694 8.69999980553985 8.69999980553985 8.96499979961663 8.9124998007901 9.02999979816377 9.05833313086381 8.84499980229884 8.84499980229884 9.0699997972697 9.09749979665503 8.59999980777502 8.67499980609864 8.77499980386347 8.76499980408698 8.69999980553985
-9999 -9999 -9999 -9999 -9999 -9999 -9999 -9999 -9999 -9999 -9999 -9999 -9999 -9999 -9999 -9999 12.5099997203797 6.52833318741371 6.54833318696668 7.88749982370064 7.99499982129782 7.98499982152134 8.10749981878325 8.3674998129718 8.43249981151894 8.47499981056899 8.27999981492758 8.33999981358647 8.28499981481582 8.40499981213361 8.40999981202185 8.30499981436878 8.29999981448054 8.37499981280416 8.54999980889261 8.50999980978668 8.67999980598688 8.45499981101602 8.70499980542809 8.32499981392175 8.72999980486929 8.79666647004584 8.89166646792243 8.8033331365635 8.81999980285764 8.80499980319291 8.77999980375171 9.14166646233449 9.12666646266977 8.9974997988902 8.95999979972839 9.00499979872257 9.00499979872257 8.99999979883432 8.99999979883432 8.76499980408698 8.94749980000779 8.84999980218709 8.82499980274588 8.79499980341643 8.79999980330467 8.80499980319291
-9999 -9999 -9999 -9999 -9999 -9999 -9999 -9999 -9999 -9999 -9999 12.1749997278675 12.1749997278675 -9999 -9999 -9999 12.0899997297674 8.64499980676919 6.09499986376613 7.93499982263893 7.93499982263893 8.09499981906265 8.1974998167716 8.34249981353059 8.37499981280416 8.42249981174245 8.42499981168658 8.40499981213361 8.31749981408939 8.33999981358647 8.31999981403351 8.25499981548637 8.25999981537461 8.2699998151511 8.49499981012195 8.50999980978668 8.41999981179833 8.39499981235713 8.73999980464578 8.73999980464578 8.88499980140477 8.88499980140477 8.56999980844557 8.59999980777502 8.65999980643392 8.72999980486929 8.65999980643392 9.0699997972697 9.06499979738146 9.06499979738146 8.84999980218709 8.84999980218709 8.90749980090186 8.80999980308115 8.72999980486929 8.9249998005107 8.9849997991696 9.07749979710206 8.57499980833381 8.63499980699271 8.74499980453402 8.78499980363995
-9999 -9999 -9999 -9999 -9999 -9999 -9999 -9999 -9999 -9999 -9999 -9999 -9999 -9999 -9999 -9999 -9999 -9999 8.63999980688095 8.04333315355082 8.04499982018024 7.99499982129782 8.01499982085079 8.03499982040375 8.35249981330708 8.24999981559813 8.15499981772155 7.63999982923269 7.57499983068556 8.06999981962144 8.2949998145923 8.25499981548637 8.23999981582165 8.27999981492758 8.37499981280416 8.40499981213361 8.32999981380999 8.42499981168658 8.59999980777502 8.49999981001019 8.77333313723405 8.78499980363995 8.86833313511064 8.28999981470406 8.45999981090426 8.73999980464578 8.83499980252236 8.82499980274588 8.87749980157241 8.91499980073422 9.07999979704618 9.02499979827553 9.04999979771674 8.85999980196357 8.69999980553985 8.82749980269 8.94249980011955 9.16249979520217 9.07666646378736 9.11999979615211 8.5849998081103 8.5849998081103
-9999 -9999 -9999 -9999 -9999 -9999 -9999 -9999 -9999 -9999 -9999 -9999 -9999 -9999 10.418548751579 6.81799984760582 7.74099982697517 8.44333314461013 8.27499981503934 8.18999981693923 8.22999981604517 8.17499981727451 8.18999981693923 8.28999981470406 7.90499982330948 7.95499982219189 8.32999981380999 8.3549998132512 8.3799998126924 8.45499981101602 8.36499981302768 8.27999981492758 8.25499981548637 8.32499981392175 8.3549998132512 8.39999981224537 8.39499981235713 8.42499981168658 8.46499981079251 8.49999981001019 8.4399998113513 8.40499981213361 7.96999982185662 8.33999981358647 8.48999981023371 8.39499981235713 8.37499981280416 9.09999979659915 9.10999979637563 9.09999979659915 8.96999979950488 9.09499979671091 8.63999980688095 8.97499979939312 9.02249979833141 9.17499979492277 9.19249979453161 8.58749980805442 9.0216664650167 8.58999980799854 8.55499980878085 8.42999981157482
-9999 -9999 -9999 -9999 -9999 -9999 -9999 -9999 -9999 -9999 -9999 -9999 -9999 7.2649998376146 7.35499983560294 7.42499983403832 7.43999983370304 7.52499983180314 7.71499982755631 7.74499982688576 7.72999982722104 7.93499982263893 8.19499981682748 8.33999981358647 8.39499981235713 8.36999981291592 8.41499981191009 8.47999981045723 8.53499980922788 8.56999980844557 8.55999980866909 8.53999980911613 8.55499980878085 8.51999980956316 8.49499981012195 8.38499981258065 8.36499981302768 8.30999981425703 8.31499981414527 8.47499981056899 8.49999981001019 8.65999980643392 8.72499980498105 8.5249998094514 8.51999980956316 7.6649998286739 8.79999980330467 8.79999980330467 8.88749980134889 8.96999979950488 9.07999979704618 9.16999979503453 8.83499980252236 8.83499980252236 9.08749979687855 8.8999998010695 8.8999998010695 8.58999980799854 8.67499980609864 8.42999981157482 8.31499981414527 8.24499981570989
-9999 -9999 -9999 -9999 -9999 -9999 -9999 -9999 -9999 -9999 10.9829307889951 7.1316665072615 7.35666650223235 7.52499983180314 7.45999983325601 7.35999983549118 7.27999983727932 7.80666649217407 8.16999981738627 7.46999983303249 7.5199998319149 7.77999982610345 8.34499981347471 8.40999981202185 8.45999981090426 8.4399998113513 8.52999980933964 8.61499980743974 8.62999980710447 8.66499980632216 8.68999980576336 8.67499980609864 8.66499980632216 8.59499980788678 8.55499980878085 8.49999981001019 8.46999981068075 8.42499981168658 8.31499981414527 8.48499981034547 8.55999980866909 8.56999980844557 8.83499980252236 8.5849998081103 8.94999979995191 7.107499841135 7.17749983957037 7.78249982604757 8.90999980084598 9.00499979872257 9.13999979570508 9.12499979604036 9.06499979738146 9.0449997978285 9.01499979849905 8.95499979984015 8.68666647250454 8.62999980710447 8.6699998062104 8.68499980587512 8.40833314539244 8.3066664809982
-9999 -9999 -9999 -9999 -9999 -9999 -9999 -9999 -9999 -9999 12.1316663955028 8.64333314013978 7.57199983075261 7.35999983549118 7.35999983549118 8.21272708915851 9.35913022558974 -9999 -9999 9.22999979369342 9.1767603582637 6.6116665188844 7.88999982364476 8.27499981503934 8.56499980855733 8.56999980844557 8.60499980766326 8.61499980743974 8.65499980654567 8.72499980498105 8.67499980609864 8.71499980520457 8.69999980553985 8.66499980632216 8.69499980565161 8.63999980688095 8.57499980833381 8.5249998094514 8.47499981056899 8.54499980900437 8.5849998081103 8.82499980274588 8.82499980274588 8.48499981034547 8.80499980319291 8.80499980319291 7.69749982794747 7.5199998319149 7.49749983241782 7.86999982409179 8.96999979950488 9.02999979816377 8.6699998062104 8.67249980615452 8.82999980263412 8.70749980537221 9.05333313097556 8.77166647060464 8.65499980654567 8.6699998062104 8.24749981565401 8.18749981699511
-9999 -9999 -9999 -9999 -9999 -9999 -9999 -9999 -9999 -9999 -9999 -9999 -9999 -9999 -9999 -9999 -9999 -9999 -9999 -9999 -9999 -9999 -9999 -9999 12.2897219475255 6.99833317690839 8.50999980978668 8.57499980833381 8.74999980442226 8.76999980397522 8.76499980408698 8.7549998043105 8.72999980486929 8.73999980464578 8.69499980565161 8.67499980609864 8.61999980732799 8.59999980777502 8.60499980766326 8.55999980866909 7.59749983018264 8.79999980330467 8.79999980330467 7.75999982655048 7.81749982526526 7.79499982576817 7.71249982761219 7.66999982856214 7.69499982800335 7.72749982727692 9.11999979615211 8.60749980760738 7.72749982727692 8.54999980889261 8.44749981118366 8.2583331487452 8.26499981526285 8.55499980878085 8.16499981749803 8.13499981816858 8.49833314338078 8.05666648658613
-9999 -9999 -9999 -9999 -9999 -9999 -9999 -9999 -9999 -9999 -9999 -9999 -9999 -9999 -9999 -9999 -9999 -9999 -9999 -9999 -9999 -9999 -9999 -9999 -9999 10.6396679468453 8.3674998129718 8.48999981023371 8.46499981079251 8.47999981045723 8.58999980799854 8.73499980475754 8.8149998029694 8.79499980341643 8.76999980397522 8.81999980285764 8.76499980408698 8.69999980553985 8.69499980565161 8.85999980196357 8.79499980341643 8.7549998043105 8.78999980352819 7.77499982621521 7.86499982420355 7.90999982319772 7.84499982465059 7.70749982772395 7.72249982738867 8.08999981917441 8.08999981917441 8.73249980481341 8.50499980989844 8.41499981191009 8.3799998126924 8.35999981313944 8.42999981157482 8.42999981157482 8.38499981258065 8.39999981224537 8.4399998113513 8.4399998113513
-9999 -9999 -9999 -9999 -9999 -9999 -9999 -9999 -9999 -9999 -9999 -9999 -9999 -9999 -9999 -9999 -9999 -9999 -9999 -9999 -9999 -9999 -9999 -9999 -9999 -9999 -9999 8.21999981626868 8.04999982006848 8.19499981682748 8.41999981179833 8.45499981101602 8.57999980822206 8.82499980274588 8.84499980229884 8.82999980263412 8.82499980274588 8.7549998043105 8.67499980609864 7.41499983426183 7.81499982532114 8.2699998151511 8.2699998151511 8.07249981956556 8.11749981855974 8.09749981900677 7.97749982168898 8.65499980654567 8.83499980252236 7.63499982934445 7.52999983169138 7.10999984107912 7.107499841135 8.27499981503934 8.19999981671572 8.21499981638044 8.29999981448054 8.27999981492758 8.24499981570989 8.34499981347471 8.14499981794506 8.54749980894849
