EcologicalScience/Bass/data/rs_data_bass/sst_200.asc
NCOLS 226 
NROWS 124 
XLLCORNER -9.41648524995501 
YLLCORNER 47.587301625531 
CELLSIZE 0.0833 
NODATA_value -9999 
[rows 54 to 80 of 124, columns 124 to 185 of 226]
8.95571763254702 8.68103578826413 9.07620470784605 9.12640765588731 9.29279456939548 9.11995299113914 8.64159061480314 8.48667866084725 9.0625781933777 9.0267189447768 8.87252417579293 8.99372843606398 8.57202367251739 8.77140109473839 8.71115755708888 8.70685444725677 8.78502760920674 8.67673267843202 8.83021026244387 8.86678669601679 8.83738211216405 8.7635120600462 8.74414806580171 8.92559586372226 8.91985838394612 8.99516280600801 8.80295723350719 9.13859980041161 9.34586625732481 9.45989866787568 9.54524367954582 9.52372813038528 9.42834252910689 9.64780113054439 9.6599932750687 9.68868067394942 9.69800407858565 9.73242895724252 9.5007782112807 9.48213140200824 9.63417461607605 9.52874842518941 9.82996611343697 9.78191472031176 10.2724692411721 10.187841414474 10.1942960792221 10.6977599295788 10.9286934905685 11.8940244629048 10.7002700769808 12.826293208031 13.8361613671295 15.2576219816692 14.0742667778395 14.4371623736806 14.0507789700059 10.9727677670307 11.1258169028775 17.7231935793176 14.7640008767906 10.5528407528996
9.05899226851761 8.4687490365468 8.94495985796675 9.00735495053232 9.22322762710974 9.28203679481521 8.93205052847043 9.19597459817305 9.25693532079458 9.1701559391804 8.55122530832887 9.60118410736322 8.9471114128828 8.76566361496225 8.32316048722714 8.66669208882377 8.66884364373982 8.66382334893569 8.70255133742467 8.71259192703292 8.71402629697695 8.74916836060584 8.65234838938341 8.65378275932744 8.91196934925392 8.98297066148371 9.05755789857358 9.11564988130704 9.41973630944267 9.57464826339856 9.46993925748393 9.62485121143982 9.53089998010546 9.5724967084825 9.74031799193472 9.75107576651499 9.54022338474169 9.59401225764304 9.55671863909811 9.92033141991124 9.84861292270944 9.66071046004072 9.77402568561956 10.189275784418 10.5349589409307 10.9487746697851 10.7300332533196 10.6002227733843 11.3102358956821 12.3972492516041 13.8228934451472 13.9840807676082 12.5016235711984 14.4651325875893 15.3250373690389 12.671213910915 12.9982502581552 19.0097959607391 -9999 -9999 -9999 -9999
8.55481123318896 8.51464887475595 8.27008879929781 8.52182072447613 8.72980436636135 9.33582566771656 9.3372600376606 9.56891078362241 9.40180668514222 9.37527084117755 9.42834252910689 9.23972288146615 8.83307900233194 8.76996672479436 9.00161747075617 8.84670551680028 8.74988554557785 9.02887049969286 9.01882991008461 8.65808586915955 8.65808586915955 8.70757163222879 8.66238897899166 8.71617785189301 8.74343088082969 8.92631304869428 9.05253760376945 9.35518966196105 9.48428295692429 9.29924923414364 9.54022338474169 9.58970914781094 9.79267249489203 9.82422863366082 9.69513533869758 9.72669147746637 9.60333566227928 9.57608263334259 9.93252356443554 9.78980375500396 9.71306496299803 9.85076447762549 9.99491865700111 10.8340250742622 10.5765556693077 10.6826990451664 11.1015350688249 13.4137394186109 14.2454946899088 12.1060721529648 13.229183819145 11.8502761796117 12.5586158703081 19.034855933045 15.8652569492115 -9999 -9999 -9999 -9999 -9999 -9999 -9999
8.0664082672447 8.27797783399001 9.01811272511259 8.55194249330088 9.29853204917163 9.29136019945145 9.26410717051476 8.85100862663239 9.53018279513344 9.60979032702744 9.57751700328663 9.26769309537485 9.12855921080336 9.13859980041161 8.73267310624942 9.13286232063547 9.03389079449698 9.15509505476803 8.63728750497103 8.62366099050269 8.61792351072654 8.61075166100636 8.66238897899166 8.77140109473839 8.83092744741589 8.90121157467365 9.08696248242632 9.28777427459136 9.36307869665325 9.49504073150456 9.38961454061791 9.66716512478888 9.58684040792286 9.27486494509503 9.85650195740163 9.70732748322189 9.4806970320642 9.90240179561079 9.79410686483607 9.59114351775497 9.56173893390223 9.62341684149578 9.76326791103929 10.6375163919292 10.6339304670691 10.5952024785802 10.8196813748218 11.4149449015968 11.4551072600298 12.1134830643423 14.5999633623287 13.69415874267 14.729773842264 11.4732759459876 15.7999996468425 -9999 -9999 -9999 -9999 -9999 -9999 -9999
8.01907405909151 8.5089113949798 9.98774680728093 9.44842370832339 10.3441877383739 8.97221288690343 9.72095399769023 9.02169864997268 9.27199620520696 9.60333566227928 10.0608996744268 9.49145480664447 8.72836999641731 9.10847803158686 8.95786918746307 9.59257788769901 8.875392915681 8.89188817003742 8.93922237819061 8.64876246452332 8.57489241240546 8.64517653966323 8.70900600217283 8.84598833182827 8.9349192683585 8.9865565863438 9.16800438426435 9.26625872543082 9.33367411280051 9.28849145956337 9.54596086451784 9.59186070272699 9.79625841975212 9.79769278969616 9.82638018857688 9.64636676060036 9.9389782291837 9.44125185860321 9.74533828673884 9.76685383589938 9.60692158713937 9.59544662758708 10.8297219644301 10.9043092015199 10.6396679468453 10.8548234384507 11.4551072600298 11.7097079250962 11.4759056242183 11.9951475439593 11.9951475439593 13.4409924475476 12.5552690071054 18.3713348698802 15.2549996590242 -9999 -9999 -9999 -9999 -9999 -9999 -9999
15.3961821182631 10.7895596059971 8.98512221639976 9.34228033246472 9.34228033246472 8.54763938346878 9.00090028578416 9.69800407858565 9.70302437338978 10.032212275546 9.92104860488325 9.87084565684199 9.24259162135422 8.84168522199616 8.6121860309504 8.48309273598716 8.57991270720959 8.64230779977515 8.7039857073687 8.70111696748063 8.72478407155722 8.68031860329211 8.78933071903884 8.87467573070899 8.87324136076495 8.99587999098003 9.2375713265501 9.28060242487118 9.47352518234402 9.52659687027335 9.57823418825865 9.64780113054439 9.30283515900373 9.77904598042369 9.78908657003194 9.81633959896863 9.43838311871514 9.43408000888303 9.80056152958423 9.72453992255032 9.76613665092736 9.69728689361364 10.2050538538024 10.7386394729838 10.867732767947 17.0560687673826 11.4500869652256 15.6047395081259 13.2785500513855 14.6300851311535 13.4711142163724 14.0907620321959 12.4835505099036 12.5703298915178 17.1299996171147 -9999 23.7447889405303 -9999 -9999 -9999 -9999 -9999
-9999 -9999 -9999 -9999 12.4499997217208 11.8449370912805 10.9894151515327 9.72511367052794 10.1297494317405 10.1448103161529 8.75849176524207 8.42284919833764 8.35973692080006 8.39272742951289 8.50245673023164 8.39846490928903 8.66238897899166 8.65091401943937 8.6401562448591 8.63872187491506 8.6839045281522 8.72048096172512 8.755623025354 8.94352548802271 9.00735495053232 9.18449963862076 9.00735495053232 9.39750357531011 9.45129244821146 9.26482435548678 9.60907314205542 9.31431011855602 9.16083253454417 9.47137362742797 9.71306496299803 9.74390391679481 9.8550675874576 9.70159000344574 9.87945187650621 9.78693501511589 9.71951962774619 9.80056152958423 10.2409131024033 10.6848506000824 10.7701956117526 15.0776290836597 -9999 16.6823015892228 19.5897452058271 16.1249996395782 14.610003951937 15.804834115319 14.0039826505817 16.9346612407826 5.37499987985939 5.37499987985939 1.04999997653067 -9999 -9999 -9999 -9999 -9999
-9999 -9999 -9999 -9999 -9999 -9999 -9999 12.670822719112 9.13931698538363 9.54775382694788 8.50532547011971 8.46229437179863 8.53831597883254 8.48165836604312 8.46014281688258 8.64445935469121 8.60860010609031 8.64947964949533 8.65808586915955 8.6559343142435 8.73267310624942 8.89834283478558 8.97006133198738 9.0625781933777 9.10274055181071 9.193823043257 9.28777427459136 9.41471601463854 9.44555496843532 9.552415529266 9.55528426915407 9.58540603797883 9.59329507267103 9.64493239065632 9.72884303238243 9.62843713629991 9.66716512478888 9.78191472031176 9.88734091119841 9.77402568561956 10.1426587612368 10.9509262247011 10.4008453511633 10.4345530448481 9.40013325354084 15.0199996642768 -9999 -9999 -9999 -9999 -9999 -9999 -9999 -9999 -9999 -9999 -9999 -9999 -9999 -9999 -9999 -9999
-9999 -9999 -9999 -9999 -9999 -9999 -9999 -9999 -9999 10.8711393965641 8.68964200792834 8.43217260297388 8.43145541800186 8.43002104805782 8.26004820968956 8.437192897778 8.61290321592242 8.59425640664995 8.64589372463524 8.6917935628444 8.80654315836728 8.88543350528926 9.0503860488534 9.05540634365752 9.24044006643817 9.35518966196105 9.3652302515693 9.40037231519818 9.39678639033809 9.57823418825865 9.58899196283892 9.5603045639582 9.58325448306277 9.61337625188753 9.75322732143104 9.71521651791409 9.55743582407013 9.78621783014387 9.73458051215857 9.5803857431747 9.67075104964897 9.86223943717778 11.3523107473738 10.3248237441294 13.4191078597059 13.1299997065216 -9999 -9999 -9999 -9999 -9999 -9999 -9999 -9999 -9999 -9999 -9999 -9999 -9999 -9999 -9999 -9999
-9999 -9999 -9999 -9999 -9999 -9999 -9999 -9999 -9999 14.6749996719882 8.93043686228339 8.39111376332585 8.3253120421432 8.24355295533314 8.23064362583682 8.3532822560519 8.44006163766608 8.51034576492384 8.61577195581049 8.80152286356315 8.88973661512136 8.96719259209931 9.06114382343367 9.16943875420839 9.31502730352804 9.33295692782849 9.35232092207298 9.42834252910689 9.393200465478 9.48930325172842 9.53305153502151 9.48284858698025 9.57106233853847 9.57034515356645 9.56891078362241 9.57321389345452 9.83283485332504 10.0207373159938 10.2796410908923 10.390087576583 10.0831324085593 10.1448103161529 10.3233893741854 10.693600256741 9.56363747573712 6.83499984722584 -9999 -9999 -9999 -9999 -9999 -9999 -9999 -9999 -9999 -9999 -9999 -9999 -9999 -9999 -9999 -9999
-9999 -9999 -9999 -9999 -9999 -9999 -9999 -9999 -9999 14.3249996798113 9.25478376587853 8.95715200249106 9.22071747970767 9.14684742758982 8.23996703047305 8.41065705381334 8.39989927923307 8.49958799034357 8.59569077659398 8.8115634531714 8.98010192159563 9.09987181192264 9.18378245364875 9.23183384677395 9.23183384677395 9.29207738442346 9.36809899145737 9.34156314749271 9.35805840184912 9.35016936715692 9.29566330928355 9.40539261000231 9.4290597140789 9.5323343500495 9.60261847730726 9.7159337028861 9.81418804405257 9.75394450640306 9.97555466275662 9.85004729265347 10.0996276629157 10.2401959174313 10.6052430681884 11.8739432836883 14.6232839950493 -9999 14.6896458399973 -9999 -9999 -9999 -9999 -9999 -9999 -9999 -9999 -9999 -9999 -9999 -9999 -9999 -9999 -9999
-9999 -9999 -9999 -9999 -9999 -9999 -9999 -9999 -9999 8.9313613620882 9.41113008977845 9.19740896811709 9.11923580616713 9.11959439865313 8.62868128530681 8.64374216971919 8.63585313502699 8.5089113949798 8.60644855117425 8.81801811791956 8.98297066148371 9.1421857252717 9.25263221096247 9.2856227196753 9.31287574861199 9.35518966196105 9.37527084117755 9.38818017067388 9.37240210128948 9.38674580072984 9.34801781224087 9.39750357531011 9.39606920536608 9.51153598586097 9.51870783558115 9.63130587618798 9.76828820584342 10.2624286515638 9.78406627522781 10.0214545009658 10.1397900213487 10.1347697265446 10.7149723689072 12.2510982042672 15.2049996601418 -9999 -9999 -9999 -9999 -9999 -9999 -9999 -9999 -9999 -9999 -9999 -9999 -9999 -9999 -9999 -9999 -9999
-9999 -9999 -9999 -9999 -9999 -9999 -9999 -9999 -9999 9.61947232414968 9.22932369937189 9.25263221096247 9.22071747970767 8.79506819881499 8.8832819503732 8.7993713086471 8.82662433758378 8.47878962615505 8.88686787523329 8.85961484629661 9.04393138410524 9.1221045460552 9.313592933584 9.37025054637343 9.34228033246472 9.4168675695546 9.43192845396698 9.42977689905092 9.42619097419083 9.41830193949863 9.45989866787568 9.45774711295962 9.34443188738078 9.45344400312752 9.53376871999353 9.44268622854725 9.74677265668288 10.6238898774609 11.025513461791 10.5643635247834 11.1137272133492 10.6583147561178 10.6224555075169 17.2857493640389 -9999 -9999 -9999 -9999 -9999 -9999 -9999 -9999 -9999 -9999 -9999 -9999 -9999 -9999 -9999 -9999 -9999 -9999
-9999 -9999 -9999 -9999 -9999 -9999 -9999 -9999 15.3681162796915 9.61875513917767 9.26362904720008 8.86104921624064 8.87252417579293 8.92667164118029 9.24617754621431 9.12282173102722 9.07763907779008 8.98225347651169 9.04751730896533 8.91412090416998 8.99587999098003 9.00520339561626 8.82088685780764 9.36164432670921 9.34586625732481 9.28777427459136 9.36738180648535 9.28347116475925 9.29494612431154 9.29207738442346 9.29709767922759 9.40180668514222 9.50364695116878 9.51799065060914 9.63704335596412 9.68939785892144 9.7675710208714 10.6568803861737 10.1555680907331 10.0379497553222 9.81347085908055 10.9016795232892 13.412178486613 -9999 -9999 -9999 -9999 -9999 -9999 -9999 -9999 -9999 -9999 -9999 -9999 -9999 -9999 -9999 -9999 -9999 -9999 -9999
-9999 -9999 -9999 -9999 -9999 -9999 -9999 -9999 12.2838144951966 9.34371470240876 9.11349832639098 9.41160821309313 9.03604234941304 9.55743582407013 9.40252387011424 9.39678639033809 9.34156314749271 9.39893794525415 9.31717885844409 9.22322762710974 9.07190159801394 9.24474317627028 9.26482435548678 9.3652302515693 9.4649189626798 9.52659687027335 9.46778770256788 9.33654285268858 9.35375529201701 9.30068360408768 9.2418744363822 9.30068360408768 9.37885676603764 9.55815300904214 9.46635333262384 9.77832879545167 9.8751487666741 9.86941128689796 9.80414745444432 10.2566911717877 10.1225775820203 14.3392877186758 17.1499996166676 -9999 -9999 -9999 -9999 -9999 -9999 -9999 -9999 -9999 -9999 -9999 -9999 -9999 -9999 -9999 -9999 -9999 -9999 -9999
-9999 -9999 -9999 -9999 -9999 -9999 -9999 9.06548893372332 9.55815300904214 9.07477033790201 9.08911403734237 9.2497634710744 9.17947934381664 9.65784172015265 9.40467542503029 9.472807997372 9.52946561016142 9.46850488753989 9.33008818794042 9.30642108386382 9.26625872543082 9.22753073694184 9.3573412168771 9.31717885844409 9.4168675695546 9.55528426915407 9.57823418825865 9.54237493965775 9.50006102630869 9.45416118809953 9.40754416491836 9.39678639033809 9.42332223430276 9.45200963318348 9.43479719385505 10.5679494496435 11.5002899132669 9.76972257578745 9.20529800280929 11.7649311679415 16.3156491116388 11.6406709882494 -9999 -9999 -9999 -9999 -9999 -9999 -9999 -9999 -9999 -9999 -9999 -9999 -9999 -9999 -9999 -9999 -9999 -9999 -9999 -9999
-9999 -9999 -9999 3.8400372271426 -9999 12.0331583474763 10.0727332264651 10.0662785617169 9.6919080063235 9.63489180104807 9.38029113598168 9.22035888722166 9.28992582950741 9.2655415404588 9.67935726931319 9.47209081239998 9.40969571983442 9.40610979497433 9.18019652878866 9.13931698538363 9.16872156923637 9.21605577738956 9.26984465029091 9.24402599129826 9.28203679481521 9.32004759833217 9.29207738442346 9.56245611887425 9.37670521112159 9.68868067394942 9.45702992798761 9.47926266212016 9.47137362742797 9.51225317083299 9.5007782112807 9.65138705540448 13.3276772219688 11.0197759820148 11.2327799187042 13.0374296591591 13.2949997028336 -9999 -9999 -9999 -9999 -9999 -9999 -9999 -9999 -9999 -9999 -9999 -9999 -9999 -9999 -9999 -9999 -9999 -9999 -9999 -9999 -9999
-9999 -9999 3.88019958557561 -9999 12.585464967479 10.3549455129541 9.99814598937519 10.0368739778642 10.269600501284 10.0680715241469 9.9827265124768 9.61696217674762 9.51440472574905 9.53161716507748 9.72095399769023 9.5445264945738 9.3092898237519 9.00878932047635 9.27916805492714 9.34443188738078 9.34084596252069 9.4885860667564 8.57417522743344 9.1299935807474 9.68724630400538 9.21318703750148 9.43838311871514 9.35949277179316 9.39463483542204 9.45846429793164 9.36307869665325 9.40037231519818 9.42834252910689 9.5961638125591 9.91029083030298 9.78478346019983 11.1358574924857 15.8697154491209 16.6297761293827 -9999 -9999 -9999 -9999 -9999 -9999 -9999 -9999 -9999 -9999 -9999 -9999 -9999 -9999 -9999 -9999 -9999 -9999 -9999 -9999 -9999 -9999 -9999
16.7749996250495 16.7749996250495 -9999 17.4799996092916 11.9786522896029 10.2620700590778 9.90742209041491 10.1734977150336 10.0910214432515 10.1405072063208 9.95762503845617 9.73816643701866 9.66501356987283 9.80916774924845 9.87084565684199 9.711630593054 9.2777336849831 9.26697591040283 9.21031829761341 8.94495985796675 9.47711110720411 7.30690938187763 9.94471570895985 9.89522994589061 9.96192814828828 9.78191472031176 9.71306496299803 9.64278083574027 9.44770652335137 9.74677265668288 9.37383647123352 9.33295692782849 9.31861322838813 9.7474898416549 9.69513533869758 13.2208166611381 11.7398296939209 9.74635429878253 -9999 -9999 -9999 -9999 -9999 -9999 -9999 -9999 -9999 -9999 -9999 -9999 -9999 -9999 -9999 -9999 -9999 -9999 -9999 -9999 -9999 -9999 -9999 -9999
15.7724014171399 14.194355417043 10.5457167155109 10.6507843139116 12.4488865695894 12.4622740224004 10.0673543391749 10.1254463219084 10.1778008248657 10.5457167155109 10.3578142528422 10.1024964028038 9.84072388801724 9.92606889968738 9.87371439673007 9.9985045818612 9.73601488210261 9.55887019401416 9.42403941927478 9.49504073150456 10.029343535658 7.0150150982663 10.536632372532 9.67218541959301 10.1473204635549 9.55026397434995 9.8192083388567 9.34443188738078 9.4448377834633 9.65282142534852 9.68509474908933 10.1821039346978 10.0759605588391 10.2466505821794 11.6272316533141 13.6689949047387 11.8775690521579 7.24499983806163 2.8204525186674 13.2399997040629 -9999 -9999 -9999 -9999 -9999 -9999 -9999 -9999 -9999 -9999 -9999 -9999 -9999 -9999 -9999 -9999 -9999 -9999 -9999 -9999 -9999 -9999
13.5032082438702 13.2731711640954 10.7110278515611 10.6748100104742 10.3334299637936 10.3319955938496 10.2416302873753 10.2925504203886 10.3011566400528 10.4309671199881 10.3764610621147 10.3219550042413 9.6521042403765 10.0028076916933 10.1261635068804 10.0881527033634 9.69728689361364 9.6241340264678 9.58468885300681 9.4964751014486 9.58110292814672 9.52659687027335 10.2111499260645 9.67361978953704 9.59186070272699 9.92822045460343 9.56604204373434 9.72597429249436 9.72740866243839 9.84000670304522 10.1032135877758 10.3190862643532 10.5959196635522 14.5585342875815 14.0853978815833 14.3551642252132 17.3875288223018 8.49705393677577 13.572511577523 12.9549997104332 -9999 -9999 -9999 -9999 -9999 -9999 -9999 -9999 -9999 -9999 -9999 -9999 -9999 -9999 -9999 -9999 -9999 -9999 -9999 -9999 -9999 -9999
12.4521378081292 11.9980162838474 10.7178411087953 10.5299386461265 10.3434705534019 10.2495193220675 10.2724692411721 10.0981932929717 10.1584368306212 10.4001281661913 10.5041199871339 10.2523880619556 10.0228888709098 10.1720633450896 10.1734977150336 9.90598772047088 9.62700276635587 9.42834252910689 9.63274024613202 9.57321389345452 9.64278083574027 9.66501356987283 9.6678823097609 9.69656970864162 9.70230718841776 9.77402568561956 9.8270973735489 9.98487806739286 11.5103305028751 10.18999296939 10.4474623743445 10.4818872530013 10.6446882416494 15.2188653057814 14.2415579680515 15.9898678380996 13.6649996945634 -9999 -9999 -9999 -9999 -9999 -9999 -9999 -9999 -9999 -9999 -9999 -9999 -9999 -9999 -9999 -9999 -9999 -9999 -9999 -9999 -9999 -9999 -9999 -9999 -9999
10.1397900213487 10.9329966004007 10.867732767947 11.3073671557941 10.9420809433796 10.2014679289423 10.0515762697905 10.3778954320587 10.1469618710689 9.81992552382872 9.88375498633832 9.97985777258873 9.96694844309241 10.1125369924121 10.0802636686713 9.95332192862406 9.82064270880073 9.82207707874477 9.8672597319819 9.70947903813794 9.79769278969616 9.75322732143104 9.77402568561956 9.83283485332504 10.0608996744268 9.98846399225295 10.0106967263855 10.3140659695491 10.8584093633108 10.9150669761002 10.4405978896123 10.6699626878835 -9999 -9999 -9999 13.6052278061397 -9999 -9999 -9999 -9999 -9999 -9999 -9999 -9999 -9999 -9999 -9999 -9999 -9999 -9999 -9999 -9999 -9999 -9999 -9999 -9999 -9999 -9999 -9999 -9999 -9999 -9999
10.1813867497258 12.7477136412635 11.2707907222211 10.8394039615523 9.29996641911566 10.5955610710662 10.9098076196387 10.945188744925 10.7278816984035 9.58468885300681 9.6757713444531 9.76972257578745 9.96623125812039 10.0895870733075 10.148396241013 10.0558793796226 10.0207373159938 10.0465559749864 9.99635302694514 10.0386669402942 9.96766562806442 9.99348428705707 10.0881527033634 10.1591540155932 10.2939847903326 10.2143772584386 10.0652027842589 10.6152836577967 10.7450941377319 10.5579088600352 10.66978971567 15.0174845468719 13.4102838910185 15.3299321642156 -9999 -9999 -9999 -9999 -9999 -9999 -9999 -9999 -9999 -9999 -9999 -9999 -9999 -9999 -9999 -9999 -9999 -9999 -9999 -9999 -9999 -9999 -9999 -9999 -9999 -9999 -9999 -9999
14.4547334054951 11.384464540286 11.5106890953612 11.0330439039972 11.0828882595524 10.6400265393313 10.7336191781797 10.6726584555581 8.85029144166037 10.9175771235023 9.30498671391979 9.90025024069473 9.87012847186998 9.92033141991124 10.2021851139143 10.4029969060794 10.4259468251839 10.0910214432515 10.1584368306212 10.2165288133547 10.3018738250248 10.3657032875344 10.3807641719468 10.5163121316582 10.6848506000824 10.7938627158292 10.7701956117526 10.8103579701856 10.9631183692254 11.1101412884891 13.127527446701 14.6312076815444 10.3047425649129 14.770960750657 15.55843625337 4.99999988824129 -9999 -9999 -9999 -9999 -9999 -9999 -9999 -9999 -9999 -9999 -9999 -9999 -9999 -9999 -9999 -9999 -9999 -9999 -9999 -9999 -9999 -9999 -9999 -9999 -9999 -9999
-9999 -9999 -9999 -9999 7.15999983996153 11.9895204003327 8.88471632031724 10.8107165626716 8.92989897355437 10.6479155740235 10.5995055884123 9.93873916752636 9.99491865700111 10.0972370463423 10.0250404258259 10.2502365070395 10.5650807097554 9.98487806739286 9.99993895180523 10.1670430502854 10.5550401201472 11.8509933645837 11.9487695824355 10.5693838195875 10.9753105137497 11.184728525579 14.9749614545726 -9999 -9999 -9999 -9999 -9999 -9999 -9999 -9999 -9999 -9999 -9999 -9999 -9999 -9999 -9999 -9999 -9999 -9999 -9999 -9999 -9999 -9999 -9999 -9999 -9999 -9999 -9999 -9999 -9999 -9999 -9999 -9999 -9999 -9999 -9999
-9999 -9999 -9999 -9999 -9999 14.8436801543582 9.60979032702744 11.0326853115112 11.0907772942446 10.7307504382916 10.4162648280617 10.4589373338968 10.3025910099968 9.78980375500396 10.2896816805005 10.3427533684298 10.3642689175904 10.4001281661913 12.1584266559221 10.6002227733843 10.5995055884123 12.4804427083582 12.591606379021 13.5119937597774 14.8521376356689 -9999 -9999 -9999 -9999 -9999 -9999 -9999 -9999 -9999 -9999 -9999 -9999 -9999 -9999 -9999 -9999 -9999 -9999 -9999 -9999 -9999 -9999 -9999 -9999 -9999 -9999 -9999 -9999 -9999 -9999 -9999 -9999 -9999 -9999 -9999 -9999 -9999
