EcologicalScience/Bass/data/rs_data_bass/sst_7.asc
NCOLS 226 
NROWS 124 
XLLCORNER -9.41648524995501 
YLLCORNER 47.587301625531 
CELLSIZE 0.0833 
NODATA_value -9999 
[rows 54 to 80 of 124, columns 0 to 61 of 226]
-9999 -9999 -9999 -9999 -9999 -9999 -9999 -9999 -9999 -9999 -9999 -9999 -9999 -9999 -9999 -9999 -9999 -9999 -9999 -9999 -9999 -9999 -9999 -9999 -9999 -9999 -9999 -9999 -9999 -9999 -9999 -9999 -9999 -9999 -9999 -9999 -9999 -9999 9.00999979861081 8.02499982062727 7.93499982263893 8.36999981291592 8.53499980922788 8.8399998024106 9.02999979816377 9.05999979749322 9.33499979134649 9.45999978855252 9.41999978944659 9.49499978777021 9.45999978855252 9.13999979570508 9.03499979805201 9.0699997972697 8.5249998094514 8.50499980989844 8.41499981191009 7.92499982286245 7.93499982263893 7.94499982241541 -9999 7.58499983046204
-9999 -9999 -9999 -9999 -9999 -9999 -9999 -9999 -9999 -9999 -9999 -9999 -9999 -9999 -9999 -9999 -9999 -9999 -9999 -9999 -9999 -9999 -9999 -9999 -9999 -9999 -9999 -9999 -9999 -9999 -9999 -9999 -9999 -9999 -9999 -9999 -9999 -9999 13.1299997065216 8.21499981638044 8.08499981928617 8.10499981883913 8.22499981615692 8.76499980408698 8.91499980073422 8.88499980140477 9.2999997921288 9.45499978866428 9.40999978967011 9.51999978721142 9.53999978676438 9.13999979570508 8.92999980039895 8.33499981369823 8.18499981705099 8.22999981604517 8.27999981492758 14.2649996811524 -9999 13.6649996945634 -9999 13.8799996897578
-9999 -9999 -9999 -9999 -9999 -9999 -9999 -9999 -9999 -9999 -9999 -9999 -9999 -9999 -9999 -9999 -9999 -9999 -9999 -9999 -9999 -9999 -9999 -9999 -9999 -9999 -9999 -9999 -9999 -9999 -9999 -9999 -9999 -9999 -9999 -9999 -9999 -9999 -9999 6.84499984700233 8.17999981716275 8.3799998126924 8.67999980598688 8.85999980196357 9.00499979872257 9.08999979682267 9.09499979671091 9.13499979581684 9.54999978654087 9.03999979794025 9.2999997921288 9.28999979235232 8.98999979905784 8.72999980486929 8.6099998075515 8.49499981012195 8.59999980777502 8.23999981582165 8.27999981492758 8.29999981448054 -9999 -9999
-9999 -9999 -9999 -9999 -9999 -9999 -9999 -9999 -9999 -9999 -9999 -9999 -9999 -9999 -9999 -9999 -9999 -9999 -9999 -9999 -9999 -9999 -9999 -9999 -9999 -9999 -9999 -9999 -9999 -9999 -9999 -9999 -9999 -9999 -9999 -9999 -9999 -9999 -9999 -9999 8.51499980967492 8.8999998010695 8.95999979972839 9.09499979671091 9.20999979414046 9.2999997921288 9.42999978922307 9.41999978944659 9.3599997907877 9.3849997902289 9.39499979000539 9.31499979179353 9.23499979358166 9.00499979872257 8.91499980073422 8.89499980118126 8.84999980218709 8.64999980665743 8.42499981168658 8.36499981302768 7.63999982923269 -9999
-9999 -9999 -9999 -9999 -9999 -9999 -9999 -9999 -9999 -9999 -9999 -9999 -9999 -9999 -9999 -9999 -9999 -9999 -9999 -9999 -9999 -9999 -9999 -9999 -9999 -9999 -9999 -9999 -9999 -9999 -9999 -9999 -9999 -9999 -9999 -9999 -9999 -9999 -9999 -9999 8.02999982051551 8.30999981425703 8.68499980587512 8.42999981157482 9.02999979816377 9.16999979503453 9.36999979056418 9.25999979302287 9.20499979425222 9.27499979268759 9.3849997902289 9.46499978844076 9.42499978933483 9.30499979201704 9.19999979436398 9.13499979581684 8.96999979950488 8.64499980676919 8.33499981369823 8.14499981794506 7.99999982118607 8.07499981950969
-9999 -9999 -9999 -9999 -9999 -9999 -9999 -9999 -9999 -9999 -9999 -9999 -9999 -9999 -9999 -9999 -9999 -9999 -9999 -9999 -9999 -9999 -9999 -9999 -9999 -9999 -9999 -9999 -9999 -9999 -9999 -9999 -9999 -9999 -9999 -9999 -9999 -9999 -9999 -9999 7.8099998254329 7.8099998254329 8.51999980956316 8.9849997991696 8.98999979905784 8.97999979928136 8.99999979883432 9.09499979671091 9.0699997972697 9.21999979391694 9.43999978899956 9.47499978821725 9.42499978933483 9.32499979157001 9.14999979548156 9.03499979805201 8.93499980028719 8.49999981001019 8.33999981358647 8.16999981738627 -9999 -9999
-9999 -9999 -9999 -9999 -9999 -9999 -9999 -9999 -9999 -9999 -9999 -9999 -9999 -9999 -9999 -9999 -9999 -9999 -9999 -9999 -9999 -9999 -9999 -9999 -9999 -9999 -9999 -9999 -9999 -9999 -9999 -9999 -9999 -9999 -9999 -9999 -9999 -9999 -9999 8.11499981861562 8.10999981872737 8.09499981906265 8.21999981626868 8.3799998126924 8.55999980866909 8.53999980911613 8.79499980341643 8.93999980017543 9.04999979771674 9.23499979358166 9.12499979604036 9.28499979246408 9.34999979101121 9.33999979123473 9.21999979391694 8.91499980073422 8.7549998043105 14.1799996830523 6.86999984644353 7.26999983750284 7.26999983750284 7.0349998427555
-9999 -9999 -9999 -9999 -9999 -9999 -9999 -9999 -9999 -9999 -9999 -9999 -9999 -9999 -9999 -9999 -9999 -9999 -9999 -9999 -9999 -9999 -9999 -9999 -9999 -9999 -9999 -9999 -9999 -9999 -9999 -9999 -9999 -9999 -9999 -9999 -9999 -9999 -9999 7.96999982185662 7.90499982330948 8.06999981962144 8.34999981336296 8.46499981079251 8.61499980743974 9.02499979827553 9.08999979682267 9.00499979872257 9.06499979738146 9.24499979335815 9.3849997902289 9.29499979224056 9.33499979134649 9.34499979112297 9.11999979615211 8.78999980352819 8.54999980889261 8.35999981313944 8.34999981336296 7.24499983806163 7.42999983392656 7.32999983616173
-9999 -9999 -9999 -9999 -9999 -9999 -9999 -9999 -9999 -9999 -9999 -9999 -9999 -9999 -9999 -9999 -9999 -9999 -9999 -9999 -9999 -9999 -9999 -9999 -9999 -9999 -9999 -9999 -9999 -9999 -9999 -9999 -9999 -9999 -9999 -9999 -9999 -9999 7.90499982330948 8.18499981705099 8.41999981179833 8.49499981012195 8.48499981034547 8.56499980855733 8.69499980565161 9.07499979715794 9.13999979570508 9.25999979302287 9.43999978899956 9.46499978844076 9.43999978899956 9.29499979224056 9.22999979369342 9.11999979615211 9.01999979838729 8.94999979995191 8.77999980375171 8.80499980319291 8.1499998178333 7.88999982364476 7.69999982789159 7.38999983482063
-9999 -9999 -9999 -9999 -9999 -9999 -9999 -9999 -9999 -9999 -9999 -9999 -9999 -9999 -9999 -9999 -9999 -9999 -9999 -9999 -9999 -9999 -9999 -9999 -9999 -9999 -9999 -9999 -9999 -9999 -9999 -9999 -9999 -9999 -9999 -9999 -9999 -9999 8.11999981850386 8.27499981503934 8.3549998132512 8.37499981280416 8.53999980911613 8.74999980442226 8.92999980039895 9.05999979749322 9.17499979492277 9.32999979145825 9.41999978944659 9.45999978855252 9.31499979179353 9.18999979458749 8.93999980017543 8.87999980151653 8.93999980017543 8.87499980162829 8.62999980710447 8.53499980922788 8.44499981123954 8.13999981805682 7.94999982230365 7.36499983537942
-9999 -9999 -9999 -9999 -9999 -9999 -9999 -9999 -9999 -9999 -9999 -9999 -9999 -9999 -9999 -9999 -9999 -9999 -9999 -9999 -9999 -9999 -9999 -9999 -9999 -9999 -9999 -9999 -9999 -9999 -9999 -9999 -9999 -9999 -9999 -9999 -9999 11.8699997346848 8.08499981928617 8.38499981258065 8.50499980989844 8.5249998094514 8.58999980799854 8.73499980475754 8.75999980419874 9.02999979816377 9.05499979760498 9.08999979682267 9.34499979112297 9.23999979346991 9.13499979581684 8.91999980062246 8.69499980565161 8.92999980039895 8.89499980118126 8.93499980028719 8.77499980386347 8.15499981772155 8.09999981895089 8.11499981861562 7.79499982576817 7.50499983225018
-9999 -9999 -9999 -9999 -9999 -9999 -9999 -9999 -9999 -9999 -9999 -9999 -9999 -9999 -9999 -9999 -9999 -9999 -9999 -9999 -9999 -9999 -9999 -9999 -9999 -9999 -9999 -9999 -9999 -9999 -9999 -9999 -9999 -9999 -9999 -9999 -9999 8.41499981191009 8.59999980777502 8.61499980743974 8.70999980531633 8.74499980453402 8.73499980475754 8.65499980654567 9.0699997972697 9.23499979358166 9.2999997921288 9.29499979224056 9.23499979358166 9.00999979861081 8.96499979961663 8.95999979972839 9.01499979849905 8.9849997991696 8.93999980017543 8.83499980252236 8.63999980688095 8.42999981157482 7.91999982297421 7.85999982431531 7.76499982643872 7.52999983169138
-9999 -9999 -9999 -9999 -9999 -9999 -9999 -9999 -9999 -9999 -9999 -9999 -9999 -9999 -9999 -9999 -9999 -9999 -9999 -9999 -9999 -9999 -9999 -9999 -9999 -9999 -9999 -9999 -9999 -9999 -9999 -9999 -9999 -9999 -9999 11.2499997485429 8.56999980844557 8.5849998081103 8.48999981023371 8.49999981001019 8.50499980989844 8.84499980229884 8.91999980062246 8.91499980073422 9.11999979615211 9.38999979011714 9.4449997888878 9.26999979279935 9.07499979715794 9.0449997978285 8.80999980308115 8.8149998029694 8.88499980140477 8.90999980084598 8.8149998029694 8.75999980419874 8.5849998081103 8.24999981559813 8.08499981928617 7.92499982286245 7.72499982733279 7.46999983303249
-9999 -9999 -9999 -9999 -9999 -9999 -9999 -9999 -9999 -9999 -9999 -9999 -9999 -9999 -9999 -9999 -9999 -9999 -9999 -9999 -9999 -9999 -9999 -9999 -9999 -9999 -9999 -9999 -9999 -9999 -9999 -9999 -9999 -9999 -9999 7.90192290030133 8.55999980866909 8.36499981302768 8.41499981191009 8.72999980486929 8.86499980185181 8.99999979883432 9.01999979838729 9.06499979738146 9.36499979067594 9.48499978799373 9.36499979067594 9.25999979302287 9.26499979291111 9.13999979570508 8.94999979995191 8.7549998043105 8.76499980408698 8.7549998043105 8.67499980609864 8.5249998094514 8.40999981202185 8.18999981693923 7.94999982230365 7.6649998286739 7.49999983236194 7.64999982900918
-9999 -9999 -9999 -9999 -9999 -9999 -9999 -9999 -9999 -9999 -9999 -9999 -9999 -9999 -9999 -9999 -9999 -9999 -9999 -9999 -9999 -9999 -9999 -9999 -9999 -9999 -9999 -9999 -9999 8.71499980520457 8.71499980520457 9.07499979715794 9.0699997972697 9.04999979771674 13.3699997011572 12.0099997315556 13.4749996988103 9.00499979872257 8.92999980039895 9.05499979760498 9.12499979604036 9.07499979715794 9.24999979324639 9.42499978933483 9.50999978743494 9.48499978799373 9.34499979112297 9.3599997907877 9.46499978844076 9.42999978922307 9.1549997953698 8.76999980397522 8.65499980654567 8.5849998081103 8.53499980922788 8.30499981436878 8.14499981794506 7.95999982208014 7.88999982364476 7.67999982833862 7.8349998248741 7.8349998248741
-9999 -9999 -9999 -9999 -9999 -9999 -9999 -9999 -9999 -9999 -9999 -9999 -9999 -9999 -9999 -9999 -9999 -9999 -9999 -9999 -9999 -9999 -9999 8.52999980933964 9.15999979525805 9.01999979838729 9.05499979760498 9.14999979548156 9.15999979525805 9.09499979671091 9.17999979481101 8.77499980386347 8.8399998024106 8.9249998005107 8.99999979883432 8.97999979928136 8.86499980185181 9.02999979816377 9.11499979626387 9.09499979671091 9.16999979503453 9.31999979168177 9.40499978978187 9.54999978654087 9.54999978654087 9.49999978765845 9.51499978732318 9.63999978452921 9.73499978240579 9.59499978553504 9.13999979570508 8.63999980688095 8.49499981012195 8.45499981101602 8.34999981336296 8.10999981872737 8.00499982107431 8.06999981962144 8.16999981738627 15.8449996458367 -9999 -9999
-9999 -9999 -9999 -9999 -9999 -9999 -9999 -9999 -9999 -9999 -9999 -9999 -9999 -9999 -9999 -9999 -9999 -9999 -9999 -9999 -9999 15.9899996425956 8.46999981068075 9.17999979481101 9.40999978967011 9.30999979190528 9.05999979749322 8.95499979984015 9.02499979827553 9.2999997921288 8.86999980174005 8.91999980062246 8.94499980006367 9.16999979503453 9.26999979279935 9.15999979525805 9.18499979469925 9.16999979503453 9.05999979749322 9.05999979749322 9.14999979548156 9.37999979034066 9.56499978620559 9.614999785088 9.5899997856468 9.66499978397042 9.71499978285283 9.70499978307635 9.71499978285283 9.63499978464097 9.1299997959286 8.60499980766326 8.5849998081103 8.48999981023371 8.13999981805682 8.039999820292 14.3549996791407 -9999 -9999 -9999 -9999 -9999
-9999 -9999 -9999 -9999 -9999 -9999 -9999 -9999 -9999 -9999 -9999 -9999 -9999 -9999 -9999 -9999 -9999 6.88018432352692 15.7349996482953 13.4399996995926 9.30499979201704 9.2149997940287 9.22999979369342 9.36499979067594 9.23499979358166 9.14499979559332 9.17499979492277 9.1299997959286 8.80499980319291 8.64499980676919 8.3549998132512 9.02499979827553 9.16999979503453 9.27499979268759 9.27999979257584 9.27499979268759 9.29499979224056 9.26499979291111 9.26999979279935 9.23999979346991 9.33999979123473 9.43499978911132 9.60999978519976 9.70999978296459 9.76499978173524 9.72499978262931 9.68999978341162 9.614999785088 9.55499978642911 9.39999978989363 9.06499979738146 8.95499979984015 8.65499980654567 -9999 -9999 -9999 -9999 -9999 -9999 -9999 -9999 -9999
-9999 -9999 -9999 -9999 -9999 -9999 -9999 -9999 -9999 -9999 -9999 -9999 -9999 8.36467181780734 -9999 -9999 9.89499977882951 9.30499979201704 9.23999979346991 9.12499979604036 9.52499978709966 9.30999979190528 9.41499978955835 9.45999978855252 9.3599997907877 9.42999978922307 9.11499979626387 9.04999979771674 8.82999980263412 8.36499981302768 8.48999981023371 9.02499979827553 9.40499978978187 9.45499978866428 9.46999978832901 9.46999978832901 9.49999978765845 9.41999978944659 9.48999978788197 9.48999978788197 9.54499978665262 9.62499978486449 9.6749997837469 9.63499978464097 9.74999978207052 9.64999978430569 9.53999978676438 9.39999978989363 9.40499978978187 9.3599997907877 9.56499978620559 8.91999980062246 -9999 -9999 -9999 -9999 -9999 -9999 -9999 -9999 -9999 -9999
-9999 -9999 -9999 -9999 -9999 -9999 -9999 -9999 -9999 -9999 -9999 -9999 -9999 9.46749978838488 9.07499979715794 9.49999978765845 9.28499979246408 9.41999978944659 9.43499978911132 9.43999978899956 9.57499978598207 9.56999978609383 9.51499978732318 9.5299997869879 9.55499978642911 9.31499979179353 9.08499979693443 8.95999979972839 8.87999980151653 8.9249998005107 9.16499979514629 9.40499978978187 9.42499978933483 9.47999978810549 9.51499978732318 9.62499978486449 9.70999978296459 9.83499978017062 9.70499978307635 9.84999977983534 9.91999977827072 9.68499978352338 9.79499978106469 9.78499978128821 9.73999978229403 9.68999978341162 9.57499978598207 9.48499978799373 9.5899997856468 9.51499978732318 9.32999979145825 8.90999980084598 14.9949996648356 -9999 -9999 -9999 -9999 -9999 -9999 21.5199995189905 20.2149995481595 18.1949995933101
-9999 -9999 -9999 -9999 -9999 -9999 -9999 -9999 -9999 -9999 -9999 8.87499980162829 9.48999978788197 9.54499978665262 9.66499978397042 9.65499978419393 9.60499978531152 9.49999978765845 9.45499978866428 9.50499978754669 9.54999978654087 9.5299997869879 9.51499978732318 9.63999978452921 9.67999978363514 9.43999978899956 9.17499979492277 9.18499979469925 9.09499979671091 8.63999980688095 8.64499980676919 9.32499979157001 9.23499979358166 9.42499978933483 9.45499978866428 9.60499978531152 9.63499978464097 9.92499977815896 9.91499977838248 10.0199997760355 10.0799997746944 9.91499977838248 9.97999977692962 9.89999977871776 9.77499978151172 9.69499978329986 9.68499978352338 9.55999978631735 9.50999978743494 9.50499978754669 9.54999978654087 9.29499979224056 -9999 -9999 -9999 -9999 7.5199998319149 7.05499984230846 7.61999982967973 16.9899996202439 16.8449996234849 17.7899996023625
-9999 -9999 -9999 -9999 -9999 -9999 -9999 -9999 9.17499979492277 9.17499979492277 8.83299980256706 9.33499979134649 9.55999978631735 9.5899997856468 9.53499978687614 9.59999978542328 9.55499978642911 9.55999978631735 9.63999978452921 9.71499978285283 9.759999781847 9.72999978251755 9.75499978195876 9.55999978631735 9.4449997888878 9.50999978743494 9.5299997869879 9.47499978821725 9.32499979157001 9.47999978810549 9.41999978944659 9.44999978877604 9.40999978967011 9.49499978777021 9.23999979346991 9.82499978039414 9.92499977815896 9.6999997831881 9.84999977983534 10.0249997759238 10.0149997761473 10.0599997751415 9.98499977681786 9.78999978117645 9.77499978151172 9.71499978285283 9.60999978519976 9.43499978911132 9.39499979000539 9.3849997902289 9.28499979246408 9.2149997940287 8.98999979905784 8.19499981682748 8.13999981805682 7.92499982286245 7.85499982442707 7.79499982576817 7.89999982342124 7.18999983929098 7.43999983370304 7.60999982990324
-9999 -9999 -9999 -9999 -9999 9.11999979615211 9.26499979291111 9.759999781847 9.3599997907877 9.32499979157001 9.57499978598207 9.5899997856468 9.63499978464097 9.67999978363514 9.65499978419393 9.62499978486449 9.68499978352338 9.64999978430569 9.77499978151172 9.74499978218228 9.88499977905303 9.78499978128821 9.58499978575855 9.56999978609383 9.63499978464097 9.67999978363514 9.63499978464097 9.63499978464097 9.60999978519976 9.51999978721142 9.56499978620559 9.76499978173524 9.52499978709966 9.43499978911132 9.60499978531152 9.82999978028238 9.91499977838248 9.90999977849424 9.80499978084117 9.73999978229403 9.76499978173524 9.96999977715313 10.0349997757003 9.66999978385866 9.57499978598207 9.48499978799373 9.46999978832901 9.24999979324639 9.0449997978285 8.93999980017543 8.84999980218709 8.77999980375171 8.61999980732799 8.41999981179833 8.28499981481582 8.15999981760979 7.88999982364476 7.82999982498586 7.84999982453883 8.00499982107431 7.92499982286245 7.67499982845038
-9999 -9999 -9999 -9999 -9999 9.14399979561567 8.25999981537461 9.44999978877604 9.57999978587031 9.73499978240579 9.85499977972358 9.89999977871776 9.77499978151172 9.85999977961183 9.74499978218228 9.65499978419393 9.74999978207052 9.85499977972358 9.86999977938831 9.92499977815896 9.76499978173524 9.67999978363514 9.79499978106469 9.80999978072941 9.63999978452921 9.5899997856468 9.55499978642911 9.65499978419393 9.65999978408217 9.63499978464097 9.56499978620559 9.73999978229403 9.72999978251755 9.78999978117645 9.76499978173524 10.0599997751415 10.0449997754768 10.1299997735769 10.1599997729063 9.93999977782369 9.89999977871776 9.82999978028238 9.8449997799471 9.69499978329986 9.54499978665262 9.39999978989363 9.23499979358166 9.13999979570508 8.8399998024106 8.65499980654567 8.37499981280416 8.59499980788678 8.42499981168658 8.33999981358647 7.96999982185662 7.99499982129782 7.96999982185662 8.20499981660396 8.05999981984496 8.10999981872737 7.71999982744455 7.8099998254329
-9999 -9999 -9999 -9999 -9999 8.19499981682748 8.73499980475754 9.85499977972358 9.87999977916479 9.79999978095293 9.8199997805059 9.75499978195876 9.70499978307635 9.82999978028238 9.77499978151172 9.82999978028238 9.759999781847 9.74499978218228 9.82499978039414 9.80999978072941 9.70499978307635 9.66499978397042 9.58499978575855 9.63999978452921 9.64999978430569 9.60499978531152 9.65499978419393 9.79499978106469 9.83999978005886 9.73999978229403 9.52499978709966 9.47499978821725 9.50499978754669 9.70999978296459 10.0599997751415 9.89999977871776 9.71499978285283 9.80999978072941 9.87999977916479 9.94499977771193 9.72999978251755 9.80999978072941 9.77999978139997 9.60499978531152 9.49999978765845 9.25499979313463 9.00499979872257 9.01499979849905 8.90499980095774 8.77499980386347 8.77999980375171 8.51999980956316 8.41999981179833 8.41499981191009 8.44999981112778 8.45999981090426 8.61499980743974 8.10999981872737 7.78999982587993 7.79999982565641 7.91999982297421 7.82999982498586
-9999 -9999 -9999 -9999 -9999 9.85499977972358 9.80499978084117 9.8199997805059 9.83999978005886 9.75499978195876 9.71499978285283 9.77499978151172 9.74999978207052 9.86499977950007 9.73999978229403 9.68999978341162 9.68999978341162 9.74499978218228 9.74999978207052 9.71999978274107 9.74999978207052 9.81499978061765 9.80999978072941 9.79999978095293 9.78499978128821 9.82499978039414 9.84999977983534 9.89999977871776 9.91999977827072 9.94499977771193 9.89999977871776 9.78999978117645 9.77499978151172 9.57499978598207 9.73499978240579 9.54499978665262 9.57999978587031 9.74499978218228 9.73499978240579 9.6749997837469 9.70999978296459 9.74999978207052 9.73499978240579 9.51999978721142 9.48499978799373 9.46999978832901 9.14999979548156 9.04999979771674 9.01499979849905 9.02999979816377 9.30999979190528 9.19499979447573 8.93999980017543 8.69999980553985 8.57999980822206 8.64999980665743 8.23999981582165 8.2699998151511 8.33499981369823 6.99999984353781 6.96999984420836 7.70749982772395
-9999 -9999 -9999 -9999 -9999 9.88999977894127 9.92499977815896 9.87499977927655 9.80999978072941 9.76499978173524 9.759999781847 9.74499978218228 9.77999978139997 9.73999978229403 9.70999978296459 9.59499978553504 9.57499978598207 9.73499978240579 9.82499978039414 9.84999977983534 9.88999977894127 10.0749997748062 9.91499977838248 9.84999977983534 9.99999977648258 10.1199997738004 9.94999977760017 9.88999977894127 10.1649997727945 10.049999775365 10.214999771677 10.2249997714534 10.214999771677 10.1999997720122 8.21499981638044 9.39499979000539 9.77999978139997 9.89499977882951 9.6749997837469 9.54499978665262 9.57999978587031 9.62499978486449 9.62999978475273 9.22499979380518 8.93999980017543 8.38499981258065 9.19499979447573 6.77999984845519 7.28499983716756 9.18499979469925 9.25999979302287 9.1549997953698 8.68499980587512 8.50999980978668 7.53999983146787 7.39499983470887 8.23999981582165 8.14499981794506 8.16499981749803 8.09499981906265 8.01499982085079 7.80499982554466
