EcologicalScience/Bass/data/rs_data_bass/sst_536.asc
NCOLS 226 
NROWS 124 
XLLCORNER -9.41648524995501 
YLLCORNER 47.587301625531 
CELLSIZE 0.0833 
NODATA_value -9999 
[rows 81 to 107 of 124, columns 62 to 123 of 226]
14.0124992221245 -9999 -9999 -9999 -9999 -9999 -9999 -9999 -9999 -9999 -9999 -9999 -9999 -9999 -9999 -9999 -9999 -9999 -9999 -9999 -9999 -9999 -9999 -9999 -9999 -9999 -9999 -9999 -9999 -9999 -9999 -9999 -9999 -9999 -9999 -9999 -9999 -9999 -9999 -9999 -9999 -9999 -9999 -9999 -9999 -9999 -9999 -9999 -9999 -9999 -9999 -9999 -9999 -9999 -9999 -9999 -9999 -9999 -9999 -9999 -9999 -9999
15.7999996468425 -9999 -9999 -9999 -9999 -9999 -9999 -9999 -9999 -9999 -9999 -9999 -9999 -9999 -9999 -9999 -9999 -9999 -9999 -9999 -9999 -9999 -9999 -9999 -9999 -9999 -9999 -9999 -9999 -9999 -9999 -9999 -9999 -9999 -9999 -9999 -9999 -9999 -9999 -9999 -9999 -9999 -9999 -9999 -9999 -9999 -9999 -9999 -9999 -9999 -9999 -9999 -9999 -9999 -9999 -9999 -9999 -9999 -9999 -9999 -9999 -9999
-9999 -9999 -9999 -9999 -9999 -9999 -9999 -9999 -9999 -9999 -9999 -9999 -9999 -9999 -9999 -9999 -9999 -9999 -9999 -9999 -9999 -9999 -9999 -9999 -9999 -9999 -9999 -9999 -9999 -9999 -9999 -9999 -9999 -9999 -9999 -9999 -9999 -9999 -9999 -9999 -9999 -9999 -9999 -9999 -9999 -9999 -9999 -9999 -9999 -9999 -9999 -9999 -9999 -9999 -9999 -9999 -9999 -9999 -9999 -9999 -9999 -9999
-9999 -9999 -9999 -9999 -9999 -9999 -9999 -9999 -9999 -9999 -9999 -9999 -9999 -9999 -9999 -9999 -9999 -9999 -9999 -9999 -9999 -9999 -9999 -9999 -9999 -9999 -9999 -9999 -9999 -9999 -9999 -9999 -9999 11.3199997469783 11.209999749437 11.1449997508898 -9999 -9999 -9999 -9999 -9999 -9999 -9999 -9999 -9999 -9999 -9999 -9999 -9999 -9999 -9999 -9999 -9999 -9999 -9999 -9999 17.2699996139854 14.9049996668473 17.9667882134672 17.7405163547955 17.2750633079559 17.2449415391311
-9999 -9999 -9999 -9999 -9999 -9999 -9999 -9999 -9999 -9999 -9999 -9999 -9999 -9999 -9999 -9999 -9999 -9999 -9999 -9999 -9999 -9999 -9999 -9999 -9999 -9999 -9999 -9999 -9999 -9999 -9999 -9999 -9999 16.7499996256083 18.4451505898032 17.9477828117087 18.115783391404 17.5899075106718 17.8021942623891 17.9528031065129 16.7866091145136 -9999 17.7166699544759 16.9336832612753 16.9473097757436 16.7321542841382 17.1574449725449 16.7572557581589 16.9551988104358 16.9738456197083 18.2801980462391 17.9926785909571 11.189999749884 -9999 17.6300698691048 17.6307870540768 17.5813012910075 17.1072420245036 16.8669850588776 15.9425336299464 16.7450636136346 16.1290017226711
-9999 -9999 -9999 -9999 -9999 -9999 -9999 -9999 -9999 -9999 -9999 -9999 15.6078234035056 15.040012962528 17.2349009495229 17.3102053715847 16.9824518393725 17.1380809783004 17.44001585152 -9999 -9999 -9999 -9999 -9999 -9999 11.894999734126 -9999 16.1385044235503 18.4247108181007 17.6028168401681 17.4579454758205 17.478743840009 17.5648060366511 17.5648060366511 16.5699996296316 -9999 18.5324934738954 17.8308816612698 17.7326273201033 17.6989196264185 17.8739127595909 17.8667409098707 17.6429791986011 16.6970122205094 17.5102999787778 17.1875667413697 17.0394680446479 16.7701650876552 17.2779320478439 16.4926145034842 16.6260109082796 16.884197498206 16.882763128262 17.2291634697467 17.6845759269781 17.1682027471252 17.5088656088337 16.6346171279438 16.203588959761 16.0816675145179 16.8497726195492 16.8497726195492
-9999 -9999 -9999 -9999 -9999 -9999 -9999 -9999 -9999 16.5195831314837 16.5838762911735 16.7041840702295 17.6458479384892 17.2377696894109 17.3489333600737 17.0570390764624 16.603060989175 16.8074587062001 16.9351176312193 17.2549821287394 16.6955778505653 14.8638874320313 17.7498397594318 16.8060243362561 16.9645222150721 16.5724013316212 -9999 17.1273232037202 17.1940214061178 17.2327493946068 17.4055909728631 17.3941160133108 17.4084597127512 17.1323434985243 14.3471556596924 16.3849996337667 15.8799996450543 17.7397991698235 17.7154148807749 17.7218695455231 17.7555772392079 17.4744407301769 15.7797326412983 17.081423365511 17.0548875215463 16.7880947119556 16.6123843938112 16.8845560906921 16.8644749114756 16.9404965185095 17.0197454579175 16.8949552727863 16.4610583647154 16.244468503166 16.3463087691925 16.3111667055637 16.644657717552 15.649204976391 16.045808265917 15.9841303583235 16.0321817514487 16.124698612839
-9999 -9999 -9999 -9999 -9999 -9999 -9999 -9999 14.7849996695295 16.5894344747066 16.6109500238672 16.8992583826184 17.2219916200265 16.9444410358556 17.0147251631133 16.7945493767038 16.5571611509658 16.6647388967685 16.7027497002855 16.6554154921323 16.5277565671131 16.6762138563208 16.6991637754254 17.2951444871724 16.8526413594373 16.5019379081205 16.4883113936521 16.6769310412928 16.7888118969277 16.961653475184 17.1122623193078 16.7923978217877 16.7170933997259 16.4338053357787 16.9035614924505 17.4500564411283 17.521057753358 17.6745353373699 17.6867274818942 17.7233039154671 17.7799615282565 17.6831415570341 15.6212347624823 16.8863490531221 17.0355235273018 16.840449214913 16.8598132091574 16.923284079181 16.8641163189895 16.3606524686329 16.1992858499289 16.3412884743884 16.3513290639967 16.2523575378582 16.2028717747889 16.2028717747889 16.1526688267477 15.8550370633602 15.9690694739111 16.0171208670363 16.0242927167565 16.2351450985298
-9999 -9999 -9999 -9999 -9999 -9999 -9999 -9999 14.9897533946205 16.7945493767038 17.1660511922091 17.3080538166687 16.9767143595964 16.6453749025241 16.9042786774226 16.5464033763856 16.5908688446507 16.7450636136346 16.6503951973282 16.6303140181117 16.48400828382 16.48400828382 16.3907742374577 16.6919919257052 16.522019087337 16.4632099196315 16.4754020641558 16.6202734285034 16.5105441277847 16.6554154921323 16.7292855442502 16.6503951973282 16.724265249446 16.6668904516846 16.8088930761442 17.1581621575169 17.3059022617526 17.4744407301769 17.5784325511195 17.5102999787778 17.5397045626305 17.3482161751017 17.0383922671899 16.64394053258 16.5908688446507 16.5593127058819 16.2186498441733 16.206457699649 15.9798272484913 16.1232642428949 16.1512344568036 16.1533860117197 16.1103549133986 16.1426282371394 16.0809503295459 16.1160923931748 16.1727500059642 16.1125064683147 16.1024658787064 16.1447797920555 16.1763359308243 16.2996917460114
-9999 9.40499978978187 -9999 -9999 -9999 -9999 -9999 9.59999978542328 14.492744209012 17.120151354 17.5425733025186 17.0778374406509 17.0111392382532 16.522019087337 16.1340220174752 16.0034943525679 16.2150639193133 16.3190557402559 16.3577837287448 16.6131015787832 16.5191503474489 16.5306253070012 16.4187444513664 16.4718161392957 16.3305306998082 16.1713156360202 16.0694753699936 15.9181493408978 15.8019653754309 16.2674184222706 16.2329935436137 16.4180272663943 16.4969176133163 16.5937375845388 16.6410717926919 16.8633991340175 17.0498672267422 17.1108279493637 17.2090822905302 17.1631824523211 16.8461866946891 16.724265249446 16.3032776708715 16.0988799538463 16.2179326592013 16.1433454221115 16.0300301965326 15.966200734023 16.0092318323441 15.9310586703941 16.0178380520083 16.0221411618404 16.0479598208331 16.1928311851807 16.1591234914958 16.1275673527271 16.0321817514487 16.0020599826239 16.0300301965326 16.1024658787064 16.3118838905357 16.5392315266654
15.7797326412983 15.8916134969331 15.9848475432955 16.0199896069244 15.8154125936562 -9999 16.1899624452926 15.8012481904589 15.1875769160688 15.2958718468435 18.0711386268958 16.9781487295404 16.7694479026832 16.0278786416166 15.8665120229125 15.7761467164382 15.8485823986121 16.1376079423353 16.1576891215518 16.1067689885385 15.9203008958139 15.9109774911776 15.8313699592836 16.007080277428 15.6979735544883 15.5982848433778 15.6664174157195 15.7410046528094 15.5473647103645 15.7180547337048 15.8679463928565 16.0673238150775 16.1397594972514 16.1720328209922 16.2229529540055 16.3463087691925 16.3384197345003 16.3993804571219 16.4904629485682 16.3212072951719 16.1368907573633 16.0587175954133 15.9124118611217 15.9382305201143 15.9618976241909 15.9611804392189 15.9360789651982 15.9948881329037 15.9991912427358 16.0823846994899 16.1368907573633 16.1139408382587 16.1182439480908 16.1627094163559 16.1490829018876 16.1541031966917 16.2215185840614 16.2502059829421 16.3384197345003 16.4087038617581 16.5908688446507 16.6597186019644
16.2882167864591 16.2272560638376 15.8435621038079 15.3307748488151 15.1378520913422 15.0532242646441 15.0697195190005 15.1715597850271 16.2222357690334 17.0333719723858 16.9724112497643 16.8002868564799 16.3377025495283 16.0156864970922 15.885158832185 15.8944822368212 15.9439679998904 16.283913676627 16.1397594972514 15.8026825604029 15.6348612769507 15.6183660225943 15.6685689706355 15.6707205255516 15.4670399934985 15.408948010765 15.4985961322673 15.5244147912599 15.7854701210745 15.687215779908 15.8335215141997 15.8421277338639 15.8672292078845 15.9030884564854 15.9410992600024 15.9805444334634 16.0207067918964 16.0386364161968 15.9109774911776 15.8700979477726 15.9697866588831 15.8313699592836 15.9568773293868 15.9934537629597 15.9798272484913 16.0343333063647 16.0759300347418 16.087404994294 16.0415051560849 16.0479598208331 16.0802331445739 16.1820734106004 16.2150639193133 16.1447797920555 16.3592180986889 16.3498946940526 16.2688527922146 16.3470259541646 16.1777703007683 16.5865657348186 16.8160649258643 16.564333000686
16.4251991161145 16.4015320120379 16.4266334860586 15.8256324795075 15.5079195369035 15.4505447391421 15.4792321380228 15.8830072772689 16.7579729431309 16.722830879502 16.4151585265063 16.4295022259466 15.9597460692748 15.7453077626415 15.846430843696 16.0995971388184 16.0960112139583 15.9841303583235 15.9683522889391 15.5215460513718 15.4433728894219 15.5409100456163 15.4189886003733 15.6104769879021 15.5810724040493 15.5380413057283 15.5057679819874 15.4297463749535 15.6793267452158 15.7998138205148 15.7517624273896 15.7976622655988 15.9324930403382 15.9547257744707 16.0185552369803 16.0565660404973 16.0723441098817 16.0336161213927 16.00421153754 16.0881221792661 16.0795159596018 16.0673238150775 15.9841303583235 15.9776756935753 16.0149693121202 16.0379192312248 16.0809503295459 16.0142521271482 16.0422223410569 16.1053346185945 16.1519516417757 16.2925198962912 16.3434400293045 16.4481490352191 16.4538865149952 16.5564439659938 16.5299081220292 16.6080812839791 16.7149418448098 16.884197498206 17.0312204174697 17.1316263135523
16.6740623014048 16.7178105846979 16.7500839084387 16.4761192491278 16.0737784798257 15.9045228264295 15.9109774911776 16.4259163010865 16.4667958444916 15.8349558841437 16.3190557402559 15.9540085894987 15.7352671730332 15.5860926988535 15.7596514620818 15.6685689706355 15.6319925370626 15.646336236503 15.6284066122025 15.3888668315485 15.3594622476958 15.3128452245146 15.4103823807091 15.3479872881435 15.649204976391 15.5968504734337 15.6570940110832 15.6233863173984 15.8528855084442 15.9145634160377 15.925321190618 16.0536973006092 16.0328989364207 16.2172154742293 16.2731559020467 16.203588959761 16.1419110521674 16.1591234914958 16.2179326592013 16.2717215321027 16.1885280753486 16.1820734106004 16.2882167864591 16.046525450889 15.9289071154781 16.1010315087624 16.2509231679142 16.2193670291454 16.0723441098817 16.163426601328 16.2401653933339 16.3384197345003 16.4567552548833 16.5966063244268 16.6754966713488 16.6539811221883 16.9774315445684 16.9982299087569 17.0391094521619 17.1294747586362 17.4464705162682 17.4636829555966
17.0735343308188 17.0075533133931 17.1911526662298 16.9415722959675 16.8447523247451 16.7751853824593 16.7988524865359 16.8160649258643 16.7414776887745 16.723548064474 16.6855372609571 16.9508957006037 15.6097598029301 15.6269722422585 15.5652943346649 15.5789208491333 15.6269722422585 15.5545365600847 15.6578111960553 15.5638599647209 15.4218573402613 15.5057679819874 15.5710318144411 15.566011519637 15.7646717568859 15.7194891036488 15.8170262598433 15.9009369015694 15.9855647282675 15.9590288843028 15.8801385373808 16.087404994294 16.2301248037256 16.4388256305829 16.4467146652751 16.4589068097994 16.4416943704709 16.3735617981292 16.3714102432132 16.4223303762265 16.3886226825416 16.444563110359 16.3169041853398 16.3800164628774 16.3692586882971 16.4144413415343 16.40224919701 16.4273506710306 16.3728446131572 16.4746848791838 16.4675130294636 16.4804223589599 16.5772423301823 16.8067415212281 16.9580675503239 16.9329660763033 17.3675801693462 17.479461024981 17.6487166783772 17.7340616900474 17.8846705341712 17.9865108001977
17.1911526662298 17.2097994755022 17.3109225565568 17.3769035739824 17.1854151864536 17.2320322096348 17.1172826141119 17.0893124002032 16.9516128855757 17.0168767180294 16.8992583826184 16.4804223589599 15.8966337917373 15.8679463928565 15.7883388609625 15.7467421325855 15.5617084098049 15.6111941728741 15.6269722422585 15.7123172539286 15.5875270687975 15.5982848433778 15.6728720804676 15.7187719186768 15.8987853466533 15.9454023698345 15.8973509767093 16.1153752082027 16.0479598208331 16.0881221792661 15.9317758553661 16.1003143237904 16.2882167864591 16.4144413415343 16.5528580411337 16.4194616363384 16.4976347982883 16.5743735902943 16.6475264574401 16.6482436424121 16.6919919257052 16.6503951973282 16.3972289022058 16.3068635957316 16.40224919701 16.483291098848 16.5191503474489 16.523453457281 16.5320596769452 16.6941434806213 16.7988524865359 16.8992583826184 16.9042786774226 17.2198400651105 17.3482161751017 17.5246436782181 17.8545487653464 17.919095412828 17.9248328926042 17.8509628404863 17.9635608810931 18.1708273380063
16.8798943883739 17.1868495563976 17.3087710016407 17.4966734643094 17.6537369731814 17.7240211004391 17.4579454758205 17.1158482441679 16.8547929143533 16.6962950355373 16.9136020820588 17.0972014348954 15.8787041674368 15.846430843696 15.927472745534 15.926755560562 15.8966337917373 15.7739951615222 15.8163090748712 15.8249152945355 15.9052400114015 15.9231696357019 15.7345499880612 15.6018707682379 15.7754295314662 15.925321190618 16.0981627688743 16.2251045089215 16.3197729252279 16.0759300347418 15.8930478668772 16.2996917460114 16.5593127058819 16.6991637754254 16.9078646022826 16.9257942265831 16.8741569085978 16.8677022438496 16.9379863711074 16.8770256484859 16.8103274460882 16.6912747407332 16.5392315266654 16.4646442895755 16.5134128676727 16.6224249834195 16.7952665616758 16.9121677121148 16.8476210646331 17.1380809783004 17.1682027471252 17.2592852385715 17.4500564411283 17.6731009674259 17.8567003202625 17.9262672625482 16.8815977026825 17.1499996166676 -9999 -9999 -9999 -9999
17.0534531516023 17.3460646201856 17.4378642966039 17.4708548053168 17.5167546435259 17.559785741847 16.7493667234667 16.7256996193901 16.9042786774226 17.1380809783004 17.1911526662298 17.0068361284211 16.1433454221115 15.9454023698345 15.8837244622409 15.9948881329037 15.9116946761496 15.8507339535281 15.9956053178757 16.2286904337816 16.1462141619995 15.9755241386592 15.8751182425767 14.8947263858281 16.4675130294636 16.3319650697522 16.1799218556844 16.2939542662352 16.1168095781468 15.9948881329037 16.126850167755 16.3685415033251 16.3620868385769 17.0211798278615 17.2886898224242 17.1438184580766 16.8899349779822 16.9186223768629 16.9071474173106 16.9508957006037 16.8332773651928 16.841883584857 16.8375804750249 16.7780541223474 16.8712881687097 17.0125736081973 16.96021910524 16.7794884922914 16.9329660763033 17.4909359845333 17.7068086611107 17.8136692219414 17.8602862451226 18.076876106672 15.3883887082338 13.8649996900931 -9999 -9999 -9999 -9999 -9999 -9999
17.441450221464 16.9709768798202 17.3847926086746 17.3424786953256 17.2513962038793 17.0455641169101 16.8081758911721 16.880611573346 17.0548875215463 17.2227088049985 17.2370525044389 16.5973235093988 16.5005035381764 16.3133182604797 16.2007202198729 15.8593401731923 15.9855647282675 16.0436567110009 16.1734671909362 16.0034943525679 16.3068635957316 16.4890285786241 16.1146580232307 15.807702855207 16.3455915842205 16.2681356072426 16.2516403528862 16.2781761968508 16.5456861914136 16.1749996384606 -9999 16.7249996261671 16.7249996261671 -9999 -9999 16.8099996242672 17.2578508686274 17.043412561994 17.0950498799793 17.0132907931693 16.9939267989248 17.0505844117142 17.0720999608748 17.1717886719853 17.320245961193 17.518906198442 17.2693258281797 17.1531418627128 17.281517972704 17.9484999966808 18.1521805287339 18.2260505808517 18.0919369910844 -9999 -9999 -9999 -9999 -9999 -9999 -9999 -9999 -9999
17.3639942444861 17.040543822106 16.9967955388129 17.1079592094757 16.7027497002855 16.7744681974873 16.5055238329805 16.7135074748658 16.9250770416111 16.8189336657524 16.7823572321795 16.5026550930925 16.9903408740647 16.8669850588776 16.5148472376168 16.0027771675959 16.1110720983706 16.3219244801439 16.4503005901352 16.5428174515255 16.6295968331397 17.0326547874138 16.8885006080382 16.5793938850984 16.56218144577 16.5177159775048 16.5471205613576 16.3936429773457 16.5593127058819 11.3449997464195 -9999 -9999 -9999 -9999 16.3799996338785 18.4598528817296 17.0677968510427 17.0649281111546 17.161748082377 17.1337778684683 17.1179997990839 17.1961729610339 17.2757804929279 17.3675801693462 17.44001585152 17.6415448286571 17.7627490889281 17.7491225744598 17.9219641527161 18.2920315982774 18.3099612225778 18.4153874134645 15.537906833546 -9999 -9999 -9999 -9999 -9999 -9999 -9999 -9999 -9999
17.0649281111546 16.9566331803799 16.7658619778231 16.7421948737465 16.7866603420116 16.5521408561617 16.5521408561617 16.5772423301823 16.644657717552 16.4130069715902 16.3699758732691 16.4208960062824 16.4890285786241 16.6876888158731 16.9874721341766 16.8110446310602 16.1691640811041 16.2674184222706 16.2788933818229 15.9446851848625 15.9798272484913 16.0515457456931 15.9884334681556 17.0297860475257 16.8583788392134 16.6934262956493 16.6783654112369 16.8669850588776 17.4522079960443 12.7799997143447 -9999 -9999 -9999 -9999 -9999 17.1549996165559 18.1084322454408 18.237525540404 18.0087435343303 17.6236152043566 17.638676088769 17.7354960599914 17.7828302681446 17.8301644762978 17.9076204532757 17.9327219272964 17.7555772392079 17.5389873776585 18.0044404244982 18.3386486214586 18.4333170377649 18.5495010032319 18.7316659861244 19.2699995692819 -9999 -9999 -9999 -9999 -9999 -9999 -9999 -9999
16.7522354633547 16.6611529719085 16.684102891013 16.762276052963 16.4352397057228 16.6475264574401 16.3183385552838 16.2882167864591 16.3520462489687 16.5134128676727 16.3620868385769 16.4488662201911 16.8311258102767 16.7486495384946 16.721396509558 16.6123843938112 16.4237647461705 16.3879054975696 16.4087038617581 16.40224919701 16.4718161392957 16.0192724219523 16.3355509946123 16.9652394000441 17.1760917818174 17.7233039154671 18.1127353552729 18.0116122742184 18.0532090025954 17.8875392740592 15.5699996519834 24.7149994475767 -9999 -9999 -9999 -9999 18.6595888964366 18.555238483008 18.5050355349667 18.3056581127457 18.1098666153848 18.1069978754967 18.2576067196205 18.3113955925219 18.395306234248 17.9320047423244 17.1746574118733 18.3938718643039 18.7079988820478 19.1196630559862 19.0249946396798 18.9475386627018 19.5509601685335 9.86999977938831 -9999 -9999 -9999 -9999 -9999 -9999 -9999 -9999
16.8605303941295 16.7034668852575 16.6905575557612 16.6561326771043 16.6647388967685 16.3871883125976 16.1469313469715 16.3886226825416 16.4553208849393 16.5141300526448 16.6109500238672 16.7300027292222 16.7687307177112 16.6590014169924 16.6317483880557 16.3405712894164 16.2788933818229 16.4954832433723 16.6267280932516 16.8096102611162 16.2258216938935 17.0283516775817 17.3840754237026 17.8861049041152 17.9212469677441 17.639393273741 18.0524918176234 18.1306649795733 18.0596636673436 18.4333170377649 16.4899996314198 -9999 -9999 -9999 -9999 -9999 -9999 -9999 -9999 -9999 -9999 -9999 -9999 -9999 -9999 -9999 18.4270058100112 18.8908810499124 19.311868628487 19.723293740768 16.1649996386841 14.1549996836111 -9999 -9999 -9999 -9999 -9999 -9999 -9999 -9999 -9999 -9999
16.9910580590367 16.5944547695108 16.6195562435314 16.5973235093988 16.4216131912544 16.0536973006092 16.2645496823825 16.3369853645563 16.4194616363384 16.5263221971691 16.5966063244268 16.721396509558 16.8698537987657 16.8569444692694 16.6676076366566 16.5743735902943 16.7802056772634 16.8992583826184 16.9688253249042 17.2219916200265 17.123020093888 17.0190282729454 17.041261007078 16.9781487295404 15.7549996478483 16.804999624379 17.839129288448 17.7835474531166 18.3350626965985 18.4684591013938 18.7040543647017 17.2049996154383 14.9233552389968 -9999 -9999 -9999 -9999 -9999 -9999 -9999 -9999 -9999 -9999 -9999 -9999 -9999 -9999 -9999 -9999 -9999 -9999 -9999 -9999 -9999 -9999 -9999 -9999 -9999 -9999 -9999 -9999 -9999
16.6647388967685 16.7041840702295 16.6073640990071 16.3929257923737 16.2086092545651 16.1749015608802 16.2100436245091 16.3936429773457 16.5614642607979 16.5973235093988 16.761558867991 16.7429120587185 16.8691366137937 16.9064302323386 16.8182164807804 16.8885006080382 16.7931150067598 16.9803002844565 16.9896236890927 17.1122623193078 16.7809228622355 17.2105166604742 17.1416669031605 17.3532364699058 17.4206518572755 17.9248328926042 17.7089602160268 17.5691091464832 17.8509628404863 17.2635883484036 18.6707052635029 19.1203802409582 7.71999982744455 -9999 -9999 -9999 -9999 -9999 -9999 -9999 -9999 -9999 -9999 -9999 -9999 -9999 -9999 -9999 -9999 -9999 -9999 -9999 -9999 -9999 -9999 -9999 -9999 -9999 -9999 -9999 -9999 -9999
16.5958891394548 16.5464033763856 16.4402600005269 16.204306144733 16.1203955030069 16.0594347803853 16.1290017226711 16.2982573760673 16.4754020641558 16.7034668852575 16.9379863711074 17.002533018589 16.9709768798202 16.9300973364152 17.1875667413697 17.1746574118733 17.199041700922 17.2176885101944 17.1646168222651 17.280800787732 17.3030335218646 17.3453474352136 17.4536423659883 17.4220862272196 17.7699209386483 17.7498397594318 17.83805351099 18.078310476616 18.0969572858885 18.474913766142 18.794778263662 19.6763778905151 -9999 -9999 -9999 -9999 -9999 -9999 -9999 -9999 -9999 -9999 -9999 -9999 -9999 -9999 -9999 -9999 -9999 -9999 -9999 -9999 -9999 -9999 -9999 -9999 -9999 -9999 -9999 -9999 -9999 -9999
16.1548203816637 15.8708151327446 15.924604005646 15.8514511385001 16.0113833872601 16.2143467343412 16.1290017226711 16.2129123643972 16.5550095960498 17.1000701747835 17.1789605217054 17.3654286144301 17.441450221464 17.4844813197851 17.4027222329751 17.2033448107541 17.1682027471252 17.2894070073962 17.2349009495229 17.2313150246628 17.201193255838 17.5361186377704 17.6472823084332 17.6630603778176 17.8703268347308 17.7950224126689 17.7347788750194 18.354426690843 18.2812738236971 18.4268623730168 18.6448866045102 18.3221533671021 13.4328768003273 13.3949997005984 -9999 -9999 -9999 -9999 -9999 -9999 -9999 -9999 -9999 -9999 -9999 -9999 -9999 -9999 -9999 -9999 -9999 -9999 -9999 -9999 -9999 -9999 -9999 -9999 -9999 -9999 -9999 -9999
