EcologicalScience/Bass/data/rs_data_bass/sst_11.asc
NCOLS 226 
NROWS 124 
XLLCORNER -9.41648524995501 
YLLCORNER 47.587301625531 
CELLSIZE 0.0833 
NODATA_value -9999 
[rows 0 to 26 of 124, columns 62 to 123 of 226]
-9999 -9999 -9999 -9999 -9999 -9999 -9999 -9999 -9999 -9999 -9999 -9999 -9999 -9999 -9999 -9999 -9999 -9999 -9999 -9999 -9999 -9999 -9999 -9999 -9999 -9999 -9999 -9999 -9999 -9999 -9999 -9999 -9999 -9999 -9999 -9999 -9999 -9999 -9999 -9999 -9999 -9999 -9999 -9999 -9999 -9999 -9999 -9999 -9999 -9999 -9999 -9999 -9999 -9999 -9999 -9999 -9999 -9999 -9999 -9999 -9999 -9999
-9999 -9999 -9999 -9999 -9999 -9999 -9999 -9999 -9999 -9999 -9999 -9999 -9999 -9999 -9999 -9999 -9999 -9999 -9999 -9999 -9999 -9999 -9999 -9999 -9999 -9999 -9999 -9999 -9999 -9999 -9999 -9999 -9999 -9999 -9999 -9999 -9999 -9999 -9999 -9999 -9999 -9999 -9999 -9999 -9999 -9999 -9999 -9999 -9999 -9999 -9999 -9999 -9999 -9999 -9999 -9999 -9999 -9999 -9999 -9999 -9999 -9999
-9999 -9999 -9999 -9999 -9999 -9999 -9999 -9999 -9999 -9999 -9999 -9999 -9999 -9999 -9999 -9999 -9999 -9999 -9999 -9999 -9999 -9999 -9999 -9999 -9999 -9999 -9999 -9999 -9999 -9999 -9999 -9999 -9999 -9999 -9999 -9999 -9999 -9999 -9999 -9999 -9999 -9999 -9999 -9999 -9999 -9999 -9999 -9999 -9999 -9999 -9999 -9999 -9999 -9999 -9999 -9999 -9999 -9999 -9999 -9999 -9999 -9999
-9999 -9999 -9999 -9999 -9999 -9999 -9999 -9999 -9999 -9999 -9999 -9999 -9999 -9999 -9999 -9999 -9999 -9999 -9999 -9999 -9999 -9999 -9999 -9999 -9999 -9999 -9999 -9999 -9999 -9999 -9999 -9999 -9999 -9999 -9999 -9999 -9999 -9999 -9999 -9999 -9999 -9999 -9999 -9999 -9999 -9999 -9999 -9999 -9999 -9999 -9999 -9999 -9999 -9999 -9999 -9999 -9999 -9999 -9999 -9999 -9999 -9999
-9999 -9999 -9999 -9999 -9999 -9999 -9999 -9999 -9999 -9999 -9999 -9999 -9999 -9999 -9999 -9999 -9999 -9999 -9999 -9999 -9999 -9999 -9999 -9999 -9999 -9999 -9999 -9999 -9999 -9999 -9999 -9999 -9999 -9999 -9999 -9999 -9999 -9999 -9999 -9999 -9999 -9999 -9999 -9999 -9999 -9999 -9999 -9999 -9999 -9999 -9999 -9999 -9999 -9999 -9999 -9999 -9999 -9999 -9999 -9999 -9999 -9999
-9999 -9999 -9999 -9999 -9999 -9999 -9999 -9999 -9999 -9999 -9999 -9999 -9999 -9999 -9999 -9999 -9999 -9999 -9999 -9999 -9999 -9999 -9999 -9999 -9999 -9999 -9999 -9999 11.7199997380376 6.83599984720349 6.33499985840172 6.24999986030161 6.02499986533076 6.10499986354262 6.15499986242503 6.14499986264855 6.58499985281378 6.2849998595193 6.18999986164272 6.27499985974282 6.2849998595193 6.47999985516071 6.48499985504895 6.49499985482544 6.45999985560775 6.79499984811991 6.90499984566122 6.12499986309558 5.79874987038784 5.52124987659045 6.29499985929579 6.29999985918403 6.47499985527247 6.73499984946102 7.03124984283932 6.98499984387308 7.15499984007329 6.92499984521419 6.93999984487891 7.01999984309077 7.20249983901158 6.29999985918403
-9999 -9999 -9999 -9999 -9999 -9999 -9999 -9999 -9999 -9999 -9999 -9999 -9999 -9999 -9999 -9999 -9999 -9999 -9999 -9999 -9999 -9999 -9999 -9999 -9999 -9999 -9999 11.6899997387081 6.25111097138789 6.22499986086041 6.23499986063689 6.22999986074865 5.37749987980351 4.99249988840893 5.19999988377094 5.90999986790121 5.90999986790121 4.71249989466742 6.58499985281378 6.62499985191971 6.50499985460192 6.55999985337257 6.58999985270202 6.4899998549372 7.18999983929098 7.18999983929098 6.56749985320494 6.64499985147268 7.12999984063208 7.12999984063208 6.45749985566363 6.48749985499308 6.73999984934926 6.74999984912574 6.72499984968454 6.86999984644353 6.90999984554946 7.06249984214082 7.17249983968213 7.07999984174967 6.95999984443188 6.91499984543771
-9999 -9999 -9999 -9999 -9999 -9999 -9999 -9999 -9999 -9999 -9999 -9999 -9999 -9999 -9999 -9999 -9999 -9999 -9999 -9999 -9999 -9999 -9999 -9999 -9999 -9999 4.8386841023733 6.10799986347556 6.42666652301947 6.1999998614192 6.18999986164272 6.1999998614192 5.85999986901879 6.38249985734001 6.49499985482544 5.00249988818541 4.22249990561977 6.79624984809197 6.84749984694645 6.52999985404313 6.52999985404313 6.49249985488132 6.63999985158443 6.75374984904192 6.59124985267408 6.61374985217117 6.57374985306524 6.52999985404313 6.47499985527247 6.4299998562783 6.49499985482544 6.62499985191971 6.5749998530373 6.52999985404313 7.08999984152615 7.08999984152615 6.95749984448776 7.01749984314665 7.07249984191731 7.12249984079972 7.18999983929098 7.2174998386763
-9999 -9999 -9999 -9999 -9999 -9999 -9999 -9999 -9999 -9999 -9999 -9999 -9999 -9999 -9999 -9999 -9999 -9999 -9999 -9999 -9999 -9999 -9999 -9999 -9999 -9999 6.03374986513518 6.06624986440875 6.20249986136332 6.13499986287206 6.17499986197799 6.01999986544251 6.01166653229545 5.86833320216586 5.54499987605959 6.05874986457638 6.43499985616654 6.43499985616654 5.71124987234361 6.38499985728413 6.06499986443669 6.15999986231327 6.22499986086041 6.27999985963106 6.3449998581782 6.37999985739589 7.1449998402968 7.1449998402968 6.50999985449016 6.49499985482544 6.59249985264614 6.91999984532595 6.92749984515831 6.62499985191971 6.85999984666705 6.69999985024333 6.69999985024333 7.07249984191731 6.37499985750765 6.37499985750765 7.06249984214082 7.14749984024093
-9999 -9999 -9999 -9999 -9999 -9999 -9999 -9999 -9999 -9999 -9999 -9999 -9999 -9999 -9999 -9999 -9999 -9999 -9999 -9999 -9999 -9999 -9999 -9999 -9999 11.3799997456372 6.24124986049719 6.15374986245297 6.17999986186624 5.08249988639727 5.39999987930059 5.38499987963587 6.24499986041337 6.41999985650182 6.23499986063689 6.43499985616654 6.55999985337257 6.47499985527247 6.41499985661358 6.51999985426664 6.36499985773116 5.64999987371266 6.37999985739589 6.3449998581782 6.37999985739589 6.45499985571951 6.99499984364957 7.22499983850867 7.24999983794987 6.67749985074624 6.52499985415488 6.50999985449016 6.45999985560775 6.32499985862523 6.64499985147268 6.67999985069036 6.58999985270202 6.64499985147268 6.50499985460192 7.12499984074384 7.10999984107912 7.10999984107912
-9999 -9999 -9999 -9999 -9999 -9999 -9999 -9999 -9999 -9999 -9999 -9999 -9999 -9999 -9999 -9999 -9999 -9999 -9999 -9999 -9999 -9999 -9999 -9999 5.15803559899463 5.7462498715613 5.90249986806884 6.10999986343086 6.06999986432493 6.17499986197799 6.25499986018986 6.30999985896051 6.40999985672534 6.4299998562783 6.36499985773116 6.30999985896051 5.68749987287447 6.08874986390583 6.53499985393137 6.54999985359609 6.58999985270202 6.45999985560775 6.34999985806644 6.3449998581782 6.41499985661358 6.55499985348433 7.05499984230846 7.29999983683228 7.0599998421967 6.75999984890223 7.2049998389557 7.06499984208494 6.90999984554946 6.63999985158443 6.27999985963106 6.86499984655529 6.54499985370785 6.54499985370785 7.12499984074384 7.22999983839691 7.27499983739108 6.5749998530373
-9999 -9999 -9999 -9999 -9999 -9999 -9999 -9999 -9999 -9999 -9999 -9999 -9999 -9999 -9999 -9999 -9999 -9999 -9999 -9999 -9999 -9999 -9999 -9999 8.58928552230022 6.03749986505136 5.84749986929819 5.94124986720271 6.2724998597987 6.08999986387789 5.90624986798503 5.44374987832271 5.21999988332391 6.07624986418523 6.37749985745177 6.15124986250885 6.05249986471608 5.39124987949617 6.50999985449016 6.42499985639006 6.33499985840172 6.2599998600781 6.2849998595193 6.35499985795468 6.61999985203147 6.54999985359609 6.51999985426664 6.67499985080212 6.79499984811991 6.62499985191971 6.68499985057861 6.61499985214323 6.08999986387789 6.57999985292554 6.5149998543784 6.98999984376132 7.00999984331429 6.962499844376 6.91499984543771 6.94499984476715 6.85999984666705 7.25499983783811
-9999 -9999 -9999 -9999 -9999 -9999 -9999 -9999 -9999 -9999 -9999 -9999 -9999 -9999 -9999 -9999 -9999 -9999 -9999 -9999 -9999 -9999 -9999 4.49833323278775 5.49499987717718 4.90499989036471 5.24166654950629 6.12999986298382 6.26124986005016 6.32874985854141 6.34874985809438 6.38124985736795 5.6612498734612 5.70499987248331 5.63249987410381 5.70374987251125 5.21624988340773 6.15499986242503 5.97499986644834 6.03999986499548 6.18499986175448 6.16999986208975 6.47499985527247 6.29999985918403 6.37499985750765 6.45999985560775 6.54499985370785 6.61999985203147 6.63499985169619 6.69999985024333 6.69999985024333 6.69499985035509 6.68999985046685 6.22999986074865 7.27999983727932 7.27999983727932 6.96999984420836 6.83999984711409 6.85999984666705 6.9024998457171 6.90499984566122 6.85999984666705
-9999 -9999 -9999 -9999 -9999 -9999 -9999 -9999 -9999 -9999 -9999 -9999 -9999 -9999 -9999 -9999 -9999 -9999 -9999 -9999 -9999 -9999 5.20230757602705 5.87499986868352 6.00499986577779 5.98999986611307 6.00249986583367 6.12499986309558 5.68999987281859 5.71999987214804 5.77999987080693 6.38124985736795 6.38374985731207 6.35624985792674 6.29499985929579 5.76749987108633 5.42249987879768 5.87999986857176 5.91499986778945 5.91999986767769 5.8249998698011 5.68499987293035 5.594999874942 6.22499986086041 6.39999985694885 6.40999985672534 6.49499985482544 6.54999985359609 6.63499985169619 6.65499985124916 6.65499985124916 6.7199998497963 6.83999984711409 7.04999984242022 6.90999984554946 6.75999984890223 6.60999985225499 7.07499984186143 7.11749984091148 6.97749984404072 6.78499984834343 6.8774998462759
-9999 -9999 -9999 -9999 -9999 -9999 -9999 -9999 -9999 -9999 -9999 -9999 -9999 -9999 -9999 -9999 -9999 -9999 -9999 -9999 -9999 5.68749987287447 5.95999986678362 5.95999986678362 5.25124988262542 5.91124986787327 6.65499985124916 6.65499985124916 5.76999987103045 5.74499987158924 5.69999987259507 5.7149998722598 5.75999987125397 5.7149998722598 6.22749986080453 6.14374986267649 6.31249985890463 6.21999986097217 6.01999986544251 6.03999986499548 6.1149998633191 6.09499986376613 6.0549998646602 6.09499986376613 6.75999984890223 6.46999985538423 6.41499985661358 6.52499985415488 6.54999985359609 6.54999985359609 6.66499985102564 6.73499984946102 6.76999984867871 6.71499984990805 6.64999985136092 6.74999984912574 6.52499985415488 7.25499983783811 7.25499983783811 6.90999984554946 7.02249984303489 7.28749983711168
-9999 -9999 -9999 -9999 -9999 -9999 -9999 -9999 -9999 -9999 -9999 -9999 -9999 -9999 -9999 -9999 -9999 -9999 -9999 -9999 8.40071409794369 5.94999986700714 5.95999986678362 6.23499986063689 6.23499986063689 6.00499986577779 6.13249986292794 5.79499987047166 5.77999987080693 5.74499987158924 5.75499987136573 5.77999987080693 6.01999986544251 6.87999984622002 6.55999985337257 5.73499987181276 6.23249986069277 6.39499985706061 5.77499987091869 6.01999986544251 5.98999986611307 6.10999986343086 6.41999985650182 6.32499985862523 6.53999985381961 6.57999985292554 6.64999985136092 6.68999985046685 6.12499986309558 6.44999985583127 6.54499985370785 6.95499984454364 6.67999985069036 6.70999985001981 6.7199998497963 6.66999985091388 6.58999985270202 6.53499985393137 6.87999984622002 6.97749984404072 7.30499983672053 7.30499983672053
-9999 -9999 -9999 -9999 -9999 -9999 -9999 -9999 -9999 -9999 -9999 -9999 -9999 -9999 -9999 -9999 -9999 -9999 -9999 6.53973669593075 5.61499987449497 6.06999986432493 6.08499986398965 6.15499986242503 6.1149998633191 6.4899998549372 6.70499985013157 6.77999984845519 6.8299998473376 6.89999984577298 6.86499984655529 6.85499984677881 6.84499984700233 6.43499985616654 6.17499986197799 6.50499985460192 6.37874985742383 6.4174998565577 6.45749985566363 6.44999985583127 6.5024998546578 6.70999985001981 6.18499986175448 6.12499986309558 6.3574998578988 6.51749985432252 6.47999985516071 6.41499985661358 6.70999985001981 6.60499985236675 6.58499985281378 6.59499985259026 6.61999985203147 6.60999985225499 6.60999985225499 6.66499985102564 6.62999985180795 6.59499985259026 6.49999985471368 6.45999985560775 7.29499983694404 7.2649998376146
-9999 -9999 -9999 -9999 -9999 -9999 -9999 -9999 -9999 -9999 -9999 -9999 -9999 -9999 -9999 -9999 -9999 6.46499985549599 5.49499987717718 5.61299987453967 5.65099987369031 6.2599998600781 6.21499986108392 6.17499986197799 6.20999986119568 6.24499986041337 6.74999984912574 6.76999984867871 6.82499984744936 6.82499984744936 6.60999985225499 6.39999985694885 6.83499984722584 6.83999984711409 6.76499984879047 6.85999984666705 6.87499984633178 6.61374985217117 5.59999987483025 5.61499987449497 5.68999987281859 5.739999871701 6.56499985326082 6.19499986153096 6.28999985940754 6.3449998581782 6.34999985806644 6.39749985700473 6.63249985175207 6.8237498474773 6.38999985717237 6.5149998543784 6.57999985292554 6.5999998524785 6.55499985348433 6.61999985203147 6.64999985136092 6.61499985214323 6.54499985370785 6.52999985404313 7.02999984286726 7.14624984026887
-9999 -9999 -9999 -9999 -9999 -9999 -9999 -9999 -9999 -9999 -9999 -9999 -9999 -9999 -9999 -9999 -9999 6.20181804319674 6.90999984554946 6.92999984510243 6.96499984432012 6.81999984756112 6.56499985326082 6.17499986197799 6.17999986186624 5.81333320339521 5.68333320630093 6.8049998478964 6.70999985001981 6.73499984946102 6.86999984644353 6.8899998459965 6.90499984566122 6.87999984622002 6.82499984744936 6.87499984633178 6.79999984800816 6.82499984744936 5.64999987371266 5.59999987483025 5.64499987382442 5.62499987427145 6.49749985476956 6.43499985616654 6.39749985700473 6.39874985697679 6.4112498566974 6.40499985683709 6.47999985516071 6.47999985516071 6.47749985521659 6.23499986063689 6.23499986063689 6.87166651307295 6.60999985225499 6.67499985080212 6.77999984845519 6.70499985013157 6.64999985136092 6.58499985281378 6.66999985091388 6.60999985225499
-9999 -9999 -9999 -9999 -9999 -9999 -9999 -9999 -9999 -9999 -9999 -9999 -9999 -9999 -9999 -9999 -9999 -9999 13.1599997058511 7.89411747061154 6.64999985136092 6.65499985124916 6.08999986387789 6.18499986175448 6.54499985370785 5.44999987818301 6.62999985180795 6.66999985091388 6.7199998497963 6.75999984890223 6.78999984823167 6.82499984744936 6.85499984677881 6.8049998478964 6.79499984811991 6.83999984711409 6.83999984711409 6.86999984644353 6.87999984622002 6.8899998459965 6.90999984554946 5.75499987136573 6.84249984705821 6.72874984960072 6.49874985474162 6.41999985650182 6.44374985597096 6.30749985901639 6.38499985728413 6.76333318216105 7.05499984230846 7.04999984242022 6.73999984934926 6.73999984934926 7.33124983613379 7.19749983912334 6.62499985191971 6.61499985214323 6.57999985292554 6.5749998530373 7.33124983613379 6.7449998492375
-9999 -9999 -9999 -9999 -9999 -9999 -9999 -9999 -9999 -9999 -9999 -9999 -9999 -9999 10.6249997625127 6.8395453016697 13.9799996875226 6.79249984817579 6.93071413080075 7.00499984342605 6.29999985918403 6.31499985884875 6.31499985884875 6.32999985851347 6.37499985750765 6.54499985370785 6.38499985728413 6.5999998524785 6.67999985069036 6.7449998492375 6.78999984823167 6.78999984823167 6.77499984856695 6.84499984700233 6.84499984700233 6.83499984722584 6.82499984744936 6.84499984700233 6.92999984510243 5.58999987505376 5.72499987203628 5.48999987728894 5.62499987427145 6.81249984772876 6.77624984853901 6.77666651519636 6.76999984867871 6.77749984851107 6.75874984893017 6.86749984649941 6.95499984454364 6.96124984440394 7.26666650424401 7.25666650446753 7.22999983839691 7.20666650558511 6.95249984459952 7.09249984147027 7.86999982409179 7.7437498269137 7.52374983183108 6.76499984879047
-9999 -9999 -9999 -9999 -9999 -9999 -9999 -9999 -9999 -9999 -9999 -9999 -9999 6.97099984418601 6.58999985270202 6.64499985147268 6.69499985035509 5.61699987445027 6.56999985314906 6.52499985415488 6.32499985862523 6.29999985918403 6.50499985460192 6.53999985381961 6.57999985292554 6.58999985270202 6.6599998511374 6.7199998497963 6.74999984912574 6.79499984811991 6.79999984800816 6.75999984890223 6.84999984689057 6.86999984644353 6.87999984622002 6.77999984845519 6.63249985175207 6.55749985342845 6.54624985367991 5.61999987438321 5.58499987516552 5.41499987896532 6.74624984920956 6.70999985001981 6.72499984968454 6.58499985281378 6.8049998478964 6.8049998478964 7.04499984253198 7.11666650759677 7.12999984063208 7.12999984063208 7.02499984297901 7.20999983884394 7.20666650558511 7.03749984269962 7.17249983968213 7.45249983342364 7.58499983046204 7.41249983431771 7.15499984007329 7.34749983577058
-9999 -9999 -9999 -9999 -9999 -9999 -9999 -9999 -9999 -9999 12.369999723509 12.204999727197 6.67999985069036 6.66999985091388 6.5999998524785 6.62999985180795 6.71499984990805 12.8649997124448 5.59555543048514 7.13142841202872 6.56999985314906 6.56499985326082 6.63499985169619 6.63999985158443 6.61999985203147 6.61499985214323 6.64999985136092 6.71499984990805 6.73499984946102 6.75499984901398 6.83499984722584 6.94499984476715 6.93999984487891 6.98499984387308 7.02499984297901 5.65999987348914 5.53999987617135 5.49499987717718 5.46499987784773 5.55999987572432 5.55499987583607 6.27749985968694 7.04099984262139 6.85749984672293 6.98874984378926 6.60333318573733 6.66833318428447 6.7083331833904 6.94999984465539 6.94999984465539 6.92999984510243 7.04999984242022 7.04999984242022 7.21999983862042 7.22999983839691 7.23666650491456 7.501249832334 6.54999985359609 6.49499985482544 6.35499985795468 6.26499985996634 6.2599998600781
-9999 -9999 -9999 -9999 -9999 -9999 -9999 -9999 -9999 -9999 12.7599997147918 12.8799997121096 12.369999723509 7.84138871362019 6.68499985057861 6.68499985057861 11.8749997345731 -9999 -9999 9.22999979369342 9.17499979492277 12.4399997219443 6.80928556208632 6.72499984968454 6.67499985080212 6.6599998511374 6.74999984912574 6.75499984901398 6.77999984845519 6.67499985080212 6.79499984811991 7.01499984320253 6.99499984364957 6.33999985828996 5.7999998703599 5.82999986968935 5.80999987013638 5.52499987650663 5.52499987650663 5.47499987762421 6.86374984658323 6.91499984543771 6.99374984367751 7.07499984186143 6.39166652380178 6.50833318786075 6.95499984454364 6.9749998440966 7.02999984286726 6.78999984823167 6.70499985013157 6.50399985462427 6.92999984510243 6.92999984510243 6.86999984644353 7.06749984202906 6.23999986052513 6.29999985918403 6.40499985683709 6.3699998576194 6.25499986018986 6.21499986108392
-9999 -9999 -9999 -9999 -9999 -9999 -9999 -9999 -9999 -9999 -9999 -9999 -9999 -9999 -9999 -9999 -9999 -9999 -9999 -9999 -9999 -9999 -9999 -9999 12.8999997116625 6.91999984532595 6.67999985069036 6.60999985225499 6.55499985348433 6.34999985806644 6.1999998614192 6.08499986398965 6.10499986354262 5.75999987125397 5.30999988131225 6.42249985644594 6.32124985870905 6.31499985884875 5.51999987661839 5.49499987717718 5.47499987762421 6.87999984622002 6.50499985460192 6.50899985451251 5.63999987393618 5.62999987415969 6.94499984476715 6.94499984476715 7.13999984040856 7.13999984040856 7.01999984309077 6.93299984503537 6.88499984610826 7.24499983806163 6.97374984412454 6.36499985773116 6.74999984912574 6.85499984677881 6.63749985164031 6.53999985381961 6.54499985370785 6.50999985449016
-9999 -9999 -9999 -9999 -9999 -9999 -9999 -9999 -9999 -9999 -9999 -9999 -9999 -9999 -9999 -9999 -9999 -9999 -9999 -9999 -9999 -9999 -9999 -9999 -9999 10.6396679468453 6.63499985169619 6.6599998511374 6.60499985236675 6.28999985940754 6.22999986074865 5.63999987393618 5.60999987460673 5.53499987628311 5.5099998768419 7.9799998216331 8.09999981895089 6.66499985102564 5.51499987673014 5.51499987673014 6.59499985259026 6.5874998527579 5.47999987751245 5.54999987594783 6.78499984834343 6.06999986432493 5.68999987281859 6.80999984778464 6.85999984666705 6.99499984364957 6.96999984420836 6.83499984722584 6.8299998473376 5.95499986689538 5.96749986661598 6.06749986438081 6.57124985312112 6.51999985426664 6.44999985583127 6.22499986086041 6.55999985337257 6.43999985605478
-9999 -9999 -9999 -9999 -9999 -9999 -9999 -9999 -9999 -9999 -9999 -9999 -9999 -9999 -9999 -9999 -9999 -9999 -9999 -9999 -9999 -9999 -9999 -9999 -9999 -9999 -9999 6.1709998620674 6.36049985783175 5.5699998755008 5.594999874942 5.53999987617135 5.54999987594783 5.54999987594783 5.58499987516552 5.594999874942 5.62499987427145 7.4349998338148 7.53499983157963 7.39999983459711 7.2899998370558 7.2649998376146 6.78999984823167 7.10999984107912 6.94999984465539 7.04999984242022 6.92999984510243 6.8299998473376 6.91499984543771 6.88499984610826 6.91999984532595 6.86999984644353 6.9749998440966 6.75499984901398 6.16999986208975 6.71499984990805 6.91999984532595 6.86666651318471 6.44999985583127 6.44499985594302 6.35499985795468 6.23999986052513
