EcologicalScience/Bass/data/rs_data_bass/sst_18.asc
NCOLS 226 
NROWS 124 
XLLCORNER -9.41648524995501 
YLLCORNER 47.587301625531 
CELLSIZE 0.0833 
NODATA_value -9999 
[rows 81 to 107 of 124, columns 62 to 123 of 226]
12.8766663788507 -9999 -9999 -9999 -9999 -9999 -9999 -9999 -9999 -9999 -9999 -9999 -9999 -9999 -9999 -9999 -9999 -9999 -9999 -9999 -9999 -9999 -9999 -9999 -9999 -9999 -9999 -9999 -9999 -9999 -9999 -9999 -9999 -9999 -9999 -9999 -9999 -9999 -9999 -9999 -9999 -9999 -9999 -9999 -9999 -9999 -9999 -9999 -9999 -9999 -9999 -9999 -9999 -9999 -9999 -9999 -9999 -9999 -9999 -9999 -9999 -9999
13.1349997064099 -9999 -9999 -9999 -9999 -9999 -9999 -9999 -9999 -9999 -9999 -9999 -9999 -9999 -9999 -9999 -9999 -9999 -9999 -9999 -9999 -9999 -9999 -9999 -9999 -9999 -9999 -9999 -9999 -9999 -9999 -9999 -9999 -9999 -9999 -9999 -9999 -9999 -9999 -9999 -9999 -9999 -9999 -9999 -9999 -9999 -9999 -9999 -9999 -9999 -9999 -9999 -9999 -9999 -9999 -9999 -9999 -9999 -9999 -9999 -9999 -9999
-9999 -9999 -9999 -9999 -9999 -9999 -9999 -9999 -9999 -9999 -9999 -9999 -9999 -9999 -9999 -9999 -9999 -9999 -9999 -9999 -9999 -9999 -9999 -9999 -9999 -9999 -9999 -9999 -9999 -9999 -9999 -9999 -9999 -9999 -9999 -9999 -9999 -9999 -9999 -9999 -9999 -9999 -9999 -9999 -9999 -9999 -9999 -9999 -9999 -9999 -9999 -9999 -9999 -9999 -9999 -9999 -9999 -9999 -9999 -9999 -9999 -9999
-9999 -9999 -9999 -9999 -9999 -9999 -9999 -9999 -9999 -9999 -9999 -9999 -9999 -9999 -9999 -9999 -9999 -9999 -9999 -9999 -9999 -9999 -9999 -9999 -9999 -9999 -9999 -9999 -9999 -9999 -9999 -9999 -9999 11.3199997469783 11.209999749437 11.1449997508898 -9999 -9999 -9999 -9999 -9999 -9999 -9999 -9999 -9999 -9999 -9999 -9999 -9999 -9999 -9999 -9999 -9999 -9999 -9999 -9999 17.2699996139854 11.8299997355789 11.8349997354671 11.1724997502752 12.2649997258559 12.2849997254089
-9999 -9999 -9999 -9999 -9999 -9999 -9999 -9999 -9999 -9999 -9999 -9999 -9999 -9999 -9999 -9999 -9999 -9999 -9999 -9999 -9999 -9999 -9999 -9999 -9999 -9999 -9999 -9999 -9999 -9999 -9999 -9999 -9999 17.3699996117502 15.8799996450543 17.7449996033683 18.0849995957687 17.5149996085092 17.3899996113032 16.949999621138 15.6399996504188 -9999 17.819999601692 12.9499997105449 13.0299997087568 13.0299997087568 11.9849997321144 13.9749996876344 11.3199997469783 12.7924997140653 12.8574997126125 13.4428121995297 -9999 -9999 11.9249997334555 11.894999734126 11.9199997335672 11.7149997381493 11.934999733232 11.7149997381493 12.1249997289851 12.4049997227266
-9999 -9999 -9999 -9999 -9999 -9999 -9999 -9999 -9999 -9999 -9999 -9999 -9999 13.21999970451 13.299499702733 13.0462497083936 13.4139997001737 13.5519996970892 11.3835711741288 -9999 -9999 -9999 -9999 -9999 -9999 11.894999734126 -9999 17.8599996007979 12.2349997265264 12.1749997278675 12.011666398185 12.9569997103885 12.9889997096732 17.7399996034801 18.4599995873868 -9999 18.2949995910749 13.2249997043982 13.1049997070804 13.1649997057393 13.3187497023027 13.0399997085333 12.1099997293204 11.5649997415021 11.8349997354671 11.8199997358024 12.5249997200444 12.8849997119978 11.8699997346848 11.6499997396022 11.644999739714 12.494999720715 12.494999720715 13.0699997078627 12.9199997112155 11.9749997323379 12.2399997264147 12.0249997312203 12.5899997185916 12.6549997171387 12.3399997241795 11.9049997339025
-9999 -9999 -9999 -9999 -9999 -9999 -9999 -9999 12.1349997287616 12.1349997287616 13.6174996956252 13.6724996943958 12.2199997268617 12.2199997268617 11.9099997337908 11.9099997337908 13.1433330395569 12.5074997204356 11.9983330651497 12.8199997134507 11.3007140331236 11.6916664053376 11.6266664067904 11.8083330693965 11.914999733679 12.2839997254312 8.70749980537221 13.8799996897578 12.7349997153506 12.7999997138977 12.784999714233 12.1049997294322 11.9733330657085 11.983333065485 13.7703568350657 17.4399996101856 12.2499997261912 12.4249997222796 12.5849997187033 12.8799997121096 13.1349997064099 13.2599997036159 13.2599997036159 11.8349997354671 11.8699997346848 12.0049997316673 11.9749997323379 11.6899997387081 11.3199997469783 11.4699997436255 12.1349997287616 12.2649997258559 11.8549997350201 11.8499997351319 12.0649997303262 11.624999740161 12.0549997305498 12.0749997301027 11.8999997340143 12.3149997247383 11.6499997396022 11.5599997416139
-9999 -9999 -9999 -9999 -9999 -9999 -9999 -9999 13.4499996993691 12.9899997096509 12.7049997160211 12.494999720715 12.0549997305498 11.9799997322261 12.0449997307733 12.039999730885 11.8999997340143 11.4849997432902 10.7899997588247 11.7349997377023 11.044999753125 10.5224997648038 12.4499997217208 11.4199997447431 11.5499997418374 12.1149997292086 12.2799997255206 12.3949997229502 12.5099997203797 12.3449997240677 12.2849997254089 12.0549997305498 12.1299997288734 11.9499997328967 11.9699997324497 12.1349997287616 12.4299997221678 12.5049997204915 12.5299997199327 12.3849997231737 12.7899997141212 12.619999717921 11.9049997339025 11.7549997372553 11.7849997365847 11.8049997361377 11.7049997383729 11.8849997343495 11.7399997375906 12.059999730438 12.1299997288734 12.2349997265264 12.204999727197 12.2749997256324 12.0899997297674 12.1199997290969 12.4699997212738 12.3799997232854 11.7999997362494 11.6199997402728 11.5549997417256 11.7099997382611
-9999 -9999 -9999 -9999 -9999 -9999 -9999 -9999 13.2249997043982 13.5599996969104 12.4499997217208 12.3649997236207 12.1649997280911 11.7549997372553 11.644999739714 11.6699997391552 11.7449997374788 11.6349997399375 11.2549997484311 11.7449997374788 11.6399997398257 11.4199997447431 11.1749997502193 10.8199997581542 10.9549997551367 11.2699997480959 11.5049997428432 11.6399997398257 11.76999973692 11.8049997361377 11.6949997385964 11.6649997392669 11.7949997363612 11.7649997370318 11.8149997359142 12.0349997309968 12.2599997259676 12.3249997245148 12.3349997242913 12.2949997251853 12.1049997294322 11.8349997354671 11.6999997384846 11.6149997403845 11.7149997381493 11.7049997383729 11.7349997377023 11.8849997343495 12.1049997294322 12.3999997228384 12.5549997193739 12.76499971468 12.8699997123331 12.6349997175857 12.5549997193739 12.7549997149035 12.0199997313321 11.6899997387081 11.6149997403845 11.7199997380376 12.0849997298792 12.5299997199327
-9999 9.40499978978187 -9999 -9999 -9999 -9999 -9999 -9999 14.7199996709824 13.4499996993691 13.0849997075275 13.6499996948987 12.0749997301027 11.9249997334555 11.8249997356907 11.479999743402 12.2199997268617 12.2599997259676 11.7349997377023 11.8499997351319 11.4949997430667 11.479999743402 11.3199997469783 11.2999997474253 11.4649997437373 11.2049997495487 11.2949997475371 11.2499997485429 11.4199997447431 11.354999746196 11.5899997409433 11.7949997363612 11.7749997368082 11.499999742955 11.6549997394904 11.6849997388199 11.8499997351319 11.9449997330084 11.9499997328967 11.8799997344613 11.8499997351319 11.6599997393787 11.4749997435138 11.4399997442961 11.5649997415021 11.8049997361377 11.8499997351319 12.0699997302145 12.2899997252971 12.3749997233972 12.6099997181445 12.8499997127801 12.8699997123331 12.8749997122213 13.1399997062981 12.0249997312203 13.5749996965751 14.484999676235 13.7549996925518 13.074999707751 12.3999997228384 12.3199997246265
12.349999723956 12.4249997222796 12.5749997189268 12.2399997264147 11.9549997327849 -9999 16.1899624452926 12.9149997113273 12.7999997138977 12.7349997153506 12.6099997181445 12.2799997255206 12.1099997293204 12.0649997303262 12.2449997263029 11.6849997388199 12.1549997283146 11.8799997344613 11.3299997467548 11.4899997431785 11.7599997371435 11.6599997393787 11.499999742955 11.4499997440726 11.334999746643 11.3199997469783 11.1399997510016 11.2649997482076 11.3499997463077 11.5049997428432 11.6099997404963 11.6649997392669 11.5899997409433 11.5999997407198 11.6549997394904 11.6399997398257 11.5899997409433 11.604999740608 11.5849997410551 11.4749997435138 11.4249997446314 11.3449997464195 11.4099997449666 11.5349997421727 11.7099997382611 11.9949997318909 12.1449997285381 12.2399997264147 12.3049997249618 11.9649997325614 12.3799997232854 12.6449997173622 12.6049997182563 12.4349997220561 11.76999973692 12.5999997183681 13.1849997052923 12.9499997105449 12.2099997270852 12.1249997289851 12.1149997292086 12.1599997282028
12.4649997213855 12.3849997231737 12.0449997307733 11.9099997337908 11.644999739714 12.0749997301027 12.2999997250736 12.3349997242913 12.6949997162446 12.9549997104332 12.0699997302145 12.1499997284263 11.8549997350201 11.7199997380376 11.5349997421727 11.5499997418374 11.8149997359142 12.2749997256324 12.1049997294322 11.5149997426197 11.2749997479841 11.3799997456372 11.3799997456372 11.4899997431785 11.3399997465312 11.2899997476488 11.1549997506663 11.0049997540191 11.4699997436255 11.5199997425079 11.5649997415021 11.5849997410551 11.5249997423962 11.5499997418374 11.5399997420609 11.5099997427315 11.5049997428432 11.5699997413903 11.5249997423962 11.4549997439608 11.3499997463077 11.3749997457489 11.4349997444078 11.5999997407198 11.8649997347966 11.9199997335672 11.8299997355789 11.894999734126 12.0449997307733 12.2349997265264 12.2949997251853 12.2699997257441 11.8999997340143 12.1649997280911 11.7949997363612 11.789999736473 11.8449997352436 11.9799997322261 12.059999730438 12.2449997263029 12.1449997285381 12.1349997287616
14.0649996856228 13.8849996896461 12.9799997098744 12.8199997134507 12.0749997301027 11.9949997318909 12.1449997285381 14.1149996845052 12.0299997311085 11.934999733232 11.6399997398257 11.3449997464195 11.4399997442961 11.644999739714 11.3649997459725 11.0749997524545 10.8249997580424 11.0049997540191 10.9149997560307 11.354999746196 11.4549997439608 11.4199997447431 11.2799997478724 11.2149997493252 11.0799997523427 11.0849997522309 11.0949997520074 11.2799997478724 11.2749997479841 11.3249997468665 11.4899997431785 11.4649997437373 11.4449997441843 11.4049997450784 11.5349997421727 11.5449997419491 11.5599997416139 11.5599997416139 11.5649997415021 11.479999743402 11.334999746643 11.3449997464195 11.354999746196 11.459999743849 11.6949997385964 11.7649997370318 11.7749997368082 11.8749997345731 11.9649997325614 11.7599997371435 11.8549997350201 12.6849997164682 12.369999723509 11.9699997324497 11.604999740608 11.5149997426197 11.7549997372553 11.8399997353554 11.8199997358024 11.8799997344613 11.9499997328967 12.1999997273088
14.4299996774644 14.0399996861815 13.634999695234 13.7849996918812 13.4249996999279 14.0799996852875 12.3099997248501 11.5799997411668 11.4899997431785 11.354999746196 11.2849997477606 11.5199997425079 11.5549997417256 11.3599997460842 11.2499997485429 10.31999976933 10.6799997612834 10.6999997608364 11.0299997534603 11.3649997459725 11.4949997430667 11.3849997455254 10.8949997564778 11.0049997540191 11.0599997527897 11.2049997495487 11.2649997482076 11.4749997435138 11.459999743849 11.4449997441843 11.4449997441843 11.3449997464195 11.3849997455254 11.4949997430667 11.5149997426197 11.5199997425079 11.4849997432902 11.4849997432902 11.4949997430667 11.4549997439608 11.5049997428432 11.6349997399375 11.7199997380376 11.6649997392669 11.7099997382611 11.7299997378141 11.76999973692 11.8399997353554 11.8899997342378 11.9199997335672 11.4499997440726 11.6399997398257 11.8299997355789 11.6549997394904 11.7349997377023 11.8049997361377 11.9049997339025 11.9299997333437 11.9399997331202 12.184999727644 12.329999724403 12.5499997194856
13.6999996937811 13.4949996983632 13.8549996903166 14.4399996772408 14.629999672994 13.1699997056276 11.8999997340143 11.8449997352436 11.9049997339025 11.4099997449666 10.8849997567013 10.7049997607246 10.8499997574836 10.8349997578189 11.2749997479841 10.9699997548014 11.1599997505546 10.9449997553602 10.9699997548014 11.1499997507781 11.3449997464195 11.4499997440726 11.2599997483194 11.1349997511134 11.2649997482076 11.3599997460842 11.4249997446314 11.6099997404963 11.6199997402728 11.6149997403845 11.5899997409433 11.3699997458607 11.5699997413903 11.3949997453019 11.5049997428432 11.3799997456372 11.354999746196 11.3199997469783 11.5449997419491 11.5899997409433 11.6949997385964 11.7949997363612 11.8349997354671 11.7849997365847 11.7649997370318 11.8099997360259 11.8399997353554 11.8299997355789 11.8749997345731 11.9399997331202 11.9199997335672 11.7049997383729 11.749999737367 11.7749997368082 11.8649997347966 11.9499997328967 12.0749997301027 12.0699997302145 12.1999997273088 11.7349997377023 12.2449997263029 12.4999997206032
14.2699996810406 13.1849997052923 13.8949996894225 13.6899996940047 14.5349996751174 12.7449997151271 12.3399997241795 12.3949997229502 12.0249997312203 11.9049997339025 11.4049997450784 11.3799997456372 11.3199997469783 11.3899997454137 10.9999997541308 10.7249997602776 10.9399997554719 11.024999753572 11.3049997473136 11.3099997472018 11.4399997442961 11.6599997393787 11.3299997467548 11.1849997499958 11.4749997435138 11.5049997428432 11.5799997411668 11.5849997410551 11.6749997390434 11.6899997387081 11.6099997404963 11.4849997432902 11.4249997446314 11.3699997458607 11.4249997446314 11.8199997358024 11.7399997375906 11.8149997359142 11.8149997359142 11.8199997358024 11.8699997346848 11.9049997339025 11.9049997339025 11.8849997343495 11.8499997351319 11.8449997352436 11.9049997339025 11.8549997350201 11.8649997347966 11.8999997340143 11.9399997331202 11.8199997358024 11.8349997354671 11.9749997323379 12.1149997292086 12.3099997248501 12.6299997176975 13.1099997069687 12.8749997122213 12.5899997185916 12.8949997117743 12.889999711886
13.0849997075275 13.074999707751 13.2299997042865 13.9649996878579 12.9999997094274 12.9699997100979 12.8999997116625 12.5199997201562 12.7749997144565 12.514999720268 12.1749997278675 11.8999997340143 11.5299997422844 11.499999742955 11.3199997469783 11.2999997474253 11.31499974709 11.4099997449666 11.5049997428432 11.6099997404963 11.7149997381493 11.7349997377023 11.5099997427315 11.3999997451901 11.5049997428432 11.5749997412786 11.6649997392669 11.7849997365847 11.789999736473 11.6299997400492 11.6499997396022 11.5849997410551 11.5099997427315 11.5799997411668 12.079999729991 12.0299997311085 11.9749997323379 12.1699997279793 12.0999997295439 11.9849997321144 11.9299997333437 11.8249997356907 11.7949997363612 11.7199997380376 11.6849997388199 11.7199997380376 11.9249997334555 12.0349997309968 11.9949997318909 12.0249997312203 12.0299997311085 12.0649997303262 12.1799997277558 12.4699997212738 12.5049997204915 12.3099997248501 12.1449997285381 13.654999694787 -9999 -9999 -9999 -9999
13.0299997087568 12.8949997117743 12.8449997128919 12.9349997108802 12.9349997108802 13.1099997069687 12.6999997161329 13.0199997089803 13.0999997071922 13.2299997042865 12.514999720268 12.1799997277558 12.0099997315556 11.9699997324497 11.894999734126 11.6299997400492 11.5849997410551 11.7099997382611 11.6749997390434 11.8549997350201 11.9749997323379 11.934999733232 11.7249997379258 11.7949997363612 11.6999997384846 11.7199997380376 11.7849997365847 11.9049997339025 11.9999997317791 11.76999973692 11.8299997355789 12.3099997248501 12.204999727197 12.2799997255206 12.3399997241795 12.5799997188151 12.6449997173622 12.2499997261912 12.039999730885 11.934999733232 11.7599997371435 11.7799997366965 11.914999733679 12.0449997307733 12.1299997288734 11.7849997365847 11.9699997324497 12.1399997286499 12.1649997280911 12.3049997249618 12.494999720715 12.8599997125566 12.8949997117743 12.9199997112155 12.8449997128919 13.8449996905401 -9999 -9999 -9999 -9999 -9999 -9999
13.2949997028336 13.0999997071922 12.9549997104332 12.7249997155741 12.8299997132272 12.8249997133389 12.6799997165799 12.6949997162446 12.8649997124448 12.76499971468 12.4049997227266 12.1999997273088 12.1599997282028 11.9299997333437 11.8799997344613 11.7399997375906 11.7599997371435 11.7399997375906 11.7799997366965 11.8549997350201 12.1199997290969 12.0899997297674 12.1749997278675 12.1249997289851 12.0249997312203 12.0249997312203 12.0049997316673 12.1699997279793 12.3099997248501 12.0199997313321 8.98188504514086 11.3516664129371 11.3516664129371 16.3599996343255 -9999 12.5027774983189 12.5599997192621 12.184999727644 12.1149997292086 12.0499997306615 11.9199997335672 11.8999997340143 12.0449997307733 12.2699997257441 12.474999721162 12.474999721162 12.204999727197 12.184999727644 12.2549997260794 12.4499997217208 12.6499997172505 12.8349997131154 12.7999997138977 -9999 -9999 -9999 -9999 -9999 -9999 -9999 -9999 -9999
12.5199997201562 12.2299997266382 13.1699997056276 13.0199997089803 13.0799997076392 13.0049997093156 12.7549997149035 12.3149997247383 12.2799997255206 12.2999997250736 12.2449997263029 12.3849997231737 12.1099997293204 11.894999734126 11.9299997333437 11.8199997358024 11.6999997384846 11.6299997400492 11.8599997349083 11.9949997318909 12.1199997290969 12.0849997298792 12.2499997261912 12.3049997249618 12.1399997286499 11.9649997325614 11.9949997318909 12.2299997266382 12.3949997229502 -9999 -9999 -9999 -9999 -9999 16.3799996338785 13.2099997047335 13.0799997076392 12.5099997203797 12.2849997254089 12.4399997219443 12.4349997220561 12.2199997268617 12.184999727644 12.3049997249618 12.5049997204915 12.7299997154623 13.1099997069687 12.619999717921 12.5199997201562 12.5699997190386 12.5999997183681 12.7499997150153 16.949999621138 -9999 -9999 -9999 -9999 -9999 -9999 -9999 -9999 -9999
13.1749997055158 12.3599997237325 12.8999997116625 13.1499997060746 12.3999997228384 12.6849997164682 12.6499997172505 14.7649996699765 12.2449997263029 12.6549997171387 12.1949997274205 12.1199997290969 12.349999723956 11.7749997368082 11.624999740161 11.5999997407198 11.5349997421727 11.7049997383729 11.9299997333437 12.0199997313321 11.8799997344613 11.8349997354671 11.7199997380376 12.1399997286499 12.5899997185916 12.4249997222796 12.3999997228384 12.4099997226149 12.5449997195974 11.0359674952624 -9999 -9999 -9999 -9999 -9999 18.4199995882809 13.1499997060746 12.9199997112155 12.7699997145683 12.6899997163564 12.5949997184798 12.4649997213855 12.4899997208267 12.4999997206032 12.6099997181445 12.9999997094274 13.1249997066334 13.0149997090921 12.9549997104332 12.7899997141212 12.7899997141212 14.1966663493464 13.9599996879697 16.3049996355549 -9999 -9999 -9999 -9999 -9999 -9999 -9999 -9999
12.3849997231737 12.6249997178093 13.3299997020513 13.0599997080863 12.514999720268 12.7249997155741 12.2649997258559 12.5049997204915 11.8249997356907 11.7199997380376 12.2599997259676 12.2999997250736 12.3049997249618 12.909999711439 11.7949997363612 11.6949997385964 11.5799997411668 11.6949997385964 12.2099997270852 11.8549997350201 11.8749997345731 11.8099997360259 12.4699997212738 12.929999710992 13.1099997069687 13.2299997042865 13.3849997008219 13.4349996997043 13.3999997004867 11.1739997502416 -9999 24.7149994475767 -9999 -9999 -9999 -9999 13.1299997065216 13.0999997071922 13.0999997071922 12.909999711439 12.8599997125566 12.9599997103214 12.9749997099862 13.1749997055158 13.0849997075275 13.0649997079745 13.7049996936694 13.2649997035041 12.9349997108802 12.5599997192621 13.2049997048452 13.9899996872991 13.8949996894225 9.86999977938831 -9999 -9999 -9999 -9999 -9999 -9999 -9999 -9999
12.7799997143447 12.4499997217208 12.2099997270852 11.9799997322261 11.5749997412786 11.4549997439608 11.9749997323379 11.7849997365847 11.9749997323379 12.1449997285381 12.3349997242913 12.4149997225031 12.5299997199327 13.1099997069687 12.9149997113273 12.349999723956 11.6849997388199 12.1649997280911 12.1649997280911 11.8499997351319 11.9099997337908 13.0899997074157 12.6249997178093 13.2349997041747 13.1399997062981 13.1549997059628 13.2899997029454 13.344999701716 13.4249996999279 13.5499996971339 13.8749996898696 -9999 -9999 -9999 -9999 -9999 -9999 -9999 -9999 -9999 -9999 -9999 -9999 -9999 -9999 -9999 13.7949996916577 14.2099996823817 14.1749996831641 12.9599997103214 12.7599997147918 16.1749996384606 -9999 -9999 -9999 -9999 -9999 -9999 -9999 -9999 -9999 -9999
12.6799997165799 12.7349997153506 12.4549997216091 11.8849997343495 11.644999739714 12.039999730885 12.1549997283146 12.2649997258559 12.2749997256324 12.1949997274205 12.1249997289851 12.2149997269735 12.2949997251853 12.2499997261912 12.2199997268617 12.0249997312203 11.8649997347966 11.9499997328967 12.2549997260794 12.4149997225031 12.6049997182563 12.7299997154623 12.8199997134507 13.0599997080863 13.054999708198 15.3899996560067 13.364999701269 13.4349996997043 13.4999996982515 13.5599996969104 13.7199996933341 14.0349996862933 -9999 -9999 -9999 -9999 -9999 -9999 -9999 -9999 -9999 -9999 -9999 -9999 -9999 -9999 -9999 -9999 -9999 -9999 -9999 -9999 -9999 -9999 -9999 -9999 -9999 -9999 -9999 -9999 -9999 -9999
12.9999997094274 12.7149997157976 12.5249997200444 11.6849997388199 11.7649997370318 12.1549997283146 12.204999727197 12.184999727644 12.2449997263029 12.204999727197 12.1349997287616 12.2099997270852 12.369999723509 12.0549997305498 11.8999997340143 11.8649997347966 11.894999734126 11.9249997334555 12.1199997290969 12.5099997203797 12.6149997180328 12.7499997150153 12.8349997131154 13.0149997090921 13.2099997047335 13.2749997032806 13.5049996981397 13.509999698028 13.4799996986985 13.6099996957928 13.8499996904284 13.9199996888638 -9999 -9999 -9999 -9999 -9999 -9999 -9999 -9999 -9999 -9999 -9999 -9999 -9999 -9999 -9999 -9999 -9999 -9999 -9999 -9999 -9999 -9999 -9999 -9999 -9999 -9999 -9999 -9999 -9999 -9999
12.5749997189268 12.8349997131154 12.7949997140095 12.4349997220561 12.0749997301027 12.1199997290969 12.0249997312203 12.1149997292086 12.0249997312203 11.9599997326732 12.0899997297674 12.1299997288734 12.2499997261912 12.3949997229502 11.8099997360259 11.9699997324497 11.9599997326732 12.0699997302145 12.5749997189268 12.5749997189268 12.7499997150153 12.8749997122213 13.0099997092038 13.1749997055158 13.2149997046217 13.2749997032806 13.3799997009337 14.0099996868521 14.2249996820465 14.2949996804819 14.1999996826053 12.6124997180887 24.264999457635 -9999 -9999 -9999 -9999 -9999 -9999 -9999 -9999 -9999 -9999 -9999 -9999 -9999 -9999 -9999 -9999 -9999 -9999 -9999 -9999 -9999 -9999 -9999 -9999 -9999 -9999 -9999 -9999 -9999
12.2849997254089 12.204999727197 12.2099997270852 12.1449997285381 12.1149997292086 12.0749997301027 12.039999730885 12.0349997309968 11.9949997318909 12.3149997247383 12.2949997251853 12.2349997265264 12.9199997112155 12.9799997098744 13.0299997087568 12.2599997259676 12.0849997298792 11.9049997339025 12.4799997210503 12.1149997292086 12.7299997154623 12.619999717921 13.0699997078627 13.2749997032806 13.5049996981397 13.4749996988103 13.1649997057393 13.4999996982515 13.7549996925518 13.654999694787 13.7049996936694 14.6199996732175 13.9283330220108 -9999 -9999 -9999 -9999 -9999 -9999 -9999 -9999 -9999 -9999 -9999 -9999 -9999 -9999 -9999 -9999 -9999 -9999 -9999 -9999 -9999 -9999 -9999 -9999 -9999 -9999 -9999 -9999 -9999
