EcologicalScience/Bass/data/rs_data_bass/sst_90.asc
NCOLS 226 
NROWS 124 
XLLCORNER -9.41648524995501 
YLLCORNER 47.587301625531 
CELLSIZE 0.0833 
NODATA_value -9999 
[rows 27 to 53 of 124, columns 62 to 123 of 226]
-9999 -9999 -9999 -9999 -9999 -9999 -9999 -9999 -9999 -9999 -9999 -9999 -9999 -9999 -9999 -9999 -9999 -9999 -9999 -9999 -9999 -9999 -9999 -9999 -9999 -9999 -9999 -9999 12.5299997199327 8.22954527060078 8.25272708826444 8.26777759297854 8.36812481295783 8.34312481351662 8.4274998116307 8.50999980978668 8.46999981068075 8.40749981207773 8.37749981274828 8.33749981364235 8.40249981218949 8.15249981777743 8.43249981151894 8.48749981028959 8.35749981319532 7.96249982202426 7.9074998232536 9.95999977737665 9.76999978162348 9.51999978721142 9.12499979604036 9.32999979145825 9.19999979436398 9.33999979123473 9.34499979112297 5.8249998698011 6.11999986320734 6.1999998614192 6.1149998633191 8.07624981948175 8.21999981626868 8.6099998075515
-9999 -9999 -9999 -9999 -9999 -9999 -9999 -9999 -9999 -9999 -9999 -9999 -9999 -9999 -9999 -9999 -9999 -9999 -9999 -9999 -9999 -9999 -9999 -9999 -9999 -9999 -9999 -9999 -9999 -9999 9.78499978128821 8.45849981093779 8.19374981685542 8.3343748137122 8.34124981355853 8.45749981096014 8.41249981196597 8.38249981263652 8.36499981302768 9.9299997780472 9.88999977894127 9.86499977950007 8.17249981733039 8.49499981012195 8.48999981023371 8.16249981755391 8.1499998178333 9.36499979067594 9.47499978821725 9.49999978765845 9.43999978899956 9.45999978855252 8.95499979984015 6.72499984968454 5.65999987348914 5.89499986823648 8.51499980967492 8.54999980889261 8.08249981934205 8.07749981945381 8.75874980422668 8.73124980484135
-9999 -9999 -9999 -9999 -9999 -9999 -9999 -9999 -9999 -9999 -9999 -9999 -9999 -9999 -9999 -9999 -9999 -9999 -9999 -9999 -9999 -9999 -9999 -9999 -9999 -9999 -9999 -9999 -9999 -9999 -9999 8.53699980918318 8.30249981442466 6.3699998576194 7.06999984197319 9.32999979145825 9.47999978810549 9.60999978519976 9.76999978162348 9.77499978151172 9.8199997805059 9.82999978028238 7.80249982560053 9.76499978173524 7.65499982889742 7.75999982655048 8.82499980274588 8.82999980263412 8.8399998024106 9.36999979056418 9.45999978855252 9.55999978631735 9.57499978598207 8.43499981146306 8.21999981626868 8.28499981481582 8.35999981313944 8.59999980777502 8.57499980833381 8.16749981744215 8.10499981883913 8.68374980590306
-9999 -9999 -9999 -9999 -9999 -9999 -9999 -9999 -9999 -9999 -9999 -9999 -9999 -9999 -9999 -9999 -9999 -9999 -9999 -9999 -9999 -9999 -9999 -9999 -9999 -9999 -9999 -9999 -9999 -9999 -9999 12.6707314241041 8.55291647549408 8.29437481460627 9.36999979056418 9.53999978676438 9.56999978609383 9.64999978430569 9.70499978307635 9.74499978218228 9.86999977938831 9.80499978084117 9.73999978229403 7.63499982934445 9.01499979849905 9.02499979827553 7.95499982219189 8.90499980095774 8.92999980039895 9.47499978821725 9.44999978877604 9.42999978922307 9.49499978777021 8.13499981816858 8.24249981576577 8.23249981598929 6.28999985940754 6.28999985940754 7.59749983018264 8.13666648479799 8.55666647541026 8.56999980844557
-9999 -9999 -9999 -9999 -9999 -9999 -9999 -9999 -9999 -9999 -9999 -9999 -9999 -9999 -9999 -9999 -9999 -9999 -9999 -9999 -9999 -9999 -9999 -9999 -9999 -9999 -9999 -9999 -9999 -9999 -9999 8.78622621870688 8.26699981521815 8.55499980878085 8.88999980129302 9.27499979268759 9.39499979000539 9.40999978967011 9.42499978933483 9.47999978810549 9.49499978777021 9.41999978944659 9.19999979436398 9.0699997972697 9.07499979715794 9.6749997837469 9.3849997902289 8.71499980520457 9.11499979626387 9.34499979112297 9.23999979346991 8.10999981872737 8.40249981218949 8.46999981068075 4.25499990489334 4.25499990489334 8.48499981034547 7.1324998405762 7.2049998389557 7.41999983415008 7.12999984063208 8.21666648300985
-9999 -9999 -9999 -9999 -9999 -9999 -9999 -9999 -9999 -9999 -9999 -9999 -9999 -9999 -9999 -9999 -9999 -9999 -9999 -9999 -9999 -9999 -9999 -9999 -9999 -9999 -9999 -9999 -9999 -9999 -9999 -9999 6.9909089346501 4.56999989785254 5.37999987974763 6.79499984811991 8.37499981280416 9.37999979034066 9.50499978754669 9.45499978866428 9.52499978709966 9.43499978911132 9.37499979045242 9.23999979346991 9.13999979570508 8.94999979995191 8.85499980207533 8.61499980743974 9.22999979369342 9.26499979291111 7.9799998216331 8.04249982023612 8.08249981934205 8.25999981537461 8.33249981375411 7.8224998251535 7.9924998213537 8.80999980308115 8.1499998178333 8.09999981895089 7.93249982269481 8.0649998197332
-9999 -9999 -9999 -9999 -9999 -9999 -9999 -9999 -9999 -9999 -9999 -9999 -9999 -9999 -9999 -9999 -9999 -9999 -9999 -9999 -9999 -9999 -9999 -9999 -9999 -9999 -9999 -9999 -9999 -9999 -9999 -9999 4.09999990835786 5.38499987963587 8.60499980766326 7.82999982498586 9.30499979201704 9.30499979201704 9.38999979011714 9.33499979134649 9.31999979168177 9.23499979358166 9.11499979626387 8.99499979894608 8.93999980017543 8.91999980062246 8.9249998005107 8.97499979939312 9.04999979771674 9.00499979872257 8.64499980676919 7.91499982308596 8.20499981660396 8.16999981738627 8.14249981800094 8.42499981168658 8.42374981171452 8.02249982068315 8.32749981386587 7.48499983269721 7.77749982615933 7.84499982465059
-9999 -9999 -9999 -9999 -9999 -9999 -9999 -9999 -9999 -9999 -9999 -9999 -9999 -9999 -9999 -9999 -9999 -9999 -9999 -9999 -9999 -9999 -9999 -9999 -9999 -9999 -9999 -9999 -9999 -9999 -9999 -9999 -9999 3.89499991293997 5.41999987885356 7.13999984040856 9.14999979548156 7.50499983225018 9.13999979570508 9.21999979391694 9.23499979358166 9.05499979760498 8.9249998005107 8.97999979928136 9.03499979805201 8.90499980095774 9.01499979849905 9.16999979503453 7.53499983157963 7.40499983448535 7.69499982800335 7.59499983023852 7.8349998248741 7.86249982425943 7.98499982152134 8.02166648736844 8.23124981601723 7.69999982789159 7.62749982951209 7.9924998213537 7.95749982213601 7.87499982398003
-9999 -9999 -9999 -9999 -9999 -9999 -9999 13.6773806466677 8.82166646948705 8.84777758001453 8.91499980073422 9.00157874616745 9.26478240161162 -9999 8.41999981179833 -9999 -9999 -9999 -9999 -9999 -9999 -9999 -9999 -9999 -9999 -9999 -9999 -9999 -9999 -9999 -9999 -9999 -9999 -9999 3.64999991841614 3.67499991785735 4.51999989897013 6.89499984588474 8.9249998005107 9.00499979872257 8.9849997991696 8.92999980039895 8.53999980911613 8.18499981705099 8.43499981146306 9.19999979436398 9.08999979682267 7.75249982671812 7.79499982576817 7.87999982386827 7.74499982688576 7.65749982884154 7.79499982576817 7.72999982722104 7.72499982733279 7.25166650457929 7.21999983862042 7.21499983873218 7.64499982912093 7.41749983420596 6.63499985169619 6.2599998600781
-9999 -9999 -9999 -9999 13.6577269674533 4.79999989271164 5.01999988779426 5.74999987147748 6.10999986343086 6.10999986343086 7.51181801391596 8.53782589612124 -9999 -9999 -9999 -9999 -9999 -9999 -9999 -9999 -9999 -9999 -9999 -9999 -9999 -9999 -9999 -9999 -9999 -9999 -9999 -9999 -9999 -9999 3.85999991372228 3.76499991584569 3.83499991428107 8.36999981291592 8.81999980285764 8.8999998010695 7.68499982822686 6.49999985471368 7.54499983135611 7.58999983035028 7.02999984286726 7.09999984130263 7.93249982269481 7.90499982330948 7.99874982121401 7.70749982772395 8.33999981358647 8.31999981403351 8.24999981559813 8.23999981582165 8.16499981749803 6.75624984898604 7.07999984174967 6.92999984510243 6.92999984510243 7.5799998305738 8.02999982051551 8.2099998164922
7.82833315835645 8.48249981040135 12.9983330427979 7.92499982286245 7.39999983459711 6.3449998581782 4.87499989103526 5.739999871701 6.23999986052513 6.68166651731978 -9999 -9999 -9999 -9999 -9999 -9999 -9999 -9999 -9999 -9999 -9999 -9999 -9999 -9999 -9999 -9999 -9999 -9999 -9999 -9999 -9999 -9999 -9999 -9999 3.61499991919845 3.65999991819263 8.49999981001019 7.1199998408556 7.34499983582646 7.99499982129782 8.74499980453402 8.69999980553985 7.04499984253198 6.93499984499067 7.47499983292073 8.85499980207533 8.85499980207533 8.27999981492758 8.30999981425703 8.21499981638044 8.24999981559813 8.31999981403351 8.34499981347471 8.32499981392175 8.28499981481582 8.26499981526285 6.64499985147268 6.64499985147268 8.07749981945381 8.05499981995672 7.95749982213601 8.09249981911853
8.49499981012195 8.68499980587512 8.99999979883432 8.99999979883432 8.29999981448054 6.64499985147268 6.30499985907227 7.32999983616173 6.32499985862523 6.32499985862523 -9999 -9999 -9999 -9999 -9999 -9999 -9999 -9999 -9999 -9999 -9999 -9999 -9999 -9999 -9999 -9999 -9999 -9999 -9999 -9999 -9999 -9999 -9999 -9999 -9999 8.78949980353937 7.33749983599409 8.23499981593341 6.12999986298382 5.34499988052994 6.53999985381961 6.65499985124916 7.48999983258545 7.1449998402968 8.30999981425703 8.73499980475754 8.30999981425703 8.14499981794506 8.27999981492758 8.30999981425703 8.30499981436878 8.35999981313944 8.38999981246889 8.34499981347471 8.31999981403351 8.34999981336296 7.28749983711168 7.25499983783811 7.43999983370304 7.47624983289279 7.41499983426183 7.41999983415008
9.64499978441745 9.40999978967011 9.4449997888878 9.40499978978187 8.96499979961663 8.53999980911613 8.68499980587512 5.54499987605959 9.45714264575924 -9999 -9999 -9999 -9999 -9999 -9999 -9999 -9999 -9999 -9999 -9999 -9999 -9999 -9999 -9999 -9999 -9999 -9999 -9999 -9999 -9999 -9999 -9999 -9999 -9999 -9999 -9999 7.61999982967973 6.45999985560775 4.51499989908189 4.2749999044463 8.12199981845915 8.32499981392175 8.48999981023371 8.72999980486929 8.53499980922788 8.34999981336296 8.04999982006848 8.36499981302768 8.30999981425703 8.36499981302768 8.22499981615692 8.2949998145923 8.23999981582165 8.34499981347471 8.19999981671572 7.64499982912093 7.11249984102324 3.74999991618097 7.60999982990324 7.25999983772635 6.84499984700233 7.81749982526526
9.70499978307635 9.31499979179353 9.25999979302287 10.0649997750297 9.76999978162348 9.30499979201704 9.09999979659915 9.11499979626387 12.7897884929553 -9999 -9999 -9999 -9999 -9999 -9999 -9999 -9999 -9999 -9999 -9999 -9999 -9999 -9999 -9999 -9999 -9999 -9999 -9999 -9999 -9999 -9999 -9999 -9999 -9999 -9999 -9999 -9999 -9999 -9999 5.01499988790601 5.01499988790601 4.00499991048127 4.00499991048127 7.84499982465059 7.56749983085319 7.68749982817098 7.8349998248741 8.77999980375171 8.77999980375171 8.23499981593341 8.14249981800094 7.84499982465059 7.80749982548878 7.63749982928857 7.43999983370304 3.9349999120459 4.03999990969896 3.91499991249293 3.83499991428107 7.85749982437119 7.47499983292073 7.45999983325601
9.57999978587031 9.70499978307635 9.9899997767061 10.029999775812 9.85499977972358 9.75499978195876 7.75499982666224 4.32499990332872 4.34999990276992 -9999 -9999 -9999 -9999 -9999 -9999 -9999 -9999 -9999 -9999 -9999 -9999 -9999 -9999 -9999 -9999 -9999 -9999 -9999 -9999 -9999 -9999 -9999 -9999 -9999 -9999 -9999 -9999 -9999 -9999 -9999 -9999 -9999 -9999 8.48316647705312 8.25285695839141 7.73499982710928 8.36499981302768 8.21499981638044 8.76999980397522 8.49999981001019 6.91166651217888 7.44833316685011 7.68166649496804 7.78499982599169 8.31999981403351 8.50499980989844 4.11499990802258 4.21999990567565 4.26499990466982 7.82999982498586 7.85499982442707 6.81999984756112
9.56999978609383 9.904999778606 9.91999977827072 9.95499977748841 9.93999977782369 9.14999979548156 9.78999978117645 9.55499978642911 5.40999987907708 5.11999988555908 -9999 -9999 -9999 -9999 -9999 16.1899624452926 -9999 -9999 -9999 -9999 -9999 -9999 -9999 -9999 -9999 -9999 -9999 -9999 -9999 -9999 -9999 -9999 -9999 -9999 -9999 -9999 -9999 -9999 -9999 -9999 -9999 -9999 -9999 -9999 10.8649997571483 6.96499984432012 6.68999985046685 8.74499980453402 8.68999980576336 8.51999980956316 8.43499981146306 7.31499983649701 7.02374984300695 8.47999981045723 8.48499981034547 8.50499980989844 3.98499991092831 4.1049999082461 7.43249983387068 7.59999983012676 8.53999980911613 8.41999981179833
9.79499978106469 9.82499978039414 9.81499978061765 9.83999978005886 9.86999977938831 9.82499978039414 9.75499978195876 9.65499978419393 9.28499979246408 4.69999989494681 16.6299996282905 -9999 -9999 -9999 -9999 -9999 -9999 -9999 -9999 -9999 -9999 -9999 -9999 -9999 -9999 -9999 -9999 -9999 -9999 -9999 -9999 -9999 -9999 -9999 -9999 -9999 -9999 -9999 -9999 -9999 -9999 -9999 -9999 -9999 -9999 10.8069228353695 7.35099983569235 7.15124984015711 8.46499981079251 7.26874983753078 8.08499981928617 7.93249982269481 7.70499982777983 7.73499982710928 6.1024998635985 3.21999992802739 3.67999991774559 5.2799998819828 6.73999984934926 7.66749982861802 8.15749981766567 8.36999981291592
8.22999981604517 10.4599997662008 10.0799997746944 10.2949997698888 9.94999977760017 9.8199997805059 9.85499977972358 9.79999978095293 7.41499983426183 6.23999986052513 4.82999989204109 5.82299986984581 -9999 -9999 -9999 -9999 20.8780102860283 20.8780102860283 -9999 -9999 -9999 -9999 -9999 -9999 -9999 -9999 -9999 -9999 -9999 -9999 -9999 -9999 -9999 -9999 -9999 -9999 -9999 -9999 -9999 -9999 -9999 -9999 -9999 -9999 -9999 8.8399998024106 12.3277024271571 8.039999820292 8.039999820292 7.94999982230365 7.94999982230365 7.86666649083296 6.55249985354021 6.66499985102564 6.59249985264614 6.50499985460192 6.61499985214323 6.8899998459965 4.21499990578741 3.82999991439283 3.50999992154539 3.44499992299825
10.6049997629598 10.4899997655302 10.4699997659773 10.31999976933 10.2449997710064 10.0649997750297 9.17499979492277 8.50499980989844 7.23999983817339 5.73499987181276 6.15999986231327 4.56999989785254 11.991052363558 9.33333312471708 8.11199981868267 8.15799981765449 4.31499990355223 20.9268599973645 -9999 -9999 -9999 -9999 -9999 -9999 -9999 -9999 -9999 -9999 -9999 -9999 -9999 -9999 -9999 -9999 -9999 -9999 -9999 -9999 -9999 -9999 -9999 -9999 -9999 -9999 -9999 -9999 -9999 -9999 9.23666646021108 7.80499982554466 7.75999982655048 7.71499982755631 8.01899982076138 6.74124984932132 7.07249984191731 3.01999993249774 3.09499993082136 3.44499992299825 3.67499991785735 4.17499990668148 3.38499992433935 3.11999993026257
10.6699997615069 10.7349997600541 10.5849997634068 10.484999765642 10.0799997746944 9.76999978162348 9.57499978598207 8.46499981079251 8.69999980553985 7.56499983090907 5.50499987695366 4.30499990377575 4.86999989114702 4.57499989774078 4.6499998960644 4.53999989852309 4.49499989952892 -9999 -9999 -9999 -9999 -9999 -9999 -9999 -9999 -9999 -9999 -9999 -9999 -9999 -9999 -9999 -9999 -9999 -9999 -9999 -9999 -9999 -9999 -9999 -9999 -9999 -9999 -9999 -9999 -9999 -9999 -9999 8.65277758437312 9.02249979833141 8.14099981803447 8.06199981980026 8.51399980969727 6.86249984661117 6.93499984499067 3.41999992355704 3.2699999269098 3.13499992992729 3.22999992780387 3.20999992825091 7.57499983068556 7.96499982196838
11.044999753125 11.0349997533485 10.8549997573718 10.5349997645244 10.2049997719005 10.1349997734651 9.55499978642911 9.48999978788197 8.32999981380999 6.93499984499067 5.1099998857826 7.89999982342124 8.42999981157482 4.69999989494681 4.71999989449978 6.69999985024333 11.1944441942291 -9999 -9999 -9999 -9999 -9999 -9999 -9999 -9999 -9999 -9999 -9999 -9999 -9999 -9999 -9999 -9999 -9999 -9999 -9999 -9999 -9999 -9999 -9999 -9999 -9999 -9999 -9999 -9999 -9999 -9999 -9999 9.00187479879241 6.23083319406336 6.22916652743394 7.67499982845038 7.67499982845038 6.61749985208735 7.11249984102324 8.38916647915418 6.48249985510483 6.45749985566363 7.80499982554466 7.43999983370304 3.37999992445111 3.32499992568046
11.1749997502193 11.0849997522309 10.8949997564778 10.7399997599423 10.6649997616187 9.78999978117645 9.19999979436398 4.55999989807606 4.59499989729375 7.37999983504415 7.38999983482063 8.05999981984496 5.49499987717718 3.9349999120459 8.83333313589295 6.69999985024333 -9999 -9999 -9999 -9999 -9999 -9999 -9999 -9999 -9999 -9999 -9999 -9999 -9999 -9999 -9999 -9999 -9999 -9999 -9999 -9999 -9999 -9999 -9999 -9999 -9999 -9999 -9999 -9999 -9999 -9999 -9999 -9999 8.79874980333261 6.94999984465539 6.74999984912574 7.87166649072121 7.92833315612127 8.00666648770372 7.59833316349735 7.57666649731497 5.19999988377094 5.08749988628551 6.5149998543784 6.81499984767288 7.91666648971538 8.0283331538861
11.169999750331 10.8749997569248 10.6899997610599 10.6649997616187 10.5699997637421 10.0599997751415 9.86999977938831 4.34499990288168 4.30499990377575 4.30999990366399 7.63666649597387 6.67749985074624 4.13499990757555 5.0249998876825 5.31499988120049 -9999 -9999 -9999 -9999 -9999 -9999 -9999 -9999 -9999 -9999 -9999 -9999 -9999 -9999 -9999 -9999 -9999 -9999 -9999 -9999 -9999 -9999 -9999 -9999 -9999 -9999 -9999 -9999 -9999 -9999 -9999 -9999 -9999 -9999 7.68399982824922 6.72499984968454 6.72499984968454 8.07749981945381 8.43499981146306 8.43499981146306 8.52785695224468 8.29749981453642 6.32833319188406 3.42499992344528 3.3299999255687 3.04999993182719 2.93999993428588
11.064999752678 10.8149997582659 10.629999762401 10.3299997691065 10.1399997733533 8.61499980743974 10.0549997752532 10.0599997751415 9.93999977782369 9.70999978296459 9.59999978542328 7.00999984331429 6.46374985552393 6.12499986309558 5.99124986608513 12.3249997245148 -9999 -9999 -9999 -9999 -9999 -9999 -9999 -9999 -9999 -9999 -9999 -9999 -9999 -9999 -9999 -9999 -9999 -9999 -9999 -9999 -9999 -9999 -9999 -9999 -9999 -9999 -9999 -9999 -9999 -9999 10.8734040122796 10.9557444359711 10.5473401897805 -9999 11.5949583295733 9.21166646076987 8.74562480452005 8.5124998097308 8.56199980862439 5.88583320177471 7.0349998427555 8.19499981682748 8.5249998094514 2.98499993328005 2.86499993596226 7.75666649329166
10.7399997599423 10.5599997639656 10.3699997682124 10.1849997723475 7.38499983493239 6.85999984666705 7.38999983482063 9.96999977715313 9.80499978084117 6.39999985694885 7.21499983873218 8.39999981224537 8.39999981224537 8.4883331436043 11.9709088233384 -9999 -9999 -9999 -9999 -9999 -9999 -9999 -9999 -9999 -9999 -9999 -9999 -9999 -9999 -9999 -9999 -9999 -9999 -9999 -9999 -9999 -9999 -9999 -9999 -9999 -9999 -9999 -9999 -9999 -9999 -9999 -9999 11.7866301713309 11.6736483877223 9.71241357601408 6.13124986295588 6.13124986295588 9.25555534867777 8.31499981414527 8.31499981414527 7.2049998389557 6.95499984454364 6.64999985136092 5.88499986846 5.45499987807125 5.6549998736009 7.01999984309077
10.8399997577071 10.8199997581542 10.8049997584894 9.71999978274107 6.72999984957278 6.98999984376132 6.60999985225499 6.29999985918403 8.64499980676919 7.95499982219189 5.87499986868352 5.87499986868352 8.23999981582165 6.89666651251415 15.849736487836 -9999 -9999 -9999 -9999 -9999 -9999 -9999 -9999 -9999 -9999 -9999 -9999 -9999 -9999 -9999 -9999 -9999 -9999 -9999 -9999 -9999 -9999 -9999 -9999 -9999 -9999 -9999 -9999 -9999 -9999 -9999 -9999 -9999 -9999 -9999 5.44999987818301 5.52999987639487 5.61499987449497 5.66499987337738 5.64999987371266 5.48083321082716 5.6666665400068 5.77249987097457 3.68499991763383 4.46999990008771 5.58999987505376 5.86666653553645
10.7599997594953 8.51499980967492 8.17499981727451 9.96999977715313 9.9899997767061 8.61499980743974 6.58499985281378 9.37499979045242 9.32999979145825 8.73499980475754 8.60499980766326 7.90999982319772 4.98499988857657 6.47499985527247 6.29499985929579 -9999 -9999 -9999 -9999 -9999 -9999 -9999 -9999 -9999 -9999 -9999 -9999 -9999 -9999 -9999 -9999 -9999 -9999 -9999 -9999 -9999 -9999 -9999 -9999 -9999 -9999 -9999 -9999 -9999 -9999 -9999 -9999 -9999 -9999 -9999 -9999 -9999 8.08874981920235 6.32999985851347 6.37499985750765 4.92416655660297 4.59666656392316 9.48722201016628 6.67499985080212 6.67999985069036 6.69499985035509 6.01499986555427
