EcologicalScience/Bass/data/rs_data_bass/sst_194.asc
NCOLS 226 
NROWS 124 
XLLCORNER -9.41648524995501 
YLLCORNER 47.587301625531 
CELLSIZE 0.0833 
NODATA_value -9999 
[rows 27 to 53 of 124, columns 62 to 123 of 226]
-9999 -9999 -9999 -9999 -9999 -9999 -9999 -9999 -9999 -9999 -9999 -9999 -9999 -9999 -9999 -9999 -9999 -9999 -9999 -9999 -9999 -9999 -9999 -9999 -9999 -9999 -9999 -9999 12.5299997199327 9.55882392401597 6.32984265545383 6.09128085430712 6.01830728340428 6.086619151989 6.05936612305231 6.60234686536714 6.55228735432029 6.55630359016359 6.32024215662386 6.445211637998 6.44270149059594 6.85472425702028 6.7959150893148 6.86010314431041 6.35209712246433 4.30943479132839 6.38723918609321 6.21105074463412 6.28850672161207 6.59641813626513 6.40588599536568 6.48525446560234 6.7797784274444 6.62821333669126 6.5409558317624 6.91174046229571 6.6126743289642 6.64996794750914 6.6643116469495 6.6485335775651 6.61841180874035 6.61195714399219
-9999 -9999 -9999 -9999 -9999 -9999 -9999 -9999 -9999 -9999 -9999 -9999 -9999 -9999 -9999 -9999 -9999 -9999 -9999 -9999 -9999 -9999 -9999 -9999 -9999 -9999 -9999 -9999 -9999 -9999 9.78499978128821 7.36638056648035 6.03534042648971 6.50581376813352 6.54726705951616 6.59331033471972 6.71212397841737 6.64494765270501 6.60980558907613 6.46726507588755 7.04047516477294 7.28216650034301 7.33631396573037 6.93971067620441 7.00999480346218 6.96481215022504 6.99995421385393 6.46278266981244 6.26017791521735 6.48788414383307 7.07023834111169 6.61697743879631 7.02362131793052 7.19502852624282 6.6059806025587 6.66072572208941 6.66287727700546 6.70375682041049 6.70877711521462 6.73316140426323 6.70303963543847 6.68224127124995
-9999 -9999 -9999 -9999 -9999 -9999 -9999 -9999 -9999 -9999 -9999 -9999 -9999 -9999 -9999 -9999 -9999 -9999 -9999 -9999 -9999 -9999 -9999 -9999 -9999 -9999 -9999 -9999 -9999 -9999 -9999 10.3449997687712 5.75025940011255 5.70184941450134 6.19598986022174 6.74320199387148 6.55027923639864 6.66502883192152 6.39967039227486 6.41975157149136 7.30332345701754 6.91030609235168 7.00999480346218 7.30619219690561 6.84217352000996 6.89201787556522 6.44413586053997 6.42381561966613 6.42046875646338 7.08027893071994 6.41520940000191 6.71523177996278 6.74176762392744 6.71308022504672 6.76973783783615 6.58255256013945 6.64781639259309 6.7080599302426 6.75467695342377 6.74822228867561 6.74607073375955 6.74033325398341
-9999 -9999 -9999 -9999 -9999 -9999 -9999 -9999 -9999 -9999 -9999 -9999 -9999 -9999 -9999 -9999 -9999 -9999 -9999 -9999 -9999 -9999 -9999 -9999 -9999 -9999 -9999 -9999 -9999 -9999 -9999 10.353539830409 6.42964872410521 6.37421032576822 6.49634692650288 6.07574184658006 5.93612983869389 6.85006255470216 6.82854700554162 6.81994078587741 7.11721395677887 6.83715322520584 6.9748527398333 6.7919705719687 7.00999480346218 6.90385142760351 6.92787712416612 7.08996092784218 7.04513686709106 6.35568304732442 6.81348612112924 6.8278298205696 6.77117220778018 6.81850641593337 6.73889888403937 6.79770805174485 6.67148349666968 6.72455518459901 6.74033325398341 6.76256598811597 6.73889888403937 6.81492049107328
-9999 -9999 -9999 -9999 -9999 -9999 -9999 -9999 -9999 -9999 -9999 -9999 -9999 -9999 -9999 -9999 -9999 -9999 -9999 -9999 -9999 -9999 -9999 -9999 -9999 -9999 -9999 -9999 -9999 -9999 -9999 9.09499979671091 7.62318795453757 6.32508315518498 5.31815545447171 5.96828363160603 6.72527236957103 6.7202520747669 6.84217352000996 6.90026550274342 6.88233587844297 6.82209234079346 6.60657825670205 6.66646320186555 6.77428000932559 6.76973783783615 7.03832360985689 6.59904781449586 6.69299904583022 6.71953488979489 6.78695027716458 6.78192998236045 6.81276893615723 6.79412212688476 6.7998596066609 6.81420330610126 6.77906124247238 6.76686909794807 6.74607073375955 6.75109102856368 6.73531295917928 6.78408153727651
-9999 -9999 -9999 -9999 -9999 -9999 -9999 -9999 -9999 -9999 -9999 -9999 -9999 -9999 -9999 -9999 -9999 -9999 -9999 -9999 -9999 -9999 -9999 -9999 -9999 -9999 -9999 -9999 -9999 -9999 -9999 -9999 7.96743674110621 6.13000884279609 6.21224605292082 6.22156945755705 6.78479872224852 6.77475813264027 6.30763165419921 6.4810708865989 6.94975126581267 6.97987303463742 6.41437268420123 7.03653064742684 6.77439954015426 7.06127352896146 6.92070527444594 6.73531295917928 6.83643604023382 6.74607073375955 6.8636890691705 6.85006255470216 6.87803276861086 6.86942654894665 6.87444684375077 6.82854700554162 6.85006255470216 6.8077486413531 6.81276893615723 6.76615191297606 6.94616534095258 6.72527236957103
-9999 -9999 -9999 -9999 -9999 -9999 -9999 -9999 -9999 -9999 -9999 -9999 -9999 -9999 -9999 -9999 -9999 -9999 -9999 -9999 -9999 -9999 -9999 -9999 -9999 -9999 -9999 -9999 -9999 -9999 -9999 -9999 9.80127302677258 6.19276252784766 6.22037414927036 6.29209264647216 6.88018432352692 6.88520461833104 6.84504225989804 6.9153263871558 6.94473097100854 6.97270118491724 7.09964292496443 6.65498824231327 6.07167779840529 7.06521804630756 6.22019485302735 6.07736746584997 6.79268775694072 6.77117220778018 6.7718893927522 6.81420330610126 6.83069856045768 6.7797784274444 6.86799217900261 6.86082032928243 6.84791099978611 6.77834405750036 6.79842523671687 7.02433850290254 6.79842523671687 6.64709920762107
-9999 -9999 -9999 -9999 -9999 -9999 -9999 -9999 -9999 -9999 -9999 -9999 -9999 -9999 -9999 -9999 -9999 -9999 -9999 -9999 -9999 -9999 -9999 -9999 -9999 -9999 -9999 -9999 -9999 -9999 -9999 -9999 -9999 8.55859628108275 6.15080720698461 6.18786176387221 6.23232723213732 6.93540756637231 6.883411655901 6.84719381481409 6.96983244502917 6.41867579403333 6.51406139531173 7.04011657228693 6.79770805174485 6.01454206230119 6.01454206230119 6.31886755209416 6.98345895949751 6.6126743289642 6.69299904583022 6.92464979179204 6.77260657772422 6.84073915006593 6.84575944487005 6.89811394782737 7.27965635294095 6.90169987268746 6.89596239291131 6.83069856045768 6.81420330610126 6.8156376760453
-9999 -9999 -9999 -9999 -9999 -9999 -9999 5.03886974536844 17.5576054995321 7.45209949510172 6.03581854980439 8.68904818541669 16.635068934965 8.38445501132972 8.41999981179833 -9999 -9999 -9999 -9999 -9999 -9999 -9999 -9999 -9999 -9999 -9999 -9999 -9999 -9999 -9999 -9999 -9999 -9999 6.39499985706061 6.05542160570621 6.03641620394774 5.97724844375625 6.62630084343255 6.52254808414727 6.96983244502917 6.92967008659616 6.64172032033093 6.14779503010213 6.33261359739117 6.18977425713092 6.11351358843967 6.02769045345485 7.05697041912936 7.27965635294095 6.64064454287291 6.98202458955348 7.12474439898506 6.16060873493552 6.85006255470216 6.76328317308798 6.80057679163292 6.79627368180081 7.06091493647546 6.84432507492602 6.84002196509391 6.83141574542969 6.83858759514987
-9999 -9999 -9999 -9999 8.14810688678279 13.9798703972122 10.800869061325 7.92021286910257 4.70496230339631 7.41436759685166 15.6511174696498 12.8565777664605 5.9699998665601 -9999 -9999 -9999 -9999 -9999 -9999 -9999 -9999 -9999 -9999 -9999 -9999 -9999 -9999 -9999 -9999 -9999 -9999 -9999 -9999 -9999 6.04161579499487 6.07263404503465 6.11877294490114 6.11243781098165 5.89477217197418 5.92919705063105 6.25862401444465 6.41425315337256 6.80165256909095 6.40024414025247 6.49419537158683 6.69443341577426 6.90026550274342 7.02146976301447 7.00975574180484 5.35473188804463 6.90839359909296 7.06952115613967 6.24690999323502 6.04000212880783 6.25372325046919 7.25527206389233 7.27822198299691 7.09103670530021 6.71021148515865 6.80990019626915 6.66502883192152 6.71164585510269
3.43841364281252 3.97486800188199 11.4321860283241 6.75221803351971 7.08984139701352 4.13695180555806 3.85653248149902 3.92968534864485 4.11973936622962 4.73940386077346 7.12499984074384 -9999 -9999 -9999 -9999 -9999 -9999 -9999 -9999 -9999 -9999 -9999 -9999 -9999 -9999 -9999 -9999 -9999 -9999 -9999 -9999 -9999 -9999 -9999 10.7099997606128 6.02547913312446 6.08464689331595 7.5551857794635 6.14022872864734 6.23830377357081 6.0164545555599 6.41817376455292 6.35793022690341 6.43423870792612 6.43065278306603 6.48544571492821 6.89667957788333 6.30557572394609 7.13621935853735 7.23770103207789 7.19072541641071 6.98166599706747 6.63024536077864 6.73459577420726 6.19073050376028 6.22587256738916 6.12785728788003 6.00450147269294 6.18833988718688 6.60311186267063 6.41903438651934 6.10562455374748
3.58471937710419 4.10754722170532 4.19145786343142 3.05973997758701 3.97773674177006 5.94449699670076 6.07406841497868 4.98394725751132 4.38509780587628 15.7799996472895 -9999 -9999 -9999 -9999 -9999 -9999 -9999 -9999 -9999 -9999 -9999 -9999 -9999 -9999 -9999 -9999 -9999 -9999 -9999 -9999 -9999 -9999 -9999 -9999 -9999 8.38581980583503 7.02983692102134 6.35663929395378 6.42702587620754 6.82388530322351 6.34272590549663 6.35075837718323 6.40612505702302 6.40798973795027 6.34315621647984 6.25718964450061 6.51657154271379 6.60033874744549 6.66517226891592 6.69849746394902 6.76543472800404 6.62534459680319 6.68654438108206 6.68582719611004 6.35472680069506 6.24547562329099 6.17925554420799 6.14698222046718 6.29878637287766 6.52159183751792 6.55780967860483 5.86572618060745
3.85151218669489 4.15990172466263 3.91534164920449 2.4537186762318 2.83741263626143 3.75899532530457 3.12858973490074 3.11998351523653 8.16923984239026 -9999 -9999 -9999 -9999 -9999 -9999 -9999 -9999 -9999 -9999 -9999 -9999 -9999 -9999 -9999 -9999 -9999 -9999 -9999 -9999 -9999 -9999 -9999 -9999 -9999 -9999 -9999 12.3486950046479 6.60119936941192 6.31914076541683 7.20004882104695 6.63024536077864 6.37456891825423 6.42357655800879 6.43935462739319 6.63347269315273 6.61028371239081 6.64279609778896 6.49978941436857 6.5805444422178 6.53988005430438 6.11333429219667 6.48286384902894 6.70590837532654 6.71857864316553 7.23447369970381 6.50198878161609 6.55506046954542 6.65594448894262 6.53713084524497 5.89046906214207 6.22133039589971 5.6326410647016
7.26226461736951 7.41645938635338 4.55005034944043 6.84002196509391 2.41857661260292 3.97988829668611 6.06211533211172 8.29897179407999 12.7897884929553 -9999 -9999 -9999 -9999 -9999 -9999 -9999 -9999 -9999 -9999 -9999 -9999 -9999 -9999 -9999 -9999 -9999 -9999 -9999 -9999 -9999 -9999 -9999 -9999 -9999 -9999 -9999 -9999 -9999 -9999 -9999 12.663489350643 10.4493577917705 7.01957900263369 6.69766074814834 6.73029266437516 6.95441296813078 6.88592180330306 7.13550217356533 7.20937222568318 6.58637754665688 7.22228155517951 6.57992288190871 7.20435193087906 7.20757926325314 7.05410167924128 7.02433850290254 7.05768760410137 6.36644082190469 6.00629443512298 5.73663288564421 6.4570451900363 5.79544205334969
7.21672337164637 7.20578630082309 4.7802667254582 6.18379771569744 6.88018432352692 6.94257941609249 5.45513778412715 8.35548897904272 14.2649996811524 -9999 -9999 -9999 -9999 -9999 -9999 -9999 -9999 -9999 -9999 -9999 -9999 -9999 -9999 -9999 -9999 -9999 -9999 -9999 -9999 -9999 -9999 -9999 -9999 -9999 -9999 -9999 -9999 -9999 -9999 -9999 -9999 -9999 -9999 10.2571941326771 7.88549835805316 7.08745078044012 6.9271599391941 6.83320870785974 6.58900722488761 7.09247107524425 7.1541489828378 7.16741690482013 7.23554947716184 7.15199742792174 6.92572556925006 6.71427553333342 7.10287025733851 5.99709056131542 6.06785281188786 5.65092928148806 6.05135755753145 6.14602597383782
7.28252509282902 7.1702856447082 5.47521896334365 6.94257941609249 6.91747794207186 6.84504225989804 6.85293129459023 6.97843866469339 9.16344047989696 12.1607614006823 -9999 -9999 -9999 -9999 -9999 16.1899624452926 -9999 -9999 -9999 -9999 -9999 -9999 -9999 -9999 -9999 -9999 -9999 -9999 -9999 -9999 -9999 -9999 -9999 -9999 -9999 -9999 -9999 -9999 -9999 -9999 -9999 -9999 -9999 -9999 8.58106895685455 8.25603197384626 7.01056855143979 6.47354044439271 6.45489363512024 6.81025878875516 6.4144922150299 7.13227484119125 6.94795830338262 6.803804124007 6.9271599391941 7.08494063303806 7.12151706661098 7.07525863591582 7.10502181225456 6.03749198140576 5.53115939116105 6.00497959600762
7.1025116648525 6.9153263871558 6.9949339190498 6.95405437564477 6.93684193631634 6.92178105190396 6.95764030050486 6.96481215022504 6.96768089011312 8.54559028354872 15.3249996574596 -9999 -9999 -9999 -9999 8.05773584589076 -9999 -9999 -9999 -9999 -9999 -9999 -9999 -9999 -9999 -9999 -9999 -9999 -9999 -9999 -9999 -9999 -9999 -9999 -9999 -9999 -9999 -9999 -9999 -9999 -9999 -9999 -9999 -9999 -9999 11.851301078004 7.36389298783615 6.49756614095531 6.86906795646064 6.94257941609249 6.70758180692792 6.3762423498556 6.69825840229169 6.5050965831615 6.92500838427804 7.09498122264631 6.92142245941795 6.6087298116181 5.96338286763057 5.42824334767647 5.42214727541432 5.94234544178471
7.6481459915638 7.35872599610593 7.33721044694539 6.8636890691705 6.34659870434552 4.16994231427088 7.04943997692317 7.0465712370351 6.88305306341499 6.19885860010982 8.22258908692031 15.7372138179573 11.4402860175024 -9999 13.9996534612961 6.11999986320734 21.5024393269854 11.5291745380149 -9999 -9999 -9999 -9999 -9999 -9999 -9999 -9999 -9999 -9999 -9999 -9999 -9999 -9999 -9999 -9999 -9999 -9999 -9999 -9999 -9999 -9999 -9999 -9999 -9999 -9999 -9999 8.8399998024106 12.3599997237325 12.7451481015262 6.29448326304555 6.80739004886709 5.99446088308468 6.28659422835335 6.25958026107401 6.80954160378315 6.31743318215013 6.50760673056357 6.47640918428078 6.83751181769185 5.82197789731435 5.53474531602114 6.03557948814705 5.52398754144087
7.34219488250092 7.3933301710058 7.3373897431884 7.24541077052709 7.10968351457268 6.62737662089057 7.13191624870524 6.49481693189591 6.41807813988999 6.48429821897298 6.28085674857721 8.48088601299633 14.524999675341 17.4218471655622 9.34990857262164 13.5384744356673 12.68403129362 14.7044241119069 -9999 -9999 -9999 -9999 -9999 -9999 -9999 -9999 -9999 -9999 -9999 -9999 -9999 -9999 -9999 -9999 -9999 -9999 -9999 -9999 -9999 -9999 -9999 -9999 -9999 -9999 -9999 -9999 -9999 -9999 4.91431511659175 6.46073356989239 6.08506525121629 6.25790682947263 6.43194371601567 6.61793368542567 6.89883113279939 6.48525446560234 6.50844344636425 6.49457787023857 6.07621996989474 6.01633502473123 5.60144351841882 5.78934598108754
7.68145923351403 7.63806954270694 7.42488630977459 7.25555893788114 6.91389201721177 6.77404094766825 6.71272163256072 6.85556097282097 6.61123995902017 6.55649483948946 6.45441551180556 6.31815036712214 6.04155602958053 6.06856999685988 6.24977873312309 8.10132385140873 7.83126296301165 7.39999983459711 -9999 -9999 -9999 -9999 -9999 -9999 -9999 -9999 -9999 -9999 -9999 -9999 -9999 -9999 -9999 -9999 -9999 -9999 -9999 -9999 -9999 -9999 -9999 -9999 -9999 -9999 -9999 -9999 -9999 -9999 7.49739371044561 7.28865376440808 6.94042786117643 5.87755973264575 6.35735647892579 6.3045238526538 6.67650379147381 6.55051829805598 6.70626696781255 6.33153781993315 5.79813149699476 6.66660663885996 5.96218755934387 5.86823632800952
7.77612764982041 7.64291054126807 7.81629000825342 7.1955066495575 6.96815901342779 4.30477308901027 6.80535802477971 6.7931658802554 6.54741049651057 6.70142596925143 6.68708226981107 6.6485335775651 5.71475874399766 6.10825423197821 11.0294253798202 16.0672760027461 8.35495337999115 7.61499982979149 -9999 -9999 -9999 -9999 -9999 -9999 -9999 -9999 -9999 -9999 -9999 -9999 -9999 -9999 -9999 -9999 -9999 -9999 -9999 -9999 -9999 -9999 -9999 -9999 -9999 -9999 -9999 -9999 -9999 -9999 7.80893886229023 7.72678858367726 7.7644081953913 7.33674427671358 6.34695729683153 6.4970641114749 6.84073915006593 6.62013305267319 6.1027558138594 6.11136203352362 6.28013956360519 7.35424359003082 5.71117281913757 5.87947222590446
7.67004403937608 7.9471762656467 7.17960904934444 7.31508529055864 7.05948056653142 6.91795606538653 7.01035339594819 6.69371623080224 6.72479424625635 6.26053650770336 5.93995482521132 6.40576646453701 6.22133039589971 6.28133487189189 8.52476915158331 6.69999985024333 -9999 -9999 -9999 -9999 -9999 -9999 -9999 -9999 -9999 -9999 -9999 -9999 -9999 -9999 -9999 -9999 -9999 -9999 -9999 -9999 -9999 -9999 -9999 -9999 -9999 -9999 -9999 -9999 -9999 -9999 -9999 -9999 12.9453019568877 7.88567765429616 5.927224791958 6.06316720340401 6.02924435422756 5.78982410440221 6.93062633322552 6.06331064039841 5.99553666054271 6.29089733818546 7.36571854958311 5.9392376402393 5.79317096760496 5.87995034921914
7.6321527666878 7.59952085046098 7.74959180585574 7.59091463079676 7.37575913919136 6.89667957788333 6.82448295736685 6.90582368627656 7.01124987716321 6.48095135577023 6.17303994111717 6.19551173690706 6.35424867738038 6.38030639803037 8.84818769907579 -9999 -9999 -9999 -9999 -9999 -9999 -9999 -9999 -9999 -9999 -9999 -9999 -9999 -9999 -9999 -9999 -9999 -9999 -9999 -9999 -9999 -9999 -9999 -9999 -9999 -9999 -9999 -9999 -9999 -9999 -9999 -9999 -9999 -9999 11.820613409169 5.86913280922454 5.91234320378862 7.31451154258102 6.64040548121557 5.68535416014493 5.59498885367066 7.34743033279665 6.23113192385063 6.99851984390989 6.44643085245043 5.98274686187506 5.83572394261137
7.84013640857302 7.82525482040364 7.25096895406023 7.57728811632842 7.37055954814423 7.17082353343721 6.94473097100854 6.97951444215141 7.07669300585985 6.96857737132814 6.18714457890019 6.54023864679039 6.15367594687268 8.47333902036771 15.755781998977 14.2481773493113 -9999 -9999 -9999 -9999 -9999 -9999 -9999 -9999 -9999 -9999 -9999 -9999 -9999 -9999 -9999 -9999 -9999 -9999 -9999 -9999 -9999 -9999 -9999 -9999 -9999 -9999 -9999 -9999 -9999 -9999 5.15602125401382 12.7752134435239 13.4349996997043 -9999 11.5949583295733 9.4726645603776 7.85268714558333 5.6483474155888 5.40242468868382 6.40284649715094 7.3267514994368 6.26039307070896 6.38915167935193 7.11757254926488 5.55482649523765 5.8237708597444
7.86667225253768 7.76465269026812 7.23590806964785 7.50772117404267 7.36267051345203 6.78216904401779 6.8315950416727 6.84016540208831 6.99654758523684 6.9752113323193 6.65886104116216 6.54669331153855 6.43965345446486 6.39723196337 14.7221624275609 -9999 -9999 -9999 -9999 -9999 -9999 -9999 -9999 -9999 -9999 -9999 -9999 -9999 -9999 -9999 -9999 -9999 -9999 -9999 -9999 -9999 -9999 -9999 -9999 -9999 -9999 -9999 -9999 -9999 -9999 -9999 -9999 -9999 12.0895768986084 9.14196745158457 8.21902522929013 8.51205597524173 8.21199681656435 6.48788414383307 5.42501601530239 6.47095857849345 5.99481947557069 6.67435223655775 6.30548009928316 6.04585913941264 6.01956235710531 5.5368968709372
7.96546448243316 7.24212367273867 7.51417583879083 7.28772468387615 7.25419628643431 6.84312976663932 7.05302590178326 6.90618227876257 7.10609758971259 6.7226426913403 6.99816125142388 6.0547044207342 6.00330616440624 15.7466748964944 11.024999753572 -9999 -9999 -9999 -9999 -9999 -9999 -9999 -9999 -9999 -9999 -9999 -9999 -9999 -9999 -9999 -9999 -9999 -9999 -9999 -9999 -9999 -9999 -9999 -9999 -9999 -9999 -9999 -9999 -9999 -9999 -9999 -9999 -9999 -9999 -9999 10.7193779337353 8.49251859561939 6.53844568436034 6.59797203703783 4.76735739596188 6.16412635646494 6.30664125590452 3.6248817355372 5.70615252433345 6.45919674495235 6.8278298205696 6.7120044475887
7.87886439706199 7.57782600505743 7.39476454094984 7.15271461289376 7.16813408979215 7.13872950593941 6.923215421848 6.83380636200309 6.62701802840456 6.66718038683757 6.35137993749231 5.79890844738111 6.44963427865878 7.46454663872719 15.8882666337304 -9999 -9999 -9999 -9999 -9999 -9999 -9999 -9999 -9999 -9999 -9999 -9999 -9999 -9999 -9999 -9999 -9999 -9999 -9999 -9999 -9999 -9999 -9999 -9999 -9999 -9999 -9999 -9999 -9999 -9999 -9999 -9999 -9999 -9999 -9999 -9999 7.88999982364476 8.12743385291678 11.8717630413733 4.92226934991777 5.369792772457 5.83840143317357 6.23738167860678 6.18798129470088 6.32723471010104 6.47676777676679 6.60908840410411
