EcologicalScience/Bass/data/rs_data_bass/sst_203.asc
NCOLS 226 
NROWS 124 
XLLCORNER -9.41648524995501 
YLLCORNER 47.587301625531 
CELLSIZE 0.0833 
NODATA_value -9999 
[rows 0 to 26 of 124, columns 0 to 61 of 226]
-9999.000000000000000 -9999 -9999 -9999 -9999 -9999 -9999 -9999 -9999 -9999 -9999 -9999 -9999 -9999 -9999 -9999 -9999 -9999 -9999 -9999 -9999 -9999 -9999 -9999 -9999 -9999 -9999 -9999 -9999 -9999 -9999 -9999 -9999 -9999 -9999 -9999 -9999 -9999 -9999 -9999 -9999 -9999 -9999 -9999 -9999 -9999 -9999 -9999 -9999 -9999 -9999 -9999 -9999 -9999 -9999 -9999 -9999 -9999 -9999 -9999 -9999 -9999
-9999 -9999 -9999 -9999 -9999 -9999 -9999 -9999 -9999 -9999 -9999 -9999 -9999 -9999 -9999 -9999 -9999 -9999 -9999 -9999 -9999 -9999 -9999 -9999 -9999 -9999 -9999 -9999 -9999 -9999 -9999 -9999 -9999 -9999 -9999 -9999 -9999 -9999 -9999 -9999 -9999 -9999 -9999 -9999 -9999 -9999 -9999 -9999 -9999 -9999 -9999 -9999 -9999 -9999 -9999 -9999 -9999 -9999 -9999 -9999 -9999 -9999
-9999 -9999 -9999 -9999 -9999 -9999 -9999 -9999 -9999 -9999 -9999 -9999 -9999 -9999 -9999 -9999 -9999 -9999 -9999 -9999 -9999 -9999 -9999 -9999 -9999 -9999 -9999 -9999 -9999 -9999 -9999 -9999 -9999 -9999 -9999 -9999 -9999 -9999 -9999 -9999 -9999 -9999 -9999 -9999 -9999 -9999 -9999 -9999 -9999 -9999 -9999 -9999 -9999 -9999 -9999 -9999 -9999 -9999 -9999 -9999 -9999 -9999
-9999 -9999 -9999 -9999 -9999 -9999 -9999 -9999 -9999 -9999 -9999 -9999 -9999 -9999 -9999 -9999 -9999 -9999 -9999 -9999 -9999 -9999 -9999 -9999 -9999 -9999 -9999 -9999 -9999 -9999 -9999 -9999 -9999 -9999 -9999 -9999 -9999 -9999 -9999 -9999 -9999 -9999 -9999 -9999 -9999 -9999 -9999 -9999 -9999 -9999 -9999 -9999 -9999 -9999 -9999 -9999 -9999 -9999 -9999 -9999 -9999 -9999
-9999 -9999 -9999 -9999 -9999 -9999 -9999 -9999 -9999 -9999 -9999 -9999 -9999 -9999 -9999 -9999 -9999 -9999 -9999 -9999 -9999 -9999 -9999 -9999 -9999 -9999 -9999 -9999 -9999 -9999 -9999 -9999 -9999 -9999 -9999 -9999 -9999 -9999 -9999 -9999 -9999 -9999 -9999 -9999 -9999 -9999 -9999 -9999 -9999 -9999 -9999 -9999 -9999 -9999 -9999 -9999 -9999 -9999 -9999 -9999 -9999 -9999
-9999 -9999 -9999 -9999 -9999 12.1263923938386 12.2296670298092 13.3742942451499 13.5550248580985 13.0027924296446 12.7316965102218 12.6255531343631 13.1218451349996 12.7740104235709 12.5703298915178 12.3781243190169 12.0926847001538 12.219626440201 11.864619879052 11.9255806016736 12.022400572896 12.2648090934381 12.619815654587 12.5201269434765 11.2474727739862 8.02768027875572 8.8474227017723 11.0886257393286 11.5956755145453 11.503158653155 11.1560411266983 10.300573927263 11.7808465706185 12.3104267303445 12.3249997245148 7.38303579296026 10.1619992412199 12.2299997266382 7.894999823533 12.1120486943983 10.4044312760234 12.2848902726546 10.7557945375144 12.5699997190386 -9999 -9999 -9999 -9999 -9999 -9999 -9999 -9999 -9999 -9999 -9999 -9999 -9999 -9999 -9999 -9999 -9999 -9999
-9999 -9999 -9999 -9999 -9999 12.2741324980743 12.1866359314881 12.1959593361244 11.7749717575498 12.7897884929553 13.137623204384 13.0702078170143 12.9511551116593 13.0300454585813 12.6363109089434 12.3558915848844 12.1493423129432 12.1959593361244 11.9384899311699 11.8258918905631 11.8115481911227 12.0403301971965 12.459166220855 13.7479476155713 13.1096529904753 10.1778008248657 11.7262031794526 11.7061220002361 11.6781517863274 11.8266090755351 11.7900326419622 12.1550797927193 11.0644008247182 11.4231526851654 10.9448859334923 11.112253865961 12.0099997315556 -9999 7.4651415122052 8.09969013235241 11.5088884212647 12.3279213709757 10.6269976790063 9.48933585104533 10.0300383085996 11.4181915131368 -9999 -9999 -9999 -9999 -9999 -9999 -9999 -9999 -9999 -9999 -9999 -9999 -9999 -9999 -9999 -9999
-9999 -9999 -9999 -9999 -9999 11.9951475439593 11.8050935263745 11.7140110349283 12.4096804577857 12.6327249840833 13.2796258288436 13.175634007901 13.0379344932735 13.0113986493088 12.7015747413971 12.3530228449963 12.2770012379624 12.102725289762 12.182332821656 11.9191259369254 11.8696401738562 12.2325357696973 12.5868251458742 11.46586503461 12.2328900590012 8.3661353357465 11.8997619426809 11.7749717575498 11.9793694745749 11.8811151334085 11.9549851855263 11.904065052513 11.8180028558709 11.8452558848076 10.3403627518564 12.9727400658172 10.5841804779576 12.3099997248501 12.0549997305498 8.61049086647108 8.96712884232402 8.35471662599593 9.99922176683322 10.4113640640862 9.25444147305097 9.80999978072941 -9999 -9999 -9999 -9999 -9999 -9999 -9999 -9999 -9999 -9999 -9999 -9999 -9999 -9999 -9999 -9999
-9999 -9999 -9999 -9999 -9999 11.9772179196589 12.0596941914409 11.9363383762538 12.3157292264514 12.817041521892 13.2724539791234 13.2229682160541 13.218665106222 13.0128330192529 12.7051606662571 12.4383678566664 12.4713583653793 12.1708578621037 12.0683004111052 11.7878810870461 11.8983275727369 12.1278267637827 12.5452284174971 11.0588436897011 11.4892727313563 11.8000732315704 11.901196312625 11.8488418096676 11.8825495033525 11.9392071161419 11.9126712721772 11.9929959890433 11.823023150675 12.1730094170198 12.1658375672996 10.8474125270732 11.0018463577144 9.670664492842 12.4687522014099 12.5513171715453 9.45973929343745 11.8670259189582 8.99272437710315 6.29999985918403 8.5917542279698 8.79709225418046 9.33499979134649 -9999 -9999 -9999 -9999 -9999 -9999 -9999 -9999 -9999 -9999 -9999 -9999 -9999 -9999 -9999
-9999 -9999 -9999 -9999 -9999 12.6140781748109 13.05801567249 13.2200994761661 12.8084353022277 12.3845789837651 13.0343485684134 12.818475891836 12.7603839091025 12.9482863717712 12.6936857067049 12.6234015794471 12.4584490358829 12.4096804577857 12.0417645671405 11.901913497597 11.94207585603 12.1995452609845 12.5739158163778 12.6800591922365 11.7822631380986 11.9972990988754 12.1895046713762 12.0948362550698 12.0396130122244 12.2016968159005 12.2260811049491 12.3085573767312 12.0934018851258 11.543321011588 12.0790581856854 11.941358671058 12.1536454227753 12.1385845383629 12.3558915848844 12.4878536197357 12.7161575024948 12.8329578705692 10.857268921634 11.0829807995488 12.100002914154 12.8330365333497 12.0949997296557 -9999 -9999 -9999 -9999 -9999 -9999 -9999 -9999 -9999 -9999 -9999 -9999 -9999 -9999 -9999
-9999 -9999 -9999 -9999 -9999 13.1146732852794 13.1218451349996 13.3075960427523 13.1942808171734 13.0709250019863 12.8937803138979 12.6370280939154 12.7087465911172 12.8421429959126 12.7560807992704 12.8672444699332 12.6936857067049 12.2683950182982 11.8151341159828 11.9585711103864 11.9578539254144 12.0711691509932 12.698706001509 12.6771904523484 11.7547312038951 12.6169469146989 11.6049989191815 12.1443220181391 12.3731040242128 12.3229010761715 12.1349986135028 11.9643085901625 12.1880703014322 11.224890884012 9.47997984709218 10.2160165383747 11.384823132772 12.0137943532318 12.2117374055088 12.5316019030288 8.59497359162197 11.7900326419622 10.5953618530184 12.0105157933597 11.9473596065381 12.039999730885 -9999 -9999 -9999 -9999 -9999 -9999 -9999 -9999 -9999 -9999 -9999 -9999 -9999 -9999 -9999 -9999
-9999 -9999 -9999 -9999 -9999 13.6088137309998 12.8636585450731 13.0429547880776 13.0788140366785 13.1304513546638 12.7847681981511 12.7826166432351 12.9611957012676 12.9181646029465 12.8428601808846 12.7223731055856 12.9325083023869 12.8335367762484 11.7132938499562 11.8997619426809 12.1378673533909 12.9647816261277 10.218202244956 10.6861654391978 12.4749442902394 12.419003862422 12.261223168578 12.3487197351642 12.4326303768903 12.6363109089434 12.3401135155 12.0503707868047 11.7591936881654 11.7771233124658 12.0109256133437 12.142170463223 10.270317686256 10.5706747525372 9.81179742747918 12.3652149895206 12.101290919818 12.1529282378033 10.5288975711672 10.428815565072 9.68213038453832 13.3721581135666 12.2549997260794 -9999 -9999 -9999 -9999 -9999 -9999 -9999 -9999 -9999 -9999 -9999 -9999 -9999 -9999 -9999
-9999 -9999 -9999 -9999 -9999 12.9023865335621 13.0651875222102 13.2351603605784 13.0278939036652 13.2337259906344 13.0845515164547 12.9848628053442 12.8672444699332 12.857921065297 12.9152958630584 12.8306680363603 12.6685842326842 12.5337534579448 11.9155400120653 11.9894100641832 12.0338755324483 10.8749046176672 9.88734091119841 12.9819940654561 12.9081240133382 12.6155125447549 12.6147953597829 12.6470686835237 12.8012634525076 12.7704244987108 12.2375560645014 12.1070283995941 12.0553910816088 11.9392071161419 11.5476241214201 11.6838892661035 11.7089907401241 11.8509933645837 9.26984465029091 8.73482466116548 12.3250526310876 12.0366247415077 13.6891384478658 8.88471632031724 10.9627622884753 12.1299997288734 -9999 -9999 -9999 -9999 -9999 -9999 -9999 -9999 -9999 -9999 -9999 -9999 -9999 -9999 -9999 -9999
-9999 -9999 -9999 -9999 -9999 12.8464461057447 12.8041321923956 13.0035096146166 12.8543351404369 13.2502212449908 13.1677449732088 12.6140781748109 12.9676503660157 12.9454176318832 12.5760673712939 12.5531174521893 12.7524948744103 12.50004576426 12.4405194115825 12.4505600011908 11.6315347631462 9.41901912447065 13.0788140366785 12.9432660769671 12.7926572328433 12.6649983078241 12.6771904523484 12.7524948744103 12.6076235100627 12.420438232366 12.0496536018327 11.9506820756942 11.9356211912818 11.8258918905631 11.6193426186219 11.2177190342918 11.5598162659444 11.4845118438825 11.8983275727369 11.8502761796117 11.7900326419622 12.5301675330848 11.3453965874921 13.3987397462692 11.8749997345731 -9999 -9999 -9999 -9999 -9999 -9999 -9999 -9999 -9999 -9999 -9999 -9999 -9999 -9999 -9999 -9999 -9999
-9999 -9999 -9999 -9999 -9999 12.7682729437947 12.9095583832823 13.020004868973 13.1691793431528 12.8701132098213 13.0013580597006 13.0902889962308 12.8385570710525 12.7654042039067 12.8392742560245 12.7496261345223 12.900234978646 13.0372173083015 12.6054719551466 12.8858912792057 13.0673390771262 12.4426709664986 13.1268654298037 13.0924405511469 12.7933744178154 12.5351878278889 12.7596667241305 12.5739158163778 12.1909390413202 12.2354045095854 12.2189092552289 12.0998565498739 12.0833612955175 12.3429822553881 12.1536454227753 12.6721701575443 11.4809259190224 11.6803033412434 10.9934418463235 11.8218326236214 12.6163608280551 8.46371280429885 12.7595841931716 12.7124073526701 12.9291922858496 11.8373266465056 -9999 -9999 -9999 -9999 -9999 -9999 -9999 -9999 -9999 -9999 -9999 -9999 -9999 -9999 -9999 -9999
-9999 -9999 -9999 -9999 -9999 12.9031037185341 12.8077181172557 12.8701132098213 12.7166356258094 12.9812768804841 13.1254310598597 13.0207220539451 12.9654988110997 13.0924405511469 12.899517793674 12.5287331631407 12.6126438048668 12.5430768625811 12.8335367762484 12.6807763772085 13.1225623199716 13.334849071689 13.2911007883959 13.1440778691322 13.1239966899157 13.1921292622574 12.501480134204 11.8488418096676 11.9470961508341 12.2691122032702 12.1959593361244 12.1923734112643 12.4448225214146 12.6850794870406 9.7979318513535 12.0188146480359 11.2700735372491 11.3202764852904 10.1285541234538 12.608780785813 10.7163811251022 12.1194036551751 12.2788628670387 -9999 -9999 -9999 -9999 13.2249997043982 13.2249997043982 -9999 -9999 -9999 -9999 -9999 -9999 -9999 -9999 -9999 -9999 -9999 -9999 -9999
-9999 -9999 -9999 -9999 -9999 12.7417370998301 12.6965544465929 12.7496261345223 12.540208122693 12.7431714697741 13.058732857462 13.2674336843193 13.1799371177331 12.9461348168552 12.7962431577034 12.7567979842424 12.7417370998301 12.8643757300451 12.7517776894383 12.8837397242896 13.0508438227698 13.3929410544224 13.4309518579394 13.4632251816802 13.5959044015035 12.8364055161364 11.3740653581917 11.2765282019973 11.705404815264 11.8165684859268 13.0264595337212 9.60763877211139 12.3286385559477 11.9958647289313 11.4952696184628 11.5971098844893 10.123772890307 10.3118592465583 10.3787919132737 -9999 -9999 -9999 -9999 -9999 -9999 -9999 -9999 -9999 -9999 -9999 -9999 -9999 -9999 -9999 -9999 -9999 -9999 -9999 -9999 -9999 -9999 -9999
-9999 -9999 -9999 -9999 -9999 12.8026978224516 12.7560807992704 12.6829279321246 13.0049439845607 12.7546464293264 13.1476637939923 12.7438886547461 13.0372173083015 13.1612903084606 12.8823053543456 13.1412091292441 13.1899777073413 13.1684621581808 13.4711142163724 13.178502747789 13.2452009501867 13.6210058755241 13.4897610256448 12.8328195912763 12.6047547701746 12.0202490179799 11.5418866416439 11.6444440926425 11.5261085722595 11.4149449015968 11.1402630573139 12.180898451712 11.1660817163065 11.6494643874466 12.02383494284 12.3372447756119 12.6097750649787 11.7577593182214 11.4217234563323 12.4877294332255 11.6199997402728 -9999 -9999 -9999 -9999 -9999 -9999 -9999 -9999 -9999 -9999 -9999 -9999 -9999 -9999 -9999 -9999 -9999 -9999 -9999 -9999 -9999
-9999 -9999 -9999 -9999 -9999 12.6793420072645 12.8399914409965 12.6700186026283 12.7897884929553 12.7166356258094 12.9346598573029 12.8471632907167 13.0128330192529 13.1326029095799 13.256675909739 13.099612400867 13.4539017770439 13.4531845920719 13.6504104593769 13.1132389153354 13.4718314013444 13.8462019567378 13.7909787138924 13.2609790195711 13.2860804935917 12.0912503302097 11.4565416299738 11.8316293703392 11.9542680005543 12.1106143244542 12.3064058218151 12.223212365061 11.702536075376 11.7262031794526 12.3530228449963 12.6413312037475 12.7575151692145 12.7718588686548 11.6994128504978 9.6594699238729 13.0139695418861 -9999 12.9439909736055 11.6555949045767 10.8990839967238 12.0949997296557 -9999 -9999 -9999 -9999 -9999 -9999 -9999 -9999 -9999 -9999 -9999 -9999 -9999 -9999 -9999 -9999
-9999 -9999 -9999 -9999 -9999 13.1110873604193 13.2523727999069 12.9274880075827 13.0508438227698 13.1082186205313 12.9884487302043 13.4209112683311 13.2244025859982 12.9913174700923 13.4388408926316 13.4044160139747 13.2387462854385 13.2867976785637 13.1598559385166 13.1082186205313 13.3484755861573 13.4058503839187 13.6037934361957 13.378597354982 13.0329141984694 12.9490035567433 12.5359050128609 12.4025086080655 12.4849848798476 12.6033204002306 12.4412365965545 12.4627521457151 12.2755668680184 11.7663655378856 11.423551121261 8.50783561752178 10.308328489773 11.7517827767879 12.5151066486724 12.7735323002562 11.9363383762538 13.2502212449908 11.9478133358061 11.4020355721004 10.5232150370139 12.2578200555735 11.4849997432902 -9999 -9999 -9999 -9999 -9999 -9999 -9999 -9999 -9999 -9999 -9999 -9999 -9999 -9999 -9999
-9999 -9999 -9999 -9999 -9999 12.9647816261277 13.0831171465106 12.9346598573029 13.1153904702514 13.3190710023046 13.3872035746463 13.0666218921542 13.4374065226875 13.3326975167729 13.2437665802427 13.3570818058215 13.3577989907935 13.3506271410733 13.2803430138156 13.2781914588995 13.378597354982 13.9279610435478 13.892818979919 13.3527786959894 12.8026978224516 13.0113986493088 13.1569871986285 12.8435773658566 12.2418591743335 12.2260811049491 12.3573259548284 12.02383494284 12.1450392031111 12.1163518042304 11.9162571970373 11.4199651964009 11.9162571970373 12.3207495212555 12.2676778333262 11.4701681444421 11.504593023099 12.2052827407606 12.2698293882422 9.49229152244516 13.7202776186276 11.6821974451439 -9999 -9999 -9999 -9999 -9999 -9999 -9999 -9999 -9999 -9999 -9999 -9999 -9999 -9999 -9999 -9999
-9999 -9999 -9999 -9999 -9999 12.8242133716121 13.0852687014267 13.1906948923133 13.0465407129377 13.0486922678538 13.0780968517065 13.0013580597006 13.3950926093385 13.2688680542633 13.6095309159718 13.4008300891146 13.5335093089379 13.3592333607376 13.378597354982 13.7974333786406 13.53422649391 13.7536850953475 13.6769463033415 13.0529953776859 13.7802209393121 13.3484755861573 12.5896938857622 12.2461622841656 12.6563920881599 12.6965544465929 12.5638752267696 12.0883815903217 11.4794915490784 11.2743766470812 11.7154454048723 12.0790581856854 11.9607226653025 12.0180974630639 12.0331583474763 10.5973540334962 11.8653370640241 11.0735648549162 9.69967751018703 10.6053865051828 6.03032013168558 10.4595110818744 10.9508710566263 -9999 -9999 8.75485461288398 -9999 -9999 -9999 -9999 10.9150669761002 -9999 -9999 -9999 -9999 -9999 -9999 -9999
-9999 -9999 -9999 -9999 -9999 12.9619128862396 12.8851740942337 12.7869197530672 13.059450042434 13.0780968517065 13.096026476007 13.4747001412325 13.2294228808023 13.4115878636949 13.6790978582576 13.5887325517833 13.6776634883136 13.8318582572974 13.972426511813 13.5571764130145 13.5980559564196 13.8067567832768 13.5908841066994 13.4503158521838 13.3570818058215 13.0651875222102 12.9325083023869 12.4756614752114 12.3989226832055 12.5136722787283 12.101290919818 12.2777184229344 11.5175023525953 11.2844172366895 11.3640247685835 11.0362712363712 10.6152836577967 8.42751090065576 7.55505538219586 10.3155003394932 12.6857966720127 11.0246528398246 8.80538745015731 10.5977126259822 10.5302972386125 10.5313730160706 11.2048097047955 8.08339658626937 8.79331109563354 9.0663792737294 -9999 -9999 -9999 9.87603447051933 9.82000390469997 -9999 -9999 -9999 -9999 -9999 -9999 -9999
-9999 -9999 -9999 -9999 -9999 13.0924405511469 12.8658100999892 12.9633472561836 13.2272713258862 13.2036042218097 13.3922238694504 13.3068788577802 13.4675282915123 13.455336146988 13.7615741300397 13.7680287947878 13.6367839449085 14.0190435349941 13.8756065405905 13.536378048826 13.9193548238836 13.456770516932 13.1404919442721 13.1318857246079 13.0307626435533 12.940397337079 12.7295449553058 12.1536454227753 12.1579485326074 12.2397076194175 12.0783410007134 11.9865413242951 12.2189092552289 11.1703848261386 11.0534836756997 11.0068666525185 11.5547959711403 7.91364786820486 12.4562974809669 11.3077257482801 11.0470290109515 9.03036463505123 10.3766044991091 10.5277870912105 10.5224082039203 9.70937730977312 -9999 13.5856446720427 12.2338464870599 10.2650052284142 7.73861984495275 8.04982027345225 -9999 13.5595328779226 11.3549404256046 -9999 -9999 -9999 -9999 -9999 -9999 -9999
-9999 -9999 -9999 -9999 -9999 13.1921292622574 13.4711142163724 13.1577043836005 13.1562700136565 13.0608844123781 13.1978667420335 13.337000626605 13.7852412341163 13.4539017770439 13.9365672632121 13.4911953955889 13.6188543206081 13.9028595695272 13.5808435170911 13.8232520376332 13.6647541588172 13.5005188002251 12.8270821115002 13.2538071698509 13.3319803318009 13.0537125626579 12.3480025501922 11.8968932027929 11.6989501505159 11.4271370461211 11.6760002314113 11.3159733754583 10.5579088600352 10.7185582937673 10.905026386492 10.0372325703502 9.52133751381189 11.1589098665863 8.67240867971723 7.4969633994624 12.6503411083661 12.6473149859023 9.31048513203859 9.50651569105685 11.104403808713 8.73295699196751 -9999 9.4792186064096 12.7615792173892 12.3233752173725 8.99307101650629 9.43147100625509 11.7736857707034 10.2423474723473 10.776573194068 -9999 -9999 -9999 -9999 -9999 -9999 -9999
-9999 -9999 -9999 -9999 -9999 13.1720480830409 13.096743660979 13.2215338461101 12.9827112504281 13.0601672274061 13.3671223954298 13.215796366334 13.3872035746463 13.4617908117361 13.5693685575388 13.9050111244433 13.5112765748054 13.4402752625756 13.4797204360366 13.1885433373973 12.978408140596 12.8615069901571 13.1146732852794 12.4799645850435 12.8765678745694 11.7541733933613 11.5741599653848 10.3721579522826 10.7450941377319 10.6396679468453 10.5514541952871 10.4015625361353 10.4783013281412 10.5844447039999 11.1036866237409 9.83665983984247 8.83185284737978 8.68948794034929 7.8349998248741 9.87753808399936 10.002389333793 10.4445936344564 11.4049043119885 12.4577318509109 11.5041148997843 10.8249305584468 8.54847609926946 -9999 11.0039979126304 12.3558915848844 12.3733430858701 12.8813123289997 10.4876247327775 8.55481123318896 12.4284993914515 -9999 -9999 -9999 -9999 -9999 -9999 -9999
-9999 -9999 -9999 -9999 -9999 13.1519669038244 13.1239966899157 13.3205053722486 12.9145786780864 13.0874202563427 13.2638477594592 13.3879207596183 13.4123050486669 13.6188543206081 13.8325754422694 13.6475417194888 13.4825891759247 13.3341318867169 12.9267708226107 13.1096529904753 12.9210333428346 12.8457289207727 12.8658100999892 11.8667714339681 11.704687630292 11.6308175781742 10.6088289930485 10.3764610621147 10.5163121316582 10.7615893920884 10.5600604149513 10.2882473105565 10.4037140910514 10.6934568197466 10.3140659695491 11.6374361709159 10.7001983584836 10.7988830106333 -9999 10.5343027929775 9.21294797584414 12.2425763593055 10.4653919986449 10.7582425288856 11.8474074397236 12.0959120325278 -9999 11.5304116820917 11.1352427625097 12.342623662902 11.2464064331725 11.7348093991168 11.7677999078296 11.2378002135083 12.7299997154623 -9999 -9999 -9999 -9999 -9999 -9999 -9999
