EcologicalScience/Bass/data/rs_data_bass/sst_333.asc
NCOLS 226 
NROWS 124 
XLLCORNER -9.41648524995501 
YLLCORNER 47.587301625531 
CELLSIZE 0.0833 
NODATA_value -9999 
[rows 27 to 53 of 124, columns 62 to 123 of 226]
-9999 -9999 -9999 -9999 -9999 -9999 -9999 -9999 -9999 -9999 -9999 -9999 -9999 -9999 -9999 -9999 -9999 -9999 -9999 -9999 -9999 -9999 -9999 -9999 -9999 -9999 -9999 -9999 12.5299997199327 8.87359995325096 11.7981937123334 6.34532370883971 6.89381083799526 6.39034698763862 5.41985228350386 5.4574327760376 7.02266507130116 6.68654438108206 6.6922818608582 6.57968382025138 5.94210638012737 5.61793877277523 5.52972502121702 5.4135410557501 5.66885890578851 7.8314584704116 6.15511031681672 5.93206579051912 5.99087495822459 5.88831750722602 5.4651783737354 6.02745139179751 6.05757316062227 6.19527267524973 6.23686940362677 6.36237677372992 6.30500197596848 6.45202489523217 6.42405468132347 6.08124026469886 6.25766776781529 6.96821877884213
-9999 -9999 -9999 -9999 -9999 -9999 -9999 -9999 -9999 -9999 -9999 -9999 -9999 -9999 -9999 -9999 -9999 -9999 -9999 -9999 -9999 -9999 -9999 -9999 -9999 -9999 -9999 -9999 -9999 -9999 9.78499978128821 12.8772150902759 7.4530102061773 5.53438672353514 6.9791558496654 7.14482557820156 6.76471754303202 6.48860132880509 6.85508284950629 6.06402782537043 6.30069886613637 6.42333749635145 6.31289101066068 6.1701712012291 6.20280311745591 5.04490798013285 6.08984648436308 5.78647724119946 5.79149753600359 5.97724844375625 5.92417675582692 5.15678883576766 6.40253913216293 6.31719412049279 6.26268806261942 5.99087495822459 5.79006316605955 5.91843927605078 5.93995482521132 6.12140262313187 6.2978301262483 6.20244452496991
-9999 -9999 -9999 -9999 -9999 -9999 -9999 -9999 -9999 -9999 -9999 -9999 -9999 -9999 -9999 -9999 -9999 -9999 -9999 -9999 -9999 -9999 -9999 -9999 -9999 -9999 -9999 -9999 -9999 -9999 -9999 13.3849997008219 4.48167871544138 5.37983336206526 6.17877742089331 5.95214696973562 5.60718099819496 6.04609820106998 6.52804650226608 6.50437939818949 6.68726156605408 6.60478529427201 5.89477217197418 6.02888576174155 6.18738364055753 6.64250922380015 4.88999602617696 6.09199803927913 5.98011718364432 6.06187627045438 5.69969785958529 6.06259345542639 6.09988707397133 6.40971098188311 6.43266090098768 6.37170017836615 5.74990080762655 5.68176823528484 6.00521865766495 6.03032013168558 5.44007689971477 5.99589525302872
-9999 -9999 -9999 -9999 -9999 -9999 -9999 -9999 -9999 -9999 -9999 -9999 -9999 -9999 -9999 -9999 -9999 -9999 -9999 -9999 -9999 -9999 -9999 -9999 -9999 -9999 -9999 -9999 -9999 -9999 -9999 8.39406400150619 6.74965665861964 6.07263404503465 6.81276893615723 5.9829859235324 5.50175480730832 5.53402813104913 5.64590898668393 5.42358164535835 6.33835107716732 6.26699117245153 5.87469099275768 5.84170048404485 6.00521865766495 6.03032013168558 5.8237708597444 6.12785728788003 6.39465009747073 6.22109133424237 6.18523208564147 6.15582750178874 5.71906185382977 6.60012359195389 6.33512374479324 6.31002227077261 5.01167840976268 5.65523239132017 5.70543533936143 5.66096987109631 5.66527298092842 6.5766357841203
-9999 -9999 -9999 -9999 -9999 -9999 -9999 -9999 -9999 -9999 -9999 -9999 -9999 -9999 -9999 -9999 -9999 -9999 -9999 -9999 -9999 -9999 -9999 -9999 -9999 -9999 -9999 -9999 -9999 -9999 -9999 9.41499978955835 12.3259002133273 6.51370280282572 7.1037069731392 7.80033264262602 6.86010314431041 6.49935910338536 6.73531295917928 6.38460950786248 6.22647022153251 6.19204534287564 6.69873652560636 5.98800621833652 6.10490736877546 6.59402751969174 6.35018462920561 5.68750571506098 6.01597643224522 6.1701712012291 6.23184910882264 6.30643634591252 6.21391948452219 5.86465040314943 4.91868342505768 6.17519149603322 5.74362543912139 5.98513747844845 6.08410900458694 6.13502913760021 5.96218755934387 6.14506972720847
-9999 -9999 -9999 -9999 -9999 -9999 -9999 -9999 -9999 -9999 -9999 -9999 -9999 -9999 -9999 -9999 -9999 -9999 -9999 -9999 -9999 -9999 -9999 -9999 -9999 -9999 -9999 -9999 -9999 -9999 -9999 -9999 9.93646808178164 5.90122683672234 7.48261970002204 6.16084779659286 5.59355448372662 6.81492049107328 6.95190282072872 7.48763999482617 6.40971098188311 5.8797112875618 5.80082094063982 6.34086122456938 6.18738364055753 6.18308053072542 6.11423077341169 6.07980589475483 6.23328347876668 6.12570573296398 6.13359476765618 6.15582750178874 5.91485335119069 5.71565522521269 5.8438520389609 5.95860163448378 5.94354075007141 6.00019836286083 6.01525924727321 5.9951780680567 6.3338686710922 6.55458234623075
-9999 -9999 -9999 -9999 -9999 -9999 -9999 -9999 -9999 -9999 -9999 -9999 -9999 -9999 -9999 -9999 -9999 -9999 -9999 -9999 -9999 -9999 -9999 -9999 -9999 -9999 -9999 -9999 -9999 -9999 -9999 -9999 10.3400255600865 5.14115420337766 5.57616274815518 7.48634906187654 7.43184300400317 7.49093904569745 5.92776268068701 6.05255286581814 5.81301308516413 5.82663959963247 5.86034729331732 5.75348673248664 5.61698252614588 5.90624713152647 5.85765784967225 7.35998106980696 6.22324288915843 6.39895320730284 6.19240393536165 6.27918331697583 7.27965635294095 5.95501570962369 6.11925106821582 6.18164616078138 6.14148380234838 5.98011718364432 6.06259345542639 6.43266090098768 5.99015777325258 6.22682881401852
-9999 -9999 -9999 -9999 -9999 -9999 -9999 -9999 -9999 -9999 -9999 -9999 -9999 -9999 -9999 -9999 -9999 -9999 -9999 -9999 -9999 -9999 -9999 -9999 -9999 -9999 -9999 -9999 -9999 -9999 -9999 -9999 -9999 8.51788038308458 5.67445294857025 5.6404583808966 6.13269828644115 7.57628405736759 7.5804437302053 5.86823632800952 5.77500228164718 5.79221472097561 5.97939999867231 5.77428509667516 5.56773582473397 5.0762250572443 6.46493422472849 6.50868250802159 7.17494734702632 7.19502852624282 6.35018462920561 7.07023834111169 6.79483931185678 6.67722097644582 6.60765403416008 6.70375682041049 6.60478529427201 6.26268806261942 6.23615221865475 6.40971098188311 6.62988676829264 6.1386150624603
-9999 -9999 -9999 -9999 -9999 -9999 -9999 13.9065351425088 11.4603666164912 8.04163278639317 7.06722616422921 8.20489859573597 17.0433844370932 8.30476586189201 8.41999981179833 -9999 -9999 -9999 -9999 -9999 -9999 -9999 -9999 -9999 -9999 -9999 -9999 -9999 -9999 -9999 -9999 -9999 -9999 -9999 4.42717265756801 4.09033478237689 6.15116579947062 7.68457898814231 7.61214330596849 5.53617968596518 6.20029297005385 5.93995482521132 5.84815514879301 5.83524581929669 5.99625384551473 6.06940671266057 6.39465009747073 6.35663929395378 6.39178135758266 6.86727499403059 6.75324258347973 6.86512343911454 7.20148319099098 7.36571854958311 6.71523177996278 6.81850641593337 4.6471093823202 4.28469190979376 4.36286507174373 4.18285164376721 6.04968412593007 6.26340524759144
-9999 -9999 -9999 -9999 16.7299996260554 15.9462705411164 12.5920680153248 11.0499529189144 6.97736288723536 7.0627078989055 13.2149104319568 13.6901866412865 19.7799995578825 -9999 -9999 -9999 -9999 -9999 -9999 -9999 -9999 -9999 -9999 -9999 -9999 -9999 -9999 -9999 -9999 -9999 -9999 -9999 -9999 -9999 6.75805796829185 7.27922604195774 6.21965696429834 6.25049591809511 6.18594927061349 6.14865565206856 6.04466383112594 5.95071259979159 5.89405498700216 5.81516464008018 6.39142276509665 6.26842554239556 5.19886368745938 5.01645964290947 5.21308785607107 6.93971067620441 7.12976469378918 6.68511001113802 6.84719381481409 5.14698730781674 4.89668975258246 5.57383189699613 4.97032074304298 4.56989246699959 4.28182316990569 4.38222906598821 4.39011810068041 6.13000884279609
8.93068787702359 7.65833001816645 11.2726928214947 7.03718263376504 7.27033294830471 7.23519088467583 6.9669637051411 7.09510075347498 7.54501479258761 15.6844660748701 -9999 -9999 -9999 -9999 -9999 -9999 -9999 -9999 -9999 -9999 -9999 -9999 -9999 -9999 -9999 -9999 -9999 -9999 -9999 -9999 -9999 -9999 -9999 -9999 13.3399997018278 7.3456373703666 7.05278684012592 7.66578874187544 6.10347299883142 5.98872340330854 6.04538101609796 5.89046906214207 5.85891292337328 5.77715383656323 5.74798831436783 5.20316679729149 5.09511092817411 4.93876460427418 4.51514734746888 4.31744335684925 4.87947731325403 6.7001708955504 6.47640918428078 6.5847041150555 5.77912609523628 5.0707266391255 5.03988768532872 5.96559418796096 6.36219747748692 6.86512343911454 6.62988676829264 6.54525894159451
7.38508254382759 7.27822198299691 7.18140201177448 7.00784324854612 7.09103670530021 7.06593523127958 7.27822198299691 7.41090120282024 6.76930752685294 14.2649996811524 -9999 -9999 -9999 -9999 -9999 -9999 -9999 -9999 -9999 -9999 -9999 -9999 -9999 -9999 -9999 -9999 -9999 -9999 -9999 -9999 -9999 -9999 -9999 -9999 -9999 6.86409888915451 7.18068482680246 6.45847955998033 6.06976530514657 6.16013061162084 6.02529983688146 5.92776268068701 5.83094270946458 5.79508346086368 5.86943163629621 5.67842137208208 4.83262122841552 5.22898545628414 4.50391144957393 5.38294116361067 5.22181360656396 4.42526016430929 5.80512405047193 6.13502913760021 5.90535065031145 6.79684742977843 6.26232947013341 4.35569322202355 4.466617831029 6.02440335566644 6.43266090098768 6.5805803014664
7.1304818787612 7.08386485558003 6.99421673407778 7.04872279195115 7.30619219690561 7.34492018539459 7.281807907857 6.98453473695554 7.68016197246171 -9999 -9999 -9999 -9999 -9999 -9999 -9999 -9999 -9999 -9999 -9999 -9999 -9999 -9999 -9999 -9999 -9999 -9999 -9999 -9999 -9999 -9999 -9999 -9999 -9999 -9999 -9999 12.5613553876787 7.42667927220464 6.30518127221148 6.2899410915561 4.58232367318124 5.85532699851319 5.76352732209489 5.79006316605955 5.3855708418414 5.01371043385006 4.5452093508793 5.81659901002422 5.53307188441977 5.72814619680867 3.56631162948906 6.12498854799196 6.06259345542639 4.93589586438611 5.87612536270171 6.15349665062968 6.59044159483165 6.48035370162688 6.61805321625434 6.52948087221012 6.29998168116435 6.65839487093035
7.1304818787612 7.16920986725017 7.2301705898717 7.31910152640194 7.28395946277305 7.36787010449916 7.18570512160659 7.44620264088735 12.7897884929553 -9999 -9999 -9999 -9999 -9999 -9999 -9999 -9999 -9999 -9999 -9999 -9999 -9999 -9999 -9999 -9999 -9999 -9999 -9999 -9999 -9999 -9999 -9999 -9999 -9999 -9999 -9999 -9999 -9999 -9999 -9999 6.80857196970098 7.45772313599342 5.14746543113142 5.79006316605955 5.18356374138966 5.99069566198159 6.00569678097963 5.56701863976195 5.11471398407593 5.28038371261209 5.2330495044589 6.44252219435293 5.28253526752815 6.45166630274616 6.68259986373596 5.13814202649519 5.30524612497538 6.59080018731765 6.65588472352829 6.34014403959736 6.40325631713495 6.34803307428956
7.33989989059046 7.25312050897628 7.25670643383637 7.25312050897628 7.24666584422812 7.21654407540336 7.16992705222219 5.9829859235324 15.5949996514246 -9999 -9999 -9999 -9999 -9999 -9999 -9999 -9999 -9999 -9999 -9999 -9999 -9999 -9999 -9999 -9999 -9999 -9999 -9999 -9999 -9999 -9999 -9999 -9999 -9999 -9999 -9999 -9999 -9999 -9999 -9999 -9999 -9999 -9999 11.6668586483173 4.01376149459527 6.67937253136188 6.28621172970161 6.69484323575827 5.20029805740342 7.16992705222219 4.99613940203562 6.47120959323365 6.65480894607026 6.94473097100854 6.52679142856505 4.95741141354665 5.24500258732587 6.61966688244138 5.76496169203892 6.55637530866079 6.40684224199504 6.46565140970051
8.03987242328003 7.43815423175693 7.42022460745648 7.34707174031064 7.37432476924732 7.57298500649631 7.3413342605345 7.25527206389233 9.36754118092358 15.3599996566772 -9999 -9999 -9999 -9999 -9999 16.1899624452926 -9999 -9999 -9999 -9999 -9999 -9999 -9999 -9999 -9999 -9999 -9999 -9999 -9999 -9999 -9999 -9999 -9999 -9999 -9999 -9999 -9999 -9999 -9999 -9999 -9999 -9999 -9999 -9999 5.63867261013477 6.96158481785096 6.43825494376942 8.3253120421432 7.12976469378918 6.06940671266057 7.15988646261394 4.4866990102455 4.5450300546363 5.07455162564293 5.20962146203965 5.32652261247858 5.3205460710451 6.63365198939573 6.24451937666163 6.15224157692865 6.39967039227486 6.3853266928345
8.3375041866675 8.02481153886765 7.03007598267868 7.72287666564807 7.69920956157148 7.58804589090869 7.00712606357411 7.26531265350059 7.03509627748281 7.30906093679368 14.7149996710941 -9999 -9999 -9999 -9999 -9999 -9999 -9999 -9999 -9999 -9999 -9999 -9999 -9999 -9999 -9999 -9999 -9999 -9999 -9999 -9999 -9999 -9999 -9999 -9999 -9999 -9999 -9999 -9999 -9999 -9999 -9999 -9999 -9999 -9999 10.9849997544661 7.10000151745044 5.95035400730558 6.28223135310691 6.72096925973892 6.44162571313791 6.62988676829264 6.43642612209078 6.34641940810252 5.10754213435575 5.23830886092037 6.51029617420863 6.63687932176981 6.07980589475483 6.11136203352362 6.27990050194785 6.34229559451342
8.37981810001656 8.20912807667628 7.9150822381489 7.65115816844627 7.26459546852857 7.29686879226938 7.32627337612212 7.33703115070239 7.38436535885558 6.78350778929889 5.26866969140247 15.9472252149717 18.0140111583066 -9999 12.2279744732752 21.654999515973 21.6382963276696 17.9173636735053 -9999 -9999 -9999 -9999 -9999 -9999 -9999 -9999 -9999 -9999 -9999 -9999 -9999 -9999 -9999 -9999 -9999 -9999 -9999 -9999 -9999 -9999 -9999 -9999 -9999 -9999 -9999 8.8399998024106 12.7499997150153 12.8356883311644 6.6524780949112 6.31970426789485 6.30141605110839 4.87971637491137 6.43624682584777 6.45041122904513 5.85460981354117 6.73531295917928 6.92967008659616 6.67506942152977 6.64727850386407 6.04107790626585 6.14793846709654 6.15797905670479
8.04202397819608 8.07644885685295 8.05565049266443 7.78168583335355 7.60956144006923 7.71857355581596 7.65904720313847 7.80104982759804 7.60095522040501 7.15199742792174 7.39942624326795 6.80299729091348 15.1249996619299 8.13771694446249 7.82790442043915 8.41567734861746 8.3661263869144 10.3400428311091 -9999 -9999 -9999 -9999 -9999 -9999 -9999 -9999 -9999 -9999 -9999 -9999 -9999 -9999 -9999 -9999 -9999 -9999 -9999 -9999 -9999 -9999 -9999 -9999 -9999 -9999 -9999 -9999 -9999 -9999 12.2416201126762 7.17709890194237 6.21660892816726 6.37618258444127 6.38317513791844 6.14955213328358 6.68493071489502 7.70996733615175 6.56300926965196 6.6323969156947 6.47640918428078 4.52470981376246 6.04466383112594 6.13359476765618
8.17542038299143 8.22777488594875 7.84479811089113 7.76447339402512 7.71570481592789 7.7278969604522 7.54573197755963 7.49983213935047 7.57513656141236 7.560792861972 8.13310646964237 6.97126681497321 6.9751396138221 7.45966978091747 7.65474409330636 13.3673614570871 15.6149996509776 14.9624049603435 -9999 -9999 -9999 -9999 -9999 -9999 -9999 -9999 -9999 -9999 -9999 -9999 -9999 -9999 -9999 -9999 -9999 -9999 -9999 -9999 -9999 -9999 -9999 -9999 -9999 -9999 -9999 -9999 -9999 -9999 7.04681029869244 6.29567857133225 6.17662586597726 6.32687611761503 6.15708257548977 6.33422726357821 6.62074265989941 7.92512282775715 6.45686589379329 6.64010665414389 7.44819482136518 7.44346140054986 7.51862238561735 7.4807550190948
8.0664082672447 8.02983183367178 7.94233526708558 7.66693623783067 7.59736929554492 7.4611041508615 7.33416241081432 7.49481184454635 7.52780235325918 7.60095522040501 7.57155063655227 7.60310677532107 7.56724752672017 7.62318795453757 9.6532995486632 13.0184316890344 16.5854227212694 -9999 -9999 -9999 -9999 -9999 -9999 -9999 -9999 -9999 -9999 -9999 -9999 -9999 -9999 -9999 -9999 -9999 -9999 -9999 -9999 -9999 -9999 -9999 -9999 -9999 -9999 -9999 -9999 -9999 -9999 -9999 7.30389720499516 6.37564469571225 6.49917980714235 6.02798928052653 6.29531997884624 6.45830026373733 6.28743094415404 6.51531646901276 6.4373226033058 7.73693349109963 7.50585649311543 6.64222234981135 7.20349130891263 7.40258185714483
7.92942593758926 7.95381022663787 7.88280891440809 7.68916897196323 7.47903377516195 7.46827600058168 7.43743704678491 7.56007567699999 7.52565079834312 7.68486586213112 7.61027862504125 7.63107698922977 7.67267371760681 8.17219305061735 10.5559082914291 6.69999985024333 -9999 -9999 -9999 -9999 -9999 -9999 -9999 -9999 -9999 -9999 -9999 -9999 -9999 -9999 -9999 -9999 -9999 -9999 -9999 -9999 -9999 -9999 -9999 -9999 -9999 -9999 -9999 -9999 -9999 -9999 -9999 -9999 7.42022460745648 6.53898357308935 6.38478880410548 6.08751563320402 7.12313073279802 6.55117571761366 7.68873866098002 7.51331521682441 7.84680622881278 7.68242743322626 6.61984617868438 7.23762931358069 6.50706884183455 6.51513717276976
7.8196966368705 7.78742331312969 7.70279548643157 7.60740988515317 7.56581315677613 7.3814966189675 7.42381053231657 7.59378337068483 7.51489302376285 7.55362101225182 7.63753165397793 7.63968320889398 7.47759940521792 8.42342294631526 10.4573595269583 -9999 -9999 -9999 -9999 -9999 -9999 -9999 -9999 -9999 -9999 -9999 -9999 -9999 -9999 -9999 -9999 -9999 -9999 -9999 -9999 -9999 -9999 -9999 -9999 -9999 -9999 -9999 -9999 -9999 -9999 -9999 -9999 -9999 -9999 12.5780705431123 7.34907985823229 7.30490126395598 6.21535385446623 6.78981901705265 6.65427105734125 6.44772178540006 7.41635180860758 6.31002227077261 6.96136966235936 6.1144100696547 6.33584092976525 6.35018462920561
7.62749106436968 7.61673328978941 7.60884425509721 7.56294441688806 7.47329629538581 7.44317452656105 7.33487959578633 7.53425701800734 7.55935849202797 7.51058991393074 7.56366160186008 7.56222723191604 8.08720663143322 7.44747763639316 11.7406716067141 14.3688850484088 -9999 -9999 -9999 -9999 -9999 -9999 -9999 -9999 -9999 -9999 -9999 -9999 -9999 -9999 -9999 -9999 -9999 -9999 -9999 -9999 -9999 -9999 -9999 -9999 -9999 -9999 -9999 -9999 -9999 -9999 5.51651718770531 6.85436566453427 8.31499981414527 -9999 11.5949583295733 6.93189713466716 6.4012840584619 6.12699666591361 7.19646289618686 6.41562775790226 6.31002227077261 6.03964353632182 6.21965696429834 6.33512374479324 6.59976499946788 5.99015777325258
7.66119875805452 7.56796471169218 7.5249336133711 7.48763999482617 7.45393230114132 7.43743704678491 7.36858728947118 7.44317452656105 7.47401348035783 7.58804589090869 7.55433819722384 7.45393230114132 8.53006835165434 8.79674163041636 11.9374858722091 -9999 -9999 -9999 -9999 -9999 -9999 -9999 -9999 -9999 -9999 -9999 -9999 -9999 -9999 -9999 -9999 -9999 -9999 -9999 -9999 -9999 -9999 -9999 -9999 -9999 -9999 -9999 -9999 -9999 -9999 -9999 -9999 -9999 13.4185726216832 11.5644000133742 9.02763172565028 12.193642276984 13.0228241478286 7.54415417062119 6.69748145190533 7.00354013871402 6.94975126581267 7.00999480346218 6.31486326933373 6.37456891825423 6.28348642680794 6.29908519994933
7.71283607603982 7.64685505861416 7.67052216269076 7.66621905285865 7.59521774062887 7.51561020873487 7.38006224902347 7.57872248627245 7.53569138795137 7.56509597180411 7.70351267140359 7.77809990849346 8.80415254179388 13.4634642433375 15.0599996633828 -9999 -9999 -9999 -9999 -9999 -9999 -9999 -9999 -9999 -9999 -9999 -9999 -9999 -9999 -9999 -9999 -9999 -9999 -9999 -9999 -9999 -9999 -9999 -9999 -9999 -9999 -9999 -9999 -9999 -9999 -9999 -9999 -9999 -9999 -9999 10.7161732367673 10.3442953161197 7.88467359533533 7.54228948969394 6.5050965831615 6.69784004439134 6.3455229268875 5.80010375566781 6.42477186629549 6.54400386789348 6.20603044983 6.27470091090072
7.70781578123569 7.74224065989256 7.72717977548018 7.71427044598386 7.66980497771874 7.55864130705595 7.48190251505002 7.46253852080554 7.48979154974222 7.55864130705595 7.61745047476143 7.73148288531229 8.06999419210479 8.42385325729847 16.4956846998251 -9999 -9999 -9999 -9999 -9999 -9999 -9999 -9999 -9999 -9999 -9999 -9999 -9999 -9999 -9999 -9999 -9999 -9999 -9999 -9999 -9999 -9999 -9999 -9999 -9999 -9999 -9999 -9999 -9999 -9999 -9999 -9999 -9999 -9999 -9999 -9999 -9999 14.1999996826053 13.0675716776577 6.43803978827782 6.35448773903772 6.28653446293902 6.21660892816726 6.36363184743095 6.43517104838975 6.39608446741477 6.36524551361799
