EcologicalScience/Bass/data/rs_data_bass/sst_319.asc
NCOLS 226 
NROWS 124 
XLLCORNER -9.41648524995501 
YLLCORNER 47.587301625531 
CELLSIZE 0.0833 
NODATA_value -9999 
[rows 54 to 80 of 124, columns 0 to 61 of 226]
-9999 -9999 -9999 -9999 -9999 -9999 -9999 -9999 -9999 -9999 -9999 -9999 -9999 -9999 -9999 -9999 -9999 -9999 -9999 -9999 -9999 -9999 -9999 -9999 -9999 -9999 -9999 -9999 -9999 -9999 -9999 -9999 -9999 -9999 -9999 -9999 -9999 -9999 7.59832554217428 6.85006255470216 8.33917761826888 8.35604854094397 9.05445009702817 9.43408000888303 9.57895137323067 10.442203017883 10.7967314557172 10.6941740047187 11.7175969597884 11.6705018132925 11.7570421332493 11.7532171467319 10.5622119698673 11.4421979305334 10.5600604149513 10.3647470409051 10.3257799907587 8.55983152799308 12.9165415001151 -9999 -9999 9.03213767567649
-9999 -9999 -9999 -9999 -9999 -9999 -9999 -9999 -9999 -9999 -9999 -9999 -9999 -9999 -9999 -9999 -9999 -9999 -9999 -9999 -9999 -9999 -9999 -9999 -9999 -9999 -9999 -9999 -9999 -9999 -9999 -9999 -9999 -9999 -9999 -9999 -9999 -9999 13.3749997010455 6.8235267107375 7.00210576876998 7.4051637230441 7.74224065989256 8.10513625573367 10.4861903628334 10.8144220183603 11.3496810691431 10.8347422592342 10.7164067388512 11.8965346103068 11.6425315993838 11.6399019211531 11.5483413063921 10.3865016517229 9.74246954685077 9.50508132111281 10.2899207421578 11.3209936702624 6.55415000442055 13.6649996945634 -9999 14.339999679476
-9999 -9999 -9999 -9999 -9999 -9999 -9999 -9999 -9999 -9999 -9999 -9999 -9999 -9999 -9999 -9999 -9999 -9999 -9999 -9999 -9999 -9999 -9999 -9999 -9999 -9999 -9999 -9999 -9999 -9999 -9999 -9999 -9999 -9999 -9999 -9999 -9999 -9999 -9999 9.74229025060777 7.76160465413705 7.79244360793382 7.85985899530351 8.32029174733907 10.8103579701856 11.305215600878 10.8469344037585 10.586596258916 10.2437818422914 10.1197088421322 11.5557522177696 11.5925677129999 11.4933571252041 10.390804761555 10.2014679289423 9.87586595164612 9.8830378013663 10.510216059396 10.1658477419987 6.57352901301307 -9999 -9999
-9999 -9999 -9999 -9999 -9999 -9999 -9999 -9999 -9999 -9999 -9999 -9999 -9999 -9999 -9999 -9999 -9999 -9999 -9999 -9999 -9999 -9999 -9999 -9999 -9999 -9999 -9999 -9999 -9999 -9999 -9999 -9999 -9999 -9999 -9999 -9999 -9999 -9999 -9999 -9999 8.15247046388686 8.19335000729188 8.6161305482965 10.7816705713049 10.7960142707452 11.0420087161474 11.3382061095908 11.1624957914464 10.5299386461265 11.6473128325306 10.3413189984858 11.265053242445 10.6586733486038 10.5701010045595 10.666920975782 10.5822931490839 10.3327127788216 10.1598712005652 11.9297940633842 9.46166404626834 13.4343722785751 -9999
-9999 -9999 -9999 -9999 -9999 -9999 -9999 -9999 -9999 -9999 -9999 -9999 -9999 -9999 -9999 -9999 -9999 -9999 -9999 -9999 -9999 -9999 -9999 -9999 -9999 -9999 -9999 -9999 -9999 -9999 -9999 -9999 -9999 -9999 -9999 -9999 -9999 -9999 -9999 -9999 9.08750037115533 8.17542038299143 8.35973692080006 9.0305097796289 10.8304391494021 10.8512375135906 11.4701681444421 11.1359599474818 11.6598635695409 11.0326853115112 10.3750266921706 11.5791802601889 10.5848032964859 11.1234092104714 11.0122455398086 10.66799675324 10.5532471577171 9.50948688594092 10.5015270876197 10.6895398864379 8.52994882082567 16.4699996318668
-9999 -9999 -9999 -9999 -9999 -9999 -9999 -9999 -9999 -9999 -9999 -9999 -9999 -9999 -9999 -9999 -9999 -9999 -9999 -9999 -9999 -9999 -9999 -9999 -9999 -9999 -9999 -9999 -9999 -9999 -9999 -9999 -9999 -9999 -9999 -9999 -9999 -9999 -9999 6.10499986354262 9.22824792191386 6.92034668195993 8.46301155677065 8.36188847571611 8.26219976460561 10.8003173805773 10.3004394550808 10.7945799008012 10.6389507618733 11.1101412884891 11.5901770964265 11.6193426186219 11.4769814016763 11.3156147829723 11.0384227912873 10.9756691062357 10.7655339094345 10.4358081185492 10.2834063119953 13.2906318597603 -9999 -9999
-9999 -9999 -9999 -9999 -9999 -9999 -9999 -9999 -9999 -9999 -9999 -9999 -9999 -9999 -9999 -9999 -9999 -9999 -9999 -9999 -9999 -9999 -9999 -9999 -9999 -9999 -9999 -9999 -9999 -9999 -9999 -9999 -9999 -9999 -9999 -9999 -9999 -9999 -9999 9.41507460712455 8.25144199002534 8.55409404821694 8.37121188035235 8.94424267299473 9.59329507267103 10.2007507439703 10.4410077095963 10.6346476520412 10.6346476520412 10.9925229530782 11.1194646931253 11.1947691151872 11.1402630573139 11.2571642077528 10.0666371542029 10.9009623383172 11.0770956117015 14.1849996829405 10.4872306040992 7.23734243959188 7.20004882104695 7.27965635294095
-9999 -9999 -9999 -9999 -9999 -9999 -9999 -9999 -9999 -9999 -9999 -9999 -9999 -9999 -9999 -9999 -9999 -9999 -9999 -9999 -9999 -9999 -9999 -9999 -9999 -9999 -9999 -9999 -9999 -9999 -9999 -9999 -9999 -9999 -9999 -9999 -9999 -9999 -9999 9.91244238521904 9.02098146500066 8.96145511232316 8.15749075869098 8.29877619817853 10.1598712005652 10.6095461780205 10.9372997102328 10.8885311321355 11.224890884012 10.4747154032812 11.8019857248291 11.9582125179004 11.1122928434052 11.0879085543565 11.1165959532373 10.0411770876963 9.81992552382872 10.2021851139143 7.56509597180411 7.44030578667298 7.49983213935047 7.4847712549381
-9999 -9999 -9999 -9999 -9999 -9999 -9999 -9999 -9999 -9999 -9999 -9999 -9999 -9999 -9999 -9999 -9999 -9999 -9999 -9999 -9999 -9999 -9999 -9999 -9999 -9999 -9999 -9999 -9999 -9999 -9999 -9999 -9999 -9999 -9999 -9999 -9999 -9999 9.30068360408768 10.0166391161537 9.45344400312752 9.30642108386382 10.7422253978439 10.6748100104742 10.8490859586746 11.0749992248602 11.1739707509987 11.1603442365304 11.2980437511578 11.916735320352 11.3353373697028 11.9870792130241 11.4034699420445 11.4092074218206 10.865581213031 10.9208044558764 10.534480817616 9.62520980392583 9.82817315100692 7.60525833023712 8.55337686324492 6.48071229411289
-9999 -9999 -9999 -9999 -9999 -9999 -9999 -9999 -9999 -9999 -9999 -9999 -9999 -9999 -9999 -9999 -9999 -9999 -9999 -9999 -9999 -9999 -9999 -9999 -9999 -9999 -9999 -9999 -9999 -9999 -9999 -9999 -9999 -9999 -9999 -9999 -9999 -9999 10.2145979307377 9.57751700328663 9.4649189626798 10.4517654841766 10.7508316175081 10.9831995484419 11.1653645313345 11.2291939938441 11.2442548782565 11.2464064331725 11.2585985776968 11.4199651964009 11.8531449194998 11.6231676051393 11.4914446319453 11.4333526492119 9.86797691695392 10.7391175962985 10.5686666346155 10.4713685400784 10.509140281938 7.06163212144747 6.92608416173607 6.49577317852527
-9999 -9999 -9999 -9999 -9999 -9999 -9999 -9999 -9999 -9999 -9999 -9999 -9999 -9999 -9999 -9999 -9999 -9999 -9999 -9999 -9999 -9999 -9999 -9999 -9999 -9999 -9999 -9999 -9999 -9999 -9999 -9999 -9999 -9999 -9999 -9999 -9999 7.72116165810629 10.5148777617142 9.79840997466817 10.0611387360841 10.6970427446067 10.9559465195052 11.0233619068749 11.0527664907277 11.1947691151872 11.2191534042358 11.1259193578735 11.3131046355702 11.9212774918415 11.8321074936539 11.5932848979719 11.3843450094573 11.3379670479335 11.291110963095 10.709234889131 10.7271645134315 10.4481795593165 8.15318764885888 7.95237585669383 7.38006224902347 6.64494765270501
-9999 -9999 -9999 -9999 -9999 -9999 -9999 -9999 -9999 -9999 -9999 -9999 -9999 -9999 -9999 -9999 -9999 -9999 -9999 -9999 -9999 -9999 -9999 -9999 -9999 -9999 -9999 -9999 -9999 -9999 -9999 -9999 -9999 -9999 -9999 -9999 -9999 9.58504744549282 10.429532750044 10.3413189984858 10.4395733396523 10.4926450275816 10.7544175423682 10.8010345655493 10.9172185310163 11.1029694387689 11.1954863001592 11.2844172366895 11.8820713800378 9.08481092751026 11.7140110349283 11.465147849638 11.1455224137753 11.0290993866511 11.171341072768 9.38459424581379 10.6016571433283 9.18880274845287 8.27510909410194 8.32029174733907 7.50341806421056 7.1304818787612
-9999 -9999 -9999 -9999 -9999 -9999 -9999 -9999 -9999 -9999 -9999 -9999 -9999 -9999 -9999 -9999 -9999 -9999 -9999 -9999 -9999 -9999 -9999 -9999 -9999 -9999 -9999 -9999 -9999 -9999 -9999 -9999 -9999 -9999 -9999 8.13470140338611 12.6908767322311 9.0463903040093 10.2380443625152 10.1770836398937 10.2581255417317 10.387936021667 10.5213324264623 10.7522659874521 10.8476515887305 10.908612311352 11.0534836756997 11.9384899311699 11.9313180814497 11.7725811409764 11.6157566937618 11.383388762828 11.2306283637881 10.8579312399961 9.3853114307858 10.4453108194284 10.4202093454078 9.57679981831461 9.14696695841849 7.75514998938888 7.72072511073202 7.13263343367726
-9999 -9999 -9999 -9999 -9999 -9999 -9999 -9999 -9999 -9999 -9999 -9999 -9999 -9999 -9999 -9999 -9999 -9999 -9999 -9999 -9999 -9999 -9999 -9999 -9999 -9999 -9999 -9999 -9999 -9999 -9999 22.2353212209497 -9999 -9999 -9999 14.7698258645474 9.05714807858957 9.7833490902558 10.0501418998465 9.59759818250313 9.85219884756953 10.4790185131133 10.707800519187 10.9236731957644 11.8194372258149 11.9143447037786 11.9676554533653 12.0463067386299 10.7773674614727 10.5414136056788 10.6934568197466 11.1364380707964 9.2576525057666 9.32650226308033 9.38674580072984 9.29781486419961 9.17732778890058 9.74533828673884 9.26864934200421 8.75896988855675 7.55720693711191 8.23458814318292
-9999 -9999 -9999 -9999 -9999 -9999 -9999 -9999 -9999 -9999 -9999 -9999 -9999 -9999 -9999 -9999 -9999 -9999 -9999 -9999 -9999 -9999 -9999 -9999 -9999 -9999 23.8449994670227 23.8449994670227 -9999 10.2534877455793 10.653964387895 9.84179966547526 9.79171624826267 9.50589295019637 13.6631869768413 10.2663219414119 10.7522659874521 10.8561143714003 9.40754416491836 9.98416088242084 10.1971648191102 10.8717968161218 10.9717245888896 10.2975707151927 11.9234290467575 11.3403576645069 11.3317514448427 11.3252967800945 10.4503311142325 10.5399792357348 11.7797529906966 10.4783013281412 10.652816337999 10.7061270875856 8.29519027331844 10.4467451893725 10.4247515168972 10.0408184952103 8.49385051056743 8.40324614243582 8.34467603638768 10.3422969779931
-9999 -9999 -9999 -9999 -9999 -9999 -9999 -9999 -9999 -9999 -9999 -9999 -9999 -9999 -9999 -9999 -9999 -9999 -9999 -9999 -9999 -9999 11.130918244171 8.95715200249106 9.29243597690947 9.28944770619273 8.10370188578963 8.89475690992549 10.4160855318187 9.98487806739286 9.90455335052684 9.60261847730726 9.42762534413487 9.59759818250313 9.21677296236157 9.41973630944267 10.6231726924889 10.8368938141502 10.9487746697851 11.1001006988809 11.3872137493454 11.145283352118 11.5698568555526 11.6769564780407 11.3016296760179 11.4092074218206 11.3102358956821 11.2406689533964 11.1997894099914 10.6877193399705 10.8175298199058 10.4051484609954 9.85004729265347 9.64062928082421 8.9908596961759 10.0867183334194 10.7162633018568 11.2228496652455 12.2138889604248 15.4099996555597 -9999 -9999
-9999 -9999 -9999 -9999 -9999 -9999 -9999 -9999 -9999 -9999 -9999 -9999 -9999 -9999 -9999 -9999 -9999 -9999 -9999 -9999 -9999 13.768081271737 8.88292335788719 10.2000335589983 9.42547378921881 9.40037231519818 9.40252387011424 9.14003417035565 9.68676818069071 10.3047425649129 10.1742149000056 9.6399120958522 9.89379557594657 10.2918332354166 10.3162175244652 10.311197229661 10.6375163919292 10.867015582975 11.2012237799354 11.2478408031166 11.2550126528367 11.2514267279766 11.1675160862505 11.2786797569133 11.3288827049546 11.2600329476409 11.0305337565951 10.8232672996819 10.827570409514 10.786690866109 10.5249183513224 11.0408134078607 9.89953305572271 9.79769278969616 9.47758923051879 10.6454054266214 15.1399996615946 -9999 -9999 -9999 -9999 -9999
-9999 -9999 -9999 -9999 -9999 -9999 -9999 -9999 -9999 -9999 -9999 -9999 -9999 -9999 -9999 -9999 -9999 6.88018432352692 13.9417957730081 13.6400112772826 8.66382334893569 8.1503189089708 10.2466505821794 10.3011566400528 10.1311838016845 9.61983091663569 10.3771782470867 10.3147831545211 9.96336251823232 9.15222631487995 10.4510482992046 10.3155003394932 10.1562852757052 10.4876247327775 10.6762443804182 10.7680440568365 10.8806420974433 10.8082064152695 11.1746879359707 11.2550126528367 11.1954863001592 11.2277596239001 11.2858516066335 11.2966093812138 11.2915890864097 11.1237678029574 10.6619006809779 10.5148777617142 10.5227667964064 10.4259468251839 11.0998616372235 9.9748374777846 13.4399996995926 -9999 -9999 -9999 -9999 -9999 -9999 -9999 -9999 -9999
-9999 -9999 -9999 -9999 -9999 -9999 -9999 -9999 -9999 -9999 -9999 -9999 -9999 -9999 -9999 -9999 -9999 8.99779248423874 9.48392436443828 10.0271919807419 10.1362040964887 10.4983825073577 10.5901821837761 10.5765556693077 10.7522659874521 10.430249935016 10.5851618889719 10.6038086982444 10.2100741486065 10.5392620507628 10.7701956117526 10.7443769527599 10.748680062592 10.6791131203063 10.8168126349337 10.8498031436466 10.9200872709043 10.9537949645892 11.0800195196643 11.0957975890487 11.0506149358116 11.1280709127896 11.1739707509987 11.2048097047955 11.0957975890487 10.907177941408 10.7802362013608 10.4338358598761 10.3362987036817 11.1221541367704 10.9720004292635 14.0849996851757 -9999 -9999 -9999 -9999 -9999 -9999 -9999 -9999 -9999 -9999
-9999 -9999 -9999 -9999 -9999 -9999 -9999 -9999 -9999 -9999 -9999 -9999 -9999 7.6364558765199 10.2032608913723 9.56317330384627 9.49288917658851 9.98057495756075 10.2000335589983 10.2193975532427 10.390087576583 10.5184636865743 10.6346476520412 10.6511429063976 10.5701010045595 10.3994109812193 10.6059602531604 10.6124149179086 10.4467451893725 10.6482741665095 10.5550401201472 10.8354594442062 10.7128208139911 10.8383281840943 10.7314676232636 10.8455000338145 11.0362712363712 11.0405743462034 10.4928840892389 10.9767448836938 10.9702902189456 11.0520493057556 11.1510208318941 11.1538895717822 11.0111697623506 10.9516434096731 10.865581213031 10.6862849700265 10.4596545188688 10.4101687557995 10.3370158886537 11.2186752809212 15.954999643378 -9999 -9999 -9999 -9999 -9999 -9999 23.966931862863 -9999 -9999
-9999 -9999 -9999 -9999 -9999 -9999 -9999 -9999 -9999 -9999 19.5076334298635 9.27861024439335 9.67840102268383 9.23541977163404 9.74031799193472 10.2624286515638 10.2394787324592 10.3678548424505 10.5220496114343 10.6525772763416 10.6841334151104 10.7214270336553 10.6626178659499 10.7852564961649 10.6590319410898 10.6941740047187 10.6095461780205 10.7113864440471 10.7199926637113 10.5313730160706 10.5155949466862 10.6238898774609 10.6927396347746 10.7099520741031 10.6575975711457 10.7013458544388 11.0078707114793 10.8447828488424 11.225608068984 10.5048371721059 10.9559465195052 10.946623114869 11.064958635252 11.1711020111106 11.0398571612313 10.9738761438057 10.8992889067158 10.6425366867334 10.3807641719468 10.9141107294708 11.1555630033836 11.0118217486888 7.19130649328585 -9999 -9999 -9999 9.51433952711523 9.23068635081872 8.73482466116548 9.11116747523192 9.69165186883349 17.7899996023625
-9999 -9999 -9999 -9999 -9999 -9999 -9999 20.5438330359757 11.0984272672795 7.65474409330636 9.15132983366493 9.42152927187271 10.0479903449304 10.0608996744268 10.2186803682707 10.231589697767 10.4589373338968 10.5629291548394 10.6009399583563 10.5614947848953 10.7831049412489 10.5908993687481 10.6324960971251 10.6145664728247 10.6160008427687 10.7508316175081 10.5952024785802 10.0149998362176 10.8951650931267 10.9224181220634 10.5851618889719 10.708517704159 10.5844447039999 10.6834162301384 10.6324960971251 10.4926450275816 10.7264473284595 10.6877193399705 10.6124149179086 10.6762443804182 10.827570409514 11.025513461791 11.0764335948043 11.1797082307748 11.0879085543565 10.9007232766598 10.7831049412489 10.7135379989631 10.6425366867334 10.3757438771427 10.9796136235818 10.2401959174313 11.9992265334877 9.97292498452589 9.51727346563712 9.40969571983442 10.1821039346978 9.63381602359004 9.77868738793768 9.02205724245869 9.61136813396588 15.7072969591245
-9999 -9999 -9999 -9999 -9999 9.55026397434995 9.63130587618798 9.69728689361364 9.43264563893899 9.50723287602887 10.2000335589983 10.0874355183914 10.2366099925712 10.3025910099968 10.3155003394932 10.4503311142325 10.5543229351752 10.629627357237 10.5995055884123 10.5292214611545 10.6023743283004 10.5930509236641 10.5263527212664 10.4840388079174 10.5005340622738 10.0808374166489 11.1248435804155 10.562785717845 11.0794816309353 10.5787072242238 10.6396679468453 10.6568803861737 10.6446882416494 10.5449995305389 10.5335245709866 10.4453108194284 10.4840388079174 10.5851618889719 10.6575975711457 11.025513461791 11.6479275625066 11.1237678029574 11.2621845025569 11.2593157626688 11.1560411266983 11.1338083925657 11.0133213172667 10.9157841610722 10.8003173805773 11.0348368664272 10.3843500968069 10.1964476341382 10.0350810154341 9.62054810160771 9.87658313661814 9.35160373710096 10.2416302873753 9.96156955580227 9.22035888722166 9.92355875228532 9.92069001239724 10.496470014099
-9999 -9999 -9999 -9999 -9999 10.0071108015254 10.0157170211896 10.1311838016845 10.1706289751455 10.2179631832987 10.3578142528422 10.3155003394932 10.3155003394932 10.3377330736257 10.307611304801 10.3929563164711 10.5428479756229 10.5679494496435 10.4503311142325 10.2875301255845 10.2652973914519 10.2459333972074 10.7501144325361 10.4564271864947 10.4266640101559 10.5594866669737 10.547151085455 10.5161686946638 10.6657256674953 10.586596258916 10.5973540334962 10.5435651605949 10.6303445422091 10.586596258916 10.2817926458083 10.4603717038408 10.2552568018436 10.4976653223857 10.7759330915287 10.9724417738616 11.0613727103919 11.2170018493198 11.4500869652256 11.3016296760179 11.2055268897675 11.2005065949634 11.1001006988809 10.9624011842534 10.8476515887305 11.0011291727424 10.4897762876935 10.1950132641941 10.0867183334194 9.86367380712181 10.0522934547625 9.7675710208714 9.31215856363997 10.4033554985654 10.309762859717 9.74533828673884 9.80486463941634 9.80127871455625
-9999 -9999 -9999 -9999 -9999 10.1010620328598 10.1268806918524 10.1778008248657 10.2652973914519 10.2746207960881 10.3384502585977 10.1770836398937 10.3140659695491 10.3226721892133 10.3255409291014 10.4209265303798 10.4883419177495 10.3771782470867 10.3319955938496 10.8479384627193 10.9093294963241 10.0350810154341 10.5501632623374 10.149830610957 10.3678548424505 10.4252296402119 10.5012512472458 10.4402905246243 10.5277870912105 10.1003448478878 10.4435178569984 10.3619739256799 10.4015625361353 11.1665598396212 10.3513595880941 10.4488967442885 10.5263527212664 10.6941740047187 10.8146610800177 10.826853224542 11.2820266201161 11.2399517684244 11.1280709127896 11.2915890864097 11.2607501326129 11.2184362192638 11.1173131382093 11.1122928434052 11.1187475081533 11.105120993685 11.0283822016791 10.5643635247834 10.666920975782 10.6016571433283 10.3750266921706 9.52014220552519 9.70015563350171 9.69083222886547 9.85650195740163 9.93037200951949 10.0193029460497 9.88088624645025
-9999 -9999 -9999 -9999 -9999 9.93969541415572 9.98631243733689 9.96838281303644 10.0250404258259 10.0931729981676 9.99635302694514 10.03006072063 10.1555680907331 10.149830610957 10.1297494317405 10.2502365070395 10.2609942816198 10.2753379810601 10.3011566400528 10.2452162122354 10.3147831545211 10.2803582758643 10.7089958274737 10.2638630215079 10.3047425649129 10.3527939580381 10.6382335769013 10.7544175423682 10.4646748136729 10.587672036374 10.3352229262237 10.4123203107156 10.347773663234 10.4202093454078 10.4173406055197 10.5022553062066 10.3936735014431 10.5701010045595 10.7178411087953 11.024796276819 11.1201818780974 10.7701956117526 11.0498977508396 10.9276177131105 12.0085947621847 10.8498031436466 11.5861471999171 11.2413861383684 11.1524552018382 11.2055268897675 11.0850398144685 11.0599383404478 11.0455946410075 10.9150669761002 11.1101412884891 11.0158314646687 10.906819348922 10.5127262067981 10.4101687557995 10.1039307727478 9.99491865700111 9.65497298026457
-9999 -9999 -9999 -9999 -9999 9.74964139657095 9.75753043126315 9.68652911903337 9.75466169137508 9.82494581863284 9.7596819861792 9.62054810160771 9.90598772047088 9.78191472031176 9.84000670304522 9.92104860488325 10.1347697265446 10.1598712005652 10.2473677671514 10.2997222701088 9.86008788226172 10.149830610957 10.2201147382148 10.231589697767 10.2869563776068 9.95977659337223 9.94399852398783 10.3248237441294 10.3599658077583 10.5177465016022 9.73242895724252 10.4798791350797 10.6931699457578 10.6687856567092 10.1749320849776 10.5184636865743 10.7742596599273 10.5901821837761 10.4374217847362 10.7952970857732 11.0922116641887 11.5108427778552 11.4111796804937 10.8685933899134 11.2385173984803 11.5365589818518 11.2951750112697 11.2550126528367 11.0965147740208 11.1732535660267 11.1804254157469 11.2557298378088 11.1237678029574 10.8978545367718 10.6224555075169 10.7135379989631 10.5801415941678 10.5959196635522 10.6575975711457 10.4646748136729 10.109668252524 10.4037140910514
