EcologicalScience/Bass/data/rs_data_bass/sst_255.asc
NCOLS 226 
NROWS 124 
XLLCORNER -9.41648524995501 
YLLCORNER 47.587301625531 
CELLSIZE 0.0833 
NODATA_value -9999 
[rows 0 to 26 of 124, columns 0 to 61 of 226]
-9999.000000000000000 -9999 -9999 -9999 -9999 -9999 -9999 -9999 -9999 -9999 -9999 -9999 -9999 -9999 -9999 -9999 -9999 -9999 -9999 -9999 -9999 -9999 -9999 -9999 -9999 -9999 -9999 -9999 -9999 -9999 -9999 -9999 -9999 -9999 -9999 -9999 -9999 -9999 -9999 -9999 -9999 -9999 -9999 -9999 -9999 -9999 -9999 -9999 -9999 -9999 -9999 -9999 -9999 -9999 -9999 -9999 -9999 -9999 -9999 -9999 -9999 -9999
-9999 -9999 -9999 -9999 -9999 -9999 -9999 -9999 -9999 -9999 -9999 -9999 -9999 -9999 -9999 -9999 -9999 -9999 -9999 -9999 -9999 -9999 -9999 -9999 -9999 -9999 -9999 -9999 -9999 -9999 -9999 -9999 -9999 -9999 -9999 -9999 -9999 -9999 -9999 -9999 -9999 -9999 -9999 -9999 -9999 -9999 -9999 -9999 -9999 -9999 -9999 -9999 -9999 -9999 -9999 -9999 -9999 -9999 -9999 -9999 -9999 -9999
-9999 -9999 -9999 -9999 -9999 -9999 -9999 -9999 -9999 -9999 -9999 -9999 -9999 -9999 -9999 -9999 -9999 -9999 -9999 -9999 -9999 -9999 -9999 -9999 -9999 -9999 -9999 -9999 -9999 -9999 -9999 -9999 -9999 -9999 -9999 -9999 -9999 -9999 -9999 -9999 -9999 -9999 -9999 -9999 -9999 -9999 -9999 -9999 -9999 -9999 -9999 -9999 -9999 -9999 -9999 -9999 -9999 -9999 -9999 -9999 -9999 -9999
-9999 -9999 -9999 -9999 -9999 -9999 -9999 -9999 -9999 -9999 -9999 -9999 -9999 -9999 -9999 -9999 -9999 -9999 -9999 -9999 -9999 -9999 -9999 -9999 -9999 -9999 -9999 -9999 -9999 -9999 -9999 -9999 -9999 -9999 -9999 -9999 -9999 -9999 -9999 -9999 -9999 -9999 -9999 -9999 -9999 -9999 -9999 -9999 -9999 -9999 -9999 -9999 -9999 -9999 -9999 -9999 -9999 -9999 -9999 -9999 -9999 -9999
-9999 -9999 -9999 -9999 -9999 -9999 -9999 -9999 -9999 -9999 -9999 -9999 -9999 -9999 -9999 -9999 -9999 -9999 -9999 -9999 -9999 -9999 -9999 -9999 -9999 -9999 -9999 -9999 -9999 -9999 -9999 -9999 -9999 -9999 -9999 -9999 -9999 -9999 -9999 -9999 -9999 -9999 -9999 -9999 -9999 -9999 -9999 -9999 -9999 -9999 -9999 -9999 -9999 -9999 -9999 -9999 -9999 -9999 -9999 -9999 -9999 -9999
-9999 -9999 -9999 -9999 -9999 14.772087755613 14.8194219637662 14.8732108366676 14.8552812123671 14.6064180270769 14.6587725300342 14.9269997095689 14.8653218019754 14.3295846278779 14.2614520555362 12.7948087877594 12.7833338282071 12.8442945508286 12.4828333249316 14.014740425162 13.975295251701 14.0785698876716 14.0957823270001 14.2385021364316 12.0668334418442 11.9238563058898 11.4432526143158 13.9121829741634 13.733603916131 13.5213171644136 13.5119937597774 11.3035702941775 11.628857272584 12.249909374188 12.3249997245148 7.56900247258165 10.2585958269593 12.2299997266382 12.0849997298792 13.8748893556185 14.1997741479427 14.1481368299574 12.9601525231265 13.0249997088686 -9999 -9999 -9999 -9999 -9999 -9999 -9999 -9999 -9999 -9999 -9999 -9999 -9999 -9999 -9999 -9999 -9999 -9999
-9999 -9999 -9999 -9999 -9999 14.5246589402668 14.4658497725613 14.3948484603316 14.7010864433832 14.7053895532154 13.1878261524253 14.8825342413038 13.7587053901516 14.1194494310766 14.2772301249206 13.9817499164492 13.7034821473062 14.3095034486614 14.2105319225229 13.0271767186932 14.0742667778395 14.2227240670472 14.1086916564964 14.1008026218042 12.1678456852213 10.4646235861749 12.9303567474708 14.2270271768793 14.2506942809559 14.0176091650501 13.9028595695272 13.8777580955066 8.64949827767643 13.1141353965504 11.1724196300127 10.7972849354239 12.0099997315556 12.0049997316673 12.0099997315556 11.9705720055848 12.4441053364426 14.2284615468234 14.0699636680074 12.5428378009237 12.4469979824964 11.9242759353947 11.9449997330084 -9999 -9999 -9999 -9999 -9999 -9999 -9999 -9999 -9999 -9999 -9999 -9999 -9999 -9999 -9999
-9999 -9999 -9999 -9999 -9999 14.2765129399486 14.1223181709647 13.7099368120544 14.3855250556953 13.3821832798421 13.7587053901516 14.1660664542578 14.1043885466643 14.3912625354715 14.492385616526 13.7314523612149 13.7845240491442 13.9078798643313 14.0964995119721 13.1053498806432 14.0577715234831 13.9953764309175 14.1631977143697 14.0706808529794 12.1681643480997 10.2632278005326 14.2349162115715 14.1366618704051 14.2643207954243 14.1086916564964 14.1675008242019 13.9444562979043 14.3274330729619 14.2291787317954 14.3926969054155 13.3965999133474 13.0450107183307 12.3099997248501 12.0549997305498 8.9850754434668 11.3452106161509 12.2733398199474 12.8416866054758 13.365948820021 12.6242622014135 12.6899997163564 -9999 -9999 -9999 -9999 -9999 -9999 -9999 -9999 -9999 -9999 -9999 -9999 -9999 -9999 -9999 -9999
-9999 -9999 -9999 -9999 -9999 13.7278664363548 13.733603916131 13.0651875222102 13.1993011119775 14.3776360210031 14.054902783595 14.4830622118898 13.6798150432296 14.9542527385056 14.4500717031769 14.1495711999014 14.0764183327556 13.9795983615331 14.0800042576157 13.335566256661 14.1158635062166 13.9717093268409 13.895687719807 9.25836969073862 9.44501506514178 12.0190537096933 14.1051057316363 13.5148624996655 13.9874873962253 14.2449568011798 14.2198553271592 14.2973113041371 14.3274330729619 14.2220068820752 14.2664723503403 14.1244697258808 13.5752972866409 9.99891263537976 11.4273839458655 13.1339609832503 9.67206069177179 12.7747276085429 9.257948734342 13.0099997092038 12.2378668446559 12.2970098928559 9.33499979134649 -9999 -9999 -9999 -9999 -9999 -9999 -9999 -9999 -9999 -9999 -9999 -9999 -9999 -9999 -9999
-9999 -9999 -9999 -9999 -9999 15.0948209930211 14.4099093447439 14.3962828302756 14.1897335583344 14.7168645127676 14.7663502758369 14.9958494668826 14.5841852929443 14.7455519116484 14.5210730154067 14.4543748130091 13.617419950664 12.2461622841656 13.8124942630529 12.9074068283662 12.6700186026283 13.9100314192474 13.8827783903107 13.9028595695272 11.3500396616291 12.5371003211476 14.1151463212445 14.1051057316363 14.2069459976628 14.6250648363493 14.5762962582521 14.412778084632 14.3396252174862 14.2650379803963 14.1524399397895 13.8003021185286 14.0082857604139 14.1734773656353 14.6351054259576 13.9948385421885 14.4735595110105 13.2247285791673 10.1719222595213 14.5962749824726 12.6616731774993 12.8663486267831 12.0949997296557 -9999 -9999 -9999 -9999 -9999 -9999 -9999 -9999 -9999 -9999 -9999 -9999 -9999 -9999 -9999
-9999 -9999 -9999 -9999 -9999 13.5937528465874 14.2155522173271 13.654713569209 13.7472304305993 14.5375682697631 14.8208563337103 14.6386913508177 14.6358226109296 14.610003951937 14.8201391487382 14.6243476513773 13.9380016331561 13.1892605223693 13.1239966899157 13.0408032331616 12.938245782163 12.9927518400364 13.9501937776804 12.0116427983157 13.3508662027307 13.5263374592178 14.7534409463406 14.3109378186055 13.9946592459455 14.2270271768793 14.4005859401077 14.2212896971032 14.2248756219633 14.01402324019 13.9709921418689 12.0867679241346 12.4692068104632 12.7721457426436 14.6035492871888 14.4966887263581 15.547633654729 14.2040772577748 13.457666998147 13.3272990698926 13.5615034290124 12.039999730885 -9999 -9999 -9999 -9999 -9999 -9999 -9999 -9999 -9999 -9999 -9999 -9999 -9999 -9999 -9999 -9999
-9999 -9999 -9999 -9999 -9999 14.371181356255 14.3209784082137 14.0233466448262 14.2686239052564 14.2428052462637 14.8681905418634 14.7677846457809 14.7226019925438 14.5354167148471 14.6566209751181 14.7190160676837 14.6630756398663 13.5969801789615 13.258110279683 13.5048219100572 12.9956205799244 13.2710196091793 13.377162985038 10.4553514090367 9.9827265124768 13.775200644508 14.2033600728028 13.8447675867938 13.976012436673 13.8519394365139 13.7967161936685 13.9071626793593 13.9042939394712 13.9164860839956 13.4252143781632 14.1151463212445 12.5110426004976 12.7866806914099 13.6923657802399 14.3675954313949 14.2901394544169 14.492385616526 13.4171598392467 13.7085502544418 13.101596612623 13.6755836518947 12.2549997260794 -9999 -9999 -9999 -9999 -9999 -9999 -9999 -9999 -9999 -9999 -9999 -9999 -9999 -9999 -9999
-9999 -9999 -9999 -9999 -9999 14.4199499343522 14.4385967436247 14.2406536913477 14.3281502579339 14.3511001770385 14.7685018307529 14.5554978940636 14.3948484603316 14.2428052462637 14.6767021543346 14.9348887442611 14.7197332526557 13.4374065226875 13.6647541588172 13.7551194652915 13.8110598931089 13.2925351583399 14.0757011477835 13.3448896612972 14.2334818416275 14.1201666160487 14.4895168766379 13.9071626793593 13.9179204539396 12.9267708226107 14.2169865872711 14.1259040958248 14.1172978761606 14.2212896971032 14.0448621939868 14.5461744894274 13.8347269971855 13.2703024242073 13.3922238694504 13.4998016152531 13.935132893268 13.7582272668369 13.9884436428547 13.9090534397401 10.5709100546973 12.1299997288734 -9999 -9999 -9999 -9999 -9999 -9999 -9999 -9999 -9999 -9999 -9999 -9999 -9999 -9999 -9999 -9999
-9999 -9999 -9999 -9999 -9999 14.3554032868706 14.4149296395481 14.5461744894274 14.7290566572919 14.7111270329915 14.5526291541755 14.849543732591 14.7046723682433 14.4048890499398 14.6860255589709 14.8846857962199 13.7271492513828 14.8201391487382 14.0405590841547 13.7651600548998 13.6303292801604 13.5794091471471 14.0355387893505 14.0233466448262 13.6626026039012 13.972426511813 14.0620746333152 13.2882320485078 13.6998962224461 14.2800988648087 14.414212454576 14.3109378186055 13.9767296216451 14.1689351941459 14.0792870726436 13.4352549677715 13.6747947484255 13.694875927642 13.9050111244433 12.7486698878929 12.181257044198 13.9654937237501 13.475506974326 13.3645644356962 11.8749997345731 -9999 -9999 -9999 -9999 -9999 -9999 -9999 -9999 -9999 -9999 -9999 -9999 -9999 -9999 -9999 -9999 -9999
-9999 -9999 -9999 -9999 -9999 14.3604235816747 14.6229132814333 14.9183934899047 14.6472975704819 14.7555925012566 14.7003692584112 14.7656330908649 14.4737388072535 14.0907620321959 14.2650379803963 14.5038605760783 13.8103427081369 14.0362559743226 14.413495269604 13.9953764309175 13.9007080146112 13.7142399218865 14.5246589402668 13.9301125984639 14.1954710381106 13.7924130838364 13.3642536555417 14.0821558125317 14.3059175238013 14.1897335583344 14.2643207954243 14.2069459976628 14.5232245703228 14.6143070617691 14.373332911171 14.7390972469002 13.6654713437892 13.5901669217274 12.4565365426242 12.0082537477617 11.7963744910968 11.869866653321 12.2484347129534 12.3226079657917 11.628367867708 11.894928144291 -9999 -9999 -9999 -9999 -9999 -9999 -9999 -9999 -9999 -9999 -9999 -9999 -9999 -9999 -9999 -9999
-9999 -9999 -9999 -9999 -9999 14.3188268532977 14.294442564249 14.5849024779163 14.3460798822343 14.7835627151653 14.7656330908649 15.1105990624055 14.4565263679251 14.4070406048559 13.8354441821575 14.0599230783992 15.0847804034129 13.9566484424286 14.6286507612094 14.1273384657688 13.9580828123726 14.291573824361 14.3353221076541 14.5167699055746 13.9795983615331 13.457487701904 13.1591387535445 13.3520615110174 13.4022644590586 13.7565538352355 14.0384075292386 13.6532791992649 14.4249702291563 14.3840906857513 10.7537515848942 13.6324808350764 13.5550248580985 14.49381998647 12.255198814813 11.7441062413466 11.9578539254144 11.4789999953335 12.3791981788681 -9999 -9999 -9999 -9999 13.2249997043982 13.2249997043982 -9999 -9999 -9999 -9999 -9999 -9999 -9999 -9999 -9999 -9999 -9999 -9999 -9999
-9999 -9999 -9999 -9999 -9999 13.6640369738452 14.6487319404259 14.3998687551357 14.8531296574511 14.4070406048559 14.5110324257985 14.6422772756778 14.9463637038134 14.89185764594 14.852412472479 14.5411541946232 14.4636982176453 14.8868373511359 13.8856471301988 13.8196661127731 14.1101260264404 14.3611407666467 14.252845835872 14.0419934540987 12.89808342373 13.0400860481896 12.9167302330025 13.4223456382751 13.5084078349173 13.6704916385934 13.9681234019808 14.0850245524198 13.7967161936685 13.8806268353947 13.6647541588172 13.7665944248438 13.5406811586581 12.5994954137132 12.8067618706264 -9999 -9999 -9999 -9999 -9999 -9999 -9999 -9999 -9999 -9999 -9999 -9999 -9999 -9999 -9999 -9999 -9999 -9999 -9999 -9999 -9999 -9999 -9999
-9999 -9999 -9999 -9999 -9999 14.6308023161255 14.729773842264 14.490951246582 14.8968779407442 14.0197607199661 14.2349162115715 14.8689077268355 15.1873378544115 15.1859034844674 15.2777031608857 15.2203283631243 15.3171483343467 14.4758903621696 13.9602343672886 14.3224127781577 14.133793130517 13.9172032689676 13.7773521994241 13.4445783724077 13.7809381242841 13.2538071698509 13.3836176497862 13.5299233840778 13.4840235458687 12.7596667241305 13.0623187823221 13.1175420251675 13.9437391129322 14.373332911171 14.4701528823934 14.3955656453036 13.9530625175685 14.5153355356306 14.8552812123671 12.3297828285997 11.6199997402728 -9999 -9999 -9999 -9999 -9999 -9999 -9999 -9999 -9999 -9999 -9999 -9999 -9999 -9999 -9999 -9999 -9999 -9999 -9999 -9999 -9999
-9999 -9999 -9999 -9999 -9999 14.7376628769562 15.0395977501757 14.8337656632066 14.5490432293154 15.1364177213982 14.2578661306761 14.7810525677633 14.7394558393862 15.2676625712775 14.8753623915836 15.3379466985352 15.1722769699991 15.3372295135632 14.8000579695217 15.1923581492156 14.3224127781577 14.4278389690444 14.3597063967027 13.895687719807 13.3642536555417 13.1211279500276 13.6102481009439 13.7192602166906 13.8519394365139 13.3986785341986 13.5636310777627 13.2430493952706 13.4775688811205 13.4237800082192 13.2301400657743 13.6697744536214 13.9200720088556 13.9530625175685 14.092913587112 9.8056205911436 11.8134410891636 -9999 13.6048927708243 10.1926583806756 11.6348816263489 12.2799997255206 -9999 -9999 -9999 -9999 -9999 -9999 -9999 -9999 -9999 -9999 -9999 -9999 -9999 -9999 -9999 -9999
-9999 -9999 -9999 -9999 -9999 14.65016631037 13.5098422048613 14.5641041137278 14.570558778476 13.8999908296391 13.5399639736861 14.9850916923024 14.5633869287558 14.7512893914245 15.1163365421817 15.3451185482554 15.3171483343467 15.1349833514541 15.2396923573688 15.1127506173216 15.207419033628 14.2090975525789 14.5956602524966 14.8043610793538 14.411343714688 14.2800988648087 13.5399639736861 13.9573656274006 14.4966887263581 14.4464857783169 14.1395306102931 14.1588946045376 14.6336710560136 13.4503158521838 13.1677449732088 13.2222510310821 11.9440839739516 12.8636585450731 12.8650929150172 13.4252143781632 13.217230736278 13.693441557698 12.7308000290068 11.6202988652512 11.597588007804 10.0355591387488 13.2649997035041 -9999 -9999 -9999 -9999 -9999 -9999 -9999 -9999 -9999 -9999 -9999 -9999 -9999 -9999 -9999
-9999 -9999 -9999 -9999 -9999 14.6637928248383 14.4385967436247 14.4558091829531 14.5203558304347 14.6042664721608 14.9062013453804 14.9047669754364 14.8459578077309 14.8395031429827 14.8308969233185 15.249732946977 14.0276497546583 14.7771080504172 14.8631702470593 14.5762962582521 13.894253349863 14.054902783595 14.4400311135687 14.8961607557721 14.0341044194065 14.4299905239604 13.7436445057392 13.8691518758424 13.4689626614563 14.2313302867115 13.9573656274006 13.8576769162901 12.7697073137388 12.9253364526667 13.7859584190883 13.5521561182104 13.4130222336389 12.8450117358007 13.7493819855154 13.735038286075 13.0702078170143 13.0953092910349 12.2425763593055 12.7272141041467 11.2355250060109 8.97849140095671 -9999 -9999 -9999 -9999 -9999 -9999 -9999 -9999 -9999 -9999 -9999 -9999 -9999 -9999 -9999 -9999
-9999 -9999 -9999 -9999 -9999 14.4644154026173 14.2435224312358 14.7283394723199 14.7613299810328 14.9148075650446 15.0589617444202 14.6817224491388 14.8402203279547 15.0180822010152 15.0352946403436 14.9076357153244 14.7398144318722 14.9097872702405 14.052751228679 14.4780419170856 14.7756736804731 14.929868449457 14.8373515880667 14.49023406161 14.0097201303579 13.895687719807 14.2105319225229 13.654713569209 14.1990569629706 14.4242530441843 14.2420880612917 14.1137119513005 13.2401806553826 13.6848353380337 13.6482589044608 13.0400860481896 12.7474745796062 13.773766274564 12.9949033949524 12.7110774422763 12.8249305565841 12.8952146838419 12.4304788219742 13.0350657533854 11.4947914951481 12.2458435352892 13.479863873031 -9999 -9999 8.83343759481795 -9999 -9999 -9999 -9999 10.9150669761002 -9999 -9999 -9999 -9999 -9999 -9999 -9999
-9999 -9999 -9999 -9999 -9999 15.0948209930211 14.4651325875893 14.6731162294745 14.6365397959016 14.8796655014157 14.8559983973391 14.9800713974983 15.1902065942995 15.3709372072481 15.1041443976574 15.367351282388 15.3601794326678 14.7082582931034 14.65016631037 14.7426831717603 14.3116550035775 14.8179875938222 14.5103152408265 14.0964995119721 14.8022095244378 14.1043885466643 13.856242546346 14.3819391308352 14.1825617086142 14.0627918182872 13.617061358178 13.1118045453914 13.1698965281248 13.4689626614563 11.5928067746572 12.0475020469166 12.3114261166193 14.0749839628115 13.4283221797086 14.7903759723995 13.9666890320368 12.6757560824044 9.44137138943188 9.25908687571064 11.6745658614673 11.6914197083097 11.2048097047955 8.83853171748684 9.03292259478476 9.06824395465665 -9999 -9999 -9999 9.81775045465128 9.68448337829351 -9999 -9999 -9999 -9999 -9999 -9999 -9999
-9999 -9999 -9999 -9999 -9999 15.2927640452981 14.7634815359488 15.5703146294691 14.3970000152476 13.9423047429882 14.9521011835895 14.8603015071712 15.0998412878253 14.5748618883081 15.1923581492156 14.4335764488205 14.3152409284376 15.4957273923792 15.3192998892628 14.7950376747176 14.3052003388293 14.7068239231594 14.0398418991826 13.5249030892737 14.1868648184463 13.6525620142929 14.2700582752004 12.8077181172557 13.9788811765611 13.3248084820807 13.3721426902339 13.5127109447494 13.9200720088556 13.2208166611381 12.8156071519479 13.1813714876771 13.2408978403546 13.4015472740866 11.902630682569 14.8574327672832 12.3475244268775 9.59783724416047 10.3269752990454 11.2963703195564 8.72089078170913 10.2119154320098 8.41999981179833 10.2115085185505 10.348593303202 10.0086202870401 8.08151954843889 8.30428492067912 -9999 8.55517902035409 8.77061770807665 -9999 -9999 -9999 -9999 -9999 -9999 -9999
-9999 -9999 -9999 -9999 -9999 14.9664448830299 14.41206089966 15.287743750494 14.8832514262758 15.0596789293922 14.2621692405082 15.2178182157222 14.6996520734392 14.4895168766379 14.7742393105291 14.3934140903875 14.3826563158073 15.2289345827885 15.2275002128445 15.3035218198784 13.6747947484255 13.9380016331561 15.3063905597664 14.1216009859927 15.4333322998136 13.3599505457096 12.9654988110997 13.3936582393944 13.3434552913532 12.5703298915178 13.6647541588172 13.4682454764843 13.5471358234063 13.1275826147757 14.4500717031769 13.7472304305993 12.9626300712116 13.004465861246 9.59292139376975 5.34493544651195 11.5456014021277 12.0768110061064 9.01022369042039 10.8957029818557 9.22753073694184 7.958830521442 7.90999982319772 9.54499978665262 10.0030945656821 11.0789589070683 9.22830432972065 9.30285841905688 11.0630119903279 14.450788888149 11.2146539984018 -9999 -9999 -9999 -9999 -9999 -9999 -9999
-9999 -9999 -9999 -9999 -9999 14.3797875759192 14.3805047608912 14.4852137668058 14.5167699055746 14.530396420043 14.9671620680019 14.6315195010975 14.5770134432241 15.3852809066884 14.9793542125262 14.9671620680019 15.2031159237958 15.3114108545706 15.2647938313894 15.4161198604852 14.4730216222815 14.9528183685616 14.4895168766379 14.4887996916659 14.4357280037366 13.6267433553003 12.4864192497917 12.777596348431 12.419721047394 12.6477858684957 12.6255531343631 12.5251472382806 12.9970549498685 12.5832392210141 12.4548631110229 11.5534128286942 8.99038414341668 9.16348114951156 7.8349998248741 9.68802975063243 12.4765835701754 10.6693115923554 11.0527664907277 12.3253395050764 12.7740104235709 7.82722304994764 8.60258198871642 8.57999980822206 12.1601000875235 14.5909985501785 14.5476088593714 15.5375999611301 14.4414654835127 16.2301248037256 13.1355863990635 -9999 -9999 -9999 -9999 -9999 -9999 -9999
-9999 -9999 -9999 -9999 -9999 14.135227500461 14.0649433732033 14.5139011656865 14.1653492692858 15.010910351295 14.8014923394658 15.2698141261935 15.1600848254748 15.4806665079668 15.6413159416988 15.3644825424999 15.3257545540109 15.3114108545706 15.2210455480963 15.1256599468179 14.9958494668826 14.6164586166851 15.0582445594482 14.732642582152 14.5569322640076 13.4452955573797 12.9970549498685 13.057298487518 12.6513717933558 12.9468520018272 12.9554582214914 12.4857020648196 12.5280159781687 12.7302621402778 12.2497482090257 13.4747001412325 13.5299233840778 13.1003295858391 -9999 11.5456399096642 12.5703298915178 12.700140371453 12.9152958630584 12.596005113516 11.637033181265 10.5586260450073 -9999 11.7383953239769 11.7642139829695 14.1665445775725 13.9451734828763 14.1452680900693 14.1847132635303 15.1758628948592 13.7549996925518 -9999 -9999 -9999 -9999 -9999 -9999 -9999
