EcologicalScience/Bass/data/rs_data_bass/sst_82.asc
NCOLS 226 
NROWS 124 
XLLCORNER -9.41648524995501 
YLLCORNER 47.587301625531 
CELLSIZE 0.0833 
NODATA_value -9999 
[rows 54 to 80 of 124, columns 124 to 185 of 226]
14.1412496839184 13.7199996933341 13.4424996995367 13.5649996967986 13.822499691043 13.9599996879697 13.3949997005984 13.3999997004867 13.469999698922 13.7949996916577 13.7949996916577 14.3774996786378 14.3924996783026 14.4824996762909 14.4624996767379 11.6899997387081 11.3899997454137 11.2499997485429 14.1883330161994 15.1949996603653 12.9349997108802 13.0249997088686 13.3349997019395 13.8349996907637 14.1199996843934 14.3049996802583 14.5199996754527 14.6899996716529 14.524999675341 13.8999996893108 12.909999711439 13.6649996945634 15.9599996432662 15.6149996509776 15.7499996479601 16.0074996422045 15.9874996426515 15.6799996495247 15.6499996501952 15.5899996515363 15.809999646619 15.8549996456131 16.1549996389076 16.1949996380135 15.9249996440485 15.809999646619 16.0549996411428 15.9199996441603 15.9599996432662 15.9799996428192 14.777999669686 14.5974996737204 14.5696548467566 12.6566663837681 14.2666663477818 14.3749996786937 14.0324996863492 14.4512496769894 17.3049996132031 17.4599996097386 17.2599996142089 16.7249996261671
14.3849996784702 13.2799997031689 13.5574996969663 13.967499687802 13.862499690149 13.9599996879697 14.2524996814318 14.1924996827729 14.2599996812642 13.7549996925518 13.7749996921048 12.7699997145683 14.2674996810965 14.402499678079 14.5949996737763 15.1024996624328 10.8749997569248 11.4749997435138 15.2799996584654 15.2749996585771 14.3549996791407 13.3849997008219 15.3099996577948 14.2499996814877 13.654999694787 14.1649996833876 14.3649996789172 14.484999676235 14.5949996737763 13.7699996922165 13.4049997003749 13.7449996927753 15.9674996430986 15.9674996430986 15.4649996543303 15.4649996543303 15.0949996626005 16.079999640584 16.0049996422604 16.0199996419251 16.2299996372312 16.1649996386841 16.1749996384606 16.1299996394664 15.9799996428192 15.8399996459484 15.9199996441603 15.5949996514246 15.8349996460602 15.7199996486306 14.5949996737763 16.9849996203557 16.9449996212497 14.2766663475583 14.2283330153053 14.1749996831641 14.4349996773526 15.6162755943947 -9999 -9999 -9999 -9999
13.7224996932782 13.7374996929429 14.4033330113937 14.1799996830523 14.1974996826611 14.2249996820465 14.1799996830523 14.5099996756762 14.3649996789172 13.6649996945634 13.6649996945634 14.132499684114 14.379999678582 14.3274996797554 14.6324996729381 14.9499996658415 11.0349997533485 15.5049996534362 15.5049996534362 12.3599997237325 12.3999997228384 14.2799996808171 13.034999708645 14.0099996868521 14.7399996705353 14.1899996828288 14.1749996831641 14.3949996782467 14.5949996737763 14.5599996745586 14.0099996868521 13.4949996983632 15.5949996514246 15.1599996611476 16.3749996339902 16.3749996339902 16.2599996365607 15.789999647066 15.8149996465072 15.9824996427633 16.2324996371754 16.0499996412545 16.5199996307492 15.8699996452779 15.6099996510893 15.7599996477365 15.8799996450543 14.4799996763468 17.0899996180087 17.1049996176735 15.0299996640533 15.0299996640533 14.0399996861815 14.4533330102762 15.5849996516481 -9999 -9999 -9999 -9999 -9999 -9999 -9999
12.8199997134507 13.6449996950105 13.5799996964633 14.3783330119525 14.3724996787496 14.6074996734969 14.0824996852316 14.2624996812083 14.3949996782467 13.8949996894225 14.0949996849522 13.9099996890873 13.9099996890873 14.2799996808171 14.8124996689148 15.4424996548332 15.4449996547773 15.7549996478483 15.7549996478483 12.204999727197 12.1249997289851 12.2549997260794 12.9049997115508 13.1099997069687 13.2399997040629 13.7899996917695 14.0649996856228 14.3999996781349 14.8049996690825 14.8499996680766 14.3849996784702 13.8999996893108 16.0749996406958 15.8199996463954 16.1199996396899 16.2299996372312 15.4949996536598 16.1474996390752 15.3699996564537 15.2049996601418 15.2049996601418 16.0399996414781 16.2549996366724 15.4949996536598 15.624999650754 15.4299996551126 15.4049996556714 16.7099996265024 15.2999996580184 15.0999996624887 15.0949996626005 13.6224996955134 13.5874996962957 13.0216663756097 13.8937496894505 -9999 -9999 -9999 -9999 -9999 -9999 -9999
13.7849996918812 14.194999682717 13.7524996926077 14.3274996797554 14.3474996793084 14.4674996766262 14.4924996760674 14.2199996821582 13.8549996903166 14.6849996717647 14.7624996700324 13.944999688305 13.9799996875226 14.0099996868521 13.779999691993 13.7249996932223 15.2349996594712 14.9049996668473 14.8099996689707 15.0599996633828 11.3399997465312 11.8849997343495 13.4149997001514 13.1149997068569 13.4649996990338 13.8099996913224 14.069999685511 14.3499996792525 14.4599996767938 14.4949996760115 14.3749996786937 13.5449996972457 13.0299997087568 16.0224996418692 15.479999653995 15.2049996601418 15.2049996601418 16.1399996392429 16.4149996330962 16.4349996326491 16.4899996314198 16.2399996370077 16.2399996370077 16.2899996358901 15.8299996461719 15.7249996485189 14.6324996729381 14.5649996744469 13.2599997036159 14.774999669753 14.5749996742234 13.4249996999279 13.6449996950105 13.8449996905401 15.2549996590242 -9999 -9999 -9999 -9999 -9999 -9999 -9999
15.0039996646345 14.2999996803701 14.2999996803701 14.7349996706471 14.5666663410763 14.0633330189933 14.5699996743351 14.4299996774644 13.9899996872991 14.5399996750057 14.3974996781908 14.3899996783584 14.7524996702559 13.6399996951222 13.6399996951222 15.8299996461719 15.7999996468425 15.6049996512011 16.1899996381253 16.1899996381253 15.5849996516481 16.4749996317551 14.4649996766821 13.4999996982515 13.8599996902049 13.8049996914342 13.5849996963516 13.6249996954575 14.5949996737763 14.3049996802583 13.6449996950105 14.9449996659532 16.4899996314198 16.389999633655 16.3599996343255 16.2599996365607 16.2474996368401 16.2624996365048 16.1449996391311 16.267499636393 16.1574996388517 15.5649996520951 15.5649996520951 16.1074996399693 15.7349996482953 15.7349996482953 15.2649996588007 14.919999666512 14.4899996761233 14.2899996805936 14.0524996859021 13.6399996951222 13.6499996948987 13.8974996893667 13.8549996903166 -9999 23.7447889405303 -9999 -9999 -9999 -9999 -9999
-9999 -9999 -9999 -9999 -9999 14.9749996652827 14.7449996704236 14.4649996766821 14.9099996667355 14.9099996667355 14.919999666512 14.919999666512 13.8299996908754 13.799999691546 14.8699996676296 15.7199996486306 15.6999996490777 15.8499996457249 15.9924996425398 16.0549996411428 12.514999720268 12.5299997199327 13.2449997039512 13.509999698028 13.944999688305 14.0099996868521 13.6599996946752 13.7049996936694 16.1749996384606 16.3599996343255 16.1174996397458 15.8774996451102 16.1274996395223 16.3299996349961 16.3299996349961 16.3149996353313 16.3349996348843 16.3424996347167 16.3349996348843 16.2199996374547 15.8499996457249 16.20499963779 15.7049996489659 16.4199996329844 16.1149996398017 15.8599996455014 -9999 18.3299995902926 18.214999592863 12.8549997126684 14.0374996862374 12.9699997100979 12.9699997100979 13.2863330363606 5.37499987985939 5.37499987985939 -9999 -9999 -9999 -9999 -9999 -9999
-9999 -9999 -9999 -9999 -9999 -9999 -9999 14.4574996768497 14.7924996693619 14.3774996786378 14.3674996788613 14.6174996732734 14.8124996689148 14.2249996820465 14.1349996840581 14.0849996851757 15.6599996499717 15.8599996455014 16.1399996392429 16.2999996356666 16.4999996311963 15.4849996538833 14.0999996848404 14.3249996798113 13.7949996916577 14.6749996719882 14.21499968227 15.189999660477 15.8366663126896 13.779999691993 16.5499996300787 16.4799996316433 16.389999633655 16.3149996353313 16.3149996353313 16.1699996385723 16.3849996337667 15.2599996589124 15.4349996550009 15.4499996546656 15.4599996544421 15.6099996510893 15.6349996505305 15.9999996423721 16.0149996420369 15.6299996506423 -9999 -9999 -9999 -9999 -9999 -9999 -9999 -9999 -9999 -9999 -9999 -9999 -9999 -9999 -9999 -9999
-9999 -9999 -9999 -9999 -9999 -9999 -9999 -9999 15.2964147524381 14.8799996674061 14.8799996674061 14.5599996745586 14.8124996689148 14.919999666512 14.3199996799231 14.3699996788055 14.5099996756762 16.7699996251613 16.6449996279553 16.4899996314198 16.4849996315315 16.3749996339902 14.2749996809289 13.8249996909872 15.1849996605888 16.2499996367842 16.4899996314198 16.5499996300787 16.5599996298552 16.5699996296316 16.6049996288493 16.6249996284023 16.6099996287376 16.65999962762 16.7099996265024 16.7399996258318 16.7899996247143 16.8249996239319 16.5299996305257 16.20499963779 15.7549996478483 15.4349996550009 15.9599996432662 16.3099996354431 16.2749996362254 15.8192387768472 -9999 -9999 -9999 -9999 -9999 -9999 -9999 -9999 -9999 -9999 -9999 -9999 -9999 -9999 -9999 -9999
-9999 -9999 -9999 -9999 -9999 -9999 -9999 -9999 -9999 14.5399996750057 14.8074996690266 14.8324996684678 14.8399996683002 14.9424996660091 15.0824996628799 15.2224996597506 15.312499657739 16.4449996324256 16.4199996329844 16.4149996330962 16.3599996343255 16.3399996347725 15.6999996490777 14.359999679029 15.7199996486306 16.244999636896 16.4599996320903 16.1949996380135 16.1099996399134 16.6049996288493 16.6049996288493 16.6849996270612 16.7699996251613 16.6999996267259 16.7449996257201 16.7899996247143 16.5249996306375 16.0049996422604 15.9799996428192 15.7499996479601 15.9749996429309 15.9799996428192 15.9399996437132 15.7649996476248 15.4349996550009 -9999 -9999 -9999 -9999 -9999 -9999 -9999 -9999 -9999 -9999 -9999 -9999 -9999 -9999 -9999 -9999 -9999
-9999 -9999 -9999 -9999 -9999 -9999 -9999 -9999 -9999 14.4174996777438 14.7524996702559 15.022499664221 15.0749996630475 15.1649996610358 15.3649996565655 15.4949996536598 16.244999636896 16.2599996365607 16.369999634102 16.4449996324256 16.4649996319786 16.4449996324256 16.6199996285141 16.5599996298552 16.4899996314198 16.5299996305257 16.7399996258318 16.7399996258318 16.7599996253848 16.7299996260554 16.6799996271729 16.6849996270612 16.6899996269494 16.6449996279553 16.7949996246025 16.804999624379 16.6749996272847 16.1249996395782 16.1199996396899 15.9249996440485 15.3799996562302 15.7649996476248 15.6849996494129 15.9499996434897 16.1649996386841 -9999 23.4731244753348 23.4731244753348 -9999 -9999 -9999 -9999 -9999 -9999 -9999 -9999 -9999 -9999 -9999 -9999 -9999 -9999
-9999 -9999 -9999 -9999 -9999 -9999 -9999 -9999 -9999 15.1499996613711 15.1849996605888 15.2349996594712 15.3599996566772 15.4549996545538 15.7499996479601 16.0849996404722 16.3049996355549 16.3799996338785 16.4699996318668 16.5949996290728 16.7549996254966 16.7699996251613 16.784999624826 16.8649996230379 16.8799996227026 16.8549996232614 16.8249996239319 16.8849996225908 16.8399996235967 16.8149996241555 16.7949996246025 16.7799996249378 16.8799996227026 16.8299996238202 15.1599996611476 16.9249996216968 16.3999996334314 16.0349996415898 16.0749996406958 15.4499996546656 15.4299996551126 15.7799996472895 16.0749996406958 16.059999641031 16.1649996386841 -9999 -9999 -9999 -9999 -9999 -9999 -9999 -9999 -9999 -9999 -9999 -9999 -9999 -9999 -9999 -9999 -9999
-9999 -9999 -9999 -9999 -9999 -9999 -9999 -9999 -9999 15.9799996428192 15.4049996556714 15.5699996519834 15.8549996456131 15.5149996532127 15.9949996424839 16.1749996384606 16.5449996301904 16.5849996292964 16.65999962762 16.8149996241555 16.8949996223673 17.0399996191263 17.1949996156618 16.8949996223673 16.4799996316433 16.4249996328726 16.9549996210262 17.0199996195734 17.0249996194616 17.0099996197969 17.074999618344 16.949999621138 16.8649996230379 16.17666630509 15.5499996524304 16.2699996363372 16.1349996393546 15.9599996432662 15.5449996525422 15.4399996548891 15.3899996560067 15.6849996494129 15.9849996427074 16.2499996367842 -9999 -9999 -9999 -9999 -9999 -9999 -9999 -9999 -9999 -9999 -9999 -9999 -9999 -9999 -9999 -9999 -9999 -9999
-9999 -9999 -9999 -9999 -9999 -9999 -9999 -9999 15.2149996599182 15.1849996605888 15.9049996444955 16.1499996390194 16.1949996380135 16.0349996415898 16.1499996390194 16.3599996343255 16.5949996290728 16.784999624826 16.8149996241555 16.9449996212497 17.1199996173382 17.1249996172264 17.054999618791 17.1099996175617 16.1649996386841 16.3399996347725 16.8349996237084 17.1299996171147 16.6199996285141 17.0249996194616 16.8299996238202 16.5099996309727 16.5399996303022 16.3299996349961 15.3399996571243 15.9749996429309 15.9949996424839 15.8599996455014 15.934999643825 15.6749996496364 15.8949996447191 16.0149996420369 16.1799996383488 -9999 -9999 -9999 -9999 -9999 -9999 -9999 -9999 -9999 -9999 -9999 -9999 -9999 -9999 -9999 -9999 -9999 -9999 -9999
-9999 -9999 -9999 -9999 -9999 -9999 -9999 -9999 15.5399996526539 15.5399996526539 15.954999643378 16.224999637343 16.3199996352196 16.4149996330962 16.3749996339902 16.4299996327609 16.7249996261671 17.0099996197969 17.0449996190146 17.1199996173382 16.9249996216968 17.0349996192381 15.3199996575713 14.7049996713176 13.9799996875226 17.1699996162206 16.6899996269494 16.3949996335432 17.2449996145442 17.2449996145442 16.4649996319786 16.6149996286258 16.5899996291846 16.2649996364489 15.8799996450543 15.6599996499717 15.7299996484071 15.7649996476248 16.3199996352196 16.0199996419251 15.9999996423721 15.914999644272 15.7849996471778 -9999 -9999 -9999 -9999 -9999 -9999 -9999 -9999 -9999 -9999 -9999 -9999 -9999 -9999 -9999 -9999 -9999 -9999 -9999
-9999 -9999 -9999 -9999 -9999 -9999 -9999 15.6874996493571 15.9799996428192 16.0099996421486 16.0199996419251 16.0849996404722 16.2199996374547 16.4199996329844 16.5249996306375 16.4799996316433 16.8099996242672 16.9799996204674 16.8799996227026 16.9649996208027 17.1299996171147 17.3249996127561 15.6699996497482 15.3049996579066 15.4849996538833 15.499999653548 16.3249996351078 16.8349996237084 16.8349996237084 16.9599996209145 16.5949996290728 16.4799996316433 16.5449996301904 16.3649996342137 15.9199996441603 15.1799996607006 15.5549996523187 15.8549996456131 16.4549996322021 16.079999640584 15.7749996474013 15.9249996440485 -9999 -9999 -9999 -9999 -9999 -9999 -9999 -9999 -9999 -9999 -9999 -9999 -9999 -9999 -9999 -9999 -9999 -9999 -9999 -9999
-9999 -9999 -9999 3.8400372271426 -9999 8.07455406497115 15.4049996556714 16.1349996393546 15.954999643378 15.9049996444955 16.1049996400252 16.0499996412545 16.059999641031 16.2699996363372 16.3149996353313 16.2849996360019 16.8349996237084 16.9949996201321 16.9849996203557 16.929999621585 17.0999996177852 17.054999618791 17.2099996153265 16.5299996305257 15.1999996602535 15.3999996557832 16.7449996257201 17.1249996172264 17.1349996170029 17.1849996158853 17.0899996180087 16.8199996240437 16.2349996371195 15.8799996450543 15.064999663271 15.0299996640533 15.5149996532127 16.2799996361136 16.3199996352196 15.4549996545538 13.2949997028336 -9999 -9999 -9999 -9999 -9999 -9999 -9999 -9999 -9999 -9999 -9999 -9999 -9999 -9999 -9999 -9999 -9999 -9999 -9999 -9999 -9999
-9999 -9999 3.88019958557561 -9999 15.6999996490777 15.7199996486306 15.7849996471778 16.2099996376783 16.1699996385723 16.1949996380135 16.2699996363372 16.1849996382371 16.2999996356666 16.2899996358901 15.9749996429309 15.8399996459484 17.054999618791 17.0299996193498 17.1149996174499 16.9849996203557 16.9899996202439 16.9699996206909 16.9349996214733 16.5049996310845 16.0349996415898 15.9649996431544 16.9699996206909 17.1749996161088 17.1149996174499 17.0499996189028 16.9799996204674 16.8099996242672 15.8949996447191 15.7249996485189 15.4699996542186 15.1249996619299 15.1149996621534 14.9799996651709 18.3074995907955 -9999 -9999 -9999 -9999 -9999 -9999 -9999 -9999 -9999 -9999 -9999 -9999 -9999 -9999 -9999 -9999 -9999 -9999 -9999 -9999 -9999 -9999 -9999
16.7749996250495 16.7749996250495 -9999 15.3187496575993 15.9199996441603 15.0399996638298 14.1299996841699 16.0399996414781 16.2099996376783 16.2899996358901 16.4549996322021 16.3199996352196 16.2399996370077 16.6049996288493 16.349999634549 17.1899996157736 16.8449996234849 17.0999996177852 17.0699996184558 16.9949996201321 16.6199996285141 16.5849996292964 16.8849996225908 16.8149996241555 16.7599996253848 16.9449996212497 17.0449996190146 16.8949996223673 16.8799996227026 17.0049996199086 16.9599996209145 16.8249996239319 15.3399996571243 14.5199996754527 14.5899996738881 15.1299996618181 14.6999996714294 14.5099996756762 -9999 -9999 -9999 -9999 -9999 -9999 -9999 -9999 -9999 -9999 -9999 -9999 -9999 -9999 -9999 -9999 -9999 -9999 -9999 -9999 -9999 -9999 -9999 -9999
15.5049996534362 15.6024996512569 15.7866663138072 16.0149996420369 15.229999659583 15.7549996478483 16.1699996385723 16.1999996379018 16.2799996361136 16.3749996339902 16.4099996332079 16.6649996275082 16.6149996286258 16.6849996270612 16.3249996351078 16.9149996219203 16.9399996213615 17.0099996197969 16.9849996203557 17.2149996152148 16.1949996380135 16.4249996328726 16.8199996240437 17.0149996196851 16.8349996237084 16.6549996277317 16.6449996279553 16.8399996235967 16.8749996228144 16.8649996230379 16.8499996233732 16.7599996253848 16.4899996314198 14.524999675341 13.8649996900931 13.4399996995926 3.33085098937946 3.33085098937946 13.2399997040629 13.2399997040629 -9999 -9999 -9999 -9999 -9999 -9999 -9999 -9999 -9999 -9999 -9999 -9999 -9999 -9999 -9999 -9999 -9999 -9999 -9999 -9999 -9999 -9999
15.6416663170482 14.6849996717647 15.4849996538833 15.5149996532127 15.6599996499717 15.8349996460602 16.1849996382371 16.369999634102 16.4399996325374 16.4399996325374 16.4049996333197 16.369999634102 16.5999996289611 16.639999628067 16.804999624379 16.6149996286258 16.9599996209145 17.0499996189028 16.7349996259436 17.0999996177852 16.8999996222556 16.8299996238202 17.1199996173382 17.1049996176735 16.949999621138 16.7449996257201 16.7449996257201 16.65999962762 16.3999996334314 16.6299996282905 16.7799996249378 16.4849996315315 15.4499996546656 13.4749996988103 13.1210866632426 12.8649997124448 12.2447497263085 9.64670710145246 9.60384124875205 -9999 -9999 -9999 -9999 -9999 -9999 -9999 -9999 -9999 -9999 -9999 -9999 -9999 -9999 -9999 -9999 -9999 -9999 -9999 -9999 -9999 -9999 -9999
14.6799996718764 15.6049996512011 15.6099996510893 15.7449996480718 15.954999643378 16.0049996422604 16.0949996402487 16.2199996374547 16.3049996355549 16.3049996355549 16.2749996362254 16.389999633655 16.3349996348843 16.5749996295199 16.6749996272847 16.5999996289611 16.2599996365607 16.3149996353313 16.5849996292964 16.6199996285141 16.5949996290728 16.8999996222556 17.3799996115267 17.094999617897 16.5349996304139 16.4799996316433 16.3149996353313 16.2849996360019 16.2999996356666 16.4199996329844 16.2099996376783 16.3999996334314 15.0399996638298 16.2649996364489 15.5299996528774 16.2824996360578 13.7464282641719 -9999 -9999 -9999 -9999 -9999 -9999 -9999 -9999 -9999 -9999 -9999 -9999 -9999 -9999 -9999 -9999 -9999 -9999 -9999 -9999 -9999 -9999 -9999 -9999 -9999
15.6699996497482 15.7249996485189 15.7799996472895 15.809999646619 15.7949996469542 15.9449996436015 15.8249996462837 16.0099996421486 16.1249996395782 16.3049996355549 16.2699996363372 16.1799996383488 16.1699996385723 16.1949996380135 16.3999996334314 16.3849996337667 16.2849996360019 16.3249996351078 15.9899996425956 16.0349996415898 16.4549996322021 15.8999996446073 16.6199996285141 16.4849996315315 16.2199996374547 16.0849996404722 16.059999641031 15.9999996423721 15.8299996461719 15.7949996469542 15.6849996494129 15.6749996496364 -9999 -9999 -9999 13.6052278061397 -9999 -9999 -9999 -9999 -9999 -9999 -9999 -9999 -9999 -9999 -9999 -9999 -9999 -9999 -9999 -9999 -9999 -9999 -9999 -9999 -9999 -9999 -9999 -9999 -9999 -9999
14.5399996750057 14.899999666959 14.9349996661767 15.3699996564537 15.6399996504188 15.8649996453896 15.9599996432662 15.9299996439368 16.0449996413663 16.1649996386841 16.1849996382371 16.0699996408075 16.2199996374547 16.0699996408075 16.0149996420369 16.3549996344373 16.1599996387959 15.9699996430427 15.8799996450543 15.9749996429309 15.9949996424839 16.4499996323138 16.2549996366724 15.9249996440485 15.7199996486306 15.8199996463954 15.8499996457249 15.769999647513 15.769999647513 15.7449996480718 15.7949996469542 15.7749996474013 15.9874996426515 15.8849996449426 -9999 -9999 -9999 -9999 -9999 -9999 -9999 -9999 -9999 -9999 -9999 -9999 -9999 -9999 -9999 -9999 -9999 -9999 -9999 -9999 -9999 -9999 -9999 -9999 -9999 -9999 -9999 -9999
15.2649996588007 15.4399996548891 14.7799996696413 14.8249996686354 15.0149996643886 15.7199996486306 15.8499996457249 15.1249996619299 15.9199996441603 16.1999996379018 16.1849996382371 16.1299996394664 16.3849996337667 15.9249996440485 16.0499996412545 16.7249996261671 16.4149996330962 16.1699996385723 16.369999634102 15.9399996437132 15.8199996463954 15.954999643378 16.059999641031 15.7799996472895 15.4849996538833 15.7049996489659 15.8949996447191 15.8699996452779 15.8299996461719 15.7799996472895 15.8499996457249 15.5749996518716 16.0649996409193 16.8949996223673 16.8949996223673 4.99999988824129 -9999 -9999 -9999 -9999 -9999 -9999 -9999 -9999 -9999 -9999 -9999 -9999 -9999 -9999 -9999 -9999 -9999 -9999 -9999 -9999 -9999 -9999 -9999 -9999 -9999 -9999
-9999 -9999 -9999 -9999 7.15999983996153 16.1574996388517 14.6049996735528 15.7099996488541 15.7849996471778 16.1599996387959 16.5299996305257 16.3799996338785 16.4649996319786 16.5449996301904 16.2699996363372 16.3999996334314 16.8549996232614 16.4299996327609 16.4649996319786 15.8599996455014 15.8199996463954 15.8849996449426 15.9049996444955 15.6549996500835 15.5999996513128 15.6999996490777 15.7099996488541 -9999 -9999 -9999 -9999 -9999 -9999 -9999 -9999 -9999 -9999 -9999 -9999 -9999 -9999 -9999 -9999 -9999 -9999 -9999 -9999 -9999 -9999 -9999 -9999 -9999 -9999 -9999 -9999 -9999 -9999 -9999 -9999 -9999 -9999 -9999
-9999 -9999 -9999 -9999 -9999 16.1574996388517 15.7949996469542 15.6949996491894 16.9699996206909 16.7549996254966 16.5399996303022 16.4649996319786 16.6799996271729 16.65999962762 16.514999630861 16.5399996303022 16.4399996325374 16.7899996247143 16.1949996380135 15.7099996488541 15.7399996481836 15.7399996481836 15.8349996460602 15.7799996472895 15.7599996477365 -9999 -9999 -9999 -9999 -9999 -9999 -9999 -9999 -9999 -9999 -9999 -9999 -9999 -9999 -9999 -9999 -9999 -9999 -9999 -9999 -9999 -9999 -9999 -9999 -9999 -9999 -9999 -9999 -9999 -9999 -9999 -9999 -9999 -9999 -9999 -9999 -9999
