EcologicalScience/Bass/data/rs_data_bass/sst_259.asc
NCOLS 226 
NROWS 124 
XLLCORNER -9.41648524995501 
YLLCORNER 47.587301625531 
CELLSIZE 0.0833 
NODATA_value -9999 
[rows 0 to 26 of 124, columns 62 to 123 of 226]
-9999 -9999 -9999 -9999 -9999 -9999 -9999 -9999 -9999 -9999 -9999 -9999 -9999 -9999 -9999 -9999 -9999 -9999 -9999 -9999 -9999 -9999 -9999 -9999 -9999 -9999 -9999 -9999 -9999 -9999 -9999 -9999 -9999 -9999 -9999 -9999 -9999 -9999 -9999 -9999 -9999 -9999 -9999 -9999 -9999 -9999 -9999 -9999 -9999 -9999 -9999 -9999 -9999 -9999 -9999 -9999 -9999 -9999 -9999 -9999 -9999 -9999
-9999 -9999 -9999 -9999 -9999 -9999 -9999 -9999 -9999 -9999 -9999 -9999 -9999 -9999 -9999 -9999 -9999 -9999 -9999 -9999 -9999 -9999 -9999 -9999 -9999 -9999 -9999 -9999 -9999 -9999 -9999 -9999 -9999 -9999 -9999 -9999 -9999 -9999 -9999 -9999 -9999 -9999 -9999 -9999 -9999 -9999 -9999 -9999 -9999 -9999 -9999 -9999 -9999 -9999 -9999 -9999 -9999 -9999 -9999 -9999 -9999 -9999
-9999 -9999 -9999 -9999 -9999 -9999 -9999 -9999 -9999 -9999 -9999 -9999 -9999 -9999 -9999 -9999 -9999 -9999 -9999 -9999 -9999 -9999 -9999 -9999 -9999 -9999 -9999 -9999 -9999 -9999 -9999 -9999 -9999 -9999 -9999 -9999 -9999 -9999 -9999 -9999 -9999 -9999 -9999 -9999 -9999 -9999 -9999 -9999 -9999 -9999 -9999 -9999 -9999 -9999 -9999 -9999 -9999 -9999 -9999 -9999 -9999 -9999
-9999 -9999 -9999 -9999 -9999 -9999 -9999 -9999 -9999 -9999 -9999 -9999 -9999 -9999 -9999 -9999 -9999 -9999 -9999 -9999 -9999 -9999 -9999 -9999 -9999 -9999 -9999 -9999 -9999 -9999 -9999 -9999 -9999 -9999 -9999 -9999 -9999 -9999 -9999 -9999 -9999 -9999 -9999 -9999 -9999 -9999 -9999 -9999 -9999 -9999 -9999 -9999 -9999 -9999 -9999 -9999 -9999 -9999 -9999 -9999 -9999 -9999
-9999 -9999 -9999 -9999 -9999 -9999 -9999 -9999 -9999 -9999 -9999 -9999 -9999 -9999 -9999 -9999 -9999 -9999 -9999 -9999 -9999 -9999 -9999 -9999 -9999 -9999 -9999 -9999 -9999 -9999 -9999 -9999 -9999 -9999 -9999 -9999 -9999 -9999 -9999 -9999 -9999 -9999 -9999 -9999 -9999 -9999 -9999 -9999 -9999 -9999 -9999 -9999 -9999 -9999 -9999 -9999 -9999 -9999 -9999 -9999 -9999 -9999
-9999 -9999 -9999 -9999 -9999 -9999 -9999 -9999 -9999 -9999 -9999 -9999 -9999 -9999 -9999 -9999 -9999 -9999 -9999 -9999 -9999 -9999 -9999 -9999 -9999 -9999 -9999 -9999 11.6799997389317 11.9867315978591 11.2980437511578 14.717820759397 14.5581275722943 14.5196386454627 13.7400585808791 13.6633197888732 13.6123996558599 13.8024536734447 13.7149571068585 13.5449842684902 13.5142887516879 13.5428327135742 13.8670003209263 13.6894970403519 13.0547883401159 13.191173015628 13.2509384299628 13.5201218561269 14.1543524330482 11.6996673354879 11.7548905783333 11.6150395087898 11.3898434275761 12.5552690071054 14.1412040418945 13.5294452607632 14.1665445775725 14.2033600728028 13.1799371177331 13.3699911353178 13.5184484245256 14.0186849425081
-9999 -9999 -9999 -9999 -9999 -9999 -9999 -9999 -9999 -9999 -9999 -9999 -9999 -9999 -9999 -9999 -9999 -9999 -9999 -9999 -9999 -9999 -9999 -9999 -9999 -9999 -9999 12.9817071914673 12.8772850595415 12.8385570710525 12.3513016010635 14.012947462732 14.4942981097847 14.4077577898279 14.3274330729619 14.7280525983311 13.9064454943873 13.7802209393121 13.5098422048613 13.5586107829586 13.8397472919896 13.1903362998273 13.1476637939923 14.1140705437865 13.2828531612176 13.6838790914044 13.7087415037677 14.0723542845808 14.4597537002992 12.1263923938386 12.0080568734556 11.9592882953584 12.022400572896 11.7914670119062 14.3496658070944 14.3446455122903 14.5069683776237 14.3809828842059 14.8620944696013 15.0048142790329 14.7509307989385 14.5395405284362
-9999 -9999 -9999 -9999 -9999 -9999 -9999 -9999 -9999 -9999 -9999 -9999 -9999 -9999 -9999 -9999 -9999 -9999 -9999 -9999 -9999 -9999 -9999 -9999 -9999 -9999 12.9725909736007 13.681488474831 13.7249976964667 13.6850743996911 13.308791351039 13.2389853470959 13.6848353380337 12.540208122693 14.6911892907694 14.2867925912142 13.6783806732856 13.895687719807 13.8576769162901 13.1175420251675 13.7264320664108 13.814645817969 13.9222235637717 14.2958769341931 14.4608294777572 13.7110125895124 13.908357987646 14.3274330729619 13.3807489098981 14.0373317517806 12.3078401917592 11.863185509108 11.6308175781742 11.7613452430815 11.9793694745749 12.1070283995941 14.2800988648087 14.6212398498319 15.0205923484173 14.9825815449003 14.9072771228384 14.9750511026941
-9999 -9999 -9999 -9999 -9999 -9999 -9999 -9999 -9999 -9999 -9999 -9999 -9999 -9999 -9999 -9999 -9999 -9999 -9999 -9999 -9999 -9999 -9999 -9999 -9999 11.5770678244531 13.9455320753623 13.4118269253522 13.6786197349429 13.6162246423773 13.4931078888476 13.4747001412325 13.4345377827995 14.0890886005946 12.2949308622628 13.5675755951088 11.0816929512657 13.9423047429882 13.8849299452268 13.8799096504226 13.8971220897511 13.9817499164492 13.3872035746463 13.9415875580162 13.9078798643313 13.0343485684134 13.935132893268 13.4189987750724 14.6268577987794 14.1495711999014 12.1550797927193 14.3216955931857 12.5968657354824 12.3695180993527 12.8450117358007 12.5731986314058 15.3053147823084 13.6002075113356 15.207419033628 14.8846857962199 15.1052201751154 15.1335489815101
-9999 -9999 -9999 -9999 -9999 -9999 -9999 -9999 -9999 -9999 -9999 -9999 -9999 -9999 -9999 -9999 -9999 -9999 -9999 -9999 -9999 -9999 -9999 -9999 -9999 13.4685642253608 14.5072672046954 14.3948484603316 14.1615242827684 14.2040772577748 13.7226070798934 14.2006706291577 13.4417096325196 13.85588395386 12.4297616370022 14.7125614029355 13.3940168318804 11.8947416478768 13.9014251995832 13.9200720088556 14.1072572865523 13.4610736267641 13.9111071967054 13.7321695461869 14.2499770959839 14.2248756219633 14.3399838099722 11.5698568555526 11.3152561904863 14.0409176766407 14.1119189888705 13.1067842505872 13.0257423487492 12.9174474179745 12.9217505278066 12.8442945508286 12.857203880325 13.6783806732856 15.0417493050918 15.0661335941404 14.9764854726382 14.7025208133273
-9999 -9999 -9999 -9999 -9999 -9999 -9999 -9999 -9999 -9999 -9999 -9999 -9999 -9999 -9999 -9999 -9999 -9999 -9999 -9999 -9999 -9999 -9999 -9999 13.6648139242316 14.6304437236395 13.3850520197302 14.0589668317698 14.1168197528459 14.279620741494 13.7312132995576 13.1250724673737 13.4865336932708 13.6608096414711 13.1591387535445 12.5072176139802 13.773766274564 13.9218649712857 13.7135227369145 13.9448148903903 14.213400662411 14.3281502579339 14.4199499343522 14.2714926451445 14.4801934720017 14.2958769341931 14.6867427439429 10.5650807097554 11.4543900750577 11.2048097047955 11.7398296939209 14.0258567922283 14.4744559922256 13.3298287768848 13.6927243727259 12.7245246605016 12.9604785162956 13.37788017001 15.3228858141229 13.575106037315 13.7235633265227 15.3515732130036
-9999 -9999 -9999 -9999 -9999 -9999 -9999 -9999 -9999 -9999 -9999 -9999 -9999 -9999 -9999 -9999 -9999 -9999 -9999 -9999 -9999 -9999 -9999 -9999 13.2884711101651 14.5522705616895 13.3488341786433 14.307112832088 14.0214341515675 14.1524399397895 13.7400585808791 13.1184982717969 13.6851939305197 14.0097201303579 14.1682180091739 13.3872035746463 12.9099169757683 14.3059175238013 13.2423322102986 14.2643207954243 13.9390774106141 13.1318857246079 12.8399914409965 14.5849024779163 14.2499770959839 14.412778084632 13.1146732852794 14.5468916743994 14.7928861198016 14.1578188270796 10.9100466812961 14.3303018128499 14.5433057495393 14.2736442000605 12.9102755682543 13.3556474358775 14.1517227548175 15.3788262419403 14.2750785700046 13.6848353380337 13.617419950664 13.3821832798421
-9999 -9999 -9999 -9999 -9999 -9999 -9999 -9999 -9999 -9999 -9999 -9999 -9999 -9999 -9999 -9999 -9999 -9999 -9999 -9999 -9999 -9999 -9999 13.1599997058511 13.1311685396358 13.7500991704874 14.6754470806336 14.7052102569724 13.775200644508 14.0601621400565 13.2050385917537 14.9888569134055 13.614909803262 12.8421429959126 12.9647816261277 12.938245782163 13.1193349875975 13.3466826237272 13.2541657623369 14.0197607199661 14.2492599110119 13.4950203821063 14.1603289744817 14.7096926630475 14.7663502758369 14.6953489636071 14.8846857962199 14.8352000331506 14.8273109984584 14.7455519116484 14.7390972469002 13.0601672274061 14.8746452066116 11.9743491797708 15.2389751723967 15.329340478871 14.4084749747999 13.2251197709702 15.4634540686384 15.5050507970154 13.415890973527 14.0025482806377
-9999 -9999 -9999 -9999 -9999 -9999 -9999 -9999 -9999 -9999 -9999 -9999 -9999 -9999 -9999 -9999 -9999 -9999 -9999 -9999 -9999 10.8998893406459 13.311660090927 13.3745333068073 13.7612872560509 14.7383800619282 14.7518272801535 14.6811845604097 14.6141277655261 14.6811845604097 14.5407956021372 14.691404446261 13.2351603605784 14.1861476334743 12.8421429959126 12.2246467350051 13.5998489188496 13.335207664175 12.9629886636976 13.2480696900748 14.2033600728028 14.2815332347527 14.5985289923847 14.4005859401077 14.5203558304347 14.5275276801549 14.6810052641667 14.7441175417043 14.9011810505763 14.9126560101286 14.4457685933448 14.8000579695217 13.497650060337 15.0453352299519 15.3099764846265 15.4247260801494 14.3130893735215 14.2765129399486 13.1053498806432 15.4899899126031 15.4405041495338 14.4364451887086
-9999 -9999 -9999 -9999 -9999 -9999 -9999 -9999 -9999 -9999 -9999 -9999 -9999 -9999 -9999 -9999 -9999 -9999 -9999 -9999 12.5262313550988 14.5760093842633 14.4480635852553 14.5124667957425 14.2809953460237 14.2302545092534 14.490413357853 14.6790330054937 14.5081636859104 14.7875072325114 14.8470335851889 14.9167798237177 14.5569322640076 14.5978118074127 14.5420506758383 13.7633670924697 13.2208166611381 13.535302271368 13.615268395748 13.9903561361134 13.8218176676892 14.1452680900693 14.4730216222815 14.7548753162846 14.1947538531385 13.8799096504226 14.5189214604907 15.0998412878253 14.6490905329119 14.6975005185232 14.3898281655274 14.7197332526557 14.9101458627265 15.5305108635221 15.3408154384233 15.2920468603261 13.1569871986285 13.375728615094 13.8576769162901 14.2800988648087 15.2741172360256 15.247581392061
-9999 -9999 -9999 -9999 -9999 -9999 -9999 -9999 -9999 -9999 -9999 -9999 -9999 -9999 -9999 -9999 -9999 -9999 -9999 -9999 9.55763850677961 13.9981427158096 14.7280525983311 12.5586158703081 14.1756289205514 13.9956154925749 13.641326116398 13.32217880385 13.3838567114435 13.5641092010774 14.2074838863919 14.4832415081328 13.7949232312385 15.2199697706383 14.8430890678428 14.1926022982225 13.8741721706465 13.5123523522634 13.7680287947878 13.6127582483459 13.8698690608144 13.9096728267614 14.6351054259576 14.5013504286762 15.1475340884645 14.7548753162846 14.2298959167674 14.5504775992595 14.8412961054128 14.8448820302729 14.9660862905439 15.0388805652037 14.7835627151653 14.9054841604084 15.1450239410624 15.4899899126031 13.5299233840778 14.9296293877997 13.4847407308407 14.1675008242019 15.2569047966972 15.2267830278724
-9999 -9999 -9999 -9999 -9999 -9999 -9999 -9999 -9999 -9999 -9999 -9999 -9999 -9999 -9999 -9999 -9999 -9999 12.9857631013729 13.0800434966306 14.5849024779163 14.2657551653683 13.4235409465618 12.860072620213 13.66810102202 12.2153233303688 13.761813191697 13.8512222515419 13.7565538352355 13.6819665981457 14.7202711413847 13.5887325517833 13.6622440114152 13.7927716763224 13.8607847178355 13.7651600548998 13.2326502131764 14.2722098301165 14.0692464830354 14.371181356255 13.9107486042194 13.3111819676124 14.3277916654479 14.9348887442611 14.8416546978988 14.7265465098899 14.65016631037 14.7835627151653 14.7799767903052 14.9901119871065 14.3948484603316 14.9205450448208 15.6900845197961 14.4369233120233 15.1048615826294 14.9650105130859 15.2910906136967 13.1053498806432 13.1498153489083 14.135227500461 15.2569047966972 15.3594622476958
-9999 -9999 -9999 -9999 -9999 -9999 -9999 -9999 -9999 -9999 -9999 -9999 -9999 -9999 -9999 -9999 9.50966152513865 15.3571057827877 13.9530625175685 14.6540391092189 14.6729369332315 13.7068887759233 14.2585833156481 14.1667836392298 14.491668431554 12.8385570710525 13.1498153489083 13.0113986493088 14.1359446854331 14.1388134253211 13.9609515522607 14.1581774195656 13.7174672542606 14.1513641623314 14.1897335583344 14.1230353559367 14.4063234198838 14.3439283273183 14.4206671193242 14.4346522262786 13.1562700136565 13.8870815001428 14.2281029543374 14.571275963448 14.8018509319518 14.6960661485791 14.850260917563 14.6888942988589 15.2138736983761 15.3049561898224 14.9148075650446 14.8714178742375 15.0406735276338 14.9702698695473 14.8459578077309 15.261686029844 15.5476037720218 13.4503158521838 13.3248084820807 14.3597063967027 12.3953367583454 15.4247260801494
-9999 -9999 -9999 -9999 -9999 -9999 -9999 -9999 -9999 -9999 9.54803989511088 9.43184530208616 8.78379073128896 -9999 -9999 -9999 8.82090211706236 13.351200889051 15.4637409426272 14.7460898003774 14.652138569043 14.1686961324885 14.131641575601 13.9297540059779 14.4299905239604 13.5686513725668 14.4658497725613 13.7461546531413 14.2499770959839 14.3783532059751 14.2951597492211 14.5110324257985 14.3001800440252 14.3496658070944 12.2949308622628 14.2019257028587 14.5106738333125 14.4866481367499 14.5024262061343 14.6239890588913 14.8054368568119 14.6985762959812 14.2295373242814 14.7416073943023 14.7799767903052 15.1765800798312 15.2296517677605 15.250450131949 15.3200170742348 15.3214514441788 14.7674260532949 14.8043610793538 15.0600375218783 14.5978118074127 15.1009170652833 15.12996305665 14.7950376747176 15.5889614387415 15.4629759453237 15.3888668315485 15.3888668315485 15.5095929685049
-9999 -9999 -9999 -9999 -9999 -9999 -9999 -9999 -9999 -9999 -9999 -9999 -9999 -9999 -9999 -9999 -9999 11.6349997399375 12.3460311412644 14.9080660263076 14.2169865872711 14.4264045991004 13.7113711819984 14.1402477952652 14.3303018128499 14.4400311135687 14.3898281655274 14.0254981997423 13.6917681260966 13.5131890680641 14.174314081436 14.3202612232417 14.3077104862314 13.4374065226875 13.654713569209 11.8101138211787 13.8297067023814 14.7365870994981 14.6225546889473 14.7839213076513 14.7656330908649 14.9445707413834 14.3589892117307 14.4289147465024 14.4195913418662 15.2038331087679 15.330057663843 15.3967558662407 15.5000305022113 15.4849696177989 14.8778725389857 15.0948209930211 15.2307275452185 15.2454298371449 15.2447126521729 15.0324259004556 14.3661610614508 13.8705862457864 14.0269325696863 13.7472304305993 13.1196935800835 15.4995523788966
-9999 -9999 -9999 -9999 -9999 -9999 -9999 -9999 -9999 -9999 -9999 -9999 -9999 -9999 13.6311377432197 14.3790703909472 12.6836451170966 12.5506585322853 12.9977721348405 13.49782935658 13.1053498806432 14.4952543564141 14.3575548417866 14.2169865872711 14.3998687551357 14.453657628037 14.65016631037 13.0599281657487 14.2876293070149 14.0326700494625 13.9917905060574 14.3259987030178 14.3410595874302 13.7321695461869 14.4016617175657 14.5913571426645 14.0276497546583 14.3417767724022 14.6229132814333 14.5759376657661 14.7735221255571 14.8825342413038 14.412419492146 14.6551866051741 14.6738334144466 15.0725882588886 15.169408230111 15.4290291899815 15.4950102074072 15.3042390048504 15.050355524756 15.1357005364262 15.2153080683202 15.2253486579284 14.4400311135687 15.369144244818 16.1673711186741 13.9803155465052 15.5896786237136 13.9996795407496 14.2385021364316 14.3238471481018
-9999 -9999 -9999 -9999 -9999 -9999 -9999 -9999 -9999 -9999 -9999 -9999 8.96383901581515 13.3946144860238 14.1904507433064 14.3844492782373 14.3023315989412 14.693197408691 14.4948957639281 14.6178929866292 14.4814485457027 14.0532293519937 14.4099093447439 13.935132893268 14.6853083739989 14.8000579695217 13.6088137309998 14.0696050755214 12.7062364437152 14.1194494310766 13.9516281476244 14.0835901824757 14.4077577898279 12.6879482269287 12.8127384120598 14.1757484513801 14.1811273386702 14.3525345469825 14.0498824887909 14.2363505815156 14.5268104951829 14.6594897150062 14.3446455122903 14.8269524059724 15.1629535653628 14.9815057674423 15.1973784440197 14.9176763049327 15.1582918630447 15.5459303404205 15.5355311583262 15.2949156002142 15.2031159237958 14.8050782643259 15.1758628948592 15.9203008958139 15.9217352657579 15.8643604679964 15.8810947840102 15.2812890857458 14.0886104772799 15.8833658697549
-9999 -9999 -9999 -9999 -9999 -9999 -9999 -9999 -9999 -9999 10.9133935444988 13.9052160344353 14.2793816798367 15.3090800034115 14.6325952785555 15.6364749431377 15.6976149620023 13.8081911532208 13.3248084820807 12.591606379021 14.5033226873493 13.2289925698191 13.0759452967905 14.5422299720813 14.8402203279547 14.5936879938236 14.8796655014157 14.731208212208 14.6845911890268 14.5827509230003 14.09219640214 14.4852137668058 14.411343714688 13.1433606841601 13.0300454585813 13.999201417435 14.8592257297132 13.8297067023814 14.1206447393633 15.0808358860668 16.00600449997 10.8017517505214 14.9122974176425 15.1783730422612 15.1661808977369 15.2963499701582 15.2640766464174 14.9750511026941 14.9865260622464 14.8746452066116 15.1772972648032 15.2712484961376 15.8123645575251 15.3856394991744 12.9102755682543 15.9597460692748 15.925321190618 15.8399761789478 15.5606326323468 16.2294076187536 14.1983397779986 14.1861476334743
-9999 -9999 -9999 -9999 -9999 -9999 -9999 -9999 -9999 -9999 10.6499997619539 10.6070926504847 10.7530209190016 13.5191656094976 13.520026231464 13.7486648005433 14.089999685064 -9999 -9999 9.22999979369342 7.54211019182747 9.88624599179273 11.94386881846 13.5860072488897 14.4762489546556 14.6164586166851 14.5182042755187 14.7835627151653 14.3295846278779 14.2693410902284 14.3901867580134 14.5777306281962 13.8743514668895 14.6713232670445 14.8660389869474 12.5947141805664 14.9076357153244 14.8979537182022 14.9664448830299 15.0958967704792 15.0919522531331 15.0754569987766 15.3454771407414 15.2820062707178 15.4842524328269 15.4322565223556 15.5595568548888 15.0611132993363 14.9822229524143 14.9807885824703 15.5993606208358 15.7126758464146 15.5168843490537 15.5046922045294 15.3903012014925 16.2738730870187 16.1445407303981 16.2164982892573 14.8552812123671 14.8423718828708 13.6253089853562 13.9996795407496
-9999 -9999 -9999 -9999 -9999 -9999 -9999 -9999 -9999 -9999 -9999 -9999 -9999 -9999 -9999 -9999 -9999 -9999 -9999 -9999 -9999 -9999 -9999 -9999 11.5599997416139 12.8658100999892 14.4952543564141 14.6049836571328 14.3948484603316 14.4558091829531 14.3489486221224 14.7347941370681 14.7096926630475 14.729773842264 15.409665195737 14.5884884027764 14.8065126342699 14.8588671372272 14.850978102535 15.4182714154013 15.447675999254 15.3616138026118 15.3397396609653 15.5706732219551 15.7209234735928 14.9901119871065 15.0589617444202 15.0568101895042 15.368785652332 15.3250373690389 15.568163074553 15.5929059560876 15.7485350950155 16.1924725926947 16.1114306908567 16.046166858403 15.568163074553 15.7162617712747 15.687574372394 15.646336236503 15.8661534304265 15.7646717568859
-9999 -9999 -9999 -9999 -9999 -9999 -9999 -9999 -9999 -9999 -9999 -9999 -9999 -9999 -9999 -9999 -9999 -9999 -9999 -9999 -9999 -9999 -9999 -9999 -9999 10.6396679468453 14.6551866051741 14.2616313517792 14.5576494489796 14.7986235995777 14.97003080789 14.8452406227589 14.5511947842315 14.6071352120489 14.6264992062934 12.1601000875235 14.4290342773311 14.7910931573715 14.9026154205203 13.9501937776804 15.408948010765 15.1077303225175 15.5821481815074 15.1400036462583 15.0948209930211 15.1622363803908 15.3106936695985 15.3472701031715 15.5330210109241 15.5312280484941 15.0998412878253 15.8417691413779 15.5011062796693 15.4301049674395 14.9399090390652 15.2396923573688 15.6040223231539 15.8349558841437 15.7531967973337 15.7596514620818 15.8313699592836 15.7001251094043
-9999 -9999 -9999 -9999 -9999 -9999 -9999 -9999 -9999 -9999 -9999 -9999 -9999 -9999 -9999 -9999 -9999 -9999 -9999 -9999 -9999 -9999 -9999 -9999 -9999 -9999 10.0278602667386 13.695593112614 11.0412018830539 11.2923959195032 13.574747444829 13.5182093628682 14.4264045991004 13.8300652948674 14.6630756398663 14.571634555934 14.6594897150062 14.6939145936631 15.0546586345881 15.3465529181994 15.4519791090861 15.4046449009329 15.1349833514541 15.7847529361024 15.5635013722349 14.6623584548943 15.2633594614454 15.447675999254 15.7743537540082 15.7707678291481 16.2372966534458 15.5595568548888 15.5706732219551 15.6692861556076 15.5968504734337 16.1494414943736 16.1756187458523 15.6771751902997 15.887310387101 15.9195837108418 15.7402874678373 16.1445407303981
