EcologicalScience/Bass/data/rs_data_bass/sst_249.asc
NCOLS 226 
NROWS 124 
XLLCORNER -9.41648524995501 
YLLCORNER 47.587301625531 
CELLSIZE 0.0833 
NODATA_value -9999 
[rows 0 to 26 of 124, columns 0 to 61 of 226]
-9999.000000000000000 -9999 -9999 -9999 -9999 -9999 -9999 -9999 -9999 -9999 -9999 -9999 -9999 -9999 -9999 -9999 -9999 -9999 -9999 -9999 -9999 -9999 -9999 -9999 -9999 -9999 -9999 -9999 -9999 -9999 -9999 -9999 -9999 -9999 -9999 -9999 -9999 -9999 -9999 -9999 -9999 -9999 -9999 -9999 -9999 -9999 -9999 -9999 -9999 -9999 -9999 -9999 -9999 -9999 -9999 -9999 -9999 -9999 -9999 -9999 -9999 -9999
-9999 -9999 -9999 -9999 -9999 -9999 -9999 -9999 -9999 -9999 -9999 -9999 -9999 -9999 -9999 -9999 -9999 -9999 -9999 -9999 -9999 -9999 -9999 -9999 -9999 -9999 -9999 -9999 -9999 -9999 -9999 -9999 -9999 -9999 -9999 -9999 -9999 -9999 -9999 -9999 -9999 -9999 -9999 -9999 -9999 -9999 -9999 -9999 -9999 -9999 -9999 -9999 -9999 -9999 -9999 -9999 -9999 -9999 -9999 -9999 -9999 -9999
-9999 -9999 -9999 -9999 -9999 -9999 -9999 -9999 -9999 -9999 -9999 -9999 -9999 -9999 -9999 -9999 -9999 -9999 -9999 -9999 -9999 -9999 -9999 -9999 -9999 -9999 -9999 -9999 -9999 -9999 -9999 -9999 -9999 -9999 -9999 -9999 -9999 -9999 -9999 -9999 -9999 -9999 -9999 -9999 -9999 -9999 -9999 -9999 -9999 -9999 -9999 -9999 -9999 -9999 -9999 -9999 -9999 -9999 -9999 -9999 -9999 -9999
-9999 -9999 -9999 -9999 -9999 -9999 -9999 -9999 -9999 -9999 -9999 -9999 -9999 -9999 -9999 -9999 -9999 -9999 -9999 -9999 -9999 -9999 -9999 -9999 -9999 -9999 -9999 -9999 -9999 -9999 -9999 -9999 -9999 -9999 -9999 -9999 -9999 -9999 -9999 -9999 -9999 -9999 -9999 -9999 -9999 -9999 -9999 -9999 -9999 -9999 -9999 -9999 -9999 -9999 -9999 -9999 -9999 -9999 -9999 -9999 -9999 -9999
-9999 -9999 -9999 -9999 -9999 -9999 -9999 -9999 -9999 -9999 -9999 -9999 -9999 -9999 -9999 -9999 -9999 -9999 -9999 -9999 -9999 -9999 -9999 -9999 -9999 -9999 -9999 -9999 -9999 -9999 -9999 -9999 -9999 -9999 -9999 -9999 -9999 -9999 -9999 -9999 -9999 -9999 -9999 -9999 -9999 -9999 -9999 -9999 -9999 -9999 -9999 -9999 -9999 -9999 -9999 -9999 -9999 -9999 -9999 -9999 -9999 -9999
-9999 -9999 -9999 -9999 -9999 10.9602496293373 10.9516434096731 10.905743571464 10.8842280223034 10.9609668143094 10.9631183692254 10.788125236053 10.8741874326952 10.8340250742622 10.5457167155109 10.7744987215847 10.2545396168716 10.3614001777023 10.4324014899321 10.6740928255022 11.0240790918469 11.5318460520357 11.3568529188633 11.7606280581094 12.2402266348577 12.2002624459565 8.52666172303725 10.4747154032812 10.6705069006421 10.8239844846539 10.5270699062385 10.8397625540383 11.6302835042588 12.2915518604896 12.3249997245148 7.54754477877918 10.2474500670663 12.2299997266382 12.0849997298792 10.6427217667261 10.50985746691 9.9547562985681 12.8940876788859 13.0249997088686 -9999 -9999 -9999 -9999 -9999 -9999 -9999 -9999 -9999 -9999 -9999 -9999 -9999 -9999 -9999 -9999 -9999 -9999
-9999 -9999 -9999 -9999 -9999 11.0126041322947 11.0039979126304 10.9208044558764 10.9387340801768 10.8885311321355 10.827570409514 10.8792077274993 10.8354594442062 10.7049317792989 10.547151085455 10.5830103340559 10.7013458544388 10.4345530448481 10.6855677850544 10.7027802243829 10.4524826691486 10.6016571433283 10.8225501147099 12.2432935442775 12.9195989728905 12.9303567474708 10.3061769348569 10.4159062355757 10.4151890506037 10.5744041143917 10.2889644955285 10.7393566579558 8.92382485593422 12.9344357369991 13.4318577757988 10.833627504332 12.0099997315556 12.0049997316673 11.7173728394846 11.791870428453 12.4723531703405 11.3102358956821 12.7548001118204 12.7943197980057 12.4728253346402 11.9126944071763 11.9449997330084 -9999 -9999 -9999 -9999 -9999 -9999 -9999 -9999 -9999 -9999 -9999 -9999 -9999 -9999 -9999
-9999 -9999 -9999 -9999 -9999 10.8598437332548 11.1151615832932 10.8777733575553 10.7429425828159 10.7357707330957 10.8992889067158 10.9738761438057 10.785973681137 10.5593432299793 10.6590319410898 10.7049317792989 10.6253242474049 10.5105746518821 10.8720358777791 10.7651753169484 10.5851618889719 10.627475802321 12.2146061453968 11.5002899132669 12.1756326993576 11.8948260225794 10.4826044379734 10.4166234205477 10.6231726924889 10.9968260629103 9.77976316539571 10.9301278605126 10.8103579701856 10.6418195017613 10.8490859586746 13.4069377288763 12.9785968734834 12.3099997248501 12.0549997305498 8.94095297671004 11.2246219396475 5.80010375566781 11.2801141268574 11.2284768088721 12.6228799903765 12.6899997163564 -9999 -9999 -9999 -9999 -9999 -9999 -9999 -9999 -9999 -9999 -9999 -9999 -9999 -9999 -9999 -9999
-9999 -9999 -9999 -9999 -9999 10.8985717217438 11.2700735372491 10.7716299816966 10.7673268718645 10.6339304670691 10.8397625540383 10.8376109991223 10.6884365249425 11.1969206701033 11.1330912075937 11.1115756584331 10.8440656638704 10.5851618889719 10.9380168952048 10.3865016517229 10.3685720274225 10.58803062886 11.4013183871284 12.7639320873851 9.60179447755218 7.72000792576 9.27486494509503 10.3850672817789 11.8294778154232 11.9083681623451 11.8775292085484 11.1165959532373 10.9638355541974 10.7960142707452 10.8218329297379 10.82613603957 13.5183139523433 9.96103784970233 11.5475418215053 13.104518598062 9.6423754703213 12.7992738425852 9.22230775942823 13.0099997092038 12.1737429016503 12.1578369705006 9.33499979134649 -9999 -9999 -9999 -9999 -9999 -9999 -9999 -9999 -9999 -9999 -9999 -9999 -9999 -9999 -9999
-9999 -9999 -9999 -9999 -9999 10.785973681137 10.5457167155109 10.6547288312577 10.667638160754 10.6984771145508 10.8074892302975 10.9032334240619 11.4751884392463 11.3927121674642 10.6375163919292 11.0979491439648 10.826853224542 10.8397625540383 11.0434430860914 10.8720358777791 10.348490848206 11.0542008606717 10.7393566579558 10.7816705713049 11.4673646031879 10.508423096966 9.68437756411731 10.4869075478055 13.613834025804 12.6126438048668 10.9774620686658 10.9494918547571 11.6831720811315 10.8433484788984 10.785973681137 10.666920975782 10.905026386492 11.2327799187042 11.3267311500385 11.343226404395 11.785012347158 13.3041210389673 10.2510007205343 13.1758296038024 13.2585014714859 12.8625049236946 12.0949997296557 -9999 -9999 -9999 -9999 -9999 -9999 -9999 -9999 -9999 -9999 -9999 -9999 -9999 -9999 -9999
-9999 -9999 -9999 -9999 -9999 10.7415082128718 10.7049317792989 10.6475569815375 10.8698843228631 10.8125095251016 10.9035920165479 11.5913724047132 12.2906277524307 11.0226447219029 12.4254585271701 12.1780297118239 12.0855128504336 10.9365825252607 10.3814813569188 10.6956083746627 11.0549180456437 10.4001281661913 10.6174352127127 10.8863795772195 11.105120993685 10.5579088600352 10.7103106665891 10.5220496114343 11.0807367046364 10.3341471487656 11.3202764852904 11.0133213172667 11.0140385022387 10.7895596059971 10.9337137853727 10.2208319231868 10.8856623922475 10.9401684501208 11.0298165716231 11.2765282019973 11.3597216587514 10.7974486406893 11.8789635784924 13.1891484622174 13.5588715774938 12.039999730885 -9999 -9999 -9999 -9999 -9999 -9999 -9999 -9999 -9999 -9999 -9999 -9999 -9999 -9999 -9999 -9999
-9999 -9999 -9999 -9999 -9999 11.4963453959208 10.787408051081 10.7336191781797 10.8368938141502 11.2406689533964 10.8913998720236 10.9724417738616 12.4383678566664 12.5997344753705 12.9289223775268 12.0453504920006 10.4001281661913 10.311197229661 11.5347147919238 10.0078279864974 10.2265694029629 10.1003448478878 9.21031829761341 11.3340266523401 11.0355540513992 15.1600848254748 11.2815484968014 10.9301278605126 12.0726035209373 11.9449445959181 10.8498031436466 10.6977599295788 10.828287594486 10.9760276987217 10.5822931490839 10.9444715599529 11.1524552018382 11.2923062713817 11.1115756584331 11.0613727103919 11.2571642077528 11.4127933466807 11.8897213530727 13.6558341707278 13.1542325563496 13.787554734026 12.2549997260794 -9999 -9999 -9999 -9999 -9999 -9999 -9999 -9999 -9999 -9999 -9999 -9999 -9999 -9999 -9999
-9999 -9999 -9999 -9999 -9999 10.0601824894547 10.6726584555581 11.2464064331725 11.1797082307748 11.346812329255 11.5189367225394 10.9953916929662 10.6991942995228 10.548585455399 10.6332132820971 10.4553514090367 10.0802636686713 10.1067995126359 10.031495090574 10.0910214432515 10.0874355183914 10.4854731778614 9.78478346019983 9.89020965108648 10.4632404437289 10.50985746691 11.1933347452432 11.0065080600325 10.4402905246243 10.4331186749041 10.5536057502031 10.4202093454078 10.9817651784979 11.3339029997587 11.0348368664272 10.8311563343741 10.7207098486833 11.0506149358116 11.0498977508396 10.8089236002415 11.0721304849721 11.2026581498794 11.344660774339 12.2124545904808 10.6161237739794 12.1299997288734 -9999 -9999 -9999 -9999 -9999 -9999 -9999 -9999 -9999 -9999 -9999 -9999 -9999 -9999 -9999 -9999
-9999 -9999 -9999 -9999 -9999 11.6695455666631 10.8132267100736 11.1130100283772 11.3941465374082 11.2327799187042 11.6537674972787 11.4902493236586 11.1488692769781 10.6073946231045 10.4747154032812 9.94758444884792 10.1584368306212 10.2452162122354 9.90813927538693 9.9346751193516 10.1247291369364 10.0874355183914 10.1046479577199 10.390087576583 10.6246070624329 10.8419141089544 10.4123203107156 10.1627399404533 12.3953367583454 10.6382335769013 10.2961363452487 10.5285042761825 10.151264980901 10.8168126349337 11.2908719014376 11.1237678029574 10.5435651605949 10.7544175423682 10.4180577904917 10.6705069006421 11.1524552018382 10.6740928255022 13.2890612936317 13.4747624346223 11.8749997345731 -9999 -9999 -9999 -9999 -9999 -9999 -9999 -9999 -9999 -9999 -9999 -9999 -9999 -9999 -9999 -9999 -9999
-9999 -9999 -9999 -9999 -9999 11.6537674972787 11.7749717575498 11.662373716943 10.6798303052783 10.7981658256613 10.5428479756229 10.3592486227863 10.5722525594756 10.3621173626743 10.4661091836169 10.2932676053606 10.3535111430101 10.7511902099941 11.9700460699387 11.2417447308544 10.0680715241469 10.1849726745859 10.1412243912928 10.5220496114343 10.3965422413312 10.6705069006421 10.5614947848953 10.0773949287832 9.97412029281259 10.2674489463679 10.5256355362944 10.6081118080765 10.8110751551576 11.14600053709 11.1610614215024 11.1574754966423 10.787408051081 10.6038086982444 11.8070277525112 11.105120993685 12.6337429240436 12.4065875975939 13.1589141542087 12.3675848181238 13.2211405511255 11.8882818176235 -9999 -9999 -9999 -9999 -9999 -9999 -9999 -9999 -9999 -9999 -9999 -9999 -9999 -9999 -9999 -9999
-9999 -9999 -9999 -9999 -9999 10.7773674614727 11.4364604507573 12.2798699778505 11.186521488009 10.7551347273402 11.1976378550753 10.5973540334962 12.3401135155 11.982238214463 10.587313443888 10.3599658077583 10.3642689175904 10.1950132641941 10.0142826512456 9.85650195740163 10.0924558131956 10.3836329118349 10.5026856171899 10.6152836577967 10.5234839813784 10.4625232587568 12.1636860123836 10.3527939580381 10.4173406055197 10.2825098307803 10.4919278426096 10.5285042761825 10.9294106755406 11.2722250921652 10.9100466812961 10.8225501147099 10.7981658256613 8.05708486260846 11.145283352118 11.0498977508396 10.9200872709043 11.5722525585443 12.3767815046012 -9999 -9999 -9999 -9999 13.2249997043982 13.2249997043982 -9999 -9999 -9999 -9999 -9999 -9999 -9999 -9999 -9999 -9999 -9999 -9999 -9999
-9999 -9999 -9999 -9999 -9999 10.6109805479646 10.9100466812961 10.8562578083947 10.9215216408484 10.6798303052783 10.6826990451664 10.1347697265446 10.0773949287832 10.1670430502854 10.4037140910514 10.3384502585977 10.2789239059202 10.1993163740262 10.0738090039231 11.5820490000769 10.3190862643532 10.6030915132724 10.6626178659499 10.7551347273402 10.388294614153 10.2846613856964 11.7348093991168 9.48500014189631 10.0114139113575 10.7658925019205 10.0429700501263 11.3374889246188 10.7852564961649 10.8411969239824 11.465147849638 10.7099520741031 10.6454054266214 10.8196813748218 12.351095410384 -9999 -9999 -9999 -9999 -9999 -9999 -9999 -9999 -9999 -9999 -9999 -9999 -9999 -9999 -9999 -9999 -9999 -9999 -9999 -9999 -9999 -9999 -9999
-9999 -9999 -9999 -9999 -9999 11.5146336127073 10.6597491260618 10.9502090397291 10.9502090397291 11.3991668322124 11.2528610979207 10.8982131292578 11.2284768088721 9.91029083030298 10.3334299637936 10.5163121316582 10.2753379810601 9.90527053549886 10.0049592466094 11.4798501415644 11.4522385201417 11.5530030087102 10.4413663020823 10.427381195128 10.8634296581149 12.5552690071054 11.0857569994405 10.4904934726655 10.3965422413312 10.9326380079146 9.47997984709218 10.1605883855373 11.625080098398 10.9516434096731 10.628192987293 10.8469344037585 10.825418854598 11.1352427625097 11.5124820577912 12.4073468435556 11.6199997402728 -9999 -9999 -9999 -9999 -9999 -9999 -9999 -9999 -9999 -9999 -9999 -9999 -9999 -9999 -9999 -9999 -9999 -9999 -9999 -9999 -9999
-9999 -9999 -9999 -9999 -9999 11.5250327948015 11.8115481911227 11.4945524334908 11.3633075836115 11.2976851586718 11.2829828667454 11.0545594531577 10.4001281661913 11.1183889156673 11.1373943174258 11.7147282199003 11.1746879359707 11.1574754966423 11.1094241035171 11.5469069364481 11.5512100462802 12.3099917466752 10.7558519123122 11.8452558848076 10.3348643337376 9.82494581863284 8.62868128530681 10.5736869294196 10.4044312760234 9.70804466819391 11.145283352118 10.7250129585154 10.1921445243061 9.9267860846594 10.6217383225448 10.6030915132724 10.6002227733843 10.8942686119117 11.3884090576321 9.78875705261236 11.9519636029393 -9999 13.6300516601712 10.361458748818 9.86480620444605 12.2799997255206 -9999 -9999 -9999 -9999 -9999 -9999 -9999 -9999 -9999 -9999 -9999 -9999 -9999 -9999 -9999 -9999
-9999 -9999 -9999 -9999 -9999 11.7667241303716 11.5784630752169 11.8344981102273 10.8978545367718 11.6017715868074 10.5901821837761 10.6597491260618 11.5530030087102 11.7721030176617 11.7570421332493 11.781785014784 11.7071977776941 11.4170964565128 11.623287135968 11.5325632370077 10.7454527302179 11.0800195196643 11.4314401559532 10.4947965824977 11.3001953060739 12.579653296154 9.86439099209383 9.63202306116 10.6317789121531 10.5593432299793 10.6554460162297 9.84646136779338 10.9014404616319 9.83068329840899 9.66357919992879 9.75466169137508 8.48255484725814 10.8928342419676 10.868449952919 10.6403851318173 10.6984771145508 10.6583147561178 10.7128208139911 10.7952970857732 9.90503147384152 9.42910752641037 13.2649997035041 -9999 -9999 -9999 -9999 -9999 -9999 -9999 -9999 -9999 -9999 -9999 -9999 -9999 -9999 -9999
-9999 -9999 -9999 -9999 -9999 10.905026386492 11.665242456831 10.9236731957644 10.9702902189456 10.8928342419676 11.8194372258149 11.7584765031934 9.99635302694514 11.8689229888842 10.8426312939264 10.7788018314168 10.6439710566774 10.4352702298202 11.6760002314113 11.6609393469989 10.2803582758643 10.2674489463679 10.628910172265 12.7503433194943 12.6850794870406 11.2930234563537 11.4443494854495 9.35877558682114 11.3532669940032 9.77976316539571 9.87873469153419 9.79482404980808 10.3635517326184 10.1648914953694 10.1699117901735 9.69513533869758 9.71449933294207 10.229438142851 9.70732748322189 9.85219884756953 10.5758384843357 10.4324014899321 10.1139713623561 9.20529800280929 9.71688994951546 9.0260385385213 -9999 -9999 -9999 -9999 -9999 -9999 -9999 -9999 -9999 -9999 -9999 -9999 -9999 -9999 -9999 -9999
-9999 -9999 -9999 -9999 -9999 11.5885036648251 11.8682058039121 11.8567308443598 10.9136326061562 10.9215216408484 10.9143497911282 10.9573808894493 10.8548234384507 10.8490859586746 10.8003173805773 10.6561632012017 10.6769615653902 11.6544846822508 11.864261286566 7.90002135373652 8.90192875964567 10.109668252524 12.4735099202953 12.0898159602657 11.0993835139088 11.265053242445 10.5736869294196 11.3496810691431 8.72908718138933 8.55767997307703 8.38268683990464 10.4937208050396 10.4252296402119 9.84144107298926 10.4947965824977 10.5356761259027 10.0989104779437 9.81562241399661 9.66573075484484 10.3951078713872 10.5177465016022 10.509140281938 10.5146387000568 10.2307290758006 9.0716625363566 10.152619663626 13.0674107956234 -9999 -9999 8.82437032767172 -9999 -9999 -9999 -9999 10.9150669761002 -9999 -9999 -9999 -9999 -9999 -9999 -9999
-9999 -9999 -9999 -9999 -9999 11.7839365697 11.7219000696205 12.3200323362835 11.7868053095881 11.0283822016791 11.4766228091903 10.8447828488424 11.4217581588309 12.181257044198 12.2318185847253 12.1529282378033 12.1869945239741 10.6210211375728 10.5600604149513 10.9896542131901 11.5225226473995 11.2750938320532 10.6310617271811 10.6081118080765 11.2098299995996 12.0281380526721 10.7278816984035 10.6400265393313 9.11493269633502 11.0585039705038 8.69537948770449 8.99157688114792 10.1795937872957 10.4402905246243 9.40324105508626 9.96838281303644 10.7099520741031 10.5751212993637 10.8003173805773 10.8878139471635 10.5227667964064 10.1252507260069 8.63490005640377 5.45513778412715 9.94148837658577 10.0236957040033 11.2048097047955 8.75660915469052 9.00527511411346 9.06802879916504 -9999 -9999 -9999 9.82447553340529 9.70012036210964 -9999 -9999 -9999 -9999 -9999 -9999 -9999
-9999 -9999 -9999 -9999 -9999 11.8527863270137 11.8746604686603 11.2822656817734 11.7588350956794 11.6089434365276 11.4802087340504 11.7376781390049 11.9058580149431 12.0041123561095 10.8074892302975 10.8175298199058 12.2676778333262 12.34190647793 11.8509933645837 9.81705678394064 10.5851618889719 10.6597491260618 10.2803582758643 11.3665349159855 10.9824823634699 11.9800866595469 11.1230506179854 9.70230718841776 9.78478346019983 10.0078279864974 9.88877528114244 9.1299935807474 9.43479719385505 9.39535202039406 9.37025054637343 9.6399120958522 9.5366374598816 10.5041199871339 10.6597491260618 10.5277870912105 10.8368938141502 7.58015685621649 10.3519333360717 10.4004150401801 10.3020172620192 10.1539302640595 8.41999981179833 9.21605577738956 9.76016010949388 10.038203164891 8.04195419803665 8.27492361522986 -9999 8.4131028384615 9.2963253261808 -9999 -9999 -9999 -9999 -9999 -9999 -9999
-9999 -9999 -9999 -9999 -9999 12.0959120325278 12.0643558937591 10.8333078892902 10.945188744925 11.0147556872107 11.6907025233377 11.6777931938414 11.8803979484364 11.9958647289313 12.1733680095058 12.3713110617828 12.3587603247724 12.5348292354029 12.4903637671378 11.8022247864865 11.5748771503568 11.8165684859268 11.5486998988781 11.2973265661858 11.2851344216615 10.8881725396495 11.0161900571547 10.2871715330984 9.51010161591694 9.79769278969616 8.86750388098881 8.68605608306825 8.82877589249983 8.22132022120059 8.31025115773082 9.4290597140789 10.2326654752251 10.7752159065567 9.48670838830215 5.05580308800563 11.6730713682322 12.204068360546 11.9347605693154 10.2351756226271 10.1181310351938 7.97589354723459 7.90999982319772 8.81746953288398 9.72525710752234 11.2225454044111 9.20613471860997 9.31769833296437 13.2590481369541 14.1825617086142 11.1641062132864 -9999 -9999 -9999 -9999 -9999 -9999 -9999
-9999 -9999 -9999 -9999 -9999 11.8158513009548 10.7952970857732 10.390087576583 11.8789635784924 11.7000259279739 11.823740335647 11.6039231417235 11.9392071161419 6.11996825318784 10.9552293345332 11.1610614215024 11.0764335948043 12.3501541051082 11.2456892482005 11.1327326151077 11.665242456831 11.4992141358089 11.2600329476409 11.3672521009576 10.5335245709866 10.1175572872162 10.3449049233459 9.94471570895985 9.85219884756953 8.44006163766608 9.47782829217613 9.43981748865917 9.4649189626798 7.54716634750366 7.69275489682332 11.985417088393 8.97209207079704 9.10878962537745 7.8349998248741 9.70989609679015 10.6434929333627 10.5299386461265 10.8648640280589 10.9272591206245 10.8021103430074 8.00073243491352 8.57871739892289 8.57999980822206 10.7013458544388 11.8986861652229 10.4995778156444 17.4471877012402 11.6047120451927 15.9863536317367 13.0539994366467 -9999 -9999 -9999 -9999 -9999 -9999 -9999
-9999 -9999 -9999 -9999 -9999 11.3771731597371 10.6497085364535 10.6425366867334 11.744491396239 10.905026386492 11.7186727372464 10.7802362013608 11.5279015346896 11.624721505912 11.6394237978384 11.1087069185451 11.0097353924066 12.0693761885632 11.8255332980771 11.6365550579503 11.0240790918469 10.9383754876908 11.0226447219029 10.3025910099968 10.2523880619556 10.0788292987272 9.67505415948108 9.80988493422046 9.92355875228532 9.80952634173445 9.73314614221454 7.90504164854065 7.65833001816645 9.36630602902733 9.16970769857289 7.29481969234933 7.45393230114132 11.3927121674642 -9999 11.5556047116406 11.4954130554572 10.6497085364535 10.8297219644301 11.1307005910203 9.75800855457783 8.89953814307228 -9999 9.60548721719533 13.5327921239659 11.4943133718334 11.3612994656898 17.4651173255406 11.6408581677824 10.6932177580893 13.7549996925518 -9999 -9999 -9999 -9999 -9999 -9999 -9999
