EcologicalScience/Bass/data/rs_data_bass/sst_384.asc
NCOLS 226 
NROWS 124 
XLLCORNER -9.41648524995501 
YLLCORNER 47.587301625531 
CELLSIZE 0.0833 
NODATA_value -9999 
[rows 81 to 107 of 124, columns 62 to 123 of 226]
13.6500518668909 -9999 -9999 -9999 -9999 -9999 -9999 -9999 -9999 -9999 -9999 -9999 -9999 -9999 -9999 -9999 -9999 -9999 -9999 -9999 -9999 -9999 -9999 -9999 -9999 -9999 -9999 -9999 -9999 -9999 -9999 -9999 -9999 -9999 -9999 -9999 -9999 -9999 -9999 -9999 -9999 -9999 -9999 -9999 -9999 -9999 -9999 -9999 -9999 -9999 -9999 -9999 -9999 -9999 -9999 -9999 -9999 -9999 -9999 -9999 -9999 -9999
14.8838197007642 -9999 -9999 -9999 -9999 -9999 -9999 -9999 -9999 -9999 -9999 -9999 -9999 -9999 -9999 -9999 -9999 -9999 -9999 -9999 -9999 -9999 -9999 -9999 -9999 -9999 -9999 -9999 -9999 -9999 -9999 -9999 -9999 -9999 -9999 -9999 -9999 -9999 -9999 -9999 -9999 -9999 -9999 -9999 -9999 -9999 -9999 -9999 -9999 -9999 -9999 -9999 -9999 -9999 -9999 -9999 -9999 -9999 -9999 -9999 -9999 -9999
-9999 -9999 -9999 -9999 -9999 -9999 -9999 -9999 -9999 -9999 -9999 -9999 -9999 -9999 -9999 -9999 -9999 -9999 -9999 -9999 -9999 -9999 -9999 -9999 -9999 -9999 -9999 -9999 -9999 -9999 -9999 -9999 -9999 -9999 -9999 -9999 -9999 -9999 -9999 -9999 -9999 -9999 -9999 -9999 -9999 -9999 -9999 -9999 -9999 -9999 -9999 -9999 -9999 -9999 -9999 -9999 -9999 -9999 -9999 -9999 15.0335136747714 -9999
-9999 -9999 -9999 -9999 -9999 -9999 -9999 -9999 -9999 -9999 -9999 -9999 -9999 -9999 -9999 -9999 -9999 -9999 -9999 -9999 -9999 -9999 -9999 -9999 -9999 -9999 -9999 -9999 -9999 -9999 -9999 -9999 -9999 11.3199997469783 11.209999749437 11.1449997508898 -9999 -9999 -9999 -9999 -9999 -9999 -9999 -9999 -9999 -9999 -9999 -9999 -9999 -9999 -9999 -9999 -9999 -9999 -9999 -9999 17.2699996139854 16.1240155795323 10.2120301076211 9.58701970416587 9.55542770614847 9.79087953246199
-9999 -9999 -9999 -9999 -9999 -9999 -9999 -9999 -9999 -9999 -9999 -9999 -9999 -9999 -9999 -9999 -9999 -9999 -9999 -9999 -9999 -9999 -9999 -9999 -9999 -9999 -9999 -9999 -9999 -9999 -9999 -9999 -9999 17.8542845393041 14.7168645127676 10.0852839634754 11.8854182432406 12.4470457948279 14.484579333946 15.5921022143086 15.4357772485819 15.8349996460602 9.65784172015265 9.72358367592096 9.45846429793164 9.43999678490218 9.70398062001914 9.49575791647658 9.47997984709218 9.4582252362743 9.55528426915407 9.61815748503432 14.8639526306652 -9999 15.7252917820588 9.3014007890597 9.28849145956337 9.24091818975285 9.68509474908933 9.55714895008132 9.4247566042468 9.18360315740574
-9999 -9999 -9999 -9999 -9999 -9999 -9999 -9999 -9999 -9999 -9999 -9999 8.9819621201168 10.851575012401 9.93976061278954 7.78204442583956 9.36487165908329 9.50260377302766 10.6842893248869 -9999 -9999 -9999 -9999 -9999 -9999 11.894999734126 9.95801640809136 13.9923742612672 10.4352702298202 10.2846613856964 10.3685720274225 11.0752041348522 10.0685605139006 10.0501418998465 15.5649996520951 13.0777557515369 16.3381244230413 10.5826517415699 10.2186803682707 10.231589697767 10.0257576107979 10.0623340443708 10.4582201489247 9.08086641016416 9.67003386467695 9.41113008977845 9.38459424581379 9.10023040440865 9.08301796508022 9.01345102279447 9.04751730896533 9.29088207613677 9.06831567315385 9.07740001613274 9.02600175980479 9.00054169329815 9.08528905082494 8.7835932392627 8.60895869857632 8.86875895468984 9.2773750924971 9.18521682359278
-9999 -9999 -9999 -9999 -9999 -9999 -9999 -9999 -9999 16.0545419851318 11.8466902547516 9.74533828673884 9.49504073150456 9.62724182801321 9.33690144517459 9.18055512127466 8.72155673918314 8.60106966388412 7.35388499754481 9.75071717402898 10.7833131562408 15.74541895411 10.5863468032735 9.73529769713059 9.82064270880073 9.82996611343697 -9999 9.63080936351504 10.2559739868157 10.2115085185505 10.2029022988863 9.88662372622639 9.9031189805828 9.82494581863284 17.7953581162728 16.514999630861 13.761917131548 10.2488021370955 10.0558793796226 9.85148166259751 9.69656970864162 9.61050751199946 9.59831536747515 9.49719228642061 9.37168491631746 9.3092898237519 9.30355234397575 9.33295692782849 9.25908687571064 9.2017120779492 9.07477033790201 9.26841028034687 9.28705708961934 9.37527084117755 9.14075135532767 9.29422893933952 9.24761191615835 9.29494612431154 8.17900630785152 8.40635394398123 8.44364756252617 9.37025054637343
-9999 -9999 -9999 -9999 -9999 -9999 -9999 -9999 14.6398457875859 10.1809385091183 10.5661564872134 9.79769278969616 9.56508579710498 9.39104891056195 9.64170505828224 9.61122469697148 9.21749014733359 8.66203038650565 9.56078268727288 8.79865412367508 8.56162449042313 10.0077084556688 9.63202306116 9.6442152056843 9.9468672638759 10.1060823276639 10.2122257035226 10.1842554896139 9.73816643701866 9.85937069728971 9.92965482454747 9.87801750656217 9.97842340264469 9.92535171471536 9.9985045818612 10.1849726745859 10.1003448478878 10.0644855992869 9.61696217674762 9.57823418825865 9.46850488753989 9.48284858698025 9.5445264945738 9.63489180104807 9.57034515356645 9.7396008069627 9.73027740232646 9.62843713629991 9.57608263334259 9.41399882966653 9.32650226308033 9.26482435548678 9.46993925748393 9.5165562806651 9.61122469697148 9.40252387011424 9.47424236731604 9.76470228098333 10.1075166976079 9.63919491088018 8.46659748163074 8.40348520409316
-9999 -9999 -9999 -9999 -9999 -9999 -9999 -9999 12.5947141805664 8.99695576843806 8.76996672479436 9.83211766835302 9.1181600287091 9.61265906691551 9.37168491631746 9.68509474908933 9.84502699784935 9.55313271423802 9.65425579529256 9.49575791647658 9.66501356987283 9.55313271423802 9.5244453153573 9.58755759289488 10.1232947669923 10.1821039346978 10.2079225936905 10.1426587612368 9.79840997466817 9.90670490544289 9.73027740232646 9.70589311327785 9.91387675516307 9.89522994589061 9.99491865700111 9.88518935628235 9.84144107298926 9.83713796315715 9.74462110176682 9.61337625188753 9.58540603797883 9.6399120958522 9.75251013645902 9.76828820584342 9.79769278969616 9.79052093997598 9.8471785527654 9.71808525780216 9.65353861032054 9.59903255244717 9.5244453153573 9.50651569105685 9.46993925748393 9.30211797403172 9.29207738442346 9.28920864453539 9.51440472574905 9.45846429793164 9.40969571983442 9.46635333262384 9.84933010768145 8.8036744184792
13.5300211820286 9.40499978978187 -9999 -9999 -9999 -9999 -9999 -9999 12.0279493197848 9.34108502417803 9.01560257771052 10.5624510315247 9.55169834429398 9.68724630400538 9.60907314205542 9.27199620520696 9.29853204917163 9.41328164469451 9.47065644245595 9.53161716507748 9.48428295692429 9.57321389345452 9.72023681271821 9.74964139657095 9.9985045818612 10.0608996744268 10.1261635068804 9.76039917115122 9.76828820584342 9.55528426915407 9.56245611887425 9.44770652335137 9.52874842518941 9.59974973741919 9.70230718841776 9.78191472031176 9.77187413070351 9.76398509601131 9.76255072606727 9.82064270880073 9.75466169137508 9.73529769713059 9.67792289936915 9.71306496299803 9.70302437338978 9.86080506723374 9.91961423493922 9.77043976075947 9.66357919992879 9.63632617099211 9.64206365076825 9.59759818250313 9.51153598586097 9.44268622854725 9.44555496843532 9.51583909569308 9.59688099753112 9.46635333262384 9.41615038458258 9.37670521112159 9.22824792191386 9.20960111264139
11.2842379404465 11.7221869436093 10.3157394011505 10.2969969672151 10.1241144069604 -9999 16.1899624452926 11.0846413783729 9.79315061820671 9.13931698538363 7.65402690833434 8.52002776204608 9.45702992798761 9.70015563350171 9.7754600555636 9.6599932750687 9.5815810514614 9.8034302694723 9.80916774924845 9.8629566221498 10.1060823276639 9.90598772047088 9.95690785348415 9.98416088242084 9.98559525236487 10.3449049233459 10.0903042582795 10.2466505821794 10.1519821658731 10.0623340443708 10.0429700501263 9.97698903270066 9.911008015275 9.79123812494799 9.751792951487 9.88662372622639 10.0006561367773 9.75753043126315 10.0838495935313 9.99204991711304 10.1950132641941 10.0279091657139 9.77689442550763 9.93324074940756 9.96407970320433 9.94112978409976 9.97555466275662 9.87730032159016 9.92535171471536 9.78048035036772 9.76972257578745 9.7238227375783 9.67720571439713 9.61409343685955 9.67720571439713 9.33223974285647 9.55815300904214 9.57034515356645 9.5603045639582 9.52372813038528 9.40180668514222 9.28418834973127
10.2100741486065 10.2050538538024 10.1648914953694 10.0357982004061 9.91287269620225 10.7131794064771 10.1598712005652 8.84778129425831 9.02707753726281 8.91232794173993 9.48930325172842 9.93371887272224 9.81633959896863 9.9547562985681 9.95977659337223 9.67648852942511 9.67505415948108 10.0903042582795 9.98702962230891 9.90455335052684 9.57823418825865 9.88949246611446 10.0795464836992 10.0049592466094 10.110385437496 10.0644855992869 10.1261635068804 10.0608996744268 10.1677602352574 10.109668252524 10.1778008248657 10.1275978768244 10.1648914953694 10.2523880619556 10.1132541773841 10.0831324085593 9.96049377834424 10.0723746339791 9.98416088242084 9.79912715964019 9.91602831007913 10.0386669402942 9.95762503845617 10.0393841252662 10.070223079063 10.0279091657139 9.95045318873599 9.84574418282136 9.82279426371679 9.67146823462099 9.68079163925722 9.6879634889774 9.72095399769023 9.68509474908933 9.67935726931319 9.66142764501274 9.62341684149578 9.64134646579623 9.54165775468573 9.57679981831461 9.33797722263262 9.25550095085055
10.3843500968069 10.0479903449304 9.8988158707507 9.99305397607386 8.12019714014605 7.71283607603982 8.71617785189301 9.14935757499188 8.98010192159563 9.91315957019106 10.0331685221754 10.1120588690974 10.466826368589 9.9626453332603 9.69011504389346 9.62915432127193 9.24904628610238 9.88447217131034 9.69226659880951 10.0336466454901 10.0343638304621 9.96766562806442 9.94471570895985 9.94041259912774 10.0479903449304 10.0214545009658 10.2064882237464 10.0752433738671 10.2014679289423 10.2330240677111 10.1985991890542 10.0429700501263 10.0114139113575 10.0867183334194 10.0974761079997 9.96694844309241 10.0020905067213 9.96694844309241 10.0264747957699 9.92606889968738 9.97842340264469 10.0802636686713 10.0228888709098 10.0802636686713 10.0573137495667 9.91746268002316 9.82422863366082 9.77187413070351 9.72597429249436 9.73816643701866 9.7596819861792 9.70230718841776 9.74031799193472 10.0809808536433 9.85937069728971 9.97770621767268 9.79052093997598 9.71808525780216 9.52229376044124 9.39391765045002 9.2060151877813 9.20242926292121
10.4510482992046 9.8270973735489 10.2272865879349 10.1856898595579 9.90957364533097 10.4001281661913 9.6757713444531 9.71306496299803 10.1648914953694 9.93108919449151 9.3853114307858 10.1323791099712 9.87024800269864 9.64062928082421 9.81633959896863 9.54022338474169 9.74175236187875 9.96766562806442 9.55958737898618 10.0236060558818 10.1519821658731 9.95188755868003 9.96838281303644 10.0020905067213 10.0960417380556 10.1448103161529 10.0544450096786 10.0867183334194 10.1971648191102 10.1792351948097 10.0903042582795 10.2172459983267 10.0279091657139 9.99922176683322 9.9267860846594 9.92750326963142 9.92750326963142 9.89522994589061 9.98129214253277 9.70015563350171 9.83498640824109 9.66931667970493 9.90885646035895 9.92320015979931 9.91459394013509 9.94041259912774 9.84000670304522 9.8471785527654 9.74462110176682 9.6958525236696 9.78119753533974 9.71736807283014 9.44985807826743 9.56389048881829 9.64851831551641 9.80916774924845 9.70015563350171 9.65138705540448 8.63585313502699 9.45918148290366 9.18808556348085 9.08409374253824
10.0648441917729 9.9760327860713 10.1663258653134 10.1763664549217 10.1024964028038 10.4202093454078 9.82924892846495 10.3836329118349 9.89953305572271 9.80773337930441 9.66644793981686 9.98702962230891 10.1971648191102 10.1297494317405 10.2620700590778 9.65784172015265 9.76685383589938 9.51440472574905 9.77187413070351 9.84215825796127 10.3549455129541 9.88734091119841 9.99348428705707 10.0444044200704 10.0852839634754 10.2265694029629 10.0773949287832 10.2222662931308 10.2846613856964 10.1964476341382 10.0845667785034 10.0393841252662 10.0379497553222 9.93395793437958 9.89738150080666 9.72525710752234 9.81418804405257 9.8113193041645 9.77043976075947 9.78191472031176 9.74892421159893 9.7317117722705 9.82996611343697 9.83498640824109 9.40969571983442 9.79912715964019 9.74031799193472 9.75824761623517 9.73816643701866 9.77259131567553 9.74031799193472 9.93037200951949 10.0092623564415 9.80271308450028 9.72812584741041 9.60190129233524 9.39965513022617 9.38602861575782 8.98583940137178 8.89475690992549 9.18234808370471 9.26052124565467
10.3969008338172 9.78693501511589 9.76972257578745 10.3965422413312 10.0401013102382 10.0852839634754 10.1211432120763 10.626758617349 9.90096742566675 9.76326791103929 9.58325448306277 9.30498671391979 9.98989836219698 10.2925504203886 10.2660145764239 10.0587481195107 9.91817986499518 9.94615007890388 10.0881527033634 9.99635302694514 10.2667317613959 10.2796410908923 10.1749320849776 10.3707235823385 10.1706289751455 10.2473677671514 10.2373271775432 10.231589697767 10.149830610957 10.0386669402942 10.0522934547625 10.0960417380556 10.0279091657139 9.93969541415572 9.83211766835302 9.66931667970493 9.66644793981686 9.74390391679481 9.73673206707463 9.63632617099211 9.60907314205542 9.70015563350171 9.81849115388468 9.44340341351926 9.29996641911566 9.53950619976968 9.65282142534852 9.52229376044124 9.71378214797005 9.42690815916285 9.41184727475047 9.82422863366082 9.91029083030298 9.72812584741041 9.68437756411731 9.5803857431747 9.44412059849128 9.5244453153573 9.76900539081544 9.05899226851761 9.46993925748393 9.36666462151334
10.269600501284 10.0236060558818 9.99097413965501 10.4008453511633 10.3958250563592 10.0487075299025 10.5550401201472 10.0723746339791 9.63847772590816 9.54309212462977 9.54882960440591 9.43408000888303 9.73744925204664 10.268883316312 9.21246985252947 10.149830610957 10.1727805300616 10.0393841252662 10.0128482813016 10.2452162122354 10.1405072063208 10.1806695647538 10.2172459983267 10.1175572872162 10.1598712005652 10.1942960792221 10.1405072063208 10.1742149000056 10.3377330736257 10.2215491081588 10.0673543391749 9.98846399225295 9.86654254700989 9.76255072606727 9.67075104964897 9.6241340264678 9.65784172015265 9.66644793981686 9.5882747778669 9.56891078362241 9.60907314205542 9.71880244277418 9.58612322295085 9.59257788769901 9.44985807826743 9.42045349441469 9.56747641367838 9.52659687027335 9.77474287059158 9.63130587618798 9.60620440216735 9.68150882422924 9.74462110176682 9.71091340808198 9.62556839641184 9.59903255244717 18.8744431703538 18.794999579899 -9999 -9999 -9999 -9999
10.4840388079174 10.787408051081 10.6791131203063 10.6948911896907 10.3334299637936 9.82135989377275 9.56317330384627 10.1347697265446 9.63345743110403 9.96551407314837 10.2401959174313 10.1699117901735 10.4216437153518 9.46133303781971 9.88375498633832 10.0250404258259 10.0185857610777 10.0393841252662 10.0895870733075 10.071657449007 10.1634571254253 10.2021851139143 10.1684774202295 10.1871242295019 10.2581255417317 10.1053651426919 10.03006072063 9.97842340264469 10.151264980901 10.0042420616373 10.2617114665918 10.0379497553222 9.93539230432361 10.0164342061616 9.76255072606727 9.64995268546045 9.5724967084825 9.61409343685955 9.59329507267103 9.55169834429398 9.57751700328663 9.48284858698025 9.60261847730726 9.63704335596412 9.66429638490081 9.63919491088018 9.57393107842654 9.70589311327785 9.64206365076825 9.67648852942511 9.92033141991124 9.88160343142226 9.64493239065632 9.70876185316592 9.87135293401732 11.4699997436255 -9999 -9999 -9999 -9999 -9999 -9999
10.8720358777791 10.8885311321355 10.9150669761002 10.66978971567 10.1290322467685 10.2595599116758 10.1928617092781 9.93324074940756 10.2846613856964 10.3449049233459 10.2939847903326 10.1763664549217 10.3119144146331 10.1125369924121 10.0809808536433 10.0860011484474 10.1161229172722 10.0960417380556 10.1139713623561 10.2021851139143 10.2860957556404 10.2330240677111 10.2817926458083 10.2753379810601 10.0960417380556 10.148396241013 10.1476790560409 10.1390728363767 10.3592486227863 15.374999656342 -9999 14.5409492846312 13.5760457969335 13.0449997084215 -9999 16.3049996355549 9.77976316539571 9.74031799193472 9.77904598042369 9.57177952351049 9.57177952351049 9.6162449917756 9.65497298026457 9.55456708418205 9.54739523446187 9.66644793981686 9.78478346019983 9.87371439673007 9.70947903813794 9.73601488210261 9.76470228098333 9.73314614221454 9.83642077818513 -9999 -9999 -9999 -9999 -9999 -9999 -9999 -9999 -9999
10.7450941377319 10.6002227733843 10.626041432377 10.7773674614727 10.7257301434875 10.5328073860146 10.4022797211073 10.669072530698 10.4438764494844 10.4202093454078 10.469695108477 10.7250129585154 10.1742149000056 10.1799523797818 10.2086397786625 10.1340525415726 10.10823388258 10.0874355183914 10.1225775820203 10.2652973914519 10.2660145764239 10.5421307906508 10.1670430502854 10.4625232587568 10.5952024785802 10.588747813832 10.1770836398937 10.2351756226271 10.1856898595579 -9999 -9999 -9999 -9999 -9999 16.3799996338785 12.4432397683729 9.83857233310118 9.7037415583618 9.52085939049721 9.69011504389346 9.76039917115122 9.6399120958522 9.8629566221498 9.67003386467695 9.65640735020861 9.82279426371679 9.7037415583618 9.84430981287733 9.91459394013509 9.74462110176682 9.88160343142226 9.98702962230891 11.2921269751387 -9999 -9999 -9999 -9999 -9999 -9999 -9999 -9999 -9999
10.7235785885714 10.6654866058379 10.7967314557172 10.3348643337376 10.5686666346155 10.586596258916 10.6303445422091 10.5385448657908 10.6002227733843 10.7630237620324 10.6877193399705 10.508423096966 10.4460280044004 10.228720957879 10.2566911717877 10.1770836398937 10.0580309345387 10.0752433738671 10.0436872350983 9.78191472031176 10.3637724049174 10.1347697265446 10.2351756226271 10.6238898774609 10.6977599295788 11.0161900571547 10.3585314378142 10.4847559928894 10.309045674745 13.6099996957928 -9999 -9999 -9999 -9999 -9999 17.3799996115267 9.64899643883109 10.0429700501263 9.85865351231769 9.73673206707463 9.78263190528378 9.7675710208714 9.61122469697148 9.67433697450906 9.91315957019106 9.72669147746637 9.84933010768145 9.88734091119841 9.87658313661814 9.85650195740163 9.94256415404379 9.87299721175805 10.0852839634754 14.0882986577268 20.6549995383248 20.9346439574335 -9999 -9999 -9999 -9999 -9999 -9999
10.8333078892902 10.7737815366127 10.6826990451664 10.3929563164711 10.945188744925 10.2638630215079 10.6482741665095 10.6045258832164 10.6783959353343 10.6160008427687 10.6124149179086 10.508423096966 10.3800469869748 10.2961363452487 10.2229834781028 10.1799523797818 10.1261635068804 10.1139713623561 10.1756492699496 10.1641743103974 10.3398846285418 10.308328489773 10.3664204725064 10.826853224542 10.3190862643532 10.6052430681884 10.6425366867334 10.5026856171899 10.0946073681116 10.2380443625152 17.4443936925991 24.7149994475767 -9999 -9999 -9999 -9999 11.8738408286923 10.3738612665911 9.53245388087817 9.87228002678603 9.81562241399661 9.70087281847373 9.77832879545167 10.1691946052015 9.71019622310996 9.68366037914529 9.99563584197313 10.1562852757052 9.9547562985681 9.9985045818612 10.1842554896139 9.98989836219698 12.2061792219756 9.86999977938831 -9999 -9999 -9999 -9999 -9999 -9999 -9999 -9999
10.8569749933667 10.8713186928071 10.9774620686658 10.7752159065567 10.4747154032812 10.7415082128718 10.8203985597938 10.6489913514815 10.4080172008835 10.5399792357348 10.3936735014431 10.3793298020028 10.2954191602767 9.98416088242084 10.2165288133547 10.1935788942501 10.1648914953694 10.2803582758643 10.268883316312 10.1993163740262 10.4940793975256 10.4338358598761 10.7716299816966 11.2399517684244 10.8325907043181 10.4352702298202 10.7214270336553 10.4833216229454 10.5744041143917 10.4775841431692 17.1246190001296 -9999 -9999 -9999 -9999 -9999 -9999 -9999 -9999 -9999 -9999 -9999 -9999 -9999 -9999 -9999 10.5607775999233 10.1799523797818 10.1577196456492 10.0149998362176 15.9663517203329 14.6949996715412 -9999 -9999 -9999 -9999 -9999 -9999 -9999 -9999 -9999 -9999
10.9380168952048 11.5282601271756 10.7809533863328 10.788125236053 10.7199926637113 10.7501144325361 10.8325907043181 10.8010345655493 10.6188695826568 10.7436597677879 10.6590319410898 10.467543553561 10.2717520562001 9.84502699784935 10.1856898595579 10.1519821658731 10.2595599116758 10.3664204725064 10.3936735014431 10.4338358598761 10.4123203107156 11.0097353924066 10.349208033178 9.73135317978449 10.7120880380415 13.6699996944517 10.1358455040026 10.7121036290191 10.8182470048778 10.707800519187 10.5557573051192 16.8500479757921 19.6928242458962 -9999 -9999 -9999 -9999 -9999 -9999 -9999 -9999 -9999 -9999 -9999 -9999 -9999 -9999 -9999 -9999 -9999 -9999 -9999 -9999 -9999 -9999 -9999 -9999 -9999 -9999 -9999 -9999 -9999
10.5962782560382 12.462034960743 10.706724741729 10.8196813748218 10.829004779458 10.788842421025 10.8634296581149 10.6583147561178 10.586596258916 10.7666096868925 10.6755271954462 10.3728751372546 10.3269752990454 10.2882473105565 10.2050538538024 10.2624286515638 10.3449049233459 10.5062715420499 10.4431592645124 10.4108859407715 10.4424420795403 10.5837275190279 10.6805474902503 10.7630237620324 10.8153782649897 10.7723471666686 10.6321375046391 10.7988830106333 10.4904934726655 10.6905880798586 10.7192754787393 10.7895596059971 -9999 -9999 -9999 -9999 -9999 -9999 -9999 -9999 -9999 -9999 -9999 -9999 -9999 -9999 -9999 -9999 -9999 -9999 -9999 -9999 -9999 -9999 -9999 -9999 -9999 -9999 -9999 -9999 -9999 -9999
10.7024216318969 11.5110476878472 10.8555406234227 10.6540116462857 10.7895596059971 10.8103579701856 10.7917111609131 10.7300332533196 10.6841334151104 10.6726584555581 10.5937681086361 10.4445936344564 10.1613055705093 10.2480849521235 10.2990050851367 10.4266640101559 10.4488967442885 10.4345530448481 10.4912106576376 10.5636463398114 10.3750266921706 10.4747154032812 10.6841334151104 10.6654866058379 10.5772728542797 10.7450941377319 10.6324960971251 10.8627124731429 10.9172185310163 10.9121982362121 10.9186529009603 10.8641468430869 20.6412489290106 28.5299993623048 -9999 -9999 -9999 -9999 -9999 -9999 -9999 -9999 -9999 -9999 -9999 -9999 -9999 -9999 -9999 -9999 -9999 -9999 -9999 -9999 -9999 -9999 -9999 -9999 -9999 -9999 -9999 -9999
10.8817178749014 10.4732810333371 10.8046204904094 10.7013458544388 10.8218329297379 10.7242957735434 10.6016571433283 10.6346476520412 10.506988727022 10.6540116462857 10.5995055884123 10.6317789121531 10.6310617271811 10.626041432377 10.6489913514815 10.5643635247834 10.4661091836169 10.3821985418908 10.5507370103151 10.6870021549985 10.867732767947 10.9494918547571 10.8160954499617 10.6324960971251 10.9179357159883 11.0398571612313 11.0592211554758 11.2492751730606 10.8132267100736 10.988219843246 10.5406964207068 12.900439888638 13.8746611872737 -9999 -9999 -9999 -9999 -9999 -9999 -9999 -9999 -9999 -9999 -9999 -9999 -9999 -9999 -9999 -9999 -9999 -9999 -9999 -9999 -9999 -9999 -9999 -9999 -9999 -9999 -9999 -9999 -9999
