EcologicalScience/Bass/data/rs_data_bass/sst_538.asc
NCOLS 226 
NROWS 124 
XLLCORNER -9.41648524995501 
YLLCORNER 47.587301625531 
CELLSIZE 0.0833 
NODATA_value -9999 
[rows 27 to 53 of 124, columns 62 to 123 of 226]
-9999 -9999 -9999 -9999 -9999 -9999 -9999 -9999 -9999 -9999 -9999 -9999 -9999 -9999 -9999 -9999 -9999 -9999 -9999 -9999 -9999 -9999 -9999 -9999 -9999 -9999 -9999 -9999 12.5299997199327 10.9049997562543 12.3589993864298 12.1098971394822 14.3001800440252 14.1244697258808 14.374050096143 14.3353221076541 14.8144016689621 14.9241309696808 15.131397426594 15.2339548775926 15.4734946582466 15.4620196986943 15.5057679819874 15.6986907394603 15.8614917281084 15.9604632542469 16.0164036820643 16.1096377284266 16.1605578614399 16.2322763586417 16.0407879711129 15.9525742195547 15.9891506531276 15.964766364079 16.2387310233898 16.48400828382 16.5342112318613 16.5772423301823 16.4567552548833 16.6095156539232 16.6252937233075 16.56218144577
-9999 -9999 -9999 -9999 -9999 -9999 -9999 -9999 -9999 -9999 -9999 -9999 -9999 -9999 -9999 -9999 -9999 -9999 -9999 -9999 -9999 -9999 -9999 -9999 -9999 -9999 -9999 -9999 -9999 -9999 9.78499978128821 12.2150842687115 14.1596117895097 14.2628864254802 14.0470137489028 14.1058229166083 14.6300851311535 14.7957548596896 15.0955381779931 15.1091646924615 15.5825067739934 15.5903958086856 15.6169316526502 15.76610612683 15.8944822368212 16.0328989364207 16.0135349421762 16.0486770058051 16.1039002486505 16.0759300347418 16.1031830636784 16.085253439378 16.1211126879789 16.1720328209922 16.2932370812632 16.5048066480085 16.5958891394548 16.6468092724681 16.7135074748658 16.5413830815814 16.6590014169924 16.6252937233075
-9999 -9999 -9999 -9999 -9999 -9999 -9999 -9999 -9999 -9999 -9999 -9999 -9999 -9999 -9999 -9999 -9999 -9999 -9999 -9999 -9999 -9999 -9999 -9999 -9999 -9999 -9999 -9999 -9999 -9999 -9999 12.0699997302145 12.221060810145 13.3807489098981 13.6052278061397 13.893536164891 14.1366618704051 14.4715872523375 14.7584612411447 14.7462690966204 15.3243201840669 15.4376354096457 15.4146854905412 15.5466475253925 15.884441647213 16.1139408382587 16.0221411618404 15.9776756935753 16.0902737341821 16.1921140002087 16.243034133222 16.2989745610394 16.3384197345003 16.3685415033251 16.4338053357787 16.5815454400145 16.603060989175 16.64394053258 16.6482436424121 16.6970122205094 16.6934262956493 16.6468092724681
-9999 -9999 -9999 -9999 -9999 -9999 -9999 -9999 -9999 -9999 -9999 -9999 -9999 -9999 -9999 -9999 -9999 -9999 -9999 -9999 -9999 -9999 -9999 -9999 -9999 -9999 -9999 -9999 -9999 -9999 -9999 12.4699997212738 12.1902218563482 12.3365275906399 13.5084078349173 13.6762291183695 14.2593005006202 14.3181096683256 14.5841852929443 14.7075411081314 15.0302743455395 15.289178120438 15.4928586524911 15.5036164270714 15.6312753520906 15.8693807628006 15.9812616184354 16.0651722601615 16.2480544280261 16.3140354454517 16.4409771854989 16.3685415033251 16.5205847173929 16.4868770237081 16.3742789831012 16.6633045268245 16.7680135327391 16.7952665616758 16.7163762147538 16.6962950355373 16.6984465904534 16.6977294054814
-9999 -9999 -9999 -9999 -9999 -9999 -9999 -9999 -9999 -9999 -9999 -9999 -9999 -9999 -9999 -9999 -9999 -9999 -9999 -9999 -9999 -9999 -9999 -9999 -9999 -9999 -9999 -9999 -9999 -9999 -9999 12.2299997266382 12.5659164455361 13.1053498806432 13.4345377827995 13.6647541588172 13.976012436673 14.3546861018986 14.5827509230003 14.531113605015 14.969313622918 15.0144962761551 15.2569047966972 15.4132511205971 15.5315866409801 15.6334269070067 15.8342386991717 16.0121005722322 16.0357676763088 16.0931424740702 16.4065523068421 16.5672017405741 16.5844141799025 16.2509231679142 16.6611529719085 16.7486495384946 16.803155596368 16.7888118969277 16.7307199141942 16.6991637754254 16.7300027292222 16.6762138563208
-9999 -9999 -9999 -9999 -9999 -9999 -9999 -9999 -9999 -9999 -9999 -9999 -9999 -9999 -9999 -9999 -9999 -9999 -9999 -9999 -9999 -9999 -9999 -9999 -9999 -9999 -9999 -9999 -9999 -9999 -9999 -9999 12.6304630930177 12.8751335046254 13.7149571068585 14.3754844660871 14.5368510847911 14.569841593504 14.530396420043 14.8703420967795 15.1177709121257 15.1765800798312 15.2992187100463 15.4354838547297 15.568163074553 15.5925473636016 15.7826013811864 15.967635103967 16.0364848612808 16.2078920695931 16.3879054975696 16.4754020641558 16.4517349600792 16.5793938850984 16.6769310412928 16.7766197524033 16.7658619778231 16.7013153303415 16.601626619231 16.6245765383355 16.6625873418525 16.6898403707892
-9999 -9999 -9999 -9999 -9999 -9999 -9999 -9999 -9999 -9999 -9999 -9999 -9999 -9999 -9999 -9999 -9999 -9999 -9999 -9999 -9999 -9999 -9999 -9999 -9999 -9999 -9999 -9999 -9999 -9999 -9999 -9999 10.5699997637421 13.008960220404 12.979125325568 14.0384075292386 14.1782585987821 14.3525345469825 14.3554032868706 14.8782311314717 15.1658223052509 15.6248206873424 15.5538193751127 15.6434674966149 15.7151859938167 15.7245093984529 15.6721548954956 15.7374187279493 15.9360789651982 16.0185552369803 16.2337107285857 16.3498946940526 16.3871883125976 16.5765251452103 16.5779595151544 16.7536698332988 16.6661732667126 16.5908688446507 16.5005035381764 16.4675130294636 16.404400751926 16.4230475611985
-9999 -9999 -9999 -9999 -9999 -9999 -9999 -9999 -9999 -9999 -9999 -9999 -9999 -9999 -9999 -9999 -9999 -9999 -9999 -9999 -9999 -9999 -9999 -9999 -9999 -9999 -9999 -9999 -9999 -9999 -9999 -9999 -9999 10.1499997731298 12.8966490537859 13.617419950664 13.5033875401132 13.5464186384343 14.41206089966 14.8129672990181 15.1973784440197 15.8543198783882 15.4670399934985 15.7051454042085 15.6499221613631 15.7001251094043 15.6908017047681 15.7553483522497 15.7811670112424 15.9167149709538 16.0207067918964 16.2473372430541 16.3513290639967 16.283196491655 16.4087038617581 16.3749961680733 16.4216131912544 16.4309365958907 16.3577837287448 16.3362681795843 16.1820734106004 16.2279732488096
-9999 -9999 -9999 -9999 -9999 -9999 -9999 15.074978875462 15.6339050303213 15.4914242825471 15.1670973007567 11.5289972339524 12.7799997143447 6.08499986398965 8.41999981179833 -9999 -9999 -9999 -9999 -9999 -9999 -9999 -9999 -9999 -9999 -9999 -9999 -9999 -9999 -9999 -9999 -9999 -9999 -9999 13.0670522031374 14.610003951937 14.3467970672064 14.4744559922256 14.2076631826349 14.9721823628061 15.3372295135632 16.0587175954133 15.9002197165973 15.2447126521729 15.3888668315485 15.5968504734337 15.6513565313071 15.7159031787887 15.9195837108418 15.9683522889391 15.9970396878198 16.1533860117197 16.1827905955724 16.2645496823825 16.2372966534458 16.5005035381764 16.3929257923737 16.3986632721499 16.1024658787064 15.9468367397785 15.9977568727918 16.1168095781468
-9999 -9999 -9999 -9999 13.5399996973574 15.1621059831232 14.929868449457 16.3857539426535 16.4488662201911 16.2652668673545 15.1360989725217 20.5084514845546 20.5199995413423 -9999 -9999 -9999 -9999 -9999 -9999 -9999 -9999 -9999 -9999 -9999 -9999 -9999 -9999 -9999 -9999 -9999 -9999 -9999 -9999 -9999 13.458204886876 13.9874873962253 14.3876766106114 14.410626529716 14.6623584548943 15.2985015250742 15.5832239589654 15.6183660225943 15.4010589760728 15.1163365421817 15.2834406406619 15.3910183864646 15.4691915484145 15.6276894272305 15.6728720804676 15.8543198783882 15.964049179107 16.0967283989303 16.2114779944532 16.1892452603206 16.2251045089215 16.3800164628774 16.3807336478494 16.3957945322618 16.3377025495283 16.3097323356196 16.1304360926151 15.7008422943763
16.0092318323441 15.9073915663175 14.8301797383465 15.7001251094043 15.7453077626415 16.2100436245091 16.3075807807036 16.2882167864591 16.3506118790247 13.2833611672395 13.0949997073039 -9999 -9999 -9999 -9999 -9999 -9999 -9999 -9999 -9999 -9999 -9999 -9999 -9999 -9999 -9999 -9999 -9999 -9999 -9999 -9999 -9999 -9999 -9999 11.0399997532368 13.3140507075004 14.1897335583344 15.4024933460169 15.1780144497752 15.6190832075663 15.6384472018108 15.3365123285912 15.2963499701582 15.4562822189182 15.4756462131627 15.4720602883026 15.6255378723145 15.6649830457754 15.688650149852 15.8033997453749 15.8729666876607 15.9963225028478 16.1132236532867 16.2523575378582 16.283913676627 16.2738730870187 16.2545090927742 16.2530747228302 16.3714102432132 16.2753074569628 16.1806390406564 15.9999084277079
15.7295296932571 15.8772697974928 15.8650776529685 15.8285012193955 15.7804498262703 15.8234809245914 15.8586229882203 16.565050185658 16.403683566954 11.8449997352436 -9999 -9999 -9999 -9999 -9999 -9999 -9999 -9999 -9999 -9999 -9999 -9999 -9999 -9999 -9999 -9999 -9999 -9999 -9999 -9999 -9999 -9999 -9999 -9999 -9999 13.5024747592397 14.5526291541755 15.1428723861463 15.1048615826294 15.4046449009329 15.6018707682379 15.6104769879021 15.5724661843851 15.4806665079668 15.5193944964558 15.608325432986 15.6434674966149 15.7574999071658 15.9009369015694 16.2172154742293 16.1713156360202 16.2552262777463 16.2071748846211 16.2638324974105 16.3785820929334 16.4079866767861 16.4087038617581 16.3613696536049 16.3283791448921 16.2372966534458 16.2552262777463 16.0357676763088
15.5387584907003 15.6291237971745 15.8980681616813 15.9396648900583 15.8808557223529 15.7646717568859 15.9611804392189 16.4915387260262 13.8599996902049 -9999 -9999 -9999 -9999 -9999 -9999 -9999 -9999 -9999 -9999 -9999 -9999 -9999 -9999 -9999 -9999 -9999 -9999 -9999 -9999 -9999 -9999 -9999 -9999 -9999 -9999 -9999 13.9687839670867 13.5901669217274 14.7484206515364 14.9807885824703 15.1378520913422 15.4383525946178 15.488555542659 15.5315866409801 15.6814783001319 15.7072969591245 15.7180547337048 15.7245093984529 15.7438733926974 15.8951994217932 16.0881221792661 16.3613696536049 16.3914914224297 16.3054292257875 16.2602465725504 16.2494887979701 16.2609637575224 16.3671071333811 16.2208013990894 16.1978514799848 15.7323984331451 16.0737784798257
15.3149967794307 15.6111941728741 15.9088259362616 15.9877162831835 15.9109774911776 16.086687809322 16.2767418269068 16.5320596769452 12.7897884929553 -9999 -9999 -9999 -9999 -9999 -9999 -9999 -9999 -9999 -9999 -9999 -9999 -9999 -9999 -9999 -9999 -9999 -9999 -9999 -9999 -9999 -9999 -9999 -9999 -9999 -9999 -9999 -9999 -9999 -9999 13.1449997061864 13.3535234649988 13.3484755861573 15.2418439122848 15.4677571784705 15.5731833693571 15.4577165888622 15.6183660225943 15.7159031787887 15.6176488376223 15.6843470400199 15.7962278956547 15.8894619420171 16.1311532775871 16.0881221792661 15.9748069536872 15.8787041674368 16.00421153754 16.1533860117197 16.1031830636784 15.9783928785473 15.0166478310712 15.2561876117252
15.2067018486559 15.2561876117252 15.4770805831067 15.4620196986943 16.0336161213927 16.2078920695931 16.3965117172338 16.087404994294 14.3099996801466 -9999 -9999 -9999 -9999 -9999 -9999 -9999 -9999 -9999 -9999 -9999 -9999 -9999 -9999 -9999 -9999 -9999 -9999 -9999 -9999 -9999 -9999 -9999 -9999 -9999 -9999 -9999 -9999 -9999 -9999 -9999 -9999 -9999 -9999 12.4784750470247 14.1270994041115 14.5203558304347 15.0159306460992 15.2217627330683 15.167973860167 15.1665394902229 15.3580278777517 15.4154026755132 15.3515732130036 15.726660953369 15.60617387807 15.4627368836664 15.5875270687975 16.00421153754 15.3809777968563 15.1902065942995 14.4271217840724 15.0424664900638
15.2346720625646 15.2260658429004 15.4143268980552 15.566011519637 15.9848475432955 15.8772697974928 15.8396175864618 16.0945768440142 16.2496680942131 14.3499996792525 -9999 -9999 -9999 -9999 -9999 16.1899624452926 -9999 -9999 -9999 -9999 -9999 -9999 -9999 -9999 -9999 -9999 -9999 -9999 -9999 -9999 -9999 -9999 -9999 -9999 -9999 -9999 -9999 -9999 -9999 -9999 -9999 -9999 -9999 -9999 12.4549997216091 12.7048020737711 15.050355524756 15.1206396520138 14.7082582931034 14.6200445415452 14.9850916923024 15.0603961143643 15.0317087154835 15.0998412878253 15.1027100277133 15.0231024958193 14.1165806911886 14.3668782464229 14.5992461773567 14.5275276801549 14.8194219637662 14.8696249118075
12.1852015615441 15.9575945143588 15.8349558841437 15.4286705974955 16.0199896069244 15.647770606447 15.7004837018903 15.8374660315458 16.3147526304238 15.9097821828909 13.8849996896461 -9999 -9999 -9999 -9999 -9999 -9999 -9999 -9999 -9999 -9999 -9999 -9999 -9999 -9999 -9999 -9999 -9999 -9999 -9999 -9999 -9999 -9999 -9999 -9999 -9999 -9999 -9999 -9999 -9999 -9999 -9999 -9999 -9999 -9999 12.1949997274205 12.8635151080787 12.5524002672173 14.3941312753595 14.7950376747176 14.6752677843906 14.4873653217219 14.2090975525789 14.9664448830299 14.7979064146057 14.531113605015 14.452940443065 14.4285561540164 14.3188268532977 14.2693410902284 15.1973784440197 15.2303689527325
15.0252540507354 16.6995223679114 13.6418042397127 15.5523850051686 15.648487791419 15.7087313290685 16.0085146473721 16.0436567110009 16.2480544280261 16.2566606476903 16.1225470579229 14.226861672655 6.49499985482544 -9999 11.3606458661895 10.5949997631833 21.0099995303899 21.0099995303899 -9999 -9999 -9999 -9999 -9999 -9999 -9999 -9999 -9999 -9999 -9999 -9999 -9999 -9999 -9999 -9999 -9999 -9999 -9999 -9999 -9999 -9999 -9999 -9999 -9999 -9999 -9999 8.8399998024106 12.7599997147918 12.7713209799258 14.1660664542578 14.2664723503403 13.8311410723254 13.9444562979043 13.7708975346759 13.5535904881544 14.1753898588941 14.5117496107705 14.6243476513773 14.6609240849502 14.4027374950238 14.3353221076541 15.0811944785528 15.3314920337871
16.5589541133959 14.1696523791179 15.1201615286991 15.5703146294691 15.7847529361024 16.0372020462528 16.0967283989303 16.2667012372985 16.3075807807036 16.3567079512868 16.1349782641046 16.0283567649312 15.3649996565655 18.7779961353168 16.5485549313016 17.5729819453321 16.6568498620763 11.3999997451901 -9999 -9999 -9999 -9999 -9999 -9999 -9999 -9999 -9999 -9999 -9999 -9999 -9999 -9999 -9999 -9999 -9999 -9999 -9999 -9999 -9999 -9999 -9999 -9999 -9999 -9999 -9999 -9999 -9999 -9999 15.4376354096457 14.3491876837797 14.2255928069353 14.094347957056 14.0283669396304 14.2485427260399 14.3833735007793 14.5504775992595 14.5849024779163 14.5927915126085 14.5067293159664 14.5863368478604 15.3379466985352 15.5115054617636
14.6955880252644 14.7701752623543 15.0453352299519 15.4218573402613 15.7503280574456 16.126850167755 16.126132982783 16.2523575378582 16.124698612839 16.3814508328214 16.5051652404945 16.8307672177907 16.0888393642381 16.8770256484859 17.6200292794965 16.8461866946891 16.0549996411428 -9999 -9999 -9999 -9999 -9999 -9999 -9999 -9999 -9999 -9999 -9999 -9999 -9999 -9999 -9999 -9999 -9999 -9999 -9999 -9999 -9999 -9999 -9999 -9999 -9999 -9999 -9999 -9999 -9999 -9999 -9999 15.1952268891037 14.9614245882258 14.4751731771976 14.2105319225229 14.0979338819161 14.1452680900693 14.2987456740811 14.2320474716835 14.2255928069353 14.2829676046968 14.5210730154067 14.772804940585 15.168691045139 15.1184880970977
14.9994353917427 14.9076357153244 14.7477034665644 15.3515732130036 15.2698141261935 16.2882167864591 16.4359568906948 16.5083925728686 16.362804023549 16.7551042032428 16.3699758732691 15.9898678380996 16.5679189255461 16.8547929143533 17.239921244327 15.7863785553724 15.8999996446073 -9999 -9999 -9999 -9999 -9999 -9999 -9999 -9999 -9999 -9999 -9999 -9999 -9999 -9999 -9999 -9999 -9999 -9999 -9999 -9999 -9999 -9999 -9999 -9999 -9999 -9999 -9999 -9999 -9999 -9999 -9999 14.6697693662718 14.7799767903052 14.6401257207617 14.3582720267586 14.1882991883904 13.9229407487437 14.0412762691267 14.052034043707 14.2435224312358 14.414212454576 14.5777306281962 14.5368510847911 14.6810052641667 14.8273109984584
14.6996520734392 14.5598010038957 14.2212896971032 14.5748618883081 15.5753349242732 16.0415051560849 16.1835077805445 16.1928311851807 16.5198675324209 16.8124790010042 16.9387035560794 16.7895290818997 16.7931150067598 16.9702596948482 17.1808252026327 6.69999985024333 -9999 -9999 -9999 -9999 -9999 -9999 -9999 -9999 -9999 -9999 -9999 -9999 -9999 -9999 -9999 -9999 -9999 -9999 -9999 -9999 -9999 -9999 -9999 -9999 -9999 -9999 -9999 -9999 -9999 -9999 -9999 -9999 12.3184067170136 14.9212622297928 14.8194219637662 14.4880825066939 14.291573824361 14.0462965639308 14.0298013095744 14.3561204718426 14.4895168766379 14.7211676225998 14.7154301428236 14.9420605939813 14.8258766285144 14.8373515880667
14.8301797383465 14.8438062528148 14.5805993680842 14.9800713974983 15.4577165888622 15.5721075918991 15.7151859938167 15.7072969591245 16.3785820929334 16.6668904516846 17.0570390764624 17.043412561994 17.039826637134 17.2097994755022 16.0786394001916 -9999 -9999 -9999 -9999 -9999 -9999 -9999 -9999 -9999 -9999 -9999 -9999 -9999 -9999 -9999 -9999 -9999 -9999 -9999 -9999 -9999 -9999 -9999 -9999 -9999 -9999 -9999 -9999 -9999 -9999 -9999 -9999 -9999 -9999 -9999 13.8255060475453 14.7046723682433 14.452223258093 14.2851191596128 14.4048890499398 14.5397198246792 14.7477034665644 14.9155247500166 15.010193166323 14.9807885824703 15.0209509409033 15.0223853108473
14.9456465188414 15.0058900564909 15.1902065942995 15.009475981351 15.4673985859845 15.6298409821466 15.8485823986121 15.845713658724 16.0831018844619 16.6209906134754 17.2607196085155 17.28008360276 17.2205572500825 17.1918698512018 14.1999996826053 14.2749996809289 -9999 -9999 -9999 -9999 -9999 -9999 -9999 -9999 -9999 -9999 -9999 -9999 -9999 -9999 -9999 -9999 -9999 -9999 -9999 -9999 -9999 -9999 -9999 -9999 -9999 -9999 -9999 -9999 -9999 -9999 -9999 6.68972798266516 6.23999986052513 -9999 11.5949583295733 12.9583269613795 13.5944700315595 14.1631977143697 14.5863368478604 14.6286507612094 14.7986235995777 14.928434079513 14.9987182067707 15.087649143301 15.130680241622 15.0646992241964
15.0819116635248 15.1321146115661 15.2985015250742 15.3716543922201 15.3989074211568 15.1851862994954 15.6807611151598 15.7947935257107 16.0336161213927 16.1490829018876 16.1928311851807 17.0340891573578 17.3231147010811 17.3080538166687 13.5713245165534 -9999 -9999 -9999 -9999 -9999 -9999 -9999 -9999 -9999 -9999 -9999 -9999 -9999 -9999 -9999 -9999 -9999 -9999 -9999 -9999 -9999 -9999 -9999 -9999 -9999 -9999 -9999 -9999 -9999 -9999 -9999 -9999 -9999 7.67292102276958 12.6700186026283 12.779747903347 12.9224677127786 13.018570499029 15.0338602703996 15.3946043113247 14.9499496286735 15.0474867848679 14.770653385669 14.8445234377868 15.170842600055 15.1170537271537 15.129245871678
14.7670674608089 15.1421552011743 15.1873378544115 15.1514786058106 15.3386638835073 15.249732946977 15.4275948200375 15.7065797741525 15.8751182425767 16.1576891215518 16.1971342950128 16.9279457814991 17.1552934176289 16.9053544548806 14.8599996678531 -9999 -9999 -9999 -9999 -9999 -9999 -9999 -9999 -9999 -9999 -9999 -9999 -9999 -9999 -9999 -9999 -9999 -9999 -9999 -9999 -9999 -9999 -9999 -9999 -9999 -9999 -9999 -9999 -9999 -9999 -9999 -9999 -9999 -9999 -9999 13.7849996918812 17.3969847531989 17.1911526662298 16.562898630742 15.9231696357019 15.5853755138814 15.4720602883026 16.2423169482499 14.849543732591 15.3530075829476 15.407513640821 15.248298577033
14.9585558483377 15.249015762005 15.3042390048504 14.9341715592891 15.1729941549711 15.5337381958961 15.727378138341 15.9855647282675 16.1483657169156 16.1684468961321 16.2351450985298 16.7092043650337 17.2320322096348 16.7181691771839 13.6399996951222 -9999 -9999 -9999 -9999 -9999 -9999 -9999 -9999 -9999 -9999 -9999 -9999 -9999 -9999 -9999 -9999 -9999 -9999 -9999 -9999 -9999 -9999 -9999 -9999 -9999 -9999 -9999 -9999 -9999 -9999 -9999 -9999 -9999 -9999 -9999 -9999 -9999 12.6699997168034 16.9767143595964 16.6496780123562 16.7931150067598 17.4844813197851 17.5174718284979 16.9566331803799 15.8636432830244 15.7295296932571 15.5323038259521
