EcologicalScience/Bass/data/rs_data_bass/sst_170.asc
NCOLS 226 
NROWS 124 
XLLCORNER -9.41648524995501 
YLLCORNER 47.587301625531 
CELLSIZE 0.0833 
NODATA_value -9999 
[rows 81 to 107 of 124, columns 62 to 123 of 226]
15.2531020484735 -9999 -9999 -9999 -9999 -9999 -9999 -9999 -9999 -9999 -9999 -9999 -9999 -9999 -9999 -9999 -9999 -9999 -9999 -9999 -9999 -9999 -9999 -9999 -9999 -9999 -9999 -9999 -9999 -9999 -9999 -9999 -9999 -9999 -9999 -9999 -9999 -9999 -9999 -9999 -9999 -9999 -9999 -9999 -9999 -9999 -9999 -9999 -9999 -9999 -9999 -9999 -9999 -9999 -9999 -9999 -9999 -9999 -9999 -9999 -9999 -9999
14.9736320024844 -9999 -9999 -9999 -9999 -9999 -9999 -9999 -9999 -9999 -9999 -9999 -9999 -9999 -9999 -9999 -9999 -9999 -9999 -9999 -9999 -9999 -9999 -9999 -9999 -9999 -9999 -9999 -9999 -9999 -9999 -9999 -9999 -9999 -9999 -9999 -9999 -9999 -9999 -9999 -9999 -9999 -9999 -9999 -9999 -9999 -9999 -9999 -9999 -9999 -9999 -9999 -9999 -9999 -9999 -9999 -9999 -9999 -9999 -9999 -9999 -9999
-9999 -9999 -9999 -9999 -9999 -9999 -9999 -9999 -9999 -9999 -9999 -9999 -9999 -9999 -9999 -9999 -9999 -9999 -9999 -9999 -9999 -9999 -9999 -9999 -9999 -9999 -9999 -9999 -9999 -9999 -9999 -9999 -9999 -9999 -9999 -9999 -9999 -9999 -9999 -9999 -9999 -9999 -9999 -9999 -9999 -9999 -9999 -9999 -9999 -9999 -9999 -9999 -9999 -9999 -9999 -9999 -9999 -9999 -9999 -9999 15.8546554253428 -9999
-9999 -9999 -9999 -9999 -9999 -9999 -9999 -9999 -9999 -9999 -9999 -9999 -9999 -9999 -9999 -9999 -9999 -9999 -9999 -9999 -9999 -9999 -9999 -9999 -9999 -9999 -9999 -9999 -9999 -9999 -9999 -9999 -9999 11.3199997469783 11.209999749437 11.1449997508898 -9999 -9999 -9999 -9999 -9999 -9999 -9999 -9999 -9999 -9999 -9999 -9999 -9999 -9999 -9999 -9999 -9999 -9999 -9999 -9999 17.2699996139854 16.1424627329151 18.0051576094702 17.9104891931638 18.0051576094702 17.839487880934
-9999 -9999 -9999 -9999 -9999 -9999 -9999 -9999 -9999 -9999 -9999 -9999 -9999 -9999 -9999 -9999 -9999 -9999 -9999 -9999 -9999 -9999 -9999 -9999 -9999 -9999 -9999 -9999 -9999 -9999 -9999 -9999 9.78999978117645 11.0187216573395 18.3802453498356 18.3680532053113 18.2690816791728 18.3099612225778 18.0238044187427 18.3479720260948 12.9312694159822 -9999 18.1392711992376 18.1450086790137 18.1830194825307 18.0998260257766 17.8043458173051 17.7806787132286 17.8258613664657 17.7613147189841 17.9501734282821 18.1777123137377 15.9250821289606 -9999 18.1776405952405 17.876781499479 18.0166325690225 18.0539261875674 18.0209356788546 18.0123294591904 17.9743186556734 17.6508682332933
-9999 -9999 -9999 -9999 -9999 -9999 -9999 -9999 -9999 -9999 -9999 -9999 13.5062201948663 16.3742789831012 17.6551713431254 17.6974852564745 17.6982024414465 17.7634662739001 17.7146976958029 -9999 -9999 -9999 -9999 -9999 -9999 11.894999734126 11.3490044341699 18.0001373146661 18.2525864248164 18.1751304478385 18.1242103148252 18.2662129392847 17.5734122563154 17.6451307535172 15.6699996497482 15.368785652332 18.0646839621477 18.1349680894054 18.2052522166632 18.1830194825307 18.1407055691816 18.2102725114673 17.838770695962 17.9334391122684 17.7620319039561 17.5461592273787 17.7290413952433 17.7326273201033 17.916943857912 17.9327219272964 17.9269844475202 17.7964567826129 17.7756584184244 17.7527084993199 17.9076204532757 17.8660237248987 17.9599749562331 17.998702944722 17.9657124360092 17.9714499157853 17.9198125978 17.8638721699826
-9999 -9999 -9999 -9999 -9999 -9999 -9999 -9999 20.8915206391763 13.4675282915123 18.5100558297709 17.9528031065129 17.8344675861299 17.8036286323331 17.759163164068 17.7907193028368 17.7354960599914 17.8021942623891 17.8108004820533 17.8315988462418 17.7003539963625 14.269122772225 18.3250221069902 17.8810846093111 18.1801507426426 17.6296735300413 -9999 18.0632495922036 18.1299477946013 18.0546433725394 18.0618152222596 18.1779991877265 18.1392711992376 18.197363181971 15.8458132677479 9.21999979391694 15.0556349219659 17.9879451701418 18.1328165344894 17.9922482799739 17.8416394358501 17.7118289559148 17.598513730336 17.5791497360915 17.5884731407277 17.7311929501593 17.7849818230607 17.7849818230607 17.7792443432845 17.7677693837322 17.7462538345717 17.716849250719 17.7706381236203 17.8523972104304 17.917661042884 17.8954283087514 17.8853877191432 17.9104891931638 17.9327219272964 17.9119235631078 17.9004486035556 17.8272957364097
-9999 -9999 -9999 -9999 -9999 -9999 -9999 -9999 12.4058175632413 17.6114230598323 17.7720724935643 17.7025055512786 17.7132633258589 17.6652119327337 17.8251441814937 17.9492171816528 17.9721671007574 17.8050630022772 17.6594744529575 17.4357127416879 17.640827643685 17.7613147189841 18.076876106672 17.8731955746189 17.839487880934 17.7649006438442 17.7261726553552 17.8667409098707 18.1364024593495 18.1069978754967 17.9757530256175 17.957823401317 17.7900021178648 17.9018829734996 17.9004486035556 17.8868220890872 17.8674580948427 17.7548600542359 17.8488112855703 17.7484053894877 17.6415448286571 17.5841700308956 17.7096774009988 17.8244269965217 17.7799615282565 17.8430738057941 17.8151035918854 17.7362132449634 17.6831415570341 17.719000805635 17.7362132449634 17.7290413952433 17.7254554703832 17.6479994934052 17.7103945859708 17.7742240484804 17.7864161930047 17.8423566208221 17.9155094879679 17.8086489271373 17.8753471295349 17.7749412334524
-9999 -9999 -9999 -9999 -9999 -9999 -9999 -9999 17.3076952241827 17.7139805108309 17.8201238866895 17.5074312388897 17.5454420424066 17.6695150425658 17.7125461408868 18.0983916558325 17.9951170198619 17.9047517133877 17.716849250719 17.6049683950841 17.518906198442 17.637958903797 17.8423566208221 17.6573228980415 17.7319101351313 17.8473769156262 17.6895962217823 17.8172551468015 17.9298531874083 17.997268574778 17.8416394358501 17.9104891931638 17.8997314185835 17.8911251989193 17.878933054395 17.8545487653464 17.8215582566336 17.7914364878088 17.7441022796556 17.7426679097116 17.6895962217823 17.6630603778176 17.6888790368102 17.6272011292167 17.5884731407277 17.6150089846924 17.6824243720621 17.7125461408868 17.7060914761387 17.7010711813346 17.6974852564745 17.6494338633493 17.5741294412874 17.637958903797 17.6967680715024 17.7835474531166 17.7670521987602 17.7383647998795 17.760597534012 17.7785271583125 17.8473769156262 17.837336326018
10.7922394317189 9.40499978978187 -9999 -9999 -9999 -9999 -9999 -9999 17.2168688702264 17.4952390943654 17.3847926086746 17.3510849149898 17.4658345105127 17.4328440017998 17.2944273022003 17.7075258460827 17.8036286323331 17.6150089846924 17.5691091464832 17.5540482620709 17.6164433546364 17.677404077258 17.6601916379295 17.6114230598323 17.7548600542359 17.6709494125098 17.6329386089928 17.3453474352136 17.5260780481622 17.6243323893286 17.7053742911667 17.6264839442447 17.7627490889281 17.8208410716616 17.7828302681446 17.8108004820533 17.7835474531166 17.8445081757382 17.6465651234612 17.6099886898883 17.6415448286571 17.557634186931 17.5117343487218 17.5016937591136 17.4615314006805 17.4830469498411 17.5282296030782 17.6121402448043 17.5848872158676 17.640827643685 17.5454420424066 17.5411389325745 17.5339670828544 17.5934934355319 17.6508682332933 17.7017883663066 17.7821130831726 17.7785271583125 17.7706381236203 17.717566435691 17.7469710195437 17.7656178288162
17.1258888337761 17.2320322096348 18.355143875815 16.8081758911721 16.9762546256399 -9999 16.1899624452926 17.0319376024418 17.1846980014816 17.4034394179471 17.2764976778999 17.3482161751017 16.8583788392134 17.1588793424889 16.8397320299409 17.0613421862945 17.199758885894 17.3345896606334 17.4486220711842 17.4902187995613 17.5081484238617 17.4206518572755 17.1961729610339 17.5540482620709 17.2291634697467 17.2499618339352 17.3553880248219 17.3345896606334 17.1574449725449 17.2212744350545 17.1552934176289 17.2356181344949 17.4091768977232 17.4141971925274 17.402005048003 17.5726950713433 17.6049683950841 17.5267952331342 17.6931821466424 17.5511795221828 17.5038453140296 17.4923703544773 17.440733036492 17.4421674064361 17.3675801693462 17.3819238687865 17.6121402448043 17.5640888516791 17.5354014527984 17.5346842678264 17.5332498978823 17.5949278054759 17.6221808344126 17.6558885280974 17.6695150425658 17.6817071870901 17.6931821466424 17.7476882045157 17.7261726553552 17.7075258460827 17.7082430310547 17.6874446668662
17.877498684451 17.7146976958029 17.3396099554375 17.4199346723035 16.3850367576815 16.562898630742 16.841166399885 17.3267006259412 17.4586626607925 17.3503677300178 17.240638429299 17.239921244327 16.9437238508835 16.8325601802208 16.7651447928511 16.7931150067598 17.0534531516023 17.1258888337761 17.1846980014816 17.1768089667894 17.1710714870133 17.2162541402504 17.1509903077967 17.2033448107541 17.1538590476848 17.1703543020412 17.2040619957261 17.1768089667894 17.1646168222651 17.1825464465655 17.1488387528807 16.9652394000441 17.0728171458468 17.1438184580766 17.3145084814169 17.2313150246628 17.3568223947659 16.7099215500057 17.1768089667894 17.322397516109 17.2528305738233 17.3051850767806 17.3080538166687 17.360408319626 17.3941160133108 17.3718832791783 17.4278237069957 17.4730063602328 17.4765922850929 17.5289467880502 17.5490279672667 17.5698263314553 17.6243323893286 17.6860102969222 17.7075258460827 17.7111117709428 17.7354960599914 17.75988034904 17.7950224126689 17.7943052276969 17.7527084993199 17.7548600542359
17.8072145571932 17.3367412155494 17.519623383414 18.1263618697412 16.9322488913313 17.0778374406509 17.3575395797379 17.5934934355319 17.6759697073139 17.4263893370517 17.0979186198674 17.1187169840559 17.1172826141119 16.9006927525625 16.9257942265831 16.9279457814991 16.921491116751 17.0706655909307 17.1144138742238 17.0979186198674 17.0692312209867 17.0706655909307 17.0247657527216 17.242072799243 17.1732230419293 17.2664570882916 17.2485274639912 17.1947385910898 17.1983245159499 17.0075533133931 17.1732230419293 17.280800787732 17.2341837645508 17.0756858857349 17.2521133888513 17.2370525044389 17.2915585623123 17.2427899842151 17.1423840881325 17.2556993137114 17.2449415391311 17.2929929322563 17.4055909728631 17.3740348340943 17.4349955567159 17.4256721520796 17.5031281290576 17.4464705162682 17.5174718284979 17.4687032504007 17.5633716667071 17.5282296030782 17.6501510483213 17.7075258460827 17.6695150425658 17.7921536727808 17.7433850946836 17.8445081757382 17.9786217655055 17.8516800254583 17.9893795400858 18.0861995113082
17.28008360276 17.2105166604742 16.9903408740647 16.6797997811809 17.9305703723803 17.4837641348131 17.4859156897292 17.3797723138705 17.4249549671076 17.0462813018821 16.9946439838968 16.882763128262 17.2901241923682 16.9803002844565 16.9738456197083 17.0254829376936 17.0218970128335 16.9379863711074 16.9465925907716 17.0111392382532 17.0448469319381 17.0254829376936 17.120151354 17.120151354 17.1968901460059 17.119434169028 17.1976073309779 17.2578508686274 17.0355235273018 17.0864436603151 17.1689199320972 17.2033448107541 17.4134800075553 17.6666463026777 17.6286354991607 17.4127628225833 17.4887844296172 17.480895394925 17.3360240305774 17.4457533312961 17.4464705162682 17.4106112676673 17.4156315624714 17.5138859036379 17.6171605396084 17.5669575915672 17.6099886898883 17.5626544817351 17.5655232216232 17.5942106205039 17.6996368113905 17.7362132449634 17.8007598924451 17.7333445050754 17.8990142336115 17.7692037536763 17.9922482799739 18.1012603957206 18.1342509044334 18.155766453594 18.1887569623068 18.1729788929224
17.120868538972 16.961653475184 16.923642671667 16.6797997811809 16.6073640990071 17.5848872158676 16.8246711455286 16.8684194288217 17.281517972704 17.0484328567982 17.0950498799793 16.7823572321795 16.9487441456877 16.8002868564799 16.7974181165919 16.7787713073194 16.8712881687097 16.921491116751 17.0735343308188 16.9745628046803 17.1258888337761 17.1674855621532 17.0964842499234 17.1373637933284 17.1287575736642 17.1158482441679 17.0699484059587 17.1739402269013 17.1983245159499 17.2972960420884 17.3575395797379 17.3668629843742 17.6171605396084 17.6530197882093 17.7907193028368 17.7491225744598 17.7562944241799 17.7362132449634 17.6121402448043 17.6938993316144 17.7017883663066 17.7297585802153 17.6938993316144 17.7039399212226 17.9198125978 17.8459425456822 17.6738181523979 17.6064027650282 17.5856044008397 17.5726950713433 17.6716665974818 18.0352793782949 17.8853877191432 17.7476882045157 17.9133579330519 17.9535202914849 18.1464430489577 18.195928812027 18.2403942802921 18.2504348699003 18.2676473092288 18.2611926444806
17.3302865508012 17.5734122563154 16.9846033942886 16.8705709837377 16.8196508507244 17.6221808344126 16.6991637754254 16.9652394000441 16.7959837466478 16.5765251452103 17.0599078163505 16.7773369373754 16.7149418448098 17.0075533133931 16.9444410358556 16.9537644404918 16.8978240126744 17.1445356430486 16.9953611688688 16.9989470937289 17.001098648645 17.0720999608748 17.2764976778999 17.2678914582357 17.2377696894109 17.2298806547187 17.3166600363329 17.1961729610339 17.3388927704655 17.441450221464 17.5375530077145 17.5468764123507 17.6637775627896 17.7290413952433 17.7283242102712 17.7441022796556 17.7319101351313 17.75988034904 17.797891152557 17.7677693837322 17.7964567826129 17.8423566208221 17.8753471295349 17.8143864069134 17.7892849328928 17.8086489271373 17.798608337529 17.7383647998795 17.757728794124 17.797891152557 17.8574175052345 17.8301644762978 17.8531143954024 18.0402996730991 18.0503402627073 18.117038465105 18.4806512459181 18.3357798815705 18.3867000145838 18.3845484596677 18.0697042569518 18.5380260436796
17.0233313827775 16.961653475184 16.9501785156317 17.043412561994 17.5511795221828 16.9071474173106 16.9136020820588 17.0764030707069 17.1416669031605 16.922208301723 16.9465925907716 16.7787713073194 16.9064302323386 16.841166399885 16.9803002844565 16.8569444692694 15.7947935257107 16.9372691861354 17.0132907931693 16.8956724577583 17.0039673885331 17.0548875215463 17.0505844117142 17.1179997990839 17.161030897405 17.3776207589544 17.3876613485627 17.3410443253815 17.3890957185067 17.6272011292167 17.5920590655878 17.6193120945245 17.8072145571932 17.8072145571932 17.8079317421652 17.8186895167455 17.8057801872492 17.8244269965217 17.7720724935643 17.839487880934 17.8739127595909 17.8186895167455 17.9233985226601 17.918378227856 17.8911251989193 17.8595690601505 17.8853877191432 17.9456312567927 17.9520859215409 18.118472835049 18.2038178467192 18.1729788929224 18.0567949274555 18.1901913322508 18.2310708756559 18.2934659682214 18.4623630291317 17.1199996173382 -9999 -9999 -9999 -9999
16.7565385731868 16.6532639372163 16.922208301723 16.9587847352959 17.2492446489632 17.001815833617 16.9731284347363 17.1065248395316 16.9250770416111 16.9781487295404 16.6410717926919 16.7974181165919 16.8160649258643 16.7938321917318 17.0620593712665 17.0520187816583 16.9300973364152 16.920773931779 17.3166600363329 16.8497726195492 16.9566331803799 16.681951336097 17.1165654291399 17.3066194467247 17.319528776221 17.4644001405686 17.320963146165 17.5232093082741 17.5748466262594 17.717566435691 17.7706381236203 17.8911251989193 17.6494338633493 17.6852931119502 18.0058747944422 17.8861049041152 17.8760643145069 17.8466597306542 17.8100832970813 17.8344675861299 17.838770695962 17.9635608810931 18.0610980372876 18.0159153840505 17.9900967250578 18.0496230777353 18.0266731586307 18.0173497539945 18.1858882224187 18.2138584363274 18.2045350316912 18.2203131010756 18.1923428871669 18.5674306275323 18.0969572858885 17.9999995976686 -9999 -9999 -9999 -9999 -9999 -9999
17.2858210825361 17.1294747586362 17.4228034121916 17.4055909728631 16.9171880069189 16.9437238508835 16.9300973364152 17.2556993137114 17.5970793603919 17.6716665974818 17.1251716488041 16.8798943883739 16.8225195906125 16.9745628046803 16.7766197524033 17.1330606834963 17.1000701747835 17.1416669031605 17.1452528280206 17.0469984868541 17.123020093888 16.7708822726272 17.1775261517614 17.1258888337761 17.3080538166687 17.4156315624714 17.4364299266599 17.599230915308 18.0402996730991 16.2599996365607 16.2099996376783 15.9302187910877 16.4957440379076 16.6299996282905 -9999 17.344999612309 18.1464430489577 18.0209356788546 18.0087435343303 17.9004486035556 17.999420129694 17.9743186556734 18.1672414131463 18.2231818409637 18.1995147368871 18.196645996999 18.2561723496765 18.2009491068311 18.396740604192 18.4046296388842 18.4139530435205 18.4297311129048 18.434751407709 14.3949996782467 -9999 -9999 -9999 -9999 -9999 -9999 -9999 -9999
16.9401379260235 17.8947111237794 17.9549546614289 16.9006927525625 17.3697317242622 17.6716665974818 18.0424512280151 17.7864161930047 17.0742515157908 17.1273232037202 16.8978240126744 17.4328440017998 17.0448469319381 16.9946439838968 16.9315317063592 17.1352122384124 16.9587847352959 17.1488387528807 17.1058076545596 16.8920865328982 17.080706180539 17.1682027471252 17.1674855621532 16.8734397236258 17.0168767180294 17.1753745968454 17.3876613485627 17.5418561175466 17.6659291177057 -9999 -9999 -9999 -9999 -9999 16.3799996338785 18.3745078700595 18.2346568005159 18.0725729968399 18.0948057309724 18.0826135864481 18.1937772571109 18.1708273380063 18.2081209565513 18.2590410895646 18.3845484596677 18.3867000145838 18.5416119685397 18.5401775985956 18.5817743269727 18.6054414310493 18.8134250729345 18.7775658243336 18.6398663097061 -9999 -9999 -9999 -9999 -9999 -9999 -9999 -9999 -9999
17.6451307535172 17.797173967585 17.2076479205862 16.7350230240263 16.9996642787009 17.7849818230607 17.2521133888513 17.1266060187481 17.5554826320149 17.5791497360915 17.2987304120325 17.239921244327 17.2363353194669 17.1983245159499 17.3424786953256 17.0527359666303 17.0548875215463 17.082140550483 17.1373637933284 16.9451582208276 16.9401379260235 16.9523300705478 17.2040619957261 17.1933042211458 16.8447523247451 17.0864436603151 17.1108279493637 17.4988250192255 17.4751579151489 16.1999996379018 -9999 -9999 -9999 -9999 -9999 18.0749995959923 18.2468489450403 18.3372142515145 18.2597582745366 18.2597582745366 18.2848597485572 18.3465376561508 18.4820856158622 18.3321939567104 18.3623157255352 18.4949949453585 18.4720450262539 18.5215307893232 18.7201910265721 18.6219366854057 18.5229651592672 18.9862666511908 18.9482558476739 14.5713600591303 9.57616714940904 22.3815363677029 -9999 -9999 -9999 -9999 -9999 -9999
17.6852931119502 16.7493667234667 16.9401379260235 17.6867274818942 17.6888790368102 17.8552659503184 17.4486220711842 17.5511795221828 17.3510849149898 17.4902187995613 17.5296639730223 17.6257667592727 17.5913418806158 17.6114230598323 17.4995422041975 17.2356181344949 17.2757804929279 17.282235157676 17.1574449725449 17.2054963656701 17.321680331137 17.1653340072371 17.5619372967631 17.321680331137 17.557634186931 17.8265785514377 18.0216528638266 18.0704214419238 17.9814905053936 17.4952390943654 13.8612575280158 24.7149994475767 -9999 -9999 -9999 -9999 19.3197576631792 18.5014496101066 18.2231818409637 18.5186620494351 18.5975523963571 18.633411644958 18.4892574655823 18.5000152401626 18.5107730147429 18.5645618876442 18.6635334137827 18.7596362000331 18.8141422579065 18.5416119685397 18.5480666332878 18.7359690959565 19.0572679634206 9.86999977938831 -9999 -9999 -9999 -9999 -9999 -9999 -9999 -9999
16.4402600005269 17.6637775627896 15.4742118432187 15.5000305022113 16.842600769829 15.3723715771921 16.7902462668717 17.1552934176289 17.5303811579943 17.5447248574346 17.6601916379295 17.5518967071548 17.4945219093934 17.4335611867718 17.6193120945245 17.4306924468838 17.5146030886099 17.5253608631901 17.4837641348131 17.4744407301769 17.4600970307365 17.2707601981238 17.8258613664657 18.0309762684628 17.8961454937235 18.1435743090697 17.9398937770166 18.038865303155 18.1134525402449 18.2152928062715 13.9234343576362 -9999 -9999 -9999 -9999 -9999 -9999 -9999 -9999 -9999 -9999 -9999 -9999 -9999 -9999 -9999 18.6556443790905 18.6800286681391 18.7811517491937 18.4713278412819 19.3398388423957 19.3399995677173 -9999 -9999 -9999 -9999 -9999 -9999 -9999 -9999 -9999 -9999
17.4450361463241 17.5332498978823 18.0453199679032 14.4099093447439 17.9119235631078 17.0685140360147 17.1474043829367 17.4328440017998 17.5834528459236 17.4070253428072 17.6845759269781 17.6329386089928 17.5547654470429 17.640110458713 17.7146976958029 17.4306924468838 17.3847926086746 17.4486220711842 17.7333445050754 17.5067140539177 17.6867274818942 17.7627490889281 17.8315988462418 18.0826135864481 12.681896517912 16.0649996409193 17.8990142336115 17.6350901639089 18.0331278233789 18.4168217834085 18.2633441993967 12.8182466762383 19.9902443050852 -9999 -9999 -9999 -9999 -9999 -9999 -9999 -9999 -9999 -9999 -9999 -9999 -9999 -9999 -9999 -9999 -9999 -9999 -9999 -9999 -9999 -9999 -9999 -9999 -9999 -9999 -9999 -9999 -9999
17.4701376203448 17.5748466262594 16.4624927346595 16.3197729252279 14.5834681079723 15.5495162652805 17.4522079960443 17.3840754237026 17.3804894988425 17.5339670828544 17.4930875394493 17.7218695455231 17.8251441814937 17.637958903797 17.6745353373699 17.6458479384892 17.5024109440856 17.7276070252992 17.5497451522388 17.6738181523979 17.4981078342535 17.8911251989193 17.798608337529 17.67812126223 17.8588518751785 18.2432630201802 18.1306649795733 18.0245216037147 18.036713748239 18.0316934534349 18.2131412513554 18.2346568005159 18.7834658660367 -9999 -9999 -9999 -9999 -9999 -9999 -9999 -9999 -9999 -9999 -9999 -9999 -9999 -9999 -9999 -9999 -9999 -9999 -9999 -9999 -9999 -9999 -9999 -9999 -9999 -9999 -9999 -9999 -9999
17.4471877012402 17.44001585152 17.5468764123507 17.6530197882093 17.6322214240208 17.4902187995613 17.6946165165864 17.7813958982006 17.757728794124 17.7742240484804 17.7469710195437 17.7720724935643 17.7441022796556 17.6250495743006 17.9219641527161 17.7527084993199 17.7469710195437 17.8939939388074 17.9750358406454 17.8861049041152 17.9614093261771 17.7132633258589 17.8100832970813 17.9492171816528 18.1234931298532 18.23609117046 18.0166325690225 18.3027893728577 18.1701101530343 18.1686757830903 18.5308541939594 18.9174168938771 21.8509552071337 -9999 -9999 -9999 -9999 -9999 -9999 -9999 -9999 -9999 -9999 -9999 -9999 -9999 -9999 -9999 -9999 -9999 -9999 -9999 -9999 -9999 -9999 -9999 -9999 -9999 -9999 -9999 -9999 -9999
17.4522079960443 17.6207464644685 17.6573228980415 17.5518967071548 17.5354014527984 17.441450221464 17.4306924468838 17.5404217476025 17.8552659503184 18.0094607193023 17.9886623551138 17.9212469677441 18.1335337194614 17.9499343666248 17.9090548232198 17.8473769156262 17.7627490889281 17.8337504011579 17.8574175052345 17.8430738057941 17.7871333779767 17.877498684451 18.1679585981183 18.1543320836499 18.1909085172229 18.1127353552729 18.0618152222596 18.3529923208989 18.3623157255352 18.3981749741361 18.2102725114673 18.3221533671021 14.4966471004745 -9999 -9999 -9999 -9999 -9999 -9999 -9999 -9999 -9999 -9999 -9999 -9999 -9999 -9999 -9999 -9999 -9999 -9999 -9999 -9999 -9999 -9999 -9999 -9999 -9999 -9999 -9999 -9999 -9999
