EcologicalScience/Bass/data/rs_data_bass/sst_431.asc
NCOLS 226 
NROWS 124 
XLLCORNER -9.41648524995501 
YLLCORNER 47.587301625531 
CELLSIZE 0.0833 
NODATA_value -9999 
[rows 27 to 53 of 124, columns 62 to 123 of 226]
-9999 -9999 -9999 -9999 -9999 -9999 -9999 -9999 -9999 -9999 -9999 -9999 -9999 -9999 -9999 -9999 -9999 -9999 -9999 -9999 -9999 -9999 -9999 -9999 -9999 -9999 -9999 -9999 12.5299997199327 6.49712786125019 6.10439509379544 7.07525863591582 6.82854700554162 6.69299904583022 6.62128054862842 6.5567339011468 6.60119936941192 6.48286384902894 6.45274208020419 6.48716695886105 6.46063111489639 6.54812768148258 6.68367564119399 6.56964323064312 6.56318856589496 6.46852014958858 6.58900722488761 6.684392826166 6.78049561241642 6.16443372145295 6.7998596066609 6.71881770482287 6.64638202264905 6.61482588388026 6.64925076253712 5.87325662281364 5.63156528724357 5.52829065127298 5.81157871522009 6.01812798716128 6.1027558138594 6.00521865766495
-9999 -9999 -9999 -9999 -9999 -9999 -9999 -9999 -9999 -9999 -9999 -9999 -9999 -9999 -9999 -9999 -9999 -9999 -9999 -9999 -9999 -9999 -9999 -9999 -9999 -9999 -9999 -9999 -9999 -9999 9.78499978128821 6.36076310754288 6.8156376760453 6.73674732912332 6.56390575086698 6.59044159483165 6.58685566997156 6.57968382025138 6.5768150803633 6.59402751969174 6.56103701097891 6.54525894159451 6.56103701097891 6.684392826166 6.52374339243397 6.53378398204222 6.66574601689354 6.75539413839579 6.67004912672564 6.77332376269624 6.7360301441513 6.65713979722932 6.50366221321747 6.60765403416008 6.61841180874035 6.05613879067823 5.63730276701972 5.92561112577096 6.21391948452219 6.33225500490516 6.39967039227486 5.98083436861634
-9999 -9999 -9999 -9999 -9999 -9999 -9999 -9999 -9999 -9999 -9999 -9999 -9999 -9999 -9999 -9999 -9999 -9999 -9999 -9999 -9999 -9999 -9999 -9999 -9999 -9999 -9999 -9999 -9999 -9999 -9999 10.5999997630715 6.79627368180081 6.74965665861964 6.68582719611004 6.644230467733 6.55099642137066 6.48214666405693 6.55745108611882 6.61195714399219 6.62343210354447 6.63921017292887 6.69730215566233 6.66072572208941 6.68726156605408 6.7080599302426 6.65498824231327 6.76615191297606 6.8156376760453 6.83356730034575 6.82424389570951 6.69371623080224 6.46708577964455 6.55171360634267 5.57203893456608 5.63586839707568 6.41473127668723 6.23256629379466 6.2899410915561 6.31862849043682 6.30141605110839 6.28420361177996
-9999 -9999 -9999 -9999 -9999 -9999 -9999 -9999 -9999 -9999 -9999 -9999 -9999 -9999 -9999 -9999 -9999 -9999 -9999 -9999 -9999 -9999 -9999 -9999 -9999 -9999 -9999 -9999 -9999 -9999 -9999 10.483895370923 8.57991270720959 6.71236304007471 6.63203832320869 6.62773521337658 6.5409558317624 6.4929044386372 6.66789757180959 6.65929135214537 6.64781639259309 6.67148349666968 6.61697743879631 6.6363414330408 6.79914242168888 6.68152408627793 6.67937253136188 6.74105043895543 6.81778923096135 6.95548874558881 6.83285011537373 6.72957547940314 6.37672047317028 5.45944089395925 5.62797936238348 5.07000945415348 6.0547044207342 5.95071259979159 5.97939999867231 6.24475843831897 6.22396007413045 5.08722189348191
-9999 -9999 -9999 -9999 -9999 -9999 -9999 -9999 -9999 -9999 -9999 -9999 -9999 -9999 -9999 -9999 -9999 -9999 -9999 -9999 -9999 -9999 -9999 -9999 -9999 -9999 -9999 -9999 -9999 -9999 -9999 -9999 7.6682425390297 6.71738333487883 6.7001708955504 6.66789757180959 6.63705861801282 6.65140231745318 6.78264716733247 6.83500167028978 6.73387858923525 6.7001708955504 6.61123995902017 6.61769462376833 6.62271491857246 6.70949430018663 6.69873652560636 6.8357188552618 6.81420330610126 6.82998137548566 6.91245764726773 6.90169987268746 6.76256598811597 6.61339151393622 6.3179113054648 6.26125369267538 6.02458265190944 6.09199803927913 6.34731588931754 6.0590075305663 5.55482649523765 5.46948148356751
-9999 -9999 -9999 -9999 -9999 -9999 -9999 -9999 -9999 -9999 -9999 -9999 -9999 -9999 -9999 -9999 -9999 -9999 -9999 -9999 -9999 -9999 -9999 -9999 -9999 -9999 -9999 -9999 -9999 -9999 -9999 -9999 10.6950395727883 6.73244421929121 6.69945371057838 6.60980558907613 6.61052277404815 6.78551590722054 6.86010314431041 6.87444684375077 6.71666614990681 6.7202520747669 6.70447400538251 6.70160526549444 6.68080690130591 6.6564226122573 6.7159489649348 6.78695027716458 6.83930478012189 6.89022491313517 6.91030609235168 6.90456861257553 6.79842523671687 6.6800897163339 6.59474470466375 6.01956235710531 5.21272926358506 5.73412273824215 5.21559800347313 5.06714071426541 5.37122714240104 5.61363566294312
-9999 -9999 -9999 -9999 -9999 -9999 -9999 -9999 -9999 -9999 -9999 -9999 -9999 -9999 -9999 -9999 -9999 -9999 -9999 -9999 -9999 -9999 -9999 -9999 -9999 -9999 -9999 -9999 -9999 -9999 -9999 -9999 8.91255186630543 7.06580483401194 6.72527236957103 6.70375682041049 6.6722006816417 6.76615191297606 6.79268775694072 6.70303963543847 6.71164585510269 6.70447400538251 6.55601671617478 6.60263373935595 6.74965665861964 6.62558365846053 6.843607889954 6.82639545062557 7.05517745669931 6.92393260682002 7.02003539307043 6.9511856357567 6.63275550818071 6.61339151393622 6.17232275614515 6.37170017836615 6.34229559451342 5.58996855886653 4.811822864227 6.01525924727321 5.18762778956443 5.53833124088123
-9999 -9999 -9999 -9999 -9999 -9999 -9999 -9999 -9999 -9999 -9999 -9999 -9999 -9999 -9999 -9999 -9999 -9999 -9999 -9999 -9999 -9999 -9999 -9999 -9999 -9999 -9999 -9999 -9999 -9999 -9999 -9999 -9999 8.52572092140261 6.75395976845175 6.69801934063435 6.63777580298483 6.75252539850771 6.79483931185678 6.76400035806 6.6485335775651 6.60119936941192 6.69515060074627 6.7518082135357 6.97341836988926 6.87659839866683 6.91460920218378 6.843607889954 6.97843866469339 6.90528579754755 6.89165928307921 6.94257941609249 6.6485335775651 6.37098299339414 6.644230467733 6.56318856589496 6.29280983144417 5.32891322905198 5.19981993408874 5.68678853008896 5.86895351298153 5.87612536270171
-9999 -9999 -9999 -9999 -9999 -9999 -9999 14.0838108547748 15.2709411311496 13.7331625715328 12.3040586709976 7.26014892170206 8.03116776646279 10.1565854926702 8.41999981179833 -9999 -9999 -9999 -9999 -9999 -9999 -9999 -9999 -9999 -9999 -9999 -9999 -9999 -9999 -9999 -9999 -9999 -9999 -9999 6.46708577964455 6.71451459499076 6.65068513248116 6.684392826166 6.74750510370359 6.7797784274444 6.72885829443112 6.67506942152977 6.61195714399219 6.72383799962699 6.78910183208063 6.80201116157696 6.94401378603652 6.88161869347095 6.923215421848 6.95692311553285 6.89237646805122 6.59044159483165 6.29209264647216 6.0231482819654 6.39106417261064 6.37313454831019 6.13502913760021 6.0826746346429 6.01310769235715 6.04824975598603 6.126422917936 5.64519180171192
-9999 -9999 -9999 -9999 16.949999621138 9.60236902166482 9.20519042506348 9.37729199882597 7.39010283863172 10.4768669581972 17.3985354234087 20.0849518409711 -9999 -9999 -9999 -9999 -9999 -9999 -9999 -9999 -9999 -9999 -9999 -9999 -9999 -9999 -9999 -9999 -9999 -9999 -9999 -9999 -9999 -9999 6.30661564215552 7.0150150982663 6.97772147972137 6.54597612656653 6.66646320186555 6.7998596066609 6.04968412593007 6.77117220778018 6.75754569331184 6.70519119035453 6.81492049107328 6.92464979179204 6.9432966010645 6.95405437564477 6.89165928307921 6.19885860010982 6.37313454831019 6.53163242712617 6.53019805718213 6.33440655982122 6.28276924183592 6.31934567540884 6.32795189507306 6.23328347876668 6.37026580842212 6.07550278492272 6.10921047860757 5.90624713152647
6.9711233779788 14.0019540416609 16.0858898147757 8.05794548457488 6.61817274708301 8.79506819881499 8.72478407155722 7.50772117404267 7.01824243064038 14.9078410504409 -9999 -9999 -9999 -9999 -9999 -9999 -9999 -9999 -9999 -9999 -9999 -9999 -9999 -9999 -9999 -9999 -9999 -9999 -9999 -9999 -9999 -9999 -9999 -9999 13.6449996950105 6.87014373391867 6.96983244502917 6.88018432352692 6.86799217900261 6.76400035806 6.21750540938228 6.69084749091417 6.65498824231327 6.65140231745318 6.70662556029856 6.61052277404815 6.70949430018663 6.68869593599811 6.72312081465498 6.62128054862842 6.64279609778896 6.5007934733294 6.51944028260186 6.61626025382429 6.68797875102609 6.56892604567111 6.58255256013945 6.51370280282572 6.51226843288168 6.53952146181837 6.57538071041927 6.12498854799196
8.59138766676188 7.97532577579841 8.1223486950621 8.58206426212564 8.5526596782729 7.72538681305014 9.11349832639098 9.06329537834972 6.93433178891428 15.5899996515363 -9999 -9999 -9999 -9999 -9999 -9999 -9999 -9999 -9999 -9999 -9999 -9999 -9999 -9999 -9999 -9999 -9999 -9999 -9999 -9999 -9999 -9999 -9999 -9999 -9999 6.67381434782874 6.13251899019815 6.98202458955348 6.81635486101732 6.93971067620441 6.86440625414252 6.72383799962699 6.61984617868438 6.53736990690231 6.51944028260186 6.53450116701424 6.5409558317624 6.54956205142662 6.46565140970051 6.564622935839 6.45059052528813 6.22396007413045 6.55243079131469 6.564622935839 6.48286384902894 6.53521835198626 6.49935910338536 6.52374339243397 6.61984617868438 6.44270149059594 6.25264747301117 5.98155155358836
6.60478529427201 8.1818750477396 8.02552872383967 7.94018371216953 6.86189610674046 6.76937924535014 9.15652942471206 9.05468915868551 8.71788688842207 -9999 -9999 -9999 -9999 -9999 -9999 -9999 -9999 -9999 -9999 -9999 -9999 -9999 -9999 -9999 -9999 -9999 -9999 -9999 -9999 -9999 -9999 -9999 -9999 -9999 -9999 -9999 7.23388691199943 6.00378428772092 7.1900082314387 7.14841150306165 6.94114504614845 7.0465712370351 6.81778923096135 6.71953488979489 6.6284523983486 6.64566483767703 6.67650379147381 6.65140231745318 6.49362162360922 6.5488448664546 6.5366527219303 6.29639575630426 6.52015746757388 6.58972440985963 6.35090181417763 6.13502913760021 6.325800340157 6.27057709731162 6.28707235166803 6.20889918971807 5.9471266749315 6.43911556573585
6.7281411094591 7.2605314203538 8.11517684534192 7.96385081624612 8.47520370129496 6.62665943591855 5.69898067461327 5.93672749283724 12.7897884929553 -9999 -9999 -9999 -9999 -9999 -9999 -9999 -9999 -9999 -9999 -9999 -9999 -9999 -9999 -9999 -9999 -9999 -9999 -9999 -9999 -9999 -9999 -9999 -9999 -9999 -9999 -9999 -9999 -9999 -9999 5.02999988757074 4.04353846295271 7.14632514677942 6.86010314431041 6.95477156061679 6.72670673951507 6.69515060074627 6.60621966421604 6.58183537516743 6.57107760058716 6.57107760058716 6.41401409171522 6.51011687796563 6.43983275070786 6.49003569874913 6.10992766357958 6.26914272736758 5.96362192928791 6.33942685462534 6.27846613200381 6.03749198140576 5.83883174415678 6.54239020170644
7.62749106436968 6.53342538955621 7.73220007028431 7.89213231904432 7.86272773519158 7.39010283863172 7.59163181576878 6.56785026821308 14.3049996802583 -9999 -9999 -9999 -9999 -9999 -9999 -9999 -9999 -9999 -9999 -9999 -9999 -9999 -9999 -9999 -9999 -9999 -9999 -9999 -9999 -9999 -9999 -9999 -9999 -9999 -9999 -9999 -9999 -9999 -9999 -9999 -9999 -9999 -9999 11.2002746908407 7.44506528694183 6.74320199387148 6.6722006816417 6.64064454287291 6.66574601689354 6.63562424806878 6.67291786661372 6.62343210354447 6.68224127124995 6.48358103400096 6.16515090642497 6.28492079675198 5.97151096398011 5.71762748388574 5.67459638556466 6.07908870978281 5.65953550115228 5.70471815438941
7.39512313343585 7.84981840569526 7.53138827811927 7.47544785030186 7.96743674110621 7.14052246836945 7.40372935310006 7.62175358459353 7.71713918587193 14.1199996843934 -9999 -9999 -9999 -9999 -9999 16.1899624452926 -9999 -9999 -9999 -9999 -9999 -9999 -9999 -9999 -9999 -9999 -9999 -9999 -9999 -9999 -9999 -9999 -9999 -9999 -9999 -9999 -9999 -9999 -9999 -9999 -9999 -9999 -9999 -9999 8.78499980363995 7.95985507140202 6.63203832320869 6.61697743879631 6.63418987812474 6.58613848499954 6.56247138092294 6.59904781449586 6.52661213232204 6.44341867556795 5.97437970386818 6.25336465798318 5.94282356509939 6.24762717820704 5.37194432737306 5.94640948995948 6.3975188373588 6.05757316062227
7.98034607060254 8.00903346948326 8.24785606516525 7.92584001272917 8.16896571824327 8.15533920377493 7.32197026629001 7.96241644630209 8.21163822407834 7.45034637628123 16.4099996332079 -9999 -9999 -9999 -9999 -9999 -9999 -9999 -9999 -9999 -9999 -9999 -9999 -9999 -9999 -9999 -9999 -9999 -9999 -9999 -9999 -9999 -9999 -9999 -9999 -9999 -9999 -9999 -9999 -9999 -9999 -9999 -9999 -9999 -9999 12.5599997192621 7.09271013690159 6.70519119035453 6.64064454287291 6.56892604567111 6.54454175662249 6.52159183751792 6.47856073919684 6.46349985478446 6.39106417261064 6.3695486234501 6.22324288915843 6.2540818429552 6.25981932273135 6.37098299339414 5.51681569172069 5.3654896626249
7.80822167731822 8.3296151519753 8.41137423878536 8.33391826180741 8.14458142919466 8.06927700713277 8.06569108227268 7.78096864838153 7.27535324310884 7.40659809298813 7.38866846868768 7.51489302376285 -9999 -9999 17.7704245618731 18.9549995763227 19.4418840184143 23.4309534613929 -9999 -9999 -9999 -9999 -9999 -9999 -9999 -9999 -9999 -9999 -9999 -9999 -9999 -9999 -9999 -9999 -9999 -9999 -9999 -9999 -9999 -9999 -9999 -9999 -9999 -9999 -9999 8.8399998024106 10.2349997712299 8.72384431193872 6.70088808052242 6.65427105734125 6.58972440985963 6.52015746757388 6.49362162360922 5.97007659403607 6.48931851377711 6.5050965831615 6.17303994111717 6.33010344998911 6.42046875646338 6.2899410915561 6.52374339243397 6.31719412049279
7.71857355581596 7.62677387939766 7.87994017452002 8.27439190912992 7.93946652719751 7.57728811632842 7.45608385605738 7.7278969604522 7.46827600058168 7.53210546309128 7.42739645717666 7.43887141672894 17.5749996071681 8.35901973582804 8.34754477627575 8.63441876508296 8.89977720472962 12.7630364388152 -9999 -9999 -9999 -9999 -9999 -9999 -9999 -9999 -9999 -9999 -9999 -9999 -9999 -9999 -9999 -9999 -9999 -9999 -9999 -9999 -9999 -9999 -9999 -9999 -9999 -9999 -9999 -9999 -9999 -9999 7.24056977196597 7.05517745669931 6.54239020170644 6.7360301441513 6.61339151393622 6.63562424806878 6.05398723576218 5.70471815438941 5.54263435071334 6.43624682584777 6.42692342121154 5.97653125878423 6.26412243256345 5.97007659403607
7.58159122616053 7.48333688499406 7.48620562488213 7.81826226692647 7.46540726069361 7.39082002360374 7.43671986181289 7.45823541097343 7.47831659018993 7.51847894862294 7.37504195421934 7.41663868259639 7.35711232991889 7.70494704134762 8.03987242328003 8.38483839482069 16.7899996247143 21.8244570913263 -9999 -9999 -9999 -9999 -9999 -9999 -9999 -9999 -9999 -9999 -9999 -9999 -9999 -9999 -9999 -9999 -9999 -9999 -9999 -9999 -9999 -9999 -9999 -9999 -9999 -9999 -9999 -9999 -9999 -9999 7.03947110581212 6.40182194719091 6.43839838076383 6.51441998779774 6.62343210354447 6.405407872051 6.18451490066946 6.35879084886983 6.11423077341169 6.57322915550321 6.03462324151769 5.85532699851319 6.23543503368273 6.4771263692528
7.60669270018116 7.55577256716788 7.44747763639316 7.25096895406023 7.18642230657861 7.03509627748281 7.22945340489969 7.2301705898717 7.29400005238131 7.75730154430494 7.43528549186885 7.45966978091747 7.40229498315603 7.57298500649631 8.14816735405475 8.51464887475595 17.0699996184558 -9999 -9999 -9999 -9999 -9999 -9999 -9999 -9999 -9999 -9999 -9999 -9999 -9999 -9999 -9999 -9999 -9999 -9999 -9999 -9999 -9999 -9999 -9999 -9999 -9999 -9999 -9999 -9999 -9999 -9999 -9999 6.55773796010762 6.2698599123396 6.34444714942947 6.44843897037208 6.50939969299361 6.43194371601567 6.43552964087576 6.42477186629549 6.47067170450464 6.55888545606285 6.54023864679039 6.57394634047523 6.55386516125873 6.38819543272257
7.52995390817523 7.55218664230779 7.42954801209271 7.43169956700876 7.1943113412708 7.29973753215745 7.12115847412497 7.17781608691439 7.18929104646668 7.81826226692647 7.75945309922099 7.9946897700429 8.12808617483824 8.10800499562174 8.21343118650839 6.69999985024333 -9999 -9999 -9999 -9999 -9999 -9999 -9999 -9999 -9999 -9999 -9999 -9999 -9999 -9999 -9999 -9999 -9999 -9999 -9999 -9999 -9999 -9999 -9999 -9999 -9999 -9999 -9999 -9999 -9999 -9999 -9999 -9999 7.2874350514836 6.97987303463742 6.36237677372992 6.50222784327343 6.3774376581423 6.36381114367396 6.44054993567988 6.62343210354447 6.46708577964455 6.49362162360922 6.46493422472849 6.46852014958858 6.47067170450464 6.43552964087576
7.62318795453757 7.5765709313564 7.56581315677613 7.48046814510599 6.98847925430164 7.03007598267868 6.96839807508513 6.87874995358288 7.02649005781859 7.07669300585985 8.01190220937133 8.05493330769241 8.10083314590156 8.38268683990464 10.1246025748825 -9999 -9999 -9999 -9999 -9999 -9999 -9999 -9999 -9999 -9999 -9999 -9999 -9999 -9999 -9999 -9999 -9999 -9999 -9999 -9999 -9999 -9999 -9999 -9999 -9999 -9999 -9999 -9999 -9999 -9999 -9999 -9999 -9999 -9999 4.48499989975244 8.27380919634015 5.86024483832132 6.18953519547358 6.21750540938228 6.37241736333817 6.38245795294642 6.41760001657531 6.40827661193907 6.41473127668723 6.48788414383307 6.50007628835738 6.48716695886105
7.54214605269954 7.55433819722384 7.50772117404267 7.41161838779226 7.33989989059046 6.81420330610126 6.89811394782737 6.88018432352692 6.89022491313517 6.75467695342377 8.27008879929781 8.18402660265565 8.08003478171304 10.4879833252635 14.7703708582558 11.3461733826436 -9999 -9999 -9999 -9999 -9999 -9999 -9999 -9999 -9999 -9999 -9999 -9999 -9999 -9999 -9999 -9999 -9999 -9999 -9999 -9999 -9999 -9999 -9999 -9999 -9999 -9999 -9999 -9999 -9999 -9999 8.28658405365422 9.03007598081604 8.59499980788678 -9999 11.5949583295733 7.65446825293251 6.13305687892716 6.32866908004507 6.3136081956327 6.36309395870194 6.3774376581423 6.48573258891702 6.46995451953262 6.55816827109084 6.59761344455183 6.6800897163339
7.36284980969504 7.4051637230441 7.47759940521792 7.49624621449038 7.39512313343585 7.29041412752122 7.25455487892032 7.08888515038416 6.87516402872279 7.21224096557125 7.11111788451672 8.00616472959518 8.40850549889728 8.83451337227598 8.76996672479436 -9999 -9999 -9999 -9999 -9999 -9999 -9999 -9999 -9999 -9999 -9999 -9999 -9999 -9999 -9999 -9999 -9999 -9999 -9999 -9999 -9999 -9999 -9999 -9999 -9999 -9999 -9999 -9999 -9999 -9999 -9999 -9999 -9999 8.44504164117964 9.31274535134435 9.41878006281331 13.1525816338004 13.4607150342781 7.62377474224195 6.31934567540884 6.37170017836615 6.37313454831019 6.40971098188311 6.48860132880509 6.46278266981244 6.74607073375955 6.88879054319113
7.14841150306165 7.2896969425492 7.4051637230441 7.47401348035783 7.55003508739173 7.24379710434005 7.38436535885558 7.4173558675684 7.06952115613967 7.09175389027223 7.25312050897628 8.45942563191056 9.57930996571667 8.79004790401086 14.5599996745586 -9999 -9999 -9999 -9999 -9999 -9999 -9999 -9999 -9999 -9999 -9999 -9999 -9999 -9999 -9999 -9999 -9999 -9999 -9999 -9999 -9999 -9999 -9999 -9999 -9999 -9999 -9999 -9999 -9999 -9999 -9999 -9999 -9999 -9999 -9999 13.6251040753642 8.89293134817854 8.49169895565137 7.98966947523877 6.63777580298483 6.65355387236923 6.61912899371237 6.6363414330408 6.60406810929999 6.79412212688476 6.82209234079346 6.92464979179204
7.26746420841664 7.28467664774507 7.56939908163622 7.56437878683209 7.6124301799573 7.55003508739173 7.441022971645 7.54358042264357 7.76662494894117 7.65115816844627 7.6999267465435 7.78527175821364 8.8115634531714 9.06975004309788 11.0106657945324 -9999 -9999 -9999 -9999 -9999 -9999 -9999 -9999 -9999 -9999 -9999 -9999 -9999 -9999 -9999 -9999 -9999 -9999 -9999 -9999 -9999 -9999 -9999 -9999 -9999 -9999 -9999 -9999 -9999 -9999 -9999 -9999 -9999 -9999 -9999 -9999 -9999 12.929999710992 10.9185453232145 8.16537979338318 8.41280860872939 8.49385051056743 7.93014312256128 7.13335061864927 7.37647632416338 6.67004912672564 7.2258674800396
