EcologicalScience/Bass/data/rs_data_bass/sst_414.asc
NCOLS 226 
NROWS 124 
XLLCORNER -9.41648524995501 
YLLCORNER 47.587301625531 
CELLSIZE 0.0833 
NODATA_value -9999 
[rows 54 to 80 of 124, columns 0 to 61 of 226]
-9999 -9999 -9999 -9999 -9999 -9999 -9999 -9999 -9999 -9999 -9999 -9999 -9999 -9999 -9999 -9999 -9999 -9999 -9999 -9999 -9999 -9999 -9999 -9999 -9999 -9999 -9999 -9999 -9999 -9999 -9999 -9999 -9999 -9999 -9999 -9999 -9999 -9999 9.49470972305594 8.63646786500301 6.66000853711739 6.76973783783615 10.349208033178 10.5495895143598 10.8416272349656 10.9682821010239 11.058217096515 11.1339876888087 9.43479719385505 9.3451490723528 9.28490553470328 11.2208951391679 10.3750266921706 10.271034871228 10.2179631832987 9.23470258666202 9.98631243733689 9.70069352223072 10.7028949739784 -9999 -9999 9.22035888722166
-9999 -9999 -9999 -9999 -9999 -9999 -9999 -9999 -9999 -9999 -9999 -9999 -9999 -9999 -9999 -9999 -9999 -9999 -9999 -9999 -9999 -9999 -9999 -9999 -9999 -9999 -9999 -9999 -9999 -9999 -9999 -9999 -9999 -9999 -9999 -9999 -9999 -9999 11.9399997331202 8.00975065445527 7.71498763095587 7.10968351457268 9.59860224146396 10.0905911322683 7.92010253295302 11.1033280312549 11.1247718619183 11.2555505415658 11.1642887538765 9.1701559391804 9.39535202039406 10.9121982362121 10.7967314557172 10.7336191781797 10.1842554896139 10.2050538538024 9.43718781042844 9.5715588512114 -9999 13.6649996945634 -9999 13.3149997023866
-9999 -9999 -9999 -9999 -9999 -9999 -9999 -9999 -9999 -9999 -9999 -9999 -9999 -9999 -9999 -9999 -9999 -9999 -9999 -9999 -9999 -9999 -9999 -9999 -9999 -9999 -9999 -9999 -9999 -9999 -9999 -9999 -9999 -9999 -9999 -9999 -9999 -9999 -9999 7.15486616780981 9.04565262803808 9.59817193048075 9.40768760191277 10.3680939041078 8.76996672479436 7.88998076412827 11.1379680654034 11.2144199834205 11.1605235327734 11.2186155155068 11.0140385022387 10.7723471666686 10.7630237620324 10.6332132820971 10.3915219465271 9.96551407314837 9.85148166259751 9.74390391679481 9.78722188910469 14.339999679476 -9999 -9999
-9999 -9999 -9999 -9999 -9999 -9999 -9999 -9999 -9999 -9999 -9999 -9999 -9999 -9999 -9999 -9999 -9999 -9999 -9999 -9999 -9999 -9999 -9999 -9999 -9999 -9999 -9999 -9999 -9999 -9999 -9999 -9999 -9999 -9999 -9999 -9999 -9999 -9999 -9999 14.4099996779114 9.89228151878342 9.13071076571941 9.24058350343257 9.98583431402221 10.8839411483146 10.9054566974752 11.0349803034216 10.9991210548207 11.064958635252 11.1115756584331 11.0534836756997 10.8648640280589 10.6783959353343 10.3857844667509 10.2380443625152 10.0264747957699 9.59759818250313 9.79625841975212 9.82279426371679 9.63460492705926 8.14418697746005 -9999
-9999 -9999 -9999 -9999 -9999 -9999 -9999 -9999 -9999 -9999 -9999 -9999 -9999 -9999 -9999 -9999 -9999 -9999 -9999 -9999 -9999 -9999 -9999 -9999 -9999 -9999 -9999 -9999 -9999 -9999 -9999 -9999 -9999 -9999 -9999 -9999 -9999 -9999 -9999 -9999 9.80988493422046 9.31603136248887 6.34516433440149 9.87357095973566 10.0453606666997 10.7664662498981 10.1311838016845 9.87156284181401 10.6768181283958 10.985351103358 11.0807367046364 10.8641468430869 10.3635517326184 10.1842554896139 10.0845667785034 9.93180637946352 9.80773337930441 9.45057526323944 9.55528426915407 8.31684925947338 8.38483839482069 9.08999979682267
-9999 -9999 -9999 -9999 -9999 -9999 -9999 -9999 -9999 -9999 -9999 -9999 -9999 -9999 -9999 -9999 -9999 -9999 -9999 -9999 -9999 -9999 -9999 -9999 -9999 -9999 -9999 -9999 -9999 -9999 -9999 -9999 -9999 -9999 -9999 -9999 -9999 -9999 -9999 -9999 8.40139601308771 9.88925340445712 9.45731680197641 9.5046510101296 9.66443982189521 10.388653206639 10.2192541162483 9.28060242487118 10.5378276808187 10.6023743283004 10.9918057681061 10.8648640280589 10.7694784267806 10.1268806918524 10.3527939580381 10.5177465016022 9.19884333806112 9.59124597275097 8.69078950388357 14.5580371165321 -9999 -9999
-9999 -9999 -9999 -9999 -9999 -9999 -9999 -9999 -9999 -9999 -9999 -9999 -9999 -9999 -9999 -9999 -9999 -9999 -9999 -9999 -9999 -9999 -9999 -9999 -9999 -9999 -9999 -9999 -9999 -9999 -9999 -9999 -9999 -9999 -9999 -9999 -9999 -9999 -9999 8.22119549337937 9.32602413976565 9.28533584568649 9.04923855289817 5.31313515966758 10.4715597894043 8.27295753918588 9.43121126899496 8.93563645333052 10.270317686256 10.786690866109 10.7192754787393 10.8196813748218 10.7099520741031 10.5191808715463 10.1605883855373 10.8702827589586 7.85985899530351 13.8549996903166 15.8617798827846 8.18130129976198 7.86846521496773 7.65976438811049
-9999 -9999 -9999 -9999 -9999 -9999 -9999 -9999 -9999 -9999 -9999 -9999 -9999 -9999 -9999 -9999 -9999 -9999 -9999 -9999 -9999 -9999 -9999 -9999 -9999 -9999 -9999 -9999 -9999 -9999 -9999 -9999 -9999 -9999 -9999 -9999 -9999 -9999 -9999 8.8553117364645 8.7398449559696 8.69968259753659 8.58493300201371 9.11995299113914 6.2698599123396 8.53473005397245 8.2299264408648 10.6793180302983 10.8318735193461 10.7845393111929 10.6898708948866 10.6532944613136 10.7013458544388 10.5328073860146 10.2000335589983 9.76470228098333 9.83498640824109 10.0013733217493 9.79769278969616 6.98776206932962 7.85053559066728 7.51130709890276
-9999 -9999 -9999 -9999 -9999 -9999 -9999 -9999 -9999 -9999 -9999 -9999 -9999 -9999 -9999 -9999 -9999 -9999 -9999 -9999 -9999 -9999 -9999 -9999 -9999 -9999 -9999 -9999 -9999 -9999 -9999 -9999 -9999 -9999 -9999 -9999 -9999 -9999 8.28271125480533 8.56987211760134 9.1701559391804 8.87467573070899 8.91985838394612 10.7211401596665 10.1971648191102 10.5277870912105 10.4173406055197 10.5908993687481 9.54882960440591 11.0491805658676 10.268883316312 10.7823877562769 10.6547288312577 10.4653919986449 10.1046479577199 10.0013733217493 10.1455275011249 9.61194188194349 9.02169864997268 8.65665149921551 8.46731466660276 6.80990019626915
-9999 -9999 -9999 -9999 -9999 -9999 -9999 -9999 -9999 -9999 -9999 -9999 -9999 -9999 -9999 -9999 -9999 -9999 -9999 -9999 -9999 -9999 -9999 -9999 -9999 -9999 -9999 -9999 -9999 -9999 -9999 -9999 -9999 -9999 -9999 -9999 -9999 -9999 10.0769646178 9.92750326963142 9.51096223788336 10.3284096689895 10.3649861025624 10.0795464836992 10.2401959174313 10.8498031436466 10.7501144325361 10.9150669761002 10.9989776178263 10.4904934726655 10.4998168773018 10.5959196635522 10.9337137853727 10.4969481374137 10.4653919986449 10.507705911994 10.2724692411721 10.5564744900912 7.59127322328277 8.66358428727835 7.96743674110621 7.24953458411619
-9999 -9999 -9999 -9999 -9999 -9999 -9999 -9999 -9999 -9999 -9999 -9999 -9999 -9999 -9999 -9999 -9999 -9999 -9999 -9999 -9999 -9999 -9999 -9999 -9999 -9999 -9999 -9999 -9999 -9999 -9999 -9999 -9999 -9999 -9999 -9999 -9999 10.150547795929 9.97799309166148 9.51512191072106 9.58612322295085 9.95905940840021 10.2100741486065 9.97196873789653 10.2789239059202 10.4503311142325 10.706366149243 10.8605609182268 10.8921170569956 11.3152561904863 10.4524826691486 10.5026856171899 10.4661091836169 10.0608996744268 10.2774895359762 10.3649861025624 10.4818872530013 9.3853114307858 8.81668620297153 8.78195395932666 7.67482527252287 7.78527175821364
-9999 -9999 -9999 -9999 -9999 -9999 -9999 -9999 -9999 -9999 -9999 -9999 -9999 -9999 -9999 -9999 -9999 -9999 -9999 -9999 -9999 -9999 -9999 -9999 -9999 -9999 -9999 -9999 -9999 -9999 -9999 -9999 -9999 -9999 -9999 -9999 -9999 9.0862452974543 9.09628588706255 9.35016936715692 9.46707051759586 9.93108919449151 10.8892483171076 11.2026581498794 11.3511154390872 10.8031861204654 10.7981658256613 11.026947831735 11.2793969418854 11.4508041501977 11.147434907034 10.6597491260618 10.2624286515638 10.0063936165534 10.0078279864974 9.93252356443554 9.6879634889774 9.53878901479766 9.30785545380786 9.23900569649413 8.94639422791079 7.40692408615723
-9999 -9999 -9999 -9999 -9999 -9999 -9999 -9999 -9999 -9999 -9999 -9999 -9999 -9999 -9999 -9999 -9999 -9999 -9999 -9999 -9999 -9999 -9999 -9999 -9999 -9999 -9999 -9999 -9999 -9999 -9999 -9999 -9999 -9999 -9999 11.3084589896321 10.1494002999738 9.2975279902108 9.70732748322189 9.7675710208714 9.28084148652852 10.0617602963932 9.90849786787294 11.2937406413257 11.4407635605894 11.4285714160651 11.5648365607485 11.6150395087898 11.187597265467 11.0735648549162 10.9430371900089 10.8870967621915 10.3054597498849 10.4316843049601 10.1469618710689 9.71665088785812 9.82279426371679 9.3888973556459 9.19740896811709 8.85459455149248 8.68677326804027 7.71785637084395
-9999 -9999 -9999 -9999 -9999 -9999 -9999 -9999 -9999 -9999 -9999 -9999 -9999 -9999 -9999 -9999 -9999 -9999 -9999 -9999 -9999 -9999 -9999 -9999 -9999 -9999 -9999 -9999 -9999 -9999 -9999 21.5642343031077 18.4549995874986 -9999 -9999 8.03847579991347 10.2686877204105 8.64517653966323 9.42332223430276 9.87801750656217 10.0472731599584 10.1020660918206 10.2351756226271 11.1395458723418 11.0585039705038 11.4099246067926 11.1768394908868 11.4967039884068 11.0463118259795 11.0549180456437 10.9831995484419 10.5794244091958 9.9188970499672 9.65282142534852 9.63274024613202 9.50149539625272 9.47567673726007 8.57991270720959 7.75514998938888 7.84838403575122 8.36260566068813 7.94950711680576
-9999 -9999 -9999 -9999 -9999 -9999 -9999 -9999 -9999 -9999 -9999 -9999 -9999 -9999 -9999 -9999 -9999 -9999 -9999 -9999 -9999 -9999 -9999 -9999 -9999 -9999 -9999 -9999 11.8599997349083 8.21244977549405 8.71198209864552 10.2413434133865 10.4013017416 6.99620301179864 12.7436837447541 11.8698792355135 9.00185653241351 9.10991240153089 9.35303810704499 9.86367380712181 9.95260474365205 10.5851618889719 10.532233638037 11.4852290288545 11.5598162659444 11.623645728454 11.6846064510755 11.6874751909636 11.662373716943 11.4199651964009 11.3884090576321 10.5217627374455 10.2222662931308 9.69226659880951 9.62556839641184 9.38674580072984 9.02313301991671 8.81586656300351 8.62652973039076 8.29232153343037 7.84981840569526 8.02768027875572
-9999 -9999 -9999 -9999 -9999 -9999 -9999 -9999 -9999 -9999 -9999 -9999 -9999 -9999 -9999 -9999 -9999 -9999 -9999 -9999 -9999 -9999 16.0015021720901 9.45590292303158 9.28418834973127 9.4208633143987 9.70630293326186 9.32829522551037 8.87754447059706 8.95155795970932 10.0720877599902 9.82996611343697 9.5007782112807 9.73658863008022 9.80629900936037 9.6318796241656 9.69786064159125 9.84789573773742 9.97340310784057 10.149830610957 10.3449049233459 10.8440656638704 11.4759056242183 11.5648365607485 11.5813318151049 11.3633075836115 11.6695455666631 11.4486525952816 11.5017242832109 11.1603442365304 10.8913998720236 10.4022797211073 9.97196873789653 9.37025054637343 9.40969571983442 9.37527084117755 9.12640765588731 8.97508162679151 8.95832557789981 15.3499996569008 -9999 -9999
-9999 -9999 -9999 -9999 -9999 -9999 -9999 -9999 -9999 -9999 -9999 -9999 -9999 -9999 -9999 -9999 -9999 -9999 -9999 -9999 -9999 11.0443257752878 10.0488868261455 9.379813012667 9.25299080344848 9.14003417035565 9.15545364725403 9.15688801719807 8.98081910656765 9.02636035229079 8.7319559212774 9.79080781396478 8.90981779433787 9.80486463941634 9.8988158707507 10.0145217129029 9.78478346019983 9.67290260456502 9.80845056427643 10.0931729981676 10.5959196635522 11.0727042329498 9.20529800280929 9.09269996220246 11.505310208071 11.6709799366072 11.3503982541151 11.5512100462802 11.1094241035171 11.1244849879295 10.7529831724241 10.4108859407715 10.2717520562001 9.30441296594217 8.69075762899593 11.45014673064 15.4749996541068 -9999 -9999 -9999 -9999 -9999
-9999 -9999 -9999 -9999 -9999 -9999 -9999 -9999 -9999 -9999 -9999 -9999 -9999 -9999 -9999 -9999 -9999 6.88018432352692 9.28161179631328 8.58493300201371 9.43264563893899 8.88973661512136 8.65091401943937 8.91196934925392 8.98010192159563 9.37025054637343 9.43910030368716 9.50221258122474 9.03245642455295 9.34658344229683 9.39857935276814 9.38351846835576 9.57464826339856 9.48213140200824 9.27271339017898 9.24832910113037 9.50508132111281 9.71019622310996 9.71019622310996 10.1032135877758 10.2136600734666 10.231589697767 11.3429395304061 11.1792779197916 11.6071504740976 11.7211828846484 11.6085848440416 11.4178136414848 10.9961088779382 10.9114810512401 10.7400738429278 9.70358218392357 14.2949996804819 -9999 -9999 -9999 -9999 -9999 -9999 -9999 -9999 -9999
-9999 -9999 -9999 -9999 -9999 -9999 -9999 -9999 -9999 -9999 -9999 -9999 -9999 -9999 -9999 -9999 -9999 9.07979063270614 8.74916836060584 8.37479780521244 8.60142825637013 8.67601549346 8.76709798490629 9.0503860488534 9.08337655756623 9.2497634710744 9.53376871999353 9.55743582407013 9.46348459273577 9.45631274301559 9.751792951487 9.78980375500396 9.831400483381 9.99778739688918 9.4010895001702 9.4089785348624 9.53161716507748 9.76255072606727 10.0207373159938 10.1950132641941 10.3370158886537 10.3707235823385 11.1153050202876 11.5311288670637 11.70397044532 11.7240516245365 11.6853236360475 10.8340250742622 10.8117923401296 11.0047150976025 9.60886823206342 15.7099996488541 -9999 -9999 -9999 -9999 -9999 -9999 -9999 -9999 -9999 -9999
-9999 -9999 -9999 -9999 -9999 -9999 -9999 -9999 -9999 -9999 -9999 -9999 -9999 11.7095485506579 9.27988523989916 9.22753073694184 9.313592933584 9.22466199705377 8.86678669601679 8.93276771344244 8.85674610640854 8.85316018154845 8.75705739529803 9.12927639577538 9.54165775468573 9.68652911903337 9.6800744542852 9.68509474908933 10.2877691872418 10.0813394461293 9.5603045639582 9.72812584741041 10.2724692411721 9.44196904357523 9.43336282391101 9.72238836763427 9.84072388801724 10.1613055705093 10.2509536920115 10.3807641719468 10.4976653223857 10.6748100104742 10.4237952702679 11.2053834527731 10.9638355541974 11.822305965703 11.5533616011962 11.0778679647483 10.9537949645892 11.0118869473226 10.8082064152695 10.1937223312445 13.4199997000396 -9999 -9999 -9999 -9999 -9999 -9999 23.15350579035 24.8649994442239 -9999
-9999 -9999 -9999 -9999 -9999 -9999 -9999 -9999 -9999 -9999 9.8449997799471 8.73496809815988 9.51966408221051 9.15581223974004 9.15222631487995 9.48302788322326 9.13501387555152 9.46599474013783 9.60907314205542 9.35016936715692 9.62054810160771 9.71665088785812 9.87730032159016 9.81992552382872 9.72525710752234 9.78550064517185 9.84215825796127 9.80988493422046 9.71880244277418 9.69298378378153 9.58253729809076 9.83498640824109 9.77617724053562 9.46276740776375 9.54596086451784 9.70589311327785 9.95905940840021 10.1792351948097 10.3348643337376 10.4252296402119 10.2961363452487 10.4352702298202 10.4481795593165 10.3348643337376 11.3615863396786 11.4952696184628 11.3798028379679 11.3274483350106 10.6861415330321 10.9100466812961 10.7447921651121 14.7312571111834 9.88535130127604 -9999 -9999 -9999 10.0383083478082 10.3750266921706 10.2172459983267 9.86080506723374 10.5148777617142 17.7899996023625
-9999 -9999 -9999 -9999 -9999 -9999 -9999 20.2051237964131 7.21181065458804 9.34873499721289 9.15509505476803 8.90049438970163 9.12640765588731 9.39104891056195 9.44914089329541 9.44125185860321 9.34873499721289 10.0354396079201 10.0490661223885 10.0637684143148 9.99133273214102 10.0415356801823 10.0221716859378 9.99778739688918 9.97985777258873 9.94256415404379 9.8830378013663 9.8471785527654 9.82279426371679 9.52803124021739 9.73135317978449 9.78980375500396 9.8988158707507 9.96694844309241 9.69728689361364 9.87586595164612 9.61911373166367 10.2796410908923 10.1584368306212 10.4029969060794 10.4553514090367 10.6052430681884 10.4445936344564 10.6497085364535 11.2987609361298 11.542603826616 11.6523331273347 11.425702676177 11.3231452251785 10.9918057681061 10.9215216408484 10.7945799008012 10.4547445602142 9.25119784101844 10.6497085364535 10.3642689175904 10.587313443888 9.99993895180523 10.1763664549217 8.31311989761889 9.38301643887535 14.1488159343114
-9999 -9999 -9999 -9999 -9999 9.13214513566345 9.1221045460552 9.11780143622309 9.35447247698903 9.30642108386382 9.08337655756623 9.5603045639582 9.43766593374312 9.51512191072106 9.47854547714815 9.36020995676517 9.86510817706585 9.82100130128674 10.0056764315814 9.76470228098333 9.89594713086262 10.0501418998465 10.0888698883355 10.0652027842589 10.029343535658 10.1125369924121 9.97447888529859 9.62987150624394 9.94722585636191 9.92104860488325 9.96909999800846 9.95762503845617 9.96909999800846 9.98631243733689 9.83211766835302 9.90240179561079 10.1577196456492 9.34443188738078 9.86654254700989 10.4159062355757 10.4596545188688 10.4553514090367 10.6310617271811 10.8340250742622 10.8347422592342 11.4716025143862 11.6200598035939 11.3905606125481 11.2356486585923 11.1725363810547 10.9667042940855 10.7587206522003 10.6124149179086 10.508423096966 10.5206152414903 10.3915219465271 10.2846613856964 10.3986937962472 10.0250404258259 9.65497298026457 9.72023681271821 8.86420483011752
-9999 -9999 -9999 -9999 -9999 9.35518966196105 9.39463483542204 9.43408000888303 9.33223974285647 9.39822076028213 9.33439129777253 9.46563614765182 9.49288917658851 9.60979032702744 9.59544662758708 9.96515548066236 9.87317650800105 10.1159436210291 9.9307306020055 9.78191472031176 9.84359262790531 9.97340310784057 9.99491865700111 10.3599658077583 10.2265694029629 10.6415326277725 10.4480002630735 10.4870509847999 9.99707021191716 9.78980375500396 9.97412029281259 10.031495090574 10.0264747957699 10.1526993508451 9.91531112510711 10.7853999331594 10.3226721892133 10.2466505821794 10.0594653044827 10.5198980565183 8.67027801368386 10.8584093633108 10.6073946231045 11.5798974451609 11.6014129943214 11.62221135851 11.4300057860091 11.2349314736202 11.4407635605894 11.3109530806541 11.0140385022387 10.9695730339736 10.4761497732252 10.6525772763416 10.8160954499617 10.7285988833755 10.7637409470044 10.5923337386921 10.188558599446 9.6678823097609 9.84574418282136 10.3169347094372
-9999 -9999 -9999 -9999 -9999 9.35877558682114 9.46563614765182 9.4527268181555 9.25263221096247 9.20027770800516 9.19095430336893 9.26625872543082 9.19023711839691 9.76470228098333 9.73027740232646 9.87138354557101 10.430608527502 10.4573595269583 9.69728689361364 9.81275367410854 9.84287544293329 9.96336251823232 9.86510817706585 10.3617587701883 9.55026397434995 10.6466007349081 10.4916409686208 10.3667073464952 9.60644346382469 9.91531112510711 9.9267860846594 9.98750774562359 10.0193029460497 10.3876969600096 10.1715254563605 10.3678548424505 10.3187276718672 10.4958723599557 10.858568737749 11.1289673940046 8.56485182279721 11.2575228002388 10.2724692411721 10.6073946231045 10.4869075478055 11.3095187107101 11.0068666525185 11.0061494675465 10.9710074039176 11.1940519302152 11.2915890864097 10.9172185310163 10.3929563164711 10.4553514090367 10.4897762876935 10.7752159065567 10.7199926637113 10.5421307906508 10.945188744925 10.4847559928894 10.3915219465271 10.2932676053606
-9999 -9999 -9999 -9999 -9999 9.40467542503029 9.50508132111281 9.27414776012301 9.2497634710744 9.09987181192264 8.13167209969833 7.96026489138603 9.751792951487 10.0429700501263 9.68652911903337 10.4718466633931 9.66357919992879 9.82064270880073 9.73314614221454 9.9031189805828 9.85004729265347 9.9031189805828 10.0135654662736 10.0415356801823 10.0752433738671 10.4123203107156 10.8419141089544 10.0525325164199 9.9748374777846 10.1146885473281 10.4310866508167 10.1462446860969 10.2186803682707 10.2509536920115 10.2150944434106 10.3857844667509 10.2122257035226 10.4453108194284 10.5170293166302 10.4116031257436 11.3806634599343 11.1268756045029 10.3671376574785 10.7429425828159 10.3951078713872 11.06782737514 11.3547013639472 11.2722250921652 11.2994781211019 11.3776512830518 11.3762169131078 11.3841059478 11.5648365607485 11.5734427804127 11.1431317972019 10.7917111609131 10.9423200050369 11.0226447219029 10.9545121495612 10.547868270427 10.1218603970483 10.0910214432515
-9999 -9999 -9999 -9999 -9999 9.2497634710744 9.05970945348963 9.34084596252069 8.80510878842324 8.97149570193142 8.87969602551311 8.35041351616383 9.51010161591694 9.73027740232646 9.5724967084825 9.55671863909811 8.65665149921551 9.1221045460552 9.89307839097455 9.94112978409976 9.94615007890388 9.88949246611446 10.0035248766653 10.0451216050424 9.6879634889774 10.4144718656316 10.9851120417006 8.5684377476573 9.62006997829303 10.4957186774617 10.639428885188 10.3466978857759 10.3183690793812 9.68993574765045 10.7677571828477 10.8697408858687 10.9773186316714 10.749397247564 10.2401959174313 10.3348643337376 11.160917984508 10.5751212993637 10.4596545188688 11.4373210727237 10.9294106755406 11.2205877741799 11.0190587970428 11.2772453869693 11.3202764852904 11.3331858147867 11.2844172366895 11.3475295142271 11.2313455487601 11.0599383404478 11.144566167146 11.225608068984 10.7329019932076 10.945188744925 10.8713186928071 10.5600604149513 10.1720633450896 10.1175572872162
