EcologicalScience/Bass/data/rs_data_bass/sst_62.asc
NCOLS 226 
NROWS 124 
XLLCORNER -9.41648524995501 
YLLCORNER 47.587301625531 
CELLSIZE 0.0833 
NODATA_value -9999 
[rows 54 to 80 of 124, columns 124 to 185 of 226]
8.95499979984015 8.95499979984015 9.06499979738146 9.0449997978285 8.99499979894608 8.87499980162829 8.88999980129302 8.78499980363995 8.84999980218709 8.86499980185181 8.8399998024106 8.89499980118126 8.77999980375171 8.57999980822206 8.57499980833381 8.54499980900437 8.72999980486929 8.77999980375171 8.79499980341643 8.6699998062104 8.54999980889261 8.21166648312161 8.18999981693923 8.04333315355082 7.9066664899389 7.90499982330948 7.86999982409179 7.87666649060945 7.83999982476234 8.42999981157482 8.24999981559813 8.15999981760979 8.21999981626868 8.30999981425703 7.95499982219189 7.85999982431531 7.95999982208014 8.30999981425703 8.44499981123954 8.27499981503934 8.2949998145923 8.15999981760979 8.42999981157482 8.62999980710447 8.86499980185181 9.23499979358166 9.47499978821725 9.5299997869879 9.92499977815896 10.174999772571 10.1649997727945 10.1349997734651 12.5245451746 10.8099997583777 10.8099997583777 11.8774997345172 10.6399997621775 10.6599997617304 12.2457140120012 13.1083330403393 12.655714002837 11.9983330651497
9.02499979827553 9.25499979313463 9.22499979380518 9.19499979447573 9.08999979682267 9.01999979838729 8.9849997991696 8.96999979950488 8.95499979984015 8.96999979950488 8.94499980006367 8.82499980274588 8.7549998043105 8.63499980699271 8.73499980475754 8.5249998094514 8.5249998094514 8.44999981112778 8.36999981291592 8.46999981068075 8.1499998178333 8.11499981861562 8.10999981872737 8.22499981615692 8.22499981615692 7.9066664899389 7.5799998305738 8.42499981168658 8.3799998126924 8.41499981191009 8.18999981693923 8.14499981794506 8.41499981191009 8.43499981146306 8.44999981112778 8.3799998126924 8.30499981436878 8.32999981380999 8.41499981191009 8.38999981246889 8.41999981179833 8.37499981280416 8.61999980732799 8.91999980062246 9.14999979548156 9.48499978799373 9.70999978296459 9.75499978195876 9.96499977726489 10.9299997556955 11.4149997448549 9.39699978996068 12.7699997145683 11.4749997435138 11.7399997375906 11.6587497394066 14.0388633225706 21.9245117050709 -9999 -9999 -9999 -9999
9.14499979559332 9.16999979503453 9.23999979346991 9.23999979346991 9.14999979548156 9.11999979615211 9.08499979693443 9.05999979749322 9.03499979805201 8.9249998005107 8.88999980129302 8.78499980363995 8.69499980565161 8.65999980643392 8.56999980844557 8.6099998075515 8.66499980632216 8.57999980822206 8.33499981369823 8.25499981548637 8.16999981738627 8.20499981660396 7.79999982565641 7.87499982398003 7.49666649910311 8.04249982023612 7.87833315723886 8.38999981246889 8.37499981280416 8.41499981191009 8.44499981123954 8.48999981023371 8.53999980911613 8.22499981615692 8.35999981313944 8.55999980866909 8.45499981101602 8.69999980553985 8.61499980743974 8.51999980956316 8.72499980498105 8.94999979995191 9.16999979503453 9.42499978933483 9.64999978430569 9.72999978251755 10.1649997727945 10.3249997692183 12.0724997301586 11.9087497338187 11.3849997455254 13.0879997074604 11.9549997327849 11.4499997440726 11.6835291506175 -9999 -9999 -9999 -9999 -9999 -9999 -9999
9.19499979447573 9.30999979190528 9.3849997902289 9.28999979235232 9.18999979458749 9.09999979659915 9.07499979715794 9.1549997953698 9.16499979514629 9.01499979849905 8.96499979961663 8.85499980207533 8.7549998043105 8.71999980509281 8.63999980688095 8.62499980721623 8.62999980710447 8.40499981213361 8.33999981358647 8.24999981559813 8.18999981693923 8.11999981850386 7.82499982509762 7.74499982688576 7.83999982476234 7.894999823533 7.83999982476234 7.37166650189708 8.43499981146306 8.5249998094514 8.54999980889261 8.58999980799854 8.64999980665743 8.70499980542809 8.71499980520457 8.67499980609864 8.64999980665743 8.4399998113513 8.61499980743974 8.72999980486929 8.97999979928136 9.19499979447573 9.35499979089946 9.59499978553504 9.73999978229403 9.87499977927655 9.95499977748841 11.3387497465592 11.6324997399934 11.8512497351039 11.4899997431785 11.2299997489899 10.9299997556955 10.9299997556955 13.6239996954799 -9999 -9999 -9999 -9999 -9999 -9999 -9999
9.65999978408217 9.51499978732318 9.48999978788197 9.4449997888878 9.34999979101121 9.26999979279935 9.15999979525805 9.10999979637563 9.13999979570508 9.1549997953698 9.0699997972697 8.89499980118126 8.87999980151653 8.67999980598688 8.57499980833381 8.54499980900437 8.53499980922788 8.50499980989844 8.38499981258065 8.29999981448054 8.24999981559813 8.08999981917441 7.82499982509762 7.80499982554466 7.82499982509762 8.05999981984496 8.05999981984496 7.96499982196838 8.1249998183921 8.46999981068075 8.5249998094514 8.64499980676919 8.60499980766326 8.64499980676919 8.76999980397522 8.80499980319291 8.67499980609864 8.40499981213361 7.95999982208014 8.18499981705099 8.55999980866909 8.90999980084598 9.02999979816377 9.45499978866428 9.73499978240579 9.87499977927655 10.6987497608643 11.397499745246 11.5324997422285 11.7549997372553 11.3999997451901 12.4049997227266 12.4049997227266 11.7349997377023 15.2549996590242 -9999 -9999 -9999 -9999 -9999 -9999 -9999
10.3035711982687 10.4703843813533 9.8199997805059 9.78249978134409 9.38999979011714 9.63499978464097 9.31999979168177 9.30999979190528 9.18999979458749 9.14499979559332 9.08999979682267 8.85999980196357 8.76499980408698 8.84999980218709 8.79999980330467 8.8399998024106 8.80499980319291 8.74499980453402 8.66499980632216 8.45499981101602 8.30999981425703 8.07999981939793 7.81499982532114 7.62499982956797 7.67999982833862 7.70999982766807 7.85999982431531 7.95999982208014 8.05999981984496 8.42999981157482 8.72999980486929 8.49999981001019 8.32499981392175 8.43499981146306 8.72999980486929 8.69999980553985 8.42499981168658 8.2099998164922 8.16999981738627 8.26499981526285 8.54499980900437 8.7549998043105 8.66499980632216 8.92999980039895 9.68499978352338 7.68499982822686 11.805416402795 11.9174997336231 11.9099997337908 11.3599997460842 11.6899997387081 11.789999736473 12.5199997201562 11.6499997396022 18.7114281531956 -9999 23.7447889405303 -9999 -9999 -9999 -9999 -9999
-9999 -9999 -9999 -9999 -9999 11.1176920591925 9.22249979386106 9.3599997907877 9.34999979101121 9.27499979268759 9.14499979559332 9.01999979838729 8.86499980185181 8.79999980330467 8.77499980386347 8.81999980285764 8.8399998024106 8.71999980509281 8.53999980911613 8.30499981436878 8.21499981638044 8.08999981917441 7.75999982655048 7.77499982621521 7.81999982520938 7.86499982420355 7.894999823533 7.894999823533 7.96999982185662 8.3549998132512 8.42499981168658 8.54499980900437 8.61499980743974 8.59999980777502 8.69499980565161 8.69999980553985 8.45999981090426 8.90499980095774 8.2699998151511 8.34499981347471 9.18999979458749 9.05499979760498 8.25999981537461 7.84999982453883 7.53499983157963 7.25999983772635 -9999 17.8323072937246 18.214999592863 11.0624997527339 11.5287497423124 11.8774997345172 12.1666663947205 10.5949997631833 5.37499987985939 5.37499987985939 -9999 -9999 -9999 -9999 -9999 -9999
-9999 -9999 -9999 -9999 -9999 -9999 -9999 9.47833312147607 9.41499978955835 9.38999979011714 9.37999979034066 9.2149997940287 9.01999979838729 8.85999980196357 8.8399998024106 8.8149998029694 8.75999980419874 8.70499980542809 8.43499981146306 8.18999981693923 8.19499981682748 8.02999982051551 8.07499981950969 7.90999982319772 7.94499982241541 7.90499982330948 7.89999982342124 7.88999982364476 7.99999982118607 8.28499981481582 8.41999981179833 8.59999980777502 8.74499980453402 8.79499980341643 8.83499980252236 8.80999980308115 8.6099998075515 8.57999980822206 8.96999979950488 8.96999979950488 9.05999979749322 9.1299997959286 9.0449997978285 7.3749998351559 9.80499978084117 9.37499979045242 -9999 -9999 -9999 -9999 -9999 -9999 -9999 -9999 -9999 -9999 -9999 -9999 -9999 -9999 -9999 -9999
-9999 -9999 -9999 -9999 -9999 -9999 -9999 -9999 11.9374997331761 9.66124978405423 9.36999979056418 9.28499979246408 9.16499979514629 9.09499979671091 9.05999979749322 9.00999979861081 8.99499979894608 8.81999980285764 8.39499981235713 8.17999981716275 8.0649998197332 8.0649998197332 8.06999981962144 8.02999982051551 8.03499982040375 8.11499981861562 8.15499981772155 8.06999981962144 8.13999981805682 8.11999981850386 8.50999980978668 8.62999980710447 9.1299997959286 8.80999980308115 8.82999980263412 8.74999980442226 8.67999980598688 8.82999980263412 8.64499980676919 8.96999979950488 8.9249998005107 9.2149997940287 9.28499979246408 9.72499978262931 10.1449997732416 15.7749996474013 -9999 -9999 -9999 -9999 -9999 -9999 -9999 -9999 -9999 -9999 -9999 -9999 -9999 -9999 -9999 -9999
-9999 -9999 -9999 -9999 -9999 -9999 -9999 -9999 -9999 9.80374978086911 9.11666646289329 9.09999979659915 9.09999979659915 9.09499979671091 9.15999979525805 9.11499979626387 9.01999979838729 8.48499981034547 8.05999981984496 8.05499981995672 7.93499982263893 7.95499982219189 7.90499982330948 7.90499982330948 7.91499982308596 7.87499982398003 7.81499982532114 7.85999982431531 8.19999981671572 8.30499981436878 8.45999981090426 8.61499980743974 8.71499980520457 8.79999980330467 8.84999980218709 8.82999980263412 8.69999980553985 8.80499980319291 8.78999980352819 8.71999980509281 9.32499979157001 9.53999978676438 9.22999979369342 10.0199997760355 10.2549997707829 -9999 -9999 -9999 -9999 -9999 -9999 -9999 -9999 -9999 -9999 -9999 -9999 -9999 -9999 -9999 -9999 -9999
-9999 -9999 -9999 -9999 -9999 -9999 -9999 -9999 -9999 9.51499978732318 9.18166646144042 8.3674998129718 8.32749981386587 8.23249981598929 8.91499980073422 8.96499979961663 8.8399998024106 8.1249998183921 7.96499982196838 8.08499981928617 7.91499982308596 7.9799998216331 7.88499982375652 7.89999982342124 7.86999982409179 7.85999982431531 7.93499982263893 7.96999982185662 8.09999981895089 8.18999981693923 8.33499981369823 8.51999980956316 8.5249998094514 8.70999980531633 8.78499980363995 8.72999980486929 8.8149998029694 9.05999979749322 8.9849997991696 9.26499979291111 9.79999978095293 9.83499978017062 9.97499977704138 9.95499977748841 9.73499978240579 -9999 25.0349994404241 25.0349994404241 -9999 -9999 -9999 -9999 -9999 -9999 -9999 -9999 -9999 -9999 -9999 -9999 -9999 -9999
-9999 -9999 -9999 -9999 -9999 -9999 -9999 -9999 -9999 11.8563155244644 10.3240906783295 8.6699998062104 7.82999982498586 8.01249982090667 8.44166647798071 8.65249980660155 8.44999981112778 8.2699998151511 8.31999981403351 8.00499982107431 8.00999982096255 8.00999982096255 7.98999982140958 8.08999981917441 8.32499981392175 8.32499981392175 8.10499981883913 8.1249998183921 8.18999981693923 8.2099998164922 8.27999981492758 8.47499981056899 8.48499981034547 8.80499980319291 9.00499979872257 9.14499979559332 9.1299997959286 9.12499979604036 8.87999980151653 9.07499979715794 9.12499979604036 9.17499979492277 9.68499978352338 9.98499977681786 10.0849997745827 -9999 -9999 -9999 -9999 -9999 -9999 -9999 -9999 -9999 -9999 -9999 -9999 -9999 -9999 -9999 -9999 -9999
-9999 -9999 -9999 -9999 -9999 -9999 -9999 -9999 -9999 9.16833312840511 9.18166646144042 9.32666645819942 9.25833312639346 8.84999980218709 8.66499980632216 8.64499980676919 8.5249998094514 8.4399998113513 8.45499981101602 8.40499981213361 8.3799998126924 8.34999981336296 8.36999981291592 8.45499981101602 8.53499980922788 8.42499981168658 8.32499981392175 8.21499981638044 8.2699998151511 8.30999981425703 8.28499981481582 8.50499980989844 8.76999980397522 8.98999979905784 9.09999979659915 9.17999979481101 9.29499979224056 9.42499978933483 9.37999979034066 9.1549997953698 9.05499979760498 10.3299997691065 10.3299997691065 9.83499978017062 -9999 -9999 -9999 -9999 -9999 -9999 -9999 -9999 -9999 -9999 -9999 -9999 -9999 -9999 -9999 -9999 -9999 -9999
-9999 -9999 -9999 -9999 -9999 -9999 -9999 -9999 9.76833311499407 9.52833312035849 9.27999979257584 9.08999979682267 9.03166646479318 8.77499980386347 8.28999981470406 8.57999980822206 8.59499980788678 8.59999980777502 8.56999980844557 8.76999980397522 8.76499980408698 8.74999980442226 8.65999980643392 8.45499981101602 8.31999981403351 8.42499981168658 8.23499981593341 8.27499981503934 8.28499981481582 8.36499981302768 8.44499981123954 8.47999981045723 8.76999980397522 8.97999979928136 9.09499979671091 9.1299997959286 9.36499979067594 9.51499978732318 9.62999978475273 9.5299997869879 9.29499979224056 9.79833311432352 9.53249978693202 -9999 -9999 -9999 -9999 -9999 -9999 -9999 -9999 -9999 -9999 -9999 -9999 -9999 -9999 -9999 -9999 -9999 -9999 -9999
-9999 -9999 -9999 -9999 -9999 -9999 -9999 -9999 10.2184613100611 9.3599997907877 9.32499979157001 9.27499979268759 8.73333313812812 8.88499980140477 8.85999980196357 8.59999980777502 8.78999980352819 8.87499980162829 8.93499980028719 8.99499979894608 8.98999979905784 8.78499980363995 8.83499980252236 8.58999980799854 8.5249998094514 8.4399998113513 8.24999981559813 8.33999981358647 8.47499981056899 8.59499980788678 8.5249998094514 8.56499980855733 8.78999980352819 9.02499979827553 9.13999979570508 9.16499979514629 9.2149997940287 9.41499978955835 9.96499977726489 9.9299997780472 9.44999978877604 9.99699977654964 11.0044115187381 -9999 -9999 -9999 -9999 -9999 -9999 -9999 -9999 -9999 -9999 -9999 -9999 -9999 -9999 -9999 -9999 -9999 -9999 -9999
-9999 -9999 -9999 -9999 -9999 -9999 -9999 11.074843502458 10.4899997655302 10.3949997676536 8.89166646792243 8.91666646736364 8.82999980263412 9.19999979436398 8.95499979984015 9.24999979324639 8.82499980274588 9.12499979604036 9.05499979760498 9.01999979838729 9.05999979749322 9.17499979492277 8.71999980509281 8.69499980565161 8.70499980542809 8.62999980710447 8.74499980453402 8.75999980419874 8.91999980062246 9.00999979861081 9.05833313086381 9.17333312829336 9.18499979469925 9.11999979615211 9.78499978128821 9.85499977972358 10.1149997739121 10.2399997711182 10.4049997674301 10.5549997640774 10.7099997606128 10.945499755349 -9999 -9999 -9999 -9999 -9999 -9999 -9999 -9999 -9999 -9999 -9999 -9999 -9999 -9999 -9999 -9999 -9999 -9999 -9999 -9999
-9999 -9999 -9999 3.8400372271426 -9999 8.93667107167681 11.968999732472 10.0829997746274 10.2199997715652 9.00833313198139 8.93499980028719 9.22499979380518 9.06499979738146 8.99833313220491 9.38999979011714 9.32499979157001 9.32499979157001 9.28499979246408 8.93499980028719 8.94499980006367 8.94999979995191 8.90499980095774 8.88499980140477 8.86499980185181 8.84499980229884 9.25499979313463 9.25499979313463 8.77999980375171 9.17499979492277 9.17499979492277 9.19833312773456 9.1299997959286 9.04999979771674 9.63499978464097 9.78499978128821 9.614999785088 10.0399997755885 10.7599997594953 10.6599997617304 10.0649997750297 13.2949997028336 -9999 -9999 -9999 -9999 -9999 -9999 -9999 -9999 -9999 -9999 -9999 -9999 -9999 -9999 -9999 -9999 -9999 -9999 -9999 -9999 -9999
-9999 -9999 3.88019958557561 -9999 12.6316663843269 11.9549997327849 10.8699997570366 10.8699997570366 10.214999771677 10.1449997732416 10.0399997755885 9.40166645652304 9.1299997959286 9.13499979581684 9.22499979380518 9.33999979123473 9.33999979123473 8.9483331333225 8.93999980017543 9.24499979335815 9.2149997940287 9.12499979604036 9.07499979715794 9.01499979849905 9.02999979816377 8.99999979883432 8.99999979883432 9.34499979112297 9.34499979112297 9.05499979760498 9.1549997953698 9.05499979760498 9.25499979313463 9.60499978531152 9.73999978229403 10.6499997619539 10.8699997570366 10.6899997610599 18.8086788248763 -9999 -9999 -9999 -9999 -9999 -9999 -9999 -9999 -9999 -9999 -9999 -9999 -9999 -9999 -9999 -9999 -9999 -9999 -9999 -9999 -9999 -9999 -9999
16.7749996250495 16.7749996250495 -9999 12.6223681389207 10.4761536119936 10.6249997625127 10.4049997674301 10.1199997738004 10.1849997723475 10.0049997763708 9.73499978240579 9.759999781847 9.29166645898173 9.02999979816377 9.43833312237014 9.3849997902289 9.43499978911132 9.81499978061765 9.08499979693443 9.10999979637563 8.87999980151653 9.50499978754669 9.45999978855252 9.43999978899956 9.43999978899956 9.45499978866428 9.45499978866428 9.43999978899956 9.46499978844076 9.38999979011714 9.31999979168177 9.25999979302287 9.97499977704138 10.2749997703359 10.7949997587129 10.8249997580424 10.7949997587129 11.2899997476488 -9999 -9999 -9999 -9999 -9999 -9999 -9999 -9999 -9999 -9999 -9999 -9999 -9999 -9999 -9999 -9999 -9999 -9999 -9999 -9999 -9999 -9999 -9999 -9999
12.0921425868624 14.4184087686325 11.3899997454137 11.3899997454137 9.89833311208834 11.6649997392669 9.81333311398824 10.5999997630715 10.5999997630715 10.339999768883 10.2399997711182 9.46499978844076 9.57333311935266 9.57499978598207 9.17166646166394 9.43499978911132 9.75499978195876 9.75499978195876 9.39833312326421 9.28166645920525 9.65499978419393 9.45999978855252 9.51999978721142 9.68999978341162 9.54499978665262 9.54999978654087 9.51999978721142 9.55999978631735 9.614999785088 9.83999978005886 10.0149997761473 10.0749997748062 10.1399997733533 10.8749997569248 11.2799997478724 11.354999746196 5.32446796609525 5.32446796609525 13.2399997040629 13.2399997040629 -9999 -9999 -9999 -9999 -9999 -9999 -9999 -9999 -9999 -9999 -9999 -9999 -9999 -9999 -9999 -9999 -9999 -9999 -9999 -9999 -9999 -9999
11.5799997411668 11.5199997425079 11.6699997391552 11.354999746196 11.1749997502193 11.044999753125 10.9799997545779 10.3099997695535 10.1199997738004 10.2049997719005 10.2299997713417 9.87499977927655 9.87499977927655 9.27499979268759 9.33499979134649 9.64833311767628 9.62166645160566 9.61166645182917 9.81499978061765 9.81499978061765 9.46499978844076 9.71499978285283 9.79499978106469 9.85999977961183 9.6999997831881 9.56499978620559 9.80499978084117 10.0999997742474 10.1249997736886 10.2199997715652 10.214999771677 10.3099997695535 10.7449997598305 11.0049997540191 11.1949997497723 12.8649997124448 8.10974981873296 6.9052437480948 6.8855486265838 -9999 -9999 -9999 -9999 -9999 -9999 -9999 -9999 -9999 -9999 -9999 -9999 -9999 -9999 -9999 -9999 -9999 -9999 -9999 -9999 -9999 -9999 -9999
11.1583330839251 11.1716664169605 11.0199997536838 11.0033330873897 10.7099997606128 10.408333100689 9.64499978441745 9.61666645171742 9.13833312907567 9.54666645328204 9.48124978807755 9.95499977748841 9.34333312449356 9.44166645562897 9.74999978207052 9.904999778606 9.89999977871776 9.71833311611166 10.4999997653067 9.99999977648258 9.59999978542328 9.79999978095293 9.9899997767061 9.73999978229403 10.1349997734651 10.1699997726828 10.0849997745827 10.3649997683242 10.504999765195 10.4799997657537 10.3499997686595 10.7099997606128 10.9799997545779 11.209999749437 10.8037497585174 10.9024997563101 14.9892853792491 -9999 -9999 -9999 -9999 -9999 -9999 -9999 -9999 -9999 -9999 -9999 -9999 -9999 -9999 -9999 -9999 -9999 -9999 -9999 -9999 -9999 -9999 -9999 -9999 -9999
11.3466664130489 11.4699997436255 11.5019997429103 10.2616664373005 10.0249997759238 10.0449997754768 10.1399997733533 10.4449997665361 9.74333311555286 9.759999781847 9.85249977977946 9.56166645294676 9.03499979805201 9.50333312091728 9.42499978933483 9.49999978765845 9.76499978173524 9.85166644646476 9.29499979224056 9.58499978575855 9.5899997856468 9.67999978363514 10.2549997707829 10.3799997679889 10.1999997720122 10.5449997643009 10.7449997598305 10.7149997605011 10.7149997605011 10.8699997570366 10.9649997549132 10.4342854810613 -9999 -9999 -9999 13.6052278061397 -9999 -9999 -9999 -9999 -9999 -9999 -9999 -9999 -9999 -9999 -9999 -9999 -9999 -9999 -9999 -9999 -9999 -9999 -9999 -9999 -9999 -9999 -9999 -9999 -9999 -9999
11.5199997425079 11.1287497512531 11.6599997393787 11.5233330757668 10.4616664328302 9.63374978466891 10.2699997704476 10.2699997704476 10.1699997726828 9.65833311745276 9.15333312874039 10.4249997669831 10.4249997669831 10.0899997744709 9.66999978385866 9.66999978385866 9.65499978419393 9.65499978419393 9.33499979134649 10.339999768883 9.90999977849424 10.174999772571 10.1299997735769 10.4299997668713 10.9099997561425 11.0349997533485 11.0749997524545 11.5549997417256 11.604999740608 11.624999740161 11.5499997418374 11.6099997404963 11.2649997482076 12.5611761898241 -9999 -9999 -9999 -9999 -9999 -9999 -9999 -9999 -9999 -9999 -9999 -9999 -9999 -9999 -9999 -9999 -9999 -9999 -9999 -9999 -9999 -9999 -9999 -9999 -9999 -9999 -9999 -9999
11.459999743849 11.5316664089138 11.6133330737551 11.4733330768843 10.4764283372621 10.1003569170966 10.339374768897 11.1649997504428 11.1149997515604 10.5699997637421 10.5649997638538 9.00999979861081 8.70374980545603 8.76499980408698 8.12166648513327 8.81333313633998 8.25749981543049 9.13999979570508 9.13249979587272 9.72999978251755 10.6349997622892 10.8099997583777 11.0399997532368 11.1999997496605 11.5649997415021 11.7299997378141 11.8599997349083 11.5999997407198 11.5699997413903 11.5699997413903 11.644999739714 11.6849997388199 12.7320585389457 11.5049997428432 11.5049997428432 4.99999988824129 -9999 -9999 -9999 -9999 -9999 -9999 -9999 -9999 -9999 -9999 -9999 -9999 -9999 -9999 -9999 -9999 -9999 -9999 -9999 -9999 -9999 -9999 -9999 -9999 -9999 -9999
-9999 -9999 -9999 -9999 7.15999983996153 11.8309997355565 10.8899997565895 10.7499997597188 10.7949997587129 10.5449997643009 10.0199997760355 10.1249997736886 10.1849997723475 8.86124980193563 9.28374979249202 10.1799997724593 9.759999781847 9.26999979279935 10.5549997640774 10.7299997601658 10.9249997558072 11.3799997456372 11.5649997415021 12.059999730438 12.0649997303262 12.0499997306615 11.0799997523427 -9999 -9999 -9999 -9999 -9999 -9999 -9999 -9999 -9999 -9999 -9999 -9999 -9999 -9999 -9999 -9999 -9999 -9999 -9999 -9999 -9999 -9999 -9999 -9999 -9999 -9999 -9999 -9999 -9999 -9999 -9999 -9999 -9999 -9999 -9999
-9999 -9999 -9999 -9999 -9999 10.3903843831414 9.64333311778804 9.57333311935266 10.8599997572601 9.99999977648258 10.0199997760355 10.174999772571 9.48999978788197 9.91499977838248 10.1099997740239 9.95499977748841 9.95499977748841 10.6249997625127 10.6249997625127 10.2499997708946 10.2499997708946 12.079999729991 12.1749997278675 12.184999727644 12.184999727644 -9999 -9999 -9999 -9999 -9999 -9999 -9999 -9999 -9999 -9999 -9999 -9999 -9999 -9999 -9999 -9999 -9999 -9999 -9999 -9999 -9999 -9999 -9999 -9999 -9999 -9999 -9999 -9999 -9999 -9999 -9999 -9999 -9999 -9999 -9999 -9999 -9999
